18
13_1_0     0.00000000  0.05546285  0.00000000  0.30795790  0.30795790  0.44767093  0.44767093  0.42022721  1.00477677  0.92069531  0.92069531  1.09965280  1.09965280  0.62005351  0.49084492  0.49084492  0.53669509  0.50581483  
14_8_0     0.05546285  0.00000000  0.05546285  0.28516445  0.28516445  0.42022721  0.42022721  0.39376510  0.92069531  0.92069531  0.84520112  1.00477677  1.00477677  0.65621722  0.52109387  0.52109387  0.56892050  0.53669509  
14_1_0     0.00000000  0.05546285  0.00000000  0.30795790  0.30795790  0.44767093  0.44767093  0.42022721  1.00477677  0.92069531  0.92069531  1.09965280  1.09965280  0.62005351  0.49084492  0.49084492  0.53669509  0.50581483  
14_4_0     0.30795790  0.28516445  0.30795790  0.00000000  0.00000000  0.33147589  0.33147589  0.25223911  1.09965280  0.92069531  1.03507023  1.06665710  1.00477677  0.62005351  0.56892050  0.56892050  0.58557527  0.58557527  
13_4_0     0.30795790  0.28516445  0.30795790  0.00000000  0.00000000  0.33147589  0.33147589  0.25223911  1.09965280  0.92069531  1.03507023  1.06665710  1.00477677  0.62005351  0.56892050  0.56892050  0.58557527  0.58557527  
7_4_0      0.44767093  0.42022721  0.44767093  0.33147589  0.33147589  0.00000000  0.21050077  0.17099170  1.00477677  1.00477677  1.00477677  0.94767459  0.92069531  0.86951992  0.73432244  0.73432244  0.73432244  0.79883753  
9_4_0      0.44767093  0.42022721  0.44767093  0.33147589  0.33147589  0.21050077  0.00000000  0.12439902  1.00477677  1.03507023  1.03507023  0.97567496  0.94767459  0.77670155  0.73432244  0.73432244  0.71400968  0.77670155  
9_6_0      0.42022721  0.39376510  0.42022721  0.25223911  0.25223911  0.17099170  0.12439902  0.00000000  0.97567496  0.97567496  0.97567496  0.97567496  0.94767459  0.79883753  0.73432244  0.73432244  0.67498425  0.77670155  
9_3_0      1.00477677  0.92069531  1.00477677  1.09965280  1.09965280  1.00477677  1.00477677  0.97567496  0.00000000  0.14268555  0.04728048  0.11542249  0.13348579  0.73432244  0.60261358  0.60261358  0.62005351  0.62005351  
9_5_0      0.92069531  0.92069531  0.92069531  0.92069531  0.92069531  1.00477677  1.03507023  0.97567496  0.14268555  0.00000000  0.13348579  0.18067295  0.20042397  0.65621722  0.56892050  0.56892050  0.60261358  0.55263237  
7_3_0      0.92069531  0.84520112  0.92069531  1.03507023  1.03507023  1.00477677  1.03507023  0.97567496  0.04728048  0.13348579  0.00000000  0.08056732  0.09778968  0.75520862  0.62005351  0.62005351  0.58557527  0.60261358  
14_3_0     1.09965280  1.00477677  1.09965280  1.06665710  1.06665710  0.94767459  0.97567496  0.97567496  0.11542249  0.18067295  0.08056732  0.00000000  0.03118228  0.75520862  0.65621722  0.65621722  0.62005351  0.67498425  
13_3_0     1.09965280  1.00477677  1.09965280  1.00477677  1.00477677  0.92069531  0.94767459  0.94767459  0.13348579  0.20042397  0.09778968  0.03118228  0.00000000  0.73432244  0.63791445  0.63791445  0.60261358  0.65621722  
9_0_0      0.62005351  0.65621722  0.62005351  0.62005351  0.62005351  0.86951992  0.77670155  0.79883753  0.73432244  0.65621722  0.75520862  0.75520862  0.73432244  0.00000000  0.11542249  0.11542249  0.15200113  0.14268555  
7_0_0      0.49084492  0.52109387  0.49084492  0.56892050  0.56892050  0.73432244  0.73432244  0.73432244  0.60261358  0.56892050  0.62005351  0.65621722  0.63791445  0.11542249  0.00000000  0.00000000  0.08056732  0.04728048  
13_0_0     0.49084492  0.52109387  0.49084492  0.56892050  0.56892050  0.73432244  0.73432244  0.73432244  0.60261358  0.56892050  0.62005351  0.65621722  0.63791445  0.11542249  0.00000000  0.00000000  0.08056732  0.04728048  
14_7_0     0.53669509  0.56892050  0.53669509  0.58557527  0.58557527  0.73432244  0.71400968  0.67498425  0.62005351  0.60261358  0.58557527  0.62005351  0.60261358  0.15200113  0.08056732  0.08056732  0.00000000  0.06373673  
14_0_0     0.50581483  0.53669509  0.50581483  0.58557527  0.58557527  0.79883753  0.77670155  0.77670155  0.62005351  0.55263237  0.60261358  0.67498425  0.65621722  0.14268555  0.04728048  0.04728048  0.06373673  0.00000000  

