20
2_0_0      0.00000000  0.01650959  0.27346885  0.72313493  0.74518075  0.76790458  0.77953402  0.76790458  0.76790458  0.73407563  0.73407563  0.82797329  0.74518075  0.68092342  0.70172780  0.71235385  0.70172780  0.81556256  0.67073683  0.75645532  
1_0_0      0.01650959  0.00000000  0.27346885  0.70172780  0.72313493  0.74518075  0.75645532  0.76790458  0.76790458  0.73407563  0.73407563  0.80335682  0.71235385  0.65077549  0.67073683  0.68092342  0.67073683  0.77953402  0.64099345  0.72313493  
3_0_0      0.27346885  0.27346885  0.00000000  0.64099345  0.63133921  0.63133921  0.74518075  0.79134942  0.80335682  0.76790458  0.81556256  0.75645532  0.64099345  0.56707622  0.60311098  0.60311098  0.66068876  0.69125240  0.59393621  0.70172780  
12_0_0     0.72313493  0.70172780  0.64099345  0.00000000  0.02490480  0.08650396  0.14870049  0.75645532  0.75645532  0.77953402  0.84059603  0.71235385  0.79134942  0.75645532  0.82797329  0.80335682  0.71235385  0.71235385  0.73407563  0.81556256  
10_0_0     0.74518075  0.72313493  0.63133921  0.02490480  0.00000000  0.11456113  0.17408900  0.74518075  0.74518075  0.75645532  0.81556256  0.69125240  0.79134942  0.75645532  0.81556256  0.77953402  0.72313493  0.70172780  0.72313493  0.79134942  
13_0_0     0.76790458  0.74518075  0.63133921  0.08650396  0.11456113  0.00000000  0.18975165  0.80335682  0.80335682  0.79134942  0.84059603  0.71235385  0.74518075  0.74518075  0.79134942  0.80335682  0.76790458  0.76790458  0.77953402  0.85343815  
4_0_0      0.77953402  0.75645532  0.74518075  0.14870049  0.17408900  0.18975165  0.00000000  0.82797329  0.85343815  0.85343815  0.89336048  0.76790458  0.89336048  0.87981197  0.95018426  0.95018426  0.79134942  0.87981197  0.85343815  0.89336048  
11_0_0     0.76790458  0.76790458  0.79134942  0.75645532  0.74518075  0.80335682  0.82797329  0.00000000  0.06391024  0.11934268  0.10039939  0.30362376  0.85343815  0.85343815  0.81556256  0.82797329  0.81556256  0.86650740  0.81556256  0.84059603  
6_0_0      0.76790458  0.76790458  0.80335682  0.75645532  0.74518075  0.80335682  0.85343815  0.06391024  0.00000000  0.08650396  0.05947323  0.26758278  0.82797329  0.82797329  0.84059603  0.80335682  0.80335682  0.84059603  0.84059603  0.81556256  
17_0_0     0.73407563  0.73407563  0.76790458  0.77953402  0.75645532  0.79134942  0.85343815  0.11934268  0.08650396  0.00000000  0.03767921  0.29749353  0.84059603  0.81556256  0.86650740  0.81556256  0.84059603  0.82797329  0.82797329  0.79134942  
14_0_0     0.73407563  0.73407563  0.81556256  0.84059603  0.81556256  0.84059603  0.89336048  0.10039939  0.05947323  0.03767921  0.00000000  0.29141374  0.82797329  0.80335682  0.82797329  0.80335682  0.82797329  0.79134942  0.81556256  0.77953402  
5_0_0      0.82797329  0.80335682  0.75645532  0.71235385  0.69125240  0.71235385  0.76790458  0.30362376  0.26758278  0.29749353  0.29141374  0.00000000  0.70172780  0.75645532  0.68092342  0.70172780  0.67073683  0.69125240  0.69125240  0.74518075  
15_0_0     0.74518075  0.71235385  0.64099345  0.79134942  0.79134942  0.74518075  0.89336048  0.85343815  0.82797329  0.84059603  0.82797329  0.70172780  0.00000000  0.10508988  0.15370889  0.11456113  0.20038094  0.16894104  0.11456113  0.19504718  
8_0_0      0.68092342  0.65077549  0.56707622  0.75645532  0.75645532  0.74518075  0.87981197  0.85343815  0.82797329  0.81556256  0.80335682  0.75645532  0.10508988  0.00000000  0.09573849  0.11456113  0.21116536  0.16382869  0.09573849  0.16382869  
20_0_0     0.70172780  0.67073683  0.60311098  0.82797329  0.81556256  0.79134942  0.95018426  0.81556256  0.84059603  0.86650740  0.82797329  0.68092342  0.15370889  0.09573849  0.00000000  0.14870049  0.21661718  0.20575348  0.13387580  0.21661718  
19_0_0     0.71235385  0.68092342  0.60311098  0.80335682  0.77953402  0.80335682  0.95018426  0.82797329  0.80335682  0.81556256  0.80335682  0.70172780  0.11456113  0.11456113  0.14870049  0.00000000  0.16894104  0.14870049  0.07286500  0.13878439  
16_0_0     0.70172780  0.67073683  0.66068876  0.71235385  0.72313493  0.76790458  0.79134942  0.81556256  0.80335682  0.84059603  0.82797329  0.67073683  0.20038094  0.21116536  0.21661718  0.16894104  0.00000000  0.18449379  0.14372580  0.21116536  
18_0_0     0.81556256  0.77953402  0.69125240  0.71235385  0.70172780  0.76790458  0.87981197  0.86650740  0.84059603  0.82797329  0.79134942  0.69125240  0.16894104  0.16382869  0.20575348  0.14870049  0.18449379  0.00000000  0.11456113  0.17408900  
7_0_0      0.67073683  0.64099345  0.59393621  0.73407563  0.72313493  0.77953402  0.85343815  0.81556256  0.84059603  0.82797329  0.81556256  0.69125240  0.11456113  0.09573849  0.13387580  0.07286500  0.14372580  0.11456113  0.00000000  0.12415536  
9_0_0      0.75645532  0.72313493  0.70172780  0.81556256  0.79134942  0.85343815  0.89336048  0.84059603  0.81556256  0.79134942  0.77953402  0.74518075  0.19504718  0.16382869  0.21661718  0.13878439  0.21116536  0.17408900  0.12415536  0.00000000  

