9
7_2_0      0.00000000  0.02000450  0.18598063  0.20308918  0.18598063  0.12903268  0.14486180  0.14486180  0.17757226  
11_2_0     0.02000450  0.00000000  0.19448552  0.21179394  0.19448552  0.15290501  0.15290501  0.16925825  0.18598063  
5_2_0      0.18598063  0.19448552  0.00000000  0.12903268  0.22060218  0.21179394  0.21179394  0.19448552  0.24767324  
4_2_0      0.20308918  0.21179394  0.12903268  0.00000000  0.27577112  0.27577112  0.26628626  0.24767324  0.27577112  
6_2_0      0.18598063  0.19448552  0.22060218  0.27577112  0.00000000  0.12124316  0.10590561  0.09087915  0.14486180  
9_2_0      0.12903268  0.15290501  0.21179394  0.27577112  0.12124316  0.00000000  0.08347868  0.06889590  0.13690496  
1_2_0      0.14486180  0.15290501  0.21179394  0.26628626  0.10590561  0.08347868  0.00000000  0.06889590  0.09087915  
1_3_0      0.14486180  0.16925825  0.19448552  0.24767324  0.09087915  0.06889590  0.06889590  0.00000000  0.10590561  
2_2_0      0.17757226  0.18598063  0.24767324  0.27577112  0.14486180  0.13690496  0.09087915  0.10590561  0.00000000  

