21
70_3_0     0.00000000  0.00000000  0.03632602  0.04465112  0.06589093  0.08777025  0.08777025  0.06589093  0.07021442  0.06159302  0.07893932  0.07893932  0.10122116  0.16751000  0.23499735  0.23499735  0.23499735  0.18253704  0.20306901  0.21355670  0.19273052  
96_3_0     0.00000000  0.00000000  0.03632602  0.04465112  0.06589093  0.08777025  0.08777025  0.06589093  0.07021442  0.06159302  0.07893932  0.07893932  0.10122116  0.16751000  0.23499735  0.23499735  0.23499735  0.18253704  0.20306901  0.21355670  0.19273052  
63_8_0     0.03632602  0.03632602  0.00000000  0.00791698  0.07021442  0.09222628  0.09222628  0.07021442  0.07456378  0.06589093  0.07456378  0.09222628  0.12420784  0.19273052  0.22957759  0.22957759  0.22957759  0.18761591  0.20829393  0.20829393  0.19788138  
63_3_0     0.04465112  0.04465112  0.00791698  0.00000000  0.07893932  0.09222628  0.09222628  0.07893932  0.08334137  0.07456378  0.08334137  0.10122116  0.13361003  0.20306901  0.24045783  0.22957759  0.22957759  0.19788138  0.21885785  0.21885785  0.20829393  
63_7_0     0.06589093  0.06589093  0.07021442  0.07893932  0.00000000  0.01995656  0.01995656  0.05732038  0.06159302  0.06159302  0.06159302  0.07021442  0.11032877  0.19788138  0.25708984  0.25708984  0.25708984  0.21885785  0.23499735  0.24595965  0.22419796  
70_7_0     0.08777025  0.08777025  0.09222628  0.09222628  0.01995656  0.00000000  0.00000000  0.07893932  0.07456378  0.08334137  0.08334137  0.09222628  0.12420784  0.20829393  0.26271953  0.26271953  0.26271953  0.24595965  0.25150344  0.26271953  0.24045783  
96_7_0     0.08777025  0.08777025  0.09222628  0.09222628  0.01995656  0.00000000  0.00000000  0.07893932  0.07456378  0.08334137  0.08334137  0.09222628  0.12420784  0.20829393  0.26271953  0.26271953  0.26271953  0.24595965  0.25150344  0.26271953  0.24045783  
91_3_0     0.06589093  0.06589093  0.07021442  0.07893932  0.05732038  0.07893932  0.07893932  0.00000000  0.00394771  0.00394771  0.05307270  0.06159302  0.10122116  0.19788138  0.23499735  0.23499735  0.23499735  0.18253704  0.22419796  0.22419796  0.21355670  
99_3_0     0.07021442  0.07021442  0.07456378  0.08334137  0.06159302  0.07456378  0.07456378  0.00394771  0.00000000  0.00791698  0.05732038  0.06589093  0.09670981  0.19788138  0.24045783  0.24045783  0.24045783  0.18761591  0.22957759  0.22957759  0.21885785  
80_3_0     0.06159302  0.06159302  0.06589093  0.07456378  0.06159302  0.08334137  0.08334137  0.00394771  0.00791698  0.00000000  0.05732038  0.06589093  0.10576070  0.19273052  0.24045783  0.24045783  0.24045783  0.18761591  0.22957759  0.22957759  0.21885785  
88_11_0    0.07893932  0.07893932  0.07456378  0.08334137  0.06159302  0.08334137  0.08334137  0.05307270  0.05732038  0.05732038  0.00000000  0.04047665  0.08777025  0.21355670  0.25150344  0.25150344  0.25150344  0.19273052  0.22957759  0.24045783  0.21885785  
88_10_0    0.07893932  0.07893932  0.09222628  0.10122116  0.07021442  0.09222628  0.09222628  0.06159302  0.06589093  0.06589093  0.04047665  0.00000000  0.09670981  0.21355670  0.25150344  0.25150344  0.25150344  0.21355670  0.25150344  0.26271953  0.24045783  
88_9_0     0.10122116  0.10122116  0.12420784  0.13361003  0.11032877  0.12420784  0.12420784  0.10122116  0.09670981  0.10576070  0.08777025  0.09670981  0.00000000  0.20306901  0.23499735  0.23499735  0.23499735  0.19273052  0.20306901  0.22419796  0.19273052  
68_5_0     0.16751000  0.16751000  0.19273052  0.20306901  0.19788138  0.20829393  0.20829393  0.19788138  0.19788138  0.19273052  0.21355670  0.21355670  0.20306901  0.00000000  0.26271953  0.26271953  0.26271953  0.20829393  0.20829393  0.22957759  0.20829393  
63_4_0     0.23499735  0.23499735  0.22957759  0.24045783  0.25708984  0.26271953  0.26271953  0.23499735  0.24045783  0.24045783  0.25150344  0.25150344  0.23499735  0.26271953  0.00000000  0.02401449  0.02401449  0.08334137  0.07456378  0.06589093  0.06589093  
96_4_0     0.23499735  0.23499735  0.22957759  0.22957759  0.25708984  0.26271953  0.26271953  0.23499735  0.24045783  0.24045783  0.25150344  0.25150344  0.23499735  0.26271953  0.02401449  0.00000000  0.00000000  0.09222628  0.07456378  0.06589093  0.06589093  
70_4_0     0.23499735  0.23499735  0.22957759  0.22957759  0.25708984  0.26271953  0.26271953  0.23499735  0.24045783  0.24045783  0.25150344  0.25150344  0.23499735  0.26271953  0.02401449  0.00000000  0.00000000  0.09222628  0.07456378  0.06589093  0.06589093  
88_4_0     0.18253704  0.18253704  0.18761591  0.19788138  0.21885785  0.24595965  0.24595965  0.18253704  0.18761591  0.18761591  0.19273052  0.21355670  0.19273052  0.20829393  0.08334137  0.09222628  0.09222628  0.00000000  0.04047665  0.05732038  0.03219895  
91_4_0     0.20306901  0.20306901  0.20829393  0.21885785  0.23499735  0.25150344  0.25150344  0.22419796  0.22957759  0.22957759  0.22957759  0.25150344  0.20306901  0.20829393  0.07456378  0.07456378  0.07456378  0.04047665  0.00000000  0.01592116  0.00791698  
99_4_0     0.21355670  0.21355670  0.20829393  0.21885785  0.24595965  0.26271953  0.26271953  0.22419796  0.22957759  0.22957759  0.24045783  0.26271953  0.22419796  0.22957759  0.06589093  0.06589093  0.06589093  0.05732038  0.01592116  0.00000000  0.02401449  
80_4_0     0.19273052  0.19273052  0.19788138  0.20829393  0.22419796  0.24045783  0.24045783  0.21355670  0.21885785  0.21885785  0.21885785  0.24045783  0.19273052  0.20829393  0.06589093  0.06589093  0.06589093  0.03219895  0.00791698  0.02401449  0.00000000  

