10
45_2_0     0.00000000  0.05300907  0.30580945  0.29723386  0.35026133  0.29723386  0.29723386  0.30580945  0.28875752  0.30580945  
45_0_0     0.05300907  0.00000000  0.28037814  0.27209355  0.32326783  0.30580945  0.30580945  0.31448662  0.29723386  0.29723386  
36_0_0     0.30580945  0.28037814  0.00000000  0.00570397  0.02897470  0.03490976  0.04692614  0.05300907  0.04089331  0.06532862  
24_0_0     0.29723386  0.27209355  0.00570397  0.00000000  0.03490976  0.04089331  0.05300907  0.05914294  0.04692614  0.07156698  
4_0_0      0.35026133  0.32326783  0.02897470  0.03490976  0.00000000  0.06532862  0.07785892  0.08420538  0.07156698  0.07156698  
13_3_0     0.29723386  0.30580945  0.03490976  0.04089331  0.06532862  0.00000000  0.01145271  0.01724692  0.01724692  0.06532862  
22_3_0     0.29723386  0.30580945  0.04692614  0.05300907  0.07785892  0.01145271  0.00000000  0.01724692  0.01724692  0.06532862  
13_0_0     0.30580945  0.31448662  0.05300907  0.05914294  0.08420538  0.01724692  0.01724692  0.00000000  0.02308734  0.05914294  
22_0_0     0.28875752  0.29723386  0.04089331  0.04692614  0.07156698  0.01724692  0.01724692  0.02308734  0.00000000  0.05914294  
46_0_0     0.30580945  0.29723386  0.06532862  0.07156698  0.07156698  0.06532862  0.06532862  0.05914294  0.05914294  0.00000000  

