154
76_1_0     0.00000000  0.13758483  0.11379152  0.11966899  0.10796006  0.35340691  0.35340691  0.34537512  0.35340691  0.35340691  0.36152623  0.36973500  0.37803524  0.36973500  0.34537512  0.37803524  0.37803524  0.41219298  0.41219298  0.41219298  0.36973500  0.36973500  0.39491837  0.39491837  0.42098285  0.36973500  0.35340691  0.45721756  0.40350561  0.37803524  0.39491837  0.47601795  0.48559909  0.45721756  0.34537512  0.41219298  0.28405970  0.32178657  0.26948809  0.26230779  0.24117298  0.23425921  0.28405970  0.22740900  0.23425921  0.42987766  0.41219298  0.41219298  0.41219298  0.41219298  0.47601795  0.42987766  0.45721756  0.40350561  0.40350561  0.42098285  0.43887994  0.44799234  0.42098285  0.43887994  0.48559909  0.49530505  0.54582730  0.51510476  0.47601795  0.51510476  0.49530505  0.49530505  0.50513913  0.49530505  0.35340691  0.42987766  0.42098285  0.41219298  0.42987766  0.42987766  0.44799234  0.43887994  0.44799234  0.46655845  0.40350561  0.36973500  0.46655845  0.37803524  0.57787144  0.42098285  0.42987766  0.45721756  0.45721756  0.48559909  0.42987766  0.44799234  0.44799234  0.38642898  0.36973500  0.36152623  0.35340691  0.49530505  0.50513913  0.39491837  0.41219298  0.41219298  0.55635628  0.40350561  0.41219298  0.42987766  0.42098285  0.44799234  0.45721756  0.45721756  0.44799234  0.44799234  0.47601795  0.46655845  0.50513913  0.50513913  0.49530505  0.39491837  0.38642898  0.38642898  0.53544505  0.36152623  0.56703620  0.56703620  0.54582730  0.45721756  0.46655845  0.42098285  0.42098285  0.50513913  0.54582730  0.53544505  0.53544505  0.50513913  0.51510476  0.49530505  0.49530505  0.42987766  0.42987766  0.40350561  0.39491837  0.48559909  0.58886658  0.58886658  0.52520549  0.53544505  0.62286049  0.58886658  0.60002643  0.53544505  0.52520549  0.48559909  0.54582730  0.55635628  
73_1_0     0.13758483  0.00000000  0.07946835  0.09643230  0.11379152  0.31408681  0.31408681  0.32178657  0.31408681  0.31408681  0.32178657  0.33742900  0.32178657  0.31408681  0.32178657  0.33742900  0.36973500  0.38642898  0.38642898  0.38642898  0.36152623  0.36152623  0.37803524  0.37803524  0.38642898  0.34537512  0.32956673  0.38642898  0.34537512  0.33742900  0.39491837  0.53544505  0.50513913  0.51510476  0.34537512  0.40350561  0.28405970  0.30646582  0.28405970  0.29145378  0.25519603  0.24815151  0.31408681  0.24117298  0.24815151  0.42098285  0.40350561  0.40350561  0.40350561  0.40350561  0.42987766  0.42098285  0.44799234  0.39491837  0.41219298  0.41219298  0.39491837  0.40350561  0.39491837  0.39491837  0.47601795  0.46655845  0.53544505  0.44799234  0.42987766  0.42987766  0.41219298  0.41219298  0.42098285  0.51510476  0.34537512  0.38642898  0.37803524  0.36973500  0.38642898  0.44799234  0.45721756  0.45721756  0.46655845  0.40350561  0.37803524  0.36152623  0.43887994  0.38642898  0.56703620  0.46655845  0.41219298  0.40350561  0.40350561  0.39491837  0.40350561  0.42987766  0.42987766  0.39491837  0.40350561  0.39491837  0.36973500  0.42987766  0.42098285  0.38642898  0.40350561  0.40350561  0.42987766  0.34537512  0.35340691  0.36973500  0.39491837  0.41219298  0.42098285  0.42098285  0.35340691  0.38642898  0.40350561  0.39491837  0.47601795  0.47601795  0.47601795  0.38642898  0.36152623  0.37803524  0.44799234  0.36973500  0.51510476  0.51510476  0.49530505  0.36973500  0.41219298  0.36152623  0.36152623  0.48559909  0.48559909  0.47601795  0.51510476  0.46655845  0.47601795  0.47601795  0.47601795  0.40350561  0.40350561  0.37803524  0.38642898  0.52520549  0.58886658  0.58886658  0.52520549  0.53544505  0.60002643  0.58886658  0.60002643  0.48559909  0.50513913  0.48559909  0.47601795  0.48559909  
64_1_0     0.11379152  0.07946835  0.00000000  0.01522999  0.08508019  0.29145378  0.29145378  0.28405970  0.29145378  0.29145378  0.29892199  0.32956673  0.29892199  0.29145378  0.28405970  0.31408681  0.31408681  0.32956673  0.32956673  0.32956673  0.30646582  0.30646582  0.35340691  0.35340691  0.37803524  0.30646582  0.29145378  0.36152623  0.30646582  0.28405970  0.35340691  0.45721756  0.44799234  0.47601795  0.29892199  0.37803524  0.21389470  0.24815151  0.22062121  0.22740900  0.20722838  0.20062118  0.27673827  0.19407206  0.20062118  0.42987766  0.38642898  0.38642898  0.38642898  0.38642898  0.44799234  0.40350561  0.44799234  0.37803524  0.37803524  0.39491837  0.39491837  0.40350561  0.37803524  0.37803524  0.45721756  0.46655845  0.50513913  0.45721756  0.42098285  0.45721756  0.43887994  0.43887994  0.44799234  0.44799234  0.33742900  0.40350561  0.39491837  0.38642898  0.38642898  0.39491837  0.40350561  0.39491837  0.42987766  0.43887994  0.37803524  0.35340691  0.37803524  0.34537512  0.61135599  0.44799234  0.40350561  0.41219298  0.41219298  0.38642898  0.36973500  0.41219298  0.42987766  0.38642898  0.37803524  0.36973500  0.34537512  0.44799234  0.45721756  0.43887994  0.45721756  0.45721756  0.45721756  0.36973500  0.37803524  0.39491837  0.40350561  0.41219298  0.42098285  0.42098285  0.39491837  0.44799234  0.41219298  0.40350561  0.45721756  0.45721756  0.42987766  0.42098285  0.41219298  0.41219298  0.54582730  0.36973500  0.44799234  0.44799234  0.46655845  0.40350561  0.41219298  0.36973500  0.36973500  0.47601795  0.53544505  0.50513913  0.50513913  0.47601795  0.50513913  0.48559909  0.48559909  0.41219298  0.41219298  0.38642898  0.36152623  0.49530505  0.51510476  0.51510476  0.45721756  0.46655845  0.55635628  0.54582730  0.55635628  0.47601795  0.45721756  0.43887994  0.43887994  0.44799234  
64_19_0    0.11966899  0.09643230  0.01522999  0.00000000  0.10217388  0.31408681  0.31408681  0.30646582  0.31408681  0.31408681  0.32178657  0.35340691  0.32178657  0.31408681  0.30646582  0.33742900  0.33742900  0.35340691  0.35340691  0.35340691  0.32956673  0.32956673  0.37803524  0.37803524  0.40350561  0.32956673  0.31408681  0.36152623  0.32956673  0.30646582  0.37803524  0.48559909  0.47601795  0.48559909  0.30646582  0.38642898  0.23425921  0.26948809  0.24117298  0.24815151  0.22740900  0.22062121  0.28405970  0.21389470  0.22062121  0.43887994  0.39491837  0.39491837  0.39491837  0.39491837  0.45721756  0.39491837  0.45721756  0.38642898  0.38642898  0.40350561  0.40350561  0.41219298  0.38642898  0.38642898  0.46655845  0.47601795  0.49530505  0.46655845  0.42987766  0.46655845  0.44799234  0.44799234  0.45721756  0.42098285  0.34537512  0.41219298  0.40350561  0.37803524  0.37803524  0.38642898  0.39491837  0.38642898  0.42098285  0.42987766  0.36973500  0.34537512  0.38642898  0.33742900  0.61135599  0.43887994  0.39491837  0.40350561  0.40350561  0.39491837  0.37803524  0.42098285  0.43887994  0.39491837  0.38642898  0.37803524  0.35340691  0.45721756  0.44799234  0.41219298  0.44799234  0.44799234  0.44799234  0.36152623  0.36973500  0.38642898  0.37803524  0.40350561  0.41219298  0.41219298  0.38642898  0.45721756  0.42098285  0.41219298  0.46655845  0.46655845  0.43887994  0.40350561  0.39491837  0.39491837  0.52520549  0.34537512  0.45721756  0.45721756  0.47601795  0.40350561  0.42098285  0.37803524  0.37803524  0.44799234  0.54582730  0.51510476  0.51510476  0.48559909  0.49530505  0.49530505  0.49530505  0.42098285  0.42098285  0.36152623  0.35340691  0.50513913  0.52520549  0.52520549  0.46655845  0.47601795  0.56703620  0.55635628  0.56703620  0.48559909  0.44799234  0.42987766  0.44799234  0.45721756  
98_1_0     0.10796006  0.11379152  0.08508019  0.10217388  0.00000000  0.29892199  0.29892199  0.29145378  0.29892199  0.29892199  0.30646582  0.32178657  0.32178657  0.31408681  0.27673827  0.30646582  0.29145378  0.32178657  0.32178657  0.32178657  0.29892199  0.29892199  0.33742900  0.33742900  0.36152623  0.29892199  0.28405970  0.36973500  0.32956673  0.30646582  0.30646582  0.42987766  0.45721756  0.42987766  0.32178657  0.36152623  0.20722838  0.25519603  0.21389470  0.20722838  0.20062118  0.19407206  0.26948809  0.20062118  0.20722838  0.44799234  0.40350561  0.40350561  0.40350561  0.40350561  0.44799234  0.42098285  0.44799234  0.39491837  0.39491837  0.41219298  0.44799234  0.45721756  0.42987766  0.42987766  0.49530505  0.50513913  0.51510476  0.50513913  0.42987766  0.48559909  0.46655845  0.46655845  0.47601795  0.50513913  0.32956673  0.46655845  0.45721756  0.42987766  0.44799234  0.43887994  0.43887994  0.42987766  0.45721756  0.42987766  0.36152623  0.34537512  0.38642898  0.35340691  0.56703620  0.44799234  0.40350561  0.42987766  0.42987766  0.42098285  0.38642898  0.39491837  0.39491837  0.37803524  0.37803524  0.36973500  0.34537512  0.49530505  0.48559909  0.41219298  0.41219298  0.41219298  0.50513913  0.39491837  0.40350561  0.42098285  0.42987766  0.48559909  0.49530505  0.49530505  0.43887994  0.42987766  0.44799234  0.43887994  0.51510476  0.51510476  0.48559909  0.40350561  0.39491837  0.39491837  0.50513913  0.38642898  0.49530505  0.49530505  0.45721756  0.41219298  0.45721756  0.41219298  0.41219298  0.50513913  0.51510476  0.51510476  0.51510476  0.48559909  0.49530505  0.47601795  0.47601795  0.40350561  0.40350561  0.37803524  0.35340691  0.52520549  0.54582730  0.54582730  0.48559909  0.49530505  0.56703620  0.55635628  0.56703620  0.50513913  0.48559909  0.48559909  0.48559909  0.51510476  
42_8_0     0.35340691  0.31408681  0.29145378  0.31408681  0.29892199  0.00000000  0.00000000  0.00504215  0.00000000  0.00000000  0.00504215  0.03077782  0.10217388  0.10217388  0.05743438  0.13156488  0.15594212  0.18114404  0.18114404  0.18114404  0.16216313  0.16216313  0.23425921  0.23425921  0.24815151  0.16216313  0.17476319  0.20062118  0.14977263  0.17476319  0.16216313  0.31408681  0.32956673  0.29892199  0.23425921  0.32178657  0.20062118  0.22740900  0.26230779  0.25519603  0.20722838  0.21389470  0.24117298  0.20722838  0.24815151  0.42098285  0.39491837  0.39491837  0.39491837  0.39491837  0.40350561  0.39491837  0.39491837  0.38642898  0.39491837  0.40350561  0.41219298  0.42098285  0.41219298  0.38642898  0.42987766  0.42987766  0.50513913  0.42987766  0.41219298  0.42987766  0.42098285  0.42098285  0.42098285  0.44799234  0.32956673  0.37803524  0.38642898  0.33742900  0.32178657  0.33742900  0.36973500  0.35340691  0.36973500  0.39491837  0.37803524  0.31408681  0.32178657  0.33742900  0.54582730  0.41219298  0.48559909  0.49530505  0.49530505  0.37803524  0.39491837  0.38642898  0.40350561  0.33742900  0.37803524  0.36973500  0.34537512  0.40350561  0.41219298  0.34537512  0.36152623  0.37803524  0.32178657  0.31408681  0.32178657  0.33742900  0.36152623  0.37803524  0.35340691  0.36973500  0.36152623  0.36973500  0.45721756  0.46655845  0.50513913  0.53544505  0.48559909  0.40350561  0.41219298  0.37803524  0.46655845  0.37803524  0.43887994  0.44799234  0.44799234  0.41219298  0.38642898  0.35340691  0.35340691  0.37803524  0.37803524  0.38642898  0.44799234  0.36152623  0.38642898  0.36973500  0.36973500  0.34537512  0.34537512  0.36973500  0.36973500  0.53544505  0.50513913  0.51510476  0.51510476  0.51510476  0.51510476  0.50513913  0.49530505  0.49530505  0.53544505  0.53544505  0.52520549  0.51510476  
61_8_0     0.35340691  0.31408681  0.29145378  0.31408681  0.29892199  0.00000000  0.00000000  0.00504215  0.00000000  0.00000000  0.00504215  0.03077782  0.10217388  0.10217388  0.05743438  0.13156488  0.15594212  0.18114404  0.18114404  0.18114404  0.16216313  0.16216313  0.23425921  0.23425921  0.24815151  0.16216313  0.17476319  0.20062118  0.14977263  0.17476319  0.16216313  0.31408681  0.32956673  0.29892199  0.23425921  0.32178657  0.20062118  0.22740900  0.26230779  0.25519603  0.20722838  0.21389470  0.24117298  0.20722838  0.24815151  0.42098285  0.39491837  0.39491837  0.39491837  0.39491837  0.40350561  0.39491837  0.39491837  0.38642898  0.39491837  0.40350561  0.41219298  0.42098285  0.41219298  0.38642898  0.42987766  0.42987766  0.50513913  0.42987766  0.41219298  0.42987766  0.42098285  0.42098285  0.42098285  0.44799234  0.32956673  0.37803524  0.38642898  0.33742900  0.32178657  0.33742900  0.36973500  0.35340691  0.36973500  0.39491837  0.37803524  0.31408681  0.32178657  0.33742900  0.54582730  0.41219298  0.48559909  0.49530505  0.49530505  0.37803524  0.39491837  0.38642898  0.40350561  0.33742900  0.37803524  0.36973500  0.34537512  0.40350561  0.41219298  0.34537512  0.36152623  0.37803524  0.32178657  0.31408681  0.32178657  0.33742900  0.36152623  0.37803524  0.35340691  0.36973500  0.36152623  0.36973500  0.45721756  0.46655845  0.50513913  0.53544505  0.48559909  0.40350561  0.41219298  0.37803524  0.46655845  0.37803524  0.43887994  0.44799234  0.44799234  0.41219298  0.38642898  0.35340691  0.35340691  0.37803524  0.37803524  0.38642898  0.44799234  0.36152623  0.38642898  0.36973500  0.36973500  0.34537512  0.34537512  0.36973500  0.36973500  0.53544505  0.50513913  0.51510476  0.51510476  0.51510476  0.51510476  0.50513913  0.49530505  0.49530505  0.53544505  0.53544505  0.52520549  0.51510476  
34_8_0     0.34537512  0.32178657  0.28405970  0.30646582  0.29145378  0.00504215  0.00504215  0.00000000  0.00504215  0.00504215  0.01011865  0.03603338  0.09643230  0.09643230  0.05202622  0.12559320  0.14977263  0.17476319  0.17476319  0.17476319  0.15594212  0.15594212  0.22740900  0.22740900  0.24117298  0.15594212  0.16843652  0.19407206  0.15594212  0.16843652  0.15594212  0.30646582  0.33742900  0.29145378  0.22740900  0.31408681  0.19407206  0.23425921  0.25519603  0.24815151  0.20062118  0.20722838  0.23425921  0.20062118  0.24117298  0.41219298  0.38642898  0.38642898  0.38642898  0.38642898  0.41219298  0.38642898  0.38642898  0.37803524  0.38642898  0.39491837  0.42098285  0.42987766  0.40350561  0.37803524  0.42098285  0.43887994  0.49530505  0.43887994  0.40350561  0.43887994  0.42987766  0.42987766  0.42987766  0.43887994  0.32178657  0.38642898  0.39491837  0.34537512  0.32956673  0.32956673  0.36152623  0.34537512  0.36973500  0.38642898  0.36973500  0.32178657  0.32956673  0.32956673  0.55635628  0.42098285  0.47601795  0.48559909  0.48559909  0.38642898  0.40350561  0.37803524  0.39491837  0.32956673  0.36973500  0.36152623  0.33742900  0.39491837  0.40350561  0.35340691  0.36973500  0.38642898  0.32956673  0.30646582  0.31408681  0.32956673  0.35340691  0.36973500  0.36152623  0.36152623  0.35340691  0.37803524  0.46655845  0.47601795  0.51510476  0.54582730  0.49530505  0.39491837  0.42098285  0.38642898  0.47601795  0.36973500  0.42987766  0.43887994  0.45721756  0.40350561  0.38642898  0.36152623  0.36152623  0.37803524  0.38642898  0.39491837  0.45721756  0.36973500  0.39491837  0.37803524  0.37803524  0.33742900  0.33742900  0.36152623  0.36152623  0.54582730  0.51510476  0.52520549  0.50513913  0.50513913  0.50513913  0.49530505  0.48559909  0.50513913  0.52520549  0.52520549  0.53544505  0.52520549  
61_1_0     0.35340691  0.31408681  0.29145378  0.31408681  0.29892199  0.00000000  0.00000000  0.00504215  0.00000000  0.00000000  0.00504215  0.03077782  0.10217388  0.10217388  0.05743438  0.13156488  0.15594212  0.18114404  0.18114404  0.18114404  0.16216313  0.16216313  0.23425921  0.23425921  0.24815151  0.16216313  0.17476319  0.20062118  0.14977263  0.17476319  0.16216313  0.31408681  0.32956673  0.29892199  0.23425921  0.32178657  0.20062118  0.22740900  0.26230779  0.25519603  0.20722838  0.21389470  0.24117298  0.20722838  0.24815151  0.42098285  0.39491837  0.39491837  0.39491837  0.39491837  0.40350561  0.39491837  0.39491837  0.38642898  0.39491837  0.40350561  0.41219298  0.42098285  0.41219298  0.38642898  0.42987766  0.42987766  0.50513913  0.42987766  0.41219298  0.42987766  0.42098285  0.42098285  0.42098285  0.44799234  0.32956673  0.37803524  0.38642898  0.33742900  0.32178657  0.33742900  0.36973500  0.35340691  0.36973500  0.39491837  0.37803524  0.31408681  0.32178657  0.33742900  0.54582730  0.41219298  0.48559909  0.49530505  0.49530505  0.37803524  0.39491837  0.38642898  0.40350561  0.33742900  0.37803524  0.36973500  0.34537512  0.40350561  0.41219298  0.34537512  0.36152623  0.37803524  0.32178657  0.31408681  0.32178657  0.33742900  0.36152623  0.37803524  0.35340691  0.36973500  0.36152623  0.36973500  0.45721756  0.46655845  0.50513913  0.53544505  0.48559909  0.40350561  0.41219298  0.37803524  0.46655845  0.37803524  0.43887994  0.44799234  0.44799234  0.41219298  0.38642898  0.35340691  0.35340691  0.37803524  0.37803524  0.38642898  0.44799234  0.36152623  0.38642898  0.36973500  0.36973500  0.34537512  0.34537512  0.36973500  0.36973500  0.53544505  0.50513913  0.51510476  0.51510476  0.51510476  0.51510476  0.50513913  0.49530505  0.49530505  0.53544505  0.53544505  0.52520549  0.51510476  
42_1_0     0.35340691  0.31408681  0.29145378  0.31408681  0.29892199  0.00000000  0.00000000  0.00504215  0.00000000  0.00000000  0.00504215  0.03077782  0.10217388  0.10217388  0.05743438  0.13156488  0.15594212  0.18114404  0.18114404  0.18114404  0.16216313  0.16216313  0.23425921  0.23425921  0.24815151  0.16216313  0.17476319  0.20062118  0.14977263  0.17476319  0.16216313  0.31408681  0.32956673  0.29892199  0.23425921  0.32178657  0.20062118  0.22740900  0.26230779  0.25519603  0.20722838  0.21389470  0.24117298  0.20722838  0.24815151  0.42098285  0.39491837  0.39491837  0.39491837  0.39491837  0.40350561  0.39491837  0.39491837  0.38642898  0.39491837  0.40350561  0.41219298  0.42098285  0.41219298  0.38642898  0.42987766  0.42987766  0.50513913  0.42987766  0.41219298  0.42987766  0.42098285  0.42098285  0.42098285  0.44799234  0.32956673  0.37803524  0.38642898  0.33742900  0.32178657  0.33742900  0.36973500  0.35340691  0.36973500  0.39491837  0.37803524  0.31408681  0.32178657  0.33742900  0.54582730  0.41219298  0.48559909  0.49530505  0.49530505  0.37803524  0.39491837  0.38642898  0.40350561  0.33742900  0.37803524  0.36973500  0.34537512  0.40350561  0.41219298  0.34537512  0.36152623  0.37803524  0.32178657  0.31408681  0.32178657  0.33742900  0.36152623  0.37803524  0.35340691  0.36973500  0.36152623  0.36973500  0.45721756  0.46655845  0.50513913  0.53544505  0.48559909  0.40350561  0.41219298  0.37803524  0.46655845  0.37803524  0.43887994  0.44799234  0.44799234  0.41219298  0.38642898  0.35340691  0.35340691  0.37803524  0.37803524  0.38642898  0.44799234  0.36152623  0.38642898  0.36973500  0.36973500  0.34537512  0.34537512  0.36973500  0.36973500  0.53544505  0.50513913  0.51510476  0.51510476  0.51510476  0.51510476  0.50513913  0.49530505  0.49530505  0.53544505  0.53544505  0.52520549  0.51510476  
34_1_0     0.36152623  0.32178657  0.29892199  0.32178657  0.30646582  0.00504215  0.00504215  0.01011865  0.00504215  0.00504215  0.00000000  0.03603338  0.10796006  0.10796006  0.06288208  0.13758483  0.16216313  0.17476319  0.17476319  0.17476319  0.16843652  0.16843652  0.24117298  0.24117298  0.25519603  0.16843652  0.18114404  0.20722838  0.15594212  0.18114404  0.16843652  0.32178657  0.33742900  0.30646582  0.24117298  0.32956673  0.20722838  0.23425921  0.26948809  0.26230779  0.21389470  0.22062121  0.23425921  0.21389470  0.25519603  0.42987766  0.40350561  0.40350561  0.40350561  0.40350561  0.41219298  0.40350561  0.40350561  0.39491837  0.40350561  0.41219298  0.42098285  0.42987766  0.42098285  0.39491837  0.43887994  0.43887994  0.51510476  0.43887994  0.42098285  0.43887994  0.42987766  0.42987766  0.42987766  0.45721756  0.33742900  0.38642898  0.39491837  0.34537512  0.32956673  0.32956673  0.36152623  0.34537512  0.36152623  0.40350561  0.38642898  0.32178657  0.32956673  0.34537512  0.53544505  0.40350561  0.49530505  0.50513913  0.50513913  0.36973500  0.38642898  0.39491837  0.41219298  0.34537512  0.38642898  0.37803524  0.35340691  0.41219298  0.42098285  0.35340691  0.35340691  0.36973500  0.31408681  0.32178657  0.32956673  0.34537512  0.36973500  0.36973500  0.34537512  0.36152623  0.35340691  0.36152623  0.46655845  0.47601795  0.49530505  0.52520549  0.47601795  0.39491837  0.40350561  0.36973500  0.45721756  0.38642898  0.44799234  0.45721756  0.45721756  0.42098285  0.39491837  0.36152623  0.36152623  0.38642898  0.38642898  0.39491837  0.45721756  0.36973500  0.39491837  0.37803524  0.37803524  0.35340691  0.35340691  0.37803524  0.37803524  0.54582730  0.51510476  0.52520549  0.52520549  0.52520549  0.52520549  0.51510476  0.50513913  0.50513913  0.52520549  0.52520549  0.53544505  0.52520549  
35_1_0     0.36973500  0.33742900  0.32956673  0.35340691  0.32178657  0.03077782  0.03077782  0.03603338  0.03077782  0.03077782  0.03603338  0.00000000  0.12559320  0.13156488  0.08508019  0.14977263  0.17476319  0.20062118  0.20062118  0.20062118  0.18114404  0.18114404  0.24815151  0.24815151  0.26230779  0.16843652  0.18114404  0.22062121  0.16843652  0.19407206  0.18114404  0.35340691  0.36973500  0.32178657  0.26948809  0.31408681  0.23425921  0.26230779  0.29892199  0.29145378  0.24117298  0.24815151  0.26230779  0.24117298  0.26948809  0.44799234  0.42098285  0.42098285  0.42098285  0.42098285  0.42987766  0.42098285  0.42098285  0.41219298  0.42098285  0.42987766  0.45721756  0.44799234  0.45721756  0.42987766  0.45721756  0.45721756  0.55635628  0.47601795  0.43887994  0.45721756  0.44799234  0.44799234  0.44799234  0.48559909  0.33742900  0.40350561  0.41219298  0.36152623  0.34537512  0.35340691  0.38642898  0.38642898  0.38642898  0.40350561  0.41219298  0.35340691  0.36973500  0.37803524  0.56703620  0.43887994  0.48559909  0.49530505  0.49530505  0.36152623  0.40350561  0.39491837  0.41219298  0.37803524  0.41219298  0.40350561  0.37803524  0.43887994  0.42987766  0.36152623  0.37803524  0.39491837  0.35340691  0.33742900  0.34537512  0.36152623  0.38642898  0.37803524  0.35340691  0.36973500  0.38642898  0.38642898  0.46655845  0.47601795  0.51510476  0.54582730  0.49530505  0.44799234  0.43887994  0.42098285  0.46655845  0.42098285  0.49530505  0.50513913  0.48559909  0.43887994  0.43887994  0.40350561  0.40350561  0.40350561  0.40350561  0.41219298  0.47601795  0.38642898  0.41219298  0.39491837  0.39491837  0.35340691  0.35340691  0.36152623  0.37803524  0.54582730  0.53544505  0.54582730  0.54582730  0.54582730  0.52520549  0.52520549  0.51510476  0.51510476  0.56703620  0.56703620  0.56703620  0.55635628  
58_10_0    0.37803524  0.32178657  0.29892199  0.32178657  0.32178657  0.10217388  0.10217388  0.09643230  0.10217388  0.10217388  0.10796006  0.12559320  0.00000000  0.01011865  0.11966899  0.15594212  0.20722838  0.24815151  0.24815151  0.24815151  0.18758001  0.18758001  0.27673827  0.27673827  0.27673827  0.20062118  0.20062118  0.22740900  0.19407206  0.19407206  0.22062121  0.32956673  0.36152623  0.34537512  0.28405970  0.34537512  0.23425921  0.29145378  0.26230779  0.25519603  0.22740900  0.23425921  0.29145378  0.21389470  0.24815151  0.39491837  0.39491837  0.39491837  0.39491837  0.39491837  0.44799234  0.41219298  0.38642898  0.38642898  0.39491837  0.40350561  0.44799234  0.45721756  0.42987766  0.40350561  0.45721756  0.47601795  0.49530505  0.42987766  0.41219298  0.42987766  0.42098285  0.42098285  0.42098285  0.44799234  0.33742900  0.36152623  0.36973500  0.36973500  0.33742900  0.35340691  0.38642898  0.37803524  0.40350561  0.39491837  0.36973500  0.33742900  0.36152623  0.34537512  0.53544505  0.43887994  0.48559909  0.45721756  0.45721756  0.37803524  0.38642898  0.38642898  0.40350561  0.36973500  0.41219298  0.40350561  0.37803524  0.40350561  0.41219298  0.36152623  0.36152623  0.37803524  0.36152623  0.32178657  0.32956673  0.34537512  0.38642898  0.36152623  0.35340691  0.35340691  0.36973500  0.37803524  0.44799234  0.45721756  0.51510476  0.52520549  0.48559909  0.39491837  0.38642898  0.36973500  0.49530505  0.36973500  0.46655845  0.47601795  0.48559909  0.38642898  0.44799234  0.42098285  0.42098285  0.40350561  0.41219298  0.42098285  0.50513913  0.39491837  0.43887994  0.40350561  0.40350561  0.36152623  0.36152623  0.36973500  0.37803524  0.57787144  0.54582730  0.55635628  0.49530505  0.49530505  0.56703620  0.55635628  0.54582730  0.50513913  0.49530505  0.47601795  0.51510476  0.50513913  
58_1_0     0.36973500  0.31408681  0.29145378  0.31408681  0.31408681  0.10217388  0.10217388  0.09643230  0.10217388  0.10217388  0.10796006  0.13156488  0.01011865  0.00000000  0.11966899  0.16216313  0.20722838  0.24815151  0.24815151  0.24815151  0.18758001  0.18758001  0.26948809  0.26948809  0.28405970  0.20722838  0.20722838  0.23425921  0.20062118  0.20062118  0.22062121  0.32956673  0.36152623  0.34537512  0.28405970  0.35340691  0.22062121  0.27673827  0.24815151  0.24117298  0.21389470  0.22062121  0.29145378  0.20062118  0.24117298  0.37803524  0.37803524  0.37803524  0.37803524  0.37803524  0.42987766  0.39491837  0.36973500  0.36973500  0.37803524  0.38642898  0.42987766  0.43887994  0.41219298  0.38642898  0.43887994  0.45721756  0.47601795  0.42987766  0.41219298  0.42987766  0.42098285  0.42098285  0.42098285  0.43887994  0.32178657  0.35340691  0.36152623  0.37803524  0.34537512  0.36152623  0.39491837  0.37803524  0.41219298  0.38642898  0.35340691  0.32178657  0.34537512  0.32956673  0.51510476  0.42098285  0.48559909  0.45721756  0.45721756  0.38642898  0.37803524  0.38642898  0.40350561  0.35340691  0.39491837  0.38642898  0.36152623  0.38642898  0.39491837  0.36152623  0.36152623  0.37803524  0.36152623  0.30646582  0.31408681  0.32956673  0.36973500  0.36973500  0.36152623  0.36152623  0.36973500  0.36152623  0.44799234  0.45721756  0.51510476  0.52520549  0.48559909  0.39491837  0.36973500  0.36973500  0.50513913  0.35340691  0.44799234  0.45721756  0.46655845  0.36973500  0.42987766  0.40350561  0.40350561  0.41219298  0.41219298  0.42098285  0.50513913  0.39491837  0.42098285  0.40350561  0.40350561  0.36152623  0.36152623  0.37803524  0.37803524  0.58886658  0.54582730  0.55635628  0.49530505  0.49530505  0.55635628  0.54582730  0.53544505  0.50513913  0.50513913  0.48559909  0.49530505  0.48559909  
70_1_0     0.34537512  0.32178657  0.28405970  0.30646582  0.27673827  0.05743438  0.05743438  0.05202622  0.05743438  0.05743438  0.06288208  0.08508019  0.11966899  0.11966899  0.00000000  0.12559320  0.14977263  0.17476319  0.17476319  0.17476319  0.15594212  0.15594212  0.24815151  0.24815151  0.24815151  0.15594212  0.16843652  0.19407206  0.15594212  0.16843652  0.15594212  0.30646582  0.33742900  0.27673827  0.24117298  0.29892199  0.19407206  0.22062121  0.26230779  0.25519603  0.20062118  0.20722838  0.23425921  0.20062118  0.24117298  0.42987766  0.40350561  0.40350561  0.40350561  0.40350561  0.42987766  0.40350561  0.36973500  0.39491837  0.40350561  0.41219298  0.43887994  0.44799234  0.42098285  0.39491837  0.43887994  0.45721756  0.45721756  0.43887994  0.38642898  0.43887994  0.42987766  0.42987766  0.42987766  0.47601795  0.33742900  0.40350561  0.41219298  0.36152623  0.34537512  0.34537512  0.36152623  0.34537512  0.36973500  0.38642898  0.33742900  0.32178657  0.36152623  0.32956673  0.62286049  0.42098285  0.49530505  0.50513913  0.50513913  0.40350561  0.42098285  0.39491837  0.41219298  0.37803524  0.36973500  0.37803524  0.35340691  0.42098285  0.42987766  0.36973500  0.38642898  0.40350561  0.36152623  0.33742900  0.34537512  0.36152623  0.38642898  0.40350561  0.39491837  0.39491837  0.38642898  0.41219298  0.46655845  0.47601795  0.50513913  0.53544505  0.48559909  0.41219298  0.43887994  0.40350561  0.51510476  0.35340691  0.44799234  0.45721756  0.45721756  0.38642898  0.38642898  0.36152623  0.36152623  0.37803524  0.42098285  0.41219298  0.47601795  0.38642898  0.41219298  0.41219298  0.41219298  0.36973500  0.36973500  0.34537512  0.34537512  0.55635628  0.52520549  0.51510476  0.49530505  0.49530505  0.51510476  0.50513913  0.49530505  0.47601795  0.47601795  0.47601795  0.51510476  0.52520549  
37_1_0     0.37803524  0.33742900  0.31408681  0.33742900  0.30646582  0.13156488  0.13156488  0.12559320  0.13156488  0.13156488  0.13758483  0.14977263  0.15594212  0.16216313  0.12559320  0.00000000  0.20722838  0.23425921  0.23425921  0.23425921  0.21389470  0.21389470  0.22062121  0.22062121  0.24815151  0.20062118  0.20062118  0.21389470  0.21389470  0.21389470  0.22740900  0.33742900  0.35340691  0.35340691  0.26948809  0.32956673  0.24117298  0.29892199  0.26948809  0.26230779  0.22062121  0.22740900  0.28405970  0.22062121  0.24117298  0.50513913  0.47601795  0.47601795  0.47601795  0.47601795  0.50513913  0.49530505  0.48559909  0.46655845  0.45721756  0.46655845  0.51510476  0.52520549  0.49530505  0.46655845  0.53544505  0.55635628  0.52520549  0.49530505  0.47601795  0.49530505  0.48559909  0.48559909  0.48559909  0.48559909  0.39491837  0.44799234  0.45721756  0.43887994  0.42098285  0.43887994  0.42987766  0.44799234  0.45721756  0.45721756  0.42987766  0.41219298  0.47601795  0.38642898  0.61135599  0.48559909  0.47601795  0.50513913  0.50513913  0.39491837  0.40350561  0.45721756  0.45721756  0.42987766  0.44799234  0.43887994  0.41219298  0.45721756  0.46655845  0.43887994  0.43887994  0.43887994  0.45721756  0.39491837  0.38642898  0.40350561  0.42987766  0.43887994  0.42987766  0.42987766  0.41219298  0.45721756  0.45721756  0.46655845  0.56703620  0.56703620  0.51510476  0.45721756  0.50513913  0.46655845  0.47601795  0.43887994  0.50513913  0.51510476  0.57787144  0.44799234  0.44799234  0.40350561  0.40350561  0.49530505  0.50513913  0.53544505  0.54582730  0.48559909  0.51510476  0.49530505  0.49530505  0.46655845  0.46655845  0.45721756  0.45721756  0.53544505  0.55635628  0.53544505  0.44799234  0.46655845  0.51510476  0.50513913  0.49530505  0.51510476  0.51510476  0.49530505  0.56703620  0.55635628  
40_1_0     0.37803524  0.36973500  0.31408681  0.33742900  0.29145378  0.15594212  0.15594212  0.14977263  0.15594212  0.15594212  0.16216313  0.17476319  0.20722838  0.20722838  0.14977263  0.20722838  0.00000000  0.06288208  0.06288208  0.06288208  0.02555907  0.02555907  0.13156488  0.13156488  0.14977263  0.04665704  0.05743438  0.09643230  0.09643230  0.06836991  0.20062118  0.32956673  0.36152623  0.34537512  0.31408681  0.36152623  0.22740900  0.28405970  0.28405970  0.29145378  0.24815151  0.25519603  0.32178657  0.24815151  0.27673827  0.48559909  0.47601795  0.47601795  0.47601795  0.47601795  0.49530505  0.47601795  0.47601795  0.46655845  0.47601795  0.48559909  0.49530505  0.50513913  0.47601795  0.44799234  0.47601795  0.49530505  0.50513913  0.47601795  0.43887994  0.50513913  0.48559909  0.48559909  0.48559909  0.52520549  0.38642898  0.42098285  0.42987766  0.36973500  0.36973500  0.35340691  0.36973500  0.36973500  0.37803524  0.42098285  0.41219298  0.36973500  0.36152623  0.37803524  0.61135599  0.48559909  0.51510476  0.52520549  0.52520549  0.39491837  0.40350561  0.38642898  0.39491837  0.39491837  0.36973500  0.37803524  0.35340691  0.47601795  0.48559909  0.41219298  0.41219298  0.42987766  0.44799234  0.42987766  0.43887994  0.45721756  0.46655845  0.47601795  0.44799234  0.46655845  0.49530505  0.49530505  0.45721756  0.46655845  0.54582730  0.57787144  0.52520549  0.44799234  0.48559909  0.43887994  0.48559909  0.42987766  0.47601795  0.48559909  0.48559909  0.46655845  0.45721756  0.42987766  0.42987766  0.51510476  0.50513913  0.51510476  0.58886658  0.48559909  0.50513913  0.49530505  0.49530505  0.42098285  0.42098285  0.42098285  0.42987766  0.55635628  0.49530505  0.48559909  0.47601795  0.47601795  0.46655845  0.47601795  0.46655845  0.46655845  0.42987766  0.42987766  0.48559909  0.49530505  
91_6_0     0.41219298  0.38642898  0.32956673  0.35340691  0.32178657  0.18114404  0.18114404  0.17476319  0.18114404  0.18114404  0.17476319  0.20062118  0.24815151  0.24815151  0.17476319  0.23425921  0.06288208  0.00000000  0.00000000  0.00000000  0.06836991  0.06836991  0.18114404  0.18114404  0.20062118  0.10217388  0.11379152  0.15594212  0.13156488  0.12559320  0.25519603  0.36152623  0.39491837  0.37803524  0.32178657  0.36152623  0.29892199  0.31408681  0.32956673  0.33742900  0.30646582  0.31408681  0.35340691  0.30646582  0.32178657  0.50513913  0.49530505  0.49530505  0.49530505  0.49530505  0.52520549  0.49530505  0.49530505  0.48559909  0.49530505  0.50513913  0.51510476  0.52520549  0.49530505  0.48559909  0.49530505  0.51510476  0.55635628  0.47601795  0.43887994  0.50513913  0.48559909  0.48559909  0.48559909  0.56703620  0.38642898  0.42098285  0.42987766  0.36973500  0.38642898  0.33742900  0.35340691  0.35340691  0.36152623  0.45721756  0.45721756  0.40350561  0.35340691  0.41219298  0.64641657  0.52520549  0.53544505  0.54582730  0.54582730  0.39491837  0.43887994  0.40350561  0.42098285  0.41219298  0.42098285  0.42987766  0.40350561  0.47601795  0.48559909  0.44799234  0.44799234  0.46655845  0.48559909  0.46655845  0.47601795  0.49530505  0.50513913  0.49530505  0.44799234  0.48559909  0.51510476  0.51510476  0.53544505  0.54582730  0.58886658  0.62286049  0.56703620  0.48559909  0.46655845  0.47601795  0.52520549  0.46655845  0.46655845  0.47601795  0.49530505  0.52520549  0.43887994  0.39491837  0.39491837  0.53544505  0.50513913  0.51510476  0.58886658  0.50513913  0.52520549  0.51510476  0.51510476  0.42098285  0.42098285  0.41219298  0.41219298  0.57787144  0.53544505  0.53544505  0.54582730  0.52520549  0.49530505  0.50513913  0.49530505  0.53544505  0.45721756  0.47601795  0.51510476  0.52520549  
71_6_0     0.41219298  0.38642898  0.32956673  0.35340691  0.32178657  0.18114404  0.18114404  0.17476319  0.18114404  0.18114404  0.17476319  0.20062118  0.24815151  0.24815151  0.17476319  0.23425921  0.06288208  0.00000000  0.00000000  0.00000000  0.06836991  0.06836991  0.18114404  0.18114404  0.20062118  0.10217388  0.11379152  0.15594212  0.13156488  0.12559320  0.25519603  0.36152623  0.39491837  0.37803524  0.32178657  0.36152623  0.29892199  0.31408681  0.32956673  0.33742900  0.30646582  0.31408681  0.35340691  0.30646582  0.32178657  0.50513913  0.49530505  0.49530505  0.49530505  0.49530505  0.52520549  0.49530505  0.49530505  0.48559909  0.49530505  0.50513913  0.51510476  0.52520549  0.49530505  0.48559909  0.49530505  0.51510476  0.55635628  0.47601795  0.43887994  0.50513913  0.48559909  0.48559909  0.48559909  0.56703620  0.38642898  0.42098285  0.42987766  0.36973500  0.38642898  0.33742900  0.35340691  0.35340691  0.36152623  0.45721756  0.45721756  0.40350561  0.35340691  0.41219298  0.64641657  0.52520549  0.53544505  0.54582730  0.54582730  0.39491837  0.43887994  0.40350561  0.42098285  0.41219298  0.42098285  0.42987766  0.40350561  0.47601795  0.48559909  0.44799234  0.44799234  0.46655845  0.48559909  0.46655845  0.47601795  0.49530505  0.50513913  0.49530505  0.44799234  0.48559909  0.51510476  0.51510476  0.53544505  0.54582730  0.58886658  0.62286049  0.56703620  0.48559909  0.46655845  0.47601795  0.52520549  0.46655845  0.46655845  0.47601795  0.49530505  0.52520549  0.43887994  0.39491837  0.39491837  0.53544505  0.50513913  0.51510476  0.58886658  0.50513913  0.52520549  0.51510476  0.51510476  0.42098285  0.42098285  0.41219298  0.41219298  0.57787144  0.53544505  0.53544505  0.54582730  0.52520549  0.49530505  0.50513913  0.49530505  0.53544505  0.45721756  0.47601795  0.51510476  0.52520549  
45_6_0     0.41219298  0.38642898  0.32956673  0.35340691  0.32178657  0.18114404  0.18114404  0.17476319  0.18114404  0.18114404  0.17476319  0.20062118  0.24815151  0.24815151  0.17476319  0.23425921  0.06288208  0.00000000  0.00000000  0.00000000  0.06836991  0.06836991  0.18114404  0.18114404  0.20062118  0.10217388  0.11379152  0.15594212  0.13156488  0.12559320  0.25519603  0.36152623  0.39491837  0.37803524  0.32178657  0.36152623  0.29892199  0.31408681  0.32956673  0.33742900  0.30646582  0.31408681  0.35340691  0.30646582  0.32178657  0.50513913  0.49530505  0.49530505  0.49530505  0.49530505  0.52520549  0.49530505  0.49530505  0.48559909  0.49530505  0.50513913  0.51510476  0.52520549  0.49530505  0.48559909  0.49530505  0.51510476  0.55635628  0.47601795  0.43887994  0.50513913  0.48559909  0.48559909  0.48559909  0.56703620  0.38642898  0.42098285  0.42987766  0.36973500  0.38642898  0.33742900  0.35340691  0.35340691  0.36152623  0.45721756  0.45721756  0.40350561  0.35340691  0.41219298  0.64641657  0.52520549  0.53544505  0.54582730  0.54582730  0.39491837  0.43887994  0.40350561  0.42098285  0.41219298  0.42098285  0.42987766  0.40350561  0.47601795  0.48559909  0.44799234  0.44799234  0.46655845  0.48559909  0.46655845  0.47601795  0.49530505  0.50513913  0.49530505  0.44799234  0.48559909  0.51510476  0.51510476  0.53544505  0.54582730  0.58886658  0.62286049  0.56703620  0.48559909  0.46655845  0.47601795  0.52520549  0.46655845  0.46655845  0.47601795  0.49530505  0.52520549  0.43887994  0.39491837  0.39491837  0.53544505  0.50513913  0.51510476  0.58886658  0.50513913  0.52520549  0.51510476  0.51510476  0.42098285  0.42098285  0.41219298  0.41219298  0.57787144  0.53544505  0.53544505  0.54582730  0.52520549  0.49530505  0.50513913  0.49530505  0.53544505  0.45721756  0.47601795  0.51510476  0.52520549  
71_1_0     0.36973500  0.36152623  0.30646582  0.32956673  0.29892199  0.16216313  0.16216313  0.15594212  0.16216313  0.16216313  0.16843652  0.18114404  0.18758001  0.18758001  0.15594212  0.21389470  0.02555907  0.06836991  0.06836991  0.06836991  0.00000000  0.00000000  0.13758483  0.13758483  0.15594212  0.06288208  0.06288208  0.10796006  0.11379152  0.08508019  0.22062121  0.33742900  0.36973500  0.35340691  0.32178657  0.34537512  0.24815151  0.29145378  0.29145378  0.29892199  0.25519603  0.26230779  0.32956673  0.25519603  0.28405970  0.45721756  0.46655845  0.46655845  0.46655845  0.46655845  0.51510476  0.48559909  0.47601795  0.45721756  0.46655845  0.47601795  0.48559909  0.49530505  0.46655845  0.43887994  0.46655845  0.48559909  0.48559909  0.44799234  0.42987766  0.47601795  0.45721756  0.45721756  0.45721756  0.53544505  0.37803524  0.41219298  0.42098285  0.37803524  0.37803524  0.36152623  0.37803524  0.37803524  0.38642898  0.44799234  0.42098285  0.36152623  0.35340691  0.36973500  0.60002643  0.47601795  0.50513913  0.51510476  0.51510476  0.40350561  0.37803524  0.37803524  0.38642898  0.36973500  0.34537512  0.35340691  0.32956673  0.42987766  0.43887994  0.38642898  0.40350561  0.42098285  0.43887994  0.40350561  0.41219298  0.42987766  0.43887994  0.44799234  0.42098285  0.43887994  0.46655845  0.46655845  0.46655845  0.47601795  0.53544505  0.54582730  0.49530505  0.43887994  0.47601795  0.42987766  0.50513913  0.43887994  0.45721756  0.46655845  0.46655845  0.49530505  0.44799234  0.43887994  0.43887994  0.50513913  0.49530505  0.50513913  0.60002643  0.47601795  0.51510476  0.48559909  0.48559909  0.41219298  0.41219298  0.41219298  0.42098285  0.53544505  0.49530505  0.48559909  0.45721756  0.45721756  0.50513913  0.51510476  0.50513913  0.48559909  0.44799234  0.42987766  0.48559909  0.49530505  
