153
70_0_0     0.00000000  0.06338900  0.04556073  0.05145633  0.17334194  0.16640608  0.19454458  0.19454458  0.20174802  0.21636676  0.18034282  0.23127736  0.38084620  0.37170255  0.33620790  0.39947634  0.37170255  0.26202246  0.30232388  0.31065186  0.31065186  0.28594143  0.29408774  0.30232388  0.33620790  0.32759169  0.39010318  0.31065186  0.33620790  0.32759169  0.34492467  0.33620790  0.34492467  0.35374438  0.29408774  0.30232388  0.29408774  0.32759169  0.34492467  0.31907375  0.30232388  0.31907375  0.32759169  0.31065186  0.31907375  0.32759169  0.27788303  0.32759169  0.32759169  0.35374438  0.34492467  0.34492467  0.36266949  0.29408774  0.29408774  0.31065186  0.30232388  0.31065186  0.31907375  0.31065186  0.30232388  0.31065186  0.35374438  0.32759169  0.31907375  0.33620790  0.34492467  0.32759169  0.33620790  0.31907375  0.32759169  0.32759169  0.31065186  0.31907375  0.31907375  0.30232388  0.39010318  0.39947634  0.33620790  0.35374438  0.27788303  0.31907375  0.34492467  0.27788303  0.28594143  0.28594143  0.28594143  0.30232388  0.33620790  0.32759169  0.31065186  0.35374438  0.35374438  0.32759169  0.34492467  0.32759169  0.32759169  0.27788303  0.29408774  0.27788303  0.27788303  0.24649171  0.23127736  0.23884579  0.23884579  0.23884579  0.26202246  0.25421671  0.27788303  0.43819155  0.29408774  0.24649171  0.27788303  0.26202246  0.27788303  0.26202246  0.32759169  0.31065186  0.31907375  0.26991064  0.29408774  0.23884579  0.23884579  0.25421671  0.44819227  0.39947634  0.39947634  0.33620790  0.34492467  0.37170255  0.36266949  0.37170255  0.37170255  0.38084620  0.38084620  0.38084620  0.40896863  0.38084620  0.45832871  0.36266949  0.36266949  0.36266949  0.41858311  0.39010318  0.43819155  0.42832298  0.42832298  0.40896863  0.43819155  0.39947634  0.41858311  0.41858311  0.39010318  
78_9_0     0.06338900  0.00000000  0.03971131  0.08165327  0.20174802  0.18034282  0.22378485  0.22378485  0.23127736  0.24649171  0.20902162  0.22378485  0.39010318  0.34492467  0.32759169  0.44819227  0.40896863  0.26202246  0.28594143  0.33620790  0.33620790  0.29408774  0.30232388  0.31065186  0.32759169  0.31907375  0.38084620  0.30232388  0.38084620  0.33620790  0.35374438  0.38084620  0.39010318  0.34492467  0.30232388  0.29408774  0.30232388  0.33620790  0.37170255  0.31065186  0.32759169  0.29408774  0.30232388  0.28594143  0.29408774  0.30232388  0.30232388  0.35374438  0.35374438  0.34492467  0.33620790  0.37170255  0.37170255  0.30232388  0.30232388  0.31907375  0.31065186  0.30232388  0.31065186  0.30232388  0.31065186  0.30232388  0.37170255  0.34492467  0.31065186  0.35374438  0.34492467  0.32759169  0.33620790  0.35374438  0.36266949  0.36266949  0.34492467  0.35374438  0.37170255  0.35374438  0.38084620  0.42832298  0.36266949  0.36266949  0.29408774  0.33620790  0.36266949  0.31065186  0.31907375  0.31907375  0.31907375  0.33620790  0.35374438  0.36266949  0.34492467  0.39010318  0.39010318  0.38084620  0.38084620  0.36266949  0.36266949  0.27788303  0.31065186  0.29408774  0.29408774  0.26202246  0.24649171  0.25421671  0.25421671  0.25421671  0.26202246  0.25421671  0.26991064  0.41858311  0.29408774  0.29408774  0.31065186  0.30232388  0.32759169  0.32759169  0.38084620  0.36266949  0.37170255  0.33620790  0.31907375  0.26202246  0.26202246  0.26202246  0.48959059  0.39947634  0.41858311  0.39010318  0.39947634  0.37170255  0.38084620  0.39010318  0.39010318  0.39947634  0.38084620  0.36266949  0.39010318  0.36266949  0.45832871  0.34492467  0.34492467  0.34492467  0.42832298  0.37170255  0.42832298  0.41858311  0.41858311  0.39010318  0.43819155  0.39010318  0.40896863  0.45832871  0.46860463  
78_0_0     0.04556073  0.03971131  0.00000000  0.06338900  0.18740994  0.19454458  0.22378485  0.22378485  0.23127736  0.23127736  0.20902162  0.23884579  0.38084620  0.35374438  0.31907375  0.42832298  0.39010318  0.26202246  0.28594143  0.32759169  0.32759169  0.30232388  0.31065186  0.31907375  0.31065186  0.30232388  0.36266949  0.30232388  0.38084620  0.35374438  0.37170255  0.38084620  0.39010318  0.36266949  0.30232388  0.29408774  0.30232388  0.31907375  0.35374438  0.31065186  0.31065186  0.31065186  0.31907375  0.30232388  0.31065186  0.31907375  0.28594143  0.33620790  0.33620790  0.34492467  0.33620790  0.35374438  0.35374438  0.30232388  0.28594143  0.30232388  0.31065186  0.26991064  0.27788303  0.26991064  0.29408774  0.30232388  0.33620790  0.32759169  0.31065186  0.33620790  0.34492467  0.32759169  0.33620790  0.33620790  0.34492467  0.34492467  0.32759169  0.31907375  0.33620790  0.31907375  0.39947634  0.39010318  0.34492467  0.36266949  0.29408774  0.33620790  0.34492467  0.29408774  0.30232388  0.30232388  0.30232388  0.33620790  0.35374438  0.36266949  0.36266949  0.39010318  0.39010318  0.36266949  0.38084620  0.36266949  0.36266949  0.29408774  0.31065186  0.29408774  0.29408774  0.26202246  0.24649171  0.25421671  0.25421671  0.25421671  0.27788303  0.26991064  0.27788303  0.43819155  0.32759169  0.29408774  0.29408774  0.26991064  0.31065186  0.29408774  0.36266949  0.34492467  0.31907375  0.30232388  0.29408774  0.25421671  0.25421671  0.25421671  0.46860463  0.39947634  0.41858311  0.37170255  0.38084620  0.37170255  0.38084620  0.39010318  0.39010318  0.39947634  0.38084620  0.38084620  0.39010318  0.36266949  0.47902390  0.36266949  0.36266949  0.36266949  0.43819155  0.37170255  0.42832298  0.41858311  0.41858311  0.40896863  0.43819155  0.37170255  0.40896863  0.43819155  0.44819227  
81_0_0     0.05145633  0.08165327  0.06338900  0.00000000  0.18034282  0.17334194  0.20902162  0.20902162  0.21636676  0.23127736  0.19454458  0.24649171  0.35374438  0.34492467  0.31065186  0.38084620  0.40896863  0.26202246  0.29408774  0.31065186  0.31065186  0.32759169  0.33620790  0.34492467  0.32759169  0.31907375  0.37170255  0.32759169  0.36266949  0.33620790  0.33620790  0.37170255  0.38084620  0.37170255  0.29408774  0.30232388  0.29408774  0.32759169  0.36266949  0.30232388  0.31907375  0.30232388  0.31065186  0.29408774  0.30232388  0.30232388  0.27788303  0.34492467  0.34492467  0.33620790  0.30232388  0.33620790  0.33620790  0.26202246  0.27788303  0.29408774  0.30232388  0.29408774  0.30232388  0.29408774  0.27788303  0.28594143  0.33620790  0.31065186  0.30232388  0.30232388  0.32759169  0.31065186  0.31907375  0.31907375  0.32759169  0.32759169  0.31907375  0.33620790  0.31065186  0.30232388  0.36266949  0.37170255  0.32759169  0.34492467  0.27788303  0.30232388  0.32759169  0.28594143  0.26202246  0.28594143  0.27788303  0.29408774  0.31907375  0.34492467  0.29408774  0.34492467  0.34492467  0.32759169  0.34492467  0.31907375  0.31907375  0.24649171  0.26991064  0.24649171  0.24649171  0.23127736  0.21636676  0.22378485  0.22378485  0.22378485  0.26991064  0.27788303  0.26991064  0.40896863  0.30232388  0.27788303  0.32759169  0.31907375  0.31907375  0.31065186  0.33620790  0.33620790  0.32759169  0.31065186  0.30232388  0.25421671  0.25421671  0.28594143  0.45832871  0.43819155  0.41858311  0.35374438  0.36266949  0.39010318  0.39947634  0.40896863  0.40896863  0.41858311  0.38084620  0.38084620  0.39947634  0.37170255  0.50030893  0.37170255  0.37170255  0.37170255  0.42832298  0.39947634  0.46860463  0.45832871  0.45832871  0.41858311  0.42832298  0.40896863  0.40896863  0.40896863  0.39947634  
36_0_0     0.17334194  0.20174802  0.18740994  0.18034282  0.00000000  0.02814814  0.13928935  0.13928935  0.14597679  0.18740994  0.12609147  0.20174802  0.37170255  0.35374438  0.33620790  0.38084620  0.31907375  0.26202246  0.32759169  0.28594143  0.28594143  0.28594143  0.29408774  0.29408774  0.23127736  0.23884579  0.30232388  0.26202246  0.30232388  0.26991064  0.28594143  0.30232388  0.31065186  0.31065186  0.24649171  0.26991064  0.26202246  0.25421671  0.27788303  0.31907375  0.25421671  0.26202246  0.26991064  0.26202246  0.26991064  0.27788303  0.27788303  0.29408774  0.29408774  0.34492467  0.33620790  0.36266949  0.36266949  0.28594143  0.26991064  0.26991064  0.29408774  0.27788303  0.26991064  0.26991064  0.27788303  0.29408774  0.27788303  0.28594143  0.29408774  0.30232388  0.31907375  0.28594143  0.29408774  0.27788303  0.28594143  0.28594143  0.26991064  0.24649171  0.30232388  0.28594143  0.31907375  0.32759169  0.35374438  0.35374438  0.24649171  0.26991064  0.31065186  0.27788303  0.24649171  0.23127736  0.21636676  0.23884579  0.26202246  0.24649171  0.26991064  0.26202246  0.26202246  0.25421671  0.25421671  0.25421671  0.26202246  0.26202246  0.27788303  0.26202246  0.26202246  0.27788303  0.26202246  0.26991064  0.25421671  0.25421671  0.27788303  0.26991064  0.26202246  0.38084620  0.33620790  0.31065186  0.32759169  0.32759169  0.32759169  0.31065186  0.35374438  0.35374438  0.32759169  0.33620790  0.27788303  0.24649171  0.24649171  0.25421671  0.42832298  0.40896863  0.41858311  0.33620790  0.32759169  0.38084620  0.35374438  0.37170255  0.34492467  0.35374438  0.35374438  0.37170255  0.34492467  0.33620790  0.43819155  0.36266949  0.36266949  0.36266949  0.42832298  0.37170255  0.45832871  0.44819227  0.44819227  0.39010318  0.39947634  0.39947634  0.37170255  0.42832298  0.43819155  
71_0_0     0.16640608  0.18034282  0.19454458  0.17334194  0.02814814  0.00000000  0.11957896  0.11957896  0.12609147  0.16640608  0.11957896  0.18034282  0.35374438  0.31907375  0.31907375  0.38084620  0.33620790  0.25421671  0.30232388  0.27788303  0.27788303  0.26202246  0.28594143  0.28594143  0.22378485  0.23127736  0.30232388  0.26991064  0.29408774  0.24649171  0.26202246  0.29408774  0.30232388  0.30232388  0.25421671  0.27788303  0.26991064  0.24649171  0.26991064  0.29408774  0.25421671  0.23884579  0.24649171  0.25421671  0.24649171  0.26991064  0.28594143  0.28594143  0.28594143  0.33620790  0.32759169  0.35374438  0.35374438  0.27788303  0.27788303  0.27788303  0.28594143  0.28594143  0.27788303  0.27788303  0.28594143  0.28594143  0.30232388  0.29408774  0.28594143  0.30232388  0.30232388  0.27788303  0.28594143  0.28594143  0.29408774  0.29408774  0.27788303  0.26991064  0.31065186  0.29408774  0.32759169  0.33620790  0.37170255  0.35374438  0.25421671  0.27788303  0.31907375  0.26991064  0.23884579  0.23127736  0.21636676  0.25421671  0.26202246  0.24649171  0.25421671  0.26202246  0.26202246  0.25421671  0.25421671  0.25421671  0.26202246  0.23884579  0.25421671  0.23884579  0.23884579  0.25421671  0.23884579  0.24649171  0.23127736  0.23127736  0.25421671  0.24649171  0.25421671  0.36266949  0.29408774  0.28594143  0.31907375  0.31907375  0.31907375  0.31907375  0.34492467  0.34492467  0.33620790  0.32759169  0.26991064  0.22378485  0.22378485  0.23127736  0.46860463  0.38084620  0.39010318  0.32759169  0.31907375  0.33620790  0.31065186  0.32759169  0.30232388  0.31065186  0.31065186  0.32759169  0.33620790  0.32759169  0.40896863  0.33620790  0.33620790  0.33620790  0.40896863  0.36266949  0.46860463  0.45832871  0.45832871  0.38084620  0.40896863  0.37170255  0.38084620  0.43819155  0.42832298  
100_0_0    0.19454458  0.22378485  0.22378485  0.20902162  0.13928935  0.11957896  0.00000000  0.00000000  0.02814814  0.03971131  0.02243300  0.19454458  0.34492467  0.32759169  0.31907375  0.36266949  0.31065186  0.27788303  0.31907375  0.32759169  0.32759169  0.31065186  0.31907375  0.28594143  0.26202246  0.26991064  0.31065186  0.31907375  0.29408774  0.27788303  0.29408774  0.31065186  0.31907375  0.31907375  0.28594143  0.30232388  0.31907375  0.29408774  0.30232388  0.32759169  0.30232388  0.31907375  0.32759169  0.33620790  0.32759169  0.33620790  0.33620790  0.30232388  0.30232388  0.31907375  0.34492467  0.34492467  0.36266949  0.29408774  0.30232388  0.27788303  0.33620790  0.31907375  0.31065186  0.29408774  0.26991064  0.30232388  0.33620790  0.31065186  0.30232388  0.31907375  0.35374438  0.34492467  0.33620790  0.31907375  0.30232388  0.30232388  0.26991064  0.29408774  0.29408774  0.31065186  0.37170255  0.39947634  0.33620790  0.31907375  0.26991064  0.30232388  0.34492467  0.28594143  0.29408774  0.28594143  0.26991064  0.31065186  0.28594143  0.27788303  0.31065186  0.30232388  0.30232388  0.31907375  0.30232388  0.31065186  0.31907375  0.31907375  0.28594143  0.25421671  0.28594143  0.28594143  0.28594143  0.29408774  0.27788303  0.27788303  0.25421671  0.24649171  0.25421671  0.42832298  0.35374438  0.30232388  0.35374438  0.31907375  0.31907375  0.33620790  0.38084620  0.34492467  0.35374438  0.32759169  0.31907375  0.30232388  0.30232388  0.32759169  0.41858311  0.36266949  0.37170255  0.31907375  0.31065186  0.31065186  0.30232388  0.31907375  0.29408774  0.30232388  0.31907375  0.32759169  0.31065186  0.31907375  0.31907375  0.33620790  0.33620790  0.33620790  0.32759169  0.30232388  0.40896863  0.39947634  0.39947634  0.34492467  0.35374438  0.36266949  0.40896863  0.39010318  0.38084620  
74_0_0     0.19454458  0.22378485  0.22378485  0.20902162  0.13928935  0.11957896  0.00000000  0.00000000  0.02814814  0.03971131  0.02243300  0.19454458  0.34492467  0.32759169  0.31907375  0.36266949  0.31065186  0.27788303  0.31907375  0.32759169  0.32759169  0.31065186  0.31907375  0.28594143  0.26202246  0.26991064  0.31065186  0.31907375  0.29408774  0.27788303  0.29408774  0.31065186  0.31907375  0.31907375  0.28594143  0.30232388  0.31907375  0.29408774  0.30232388  0.32759169  0.30232388  0.31907375  0.32759169  0.33620790  0.32759169  0.33620790  0.33620790  0.30232388  0.30232388  0.31907375  0.34492467  0.34492467  0.36266949  0.29408774  0.30232388  0.27788303  0.33620790  0.31907375  0.31065186  0.29408774  0.26991064  0.30232388  0.33620790  0.31065186  0.30232388  0.31907375  0.35374438  0.34492467  0.33620790  0.31907375  0.30232388  0.30232388  0.26991064  0.29408774  0.29408774  0.31065186  0.37170255  0.39947634  0.33620790  0.31907375  0.26991064  0.30232388  0.34492467  0.28594143  0.29408774  0.28594143  0.26991064  0.31065186  0.28594143  0.27788303  0.31065186  0.30232388  0.30232388  0.31907375  0.30232388  0.31065186  0.31907375  0.31907375  0.28594143  0.25421671  0.28594143  0.28594143  0.28594143  0.29408774  0.27788303  0.27788303  0.25421671  0.24649171  0.25421671  0.42832298  0.35374438  0.30232388  0.35374438  0.31907375  0.31907375  0.33620790  0.38084620  0.34492467  0.35374438  0.32759169  0.31907375  0.30232388  0.30232388  0.32759169  0.41858311  0.36266949  0.37170255  0.31907375  0.31065186  0.31065186  0.30232388  0.31907375  0.29408774  0.30232388  0.31907375  0.32759169  0.31065186  0.31907375  0.31907375  0.33620790  0.33620790  0.33620790  0.32759169  0.30232388  0.40896863  0.39947634  0.39947634  0.34492467  0.35374438  0.36266949  0.40896863  0.39010318  0.38084620  
60_0_0     0.20174802  0.23127736  0.23127736  0.21636676  0.14597679  0.12609147  0.02814814  0.02814814  0.00000000  0.05739883  0.03971131  0.20174802  0.34492467  0.33620790  0.34492467  0.39010318  0.31907375  0.31065186  0.33620790  0.33620790  0.33620790  0.33620790  0.34492467  0.32759169  0.30232388  0.31065186  0.33620790  0.34492467  0.30232388  0.28594143  0.30232388  0.31907375  0.32759169  0.33620790  0.29408774  0.31907375  0.31065186  0.30232388  0.32759169  0.33620790  0.31065186  0.31065186  0.31907375  0.32759169  0.31907375  0.32759169  0.32759169  0.31065186  0.31065186  0.35374438  0.38084620  0.36266949  0.36266949  0.32759169  0.31907375  0.31065186  0.35374438  0.35374438  0.34492467  0.32759169  0.30232388  0.31907375  0.38084620  0.35374438  0.34492467  0.36266949  0.38084620  0.37170255  0.38084620  0.36266949  0.34492467  0.34492467  0.31065186  0.33620790  0.33620790  0.35374438  0.41858311  0.44819227  0.35374438  0.35374438  0.29408774  0.32759169  0.32759169  0.29408774  0.31907375  0.29408774  0.27788303  0.33620790  0.31065186  0.30232388  0.33620790  0.34492467  0.34492467  0.34492467  0.31907375  0.31907375  0.32759169  0.32759169  0.31065186  0.29408774  0.31065186  0.29408774  0.29408774  0.30232388  0.28594143  0.28594143  0.27788303  0.26991064  0.27788303  0.41858311  0.35374438  0.33620790  0.36266949  0.34492467  0.34492467  0.36266949  0.39947634  0.38084620  0.37170255  0.35374438  0.34492467  0.31065186  0.31065186  0.33620790  0.44819227  0.36266949  0.37170255  0.33620790  0.34492467  0.32759169  0.31907375  0.33620790  0.31065186  0.31907375  0.33620790  0.34492467  0.32759169  0.31907375  0.35374438  0.35374438  0.35374438  0.35374438  0.34492467  0.33620790  0.40896863  0.39947634  0.39947634  0.36266949  0.37170255  0.36266949  0.39010318  0.40896863  0.39947634  
63_0_0     0.21636676  0.24649171  0.23127736  0.23127736  0.18740994  0.16640608  0.03971131  0.03971131  0.05739883  0.00000000  0.05145633  0.20174802  0.35374438  0.34492467  0.32759169  0.39010318  0.31907375  0.32759169  0.34492467  0.36266949  0.36266949  0.34492467  0.35374438  0.33620790  0.31065186  0.31907375  0.32759169  0.34492467  0.30232388  0.28594143  0.30232388  0.31907375  0.32759169  0.33620790  0.29408774  0.30232388  0.31907375  0.30232388  0.32759169  0.33620790  0.31065186  0.32759169  0.33620790  0.34492467  0.33620790  0.36266949  0.34492467  0.31065186  0.31065186  0.33620790  0.36266949  0.38084620  0.38084620  0.31065186  0.30232388  0.27788303  0.35374438  0.33620790  0.32759169  0.31065186  0.28594143  0.31907375  0.34492467  0.33620790  0.31907375  0.34492467  0.36266949  0.37170255  0.36266949  0.36266949  0.34492467  0.34492467  0.29408774  0.31907375  0.30232388  0.31907375  0.39947634  0.39010318  0.36266949  0.36266949  0.31065186  0.34492467  0.37170255  0.31065186  0.33620790  0.31065186  0.29408774  0.33620790  0.32759169  0.31907375  0.35374438  0.34492467  0.34492467  0.34492467  0.32759169  0.33620790  0.34492467  0.34492467  0.31065186  0.29408774  0.31065186  0.28594143  0.27788303  0.28594143  0.26991064  0.26991064  0.27788303  0.26991064  0.27788303  0.45832871  0.38084620  0.30232388  0.36266949  0.32759169  0.32759169  0.34492467  0.41858311  0.36266949  0.37170255  0.31907375  0.31907375  0.31907375  0.31907375  0.32759169  0.45832871  0.37170255  0.39010318  0.31065186  0.31907375  0.31065186  0.31907375  0.31907375  0.31065186  0.31907375  0.33620790  0.34492467  0.31907375  0.32759169  0.36266949  0.36266949  0.36266949  0.36266949  0.33620790  0.34492467  0.42832298  0.41858311  0.41858311  0.36266949  0.37170255  0.38084620  0.41858311  0.39010318  0.38084620  
25_0_0     0.18034282  0.20902162  0.20902162  0.19454458  0.12609147  0.11957896  0.02243300  0.02243300  0.03971131  0.05145633  0.00000000  0.19454458  0.34492467  0.32759169  0.31907375  0.38084620  0.31065186  0.29408774  0.33620790  0.31065186  0.31065186  0.29408774  0.30232388  0.28594143  0.24649171  0.25421671  0.29408774  0.33620790  0.27788303  0.26202246  0.27788303  0.29408774  0.30232388  0.31065186  0.26991064  0.28594143  0.30232388  0.29408774  0.31907375  0.32759169  0.30232388  0.31907375  0.32759169  0.31907375  0.32759169  0.31907375  0.31907375  0.31065186  0.31065186  0.32759169  0.35374438  0.35374438  0.37170255  0.30232388  0.31065186  0.28594143  0.34492467  0.31065186  0.30232388  0.28594143  0.27788303  0.31065186  0.33620790  0.32759169  0.31907375  0.31907375  0.33620790  0.34492467  0.33620790  0.31907375  0.30232388  0.30232388  0.26202246  0.28594143  0.29408774  0.31065186  0.37170255  0.39947634  0.34492467  0.34492467  0.28594143  0.30232388  0.32759169  0.30232388  0.31065186  0.27788303  0.26202246  0.30232388  0.29408774  0.28594143  0.31907375  0.31065186  0.31065186  0.32759169  0.31065186  0.31907375  0.32759169  0.30232388  0.28594143  0.26991064  0.28594143  0.28594143  0.28594143  0.29408774  0.27788303  0.27788303  0.26991064  0.26202246  0.26991064  0.40896863  0.36266949  0.29408774  0.33620790  0.30232388  0.31907375  0.31907375  0.37170255  0.33620790  0.34492467  0.31065186  0.33620790  0.30232388  0.30232388  0.32759169  0.42832298  0.38084620  0.39010318  0.30232388  0.31065186  0.32759169  0.33620790  0.35374438  0.32759169  0.33620790  0.35374438  0.34492467  0.32759169  0.33620790  0.35374438  0.33620790  0.33620790  0.33620790  0.34492467  0.33620790  0.40896863  0.39947634  0.39947634  0.34492467  0.35374438  0.36266949  0.40896863  0.39010318  0.38084620  
92_0_0     0.23127736  0.22378485  0.23884579  0.24649171  0.20174802  0.18034282  0.19454458  0.19454458  0.20174802  0.20174802  0.19454458  0.00000000  0.31907375  0.33620790  0.28594143  0.40896863  0.34492467  0.24649171  0.32759169  0.31907375  0.31907375  0.31065186  0.33620790  0.32759169  0.29408774  0.30232388  0.32759169  0.31065186  0.32759169  0.31907375  0.33620790  0.34492467  0.34492467  0.37170255  0.29408774  0.29408774  0.31065186  0.26991064  0.32759169  0.33620790  0.31065186  0.31065186  0.31907375  0.31065186  0.30232388  0.31065186  0.30232388  0.32759169  0.32759169  0.39010318  0.32759169  0.34492467  0.34492467  0.30232388  0.28594143  0.26991064  0.34492467  0.29408774  0.31065186  0.30232388  0.27788303  0.27788303  0.33620790  0.32759169  0.34492467  0.33620790  0.37170255  0.34492467  0.35374438  0.32759169  0.32759169  0.32759169  0.31065186  0.31907375  0.32759169  0.32759169  0.36266949  0.36266949  0.33620790  0.31907375  0.29408774  0.31907375  0.31065186  0.27788303  0.25421671  0.23127736  0.23884579  0.27788303  0.28594143  0.29408774  0.29408774  0.30232388  0.30232388  0.28594143  0.29408774  0.29408774  0.28594143  0.28594143  0.26991064  0.26991064  0.26991064  0.24649171  0.22378485  0.23127736  0.21636676  0.21636676  0.23884579  0.23127736  0.25421671  0.38084620  0.29408774  0.29408774  0.27788303  0.26991064  0.31065186  0.32759169  0.32759169  0.31065186  0.31907375  0.28594143  0.28594143  0.23884579  0.23884579  0.21636676  0.40896863  0.36266949  0.40896863  0.36266949  0.37170255  0.32759169  0.35374438  0.33620790  0.34492467  0.35374438  0.31907375  0.32759169  0.30232388  0.29408774  0.38084620  0.32759169  0.32759169  0.32759169  0.35374438  0.32759169  0.42832298  0.41858311  0.41858311  0.40896863  0.41858311  0.36266949  0.35374438  0.42832298  0.40896863  
66_0_0     0.38084620  0.39010318  0.38084620  0.35374438  0.37170255  0.35374438  0.34492467  0.34492467  0.34492467  0.35374438  0.34492467  0.31907375  0.00000000  0.08165327  0.08784198  0.29408774  0.24649171  0.28594143  0.32759169  0.26991064  0.26991064  0.31907375  0.31065186  0.31065186  0.30232388  0.29408774  0.32759169  0.39010318  0.34492467  0.36266949  0.34492467  0.34492467  0.35374438  0.34492467  0.33620790  0.33620790  0.33620790  0.34492467  0.32759169  0.32759169  0.33620790  0.33620790  0.34492467  0.33620790  0.32759169  0.31907375  0.38084620  0.32759169  0.32759169  0.45832871  0.39010318  0.33620790  0.33620790  0.39947634  0.37170255  0.37170255  0.39010318  0.39947634  0.40896863  0.39010318  0.39947634  0.41858311  0.37170255  0.39010318  0.40896863  0.39947634  0.43819155  0.39010318  0.39947634  0.36266949  0.33620790  0.33620790  0.38084620  0.38084620  0.35374438  0.35374438  0.37170255  0.38084620  0.39947634  0.39010318  0.37170255  0.36266949  0.39010318  0.32759169  0.37170255  0.26202246  0.26202246  0.31065186  0.30232388  0.31907375  0.30232388  0.32759169  0.32759169  0.30232388  0.33620790  0.31907375  0.31065186  0.36266949  0.31065186  0.31907375  0.32759169  0.31907375  0.31907375  0.32759169  0.32759169  0.32759169  0.36266949  0.37170255  0.33620790  0.37170255  0.38084620  0.47902390  0.39010318  0.39010318  0.40896863  0.39010318  0.42832298  0.40896863  0.44819227  0.39947634  0.40896863  0.38084620  0.38084620  0.37170255  0.41858311  0.42832298  0.43819155  0.45832871  0.46860463  0.40896863  0.37170255  0.35374438  0.36266949  0.37170255  0.39947634  0.40896863  0.43819155  0.42832298  0.46860463  0.42832298  0.42832298  0.42832298  0.43819155  0.38084620  0.44819227  0.43819155  0.43819155  0.50030893  0.47902390  0.45832871  0.41858311  0.47902390  0.47902390  
55_0_0     0.37170255  0.34492467  0.35374438  0.34492467  0.35374438  0.31907375  0.32759169  0.32759169  0.33620790  0.34492467  0.32759169  0.33620790  0.08165327  0.00000000  0.10037541  0.32759169  0.29408774  0.24649171  0.26991064  0.27788303  0.27788303  0.29408774  0.28594143  0.28594143  0.26991064  0.26202246  0.29408774  0.37170255  0.34492467  0.31065186  0.32759169  0.34492467  0.35374438  0.35374438  0.34492467  0.33620790  0.34492467  0.34492467  0.34492467  0.31065186  0.33620790  0.31907375  0.32759169  0.33620790  0.32759169  0.31065186  0.39010318  0.32759169  0.32759169  0.38084620  0.39010318  0.36266949  0.34492467  0.39010318  0.36266949  0.36266949  0.38084620  0.40896863  0.39947634  0.38084620  0.40896863  0.39010318  0.38084620  0.39947634  0.39947634  0.42832298  0.39947634  0.38084620  0.39010318  0.39010318  0.36266949  0.36266949  0.40896863  0.40896863  0.36266949  0.36266949  0.35374438  0.34492467  0.39010318  0.39010318  0.37170255  0.34492467  0.38084620  0.32759169  0.37170255  0.27788303  0.26202246  0.31065186  0.30232388  0.30232388  0.31065186  0.31065186  0.31065186  0.28594143  0.31907375  0.28594143  0.29408774  0.33620790  0.31065186  0.31907375  0.32759169  0.30232388  0.31065186  0.31907375  0.31907375  0.31907375  0.33620790  0.34492467  0.32759169  0.39010318  0.34492467  0.44819227  0.42832298  0.40896863  0.44819227  0.40896863  0.46860463  0.44819227  0.46860463  0.43819155  0.36266949  0.35374438  0.35374438  0.34492467  0.42832298  0.43819155  0.43819155  0.43819155  0.44819227  0.38084620  0.34492467  0.34492467  0.33620790  0.34492467  0.37170255  0.38084620  0.40896863  0.41858311  0.46860463  0.44819227  0.44819227  0.44819227  0.47902390  0.40896863  0.47902390  0.46860463  0.46860463  0.46860463  0.47902390  0.42832298  0.44819227  0.48959059  0.51118332  
29_0_0     0.33620790  0.32759169  0.31907375  0.31065186  0.33620790  0.31907375  0.31907375  0.31907375  0.34492467  0.32759169  0.31907375  0.28594143  0.08784198  0.10037541  0.00000000  0.33620790  0.26991064  0.28594143  0.31907375  0.31907375  0.31907375  0.30232388  0.31065186  0.31065186  0.32759169  0.31907375  0.34492467  0.32759169  0.35374438  0.31907375  0.30232388  0.35374438  0.36266949  0.33620790  0.31065186  0.31065186  0.32759169  0.33620790  0.36266949  0.31907375  0.31065186  0.31065186  0.31907375  0.32759169  0.31907375  0.31065186  0.35374438  0.34492467  0.34492467  0.44819227  0.36266949  0.36266949  0.36266949  0.34492467  0.34492467  0.31065186  0.37170255  0.33620790  0.32759169  0.32759169  0.33620790  0.37170255  0.40896863  0.42832298  0.44819227  0.41858311  0.43819155  0.42832298  0.41858311  0.41858311  0.40896863  0.40896863  0.42832298  0.42832298  0.40896863  0.40896863  0.37170255  0.38084620  0.38084620  0.38084620  0.31907375  0.36266949  0.39010318  0.27788303  0.30232388  0.25421671  0.24649171  0.27788303  0.28594143  0.30232388  0.28594143  0.31065186  0.31065186  0.30232388  0.31065186  0.26991064  0.27788303  0.34492467  0.31907375  0.28594143  0.32759169  0.31907375  0.30232388  0.31065186  0.31065186  0.31065186  0.32759169  0.33620790  0.31907375  0.35374438  0.36266949  0.41858311  0.36266949  0.32759169  0.34492467  0.36266949  0.38084620  0.34492467  0.39947634  0.33620790  0.38084620  0.34492467  0.34492467  0.32759169  0.39010318  0.42832298  0.44819227  0.47902390  0.48959059  0.41858311  0.40896863  0.40896863  0.41858311  0.42832298  0.41858311  0.42832298  0.40896863  0.39947634  0.45832871  0.41858311  0.41858311  0.41858311  0.41858311  0.39947634  0.43819155  0.42832298  0.42832298  0.46860463  0.47902390  0.45832871  0.42832298  0.46860463  0.47902390  
88_0_0     0.39947634  0.44819227  0.42832298  0.38084620  0.38084620  0.38084620  0.36266949  0.36266949  0.39010318  0.39010318  0.38084620  0.40896863  0.29408774  0.32759169  0.33620790  0.00000000  0.23127736  0.31907375  0.42832298  0.36266949  0.36266949  0.36266949  0.35374438  0.33620790  0.31065186  0.30232388  0.29408774  0.40896863  0.33620790  0.35374438  0.35374438  0.32759169  0.33620790  0.36266949  0.36266949  0.38084620  0.38084620  0.37170255  0.40896863  0.39010318  0.39010318  0.39947634  0.40896863  0.39947634  0.39010318  0.39010318  0.39947634  0.37170255  0.37170255  0.39947634  0.36266949  0.32759169  0.34492467  0.39010318  0.39010318  0.42832298  0.39010318  0.40896863  0.40896863  0.39010318  0.42832298  0.42832298  0.37170255  0.37170255  0.36266949  0.31907375  0.35374438  0.32759169  0.33620790  0.37170255  0.31065186  0.31065186  0.32759169  0.32759169  0.35374438  0.34492467  0.42832298  0.44819227  0.42832298  0.36266949  0.36266949  0.37170255  0.43819155  0.34492467  0.37170255  0.36266949  0.36266949  0.36266949  0.35374438  0.36266949  0.35374438  0.36266949  0.36266949  0.37170255  0.39947634  0.37170255  0.36266949  0.33620790  0.33620790  0.31065186  0.30232388  0.40896863  0.40896863  0.39947634  0.39947634  0.39947634  0.39010318  0.38084620  0.37170255  0.45832871  0.39010318  0.39010318  0.40896863  0.41858311  0.39947634  0.40896863  0.39010318  0.40896863  0.39947634  0.40896863  0.39947634  0.38084620  0.38084620  0.41858311  0.39010318  0.40896863  0.37170255  0.40896863  0.39947634  0.39010318  0.38084620  0.38084620  0.39947634  0.39947634  0.38084620  0.39010318  0.53341897  0.50030893  0.45832871  0.42832298  0.42832298  0.42832298  0.50030893  0.43819155  0.53341897  0.52221840  0.52221840  0.53341897  0.46860463  0.51118332  0.48959059  0.48959059  0.47902390  
51_0_0     0.37170255  0.40896863  0.39010318  0.40896863  0.31907375  0.33620790  0.31065186  0.31065186  0.31907375  0.31907375  0.31065186  0.34492467  0.24649171  0.29408774  0.26991064  0.23127736  0.00000000  0.25421671  0.32759169  0.30232388  0.30232388  0.31065186  0.30232388  0.30232388  0.26202246  0.25421671  0.23884579  0.39947634  0.29408774  0.31065186  0.31065186  0.31065186  0.31907375  0.31907375  0.31065186  0.33620790  0.32759169  0.31907375  0.31907375  0.37170255  0.31907375  0.36266949  0.35374438  0.36266949  0.35374438  0.34492467  0.40896863  0.31907375  0.31907375  0.41858311  0.36266949  0.33620790  0.39010318  0.36266949  0.34492467  0.34492467  0.34492467  0.35374438  0.38084620  0.36266949  0.37170255  0.39010318  0.31907375  0.34492467  0.36266949  0.37170255  0.37170255  0.36266949  0.35374438  0.31907375  0.31065186  0.31065186  0.30232388  0.29408774  0.32759169  0.32759169  0.28594143  0.30232388  0.31907375  0.36266949  0.39010318  0.41858311  0.41858311  0.34492467  0.37170255  0.32759169  0.32759169  0.34492467  0.36266949  0.35374438  0.38084620  0.32759169  0.32759169  0.32759169  0.34492467  0.33620790  0.32759169  0.45832871  0.41858311  0.39010318  0.45832871  0.44819227  0.42832298  0.41858311  0.43819155  0.43819155  0.42832298  0.41858311  0.42832298  0.46860463  0.31907375  0.40896863  0.39947634  0.36266949  0.38084620  0.39947634  0.41858311  0.39947634  0.42832298  0.37170255  0.35374438  0.35374438  0.35374438  0.34492467  0.39010318  0.44819227  0.43819155  0.39010318  0.39947634  0.42832298  0.39947634  0.38084620  0.39947634  0.40896863  0.41858311  0.42832298  0.39010318  0.39947634  0.39947634  0.39947634  0.39947634  0.39947634  0.39947634  0.35374438  0.40896863  0.39947634  0.39947634  0.44819227  0.44819227  0.48959059  0.42832298  0.46860463  0.47902390  
97_0_0     0.26202246  0.26202246  0.26202246  0.26202246  0.26202246  0.25421671  0.27788303  0.27788303  0.31065186  0.32759169  0.29408774  0.24649171  0.28594143  0.24649171  0.28594143  0.31907375  0.25421671  0.00000000  0.17334194  0.15272466  0.15272466  0.20902162  0.18740994  0.17334194  0.18034282  0.18740994  0.20902162  0.27788303  0.24649171  0.23127736  0.24649171  0.26202246  0.26991064  0.24649171  0.24649171  0.26202246  0.25421671  0.25421671  0.28594143  0.25421671  0.27788303  0.26991064  0.27788303  0.25421671  0.26202246  0.25421671  0.30232388  0.26202246  0.26202246  0.27788303  0.21636676  0.24649171  0.26991064  0.25421671  0.23127736  0.20902162  0.23127736  0.24649171  0.26991064  0.25421671  0.23127736  0.22378485  0.26991064  0.26991064  0.26991064  0.31065186  0.31065186  0.27788303  0.27788303  0.27788303  0.26991064  0.26991064  0.27788303  0.26991064  0.26991064  0.26991064  0.24649171  0.31907375  0.26991064  0.27788303  0.26991064  0.29408774  0.34492467  0.26202246  0.25421671  0.30232388  0.30232388  0.30232388  0.32759169  0.33620790  0.34492467  0.31907375  0.31907375  0.31907375  0.33620790  0.33620790  0.32759169  0.26202246  0.25421671  0.23127736  0.27788303  0.29408774  0.27788303  0.26991064  0.28594143  0.28594143  0.26991064  0.26202246  0.26991064  0.41858311  0.28594143  0.29408774  0.34492467  0.31907375  0.33620790  0.30232388  0.33620790  0.36266949  0.32759169  0.34492467  0.26202246  0.26202246  0.26202246  0.23884579  0.33620790  0.39010318  0.36266949  0.33620790  0.32759169  0.30232388  0.29408774  0.29408774  0.29408774  0.30232388  0.28594143  0.31065186  0.32759169  0.32759169  0.37170255  0.29408774  0.29408774  0.29408774  0.39010318  0.27788303  0.40896863  0.39947634  0.39947634  0.36266949  0.39010318  0.37170255  0.37170255  0.39947634  0.40896863  
67_0_0     0.30232388  0.28594143  0.28594143  0.29408774  0.32759169  0.30232388  0.31907375  0.31907375  0.33620790  0.34492467  0.33620790  0.32759169  0.32759169  0.26991064  0.31907375  0.42832298  0.32759169  0.17334194  0.00000000  0.21636676  0.21636676  0.21636676  0.22378485  0.22378485  0.26202246  0.25421671  0.26202246  0.33620790  0.37170255  0.33620790  0.35374438  0.37170255  0.38084620  0.31907375  0.29408774  0.28594143  0.30232388  0.29408774  0.31065186  0.29408774  0.28594143  0.26991064  0.26202246  0.28594143  0.27788303  0.29408774  0.33620790  0.28594143  0.28594143  0.26991064  0.30232388  0.30232388  0.27788303  0.31065186  0.28594143  0.29408774  0.31065186  0.31907375  0.32759169  0.31065186  0.30232388  0.29408774  0.33620790  0.33620790  0.33620790  0.36266949  0.33620790  0.32759169  0.32759169  0.34492467  0.35374438  0.35374438  0.38084620  0.37170255  0.31907375  0.31907375  0.34492467  0.39010318  0.32759169  0.38084620  0.29408774  0.28594143  0.32759169  0.31065186  0.30232388  0.32759169  0.31065186  0.36266949  0.39010318  0.39947634  0.37170255  0.39947634  0.39947634  0.37170255  0.38084620  0.36266949  0.37170255  0.27788303  0.28594143  0.27788303  0.28594143  0.26991064  0.25421671  0.26202246  0.26202246  0.26202246  0.29408774  0.28594143  0.30232388  0.41858311  0.27788303  0.35374438  0.31065186  0.28594143  0.30232388  0.28594143  0.32759169  0.33620790  0.30232388  0.31065186  0.32759169  0.29408774  0.29408774  0.29408774  0.41858311  0.38084620  0.39947634  0.42832298  0.43819155  0.33620790  0.34492467  0.36266949  0.35374438  0.36266949  0.31907375  0.35374438  0.34492467  0.34492467  0.45832871  0.42832298  0.42832298  0.42832298  0.41858311  0.36266949  0.44819227  0.43819155  0.43819155  0.38084620  0.41858311  0.39947634  0.39947634  0.39010318  0.41858311  
94_0_0     0.31065186  0.33620790  0.32759169  0.31065186  0.28594143  0.27788303  0.32759169  0.32759169  0.33620790  0.36266949  0.31065186  0.31907375  0.26991064  0.27788303  0.31907375  0.36266949  0.30232388  0.15272466  0.21636676  0.00000000  0.00000000  0.08784198  0.06942760  0.10672189  0.27788303  0.28594143  0.26991064  0.31907375  0.26991064  0.28594143  0.28594143  0.28594143  0.29408774  0.28594143  0.27788303  0.27788303  0.27788303  0.27788303  0.27788303  0.27788303  0.28594143  0.26202246  0.26991064  0.24649171  0.25421671  0.23127736  0.29408774  0.31065186  0.31065186  0.38084620  0.31907375  0.29408774  0.30232388  0.32759169  0.31065186  0.29408774  0.31907375  0.31907375  0.31065186  0.32759169  0.30232388  0.30232388  0.31065186  0.32759169  0.32759169  0.33620790  0.35374438  0.31065186  0.31907375  0.30232388  0.31065186  0.31065186  0.31065186  0.31907375  0.26991064  0.26991064  0.29408774  0.37170255  0.35374438  0.39010318  0.31907375  0.32759169  0.33620790  0.31907375  0.32759169  0.30232388  0.30232388  0.33620790  0.38084620  0.39010318  0.36266949  0.36266949  0.36266949  0.34492467  0.39010318  0.37170255  0.36266949  0.29408774  0.28594143  0.30232388  0.31907375  0.35374438  0.33620790  0.32759169  0.34492467  0.34492467  0.34492467  0.33620790  0.32759169  0.40896863  0.32759169  0.36266949  0.32759169  0.34492467  0.34492467  0.31065186  0.34492467  0.36266949  0.36266949  0.35374438  0.29408774  0.26202246  0.26202246  0.26991064  0.47902390  0.48959059  0.43819155  0.41858311  0.42832298  0.38084620  0.32759169  0.32759169  0.32759169  0.33620790  0.35374438  0.38084620  0.40896863  0.41858311  0.45832871  0.39947634  0.39947634  0.39947634  0.45832871  0.39010318  0.45832871  0.44819227  0.44819227  0.41858311  0.42832298  0.45832871  0.39947634  0.40896863  0.41858311  
58_0_0     0.31065186  0.33620790  0.32759169  0.31065186  0.28594143  0.27788303  0.32759169  0.32759169  0.33620790  0.36266949  0.31065186  0.31907375  0.26991064  0.27788303  0.31907375  0.36266949  0.30232388  0.15272466  0.21636676  0.00000000  0.00000000  0.08784198  0.06942760  0.10672189  0.27788303  0.28594143  0.26991064  0.31907375  0.26991064  0.28594143  0.28594143  0.28594143  0.29408774  0.28594143  0.27788303  0.27788303  0.27788303  0.27788303  0.27788303  0.27788303  0.28594143  0.26202246  0.26991064  0.24649171  0.25421671  0.23127736  0.29408774  0.31065186  0.31065186  0.38084620  0.31907375  0.29408774  0.30232388  0.32759169  0.31065186  0.29408774  0.31907375  0.31907375  0.31065186  0.32759169  0.30232388  0.30232388  0.31065186  0.32759169  0.32759169  0.33620790  0.35374438  0.31065186  0.31907375  0.30232388  0.31065186  0.31065186  0.31065186  0.31907375  0.26991064  0.26991064  0.29408774  0.37170255  0.35374438  0.39010318  0.31907375  0.32759169  0.33620790  0.31907375  0.32759169  0.30232388  0.30232388  0.33620790  0.38084620  0.39010318  0.36266949  0.36266949  0.36266949  0.34492467  0.39010318  0.37170255  0.36266949  0.29408774  0.28594143  0.30232388  0.31907375  0.35374438  0.33620790  0.32759169  0.34492467  0.34492467  0.34492467  0.33620790  0.32759169  0.40896863  0.32759169  0.36266949  0.32759169  0.34492467  0.34492467  0.31065186  0.34492467  0.36266949  0.36266949  0.35374438  0.29408774  0.26202246  0.26202246  0.26991064  0.47902390  0.48959059  0.43819155  0.41858311  0.42832298  0.38084620  0.32759169  0.32759169  0.32759169  0.33620790  0.35374438  0.38084620  0.40896863  0.41858311  0.45832871  0.39947634  0.39947634  0.39947634  0.45832871  0.39010318  0.45832871  0.44819227  0.44819227  0.41858311  0.42832298  0.45832871  0.39947634  0.40896863  0.41858311  
