6
20_0_0     0.00000000  0.06074022  0.32997339  0.31711579  0.32997339  0.31711579  
16_0_0     0.06074022  0.00000000  0.34305647  0.32997339  0.34305647  0.32997339  
15_0_0     0.32997339  0.34305647  0.00000000  0.00838023  0.01685566  0.00838023  
17_0_0     0.31711579  0.32997339  0.00838023  0.00000000  0.00838023  0.00000000  
19_0_0     0.32997339  0.34305647  0.01685566  0.00838023  0.00000000  0.00838023  
18_0_0     0.31711579  0.32997339  0.00838023  0.00000000  0.00838023  0.00000000  

