8
10_0_0     0.00000000  0.03384877  0.03384877  0.08564028  0.10656412  0.06931595  0.09393914  0.09393914  
7_0_0      0.03384877  0.00000000  0.00738962  0.09812364  0.11940767  0.07743322  0.10233188  0.10233188  
11_0_0     0.03384877  0.00738962  0.00000000  0.09812364  0.11510173  0.07743322  0.09393914  0.09393914  
6_0_0      0.08564028  0.09812364  0.09812364  0.00000000  0.08977811  0.05730418  0.07336349  0.07336349  
9_0_0      0.10656412  0.11940767  0.11510173  0.08977811  0.00000000  0.09393914  0.10656412  0.10656412  
1_0_0      0.06931595  0.07743322  0.07743322  0.05730418  0.09393914  0.00000000  0.05730418  0.05730418  
8_0_0      0.09393914  0.10233188  0.09393914  0.07336349  0.10656412  0.05730418  0.00000000  0.00000000  
2_0_0      0.09393914  0.10233188  0.09393914  0.07336349  0.10656412  0.05730418  0.00000000  0.00000000  

