20
3_0_0      0.00000000  0.02017105  0.01001728  0.39817052  0.52764044  0.53780936  0.61316449  0.62457961  0.60192160  0.60192160  0.52764044  0.52764044  0.53780936  0.53780936  0.47877874  0.47877874  0.53780936  0.48829813  0.49794070  0.46937943  
2_0_0      0.02017105  0.00000000  0.02017105  0.38138294  0.53780936  0.54811896  0.60192160  0.59084581  0.56917620  0.56917620  0.51760843  0.53780936  0.54811896  0.54811896  0.48829813  0.48829813  0.56917620  0.51760843  0.52764044  0.46937943  
1_0_0      0.01001728  0.02017105  0.00000000  0.38138294  0.52764044  0.53780936  0.61316449  0.60192160  0.57993224  0.57993224  0.52764044  0.52764044  0.53780936  0.53780936  0.47877874  0.47877874  0.53780936  0.48829813  0.49794070  0.46937943  
20_0_0     0.39817052  0.38138294  0.38138294  0.00000000  0.46009720  0.46937943  0.53780936  0.39817052  0.41534502  0.41534502  0.32543699  0.34890146  0.35689006  0.35689006  0.38138294  0.38972946  0.41534502  0.44187257  0.42408303  0.35689006  
8_0_0      0.52764044  0.53780936  0.52764044  0.46009720  0.00000000  0.00499181  0.19186398  0.23833612  0.24521806  0.24521806  0.37312887  0.38972946  0.38138294  0.38138294  0.38138294  0.34890146  0.37312887  0.38138294  0.41534502  0.39817052  
18_0_0     0.53780936  0.54811896  0.53780936  0.46937943  0.00499181  0.00000000  0.18545551  0.24521806  0.25216415  0.25216415  0.36496524  0.38138294  0.37312887  0.37312887  0.37312887  0.34099759  0.38138294  0.37312887  0.42408303  0.40670829  
19_0_0     0.61316449  0.60192160  0.61316449  0.53780936  0.19186398  0.18545551  0.00000000  0.21806361  0.22476002  0.22476002  0.41534502  0.43292471  0.42408303  0.42408303  0.37312887  0.35689006  0.39817052  0.46009720  0.48829813  0.45092917  
7_0_0      0.62457961  0.59084581  0.60192160  0.39817052  0.23833612  0.24521806  0.21806361  0.00000000  0.02530030  0.02530030  0.35689006  0.38972946  0.38138294  0.38138294  0.39817052  0.38138294  0.37312887  0.42408303  0.42408303  0.41534502  
9_0_0      0.60192160  0.56917620  0.57993224  0.41534502  0.24521806  0.25216415  0.22476002  0.02530030  0.00000000  0.00000000  0.35689006  0.38972946  0.38138294  0.38138294  0.39817052  0.38138294  0.37312887  0.44187257  0.46009720  0.43292471  
13_0_0     0.60192160  0.56917620  0.57993224  0.41534502  0.24521806  0.25216415  0.22476002  0.02530030  0.00000000  0.00000000  0.35689006  0.38972946  0.38138294  0.38138294  0.39817052  0.38138294  0.37312887  0.44187257  0.46009720  0.43292471  
5_0_0      0.52764044  0.51760843  0.52764044  0.32543699  0.37312887  0.36496524  0.41534502  0.35689006  0.35689006  0.35689006  0.00000000  0.04090333  0.03566594  0.03566594  0.16035894  0.15421467  0.35689006  0.36496524  0.38138294  0.34890146  
10_0_0     0.52764044  0.53780936  0.52764044  0.34890146  0.38972946  0.38138294  0.43292471  0.38972946  0.38972946  0.38972946  0.04090333  0.00000000  0.00499181  0.00499181  0.13608012  0.14207607  0.38972946  0.38138294  0.38138294  0.34890146  
4_0_0      0.53780936  0.54811896  0.53780936  0.35689006  0.38138294  0.37312887  0.42408303  0.38138294  0.38138294  0.38138294  0.03566594  0.00499181  0.00000000  0.00000000  0.13013203  0.13608012  0.38138294  0.37312887  0.37312887  0.35689006  
12_0_0     0.53780936  0.54811896  0.53780936  0.35689006  0.38138294  0.37312887  0.42408303  0.38138294  0.38138294  0.38138294  0.03566594  0.00499181  0.00000000  0.00000000  0.13013203  0.13608012  0.38138294  0.37312887  0.37312887  0.35689006  
17_0_0     0.47877874  0.48829813  0.47877874  0.38138294  0.38138294  0.37312887  0.37312887  0.39817052  0.39817052  0.39817052  0.16035894  0.13608012  0.13013203  0.13013203  0.00000000  0.02530030  0.34099759  0.34890146  0.34890146  0.35689006  
11_0_0     0.47877874  0.48829813  0.47877874  0.38972946  0.34890146  0.34099759  0.35689006  0.38138294  0.38138294  0.38138294  0.15421467  0.14207607  0.13608012  0.13608012  0.02530030  0.00000000  0.33317668  0.34099759  0.35689006  0.34890146  
6_0_0      0.53780936  0.56917620  0.53780936  0.41534502  0.37312887  0.38138294  0.39817052  0.37312887  0.37312887  0.37312887  0.35689006  0.38972946  0.38138294  0.38138294  0.34099759  0.33317668  0.00000000  0.10108357  0.15421467  0.28061468  
14_0_0     0.48829813  0.51760843  0.48829813  0.44187257  0.38138294  0.37312887  0.46009720  0.42408303  0.44187257  0.44187257  0.36496524  0.38138294  0.37312887  0.37312887  0.34890146  0.34099759  0.10108357  0.00000000  0.10108357  0.25917560  
15_0_0     0.49794070  0.52764044  0.49794070  0.42408303  0.41534502  0.42408303  0.48829813  0.42408303  0.46009720  0.46009720  0.38138294  0.38138294  0.37312887  0.37312887  0.34890146  0.35689006  0.15421467  0.10108357  0.00000000  0.22476002  
16_0_0     0.46937943  0.46937943  0.46937943  0.35689006  0.39817052  0.40670829  0.45092917  0.41534502  0.43292471  0.43292471  0.34890146  0.34890146  0.35689006  0.35689006  0.35689006  0.34890146  0.28061468  0.25917560  0.22476002  0.00000000  

