20
15_0_0     0.00000000  0.00567180  0.11615525  0.12953638  0.25448513  0.24650920  0.26254961  0.31291216  0.53481590  0.51159754  0.46727512  0.40548323  0.40548323  0.44608841  0.45660453  0.48909835  0.60928603  0.62247522  0.55880093  0.52311396  
17_0_0     0.00567180  0.00000000  0.10955600  0.12281500  0.24650920  0.23861988  0.25448513  0.30427218  0.54670943  0.50026084  0.45660453  0.39567691  0.39567691  0.43572236  0.44608841  0.47810479  0.59633204  0.60928603  0.57109710  0.51159754  
14_0_0     0.11615525  0.10955600  0.00000000  0.04666498  0.16410898  0.16410898  0.17841227  0.27070462  0.51159754  0.47810479  0.46727512  0.40548323  0.40548323  0.46727512  0.46727512  0.50026084  0.55880093  0.54670943  0.54670943  0.51159754  
18_0_0     0.12953638  0.12281500  0.04666498  0.00000000  0.18567093  0.18567093  0.20040953  0.29573376  0.54670943  0.46727512  0.47810479  0.41542373  0.41542373  0.45660453  0.45660453  0.53481590  0.53481590  0.54670943  0.51159754  0.54670943  
20_0_0     0.25448513  0.24650920  0.16410898  0.18567093  0.00000000  0.04666498  0.05881514  0.18567093  0.46727512  0.47810479  0.48909835  0.44608841  0.42550215  0.51159754  0.48909835  0.42550215  0.55880093  0.59633204  0.52311396  0.52311396  
13_0_0     0.24650920  0.23861988  0.16410898  0.18567093  0.04666498  0.00000000  0.01138824  0.18567093  0.46727512  0.45660453  0.42550215  0.40548323  0.38600121  0.48909835  0.48909835  0.38600121  0.53481590  0.54670943  0.52311396  0.51159754  
19_0_0     0.26254961  0.25448513  0.17841227  0.20040953  0.05881514  0.01138824  0.00000000  0.20040953  0.46727512  0.45660453  0.42550215  0.42550215  0.40548323  0.51159754  0.51159754  0.36702806  0.53481590  0.57109710  0.54670943  0.53481590  
16_0_0     0.31291216  0.30427218  0.27070462  0.29573376  0.18567093  0.18567093  0.20040953  0.00000000  0.51159754  0.43572236  0.42550215  0.40548323  0.40548323  0.48909835  0.48909835  0.41542373  0.57109710  0.55880093  0.53481590  0.48909835  
8_0_0      0.53481590  0.54670943  0.51159754  0.54670943  0.46727512  0.46727512  0.46727512  0.51159754  0.00000000  0.17122542  0.19300285  0.20040953  0.20040953  0.24650920  0.24650920  0.27895222  0.50026084  0.50026084  0.43572236  0.37645270  
1_0_0      0.51159754  0.50026084  0.47810479  0.46727512  0.47810479  0.45660453  0.45660453  0.43572236  0.17122542  0.00000000  0.09011049  0.12281500  0.12281500  0.15008188  0.15008188  0.24650920  0.41542373  0.39567691  0.33946631  0.37645270  
5_0_0      0.46727512  0.45660453  0.46727512  0.47810479  0.48909835  0.42550215  0.42550215  0.42550215  0.19300285  0.09011049  0.00000000  0.04066527  0.04066527  0.07743011  0.07743011  0.18567093  0.43572236  0.39567691  0.33946631  0.32165613  
2_0_0      0.40548323  0.39567691  0.40548323  0.41542373  0.44608841  0.40548323  0.42550215  0.40548323  0.20040953  0.12281500  0.04066527  0.00000000  0.01138824  0.05881514  0.05881514  0.17841227  0.42550215  0.36702806  0.34853786  0.33050664  
12_0_0     0.40548323  0.39567691  0.40548323  0.41542373  0.42550215  0.38600121  0.40548323  0.40548323  0.20040953  0.12281500  0.04066527  0.01138824  0.00000000  0.07117197  0.07117197  0.17841227  0.42550215  0.37645270  0.34853786  0.34853786  
4_0_0      0.44608841  0.43572236  0.46727512  0.45660453  0.51159754  0.48909835  0.51159754  0.48909835  0.24650920  0.15008188  0.07743011  0.05881514  0.07117197  0.00000000  0.01138824  0.17841227  0.45660453  0.39567691  0.35772414  0.34853786  
11_0_0     0.45660453  0.44608841  0.46727512  0.45660453  0.48909835  0.48909835  0.51159754  0.48909835  0.24650920  0.15008188  0.07743011  0.05881514  0.07117197  0.01138824  0.00000000  0.19300285  0.47810479  0.41542373  0.35772414  0.33946631  
10_0_0     0.48909835  0.47810479  0.50026084  0.53481590  0.42550215  0.38600121  0.36702806  0.41542373  0.27895222  0.24650920  0.18567093  0.17841227  0.17841227  0.17841227  0.19300285  0.00000000  0.40548323  0.38600121  0.36702806  0.40548323  
3_0_0      0.60928603  0.59633204  0.55880093  0.53481590  0.55880093  0.53481590  0.53481590  0.57109710  0.50026084  0.41542373  0.43572236  0.42550215  0.42550215  0.45660453  0.47810479  0.40548323  0.00000000  0.07743011  0.17122542  0.51159754  
6_0_0      0.62247522  0.60928603  0.54670943  0.54670943  0.59633204  0.54670943  0.57109710  0.55880093  0.50026084  0.39567691  0.39567691  0.36702806  0.37645270  0.39567691  0.41542373  0.38600121  0.07743011  0.00000000  0.17122542  0.48909835  
9_0_0      0.55880093  0.57109710  0.54670943  0.51159754  0.52311396  0.52311396  0.54670943  0.53481590  0.43572236  0.33946631  0.33946631  0.34853786  0.34853786  0.35772414  0.35772414  0.36702806  0.17122542  0.17122542  0.00000000  0.47810479  
7_0_0      0.52311396  0.51159754  0.51159754  0.54670943  0.52311396  0.51159754  0.53481590  0.48909835  0.37645270  0.37645270  0.32165613  0.33050664  0.34853786  0.34853786  0.33946631  0.40548323  0.51159754  0.48909835  0.47810479  0.00000000  

