20
6_0_0      0.00000000  0.14141236  0.27873830  0.27873830  0.28583744  0.36539177  0.32494489  0.33910331  0.33910331  0.22378468  0.22378468  0.21744594  0.28011170  0.24244862  0.22252916  0.22872034  0.25864772  0.27080705  0.26413691  0.26413691  
14_0_0     0.14141236  0.00000000  0.28995758  0.28995758  0.29715885  0.32958310  0.27034655  0.34703261  0.36330872  0.17938202  0.17938202  0.18516351  0.30567305  0.22348513  0.20443534  0.18701923  0.26527371  0.21994690  0.23837379  0.23837379  
9_0_0      0.27873830  0.28995758  0.00000000  0.00000000  0.00401730  0.16803030  0.18112742  0.20613969  0.21829139  0.22663650  0.22663650  0.22034974  0.27881583  0.26351196  0.26899963  0.26221841  0.33130695  0.29989843  0.32198240  0.32198240  
13_0_0     0.27873830  0.28995758  0.00000000  0.00000000  0.00401730  0.16803030  0.18112742  0.20613969  0.21829139  0.22663650  0.22663650  0.22034974  0.27881583  0.26351196  0.26899963  0.26221841  0.33130695  0.29989843  0.32198240  0.32198240  
7_0_0      0.28583744  0.29715885  0.00401730  0.00401730  0.00000000  0.17367152  0.18112742  0.20018088  0.21217585  0.22034974  0.22034974  0.21414683  0.27199548  0.25677637  0.26899963  0.26221841  0.32363914  0.30714385  0.32958310  0.32958310  
15_0_0     0.36539177  0.32958310  0.16803030  0.16803030  0.17367152  0.00000000  0.23947089  0.28011170  0.30867271  0.26221841  0.26221841  0.25553466  0.33230563  0.31609572  0.29276417  0.28573771  0.39956934  0.38021478  0.37187927  0.37187927  
19_0_0     0.32494489  0.27034655  0.18112742  0.18112742  0.18112742  0.23947089  0.00000000  0.23827915  0.21313843  0.21520095  0.21520095  0.22144848  0.28444139  0.31945694  0.31360823  0.29147450  0.36129262  0.36754219  0.37588832  0.37588832  
8_0_0      0.33910331  0.34703261  0.20613969  0.20613969  0.20018088  0.28011170  0.23827915  0.00000000  0.01628173  0.28146181  0.28146181  0.27453261  0.33834533  0.30714385  0.28444139  0.27757425  0.38021478  0.38664001  0.41280844  0.41280844  
18_0_0     0.33910331  0.36330872  0.21829139  0.21829139  0.21217585  0.30867271  0.21313843  0.01628173  0.00000000  0.29563786  0.29563786  0.28849582  0.32330082  0.32198240  0.29848759  0.29141146  0.38021478  0.40392100  0.43110969  0.43110969  
3_0_0      0.22378468  0.17938202  0.22663650  0.22663650  0.22034974  0.26221841  0.21520095  0.28146181  0.29563786  0.00000000  0.00000000  0.00401730  0.25677637  0.20613969  0.21733200  0.21125923  0.25978621  0.25864772  0.25211481  0.25211481  
2_0_0      0.22378468  0.17938202  0.22663650  0.22663650  0.22034974  0.26221841  0.21520095  0.28146181  0.29563786  0.00000000  0.00000000  0.00401730  0.25677637  0.20613969  0.21733200  0.21125923  0.25978621  0.25864772  0.25211481  0.25211481  
1_0_0      0.21744594  0.18516351  0.22034974  0.22034974  0.21414683  0.25553466  0.22144848  0.27453261  0.28849582  0.00401730  0.00401730  0.00000000  0.25013694  0.20018088  0.21125923  0.20526474  0.25320379  0.26527371  0.25864772  0.25864772  
16_0_0     0.28011170  0.30567305  0.27881583  0.27881583  0.27199548  0.33230563  0.28444139  0.33834533  0.32330082  0.25677637  0.25677637  0.25013694  0.00000000  0.22448842  0.21125923  0.21125923  0.22776803  0.23931804  0.23304933  0.23304933  
17_0_0     0.24244862  0.22348513  0.26351196  0.26351196  0.25677637  0.31609572  0.31945694  0.30714385  0.32198240  0.20613969  0.20613969  0.20018088  0.22448842  0.00000000  0.05489058  0.05489058  0.12112074  0.11554187  0.11053610  0.11053610  
20_0_0     0.22252916  0.20443534  0.26899963  0.26899963  0.26899963  0.29276417  0.31360823  0.28444139  0.29848759  0.21733200  0.21733200  0.21125923  0.21125923  0.05489058  0.00000000  0.02464148  0.13089084  0.11011288  0.11508996  0.11508996  
11_0_0     0.22872034  0.18701923  0.26221841  0.26221841  0.26221841  0.28573771  0.29147450  0.27757425  0.29141146  0.21125923  0.21125923  0.20526474  0.21125923  0.05489058  0.02464148  0.00000000  0.14676376  0.11508996  0.12012089  0.12012089  
5_0_0      0.25864772  0.26527371  0.33130695  0.33130695  0.32363914  0.39956934  0.36129262  0.38021478  0.38021478  0.25978621  0.25978621  0.25320379  0.22776803  0.12112074  0.13089084  0.14676376  0.00000000  0.05489058  0.04164009  0.04164009  
10_0_0     0.27080705  0.21994690  0.29989843  0.29989843  0.30714385  0.38021478  0.36754219  0.38664001  0.40392100  0.25864772  0.25864772  0.26527371  0.23931804  0.11554187  0.11011288  0.11508996  0.05489058  0.00000000  0.01215754  0.01215754  
12_0_0     0.26413691  0.23837379  0.32198240  0.32198240  0.32958310  0.37187927  0.37588832  0.41280844  0.43110969  0.25211481  0.25211481  0.25864772  0.23304933  0.11053610  0.11508996  0.12012089  0.04164009  0.01215754  0.00000000  0.00000000  
4_0_0      0.26413691  0.23837379  0.32198240  0.32198240  0.32958310  0.37187927  0.37588832  0.41280844  0.43110969  0.25211481  0.25211481  0.25864772  0.23304933  0.11053610  0.11508996  0.12012089  0.04164009  0.01215754  0.00000000  0.00000000  

