20
6_0_0      0.00000000  0.18790682  0.31058368  0.31058368  0.31058368  0.34066090  0.33218327  0.43422307  0.45279773  0.29631019  0.32623974  0.33403599  0.26448129  0.31058368  0.31946668  0.31058368  0.36893170  0.35905448  0.34341225  0.33578582  
14_0_0     0.18790682  0.00000000  0.40944333  0.40944333  0.40944333  0.37524629  0.29761133  0.43203576  0.43203576  0.32107122  0.33637521  0.32865970  0.30478191  0.29055060  0.30625912  0.29761133  0.37085143  0.34504402  0.35286982  0.34504402  
9_0_0      0.31058368  0.40944333  0.00000000  0.00000000  0.00401746  0.18635807  0.19227603  0.35031910  0.33463478  0.25135652  0.26448129  0.27118654  0.41840430  0.36707928  0.37338354  0.36357524  0.38356063  0.36529387  0.36529387  0.35734376  
13_0_0     0.31058368  0.40944333  0.00000000  0.00000000  0.00401746  0.18635807  0.19227603  0.35031910  0.33463478  0.25135652  0.26448129  0.27118654  0.41840430  0.36707928  0.37338354  0.36357524  0.38356063  0.36529387  0.36529387  0.35734376  
7_0_0      0.31058368  0.40944333  0.00401746  0.00401746  0.00000000  0.18635807  0.19227603  0.35031910  0.33463478  0.25135652  0.26448129  0.27118654  0.41840430  0.36707928  0.37338354  0.36357524  0.37524629  0.35734376  0.35734376  0.34952845  
15_0_0     0.34066090  0.37524629  0.18635807  0.18635807  0.18635807  0.00000000  0.20837001  0.36267297  0.34673894  0.34849722  0.34849722  0.35646909  0.35905448  0.39650189  0.39453541  0.40108382  0.42738104  0.42520912  0.42520912  0.43422307  
19_0_0     0.33218327  0.29761133  0.19227603  0.19227603  0.19227603  0.20837001  0.00000000  0.26567171  0.29332069  0.26955046  0.29788753  0.30525265  0.39203707  0.30478191  0.31792099  0.30915917  0.36267297  0.33734889  0.35286982  0.36083080  
8_0_0      0.43422307  0.43203576  0.35031910  0.35031910  0.35031910  0.36267297  0.26567171  0.00000000  0.01628432  0.41174980  0.41174980  0.42060427  0.45041062  0.38093596  0.40393737  0.38578252  0.43680769  0.45291903  0.45291903  0.46226982  
18_0_0     0.45279773  0.43203576  0.33463478  0.33463478  0.33463478  0.34673894  0.29332069  0.01628432  0.00000000  0.42963219  0.42963219  0.42060427  0.45041062  0.39734769  0.42110106  0.40217118  0.41916414  0.43476802  0.43476802  0.44375418  
3_0_0      0.29631019  0.32107122  0.25135652  0.25135652  0.25135652  0.34849722  0.26955046  0.41174980  0.42963219  0.00000000  0.01628432  0.02044692  0.37288278  0.32445754  0.32273478  0.32107122  0.29190826  0.28359641  0.28359641  0.27674559  
2_0_0      0.32623974  0.33637521  0.26448129  0.26448129  0.26448129  0.34849722  0.29788753  0.41174980  0.42963219  0.01628432  0.00000000  0.01215898  0.37288278  0.32445754  0.32273478  0.32107122  0.29190826  0.29055060  0.29055060  0.28359641  
1_0_0      0.33403599  0.32865970  0.27118654  0.27118654  0.27118654  0.35646909  0.30525265  0.42060427  0.42060427  0.02044692  0.01215898  0.00000000  0.38147244  0.33218327  0.33039126  0.32865970  0.29902784  0.29055060  0.29055060  0.28359641  
16_0_0     0.26448129  0.30478191  0.41840430  0.41840430  0.41840430  0.35905448  0.39203707  0.45041062  0.45041062  0.37288278  0.37288278  0.38147244  0.00000000  0.25901108  0.25135652  0.25678372  0.32698834  0.31792099  0.30336136  0.29625047  
17_0_0     0.31058368  0.29055060  0.36707928  0.36707928  0.36707928  0.39650189  0.30478191  0.38093596  0.39734769  0.32445754  0.32445754  0.33218327  0.25901108  0.00000000  0.02876198  0.03290345  0.13224870  0.14222919  0.15862466  0.16422204  
20_0_0     0.31946668  0.30625912  0.37338354  0.37338354  0.37338354  0.39453541  0.31792099  0.40393737  0.42110106  0.32273478  0.32273478  0.33039126  0.25135652  0.02876198  0.00000000  0.01211584  0.13161419  0.15236247  0.15785711  0.16341805  
11_0_0     0.31058368  0.29761133  0.36357524  0.36357524  0.36357524  0.40108382  0.30915917  0.38578252  0.40217118  0.32107122  0.32107122  0.32865970  0.25678372  0.03290345  0.01211584  0.00000000  0.13626097  0.15712855  0.16265352  0.16824552  
5_0_0      0.36893170  0.37085143  0.38356063  0.38356063  0.37524629  0.42738104  0.36267297  0.43680769  0.41916414  0.29190826  0.29190826  0.29902784  0.32698834  0.13224870  0.13161419  0.13626097  0.00000000  0.02454374  0.02876198  0.03301917  
10_0_0     0.35905448  0.34504402  0.36529387  0.36529387  0.35734376  0.42520912  0.33734889  0.45291903  0.43476802  0.28359641  0.29055060  0.29055060  0.31792099  0.14222919  0.15236247  0.15712855  0.02454374  0.00000000  0.01215898  0.01628432  
12_0_0     0.34341225  0.35286982  0.36529387  0.36529387  0.35734376  0.42520912  0.35286982  0.45291903  0.43476802  0.28359641  0.29055060  0.29055060  0.30336136  0.15862466  0.15785711  0.16265352  0.02876198  0.01215898  0.00000000  0.00401746  
4_0_0      0.33578582  0.34504402  0.35734376  0.35734376  0.34952845  0.43422307  0.36083080  0.46226982  0.44375418  0.27674559  0.28359641  0.28359641  0.29625047  0.16422204  0.16341805  0.16824552  0.03301917  0.01628432  0.00401746  0.00000000  

