fastme.f81 : 19.72617506980896
fastme.f84 : 19.770487785339355
fastme_mat.p : 25.54159426689148
ba.exp : 53.11844348907471
pipeline_dl1513197 : 79.86604714393616
