fastme_mat.p : 17.6266827583313
fastme.f81 : 19.94386863708496
ba.exp : 28.263750791549683
pipeline_dl1513197 : 66.62578415870667
