fastme_mat.p : 3.2211568894736766
fastme.f81 : 3.8889720991344454
ba.exp : 11.075401143447875
