fastme.f81 : 3.8195192408263683
fastme.f84 : 3.9927863212513923
fastme_mat.p : 5.291694100834608
ba.exp : 22.36806889405823
