22
5_0_0      0.00000000  0.07132432  0.22248465  0.33124305  0.37148630  0.35108319  0.37148630  0.39248526  0.37148630  0.31193564  0.47122283  0.52041634  0.47122283  0.49539900  0.42518025  1.24958979  0.64520278  0.96381835  0.83465435  0.81521479  0.69212350  0.70846967  
40_0_0     0.07132432  0.00000000  0.19768395  0.33124305  0.39248526  0.30247291  0.34109470  0.36121239  0.34109470  0.26582015  0.43641748  0.48320932  0.43641748  0.45943287  0.36121239  1.15135034  0.67614066  0.98779554  0.87518481  0.87518481  0.72519607  0.74232082  
22_0_0     0.22248465  0.19768395  0.00000000  0.41411592  0.42518025  0.43641748  0.50779889  0.50779889  0.50779889  0.37148630  0.52041634  0.57322395  0.47122283  0.49539900  0.45943287  1.24958979  0.67614066  0.98779554  0.96381835  0.74232082  0.83465435  0.79628694  
36_0_0     0.33124305  0.33124305  0.41411592  0.00000000  0.10624093  0.44783310  0.41411592  0.45943287  0.48320932  0.34109470  0.55965406  0.50779889  0.61554122  0.58705484  0.60115698  1.24958979  0.64520278  1.06493296  0.85463407  0.85463407  0.79628694  0.75986334  
17_0_0     0.37148630  0.39248526  0.42518025  0.10624093  0.00000000  0.48320932  0.43641748  0.48320932  0.45943287  0.36121239  0.53325915  0.50779889  0.61554122  0.58705484  0.58705484  1.32343213  0.66050535  1.01259986  0.94061492  0.77784455  0.85463407  0.70846967  
6_0_0      0.35108319  0.30247291  0.43641748  0.44783310  0.48320932  0.00000000  0.36121239  0.38190913  0.36121239  0.24817134  0.36121239  0.38190913  0.44783310  0.44783310  0.38190913  1.24958979  0.75986334  0.96381835  0.74232082  0.69212350  0.64520278  0.66050535  
33_0_0     0.37148630  0.34109470  0.50779889  0.41411592  0.43641748  0.36121239  0.00000000  0.03802490  0.05116021  0.23950676  0.41411592  0.42518025  0.52041634  0.54633551  0.48320932  1.36340634  0.63021908  1.21533025  1.03829044  0.87518481  0.83465435  0.75986334  
31_0_0     0.39248526  0.36121239  0.50779889  0.45943287  0.48320932  0.38190913  0.03802490  0.00000000  0.05116021  0.25694160  0.37148630  0.42518025  0.47122283  0.49539900  0.45943287  1.36340634  0.69212350  1.28556354  0.98779554  0.83465435  0.83465435  0.83465435  
3_0_0      0.37148630  0.34109470  0.50779889  0.48320932  0.45943287  0.36121239  0.05116021  0.05116021  0.00000000  0.25694160  0.40321926  0.43641748  0.47122283  0.49539900  0.43641748  1.28556354  0.69212350  1.45071021  1.09260069  0.91813686  0.91813686  0.87518481  
15_1_0     0.31193564  0.26582015  0.37148630  0.34109470  0.36121239  0.24817134  0.23950676  0.25694160  0.25694160  0.00000000  0.30247291  0.31193564  0.34109470  0.36121239  0.37148630  1.03829044  0.61554122  1.01259986  0.89634019  0.67614066  0.63021908  0.72519607  
12_0_0     0.47122283  0.43641748  0.52041634  0.55965406  0.53325915  0.36121239  0.41411592  0.37148630  0.40321926  0.30247291  0.00000000  0.09207020  0.18161294  0.19768395  0.18960355  1.09260069  0.81521479  0.98779554  0.81521479  0.81521479  0.81521479  0.83465435  
47_0_0     0.52041634  0.48320932  0.57322395  0.50779889  0.50779889  0.38190913  0.42518025  0.42518025  0.43641748  0.31193564  0.09207020  0.00000000  0.24817134  0.24817134  0.25694160  1.09260069  0.66050535  1.06493296  0.79628694  0.83465435  0.77784455  0.91813686  
20_0_0     0.47122283  0.43641748  0.47122283  0.61554122  0.61554122  0.44783310  0.52041634  0.47122283  0.47122283  0.34109470  0.18161294  0.24817134  0.00000000  0.02512523  0.23094534  1.15135034  0.75986334  1.21533025  1.01259986  0.96381835  0.94061492  1.03829044  
1_0_0      0.49539900  0.45943287  0.49539900  0.58705484  0.58705484  0.44783310  0.54633551  0.49539900  0.49539900  0.36121239  0.19768395  0.24817134  0.02512523  0.00000000  0.23094534  1.15135034  0.79628694  1.28556354  1.01259986  0.91813686  0.94061492  0.98779554  
19_0_0     0.42518025  0.36121239  0.45943287  0.60115698  0.58705484  0.38190913  0.48320932  0.45943287  0.43641748  0.37148630  0.18960355  0.25694160  0.23094534  0.23094534  0.00000000  1.12137571  0.85463407  0.96381835  0.85463407  0.79628694  0.81521479  0.87518481  
21_0_0     1.24958979  1.15135034  1.24958979  1.24958979  1.32343213  1.24958979  1.36340634  1.36340634  1.28556354  1.03829044  1.09260069  1.09260069  1.15135034  1.15135034  1.12137571  0.00000000  1.15135034  1.73091338  1.18262897  1.40573416  1.40573416  1.40573416  
21_2_0     0.64520278  0.67614066  0.67614066  0.64520278  0.66050535  0.75986334  0.63021908  0.69212350  0.69212350  0.61554122  0.81521479  0.66050535  0.75986334  0.79628694  0.85463407  1.15135034  0.00000000  0.75986334  0.74232082  0.98779554  0.77784455  0.85463407  
52_3_0     0.96381835  0.98779554  0.98779554  1.06493296  1.01259986  0.96381835  1.21533025  1.28556354  1.45071021  1.01259986  0.98779554  1.06493296  1.21533025  1.28556354  0.96381835  1.73091338  0.75986334  0.00000000  0.32152454  0.39248526  0.39248526  0.35108319  
48_3_0     0.83465435  0.87518481  0.96381835  0.85463407  0.94061492  0.74232082  1.03829044  0.98779554  1.09260069  0.89634019  0.81521479  0.79628694  1.01259986  1.01259986  0.85463407  1.18262897  0.74232082  0.32152454  0.00000000  0.40321926  0.33124305  0.39248526  
52_0_0     0.81521479  0.87518481  0.74232082  0.85463407  0.77784455  0.69212350  0.87518481  0.83465435  0.91813686  0.67614066  0.81521479  0.83465435  0.96381835  0.91813686  0.79628694  1.40573416  0.98779554  0.39248526  0.40321926  0.00000000  0.29313309  0.31193564  
48_4_0     0.69212350  0.72519607  0.83465435  0.79628694  0.85463407  0.64520278  0.83465435  0.83465435  0.91813686  0.63021908  0.81521479  0.77784455  0.94061492  0.94061492  0.81521479  1.40573416  0.77784455  0.39248526  0.33124305  0.29313309  0.00000000  0.22248465  
52_4_0     0.70846967  0.74232082  0.79628694  0.75986334  0.70846967  0.66050535  0.75986334  0.83465435  0.87518481  0.72519607  0.83465435  0.91813686  1.03829044  0.98779554  0.87518481  1.40573416  0.85463407  0.35108319  0.39248526  0.31193564  0.22248465  0.00000000  

