134
89_13_0    0.00000000  0.00000000  0.01847619  0.02978672  0.18094795  0.18561957  0.09735397  0.10152670  0.11845617  0.13141154  0.19032077  0.13141154  0.25431044  0.18094795  0.25946897  0.24409970  0.17630555  0.18561957  0.16710694  0.16710694  0.16710694  0.17630555  0.18094795  0.17630555  0.22409009  0.22409009  0.26989481  0.23402748  0.29119629  0.29661855  0.29119629  0.29119629  0.29661855  0.29119629  0.28046915  0.28581335  0.29119629  0.29119629  0.29661855  0.29119629  0.28581335  0.25946897  0.14459701  0.15802090  0.17630555  0.11418748  0.20460567  0.20460567  0.15351925  0.14904473  0.15351925  0.14017578  0.11845617  0.12274956  0.11845617  0.11845617  0.11418748  0.13141154  0.13578073  0.17169200  0.12706792  0.13141154  0.13578073  0.22409009  0.11845617  0.15802090  0.18561957  0.16710694  0.16255002  0.16255002  0.15802090  0.16255002  0.15802090  0.17630555  0.16710694  0.17169200  0.16255002  0.14904473  0.14904473  0.15802090  0.15351925  0.14017578  0.16255002  0.14904473  0.14904473  0.15351925  0.17630555  0.17630555  0.17630555  0.17630555  0.17630555  0.18561957  0.18094795  0.14459701  0.13578073  0.13141154  0.11418748  0.10994318  0.11845617  0.12274956  0.13578073  0.16255002  0.18561957  0.16255002  0.17630555  0.13578073  0.14017578  0.16255002  0.12706792  0.20942904  0.18094795  0.21917084  0.20460567  0.26989481  0.23904651  0.24409970  0.43369823  0.42072089  0.41431631  0.22904216  0.27516315  0.28046915  0.27516315  0.27516315  0.29119629  0.27516315  0.15351925  0.16255002  0.19505193  0.13578073  0.29661855  0.25431044  0.22904216  0.22904216  
89_12_0    0.00000000  0.00000000  0.01847619  0.02978672  0.18094795  0.18561957  0.09735397  0.10152670  0.11845617  0.13141154  0.19032077  0.13141154  0.25431044  0.18094795  0.25946897  0.24409970  0.17630555  0.18561957  0.16710694  0.16710694  0.16710694  0.17630555  0.18094795  0.17630555  0.22409009  0.22409009  0.26989481  0.23402748  0.29119629  0.29661855  0.29119629  0.29119629  0.29661855  0.29119629  0.28046915  0.28581335  0.29119629  0.29119629  0.29661855  0.29119629  0.28581335  0.25946897  0.14459701  0.15802090  0.17630555  0.11418748  0.20460567  0.20460567  0.15351925  0.14904473  0.15351925  0.14017578  0.11845617  0.12274956  0.11845617  0.11845617  0.11418748  0.13141154  0.13578073  0.17169200  0.12706792  0.13141154  0.13578073  0.22409009  0.11845617  0.15802090  0.18561957  0.16710694  0.16255002  0.16255002  0.15802090  0.16255002  0.15802090  0.17630555  0.16710694  0.17169200  0.16255002  0.14904473  0.14904473  0.15802090  0.15351925  0.14017578  0.16255002  0.14904473  0.14904473  0.15351925  0.17630555  0.17630555  0.17630555  0.17630555  0.17630555  0.18561957  0.18094795  0.14459701  0.13578073  0.13141154  0.11418748  0.10994318  0.11845617  0.12274956  0.13578073  0.16255002  0.18561957  0.16255002  0.17630555  0.13578073  0.14017578  0.16255002  0.12706792  0.20942904  0.18094795  0.21917084  0.20460567  0.26989481  0.23904651  0.24409970  0.43369823  0.42072089  0.41431631  0.22904216  0.27516315  0.28046915  0.27516315  0.27516315  0.29119629  0.27516315  0.15351925  0.16255002  0.19505193  0.13578073  0.29661855  0.25431044  0.22904216  0.22904216  
89_11_0    0.01847619  0.01847619  0.00000000  0.01847619  0.18094795  0.18561957  0.09735397  0.10152670  0.10994318  0.13141154  0.18094795  0.13141154  0.24409970  0.16710694  0.25946897  0.24409970  0.17630555  0.19505193  0.17630555  0.17630555  0.17630555  0.18561957  0.19032077  0.18561957  0.22409009  0.22409009  0.26989481  0.23402748  0.26989481  0.27516315  0.26989481  0.26989481  0.27516315  0.26989481  0.25946897  0.26466359  0.26989481  0.26989481  0.27516315  0.26989481  0.26466359  0.25431044  0.15351925  0.15802090  0.17630555  0.11418748  0.20460567  0.20460567  0.15351925  0.14904473  0.15351925  0.14017578  0.11845617  0.12274956  0.11845617  0.11845617  0.11418748  0.13141154  0.13578073  0.17169200  0.12706792  0.13141154  0.12706792  0.20460567  0.11845617  0.15802090  0.18561957  0.16710694  0.16255002  0.16255002  0.15802090  0.16255002  0.15802090  0.17630555  0.16710694  0.17169200  0.16255002  0.14904473  0.14904473  0.16710694  0.16255002  0.14904473  0.15351925  0.14904473  0.14904473  0.15351925  0.17630555  0.17630555  0.17630555  0.17630555  0.17630555  0.18561957  0.18094795  0.14459701  0.13578073  0.13141154  0.11418748  0.10994318  0.11845617  0.12274956  0.13578073  0.17169200  0.17630555  0.16255002  0.17630555  0.13578073  0.14017578  0.16255002  0.12706792  0.21917084  0.19032077  0.22904216  0.20942904  0.26989481  0.24918752  0.25431044  0.43369823  0.42718121  0.42072089  0.23904651  0.28046915  0.28581335  0.28046915  0.28046915  0.29661855  0.28046915  0.16255002  0.17169200  0.19505193  0.14459701  0.28581335  0.26466359  0.23904651  0.23904651  
89_9_0     0.02978672  0.02978672  0.01847619  0.00000000  0.19505193  0.19032077  0.10994318  0.11418748  0.11418748  0.14459701  0.19505193  0.14459701  0.25946897  0.18094795  0.24918752  0.23402748  0.16710694  0.18561957  0.16710694  0.16710694  0.16710694  0.17630555  0.18094795  0.17630555  0.23402748  0.23402748  0.28046915  0.24409970  0.28046915  0.28581335  0.28046915  0.28046915  0.28581335  0.28046915  0.26989481  0.27516315  0.28046915  0.28046915  0.28581335  0.28046915  0.27516315  0.26466359  0.16255002  0.16710694  0.18561957  0.12274956  0.21428396  0.21428396  0.16255002  0.15802090  0.16255002  0.14904473  0.12706792  0.13141154  0.12706792  0.12706792  0.12274956  0.14017578  0.14459701  0.17169200  0.12706792  0.13141154  0.12706792  0.22409009  0.12706792  0.16710694  0.19505193  0.17630555  0.17169200  0.17169200  0.16710694  0.17169200  0.16710694  0.18561957  0.17630555  0.18094795  0.17169200  0.14904473  0.14904473  0.16710694  0.16255002  0.14904473  0.17169200  0.15802090  0.15802090  0.16255002  0.18561957  0.18561957  0.18561957  0.18561957  0.18561957  0.19505193  0.19032077  0.15351925  0.14459701  0.14017578  0.12274956  0.11845617  0.11845617  0.12274956  0.13578073  0.17169200  0.18561957  0.16255002  0.17630555  0.13578073  0.14017578  0.16255002  0.13578073  0.22904216  0.19981343  0.23904651  0.21917084  0.28046915  0.25946897  0.26466359  0.43369823  0.42718121  0.42072089  0.24918752  0.29119629  0.29661855  0.29119629  0.29119629  0.30758334  0.29119629  0.17169200  0.18094795  0.20460567  0.15351925  0.29661855  0.26466359  0.23904651  0.23904651  
7_8_0      0.18094795  0.18094795  0.18094795  0.19505193  0.00000000  0.29661855  0.21917084  0.22409009  0.23402748  0.23904651  0.29119629  0.24409970  0.34728796  0.29119629  0.33001104  0.31312707  0.26466359  0.30208070  0.28046915  0.28046915  0.29119629  0.29119629  0.29661855  0.30208070  0.29119629  0.30208070  0.33001104  0.31312707  0.33001104  0.33572546  0.33001104  0.33001104  0.33572546  0.33001104  0.33572546  0.34728796  0.33001104  0.33001104  0.33572546  0.31871250  0.32434028  0.32434028  0.26989481  0.24409970  0.23904651  0.21428396  0.29661855  0.29661855  0.25946897  0.24918752  0.25431044  0.23904651  0.22904216  0.23402748  0.22904216  0.22904216  0.22409009  0.23402748  0.23402748  0.22409009  0.21428396  0.21917084  0.22409009  0.24918752  0.21428396  0.19981343  0.26989481  0.24918752  0.24409970  0.24409970  0.23904651  0.24409970  0.24918752  0.25946897  0.26989481  0.26466359  0.24409970  0.22409009  0.22409009  0.23402748  0.22904216  0.22409009  0.24918752  0.23402748  0.22904216  0.24409970  0.24918752  0.24918752  0.24918752  0.25431044  0.25431044  0.26466359  0.27516315  0.23402748  0.22409009  0.21917084  0.19981343  0.20460567  0.22409009  0.22904216  0.23904651  0.25431044  0.24409970  0.24918752  0.25946897  0.24409970  0.23904651  0.25946897  0.22409009  0.31312707  0.28581335  0.35313744  0.30208070  0.36497653  0.31871250  0.32434028  0.46035393  0.46717013  0.44690645  0.33572546  0.34728796  0.35313744  0.34728796  0.34728796  0.35313744  0.34728796  0.24918752  0.25431044  0.26989481  0.24409970  0.35313744  0.33572546  0.30758334  0.31312707  
89_7_0     0.18561957  0.18561957  0.18561957  0.19032077  0.29661855  0.00000000  0.10572301  0.10994318  0.11418748  0.12706792  0.19505193  0.11845617  0.27516315  0.22409009  0.33001104  0.31871250  0.26466359  0.24409970  0.23402748  0.23402748  0.22409009  0.21917084  0.22409009  0.22409009  0.30758334  0.29661855  0.30758334  0.29661855  0.33001104  0.33572546  0.33001104  0.33001104  0.31312707  0.31871250  0.33572546  0.31871250  0.33001104  0.33001104  0.32434028  0.33001104  0.32434028  0.32434028  0.23904651  0.23402748  0.24409970  0.20460567  0.26989481  0.26989481  0.22904216  0.21917084  0.22409009  0.21917084  0.21428396  0.20942904  0.21428396  0.21428396  0.21917084  0.21917084  0.22409009  0.23904651  0.19981343  0.19505193  0.19981343  0.26989481  0.19981343  0.21428396  0.22904216  0.21428396  0.21917084  0.21917084  0.22409009  0.21917084  0.21428396  0.20460567  0.21428396  0.21917084  0.21428396  0.21428396  0.21428396  0.24918752  0.22904216  0.23904651  0.22904216  0.22904216  0.21917084  0.23402748  0.24409970  0.26466359  0.26466359  0.26466359  0.26466359  0.27516315  0.26989481  0.24918752  0.23904651  0.23402748  0.22409009  0.21917084  0.20942904  0.21428396  0.20460567  0.21917084  0.23402748  0.20942904  0.21917084  0.21428396  0.21428396  0.23402748  0.19032077  0.28046915  0.26466359  0.29661855  0.26466359  0.34148420  0.33001104  0.32434028  0.44690645  0.46035393  0.44690645  0.29119629  0.34148420  0.34728796  0.34148420  0.34728796  0.36497653  0.34728796  0.21917084  0.23402748  0.24409970  0.20942904  0.27516315  0.27516315  0.25431044  0.25946897  
7_15_0     0.09735397  0.09735397  0.09735397  0.10994318  0.21917084  0.10572301  0.00000000  0.00365864  0.05686801  0.06479050  0.12706792  0.06878367  0.25946897  0.19032077  0.24409970  0.23402748  0.19505193  0.18094795  0.17169200  0.17169200  0.16255002  0.16710694  0.16255002  0.17630555  0.24918752  0.24918752  0.28046915  0.25946897  0.29661855  0.30208070  0.29661855  0.29661855  0.29119629  0.28581335  0.29661855  0.29119629  0.28581335  0.28581335  0.30208070  0.29661855  0.29119629  0.26466359  0.16255002  0.17169200  0.19032077  0.14017578  0.21917084  0.21917084  0.17630555  0.16710694  0.17169200  0.15351925  0.14017578  0.14459701  0.14017578  0.14017578  0.14459701  0.14459701  0.14904473  0.16255002  0.14459701  0.14017578  0.15351925  0.20460567  0.13578073  0.18561957  0.19981343  0.16710694  0.17169200  0.17169200  0.17630555  0.17169200  0.16710694  0.18561957  0.17630555  0.18094795  0.17169200  0.15351925  0.15351925  0.17169200  0.17169200  0.16255002  0.15351925  0.15351925  0.15351925  0.16710694  0.17169200  0.18094795  0.18094795  0.20460567  0.20460567  0.21428396  0.20942904  0.18094795  0.17169200  0.16710694  0.14904473  0.14459701  0.14459701  0.14904473  0.14459701  0.15802090  0.18561957  0.16710694  0.18094795  0.15351925  0.14904473  0.16710694  0.14459701  0.23402748  0.20460567  0.24409970  0.22409009  0.28581335  0.26466359  0.26989481  0.38923661  0.39542755  0.37700748  0.22904216  0.28581335  0.29119629  0.28581335  0.28581335  0.30208070  0.28581335  0.18094795  0.19032077  0.22409009  0.16255002  0.27516315  0.23402748  0.21428396  0.22409009  
7_14_0     0.10152670  0.10152670  0.10152670  0.11418748  0.22409009  0.10994318  0.00365864  0.00000000  0.06081869  0.06878367  0.13141154  0.07279844  0.25431044  0.18561957  0.23904651  0.22904216  0.19032077  0.17630555  0.16710694  0.16710694  0.15802090  0.16255002  0.15802090  0.17169200  0.24409970  0.24409970  0.27516315  0.25431044  0.29119629  0.29661855  0.29119629  0.29119629  0.28581335  0.28046915  0.29119629  0.28581335  0.28046915  0.28046915  0.29661855  0.29119629  0.28581335  0.25946897  0.16710694  0.17630555  0.19505193  0.14459701  0.22409009  0.22409009  0.17169200  0.16255002  0.16710694  0.15802090  0.14459701  0.14904473  0.14459701  0.14459701  0.14904473  0.14904473  0.15351925  0.16710694  0.14904473  0.14459701  0.15802090  0.20942904  0.14017578  0.19032077  0.20460567  0.17169200  0.17630555  0.17630555  0.18094795  0.17630555  0.17169200  0.19032077  0.18094795  0.18561957  0.17630555  0.15802090  0.15802090  0.17630555  0.17630555  0.16710694  0.15802090  0.15802090  0.15802090  0.17169200  0.17630555  0.18561957  0.18561957  0.20942904  0.20942904  0.21917084  0.21428396  0.18561957  0.17630555  0.17169200  0.15351925  0.14904473  0.14904473  0.15351925  0.14904473  0.16255002  0.19032077  0.17169200  0.18561957  0.15802090  0.15351925  0.17169200  0.14904473  0.23904651  0.20942904  0.24918752  0.22904216  0.29119629  0.26989481  0.27516315  0.39542755  0.40167056  0.38309686  0.23402748  0.29119629  0.29661855  0.29119629  0.29119629  0.30758334  0.29119629  0.18561957  0.19505193  0.22904216  0.16710694  0.28046915  0.23904651  0.21917084  0.22904216  
7_7_0      0.11845617  0.11845617  0.10994318  0.11418748  0.23402748  0.11418748  0.05686801  0.06081869  0.00000000  0.09735397  0.11845617  0.09735397  0.24409970  0.19505193  0.27516315  0.26466359  0.19981343  0.21428396  0.20460567  0.20460567  0.19505193  0.19981343  0.20460567  0.19981343  0.25431044  0.26466359  0.28581335  0.27516315  0.30208070  0.30758334  0.30208070  0.30208070  0.30758334  0.30208070  0.30208070  0.30758334  0.31312707  0.31312707  0.30758334  0.31312707  0.30758334  0.29661855  0.19505193  0.20460567  0.21428396  0.15351925  0.22904216  0.22904216  0.19981343  0.19032077  0.19505193  0.18561957  0.16255002  0.16710694  0.16255002  0.16255002  0.16710694  0.16710694  0.17169200  0.19505193  0.14904473  0.14459701  0.14904473  0.22904216  0.14904473  0.19981343  0.20460567  0.19032077  0.19505193  0.19505193  0.19981343  0.19505193  0.19032077  0.20942904  0.19981343  0.20460567  0.19505193  0.17169200  0.17169200  0.20942904  0.19981343  0.19032077  0.16710694  0.16255002  0.17169200  0.18561957  0.18561957  0.20460567  0.20460567  0.20942904  0.20942904  0.21917084  0.23402748  0.19505193  0.18561957  0.18094795  0.16255002  0.15802090  0.15802090  0.16255002  0.16710694  0.19032077  0.21917084  0.19032077  0.21428396  0.17630555  0.18094795  0.19981343  0.15802090  0.23402748  0.21917084  0.24918752  0.22904216  0.29119629  0.26989481  0.26466359  0.40796651  0.41431631  0.40796651  0.26466359  0.31871250  0.32434028  0.31871250  0.31312707  0.33001104  0.31312707  0.19505193  0.20460567  0.22904216  0.17630555  0.30208070  0.26989481  0.25946897  0.25946897  
3_7_0      0.13141154  0.13141154  0.13141154  0.14459701  0.23904651  0.12706792  0.06479050  0.06878367  0.09735397  0.00000000  0.11845617  0.05293824  0.25431044  0.20942904  0.29661855  0.28581335  0.25431044  0.21917084  0.21917084  0.21917084  0.20942904  0.21428396  0.21917084  0.21428396  0.25946897  0.25946897  0.28046915  0.26989481  0.29661855  0.30208070  0.29661855  0.29661855  0.28046915  0.28581335  0.28581335  0.28046915  0.27516315  0.27516315  0.30208070  0.28581335  0.28046915  0.30208070  0.18561957  0.18561957  0.21917084  0.17169200  0.26466359  0.26466359  0.20942904  0.20942904  0.21428396  0.17630555  0.16255002  0.16710694  0.16255002  0.16255002  0.16710694  0.16710694  0.17169200  0.19032077  0.17630555  0.17169200  0.18561957  0.21917084  0.16710694  0.19032077  0.21428396  0.19505193  0.18094795  0.18094795  0.18561957  0.18094795  0.18561957  0.20460567  0.19505193  0.19032077  0.19032077  0.15802090  0.15802090  0.18561957  0.16710694  0.15802090  0.15802090  0.15802090  0.16710694  0.17169200  0.17169200  0.19505193  0.19505193  0.20942904  0.20942904  0.19505193  0.20460567  0.20460567  0.19505193  0.19032077  0.16710694  0.17169200  0.17169200  0.17630555  0.19032077  0.17630555  0.22409009  0.19505193  0.21917084  0.19032077  0.18561957  0.19032077  0.18094795  0.24409970  0.21428396  0.24409970  0.22409009  0.30208070  0.27516315  0.27516315  0.44027297  0.43369823  0.41431631  0.23904651  0.29661855  0.30208070  0.29661855  0.28581335  0.30208070  0.28581335  0.20942904  0.21917084  0.24409970  0.19032077  0.29661855  0.23904651  0.22904216  0.23904651  
3_17_0     0.19032077  0.19032077  0.18094795  0.19505193  0.29119629  0.19505193  0.12706792  0.13141154  0.11845617  0.11845617  0.00000000  0.10994318  0.28046915  0.26989481  0.30758334  0.29661855  0.23904651  0.26466359  0.25431044  0.25431044  0.24409970  0.24918752  0.25431044  0.24918752  0.29119629  0.29119629  0.31312707  0.31312707  0.33001104  0.33572546  0.33001104  0.33001104  0.31312707  0.31871250  0.33001104  0.31312707  0.31871250  0.31871250  0.33001104  0.33001104  0.32434028  0.35903339  0.25431044  0.22409009  0.25431044  0.21917084  0.28581335  0.28581335  0.25946897  0.24918752  0.25431044  0.22409009  0.21917084  0.22409009  0.21917084  0.21917084  0.22409009  0.22409009  0.22904216  0.24918752  0.21428396  0.20942904  0.22409009  0.27516315  0.20460567  0.24409970  0.24409970  0.22904216  0.22409009  0.22409009  0.22904216  0.22409009  0.21917084  0.23904651  0.22904216  0.23402748  0.22409009  0.22409009  0.22409009  0.25431044  0.25431044  0.24409970  0.22409009  0.22409009  0.24409970  0.23904651  0.23402748  0.25431044  0.25431044  0.26989481  0.26989481  0.25946897  0.25431044  0.24409970  0.23402748  0.22904216  0.23402748  0.22904216  0.22904216  0.23402748  0.22904216  0.25431044  0.26466359  0.26466359  0.24918752  0.22904216  0.22409009  0.24409970  0.20942904  0.27516315  0.25431044  0.30208070  0.25431044  0.31871250  0.31871250  0.31312707  0.44027297  0.45359975  0.43369823  0.30208070  0.34728796  0.35313744  0.34728796  0.34148420  0.35903339  0.34148420  0.23904651  0.24918752  0.28046915  0.22409009  0.31871250  0.30758334  0.28581335  0.29119629  
3_18_0     0.13141154  0.13141154  0.13141154  0.14459701  0.24409970  0.11845617  0.06878367  0.07279844  0.09735397  0.05293824  0.10994318  0.00000000  0.26466359  0.20460567  0.28046915  0.26989481  0.24918752  0.23402748  0.22409009  0.22409009  0.21428396  0.21917084  0.22409009  0.21917084  0.28581335  0.28581335  0.31871250  0.29661855  0.32434028  0.33001104  0.32434028  0.32434028  0.30758334  0.31312707  0.31312707  0.29661855  0.30208070  0.30208070  0.31871250  0.31312707  0.30758334  0.33001104  0.19032077  0.20942904  0.21917084  0.17630555  0.25431044  0.25431044  0.19981343  0.19032077  0.19505193  0.19032077  0.17630555  0.17169200  0.17630555  0.17630555  0.18094795  0.17169200  0.17630555  0.20460567  0.19032077  0.18561957  0.19981343  0.24409970  0.17169200  0.21428396  0.20942904  0.18561957  0.18094795  0.18094795  0.18561957  0.18094795  0.18561957  0.19505193  0.19505193  0.19981343  0.19032077  0.18094795  0.18094795  0.19981343  0.19032077  0.18094795  0.18094795  0.18094795  0.19032077  0.19505193  0.19981343  0.21917084  0.21917084  0.23402748  0.23402748  0.22904216  0.23402748  0.19981343  0.19032077  0.18561957  0.17169200  0.17630555  0.17630555  0.18094795  0.19505193  0.18561957  0.21917084  0.19981343  0.19505193  0.18561957  0.18094795  0.20460567  0.16710694  0.25946897  0.22904216  0.25946897  0.23904651  0.31312707  0.29119629  0.28581335  0.42718121  0.44690645  0.42718121  0.26466359  0.33572546  0.34148420  0.33572546  0.33001104  0.34728796  0.33001104  0.20460567  0.21428396  0.24918752  0.18561957  0.29119629  0.23904651  0.21428396  0.22409009  
53_1_0     0.25431044  0.25431044  0.24409970  0.25946897  0.34728796  0.27516315  0.25946897  0.25431044  0.24409970  0.25431044  0.28046915  0.26466359  0.00000000  0.14017578  0.30758334  0.29661855  0.24918752  0.23904651  0.21917084  0.21917084  0.21917084  0.23402748  0.23402748  0.23904651  0.26466359  0.26989481  0.28581335  0.26989481  0.33001104  0.33572546  0.33001104  0.33001104  0.32434028  0.31871250  0.33001104  0.34148420  0.33001104  0.33001104  0.32434028  0.33001104  0.33572546  0.28581335  0.29119629  0.24409970  0.24918752  0.21917084  0.26989481  0.26989481  0.22904216  0.22904216  0.23402748  0.21428396  0.21917084  0.21428396  0.21917084  0.21917084  0.21428396  0.23402748  0.23904651  0.25431044  0.22409009  0.22409009  0.21428396  0.30758334  0.20460567  0.23904651  0.28581335  0.23904651  0.25431044  0.25431044  0.25946897  0.25431044  0.24918752  0.24918752  0.24918752  0.25431044  0.26466359  0.24918752  0.24918752  0.26466359  0.23904651  0.22409009  0.24409970  0.24918752  0.23904651  0.25431044  0.25946897  0.28581335  0.28581335  0.26989481  0.26989481  0.26989481  0.26466359  0.24918752  0.23904651  0.24409970  0.23904651  0.23402748  0.23402748  0.22904216  0.23904651  0.28581335  0.29661855  0.26989481  0.24918752  0.25431044  0.25946897  0.27516315  0.22409009  0.28581335  0.27516315  0.28581335  0.29661855  0.30208070  0.33001104  0.32434028  0.44027297  0.44690645  0.44690645  0.33572546  0.33572546  0.33001104  0.33572546  0.33001104  0.34728796  0.33001104  0.24409970  0.25431044  0.25431044  0.22409009  0.33572546  0.38309686  0.33001104  0.33001104  
38_1_0     0.18094795  0.18094795  0.16710694  0.18094795  0.29119629  0.22409009  0.19032077  0.18561957  0.19505193  0.20942904  0.26989481  0.20460567  0.14017578  0.00000000  0.22904216  0.21917084  0.15351925  0.14459701  0.12706792  0.12706792  0.12706792  0.14459701  0.14017578  0.14459701  0.19505193  0.19505193  0.23904651  0.18561957  0.22904216  0.23402748  0.22904216  0.22904216  0.23402748  0.22904216  0.22904216  0.24409970  0.23904651  0.23904651  0.23402748  0.21917084  0.22409009  0.22904216  0.17630555  0.19505193  0.20460567  0.11845617  0.23904651  0.23904651  0.18094795  0.18094795  0.17630555  0.14904473  0.15351925  0.15802090  0.15351925  0.15351925  0.15802090  0.15802090  0.16255002  0.17169200  0.14459701  0.14459701  0.13578073  0.21917084  0.13578073  0.17630555  0.19505193  0.17169200  0.16710694  0.16710694  0.17169200  0.16710694  0.16255002  0.18094795  0.16255002  0.16710694  0.16710694  0.17630555  0.17630555  0.20460567  0.18094795  0.16710694  0.18094795  0.18561957  0.19981343  0.18094795  0.19505193  0.20460567  0.20460567  0.17169200  0.17169200  0.17169200  0.19032077  0.16255002  0.15351925  0.15802090  0.14904473  0.14459701  0.14459701  0.14904473  0.15802090  0.19505193  0.21917084  0.17630555  0.17630555  0.17169200  0.17630555  0.19981343  0.16255002  0.22904216  0.20942904  0.22904216  0.24918752  0.27516315  0.25946897  0.26466359  0.41431631  0.40167056  0.40167056  0.25431044  0.29661855  0.29119629  0.29661855  0.30758334  0.32434028  0.30758334  0.19981343  0.20942904  0.22409009  0.19032077  0.25946897  0.27516315  0.23904651  0.23904651  
43_1_0     0.25946897  0.25946897  0.25946897  0.24918752  0.33001104  0.33001104  0.24409970  0.23904651  0.27516315  0.29661855  0.30758334  0.28046915  0.30758334  0.22904216  0.00000000  0.01103044  0.09735397  0.15351925  0.13578073  0.13578073  0.14459701  0.14904473  0.14459701  0.15802090  0.23402748  0.22409009  0.24918752  0.23402748  0.29661855  0.30208070  0.29661855  0.29661855  0.29119629  0.28581335  0.30208070  0.31871250  0.29119629  0.29119629  0.30758334  0.29119629  0.29661855  0.24918752  0.21428396  0.21917084  0.23904651  0.19981343  0.25431044  0.25431044  0.24409970  0.24409970  0.23904651  0.23402748  0.21917084  0.22409009  0.21917084  0.21917084  0.21428396  0.23402748  0.23904651  0.22409009  0.20942904  0.20942904  0.21917084  0.25946897  0.19505193  0.21917084  0.26466359  0.21917084  0.22904216  0.22904216  0.22409009  0.22904216  0.22409009  0.24409970  0.23402748  0.22904216  0.22904216  0.20942904  0.20942904  0.23904651  0.22904216  0.22904216  0.24409970  0.22904216  0.25431044  0.23402748  0.22409009  0.23402748  0.23402748  0.22904216  0.22904216  0.22409009  0.23904651  0.20942904  0.19981343  0.20460567  0.18561957  0.18094795  0.18094795  0.17630555  0.20460567  0.22409009  0.24918752  0.22904216  0.25946897  0.22904216  0.22409009  0.23904651  0.24409970  0.27516315  0.25946897  0.28046915  0.29661855  0.31312707  0.29119629  0.29661855  0.42718121  0.44690645  0.42718121  0.30758334  0.30208070  0.29661855  0.30208070  0.31312707  0.33001104  0.31312707  0.25431044  0.25431044  0.26466359  0.24409970  0.34728796  0.33001104  0.30208070  0.31312707  
43_67_0    0.24409970  0.24409970  0.24409970  0.23402748  0.31312707  0.31871250  0.23402748  0.22904216  0.26466359  0.28581335  0.29661855  0.26989481  0.29661855  0.21917084  0.01103044  0.00000000  0.09320457  0.15351925  0.13578073  0.13578073  0.14459701  0.14459701  0.14017578  0.15351925  0.22904216  0.21917084  0.24918752  0.22904216  0.29119629  0.29661855  0.29119629  0.29119629  0.28581335  0.28046915  0.29661855  0.31312707  0.28581335  0.28581335  0.30208070  0.28581335  0.29119629  0.24409970  0.19981343  0.20460567  0.22409009  0.18561957  0.23904651  0.23904651  0.22904216  0.22904216  0.22409009  0.21917084  0.20460567  0.20942904  0.20460567  0.20460567  0.19981343  0.21917084  0.22409009  0.20942904  0.19505193  0.19981343  0.20460567  0.24409970  0.18094795  0.20460567  0.24918752  0.20460567  0.21428396  0.21428396  0.20942904  0.21428396  0.20942904  0.22904216  0.21917084  0.21428396  0.21428396  0.19505193  0.19505193  0.22409009  0.21917084  0.21428396  0.23402748  0.21428396  0.23904651  0.21917084  0.20942904  0.21917084  0.21917084  0.21428396  0.21428396  0.20942904  0.22409009  0.19505193  0.18561957  0.19032077  0.17169200  0.16710694  0.16710694  0.16255002  0.19032077  0.21428396  0.23402748  0.21428396  0.25431044  0.21917084  0.21428396  0.23402748  0.22904216  0.25946897  0.24409970  0.26466359  0.28046915  0.29661855  0.27516315  0.28046915  0.40796651  0.42718121  0.40796651  0.29119629  0.28581335  0.28046915  0.28581335  0.29661855  0.31312707  0.29661855  0.23904651  0.23904651  0.24918752  0.22904216  0.33572546  0.31871250  0.29119629  0.30208070  
43_66_0    0.17630555  0.17630555  0.17630555  0.16710694  0.26466359  0.26466359  0.19505193  0.19032077  0.19981343  0.25431044  0.23904651  0.24918752  0.24918752  0.15351925  0.09735397  0.09320457  0.00000000  0.09320457  0.06878367  0.06878367  0.07683504  0.08497469  0.08089371  0.09320457  0.15351925  0.14459701  0.17630555  0.15351925  0.23402748  0.23904651  0.23402748  0.23402748  0.22904216  0.23402748  0.21428396  0.23904651  0.22409009  0.22409009  0.21917084  0.21428396  0.21917084  0.18561957  0.16255002  0.16255002  0.18561957  0.13141154  0.20460567  0.20460567  0.18561957  0.18561957  0.18094795  0.16255002  0.15802090  0.16255002  0.15802090  0.15802090  0.15351925  0.17169200  0.17630555  0.18094795  0.14017578  0.14459701  0.14904473  0.22409009  0.12706792  0.14904473  0.18094795  0.14904473  0.15802090  0.15802090  0.15351925  0.15802090  0.15351925  0.17169200  0.16255002  0.16710694  0.15802090  0.16255002  0.16255002  0.19032077  0.18561957  0.17169200  0.18094795  0.16255002  0.19505193  0.17630555  0.17630555  0.18561957  0.18561957  0.17630555  0.17630555  0.18094795  0.19981343  0.14904473  0.14017578  0.14459701  0.14459701  0.14017578  0.14017578  0.14459701  0.14459701  0.19032077  0.17630555  0.15802090  0.19505193  0.16255002  0.16710694  0.18561957  0.16255002  0.22904216  0.21917084  0.24918752  0.25946897  0.28046915  0.24918752  0.25431044  0.38923661  0.39542755  0.38923661  0.26466359  0.26989481  0.26466359  0.26989481  0.28046915  0.29661855  0.28046915  0.18561957  0.19032077  0.19505193  0.17630555  0.28046915  0.25946897  0.23402748  0.23402748  
18_1_0     0.18561957  0.18561957  0.19505193  0.18561957  0.30208070  0.24409970  0.18094795  0.17630555  0.21428396  0.21917084  0.26466359  0.23402748  0.23904651  0.14459701  0.15351925  0.15351925  0.09320457  0.00000000  0.02599737  0.02599737  0.01847619  0.03359552  0.03742396  0.04127224  0.15351925  0.13578073  0.16710694  0.14459701  0.25431044  0.25946897  0.25431044  0.25431044  0.24918752  0.24409970  0.24409970  0.25946897  0.24409970  0.24409970  0.25946897  0.24409970  0.24918752  0.19505193  0.18094795  0.18094795  0.21917084  0.14904473  0.21917084  0.21917084  0.19505193  0.18561957  0.19032077  0.18094795  0.16710694  0.17169200  0.16710694  0.16710694  0.17169200  0.18094795  0.18561957  0.17169200  0.16255002  0.16255002  0.17169200  0.24409970  0.15351925  0.19505193  0.21428396  0.18094795  0.17630555  0.17630555  0.18094795  0.17630555  0.17169200  0.19032077  0.18094795  0.17630555  0.18561957  0.16255002  0.16255002  0.19032077  0.16710694  0.16255002  0.19032077  0.18094795  0.19032077  0.17630555  0.18561957  0.19505193  0.19505193  0.19032077  0.19032077  0.19032077  0.20460567  0.17630555  0.17169200  0.17630555  0.14459701  0.14017578  0.14017578  0.13578073  0.14017578  0.16710694  0.20460567  0.17630555  0.18561957  0.15802090  0.16710694  0.17630555  0.16255002  0.22904216  0.21917084  0.22904216  0.24918752  0.28581335  0.26466359  0.26989481  0.40167056  0.35903339  0.35313744  0.25431044  0.28581335  0.28046915  0.28581335  0.29661855  0.31312707  0.29661855  0.18094795  0.19032077  0.20460567  0.17169200  0.29119629  0.26466359  0.22904216  0.22904216  
2_1_0      0.16710694  0.16710694  0.17630555  0.16710694  0.28046915  0.23402748  0.17169200  0.16710694  0.20460567  0.21917084  0.25431044  0.22409009  0.21917084  0.12706792  0.13578073  0.13578073  0.06878367  0.02599737  0.00000000  0.00000000  0.00733539  0.02222725  0.01847619  0.02978672  0.14459701  0.12706792  0.15802090  0.13578073  0.23402748  0.23904651  0.23402748  0.23402748  0.22904216  0.22409009  0.22409009  0.22904216  0.22409009  0.22409009  0.23904651  0.22409009  0.22904216  0.17630555  0.15802090  0.17630555  0.19505193  0.13578073  0.21428396  0.21428396  0.18094795  0.17169200  0.17630555  0.16710694  0.15351925  0.15802090  0.15351925  0.15351925  0.15802090  0.16710694  0.17169200  0.16255002  0.14459701  0.14459701  0.15351925  0.23402748  0.13578073  0.17630555  0.19505193  0.16255002  0.15802090  0.15802090  0.15351925  0.15802090  0.15351925  0.17169200  0.16255002  0.16710694  0.16710694  0.15351925  0.15351925  0.18094795  0.15802090  0.15351925  0.18094795  0.17169200  0.18094795  0.16710694  0.17630555  0.18561957  0.18561957  0.18094795  0.18094795  0.18094795  0.19505193  0.14459701  0.14459701  0.14904473  0.12706792  0.12274956  0.12274956  0.11845617  0.12274956  0.15802090  0.18561957  0.15802090  0.16710694  0.13578073  0.14904473  0.17169200  0.15351925  0.21917084  0.20942904  0.23904651  0.24918752  0.26989481  0.24918752  0.25431044  0.38309686  0.35313744  0.34728796  0.25431044  0.26466359  0.25946897  0.26466359  0.27516315  0.29119629  0.27516315  0.16255002  0.17169200  0.18561957  0.15351925  0.28046915  0.24409970  0.20942904  0.20942904  
72_1_0     0.16710694  0.16710694  0.17630555  0.16710694  0.28046915  0.23402748  0.17169200  0.16710694  0.20460567  0.21917084  0.25431044  0.22409009  0.21917084  0.12706792  0.13578073  0.13578073  0.06878367  0.02599737  0.00000000  0.00000000  0.00733539  0.02222725  0.01847619  0.02978672  0.14459701  0.12706792  0.15802090  0.13578073  0.23402748  0.23904651  0.23402748  0.23402748  0.22904216  0.22409009  0.22409009  0.22904216  0.22409009  0.22409009  0.23904651  0.22409009  0.22904216  0.17630555  0.15802090  0.17630555  0.19505193  0.13578073  0.21428396  0.21428396  0.18094795  0.17169200  0.17630555  0.16710694  0.15351925  0.15802090  0.15351925  0.15351925  0.15802090  0.16710694  0.17169200  0.16255002  0.14459701  0.14459701  0.15351925  0.23402748  0.13578073  0.17630555  0.19505193  0.16255002  0.15802090  0.15802090  0.15351925  0.15802090  0.15351925  0.17169200  0.16255002  0.16710694  0.16710694  0.15351925  0.15351925  0.18094795  0.15802090  0.15351925  0.18094795  0.17169200  0.18094795  0.16710694  0.17630555  0.18561957  0.18561957  0.18094795  0.18094795  0.18094795  0.19505193  0.14459701  0.14459701  0.14904473  0.12706792  0.12274956  0.12274956  0.11845617  0.12274956  0.15802090  0.18561957  0.15802090  0.16710694  0.13578073  0.14904473  0.17169200  0.15351925  0.21917084  0.20942904  0.23904651  0.24918752  0.26989481  0.24918752  0.25431044  0.38309686  0.35313744  0.34728796  0.25431044  0.26466359  0.25946897  0.26466359  0.27516315  0.29119629  0.27516315  0.16255002  0.17169200  0.18561957  0.15351925  0.28046915  0.24409970  0.20942904  0.20942904  
62_1_0     0.16710694  0.16710694  0.17630555  0.16710694  0.29119629  0.22409009  0.16255002  0.15802090  0.19505193  0.20942904  0.24409970  0.21428396  0.21917084  0.12706792  0.14459701  0.14459701  0.07683504  0.01847619  0.00733539  0.00733539  0.00000000  0.01474398  0.01847619  0.02222725  0.15351925  0.13578073  0.16710694  0.14459701  0.24409970  0.24918752  0.24409970  0.24409970  0.23904651  0.23402748  0.23402748  0.23904651  0.23402748  0.23402748  0.24918752  0.23402748  0.23904651  0.18561957  0.16255002  0.17169200  0.19981343  0.13141154  0.20942904  0.20942904  0.17630555  0.16710694  0.17169200  0.16255002  0.14904473  0.15351925  0.14904473  0.14904473  0.15351925  0.16255002  0.16710694  0.16255002  0.14459701  0.14459701  0.15351925  0.23402748  0.13578073  0.18561957  0.19505193  0.16255002  0.15802090  0.15802090  0.16255002  0.15802090  0.15351925  0.17169200  0.16255002  0.16710694  0.16710694  0.15351925  0.15351925  0.18094795  0.15802090  0.15351925  0.18094795  0.17169200  0.18094795  0.16710694  0.17630555  0.18561957  0.18561957  0.18094795  0.18094795  0.18094795  0.19505193  0.15351925  0.15351925  0.15802090  0.13578073  0.13141154  0.13141154  0.12706792  0.12274956  0.15802090  0.18561957  0.15802090  0.16710694  0.13578073  0.14904473  0.16255002  0.15351925  0.21917084  0.20942904  0.23904651  0.24918752  0.26989481  0.24918752  0.25431044  0.38309686  0.35313744  0.34728796  0.24409970  0.27516315  0.26989481  0.27516315  0.28581335  0.30208070  0.28581335  0.16255002  0.17169200  0.18561957  0.15351925  0.28046915  0.25431044  0.21917084  0.21917084  
55_1_0     0.17630555  0.17630555  0.18561957  0.17630555  0.29119629  0.21917084  0.16710694  0.16255002  0.19981343  0.21428396  0.24918752  0.21917084  0.23402748  0.14459701  0.14904473  0.14459701  0.08497469  0.03359552  0.02222725  0.02222725  0.01474398  0.00000000  0.01103044  0.01474398  0.15351925  0.14459701  0.18561957  0.15351925  0.23402748  0.23904651  0.23402748  0.23402748  0.22904216  0.22409009  0.22904216  0.22904216  0.22409009  0.22409009  0.23904651  0.22409009  0.22904216  0.19505193  0.16255002  0.18094795  0.20942904  0.14017578  0.21917084  0.21917084  0.18561957  0.17630555  0.18094795  0.17169200  0.15802090  0.16255002  0.15802090  0.15802090  0.16255002  0.17169200  0.17630555  0.16710694  0.14904473  0.15351925  0.15802090  0.23904651  0.14459701  0.18561957  0.19505193  0.17169200  0.16710694  0.16710694  0.17169200  0.16710694  0.16255002  0.18094795  0.17169200  0.17630555  0.17630555  0.15351925  0.15351925  0.17169200  0.16710694  0.15351925  0.19032077  0.17169200  0.18094795  0.16710694  0.17630555  0.18561957  0.18561957  0.19032077  0.19032077  0.19032077  0.20460567  0.16255002  0.16255002  0.16710694  0.14459701  0.14017578  0.14017578  0.13578073  0.13141154  0.17630555  0.19505193  0.16710694  0.18561957  0.14459701  0.15802090  0.18094795  0.15351925  0.22904216  0.21917084  0.24918752  0.25946897  0.28046915  0.25946897  0.26466359  0.38923661  0.35903339  0.35313744  0.24409970  0.27516315  0.26989481  0.27516315  0.28581335  0.30208070  0.28581335  0.16255002  0.16710694  0.18561957  0.15351925  0.28046915  0.26466359  0.22904216  0.22904216  
32_1_0     0.18094795  0.18094795  0.19032077  0.18094795  0.29661855  0.22409009  0.16255002  0.15802090  0.20460567  0.21917084  0.25431044  0.22409009  0.23402748  0.14017578  0.14459701  0.14017578  0.08089371  0.03742396  0.01847619  0.01847619  0.01847619  0.01103044  0.00000000  0.01847619  0.15802090  0.14017578  0.18094795  0.14904473  0.23904651  0.24409970  0.23904651  0.23904651  0.23402748  0.22904216  0.22904216  0.23402748  0.22904216  0.22904216  0.24409970  0.22904216  0.23402748  0.18094795  0.16255002  0.18094795  0.20942904  0.14017578  0.21917084  0.21917084  0.18561957  0.17630555  0.18094795  0.16255002  0.15802090  0.16255002  0.15802090  0.15802090  0.16255002  0.17169200  0.17630555  0.15802090  0.14904473  0.15351925  0.15802090  0.23904651  0.14017578  0.18094795  0.19981343  0.16710694  0.16255002  0.16255002  0.16710694  0.16255002  0.15802090  0.17630555  0.16710694  0.17169200  0.17169200  0.14904473  0.14904473  0.15802090  0.16255002  0.14904473  0.18561957  0.16710694  0.17630555  0.16255002  0.17169200  0.18094795  0.18094795  0.18561957  0.18561957  0.18561957  0.19981343  0.15802090  0.15802090  0.16255002  0.14017578  0.13578073  0.13578073  0.13141154  0.12706792  0.17169200  0.19032077  0.16255002  0.17169200  0.13141154  0.14459701  0.18561957  0.14904473  0.22409009  0.21428396  0.24409970  0.25431044  0.27516315  0.25431044  0.25946897  0.37096763  0.34148420  0.33572546  0.23904651  0.26989481  0.26466359  0.26989481  0.28046915  0.29661855  0.28046915  0.15802090  0.16255002  0.18094795  0.14904473  0.26466359  0.24918752  0.21428396  0.21428396  
67_1_0     0.17630555  0.17630555  0.18561957  0.17630555  0.30208070  0.22409009  0.17630555  0.17169200  0.19981343  0.21428396  0.24918752  0.21917084  0.23904651  0.14459701  0.15802090  0.15351925  0.09320457  0.04127224  0.02978672  0.02978672  0.02222725  0.01474398  0.01847619  0.00000000  0.15802090  0.14017578  0.18094795  0.14904473  0.23904651  0.24409970  0.23904651  0.23904651  0.23402748  0.22904216  0.22904216  0.23402748  0.22904216  0.22904216  0.24409970  0.22904216  0.23402748  0.19981343  0.17169200  0.18561957  0.21428396  0.13578073  0.22409009  0.22409009  0.18094795  0.17169200  0.17630555  0.16710694  0.15351925  0.15802090  0.15351925  0.15351925  0.15802090  0.16710694  0.17169200  0.16710694  0.14904473  0.15351925  0.15802090  0.23904651  0.14017578  0.18094795  0.19981343  0.17169200  0.16710694  0.16710694  0.17169200  0.16710694  0.16255002  0.17630555  0.16710694  0.17169200  0.17169200  0.14904473  0.14904473  0.16710694  0.16255002  0.15351925  0.18561957  0.16710694  0.17630555  0.16255002  0.17169200  0.18094795  0.18094795  0.18561957  0.18561957  0.18561957  0.19981343  0.15802090  0.15802090  0.16255002  0.14459701  0.14017578  0.14017578  0.13578073  0.13578073  0.17169200  0.19981343  0.16255002  0.18094795  0.14017578  0.15351925  0.17630555  0.14904473  0.22409009  0.21428396  0.24409970  0.25431044  0.27516315  0.25431044  0.25946897  0.38923661  0.37096763  0.36497653  0.23904651  0.28046915  0.27516315  0.28046915  0.29119629  0.30758334  0.29119629  0.15802090  0.16710694  0.18094795  0.14904473  0.27516315  0.25946897  0.22409009  0.22409009  
