20
16_0_0     0.00000000  0.28746929  0.29918286  0.29939994  0.29332192  0.63704121  0.65026451  0.65026451  0.59187440  0.57101071  0.59333947  0.58060859  0.59280345  0.58060859  0.49133847  0.50317480  0.48409383  0.48409383  0.47275960  0.49861214  
15_0_0     0.28746929  0.00000000  0.16116997  0.18841401  0.19435305  0.66378833  0.65322216  0.65322216  0.59070667  0.59775263  0.57101071  0.47275960  0.48842089  0.48409383  0.46883801  0.47996047  0.51344761  0.52564560  0.50155736  0.51642594  
20_0_0     0.29918286  0.16116997  0.00000000  0.18447160  0.19053714  0.59903937  0.59689542  0.59689542  0.62358212  0.63127674  0.54057916  0.52437155  0.54164171  0.53699144  0.57101071  0.59903937  0.54925384  0.54925384  0.54925384  0.56534555  
14_0_0     0.29939994  0.18841401  0.18447160  0.00000000  0.16116997  0.55945946  0.56425647  0.56425647  0.58899812  0.61084708  0.52953153  0.52321482  0.54057916  0.52321482  0.50637087  0.53131818  0.51082984  0.52321482  0.51082984  0.55183011  
6_0_0      0.29332192  0.19435305  0.19053714  0.16116997  0.00000000  0.57394562  0.56534555  0.56534555  0.57987948  0.57297404  0.52437155  0.51818609  0.53524884  0.53063926  0.54812250  0.56811732  0.54632164  0.55284478  0.54632164  0.58978748  
7_0_0      0.63704121  0.66378833  0.59903937  0.55945946  0.57394562  0.00000000  0.03146749  0.03146749  0.26767172  0.29174320  0.25866460  0.55398217  0.54580370  0.54112803  0.52398811  0.53624338  0.57320607  0.57320607  0.57320607  0.60075672  
9_0_0      0.65026451  0.65322216  0.59689542  0.56425647  0.56534555  0.03146749  0.00000000  0.00000000  0.28950615  0.31451819  0.28840666  0.57204381  0.56353120  0.56534555  0.56656289  0.57994423  0.59175873  0.59175873  0.59175873  0.62034237  
13_0_0     0.65026451  0.65322216  0.59689542  0.56425647  0.56534555  0.03146749  0.00000000  0.00000000  0.28950615  0.31451819  0.28840666  0.57204381  0.56353120  0.56534555  0.56656289  0.57994423  0.59175873  0.59175873  0.59175873  0.62034237  
18_0_0     0.59187440  0.59070667  0.62358212  0.58899812  0.57987948  0.26767172  0.28950615  0.28950615  0.00000000  0.01930245  0.10677594  0.52404703  0.52861517  0.51193179  0.51051073  0.52894152  0.57588531  0.58978748  0.57588531  0.57204381  
8_0_0      0.57101071  0.59775263  0.63127674  0.61084708  0.57297404  0.29174320  0.31451819  0.31451819  0.01930245  0.00000000  0.10677594  0.53022348  0.53483007  0.51795048  0.52271750  0.54164171  0.57588531  0.58978748  0.57588531  0.57204381  
19_0_0     0.59333947  0.57101071  0.54057916  0.52953153  0.52437155  0.25866460  0.28840666  0.28840666  0.10677594  0.10677594  0.00000000  0.56329258  0.58193456  0.56329258  0.49284200  0.51082984  0.52777836  0.54057916  0.52777836  0.51208077  
3_0_0      0.58060859  0.47275960  0.52437155  0.52321482  0.51818609  0.55398217  0.57204381  0.57204381  0.52404703  0.53022348  0.56329258  0.00000000  0.00713171  0.00475201  0.27815491  0.29023438  0.31881902  0.32754025  0.31025625  0.33015785  
2_0_0      0.59280345  0.48842089  0.54164171  0.54057916  0.53524884  0.54580370  0.56353120  0.56353120  0.52861517  0.53483007  0.58193456  0.00713171  0.00000000  0.00713171  0.28145532  0.29358373  0.32229083  0.33105033  0.31369116  0.33368250  
1_0_0      0.58060859  0.48409383  0.53699144  0.52321482  0.53063926  0.54112803  0.56534555  0.56534555  0.51193179  0.51795048  0.56329258  0.00475201  0.00713171  0.00000000  0.27027056  0.28214710  0.31025625  0.31881902  0.30184627  0.32144110  
17_0_0     0.49133847  0.46883801  0.57101071  0.50637087  0.54812250  0.52398811  0.56656289  0.56656289  0.51051073  0.52271750  0.49284200  0.27815491  0.28145532  0.27027056  0.00000000  0.01930245  0.10362659  0.10652592  0.10362659  0.12976159  
11_0_0     0.50317480  0.47996047  0.59903937  0.53131818  0.56811732  0.53624338  0.57994423  0.57994423  0.52894152  0.54164171  0.51082984  0.29023438  0.29358373  0.28214710  0.01930245  0.00000000  0.12129631  0.13038596  0.12129631  0.14835438  
12_0_0     0.48409383  0.51344761  0.54925384  0.51082984  0.54632164  0.57320607  0.59175873  0.59175873  0.57588531  0.57588531  0.52777836  0.31881902  0.32229083  0.31025625  0.10362659  0.12129631  0.00000000  0.00714610  0.00475201  0.03162605  
4_0_0      0.48409383  0.52564560  0.54925384  0.52321482  0.55284478  0.57320607  0.59175873  0.59175873  0.58978748  0.58978748  0.54057916  0.32754025  0.33105033  0.31881902  0.10652592  0.13038596  0.00714610  0.00000000  0.01197108  0.03923127  
10_0_0     0.47275960  0.50155736  0.54925384  0.51082984  0.54632164  0.57320607  0.59175873  0.59175873  0.57588531  0.57588531  0.52777836  0.31025625  0.31369116  0.30184627  0.10362659  0.12129631  0.00475201  0.01197108  0.00000000  0.03162605  
5_0_0      0.49861214  0.51642594  0.56534555  0.55183011  0.58978748  0.60075672  0.62034237  0.62034237  0.57204381  0.57204381  0.51208077  0.33015785  0.33368250  0.32144110  0.12976159  0.14835438  0.03162605  0.03923127  0.03162605  0.00000000  

