29
54_0_0     0.00000000  0.04667241  0.08116343  0.16652392  0.17791143  0.20121904  0.18367073  0.62822214  0.61783178  0.62822214  0.66028652  0.64944526  0.62822214  0.88825519  0.83126886  0.80432229  0.79120382  0.79120382  0.81767448  0.84511440  0.87359727  0.87359727  0.93403175  0.90320552  0.90320552  0.85922053  0.88825519  0.79120382  0.76563628  
54_4_0     0.04667241  0.00000000  0.06126035  0.14425518  0.16652392  0.17791143  0.16089439  0.59747347  0.58749801  0.59747347  0.69378427  0.66028652  0.63875858  0.91846016  0.88825519  0.76563628  0.77831103  0.77831103  0.80432229  0.85922053  0.88825519  0.88825519  0.98278722  0.94993375  0.94993375  0.88825519  0.90320552  0.77831103  0.76563628  
76_0_0     0.08116343  0.06126035  0.00000000  0.15530684  0.14976064  0.17219604  0.14425518  0.61783178  0.62822214  0.63875858  0.64944526  0.61783178  0.61783178  0.87359727  0.81767448  0.76563628  0.75317233  0.75317233  0.80432229  0.81767448  0.84511440  0.84511440  0.93403175  0.96618048  0.96618048  0.81767448  0.90320552  0.75317233  0.74091227  
84_0_0     0.16652392  0.14425518  0.15530684  0.00000000  0.05636609  0.08116343  0.06126035  0.60758350  0.61783178  0.59747347  0.62822214  0.54887314  0.56793678  0.75317233  0.75317233  0.68245118  0.69378427  0.69378427  0.79120382  0.72884954  0.75317233  0.75317233  0.81767448  0.81767448  0.81767448  0.74091227  0.76563628  0.69378427  0.67128692  
93_0_0     0.17791143  0.16652392  0.14976064  0.05636609  0.00000000  0.06126035  0.04187218  0.55834435  0.56793678  0.56793678  0.63875858  0.55834435  0.57765357  0.74091227  0.71697789  0.64944526  0.66028652  0.66028652  0.77831103  0.71697789  0.74091227  0.74091227  0.83126886  0.85922053  0.85922053  0.74091227  0.76563628  0.69378427  0.68245118  
90_0_0     0.20121904  0.17791143  0.17219604  0.08116343  0.06126035  0.00000000  0.03710251  0.62822214  0.61783178  0.59747347  0.69378427  0.58749801  0.60758350  0.71697789  0.71697789  0.67128692  0.66028652  0.66028652  0.75317233  0.74091227  0.72884954  0.72884954  0.81767448  0.81767448  0.81767448  0.72884954  0.75317233  0.71697789  0.68245118  
59_0_0     0.18367073  0.16089439  0.14425518  0.06126035  0.04187218  0.03710251  0.00000000  0.58749801  0.59747347  0.59747347  0.64944526  0.58749801  0.60758350  0.75317233  0.74091227  0.69378427  0.70529136  0.70529136  0.83126886  0.74091227  0.75317233  0.75317233  0.83126886  0.85922053  0.85922053  0.74091227  0.79120382  0.71697789  0.68245118  
50_0_0     0.62822214  0.59747347  0.61783178  0.60758350  0.55834435  0.62822214  0.58749801  0.00000000  0.00910486  0.02765327  0.12262906  0.20716099  0.19532383  0.83126886  0.84511440  0.90320552  0.87359727  0.87359727  0.84511440  0.87359727  0.88825519  0.88825519  0.91846016  0.96618048  0.96618048  0.85922053  0.83126886  0.91846016  0.87359727  
94_0_0     0.61783178  0.58749801  0.62822214  0.61783178  0.56793678  0.61783178  0.59747347  0.00910486  0.00000000  0.01832168  0.13336412  0.20716099  0.19532383  0.84511440  0.85922053  0.88825519  0.85922053  0.85922053  0.83126886  0.88825519  0.90320552  0.90320552  0.93403175  0.94993375  0.94993375  0.87359727  0.81767448  0.90320552  0.88825519  
78_0_0     0.62822214  0.59747347  0.63875858  0.59747347  0.56793678  0.59747347  0.59747347  0.02765327  0.01832168  0.00000000  0.13336412  0.20716099  0.19532383  0.81767448  0.85922053  0.85922053  0.83126886  0.83126886  0.83126886  0.85922053  0.87359727  0.87359727  0.93403175  0.94993375  0.94993375  0.87359727  0.84511440  0.93403175  0.88825519  
69_0_0     0.66028652  0.69378427  0.64944526  0.62822214  0.63875858  0.69378427  0.64944526  0.12262906  0.13336412  0.13336412  0.00000000  0.13336412  0.15530684  0.87359727  0.88825519  0.96618048  0.90320552  0.90320552  0.88825519  0.93403175  0.94993375  0.94993375  0.93403175  0.98278722  0.98278722  0.81767448  0.84511440  0.99977029  0.93403175  
97_0_0     0.64944526  0.66028652  0.61783178  0.54887314  0.55834435  0.58749801  0.58749801  0.20716099  0.20716099  0.20716099  0.13336412  0.00000000  0.14425518  0.93403175  0.94993375  0.94993375  0.91846016  0.91846016  0.85922053  0.99977029  0.98278722  0.98278722  0.98278722  0.96618048  0.96618048  0.91846016  0.91846016  0.90320552  0.94993375  
47_0_0     0.62822214  0.63875858  0.61783178  0.56793678  0.57765357  0.60758350  0.60758350  0.19532383  0.19532383  0.19532383  0.15530684  0.14425518  0.00000000  0.77831103  0.84511440  0.87359727  0.81767448  0.81767448  0.85922053  0.87359727  0.91846016  0.91846016  0.96618048  0.94993375  0.94993375  0.90320552  0.90320552  0.91846016  0.90320552  
47_5_0     0.88825519  0.91846016  0.87359727  0.75317233  0.74091227  0.71697789  0.75317233  0.83126886  0.84511440  0.81767448  0.87359727  0.93403175  0.77831103  0.00000000  0.13336412  0.21918811  0.18947463  0.18947463  0.26932489  0.20121904  0.23141139  0.23141139  0.33005341  0.32305764  0.33005341  0.21918811  0.28240125  0.33005341  0.26932489  
97_5_0     0.83126886  0.88825519  0.81767448  0.75317233  0.71697789  0.71697789  0.74091227  0.84511440  0.85922053  0.85922053  0.88825519  0.94993375  0.84511440  0.13336412  0.00000000  0.16089439  0.13336412  0.13336412  0.20121904  0.14425518  0.14976064  0.14976064  0.33005341  0.32305764  0.33005341  0.19532383  0.25012842  0.27583455  0.24383733  
69_6_0     0.80432229  0.76563628  0.76563628  0.68245118  0.64944526  0.67128692  0.69378427  0.90320552  0.88825519  0.85922053  0.96618048  0.94993375  0.87359727  0.21918811  0.16089439  0.00000000  0.03236300  0.03236300  0.13878987  0.14425518  0.14976064  0.14976064  0.30245379  0.29570982  0.28902600  0.18367073  0.23141139  0.23141139  0.24383733  
69_5_0     0.79120382  0.77831103  0.75317233  0.69378427  0.66028652  0.66028652  0.70529136  0.87359727  0.85922053  0.83126886  0.90320552  0.91846016  0.81767448  0.18947463  0.13336412  0.03236300  0.00000000  0.00000000  0.13878987  0.12797737  0.13336412  0.13336412  0.28240125  0.27583455  0.26932489  0.17791143  0.22527483  0.23759861  0.22527483  
69_7_0     0.79120382  0.77831103  0.75317233  0.69378427  0.66028652  0.66028652  0.70529136  0.87359727  0.85922053  0.83126886  0.90320552  0.91846016  0.81767448  0.18947463  0.13336412  0.03236300  0.00000000  0.00000000  0.13878987  0.12797737  0.13336412  0.13336412  0.28240125  0.27583455  0.26932489  0.17791143  0.22527483  0.23759861  0.22527483  
53_5_0     0.81767448  0.80432229  0.80432229  0.79120382  0.77831103  0.75317233  0.83126886  0.84511440  0.83126886  0.83126886  0.88825519  0.85922053  0.85922053  0.26932489  0.20121904  0.13878987  0.13878987  0.13878987  0.00000000  0.18367073  0.18947463  0.18947463  0.38094233  0.37345749  0.36604667  0.24383733  0.28902600  0.28240125  0.28240125  
78_5_0     0.84511440  0.85922053  0.81767448  0.72884954  0.71697789  0.74091227  0.74091227  0.87359727  0.88825519  0.85922053  0.93403175  0.99977029  0.87359727  0.20121904  0.14425518  0.14425518  0.12797737  0.12797737  0.18367073  0.00000000  0.04667241  0.04667241  0.30925900  0.28902600  0.29570982  0.18947463  0.29570982  0.28902600  0.17219604  
50_5_0     0.87359727  0.88825519  0.84511440  0.75317233  0.74091227  0.72884954  0.75317233  0.88825519  0.90320552  0.87359727  0.94993375  0.98278722  0.91846016  0.23141139  0.14976064  0.14976064  0.13336412  0.13336412  0.18947463  0.04667241  0.00000000  0.00000000  0.30245379  0.29570982  0.28902600  0.19532383  0.28902600  0.30245379  0.19532383  
94_5_0     0.87359727  0.88825519  0.84511440  0.75317233  0.74091227  0.72884954  0.75317233  0.88825519  0.90320552  0.87359727  0.94993375  0.98278722  0.91846016  0.23141139  0.14976064  0.14976064  0.13336412  0.13336412  0.18947463  0.04667241  0.00000000  0.00000000  0.30245379  0.29570982  0.28902600  0.19532383  0.28902600  0.30245379  0.19532383  
78_2_0     0.93403175  0.98278722  0.93403175  0.81767448  0.83126886  0.81767448  0.83126886  0.91846016  0.93403175  0.93403175  0.93403175  0.98278722  0.96618048  0.33005341  0.33005341  0.30245379  0.28240125  0.28240125  0.38094233  0.30925900  0.30245379  0.30245379  0.00000000  0.02765327  0.02297295  0.17791143  0.24383733  0.31612656  0.22527483  
94_2_0     0.90320552  0.94993375  0.96618048  0.81767448  0.85922053  0.81767448  0.85922053  0.96618048  0.94993375  0.94993375  0.98278722  0.96618048  0.94993375  0.32305764  0.32305764  0.29570982  0.27583455  0.27583455  0.37345749  0.28902600  0.29570982  0.29570982  0.02765327  0.00000000  0.00453860  0.19532383  0.23759861  0.30245379  0.21918811  
50_2_0     0.90320552  0.94993375  0.96618048  0.81767448  0.85922053  0.81767448  0.85922053  0.96618048  0.94993375  0.94993375  0.98278722  0.96618048  0.94993375  0.33005341  0.33005341  0.28902600  0.26932489  0.26932489  0.36604667  0.29570982  0.28902600  0.28902600  0.02297295  0.00453860  0.00000000  0.18947463  0.23141139  0.29570982  0.22527483  
69_2_0     0.85922053  0.88825519  0.81767448  0.74091227  0.74091227  0.72884954  0.74091227  0.85922053  0.87359727  0.87359727  0.81767448  0.91846016  0.90320552  0.21918811  0.19532383  0.18367073  0.17791143  0.17791143  0.24383733  0.18947463  0.19532383  0.19532383  0.17791143  0.19532383  0.18947463  0.00000000  0.11204560  0.20121904  0.12262906  
53_2_0     0.88825519  0.90320552  0.90320552  0.76563628  0.76563628  0.75317233  0.79120382  0.83126886  0.81767448  0.84511440  0.84511440  0.91846016  0.90320552  0.28240125  0.25012842  0.23141139  0.22527483  0.22527483  0.28902600  0.29570982  0.28902600  0.28902600  0.24383733  0.23759861  0.23141139  0.11204560  0.00000000  0.26287128  0.20716099  
47_2_0     0.79120382  0.77831103  0.75317233  0.69378427  0.69378427  0.71697789  0.71697789  0.91846016  0.90320552  0.93403175  0.99977029  0.90320552  0.91846016  0.33005341  0.27583455  0.23141139  0.23759861  0.23759861  0.28240125  0.28902600  0.30245379  0.30245379  0.31612656  0.30245379  0.29570982  0.20121904  0.26287128  0.00000000  0.25012842  
97_2_0     0.76563628  0.76563628  0.74091227  0.67128692  0.68245118  0.68245118  0.68245118  0.87359727  0.88825519  0.88825519  0.93403175  0.94993375  0.90320552  0.26932489  0.24383733  0.24383733  0.22527483  0.22527483  0.28240125  0.17219604  0.19532383  0.19532383  0.22527483  0.21918811  0.22527483  0.12262906  0.20716099  0.25012842  0.00000000  

