168
48_4_0     0.00000000  0.09284805  0.12657266  0.13962541  0.19900194  0.18955201  0.26354762  0.26354762  0.20857380  0.18955201  0.25837822  0.28459315  0.28994916  0.30077860  0.32856472  0.27399576  0.29534412  0.28994916  0.28459315  0.28994916  0.24308271  0.29534412  0.31176848  0.31732508  0.33997727  0.39983224  0.41877275  0.37530776  0.35743221  0.43167386  0.35156814  0.35743221  0.36334299  0.34575007  0.38746866  0.37530776  0.39362469  0.38746866  0.52886949  0.40609216  0.40609216  0.40609216  0.43167386  0.43820954  0.41240536  0.43167386  0.43167386  0.40609216  0.40609216  0.40609216  0.45145621  0.46494373  0.46494373  0.48564624  0.47868101  0.48564624  0.44480331  0.42519526  0.43167386  0.42519526  0.43167386  0.40609216  0.43820954  0.41877275  0.39983224  0.43820954  0.43167386  0.43820954  0.41240536  0.30625319  0.30625319  0.38136329  0.38136329  0.41240536  0.39983224  0.38746866  0.37530776  0.39362469  0.42519526  0.38746866  0.38746866  0.36334299  0.39362469  0.40609216  0.37530776  0.36930125  0.36930125  0.38136329  0.37530776  0.37530776  0.34575007  0.32292361  0.32292361  0.33424905  0.49977601  0.39362469  0.38136329  0.39362469  0.36334299  0.36930125  0.36930125  0.39362469  0.39362469  0.43167386  0.43167386  0.39983224  0.35743221  0.35743221  0.35743221  0.36930125  0.43167386  0.38136329  0.39362469  0.38136329  0.43820954  0.38746866  0.38746866  0.39362469  0.35156814  0.37530776  0.40609216  0.36930125  0.37530776  0.38136329  0.37530776  0.37530776  0.36930125  0.39362469  0.39983224  0.39983224  0.36930125  0.36930125  0.38746866  0.36334299  0.40609216  0.38746866  0.38746866  0.38746866  0.38746866  0.39362469  0.39983224  0.39362469  0.41877275  0.41877275  0.38746866  0.43167386  0.41240536  0.40609216  0.43167386  0.41240536  0.40609216  0.36334299  0.37530776  0.32856472  0.32856472  0.38136329  0.36930125  0.39983224  0.39983224  0.53632470  0.53632470  0.55146372  0.52886949  0.50694311  0.53632470  0.43167386  0.43167386  0.42519526  
79_4_0     0.09284805  0.00000000  0.06059015  0.06454651  0.16190371  0.10951873  0.20857380  0.20857380  0.13089811  0.10951873  0.24308271  0.23805349  0.26354762  0.24308271  0.26875330  0.21827078  0.23805349  0.22316722  0.21827078  0.24308271  0.19900194  0.22809619  0.23305813  0.28994916  0.28459315  0.35743221  0.39362469  0.29534412  0.30077860  0.38136329  0.31732508  0.31732508  0.35156814  0.30625319  0.32292361  0.30625319  0.32292361  0.31732508  0.51418013  0.41877275  0.41877275  0.41877275  0.44480331  0.45145621  0.43820954  0.44480331  0.44480331  0.41877275  0.41877275  0.41877275  0.45145621  0.46494373  0.43820954  0.48564624  0.47868101  0.48564624  0.47178057  0.42519526  0.41877275  0.41240536  0.43167386  0.39362469  0.45145621  0.39983224  0.39983224  0.43167386  0.43820954  0.43167386  0.42519526  0.28459315  0.28459315  0.33424905  0.33424905  0.33997727  0.32856472  0.33997727  0.33997727  0.32856472  0.38136329  0.34575007  0.35156814  0.33997727  0.31732508  0.32856472  0.31732508  0.32292361  0.33424905  0.32292361  0.32856472  0.30625319  0.30625319  0.26354762  0.28459315  0.28459315  0.43820954  0.35156814  0.33997727  0.35156814  0.32292361  0.32856472  0.32856472  0.31732508  0.33997727  0.41240536  0.41240536  0.38136329  0.35156814  0.35156814  0.35156814  0.36334299  0.38746866  0.36334299  0.36334299  0.37530776  0.43820954  0.34575007  0.34575007  0.35156814  0.32292361  0.38136329  0.39983224  0.37530776  0.38136329  0.37530776  0.36930125  0.34575007  0.33997727  0.36334299  0.36930125  0.36930125  0.33997727  0.33997727  0.35743221  0.33424905  0.38746866  0.35743221  0.35743221  0.36930125  0.36930125  0.36334299  0.35743221  0.35156814  0.35156814  0.35156814  0.33424905  0.37530776  0.38746866  0.36930125  0.40609216  0.36334299  0.35743221  0.32292361  0.33424905  0.32292361  0.32292361  0.35743221  0.32292361  0.32292361  0.31176848  0.50694311  0.50694311  0.52148845  0.51418013  0.51418013  0.53632470  0.43167386  0.47178057  0.39983224  
43_4_0     0.12657266  0.06059015  0.00000000  0.02590150  0.12657266  0.10951873  0.20857380  0.20857380  0.13962541  0.12657266  0.23305813  0.21827078  0.26875330  0.24814625  0.26354762  0.21827078  0.22809619  0.22316722  0.22809619  0.26354762  0.20857380  0.23805349  0.25324460  0.27927553  0.28459315  0.38746866  0.41877275  0.29534412  0.30077860  0.36930125  0.31732508  0.31732508  0.36334299  0.32856472  0.31176848  0.30077860  0.31732508  0.32292361  0.48564624  0.42519526  0.42519526  0.42519526  0.42519526  0.43167386  0.41877275  0.42519526  0.42519526  0.42519526  0.43820954  0.43820954  0.47178057  0.51418013  0.47178057  0.50694311  0.49977601  0.50694311  0.47868101  0.45816932  0.45145621  0.44480331  0.46494373  0.39983224  0.45816932  0.44480331  0.43820954  0.49267748  0.49977601  0.49267748  0.48564624  0.27399576  0.26354762  0.37530776  0.37530776  0.38136329  0.36930125  0.38136329  0.39362469  0.38136329  0.39983224  0.36334299  0.38136329  0.36930125  0.32856472  0.32856472  0.32856472  0.33424905  0.34575007  0.32292361  0.31732508  0.29534412  0.34575007  0.30625319  0.29534412  0.27927553  0.45145621  0.32292361  0.30625319  0.34575007  0.29534412  0.28994916  0.28994916  0.32292361  0.32292361  0.36930125  0.36930125  0.36334299  0.34575007  0.33424905  0.33424905  0.35743221  0.35743221  0.34575007  0.34575007  0.34575007  0.40609216  0.37530776  0.37530776  0.36930125  0.31732508  0.35743221  0.37530776  0.35743221  0.37530776  0.35743221  0.35156814  0.32856472  0.33424905  0.34575007  0.35156814  0.35156814  0.33424905  0.32292361  0.33997727  0.31732508  0.36930125  0.33997727  0.33997727  0.35743221  0.35743221  0.35156814  0.36334299  0.36930125  0.33424905  0.33424905  0.31732508  0.38746866  0.39362469  0.38746866  0.41240536  0.36930125  0.36334299  0.33997727  0.35156814  0.33997727  0.33997727  0.38746866  0.38136329  0.33424905  0.32292361  0.49267748  0.49267748  0.51418013  0.50694311  0.49267748  0.52148845  0.41240536  0.44480331  0.39983224  
96_17_0    0.13962541  0.06454651  0.02590150  0.00000000  0.13962541  0.12227228  0.21340645  0.21340645  0.15291195  0.13962541  0.24814625  0.23305813  0.28459315  0.26354762  0.28994916  0.23305813  0.23305813  0.21827078  0.22316722  0.25837822  0.22316722  0.24308271  0.25837822  0.27399576  0.27927553  0.39362469  0.42519526  0.30077860  0.29534412  0.37530776  0.33424905  0.34575007  0.38136329  0.34575007  0.32856472  0.31732508  0.33424905  0.33997727  0.49977601  0.41877275  0.41877275  0.41877275  0.43167386  0.43820954  0.42519526  0.43167386  0.43167386  0.43167386  0.43167386  0.43167386  0.46494373  0.49267748  0.46494373  0.48564624  0.47868101  0.48564624  0.47178057  0.45145621  0.44480331  0.43820954  0.45816932  0.41877275  0.47868101  0.43820954  0.43167386  0.48564624  0.49267748  0.48564624  0.47868101  0.26875330  0.25837822  0.38136329  0.38136329  0.38746866  0.37530776  0.38746866  0.39983224  0.38746866  0.39362469  0.35743221  0.38746866  0.37530776  0.33424905  0.32856472  0.34575007  0.35156814  0.35156814  0.32856472  0.33424905  0.31176848  0.32856472  0.28994916  0.30077860  0.27399576  0.44480331  0.33424905  0.31732508  0.34575007  0.29534412  0.28994916  0.28994916  0.33424905  0.33424905  0.36930125  0.36930125  0.37530776  0.35743221  0.34575007  0.34575007  0.35743221  0.38136329  0.35743221  0.35743221  0.34575007  0.40609216  0.38136329  0.38136329  0.36930125  0.31732508  0.38136329  0.39983224  0.35743221  0.37530776  0.34575007  0.33997727  0.31732508  0.32292361  0.33424905  0.33997727  0.33997727  0.33424905  0.32292361  0.33424905  0.31732508  0.34575007  0.31732508  0.31732508  0.34575007  0.34575007  0.35156814  0.36334299  0.35743221  0.32292361  0.32292361  0.30625319  0.38136329  0.39362469  0.39983224  0.39983224  0.36930125  0.36334299  0.33997727  0.35156814  0.33997727  0.33997727  0.36930125  0.37530776  0.33997727  0.32856472  0.51418013  0.51418013  0.50694311  0.49977601  0.51418013  0.54385559  0.42519526  0.47178057  0.41240536  
96_4_0     0.19900194  0.16190371  0.12657266  0.13962541  0.00000000  0.18955201  0.27399576  0.27399576  0.19900194  0.20377243  0.30077860  0.28459315  0.33997727  0.31732508  0.34575007  0.28994916  0.30077860  0.30077860  0.29534412  0.31732508  0.27927553  0.26875330  0.27927553  0.31176848  0.33997727  0.40609216  0.45816932  0.35743221  0.35156814  0.41240536  0.35743221  0.36334299  0.39983224  0.37530776  0.35743221  0.32292361  0.35156814  0.34575007  0.50694311  0.41877275  0.41877275  0.41877275  0.43820954  0.44480331  0.43167386  0.43820954  0.43820954  0.44480331  0.41877275  0.41877275  0.46494373  0.48564624  0.48564624  0.51418013  0.50694311  0.50694311  0.49267748  0.45816932  0.43820954  0.44480331  0.44480331  0.42519526  0.44480331  0.43820954  0.41877275  0.47868101  0.47868101  0.45816932  0.48564624  0.32856472  0.31732508  0.42519526  0.42519526  0.36930125  0.36930125  0.39362469  0.41877275  0.43167386  0.43820954  0.41877275  0.44480331  0.40609216  0.41877275  0.40609216  0.41877275  0.39362469  0.39362469  0.36334299  0.39362469  0.35743221  0.41877275  0.35156814  0.38136329  0.36334299  0.49267748  0.43820954  0.41877275  0.41877275  0.39362469  0.38746866  0.38746866  0.38136329  0.39362469  0.42519526  0.42519526  0.41240536  0.41877275  0.40609216  0.40609216  0.41877275  0.44480331  0.40609216  0.40609216  0.40609216  0.51418013  0.40609216  0.40609216  0.37530776  0.39983224  0.38746866  0.43167386  0.42519526  0.44480331  0.39983224  0.39362469  0.40609216  0.40609216  0.40609216  0.41240536  0.41240536  0.43167386  0.41877275  0.43820954  0.41240536  0.45816932  0.42519526  0.42519526  0.40609216  0.40609216  0.42519526  0.42519526  0.41877275  0.36930125  0.36930125  0.35156814  0.41240536  0.41240536  0.36930125  0.41877275  0.39983224  0.38746866  0.35156814  0.35743221  0.35156814  0.35156814  0.41877275  0.44480331  0.35743221  0.36930125  0.51418013  0.50694311  0.49267748  0.47178057  0.51418013  0.53632470  0.43820954  0.49977601  0.42519526  
95_4_0     0.18955201  0.10951873  0.10951873  0.12227228  0.18955201  0.00000000  0.24814625  0.24814625  0.15739420  0.15291195  0.26354762  0.24814625  0.30077860  0.27927553  0.30625319  0.23805349  0.24814625  0.27399576  0.26875330  0.28459315  0.24308271  0.25837822  0.26354762  0.34575007  0.35743221  0.38746866  0.49977601  0.35743221  0.38136329  0.41877275  0.37530776  0.39362469  0.39362469  0.35743221  0.38746866  0.35156814  0.35743221  0.35156814  0.56691813  0.40609216  0.40609216  0.40609216  0.43820954  0.44480331  0.43167386  0.43167386  0.43167386  0.39362469  0.39362469  0.39362469  0.43820954  0.47868101  0.45145621  0.49977601  0.49267748  0.46494373  0.47178057  0.43167386  0.42519526  0.43167386  0.42519526  0.38746866  0.41877275  0.42519526  0.40609216  0.49267748  0.48564624  0.47868101  0.47178057  0.29534412  0.28459315  0.38136329  0.38136329  0.33424905  0.33424905  0.35743221  0.36930125  0.38136329  0.37530776  0.36334299  0.38136329  0.34575007  0.35743221  0.35743221  0.35743221  0.36334299  0.36334299  0.35156814  0.35743221  0.33424905  0.35156814  0.31732508  0.30625319  0.32856472  0.45816932  0.38136329  0.38746866  0.39362469  0.33997727  0.34575007  0.34575007  0.34575007  0.37530776  0.40609216  0.39362469  0.41240536  0.40609216  0.38136329  0.38136329  0.39362469  0.40609216  0.36930125  0.36930125  0.40609216  0.45816932  0.39983224  0.39983224  0.39362469  0.35156814  0.42519526  0.45816932  0.40609216  0.42519526  0.40609216  0.39983224  0.38746866  0.38136329  0.39983224  0.39362469  0.39362469  0.38746866  0.38136329  0.38136329  0.36930125  0.39983224  0.38136329  0.38136329  0.39362469  0.39362469  0.38746866  0.40609216  0.39983224  0.37530776  0.37530776  0.36930125  0.36930125  0.37530776  0.35156814  0.39983224  0.37530776  0.35743221  0.32856472  0.33424905  0.33997727  0.33997727  0.36334299  0.35156814  0.36930125  0.34575007  0.50694311  0.50694311  0.55146372  0.52886949  0.52148845  0.51418013  0.39983224  0.45145621  0.40609216  
56_4_0     0.26354762  0.20857380  0.20857380  0.21340645  0.27399576  0.24814625  0.00000000  0.00000000  0.19426193  0.17100579  0.27927553  0.27399576  0.32292361  0.30077860  0.33997727  0.26354762  0.28459315  0.31732508  0.31176848  0.31732508  0.26875330  0.30077860  0.28459315  0.39362469  0.40609216  0.33997727  0.47868101  0.39983224  0.40609216  0.47868101  0.37530776  0.37530776  0.41240536  0.37530776  0.41240536  0.39362469  0.39983224  0.39362469  0.57476777  0.45145621  0.46494373  0.46494373  0.49267748  0.49977601  0.47178057  0.46494373  0.46494373  0.47868101  0.45816932  0.45816932  0.49267748  0.51418013  0.49267748  0.56691813  0.57476777  0.55915068  0.55146372  0.49977601  0.51418013  0.51418013  0.49977601  0.48564624  0.50694311  0.49267748  0.49267748  0.50694311  0.51418013  0.49267748  0.47868101  0.32856472  0.32292361  0.36334299  0.36334299  0.32292361  0.32292361  0.32856472  0.32856472  0.35743221  0.41877275  0.32292361  0.33997727  0.31732508  0.35156814  0.35743221  0.39983224  0.35156814  0.33997727  0.37530776  0.38136329  0.36930125  0.42519526  0.39362469  0.38746866  0.37530776  0.43820954  0.43167386  0.40609216  0.41877275  0.38746866  0.39362469  0.39362469  0.37530776  0.38136329  0.39983224  0.41240536  0.43167386  0.39983224  0.41240536  0.41240536  0.43820954  0.46494373  0.42519526  0.42519526  0.42519526  0.46494373  0.44480331  0.44480331  0.41240536  0.38136329  0.48564624  0.50694311  0.40609216  0.42519526  0.39983224  0.40609216  0.39362469  0.38746866  0.36334299  0.36930125  0.36930125  0.41877275  0.43167386  0.41240536  0.39362469  0.42519526  0.40609216  0.40609216  0.35743221  0.35743221  0.38746866  0.38746866  0.39983224  0.39362469  0.39362469  0.38746866  0.42519526  0.41877275  0.45145621  0.44480331  0.37530776  0.39362469  0.34575007  0.34575007  0.42519526  0.42519526  0.42519526  0.41877275  0.37530776  0.36334299  0.51418013  0.52148845  0.49977601  0.49267748  0.49267748  0.51418013  0.45816932  0.48564624  0.45816932  
46_4_0     0.26354762  0.20857380  0.20857380  0.21340645  0.27399576  0.24814625  0.00000000  0.00000000  0.19426193  0.17100579  0.27927553  0.27399576  0.32292361  0.30077860  0.33997727  0.26354762  0.28459315  0.31732508  0.31176848  0.31732508  0.26875330  0.30077860  0.28459315  0.39362469  0.40609216  0.33997727  0.47868101  0.39983224  0.40609216  0.47868101  0.37530776  0.37530776  0.41240536  0.37530776  0.41240536  0.39362469  0.39983224  0.39362469  0.57476777  0.45145621  0.46494373  0.46494373  0.49267748  0.49977601  0.47178057  0.46494373  0.46494373  0.47868101  0.45816932  0.45816932  0.49267748  0.51418013  0.49267748  0.56691813  0.57476777  0.55915068  0.55146372  0.49977601  0.51418013  0.51418013  0.49977601  0.48564624  0.50694311  0.49267748  0.49267748  0.50694311  0.51418013  0.49267748  0.47868101  0.32856472  0.32292361  0.36334299  0.36334299  0.32292361  0.32292361  0.32856472  0.32856472  0.35743221  0.41877275  0.32292361  0.33997727  0.31732508  0.35156814  0.35743221  0.39983224  0.35156814  0.33997727  0.37530776  0.38136329  0.36930125  0.42519526  0.39362469  0.38746866  0.37530776  0.43820954  0.43167386  0.40609216  0.41877275  0.38746866  0.39362469  0.39362469  0.37530776  0.38136329  0.39983224  0.41240536  0.43167386  0.39983224  0.41240536  0.41240536  0.43820954  0.46494373  0.42519526  0.42519526  0.42519526  0.46494373  0.44480331  0.44480331  0.41240536  0.38136329  0.48564624  0.50694311  0.40609216  0.42519526  0.39983224  0.40609216  0.39362469  0.38746866  0.36334299  0.36930125  0.36930125  0.41877275  0.43167386  0.41240536  0.39362469  0.42519526  0.40609216  0.40609216  0.35743221  0.35743221  0.38746866  0.38746866  0.39983224  0.39362469  0.39362469  0.38746866  0.42519526  0.41877275  0.45145621  0.44480331  0.37530776  0.39362469  0.34575007  0.34575007  0.42519526  0.42519526  0.42519526  0.41877275  0.37530776  0.36334299  0.51418013  0.52148845  0.49977601  0.49267748  0.49267748  0.51418013  0.45816932  0.48564624  0.45816932  
78_4_0     0.20857380  0.13089811  0.13962541  0.15291195  0.19900194  0.15739420  0.19426193  0.19426193  0.00000000  0.04884611  0.21827078  0.19426193  0.27927553  0.23805349  0.28459315  0.18487181  0.20377243  0.22809619  0.22316722  0.21827078  0.17100579  0.21827078  0.23805349  0.30625319  0.28459315  0.31176848  0.45145621  0.33997727  0.34575007  0.40609216  0.37530776  0.34575007  0.39362469  0.35156814  0.41240536  0.31176848  0.32856472  0.32292361  0.46494373  0.42519526  0.42519526  0.42519526  0.45816932  0.46494373  0.45145621  0.44480331  0.44480331  0.42519526  0.43167386  0.43167386  0.47868101  0.48564624  0.44480331  0.51418013  0.52148845  0.51418013  0.47178057  0.43167386  0.43167386  0.43167386  0.46494373  0.41240536  0.43820954  0.41877275  0.41877275  0.46494373  0.47178057  0.45145621  0.45145621  0.29534412  0.27399576  0.32292361  0.31176848  0.32856472  0.31732508  0.29534412  0.31176848  0.34575007  0.33424905  0.33997727  0.35156814  0.33424905  0.29534412  0.30077860  0.33424905  0.31732508  0.31176848  0.31732508  0.31732508  0.29534412  0.35743221  0.31176848  0.27927553  0.28459315  0.49267748  0.36930125  0.35156814  0.38136329  0.35743221  0.35156814  0.35156814  0.32292361  0.32292361  0.40609216  0.40609216  0.36334299  0.38136329  0.36930125  0.36930125  0.38136329  0.41240536  0.37530776  0.37530776  0.36930125  0.41877275  0.38746866  0.38746866  0.35743221  0.36930125  0.42519526  0.44480331  0.36930125  0.38746866  0.41240536  0.40609216  0.36930125  0.37530776  0.37530776  0.34575007  0.34575007  0.38136329  0.38136329  0.36334299  0.34575007  0.38136329  0.35743221  0.35743221  0.34575007  0.34575007  0.35743221  0.39362469  0.38136329  0.34575007  0.34575007  0.33997727  0.39983224  0.35743221  0.36930125  0.39983224  0.36334299  0.35156814  0.33997727  0.33997727  0.36334299  0.36334299  0.37530776  0.34575007  0.32856472  0.30625319  0.54385559  0.52886949  0.52148845  0.49977601  0.51418013  0.53632470  0.38746866  0.43820954  0.38136329  
93_4_0     0.18955201  0.10951873  0.12657266  0.13962541  0.20377243  0.15291195  0.17100579  0.17100579  0.04884611  0.00000000  0.21340645  0.19900194  0.26354762  0.23305813  0.26875330  0.18955201  0.20857380  0.23805349  0.23305813  0.22316722  0.17100579  0.19426193  0.22316722  0.28994916  0.26354762  0.30625319  0.39983224  0.31176848  0.31732508  0.39983224  0.35743221  0.32292361  0.39362469  0.33424905  0.39362469  0.30625319  0.31176848  0.30625319  0.47178057  0.42519526  0.42519526  0.42519526  0.47868101  0.48564624  0.45816932  0.46494373  0.46494373  0.42519526  0.41877275  0.41877275  0.45145621  0.47178057  0.42519526  0.49977601  0.50694311  0.49977601  0.48564624  0.42519526  0.41240536  0.41240536  0.43820954  0.39983224  0.43167386  0.39983224  0.43167386  0.44480331  0.45145621  0.44480331  0.41877275  0.27399576  0.26354762  0.30625319  0.29534412  0.31176848  0.30077860  0.30077860  0.31176848  0.32292361  0.32856472  0.31732508  0.33997727  0.32292361  0.26354762  0.27399576  0.31732508  0.30077860  0.29534412  0.31176848  0.31732508  0.28459315  0.35743221  0.31176848  0.27927553  0.29534412  0.44480331  0.33997727  0.32292361  0.35743221  0.32856472  0.33424905  0.33424905  0.30625319  0.29534412  0.39362469  0.39362469  0.33997727  0.33424905  0.33424905  0.33424905  0.35743221  0.39362469  0.35743221  0.35743221  0.35743221  0.41877275  0.36334299  0.36334299  0.34575007  0.33997727  0.41240536  0.43167386  0.35156814  0.36930125  0.38136329  0.37530776  0.32856472  0.33424905  0.34575007  0.32856472  0.32856472  0.36334299  0.36334299  0.35743221  0.32856472  0.36930125  0.33997727  0.33997727  0.31732508  0.31732508  0.33424905  0.33997727  0.33997727  0.33424905  0.33424905  0.32856472  0.38746866  0.35743221  0.37530776  0.38136329  0.36334299  0.35156814  0.32856472  0.32856472  0.33997727  0.33997727  0.36930125  0.33424905  0.31176848  0.30077860  0.48564624  0.47868101  0.47178057  0.46494373  0.47868101  0.48564624  0.37530776  0.41877275  0.35156814  
48_15_0    0.25837822  0.24308271  0.23305813  0.24814625  0.30077860  0.26354762  0.27927553  0.27927553  0.21827078  0.21340645  0.00000000  0.03728511  0.11799669  0.09698073  0.16190371  0.10951873  0.11799669  0.15291195  0.14845661  0.18022095  0.25837822  0.19900194  0.19900194  0.28459315  0.30077860  0.41877275  0.39362469  0.40609216  0.32856472  0.38746866  0.35156814  0.36930125  0.37530776  0.35156814  0.44480331  0.37530776  0.36930125  0.36334299  0.55915068  0.46494373  0.47868101  0.49267748  0.49267748  0.49977601  0.47178057  0.47868101  0.47868101  0.46494373  0.47178057  0.47178057  0.47868101  0.50694311  0.44480331  0.48564624  0.47868101  0.49977601  0.45816932  0.42519526  0.42519526  0.42519526  0.40609216  0.45145621  0.44480331  0.45145621  0.44480331  0.47178057  0.49267748  0.50694311  0.43820954  0.29534412  0.27399576  0.31176848  0.32292361  0.36334299  0.35156814  0.33997727  0.32856472  0.37530776  0.41877275  0.38746866  0.38136329  0.37530776  0.33997727  0.36334299  0.32856472  0.29534412  0.26875330  0.32856472  0.34575007  0.31732508  0.38746866  0.36930125  0.34575007  0.34575007  0.47868101  0.35743221  0.34575007  0.37530776  0.34575007  0.35156814  0.35156814  0.32856472  0.36334299  0.39362469  0.39362469  0.38136329  0.37530776  0.37530776  0.37530776  0.38746866  0.40609216  0.35156814  0.36930125  0.39362469  0.39983224  0.34575007  0.34575007  0.35156814  0.32292361  0.39983224  0.40609216  0.31732508  0.33424905  0.35156814  0.34575007  0.30077860  0.31732508  0.33424905  0.31732508  0.31732508  0.32292361  0.33424905  0.33997727  0.31176848  0.32856472  0.31176848  0.31176848  0.34575007  0.34575007  0.35156814  0.36334299  0.36334299  0.39362469  0.39362469  0.36334299  0.38136329  0.39362469  0.39362469  0.42519526  0.38746866  0.38746866  0.37530776  0.39362469  0.38746866  0.38746866  0.38136329  0.33997727  0.38136329  0.35743221  0.47178057  0.46494373  0.47868101  0.47178057  0.41877275  0.45816932  0.47868101  0.48564624  0.42519526  
79_15_0    0.28459315  0.23805349  0.21827078  0.23305813  0.28459315  0.24814625  0.27399576  0.27399576  0.19426193  0.19900194  0.03728511  0.00000000  0.12657266  0.08873827  0.16190371  0.06852408  0.08465113  0.11799669  0.11374560  0.17100579  0.24814625  0.18022095  0.18022095  0.28459315  0.27927553  0.39362469  0.39983224  0.36930125  0.35156814  0.37530776  0.36334299  0.36334299  0.36930125  0.33424905  0.46494373  0.36334299  0.35743221  0.35156814  0.52148845  0.47868101  0.49267748  0.50694311  0.49267748  0.49977601  0.48564624  0.47868101  0.47868101  0.46494373  0.47178057  0.47178057  0.49267748  0.53632470  0.44480331  0.45816932  0.45145621  0.47178057  0.44480331  0.39983224  0.39983224  0.39983224  0.40609216  0.43820954  0.44480331  0.41240536  0.40609216  0.43167386  0.45145621  0.46494373  0.42519526  0.28459315  0.26354762  0.30077860  0.31176848  0.33424905  0.32292361  0.31732508  0.31732508  0.35156814  0.40609216  0.36334299  0.34575007  0.33997727  0.31732508  0.33997727  0.33997727  0.30625319  0.27399576  0.30625319  0.32292361  0.29534412  0.38746866  0.33424905  0.32292361  0.32856472  0.49267748  0.32292361  0.31732508  0.34575007  0.30625319  0.31176848  0.31176848  0.32292361  0.35743221  0.38136329  0.38136329  0.36930125  0.38746866  0.38746866  0.38746866  0.36334299  0.36930125  0.32856472  0.32292361  0.35743221  0.38746866  0.32292361  0.32292361  0.32856472  0.31176848  0.36334299  0.35743221  0.32856472  0.34575007  0.35156814  0.34575007  0.31176848  0.32856472  0.33424905  0.31732508  0.31732508  0.32292361  0.32292361  0.32856472  0.30077860  0.30625319  0.28994916  0.28994916  0.34575007  0.34575007  0.36334299  0.35743221  0.36334299  0.34575007  0.34575007  0.32856472  0.33424905  0.34575007  0.36930125  0.38746866  0.36334299  0.33997727  0.35156814  0.35743221  0.38746866  0.38746866  0.39362469  0.35156814  0.35743221  0.33424905  0.44480331  0.43820954  0.47868101  0.47178057  0.43167386  0.46494373  0.42519526  0.45816932  0.39983224  
95_15_0    0.28994916  0.26354762  0.26875330  0.28459315  0.33997727  0.30077860  0.32292361  0.32292361  0.27927553  0.26354762  0.11799669  0.12657266  0.00000000  0.06454651  0.11374560  0.17100579  0.18487181  0.20377243  0.20857380  0.22809619  0.27399576  0.23305813  0.23305813  0.33997727  0.29534412  0.41240536  0.45816932  0.37530776  0.35743221  0.41877275  0.39983224  0.40609216  0.41240536  0.38746866  0.42519526  0.40609216  0.38746866  0.38746866  0.55146372  0.45816932  0.45816932  0.47178057  0.48564624  0.49267748  0.46494373  0.48564624  0.48564624  0.44480331  0.49267748  0.49267748  0.47868101  0.51418013  0.45816932  0.47178057  0.46494373  0.48564624  0.48564624  0.46494373  0.46494373  0.46494373  0.44480331  0.45145621  0.45816932  0.42519526  0.43167386  0.46494373  0.47178057  0.48564624  0.43167386  0.36930125  0.32292361  0.30077860  0.31176848  0.38746866  0.37530776  0.39362469  0.38136329  0.39362469  0.47868101  0.38746866  0.36930125  0.40609216  0.35156814  0.38746866  0.31732508  0.31176848  0.30625319  0.32856472  0.32856472  0.30625319  0.41240536  0.36930125  0.34575007  0.35743221  0.52886949  0.37530776  0.36334299  0.38136329  0.33997727  0.34575007  0.34575007  0.38136329  0.41877275  0.43820954  0.43820954  0.38746866  0.39362469  0.40609216  0.40609216  0.42519526  0.42519526  0.38136329  0.39983224  0.42519526  0.45145621  0.35743221  0.35743221  0.37530776  0.33997727  0.38746866  0.41877275  0.36334299  0.38136329  0.37530776  0.36930125  0.32856472  0.33424905  0.35743221  0.35156814  0.35156814  0.33424905  0.33424905  0.36334299  0.33424905  0.38136329  0.35156814  0.35156814  0.38746866  0.38746866  0.38136329  0.36930125  0.41240536  0.38746866  0.38746866  0.36930125  0.41240536  0.40609216  0.41877275  0.42519526  0.37530776  0.41240536  0.37530776  0.38746866  0.41877275  0.41877275  0.43167386  0.36334299  0.40609216  0.36930125  0.50694311  0.49977601  0.52148845  0.52886949  0.43820954  0.47178057  0.49267748  0.45816932  0.43167386  
43_15_0    0.30077860  0.24308271  0.24814625  0.26354762  0.31732508  0.27927553  0.30077860  0.30077860  0.23805349  0.23305813  0.09698073  0.08873827  0.06454651  0.00000000  0.08465113  0.12227228  0.13524892  0.16190371  0.15739420  0.20377243  0.23805349  0.21340645  0.21340645  0.31732508  0.26875330  0.38136329  0.41240536  0.37530776  0.36334299  0.45145621  0.41240536  0.38136329  0.38746866  0.37530776  0.42519526  0.38136329  0.37530776  0.36930125  0.49977601  0.49267748  0.49267748  0.50694311  0.49267748  0.49977601  0.47178057  0.49267748  0.49267748  0.47868101  0.49977601  0.49977601  0.49977601  0.55146372  0.49267748  0.47178057  0.46494373  0.48564624  0.47178057  0.41877275  0.42519526  0.42519526  0.43167386  0.46494373  0.43820954  0.43167386  0.42519526  0.45145621  0.45816932  0.45816932  0.41877275  0.33424905  0.31176848  0.29534412  0.30625319  0.36334299  0.35156814  0.33424905  0.34575007  0.35156814  0.43167386  0.35743221  0.34575007  0.36930125  0.31176848  0.34575007  0.30625319  0.28459315  0.28459315  0.29534412  0.31176848  0.29534412  0.37530776  0.32292361  0.34575007  0.32856472  0.47178057  0.37530776  0.36930125  0.37530776  0.34575007  0.35156814  0.35156814  0.35743221  0.41240536  0.43167386  0.43167386  0.39362469  0.41240536  0.41240536  0.41240536  0.39362469  0.40609216  0.36334299  0.38136329  0.40609216  0.45145621  0.37530776  0.37530776  0.39362469  0.32856472  0.37530776  0.40609216  0.35156814  0.36930125  0.35156814  0.35743221  0.31732508  0.32292361  0.33997727  0.32856472  0.32856472  0.30077860  0.28994916  0.31732508  0.30077860  0.34575007  0.30625319  0.30625319  0.36930125  0.36930125  0.37530776  0.37530776  0.36930125  0.36334299  0.36334299  0.34575007  0.37530776  0.37530776  0.37530776  0.38136329  0.35156814  0.37530776  0.36334299  0.36930125  0.38746866  0.38746866  0.40609216  0.33424905  0.38746866  0.34575007  0.45816932  0.45145621  0.47868101  0.48564624  0.39983224  0.43820954  0.43820954  0.44480331  0.39983224  
96_15_0    0.32856472  0.26875330  0.26354762  0.28994916  0.34575007  0.30625319  0.33997727  0.33997727  0.28459315  0.26875330  0.16190371  0.16190371  0.11374560  0.08465113  0.00000000  0.18955201  0.20377243  0.22316722  0.21827078  0.25837822  0.26875330  0.24814625  0.25837822  0.34575007  0.30077860  0.43167386  0.41240536  0.38136329  0.40609216  0.47178057  0.41877275  0.38136329  0.39983224  0.36930125  0.40609216  0.35743221  0.36334299  0.35743221  0.49977601  0.50694311  0.50694311  0.52148845  0.50694311  0.51418013  0.48564624  0.50694311  0.50694311  0.49267748  0.51418013  0.51418013  0.51418013  0.59072071  0.52886949  0.47868101  0.48564624  0.50694311  0.49267748  0.45816932  0.45816932  0.45816932  0.45145621  0.45816932  0.43820954  0.46494373  0.45145621  0.47868101  0.48564624  0.48564624  0.45145621  0.38746866  0.33997727  0.35156814  0.36334299  0.39983224  0.38746866  0.36334299  0.37530776  0.39983224  0.47178057  0.40609216  0.37530776  0.38746866  0.38746866  0.40609216  0.32292361  0.35743221  0.35156814  0.32856472  0.33997727  0.33424905  0.39362469  0.37530776  0.36334299  0.34575007  0.52886949  0.38136329  0.36930125  0.36930125  0.35156814  0.34575007  0.34575007  0.35743221  0.44480331  0.44480331  0.44480331  0.38136329  0.39983224  0.39983224  0.39983224  0.40609216  0.44480331  0.38746866  0.40609216  0.43167386  0.44480331  0.35743221  0.35743221  0.35156814  0.32292361  0.36930125  0.38746866  0.36334299  0.38136329  0.36334299  0.35743221  0.32292361  0.32856472  0.33997727  0.33424905  0.33424905  0.33997727  0.32856472  0.35743221  0.31732508  0.38746866  0.34575007  0.34575007  0.39362469  0.39362469  0.38746866  0.38746866  0.39362469  0.41240536  0.41240536  0.39362469  0.36930125  0.40609216  0.40609216  0.38136329  0.36334299  0.38746866  0.36930125  0.36930125  0.37530776  0.37530776  0.39362469  0.35743221  0.40609216  0.38746866  0.52886949  0.52148845  0.54385559  0.55146372  0.47178057  0.49267748  0.43820954  0.46494373  0.41877275  
79_16_0    0.27399576  0.21827078  0.21827078  0.23305813  0.28994916  0.23805349  0.26354762  0.26354762  0.18487181  0.18955201  0.10951873  0.06852408  0.17100579  0.12227228  0.18955201  0.00000000  0.02214546  0.11799669  0.11374560  0.17100579  0.23805349  0.19900194  0.18022095  0.31732508  0.28994916  0.35743221  0.42519526  0.36930125  0.37530776  0.42519526  0.41240536  0.36334299  0.39362469  0.34575007  0.45145621  0.35156814  0.34575007  0.33997727  0.49977601  0.45145621  0.46494373  0.47868101  0.47868101  0.48564624  0.47178057  0.46494373  0.46494373  0.43820954  0.44480331  0.44480331  0.46494373  0.49267748  0.41877275  0.47178057  0.46494373  0.46494373  0.45816932  0.37530776  0.38746866  0.38746866  0.39362469  0.42519526  0.43167386  0.43167386  0.41877275  0.39983224  0.41877275  0.43167386  0.38746866  0.31732508  0.26354762  0.32292361  0.32292361  0.35743221  0.34575007  0.33997727  0.33997727  0.33997727  0.40609216  0.35156814  0.34575007  0.33997727  0.32856472  0.35156814  0.33997727  0.32292361  0.32292361  0.32292361  0.33997727  0.31176848  0.38136329  0.34575007  0.32292361  0.35156814  0.47868101  0.31732508  0.32292361  0.35156814  0.30077860  0.30625319  0.30625319  0.30625319  0.32856472  0.37530776  0.37530776  0.36334299  0.39362469  0.39362469  0.39362469  0.36930125  0.33997727  0.33424905  0.32856472  0.36334299  0.40609216  0.32856472  0.32856472  0.33424905  0.30625319  0.34575007  0.35156814  0.36334299  0.38136329  0.36334299  0.35743221  0.32856472  0.34575007  0.32856472  0.30077860  0.30077860  0.32856472  0.32856472  0.33424905  0.30625319  0.33424905  0.29534412  0.29534412  0.35156814  0.35156814  0.35743221  0.39983224  0.39362469  0.34575007  0.34575007  0.35156814  0.33424905  0.36334299  0.36334299  0.42519526  0.36930125  0.35156814  0.35156814  0.35743221  0.37530776  0.37530776  0.39362469  0.33997727  0.35743221  0.32292361  0.43820954  0.43167386  0.42519526  0.43167386  0.41877275  0.43167386  0.43167386  0.43820954  0.40609216  
48_16_0    0.29534412  0.23805349  0.22809619  0.23305813  0.30077860  0.24814625  0.28459315  0.28459315  0.20377243  0.20857380  0.11799669  0.08465113  0.18487181  0.13524892  0.20377243  0.02214546  0.00000000  0.11799669  0.11374560  0.18955201  0.25837822  0.21827078  0.20857380  0.32856472  0.31176848  0.38136329  0.41240536  0.36930125  0.38746866  0.42519526  0.41240536  0.37530776  0.39362469  0.35743221  0.46494373  0.35156814  0.34575007  0.33997727  0.49977601  0.45145621  0.46494373  0.47868101  0.47868101  0.48564624  0.47178057  0.46494373  0.46494373  0.43820954  0.44480331  0.44480331  0.46494373  0.49267748  0.41877275  0.47178057  0.46494373  0.46494373  0.44480331  0.37530776  0.38746866  0.38746866  0.39362469  0.41240536  0.41877275  0.44480331  0.41877275  0.43820954  0.45816932  0.47178057  0.42519526  0.33997727  0.28459315  0.34575007  0.34575007  0.38136329  0.36930125  0.36334299  0.36334299  0.35156814  0.40609216  0.36334299  0.35743221  0.36334299  0.34575007  0.35743221  0.36930125  0.33997727  0.33997727  0.32856472  0.35743221  0.32856472  0.39362469  0.35156814  0.33997727  0.35743221  0.45816932  0.32292361  0.32856472  0.35743221  0.30625319  0.31176848  0.31176848  0.31176848  0.33424905  0.36334299  0.36334299  0.38746866  0.40609216  0.40609216  0.40609216  0.35743221  0.33997727  0.32292361  0.31732508  0.35156814  0.39362469  0.32856472  0.32856472  0.33424905  0.31732508  0.36930125  0.37530776  0.35156814  0.36930125  0.36334299  0.35743221  0.30625319  0.32292361  0.32856472  0.30077860  0.30077860  0.32856472  0.32856472  0.33424905  0.30625319  0.32292361  0.29534412  0.29534412  0.36334299  0.36334299  0.38136329  0.39362469  0.39983224  0.35743221  0.35743221  0.36334299  0.35743221  0.37530776  0.35156814  0.43820954  0.36930125  0.35156814  0.36334299  0.36930125  0.37530776  0.37530776  0.40609216  0.33997727  0.38136329  0.34575007  0.46494373  0.45816932  0.46494373  0.47178057  0.45816932  0.47178057  0.45816932  0.45145621  0.41877275  
56_15_0    0.28994916  0.22316722  0.22316722  0.21827078  0.30077860  0.27399576  0.31732508  0.31732508  0.22809619  0.23805349  0.15291195  0.11799669  0.20377243  0.16190371  0.22316722  0.11799669  0.11799669  0.00000000  0.00364531  0.18022095  0.26354762  0.22809619  0.23805349  0.32856472  0.31176848  0.41240536  0.41240536  0.38136329  0.32856472  0.39983224  0.39983224  0.36930125  0.39983224  0.36334299  0.43820954  0.36930125  0.35156814  0.35743221  0.48564624  0.45816932  0.47178057  0.47178057  0.48564624  0.49267748  0.47868101  0.47178057  0.47178057  0.45816932  0.47868101  0.47868101  0.48564624  0.53632470  0.48564624  0.46494373  0.45816932  0.47868101  0.45816932  0.41877275  0.41877275  0.41877275  0.44480331  0.43167386  0.43820954  0.47868101  0.44480331  0.46494373  0.48564624  0.48564624  0.45816932  0.33997727  0.28459315  0.32292361  0.33424905  0.36930125  0.35743221  0.35156814  0.36334299  0.37530776  0.38136329  0.35156814  0.30077860  0.36334299  0.33424905  0.34575007  0.34575007  0.36334299  0.33997727  0.31732508  0.36930125  0.33997727  0.35743221  0.31176848  0.30077860  0.33424905  0.43167386  0.32856472  0.32292361  0.32856472  0.28994916  0.29534412  0.29534412  0.31732508  0.33997727  0.36930125  0.36930125  0.36930125  0.37530776  0.36334299  0.36334299  0.35156814  0.38136329  0.34575007  0.33424905  0.34575007  0.38746866  0.33424905  0.33424905  0.32856472  0.29534412  0.35743221  0.36334299  0.35156814  0.36930125  0.36334299  0.35743221  0.31176848  0.31176848  0.33997727  0.33424905  0.33424905  0.31732508  0.31732508  0.31176848  0.29534412  0.27927553  0.27399576  0.27399576  0.32292361  0.32292361  0.35156814  0.33424905  0.33997727  0.34575007  0.34575007  0.31732508  0.34575007  0.33997727  0.33997727  0.39983224  0.35156814  0.32856472  0.33997727  0.34575007  0.35743221  0.35743221  0.38746866  0.35743221  0.38136329  0.36930125  0.43167386  0.43167386  0.48564624  0.47868101  0.46494373  0.50694311  0.44480331  0.43820954  0.38136329  
46_15_0    0.28459315  0.21827078  0.22809619  0.22316722  0.29534412  0.26875330  0.31176848  0.31176848  0.22316722  0.23305813  0.14845661  0.11374560  0.20857380  0.15739420  0.21827078  0.11374560  0.11374560  0.00364531  0.00000000  0.18487181  0.25837822  0.22316722  0.23305813  0.33424905  0.30625319  0.41877275  0.40609216  0.38746866  0.33424905  0.40609216  0.39362469  0.36334299  0.39362469  0.35743221  0.44480331  0.36334299  0.35743221  0.35156814  0.48564624  0.46494373  0.47868101  0.47868101  0.47868101  0.48564624  0.47178057  0.46494373  0.46494373  0.46494373  0.47178057  0.47178057  0.47868101  0.52886949  0.47868101  0.45816932  0.45145621  0.47178057  0.45145621  0.41240536  0.41240536  0.41240536  0.43820954  0.43820954  0.44480331  0.47178057  0.43820954  0.47178057  0.49267748  0.49267748  0.46494373  0.33424905  0.28994916  0.32856472  0.33997727  0.36334299  0.35156814  0.34575007  0.35743221  0.38136329  0.38746866  0.35743221  0.30625319  0.35743221  0.33997727  0.35156814  0.35156814  0.35743221  0.33424905  0.31176848  0.37530776  0.34575007  0.35156814  0.30625319  0.30625319  0.33424905  0.42519526  0.32292361  0.31732508  0.32292361  0.28459315  0.28994916  0.28994916  0.31176848  0.33424905  0.36334299  0.36334299  0.36334299  0.36930125  0.35743221  0.35743221  0.34575007  0.38746866  0.33997727  0.32856472  0.33997727  0.39362469  0.32856472  0.32856472  0.32292361  0.30077860  0.36334299  0.36930125  0.35743221  0.37530776  0.36930125  0.36334299  0.31732508  0.31732508  0.34575007  0.33997727  0.33997727  0.32292361  0.32292361  0.31732508  0.30077860  0.28459315  0.27927553  0.27927553  0.32292361  0.32292361  0.35156814  0.33997727  0.33424905  0.35156814  0.35156814  0.32292361  0.35156814  0.34575007  0.33424905  0.40609216  0.35743221  0.33424905  0.34575007  0.35156814  0.36334299  0.36334299  0.39362469  0.35156814  0.38746866  0.37530776  0.43167386  0.43167386  0.48564624  0.47868101  0.46494373  0.50694311  0.44480331  0.43820954  0.38136329  
