20
17_0_0     0.00000000  0.03778493  0.26227029  0.26227029  0.26979401  0.25482184  0.26227029  0.26979401  0.27739454  0.44840253  0.44840253  0.46787932  0.46787932  0.46787932  0.49808454  0.46787932  0.49808454  0.44840253  0.45807724  0.42942232  
16_0_0     0.03778493  0.00000000  0.26227029  0.26227029  0.26979401  0.26979401  0.25482184  0.25482184  0.28507346  0.46787932  0.44840253  0.44840253  0.44840253  0.44840253  0.47781219  0.46787932  0.47781219  0.44840253  0.45807724  0.44840253  
20_0_0     0.26227029  0.26227029  0.00000000  0.00000000  0.00528185  0.13211054  0.10738530  0.09532394  0.13842232  0.49808454  0.52956725  0.54036445  0.49808454  0.49808454  0.47781219  0.45807724  0.46787932  0.47781219  0.48787937  0.50843156  
19_0_0     0.26227029  0.26227029  0.00000000  0.00000000  0.00528185  0.13211054  0.10738530  0.09532394  0.13842232  0.49808454  0.52956725  0.54036445  0.49808454  0.49808454  0.47781219  0.45807724  0.46787932  0.47781219  0.48787937  0.50843156  
12_0_0     0.26979401  0.26979401  0.00528185  0.00528185  0.00000000  0.13842232  0.11349005  0.10133019  0.14478807  0.49808454  0.52956725  0.54036445  0.49808454  0.49808454  0.47781219  0.45807724  0.46787932  0.47781219  0.48787937  0.50843156  
13_0_0     0.25482184  0.26979401  0.13211054  0.13211054  0.13842232  0.00000000  0.18416978  0.17080974  0.20467043  0.48787937  0.50843156  0.54036445  0.46787932  0.46787932  0.46787932  0.47781219  0.49808454  0.44840253  0.45807724  0.47781219  
18_0_0     0.26227029  0.25482184  0.10738530  0.10738530  0.11349005  0.18416978  0.00000000  0.02135603  0.18416978  0.52956725  0.57372864  0.55132055  0.50843156  0.50843156  0.48787937  0.48787937  0.49808454  0.47781219  0.48787937  0.52956725  
14_0_0     0.26979401  0.25482184  0.09532394  0.09532394  0.10133019  0.17080974  0.02135603  0.00000000  0.19777397  0.51892440  0.58519079  0.56244029  0.51892440  0.51892440  0.49808454  0.49808454  0.50843156  0.48787937  0.49808454  0.54036445  
15_0_0     0.27739454  0.28507346  0.13842232  0.13842232  0.14478807  0.20467043  0.18416978  0.19777397  0.00000000  0.47781219  0.45807724  0.47781219  0.48787937  0.48787937  0.45807724  0.42942232  0.48787937  0.46787932  0.45807724  0.50843156  
3_0_0      0.44840253  0.46787932  0.49808454  0.49808454  0.49808454  0.48787937  0.52956725  0.51892440  0.47781219  0.00000000  0.04894246  0.10738530  0.14478807  0.14478807  0.15768522  0.16421856  0.19094080  0.14478807  0.14478807  0.19094080  
4_0_0      0.44840253  0.44840253  0.52956725  0.52956725  0.52956725  0.50843156  0.57372864  0.58519079  0.45807724  0.04894246  0.00000000  0.07177207  0.12585182  0.12585182  0.13842232  0.13211054  0.17080974  0.11964528  0.11964528  0.16421856  
5_0_0      0.46787932  0.44840253  0.54036445  0.54036445  0.54036445  0.54036445  0.55132055  0.56244029  0.47781219  0.10738530  0.07177207  0.00000000  0.12585182  0.12585182  0.11349005  0.13211054  0.15120872  0.11964528  0.11964528  0.12585182  
2_0_0      0.46787932  0.44840253  0.49808454  0.49808454  0.49808454  0.46787932  0.50843156  0.51892440  0.48787937  0.14478807  0.12585182  0.12585182  0.00000000  0.00000000  0.10133019  0.11964528  0.10133019  0.09532394  0.08345488  0.14478807  
8_0_0      0.46787932  0.44840253  0.49808454  0.49808454  0.49808454  0.46787932  0.50843156  0.51892440  0.48787937  0.14478807  0.12585182  0.12585182  0.00000000  0.00000000  0.10133019  0.11964528  0.10133019  0.09532394  0.08345488  0.14478807  
1_0_0      0.49808454  0.47781219  0.47781219  0.47781219  0.47781219  0.46787932  0.48787937  0.49808454  0.45807724  0.15768522  0.13842232  0.11349005  0.10133019  0.10133019  0.00000000  0.04894246  0.06599870  0.11964528  0.11964528  0.15768522  
9_0_0      0.46787932  0.46787932  0.45807724  0.45807724  0.45807724  0.47781219  0.48787937  0.49808454  0.42942232  0.16421856  0.13211054  0.13211054  0.11964528  0.11964528  0.04894246  0.00000000  0.06026976  0.13842232  0.13842232  0.17745979  
6_0_0      0.49808454  0.47781219  0.46787932  0.46787932  0.46787932  0.49808454  0.49808454  0.50843156  0.48787937  0.19094080  0.17080974  0.15120872  0.10133019  0.10133019  0.06599870  0.06026976  0.00000000  0.14478807  0.13211054  0.20467043  
11_0_0     0.44840253  0.44840253  0.47781219  0.47781219  0.47781219  0.44840253  0.47781219  0.48787937  0.46787932  0.14478807  0.11964528  0.11964528  0.09532394  0.09532394  0.11964528  0.13842232  0.14478807  0.00000000  0.01060144  0.10738530  
7_0_0      0.45807724  0.45807724  0.48787937  0.48787937  0.48787937  0.45807724  0.48787937  0.49808454  0.45807724  0.14478807  0.11964528  0.11964528  0.08345488  0.08345488  0.11964528  0.13842232  0.13211054  0.01060144  0.00000000  0.10133019  
10_0_0     0.42942232  0.44840253  0.50843156  0.50843156  0.50843156  0.47781219  0.52956725  0.54036445  0.50843156  0.19094080  0.16421856  0.12585182  0.14478807  0.14478807  0.15768522  0.17745979  0.20467043  0.10738530  0.10133019  0.00000000  

