20
1_0_0      0.00000000  0.03677810  0.19382104  0.36371359  0.37856216  0.34198767  0.40141218  0.41704935  0.30036977  0.36371359  0.32088464  0.35640013  0.34915863  0.30714473  0.32088464  0.34198767  0.35640013  0.35640013  0.32785197  0.35640013  
2_0_0      0.03677810  0.00000000  0.18224241  0.34198767  0.35640013  0.33488589  0.37856216  0.39371643  0.30036977  0.36371359  0.33488589  0.35640013  0.33488589  0.28041118  0.29365660  0.30036977  0.34198767  0.32088464  0.30714473  0.33488589  
3_0_0      0.19382104  0.18224241  0.00000000  0.37856216  0.37856216  0.41704935  0.42499429  0.44114616  0.32088464  0.38610029  0.38610029  0.36371359  0.37856216  0.32088464  0.34198767  0.34198767  0.35640013  0.38610029  0.32088464  0.34915863  
4_0_0      0.36371359  0.34198767  0.37856216  0.00000000  0.08047626  0.11635306  0.08047626  0.08047626  0.21153780  0.24830427  0.27387679  0.24204758  0.43302592  0.32785197  0.34915863  0.33488589  0.33488589  0.34198767  0.34198767  0.36371359  
13_3_0     0.37856216  0.35640013  0.37856216  0.08047626  0.00000000  0.06073394  0.06562010  0.06562010  0.23584362  0.26739989  0.28700410  0.26739989  0.42499429  0.32785197  0.36371359  0.36371359  0.34915863  0.37856216  0.36371359  0.40141218  
13_0_0     0.34198767  0.33488589  0.41704935  0.11635306  0.06073394  0.00000000  0.09054960  0.09563844  0.21753943  0.25461459  0.26097948  0.25461459  0.41704935  0.33488589  0.37110043  0.37110043  0.37110043  0.40141218  0.38610029  0.42499429  
10_0_0     0.40141218  0.37856216  0.42499429  0.08047626  0.06562010  0.09054960  0.00000000  0.01815938  0.24204758  0.28700410  0.30714473  0.28700410  0.43302592  0.34198767  0.36371359  0.36371359  0.34915863  0.37856216  0.37856216  0.39371643  
12_0_0     0.41704935  0.39371643  0.44114616  0.08047626  0.06562010  0.09563844  0.01815938  0.00000000  0.24830427  0.29365660  0.31398263  0.29365660  0.44114616  0.35640013  0.37856216  0.37856216  0.36371359  0.39371643  0.39371643  0.40918924  
4_2_0      0.30036977  0.30036977  0.32088464  0.21153780  0.23584362  0.21753943  0.24204758  0.24830427  0.00000000  0.12693315  0.13228077  0.09054960  0.37856216  0.34915863  0.32785197  0.36371359  0.32785197  0.34915863  0.36371359  0.38610029  
12_2_0     0.36371359  0.36371359  0.38610029  0.24830427  0.26739989  0.25461459  0.28700410  0.29365660  0.12693315  0.00000000  0.04150730  0.07549082  0.37856216  0.37110043  0.34915863  0.35640013  0.34198767  0.36371359  0.37856216  0.43302592  
10_2_0     0.32088464  0.33488589  0.38610029  0.27387679  0.28700410  0.26097948  0.30714473  0.31398263  0.13228077  0.04150730  0.00000000  0.10076270  0.35640013  0.32088464  0.32088464  0.32785197  0.32088464  0.37110043  0.40141218  0.44114616  
13_2_0     0.35640013  0.35640013  0.36371359  0.24204758  0.26739989  0.25461459  0.28700410  0.29365660  0.09054960  0.07549082  0.10076270  0.00000000  0.38610029  0.34198767  0.34198767  0.34915863  0.33488589  0.35640013  0.38610029  0.40918924  
9_0_0      0.34915863  0.33488589  0.37856216  0.43302592  0.42499429  0.41704935  0.43302592  0.44114616  0.37856216  0.37856216  0.35640013  0.38610029  0.00000000  0.14856076  0.15961762  0.15406843  0.17084310  0.23584362  0.23584362  0.24204758  
16_0_0     0.30714473  0.28041118  0.32088464  0.32785197  0.32785197  0.33488589  0.34198767  0.35640013  0.34915863  0.37110043  0.32088464  0.34198767  0.14856076  0.00000000  0.06073394  0.04626709  0.07053892  0.17652069  0.15406843  0.18224241  
7_4_0      0.32088464  0.29365660  0.34198767  0.34915863  0.36371359  0.37110043  0.36371359  0.37856216  0.32785197  0.34915863  0.32088464  0.34198767  0.15961762  0.06073394  0.00000000  0.04150730  0.07053892  0.18224241  0.17652069  0.18800896  
7_0_0      0.34198767  0.30036977  0.34198767  0.33488589  0.36371359  0.37110043  0.36371359  0.37856216  0.36371359  0.35640013  0.32785197  0.34915863  0.15406843  0.04626709  0.04150730  0.00000000  0.05588000  0.15961762  0.16520896  0.17652069  
18_0_0     0.35640013  0.34198767  0.35640013  0.33488589  0.34915863  0.37110043  0.34915863  0.36371359  0.32785197  0.34198767  0.32088464  0.33488589  0.17084310  0.07053892  0.07053892  0.05588000  0.00000000  0.18224241  0.19382104  0.19967938  
15_0_0     0.35640013  0.32088464  0.38610029  0.34198767  0.37856216  0.40141218  0.37856216  0.39371643  0.34915863  0.36371359  0.37110043  0.35640013  0.23584362  0.17652069  0.18224241  0.15961762  0.18224241  0.00000000  0.08047626  0.08549570  
20_0_0     0.32785197  0.30714473  0.32088464  0.34198767  0.36371359  0.38610029  0.37856216  0.39371643  0.36371359  0.37856216  0.40141218  0.38610029  0.23584362  0.15406843  0.17652069  0.16520896  0.19382104  0.08047626  0.00000000  0.05105785  
8_0_0      0.35640013  0.33488589  0.34915863  0.36371359  0.40141218  0.42499429  0.39371643  0.40918924  0.38610029  0.43302592  0.44114616  0.40918924  0.24204758  0.18224241  0.18800896  0.17652069  0.19967938  0.08549570  0.05105785  0.00000000  

