23
25_0_0     0.00000000  0.01832246  0.01369953  0.09646767  0.10163422  0.12801704  0.12801704  0.23774250  0.20726882  0.26304954  0.29593897  0.27603204  0.27603204  0.28260891  0.27603204  0.28260891  0.27603204  0.25028884  0.27603204  0.24398933  0.23154749  0.21326491  0.22540344  
33_0_0     0.01832246  0.00000000  0.00453865  0.09646767  0.09646767  0.12801704  0.12801704  0.25664194  0.21326491  0.25028884  0.30269428  0.27603204  0.27603204  0.28260891  0.27603204  0.28260891  0.28924420  0.26304954  0.27603204  0.25028884  0.21930951  0.21930951  0.22540344  
14_0_0     0.01369953  0.00453865  0.00000000  0.09133661  0.09133661  0.12266539  0.12266539  0.25664194  0.21326491  0.25028884  0.30269428  0.27603204  0.27603204  0.28260891  0.28260891  0.28924420  0.28260891  0.26304954  0.27603204  0.25028884  0.21930951  0.21930951  0.22540344  
31_0_0     0.09646767  0.09646767  0.09133661  0.00000000  0.10683675  0.12801704  0.12801704  0.23154749  0.22540344  0.24398933  0.25028884  0.28260891  0.25664194  0.27603204  0.25664194  0.25028884  0.29593897  0.28924420  0.28260891  0.28260891  0.25028884  0.22540344  0.22540344  
13_0_0     0.10163422  0.09646767  0.09133661  0.10683675  0.00000000  0.11735182  0.11735182  0.23774250  0.26304954  0.20132050  0.23774250  0.24398933  0.23774250  0.24398933  0.25028884  0.26304954  0.26951258  0.25028884  0.23774250  0.25664194  0.25028884  0.24398933  0.23154749  
32_9_0     0.12801704  0.12801704  0.12266539  0.12801704  0.11735182  0.00000000  0.00000000  0.24398933  0.25028884  0.23154749  0.27603204  0.30269428  0.28260891  0.28924420  0.27603204  0.26951258  0.28924420  0.26304954  0.27603204  0.28924420  0.30269428  0.30951126  0.28924420  
11_9_0     0.12801704  0.12801704  0.12266539  0.12801704  0.11735182  0.00000000  0.00000000  0.24398933  0.25028884  0.23154749  0.27603204  0.30269428  0.28260891  0.28924420  0.27603204  0.26951258  0.28924420  0.26304954  0.27603204  0.28924420  0.30269428  0.30951126  0.28924420  
29_8_0     0.23774250  0.25664194  0.25664194  0.23154749  0.23774250  0.24398933  0.24398933  0.00000000  0.10683675  0.06619710  0.09646767  0.09646767  0.13883675  0.13883675  0.14430596  0.12266539  0.17226934  0.11735182  0.09133661  0.16095805  0.12801704  0.14430596  0.14430596  
5_1_0      0.20726882  0.21326491  0.21326491  0.22540344  0.26304954  0.25028884  0.25028884  0.10683675  0.00000000  0.13883675  0.14430596  0.12266539  0.16095805  0.15536600  0.17798988  0.18375457  0.18956409  0.14430596  0.13883675  0.17798988  0.15536600  0.17226934  0.19541916  
15_7_0     0.26304954  0.25028884  0.25028884  0.24398933  0.20132050  0.23154749  0.23154749  0.06619710  0.13883675  0.00000000  0.09646767  0.08624056  0.12266539  0.13340730  0.12801704  0.12801704  0.13340730  0.10683675  0.08117905  0.14430596  0.14430596  0.16095805  0.14981551  
29_0_0     0.29593897  0.30269428  0.30269428  0.25028884  0.23774250  0.27603204  0.27603204  0.09646767  0.14430596  0.09646767  0.00000000  0.04667749  0.10163422  0.10683675  0.12266539  0.11735182  0.11735182  0.09133661  0.07115777  0.15536600  0.16659228  0.13883675  0.14981551  
39_0_0     0.27603204  0.27603204  0.27603204  0.28260891  0.24398933  0.30269428  0.30269428  0.09646767  0.12266539  0.08624056  0.04667749  0.00000000  0.09133661  0.08624056  0.11735182  0.12266539  0.11207578  0.05150978  0.05150978  0.17798988  0.14981551  0.14981551  0.17226934  
28_0_0     0.27603204  0.27603204  0.27603204  0.25664194  0.23774250  0.28260891  0.28260891  0.13883675  0.16095805  0.12266539  0.10163422  0.09133661  0.00000000  0.03236543  0.10163422  0.11735182  0.09133661  0.12266539  0.11735182  0.19541916  0.14981551  0.17226934  0.18956409  
16_0_0     0.28260891  0.28260891  0.28260891  0.27603204  0.24398933  0.28924420  0.28924420  0.13883675  0.15536600  0.13340730  0.10683675  0.08624056  0.03236543  0.00000000  0.09646767  0.11207578  0.08624056  0.10683675  0.11735182  0.18956409  0.14430596  0.16659228  0.19541916  
5_5_0      0.27603204  0.27603204  0.28260891  0.25664194  0.25028884  0.27603204  0.27603204  0.14430596  0.17798988  0.12801704  0.12266539  0.11735182  0.10163422  0.09646767  0.00000000  0.03236543  0.07615160  0.12801704  0.13883675  0.20132050  0.17226934  0.17226934  0.18956409  
5_0_0      0.28260891  0.28260891  0.28924420  0.25028884  0.26304954  0.26951258  0.26951258  0.12266539  0.18375457  0.12801704  0.11735182  0.12266539  0.11735182  0.11207578  0.03236543  0.00000000  0.08117905  0.12801704  0.13340730  0.20132050  0.15536600  0.14430596  0.16095805  
5_4_0      0.27603204  0.28924420  0.28260891  0.29593897  0.26951258  0.28924420  0.28924420  0.17226934  0.18956409  0.13340730  0.11735182  0.11207578  0.09133661  0.08624056  0.07615160  0.08117905  0.00000000  0.12266539  0.13340730  0.17798988  0.18956409  0.17798988  0.20726882  
15_0_0     0.25028884  0.26304954  0.26304954  0.28924420  0.25028884  0.26304954  0.26304954  0.11735182  0.14430596  0.10683675  0.09133661  0.05150978  0.12266539  0.10683675  0.12801704  0.12801704  0.12266539  0.00000000  0.06126917  0.17226934  0.17798988  0.16095805  0.18375457  
15_6_0     0.27603204  0.27603204  0.27603204  0.28260891  0.23774250  0.27603204  0.27603204  0.09133661  0.13883675  0.08117905  0.07115777  0.05150978  0.11735182  0.11735182  0.13883675  0.13340730  0.13340730  0.06126917  0.00000000  0.15536600  0.16659228  0.14981551  0.14981551  
15_2_0     0.24398933  0.25028884  0.25028884  0.28260891  0.25664194  0.28924420  0.28924420  0.16095805  0.17798988  0.14430596  0.15536600  0.17798988  0.19541916  0.18956409  0.20132050  0.20132050  0.17798988  0.17226934  0.15536600  0.00000000  0.10683675  0.08117905  0.10163422  
5_2_0      0.23154749  0.21930951  0.21930951  0.25028884  0.25028884  0.30269428  0.30269428  0.12801704  0.15536600  0.14430596  0.16659228  0.14981551  0.14981551  0.14430596  0.17226934  0.15536600  0.18956409  0.17798988  0.16659228  0.10683675  0.00000000  0.07615160  0.08117905  
28_2_0     0.21326491  0.21930951  0.21930951  0.22540344  0.24398933  0.30951126  0.30951126  0.14430596  0.17226934  0.16095805  0.13883675  0.14981551  0.17226934  0.16659228  0.17226934  0.14430596  0.17798988  0.16095805  0.14981551  0.08117905  0.07615160  0.00000000  0.03710571  
16_2_0     0.22540344  0.22540344  0.22540344  0.22540344  0.23154749  0.28924420  0.28924420  0.14430596  0.19541916  0.14981551  0.14981551  0.17226934  0.18956409  0.19541916  0.18956409  0.16095805  0.20726882  0.18375457  0.14981551  0.10163422  0.08117905  0.03710571  0.00000000  

