169
76_0_0     0.00000000  0.16250035  0.12865940  0.18002192  0.18894143  0.16250035  0.39462130  0.41873612  0.44366673  0.48271889  0.38285345  0.38285345  0.53823170  0.49621005  0.50995277  0.50995277  0.48271889  0.49621005  0.52395661  0.52395661  0.49621005  0.49621005  0.52395661  0.53823170  0.49621005  0.44366673  0.56763911  0.56763911  0.58279486  0.55278874  0.64674098  0.83612031  0.85803643  0.75444393  0.71676688  0.73536467  0.81483711  0.71676688  0.75444393  0.75444393  0.59826881  0.59826881  0.64674098  0.64674098  0.58279486  0.73536467  0.83612031  0.85803643  0.83612031  0.83612031  0.83612031  0.83612031  0.79415129  0.77403024  0.77403024  0.81483711  0.79415129  0.69862685  0.66363364  0.68092259  0.69862685  0.68092259  0.73536467  0.75444393  0.77403024  0.66363364  0.61407462  0.64674098  0.66363364  0.68092259  0.59826881  0.69862685  0.63022684  0.68092259  0.55278874  0.58279486  0.69862685  0.64674098  0.58279486  0.61407462  0.59826881  0.59826881  0.55278874  0.61407462  0.59826881  0.56763911  0.56763911  0.68092259  0.58279486  0.56763911  0.56763911  0.55278874  0.56763911  0.64674098  0.66363364  0.64674098  0.59826881  0.59826881  0.56763911  0.56763911  0.66363364  0.58279486  0.66363364  0.66363364  0.64674098  0.64674098  0.63022684  0.63022684  0.68092259  0.66363364  0.81483711  0.73536467  0.69862685  0.71676688  0.69862685  0.69862685  0.68092259  0.69862685  0.59826881  0.64674098  0.63022684  0.69862685  0.79415129  0.77403024  0.77403024  0.73536467  0.79415129  0.73536467  0.75444393  0.81483711  0.73536467  0.71676688  0.64674098  0.63022684  0.56763911  0.56763911  0.61407462  0.68092259  0.66363364  0.68092259  0.56763911  0.61407462  0.59826881  0.56763911  0.97860837  0.97860837  0.97860837  0.97860837  1.12283819  0.59826881  0.59826881  0.64674098  0.56763911  0.58279486  0.61407462  0.66363364  0.53823170  0.53823170  0.55278874  0.55278874  0.55278874  0.79415129  0.73536467  0.81483711  0.73536467  0.64674098  0.55278874  0.58279486  0.63022684  
81_0_0     0.16250035  0.00000000  0.05776094  0.08064426  0.12865940  0.10426089  0.34863694  0.37127055  0.44366673  0.44366673  0.43109602  0.41873612  0.50995277  0.46947026  0.45645558  0.53823170  0.44366673  0.45645558  0.53823170  0.50995277  0.52395661  0.46947026  0.48271889  0.50995277  0.49621005  0.45645558  0.45645558  0.46947026  0.49621005  0.50995277  0.75444393  0.69862685  0.68092259  0.66363364  0.68092259  0.64674098  0.75444393  0.64674098  0.66363364  0.68092259  0.68092259  0.68092259  0.73536467  0.73536467  0.64674098  0.71676688  0.83612031  0.85803643  0.83612031  0.83612031  0.83612031  0.69862685  0.68092259  0.68092259  0.68092259  0.77403024  0.73536467  0.73536467  0.69862685  0.68092259  0.66363364  0.68092259  0.77403024  0.73536467  0.71676688  0.73536467  0.68092259  0.71676688  0.77403024  0.68092259  0.61407462  0.69862685  0.61407462  0.77403024  0.58279486  0.58279486  0.59826881  0.61407462  0.59826881  0.56763911  0.58279486  0.58279486  0.63022684  0.59826881  0.55278874  0.58279486  0.52395661  0.56763911  0.55278874  0.59826881  0.59826881  0.58279486  0.59826881  0.66363364  0.64674098  0.68092259  0.73536467  0.73536467  0.71676688  0.69862685  0.64674098  0.61407462  0.66363364  0.66363364  0.68092259  0.68092259  0.66363364  0.58279486  0.58279486  0.66363364  0.77403024  0.69862685  0.71676688  0.73536467  0.71676688  0.71676688  0.73536467  0.69862685  0.63022684  0.68092259  0.69862685  0.68092259  0.83612031  0.71676688  0.71676688  0.75444393  0.77403024  0.75444393  0.73536467  0.66363364  0.66363364  0.64674098  0.59826881  0.63022684  0.63022684  0.58279486  0.59826881  0.64674098  0.58279486  0.59826881  0.55278874  0.59826881  0.59826881  0.59826881  1.00528430  1.00528430  1.00528430  1.00528430  1.00528430  0.68092259  0.68092259  0.71676688  0.58279486  0.59826881  0.63022684  0.59826881  0.55278874  0.55278874  0.58279486  0.58279486  0.55278874  0.71676688  0.75444393  0.79415129  0.69862685  0.64674098  0.64674098  0.59826881  0.64674098  
93_0_0     0.12865940  0.05776094  0.00000000  0.07293727  0.06531004  0.05028837  0.37127055  0.33757556  0.46947026  0.46947026  0.40658009  0.40658009  0.53823170  0.49621005  0.50995277  0.53823170  0.45645558  0.46947026  0.56763911  0.55278874  0.55278874  0.46947026  0.49621005  0.52395661  0.52395661  0.46947026  0.55278874  0.56763911  0.59826881  0.58279486  0.77403024  0.73536467  0.71676688  0.68092259  0.69862685  0.66363364  0.73536467  0.64674098  0.68092259  0.73536467  0.69862685  0.69862685  0.75444393  0.75444393  0.68092259  0.69862685  0.79415129  0.81483711  0.79415129  0.79415129  0.79415129  0.71676688  0.68092259  0.69862685  0.69862685  0.81483711  0.81483711  0.79415129  0.75444393  0.73536467  0.71676688  0.69862685  0.83612031  0.79415129  0.77403024  0.66363364  0.61407462  0.64674098  0.66363364  0.61407462  0.59826881  0.71676688  0.59826881  0.71676688  0.56763911  0.59826881  0.58279486  0.58279486  0.50995277  0.58279486  0.56763911  0.59826881  0.64674098  0.61407462  0.56763911  0.56763911  0.53823170  0.61407462  0.53823170  0.58279486  0.58279486  0.56763911  0.58279486  0.66363364  0.63022684  0.64674098  0.75444393  0.75444393  0.71676688  0.71676688  0.64674098  0.58279486  0.58279486  0.58279486  0.59826881  0.63022684  0.61407462  0.59826881  0.66363364  0.61407462  0.79415129  0.66363364  0.64674098  0.66363364  0.64674098  0.64674098  0.69862685  0.66363364  0.58279486  0.59826881  0.61407462  0.61407462  0.77403024  0.66363364  0.66363364  0.69862685  0.71676688  0.69862685  0.68092259  0.68092259  0.64674098  0.63022684  0.52395661  0.58279486  0.58279486  0.53823170  0.55278874  0.66363364  0.53823170  0.55278874  0.53823170  0.56763911  0.56763911  0.58279486  0.95286431  0.95286431  0.95286431  0.95286431  1.00528430  0.71676688  0.75444393  0.73536467  0.61407462  0.63022684  0.66363364  0.66363364  0.58279486  0.58279486  0.61407462  0.61407462  0.55278874  0.75444393  0.79415129  0.83612031  0.69862685  0.64674098  0.63022684  0.63022684  0.64674098  
93_13_0    0.18002192  0.08064426  0.07293727  0.00000000  0.09630430  0.08064426  0.34863694  0.35986687  0.44366673  0.40658009  0.38285345  0.37127055  0.52395661  0.50995277  0.49621005  0.48271889  0.46947026  0.48271889  0.49621005  0.48271889  0.45645558  0.45645558  0.45645558  0.46947026  0.43109602  0.48271889  0.48271889  0.49621005  0.49621005  0.53823170  0.68092259  0.73536467  0.71676688  0.71676688  0.73536467  0.69862685  0.71676688  0.69862685  0.71676688  0.73536467  0.64674098  0.64674098  0.69862685  0.69862685  0.63022684  0.66363364  0.69862685  0.71676688  0.69862685  0.69862685  0.69862685  0.64674098  0.64674098  0.63022684  0.63022684  0.77403024  0.85803643  0.75444393  0.71676688  0.73536467  0.71676688  0.69862685  0.79415129  0.79415129  0.77403024  0.61407462  0.56763911  0.59826881  0.61407462  0.56763911  0.61407462  0.66363364  0.59826881  0.75444393  0.50995277  0.50995277  0.58279486  0.55278874  0.50995277  0.49621005  0.50995277  0.48271889  0.58279486  0.52395661  0.48271889  0.55278874  0.52395661  0.58279486  0.44366673  0.50995277  0.50995277  0.52395661  0.50995277  0.58279486  0.55278874  0.53823170  0.64674098  0.64674098  0.68092259  0.61407462  0.56763911  0.61407462  0.63022684  0.63022684  0.61407462  0.64674098  0.63022684  0.53823170  0.56763911  0.59826881  0.73536467  0.61407462  0.63022684  0.64674098  0.63022684  0.63022684  0.73536467  0.66363364  0.53823170  0.55278874  0.56763911  0.59826881  0.81483711  0.69862685  0.69862685  0.73536467  0.77403024  0.71676688  0.71676688  0.69862685  0.63022684  0.61407462  0.53823170  0.59826881  0.53823170  0.49621005  0.53823170  0.64674098  0.52395661  0.53823170  0.49621005  0.55278874  0.55278874  0.48271889  0.85803643  0.85803643  0.85803643  0.85803643  0.90392632  0.66363364  0.69862685  0.75444393  0.53823170  0.55278874  0.58279486  0.58279486  0.53823170  0.53823170  0.56763911  0.53823170  0.52395661  0.75444393  0.83612031  0.83612031  0.69862685  0.53823170  0.58279486  0.55278874  0.59826881  
81_13_0    0.18894143  0.12865940  0.06531004  0.09630430  0.00000000  0.07293727  0.37127055  0.38285345  0.44366673  0.46947026  0.38285345  0.40658009  0.55278874  0.50995277  0.52395661  0.52395661  0.49621005  0.50995277  0.55278874  0.53823170  0.50995277  0.48271889  0.50995277  0.52395661  0.50995277  0.45645558  0.58279486  0.59826881  0.59826881  0.61407462  0.75444393  0.79415129  0.77403024  0.75444393  0.73536467  0.73536467  0.71676688  0.71676688  0.75444393  0.83612031  0.75444393  0.75444393  0.79415129  0.79415129  0.69862685  0.73536467  0.79415129  0.81483711  0.79415129  0.79415129  0.79415129  0.69862685  0.66363364  0.71676688  0.71676688  0.90392632  0.85803643  0.79415129  0.75444393  0.77403024  0.75444393  0.73536467  0.83612031  0.81483711  0.77403024  0.68092259  0.63022684  0.66363364  0.66363364  0.61407462  0.59826881  0.73536467  0.64674098  0.81483711  0.56763911  0.59826881  0.59826881  0.55278874  0.52395661  0.59826881  0.58279486  0.61407462  0.66363364  0.59826881  0.58279486  0.59826881  0.53823170  0.63022684  0.52395661  0.63022684  0.63022684  0.59826881  0.61407462  0.69862685  0.61407462  0.69862685  0.77403024  0.77403024  0.77403024  0.73536467  0.69862685  0.64674098  0.63022684  0.63022684  0.61407462  0.64674098  0.63022684  0.64674098  0.71676688  0.66363364  0.81483711  0.71676688  0.64674098  0.66363364  0.64674098  0.64674098  0.75444393  0.68092259  0.56763911  0.58279486  0.58279486  0.64674098  0.77403024  0.66363364  0.66363364  0.73536467  0.73536467  0.68092259  0.68092259  0.66363364  0.58279486  0.56763911  0.56763911  0.58279486  0.56763911  0.50995277  0.59826881  0.69862685  0.58279486  0.56763911  0.58279486  0.64674098  0.64674098  0.59826881  0.90392632  0.90392632  0.90392632  0.90392632  1.03296213  0.75444393  0.88062428  0.81483711  0.58279486  0.56763911  0.56763911  0.59826881  0.58279486  0.58279486  0.61407462  0.61407462  0.52395661  0.75444393  0.83612031  0.88062428  0.73536467  0.61407462  0.63022684  0.66363364  0.66363364  
76_13_0    0.16250035  0.10426089  0.05028837  0.08064426  0.07293727  0.00000000  0.40658009  0.34863694  0.50995277  0.50995277  0.43109602  0.39462130  0.58279486  0.52395661  0.53823170  0.55278874  0.50995277  0.52395661  0.56763911  0.58279486  0.55278874  0.49621005  0.55278874  0.56763911  0.52395661  0.49621005  0.58279486  0.59826881  0.59826881  0.61407462  0.75444393  0.75444393  0.73536467  0.71676688  0.69862685  0.69862685  0.75444393  0.69862685  0.71676688  0.79415129  0.68092259  0.68092259  0.71676688  0.71676688  0.73536467  0.71676688  0.81483711  0.83612031  0.81483711  0.81483711  0.81483711  0.73536467  0.73536467  0.71676688  0.71676688  0.88062428  0.88062428  0.73536467  0.69862685  0.71676688  0.69862685  0.68092259  0.77403024  0.83612031  0.81483711  0.64674098  0.59826881  0.63022684  0.66363364  0.59826881  0.63022684  0.69862685  0.61407462  0.77403024  0.56763911  0.56763911  0.58279486  0.56763911  0.50995277  0.56763911  0.55278874  0.58279486  0.66363364  0.59826881  0.55278874  0.55278874  0.52395661  0.64674098  0.53823170  0.56763911  0.56763911  0.53823170  0.55278874  0.66363364  0.64674098  0.63022684  0.71676688  0.71676688  0.75444393  0.68092259  0.63022684  0.55278874  0.59826881  0.59826881  0.58279486  0.61407462  0.59826881  0.63022684  0.66363364  0.63022684  0.79415129  0.66363364  0.64674098  0.66363364  0.64674098  0.64674098  0.75444393  0.68092259  0.59826881  0.61407462  0.61407462  0.58279486  0.79415129  0.71676688  0.71676688  0.75444393  0.79415129  0.73536467  0.73536467  0.75444393  0.66363364  0.64674098  0.56763911  0.61407462  0.59826881  0.53823170  0.59826881  0.66363364  0.58279486  0.59826881  0.58279486  0.58279486  0.61407462  0.56763911  0.85803643  0.85803643  0.85803643  0.85803643  0.95286431  0.75444393  0.77403024  0.77403024  0.58279486  0.59826881  0.63022684  0.63022684  0.58279486  0.58279486  0.58279486  0.58279486  0.55278874  0.79415129  0.83612031  0.88062428  0.73536467  0.61407462  0.66363364  0.63022684  0.66363364  
87_0_0     0.39462130  0.34863694  0.37127055  0.34863694  0.37127055  0.40658009  0.00000000  0.27448213  0.06531004  0.23523376  0.11230432  0.39462130  0.40658009  0.34863694  0.33757556  0.55278874  0.37127055  0.38285345  0.41873612  0.39462130  0.38285345  0.37127055  0.39462130  0.40658009  0.38285345  0.38285345  0.49621005  0.50995277  0.45645558  0.56763911  0.73536467  0.64674098  0.66363364  0.79415129  0.81483711  0.75444393  0.77403024  0.77403024  0.73536467  0.66363364  0.75444393  0.73536467  0.69862685  0.69862685  0.64674098  0.79415129  0.68092259  0.69862685  0.68092259  0.68092259  0.68092259  0.83612031  0.81483711  0.81483711  0.81483711  1.00528430  0.79415129  0.83612031  0.83612031  0.81483711  0.79415129  0.77403024  0.81483711  0.92798921  1.06172004  0.68092259  0.64674098  0.68092259  0.68092259  0.64674098  0.66363364  0.81483711  0.56763911  0.75444393  0.56763911  0.53823170  0.68092259  0.58279486  0.64674098  0.59826881  0.61407462  0.55278874  0.61407462  0.59826881  0.58279486  0.61407462  0.58279486  0.56763911  0.58279486  0.59826881  0.59826881  0.61407462  0.59826881  0.64674098  0.69862685  0.64674098  0.64674098  0.64674098  0.63022684  0.64674098  0.58279486  0.63022684  0.64674098  0.64674098  0.66363364  0.66363364  0.64674098  0.53823170  0.68092259  0.61407462  0.73536467  0.66363364  0.77403024  0.79415129  0.77403024  0.77403024  0.66363364  0.66363364  0.61407462  0.61407462  0.59826881  0.71676688  0.69862685  0.64674098  0.64674098  0.63022684  0.68092259  0.75444393  0.66363364  0.75444393  0.73536467  0.75444393  0.55278874  0.58279486  0.66363364  0.63022684  0.59826881  0.66363364  0.58279486  0.56763911  0.55278874  0.63022684  0.59826881  0.59826881  0.97860837  0.97860837  0.97860837  0.97860837  0.97860837  0.69862685  0.64674098  0.69862685  0.64674098  0.59826881  0.59826881  0.66363364  0.61407462  0.61407462  0.64674098  0.61407462  0.63022684  0.75444393  0.77403024  0.83612031  0.73536467  0.64674098  0.68092259  0.63022684  0.64674098  
85_0_0     0.41873612  0.37127055  0.33757556  0.35986687  0.38285345  0.34863694  0.27448213  0.00000000  0.28462972  0.35986687  0.26447236  0.39462130  0.55278874  0.48271889  0.49621005  0.52395661  0.45645558  0.46947026  0.45645558  0.45645558  0.46947026  0.45645558  0.45645558  0.46947026  0.44366673  0.41873612  0.53823170  0.53823170  0.58279486  0.58279486  0.81483711  0.75444393  0.73536467  0.92798921  0.81483711  0.92798921  0.92798921  0.95286431  0.90392632  0.73536467  0.63022684  0.61407462  0.66363364  0.66363364  0.68092259  0.75444393  0.75444393  0.75444393  0.75444393  0.75444393  0.75444393  0.85803643  0.83612031  0.83612031  0.83612031  0.95286431  0.88062428  0.71676688  0.71676688  0.73536467  0.71676688  0.69862685  0.73536467  0.92798921  0.90392632  0.63022684  0.59826881  0.63022684  0.63022684  0.61407462  0.64674098  0.77403024  0.63022684  0.71676688  0.55278874  0.53823170  0.56763911  0.59826881  0.53823170  0.52395661  0.50995277  0.50995277  0.52395661  0.58279486  0.53823170  0.49621005  0.48271889  0.68092259  0.66363364  0.63022684  0.63022684  0.61407462  0.63022684  0.58279486  0.69862685  0.63022684  0.64674098  0.64674098  0.59826881  0.64674098  0.56763911  0.63022684  0.55278874  0.55278874  0.53823170  0.53823170  0.55278874  0.52395661  0.73536467  0.58279486  0.81483711  0.59826881  0.64674098  0.66363364  0.64674098  0.64674098  0.69862685  0.68092259  0.64674098  0.61407462  0.63022684  0.73536467  0.69862685  0.68092259  0.68092259  0.71676688  0.63022684  0.68092259  0.66363364  0.71676688  0.73536467  0.71676688  0.58279486  0.64674098  0.61407462  0.58279486  0.58279486  0.83612031  0.53823170  0.55278874  0.59826881  0.61407462  0.61407462  0.61407462  0.97860837  0.97860837  0.97860837  0.97860837  1.09164576  0.69862685  0.68092259  0.71676688  0.73536467  0.75444393  0.79415129  0.77403024  0.66363364  0.66363364  0.63022684  0.66363364  0.68092259  0.63022684  0.68092259  0.68092259  0.58279486  0.66363364  0.68092259  0.64674098  0.59826881  
77_0_0     0.44366673  0.44366673  0.46947026  0.44366673  0.44366673  0.50995277  0.06531004  0.28462972  0.00000000  0.20711096  0.07293727  0.33757556  0.41873612  0.38285345  0.37127055  0.48271889  0.40658009  0.41873612  0.45645558  0.43109602  0.41873612  0.43109602  0.45645558  0.48271889  0.41873612  0.41873612  0.56763911  0.56763911  0.49621005  0.58279486  0.66363364  0.61407462  0.63022684  0.79415129  0.81483711  0.75444393  0.75444393  0.77403024  0.77403024  0.59826881  0.73536467  0.71676688  0.68092259  0.68092259  0.64674098  0.75444393  0.63022684  0.64674098  0.63022684  0.63022684  0.63022684  0.88062428  0.85803643  0.85803643  0.85803643  0.90392632  0.73536467  0.81483711  0.81483711  0.79415129  0.81483711  0.79415129  0.79415129  1.00528430  1.12283819  0.63022684  0.61407462  0.63022684  0.63022684  0.63022684  0.61407462  0.75444393  0.52395661  0.69862685  0.52395661  0.52395661  0.64674098  0.56763911  0.58279486  0.55278874  0.56763911  0.53823170  0.59826881  0.55278874  0.53823170  0.56763911  0.56763911  0.55278874  0.56763911  0.58279486  0.58279486  0.59826881  0.58279486  0.63022684  0.64674098  0.63022684  0.58279486  0.58279486  0.56763911  0.58279486  0.53823170  0.66363364  0.63022684  0.63022684  0.64674098  0.64674098  0.63022684  0.52395661  0.61407462  0.58279486  0.68092259  0.59826881  0.68092259  0.69862685  0.71676688  0.71676688  0.68092259  0.64674098  0.59826881  0.56763911  0.55278874  0.66363364  0.66363364  0.71676688  0.71676688  0.66363364  0.71676688  0.79415129  0.73536467  0.79415129  0.81483711  0.83612031  0.59826881  0.53823170  0.61407462  0.58279486  0.58279486  0.68092259  0.56763911  0.55278874  0.53823170  0.64674098  0.58279486  0.58279486  1.06172004  1.06172004  1.06172004  1.06172004  1.06172004  0.71676688  0.64674098  0.69862685  0.69862685  0.64674098  0.64674098  0.66363364  0.66363364  0.66363364  0.69862685  0.66363364  0.68092259  0.73536467  0.75444393  0.81483711  0.71676688  0.66363364  0.59826881  0.58279486  0.59826881  
98_0_0     0.48271889  0.44366673  0.46947026  0.40658009  0.46947026  0.50995277  0.23523376  0.35986687  0.20711096  0.00000000  0.22573976  0.35986687  0.48271889  0.46947026  0.45645558  0.53823170  0.46947026  0.45645558  0.52395661  0.49621005  0.45645558  0.45645558  0.45645558  0.46947026  0.45645558  0.49621005  0.53823170  0.53823170  0.50995277  0.52395661  0.75444393  0.68092259  0.66363364  0.79415129  0.77403024  0.77403024  0.81483711  0.79415129  0.79415129  0.63022684  0.73536467  0.71676688  0.75444393  0.75444393  0.69862685  0.75444393  0.66363364  0.66363364  0.66363364  0.66363364  0.66363364  0.83612031  0.81483711  0.85803643  0.85803643  0.88062428  0.90392632  0.83612031  0.83612031  0.81483711  0.83612031  0.81483711  0.83612031  0.92798921  0.92798921  0.69862685  0.71676688  0.69862685  0.73536467  0.66363364  0.66363364  0.73536467  0.53823170  0.75444393  0.56763911  0.58279486  0.61407462  0.61407462  0.66363364  0.58279486  0.59826881  0.56763911  0.59826881  0.58279486  0.56763911  0.55278874  0.64674098  0.61407462  0.55278874  0.52395661  0.52395661  0.53823170  0.52395661  0.63022684  0.64674098  0.61407462  0.66363364  0.66363364  0.64674098  0.66363364  0.58279486  0.64674098  0.64674098  0.64674098  0.66363364  0.66363364  0.68092259  0.52395661  0.69862685  0.71676688  0.79415129  0.61407462  0.71676688  0.69862685  0.71676688  0.71676688  0.71676688  0.71676688  0.63022684  0.58279486  0.58279486  0.77403024  0.71676688  0.73536467  0.73536467  0.73536467  0.69862685  0.77403024  0.71676688  0.85803643  0.85803643  0.83612031  0.55278874  0.61407462  0.55278874  0.53823170  0.61407462  0.71676688  0.63022684  0.61407462  0.53823170  0.61407462  0.58279486  0.58279486  1.06172004  1.06172004  1.06172004  1.06172004  1.03296213  0.85803643  0.77403024  0.88062428  0.81483711  0.75444393  0.75444393  0.77403024  0.77403024  0.77403024  0.81483711  0.77403024  0.77403024  0.83612031  0.88062428  0.88062428  0.77403024  0.68092259  0.68092259  0.69862685  0.68092259  
91_0_0     0.38285345  0.43109602  0.40658009  0.38285345  0.38285345  0.43109602  0.11230432  0.26447236  0.07293727  0.22573976  0.00000000  0.31593871  0.45645558  0.44366673  0.45645558  0.41873612  0.44366673  0.45645558  0.46947026  0.46947026  0.48271889  0.46947026  0.49621005  0.49621005  0.45645558  0.45645558  0.58279486  0.58279486  0.50995277  0.56763911  0.64674098  0.71676688  0.73536467  0.77403024  0.83612031  0.73536467  0.73536467  0.69862685  0.79415129  0.66363364  0.71676688  0.69862685  0.66363364  0.66363364  0.69862685  0.69862685  0.59826881  0.61407462  0.59826881  0.59826881  0.59826881  0.88062428  0.85803643  0.81483711  0.81483711  0.83612031  0.85803643  0.77403024  0.77403024  0.79415129  0.81483711  0.79415129  0.75444393  0.95286431  1.06172004  0.58279486  0.56763911  0.58279486  0.61407462  0.58279486  0.66363364  0.77403024  0.56763911  0.73536467  0.53823170  0.56763911  0.53823170  0.63022684  0.55278874  0.56763911  0.55278874  0.55278874  0.61407462  0.59826881  0.55278874  0.55278874  0.55278874  0.53823170  0.61407462  0.63022684  0.63022684  0.64674098  0.63022684  0.68092259  0.69862685  0.64674098  0.58279486  0.58279486  0.56763911  0.58279486  0.58279486  0.63022684  0.68092259  0.68092259  0.66363364  0.66363364  0.68092259  0.64674098  0.66363364  0.63022684  0.75444393  0.61407462  0.73536467  0.75444393  0.77403024  0.77403024  0.68092259  0.68092259  0.61407462  0.55278874  0.53823170  0.68092259  0.68092259  0.73536467  0.73536467  0.64674098  0.73536467  0.73536467  0.75444393  0.81483711  0.79415129  0.81483711  0.61407462  0.52395661  0.59826881  0.56763911  0.56763911  0.71676688  0.55278874  0.53823170  0.55278874  0.63022684  0.56763911  0.56763911  0.92798921  0.92798921  0.92798921  0.92798921  1.03296213  0.69862685  0.75444393  0.71676688  0.73536467  0.71676688  0.71676688  0.73536467  0.69862685  0.69862685  0.73536467  0.69862685  0.71676688  0.75444393  0.77403024  0.83612031  0.73536467  0.73536467  0.69862685  0.61407462  0.59826881  
90_0_0     0.38285345  0.41873612  0.40658009  0.37127055  0.40658009  0.39462130  0.39462130  0.39462130  0.33757556  0.35986687  0.31593871  0.00000000  0.44366673  0.43109602  0.44366673  0.46947026  0.45645558  0.44366673  0.46947026  0.46947026  0.39462130  0.48271889  0.44366673  0.41873612  0.39462130  0.44366673  0.56763911  0.56763911  0.50995277  0.55278874  0.66363364  0.63022684  0.64674098  0.88062428  0.90392632  0.88062428  0.92798921  0.90392632  0.90392632  0.66363364  0.71676688  0.68092259  0.68092259  0.68092259  0.63022684  0.69862685  0.79415129  0.81483711  0.79415129  0.79415129  0.79415129  0.77403024  0.77403024  0.77403024  0.77403024  0.81483711  0.77403024  0.79415129  0.75444393  0.77403024  0.79415129  0.81483711  0.73536467  0.83612031  0.83612031  0.73536467  0.68092259  0.71676688  0.71676688  0.68092259  0.61407462  0.81483711  0.58279486  0.69862685  0.55278874  0.50995277  0.69862685  0.69862685  0.63022684  0.63022684  0.61407462  0.55278874  0.64674098  0.63022684  0.64674098  0.56763911  0.58279486  0.71676688  0.59826881  0.59826881  0.59826881  0.61407462  0.59826881  0.58279486  0.52395661  0.59826881  0.55278874  0.55278874  0.56763911  0.55278874  0.53823170  0.61407462  0.64674098  0.64674098  0.63022684  0.59826881  0.61407462  0.61407462  0.64674098  0.58279486  0.68092259  0.63022684  0.58279486  0.56763911  0.58279486  0.58279486  0.64674098  0.68092259  0.45645558  0.49621005  0.49621005  0.56763911  0.66363364  0.66363364  0.66363364  0.71676688  0.66363364  0.63022684  0.68092259  0.79415129  0.75444393  0.75444393  0.53823170  0.73536467  0.58279486  0.59826881  0.63022684  0.79415129  0.61407462  0.61407462  0.68092259  0.77403024  0.73536467  0.68092259  0.92798921  0.92798921  0.92798921  0.92798921  1.03296213  0.66363364  0.79415129  0.81483711  0.73536467  0.71676688  0.73536467  0.69862685  0.73536467  0.73536467  0.69862685  0.69862685  0.68092259  0.69862685  0.68092259  0.69862685  0.69862685  0.73536467  0.59826881  0.61407462  0.63022684  
92_0_0     0.53823170  0.50995277  0.53823170  0.52395661  0.55278874  0.58279486  0.40658009  0.55278874  0.41873612  0.48271889  0.45645558  0.44366673  0.00000000  0.03556676  0.04289081  0.22573976  0.05776094  0.05028837  0.17120907  0.18002192  0.18894143  0.21636651  0.22573976  0.24485166  0.18894143  0.23523376  0.25459672  0.26447236  0.27448213  0.31593871  0.75444393  0.58279486  0.59826881  0.83612031  0.79415129  0.79415129  0.83612031  0.77403024  0.85803643  0.58279486  0.77403024  0.73536467  0.79415129  0.79415129  0.77403024  0.79415129  0.88062428  0.88062428  0.88062428  0.88062428  0.88062428  0.77403024  0.81483711  0.79415129  0.79415129  0.92798921  0.79415129  0.68092259  0.68092259  0.66363364  0.64674098  0.66363364  0.73536467  0.88062428  1.00528430  0.56763911  0.56763911  0.58279486  0.58279486  0.61407462  0.55278874  0.69862685  0.55278874  0.69862685  0.55278874  0.61407462  0.68092259  0.55278874  0.59826881  0.59826881  0.58279486  0.55278874  0.58279486  0.59826881  0.61407462  0.56763911  0.64674098  0.55278874  0.64674098  0.63022684  0.63022684  0.64674098  0.63022684  0.59826881  0.73536467  0.71676688  0.58279486  0.58279486  0.61407462  0.61407462  0.61407462  0.61407462  0.64674098  0.64674098  0.66363364  0.66363364  0.64674098  0.63022684  0.73536467  0.69862685  0.69862685  0.73536467  0.68092259  0.66363364  0.64674098  0.64674098  0.73536467  0.71676688  0.75444393  0.73536467  0.71676688  0.68092259  0.75444393  0.69862685  0.69862685  0.64674098  0.71676688  0.79415129  0.69862685  0.88062428  0.88062428  0.90392632  0.66363364  0.69862685  0.69862685  0.69862685  0.63022684  0.71676688  0.55278874  0.53823170  0.66363364  0.59826881  0.59826881  0.69862685  0.92798921  0.92798921  0.92798921  0.92798921  0.97860837  0.59826881  0.64674098  0.63022684  0.61407462  0.59826881  0.59826881  0.59826881  0.61407462  0.61407462  0.61407462  0.61407462  0.59826881  0.73536467  0.77403024  0.79415129  0.68092259  0.63022684  0.61407462  0.61407462  0.56763911  
95_0_0     0.49621005  0.46947026  0.49621005  0.50995277  0.50995277  0.52395661  0.34863694  0.48271889  0.38285345  0.46947026  0.44366673  0.43109602  0.03556676  0.00000000  0.00697737  0.23523376  0.03556676  0.02831477  0.12865940  0.13697508  0.14538566  0.17120907  0.18002192  0.19797021  0.14538566  0.18894143  0.20711096  0.21636651  0.22573976  0.28462972  0.73536467  0.55278874  0.56763911  0.83612031  0.79415129  0.79415129  0.88062428  0.81483711  0.81483711  0.58279486  0.73536467  0.69862685  0.75444393  0.75444393  0.71676688  0.77403024  0.88062428  0.88062428  0.88062428  0.88062428  0.88062428  0.75444393  0.79415129  0.77403024  0.77403024  0.90392632  0.77403024  0.66363364  0.66363364  0.64674098  0.63022684  0.64674098  0.71676688  0.88062428  1.00528430  0.56763911  0.55278874  0.58279486  0.61407462  0.61407462  0.55278874  0.69862685  0.53823170  0.68092259  0.53823170  0.56763911  0.64674098  0.55278874  0.59826881  0.58279486  0.56763911  0.50995277  0.56763911  0.55278874  0.59826881  0.55278874  0.56763911  0.53823170  0.66363364  0.61407462  0.61407462  0.63022684  0.61407462  0.55278874  0.68092259  0.66363364  0.58279486  0.58279486  0.61407462  0.61407462  0.56763911  0.59826881  0.63022684  0.63022684  0.64674098  0.64674098  0.63022684  0.61407462  0.71676688  0.66363364  0.68092259  0.75444393  0.66363364  0.64674098  0.63022684  0.63022684  0.71676688  0.69862685  0.69862685  0.71676688  0.69862685  0.63022684  0.73536467  0.64674098  0.64674098  0.63022684  0.66363364  0.73536467  0.64674098  0.81483711  0.81483711  0.83612031  0.61407462  0.64674098  0.64674098  0.68092259  0.58279486  0.66363364  0.50995277  0.49621005  0.64674098  0.58279486  0.58279486  0.68092259  0.85803643  0.85803643  0.85803643  0.85803643  0.90392632  0.61407462  0.61407462  0.66363364  0.58279486  0.56763911  0.56763911  0.56763911  0.58279486  0.58279486  0.58279486  0.58279486  0.56763911  0.71676688  0.75444393  0.77403024  0.66363364  0.63022684  0.61407462  0.61407462  0.56763911  
78_0_0     0.50995277  0.45645558  0.50995277  0.49621005  0.52395661  0.53823170  0.33757556  0.49621005  0.37127055  0.45645558  0.45645558  0.44366673  0.04289081  0.00697737  0.00000000  0.24485166  0.04289081  0.03556676  0.13697508  0.12865940  0.13697508  0.16250035  0.17120907  0.18894143  0.13697508  0.18002192  0.19797021  0.20711096  0.21636651  0.27448213  0.75444393  0.55278874  0.56763911  0.83612031  0.79415129  0.79415129  0.88062428  0.83612031  0.81483711  0.58279486  0.75444393  0.71676688  0.77403024  0.77403024  0.69862685  0.79415129  0.88062428  0.88062428  0.88062428  0.88062428  0.88062428  0.73536467  0.77403024  0.75444393  0.75444393  0.88062428  0.75444393  0.68092259  0.68092259  0.66363364  0.64674098  0.66363364  0.73536467  0.85803643  0.97860837  0.58279486  0.56763911  0.59826881  0.63022684  0.63022684  0.53823170  0.68092259  0.55278874  0.69862685  0.55278874  0.55278874  0.66363364  0.56763911  0.61407462  0.56763911  0.58279486  0.49621005  0.58279486  0.53823170  0.58279486  0.56763911  0.58279486  0.52395661  0.64674098  0.59826881  0.59826881  0.61407462  0.59826881  0.53823170  0.69862685  0.64674098  0.58279486  0.58279486  0.61407462  0.61407462  0.55278874  0.61407462  0.64674098  0.64674098  0.66363364  0.66363364  0.64674098  0.59826881  0.69862685  0.64674098  0.66363364  0.73536467  0.68092259  0.66363364  0.64674098  0.64674098  0.69862685  0.68092259  0.71676688  0.73536467  0.71676688  0.64674098  0.75444393  0.66363364  0.66363364  0.64674098  0.68092259  0.75444393  0.66363364  0.83612031  0.83612031  0.85803643  0.63022684  0.66363364  0.66363364  0.69862685  0.59826881  0.64674098  0.52395661  0.50995277  0.63022684  0.59826881  0.59826881  0.66363364  0.88062428  0.88062428  0.88062428  0.88062428  0.88062428  0.63022684  0.59826881  0.64674098  0.56763911  0.55278874  0.55278874  0.55278874  0.56763911  0.56763911  0.56763911  0.56763911  0.55278874  0.71676688  0.75444393  0.77403024  0.66363364  0.61407462  0.59826881  0.59826881  0.58279486  
92_15_0    0.50995277  0.53823170  0.53823170  0.48271889  0.52395661  0.55278874  0.55278874  0.52395661  0.48271889  0.53823170  0.41873612  0.46947026  0.22573976  0.23523376  0.24485166  0.00000000  0.22573976  0.23523376  0.30535391  0.31593871  0.32667774  0.33757556  0.33757556  0.34863694  0.30535391  0.32667774  0.33757556  0.33757556  0.31593871  0.38285345  0.64674098  0.68092259  0.69862685  0.81483711  0.81483711  0.77403024  0.75444393  0.75444393  0.83612031  0.66363364  0.50995277  0.53823170  0.52395661  0.52395661  0.53823170  0.71676688  0.77403024  0.77403024  0.77403024  0.77403024  0.77403024  0.79415129  0.79415129  0.73536467  0.73536467  0.71676688  0.71676688  0.69862685  0.66363364  0.68092259  0.69862685  0.71676688  0.68092259  0.95286431  0.95286431  0.53823170  0.53823170  0.52395661  0.50995277  0.56763911  0.61407462  0.79415129  0.63022684  0.69862685  0.58279486  0.58279486  0.55278874  0.56763911  0.49621005  0.53823170  0.52395661  0.50995277  0.55278874  0.48271889  0.55278874  0.52395661  0.56763911  0.48271889  0.64674098  0.59826881  0.59826881  0.59826881  0.59826881  0.63022684  0.68092259  0.77403024  0.63022684  0.63022684  0.66363364  0.66363364  0.61407462  0.66363364  0.64674098  0.64674098  0.63022684  0.66363364  0.64674098  0.66363364  0.75444393  0.66363364  0.66363364  0.69862685  0.64674098  0.66363364  0.64674098  0.64674098  0.71676688  0.69862685  0.71676688  0.69862685  0.69862685  0.75444393  0.77403024  0.77403024  0.77403024  0.71676688  0.75444393  0.77403024  0.77403024  0.85803643  0.81483711  0.83612031  0.73536467  0.64674098  0.63022684  0.61407462  0.55278874  0.79415129  0.56763911  0.55278874  0.63022684  0.58279486  0.58279486  0.63022684  0.92798921  0.92798921  0.92798921  0.92798921  1.06172004  0.61407462  0.69862685  0.63022684  0.56763911  0.58279486  0.58279486  0.58279486  0.56763911  0.56763911  0.56763911  0.58279486  0.58279486  0.66363364  0.77403024  0.77403024  0.73536467  0.61407462  0.61407462  0.59826881  0.53823170  
78_15_0    0.48271889  0.44366673  0.45645558  0.46947026  0.49621005  0.50995277  0.37127055  0.45645558  0.40658009  0.46947026  0.44366673  0.45645558  0.05776094  0.03556676  0.04289081  0.22573976  0.00000000  0.00697737  0.13697508  0.12865940  0.17120907  0.18002192  0.17120907  0.18894143  0.15389333  0.16250035  0.21636651  0.22573976  0.23523376  0.29491898  0.75444393  0.59826881  0.58279486  0.81483711  0.77403024  0.77403024  0.85803643  0.79415129  0.79415129  0.59826881  0.68092259  0.68092259  0.73536467  0.73536467  0.69862685  0.73536467  0.79415129  0.79415129  0.79415129  0.79415129  0.79415129  0.75444393  0.75444393  0.77403024  0.77403024  0.85803643  0.73536467  0.66363364  0.66363364  0.64674098  0.63022684  0.64674098  0.71676688  0.88062428  0.95286431  0.55278874  0.53823170  0.56763911  0.59826881  0.59826881  0.50995277  0.68092259  0.52395661  0.59826881  0.52395661  0.55278874  0.66363364  0.50995277  0.52395661  0.53823170  0.52395661  0.46947026  0.55278874  0.50995277  0.55278874  0.50995277  0.55278874  0.52395661  0.61407462  0.56763911  0.56763911  0.58279486  0.56763911  0.50995277  0.63022684  0.63022684  0.56763911  0.56763911  0.56763911  0.59826881  0.55278874  0.55278874  0.58279486  0.58279486  0.59826881  0.59826881  0.58279486  0.56763911  0.64674098  0.58279486  0.73536467  0.69862685  0.64674098  0.66363364  0.64674098  0.64674098  0.66363364  0.64674098  0.68092259  0.69862685  0.68092259  0.66363364  0.71676688  0.63022684  0.63022684  0.61407462  0.64674098  0.71676688  0.63022684  0.71676688  0.71676688  0.73536467  0.56763911  0.59826881  0.59826881  0.59826881  0.50995277  0.64674098  0.44366673  0.43109602  0.56763911  0.53823170  0.53823170  0.63022684  0.88062428  0.88062428  0.88062428  0.88062428  0.92798921  0.61407462  0.59826881  0.64674098  0.56763911  0.58279486  0.58279486  0.55278874  0.56763911  0.56763911  0.56763911  0.56763911  0.52395661  0.69862685  0.81483711  0.79415129  0.68092259  0.61407462  0.63022684  0.59826881  0.52395661  
95_15_0    0.49621005  0.45645558  0.46947026  0.48271889  0.50995277  0.52395661  0.38285345  0.46947026  0.41873612  0.45645558  0.45645558  0.44366673  0.05028837  0.02831477  0.03556676  0.23523376  0.00697737  0.00000000  0.12865940  0.12043649  0.16250035  0.17120907  0.16250035  0.18002192  0.14538566  0.17120907  0.20711096  0.21636651  0.22573976  0.28462972  0.77403024  0.58279486  0.56763911  0.79415129  0.79415129  0.75444393  0.83612031  0.77403024  0.77403024  0.58279486  0.69862685  0.66363364  0.75444393  0.75444393  0.71676688  0.75444393  0.81483711  0.81483711  0.81483711  0.81483711  0.81483711  0.75444393  0.75444393  0.77403024  0.77403024  0.85803643  0.73536467  0.66363364  0.66363364  0.64674098  0.63022684  0.64674098  0.71676688  0.88062428  0.95286431  0.56763911  0.55278874  0.58279486  0.61407462  0.61407462  0.52395661  0.69862685  0.53823170  0.61407462  0.53823170  0.56763911  0.64674098  0.52395661  0.53823170  0.55278874  0.53823170  0.48271889  0.56763911  0.52395661  0.56763911  0.52395661  0.56763911  0.53823170  0.63022684  0.58279486  0.58279486  0.59826881  0.58279486  0.52395661  0.64674098  0.64674098  0.58279486  0.58279486  0.58279486  0.61407462  0.56763911  0.56763911  0.56763911  0.56763911  0.58279486  0.58279486  0.56763911  0.55278874  0.66363364  0.59826881  0.71676688  0.71676688  0.66363364  0.64674098  0.63022684  0.63022684  0.68092259  0.66363364  0.69862685  0.71676688  0.69862685  0.64674098  0.69862685  0.61407462  0.61407462  0.59826881  0.63022684  0.69862685  0.61407462  0.73536467  0.73536467  0.75444393  0.58279486  0.61407462  0.58279486  0.61407462  0.52395661  0.63022684  0.45645558  0.44366673  0.58279486  0.55278874  0.55278874  0.64674098  0.90392632  0.90392632  0.90392632  0.90392632  0.95286431  0.63022684  0.61407462  0.66363364  0.58279486  0.59826881  0.59826881  0.56763911  0.58279486  0.58279486  0.58279486  0.58279486  0.53823170  0.71676688  0.79415129  0.77403024  0.66363364  0.63022684  0.61407462  0.61407462  0.53823170  
89_0_0     0.52395661  0.53823170  0.56763911  0.49621005  0.55278874  0.56763911  0.41873612  0.45645558  0.45645558  0.52395661  0.46947026  0.46947026  0.17120907  0.12865940  0.13697508  0.30535391  0.13697508  0.12865940  0.00000000  0.02113345  0.07293727  0.12043649  0.11230432  0.12865940  0.06531004  0.13697508  0.22573976  0.22573976  0.24485166  0.26447236  0.73536467  0.64674098  0.63022684  0.83612031  0.88062428  0.83612031  0.92798921  0.85803643  0.81483711  0.75444393  0.66363364  0.63022684  0.71676688  0.71676688  0.71676688  0.71676688  0.73536467  0.73536467  0.73536467  0.73536467  0.73536467  0.68092259  0.69862685  0.69862685  0.69862685  0.83612031  0.73536467  0.61407462  0.61407462  0.63022684  0.61407462  0.63022684  0.59826881  0.83612031  0.81483711  0.56763911  0.55278874  0.58279486  0.58279486  0.61407462  0.61407462  0.66363364  0.55278874  0.56763911  0.50995277  0.53823170  0.64674098  0.56763911  0.53823170  0.52395661  0.50995277  0.45645558  0.49621005  0.49621005  0.53823170  0.53823170  0.52395661  0.56763911  0.69862685  0.68092259  0.68092259  0.69862685  0.68092259  0.48271889  0.59826881  0.59826881  0.59826881  0.59826881  0.63022684  0.61407462  0.64674098  0.55278874  0.56763911  0.56763911  0.55278874  0.55278874  0.53823170  0.52395661  0.63022684  0.66363364  0.68092259  0.75444393  0.66363364  0.64674098  0.63022684  0.63022684  0.66363364  0.68092259  0.63022684  0.64674098  0.63022684  0.58279486  0.68092259  0.66363364  0.66363364  0.68092259  0.68092259  0.75444393  0.66363364  0.71676688  0.68092259  0.69862685  0.58279486  0.58279486  0.52395661  0.61407462  0.55278874  0.64674098  0.50995277  0.49621005  0.61407462  0.61407462  0.55278874  0.59826881  0.75444393  0.75444393  0.75444393  0.75444393  0.83612031  0.61407462  0.63022684  0.68092259  0.59826881  0.61407462  0.61407462  0.59826881  0.59826881  0.59826881  0.59826881  0.59826881  0.58279486  0.71676688  0.79415129  0.73536467  0.66363364  0.64674098  0.66363364  0.63022684  0.55278874  
