fastme_mat.p : 0.7850124835968018
fastme.f81 : 1.0327205657958984
ba.exp : 9.349825620651245
pipeline_dl9387366 : 11.93123483657837
