fastme_mat.p : 0.3474169845342636
fastme.f81 : 0.628136537807703
ba.exp : 7.732555460072756
