160
70_10_0    0.00000000  0.27020948  0.30437047  0.17054492  0.25045539  0.25045539  0.25698082  0.24398782  0.23122223  0.23122223  0.25698082  0.19421362  0.18822405  0.20634237  0.18822405  0.21248323  0.20634237  0.21248323  0.18822405  0.21867622  0.21867622  0.21867622  0.24398782  0.23757710  0.21867622  0.24398782  0.23122223  0.22492225  0.23757710  0.19421362  0.23757710  0.21867622  0.21248323  0.21867622  0.21248323  0.19421362  0.18822405  0.27020948  0.25698082  0.20634237  0.25045539  0.23757710  0.25698082  0.25698082  0.25698082  0.25698082  0.24398782  0.23122223  0.28368250  0.28368250  0.27020948  0.29051350  0.30437047  0.25698082  0.29051350  0.28368250  0.27020948  0.24398782  0.24398782  0.26356516  0.26356516  0.27020948  0.24398782  0.31139895  0.31849581  0.31849581  0.27020948  0.31139895  0.30437047  0.38568073  0.27020948  0.32566240  0.31139895  0.27020948  0.27020948  0.23122223  0.31849581  0.27020948  0.25045539  0.25698082  0.27020948  0.26356516  0.27020948  0.27020948  0.27691488  0.27691488  0.26356516  0.29051350  0.25698082  0.26356516  0.25045539  0.28368250  0.30437047  0.27020948  0.39354255  0.37020683  0.36259127  0.36259127  0.36259127  0.30437047  0.40952507  0.40149003  0.38568073  0.40149003  0.38568073  0.42586566  0.43417532  0.48612528  0.50429804  0.47720592  0.54206104  0.42586566  0.44258074  0.47720592  0.44258074  0.40149003  0.37790274  0.36259127  0.39354255  0.37020683  0.40149003  0.33290011  0.32566240  0.35505440  0.34021036  0.34021036  0.33290011  0.34759462  0.31139895  0.35505440  0.34759462  0.34021036  0.34759462  0.34021036  0.34021036  0.34759462  0.34759462  0.34021036  0.31139895  0.31139895  0.31849581  0.36259127  0.36259127  0.34759462  0.35505440  0.36259127  0.33290011  0.33290011  0.33290011  0.35505440  0.38568073  0.41764960  0.40149003  0.40149003  0.40149003  0.40952507  0.40952507  0.41764960  0.40952507  0.38568073  
25_20_0    0.27020948  0.00000000  0.10382528  0.27020948  0.35505440  0.34759462  0.34021036  0.31849581  0.32566240  0.27020948  0.32566240  0.30437047  0.28368250  0.29051350  0.28368250  0.27020948  0.29051350  0.29051350  0.27020948  0.27691488  0.25698082  0.27020948  0.31139895  0.30437047  0.29740908  0.31849581  0.28368250  0.30437047  0.25045539  0.28368250  0.27020948  0.27020948  0.26356516  0.27020948  0.26356516  0.28368250  0.27691488  0.28368250  0.28368250  0.27020948  0.26356516  0.31139895  0.28368250  0.29740908  0.31139895  0.32566240  0.29051350  0.34759462  0.34759462  0.35505440  0.35505440  0.34759462  0.35505440  0.34021036  0.36259127  0.35505440  0.35505440  0.31849581  0.31849581  0.34021036  0.34021036  0.36259127  0.33290011  0.36259127  0.37020683  0.38568073  0.37020683  0.37790274  0.43417532  0.45108416  0.39354255  0.37790274  0.40149003  0.33290011  0.40149003  0.32566240  0.37020683  0.34021036  0.33290011  0.33290011  0.32566240  0.33290011  0.37020683  0.38568073  0.39354255  0.39354255  0.37790274  0.42586566  0.37020683  0.37020683  0.36259127  0.34021036  0.38568073  0.34759462  0.45108416  0.45968789  0.40149003  0.40149003  0.40149003  0.34759462  0.46839431  0.40952507  0.44258074  0.43417532  0.43417532  0.45108416  0.45108416  0.44258074  0.44258074  0.41764960  0.48612528  0.45108416  0.43417532  0.46839431  0.41764960  0.45108416  0.43417532  0.43417532  0.45968789  0.47720592  0.49515506  0.44258074  0.45108416  0.45968789  0.43417532  0.45108416  0.38568073  0.40149003  0.40952507  0.40952507  0.41764960  0.40952507  0.42586566  0.41764960  0.42586566  0.43417532  0.41764960  0.42586566  0.38568073  0.40149003  0.39354255  0.46839431  0.45108416  0.40149003  0.40952507  0.41764960  0.39354255  0.40952507  0.40952507  0.42586566  0.47720592  0.61325076  0.48612528  0.50429804  0.47720592  0.46839431  0.46839431  0.48612528  0.47720592  0.47720592  
33_20_0    0.30437047  0.10382528  0.00000000  0.25045539  0.35505440  0.31139895  0.30437047  0.26356516  0.27691488  0.25045539  0.28368250  0.29740908  0.30437047  0.27020948  0.27020948  0.27020948  0.27691488  0.25698082  0.25045539  0.30437047  0.28368250  0.30437047  0.29740908  0.27691488  0.29051350  0.32566240  0.28368250  0.31849581  0.27020948  0.29740908  0.27691488  0.29740908  0.26356516  0.27020948  0.27691488  0.28368250  0.27691488  0.29740908  0.28368250  0.27020948  0.27020948  0.31139895  0.27020948  0.27020948  0.32566240  0.30437047  0.27691488  0.30437047  0.31849581  0.34021036  0.34021036  0.33290011  0.34021036  0.31139895  0.31849581  0.31139895  0.34021036  0.30437047  0.31849581  0.31849581  0.31849581  0.35505440  0.34021036  0.33290011  0.36259127  0.40952507  0.37790274  0.36259127  0.44258074  0.40952507  0.40149003  0.39354255  0.37790274  0.37020683  0.40952507  0.34759462  0.34759462  0.36259127  0.34759462  0.34759462  0.34021036  0.34759462  0.37020683  0.40149003  0.40952507  0.40952507  0.36259127  0.43417532  0.36259127  0.36259127  0.37020683  0.33290011  0.36259127  0.34021036  0.48612528  0.49515506  0.45108416  0.45108416  0.45108416  0.35505440  0.47720592  0.46839431  0.43417532  0.44258074  0.42586566  0.45968789  0.47720592  0.50429804  0.48612528  0.46839431  0.50429804  0.48612528  0.48612528  0.50429804  0.46839431  0.43417532  0.41764960  0.43417532  0.44258074  0.46839431  0.45968789  0.42586566  0.43417532  0.42586566  0.40149003  0.41764960  0.38568073  0.40149003  0.40952507  0.39354255  0.41764960  0.40952507  0.40952507  0.40149003  0.39354255  0.40149003  0.38568073  0.39354255  0.34021036  0.35505440  0.34759462  0.42586566  0.44258074  0.43417532  0.40952507  0.41764960  0.44258074  0.42586566  0.42586566  0.44258074  0.49515506  0.61325076  0.46839431  0.48612528  0.45968789  0.43417532  0.43417532  0.46839431  0.42586566  0.44258074  
31_24_0    0.17054492  0.27020948  0.25045539  0.00000000  0.22492225  0.18822405  0.18228327  0.18822405  0.15328417  0.18228327  0.17054492  0.18822405  0.17639048  0.15328417  0.14199984  0.15328417  0.18228327  0.15328417  0.13088743  0.22492225  0.22492225  0.25045539  0.25698082  0.24398782  0.24398782  0.27020948  0.21248323  0.21867622  0.20634237  0.20634237  0.20025279  0.20025279  0.19421362  0.18822405  0.20634237  0.17639048  0.17054492  0.23757710  0.21248323  0.16474583  0.21248323  0.21867622  0.21867622  0.22492225  0.21248323  0.22492225  0.21867622  0.23757710  0.25045539  0.26356516  0.26356516  0.29051350  0.27020948  0.25698082  0.26356516  0.25698082  0.27020948  0.23122223  0.25698082  0.25698082  0.25698082  0.25698082  0.24398782  0.22492225  0.23757710  0.32566240  0.31139895  0.33290011  0.35505440  0.37790274  0.27691488  0.32566240  0.29740908  0.29740908  0.25045539  0.25045539  0.29740908  0.27691488  0.25045539  0.26356516  0.24398782  0.25045539  0.24398782  0.25698082  0.25045539  0.25045539  0.22492225  0.26356516  0.26356516  0.27020948  0.26356516  0.25045539  0.32566240  0.31139895  0.37020683  0.36259127  0.32566240  0.32566240  0.32566240  0.31849581  0.40149003  0.44258074  0.40952507  0.39354255  0.39354255  0.38568073  0.39354255  0.43417532  0.46839431  0.45968789  0.49515506  0.40149003  0.46839431  0.50429804  0.45108416  0.37790274  0.35505440  0.34021036  0.38568073  0.36259127  0.37020683  0.34021036  0.33290011  0.34021036  0.33290011  0.33290011  0.33290011  0.34759462  0.31139895  0.31849581  0.32566240  0.31849581  0.31849581  0.31139895  0.31139895  0.31849581  0.31849581  0.31139895  0.33290011  0.31849581  0.32566240  0.34759462  0.38568073  0.32566240  0.31849581  0.32566240  0.32566240  0.32566240  0.32566240  0.34759462  0.38568073  0.44258074  0.39354255  0.40952507  0.35505440  0.37020683  0.37020683  0.37790274  0.37020683  0.39354255  
25_10_0    0.25045539  0.35505440  0.35505440  0.22492225  0.00000000  0.13642247  0.14199984  0.22492225  0.22492225  0.21248323  0.23757710  0.22492225  0.20634237  0.20025279  0.18228327  0.22492225  0.23122223  0.18822405  0.16474583  0.29051350  0.29051350  0.27691488  0.31139895  0.28368250  0.29740908  0.30437047  0.28368250  0.29740908  0.27020948  0.23757710  0.27020948  0.27020948  0.25698082  0.27691488  0.25698082  0.27020948  0.25045539  0.31139895  0.28368250  0.25698082  0.27020948  0.25698082  0.27020948  0.31139895  0.31139895  0.28368250  0.28368250  0.31139895  0.31139895  0.31139895  0.31139895  0.34021036  0.31849581  0.33290011  0.36259127  0.36259127  0.35505440  0.29740908  0.29740908  0.34021036  0.34021036  0.30437047  0.27691488  0.33290011  0.35505440  0.37020683  0.30437047  0.35505440  0.34759462  0.37790274  0.31849581  0.31849581  0.30437047  0.29740908  0.31139895  0.26356516  0.33290011  0.30437047  0.31139895  0.31849581  0.31139895  0.30437047  0.32566240  0.30437047  0.31139895  0.31139895  0.31139895  0.36259127  0.32566240  0.32566240  0.31849581  0.32566240  0.34021036  0.34759462  0.50429804  0.48612528  0.45108416  0.45108416  0.45108416  0.38568073  0.51355708  0.53243542  0.46839431  0.50429804  0.52293518  0.52293518  0.55181539  0.52293518  0.50429804  0.48612528  0.55181539  0.48612528  0.48612528  0.52293518  0.46839431  0.40952507  0.40149003  0.40952507  0.42586566  0.42586566  0.42586566  0.38568073  0.37790274  0.40952507  0.39354255  0.39354255  0.42586566  0.44258074  0.40952507  0.44258074  0.43417532  0.42586566  0.44258074  0.43417532  0.43417532  0.44258074  0.44258074  0.43417532  0.35505440  0.35505440  0.34759462  0.40149003  0.40149003  0.37790274  0.40149003  0.40952507  0.39354255  0.39354255  0.39354255  0.40952507  0.43417532  0.49515506  0.43417532  0.43417532  0.41764960  0.42586566  0.44258074  0.43417532  0.42586566  0.45108416  
33_36_0    0.25045539  0.34759462  0.31139895  0.18822405  0.13642247  0.00000000  0.03299315  0.20634237  0.21248323  0.20634237  0.22492225  0.21248323  0.21867622  0.17639048  0.17054492  0.21248323  0.21867622  0.17639048  0.17054492  0.29051350  0.27691488  0.30437047  0.27691488  0.26356516  0.29051350  0.30437047  0.27020948  0.28368250  0.27020948  0.25045539  0.26356516  0.25698082  0.25698082  0.25045539  0.27020948  0.25698082  0.23757710  0.31849581  0.29051350  0.26356516  0.29740908  0.29740908  0.29740908  0.27691488  0.27691488  0.29740908  0.26356516  0.29740908  0.29051350  0.27691488  0.27691488  0.31849581  0.31139895  0.25045539  0.25698082  0.25045539  0.26356516  0.25698082  0.27020948  0.29051350  0.29051350  0.28368250  0.28368250  0.31139895  0.31139895  0.35505440  0.33290011  0.34021036  0.37790274  0.34759462  0.35505440  0.34021036  0.32566240  0.26356516  0.27020948  0.25045539  0.27020948  0.34021036  0.33290011  0.34021036  0.32566240  0.33290011  0.29740908  0.30437047  0.31139895  0.31139895  0.29051350  0.31849581  0.29051350  0.29051350  0.29740908  0.31139895  0.34021036  0.35505440  0.49515506  0.47720592  0.44258074  0.44258074  0.44258074  0.37790274  0.50429804  0.54206104  0.49515506  0.49515506  0.49515506  0.51355708  0.54206104  0.54206104  0.54206104  0.51355708  0.55181539  0.50429804  0.52293518  0.54206104  0.50429804  0.45108416  0.42586566  0.41764960  0.42586566  0.44258074  0.43417532  0.39354255  0.38568073  0.40952507  0.38568073  0.40149003  0.40952507  0.38568073  0.38568073  0.38568073  0.40952507  0.40149003  0.37790274  0.38568073  0.38568073  0.39354255  0.39354255  0.38568073  0.35505440  0.34021036  0.34759462  0.38568073  0.40149003  0.40952507  0.40149003  0.40952507  0.40952507  0.41764960  0.41764960  0.44258074  0.46839431  0.46839431  0.45108416  0.40149003  0.41764960  0.42586566  0.42586566  0.41764960  0.40952507  0.45108416  
33_10_0    0.25698082  0.34021036  0.30437047  0.18228327  0.14199984  0.03299315  0.00000000  0.22492225  0.20634237  0.21248323  0.23122223  0.23122223  0.23757710  0.19421362  0.18822405  0.20634237  0.22492225  0.19421362  0.17639048  0.31849581  0.30437047  0.31849581  0.30437047  0.29051350  0.30437047  0.30437047  0.29740908  0.30437047  0.31139895  0.27691488  0.29051350  0.27020948  0.28368250  0.27691488  0.29740908  0.28368250  0.26356516  0.32566240  0.30437047  0.27691488  0.30437047  0.29051350  0.29051350  0.29051350  0.29051350  0.31139895  0.29051350  0.29740908  0.27020948  0.27020948  0.27020948  0.31139895  0.29051350  0.25698082  0.25045539  0.24398782  0.27020948  0.23757710  0.26356516  0.27020948  0.27020948  0.29051350  0.27691488  0.32566240  0.32566240  0.36259127  0.35505440  0.36259127  0.40149003  0.37020683  0.36259127  0.34759462  0.31849581  0.27020948  0.27691488  0.25698082  0.30437047  0.34759462  0.33290011  0.34021036  0.32566240  0.33290011  0.31139895  0.30437047  0.31139895  0.31139895  0.30437047  0.34021036  0.31139895  0.31139895  0.30437047  0.30437047  0.33290011  0.34759462  0.49515506  0.47720592  0.44258074  0.44258074  0.44258074  0.40149003  0.51355708  0.55181539  0.50429804  0.50429804  0.51355708  0.52293518  0.55181539  0.56170196  0.56170196  0.55181539  0.58188644  0.53243542  0.56170196  0.58188644  0.54206104  0.46839431  0.44258074  0.43417532  0.44258074  0.45968789  0.44258074  0.41764960  0.40952507  0.43417532  0.40952507  0.42586566  0.43417532  0.40952507  0.40952507  0.39354255  0.41764960  0.40952507  0.38568073  0.39354255  0.39354255  0.40149003  0.40149003  0.39354255  0.36259127  0.34759462  0.35505440  0.42586566  0.44258074  0.41764960  0.40952507  0.41764960  0.41764960  0.40952507  0.40952507  0.43417532  0.48612528  0.50429804  0.45968789  0.42586566  0.42586566  0.43417532  0.45108416  0.42586566  0.43417532  0.49515506  
65_48_0    0.24398782  0.31849581  0.26356516  0.18822405  0.22492225  0.20634237  0.22492225  0.00000000  0.05750823  0.05253885  0.06251169  0.14199984  0.13088743  0.09327544  0.10382528  0.14762018  0.14199984  0.10915798  0.11994179  0.23122223  0.23122223  0.21248323  0.22492225  0.20634237  0.24398782  0.29051350  0.23757710  0.25698082  0.20634237  0.19421362  0.21867622  0.23122223  0.19421362  0.18822405  0.20025279  0.22492225  0.20634237  0.25698082  0.26356516  0.21248323  0.19421362  0.21867622  0.20634237  0.25045539  0.29051350  0.25698082  0.23122223  0.20634237  0.29051350  0.26356516  0.27691488  0.31849581  0.28368250  0.26356516  0.29740908  0.29051350  0.29051350  0.27691488  0.27691488  0.29051350  0.29051350  0.24398782  0.25698082  0.28368250  0.29740908  0.29051350  0.27691488  0.31849581  0.36259127  0.33290011  0.31849581  0.30437047  0.28368250  0.28368250  0.27691488  0.25045539  0.27691488  0.30437047  0.30437047  0.29051350  0.29740908  0.30437047  0.26356516  0.27691488  0.28368250  0.28368250  0.24398782  0.27020948  0.22492225  0.21867622  0.23122223  0.27020948  0.26356516  0.23757710  0.37790274  0.37020683  0.32566240  0.32566240  0.32566240  0.27020948  0.45108416  0.45108416  0.43417532  0.42586566  0.40952507  0.40149003  0.42586566  0.50429804  0.50429804  0.48612528  0.48612528  0.45108416  0.48612528  0.48612528  0.46839431  0.37790274  0.37790274  0.39354255  0.40149003  0.35505440  0.32566240  0.29051350  0.29740908  0.28368250  0.27020948  0.27020948  0.27020948  0.28368250  0.29051350  0.29740908  0.29740908  0.29051350  0.27691488  0.27020948  0.27020948  0.26356516  0.27691488  0.27020948  0.25045539  0.25045539  0.24398782  0.28368250  0.33290011  0.31139895  0.31139895  0.31849581  0.31139895  0.32566240  0.32566240  0.34759462  0.38568073  0.44258074  0.34021036  0.34759462  0.31849581  0.31849581  0.33290011  0.31139895  0.31849581  0.34021036  
44_48_0    0.23122223  0.32566240  0.27691488  0.15328417  0.22492225  0.21248323  0.20634237  0.05750823  0.00000000  0.05253885  0.04270053  0.13088743  0.10915798  0.08805719  0.10915798  0.13088743  0.14762018  0.11994179  0.10915798  0.23757710  0.23757710  0.20025279  0.23757710  0.21867622  0.27020948  0.27020948  0.23757710  0.25698082  0.23122223  0.19421362  0.21248323  0.22492225  0.20634237  0.18822405  0.22492225  0.21248323  0.19421362  0.23122223  0.25045539  0.21248323  0.20634237  0.20634237  0.20634237  0.25045539  0.27691488  0.22492225  0.21867622  0.20634237  0.29051350  0.27691488  0.29051350  0.33290011  0.28368250  0.27691488  0.29740908  0.29051350  0.30437047  0.28368250  0.29051350  0.27691488  0.27691488  0.27020948  0.25698082  0.31849581  0.31849581  0.31139895  0.31139895  0.34021036  0.37020683  0.34759462  0.30437047  0.29740908  0.25698082  0.32566240  0.29740908  0.25698082  0.29740908  0.29051350  0.28368250  0.28368250  0.27691488  0.28368250  0.27020948  0.27020948  0.27691488  0.27691488  0.25045539  0.30437047  0.25698082  0.25045539  0.23757710  0.24398782  0.29740908  0.25698082  0.38568073  0.37790274  0.32566240  0.32566240  0.32566240  0.29740908  0.41764960  0.42586566  0.41764960  0.40952507  0.40952507  0.38568073  0.40952507  0.47720592  0.47720592  0.48612528  0.49515506  0.43417532  0.48612528  0.50429804  0.46839431  0.34021036  0.33290011  0.33290011  0.37790274  0.36259127  0.34021036  0.32566240  0.31849581  0.31849581  0.30437047  0.30437047  0.30437047  0.31849581  0.31139895  0.32566240  0.33290011  0.32566240  0.27691488  0.27020948  0.27020948  0.26356516  0.27691488  0.27020948  0.28368250  0.27020948  0.27691488  0.29740908  0.33290011  0.32566240  0.31849581  0.32566240  0.32566240  0.32566240  0.32566240  0.34759462  0.40149003  0.46839431  0.36259127  0.36259127  0.31139895  0.31139895  0.31139895  0.31849581  0.34021036  0.37790274  
65_10_0    0.23122223  0.27020948  0.25045539  0.18228327  0.21248323  0.20634237  0.21248323  0.05253885  0.05253885  0.00000000  0.05750823  0.12539408  0.11994179  0.09327544  0.10382528  0.15899249  0.16474583  0.09327544  0.10382528  0.23757710  0.22492225  0.18822405  0.20634237  0.20025279  0.23757710  0.23757710  0.22492225  0.24398782  0.21867622  0.19421362  0.20025279  0.21248323  0.18228327  0.18822405  0.21248323  0.20025279  0.19421362  0.25045539  0.23122223  0.21248323  0.19421362  0.20634237  0.21867622  0.26356516  0.27691488  0.25045539  0.21248323  0.23122223  0.29740908  0.28368250  0.29740908  0.34021036  0.29051350  0.29051350  0.31849581  0.31139895  0.31849581  0.29051350  0.29051350  0.30437047  0.30437047  0.26356516  0.25045539  0.31139895  0.31139895  0.30437047  0.28368250  0.30437047  0.36259127  0.34021036  0.29740908  0.30437047  0.27691488  0.29051350  0.29051350  0.24398782  0.27691488  0.31139895  0.31849581  0.30437047  0.31139895  0.31849581  0.28368250  0.28368250  0.29051350  0.29051350  0.26356516  0.29051350  0.25698082  0.25045539  0.25045539  0.25698082  0.28368250  0.25045539  0.40149003  0.39354255  0.37020683  0.37020683  0.37020683  0.28368250  0.40952507  0.43417532  0.40149003  0.40149003  0.40149003  0.38568073  0.40149003  0.48612528  0.48612528  0.49515506  0.49515506  0.45968789  0.49515506  0.48612528  0.47720592  0.35505440  0.35505440  0.37020683  0.37790274  0.39354255  0.37020683  0.33290011  0.32566240  0.34759462  0.33290011  0.34021036  0.29740908  0.32566240  0.31849581  0.31849581  0.32566240  0.31849581  0.30437047  0.29740908  0.29740908  0.29051350  0.30437047  0.29740908  0.30437047  0.30437047  0.29740908  0.31139895  0.34759462  0.32566240  0.31849581  0.32566240  0.32566240  0.35505440  0.35505440  0.37020683  0.39354255  0.45108416  0.37020683  0.37020683  0.33290011  0.33290011  0.33290011  0.32566240  0.34759462  0.37020683  
44_10_0    0.25698082  0.32566240  0.28368250  0.17054492  0.23757710  0.22492225  0.23122223  0.06251169  0.04270053  0.05750823  0.00000000  0.14762018  0.12539408  0.08287601  0.10382528  0.14762018  0.15328417  0.10382528  0.10382528  0.24398782  0.24398782  0.19421362  0.21867622  0.22492225  0.23757710  0.29051350  0.24398782  0.26356516  0.21248323  0.21248323  0.21867622  0.24398782  0.20025279  0.19421362  0.21867622  0.21867622  0.20025279  0.26356516  0.24398782  0.20634237  0.21248323  0.22492225  0.20025279  0.25698082  0.28368250  0.25698082  0.22492225  0.22492225  0.28368250  0.27020948  0.28368250  0.32566240  0.29051350  0.27020948  0.29051350  0.28368250  0.29740908  0.29051350  0.29740908  0.31139895  0.31139895  0.26356516  0.27691488  0.31849581  0.30437047  0.33290011  0.30437047  0.33290011  0.39354255  0.34021036  0.31139895  0.29051350  0.27691488  0.31849581  0.30437047  0.27020948  0.29740908  0.30437047  0.29740908  0.28368250  0.29051350  0.29740908  0.26356516  0.29051350  0.29740908  0.29740908  0.24398782  0.29051350  0.26356516  0.25698082  0.25698082  0.26356516  0.31139895  0.27020948  0.39354255  0.38568073  0.33290011  0.33290011  0.33290011  0.30437047  0.40952507  0.41764960  0.40952507  0.40149003  0.40149003  0.37790274  0.40149003  0.50429804  0.50429804  0.50429804  0.50429804  0.47720592  0.50429804  0.52293518  0.48612528  0.33290011  0.32566240  0.34021036  0.35505440  0.37790274  0.34021036  0.31139895  0.30437047  0.31849581  0.30437047  0.30437047  0.29051350  0.31849581  0.31139895  0.31139895  0.31849581  0.31139895  0.30437047  0.29740908  0.29740908  0.29051350  0.30437047  0.29740908  0.28368250  0.28368250  0.27691488  0.29051350  0.35505440  0.34759462  0.34021036  0.34759462  0.34759462  0.34021036  0.34021036  0.36259127  0.39354255  0.45968789  0.38568073  0.38568073  0.34759462  0.33290011  0.33290011  0.34021036  0.36259127  0.38568073  
47_10_0    0.19421362  0.30437047  0.29740908  0.18822405  0.22492225  0.21248323  0.23122223  0.14199984  0.13088743  0.12539408  0.14762018  0.00000000  0.05253885  0.10915798  0.09327544  0.13642247  0.13088743  0.14199984  0.13088743  0.23122223  0.23122223  0.21867622  0.25698082  0.23757710  0.24398782  0.27020948  0.24398782  0.26356516  0.21248323  0.21248323  0.20634237  0.24398782  0.21248323  0.23122223  0.22492225  0.23122223  0.21248323  0.25045539  0.23122223  0.20634237  0.21867622  0.20025279  0.23757710  0.25698082  0.25045539  0.23122223  0.23757710  0.26356516  0.30437047  0.30437047  0.31849581  0.32566240  0.32566240  0.30437047  0.34021036  0.33290011  0.31849581  0.31849581  0.30437047  0.30437047  0.30437047  0.29051350  0.26356516  0.30437047  0.32566240  0.31849581  0.27020948  0.32566240  0.34759462  0.34021036  0.29740908  0.29051350  0.29051350  0.30437047  0.31849581  0.24398782  0.29740908  0.31849581  0.31849581  0.31849581  0.31139895  0.30437047  0.27020948  0.29740908  0.29051350  0.29051350  0.27691488  0.32566240  0.29051350  0.28368250  0.28368250  0.29051350  0.29740908  0.29051350  0.31849581  0.31139895  0.34759462  0.34759462  0.34759462  0.26356516  0.42586566  0.45108416  0.39354255  0.43417532  0.40149003  0.39354255  0.41764960  0.50429804  0.48612528  0.51355708  0.53243542  0.44258074  0.47720592  0.51355708  0.47720592  0.40952507  0.38568073  0.40149003  0.38568073  0.33290011  0.36259127  0.31139895  0.30437047  0.33290011  0.31849581  0.31849581  0.33290011  0.34759462  0.34021036  0.33290011  0.35505440  0.34759462  0.31849581  0.31139895  0.31139895  0.30437047  0.31849581  0.31139895  0.31849581  0.31849581  0.31139895  0.33290011  0.31849581  0.31139895  0.31849581  0.32566240  0.32566240  0.31139895  0.31139895  0.33290011  0.37020683  0.43417532  0.34759462  0.36259127  0.34021036  0.35505440  0.34021036  0.36259127  0.35505440  0.34759462  
71_10_0    0.18822405  0.28368250  0.30437047  0.17639048  0.20634237  0.21867622  0.23757710  0.13088743  0.10915798  0.11994179  0.12539408  0.05253885  0.00000000  0.09327544  0.10382528  0.11994179  0.12539408  0.12539408  0.11452995  0.21867622  0.22492225  0.21248323  0.25045539  0.23122223  0.22492225  0.25045539  0.23757710  0.24398782  0.21248323  0.20634237  0.21248323  0.23757710  0.21867622  0.23122223  0.23122223  0.23757710  0.21867622  0.24398782  0.25045539  0.20634237  0.22492225  0.20634237  0.22492225  0.27691488  0.27691488  0.25045539  0.23122223  0.24398782  0.30437047  0.29740908  0.31139895  0.31139895  0.31849581  0.30437047  0.33290011  0.33290011  0.33290011  0.31139895  0.29051350  0.30437047  0.30437047  0.26356516  0.24398782  0.30437047  0.31139895  0.30437047  0.23757710  0.30437047  0.31139895  0.30437047  0.29051350  0.29051350  0.29051350  0.28368250  0.29051350  0.22492225  0.29051350  0.29051350  0.29051350  0.29051350  0.28368250  0.27691488  0.27020948  0.25698082  0.27691488  0.27691488  0.25045539  0.31139895  0.27691488  0.27020948  0.25698082  0.28368250  0.27691488  0.27020948  0.34759462  0.34021036  0.33290011  0.33290011  0.33290011  0.27691488  0.42586566  0.45108416  0.40149003  0.41764960  0.40149003  0.42586566  0.43417532  0.47720592  0.45968789  0.48612528  0.54206104  0.42586566  0.45108416  0.50429804  0.45108416  0.37020683  0.34759462  0.36259127  0.39354255  0.35505440  0.37790274  0.33290011  0.32566240  0.34759462  0.33290011  0.33290011  0.31849581  0.34759462  0.32566240  0.33290011  0.34021036  0.33290011  0.30437047  0.29740908  0.29740908  0.29051350  0.30437047  0.29740908  0.30437047  0.30437047  0.29740908  0.31139895  0.29740908  0.29740908  0.30437047  0.31139895  0.29740908  0.31139895  0.31139895  0.33290011  0.37020683  0.42586566  0.36259127  0.42586566  0.37020683  0.37020683  0.35505440  0.39354255  0.38568073  0.37020683  
34_40_0    0.20634237  0.29051350  0.27020948  0.15328417  0.20025279  0.17639048  0.19421362  0.09327544  0.08805719  0.09327544  0.08287601  0.10915798  0.09327544  0.00000000  0.03783069  0.10915798  0.11452995  0.07773138  0.07773138  0.22492225  0.21248323  0.22492225  0.21248323  0.20634237  0.21867622  0.29051350  0.22492225  0.24398782  0.21248323  0.20025279  0.21867622  0.22492225  0.18822405  0.18822405  0.19421362  0.20634237  0.18822405  0.23757710  0.22492225  0.17639048  0.20634237  0.20634237  0.20634237  0.22492225  0.23757710  0.24398782  0.20634237  0.25045539  0.26356516  0.25045539  0.25045539  0.30437047  0.29740908  0.23757710  0.27020948  0.26356516  0.26356516  0.25698082  0.25045539  0.27691488  0.27691488  0.26356516  0.26356516  0.31849581  0.31849581  0.31849581  0.26356516  0.29051350  0.32566240  0.31139895  0.27020948  0.28368250  0.27020948  0.28368250  0.26356516  0.23122223  0.27691488  0.27020948  0.25698082  0.27020948  0.26356516  0.27020948  0.25698082  0.29740908  0.30437047  0.30437047  0.23757710  0.27020948  0.22492225  0.21867622  0.23122223  0.25698082  0.27020948  0.27020948  0.40952507  0.40149003  0.33290011  0.33290011  0.33290011  0.27020948  0.44258074  0.42586566  0.42586566  0.43417532  0.41764960  0.42586566  0.45108416  0.50429804  0.50429804  0.46839431  0.48612528  0.45968789  0.47720592  0.53243542  0.45968789  0.34021036  0.33290011  0.34759462  0.37790274  0.37020683  0.35505440  0.29740908  0.29051350  0.30437047  0.30437047  0.30437047  0.28368250  0.31139895  0.30437047  0.31139895  0.29051350  0.29740908  0.30437047  0.29740908  0.29740908  0.30437047  0.30437047  0.29740908  0.27691488  0.27691488  0.27020948  0.27691488  0.31139895  0.31849581  0.31849581  0.32566240  0.31849581  0.33290011  0.33290011  0.35505440  0.38568073  0.45108416  0.40149003  0.38568073  0.36259127  0.36259127  0.36259127  0.37020683  0.37020683  0.37790274  
87_40_0    0.18822405  0.28368250  0.27020948  0.14199984  0.18228327  0.17054492  0.18822405  0.10382528  0.10915798  0.10382528  0.10382528  0.09327544  0.10382528  0.03783069  0.00000000  0.11994179  0.11452995  0.08805719  0.08805719  0.21867622  0.20634237  0.21867622  0.22492225  0.21867622  0.21867622  0.27691488  0.22492225  0.23122223  0.20634237  0.19421362  0.21248323  0.21867622  0.18228327  0.19421362  0.18822405  0.18822405  0.17054492  0.23122223  0.20634237  0.17054492  0.18822405  0.19421362  0.19421362  0.20025279  0.21248323  0.23122223  0.20634237  0.26356516  0.27020948  0.25698082  0.25698082  0.29740908  0.30437047  0.25698082  0.29051350  0.28368250  0.27691488  0.25698082  0.25698082  0.27020948  0.27020948  0.26356516  0.25045539  0.29051350  0.30437047  0.29740908  0.25045539  0.27691488  0.31139895  0.29740908  0.25045539  0.26356516  0.27691488  0.27691488  0.26356516  0.22492225  0.26356516  0.28368250  0.26356516  0.27691488  0.27020948  0.27691488  0.23757710  0.29740908  0.29740908  0.29740908  0.23757710  0.26356516  0.23122223  0.23757710  0.23757710  0.26356516  0.27020948  0.27020948  0.40149003  0.37790274  0.34021036  0.34021036  0.34021036  0.27020948  0.45968789  0.45108416  0.42586566  0.45108416  0.43417532  0.40952507  0.46839431  0.49515506  0.49515506  0.45968789  0.45968789  0.45108416  0.46839431  0.50429804  0.45108416  0.37020683  0.36259127  0.36259127  0.35505440  0.34759462  0.34759462  0.29051350  0.28368250  0.31139895  0.29740908  0.29740908  0.29740908  0.31139895  0.29051350  0.31139895  0.31849581  0.31139895  0.31849581  0.31139895  0.31139895  0.31849581  0.31849581  0.31139895  0.27691488  0.27691488  0.27020948  0.26356516  0.29740908  0.28368250  0.28368250  0.29051350  0.28368250  0.29740908  0.29740908  0.31849581  0.34759462  0.43417532  0.36259127  0.36259127  0.32566240  0.34021036  0.34021036  0.34759462  0.33290011  0.34021036  
35_10_0    0.21248323  0.27020948  0.27020948  0.15328417  0.22492225  0.21248323  0.20634237  0.14762018  0.13088743  0.15899249  0.14762018  0.13642247  0.11994179  0.10915798  0.11994179  0.00000000  0.03299315  0.13088743  0.11994179  0.21248323  0.21248323  0.21248323  0.23122223  0.21248323  0.23757710  0.28368250  0.25045539  0.27020948  0.18228327  0.19421362  0.20634237  0.21248323  0.19421362  0.18822405  0.19421362  0.21248323  0.19421362  0.22492225  0.21248323  0.17639048  0.18822405  0.17639048  0.18822405  0.25045539  0.23757710  0.24398782  0.22492225  0.23757710  0.23122223  0.23122223  0.23122223  0.25698082  0.23757710  0.25045539  0.25698082  0.25045539  0.27020948  0.27020948  0.26356516  0.26356516  0.26356516  0.23122223  0.23122223  0.26356516  0.26356516  0.30437047  0.27020948  0.34759462  0.32566240  0.33290011  0.29740908  0.27691488  0.27691488  0.27020948  0.24398782  0.21867622  0.28368250  0.26356516  0.24398782  0.25698082  0.25045539  0.25698082  0.26356516  0.28368250  0.28368250  0.28368250  0.25045539  0.25698082  0.23757710  0.23122223  0.20634237  0.25698082  0.30437047  0.30437047  0.35505440  0.34759462  0.31139895  0.31139895  0.31139895  0.27020948  0.45108416  0.43417532  0.43417532  0.42586566  0.40952507  0.41764960  0.42586566  0.52293518  0.50429804  0.47720592  0.53243542  0.44258074  0.47720592  0.51355708  0.45968789  0.34759462  0.34021036  0.36259127  0.39354255  0.37790274  0.37020683  0.31139895  0.31849581  0.32566240  0.31139895  0.30437047  0.31139895  0.34021036  0.34759462  0.32566240  0.31849581  0.31139895  0.29740908  0.29051350  0.29051350  0.29740908  0.29740908  0.29051350  0.27691488  0.29051350  0.28368250  0.34759462  0.34021036  0.30437047  0.32566240  0.33290011  0.31849581  0.29051350  0.29051350  0.31139895  0.37790274  0.45108416  0.36259127  0.37020683  0.34759462  0.34759462  0.34759462  0.35505440  0.36259127  0.40149003  
58_10_0    0.20634237  0.29051350  0.27691488  0.18228327  0.23122223  0.21867622  0.22492225  0.14199984  0.14762018  0.16474583  0.15328417  0.13088743  0.12539408  0.11452995  0.11452995  0.03299315  0.00000000  0.13642247  0.13642247  0.20025279  0.20025279  0.21248323  0.20634237  0.18822405  0.21867622  0.27020948  0.23757710  0.25698082  0.17054492  0.18228327  0.20634237  0.22492225  0.18228327  0.17639048  0.18228327  0.20025279  0.18228327  0.22492225  0.22492225  0.17639048  0.18822405  0.20025279  0.17639048  0.23757710  0.25045539  0.24398782  0.21248323  0.23757710  0.25698082  0.25698082  0.25698082  0.27691488  0.26356516  0.24398782  0.26356516  0.25698082  0.27691488  0.27020948  0.27020948  0.27020948  0.27020948  0.21248323  0.22492225  0.27020948  0.27020948  0.30437047  0.25045539  0.31849581  0.32566240  0.33290011  0.29740908  0.27691488  0.27691488  0.27020948  0.24398782  0.21867622  0.27020948  0.27691488  0.25698082  0.27020948  0.26356516  0.27020948  0.25045539  0.28368250  0.28368250  0.28368250  0.23757710  0.25698082  0.22492225  0.21867622  0.21867622  0.27020948  0.30437047  0.31849581  0.35505440  0.35505440  0.31849581  0.31849581  0.31849581  0.27691488  0.45108416  0.45108416  0.43417532  0.42586566  0.40952507  0.41764960  0.42586566  0.54206104  0.52293518  0.49515506  0.53243542  0.47720592  0.47720592  0.51355708  0.47720592  0.37790274  0.35505440  0.37790274  0.37790274  0.37020683  0.37790274  0.31849581  0.32566240  0.34021036  0.31849581  0.31139895  0.31849581  0.34759462  0.35505440  0.33290011  0.32566240  0.31849581  0.30437047  0.29740908  0.29740908  0.30437047  0.30437047  0.29740908  0.25698082  0.27020948  0.26356516  0.34759462  0.35505440  0.30437047  0.32566240  0.33290011  0.31849581  0.29051350  0.29051350  0.31139895  0.40149003  0.44258074  0.37020683  0.37790274  0.35505440  0.37020683  0.37020683  0.36259127  0.37020683  0.39354255  
91_10_0    0.21248323  0.29051350  0.25698082  0.15328417  0.18822405  0.17639048  0.19421362  0.10915798  0.11994179  0.09327544  0.10382528  0.14199984  0.12539408  0.07773138  0.08805719  0.13088743  0.13642247  0.00000000  0.02818748  0.21867622  0.20634237  0.23122223  0.21867622  0.20025279  0.21248323  0.25045539  0.21867622  0.23757710  0.20025279  0.20025279  0.20634237  0.21867622  0.17639048  0.19421362  0.18822405  0.20634237  0.18822405  0.26356516  0.23122223  0.18228327  0.21248323  0.22492225  0.22492225  0.21867622  0.23122223  0.23122223  0.21867622  0.23757710  0.27020948  0.25698082  0.25698082  0.29740908  0.27691488  0.25045539  0.27691488  0.27020948  0.27020948  0.25045539  0.24398782  0.28368250  0.28368250  0.23757710  0.22492225  0.28368250  0.29740908  0.29051350  0.25045539  0.28368250  0.33290011  0.27691488  0.25698082  0.29051350  0.26356516  0.26356516  0.25045539  0.21867622  0.26356516  0.29051350  0.27691488  0.27691488  0.28368250  0.29051350  0.27020948  0.31139895  0.30437047  0.30437047  0.25045539  0.26356516  0.23122223  0.22492225  0.22492225  0.24398782  0.28368250  0.27020948  0.40149003  0.39354255  0.34759462  0.34759462  0.34759462  0.29740908  0.42586566  0.43417532  0.40149003  0.41764960  0.40149003  0.41764960  0.43417532  0.45108416  0.46839431  0.45108416  0.48612528  0.41764960  0.45108416  0.49515506  0.43417532  0.35505440  0.35505440  0.37020683  0.37020683  0.37020683  0.36259127  0.31139895  0.30437047  0.33290011  0.31139895  0.31849581  0.29740908  0.32566240  0.30437047  0.31139895  0.31849581  0.31139895  0.31849581  0.31139895  0.31139895  0.31849581  0.31849581  0.31139895  0.30437047  0.30437047  0.29740908  0.32566240  0.36259127  0.31139895  0.30437047  0.31139895  0.31139895  0.35505440  0.35505440  0.36259127  0.38568073  0.45968789  0.39354255  0.40952507  0.37020683  0.35505440  0.35505440  0.37790274  0.37020683  0.39354255  
60_10_0    0.18822405  0.27020948  0.25045539  0.13088743  0.16474583  0.17054492  0.17639048  0.11994179  0.10915798  0.10382528  0.10382528  0.13088743  0.11452995  0.07773138  0.08805719  0.11994179  0.13642247  0.02818748  0.00000000  0.20634237  0.19421362  0.20634237  0.20634237  0.18822405  0.20025279  0.24398782  0.19421362  0.21248323  0.18822405  0.20025279  0.18228327  0.19421362  0.16474583  0.18228327  0.16474583  0.18228327  0.16474583  0.23122223  0.19421362  0.14762018  0.21248323  0.20025279  0.20025279  0.19421362  0.19421362  0.20634237  0.20025279  0.20025279  0.24398782  0.23122223  0.23122223  0.27020948  0.26356516  0.23757710  0.27020948  0.26356516  0.25698082  0.23757710  0.23122223  0.27020948  0.27020948  0.23757710  0.21248323  0.27691488  0.29051350  0.30437047  0.26356516  0.29740908  0.33290011  0.29051350  0.25698082  0.29051350  0.26356516  0.23757710  0.23757710  0.19421362  0.25045539  0.26356516  0.25045539  0.25045539  0.25698082  0.26356516  0.25698082  0.28368250  0.27691488  0.27691488  0.23757710  0.27691488  0.24398782  0.23757710  0.22492225  0.23122223  0.27020948  0.24398782  0.35505440  0.34759462  0.31849581  0.31849581  0.31849581  0.27020948  0.41764960  0.42586566  0.38568073  0.40952507  0.39354255  0.40149003  0.42586566  0.45108416  0.46839431  0.46839431  0.52293518  0.41764960  0.46839431  0.52293518  0.45108416  0.33290011  0.32566240  0.34021036  0.35505440  0.34021036  0.34021036  0.28368250  0.27691488  0.30437047  0.29051350  0.29051350  0.27020948  0.29740908  0.27691488  0.29740908  0.30437047  0.29740908  0.30437047  0.29740908  0.29740908  0.30437047  0.30437047  0.29740908  0.27691488  0.27691488  0.27020948  0.31849581  0.34021036  0.31849581  0.31139895  0.31849581  0.31849581  0.33290011  0.33290011  0.34021036  0.37790274  0.45968789  0.37020683  0.38568073  0.34759462  0.33290011  0.33290011  0.35505440  0.34759462  0.38568073  
60_53_0    0.21867622  0.27691488  0.30437047  0.22492225  0.29051350  0.29051350  0.31849581  0.23122223  0.23757710  0.23757710  0.24398782  0.23122223  0.21867622  0.22492225  0.21867622  0.21248323  0.20025279  0.21867622  0.20634237  0.00000000  0.02341327  0.08287601  0.11994179  0.11452995  0.10915798  0.13088743  0.11994179  0.12539408  0.07262278  0.09327544  0.07773138  0.08805719  0.06251169  0.06251169  0.09327544  0.08805719  0.07262278  0.15328417  0.10915798  0.07773138  0.09853128  0.12539408  0.10915798  0.11994179  0.11994179  0.10382528  0.09327544  0.15899249  0.30437047  0.29740908  0.29740908  0.30437047  0.27020948  0.27691488  0.30437047  0.29740908  0.29051350  0.28368250  0.27691488  0.27020948  0.27020948  0.23757710  0.23757710  0.30437047  0.31139895  0.27020948  0.26356516  0.31849581  0.32566240  0.37020683  0.32566240  0.29051350  0.26356516  0.26356516  0.28368250  0.25045539  0.28368250  0.28368250  0.27020948  0.25698082  0.27020948  0.26356516  0.27691488  0.29051350  0.28368250  0.28368250  0.27020948  0.27691488  0.23122223  0.22492225  0.22492225  0.25045539  0.29051350  0.25698082  0.34759462  0.34021036  0.30437047  0.30437047  0.30437047  0.26356516  0.40149003  0.39354255  0.38568073  0.39354255  0.39354255  0.41764960  0.40952507  0.51355708  0.51355708  0.48612528  0.53243542  0.45108416  0.48612528  0.46839431  0.46839431  0.33290011  0.33290011  0.34021036  0.34759462  0.37020683  0.37790274  0.31849581  0.31139895  0.34021036  0.31139895  0.31139895  0.31139895  0.32566240  0.30437047  0.33290011  0.32566240  0.31849581  0.32566240  0.31849581  0.31849581  0.31139895  0.32566240  0.31849581  0.29740908  0.28368250  0.29051350  0.34021036  0.34759462  0.31139895  0.31849581  0.32566240  0.32566240  0.30437047  0.30437047  0.32566240  0.32566240  0.43417532  0.34021036  0.39354255  0.35505440  0.35505440  0.35505440  0.35505440  0.34021036  0.31139895  
