fastme_mat.p : 0.6243174076080322
fastme.f81 : 4.024463891983032
ba.exp : 26.914783239364624
pipeline_dl9133069 : 32.861279249191284
