fastme_mat.p : 0.4858649782812595
fastme.f81 : 1.6775345800247192
ba.exp : 14.032950576152563
