20
20_0_0     0.00000000  0.44310745  0.40975555  0.40975555  0.41348117  0.43015700  0.38173585  0.37314976  0.37314976  0.37314976  0.34039492  0.34039492  0.46067194  0.55935331  0.44741827  0.37270462  0.40296025  0.51474578  0.49465087  0.51474578  
17_0_0     0.44310745  0.00000000  0.03152357  0.18751284  0.16753354  0.17812220  0.18894389  0.26334338  0.26334338  0.30170530  0.45197090  0.45197090  0.35486617  0.36977626  0.38173585  0.40975555  0.36362022  0.42236909  0.42236909  0.42236909  
11_0_0     0.40975555  0.03152357  0.00000000  0.18751284  0.16753354  0.17812220  0.18894389  0.28858263  0.28858263  0.32905043  0.45197090  0.45197090  0.38515263  0.40102540  0.41348117  0.40975555  0.36362022  0.42236909  0.42236909  0.42236909  
5_0_0      0.40975555  0.18751284  0.18751284  0.00000000  0.03131391  0.02330834  0.01543102  0.30170530  0.30170530  0.32905043  0.43439602  0.43439602  0.36977626  0.41742767  0.36660006  0.39389126  0.44310745  0.42236909  0.42236909  0.42236909  
4_0_0      0.41348117  0.16753354  0.16753354  0.03131391  0.00000000  0.00769346  0.03152357  0.30420436  0.30420436  0.36133747  0.40491204  0.40491204  0.34331524  0.42159723  0.36977626  0.38173585  0.41348117  0.42614878  0.42614878  0.42614878  
12_0_0     0.43015700  0.17812220  0.17812220  0.02330834  0.00769346  0.00000000  0.02345120  0.31787743  0.31787743  0.34641990  0.42159723  0.42159723  0.35800626  0.40491204  0.35486617  0.38173585  0.43015700  0.40975555  0.40975555  0.40975555  
10_0_0     0.38173585  0.18894389  0.18894389  0.01543102  0.03152357  0.02345120  0.00000000  0.27794855  0.27794855  0.30420436  0.43886853  0.43886853  0.35800626  0.40491204  0.35486617  0.38173585  0.43015700  0.40975555  0.40975555  0.40975555  
9_0_0      0.37314976  0.26334338  0.28858263  0.30170530  0.30420436  0.31787743  0.27794855  0.00000000  0.00000000  0.03152357  0.32698578  0.32698578  0.37314976  0.38877449  0.38515263  0.38173585  0.41348117  0.51747612  0.51747612  0.51747612  
13_0_0     0.37314976  0.26334338  0.28858263  0.30170530  0.30420436  0.31787743  0.27794855  0.00000000  0.00000000  0.03152357  0.32698578  0.32698578  0.37314976  0.38877449  0.38515263  0.38173585  0.41348117  0.51747612  0.51747612  0.51747612  
7_0_0      0.37314976  0.30170530  0.32905043  0.32905043  0.36133747  0.34641990  0.30420436  0.03152357  0.03152357  0.00000000  0.32698578  0.32698578  0.43886853  0.42159723  0.41742767  0.39735237  0.48387240  0.51747612  0.51747612  0.51747612  
18_0_0     0.34039492  0.45197090  0.45197090  0.43439602  0.40491204  0.42159723  0.43886853  0.32698578  0.32698578  0.32698578  0.00000000  0.00000000  0.34039492  0.45197090  0.41348117  0.42614878  0.46067194  0.63817499  0.63817499  0.63817499  
8_0_0      0.34039492  0.45197090  0.45197090  0.43439602  0.40491204  0.42159723  0.43886853  0.32698578  0.32698578  0.32698578  0.00000000  0.00000000  0.34039492  0.45197090  0.41348117  0.42614878  0.46067194  0.63817499  0.63817499  0.63817499  
15_0_0     0.46067194  0.35486617  0.38515263  0.36977626  0.34331524  0.35800626  0.35800626  0.37314976  0.37314976  0.43886853  0.34039492  0.34039492  0.00000000  0.10136932  0.14933285  0.14603526  0.14603526  0.55298894  0.55298894  0.55298894  
14_0_0     0.55935331  0.36977626  0.40102540  0.41742767  0.42159723  0.40491204  0.40491204  0.38877449  0.38877449  0.42159723  0.45197090  0.45197090  0.10136932  0.00000000  0.17029434  0.18751284  0.18751284  0.57484058  0.57484058  0.57484058  
6_0_0      0.44741827  0.38173585  0.41348117  0.36660006  0.36977626  0.35486617  0.35486617  0.38515263  0.38515263  0.41742767  0.41348117  0.41348117  0.14933285  0.17029434  0.00000000  0.23098724  0.24284886  0.44310745  0.42614878  0.44310745  
19_0_0     0.37270462  0.40975555  0.40975555  0.39389126  0.38173585  0.38173585  0.38173585  0.38173585  0.38173585  0.39735237  0.42614878  0.42614878  0.14603526  0.18751284  0.23098724  0.00000000  0.06430678  0.55298894  0.55298894  0.55298894  
16_0_0     0.40296025  0.36362022  0.36362022  0.44310745  0.41348117  0.43015700  0.43015700  0.41348117  0.41348117  0.48387240  0.46067194  0.46067194  0.14603526  0.18751284  0.24284886  0.06430678  0.00000000  0.64690596  0.64690596  0.64690596  
3_0_0      0.51474578  0.42236909  0.42236909  0.42236909  0.42614878  0.40975555  0.40975555  0.51747612  0.51747612  0.51747612  0.63817499  0.63817499  0.55298894  0.57484058  0.44310745  0.55298894  0.64690596  0.00000000  0.00769346  0.00000000  
2_0_0      0.49465087  0.42236909  0.42236909  0.42236909  0.42614878  0.40975555  0.40975555  0.51747612  0.51747612  0.51747612  0.63817499  0.63817499  0.55298894  0.57484058  0.42614878  0.55298894  0.64690596  0.00769346  0.00000000  0.00769346  
1_0_0      0.51474578  0.42236909  0.42236909  0.42236909  0.42614878  0.40975555  0.40975555  0.51747612  0.51747612  0.51747612  0.63817499  0.63817499  0.55298894  0.57484058  0.44310745  0.55298894  0.64690596  0.00000000  0.00769346  0.00000000  

