20
20_0_0     0.00000000  0.24692716  0.25717045  0.22088572  0.23267461  0.22088572  0.20938299  0.43355390  0.43355390  0.38222486  0.31568245  0.31568245  0.30462434  0.37824735  0.42395006  0.30205313  0.32971539  0.30205313  0.28880485  0.27591690  
17_0_0     0.24692716  0.00000000  0.04779234  0.11035001  0.12000113  0.11035001  0.12000113  0.27242768  0.27242768  0.29937882  0.35085513  0.35085513  0.29646547  0.40323574  0.53380045  0.35085513  0.41581926  0.32971539  0.32971539  0.30205313  
11_0_0     0.25717045  0.04779234  0.00000000  0.14887335  0.15925975  0.14887335  0.15925975  0.24476427  0.24476427  0.26991016  0.31846224  0.31846224  0.29373247  0.39872443  0.50538317  0.37824735  0.44667865  0.32691201  0.32691201  0.29966658  
5_0_0      0.22088572  0.11035001  0.14887335  0.00000000  0.00769574  0.00000000  0.00769574  0.37019890  0.37019890  0.33931584  0.27810478  0.27810478  0.36628047  0.49112555  0.52668675  0.33271640  0.36257925  0.38660644  0.38660644  0.35581991  
4_0_0      0.23267461  0.12000113  0.15925975  0.00769574  0.00000000  0.00769574  0.01551851  0.35450584  0.35450584  0.32459765  0.26538152  0.26538152  0.35085513  0.47114772  0.50538317  0.34741263  0.37824735  0.40278372  0.40278372  0.37096321  
12_0_0     0.22088572  0.11035001  0.14887335  0.00000000  0.00769574  0.00000000  0.00769574  0.37019890  0.37019890  0.33931584  0.27810478  0.27810478  0.36628047  0.49112555  0.52668675  0.33271640  0.36257925  0.38660644  0.38660644  0.35581991  
10_0_0     0.20938299  0.12000113  0.15925975  0.00769574  0.01551851  0.00769574  0.00000000  0.38642949  0.38642949  0.35450584  0.29117908  0.29117908  0.36628047  0.49112555  0.52668675  0.33271640  0.36257925  0.37096321  0.37096321  0.34114557  
9_0_0      0.43355390  0.27242768  0.24476427  0.37019890  0.35450584  0.37019890  0.38642949  0.00000000  0.00000000  0.03156247  0.32795563  0.35836690  0.38642949  0.47714172  0.47114772  0.47114772  0.58070204  0.40777751  0.39191017  0.40777751  
13_0_0     0.43355390  0.27242768  0.24476427  0.37019890  0.35450584  0.37019890  0.38642949  0.00000000  0.00000000  0.03156247  0.32795563  0.35836690  0.38642949  0.47714172  0.47114772  0.47114772  0.58070204  0.40777751  0.39191017  0.40777751  
7_0_0      0.38222486  0.29937882  0.26991016  0.33931584  0.32459765  0.33931584  0.35450584  0.03156247  0.03156247  0.00000000  0.27242768  0.32795563  0.38642949  0.47714172  0.47114772  0.43355390  0.53380045  0.34726669  0.33327362  0.34726669  
18_0_0     0.31568245  0.35085513  0.31846224  0.27810478  0.26538152  0.27810478  0.29117908  0.32795563  0.32795563  0.27242768  0.00000000  0.03156247  0.42862236  0.48499622  0.42395006  0.54169503  0.54169503  0.31968190  0.30646917  0.31968190  
8_0_0      0.31568245  0.35085513  0.31846224  0.27810478  0.26538152  0.27810478  0.29117908  0.35836690  0.35836690  0.32795563  0.03156247  0.00000000  0.42862236  0.52668675  0.42395006  0.58848516  0.54169503  0.34726669  0.33327362  0.34726669  
15_0_0     0.30462434  0.29646547  0.29373247  0.36628047  0.35085513  0.36628047  0.36628047  0.38642949  0.38642949  0.38642949  0.42862236  0.42862236  0.00000000  0.11135168  0.21704265  0.15019298  0.21704265  0.47242515  0.45446760  0.43716576  
14_0_0     0.37824735  0.40323574  0.39872443  0.49112555  0.47114772  0.49112555  0.49112555  0.47714172  0.47714172  0.47714172  0.48499622  0.52668675  0.11135168  0.00000000  0.13991381  0.20522548  0.25437230  0.49109006  0.47242515  0.45446760  
6_0_0      0.42395006  0.53380045  0.50538317  0.52668675  0.50538317  0.52668675  0.52668675  0.47114772  0.47114772  0.47114772  0.42395006  0.42395006  0.21704265  0.13991381  0.00000000  0.26466954  0.20324336  0.44120089  0.42419459  0.40777751  
19_0_0     0.30205313  0.35085513  0.37824735  0.33271640  0.34741263  0.33271640  0.33271640  0.47114772  0.47114772  0.43355390  0.54169503  0.58848516  0.15019298  0.20522548  0.26466954  0.00000000  0.10179322  0.46797897  0.45037112  0.46797897  
16_0_0     0.32971539  0.41581926  0.44667865  0.36257925  0.37824735  0.36257925  0.36257925  0.58070204  0.58070204  0.53380045  0.54169503  0.54169503  0.21704265  0.25437230  0.20324336  0.10179322  0.00000000  0.50528790  0.48626637  0.46797897  
3_0_0      0.30205313  0.32971539  0.32691201  0.38660644  0.40278372  0.38660644  0.37096321  0.40777751  0.40777751  0.34726669  0.31968190  0.34726669  0.47242515  0.49109006  0.44120089  0.46797897  0.50528790  0.00000000  0.01551851  0.01551851  
2_0_0      0.28880485  0.32971539  0.32691201  0.38660644  0.40278372  0.38660644  0.37096321  0.39191017  0.39191017  0.33327362  0.30646917  0.33327362  0.45446760  0.47242515  0.42419459  0.45037112  0.48626637  0.01551851  0.00000000  0.01551851  
1_0_0      0.27591690  0.30205313  0.29966658  0.35581991  0.37096321  0.35581991  0.34114557  0.40777751  0.40777751  0.34726669  0.31968190  0.34726669  0.43716576  0.45446760  0.40777751  0.46797897  0.46797897  0.01551851  0.01551851  0.00000000  

