20
20_0_0     0.00000000  0.30430923  0.33233057  0.29089471  0.26515081  0.26515081  0.26515081  0.38586915  0.38586915  0.40261621  0.37814960  0.36194543  0.44963248  0.54460708  0.55396257  0.46268187  0.49527113  0.42598854  0.44229240  0.44229240  
17_0_0     0.30430923  0.00000000  0.03155940  0.10801292  0.11735816  0.11735816  0.13661868  0.38985862  0.38985862  0.40627362  0.35041361  0.36579236  0.68157950  0.80798280  0.69081428  0.56611230  0.62013030  0.37796489  0.36385187  0.36385187  
11_0_0     0.33233057  0.03155940  0.00000000  0.12689085  0.13661868  0.13661868  0.15669287  0.42327594  0.42327594  0.44090916  0.32107306  0.33551694  0.68157950  0.80798280  0.69081428  0.52403300  0.57275164  0.40751407  0.39250986  0.39250986  
5_0_0      0.29089471  0.10801292  0.12689085  0.00000000  0.02347091  0.02347091  0.03978794  0.44090916  0.44090916  0.45922193  0.36579236  0.38168545  0.62013030  0.57275164  0.58183036  0.60348452  0.54197788  0.40751407  0.42300747  0.42300747  
4_0_0      0.26515081  0.11735816  0.13661868  0.02347091  0.00000000  0.00000000  0.01551778  0.40627362  0.40627362  0.42327594  0.38168545  0.39812847  0.59585081  0.64571729  0.62909270  0.62843289  0.52087943  0.43902303  0.45559719  0.45559719  
12_0_0     0.26515081  0.11735816  0.13661868  0.02347091  0.00000000  0.00000000  0.01551778  0.40627362  0.40627362  0.42327594  0.38168545  0.39812847  0.59585081  0.64571729  0.62909270  0.62843289  0.52087943  0.43902303  0.45559719  0.45559719  
10_0_0     0.26515081  0.13661868  0.15669287  0.03978794  0.01551778  0.01551778  0.00000000  0.44090916  0.44090916  0.45922193  0.38168545  0.39812847  0.64571729  0.64571729  0.68157950  0.68263966  0.56405667  0.47277031  0.49058732  0.49058732  
9_0_0      0.38586915  0.38985862  0.42327594  0.44090916  0.40627362  0.40627362  0.44090916  0.00000000  0.00000000  0.02347091  0.32107306  0.30705523  0.49058732  0.53884592  0.52835981  0.41638823  0.43647281  0.56939566  0.59132365  0.59132365  
13_0_0     0.38586915  0.38985862  0.42327594  0.44090916  0.40627362  0.40627362  0.44090916  0.00000000  0.00000000  0.02347091  0.32107306  0.30705523  0.49058732  0.53884592  0.52835981  0.41638823  0.43647281  0.56939566  0.59132365  0.59132365  
7_0_0      0.40261621  0.40627362  0.44090916  0.45922193  0.42327594  0.42327594  0.45922193  0.02347091  0.02347091  0.00000000  0.33551694  0.32107306  0.50909840  0.51872884  0.59132365  0.46716939  0.49017307  0.59132365  0.61431254  0.61431254  
18_0_0     0.37814960  0.35041361  0.32107306  0.36579236  0.38168545  0.38168545  0.38168545  0.32107306  0.32107306  0.33551694  0.00000000  0.00769556  0.52967102  0.50951183  0.68157950  0.49527113  0.52087943  0.39250986  0.40751407  0.40751407  
8_0_0      0.36194543  0.36579236  0.33551694  0.38168545  0.39812847  0.39812847  0.39812847  0.30705523  0.30705523  0.32107306  0.00769556  0.00000000  0.50951183  0.49017307  0.71016991  0.47629938  0.54197788  0.40751407  0.42300747  0.42300747  
15_0_0     0.44963248  0.68157950  0.68157950  0.62013030  0.59585081  0.59585081  0.64571729  0.49058732  0.49058732  0.50909840  0.52967102  0.50951183  0.00000000  0.16486053  0.18579739  0.26515081  0.29343906  0.61735785  0.63962215  0.63962215  
14_0_0     0.54460708  0.80798280  0.80798280  0.57275164  0.64571729  0.64571729  0.64571729  0.53884592  0.53884592  0.51872884  0.50951183  0.49017307  0.16486053  0.00000000  0.22256697  0.34698620  0.36579236  0.74085342  0.76993024  0.76993024  
6_0_0      0.55396257  0.69081428  0.69081428  0.58183036  0.62909270  0.62909270  0.68157950  0.52835981  0.52835981  0.59132365  0.68157950  0.71016991  0.18579739  0.22256697  0.00000000  0.33233057  0.33551694  0.61735785  0.63962215  0.63962215  
19_0_0     0.46268187  0.56611230  0.52403300  0.60348452  0.62843289  0.62843289  0.68263966  0.41638823  0.41638823  0.46716939  0.49527113  0.47629938  0.26515081  0.34698620  0.33233057  0.00000000  0.09032133  0.68393203  0.65861411  0.65861411  
16_0_0     0.49527113  0.62013030  0.57275164  0.54197788  0.52087943  0.52087943  0.56405667  0.43647281  0.43647281  0.49017307  0.52087943  0.54197788  0.29343906  0.36579236  0.33551694  0.09032133  0.00000000  0.72989769  0.75906258  0.75906258  
3_0_0      0.42598854  0.37796489  0.40751407  0.40751407  0.43902303  0.43902303  0.47277031  0.56939566  0.56939566  0.59132365  0.39250986  0.40751407  0.61735785  0.74085342  0.61735785  0.68393203  0.72989769  0.00000000  0.00769556  0.01551778  
2_0_0      0.44229240  0.36385187  0.39250986  0.42300747  0.45559719  0.45559719  0.49058732  0.59132365  0.59132365  0.61431254  0.40751407  0.42300747  0.63962215  0.76993024  0.63962215  0.65861411  0.75906258  0.00769556  0.00000000  0.00769556  
1_0_0      0.44229240  0.36385187  0.39250986  0.42300747  0.45559719  0.45559719  0.49058732  0.59132365  0.59132365  0.61431254  0.40751407  0.42300747  0.63962215  0.76993024  0.63962215  0.65861411  0.75906258  0.01551778  0.00769556  0.00000000  

