20
20_0_0     0.00000000  0.51328901  0.47488829  0.51014040  0.51328901  0.51328901  0.52725171  0.50037401  0.52355304  0.54380675  0.54014572  0.51657314  0.54380675  0.68298439  0.51014040  0.50674372  0.51657314  0.51657314  0.53000162  0.53000162  
16_0_0     0.51328901  0.00000000  0.58566718  0.59761022  0.57286415  0.57286415  0.56516393  0.56516393  0.51136399  0.53144122  0.52930914  0.53144122  0.50727841  0.58979248  0.48777207  0.48973197  0.51136399  0.51136399  0.49942670  0.49942670  
11_0_0     0.47488829  0.58566718  0.00000000  0.31364003  0.35380958  0.35380958  0.35807583  0.33801751  0.31696147  0.32290874  0.31210186  0.30454263  0.30769025  0.40934484  0.33845075  0.33415746  0.31364003  0.31364003  0.32290874  0.32290874  
7_0_0      0.51014040  0.59761022  0.31364003  0.00000000  0.03230207  0.03230207  0.25228785  0.25228785  0.21305387  0.24029094  0.23920755  0.22443340  0.24841549  0.29445999  0.28820803  0.24963644  0.24841549  0.24841549  0.24029094  0.24029094  
13_0_0     0.51328901  0.57286415  0.35380958  0.03230207  0.00000000  0.00000000  0.25371801  0.25371801  0.21976704  0.24144330  0.24029094  0.22545514  0.26644356  0.31494547  0.27225886  0.25092728  0.26644356  0.26644356  0.25796827  0.25796827  
9_0_0      0.51328901  0.57286415  0.35380958  0.03230207  0.00000000  0.00000000  0.25371801  0.25371801  0.21976704  0.24144330  0.24029094  0.22545514  0.26644356  0.31494547  0.27225886  0.25092728  0.26644356  0.26644356  0.25796827  0.25796827  
8_0_0      0.52725171  0.56516393  0.35807583  0.25228785  0.25371801  0.25371801  0.00000000  0.02140098  0.09130616  0.14804032  0.14738268  0.13447030  0.15496825  0.23297574  0.17469083  0.16999109  0.15496825  0.15496825  0.16199508  0.16199508  
18_0_0     0.50037401  0.56516393  0.33801751  0.25228785  0.25371801  0.25371801  0.02140098  0.00000000  0.09130616  0.14804032  0.14738268  0.13447030  0.16912367  0.24979518  0.18926234  0.18467595  0.16912367  0.16912367  0.17635703  0.17635703  
19_0_0     0.52355304  0.51136399  0.31696147  0.21305387  0.21976704  0.21976704  0.09130616  0.09130616  0.00000000  0.10801400  0.10767719  0.09556105  0.15426150  0.16999109  0.13954630  0.16199508  0.14738268  0.14738268  0.15426150  0.15426150  
2_0_0      0.54380675  0.53144122  0.32290874  0.24029094  0.24144330  0.24144330  0.14804032  0.14804032  0.10801400  0.00000000  0.02130488  0.01058419  0.16687183  0.19017602  0.17263965  0.14678137  0.14623679  0.14623679  0.15301947  0.15301947  
3_0_0      0.54014572  0.52930914  0.31210186  0.23920755  0.24029094  0.24029094  0.14738268  0.14738268  0.10767719  0.02130488  0.00000000  0.01054804  0.17326313  0.20427842  0.17207698  0.15989692  0.15931403  0.15931403  0.16623917  0.16623917  
1_0_0      0.51657314  0.53144122  0.30454263  0.22443340  0.22545514  0.22545514  0.13447030  0.13447030  0.09556105  0.01058419  0.01054804  0.00000000  0.15989692  0.19017602  0.15879008  0.14678137  0.14623679  0.14623679  0.15301947  0.15301947  
14_0_0     0.54380675  0.50727841  0.30769025  0.24841549  0.26644356  0.26644356  0.15496825  0.16912367  0.15426150  0.16687183  0.17326313  0.15989692  0.00000000  0.17549429  0.18689021  0.18192267  0.16687183  0.16687183  0.17394699  0.17394699  
6_0_0      0.68298439  0.58979248  0.40934484  0.29445999  0.31494547  0.31494547  0.23297574  0.24979518  0.16999109  0.19017602  0.20427842  0.19017602  0.17549429  0.00000000  0.24266439  0.24673822  0.22891872  0.22891872  0.23704711  0.23704711  
15_0_0     0.51014040  0.48777207  0.33845075  0.28820803  0.27225886  0.27225886  0.17469083  0.18926234  0.13954630  0.17263965  0.17207698  0.15879008  0.18689021  0.24266439  0.00000000  0.11398261  0.11365830  0.11365830  0.12000377  0.12000377  
5_0_0      0.50674372  0.48973197  0.33415746  0.24963644  0.25092728  0.25092728  0.16999109  0.18467595  0.16199508  0.14678137  0.15989692  0.14678137  0.18192267  0.24673822  0.11398261  0.00000000  0.02130488  0.02130488  0.02677276  0.02677276  
10_0_0     0.51657314  0.51136399  0.31364003  0.24841549  0.26644356  0.26644356  0.15496825  0.16912367  0.14738268  0.14623679  0.15931403  0.14623679  0.16687183  0.22891872  0.11365830  0.02130488  0.00000000  0.00000000  0.00526365  0.00526365  
12_0_0     0.51657314  0.51136399  0.31364003  0.24841549  0.26644356  0.26644356  0.15496825  0.16912367  0.14738268  0.14623679  0.15931403  0.14623679  0.16687183  0.22891872  0.11365830  0.02130488  0.00000000  0.00000000  0.00526365  0.00526365  
17_0_0     0.53000162  0.49942670  0.32290874  0.24029094  0.25796827  0.25796827  0.16199508  0.17635703  0.15426150  0.15301947  0.16623917  0.15301947  0.17394699  0.23704711  0.12000377  0.02677276  0.00526365  0.00526365  0.00000000  0.00000000  
4_0_0      0.53000162  0.49942670  0.32290874  0.24029094  0.25796827  0.25796827  0.16199508  0.17635703  0.15426150  0.15301947  0.16623917  0.15301947  0.17394699  0.23704711  0.12000377  0.02677276  0.00526365  0.00526365  0.00000000  0.00000000  

