20
20_0_0     0.00000000  0.34886496  0.44861057  0.60364403  0.57259982  0.57259982  0.43294796  0.46812885  0.44438975  0.41534357  0.41534357  0.41534357  0.46947671  0.42177354  0.40224075  0.42409299  0.42409299  0.41304207  0.42409299  0.42409299  
16_0_0     0.34886496  0.00000000  0.52597416  0.70429006  0.70429006  0.70429006  0.54344860  0.55780212  0.55780212  0.59733908  0.59733908  0.59733908  0.57113319  0.50943685  0.51263067  0.47469846  0.49964941  0.48701123  0.49964941  0.49964941  
11_0_0     0.44861057  0.52597416  0.00000000  0.41551268  0.44861057  0.44861057  0.43294796  0.42177354  0.40017878  0.41085428  0.38973640  0.38973640  0.40681856  0.37618009  0.38790254  0.40877986  0.39822728  0.39822728  0.40877986  0.40877986  
7_0_0      0.60364403  0.70429006  0.41551268  0.00000000  0.02141481  0.02141481  0.23163226  0.23163226  0.23461993  0.28390191  0.27478386  0.29319719  0.26520942  0.30808999  0.31565121  0.28202139  0.26413223  0.27299317  0.26413223  0.26413223  
13_0_0     0.57259982  0.70429006  0.44861057  0.02141481  0.00000000  0.00000000  0.21540589  0.21540589  0.20213380  0.24842861  0.23995670  0.25705331  0.25675709  0.31775273  0.29671481  0.26413223  0.24688820  0.25543249  0.24688820  0.24688820  
9_0_0      0.57259982  0.70429006  0.44861057  0.02141481  0.00000000  0.00000000  0.21540589  0.21540589  0.20213380  0.24842861  0.23995670  0.25705331  0.25675709  0.31775273  0.29671481  0.26413223  0.24688820  0.25543249  0.24688820  0.24688820  
8_0_0      0.43294796  0.54344860  0.43294796  0.23163226  0.21540589  0.21540589  0.00000000  0.02141481  0.11019859  0.16539894  0.17276949  0.17276949  0.18910266  0.19316765  0.16978978  0.18668247  0.17171480  0.17914008  0.17171480  0.17171480  
18_0_0     0.46812885  0.55780212  0.42177354  0.23163226  0.21540589  0.21540589  0.02141481  0.00000000  0.11019859  0.18025543  0.18786041  0.18786041  0.17450262  0.17808711  0.15550265  0.17171480  0.15720140  0.16440304  0.15720140  0.15720140  
19_0_0     0.44438975  0.55780212  0.40017878  0.23461993  0.20213380  0.20213380  0.11019859  0.11019859  0.00000000  0.16539894  0.15814026  0.17276949  0.23578428  0.20873928  0.19971206  0.17171480  0.15720140  0.16440304  0.15720140  0.15720140  
2_0_0      0.41534357  0.59733908  0.41085428  0.28390191  0.24842861  0.24842861  0.16539894  0.18025543  0.16539894  0.00000000  0.01597053  0.01597053  0.16033514  0.14928183  0.12154758  0.16440304  0.15010660  0.15720140  0.15010660  0.15010660  
3_0_0      0.41534357  0.59733908  0.38973640  0.27478386  0.23995670  0.23995670  0.17276949  0.18786041  0.15814026  0.01597053  0.00000000  0.01058754  0.15340575  0.14234367  0.13484172  0.15720140  0.14311552  0.15010660  0.14311552  0.14311552  
1_0_0      0.41534357  0.59733908  0.38973640  0.29319719  0.25705331  0.25705331  0.17276949  0.18786041  0.17276949  0.01597053  0.01058754  0.00000000  0.15340575  0.12876223  0.13484172  0.15720140  0.14311552  0.15010660  0.14311552  0.14311552  
14_0_0     0.46947671  0.57113319  0.40681856  0.26520942  0.25675709  0.25675709  0.18910266  0.17450262  0.23578428  0.16033514  0.15340575  0.15340575  0.00000000  0.11555588  0.15970576  0.17530418  0.16102634  0.16811198  0.16102634  0.16102634  
6_0_0      0.42177354  0.50943685  0.37618009  0.30808999  0.31775273  0.31775273  0.19316765  0.17808711  0.20873928  0.14928183  0.14234367  0.12876223  0.11555588  0.00000000  0.13484172  0.14311552  0.12943270  0.13622518  0.12943270  0.12943270  
15_0_0     0.40224075  0.51263067  0.38790254  0.31565121  0.29671481  0.29671481  0.16978978  0.15550265  0.19971206  0.12154758  0.13484172  0.13484172  0.15970576  0.13484172  0.00000000  0.15632212  0.15632212  0.14928183  0.14234367  0.14234367  
5_0_0      0.42409299  0.47469846  0.40877986  0.28202139  0.26413223  0.26413223  0.18668247  0.17171480  0.17171480  0.16440304  0.15720140  0.15720140  0.17530418  0.14311552  0.15632212  0.00000000  0.01058754  0.00526447  0.01058754  0.01058754  
10_0_0     0.42409299  0.49964941  0.39822728  0.26413223  0.24688820  0.24688820  0.17171480  0.15720140  0.15720140  0.15010660  0.14311552  0.14311552  0.16102634  0.12943270  0.15632212  0.01058754  0.00000000  0.00526447  0.01058754  0.01058754  
12_0_0     0.41304207  0.48701123  0.39822728  0.27299317  0.25543249  0.25543249  0.17914008  0.16440304  0.16440304  0.15720140  0.15010660  0.15010660  0.16811198  0.13622518  0.14928183  0.00526447  0.00526447  0.00000000  0.00526447  0.00526447  
17_0_0     0.42409299  0.49964941  0.40877986  0.26413223  0.24688820  0.24688820  0.17171480  0.15720140  0.15720140  0.15010660  0.14311552  0.14311552  0.16102634  0.12943270  0.14234367  0.01058754  0.01058754  0.00526447  0.00000000  0.00000000  
4_0_0      0.42409299  0.49964941  0.40877986  0.26413223  0.24688820  0.24688820  0.17171480  0.15720140  0.15720140  0.15010660  0.14311552  0.14311552  0.16102634  0.12943270  0.14234367  0.01058754  0.01058754  0.00526447  0.00000000  0.00000000  

