20
7_0_0      0.00000000  0.41430733  0.45504753  0.41430733  0.44463938  0.45504753  0.40448021  0.42427354  0.46561184  0.39478836  0.38522809  0.35730227  0.42427354  0.43438283  0.46561184  0.47633707  0.44463938  0.44463938  0.49829041  0.56858245  
8_0_0      0.41430733  0.00000000  0.06319213  0.18065372  0.17358779  0.17358779  0.17358779  0.18065372  0.23220614  0.27961227  0.29615110  0.30456851  0.45504753  0.46561184  0.50952920  0.53255967  0.52095028  0.52095028  0.53255967  0.60654791  
1_0_0      0.45504753  0.06319213  0.00000000  0.15280573  0.14601248  0.14601248  0.16659206  0.16659206  0.23220614  0.25551033  0.27148628  0.28783313  0.46561184  0.47633707  0.47633707  0.52095028  0.50952920  0.50952920  0.49829041  0.58101154  
5_0_0      0.41430733  0.18065372  0.15280573  0.00000000  0.05127278  0.06319213  0.05720724  0.05720724  0.20964857  0.22460637  0.23988882  0.25551033  0.48722819  0.47633707  0.49829041  0.53255967  0.46561184  0.46561184  0.45504753  0.50952920  
2_0_0      0.44463938  0.17358779  0.14601248  0.05127278  0.00000000  0.01107566  0.03955184  0.02802281  0.19500191  0.24765626  0.26345300  0.27961227  0.52095028  0.53255967  0.53255967  0.56858245  0.52095028  0.52095028  0.50952920  0.56858245  
12_0_0     0.45504753  0.17358779  0.14601248  0.06319213  0.01107566  0.00000000  0.05127278  0.03955184  0.20964857  0.24765626  0.26345300  0.27961227  0.52095028  0.53255967  0.53255967  0.56858245  0.52095028  0.52095028  0.50952920  0.56858245  
11_0_0     0.40448021  0.17358779  0.16659206  0.05720724  0.03955184  0.05127278  0.00000000  0.01107566  0.18065372  0.23988882  0.25551033  0.27148628  0.53255967  0.54436368  0.52095028  0.55636894  0.48722819  0.48722819  0.49829041  0.56858245  
4_0_0      0.42427354  0.18065372  0.16659206  0.05720724  0.02802281  0.03955184  0.01107566  0.00000000  0.19500191  0.23988882  0.25551033  0.27148628  0.53255967  0.54436368  0.52095028  0.55636894  0.50952920  0.50952920  0.52095028  0.59366397  
10_0_0     0.46561184  0.23220614  0.23220614  0.20964857  0.19500191  0.20964857  0.18065372  0.19500191  0.00000000  0.27961227  0.29615110  0.29615110  0.49829041  0.49829041  0.53255967  0.55636894  0.52095028  0.52095028  0.54436368  0.55636894  
6_0_0      0.39478836  0.27961227  0.25551033  0.22460637  0.24765626  0.24765626  0.23988882  0.23988882  0.27961227  0.00000000  0.02232832  0.11947648  0.39478836  0.38522809  0.42427354  0.45504753  0.46561184  0.46561184  0.46561184  0.53255967  
3_0_0      0.38522809  0.29615110  0.27148628  0.23988882  0.26345300  0.26345300  0.25551033  0.25551033  0.29615110  0.02232832  0.00000000  0.11947648  0.40448021  0.39478836  0.41430733  0.46561184  0.46561184  0.46561184  0.46561184  0.53255967  
9_0_0      0.35730227  0.30456851  0.28783313  0.25551033  0.27961227  0.27961227  0.27148628  0.27148628  0.29615110  0.11947648  0.11947648  0.00000000  0.39478836  0.40448021  0.42427354  0.45504753  0.45504753  0.45504753  0.43438283  0.54436368  
17_0_0     0.42427354  0.45504753  0.46561184  0.48722819  0.52095028  0.52095028  0.53255967  0.53255967  0.49829041  0.39478836  0.40448021  0.39478836  0.00000000  0.01107566  0.04538793  0.04538793  0.14601248  0.14601248  0.18779127  0.25551033  
15_0_0     0.43438283  0.46561184  0.47633707  0.47633707  0.53255967  0.53255967  0.54436368  0.54436368  0.49829041  0.38522809  0.39478836  0.40448021  0.01107566  0.00000000  0.05720724  0.05720724  0.13261948  0.13261948  0.18779127  0.25551033  
18_0_0     0.46561184  0.50952920  0.47633707  0.49829041  0.53255967  0.53255967  0.52095028  0.52095028  0.53255967  0.42427354  0.41430733  0.42427354  0.04538793  0.05720724  0.00000000  0.03955184  0.14601248  0.14601248  0.18779127  0.27148628  
14_0_0     0.47633707  0.53255967  0.52095028  0.53255967  0.56858245  0.56858245  0.55636894  0.55636894  0.55636894  0.45504753  0.46561184  0.45504753  0.04538793  0.05720724  0.03955184  0.00000000  0.14601248  0.14601248  0.20228716  0.28783313  
13_0_0     0.44463938  0.52095028  0.50952920  0.46561184  0.52095028  0.52095028  0.48722819  0.50952920  0.52095028  0.46561184  0.46561184  0.45504753  0.14601248  0.13261948  0.14601248  0.14601248  0.00000000  0.00000000  0.09390428  0.17358779  
19_0_0     0.44463938  0.52095028  0.50952920  0.46561184  0.52095028  0.52095028  0.48722819  0.50952920  0.52095028  0.46561184  0.46561184  0.45504753  0.14601248  0.13261948  0.14601248  0.14601248  0.00000000  0.00000000  0.09390428  0.17358779  
20_0_0     0.49829041  0.53255967  0.49829041  0.45504753  0.50952920  0.50952920  0.49829041  0.52095028  0.54436368  0.46561184  0.46561184  0.43438283  0.18779127  0.18779127  0.18779127  0.20228716  0.09390428  0.09390428  0.00000000  0.20228716  
16_0_0     0.56858245  0.60654791  0.58101154  0.50952920  0.56858245  0.56858245  0.56858245  0.59366397  0.55636894  0.53255967  0.53255967  0.54436368  0.25551033  0.25551033  0.27148628  0.28783313  0.17358779  0.17358779  0.20228716  0.00000000  

