20
16_0_0     0.00000000  0.20684314  0.20610741  0.21652935  0.21191426  0.21652935  0.20282205  0.19892355  0.19892355  0.25115750  0.26728274  0.26303087  0.26303087  0.26028367  0.26028367  0.26028367  0.26028367  0.25608612  0.26106866  0.23604014  
14_0_0     0.20684314  0.00000000  0.06918789  0.18735972  0.18295963  0.18735972  0.18295963  0.18037260  0.18037260  0.25614209  0.28589057  0.28156247  0.28156247  0.25351596  0.25351596  0.25853325  0.28985628  0.27489644  0.29640103  0.29317528  
6_0_0      0.20610741  0.06918789  0.00000000  0.18677311  0.18239604  0.17806065  0.19119264  0.18860839  0.18860839  0.24524732  0.28498022  0.28065272  0.28065272  0.24288619  0.24288619  0.24776669  0.26782911  0.26873677  0.27917412  0.30302205  
12_0_0     0.21652935  0.18735972  0.18677311  0.00000000  0.00307786  0.00617666  0.02847950  0.06871366  0.06871366  0.24288619  0.23134254  0.22728400  0.22728400  0.22452025  0.22452025  0.22922649  0.22452025  0.22051318  0.22519737  0.21525121  
4_0_0      0.21191426  0.18295963  0.18239604  0.00307786  0.00000000  0.00307786  0.02522573  0.06519965  0.06519965  0.24776669  0.23604014  0.23195964  0.23195964  0.21986215  0.21986215  0.22452025  0.21986215  0.21587669  0.22051318  0.21986215  
10_0_0     0.21652935  0.18735972  0.17806065  0.00617666  0.00307786  0.00000000  0.02847950  0.06871366  0.06871366  0.25270006  0.24078671  0.23668378  0.23668378  0.22452025  0.22452025  0.22922649  0.22452025  0.22051318  0.22519737  0.22452025  
5_0_0      0.20282205  0.18295963  0.19119264  0.02847950  0.02522573  0.02847950  0.00000000  0.06519965  0.06519965  0.24288619  0.23604014  0.23195964  0.23195964  0.21068648  0.21068648  0.21525121  0.21986215  0.20674294  0.22051318  0.21068648  
11_0_0     0.19892355  0.18037260  0.18860839  0.06871366  0.06519965  0.06871366  0.06519965  0.00000000  0.00000000  0.26031517  0.23327934  0.22922649  0.22922649  0.21256848  0.21256848  0.21720918  0.22663487  0.22263101  0.22739522  0.22519737  
17_0_0     0.19892355  0.18037260  0.18860839  0.06871366  0.06519965  0.06871366  0.06519965  0.00000000  0.00000000  0.26031517  0.23327934  0.22922649  0.22922649  0.21256848  0.21256848  0.21720918  0.22663487  0.22263101  0.22739522  0.22519737  
20_0_0     0.25115750  0.25614209  0.24524732  0.24288619  0.24776669  0.25270006  0.24288619  0.26031517  0.26031517  0.00000000  0.24628164  0.25191390  0.25191390  0.25940916  0.25940916  0.25436159  0.24936935  0.25351596  0.25351596  0.25768745  
2_0_0      0.26728274  0.28589057  0.28498022  0.23134254  0.23604014  0.24078671  0.23604014  0.23327934  0.23327934  0.24628164  0.00000000  0.00616233  0.00616233  0.15989934  0.15989934  0.16401409  0.15582142  0.15954039  0.16363500  0.17995358  
3_0_0      0.26303087  0.28156247  0.28065272  0.22728400  0.23195964  0.23668378  0.23195964  0.22922649  0.22922649  0.25191390  0.00616233  0.00000000  0.00000000  0.16028236  0.16028236  0.16441745  0.15618447  0.15582142  0.15989934  0.18039181  
1_0_0      0.26303087  0.28156247  0.28065272  0.22728400  0.23195964  0.23668378  0.23195964  0.22922649  0.22922649  0.25191390  0.00616233  0.00000000  0.00000000  0.16028236  0.16028236  0.16441745  0.15618447  0.15582142  0.15989934  0.18039181  
9_0_0      0.26028367  0.25351596  0.24288619  0.22452025  0.21986215  0.22452025  0.21068648  0.21256848  0.21256848  0.25940916  0.15989934  0.16028236  0.16028236  0.00000000  0.00000000  0.00307786  0.08229775  0.08208756  0.09662971  0.11133122  
13_0_0     0.26028367  0.25351596  0.24288619  0.22452025  0.21986215  0.22452025  0.21068648  0.21256848  0.21256848  0.25940916  0.15989934  0.16028236  0.16028236  0.00000000  0.00000000  0.00307786  0.08229775  0.08208756  0.09662971  0.11133122  
7_0_0      0.26028367  0.25853325  0.24776669  0.22922649  0.22452025  0.22922649  0.21525121  0.21720918  0.21720918  0.25436159  0.16401409  0.16441745  0.16441745  0.00307786  0.00307786  0.00000000  0.08590548  0.08567980  0.09295041  0.10754627  
15_0_0     0.26028367  0.28985628  0.26782911  0.22452025  0.21986215  0.22452025  0.21986215  0.22663487  0.22663487  0.24936935  0.15582142  0.15618447  0.15618447  0.08229775  0.08229775  0.08590548  0.00000000  0.01555202  0.01240056  0.08277769  
18_0_0     0.25608612  0.27489644  0.26873677  0.22051318  0.21587669  0.22051318  0.20674294  0.22263101  0.22263101  0.25351596  0.15954039  0.15582142  0.15582142  0.08208756  0.08208756  0.08567980  0.01555202  0.00000000  0.02199504  0.07893307  
8_0_0      0.26106866  0.29640103  0.27917412  0.22519737  0.22051318  0.22519737  0.22051318  0.22739522  0.22739522  0.25351596  0.16363500  0.15989934  0.15989934  0.09662971  0.09662971  0.09295041  0.01240056  0.02199504  0.00000000  0.08252782  
19_0_0     0.23604014  0.29317528  0.30302205  0.21525121  0.21986215  0.22452025  0.21068648  0.22519737  0.22519737  0.25768745  0.17995358  0.18039181  0.18039181  0.11133122  0.11133122  0.10754627  0.08277769  0.07893307  0.08252782  0.00000000  

