126
50_0_0     0.00000000  0.06102797  0.05614899  0.23724130  0.39650060  0.24349215  0.50462485  0.49571772  0.49571772  0.49571772  0.58006544  0.54137585  0.49571772  0.50462485  0.55085865  0.49571772  0.51364145  0.54137585  0.50462485  0.55085865  0.61048338  0.50462485  0.45273546  0.56046562  0.56046562  0.53201407  0.53201407  0.53201407  0.53201407  0.57020008  0.59006527  0.59006527  0.64221728  0.59006527  0.48691745  0.49571772  0.55085865  0.51364145  0.48691745  0.47822148  0.50462485  0.52277024  0.50462485  0.47822148  0.46962739  0.63148607  0.62090957  0.64221728  0.51364145  0.55085865  0.57020008  0.51364145  0.52277024  0.51364145  0.52277024  0.53201407  0.49571772  0.54137585  0.51364145  0.48691745  0.54137585  0.50462485  0.49571772  0.54137585  0.55085865  0.45273546  0.55085865  0.50462485  0.52277024  0.55085865  0.51364145  0.46113281  0.42007548  0.47822148  0.55085865  0.54137585  0.57020008  0.58006544  0.54137585  0.51364145  0.55085865  0.72208142  0.73423487  0.72208142  0.66416243  0.74659306  0.69836235  0.67538618  0.72208142  0.72208142  0.67538618  0.63148607  0.58006544  0.58006544  0.71012603  0.65310780  0.75916300  0.88318352  0.66416243  0.67538618  0.67538618  0.83947200  0.77195207  0.61048338  0.67538618  0.66416243  0.75916300  0.77195207  0.74659306  0.73423487  0.66416243  0.66416243  0.67538618  0.55085865  0.60020329  0.58006544  0.62090957  0.64221728  0.62090957  0.61048338  0.54137585  0.56046562  0.50462485  0.61048338  0.60020329  0.58006544  
69_0_0     0.06102797  0.00000000  0.00451839  0.24349215  0.37365977  0.24979671  0.54137585  0.51364145  0.46113281  0.46113281  0.58006544  0.55085865  0.49571772  0.48691745  0.56046562  0.50462485  0.48691745  0.52277024  0.49571772  0.54137585  0.57020008  0.47822148  0.45273546  0.54137585  0.54137585  0.51364145  0.53201407  0.52277024  0.47822148  0.57020008  0.61048338  0.58006544  0.55085865  0.54137585  0.44443315  0.43622374  0.49571772  0.49571772  0.48691745  0.47822148  0.47822148  0.49571772  0.47822148  0.49571772  0.50462485  0.62090957  0.59006527  0.60020329  0.53201407  0.53201407  0.57020008  0.47822148  0.53201407  0.52277024  0.53201407  0.56046562  0.50462485  0.56046562  0.50462485  0.47822148  0.53201407  0.47822148  0.46962739  0.51364145  0.50462485  0.42810518  0.53201407  0.49571772  0.55085865  0.53201407  0.47822148  0.45273546  0.44443315  0.47822148  0.57020008  0.54137585  0.57020008  0.57020008  0.53201407  0.48691745  0.50462485  0.67538618  0.68678432  0.67538618  0.64221728  0.75916300  0.66416243  0.64221728  0.72208142  0.72208142  0.68678432  0.64221728  0.62090957  0.62090957  0.67538618  0.66416243  0.82546172  0.86832175  0.62090957  0.68678432  0.65310780  0.88318352  0.77195207  0.60020329  0.72208142  0.71012603  0.75916300  0.77195207  0.75916300  0.77195207  0.65310780  0.67538618  0.66416243  0.57020008  0.59006527  0.59006527  0.63148607  0.65310780  0.64221728  0.64221728  0.55085865  0.54137585  0.55085865  0.60020329  0.59006527  0.61048338  
71_0_0     0.05614899  0.00451839  0.00000000  0.23724130  0.37365977  0.24349215  0.53201407  0.50462485  0.45273546  0.45273546  0.58006544  0.54137585  0.49571772  0.47822148  0.55085865  0.49571772  0.47822148  0.51364145  0.48691745  0.53201407  0.57020008  0.47822148  0.45273546  0.54137585  0.54137585  0.51364145  0.53201407  0.52277024  0.47822148  0.56046562  0.60020329  0.57020008  0.54137585  0.53201407  0.44443315  0.43622374  0.49571772  0.49571772  0.48691745  0.47822148  0.47822148  0.49571772  0.47822148  0.48691745  0.50462485  0.62090957  0.59006527  0.60020329  0.52277024  0.53201407  0.57020008  0.46962739  0.52277024  0.51364145  0.52277024  0.55085865  0.49571772  0.55085865  0.49571772  0.47822148  0.53201407  0.47822148  0.46962739  0.51364145  0.50462485  0.42007548  0.53201407  0.48691745  0.54137585  0.53201407  0.47822148  0.44443315  0.43622374  0.47822148  0.57020008  0.54137585  0.57020008  0.57020008  0.53201407  0.47822148  0.49571772  0.67538618  0.68678432  0.67538618  0.64221728  0.75916300  0.66416243  0.64221728  0.71012603  0.71012603  0.68678432  0.64221728  0.61048338  0.61048338  0.67538618  0.65310780  0.81171398  0.85375507  0.62090957  0.68678432  0.65310780  0.88318352  0.75916300  0.60020329  0.71012603  0.69836235  0.74659306  0.75916300  0.74659306  0.75916300  0.65310780  0.67538618  0.66416243  0.56046562  0.59006527  0.59006527  0.63148607  0.65310780  0.64221728  0.64221728  0.54137585  0.54137585  0.54137585  0.59006527  0.58006544  0.61048338  
4_0_0      0.23724130  0.24349215  0.23724130  0.00000000  0.36620150  0.19491602  0.50462485  0.49571772  0.44443315  0.44443315  0.50462485  0.46113281  0.46113281  0.52277024  0.51364145  0.43622374  0.43622374  0.46113281  0.47822148  0.53201407  0.52277024  0.41213271  0.38880771  0.46113281  0.46113281  0.50462485  0.52277024  0.46962739  0.45273546  0.55085865  0.59006527  0.52277024  0.51364145  0.55085865  0.46113281  0.45273546  0.48691745  0.54137585  0.52277024  0.45273546  0.44443315  0.44443315  0.46113281  0.52277024  0.47822148  0.65310780  0.61048338  0.62090957  0.46113281  0.49571772  0.54137585  0.55085865  0.55085865  0.54137585  0.51364145  0.52277024  0.45273546  0.46962739  0.46962739  0.44443315  0.47822148  0.42810518  0.40427502  0.49571772  0.50462485  0.46962739  0.52277024  0.46113281  0.45273546  0.50462485  0.46113281  0.43622374  0.45273546  0.44443315  0.52277024  0.52277024  0.52277024  0.53201407  0.51364145  0.46113281  0.49571772  0.62090957  0.63148607  0.59006527  0.56046562  0.60020329  0.66416243  0.66416243  0.65310780  0.65310780  0.52277024  0.53201407  0.56046562  0.56046562  0.60020329  0.61048338  0.78496805  0.83947200  0.66416243  0.65310780  0.72208142  0.91384197  0.77195207  0.65310780  0.67538618  0.63148607  0.69836235  0.71012603  0.65310780  0.66416243  0.72208142  0.75916300  0.64221728  0.56046562  0.59006527  0.56046562  0.60020329  0.64221728  0.60020329  0.60020329  0.53201407  0.64221728  0.54137585  0.58006544  0.57020008  0.61048338  
48_0_0     0.39650060  0.37365977  0.37365977  0.36620150  0.00000000  0.33710430  0.61048338  0.60020329  0.51364145  0.50462485  0.57020008  0.58006544  0.65310780  0.64221728  0.64221728  0.59006527  0.63148607  0.64221728  0.56046562  0.52277024  0.64221728  0.44443315  0.46113281  0.58006544  0.60020329  0.56046562  0.58006544  0.54137585  0.58006544  0.63148607  0.66416243  0.67538618  0.64221728  0.64221728  0.60020329  0.61048338  0.58006544  0.58006544  0.55085865  0.52277024  0.53201407  0.53201407  0.51364145  0.55085865  0.42810518  0.57020008  0.56046562  0.64221728  0.52277024  0.46113281  0.43622374  0.49571772  0.55085865  0.54137585  0.57020008  0.58006544  0.48691745  0.58006544  0.52277024  0.52277024  0.45273546  0.46962739  0.45273546  0.57020008  0.54137585  0.61048338  0.59006527  0.62090957  0.67538618  0.56046562  0.55085865  0.53201407  0.67538618  0.55085865  0.61048338  0.46113281  0.46962739  0.46962739  0.45273546  0.65310780  0.60020329  0.66416243  0.67538618  0.67538618  0.68678432  0.72208142  0.72208142  0.72208142  0.72208142  0.72208142  0.71012603  0.67538618  0.61048338  0.61048338  0.74659306  0.65310780  0.82546172  0.88318352  0.68678432  0.75916300  0.72208142  0.89835261  0.85375507  0.75916300  0.81171398  0.78496805  0.85375507  0.78496805  0.62090957  0.62090957  0.72208142  0.71012603  0.66416243  0.62090957  0.61048338  0.62090957  0.62090957  0.62090957  0.60020329  0.60020329  0.69836235  0.69836235  0.66416243  0.73423487  0.72208142  0.66416243  
36_0_0     0.24349215  0.24979671  0.24349215  0.19491602  0.33710430  0.00000000  0.53201407  0.52277024  0.45273546  0.47822148  0.47822148  0.46113281  0.57020008  0.50462485  0.51364145  0.46962739  0.45273546  0.49571772  0.49571772  0.46113281  0.56046562  0.40427502  0.38119464  0.53201407  0.55085865  0.50462485  0.52277024  0.46962739  0.54137585  0.53201407  0.57020008  0.56046562  0.53201407  0.55085865  0.49571772  0.48691745  0.49571772  0.51364145  0.48691745  0.46962739  0.46113281  0.49571772  0.46113281  0.48691745  0.44443315  0.71012603  0.60020329  0.62090957  0.46113281  0.46962739  0.47822148  0.46962739  0.50462485  0.49571772  0.51364145  0.48691745  0.46962739  0.50462485  0.49571772  0.45273546  0.50462485  0.46962739  0.46113281  0.51364145  0.54137585  0.48691745  0.52277024  0.51364145  0.49571772  0.52277024  0.49571772  0.42007548  0.46962739  0.43622374  0.53201407  0.40427502  0.42810518  0.45273546  0.46113281  0.49571772  0.50462485  0.67538618  0.66416243  0.64221728  0.66416243  0.75916300  0.77195207  0.74659306  0.74659306  0.74659306  0.59006527  0.60020329  0.55085865  0.55085865  0.64221728  0.68678432  0.71012603  0.78496805  0.67538618  0.74659306  0.75916300  0.83947200  0.77195207  0.56046562  0.66416243  0.64221728  0.79821914  0.83947200  0.71012603  0.72208142  0.72208142  0.72208142  0.68678432  0.62090957  0.52277024  0.57020008  0.63148607  0.63148607  0.61048338  0.59006527  0.58006544  0.60020329  0.50462485  0.55085865  0.56046562  0.62090957  
87_4_0     0.50462485  0.54137585  0.53201407  0.50462485  0.61048338  0.53201407  0.00000000  0.03695118  0.38119464  0.37365977  0.32297733  0.31601456  0.55085865  0.48691745  0.55085865  0.45273546  0.47822148  0.44443315  0.50462485  0.60020329  0.54137585  0.40427502  0.47822148  0.51364145  0.49571772  0.45273546  0.45273546  0.43622374  0.45273546  0.50462485  0.51364145  0.53201407  0.52277024  0.50462485  0.50462485  0.51364145  0.49571772  0.53201407  0.54137585  0.49571772  0.54137585  0.48691745  0.56046562  0.58006544  0.58006544  0.54137585  0.52277024  0.54137585  0.46962739  0.47822148  0.46962739  0.49571772  0.45273546  0.45273546  0.51364145  0.52277024  0.44443315  0.46113281  0.45273546  0.41213271  0.44443315  0.46113281  0.43622374  0.46962739  0.53201407  0.42007548  0.46113281  0.46962739  0.49571772  0.51364145  0.48691745  0.52277024  0.53201407  0.59006527  0.53201407  0.48691745  0.46962739  0.54137585  0.56046562  0.58006544  0.54137585  0.78496805  0.79821914  0.78496805  0.75916300  0.82546172  0.83947200  0.88318352  0.73423487  0.73423487  0.67538618  0.68678432  0.74659306  0.74659306  0.82546172  0.74659306  0.81171398  0.92966544  0.79821914  0.72208142  0.73423487  0.75916300  0.78496805  0.69836235  0.63148607  0.62090957  0.75916300  0.77195207  0.68678432  0.68678432  0.91384197  0.91384197  0.78496805  0.72208142  0.78496805  0.78496805  0.78496805  0.78496805  0.78496805  0.81171398  0.52277024  0.66416243  0.58006544  0.62090957  0.61048338  0.59006527  
99_4_0     0.49571772  0.51364145  0.50462485  0.49571772  0.60020329  0.52277024  0.03695118  0.00000000  0.38119464  0.37365977  0.32297733  0.31601456  0.55085865  0.52277024  0.55085865  0.45273546  0.47822148  0.44443315  0.50462485  0.61048338  0.50462485  0.40427502  0.47822148  0.49571772  0.47822148  0.45273546  0.45273546  0.43622374  0.45273546  0.48691745  0.49571772  0.53201407  0.50462485  0.46962739  0.54137585  0.55085865  0.53201407  0.53201407  0.54137585  0.47822148  0.52277024  0.48691745  0.54137585  0.56046562  0.56046562  0.51364145  0.49571772  0.51364145  0.45273546  0.44443315  0.43622374  0.47822148  0.45273546  0.43622374  0.46113281  0.46962739  0.39650060  0.42810518  0.40427502  0.39650060  0.41213271  0.42810518  0.40427502  0.45273546  0.49571772  0.41213271  0.46962739  0.47822148  0.50462485  0.54137585  0.49571772  0.52277024  0.51364145  0.57020008  0.59006527  0.46962739  0.45273546  0.54137585  0.58006544  0.58006544  0.54137585  0.81171398  0.82546172  0.81171398  0.75916300  0.79821914  0.78496805  0.82546172  0.71012603  0.71012603  0.65310780  0.66416243  0.77195207  0.77195207  0.85375507  0.69836235  0.83947200  0.96237459  0.79821914  0.72208142  0.73423487  0.75916300  0.81171398  0.69836235  0.62090957  0.61048338  0.75916300  0.77195207  0.66416243  0.66416243  0.89835261  0.89835261  0.79821914  0.73423487  0.73423487  0.73423487  0.75916300  0.75916300  0.75916300  0.78496805  0.54137585  0.66416243  0.60020329  0.62090957  0.61048338  0.61048338  
72_4_0     0.49571772  0.46113281  0.45273546  0.44443315  0.51364145  0.45273546  0.38119464  0.38119464  0.00000000  0.02287549  0.23724130  0.25615593  0.50462485  0.49571772  0.46962739  0.38880771  0.38880771  0.39650060  0.42007548  0.49571772  0.47822148  0.39650060  0.39650060  0.56046562  0.58006544  0.56046562  0.60020329  0.54137585  0.51364145  0.49571772  0.47822148  0.48691745  0.46962739  0.50462485  0.49571772  0.48691745  0.50462485  0.56046562  0.57020008  0.41213271  0.42007548  0.38880771  0.42007548  0.52277024  0.45273546  0.60020329  0.61048338  0.67538618  0.39650060  0.43622374  0.41213271  0.47822148  0.51364145  0.52277024  0.49571772  0.49571772  0.48691745  0.47822148  0.46113281  0.47822148  0.48691745  0.45273546  0.42810518  0.47822148  0.48691745  0.46113281  0.55085865  0.54137585  0.57020008  0.46962739  0.42007548  0.44443315  0.54137585  0.46962739  0.54137585  0.52277024  0.52277024  0.52277024  0.47822148  0.54137585  0.55085865  0.73423487  0.74659306  0.73423487  0.73423487  0.77195207  0.72208142  0.73423487  0.77195207  0.77195207  0.69836235  0.66416243  0.82546172  0.82546172  0.74659306  0.75916300  0.75916300  0.74659306  0.66416243  0.60020329  0.64221728  0.75916300  0.75916300  0.64221728  0.81171398  0.78496805  0.73423487  0.72208142  0.71012603  0.72208142  0.83947200  0.82546172  0.75916300  0.59006527  0.67538618  0.68678432  0.71012603  0.73423487  0.73423487  0.71012603  0.61048338  0.63148607  0.57020008  0.66416243  0.61048338  0.65310780  
93_4_0     0.49571772  0.46113281  0.45273546  0.44443315  0.50462485  0.47822148  0.37365977  0.37365977  0.02287549  0.00000000  0.21880211  0.23724130  0.49571772  0.48691745  0.46113281  0.39650060  0.39650060  0.40427502  0.41213271  0.48691745  0.46962739  0.39650060  0.41213271  0.52277024  0.54137585  0.54137585  0.58006544  0.54137585  0.47822148  0.49571772  0.47822148  0.48691745  0.46962739  0.50462485  0.51364145  0.50462485  0.54137585  0.57020008  0.58006544  0.41213271  0.42007548  0.38880771  0.42007548  0.52277024  0.45273546  0.58006544  0.61048338  0.63148607  0.39650060  0.46962739  0.42810518  0.49571772  0.51364145  0.50462485  0.47822148  0.49571772  0.48691745  0.47822148  0.46113281  0.49571772  0.48691745  0.46962739  0.44443315  0.47822148  0.46962739  0.42810518  0.51364145  0.50462485  0.57020008  0.44443315  0.38880771  0.44443315  0.52277024  0.45273546  0.52277024  0.52277024  0.52277024  0.50462485  0.47822148  0.54137585  0.55085865  0.71012603  0.72208142  0.71012603  0.73423487  0.74659306  0.69836235  0.71012603  0.74659306  0.74659306  0.69836235  0.66416243  0.79821914  0.79821914  0.74659306  0.71012603  0.74659306  0.74659306  0.65310780  0.59006527  0.62090957  0.77195207  0.77195207  0.65310780  0.75916300  0.73423487  0.68678432  0.67538618  0.73423487  0.74659306  0.83947200  0.82546172  0.75916300  0.61048338  0.67538618  0.68678432  0.71012603  0.73423487  0.73423487  0.71012603  0.60020329  0.64221728  0.58006544  0.67538618  0.62090957  0.66416243  
76_4_0     0.58006544  0.58006544  0.58006544  0.50462485  0.57020008  0.47822148  0.32297733  0.32297733  0.23724130  0.21880211  0.00000000  0.06102797  0.51364145  0.51364145  0.44443315  0.46962739  0.45273546  0.47822148  0.44443315  0.58006544  0.49571772  0.42007548  0.44443315  0.48691745  0.48691745  0.50462485  0.52277024  0.46962739  0.46113281  0.56046562  0.50462485  0.49571772  0.53201407  0.54137585  0.53201407  0.54137585  0.52277024  0.52277024  0.55085865  0.42810518  0.45273546  0.43622374  0.46962739  0.47822148  0.44443315  0.58006544  0.58006544  0.67538618  0.36620150  0.45273546  0.42810518  0.49571772  0.46113281  0.46962739  0.42007548  0.41213271  0.42810518  0.44443315  0.45273546  0.46962739  0.44443315  0.44443315  0.43622374  0.45273546  0.47822148  0.48691745  0.52277024  0.53201407  0.55085865  0.43622374  0.44443315  0.49571772  0.53201407  0.50462485  0.57020008  0.49571772  0.47822148  0.49571772  0.46962739  0.60020329  0.56046562  0.74659306  0.74659306  0.74659306  0.75916300  0.75916300  0.77195207  0.78496805  0.81171398  0.81171398  0.63148607  0.63148607  0.77195207  0.77195207  0.73423487  0.73423487  0.83947200  0.86832175  0.67538618  0.65310780  0.73423487  0.71012603  0.78496805  0.64221728  0.83947200  0.75916300  0.77195207  0.75916300  0.75916300  0.74659306  0.86832175  0.83947200  0.78496805  0.64221728  0.69836235  0.71012603  0.73423487  0.75916300  0.73423487  0.75916300  0.61048338  0.62090957  0.62090957  0.61048338  0.58006544  0.64221728  
77_4_0     0.54137585  0.55085865  0.54137585  0.46113281  0.58006544  0.46113281  0.31601456  0.31601456  0.25615593  0.23724130  0.06102797  0.00000000  0.52277024  0.49571772  0.46113281  0.45273546  0.43622374  0.46113281  0.42007548  0.57020008  0.50462485  0.46113281  0.46962739  0.52277024  0.50462485  0.50462485  0.52277024  0.46962739  0.47822148  0.54137585  0.51364145  0.46113281  0.49571772  0.53201407  0.53201407  0.54137585  0.52277024  0.56046562  0.59006527  0.45273546  0.48691745  0.48691745  0.52277024  0.51364145  0.47822148  0.54137585  0.58006544  0.63148607  0.41213271  0.47822148  0.45273546  0.52277024  0.46962739  0.47822148  0.42810518  0.42007548  0.42007548  0.42810518  0.44443315  0.46113281  0.48691745  0.48691745  0.46113281  0.48691745  0.51364145  0.47822148  0.51364145  0.50462485  0.53201407  0.46962739  0.47822148  0.49571772  0.53201407  0.52277024  0.57020008  0.51364145  0.51364145  0.50462485  0.47822148  0.58006544  0.56046562  0.75916300  0.77195207  0.78496805  0.78496805  0.77195207  0.77195207  0.78496805  0.72208142  0.72208142  0.63148607  0.64221728  0.72208142  0.72208142  0.74659306  0.72208142  0.82546172  0.81171398  0.62090957  0.68678432  0.79821914  0.72208142  0.74659306  0.68678432  0.79821914  0.72208142  0.77195207  0.78496805  0.75916300  0.74659306  0.89835261  0.86832175  0.73423487  0.67538618  0.71012603  0.67538618  0.69836235  0.72208142  0.69836235  0.72208142  0.63148607  0.65310780  0.64221728  0.65310780  0.62090957  0.71012603  
6_4_0      0.49571772  0.49571772  0.49571772  0.46113281  0.65310780  0.57020008  0.55085865  0.55085865  0.50462485  0.49571772  0.51364145  0.52277024  0.00000000  0.32297733  0.29551420  0.29551420  0.28215878  0.28880610  0.30228420  0.41213271  0.34427112  0.46962739  0.47822148  0.43622374  0.45273546  0.49571772  0.53201407  0.50462485  0.45273546  0.53201407  0.58006544  0.51364145  0.54137585  0.50462485  0.53201407  0.52277024  0.52277024  0.51364145  0.53201407  0.48691745  0.54137585  0.55085865  0.56046562  0.52277024  0.50462485  0.57020008  0.61048338  0.55085865  0.48691745  0.47822148  0.46113281  0.50462485  0.53201407  0.54137585  0.56046562  0.58006544  0.50462485  0.54137585  0.54137585  0.51364145  0.56046562  0.56046562  0.55085865  0.46113281  0.44443315  0.51364145  0.54137585  0.51364145  0.58006544  0.59006527  0.56046562  0.50462485  0.51364145  0.46962739  0.54137585  0.50462485  0.51364145  0.59006527  0.61048338  0.66416243  0.64221728  0.77195207  0.78496805  0.74659306  0.71012603  0.72208142  0.61048338  0.62090957  0.75916300  0.75916300  0.69836235  0.66416243  0.81171398  0.81171398  0.75916300  0.71012603  0.85375507  0.75916300  0.57020008  0.59006527  0.62090957  0.81171398  0.75916300  0.68678432  0.88318352  0.82546172  0.79821914  0.85375507  0.86832175  0.85375507  0.85375507  0.91384197  0.85375507  0.66416243  0.67538618  0.60020329  0.64221728  0.64221728  0.64221728  0.68678432  0.68678432  0.66416243  0.71012603  0.68678432  0.74659306  0.78496805  
43_4_0     0.50462485  0.48691745  0.47822148  0.52277024  0.64221728  0.50462485  0.48691745  0.52277024  0.49571772  0.48691745  0.51364145  0.49571772  0.32297733  0.00000000  0.11169015  0.22489715  0.22489715  0.23104326  0.26904215  0.30228420  0.35150865  0.50462485  0.50462485  0.51364145  0.50462485  0.45273546  0.48691745  0.47822148  0.42007548  0.63148607  0.56046562  0.57020008  0.58006544  0.60020329  0.46962739  0.47822148  0.48691745  0.50462485  0.52277024  0.46962739  0.50462485  0.49571772  0.52277024  0.45273546  0.46962739  0.63148607  0.60020329  0.64221728  0.52277024  0.48691745  0.52277024  0.56046562  0.57020008  0.58006544  0.56046562  0.58006544  0.54137585  0.55085865  0.51364145  0.49571772  0.51364145  0.51364145  0.50462485  0.52277024  0.51364145  0.46113281  0.48691745  0.46113281  0.52277024  0.50462485  0.46113281  0.48691745  0.45273546  0.43622374  0.49571772  0.46962739  0.45273546  0.46113281  0.53201407  0.56046562  0.54137585  0.81171398  0.79821914  0.77195207  0.68678432  0.81171398  0.72208142  0.72208142  0.81171398  0.81171398  0.74659306  0.72208142  0.77195207  0.77195207  0.92966544  0.81171398  0.73423487  0.77195207  0.65310780  0.64221728  0.74659306  0.85375507  0.73423487  0.67538618  0.77195207  0.72208142  0.81171398  0.83947200  0.72208142  0.73423487  0.72208142  0.75916300  0.83947200  0.78496805  0.74659306  0.79821914  0.79821914  0.82546172  0.79821914  0.82546172  0.73423487  0.68678432  0.74659306  0.72208142  0.71012603  0.77195207  
57_4_0     0.55085865  0.56046562  0.55085865  0.51364145  0.64221728  0.51364145  0.55085865  0.55085865  0.46962739  0.46113281  0.44443315  0.46113281  0.29551420  0.11169015  0.00000000  0.21275728  0.21275728  0.23104326  0.24349215  0.31601456  0.28880610  0.45273546  0.42810518  0.48691745  0.48691745  0.45273546  0.48691745  0.46113281  0.43622374  0.58006544  0.55085865  0.55085865  0.60020329  0.60020329  0.51364145  0.52277024  0.51364145  0.50462485  0.53201407  0.43622374  0.46962739  0.46113281  0.48691745  0.42810518  0.46113281  0.65310780  0.59006527  0.66416243  0.46113281  0.48691745  0.45273546  0.56046562  0.57020008  0.58006544  0.50462485  0.52277024  0.50462485  0.56046562  0.50462485  0.49571772  0.51364145  0.49571772  0.48691745  0.51364145  0.48691745  0.46962739  0.49571772  0.45273546  0.47822148  0.55085865  0.50462485  0.49571772  0.54137585  0.50462485  0.54137585  0.45273546  0.44443315  0.46962739  0.49571772  0.55085865  0.55085865  0.75916300  0.74659306  0.74659306  0.66416243  0.82546172  0.68678432  0.68678432  0.82546172  0.82546172  0.71012603  0.68678432  0.82546172  0.82546172  0.86832175  0.78496805  0.78496805  0.68678432  0.66416243  0.60020329  0.72208142  0.94583774  0.83947200  0.68678432  0.79821914  0.74659306  0.81171398  0.86832175  0.77195207  0.75916300  0.81171398  0.85375507  0.85375507  0.71012603  0.71012603  0.71012603  0.71012603  0.75916300  0.73423487  0.73423487  0.69836235  0.71012603  0.73423487  0.69836235  0.66416243  0.74659306  
11_4_0     0.49571772  0.50462485  0.49571772  0.43622374  0.59006527  0.46962739  0.45273546  0.45273546  0.38880771  0.39650060  0.46962739  0.45273546  0.29551420  0.22489715  0.21275728  0.00000000  0.03695118  0.04170374  0.10127396  0.16048467  0.19491602  0.46113281  0.42007548  0.43622374  0.42007548  0.42810518  0.44443315  0.45273546  0.38880771  0.52277024  0.53201407  0.56046562  0.55085865  0.55085865  0.46113281  0.45273546  0.43622374  0.52277024  0.53201407  0.40427502  0.41213271  0.38880771  0.42810518  0.45273546  0.48691745  0.58006544  0.58006544  0.64221728  0.49571772  0.50462485  0.48691745  0.52277024  0.55085865  0.54137585  0.55085865  0.57020008  0.51364145  0.52277024  0.49571772  0.49571772  0.50462485  0.48691745  0.47822148  0.48691745  0.48691745  0.44443315  0.48691745  0.47822148  0.46113281  0.53201407  0.51364145  0.54137585  0.60020329  0.45273546  0.50462485  0.44443315  0.46113281  0.49571772  0.55085865  0.65310780  0.58006544  0.89835261  0.88318352  0.82546172  0.81171398  0.83947200  0.71012603  0.73423487  0.82546172  0.82546172  0.68678432  0.67538618  0.74659306  0.74659306  0.85375507  0.77195207  0.74659306  0.73423487  0.59006527  0.55085865  0.67538618  0.94583774  0.86832175  0.78496805  0.82546172  0.77195207  0.66416243  0.73423487  0.79821914  0.81171398  0.81171398  0.82546172  0.83947200  0.64221728  0.68678432  0.72208142  0.72208142  0.74659306  0.74659306  0.77195207  0.79821914  0.77195207  0.66416243  0.66416243  0.65310780  0.66416243  
19_4_0     0.51364145  0.48691745  0.47822148  0.43622374  0.63148607  0.45273546  0.47822148  0.47822148  0.38880771  0.39650060  0.45273546  0.43622374  0.28215878  0.22489715  0.21275728  0.03695118  0.00000000  0.04170374  0.10127396  0.18325842  0.19491602  0.51364145  0.43622374  0.43622374  0.42007548  0.42810518  0.46113281  0.45273546  0.37365977  0.54137585  0.55085865  0.56046562  0.55085865  0.53201407  0.47822148  0.46962739  0.43622374  0.52277024  0.53201407  0.40427502  0.42810518  0.40427502  0.44443315  0.47822148  0.52277024  0.54137585  0.56046562  0.60020329  0.50462485  0.52277024  0.50462485  0.52277024  0.53201407  0.54137585  0.53201407  0.53201407  0.49571772  0.52277024  0.47822148  0.51364145  0.56046562  0.50462485  0.49571772  0.46962739  0.46962739  0.42810518  0.46962739  0.46113281  0.44443315  0.51364145  0.49571772  0.50462485  0.56046562  0.45273546  0.50462485  0.42810518  0.44443315  0.50462485  0.52277024  0.63148607  0.56046562  0.89835261  0.88318352  0.82546172  0.81171398  0.85375507  0.72208142  0.74659306  0.83947200  0.83947200  0.68678432  0.65310780  0.77195207  0.77195207  0.79821914  0.77195207  0.73423487  0.75916300  0.61048338  0.56046562  0.67538618  1.01434674  0.89835261  0.73423487  0.79821914  0.74659306  0.66416243  0.73423487  0.82546172  0.83947200  0.78496805  0.88318352  0.82546172  0.68678432  0.73423487  0.77195207  0.74659306  0.77195207  0.77195207  0.82546172  0.79821914  0.78496805  0.69836235  0.69836235  0.68678432  0.71012603  
81_4_0     0.54137585  0.52277024  0.51364145  0.46113281  0.64221728  0.49571772  0.44443315  0.44443315  0.39650060  0.40427502  0.47822148  0.46113281  0.28880610  0.23104326  0.23104326  0.04170374  0.04170374  0.00000000  0.10646357  0.18906407  0.20081503  0.48691745  0.46113281  0.44443315  0.42810518  0.42007548  0.45273546  0.46113281  0.38119464  0.53201407  0.54137585  0.57020008  0.56046562  0.54137585  0.46962739  0.46113281  0.46113281  0.55085865  0.54137585  0.42007548  0.45273546  0.42810518  0.46962739  0.50462485  0.53201407  0.57020008  0.59006527  0.62090957  0.56046562  0.53201407  0.51364145  0.51364145  0.58006544  0.57020008  0.58006544  0.60020329  0.54137585  0.51364145  0.50462485  0.50462485  0.51364145  0.49571772  0.48691745  0.51364145  0.51364145  0.45273546  0.47822148  0.48691745  0.46962739  0.52277024  0.48691745  0.56046562  0.59006527  0.49571772  0.53201407  0.45273546  0.46962739  0.52277024  0.56046562  0.64221728  0.55085865  0.91384197  0.89835261  0.83947200  0.82546172  0.89835261  0.75916300  0.78496805  0.88318352  0.88318352  0.72208142  0.68678432  0.83947200  0.83947200  0.83947200  0.75916300  0.77195207  0.79821914  0.66416243  0.62090957  0.73423487  0.86832175  0.77195207  0.77195207  0.83947200  0.78496805  0.67538618  0.74659306  0.89835261  0.91384197  0.85375507  0.86832175  0.86832175  0.67538618  0.67538618  0.71012603  0.71012603  0.73423487  0.75916300  0.75916300  0.77195207  0.77195207  0.69836235  0.72208142  0.71012603  0.69836235  
78_4_0     0.50462485  0.49571772  0.48691745  0.47822148  0.56046562  0.49571772  0.50462485  0.50462485  0.42007548  0.41213271  0.44443315  0.42007548  0.30228420  0.26904215  0.24349215  0.10127396  0.10127396  0.10646357  0.00000000  0.16611217  0.19491602  0.50462485  0.43622374  0.47822148  0.46113281  0.46962739  0.50462485  0.49571772  0.41213271  0.51364145  0.52277024  0.54137585  0.57020008  0.53201407  0.48691745  0.47822148  0.49571772  0.49571772  0.52277024  0.43622374  0.44443315  0.43622374  0.44443315  0.50462485  0.54137585  0.56046562  0.60020329  0.61048338  0.53201407  0.52277024  0.52277024  0.48691745  0.56046562  0.55085865  0.50462485  0.51364145  0.47822148  0.53201407  0.48691745  0.56046562  0.56046562  0.52277024  0.51364145  0.54137585  0.54137585  0.44443315  0.47822148  0.46962739  0.47822148  0.53201407  0.51364145  0.48691745  0.54137585  0.46962739  0.54137585  0.45273546  0.46962739  0.47822148  0.51364145  0.61048338  0.54137585  0.81171398  0.82546172  0.77195207  0.86832175  0.83947200  0.72208142  0.75916300  0.79821914  0.79821914  0.71012603  0.67538618  0.82546172  0.82546172  0.83947200  0.72208142  0.81171398  0.77195207  0.69836235  0.67538618  0.83947200  0.91384197  0.86832175  0.89835261  0.81171398  0.75916300  0.71012603  0.78496805  0.85375507  0.86832175  0.88318352  0.85375507  0.92966544  0.69836235  0.72208142  0.73423487  0.73423487  0.75916300  0.75916300  0.78496805  0.82546172  0.77195207  0.72208142  0.74659306  0.72208142  0.78496805  
5_4_0      0.55085865  0.54137585  0.53201407  0.53201407  0.52277024  0.46113281  0.60020329  0.61048338  0.49571772  0.48691745  0.58006544  0.57020008  0.41213271  0.30228420  0.31601456  0.16048467  0.18325842  0.18906407  0.16611217  0.00000000  0.29551420  0.56046562  0.51364145  0.53201407  0.52277024  0.51364145  0.55085865  0.55085865  0.48691745  0.58006544  0.59006527  0.64221728  0.61048338  0.61048338  0.53201407  0.52277024  0.53201407  0.62090957  0.65310780  0.46962739  0.49571772  0.48691745  0.53201407  0.52277024  0.52277024  0.60020329  0.58006544  0.64221728  0.55085865  0.58006544  0.53201407  0.56046562  0.62090957  0.61048338  0.58006544  0.59006527  0.56046562  0.58006544  0.57020008  0.55085865  0.56046562  0.56046562  0.55085865  0.54137585  0.53201407  0.51364145  0.49571772  0.48691745  0.53201407  0.50462485  0.51364145  0.50462485  0.56046562  0.45273546  0.47822148  0.46962739  0.48691745  0.44443315  0.54137585  0.73423487  0.68678432  0.82546172  0.81171398  0.75916300  0.83947200  0.81171398  0.68678432  0.72208142  0.77195207  0.77195207  0.77195207  0.73423487  0.77195207  0.77195207  0.81171398  0.83947200  0.78496805  0.75916300  0.64221728  0.66416243  0.74659306  0.96237459  0.86832175  0.74659306  0.83947200  0.78496805  0.71012603  0.73423487  0.75916300  0.77195207  0.88318352  0.88318352  0.96237459  0.65310780  0.68678432  0.68678432  0.71012603  0.71012603  0.71012603  0.73423487  0.96237459  0.73423487  0.75916300  0.72208142  0.72208142  0.78496805  
15_4_0     0.61048338  0.57020008  0.57020008  0.52277024  0.64221728  0.56046562  0.54137585  0.50462485  0.47822148  0.46962739  0.49571772  0.50462485  0.34427112  0.35150865  0.28880610  0.19491602  0.19491602  0.20081503  0.19491602  0.29551420  0.00000000  0.55085865  0.54137585  0.51364145  0.51364145  0.50462485  0.54137585  0.53201407  0.47822148  0.56046562  0.60020329  0.53201407  0.53201407  0.58006544  0.55085865  0.54137585  0.50462485  0.49571772  0.54137585  0.43622374  0.42007548  0.39650060  0.43622374  0.57020008  0.58006544  0.53201407  0.59006527  0.57020008  0.52277024  0.52277024  0.53201407  0.64221728  0.61048338  0.62090957  0.55085865  0.58006544  0.51364145  0.56046562  0.53201407  0.59006527  0.61048338  0.60020329  0.59006527  0.52277024  0.52277024  0.52277024  0.53201407  0.54137585  0.55085865  0.62090957  0.54137585  0.50462485  0.61048338  0.51364145  0.54137585  0.51364145  0.51364145  0.54137585  0.56046562  0.72208142  0.68678432  0.77195207  0.78496805  0.71012603  0.77195207  0.78496805  0.74659306  0.77195207  0.79821914  0.79821914  0.60020329  0.58006544  0.88318352  0.88318352  0.88318352  0.73423487  0.77195207  0.81171398  0.62090957  0.60020329  0.68678432  0.81171398  0.79821914  0.78496805  0.81171398  0.78496805  0.77195207  0.79821914  0.86832175  0.85375507  0.94583774  0.89835261  0.97929282  0.75916300  0.68678432  0.72208142  0.74659306  0.77195207  0.77195207  0.77195207  0.78496805  0.75916300  0.72208142  0.68678432  0.69836235  0.81171398  
17_7_0     0.50462485  0.47822148  0.47822148  0.41213271  0.44443315  0.40427502  0.40427502  0.40427502  0.39650060  0.39650060  0.42007548  0.46113281  0.46962739  0.50462485  0.45273546  0.46113281  0.51364145  0.48691745  0.50462485  0.56046562  0.55085865  0.00000000  0.09100359  0.24979671  0.26257075  0.26904215  0.25615593  0.26257075  0.26904215  0.35150865  0.34427112  0.38880771  0.41213271  0.38880771  0.30228420  0.29551420  0.32297733  0.27557115  0.29551420  0.21275728  0.25615593  0.26904215  0.26904215  0.38119464  0.34427112  0.63148607  0.58006544  0.62090957  0.42007548  0.38119464  0.38880771  0.44443315  0.50462485  0.49571772  0.47822148  0.48691745  0.38880771  0.42007548  0.40427502  0.40427502  0.35881830  0.35881830  0.35881830  0.40427502  0.41213271  0.46113281  0.47822148  0.46962739  0.43622374  0.46962739  0.41213271  0.43622374  0.51364145  0.51364145  0.56046562  0.35150865  0.35150865  0.42007548  0.42007548  0.45273546  0.46113281  0.58006544  0.57020008  0.60020329  0.53201407  0.65310780  0.62090957  0.63148607  0.64221728  0.64221728  0.55085865  0.62090957  0.61048338  0.61048338  0.62090957  0.67538618  0.78496805  0.75916300  0.65310780  0.67538618  0.53201407  0.74659306  0.79821914  0.66416243  0.69836235  0.72208142  0.77195207  0.75916300  0.67538618  0.66416243  0.75916300  0.73423487  0.73423487  0.68678432  0.63148607  0.68678432  0.71012603  0.68678432  0.71012603  0.68678432  0.54137585  0.62090957  0.54137585  0.54137585  0.53201407  0.55085865  
17_4_0     0.45273546  0.45273546  0.45273546  0.38880771  0.46113281  0.38119464  0.47822148  0.47822148  0.39650060  0.41213271  0.44443315  0.46962739  0.47822148  0.50462485  0.42810518  0.42007548  0.43622374  0.46113281  0.43622374  0.51364145  0.54137585  0.09100359  0.00000000  0.30228420  0.31601456  0.29551420  0.28215878  0.27557115  0.29551420  0.37365977  0.37365977  0.42810518  0.46113281  0.41213271  0.34427112  0.33710430  0.35881830  0.33000681  0.33710430  0.24349215  0.28215878  0.28215878  0.29551420  0.41213271  0.35881830  0.68678432  0.60020329  0.65310780  0.41213271  0.42810518  0.42810518  0.46113281  0.52277024  0.53201407  0.48691745  0.47822148  0.41213271  0.42810518  0.42810518  0.45273546  0.42810518  0.38119464  0.38119464  0.42810518  0.43622374  0.44443315  0.51364145  0.48691745  0.42007548  0.45273546  0.43622374  0.42810518  0.54137585  0.50462485  0.58006544  0.38119464  0.38119464  0.45273546  0.42007548  0.42007548  0.46113281  0.65310780  0.64221728  0.67538618  0.62090957  0.74659306  0.66416243  0.67538618  0.71012603  0.71012603  0.64221728  0.64221728  0.64221728  0.64221728  0.65310780  0.66416243  0.72208142  0.67538618  0.65310780  0.62090957  0.56046562  0.86832175  0.82546172  0.67538618  0.74659306  0.74659306  0.74659306  0.75916300  0.67538618  0.68678432  0.72208142  0.68678432  0.71012603  0.68678432  0.69836235  0.68678432  0.71012603  0.68678432  0.68678432  0.68678432  0.60020329  0.68678432  0.63148607  0.63148607  0.62090957  0.59006527  
47_4_0     0.56046562  0.54137585  0.54137585  0.46113281  0.58006544  0.53201407  0.51364145  0.49571772  0.56046562  0.52277024  0.48691745  0.52277024  0.43622374  0.51364145  0.48691745  0.43622374  0.43622374  0.44443315  0.47822148  0.53201407  0.51364145  0.24979671  0.30228420  0.00000000  0.01824297  0.13839663  0.13839663  0.14385661  0.10127396  0.43622374  0.44443315  0.48691745  0.49571772  0.51364145  0.38119464  0.38880771  0.35881830  0.36620150  0.35881830  0.26904215  0.29551420  0.30228420  0.29551420  0.52277024  0.46962739  0.60020329  0.57020008  0.65310780  0.57020008  0.60020329  0.56046562  0.63148607  0.65310780  0.66416243  0.52277024  0.55085865  0.50462485  0.56046562  0.53201407  0.48691745  0.49571772  0.46113281  0.47822148  0.46962739  0.42810518  0.49571772  0.48691745  0.46113281  0.46113281  0.46113281  0.48691745  0.57020008  0.48691745  0.53201407  0.60020329  0.44443315  0.45273546  0.48691745  0.50462485  0.60020329  0.63148607  0.68678432  0.67538618  0.65310780  0.57020008  0.72208142  0.65310780  0.64221728  0.67538618  0.67538618  0.64221728  0.65310780  0.73423487  0.73423487  0.71012603  0.72208142  0.86832175  0.92966544  0.79821914  0.77195207  0.64221728  0.79821914  0.75916300  0.85375507  0.83947200  0.83947200  0.68678432  0.69836235  0.83947200  0.82546172  0.88318352  0.91384197  0.91384197  0.71012603  0.78496805  0.83947200  0.81171398  0.78496805  0.81171398  0.78496805  0.56046562  0.64221728  0.63148607  0.72208142  0.73423487  0.62090957  
70_4_0     0.56046562  0.54137585  0.54137585  0.46113281  0.60020329  0.55085865  0.49571772  0.47822148  0.58006544  0.54137585  0.48691745  0.50462485  0.45273546  0.50462485  0.48691745  0.42007548  0.42007548  0.42810518  0.46113281  0.52277024  0.51364145  0.26257075  0.31601456  0.01824297  0.00000000  0.11695424  0.11695424  0.12225637  0.08087502  0.40427502  0.41213271  0.46962739  0.47822148  0.49571772  0.35150865  0.35881830  0.33000681  0.33710430  0.34427112  0.24349215  0.28215878  0.28880610  0.28215878  0.52277024  0.48691745  0.56046562  0.55085865  0.61048338  0.57020008  0.60020329  0.56046562  0.63148607  0.61048338  0.62090957  0.52277024  0.55085865  0.50462485  0.58006544  0.53201407  0.48691745  0.49571772  0.46113281  0.47822148  0.46962739  0.44443315  0.46962739  0.46113281  0.43622374  0.42810518  0.44443315  0.46962739  0.57020008  0.46962739  0.53201407  0.58006544  0.46113281  0.45273546  0.46962739  0.52277024  0.60020329  0.61048338  0.68678432  0.67538618  0.65310780  0.57020008  0.74659306  0.67538618  0.66416243  0.69836235  0.69836235  0.66416243  0.67538618  0.73423487  0.73423487  0.71012603  0.72208142  0.83947200  0.92966544  0.82546172  0.77195207  0.66416243  0.82546172  0.78496805  0.85375507  0.82546172  0.85375507  0.72208142  0.73423487  0.85375507  0.83947200  0.86832175  0.89835261  0.92966544  0.69836235  0.77195207  0.82546172  0.79821914  0.77195207  0.79821914  0.77195207  0.57020008  0.63148607  0.62090957  0.71012603  0.72208142  0.61048338  
12_4_0     0.53201407  0.51364145  0.51364145  0.50462485  0.56046562  0.50462485  0.45273546  0.45273546  0.56046562  0.54137585  0.50462485  0.50462485  0.49571772  0.45273546  0.45273546  0.42810518  0.42810518  0.42007548  0.46962739  0.51364145  0.50462485  0.26904215  0.29551420  0.13839663  0.11695424  0.00000000  0.02287549  0.04170374  0.10127396  0.38880771  0.38119464  0.42007548  0.41213271  0.41213271  0.33710430  0.34427112  0.30228420  0.32297733  0.34427112  0.24979671  0.31601456  0.29551420  0.31601456  0.49571772  0.42007548  0.57020008  0.56046562  0.63148607  0.51364145  0.60020329  0.54137585  0.64221728  0.60020329  0.59006527  0.48691745  0.49571772  0.48691745  0.53201407  0.53201407  0.47822148  0.50462485  0.50462485  0.50462485  0.45273546  0.46113281  0.45273546  0.46113281  0.43622374  0.46962739  0.46113281  0.46113281  0.56046562  0.50462485  0.55085865  0.62090957  0.40427502  0.39650060  0.46113281  0.47822148  0.59006527  0.60020329  0.75916300  0.74659306  0.74659306  0.67538618  0.82546172  0.77195207  0.78496805  0.74659306  0.74659306  0.66416243  0.67538618  0.73423487  0.73423487  0.72208142  0.69836235  0.78496805  0.85375507  0.75916300  0.66416243  0.65310780  0.89835261  0.79821914  0.73423487  0.82546172  0.85375507  0.78496805  0.82546172  0.77195207  0.75916300  0.75916300  0.75916300  0.85375507  0.72208142  0.73423487  0.78496805  0.75916300  0.72208142  0.75916300  0.73423487  0.57020008  0.66416243  0.64221728  0.69836235  0.71012603  0.60020329  
