15
97_0_0     0.00000000  0.00000000  0.00000000  0.09952360  0.07852779  0.07165853  0.13588634  0.21440721  0.21440721  0.20617243  0.18997077  0.19802760  0.18997077  0.18997077  0.20617243  
100_0_0    0.00000000  0.00000000  0.00000000  0.09952360  0.07852779  0.07165853  0.13588634  0.21440721  0.21440721  0.20617243  0.18997077  0.19802760  0.18997077  0.18997077  0.20617243  
95_0_0     0.00000000  0.00000000  0.00000000  0.09952360  0.07852779  0.07165853  0.13588634  0.21440721  0.21440721  0.20617243  0.18997077  0.19802760  0.18997077  0.18997077  0.20617243  
96_0_0     0.09952360  0.09952360  0.09952360  0.00000000  0.09245910  0.08546091  0.15858679  0.17411368  0.18997077  0.18200007  0.18200007  0.17411368  0.18200007  0.18200007  0.16630982  
99_0_0     0.07852779  0.07852779  0.07852779  0.09245910  0.00000000  0.00623719  0.15094293  0.20617243  0.20617243  0.19802760  0.20617243  0.21440721  0.19802760  0.19802760  0.18997077  
93_0_0     0.07165853  0.07165853  0.07165853  0.08546091  0.00623719  0.00000000  0.14337663  0.20617243  0.20617243  0.19802760  0.20617243  0.21440721  0.19802760  0.19802760  0.18997077  
92_2_0     0.13588634  0.13588634  0.13588634  0.15858679  0.15094293  0.14337663  0.00000000  0.18200007  0.18997077  0.18200007  0.13588634  0.13588634  0.18200007  0.18200007  0.15858679  
97_4_0     0.21440721  0.21440721  0.21440721  0.17411368  0.20617243  0.20617243  0.18200007  0.00000000  0.01887032  0.01887032  0.14337663  0.14337663  0.17411368  0.17411368  0.13588634  
95_4_0     0.21440721  0.21440721  0.21440721  0.18997077  0.20617243  0.20617243  0.18997077  0.01887032  0.00000000  0.01252700  0.16630982  0.16630982  0.18200007  0.18200007  0.12847055  
100_4_0    0.20617243  0.20617243  0.20617243  0.18200007  0.19802760  0.19802760  0.18200007  0.01887032  0.01252700  0.00000000  0.16630982  0.16630982  0.18200007  0.18200007  0.14337663  
93_5_0     0.18997077  0.18997077  0.18997077  0.18200007  0.20617243  0.20617243  0.13588634  0.14337663  0.16630982  0.16630982  0.00000000  0.01252700  0.09952360  0.09952360  0.11385661  
99_5_0     0.19802760  0.19802760  0.19802760  0.17411368  0.21440721  0.21440721  0.13588634  0.14337663  0.16630982  0.16630982  0.01252700  0.00000000  0.10665567  0.10665567  0.09952360  
93_3_0     0.18997077  0.18997077  0.18997077  0.18200007  0.19802760  0.19802760  0.18200007  0.17411368  0.18200007  0.18200007  0.09952360  0.10665567  0.00000000  0.00000000  0.09245910  
99_3_0     0.18997077  0.18997077  0.18997077  0.18200007  0.19802760  0.19802760  0.18200007  0.17411368  0.18200007  0.18200007  0.09952360  0.10665567  0.00000000  0.00000000  0.09245910  
92_3_0     0.20617243  0.20617243  0.20617243  0.16630982  0.18997077  0.18997077  0.15858679  0.13588634  0.12847055  0.14337663  0.11385661  0.09952360  0.09245910  0.09245910  0.00000000  

