154
58_0_0     0.00000000  0.26580735  0.39228422  0.46466447  0.43668674  0.41860516  0.28793519  0.31074434  0.36686639  0.35858395  0.35039307  0.30306300  0.40095438  0.40972721  0.43668674  0.42759079  0.44589576  0.40972721  0.40972721  0.64692448  0.61132831  0.61132831  0.50369152  0.58851352  0.53437308  0.53437308  0.32635014  0.32635014  0.30306300  0.30306300  0.44589576  0.48392104  0.49374034  0.36686639  0.37524248  0.37524248  0.40095438  0.34229175  0.33427807  0.35039307  0.50369152  0.50369152  0.45522068  0.45522068  0.36686639  0.36686639  0.38371435  0.42759079  0.57736429  0.57736429  0.55555689  0.48392104  0.48392104  0.46466447  0.47423020  0.67164238  0.65918035  0.69721349  0.75116622  0.62300470  0.62300470  0.61132831  0.61132831  0.63486806  0.63486806  0.63486806  0.42759079  0.35858395  0.48392104  0.47423020  0.48392104  0.59983310  0.53437308  0.59983310  0.59983310  0.59983310  0.46466447  0.54488928  0.46466447  0.42759079  0.46466447  0.51377818  0.45522068  0.48392104  0.56638036  0.57736429  0.57736429  0.54488928  0.49374034  0.48392104  0.45522068  0.44589576  0.46466447  0.45522068  0.42759079  0.37524248  0.36686639  0.39228422  0.36686639  0.30306300  0.31850615  0.45522068  0.42759079  0.47423020  0.47423020  0.48392104  0.55555689  0.53437308  0.54488928  0.49374034  0.57736429  0.58851352  0.58851352  0.54488928  0.54488928  0.49374034  0.48392104  0.49374034  0.51377818  0.47423020  0.45522068  0.48392104  0.48392104  0.49374034  0.45522068  0.59983310  0.50369152  0.57736429  0.57736429  0.50369152  0.56638036  0.49374034  0.53437308  0.56638036  0.53437308  0.51377818  0.51377818  0.50369152  0.49374034  0.50369152  0.51377818  0.47423020  0.50369152  0.48392104  0.49374034  0.44589576  0.43668674  0.42759079  0.38371435  0.39228422  0.38371435  0.38371435  0.36686639  0.36686639  
94_0_0     0.26580735  0.00000000  0.51377818  0.52400407  0.50369152  0.50369152  0.37524248  0.40972721  0.44589576  0.36686639  0.36686639  0.39228422  0.44589576  0.46466447  0.49374034  0.49374034  0.54488928  0.46466447  0.53437308  0.58851352  0.63486806  0.63486806  0.58851352  0.61132831  0.55555689  0.59983310  0.47423020  0.47423020  0.48392104  0.48392104  0.40972721  0.53437308  0.54488928  0.42759079  0.43668674  0.45522068  0.48392104  0.39228422  0.40095438  0.37524248  0.41860516  0.41860516  0.40972721  0.42759079  0.39228422  0.39228422  0.39228422  0.44589576  0.52400407  0.57736429  0.48392104  0.62300470  0.62300470  0.49374034  0.50369152  0.72369884  0.71033782  0.72369884  0.71033782  0.72369884  0.73730524  0.71033782  0.71033782  0.68431762  0.67164238  0.58851352  0.47423020  0.44589576  0.54488928  0.55555689  0.50369152  0.61132831  0.59983310  0.58851352  0.58851352  0.58851352  0.54488928  0.62300470  0.54488928  0.54488928  0.53437308  0.57736429  0.53437308  0.55555689  0.58851352  0.59983310  0.57736429  0.54488928  0.51377818  0.55555689  0.55555689  0.56638036  0.56638036  0.54488928  0.51377818  0.53437308  0.52400407  0.57736429  0.54488928  0.47423020  0.50369152  0.59983310  0.56638036  0.63486806  0.58851352  0.58851352  0.62300470  0.63486806  0.64692448  0.62300470  0.58851352  0.61132831  0.62300470  0.58851352  0.51377818  0.55555689  0.52400407  0.58851352  0.67164238  0.56638036  0.54488928  0.53437308  0.54488928  0.54488928  0.50369152  0.62300470  0.68431762  0.71033782  0.69721349  0.71033782  0.73730524  0.71033782  0.71033782  0.69721349  0.64692448  0.62300470  0.63486806  0.62300470  0.65918035  0.67164238  0.56638036  0.53437308  0.56638036  0.51377818  0.50369152  0.44589576  0.43668674  0.42759079  0.49374034  0.48392104  0.47423020  0.47423020  0.47423020  0.49374034  
50_0_0     0.39228422  0.51377818  0.00000000  0.14534906  0.04715458  0.04176450  0.29546048  0.25857587  0.28793519  0.32635014  0.35039307  0.35039307  0.47423020  0.54488928  0.45522068  0.46466447  0.41860516  0.47423020  0.40972721  0.53437308  0.59983310  0.59983310  0.53437308  0.51377818  0.50369152  0.52400407  0.40972721  0.40972721  0.42759079  0.42759079  0.48392104  0.57736429  0.58851352  0.54488928  0.55555689  0.42759079  0.43668674  0.51377818  0.51377818  0.45522068  0.63486806  0.65918035  0.65918035  0.69721349  0.55555689  0.55555689  0.49374034  0.53437308  0.59983310  0.58851352  0.57736429  0.56638036  0.56638036  0.56638036  0.57736429  0.51377818  0.50369152  0.61132831  0.64692448  0.47423020  0.48392104  0.49374034  0.49374034  0.54488928  0.52400407  0.58851352  0.46466447  0.43668674  0.55555689  0.56638036  0.48392104  0.57736429  0.63486806  0.53437308  0.53437308  0.53437308  0.48392104  0.58851352  0.57736429  0.49374034  0.58851352  0.56638036  0.59983310  0.63486806  0.61132831  0.62300470  0.62300470  0.61132831  0.58851352  0.54488928  0.53437308  0.50369152  0.52400407  0.52400407  0.48392104  0.40972721  0.45522068  0.51377818  0.51377818  0.45522068  0.43668674  0.55555689  0.58851352  0.55555689  0.52400407  0.58851352  0.61132831  0.73730524  0.58851352  0.59983310  0.51377818  0.58851352  0.54488928  0.61132831  0.49374034  0.50369152  0.63486806  0.54488928  0.55555689  0.50369152  0.48392104  0.65918035  0.62300470  0.64692448  0.61132831  0.62300470  0.56638036  0.65918035  0.59983310  0.58851352  0.69721349  0.59983310  0.63486806  0.59983310  0.65918035  0.54488928  0.57736429  0.59983310  0.53437308  0.54488928  0.50369152  0.44589576  0.55555689  0.53437308  0.46466447  0.43668674  0.48392104  0.47423020  0.45522068  0.46466447  0.47423020  0.47423020  0.49374034  0.47423020  
71_0_0     0.46466447  0.52400407  0.14534906  0.00000000  0.13919825  0.13309808  0.33427807  0.36686639  0.38371435  0.40095438  0.38371435  0.35858395  0.48392104  0.52400407  0.42759079  0.43668674  0.46466447  0.49374034  0.46466447  0.59983310  0.61132831  0.61132831  0.58851352  0.57736429  0.55555689  0.54488928  0.46466447  0.46466447  0.42759079  0.42759079  0.49374034  0.61132831  0.62300470  0.48392104  0.49374034  0.42759079  0.41860516  0.49374034  0.49374034  0.40095438  0.61132831  0.62300470  0.64692448  0.68431762  0.54488928  0.54488928  0.58851352  0.62300470  0.58851352  0.62300470  0.58851352  0.65918035  0.65918035  0.61132831  0.62300470  0.57736429  0.56638036  0.71033782  0.69721349  0.54488928  0.55555689  0.57736429  0.57736429  0.53437308  0.53437308  0.58851352  0.44589576  0.46466447  0.56638036  0.56638036  0.49374034  0.54488928  0.58851352  0.54488928  0.54488928  0.54488928  0.51377818  0.64692448  0.57736429  0.53437308  0.49374034  0.52400407  0.54488928  0.53437308  0.62300470  0.61132831  0.63486806  0.67164238  0.51377818  0.54488928  0.54488928  0.53437308  0.53437308  0.50369152  0.52400407  0.48392104  0.51377818  0.48392104  0.48392104  0.44589576  0.42759079  0.59983310  0.69721349  0.64692448  0.62300470  0.59983310  0.59983310  0.75116622  0.54488928  0.55555689  0.53437308  0.61132831  0.54488928  0.61132831  0.48392104  0.48392104  0.64692448  0.57736429  0.55555689  0.51377818  0.49374034  0.61132831  0.61132831  0.61132831  0.59983310  0.72369884  0.62300470  0.65918035  0.62300470  0.65918035  0.79437652  0.69721349  0.65918035  0.64692448  0.65918035  0.62300470  0.68431762  0.65918035  0.61132831  0.62300470  0.53437308  0.53437308  0.56638036  0.56638036  0.51377818  0.40095438  0.42759079  0.42759079  0.48392104  0.49374034  0.48392104  0.48392104  0.48392104  0.50369152  
42_0_0     0.43668674  0.50369152  0.04715458  0.13919825  0.00000000  0.02582565  0.28793519  0.26580735  0.31074434  0.33427807  0.31850615  0.37524248  0.49374034  0.51377818  0.43668674  0.44589576  0.42759079  0.47423020  0.42759079  0.57736429  0.64692448  0.64692448  0.55555689  0.53437308  0.52400407  0.54488928  0.40095438  0.40095438  0.41860516  0.41860516  0.50369152  0.61132831  0.62300470  0.54488928  0.55555689  0.44589576  0.43668674  0.49374034  0.49374034  0.40972721  0.56638036  0.57736429  0.59983310  0.63486806  0.50369152  0.50369152  0.48392104  0.52400407  0.57736429  0.55555689  0.54488928  0.55555689  0.55555689  0.56638036  0.57736429  0.51377818  0.50369152  0.59983310  0.63486806  0.47423020  0.48392104  0.49374034  0.49374034  0.50369152  0.48392104  0.58851352  0.49374034  0.44589576  0.52400407  0.51377818  0.49374034  0.54488928  0.59983310  0.52400407  0.52400407  0.52400407  0.51377818  0.59983310  0.56638036  0.52400407  0.54488928  0.54488928  0.57736429  0.58851352  0.63486806  0.64692448  0.64692448  0.59983310  0.53437308  0.53437308  0.54488928  0.51377818  0.53437308  0.53437308  0.51377818  0.43668674  0.48392104  0.50369152  0.49374034  0.44589576  0.44589576  0.54488928  0.64692448  0.61132831  0.57736429  0.62300470  0.64692448  0.72369884  0.62300470  0.61132831  0.54488928  0.64692448  0.57736429  0.64692448  0.51377818  0.55555689  0.64692448  0.58851352  0.54488928  0.53437308  0.53437308  0.69721349  0.68431762  0.68431762  0.64692448  0.63486806  0.57736429  0.64692448  0.56638036  0.57736429  0.71033782  0.61132831  0.67164238  0.61132831  0.69721349  0.57736429  0.58851352  0.58851352  0.54488928  0.55555689  0.51377818  0.45522068  0.56638036  0.54488928  0.45522068  0.37524248  0.43668674  0.42759079  0.46466447  0.47423020  0.48392104  0.48392104  0.50369152  0.48392104  
17_0_0     0.41860516  0.50369152  0.04176450  0.13309808  0.02582565  0.00000000  0.27311011  0.25141429  0.29546048  0.31850615  0.32635014  0.35858395  0.47423020  0.48392104  0.43668674  0.44589576  0.43668674  0.49374034  0.44589576  0.55555689  0.62300470  0.62300470  0.55555689  0.51377818  0.50369152  0.54488928  0.38371435  0.38371435  0.38371435  0.38371435  0.49374034  0.62300470  0.63486806  0.53437308  0.54488928  0.43668674  0.44589576  0.50369152  0.50369152  0.40972721  0.57736429  0.59983310  0.59983310  0.63486806  0.54488928  0.54488928  0.50369152  0.54488928  0.58851352  0.57736429  0.56638036  0.57736429  0.57736429  0.56638036  0.57736429  0.51377818  0.50369152  0.62300470  0.65918035  0.49374034  0.50369152  0.49374034  0.49374034  0.50369152  0.48392104  0.58851352  0.47423020  0.42759079  0.54488928  0.53437308  0.47423020  0.54488928  0.59983310  0.52400407  0.52400407  0.52400407  0.50369152  0.61132831  0.53437308  0.49374034  0.56638036  0.54488928  0.57736429  0.61132831  0.61132831  0.62300470  0.62300470  0.57736429  0.54488928  0.53437308  0.52400407  0.49374034  0.51377818  0.51377818  0.47423020  0.43668674  0.48392104  0.50369152  0.49374034  0.44589576  0.44589576  0.54488928  0.64692448  0.61132831  0.57736429  0.62300470  0.64692448  0.75116622  0.62300470  0.61132831  0.54488928  0.64692448  0.57736429  0.64692448  0.52400407  0.53437308  0.64692448  0.57736429  0.56638036  0.53437308  0.51377818  0.67164238  0.65918035  0.65918035  0.62300470  0.61132831  0.55555689  0.59983310  0.54488928  0.55555689  0.68431762  0.56638036  0.64692448  0.61132831  0.67164238  0.55555689  0.56638036  0.58851352  0.52400407  0.53437308  0.50369152  0.44589576  0.53437308  0.51377818  0.45522068  0.37524248  0.43668674  0.42759079  0.44589576  0.45522068  0.46466447  0.46466447  0.48392104  0.46466447  
15_0_0     0.28793519  0.37524248  0.29546048  0.33427807  0.28793519  0.27311011  0.00000000  0.08034544  0.12704773  0.20313273  0.23033578  0.15780603  0.28048557  0.40095438  0.31074434  0.31850615  0.32635014  0.38371435  0.40972721  0.55555689  0.53437308  0.53437308  0.44589576  0.44589576  0.35039307  0.40095438  0.26580735  0.26580735  0.27311011  0.27311011  0.41860516  0.56638036  0.57736429  0.42759079  0.43668674  0.41860516  0.39228422  0.42759079  0.40095438  0.29546048  0.45522068  0.47423020  0.40095438  0.40095438  0.42759079  0.42759079  0.39228422  0.44589576  0.44589576  0.56638036  0.54488928  0.54488928  0.54488928  0.52400407  0.51377818  0.59983310  0.58851352  0.63486806  0.65918035  0.63486806  0.63486806  0.57736429  0.57736429  0.62300470  0.62300470  0.68431762  0.38371435  0.35858395  0.46466447  0.45522068  0.40095438  0.56638036  0.55555689  0.49374034  0.49374034  0.49374034  0.40972721  0.58851352  0.44589576  0.40095438  0.45522068  0.48392104  0.49374034  0.49374034  0.57736429  0.58851352  0.56638036  0.59983310  0.46466447  0.47423020  0.49374034  0.48392104  0.50369152  0.48392104  0.47423020  0.40095438  0.39228422  0.41860516  0.46466447  0.37524248  0.40095438  0.42759079  0.57736429  0.56638036  0.59983310  0.56638036  0.58851352  0.61132831  0.53437308  0.61132831  0.53437308  0.52400407  0.53437308  0.52400407  0.48392104  0.46466447  0.61132831  0.58851352  0.49374034  0.43668674  0.43668674  0.49374034  0.52400407  0.50369152  0.46466447  0.57736429  0.57736429  0.51377818  0.52400407  0.57736429  0.62300470  0.53437308  0.67164238  0.75116622  0.65918035  0.61132831  0.57736429  0.58851352  0.48392104  0.47423020  0.51377818  0.47423020  0.47423020  0.47423020  0.43668674  0.33427807  0.35858395  0.36686639  0.43668674  0.44589576  0.45522068  0.45522068  0.43668674  0.41860516  
74_0_0     0.31074434  0.40972721  0.25857587  0.36686639  0.26580735  0.25141429  0.08034544  0.00000000  0.10918761  0.15780603  0.19648522  0.18989682  0.34229175  0.42759079  0.31850615  0.32635014  0.38371435  0.36686639  0.39228422  0.52400407  0.52400407  0.52400407  0.47423020  0.43668674  0.44589576  0.46466447  0.25141429  0.25141429  0.28048557  0.28048557  0.40095438  0.51377818  0.52400407  0.49374034  0.50369152  0.42759079  0.43668674  0.45522068  0.42759079  0.31074434  0.49374034  0.53437308  0.45522068  0.45522068  0.41860516  0.41860516  0.38371435  0.40095438  0.51377818  0.56638036  0.56638036  0.53437308  0.53437308  0.54488928  0.53437308  0.61132831  0.59983310  0.59983310  0.62300470  0.62300470  0.62300470  0.54488928  0.54488928  0.63486806  0.63486806  0.75116622  0.45522068  0.41860516  0.50369152  0.53437308  0.41860516  0.52400407  0.55555689  0.45522068  0.45522068  0.45522068  0.45522068  0.58851352  0.47423020  0.43668674  0.49374034  0.46466447  0.55555689  0.53437308  0.58851352  0.62300470  0.57736429  0.58851352  0.52400407  0.51377818  0.52400407  0.51377818  0.53437308  0.48392104  0.49374034  0.36686639  0.39228422  0.47423020  0.51377818  0.42759079  0.41860516  0.49374034  0.61132831  0.59983310  0.61132831  0.58851352  0.61132831  0.62300470  0.62300470  0.58851352  0.55555689  0.56638036  0.57736429  0.63486806  0.54488928  0.53437308  0.62300470  0.54488928  0.51377818  0.49374034  0.49374034  0.51377818  0.52400407  0.50369152  0.48392104  0.65918035  0.54488928  0.54488928  0.51377818  0.56638036  0.64692448  0.52400407  0.65918035  0.68431762  0.68431762  0.53437308  0.54488928  0.55555689  0.49374034  0.48392104  0.57736429  0.51377818  0.51377818  0.55555689  0.42759079  0.40095438  0.42759079  0.43668674  0.45522068  0.46466447  0.47423020  0.47423020  0.47423020  0.45522068  
80_0_0     0.36686639  0.44589576  0.28793519  0.38371435  0.31074434  0.29546048  0.12704773  0.10918761  0.00000000  0.17689323  0.19648522  0.20984043  0.36686639  0.40972721  0.36686639  0.37524248  0.33427807  0.33427807  0.34229175  0.52400407  0.52400407  0.52400407  0.41860516  0.41860516  0.42759079  0.46466447  0.25857587  0.25857587  0.28048557  0.28048557  0.42759079  0.42759079  0.43668674  0.51377818  0.52400407  0.42759079  0.45522068  0.43668674  0.40972721  0.31074434  0.48392104  0.52400407  0.43668674  0.46466447  0.41860516  0.41860516  0.40095438  0.40095438  0.48392104  0.58851352  0.55555689  0.59983310  0.59983310  0.59983310  0.56638036  0.59983310  0.61132831  0.53437308  0.57736429  0.61132831  0.62300470  0.53437308  0.53437308  0.67164238  0.67164238  0.77969128  0.41860516  0.40095438  0.50369152  0.53437308  0.45522068  0.47423020  0.50369152  0.48392104  0.48392104  0.48392104  0.42759079  0.61132831  0.43668674  0.40972721  0.51377818  0.55555689  0.46466447  0.47423020  0.50369152  0.53437308  0.49374034  0.61132831  0.50369152  0.53437308  0.54488928  0.53437308  0.55555689  0.50369152  0.50369152  0.42759079  0.43668674  0.53437308  0.51377818  0.44589576  0.47423020  0.49374034  0.58851352  0.59983310  0.65918035  0.55555689  0.59983310  0.61132831  0.63486806  0.62300470  0.58851352  0.64692448  0.63486806  0.62300470  0.52400407  0.50369152  0.59983310  0.57736429  0.52400407  0.50369152  0.50369152  0.54488928  0.53437308  0.51377818  0.49374034  0.64692448  0.55555689  0.55555689  0.54488928  0.57736429  0.58851352  0.53437308  0.67164238  0.75116622  0.69721349  0.50369152  0.51377818  0.52400407  0.48392104  0.47423020  0.55555689  0.47423020  0.49374034  0.49374034  0.43668674  0.40972721  0.41860516  0.42759079  0.46466447  0.47423020  0.48392104  0.48392104  0.48392104  0.46466447  
66_0_0     0.35858395  0.36686639  0.32635014  0.40095438  0.33427807  0.31850615  0.20313273  0.15780603  0.17689323  0.00000000  0.06356416  0.25857587  0.32635014  0.38371435  0.36686639  0.35858395  0.40972721  0.39228422  0.41860516  0.51377818  0.55555689  0.55555689  0.49374034  0.45522068  0.50369152  0.54488928  0.34229175  0.34229175  0.35858395  0.35858395  0.37524248  0.47423020  0.46466447  0.50369152  0.51377818  0.48392104  0.49374034  0.43668674  0.44589576  0.40095438  0.49374034  0.53437308  0.45522068  0.47423020  0.41860516  0.41860516  0.43668674  0.43668674  0.58851352  0.57736429  0.54488928  0.56638036  0.56638036  0.58851352  0.57736429  0.63486806  0.62300470  0.61132831  0.68431762  0.68431762  0.69721349  0.63486806  0.63486806  0.72369884  0.69721349  0.69721349  0.50369152  0.44589576  0.58851352  0.59983310  0.51377818  0.61132831  0.65918035  0.56638036  0.56638036  0.56638036  0.50369152  0.55555689  0.46466447  0.42759079  0.58851352  0.54488928  0.56638036  0.56638036  0.54488928  0.57736429  0.53437308  0.56638036  0.52400407  0.54488928  0.50369152  0.51377818  0.51377818  0.48392104  0.51377818  0.48392104  0.47423020  0.50369152  0.51377818  0.41860516  0.45522068  0.48392104  0.57736429  0.58851352  0.59983310  0.58851352  0.65918035  0.57736429  0.63486806  0.63486806  0.58851352  0.58851352  0.62300470  0.64692448  0.54488928  0.52400407  0.62300470  0.61132831  0.58851352  0.50369152  0.50369152  0.51377818  0.52400407  0.50369152  0.47423020  0.65918035  0.55555689  0.55555689  0.56638036  0.59983310  0.64692448  0.57736429  0.68431762  0.68431762  0.64692448  0.56638036  0.55555689  0.55555689  0.51377818  0.50369152  0.55555689  0.51377818  0.53437308  0.51377818  0.44589576  0.40972721  0.45522068  0.44589576  0.47423020  0.48392104  0.47423020  0.47423020  0.47423020  0.47423020  
68_0_0     0.35039307  0.36686639  0.35039307  0.38371435  0.31850615  0.32635014  0.23033578  0.19648522  0.19648522  0.06356416  0.00000000  0.29546048  0.36686639  0.38371435  0.39228422  0.38371435  0.43668674  0.40095438  0.46466447  0.47423020  0.51377818  0.51377818  0.48392104  0.50369152  0.49374034  0.53437308  0.35858395  0.35858395  0.37524248  0.37524248  0.41860516  0.47423020  0.46466447  0.50369152  0.51377818  0.53437308  0.54488928  0.40972721  0.41860516  0.43668674  0.42759079  0.45522068  0.44589576  0.47423020  0.38371435  0.38371435  0.45522068  0.43668674  0.55555689  0.55555689  0.52400407  0.54488928  0.54488928  0.58851352  0.55555689  0.63486806  0.64692448  0.62300470  0.69721349  0.64692448  0.65918035  0.63486806  0.63486806  0.71033782  0.68431762  0.76529147  0.49374034  0.43668674  0.57736429  0.56638036  0.49374034  0.57736429  0.64692448  0.55555689  0.55555689  0.55555689  0.51377818  0.57736429  0.45522068  0.43668674  0.53437308  0.52400407  0.53437308  0.51377818  0.55555689  0.58851352  0.54488928  0.59983310  0.49374034  0.53437308  0.50369152  0.51377818  0.51377818  0.50369152  0.52400407  0.46466447  0.45522068  0.49374034  0.44589576  0.37524248  0.41860516  0.47423020  0.58851352  0.58851352  0.59983310  0.55555689  0.62300470  0.59983310  0.65918035  0.59983310  0.55555689  0.57736429  0.58851352  0.58851352  0.55555689  0.55555689  0.62300470  0.61132831  0.62300470  0.53437308  0.51377818  0.55555689  0.56638036  0.54488928  0.51377818  0.65918035  0.59983310  0.59983310  0.56638036  0.62300470  0.67164238  0.59983310  0.79437652  0.72369884  0.72369884  0.59983310  0.61132831  0.57736429  0.57736429  0.56638036  0.58851352  0.54488928  0.56638036  0.54488928  0.50369152  0.44589576  0.51377818  0.50369152  0.52400407  0.53437308  0.52400407  0.52400407  0.52400407  0.52400407  
19_0_0     0.30306300  0.39228422  0.35039307  0.35858395  0.37524248  0.35858395  0.15780603  0.18989682  0.20984043  0.25857587  0.29546048  0.00000000  0.33427807  0.48392104  0.37524248  0.38371435  0.31850615  0.44589576  0.43668674  0.49374034  0.47423020  0.47423020  0.47423020  0.47423020  0.46466447  0.46466447  0.29546048  0.29546048  0.30306300  0.30306300  0.40972721  0.53437308  0.54488928  0.46466447  0.47423020  0.41860516  0.42759079  0.45522068  0.44589576  0.35858395  0.49374034  0.53437308  0.49374034  0.49374034  0.49374034  0.49374034  0.45522068  0.44589576  0.48392104  0.56638036  0.55555689  0.59983310  0.59983310  0.54488928  0.53437308  0.65918035  0.64692448  0.67164238  0.73730524  0.59983310  0.61132831  0.63486806  0.63486806  0.61132831  0.63486806  0.75116622  0.44589576  0.40095438  0.53437308  0.54488928  0.39228422  0.55555689  0.58851352  0.52400407  0.52400407  0.52400407  0.46466447  0.62300470  0.52400407  0.44589576  0.46466447  0.51377818  0.48392104  0.46466447  0.58851352  0.59983310  0.57736429  0.58851352  0.47423020  0.52400407  0.55555689  0.52400407  0.54488928  0.50369152  0.56638036  0.40972721  0.40095438  0.46466447  0.54488928  0.43668674  0.44589576  0.59983310  0.54488928  0.52400407  0.55555689  0.50369152  0.52400407  0.58851352  0.53437308  0.54488928  0.53437308  0.54488928  0.53437308  0.56638036  0.46466447  0.40972721  0.56638036  0.47423020  0.45522068  0.43668674  0.43668674  0.50369152  0.52400407  0.49374034  0.51377818  0.62300470  0.55555689  0.55555689  0.58851352  0.57736429  0.62300470  0.51377818  0.62300470  0.71033782  0.64692448  0.58851352  0.57736429  0.56638036  0.50369152  0.49374034  0.51377818  0.48392104  0.48392104  0.46466447  0.42759079  0.35858395  0.38371435  0.39228422  0.40095438  0.40972721  0.40095438  0.40095438  0.41860516  0.40095438  
39_9_0     0.40095438  0.44589576  0.47423020  0.48392104  0.49374034  0.47423020  0.28048557  0.34229175  0.36686639  0.32635014  0.36686639  0.33427807  0.00000000  0.17689323  0.26580735  0.25857587  0.26580735  0.33427807  0.37524248  0.63486806  0.59983310  0.59983310  0.58851352  0.52400407  0.61132831  0.59983310  0.32635014  0.32635014  0.34229175  0.34229175  0.51377818  0.59983310  0.61132831  0.53437308  0.52400407  0.49374034  0.54488928  0.45522068  0.46466447  0.50369152  0.52400407  0.55555689  0.51377818  0.49374034  0.49374034  0.49374034  0.48392104  0.51377818  0.58851352  0.67164238  0.61132831  0.62300470  0.62300470  0.53437308  0.56638036  0.75116622  0.73730524  0.75116622  0.84026394  0.73730524  0.73730524  0.72369884  0.72369884  0.77969128  0.75116622  0.75116622  0.46466447  0.49374034  0.67164238  0.63486806  0.55555689  0.77969128  0.72369884  0.68431762  0.68431762  0.68431762  0.51377818  0.69721349  0.56638036  0.53437308  0.58851352  0.59983310  0.64692448  0.68431762  0.64692448  0.65918035  0.65918035  0.69721349  0.62300470  0.54488928  0.59983310  0.61132831  0.61132831  0.58851352  0.54488928  0.53437308  0.52400407  0.55555689  0.58851352  0.53437308  0.47423020  0.44589576  0.55555689  0.51377818  0.56638036  0.55555689  0.59983310  0.64692448  0.61132831  0.64692448  0.64692448  0.73730524  0.69721349  0.61132831  0.54488928  0.55555689  0.71033782  0.71033782  0.59983310  0.59983310  0.59983310  0.57736429  0.59983310  0.58851352  0.57736429  0.67164238  0.67164238  0.64692448  0.68431762  0.64692448  0.71033782  0.62300470  0.77969128  0.80935874  0.73730524  0.73730524  0.71033782  0.69721349  0.59983310  0.61132831  0.47423020  0.47423020  0.50369152  0.50369152  0.57736429  0.51377818  0.52400407  0.53437308  0.63486806  0.62300470  0.63486806  0.63486806  0.61132831  0.61132831  
72_9_0     0.40972721  0.46466447  0.54488928  0.52400407  0.51377818  0.48392104  0.40095438  0.42759079  0.40972721  0.38371435  0.38371435  0.48392104  0.17689323  0.00000000  0.30306300  0.29546048  0.39228422  0.42759079  0.45522068  0.65918035  0.67164238  0.67164238  0.53437308  0.56638036  0.63486806  0.63486806  0.37524248  0.37524248  0.37524248  0.37524248  0.52400407  0.59983310  0.61132831  0.49374034  0.48392104  0.53437308  0.56638036  0.43668674  0.46466447  0.48392104  0.53437308  0.55555689  0.50369152  0.50369152  0.50369152  0.50369152  0.53437308  0.57736429  0.64692448  0.63486806  0.58851352  0.62300470  0.62300470  0.55555689  0.56638036  0.71033782  0.72369884  0.79437652  0.88918226  0.75116622  0.75116622  0.68431762  0.68431762  0.73730524  0.71033782  0.87251468  0.59983310  0.56638036  0.73730524  0.69721349  0.71033782  0.72369884  0.67164238  0.71033782  0.71033782  0.71033782  0.56638036  0.68431762  0.52400407  0.51377818  0.65918035  0.64692448  0.64692448  0.72369884  0.55555689  0.56638036  0.56638036  0.64692448  0.62300470  0.57736429  0.63486806  0.64692448  0.64692448  0.61132831  0.59983310  0.69721349  0.68431762  0.62300470  0.61132831  0.59983310  0.55555689  0.49374034  0.62300470  0.69721349  0.76529147  0.59983310  0.64692448  0.58851352  0.71033782  0.69721349  0.71033782  0.77969128  0.76529147  0.67164238  0.57736429  0.59983310  0.64692448  0.76529147  0.71033782  0.67164238  0.67164238  0.69721349  0.67164238  0.68431762  0.67164238  0.71033782  0.65918035  0.68431762  0.67164238  0.65918035  0.73730524  0.71033782  0.82465020  0.82465020  0.76529147  0.72369884  0.67164238  0.65918035  0.63486806  0.64692448  0.54488928  0.52400407  0.52400407  0.54488928  0.53437308  0.53437308  0.56638036  0.57736429  0.58851352  0.57736429  0.61132831  0.61132831  0.58851352  0.58851352  
52_9_0     0.43668674  0.49374034  0.45522068  0.42759079  0.43668674  0.43668674  0.31074434  0.31850615  0.36686639  0.36686639  0.39228422  0.37524248  0.26580735  0.30306300  0.00000000  0.00509361  0.37524248  0.40972721  0.41860516  0.68431762  0.67164238  0.67164238  0.63486806  0.67164238  0.62300470  0.58851352  0.34229175  0.34229175  0.36686639  0.36686639  0.46466447  0.55555689  0.56638036  0.53437308  0.52400407  0.55555689  0.52400407  0.47423020  0.48392104  0.46466447  0.63486806  0.63486806  0.61132831  0.58851352  0.49374034  0.49374034  0.51377818  0.47423020  0.61132831  0.64692448  0.63486806  0.64692448  0.64692448  0.58851352  0.59983310  0.77969128  0.76529147  0.80935874  0.84026394  0.82465020  0.82465020  0.76529147  0.76529147  0.79437652  0.79437652  0.72369884  0.53437308  0.51377818  0.77969128  0.75116622  0.61132831  0.82465020  0.77969128  0.71033782  0.71033782  0.71033782  0.52400407  0.57736429  0.62300470  0.52400407  0.57736429  0.55555689  0.65918035  0.57736429  0.62300470  0.63486806  0.63486806  0.65918035  0.63486806  0.50369152  0.52400407  0.55555689  0.53437308  0.51377818  0.50369152  0.52400407  0.55555689  0.54488928  0.52400407  0.47423020  0.49374034  0.55555689  0.67164238  0.59983310  0.61132831  0.61132831  0.61132831  0.64692448  0.68431762  0.63486806  0.61132831  0.68431762  0.68431762  0.71033782  0.64692448  0.56638036  0.64692448  0.56638036  0.61132831  0.57736429  0.57736429  0.59983310  0.64692448  0.63486806  0.59983310  0.73730524  0.58851352  0.59983310  0.61132831  0.63486806  0.71033782  0.59983310  0.71033782  0.76529147  0.77969128  0.67164238  0.64692448  0.63486806  0.59983310  0.58851352  0.53437308  0.53437308  0.58851352  0.62300470  0.56638036  0.48392104  0.55555689  0.54488928  0.53437308  0.54488928  0.53437308  0.53437308  0.51377818  0.51377818  
88_9_0     0.42759079  0.49374034  0.46466447  0.43668674  0.44589576  0.44589576  0.31850615  0.32635014  0.37524248  0.35858395  0.38371435  0.38371435  0.25857587  0.29546048  0.00509361  0.00000000  0.36686639  0.41860516  0.42759079  0.68431762  0.67164238  0.67164238  0.63486806  0.67164238  0.62300470  0.58851352  0.33427807  0.33427807  0.35858395  0.35858395  0.45522068  0.54488928  0.55555689  0.52400407  0.51377818  0.56638036  0.53437308  0.46466447  0.47423020  0.47423020  0.62300470  0.62300470  0.59983310  0.57736429  0.48392104  0.48392104  0.50369152  0.46466447  0.62300470  0.63486806  0.62300470  0.63486806  0.63486806  0.59983310  0.61132831  0.79437652  0.77969128  0.79437652  0.85621384  0.84026394  0.84026394  0.77969128  0.77969128  0.80935874  0.77969128  0.71033782  0.52400407  0.50369152  0.79437652  0.76529147  0.62300470  0.82465020  0.77969128  0.71033782  0.71033782  0.71033782  0.53437308  0.56638036  0.61132831  0.51377818  0.58851352  0.56638036  0.64692448  0.58851352  0.63486806  0.64692448  0.64692448  0.67164238  0.64692448  0.51377818  0.53437308  0.56638036  0.54488928  0.52400407  0.49374034  0.53437308  0.54488928  0.53437308  0.51377818  0.46466447  0.48392104  0.54488928  0.65918035  0.58851352  0.59983310  0.59983310  0.59983310  0.63486806  0.67164238  0.62300470  0.59983310  0.67164238  0.67164238  0.69721349  0.65918035  0.55555689  0.63486806  0.55555689  0.59983310  0.58851352  0.58851352  0.58851352  0.63486806  0.62300470  0.58851352  0.72369884  0.57736429  0.58851352  0.59983310  0.62300470  0.69721349  0.58851352  0.72369884  0.75116622  0.76529147  0.65918035  0.63486806  0.62300470  0.58851352  0.57736429  0.52400407  0.52400407  0.57736429  0.61132831  0.57736429  0.49374034  0.56638036  0.55555689  0.54488928  0.55555689  0.54488928  0.54488928  0.52400407  0.52400407  
95_9_0     0.44589576  0.54488928  0.41860516  0.46466447  0.42759079  0.43668674  0.32635014  0.38371435  0.33427807  0.40972721  0.43668674  0.31850615  0.26580735  0.39228422  0.37524248  0.36686639  0.00000000  0.31850615  0.29546048  0.61132831  0.61132831  0.61132831  0.57736429  0.56638036  0.58851352  0.57736429  0.33427807  0.33427807  0.34229175  0.34229175  0.52400407  0.56638036  0.57736429  0.68431762  0.67164238  0.56638036  0.56638036  0.53437308  0.52400407  0.50369152  0.57736429  0.57736429  0.55555689  0.55555689  0.55555689  0.55555689  0.61132831  0.53437308  0.58851352  0.64692448  0.59983310  0.59983310  0.59983310  0.62300470  0.61132831  0.72369884  0.73730524  0.71033782  0.84026394  0.71033782  0.72369884  0.77969128  0.77969128  0.67164238  0.67164238  0.71033782  0.52400407  0.47423020  0.65918035  0.64692448  0.51377818  0.58851352  0.58851352  0.61132831  0.61132831  0.61132831  0.49374034  0.77969128  0.59983310  0.53437308  0.49374034  0.57736429  0.50369152  0.52400407  0.65918035  0.67164238  0.67164238  0.69721349  0.50369152  0.58851352  0.59983310  0.56638036  0.58851352  0.61132831  0.63486806  0.51377818  0.50369152  0.50369152  0.54488928  0.47423020  0.49374034  0.57736429  0.62300470  0.53437308  0.58851352  0.52400407  0.54488928  0.62300470  0.49374034  0.57736429  0.52400407  0.56638036  0.54488928  0.54488928  0.57736429  0.53437308  0.61132831  0.59983310  0.52400407  0.57736429  0.58851352  0.63486806  0.63486806  0.62300470  0.57736429  0.64692448  0.57736429  0.62300470  0.61132831  0.57736429  0.65918035  0.57736429  0.68431762  0.73730524  0.67164238  0.71033782  0.65918035  0.62300470  0.56638036  0.57736429  0.48392104  0.47423020  0.54488928  0.51377818  0.55555689  0.42759079  0.47423020  0.48392104  0.61132831  0.62300470  0.58851352  0.58851352  0.61132831  0.58851352  
39_0_0     0.40972721  0.46466447  0.47423020  0.49374034  0.47423020  0.49374034  0.38371435  0.36686639  0.33427807  0.39228422  0.40095438  0.44589576  0.33427807  0.42759079  0.40972721  0.41860516  0.31850615  0.00000000  0.10332865  0.63486806  0.64692448  0.64692448  0.61132831  0.72369884  0.67164238  0.61132831  0.39228422  0.39228422  0.39228422  0.39228422  0.50369152  0.62300470  0.63486806  0.55555689  0.54488928  0.61132831  0.55555689  0.50369152  0.52400407  0.45522068  0.51377818  0.51377818  0.53437308  0.53437308  0.45522068  0.45522068  0.48392104  0.55555689  0.69721349  0.71033782  0.65918035  0.62300470  0.62300470  0.73730524  0.75116622  0.69721349  0.71033782  0.67164238  0.67164238  0.65918035  0.65918035  0.64692448  0.64692448  0.67164238  0.69721349  0.80935874  0.55555689  0.57736429  0.67164238  0.65918035  0.62300470  0.65918035  0.61132831  0.56638036  0.56638036  0.56638036  0.52400407  0.65918035  0.45522068  0.49374034  0.56638036  0.59983310  0.64692448  0.58851352  0.58851352  0.62300470  0.58851352  0.59983310  0.57736429  0.67164238  0.62300470  0.62300470  0.63486806  0.67164238  0.68431762  0.57736429  0.61132831  0.59983310  0.61132831  0.53437308  0.51377818  0.55555689  0.57736429  0.59983310  0.65918035  0.57736429  0.64692448  0.64692448  0.57736429  0.59983310  0.63486806  0.75116622  0.71033782  0.68431762  0.62300470  0.63486806  0.57736429  0.63486806  0.63486806  0.64692448  0.67164238  0.68431762  0.68431762  0.67164238  0.64692448  0.69721349  0.59983310  0.71033782  0.69721349  0.62300470  0.72369884  0.62300470  0.72369884  0.73730524  0.69721349  0.57736429  0.57736429  0.57736429  0.56638036  0.57736429  0.52400407  0.49374034  0.62300470  0.52400407  0.56638036  0.55555689  0.50369152  0.51377818  0.55555689  0.54488928  0.55555689  0.55555689  0.55555689  0.57736429  
72_0_0     0.40972721  0.53437308  0.40972721  0.46466447  0.42759079  0.44589576  0.40972721  0.39228422  0.34229175  0.41860516  0.46466447  0.43668674  0.37524248  0.45522068  0.41860516  0.42759079  0.29546048  0.10332865  0.00000000  0.76529147  0.73730524  0.73730524  0.67164238  0.75116622  0.71033782  0.64692448  0.43668674  0.43668674  0.43668674  0.43668674  0.53437308  0.56638036  0.57736429  0.63486806  0.62300470  0.53437308  0.52400407  0.54488928  0.56638036  0.49374034  0.53437308  0.53437308  0.57736429  0.59983310  0.50369152  0.50369152  0.49374034  0.52400407  0.69721349  0.65918035  0.62300470  0.61132831  0.61132831  0.67164238  0.65918035  0.71033782  0.72369884  0.65918035  0.71033782  0.67164238  0.68431762  0.63486806  0.63486806  0.65918035  0.68431762  0.73730524  0.56638036  0.62300470  0.67164238  0.65918035  0.62300470  0.73730524  0.69721349  0.67164238  0.67164238  0.67164238  0.53437308  0.63486806  0.53437308  0.53437308  0.54488928  0.59983310  0.62300470  0.56638036  0.56638036  0.59983310  0.56638036  0.55555689  0.57736429  0.63486806  0.61132831  0.61132831  0.62300470  0.63486806  0.64692448  0.56638036  0.59983310  0.59983310  0.61132831  0.57736429  0.53437308  0.61132831  0.63486806  0.57736429  0.61132831  0.65918035  0.73730524  0.76529147  0.61132831  0.65918035  0.67164238  0.71033782  0.72369884  0.69721349  0.63486806  0.65918035  0.72369884  0.59983310  0.62300470  0.61132831  0.63486806  0.71033782  0.65918035  0.67164238  0.63486806  0.69721349  0.57736429  0.63486806  0.67164238  0.55555689  0.59983310  0.57736429  0.69721349  0.73730524  0.67164238  0.62300470  0.59983310  0.59983310  0.54488928  0.55555689  0.53437308  0.48392104  0.58851352  0.53437308  0.50369152  0.51377818  0.48392104  0.49374034  0.55555689  0.56638036  0.55555689  0.55555689  0.55555689  0.55555689  
78_0_0     0.64692448  0.58851352  0.53437308  0.59983310  0.57736429  0.55555689  0.55555689  0.52400407  0.52400407  0.51377818  0.47423020  0.49374034  0.63486806  0.65918035  0.68431762  0.68431762  0.61132831  0.63486806  0.76529147  0.00000000  0.05805381  0.05805381  0.20984043  0.28793519  0.24432128  0.23033578  0.51377818  0.51377818  0.55555689  0.55555689  0.50369152  0.57736429  0.56638036  0.59983310  0.59983310  0.63486806  0.59983310  0.57736429  0.54488928  0.61132831  0.55555689  0.58851352  0.56638036  0.52400407  0.64692448  0.64692448  0.63486806  0.64692448  0.73730524  0.61132831  0.58851352  0.67164238  0.67164238  0.61132831  0.59983310  0.79437652  0.80935874  0.80935874  0.87251468  0.79437652  0.79437652  0.80935874  0.80935874  0.76529147  0.77969128  0.92368636  0.55555689  0.58851352  0.62300470  0.63486806  0.55555689  0.69721349  0.65918035  0.68431762  0.68431762  0.68431762  0.54488928  0.76529147  0.61132831  0.53437308  0.85621384  0.80935874  0.90623346  0.84026394  0.73730524  0.72369884  0.72369884  0.82465020  0.76529147  0.71033782  0.68431762  0.64692448  0.67164238  0.65918035  0.65918035  0.63486806  0.63486806  0.64692448  0.75116622  0.72369884  0.68431762  0.65918035  0.65918035  0.64692448  0.65918035  0.67164238  0.72369884  0.62300470  0.80935874  0.77969128  0.76529147  0.75116622  0.73730524  0.75116622  0.73730524  0.67164238  0.69721349  0.71033782  0.72369884  0.69721349  0.67164238  0.77969128  0.77969128  0.79437652  0.82465020  0.82465020  0.67164238  0.79437652  0.75116622  0.72369884  0.80935874  0.73730524  0.87251468  0.84026394  0.76529147  0.76529147  0.77969128  0.75116622  0.68431762  0.67164238  0.75116622  0.69721349  0.64692448  0.62300470  0.72369884  0.64692448  0.63486806  0.62300470  0.61132831  0.59983310  0.61132831  0.61132831  0.65918035  0.63486806  
34_0_0     0.61132831  0.63486806  0.59983310  0.61132831  0.64692448  0.62300470  0.53437308  0.52400407  0.52400407  0.55555689  0.51377818  0.47423020  0.59983310  0.67164238  0.67164238  0.67164238  0.61132831  0.64692448  0.73730524  0.05805381  0.00000000  0.00000000  0.20984043  0.29546048  0.26580735  0.25141429  0.54488928  0.54488928  0.54488928  0.54488928  0.56638036  0.62300470  0.61132831  0.63486806  0.63486806  0.65918035  0.62300470  0.63486806  0.59983310  0.59983310  0.58851352  0.62300470  0.56638036  0.52400407  0.63486806  0.63486806  0.62300470  0.65918035  0.69721349  0.69721349  0.65918035  0.73730524  0.73730524  0.68431762  0.65918035  0.84026394  0.85621384  0.84026394  0.90623346  0.85621384  0.85621384  0.84026394  0.84026394  0.79437652  0.80935874  0.99792507  0.57736429  0.61132831  0.65918035  0.67164238  0.59983310  0.77969128  0.71033782  0.73730524  0.73730524  0.73730524  0.58851352  0.75116622  0.61132831  0.52400407  0.85621384  0.90623346  0.94156034  0.87251468  0.76529147  0.77969128  0.75116622  0.92368636  0.87251468  0.69721349  0.69721349  0.65918035  0.68431762  0.67164238  0.75116622  0.73730524  0.73730524  0.68431762  0.76529147  0.76529147  0.71033782  0.65918035  0.67164238  0.69721349  0.73730524  0.68431762  0.73730524  0.71033782  0.85621384  0.79437652  0.79437652  0.80935874  0.76529147  0.79437652  0.76529147  0.67164238  0.72369884  0.72369884  0.65918035  0.71033782  0.68431762  0.73730524  0.71033782  0.72369884  0.80935874  0.79437652  0.65918035  0.80935874  0.79437652  0.71033782  0.76529147  0.72369884  0.85621384  0.82465020  0.73730524  0.77969128  0.79437652  0.76529147  0.69721349  0.68431762  0.75116622  0.69721349  0.64692448  0.62300470  0.72369884  0.65918035  0.62300470  0.63486806  0.67164238  0.67164238  0.67164238  0.67164238  0.69721349  0.67164238  
