22
85_0_0     0.00000000  0.02007220  0.00496716  0.06733378  0.17202550  0.15963304  0.10630405  0.19745204  0.21711322  0.23051752  0.23051752  0.22378497  0.21711322  0.21711322  0.26513254  0.32412873  0.33184587  0.32412873  0.33184587  0.33184587  0.37992231  0.33184587  
55_0_0     0.02007220  0.00000000  0.01500279  0.07825997  0.18462939  0.17202550  0.11782671  0.22378497  0.24416953  0.25807857  0.25807857  0.25109132  0.24416953  0.24416953  0.27944582  0.35549308  0.36354674  0.35549308  0.36354674  0.36354674  0.39666911  0.34752628  
8_0_0      0.00496716  0.01500279  0.00000000  0.06193069  0.16580329  0.15351391  0.10060942  0.20394780  0.22378497  0.23731199  0.23731199  0.23051752  0.22378497  0.22378497  0.25807857  0.33184587  0.33964448  0.33184587  0.33964448  0.33964448  0.37168915  0.33964448  
34_0_0     0.06733378  0.07825997  0.06193069  0.00000000  0.15351391  0.16580329  0.10060942  0.19745204  0.22378497  0.23731199  0.23731199  0.23051752  0.22378497  0.22378497  0.27225452  0.31649137  0.32412873  0.31649137  0.32412873  0.32412873  0.33964448  0.33184587  
39_0_0     0.17202550  0.18462939  0.16580329  0.15351391  0.00000000  0.16580329  0.21050118  0.25807857  0.25807857  0.28670781  0.22378497  0.24416953  0.23051752  0.24416953  0.37168915  0.30893216  0.31649137  0.30893216  0.31649137  0.31649137  0.31649137  0.33964448  
71_0_0     0.15963304  0.17202550  0.15351391  0.16580329  0.16580329  0.00000000  0.17830057  0.26513254  0.27944582  0.26513254  0.27944582  0.28670781  0.26513254  0.27944582  0.38824826  0.37168915  0.36354674  0.37168915  0.37992231  0.37992231  0.37992231  0.35549308  
12_0_0     0.10630405  0.11782671  0.10060942  0.10060942  0.21050118  0.17830057  0.00000000  0.16580329  0.20394780  0.19101289  0.21711322  0.21050118  0.20394780  0.20394780  0.23731199  0.30893216  0.31649137  0.30893216  0.31649137  0.31649137  0.34752628  0.31649137  
83_0_0     0.19745204  0.22378497  0.20394780  0.19745204  0.25807857  0.26513254  0.16580329  0.00000000  0.07277668  0.08378427  0.14142561  0.13545484  0.13545484  0.13545484  0.24416953  0.30893216  0.31649137  0.30893216  0.31649137  0.31649137  0.35549308  0.33964448  
10_0_0     0.21711322  0.24416953  0.22378497  0.22378497  0.25807857  0.27944582  0.20394780  0.07277668  0.00000000  0.03031659  0.09495836  0.10060942  0.10060942  0.10060942  0.25807857  0.25807857  0.26513254  0.25807857  0.26513254  0.26513254  0.34752628  0.30893216  
14_0_0     0.23051752  0.25807857  0.23731199  0.23731199  0.28670781  0.26513254  0.19101289  0.08378427  0.03031659  0.00000000  0.11782671  0.10060942  0.11204292  0.11204292  0.24416953  0.26513254  0.27225452  0.26513254  0.27225452  0.27225452  0.33184587  0.30893216  
6_0_0      0.23051752  0.25807857  0.23731199  0.23731199  0.22378497  0.27944582  0.21711322  0.14142561  0.09495836  0.11782671  0.00000000  0.02517664  0.05124163  0.05124163  0.23731199  0.30144951  0.30893216  0.30144951  0.30893216  0.30893216  0.34752628  0.33964448  
37_0_0     0.22378497  0.25109132  0.23051752  0.23051752  0.24416953  0.28670781  0.21050118  0.13545484  0.10060942  0.10060942  0.02517664  0.00000000  0.04595455  0.04595455  0.23051752  0.30893216  0.31649137  0.30893216  0.31649137  0.31649137  0.32412873  0.33184587  
28_0_0     0.21711322  0.24416953  0.22378497  0.22378497  0.23051752  0.26513254  0.20394780  0.13545484  0.10060942  0.11204292  0.05124163  0.04595455  0.00000000  0.00996793  0.24416953  0.29404189  0.30144951  0.29404189  0.30144951  0.30144951  0.35549308  0.32412873  
60_0_0     0.21711322  0.24416953  0.22378497  0.22378497  0.24416953  0.27944582  0.20394780  0.13545484  0.10060942  0.11204292  0.05124163  0.04595455  0.00996793  0.00000000  0.24416953  0.27944582  0.28670781  0.27944582  0.28670781  0.28670781  0.33964448  0.31649137  
77_0_0     0.26513254  0.27944582  0.25807857  0.27225452  0.37168915  0.38824826  0.23731199  0.24416953  0.25807857  0.24416953  0.23731199  0.23051752  0.24416953  0.24416953  0.00000000  0.37992231  0.38824826  0.37992231  0.38824826  0.38824826  0.38824826  0.33184587  
96_0_0     0.32412873  0.35549308  0.33184587  0.31649137  0.30893216  0.37168915  0.30893216  0.30893216  0.25807857  0.26513254  0.30144951  0.30893216  0.29404189  0.27944582  0.37992231  0.00000000  0.00496716  0.00000000  0.00496716  0.00496716  0.22378497  0.25807857  
99_0_0     0.33184587  0.36354674  0.33964448  0.32412873  0.31649137  0.36354674  0.31649137  0.31649137  0.26513254  0.27225452  0.30893216  0.31649137  0.30144951  0.28670781  0.38824826  0.00496716  0.00000000  0.00496716  0.00996793  0.00996793  0.23051752  0.26513254  
95_0_0     0.32412873  0.35549308  0.33184587  0.31649137  0.30893216  0.37168915  0.30893216  0.30893216  0.25807857  0.26513254  0.30144951  0.30893216  0.29404189  0.27944582  0.37992231  0.00000000  0.00496716  0.00000000  0.00496716  0.00496716  0.22378497  0.25807857  
98_0_0     0.33184587  0.36354674  0.33964448  0.32412873  0.31649137  0.37992231  0.31649137  0.31649137  0.26513254  0.27225452  0.30893216  0.31649137  0.30144951  0.28670781  0.38824826  0.00496716  0.00996793  0.00496716  0.00000000  0.00000000  0.23051752  0.26513254  
94_0_0     0.33184587  0.36354674  0.33964448  0.32412873  0.31649137  0.37992231  0.31649137  0.31649137  0.26513254  0.27225452  0.30893216  0.31649137  0.30144951  0.28670781  0.38824826  0.00496716  0.00996793  0.00496716  0.00000000  0.00000000  0.23051752  0.26513254  
93_0_0     0.37992231  0.39666911  0.37168915  0.33964448  0.31649137  0.37992231  0.34752628  0.35549308  0.34752628  0.33184587  0.34752628  0.32412873  0.35549308  0.33964448  0.38824826  0.22378497  0.23051752  0.22378497  0.23051752  0.23051752  0.00000000  0.30893216  
97_0_0     0.33184587  0.34752628  0.33964448  0.33184587  0.33964448  0.35549308  0.31649137  0.33964448  0.30893216  0.30893216  0.33964448  0.33184587  0.32412873  0.31649137  0.33184587  0.25807857  0.26513254  0.25807857  0.26513254  0.26513254  0.30893216  0.00000000  

