20
15_0_0     0.00000000  0.06938649  0.04078859  0.08014907  0.05033510  0.05979664  0.05979664  0.05979664  0.03608448  0.04553850  0.05033510  0.04553850  0.04553850  0.04078859  0.07469832  0.07469832  0.07469832  0.07976842  0.07976842  0.09530265  
14_0_0     0.06938649  0.00000000  0.07437816  0.09487170  0.06444536  0.07409159  0.07409159  0.07409159  0.05955376  0.07942143  0.08451736  0.07942143  0.07942143  0.07437816  0.09970737  0.09970737  0.09970737  0.09447551  0.09447551  0.12121446  
6_0_0      0.04078859  0.07437816  0.00000000  0.06501443  0.03608448  0.04533657  0.04533657  0.04533657  0.02223824  0.04078859  0.04553850  0.04078859  0.04078859  0.03608448  0.06968036  0.06968036  0.06968036  0.07469832  0.07469832  0.09006943  
19_0_0     0.08014907  0.09487170  0.06501443  0.00000000  0.06501443  0.06471348  0.06471348  0.06471348  0.05033510  0.08014907  0.08530009  0.08014907  0.08014907  0.07505186  0.10059259  0.10059259  0.10059259  0.09530265  0.09530265  0.13359624  
17_0_0     0.05033510  0.06444536  0.03608448  0.06501443  0.00000000  0.03592921  0.03592921  0.03592921  0.01322097  0.04078859  0.04553850  0.04078859  0.04078859  0.03608448  0.05979664  0.05979664  0.05979664  0.06471348  0.06471348  0.09006943  
8_0_0      0.05979664  0.07409159  0.04533657  0.06471348  0.03592921  0.00000000  0.00000000  0.00000000  0.03129268  0.05979664  0.06471348  0.05979664  0.05979664  0.05492885  0.07942143  0.07942143  0.07942143  0.08451736  0.08451736  0.11082718  
18_0_0     0.05979664  0.07409159  0.04533657  0.06471348  0.03592921  0.00000000  0.00000000  0.00000000  0.03129268  0.05979664  0.06471348  0.05979664  0.05979664  0.05492885  0.07942143  0.07942143  0.07942143  0.08451736  0.08451736  0.11082718  
7_0_0      0.05979664  0.07409159  0.04533657  0.06471348  0.03592921  0.00000000  0.00000000  0.00000000  0.03129268  0.05979664  0.06471348  0.05979664  0.05979664  0.05492885  0.07942143  0.07942143  0.07942143  0.08451736  0.08451736  0.11082718  
20_0_0     0.03608448  0.05955376  0.02223824  0.05033510  0.01322097  0.03129268  0.03129268  0.03129268  0.00000000  0.02681014  0.03142527  0.02681014  0.02681014  0.02223824  0.05492885  0.05492885  0.05492885  0.05979664  0.05979664  0.07469832  
10_0_0     0.04553850  0.07942143  0.04078859  0.08014907  0.04078859  0.05979664  0.05979664  0.05979664  0.02681014  0.00000000  0.00436731  0.00000000  0.00877406  0.00436731  0.03592921  0.03592921  0.03592921  0.04061022  0.04061022  0.05492885  
4_0_0      0.05033510  0.08451736  0.04553850  0.08530009  0.04553850  0.06471348  0.06471348  0.06471348  0.03142527  0.00436731  0.00000000  0.00436731  0.01322097  0.00877406  0.04061022  0.04061022  0.04061022  0.04533657  0.04533657  0.05979664  
12_0_0     0.04553850  0.07942143  0.04078859  0.08014907  0.04078859  0.05979664  0.05979664  0.05979664  0.02681014  0.00000000  0.00436731  0.00000000  0.00877406  0.00436731  0.03592921  0.03592921  0.03592921  0.04061022  0.04061022  0.05492885  
5_0_0      0.04553850  0.07942143  0.04078859  0.08014907  0.04078859  0.05979664  0.05979664  0.05979664  0.02681014  0.00877406  0.01322097  0.00877406  0.00000000  0.00436731  0.03592921  0.03592921  0.03592921  0.04061022  0.04061022  0.05492885  
16_0_0     0.04078859  0.07437816  0.03608448  0.07505186  0.03608448  0.05492885  0.05492885  0.05492885  0.02223824  0.00436731  0.00877406  0.00436731  0.00436731  0.00000000  0.03129268  0.03129268  0.03129268  0.03592921  0.03592921  0.05010914  
13_0_0     0.07469832  0.09970737  0.06968036  0.10059259  0.05979664  0.07942143  0.07942143  0.07942143  0.05492885  0.03592921  0.04061022  0.03592921  0.03592921  0.03129268  0.00000000  0.00000000  0.00000000  0.00436731  0.00436731  0.04078859  
9_0_0      0.07469832  0.09970737  0.06968036  0.10059259  0.05979664  0.07942143  0.07942143  0.07942143  0.05492885  0.03592921  0.04061022  0.03592921  0.03592921  0.03129268  0.00000000  0.00000000  0.00000000  0.00436731  0.00436731  0.04078859  
1_0_0      0.07469832  0.09970737  0.06968036  0.10059259  0.05979664  0.07942143  0.07942143  0.07942143  0.05492885  0.03592921  0.04061022  0.03592921  0.03592921  0.03129268  0.00000000  0.00000000  0.00000000  0.00436731  0.00436731  0.04078859  
2_0_0      0.07976842  0.09447551  0.07469832  0.09530265  0.06471348  0.08451736  0.08451736  0.08451736  0.05979664  0.04061022  0.04533657  0.04061022  0.04061022  0.03592921  0.00436731  0.00436731  0.00436731  0.00000000  0.00000000  0.04553850  
3_0_0      0.07976842  0.09447551  0.07469832  0.09530265  0.06471348  0.08451736  0.08451736  0.08451736  0.05979664  0.04061022  0.04533657  0.04061022  0.04061022  0.03592921  0.00436731  0.00436731  0.00436731  0.00000000  0.00000000  0.04553850  
11_0_0     0.09530265  0.12121446  0.09006943  0.13359624  0.09006943  0.11082718  0.11082718  0.11082718  0.07469832  0.05492885  0.05979664  0.05492885  0.05492885  0.05010914  0.04078859  0.04078859  0.04078859  0.04553850  0.04553850  0.00000000  

