20
15_0_0     0.00000000  0.07460359  0.00874986  0.03132963  0.01765078  0.05000300  0.05000300  0.05482022  0.00874986  0.03598005  0.04067740  0.03598005  0.03598005  0.03132963  0.06990262  0.06990262  0.06990262  0.06990262  0.06990262  0.07495698  
14_0_0     0.07460359  0.00000000  0.06490255  0.06990262  0.06490255  0.10057710  0.10057710  0.10595034  0.06490255  0.08523337  0.09045790  0.08523337  0.08523337  0.08006682  0.10108623  0.10108623  0.10108623  0.10108623  0.10108623  0.08523337  
6_0_0      0.00874986  0.06490255  0.00000000  0.02226310  0.00877789  0.04067740  0.04067740  0.04542262  0.00000000  0.02684640  0.03147527  0.02684640  0.02684640  0.02226310  0.06025884  0.06025884  0.06025884  0.06025884  0.06025884  0.06523401  
19_0_0     0.03132963  0.06990262  0.02226310  0.00000000  0.03147527  0.06490255  0.06490255  0.06990262  0.02226310  0.05046524  0.05533629  0.05046524  0.05046524  0.04564463  0.07534676  0.07534676  0.07534676  0.07534676  0.07534676  0.07026293  
17_0_0     0.01765078  0.06490255  0.00877789  0.03147527  0.00000000  0.05021672  0.05021672  0.05506070  0.00877789  0.03615063  0.04087343  0.03615063  0.03615063  0.03147527  0.05046524  0.05046524  0.05046524  0.05046524  0.05046524  0.06523401  
8_0_0      0.05000300  0.10057710  0.04067740  0.06490255  0.05021672  0.00000000  0.00000000  0.00436826  0.04067740  0.05995562  0.06490255  0.05995562  0.05995562  0.06490255  0.06490255  0.06490255  0.06490255  0.06490255  0.06490255  0.08006682  
18_0_0     0.05000300  0.10057710  0.04067740  0.06490255  0.05021672  0.00000000  0.00000000  0.00436826  0.04067740  0.05995562  0.06490255  0.05995562  0.05995562  0.06490255  0.06490255  0.06490255  0.06490255  0.06490255  0.06490255  0.08006682  
7_0_0      0.05482022  0.10595034  0.04542262  0.06990262  0.05506070  0.00436826  0.00436826  0.00000000  0.04542262  0.06490255  0.06990262  0.06490255  0.06490255  0.06990262  0.06990262  0.06990262  0.06990262  0.06990262  0.06990262  0.08523337  
20_0_0     0.00874986  0.06490255  0.00000000  0.02226310  0.00877789  0.04067740  0.04067740  0.04542262  0.00000000  0.02684640  0.03147527  0.02684640  0.02684640  0.02226310  0.06025884  0.06025884  0.06025884  0.06025884  0.06025884  0.06523401  
10_0_0     0.03598005  0.08523337  0.02684640  0.05046524  0.03615063  0.05995562  0.05995562  0.06490255  0.02684640  0.00000000  0.00436826  0.00000000  0.02684640  0.02226310  0.08048673  0.08048673  0.08048673  0.08048673  0.08048673  0.08568408  
4_0_0      0.04067740  0.09045790  0.03147527  0.05533629  0.04087343  0.06490255  0.06490255  0.06990262  0.03147527  0.00436826  0.00000000  0.00436826  0.03147527  0.02684640  0.08568408  0.08568408  0.08568408  0.08568408  0.08568408  0.09094012  
12_0_0     0.03598005  0.08523337  0.02684640  0.05046524  0.03615063  0.05995562  0.05995562  0.06490255  0.02684640  0.00000000  0.00436826  0.00000000  0.02684640  0.02226310  0.08048673  0.08048673  0.08048673  0.08048673  0.08048673  0.08568408  
5_0_0      0.03598005  0.08523337  0.02684640  0.05046524  0.03615063  0.05995562  0.05995562  0.06490255  0.02684640  0.02684640  0.03147527  0.02684640  0.00000000  0.02226310  0.07026293  0.07026293  0.07026293  0.07026293  0.07026293  0.07534676  
16_0_0     0.03132963  0.08006682  0.02226310  0.04564463  0.03147527  0.06490255  0.06490255  0.06990262  0.02226310  0.02226310  0.02684640  0.02226310  0.02226310  0.00000000  0.07534676  0.07534676  0.07534676  0.07534676  0.07534676  0.08048673  
13_0_0     0.06990262  0.10108623  0.06025884  0.07534676  0.05046524  0.06490255  0.06490255  0.06990262  0.06025884  0.08048673  0.08568408  0.08048673  0.07026293  0.07534676  0.00000000  0.00000000  0.00000000  0.00000000  0.00000000  0.03147527  
9_0_0      0.06990262  0.10108623  0.06025884  0.07534676  0.05046524  0.06490255  0.06490255  0.06990262  0.06025884  0.08048673  0.08568408  0.08048673  0.07026293  0.07534676  0.00000000  0.00000000  0.00000000  0.00000000  0.00000000  0.03147527  
1_0_0      0.06990262  0.10108623  0.06025884  0.07534676  0.05046524  0.06490255  0.06490255  0.06990262  0.06025884  0.08048673  0.08568408  0.08048673  0.07026293  0.07534676  0.00000000  0.00000000  0.00000000  0.00000000  0.00000000  0.03147527  
2_0_0      0.06990262  0.10108623  0.06025884  0.07534676  0.05046524  0.06490255  0.06490255  0.06990262  0.06025884  0.08048673  0.08568408  0.08048673  0.07026293  0.07534676  0.00000000  0.00000000  0.00000000  0.00000000  0.00000000  0.03147527  
3_0_0      0.06990262  0.10108623  0.06025884  0.07534676  0.05046524  0.06490255  0.06490255  0.06990262  0.06025884  0.08048673  0.08568408  0.08048673  0.07026293  0.07534676  0.00000000  0.00000000  0.00000000  0.00000000  0.00000000  0.03147527  
11_0_0     0.07495698  0.08523337  0.06523401  0.07026293  0.06523401  0.08006682  0.08006682  0.08523337  0.06523401  0.08568408  0.09094012  0.08568408  0.07534676  0.08048673  0.03147527  0.03147527  0.03147527  0.03147527  0.03147527  0.00000000  

