17
18_0_0     0.00000000  0.00996701  0.13527395  0.19064400  0.19064400  0.17172888  0.25738414  0.24355190  0.28583933  0.27147662  0.27147662  0.27862355  0.50300187  0.41188396  0.42051287  0.40335333  0.36209931  
8_0_0      0.00996701  0.00000000  0.12350619  0.17798100  0.17798100  0.15937905  0.25738414  0.24355190  0.28583933  0.27147662  0.27147662  0.27862355  0.50300187  0.41188396  0.42051287  0.40335333  0.36209931  
19_0_0     0.13527395  0.12350619  0.00000000  0.14122789  0.14122789  0.12350619  0.25043609  0.23673041  0.27862355  0.26439724  0.26439724  0.27147662  0.45605827  0.36209931  0.33839522  0.41188396  0.37832930  
9_0_0      0.19064400  0.17798100  0.14122789  0.00000000  0.00000000  0.03030794  0.30048283  0.28583933  0.27862355  0.26439724  0.26439724  0.27147662  0.50300187  0.46521457  0.42924234  0.48386997  0.42924234  
13_0_0     0.19064400  0.17798100  0.14122789  0.00000000  0.00000000  0.03030794  0.30048283  0.28583933  0.27862355  0.26439724  0.26439724  0.27147662  0.50300187  0.46521457  0.42924234  0.48386997  0.42924234  
7_0_0      0.17172888  0.15937905  0.12350619  0.03030794  0.03030794  0.00000000  0.27862355  0.26439724  0.26439724  0.25738414  0.25738414  0.26439724  0.52263527  0.44701254  0.42924234  0.49337484  0.43807474  
11_0_0     0.25738414  0.25738414  0.25043609  0.30048283  0.30048283  0.27862355  0.00000000  0.03548067  0.16552851  0.14722954  0.14722954  0.14122789  0.47448419  0.37017034  0.42924234  0.38657810  0.33065768  
17_0_0     0.24355190  0.24355190  0.23673041  0.28583933  0.28583933  0.26439724  0.03548067  0.00000000  0.14722954  0.12936696  0.12936696  0.12350619  0.46521457  0.36209931  0.40335333  0.37832930  0.30791335  
5_0_0      0.28583933  0.28583933  0.27862355  0.27862355  0.27862355  0.26439724  0.16552851  0.14722954  0.00000000  0.04593454  0.04593454  0.05121670  0.39491876  0.30791335  0.33839522  0.34621353  0.38657810  
12_0_0     0.27147662  0.27147662  0.26439724  0.26439724  0.26439724  0.25738414  0.14722954  0.12936696  0.04593454  0.00000000  0.00000000  0.00496693  0.43807474  0.31541832  0.36209931  0.33839522  0.34621353  
4_0_0      0.27147662  0.27147662  0.26439724  0.26439724  0.26439724  0.25738414  0.14722954  0.12936696  0.04593454  0.00000000  0.00000000  0.00496693  0.43807474  0.31541832  0.36209931  0.33839522  0.34621353  
10_0_0     0.27862355  0.27862355  0.27147662  0.27147662  0.27147662  0.26439724  0.14122789  0.12350619  0.05121670  0.00496693  0.00496693  0.00000000  0.43807474  0.31541832  0.36209931  0.33839522  0.33839522  
16_0_0     0.50300187  0.50300187  0.45605827  0.50300187  0.50300187  0.52263527  0.47448419  0.46521457  0.39491876  0.43807474  0.43807474  0.43807474  0.00000000  0.21663092  0.25738414  0.22997047  0.38657810  
15_0_0     0.41188396  0.41188396  0.36209931  0.46521457  0.46521457  0.44701254  0.37017034  0.36209931  0.30791335  0.31541832  0.31541832  0.31541832  0.21663092  0.00000000  0.12936696  0.07820112  0.38657810  
14_0_0     0.42051287  0.42051287  0.33839522  0.42924234  0.42924234  0.42924234  0.42924234  0.40335333  0.33839522  0.36209931  0.36209931  0.36209931  0.25738414  0.12936696  0.00000000  0.10051118  0.42051287  
6_0_0      0.40335333  0.40335333  0.41188396  0.48386997  0.48386997  0.49337484  0.38657810  0.37832930  0.34621353  0.33839522  0.33839522  0.33839522  0.22997047  0.07820112  0.10051118  0.00000000  0.40335333  
20_0_0     0.36209931  0.36209931  0.37832930  0.42924234  0.42924234  0.43807474  0.33065768  0.30791335  0.38657810  0.34621353  0.34621353  0.33839522  0.38657810  0.38657810  0.42051287  0.40335333  0.00000000  

