145
66_0_0     0.00000000  0.00530988  0.14562296  0.24161350  0.21290285  0.20589479  0.13921742  0.32679819  0.32679819  0.31863889  0.31056798  0.31056798  0.34338984  0.33504783  0.31863889  0.33504783  0.32679819  0.33504783  0.33504783  0.36035942  0.37772453  0.41371827  0.32679819  0.32679819  0.34338984  0.35182632  0.36035942  0.36899138  0.33504783  0.38656126  0.40455551  0.39550406  0.39550406  0.35182632  0.54438676  0.51213485  0.45153957  0.47119546  0.36899138  0.39550406  0.37772453  0.39550406  0.36035942  0.36035942  0.36035942  0.44190273  0.38656126  0.37772453  0.41371827  0.45153957  0.38656126  0.37772453  0.37772453  0.40455551  0.39550406  0.38656126  0.36035942  0.36035942  0.49138399  0.34338984  0.33504783  0.35182632  0.47119546  0.47119546  0.33504783  0.33504783  0.33504783  0.33504783  0.34338984  0.35182632  0.38656126  0.34338984  0.34338984  0.34338984  0.34338984  0.34338984  0.56669075  0.35182632  0.36899138  0.37772453  0.37772453  0.37772453  0.39550406  0.39550406  0.38656126  0.39550406  0.38656126  0.37772453  0.37772453  0.37772453  0.39550406  0.35182632  0.34338984  0.35182632  0.34338984  0.39550406  0.35182632  0.33504783  0.32679819  0.31863889  0.36035942  0.36035942  0.31863889  0.35182632  0.31056798  0.32679819  0.31863889  0.31863889  0.31863889  0.36899138  0.48122134  0.35182632  0.36035942  0.52273112  0.48122134  0.61340768  0.61340768  0.47119546  0.47119546  0.46130270  0.45153957  0.45153957  0.51213485  0.48122134  0.39550406  0.40455551  0.36899138  0.37772453  0.37772453  0.39550406  0.40455551  0.45153957  0.46130270  0.47119546  0.42299513  0.41371827  0.43238895  0.44190273  0.42299513  0.44190273  0.40455551  0.39550406  0.40455551  0.41371827  0.41371827  
84_0_0     0.00530988  0.00000000  0.15208404  0.24896742  0.21997745  0.21290285  0.14562296  0.33504783  0.33504783  0.32679819  0.31863889  0.31863889  0.35182632  0.34338984  0.32679819  0.34338984  0.33504783  0.34338984  0.34338984  0.36899138  0.38656126  0.42299513  0.33504783  0.33504783  0.35182632  0.36035942  0.36899138  0.37772453  0.34338984  0.39550406  0.41371827  0.40455551  0.40455551  0.36035942  0.54438676  0.51213485  0.45153957  0.47119546  0.37772453  0.38656126  0.36899138  0.38656126  0.35182632  0.35182632  0.35182632  0.44190273  0.39550406  0.38656126  0.42299513  0.44190273  0.39550406  0.38656126  0.38656126  0.41371827  0.40455551  0.39550406  0.36899138  0.36035942  0.50168718  0.33504783  0.32679819  0.36035942  0.46130270  0.46130270  0.34338984  0.34338984  0.34338984  0.34338984  0.35182632  0.34338984  0.37772453  0.35182632  0.35182632  0.35182632  0.35182632  0.35182632  0.57809824  0.36035942  0.37772453  0.38656126  0.38656126  0.38656126  0.40455551  0.40455551  0.37772453  0.40455551  0.39550406  0.38656126  0.38656126  0.38656126  0.40455551  0.36035942  0.35182632  0.36035942  0.35182632  0.40455551  0.36035942  0.34338984  0.32679819  0.32679819  0.36899138  0.36899138  0.32679819  0.36035942  0.31863889  0.33504783  0.32679819  0.32679819  0.32679819  0.36035942  0.47119546  0.36035942  0.36899138  0.51213485  0.47119546  0.60145096  0.60145096  0.48122134  0.48122134  0.45153957  0.44190273  0.44190273  0.50168718  0.47119546  0.40455551  0.41371827  0.37772453  0.36899138  0.36899138  0.40455551  0.41371827  0.46130270  0.47119546  0.48122134  0.43238895  0.42299513  0.44190273  0.45153957  0.43238895  0.45153957  0.41371827  0.40455551  0.41371827  0.42299513  0.42299513  
85_0_0     0.14562296  0.15208404  0.00000000  0.22711988  0.21290285  0.17850371  0.08986414  0.25639466  0.25639466  0.24896742  0.25639466  0.25639466  0.27913124  0.24161350  0.23433145  0.24896742  0.24161350  0.26389669  0.26389669  0.28686694  0.30258357  0.33504783  0.24161350  0.24161350  0.26389669  0.27147502  0.27913124  0.28686694  0.27147502  0.29468381  0.31863889  0.31056798  0.31056798  0.25639466  0.45153957  0.49138399  0.47119546  0.47119546  0.27147502  0.29468381  0.27913124  0.28686694  0.26389669  0.26389669  0.26389669  0.36899138  0.33504783  0.32679819  0.34338984  0.40455551  0.30258357  0.30258357  0.29468381  0.31863889  0.30258357  0.28686694  0.26389669  0.33504783  0.43238895  0.28686694  0.29468381  0.27913124  0.43238895  0.43238895  0.24161350  0.24161350  0.24161350  0.22711988  0.23433145  0.22711988  0.31863889  0.24896742  0.24896742  0.24896742  0.23433145  0.22711988  0.48122134  0.32679819  0.29468381  0.30258357  0.30258357  0.30258357  0.30258357  0.31863889  0.30258357  0.31056798  0.30258357  0.29468381  0.32679819  0.32679819  0.32679819  0.26389669  0.25639466  0.24896742  0.25639466  0.28686694  0.26389669  0.24896742  0.27147502  0.27147502  0.31056798  0.31056798  0.30258357  0.31863889  0.27913124  0.26389669  0.27147502  0.25639466  0.25639466  0.29468381  0.43238895  0.31863889  0.25639466  0.39550406  0.40455551  0.54438676  0.54438676  0.34338984  0.34338984  0.36899138  0.36035942  0.36035942  0.39550406  0.36899138  0.36035942  0.36899138  0.35182632  0.36035942  0.36035942  0.36035942  0.34338984  0.33504783  0.35182632  0.34338984  0.33504783  0.32679819  0.33504783  0.36899138  0.31863889  0.32679819  0.33504783  0.30258357  0.30258357  0.31056798  0.31056798  
72_0_0     0.24161350  0.24896742  0.22711988  0.00000000  0.08986414  0.07216816  0.22711988  0.36035942  0.34338984  0.33504783  0.33504783  0.33504783  0.34338984  0.34338984  0.32679819  0.32679819  0.31863889  0.31056798  0.31056798  0.36899138  0.36899138  0.33504783  0.33504783  0.31863889  0.30258357  0.31056798  0.30258357  0.31056798  0.38656126  0.40455551  0.43238895  0.42299513  0.42299513  0.39550406  0.52273112  0.50168718  0.45153957  0.45153957  0.38656126  0.45153957  0.41371827  0.42299513  0.37772453  0.37772453  0.37772453  0.43238895  0.37772453  0.38656126  0.42299513  0.41371827  0.41371827  0.40455551  0.40455551  0.44190273  0.44190273  0.41371827  0.36035942  0.36899138  0.46130270  0.36035942  0.39550406  0.39550406  0.49138399  0.46130270  0.30258357  0.30258357  0.30258357  0.36035942  0.35182632  0.37772453  0.42299513  0.36899138  0.36899138  0.36899138  0.37772453  0.31863889  0.55545530  0.36899138  0.35182632  0.36035942  0.36035942  0.36035942  0.36899138  0.38656126  0.36035942  0.36899138  0.38656126  0.35182632  0.38656126  0.38656126  0.39550406  0.34338984  0.34338984  0.35182632  0.34338984  0.32679819  0.33504783  0.32679819  0.36899138  0.36899138  0.39550406  0.39550406  0.35182632  0.34338984  0.33504783  0.36899138  0.37772453  0.36899138  0.36899138  0.40455551  0.46130270  0.36035942  0.38656126  0.51213485  0.47119546  0.52273112  0.52273112  0.45153957  0.45153957  0.43238895  0.43238895  0.43238895  0.46130270  0.45153957  0.47119546  0.46130270  0.44190273  0.45153957  0.45153957  0.48122134  0.47119546  0.39550406  0.47119546  0.42299513  0.37772453  0.36899138  0.40455551  0.44190273  0.40455551  0.42299513  0.40455551  0.35182632  0.36035942  0.35182632  0.35182632  
62_0_0     0.21290285  0.21997745  0.21290285  0.08986414  0.00000000  0.02693613  0.19207338  0.36899138  0.33504783  0.32679819  0.32679819  0.32679819  0.31863889  0.35182632  0.33504783  0.33504783  0.32679819  0.31863889  0.31863889  0.36035942  0.36035942  0.34338984  0.34338984  0.34338984  0.31863889  0.32679819  0.31863889  0.32679819  0.37772453  0.37772453  0.40455551  0.39550406  0.39550406  0.36899138  0.53348026  0.54438676  0.47119546  0.51213485  0.34338984  0.40455551  0.38656126  0.39550406  0.33504783  0.33504783  0.33504783  0.42299513  0.36899138  0.37772453  0.41371827  0.37772453  0.36899138  0.36035942  0.36035942  0.39550406  0.39550406  0.39550406  0.32679819  0.35182632  0.43238895  0.35182632  0.37772453  0.37772453  0.51213485  0.49138399  0.31056798  0.31056798  0.31056798  0.33504783  0.32679819  0.35182632  0.44190273  0.36035942  0.36035942  0.36035942  0.36899138  0.31056798  0.57809824  0.36899138  0.35182632  0.36035942  0.36035942  0.34338984  0.35182632  0.36899138  0.34338984  0.35182632  0.36035942  0.35182632  0.36899138  0.36899138  0.36899138  0.36035942  0.36035942  0.36899138  0.36035942  0.32679819  0.32679819  0.31863889  0.34338984  0.34338984  0.34338984  0.34338984  0.32679819  0.33504783  0.29468381  0.31056798  0.31863889  0.36899138  0.36899138  0.39550406  0.47119546  0.36899138  0.35182632  0.46130270  0.45153957  0.53348026  0.53348026  0.41371827  0.41371827  0.39550406  0.39550406  0.39550406  0.40455551  0.41371827  0.40455551  0.39550406  0.37772453  0.38656126  0.38656126  0.41371827  0.42299513  0.41371827  0.47119546  0.41371827  0.37772453  0.36899138  0.39550406  0.43238895  0.43238895  0.44190273  0.43238895  0.38656126  0.39550406  0.36899138  0.36899138  
90_0_0     0.20589479  0.21290285  0.17850371  0.07216816  0.02693613  0.00000000  0.18525765  0.32679819  0.32679819  0.31863889  0.31863889  0.31863889  0.29468381  0.32679819  0.31056798  0.31056798  0.30258357  0.32679819  0.32679819  0.33504783  0.35182632  0.33504783  0.31863889  0.31863889  0.29468381  0.30258357  0.29468381  0.30258357  0.35182632  0.35182632  0.39550406  0.38656126  0.38656126  0.34338984  0.50168718  0.53348026  0.46130270  0.50168718  0.31863889  0.37772453  0.36035942  0.36899138  0.31056798  0.31056798  0.31056798  0.41371827  0.36035942  0.36899138  0.40455551  0.36899138  0.36035942  0.35182632  0.35182632  0.38656126  0.38656126  0.38656126  0.31863889  0.34338984  0.44190273  0.32679819  0.35182632  0.35182632  0.49138399  0.46130270  0.28686694  0.28686694  0.28686694  0.31056798  0.30258357  0.32679819  0.39550406  0.33504783  0.33504783  0.33504783  0.34338984  0.28686694  0.56669075  0.36035942  0.31056798  0.31863889  0.31863889  0.31863889  0.32679819  0.36035942  0.31863889  0.32679819  0.33504783  0.32679819  0.34338984  0.34338984  0.36035942  0.33504783  0.33504783  0.34338984  0.33504783  0.31056798  0.30258357  0.29468381  0.33504783  0.35182632  0.35182632  0.35182632  0.35182632  0.36035942  0.31863889  0.31863889  0.32679819  0.34338984  0.34338984  0.36899138  0.46130270  0.36035942  0.32679819  0.41371827  0.40455551  0.48122134  0.48122134  0.36899138  0.36899138  0.36899138  0.36899138  0.36899138  0.37772453  0.36899138  0.36035942  0.35182632  0.35182632  0.36035942  0.36035942  0.40455551  0.39550406  0.36899138  0.44190273  0.38656126  0.35182632  0.34338984  0.36899138  0.40455551  0.40455551  0.41371827  0.40455551  0.36035942  0.36899138  0.34338984  0.34338984  
39_0_0     0.13921742  0.14562296  0.08986414  0.22711988  0.19207338  0.18525765  0.00000000  0.29468381  0.24896742  0.24161350  0.23433145  0.23433145  0.28686694  0.24161350  0.24161350  0.25639466  0.24896742  0.25639466  0.25639466  0.27913124  0.29468381  0.32679819  0.24896742  0.24896742  0.31863889  0.32679819  0.33504783  0.34338984  0.31056798  0.34338984  0.31056798  0.30258357  0.30258357  0.28686694  0.44190273  0.45153957  0.45153957  0.45153957  0.30258357  0.31056798  0.29468381  0.31863889  0.29468381  0.29468381  0.29468381  0.36899138  0.35182632  0.34338984  0.37772453  0.38656126  0.29468381  0.30258357  0.30258357  0.29468381  0.30258357  0.27913124  0.28686694  0.36899138  0.42299513  0.30258357  0.31056798  0.29468381  0.43238895  0.41371827  0.30258357  0.30258357  0.30258357  0.27147502  0.27913124  0.28686694  0.36899138  0.28686694  0.28686694  0.28686694  0.25639466  0.28686694  0.55545530  0.31056798  0.28686694  0.29468381  0.29468381  0.27913124  0.29468381  0.29468381  0.28686694  0.29468381  0.30258357  0.27913124  0.31056798  0.31056798  0.31056798  0.27147502  0.27147502  0.27913124  0.27147502  0.33504783  0.29468381  0.27913124  0.28686694  0.27147502  0.29468381  0.29468381  0.28686694  0.28686694  0.26389669  0.29468381  0.30258357  0.28686694  0.28686694  0.32679819  0.40455551  0.35182632  0.28686694  0.39550406  0.40455551  0.56669075  0.56669075  0.36899138  0.36899138  0.36899138  0.36035942  0.36035942  0.39550406  0.38656126  0.32679819  0.33504783  0.30258357  0.31056798  0.31056798  0.35182632  0.36035942  0.40455551  0.36899138  0.34338984  0.31863889  0.31056798  0.35182632  0.36035942  0.33504783  0.34338984  0.33504783  0.32679819  0.31863889  0.31056798  0.31056798  
49_0_0     0.32679819  0.33504783  0.25639466  0.36035942  0.36899138  0.32679819  0.29468381  0.00000000  0.08391866  0.07802024  0.09585745  0.09585745  0.12656924  0.08986414  0.07802024  0.08986414  0.08391866  0.11413220  0.11413220  0.12032477  0.12032477  0.14562296  0.08391866  0.08391866  0.15860165  0.17850371  0.15860165  0.16517678  0.12032477  0.17181045  0.20589479  0.19895203  0.19895203  0.15860165  0.34338984  0.39550406  0.38656126  0.37772453  0.13286649  0.19207338  0.16517678  0.15860165  0.13921742  0.13921742  0.13921742  0.20589479  0.19207338  0.19207338  0.21997745  0.24161350  0.14562296  0.15860165  0.15208404  0.18525765  0.15860165  0.17850371  0.15860165  0.24161350  0.22711988  0.14562296  0.15208404  0.16517678  0.30258357  0.31863889  0.15860165  0.15860165  0.15860165  0.11413220  0.12032477  0.12656924  0.23433145  0.15860165  0.17181045  0.15860165  0.14562296  0.11413220  0.33504783  0.17181045  0.17181045  0.16517678  0.16517678  0.15208404  0.16517678  0.16517678  0.16517678  0.17181045  0.17850371  0.15860165  0.18525765  0.18525765  0.18525765  0.16517678  0.13921742  0.14562296  0.13921742  0.15208404  0.13921742  0.10799068  0.13921742  0.17850371  0.17850371  0.17850371  0.15860165  0.22711988  0.16517678  0.13921742  0.14562296  0.13286649  0.13286649  0.15860165  0.28686694  0.18525765  0.11413220  0.35182632  0.30258357  0.38656126  0.38656126  0.24896742  0.24896742  0.26389669  0.27913124  0.27913124  0.27147502  0.24896742  0.29468381  0.30258357  0.26389669  0.27913124  0.28686694  0.25639466  0.23433145  0.22711988  0.27913124  0.24896742  0.27913124  0.27147502  0.24161350  0.32679819  0.24896742  0.25639466  0.26389669  0.19895203  0.20589479  0.24161350  0.24161350  
46_0_0     0.32679819  0.33504783  0.25639466  0.34338984  0.33504783  0.32679819  0.24896742  0.08391866  0.00000000  0.00530988  0.02147044  0.02147044  0.08391866  0.03798931  0.02693613  0.03798931  0.03244222  0.06060012  0.06060012  0.07802024  0.06636169  0.08986414  0.03244222  0.03244222  0.16517678  0.18525765  0.17850371  0.18525765  0.11413220  0.17850371  0.19207338  0.18525765  0.18525765  0.13286649  0.38656126  0.38656126  0.37772453  0.36899138  0.13921742  0.17181045  0.14562296  0.15208404  0.14562296  0.14562296  0.14562296  0.21997745  0.19895203  0.19895203  0.22711988  0.23433145  0.11413220  0.12032477  0.12032477  0.15208404  0.12656924  0.13286649  0.13921742  0.21997745  0.21997745  0.11413220  0.12656924  0.12032477  0.30258357  0.27913124  0.11413220  0.11413220  0.11413220  0.09585745  0.10189936  0.10799068  0.23433145  0.15208404  0.16517678  0.15208404  0.13921742  0.10799068  0.35182632  0.15208404  0.16517678  0.15860165  0.15860165  0.13286649  0.14562296  0.14562296  0.14562296  0.15208404  0.15860165  0.15208404  0.17850371  0.17850371  0.16517678  0.12032477  0.09585745  0.10189936  0.09585745  0.12032477  0.09585745  0.07802024  0.12032477  0.14562296  0.15860165  0.15860165  0.12656924  0.16517678  0.13286649  0.12032477  0.12656924  0.11413220  0.11413220  0.15208404  0.27913124  0.18525765  0.12032477  0.33504783  0.30258357  0.42299513  0.42299513  0.28686694  0.28686694  0.29468381  0.30258357  0.30258357  0.29468381  0.28686694  0.31863889  0.32679819  0.25639466  0.25639466  0.26389669  0.26389669  0.22711988  0.23433145  0.27147502  0.23433145  0.26389669  0.25639466  0.25639466  0.28686694  0.27147502  0.27913124  0.27147502  0.21997745  0.22711988  0.27913124  0.27913124  
56_0_0     0.31863889  0.32679819  0.24896742  0.33504783  0.32679819  0.31863889  0.24161350  0.07802024  0.00530988  0.00000000  0.01604454  0.01604454  0.07802024  0.03244222  0.02147044  0.03244222  0.02693613  0.05488276  0.05488276  0.07216816  0.06060012  0.08391866  0.02693613  0.02693613  0.15860165  0.17850371  0.17181045  0.17850371  0.10799068  0.17181045  0.18525765  0.17850371  0.17850371  0.12656924  0.37772453  0.37772453  0.36899138  0.36035942  0.13286649  0.16517678  0.13921742  0.14562296  0.13921742  0.13921742  0.13921742  0.21290285  0.19207338  0.19207338  0.21997745  0.22711988  0.10799068  0.11413220  0.11413220  0.14562296  0.12032477  0.12656924  0.13286649  0.21290285  0.21290285  0.10799068  0.12032477  0.11413220  0.29468381  0.27147502  0.10799068  0.10799068  0.10799068  0.08986414  0.09585745  0.10189936  0.22711988  0.14562296  0.15860165  0.14562296  0.13286649  0.10189936  0.36035942  0.14562296  0.15860165  0.15208404  0.15208404  0.12656924  0.13921742  0.13921742  0.13921742  0.14562296  0.15208404  0.14562296  0.17181045  0.17181045  0.15860165  0.11413220  0.08986414  0.09585745  0.08986414  0.11413220  0.08986414  0.07216816  0.11413220  0.13921742  0.15208404  0.15208404  0.12032477  0.15860165  0.12656924  0.11413220  0.12032477  0.10799068  0.10799068  0.14562296  0.27147502  0.17850371  0.11413220  0.32679819  0.29468381  0.41371827  0.41371827  0.27913124  0.27913124  0.28686694  0.29468381  0.29468381  0.28686694  0.27913124  0.31056798  0.31863889  0.24896742  0.24896742  0.25639466  0.25639466  0.21997745  0.22711988  0.26389669  0.22711988  0.25639466  0.24896742  0.24896742  0.27913124  0.26389669  0.27147502  0.26389669  0.21290285  0.21997745  0.27147502  0.27147502  
56_7_0     0.31056798  0.31863889  0.25639466  0.33504783  0.32679819  0.31863889  0.23433145  0.09585745  0.02147044  0.01604454  0.00000000  0.00000000  0.07216816  0.02693613  0.01604454  0.02693613  0.02147044  0.04920894  0.04920894  0.06636169  0.05488276  0.07802024  0.02147044  0.02147044  0.16517678  0.18525765  0.17850371  0.18525765  0.10189936  0.16517678  0.18525765  0.17850371  0.17850371  0.12656924  0.37772453  0.37772453  0.38656126  0.37772453  0.13286649  0.16517678  0.13921742  0.14562296  0.13921742  0.13921742  0.13921742  0.19895203  0.19207338  0.19207338  0.21997745  0.22711988  0.10799068  0.11413220  0.11413220  0.15860165  0.12032477  0.13921742  0.13286649  0.22711988  0.19895203  0.10799068  0.12032477  0.11413220  0.29468381  0.28686694  0.10799068  0.10799068  0.10799068  0.08986414  0.09585745  0.10189936  0.21290285  0.15208404  0.16517678  0.15208404  0.13921742  0.10799068  0.35182632  0.15208404  0.16517678  0.15860165  0.15860165  0.13286649  0.14562296  0.14562296  0.15208404  0.15860165  0.16517678  0.15860165  0.18525765  0.18525765  0.17181045  0.12032477  0.09585745  0.10189936  0.09585745  0.12032477  0.09585745  0.07802024  0.12032477  0.14562296  0.16517678  0.16517678  0.13286649  0.15860165  0.12656924  0.11413220  0.12032477  0.10799068  0.10799068  0.15860165  0.27147502  0.17850371  0.11413220  0.32679819  0.31056798  0.43238895  0.43238895  0.29468381  0.29468381  0.30258357  0.31056798  0.31056798  0.30258357  0.29468381  0.31056798  0.31863889  0.23433145  0.23433145  0.24161350  0.27147502  0.23433145  0.22711988  0.25639466  0.21997745  0.26389669  0.25639466  0.24161350  0.25639466  0.25639466  0.26389669  0.25639466  0.20589479  0.21290285  0.26389669  0.26389669  
46_7_0     0.31056798  0.31863889  0.25639466  0.33504783  0.32679819  0.31863889  0.23433145  0.09585745  0.02147044  0.01604454  0.00000000  0.00000000  0.07216816  0.02693613  0.01604454  0.02693613  0.02147044  0.04920894  0.04920894  0.06636169  0.05488276  0.07802024  0.02147044  0.02147044  0.16517678  0.18525765  0.17850371  0.18525765  0.10189936  0.16517678  0.18525765  0.17850371  0.17850371  0.12656924  0.37772453  0.37772453  0.38656126  0.37772453  0.13286649  0.16517678  0.13921742  0.14562296  0.13921742  0.13921742  0.13921742  0.19895203  0.19207338  0.19207338  0.21997745  0.22711988  0.10799068  0.11413220  0.11413220  0.15860165  0.12032477  0.13921742  0.13286649  0.22711988  0.19895203  0.10799068  0.12032477  0.11413220  0.29468381  0.28686694  0.10799068  0.10799068  0.10799068  0.08986414  0.09585745  0.10189936  0.21290285  0.15208404  0.16517678  0.15208404  0.13921742  0.10799068  0.35182632  0.15208404  0.16517678  0.15860165  0.15860165  0.13286649  0.14562296  0.14562296  0.15208404  0.15860165  0.16517678  0.15860165  0.18525765  0.18525765  0.17181045  0.12032477  0.09585745  0.10189936  0.09585745  0.12032477  0.09585745  0.07802024  0.12032477  0.14562296  0.16517678  0.16517678  0.13286649  0.15860165  0.12656924  0.11413220  0.12032477  0.10799068  0.10799068  0.15860165  0.27147502  0.17850371  0.11413220  0.32679819  0.31056798  0.43238895  0.43238895  0.29468381  0.29468381  0.30258357  0.31056798  0.31056798  0.30258357  0.29468381  0.31056798  0.31863889  0.23433145  0.23433145  0.24161350  0.27147502  0.23433145  0.22711988  0.25639466  0.21997745  0.26389669  0.25639466  0.24161350  0.25639466  0.25639466  0.26389669  0.25639466  0.20589479  0.21290285  0.26389669  0.26389669  
96_0_0     0.34338984  0.35182632  0.27913124  0.34338984  0.31863889  0.29468381  0.28686694  0.12656924  0.08391866  0.07802024  0.07216816  0.07216816  0.00000000  0.06636169  0.05488276  0.05488276  0.06060012  0.10189936  0.10189936  0.08391866  0.08391866  0.08986414  0.06060012  0.06060012  0.17181045  0.19207338  0.17181045  0.16517678  0.14562296  0.20589479  0.19895203  0.19207338  0.19207338  0.15860165  0.36035942  0.43238895  0.38656126  0.41371827  0.16517678  0.18525765  0.17181045  0.17850371  0.17181045  0.17181045  0.17181045  0.24161350  0.23433145  0.24161350  0.25639466  0.27913124  0.15208404  0.16517678  0.15860165  0.20589479  0.16517678  0.18525765  0.16517678  0.23433145  0.21997745  0.13921742  0.15208404  0.12032477  0.31056798  0.27913124  0.13921742  0.13921742  0.13921742  0.12032477  0.12656924  0.13286649  0.26389669  0.18525765  0.19895203  0.18525765  0.17850371  0.13921742  0.38656126  0.19207338  0.21290285  0.20589479  0.20589479  0.19207338  0.19207338  0.19207338  0.19895203  0.20589479  0.19895203  0.20589479  0.20589479  0.20589479  0.21997745  0.15860165  0.15208404  0.15860165  0.15208404  0.15860165  0.13921742  0.13286649  0.17850371  0.19207338  0.21290285  0.21290285  0.17850371  0.21290285  0.15208404  0.14562296  0.15208404  0.16517678  0.16517678  0.20589479  0.27913124  0.21997745  0.16517678  0.29468381  0.27913124  0.37772453  0.37772453  0.28686694  0.28686694  0.28686694  0.30258357  0.30258357  0.28686694  0.27913124  0.31056798  0.30258357  0.24896742  0.24896742  0.25639466  0.26389669  0.24161350  0.23433145  0.29468381  0.25639466  0.31863889  0.31056798  0.27147502  0.28686694  0.29468381  0.30258357  0.31056798  0.24161350  0.24896742  0.28686694  0.28686694  
43_0_0     0.33504783  0.34338984  0.24161350  0.34338984  0.35182632  0.32679819  0.24161350  0.08986414  0.03798931  0.03244222  0.02693613  0.02693613  0.06636169  0.00000000  0.01065788  0.02147044  0.01604454  0.05488276  0.05488276  0.06060012  0.04920894  0.07216816  0.01604454  0.01604454  0.15208404  0.17181045  0.16517678  0.17181045  0.10799068  0.15860165  0.16517678  0.15860165  0.15860165  0.12032477  0.36899138  0.36899138  0.37772453  0.36899138  0.12656924  0.15860165  0.13286649  0.13921742  0.13286649  0.13286649  0.13286649  0.20589479  0.19895203  0.19895203  0.22711988  0.24896742  0.10189936  0.11413220  0.10799068  0.15208404  0.12656924  0.13286649  0.12656924  0.23433145  0.20589479  0.10189936  0.11413220  0.10799068  0.28686694  0.27913124  0.10189936  0.10189936  0.10189936  0.08391866  0.08986414  0.09585745  0.20589479  0.13286649  0.14562296  0.13286649  0.12032477  0.10189936  0.38656126  0.15860165  0.17181045  0.16517678  0.16517678  0.13921742  0.15208404  0.15208404  0.15860165  0.16517678  0.17181045  0.16517678  0.19207338  0.19207338  0.19207338  0.11413220  0.10189936  0.10799068  0.10189936  0.12656924  0.10189936  0.08391866  0.12656924  0.15208404  0.17181045  0.17181045  0.13921742  0.17850371  0.13286649  0.12032477  0.12656924  0.11413220  0.11413220  0.15208404  0.27147502  0.18525765  0.12032477  0.31863889  0.30258357  0.42299513  0.42299513  0.27913124  0.27913124  0.29468381  0.30258357  0.30258357  0.29468381  0.28686694  0.31863889  0.32679819  0.25639466  0.25639466  0.26389669  0.24896742  0.22711988  0.21997745  0.24896742  0.21290285  0.27147502  0.26389669  0.23433145  0.27913124  0.24896742  0.25639466  0.26389669  0.21290285  0.20589479  0.25639466  0.25639466  
95_0_0     0.31863889  0.32679819  0.23433145  0.32679819  0.33504783  0.31056798  0.24161350  0.07802024  0.02693613  0.02147044  0.01604454  0.01604454  0.05488276  0.01065788  0.00000000  0.01065788  0.00530988  0.04357801  0.04357801  0.06060012  0.04920894  0.07216816  0.00530988  0.00530988  0.14562296  0.16517678  0.15860165  0.16517678  0.09585745  0.15860165  0.16517678  0.15860165  0.15860165  0.10799068  0.35182632  0.36899138  0.37772453  0.36899138  0.11413220  0.14562296  0.12032477  0.12656924  0.12032477  0.12032477  0.12032477  0.19207338  0.18525765  0.18525765  0.21290285  0.23433145  0.10189936  0.11413220  0.10799068  0.15208404  0.11413220  0.13286649  0.12656924  0.21997745  0.20589479  0.08986414  0.10189936  0.09585745  0.27147502  0.26389669  0.08986414  0.08986414  0.08986414  0.07216816  0.07802024  0.08391866  0.20589479  0.13286649  0.14562296  0.13286649  0.12032477  0.08986414  0.37772453  0.14562296  0.15860165  0.15208404  0.15208404  0.12656924  0.13921742  0.13921742  0.14562296  0.15208404  0.15860165  0.15208404  0.17850371  0.17850371  0.17850371  0.11413220  0.08986414  0.09585745  0.08986414  0.11413220  0.08986414  0.07216816  0.11413220  0.13921742  0.15860165  0.15860165  0.12656924  0.16517678  0.12032477  0.10799068  0.11413220  0.10189936  0.10189936  0.15208404  0.26389669  0.17181045  0.10799068  0.30258357  0.28686694  0.40455551  0.40455551  0.27147502  0.27147502  0.27913124  0.28686694  0.28686694  0.27913124  0.27147502  0.30258357  0.31056798  0.24161350  0.24161350  0.24896742  0.24896742  0.21290285  0.20589479  0.24896742  0.21290285  0.27147502  0.26389669  0.23433145  0.26389669  0.24896742  0.25639466  0.26389669  0.19895203  0.20589479  0.25639466  0.25639466  
79_0_0     0.33504783  0.34338984  0.24896742  0.32679819  0.33504783  0.31056798  0.25639466  0.08986414  0.03798931  0.03244222  0.02693613  0.02693613  0.05488276  0.02147044  0.01065788  0.00000000  0.00530988  0.05488276  0.05488276  0.07216816  0.06060012  0.08391866  0.01604454  0.01604454  0.14562296  0.16517678  0.15860165  0.15208404  0.10799068  0.17181045  0.17850371  0.17181045  0.17181045  0.12032477  0.36035942  0.37772453  0.38656126  0.37772453  0.11413220  0.15860165  0.13286649  0.13921742  0.13286649  0.13286649  0.13286649  0.20589479  0.17181045  0.17181045  0.19895203  0.24896742  0.11413220  0.12656924  0.12032477  0.16517678  0.12656924  0.13286649  0.13921742  0.21997745  0.19207338  0.10189936  0.10189936  0.09585745  0.27147502  0.27913124  0.08986414  0.08986414  0.08986414  0.08391866  0.08986414  0.09585745  0.20589479  0.13286649  0.14562296  0.13286649  0.13286649  0.10189936  0.37772453  0.15860165  0.15860165  0.15208404  0.15208404  0.13921742  0.15208404  0.15208404  0.14562296  0.15208404  0.15860165  0.15208404  0.17850371  0.17850371  0.17850371  0.12656924  0.10189936  0.10799068  0.10189936  0.12656924  0.10189936  0.08391866  0.12656924  0.15208404  0.16517678  0.16517678  0.13921742  0.17850371  0.13286649  0.12032477  0.12656924  0.11413220  0.11413220  0.15208404  0.24896742  0.18525765  0.12032477  0.31056798  0.29468381  0.39550406  0.39550406  0.27913124  0.27913124  0.28686694  0.29468381  0.29468381  0.28686694  0.27913124  0.31056798  0.31863889  0.24896742  0.24896742  0.25639466  0.25639466  0.21997745  0.21997745  0.24896742  0.22711988  0.28686694  0.27913124  0.24896742  0.24896742  0.26389669  0.27147502  0.27913124  0.21290285  0.21997745  0.25639466  0.25639466  
48_0_0     0.32679819  0.33504783  0.24161350  0.31863889  0.32679819  0.30258357  0.24896742  0.08391866  0.03244222  0.02693613  0.02147044  0.02147044  0.06060012  0.01604454  0.00530988  0.00530988  0.00000000  0.04920894  0.04920894  0.06636169  0.05488276  0.07802024  0.01065788  0.01065788  0.13921742  0.15860165  0.15208404  0.15860165  0.10189936  0.16517678  0.17181045  0.16517678  0.16517678  0.11413220  0.35182632  0.36899138  0.37772453  0.36899138  0.10799068  0.15208404  0.12656924  0.13286649  0.12656924  0.12656924  0.12656924  0.19895203  0.17850371  0.17850371  0.20589479  0.24161350  0.10799068  0.12032477  0.11413220  0.15860165  0.12032477  0.12656924  0.13286649  0.22711988  0.19895203  0.09585745  0.09585745  0.10189936  0.27913124  0.27147502  0.08391866  0.08391866  0.08391866  0.07802024  0.08391866  0.08986414  0.19895203  0.13921742  0.15208404  0.13921742  0.12656924  0.09585745  0.38656126  0.15208404  0.16517678  0.15860165  0.15860165  0.13286649  0.14562296  0.14562296  0.15208404  0.15860165  0.16517678  0.15860165  0.18525765  0.18525765  0.18525765  0.12032477  0.09585745  0.10189936  0.09585745  0.12032477  0.09585745  0.07802024  0.12032477  0.14562296  0.15860165  0.15860165  0.13286649  0.17181045  0.12656924  0.11413220  0.12032477  0.10799068  0.10799068  0.15860165  0.25639466  0.17850371  0.11413220  0.30258357  0.28686694  0.40455551  0.40455551  0.27147502  0.27147502  0.27913124  0.28686694  0.28686694  0.27913124  0.27147502  0.30258357  0.31056798  0.24161350  0.24161350  0.24896742  0.24896742  0.21290285  0.21290285  0.25639466  0.21997745  0.27913124  0.27147502  0.24161350  0.25639466  0.25639466  0.26389669  0.27147502  0.20589479  0.21290285  0.24896742  0.24896742  
56_6_0     0.33504783  0.34338984  0.26389669  0.31056798  0.31863889  0.32679819  0.25639466  0.11413220  0.06060012  0.05488276  0.04920894  0.04920894  0.10189936  0.05488276  0.04357801  0.05488276  0.04920894  0.00000000  0.00000000  0.08391866  0.07216816  0.09585745  0.04920894  0.04920894  0.17181045  0.17850371  0.17181045  0.17850371  0.14562296  0.19895203  0.20589479  0.19895203  0.19895203  0.14562296  0.40455551  0.42299513  0.43238895  0.42299513  0.16517678  0.19895203  0.15860165  0.17850371  0.15860165  0.15860165  0.15860165  0.20589479  0.19895203  0.19895203  0.22711988  0.24896742  0.12656924  0.12656924  0.12032477  0.19207338  0.15208404  0.17181045  0.15208404  0.24896742  0.21997745  0.12656924  0.13921742  0.12032477  0.27147502  0.26389669  0.12656924  0.12656924  0.12656924  0.12032477  0.11413220  0.13286649  0.23433145  0.18525765  0.19895203  0.18525765  0.17181045  0.13921742  0.36035942  0.18525765  0.18525765  0.17850371  0.17850371  0.16517678  0.17850371  0.16517678  0.17181045  0.17850371  0.18525765  0.16517678  0.20589479  0.20589479  0.19207338  0.16517678  0.13921742  0.14562296  0.13921742  0.16517678  0.13921742  0.12032477  0.16517678  0.17850371  0.17181045  0.17181045  0.13921742  0.17850371  0.13286649  0.13286649  0.13921742  0.15208404  0.15208404  0.17181045  0.27147502  0.17181045  0.14562296  0.31056798  0.27913124  0.41371827  0.41371827  0.27913124  0.27913124  0.27147502  0.27913124  0.27913124  0.28686694  0.27913124  0.32679819  0.33504783  0.26389669  0.26389669  0.27147502  0.23433145  0.22711988  0.22711988  0.27913124  0.23433145  0.28686694  0.27913124  0.26389669  0.29468381  0.26389669  0.27147502  0.27913124  0.21290285  0.21997745  0.25639466  0.25639466  
46_6_0     0.33504783  0.34338984  0.26389669  0.31056798  0.31863889  0.32679819  0.25639466  0.11413220  0.06060012  0.05488276  0.04920894  0.04920894  0.10189936  0.05488276  0.04357801  0.05488276  0.04920894  0.00000000  0.00000000  0.08391866  0.07216816  0.09585745  0.04920894  0.04920894  0.17181045  0.17850371  0.17181045  0.17850371  0.14562296  0.19895203  0.20589479  0.19895203  0.19895203  0.14562296  0.40455551  0.42299513  0.43238895  0.42299513  0.16517678  0.19895203  0.15860165  0.17850371  0.15860165  0.15860165  0.15860165  0.20589479  0.19895203  0.19895203  0.22711988  0.24896742  0.12656924  0.12656924  0.12032477  0.19207338  0.15208404  0.17181045  0.15208404  0.24896742  0.21997745  0.12656924  0.13921742  0.12032477  0.27147502  0.26389669  0.12656924  0.12656924  0.12656924  0.12032477  0.11413220  0.13286649  0.23433145  0.18525765  0.19895203  0.18525765  0.17181045  0.13921742  0.36035942  0.18525765  0.18525765  0.17850371  0.17850371  0.16517678  0.17850371  0.16517678  0.17181045  0.17850371  0.18525765  0.16517678  0.20589479  0.20589479  0.19207338  0.16517678  0.13921742  0.14562296  0.13921742  0.16517678  0.13921742  0.12032477  0.16517678  0.17850371  0.17181045  0.17181045  0.13921742  0.17850371  0.13286649  0.13286649  0.13921742  0.15208404  0.15208404  0.17181045  0.27147502  0.17181045  0.14562296  0.31056798  0.27913124  0.41371827  0.41371827  0.27913124  0.27913124  0.27147502  0.27913124  0.27913124  0.28686694  0.27913124  0.32679819  0.33504783  0.26389669  0.26389669  0.27147502  0.23433145  0.22711988  0.22711988  0.27913124  0.23433145  0.28686694  0.27913124  0.26389669  0.29468381  0.26389669  0.27147502  0.27913124  0.21290285  0.21997745  0.25639466  0.25639466  
43_6_0     0.36035942  0.36899138  0.28686694  0.36899138  0.36035942  0.33504783  0.27913124  0.12032477  0.07802024  0.07216816  0.06636169  0.06636169  0.08391866  0.06060012  0.06060012  0.07216816  0.06636169  0.08391866  0.08391866  0.00000000  0.02147044  0.04357801  0.06636169  0.06636169  0.21290285  0.23433145  0.22711988  0.23433145  0.16517678  0.21997745  0.22711988  0.21997745  0.21997745  0.15208404  0.40455551  0.44190273  0.43238895  0.44190273  0.18525765  0.20589479  0.19207338  0.19895203  0.17850371  0.17850371  0.17850371  0.27147502  0.26389669  0.26389669  0.27913124  0.28686694  0.14562296  0.15860165  0.15208404  0.21290285  0.17181045  0.19207338  0.15860165  0.27147502  0.22711988  0.15860165  0.17181045  0.13921742  0.34338984  0.29468381  0.15860165  0.15860165  0.15860165  0.13921742  0.13286649  0.15208404  0.27147502  0.20589479  0.21997745  0.20589479  0.19207338  0.14562296  0.37772453  0.21997745  0.20589479  0.19895203  0.19895203  0.18525765  0.19895203  0.19895203  0.20589479  0.21290285  0.20589479  0.21290285  0.22711988  0.22711988  0.22711988  0.16517678  0.15860165  0.16517678  0.15860165  0.18525765  0.15860165  0.13921742  0.18525765  0.21290285  0.21997745  0.21997745  0.18525765  0.21290285  0.16517678  0.16517678  0.17181045  0.17181045  0.17181045  0.18525765  0.29468381  0.20589479  0.15208404  0.31056798  0.29468381  0.39550406  0.39550406  0.29468381  0.29468381  0.30258357  0.31863889  0.31863889  0.31863889  0.29468381  0.33504783  0.32679819  0.27147502  0.27147502  0.27913124  0.30258357  0.26389669  0.22711988  0.27147502  0.23433145  0.29468381  0.28686694  0.26389669  0.28686694  0.28686694  0.29468381  0.30258357  0.21997745  0.22711988  0.27913124  0.27913124  
96_6_0     0.37772453  0.38656126  0.30258357  0.36899138  0.36035942  0.35182632  0.29468381  0.12032477  0.06636169  0.06060012  0.05488276  0.05488276  0.08391866  0.04920894  0.04920894  0.06060012  0.05488276  0.07216816  0.07216816  0.02147044  0.00000000  0.03244222  0.05488276  0.05488276  0.18525765  0.20589479  0.19895203  0.20589479  0.15208404  0.20589479  0.22711988  0.21997745  0.21997745  0.13921742  0.38656126  0.40455551  0.41371827  0.40455551  0.17181045  0.20589479  0.17850371  0.18525765  0.16517678  0.16517678  0.16517678  0.25639466  0.24896742  0.24896742  0.26389669  0.27147502  0.13286649  0.14562296  0.13921742  0.19895203  0.15860165  0.17181045  0.14562296  0.27147502  0.22711988  0.14562296  0.15860165  0.13921742  0.34338984  0.30258357  0.14562296  0.14562296  0.14562296  0.12656924  0.12032477  0.13921742  0.27147502  0.19207338  0.20589479  0.19207338  0.17850371  0.13286649  0.37772453  0.20589479  0.20589479  0.19895203  0.19895203  0.17181045  0.18525765  0.18525765  0.19207338  0.19895203  0.19207338  0.19895203  0.21290285  0.21290285  0.21290285  0.15208404  0.13286649  0.13921742  0.13286649  0.17181045  0.14562296  0.12656924  0.17181045  0.19895203  0.20589479  0.20589479  0.17181045  0.19895203  0.16517678  0.15208404  0.15860165  0.14562296  0.14562296  0.18525765  0.29468381  0.20589479  0.15208404  0.31056798  0.29468381  0.39550406  0.39550406  0.29468381  0.29468381  0.30258357  0.31863889  0.31863889  0.30258357  0.29468381  0.33504783  0.32679819  0.27147502  0.27147502  0.27913124  0.28686694  0.24896742  0.21290285  0.25639466  0.21997745  0.27913124  0.27147502  0.24896742  0.27147502  0.27147502  0.27913124  0.28686694  0.20589479  0.21290285  0.26389669  0.26389669  
95_6_0     0.41371827  0.42299513  0.33504783  0.33504783  0.34338984  0.33504783  0.32679819  0.14562296  0.08986414  0.08391866  0.07802024  0.07802024  0.08986414  0.07216816  0.07216816  0.08391866  0.07802024  0.09585745  0.09585745  0.04357801  0.03244222  0.00000000  0.07802024  0.06636169  0.19895203  0.21997745  0.21290285  0.21997745  0.17850371  0.21997745  0.24161350  0.23433145  0.23433145  0.16517678  0.42299513  0.42299513  0.41371827  0.42299513  0.19895203  0.23433145  0.20589479  0.21290285  0.19207338  0.19207338  0.19207338  0.27913124  0.24896742  0.26389669  0.27913124  0.27147502  0.14562296  0.15860165  0.15208404  0.19895203  0.17181045  0.19207338  0.15860165  0.27147502  0.22711988  0.17181045  0.18525765  0.16517678  0.34338984  0.31863889  0.15860165  0.15860165  0.15860165  0.15208404  0.14562296  0.16517678  0.30258357  0.21997745  0.23433145  0.21997745  0.19895203  0.15860165  0.39550406  0.21997745  0.23433145  0.22711988  0.22711988  0.19895203  0.21290285  0.21290285  0.21997745  0.22711988  0.23433145  0.22711988  0.24161350  0.24161350  0.24161350  0.17850371  0.17181045  0.17850371  0.17181045  0.17181045  0.15860165  0.13921742  0.19895203  0.22711988  0.21997745  0.21997745  0.18525765  0.19895203  0.16517678  0.16517678  0.17181045  0.18525765  0.18525765  0.19895203  0.26389669  0.21997745  0.16517678  0.32679819  0.31056798  0.37772453  0.37772453  0.32679819  0.32679819  0.31863889  0.33504783  0.33504783  0.31056798  0.31056798  0.36035942  0.35182632  0.27913124  0.27913124  0.28686694  0.31056798  0.27147502  0.24896742  0.29468381  0.25639466  0.31863889  0.31056798  0.27147502  0.31056798  0.31056798  0.31863889  0.32679819  0.24161350  0.24896742  0.28686694  0.28686694  
