151
66_0_0     0.00000000  0.00000000  0.03112918  0.06361597  0.05700429  0.05700429  0.05045078  0.06361597  0.07028684  0.09066552  0.14790212  0.14050241  0.16292574  0.17055271  0.20990466  0.15537606  0.25145166  0.25145166  0.23455383  0.46811127  0.29545316  0.32315807  0.34221745  0.27753952  0.29545316  0.30457413  0.35193317  0.36177726  0.36177726  0.35193317  0.28644250  0.26004651  0.34221745  0.34221745  0.34221745  0.32315807  0.27753952  0.29545316  0.28644250  0.31380815  0.31380815  0.27753952  0.24295484  0.26004651  0.28644250  0.31380815  0.31380815  0.31380815  0.27753952  0.29545316  0.29545316  0.25145166  0.23455383  0.31380815  0.31380815  0.37175316  0.26874167  0.26004651  0.26004651  0.30457413  0.30457413  0.34221745  0.36177726  0.38186446  0.39211488  0.39211488  0.37175316  0.37175316  0.36177726  0.26004651  0.30457413  0.31380815  0.34221745  0.32315807  0.29545316  0.47962951  0.38186446  0.41304878  0.37175316  0.54005366  0.47962951  0.46811127  0.46811127  0.47962951  0.47962951  0.45676839  0.43458793  0.43458793  0.45676839  0.41304878  0.50321441  0.49132864  0.60581448  0.49132864  0.50321441  0.51529288  0.49132864  0.49132864  0.47962951  0.49132864  0.49132864  0.46811127  0.46811127  0.45676839  0.47962951  0.45676839  0.51529288  0.44559562  0.44559562  0.52757041  0.49132864  0.47962951  0.49132864  0.56566573  0.60581448  0.49132864  0.51529288  0.45676839  0.45676839  0.45676839  0.45676839  0.44559562  0.45676839  0.44559562  0.51529288  0.66295078  0.49132864  0.50321441  0.44559562  0.44559562  0.46811127  0.49132864  0.54005366  0.54005366  0.49132864  0.49132864  0.51529288  0.50321441  0.52757041  0.50321441  0.49132864  0.47962951  0.51529288  0.50321441  0.52757041  0.52757041  0.51529288  0.52757041  0.47962951  0.44559562  0.44559562  
80_0_0     0.00000000  0.00000000  0.03112918  0.06361597  0.05700429  0.05700429  0.05045078  0.06361597  0.07028684  0.09066552  0.14790212  0.14050241  0.16292574  0.17055271  0.20990466  0.15537606  0.25145166  0.25145166  0.23455383  0.46811127  0.29545316  0.32315807  0.34221745  0.27753952  0.29545316  0.30457413  0.35193317  0.36177726  0.36177726  0.35193317  0.28644250  0.26004651  0.34221745  0.34221745  0.34221745  0.32315807  0.27753952  0.29545316  0.28644250  0.31380815  0.31380815  0.27753952  0.24295484  0.26004651  0.28644250  0.31380815  0.31380815  0.31380815  0.27753952  0.29545316  0.29545316  0.25145166  0.23455383  0.31380815  0.31380815  0.37175316  0.26874167  0.26004651  0.26004651  0.30457413  0.30457413  0.34221745  0.36177726  0.38186446  0.39211488  0.39211488  0.37175316  0.37175316  0.36177726  0.26004651  0.30457413  0.31380815  0.34221745  0.32315807  0.29545316  0.47962951  0.38186446  0.41304878  0.37175316  0.54005366  0.47962951  0.46811127  0.46811127  0.47962951  0.47962951  0.45676839  0.43458793  0.43458793  0.45676839  0.41304878  0.50321441  0.49132864  0.60581448  0.49132864  0.50321441  0.51529288  0.49132864  0.49132864  0.47962951  0.49132864  0.49132864  0.46811127  0.46811127  0.45676839  0.47962951  0.45676839  0.51529288  0.44559562  0.44559562  0.52757041  0.49132864  0.47962951  0.49132864  0.56566573  0.60581448  0.49132864  0.51529288  0.45676839  0.45676839  0.45676839  0.45676839  0.44559562  0.45676839  0.44559562  0.51529288  0.66295078  0.49132864  0.50321441  0.44559562  0.44559562  0.46811127  0.49132864  0.54005366  0.54005366  0.49132864  0.49132864  0.51529288  0.50321441  0.52757041  0.50321441  0.49132864  0.47962951  0.51529288  0.50321441  0.52757041  0.52757041  0.51529288  0.52757041  0.47962951  0.44559562  0.44559562  
84_0_0     0.03112918  0.03112918  0.00000000  0.05700429  0.06361597  0.06361597  0.05700429  0.07028684  0.07701799  0.07701799  0.15537606  0.14790212  0.17055271  0.17825857  0.21803077  0.16292574  0.24295484  0.24295484  0.22624649  0.46811127  0.28644250  0.29545316  0.31380815  0.28644250  0.30457413  0.29545316  0.38186446  0.39211488  0.39211488  0.38186446  0.31380815  0.30457413  0.33262681  0.33262681  0.33262681  0.31380815  0.28644250  0.28644250  0.27753952  0.30457413  0.30457413  0.29545316  0.21803077  0.24295484  0.29545316  0.30457413  0.30457413  0.32315807  0.28644250  0.30457413  0.30457413  0.26004651  0.26004651  0.32315807  0.32315807  0.36177726  0.28644250  0.27753952  0.27753952  0.30457413  0.30457413  0.34221745  0.38186446  0.38186446  0.39211488  0.39211488  0.37175316  0.37175316  0.37175316  0.29545316  0.32315807  0.33262681  0.38186446  0.36177726  0.33262681  0.46811127  0.39211488  0.42374052  0.37175316  0.57880971  0.51529288  0.50321441  0.50321441  0.51529288  0.51529288  0.49132864  0.46811127  0.46811127  0.46811127  0.44559562  0.51529288  0.50321441  0.61969303  0.52757041  0.54005366  0.52757041  0.49132864  0.52757041  0.51529288  0.52757041  0.52757041  0.47962951  0.47962951  0.46811127  0.49132864  0.46811127  0.52757041  0.47962951  0.47962951  0.55274964  0.50321441  0.49132864  0.50321441  0.57880971  0.64825068  0.50321441  0.52757041  0.45676839  0.47962951  0.47962951  0.47962951  0.46811127  0.47962951  0.46811127  0.52757041  0.66295078  0.50321441  0.51529288  0.47962951  0.47962951  0.50321441  0.52757041  0.52757041  0.52757041  0.50321441  0.52757041  0.55274964  0.54005366  0.56566573  0.54005366  0.47962951  0.46811127  0.50321441  0.51529288  0.54005366  0.54005366  0.55274964  0.56566573  0.49132864  0.45676839  0.45676839  
78_0_0     0.06361597  0.06361597  0.05700429  0.00000000  0.09758420  0.09758420  0.09066552  0.10456773  0.11161734  0.11873430  0.19391360  0.18604496  0.22624649  0.21803077  0.25145166  0.20186622  0.26874167  0.26874167  0.25145166  0.50321441  0.33262681  0.36177726  0.34221745  0.31380815  0.31380815  0.30457413  0.40250831  0.41304878  0.41304878  0.40250831  0.30457413  0.27753952  0.38186446  0.38186446  0.38186446  0.34221745  0.29545316  0.31380815  0.30457413  0.37175316  0.37175316  0.32315807  0.26004651  0.28644250  0.33262681  0.36177726  0.36177726  0.35193317  0.33262681  0.35193317  0.35193317  0.29545316  0.27753952  0.36177726  0.36177726  0.42374052  0.32315807  0.31380815  0.31380815  0.34221745  0.34221745  0.37175316  0.42374052  0.40250831  0.41304878  0.41304878  0.39211488  0.39211488  0.41304878  0.31380815  0.36177726  0.35193317  0.40250831  0.38186446  0.35193317  0.47962951  0.40250831  0.43458793  0.43458793  0.56566573  0.50321441  0.51529288  0.51529288  0.55274964  0.52757041  0.52757041  0.50321441  0.50321441  0.52757041  0.47962951  0.56566573  0.55274964  0.59218974  0.55274964  0.54005366  0.57880971  0.54005366  0.55274964  0.54005366  0.55274964  0.51529288  0.51529288  0.49132864  0.50321441  0.52757041  0.50321441  0.54005366  0.49132864  0.49132864  0.56566573  0.56566573  0.55274964  0.56566573  0.61969303  0.67794678  0.51529288  0.54005366  0.50321441  0.50321441  0.50321441  0.50321441  0.49132864  0.50321441  0.49132864  0.56566573  0.67794678  0.55274964  0.56566573  0.47962951  0.47962951  0.50321441  0.50321441  0.55274964  0.55274964  0.52757041  0.52757041  0.59218974  0.57880971  0.57880971  0.55274964  0.49132864  0.47962951  0.51529288  0.50321441  0.57880971  0.57880971  0.59218974  0.60581448  0.55274964  0.51529288  0.50321441  
83_0_0     0.05700429  0.05700429  0.06361597  0.09758420  0.00000000  0.00000000  0.01852100  0.03112918  0.02479842  0.12591990  0.15537606  0.16292574  0.18604496  0.17825857  0.23455383  0.16292574  0.23455383  0.23455383  0.23455383  0.47962951  0.33262681  0.38186446  0.40250831  0.27753952  0.31380815  0.32315807  0.37175316  0.42374052  0.42374052  0.37175316  0.32315807  0.29545316  0.34221745  0.34221745  0.34221745  0.34221745  0.29545316  0.31380815  0.30457413  0.33262681  0.31380815  0.31380815  0.26004651  0.29545316  0.30457413  0.34221745  0.34221745  0.35193317  0.29545316  0.31380815  0.31380815  0.26874167  0.26874167  0.31380815  0.31380815  0.39211488  0.29545316  0.28644250  0.28644250  0.32315807  0.32315807  0.36177726  0.40250831  0.40250831  0.39211488  0.39211488  0.39211488  0.39211488  0.36177726  0.30457413  0.29545316  0.32315807  0.35193317  0.33262681  0.30457413  0.46811127  0.38186446  0.41304878  0.41304878  0.52757041  0.51529288  0.50321441  0.50321441  0.49132864  0.49132864  0.46811127  0.44559562  0.44559562  0.46811127  0.42374052  0.46811127  0.45676839  0.54005366  0.45676839  0.47962951  0.45676839  0.47962951  0.43458793  0.42374052  0.43458793  0.43458793  0.47962951  0.47962951  0.46811127  0.49132864  0.46811127  0.45676839  0.45676839  0.45676839  0.50321441  0.47962951  0.49132864  0.50321441  0.59218974  0.59218974  0.45676839  0.47962951  0.45676839  0.45676839  0.45676839  0.47962951  0.46811127  0.47962951  0.46811127  0.60581448  0.72483564  0.50321441  0.49132864  0.45676839  0.45676839  0.50321441  0.52757041  0.57880971  0.57880971  0.52757041  0.52757041  0.52757041  0.51529288  0.54005366  0.54005366  0.47962951  0.46811127  0.50321441  0.49132864  0.51529288  0.51529288  0.52757041  0.54005366  0.51529288  0.47962951  0.47962951  
96_0_0     0.05700429  0.05700429  0.06361597  0.09758420  0.00000000  0.00000000  0.01852100  0.03112918  0.02479842  0.12591990  0.15537606  0.16292574  0.18604496  0.17825857  0.23455383  0.16292574  0.23455383  0.23455383  0.23455383  0.47962951  0.33262681  0.38186446  0.40250831  0.27753952  0.31380815  0.32315807  0.37175316  0.42374052  0.42374052  0.37175316  0.32315807  0.29545316  0.34221745  0.34221745  0.34221745  0.34221745  0.29545316  0.31380815  0.30457413  0.33262681  0.31380815  0.31380815  0.26004651  0.29545316  0.30457413  0.34221745  0.34221745  0.35193317  0.29545316  0.31380815  0.31380815  0.26874167  0.26874167  0.31380815  0.31380815  0.39211488  0.29545316  0.28644250  0.28644250  0.32315807  0.32315807  0.36177726  0.40250831  0.40250831  0.39211488  0.39211488  0.39211488  0.39211488  0.36177726  0.30457413  0.29545316  0.32315807  0.35193317  0.33262681  0.30457413  0.46811127  0.38186446  0.41304878  0.41304878  0.52757041  0.51529288  0.50321441  0.50321441  0.49132864  0.49132864  0.46811127  0.44559562  0.44559562  0.46811127  0.42374052  0.46811127  0.45676839  0.54005366  0.45676839  0.47962951  0.45676839  0.47962951  0.43458793  0.42374052  0.43458793  0.43458793  0.47962951  0.47962951  0.46811127  0.49132864  0.46811127  0.45676839  0.45676839  0.45676839  0.50321441  0.47962951  0.49132864  0.50321441  0.59218974  0.59218974  0.45676839  0.47962951  0.45676839  0.45676839  0.45676839  0.47962951  0.46811127  0.47962951  0.46811127  0.60581448  0.72483564  0.50321441  0.49132864  0.45676839  0.45676839  0.50321441  0.52757041  0.57880971  0.57880971  0.52757041  0.52757041  0.52757041  0.51529288  0.54005366  0.54005366  0.47962951  0.46811127  0.50321441  0.49132864  0.51529288  0.51529288  0.52757041  0.54005366  0.51529288  0.47962951  0.47962951  
97_0_0     0.05045078  0.05045078  0.05700429  0.09066552  0.01852100  0.01852100  0.00000000  0.02479842  0.03112918  0.10456773  0.16292574  0.15537606  0.17825857  0.17055271  0.22624649  0.17055271  0.26004651  0.26004651  0.24295484  0.49132864  0.32315807  0.37175316  0.39211488  0.28644250  0.30457413  0.31380815  0.34221745  0.39211488  0.39211488  0.34221745  0.31380815  0.28644250  0.35193317  0.35193317  0.35193317  0.34221745  0.29545316  0.31380815  0.30457413  0.35193317  0.33262681  0.30457413  0.25145166  0.28644250  0.31380815  0.34221745  0.34221745  0.34221745  0.28644250  0.30457413  0.30457413  0.27753952  0.27753952  0.32315807  0.30457413  0.39211488  0.28644250  0.27753952  0.27753952  0.34221745  0.34221745  0.38186446  0.42374052  0.40250831  0.39211488  0.39211488  0.41304878  0.41304878  0.38186446  0.29545316  0.32315807  0.35193317  0.38186446  0.36177726  0.33262681  0.47962951  0.39211488  0.42374052  0.40250831  0.54005366  0.50321441  0.49132864  0.49132864  0.47962951  0.47962951  0.45676839  0.43458793  0.43458793  0.45676839  0.41304878  0.50321441  0.49132864  0.57880971  0.49132864  0.50321441  0.49132864  0.46811127  0.46811127  0.45676839  0.46811127  0.46811127  0.46811127  0.46811127  0.45676839  0.47962951  0.47962951  0.46811127  0.44559562  0.44559562  0.49132864  0.46811127  0.47962951  0.49132864  0.60581448  0.57880971  0.46811127  0.49132864  0.44559562  0.44559562  0.44559562  0.46811127  0.45676839  0.49132864  0.47962951  0.59218974  0.70887587  0.49132864  0.47962951  0.46811127  0.46811127  0.51529288  0.54005366  0.59218974  0.59218974  0.54005366  0.51529288  0.54005366  0.52757041  0.55274964  0.52757041  0.49132864  0.47962951  0.51529288  0.50321441  0.55274964  0.55274964  0.56566573  0.57880971  0.50321441  0.46811127  0.44559562  
64_0_0     0.06361597  0.06361597  0.07028684  0.10456773  0.03112918  0.03112918  0.02479842  0.00000000  0.03112918  0.12591990  0.17825857  0.17055271  0.18604496  0.18604496  0.24295484  0.17825857  0.27753952  0.27753952  0.26004651  0.51529288  0.31380815  0.36177726  0.38186446  0.28644250  0.30457413  0.31380815  0.37175316  0.42374052  0.42374052  0.36177726  0.31380815  0.28644250  0.34221745  0.34221745  0.34221745  0.35193317  0.31380815  0.33262681  0.32315807  0.36177726  0.34221745  0.31380815  0.26004651  0.29545316  0.33262681  0.36177726  0.36177726  0.35193317  0.29545316  0.31380815  0.31380815  0.29545316  0.29545316  0.34221745  0.34221745  0.41304878  0.30457413  0.31380815  0.31380815  0.33262681  0.33262681  0.37175316  0.41304878  0.41304878  0.40250831  0.40250831  0.40250831  0.40250831  0.37175316  0.30457413  0.33262681  0.36177726  0.39211488  0.35193317  0.34221745  0.50321441  0.39211488  0.42374052  0.40250831  0.51529288  0.49132864  0.47962951  0.47962951  0.46811127  0.46811127  0.44559562  0.42374052  0.42374052  0.44559562  0.42374052  0.51529288  0.50321441  0.59218974  0.50321441  0.51529288  0.50321441  0.47962951  0.47962951  0.46811127  0.47962951  0.47962951  0.47962951  0.47962951  0.46811127  0.49132864  0.46811127  0.47962951  0.45676839  0.45676839  0.52757041  0.50321441  0.50321441  0.51529288  0.59218974  0.61969303  0.50321441  0.52757041  0.47962951  0.47962951  0.47962951  0.49132864  0.47962951  0.49132864  0.47962951  0.56566573  0.66295078  0.51529288  0.50321441  0.46811127  0.46811127  0.50321441  0.52757041  0.57880971  0.57880971  0.52757041  0.54005366  0.54005366  0.52757041  0.55274964  0.52757041  0.47962951  0.46811127  0.50321441  0.49132864  0.57880971  0.57880971  0.57880971  0.59218974  0.50321441  0.49132864  0.49132864  
76_0_0     0.07028684  0.07028684  0.07701799  0.11161734  0.02479842  0.02479842  0.03112918  0.03112918  0.00000000  0.12591990  0.15537606  0.16292574  0.17825857  0.17825857  0.21803077  0.16292574  0.25145166  0.25145166  0.25145166  0.47962951  0.31380815  0.34221745  0.36177726  0.26004651  0.29545316  0.30457413  0.39211488  0.42374052  0.42374052  0.39211488  0.32315807  0.29545316  0.32315807  0.32315807  0.32315807  0.32315807  0.29545316  0.29545316  0.28644250  0.33262681  0.31380815  0.31380815  0.26004651  0.27753952  0.28644250  0.32315807  0.32315807  0.36177726  0.30457413  0.32315807  0.32315807  0.27753952  0.27753952  0.29545316  0.31380815  0.39211488  0.27753952  0.28644250  0.28644250  0.34221745  0.34221745  0.38186446  0.40250831  0.42374052  0.41304878  0.41304878  0.41304878  0.41304878  0.38186446  0.32315807  0.33262681  0.36177726  0.37175316  0.35193317  0.34221745  0.45676839  0.35193317  0.38186446  0.37175316  0.50321441  0.49132864  0.47962951  0.47962951  0.46811127  0.46811127  0.44559562  0.42374052  0.42374052  0.44559562  0.40250831  0.47962951  0.46811127  0.55274964  0.46811127  0.51529288  0.46811127  0.49132864  0.44559562  0.43458793  0.44559562  0.44559562  0.46811127  0.46811127  0.45676839  0.47962951  0.45676839  0.46811127  0.44559562  0.44559562  0.49132864  0.49132864  0.50321441  0.49132864  0.57880971  0.63383503  0.46811127  0.49132864  0.46811127  0.46811127  0.46811127  0.49132864  0.50321441  0.51529288  0.50321441  0.59218974  0.69325084  0.49132864  0.47962951  0.44559562  0.44559562  0.49132864  0.51529288  0.56566573  0.56566573  0.51529288  0.51529288  0.51529288  0.50321441  0.52757041  0.52757041  0.45676839  0.44559562  0.45676839  0.44559562  0.52757041  0.52757041  0.56566573  0.57880971  0.52757041  0.49132864  0.49132864  
75_0_0     0.09066552  0.09066552  0.07701799  0.11873430  0.12591990  0.12591990  0.10456773  0.12591990  0.12591990  0.00000000  0.18604496  0.17825857  0.18604496  0.19391360  0.24295484  0.17825857  0.26874167  0.26874167  0.26004651  0.47962951  0.34221745  0.32315807  0.34221745  0.28644250  0.30457413  0.29545316  0.39211488  0.36177726  0.36177726  0.37175316  0.30457413  0.28644250  0.38186446  0.38186446  0.36177726  0.32315807  0.30457413  0.31380815  0.30457413  0.31380815  0.31380815  0.30457413  0.22624649  0.23455383  0.32315807  0.34221745  0.34221745  0.32315807  0.30457413  0.32315807  0.32315807  0.31380815  0.30457413  0.32315807  0.32315807  0.37175316  0.31380815  0.30457413  0.30457413  0.33262681  0.33262681  0.38186446  0.39211488  0.37175316  0.38186446  0.38186446  0.38186446  0.38186446  0.38186446  0.31380815  0.35193317  0.34221745  0.35193317  0.37175316  0.33262681  0.46811127  0.41304878  0.44559562  0.37175316  0.52757041  0.51529288  0.50321441  0.50321441  0.51529288  0.49132864  0.51529288  0.51529288  0.51529288  0.50321441  0.49132864  0.50321441  0.51529288  0.61969303  0.52757041  0.51529288  0.51529288  0.50321441  0.50321441  0.49132864  0.50321441  0.50321441  0.46811127  0.47962951  0.45676839  0.45676839  0.47962951  0.51529288  0.45676839  0.45676839  0.50321441  0.49132864  0.45676839  0.44559562  0.61969303  0.59218974  0.46811127  0.49132864  0.45676839  0.44559562  0.44559562  0.45676839  0.46811127  0.47962951  0.46811127  0.59218974  0.67794678  0.55274964  0.56566573  0.54005366  0.54005366  0.54005366  0.56566573  0.63383503  0.63383503  0.56566573  0.55274964  0.57880971  0.56566573  0.59218974  0.56566573  0.52757041  0.51529288  0.51529288  0.52757041  0.59218974  0.59218974  0.54005366  0.55274964  0.50321441  0.49132864  0.45676839  
67_0_0     0.14790212  0.14790212  0.15537606  0.19391360  0.15537606  0.15537606  0.16292574  0.17825857  0.15537606  0.18604496  0.00000000  0.01852100  0.03751420  0.03112918  0.11161734  0.00612265  0.17055271  0.17055271  0.18604496  0.45676839  0.32315807  0.31380815  0.33262681  0.26874167  0.26004651  0.26874167  0.38186446  0.35193317  0.35193317  0.38186446  0.27753952  0.28644250  0.29545316  0.29545316  0.31380815  0.26874167  0.24295484  0.24295484  0.25145166  0.29545316  0.27753952  0.26874167  0.25145166  0.25145166  0.23455383  0.23455383  0.23455383  0.36177726  0.28644250  0.30457413  0.28644250  0.24295484  0.27753952  0.20990466  0.22624649  0.29545316  0.24295484  0.23455383  0.23455383  0.27753952  0.27753952  0.33262681  0.33262681  0.34221745  0.35193317  0.35193317  0.32315807  0.32315807  0.33262681  0.31380815  0.30457413  0.29545316  0.32315807  0.32315807  0.31380815  0.36177726  0.28644250  0.31380815  0.34221745  0.46811127  0.47962951  0.46811127  0.46811127  0.45676839  0.41304878  0.43458793  0.41304878  0.41304878  0.41304878  0.39211488  0.42374052  0.43458793  0.52757041  0.45676839  0.47962951  0.43458793  0.43458793  0.43458793  0.42374052  0.43458793  0.44559562  0.54005366  0.54005366  0.52757041  0.55274964  0.52757041  0.50321441  0.54005366  0.54005366  0.49132864  0.49132864  0.50321441  0.51529288  0.59218974  0.61969303  0.47962951  0.50321441  0.47962951  0.49132864  0.49132864  0.46811127  0.47962951  0.46811127  0.47962951  0.51529288  0.52757041  0.50321441  0.51529288  0.51529288  0.51529288  0.51529288  0.51529288  0.54005366  0.54005366  0.54005366  0.51529288  0.52757041  0.51529288  0.51529288  0.54005366  0.49132864  0.47962951  0.46811127  0.46811127  0.42374052  0.42374052  0.45676839  0.46811127  0.50321441  0.49132864  0.41304878  
69_0_0     0.14050241  0.14050241  0.14790212  0.18604496  0.16292574  0.16292574  0.15537606  0.17055271  0.16292574  0.17825857  0.01852100  0.00000000  0.04395441  0.03751420  0.09758420  0.02479842  0.17825857  0.17825857  0.17825857  0.46811127  0.33262681  0.30457413  0.32315807  0.27753952  0.25145166  0.26004651  0.37175316  0.34221745  0.34221745  0.37175316  0.25145166  0.27753952  0.30457413  0.30457413  0.32315807  0.28644250  0.26004651  0.26004651  0.26874167  0.29545316  0.29545316  0.26004651  0.24295484  0.24295484  0.22624649  0.21803077  0.21803077  0.33262681  0.26004651  0.27753952  0.26004651  0.21803077  0.25145166  0.21803077  0.23455383  0.30457413  0.25145166  0.24295484  0.24295484  0.29545316  0.29545316  0.35193317  0.35193317  0.36177726  0.37175316  0.37175316  0.34221745  0.34221745  0.33262681  0.28644250  0.29545316  0.28644250  0.31380815  0.31380815  0.30457413  0.37175316  0.29545316  0.32315807  0.33262681  0.47962951  0.46811127  0.45676839  0.45676839  0.44559562  0.40250831  0.42374052  0.40250831  0.40250831  0.40250831  0.38186446  0.41304878  0.42374052  0.56566573  0.44559562  0.45676839  0.42374052  0.42374052  0.42374052  0.41304878  0.42374052  0.43458793  0.52757041  0.52757041  0.51529288  0.54005366  0.51529288  0.51529288  0.52757041  0.52757041  0.47962951  0.47962951  0.49132864  0.50321441  0.56566573  0.57880971  0.46811127  0.49132864  0.46811127  0.47962951  0.47962951  0.43458793  0.44559562  0.43458793  0.44559562  0.52757041  0.51529288  0.51529288  0.52757041  0.47962951  0.47962951  0.52757041  0.52757041  0.55274964  0.55274964  0.55274964  0.52757041  0.54005366  0.52757041  0.52757041  0.52757041  0.47962951  0.46811127  0.45676839  0.45676839  0.45676839  0.45676839  0.49132864  0.50321441  0.51529288  0.50321441  0.42374052  
88_0_0     0.16292574  0.16292574  0.17055271  0.22624649  0.18604496  0.18604496  0.17825857  0.18604496  0.17825857  0.18604496  0.03751420  0.04395441  0.00000000  0.05700429  0.13317548  0.03112918  0.20990466  0.20990466  0.20990466  0.47962951  0.31380815  0.30457413  0.32315807  0.27753952  0.26874167  0.27753952  0.40250831  0.35193317  0.35193317  0.36177726  0.29545316  0.30457413  0.28644250  0.28644250  0.30457413  0.26874167  0.28644250  0.27753952  0.28644250  0.27753952  0.26004651  0.24295484  0.24295484  0.24295484  0.26004651  0.23455383  0.23455383  0.33262681  0.26004651  0.27753952  0.26004651  0.26874167  0.28644250  0.23455383  0.25145166  0.30457413  0.25145166  0.24295484  0.24295484  0.26874167  0.26874167  0.30457413  0.29545316  0.32315807  0.33262681  0.33262681  0.30457413  0.30457413  0.33262681  0.29545316  0.30457413  0.31380815  0.32315807  0.32315807  0.31380815  0.35193317  0.28644250  0.31380815  0.31380815  0.46811127  0.47962951  0.46811127  0.46811127  0.43458793  0.41304878  0.41304878  0.41304878  0.41304878  0.41304878  0.37175316  0.44559562  0.45676839  0.52757041  0.47962951  0.49132864  0.45676839  0.41304878  0.45676839  0.44559562  0.45676839  0.47962951  0.51529288  0.54005366  0.52757041  0.55274964  0.50321441  0.52757041  0.54005366  0.55274964  0.52757041  0.50321441  0.50321441  0.51529288  0.55274964  0.56566573  0.51529288  0.54005366  0.45676839  0.46811127  0.46811127  0.44559562  0.45676839  0.44559562  0.45676839  0.49132864  0.50321441  0.50321441  0.51529288  0.47962951  0.47962951  0.49132864  0.51529288  0.52757041  0.52757041  0.54005366  0.49132864  0.52757041  0.51529288  0.54005366  0.51529288  0.49132864  0.47962951  0.46811127  0.46811127  0.43458793  0.43458793  0.44559562  0.45676839  0.46811127  0.45676839  0.39211488  
72_0_0     0.17055271  0.17055271  0.17825857  0.21803077  0.17825857  0.17825857  0.17055271  0.18604496  0.17825857  0.19391360  0.03112918  0.03751420  0.05700429  0.00000000  0.07701799  0.03751420  0.17825857  0.17825857  0.18604496  0.45676839  0.31380815  0.28644250  0.30457413  0.26874167  0.24295484  0.25145166  0.34221745  0.31380815  0.31380815  0.34221745  0.25145166  0.26004651  0.27753952  0.27753952  0.31380815  0.26874167  0.24295484  0.24295484  0.25145166  0.29545316  0.27753952  0.27753952  0.24295484  0.22624649  0.24295484  0.23455383  0.23455383  0.35193317  0.29545316  0.31380815  0.29545316  0.25145166  0.28644250  0.21803077  0.23455383  0.27753952  0.25145166  0.24295484  0.24295484  0.29545316  0.29545316  0.35193317  0.35193317  0.36177726  0.37175316  0.37175316  0.34221745  0.34221745  0.33262681  0.30457413  0.31380815  0.28644250  0.31380815  0.33262681  0.32315807  0.39211488  0.31380815  0.34221745  0.32315807  0.44559562  0.46811127  0.44559562  0.44559562  0.43458793  0.39211488  0.39211488  0.39211488  0.39211488  0.39211488  0.37175316  0.43458793  0.44559562  0.54005366  0.46811127  0.45676839  0.44559562  0.42374052  0.44559562  0.43458793  0.44559562  0.45676839  0.55274964  0.55274964  0.54005366  0.54005366  0.54005366  0.51529288  0.55274964  0.55274964  0.50321441  0.50321441  0.49132864  0.50321441  0.59218974  0.57880971  0.49132864  0.51529288  0.46811127  0.47962951  0.47962951  0.45676839  0.46811127  0.45676839  0.46811127  0.49132864  0.50321441  0.50321441  0.51529288  0.49132864  0.49132864  0.51529288  0.51529288  0.54005366  0.54005366  0.54005366  0.51529288  0.52757041  0.54005366  0.51529288  0.51529288  0.49132864  0.47962951  0.46811127  0.46811127  0.42374052  0.42374052  0.43458793  0.44559562  0.47962951  0.46811127  0.41304878  
70_0_0     0.20990466  0.20990466  0.21803077  0.25145166  0.23455383  0.23455383  0.22624649  0.24295484  0.21803077  0.24295484  0.11161734  0.09758420  0.13317548  0.07701799  0.00000000  0.11873430  0.21803077  0.21803077  0.22624649  0.44559562  0.34221745  0.30457413  0.32315807  0.30457413  0.27753952  0.28644250  0.38186446  0.34221745  0.34221745  0.40250831  0.28644250  0.31380815  0.29545316  0.29545316  0.31380815  0.29545316  0.29545316  0.25145166  0.26004651  0.27753952  0.30457413  0.31380815  0.26004651  0.24295484  0.28644250  0.27753952  0.27753952  0.30457413  0.28644250  0.28644250  0.30457413  0.24295484  0.26004651  0.26004651  0.27753952  0.30457413  0.26004651  0.25145166  0.25145166  0.37175316  0.37175316  0.43458793  0.39211488  0.46811127  0.47962951  0.47962951  0.44559562  0.44559562  0.39211488  0.33262681  0.36177726  0.33262681  0.37175316  0.40250831  0.37175316  0.41304878  0.33262681  0.36177726  0.33262681  0.45676839  0.47962951  0.45676839  0.45676839  0.46811127  0.42374052  0.42374052  0.40250831  0.40250831  0.40250831  0.40250831  0.47962951  0.49132864  0.60581448  0.51529288  0.50321441  0.49132864  0.46811127  0.49132864  0.47962951  0.49132864  0.50321441  0.55274964  0.55274964  0.54005366  0.54005366  0.54005366  0.54005366  0.55274964  0.55274964  0.51529288  0.52757041  0.51529288  0.50321441  0.59218974  0.55274964  0.51529288  0.51529288  0.46811127  0.50321441  0.50321441  0.45676839  0.46811127  0.45676839  0.46811127  0.50321441  0.52757041  0.47962951  0.49132864  0.45676839  0.45676839  0.49132864  0.49132864  0.51529288  0.51529288  0.51529288  0.50321441  0.56566573  0.57880971  0.55274964  0.55274964  0.47962951  0.46811127  0.45676839  0.45676839  0.47962951  0.47962951  0.51529288  0.50321441  0.51529288  0.50321441  0.51529288  
93_0_0     0.15537606  0.15537606  0.16292574  0.20186622  0.16292574  0.16292574  0.17055271  0.17825857  0.16292574  0.17825857  0.00612265  0.02479842  0.03112918  0.03751420  0.11873430  0.00000000  0.17825857  0.17825857  0.19391360  0.46811127  0.31380815  0.30457413  0.32315807  0.26004651  0.25145166  0.26004651  0.39211488  0.36177726  0.36177726  0.37175316  0.26874167  0.27753952  0.28644250  0.28644250  0.30457413  0.26004651  0.25145166  0.25145166  0.26004651  0.28644250  0.26874167  0.26004651  0.24295484  0.24295484  0.24295484  0.24295484  0.24295484  0.35193317  0.27753952  0.29545316  0.27753952  0.25145166  0.28644250  0.21803077  0.23455383  0.28644250  0.25145166  0.24295484  0.24295484  0.26874167  0.26874167  0.32315807  0.32315807  0.33262681  0.34221745  0.34221745  0.31380815  0.31380815  0.32315807  0.30457413  0.29545316  0.28644250  0.31380815  0.31380815  0.30457413  0.37175316  0.29545316  0.32315807  0.35193317  0.45676839  0.49132864  0.47962951  0.47962951  0.46811127  0.42374052  0.44559562  0.42374052  0.42374052  0.42374052  0.40250831  0.42374052  0.43458793  0.52757041  0.45676839  0.47962951  0.43458793  0.43458793  0.43458793  0.42374052  0.43458793  0.44559562  0.54005366  0.54005366  0.52757041  0.55274964  0.52757041  0.50321441  0.54005366  0.54005366  0.49132864  0.49132864  0.50321441  0.51529288  0.59218974  0.61969303  0.47962951  0.50321441  0.46811127  0.47962951  0.47962951  0.46811127  0.47962951  0.46811127  0.47962951  0.52757041  0.51529288  0.51529288  0.52757041  0.52757041  0.52757041  0.50321441  0.50321441  0.52757041  0.52757041  0.52757041  0.50321441  0.54005366  0.52757041  0.52757041  0.55274964  0.47962951  0.46811127  0.45676839  0.45676839  0.43458793  0.43458793  0.46811127  0.47962951  0.51529288  0.50321441  0.42374052  
81_0_0     0.25145166  0.25145166  0.24295484  0.26874167  0.23455383  0.23455383  0.26004651  0.27753952  0.25145166  0.26874167  0.17055271  0.17825857  0.20990466  0.17825857  0.21803077  0.17825857  0.00000000  0.00000000  0.01852100  0.27753952  0.20186622  0.22624649  0.22624649  0.15537606  0.14050241  0.14790212  0.25145166  0.26004651  0.26004651  0.26004651  0.17055271  0.18604496  0.18604496  0.18604496  0.15537606  0.17055271  0.17055271  0.15537606  0.16292574  0.18604496  0.18604496  0.14050241  0.08381051  0.09758420  0.12591990  0.12591990  0.12591990  0.20186622  0.17055271  0.18604496  0.17825857  0.11161734  0.14790212  0.11161734  0.11161734  0.20990466  0.09758420  0.09066552  0.09066552  0.20990466  0.20990466  0.24295484  0.23455383  0.25145166  0.26004651  0.26004651  0.23455383  0.23455383  0.22624649  0.21803077  0.17825857  0.15537606  0.20990466  0.20990466  0.18604496  0.27753952  0.22624649  0.25145166  0.26004651  0.42374052  0.42374052  0.42374052  0.42374052  0.41304878  0.37175316  0.38186446  0.39211488  0.39211488  0.41304878  0.36177726  0.34221745  0.35193317  0.44559562  0.37175316  0.37175316  0.37175316  0.39211488  0.37175316  0.36177726  0.37175316  0.38186446  0.41304878  0.41304878  0.40250831  0.40250831  0.40250831  0.41304878  0.41304878  0.41304878  0.39211488  0.36177726  0.37175316  0.39211488  0.51529288  0.44559562  0.39211488  0.41304878  0.43458793  0.42374052  0.42374052  0.40250831  0.39211488  0.38186446  0.39211488  0.49132864  0.45676839  0.45676839  0.46811127  0.44559562  0.45676839  0.45676839  0.44559562  0.49132864  0.49132864  0.44559562  0.49132864  0.46811127  0.45676839  0.45676839  0.47962951  0.36177726  0.37175316  0.38186446  0.38186446  0.43458793  0.43458793  0.39211488  0.40250831  0.46811127  0.43458793  0.43458793  
71_0_0     0.25145166  0.25145166  0.24295484  0.26874167  0.23455383  0.23455383  0.26004651  0.27753952  0.25145166  0.26874167  0.17055271  0.17825857  0.20990466  0.17825857  0.21803077  0.17825857  0.00000000  0.00000000  0.01852100  0.27753952  0.20186622  0.22624649  0.22624649  0.15537606  0.14050241  0.14790212  0.25145166  0.26004651  0.26004651  0.26004651  0.17055271  0.18604496  0.18604496  0.18604496  0.15537606  0.17055271  0.17055271  0.15537606  0.16292574  0.18604496  0.18604496  0.14050241  0.08381051  0.09758420  0.12591990  0.12591990  0.12591990  0.20186622  0.17055271  0.18604496  0.17825857  0.11161734  0.14790212  0.11161734  0.11161734  0.20990466  0.09758420  0.09066552  0.09066552  0.20990466  0.20990466  0.24295484  0.23455383  0.25145166  0.26004651  0.26004651  0.23455383  0.23455383  0.22624649  0.21803077  0.17825857  0.15537606  0.20990466  0.20990466  0.18604496  0.27753952  0.22624649  0.25145166  0.26004651  0.42374052  0.42374052  0.42374052  0.42374052  0.41304878  0.37175316  0.38186446  0.39211488  0.39211488  0.41304878  0.36177726  0.34221745  0.35193317  0.44559562  0.37175316  0.37175316  0.37175316  0.39211488  0.37175316  0.36177726  0.37175316  0.38186446  0.41304878  0.41304878  0.40250831  0.40250831  0.40250831  0.41304878  0.41304878  0.41304878  0.39211488  0.36177726  0.37175316  0.39211488  0.51529288  0.44559562  0.39211488  0.41304878  0.43458793  0.42374052  0.42374052  0.40250831  0.39211488  0.38186446  0.39211488  0.49132864  0.45676839  0.45676839  0.46811127  0.44559562  0.45676839  0.45676839  0.44559562  0.49132864  0.49132864  0.44559562  0.49132864  0.46811127  0.45676839  0.45676839  0.47962951  0.36177726  0.37175316  0.38186446  0.38186446  0.43458793  0.43458793  0.39211488  0.40250831  0.46811127  0.43458793  0.43458793  
86_0_0     0.23455383  0.23455383  0.22624649  0.25145166  0.23455383  0.23455383  0.24295484  0.26004651  0.25145166  0.26004651  0.18604496  0.17825857  0.20990466  0.18604496  0.22624649  0.19391360  0.01852100  0.01852100  0.00000000  0.28644250  0.20990466  0.23455383  0.23455383  0.14790212  0.11873430  0.12591990  0.24295484  0.25145166  0.25145166  0.25145166  0.17825857  0.17825857  0.19391360  0.19391360  0.16292574  0.18604496  0.17055271  0.17055271  0.16292574  0.20186622  0.18604496  0.12591990  0.07701799  0.09066552  0.13317548  0.14050241  0.14050241  0.20990466  0.17055271  0.18604496  0.17825857  0.09758420  0.13317548  0.11873430  0.11873430  0.23455383  0.11873430  0.11161734  0.11161734  0.20186622  0.20186622  0.23455383  0.22624649  0.24295484  0.25145166  0.25145166  0.22624649  0.22624649  0.22624649  0.20186622  0.17825857  0.16292574  0.21803077  0.20990466  0.18604496  0.29545316  0.24295484  0.26874167  0.26874167  0.43458793  0.41304878  0.41304878  0.41304878  0.40250831  0.36177726  0.37175316  0.37175316  0.37175316  0.39211488  0.34221745  0.36177726  0.37175316  0.44559562  0.39211488  0.39211488  0.39211488  0.39211488  0.39211488  0.38186446  0.39211488  0.40250831  0.41304878  0.41304878  0.40250831  0.41304878  0.40250831  0.43458793  0.41304878  0.41304878  0.41304878  0.38186446  0.38186446  0.40250831  0.51529288  0.45676839  0.39211488  0.41304878  0.40250831  0.39211488  0.39211488  0.39211488  0.38186446  0.37175316  0.36177726  0.47962951  0.46811127  0.45676839  0.46811127  0.42374052  0.43458793  0.45676839  0.44559562  0.49132864  0.49132864  0.44559562  0.49132864  0.46811127  0.45676839  0.45676839  0.45676839  0.38186446  0.39211488  0.40250831  0.40250831  0.44559562  0.44559562  0.41304878  0.42374052  0.47962951  0.44559562  0.43458793  
98_0_0     0.46811127  0.46811127  0.46811127  0.50321441  0.47962951  0.47962951  0.49132864  0.51529288  0.47962951  0.47962951  0.45676839  0.46811127  0.47962951  0.45676839  0.44559562  0.46811127  0.27753952  0.27753952  0.28644250  0.00000000  0.29545316  0.34221745  0.32315807  0.30457413  0.33262681  0.34221745  0.33262681  0.30457413  0.30457413  0.32315807  0.32315807  0.32315807  0.30457413  0.30457413  0.27753952  0.31380815  0.34221745  0.34221745  0.33262681  0.33262681  0.29545316  0.35193317  0.29545316  0.30457413  0.37175316  0.39211488  0.39211488  0.37175316  0.35193317  0.35193317  0.36177726  0.34221745  0.36177726  0.35193317  0.33262681  0.42374052  0.26874167  0.27753952  0.27753952  0.36177726  0.36177726  0.37175316  0.35193317  0.38186446  0.39211488  0.39211488  0.40250831  0.40250831  0.35193317  0.39211488  0.36177726  0.34221745  0.34221745  0.36177726  0.37175316  0.42374052  0.37175316  0.40250831  0.35193317  0.38186446  0.38186446  0.40250831  0.40250831  0.37175316  0.36177726  0.39211488  0.42374052  0.42374052  0.44559562  0.43458793  0.41304878  0.42374052  0.46811127  0.44559562  0.46811127  0.44559562  0.43458793  0.45676839  0.43458793  0.44559562  0.45676839  0.37175316  0.38186446  0.38186446  0.38186446  0.38186446  0.38186446  0.39211488  0.39211488  0.42374052  0.37175316  0.37175316  0.39211488  0.44559562  0.37175316  0.41304878  0.41304878  0.47962951  0.46811127  0.46811127  0.42374052  0.41304878  0.42374052  0.41304878  0.45676839  0.50321441  0.41304878  0.42374052  0.44559562  0.43458793  0.39211488  0.41304878  0.41304878  0.41304878  0.39211488  0.41304878  0.43458793  0.43458793  0.43458793  0.44559562  0.45676839  0.46811127  0.47962951  0.50321441  0.51529288  0.51529288  0.49132864  0.47962951  0.45676839  0.46811127  0.45676839  
73_0_0     0.29545316  0.29545316  0.28644250  0.33262681  0.33262681  0.33262681  0.32315807  0.31380815  0.31380815  0.34221745  0.32315807  0.33262681  0.31380815  0.31380815  0.34221745  0.31380815  0.20186622  0.20186622  0.20990466  0.29545316  0.00000000  0.07028684  0.07028684  0.21803077  0.22624649  0.23455383  0.28644250  0.30457413  0.30457413  0.28644250  0.25145166  0.25145166  0.25145166  0.25145166  0.21803077  0.20990466  0.22624649  0.20990466  0.21803077  0.26004651  0.24295484  0.26004651  0.20990466  0.20990466  0.24295484  0.25145166  0.25145166  0.27753952  0.25145166  0.26004651  0.26004651  0.24295484  0.25145166  0.23455383  0.23455383  0.29545316  0.17055271  0.17825857  0.17825857  0.29545316  0.29545316  0.30457413  0.29545316  0.30457413  0.31380815  0.31380815  0.30457413  0.30457413  0.30457413  0.29545316  0.30457413  0.29545316  0.30457413  0.30457413  0.31380815  0.38186446  0.31380815  0.34221745  0.30457413  0.39211488  0.36177726  0.36177726  0.36177726  0.37175316  0.39211488  0.32315807  0.34221745  0.34221745  0.36177726  0.40250831  0.45676839  0.44559562  0.54005366  0.46811127  0.43458793  0.49132864  0.45676839  0.51529288  0.50321441  0.51529288  0.49132864  0.41304878  0.41304878  0.40250831  0.40250831  0.40250831  0.44559562  0.41304878  0.41304878  0.45676839  0.42374052  0.43458793  0.43458793  0.49132864  0.47962951  0.51529288  0.52757041  0.45676839  0.43458793  0.43458793  0.42374052  0.41304878  0.40250831  0.41304878  0.47962951  0.52757041  0.44559562  0.45676839  0.42374052  0.41304878  0.37175316  0.38186446  0.40250831  0.40250831  0.38186446  0.39211488  0.45676839  0.44559562  0.46811127  0.42374052  0.36177726  0.37175316  0.38186446  0.40250831  0.52757041  0.52757041  0.47962951  0.47962951  0.44559562  0.39211488  0.43458793  
