19
88_0_0     0.00000000  0.12517449  0.16170738  0.49674928  0.51681449  0.43967402  0.42160218  0.42160218  0.43967402  0.44888107  0.39530907  0.40396831  0.63830962  0.62638723  0.61465704  0.56954040  0.36993295  0.43058200  0.44888107  
77_0_0     0.12517449  0.00000000  0.05718957  0.44888107  0.47722254  0.35349421  0.36993295  0.36993295  0.36993295  0.38675166  0.32951210  0.28379621  0.60311294  0.59174912  0.56954040  0.56954040  0.34541204  0.40396831  0.36993295  
59_0_0     0.16170738  0.05718957  0.00000000  0.44888107  0.47722254  0.35349421  0.38675166  0.38675166  0.36993295  0.38675166  0.34541204  0.30629521  0.58056004  0.56954040  0.55868516  0.53744871  0.39530907  0.41273183  0.36166716  
60_0_0     0.49674928  0.44888107  0.44888107  0.00000000  0.04645157  0.32169054  0.35349421  0.35349421  0.32169054  0.33741864  0.31395216  0.27644852  0.72772959  0.72772959  0.72772959  0.74145045  0.49674928  0.42160218  0.42160218  
76_0_0     0.51681449  0.47722254  0.47722254  0.04645157  0.00000000  0.33741864  0.35349421  0.35349421  0.32169054  0.33741864  0.33741864  0.29871799  0.75543501  0.75543501  0.72772959  0.76969360  0.47722254  0.44888107  0.40396831  
89_0_0     0.43967402  0.35349421  0.35349421  0.32169054  0.33741864  0.00000000  0.05718957  0.05718957  0.03586972  0.03063594  0.06261859  0.23385545  0.56954040  0.58056004  0.53744871  0.60311294  0.38675166  0.37829372  0.35349421  
62_0_0     0.42160218  0.36993295  0.38675166  0.35349421  0.35349421  0.05718957  0.00000000  0.00000000  0.06261859  0.05718957  0.12517449  0.24777796  0.59174912  0.62638723  0.56954040  0.61465704  0.43058200  0.40396831  0.41273183  
81_0_0     0.42160218  0.36993295  0.38675166  0.35349421  0.35349421  0.05718957  0.00000000  0.00000000  0.06261859  0.05718957  0.12517449  0.24777796  0.59174912  0.62638723  0.56954040  0.61465704  0.43058200  0.40396831  0.41273183  
95_0_0     0.43967402  0.36993295  0.36993295  0.32169054  0.32169054  0.03586972  0.06261859  0.06261859  0.00000000  0.03586972  0.07915297  0.26197205  0.59174912  0.62638723  0.55868516  0.62638723  0.40396831  0.39530907  0.36993295  
73_0_0     0.44888107  0.38675166  0.38675166  0.33741864  0.33741864  0.03063594  0.05718957  0.05718957  0.03586972  0.00000000  0.08474898  0.24777796  0.61465704  0.62638723  0.58056004  0.62638723  0.40396831  0.39530907  0.38675166  
69_0_0     0.39530907  0.32951210  0.34541204  0.31395216  0.33741864  0.06261859  0.12517449  0.12517449  0.07915297  0.08474898  0.00000000  0.22019432  0.52705847  0.53744871  0.51681449  0.58056004  0.34541204  0.37829372  0.34541204  
66_0_0     0.40396831  0.28379621  0.30629521  0.27644852  0.29871799  0.23385545  0.24777796  0.24777796  0.26197205  0.24777796  0.22019432  0.00000000  0.60311294  0.61465704  0.60311294  0.63830962  0.34541204  0.32951210  0.32169054  
75_1_0     0.63830962  0.60311294  0.58056004  0.72772959  0.75543501  0.56954040  0.59174912  0.59174912  0.59174912  0.61465704  0.52705847  0.60311294  0.00000000  0.04114141  0.10757358  0.11926009  0.63830962  0.65043061  0.54798947  
100_1_0    0.62638723  0.59174912  0.56954040  0.72772959  0.75543501  0.58056004  0.62638723  0.62638723  0.62638723  0.62638723  0.53744871  0.61465704  0.04114141  0.00000000  0.08474898  0.09607180  0.62638723  0.61465704  0.55868516  
75_0_0     0.61465704  0.56954040  0.55868516  0.72772959  0.72772959  0.53744871  0.56954040  0.56954040  0.55868516  0.58056004  0.51681449  0.60311294  0.10757358  0.08474898  0.00000000  0.06261859  0.59174912  0.63830962  0.56954040  
100_0_0    0.56954040  0.56954040  0.53744871  0.74145045  0.76969360  0.60311294  0.61465704  0.61465704  0.62638723  0.62638723  0.58056004  0.63830962  0.11926009  0.09607180  0.06261859  0.00000000  0.65043061  0.67529562  0.60311294  
57_3_0     0.36993295  0.34541204  0.39530907  0.49674928  0.47722254  0.38675166  0.43058200  0.43058200  0.40396831  0.40396831  0.34541204  0.34541204  0.63830962  0.62638723  0.59174912  0.65043061  0.00000000  0.25484039  0.13113735  
57_2_0     0.43058200  0.40396831  0.41273183  0.42160218  0.44888107  0.37829372  0.40396831  0.40396831  0.39530907  0.39530907  0.37829372  0.32951210  0.65043061  0.61465704  0.63830962  0.67529562  0.25484039  0.00000000  0.20678494  
94_2_0     0.44888107  0.36993295  0.36166716  0.42160218  0.40396831  0.35349421  0.41273183  0.41273183  0.36993295  0.38675166  0.34541204  0.32169054  0.54798947  0.55868516  0.56954040  0.60311294  0.13113735  0.20678494  0.00000000  

