13
8_1_0      0.00000000  0.04802477  0.04390249  0.04802477  0.07753669  0.03572564  0.11275917  0.90166463  0.85147099  0.87614575  0.87614575  0.81592471  0.74954225  
1_1_0      0.04802477  0.00000000  0.01963601  0.02362600  0.05216995  0.01171948  0.08618764  0.80444261  0.78199537  0.82758629  0.82758629  0.79313457  0.74954225  
10_1_0     0.04390249  0.01963601  0.00000000  0.01963601  0.04802477  0.00779249  0.07324855  0.83943306  0.79313457  0.83943306  0.83943306  0.78199537  0.71844223  
5_2_0      0.04802477  0.02362600  0.01963601  0.00000000  0.04390249  0.01171948  0.07753669  0.87614575  0.85147099  0.87614575  0.87614575  0.83943306  0.77102005  
5_1_0      0.07753669  0.05216995  0.04802477  0.04390249  0.00000000  0.03980286  0.10826434  0.82758629  0.80444261  0.82758629  0.82758629  0.81592471  0.70835714  
7_1_0      0.03572564  0.01171948  0.00779249  0.01171948  0.03980286  0.00000000  0.07324855  0.83943306  0.81592471  0.86370636  0.86370636  0.80444261  0.73903086  
4_1_0      0.11275917  0.08618764  0.07324855  0.07753669  0.10826434  0.07324855  0.00000000  0.86370636  0.82758629  0.87614575  0.87614575  0.83943306  0.76020386  
20_3_0     0.90166463  0.80444261  0.83943306  0.87614575  0.82758629  0.83943306  0.86370636  0.00000000  0.08618764  0.14031218  0.14031218  0.17379879  0.32516482  
16_3_0     0.85147099  0.78199537  0.79313457  0.85147099  0.80444261  0.81592471  0.82758629  0.08618764  0.00000000  0.06053006  0.06053006  0.10826434  0.28434821  
15_3_0     0.87614575  0.82758629  0.83943306  0.87614575  0.82758629  0.86370636  0.87614575  0.14031218  0.06053006  0.00000000  0.00000000  0.12640848  0.30156834  
18_3_0     0.87614575  0.82758629  0.83943306  0.87614575  0.82758629  0.86370636  0.87614575  0.14031218  0.06053006  0.00000000  0.00000000  0.12640848  0.30156834  
20_0_0     0.81592471  0.79313457  0.78199537  0.83943306  0.81592471  0.80444261  0.83943306  0.17379879  0.10826434  0.12640848  0.12640848  0.00000000  0.24564940  
16_0_0     0.74954225  0.74954225  0.71844223  0.77102005  0.70835714  0.73903086  0.76020386  0.32516482  0.28434821  0.30156834  0.30156834  0.24564940  0.00000000  

