22
7_0_0      0.00000000  0.22070991  0.34045338  0.29831909  0.30862694  0.35137810  0.32968970  0.39678864  0.42059878  0.42059878  0.40859667  0.42059878  0.45783615  0.44521152  0.52445679  0.49707496  0.49707496  0.62929033  0.62929033  0.64557517  0.59777128  0.61336076  
10_0_0     0.22070991  0.00000000  0.22070991  0.23935269  0.25848393  0.34045338  0.30862694  0.32968970  0.32968970  0.32968970  0.36246874  0.30862694  0.31908238  0.52445679  0.45783615  0.47068289  0.53854262  0.67927660  0.67927660  0.61336076  0.53854262  0.55290552  
1_0_0      0.34045338  0.22070991  0.00000000  0.07140757  0.16747776  0.21156402  0.22070991  0.30862694  0.28815473  0.30862694  0.30862694  0.32968970  0.34045338  0.53854262  0.52445679  0.52445679  0.55290552  0.69672912  0.69672912  0.59777128  0.58250768  0.56755661  
8_0_0      0.29831909  0.23935269  0.07140757  0.00000000  0.18479419  0.20253126  0.20253126  0.30862694  0.30862694  0.34045338  0.35137810  0.30862694  0.34045338  0.58250768  0.53854262  0.53854262  0.52445679  0.67927660  0.67927660  0.58250768  0.56755661  0.55290552  
5_0_0      0.30862694  0.25848393  0.16747776  0.18479419  0.00000000  0.15056247  0.14224954  0.22997181  0.24885566  0.40859667  0.39678864  0.43280146  0.44521152  0.53854262  0.67927660  0.64557517  0.62929033  0.79085716  0.79085716  0.79085716  0.73293770  0.75173833  
11_0_0     0.35137810  0.34045338  0.21156402  0.20253126  0.15056247  0.00000000  0.04200143  0.18479419  0.20253126  0.47068289  0.48375970  0.48375970  0.47068289  0.66223147  0.62929033  0.59777128  0.58250768  0.77103582  0.77103582  0.69672912  0.69672912  0.67927660  
4_0_0      0.32968970  0.30862694  0.22070991  0.20253126  0.14224954  0.04200143  0.00000000  0.20253126  0.22070991  0.48375970  0.47068289  0.48375970  0.49707496  0.61336076  0.58250768  0.58250768  0.66223147  0.71460901  0.71460901  0.67927660  0.64557517  0.66223147  
12_0_0     0.39678864  0.32968970  0.30862694  0.30862694  0.22997181  0.18479419  0.20253126  0.00000000  0.01373379  0.52445679  0.49707496  0.52445679  0.49707496  0.66223147  0.66223147  0.64557517  0.67927660  0.77103582  0.77103582  0.69672912  0.69672912  0.71460901  
2_0_0      0.42059878  0.32968970  0.28815473  0.30862694  0.24885566  0.20253126  0.22070991  0.01373379  0.00000000  0.55290552  0.52445679  0.52445679  0.49707496  0.62929033  0.62929033  0.61336076  0.71460901  0.77103582  0.77103582  0.66223147  0.66223147  0.67927660  
6_0_0      0.42059878  0.32968970  0.30862694  0.34045338  0.40859667  0.47068289  0.48375970  0.52445679  0.55290552  0.00000000  0.07894794  0.10204777  0.09426635  0.64557517  0.64557517  0.62929033  0.64557517  0.71460901  0.71460901  0.71460901  0.69672912  0.67927660  
3_0_0      0.40859667  0.36246874  0.30862694  0.35137810  0.39678864  0.48375970  0.47068289  0.49707496  0.52445679  0.07894794  0.00000000  0.15897114  0.15056247  0.62929033  0.66223147  0.64557517  0.69672912  0.75173833  0.75173833  0.75173833  0.69672912  0.67927660  
9_0_0      0.42059878  0.30862694  0.32968970  0.30862694  0.43280146  0.48375970  0.48375970  0.52445679  0.52445679  0.10204777  0.15897114  0.00000000  0.03483127  0.71460901  0.71460901  0.69672912  0.71460901  0.73293770  0.73293770  0.77103582  0.71460901  0.69672912  
9_1_0      0.45783615  0.31908238  0.34045338  0.34045338  0.44521152  0.47068289  0.49707496  0.49707496  0.49707496  0.09426635  0.15056247  0.03483127  0.00000000  0.75173833  0.75173833  0.73293770  0.75173833  0.75173833  0.75173833  0.75173833  0.69672912  0.67927660  
20_0_0     0.44521152  0.52445679  0.53854262  0.58250768  0.53854262  0.66223147  0.61336076  0.66223147  0.62929033  0.64557517  0.62929033  0.71460901  0.75173833  0.00000000  0.15056247  0.12590229  0.17608464  0.27812991  0.27812991  0.31908238  0.29831909  0.30862694  
13_0_0     0.52445679  0.45783615  0.52445679  0.53854262  0.67927660  0.62929033  0.58250768  0.66223147  0.62929033  0.64557517  0.66223147  0.71460901  0.75173833  0.15056247  0.00000000  0.02069877  0.20253126  0.29831909  0.29831909  0.24885566  0.24885566  0.23935269  
19_0_0     0.49707496  0.47068289  0.52445679  0.53854262  0.64557517  0.59777128  0.58250768  0.64557517  0.61336076  0.62929033  0.64557517  0.69672912  0.73293770  0.12590229  0.02069877  0.00000000  0.17608464  0.30862694  0.30862694  0.25848393  0.25848393  0.24885566  
16_0_0     0.49707496  0.53854262  0.55290552  0.52445679  0.62929033  0.58250768  0.66223147  0.67927660  0.71460901  0.64557517  0.69672912  0.71460901  0.75173833  0.17608464  0.20253126  0.17608464  0.00000000  0.35137810  0.35137810  0.36246874  0.36246874  0.35137810  
14_0_0     0.62929033  0.67927660  0.69672912  0.67927660  0.79085716  0.77103582  0.71460901  0.77103582  0.77103582  0.71460901  0.75173833  0.73293770  0.75173833  0.27812991  0.29831909  0.30862694  0.35137810  0.00000000  0.00000000  0.12590229  0.07894794  0.08656698  
14_2_0     0.62929033  0.67927660  0.69672912  0.67927660  0.79085716  0.77103582  0.71460901  0.77103582  0.77103582  0.71460901  0.75173833  0.73293770  0.75173833  0.27812991  0.29831909  0.30862694  0.35137810  0.00000000  0.00000000  0.12590229  0.07894794  0.08656698  
18_0_0     0.64557517  0.61336076  0.59777128  0.58250768  0.79085716  0.69672912  0.67927660  0.69672912  0.66223147  0.71460901  0.75173833  0.77103582  0.75173833  0.31908238  0.24885566  0.25848393  0.36246874  0.12590229  0.12590229  0.00000000  0.07140757  0.06394428  
15_0_0     0.59777128  0.53854262  0.58250768  0.56755661  0.73293770  0.69672912  0.64557517  0.69672912  0.66223147  0.69672912  0.69672912  0.71460901  0.69672912  0.29831909  0.24885566  0.25848393  0.36246874  0.07894794  0.07894794  0.07140757  0.00000000  0.00683461  
17_0_0     0.61336076  0.55290552  0.56755661  0.55290552  0.75173833  0.67927660  0.66223147  0.71460901  0.67927660  0.67927660  0.67927660  0.69672912  0.67927660  0.30862694  0.23935269  0.24885566  0.35137810  0.08656698  0.08656698  0.06394428  0.00683461  0.00000000  

