129
30_0_0     0.00000000  0.44820315  0.44820315  0.43866186  0.45786817  0.48763868  0.48763868  0.54006135  0.56210825  0.47758248  0.47758248  0.48763868  0.51864787  0.55100329  0.50816748  0.50816748  0.50816748  0.50816748  0.49783241  0.49783241  0.49783241  0.49783241  0.55100329  0.57338116  0.56210825  0.62025918  0.58482718  0.57338116  0.63245428  0.64485222  0.59645171  0.59645171  0.59645171  0.58482718  0.56210825  0.60826040  0.59645171  0.54006135  0.55100329  0.50816748  0.50816748  0.56210825  0.56210825  0.55100329  0.64485222  0.63245428  0.65745988  0.62025918  0.62025918  0.60826040  0.59645171  0.60826040  0.54006135  0.57338116  0.52927772  0.54006135  0.72391018  0.73794189  0.72391018  0.69661516  0.67028445  0.67028445  0.69661516  0.82817761  0.71013774  0.69661516  0.68333355  0.59645171  0.59645171  0.62025918  0.60826040  0.57338116  0.71013774  0.73794189  0.49783241  0.50816748  0.49783241  0.51864787  0.60826040  0.60826040  0.63245428  0.60826040  0.60826040  0.67028445  0.62025918  0.60826040  0.62025918  0.62025918  0.62025918  0.64485222  0.68333355  0.68333355  0.65745988  0.65745988  0.57338116  0.67028445  0.67028445  0.65745988  0.64485222  0.60826040  0.62025918  0.60826040  0.63245428  0.58482718  0.58482718  0.58482718  0.58482718  0.73794189  0.73794189  0.68333355  0.63245428  0.62025918  0.65745988  0.51864787  0.57338116  0.51864787  0.51864787  0.52927772  0.56210825  0.56210825  0.57338116  0.57338116  0.58482718  0.56210825  0.56210825  0.55100329  0.55100329  0.57338116  0.57338116  
50_0_0     0.44820315  0.00000000  0.01060135  0.02679156  0.03778376  0.06026676  0.04894050  0.15118904  0.16419521  0.10132156  0.11963314  0.10737557  0.10737557  0.08935907  0.09531632  0.10737557  0.11963314  0.11963314  0.10737557  0.10737557  0.11963314  0.11963314  0.26220794  0.25476319  0.24739207  0.24009312  0.19090885  0.18414015  0.27732429  0.27732429  0.17078440  0.17078440  0.17743236  0.17743236  0.26972780  0.29275355  0.15766376  0.08935907  0.08344907  0.08344907  0.08344907  0.11963314  0.11963314  0.11347916  0.32460460  0.28499900  0.26972780  0.30058963  0.30850896  0.30850896  0.30058963  0.30850896  0.28499900  0.34941913  0.30850896  0.28499900  0.50816748  0.51864787  0.50816748  0.44820315  0.46766015  0.46766015  0.44820315  0.55100329  0.44820315  0.44820315  0.36643331  0.44820315  0.46766015  0.43866186  0.44820315  0.26220794  0.30850896  0.44820315  0.17743236  0.17743236  0.17078440  0.17078440  0.38384494  0.38384494  0.37508828  0.42924116  0.44820315  0.38384494  0.38384494  0.38384494  0.39270569  0.39270569  0.39270569  0.38384494  0.45786817  0.45786817  0.43866186  0.43866186  0.32460460  0.32460460  0.33278466  0.33278466  0.41993804  0.29275355  0.31651334  0.30850896  0.31651334  0.27732429  0.28499900  0.27732429  0.27732429  0.34941913  0.37508828  0.37508828  0.34941913  0.33278466  0.34941913  0.26220794  0.29275355  0.26220794  0.26220794  0.24739207  0.26972780  0.26220794  0.28499900  0.30058963  0.31651334  0.26220794  0.26220794  0.26220794  0.26220794  0.24009312  0.23286496  
50_4_0     0.44820315  0.01060135  0.00000000  0.02679156  0.03778376  0.06026676  0.04894050  0.15118904  0.16419521  0.10132156  0.11963314  0.10737557  0.10737557  0.08935907  0.08344907  0.09531632  0.10737557  0.10737557  0.09531632  0.09531632  0.10737557  0.10737557  0.26220794  0.25476319  0.24739207  0.24009312  0.18414015  0.17743236  0.27732429  0.27732429  0.15766376  0.15766376  0.16419521  0.16419521  0.25476319  0.29275355  0.15766376  0.08935907  0.08344907  0.08344907  0.08344907  0.11963314  0.11963314  0.11347916  0.32460460  0.28499900  0.26972780  0.30058963  0.30850896  0.30850896  0.30058963  0.30850896  0.28499900  0.33278466  0.30850896  0.28499900  0.50816748  0.51864787  0.50816748  0.42924116  0.46766015  0.46766015  0.46766015  0.55100329  0.45786817  0.45786817  0.36643331  0.44820315  0.46766015  0.43866186  0.44820315  0.26220794  0.30850896  0.44820315  0.16419521  0.16419521  0.15766376  0.17078440  0.37508828  0.37508828  0.36643331  0.41993804  0.43866186  0.39270569  0.37508828  0.37508828  0.38384494  0.38384494  0.38384494  0.37508828  0.44820315  0.44820315  0.42924116  0.42924116  0.34105549  0.32460460  0.33278466  0.33278466  0.41993804  0.29275355  0.31651334  0.30850896  0.31651334  0.27732429  0.28499900  0.27732429  0.27732429  0.34941913  0.37508828  0.37508828  0.34941913  0.33278466  0.34941913  0.26220794  0.29275355  0.26220794  0.26220794  0.24739207  0.25476319  0.26220794  0.28499900  0.30058963  0.31651334  0.26220794  0.26220794  0.24739207  0.24739207  0.24009312  0.23286496  
37_0_0     0.43866186  0.02679156  0.02679156  0.00000000  0.01060135  0.04334126  0.03226740  0.14477008  0.15766376  0.08344907  0.08935907  0.08935907  0.10737557  0.08935907  0.10737557  0.11963314  0.11963314  0.11963314  0.10737557  0.10737557  0.11963314  0.11963314  0.29275355  0.28499900  0.27732429  0.26972780  0.20463348  0.19773957  0.29275355  0.29275355  0.18414015  0.18414015  0.19090885  0.19090885  0.24009312  0.30058963  0.15118904  0.08344907  0.07758555  0.07758555  0.07758555  0.10132156  0.10132156  0.09531632  0.30058963  0.26220794  0.24739207  0.27732429  0.28499900  0.28499900  0.27732429  0.28499900  0.26220794  0.32460460  0.28499900  0.26220794  0.45786817  0.46766015  0.45786817  0.43866186  0.45786817  0.45786817  0.43866186  0.49783241  0.42924116  0.44820315  0.35787767  0.45786817  0.47758248  0.46766015  0.45786817  0.22570621  0.28499900  0.41993804  0.17743236  0.17743236  0.17078440  0.16419521  0.35787767  0.35787767  0.34941913  0.43866186  0.45786817  0.39270569  0.39270569  0.39270569  0.40167305  0.40167305  0.40167305  0.35787767  0.42924116  0.42924116  0.41074960  0.41074960  0.34105549  0.31651334  0.32460460  0.32460460  0.41993804  0.29275355  0.31651334  0.30850896  0.31651334  0.27732429  0.28499900  0.27732429  0.27732429  0.33278466  0.35787767  0.35787767  0.33278466  0.33278466  0.33278466  0.24739207  0.26220794  0.23286496  0.23286496  0.21861557  0.26972780  0.25476319  0.27732429  0.29275355  0.30850896  0.27732429  0.27732429  0.27732429  0.27732429  0.25476319  0.23286496  
11_0_0     0.45786817  0.03778376  0.03778376  0.01060135  0.00000000  0.04334126  0.03226740  0.14477008  0.15766376  0.08344907  0.07758555  0.08935907  0.11963314  0.10132156  0.11963314  0.13209565  0.13209565  0.13209565  0.11963314  0.11963314  0.13209565  0.13209565  0.30850896  0.30058963  0.29275355  0.28499900  0.21861557  0.21159174  0.30058963  0.30058963  0.19773957  0.19773957  0.20463348  0.20463348  0.24009312  0.31651334  0.16419521  0.09531632  0.08935907  0.08935907  0.08935907  0.11347916  0.11347916  0.10737557  0.31651334  0.27732429  0.26220794  0.29275355  0.30058963  0.30058963  0.29275355  0.30058963  0.27732429  0.33278466  0.30058963  0.27732429  0.45786817  0.46766015  0.45786817  0.43866186  0.45786817  0.45786817  0.43866186  0.49783241  0.42924116  0.44820315  0.37508828  0.47758248  0.49783241  0.48763868  0.47758248  0.24009312  0.30058963  0.41074960  0.19090885  0.19090885  0.18414015  0.17743236  0.36643331  0.36643331  0.35787767  0.43866186  0.45786817  0.39270569  0.39270569  0.39270569  0.40167305  0.40167305  0.40167305  0.35787767  0.42924116  0.42924116  0.41074960  0.41074960  0.35787767  0.31651334  0.32460460  0.32460460  0.41993804  0.29275355  0.31651334  0.30850896  0.31651334  0.27732429  0.28499900  0.27732429  0.27732429  0.33278466  0.35787767  0.37508828  0.34941913  0.34941913  0.33278466  0.24739207  0.26220794  0.23286496  0.23286496  0.21861557  0.26972780  0.25476319  0.27732429  0.29275355  0.30850896  0.27732429  0.27732429  0.27732429  0.27732429  0.25476319  0.23286496  
49_0_0     0.48763868  0.06026676  0.06026676  0.04334126  0.04334126  0.00000000  0.01060135  0.15766376  0.17078440  0.10737557  0.10132156  0.11347916  0.13209565  0.12583835  0.13209565  0.15766376  0.15766376  0.15766376  0.14477008  0.14477008  0.15766376  0.15766376  0.30850896  0.28499900  0.29275355  0.28499900  0.23286496  0.22570621  0.32460460  0.32460460  0.22570621  0.22570621  0.23286496  0.23286496  0.27732429  0.31651334  0.17743236  0.11963314  0.11347916  0.11347916  0.11347916  0.12583835  0.12583835  0.11963314  0.33278466  0.29275355  0.27732429  0.32460460  0.31651334  0.31651334  0.30850896  0.31651334  0.29275355  0.37508828  0.33278466  0.29275355  0.47758248  0.48763868  0.47758248  0.45786817  0.49783241  0.49783241  0.47758248  0.55100329  0.46766015  0.48763868  0.37508828  0.48763868  0.50816748  0.49783241  0.48763868  0.26972780  0.31651334  0.41993804  0.21861557  0.21861557  0.21159174  0.19090885  0.40167305  0.40167305  0.39270569  0.42924116  0.44820315  0.41074960  0.41074960  0.39270569  0.40167305  0.40167305  0.40167305  0.39270569  0.44820315  0.44820315  0.42924116  0.42924116  0.34105549  0.34105549  0.34941913  0.33278466  0.41074960  0.26220794  0.28499900  0.27732429  0.28499900  0.24739207  0.25476319  0.24739207  0.24739207  0.30850896  0.34941913  0.35787767  0.33278466  0.33278466  0.30058963  0.24739207  0.26220794  0.24739207  0.24739207  0.23286496  0.26972780  0.26220794  0.28499900  0.30058963  0.31651334  0.27732429  0.27732429  0.27732429  0.27732429  0.25476319  0.26220794  
51_0_0     0.48763868  0.04894050  0.04894050  0.03226740  0.03226740  0.01060135  0.00000000  0.14477008  0.15766376  0.09531632  0.10132156  0.10132156  0.11963314  0.11347916  0.11963314  0.14477008  0.14477008  0.14477008  0.13209565  0.13209565  0.14477008  0.14477008  0.30850896  0.28499900  0.29275355  0.28499900  0.21861557  0.21159174  0.30850896  0.30850896  0.21159174  0.21159174  0.21861557  0.21861557  0.26220794  0.30058963  0.16419521  0.10737557  0.10132156  0.10132156  0.10132156  0.12583835  0.12583835  0.11963314  0.31651334  0.27732429  0.26220794  0.30850896  0.30058963  0.30058963  0.29275355  0.30058963  0.27732429  0.35787767  0.31651334  0.27732429  0.47758248  0.48763868  0.47758248  0.45786817  0.47758248  0.47758248  0.45786817  0.55100329  0.44820315  0.46766015  0.35787767  0.47758248  0.49783241  0.48763868  0.47758248  0.25476319  0.30058963  0.40167305  0.20463348  0.20463348  0.19773957  0.17743236  0.38384494  0.38384494  0.37508828  0.42924116  0.44820315  0.39270569  0.39270569  0.37508828  0.38384494  0.38384494  0.38384494  0.37508828  0.42924116  0.42924116  0.41074960  0.41074960  0.34941913  0.33278466  0.34105549  0.34105549  0.41074960  0.26972780  0.29275355  0.28499900  0.29275355  0.25476319  0.26220794  0.25476319  0.25476319  0.31651334  0.35787767  0.34941913  0.32460460  0.34105549  0.30850896  0.25476319  0.26972780  0.25476319  0.25476319  0.24009312  0.27732429  0.26972780  0.29275355  0.30850896  0.32460460  0.28499900  0.28499900  0.28499900  0.28499900  0.26220794  0.25476319  
58_0_0     0.54006135  0.15118904  0.15118904  0.14477008  0.14477008  0.15766376  0.14477008  0.00000000  0.01060135  0.10132156  0.09531632  0.09531632  0.15118904  0.11963314  0.20463348  0.21861557  0.24739207  0.24739207  0.23286496  0.23286496  0.23286496  0.24739207  0.36643331  0.31651334  0.30058963  0.33278466  0.26972780  0.26220794  0.31651334  0.30058963  0.27732429  0.27732429  0.28499900  0.26972780  0.32460460  0.35787767  0.21159174  0.17743236  0.17078440  0.15766376  0.15766376  0.19773957  0.19773957  0.19090885  0.36643331  0.32460460  0.33278466  0.32460460  0.35787767  0.35787767  0.34941913  0.35787767  0.31651334  0.40167305  0.35787767  0.31651334  0.55100329  0.58482718  0.55100329  0.52927772  0.51864787  0.51864787  0.49783241  0.59645171  0.48763868  0.47758248  0.41074960  0.55100329  0.57338116  0.56210825  0.55100329  0.29275355  0.32460460  0.46766015  0.26220794  0.26220794  0.25476319  0.22570621  0.40167305  0.40167305  0.44820315  0.45786817  0.49783241  0.44820315  0.41993804  0.47758248  0.43866186  0.43866186  0.43866186  0.41993804  0.49783241  0.49783241  0.47758248  0.47758248  0.47758248  0.34941913  0.34105549  0.35787767  0.41074960  0.37508828  0.38384494  0.37508828  0.38384494  0.35787767  0.34941913  0.35787767  0.35787767  0.40167305  0.40167305  0.42924116  0.36643331  0.39270569  0.37508828  0.29275355  0.34105549  0.32460460  0.30850896  0.30058963  0.32460460  0.32460460  0.30058963  0.33278466  0.33278466  0.34105549  0.34105549  0.35787767  0.35787767  0.31651334  0.31651334  
6_0_0      0.56210825  0.16419521  0.16419521  0.15766376  0.15766376  0.17078440  0.15766376  0.01060135  0.00000000  0.11347916  0.10737557  0.10737557  0.16419521  0.13209565  0.21159174  0.22570621  0.25476319  0.25476319  0.24009312  0.24009312  0.24009312  0.25476319  0.37508828  0.32460460  0.30850896  0.34105549  0.27732429  0.26972780  0.32460460  0.30850896  0.28499900  0.28499900  0.29275355  0.27732429  0.34105549  0.36643331  0.21159174  0.19090885  0.18414015  0.17078440  0.17078440  0.21159174  0.21159174  0.20463348  0.37508828  0.34105549  0.34941913  0.34105549  0.37508828  0.37508828  0.36643331  0.37508828  0.33278466  0.41993804  0.37508828  0.33278466  0.56210825  0.59645171  0.56210825  0.54006135  0.52927772  0.52927772  0.50816748  0.60826040  0.49783241  0.48763868  0.42924116  0.56210825  0.58482718  0.57338116  0.56210825  0.30850896  0.34105549  0.47758248  0.27732429  0.27732429  0.26972780  0.24009312  0.41074960  0.41074960  0.45786817  0.46766015  0.50816748  0.45786817  0.42924116  0.48763868  0.44820315  0.44820315  0.44820315  0.42924116  0.50816748  0.50816748  0.48763868  0.48763868  0.48763868  0.36643331  0.35787767  0.37508828  0.42924116  0.39270569  0.40167305  0.39270569  0.40167305  0.37508828  0.36643331  0.37508828  0.37508828  0.41993804  0.41993804  0.43866186  0.38384494  0.41074960  0.39270569  0.30058963  0.34941913  0.33278466  0.31651334  0.30850896  0.34105549  0.34105549  0.31651334  0.34941913  0.34941913  0.35787767  0.35787767  0.37508828  0.37508828  0.33278466  0.33278466  
55_0_0     0.47758248  0.10132156  0.10132156  0.08344907  0.08344907  0.10737557  0.09531632  0.10132156  0.11347916  0.00000000  0.06026676  0.06026676  0.11347916  0.11963314  0.15118904  0.16419521  0.16419521  0.16419521  0.15118904  0.15118904  0.15118904  0.15118904  0.31651334  0.30058963  0.28499900  0.33278466  0.26972780  0.26220794  0.30850896  0.30850896  0.22570621  0.22570621  0.23286496  0.21861557  0.24739207  0.28499900  0.19773957  0.12583835  0.13209565  0.11963314  0.11963314  0.15766376  0.15766376  0.15118904  0.34941913  0.27732429  0.30058963  0.27732429  0.32460460  0.32460460  0.31651334  0.32460460  0.28499900  0.34941913  0.30850896  0.28499900  0.50816748  0.51864787  0.50816748  0.50816748  0.51864787  0.51864787  0.51864787  0.52927772  0.46766015  0.45786817  0.35787767  0.44820315  0.46766015  0.45786817  0.44820315  0.24739207  0.30850896  0.44820315  0.24739207  0.24739207  0.24009312  0.21861557  0.39270569  0.39270569  0.41993804  0.43866186  0.45786817  0.41074960  0.38384494  0.39270569  0.39270569  0.39270569  0.39270569  0.36643331  0.43866186  0.43866186  0.41993804  0.41993804  0.41993804  0.34941913  0.35787767  0.35787767  0.41074960  0.30850896  0.33278466  0.32460460  0.33278466  0.29275355  0.30058963  0.29275355  0.29275355  0.37508828  0.37508828  0.36643331  0.33278466  0.34105549  0.34105549  0.26972780  0.31651334  0.29275355  0.29275355  0.26972780  0.30850896  0.30058963  0.29275355  0.30850896  0.32460460  0.30850896  0.30850896  0.32460460  0.32460460  0.28499900  0.28499900  
33_0_0     0.47758248  0.11963314  0.11963314  0.08935907  0.07758555  0.10132156  0.10132156  0.09531632  0.10737557  0.06026676  0.00000000  0.03226740  0.13209565  0.12583835  0.17078440  0.19773957  0.21159174  0.21159174  0.19773957  0.19773957  0.19773957  0.19773957  0.32460460  0.29275355  0.26220794  0.30850896  0.26220794  0.25476319  0.31651334  0.31651334  0.26220794  0.26220794  0.25476319  0.24009312  0.26972780  0.35787767  0.17743236  0.15766376  0.15118904  0.13840593  0.13840593  0.16419521  0.16419521  0.15766376  0.37508828  0.31651334  0.32460460  0.30058963  0.34941913  0.34941913  0.34105549  0.34941913  0.30850896  0.36643331  0.33278466  0.30850896  0.49783241  0.50816748  0.49783241  0.48763868  0.50816748  0.50816748  0.48763868  0.54006135  0.45786817  0.44820315  0.40167305  0.54006135  0.56210825  0.55100329  0.54006135  0.25476319  0.33278466  0.45786817  0.25476319  0.25476319  0.24739207  0.22570621  0.37508828  0.37508828  0.40167305  0.43866186  0.45786817  0.40167305  0.38384494  0.42924116  0.41074960  0.41074960  0.41074960  0.38384494  0.44820315  0.44820315  0.42924116  0.42924116  0.41074960  0.36643331  0.37508828  0.35787767  0.41074960  0.33278466  0.34105549  0.33278466  0.34105549  0.31651334  0.32460460  0.31651334  0.31651334  0.35787767  0.37508828  0.41993804  0.34105549  0.34941913  0.33278466  0.26972780  0.31651334  0.28499900  0.26972780  0.26220794  0.28499900  0.28499900  0.27732429  0.30850896  0.32460460  0.30058963  0.30058963  0.31651334  0.31651334  0.27732429  0.27732429  
26_0_0     0.48763868  0.10737557  0.10737557  0.08935907  0.08935907  0.11347916  0.10132156  0.09531632  0.10737557  0.06026676  0.03226740  0.00000000  0.11963314  0.11347916  0.15766376  0.18414015  0.21159174  0.21159174  0.19773957  0.19773957  0.19773957  0.19773957  0.32460460  0.29275355  0.26220794  0.30850896  0.26220794  0.25476319  0.32460460  0.32460460  0.26220794  0.26220794  0.25476319  0.24009312  0.26972780  0.34105549  0.17743236  0.14477008  0.13840593  0.12583835  0.12583835  0.17743236  0.17743236  0.17078440  0.35787767  0.30058963  0.30850896  0.31651334  0.34941913  0.34941913  0.34105549  0.34941913  0.30850896  0.37508828  0.33278466  0.30850896  0.51864787  0.52927772  0.51864787  0.50816748  0.50816748  0.50816748  0.48763868  0.58482718  0.45786817  0.44820315  0.36643331  0.54006135  0.56210825  0.55100329  0.54006135  0.26972780  0.34941913  0.44820315  0.24009312  0.24009312  0.23286496  0.22570621  0.35787767  0.35787767  0.38384494  0.43866186  0.45786817  0.38384494  0.37508828  0.40167305  0.40167305  0.40167305  0.39270569  0.36643331  0.42924116  0.42924116  0.41074960  0.41074960  0.43866186  0.37508828  0.38384494  0.36643331  0.41074960  0.34105549  0.33278466  0.32460460  0.33278466  0.32460460  0.33278466  0.32460460  0.32460460  0.36643331  0.38384494  0.39270569  0.33278466  0.35787767  0.34105549  0.27732429  0.30850896  0.29275355  0.29275355  0.28499900  0.29275355  0.30850896  0.30058963  0.33278466  0.34941913  0.30850896  0.30850896  0.32460460  0.32460460  0.28499900  0.26972780  
32_0_0     0.51864787  0.10737557  0.10737557  0.10737557  0.11963314  0.13209565  0.11963314  0.15118904  0.16419521  0.11347916  0.13209565  0.11963314  0.00000000  0.03778376  0.14477008  0.17078440  0.18414015  0.18414015  0.17078440  0.17078440  0.17078440  0.18414015  0.35787767  0.33278466  0.34105549  0.33278466  0.28499900  0.27732429  0.31651334  0.31651334  0.24009312  0.24009312  0.24739207  0.24739207  0.30058963  0.31651334  0.19773957  0.13840593  0.13209565  0.11963314  0.11963314  0.17078440  0.17078440  0.17743236  0.38384494  0.30850896  0.33278466  0.34105549  0.38384494  0.38384494  0.37508828  0.38384494  0.35787767  0.41074960  0.38384494  0.35787767  0.51864787  0.55100329  0.51864787  0.44820315  0.54006135  0.54006135  0.51864787  0.51864787  0.48763868  0.48763868  0.35787767  0.51864787  0.54006135  0.52927772  0.51864787  0.28499900  0.33278466  0.43866186  0.24739207  0.24739207  0.24009312  0.23286496  0.38384494  0.38384494  0.39270569  0.44820315  0.48763868  0.44820315  0.41993804  0.42924116  0.45786817  0.45786817  0.45786817  0.42924116  0.48763868  0.48763868  0.46766015  0.46766015  0.39270569  0.35787767  0.34941913  0.34941913  0.40167305  0.34941913  0.39270569  0.38384494  0.39270569  0.31651334  0.32460460  0.31651334  0.31651334  0.39270569  0.41993804  0.35787767  0.33278466  0.34105549  0.34941913  0.31651334  0.31651334  0.34941913  0.34941913  0.31651334  0.35787767  0.36643331  0.35787767  0.34105549  0.34941913  0.37508828  0.37508828  0.37508828  0.37508828  0.34941913  0.34105549  
46_0_0     0.55100329  0.08935907  0.08935907  0.08935907  0.10132156  0.12583835  0.11347916  0.11963314  0.13209565  0.11963314  0.12583835  0.11347916  0.03778376  0.00000000  0.13840593  0.15118904  0.17743236  0.17743236  0.16419521  0.16419521  0.17743236  0.19090885  0.33278466  0.32460460  0.31651334  0.29275355  0.24739207  0.24009312  0.30850896  0.29275355  0.21861557  0.21861557  0.22570621  0.22570621  0.30850896  0.34941913  0.17743236  0.10737557  0.10132156  0.11347916  0.11347916  0.13840593  0.13840593  0.14477008  0.35787767  0.31651334  0.30850896  0.31651334  0.34105549  0.34105549  0.33278466  0.34105549  0.31651334  0.38384494  0.34105549  0.31651334  0.48763868  0.51864787  0.48763868  0.46766015  0.48763868  0.48763868  0.46766015  0.49783241  0.47758248  0.45786817  0.35787767  0.54006135  0.56210825  0.55100329  0.54006135  0.24739207  0.29275355  0.43866186  0.19773957  0.19773957  0.19090885  0.19773957  0.41074960  0.41074960  0.41993804  0.47758248  0.51864787  0.43866186  0.42924116  0.45786817  0.46766015  0.46766015  0.46766015  0.43866186  0.51864787  0.51864787  0.49783241  0.49783241  0.41993804  0.34941913  0.34105549  0.34105549  0.42924116  0.35787767  0.38384494  0.37508828  0.38384494  0.32460460  0.31651334  0.32460460  0.32460460  0.36643331  0.37508828  0.37508828  0.34941913  0.35787767  0.36643331  0.30058963  0.32460460  0.32460460  0.30850896  0.30850896  0.31651334  0.33278466  0.34105549  0.34105549  0.34941913  0.33278466  0.33278466  0.33278466  0.33278466  0.30850896  0.30058963  
2_1_0      0.50816748  0.09531632  0.08344907  0.10737557  0.11963314  0.13209565  0.11963314  0.20463348  0.21159174  0.15118904  0.17078440  0.15766376  0.14477008  0.13840593  0.00000000  0.03226740  0.06599510  0.06599510  0.05458212  0.05458212  0.08344907  0.08344907  0.24009312  0.21861557  0.22570621  0.20463348  0.13209565  0.13209565  0.24739207  0.21861557  0.10737557  0.10737557  0.11347916  0.11347916  0.21861557  0.25476319  0.15766376  0.11347916  0.10737557  0.10737557  0.10737557  0.14477008  0.14477008  0.13840593  0.33278466  0.29275355  0.30058963  0.32460460  0.31651334  0.31651334  0.30850896  0.30058963  0.29275355  0.32460460  0.31651334  0.29275355  0.52927772  0.56210825  0.52927772  0.49783241  0.49783241  0.49783241  0.49783241  0.59645171  0.52927772  0.48763868  0.35787767  0.46766015  0.48763868  0.45786817  0.46766015  0.26972780  0.33278466  0.45786817  0.17743236  0.19090885  0.17078440  0.17743236  0.35787767  0.35787767  0.37508828  0.41993804  0.43866186  0.36643331  0.38384494  0.36643331  0.35787767  0.35787767  0.35787767  0.39270569  0.42924116  0.42924116  0.41074960  0.41074960  0.37508828  0.37508828  0.38384494  0.38384494  0.41993804  0.30850896  0.36643331  0.35787767  0.36643331  0.29275355  0.30058963  0.29275355  0.29275355  0.38384494  0.41074960  0.36643331  0.36643331  0.37508828  0.38384494  0.28499900  0.31651334  0.29275355  0.27732429  0.27732429  0.28499900  0.26972780  0.27732429  0.27732429  0.29275355  0.28499900  0.28499900  0.26972780  0.26972780  0.27732429  0.26972780  
50_1_0     0.50816748  0.10737557  0.09531632  0.11963314  0.13209565  0.15766376  0.14477008  0.21861557  0.22570621  0.16419521  0.19773957  0.18414015  0.17078440  0.15118904  0.03226740  0.00000000  0.03226740  0.03226740  0.03226740  0.03226740  0.06026676  0.06026676  0.19773957  0.17743236  0.18414015  0.16419521  0.10737557  0.10737557  0.24739207  0.20463348  0.08344907  0.08344907  0.08935907  0.10132156  0.20463348  0.28499900  0.17743236  0.12583835  0.11963314  0.11963314  0.11963314  0.15766376  0.15766376  0.15118904  0.30850896  0.28499900  0.29275355  0.33278466  0.34105549  0.34105549  0.33278466  0.32460460  0.29275355  0.32460460  0.31651334  0.29275355  0.51864787  0.55100329  0.51864787  0.49783241  0.47758248  0.47758248  0.47758248  0.59645171  0.51864787  0.47758248  0.35787767  0.44820315  0.46766015  0.43866186  0.44820315  0.27732429  0.32460460  0.47758248  0.18414015  0.19773957  0.17743236  0.19773957  0.34941913  0.34941913  0.37508828  0.41993804  0.42924116  0.39270569  0.39270569  0.37508828  0.36643331  0.36643331  0.36643331  0.36643331  0.43866186  0.43866186  0.41993804  0.41993804  0.38384494  0.39270569  0.40167305  0.40167305  0.44820315  0.31651334  0.37508828  0.36643331  0.39270569  0.30058963  0.30850896  0.30058963  0.30058963  0.39270569  0.40167305  0.38384494  0.40167305  0.39270569  0.42924116  0.26972780  0.31651334  0.27732429  0.26220794  0.26220794  0.26972780  0.26972780  0.27732429  0.26220794  0.27732429  0.28499900  0.28499900  0.26972780  0.26972780  0.27732429  0.26972780  
11_1_0     0.50816748  0.11963314  0.10737557  0.11963314  0.13209565  0.15766376  0.14477008  0.24739207  0.25476319  0.16419521  0.21159174  0.21159174  0.18414015  0.17743236  0.06599510  0.03226740  0.00000000  0.00000000  0.01060135  0.01060135  0.03778376  0.03778376  0.22570621  0.19090885  0.19773957  0.17743236  0.14477008  0.14477008  0.27732429  0.23286496  0.10737557  0.10737557  0.11347916  0.12583835  0.20463348  0.28499900  0.20463348  0.15118904  0.14477008  0.13209565  0.13209565  0.15766376  0.15766376  0.15118904  0.34105549  0.30058963  0.30850896  0.33278466  0.37508828  0.37508828  0.36643331  0.35787767  0.34105549  0.37508828  0.36643331  0.34105549  0.50816748  0.54006135  0.50816748  0.50816748  0.50816748  0.50816748  0.50816748  0.57338116  0.52927772  0.50816748  0.37508828  0.44820315  0.46766015  0.43866186  0.44820315  0.30850896  0.35787767  0.45786817  0.22570621  0.22570621  0.21861557  0.24009312  0.36643331  0.36643331  0.39270569  0.45786817  0.46766015  0.41074960  0.41074960  0.41074960  0.40167305  0.40167305  0.40167305  0.36643331  0.43866186  0.43866186  0.41993804  0.41993804  0.37508828  0.38384494  0.39270569  0.39270569  0.44820315  0.32460460  0.38384494  0.37508828  0.40167305  0.30850896  0.31651334  0.30850896  0.30850896  0.41993804  0.42924116  0.39270569  0.41074960  0.40167305  0.43866186  0.30058963  0.34105549  0.30058963  0.30058963  0.28499900  0.30850896  0.30850896  0.31651334  0.30058963  0.31651334  0.32460460  0.32460460  0.30850896  0.30850896  0.31651334  0.30850896  
37_1_0     0.50816748  0.11963314  0.10737557  0.11963314  0.13209565  0.15766376  0.14477008  0.24739207  0.25476319  0.16419521  0.21159174  0.21159174  0.18414015  0.17743236  0.06599510  0.03226740  0.00000000  0.00000000  0.01060135  0.01060135  0.03778376  0.03778376  0.22570621  0.19090885  0.19773957  0.17743236  0.14477008  0.14477008  0.27732429  0.23286496  0.10737557  0.10737557  0.11347916  0.12583835  0.20463348  0.28499900  0.20463348  0.15118904  0.14477008  0.13209565  0.13209565  0.15766376  0.15766376  0.15118904  0.34105549  0.30058963  0.30850896  0.33278466  0.37508828  0.37508828  0.36643331  0.35787767  0.34105549  0.37508828  0.36643331  0.34105549  0.50816748  0.54006135  0.50816748  0.50816748  0.50816748  0.50816748  0.50816748  0.57338116  0.52927772  0.50816748  0.37508828  0.44820315  0.46766015  0.43866186  0.44820315  0.30850896  0.35787767  0.45786817  0.22570621  0.22570621  0.21861557  0.24009312  0.36643331  0.36643331  0.39270569  0.45786817  0.46766015  0.41074960  0.41074960  0.41074960  0.40167305  0.40167305  0.40167305  0.36643331  0.43866186  0.43866186  0.41993804  0.41993804  0.37508828  0.38384494  0.39270569  0.39270569  0.44820315  0.32460460  0.38384494  0.37508828  0.40167305  0.30850896  0.31651334  0.30850896  0.30850896  0.41993804  0.42924116  0.39270569  0.41074960  0.40167305  0.43866186  0.30058963  0.34105549  0.30058963  0.30058963  0.28499900  0.30850896  0.30850896  0.31651334  0.30058963  0.31651334  0.32460460  0.32460460  0.30850896  0.30850896  0.31651334  0.30850896  
51_1_0     0.49783241  0.10737557  0.09531632  0.10737557  0.11963314  0.14477008  0.13209565  0.23286496  0.24009312  0.15118904  0.19773957  0.19773957  0.17078440  0.16419521  0.05458212  0.03226740  0.01060135  0.01060135  0.00000000  0.00000000  0.02679156  0.02679156  0.22570621  0.19090885  0.19773957  0.17743236  0.14477008  0.14477008  0.26220794  0.21861557  0.10737557  0.10737557  0.11347916  0.12583835  0.20463348  0.30058963  0.19773957  0.13840593  0.13209565  0.13209565  0.13209565  0.15766376  0.15766376  0.15118904  0.34105549  0.30058963  0.30850896  0.33278466  0.35787767  0.35787767  0.34941913  0.34105549  0.32460460  0.35787767  0.34941913  0.32460460  0.50816748  0.54006135  0.50816748  0.48763868  0.50816748  0.50816748  0.50816748  0.56210825  0.52927772  0.50816748  0.39270569  0.46766015  0.48763868  0.45786817  0.46766015  0.29275355  0.35787767  0.45786817  0.21159174  0.21159174  0.20463348  0.22570621  0.37508828  0.37508828  0.40167305  0.44820315  0.45786817  0.41993804  0.40167305  0.40167305  0.39270569  0.39270569  0.39270569  0.35787767  0.42924116  0.42924116  0.41074960  0.41074960  0.39270569  0.38384494  0.39270569  0.39270569  0.46766015  0.30850896  0.36643331  0.35787767  0.38384494  0.29275355  0.30058963  0.29275355  0.29275355  0.40167305  0.41074960  0.39270569  0.39270569  0.38384494  0.41993804  0.28499900  0.32460460  0.28499900  0.28499900  0.26972780  0.29275355  0.29275355  0.30058963  0.28499900  0.30058963  0.30850896  0.30850896  0.29275355  0.29275355  0.30058963  0.29275355  
49_1_0     0.49783241  0.10737557  0.09531632  0.10737557  0.11963314  0.14477008  0.13209565  0.23286496  0.24009312  0.15118904  0.19773957  0.19773957  0.17078440  0.16419521  0.05458212  0.03226740  0.01060135  0.01060135  0.00000000  0.00000000  0.02679156  0.02679156  0.22570621  0.19090885  0.19773957  0.17743236  0.14477008  0.14477008  0.26220794  0.21861557  0.10737557  0.10737557  0.11347916  0.12583835  0.20463348  0.30058963  0.19773957  0.13840593  0.13209565  0.13209565  0.13209565  0.15766376  0.15766376  0.15118904  0.34105549  0.30058963  0.30850896  0.33278466  0.35787767  0.35787767  0.34941913  0.34105549  0.32460460  0.35787767  0.34941913  0.32460460  0.50816748  0.54006135  0.50816748  0.48763868  0.50816748  0.50816748  0.50816748  0.56210825  0.52927772  0.50816748  0.39270569  0.46766015  0.48763868  0.45786817  0.46766015  0.29275355  0.35787767  0.45786817  0.21159174  0.21159174  0.20463348  0.22570621  0.37508828  0.37508828  0.40167305  0.44820315  0.45786817  0.41993804  0.40167305  0.40167305  0.39270569  0.39270569  0.39270569  0.35787767  0.42924116  0.42924116  0.41074960  0.41074960  0.39270569  0.38384494  0.39270569  0.39270569  0.46766015  0.30850896  0.36643331  0.35787767  0.38384494  0.29275355  0.30058963  0.29275355  0.29275355  0.40167305  0.41074960  0.39270569  0.39270569  0.38384494  0.41993804  0.28499900  0.32460460  0.28499900  0.28499900  0.26972780  0.29275355  0.29275355  0.30058963  0.28499900  0.30058963  0.30850896  0.30850896  0.29275355  0.29275355  0.30058963  0.29275355  
51_5_0     0.49783241  0.11963314  0.10737557  0.11963314  0.13209565  0.15766376  0.14477008  0.23286496  0.24009312  0.15118904  0.19773957  0.19773957  0.17078440  0.17743236  0.08344907  0.06026676  0.03778376  0.03778376  0.02679156  0.02679156  0.00000000  0.01060135  0.23286496  0.19773957  0.20463348  0.21159174  0.17743236  0.17743236  0.23286496  0.20463348  0.13840593  0.13840593  0.14477008  0.15766376  0.21159174  0.32460460  0.21861557  0.14477008  0.13840593  0.12583835  0.12583835  0.16419521  0.16419521  0.15766376  0.34941913  0.29275355  0.31651334  0.34105549  0.35787767  0.36643331  0.35787767  0.34941913  0.33278466  0.36643331  0.35787767  0.33278466  0.54006135  0.55100329  0.54006135  0.46766015  0.51864787  0.51864787  0.51864787  0.57338116  0.51864787  0.49783241  0.42924116  0.46766015  0.48763868  0.45786817  0.46766015  0.31651334  0.34941913  0.44820315  0.23286496  0.23286496  0.22570621  0.24739207  0.39270569  0.39270569  0.38384494  0.46766015  0.45786817  0.43866186  0.40167305  0.41993804  0.41074960  0.41074960  0.41074960  0.36643331  0.43866186  0.43866186  0.41993804  0.41993804  0.40167305  0.40167305  0.39270569  0.41074960  0.49783241  0.30850896  0.36643331  0.35787767  0.38384494  0.29275355  0.30058963  0.29275355  0.29275355  0.41074960  0.41993804  0.39270569  0.39270569  0.40167305  0.41993804  0.28499900  0.32460460  0.30058963  0.30058963  0.26972780  0.30850896  0.28499900  0.30850896  0.27732429  0.29275355  0.32460460  0.32460460  0.30850896  0.30850896  0.31651334  0.30850896  
49_5_0     0.49783241  0.11963314  0.10737557  0.11963314  0.13209565  0.15766376  0.14477008  0.24739207  0.25476319  0.15118904  0.19773957  0.19773957  0.18414015  0.19090885  0.08344907  0.06026676  0.03778376  0.03778376  0.02679156  0.02679156  0.01060135  0.00000000  0.23286496  0.19773957  0.20463348  0.21159174  0.17743236  0.17743236  0.24739207  0.21861557  0.13840593  0.13840593  0.14477008  0.15766376  0.21159174  0.33278466  0.23286496  0.14477008  0.13840593  0.13840593  0.13840593  0.17743236  0.17743236  0.17078440  0.35787767  0.30058963  0.32460460  0.33278466  0.34941913  0.35787767  0.34941913  0.34105549  0.32460460  0.35787767  0.34941913  0.32460460  0.55100329  0.56210825  0.55100329  0.46766015  0.50816748  0.50816748  0.50816748  0.58482718  0.50816748  0.48763868  0.41993804  0.45786817  0.47758248  0.44820315  0.45786817  0.30850896  0.35787767  0.45786817  0.22570621  0.22570621  0.21861557  0.24009312  0.40167305  0.40167305  0.39270569  0.47758248  0.46766015  0.42924116  0.41074960  0.41074960  0.40167305  0.40167305  0.40167305  0.36643331  0.43866186  0.43866186  0.41993804  0.41993804  0.39270569  0.39270569  0.40167305  0.41993804  0.48763868  0.31651334  0.37508828  0.36643331  0.39270569  0.30058963  0.30850896  0.30058963  0.30058963  0.41993804  0.42924116  0.40167305  0.40167305  0.39270569  0.42924116  0.27732429  0.33278466  0.29275355  0.29275355  0.26220794  0.30058963  0.27732429  0.30058963  0.28499900  0.30058963  0.31651334  0.31651334  0.30058963  0.30058963  0.30850896  0.30058963  
32_2_0     0.55100329  0.26220794  0.26220794  0.29275355  0.30850896  0.30850896  0.30850896  0.36643331  0.37508828  0.31651334  0.32460460  0.32460460  0.35787767  0.33278466  0.24009312  0.19773957  0.22570621  0.22570621  0.22570621  0.22570621  0.23286496  0.23286496  0.00000000  0.06026676  0.06599510  0.07176779  0.21861557  0.21861557  0.29275355  0.26220794  0.21159174  0.21159174  0.20463348  0.21861557  0.36643331  0.41993804  0.30850896  0.25476319  0.26220794  0.25476319  0.25476319  0.26220794  0.26220794  0.25476319  0.39270569  0.41993804  0.41074960  0.35787767  0.43866186  0.43866186  0.42924116  0.41993804  0.39270569  0.40167305  0.41993804  0.39270569  0.62025918  0.63245428  0.62025918  0.59645171  0.56210825  0.56210825  0.58482718  0.65745988  0.57338116  0.50816748  0.47758248  0.54006135  0.56210825  0.52927772  0.54006135  0.37508828  0.39270569  0.55100329  0.26220794  0.29275355  0.26972780  0.26972780  0.45786817  0.45786817  0.43866186  0.48763868  0.47758248  0.50816748  0.42924116  0.44820315  0.42924116  0.42924116  0.41993804  0.47758248  0.55100329  0.55100329  0.52927772  0.52927772  0.36643331  0.35787767  0.38384494  0.40167305  0.40167305  0.39270569  0.43866186  0.44820315  0.45786817  0.37508828  0.36643331  0.37508828  0.37508828  0.41074960  0.40167305  0.45786817  0.43866186  0.45786817  0.45786817  0.30850896  0.38384494  0.34105549  0.34105549  0.34105549  0.34941913  0.36643331  0.37508828  0.35787767  0.39270569  0.30850896  0.30850896  0.29275355  0.29275355  0.30058963  0.32460460  
46_2_0     0.57338116  0.25476319  0.25476319  0.28499900  0.30058963  0.28499900  0.28499900  0.31651334  0.32460460  0.30058963  0.29275355  0.29275355  0.33278466  0.32460460  0.21861557  0.17743236  0.19090885  0.19090885  0.19090885  0.19090885  0.19773957  0.19773957  0.06026676  0.00000000  0.03778376  0.05458212  0.21159174  0.21159174  0.29275355  0.26220794  0.21861557  0.21861557  0.21159174  0.22570621  0.33278466  0.38384494  0.28499900  0.25476319  0.24739207  0.22570621  0.22570621  0.24739207  0.24739207  0.24009312  0.41074960  0.39270569  0.41993804  0.40167305  0.45786817  0.45786817  0.44820315  0.43866186  0.41074960  0.41993804  0.43866186  0.41074960  0.59645171  0.60826040  0.59645171  0.62025918  0.54006135  0.54006135  0.54006135  0.69661516  0.55100329  0.52927772  0.43866186  0.56210825  0.58482718  0.55100329  0.56210825  0.41074960  0.41074960  0.59645171  0.28499900  0.30058963  0.29275355  0.31651334  0.43866186  0.43866186  0.43866186  0.46766015  0.45786817  0.46766015  0.40167305  0.45786817  0.41074960  0.41074960  0.40167305  0.43866186  0.50816748  0.50816748  0.48763868  0.48763868  0.40167305  0.38384494  0.41074960  0.42924116  0.41074960  0.40167305  0.46766015  0.47758248  0.48763868  0.38384494  0.37508828  0.38384494  0.38384494  0.44820315  0.41993804  0.47758248  0.43866186  0.41993804  0.45786817  0.28499900  0.40167305  0.31651334  0.31651334  0.31651334  0.34105549  0.37508828  0.36643331  0.33278466  0.36643331  0.30058963  0.30058963  0.30058963  0.30058963  0.29275355  0.31651334  
32_1_0     0.56210825  0.24739207  0.24739207  0.27732429  0.29275355  0.29275355  0.29275355  0.30058963  0.30850896  0.28499900  0.26220794  0.26220794  0.34105549  0.31651334  0.22570621  0.18414015  0.19773957  0.19773957  0.19773957  0.19773957  0.20463348  0.20463348  0.06599510  0.03778376  0.00000000  0.03778376  0.21861557  0.21861557  0.30850896  0.27732429  0.22570621  0.22570621  0.21861557  0.21861557  0.34941913  0.41074960  0.29275355  0.24739207  0.24009312  0.23286496  0.23286496  0.24009312  0.24009312  0.23286496  0.41074960  0.40167305  0.41074960  0.37508828  0.44820315  0.44820315  0.43866186  0.42924116  0.40167305  0.41074960  0.42924116  0.40167305  0.57338116  0.58482718  0.57338116  0.58482718  0.52927772  0.52927772  0.52927772  0.67028445  0.54006135  0.47758248  0.46766015  0.55100329  0.57338116  0.54006135  0.55100329  0.40167305  0.40167305  0.60826040  0.27732429  0.29275355  0.28499900  0.30850896  0.41074960  0.41074960  0.43866186  0.44820315  0.43866186  0.43866186  0.37508828  0.44820315  0.40167305  0.40167305  0.39270569  0.42924116  0.49783241  0.49783241  0.47758248  0.47758248  0.41074960  0.39270569  0.41993804  0.43866186  0.41993804  0.42924116  0.44820315  0.45786817  0.46766015  0.41074960  0.40167305  0.41074960  0.41074960  0.45786817  0.41993804  0.48763868  0.44820315  0.44820315  0.46766015  0.29275355  0.40167305  0.32460460  0.32460460  0.32460460  0.35787767  0.38384494  0.35787767  0.35787767  0.39270569  0.32460460  0.32460460  0.32460460  0.32460460  0.31651334  0.34105549  
