14
16_0_0     0.00000000  0.14852357  0.33436631  0.31452322  0.29519651  0.29519651  0.28571853  0.35475414  0.33436631  0.33436631  0.32437850  0.25798940  0.25798940  0.25798940  
15_0_0     0.14852357  0.00000000  0.22255766  0.22255766  0.25798940  0.27635999  0.26711790  0.27635999  0.27635999  0.27635999  0.22255766  0.23125839  0.23125839  0.23125839  
17_0_0     0.33436631  0.22255766  0.00000000  0.01293246  0.08120492  0.09564617  0.08839045  0.24006226  0.25798940  0.25798940  0.19705080  0.22255766  0.22255766  0.22255766  
11_0_0     0.31452322  0.22255766  0.01293246  0.00000000  0.08120492  0.09564617  0.08839045  0.25798940  0.25798940  0.25798940  0.19705080  0.22255766  0.22255766  0.22255766  
10_0_0     0.29519651  0.25798940  0.08120492  0.08120492  0.00000000  0.01293246  0.00643808  0.21395767  0.22255766  0.22255766  0.21395767  0.20545613  0.20545613  0.20545613  
12_0_0     0.29519651  0.27635999  0.09564617  0.09564617  0.01293246  0.00000000  0.00643808  0.23125839  0.24006226  0.24006226  0.22255766  0.21395767  0.21395767  0.21395767  
4_0_0      0.28571853  0.26711790  0.08839045  0.08839045  0.00643808  0.00643808  0.00000000  0.22255766  0.23125839  0.23125839  0.21395767  0.20545613  0.20545613  0.20545613  
7_0_0      0.35475414  0.27635999  0.24006226  0.25798940  0.21395767  0.23125839  0.22255766  0.00000000  0.05313846  0.05313846  0.22255766  0.22255766  0.22255766  0.22255766  
9_0_0      0.33436631  0.27635999  0.25798940  0.25798940  0.22255766  0.24006226  0.23125839  0.05313846  0.00000000  0.00000000  0.22255766  0.24006226  0.24006226  0.24006226  
13_0_0     0.33436631  0.27635999  0.25798940  0.25798940  0.22255766  0.24006226  0.23125839  0.05313846  0.00000000  0.00000000  0.22255766  0.24006226  0.24006226  0.24006226  
20_0_0     0.32437850  0.22255766  0.19705080  0.19705080  0.21395767  0.22255766  0.21395767  0.22255766  0.22255766  0.22255766  0.00000000  0.24006226  0.24006226  0.24006226  
1_1_0      0.25798940  0.23125839  0.22255766  0.22255766  0.20545613  0.21395767  0.20545613  0.22255766  0.24006226  0.24006226  0.24006226  0.00000000  0.00000000  0.00000000  
2_1_0      0.25798940  0.23125839  0.22255766  0.22255766  0.20545613  0.21395767  0.20545613  0.22255766  0.24006226  0.24006226  0.24006226  0.00000000  0.00000000  0.00000000  
3_1_0      0.25798940  0.23125839  0.22255766  0.22255766  0.20545613  0.21395767  0.20545613  0.22255766  0.24006226  0.24006226  0.24006226  0.00000000  0.00000000  0.00000000  

