14
16_0_0     0.00000000  0.16433127  0.31445111  0.31445111  0.29513358  0.29513358  0.31445111  0.37561149  0.40818828  0.40818828  0.30472960  0.31445111  0.31445111  0.32430144  
15_0_0     0.16433127  0.00000000  0.27630533  0.25794218  0.24002172  0.24002172  0.24892795  0.31445111  0.28565984  0.28565984  0.31445111  0.32430144  0.29513358  0.30472960  
17_0_0     0.31445111  0.27630533  0.00000000  0.01948388  0.09564016  0.09564016  0.11783936  0.30472960  0.31445111  0.31445111  0.26706706  0.32430144  0.28565984  0.29513358  
11_0_0     0.31445111  0.25794218  0.01948388  0.00000000  0.11783936  0.11783936  0.13301588  0.29513358  0.28565984  0.28565984  0.27630533  0.29513358  0.27630533  0.28565984  
10_0_0     0.29513358  0.24002172  0.09564016  0.11783936  0.00000000  0.00000000  0.01948388  0.28565984  0.31445111  0.31445111  0.24002172  0.30472960  0.26706706  0.27630533  
12_0_0     0.29513358  0.24002172  0.09564016  0.11783936  0.00000000  0.00000000  0.01948388  0.28565984  0.31445111  0.31445111  0.24002172  0.30472960  0.26706706  0.27630533  
4_0_0      0.31445111  0.24892795  0.11783936  0.13301588  0.01948388  0.01948388  0.00000000  0.29513358  0.32430144  0.32430144  0.26706706  0.32430144  0.28565984  0.29513358  
7_0_0      0.37561149  0.31445111  0.30472960  0.29513358  0.28565984  0.28565984  0.29513358  0.00000000  0.04628311  0.04628311  0.28565984  0.26706706  0.24892795  0.24002172  
9_0_0      0.40818828  0.28565984  0.31445111  0.28565984  0.31445111  0.31445111  0.32430144  0.04628311  0.00000000  0.00000000  0.26706706  0.26706706  0.26706706  0.25794218  
13_0_0     0.40818828  0.28565984  0.31445111  0.28565984  0.31445111  0.31445111  0.32430144  0.04628311  0.00000000  0.00000000  0.26706706  0.26706706  0.26706706  0.25794218  
20_0_0     0.30472960  0.31445111  0.26706706  0.27630533  0.24002172  0.24002172  0.26706706  0.28565984  0.26706706  0.26706706  0.00000000  0.24002172  0.26706706  0.25794218  
1_1_0      0.31445111  0.32430144  0.32430144  0.29513358  0.30472960  0.30472960  0.32430144  0.26706706  0.26706706  0.26706706  0.24002172  0.00000000  0.02609366  0.01948388  
2_1_0      0.31445111  0.29513358  0.28565984  0.27630533  0.26706706  0.26706706  0.28565984  0.24892795  0.26706706  0.26706706  0.26706706  0.02609366  0.00000000  0.00643805  
3_1_0      0.32430144  0.30472960  0.29513358  0.28565984  0.27630533  0.27630533  0.29513358  0.24002172  0.25794218  0.25794218  0.25794218  0.01948388  0.00643805  0.00000000  

