16
5_16_0     0.00000000  0.17016851  0.16112276  0.16112276  0.14335348  0.11746797  0.11746797  0.37878748  0.34353230  0.27765333  0.32092076  0.24677223  0.26721711  0.24677223  0.24677223  0.24677223  
11_28_0    0.17016851  0.00000000  0.06824243  0.06824243  0.13462491  0.13462491  0.14335348  0.36684988  0.35510009  0.33214096  0.34353230  0.30986664  0.32092076  0.30986664  0.30986664  0.33214096  
6_24_0     0.16112276  0.06824243  0.00000000  0.00000000  0.10069635  0.10069635  0.09244970  0.39091901  0.37878748  0.33214096  0.34353230  0.30986664  0.30986664  0.30986664  0.30986664  0.30986664  
6_29_0     0.16112276  0.06824243  0.00000000  0.00000000  0.10069635  0.10069635  0.09244970  0.39091901  0.37878748  0.33214096  0.34353230  0.30986664  0.30986664  0.30986664  0.30986664  0.30986664  
17_26_0    0.14335348  0.13462491  0.10069635  0.10069635  0.00000000  0.04479522  0.02206181  0.42854277  0.36684988  0.30986664  0.34353230  0.26721711  0.28823746  0.26721711  0.26721711  0.28823746  
17_16_0    0.11746797  0.13462491  0.10069635  0.10069635  0.04479522  0.00000000  0.03714027  0.40325085  0.34353230  0.30986664  0.32092076  0.28823746  0.30986664  0.28823746  0.28823746  0.28823746  
14_16_0    0.11746797  0.14335348  0.09244970  0.09244970  0.02206181  0.03714027  0.00000000  0.41578975  0.35510009  0.29897375  0.33214096  0.25692471  0.27765333  0.25692471  0.25692471  0.25692471  
11_20_0    0.37878748  0.36684988  0.39091901  0.39091901  0.42854277  0.40325085  0.41578975  0.00000000  0.06824243  0.14335348  0.16112276  0.22687216  0.22687216  0.22687216  0.22687216  0.25692471  
14_20_0    0.34353230  0.35510009  0.37878748  0.37878748  0.36684988  0.34353230  0.35510009  0.06824243  0.00000000  0.15218527  0.15218527  0.23675592  0.23675592  0.23675592  0.23675592  0.26721711  
5_23_0     0.27765333  0.33214096  0.33214096  0.33214096  0.30986664  0.30986664  0.29897375  0.14335348  0.15218527  0.00000000  0.04479522  0.12599717  0.14335348  0.12599717  0.12599717  0.15218527  
5_20_0     0.32092076  0.34353230  0.34353230  0.34353230  0.34353230  0.32092076  0.33214096  0.16112276  0.15218527  0.04479522  0.00000000  0.17932516  0.17932516  0.17932516  0.17932516  0.20748862  
6_21_0     0.24677223  0.30986664  0.30986664  0.30986664  0.26721711  0.28823746  0.25692471  0.22687216  0.23675592  0.12599717  0.17932516  0.00000000  0.02956298  0.01463522  0.01463522  0.02206181  
11_21_0    0.26721711  0.32092076  0.30986664  0.30986664  0.28823746  0.30986664  0.27765333  0.22687216  0.23675592  0.14335348  0.17932516  0.02956298  0.00000000  0.02956298  0.02956298  0.05252945  
14_21_0    0.24677223  0.30986664  0.30986664  0.30986664  0.26721711  0.28823746  0.25692471  0.22687216  0.23675592  0.12599717  0.17932516  0.01463522  0.02956298  0.00000000  0.00000000  0.03714027  
14_25_0    0.24677223  0.30986664  0.30986664  0.30986664  0.26721711  0.28823746  0.25692471  0.22687216  0.23675592  0.12599717  0.17932516  0.01463522  0.02956298  0.00000000  0.00000000  0.03714027  
17_21_0    0.24677223  0.33214096  0.30986664  0.30986664  0.28823746  0.28823746  0.25692471  0.25692471  0.26721711  0.15218527  0.20748862  0.02206181  0.05252945  0.03714027  0.03714027  0.00000000  

