9
3_0_0      0.00000000  0.03179518  0.07976893  0.08975490  0.09987970  0.08474480  0.33206565  0.32508724  0.31817506  
1_0_0      0.03179518  0.00000000  0.06504210  0.06504210  0.07482682  0.06991803  0.30454445  0.29782364  0.29116428  
2_0_0      0.07976893  0.06504210  0.00000000  0.06991803  0.11014725  0.08474480  0.31817506  0.31132787  0.30454445  
2_1_0      0.08975490  0.06504210  0.06991803  0.00000000  0.07482682  0.06019860  0.33206565  0.32508724  0.31817506  
1_1_0      0.09987970  0.07482682  0.11014725  0.07482682  0.00000000  0.06019860  0.32508724  0.31817506  0.31132787  
3_1_0      0.08474480  0.06991803  0.08474480  0.06019860  0.06019860  0.00000000  0.32508724  0.31817506  0.31132787  
25_0_0     0.33206565  0.30454445  0.31817506  0.33206565  0.32508724  0.32508724  0.00000000  0.01345690  0.00894358  
73_0_0     0.32508724  0.29782364  0.31132787  0.32508724  0.31817506  0.31817506  0.01345690  0.00000000  0.00445806  
24_0_0     0.31817506  0.29116428  0.30454445  0.31817506  0.31132787  0.31132787  0.00894358  0.00445806  0.00000000  

