9
70_16_0    0.00000000  0.09547226  0.08665657  0.18000379  0.12257649  0.13651548  0.13183952  0.24777878  0.29868009  
93_9_0     0.09547226  0.00000000  0.02372768  0.18499967  0.14595819  0.16035523  0.15552461  0.26996474  0.30456120  
93_5_0     0.08665657  0.02372768  0.00000000  0.17504186  0.13651548  0.15072573  0.14595819  0.26996474  0.30456120  
78_2_0     0.18000379  0.18499967  0.17504186  0.00000000  0.13183952  0.13651548  0.13183952  0.26435474  0.25878750  
84_27_0    0.12257649  0.14595819  0.13651548  0.13183952  0.00000000  0.02775835  0.02372768  0.20533217  0.25326240  
84_29_0    0.13651548  0.16035523  0.15072573  0.13651548  0.02775835  0.00000000  0.00390145  0.23157078  0.28131573  
84_31_0    0.13183952  0.15552461  0.14595819  0.13183952  0.02372768  0.00390145  0.00000000  0.22624709  0.27561818  
60_32_0    0.24777878  0.26996474  0.26996474  0.26435474  0.20533217  0.23157078  0.22624709  0.00000000  0.11342951  
98_32_0    0.29868009  0.30456120  0.30456120  0.25878750  0.25326240  0.28131573  0.27561818  0.11342951  0.00000000  

