20
20_0_0     0.00000000  0.24955179  0.25619698  0.26290340  0.23644070  0.29036466  0.28340160  0.28340160  0.27650453  0.26967220  0.26290340  0.24296672  0.22997267  0.26290340  0.24955179  0.25619698  0.26290340  0.26967220  0.26967220  0.26967220  
15_0_0     0.24955179  0.00000000  0.07406649  0.06888722  0.12241726  0.15653309  0.16237783  0.16237783  0.14498255  0.13927530  0.14498255  0.17421003  0.17421003  0.11688358  0.13927530  0.14498255  0.13927530  0.10594086  0.10594086  0.10594086  
14_0_0     0.25619698  0.07406649  0.00000000  0.00471004  0.11688358  0.16826988  0.16237783  0.16237783  0.15073491  0.14498255  0.13927530  0.17421003  0.17421003  0.12241726  0.12799334  0.13361246  0.12799334  0.13927530  0.13927530  0.13927530  
6_0_0      0.26290340  0.06888722  0.00471004  0.00000000  0.12241726  0.16237783  0.15653309  0.15653309  0.14498255  0.13927530  0.13361246  0.18019905  0.18019905  0.11688358  0.12241726  0.12799334  0.12241726  0.13361246  0.13361246  0.13361246  
16_0_0     0.23644070  0.12241726  0.11688358  0.12241726  0.00000000  0.14498255  0.15073491  0.15073491  0.14498255  0.13927530  0.13361246  0.19846761  0.18623777  0.10053058  0.11688358  0.12241726  0.12799334  0.16826988  0.16826988  0.16826988  
7_0_0      0.29036466  0.15653309  0.16826988  0.16237783  0.14498255  0.00000000  0.00945076  0.00945076  0.02872861  0.02386107  0.02872861  0.17421003  0.16237783  0.08453695  0.08982921  0.09516023  0.09516023  0.18019905  0.18019905  0.18019905  
13_0_0     0.28340160  0.16237783  0.16237783  0.15653309  0.15073491  0.00945076  0.00000000  0.00000000  0.02872861  0.02386107  0.02872861  0.16826988  0.15653309  0.08982921  0.08453695  0.08982921  0.08982921  0.18623777  0.18623777  0.18623777  
9_0_0      0.28340160  0.16237783  0.16237783  0.15653309  0.15073491  0.00945076  0.00000000  0.00000000  0.02872861  0.02386107  0.02872861  0.16826988  0.15653309  0.08982921  0.08453695  0.08982921  0.08982921  0.18623777  0.18623777  0.18623777  
19_0_0     0.27650453  0.14498255  0.15073491  0.14498255  0.14498255  0.02872861  0.02872861  0.02872861  0.00000000  0.01422257  0.00945076  0.18019905  0.16826988  0.08982921  0.08453695  0.08982921  0.09516023  0.17421003  0.17421003  0.17421003  
8_0_0      0.26967220  0.13927530  0.14498255  0.13927530  0.13927530  0.02386107  0.02386107  0.02386107  0.01422257  0.00000000  0.01422257  0.18623777  0.17421003  0.09516023  0.08982921  0.09516023  0.10053058  0.16826988  0.16826988  0.16826988  
18_0_0     0.26290340  0.14498255  0.13927530  0.13361246  0.13361246  0.02872861  0.02872861  0.02872861  0.00945076  0.01422257  0.00000000  0.17421003  0.16237783  0.07928289  0.07406649  0.07928289  0.08453695  0.16237783  0.16237783  0.16237783  
11_0_0     0.24296672  0.17421003  0.17421003  0.18019905  0.19846761  0.17421003  0.16826988  0.16826988  0.18019905  0.18623777  0.17421003  0.00000000  0.00945076  0.16826988  0.13927530  0.14498255  0.14498255  0.19846761  0.19846761  0.19846761  
17_0_0     0.22997267  0.17421003  0.17421003  0.18019905  0.18623777  0.16237783  0.15653309  0.15653309  0.16826988  0.17421003  0.16237783  0.00945076  0.00000000  0.15653309  0.12799334  0.13361246  0.13361246  0.19846761  0.19846761  0.19846761  
5_0_0      0.26290340  0.11688358  0.12241726  0.11688358  0.10053058  0.08453695  0.08982921  0.08982921  0.08982921  0.09516023  0.07928289  0.16826988  0.15653309  0.00000000  0.03362892  0.04853097  0.04352964  0.15653309  0.15653309  0.15653309  
10_0_0     0.24955179  0.13927530  0.12799334  0.12241726  0.11688358  0.08982921  0.08453695  0.08453695  0.08453695  0.08982921  0.07406649  0.13927530  0.12799334  0.03362892  0.00000000  0.01422257  0.00945076  0.17421003  0.17421003  0.17421003  
12_0_0     0.25619698  0.14498255  0.13361246  0.12799334  0.12241726  0.09516023  0.08982921  0.08982921  0.08982921  0.09516023  0.07928289  0.14498255  0.13361246  0.04853097  0.01422257  0.00000000  0.01422257  0.17421003  0.17421003  0.17421003  
4_0_0      0.26290340  0.13927530  0.12799334  0.12241726  0.12799334  0.09516023  0.08982921  0.08982921  0.09516023  0.10053058  0.08453695  0.14498255  0.13361246  0.04352964  0.00945076  0.01422257  0.00000000  0.16237783  0.16237783  0.16237783  
2_0_0      0.26967220  0.10594086  0.13927530  0.13361246  0.16826988  0.18019905  0.18623777  0.18623777  0.17421003  0.16826988  0.16237783  0.19846761  0.19846761  0.15653309  0.17421003  0.17421003  0.16237783  0.00000000  0.00000000  0.00000000  
3_0_0      0.26967220  0.10594086  0.13927530  0.13361246  0.16826988  0.18019905  0.18623777  0.18623777  0.17421003  0.16826988  0.16237783  0.19846761  0.19846761  0.15653309  0.17421003  0.17421003  0.16237783  0.00000000  0.00000000  0.00000000  
1_0_0      0.26967220  0.10594086  0.13927530  0.13361246  0.16826988  0.18019905  0.18623777  0.18623777  0.17421003  0.16826988  0.16237783  0.19846761  0.19846761  0.15653309  0.17421003  0.17421003  0.16237783  0.00000000  0.00000000  0.00000000  

