153
44_2_0     0.00000000  0.00399505  0.00399505  0.01205181  0.01205181  0.02019911  0.00801224  0.04097715  0.05373596  0.06672333  0.06236830  0.15486509  0.15486509  0.15981477  0.15981477  0.14994898  0.14994898  0.15486509  0.14994898  0.18508311  0.19024421  0.20595167  0.20595167  0.18508311  0.19544231  0.18508311  0.14506597  0.14994898  0.14506597  0.13061124  0.14506597  0.14506597  0.14506597  0.14021563  0.14506597  0.14994898  0.14994898  0.15981477  0.14994898  0.14506597  0.14506597  0.15486509  0.13539753  0.14994898  0.16981668  0.13539753  0.13539753  0.13539753  0.12585633  0.14994898  0.14994898  0.14021563  0.15486509  0.15486509  0.19024421  0.16981668  0.19024421  0.25522537  0.15981477  0.16981668  0.17486985  0.17995850  0.15981477  0.17995850  0.17995850  0.17486985  0.17995850  0.18508311  0.18508311  0.17995850  0.22743877  0.21661562  0.22200700  0.21661562  0.20595167  0.20595167  0.20595167  0.20595167  0.21661562  0.17995850  0.17995850  0.20067795  0.19544231  0.20595167  0.20067795  0.21661562  0.21126404  0.21126404  0.21661562  0.17486985  0.17995850  0.17486985  0.19024421  0.16981668  0.17486985  0.17486985  0.20595167  0.22743877  0.23842595  0.19544231  0.20595167  0.22200700  0.17486985  0.17486985  0.15486509  0.17486985  0.16479848  0.16479848  0.14506597  0.14994898  0.14506597  0.14506597  0.14994898  0.14506597  0.15981477  0.15486509  0.15981477  0.15981477  0.15981477  0.14021563  0.14994898  0.13061124  0.14994898  0.14994898  0.14994898  0.14994898  0.14506597  0.13061124  0.13061124  0.14021563  0.14021563  0.15486509  0.14994898  0.14506597  0.17995850  0.15981477  0.15486509  0.15981477  0.17486985  0.20067795  0.15981477  0.16981668  0.20595167  0.19024421  0.19024421  0.23291154  0.28411952  0.29003915  0.24398261  0.22200700  0.27824783  0.26664522  0.25522537  
34_2_0     0.00399505  0.00000000  0.00801224  0.01611401  0.00801224  0.02430735  0.01205181  0.03677363  0.04945803  0.07110467  0.06672333  0.14994898  0.14994898  0.15486509  0.15981477  0.14506597  0.14506597  0.14994898  0.14506597  0.17995850  0.18508311  0.20067795  0.20067795  0.17995850  0.19024421  0.17995850  0.14021563  0.14506597  0.14021563  0.12585633  0.14021563  0.14021563  0.14021563  0.13539753  0.14021563  0.14506597  0.14506597  0.15486509  0.14506597  0.14021563  0.14021563  0.14994898  0.13061124  0.14506597  0.16981668  0.13061124  0.13061124  0.13061124  0.12113241  0.14506597  0.14506597  0.14506597  0.14994898  0.14994898  0.18508311  0.16479848  0.18508311  0.24958220  0.15486509  0.16479848  0.17995850  0.17486985  0.15486509  0.17486985  0.17486985  0.16981668  0.17486985  0.17995850  0.17995850  0.17486985  0.22200700  0.21126404  0.21661562  0.22200700  0.20067795  0.20067795  0.20067795  0.20067795  0.21126404  0.17486985  0.17486985  0.20595167  0.20067795  0.21126404  0.20067795  0.21661562  0.21126404  0.21126404  0.21661562  0.16981668  0.17486985  0.16981668  0.18508311  0.16479848  0.16981668  0.16981668  0.20067795  0.22200700  0.23291154  0.19024421  0.20067795  0.21661562  0.16981668  0.16981668  0.14994898  0.16981668  0.15981477  0.15981477  0.14021563  0.14506597  0.14021563  0.14021563  0.14506597  0.14021563  0.15486509  0.14994898  0.15486509  0.15486509  0.15486509  0.13539753  0.14506597  0.13539753  0.14506597  0.14506597  0.14506597  0.14506597  0.14021563  0.12585633  0.12585633  0.13539753  0.13539753  0.14994898  0.14994898  0.14506597  0.17995850  0.15981477  0.15486509  0.15981477  0.16981668  0.19544231  0.16479848  0.16479848  0.21126404  0.19544231  0.19544231  0.23842595  0.28411952  0.29003915  0.24398261  0.22200700  0.27824783  0.26664522  0.25522537  
17_2_0     0.00399505  0.00801224  0.00000000  0.01611401  0.01611401  0.02430735  0.01205181  0.04520519  0.05803928  0.07110467  0.06672333  0.14994898  0.14994898  0.15486509  0.16479848  0.15486509  0.15486509  0.15981477  0.15486509  0.19024421  0.19544231  0.21126404  0.21126404  0.19024421  0.20067795  0.19024421  0.14994898  0.15486509  0.14994898  0.13539753  0.14994898  0.14021563  0.14994898  0.14506597  0.14994898  0.15486509  0.15486509  0.16479848  0.15486509  0.14994898  0.14994898  0.15981477  0.14021563  0.15486509  0.17486985  0.14021563  0.14021563  0.14021563  0.13061124  0.15486509  0.15486509  0.14506597  0.15981477  0.15981477  0.19544231  0.17486985  0.19544231  0.26091281  0.16479848  0.17486985  0.17995850  0.18508311  0.16479848  0.17486985  0.18508311  0.17995850  0.18508311  0.19024421  0.19024421  0.18508311  0.23291154  0.22200700  0.22743877  0.22200700  0.21126404  0.21126404  0.21126404  0.21126404  0.22200700  0.18508311  0.18508311  0.20595167  0.20067795  0.21126404  0.19544231  0.21126404  0.20595167  0.20595167  0.21126404  0.17995850  0.18508311  0.17995850  0.19544231  0.17486985  0.17995850  0.17995850  0.21126404  0.23291154  0.24398261  0.20067795  0.21126404  0.22743877  0.17995850  0.17995850  0.15981477  0.17995850  0.16981668  0.16981668  0.14994898  0.15486509  0.14994898  0.14994898  0.15486509  0.14994898  0.16479848  0.15981477  0.16479848  0.16479848  0.16479848  0.14506597  0.15486509  0.13539753  0.15486509  0.15486509  0.15486509  0.15486509  0.14994898  0.13539753  0.13539753  0.14506597  0.14506597  0.15981477  0.15486509  0.14994898  0.17486985  0.16479848  0.15981477  0.16479848  0.17995850  0.20595167  0.16479848  0.17486985  0.21126404  0.19544231  0.19544231  0.23842595  0.29003915  0.29600752  0.23842595  0.21661562  0.27242331  0.26091281  0.24958220  
17_5_0     0.01205181  0.01611401  0.01611401  0.00000000  0.01611401  0.02430735  0.01205181  0.05373596  0.06672333  0.06236830  0.06672333  0.16981668  0.16981668  0.17486985  0.17486985  0.16479848  0.16479848  0.16981668  0.16479848  0.20067795  0.20595167  0.22200700  0.22200700  0.20067795  0.21126404  0.20067795  0.15981477  0.16479848  0.15981477  0.14506597  0.15981477  0.15981477  0.14994898  0.15486509  0.15981477  0.16479848  0.16479848  0.17486985  0.16479848  0.15981477  0.15981477  0.15981477  0.14994898  0.16479848  0.17486985  0.14994898  0.14994898  0.14994898  0.14021563  0.16479848  0.16479848  0.15486509  0.15981477  0.15981477  0.19544231  0.16479848  0.18508311  0.23842595  0.14506597  0.15486509  0.15981477  0.16479848  0.14506597  0.18508311  0.18508311  0.17995850  0.18508311  0.19024421  0.19024421  0.18508311  0.23291154  0.22200700  0.22743877  0.22200700  0.21126404  0.21126404  0.21126404  0.21126404  0.22200700  0.18508311  0.18508311  0.20595167  0.20067795  0.21126404  0.20595167  0.22200700  0.21661562  0.21661562  0.22200700  0.17995850  0.18508311  0.17995850  0.19544231  0.17486985  0.17995850  0.17995850  0.20067795  0.21126404  0.24398261  0.20067795  0.21126404  0.22743877  0.17995850  0.17995850  0.15981477  0.16981668  0.16981668  0.16981668  0.14994898  0.15486509  0.14994898  0.14994898  0.15486509  0.14994898  0.16479848  0.15981477  0.16479848  0.16479848  0.16479848  0.14506597  0.15486509  0.14506597  0.15486509  0.15486509  0.15486509  0.15486509  0.14994898  0.14506597  0.14506597  0.15486509  0.15486509  0.16981668  0.15486509  0.14994898  0.17486985  0.16479848  0.15981477  0.16479848  0.17995850  0.20595167  0.16479848  0.17486985  0.22200700  0.20595167  0.20595167  0.23842595  0.30202543  0.30809370  0.24958220  0.22743877  0.29600752  0.27242331  0.26091281  
34_5_0     0.01205181  0.00801224  0.01611401  0.01611401  0.00000000  0.02430735  0.01205181  0.04520519  0.05803928  0.07994760  0.07551266  0.14994898  0.14994898  0.15486509  0.16981668  0.15486509  0.15486509  0.14994898  0.15486509  0.19024421  0.19544231  0.21126404  0.21126404  0.19024421  0.20067795  0.19024421  0.14994898  0.15486509  0.14994898  0.13539753  0.14994898  0.14994898  0.14994898  0.14506597  0.14994898  0.15486509  0.15486509  0.16479848  0.15486509  0.14994898  0.14994898  0.15981477  0.14021563  0.15486509  0.17995850  0.14021563  0.14021563  0.14021563  0.13061124  0.15486509  0.14506597  0.15486509  0.15981477  0.15981477  0.19544231  0.17486985  0.18508311  0.23842595  0.15486509  0.16479848  0.17995850  0.17486985  0.15486509  0.18508311  0.18508311  0.17995850  0.18508311  0.19024421  0.19024421  0.18508311  0.22200700  0.21126404  0.21661562  0.22200700  0.20067795  0.20067795  0.20067795  0.20067795  0.21126404  0.18508311  0.18508311  0.21661562  0.21126404  0.22200700  0.21126404  0.22743877  0.22200700  0.22200700  0.22743877  0.17995850  0.18508311  0.17995850  0.19544231  0.17486985  0.17995850  0.17995850  0.21126404  0.22200700  0.23291154  0.20067795  0.20067795  0.21661562  0.17995850  0.17995850  0.15981477  0.17995850  0.16981668  0.16981668  0.14994898  0.15486509  0.14994898  0.14994898  0.15486509  0.14994898  0.16479848  0.15981477  0.16479848  0.16479848  0.16479848  0.14506597  0.15486509  0.14506597  0.15486509  0.15486509  0.15486509  0.15486509  0.14994898  0.13539753  0.13539753  0.14506597  0.14506597  0.15981477  0.15981477  0.15486509  0.16981668  0.16981668  0.16479848  0.16981668  0.17995850  0.20595167  0.17486985  0.17486985  0.22200700  0.20595167  0.20595167  0.24958220  0.28411952  0.29003915  0.24398261  0.23291154  0.29003915  0.27824783  0.26664522  
34_6_0     0.02019911  0.02430735  0.02430735  0.02430735  0.02430735  0.00000000  0.02019911  0.06236830  0.07551266  0.07994760  0.07551266  0.17995850  0.17995850  0.18508311  0.17486985  0.16479848  0.16479848  0.16981668  0.16479848  0.21126404  0.20595167  0.22200700  0.22200700  0.20067795  0.21126404  0.20067795  0.15981477  0.16479848  0.15981477  0.13539753  0.15981477  0.15981477  0.15981477  0.15486509  0.16981668  0.17486985  0.17486985  0.18508311  0.17486985  0.16981668  0.16981668  0.17995850  0.15981477  0.17486985  0.19544231  0.15981477  0.15981477  0.15981477  0.14994898  0.17486985  0.17486985  0.16479848  0.16981668  0.16981668  0.19544231  0.17486985  0.18508311  0.26091281  0.17486985  0.18508311  0.19024421  0.19544231  0.17486985  0.19544231  0.18508311  0.17995850  0.18508311  0.19024421  0.20067795  0.19544231  0.24398261  0.23291154  0.23842595  0.23291154  0.22200700  0.22200700  0.22200700  0.22200700  0.23291154  0.19544231  0.19544231  0.21661562  0.21126404  0.22200700  0.21126404  0.22743877  0.22200700  0.22200700  0.22743877  0.19024421  0.19544231  0.19024421  0.20595167  0.18508311  0.19024421  0.19024421  0.21126404  0.22200700  0.23291154  0.20067795  0.21126404  0.22743877  0.19024421  0.19024421  0.16981668  0.19024421  0.17995850  0.17995850  0.14994898  0.15486509  0.14994898  0.14994898  0.15486509  0.15981477  0.17486985  0.16981668  0.17486985  0.17486985  0.17486985  0.15486509  0.16479848  0.14506597  0.16479848  0.16479848  0.16479848  0.16479848  0.15981477  0.14506597  0.14506597  0.15486509  0.15486509  0.16981668  0.16479848  0.15981477  0.18508311  0.17486985  0.16981668  0.17486985  0.17995850  0.21661562  0.18508311  0.18508311  0.21126404  0.19544231  0.19544231  0.24958220  0.28411952  0.29003915  0.26664522  0.24398261  0.29003915  0.27824783  0.26664522  
17_6_0     0.00801224  0.01205181  0.01205181  0.01205181  0.01205181  0.02019911  0.00000000  0.04945803  0.05373596  0.06672333  0.06236830  0.16479848  0.16479848  0.16981668  0.16981668  0.15981477  0.15981477  0.16479848  0.15981477  0.19544231  0.20067795  0.21661562  0.21661562  0.19544231  0.20595167  0.19544231  0.15486509  0.15981477  0.15486509  0.14021563  0.15486509  0.15486509  0.15486509  0.14994898  0.15486509  0.15981477  0.15981477  0.16981668  0.15981477  0.15486509  0.15486509  0.16479848  0.14506597  0.15981477  0.17995850  0.14506597  0.14506597  0.14506597  0.13539753  0.15981477  0.15981477  0.14994898  0.16479848  0.16479848  0.20067795  0.17995850  0.19024421  0.25522537  0.15981477  0.15981477  0.16479848  0.16981668  0.15981477  0.19024421  0.19024421  0.18508311  0.19024421  0.19544231  0.18508311  0.17995850  0.23842595  0.22743877  0.23291154  0.22743877  0.21661562  0.21661562  0.21661562  0.21661562  0.22743877  0.19024421  0.19024421  0.21126404  0.20595167  0.21661562  0.21126404  0.22743877  0.22200700  0.22200700  0.22743877  0.18508311  0.19024421  0.18508311  0.20067795  0.17995850  0.18508311  0.18508311  0.21661562  0.22743877  0.24958220  0.20595167  0.21661562  0.23291154  0.18508311  0.18508311  0.16479848  0.18508311  0.17486985  0.17486985  0.15486509  0.15981477  0.15486509  0.15486509  0.15981477  0.15486509  0.16981668  0.16479848  0.16981668  0.16981668  0.16981668  0.14994898  0.15981477  0.14021563  0.15981477  0.15981477  0.15981477  0.15981477  0.15486509  0.14021563  0.14021563  0.14994898  0.14994898  0.16479848  0.15981477  0.15486509  0.17995850  0.16981668  0.16479848  0.16981668  0.18508311  0.21126404  0.16981668  0.17995850  0.20595167  0.19024421  0.19024421  0.23291154  0.28411952  0.29003915  0.24398261  0.22200700  0.27824783  0.27824783  0.26664522  
36_4_0     0.04097715  0.03677363  0.04520519  0.05373596  0.04520519  0.06236830  0.04945803  0.00000000  0.06236830  0.09341758  0.08889972  0.13539753  0.13539753  0.14021563  0.14021563  0.13061124  0.13061124  0.13539753  0.14994898  0.19544231  0.20067795  0.21661562  0.21661562  0.19544231  0.20595167  0.19544231  0.14506597  0.14994898  0.14506597  0.14021563  0.13539753  0.14506597  0.14506597  0.14021563  0.14506597  0.14994898  0.14994898  0.15981477  0.14994898  0.13539753  0.13539753  0.15486509  0.15486509  0.15981477  0.17486985  0.13539753  0.14506597  0.13539753  0.13539753  0.14994898  0.15981477  0.14994898  0.15486509  0.15486509  0.19024421  0.16981668  0.19024421  0.24398261  0.16981668  0.17995850  0.19544231  0.19024421  0.16981668  0.17486985  0.16981668  0.16479848  0.16981668  0.17486985  0.18508311  0.17995850  0.22743877  0.23842595  0.23291154  0.22743877  0.20595167  0.20595167  0.20595167  0.20595167  0.24398261  0.17995850  0.17995850  0.24398261  0.24398261  0.24958220  0.22743877  0.23291154  0.23842595  0.23842595  0.24398261  0.17486985  0.17995850  0.17486985  0.20067795  0.16981668  0.17486985  0.17486985  0.21126404  0.24398261  0.24398261  0.20067795  0.21126404  0.22743877  0.15486509  0.15486509  0.13539753  0.15486509  0.14506597  0.14506597  0.14506597  0.14994898  0.14506597  0.14506597  0.14994898  0.15486509  0.15981477  0.16479848  0.15981477  0.15981477  0.14506597  0.13061124  0.14021563  0.13061124  0.14021563  0.14021563  0.14021563  0.14021563  0.13539753  0.12113241  0.12113241  0.13061124  0.13061124  0.14506597  0.14506597  0.14021563  0.17486985  0.15486509  0.14994898  0.15486509  0.16479848  0.19544231  0.15981477  0.15981477  0.22743877  0.21126404  0.21126404  0.24398261  0.24398261  0.24958220  0.23842595  0.23291154  0.26664522  0.25522537  0.25522537  
36_1_0     0.05373596  0.04945803  0.05803928  0.06672333  0.05803928  0.07551266  0.05373596  0.06236830  0.00000000  0.04520519  0.04097715  0.16981668  0.16981668  0.17486985  0.16981668  0.15486509  0.15486509  0.15981477  0.15486509  0.21126404  0.21661562  0.23291154  0.23291154  0.21126404  0.22200700  0.21126404  0.15981477  0.16479848  0.15981477  0.15486509  0.15981477  0.16981668  0.16981668  0.16479848  0.16981668  0.17486985  0.17486985  0.18508311  0.17486985  0.15981477  0.15981477  0.16981668  0.15981477  0.17486985  0.19024421  0.15981477  0.14994898  0.15981477  0.14994898  0.17486985  0.16479848  0.17486985  0.16981668  0.14994898  0.18508311  0.19544231  0.19544231  0.25522537  0.18508311  0.18508311  0.19024421  0.19544231  0.16479848  0.20067795  0.17995850  0.17486985  0.17995850  0.18508311  0.16479848  0.16981668  0.22200700  0.23291154  0.22743877  0.23291154  0.20067795  0.20067795  0.20067795  0.20067795  0.22743877  0.17486985  0.17486985  0.22200700  0.21661562  0.22200700  0.20067795  0.20595167  0.21126404  0.21126404  0.21661562  0.17995850  0.18508311  0.17995850  0.19544231  0.17486985  0.17995850  0.17995850  0.20595167  0.23291154  0.24398261  0.21126404  0.21126404  0.22743877  0.15981477  0.15981477  0.14021563  0.15981477  0.14994898  0.14994898  0.13061124  0.14506597  0.14021563  0.14021563  0.14506597  0.14994898  0.15486509  0.15981477  0.15486509  0.15486509  0.14506597  0.13539753  0.14506597  0.13539753  0.13539753  0.14506597  0.14506597  0.14506597  0.14021563  0.12585633  0.12585633  0.12585633  0.12585633  0.14021563  0.14021563  0.13539753  0.16981668  0.14994898  0.14506597  0.14994898  0.15981477  0.19544231  0.16479848  0.15486509  0.22200700  0.20595167  0.20595167  0.21661562  0.26091281  0.26664522  0.26664522  0.24398261  0.27824783  0.26664522  0.27824783  
44_1_0     0.06672333  0.07110467  0.07110467  0.06236830  0.07994760  0.07994760  0.06672333  0.09341758  0.04520519  0.00000000  0.02019911  0.20595167  0.20595167  0.21126404  0.19024421  0.17995850  0.17995850  0.18508311  0.17995850  0.23842595  0.24398261  0.26091281  0.26091281  0.22743877  0.24958220  0.23842595  0.18508311  0.17995850  0.18508311  0.17995850  0.19544231  0.19544231  0.18508311  0.19024421  0.19544231  0.20067795  0.20067795  0.20067795  0.20067795  0.19544231  0.19544231  0.19544231  0.18508311  0.20067795  0.20067795  0.18508311  0.17486985  0.18508311  0.17486985  0.20067795  0.19024421  0.19024421  0.19544231  0.18508311  0.21126404  0.17995850  0.20067795  0.26664522  0.16981668  0.17995850  0.18508311  0.17995850  0.15981477  0.19544231  0.18508311  0.17995850  0.18508311  0.19024421  0.19024421  0.18508311  0.23842595  0.23842595  0.24398261  0.23842595  0.21661562  0.21661562  0.21661562  0.21661562  0.23842595  0.19024421  0.19024421  0.21661562  0.21126404  0.21661562  0.20067795  0.21661562  0.21126404  0.21126404  0.21661562  0.19544231  0.20067795  0.19544231  0.21126404  0.19024421  0.19544231  0.20595167  0.20067795  0.22743877  0.24958220  0.21661562  0.20595167  0.23291154  0.16479848  0.16479848  0.15486509  0.16479848  0.16479848  0.16479848  0.14506597  0.14994898  0.14506597  0.14506597  0.14021563  0.15486509  0.16981668  0.16479848  0.16981668  0.16981668  0.15981477  0.14994898  0.15981477  0.14994898  0.14994898  0.15981477  0.15981477  0.15981477  0.15486509  0.14994898  0.14994898  0.14994898  0.14994898  0.15486509  0.14994898  0.14506597  0.17995850  0.15981477  0.15486509  0.15981477  0.17486985  0.20067795  0.16981668  0.15981477  0.22200700  0.20595167  0.20595167  0.22200700  0.30202543  0.30809370  0.27242331  0.24958220  0.30809370  0.29003915  0.29003915  
17_1_0     0.06236830  0.06672333  0.06672333  0.06672333  0.07551266  0.07551266  0.06236830  0.08889972  0.04097715  0.02019911  0.00000000  0.19024421  0.19024421  0.19544231  0.17486985  0.16479848  0.16479848  0.16981668  0.16479848  0.22200700  0.22743877  0.24398261  0.24398261  0.22200700  0.23291154  0.22200700  0.16981668  0.17486985  0.16981668  0.16479848  0.17995850  0.17995850  0.19024421  0.17486985  0.17995850  0.18508311  0.18508311  0.18508311  0.18508311  0.19024421  0.19024421  0.19024421  0.17995850  0.19544231  0.19544231  0.17995850  0.16981668  0.17995850  0.16981668  0.19544231  0.18508311  0.18508311  0.17995850  0.16981668  0.19544231  0.17486985  0.19544231  0.27242331  0.17486985  0.18508311  0.19024421  0.18508311  0.16479848  0.17995850  0.16981668  0.17486985  0.16981668  0.17486985  0.18508311  0.17995850  0.21126404  0.21126404  0.21661562  0.21126404  0.20067795  0.20067795  0.20067795  0.20067795  0.22200700  0.17486985  0.17486985  0.23291154  0.22743877  0.23291154  0.19544231  0.21126404  0.20595167  0.20595167  0.21126404  0.20067795  0.20595167  0.20067795  0.21661562  0.19544231  0.20067795  0.21126404  0.19544231  0.22200700  0.23291154  0.20067795  0.19024421  0.21661562  0.16981668  0.16981668  0.15981477  0.17995850  0.16981668  0.16981668  0.14021563  0.14506597  0.14021563  0.14021563  0.13539753  0.14994898  0.16479848  0.15981477  0.16479848  0.16479848  0.16479848  0.15486509  0.16479848  0.15486509  0.14506597  0.16479848  0.16479848  0.16479848  0.15981477  0.15486509  0.15486509  0.15486509  0.15486509  0.15981477  0.15486509  0.14994898  0.18508311  0.16479848  0.15981477  0.16479848  0.17995850  0.19544231  0.17486985  0.17486985  0.22200700  0.19544231  0.20595167  0.21661562  0.28411952  0.29003915  0.27824783  0.24398261  0.27824783  0.28411952  0.28411952  
15_49_0    0.15486509  0.14994898  0.14994898  0.16981668  0.14994898  0.17995850  0.16479848  0.13539753  0.16981668  0.20595167  0.19024421  0.00000000  0.00000000  0.00399505  0.13539753  0.13061124  0.13061124  0.12585633  0.14021563  0.16479848  0.16981668  0.17486985  0.17486985  0.15486509  0.17486985  0.16479848  0.12585633  0.13061124  0.12585633  0.13061124  0.12585633  0.11643907  0.14506597  0.12113241  0.12585633  0.13061124  0.13061124  0.14021563  0.13061124  0.13061124  0.13061124  0.14994898  0.14506597  0.14994898  0.15486509  0.12585633  0.13539753  0.12585633  0.14506597  0.14021563  0.14021563  0.14506597  0.15981477  0.14994898  0.18508311  0.15486509  0.19544231  0.26091281  0.15486509  0.17486985  0.19024421  0.18508311  0.16981668  0.21126404  0.17486985  0.16981668  0.16479848  0.16981668  0.18508311  0.17995850  0.21126404  0.22200700  0.21661562  0.20067795  0.19024421  0.19024421  0.19024421  0.19024421  0.22743877  0.18508311  0.18508311  0.26664522  0.23842595  0.25522537  0.22743877  0.22200700  0.23842595  0.23842595  0.24398261  0.20595167  0.20067795  0.20595167  0.21661562  0.19024421  0.18508311  0.19544231  0.22200700  0.27242331  0.23842595  0.21661562  0.21661562  0.22743877  0.15981477  0.15981477  0.15981477  0.19024421  0.17995850  0.17995850  0.15981477  0.14506597  0.14994898  0.14994898  0.15486509  0.14994898  0.16479848  0.15981477  0.16479848  0.16479848  0.17486985  0.15486509  0.16479848  0.15486509  0.17486985  0.16479848  0.16479848  0.15486509  0.15981477  0.14506597  0.14506597  0.15486509  0.15486509  0.16981668  0.17995850  0.17486985  0.16479848  0.16981668  0.16479848  0.16981668  0.19024421  0.21661562  0.19544231  0.17486985  0.26091281  0.24958220  0.24958220  0.23842595  0.30202543  0.30809370  0.29003915  0.28411952  0.26091281  0.29003915  0.29003915  
12_49_0    0.15486509  0.14994898  0.14994898  0.16981668  0.14994898  0.17995850  0.16479848  0.13539753  0.16981668  0.20595167  0.19024421  0.00000000  0.00000000  0.00399505  0.13539753  0.13061124  0.13061124  0.12585633  0.14021563  0.16479848  0.16981668  0.17486985  0.17486985  0.15486509  0.17486985  0.16479848  0.12585633  0.13061124  0.12585633  0.13061124  0.12585633  0.11643907  0.14506597  0.12113241  0.12585633  0.13061124  0.13061124  0.14021563  0.13061124  0.13061124  0.13061124  0.14994898  0.14506597  0.14994898  0.15486509  0.12585633  0.13539753  0.12585633  0.14506597  0.14021563  0.14021563  0.14506597  0.15981477  0.14994898  0.18508311  0.15486509  0.19544231  0.26091281  0.15486509  0.17486985  0.19024421  0.18508311  0.16981668  0.21126404  0.17486985  0.16981668  0.16479848  0.16981668  0.18508311  0.17995850  0.21126404  0.22200700  0.21661562  0.20067795  0.19024421  0.19024421  0.19024421  0.19024421  0.22743877  0.18508311  0.18508311  0.26664522  0.23842595  0.25522537  0.22743877  0.22200700  0.23842595  0.23842595  0.24398261  0.20595167  0.20067795  0.20595167  0.21661562  0.19024421  0.18508311  0.19544231  0.22200700  0.27242331  0.23842595  0.21661562  0.21661562  0.22743877  0.15981477  0.15981477  0.15981477  0.19024421  0.17995850  0.17995850  0.15981477  0.14506597  0.14994898  0.14994898  0.15486509  0.14994898  0.16479848  0.15981477  0.16479848  0.16479848  0.17486985  0.15486509  0.16479848  0.15486509  0.17486985  0.16479848  0.16479848  0.15486509  0.15981477  0.14506597  0.14506597  0.15486509  0.15486509  0.16981668  0.17995850  0.17486985  0.16479848  0.16981668  0.16479848  0.16981668  0.19024421  0.21661562  0.19544231  0.17486985  0.26091281  0.24958220  0.24958220  0.23842595  0.30202543  0.30809370  0.29003915  0.28411952  0.26091281  0.29003915  0.29003915  
20_49_0    0.15981477  0.15486509  0.15486509  0.17486985  0.15486509  0.18508311  0.16981668  0.14021563  0.17486985  0.21126404  0.19544231  0.00399505  0.00399505  0.00000000  0.14021563  0.13539753  0.13539753  0.13061124  0.14506597  0.16981668  0.17486985  0.17995850  0.17995850  0.15981477  0.17995850  0.16981668  0.13061124  0.13539753  0.13061124  0.13539753  0.13061124  0.12113241  0.14994898  0.12585633  0.13061124  0.13539753  0.13539753  0.14506597  0.13539753  0.13539753  0.13539753  0.15486509  0.14994898  0.15486509  0.15981477  0.13061124  0.14021563  0.13061124  0.14994898  0.14506597  0.14506597  0.14994898  0.16479848  0.15486509  0.19024421  0.15981477  0.20067795  0.26664522  0.15981477  0.17995850  0.19544231  0.19024421  0.17486985  0.21661562  0.17995850  0.17486985  0.16981668  0.17486985  0.19024421  0.18508311  0.21661562  0.22743877  0.22200700  0.20595167  0.19544231  0.19544231  0.19544231  0.19544231  0.23291154  0.19024421  0.19024421  0.27242331  0.24398261  0.26091281  0.23291154  0.22743877  0.24398261  0.24398261  0.24958220  0.21126404  0.20595167  0.21126404  0.22200700  0.19544231  0.19024421  0.20067795  0.22743877  0.27824783  0.24398261  0.22200700  0.22200700  0.23291154  0.16479848  0.16479848  0.16479848  0.19544231  0.18508311  0.18508311  0.16479848  0.14994898  0.15486509  0.15486509  0.15981477  0.15486509  0.16981668  0.16479848  0.16981668  0.16981668  0.17995850  0.15981477  0.16981668  0.15981477  0.17995850  0.16981668  0.16981668  0.15981477  0.16479848  0.14994898  0.14994898  0.15981477  0.15981477  0.17486985  0.18508311  0.17995850  0.16981668  0.17486985  0.16981668  0.17486985  0.19544231  0.22200700  0.20067795  0.17995850  0.26664522  0.25522537  0.25522537  0.24398261  0.30809370  0.31421320  0.29600752  0.29003915  0.26664522  0.29600752  0.29600752  
8_1_0      0.15981477  0.15981477  0.16479848  0.17486985  0.16981668  0.17486985  0.16981668  0.14021563  0.16981668  0.19024421  0.17486985  0.13539753  0.13539753  0.14021563  0.00000000  0.01205181  0.01205181  0.01611401  0.04520519  0.11177592  0.11177592  0.12113241  0.12113241  0.11643907  0.12113241  0.12113241  0.06236830  0.06672333  0.06236830  0.06236830  0.05803928  0.05803928  0.07551266  0.05373596  0.06672333  0.07110467  0.07110467  0.07994760  0.07110467  0.07551266  0.07551266  0.08889972  0.08440985  0.08889972  0.10253864  0.06672333  0.07551266  0.06672333  0.08440985  0.07994760  0.08889972  0.09341758  0.20595167  0.18508311  0.22743877  0.20067795  0.21661562  0.26664522  0.20067795  0.21126404  0.22200700  0.22200700  0.19024421  0.23842595  0.21661562  0.21126404  0.20595167  0.21126404  0.22200700  0.21661562  0.27242331  0.27242331  0.27824783  0.25522537  0.24958220  0.24958220  0.24958220  0.24958220  0.28411952  0.22200700  0.22200700  0.25522537  0.24398261  0.25522537  0.27242331  0.29003915  0.28411952  0.28411952  0.29003915  0.21661562  0.22200700  0.22743877  0.23842595  0.21126404  0.20595167  0.21661562  0.26091281  0.29003915  0.28411952  0.27242331  0.26664522  0.27824783  0.20067795  0.20067795  0.19024421  0.22200700  0.21126404  0.21126404  0.20067795  0.19544231  0.19024421  0.19024421  0.19544231  0.19024421  0.21661562  0.21126404  0.21661562  0.21661562  0.20595167  0.19544231  0.20595167  0.19024421  0.19544231  0.20595167  0.20595167  0.19544231  0.20067795  0.18508311  0.18508311  0.19544231  0.19544231  0.21126404  0.21126404  0.20595167  0.21126404  0.20067795  0.19544231  0.20067795  0.23291154  0.23842595  0.20067795  0.21661562  0.23842595  0.23291154  0.23291154  0.24398261  0.27824783  0.28411952  0.29600752  0.30809370  0.28411952  0.30809370  0.29600752  
41_1_0     0.14994898  0.14506597  0.15486509  0.16479848  0.15486509  0.16479848  0.15981477  0.13061124  0.15486509  0.17995850  0.16479848  0.13061124  0.13061124  0.13539753  0.01205181  0.00000000  0.00000000  0.00399505  0.03259434  0.09796377  0.09796377  0.10714257  0.10714257  0.10253864  0.10714257  0.10714257  0.04945803  0.05373596  0.04945803  0.04945803  0.04520519  0.04520519  0.06236830  0.04097715  0.05373596  0.05803928  0.05803928  0.06672333  0.05803928  0.06236830  0.06236830  0.07551266  0.07110467  0.07551266  0.09796377  0.05373596  0.06236830  0.05373596  0.07110467  0.06672333  0.07551266  0.08440985  0.20067795  0.17995850  0.22200700  0.19544231  0.21126404  0.27242331  0.19544231  0.20595167  0.22200700  0.21661562  0.18508311  0.23291154  0.20067795  0.19544231  0.19024421  0.19544231  0.20595167  0.20067795  0.25522537  0.25522537  0.26091281  0.25522537  0.23291154  0.23291154  0.23291154  0.23291154  0.26664522  0.20595167  0.20595167  0.25522537  0.23291154  0.24398261  0.26091281  0.27824783  0.27242331  0.27242331  0.27824783  0.21126404  0.21661562  0.22200700  0.23291154  0.20595167  0.20067795  0.21126404  0.26664522  0.28411952  0.26664522  0.25522537  0.24958220  0.26091281  0.18508311  0.18508311  0.17486985  0.20595167  0.19544231  0.19544231  0.18508311  0.17995850  0.17486985  0.17486985  0.17995850  0.17486985  0.20067795  0.19544231  0.20067795  0.20067795  0.20067795  0.17995850  0.19024421  0.17995850  0.17995850  0.19024421  0.19024421  0.19024421  0.18508311  0.16981668  0.16981668  0.17995850  0.17995850  0.19544231  0.20595167  0.20067795  0.21661562  0.20595167  0.20067795  0.20595167  0.21661562  0.23291154  0.19024421  0.20067795  0.22743877  0.22200700  0.22200700  0.24398261  0.27824783  0.28411952  0.29600752  0.29600752  0.27242331  0.29600752  0.28411952  
47_1_0     0.14994898  0.14506597  0.15486509  0.16479848  0.15486509  0.16479848  0.15981477  0.13061124  0.15486509  0.17995850  0.16479848  0.13061124  0.13061124  0.13539753  0.01205181  0.00000000  0.00000000  0.00399505  0.03259434  0.09796377  0.09796377  0.10714257  0.10714257  0.10253864  0.10714257  0.10714257  0.04945803  0.05373596  0.04945803  0.04945803  0.04520519  0.04520519  0.06236830  0.04097715  0.05373596  0.05803928  0.05803928  0.06672333  0.05803928  0.06236830  0.06236830  0.07551266  0.07110467  0.07551266  0.09796377  0.05373596  0.06236830  0.05373596  0.07110467  0.06672333  0.07551266  0.08440985  0.20067795  0.17995850  0.22200700  0.19544231  0.21126404  0.27242331  0.19544231  0.20595167  0.22200700  0.21661562  0.18508311  0.23291154  0.20067795  0.19544231  0.19024421  0.19544231  0.20595167  0.20067795  0.25522537  0.25522537  0.26091281  0.25522537  0.23291154  0.23291154  0.23291154  0.23291154  0.26664522  0.20595167  0.20595167  0.25522537  0.23291154  0.24398261  0.26091281  0.27824783  0.27242331  0.27242331  0.27824783  0.21126404  0.21661562  0.22200700  0.23291154  0.20595167  0.20067795  0.21126404  0.26664522  0.28411952  0.26664522  0.25522537  0.24958220  0.26091281  0.18508311  0.18508311  0.17486985  0.20595167  0.19544231  0.19544231  0.18508311  0.17995850  0.17486985  0.17486985  0.17995850  0.17486985  0.20067795  0.19544231  0.20067795  0.20067795  0.20067795  0.17995850  0.19024421  0.17995850  0.17995850  0.19024421  0.19024421  0.19024421  0.18508311  0.16981668  0.16981668  0.17995850  0.17995850  0.19544231  0.20595167  0.20067795  0.21661562  0.20595167  0.20067795  0.20595167  0.21661562  0.23291154  0.19024421  0.20067795  0.22743877  0.22200700  0.22200700  0.24398261  0.27824783  0.28411952  0.29600752  0.29600752  0.27242331  0.29600752  0.28411952  
27_1_0     0.15486509  0.14994898  0.15981477  0.16981668  0.14994898  0.16981668  0.16479848  0.13539753  0.15981477  0.18508311  0.16981668  0.12585633  0.12585633  0.13061124  0.01611401  0.00399505  0.00399505  0.00000000  0.03677363  0.10253864  0.10253864  0.11177592  0.11177592  0.10714257  0.11177592  0.11177592  0.05373596  0.05803928  0.05373596  0.05373596  0.04945803  0.04945803  0.06672333  0.04520519  0.05803928  0.06236830  0.06236830  0.07110467  0.06236830  0.06672333  0.06672333  0.07994760  0.07551266  0.07994760  0.10253864  0.05803928  0.06672333  0.05803928  0.07551266  0.07110467  0.07110467  0.08889972  0.20595167  0.18508311  0.22743877  0.20067795  0.21661562  0.26664522  0.20067795  0.21126404  0.22743877  0.22200700  0.19024421  0.23842595  0.20595167  0.20067795  0.19544231  0.20067795  0.21126404  0.20595167  0.24958220  0.24958220  0.25522537  0.24958220  0.22743877  0.22743877  0.22743877  0.22743877  0.26091281  0.21126404  0.21126404  0.26091281  0.23842595  0.24958220  0.26664522  0.28411952  0.27824783  0.27824783  0.28411952  0.21661562  0.22200700  0.22743877  0.23842595  0.21126404  0.20595167  0.21661562  0.27242331  0.29003915  0.26091281  0.26091281  0.24398261  0.25522537  0.19024421  0.19024421  0.17995850  0.21126404  0.20067795  0.20067795  0.19024421  0.18508311  0.17995850  0.17995850  0.18508311  0.17995850  0.20595167  0.20067795  0.20595167  0.20595167  0.20595167  0.18508311  0.19544231  0.18508311  0.18508311  0.19544231  0.19544231  0.19544231  0.19024421  0.17486985  0.17486985  0.18508311  0.18508311  0.20067795  0.21126404  0.20595167  0.21126404  0.21126404  0.20595167  0.21126404  0.22200700  0.23842595  0.19544231  0.20595167  0.23291154  0.22743877  0.22743877  0.24958220  0.27242331  0.27824783  0.29003915  0.30202543  0.27824783  0.30202543  0.29003915  
31_1_0     0.14994898  0.14506597  0.15486509  0.16479848  0.15486509  0.16479848  0.15981477  0.14994898  0.15486509  0.17995850  0.16479848  0.14021563  0.14021563  0.14506597  0.04520519  0.03259434  0.03259434  0.03677363  0.00000000  0.10714257  0.10714257  0.10714257  0.10714257  0.10253864  0.10714257  0.10714257  0.05803928  0.06236830  0.05803928  0.05803928  0.05373596  0.05373596  0.07110467  0.04945803  0.05373596  0.05803928  0.05803928  0.06672333  0.05803928  0.07994760  0.07994760  0.08440985  0.07994760  0.08440985  0.09796377  0.06236830  0.07110467  0.06236830  0.06236830  0.07551266  0.08440985  0.10253864  0.20067795  0.19024421  0.22200700  0.19544231  0.22200700  0.28411952  0.20595167  0.21661562  0.23291154  0.22743877  0.19544231  0.25522537  0.20595167  0.20067795  0.19544231  0.20067795  0.21126404  0.20595167  0.26664522  0.26664522  0.27242331  0.26664522  0.24398261  0.24398261  0.24398261  0.24398261  0.27824783  0.21661562  0.21661562  0.25522537  0.23291154  0.24398261  0.24958220  0.26664522  0.26091281  0.26091281  0.26664522  0.21126404  0.21661562  0.22200700  0.23291154  0.20595167  0.20067795  0.21126404  0.26664522  0.29600752  0.26091281  0.24958220  0.24398261  0.25522537  0.19544231  0.19544231  0.19544231  0.22743877  0.21661562  0.21661562  0.19544231  0.19024421  0.18508311  0.18508311  0.19024421  0.18508311  0.20067795  0.19544231  0.20067795  0.20067795  0.21126404  0.19024421  0.20067795  0.19024421  0.19024421  0.20067795  0.20067795  0.20067795  0.19544231  0.17995850  0.17995850  0.19024421  0.19024421  0.20595167  0.21661562  0.21126404  0.22743877  0.21661562  0.21126404  0.21661562  0.22743877  0.24398261  0.21126404  0.21126404  0.23842595  0.23291154  0.22200700  0.24398261  0.26664522  0.27242331  0.27824783  0.26091281  0.24958220  0.28411952  0.27242331  
18_42_0    0.18508311  0.17995850  0.19024421  0.20067795  0.19024421  0.21126404  0.19544231  0.19544231  0.21126404  0.23842595  0.22200700  0.16479848  0.16479848  0.16981668  0.11177592  0.09796377  0.09796377  0.10253864  0.10714257  0.00000000  0.00801224  0.02430735  0.02430735  0.04945803  0.02430735  0.02430735  0.08889972  0.09341758  0.08889972  0.08889972  0.08440985  0.08440985  0.10253864  0.07994760  0.08440985  0.08889972  0.08889972  0.09796377  0.08889972  0.10253864  0.10253864  0.12113241  0.10253864  0.10714257  0.13061124  0.08440985  0.09341758  0.08440985  0.09341758  0.09796377  0.10714257  0.14506597  0.24958220  0.22743877  0.26664522  0.24398261  0.26091281  0.30809370  0.23842595  0.23291154  0.24958220  0.24398261  0.22743877  0.27242331  0.24958220  0.24398261  0.23842595  0.24398261  0.25522537  0.24958220  0.26664522  0.25522537  0.26091281  0.27242331  0.25522537  0.25522537  0.25522537  0.25522537  0.27824783  0.22743877  0.22743877  0.29600752  0.27242331  0.26664522  0.29003915  0.29600752  0.30202543  0.30202543  0.29600752  0.25522537  0.24958220  0.25522537  0.26664522  0.24958220  0.24398261  0.24958220  0.29003915  0.29600752  0.26091281  0.24958220  0.26091281  0.26664522  0.20067795  0.20067795  0.21126404  0.24398261  0.23291154  0.23291154  0.21126404  0.20595167  0.21126404  0.21126404  0.21661562  0.20067795  0.21661562  0.21126404  0.20595167  0.20595167  0.22743877  0.20067795  0.20067795  0.20067795  0.21661562  0.21661562  0.21661562  0.21661562  0.21126404  0.19544231  0.19544231  0.20595167  0.20595167  0.22200700  0.23291154  0.22743877  0.24398261  0.23291154  0.22743877  0.23291154  0.23842595  0.24958220  0.23842595  0.21661562  0.26664522  0.27242331  0.27242331  0.27824783  0.30809370  0.31421320  0.32660937  0.33288786  0.32038479  0.34561034  0.33288786  
22_42_0    0.19024421  0.18508311  0.19544231  0.20595167  0.19544231  0.20595167  0.20067795  0.20067795  0.21661562  0.24398261  0.22743877  0.16981668  0.16981668  0.17486985  0.11177592  0.09796377  0.09796377  0.10253864  0.10714257  0.00801224  0.00000000  0.02430735  0.02430735  0.04945803  0.02430735  0.02430735  0.08889972  0.09341758  0.08889972  0.08889972  0.08440985  0.08440985  0.10253864  0.07994760  0.09341758  0.09796377  0.09796377  0.10714257  0.09796377  0.11177592  0.11177592  0.13061124  0.11177592  0.11643907  0.14021563  0.09341758  0.10253864  0.09341758  0.10253864  0.10714257  0.11643907  0.15486509  0.25522537  0.23291154  0.27242331  0.24958220  0.26664522  0.31421320  0.24398261  0.23842595  0.25522537  0.24958220  0.23291154  0.27824783  0.25522537  0.24958220  0.24398261  0.24958220  0.26091281  0.25522537  0.27242331  0.26091281  0.26664522  0.27824783  0.26091281  0.26091281  0.26091281  0.26091281  0.28411952  0.23291154  0.23291154  0.30202543  0.27824783  0.27242331  0.29600752  0.30202543  0.30809370  0.30809370  0.30202543  0.26091281  0.25522537  0.26091281  0.27242331  0.25522537  0.24958220  0.25522537  0.29600752  0.30202543  0.25522537  0.24398261  0.25522537  0.26091281  0.20595167  0.20595167  0.21661562  0.24958220  0.23842595  0.23842595  0.21661562  0.20067795  0.20595167  0.20595167  0.21126404  0.20595167  0.22200700  0.21661562  0.21126404  0.21126404  0.23291154  0.20595167  0.20595167  0.20595167  0.22200700  0.22200700  0.22200700  0.22200700  0.21661562  0.20067795  0.20067795  0.21126404  0.21126404  0.22743877  0.23842595  0.23291154  0.24958220  0.23842595  0.23291154  0.23842595  0.24398261  0.25522537  0.24398261  0.22200700  0.26091281  0.26664522  0.26664522  0.28411952  0.30202543  0.30809370  0.33288786  0.33922119  0.32660937  0.35205629  0.33922119  
