15
2_0_0      0.00000000  0.00878567  0.01321802  0.22253890  0.22253890  0.23443897  0.21666001  0.21082754  0.20504077  0.21082754  0.20504077  0.57038754  0.52457303  0.48986362  0.48986362  
3_0_0      0.00878567  0.00000000  0.00437977  0.22253890  0.22253890  0.23443897  0.21666001  0.21082754  0.19360150  0.19929899  0.19360150  0.57038754  0.54255925  0.50701444  0.48986362  
1_0_0      0.01321802  0.00437977  0.00000000  0.22846497  0.22846497  0.24046169  0.22253890  0.21666001  0.18794763  0.19360150  0.18794763  0.57990164  0.54255925  0.50701444  0.48986362  
3_2_0      0.22253890  0.22253890  0.22846497  0.00000000  0.00000000  0.00878567  0.00437977  0.00878567  0.24653393  0.25265651  0.24653393  0.48143529  0.50701444  0.51574156  0.48986362  
2_2_0      0.22253890  0.22253890  0.22846497  0.00000000  0.00000000  0.00878567  0.00437977  0.00878567  0.24653393  0.25265651  0.24653393  0.48143529  0.50701444  0.51574156  0.48986362  
3_3_0      0.23443897  0.23443897  0.24046169  0.00878567  0.00878567  0.00000000  0.01321802  0.01767712  0.25883027  0.26505607  0.25883027  0.48143529  0.50701444  0.49838925  0.47310206  
2_3_0      0.21666001  0.21666001  0.22253890  0.00437977  0.00437977  0.01321802  0.00000000  0.01321802  0.25265651  0.25883027  0.25265651  0.48986362  0.51574156  0.50701444  0.48143529  
1_2_0      0.21082754  0.21082754  0.21666001  0.00878567  0.00878567  0.01767712  0.01321802  0.00000000  0.24653393  0.25265651  0.24653393  0.48143529  0.51574156  0.51574156  0.48986362  
1_1_0      0.20504077  0.19360150  0.18794763  0.24653393  0.24653393  0.25883027  0.25265651  0.24653393  0.00000000  0.01321802  0.00878567  0.60920215  0.57990164  0.57990164  0.55171934  
2_1_0      0.21082754  0.19929899  0.19360150  0.25265651  0.25265651  0.26505607  0.25883027  0.25265651  0.01321802  0.00000000  0.00437977  0.60920215  0.59930559  0.59930559  0.57038754  
3_1_0      0.20504077  0.19360150  0.18794763  0.24653393  0.24653393  0.25883027  0.25265651  0.24653393  0.00878567  0.00437977  0.00000000  0.59930559  0.58953989  0.58953989  0.56099446  
16_0_0     0.57038754  0.57038754  0.57990164  0.48143529  0.48143529  0.48143529  0.48986362  0.48143529  0.60920215  0.60920215  0.59930559  0.00000000  0.23443897  0.30355498  0.33038308  
15_0_0     0.52457303  0.54255925  0.54255925  0.50701444  0.50701444  0.50701444  0.51574156  0.51574156  0.57990164  0.59930559  0.58953989  0.23443897  0.00000000  0.14953797  0.19360150  
14_0_0     0.48986362  0.50701444  0.50701444  0.51574156  0.51574156  0.49838925  0.50701444  0.51574156  0.57990164  0.59930559  0.58953989  0.30355498  0.14953797  0.00000000  0.08801122  
6_0_0      0.48986362  0.48986362  0.48986362  0.48986362  0.48986362  0.47310206  0.48143529  0.48986362  0.55171934  0.57038754  0.56099446  0.33038308  0.19360150  0.08801122  0.00000000  

