114
83_0_0     0.00000000  0.04374427  0.21864638  0.12601770  0.29521957  0.30683836  0.30100606  0.31864332  0.42744561  0.35523727  0.36785060  0.36785060  0.41377948  0.38718493  0.40036222  0.40036222  0.41377948  0.42744561  0.40036222  0.47003403  0.47003403  0.47003403  0.34283625  0.29521957  0.30683836  0.33064049  0.32461748  0.64210019  0.65138787  0.65138787  0.51523596  0.50750709  0.47003403  0.53094124  0.47737772  0.45556264  0.47003403  0.45556264  0.49985846  0.47737772  0.49228841  0.49985846  0.47003403  0.47737772  0.58017149  0.60607772  0.47737772  0.49985846  0.49228841  0.45556264  0.43437492  0.47737772  0.43437492  0.54698860  0.50750709  0.47737772  0.49985846  0.48479535  0.51523596  0.47737772  0.52304676  0.45556264  0.47737772  0.65138787  0.46276280  0.58870609  0.53094124  0.42058086  0.56339326  0.60607772  0.45556264  0.46276280  0.40704031  0.39374412  0.57173462  0.48479535  0.51523596  0.50750709  0.47737772  0.54698860  0.43437492  0.43437492  0.47003403  0.42744561  0.42744561  0.49228841  0.45556264  0.46276280  0.47737772  0.45556264  0.53094124  0.49985846  0.48479535  0.49228841  0.48479535  0.42058086  0.46276280  0.46276280  0.54698860  0.50750709  0.50750709  0.49985846  0.49228841  0.49985846  0.51523596  0.47003403  0.47737772  0.47737772  0.49985846  0.52304676  0.52304676  0.48479535  0.50750709  0.39374412  
94_0_0     0.04374427  0.00000000  0.22385968  0.13061320  0.27812785  0.27812785  0.27251760  0.28378115  0.40704031  0.34901067  0.38718493  0.38718493  0.42058086  0.42058086  0.40704031  0.40704031  0.40704031  0.42058086  0.39374412  0.44843215  0.44843215  0.44843215  0.36151695  0.28378115  0.31271720  0.32461748  0.31864332  0.62386883  0.64210019  0.64210019  0.51523596  0.50750709  0.47003403  0.53094124  0.48479535  0.40704031  0.45556264  0.44137001  0.46276280  0.47003403  0.45556264  0.47737772  0.44843215  0.45556264  0.55514527  0.58017149  0.46276280  0.47737772  0.46276280  0.46276280  0.45556264  0.50750709  0.46276280  0.54698860  0.49228841  0.47003403  0.49228841  0.48479535  0.51523596  0.47737772  0.53892123  0.47003403  0.49228841  0.59734071  0.44843215  0.55514527  0.54698860  0.42058086  0.54698860  0.58870609  0.46276280  0.47737772  0.44137001  0.42744561  0.55514527  0.49985846  0.51523596  0.53892123  0.46276280  0.56339326  0.42744561  0.42744561  0.43437492  0.40704031  0.42058086  0.45556264  0.42058086  0.45556264  0.47003403  0.46276280  0.54698860  0.49228841  0.45556264  0.46276280  0.46276280  0.41377948  0.44137001  0.44137001  0.52304676  0.49985846  0.49985846  0.49985846  0.50750709  0.46276280  0.50750709  0.44843215  0.44843215  0.47003403  0.47737772  0.49985846  0.49985846  0.44843215  0.45556264  0.44137001  
80_0_0     0.21864638  0.22385968  0.00000000  0.18315100  0.36151695  0.36151695  0.35523727  0.40036222  0.49985846  0.44843215  0.40036222  0.40036222  0.39374412  0.36785060  0.39374412  0.39374412  0.40036222  0.41377948  0.38718493  0.44843215  0.51523596  0.51523596  0.46276280  0.38718493  0.38718493  0.38718493  0.38068362  0.62386883  0.56339326  0.56339326  0.51523596  0.49985846  0.46276280  0.49985846  0.60607772  0.47003403  0.46276280  0.46276280  0.47003403  0.50750709  0.51523596  0.50750709  0.46276280  0.48479535  0.53892123  0.53094124  0.45556264  0.45556264  0.49228841  0.45556264  0.46276280  0.50750709  0.49228841  0.56339326  0.57173462  0.56339326  0.58870609  0.58017149  0.60607772  0.50750709  0.59734071  0.51523596  0.52304676  0.58870609  0.43437492  0.53892123  0.49228841  0.44137001  0.57173462  0.54698860  0.42744561  0.53094124  0.44843215  0.47737772  0.64210019  0.54698860  0.51523596  0.52304676  0.54698860  0.57173462  0.49985846  0.49985846  0.52304676  0.44843215  0.44137001  0.49228841  0.45556264  0.43437492  0.44843215  0.51523596  0.49985846  0.51523596  0.47737772  0.48479535  0.47003403  0.46276280  0.46276280  0.46276280  0.53892123  0.42058086  0.42058086  0.45556264  0.43437492  0.47003403  0.49985846  0.49985846  0.40036222  0.40704031  0.48479535  0.47003403  0.47003403  0.47003403  0.49228841  0.47737772  
88_0_0     0.12601770  0.13061320  0.18315100  0.00000000  0.29521957  0.30683836  0.30100606  0.32461748  0.44137001  0.36785060  0.36785060  0.36785060  0.38718493  0.36151695  0.34901067  0.34901067  0.38718493  0.40036222  0.37423917  0.43437492  0.40704031  0.40704031  0.36151695  0.28378115  0.32461748  0.34901067  0.34283625  0.57173462  0.60607772  0.57173462  0.51523596  0.50750709  0.49228841  0.56339326  0.47737772  0.42744561  0.44843215  0.46276280  0.42744561  0.40704031  0.49228841  0.49985846  0.42744561  0.44843215  0.57173462  0.56339326  0.49228841  0.47003403  0.44137001  0.48479535  0.50750709  0.50750709  0.47737772  0.57173462  0.58017149  0.55514527  0.56339326  0.55514527  0.57173462  0.45556264  0.56339326  0.47737772  0.49985846  0.60607772  0.48479535  0.53094124  0.49228841  0.42058086  0.55514527  0.56339326  0.45556264  0.52304676  0.42058086  0.40704031  0.62386883  0.47003403  0.51523596  0.50750709  0.44843215  0.49985846  0.44137001  0.44137001  0.49228841  0.40704031  0.42744561  0.43437492  0.41377948  0.42058086  0.44137001  0.48479535  0.48479535  0.41377948  0.43437492  0.44137001  0.42744561  0.42058086  0.47737772  0.47737772  0.48479535  0.44843215  0.44843215  0.41377948  0.43437492  0.44137001  0.51523596  0.47003403  0.44843215  0.46276280  0.49985846  0.49228841  0.50750709  0.45556264  0.46276280  0.46276280  
93_0_0     0.29521957  0.27812785  0.36151695  0.29521957  0.00000000  0.01560817  0.01167502  0.05198453  0.35523727  0.27812785  0.33064049  0.33064049  0.40036222  0.38718493  0.38068362  0.38068362  0.38718493  0.39374412  0.37423917  0.42058086  0.42744561  0.42744561  0.42744561  0.37423917  0.40036222  0.37423917  0.36785060  0.53094124  0.57173462  0.56339326  0.48479535  0.47737772  0.47003403  0.52304676  0.47003403  0.42744561  0.46276280  0.44843215  0.47003403  0.44843215  0.55514527  0.56339326  0.47003403  0.49228841  0.50750709  0.51523596  0.46276280  0.42058086  0.51523596  0.44843215  0.44137001  0.46276280  0.45556264  0.47737772  0.46276280  0.49985846  0.49985846  0.48479535  0.48479535  0.47003403  0.54698860  0.47737772  0.48479535  0.51523596  0.48479535  0.49985846  0.52304676  0.45556264  0.53094124  0.49228841  0.49228841  0.43437492  0.44843215  0.47003403  0.52304676  0.59734071  0.59734071  0.60607772  0.51523596  0.54698860  0.55514527  0.55514527  0.54698860  0.47737772  0.48479535  0.48479535  0.46276280  0.49228841  0.54698860  0.48479535  0.53892123  0.49228841  0.50750709  0.49985846  0.49228841  0.47003403  0.44843215  0.44843215  0.44137001  0.47003403  0.47003403  0.47003403  0.46276280  0.50750709  0.49985846  0.49228841  0.44137001  0.49228841  0.51523596  0.52304676  0.50750709  0.50750709  0.50750709  0.50750709  
84_0_0     0.30683836  0.27812785  0.36151695  0.30683836  0.01560817  0.00000000  0.00387116  0.05198453  0.34283625  0.26694974  0.35523727  0.35523727  0.40036222  0.40036222  0.39374412  0.39374412  0.40036222  0.40704031  0.38718493  0.42058086  0.42058086  0.42058086  0.42744561  0.36151695  0.40036222  0.37423917  0.36785060  0.53094124  0.55514527  0.54698860  0.48479535  0.46276280  0.45556264  0.50750709  0.48479535  0.42744561  0.46276280  0.43437492  0.46276280  0.44137001  0.53094124  0.53892123  0.44843215  0.47003403  0.49228841  0.49985846  0.49228841  0.40704031  0.48479535  0.44137001  0.43437492  0.47003403  0.46276280  0.48479535  0.47003403  0.50750709  0.50750709  0.49228841  0.49228841  0.47737772  0.55514527  0.48479535  0.49228841  0.53892123  0.48479535  0.49985846  0.52304676  0.42744561  0.49985846  0.46276280  0.49228841  0.43437492  0.43437492  0.45556264  0.50750709  0.58017149  0.56339326  0.58870609  0.51523596  0.54698860  0.55514527  0.55514527  0.54698860  0.46276280  0.47003403  0.48479535  0.46276280  0.49228841  0.54698860  0.48479535  0.52304676  0.47737772  0.49228841  0.48479535  0.47737772  0.45556264  0.44843215  0.44843215  0.45556264  0.48479535  0.48479535  0.48479535  0.47737772  0.50750709  0.51523596  0.52304676  0.44137001  0.47737772  0.49985846  0.50750709  0.49228841  0.50750709  0.52304676  0.50750709  
92_0_0     0.30100606  0.27251760  0.35523727  0.30100606  0.01167502  0.00387116  0.00000000  0.04785288  0.33671314  0.26142364  0.34901067  0.34901067  0.39374412  0.39374412  0.38718493  0.38718493  0.39374412  0.40036222  0.38068362  0.42744561  0.41377948  0.41377948  0.42058086  0.35523727  0.39374412  0.36785060  0.36151695  0.53892123  0.56339326  0.55514527  0.49228841  0.47003403  0.46276280  0.51523596  0.47737772  0.43437492  0.47003403  0.44137001  0.47003403  0.43437492  0.53892123  0.54698860  0.45556264  0.47737772  0.49985846  0.50750709  0.48479535  0.41377948  0.49228841  0.44137001  0.43437492  0.47003403  0.46276280  0.48479535  0.47003403  0.50750709  0.50750709  0.49228841  0.49228841  0.47737772  0.55514527  0.48479535  0.49228841  0.53892123  0.49228841  0.50750709  0.51523596  0.43437492  0.50750709  0.47003403  0.49985846  0.42744561  0.44137001  0.46276280  0.51523596  0.58870609  0.57173462  0.59734071  0.50750709  0.55514527  0.56339326  0.56339326  0.55514527  0.47003403  0.47737772  0.49228841  0.47003403  0.48479535  0.53892123  0.47737772  0.53094124  0.47003403  0.48479535  0.47737772  0.47003403  0.44843215  0.44137001  0.44137001  0.44843215  0.47737772  0.47737772  0.47737772  0.47003403  0.49985846  0.50750709  0.51523596  0.43437492  0.47003403  0.49228841  0.49985846  0.48479535  0.49985846  0.51523596  0.49985846  
87_0_0     0.31864332  0.28378115  0.40036222  0.32461748  0.05198453  0.05198453  0.04785288  0.00000000  0.34283625  0.30100606  0.37423917  0.37423917  0.42058086  0.40704031  0.41377948  0.41377948  0.42058086  0.42744561  0.40704031  0.45556264  0.42744561  0.42744561  0.40704031  0.38068362  0.38718493  0.36151695  0.35523727  0.53094124  0.58870609  0.58017149  0.47003403  0.46276280  0.45556264  0.50750709  0.49228841  0.42058086  0.46276280  0.44843215  0.49985846  0.48479535  0.55514527  0.55514527  0.49228841  0.51523596  0.51523596  0.52304676  0.49228841  0.44843215  0.53892123  0.44137001  0.42058086  0.45556264  0.44843215  0.47003403  0.45556264  0.49228841  0.49228841  0.47737772  0.47737772  0.47003403  0.53094124  0.47737772  0.48479535  0.52304676  0.49985846  0.48479535  0.50750709  0.42744561  0.52304676  0.47737772  0.52304676  0.43437492  0.49985846  0.50750709  0.54698860  0.60607772  0.57173462  0.59734071  0.53094124  0.58870609  0.53892123  0.53892123  0.53094124  0.46276280  0.45556264  0.47737772  0.44843215  0.49985846  0.53892123  0.47003403  0.49985846  0.47737772  0.47003403  0.46276280  0.45556264  0.44843215  0.45556264  0.45556264  0.44843215  0.50750709  0.50750709  0.49228841  0.48479535  0.47737772  0.49985846  0.51523596  0.44843215  0.48479535  0.50750709  0.51523596  0.49985846  0.48479535  0.47737772  0.50750709  
91_0_0     0.42744561  0.40704031  0.49985846  0.44137001  0.35523727  0.34283625  0.33671314  0.34283625  0.00000000  0.17331580  0.44843215  0.44843215  0.42744561  0.45556264  0.47003403  0.47003403  0.47003403  0.47003403  0.45556264  0.47737772  0.53094124  0.53094124  0.50750709  0.42744561  0.42744561  0.44137001  0.43437492  0.58870609  0.67032201  0.59734071  0.57173462  0.56339326  0.52304676  0.58870609  0.62386883  0.57173462  0.54698860  0.54698860  0.60607772  0.60607772  0.56339326  0.59734071  0.53892123  0.53094124  0.54698860  0.55514527  0.53892123  0.48479535  0.51523596  0.50750709  0.49985846  0.58017149  0.58870609  0.65138787  0.65138787  0.63292812  0.60607772  0.64210019  0.67032201  0.53892123  0.62386883  0.54698860  0.59734071  0.62386883  0.54698860  0.57173462  0.49985846  0.50750709  0.57173462  0.53094124  0.53892123  0.61491958  0.58017149  0.54698860  0.53892123  0.63292812  0.60607772  0.62386883  0.55514527  0.61491958  0.64210019  0.64210019  0.63292812  0.58870609  0.59734071  0.56339326  0.55514527  0.55514527  0.57173462  0.47003403  0.61491958  0.56339326  0.51523596  0.50750709  0.50750709  0.51523596  0.52304676  0.52304676  0.58017149  0.54698860  0.54698860  0.49985846  0.49985846  0.59734071  0.53892123  0.63292812  0.60607772  0.58017149  0.53094124  0.58870609  0.58870609  0.58870609  0.60607772  0.58017149  
74_0_0     0.35523727  0.34901067  0.44843215  0.36785060  0.27812785  0.26694974  0.26142364  0.30100606  0.17331580  0.00000000  0.41377948  0.41377948  0.46276280  0.47737772  0.41377948  0.41377948  0.42744561  0.43437492  0.42744561  0.46276280  0.50750709  0.50750709  0.47003403  0.40704031  0.42744561  0.42744561  0.42058086  0.67032201  0.62386883  0.63292812  0.58017149  0.54698860  0.49985846  0.55514527  0.60607772  0.55514527  0.51523596  0.53094124  0.53094124  0.55514527  0.56339326  0.58870609  0.47003403  0.46276280  0.62386883  0.63292812  0.57173462  0.51523596  0.58017149  0.54698860  0.55514527  0.62386883  0.63292812  0.68975558  0.68975558  0.66079412  0.63292812  0.67032201  0.67997473  0.63292812  0.71990217  0.63292812  0.65138787  0.70971564  0.57173462  0.57173462  0.53892123  0.52304676  0.63292812  0.58870609  0.52304676  0.58017149  0.56339326  0.56339326  0.59734071  0.59734071  0.67032201  0.69966802  0.60607772  0.64210019  0.63292812  0.63292812  0.61491958  0.56339326  0.58017149  0.54698860  0.53892123  0.60607772  0.60607772  0.50750709  0.60607772  0.57173462  0.55514527  0.54698860  0.56339326  0.51523596  0.54698860  0.54698860  0.60607772  0.58870609  0.58870609  0.58870609  0.58017149  0.55514527  0.51523596  0.59734071  0.53094124  0.51523596  0.51523596  0.55514527  0.55514527  0.55514527  0.57173462  0.58870609  
90_0_0     0.36785060  0.38718493  0.40036222  0.36785060  0.33064049  0.35523727  0.34901067  0.37423917  0.44843215  0.41377948  0.00000000  0.00000000  0.09903084  0.07299760  0.12601770  0.12601770  0.14928729  0.16844700  0.16844700  0.19311926  0.49228841  0.49228841  0.39374412  0.40036222  0.38068362  0.40704031  0.40036222  0.53892123  0.58017149  0.54698860  0.48479535  0.48479535  0.47003403  0.53892123  0.55514527  0.46276280  0.47003403  0.49985846  0.64210019  0.59734071  0.63292812  0.66079412  0.60607772  0.61491958  0.57173462  0.59734071  0.47737772  0.59734071  0.59734071  0.49228841  0.49985846  0.52304676  0.58017149  0.48479535  0.49985846  0.51523596  0.50750709  0.50750709  0.52304676  0.50750709  0.58017149  0.53094124  0.52304676  0.58870609  0.52304676  0.58017149  0.48479535  0.47003403  0.55514527  0.51523596  0.48479535  0.47003403  0.52304676  0.47737772  0.60607772  0.63292812  0.61491958  0.59734071  0.53892123  0.58017149  0.53892123  0.53892123  0.52304676  0.51523596  0.54698860  0.53094124  0.50750709  0.53094124  0.52304676  0.51523596  0.50750709  0.57173462  0.55514527  0.56339326  0.53892123  0.49985846  0.54698860  0.54698860  0.60607772  0.58870609  0.58870609  0.53892123  0.53094124  0.57173462  0.52304676  0.55514527  0.51523596  0.47737772  0.51523596  0.49985846  0.49985846  0.58017149  0.55514527  0.58017149  
79_0_0     0.36785060  0.38718493  0.40036222  0.36785060  0.33064049  0.35523727  0.34901067  0.37423917  0.44843215  0.41377948  0.00000000  0.00000000  0.09903084  0.07299760  0.12601770  0.12601770  0.14928729  0.16844700  0.16844700  0.19311926  0.49228841  0.49228841  0.39374412  0.40036222  0.38068362  0.40704031  0.40036222  0.53892123  0.58017149  0.54698860  0.48479535  0.48479535  0.47003403  0.53892123  0.55514527  0.46276280  0.47003403  0.49985846  0.64210019  0.59734071  0.63292812  0.66079412  0.60607772  0.61491958  0.57173462  0.59734071  0.47737772  0.59734071  0.59734071  0.49228841  0.49985846  0.52304676  0.58017149  0.48479535  0.49985846  0.51523596  0.50750709  0.50750709  0.52304676  0.50750709  0.58017149  0.53094124  0.52304676  0.58870609  0.52304676  0.58017149  0.48479535  0.47003403  0.55514527  0.51523596  0.48479535  0.47003403  0.52304676  0.47737772  0.60607772  0.63292812  0.61491958  0.59734071  0.53892123  0.58017149  0.53892123  0.53892123  0.52304676  0.51523596  0.54698860  0.53094124  0.50750709  0.53094124  0.52304676  0.51523596  0.50750709  0.57173462  0.55514527  0.56339326  0.53892123  0.49985846  0.54698860  0.54698860  0.60607772  0.58870609  0.58870609  0.53892123  0.53094124  0.57173462  0.52304676  0.55514527  0.51523596  0.47737772  0.51523596  0.49985846  0.49985846  0.58017149  0.55514527  0.58017149  
86_0_0     0.41377948  0.42058086  0.39374412  0.38718493  0.40036222  0.40036222  0.39374412  0.42058086  0.42744561  0.46276280  0.09903084  0.09903084  0.00000000  0.09462759  0.13523754  0.13523754  0.15880487  0.18315100  0.16844700  0.17331580  0.48479535  0.48479535  0.42744561  0.42744561  0.42058086  0.44843215  0.44137001  0.52304676  0.61491958  0.54698860  0.52304676  0.50750709  0.48479535  0.51523596  0.55514527  0.48479535  0.50750709  0.52304676  0.65138787  0.66079412  0.61491958  0.66079412  0.64210019  0.65138787  0.54698860  0.57173462  0.47737772  0.58870609  0.53892123  0.49985846  0.50750709  0.56339326  0.57173462  0.52304676  0.53892123  0.55514527  0.56339326  0.53094124  0.54698860  0.53094124  0.61491958  0.55514527  0.56339326  0.59734071  0.53094124  0.55514527  0.49985846  0.49228841  0.53094124  0.52304676  0.51523596  0.53892123  0.51523596  0.51523596  0.53892123  0.62386883  0.58870609  0.57173462  0.50750709  0.58017149  0.59734071  0.59734071  0.56339326  0.55514527  0.56339326  0.59734071  0.58870609  0.57173462  0.59734071  0.47737772  0.54698860  0.64210019  0.59734071  0.60607772  0.57173462  0.53094124  0.56339326  0.56339326  0.58017149  0.60607772  0.60607772  0.52304676  0.51523596  0.57173462  0.50750709  0.53892123  0.48479535  0.46276280  0.47003403  0.47003403  0.47003403  0.57173462  0.56339326  0.51523596  
97_0_0     0.38718493  0.42058086  0.36785060  0.36151695  0.38718493  0.40036222  0.39374412  0.40704031  0.45556264  0.47737772  0.07299760  0.07299760  0.09462759  0.00000000  0.12145069  0.12145069  0.14457421  0.16361016  0.16361016  0.17821699  0.49228841  0.49228841  0.42058086  0.40704031  0.40036222  0.42744561  0.42058086  0.53892123  0.59734071  0.54698860  0.53094124  0.54698860  0.52304676  0.57173462  0.55514527  0.45556264  0.47737772  0.50750709  0.69966802  0.63292812  0.62386883  0.65138787  0.62386883  0.63292812  0.56339326  0.58870609  0.46276280  0.60607772  0.57173462  0.47003403  0.47737772  0.53094124  0.55514527  0.47737772  0.52304676  0.53892123  0.53094124  0.51523596  0.53094124  0.53094124  0.62386883  0.57173462  0.53094124  0.59734071  0.53094124  0.60607772  0.51523596  0.47737772  0.56339326  0.53892123  0.51523596  0.52304676  0.49985846  0.47003403  0.56339326  0.58870609  0.56339326  0.54698860  0.53094124  0.53892123  0.58870609  0.58870609  0.55514527  0.54698860  0.54698860  0.56339326  0.53892123  0.56339326  0.56339326  0.51523596  0.53094124  0.60607772  0.58870609  0.59734071  0.57173462  0.53094124  0.56339326  0.56339326  0.56339326  0.58017149  0.58017149  0.53892123  0.53094124  0.58870609  0.52304676  0.56339326  0.49985846  0.47737772  0.49228841  0.47737772  0.47737772  0.55514527  0.54698860  0.54698860  
98_0_0     0.40036222  0.40704031  0.39374412  0.34901067  0.38068362  0.39374412  0.38718493  0.41377948  0.47003403  0.41377948  0.12601770  0.12601770  0.13523754  0.12145069  0.00000000  0.00000000  0.06452033  0.07727310  0.07299760  0.13061320  0.47737772  0.47737772  0.38718493  0.37423917  0.40704031  0.42058086  0.41377948  0.49985846  0.55514527  0.50750709  0.57173462  0.57173462  0.54698860  0.56339326  0.54698860  0.46276280  0.52304676  0.53892123  0.66079412  0.67032201  0.65138787  0.67997473  0.66079412  0.67032201  0.56339326  0.55514527  0.55514527  0.56339326  0.59734071  0.54698860  0.57173462  0.52304676  0.59734071  0.56339326  0.61491958  0.61491958  0.61491958  0.58870609  0.58870609  0.49228841  0.63292812  0.54698860  0.52304676  0.69966802  0.53892123  0.54698860  0.50750709  0.45556264  0.53094124  0.55514527  0.51523596  0.49228841  0.55514527  0.52304676  0.68975558  0.64210019  0.63292812  0.61491958  0.55514527  0.60607772  0.51523596  0.51523596  0.52304676  0.47737772  0.50750709  0.47737772  0.45556264  0.51523596  0.53094124  0.49985846  0.51523596  0.56339326  0.53094124  0.53892123  0.49985846  0.44843215  0.50750709  0.50750709  0.56339326  0.53892123  0.53892123  0.51523596  0.49228841  0.51523596  0.48479535  0.49985846  0.44843215  0.45556264  0.47737772  0.47737772  0.46276280  0.49985846  0.50750709  0.51523596  
78_0_0     0.40036222  0.40704031  0.39374412  0.34901067  0.38068362  0.39374412  0.38718493  0.41377948  0.47003403  0.41377948  0.12601770  0.12601770  0.13523754  0.12145069  0.00000000  0.00000000  0.06452033  0.07727310  0.07299760  0.13061320  0.47737772  0.47737772  0.38718493  0.37423917  0.40704031  0.42058086  0.41377948  0.49985846  0.55514527  0.50750709  0.57173462  0.57173462  0.54698860  0.56339326  0.54698860  0.46276280  0.52304676  0.53892123  0.66079412  0.67032201  0.65138787  0.67997473  0.66079412  0.67032201  0.56339326  0.55514527  0.55514527  0.56339326  0.59734071  0.54698860  0.57173462  0.52304676  0.59734071  0.56339326  0.61491958  0.61491958  0.61491958  0.58870609  0.58870609  0.49228841  0.63292812  0.54698860  0.52304676  0.69966802  0.53892123  0.54698860  0.50750709  0.45556264  0.53094124  0.55514527  0.51523596  0.49228841  0.55514527  0.52304676  0.68975558  0.64210019  0.63292812  0.61491958  0.55514527  0.60607772  0.51523596  0.51523596  0.52304676  0.47737772  0.50750709  0.47737772  0.45556264  0.51523596  0.53094124  0.49985846  0.51523596  0.56339326  0.53094124  0.53892123  0.49985846  0.44843215  0.50750709  0.50750709  0.56339326  0.53892123  0.53892123  0.51523596  0.49228841  0.51523596  0.48479535  0.49985846  0.44843215  0.45556264  0.47737772  0.47737772  0.46276280  0.49985846  0.50750709  0.51523596  
77_0_0     0.41377948  0.40704031  0.40036222  0.38718493  0.38718493  0.40036222  0.39374412  0.42058086  0.47003403  0.42744561  0.14928729  0.14928729  0.15880487  0.14457421  0.06452033  0.06452033  0.00000000  0.01956243  0.01560817  0.16844700  0.45556264  0.45556264  0.41377948  0.38718493  0.40704031  0.40704031  0.40036222  0.53892123  0.56339326  0.56339326  0.57173462  0.57173462  0.54698860  0.55514527  0.53094124  0.43437492  0.50750709  0.50750709  0.61491958  0.62386883  0.62386883  0.63292812  0.62386883  0.63292812  0.57173462  0.56339326  0.53892123  0.57173462  0.63292812  0.50750709  0.53094124  0.54698860  0.58870609  0.57173462  0.58870609  0.58017149  0.59734071  0.58017149  0.59734071  0.49985846  0.58870609  0.52304676  0.50750709  0.64210019  0.56339326  0.60607772  0.51523596  0.48479535  0.55514527  0.56339326  0.47737772  0.47737772  0.48479535  0.53892123  0.63292812  0.67032201  0.61491958  0.61491958  0.52304676  0.57173462  0.49985846  0.49985846  0.49985846  0.44843215  0.49985846  0.46276280  0.44137001  0.47737772  0.55514527  0.50750709  0.51523596  0.58870609  0.53892123  0.54698860  0.52304676  0.46276280  0.49228841  0.49228841  0.53094124  0.51523596  0.51523596  0.52304676  0.49985846  0.49228841  0.46276280  0.47737772  0.44843215  0.41377948  0.42058086  0.42058086  0.40704031  0.46276280  0.47737772  0.53094124  
100_0_0    0.42744561  0.42058086  0.41377948  0.40036222  0.39374412  0.40704031  0.40036222  0.42744561  0.47003403  0.43437492  0.16844700  0.16844700  0.18315100  0.16361016  0.07727310  0.07727310  0.01956243  0.00000000  0.02753519  0.18315100  0.47737772  0.47737772  0.42744561  0.40036222  0.42058086  0.42058086  0.41377948  0.55514527  0.58017149  0.58017149  0.60607772  0.60607772  0.57173462  0.57173462  0.56339326  0.46276280  0.53892123  0.53892123  0.63292812  0.64210019  0.64210019  0.65138787  0.64210019  0.65138787  0.58870609  0.58017149  0.55514527  0.58870609  0.65138787  0.53892123  0.56339326  0.58017149  0.62386883  0.58870609  0.60607772  0.59734071  0.61491958  0.59734071  0.61491958  0.51523596  0.58870609  0.53892123  0.52304676  0.66079412  0.59734071  0.62386883  0.54698860  0.51523596  0.58870609  0.59734071  0.50750709  0.50750709  0.49985846  0.57173462  0.64210019  0.69966802  0.64210019  0.64210019  0.54698860  0.59734071  0.51523596  0.51523596  0.52304676  0.46276280  0.51523596  0.47737772  0.45556264  0.49228841  0.57173462  0.53094124  0.53094124  0.60607772  0.55514527  0.54698860  0.53892123  0.47737772  0.50750709  0.50750709  0.54698860  0.53094124  0.53094124  0.53892123  0.51523596  0.47737772  0.47737772  0.49985846  0.46276280  0.42744561  0.43437492  0.43437492  0.42058086  0.47003403  0.48479535  0.54698860  
81_0_0     0.40036222  0.39374412  0.38718493  0.37423917  0.37423917  0.38718493  0.38068362  0.40704031  0.45556264  0.42744561  0.16844700  0.16844700  0.16844700  0.16361016  0.07299760  0.07299760  0.01560817  0.02753519  0.00000000  0.15880487  0.45556264  0.45556264  0.41377948  0.38718493  0.40704031  0.39374412  0.38718493  0.53094124  0.57173462  0.57173462  0.58870609  0.58870609  0.56339326  0.53892123  0.53892123  0.42744561  0.52304676  0.50750709  0.61491958  0.64210019  0.64210019  0.65138787  0.62386883  0.63292812  0.55514527  0.54698860  0.53892123  0.55514527  0.63292812  0.52304676  0.54698860  0.54698860  0.60607772  0.60607772  0.60607772  0.59734071  0.61491958  0.59734071  0.61491958  0.51523596  0.62386883  0.53892123  0.52304676  0.64210019  0.54698860  0.60607772  0.51523596  0.48479535  0.55514527  0.58017149  0.49228841  0.49228841  0.49985846  0.53892123  0.65138787  0.67032201  0.61491958  0.61491958  0.52304676  0.60607772  0.47737772  0.47737772  0.49985846  0.44137001  0.49228841  0.46276280  0.42744561  0.44843215  0.56339326  0.47737772  0.51523596  0.57173462  0.52304676  0.53094124  0.50750709  0.43437492  0.46276280  0.46276280  0.53094124  0.49985846  0.49985846  0.49228841  0.47003403  0.47737772  0.44843215  0.46276280  0.42058086  0.40036222  0.39374412  0.40704031  0.39374412  0.44843215  0.46276280  0.51523596  
89_0_0     0.47003403  0.44843215  0.44843215  0.43437492  0.42058086  0.42058086  0.42744561  0.45556264  0.47737772  0.46276280  0.19311926  0.19311926  0.17331580  0.17821699  0.13061320  0.13061320  0.16844700  0.18315100  0.15880487  0.00000000  0.53892123  0.53892123  0.42744561  0.47003403  0.46276280  0.49228841  0.48479535  0.53892123  0.63292812  0.58017149  0.53094124  0.52304676  0.52304676  0.54698860  0.59734071  0.47003403  0.49228841  0.50750709  0.65138787  0.68975558  0.61491958  0.67997473  0.62386883  0.63292812  0.49228841  0.50750709  0.52304676  0.54698860  0.58017149  0.58870609  0.59734071  0.58870609  0.64210019  0.64210019  0.62386883  0.64210019  0.63292812  0.60607772  0.62386883  0.59734071  0.67997473  0.57173462  0.58870609  0.68975558  0.53094124  0.63292812  0.50750709  0.51523596  0.54698860  0.55514527  0.51523596  0.56339326  0.53892123  0.53094124  0.69966802  0.63292812  0.62386883  0.60607772  0.61491958  0.62386883  0.56339326  0.56339326  0.58017149  0.51523596  0.53892123  0.55514527  0.53094124  0.58017149  0.60607772  0.51523596  0.59734071  0.60607772  0.58870609  0.59734071  0.54698860  0.49985846  0.58870609  0.58870609  0.66079412  0.65138787  0.65138787  0.60607772  0.59734071  0.54698860  0.50750709  0.56339326  0.49985846  0.50750709  0.49985846  0.51523596  0.51523596  0.56339326  0.56339326  0.58870609  
85_0_0     0.47003403  0.44843215  0.51523596  0.40704031  0.42744561  0.42058086  0.41377948  0.42744561  0.53094124  0.50750709  0.49228841  0.49228841  0.48479535  0.49228841  0.47737772  0.47737772  0.45556264  0.47737772  0.45556264  0.53892123  0.00000000  0.00000000  0.40036222  0.36151695  0.37423917  0.40036222  0.39374412  0.58870609  0.61491958  0.61491958  0.65138787  0.64210019  0.60607772  0.61491958  0.56339326  0.51523596  0.57173462  0.58017149  0.50750709  0.47003403  0.52304676  0.51523596  0.50750709  0.49985846  0.58870609  0.59734071  0.55514527  0.60607772  0.57173462  0.61491958  0.62386883  0.59734071  0.65138787  0.61491958  0.58870609  0.56339326  0.58870609  0.55514527  0.58870609  0.54698860  0.57173462  0.53892123  0.56339326  0.62386883  0.67997473  0.67032201  0.59734071  0.54698860  0.57173462  0.59734071  0.59734071  0.55514527  0.51523596  0.49228841  0.64210019  0.57173462  0.70971564  0.70971564  0.63292812  0.58017149  0.56339326  0.56339326  0.66079412  0.58870609  0.56339326  0.53892123  0.53094124  0.58017149  0.58017149  0.58870609  0.58870609  0.58870609  0.58870609  0.59734071  0.57173462  0.58017149  0.62386883  0.62386883  0.55514527  0.61491958  0.61491958  0.57173462  0.61491958  0.58017149  0.61491958  0.61491958  0.58017149  0.55514527  0.53094124  0.55514527  0.57173462  0.57173462  0.54698860  0.52304676  
95_0_0     0.47003403  0.44843215  0.51523596  0.40704031  0.42744561  0.42058086  0.41377948  0.42744561  0.53094124  0.50750709  0.49228841  0.49228841  0.48479535  0.49228841  0.47737772  0.47737772  0.45556264  0.47737772  0.45556264  0.53892123  0.00000000  0.00000000  0.40036222  0.36151695  0.37423917  0.40036222  0.39374412  0.58870609  0.61491958  0.61491958  0.65138787  0.64210019  0.60607772  0.61491958  0.56339326  0.51523596  0.57173462  0.58017149  0.50750709  0.47003403  0.52304676  0.51523596  0.50750709  0.49985846  0.58870609  0.59734071  0.55514527  0.60607772  0.57173462  0.61491958  0.62386883  0.59734071  0.65138787  0.61491958  0.58870609  0.56339326  0.58870609  0.55514527  0.58870609  0.54698860  0.57173462  0.53892123  0.56339326  0.62386883  0.67997473  0.67032201  0.59734071  0.54698860  0.57173462  0.59734071  0.59734071  0.55514527  0.51523596  0.49228841  0.64210019  0.57173462  0.70971564  0.70971564  0.63292812  0.58017149  0.56339326  0.56339326  0.66079412  0.58870609  0.56339326  0.53892123  0.53094124  0.58017149  0.58017149  0.58870609  0.58870609  0.58870609  0.58870609  0.59734071  0.57173462  0.58017149  0.62386883  0.62386883  0.55514527  0.61491958  0.61491958  0.57173462  0.61491958  0.58017149  0.61491958  0.61491958  0.58017149  0.55514527  0.53094124  0.55514527  0.57173462  0.57173462  0.54698860  0.52304676  
76_0_0     0.34283625  0.36151695  0.46276280  0.36151695  0.42744561  0.42744561  0.42058086  0.40704031  0.50750709  0.47003403  0.39374412  0.39374412  0.42744561  0.42058086  0.38718493  0.38718493  0.41377948  0.42744561  0.41377948  0.42744561  0.40036222  0.40036222  0.00000000  0.28947816  0.26694974  0.27812785  0.27251760  0.55514527  0.66079412  0.59734071  0.52304676  0.51523596  0.49985846  0.51523596  0.52304676  0.47737772  0.49228841  0.47737772  0.59734071  0.53094124  0.53094124  0.57173462  0.57173462  0.54698860  0.53892123  0.56339326  0.47003403  0.52304676  0.57173462  0.52304676  0.53892123  0.50750709  0.54698860  0.53892123  0.50750709  0.49228841  0.49985846  0.49985846  0.50750709  0.46276280  0.54698860  0.47737772  0.47003403  0.62386883  0.53094124  0.53892123  0.59734071  0.47737772  0.46276280  0.47737772  0.47737772  0.49228841  0.47003403  0.47003403  0.62386883  0.53094124  0.55514527  0.53892123  0.53892123  0.57173462  0.53094124  0.53094124  0.56339326  0.45556264  0.48479535  0.47737772  0.47003403  0.49228841  0.47003403  0.44137001  0.46276280  0.46276280  0.46276280  0.47003403  0.44843215  0.43437492  0.46276280  0.46276280  0.54698860  0.47737772  0.47737772  0.45556264  0.44843215  0.46276280  0.53892123  0.50750709  0.48479535  0.47737772  0.47737772  0.48479535  0.49985846  0.51523596  0.50750709  0.49228841  
96_0_0     0.29521957  0.28378115  0.38718493  0.28378115  0.37423917  0.36151695  0.35523727  0.38068362  0.42744561  0.40704031  0.40036222  0.40036222  0.42744561  0.40704031  0.37423917  0.37423917  0.38718493  0.40036222  0.38718493  0.47003403  0.36151695  0.36151695  0.28947816  0.00000000  0.11691181  0.14457421  0.13989108  0.57173462  0.58870609  0.54698860  0.58017149  0.56339326  0.53892123  0.49985846  0.47737772  0.43437492  0.49228841  0.47003403  0.49228841  0.47737772  0.42744561  0.46276280  0.44137001  0.44843215  0.52304676  0.53094124  0.49985846  0.45556264  0.49985846  0.48479535  0.49228841  0.54698860  0.51523596  0.56339326  0.54698860  0.53094124  0.53892123  0.52304676  0.53892123  0.48479535  0.58017149  0.53892123  0.49985846  0.60607772  0.49985846  0.53892123  0.53892123  0.44137001  0.50750709  0.51523596  0.49985846  0.46276280  0.42744561  0.47737772  0.57173462  0.57173462  0.53094124  0.53892123  0.52304676  0.55514527  0.42744561  0.42744561  0.44137001  0.42058086  0.44843215  0.42058086  0.41377948  0.45556264  0.46276280  0.48479535  0.51523596  0.43437492  0.43437492  0.44137001  0.44137001  0.42058086  0.49228841  0.49228841  0.46276280  0.48479535  0.48479535  0.48479535  0.48479535  0.47737772  0.53094124  0.52304676  0.47003403  0.44843215  0.44137001  0.44843215  0.44843215  0.47003403  0.47737772  0.40704031  
75_0_0     0.30683836  0.31271720  0.38718493  0.32461748  0.40036222  0.40036222  0.39374412  0.38718493  0.42744561  0.42744561  0.38068362  0.38068362  0.42058086  0.40036222  0.40704031  0.40704031  0.40704031  0.42058086  0.40704031  0.46276280  0.37423917  0.37423917  0.26694974  0.11691181  0.00000000  0.03965845  0.03559516  0.52304676  0.52304676  0.54698860  0.48479535  0.47003403  0.46276280  0.44843215  0.49228841  0.40704031  0.47737772  0.46276280  0.49228841  0.49985846  0.44843215  0.47737772  0.43437492  0.44137001  0.51523596  0.53892123  0.39374412  0.42744561  0.47003403  0.49228841  0.51523596  0.52304676  0.53892123  0.53892123  0.54698860  0.53094124  0.53892123  0.52304676  0.53892123  0.50750709  0.57173462  0.51523596  0.52304676  0.58870609  0.47003403  0.47003403  0.57173462  0.44843215  0.52304676  0.51523596  0.45556264  0.47003403  0.43437492  0.47003403  0.60607772  0.53892123  0.54698860  0.55514527  0.52304676  0.58017149  0.44843215  0.44843215  0.45556264  0.45556264  0.44137001  0.41377948  0.40704031  0.45556264  0.43437492  0.46276280  0.47003403  0.40036222  0.41377948  0.42058086  0.42058086  0.40036222  0.47003403  0.47003403  0.52304676  0.47737772  0.47737772  0.50750709  0.50750709  0.45556264  0.52304676  0.48479535  0.47003403  0.42744561  0.46276280  0.45556264  0.45556264  0.47737772  0.47003403  0.41377948  
82_0_0     0.33064049  0.32461748  0.38718493  0.34901067  0.37423917  0.37423917  0.36785060  0.36151695  0.44137001  0.42744561  0.40704031  0.40704031  0.44843215  0.42744561  0.42058086  0.42058086  0.40704031  0.42058086  0.39374412  0.49228841  0.40036222  0.40036222  0.27812785  0.14457421  0.03965845  0.00000000  0.00387116  0.54698860  0.54698860  0.58870609  0.51523596  0.49985846  0.50750709  0.44843215  0.49985846  0.38718493  0.47737772  0.46276280  0.47003403  0.49228841  0.47003403  0.48479535  0.42744561  0.43437492  0.49985846  0.50750709  0.42744561  0.41377948  0.48479535  0.50750709  0.53094124  0.52304676  0.57173462  0.52304676  0.56339326  0.54698860  0.56339326  0.55514527  0.55514527  0.53892123  0.58870609  0.54698860  0.55514527  0.57173462  0.46276280  0.47737772  0.58870609  0.44843215  0.47737772  0.47003403  0.44137001  0.49985846  0.43437492  0.47003403  0.62386883  0.53892123  0.58017149  0.60607772  0.53892123  0.58017149  0.40704031  0.40704031  0.42744561  0.42744561  0.41377948  0.40036222  0.38068362  0.42744561  0.41377948  0.46276280  0.48479535  0.38718493  0.38718493  0.39374412  0.39374412  0.37423917  0.44137001  0.44137001  0.49228841  0.44843215  0.44843215  0.49228841  0.49228841  0.43437492  0.49228841  0.44137001  0.45556264  0.41377948  0.46276280  0.44137001  0.42744561  0.44843215  0.44137001  0.42058086  
99_0_0     0.32461748  0.31864332  0.38068362  0.34283625  0.36785060  0.36785060  0.36151695  0.35523727  0.43437492  0.42058086  0.40036222  0.40036222  0.44137001  0.42058086  0.41377948  0.41377948  0.40036222  0.41377948  0.38718493  0.48479535  0.39374412  0.39374412  0.27251760  0.13989108  0.03559516  0.00387116  0.00000000  0.54698860  0.54698860  0.58870609  0.51523596  0.49985846  0.50750709  0.44843215  0.49228841  0.38068362  0.47003403  0.45556264  0.46276280  0.48479535  0.46276280  0.47737772  0.42058086  0.42744561  0.49228841  0.49985846  0.42058086  0.40704031  0.47737772  0.49985846  0.52304676  0.51523596  0.56339326  0.51523596  0.55514527  0.53892123  0.55514527  0.54698860  0.54698860  0.53094124  0.58017149  0.53892123  0.54698860  0.56339326  0.45556264  0.47003403  0.58017149  0.44137001  0.48479535  0.47737772  0.43437492  0.49228841  0.42744561  0.46276280  0.61491958  0.53094124  0.57173462  0.59734071  0.53094124  0.57173462  0.41377948  0.41377948  0.43437492  0.43437492  0.42058086  0.40704031  0.38718493  0.43437492  0.42058086  0.47003403  0.47737772  0.39374412  0.39374412  0.40036222  0.40036222  0.38068362  0.44843215  0.44843215  0.49985846  0.45556264  0.45556264  0.49985846  0.49985846  0.44137001  0.49985846  0.44843215  0.46276280  0.42058086  0.47003403  0.44843215  0.43437492  0.45556264  0.44843215  0.42058086  
33_0_0     0.64210019  0.62386883  0.62386883  0.57173462  0.53094124  0.53094124  0.53892123  0.53094124  0.58870609  0.67032201  0.53892123  0.53892123  0.52304676  0.53892123  0.49985846  0.49985846  0.53892123  0.55514527  0.53094124  0.53892123  0.58870609  0.58870609  0.55514527  0.57173462  0.52304676  0.54698860  0.54698860  0.00000000  0.08157355  0.03965845  0.54698860  0.53892123  0.53094124  0.60607772  0.51523596  0.55514527  0.62386883  0.62386883  0.59734071  0.59734071  0.59734071  0.68975558  0.64210019  0.66079412  0.62386883  0.65138787  0.55514527  0.60607772  0.65138787  0.62386883  0.66079412  0.58017149  0.68975558  0.59734071  0.56339326  0.55514527  0.53892123  0.58017149  0.58017149  0.57173462  0.74070771  0.60607772  0.59734071  0.67997473  0.57173462  0.58017149  0.62386883  0.59734071  0.62386883  0.57173462  0.65138787  0.60607772  0.58017149  0.58870609  0.78416883  0.79544683  0.70971564  0.67997473  0.76211787  0.77306086  0.64210019  0.64210019  0.63292812  0.57173462  0.55514527  0.57173462  0.56339326  0.58017149  0.54698860  0.54698860  0.58017149  0.53892123  0.55514527  0.56339326  0.53892123  0.52304676  0.53094124  0.53094124  0.58017149  0.58870609  0.58870609  0.54698860  0.55514527  0.62386883  0.66079412  0.56339326  0.53892123  0.56339326  0.47737772  0.53094124  0.51523596  0.58017149  0.57173462  0.64210019  
