20
16_0_0     0.00000000  0.06721667  0.11147906  0.11981586  0.11563585  0.11563585  0.30965442  0.33158222  0.33158222  0.30427143  0.30427143  0.31507641  0.30427143  0.28835103  0.27276234  0.27792257  0.28311863  0.28835103  0.28835103  0.28311863  
20_0_0     0.06721667  0.00000000  0.08701195  0.08701195  0.08301077  0.08301077  0.30427143  0.32603973  0.30427143  0.28835103  0.28835103  0.30965442  0.28835103  0.28835103  0.25247015  0.25749183  0.25749183  0.26763746  0.26763746  0.26254745  
15_0_0     0.11147906  0.08701195  0.00000000  0.00717717  0.00357998  0.00357998  0.30965442  0.33158222  0.32603973  0.30427143  0.30427143  0.32603973  0.30427143  0.31507641  0.21346579  0.21823157  0.23760421  0.22785519  0.22785519  0.22302791  
17_0_0     0.11981586  0.08701195  0.00717717  0.00000000  0.00357998  0.00357998  0.30965442  0.33158222  0.32603973  0.30427143  0.30427143  0.32603973  0.30427143  0.31507641  0.21346579  0.21823157  0.23760421  0.22785519  0.22785519  0.22302791  
19_0_0     0.11563585  0.08301077  0.00357998  0.00357998  0.00000000  0.00000000  0.30427143  0.32603973  0.32053799  0.29892690  0.29892690  0.32053799  0.29892690  0.30965442  0.20873017  0.21346579  0.23271382  0.22302791  0.22302791  0.21823157  
18_0_0     0.11563585  0.08301077  0.00357998  0.00357998  0.00000000  0.00000000  0.30427143  0.32603973  0.32053799  0.29892690  0.29892690  0.32053799  0.29892690  0.30965442  0.20873017  0.21346579  0.23271382  0.22302791  0.22302791  0.21823157  
8_0_0      0.30965442  0.30427143  0.30965442  0.30965442  0.30427143  0.30427143  0.00000000  0.02913127  0.05558612  0.01079174  0.01079174  0.03659483  0.01079174  0.09914549  0.18092915  0.17639445  0.18549151  0.17188707  0.16740668  0.17188707  
4_0_0      0.33158222  0.32603973  0.33158222  0.33158222  0.32603973  0.32603973  0.02913127  0.00000000  0.06331969  0.02542722  0.02542722  0.04413360  0.02542722  0.09914549  0.19934791  0.19470054  0.20402433  0.19008186  0.18549151  0.19008186  
12_0_0     0.33158222  0.30427143  0.32603973  0.32603973  0.32053799  0.32053799  0.05558612  0.06331969  0.00000000  0.05174910  0.05174910  0.07903088  0.05174910  0.11147906  0.19008186  0.18549151  0.19470054  0.18092915  0.17639445  0.18092915  
1_0_0      0.30427143  0.28835103  0.30427143  0.30427143  0.29892690  0.29892690  0.01079174  0.02542722  0.05174910  0.00000000  0.00000000  0.02542722  0.00000000  0.09507908  0.18549151  0.18092915  0.19008186  0.17639445  0.17188707  0.17639445  
7_0_0      0.30427143  0.28835103  0.30427143  0.30427143  0.29892690  0.29892690  0.01079174  0.02542722  0.05174910  0.00000000  0.00000000  0.02542722  0.00000000  0.09507908  0.18549151  0.18092915  0.19008186  0.17639445  0.17188707  0.17639445  
5_0_0      0.31507641  0.30965442  0.32603973  0.32603973  0.32053799  0.32053799  0.03659483  0.04413360  0.07903088  0.02542722  0.02542722  0.00000000  0.02542722  0.11563585  0.20873017  0.20402433  0.21346579  0.19934791  0.19470054  0.19934791  
10_0_0     0.30427143  0.28835103  0.30427143  0.30427143  0.29892690  0.29892690  0.01079174  0.02542722  0.05174910  0.00000000  0.00000000  0.02542722  0.00000000  0.09507908  0.18549151  0.18092915  0.19008186  0.17639445  0.17188707  0.17639445  
9_0_0      0.28835103  0.28835103  0.31507641  0.31507641  0.30965442  0.30965442  0.09914549  0.09914549  0.11147906  0.09507908  0.09507908  0.11563585  0.09507908  0.00000000  0.15852559  0.15412427  0.16295296  0.15852559  0.14539856  0.14974869  
14_0_0     0.27276234  0.25247015  0.21346579  0.21346579  0.20873017  0.20873017  0.18092915  0.19934791  0.19008186  0.18549151  0.18549151  0.20873017  0.18549151  0.15852559  0.00000000  0.00357998  0.02542722  0.01807370  0.01079174  0.00717717  
2_0_0      0.27792257  0.25749183  0.21823157  0.21823157  0.21346579  0.21346579  0.17639445  0.19470054  0.18549151  0.18092915  0.18092915  0.20402433  0.18092915  0.15412427  0.00357998  0.00000000  0.02174143  0.01442386  0.00717717  0.00357998  
11_0_0     0.28311863  0.25749183  0.23760421  0.23760421  0.23271382  0.23271382  0.18549151  0.20402433  0.19470054  0.19008186  0.19008186  0.21346579  0.19008186  0.16295296  0.02542722  0.02174143  0.00000000  0.03659483  0.02913127  0.02542722  
13_0_0     0.28835103  0.26763746  0.22785519  0.22785519  0.22302791  0.22302791  0.17188707  0.19008186  0.18092915  0.17639445  0.17639445  0.19934791  0.17639445  0.15852559  0.01807370  0.01442386  0.03659483  0.00000000  0.01442386  0.01079174  
6_0_0      0.28835103  0.26763746  0.22785519  0.22785519  0.22302791  0.22302791  0.16740668  0.18549151  0.17639445  0.17188707  0.17188707  0.19470054  0.17188707  0.14539856  0.01079174  0.00717717  0.02913127  0.01442386  0.00000000  0.00357998  
3_0_0      0.28311863  0.26254745  0.22302791  0.22302791  0.21823157  0.21823157  0.17188707  0.19008186  0.18092915  0.17639445  0.17639445  0.19934791  0.17639445  0.14974869  0.00717717  0.00357998  0.02542722  0.01079174  0.00357998  0.00000000  

