20
1_0_0      0.00000000  0.01186047  0.01186047  0.55381957  0.55381957  0.56648321  0.54137172  0.54137172  0.55381957  0.48212828  0.49359883  0.48212828  0.48212828  0.50525236  0.50525236  0.52913243  0.49359883  0.43796659  0.39632310  0.29271398  
2_0_0      0.01186047  0.00000000  0.01186047  0.54137172  0.54137172  0.54137172  0.54137172  0.54137172  0.55381957  0.48212828  0.49359883  0.48212828  0.48212828  0.50525236  0.50525236  0.52913243  0.49359883  0.43796659  0.39632310  0.29271398  
3_0_0      0.01186047  0.01186047  0.00000000  0.54137172  0.54137172  0.54137172  0.54137172  0.54137172  0.55381957  0.50525236  0.51709482  0.50525236  0.50525236  0.52913243  0.52913243  0.55381957  0.49359883  0.43796659  0.39632310  0.31049165  
8_0_0      0.55381957  0.54137172  0.54137172  0.00000000  0.01186047  0.19427596  0.22563755  0.22563755  0.23369293  0.52913243  0.55381957  0.54137172  0.54137172  0.59248875  0.54137172  0.48212828  0.49359883  0.48212828  0.52913243  0.45971377  
18_0_0     0.55381957  0.54137172  0.54137172  0.01186047  0.00000000  0.19427596  0.22563755  0.22563755  0.23369293  0.52913243  0.55381957  0.54137172  0.54137172  0.59248875  0.54137172  0.47083506  0.50525236  0.49359883  0.54137172  0.48212828  
19_0_0     0.56648321  0.54137172  0.54137172  0.19427596  0.19427596  0.00000000  0.14243808  0.14243808  0.14962206  0.56648321  0.59248875  0.57937027  0.57937027  0.54137172  0.49359883  0.47083506  0.44875926  0.45971377  0.48212828  0.41684814  
13_0_0     0.54137172  0.54137172  0.54137172  0.22563755  0.22563755  0.14243808  0.00000000  0.00000000  0.00590616  0.47083506  0.47083506  0.45971377  0.45971377  0.48212828  0.48212828  0.43796659  0.44875926  0.43796659  0.42733106  0.41684814  
9_0_0      0.54137172  0.54137172  0.54137172  0.22563755  0.22563755  0.14243808  0.00000000  0.00000000  0.00590616  0.47083506  0.47083506  0.45971377  0.45971377  0.48212828  0.48212828  0.43796659  0.44875926  0.43796659  0.42733106  0.41684814  
7_0_0      0.55381957  0.55381957  0.55381957  0.23369293  0.23369293  0.14962206  0.00590616  0.00590616  0.00000000  0.48212828  0.48212828  0.47083506  0.47083506  0.49359883  0.49359883  0.44875926  0.45971377  0.44875926  0.43796659  0.42733106  
5_0_0      0.48212828  0.48212828  0.50525236  0.52913243  0.52913243  0.56648321  0.47083506  0.47083506  0.48212828  0.00000000  0.02391668  0.01786371  0.01786371  0.13532407  0.09403619  0.38627286  0.54137172  0.50525236  0.45971377  0.42733106  
10_0_0     0.49359883  0.49359883  0.51709482  0.55381957  0.55381957  0.59248875  0.47083506  0.47083506  0.48212828  0.02391668  0.00000000  0.00590616  0.00590616  0.12130055  0.09403619  0.40651354  0.51709482  0.48212828  0.45971377  0.45971377  
12_0_0     0.48212828  0.48212828  0.50525236  0.54137172  0.54137172  0.57937027  0.45971377  0.45971377  0.47083506  0.01786371  0.00590616  0.00000000  0.00000000  0.11438848  0.08737618  0.41684814  0.52913243  0.49359883  0.47083506  0.44875926  
4_0_0      0.48212828  0.48212828  0.50525236  0.54137172  0.54137172  0.57937027  0.45971377  0.45971377  0.47083506  0.01786371  0.00590616  0.00000000  0.00000000  0.11438848  0.08737618  0.41684814  0.52913243  0.49359883  0.47083506  0.44875926  
11_0_0     0.50525236  0.50525236  0.52913243  0.59248875  0.59248875  0.54137172  0.48212828  0.48212828  0.49359883  0.13532407  0.12130055  0.11438848  0.11438848  0.00000000  0.04864297  0.44875926  0.50525236  0.49359883  0.47083506  0.47083506  
17_0_0     0.50525236  0.50525236  0.52913243  0.54137172  0.54137172  0.49359883  0.48212828  0.48212828  0.49359883  0.09403619  0.09403619  0.08737618  0.08737618  0.04864297  0.00000000  0.42733106  0.52913243  0.51709482  0.47083506  0.45971377  
16_0_0     0.52913243  0.52913243  0.55381957  0.48212828  0.47083506  0.47083506  0.43796659  0.43796659  0.44875926  0.38627286  0.40651354  0.41684814  0.41684814  0.44875926  0.42733106  0.00000000  0.36657791  0.27535868  0.21767003  0.43796659  
14_0_0     0.49359883  0.49359883  0.49359883  0.49359883  0.50525236  0.44875926  0.44875926  0.44875926  0.45971377  0.54137172  0.51709482  0.52913243  0.52913243  0.50525236  0.52913243  0.36657791  0.00000000  0.10754119  0.14962206  0.52913243  
6_0_0      0.43796659  0.43796659  0.43796659  0.48212828  0.49359883  0.45971377  0.43796659  0.43796659  0.44875926  0.50525236  0.48212828  0.49359883  0.49359883  0.49359883  0.51709482  0.27535868  0.10754119  0.00000000  0.12827866  0.44875926  
15_0_0     0.39632310  0.39632310  0.39632310  0.52913243  0.54137172  0.48212828  0.42733106  0.42733106  0.43796659  0.45971377  0.45971377  0.47083506  0.47083506  0.47083506  0.47083506  0.21767003  0.14962206  0.12827866  0.00000000  0.47083506  
20_0_0     0.29271398  0.29271398  0.31049165  0.45971377  0.48212828  0.41684814  0.41684814  0.41684814  0.42733106  0.42733106  0.45971377  0.44875926  0.44875926  0.47083506  0.45971377  0.43796659  0.52913243  0.44875926  0.47083506  0.00000000  

