20
16_0_0     0.00000000  0.05175621  0.21783649  0.19583957  0.18152755  0.18864920  0.19583957  0.18864920  0.21783649  0.38386050  0.38386050  0.37461956  0.34756495  0.34756495  0.34756495  0.42201455  0.36549180  0.40269340  0.36549180  0.39321747  
17_0_0     0.05175621  0.00000000  0.19583957  0.17447330  0.16056201  0.18152755  0.18864920  0.18152755  0.20309998  0.40269340  0.40269340  0.39321747  0.34756495  0.34756495  0.34756495  0.44184996  0.36549180  0.40269340  0.34756495  0.37461956  
15_0_0     0.21783649  0.19583957  0.00000000  0.17447330  0.17447330  0.18152755  0.17447330  0.18152755  0.21783649  0.37461956  0.40269340  0.39321747  0.33876068  0.33876068  0.35647448  0.37461956  0.33876068  0.40269340  0.36549180  0.38386050  
14_0_0     0.19583957  0.17447330  0.17447330  0.00000000  0.01119477  0.07596547  0.08214269  0.07596547  0.09465287  0.41229136  0.39321747  0.38386050  0.33876068  0.33876068  0.35647448  0.40269340  0.34756495  0.37461956  0.32145814  0.33876068  
18_0_0     0.18152755  0.16056201  0.17447330  0.01119477  0.00000000  0.06376255  0.06983903  0.06376255  0.08214269  0.39321747  0.37461956  0.36549180  0.32145814  0.32145814  0.33876068  0.38386050  0.33005920  0.35647448  0.30454821  0.32145814  
12_0_0     0.18864920  0.18152755  0.18152755  0.07596547  0.06376255  0.00000000  0.00557637  0.00000000  0.07596547  0.36549180  0.34756495  0.33876068  0.29623497  0.29623497  0.33005920  0.37461956  0.32145814  0.35647448  0.30454821  0.32145814  
19_0_0     0.19583957  0.18864920  0.17447330  0.08214269  0.06983903  0.00557637  0.00000000  0.00557637  0.08214269  0.37461956  0.35647448  0.34756495  0.30454821  0.30454821  0.32145814  0.36549180  0.31295522  0.36549180  0.31295522  0.33005920  
20_0_0     0.18864920  0.18152755  0.18152755  0.07596547  0.06376255  0.00000000  0.00557637  0.00000000  0.07596547  0.36549180  0.34756495  0.33876068  0.29623497  0.29623497  0.33005920  0.37461956  0.32145814  0.35647448  0.30454821  0.32145814  
13_0_0     0.21783649  0.20309998  0.21783649  0.09465287  0.08214269  0.07596547  0.08214269  0.07596547  0.00000000  0.42201455  0.40269340  0.39321747  0.37461956  0.37461956  0.41229136  0.44184996  0.40269340  0.38386050  0.34756495  0.36549180  
10_0_0     0.38386050  0.40269340  0.37461956  0.41229136  0.39321747  0.36549180  0.37461956  0.36549180  0.42201455  0.00000000  0.03410176  0.02830867  0.09465287  0.09465287  0.10737664  0.16748520  0.11382092  0.13349500  0.12687910  0.12687910  
11_0_0     0.38386050  0.40269340  0.40269340  0.39321747  0.37461956  0.34756495  0.35647448  0.34756495  0.40269340  0.03410176  0.00000000  0.00557637  0.10737664  0.10737664  0.12032141  0.18152755  0.10098760  0.15370254  0.14017015  0.12687910  
7_0_0      0.37461956  0.39321747  0.39321747  0.38386050  0.36549180  0.33876068  0.34756495  0.33876068  0.39321747  0.02830867  0.00557637  0.00000000  0.10098760  0.10098760  0.11382092  0.17447330  0.09465287  0.14690563  0.13349500  0.13349500  
2_0_0      0.34756495  0.34756495  0.33876068  0.33876068  0.32145814  0.29623497  0.30454821  0.29623497  0.37461956  0.09465287  0.10737664  0.10098760  0.00000000  0.00000000  0.10737664  0.16748520  0.10737664  0.14690563  0.13349500  0.13349500  
8_0_0      0.34756495  0.34756495  0.33876068  0.33876068  0.32145814  0.29623497  0.30454821  0.29623497  0.37461956  0.09465287  0.10737664  0.10098760  0.00000000  0.00000000  0.10737664  0.16748520  0.10737664  0.14690563  0.13349500  0.13349500  
6_0_0      0.34756495  0.34756495  0.35647448  0.35647448  0.33876068  0.33005920  0.32145814  0.33005920  0.41229136  0.10737664  0.12032141  0.11382092  0.10737664  0.10737664  0.00000000  0.11382092  0.05175621  0.15370254  0.14017015  0.14017015  
9_0_0      0.42201455  0.44184996  0.37461956  0.40269340  0.38386050  0.37461956  0.36549180  0.37461956  0.44184996  0.16748520  0.18152755  0.17447330  0.16748520  0.16748520  0.11382092  0.00000000  0.09465287  0.18864920  0.17447330  0.17447330  
1_0_0      0.36549180  0.36549180  0.33876068  0.34756495  0.33005920  0.32145814  0.31295522  0.32145814  0.40269340  0.11382092  0.10098760  0.09465287  0.10737664  0.10737664  0.05175621  0.09465287  0.00000000  0.13349500  0.13349500  0.13349500  
5_0_0      0.40269340  0.40269340  0.40269340  0.37461956  0.35647448  0.35647448  0.36549180  0.35647448  0.38386050  0.13349500  0.15370254  0.14690563  0.14690563  0.14690563  0.15370254  0.18864920  0.13349500  0.00000000  0.04582481  0.05773520  
4_0_0      0.36549180  0.34756495  0.36549180  0.32145814  0.30454821  0.30454821  0.31295522  0.30454821  0.34756495  0.12687910  0.14017015  0.13349500  0.13349500  0.13349500  0.14017015  0.17447330  0.13349500  0.04582481  0.00000000  0.02256026  
3_0_0      0.39321747  0.37461956  0.38386050  0.33876068  0.32145814  0.32145814  0.33005920  0.32145814  0.36549180  0.12687910  0.12687910  0.13349500  0.13349500  0.13349500  0.14017015  0.17447330  0.13349500  0.05773520  0.02256026  0.00000000  

