173
57_0_0     0.00000000  0.07027728  0.07027728  0.07700648  0.26858851  0.25990369  0.25990369  0.26858851  0.27737548  0.25131866  0.25131866  0.26858851  0.24283117  0.27737548  0.35165989  0.29526568  0.32293081  0.32293081  0.26858851  0.29526568  0.27737548  0.27737548  0.27737548  0.31359481  0.28626703  0.27737548  0.28626703  0.28626703  0.27737548  0.27737548  0.27737548  0.28626703  0.31359481  0.32293081  0.28626703  0.29526568  0.30437403  0.27737548  0.29526568  0.26858851  0.26858851  0.26858851  0.26858851  0.25990369  0.25990369  0.28626703  0.27737548  0.28626703  0.24283117  0.25131866  0.27737548  0.31359481  0.34196026  0.29526568  0.36148711  0.31359481  0.31359481  0.30437403  0.28626703  0.31359481  0.31359481  0.25990369  0.25990369  0.30437403  0.26858851  0.25990369  0.29526568  0.27737548  0.28626703  0.29526568  0.29526568  0.25990369  0.25131866  0.27737548  0.26858851  0.26858851  0.28626703  0.28626703  0.25131866  0.25131866  0.26858851  0.24283117  0.23443901  0.23443901  0.33238495  0.27737548  0.31359481  0.30437403  0.26858851  0.25990369  0.27737548  0.26858851  0.26858851  0.27737548  0.29526568  0.28626703  0.28626703  0.29526568  0.30437403  0.30437403  0.31359481  0.29526568  0.27737548  0.27737548  0.29526568  0.29526568  0.28626703  0.29526568  0.29526568  0.28626703  0.29526568  0.31359481  0.29526568  0.28626703  0.25990369  0.28626703  0.32293081  0.31359481  0.37144532  0.35165989  0.36148711  0.35165989  0.32293081  0.32293081  0.32293081  0.33238495  0.31359481  0.32293081  0.30437403  0.35165989  0.36148711  0.31359481  0.30437403  0.29526568  0.30437403  0.32293081  0.34196026  0.29526568  0.30437403  0.30437403  0.30437403  0.30437403  0.29526568  0.29526568  0.30437403  0.30437403  0.31359481  0.21793232  0.25131866  0.25990369  0.25990369  0.27737548  0.27737548  0.29526568  0.27737548  0.30437403  0.31359481  0.29526568  0.31359481  0.29526568  0.29526568  0.30437403  0.28626703  0.31359481  0.31359481  0.28626703  0.26858851  0.26858851  0.29526568  0.25990369  0.25131866  0.25990369  0.25990369  
49_0_0     0.07027728  0.00000000  0.00612258  0.02479725  0.25131866  0.23443901  0.24283117  0.23443901  0.24283117  0.21793232  0.21793232  0.23443901  0.20981376  0.25131866  0.35165989  0.30437403  0.33238495  0.31359481  0.30437403  0.29526568  0.29526568  0.29526568  0.29526568  0.29526568  0.30437403  0.29526568  0.28626703  0.29526568  0.28626703  0.28626703  0.28626703  0.29526568  0.31359481  0.31359481  0.29526568  0.30437403  0.28626703  0.26858851  0.28626703  0.27737548  0.27737548  0.27737548  0.27737548  0.26858851  0.26858851  0.27737548  0.26858851  0.27737548  0.21793232  0.22614008  0.30437403  0.33238495  0.34196026  0.33238495  0.35165989  0.28626703  0.30437403  0.29526568  0.29526568  0.29526568  0.28626703  0.25990369  0.25990369  0.28626703  0.28626703  0.27737548  0.29526568  0.28626703  0.26858851  0.27737548  0.27737548  0.21793232  0.24283117  0.22614008  0.22614008  0.22614008  0.27737548  0.29526568  0.24283117  0.24283117  0.26858851  0.26858851  0.25990369  0.25990369  0.35165989  0.31359481  0.33238495  0.34196026  0.28626703  0.27737548  0.27737548  0.27737548  0.24283117  0.25131866  0.30437403  0.29526568  0.29526568  0.31359481  0.30437403  0.30437403  0.33238495  0.30437403  0.28626703  0.28626703  0.29526568  0.29526568  0.28626703  0.30437403  0.28626703  0.29526568  0.29526568  0.31359481  0.31359481  0.30437403  0.22614008  0.25131866  0.30437403  0.28626703  0.37144532  0.35165989  0.36148711  0.35165989  0.34196026  0.32293081  0.32293081  0.35165989  0.33238495  0.32293081  0.30437403  0.34196026  0.34196026  0.29526568  0.28626703  0.25990369  0.28626703  0.28626703  0.30437403  0.27737548  0.28626703  0.28626703  0.28626703  0.30437403  0.29526568  0.29526568  0.30437403  0.30437403  0.31359481  0.22614008  0.25990369  0.28626703  0.28626703  0.28626703  0.28626703  0.30437403  0.26858851  0.27737548  0.28626703  0.26858851  0.28626703  0.26858851  0.30437403  0.31359481  0.29526568  0.28626703  0.28626703  0.27737548  0.25990369  0.25990369  0.28626703  0.25131866  0.24283117  0.25131866  0.25131866  
56_0_0     0.07027728  0.00612258  0.00000000  0.01852035  0.25131866  0.23443901  0.24283117  0.22614008  0.23443901  0.20981376  0.20981376  0.22614008  0.20178247  0.24283117  0.35165989  0.30437403  0.33238495  0.31359481  0.30437403  0.29526568  0.29526568  0.29526568  0.29526568  0.29526568  0.30437403  0.29526568  0.28626703  0.29526568  0.28626703  0.28626703  0.28626703  0.29526568  0.30437403  0.31359481  0.29526568  0.30437403  0.28626703  0.26858851  0.28626703  0.27737548  0.27737548  0.27737548  0.27737548  0.26858851  0.26858851  0.27737548  0.26858851  0.27737548  0.21793232  0.22614008  0.30437403  0.33238495  0.34196026  0.33238495  0.34196026  0.28626703  0.30437403  0.29526568  0.29526568  0.28626703  0.28626703  0.25131866  0.25131866  0.27737548  0.27737548  0.26858851  0.28626703  0.28626703  0.26858851  0.27737548  0.27737548  0.21793232  0.24283117  0.22614008  0.22614008  0.22614008  0.27737548  0.29526568  0.24283117  0.24283117  0.26858851  0.26858851  0.25990369  0.25990369  0.35165989  0.31359481  0.33238495  0.34196026  0.28626703  0.27737548  0.27737548  0.27737548  0.24283117  0.25131866  0.29526568  0.28626703  0.28626703  0.30437403  0.29526568  0.29526568  0.32293081  0.29526568  0.27737548  0.27737548  0.28626703  0.28626703  0.27737548  0.29526568  0.27737548  0.28626703  0.28626703  0.30437403  0.30437403  0.29526568  0.21793232  0.24283117  0.29526568  0.27737548  0.36148711  0.34196026  0.35165989  0.34196026  0.33238495  0.31359481  0.31359481  0.34196026  0.32293081  0.31359481  0.29526568  0.33238495  0.33238495  0.28626703  0.27737548  0.25131866  0.27737548  0.27737548  0.29526568  0.26858851  0.27737548  0.27737548  0.27737548  0.29526568  0.28626703  0.28626703  0.29526568  0.29526568  0.30437403  0.22614008  0.25990369  0.28626703  0.28626703  0.28626703  0.28626703  0.30437403  0.26858851  0.27737548  0.28626703  0.26858851  0.28626703  0.26858851  0.30437403  0.31359481  0.29526568  0.28626703  0.28626703  0.27737548  0.25990369  0.25990369  0.28626703  0.25131866  0.24283117  0.25131866  0.25131866  
79_0_0     0.07700648  0.02479725  0.01852035  0.00000000  0.27737548  0.25990369  0.26858851  0.23443901  0.24283117  0.21793232  0.21793232  0.23443901  0.20981376  0.25131866  0.36148711  0.31359481  0.34196026  0.32293081  0.31359481  0.32293081  0.32293081  0.32293081  0.32293081  0.32293081  0.33238495  0.32293081  0.29526568  0.32293081  0.31359481  0.31359481  0.31359481  0.32293081  0.29526568  0.30437403  0.28626703  0.29526568  0.31359481  0.29526568  0.31359481  0.28626703  0.28626703  0.28626703  0.28626703  0.27737548  0.27737548  0.26858851  0.25990369  0.28626703  0.24283117  0.25131866  0.32293081  0.35165989  0.36148711  0.33238495  0.37144532  0.31359481  0.31359481  0.30437403  0.30437403  0.29526568  0.31359481  0.25990369  0.25990369  0.30437403  0.26858851  0.27737548  0.29526568  0.29526568  0.27737548  0.28626703  0.28626703  0.24283117  0.25131866  0.25131866  0.25131866  0.25131866  0.30437403  0.30437403  0.26858851  0.26858851  0.27737548  0.27737548  0.26858851  0.26858851  0.38153806  0.34196026  0.36148711  0.37144532  0.31359481  0.30437403  0.30437403  0.28626703  0.26858851  0.27737548  0.32293081  0.31359481  0.31359481  0.31359481  0.32293081  0.32293081  0.35165989  0.30437403  0.28626703  0.28626703  0.31359481  0.31359481  0.30437403  0.31359481  0.29526568  0.30437403  0.31359481  0.33238495  0.33238495  0.32293081  0.24283117  0.26858851  0.30437403  0.30437403  0.39176901  0.37144532  0.38153806  0.37144532  0.34196026  0.34196026  0.34196026  0.35165989  0.33238495  0.34196026  0.32293081  0.36148711  0.36148711  0.29526568  0.28626703  0.25990369  0.28626703  0.28626703  0.30437403  0.27737548  0.28626703  0.30437403  0.30437403  0.30437403  0.29526568  0.29526568  0.30437403  0.30437403  0.31359481  0.23443901  0.26858851  0.29526568  0.29526568  0.29526568  0.29526568  0.31359481  0.29526568  0.30437403  0.31359481  0.29526568  0.29526568  0.27737548  0.31359481  0.32293081  0.30437403  0.31359481  0.31359481  0.30437403  0.28626703  0.28626703  0.31359481  0.27737548  0.26858851  0.27737548  0.27737548  
31_8_0     0.26858851  0.25131866  0.25131866  0.27737548  0.00000000  0.09064947  0.09756555  0.13314016  0.12588843  0.11870641  0.11870641  0.13314016  0.11159278  0.15532750  0.29526568  0.25990369  0.29526568  0.29526568  0.23443901  0.24283117  0.23443901  0.23443901  0.21793232  0.24283117  0.22614008  0.24283117  0.24283117  0.20981376  0.20178247  0.20178247  0.20178247  0.19383660  0.25990369  0.25131866  0.23443901  0.22614008  0.27737548  0.24283117  0.28626703  0.27737548  0.27737548  0.25990369  0.25990369  0.26858851  0.26858851  0.30437403  0.29526568  0.29526568  0.20178247  0.20981376  0.25990369  0.34196026  0.35165989  0.33238495  0.27737548  0.31359481  0.30437403  0.25990369  0.25990369  0.27737548  0.27737548  0.21793232  0.21793232  0.25131866  0.27737548  0.26858851  0.25990369  0.25990369  0.25990369  0.25131866  0.25990369  0.23443901  0.25990369  0.25990369  0.24283117  0.24283117  0.25990369  0.28626703  0.25131866  0.25131866  0.28626703  0.21793232  0.20981376  0.22614008  0.31359481  0.27737548  0.31359481  0.29526568  0.25990369  0.25131866  0.24283117  0.28626703  0.25990369  0.25990369  0.29526568  0.32293081  0.32293081  0.32293081  0.29526568  0.29526568  0.30437403  0.28626703  0.28626703  0.28626703  0.27737548  0.29526568  0.27737548  0.28626703  0.26858851  0.27737548  0.26858851  0.27737548  0.28626703  0.27737548  0.25990369  0.28626703  0.25131866  0.20981376  0.34196026  0.30437403  0.32293081  0.30437403  0.34196026  0.32293081  0.32293081  0.33238495  0.33238495  0.31359481  0.29526568  0.29526568  0.29526568  0.31359481  0.30437403  0.26858851  0.30437403  0.29526568  0.32293081  0.26858851  0.32293081  0.27737548  0.27737548  0.28626703  0.28626703  0.28626703  0.29526568  0.27737548  0.26858851  0.27737548  0.30437403  0.27737548  0.27737548  0.28626703  0.28626703  0.30437403  0.24283117  0.26858851  0.27737548  0.25990369  0.29526568  0.27737548  0.32293081  0.33238495  0.31359481  0.28626703  0.28626703  0.26858851  0.25131866  0.25131866  0.25990369  0.23443901  0.23443901  0.22614008  0.22614008  
46_8_0     0.25990369  0.23443901  0.23443901  0.25990369  0.09064947  0.00000000  0.00612258  0.09064947  0.08379683  0.09064947  0.09064947  0.09064947  0.08379683  0.11870641  0.25990369  0.22614008  0.25990369  0.24283117  0.17819397  0.18597434  0.17819397  0.17819397  0.16287216  0.18597434  0.18597434  0.20178247  0.20178247  0.17049379  0.16287216  0.16287216  0.16287216  0.15532750  0.23443901  0.19383660  0.20981376  0.20178247  0.23443901  0.21793232  0.25131866  0.24283117  0.24283117  0.22614008  0.22614008  0.25131866  0.25131866  0.25131866  0.24283117  0.25990369  0.18597434  0.20178247  0.27737548  0.26858851  0.29526568  0.28626703  0.26858851  0.22614008  0.25131866  0.22614008  0.22614008  0.22614008  0.22614008  0.21793232  0.21793232  0.25131866  0.24283117  0.23443901  0.24283117  0.21793232  0.21793232  0.19383660  0.20178247  0.18597434  0.20981376  0.19383660  0.19383660  0.19383660  0.20981376  0.22614008  0.19383660  0.19383660  0.21793232  0.20981376  0.20178247  0.21793232  0.29526568  0.25990369  0.25990369  0.23443901  0.21793232  0.20981376  0.22614008  0.25990369  0.24283117  0.25131866  0.27737548  0.30437403  0.30437403  0.30437403  0.27737548  0.27737548  0.30437403  0.26858851  0.26858851  0.26858851  0.25990369  0.25131866  0.25990369  0.25990369  0.25131866  0.25990369  0.25990369  0.25990369  0.26858851  0.25990369  0.24283117  0.26858851  0.26858851  0.23443901  0.28626703  0.25131866  0.27737548  0.25131866  0.28626703  0.26858851  0.26858851  0.29526568  0.27737548  0.23443901  0.23443901  0.25990369  0.25990369  0.25990369  0.25131866  0.21793232  0.25131866  0.24283117  0.26858851  0.23443901  0.25131866  0.24283117  0.24283117  0.25131866  0.25131866  0.25131866  0.27737548  0.24283117  0.23443901  0.23443901  0.29526568  0.25990369  0.25990369  0.25131866  0.25131866  0.26858851  0.25131866  0.23443901  0.24283117  0.23443901  0.25990369  0.24283117  0.27737548  0.26858851  0.26858851  0.24283117  0.24283117  0.22614008  0.24283117  0.24283117  0.24283117  0.23443901  0.20981376  0.20178247  0.20178247  
99_8_0     0.25990369  0.24283117  0.24283117  0.26858851  0.09756555  0.00612258  0.00000000  0.09756555  0.09064947  0.09756555  0.09756555  0.09756555  0.09064947  0.12588843  0.26858851  0.23443901  0.26858851  0.25131866  0.18597434  0.19383660  0.18597434  0.18597434  0.17049379  0.19383660  0.19383660  0.20981376  0.20981376  0.17819397  0.17049379  0.17049379  0.17049379  0.16287216  0.24283117  0.20178247  0.21793232  0.20981376  0.24283117  0.22614008  0.25990369  0.25131866  0.25131866  0.23443901  0.23443901  0.25990369  0.25990369  0.25990369  0.25131866  0.26858851  0.19383660  0.20981376  0.28626703  0.27737548  0.30437403  0.29526568  0.25990369  0.23443901  0.25990369  0.23443901  0.23443901  0.23443901  0.23443901  0.22614008  0.22614008  0.25990369  0.24283117  0.23443901  0.25131866  0.22614008  0.22614008  0.20178247  0.20981376  0.19383660  0.21793232  0.20178247  0.20178247  0.20178247  0.21793232  0.23443901  0.20178247  0.20178247  0.22614008  0.21793232  0.20981376  0.22614008  0.30437403  0.26858851  0.26858851  0.24283117  0.22614008  0.21793232  0.23443901  0.26858851  0.25131866  0.25990369  0.28626703  0.31359481  0.31359481  0.31359481  0.28626703  0.28626703  0.31359481  0.27737548  0.27737548  0.27737548  0.26858851  0.25990369  0.26858851  0.26858851  0.25990369  0.26858851  0.26858851  0.26858851  0.27737548  0.26858851  0.25131866  0.27737548  0.27737548  0.24283117  0.29526568  0.25990369  0.28626703  0.25990369  0.29526568  0.27737548  0.27737548  0.30437403  0.28626703  0.24283117  0.24283117  0.26858851  0.26858851  0.26858851  0.25990369  0.22614008  0.25990369  0.25131866  0.27737548  0.24283117  0.25990369  0.25131866  0.25131866  0.25990369  0.25990369  0.25990369  0.28626703  0.25131866  0.24283117  0.24283117  0.30437403  0.26858851  0.26858851  0.25990369  0.25990369  0.27737548  0.25990369  0.24283117  0.25131866  0.24283117  0.26858851  0.25131866  0.28626703  0.27737548  0.27737548  0.25131866  0.25131866  0.23443901  0.25131866  0.25131866  0.25131866  0.24283117  0.21793232  0.20981376  0.20981376  
41_8_0     0.26858851  0.23443901  0.22614008  0.23443901  0.13314016  0.09064947  0.09756555  0.00000000  0.03112734  0.01229575  0.01229575  0.02479725  0.01852035  0.05699804  0.25131866  0.20178247  0.23443901  0.25131866  0.17819397  0.18597434  0.17819397  0.17819397  0.17819397  0.21793232  0.16287216  0.17049379  0.19383660  0.20178247  0.19383660  0.19383660  0.19383660  0.20178247  0.20178247  0.19383660  0.19383660  0.18597434  0.25990369  0.22614008  0.25990369  0.25131866  0.25131866  0.25131866  0.23443901  0.25990369  0.25990369  0.25131866  0.24283117  0.25131866  0.19383660  0.20178247  0.25990369  0.32293081  0.29526568  0.32293081  0.21793232  0.23443901  0.20981376  0.25131866  0.25990369  0.26858851  0.25131866  0.19383660  0.19383660  0.22614008  0.24283117  0.23443901  0.20178247  0.22614008  0.24283117  0.21793232  0.22614008  0.18597434  0.20981376  0.19383660  0.19383660  0.19383660  0.21793232  0.25131866  0.25131866  0.25131866  0.24283117  0.24283117  0.23443901  0.23443901  0.31359481  0.25131866  0.23443901  0.22614008  0.20981376  0.20178247  0.20178247  0.26858851  0.23443901  0.24283117  0.24283117  0.26858851  0.26858851  0.25990369  0.24283117  0.24283117  0.27737548  0.24283117  0.22614008  0.22614008  0.23443901  0.25990369  0.23443901  0.23443901  0.22614008  0.23443901  0.23443901  0.23443901  0.25990369  0.25131866  0.20178247  0.22614008  0.25131866  0.20981376  0.28626703  0.23443901  0.25990369  0.21793232  0.26858851  0.25131866  0.25131866  0.27737548  0.25990369  0.23443901  0.21793232  0.25990369  0.23443901  0.24283117  0.23443901  0.22614008  0.23443901  0.23443901  0.25131866  0.22614008  0.24283117  0.21793232  0.21793232  0.22614008  0.22614008  0.22614008  0.23443901  0.23443901  0.22614008  0.21793232  0.27737548  0.26858851  0.26858851  0.23443901  0.23443901  0.25131866  0.25990369  0.26858851  0.27737548  0.25990369  0.27737548  0.25990369  0.26858851  0.27737548  0.25990369  0.23443901  0.23443901  0.23443901  0.25131866  0.25131866  0.25990369  0.24283117  0.21793232  0.20981376  0.20981376  
59_8_0     0.27737548  0.24283117  0.23443901  0.24283117  0.12588843  0.08379683  0.09064947  0.03112734  0.00000000  0.03112734  0.03112734  0.04395071  0.03751151  0.07700648  0.26858851  0.23443901  0.25990369  0.27737548  0.19383660  0.20178247  0.19383660  0.19383660  0.19383660  0.21793232  0.19383660  0.20178247  0.21793232  0.20981376  0.20178247  0.20178247  0.20178247  0.19383660  0.22614008  0.20178247  0.21793232  0.20981376  0.26858851  0.23443901  0.26858851  0.25990369  0.25990369  0.25990369  0.24283117  0.26858851  0.26858851  0.25990369  0.25131866  0.27737548  0.18597434  0.20178247  0.26858851  0.32293081  0.29526568  0.30437403  0.24283117  0.26858851  0.24283117  0.26858851  0.27737548  0.26858851  0.28626703  0.20178247  0.20178247  0.23443901  0.24283117  0.23443901  0.21793232  0.25131866  0.25990369  0.23443901  0.24283117  0.22614008  0.25131866  0.23443901  0.23443901  0.23443901  0.24283117  0.27737548  0.22614008  0.22614008  0.22614008  0.26858851  0.25990369  0.25990369  0.35165989  0.29526568  0.26858851  0.25131866  0.25131866  0.24283117  0.24283117  0.28626703  0.25131866  0.25990369  0.26858851  0.29526568  0.29526568  0.30437403  0.27737548  0.27737548  0.30437403  0.26858851  0.26858851  0.26858851  0.25990369  0.28626703  0.25990369  0.25990369  0.25131866  0.25990369  0.25990369  0.25990369  0.27737548  0.26858851  0.24283117  0.25990369  0.26858851  0.23443901  0.29526568  0.24283117  0.27737548  0.23443901  0.28626703  0.26858851  0.26858851  0.29526568  0.27737548  0.25131866  0.23443901  0.27737548  0.25131866  0.25131866  0.24283117  0.24283117  0.24283117  0.25131866  0.25990369  0.23443901  0.25131866  0.22614008  0.22614008  0.23443901  0.23443901  0.23443901  0.24283117  0.22614008  0.21793232  0.24283117  0.30437403  0.29526568  0.29526568  0.25990369  0.25990369  0.27737548  0.25990369  0.27737548  0.28626703  0.26858851  0.28626703  0.26858851  0.28626703  0.29526568  0.28626703  0.24283117  0.24283117  0.24283117  0.25131866  0.25131866  0.25990369  0.24283117  0.22614008  0.21793232  0.21793232  
39_8_0     0.25131866  0.21793232  0.20981376  0.21793232  0.11870641  0.09064947  0.09756555  0.01229575  0.03112734  0.00000000  0.00000000  0.01229575  0.00612258  0.04395071  0.25131866  0.20178247  0.23443901  0.25131866  0.17819397  0.18597434  0.17819397  0.17819397  0.17819397  0.20178247  0.17819397  0.18597434  0.17819397  0.18597434  0.17819397  0.17819397  0.17819397  0.18597434  0.18597434  0.18597434  0.17819397  0.17049379  0.25990369  0.22614008  0.24283117  0.23443901  0.23443901  0.23443901  0.21793232  0.24283117  0.24283117  0.25131866  0.24283117  0.23443901  0.17819397  0.18597434  0.24283117  0.30437403  0.27737548  0.30437403  0.21793232  0.22614008  0.20178247  0.24283117  0.25131866  0.25990369  0.24283117  0.17819397  0.17819397  0.20981376  0.22614008  0.21793232  0.20178247  0.22614008  0.24283117  0.23443901  0.22614008  0.18597434  0.20981376  0.20981376  0.19383660  0.19383660  0.23443901  0.26858851  0.23443901  0.23443901  0.24283117  0.24283117  0.23443901  0.23443901  0.31359481  0.25131866  0.23443901  0.22614008  0.20981376  0.20178247  0.20178247  0.26858851  0.23443901  0.24283117  0.24283117  0.26858851  0.26858851  0.25990369  0.24283117  0.24283117  0.27737548  0.24283117  0.22614008  0.22614008  0.23443901  0.25990369  0.23443901  0.24283117  0.22614008  0.23443901  0.23443901  0.23443901  0.25990369  0.25131866  0.20178247  0.22614008  0.25131866  0.20981376  0.29526568  0.24283117  0.26858851  0.22614008  0.25990369  0.24283117  0.24283117  0.26858851  0.25131866  0.23443901  0.21793232  0.25131866  0.22614008  0.25131866  0.24283117  0.23443901  0.24283117  0.24283117  0.25990369  0.23443901  0.25131866  0.22614008  0.22614008  0.23443901  0.23443901  0.23443901  0.24283117  0.24283117  0.23443901  0.23443901  0.27737548  0.26858851  0.26858851  0.24283117  0.24283117  0.25990369  0.25990369  0.28626703  0.29526568  0.27737548  0.29526568  0.27737548  0.28626703  0.29526568  0.27737548  0.25131866  0.25131866  0.25131866  0.25131866  0.25131866  0.27737548  0.24283117  0.23443901  0.22614008  0.22614008  
40_8_0     0.25131866  0.21793232  0.20981376  0.21793232  0.11870641  0.09064947  0.09756555  0.01229575  0.03112734  0.00000000  0.00000000  0.01229575  0.00612258  0.04395071  0.25131866  0.20178247  0.23443901  0.25131866  0.17819397  0.18597434  0.17819397  0.17819397  0.17819397  0.20178247  0.17819397  0.18597434  0.17819397  0.18597434  0.17819397  0.17819397  0.17819397  0.18597434  0.18597434  0.18597434  0.17819397  0.17049379  0.25990369  0.22614008  0.24283117  0.23443901  0.23443901  0.23443901  0.21793232  0.24283117  0.24283117  0.25131866  0.24283117  0.23443901  0.17819397  0.18597434  0.24283117  0.30437403  0.27737548  0.30437403  0.21793232  0.22614008  0.20178247  0.24283117  0.25131866  0.25990369  0.24283117  0.17819397  0.17819397  0.20981376  0.22614008  0.21793232  0.20178247  0.22614008  0.24283117  0.23443901  0.22614008  0.18597434  0.20981376  0.20981376  0.19383660  0.19383660  0.23443901  0.26858851  0.23443901  0.23443901  0.24283117  0.24283117  0.23443901  0.23443901  0.31359481  0.25131866  0.23443901  0.22614008  0.20981376  0.20178247  0.20178247  0.26858851  0.23443901  0.24283117  0.24283117  0.26858851  0.26858851  0.25990369  0.24283117  0.24283117  0.27737548  0.24283117  0.22614008  0.22614008  0.23443901  0.25990369  0.23443901  0.24283117  0.22614008  0.23443901  0.23443901  0.23443901  0.25990369  0.25131866  0.20178247  0.22614008  0.25131866  0.20981376  0.29526568  0.24283117  0.26858851  0.22614008  0.25990369  0.24283117  0.24283117  0.26858851  0.25131866  0.23443901  0.21793232  0.25131866  0.22614008  0.25131866  0.24283117  0.23443901  0.24283117  0.24283117  0.25990369  0.23443901  0.25131866  0.22614008  0.22614008  0.23443901  0.23443901  0.23443901  0.24283117  0.24283117  0.23443901  0.23443901  0.27737548  0.26858851  0.26858851  0.24283117  0.24283117  0.25990369  0.25990369  0.28626703  0.29526568  0.27737548  0.29526568  0.27737548  0.28626703  0.29526568  0.27737548  0.25131866  0.25131866  0.25131866  0.25131866  0.25131866  0.27737548  0.24283117  0.23443901  0.22614008  0.22614008  
68_8_0     0.26858851  0.23443901  0.22614008  0.23443901  0.13314016  0.09064947  0.09756555  0.02479725  0.04395071  0.01229575  0.01229575  0.00000000  0.01852035  0.05699804  0.24283117  0.20981376  0.24283117  0.25990369  0.17049379  0.17819397  0.17049379  0.17049379  0.17049379  0.19383660  0.18597434  0.19383660  0.19383660  0.18597434  0.17819397  0.17819397  0.17819397  0.18597434  0.20178247  0.20178247  0.19383660  0.18597434  0.27737548  0.24283117  0.25990369  0.25131866  0.25131866  0.25131866  0.23443901  0.25990369  0.25990369  0.26858851  0.25990369  0.25131866  0.19383660  0.20178247  0.24283117  0.30437403  0.27737548  0.30437403  0.23443901  0.22614008  0.21793232  0.25131866  0.25990369  0.26858851  0.25131866  0.19383660  0.19383660  0.22614008  0.20981376  0.20178247  0.18597434  0.22614008  0.24283117  0.23443901  0.22614008  0.18597434  0.20981376  0.20981376  0.19383660  0.19383660  0.23443901  0.26858851  0.23443901  0.23443901  0.24283117  0.24283117  0.23443901  0.25131866  0.32293081  0.26858851  0.25131866  0.23443901  0.22614008  0.21793232  0.21793232  0.25990369  0.22614008  0.23443901  0.24283117  0.26858851  0.26858851  0.25990369  0.24283117  0.24283117  0.27737548  0.24283117  0.22614008  0.22614008  0.23443901  0.25990369  0.23443901  0.24283117  0.22614008  0.23443901  0.25131866  0.23443901  0.25990369  0.25131866  0.21793232  0.24283117  0.26858851  0.22614008  0.29526568  0.25990369  0.28626703  0.24283117  0.27737548  0.25990369  0.25990369  0.28626703  0.26858851  0.23443901  0.23443901  0.26858851  0.24283117  0.25131866  0.24283117  0.23443901  0.24283117  0.24283117  0.25990369  0.23443901  0.24283117  0.22614008  0.22614008  0.23443901  0.23443901  0.23443901  0.25990369  0.23443901  0.22614008  0.25131866  0.29526568  0.28626703  0.28626703  0.25131866  0.25131866  0.26858851  0.26858851  0.27737548  0.28626703  0.26858851  0.30437403  0.28626703  0.29526568  0.28626703  0.28626703  0.24283117  0.24283117  0.25990369  0.25990369  0.25990369  0.28626703  0.25131866  0.24283117  0.23443901  0.23443901  
89_8_0     0.24283117  0.20981376  0.20178247  0.20981376  0.11159278  0.08379683  0.09064947  0.01852035  0.03751151  0.00612258  0.00612258  0.01852035  0.00000000  0.05044590  0.25990369  0.20981376  0.24283117  0.24283117  0.18597434  0.19383660  0.18597434  0.18597434  0.18597434  0.20981376  0.18597434  0.19383660  0.18597434  0.17819397  0.17049379  0.17049379  0.17049379  0.17819397  0.19383660  0.19383660  0.18597434  0.17819397  0.26858851  0.23443901  0.25131866  0.24283117  0.24283117  0.22614008  0.22614008  0.25131866  0.25131866  0.25990369  0.25131866  0.24283117  0.17819397  0.18597434  0.25131866  0.29526568  0.28626703  0.29526568  0.22614008  0.23443901  0.20981376  0.23443901  0.24283117  0.25131866  0.23443901  0.17049379  0.17049379  0.21793232  0.21793232  0.20981376  0.20981376  0.21793232  0.23443901  0.22614008  0.21793232  0.17819397  0.20178247  0.20178247  0.18597434  0.18597434  0.22614008  0.25990369  0.22614008  0.22614008  0.23443901  0.23443901  0.22614008  0.22614008  0.30437403  0.24283117  0.22614008  0.21793232  0.20178247  0.19383660  0.19383660  0.25990369  0.22614008  0.23443901  0.23443901  0.25990369  0.25990369  0.25131866  0.23443901  0.23443901  0.26858851  0.23443901  0.21793232  0.21793232  0.22614008  0.25131866  0.22614008  0.23443901  0.21793232  0.22614008  0.22614008  0.22614008  0.25131866  0.24283117  0.19383660  0.21793232  0.24283117  0.20178247  0.30437403  0.25131866  0.27737548  0.23443901  0.26858851  0.25131866  0.25131866  0.27737548  0.25990369  0.24283117  0.22614008  0.24283117  0.23443901  0.25990369  0.25131866  0.22614008  0.25131866  0.25131866  0.26858851  0.24283117  0.25990369  0.23443901  0.23443901  0.24283117  0.24283117  0.24283117  0.25131866  0.25131866  0.24283117  0.23443901  0.27737548  0.26858851  0.26858851  0.24283117  0.24283117  0.25990369  0.25131866  0.27737548  0.28626703  0.26858851  0.28626703  0.26858851  0.27737548  0.28626703  0.26858851  0.25990369  0.25990369  0.24283117  0.24283117  0.24283117  0.26858851  0.23443901  0.22614008  0.21793232  0.21793232  
65_8_0     0.27737548  0.25131866  0.24283117  0.25131866  0.15532750  0.11870641  0.12588843  0.05699804  0.07700648  0.04395071  0.04395071  0.05699804  0.05044590  0.00000000  0.25131866  0.18597434  0.20178247  0.21793232  0.19383660  0.20178247  0.19383660  0.19383660  0.17819397  0.21793232  0.19383660  0.20178247  0.23443901  0.22614008  0.21793232  0.21793232  0.21793232  0.22614008  0.19383660  0.20981376  0.20178247  0.19383660  0.25131866  0.21793232  0.20178247  0.20981376  0.20981376  0.20981376  0.19383660  0.21793232  0.21793232  0.22614008  0.21793232  0.20981376  0.20178247  0.20981376  0.28626703  0.31359481  0.28626703  0.31359481  0.23443901  0.25990369  0.24283117  0.23443901  0.24283117  0.25131866  0.23443901  0.20178247  0.20178247  0.25131866  0.25990369  0.25131866  0.23443901  0.26858851  0.28626703  0.27737548  0.26858851  0.22614008  0.25131866  0.25131866  0.23443901  0.23443901  0.25131866  0.28626703  0.25131866  0.25131866  0.24283117  0.25131866  0.24283117  0.25990369  0.31359481  0.27737548  0.27737548  0.25131866  0.25131866  0.24283117  0.24283117  0.29526568  0.25990369  0.26858851  0.25990369  0.28626703  0.28626703  0.25990369  0.24283117  0.24283117  0.29526568  0.25990369  0.24283117  0.24283117  0.25131866  0.27737548  0.25131866  0.25990369  0.25131866  0.25131866  0.25131866  0.25131866  0.25990369  0.25131866  0.24283117  0.26858851  0.27737548  0.23443901  0.33238495  0.28626703  0.31359481  0.26858851  0.32293081  0.30437403  0.30437403  0.33238495  0.31359481  0.27737548  0.25990369  0.29526568  0.28626703  0.27737548  0.26858851  0.25990369  0.28626703  0.26858851  0.30437403  0.25990369  0.26858851  0.25990369  0.25990369  0.26858851  0.26858851  0.26858851  0.25990369  0.27737548  0.26858851  0.24283117  0.28626703  0.27737548  0.27737548  0.28626703  0.28626703  0.30437403  0.30437403  0.29526568  0.30437403  0.30437403  0.34196026  0.32293081  0.31359481  0.32293081  0.30437403  0.27737548  0.27737548  0.29526568  0.29526568  0.29526568  0.30437403  0.28626703  0.27737548  0.26858851  0.26858851  
31_0_0     0.35165989  0.35165989  0.35165989  0.36148711  0.29526568  0.25990369  0.26858851  0.25131866  0.26858851  0.25131866  0.25131866  0.24283117  0.25990369  0.25131866  0.00000000  0.12588843  0.17049379  0.18597434  0.14046297  0.16287216  0.16287216  0.16287216  0.15532750  0.16287216  0.15532750  0.15532750  0.31359481  0.28626703  0.27737548  0.27737548  0.27737548  0.26858851  0.33238495  0.30437403  0.30437403  0.31359481  0.30437403  0.28626703  0.25990369  0.28626703  0.28626703  0.29526568  0.26858851  0.29526568  0.29526568  0.32293081  0.31359481  0.29526568  0.30437403  0.32293081  0.26858851  0.31359481  0.30437403  0.34196026  0.34196026  0.30437403  0.29526568  0.22614008  0.22614008  0.25131866  0.22614008  0.27737548  0.27737548  0.30437403  0.28626703  0.27737548  0.27737548  0.30437403  0.35165989  0.32293081  0.31359481  0.30437403  0.33238495  0.31359481  0.29526568  0.29526568  0.34196026  0.38153806  0.35165989  0.35165989  0.35165989  0.29526568  0.28626703  0.30437403  0.36148711  0.34196026  0.34196026  0.33238495  0.32293081  0.31359481  0.31359481  0.29526568  0.25990369  0.26858851  0.30437403  0.35165989  0.35165989  0.30437403  0.29526568  0.29526568  0.32293081  0.29526568  0.29526568  0.29526568  0.28626703  0.31359481  0.28626703  0.31359481  0.30437403  0.30437403  0.30437403  0.28626703  0.31359481  0.32293081  0.27737548  0.27737548  0.30437403  0.33238495  0.26858851  0.28626703  0.31359481  0.28626703  0.32293081  0.30437403  0.30437403  0.29526568  0.31359481  0.29526568  0.29526568  0.32293081  0.29526568  0.30437403  0.29526568  0.31359481  0.29526568  0.30437403  0.31359481  0.31359481  0.28626703  0.28626703  0.28626703  0.29526568  0.29526568  0.29526568  0.31359481  0.29526568  0.28626703  0.29526568  0.28626703  0.28626703  0.28626703  0.32293081  0.32293081  0.34196026  0.27737548  0.25990369  0.26858851  0.26858851  0.34196026  0.32293081  0.35165989  0.34196026  0.34196026  0.28626703  0.28626703  0.28626703  0.26858851  0.26858851  0.28626703  0.25990369  0.25131866  0.24283117  0.24283117  
93_0_0     0.29526568  0.30437403  0.30437403  0.31359481  0.25990369  0.22614008  0.23443901  0.20178247  0.23443901  0.20178247  0.20178247  0.20981376  0.20981376  0.18597434  0.12588843  0.00000000  0.05044590  0.06360816  0.09756555  0.11870641  0.13314016  0.13314016  0.12588843  0.13314016  0.09756555  0.10454624  0.22614008  0.21793232  0.20981376  0.20981376  0.20981376  0.21793232  0.22614008  0.22614008  0.20178247  0.20981376  0.19383660  0.19383660  0.17049379  0.17819397  0.17819397  0.17049379  0.16287216  0.18597434  0.18597434  0.20178247  0.19383660  0.18597434  0.23443901  0.24283117  0.22614008  0.26858851  0.25131866  0.25990369  0.28626703  0.20981376  0.23443901  0.16287216  0.14785827  0.18597434  0.16287216  0.21793232  0.21793232  0.25990369  0.23443901  0.22614008  0.21793232  0.24283117  0.29526568  0.28626703  0.25990369  0.23443901  0.24283117  0.23443901  0.22614008  0.22614008  0.32293081  0.35165989  0.27737548  0.27737548  0.28626703  0.24283117  0.23443901  0.23443901  0.28626703  0.29526568  0.29526568  0.28626703  0.26858851  0.25990369  0.26858851  0.23443901  0.24283117  0.25131866  0.25990369  0.30437403  0.30437403  0.24283117  0.24283117  0.24283117  0.27737548  0.23443901  0.21793232  0.21793232  0.24283117  0.25990369  0.24283117  0.25990369  0.25131866  0.25131866  0.25990369  0.24283117  0.26858851  0.27737548  0.21793232  0.21793232  0.26858851  0.24283117  0.28626703  0.26858851  0.29526568  0.26858851  0.26858851  0.26858851  0.26858851  0.27737548  0.25990369  0.27737548  0.25990369  0.28626703  0.25131866  0.27737548  0.26858851  0.26858851  0.26858851  0.25990369  0.28626703  0.26858851  0.24283117  0.25990369  0.25990369  0.25131866  0.25131866  0.25131866  0.25131866  0.25131866  0.24283117  0.24283117  0.25131866  0.22614008  0.22614008  0.24283117  0.24283117  0.25990369  0.25990369  0.25990369  0.26858851  0.26858851  0.26858851  0.25131866  0.23443901  0.24283117  0.22614008  0.25131866  0.25131866  0.25131866  0.25131866  0.25131866  0.25990369  0.23443901  0.23443901  0.22614008  0.22614008  
99_0_0     0.32293081  0.33238495  0.33238495  0.34196026  0.29526568  0.25990369  0.26858851  0.23443901  0.25990369  0.23443901  0.23443901  0.24283117  0.24283117  0.20178247  0.17049379  0.05044590  0.00000000  0.01229575  0.13314016  0.15532750  0.17049379  0.17049379  0.16287216  0.17049379  0.14046297  0.14785827  0.25990369  0.25990369  0.25131866  0.25131866  0.25131866  0.25990369  0.25131866  0.26858851  0.22614008  0.23443901  0.20981376  0.20981376  0.18597434  0.19383660  0.19383660  0.20178247  0.17819397  0.20178247  0.20178247  0.21793232  0.20981376  0.20981376  0.25131866  0.24283117  0.28626703  0.27737548  0.25990369  0.28626703  0.31359481  0.26858851  0.27737548  0.20178247  0.18597434  0.22614008  0.21793232  0.25131866  0.25131866  0.28626703  0.26858851  0.25990369  0.25131866  0.28626703  0.32293081  0.31359481  0.30437403  0.27737548  0.28626703  0.27737548  0.28626703  0.28626703  0.35165989  0.38153806  0.30437403  0.30437403  0.29526568  0.28626703  0.27737548  0.27737548  0.33238495  0.35165989  0.34196026  0.33238495  0.31359481  0.30437403  0.31359481  0.25990369  0.26858851  0.27737548  0.28626703  0.33238495  0.33238495  0.26858851  0.26858851  0.26858851  0.29526568  0.25990369  0.24283117  0.24283117  0.26858851  0.28626703  0.26858851  0.28626703  0.27737548  0.27737548  0.28626703  0.26858851  0.27737548  0.28626703  0.25990369  0.25131866  0.30437403  0.27737548  0.30437403  0.28626703  0.33238495  0.30437403  0.32293081  0.32293081  0.32293081  0.33238495  0.31359481  0.29526568  0.27737548  0.30437403  0.30437403  0.28626703  0.27737548  0.29526568  0.29526568  0.28626703  0.31359481  0.27737548  0.25131866  0.27737548  0.27737548  0.26858851  0.26858851  0.26858851  0.26858851  0.26858851  0.25990369  0.26858851  0.27737548  0.25131866  0.25131866  0.26858851  0.26858851  0.28626703  0.28626703  0.28626703  0.29526568  0.29526568  0.31359481  0.29526568  0.24283117  0.25131866  0.25131866  0.25990369  0.25990369  0.29526568  0.27737548  0.27737548  0.26858851  0.25990369  0.27737548  0.26858851  0.26858851  
46_0_0     0.32293081  0.31359481  0.31359481  0.32293081  0.29526568  0.24283117  0.25131866  0.25131866  0.27737548  0.25131866  0.25131866  0.25990369  0.24283117  0.21793232  0.18597434  0.06360816  0.01229575  0.00000000  0.14785827  0.17049379  0.18597434  0.18597434  0.17819397  0.17049379  0.15532750  0.16287216  0.26858851  0.25990369  0.25131866  0.25131866  0.25131866  0.25990369  0.26858851  0.26858851  0.24283117  0.25131866  0.20981376  0.22614008  0.20178247  0.20981376  0.20981376  0.20178247  0.19383660  0.21793232  0.21793232  0.23443901  0.22614008  0.22614008  0.25990369  0.25131866  0.30437403  0.25990369  0.25990369  0.26858851  0.33238495  0.26858851  0.27737548  0.20178247  0.18597434  0.20981376  0.20178247  0.25131866  0.25131866  0.30437403  0.26858851  0.25990369  0.26858851  0.28626703  0.31359481  0.30437403  0.29526568  0.25990369  0.26858851  0.25990369  0.26858851  0.26858851  0.35165989  0.38153806  0.28626703  0.28626703  0.27737548  0.28626703  0.27737548  0.27737548  0.33238495  0.35165989  0.34196026  0.33238495  0.31359481  0.30437403  0.31359481  0.25990369  0.26858851  0.27737548  0.28626703  0.33238495  0.33238495  0.26858851  0.26858851  0.26858851  0.29526568  0.25990369  0.24283117  0.24283117  0.26858851  0.26858851  0.26858851  0.28626703  0.27737548  0.27737548  0.28626703  0.26858851  0.27737548  0.28626703  0.24283117  0.23443901  0.28626703  0.25990369  0.32293081  0.30437403  0.35165989  0.32293081  0.34196026  0.34196026  0.34196026  0.35165989  0.33238495  0.31359481  0.29526568  0.30437403  0.32293081  0.28626703  0.27737548  0.27737548  0.29526568  0.28626703  0.31359481  0.27737548  0.25131866  0.29526568  0.29526568  0.28626703  0.28626703  0.28626703  0.28626703  0.28626703  0.27737548  0.27737548  0.28626703  0.25990369  0.25990369  0.27737548  0.27737548  0.29526568  0.27737548  0.27737548  0.28626703  0.28626703  0.30437403  0.28626703  0.23443901  0.24283117  0.24283117  0.26858851  0.26858851  0.28626703  0.26858851  0.26858851  0.25990369  0.25131866  0.26858851  0.25990369  0.25990369  
89_0_0     0.26858851  0.30437403  0.30437403  0.31359481  0.23443901  0.17819397  0.18597434  0.17819397  0.19383660  0.17819397  0.17819397  0.17049379  0.18597434  0.19383660  0.14046297  0.09756555  0.13314016  0.14785827  0.00000000  0.03112734  0.03112734  0.03112734  0.02479725  0.05699804  0.05044590  0.05044590  0.20981376  0.17819397  0.17049379  0.17049379  0.17049379  0.17819397  0.21793232  0.20178247  0.18597434  0.19383660  0.22614008  0.19383660  0.20981376  0.20981376  0.20981376  0.21793232  0.19383660  0.21793232  0.21793232  0.22614008  0.21793232  0.21793232  0.23443901  0.24283117  0.21793232  0.27737548  0.26858851  0.25990369  0.28626703  0.24283117  0.23443901  0.20178247  0.20178247  0.22614008  0.20981376  0.19383660  0.19383660  0.21793232  0.21793232  0.20981376  0.22614008  0.19383660  0.26858851  0.22614008  0.24283117  0.20981376  0.21793232  0.20178247  0.20981376  0.20981376  0.26858851  0.28626703  0.24283117  0.24283117  0.22614008  0.21793232  0.20981376  0.22614008  0.31359481  0.25990369  0.27737548  0.24283117  0.25131866  0.24283117  0.25990369  0.20981376  0.21793232  0.22614008  0.24283117  0.28626703  0.28626703  0.22614008  0.22614008  0.22614008  0.27737548  0.21793232  0.20178247  0.20178247  0.22614008  0.23443901  0.22614008  0.23443901  0.23443901  0.23443901  0.25990369  0.22614008  0.25131866  0.25131866  0.21793232  0.23443901  0.25131866  0.25131866  0.21793232  0.21793232  0.24283117  0.21793232  0.25131866  0.25131866  0.25131866  0.24283117  0.24283117  0.22614008  0.22614008  0.27737548  0.26858851  0.22614008  0.21793232  0.23443901  0.21793232  0.22614008  0.23443901  0.23443901  0.21793232  0.22614008  0.22614008  0.21793232  0.21793232  0.21793232  0.23443901  0.21793232  0.20981376  0.25131866  0.27737548  0.25990369  0.25990369  0.24283117  0.24283117  0.25990369  0.23443901  0.21793232  0.22614008  0.20981376  0.25990369  0.24283117  0.24283117  0.23443901  0.23443901  0.20981376  0.20981376  0.20981376  0.22614008  0.22614008  0.24283117  0.21793232  0.19383660  0.18597434  0.18597434  
