20
3_0_0      0.00000000  0.01186070  0.01786424  0.07424499  0.66286724  0.67762317  0.58010458  0.70806279  0.69268406  0.69268406  0.73982948  0.62031166  0.63422256  0.54200028  0.51766111  0.51766111  0.51766111  0.50578972  0.50578972  0.48261179  
2_0_0      0.01186070  0.00000000  0.01786424  0.07424499  0.64840417  0.66286724  0.56718050  0.69268406  0.67762317  0.67762317  0.72377306  0.63422256  0.64840417  0.55448165  0.52972909  0.52972909  0.52972909  0.49410862  0.49410862  0.47129353  
1_0_0      0.01786424  0.01786424  0.00000000  0.06776069  0.66286724  0.67762317  0.60666133  0.70806279  0.72377306  0.72377306  0.73982948  0.62031166  0.63422256  0.54200028  0.51766111  0.51766111  0.51766111  0.50578972  0.50578972  0.48261179  
15_0_0     0.07424499  0.07424499  0.06776069  0.00000000  0.62031166  0.63422256  0.58010458  0.62031166  0.63422256  0.63422256  0.69268406  0.63422256  0.64840417  0.52972909  0.50578972  0.50578972  0.50578972  0.47129353  0.49410862  0.44917109  
14_0_0     0.66286724  0.64840417  0.66286724  0.62031166  0.00000000  0.14966158  0.36684156  0.66286724  0.67762317  0.67762317  0.59326199  0.46014837  0.44917109  0.43835670  0.47129353  0.44917109  0.44917109  0.46014837  0.46014837  0.47129353  
6_0_0      0.67762317  0.66286724  0.67762317  0.63422256  0.14966158  0.00000000  0.41719778  0.69268406  0.70806279  0.70806279  0.70806279  0.54200028  0.52972909  0.50578972  0.50578972  0.50578972  0.50578972  0.51766111  0.52972909  0.50578972  
16_0_0     0.58010458  0.56718050  0.60666133  0.58010458  0.36684156  0.41719778  0.00000000  0.60666133  0.59326199  0.59326199  0.67762317  0.54200028  0.50578972  0.46014837  0.44917109  0.42770046  0.42770046  0.46014837  0.46014837  0.46014837  
7_0_0      0.70806279  0.69268406  0.70806279  0.62031166  0.66286724  0.69268406  0.60666133  0.00000000  0.00590622  0.00590622  0.29287606  0.64840417  0.63422256  0.54200028  0.54200028  0.54200028  0.54200028  0.52972909  0.55448165  0.50578972  
9_0_0      0.69268406  0.67762317  0.72377306  0.63422256  0.67762317  0.70806279  0.59326199  0.00590622  0.00000000  0.00000000  0.28413670  0.63422256  0.62031166  0.52972909  0.52972909  0.52972909  0.52972909  0.54200028  0.56718050  0.51766111  
13_0_0     0.69268406  0.67762317  0.72377306  0.63422256  0.67762317  0.70806279  0.59326199  0.00590622  0.00000000  0.00000000  0.28413670  0.63422256  0.62031166  0.52972909  0.52972909  0.52972909  0.52972909  0.54200028  0.56718050  0.51766111  
19_0_0     0.73982948  0.72377306  0.73982948  0.69268406  0.59326199  0.70806279  0.67762317  0.29287606  0.28413670  0.28413670  0.00000000  0.62031166  0.60666133  0.49410862  0.50578972  0.50578972  0.50578972  0.60666133  0.60666133  0.60666133  
11_0_0     0.62031166  0.63422256  0.62031166  0.63422256  0.46014837  0.54200028  0.54200028  0.64840417  0.63422256  0.63422256  0.62031166  0.00000000  0.03002174  0.15692099  0.14247378  0.14247378  0.14247378  0.44917109  0.44917109  0.46014837  
17_0_0     0.63422256  0.64840417  0.63422256  0.64840417  0.44917109  0.52972909  0.50578972  0.63422256  0.62031166  0.62031166  0.60666133  0.03002174  0.00000000  0.13535618  0.13535618  0.13535618  0.13535618  0.47129353  0.47129353  0.48261179  
5_0_0      0.54200028  0.55448165  0.54200028  0.52972909  0.43835670  0.50578972  0.46014837  0.54200028  0.52972909  0.52972909  0.49410862  0.15692099  0.13535618  0.00000000  0.05496266  0.04238551  0.04238551  0.41719778  0.43835670  0.44917109  
10_0_0     0.51766111  0.52972909  0.51766111  0.50578972  0.47129353  0.50578972  0.44917109  0.54200028  0.52972909  0.52972909  0.50578972  0.14247378  0.13535618  0.05496266  0.00000000  0.01186070  0.01186070  0.38656850  0.40684433  0.39663590  
12_0_0     0.51766111  0.52972909  0.51766111  0.50578972  0.44917109  0.50578972  0.42770046  0.54200028  0.52972909  0.52972909  0.50578972  0.14247378  0.13535618  0.04238551  0.01186070  0.00000000  0.00000000  0.36684156  0.38656850  0.39663590  
4_0_0      0.51766111  0.52972909  0.51766111  0.50578972  0.44917109  0.50578972  0.42770046  0.54200028  0.52972909  0.52972909  0.50578972  0.14247378  0.13535618  0.04238551  0.01186070  0.00000000  0.00000000  0.36684156  0.38656850  0.39663590  
8_0_0      0.50578972  0.49410862  0.50578972  0.47129353  0.46014837  0.51766111  0.46014837  0.52972909  0.54200028  0.54200028  0.60666133  0.44917109  0.47129353  0.41719778  0.38656850  0.36684156  0.36684156  0.00000000  0.01186070  0.02391764  
18_0_0     0.50578972  0.49410862  0.50578972  0.49410862  0.46014837  0.52972909  0.46014837  0.55448165  0.56718050  0.56718050  0.60666133  0.44917109  0.47129353  0.43835670  0.40684433  0.38656850  0.38656850  0.01186070  0.00000000  0.03617741  
20_0_0     0.48261179  0.47129353  0.48261179  0.44917109  0.47129353  0.50578972  0.46014837  0.50578972  0.51766111  0.51766111  0.60666133  0.46014837  0.48261179  0.44917109  0.39663590  0.39663590  0.39663590  0.02391764  0.03617741  0.00000000  

