20
3_0_0      0.00000000  0.01190555  0.03031379  0.10251813  0.54073108  0.63434382  0.61809595  0.63092925  0.63092925  0.63092925  0.61809595  0.79188238  0.84480682  0.77565358  0.85513699  0.85513699  0.82721255  0.57349321  0.60807923  0.55705915  
2_0_0      0.01190555  0.00000000  0.03031379  0.08852752  0.54073108  0.67081621  0.61809595  0.61333991  0.61333991  0.61333991  0.60081064  0.79188238  0.84480682  0.77565358  0.85513699  0.85513699  0.82721255  0.57349321  0.57349321  0.55705915  
1_0_0      0.03031379  0.03031379  0.00000000  0.08167656  0.54073108  0.67081621  0.58410387  0.64916104  0.64916104  0.64916104  0.63600129  0.74403485  0.79188238  0.72892470  0.80076773  0.80076773  0.77565358  0.57349321  0.57349321  0.55705915  
15_0_0     0.10251813  0.08852752  0.08167656  0.00000000  0.61036242  0.75188479  0.58848907  0.69392661  0.69392661  0.69392661  0.58848907  0.72892470  0.77565358  0.67989804  0.70037488  0.70037488  0.67989804  0.49984927  0.49984927  0.49984927  
14_0_0     0.54073108  0.54073108  0.54073108  0.61036242  0.00000000  0.23470883  0.41146361  0.46124765  0.46124765  0.46124765  0.42499535  0.67228997  0.71412260  0.72892470  0.70710434  0.70710434  0.72892470  0.38951293  0.40187865  0.40187865  
6_0_0      0.63434382  0.67081621  0.67081621  0.75188479  0.23470883  0.00000000  0.42791718  0.78337549  0.78337549  0.78337549  0.74403485  0.71016478  0.75288231  0.79173687  0.79173687  0.79173687  0.81622761  0.56159979  0.59559770  0.54543143  
16_0_0     0.61809595  0.61809595  0.58410387  0.58848907  0.41146361  0.42791718  0.00000000  0.56887180  0.56887180  0.56887180  0.57349321  0.44684335  0.47286209  0.54073108  0.54073108  0.54073108  0.52577578  0.48592164  0.50065950  0.45769028  
7_0_0      0.63092925  0.61333991  0.64916104  0.69392661  0.46124765  0.78337549  0.56887180  0.00000000  0.00000000  0.00000000  0.12570822  0.70037488  0.70037488  0.61809595  0.60081064  0.60081064  0.61809595  0.46800811  0.45428360  0.41523844  
9_0_0      0.63092925  0.61333991  0.64916104  0.69392661  0.46124765  0.78337549  0.56887180  0.00000000  0.00000000  0.00000000  0.12570822  0.70037488  0.70037488  0.61809595  0.60081064  0.60081064  0.61809595  0.46800811  0.45428360  0.41523844  
13_0_0     0.63092925  0.61333991  0.64916104  0.69392661  0.46124765  0.78337549  0.56887180  0.00000000  0.00000000  0.00000000  0.12570822  0.70037488  0.70037488  0.61809595  0.60081064  0.60081064  0.61809595  0.46800811  0.45428360  0.41523844  
19_0_0     0.61809595  0.60081064  0.63600129  0.58848907  0.42499535  0.74403485  0.57349321  0.12570822  0.12570822  0.12570822  0.00000000  0.70710434  0.75174258  0.72172771  0.66022813  0.66022813  0.67989804  0.48592164  0.47160642  0.43097037  
11_0_0     0.79188238  0.79188238  0.74403485  0.72892470  0.67228997  0.71016478  0.44684335  0.70037488  0.70037488  0.70037488  0.70710434  0.00000000  0.01190555  0.14700855  0.13931265  0.13931265  0.14700855  0.39610155  0.43415577  0.42114604  
17_0_0     0.84480682  0.84480682  0.79188238  0.77565358  0.71412260  0.75288231  0.47286209  0.70037488  0.70037488  0.70037488  0.75174258  0.01190555  0.00000000  0.14700855  0.13931265  0.13931265  0.14700855  0.39610155  0.43415577  0.42114604  
5_0_0      0.77565358  0.77565358  0.72892470  0.67989804  0.72892470  0.79173687  0.54073108  0.61809595  0.61809595  0.61809595  0.72172771  0.14700855  0.14700855  0.00000000  0.03031379  0.03031379  0.03660387  0.33644292  0.34732530  0.31536497  
10_0_0     0.85513699  0.85513699  0.80076773  0.70037488  0.70710434  0.79173687  0.54073108  0.60081064  0.60081064  0.60081064  0.66022813  0.13931265  0.13931265  0.03031379  0.00000000  0.00000000  0.00591728  0.32579271  0.33644292  0.32579271  
12_0_0     0.85513699  0.85513699  0.80076773  0.70037488  0.70710434  0.79173687  0.54073108  0.60081064  0.60081064  0.60081064  0.66022813  0.13931265  0.13931265  0.03031379  0.00000000  0.00000000  0.00591728  0.32579271  0.33644292  0.32579271  
4_0_0      0.82721255  0.82721255  0.77565358  0.67989804  0.72892470  0.81622761  0.52577578  0.61809595  0.61809595  0.61809595  0.67989804  0.14700855  0.14700855  0.03660387  0.00591728  0.00591728  0.00000000  0.33644292  0.34732530  0.33644292  
8_0_0      0.57349321  0.57349321  0.57349321  0.49984927  0.38951293  0.56159979  0.48592164  0.46800811  0.46800811  0.46800811  0.48592164  0.39610155  0.39610155  0.33644292  0.32579271  0.32579271  0.33644292  0.00000000  0.01796652  0.05596410  
18_0_0     0.60807923  0.57349321  0.57349321  0.49984927  0.40187865  0.59559770  0.50065950  0.45428360  0.45428360  0.45428360  0.47160642  0.43415577  0.43415577  0.34732530  0.33644292  0.33644292  0.34732530  0.01796652  0.00000000  0.04942691  
20_0_0     0.55705915  0.55705915  0.55705915  0.49984927  0.40187865  0.54543143  0.45769028  0.41523844  0.41523844  0.41523844  0.43097037  0.42114604  0.42114604  0.31536497  0.32579271  0.32579271  0.33644292  0.05596410  0.04942691  0.00000000  

