family_018 : 0.117647
family_054 : 0.176471
family_070 : 0.235294
family_083 : 0.235294
family_025 : 0.294118
