fastme.f81 : 0.32472801208496094
ba.exp : 2.637275457382202
pipeline_ne121873 : 12.375576496124268
raxml.f81 : 25.173330783843994
generax-spr-undateddtl-r5.f81 : 33.20435547828674
