raxml.f81 : 0.025173425674438477
fastme.f81 : 0.3293416500091553
ba.exp : 0.8781960010528564
pipeline_ne121873 : 2.8444759845733643
generax-spr-undateddtl-r5.f81 : 33.20435547828674
