fastme.f81 : 0.25933633410716056
ba.exp : 2.5704331943633556
raxml.f81 : 25.108490907137394
generax-spr-undateddtl-r5.f81 : 33.20452904701233
