raxml.f81 : 0.01008450293445587
fastme.f81 : 0.2640337016658783
ba.exp : 0.8121491989097596
generax-spr-undateddtl-r5.f81 : 33.20452904701233
