187
20_1_0     0.00000000  0.00578630  0.03240097  0.03240097  0.02045363  0.12192775  0.11516022  0.18580044  0.17476384  0.31069437  0.31069437  0.31952630  0.28906600  0.29334128  0.32398220  0.41926152  0.42436414  0.35595003  0.44513475  0.45574337  0.44513475  0.39426438  0.39426438  0.40416191  0.40416191  0.44513475  0.44513475  0.40916088  0.40416191  0.41926152  0.43467641  0.43467641  0.39919656  0.41926152  0.41926152  0.41419393  0.41926152  0.42950227  0.42436414  0.42436414  0.41419393  0.41419393  0.39919656  0.43467641  0.43467641  0.45574337  0.40416191  0.39919656  0.42950227  0.38936493  0.42950227  0.41419393  0.40916088  0.40916088  0.40916088  0.39426438  0.46110540  0.44513475  0.40416191  0.40416191  0.40416191  0.39919656  0.39919656  0.40416191  0.39426438  0.42436414  0.38936493  0.40416191  0.40916088  0.41419393  0.39919656  0.41419393  0.42436414  0.43988706  0.43988706  0.39426438  0.42436414  0.42950227  0.41926152  0.41926152  0.43467641  0.43988706  0.42950227  0.43988706  0.42436414  0.43467641  0.43467641  0.41926152  0.42436414  0.43467641  0.43467641  0.46110540  0.42436414  0.41926152  0.44513475  0.42436414  0.38936493  0.40916088  0.39919656  0.42436414  0.41926152  0.38936493  0.38936493  0.38936493  0.38449778  0.37485870  0.38449778  0.39426438  0.38449778  0.41419393  0.42950227  0.41926152  0.39919656  0.37485870  0.37966251  0.38449778  0.38449778  0.41419393  0.40916088  0.40916088  0.39426438  0.40416191  0.39426438  0.38936493  0.38449778  0.38449778  0.40416191  0.40416191  0.39919656  0.39426438  0.38449778  0.38449778  0.40916088  0.40916088  0.39919656  0.38449778  0.38936493  0.39426438  0.39426438  0.35595003  0.36534383  0.38449778  0.40916088  0.37966251  0.41419393  0.42436414  0.40416191  0.44513475  0.43467641  0.43467641  0.45042001  0.39426438  0.37008594  0.37485870  0.37008594  0.38936493  0.39426438  0.37966251  0.40416191  0.38936493  0.41419393  0.39919656  0.39919656  0.39919656  0.38936493  0.36534383  0.38449778  0.38449778  0.39919656  0.43467641  0.41926152  0.41419393  0.44513475  0.45574337  0.43988706  0.44513475  0.39919656  0.38936493  0.42950227  0.37008594  0.37008594  0.35129758  0.36063199  0.36063199  0.40416191  0.38449778  0.39919656  
16_1_0     0.00578630  0.00000000  0.02640313  0.02640313  0.01455169  0.11516022  0.10845416  0.17842441  0.17476384  0.30196684  0.30196684  0.31069437  0.28058899  0.28481533  0.31509713  0.40916088  0.41419393  0.34667426  0.43467641  0.44513475  0.43467641  0.38449778  0.38449778  0.39426438  0.39426438  0.43467641  0.43467641  0.39919656  0.39426438  0.40916088  0.42436414  0.42436414  0.38936493  0.40916088  0.40916088  0.40416191  0.40916088  0.42950227  0.41419393  0.41419393  0.40416191  0.40416191  0.38936493  0.43467641  0.42436414  0.44513475  0.39426438  0.38936493  0.41926152  0.37966251  0.41926152  0.40416191  0.40916088  0.40916088  0.40916088  0.39426438  0.46110540  0.44513475  0.40416191  0.40416191  0.40416191  0.38936493  0.39919656  0.40416191  0.39426438  0.42436414  0.38936493  0.40416191  0.40916088  0.40416191  0.39919656  0.41419393  0.42436414  0.43988706  0.43988706  0.39426438  0.42436414  0.42950227  0.41926152  0.40916088  0.42436414  0.42950227  0.41926152  0.42950227  0.41419393  0.42436414  0.42436414  0.41419393  0.41926152  0.42436414  0.42436414  0.45042001  0.42436414  0.41926152  0.44513475  0.42436414  0.38936493  0.40916088  0.39919656  0.42436414  0.41926152  0.38936493  0.38936493  0.38936493  0.38449778  0.37485870  0.38449778  0.39426438  0.39426438  0.41419393  0.42950227  0.41926152  0.40916088  0.38449778  0.37966251  0.38449778  0.38449778  0.41419393  0.40916088  0.40916088  0.38449778  0.39426438  0.38449778  0.37966251  0.37485870  0.37485870  0.39426438  0.39426438  0.38936493  0.38449778  0.37485870  0.37485870  0.39919656  0.39919656  0.38936493  0.37485870  0.37966251  0.38449778  0.38449778  0.34667426  0.35595003  0.37485870  0.39919656  0.37966251  0.41419393  0.42436414  0.40416191  0.43988706  0.43467641  0.43467641  0.45042001  0.39426438  0.37008594  0.37485870  0.37008594  0.38936493  0.39426438  0.37966251  0.39426438  0.37966251  0.40416191  0.39919656  0.38936493  0.39919656  0.37966251  0.35595003  0.37485870  0.37485870  0.38936493  0.42436414  0.41926152  0.40416191  0.43467641  0.44513475  0.43467641  0.43988706  0.40416191  0.39426438  0.42436414  0.36534383  0.36534383  0.34667426  0.35595003  0.35595003  0.39919656  0.37966251  0.39426438  
20_8_0     0.03240097  0.02640313  0.00000000  0.00578630  0.04149008  0.12875789  0.12192775  0.20456951  0.20456951  0.30631771  0.30631771  0.31509713  0.27220821  0.27638671  0.31509713  0.41926152  0.43467641  0.35595003  0.43467641  0.45574337  0.44513475  0.39426438  0.38449778  0.38449778  0.39426438  0.43467641  0.44513475  0.40416191  0.39919656  0.40416191  0.41926152  0.41926152  0.39426438  0.42436414  0.42436414  0.41926152  0.42436414  0.42950227  0.42436414  0.42436414  0.42436414  0.42436414  0.39919656  0.43467641  0.42436414  0.43467641  0.41926152  0.40416191  0.42436414  0.39426438  0.42950227  0.40916088  0.41926152  0.41926152  0.42436414  0.40916088  0.46110540  0.45042001  0.41926152  0.41926152  0.41926152  0.40416191  0.41419393  0.41926152  0.40416191  0.43467641  0.39919656  0.41419393  0.41926152  0.41926152  0.41419393  0.43988706  0.45042001  0.45574337  0.45042001  0.40916088  0.43988706  0.44513475  0.43467641  0.39426438  0.40916088  0.41419393  0.41419393  0.42436414  0.39919656  0.40916088  0.40916088  0.39919656  0.40416191  0.41926152  0.41926152  0.43467641  0.43988706  0.42436414  0.43988706  0.42950227  0.38936493  0.40916088  0.40916088  0.45042001  0.44513475  0.41419393  0.41419393  0.41419393  0.39426438  0.39426438  0.39919656  0.40916088  0.40916088  0.45042001  0.42436414  0.43467641  0.44513475  0.41926152  0.40416191  0.40916088  0.40916088  0.42950227  0.43467641  0.43467641  0.38936493  0.38449778  0.37966251  0.37485870  0.37008594  0.37008594  0.38936493  0.38936493  0.38449778  0.38936493  0.37966251  0.37966251  0.40416191  0.40416191  0.39426438  0.38936493  0.39426438  0.40916088  0.41926152  0.36063199  0.37008594  0.37485870  0.39919656  0.38936493  0.42436414  0.43467641  0.42436414  0.44513475  0.43988706  0.43988706  0.46650665  0.37966251  0.36534383  0.37008594  0.36534383  0.38936493  0.40416191  0.38936493  0.41419393  0.37966251  0.40416191  0.40916088  0.39919656  0.41926152  0.37966251  0.37485870  0.38449778  0.38449778  0.38936493  0.43988706  0.42950227  0.40916088  0.45042001  0.46110540  0.42436414  0.45042001  0.40416191  0.39426438  0.42436414  0.37008594  0.37008594  0.34667426  0.35595003  0.35595003  0.39919656  0.38936493  0.41419393  
16_8_0     0.03240097  0.02640313  0.00578630  0.00000000  0.04149008  0.12875789  0.12192775  0.20456951  0.20456951  0.30631771  0.30631771  0.31509713  0.28058899  0.28481533  0.32398220  0.41926152  0.43467641  0.35595003  0.43467641  0.45574337  0.44513475  0.39426438  0.38449778  0.38449778  0.39426438  0.43467641  0.44513475  0.40416191  0.39919656  0.40416191  0.41926152  0.41926152  0.40416191  0.42436414  0.42436414  0.41926152  0.42436414  0.43988706  0.43467641  0.43467641  0.43467641  0.43467641  0.40916088  0.43467641  0.42436414  0.43467641  0.41926152  0.40416191  0.42436414  0.39426438  0.42950227  0.40916088  0.41926152  0.41926152  0.42436414  0.40916088  0.46110540  0.45042001  0.41926152  0.41926152  0.41926152  0.40416191  0.41419393  0.41926152  0.41419393  0.43467641  0.40916088  0.42436414  0.42950227  0.41926152  0.42436414  0.43988706  0.46110540  0.46650665  0.45042001  0.40916088  0.43988706  0.44513475  0.43467641  0.39426438  0.40916088  0.41419393  0.41419393  0.42436414  0.40916088  0.40916088  0.40916088  0.39919656  0.40416191  0.41926152  0.41926152  0.43467641  0.43988706  0.42436414  0.43988706  0.42950227  0.38936493  0.40916088  0.40916088  0.43988706  0.43467641  0.41419393  0.41419393  0.41419393  0.38449778  0.38449778  0.38936493  0.39919656  0.39919656  0.45042001  0.42436414  0.42436414  0.43467641  0.40916088  0.39426438  0.39919656  0.39919656  0.42950227  0.42436414  0.42436414  0.38936493  0.38449778  0.37966251  0.37485870  0.37008594  0.37008594  0.38936493  0.38936493  0.38449778  0.38936493  0.37966251  0.37966251  0.40416191  0.40416191  0.39426438  0.38936493  0.39426438  0.39919656  0.40916088  0.36063199  0.37008594  0.37485870  0.39919656  0.39919656  0.42436414  0.43467641  0.42436414  0.44513475  0.43988706  0.45042001  0.46650665  0.37966251  0.36534383  0.37008594  0.36534383  0.38936493  0.40416191  0.38936493  0.42436414  0.37966251  0.40416191  0.40916088  0.39919656  0.40916088  0.37966251  0.37485870  0.38449778  0.38449778  0.39919656  0.43988706  0.41926152  0.41926152  0.45042001  0.46110540  0.43467641  0.45042001  0.41419393  0.40416191  0.43467641  0.37966251  0.37966251  0.35595003  0.36534383  0.36534383  0.40916088  0.39919656  0.42436414  
23_1_0     0.02045363  0.01455169  0.04149008  0.04149008  0.00000000  0.10512383  0.09850791  0.18210321  0.17842441  0.30631771  0.30631771  0.29764147  0.26805323  0.28906600  0.31069437  0.39919656  0.40416191  0.34667426  0.43988706  0.43988706  0.43988706  0.38936493  0.38936493  0.39919656  0.40916088  0.43467641  0.43467641  0.39919656  0.39426438  0.40916088  0.42436414  0.42436414  0.38936493  0.41926152  0.41926152  0.41419393  0.41926152  0.43988706  0.42436414  0.42436414  0.42436414  0.42436414  0.40916088  0.44513475  0.43467641  0.46650665  0.40416191  0.39919656  0.42950227  0.38936493  0.42950227  0.41419393  0.42950227  0.42950227  0.41926152  0.40416191  0.47194771  0.45574337  0.40416191  0.40416191  0.40416191  0.38936493  0.39919656  0.40416191  0.40416191  0.43467641  0.39919656  0.40416191  0.41926152  0.40416191  0.40916088  0.42436414  0.43467641  0.45042001  0.46110540  0.40416191  0.43467641  0.43988706  0.42950227  0.41419393  0.42950227  0.43467641  0.42436414  0.43467641  0.41926152  0.42950227  0.43988706  0.41926152  0.42436414  0.42950227  0.42950227  0.45574337  0.42950227  0.42436414  0.45042001  0.41926152  0.39426438  0.40416191  0.39919656  0.42436414  0.41926152  0.39426438  0.39426438  0.39426438  0.38449778  0.37485870  0.38449778  0.39426438  0.39426438  0.42436414  0.42950227  0.41926152  0.40916088  0.38449778  0.37966251  0.38449778  0.38449778  0.42436414  0.41926152  0.41926152  0.37485870  0.39426438  0.38449778  0.37966251  0.37485870  0.37485870  0.39426438  0.39426438  0.38936493  0.38449778  0.37485870  0.37485870  0.39919656  0.39919656  0.38936493  0.37485870  0.37008594  0.37485870  0.37485870  0.35595003  0.35595003  0.38449778  0.40916088  0.39919656  0.42436414  0.43467641  0.41419393  0.45042001  0.45574337  0.44513475  0.47194771  0.40416191  0.37966251  0.38449778  0.37966251  0.38936493  0.40416191  0.38936493  0.40416191  0.38936493  0.40416191  0.39919656  0.38936493  0.39919656  0.37966251  0.35595003  0.37485870  0.37485870  0.38936493  0.42950227  0.41926152  0.40416191  0.42436414  0.44513475  0.44513475  0.43988706  0.41419393  0.40416191  0.43467641  0.37485870  0.37485870  0.36534383  0.37008594  0.37485870  0.39919656  0.37966251  0.40416191  
16_7_0     0.12192775  0.11516022  0.12875789  0.12875789  0.10512383  0.00000000  0.00578630  0.17842441  0.20838127  0.26805323  0.27638671  0.28058899  0.26805323  0.28906600  0.30196684  0.36534383  0.37966251  0.34667426  0.41419393  0.40916088  0.40416191  0.38936493  0.40416191  0.40416191  0.40416191  0.39426438  0.39426438  0.37485870  0.37008594  0.37485870  0.38936493  0.38936493  0.36534383  0.38449778  0.38449778  0.37966251  0.37485870  0.38449778  0.38936493  0.38936493  0.38936493  0.38936493  0.39426438  0.37966251  0.37008594  0.43988706  0.37966251  0.39426438  0.42436414  0.38449778  0.45042001  0.42950227  0.42436414  0.42436414  0.42436414  0.40916088  0.45042001  0.44513475  0.40416191  0.40416191  0.40416191  0.40916088  0.42950227  0.41419393  0.40416191  0.42436414  0.38936493  0.40416191  0.41926152  0.41419393  0.40916088  0.44513475  0.43467641  0.43988706  0.45042001  0.41419393  0.43467641  0.42950227  0.42950227  0.43467641  0.43988706  0.42950227  0.43467641  0.46650665  0.43988706  0.46110540  0.47194771  0.41926152  0.42436414  0.43988706  0.42950227  0.44513475  0.45574337  0.41926152  0.42436414  0.40416191  0.39919656  0.40916088  0.39426438  0.40416191  0.40916088  0.37966251  0.38936493  0.37008594  0.39426438  0.38449778  0.39426438  0.40416191  0.41926152  0.46110540  0.43988706  0.43988706  0.41419393  0.39919656  0.40416191  0.39919656  0.39919656  0.43467641  0.41926152  0.41926152  0.38936493  0.38936493  0.39919656  0.38936493  0.37966251  0.37966251  0.39919656  0.39919656  0.39426438  0.39426438  0.38936493  0.38936493  0.39426438  0.39426438  0.40416191  0.39919656  0.38449778  0.37966251  0.39919656  0.37008594  0.37966251  0.39919656  0.44513475  0.41419393  0.41419393  0.38449778  0.37485870  0.44513475  0.45042001  0.45042001  0.48851570  0.45042001  0.44513475  0.43467641  0.42436414  0.38449778  0.40916088  0.39426438  0.38936493  0.36534383  0.37008594  0.38449778  0.39426438  0.40416191  0.38449778  0.38936493  0.39919656  0.40916088  0.40416191  0.44513475  0.44513475  0.37485870  0.39426438  0.40416191  0.41926152  0.43467641  0.42950227  0.41419393  0.45574337  0.40416191  0.40416191  0.37485870  0.38936493  0.39426438  0.39426438  0.37966251  0.38449778  
20_7_0     0.11516022  0.10845416  0.12192775  0.12192775  0.09850791  0.00578630  0.00000000  0.17842441  0.20838127  0.26805323  0.27638671  0.28058899  0.26805323  0.28906600  0.31069437  0.36534383  0.37966251  0.35595003  0.41419393  0.40916088  0.40416191  0.38936493  0.39919656  0.39919656  0.39919656  0.38449778  0.38449778  0.36534383  0.36063199  0.36534383  0.37966251  0.37966251  0.35595003  0.38449778  0.38449778  0.37966251  0.38449778  0.38449778  0.39919656  0.39919656  0.39919656  0.39919656  0.39426438  0.37966251  0.37008594  0.43988706  0.37966251  0.39426438  0.42436414  0.39426438  0.46110540  0.43988706  0.43467641  0.43467641  0.43467641  0.40916088  0.45042001  0.44513475  0.40416191  0.40416191  0.40416191  0.40916088  0.42950227  0.41419393  0.40416191  0.42436414  0.38936493  0.39426438  0.40916088  0.40416191  0.40916088  0.43467641  0.42436414  0.42950227  0.43988706  0.40416191  0.42436414  0.41926152  0.41926152  0.42436414  0.42950227  0.42436414  0.42436414  0.45574337  0.42950227  0.45042001  0.46110540  0.40916088  0.41419393  0.42950227  0.41926152  0.43467641  0.45574337  0.42950227  0.43467641  0.41419393  0.40916088  0.41926152  0.39426438  0.41419393  0.41926152  0.38936493  0.38936493  0.37966251  0.39426438  0.38449778  0.39426438  0.40416191  0.42436414  0.45042001  0.43988706  0.43988706  0.41419393  0.39919656  0.40416191  0.40916088  0.40916088  0.42950227  0.42436414  0.42436414  0.38936493  0.38936493  0.39919656  0.38936493  0.37966251  0.37966251  0.39919656  0.39919656  0.39426438  0.39426438  0.38936493  0.38936493  0.40416191  0.40416191  0.41419393  0.40916088  0.39426438  0.38936493  0.40916088  0.37008594  0.37966251  0.39919656  0.43467641  0.42436414  0.41419393  0.39426438  0.38449778  0.44513475  0.46110540  0.45042001  0.47742917  0.43988706  0.43467641  0.42436414  0.41419393  0.38449778  0.40916088  0.39426438  0.39919656  0.37485870  0.37966251  0.38449778  0.40416191  0.41419393  0.39426438  0.39919656  0.40916088  0.41926152  0.41419393  0.44513475  0.43467641  0.38449778  0.40416191  0.41419393  0.41926152  0.42436414  0.41926152  0.40416191  0.44513475  0.39426438  0.39426438  0.37485870  0.38936493  0.39426438  0.40416191  0.38936493  0.38449778  
11_1_0     0.18580044  0.17842441  0.20456951  0.20456951  0.18210321  0.17842441  0.17842441  0.00000000  0.09195075  0.29764147  0.30631771  0.29764147  0.28481533  0.30631771  0.27220821  0.34667426  0.36063199  0.36534383  0.42950227  0.46650665  0.46110540  0.43467641  0.44513475  0.44513475  0.42436414  0.39426438  0.39426438  0.38449778  0.36063199  0.38449778  0.40916088  0.40916088  0.37485870  0.38449778  0.38449778  0.38936493  0.39426438  0.39426438  0.38936493  0.38936493  0.38936493  0.38936493  0.38449778  0.40916088  0.39919656  0.39919656  0.37008594  0.36534383  0.41419393  0.35595003  0.40916088  0.39919656  0.39426438  0.39426438  0.38449778  0.37485870  0.39919656  0.38449778  0.33751357  0.33751357  0.33751357  0.37008594  0.37966251  0.37485870  0.36063199  0.36534383  0.35129758  0.36534383  0.37008594  0.38449778  0.37008594  0.37008594  0.37008594  0.38449778  0.40416191  0.36534383  0.38449778  0.38936493  0.37966251  0.39426438  0.39919656  0.39919656  0.43467641  0.41926152  0.40916088  0.43467641  0.41419393  0.38936493  0.39426438  0.39919656  0.38936493  0.41419393  0.40916088  0.40416191  0.40916088  0.39919656  0.40916088  0.40916088  0.37966251  0.37485870  0.37966251  0.37008594  0.38449778  0.34667426  0.39919656  0.38449778  0.37485870  0.38936493  0.39919656  0.40416191  0.40416191  0.41926152  0.36534383  0.37008594  0.39426438  0.39919656  0.39919656  0.39426438  0.39919656  0.39919656  0.34667426  0.37485870  0.36534383  0.37485870  0.37485870  0.37485870  0.36063199  0.36063199  0.35595003  0.36534383  0.35595003  0.35595003  0.37966251  0.37966251  0.35129758  0.34667426  0.36063199  0.34207971  0.36063199  0.36063199  0.37485870  0.37008594  0.41419393  0.43467641  0.45574337  0.43988706  0.41419393  0.45574337  0.48295163  0.48851570  0.47742917  0.43988706  0.43467641  0.41926152  0.41419393  0.43988706  0.43467641  0.42436414  0.38936493  0.37966251  0.44513475  0.42950227  0.41419393  0.42436414  0.41926152  0.40916088  0.40916088  0.41926152  0.42436414  0.42436414  0.45574337  0.37485870  0.40416191  0.41419393  0.40916088  0.42950227  0.46110540  0.42950227  0.45574337  0.40916088  0.40916088  0.38936493  0.40416191  0.40916088  0.45042001  0.42436414  0.41926152  
7_1_0      0.17476384  0.17476384  0.20456951  0.20456951  0.17842441  0.20838127  0.20838127  0.09195075  0.00000000  0.31509713  0.31509713  0.29764147  0.28906600  0.31069437  0.28058899  0.38449778  0.38936493  0.38936493  0.47194771  0.51120106  0.51698301  0.45574337  0.45042001  0.46110540  0.41926152  0.41419393  0.41419393  0.41926152  0.41419393  0.43467641  0.45042001  0.45042001  0.40916088  0.43467641  0.43467641  0.43988706  0.43467641  0.41419393  0.39919656  0.39919656  0.39919656  0.39919656  0.40416191  0.42950227  0.42950227  0.44513475  0.43467641  0.43467641  0.46650665  0.41419393  0.43467641  0.42950227  0.43988706  0.43988706  0.43988706  0.39426438  0.47194771  0.44513475  0.39426438  0.39426438  0.39426438  0.41926152  0.41926152  0.41419393  0.41926152  0.42436414  0.41926152  0.42436414  0.42950227  0.44513475  0.43988706  0.42950227  0.43988706  0.42950227  0.43467641  0.41926152  0.46650665  0.47194771  0.46110540  0.43467641  0.45042001  0.45574337  0.46650665  0.45042001  0.45042001  0.47742917  0.46650665  0.43988706  0.44513475  0.45042001  0.45042001  0.46650665  0.43988706  0.45574337  0.46110540  0.42950227  0.43988706  0.45042001  0.42436414  0.45574337  0.43988706  0.38936493  0.40416191  0.38449778  0.43988706  0.43467641  0.42950227  0.43988706  0.42436414  0.42950227  0.46110540  0.47742917  0.40416191  0.41926152  0.41926152  0.41419393  0.41419393  0.45042001  0.43467641  0.43467641  0.40416191  0.40416191  0.40416191  0.42436414  0.41419393  0.41419393  0.39919656  0.39919656  0.39426438  0.41419393  0.40416191  0.40416191  0.41926152  0.41926152  0.38936493  0.39426438  0.40916088  0.40416191  0.39426438  0.39919656  0.39426438  0.40916088  0.44513475  0.39919656  0.40916088  0.42436414  0.40416191  0.48295163  0.45042001  0.45574337  0.45574337  0.43988706  0.41419393  0.40916088  0.41419393  0.40416191  0.37966251  0.37966251  0.38936493  0.36063199  0.41419393  0.40916088  0.41419393  0.41419393  0.40916088  0.39919656  0.39919656  0.42950227  0.43467641  0.46110540  0.41926152  0.42950227  0.41926152  0.43988706  0.47194771  0.46110540  0.44513475  0.42950227  0.47194771  0.41419393  0.40916088  0.42950227  0.43467641  0.42950227  0.45042001  0.43467641  0.42436414  
16_0_0     0.31069437  0.30196684  0.30631771  0.30631771  0.30631771  0.26805323  0.26805323  0.29764147  0.31509713  0.00000000  0.01161832  0.04149008  0.15672840  0.17112134  0.18951628  0.31069437  0.30631771  0.30631771  0.39919656  0.40416191  0.38936493  0.37966251  0.37485870  0.36534383  0.39426438  0.36534383  0.37485870  0.36063199  0.36534383  0.35129758  0.35595003  0.35595003  0.35129758  0.41419393  0.41419393  0.39919656  0.39426438  0.37966251  0.41926152  0.41926152  0.41926152  0.41926152  0.40416191  0.39426438  0.37485870  0.36534383  0.36534383  0.36063199  0.38449778  0.36063199  0.38449778  0.37966251  0.40916088  0.40916088  0.38936493  0.38936493  0.41419393  0.40416191  0.36534383  0.36534383  0.36534383  0.37966251  0.37966251  0.37485870  0.34667426  0.37008594  0.38449778  0.36063199  0.38449778  0.37966251  0.37485870  0.37966251  0.38936493  0.39426438  0.40416191  0.37966251  0.40916088  0.41419393  0.40416191  0.36063199  0.36534383  0.36063199  0.35129758  0.34207971  0.34667426  0.37008594  0.38936493  0.35595003  0.35129758  0.38936493  0.38936493  0.37485870  0.34207971  0.36534383  0.37008594  0.34207971  0.35129758  0.36063199  0.35595003  0.35129758  0.35595003  0.35595003  0.35595003  0.32846516  0.34207971  0.34667426  0.32398220  0.33297550  0.32846516  0.35595003  0.35595003  0.37966251  0.32846516  0.35595003  0.35129758  0.34667426  0.34667426  0.36534383  0.34207971  0.34207971  0.35595003  0.34207971  0.34207971  0.36063199  0.35129758  0.35129758  0.34667426  0.34667426  0.35129758  0.36534383  0.35129758  0.35129758  0.36534383  0.36534383  0.37008594  0.37008594  0.36534383  0.34207971  0.34207971  0.33751357  0.36063199  0.38449778  0.39919656  0.31509713  0.31509713  0.33297550  0.34207971  0.40916088  0.37485870  0.37966251  0.38936493  0.37485870  0.35129758  0.36534383  0.35129758  0.36534383  0.36534383  0.35595003  0.37485870  0.33297550  0.36063199  0.34667426  0.32846516  0.33751357  0.39426438  0.34667426  0.33751357  0.35129758  0.34667426  0.40916088  0.36063199  0.33751357  0.37008594  0.37485870  0.42950227  0.41419393  0.40916088  0.40416191  0.39426438  0.38936493  0.38936493  0.40916088  0.42950227  0.42950227  0.41419393  0.40916088  0.43988706  
20_0_0     0.31069437  0.30196684  0.30631771  0.30631771  0.30631771  0.27638671  0.27638671  0.30631771  0.31509713  0.01161832  0.00000000  0.04149008  0.15672840  0.17112134  0.18951628  0.31952630  0.31509713  0.31509713  0.39919656  0.40416191  0.38936493  0.37966251  0.36534383  0.36534383  0.39426438  0.35595003  0.36534383  0.35129758  0.35595003  0.34207971  0.34667426  0.34667426  0.34207971  0.40416191  0.40416191  0.38936493  0.38449778  0.37008594  0.41926152  0.41926152  0.41926152  0.41926152  0.40416191  0.38449778  0.36534383  0.35595003  0.36534383  0.36063199  0.37485870  0.36063199  0.38449778  0.37966251  0.40916088  0.40916088  0.38936493  0.38936493  0.40416191  0.40416191  0.37485870  0.37485870  0.37485870  0.36063199  0.36063199  0.35595003  0.35595003  0.36063199  0.38449778  0.36063199  0.38449778  0.37966251  0.38449778  0.37966251  0.38936493  0.39426438  0.40416191  0.37966251  0.40916088  0.41419393  0.40416191  0.37008594  0.37485870  0.37008594  0.35129758  0.35129758  0.34667426  0.37008594  0.38936493  0.36534383  0.36063199  0.39919656  0.39919656  0.38449778  0.33297550  0.36534383  0.37966251  0.33297550  0.34207971  0.35129758  0.36534383  0.36063199  0.36534383  0.35595003  0.36534383  0.33751357  0.34207971  0.34667426  0.33297550  0.33297550  0.32846516  0.35129758  0.35595003  0.37966251  0.32846516  0.36534383  0.34207971  0.33751357  0.33751357  0.35595003  0.34207971  0.34207971  0.35595003  0.34207971  0.34207971  0.36063199  0.35129758  0.35129758  0.34667426  0.34667426  0.35129758  0.36534383  0.35129758  0.35129758  0.36534383  0.36534383  0.37008594  0.37008594  0.36534383  0.34207971  0.34207971  0.32846516  0.35129758  0.38449778  0.39919656  0.31509713  0.32398220  0.34207971  0.34207971  0.39919656  0.37008594  0.37485870  0.37485870  0.37966251  0.35595003  0.37008594  0.35595003  0.36534383  0.35595003  0.34667426  0.35595003  0.32398220  0.35129758  0.33751357  0.31952630  0.32846516  0.38449778  0.32846516  0.32846516  0.34207971  0.33751357  0.39919656  0.34207971  0.32846516  0.35595003  0.36063199  0.43467641  0.41926152  0.39919656  0.40416191  0.39426438  0.37008594  0.37008594  0.39919656  0.40916088  0.40916088  0.39426438  0.38936493  0.42950227  
23_0_0     0.31952630  0.31069437  0.31509713  0.31509713  0.29764147  0.28058899  0.28058899  0.29764147  0.29764147  0.04149008  0.04149008  0.00000000  0.15672840  0.18580044  0.18210321  0.31509713  0.31069437  0.31509713  0.39426438  0.41926152  0.41419393  0.38449778  0.37966251  0.37008594  0.39919656  0.33297550  0.34207971  0.32846516  0.34207971  0.32846516  0.33297550  0.33297550  0.32846516  0.37966251  0.37966251  0.37485870  0.37008594  0.36534383  0.39426438  0.39426438  0.40416191  0.40416191  0.38936493  0.37966251  0.36063199  0.37966251  0.35129758  0.33751357  0.36063199  0.33751357  0.36063199  0.35595003  0.38449778  0.38449778  0.36534383  0.35595003  0.39919656  0.37966251  0.35129758  0.35129758  0.35129758  0.35595003  0.34667426  0.34207971  0.35129758  0.35595003  0.37008594  0.34667426  0.37008594  0.36534383  0.36063199  0.36534383  0.37485870  0.37966251  0.38936493  0.36534383  0.39426438  0.39919656  0.38936493  0.35595003  0.36063199  0.35595003  0.34667426  0.33297550  0.33297550  0.35595003  0.37485870  0.35129758  0.34667426  0.37485870  0.37485870  0.36063199  0.33751357  0.35129758  0.35595003  0.31952630  0.33751357  0.33751357  0.33297550  0.33751357  0.33297550  0.34207971  0.34207971  0.31509713  0.32846516  0.33297550  0.31952630  0.31952630  0.30631771  0.34207971  0.34207971  0.36534383  0.32398220  0.37008594  0.33751357  0.33297550  0.33297550  0.35129758  0.32846516  0.32846516  0.32398220  0.31952630  0.31952630  0.33751357  0.32846516  0.32846516  0.32398220  0.32398220  0.32846516  0.34207971  0.32846516  0.32846516  0.34207971  0.34207971  0.33751357  0.33751357  0.34207971  0.31952630  0.31952630  0.32398220  0.33751357  0.38936493  0.38449778  0.31952630  0.32398220  0.34667426  0.35595003  0.39426438  0.36534383  0.36534383  0.37966251  0.36534383  0.34207971  0.35595003  0.34207971  0.35129758  0.34207971  0.33297550  0.37008594  0.34207971  0.34207971  0.32846516  0.31069437  0.32846516  0.37485870  0.32846516  0.31952630  0.33297550  0.32846516  0.38449778  0.34667426  0.32398220  0.35595003  0.37008594  0.44513475  0.42950227  0.40916088  0.39426438  0.38449778  0.37966251  0.37966251  0.39919656  0.41419393  0.41926152  0.39426438  0.38936493  0.41926152  
11_0_0     0.28906600  0.28058899  0.27220821  0.28058899  0.26805323  0.26805323  0.26805323  0.28481533  0.28906600  0.15672840  0.15672840  0.15672840  0.00000000  0.08545131  0.14261070  0.31952630  0.33297550  0.28058899  0.31952630  0.35129758  0.34667426  0.31069437  0.32398220  0.32398220  0.34207971  0.34207971  0.34207971  0.31509713  0.31952630  0.33297550  0.33751357  0.33751357  0.34207971  0.36534383  0.36534383  0.36063199  0.35595003  0.33297550  0.36534383  0.36534383  0.36534383  0.36534383  0.36063199  0.33751357  0.33751357  0.32398220  0.31952630  0.31509713  0.34207971  0.31509713  0.35129758  0.33297550  0.32846516  0.32846516  0.33297550  0.30631771  0.35595003  0.35129758  0.35595003  0.35595003  0.35595003  0.33297550  0.34207971  0.34667426  0.31069437  0.32846516  0.34207971  0.32846516  0.34207971  0.32846516  0.33297550  0.36534383  0.36534383  0.37966251  0.37008594  0.33751357  0.37485870  0.37966251  0.37008594  0.28906600  0.30196684  0.29764147  0.31509713  0.29334128  0.28481533  0.29764147  0.33297550  0.31952630  0.31509713  0.33297550  0.33297550  0.32846516  0.29764147  0.34667426  0.34207971  0.32398220  0.33297550  0.34207971  0.32398220  0.33297550  0.32846516  0.31952630  0.31952630  0.32846516  0.30631771  0.32846516  0.30631771  0.29764147  0.28481533  0.34667426  0.32398220  0.33751357  0.34207971  0.34207971  0.31509713  0.31069437  0.31069437  0.31952630  0.31509713  0.31509713  0.31069437  0.29764147  0.30631771  0.31509713  0.30631771  0.30631771  0.30196684  0.30196684  0.30631771  0.30196684  0.29764147  0.29764147  0.32846516  0.32846516  0.31509713  0.30631771  0.30196684  0.30631771  0.30631771  0.29334128  0.29764147  0.34207971  0.33751357  0.28058899  0.28906600  0.31509713  0.28058899  0.37485870  0.37008594  0.35595003  0.33751357  0.30631771  0.30196684  0.31069437  0.30196684  0.30631771  0.31069437  0.31069437  0.34207971  0.28058899  0.31069437  0.30631771  0.29334128  0.30196684  0.31952630  0.29334128  0.29334128  0.30631771  0.29764147  0.35595003  0.28906600  0.31509713  0.31952630  0.34207971  0.38936493  0.39919656  0.33751357  0.32846516  0.33297550  0.32398220  0.32398220  0.36063199  0.36534383  0.37008594  0.35595003  0.34207971  0.37008594  
7_0_0      0.29334128  0.28481533  0.27638671  0.28481533  0.28906600  0.28906600  0.28906600  0.30631771  0.31069437  0.17112134  0.17112134  0.18580044  0.08545131  0.00000000  0.17112134  0.31509713  0.32846516  0.28906600  0.33297550  0.37008594  0.35595003  0.31069437  0.30631771  0.29764147  0.32398220  0.35129758  0.36063199  0.33297550  0.34667426  0.35129758  0.35595003  0.35595003  0.36063199  0.37485870  0.37485870  0.37008594  0.36534383  0.36063199  0.36534383  0.36534383  0.36534383  0.36534383  0.36063199  0.36534383  0.36534383  0.33751357  0.33751357  0.31509713  0.33297550  0.32398220  0.36063199  0.34207971  0.32846516  0.32846516  0.34207971  0.33297550  0.34667426  0.35595003  0.34667426  0.34667426  0.34667426  0.34207971  0.35129758  0.35595003  0.31509713  0.33751357  0.33297550  0.32846516  0.32398220  0.34667426  0.33297550  0.37485870  0.39426438  0.39919656  0.38936493  0.34667426  0.37485870  0.37966251  0.37008594  0.33297550  0.32846516  0.33297550  0.33297550  0.33751357  0.32846516  0.34207971  0.37008594  0.34667426  0.34207971  0.37966251  0.37966251  0.37485870  0.32398220  0.33297550  0.32846516  0.31952630  0.30196684  0.31069437  0.33751357  0.33751357  0.35129758  0.34207971  0.35129758  0.35129758  0.33297550  0.33751357  0.33297550  0.33297550  0.31069437  0.34207971  0.34207971  0.35595003  0.34207971  0.32398220  0.32398220  0.31952630  0.31952630  0.31952630  0.31509713  0.31509713  0.32846516  0.33297550  0.33297550  0.33297550  0.32398220  0.32398220  0.32846516  0.32846516  0.33297550  0.32846516  0.33297550  0.33297550  0.35595003  0.35595003  0.33297550  0.33297550  0.31952630  0.31509713  0.31509713  0.31952630  0.31509713  0.34667426  0.36063199  0.28906600  0.31509713  0.35129758  0.33297550  0.40416191  0.35595003  0.35129758  0.37966251  0.31069437  0.29764147  0.31069437  0.29764147  0.31509713  0.33751357  0.31952630  0.34667426  0.30631771  0.33751357  0.33297550  0.31069437  0.31952630  0.34207971  0.31069437  0.30196684  0.31952630  0.32398220  0.35129758  0.29334128  0.29334128  0.32398220  0.31952630  0.37008594  0.40916088  0.36534383  0.36534383  0.38449778  0.36063199  0.36063199  0.38936493  0.39919656  0.39919656  0.39426438  0.39919656  0.37966251  
11_6_0     0.32398220  0.31509713  0.31509713  0.32398220  0.31069437  0.30196684  0.31069437  0.27220821  0.28058899  0.18951628  0.18951628  0.18210321  0.14261070  0.17112134  0.00000000  0.31952630  0.31509713  0.28906600  0.37008594  0.41926152  0.41419393  0.33751357  0.33297550  0.34207971  0.34207971  0.37485870  0.36534383  0.36063199  0.35595003  0.38936493  0.39426438  0.40416191  0.36063199  0.38936493  0.38936493  0.39426438  0.38936493  0.36063199  0.37485870  0.37485870  0.37485870  0.37485870  0.37008594  0.36534383  0.36534383  0.36534383  0.31952630  0.35129758  0.37966251  0.33297550  0.36534383  0.36063199  0.32398220  0.32398220  0.33751357  0.33297550  0.38449778  0.35595003  0.34667426  0.34667426  0.34667426  0.33297550  0.32398220  0.33751357  0.34667426  0.35129758  0.36534383  0.34207971  0.35595003  0.36063199  0.35595003  0.38936493  0.37008594  0.39426438  0.36534383  0.37008594  0.40916088  0.41419393  0.40416191  0.36063199  0.35595003  0.34667426  0.35129758  0.33751357  0.36534383  0.37008594  0.38936493  0.36534383  0.36063199  0.38936493  0.37966251  0.37485870  0.34667426  0.36063199  0.35595003  0.31069437  0.31069437  0.31952630  0.35129758  0.34667426  0.36534383  0.33297550  0.34207971  0.33297550  0.33751357  0.35129758  0.33751357  0.32846516  0.33297550  0.37966251  0.35129758  0.37008594  0.33297550  0.32398220  0.34207971  0.33751357  0.33751357  0.36063199  0.35595003  0.35595003  0.32846516  0.34207971  0.35129758  0.35595003  0.35129758  0.35129758  0.33751357  0.33751357  0.34207971  0.36534383  0.35129758  0.35129758  0.36534383  0.36534383  0.34207971  0.33297550  0.32846516  0.35129758  0.33297550  0.32846516  0.33297550  0.36534383  0.37008594  0.28906600  0.32398220  0.33297550  0.33297550  0.39919656  0.35129758  0.37485870  0.34667426  0.33297550  0.31952630  0.32398220  0.31952630  0.32846516  0.32398220  0.32398220  0.37966251  0.33751357  0.31952630  0.33297550  0.31952630  0.34667426  0.35129758  0.31069437  0.32846516  0.32846516  0.33297550  0.41419393  0.33751357  0.36063199  0.37485870  0.40916088  0.37008594  0.38936493  0.36063199  0.36063199  0.36534383  0.35595003  0.36534383  0.37485870  0.37008594  0.37485870  0.38936493  0.37966251  0.39426438  
4_0_0      0.41926152  0.40916088  0.41926152  0.41926152  0.39919656  0.36534383  0.36534383  0.34667426  0.38449778  0.31069437  0.31952630  0.31509713  0.31952630  0.31509713  0.31952630  0.00000000  0.00869655  0.17842441  0.42950227  0.42950227  0.41926152  0.43467641  0.42950227  0.42950227  0.44513475  0.43988706  0.43988706  0.43988706  0.43467641  0.43988706  0.45574337  0.46110540  0.43988706  0.45042001  0.45042001  0.45574337  0.45042001  0.42436414  0.44513475  0.44513475  0.43988706  0.43988706  0.43467641  0.43988706  0.45042001  0.44513475  0.37008594  0.37485870  0.40916088  0.36534383  0.37966251  0.37008594  0.38449778  0.38449778  0.37966251  0.33751357  0.42950227  0.42436414  0.37966251  0.37966251  0.37966251  0.42436414  0.42436414  0.41926152  0.41926152  0.41926152  0.39919656  0.41419393  0.42950227  0.42950227  0.41926152  0.43988706  0.42950227  0.44513475  0.43467641  0.41419393  0.42436414  0.41926152  0.42950227  0.42950227  0.40916088  0.41419393  0.45574337  0.43988706  0.42950227  0.42436414  0.42436414  0.41926152  0.41419393  0.43467641  0.42436414  0.44513475  0.43988706  0.41419393  0.42950227  0.42436414  0.42950227  0.43467641  0.43988706  0.46110540  0.47742917  0.43988706  0.42950227  0.40916088  0.43988706  0.42950227  0.43467641  0.41926152  0.43467641  0.45042001  0.46110540  0.48295163  0.39426438  0.41419393  0.42436414  0.41926152  0.41926152  0.45042001  0.44513475  0.44513475  0.35129758  0.36063199  0.36063199  0.37485870  0.37485870  0.37485870  0.37485870  0.37485870  0.36063199  0.38936493  0.38936493  0.38936493  0.38449778  0.38449778  0.38936493  0.40416191  0.40916088  0.41419393  0.41419393  0.38449778  0.37485870  0.43988706  0.45042001  0.39919656  0.40916088  0.42950227  0.43988706  0.53460560  0.45042001  0.44513475  0.46110540  0.40416191  0.39919656  0.39426438  0.39426438  0.40916088  0.41419393  0.41419393  0.39919656  0.39919656  0.41419393  0.42436414  0.43467641  0.45574337  0.47742917  0.43467641  0.43467641  0.42436414  0.40916088  0.47194771  0.42950227  0.47194771  0.47194771  0.49977125  0.46650665  0.46110540  0.49977125  0.47194771  0.44513475  0.49977125  0.48851570  0.49412203  0.50546404  0.49412203  0.51120106  0.50546404  0.53460560  
3_0_0      0.42436414  0.41419393  0.43467641  0.43467641  0.40416191  0.37966251  0.37966251  0.36063199  0.38936493  0.30631771  0.31509713  0.31069437  0.33297550  0.32846516  0.31509713  0.00869655  0.00000000  0.18210321  0.43467641  0.43467641  0.42436414  0.43988706  0.42436414  0.42436414  0.43988706  0.45042001  0.43988706  0.45574337  0.45042001  0.45574337  0.46110540  0.46650665  0.44513475  0.46650665  0.46650665  0.47194771  0.46650665  0.43988706  0.45042001  0.45042001  0.44513475  0.44513475  0.43988706  0.45574337  0.45574337  0.46110540  0.38449778  0.37966251  0.41419393  0.37008594  0.38936493  0.38449778  0.38449778  0.38449778  0.37966251  0.34207971  0.44513475  0.43988706  0.39426438  0.39426438  0.39426438  0.42950227  0.42950227  0.42436414  0.43467641  0.43467641  0.41419393  0.42950227  0.44513475  0.44513475  0.43467641  0.43467641  0.43467641  0.45042001  0.42950227  0.42950227  0.43988706  0.43467641  0.44513475  0.44513475  0.42436414  0.42950227  0.45042001  0.43467641  0.44513475  0.43988706  0.43988706  0.43467641  0.42950227  0.45042001  0.43988706  0.46110540  0.44513475  0.41926152  0.43467641  0.42950227  0.43467641  0.43988706  0.44513475  0.46650665  0.48295163  0.44513475  0.43467641  0.41419393  0.44513475  0.43467641  0.43988706  0.42436414  0.43988706  0.45574337  0.46650665  0.47742917  0.39919656  0.41926152  0.43988706  0.43467641  0.43467641  0.46650665  0.46110540  0.46110540  0.36534383  0.37485870  0.37485870  0.38936493  0.38936493  0.38936493  0.38936493  0.38936493  0.37485870  0.40416191  0.40416191  0.40416191  0.39919656  0.39919656  0.40416191  0.41926152  0.42436414  0.42950227  0.41926152  0.39919656  0.38936493  0.45574337  0.46650665  0.40416191  0.40416191  0.42436414  0.44513475  0.55265914  0.44513475  0.45042001  0.45574337  0.40916088  0.40416191  0.39919656  0.39919656  0.41419393  0.41926152  0.40916088  0.40416191  0.40416191  0.40916088  0.41926152  0.42950227  0.45042001  0.48295163  0.42950227  0.42950227  0.41926152  0.40416191  0.47742917  0.42436414  0.47742917  0.48295163  0.51120106  0.47194771  0.45574337  0.50546404  0.47742917  0.43988706  0.49412203  0.48295163  0.48851570  0.49977125  0.48851570  0.50546404  0.49977125  0.54057453  
