20
14_0_0     0.00000000  0.08875989  0.11378154  0.26896924  0.22824874  0.21840982  0.21840982  0.21840982  0.22331290  0.23321777  0.47944090  0.48643116  0.50780768  0.54486961  0.52982105  0.52982105  0.19911646  0.31763331  0.31763331  0.31763331  
6_0_0      0.08875989  0.00000000  0.11803545  0.30105331  0.24325721  0.22331290  0.22331290  0.22331290  0.21840982  0.22824874  0.48643116  0.49348818  0.49348818  0.52982105  0.52982105  0.52982105  0.19911646  0.27422078  0.27422078  0.27422078  
15_0_0     0.11378154  0.11803545  0.00000000  0.24832854  0.25857683  0.23822044  0.23822044  0.23822044  0.24325721  0.25343492  0.51507285  0.52241016  0.52241016  0.55251039  0.55251039  0.55251039  0.20389278  0.30105331  0.30105331  0.30105331  
16_0_0     0.26896924  0.30105331  0.24832854  0.00000000  0.34612112  0.32889699  0.32889699  0.32889699  0.29560829  0.30653874  0.61665928  0.60832945  0.61665928  0.63360603  0.64222741  0.64222741  0.27950991  0.40034186  0.40034186  0.40034186  
5_0_0      0.22824874  0.24325721  0.25857683  0.34612112  0.00000000  0.02590329  0.02590329  0.02590329  0.08060415  0.08875989  0.52982105  0.52241016  0.59194630  0.62508408  0.60009247  0.60009247  0.22331290  0.34612112  0.34612112  0.34612112  
4_0_0      0.21840982  0.22331290  0.23822044  0.32889699  0.02590329  0.00000000  0.00000000  0.00000000  0.06853685  0.07655978  0.54486961  0.53730702  0.59194630  0.64222741  0.61665928  0.61665928  0.21840982  0.33459387  0.33459387  0.33459387  
12_0_0     0.21840982  0.22331290  0.23822044  0.32889699  0.02590329  0.00000000  0.00000000  0.00000000  0.06853685  0.07655978  0.54486961  0.53730702  0.59194630  0.64222741  0.61665928  0.61665928  0.21840982  0.33459387  0.33459387  0.33459387  
10_0_0     0.21840982  0.22331290  0.23822044  0.32889699  0.02590329  0.00000000  0.00000000  0.00000000  0.06853685  0.07655978  0.54486961  0.53730702  0.59194630  0.64222741  0.61665928  0.61665928  0.21840982  0.33459387  0.33459387  0.33459387  
17_0_0     0.22331290  0.21840982  0.24325721  0.29560829  0.08060415  0.06853685  0.06853685  0.06853685  0.00000000  0.00730875  0.59194630  0.58388896  0.65095057  0.65095057  0.64222741  0.64222741  0.21840982  0.35195288  0.35195288  0.35195288  
11_0_0     0.23321777  0.22824874  0.25343492  0.30653874  0.08875989  0.07655978  0.07655978  0.07655978  0.00730875  0.00000000  0.60832945  0.60009247  0.66871202  0.66871202  0.65977793  0.65977793  0.22824874  0.34033502  0.34033502  0.34033502  
18_0_0     0.47944090  0.48643116  0.51507285  0.61665928  0.52982105  0.54486961  0.54486961  0.54486961  0.59194630  0.60832945  0.00000000  0.00730875  0.08467077  0.16651968  0.15297811  0.15297811  0.55251039  0.63360603  0.63360603  0.63360603  
8_0_0      0.48643116  0.49348818  0.52241016  0.60832945  0.52241016  0.53730702  0.53730702  0.53730702  0.58388896  0.60009247  0.00730875  0.00000000  0.08467077  0.17108925  0.15746445  0.15746445  0.54486961  0.62508408  0.62508408  0.62508408  
19_0_0     0.50780768  0.49348818  0.52241016  0.61665928  0.59194630  0.59194630  0.59194630  0.59194630  0.65095057  0.66871202  0.08467077  0.08467077  0.00000000  0.18031404  0.16651968  0.16651968  0.56023100  0.61665928  0.61665928  0.61665928  
7_0_0      0.54486961  0.52982105  0.55251039  0.63360603  0.62508408  0.64222741  0.64222741  0.64222741  0.65095057  0.66871202  0.16651968  0.17108925  0.18031404  0.00000000  0.02590329  0.02590329  0.59194630  0.68691092  0.68691092  0.68691092  
9_0_0      0.52982105  0.52982105  0.55251039  0.64222741  0.60009247  0.61665928  0.61665928  0.61665928  0.64222741  0.65977793  0.15297811  0.15746445  0.16651968  0.02590329  0.00000000  0.00000000  0.56023100  0.67775545  0.67775545  0.67775545  
13_0_0     0.52982105  0.52982105  0.55251039  0.64222741  0.60009247  0.61665928  0.61665928  0.61665928  0.64222741  0.65977793  0.15297811  0.15746445  0.16651968  0.02590329  0.00000000  0.00000000  0.56023100  0.67775545  0.67775545  0.67775545  
20_0_0     0.19911646  0.19911646  0.20389278  0.27950991  0.22331290  0.21840982  0.21840982  0.21840982  0.21840982  0.22824874  0.55251039  0.54486961  0.56023100  0.59194630  0.56023100  0.56023100  0.00000000  0.22824874  0.22824874  0.22824874  
3_0_0      0.31763331  0.27422078  0.30105331  0.40034186  0.34612112  0.33459387  0.33459387  0.33459387  0.35195288  0.34033502  0.63360603  0.62508408  0.61665928  0.68691092  0.67775545  0.67775545  0.22824874  0.00000000  0.00000000  0.00000000  
2_0_0      0.31763331  0.27422078  0.30105331  0.40034186  0.34612112  0.33459387  0.33459387  0.33459387  0.35195288  0.34033502  0.63360603  0.62508408  0.61665928  0.68691092  0.67775545  0.67775545  0.22824874  0.00000000  0.00000000  0.00000000  
1_0_0      0.31763331  0.27422078  0.30105331  0.40034186  0.34612112  0.33459387  0.33459387  0.33459387  0.35195288  0.34033502  0.63360603  0.62508408  0.61665928  0.68691092  0.67775545  0.67775545  0.22824874  0.00000000  0.00000000  0.00000000  

