21
26_0_0     0.00000000  0.59191362  0.58167958  0.61281651  0.61281651  0.61281651  0.59191362  0.54210310  0.49543605  0.50453691  0.49543605  0.49543605  0.49543605  0.49543605  0.49543605  0.56162670  0.53253120  0.46011260  0.55180050  0.56162670  0.58167958  
9_0_0      0.59191362  0.00000000  0.01402093  0.45153914  0.46878659  0.48644580  0.48644580  0.47756350  0.34828160  0.34828160  0.37086312  0.37086312  0.37086312  0.34828160  0.34828160  0.39415574  0.36325910  0.46011260  0.37086312  0.39415574  0.36325910  
19_0_0     0.58167958  0.01402093  0.00000000  0.45153914  0.46878659  0.48644580  0.48644580  0.49543605  0.34828160  0.37086312  0.37854612  0.39415574  0.39415574  0.37086312  0.37086312  0.40208583  0.37086312  0.48644580  0.39415574  0.41820570  0.38630976  
16_0_0     0.61281651  0.45153914  0.45153914  0.00000000  0.00931770  0.01875426  0.09892152  0.23826815  0.43468468  0.46011260  0.46011260  0.47756350  0.47756350  0.46878659  0.46878659  0.49543605  0.42639930  0.42639930  0.41820570  0.48644580  0.46011260  
7_0_0      0.61281651  0.46878659  0.46878659  0.00931770  0.00000000  0.01875426  0.09892152  0.22559928  0.45153914  0.47756350  0.47756350  0.49543605  0.49543605  0.45153914  0.45153914  0.47756350  0.42639930  0.44306391  0.43468468  0.48644580  0.46011260  
12_0_0     0.61281651  0.48644580  0.48644580  0.01875426  0.01875426  0.00000000  0.09892152  0.23826815  0.43468468  0.47756350  0.47756350  0.49543605  0.49543605  0.48644580  0.48644580  0.51375112  0.44306391  0.46011260  0.45153914  0.49543605  0.48644580  
18_0_0     0.59191362  0.48644580  0.48644580  0.09892152  0.09892152  0.09892152  0.00000000  0.22559928  0.43468468  0.43468468  0.45153914  0.46011260  0.46011260  0.44306391  0.44306391  0.51375112  0.48644580  0.41820570  0.40208583  0.43468468  0.45153914  
20_0_0     0.54210310  0.47756350  0.49543605  0.23826815  0.22559928  0.23826815  0.22559928  0.00000000  0.41820570  0.41010186  0.40208583  0.41010186  0.41010186  0.40208583  0.40208583  0.40208583  0.38630976  0.35573244  0.49543605  0.50453691  0.49543605  
23_0_0     0.49543605  0.34828160  0.34828160  0.43468468  0.45153914  0.43468468  0.43468468  0.41820570  0.00000000  0.17113030  0.16531853  0.17698809  0.17698809  0.20699374  0.20699374  0.23190660  0.21934530  0.19484504  0.38630976  0.37854612  0.39415574  
2_0_0      0.50453691  0.34828160  0.37086312  0.46011260  0.47756350  0.47756350  0.43468468  0.41010186  0.17113030  0.00000000  0.05276373  0.05276373  0.05276373  0.12586651  0.12586651  0.20089445  0.15955206  0.23190660  0.39415574  0.38630976  0.38630976  
24_0_0     0.49543605  0.37086312  0.37854612  0.46011260  0.47756350  0.47756350  0.45153914  0.40208583  0.16531853  0.05276373  0.00000000  0.06783190  0.06783190  0.13692546  0.13692546  0.21314374  0.18289264  0.24468488  0.40208583  0.39415574  0.38630976  
11_0_0     0.49543605  0.37086312  0.39415574  0.47756350  0.49543605  0.49543605  0.46011260  0.41010186  0.17698809  0.05276373  0.06783190  0.00000000  0.00000000  0.13137532  0.13137532  0.21314374  0.17698809  0.23826815  0.39415574  0.41010186  0.40208583  
17_0_0     0.49543605  0.37086312  0.39415574  0.47756350  0.49543605  0.49543605  0.46011260  0.41010186  0.17698809  0.05276373  0.06783190  0.00000000  0.00000000  0.13137532  0.13137532  0.21314374  0.17698809  0.23826815  0.39415574  0.41010186  0.40208583  
11_2_0     0.49543605  0.34828160  0.37086312  0.46878659  0.45153914  0.48644580  0.44306391  0.40208583  0.20699374  0.12586651  0.13692546  0.13137532  0.13137532  0.00000000  0.00000000  0.14251756  0.12586651  0.27092336  0.38630976  0.41010186  0.34090506  
17_2_0     0.49543605  0.34828160  0.37086312  0.46878659  0.45153914  0.48644580  0.44306391  0.40208583  0.20699374  0.12586651  0.13692546  0.13137532  0.13137532  0.00000000  0.00000000  0.14251756  0.12586651  0.27092336  0.38630976  0.41010186  0.34090506  
2_2_0      0.56162670  0.39415574  0.40208583  0.49543605  0.47756350  0.51375112  0.51375112  0.40208583  0.23190660  0.20089445  0.21314374  0.21314374  0.21314374  0.14251756  0.14251756  0.00000000  0.09892152  0.26427597  0.42639930  0.42639930  0.39415574  
24_2_0     0.53253120  0.36325910  0.37086312  0.42639930  0.42639930  0.44306391  0.48644580  0.38630976  0.21934530  0.15955206  0.18289264  0.17698809  0.17698809  0.12586651  0.12586651  0.09892152  0.00000000  0.21934530  0.43468468  0.40208583  0.38630976  
14_0_0     0.46011260  0.46011260  0.48644580  0.42639930  0.44306391  0.46011260  0.41820570  0.35573244  0.19484504  0.23190660  0.24468488  0.23826815  0.23826815  0.27092336  0.27092336  0.26427597  0.21934530  0.00000000  0.37086312  0.37086312  0.38630976  
4_0_0      0.55180050  0.37086312  0.39415574  0.41820570  0.43468468  0.45153914  0.40208583  0.49543605  0.38630976  0.39415574  0.40208583  0.39415574  0.39415574  0.38630976  0.38630976  0.42639930  0.43468468  0.37086312  0.00000000  0.19484504  0.17113030  
29_1_0     0.56162670  0.39415574  0.41820570  0.48644580  0.48644580  0.49543605  0.43468468  0.50453691  0.37854612  0.38630976  0.39415574  0.41010186  0.41010186  0.41010186  0.41010186  0.42639930  0.40208583  0.37086312  0.19484504  0.00000000  0.09364833  
29_0_0     0.58167958  0.36325910  0.38630976  0.46011260  0.46011260  0.48644580  0.45153914  0.49543605  0.39415574  0.38630976  0.38630976  0.40208583  0.40208583  0.34090506  0.34090506  0.39415574  0.38630976  0.38630976  0.17113030  0.09364833  0.00000000  

