20
10_0_0     0.00000000  0.06680351  0.06680351  0.18013221  0.18013221  0.16663295  0.12757522  0.12757522  0.12126459  0.12126459  0.12757522  0.36531282  0.37415237  0.37415237  0.36531282  0.34794936  0.35657931  0.36531282  0.38310060  0.40133396  
11_0_0     0.06680351  0.00000000  0.01071680  0.22220036  0.22220036  0.16663295  0.11500820  0.11500820  0.09655534  0.09655534  0.10265447  0.35657931  0.36531282  0.36531282  0.35657931  0.33942051  0.34794936  0.33942051  0.35657931  0.37415237  
7_0_0      0.06680351  0.01071680  0.00000000  0.20790580  0.20790580  0.16663295  0.11500820  0.11500820  0.08450830  0.08450830  0.09050690  0.35657931  0.36531282  0.36531282  0.35657931  0.33942051  0.34794936  0.33942051  0.35657931  0.37415237  
2_0_0      0.18013221  0.22220036  0.20790580  0.00000000  0.00000000  0.18697689  0.16663295  0.19388655  0.14684215  0.15337948  0.16663295  0.35657931  0.34794936  0.34794936  0.33942051  0.35657931  0.36531282  0.36531282  0.37415237  0.37415237  
8_0_0      0.18013221  0.22220036  0.20790580  0.00000000  0.00000000  0.18697689  0.16663295  0.19388655  0.14684215  0.15337948  0.16663295  0.35657931  0.34794936  0.34794936  0.33942051  0.35657931  0.36531282  0.36531282  0.37415237  0.37415237  
6_0_0      0.16663295  0.16663295  0.16663295  0.18697689  0.18697689  0.00000000  0.09050690  0.12757522  0.14684215  0.14036301  0.16663295  0.29821381  0.31441766  0.31441766  0.30627065  0.30627065  0.31441766  0.33099045  0.32265689  0.33942051  
1_0_0      0.12757522  0.11500820  0.11500820  0.16663295  0.16663295  0.09050690  0.00000000  0.05523511  0.09655534  0.09050690  0.10265447  0.26684966  0.29024517  0.29024517  0.28236282  0.28236282  0.29024517  0.32265689  0.33099045  0.34794936  
9_0_0      0.12757522  0.11500820  0.11500820  0.19388655  0.19388655  0.12757522  0.05523511  0.00000000  0.10880513  0.09050690  0.10265447  0.31441766  0.33942051  0.33942051  0.33099045  0.31441766  0.32265689  0.37415237  0.36531282  0.36531282  
4_0_0      0.12126459  0.09655534  0.08450830  0.14684215  0.14684215  0.14684215  0.09655534  0.10880513  0.00000000  0.03263568  0.03822010  0.28236282  0.30627065  0.30627065  0.29821381  0.31441766  0.32265689  0.31441766  0.29821381  0.31441766  
3_0_0      0.12126459  0.09655534  0.08450830  0.15337948  0.15337948  0.14036301  0.09050690  0.09050690  0.03263568  0.00000000  0.04951914  0.27456492  0.29821381  0.29821381  0.29024517  0.30627065  0.31441766  0.29821381  0.30627065  0.32265689  
5_0_0      0.12757522  0.10265447  0.09050690  0.16663295  0.16663295  0.16663295  0.10265447  0.10265447  0.03822010  0.04951914  0.00000000  0.30627065  0.33099045  0.33099045  0.32265689  0.32265689  0.33099045  0.33942051  0.32265689  0.33942051  
13_0_0     0.36531282  0.35657931  0.35657931  0.35657931  0.35657931  0.29821381  0.26684966  0.31441766  0.28236282  0.27456492  0.30627065  0.00000000  0.04951914  0.04951914  0.04384769  0.05523511  0.06099633  0.10265447  0.11500820  0.12126459  
19_0_0     0.37415237  0.36531282  0.36531282  0.34794936  0.34794936  0.31441766  0.29024517  0.33942051  0.30627065  0.29821381  0.33099045  0.04951914  0.00000000  0.00000000  0.00533868  0.06099633  0.06680351  0.10880513  0.12126459  0.12757522  
12_0_0     0.37415237  0.36531282  0.36531282  0.34794936  0.34794936  0.31441766  0.29024517  0.33942051  0.30627065  0.29821381  0.33099045  0.04951914  0.00000000  0.00000000  0.00533868  0.06099633  0.06680351  0.10880513  0.12126459  0.12757522  
20_0_0     0.36531282  0.35657931  0.35657931  0.33942051  0.33942051  0.30627065  0.28236282  0.33099045  0.29821381  0.29024517  0.32265689  0.04384769  0.00533868  0.00533868  0.00000000  0.05523511  0.06099633  0.10265447  0.11500820  0.12126459  
18_0_0     0.34794936  0.33942051  0.33942051  0.35657931  0.35657931  0.30627065  0.28236282  0.31441766  0.31441766  0.30627065  0.32265689  0.05523511  0.06099633  0.06099633  0.05523511  0.00000000  0.00533868  0.09050690  0.10265447  0.10880513  
14_0_0     0.35657931  0.34794936  0.34794936  0.36531282  0.36531282  0.31441766  0.29024517  0.32265689  0.32265689  0.31441766  0.33099045  0.06099633  0.06680351  0.06680351  0.06099633  0.00533868  0.00000000  0.09655534  0.10880513  0.11500820  
15_0_0     0.36531282  0.33942051  0.33942051  0.36531282  0.36531282  0.33099045  0.32265689  0.37415237  0.31441766  0.29821381  0.33942051  0.10265447  0.10880513  0.10880513  0.10265447  0.09050690  0.09655534  0.00000000  0.13394103  0.14036301  
17_0_0     0.38310060  0.35657931  0.35657931  0.37415237  0.37415237  0.32265689  0.33099045  0.36531282  0.29821381  0.30627065  0.32265689  0.11500820  0.12126459  0.12126459  0.11500820  0.10265447  0.10880513  0.13394103  0.00000000  0.02709377  
16_0_0     0.40133396  0.37415237  0.37415237  0.37415237  0.37415237  0.33942051  0.34794936  0.36531282  0.31441766  0.32265689  0.33942051  0.12126459  0.12757522  0.12757522  0.12126459  0.10880513  0.11500820  0.14036301  0.02709377  0.00000000  

