20
1_0_0      0.00000000  0.01193341  0.01797570  0.51472757  0.46766906  0.49081099  0.44525316  0.43430352  0.51472757  0.49081099  0.50266922  0.49081099  0.49081099  0.49081099  0.49081099  0.50266922  0.51472757  0.52699291  0.52699291  0.51472757  
2_0_0      0.01193341  0.00000000  0.01193341  0.50266922  0.47914634  0.46766906  0.43430352  0.41289509  0.49081099  0.46766906  0.47914634  0.46766906  0.49081099  0.46766906  0.46766906  0.47914634  0.49081099  0.50266922  0.50266922  0.49081099  
3_0_0      0.01797570  0.01193341  0.00000000  0.50266922  0.47914634  0.49081099  0.43430352  0.43430352  0.51472757  0.49081099  0.47914634  0.46766906  0.49081099  0.46766906  0.46766906  0.47914634  0.49081099  0.50266922  0.50266922  0.49081099  
20_0_0     0.51472757  0.50266922  0.50266922  0.00000000  0.39210946  0.45637322  0.45637322  0.43430352  0.30540168  0.32378126  0.27000275  0.26142039  0.27000275  0.27868944  0.36202254  0.37191142  0.33315143  0.30540168  0.30540168  0.29638619  
16_0_0     0.46766906  0.47914634  0.47914634  0.39210946  0.00000000  0.15097841  0.12938023  0.13650733  0.31453238  0.33315143  0.37191142  0.36202254  0.36202254  0.38193908  0.35226865  0.32378126  0.29638619  0.38193908  0.38193908  0.37191142  
15_0_0     0.49081099  0.46766906  0.49081099  0.45637322  0.15097841  0.00000000  0.13650733  0.14370624  0.39210946  0.39210946  0.42351913  0.41289509  0.43430352  0.43430352  0.38193908  0.37191142  0.38193908  0.45637322  0.45637322  0.46766906  
14_0_0     0.44525316  0.43430352  0.43430352  0.45637322  0.12938023  0.13650733  0.00000000  0.08138696  0.29638619  0.31453238  0.34264611  0.33315143  0.35226865  0.35226865  0.34264611  0.33315143  0.30540168  0.39210946  0.39210946  0.40242670  
6_0_0      0.43430352  0.41289509  0.43430352  0.43430352  0.13650733  0.14370624  0.08138696  0.00000000  0.33315143  0.35226865  0.34264611  0.33315143  0.35226865  0.35226865  0.36202254  0.35226865  0.30540168  0.41289509  0.41289509  0.42351913  
11_0_0     0.51472757  0.49081099  0.51472757  0.30540168  0.31453238  0.39210946  0.29638619  0.33315143  0.00000000  0.01193341  0.14370624  0.13650733  0.15097841  0.15097841  0.35226865  0.34264611  0.24455887  0.25293990  0.25293990  0.26142039  
17_0_0     0.49081099  0.46766906  0.49081099  0.32378126  0.33315143  0.39210946  0.31453238  0.35226865  0.01193341  0.00000000  0.12938023  0.12232352  0.13650733  0.13650733  0.35226865  0.34264611  0.24455887  0.25293990  0.25293990  0.26142039  
4_0_0      0.50266922  0.47914634  0.47914634  0.27000275  0.37191142  0.42351913  0.34264611  0.34264611  0.14370624  0.12938023  0.00000000  0.00594180  0.00594180  0.00594180  0.24455887  0.25293990  0.16574862  0.15832535  0.15832535  0.16574862  
12_0_0     0.49081099  0.46766906  0.46766906  0.26142039  0.36202254  0.41289509  0.33315143  0.33315143  0.13650733  0.12232352  0.00594180  0.00000000  0.01193341  0.01193341  0.25293990  0.26142039  0.15832535  0.16574862  0.16574862  0.17324981  
10_0_0     0.49081099  0.49081099  0.49081099  0.27000275  0.36202254  0.43430352  0.35226865  0.35226865  0.15097841  0.13650733  0.00594180  0.01193341  0.00000000  0.01193341  0.25293990  0.26142039  0.17324981  0.16574862  0.16574862  0.17324981  
5_0_0      0.49081099  0.46766906  0.46766906  0.27868944  0.38193908  0.43430352  0.35226865  0.35226865  0.15097841  0.13650733  0.00594180  0.01193341  0.01193341  0.00000000  0.25293990  0.26142039  0.17324981  0.16574862  0.16574862  0.17324981  
8_0_0      0.49081099  0.46766906  0.46766906  0.36202254  0.35226865  0.38193908  0.34264611  0.36202254  0.35226865  0.35226865  0.24455887  0.25293990  0.25293990  0.25293990  0.00000000  0.01797570  0.08804892  0.18083059  0.18083059  0.18849266  
18_0_0     0.50266922  0.47914634  0.47914634  0.37191142  0.32378126  0.37191142  0.33315143  0.35226865  0.34264611  0.34264611  0.25293990  0.26142039  0.26142039  0.26142039  0.01797570  0.00000000  0.09477358  0.18849266  0.18849266  0.19623778  
19_0_0     0.51472757  0.49081099  0.49081099  0.33315143  0.29638619  0.38193908  0.30540168  0.30540168  0.24455887  0.24455887  0.16574862  0.15832535  0.17324981  0.17324981  0.08804892  0.09477358  0.00000000  0.12232352  0.12232352  0.12938023  
13_0_0     0.52699291  0.50266922  0.50266922  0.30540168  0.38193908  0.45637322  0.39210946  0.41289509  0.25293990  0.25293990  0.15832535  0.16574862  0.16574862  0.16574862  0.18083059  0.18849266  0.12232352  0.00000000  0.00000000  0.00594180  
9_0_0      0.52699291  0.50266922  0.50266922  0.30540168  0.38193908  0.45637322  0.39210946  0.41289509  0.25293990  0.25293990  0.15832535  0.16574862  0.16574862  0.16574862  0.18083059  0.18849266  0.12232352  0.00000000  0.00000000  0.00594180  
7_0_0      0.51472757  0.49081099  0.49081099  0.29638619  0.37191142  0.46766906  0.40242670  0.42351913  0.26142039  0.26142039  0.16574862  0.17324981  0.17324981  0.17324981  0.18849266  0.19623778  0.12938023  0.00594180  0.00594180  0.00000000  

