17
5_0_0      0.00000000  0.06027327  0.06930499  0.06027327  0.12597675  0.14588947  0.15605336  0.27833470  0.30294953  0.29053834  0.29053834  0.23146407  0.18742309  0.29053834  0.30294953  0.30294953  0.30294953  
10_0_0     0.06027327  0.00000000  0.00831162  0.00000000  0.07844989  0.09709086  0.10659301  0.26633180  0.26633180  0.25452314  0.25452314  0.26633180  0.20911139  0.32842372  0.34150224  0.34150224  0.34150224  
12_0_0     0.06930499  0.00831162  0.00000000  0.00831162  0.08771086  0.10659301  0.11622052  0.27833470  0.27833470  0.26633180  0.26633180  0.27833470  0.22020215  0.31557547  0.35481945  0.35481945  0.35481945  
4_0_0      0.06027327  0.00000000  0.00831162  0.00000000  0.07844989  0.09709086  0.10659301  0.26633180  0.26633180  0.25452314  0.25452314  0.26633180  0.20911139  0.32842372  0.34150224  0.34150224  0.34150224  
17_0_0     0.12597675  0.07844989  0.08771086  0.07844989  0.00000000  0.01671900  0.02522437  0.25452314  0.25452314  0.26633180  0.26633180  0.29053834  0.24290253  0.32842372  0.36838421  0.36838421  0.36838421  
11_0_0     0.14588947  0.09709086  0.10659301  0.09709086  0.01671900  0.00000000  0.00831162  0.25452314  0.25452314  0.26633180  0.26633180  0.29053834  0.24290253  0.32842372  0.39629445  0.39629445  0.39629445  
11_1_0     0.15605336  0.10659301  0.11622052  0.10659301  0.02522437  0.00831162  0.00000000  0.24290253  0.24290253  0.25452314  0.25452314  0.30294953  0.25452314  0.34150224  0.41066036  0.41066036  0.41066036  
19_0_0     0.27833470  0.26633180  0.27833470  0.26633180  0.25452314  0.25452314  0.24290253  0.00000000  0.18742309  0.17681597  0.17681597  0.29053834  0.27833470  0.27833470  0.36838421  0.36838421  0.36838421  
7_0_0      0.30294953  0.26633180  0.27833470  0.26633180  0.25452314  0.25452314  0.24290253  0.18742309  0.00000000  0.00831162  0.00831162  0.23146407  0.23146407  0.34150224  0.36838421  0.36838421  0.36838421  
9_0_0      0.29053834  0.25452314  0.26633180  0.25452314  0.26633180  0.26633180  0.25452314  0.17681597  0.00831162  0.00000000  0.00000000  0.22020215  0.22020215  0.32842372  0.38220590  0.38220590  0.38220590  
13_0_0     0.29053834  0.25452314  0.26633180  0.25452314  0.26633180  0.26633180  0.25452314  0.17681597  0.00831162  0.00000000  0.00000000  0.22020215  0.22020215  0.32842372  0.38220590  0.38220590  0.38220590  
14_0_0     0.23146407  0.26633180  0.27833470  0.26633180  0.29053834  0.29053834  0.30294953  0.29053834  0.23146407  0.22020215  0.22020215  0.00000000  0.05135197  0.15605336  0.32842372  0.32842372  0.32842372  
6_0_0      0.18742309  0.20911139  0.22020215  0.20911139  0.24290253  0.24290253  0.25452314  0.27833470  0.23146407  0.22020215  0.22020215  0.05135197  0.00000000  0.16636083  0.29053834  0.29053834  0.29053834  
15_0_0     0.29053834  0.32842372  0.31557547  0.32842372  0.32842372  0.32842372  0.34150224  0.27833470  0.34150224  0.32842372  0.32842372  0.15605336  0.16636083  0.00000000  0.31557547  0.31557547  0.31557547  
1_0_0      0.30294953  0.34150224  0.35481945  0.34150224  0.36838421  0.39629445  0.41066036  0.36838421  0.36838421  0.38220590  0.38220590  0.32842372  0.29053834  0.31557547  0.00000000  0.00000000  0.00000000  
3_0_0      0.30294953  0.34150224  0.35481945  0.34150224  0.36838421  0.39629445  0.41066036  0.36838421  0.36838421  0.38220590  0.38220590  0.32842372  0.29053834  0.31557547  0.00000000  0.00000000  0.00000000  
2_0_0      0.30294953  0.34150224  0.35481945  0.34150224  0.36838421  0.39629445  0.41066036  0.36838421  0.36838421  0.38220590  0.38220590  0.32842372  0.29053834  0.31557547  0.00000000  0.00000000  0.00000000  

