19
13_1_0     0.00000000  0.01987419  0.03342869  0.14393899  0.14393899  0.14393899  0.15193248  0.14393899  0.18480540  0.17644828  0.12820823  0.48094868  0.50654160  0.48094868  0.48094868  0.53305812  0.56056741  0.60386427  0.51968026  
3_1_0      0.01987419  0.00000000  0.01318956  0.12820823  0.12820823  0.14393899  0.15193248  0.14393899  0.18480540  0.17644828  0.12820823  0.45621718  0.48094868  0.45621718  0.45621718  0.50654160  0.54668405  0.57471813  0.49363373  
6_1_0      0.03342869  0.01318956  0.00000000  0.12820823  0.12820823  0.16001388  0.16818514  0.16001388  0.20181029  0.19325866  0.14393899  0.45621718  0.48094868  0.48094868  0.45621718  0.50654160  0.57471813  0.57471813  0.49363373  
2_1_0      0.14393899  0.12820823  0.12820823  0.00000000  0.01318956  0.19325866  0.21046261  0.21046261  0.19325866  0.17644828  0.20181029  0.51968026  0.53305812  0.53305812  0.50654160  0.56056741  0.60386427  0.58914671  0.48094868  
11_1_0     0.14393899  0.12820823  0.12820823  0.01318956  0.00000000  0.17644828  0.19325866  0.19325866  0.17644828  0.16818514  0.18480540  0.49363373  0.50654160  0.50654160  0.48094868  0.53305812  0.57471813  0.57471813  0.46847889  
11_2_0     0.14393899  0.14393899  0.16001388  0.19325866  0.17644828  0.00000000  0.04723791  0.04030086  0.12046735  0.09772227  0.06845084  0.50654160  0.48094868  0.45621718  0.48094868  0.48094868  0.50654160  0.54668405  0.48094868  
14_2_0     0.15193248  0.15193248  0.16818514  0.21046261  0.19325866  0.04723791  0.00000000  0.00656519  0.12820823  0.10522601  0.06131161  0.46847889  0.51968026  0.49363373  0.51968026  0.50654160  0.54668405  0.56056741  0.51968026  
2_2_0      0.14393899  0.14393899  0.16001388  0.21046261  0.19325866  0.04030086  0.00656519  0.00000000  0.13603152  0.11280717  0.06845084  0.48094868  0.50654160  0.48094868  0.50654160  0.49363373  0.53305812  0.57471813  0.50654160  
6_2_0      0.18480540  0.18480540  0.20181029  0.19325866  0.17644828  0.12046735  0.12820823  0.13603152  0.00000000  0.04030086  0.09029438  0.44415672  0.53305812  0.50654160  0.53305812  0.50654160  0.48094868  0.54668405  0.50654160  
3_2_0      0.17644828  0.17644828  0.19325866  0.17644828  0.16818514  0.09772227  0.10522601  0.11280717  0.04030086  0.00000000  0.06845084  0.49363373  0.57471813  0.54668405  0.57471813  0.54668405  0.51968026  0.56056741  0.51968026  
13_2_0     0.12820823  0.12820823  0.14393899  0.20181029  0.18480540  0.06845084  0.06131161  0.06845084  0.09029438  0.06845084  0.00000000  0.43229100  0.48094868  0.45621718  0.48094868  0.48094868  0.50654160  0.51968026  0.50654160  
8_0_0      0.48094868  0.45621718  0.45621718  0.51968026  0.49363373  0.50654160  0.46847889  0.48094868  0.44415672  0.49363373  0.43229100  0.00000000  0.12046735  0.12046735  0.12820823  0.14393899  0.15193248  0.18480540  0.14393899  
7_0_0      0.50654160  0.48094868  0.48094868  0.53305812  0.50654160  0.48094868  0.51968026  0.50654160  0.53305812  0.57471813  0.48094868  0.12046735  0.00000000  0.01318956  0.01987419  0.04723791  0.14393899  0.15193248  0.15193248  
10_0_0     0.48094868  0.45621718  0.48094868  0.53305812  0.50654160  0.45621718  0.49363373  0.48094868  0.50654160  0.54668405  0.45621718  0.12046735  0.01318956  0.00000000  0.01987419  0.04723791  0.12820823  0.15193248  0.16818514  
5_0_0      0.48094868  0.45621718  0.45621718  0.50654160  0.48094868  0.48094868  0.51968026  0.50654160  0.53305812  0.57471813  0.48094868  0.12820823  0.01987419  0.01987419  0.00000000  0.04723791  0.15193248  0.15193248  0.17644828  
1_0_0      0.53305812  0.50654160  0.50654160  0.56056741  0.53305812  0.48094868  0.50654160  0.49363373  0.50654160  0.54668405  0.48094868  0.14393899  0.04723791  0.04723791  0.04723791  0.00000000  0.15193248  0.18480540  0.21046261  
12_0_0     0.56056741  0.54668405  0.57471813  0.60386427  0.57471813  0.50654160  0.54668405  0.53305812  0.48094868  0.51968026  0.50654160  0.15193248  0.14393899  0.12820823  0.15193248  0.15193248  0.00000000  0.18480540  0.22807901  
4_0_0      0.60386427  0.57471813  0.57471813  0.58914671  0.57471813  0.54668405  0.56056741  0.57471813  0.54668405  0.56056741  0.51968026  0.18480540  0.15193248  0.15193248  0.15193248  0.18480540  0.18480540  0.00000000  0.24612812  
9_0_0      0.51968026  0.49363373  0.49363373  0.48094868  0.46847889  0.48094868  0.51968026  0.50654160  0.50654160  0.51968026  0.50654160  0.14393899  0.15193248  0.16818514  0.17644828  0.21046261  0.22807901  0.24612812  0.00000000  

