21
93_0_0     0.00000000  0.36871065  0.37576636  0.37576636  0.38288976  0.38288976  0.38288976  0.40467951  0.35479729  0.33440426  0.33440426  0.37576636  0.34793718  0.35479729  0.35479729  0.36172138  0.35479729  0.36172138  0.37576636  0.35479729  0.37576636  
85_5_0     0.36871065  0.00000000  0.01293250  0.01293250  0.02609429  0.02168105  0.02609429  0.14074137  0.08598978  0.07173264  0.07173264  0.15114504  0.14074137  0.15114504  0.15114504  0.14074137  0.14592498  0.14074137  0.15640207  0.14074137  0.19985474  
80_5_0     0.37576636  0.01293250  0.00000000  0.00000000  0.01293250  0.00859659  0.01293250  0.14592498  0.08120691  0.06704047  0.06704047  0.16702913  0.14592498  0.14592498  0.14592498  0.14592498  0.15114504  0.14592498  0.17240026  0.14592498  0.20546961  
73_5_0     0.37576636  0.01293250  0.00000000  0.00000000  0.01293250  0.00859659  0.01293250  0.14592498  0.08120691  0.06704047  0.06704047  0.16702913  0.14592498  0.14592498  0.14592498  0.14592498  0.15114504  0.14592498  0.17240026  0.14592498  0.20546961  
63_5_0     0.38288976  0.02609429  0.01293250  0.01293250  0.00000000  0.00428585  0.00000000  0.15114504  0.08598978  0.06237776  0.06237776  0.16169659  0.15114504  0.14074137  0.14074137  0.14074137  0.14592498  0.14074137  0.16702913  0.14074137  0.21112726  
86_5_0     0.38288976  0.02168105  0.00859659  0.00859659  0.00428585  0.00000000  0.00428585  0.14592498  0.08120691  0.06704047  0.06704047  0.16702913  0.15640207  0.14592498  0.14592498  0.14592498  0.15114504  0.14592498  0.16169659  0.14592498  0.20546961  
58_5_0     0.38288976  0.02609429  0.01293250  0.01293250  0.00000000  0.00428585  0.00000000  0.15114504  0.08598978  0.06237776  0.06237776  0.16169659  0.15114504  0.14074137  0.14074137  0.14074137  0.14592498  0.14074137  0.16702913  0.14074137  0.21112726  
83_9_0     0.40467951  0.14074137  0.14592498  0.14592498  0.15114504  0.14592498  0.15114504  0.00000000  0.13048148  0.12036145  0.12036145  0.19985474  0.22836363  0.19985474  0.19985474  0.19428202  0.19985474  0.19428202  0.20546961  0.20546961  0.25198620  
82_9_0     0.35479729  0.08598978  0.08120691  0.08120691  0.08598978  0.08120691  0.08598978  0.13048148  0.00000000  0.04401439  0.04401439  0.19985474  0.17781053  0.16702913  0.16702913  0.15640207  0.15114504  0.15640207  0.17240026  0.16702913  0.18326052  
73_9_0     0.33440426  0.07173264  0.06704047  0.06704047  0.06237776  0.06704047  0.06237776  0.12036145  0.04401439  0.00000000  0.00000000  0.17240026  0.16169659  0.15114504  0.15114504  0.13559370  0.13048148  0.13559370  0.16169659  0.15114504  0.19985474  
80_9_0     0.33440426  0.07173264  0.06704047  0.06704047  0.06237776  0.06704047  0.06237776  0.12036145  0.04401439  0.00000000  0.00000000  0.17240026  0.16169659  0.15114504  0.15114504  0.13559370  0.13048148  0.13559370  0.16169659  0.15114504  0.19985474  
83_10_0    0.37576636  0.15114504  0.16702913  0.16702913  0.16169659  0.16702913  0.16169659  0.19985474  0.19985474  0.17240026  0.17240026  0.00000000  0.06704047  0.07645466  0.07645466  0.09080365  0.09564895  0.09080365  0.11037752  0.07173264  0.16702913  
83_8_0     0.34793718  0.14074137  0.14592498  0.14592498  0.15114504  0.15640207  0.15114504  0.22836363  0.17781053  0.16169659  0.16169659  0.06704047  0.00000000  0.04856282  0.04856282  0.07173264  0.07645466  0.07173264  0.09564895  0.06237776  0.13559370  
80_8_0     0.35479729  0.15114504  0.14592498  0.14592498  0.14074137  0.14592498  0.14074137  0.19985474  0.16702913  0.15114504  0.15114504  0.07645466  0.04856282  0.00000000  0.00000000  0.03053393  0.03500027  0.03053393  0.07173264  0.03053393  0.12540422  
73_8_0     0.35479729  0.15114504  0.14592498  0.14592498  0.14074137  0.14592498  0.14074137  0.19985474  0.16702913  0.15114504  0.15114504  0.07645466  0.04856282  0.00000000  0.00000000  0.03053393  0.03500027  0.03053393  0.07173264  0.03053393  0.12540422  
58_8_0     0.36172138  0.14074137  0.14592498  0.14592498  0.14074137  0.14592498  0.14074137  0.19428202  0.15640207  0.13559370  0.13559370  0.09080365  0.07173264  0.03053393  0.03053393  0.00000000  0.00428585  0.00000000  0.03949365  0.04401439  0.14074137  
86_8_0     0.35479729  0.14592498  0.15114504  0.15114504  0.14592498  0.15114504  0.14592498  0.19985474  0.15114504  0.13048148  0.13048148  0.09564895  0.07645466  0.03500027  0.03500027  0.00428585  0.00000000  0.00428585  0.03500027  0.04856282  0.13559370  
63_8_0     0.36172138  0.14074137  0.14592498  0.14592498  0.14074137  0.14592498  0.14074137  0.19428202  0.15640207  0.13559370  0.13559370  0.09080365  0.07173264  0.03053393  0.03053393  0.00000000  0.00428585  0.00000000  0.03949365  0.04401439  0.14074137  
82_8_0     0.37576636  0.15640207  0.17240026  0.17240026  0.16702913  0.16169659  0.16702913  0.20546961  0.17240026  0.16169659  0.16169659  0.11037752  0.09564895  0.07173264  0.07173264  0.03949365  0.03500027  0.03949365  0.00000000  0.06704047  0.14592498  
85_8_0     0.35479729  0.14074137  0.14592498  0.14592498  0.14074137  0.14592498  0.14074137  0.20546961  0.16702913  0.15114504  0.15114504  0.07173264  0.06237776  0.03053393  0.03053393  0.04401439  0.04856282  0.04401439  0.06704047  0.00000000  0.11037752  
54_8_0     0.37576636  0.19985474  0.20546961  0.20546961  0.21112726  0.20546961  0.21112726  0.25198620  0.18326052  0.19985474  0.19985474  0.16702913  0.13559370  0.12540422  0.12540422  0.14074137  0.13559370  0.14074137  0.14592498  0.11037752  0.00000000  

