20
3_0_0      0.00000000  0.00000000  0.00514626  0.22659939  0.60183677  0.55657655  0.55657655  0.56763187  0.54568577  0.53495470  0.26978677  0.26978677  0.30006273  0.30006273  0.30006273  0.30783158  0.30783158  0.30783158  0.31568380  0.30783158  
2_0_0      0.00000000  0.00000000  0.00514626  0.22659939  0.60183677  0.55657655  0.55657655  0.56763187  0.54568577  0.53495470  0.26978677  0.26978677  0.30006273  0.30006273  0.30006273  0.30783158  0.30783158  0.30783158  0.31568380  0.30783158  
1_0_0      0.00514626  0.00514626  0.00000000  0.22659939  0.60183677  0.55657655  0.55657655  0.57885679  0.55657655  0.54568577  0.27723913  0.27723913  0.30783158  0.30783158  0.30783158  0.31568380  0.31568380  0.31568380  0.32362119  0.31568380  
20_0_0     0.22659939  0.22659939  0.22659939  0.00000000  0.53495470  0.49353815  0.49353815  0.46394499  0.44486086  0.43550226  0.18581949  0.18581949  0.21275203  0.21275203  0.21275203  0.21964296  0.20592540  0.19916186  0.20592540  0.17923843  
7_0_0      0.60183677  0.60183677  0.60183677  0.53495470  0.00000000  0.02080582  0.02080582  0.26978677  0.26240954  0.25510594  0.50367460  0.50367460  0.47367700  0.49353815  0.49353815  0.49353815  0.52437873  0.57885679  0.63771929  0.55657655  
9_0_0      0.55657655  0.55657655  0.55657655  0.49353815  0.02080582  0.00000000  0.00000000  0.25510594  0.24787452  0.24071386  0.48354019  0.48354019  0.45434071  0.47367700  0.47367700  0.47367700  0.50367460  0.53495470  0.59025657  0.51395344  
13_0_0     0.55657655  0.55657655  0.55657655  0.49353815  0.02080582  0.00000000  0.00000000  0.25510594  0.24787452  0.24071386  0.48354019  0.48354019  0.45434071  0.47367700  0.47367700  0.47367700  0.50367460  0.53495470  0.59025657  0.51395344  
8_0_0      0.56763187  0.56763187  0.57885679  0.46394499  0.26978677  0.25510594  0.25510594  0.00000000  0.01554865  0.06428098  0.39922070  0.39922070  0.39042458  0.39042458  0.39042458  0.38173294  0.45434071  0.48354019  0.51395344  0.46394499  
18_0_0     0.54568577  0.54568577  0.55657655  0.44486086  0.26240954  0.24787452  0.24787452  0.01554865  0.00000000  0.08127399  0.41713663  0.41713663  0.40812384  0.40812384  0.40812384  0.39922070  0.45434071  0.48354019  0.51395344  0.46394499  
19_0_0     0.53495470  0.53495470  0.54568577  0.43550226  0.25510594  0.24071386  0.24071386  0.06428098  0.08127399  0.00000000  0.37314334  0.37314334  0.38173294  0.38173294  0.38173294  0.37314334  0.40812384  0.47367700  0.50367460  0.43550226  
11_0_0     0.26978677  0.26978677  0.27723913  0.18581949  0.50367460  0.48354019  0.48354019  0.39922070  0.41713663  0.37314334  0.00000000  0.00000000  0.08127399  0.08127399  0.08127399  0.08702717  0.22659939  0.21275203  0.21275203  0.20592540  
17_0_0     0.26978677  0.26978677  0.27723913  0.18581949  0.50367460  0.48354019  0.48354019  0.39922070  0.41713663  0.37314334  0.00000000  0.00000000  0.08127399  0.08127399  0.08127399  0.08702717  0.22659939  0.21275203  0.21275203  0.20592540  
5_0_0      0.30006273  0.30006273  0.30783158  0.21275203  0.47367700  0.45434071  0.45434071  0.39042458  0.40812384  0.38173294  0.08127399  0.08127399  0.00000000  0.01032897  0.01032897  0.01554865  0.21964296  0.23362260  0.23362260  0.21964296  
4_0_0      0.30006273  0.30006273  0.30783158  0.21275203  0.49353815  0.47367700  0.47367700  0.39042458  0.40812384  0.38173294  0.08127399  0.08127399  0.01032897  0.00000000  0.00000000  0.00514626  0.21275203  0.22659939  0.22659939  0.21275203  
12_0_0     0.30006273  0.30006273  0.30783158  0.21275203  0.49353815  0.47367700  0.47367700  0.39042458  0.40812384  0.38173294  0.08127399  0.08127399  0.01032897  0.00000000  0.00000000  0.00514626  0.21275203  0.22659939  0.22659939  0.21275203  
10_0_0     0.30783158  0.30783158  0.31568380  0.21964296  0.49353815  0.47367700  0.47367700  0.38173294  0.39922070  0.37314334  0.08702717  0.08702717  0.01554865  0.00514626  0.00514626  0.00000000  0.21964296  0.23362260  0.23362260  0.21964296  
15_0_0     0.30783158  0.30783158  0.31568380  0.20592540  0.52437873  0.50367460  0.50367460  0.45434071  0.45434071  0.40812384  0.22659939  0.22659939  0.21964296  0.21275203  0.21275203  0.21964296  0.00000000  0.11050317  0.14094864  0.17271604  
6_0_0      0.30783158  0.30783158  0.31568380  0.19916186  0.57885679  0.53495470  0.53495470  0.48354019  0.48354019  0.47367700  0.21275203  0.21275203  0.23362260  0.22659939  0.22659939  0.23362260  0.11050317  0.00000000  0.03680785  0.14094864  
14_0_0     0.31568380  0.31568380  0.32362119  0.20592540  0.63771929  0.59025657  0.59025657  0.51395344  0.51395344  0.50367460  0.21275203  0.21275203  0.23362260  0.22659939  0.22659939  0.23362260  0.14094864  0.03680785  0.00000000  0.14719275  
16_0_0     0.30783158  0.30783158  0.31568380  0.17923843  0.55657655  0.51395344  0.51395344  0.46394499  0.46394499  0.43550226  0.20592540  0.20592540  0.21964296  0.21275203  0.21275203  0.21964296  0.17271604  0.14094864  0.14719275  0.00000000  

