12
68_1_0     0.00000000  0.32497417  0.27700078  0.23193182  0.24171407  0.33050045  0.33050045  0.29794170  0.40022739  0.41251076  0.38217407  0.37625227  
60_1_0     0.32497417  0.00000000  0.06698103  0.23193182  0.21749527  0.33050045  0.30863722  0.33606804  0.41251076  0.34167758  0.35876428  0.34732970  
92_1_0     0.27700078  0.06698103  0.00000000  0.17129985  0.15798214  0.31404314  0.29265101  0.29794170  0.40634375  0.33606804  0.37037719  0.35876428  
84_1_0     0.23193182  0.23193182  0.17129985  0.00000000  0.02533724  0.30327026  0.25162652  0.24665380  0.40022739  0.36454810  0.34167758  0.33050045  
74_1_0     0.24171407  0.21749527  0.15798214  0.02533724  0.00000000  0.29265101  0.24171407  0.23680688  0.37625227  0.34167758  0.34167758  0.34167758  
73_1_0     0.33050045  0.33050045  0.31404314  0.30327026  0.29265101  0.00000000  0.06698103  0.07088490  0.26674709  0.26674709  0.24665380  0.26674709  
70_1_0     0.33050045  0.30863722  0.29265101  0.25162652  0.24171407  0.06698103  0.00000000  0.03273767  0.26674709  0.26674709  0.22708847  0.24171407  
77_1_0     0.29794170  0.33606804  0.29794170  0.24665380  0.23680688  0.07088490  0.03273767  0.00000000  0.25162652  0.26167271  0.24171407  0.25663268  
88_1_0     0.40022739  0.41251076  0.40634375  0.40022739  0.37625227  0.26674709  0.26674709  0.25162652  0.00000000  0.07480935  0.23680688  0.25663268  
88_2_0     0.41251076  0.34167758  0.33606804  0.36454810  0.34167758  0.26674709  0.26674709  0.26167271  0.07480935  0.00000000  0.23680688  0.25663268  
57_1_0     0.38217407  0.35876428  0.37037719  0.34167758  0.34167758  0.24665380  0.22708847  0.24171407  0.23680688  0.23680688  0.00000000  0.05156704  
64_1_0     0.37625227  0.34732970  0.35876428  0.33050045  0.34167758  0.26674709  0.24171407  0.25663268  0.25663268  0.25663268  0.05156704  0.00000000  

