150
38_11_0    0.00000000  0.29692470  0.29692470  0.32289752  0.31413764  0.28010527  0.28846692  0.29692470  0.72266964  0.65046785  0.63684040  0.38732330  0.39700539  0.43706052  0.36833316  0.40681660  0.51287557  0.61032012  0.59741004  0.34982086  0.34073651  0.32289752  0.31413764  0.35901879  0.36833316  0.34073651  0.32289752  0.28846692  0.33176295  0.42684046  0.38732330  0.31413764  0.37776696  0.39700539  0.40681660  0.32289752  0.49040538  0.43706052  0.44742456  0.49040538  0.44742456  0.47942250  0.37776696  0.37776696  0.37776696  0.41676041  0.41676041  0.43706052  0.42684046  0.39700539  0.35901879  0.38732330  0.41676041  0.42684046  0.42684046  0.43706052  0.42684046  0.46860116  0.36833316  0.36833316  0.40681660  0.44742456  0.42684046  0.47942250  0.46860116  0.50155469  0.50155469  0.50155469  0.49040538  0.42684046  0.36833316  0.38732330  0.31413764  0.38732330  0.45793667  0.45793667  0.44742456  0.41676041  0.43706052  0.43706052  0.32289752  0.36833316  0.33176295  0.33176295  0.34073651  0.35901879  0.34982086  0.40681660  0.39700539  0.47942250  0.43706052  0.47942250  0.47942250  0.50155469  0.50155469  0.50155469  0.53605368  0.65046785  0.61032012  0.61032012  0.61032012  0.59741004  0.57225024  0.59741004  0.61032012  0.65046785  0.61032012  0.69293341  0.61032012  0.62346077  0.52437336  0.57225024  0.57225024  0.65046785  0.65046785  0.55998579  0.51287557  0.52437336  0.51287557  0.52437336  0.52437336  0.52437336  0.51287557  0.50155469  0.50155469  0.62346077  0.55998579  0.47942250  0.49040538  0.51287557  0.38732330  0.53605368  0.52437336  0.53605368  0.59741004  0.49040538  0.49040538  0.49040538  0.47942250  0.45793667  0.46860116  0.46860116  0.45793667  0.47942250  0.52437336  0.55998579  0.52437336  0.57225024  0.50155469  0.49040538  
65_11_0    0.29692470  0.00000000  0.02308570  0.03490599  0.02897210  0.03490599  0.03490599  0.14387538  0.61032012  0.62346077  0.59741004  0.21642756  0.22409234  0.27183758  0.23966568  0.23966568  0.39700539  0.41676041  0.40681660  0.13699865  0.19390099  0.18654283  0.17204367  0.22409234  0.21642756  0.20884181  0.19390099  0.12343505  0.15081700  0.34982086  0.23183780  0.15081700  0.32289752  0.41676041  0.27183758  0.10354726  0.27183758  0.23183780  0.23966568  0.34073651  0.28846692  0.29692470  0.30548083  0.30548083  0.30548083  0.39700539  0.39700539  0.39700539  0.38732330  0.37776696  0.32289752  0.31413764  0.40681660  0.42684046  0.42684046  0.43706052  0.42684046  0.44742456  0.30548083  0.34073651  0.32289752  0.34982086  0.33176295  0.34982086  0.35901879  0.33176295  0.38732330  0.38732330  0.35901879  0.28846692  0.16489986  0.16489986  0.20884181  0.16489986  0.28010527  0.29692470  0.31413764  0.28846692  0.27183758  0.26366176  0.23966568  0.24757773  0.23183780  0.23183780  0.22409234  0.23183780  0.23966568  0.23966568  0.21642756  0.37776696  0.34073651  0.45793667  0.45793667  0.46860116  0.49040538  0.36833316  0.40681660  0.57225024  0.50155469  0.46860116  0.50155469  0.51287557  0.46860116  0.50155469  0.50155469  0.51287557  0.49040538  0.47942250  0.47942250  0.49040538  0.50155469  0.53605368  0.53605368  0.65046785  0.65046785  0.53605368  0.44742456  0.45793667  0.44742456  0.45793667  0.45793667  0.43706052  0.49040538  0.50155469  0.50155469  0.47942250  0.53605368  0.44742456  0.41676041  0.47942250  0.43706052  0.39700539  0.38732330  0.39700539  0.51287557  0.39700539  0.39700539  0.39700539  0.46860116  0.44742456  0.37776696  0.37776696  0.37776696  0.40681660  0.55998579  0.49040538  0.43706052  0.51287557  0.40681660  0.39700539  
65_19_0    0.29692470  0.02308570  0.00000000  0.03490599  0.02897210  0.02308570  0.03490599  0.14387538  0.59741004  0.61032012  0.58472260  0.23183780  0.22409234  0.28010527  0.26366176  0.26366176  0.38732330  0.40681660  0.39700539  0.13699865  0.20884181  0.20133347  0.18654283  0.23966568  0.23183780  0.22409234  0.20884181  0.13018559  0.15081700  0.34982086  0.23183780  0.15081700  0.32289752  0.39700539  0.25557579  0.10354726  0.26366176  0.22409234  0.23183780  0.33176295  0.28010527  0.29692470  0.29692470  0.29692470  0.29692470  0.38732330  0.38732330  0.38732330  0.37776696  0.36833316  0.31413764  0.30548083  0.39700539  0.41676041  0.41676041  0.42684046  0.41676041  0.43706052  0.29692470  0.33176295  0.31413764  0.34073651  0.32289752  0.34073651  0.34982086  0.32289752  0.37776696  0.37776696  0.34982086  0.28010527  0.15782473  0.15782473  0.21642756  0.15782473  0.25557579  0.27183758  0.28846692  0.28010527  0.26366176  0.25557579  0.23183780  0.23966568  0.22409234  0.22409234  0.21642756  0.22409234  0.23183780  0.23183780  0.22409234  0.36833316  0.33176295  0.46860116  0.46860116  0.47942250  0.50155469  0.37776696  0.41676041  0.58472260  0.51287557  0.45793667  0.47942250  0.49040538  0.46860116  0.50155469  0.47942250  0.49040538  0.46860116  0.45793667  0.45793667  0.46860116  0.51287557  0.50155469  0.52437336  0.63684040  0.63684040  0.52437336  0.43706052  0.44742456  0.43706052  0.44742456  0.44742456  0.42684046  0.47942250  0.49040538  0.49040538  0.49040538  0.54792243  0.43706052  0.40681660  0.46860116  0.42684046  0.39700539  0.38732330  0.39700539  0.49040538  0.39700539  0.39700539  0.39700539  0.44742456  0.44742456  0.36833316  0.36833316  0.37776696  0.39700539  0.55998579  0.47942250  0.44742456  0.50155469  0.39700539  0.38732330  
65_16_0    0.32289752  0.03490599  0.03490599  0.00000000  0.00570387  0.04691929  0.04691929  0.15782473  0.59741004  0.61032012  0.61032012  0.23183780  0.22409234  0.28846692  0.27183758  0.28010527  0.38732330  0.40681660  0.39700539  0.15081700  0.22409234  0.21642756  0.20133347  0.25557579  0.24757773  0.23966568  0.22409234  0.14387538  0.16489986  0.33176295  0.23183780  0.16489986  0.31413764  0.42684046  0.28846692  0.11674588  0.27183758  0.23183780  0.23966568  0.34982086  0.29692470  0.32289752  0.32289752  0.32289752  0.32289752  0.41676041  0.41676041  0.41676041  0.40681660  0.39700539  0.34073651  0.33176295  0.41676041  0.44742456  0.44742456  0.45793667  0.44742456  0.46860116  0.30548083  0.34073651  0.34073651  0.36833316  0.34982086  0.36833316  0.37776696  0.34982086  0.37776696  0.37776696  0.37776696  0.28846692  0.17925754  0.16489986  0.22409234  0.16489986  0.28846692  0.30548083  0.32289752  0.28846692  0.28010527  0.27183758  0.22409234  0.22409234  0.20884181  0.20884181  0.20133347  0.20884181  0.21642756  0.21642756  0.20884181  0.36833316  0.33176295  0.49040538  0.49040538  0.47942250  0.50155469  0.37776696  0.41676041  0.58472260  0.52437336  0.46860116  0.49040538  0.50155469  0.47942250  0.51287557  0.49040538  0.50155469  0.47942250  0.46860116  0.46860116  0.47942250  0.49040538  0.52437336  0.52437336  0.62346077  0.62346077  0.54792243  0.46860116  0.47942250  0.46860116  0.47942250  0.47942250  0.47942250  0.51287557  0.52437336  0.52437336  0.51287557  0.53605368  0.44742456  0.41676041  0.47942250  0.40681660  0.40681660  0.39700539  0.40681660  0.49040538  0.40681660  0.40681660  0.40681660  0.45793667  0.45793667  0.40681660  0.40681660  0.41676041  0.43706052  0.58472260  0.51287557  0.43706052  0.53605368  0.42684046  0.41676041  
65_20_0    0.31413764  0.02897210  0.02897210  0.00570387  0.00000000  0.04088812  0.04088812  0.15081700  0.59741004  0.61032012  0.61032012  0.22409234  0.21642756  0.28010527  0.26366176  0.27183758  0.39700539  0.41676041  0.40681660  0.14387538  0.21642756  0.20884181  0.19390099  0.24757773  0.23966568  0.23183780  0.21642756  0.13699865  0.15782473  0.34073651  0.22409234  0.15782473  0.32289752  0.41676041  0.28010527  0.11011697  0.28010527  0.23966568  0.24757773  0.34073651  0.28846692  0.31413764  0.31413764  0.31413764  0.31413764  0.40681660  0.40681660  0.40681660  0.39700539  0.38732330  0.33176295  0.32289752  0.40681660  0.43706052  0.43706052  0.44742456  0.43706052  0.45793667  0.29692470  0.33176295  0.33176295  0.35901879  0.34073651  0.35901879  0.36833316  0.34073651  0.38732330  0.38732330  0.36833316  0.29692470  0.17204367  0.17204367  0.23183780  0.17204367  0.28846692  0.30548083  0.32289752  0.29692470  0.27183758  0.26366176  0.23183780  0.23183780  0.21642756  0.21642756  0.20884181  0.21642756  0.22409234  0.22409234  0.21642756  0.35901879  0.32289752  0.47942250  0.47942250  0.49040538  0.51287557  0.38732330  0.42684046  0.57225024  0.51287557  0.45793667  0.50155469  0.51287557  0.49040538  0.52437336  0.50155469  0.51287557  0.49040538  0.47942250  0.47942250  0.49040538  0.50155469  0.51287557  0.51287557  0.63684040  0.63684040  0.54792243  0.47942250  0.49040538  0.47942250  0.49040538  0.49040538  0.46860116  0.52437336  0.53605368  0.53605368  0.50155469  0.54792243  0.45793667  0.42684046  0.49040538  0.41676041  0.41676041  0.40681660  0.41676041  0.50155469  0.41676041  0.41676041  0.41676041  0.46860116  0.46860116  0.39700539  0.39700539  0.40681660  0.42684046  0.59741004  0.50155469  0.44742456  0.54792243  0.43706052  0.42684046  
65_13_0    0.28010527  0.03490599  0.02308570  0.04691929  0.04088812  0.00000000  0.02308570  0.13018559  0.65046785  0.66435247  0.63684040  0.21642756  0.22409234  0.27183758  0.24757773  0.24757773  0.36833316  0.42684046  0.41676041  0.13699865  0.19390099  0.18654283  0.17204367  0.22409234  0.21642756  0.20884181  0.19390099  0.13018559  0.15081700  0.33176295  0.21642756  0.13699865  0.32289752  0.39700539  0.25557579  0.09058125  0.27183758  0.23183780  0.23966568  0.32289752  0.27183758  0.30548083  0.28846692  0.28846692  0.28846692  0.37776696  0.37776696  0.37776696  0.36833316  0.35901879  0.32289752  0.33176295  0.36833316  0.42684046  0.42684046  0.43706052  0.42684046  0.44742456  0.30548083  0.32289752  0.30548083  0.33176295  0.31413764  0.33176295  0.34073651  0.31413764  0.36833316  0.36833316  0.34073651  0.27183758  0.15081700  0.15081700  0.20884181  0.15081700  0.26366176  0.28010527  0.29692470  0.27183758  0.25557579  0.24757773  0.22409234  0.23183780  0.21642756  0.21642756  0.20884181  0.21642756  0.22409234  0.22409234  0.21642756  0.35901879  0.32289752  0.45793667  0.45793667  0.46860116  0.49040538  0.38732330  0.40681660  0.57225024  0.47942250  0.44742456  0.46860116  0.47942250  0.45793667  0.51287557  0.46860116  0.47942250  0.45793667  0.44742456  0.46860116  0.47942250  0.52437336  0.51287557  0.53605368  0.63684040  0.63684040  0.49040538  0.40681660  0.41676041  0.40681660  0.41676041  0.41676041  0.41676041  0.44742456  0.45793667  0.45793667  0.47942250  0.54792243  0.40681660  0.39700539  0.45793667  0.39700539  0.42684046  0.41676041  0.42684046  0.47942250  0.40681660  0.40681660  0.40681660  0.45793667  0.45793667  0.39700539  0.39700539  0.40681660  0.42684046  0.53605368  0.46860116  0.41676041  0.51287557  0.40681660  0.39700539  
65_18_0    0.28846692  0.03490599  0.03490599  0.04691929  0.04088812  0.02308570  0.00000000  0.10354726  0.65046785  0.66435247  0.63684040  0.23183780  0.23966568  0.28010527  0.25557579  0.25557579  0.38732330  0.44742456  0.43706052  0.14387538  0.20884181  0.20133347  0.18654283  0.23966568  0.23183780  0.22409234  0.20884181  0.13699865  0.16489986  0.34982086  0.22409234  0.14387538  0.34073651  0.41676041  0.26366176  0.10354726  0.27183758  0.23966568  0.24757773  0.33176295  0.28846692  0.30548083  0.29692470  0.29692470  0.29692470  0.37776696  0.37776696  0.37776696  0.36833316  0.35901879  0.31413764  0.32289752  0.36833316  0.41676041  0.41676041  0.42684046  0.41676041  0.43706052  0.31413764  0.33176295  0.32289752  0.34982086  0.33176295  0.34073651  0.34982086  0.32289752  0.37776696  0.37776696  0.34982086  0.28010527  0.16489986  0.16489986  0.21642756  0.16489986  0.28010527  0.29692470  0.31413764  0.28846692  0.27183758  0.26366176  0.23183780  0.23966568  0.22409234  0.22409234  0.21642756  0.22409234  0.23183780  0.23183780  0.22409234  0.36833316  0.32289752  0.44742456  0.44742456  0.45793667  0.47942250  0.40681660  0.42684046  0.58472260  0.47942250  0.45793667  0.49040538  0.50155469  0.47942250  0.51287557  0.49040538  0.50155469  0.47942250  0.46860116  0.46860116  0.47942250  0.51287557  0.55998579  0.55998579  0.63684040  0.63684040  0.51287557  0.42684046  0.43706052  0.42684046  0.43706052  0.43706052  0.43706052  0.46860116  0.47942250  0.47942250  0.47942250  0.54792243  0.42684046  0.41676041  0.49040538  0.39700539  0.43706052  0.42684046  0.43706052  0.51287557  0.42684046  0.42684046  0.42684046  0.47942250  0.47942250  0.40681660  0.40681660  0.40681660  0.42684046  0.55998579  0.46860116  0.42684046  0.51287557  0.40681660  0.39700539  
65_14_0    0.29692470  0.14387538  0.14387538  0.15782473  0.15081700  0.13018559  0.10354726  0.00000000  0.75365850  0.65046785  0.62346077  0.25557579  0.29692470  0.30548083  0.32289752  0.23966568  0.37776696  0.47942250  0.49040538  0.23966568  0.27183758  0.23183780  0.21642756  0.27183758  0.26366176  0.25557579  0.27183758  0.23183780  0.21642756  0.37776696  0.31413764  0.22409234  0.41676041  0.43706052  0.32289752  0.19390099  0.33176295  0.32289752  0.31413764  0.37776696  0.36833316  0.36833316  0.34982086  0.34982086  0.33176295  0.41676041  0.41676041  0.41676041  0.40681660  0.39700539  0.33176295  0.35901879  0.38732330  0.39700539  0.39700539  0.40681660  0.39700539  0.41676041  0.35901879  0.35901879  0.33176295  0.35901879  0.34073651  0.36833316  0.37776696  0.34982086  0.41676041  0.41676041  0.37776696  0.30548083  0.24757773  0.24757773  0.28846692  0.24757773  0.32289752  0.34073651  0.35901879  0.34073651  0.27183758  0.26366176  0.25557579  0.26366176  0.26366176  0.26366176  0.25557579  0.28010527  0.28846692  0.30548083  0.29692470  0.39700539  0.36833316  0.43706052  0.43706052  0.44742456  0.46860116  0.47942250  0.52437336  0.52437336  0.42684046  0.40681660  0.45793667  0.46860116  0.44742456  0.45793667  0.47942250  0.46860116  0.44742456  0.47942250  0.45793667  0.49040538  0.51287557  0.51287557  0.51287557  0.61032012  0.61032012  0.55998579  0.53605368  0.52437336  0.53605368  0.53605368  0.53605368  0.50155469  0.55998579  0.54792243  0.54792243  0.51287557  0.62346077  0.46860116  0.45793667  0.44742456  0.45793667  0.50155469  0.49040538  0.50155469  0.53605368  0.49040538  0.49040538  0.51287557  0.52437336  0.52437336  0.44742456  0.44742456  0.44742456  0.44742456  0.52437336  0.49040538  0.49040538  0.51287557  0.42684046  0.41676041  
57_11_0    0.72266964  0.61032012  0.59741004  0.59741004  0.59741004  0.65046785  0.65046785  0.75365850  0.00000000  0.07155085  0.13018559  0.69293341  0.66435247  0.66435247  0.70765131  0.70765131  0.81985010  0.65046785  0.63684040  0.66435247  0.66435247  0.69293341  0.69293341  0.67850417  0.65046785  0.67850417  0.67850417  0.61032012  0.67850417  0.72266964  0.70765131  0.80273561  0.65046785  0.76965654  0.83737220  0.70765131  0.81985010  0.70765131  0.72266964  0.76965654  0.69293341  0.63684040  0.75365850  0.75365850  0.72266964  0.72266964  0.72266964  0.72266964  0.73800093  0.70765131  0.70765131  0.69293341  0.70765131  0.73800093  0.73800093  0.72266964  0.73800093  0.73800093  0.69293341  0.65046785  0.69293341  0.70765131  0.69293341  0.72266964  0.70765131  0.73800093  0.73800093  0.73800093  0.69293341  0.78601019  0.63684040  0.65046785  0.69293341  0.65046785  0.66435247  0.63684040  0.66435247  0.62346077  0.78601019  0.78601019  0.83737220  0.81985010  0.80273561  0.80273561  0.78601019  0.80273561  0.81985010  0.76965654  0.76965654  0.75365850  0.73800093  0.87372028  0.87372028  0.85532180  0.80273561  0.63684040  0.72266964  1.04026896  0.80273561  0.89259066  0.80273561  0.81985010  0.91195780  0.89259066  0.81985010  0.83737220  0.91195780  0.89259066  0.87372028  0.87372028  0.87372028  0.89259066  0.83737220  0.91195780  0.91195780  0.89259066  0.80273561  0.80273561  0.81985010  0.75365850  0.75365850  0.80273561  0.81985010  0.80273561  0.80273561  0.93184855  0.80273561  0.78601019  0.85532180  0.97331981  0.93184855  0.75365850  0.72266964  0.73800093  0.78601019  0.78601019  0.78601019  0.73800093  0.89259066  0.83737220  0.80273561  0.80273561  0.81985010  0.85532180  1.14021286  0.87372028  0.87372028  0.99496630  0.81985010  0.83737220  
33_11_0    0.65046785  0.62346077  0.61032012  0.61032012  0.61032012  0.66435247  0.66435247  0.65046785  0.07155085  0.00000000  0.07155085  0.65046785  0.65046785  0.67850417  0.66435247  0.70765131  0.78601019  0.66435247  0.65046785  0.65046785  0.67850417  0.67850417  0.67850417  0.66435247  0.66435247  0.66435247  0.69293341  0.59741004  0.63684040  0.67850417  0.66435247  0.75365850  0.63684040  0.69293341  0.75365850  0.63684040  0.78601019  0.69293341  0.70765131  0.72266964  0.67850417  0.65046785  0.76965654  0.76965654  0.73800093  0.73800093  0.73800093  0.76965654  0.75365850  0.72266964  0.69293341  0.70765131  0.75365850  0.73800093  0.73800093  0.72266964  0.73800093  0.76965654  0.72266964  0.67850417  0.70765131  0.72266964  0.70765131  0.76965654  0.78601019  0.75365850  0.81985010  0.81985010  0.73800093  0.73800093  0.62346077  0.63684040  0.67850417  0.63684040  0.59741004  0.57225024  0.59741004  0.61032012  0.72266964  0.70765131  0.78601019  0.80273561  0.75365850  0.75365850  0.70765131  0.72266964  0.70765131  0.70765131  0.69293341  0.83737220  0.81985010  0.83737220  0.83737220  0.81985010  0.76965654  0.69293341  0.72266964  0.97331981  0.80273561  0.85532180  0.81985010  0.80273561  0.85532180  0.83737220  0.80273561  0.81985010  0.89259066  0.87372028  0.85532180  0.85532180  0.78601019  0.76965654  0.75365850  1.04026896  1.04026896  0.87372028  0.93184855  0.93184855  0.95229202  0.91195780  0.91195780  0.89259066  0.95229202  0.93184855  0.93184855  0.83737220  0.78601019  0.83737220  0.91195780  0.99496630  0.99496630  0.76965654  0.73800093  0.75365850  0.87372028  0.80273561  0.80273561  0.78601019  0.87372028  0.81985010  0.81985010  0.81985010  0.83737220  0.83737220  0.95229202  0.93184855  0.93184855  0.81985010  0.76965654  0.78601019  
32_11_0    0.63684040  0.59741004  0.58472260  0.61032012  0.61032012  0.63684040  0.63684040  0.62346077  0.13018559  0.07155085  0.00000000  0.66435247  0.72266964  0.69293341  0.65046785  0.67850417  0.72266964  0.63684040  0.62346077  0.62346077  0.76965654  0.76965654  0.73800093  0.75365850  0.75365850  0.75365850  0.78601019  0.65046785  0.63684040  0.69293341  0.67850417  0.75365850  0.65046785  0.69293341  0.67850417  0.61032012  0.76965654  0.67850417  0.69293341  0.63684040  0.59741004  0.59741004  0.72266964  0.72266964  0.69293341  0.75365850  0.75365850  0.78601019  0.76965654  0.73800093  0.65046785  0.66435247  0.70765131  0.72266964  0.72266964  0.70765131  0.72266964  0.75365850  0.72266964  0.70765131  0.63684040  0.67850417  0.66435247  0.72266964  0.73800093  0.70765131  0.76965654  0.76965654  0.69293341  0.70765131  0.59741004  0.61032012  0.67850417  0.61032012  0.57225024  0.54792243  0.57225024  0.58472260  0.69293341  0.67850417  0.69293341  0.70765131  0.66435247  0.66435247  0.62346077  0.65046785  0.63684040  0.61032012  0.61032012  0.87372028  0.85532180  0.95229202  0.95229202  0.89259066  0.87372028  0.76965654  0.80273561  1.11392557  0.91195780  0.95229202  0.91195780  0.89259066  0.97331981  0.99496630  0.91195780  0.95229202  0.93184855  0.99496630  0.97331981  0.97331981  0.87372028  0.80273561  0.78601019  1.01726901  1.01726901  0.85532180  0.85532180  0.85532180  0.87372028  0.85532180  0.85532180  0.87372028  0.85532180  0.83737220  0.83737220  0.78601019  0.83737220  0.78601019  0.81985010  0.89259066  0.93184855  0.78601019  0.78601019  0.76965654  0.89259066  0.78601019  0.78601019  0.76965654  0.85532180  0.80273561  0.80273561  0.80273561  0.81985010  0.85532180  0.97331981  0.83737220  0.83737220  0.81985010  0.66435247  0.67850417  
57_0_0     0.38732330  0.21642756  0.23183780  0.23183780  0.22409234  0.21642756  0.23183780  0.25557579  0.69293341  0.65046785  0.66435247  0.00000000  0.05300030  0.15081700  0.34982086  0.29692470  0.50155469  0.45793667  0.49040538  0.28010527  0.30548083  0.28846692  0.28846692  0.31413764  0.32289752  0.31413764  0.29692470  0.23966568  0.23966568  0.38732330  0.37776696  0.31413764  0.41676041  0.39700539  0.34982086  0.21642756  0.41676041  0.38732330  0.39700539  0.47942250  0.40681660  0.45793667  0.45793667  0.45793667  0.43706052  0.58472260  0.58472260  0.58472260  0.57225024  0.55998579  0.47942250  0.49040538  0.44742456  0.53605368  0.53605368  0.52437336  0.53605368  0.51287557  0.43706052  0.45793667  0.44742456  0.47942250  0.45793667  0.46860116  0.45793667  0.44742456  0.50155469  0.50155469  0.45793667  0.38732330  0.27183758  0.27183758  0.32289752  0.27183758  0.36833316  0.36833316  0.38732330  0.36833316  0.33176295  0.32289752  0.35901879  0.38732330  0.36833316  0.36833316  0.37776696  0.36833316  0.37776696  0.34073651  0.31413764  0.44742456  0.44742456  0.46860116  0.46860116  0.47942250  0.45793667  0.39700539  0.38732330  0.55998579  0.52437336  0.53605368  0.54792243  0.55998579  0.54792243  0.55998579  0.57225024  0.58472260  0.55998579  0.53605368  0.55998579  0.58472260  0.58472260  0.59741004  0.59741004  0.63684040  0.63684040  0.63684040  0.62346077  0.61032012  0.62346077  0.63684040  0.63684040  0.58472260  0.65046785  0.66435247  0.66435247  0.61032012  0.61032012  0.54792243  0.53605368  0.63684040  0.55998579  0.51287557  0.49040538  0.50155469  0.63684040  0.49040538  0.49040538  0.46860116  0.53605368  0.51287557  0.54792243  0.54792243  0.58472260  0.55998579  0.62346077  0.51287557  0.51287557  0.53605368  0.47942250  0.49040538  
32_0_0     0.39700539  0.22409234  0.22409234  0.22409234  0.21642756  0.22409234  0.23966568  0.29692470  0.66435247  0.65046785  0.72266964  0.05300030  0.00000000  0.16489986  0.34982086  0.30548083  0.53605368  0.45793667  0.46860116  0.26366176  0.28010527  0.26366176  0.28010527  0.30548083  0.31413764  0.30548083  0.27183758  0.24757773  0.23183780  0.40681660  0.37776696  0.30548083  0.36833316  0.42684046  0.37776696  0.22409234  0.39700539  0.39700539  0.40681660  0.47942250  0.40681660  0.47942250  0.43706052  0.43706052  0.43706052  0.58472260  0.58472260  0.58472260  0.57225024  0.55998579  0.47942250  0.46860116  0.44742456  0.55998579  0.55998579  0.54792243  0.55998579  0.53605368  0.41676041  0.45793667  0.46860116  0.50155469  0.47942250  0.49040538  0.47942250  0.46860116  0.47942250  0.47942250  0.47942250  0.34982086  0.25557579  0.25557579  0.30548083  0.25557579  0.34982086  0.34982086  0.36833316  0.38732330  0.36833316  0.35901879  0.35901879  0.36833316  0.34982086  0.34982086  0.35901879  0.36833316  0.37776696  0.30548083  0.28010527  0.44742456  0.42684046  0.51287557  0.51287557  0.52437336  0.50155469  0.42684046  0.43706052  0.51287557  0.50155469  0.46860116  0.52437336  0.54792243  0.50155469  0.51287557  0.52437336  0.53605368  0.51287557  0.49040538  0.51287557  0.53605368  0.61032012  0.62346077  0.62346077  0.61032012  0.61032012  0.63684040  0.61032012  0.59741004  0.61032012  0.62346077  0.62346077  0.57225024  0.63684040  0.65046785  0.65046785  0.59741004  0.59741004  0.58472260  0.57225024  0.65046785  0.54792243  0.52437336  0.51287557  0.52437336  0.61032012  0.51287557  0.51287557  0.49040538  0.55998579  0.53605368  0.57225024  0.57225024  0.58472260  0.61032012  0.63684040  0.53605368  0.49040538  0.55998579  0.52437336  0.53605368  
33_0_0     0.43706052  0.27183758  0.28010527  0.28846692  0.28010527  0.27183758  0.28010527  0.30548083  0.66435247  0.67850417  0.69293341  0.15081700  0.16489986  0.00000000  0.37776696  0.31413764  0.58472260  0.54792243  0.55998579  0.33176295  0.34982086  0.32289752  0.34073651  0.36833316  0.35901879  0.34982086  0.33176295  0.31413764  0.31413764  0.42684046  0.39700539  0.39700539  0.53605368  0.44742456  0.38732330  0.28846692  0.39700539  0.36833316  0.35901879  0.40681660  0.34073651  0.49040538  0.43706052  0.43706052  0.41676041  0.51287557  0.51287557  0.51287557  0.50155469  0.49040538  0.43706052  0.46860116  0.41676041  0.49040538  0.49040538  0.47942250  0.49040538  0.46860116  0.42684046  0.43706052  0.42684046  0.44742456  0.43706052  0.37776696  0.36833316  0.37776696  0.38732330  0.38732330  0.38732330  0.34982086  0.28846692  0.28846692  0.34073651  0.28846692  0.38732330  0.40681660  0.42684046  0.36833316  0.33176295  0.33176295  0.39700539  0.40681660  0.37776696  0.37776696  0.38732330  0.38732330  0.39700539  0.34073651  0.31413764  0.47942250  0.47942250  0.51287557  0.51287557  0.54792243  0.52437336  0.41676041  0.45793667  0.59741004  0.52437336  0.58472260  0.54792243  0.57225024  0.55998579  0.57225024  0.53605368  0.52437336  0.57225024  0.51287557  0.57225024  0.59741004  0.53605368  0.58472260  0.55998579  0.59741004  0.59741004  0.57225024  0.65046785  0.63684040  0.65046785  0.65046785  0.65046785  0.58472260  0.67850417  0.66435247  0.66435247  0.62346077  0.57225024  0.58472260  0.55998579  0.63684040  0.51287557  0.54792243  0.54792243  0.53605368  0.55998579  0.54792243  0.54792243  0.52437336  0.57225024  0.57225024  0.49040538  0.49040538  0.52437336  0.51287557  0.75365850  0.53605368  0.53605368  0.57225024  0.53605368  0.54792243  
15_3_0     0.36833316  0.23966568  0.26366176  0.27183758  0.26366176  0.24757773  0.25557579  0.32289752  0.70765131  0.66435247  0.65046785  0.34982086  0.34982086  0.37776696  0.00000000  0.15782473  0.40681660  0.50155469  0.46860116  0.32289752  0.32289752  0.33176295  0.29692470  0.36833316  0.34073651  0.34982086  0.35901879  0.30548083  0.30548083  0.40681660  0.33176295  0.29692470  0.34073651  0.40681660  0.34073651  0.26366176  0.39700539  0.38732330  0.39700539  0.47942250  0.41676041  0.42684046  0.44742456  0.44742456  0.44742456  0.51287557  0.51287557  0.51287557  0.52437336  0.49040538  0.47942250  0.45793667  0.47942250  0.46860116  0.46860116  0.47942250  0.46860116  0.49040538  0.39700539  0.41676041  0.39700539  0.41676041  0.42684046  0.42684046  0.43706052  0.40681660  0.44742456  0.44742456  0.43706052  0.35901879  0.27183758  0.28846692  0.29692470  0.28846692  0.40681660  0.42684046  0.41676041  0.36833316  0.35901879  0.34982086  0.38732330  0.35901879  0.34982086  0.34982086  0.34073651  0.30548083  0.31413764  0.31413764  0.30548083  0.45793667  0.41676041  0.47942250  0.47942250  0.54792243  0.52437336  0.54792243  0.50155469  0.66435247  0.59741004  0.55998579  0.58472260  0.61032012  0.58472260  0.54792243  0.55998579  0.57225024  0.55998579  0.55998579  0.54792243  0.58472260  0.61032012  0.63684040  0.63684040  0.72266964  0.72266964  0.65046785  0.51287557  0.50155469  0.52437336  0.51287557  0.51287557  0.45793667  0.53605368  0.54792243  0.54792243  0.65046785  0.67850417  0.61032012  0.59741004  0.65046785  0.52437336  0.53605368  0.53605368  0.54792243  0.67850417  0.52437336  0.52437336  0.57225024  0.55998579  0.53605368  0.47942250  0.47942250  0.46860116  0.49040538  0.65046785  0.63684040  0.59741004  0.62346077  0.57225024  0.55998579  
85_5_0     0.40681660  0.23966568  0.26366176  0.28010527  0.27183758  0.24757773  0.25557579  0.23966568  0.70765131  0.70765131  0.67850417  0.29692470  0.30548083  0.31413764  0.15782473  0.00000000  0.32289752  0.51287557  0.50155469  0.31413764  0.35901879  0.33176295  0.29692470  0.35901879  0.34982086  0.34073651  0.35901879  0.29692470  0.29692470  0.52437336  0.41676041  0.31413764  0.41676041  0.40681660  0.38732330  0.27183758  0.46860116  0.42684046  0.43706052  0.50155469  0.43706052  0.47942250  0.39700539  0.39700539  0.37776696  0.49040538  0.49040538  0.49040538  0.47942250  0.46860116  0.41676041  0.40681660  0.44742456  0.40681660  0.40681660  0.39700539  0.40681660  0.42684046  0.40681660  0.42684046  0.33176295  0.34982086  0.35901879  0.32289752  0.33176295  0.30548083  0.35901879  0.35901879  0.33176295  0.35901879  0.29692470  0.31413764  0.31413764  0.31413764  0.39700539  0.41676041  0.41676041  0.41676041  0.41676041  0.40681660  0.42684046  0.42684046  0.42684046  0.42684046  0.39700539  0.34073651  0.34982086  0.32289752  0.32289752  0.50155469  0.47942250  0.45793667  0.45793667  0.47942250  0.47942250  0.53605368  0.53605368  0.66435247  0.57225024  0.55998579  0.53605368  0.55998579  0.58472260  0.54792243  0.53605368  0.54792243  0.57225024  0.58472260  0.58472260  0.62346077  0.61032012  0.59741004  0.59741004  0.65046785  0.65046785  0.62346077  0.55998579  0.54792243  0.55998579  0.55998579  0.55998579  0.50155469  0.55998579  0.54792243  0.54792243  0.58472260  0.67850417  0.55998579  0.50155469  0.54792243  0.52437336  0.53605368  0.53605368  0.54792243  0.67850417  0.54792243  0.54792243  0.54792243  0.58472260  0.58472260  0.51287557  0.51287557  0.50155469  0.50155469  0.61032012  0.53605368  0.50155469  0.62346077  0.51287557  0.50155469  
85_4_0     0.51287557  0.39700539  0.38732330  0.38732330  0.39700539  0.36833316  0.38732330  0.37776696  0.81985010  0.78601019  0.72266964  0.50155469  0.53605368  0.58472260  0.40681660  0.32289752  0.00000000  0.69293341  0.70765131  0.46860116  0.57225024  0.55998579  0.51287557  0.52437336  0.51287557  0.54792243  0.54792243  0.43706052  0.46860116  0.52437336  0.43706052  0.41676041  0.53605368  0.55998579  0.49040538  0.43706052  0.57225024  0.53605368  0.54792243  0.55998579  0.52437336  0.54792243  0.61032012  0.61032012  0.58472260  0.61032012  0.61032012  0.61032012  0.62346077  0.58472260  0.58472260  0.59741004  0.63684040  0.65046785  0.65046785  0.66435247  0.65046785  0.67850417  0.66435247  0.66435247  0.51287557  0.54792243  0.53605368  0.50155469  0.51287557  0.47942250  0.54792243  0.54792243  0.53605368  0.51287557  0.47942250  0.45793667  0.47942250  0.45793667  0.53605368  0.53605368  0.53605368  0.50155469  0.46860116  0.45793667  0.46860116  0.49040538  0.46860116  0.46860116  0.45793667  0.41676041  0.42684046  0.43706052  0.43706052  0.46860116  0.44742456  0.63684040  0.63684040  0.62346077  0.65046785  0.70765131  0.69293341  0.80273561  0.70765131  0.73800093  0.62346077  0.63684040  0.67850417  0.78601019  0.66435247  0.70765131  0.72266964  0.69293341  0.70765131  0.75365850  0.61032012  0.63684040  0.67850417  0.78601019  0.78601019  0.54792243  0.55998579  0.57225024  0.55998579  0.55998579  0.55998579  0.57225024  0.55998579  0.57225024  0.57225024  0.51287557  0.66435247  0.52437336  0.53605368  0.62346077  0.51287557  0.63684040  0.62346077  0.63684040  0.65046785  0.63684040  0.63684040  0.63684040  0.62346077  0.65046785  0.54792243  0.54792243  0.51287557  0.55998579  0.62346077  0.61032012  0.65046785  0.62346077  0.52437336  0.53605368  
57_1_0     0.61032012  0.41676041  0.40681660  0.40681660  0.41676041  0.42684046  0.44742456  0.47942250  0.65046785  0.66435247  0.63684040  0.45793667  0.45793667  0.54792243  0.50155469  0.51287557  0.69293341  0.00000000  0.01724601  0.44742456  0.43706052  0.41676041  0.42684046  0.39700539  0.43706052  0.40681660  0.44742456  0.47942250  0.46860116  0.53605368  0.51287557  0.45793667  0.47942250  0.57225024  0.54792243  0.35901879  0.52437336  0.52437336  0.53605368  0.52437336  0.51287557  0.51287557  0.53605368  0.53605368  0.51287557  0.57225024  0.57225024  0.59741004  0.55998579  0.54792243  0.55998579  0.53605368  0.49040538  0.54792243  0.54792243  0.55998579  0.54792243  0.58472260  0.47942250  0.50155469  0.54792243  0.55998579  0.57225024  0.55998579  0.54792243  0.53605368  0.54792243  0.54792243  0.57225024  0.52437336  0.45793667  0.43706052  0.47942250  0.43706052  0.53605368  0.53605368  0.55998579  0.51287557  0.54792243  0.53605368  0.52437336  0.54792243  0.52437336  0.52437336  0.51287557  0.49040538  0.47942250  0.52437336  0.50155469  0.57225024  0.57225024  0.69293341  0.69293341  0.72266964  0.69293341  0.59741004  0.58472260  0.62346077  0.69293341  0.67850417  0.65046785  0.63684040  0.66435247  0.70765131  0.67850417  0.69293341  0.66435247  0.62346077  0.67850417  0.62346077  0.75365850  0.61032012  0.62346077  0.69293341  0.69293341  0.63684040  0.67850417  0.66435247  0.67850417  0.69293341  0.69293341  0.62346077  0.69293341  0.70765131  0.70765131  0.70765131  0.67850417  0.54792243  0.51287557  0.62346077  0.61032012  0.57225024  0.53605368  0.54792243  0.66435247  0.52437336  0.52437336  0.57225024  0.55998579  0.53605368  0.63684040  0.63684040  0.65046785  0.62346077  0.70765131  0.61032012  0.55998579  0.61032012  0.58472260  0.57225024  
33_1_0     0.59741004  0.40681660  0.39700539  0.39700539  0.40681660  0.41676041  0.43706052  0.49040538  0.63684040  0.65046785  0.62346077  0.49040538  0.46860116  0.55998579  0.46860116  0.50155469  0.70765131  0.01724601  0.00000000  0.43706052  0.41676041  0.39700539  0.40681660  0.39700539  0.43706052  0.40681660  0.44742456  0.46860116  0.45793667  0.54792243  0.52437336  0.46860116  0.46860116  0.58472260  0.58472260  0.36833316  0.52437336  0.52437336  0.53605368  0.49040538  0.47942250  0.50155469  0.52437336  0.52437336  0.52437336  0.58472260  0.58472260  0.61032012  0.57225024  0.55998579  0.57225024  0.54792243  0.52437336  0.53605368  0.53605368  0.54792243  0.53605368  0.57225024  0.51287557  0.53605368  0.55998579  0.57225024  0.58472260  0.57225024  0.55998579  0.54792243  0.58472260  0.58472260  0.58472260  0.51287557  0.42684046  0.42684046  0.46860116  0.42684046  0.52437336  0.52437336  0.54792243  0.50155469  0.55998579  0.54792243  0.51287557  0.53605368  0.51287557  0.51287557  0.50155469  0.47942250  0.46860116  0.49040538  0.49040538  0.58472260  0.58472260  0.67850417  0.67850417  0.70765131  0.67850417  0.58472260  0.57225024  0.66435247  0.73800093  0.69293341  0.66435247  0.65046785  0.65046785  0.69293341  0.66435247  0.67850417  0.65046785  0.61032012  0.66435247  0.61032012  0.76965654  0.61032012  0.62346077  0.69293341  0.69293341  0.63684040  0.65046785  0.63684040  0.65046785  0.66435247  0.66435247  0.59741004  0.66435247  0.67850417  0.67850417  0.67850417  0.69293341  0.54792243  0.51287557  0.62346077  0.58472260  0.57225024  0.53605368  0.54792243  0.63684040  0.52437336  0.52437336  0.57225024  0.55998579  0.53605368  0.63684040  0.63684040  0.65046785  0.62346077  0.69293341  0.63684040  0.55998579  0.61032012  0.58472260  0.57225024  
85_1_0     0.34982086  0.13699865  0.13699865  0.15081700  0.14387538  0.13699865  0.14387538  0.23966568  0.66435247  0.65046785  0.62346077  0.28010527  0.26366176  0.33176295  0.32289752  0.31413764  0.46860116  0.44742456  0.43706052  0.00000000  0.17204367  0.15081700  0.16489986  0.18654283  0.19390099  0.17204367  0.15081700  0.07783979  0.09703569  0.41676041  0.29692470  0.19390099  0.38732330  0.37776696  0.28010527  0.13018559  0.28846692  0.28010527  0.28846692  0.33176295  0.29692470  0.34982086  0.28010527  0.28010527  0.28010527  0.38732330  0.38732330  0.40681660  0.37776696  0.38732330  0.31413764  0.31413764  0.39700539  0.39700539  0.39700539  0.38732330  0.39700539  0.43706052  0.26366176  0.33176295  0.31413764  0.35901879  0.35901879  0.37776696  0.38732330  0.37776696  0.41676041  0.41676041  0.38732330  0.32289752  0.19390099  0.19390099  0.27183758  0.19390099  0.29692470  0.31413764  0.31413764  0.28846692  0.28846692  0.28846692  0.28010527  0.28846692  0.27183758  0.27183758  0.26366176  0.27183758  0.26366176  0.24757773  0.23966568  0.39700539  0.37776696  0.44742456  0.44742456  0.46860116  0.49040538  0.43706052  0.49040538  0.54792243  0.57225024  0.41676041  0.47942250  0.47942250  0.45793667  0.52437336  0.45793667  0.46860116  0.46860116  0.45793667  0.47942250  0.47942250  0.49040538  0.50155469  0.51287557  0.61032012  0.61032012  0.55998579  0.42684046  0.43706052  0.43706052  0.44742456  0.44742456  0.38732330  0.41676041  0.42684046  0.42684046  0.49040538  0.53605368  0.44742456  0.41676041  0.50155469  0.42684046  0.50155469  0.49040538  0.50155469  0.52437336  0.43706052  0.43706052  0.43706052  0.43706052  0.43706052  0.41676041  0.41676041  0.40681660  0.42684046  0.55998579  0.52437336  0.42684046  0.49040538  0.39700539  0.38732330  
41_1_0     0.34073651  0.19390099  0.20884181  0.22409234  0.21642756  0.19390099  0.20884181  0.27183758  0.66435247  0.67850417  0.76965654  0.30548083  0.28010527  0.34982086  0.32289752  0.35901879  0.57225024  0.43706052  0.41676041  0.17204367  0.00000000  0.02897210  0.04088812  0.06531522  0.05300030  0.04691929  0.06531522  0.15782473  0.17204367  0.35901879  0.32289752  0.24757773  0.42684046  0.43706052  0.38732330  0.20884181  0.33176295  0.32289752  0.33176295  0.44742456  0.40681660  0.36833316  0.36833316  0.36833316  0.36833316  0.41676041  0.41676041  0.43706052  0.40681660  0.40681660  0.40681660  0.39700539  0.41676041  0.40681660  0.40681660  0.41676041  0.40681660  0.44742456  0.33176295  0.40681660  0.37776696  0.40681660  0.38732330  0.44742456  0.43706052  0.44742456  0.46860116  0.46860116  0.45793667  0.34073651  0.23183780  0.24757773  0.27183758  0.24757773  0.37776696  0.39700539  0.39700539  0.34982086  0.34073651  0.34073651  0.33176295  0.32289752  0.32289752  0.32289752  0.33176295  0.34073651  0.33176295  0.33176295  0.32289752  0.41676041  0.39700539  0.44742456  0.44742456  0.49040538  0.49040538  0.34982086  0.39700539  0.51287557  0.51287557  0.42684046  0.53605368  0.53605368  0.53605368  0.55998579  0.51287557  0.52437336  0.55998579  0.50155469  0.52437336  0.50155469  0.50155469  0.57225024  0.58472260  0.61032012  0.61032012  0.61032012  0.50155469  0.49040538  0.50155469  0.50155469  0.50155469  0.44742456  0.54792243  0.55998579  0.55998579  0.55998579  0.59741004  0.47942250  0.49040538  0.53605368  0.44742456  0.44742456  0.43706052  0.44742456  0.51287557  0.42684046  0.42684046  0.44742456  0.46860116  0.42684046  0.43706052  0.43706052  0.44742456  0.44742456  0.59741004  0.52437336  0.49040538  0.53605368  0.47942250  0.46860116  
69_1_0     0.32289752  0.18654283  0.20133347  0.21642756  0.20884181  0.18654283  0.20133347  0.23183780  0.69293341  0.67850417  0.76965654  0.28846692  0.26366176  0.32289752  0.33176295  0.33176295  0.55998579  0.41676041  0.39700539  0.15081700  0.02897210  0.00000000  0.02308570  0.04691929  0.04691929  0.02897210  0.04691929  0.15081700  0.15081700  0.38732330  0.36833316  0.23966568  0.39700539  0.42684046  0.35901879  0.18654283  0.34073651  0.33176295  0.34073651  0.41676041  0.37776696  0.37776696  0.34982086  0.34982086  0.34982086  0.39700539  0.39700539  0.41676041  0.38732330  0.38732330  0.38732330  0.37776696  0.39700539  0.38732330  0.38732330  0.39700539  0.38732330  0.42684046  0.31413764  0.38732330  0.37776696  0.40681660  0.38732330  0.44742456  0.43706052  0.44742456  0.46860116  0.46860116  0.45793667  0.34982086  0.22409234  0.23966568  0.26366176  0.23966568  0.36833316  0.38732330  0.38732330  0.34982086  0.32289752  0.32289752  0.33176295  0.32289752  0.32289752  0.32289752  0.33176295  0.32289752  0.31413764  0.31413764  0.30548083  0.40681660  0.38732330  0.41676041  0.41676041  0.45793667  0.45793667  0.35901879  0.42684046  0.50155469  0.50155469  0.41676041  0.52437336  0.52437336  0.52437336  0.52437336  0.50155469  0.51287557  0.53605368  0.50155469  0.52437336  0.52437336  0.51287557  0.55998579  0.57225024  0.58472260  0.58472260  0.61032012  0.52437336  0.51287557  0.52437336  0.52437336  0.52437336  0.44742456  0.54792243  0.55998579  0.55998579  0.53605368  0.57225024  0.47942250  0.46860116  0.53605368  0.46860116  0.46860116  0.45793667  0.46860116  0.53605368  0.44742456  0.44742456  0.46860116  0.44742456  0.42684046  0.43706052  0.43706052  0.44742456  0.44742456  0.54792243  0.52437336  0.46860116  0.51287557  0.45793667  0.44742456  
