20
13_0_0     0.00000000  0.00000000  0.15926709  0.15083055  0.11524466  0.16113271  0.12454085  0.12454085  0.13343533  0.15172485  0.14249459  0.10673860  0.15172485  0.13343533  0.15172485  0.13343533  0.13343533  0.13343533  0.13343533  0.34548334  
9_0_0      0.00000000  0.00000000  0.15926709  0.15083055  0.11524466  0.16113271  0.12454085  0.12454085  0.13343533  0.15172485  0.14249459  0.10673860  0.15172485  0.13343533  0.15172485  0.13343533  0.13343533  0.13343533  0.13343533  0.34548334  
8_0_0      0.15926709  0.15926709  0.00000000  0.01422431  0.05113232  0.14877681  0.17645246  0.17645246  0.18603705  0.21597235  0.20578893  0.18520686  0.17645246  0.17645246  0.19581327  0.17645246  0.17645246  0.17645246  0.17645246  0.38561754  
18_0_0     0.15083055  0.15083055  0.01422431  0.00000000  0.05132353  0.14038453  0.16780682  0.16780682  0.17730030  0.20693939  0.19685876  0.17645246  0.16780682  0.16780682  0.18698175  0.16780682  0.16780682  0.16780682  0.16780682  0.38842022  
19_0_0     0.11524466  0.11524466  0.05113232  0.05132353  0.00000000  0.16640821  0.16640821  0.16640821  0.17571720  0.21483349  0.20475718  0.19407296  0.18520686  0.17571720  0.19488432  0.17571720  0.17571720  0.17571720  0.17571720  0.39693390  
16_0_0     0.16113271  0.16113271  0.14877681  0.14038453  0.16640821  0.00000000  0.06788117  0.06788117  0.07603980  0.09277714  0.08433686  0.06738891  0.11900894  0.10136566  0.11900894  0.10136566  0.10136566  0.10136566  0.10136566  0.27392196  
1_0_0      0.12454085  0.12454085  0.17645246  0.16780682  0.16640821  0.06788117  0.00000000  0.00000000  0.00709346  0.06788117  0.05985643  0.04389297  0.12807518  0.09277714  0.11010773  0.09277714  0.09277714  0.09277714  0.09277714  0.34548334  
3_0_0      0.12454085  0.12454085  0.17645246  0.16780682  0.16640821  0.06788117  0.00000000  0.00000000  0.00709346  0.06788117  0.05985643  0.04389297  0.12807518  0.09277714  0.11010773  0.09277714  0.09277714  0.09277714  0.09277714  0.34548334  
2_0_0      0.13343533  0.13343533  0.18603705  0.17730030  0.17571720  0.07603980  0.00709346  0.00709346  0.00000000  0.05985643  0.05196126  0.05160019  0.13731270  0.10136566  0.11900894  0.10136566  0.10136566  0.10136566  0.10136566  0.35849881  
17_0_0     0.15172485  0.15172485  0.21597235  0.20693939  0.21483349  0.09277714  0.06788117  0.06788117  0.05985643  0.00000000  0.00709346  0.05160019  0.11900894  0.11900894  0.13731270  0.11900894  0.11900894  0.11900894  0.11900894  0.33280533  
11_0_0     0.14249459  0.14249459  0.20578893  0.19685876  0.20475718  0.08433686  0.05985643  0.05985643  0.05196126  0.00709346  0.00000000  0.04389297  0.11010773  0.11010773  0.12807518  0.11010773  0.11010773  0.11010773  0.11010773  0.33280533  
5_0_0      0.10673860  0.10673860  0.18520686  0.17645246  0.19407296  0.06738891  0.04389297  0.04389297  0.05160019  0.05160019  0.04389297  0.00000000  0.10924628  0.09207104  0.10924628  0.09207104  0.09207104  0.09207104  0.09207104  0.30679760  
15_0_0     0.15172485  0.15172485  0.17645246  0.16780682  0.18520686  0.11900894  0.12807518  0.12807518  0.13731270  0.11900894  0.11010773  0.10924628  0.00000000  0.04419154  0.05985643  0.04419154  0.04419154  0.04419154  0.04419154  0.32044774  
7_0_0      0.13343533  0.13343533  0.17645246  0.16780682  0.17571720  0.10136566  0.09277714  0.09277714  0.10136566  0.11900894  0.11010773  0.09207104  0.04419154  0.00000000  0.01429133  0.00000000  0.00000000  0.00000000  0.00000000  0.33280533  
14_0_0     0.15172485  0.15172485  0.19581327  0.18698175  0.19488432  0.11900894  0.11010773  0.11010773  0.11900894  0.13731270  0.12807518  0.10924628  0.05985643  0.01429133  0.00000000  0.01429133  0.01429133  0.01429133  0.01429133  0.33280533  
10_0_0     0.13343533  0.13343533  0.17645246  0.16780682  0.17571720  0.10136566  0.09277714  0.09277714  0.10136566  0.11900894  0.11010773  0.09207104  0.04419154  0.00000000  0.01429133  0.00000000  0.00000000  0.00000000  0.00000000  0.33280533  
12_0_0     0.13343533  0.13343533  0.17645246  0.16780682  0.17571720  0.10136566  0.09277714  0.09277714  0.10136566  0.11900894  0.11010773  0.09207104  0.04419154  0.00000000  0.01429133  0.00000000  0.00000000  0.00000000  0.00000000  0.33280533  
4_0_0      0.13343533  0.13343533  0.17645246  0.16780682  0.17571720  0.10136566  0.09277714  0.09277714  0.10136566  0.11900894  0.11010773  0.09207104  0.04419154  0.00000000  0.01429133  0.00000000  0.00000000  0.00000000  0.00000000  0.33280533  
6_0_0      0.13343533  0.13343533  0.17645246  0.16780682  0.17571720  0.10136566  0.09277714  0.09277714  0.10136566  0.11900894  0.11010773  0.09207104  0.04419154  0.00000000  0.01429133  0.00000000  0.00000000  0.00000000  0.00000000  0.33280533  
20_0_0     0.34548334  0.34548334  0.38561754  0.38842022  0.39693390  0.27392196  0.34548334  0.34548334  0.35849881  0.33280533  0.33280533  0.30679760  0.32044774  0.33280533  0.33280533  0.33280533  0.33280533  0.33280533  0.33280533  0.00000000  

