20
13_0_0     0.00000000  0.00000000  0.09132297  0.09132297  0.10827852  0.18755949  0.14077754  0.14077754  0.14077754  0.14978978  0.15896771  0.16750521  0.16679985  0.16831754  0.16831754  0.16831754  0.16831754  0.16831754  0.16831754  0.36564588  
9_0_0      0.00000000  0.00000000  0.09132297  0.09132297  0.10827852  0.18755949  0.14077754  0.14077754  0.14077754  0.14978978  0.15896771  0.16750521  0.16679985  0.16831754  0.16831754  0.16831754  0.16831754  0.16831754  0.16831754  0.36564588  
8_0_0      0.09132297  0.09132297  0.00000000  0.01428700  0.05977827  0.22571885  0.17614936  0.17614936  0.17614936  0.20529675  0.19539066  0.20433125  0.23625197  0.20529675  0.22571885  0.22571885  0.22571885  0.22571885  0.22571885  0.41540141  
18_0_0     0.09132297  0.09132297  0.01428700  0.00000000  0.04414937  0.22571885  0.17614936  0.17614936  0.17614936  0.22571885  0.21540338  0.20433125  0.25800929  0.22571885  0.24701211  0.24701211  0.24701211  0.24701211  0.24701211  0.44442948  
19_0_0     0.10827852  0.10827852  0.05977827  0.04414937  0.00000000  0.28075821  0.20529675  0.20529675  0.20529675  0.23625197  0.24701211  0.23496920  0.28075821  0.24701211  0.24701211  0.24701211  0.24701211  0.24701211  0.24701211  0.45960201  
16_0_0     0.18755949  0.18755949  0.22571885  0.22571885  0.28075821  0.00000000  0.08417913  0.08417913  0.08417913  0.06778010  0.05977827  0.05937104  0.12433640  0.11697725  0.13484305  0.13484305  0.13484305  0.13484305  0.13484305  0.39234599  
1_0_0      0.14077754  0.14077754  0.17614936  0.17614936  0.20529675  0.08417913  0.00000000  0.00000000  0.00000000  0.05977827  0.05190266  0.03628706  0.11563794  0.09132297  0.10827852  0.10827852  0.10827852  0.10827852  0.10827852  0.39234599  
3_0_0      0.14077754  0.14077754  0.17614936  0.17614936  0.20529675  0.08417913  0.00000000  0.00000000  0.00000000  0.05977827  0.05190266  0.03628706  0.11563794  0.09132297  0.10827852  0.10827852  0.10827852  0.10827852  0.10827852  0.39234599  
2_0_0      0.14077754  0.14077754  0.17614936  0.17614936  0.20529675  0.08417913  0.00000000  0.00000000  0.00000000  0.05977827  0.05190266  0.03628706  0.11563794  0.09132297  0.10827852  0.10827852  0.10827852  0.10827852  0.10827852  0.39234599  
17_0_0     0.14978978  0.14978978  0.20529675  0.22571885  0.23625197  0.06778010  0.05977827  0.05977827  0.05977827  0.00000000  0.00709239  0.03628706  0.07428342  0.09132297  0.09132297  0.09132297  0.09132297  0.09132297  0.09132297  0.39234599  
11_0_0     0.15896771  0.15896771  0.19539066  0.21540338  0.24701211  0.05977827  0.05190266  0.05190266  0.05190266  0.00709239  0.00000000  0.02882365  0.08228481  0.08305636  0.09972876  0.09972876  0.09972876  0.09972876  0.09972876  0.40625136  
5_0_0      0.16750521  0.16750521  0.20433125  0.20433125  0.23496920  0.05937104  0.03628706  0.03628706  0.03628706  0.03628706  0.02882365  0.00000000  0.08203353  0.07456001  0.09082475  0.09082475  0.09082475  0.09082475  0.09082475  0.43239516  
15_0_0     0.16679985  0.16679985  0.23625197  0.25800929  0.28075821  0.12433640  0.11563794  0.11563794  0.11563794  0.07428342  0.08228481  0.08203353  0.00000000  0.06692280  0.06692280  0.06692280  0.06692280  0.06692280  0.06692280  0.37881746  
7_0_0      0.16831754  0.16831754  0.20529675  0.22571885  0.24701211  0.11697725  0.09132297  0.09132297  0.09132297  0.09132297  0.08305636  0.07456001  0.06692280  0.00000000  0.01428700  0.01428700  0.01428700  0.01428700  0.01428700  0.39234599  
14_0_0     0.16831754  0.16831754  0.22571885  0.24701211  0.24701211  0.13484305  0.10827852  0.10827852  0.10827852  0.09132297  0.09972876  0.09082475  0.06692280  0.01428700  0.00000000  0.01428700  0.01428700  0.01428700  0.01428700  0.39234599  
10_0_0     0.16831754  0.16831754  0.22571885  0.24701211  0.24701211  0.13484305  0.10827852  0.10827852  0.10827852  0.09132297  0.09972876  0.09082475  0.06692280  0.01428700  0.01428700  0.00000000  0.00000000  0.00000000  0.00000000  0.39234599  
12_0_0     0.16831754  0.16831754  0.22571885  0.24701211  0.24701211  0.13484305  0.10827852  0.10827852  0.10827852  0.09132297  0.09972876  0.09082475  0.06692280  0.01428700  0.01428700  0.00000000  0.00000000  0.00000000  0.00000000  0.39234599  
4_0_0      0.16831754  0.16831754  0.22571885  0.24701211  0.24701211  0.13484305  0.10827852  0.10827852  0.10827852  0.09132297  0.09972876  0.09082475  0.06692280  0.01428700  0.01428700  0.00000000  0.00000000  0.00000000  0.00000000  0.39234599  
6_0_0      0.16831754  0.16831754  0.22571885  0.24701211  0.24701211  0.13484305  0.10827852  0.10827852  0.10827852  0.09132297  0.09972876  0.09082475  0.06692280  0.01428700  0.01428700  0.00000000  0.00000000  0.00000000  0.00000000  0.39234599  
20_0_0     0.36564588  0.36564588  0.41540141  0.44442948  0.45960201  0.39234599  0.39234599  0.39234599  0.39234599  0.39234599  0.40625136  0.43239516  0.37881746  0.39234599  0.39234599  0.39234599  0.39234599  0.39234599  0.39234599  0.00000000  

