169
41_128_0   0.00000000  0.18784652  0.20405221  0.19861093  0.21505582  0.19861093  0.43989331  0.46274796  0.44743366  0.32219397  0.33511124  0.29701443  0.33511124  0.33511124  0.34165511  0.34165511  0.29085069  0.30322974  0.36163990  0.34165511  0.41772095  0.38217730  0.47052516  0.46274796  0.32862453  0.33511124  0.34165511  0.34165511  0.41047485  0.40329875  0.37526822  0.43989331  0.50247482  0.49435765  0.41772095  0.46274796  0.47838466  0.47052516  0.38217730  0.39619133  0.75237432  0.78746868  0.76388918  0.78746868  0.79954521  0.79954521  0.77558537  0.77558537  0.79954521  0.82430378  0.82430378  0.79954521  0.79954521  0.78746868  0.78746868  0.83699958  0.83699958  0.89007093  0.86306136  0.87644338  0.94722809  0.93252120  0.86306136  0.97754542  0.90395319  0.84991617  0.83699958  0.83699958  0.84991617  0.83699958  0.84991617  0.84991617  0.83699958  0.91809985  0.90395319  0.93252120  0.83699958  0.84991617  0.84991617  0.87644338  0.91809985  0.83699958  0.81182134  0.86306136  0.86306136  0.86306136  0.83699958  0.81182134  0.86306136  0.84991617  0.84991617  0.83699958  0.96223209  0.96223209  0.94722809  0.94722809  0.94722809  1.00915306  0.97754542  0.96223209  0.96223209  0.96223209  0.75237432  0.71886357  0.70802108  0.70802108  0.69733458  0.70802108  0.70802108  0.69733458  0.69733458  0.71886357  0.69733458  0.66616775  0.68679966  0.75237432  0.75237432  0.75237432  0.75237432  0.75237432  0.71886357  0.77558537  0.86306136  0.83699958  0.81182134  0.78746868  0.89007093  0.69733458  0.83699958  0.82430378  0.77558537  0.72986669  0.71886357  0.75237432  0.72986669  0.72986669  0.74103525  0.78746868  0.81182134  0.82430378  0.76388918  0.72986669  0.76388918  0.96223209  0.90395319  0.87644338  0.87644338  0.84991617  0.68679966  0.70802108  0.64609348  0.75237432  0.71886357  0.75237432  0.76388918  0.75237432  0.79954521  0.81182134  0.75237432  0.74103525  0.69733458  0.79954521  0.81182134  0.76388918  0.78746868  0.76388918  0.81182134  0.78746868  0.72986669  
59_141_0   0.18784652  0.00000000  0.08334401  0.09740251  0.12144133  0.19861093  0.47052516  0.38217730  0.35491838  0.29085069  0.27867457  0.24329988  0.29085069  0.29085069  0.28473768  0.28473768  0.22622490  0.31581861  0.30949751  0.29085069  0.38217730  0.34825714  0.45505134  0.43242874  0.31581861  0.32219397  0.32862453  0.32862453  0.36163990  0.38217730  0.35491838  0.41772095  0.51898025  0.51068169  0.40329875  0.44743366  0.44743366  0.45505134  0.34825714  0.34825714  0.81182134  0.79954521  0.77558537  0.81182134  0.83699958  0.81182134  0.72986669  0.74103525  0.79954521  0.78746868  0.78746868  0.76388918  0.78746868  0.78746868  0.78746868  0.79954521  0.79954521  0.84991617  0.86306136  0.87644338  0.81182134  0.78746868  0.81182134  1.09461038  0.97754542  0.81182134  0.79954521  0.79954521  0.81182134  0.77558537  0.81182134  0.81182134  0.77558537  0.84991617  0.91809985  0.86306136  0.76388918  0.75237432  0.75237432  0.79954521  0.97754542  0.91809985  0.86306136  0.74103525  0.76388918  0.76388918  0.74103525  0.67641207  0.89007093  0.87644338  0.84991617  0.83699958  0.94722809  0.94722809  0.91809985  0.91809985  0.89007093  0.97754542  0.94722809  0.93252120  0.96223209  0.96223209  0.72986669  0.69733458  0.66616775  0.68679966  0.67641207  0.68679966  0.70802108  0.67641207  0.67641207  0.69733458  0.69733458  0.68679966  0.66616775  0.81182134  0.81182134  0.81182134  0.81182134  0.81182134  0.81182134  0.78746868  0.81182134  0.81182134  0.83699958  0.76388918  0.84991617  0.75237432  0.81182134  0.79954521  0.87644338  0.86306136  0.74103525  0.72986669  0.70802108  0.70802108  0.69733458  0.71886357  0.68679966  0.77558537  0.74103525  0.72986669  0.72986669  0.82430378  0.79954521  0.79954521  0.79954521  0.79954521  0.75237432  0.75237432  0.74103525  0.75237432  0.74103525  0.75237432  0.76388918  0.77558537  0.77558537  0.79954521  0.75237432  0.74103525  0.64609348  0.77558537  0.76388918  0.76388918  0.78746868  0.69733458  0.75237432  0.72986669  0.71886357  
59_142_0   0.20405221  0.08334401  0.00000000  0.07411736  0.08800067  0.18252226  0.51068169  0.36842280  0.35491838  0.26669483  0.26669483  0.25490525  0.31581861  0.31581861  0.30949751  0.30949751  0.23756450  0.30322974  0.29701443  0.27867457  0.37526822  0.34165511  0.42503844  0.40329875  0.30322974  0.30949751  0.31581861  0.31581861  0.39619133  0.38217730  0.35491838  0.43989331  0.51898025  0.51068169  0.43242874  0.46274796  0.47838466  0.45505134  0.36842280  0.38217730  0.79954521  0.78746868  0.76388918  0.81182134  0.77558537  0.75237432  0.76388918  0.77558537  0.81182134  0.77558537  0.79954521  0.77558537  0.79954521  0.79954521  0.79954521  0.79954521  0.79954521  0.79954521  0.76388918  0.77558537  0.76388918  0.75237432  0.79954521  0.96223209  0.86306136  0.74103525  0.72986669  0.72986669  0.74103525  0.72986669  0.71886357  0.74103525  0.72986669  0.72986669  0.81182134  0.74103525  0.67641207  0.68679966  0.68679966  0.70802108  0.89007093  0.83699958  0.78746868  0.67641207  0.67641207  0.67641207  0.67641207  0.61696408  0.86306136  0.84991617  0.82430378  0.81182134  0.93252120  0.93252120  0.89007093  0.86306136  0.86306136  0.89007093  0.86306136  0.84991617  0.87644338  0.87644338  0.71886357  0.68679966  0.65606280  0.67641207  0.66616775  0.69733458  0.69733458  0.66616775  0.66616775  0.69733458  0.70802108  0.71886357  0.67641207  0.72986669  0.72986669  0.72986669  0.72986669  0.70802108  0.78746868  0.72986669  0.86306136  0.86306136  0.83699958  0.78746868  0.74103525  0.71886357  0.82430378  0.81182134  0.84991617  0.82430378  0.69733458  0.66616775  0.70802108  0.70802108  0.69733458  0.71886357  0.71886357  0.75237432  0.76388918  0.70802108  0.69733458  0.87644338  0.77558537  0.72986669  0.75237432  0.75237432  0.72986669  0.70802108  0.69733458  0.68679966  0.67641207  0.66616775  0.71886357  0.72986669  0.75237432  0.74103525  0.70802108  0.69733458  0.66616775  0.75237432  0.74103525  0.71886357  0.71886357  0.68679966  0.70802108  0.68679966  0.67641207  
59_143_0   0.19861093  0.09740251  0.07411736  0.00000000  0.03831590  0.17723589  0.51068169  0.38217730  0.35491838  0.24329988  0.24329988  0.22622490  0.27867457  0.27266055  0.26669483  0.26669483  0.19861093  0.26669483  0.30322974  0.29701443  0.38217730  0.34825714  0.44743366  0.42503844  0.30949751  0.31581861  0.32219397  0.32219397  0.38915127  0.38915127  0.37526822  0.41772095  0.50247482  0.49435765  0.42503844  0.47052516  0.48632822  0.47838466  0.36163990  0.36163990  0.76388918  0.79954521  0.77558537  0.79954521  0.76388918  0.74103525  0.72986669  0.76388918  0.75237432  0.76388918  0.76388918  0.74103525  0.76388918  0.76388918  0.76388918  0.86306136  0.86306136  0.86306136  0.77558537  0.78746868  0.82430378  0.81182134  0.79954521  0.90395319  0.83699958  0.76388918  0.75237432  0.75237432  0.76388918  0.75237432  0.71886357  0.74103525  0.72986669  0.75237432  0.81182134  0.76388918  0.74103525  0.72986669  0.72986669  0.77558537  0.91809985  0.86306136  0.78746868  0.71886357  0.71886357  0.71886357  0.71886357  0.63625620  0.91809985  0.93252120  0.87644338  0.86306136  1.02547600  1.02547600  1.00915306  1.00915306  0.97754542  0.94722809  0.89007093  0.90395319  0.93252120  0.93252120  0.77558537  0.74103525  0.70802108  0.70802108  0.71886357  0.72986669  0.75237432  0.67641207  0.67641207  0.72986669  0.74103525  0.75237432  0.72986669  0.72986669  0.72986669  0.72986669  0.72986669  0.72986669  0.78746868  0.74103525  0.83699958  0.86306136  0.78746868  0.76388918  0.79954521  0.75237432  0.76388918  0.75237432  0.89007093  0.86306136  0.66616775  0.63625620  0.65606280  0.65606280  0.64609348  0.70802108  0.69733458  0.71886357  0.71886357  0.67641207  0.68679966  0.91809985  0.78746868  0.76388918  0.76388918  0.76388918  0.69733458  0.69733458  0.64609348  0.69733458  0.68679966  0.69733458  0.68679966  0.69733458  0.72986669  0.74103525  0.67641207  0.66616775  0.64609348  0.71886357  0.72986669  0.68679966  0.68679966  0.65606280  0.69733458  0.67641207  0.66616775  
59_140_0   0.21505582  0.12144133  0.08800067  0.03831590  0.00000000  0.18252226  0.51898025  0.38915127  0.36163990  0.25490525  0.25490525  0.24907990  0.29085069  0.28473768  0.27867457  0.27867457  0.22061937  0.28473768  0.32219397  0.31581861  0.41772095  0.36842280  0.43242874  0.41047485  0.32862453  0.33511124  0.34165511  0.34165511  0.39619133  0.40329875  0.37526822  0.38217730  0.53586080  0.52737257  0.40329875  0.50247482  0.51898025  0.51068169  0.35491838  0.35491838  0.81182134  0.84991617  0.82430378  0.84991617  0.78746868  0.74103525  0.75237432  0.78746868  0.77558537  0.78746868  0.78746868  0.76388918  0.81182134  0.81182134  0.81182134  0.89007093  0.89007093  0.89007093  0.76388918  0.77558537  0.82430378  0.81182134  0.82430378  0.89007093  0.79954521  0.82430378  0.78746868  0.78746868  0.79954521  0.78746868  0.79954521  0.82430378  0.81182134  0.78746868  0.84991617  0.79954521  0.72986669  0.75237432  0.74103525  0.76388918  0.91809985  0.86306136  0.78746868  0.72986669  0.72986669  0.71886357  0.72986669  0.64609348  0.86306136  0.87644338  0.82430378  0.81182134  0.99318112  0.99318112  0.97754542  0.97754542  0.91809985  0.87644338  0.83699958  0.84991617  0.87644338  0.87644338  0.83699958  0.77558537  0.76388918  0.76388918  0.75237432  0.76388918  0.78746868  0.70802108  0.70802108  0.76388918  0.75237432  0.76388918  0.76388918  0.72986669  0.72986669  0.72986669  0.72986669  0.75237432  0.76388918  0.72986669  0.87644338  0.90395319  0.82430378  0.82430378  0.83699958  0.77558537  0.76388918  0.75237432  0.93252120  0.90395319  0.74103525  0.65606280  0.72986669  0.72986669  0.71886357  0.78746868  0.71886357  0.77558537  0.77558537  0.72986669  0.76388918  0.91809985  0.82430378  0.78746868  0.78746868  0.79954521  0.75237432  0.75237432  0.69733458  0.74103525  0.74103525  0.72986669  0.74103525  0.75237432  0.77558537  0.79954521  0.72986669  0.71886357  0.66616775  0.77558537  0.78746868  0.71886357  0.71886357  0.70802108  0.72986669  0.70802108  0.69733458  
59_139_0   0.19861093  0.19861093  0.18252226  0.17723589  0.18252226  0.00000000  0.45505134  0.41772095  0.38915127  0.31581861  0.31581861  0.26669483  0.31581861  0.31581861  0.32219397  0.32219397  0.23756450  0.29701443  0.33511124  0.32862453  0.38915127  0.34165511  0.49435765  0.47838466  0.33511124  0.32862453  0.33511124  0.33511124  0.39619133  0.38915127  0.37526822  0.40329875  0.51068169  0.51898025  0.38915127  0.47838466  0.47838466  0.47052516  0.30949751  0.33511124  0.82430378  0.87644338  0.84991617  0.86306136  0.84991617  0.84991617  0.78746868  0.77558537  0.86306136  0.89007093  0.91809985  0.89007093  0.86306136  0.86306136  0.86306136  0.81182134  0.81182134  0.86306136  0.84991617  0.86306136  0.90395319  0.91809985  0.93252120  0.97754542  0.90395319  0.84991617  0.83699958  0.83699958  0.84991617  0.83699958  0.84991617  0.84991617  0.83699958  0.89007093  0.96223209  0.90395319  0.91809985  0.90395319  0.90395319  0.86306136  0.91809985  0.89007093  0.83699958  0.91809985  0.91809985  0.91809985  0.91809985  0.81182134  0.78746868  0.77558537  0.75237432  0.74103525  0.90395319  0.90395319  0.86306136  0.86306136  0.78746868  0.86306136  0.90395319  0.89007093  0.86306136  0.86306136  0.75237432  0.71886357  0.72986669  0.70802108  0.74103525  0.77558537  0.72986669  0.74103525  0.74103525  0.72986669  0.76388918  0.72986669  0.75237432  0.74103525  0.74103525  0.74103525  0.74103525  0.74103525  0.72986669  0.71886357  0.84991617  0.84991617  0.82430378  0.82430378  0.82430378  0.83699958  0.89007093  0.90395319  0.77558537  0.75237432  0.89007093  0.77558537  0.75237432  0.75237432  0.76388918  0.86306136  0.79954521  0.78746868  0.89007093  0.82430378  0.83699958  0.93252120  0.82430378  0.84991617  0.84991617  0.77558537  0.78746868  0.79954521  0.79954521  0.77558537  0.78746868  0.77558537  0.81182134  0.84991617  0.84991617  0.86306136  0.79954521  0.78746868  0.67641207  0.79954521  0.78746868  0.76388918  0.76388918  0.77558537  0.86306136  0.83699958  0.70802108  
29_114_0   0.43989331  0.47052516  0.51068169  0.51068169  0.51898025  0.45505134  0.00000000  0.61696408  0.63625620  0.51068169  0.47838466  0.51068169  0.47838466  0.47838466  0.48632822  0.48632822  0.51898025  0.54444716  0.47052516  0.47838466  0.51898025  0.48632822  0.64609348  0.66616775  0.57081834  0.56192351  0.57081834  0.57081834  0.56192351  0.61696408  0.59816038  0.54444716  0.53586080  0.54444716  0.57982098  0.67641207  0.68679966  0.70802108  0.53586080  0.57081834  0.77558537  0.70802108  0.70802108  0.68679966  0.71886357  0.71886357  0.70802108  0.74103525  0.76388918  0.71886357  0.74103525  0.74103525  0.76388918  0.75237432  0.75237432  0.78746868  0.78746868  0.81182134  0.97754542  0.91809985  0.90395319  0.96223209  0.90395319  0.94722809  0.94722809  1.11294839  1.07671422  1.07671422  1.09461038  1.17084622  1.09461038  1.04216574  1.04216574  1.13175064  1.04216574  1.15104123  1.00915306  1.04216574  0.99318112  1.00915306  1.00915306  0.97754542  0.97754542  1.05923913  1.05923913  1.05923913  1.05923913  0.99318112  0.90395319  0.89007093  0.93252120  0.94722809  0.86306136  0.86306136  0.91809985  0.91809985  0.91809985  0.89007093  0.97754542  0.96223209  0.93252120  0.93252120  0.76388918  0.78746868  0.77558537  0.76388918  0.76388918  0.78746868  0.82430378  0.77558537  0.77558537  0.79954521  0.82430378  0.87644338  0.86306136  0.78746868  0.78746868  0.78746868  0.78746868  0.78746868  0.84991617  0.91809985  0.86306136  0.83699958  0.78746868  0.77558537  0.90395319  0.87644338  0.94722809  0.96223209  0.76388918  0.78746868  0.83699958  0.84991617  0.84991617  0.84991617  0.86306136  0.93252120  0.89007093  0.93252120  0.84991617  0.84991617  0.91809985  0.99318112  0.90395319  0.97754542  0.97754542  0.90395319  0.86306136  0.87644338  0.87644338  0.82430378  0.83699958  0.93252120  0.82430378  0.84991617  0.81182134  0.84991617  0.83699958  0.82430378  0.81182134  0.76388918  0.77558537  0.83699958  0.84991617  0.83699958  0.87644338  0.87644338  0.87644338  
29_149_0   0.46274796  0.38217730  0.36842280  0.38217730  0.38915127  0.41772095  0.61696408  0.00000000  0.01678576  0.41772095  0.40329875  0.36842280  0.36163990  0.35491838  0.34825714  0.34825714  0.32219397  0.29085069  0.38915127  0.39619133  0.36163990  0.37526822  0.47838466  0.46274796  0.41772095  0.41772095  0.42503844  0.42503844  0.51898025  0.39619133  0.39619133  0.43242874  0.52737257  0.51898025  0.50247482  0.53586080  0.54444716  0.52737257  0.46274796  0.45505134  0.81182134  0.84991617  0.84991617  0.84991617  0.77558537  0.79954521  0.87644338  0.89007093  0.87644338  0.87644338  0.87644338  0.84991617  0.96223209  0.96223209  0.96223209  0.96223209  0.96223209  0.96223209  0.93252120  0.86306136  0.89007093  0.84991617  0.94722809  0.99318112  0.94722809  1.05923913  1.04216574  1.07671422  1.05923913  0.96223209  0.91809985  0.91809985  0.89007093  0.89007093  0.94722809  0.90395319  0.84991617  0.83699958  0.86306136  0.75237432  1.00915306  1.04216574  0.94722809  0.79954521  0.82430378  0.83699958  0.77558537  0.82430378  0.91809985  0.93252120  0.93252120  0.94722809  0.99318112  0.99318112  1.04216574  0.97754542  0.91809985  1.07671422  0.97754542  1.02547600  1.02547600  1.02547600  0.89007093  0.84991617  0.78746868  0.81182134  0.81182134  0.82430378  0.81182134  0.75237432  0.75237432  0.81182134  0.79954521  0.74103525  0.79954521  0.79954521  0.79954521  0.79954521  0.79954521  0.79954521  0.75237432  0.68679966  0.82430378  0.82430378  0.83699958  0.86306136  0.89007093  0.78746868  0.96223209  0.94722809  0.81182134  0.83699958  0.77558537  0.81182134  0.77558537  0.77558537  0.78746868  0.91809985  0.81182134  0.83699958  0.82430378  0.78746868  0.78746868  0.86306136  0.82430378  0.84991617  0.84991617  0.77558537  0.74103525  0.69733458  0.72986669  0.81182134  0.77558537  0.81182134  0.75237432  0.76388918  0.75237432  0.74103525  0.71886357  0.72986669  0.72986669  0.76388918  0.79954521  0.72986669  0.72986669  0.76388918  0.75237432  0.75237432  0.67641207  
53_149_0   0.44743366  0.35491838  0.35491838  0.35491838  0.36163990  0.38915127  0.63625620  0.01678576  0.00000000  0.38915127  0.37526822  0.34165511  0.33511124  0.32862453  0.32219397  0.32219397  0.29701443  0.29085069  0.36163990  0.36842280  0.34825714  0.36163990  0.46274796  0.44743366  0.41772095  0.41772095  0.42503844  0.42503844  0.53586080  0.42503844  0.42503844  0.44743366  0.54444716  0.53586080  0.50247482  0.53586080  0.52737257  0.51068169  0.44743366  0.43989331  0.79954521  0.83699958  0.83699958  0.86306136  0.78746868  0.78746868  0.86306136  0.87644338  0.86306136  0.89007093  0.86306136  0.83699958  0.94722809  0.94722809  0.94722809  1.00915306  1.00915306  1.00915306  0.91809985  0.84991617  0.90395319  0.89007093  0.94722809  1.04216574  0.99318112  1.07671422  1.05923913  1.09461038  1.07671422  0.97754542  0.93252120  0.93252120  0.90395319  0.90395319  0.96223209  0.91809985  0.86306136  0.84991617  0.87644338  0.76388918  0.99318112  1.02547600  0.93252120  0.78746868  0.81182134  0.82430378  0.78746868  0.81182134  0.90395319  0.91809985  0.91809985  0.90395319  1.00915306  1.00915306  1.02547600  0.99318112  0.93252120  1.05923913  0.96223209  1.00915306  1.00915306  1.00915306  0.84991617  0.81182134  0.75237432  0.77558537  0.77558537  0.78746868  0.77558537  0.71886357  0.71886357  0.77558537  0.76388918  0.70802108  0.77558537  0.78746868  0.78746868  0.78746868  0.78746868  0.81182134  0.74103525  0.69733458  0.83699958  0.83699958  0.84991617  0.87644338  0.90395319  0.79954521  0.93252120  0.91809985  0.84991617  0.87644338  0.76388918  0.79954521  0.76388918  0.76388918  0.77558537  0.93252120  0.77558537  0.82430378  0.83699958  0.79954521  0.77558537  0.89007093  0.86306136  0.86306136  0.86306136  0.81182134  0.72986669  0.68679966  0.71886357  0.79954521  0.76388918  0.79954521  0.74103525  0.75237432  0.74103525  0.77558537  0.70802108  0.71886357  0.71886357  0.75237432  0.78746868  0.71886357  0.71886357  0.75237432  0.74103525  0.74103525  0.66616775  
41_131_0   0.32219397  0.29085069  0.26669483  0.24329988  0.25490525  0.31581861  0.51068169  0.41772095  0.38915127  0.00000000  0.02532307  0.06500392  0.10692488  0.11173224  0.11657092  0.11657092  0.11657092  0.26077665  0.32219397  0.32219397  0.35491838  0.33511124  0.50247482  0.50247482  0.34825714  0.35491838  0.36163990  0.36163990  0.38217730  0.34825714  0.37526822  0.37526822  0.48632822  0.47838466  0.42503844  0.48632822  0.50247482  0.49435765  0.43989331  0.43989331  0.83699958  0.87644338  0.84991617  0.83699958  0.82430378  0.75237432  0.82430378  0.86306136  0.87644338  0.86306136  0.86306136  0.83699958  0.89007093  0.89007093  0.89007093  1.00915306  1.00915306  1.04216574  0.84991617  0.89007093  0.93252120  0.94722809  0.84991617  0.97754542  0.93252120  0.91809985  0.87644338  0.87644338  0.89007093  0.93252120  0.82430378  0.86306136  0.84991617  0.81182134  0.86306136  0.82430378  0.84991617  0.78746868  0.78746868  0.86306136  0.86306136  0.89007093  0.78746868  0.77558537  0.77558537  0.77558537  0.79954521  0.72986669  1.00915306  1.02547600  0.96223209  0.94722809  0.94722809  0.94722809  0.93252120  0.94722809  0.84991617  0.87644338  0.89007093  0.89007093  0.86306136  0.86306136  0.87644338  0.81182134  0.78746868  0.75237432  0.78746868  0.83699958  0.82430378  0.83699958  0.83699958  0.86306136  0.79954521  0.81182134  0.75237432  0.75237432  0.75237432  0.75237432  0.75237432  0.75237432  0.77558537  0.87644338  0.71886357  0.74103525  0.84991617  0.83699958  0.91809985  0.78746868  0.72986669  0.71886357  0.84991617  0.87644338  0.76388918  0.81182134  0.86306136  0.86306136  0.87644338  0.82430378  0.79954521  0.90395319  0.89007093  0.86306136  0.82430378  1.04216574  0.96223209  0.93252120  0.96223209  0.96223209  0.81182134  0.77558537  0.84991617  0.83699958  0.84991617  0.79954521  0.83699958  0.84991617  0.89007093  0.87644338  0.84991617  0.83699958  0.75237432  0.76388918  0.79954521  0.83699958  0.83699958  0.83699958  0.77558537  0.72986669  0.69733458  
41_132_0   0.33511124  0.27867457  0.26669483  0.24329988  0.25490525  0.31581861  0.47838466  0.40329875  0.37526822  0.02532307  0.00000000  0.06500392  0.10692488  0.11173224  0.11657092  0.11657092  0.12634388  0.26077665  0.30949751  0.30949751  0.32862453  0.32219397  0.47052516  0.47052516  0.33511124  0.34165511  0.34825714  0.34825714  0.35491838  0.33511124  0.36163990  0.36163990  0.43989331  0.43242874  0.40329875  0.47052516  0.48632822  0.49435765  0.42503844  0.42503844  0.86306136  0.87644338  0.84991617  0.79954521  0.78746868  0.71886357  0.83699958  0.87644338  0.86306136  0.84991617  0.84991617  0.82430378  0.87644338  0.87644338  0.87644338  0.96223209  0.96223209  0.99318112  0.82430378  0.86306136  0.89007093  0.90395319  0.83699958  0.99318112  0.97754542  0.94722809  0.90395319  0.90395319  0.91809985  0.96223209  0.84991617  0.83699958  0.82430378  0.81182134  0.89007093  0.82430378  0.86306136  0.79954521  0.79954521  0.84991617  0.87644338  0.90395319  0.79954521  0.78746868  0.81182134  0.81182134  0.81182134  0.76388918  0.99318112  1.00915306  0.94722809  0.93252120  0.93252120  0.93252120  0.91809985  0.96223209  0.86306136  0.83699958  0.84991617  0.84991617  0.82430378  0.82430378  0.83699958  0.77558537  0.75237432  0.71886357  0.75237432  0.79954521  0.78746868  0.79954521  0.79954521  0.79954521  0.81182134  0.78746868  0.74103525  0.76388918  0.76388918  0.76388918  0.76388918  0.76388918  0.76388918  0.86306136  0.72986669  0.75237432  0.86306136  0.87644338  0.90395319  0.82430378  0.76388918  0.75237432  0.83699958  0.86306136  0.78746868  0.83699958  0.89007093  0.89007093  0.90395319  0.82430378  0.78746868  0.90395319  0.89007093  0.89007093  0.84991617  1.00915306  0.93252120  0.90395319  0.93252120  0.93252120  0.81182134  0.77558537  0.84991617  0.83699958  0.84991617  0.79954521  0.83699958  0.82430378  0.86306136  0.87644338  0.84991617  0.83699958  0.75237432  0.76388918  0.77558537  0.83699958  0.83699958  0.86306136  0.79954521  0.75237432  0.71886357  
41_129_0   0.29701443  0.24329988  0.25490525  0.22622490  0.24907990  0.26669483  0.51068169  0.36842280  0.34165511  0.06500392  0.06500392  0.00000000  0.09268672  0.08800067  0.09268672  0.09268672  0.09268672  0.24907990  0.29085069  0.29701443  0.30322974  0.29701443  0.44743366  0.44743366  0.27867457  0.28473768  0.29085069  0.29085069  0.36842280  0.32862453  0.34165511  0.36163990  0.49435765  0.48632822  0.38915127  0.45505134  0.47052516  0.44743366  0.40329875  0.40329875  0.82430378  0.83699958  0.81182134  0.79954521  0.83699958  0.74103525  0.79954521  0.81182134  0.79954521  0.79954521  0.79954521  0.77558537  0.82430378  0.82430378  0.82430378  0.96223209  0.96223209  0.99318112  0.86306136  0.89007093  0.93252120  0.94722809  0.84991617  0.97754542  0.93252120  0.99318112  0.97754542  0.97754542  0.99318112  0.97754542  0.87644338  0.90395319  0.89007093  0.86306136  0.89007093  0.87644338  0.86306136  0.79954521  0.79954521  0.89007093  0.90395319  0.93252120  0.82430378  0.82430378  0.84991617  0.84991617  0.84991617  0.79954521  0.99318112  1.00915306  0.94722809  0.93252120  0.94722809  0.94722809  0.96223209  0.94722809  0.84991617  0.93252120  0.93252120  0.94722809  0.89007093  0.89007093  0.79954521  0.74103525  0.69733458  0.68679966  0.69733458  0.74103525  0.72986669  0.74103525  0.74103525  0.76388918  0.74103525  0.70802108  0.68679966  0.76388918  0.76388918  0.76388918  0.76388918  0.76388918  0.69733458  0.82430378  0.68679966  0.70802108  0.82430378  0.79954521  0.83699958  0.78746868  0.74103525  0.72986669  0.76388918  0.78746868  0.76388918  0.79954521  0.79954521  0.79954521  0.81182134  0.81182134  0.76388918  0.79954521  0.82430378  0.82430378  0.78746868  0.93252120  0.90395319  0.84991617  0.87644338  0.87644338  0.82430378  0.77558537  0.82430378  0.79954521  0.81182134  0.78746868  0.78746868  0.77558537  0.81182134  0.84991617  0.79954521  0.78746868  0.70802108  0.70802108  0.71886357  0.78746868  0.81182134  0.78746868  0.76388918  0.74103525  0.68679966  
41_115_0   0.33511124  0.29085069  0.31581861  0.27867457  0.29085069  0.31581861  0.47838466  0.36163990  0.33511124  0.10692488  0.10692488  0.09268672  0.00000000  0.00416101  0.00834546  0.00834546  0.11657092  0.22622490  0.30949751  0.31581861  0.34165511  0.32219397  0.43989331  0.43989331  0.32219397  0.32862453  0.32219397  0.32219397  0.38217730  0.34825714  0.36163990  0.38915127  0.43242874  0.42503844  0.38915127  0.43989331  0.45505134  0.44743366  0.43989331  0.43989331  0.79954521  0.89007093  0.83699958  0.78746868  0.82430378  0.77558537  0.78746868  0.78746868  0.78746868  0.78746868  0.76388918  0.74103525  0.86306136  0.86306136  0.86306136  0.93252120  0.93252120  0.96223209  0.83699958  0.86306136  0.96223209  1.00915306  0.84991617  0.94722809  0.90395319  1.00915306  0.99318112  0.99318112  1.00915306  1.02547600  0.93252120  0.91809985  0.90395319  0.89007093  0.97754542  0.90395319  0.91809985  0.82430378  0.82430378  0.91809985  0.89007093  0.91809985  0.86306136  0.86306136  0.86306136  0.84991617  0.89007093  0.83699958  0.96223209  0.97754542  0.91809985  0.90395319  0.89007093  0.89007093  0.90395319  0.94722809  0.84991617  0.87644338  0.89007093  0.89007093  0.83699958  0.83699958  0.91809985  0.79954521  0.77558537  0.74103525  0.77558537  0.82430378  0.81182134  0.75237432  0.75237432  0.76388918  0.78746868  0.75237432  0.77558537  0.79954521  0.79954521  0.79954521  0.79954521  0.82430378  0.72986669  0.83699958  0.71886357  0.74103525  0.89007093  0.87644338  0.84991617  0.74103525  0.74103525  0.72986669  0.82430378  0.84991617  0.66616775  0.71886357  0.74103525  0.74103525  0.75237432  0.82430378  0.71886357  0.74103525  0.78746868  0.74103525  0.74103525  0.84991617  0.83699958  0.83699958  0.83699958  0.83699958  0.76388918  0.69733458  0.76388918  0.72986669  0.74103525  0.78746868  0.70802108  0.71886357  0.72986669  0.71886357  0.74103525  0.72986669  0.67641207  0.68679966  0.69733458  0.72986669  0.72986669  0.70802108  0.68679966  0.66616775  0.61696408  
41_135_0   0.33511124  0.29085069  0.31581861  0.27266055  0.28473768  0.31581861  0.47838466  0.35491838  0.32862453  0.11173224  0.11173224  0.08800067  0.00416101  0.00000000  0.00416101  0.00416101  0.11173224  0.22622490  0.30322974  0.31581861  0.34165511  0.32219397  0.43242874  0.43242874  0.31581861  0.32219397  0.31581861  0.31581861  0.38217730  0.34825714  0.36163990  0.38915127  0.43989331  0.43242874  0.38915127  0.43989331  0.45505134  0.44743366  0.43242874  0.43242874  0.78746868  0.87644338  0.82430378  0.77558537  0.81182134  0.76388918  0.77558537  0.78746868  0.77558537  0.77558537  0.75237432  0.72986669  0.84991617  0.84991617  0.84991617  0.93252120  0.93252120  0.96223209  0.82430378  0.84991617  0.94722809  0.99318112  0.83699958  0.93252120  0.89007093  1.00915306  0.99318112  0.99318112  1.00915306  1.02547600  0.91809985  0.91809985  0.90395319  0.87644338  0.96223209  0.89007093  0.90395319  0.81182134  0.81182134  0.90395319  0.89007093  0.91809985  0.86306136  0.84991617  0.84991617  0.83699958  0.87644338  0.82430378  0.96223209  0.97754542  0.91809985  0.90395319  0.89007093  0.89007093  0.90395319  0.94722809  0.84991617  0.87644338  0.87644338  0.89007093  0.83699958  0.83699958  0.91809985  0.79954521  0.77558537  0.74103525  0.77558537  0.82430378  0.81182134  0.75237432  0.75237432  0.75237432  0.78746868  0.75237432  0.77558537  0.78746868  0.78746868  0.78746868  0.78746868  0.81182134  0.71886357  0.82430378  0.71886357  0.74103525  0.87644338  0.87644338  0.83699958  0.74103525  0.74103525  0.72986669  0.81182134  0.83699958  0.65606280  0.70802108  0.72986669  0.72986669  0.74103525  0.81182134  0.70802108  0.72986669  0.77558537  0.72986669  0.72986669  0.84991617  0.82430378  0.82430378  0.82430378  0.82430378  0.75237432  0.68679966  0.75237432  0.72986669  0.74103525  0.78746868  0.69733458  0.70802108  0.71886357  0.70802108  0.72986669  0.71886357  0.66616775  0.67641207  0.68679966  0.71886357  0.71886357  0.69733458  0.67641207  0.65606280  0.60750273  
41_134_0   0.34165511  0.28473768  0.30949751  0.26669483  0.27867457  0.32219397  0.48632822  0.34825714  0.32219397  0.11657092  0.11657092  0.09268672  0.00834546  0.00416101  0.00000000  0.00000000  0.11657092  0.22061937  0.29701443  0.30949751  0.34825714  0.32862453  0.42503844  0.42503844  0.30949751  0.31581861  0.30949751  0.30949751  0.37526822  0.34165511  0.35491838  0.38217730  0.44743366  0.43989331  0.39619133  0.44743366  0.46274796  0.45505134  0.42503844  0.42503844  0.78746868  0.87644338  0.82430378  0.77558537  0.81182134  0.76388918  0.77558537  0.78746868  0.77558537  0.77558537  0.75237432  0.72986669  0.84991617  0.84991617  0.84991617  0.93252120  0.93252120  0.96223209  0.82430378  0.84991617  0.94722809  0.99318112  0.83699958  0.93252120  0.89007093  1.00915306  0.99318112  0.99318112  1.00915306  1.02547600  0.91809985  0.91809985  0.90395319  0.87644338  0.96223209  0.89007093  0.90395319  0.81182134  0.81182134  0.90395319  0.89007093  0.91809985  0.86306136  0.84991617  0.84991617  0.83699958  0.87644338  0.82430378  0.96223209  0.97754542  0.91809985  0.90395319  0.89007093  0.89007093  0.90395319  0.94722809  0.84991617  0.87644338  0.87644338  0.89007093  0.83699958  0.83699958  0.93252120  0.81182134  0.78746868  0.75237432  0.78746868  0.83699958  0.82430378  0.76388918  0.76388918  0.76388918  0.79954521  0.76388918  0.78746868  0.77558537  0.77558537  0.77558537  0.77558537  0.79954521  0.72986669  0.83699958  0.72986669  0.75237432  0.89007093  0.86306136  0.84991617  0.74103525  0.74103525  0.72986669  0.82430378  0.84991617  0.64609348  0.69733458  0.71886357  0.71886357  0.72986669  0.82430378  0.69733458  0.71886357  0.76388918  0.71886357  0.71886357  0.83699958  0.81182134  0.81182134  0.81182134  0.81182134  0.74103525  0.67641207  0.74103525  0.74103525  0.72986669  0.77558537  0.68679966  0.69733458  0.70802108  0.69733458  0.71886357  0.70802108  0.65606280  0.68679966  0.69733458  0.70802108  0.70802108  0.68679966  0.66616775  0.64609348  0.61696408  
41_133_0   0.34165511  0.28473768  0.30949751  0.26669483  0.27867457  0.32219397  0.48632822  0.34825714  0.32219397  0.11657092  0.11657092  0.09268672  0.00834546  0.00416101  0.00000000  0.00000000  0.11657092  0.22061937  0.29701443  0.30949751  0.34825714  0.32862453  0.42503844  0.42503844  0.30949751  0.31581861  0.30949751  0.30949751  0.37526822  0.34165511  0.35491838  0.38217730  0.44743366  0.43989331  0.39619133  0.44743366  0.46274796  0.45505134  0.42503844  0.42503844  0.78746868  0.87644338  0.82430378  0.77558537  0.81182134  0.76388918  0.77558537  0.78746868  0.77558537  0.77558537  0.75237432  0.72986669  0.84991617  0.84991617  0.84991617  0.93252120  0.93252120  0.96223209  0.82430378  0.84991617  0.94722809  0.99318112  0.83699958  0.93252120  0.89007093  1.00915306  0.99318112  0.99318112  1.00915306  1.02547600  0.91809985  0.91809985  0.90395319  0.87644338  0.96223209  0.89007093  0.90395319  0.81182134  0.81182134  0.90395319  0.89007093  0.91809985  0.86306136  0.84991617  0.84991617  0.83699958  0.87644338  0.82430378  0.96223209  0.97754542  0.91809985  0.90395319  0.89007093  0.89007093  0.90395319  0.94722809  0.84991617  0.87644338  0.87644338  0.89007093  0.83699958  0.83699958  0.93252120  0.81182134  0.78746868  0.75237432  0.78746868  0.83699958  0.82430378  0.76388918  0.76388918  0.76388918  0.79954521  0.76388918  0.78746868  0.77558537  0.77558537  0.77558537  0.77558537  0.79954521  0.72986669  0.83699958  0.72986669  0.75237432  0.89007093  0.86306136  0.84991617  0.74103525  0.74103525  0.72986669  0.82430378  0.84991617  0.64609348  0.69733458  0.71886357  0.71886357  0.72986669  0.82430378  0.69733458  0.71886357  0.76388918  0.71886357  0.71886357  0.83699958  0.81182134  0.81182134  0.81182134  0.81182134  0.74103525  0.67641207  0.74103525  0.74103525  0.72986669  0.77558537  0.68679966  0.69733458  0.70802108  0.69733458  0.71886357  0.70802108  0.65606280  0.68679966  0.69733458  0.70802108  0.70802108  0.68679966  0.66616775  0.64609348  0.61696408  
59_115_0   0.29085069  0.22622490  0.23756450  0.19861093  0.22061937  0.23756450  0.51898025  0.32219397  0.29701443  0.11657092  0.12634388  0.09268672  0.11657092  0.11173224  0.11657092  0.11657092  0.00000000  0.19861093  0.26077665  0.26669483  0.30949751  0.27867457  0.39619133  0.38217730  0.23756450  0.23187306  0.23756450  0.23756450  0.34825714  0.32862453  0.34165511  0.39619133  0.47052516  0.46274796  0.38915127  0.42503844  0.42503844  0.41772095  0.36842280  0.35491838  0.79954521  0.81182134  0.78746868  0.77558537  0.81182134  0.76388918  0.79954521  0.81182134  0.77558537  0.79954521  0.79954521  0.77558537  0.84991617  0.84991617  0.84991617  1.04216574  1.04216574  1.07671422  0.90395319  0.89007093  0.89007093  0.87644338  0.86306136  0.96223209  0.89007093  0.83699958  0.82430378  0.82430378  0.83699958  0.87644338  0.83699958  0.86306136  0.82430378  0.82430378  0.87644338  0.83699958  0.82430378  0.76388918  0.78746868  0.84991617  0.91809985  0.91809985  0.81182134  0.77558537  0.77558537  0.77558537  0.77558537  0.72986669  1.02547600  1.04216574  0.97754542  0.96223209  1.00915306  1.00915306  1.00915306  1.04216574  0.90395319  0.99318112  0.96223209  1.00915306  0.94722809  0.94722809  0.82430378  0.78746868  0.76388918  0.71886357  0.78746868  0.82430378  0.79954521  0.69733458  0.69733458  0.79954521  0.78746868  0.72986669  0.75237432  0.77558537  0.77558537  0.77558537  0.77558537  0.77558537  0.72986669  0.82430378  0.77558537  0.79954521  0.83699958  0.83699958  0.86306136  0.74103525  0.76388918  0.75237432  0.76388918  0.76388918  0.69733458  0.72986669  0.75237432  0.75237432  0.76388918  0.83699958  0.74103525  0.83699958  0.82430378  0.77558537  0.77558537  0.99318112  0.90395319  0.87644338  0.87644338  0.87644338  0.79954521  0.75237432  0.79954521  0.77558537  0.78746868  0.78746868  0.76388918  0.79954521  0.78746868  0.75237432  0.77558537  0.76388918  0.70802108  0.66616775  0.71886357  0.76388918  0.76388918  0.75237432  0.74103525  0.71886357  0.66616775  
41_112_0   0.30322974  0.31581861  0.30322974  0.26669483  0.28473768  0.29701443  0.54444716  0.29085069  0.29085069  0.26077665  0.26077665  0.24907990  0.22622490  0.22622490  0.22061937  0.22061937  0.19861093  0.00000000  0.30949751  0.30322974  0.36163990  0.34165511  0.38915127  0.37526822  0.30322974  0.30949751  0.31581861  0.31581861  0.41047485  0.34165511  0.34165511  0.38217730  0.51898025  0.52737257  0.38217730  0.43989331  0.47052516  0.46274796  0.38217730  0.38217730  0.72986669  0.75237432  0.72986669  0.70802108  0.69733458  0.74103525  0.70802108  0.69733458  0.72986669  0.75237432  0.75237432  0.72986669  0.72986669  0.75237432  0.75237432  0.96223209  0.96223209  0.99318112  0.82430378  0.82430378  0.78746868  0.78746868  0.76388918  0.75237432  0.69733458  0.74103525  0.70802108  0.70802108  0.71886357  0.70802108  0.71886357  0.67641207  0.68679966  0.72986669  0.84991617  0.74103525  0.79954521  0.74103525  0.78746868  0.76388918  0.76388918  0.76388918  0.67641207  0.79954521  0.79954521  0.81182134  0.79954521  0.77558537  0.81182134  0.82430378  0.79954521  0.81182134  0.87644338  0.87644338  0.89007093  0.91809985  0.83699958  0.89007093  0.87644338  0.89007093  0.89007093  0.89007093  0.75237432  0.67641207  0.70802108  0.69733458  0.71886357  0.74103525  0.72986669  0.65606280  0.65606280  0.70802108  0.64609348  0.62654751  0.63625620  0.64609348  0.64609348  0.64609348  0.64609348  0.66616775  0.63625620  0.69733458  0.76388918  0.78746868  0.76388918  0.71886357  0.82430378  0.66616775  0.83699958  0.82430378  0.74103525  0.76388918  0.65606280  0.64609348  0.72986669  0.72986669  0.71886357  0.81182134  0.76388918  0.75237432  0.67641207  0.68679966  0.76388918  0.91809985  0.79954521  0.77558537  0.77558537  0.75237432  0.69733458  0.64609348  0.71886357  0.75237432  0.74103525  0.71886357  0.69733458  0.72986669  0.74103525  0.70802108  0.70802108  0.69733458  0.60750273  0.75237432  0.76388918  0.69733458  0.67641207  0.70802108  0.67641207  0.65606280  0.62654751  
29_147_0   0.36163990  0.30949751  0.29701443  0.30322974  0.32219397  0.33511124  0.47052516  0.38915127  0.36163990  0.32219397  0.30949751  0.29085069  0.30949751  0.30322974  0.29701443  0.29701443  0.26077665  0.30949751  0.00000000  0.01678576  0.17723589  0.14124873  0.40329875  0.38915127  0.23187306  0.22622490  0.23187306  0.23187306  0.36163990  0.40329875  0.41772095  0.46274796  0.54444716  0.53586080  0.43989331  0.49435765  0.49435765  0.47052516  0.41772095  0.40329875  0.66616775  0.64609348  0.65606280  0.64609348  0.68679966  0.66616775  0.69733458  0.72986669  0.68679966  0.79954521  0.77558537  0.77558537  0.77558537  0.77558537  0.77558537  0.83699958  0.83699958  0.83699958  0.77558537  0.82430378  0.79954521  0.83699958  0.77558537  0.87644338  0.86306136  0.87644338  0.83699958  0.83699958  0.84991617  0.91809985  0.86306136  0.87644338  0.86306136  0.83699958  0.87644338  0.84991617  0.76388918  0.75237432  0.72986669  0.75237432  0.82430378  0.82430378  0.77558537  0.81182134  0.81182134  0.81182134  0.83699958  0.76388918  0.83699958  0.84991617  0.79954521  0.78746868  0.81182134  0.81182134  0.90395319  0.93252120  0.79954521  0.93252120  0.90395319  0.94722809  0.89007093  0.89007093  0.81182134  0.79954521  0.81182134  0.81182134  0.79954521  0.83699958  0.81182134  0.78746868  0.78746868  0.77558537  0.77558537  0.84991617  0.75237432  0.69733458  0.69733458  0.69733458  0.69733458  0.69733458  0.66616775  0.79954521  0.99318112  0.96223209  0.86306136  0.83699958  0.82430378  0.89007093  0.82430378  0.82430378  0.70802108  0.72986669  0.68679966  0.65606280  0.68679966  0.68679966  0.67641207  0.78746868  0.71886357  0.77558537  0.65606280  0.66616775  0.69733458  0.87644338  0.77558537  0.77558537  0.77558537  0.77558537  0.63625620  0.65606280  0.69733458  0.66616775  0.67641207  0.72986669  0.65606280  0.68679966  0.69733458  0.69733458  0.64609348  0.65606280  0.59816038  0.70802108  0.71886357  0.65606280  0.65606280  0.64609348  0.75237432  0.72986669  0.74103525  
