151
17_0_0     0.00000000  0.00601222  0.00300004  0.13413643  0.14496870  0.14134042  0.14496870  0.13413643  0.09912573  0.09912573  0.27584490  0.27152185  0.36314194  0.32977813  0.35828323  0.34389436  0.30232359  0.28896661  0.28019318  0.29784460  0.33445389  0.36803255  0.35828323  0.32977813  0.28896661  0.27152185  0.29784460  0.28019318  0.26295029  0.18609151  0.14496870  0.10599748  0.14861474  0.18225786  0.27152185  0.20162650  0.17087385  0.22555378  0.20951718  0.21749233  0.21349409  0.20951718  0.20951718  0.20556140  0.20556140  0.32513154  0.21349409  0.22151215  0.22151215  0.22151215  0.22961745  0.22555378  0.20162650  0.22555378  0.21749233  0.23370340  0.21749233  0.21749233  0.21749233  0.22555378  0.21349409  0.18609151  0.16338001  0.17464922  0.22961745  0.17464922  0.12345939  0.11993412  0.14134042  0.15596080  0.13772971  0.14134042  0.18225786  0.15227872  0.14496870  0.14496870  0.16711751  0.11293321  0.16338001  0.17087385  0.13772971  0.16711751  0.12700143  0.10599748  0.10255368  0.33445389  0.40319634  0.12700143  0.15596080  0.15227872  0.16711751  0.14134042  0.14496870  0.16338001  0.19381852  0.20951718  0.15596080  0.24609747  0.19771228  0.21749233  0.20162650  0.59583258  0.13056039  0.10599748  0.12345939  0.26295029  0.18994500  0.19771228  0.22151215  0.17464922  0.29339238  0.28896661  0.28896661  0.28896661  0.27152185  0.30232359  0.29784460  0.29784460  0.28456698  0.12345939  0.14134042  0.12700143  0.11293321  0.15596080  0.18994500  0.18994500  0.18609151  0.25870121  0.25870121  0.20162650  0.17464922  0.14496870  0.13056039  0.12345939  0.11293321  0.18994500  0.15227872  0.15227872  0.11642544  0.11642544  0.12345939  0.32051375  0.32051375  0.39297905  0.39807018  0.31136315  0.31136315  0.31592440  0.34389436  0.34389436  0.30682966  
4_0_0      0.00601222  0.00000000  0.00903662  0.14134042  0.15227872  0.14861474  0.15227872  0.14134042  0.10599748  0.10599748  0.28456698  0.28019318  0.37295547  0.33915917  0.35828323  0.35345599  0.30232359  0.28896661  0.28019318  0.29784460  0.32513154  0.35828323  0.34865984  0.32051375  0.28896661  0.27152185  0.29784460  0.28019318  0.26295029  0.19381852  0.15227872  0.11293321  0.15596080  0.18994500  0.26295029  0.20951718  0.17087385  0.22555378  0.20951718  0.21749233  0.21349409  0.20951718  0.20951718  0.20556140  0.20556140  0.32513154  0.21349409  0.21349409  0.22151215  0.22151215  0.22961745  0.22555378  0.20162650  0.21749233  0.20951718  0.22555378  0.20951718  0.20951718  0.20951718  0.22555378  0.20556140  0.18609151  0.17087385  0.18225786  0.23781189  0.18225786  0.13056039  0.12700143  0.14861474  0.16338001  0.14496870  0.14861474  0.18225786  0.15227872  0.14496870  0.14496870  0.16711751  0.11993412  0.17087385  0.17844383  0.14496870  0.17464922  0.13413643  0.11293321  0.10945728  0.32513154  0.39297905  0.13056039  0.15966117  0.15596080  0.17087385  0.14496870  0.14861474  0.15966117  0.19771228  0.20556140  0.15966117  0.24194316  0.19381852  0.21349409  0.19771228  0.59583258  0.13772971  0.11293321  0.12345939  0.27152185  0.19771228  0.20556140  0.22961745  0.17464922  0.29339238  0.28896661  0.28896661  0.28896661  0.27152185  0.30232359  0.29784460  0.29784460  0.28456698  0.11642544  0.13413643  0.12700143  0.11993412  0.16338001  0.18994500  0.18994500  0.19381852  0.25870121  0.25870121  0.19381852  0.17464922  0.14496870  0.13056039  0.12345939  0.11293321  0.18994500  0.15227872  0.15227872  0.11642544  0.11642544  0.12345939  0.32051375  0.32051375  0.39297905  0.39807018  0.30232359  0.30232359  0.30682966  0.33445389  0.33445389  0.29784460  
33_0_0     0.00300004  0.00903662  0.00000000  0.13056039  0.14134042  0.13772971  0.14134042  0.13772971  0.09571347  0.09571347  0.27152185  0.26722375  0.35828323  0.32513154  0.35345599  0.34865984  0.29784460  0.28456698  0.27584490  0.30232359  0.32977813  0.36314194  0.36314194  0.32513154  0.28456698  0.26722375  0.30232359  0.28456698  0.26722375  0.18994500  0.14134042  0.10255368  0.15227872  0.17844383  0.27584490  0.20556140  0.16711751  0.22151215  0.20556140  0.21349409  0.20951718  0.20556140  0.20556140  0.20162650  0.20162650  0.32051375  0.20951718  0.21749233  0.21749233  0.21749233  0.23370340  0.22961745  0.19771228  0.22151215  0.21349409  0.22961745  0.21349409  0.21349409  0.21349409  0.22151215  0.20951718  0.18225786  0.15966117  0.17087385  0.22555378  0.17087385  0.11993412  0.12345939  0.13772971  0.15227872  0.13413643  0.13772971  0.17844383  0.14861474  0.14134042  0.14134042  0.17087385  0.10945728  0.15966117  0.16711751  0.13413643  0.16338001  0.12345939  0.10255368  0.09912573  0.32977813  0.39807018  0.12345939  0.15227872  0.14861474  0.16338001  0.13772971  0.14134042  0.15966117  0.19771228  0.20556140  0.15227872  0.24194316  0.19381852  0.21349409  0.19771228  0.60252416  0.12700143  0.10255368  0.11993412  0.25870121  0.19381852  0.20162650  0.21749233  0.17844383  0.29784460  0.29339238  0.29339238  0.29339238  0.27584490  0.30232359  0.30232359  0.30232359  0.28896661  0.11993412  0.13772971  0.12345939  0.11642544  0.15227872  0.18609151  0.18609151  0.18225786  0.25447623  0.25447623  0.19771228  0.17087385  0.14134042  0.12700143  0.11993412  0.10945728  0.18609151  0.15596080  0.15596080  0.11293321  0.11293321  0.11993412  0.31592440  0.31592440  0.39807018  0.40319634  0.31592440  0.31592440  0.32051375  0.34865984  0.34865984  0.31136315  
26_0_0     0.13413643  0.14134042  0.13056039  0.00000000  0.06568669  0.05594080  0.05272030  0.09571347  0.04632075  0.04632075  0.25447623  0.24194316  0.34865984  0.28896661  0.31136315  0.32513154  0.28019318  0.27584490  0.25027507  0.29339238  0.29784460  0.32977813  0.34865984  0.29339238  0.24609747  0.22961745  0.28456698  0.23370340  0.21349409  0.17087385  0.10599748  0.04632075  0.09571347  0.18225786  0.26295029  0.21349409  0.16338001  0.18609151  0.16338001  0.17087385  0.16711751  0.16338001  0.16338001  0.16711751  0.16711751  0.26722375  0.15966117  0.16711751  0.18225786  0.18225786  0.19771228  0.20162650  0.15596080  0.20162650  0.19381852  0.20951718  0.19381852  0.19381852  0.19381852  0.19381852  0.18225786  0.17844383  0.14861474  0.15966117  0.20162650  0.15227872  0.08893549  0.08556949  0.08221862  0.10255368  0.08221862  0.08556949  0.11642544  0.09571347  0.08893549  0.08893549  0.11642544  0.06242388  0.09912573  0.12700143  0.10255368  0.11293321  0.08221862  0.04632075  0.04951365  0.28896661  0.40319634  0.07225551  0.10599748  0.10255368  0.11642544  0.09231677  0.10945728  0.11293321  0.17844383  0.20951718  0.11642544  0.22151215  0.15596080  0.17464922  0.15966117  0.64398711  0.21349409  0.19771228  0.21349409  0.34389436  0.29339238  0.28456698  0.33445389  0.28456698  0.35345599  0.33445389  0.33445389  0.33445389  0.32977813  0.35828323  0.34865984  0.34865984  0.33445389  0.22961745  0.23781189  0.22961745  0.22151215  0.22961745  0.26295029  0.26295029  0.25870121  0.30232359  0.30232359  0.27152185  0.25447623  0.24609747  0.24194316  0.22555378  0.20556140  0.25447623  0.25027507  0.25027507  0.22961745  0.22961745  0.22151215  0.42936992  0.44010236  0.46204250  0.47893230  0.33445389  0.33445389  0.34389436  0.34865984  0.34865984  0.37791114  
24_0_0     0.14496870  0.15227872  0.14134042  0.06568669  0.00000000  0.01512250  0.02434557  0.11293321  0.06896386  0.06896386  0.25870121  0.23781189  0.35828323  0.29339238  0.32051375  0.34389436  0.27584490  0.25447623  0.24609747  0.28896661  0.31592440  0.33915917  0.36803255  0.31136315  0.24194316  0.22555378  0.28896661  0.24609747  0.21749233  0.17464922  0.12345939  0.06896386  0.10599748  0.17844383  0.25027507  0.20951718  0.16711751  0.18994500  0.16711751  0.17464922  0.17087385  0.16711751  0.16711751  0.17087385  0.17087385  0.28019318  0.17087385  0.17844383  0.17464922  0.17844383  0.20951718  0.20951718  0.15966117  0.18994500  0.19771228  0.22151215  0.19771228  0.19771228  0.19771228  0.18994500  0.18609151  0.18225786  0.15966117  0.17844383  0.22555378  0.17087385  0.08556949  0.08221862  0.07225551  0.09231677  0.07888276  0.08556949  0.13413643  0.10255368  0.09912573  0.09912573  0.12700143  0.07888276  0.12700143  0.13413643  0.11642544  0.11993412  0.09912573  0.06896386  0.07225551  0.30232359  0.40319634  0.10255368  0.13772971  0.13413643  0.14134042  0.13056039  0.14496870  0.14861474  0.18994500  0.20556140  0.11993412  0.22151215  0.17464922  0.19381852  0.17844383  0.62990817  0.21749233  0.20162650  0.21749233  0.29339238  0.28019318  0.27152185  0.29339238  0.27152185  0.38289999  0.36803255  0.36803255  0.36803255  0.35828323  0.34865984  0.33915917  0.33915917  0.36314194  0.21749233  0.22555378  0.21749233  0.20556140  0.22555378  0.26295029  0.26295029  0.25870121  0.28456698  0.28456698  0.25027507  0.23370340  0.23370340  0.22961745  0.21349409  0.21749233  0.24194316  0.24609747  0.24609747  0.21749233  0.21749233  0.20162650  0.41355569  0.40319634  0.47893230  0.49621390  0.34389436  0.34389436  0.33915917  0.38289999  0.38289999  0.41355569  
13_0_0     0.14134042  0.14861474  0.13772971  0.05594080  0.01512250  0.00000000  0.00903662  0.10599748  0.05917529  0.05917529  0.26295029  0.24194316  0.35345599  0.28896661  0.31592440  0.33915917  0.28019318  0.26722375  0.24194316  0.27584490  0.31136315  0.35345599  0.35345599  0.30682966  0.24609747  0.22961745  0.29339238  0.25027507  0.20556140  0.17844383  0.11293321  0.05917529  0.10255368  0.18225786  0.25447623  0.20162650  0.15966117  0.18225786  0.15966117  0.16711751  0.16338001  0.15966117  0.15966117  0.16338001  0.16338001  0.27584490  0.15596080  0.17087385  0.16711751  0.17087385  0.19381852  0.19381852  0.15227872  0.18994500  0.18994500  0.21349409  0.18994500  0.18994500  0.18994500  0.18225786  0.17844383  0.17464922  0.15227872  0.17087385  0.22151215  0.16338001  0.08893549  0.09231677  0.07556176  0.08893549  0.07556176  0.08221862  0.13056039  0.10599748  0.09571347  0.09571347  0.12345939  0.07556176  0.11642544  0.12700143  0.10255368  0.11993412  0.09571347  0.05917529  0.06242388  0.28896661  0.41878989  0.09231677  0.12700143  0.12345939  0.13056039  0.11993412  0.13413643  0.13772971  0.17844383  0.19771228  0.12345939  0.24194316  0.17087385  0.18994500  0.17464922  0.63691438  0.23781189  0.21349409  0.22961745  0.31592440  0.28456698  0.27584490  0.30682966  0.27584490  0.37791114  0.36314194  0.36314194  0.36314194  0.35345599  0.35345599  0.34389436  0.34389436  0.35828323  0.21349409  0.22151215  0.21349409  0.20162650  0.22961745  0.25870121  0.25870121  0.25447623  0.28019318  0.28019318  0.23781189  0.22151215  0.22961745  0.22555378  0.20951718  0.21349409  0.23781189  0.24194316  0.24194316  0.21349409  0.21349409  0.20556140  0.40835801  0.39807018  0.46763000  0.48464841  0.33445389  0.33445389  0.32977813  0.37295547  0.37295547  0.39807018  
51_0_0     0.14496870  0.15227872  0.14134042  0.05272030  0.02434557  0.00903662  0.00000000  0.09571347  0.04951365  0.04951365  0.25870121  0.23781189  0.35345599  0.27584490  0.31136315  0.33445389  0.26722375  0.25447623  0.24609747  0.27584490  0.30682966  0.34865984  0.34865984  0.30232359  0.24194316  0.22555378  0.28896661  0.24609747  0.19381852  0.17464922  0.11642544  0.04951365  0.09571347  0.17087385  0.25447623  0.19771228  0.16338001  0.18609151  0.16338001  0.17087385  0.16711751  0.16338001  0.16338001  0.16711751  0.16711751  0.28019318  0.15966117  0.17464922  0.17464922  0.17464922  0.19771228  0.20162650  0.15596080  0.19381852  0.19381852  0.21749233  0.19381852  0.19381852  0.19381852  0.18609151  0.18225786  0.17844383  0.15596080  0.17464922  0.22555378  0.16711751  0.07888276  0.08221862  0.06568669  0.07888276  0.07225551  0.08221862  0.11993412  0.09571347  0.08556949  0.08556949  0.11293321  0.06568669  0.10599748  0.11642544  0.09231677  0.10945728  0.08556949  0.04951365  0.05272030  0.28456698  0.42406113  0.08221862  0.11642544  0.11293321  0.11993412  0.10945728  0.12345939  0.12700143  0.18609151  0.19771228  0.11993412  0.22961745  0.15966117  0.17844383  0.16338001  0.64398711  0.23370340  0.20951718  0.22555378  0.32051375  0.29339238  0.28456698  0.30682966  0.28019318  0.36803255  0.35828323  0.35828323  0.35828323  0.35345599  0.35345599  0.34389436  0.34389436  0.35828323  0.22151215  0.22961745  0.22151215  0.20556140  0.23781189  0.25870121  0.25870121  0.25447623  0.28019318  0.28019318  0.24609747  0.22961745  0.23781189  0.23370340  0.21749233  0.21349409  0.22961745  0.24194316  0.24194316  0.21349409  0.21349409  0.20556140  0.40835801  0.40835801  0.46204250  0.47893230  0.32513154  0.32513154  0.32051375  0.35828323  0.35828323  0.38289999  
35_0_0     0.13413643  0.14134042  0.13772971  0.09571347  0.11293321  0.10599748  0.09571347  0.00000000  0.05272030  0.05272030  0.29784460  0.28456698  0.36803255  0.29784460  0.31136315  0.32051375  0.29339238  0.28896661  0.28896661  0.30682966  0.33445389  0.36803255  0.37295547  0.32977813  0.28456698  0.26722375  0.30232359  0.26722375  0.22555378  0.15966117  0.11642544  0.05917529  0.10599748  0.19381852  0.27584490  0.19771228  0.16338001  0.19381852  0.17844383  0.18609151  0.18225786  0.17844383  0.17844383  0.18225786  0.18225786  0.29784460  0.17464922  0.18994500  0.18225786  0.18225786  0.21349409  0.20951718  0.17087385  0.18994500  0.18994500  0.21349409  0.18994500  0.18994500  0.18994500  0.17464922  0.17844383  0.17844383  0.14861474  0.15966117  0.21349409  0.15227872  0.10255368  0.08893549  0.09231677  0.11293321  0.10255368  0.11293321  0.14496870  0.12345939  0.11642544  0.11642544  0.13056039  0.08221862  0.12700143  0.14134042  0.10945728  0.11993412  0.08893549  0.06568669  0.06896386  0.28896661  0.39297905  0.09912573  0.12700143  0.12345939  0.13772971  0.11293321  0.11642544  0.13772971  0.19381852  0.21749233  0.13413643  0.23781189  0.15596080  0.17464922  0.15966117  0.60252416  0.22961745  0.22961745  0.24609747  0.35828323  0.28896661  0.28019318  0.31592440  0.26722375  0.37295547  0.36314194  0.36314194  0.36314194  0.35828323  0.39297905  0.37791114  0.37791114  0.36314194  0.22151215  0.22961745  0.22961745  0.21349409  0.24194316  0.27152185  0.27152185  0.26722375  0.31592440  0.31592440  0.28019318  0.26295029  0.24609747  0.24194316  0.22555378  0.20556140  0.26722375  0.25027507  0.25027507  0.22151215  0.22151215  0.21349409  0.41355569  0.42406113  0.44552712  0.46204250  0.35345599  0.36314194  0.36803255  0.35828323  0.35828323  0.35828323  
46_0_0     0.09912573  0.10599748  0.09571347  0.04632075  0.06896386  0.05917529  0.04951365  0.05272030  0.00000000  0.00000000  0.24194316  0.22961745  0.32513154  0.26722375  0.29339238  0.29784460  0.25870121  0.24609747  0.23781189  0.25447623  0.29339238  0.32513154  0.34389436  0.28896661  0.23370340  0.21749233  0.27152185  0.22151215  0.19381852  0.13056039  0.07556176  0.01207335  0.05594080  0.15596080  0.23781189  0.16338001  0.12345939  0.15227872  0.13056039  0.13772971  0.13413643  0.13056039  0.13056039  0.13413643  0.13413643  0.26295029  0.12700143  0.14134042  0.14861474  0.14861474  0.17087385  0.16711751  0.12345939  0.16711751  0.15966117  0.18225786  0.15966117  0.15966117  0.15966117  0.15966117  0.14861474  0.14496870  0.10945728  0.12700143  0.19771228  0.11993412  0.05272030  0.04951365  0.04632075  0.06568669  0.05272030  0.05594080  0.09912573  0.07225551  0.06568669  0.06568669  0.09231677  0.03368425  0.08556949  0.08893549  0.06568669  0.07556176  0.04632075  0.01207335  0.01512250  0.25870121  0.37295547  0.04314148  0.08893549  0.08556949  0.09231677  0.06896386  0.08556949  0.09231677  0.15596080  0.15966117  0.08556949  0.20162650  0.13056039  0.14861474  0.13413643  0.61609036  0.18994500  0.18225786  0.19771228  0.32513154  0.28019318  0.27152185  0.29339238  0.26722375  0.33915917  0.32977813  0.32977813  0.32977813  0.32513154  0.34389436  0.33445389  0.33445389  0.32977813  0.19381852  0.20162650  0.20162650  0.19381852  0.22555378  0.25447623  0.25447623  0.25027507  0.28896661  0.28896661  0.25027507  0.23370340  0.21749233  0.21349409  0.19771228  0.17087385  0.23781189  0.22151215  0.22151215  0.18609151  0.18609151  0.17844383  0.38792248  0.39807018  0.45099167  0.46763000  0.34389436  0.34389436  0.34865984  0.33915917  0.33915917  0.34865984  
23_0_0     0.09912573  0.10599748  0.09571347  0.04632075  0.06896386  0.05917529  0.04951365  0.05272030  0.00000000  0.00000000  0.24194316  0.22961745  0.32513154  0.26722375  0.29339238  0.29784460  0.25870121  0.24609747  0.23781189  0.25447623  0.29339238  0.32513154  0.34389436  0.28896661  0.23370340  0.21749233  0.27152185  0.22151215  0.19381852  0.13056039  0.07556176  0.01207335  0.05594080  0.15596080  0.23781189  0.16338001  0.12345939  0.15227872  0.13056039  0.13772971  0.13413643  0.13056039  0.13056039  0.13413643  0.13413643  0.26295029  0.12700143  0.14134042  0.14861474  0.14861474  0.17087385  0.16711751  0.12345939  0.16711751  0.15966117  0.18225786  0.15966117  0.15966117  0.15966117  0.15966117  0.14861474  0.14496870  0.10945728  0.12700143  0.19771228  0.11993412  0.05272030  0.04951365  0.04632075  0.06568669  0.05272030  0.05594080  0.09912573  0.07225551  0.06568669  0.06568669  0.09231677  0.03368425  0.08556949  0.08893549  0.06568669  0.07556176  0.04632075  0.01207335  0.01512250  0.25870121  0.37295547  0.04314148  0.08893549  0.08556949  0.09231677  0.06896386  0.08556949  0.09231677  0.15596080  0.15966117  0.08556949  0.20162650  0.13056039  0.14861474  0.13413643  0.61609036  0.18994500  0.18225786  0.19771228  0.32513154  0.28019318  0.27152185  0.29339238  0.26722375  0.33915917  0.32977813  0.32977813  0.32977813  0.32513154  0.34389436  0.33445389  0.33445389  0.32977813  0.19381852  0.20162650  0.20162650  0.19381852  0.22555378  0.25447623  0.25447623  0.25027507  0.28896661  0.28896661  0.25027507  0.23370340  0.21749233  0.21349409  0.19771228  0.17087385  0.23781189  0.22151215  0.22151215  0.18609151  0.18609151  0.17844383  0.38792248  0.39807018  0.45099167  0.46763000  0.34389436  0.34389436  0.34865984  0.33915917  0.33915917  0.34865984  
31_0_0     0.27584490  0.28456698  0.27152185  0.25447623  0.25870121  0.26295029  0.25870121  0.29784460  0.24194316  0.24194316  0.00000000  0.03055834  0.22555378  0.15227872  0.20951718  0.22961745  0.08556949  0.08221862  0.07556176  0.13772971  0.12700143  0.15966117  0.23781189  0.12345939  0.07225551  0.07225551  0.12700143  0.08893549  0.19381852  0.29339238  0.25447623  0.24194316  0.28019318  0.27584490  0.33915917  0.29784460  0.27152185  0.28896661  0.28896661  0.29784460  0.29339238  0.28896661  0.28896661  0.28456698  0.28456698  0.37295547  0.29339238  0.28456698  0.31136315  0.31136315  0.31592440  0.32051375  0.29784460  0.33445389  0.31592440  0.32051375  0.31592440  0.31592440  0.31592440  0.29784460  0.30232359  0.29339238  0.26295029  0.26722375  0.33445389  0.27584490  0.23370340  0.24609747  0.21749233  0.21749233  0.22961745  0.22555378  0.26722375  0.25027507  0.25027507  0.25870121  0.27584490  0.24609747  0.26722375  0.25027507  0.24609747  0.27152185  0.24194316  0.23781189  0.24194316  0.37295547  0.50206467  0.22555378  0.25027507  0.24609747  0.25447623  0.24194316  0.24609747  0.25870121  0.28019318  0.28456698  0.27152185  0.35828323  0.28019318  0.29784460  0.28456698  0.61609036  0.32051375  0.32051375  0.32977813  0.42936992  0.39807018  0.38792248  0.40319634  0.37791114  0.37295547  0.38792248  0.38792248  0.38792248  0.37791114  0.35828323  0.35828323  0.34389436  0.37295547  0.32513154  0.32513154  0.33445389  0.34389436  0.35345599  0.35345599  0.35345599  0.34865984  0.41355569  0.41355569  0.34865984  0.34389436  0.33915917  0.32513154  0.32977813  0.32513154  0.32513154  0.33915917  0.33915917  0.29784460  0.29784460  0.29784460  0.43471682  0.42406113  0.45099167  0.45649660  0.38792248  0.37791114  0.37791114  0.41878989  0.41878989  0.40835801  
37_0_0     0.27152185  0.28019318  0.26722375  0.24194316  0.23781189  0.24194316  0.23781189  0.28456698  0.22961745  0.22961745  0.03055834  0.00000000  0.20951718  0.13056039  0.19381852  0.21349409  0.07225551  0.05594080  0.04951365  0.11642544  0.10599748  0.15227872  0.21749233  0.10255368  0.04632075  0.05272030  0.10599748  0.06242388  0.17087385  0.28019318  0.24194316  0.22961745  0.26722375  0.26295029  0.33445389  0.30682966  0.25870121  0.26722375  0.26722375  0.27584490  0.27152185  0.26722375  0.26722375  0.26295029  0.26295029  0.37791114  0.28019318  0.27152185  0.29784460  0.29784460  0.31136315  0.31592440  0.27584490  0.32977813  0.31136315  0.30682966  0.31136315  0.31136315  0.31136315  0.29339238  0.29784460  0.28019318  0.25027507  0.25447623  0.32051375  0.26295029  0.23370340  0.24609747  0.21349409  0.21349409  0.22961745  0.22555378  0.26722375  0.25027507  0.25027507  0.25870121  0.27584490  0.24194316  0.26295029  0.25027507  0.24609747  0.26722375  0.23370340  0.22961745  0.23370340  0.37295547  0.50796175  0.21349409  0.24609747  0.24194316  0.25027507  0.23781189  0.24194316  0.24609747  0.28456698  0.28456698  0.26722375  0.34865984  0.28019318  0.29784460  0.28456698  0.58262708  0.30682966  0.30682966  0.31592440  0.40319634  0.38289999  0.38289999  0.38792248  0.35345599  0.36803255  0.38289999  0.38289999  0.38289999  0.37295547  0.36803255  0.35828323  0.34389436  0.36803255  0.32051375  0.32051375  0.32977813  0.33915917  0.34865984  0.32977813  0.32977813  0.32513154  0.38792248  0.38792248  0.32513154  0.32051375  0.33915917  0.32513154  0.32513154  0.32051375  0.32051375  0.33445389  0.33445389  0.29339238  0.29339238  0.30232359  0.44010236  0.42936992  0.44010236  0.45649660  0.37791114  0.37791114  0.37791114  0.41355569  0.41355569  0.41878989  
18_0_0     0.36314194  0.37295547  0.35828323  0.34865984  0.35828323  0.35345599  0.35345599  0.36803255  0.32513154  0.32513154  0.22555378  0.20951718  0.00000000  0.11642544  0.18994500  0.24609747  0.20951718  0.19381852  0.22555378  0.24609747  0.25447623  0.28896661  0.34865984  0.25447623  0.20951718  0.22961745  0.26722375  0.23370340  0.25870121  0.37295547  0.32977813  0.33445389  0.35828323  0.35345599  0.39297905  0.34865984  0.33915917  0.37295547  0.35828323  0.36803255  0.35345599  0.35828323  0.35828323  0.35345599  0.35345599  0.47893230  0.36314194  0.36314194  0.35345599  0.36803255  0.40319634  0.38792248  0.34865984  0.37791114  0.36803255  0.37295547  0.36803255  0.36803255  0.36803255  0.34865984  0.36314194  0.34389436  0.32051375  0.32513154  0.40835801  0.32513154  0.32977813  0.32977813  0.31592440  0.30682966  0.32977813  0.33445389  0.37295547  0.35828323  0.35828323  0.36803255  0.38792248  0.33915917  0.31592440  0.36314194  0.33915917  0.35828323  0.32051375  0.32513154  0.32977813  0.43471682  0.59583258  0.31592440  0.34389436  0.33915917  0.35345599  0.33445389  0.34865984  0.34865984  0.32977813  0.34389436  0.37295547  0.46204250  0.40319634  0.40835801  0.40319634  0.68039438  0.38792248  0.38792248  0.40835801  0.42936992  0.46204250  0.46204250  0.47893230  0.44552712  0.47893230  0.49040871  0.49040871  0.49040871  0.47325972  0.46763000  0.46763000  0.46763000  0.49040871  0.39807018  0.40835801  0.38792248  0.40835801  0.40319634  0.38792248  0.38792248  0.38289999  0.47325972  0.47325972  0.37791114  0.39297905  0.40835801  0.39297905  0.38289999  0.39807018  0.42936992  0.38792248  0.38792248  0.36803255  0.36803255  0.34865984  0.49621390  0.50796175  0.53202825  0.56324760  0.47893230  0.49040871  0.50206467  0.52593835  0.52593835  0.50206467  
36_0_0     0.32977813  0.33915917  0.32513154  0.28896661  0.29339238  0.28896661  0.27584490  0.29784460  0.26722375  0.26722375  0.15227872  0.13056039  0.11642544  0.00000000  0.10255368  0.16711751  0.12345939  0.10945728  0.16338001  0.18225786  0.20556140  0.25447623  0.28456698  0.20556140  0.14496870  0.15966117  0.20162650  0.16338001  0.21349409  0.33445389  0.28456698  0.26722375  0.30682966  0.30682966  0.37295547  0.35345599  0.31136315  0.35345599  0.33915917  0.34865984  0.34389436  0.33915917  0.33915917  0.33445389  0.33445389  0.45099167  0.35345599  0.35345599  0.35345599  0.34865984  0.38792248  0.38289999  0.33915917  0.35828323  0.34865984  0.34389436  0.34865984  0.34865984  0.34865984  0.32051375  0.33445389  0.31592440  0.30232359  0.29784460  0.38289999  0.30682966  0.27152185  0.28456698  0.26722375  0.25870121  0.28456698  0.28019318  0.30232359  0.30682966  0.28896661  0.29784460  0.30682966  0.27152185  0.26722375  0.30682966  0.29339238  0.32051375  0.28896661  0.26722375  0.27152185  0.40319634  0.50796175  0.25027507  0.28456698  0.28019318  0.29784460  0.27584490  0.28896661  0.28019318  0.31592440  0.30232359  0.30682966  0.36803255  0.31136315  0.31592440  0.31136315  0.67296920  0.35345599  0.35345599  0.35828323  0.41878989  0.43471682  0.44552712  0.45649660  0.41355569  0.42936992  0.43471682  0.43471682  0.43471682  0.44552712  0.44010236  0.44010236  0.42936992  0.46204250  0.38289999  0.39297905  0.37295547  0.38289999  0.42406113  0.38289999  0.38289999  0.37791114  0.44552712  0.44552712  0.37791114  0.37791114  0.39297905  0.38792248  0.36803255  0.38289999  0.36314194  0.38289999  0.38289999  0.35345599  0.35345599  0.33445389  0.45649660  0.45649660  0.46204250  0.45649660  0.40835801  0.41878989  0.42936992  0.45099167  0.45099167  0.45649660  
36_4_0     0.35828323  0.35828323  0.35345599  0.31136315  0.32051375  0.31592440  0.31136315  0.31136315  0.29339238  0.29339238  0.20951718  0.19381852  0.18994500  0.10255368  0.00000000  0.09231677  0.16711751  0.16338001  0.21349409  0.25027507  0.24194316  0.28896661  0.35828323  0.24609747  0.20162650  0.20951718  0.24194316  0.19381852  0.25027507  0.33915917  0.29784460  0.29339238  0.33445389  0.32513154  0.38792248  0.41878989  0.37295547  0.40319634  0.39297905  0.40319634  0.39807018  0.39297905  0.39297905  0.38792248  0.38792248  0.47893230  0.37791114  0.38289999  0.37791114  0.36803255  0.42936992  0.42406113  0.38289999  0.39297905  0.38289999  0.37791114  0.38289999  0.38289999  0.38289999  0.35345599  0.37791114  0.35828323  0.35345599  0.33915917  0.40319634  0.34865984  0.31592440  0.31136315  0.29339238  0.29339238  0.31136315  0.31592440  0.36803255  0.34389436  0.34389436  0.35345599  0.36314194  0.30682966  0.29339238  0.32513154  0.30682966  0.32977813  0.31592440  0.29339238  0.29784460  0.40835801  0.51989783  0.28456698  0.32051375  0.31592440  0.30682966  0.30232359  0.30682966  0.30232359  0.31136315  0.30682966  0.34389436  0.36803255  0.32977813  0.32977813  0.32513154  0.70312452  0.41878989  0.38289999  0.38792248  0.47893230  0.40835801  0.41878989  0.46763000  0.39807018  0.41878989  0.42406113  0.42406113  0.42406113  0.42406113  0.42406113  0.41878989  0.42406113  0.46204250  0.36314194  0.38289999  0.35828323  0.36803255  0.40835801  0.38792248  0.38792248  0.39297905  0.45099167  0.45099167  0.35345599  0.36314194  0.38792248  0.37295547  0.35345599  0.39297905  0.40319634  0.38289999  0.38289999  0.36314194  0.36314194  0.35828323  0.47325972  0.48464841  0.49621390  0.51390589  0.44552712  0.44552712  0.45649660  0.44552712  0.44552712  0.45649660  
18_4_0     0.34389436  0.35345599  0.34865984  0.32513154  0.34389436  0.33915917  0.33445389  0.32051375  0.29784460  0.29784460  0.22961745  0.21349409  0.24609747  0.16711751  0.09231677  0.00000000  0.21749233  0.21349409  0.24194316  0.24194316  0.26295029  0.31592440  0.39807018  0.26722375  0.23370340  0.23781189  0.24609747  0.20162650  0.26722375  0.37791114  0.33915917  0.30682966  0.33915917  0.32977813  0.40319634  0.40319634  0.37791114  0.41355569  0.40319634  0.41355569  0.40835801  0.40319634  0.40319634  0.39807018  0.39807018  0.51390589  0.38792248  0.39297905  0.39807018  0.39807018  0.42936992  0.42406113  0.39297905  0.41878989  0.40835801  0.40835801  0.40835801  0.40835801  0.40835801  0.38792248  0.40319634  0.36314194  0.36803255  0.36314194  0.42936992  0.37295547  0.33445389  0.32513154  0.31592440  0.30682966  0.33445389  0.34865984  0.37295547  0.34865984  0.34865984  0.35345599  0.37295547  0.31136315  0.33445389  0.33915917  0.32051375  0.35345599  0.33915917  0.31592440  0.32051375  0.48464841  0.60927638  0.30682966  0.33915917  0.33445389  0.32977813  0.32513154  0.32977813  0.32513154  0.32977813  0.35828323  0.36314194  0.40835801  0.36314194  0.36314194  0.35828323  0.77579775  0.42936992  0.41355569  0.41878989  0.47325972  0.39297905  0.40319634  0.44552712  0.42406113  0.45649660  0.46763000  0.46763000  0.46763000  0.45649660  0.47325972  0.46204250  0.46763000  0.50796175  0.41878989  0.44010236  0.40319634  0.39297905  0.45649660  0.45649660  0.45649660  0.45099167  0.49040871  0.49040871  0.40319634  0.40319634  0.43471682  0.42936992  0.40835801  0.41878989  0.45099167  0.41878989  0.41878989  0.38792248  0.38792248  0.38289999  0.51390589  0.52593835  0.51989783  0.55060245  0.47893230  0.46763000  0.47893230  0.48464841  0.48464841  0.49621390  
10_0_0     0.30232359  0.30232359  0.29784460  0.28019318  0.27584490  0.28019318  0.26722375  0.29339238  0.25870121  0.25870121  0.08556949  0.07225551  0.20951718  0.12345939  0.16711751  0.21749233  0.00000000  0.02125851  0.10599748  0.16711751  0.15227872  0.20951718  0.26295029  0.15596080  0.10255368  0.11642544  0.14861474  0.12700143  0.18994500  0.28456698  0.24609747  0.25870121  0.28019318  0.29339238  0.34865984  0.34389436  0.31136315  0.32977813  0.32977813  0.33915917  0.32513154  0.32977813  0.32977813  0.32513154  0.32513154  0.44010236  0.33445389  0.32513154  0.36314194  0.35345599  0.36803255  0.36314194  0.33915917  0.35828323  0.34865984  0.35345599  0.34865984  0.34865984  0.34865984  0.33915917  0.33445389  0.32513154  0.30232359  0.30682966  0.37791114  0.31592440  0.25870121  0.25870121  0.23781189  0.23781189  0.26295029  0.25870121  0.28019318  0.28896661  0.28019318  0.28896661  0.30682966  0.27584490  0.27152185  0.27152185  0.26722375  0.29339238  0.28019318  0.26722375  0.26295029  0.35345599  0.49621390  0.26722375  0.28456698  0.28019318  0.28896661  0.27584490  0.28019318  0.26722375  0.32513154  0.30232359  0.31592440  0.39297905  0.32051375  0.32977813  0.31592440  0.62990817  0.33445389  0.32513154  0.33445389  0.42936992  0.36803255  0.36803255  0.38289999  0.35345599  0.33445389  0.35345599  0.35345599  0.35345599  0.34865984  0.35345599  0.35345599  0.35345599  0.35345599  0.31592440  0.31592440  0.33445389  0.33445389  0.35345599  0.32513154  0.32513154  0.32977813  0.38792248  0.38792248  0.33445389  0.34389436  0.33445389  0.31136315  0.32051375  0.33445389  0.32977813  0.32977813  0.32977813  0.28896661  0.28896661  0.30682966  0.42406113  0.42406113  0.42936992  0.44552712  0.37295547  0.37295547  0.37295547  0.40835801  0.40835801  0.40319634  
16_0_0     0.28896661  0.28896661  0.28456698  0.27584490  0.25447623  0.26722375  0.25447623  0.28896661  0.24609747  0.24609747  0.08221862  0.05594080  0.19381852  0.10945728  0.16338001  0.21349409  0.02125851  0.00000000  0.09571347  0.16338001  0.14861474  0.19771228  0.25870121  0.14496870  0.08556949  0.09231677  0.15227872  0.10945728  0.19381852  0.28019318  0.25027507  0.24609747  0.27584490  0.28896661  0.34389436  0.33445389  0.29339238  0.31136315  0.30232359  0.31136315  0.30682966  0.30232359  0.30232359  0.29784460  0.29784460  0.43471682  0.32513154  0.30682966  0.34389436  0.34389436  0.36803255  0.36314194  0.31136315  0.33915917  0.32977813  0.33445389  0.32977813  0.32977813  0.32977813  0.32051375  0.31592440  0.30682966  0.28456698  0.28896661  0.35828323  0.29784460  0.25027507  0.25447623  0.23781189  0.24609747  0.26722375  0.26295029  0.28456698  0.27584490  0.26722375  0.27584490  0.29339238  0.26722375  0.26295029  0.27584490  0.27152185  0.29339238  0.25870121  0.25447623  0.25027507  0.35828323  0.50796175  0.25447623  0.28019318  0.27584490  0.28456698  0.27152185  0.27584490  0.27152185  0.32051375  0.30232359  0.29339238  0.37791114  0.31592440  0.33445389  0.32051375  0.63691438  0.33915917  0.32977813  0.33915917  0.40319634  0.37295547  0.37295547  0.37791114  0.33915917  0.35828323  0.37791114  0.37791114  0.37791114  0.37295547  0.34865984  0.34865984  0.34865984  0.37791114  0.31136315  0.31136315  0.32977813  0.32977813  0.35828323  0.32977813  0.32977813  0.33445389  0.40319634  0.40319634  0.32977813  0.33915917  0.33915917  0.32513154  0.31592440  0.32977813  0.33445389  0.32513154  0.32513154  0.28456698  0.28456698  0.29339238  0.43471682  0.42406113  0.44010236  0.46763000  0.37791114  0.37791114  0.38792248  0.41355569  0.41355569  0.42406113  
22_0_0     0.28019318  0.28019318  0.27584490  0.25027507  0.24609747  0.24194316  0.24609747  0.28896661  0.23781189  0.23781189  0.07556176  0.04951365  0.22555378  0.16338001  0.21349409  0.24194316  0.10599748  0.09571347  0.00000000  0.07225551  0.08556949  0.13772971  0.20951718  0.08221862  0.03368425  0.03997571  0.11293321  0.06896386  0.18225786  0.29784460  0.25027507  0.23781189  0.27584490  0.27584490  0.32977813  0.32977813  0.26722375  0.27152185  0.27584490  0.28456698  0.28019318  0.27584490  0.27584490  0.27152185  0.27152185  0.37791114  0.27152185  0.27152185  0.29784460  0.29784460  0.30232359  0.30682966  0.27584490  0.32051375  0.30232359  0.29784460  0.30232359  0.30232359  0.30232359  0.29339238  0.28896661  0.28019318  0.26722375  0.27152185  0.32513154  0.28019318  0.25870121  0.26295029  0.23781189  0.23781189  0.24609747  0.24194316  0.29339238  0.27584490  0.27584490  0.28456698  0.30232359  0.25027507  0.25447623  0.26295029  0.25870121  0.28896661  0.25027507  0.23781189  0.24194316  0.38289999  0.53202825  0.21749233  0.25027507  0.24609747  0.25027507  0.24194316  0.25447623  0.25027507  0.27584490  0.28019318  0.27152185  0.35345599  0.29339238  0.31136315  0.29784460  0.55060245  0.32977813  0.31136315  0.31136315  0.40319634  0.38289999  0.38289999  0.40319634  0.34389436  0.37791114  0.39297905  0.39297905  0.39297905  0.38289999  0.39807018  0.38792248  0.37295547  0.38289999  0.30232359  0.30232359  0.31136315  0.32977813  0.32051375  0.32977813  0.32977813  0.32513154  0.35828323  0.35828323  0.31592440  0.31136315  0.32051375  0.30682966  0.30682966  0.32051375  0.32977813  0.32513154  0.32513154  0.29339238  0.29339238  0.30232359  0.45099167  0.45099167  0.46763000  0.47325972  0.39807018  0.39807018  0.39807018  0.45649660  0.45649660  0.43471682  
54_0_0     0.29784460  0.29784460  0.30232359  0.29339238  0.28896661  0.27584490  0.27584490  0.30682966  0.25447623  0.25447623  0.13772971  0.11642544  0.24609747  0.18225786  0.25027507  0.24194316  0.16711751  0.16338001  0.07225551  0.00000000  0.16338001  0.20556140  0.27584490  0.15966117  0.10945728  0.11642544  0.18609151  0.13056039  0.22151215  0.32977813  0.29784460  0.25447623  0.26722375  0.28896661  0.31136315  0.32513154  0.28896661  0.31136315  0.30682966  0.31592440  0.31136315  0.30682966  0.30682966  0.30232359  0.30232359  0.40319634  0.30232359  0.32051375  0.31136315  0.32977813  0.31136315  0.30682966  0.30682966  0.35828323  0.33915917  0.33445389  0.33915917  0.33915917  0.33915917  0.32977813  0.32513154  0.31136315  0.28019318  0.28456698  0.35345599  0.29339238  0.29339238  0.28896661  0.27152185  0.25447623  0.28019318  0.26722375  0.31136315  0.29339238  0.29339238  0.30232359  0.31136315  0.26722375  0.28456698  0.28019318  0.28896661  0.31592440  0.28456698  0.26295029  0.26722375  0.40319634  0.56324760  0.24194316  0.28456698  0.28019318  0.27584490  0.26722375  0.28019318  0.27152185  0.28896661  0.27584490  0.28896661  0.38289999  0.32513154  0.34389436  0.32977813  0.59583258  0.34389436  0.33445389  0.34389436  0.43471682  0.39807018  0.40835801  0.41355569  0.37295547  0.39297905  0.39297905  0.39297905  0.39297905  0.39807018  0.41878989  0.40319634  0.39807018  0.40835801  0.35345599  0.36314194  0.34389436  0.36314194  0.37295547  0.36314194  0.36314194  0.35828323  0.37791114  0.37791114  0.32977813  0.31592440  0.35345599  0.33915917  0.33915917  0.36803255  0.35345599  0.33915917  0.33915917  0.32513154  0.32513154  0.33445389  0.44010236  0.46204250  0.46204250  0.45649660  0.40319634  0.40319634  0.40319634  0.43471682  0.43471682  0.42936992  
49_0_0     0.33445389  0.32513154  0.32977813  0.29784460  0.31592440  0.31136315  0.30682966  0.33445389  0.29339238  0.29339238  0.12700143  0.10599748  0.25447623  0.20556140  0.24194316  0.26295029  0.15227872  0.14861474  0.08556949  0.16338001  0.00000000  0.07888276  0.14861474  0.00300004  0.09231677  0.09912573  0.16711751  0.12700143  0.23370340  0.35828323  0.29784460  0.29339238  0.34389436  0.32977813  0.36803255  0.37791114  0.32513154  0.33445389  0.34389436  0.35345599  0.34865984  0.34389436  0.34389436  0.33915917  0.33915917  0.42406113  0.33915917  0.32977813  0.36314194  0.35345599  0.37295547  0.37791114  0.34389436  0.37295547  0.35345599  0.34865984  0.35345599  0.35345599  0.35345599  0.34389436  0.33915917  0.34389436  0.32513154  0.32977813  0.38792248  0.33915917  0.29784460  0.31136315  0.28456698  0.27152185  0.30232359  0.30682966  0.34389436  0.32513154  0.32513154  0.33445389  0.35345599  0.30232359  0.30232359  0.30682966  0.30232359  0.33445389  0.29784460  0.29339238  0.29784460  0.42406113  0.53202825  0.27152185  0.30682966  0.30232359  0.30682966  0.29784460  0.28896661  0.29784460  0.30232359  0.34865984  0.32513154  0.37791114  0.32051375  0.32051375  0.31592440  0.58262708  0.35345599  0.37295547  0.37295547  0.45099167  0.41878989  0.42406113  0.47325972  0.40835801  0.39297905  0.40835801  0.40835801  0.40835801  0.38792248  0.41355569  0.40319634  0.39807018  0.38289999  0.34389436  0.34865984  0.37295547  0.39297905  0.36314194  0.38289999  0.38289999  0.38792248  0.42406113  0.42406113  0.36803255  0.38289999  0.37295547  0.36803255  0.36803255  0.37295547  0.36314194  0.35828323  0.35828323  0.33445389  0.33445389  0.34389436  0.46763000  0.46204250  0.49621390  0.49621390  0.43471682  0.43471682  0.43471682  0.47325972  0.47325972  0.45099167  
