20
20_0_0     0.00000000  0.09988454  0.07362582  0.07362582  0.07880380  0.07362582  0.25377198  0.26704329  0.28740586  0.27376896  0.28740586  0.27376896  0.30834259  0.30834259  0.22159576  0.22159576  0.22159576  0.22792043  0.23429944  0.23429944  
16_0_0     0.09988454  0.00000000  0.13267211  0.13267211  0.12710599  0.12158128  0.26704329  0.28055610  0.31545478  0.31545478  0.31545478  0.31545478  0.28740586  0.32988682  0.24073372  0.24073372  0.22792043  0.25377198  0.26704329  0.26704329  
18_0_0     0.07362582  0.13267211  0.00000000  0.00940511  0.00468766  0.00940511  0.28055610  0.29431938  0.30129789  0.28740586  0.30129789  0.28740586  0.30834259  0.29431938  0.22159576  0.22159576  0.22159576  0.22159576  0.23429944  0.23429944  
19_0_0     0.07362582  0.13267211  0.00940511  0.00000000  0.00468766  0.01893086  0.28055610  0.30834259  0.30129789  0.28740586  0.30129789  0.28740586  0.29431938  0.30834259  0.20910578  0.20910578  0.20910578  0.20910578  0.23429944  0.23429944  
17_0_0     0.07880380  0.12710599  0.00468766  0.00468766  0.00000000  0.01415271  0.28740586  0.30129789  0.30834259  0.29431938  0.30834259  0.29431938  0.30129789  0.30129789  0.21532451  0.21532451  0.21532451  0.21532451  0.24073372  0.24073372  
15_0_0     0.07362582  0.12158128  0.00940511  0.01893086  0.01415271  0.00000000  0.26704329  0.28055610  0.28740586  0.27376896  0.28740586  0.27376896  0.29431938  0.28055610  0.23429944  0.23429944  0.23429944  0.23429944  0.24722423  0.24722423  
9_0_0      0.25377198  0.26704329  0.28055610  0.28055610  0.28740586  0.26704329  0.00000000  0.06848369  0.08926937  0.07362582  0.07880380  0.07880380  0.15536345  0.12158128  0.16697456  0.16697456  0.15536345  0.15536345  0.13828027  0.13828027  
8_0_0      0.26704329  0.28055610  0.29431938  0.30834259  0.30129789  0.28055610  0.06848369  0.00000000  0.04826405  0.04329401  0.03835701  0.03835701  0.11609738  0.09988454  0.17284892  0.17284892  0.16697456  0.20293869  0.17877012  0.17877012  
1_0_0      0.28740586  0.31545478  0.30129789  0.30129789  0.30834259  0.28740586  0.08926937  0.04826405  0.00000000  0.01415271  0.01415271  0.01893086  0.08401815  0.08926937  0.20293869  0.20293869  0.19682240  0.22159576  0.19682240  0.19682240  
5_0_0      0.27376896  0.31545478  0.28740586  0.28740586  0.29431938  0.27376896  0.07362582  0.04329401  0.01415271  0.00000000  0.00940511  0.00468766  0.08926937  0.08401815  0.19075608  0.19075608  0.18473892  0.20910578  0.18473892  0.18473892  
10_0_0     0.28740586  0.31545478  0.30129789  0.30129789  0.30834259  0.28740586  0.07880380  0.03835701  0.01415271  0.00940511  0.00000000  0.01415271  0.08926937  0.08401815  0.19682240  0.19682240  0.19075608  0.21532451  0.19075608  0.19075608  
7_0_0      0.27376896  0.31545478  0.28740586  0.28740586  0.29431938  0.27376896  0.07880380  0.03835701  0.01893086  0.00468766  0.01415271  0.00000000  0.09455799  0.07880380  0.18473892  0.18473892  0.17877012  0.21532451  0.19075608  0.19075608  
4_0_0      0.30834259  0.28740586  0.30834259  0.29431938  0.30129789  0.29431938  0.15536345  0.11609738  0.08401815  0.08926937  0.08926937  0.09455799  0.00000000  0.14962528  0.20910578  0.20910578  0.19075608  0.21532451  0.21532451  0.21532451  
12_0_0     0.30834259  0.32988682  0.29431938  0.30834259  0.30129789  0.28055610  0.12158128  0.09988454  0.08926937  0.08401815  0.08401815  0.07880380  0.14962528  0.00000000  0.27376896  0.27376896  0.27376896  0.28740586  0.26037799  0.26037799  
3_0_0      0.22159576  0.24073372  0.22159576  0.20910578  0.21532451  0.23429944  0.16697456  0.17284892  0.20293869  0.19075608  0.19682240  0.18473892  0.20910578  0.27376896  0.00000000  0.00000000  0.02858041  0.06848369  0.05326758  0.05326758  
6_0_0      0.22159576  0.24073372  0.22159576  0.20910578  0.21532451  0.23429944  0.16697456  0.17284892  0.20293869  0.19075608  0.19682240  0.18473892  0.20910578  0.27376896  0.00000000  0.00000000  0.02858041  0.06848369  0.05326758  0.05326758  
13_0_0     0.22159576  0.22792043  0.22159576  0.20910578  0.21532451  0.23429944  0.15536345  0.16697456  0.19682240  0.18473892  0.19075608  0.17877012  0.19075608  0.27376896  0.02858041  0.02858041  0.00000000  0.06848369  0.04826405  0.04826405  
11_0_0     0.22792043  0.25377198  0.22159576  0.20910578  0.21532451  0.23429944  0.15536345  0.20293869  0.22159576  0.20910578  0.21532451  0.21532451  0.21532451  0.28740586  0.06848369  0.06848369  0.06848369  0.00000000  0.02858041  0.02858041  
2_0_0      0.23429944  0.26704329  0.23429944  0.23429944  0.24073372  0.24722423  0.13828027  0.17877012  0.19682240  0.18473892  0.19075608  0.19075608  0.21532451  0.26037799  0.05326758  0.05326758  0.04826405  0.02858041  0.00000000  0.00000000  
14_0_0     0.23429944  0.26704329  0.23429944  0.23429944  0.24073372  0.24722423  0.13828027  0.17877012  0.19682240  0.18473892  0.19075608  0.19075608  0.21532451  0.26037799  0.05326758  0.05326758  0.04826405  0.02858041  0.00000000  0.00000000  

