9
95_0_0     0.00000000  0.03271600  0.03271600  0.02027658  0.02854614  0.02854614  0.01209884  0.01209884  0.02854614  
94_0_0     0.03271600  0.00000000  0.01209884  0.01617636  0.02854614  0.03271600  0.03690961  0.02439975  0.01209884  
99_0_0     0.03271600  0.01209884  0.00000000  0.02027658  0.02854614  0.03271600  0.03690961  0.02439975  0.01209884  
98_0_0     0.02027658  0.01617636  0.02027658  0.00000000  0.02439975  0.02854614  0.02439975  0.01209884  0.02027658  
99_1_0     0.02854614  0.02854614  0.02854614  0.02439975  0.00000000  0.00401090  0.01617636  0.02027658  0.02854614  
94_1_0     0.02854614  0.03271600  0.03271600  0.02854614  0.00401090  0.00000000  0.01617636  0.01617636  0.02854614  
98_1_0     0.01209884  0.03690961  0.03690961  0.02439975  0.01617636  0.01617636  0.00000000  0.01617636  0.03271600  
95_1_0     0.01209884  0.02439975  0.02439975  0.01209884  0.02027658  0.01617636  0.01617636  0.00000000  0.02027658  
100_0_0    0.02854614  0.01209884  0.01209884  0.02027658  0.02854614  0.02854614  0.03271600  0.02027658  0.00000000  

