158
20_21_0    0.00000000  0.00996858  0.04071599  0.17852496  0.18487073  0.19127200  0.14156432  0.26565008  0.25155230  0.27280214  0.26565008  0.27280214  0.25155230  0.25856724  0.26565008  0.25155230  0.25856724  0.19127200  0.31724776  0.32492509  0.20424504  0.23090218  0.22414630  0.23090218  0.20424504  0.21081884  0.21081884  0.20424504  0.23090218  0.22414630  0.22414630  0.25155230  0.24460398  0.19772977  0.21745223  0.23772101  0.23090218  0.27280214  0.21745223  0.23090218  0.21081884  0.21745223  0.28731945  0.15981131  0.17852496  0.17852496  0.19772977  0.18487073  0.15367829  0.15981131  0.21081884  0.22414630  0.20424504  0.24460398  0.21745223  0.20424504  0.22414630  0.19127200  0.19772977  0.19772977  0.19772977  0.17852496  0.20424504  0.19772977  0.21745223  0.17852496  0.21745223  0.21081884  0.21081884  0.19127200  0.23772101  0.25155230  0.34052569  0.34052569  0.33268382  0.34052569  0.33268382  0.34052569  0.37276159  0.38104744  0.35646614  0.36456851  0.38942820  0.39790605  0.35646614  0.33268382  0.36456851  0.44183435  0.45094556  0.48856909  0.40648327  0.42394535  0.42394535  0.45094556  0.42394535  0.49828519  0.53849348  0.54890050  0.48856909  0.44183435  0.44183435  0.44183435  0.43283519  0.38942820  0.42394535  0.42394535  0.38104744  0.44183435  0.40648327  0.36456851  0.37276159  0.44183435  0.46017165  0.44183435  0.42394535  0.36456851  0.38942820  0.38942820  0.34845251  0.30965015  0.30213061  0.34052569  0.33268382  0.35646614  0.38104744  0.34845251  0.34052569  0.45094556  0.35646614  0.34845251  0.36456851  0.34052569  0.36456851  0.34845251  0.34845251  0.34845251  0.34052569  0.39790605  0.37276159  0.40648327  0.37276159  0.41516223  0.34052569  0.36456851  0.35646614  0.38942820  0.39790605  0.36456851  0.35646614  0.34845251  0.42394535  0.42394535  0.42394535  0.40648327  0.37276159  0.37276159  0.35646614  0.38942820  
20_22_0    0.00996858  0.00000000  0.04071599  0.19127200  0.18487073  0.20424504  0.14156432  0.28002479  0.26565008  0.27280214  0.28002479  0.28731945  0.26565008  0.27280214  0.28002479  0.26565008  0.27280214  0.20424504  0.32492509  0.31724776  0.21745223  0.23090218  0.23772101  0.24460398  0.21745223  0.22414630  0.22414630  0.21745223  0.23090218  0.23772101  0.23772101  0.26565008  0.24460398  0.21081884  0.23090218  0.25155230  0.24460398  0.27280214  0.21745223  0.23090218  0.22414630  0.23090218  0.30213061  0.17223375  0.19127200  0.19127200  0.19772977  0.18487073  0.16599617  0.17223375  0.22414630  0.23772101  0.20424504  0.23090218  0.23090218  0.21745223  0.23772101  0.20424504  0.21081884  0.21081884  0.21081884  0.19127200  0.21745223  0.21081884  0.23090218  0.19127200  0.21745223  0.22414630  0.21081884  0.20424504  0.23772101  0.25155230  0.34052569  0.34052569  0.33268382  0.34052569  0.33268382  0.34052569  0.37276159  0.38104744  0.35646614  0.36456851  0.38942820  0.39790605  0.37276159  0.34845251  0.38104744  0.43283519  0.44183435  0.47898030  0.40648327  0.44183435  0.44183435  0.45094556  0.44183435  0.47898030  0.51811320  0.52823239  0.48856909  0.42394535  0.42394535  0.44183435  0.43283519  0.38942820  0.40648327  0.42394535  0.39790605  0.44183435  0.40648327  0.38104744  0.38942820  0.42394535  0.44183435  0.43283519  0.40648327  0.36456851  0.38942820  0.38942820  0.34845251  0.30965015  0.30213061  0.34052569  0.33268382  0.35646614  0.38104744  0.34845251  0.34052569  0.43283519  0.37276159  0.36456851  0.38104744  0.35646614  0.38104744  0.36456851  0.36456851  0.36456851  0.35646614  0.39790605  0.37276159  0.40648327  0.38942820  0.43283519  0.34052569  0.36456851  0.35646614  0.38942820  0.38104744  0.36456851  0.35646614  0.34845251  0.42394535  0.42394535  0.42394535  0.38942820  0.37276159  0.37276159  0.35646614  0.38942820  
9_21_0     0.04071599  0.04071599  0.00000000  0.17223375  0.17852496  0.23090218  0.14759624  0.28002479  0.24460398  0.28731945  0.27280214  0.27280214  0.27280214  0.28002479  0.27280214  0.27280214  0.27280214  0.19772977  0.31724776  0.30213061  0.22414630  0.21081884  0.25856724  0.24460398  0.21745223  0.21081884  0.21081884  0.23772101  0.25155230  0.20424504  0.21081884  0.25856724  0.25856724  0.20424504  0.21081884  0.23090218  0.23090218  0.28002479  0.19127200  0.20424504  0.21745223  0.23090218  0.30965015  0.15981131  0.16599617  0.16599617  0.20424504  0.21081884  0.16599617  0.19127200  0.24460398  0.20424504  0.19127200  0.22414630  0.21745223  0.19772977  0.20424504  0.19127200  0.20424504  0.20424504  0.20424504  0.17852496  0.19127200  0.20424504  0.21745223  0.17852496  0.22414630  0.23772101  0.19772977  0.19127200  0.24460398  0.24460398  0.35646614  0.37276159  0.36456851  0.35646614  0.34845251  0.33268382  0.38942820  0.36456851  0.37276159  0.34845251  0.40648327  0.39790605  0.36456851  0.34052569  0.39790605  0.47898030  0.48856909  0.48856909  0.39790605  0.42394535  0.44183435  0.47898030  0.45094556  0.48856909  0.54890050  0.55945767  0.51811320  0.41516223  0.43283519  0.42394535  0.44183435  0.37276159  0.41516223  0.44183435  0.38104744  0.43283519  0.40648327  0.38942820  0.39790605  0.43283519  0.44183435  0.41516223  0.42394535  0.34845251  0.38942820  0.38104744  0.34052569  0.31724776  0.30965015  0.34845251  0.34052569  0.34052569  0.34845251  0.35646614  0.34845251  0.44183435  0.36456851  0.37276159  0.36456851  0.34052569  0.38942820  0.36456851  0.36456851  0.36456851  0.35646614  0.38942820  0.37276159  0.40648327  0.39790605  0.41516223  0.37276159  0.38942820  0.38104744  0.39790605  0.39790605  0.36456851  0.34845251  0.34845251  0.42394535  0.42394535  0.42394535  0.38942820  0.37276159  0.37276159  0.37276159  0.38942820  
9_0_0      0.17852496  0.19127200  0.17223375  0.00000000  0.02518080  0.23772101  0.19772977  0.26565008  0.26565008  0.28731945  0.25856724  0.27280214  0.25856724  0.28002479  0.27280214  0.25856724  0.25856724  0.23090218  0.30213061  0.29468756  0.24460398  0.24460398  0.22414630  0.24460398  0.23090218  0.23090218  0.23772101  0.23772101  0.28002479  0.23090218  0.21081884  0.28002479  0.25155230  0.22414630  0.23090218  0.23772101  0.23772101  0.26565008  0.25155230  0.25155230  0.24460398  0.25155230  0.34052569  0.20424504  0.21745223  0.21745223  0.27280214  0.23090218  0.23772101  0.23772101  0.22414630  0.21081884  0.21081884  0.25856724  0.23090218  0.20424504  0.19127200  0.21081884  0.21745223  0.21745223  0.21745223  0.20424504  0.21745223  0.21745223  0.23772101  0.24460398  0.26565008  0.23772101  0.23090218  0.24460398  0.28731945  0.30965015  0.44183435  0.42394535  0.43283519  0.41516223  0.41516223  0.41516223  0.44183435  0.40648327  0.40648327  0.45094556  0.46951555  0.46951555  0.40648327  0.44183435  0.44183435  0.46951555  0.47898030  0.47898030  0.38104744  0.37276159  0.43283519  0.45094556  0.38942820  0.45094556  0.43283519  0.44183435  0.43283519  0.45094556  0.45094556  0.45094556  0.44183435  0.40648327  0.44183435  0.42394535  0.38104744  0.43283519  0.43283519  0.43283519  0.38942820  0.39790605  0.40648327  0.47898030  0.45094556  0.37276159  0.38104744  0.38942820  0.32492509  0.35646614  0.36456851  0.35646614  0.38942820  0.39790605  0.37276159  0.37276159  0.38942820  0.44183435  0.34845251  0.34052569  0.34845251  0.35646614  0.37276159  0.34052569  0.34052569  0.37276159  0.35646614  0.42394535  0.42394535  0.39790605  0.37276159  0.38104744  0.36456851  0.38942820  0.38104744  0.41516223  0.42394535  0.43283519  0.39790605  0.38942820  0.37276159  0.37276159  0.37276159  0.40648327  0.34052569  0.38942820  0.41516223  0.36456851  
20_0_0     0.18487073  0.18487073  0.17852496  0.02518080  0.00000000  0.24460398  0.19127200  0.25155230  0.25155230  0.26565008  0.24460398  0.25856724  0.24460398  0.26565008  0.25856724  0.24460398  0.25856724  0.25856724  0.31724776  0.30213061  0.26565008  0.25155230  0.22414630  0.25155230  0.25155230  0.25155230  0.25856724  0.25155230  0.28731945  0.23772101  0.23090218  0.27280214  0.26565008  0.24460398  0.25856724  0.25856724  0.25856724  0.28731945  0.26565008  0.26565008  0.27280214  0.27280214  0.36456851  0.21081884  0.23090218  0.23090218  0.28002479  0.23090218  0.24460398  0.24460398  0.22414630  0.23090218  0.21745223  0.26565008  0.21745223  0.20424504  0.19772977  0.21745223  0.22414630  0.22414630  0.22414630  0.21745223  0.25155230  0.25155230  0.25856724  0.26565008  0.28002479  0.25856724  0.23772101  0.26565008  0.25856724  0.29468756  0.44183435  0.42394535  0.43283519  0.43283519  0.43283519  0.43283519  0.44183435  0.40648327  0.40648327  0.47898030  0.47898030  0.46951555  0.41516223  0.45094556  0.44183435  0.46017165  0.46951555  0.46951555  0.40648327  0.39790605  0.44183435  0.46017165  0.39790605  0.44183435  0.41516223  0.43283519  0.43283519  0.45094556  0.44183435  0.47898030  0.46951555  0.40648327  0.45094556  0.43283519  0.39790605  0.42394535  0.42394535  0.43283519  0.39790605  0.38942820  0.39790605  0.48856909  0.45094556  0.40648327  0.39790605  0.41516223  0.32492509  0.34052569  0.35646614  0.35646614  0.38942820  0.39790605  0.37276159  0.37276159  0.38942820  0.40648327  0.35646614  0.34845251  0.35646614  0.35646614  0.38942820  0.34052569  0.35646614  0.38942820  0.37276159  0.42394535  0.42394535  0.39790605  0.38942820  0.38942820  0.36456851  0.39790605  0.39790605  0.42394535  0.41516223  0.41516223  0.38104744  0.38104744  0.38104744  0.38104744  0.38104744  0.38942820  0.34052569  0.38942820  0.41516223  0.37276159  
22_20_0    0.19127200  0.20424504  0.23090218  0.23772101  0.24460398  0.00000000  0.17852496  0.27280214  0.26565008  0.28002479  0.25856724  0.28002479  0.26565008  0.26565008  0.24460398  0.26565008  0.27280214  0.25155230  0.28002479  0.29468756  0.26565008  0.29468756  0.25155230  0.28002479  0.26565008  0.25856724  0.25155230  0.25155230  0.26565008  0.23772101  0.25856724  0.24460398  0.21745223  0.23090218  0.28731945  0.27280214  0.27280214  0.25856724  0.24460398  0.25856724  0.23772101  0.21745223  0.32492509  0.19772977  0.18487073  0.21745223  0.21745223  0.19127200  0.23090218  0.22414630  0.21745223  0.22414630  0.25856724  0.23090218  0.23772101  0.23090218  0.25856724  0.23090218  0.24460398  0.24460398  0.21745223  0.19127200  0.20424504  0.23772101  0.19772977  0.19127200  0.23090218  0.20424504  0.19772977  0.20424504  0.26565008  0.24460398  0.34052569  0.34052569  0.34052569  0.30965015  0.31724776  0.30965015  0.30213061  0.34052569  0.34845251  0.36456851  0.38942820  0.38942820  0.35646614  0.34845251  0.35646614  0.38942820  0.39790605  0.41516223  0.34052569  0.35646614  0.39790605  0.40648327  0.34845251  0.45094556  0.46017165  0.46951555  0.41516223  0.44183435  0.44183435  0.46017165  0.47898030  0.40648327  0.40648327  0.37276159  0.37276159  0.37276159  0.35646614  0.40648327  0.43283519  0.43283519  0.43283519  0.46017165  0.42394535  0.37276159  0.38104744  0.38104744  0.34845251  0.36456851  0.37276159  0.33268382  0.34052569  0.36456851  0.36456851  0.32492509  0.35646614  0.48856909  0.30965015  0.32492509  0.32492509  0.30965015  0.34845251  0.35646614  0.33268382  0.35646614  0.36456851  0.40648327  0.38942820  0.37276159  0.37276159  0.37276159  0.34052569  0.36456851  0.35646614  0.34052569  0.44183435  0.41516223  0.41516223  0.38942820  0.36456851  0.35646614  0.35646614  0.33268382  0.30965015  0.32492509  0.35646614  0.34845251  
22_0_0     0.14156432  0.14156432  0.14759624  0.19772977  0.19127200  0.17852496  0.00000000  0.22414630  0.23090218  0.23772101  0.25155230  0.23090218  0.22414630  0.22414630  0.23772101  0.22414630  0.22414630  0.23090218  0.28731945  0.25155230  0.23772101  0.23772101  0.25155230  0.24460398  0.22414630  0.23090218  0.24460398  0.21745223  0.27280214  0.23090218  0.23772101  0.23090218  0.25155230  0.21081884  0.21081884  0.24460398  0.23090218  0.28731945  0.22414630  0.23090218  0.21081884  0.23090218  0.27280214  0.14759624  0.15367829  0.17852496  0.19772977  0.18487073  0.20424504  0.21081884  0.22414630  0.19127200  0.20424504  0.20424504  0.19127200  0.18487073  0.20424504  0.19772977  0.19772977  0.19772977  0.19127200  0.17223375  0.19772977  0.19772977  0.20424504  0.20424504  0.23090218  0.20424504  0.18487073  0.21081884  0.25155230  0.23772101  0.34052569  0.32492509  0.34845251  0.34052569  0.34845251  0.34845251  0.40648327  0.38104744  0.37276159  0.39790605  0.39790605  0.37276159  0.38104744  0.36456851  0.38942820  0.41516223  0.42394535  0.45094556  0.38104744  0.39790605  0.41516223  0.43283519  0.38942820  0.43283519  0.47898030  0.48856909  0.45094556  0.44183435  0.44183435  0.46017165  0.46017165  0.38104744  0.40648327  0.43283519  0.35646614  0.39790605  0.38104744  0.36456851  0.36456851  0.38942820  0.42394535  0.41516223  0.41516223  0.33268382  0.38942820  0.39790605  0.36456851  0.31724776  0.30965015  0.30965015  0.30213061  0.31724776  0.33268382  0.31724776  0.30965015  0.41516223  0.34052569  0.32492509  0.34845251  0.33268382  0.36456851  0.32492509  0.35646614  0.36456851  0.34845251  0.37276159  0.38104744  0.34845251  0.38104744  0.36456851  0.36456851  0.36456851  0.35646614  0.35646614  0.43283519  0.40648327  0.40648327  0.39790605  0.38942820  0.38104744  0.38104744  0.34052569  0.36456851  0.34845251  0.34052569  0.35646614  
40_14_0    0.26565008  0.28002479  0.28002479  0.26565008  0.25155230  0.27280214  0.22414630  0.00000000  0.05658815  0.04596855  0.07281224  0.04071599  0.02007484  0.06736414  0.03550086  0.02007484  0.02007484  0.25155230  0.29468756  0.30213061  0.22414630  0.22414630  0.21081884  0.22414630  0.23090218  0.23772101  0.24460398  0.22414630  0.25155230  0.24460398  0.23090218  0.25155230  0.30213061  0.23772101  0.25856724  0.27280214  0.23772101  0.27280214  0.24460398  0.24460398  0.23772101  0.23090218  0.31724776  0.22414630  0.21745223  0.22414630  0.23090218  0.24460398  0.21081884  0.23772101  0.24460398  0.22414630  0.25155230  0.25856724  0.18487073  0.17852496  0.20424504  0.17223375  0.17852496  0.17852496  0.19772977  0.21081884  0.22414630  0.25155230  0.22414630  0.21081884  0.25856724  0.23090218  0.21745223  0.23772101  0.26565008  0.26565008  0.37276159  0.37276159  0.39790605  0.38942820  0.38104744  0.40648327  0.37276159  0.36456851  0.36456851  0.40648327  0.43283519  0.43283519  0.39790605  0.40648327  0.40648327  0.43283519  0.44183435  0.46017165  0.39790605  0.40648327  0.40648327  0.41516223  0.39790605  0.46017165  0.42394535  0.44183435  0.44183435  0.47898030  0.44183435  0.46951555  0.48856909  0.43283519  0.43283519  0.46017165  0.40648327  0.44183435  0.41516223  0.39790605  0.39790605  0.44183435  0.46951555  0.51811320  0.47898030  0.39790605  0.42394535  0.40648327  0.35646614  0.31724776  0.33268382  0.38942820  0.37276159  0.38104744  0.39790605  0.37276159  0.38104744  0.48856909  0.38942820  0.37276159  0.38942820  0.37276159  0.33268382  0.31724776  0.38942820  0.36456851  0.36456851  0.42394535  0.45094556  0.46017165  0.41516223  0.41516223  0.44183435  0.46951555  0.46951555  0.46017165  0.43283519  0.42394535  0.43283519  0.44183435  0.38104744  0.38942820  0.38942820  0.38104744  0.38104744  0.38104744  0.40648327  0.39790605  
53_14_0    0.25155230  0.26565008  0.24460398  0.26565008  0.25155230  0.26565008  0.23090218  0.05658815  0.00000000  0.07281224  0.08383164  0.05125909  0.04071599  0.08383164  0.06195631  0.04071599  0.05125909  0.25155230  0.28002479  0.27280214  0.27280214  0.25856724  0.19772977  0.20424504  0.25155230  0.24460398  0.25155230  0.25856724  0.25856724  0.21745223  0.21745223  0.25155230  0.28002479  0.25856724  0.25856724  0.26565008  0.25856724  0.28731945  0.24460398  0.24460398  0.24460398  0.22414630  0.32492509  0.21745223  0.23090218  0.22414630  0.23772101  0.23772101  0.21081884  0.24460398  0.21745223  0.23090218  0.23090218  0.25856724  0.21081884  0.19772977  0.18487073  0.19772977  0.20424504  0.20424504  0.19772977  0.21081884  0.21745223  0.24460398  0.22414630  0.19772977  0.23772101  0.25856724  0.20424504  0.21745223  0.26565008  0.27280214  0.39790605  0.39790605  0.41516223  0.38942820  0.38104744  0.38104744  0.38104744  0.33268382  0.36456851  0.39790605  0.43283519  0.40648327  0.38104744  0.38104744  0.44183435  0.45094556  0.46017165  0.46017165  0.39790605  0.40648327  0.40648327  0.40648327  0.41516223  0.43283519  0.46017165  0.46951555  0.46017165  0.44183435  0.46017165  0.46017165  0.48856909  0.40648327  0.42394535  0.44183435  0.41516223  0.45094556  0.41516223  0.41516223  0.38942820  0.46017165  0.46951555  0.50813204  0.47898030  0.38942820  0.39790605  0.38942820  0.34052569  0.34845251  0.34052569  0.42394535  0.40648327  0.38942820  0.37276159  0.40648327  0.39790605  0.49828519  0.36456851  0.37276159  0.37276159  0.37276159  0.35646614  0.34052569  0.36456851  0.38942820  0.35646614  0.41516223  0.43283519  0.44183435  0.39790605  0.39790605  0.42394535  0.46951555  0.46017165  0.45094556  0.46017165  0.43283519  0.44183435  0.46017165  0.37276159  0.38104744  0.38104744  0.39790605  0.38942820  0.38942820  0.38942820  0.41516223  
56_19_0    0.27280214  0.27280214  0.28731945  0.28731945  0.26565008  0.28002479  0.23772101  0.04596855  0.07281224  0.00000000  0.08383164  0.06736414  0.03550086  0.07281224  0.07281224  0.03550086  0.03032264  0.28731945  0.30213061  0.27280214  0.23772101  0.22414630  0.21081884  0.22414630  0.24460398  0.25155230  0.25856724  0.23772101  0.23772101  0.25856724  0.23090218  0.27280214  0.30213061  0.27280214  0.27280214  0.28731945  0.26565008  0.26565008  0.27280214  0.27280214  0.26565008  0.25856724  0.33268382  0.24460398  0.25856724  0.25155230  0.23772101  0.23772101  0.22414630  0.25155230  0.25856724  0.24460398  0.27280214  0.24460398  0.22414630  0.20424504  0.21081884  0.17852496  0.17223375  0.17223375  0.22414630  0.21081884  0.21745223  0.25856724  0.22414630  0.23090218  0.24460398  0.23772101  0.21081884  0.24460398  0.24460398  0.25155230  0.40648327  0.37276159  0.39790605  0.42394535  0.41516223  0.42394535  0.38942820  0.37276159  0.37276159  0.44183435  0.45094556  0.45094556  0.40648327  0.39790605  0.42394535  0.41516223  0.42394535  0.45094556  0.42394535  0.42394535  0.43283519  0.42394535  0.40648327  0.44183435  0.42394535  0.42394535  0.44183435  0.45094556  0.44183435  0.46951555  0.46951555  0.41516223  0.41516223  0.47898030  0.42394535  0.45094556  0.40648327  0.42394535  0.40648327  0.44183435  0.46951555  0.50813204  0.46951555  0.43283519  0.45094556  0.43283519  0.34845251  0.32492509  0.32492509  0.38104744  0.36456851  0.38942820  0.40648327  0.36456851  0.37276159  0.48856909  0.38104744  0.36456851  0.39790605  0.39790605  0.35646614  0.36456851  0.37276159  0.39790605  0.35646614  0.45094556  0.44183435  0.46951555  0.41516223  0.41516223  0.46017165  0.48856909  0.46951555  0.43283519  0.45094556  0.43283519  0.46017165  0.45094556  0.38942820  0.39790605  0.39790605  0.39790605  0.41516223  0.41516223  0.41516223  0.42394535  
28_19_0    0.26565008  0.28002479  0.27280214  0.25856724  0.24460398  0.25856724  0.25155230  0.07281224  0.08383164  0.08383164  0.00000000  0.07830120  0.06736414  0.10067828  0.07830120  0.06736414  0.07830120  0.25856724  0.30965015  0.30965015  0.24460398  0.23090218  0.24460398  0.25155230  0.25856724  0.25155230  0.24460398  0.23772101  0.26565008  0.23090218  0.20424504  0.23090218  0.28731945  0.27280214  0.27280214  0.26565008  0.27280214  0.28002479  0.27280214  0.27280214  0.28731945  0.27280214  0.31724776  0.23090218  0.22414630  0.23090218  0.23772101  0.23090218  0.23090218  0.25856724  0.23090218  0.23772101  0.26565008  0.23772101  0.21745223  0.22414630  0.19772977  0.19772977  0.21745223  0.21745223  0.22414630  0.18487073  0.21745223  0.25155230  0.21081884  0.23772101  0.25856724  0.25155230  0.22414630  0.22414630  0.24460398  0.25856724  0.43283519  0.42394535  0.44183435  0.41516223  0.41516223  0.38104744  0.38104744  0.38104744  0.38942820  0.42394535  0.45094556  0.39790605  0.38942820  0.39790605  0.40648327  0.46017165  0.46951555  0.47898030  0.43283519  0.42394535  0.42394535  0.42394535  0.38942820  0.40648327  0.40648327  0.42394535  0.41516223  0.45094556  0.45094556  0.46017165  0.47898030  0.46017165  0.43283519  0.44183435  0.39790605  0.43283519  0.40648327  0.42394535  0.43283519  0.44183435  0.43283519  0.49828519  0.46951555  0.41516223  0.40648327  0.40648327  0.34052569  0.33268382  0.34845251  0.38942820  0.38942820  0.40648327  0.38942820  0.38942820  0.39790605  0.46951555  0.37276159  0.38104744  0.38942820  0.37276159  0.37276159  0.37276159  0.31724776  0.39790605  0.35646614  0.44183435  0.43283519  0.45094556  0.44183435  0.42394535  0.45094556  0.46951555  0.46951555  0.45094556  0.47898030  0.43283519  0.45094556  0.46951555  0.38942820  0.38942820  0.38942820  0.40648327  0.38942820  0.39790605  0.42394535  0.40648327  
34_19_0    0.27280214  0.28731945  0.27280214  0.27280214  0.25856724  0.28002479  0.23090218  0.04071599  0.05125909  0.06736414  0.07830120  0.00000000  0.04071599  0.07830120  0.06195631  0.04071599  0.05125909  0.27280214  0.30213061  0.30965015  0.24460398  0.23090218  0.21081884  0.21081884  0.23772101  0.24460398  0.26565008  0.25155230  0.24460398  0.23090218  0.23090218  0.25856724  0.29468756  0.25856724  0.27280214  0.28731945  0.27280214  0.27280214  0.25155230  0.25856724  0.24460398  0.24460398  0.30965015  0.24460398  0.22414630  0.23772101  0.23772101  0.25155230  0.22414630  0.23772101  0.25155230  0.24460398  0.25155230  0.26565008  0.21081884  0.21081884  0.21081884  0.18487073  0.19127200  0.19127200  0.19772977  0.21745223  0.21745223  0.25856724  0.21745223  0.21745223  0.24460398  0.22414630  0.21081884  0.23090218  0.27280214  0.27280214  0.39790605  0.38942820  0.40648327  0.38942820  0.38104744  0.38104744  0.39790605  0.37276159  0.38942820  0.39790605  0.42394535  0.41516223  0.38942820  0.41516223  0.43283519  0.43283519  0.44183435  0.44183435  0.42394535  0.44183435  0.38942820  0.38942820  0.40648327  0.42394535  0.43283519  0.45094556  0.44183435  0.45094556  0.43283519  0.46951555  0.46017165  0.42394535  0.41516223  0.45094556  0.41516223  0.42394535  0.39790605  0.39790605  0.39790605  0.46017165  0.44183435  0.48856909  0.47898030  0.41516223  0.40648327  0.40648327  0.37276159  0.33268382  0.34845251  0.39790605  0.38942820  0.38942820  0.37276159  0.38942820  0.38104744  0.46951555  0.38104744  0.36456851  0.38104744  0.34845251  0.35646614  0.30965015  0.36456851  0.39790605  0.34052569  0.42394535  0.46951555  0.45094556  0.39790605  0.41516223  0.44183435  0.43283519  0.43283519  0.45094556  0.43283519  0.41516223  0.40648327  0.44183435  0.37276159  0.38104744  0.38104744  0.37276159  0.39790605  0.36456851  0.38104744  0.39790605  
56_14_0    0.25155230  0.26565008  0.27280214  0.25856724  0.24460398  0.26565008  0.22414630  0.02007484  0.04071599  0.03550086  0.06736414  0.04071599  0.00000000  0.05658815  0.03550086  0.00000000  0.02007484  0.25856724  0.28731945  0.28731945  0.23772101  0.23772101  0.19772977  0.21081884  0.23090218  0.23772101  0.24460398  0.23772101  0.23772101  0.24460398  0.21745223  0.26565008  0.29468756  0.24460398  0.25856724  0.27280214  0.25155230  0.26565008  0.25856724  0.25856724  0.23772101  0.23090218  0.32492509  0.21745223  0.23090218  0.22414630  0.22414630  0.23772101  0.21081884  0.23772101  0.23772101  0.23772101  0.25155230  0.25856724  0.19772977  0.18487073  0.21081884  0.16599617  0.17223375  0.17223375  0.21081884  0.19772977  0.21745223  0.24460398  0.21745223  0.20424504  0.25155230  0.23772101  0.21081884  0.23090218  0.25155230  0.26565008  0.38942820  0.37276159  0.39790605  0.38942820  0.38104744  0.40648327  0.38104744  0.36456851  0.36456851  0.41516223  0.44183435  0.42394535  0.38942820  0.39790605  0.42394535  0.43283519  0.44183435  0.46017165  0.40648327  0.41516223  0.41516223  0.42394535  0.40648327  0.46017165  0.44183435  0.46017165  0.46017165  0.46017165  0.45094556  0.46017165  0.47898030  0.42394535  0.44183435  0.44183435  0.40648327  0.46017165  0.41516223  0.40648327  0.39790605  0.43283519  0.46017165  0.51811320  0.47898030  0.38942820  0.41516223  0.41516223  0.35646614  0.30965015  0.32492509  0.38942820  0.37276159  0.39790605  0.39790605  0.37276159  0.36456851  0.48856909  0.36456851  0.36456851  0.38104744  0.37276159  0.34845251  0.31724776  0.35646614  0.38104744  0.33268382  0.43283519  0.44183435  0.45094556  0.41516223  0.41516223  0.44183435  0.46951555  0.46951555  0.45094556  0.44183435  0.42394535  0.43283519  0.44183435  0.37276159  0.38104744  0.38104744  0.39790605  0.38942820  0.38942820  0.40648327  0.39790605  
34_14_0    0.25856724  0.27280214  0.28002479  0.28002479  0.26565008  0.26565008  0.22414630  0.06736414  0.08383164  0.07281224  0.10067828  0.07830120  0.05658815  0.00000000  0.07281224  0.05658815  0.05658815  0.27280214  0.31724776  0.28731945  0.24460398  0.25856724  0.21081884  0.21081884  0.23772101  0.24460398  0.25155230  0.21081884  0.22414630  0.21745223  0.21745223  0.24460398  0.25856724  0.23090218  0.25155230  0.27280214  0.23772101  0.25155230  0.26565008  0.25856724  0.23090218  0.23772101  0.34052569  0.21745223  0.23772101  0.23090218  0.23772101  0.21081884  0.21081884  0.24460398  0.24460398  0.23772101  0.26565008  0.23090218  0.20424504  0.19772977  0.21081884  0.17852496  0.17223375  0.17223375  0.19127200  0.21745223  0.20424504  0.23772101  0.23090218  0.23090218  0.25155230  0.23772101  0.21081884  0.23090218  0.25155230  0.27280214  0.39790605  0.38104744  0.40648327  0.38104744  0.37276159  0.38942820  0.38942820  0.39790605  0.37276159  0.40648327  0.46951555  0.42394535  0.41516223  0.39790605  0.40648327  0.37276159  0.38104744  0.43283519  0.40648327  0.43283519  0.44183435  0.43283519  0.44183435  0.45094556  0.44183435  0.46017165  0.46951555  0.45094556  0.46017165  0.48856909  0.49828519  0.41516223  0.43283519  0.46951555  0.43283519  0.47898030  0.45094556  0.40648327  0.41516223  0.46017165  0.46951555  0.49828519  0.46951555  0.38942820  0.40648327  0.42394535  0.36456851  0.35646614  0.35646614  0.42394535  0.40648327  0.41516223  0.40648327  0.40648327  0.39790605  0.46017165  0.37276159  0.34052569  0.37276159  0.35646614  0.35646614  0.34052569  0.36456851  0.42394535  0.34845251  0.45094556  0.46951555  0.47898030  0.38104744  0.38104744  0.44183435  0.45094556  0.45094556  0.44183435  0.46017165  0.44183435  0.45094556  0.44183435  0.37276159  0.38104744  0.38104744  0.38104744  0.38942820  0.38104744  0.38104744  0.38942820  
28_14_0    0.26565008  0.28002479  0.27280214  0.27280214  0.25856724  0.24460398  0.23772101  0.03550086  0.06195631  0.07281224  0.07830120  0.06195631  0.03550086  0.07281224  0.00000000  0.03550086  0.05658815  0.25856724  0.28731945  0.30213061  0.23090218  0.23090218  0.22414630  0.23772101  0.24460398  0.23772101  0.24460398  0.23772101  0.25155230  0.23772101  0.23772101  0.27280214  0.28731945  0.25155230  0.27280214  0.27280214  0.25155230  0.23772101  0.23090218  0.23090218  0.23772101  0.21745223  0.33268382  0.24460398  0.21745223  0.22414630  0.23090218  0.26565008  0.21745223  0.24460398  0.25856724  0.23772101  0.23772101  0.24460398  0.18487073  0.18487073  0.21081884  0.19127200  0.19772977  0.19772977  0.21745223  0.21081884  0.23090218  0.27280214  0.23090218  0.21081884  0.25155230  0.23772101  0.22414630  0.23090218  0.28002479  0.26565008  0.37276159  0.38104744  0.38104744  0.38104744  0.37276159  0.38104744  0.35646614  0.35646614  0.37276159  0.38104744  0.41516223  0.39790605  0.37276159  0.41516223  0.42394535  0.45094556  0.46017165  0.45094556  0.37276159  0.38942820  0.41516223  0.42394535  0.40648327  0.45094556  0.44183435  0.46017165  0.46017165  0.46951555  0.46017165  0.46951555  0.50813204  0.40648327  0.45094556  0.42394535  0.38942820  0.45094556  0.40648327  0.40648327  0.40648327  0.44183435  0.44183435  0.50813204  0.47898030  0.38942820  0.40648327  0.40648327  0.35646614  0.32492509  0.34052569  0.38942820  0.37276159  0.38104744  0.38104744  0.37276159  0.36456851  0.47898030  0.37276159  0.38942820  0.38942820  0.38104744  0.35646614  0.33268382  0.37276159  0.37276159  0.36456851  0.43283519  0.45094556  0.44183435  0.42394535  0.40648327  0.45094556  0.47898030  0.47898030  0.46017165  0.45094556  0.41516223  0.42394535  0.45094556  0.36456851  0.37276159  0.37276159  0.38942820  0.36456851  0.38104744  0.41516223  0.38942820  
31_14_0    0.25155230  0.26565008  0.27280214  0.25856724  0.24460398  0.26565008  0.22414630  0.02007484  0.04071599  0.03550086  0.06736414  0.04071599  0.00000000  0.05658815  0.03550086  0.00000000  0.02007484  0.25856724  0.28731945  0.28731945  0.23772101  0.23772101  0.19772977  0.21081884  0.23090218  0.23772101  0.24460398  0.23772101  0.23772101  0.24460398  0.21745223  0.26565008  0.29468756  0.24460398  0.25856724  0.27280214  0.25155230  0.26565008  0.25856724  0.25856724  0.23772101  0.23090218  0.32492509  0.21745223  0.23090218  0.22414630  0.22414630  0.23772101  0.21081884  0.23772101  0.23772101  0.23772101  0.25155230  0.25856724  0.19772977  0.18487073  0.21081884  0.16599617  0.17223375  0.17223375  0.21081884  0.19772977  0.21745223  0.24460398  0.21745223  0.20424504  0.25155230  0.23772101  0.21081884  0.23090218  0.25155230  0.26565008  0.38942820  0.37276159  0.39790605  0.38942820  0.38104744  0.40648327  0.38104744  0.36456851  0.36456851  0.41516223  0.44183435  0.42394535  0.38942820  0.39790605  0.42394535  0.43283519  0.44183435  0.46017165  0.40648327  0.41516223  0.41516223  0.42394535  0.40648327  0.46017165  0.44183435  0.46017165  0.46017165  0.46017165  0.45094556  0.46017165  0.47898030  0.42394535  0.44183435  0.44183435  0.40648327  0.46017165  0.41516223  0.40648327  0.39790605  0.43283519  0.46017165  0.51811320  0.47898030  0.38942820  0.41516223  0.41516223  0.35646614  0.30965015  0.32492509  0.38942820  0.37276159  0.39790605  0.39790605  0.37276159  0.36456851  0.48856909  0.36456851  0.36456851  0.38104744  0.37276159  0.34845251  0.31724776  0.35646614  0.38104744  0.33268382  0.43283519  0.44183435  0.45094556  0.41516223  0.41516223  0.44183435  0.46951555  0.46951555  0.45094556  0.44183435  0.42394535  0.43283519  0.44183435  0.37276159  0.38104744  0.38104744  0.39790605  0.38942820  0.38942820  0.40648327  0.39790605  
55_14_0    0.25856724  0.27280214  0.27280214  0.25856724  0.25856724  0.27280214  0.22414630  0.02007484  0.05125909  0.03032264  0.07830120  0.05125909  0.02007484  0.05658815  0.05658815  0.02007484  0.00000000  0.25155230  0.29468756  0.27280214  0.22414630  0.22414630  0.19127200  0.21081884  0.23090218  0.23772101  0.24460398  0.23090218  0.22414630  0.24460398  0.21745223  0.26565008  0.29468756  0.24460398  0.24460398  0.26565008  0.23090218  0.25856724  0.25856724  0.25856724  0.23772101  0.23772101  0.31724776  0.21745223  0.22414630  0.21745223  0.22414630  0.23090218  0.20424504  0.24460398  0.23772101  0.21745223  0.26565008  0.25856724  0.20424504  0.19127200  0.19772977  0.16599617  0.15981131  0.15981131  0.21081884  0.20424504  0.20424504  0.24460398  0.21745223  0.20424504  0.25856724  0.22414630  0.21081884  0.23090218  0.26565008  0.26565008  0.38942820  0.37276159  0.39790605  0.40648327  0.39790605  0.40648327  0.38104744  0.36456851  0.36456851  0.41516223  0.45094556  0.44183435  0.38942820  0.38104744  0.39790605  0.42394535  0.43283519  0.47898030  0.39790605  0.38942820  0.42394535  0.41516223  0.41516223  0.46017165  0.43283519  0.44183435  0.44183435  0.47898030  0.46017165  0.46017165  0.46017165  0.42394535  0.42394535  0.46951555  0.40648327  0.46017165  0.43283519  0.39790605  0.38942820  0.44183435  0.46951555  0.51811320  0.48856909  0.39790605  0.42394535  0.41516223  0.34845251  0.33268382  0.34052569  0.38942820  0.37276159  0.38104744  0.39790605  0.37276159  0.38104744  0.50813204  0.38942820  0.35646614  0.38942820  0.38104744  0.33268382  0.33268382  0.36456851  0.38104744  0.34845251  0.42394535  0.43283519  0.46017165  0.40648327  0.39790605  0.44183435  0.47898030  0.46951555  0.43283519  0.45094556  0.44183435  0.45094556  0.45094556  0.38104744  0.38942820  0.38942820  0.39790605  0.39790605  0.39790605  0.41516223  0.39790605  
33_14_0    0.19127200  0.20424504  0.19772977  0.23090218  0.25856724  0.25155230  0.23090218  0.25155230  0.25155230  0.28731945  0.25856724  0.27280214  0.25856724  0.27280214  0.25856724  0.25856724  0.25155230  0.00000000  0.21745223  0.19772977  0.08383164  0.10638113  0.08940421  0.08940421  0.07830120  0.07281224  0.06195631  0.11792192  0.15981131  0.11792192  0.10067828  0.15367829  0.15367829  0.14759624  0.12964764  0.14156432  0.13558173  0.15981131  0.11212877  0.10638113  0.11212877  0.10638113  0.30965015  0.19127200  0.17223375  0.16599617  0.21081884  0.19127200  0.21081884  0.22414630  0.18487073  0.23090218  0.20424504  0.20424504  0.21081884  0.21745223  0.22414630  0.19772977  0.19772977  0.19772977  0.22414630  0.18487073  0.17852496  0.18487073  0.19127200  0.17852496  0.19772977  0.19772977  0.19127200  0.16599617  0.31724776  0.25856724  0.38104744  0.39790605  0.39790605  0.41516223  0.40648327  0.41516223  0.40648327  0.38942820  0.40648327  0.41516223  0.45094556  0.40648327  0.46017165  0.46951555  0.46951555  0.44183435  0.45094556  0.46017165  0.37276159  0.38942820  0.46951555  0.48856909  0.43283519  0.51811320  0.49828519  0.48856909  0.49828519  0.46951555  0.49828519  0.41516223  0.43283519  0.43283519  0.48856909  0.46017165  0.42394535  0.44183435  0.44183435  0.42394535  0.41516223  0.46017165  0.46017165  0.45094556  0.47898030  0.41516223  0.42394535  0.41516223  0.34845251  0.31724776  0.30965015  0.35646614  0.35646614  0.35646614  0.35646614  0.34052569  0.36456851  0.47898030  0.36456851  0.36456851  0.35646614  0.30965015  0.33268382  0.32492509  0.35646614  0.30965015  0.33268382  0.39790605  0.39790605  0.40648327  0.39790605  0.39790605  0.38104744  0.39790605  0.38942820  0.42394535  0.44183435  0.42394535  0.41516223  0.42394535  0.44183435  0.44183435  0.44183435  0.43283519  0.38104744  0.38942820  0.40648327  0.41516223  
35_14_0    0.31724776  0.32492509  0.31724776  0.30213061  0.31724776  0.28002479  0.28731945  0.29468756  0.28002479  0.30213061  0.30965015  0.30213061  0.28731945  0.31724776  0.28731945  0.28731945  0.29468756  0.21745223  0.00000000  0.05658815  0.23772101  0.25155230  0.21081884  0.23090218  0.23772101  0.23090218  0.23090218  0.22414630  0.25155230  0.24460398  0.23772101  0.31724776  0.25155230  0.28731945  0.23772101  0.22414630  0.23772101  0.23772101  0.25856724  0.26565008  0.23772101  0.23090218  0.33268382  0.26565008  0.25155230  0.27280214  0.23772101  0.27280214  0.28002479  0.29468756  0.26565008  0.29468756  0.28002479  0.25856724  0.23090218  0.23090218  0.25155230  0.24460398  0.25155230  0.25155230  0.25856724  0.26565008  0.26565008  0.28731945  0.29468756  0.28002479  0.28002479  0.30965015  0.30213061  0.28731945  0.33268382  0.29468756  0.39790605  0.41516223  0.40648327  0.40648327  0.42394535  0.44183435  0.41516223  0.41516223  0.43283519  0.47898030  0.40648327  0.41516223  0.42394535  0.44183435  0.46017165  0.48856909  0.49828519  0.50813204  0.42394535  0.41516223  0.46951555  0.47898030  0.45094556  0.51811320  0.49828519  0.50813204  0.52823239  0.45094556  0.43283519  0.43283519  0.42394535  0.43283519  0.45094556  0.39790605  0.41516223  0.42394535  0.42394535  0.44183435  0.43283519  0.41516223  0.42394535  0.42394535  0.43283519  0.40648327  0.43283519  0.43283519  0.34845251  0.39790605  0.40648327  0.37276159  0.37276159  0.38104744  0.38942820  0.36456851  0.38104744  0.47898030  0.40648327  0.41516223  0.40648327  0.38942820  0.40648327  0.37276159  0.38104744  0.35646614  0.35646614  0.46017165  0.46017165  0.46017165  0.39790605  0.40648327  0.39790605  0.39790605  0.38942820  0.44183435  0.45094556  0.45094556  0.45094556  0.44183435  0.43283519  0.43283519  0.43283519  0.43283519  0.35646614  0.38942820  0.44183435  0.40648327  
19_14_0    0.32492509  0.31724776  0.30213061  0.29468756  0.30213061  0.29468756  0.25155230  0.30213061  0.27280214  0.27280214  0.30965015  0.30965015  0.28731945  0.28731945  0.30213061  0.28731945  0.27280214  0.19772977  0.05658815  0.00000000  0.23772101  0.23772101  0.19127200  0.19772977  0.21745223  0.21081884  0.21081884  0.21081884  0.21745223  0.21745223  0.22414630  0.28731945  0.24460398  0.27280214  0.21081884  0.22414630  0.22414630  0.25856724  0.22414630  0.23090218  0.21745223  0.22414630  0.33268382  0.23772101  0.24460398  0.25856724  0.25155230  0.24460398  0.28731945  0.30965015  0.26565008  0.27280214  0.27280214  0.25856724  0.21745223  0.21745223  0.21745223  0.24460398  0.22414630  0.22414630  0.26565008  0.25155230  0.23772101  0.25856724  0.28002479  0.26565008  0.26565008  0.29468756  0.26565008  0.25856724  0.32492509  0.28731945  0.41516223  0.39790605  0.40648327  0.42394535  0.44183435  0.44183435  0.43283519  0.39790605  0.41516223  0.47898030  0.46017165  0.42394535  0.46017165  0.45094556  0.48856909  0.45094556  0.46017165  0.46951555  0.42394535  0.42394535  0.47898030  0.46951555  0.44183435  0.50813204  0.46951555  0.47898030  0.50813204  0.46017165  0.47898030  0.46951555  0.46951555  0.42394535  0.46017165  0.47898030  0.46951555  0.44183435  0.44183435  0.46951555  0.44183435  0.44183435  0.45094556  0.42394535  0.45094556  0.41516223  0.43283519  0.45094556  0.34845251  0.42394535  0.41516223  0.41516223  0.40648327  0.41516223  0.42394535  0.39790605  0.41516223  0.47898030  0.38942820  0.38104744  0.38942820  0.39790605  0.38942820  0.36456851  0.35646614  0.35646614  0.36456851  0.41516223  0.40648327  0.39790605  0.42394535  0.41516223  0.40648327  0.40648327  0.39790605  0.40648327  0.47898030  0.47898030  0.49828519  0.49828519  0.45094556  0.45094556  0.45094556  0.46017165  0.40648327  0.42394535  0.46017165  0.44183435  
