20
13_0_0     0.00000000  0.00000000  0.05296709  0.08409799  0.17885557  0.19342753  0.15053609  0.15053609  0.47611615  0.47611615  0.46545866  0.53180619  0.48692759  0.38525744  0.55529667  0.52033175  0.43436752  0.48692759  0.48692759  0.48692759  
19_0_0     0.00000000  0.00000000  0.05296709  0.08409799  0.17885557  0.19342753  0.15053609  0.15053609  0.47611615  0.47611615  0.46545866  0.53180619  0.48692759  0.38525744  0.55529667  0.52033175  0.43436752  0.48692759  0.48692759  0.48692759  
20_0_0     0.05296709  0.05296709  0.00000000  0.09048262  0.16456190  0.18610608  0.12324918  0.12324918  0.43436752  0.44458840  0.44458840  0.49789750  0.45495079  0.40451655  0.54345928  0.50903057  0.42428433  0.45495079  0.45495079  0.45495079  
16_0_0     0.08409799  0.08409799  0.09048262  0.00000000  0.18610608  0.19342753  0.15053609  0.15053609  0.47611615  0.43436752  0.42428433  0.52033175  0.46545866  0.38525744  0.53180619  0.49789750  0.41433518  0.47611615  0.48692759  0.48692759  
14_0_0     0.17885557  0.17885557  0.16456190  0.18610608  0.00000000  0.05296709  0.06526451  0.06526451  0.46545866  0.44458840  0.43436752  0.45495079  0.47611615  0.43436752  0.47611615  0.48692759  0.40451655  0.42428433  0.46545866  0.46545866  
18_0_0     0.19342753  0.19342753  0.18610608  0.19342753  0.05296709  0.00000000  0.07148983  0.07148983  0.50903057  0.42428433  0.41433518  0.41433518  0.43436752  0.40451655  0.47611615  0.48692759  0.40451655  0.44458840  0.47611615  0.47611615  
17_0_0     0.15053609  0.15053609  0.12324918  0.15053609  0.06526451  0.07148983  0.00000000  0.00000000  0.45495079  0.39482505  0.40451655  0.42428433  0.44458840  0.38525744  0.43436752  0.42428433  0.35726725  0.39482505  0.43436752  0.43436752  
15_0_0     0.15053609  0.15053609  0.12324918  0.15053609  0.06526451  0.07148983  0.00000000  0.00000000  0.45495079  0.39482505  0.40451655  0.42428433  0.44458840  0.38525744  0.43436752  0.42428433  0.35726725  0.39482505  0.43436752  0.43436752  
7_0_0      0.47611615  0.47611615  0.43436752  0.47611615  0.46545866  0.50903057  0.45495079  0.45495079  0.00000000  0.30424396  0.31282441  0.33028616  0.31282441  0.31282441  0.31282441  0.30424396  0.32150436  0.30424396  0.32150436  0.32150436  
2_0_0      0.47611615  0.47611615  0.44458840  0.43436752  0.44458840  0.42428433  0.39482505  0.39482505  0.30424396  0.00000000  0.00570349  0.05296709  0.03489170  0.12997822  0.15053609  0.14362054  0.15751614  0.23114915  0.24678671  0.23892709  
12_0_0     0.46545866  0.46545866  0.44458840  0.42428433  0.43436752  0.41433518  0.40451655  0.40451655  0.31282441  0.00570349  0.00000000  0.05909055  0.04086846  0.12324918  0.15751614  0.15053609  0.16456190  0.23892709  0.25472974  0.24678671  
4_0_0      0.53180619  0.53180619  0.49789750  0.52033175  0.45495079  0.41433518  0.42428433  0.42428433  0.33028616  0.05296709  0.05909055  0.00000000  0.02896229  0.15751614  0.15751614  0.15053609  0.20082129  0.27907748  0.29576076  0.28737264  
11_0_0     0.48692759  0.48692759  0.45495079  0.46545866  0.47611615  0.43436752  0.44458840  0.44458840  0.31282441  0.03489170  0.04086846  0.02896229  0.00000000  0.14362054  0.15751614  0.15053609  0.18610608  0.26275797  0.27907748  0.27087325  
5_0_0      0.38525744  0.38525744  0.40451655  0.38525744  0.43436752  0.40451655  0.38525744  0.38525744  0.31282441  0.12997822  0.12324918  0.15751614  0.14362054  0.00000000  0.19342753  0.17167461  0.21583162  0.28737264  0.33028616  0.33028616  
8_0_0      0.55529667  0.55529667  0.54345928  0.53180619  0.47611615  0.47611615  0.43436752  0.43436752  0.31282441  0.15053609  0.15751614  0.15751614  0.15751614  0.19342753  0.00000000  0.04086846  0.12997822  0.23114915  0.26275797  0.25472974  
1_0_0      0.52033175  0.52033175  0.50903057  0.49789750  0.48692759  0.48692759  0.42428433  0.42428433  0.30424396  0.14362054  0.15053609  0.15053609  0.15053609  0.17167461  0.04086846  0.00000000  0.13676830  0.22345120  0.23892709  0.23114915  
10_0_0     0.43436752  0.43436752  0.42428433  0.41433518  0.40451655  0.40451655  0.35726725  0.35726725  0.32150436  0.15751614  0.16456190  0.20082129  0.18610608  0.21583162  0.12997822  0.13676830  0.00000000  0.24678671  0.23114915  0.22345120  
9_0_0      0.48692759  0.48692759  0.45495079  0.47611615  0.42428433  0.44458840  0.39482505  0.39482505  0.30424396  0.23114915  0.23892709  0.27907748  0.26275797  0.28737264  0.23114915  0.22345120  0.24678671  0.00000000  0.06526451  0.07148983  
6_0_0      0.48692759  0.48692759  0.45495079  0.48692759  0.46545866  0.47611615  0.43436752  0.43436752  0.32150436  0.24678671  0.25472974  0.29576076  0.27907748  0.33028616  0.26275797  0.23892709  0.23114915  0.06526451  0.00000000  0.01724255  
3_0_0      0.48692759  0.48692759  0.45495079  0.48692759  0.46545866  0.47611615  0.43436752  0.43436752  0.32150436  0.23892709  0.24678671  0.28737264  0.27087325  0.33028616  0.25472974  0.23114915  0.22345120  0.07148983  0.01724255  0.00000000  

