20
15_0_0     0.00000000  0.08176924  0.08176924  0.12068869  0.08720194  0.08720194  0.08720194  0.13220641  0.14391147  0.21844618  0.22502041  0.21193147  0.21193147  0.21193147  0.21193147  0.16790872  0.19273390  0.21844618  0.22502041  0.21193147  
14_0_0     0.08176924  0.00000000  0.00972728  0.07102535  0.04484712  0.04484712  0.04484712  0.10375055  0.10375055  0.18644686  0.19273390  0.19907636  0.19907636  0.19907636  0.15581007  0.14983618  0.15581007  0.18644686  0.19273390  0.15581007  
18_0_0     0.08176924  0.00972728  0.00000000  0.07102535  0.04484712  0.04484712  0.04484712  0.10375055  0.10375055  0.19907636  0.20547521  0.21193147  0.19907636  0.19907636  0.16790872  0.16183397  0.16790872  0.19907636  0.20547521  0.16790872  
13_0_0     0.12068869  0.07102535  0.07102535  0.00000000  0.06571297  0.06571297  0.06571297  0.13803514  0.13803514  0.18644686  0.18644686  0.22502041  0.22502041  0.22502041  0.17403519  0.18644686  0.18021427  0.18644686  0.19273390  0.16790872  
12_0_0     0.08720194  0.04484712  0.04484712  0.06571297  0.00000000  0.00000000  0.00000000  0.10935242  0.10935242  0.18021427  0.18644686  0.20547521  0.21844618  0.21844618  0.18644686  0.14391147  0.16790872  0.19273390  0.19907636  0.16183397  
19_0_0     0.08720194  0.04484712  0.04484712  0.06571297  0.00000000  0.00000000  0.00000000  0.10935242  0.10935242  0.18021427  0.18644686  0.20547521  0.21844618  0.21844618  0.18644686  0.14391147  0.16790872  0.19273390  0.19907636  0.16183397  
20_0_0     0.08720194  0.04484712  0.04484712  0.06571297  0.00000000  0.00000000  0.00000000  0.10935242  0.10935242  0.18021427  0.18644686  0.20547521  0.21844618  0.21844618  0.18644686  0.14391147  0.16790872  0.19273390  0.19907636  0.16183397  
16_0_0     0.13220641  0.10375055  0.10375055  0.13803514  0.10935242  0.10935242  0.10935242  0.00000000  0.00972728  0.23165525  0.23835183  0.24511131  0.22502041  0.22502041  0.23165525  0.20547521  0.21844618  0.21844618  0.23835183  0.21844618  
17_0_0     0.14391147  0.10375055  0.10375055  0.13803514  0.10935242  0.10935242  0.10935242  0.00972728  0.00000000  0.21844618  0.22502041  0.23165525  0.21193147  0.21193147  0.21844618  0.19273390  0.20547521  0.21844618  0.22502041  0.20547521  
11_0_0     0.21844618  0.18644686  0.19907636  0.18644686  0.18021427  0.18021427  0.18021427  0.23165525  0.21844618  0.00000000  0.00484721  0.05000714  0.12642450  0.12642450  0.07637725  0.06043951  0.07637725  0.08176924  0.09819196  0.07102535  
7_0_0      0.22502041  0.19273390  0.20547521  0.18644686  0.18644686  0.18644686  0.18644686  0.23835183  0.22502041  0.00484721  0.00000000  0.05520442  0.13220641  0.13220641  0.08176924  0.06571297  0.08176924  0.08720194  0.10375055  0.07637725  
10_0_0     0.21193147  0.19907636  0.21193147  0.22502041  0.20547521  0.20547521  0.20547521  0.24511131  0.23165525  0.05000714  0.05520442  0.00000000  0.13803514  0.13803514  0.11499823  0.10375055  0.12068869  0.10375055  0.10935242  0.10375055  
2_0_0      0.21193147  0.19907636  0.19907636  0.22502041  0.21844618  0.21844618  0.21844618  0.22502041  0.21193147  0.12642450  0.13220641  0.13803514  0.00000000  0.00000000  0.15581007  0.12642450  0.13803514  0.12642450  0.14391147  0.10375055  
8_0_0      0.21193147  0.19907636  0.19907636  0.22502041  0.21844618  0.21844618  0.21844618  0.22502041  0.21193147  0.12642450  0.13220641  0.13803514  0.00000000  0.00000000  0.15581007  0.12642450  0.13803514  0.12642450  0.14391147  0.10375055  
9_0_0      0.21193147  0.15581007  0.16790872  0.17403519  0.18644686  0.18644686  0.18644686  0.23165525  0.21844618  0.07637725  0.08176924  0.11499823  0.15581007  0.15581007  0.00000000  0.07102535  0.07637725  0.10935242  0.12642450  0.09267597  
1_0_0      0.16790872  0.14983618  0.16183397  0.18644686  0.14391147  0.14391147  0.14391147  0.20547521  0.19273390  0.06043951  0.06571297  0.10375055  0.12642450  0.12642450  0.07102535  0.00000000  0.04484712  0.08176924  0.09819196  0.07102535  
6_0_0      0.19273390  0.15581007  0.16790872  0.18021427  0.16790872  0.16790872  0.16790872  0.21844618  0.20547521  0.07637725  0.08176924  0.12068869  0.13803514  0.13803514  0.07637725  0.04484712  0.00000000  0.08720194  0.10375055  0.06571297  
3_0_0      0.21844618  0.18644686  0.19907636  0.18644686  0.19273390  0.19273390  0.19273390  0.21844618  0.21844618  0.08176924  0.08720194  0.10375055  0.12642450  0.12642450  0.10935242  0.08176924  0.08720194  0.00000000  0.02456928  0.05000714  
4_0_0      0.22502041  0.19273390  0.20547521  0.19273390  0.19907636  0.19907636  0.19907636  0.23835183  0.22502041  0.09819196  0.10375055  0.10935242  0.14391147  0.14391147  0.12642450  0.09819196  0.10375055  0.02456928  0.00000000  0.06571297  
5_0_0      0.21193147  0.15581007  0.16790872  0.16790872  0.16183397  0.16183397  0.16183397  0.21844618  0.20547521  0.07102535  0.07637725  0.10375055  0.10375055  0.10375055  0.09267597  0.07102535  0.06571297  0.05000714  0.06571297  0.00000000  

