135
38_0_0     0.00000000  0.01834093  0.21252874  0.12607875  0.60380053  0.56398856  0.61202603  0.65458063  0.61202603  0.62875595  0.63726462  0.63726462  0.63726462  0.62034380  0.64587208  0.64587208  0.67231073  0.59566528  0.58761833  0.59566528  0.57178177  0.64587208  0.72819626  0.83185919  0.73793419  0.77821756  0.74780171  0.77821756  0.74780171  0.87775449  0.76793969  0.88968636  0.87775449  0.90181338  0.88968636  0.91414206  0.82081591  0.78863991  0.86601160  0.78863991  0.79921086  0.83185919  0.87775449  0.79921086  0.97906169  1.05021569  1.03542813  1.03542813  0.99275669  1.02092973  1.02092973  1.05021569  1.06530419  0.73793419  0.72819626  0.70909588  1.03542813  1.02092973  0.95240795  0.86601160  0.88968636  0.95240795  0.96561506  1.05021569  1.00670941  1.03542813  0.93943198  1.05021569  1.02092973  0.95240795  0.95240795  0.95240795  0.95240795  1.00670941  1.02092973  1.02092973  0.97906169  1.00670941  0.95240795  1.02092973  0.86601160  0.88968636  1.06530419  1.00670941  1.03542813  1.02092973  1.02092973  0.82081591  0.83185919  0.86601160  0.86601160  0.73793419  0.76793969  0.79921086  0.88968636  0.84306944  0.78863991  0.85445179  1.03542813  1.03542813  1.02092973  0.87775449  0.83185919  0.87775449  0.75780233  0.77821756  0.90181338  0.88968636  0.87775449  0.88968636  1.12892993  1.16291474  1.14572764  1.14572764  0.84306944  0.78863991  0.74780171  0.82081591  0.87775449  1.11250436  1.03542813  1.05021569  1.05021569  0.96561506  0.90181338  0.95240795  0.96561506  0.96561506  0.96561506  0.83185919  0.85445179  0.77821756  0.76793969  0.76793969  0.86601160  
38_1_0     0.01834093  0.00000000  0.22714956  0.14786966  0.62034380  0.59566528  0.64587208  0.66339269  0.62034380  0.61202603  0.62034380  0.62034380  0.62034380  0.62034380  0.62875595  0.62875595  0.65458063  0.57965777  0.57178177  0.57965777  0.55627640  0.62875595  0.69972709  0.85445179  0.73793419  0.79921086  0.73793419  0.76793969  0.75780233  0.83185919  0.79921086  0.87775449  0.86601160  0.86601160  0.87775449  0.90181338  0.76793969  0.77821756  0.88968636  0.75780233  0.74780171  0.86601160  0.86601160  0.74780171  0.96561506  1.03542813  1.02092973  1.02092973  0.99275669  1.00670941  1.00670941  1.06530419  1.05021569  0.73793419  0.74780171  0.70909588  0.99275669  0.97906169  0.91414206  0.83185919  0.83185919  0.91414206  0.92667920  1.03542813  0.99275669  1.02092973  0.92667920  0.99275669  0.97906169  0.93943198  0.96561506  0.96561506  0.96561506  1.02092973  1.00670941  1.00670941  0.96561506  1.02092973  0.91414206  0.97906169  0.91414206  0.93943198  1.02092973  0.99275669  0.99275669  0.97906169  0.97906169  0.80993469  0.82081591  0.84306944  0.82081591  0.76793969  0.77821756  0.78863991  0.87775449  0.83185919  0.79921086  0.84306944  1.05021569  1.05021569  1.02092973  0.88968636  0.86601160  0.91414206  0.72819626  0.72819626  0.88968636  0.87775449  0.86601160  0.87775449  1.09643479  1.12892993  1.12892993  1.12892993  0.83185919  0.75780233  0.75780233  0.78863991  0.86601160  1.06530419  1.00670941  1.02092973  1.03542813  0.93943198  0.91414206  0.90181338  0.91414206  0.96561506  0.96561506  0.80993469  0.83185919  0.76793969  0.75780233  0.82081591  0.88968636  
24_0_0     0.21252874  0.22714956  0.00000000  0.22714956  0.62875595  0.58761833  0.57178177  0.67231073  0.66339269  0.67231073  0.68133734  0.68133734  0.68133734  0.66339269  0.67231073  0.69047520  0.66339269  0.71858457  0.74780171  0.69972709  0.69047520  0.75780233  0.84306944  0.87775449  0.90181338  0.85445179  0.79921086  0.78863991  0.84306944  0.85445179  0.78863991  0.83185919  0.82081591  0.86601160  0.83185919  0.85445179  0.86601160  0.83185919  0.97906169  0.84306944  0.87775449  0.83185919  0.87775449  0.84306944  1.02092973  1.08070612  1.06530419  1.06530419  1.02092973  0.99275669  0.99275669  0.97906169  0.99275669  0.79921086  0.74780171  0.76793969  0.99275669  0.99275669  1.05021569  0.93943198  0.99275669  1.08070612  1.11250436  1.03542813  1.05021569  1.05021569  0.96561506  1.03542813  1.03542813  0.99275669  0.99275669  0.99275669  0.99275669  0.96561506  0.99275669  0.99275669  0.96561506  1.02092973  1.08070612  1.12892993  0.99275669  1.03542813  0.99275669  0.96561506  0.99275669  0.97906169  0.97906169  0.76793969  0.79921086  0.86601160  0.84306944  0.79921086  0.83185919  0.86601160  0.90181338  0.86601160  0.85445179  0.84306944  1.12892993  1.09643479  1.11250436  0.82081591  0.79921086  0.83185919  0.75780233  0.77821756  0.86601160  0.85445179  0.86601160  0.85445179  1.12892993  1.12892993  1.08070612  1.09643479  0.91414206  0.75780233  0.83185919  0.85445179  0.88968636  1.08070612  0.93943198  0.90181338  1.06530419  1.00670941  0.96561506  1.00670941  1.00670941  0.95240795  0.95240795  0.87775449  0.87775449  0.84306944  0.80993469  0.83185919  0.87775449  
29_0_0     0.12607875  0.14786966  0.22714956  0.00000000  0.63726462  0.64587208  0.62875595  0.69047520  0.65458063  0.68133734  0.67231073  0.69047520  0.69047520  0.67231073  0.69972709  0.69972709  0.69972709  0.66339269  0.67231073  0.66339269  0.63726462  0.78863991  0.77821756  0.84306944  0.79921086  0.80993469  0.79921086  0.80993469  0.77821756  0.82081591  0.75780233  0.95240795  0.93943198  0.96561506  0.95240795  0.92667920  0.91414206  0.87775449  0.91414206  0.84306944  0.90181338  0.86601160  0.88968636  0.88968636  0.91414206  0.97906169  0.99275669  0.99275669  0.97906169  1.05021569  1.05021569  1.00670941  1.06530419  0.82081591  0.76793969  0.74780171  1.02092973  1.02092973  0.96561506  0.91414206  0.95240795  0.97906169  0.99275669  0.99275669  0.97906169  1.00670941  0.93943198  1.02092973  0.99275669  0.95240795  0.97906169  0.97906169  0.97906169  1.02092973  1.06530419  1.06530419  1.02092973  0.91414206  0.95240795  1.00670941  0.95240795  0.92667920  1.06530419  1.02092973  1.09643479  1.08070612  1.08070612  0.86601160  0.90181338  0.86601160  0.86601160  0.77821756  0.85445179  0.84306944  0.88968636  0.87775449  0.84306944  0.86601160  1.00670941  0.96561506  1.00670941  0.77821756  0.77821756  0.78863991  0.78863991  0.77821756  0.86601160  0.85445179  0.86601160  0.83185919  1.11250436  1.09643479  1.18050971  1.18050971  0.85445179  0.77821756  0.79921086  0.78863991  0.84306944  1.18050971  0.91414206  0.91414206  0.92667920  1.03542813  0.88968636  1.09643479  1.08070612  0.97906169  0.97906169  0.93943198  0.93943198  0.80993469  0.74780171  0.74780171  0.88968636  
26_0_0     0.60380053  0.62034380  0.62875595  0.63726462  0.00000000  0.07625383  0.10074785  0.23705944  0.20771851  0.30491874  0.31040526  0.31040526  0.31593268  0.30491874  0.34999154  0.37962007  0.34420531  0.27282579  0.25728563  0.24710357  0.24710357  0.36170127  0.39798266  0.39798266  0.44268451  0.43613115  0.44268451  0.46269946  0.46269946  0.46949301  0.42319567  0.56398856  0.56398856  0.56398856  0.55627640  0.59566528  0.54864364  0.51161574  0.61202603  0.57178177  0.53360986  0.53360986  0.54108865  0.52620576  0.71858457  0.77821756  0.83185919  0.83185919  0.82081591  0.86601160  0.84306944  0.87775449  0.85445179  0.52620576  0.51887486  0.53360986  0.63726462  0.57178177  0.64587208  0.65458063  0.67231073  0.69047520  0.71858457  0.64587208  0.65458063  0.65458063  0.72819626  0.62034380  0.61202603  0.66339269  0.64587208  0.65458063  0.64587208  0.68133734  0.75780233  0.75780233  0.69047520  0.63726462  0.63726462  0.67231073  0.63726462  0.64587208  0.69047520  0.64587208  0.65458063  0.66339269  0.67231073  0.42963520  0.46949301  0.46949301  0.46269946  0.42319567  0.47634937  0.49025528  0.50442700  0.50442700  0.52620576  0.48326973  0.72819626  0.70909588  0.69047520  0.54864364  0.57178177  0.51161574  0.41048200  0.41681158  0.49730728  0.49025528  0.49025528  0.49730728  0.77821756  0.71858457  0.80993469  0.79921086  0.66339269  0.41048200  0.41048200  0.41681158  0.47634937  0.75780233  0.53360986  0.54864364  0.64587208  0.43613115  0.45596760  0.52620576  0.50442700  0.46269946  0.46269946  0.52620576  0.50442700  0.52620576  0.42963520  0.33276657  0.43613115  
32_0_0     0.56398856  0.59566528  0.58761833  0.64587208  0.07625383  0.00000000  0.07625383  0.24710357  0.19819067  0.31593268  0.32150162  0.32150162  0.33846388  0.31593268  0.36170127  0.39181113  0.35582329  0.25217712  0.24710357  0.24710357  0.24710357  0.34999154  0.40420599  0.38569054  0.42963520  0.39798266  0.46269946  0.45596760  0.48326973  0.47634937  0.38569054  0.54864364  0.54864364  0.54864364  0.54108865  0.59566528  0.57965777  0.57178177  0.64587208  0.62875595  0.56398856  0.57965777  0.60380053  0.58761833  0.72819626  0.77821756  0.80993469  0.80993469  0.79921086  0.91414206  0.88968636  0.91414206  0.88968636  0.57178177  0.54864364  0.56398856  0.67231073  0.62875595  0.67231073  0.62034380  0.66339269  0.68133734  0.70909588  0.62875595  0.63726462  0.63726462  0.70909588  0.65458063  0.63726462  0.65458063  0.63726462  0.64587208  0.63726462  0.69972709  0.71858457  0.71858457  0.70909588  0.66339269  0.66339269  0.70909588  0.68133734  0.69047520  0.70909588  0.66339269  0.65458063  0.66339269  0.67231073  0.40420599  0.42963520  0.49730728  0.50442700  0.42963520  0.44268451  0.49730728  0.53360986  0.55627640  0.55627640  0.51161574  0.73793419  0.68133734  0.68133734  0.57965777  0.56398856  0.52620576  0.41681158  0.44929631  0.50442700  0.49730728  0.48326973  0.50442700  0.82081591  0.75780233  0.82081591  0.80993469  0.70909588  0.43613115  0.44929631  0.45596760  0.52620576  0.76793969  0.57178177  0.60380053  0.64587208  0.44929631  0.47634937  0.51887486  0.51161574  0.47634937  0.47634937  0.49025528  0.46949301  0.54108865  0.45596760  0.35582329  0.39181113  
4_0_0      0.61202603  0.64587208  0.57178177  0.62875595  0.10074785  0.07625383  0.00000000  0.25728563  0.22714956  0.31593268  0.32150162  0.32150162  0.32711270  0.31593268  0.36170127  0.40420599  0.34420531  0.27807908  0.28336985  0.28336985  0.28336985  0.37962007  0.39181113  0.40420599  0.46269946  0.44929631  0.48326973  0.49025528  0.50442700  0.46269946  0.44268451  0.53360986  0.53360986  0.53360986  0.52620576  0.56398856  0.56398856  0.57178177  0.69047520  0.59566528  0.56398856  0.57965777  0.58761833  0.57178177  0.72819626  0.77821756  0.80993469  0.80993469  0.82081591  0.86601160  0.84306944  0.86601160  0.84306944  0.58761833  0.56398856  0.57965777  0.63726462  0.62875595  0.67231073  0.67231073  0.68133734  0.72819626  0.75780233  0.63726462  0.64587208  0.64587208  0.71858457  0.67231073  0.65458063  0.65458063  0.64587208  0.65458063  0.64587208  0.71858457  0.73793419  0.73793419  0.70909588  0.65458063  0.67231073  0.70909588  0.65458063  0.69047520  0.72819626  0.69972709  0.70909588  0.71858457  0.72819626  0.46269946  0.49025528  0.49025528  0.48326973  0.48326973  0.46949301  0.52620576  0.58761833  0.59566528  0.61202603  0.56398856  0.80993469  0.76793969  0.78863991  0.57178177  0.56398856  0.53360986  0.42319567  0.44268451  0.49730728  0.49025528  0.49025528  0.49730728  0.78863991  0.74780171  0.80993469  0.82081591  0.69972709  0.44268451  0.42963520  0.44929631  0.53360986  0.79921086  0.51161574  0.54108865  0.61202603  0.46269946  0.49025528  0.55627640  0.54864364  0.47634937  0.47634937  0.51161574  0.50442700  0.55627640  0.45596760  0.35582329  0.42963520  
9_0_0      0.65458063  0.66339269  0.67231073  0.69047520  0.23705944  0.24710357  0.25728563  0.00000000  0.09249294  0.41048200  0.41681158  0.42963520  0.42319567  0.41681158  0.45596760  0.46269946  0.44268451  0.41048200  0.39181113  0.39181113  0.39181113  0.46949301  0.46949301  0.49730728  0.53360986  0.53360986  0.49730728  0.50442700  0.51161574  0.55627640  0.51887486  0.59566528  0.58761833  0.60380053  0.59566528  0.64587208  0.65458063  0.62034380  0.71858457  0.69972709  0.67231073  0.67231073  0.64587208  0.64587208  0.80993469  0.84306944  0.86601160  0.86601160  0.85445179  0.91414206  0.88968636  0.93943198  0.87775449  0.60380053  0.56398856  0.57965777  0.69972709  0.68133734  0.67231073  0.70909588  0.71858457  0.64587208  0.66339269  0.66339269  0.67231073  0.67231073  0.69972709  0.69047520  0.67231073  0.67231073  0.67231073  0.68133734  0.67231073  0.71858457  0.74780171  0.74780171  0.70909588  0.69972709  0.69972709  0.79921086  0.77821756  0.75780233  0.86601160  0.80993469  0.80993469  0.82081591  0.80993469  0.54108865  0.57178177  0.54864364  0.54108865  0.49730728  0.58761833  0.57178177  0.65458063  0.68133734  0.64587208  0.64587208  0.83185919  0.82081591  0.82081591  0.59566528  0.59566528  0.55627640  0.46269946  0.45596760  0.54864364  0.54108865  0.52620576  0.53360986  0.80993469  0.80993469  0.88968636  0.92667920  0.64587208  0.52620576  0.54108865  0.47634937  0.60380053  0.76793969  0.62034380  0.59566528  0.76793969  0.56398856  0.57965777  0.62034380  0.61202603  0.59566528  0.59566528  0.56398856  0.54108865  0.64587208  0.51887486  0.46269946  0.53360986  
22_0_0     0.61202603  0.62034380  0.66339269  0.65458063  0.20771851  0.19819067  0.22714956  0.09249294  0.00000000  0.39181113  0.39798266  0.41048200  0.41681158  0.39798266  0.42319567  0.44268451  0.41681158  0.36762621  0.34999154  0.37359889  0.37359889  0.41681158  0.46949301  0.46949301  0.53360986  0.51887486  0.51161574  0.50442700  0.51161574  0.54864364  0.50442700  0.58761833  0.57965777  0.59566528  0.58761833  0.66339269  0.63726462  0.59566528  0.71858457  0.66339269  0.62875595  0.63726462  0.64587208  0.61202603  0.79921086  0.76793969  0.82081591  0.82081591  0.83185919  0.88968636  0.86601160  0.90181338  0.86601160  0.62875595  0.58761833  0.60380053  0.69047520  0.65458063  0.66339269  0.69047520  0.71858457  0.69047520  0.70909588  0.62034380  0.64587208  0.62875595  0.70909588  0.70909588  0.69047520  0.67231073  0.66339269  0.67231073  0.66339269  0.74780171  0.77821756  0.77821756  0.73793419  0.69972709  0.65458063  0.71858457  0.77821756  0.72819626  0.77821756  0.72819626  0.72819626  0.73793419  0.72819626  0.47634937  0.51887486  0.52620576  0.51887486  0.47634937  0.51887486  0.56398856  0.60380053  0.66339269  0.63726462  0.61202603  0.84306944  0.80993469  0.85445179  0.57178177  0.57178177  0.56398856  0.46269946  0.46949301  0.51887486  0.51161574  0.49730728  0.51887486  0.79921086  0.79921086  0.86601160  0.87775449  0.70909588  0.51161574  0.54108865  0.50442700  0.56398856  0.79921086  0.62034380  0.58761833  0.79921086  0.59566528  0.54864364  0.58761833  0.56398856  0.59566528  0.59566528  0.53360986  0.53360986  0.61202603  0.47634937  0.41048200  0.51887486  
10_2_0     0.62875595  0.61202603  0.67231073  0.68133734  0.30491874  0.31593268  0.31593268  0.41048200  0.39181113  0.00000000  0.00728202  0.01095002  0.02580624  0.00728202  0.03714707  0.07625383  0.05644265  0.24710357  0.24206450  0.23208795  0.25217712  0.49025528  0.49730728  0.49730728  0.49025528  0.51887486  0.48326973  0.51161574  0.50442700  0.57178177  0.54864364  0.67231073  0.67231073  0.67231073  0.68133734  0.77821756  0.65458063  0.63726462  0.77821756  0.66339269  0.62034380  0.68133734  0.72819626  0.63726462  0.79921086  0.83185919  0.91414206  0.91414206  0.90181338  0.91414206  0.88968636  0.92667920  0.92667920  0.58761833  0.59566528  0.59566528  0.70909588  0.69047520  0.74780171  0.72819626  0.71858457  0.74780171  0.78863991  0.73793419  0.72819626  0.72819626  0.80993469  0.75780233  0.74780171  0.73793419  0.80993469  0.82081591  0.80993469  0.74780171  0.84306944  0.84306944  0.75780233  0.73793419  0.70909588  0.69047520  0.68133734  0.73793419  0.74780171  0.76793969  0.73793419  0.74780171  0.73793419  0.51161574  0.55627640  0.57178177  0.57965777  0.60380053  0.52620576  0.53360986  0.65458063  0.69047520  0.75780233  0.65458063  0.83185919  0.85445179  0.85445179  0.59566528  0.62875595  0.60380053  0.46949301  0.48326973  0.53360986  0.52620576  0.51887486  0.51887486  0.88968636  0.79921086  0.95240795  0.99275669  0.80993469  0.47634937  0.46949301  0.46949301  0.65458063  0.85445179  0.65458063  0.64587208  0.68133734  0.55627640  0.60380053  0.61202603  0.59566528  0.62034380  0.62034380  0.66339269  0.65458063  0.62875595  0.54864364  0.45596760  0.53360986  
1_2_0      0.63726462  0.62034380  0.68133734  0.67231073  0.31040526  0.32150162  0.32150162  0.41681158  0.39798266  0.00728202  0.00000000  0.01834093  0.03334749  0.01463627  0.04480515  0.08432893  0.06430372  0.24710357  0.24206450  0.23208795  0.25217712  0.50442700  0.49025528  0.49025528  0.48326973  0.51161574  0.47634937  0.50442700  0.49730728  0.57965777  0.55627640  0.67231073  0.67231073  0.67231073  0.68133734  0.77821756  0.65458063  0.63726462  0.77821756  0.66339269  0.62034380  0.69047520  0.73793419  0.63726462  0.78863991  0.82081591  0.90181338  0.90181338  0.91414206  0.90181338  0.87775449  0.91414206  0.91414206  0.59566528  0.60380053  0.60380053  0.71858457  0.69972709  0.75780233  0.73793419  0.72819626  0.75780233  0.79921086  0.74780171  0.73793419  0.73793419  0.82081591  0.76793969  0.75780233  0.74780171  0.82081591  0.83185919  0.82081591  0.75780233  0.85445179  0.85445179  0.76793969  0.72819626  0.71858457  0.69972709  0.69047520  0.74780171  0.74780171  0.75780233  0.72819626  0.73793419  0.72819626  0.51887486  0.56398856  0.57965777  0.58761833  0.61202603  0.53360986  0.54108865  0.64587208  0.68133734  0.74780171  0.64587208  0.84306944  0.86601160  0.86601160  0.58761833  0.62034380  0.59566528  0.46269946  0.47634937  0.52620576  0.51887486  0.51161574  0.51161574  0.87775449  0.78863991  0.96561506  1.00670941  0.80993469  0.48326973  0.47634937  0.47634937  0.66339269  0.84306944  0.64587208  0.63726462  0.67231073  0.56398856  0.59566528  0.62034380  0.60380053  0.61202603  0.61202603  0.65458063  0.64587208  0.62034380  0.54108865  0.44929631  0.54108865  
5_2_0      0.63726462  0.62034380  0.68133734  0.69047520  0.31040526  0.32150162  0.32150162  0.42963520  0.41048200  0.01095002  0.01834093  0.00000000  0.01463627  0.01834093  0.04866406  0.08839970  0.06826573  0.25217712  0.24710357  0.23705944  0.25728563  0.49730728  0.49025528  0.48326973  0.47634937  0.50442700  0.49025528  0.51887486  0.51161574  0.56398856  0.54864364  0.66339269  0.66339269  0.66339269  0.67231073  0.76793969  0.64587208  0.64587208  0.77821756  0.65458063  0.61202603  0.69047520  0.73793419  0.62875595  0.79921086  0.83185919  0.91414206  0.91414206  0.90181338  0.90181338  0.87775449  0.91414206  0.91414206  0.57178177  0.57965777  0.57965777  0.70909588  0.68133734  0.73793419  0.70909588  0.69972709  0.73793419  0.77821756  0.72819626  0.71858457  0.71858457  0.79921086  0.74780171  0.73793419  0.72819626  0.79921086  0.80993469  0.79921086  0.74780171  0.84306944  0.84306944  0.75780233  0.72819626  0.68133734  0.66339269  0.65458063  0.70909588  0.71858457  0.73793419  0.70909588  0.71858457  0.70909588  0.51887486  0.56398856  0.55627640  0.56398856  0.59566528  0.51887486  0.52620576  0.64587208  0.68133734  0.74780171  0.64587208  0.80993469  0.83185919  0.83185919  0.60380053  0.62034380  0.61202603  0.47634937  0.49730728  0.54108865  0.53360986  0.52620576  0.52620576  0.87775449  0.79921086  0.92667920  0.96561506  0.80993469  0.46949301  0.46269946  0.47634937  0.63726462  0.85445179  0.66339269  0.65458063  0.66339269  0.54864364  0.59566528  0.59566528  0.57965777  0.60380053  0.60380053  0.67231073  0.66339269  0.61202603  0.54108865  0.44929631  0.53360986  
13_2_0     0.63726462  0.62034380  0.68133734  0.69047520  0.31593268  0.33846388  0.32711270  0.42319567  0.41681158  0.02580624  0.03334749  0.01463627  0.00000000  0.03334749  0.06430372  0.10491002  0.07625383  0.26242958  0.25728563  0.24710357  0.26760946  0.51887486  0.49730728  0.49025528  0.47634937  0.49025528  0.48326973  0.52620576  0.50442700  0.57965777  0.55627640  0.64587208  0.64587208  0.64587208  0.65458063  0.74780171  0.62875595  0.62875595  0.77821756  0.63726462  0.59566528  0.67231073  0.71858457  0.61202603  0.79921086  0.83185919  0.91414206  0.91414206  0.90181338  0.87775449  0.85445179  0.88968636  0.88968636  0.56398856  0.57178177  0.57178177  0.71858457  0.69047520  0.72819626  0.72819626  0.71858457  0.73793419  0.77821756  0.74780171  0.71858457  0.73793419  0.78863991  0.74780171  0.73793419  0.72819626  0.79921086  0.80993469  0.79921086  0.74780171  0.84306944  0.84306944  0.75780233  0.72819626  0.68133734  0.68133734  0.65458063  0.70909588  0.71858457  0.73793419  0.70909588  0.71858457  0.70909588  0.50442700  0.54864364  0.54864364  0.55627640  0.60380053  0.53360986  0.54864364  0.65458063  0.70909588  0.74780171  0.65458063  0.82081591  0.84306944  0.84306944  0.61202603  0.63726462  0.63726462  0.48326973  0.49025528  0.53360986  0.52620576  0.51887486  0.51887486  0.85445179  0.77821756  0.91414206  0.95240795  0.78863991  0.47634937  0.45596760  0.46949301  0.62034380  0.84306944  0.69047520  0.68133734  0.66339269  0.56398856  0.61202603  0.58761833  0.57178177  0.60380053  0.60380053  0.66339269  0.65458063  0.60380053  0.54108865  0.44929631  0.54864364  
10_0_0     0.62034380  0.62034380  0.66339269  0.67231073  0.30491874  0.31593268  0.31593268  0.41681158  0.39798266  0.00728202  0.01463627  0.01834093  0.03334749  0.00000000  0.03714707  0.07625383  0.05644265  0.25728563  0.25217712  0.24206450  0.26242958  0.49025528  0.49730728  0.48326973  0.49025528  0.50442700  0.48326973  0.51161574  0.49025528  0.57178177  0.54864364  0.68133734  0.66339269  0.66339269  0.67231073  0.76793969  0.66339269  0.62875595  0.76793969  0.67231073  0.62875595  0.67231073  0.71858457  0.64587208  0.80993469  0.84306944  0.92667920  0.92667920  0.90181338  0.92667920  0.90181338  0.91414206  0.93943198  0.57178177  0.57965777  0.57965777  0.70909588  0.69047520  0.74780171  0.72819626  0.71858457  0.74780171  0.78863991  0.73793419  0.72819626  0.72819626  0.80993469  0.75780233  0.74780171  0.73793419  0.78863991  0.79921086  0.78863991  0.72819626  0.85445179  0.85445179  0.73793419  0.71858457  0.70909588  0.69047520  0.66339269  0.71858457  0.74780171  0.76793969  0.73793419  0.74780171  0.73793419  0.49730728  0.54108865  0.58761833  0.59566528  0.58761833  0.52620576  0.53360986  0.67231073  0.70909588  0.75780233  0.67231073  0.83185919  0.85445179  0.85445179  0.59566528  0.63726462  0.60380053  0.46949301  0.48326973  0.54864364  0.54108865  0.53360986  0.53360986  0.88968636  0.79921086  0.95240795  0.99275669  0.80993469  0.47634937  0.46949301  0.46949301  0.65458063  0.84306944  0.64587208  0.63726462  0.68133734  0.54108865  0.58761833  0.62875595  0.61202603  0.60380053  0.60380053  0.66339269  0.65458063  0.62875595  0.54864364  0.44929631  0.54864364  
13_0_0     0.64587208  0.62875595  0.67231073  0.69972709  0.34999154  0.36170127  0.36170127  0.45596760  0.42319567  0.03714707  0.04480515  0.04866406  0.06430372  0.03714707  0.00000000  0.03714707  0.01834093  0.29947252  0.29406601  0.28336985  0.29406601  0.52620576  0.51887486  0.52620576  0.52620576  0.54864364  0.50442700  0.53360986  0.52620576  0.56398856  0.55627640  0.72819626  0.72819626  0.72819626  0.73793419  0.82081591  0.68133734  0.66339269  0.78863991  0.70909588  0.66339269  0.70909588  0.75780233  0.66339269  0.83185919  0.84306944  0.92667920  0.92667920  0.91414206  0.97906169  0.95240795  0.96561506  0.96561506  0.56398856  0.57178177  0.57178177  0.73793419  0.71858457  0.76793969  0.73793419  0.73793419  0.76793969  0.80993469  0.75780233  0.74780171  0.74780171  0.83185919  0.77821756  0.76793969  0.77821756  0.85445179  0.86601160  0.85445179  0.75780233  0.84306944  0.84306944  0.76793969  0.75780233  0.71858457  0.69972709  0.69972709  0.75780233  0.75780233  0.77821756  0.74780171  0.75780233  0.74780171  0.54108865  0.57965777  0.63726462  0.61202603  0.59566528  0.56398856  0.54108865  0.62875595  0.68133734  0.74780171  0.64587208  0.86601160  0.86601160  0.86601160  0.58761833  0.62875595  0.59566528  0.49025528  0.51887486  0.58761833  0.57965777  0.57178177  0.58761833  0.91414206  0.84306944  0.95240795  0.99275669  0.79921086  0.48326973  0.47634937  0.46269946  0.66339269  0.86601160  0.68133734  0.64587208  0.69972709  0.56398856  0.59566528  0.68133734  0.66339269  0.62034380  0.62034380  0.68133734  0.67231073  0.66339269  0.52620576  0.49025528  0.61202603  
5_0_0      0.64587208  0.62875595  0.69047520  0.69972709  0.37962007  0.39181113  0.40420599  0.46269946  0.44268451  0.07625383  0.08432893  0.08839970  0.10491002  0.07625383  0.03714707  0.00000000  0.04866406  0.30491874  0.29947252  0.28869864  0.29947252  0.54864364  0.51161574  0.54864364  0.53360986  0.55627640  0.49730728  0.52620576  0.51887486  0.55627640  0.57965777  0.71858457  0.71858457  0.71858457  0.72819626  0.80993469  0.69972709  0.66339269  0.78863991  0.74780171  0.68133734  0.72819626  0.77821756  0.68133734  0.82081591  0.83185919  0.91414206  0.91414206  0.90181338  0.96561506  0.93943198  0.95240795  0.95240795  0.57965777  0.58761833  0.58761833  0.72819626  0.70909588  0.73793419  0.72819626  0.72819626  0.74780171  0.78863991  0.73793419  0.72819626  0.72819626  0.85445179  0.75780233  0.74780171  0.75780233  0.80993469  0.82081591  0.80993469  0.73793419  0.82081591  0.82081591  0.74780171  0.72819626  0.69047520  0.68133734  0.73793419  0.77821756  0.74780171  0.76793969  0.73793419  0.74780171  0.73793419  0.54864364  0.58761833  0.61202603  0.58761833  0.57965777  0.56398856  0.52620576  0.67231073  0.74780171  0.79921086  0.69047520  0.85445179  0.85445179  0.87775449  0.63726462  0.68133734  0.64587208  0.51887486  0.53360986  0.59566528  0.58761833  0.57965777  0.59566528  0.99275669  0.88968636  0.99275669  1.00670941  0.77821756  0.50442700  0.49730728  0.48326973  0.69972709  0.93943198  0.70909588  0.67231073  0.71858457  0.57178177  0.58761833  0.69047520  0.67231073  0.62875595  0.62875595  0.67231073  0.68133734  0.67231073  0.52620576  0.52620576  0.63726462  
1_0_0      0.67231073  0.65458063  0.66339269  0.69972709  0.34420531  0.35582329  0.34420531  0.44268451  0.41681158  0.05644265  0.06430372  0.06826573  0.07625383  0.05644265  0.01834093  0.04866406  0.00000000  0.29947252  0.29406601  0.28336985  0.29406601  0.51887486  0.50442700  0.52620576  0.54108865  0.55627640  0.51887486  0.54864364  0.54108865  0.57965777  0.54108865  0.71858457  0.71858457  0.71858457  0.72819626  0.80993469  0.69047520  0.67231073  0.79921086  0.71858457  0.67231073  0.69972709  0.74780171  0.67231073  0.82081591  0.85445179  0.93943198  0.93943198  0.92667920  1.00670941  0.97906169  0.96561506  0.99275669  0.56398856  0.55627640  0.55627640  0.72819626  0.70909588  0.73793419  0.72819626  0.72819626  0.77821756  0.79921086  0.74780171  0.73793419  0.75780233  0.82081591  0.76793969  0.75780233  0.76793969  0.84306944  0.85445179  0.84306944  0.72819626  0.80993469  0.80993469  0.73793419  0.72819626  0.70909588  0.67231073  0.69047520  0.74780171  0.78863991  0.78863991  0.77821756  0.78863991  0.77821756  0.53360986  0.56398856  0.62875595  0.60380053  0.58761833  0.56398856  0.54108865  0.62034380  0.67231073  0.71858457  0.62034380  0.85445179  0.83185919  0.85445179  0.59566528  0.62034380  0.58761833  0.50442700  0.51887486  0.57178177  0.56398856  0.55627640  0.57178177  0.91414206  0.84306944  0.92667920  0.96561506  0.79921086  0.48326973  0.47634937  0.46269946  0.65458063  0.86601160  0.65458063  0.65458063  0.68133734  0.57965777  0.59566528  0.69972709  0.68133734  0.62034380  0.62034380  0.66339269  0.65458063  0.64587208  0.52620576  0.49025528  0.61202603  
27_0_0     0.59566528  0.57965777  0.71858457  0.66339269  0.27282579  0.25217712  0.27807908  0.41048200  0.36762621  0.24710357  0.24710357  0.25217712  0.26242958  0.25728563  0.29947252  0.30491874  0.29947252  0.00000000  0.01834093  0.04096623  0.04866406  0.42963520  0.40420599  0.45596760  0.50442700  0.48326973  0.51161574  0.51161574  0.50442700  0.51887486  0.43613115  0.58761833  0.60380053  0.58761833  0.59566528  0.63726462  0.62034380  0.66339269  0.79921086  0.70909588  0.57178177  0.62034380  0.66339269  0.62875595  0.80993469  0.85445179  0.87775449  0.87775449  0.88968636  1.00670941  0.97906169  1.00670941  1.03542813  0.53360986  0.51161574  0.51161574  0.72819626  0.68133734  0.69047520  0.64587208  0.68133734  0.75780233  0.77821756  0.67231073  0.65458063  0.68133734  0.76793969  0.69972709  0.69047520  0.71858457  0.69972709  0.70909588  0.69972709  0.74780171  0.72819626  0.72819626  0.71858457  0.67231073  0.60380053  0.69047520  0.69047520  0.71858457  0.72819626  0.69972709  0.70909588  0.71858457  0.72819626  0.47634937  0.51161574  0.46949301  0.47634937  0.50442700  0.50442700  0.57178177  0.65458063  0.66339269  0.68133734  0.64587208  0.85445179  0.77821756  0.80993469  0.57965777  0.57965777  0.58761833  0.49730728  0.49730728  0.51161574  0.50442700  0.50442700  0.51161574  0.93943198  0.88968636  1.02092973  1.00670941  0.83185919  0.45596760  0.40420599  0.45596760  0.59566528  0.83185919  0.61202603  0.63726462  0.66339269  0.54864364  0.55627640  0.53360986  0.53360986  0.54864364  0.54864364  0.51887486  0.51887486  0.55627640  0.50442700  0.41048200  0.50442700  
16_0_0     0.58761833  0.57178177  0.74780171  0.67231073  0.25728563  0.24710357  0.28336985  0.39181113  0.34999154  0.24206450  0.24206450  0.24710357  0.25728563  0.25217712  0.29406601  0.29947252  0.29406601  0.01834093  0.00000000  0.04480515  0.05254316  0.41048200  0.41681158  0.48326973  0.50442700  0.46949301  0.51161574  0.51161574  0.50442700  0.53360986  0.42319567  0.58761833  0.60380053  0.58761833  0.59566528  0.63726462  0.61202603  0.63726462  0.76793969  0.68133734  0.56398856  0.59566528  0.63726462  0.60380053  0.79921086  0.82081591  0.84306944  0.84306944  0.85445179  0.97906169  0.95240795  1.00670941  1.00670941  0.53360986  0.52620576  0.52620576  0.69047520  0.64587208  0.65458063  0.62875595  0.66339269  0.71858457  0.73793419  0.65458063  0.63726462  0.66339269  0.74780171  0.66339269  0.65458063  0.68133734  0.66339269  0.67231073  0.66339269  0.72819626  0.74780171  0.74780171  0.71858457  0.69972709  0.57178177  0.65458063  0.69047520  0.71858457  0.72819626  0.69972709  0.70909588  0.71858457  0.72819626  0.50442700  0.54108865  0.46949301  0.47634937  0.50442700  0.50442700  0.54108865  0.65458063  0.66339269  0.66339269  0.64587208  0.83185919  0.77821756  0.78863991  0.57965777  0.57965777  0.58761833  0.49730728  0.49730728  0.49730728  0.49025528  0.49025528  0.49730728  0.90181338  0.85445179  0.97906169  0.96561506  0.82081591  0.44268451  0.41681158  0.45596760  0.61202603  0.84306944  0.61202603  0.65458063  0.64587208  0.54864364  0.52620576  0.51887486  0.50442700  0.54864364  0.54864364  0.53360986  0.53360986  0.55627640  0.49025528  0.41048200  0.49025528  
16_3_0     0.59566528  0.57965777  0.69972709  0.66339269  0.24710357  0.24710357  0.28336985  0.39181113  0.37359889  0.23208795  0.23208795  0.23705944  0.24710357  0.24206450  0.28336985  0.28869864  0.28336985  0.04096623  0.04480515  0.00000000  0.01463627  0.39181113  0.41048200  0.45596760  0.47634937  0.49730728  0.50442700  0.51887486  0.51161574  0.51161574  0.44268451  0.59566528  0.61202603  0.59566528  0.60380053  0.66339269  0.62875595  0.67231073  0.77821756  0.69972709  0.56398856  0.62875595  0.67231073  0.63726462  0.79921086  0.83185919  0.87775449  0.87775449  0.88968636  1.00670941  0.97906169  1.00670941  1.03542813  0.55627640  0.53360986  0.53360986  0.73793419  0.69047520  0.71858457  0.69047520  0.70909588  0.70909588  0.72819626  0.68133734  0.66339269  0.69047520  0.75780233  0.67231073  0.66339269  0.69047520  0.67231073  0.68133734  0.67231073  0.72819626  0.74780171  0.74780171  0.71858457  0.68133734  0.61202603  0.66339269  0.68133734  0.69047520  0.75780233  0.73793419  0.73793419  0.74780171  0.75780233  0.46949301  0.52620576  0.47634937  0.48326973  0.52620576  0.51161574  0.54864364  0.62034380  0.64587208  0.66339269  0.61202603  0.83185919  0.77821756  0.78863991  0.59566528  0.55627640  0.57965777  0.49730728  0.48326973  0.54108865  0.53360986  0.53360986  0.54108865  0.91414206  0.84306944  0.96561506  0.95240795  0.80993469  0.42963520  0.41681158  0.43613115  0.59566528  0.85445179  0.62875595  0.63726462  0.66339269  0.51887486  0.52620576  0.54864364  0.54864364  0.54108865  0.54108865  0.53360986  0.51887486  0.54108865  0.52620576  0.42319567  0.50442700  
27_3_0     0.57178177  0.55627640  0.69047520  0.63726462  0.24710357  0.24710357  0.28336985  0.39181113  0.37359889  0.25217712  0.25217712  0.25728563  0.26760946  0.26242958  0.29406601  0.29947252  0.29406601  0.04866406  0.05254316  0.01463627  0.00000000  0.41681158  0.41048200  0.46949301  0.49025528  0.49730728  0.50442700  0.51887486  0.49730728  0.51161574  0.45596760  0.59566528  0.61202603  0.59566528  0.60380053  0.66339269  0.62875595  0.67231073  0.75780233  0.71858457  0.56398856  0.64587208  0.69047520  0.62034380  0.82081591  0.85445179  0.90181338  0.90181338  0.91414206  1.06530419  1.03542813  1.03542813  1.06530419  0.57178177  0.54864364  0.53360986  0.73793419  0.69047520  0.71858457  0.67231073  0.69047520  0.69047520  0.71858457  0.68133734  0.66339269  0.69047520  0.75780233  0.65458063  0.64587208  0.69047520  0.65458063  0.66339269  0.65458063  0.72819626  0.72819626  0.72819626  0.71858457  0.66339269  0.61202603  0.68133734  0.70909588  0.71858457  0.75780233  0.73793419  0.73793419  0.74780171  0.75780233  0.49730728  0.55627640  0.49025528  0.49730728  0.52620576  0.52620576  0.53360986  0.62875595  0.65458063  0.67231073  0.62034380  0.86601160  0.78863991  0.79921086  0.59566528  0.57178177  0.59566528  0.48326973  0.46949301  0.54864364  0.54108865  0.54108865  0.54864364  0.88968636  0.86601160  0.96561506  0.95240795  0.80993469  0.43613115  0.41681158  0.44929631  0.61202603  0.87775449  0.62875595  0.62034380  0.65458063  0.53360986  0.54108865  0.56398856  0.56398856  0.55627640  0.55627640  0.51887486  0.50442700  0.55627640  0.51161574  0.42319567  0.51887486  
30_0_0     0.64587208  0.62875595  0.75780233  0.78863991  0.36170127  0.34999154  0.37962007  0.46949301  0.41681158  0.49025528  0.50442700  0.49730728  0.51887486  0.49025528  0.52620576  0.54864364  0.51887486  0.42963520  0.41048200  0.39181113  0.41681158  0.00000000  0.49730728  0.50442700  0.47634937  0.51887486  0.62034380  0.61202603  0.62875595  0.57178177  0.54864364  0.67231073  0.67231073  0.65458063  0.66339269  0.72819626  0.71858457  0.72819626  0.82081591  0.76793969  0.75780233  0.72819626  0.70909588  0.71858457  0.83185919  0.78863991  0.77821756  0.77821756  0.76793969  0.95240795  0.92667920  0.91414206  0.95240795  0.63726462  0.61202603  0.62034380  0.77821756  0.71858457  0.75780233  0.69047520  0.70909588  0.87775449  0.88968636  0.86601160  0.85445179  0.87775449  0.85445179  0.90181338  0.88968636  0.84306944  0.84306944  0.85445179  0.84306944  0.75780233  0.80993469  0.80993469  0.73793419  0.78863991  0.71858457  0.69972709  0.78863991  0.79921086  0.93943198  0.92667920  0.92667920  0.91414206  0.90181338  0.51161574  0.55627640  0.56398856  0.54108865  0.59566528  0.57178177  0.57178177  0.72819626  0.70909588  0.69047520  0.71858457  0.76793969  0.83185919  0.79921086  0.65458063  0.64587208  0.63726462  0.60380053  0.58761833  0.60380053  0.59566528  0.59566528  0.60380053  0.95240795  0.91414206  0.97906169  0.93943198  0.74780171  0.51161574  0.57178177  0.49730728  0.68133734  0.75780233  0.62875595  0.67231073  0.72819626  0.54864364  0.54864364  0.69972709  0.70909588  0.57965777  0.57965777  0.62875595  0.62875595  0.66339269  0.48326973  0.49730728  0.55627640  
59_13_0    0.72819626  0.69972709  0.84306944  0.77821756  0.39798266  0.40420599  0.39181113  0.46949301  0.46949301  0.49730728  0.49025528  0.49025528  0.49730728  0.49730728  0.51887486  0.51161574  0.50442700  0.40420599  0.41681158  0.41048200  0.41048200  0.49730728  0.00000000  0.13471842  0.17489332  0.21252874  0.16577556  0.17032043  0.16577556  0.27807908  0.22714956  0.36762621  0.37359889  0.35582329  0.36170127  0.38569054  0.39798266  0.41681158  0.53360986  0.42963520  0.41681158  0.42319567  0.44268451  0.39181113  0.66339269  0.67231073  0.69047520  0.69047520  0.70909588  0.78863991  0.76793969  0.71858457  0.74780171  0.30491874  0.29947252  0.29947252  0.54108865  0.51887486  0.49730728  0.47634937  0.44268451  0.56398856  0.56398856  0.56398856  0.54108865  0.57178177  0.62034380  0.51887486  0.51161574  0.52620576  0.54108865  0.54864364  0.54108865  0.52620576  0.53360986  0.53360986  0.52620576  0.44929631  0.44929631  0.49025528  0.54108865  0.55627640  0.49730728  0.51161574  0.51161574  0.50442700  0.51161574  0.33846388  0.37962007  0.31593268  0.31593268  0.36762621  0.39181113  0.44268451  0.41681158  0.42963520  0.46269946  0.41681158  0.62034380  0.58761833  0.58761833  0.42963520  0.42319567  0.36762621  0.24206450  0.25217712  0.31593268  0.31040526  0.31040526  0.32711270  0.64587208  0.62034380  0.69972709  0.71858457  0.51887486  0.22714956  0.26242958  0.22224385  0.41681158  0.65458063  0.38569054  0.38569054  0.42963520  0.30491874  0.33276657  0.42319567  0.42319567  0.33276657  0.33276657  0.35582329  0.36170127  0.42319567  0.23208795  0.23705944  0.43613115  
40_13_0    0.83185919  0.85445179  0.87775449  0.84306944  0.39798266  0.38569054  0.40420599  0.49730728  0.46949301  0.49730728  0.49025528  0.48326973  0.49025528  0.48326973  0.52620576  0.54864364  0.52620576  0.45596760  0.48326973  0.45596760  0.46949301  0.50442700  0.13471842  0.00000000  0.07224902  0.10909570  0.17949460  0.20293929  0.18878371  0.29947252  0.27807908  0.42963520  0.42963520  0.42319567  0.41681158  0.47634937  0.44929631  0.45596760  0.53360986  0.46949301  0.45596760  0.44929631  0.46269946  0.44268451  0.65458063  0.66339269  0.68133734  0.68133734  0.69047520  0.79921086  0.77821756  0.71858457  0.75780233  0.33276657  0.32150162  0.33276657  0.56398856  0.54864364  0.54108865  0.54864364  0.51887486  0.62875595  0.62875595  0.57178177  0.54864364  0.56398856  0.65458063  0.59566528  0.58761833  0.53360986  0.56398856  0.57178177  0.56398856  0.54108865  0.54864364  0.54864364  0.54108865  0.46949301  0.54108865  0.57178177  0.54864364  0.54108865  0.53360986  0.53360986  0.51887486  0.51161574  0.50442700  0.31593268  0.39181113  0.32150162  0.33276657  0.41681158  0.42319567  0.45596760  0.46949301  0.48326973  0.46269946  0.44268451  0.64587208  0.64587208  0.67231073  0.42319567  0.43613115  0.39798266  0.30491874  0.28336985  0.34420531  0.34999154  0.33846388  0.34420531  0.68133734  0.62034380  0.78863991  0.77821756  0.56398856  0.27807908  0.30491874  0.27282579  0.44929631  0.65458063  0.42963520  0.44268451  0.44268451  0.32150162  0.34420531  0.44929631  0.44268451  0.33276657  0.33276657  0.40420599  0.39798266  0.46949301  0.26242958  0.23208795  0.45596760  
