8
1_0_0      0.00000000  0.01408710  0.01884321  0.06817045  0.06817045  0.07328950  0.51778642  0.50846331  
2_0_0      0.01408710  0.00000000  0.00936146  0.05803768  0.05803768  0.06308667  0.49925653  0.50846331  
5_0_0      0.01884321  0.00936146  0.00000000  0.05803768  0.05803768  0.06308667  0.49925653  0.49925653  
4_0_0      0.06817045  0.05803768  0.05803768  0.00000000  0.00000000  0.00466588  0.48118057  0.48118057  
7_0_0      0.06817045  0.05803768  0.05803768  0.00000000  0.00000000  0.00466588  0.48118057  0.48118057  
8_0_0      0.07328950  0.06308667  0.06308667  0.00466588  0.00466588  0.00000000  0.49016320  0.47230598  
3_0_0      0.51778642  0.49925653  0.49925653  0.48118057  0.48118057  0.49016320  0.00000000  0.05803768  
6_0_0      0.50846331  0.50846331  0.49925653  0.48118057  0.48118057  0.47230598  0.05803768  0.00000000  

