20
1_0_0      0.00000000  0.00000000  0.00349262  0.18084020  0.17639555  0.18084020  0.17197766  0.15888139  0.15888139  0.16758622  0.16758622  0.17197766  0.17639555  0.17197766  0.17197766  0.17197766  0.15888139  0.15888139  0.17639555  0.20808876  
2_0_0      0.00000000  0.00000000  0.00349262  0.18084020  0.17639555  0.18084020  0.17197766  0.15888139  0.15888139  0.16758622  0.16758622  0.17197766  0.17639555  0.17197766  0.17197766  0.17197766  0.15888139  0.15888139  0.17639555  0.20808876  
3_0_0      0.00349262  0.00349262  0.00000000  0.18084020  0.17639555  0.18084020  0.17197766  0.15888139  0.15888139  0.16322090  0.16322090  0.16758622  0.17197766  0.17639555  0.17639555  0.16758622  0.15456740  0.15456740  0.18084020  0.21273021  
8_0_0      0.18084020  0.18084020  0.18084020  0.00000000  0.01763176  0.13336989  0.12505943  0.12505943  0.12505943  0.14601477  0.14601477  0.14601477  0.14601477  0.15456740  0.14601477  0.14601477  0.14177556  0.14177556  0.18981109  0.18531193  
18_0_0     0.17639555  0.17639555  0.17639555  0.01763176  0.00000000  0.12093924  0.10468598  0.11276760  0.11276760  0.13336989  0.13336989  0.13336989  0.13336989  0.13336989  0.12505943  0.13336989  0.13756069  0.14601477  0.18531193  0.18531193  
19_0_0     0.18084020  0.18084020  0.18084020  0.13336989  0.12093924  0.00000000  0.09272802  0.08096182  0.08096182  0.13336989  0.13336989  0.13336989  0.12920290  0.11276760  0.10468598  0.13336989  0.13756069  0.12093924  0.14177556  0.19433800  
7_0_0      0.17197766  0.17197766  0.17197766  0.12505943  0.10468598  0.09272802  0.00000000  0.02841783  0.02841783  0.11276760  0.11276760  0.11276760  0.10468598  0.10067830  0.08878495  0.13336989  0.12093924  0.13756069  0.15027863  0.17197766  
9_0_0      0.15888139  0.15888139  0.15888139  0.12505943  0.11276760  0.08096182  0.02841783  0.00000000  0.00000000  0.11276760  0.11276760  0.11276760  0.10468598  0.09669239  0.08486296  0.13336989  0.12093924  0.12093924  0.14177556  0.15456740  
13_0_0     0.15888139  0.15888139  0.15888139  0.12505943  0.11276760  0.08096182  0.02841783  0.00000000  0.00000000  0.11276760  0.11276760  0.11276760  0.10468598  0.09669239  0.08486296  0.13336989  0.12093924  0.12093924  0.14177556  0.15456740  
12_0_0     0.16758622  0.16758622  0.16322090  0.14601477  0.13336989  0.13336989  0.11276760  0.11276760  0.11276760  0.00000000  0.00000000  0.00700194  0.02480483  0.05798075  0.05798075  0.14601477  0.14177556  0.12920290  0.16758622  0.19889301  
4_0_0      0.16758622  0.16758622  0.16322090  0.14601477  0.13336989  0.13336989  0.11276760  0.11276760  0.11276760  0.00000000  0.00000000  0.00700194  0.02480483  0.05798075  0.05798075  0.14601477  0.14177556  0.12920290  0.16758622  0.19889301  
10_0_0     0.17197766  0.17197766  0.16758622  0.14601477  0.13336989  0.13336989  0.11276760  0.11276760  0.11276760  0.00700194  0.00700194  0.00000000  0.02841783  0.05798075  0.06176130  0.14177556  0.14177556  0.12920290  0.16758622  0.19433800  
5_0_0      0.17639555  0.17639555  0.17197766  0.14601477  0.13336989  0.12920290  0.10468598  0.10468598  0.10468598  0.02480483  0.02480483  0.02841783  0.00000000  0.06938132  0.06938132  0.15027863  0.13336989  0.13756069  0.15456740  0.18981109  
11_0_0     0.17197766  0.17197766  0.17639555  0.15456740  0.13336989  0.11276760  0.10067830  0.09669239  0.09669239  0.05798075  0.05798075  0.05798075  0.06938132  0.00000000  0.01052813  0.13336989  0.13756069  0.11276760  0.14601477  0.21273021  
17_0_0     0.17197766  0.17197766  0.17639555  0.14601477  0.12505943  0.10468598  0.08878495  0.08486296  0.08486296  0.05798075  0.05798075  0.06176130  0.06938132  0.01052813  0.00000000  0.13756069  0.13756069  0.10871566  0.14601477  0.19889301  
14_0_0     0.17197766  0.17197766  0.16758622  0.14601477  0.13336989  0.13336989  0.13336989  0.13336989  0.13336989  0.14601477  0.14601477  0.14177556  0.15027863  0.13336989  0.13756069  0.00000000  0.05798075  0.06176130  0.13336989  0.18981109  
6_0_0      0.15888139  0.15888139  0.15456740  0.14177556  0.13756069  0.13756069  0.12093924  0.12093924  0.12093924  0.14177556  0.14177556  0.14177556  0.13336989  0.13756069  0.13756069  0.05798075  0.00000000  0.06176130  0.09669239  0.17639555  
15_0_0     0.15888139  0.15888139  0.15456740  0.14177556  0.14601477  0.12093924  0.13756069  0.12093924  0.12093924  0.12920290  0.12920290  0.12920290  0.13756069  0.11276760  0.10871566  0.06176130  0.06176130  0.00000000  0.10067830  0.17639555  
16_0_0     0.17639555  0.17639555  0.18084020  0.18981109  0.18531193  0.14177556  0.15027863  0.14177556  0.14177556  0.16758622  0.16758622  0.16758622  0.15456740  0.14601477  0.14601477  0.13336989  0.09669239  0.10067830  0.00000000  0.18084020  
20_0_0     0.20808876  0.20808876  0.21273021  0.18531193  0.18531193  0.19433800  0.17197766  0.15456740  0.15456740  0.19889301  0.19889301  0.19433800  0.18981109  0.21273021  0.19889301  0.18981109  0.17639555  0.17639555  0.18084020  0.00000000  

