20
1_0_0      0.00000000  0.00000000  0.00000000  0.15013984  0.13744508  0.18063637  0.13326143  0.14165252  0.14165252  0.12496443  0.12496443  0.12910130  0.14165252  0.14588401  0.13744508  0.16741224  0.15013984  0.15442029  0.16305620  0.15872565  
2_0_0      0.00000000  0.00000000  0.00000000  0.15013984  0.13744508  0.18063637  0.13326143  0.14165252  0.14165252  0.12496443  0.12496443  0.12910130  0.14165252  0.14588401  0.13744508  0.16741224  0.15013984  0.15442029  0.16305620  0.15872565  
3_0_0      0.00000000  0.00000000  0.00000000  0.15013984  0.13744508  0.18063637  0.13326143  0.14165252  0.14165252  0.12496443  0.12496443  0.12910130  0.14165252  0.14588401  0.13744508  0.16741224  0.15013984  0.15442029  0.16305620  0.15872565  
8_0_0      0.15013984  0.15013984  0.15013984  0.00000000  0.01762996  0.10864440  0.08092279  0.10061741  0.10061741  0.12496443  0.12496443  0.12910130  0.14165252  0.13326143  0.13326143  0.15872565  0.14588401  0.17179408  0.15872565  0.13326143  
18_0_0     0.13744508  0.13744508  0.13744508  0.01762996  0.00000000  0.09663633  0.06935281  0.08873785  0.08873785  0.12496443  0.12496443  0.12910130  0.14165252  0.11675943  0.12496443  0.14588401  0.13326143  0.15872565  0.16305620  0.12910130  
19_0_0     0.18063637  0.18063637  0.18063637  0.10864440  0.09663633  0.00000000  0.10462002  0.11675943  0.11675943  0.15013984  0.14165252  0.14588401  0.14165252  0.14165252  0.14588401  0.17179408  0.17179408  0.18509745  0.17179408  0.17179408  
7_0_0      0.13326143  0.13326143  0.13326143  0.08092279  0.06935281  0.10462002  0.00000000  0.02480125  0.02480125  0.11269079  0.11269079  0.11675943  0.12910130  0.10864440  0.11675943  0.11675943  0.09267655  0.12085056  0.13326143  0.15442029  
9_0_0      0.14165252  0.14165252  0.14165252  0.10061741  0.08873785  0.11675943  0.02480125  0.00000000  0.00000000  0.14165252  0.13326143  0.13744508  0.15013984  0.12085056  0.12910130  0.12910130  0.10462002  0.12910130  0.13744508  0.17620202  
13_0_0     0.14165252  0.14165252  0.14165252  0.10061741  0.08873785  0.11675943  0.02480125  0.00000000  0.00000000  0.14165252  0.13326143  0.13744508  0.15013984  0.12085056  0.12910130  0.12910130  0.10462002  0.12910130  0.13744508  0.17620202  
12_0_0     0.12496443  0.12496443  0.12496443  0.12496443  0.12496443  0.15013984  0.11269079  0.14165252  0.14165252  0.00000000  0.00700166  0.00349255  0.01762996  0.06935281  0.05796095  0.13326143  0.11675943  0.15872565  0.15442029  0.15872565  
4_0_0      0.12496443  0.12496443  0.12496443  0.12496443  0.12496443  0.14165252  0.11269079  0.13326143  0.13326143  0.00700166  0.00000000  0.00349255  0.01762996  0.06935281  0.05796095  0.14165252  0.12496443  0.16741224  0.15442029  0.15872565  
10_0_0     0.12910130  0.12910130  0.12910130  0.12910130  0.12910130  0.14588401  0.11675943  0.13744508  0.13744508  0.00349255  0.00349255  0.00000000  0.01407020  0.06553600  0.05420230  0.13744508  0.12085056  0.16305620  0.15013984  0.16305620  
5_0_0      0.14165252  0.14165252  0.14165252  0.14165252  0.14165252  0.14165252  0.12910130  0.15013984  0.15013984  0.01762996  0.01762996  0.01407020  0.00000000  0.07318941  0.06173878  0.14165252  0.12496443  0.16741224  0.15442029  0.16741224  
11_0_0     0.14588401  0.14588401  0.14588401  0.13326143  0.11675943  0.14165252  0.10864440  0.12085056  0.12085056  0.06935281  0.06935281  0.06553600  0.07318941  0.00000000  0.03204273  0.12496443  0.11675943  0.14588401  0.14165252  0.16741224  
17_0_0     0.13744508  0.13744508  0.13744508  0.13326143  0.12496443  0.14588401  0.11675943  0.12910130  0.12910130  0.05796095  0.05796095  0.05420230  0.06173878  0.03204273  0.00000000  0.13744508  0.12085056  0.16741224  0.14165252  0.15872565  
14_0_0     0.16741224  0.16741224  0.16741224  0.15872565  0.14588401  0.17179408  0.11675943  0.12910130  0.12910130  0.13326143  0.14165252  0.13744508  0.14165252  0.12496443  0.13744508  0.00000000  0.03569021  0.06935281  0.10462002  0.20781543  
6_0_0      0.15013984  0.15013984  0.15013984  0.14588401  0.13326143  0.17179408  0.09267655  0.10462002  0.10462002  0.11675943  0.12496443  0.12085056  0.12496443  0.11675943  0.12085056  0.03569021  0.00000000  0.05420230  0.09267655  0.18509745  
15_0_0     0.15442029  0.15442029  0.15442029  0.17179408  0.15872565  0.18509745  0.12085056  0.12910130  0.12910130  0.15872565  0.16741224  0.16305620  0.16741224  0.14588401  0.16741224  0.06935281  0.05420230  0.00000000  0.11269079  0.18958560  
16_0_0     0.16305620  0.16305620  0.16305620  0.15872565  0.16305620  0.17179408  0.13326143  0.13744508  0.13744508  0.15442029  0.15442029  0.15013984  0.15442029  0.14165252  0.14165252  0.10462002  0.09267655  0.11269079  0.00000000  0.18958560  
20_0_0     0.15872565  0.15872565  0.15872565  0.13326143  0.12910130  0.17179408  0.15442029  0.17620202  0.17620202  0.15872565  0.15872565  0.16305620  0.16741224  0.16741224  0.15872565  0.20781543  0.18509745  0.18958560  0.18958560  0.00000000  

