20
1_0_0      0.00000000  0.00000000  0.28774754  0.35786671  0.34873183  0.33970775  0.35786671  0.33079180  0.33079180  0.33079180  0.32198143  0.33970775  0.37647997  0.38596418  0.39557084  0.35786671  0.35786671  0.39557084  0.37647997  0.42515823  
2_0_0      0.00000000  0.00000000  0.28774754  0.35786671  0.34873183  0.33970775  0.35786671  0.33079180  0.33079180  0.33079180  0.32198143  0.33970775  0.37647997  0.38596418  0.39557084  0.35786671  0.35786671  0.39557084  0.37647997  0.42515823  
3_0_0      0.28774754  0.28774754  0.00000000  0.38596418  0.39557084  0.40530316  0.40530316  0.40530316  0.40530316  0.40530316  0.39557084  0.39557084  0.44555770  0.44555770  0.48811531  0.46653227  0.46653227  0.47724553  0.48811531  0.53325557  
10_0_0     0.35786671  0.35786671  0.38596418  0.00000000  0.01724374  0.02896566  0.03489661  0.28774754  0.28774754  0.30466761  0.29615948  0.25501973  0.44555770  0.44555770  0.51034317  0.41516447  0.43528806  0.43528806  0.43528806  0.42515823  
12_0_0     0.34873183  0.34873183  0.39557084  0.01724374  0.00000000  0.01145131  0.02896566  0.26306772  0.26306772  0.27942964  0.27120371  0.24705787  0.45597108  0.45597108  0.54498191  0.42515823  0.44555770  0.44555770  0.44555770  0.45597108  
13_0_0     0.33970775  0.33970775  0.40530316  0.02896566  0.01145131  0.00000000  0.02896566  0.27942964  0.27942964  0.29615948  0.28774754  0.26306772  0.45597108  0.45597108  0.52171117  0.42515823  0.44555770  0.44555770  0.44555770  0.45597108  
4_0_0      0.35786671  0.35786671  0.40530316  0.03489661  0.02896566  0.02896566  0.00000000  0.27120371  0.27120371  0.28774754  0.27942964  0.25501973  0.48811531  0.48811531  0.53325557  0.47724553  0.49914623  0.49914623  0.49914623  0.48811531  
6_0_0      0.33079180  0.33079180  0.40530316  0.28774754  0.26306772  0.27942964  0.27120371  0.00000000  0.00000000  0.01145131  0.00570362  0.05297850  0.49914623  0.47724553  0.55689602  0.47724553  0.44555770  0.44555770  0.46653227  0.49914623  
11_0_0     0.33079180  0.33079180  0.40530316  0.28774754  0.26306772  0.27942964  0.27120371  0.00000000  0.00000000  0.01145131  0.00570362  0.05297850  0.49914623  0.47724553  0.55689602  0.47724553  0.44555770  0.44555770  0.46653227  0.49914623  
17_0_0     0.33079180  0.33079180  0.40530316  0.30466761  0.27942964  0.29615948  0.28774754  0.01145131  0.01145131  0.00000000  0.00570362  0.04087521  0.47724553  0.45597108  0.53325557  0.45597108  0.44555770  0.44555770  0.46653227  0.49914623  
14_0_0     0.32198143  0.32198143  0.39557084  0.29615948  0.27120371  0.28774754  0.27942964  0.00570362  0.00570362  0.00570362  0.00000000  0.04690225  0.48811531  0.46653227  0.54498191  0.46653227  0.43528806  0.43528806  0.45597108  0.48811531  
5_0_0      0.33970775  0.33970775  0.39557084  0.25501973  0.24705787  0.26306772  0.25501973  0.05297850  0.05297850  0.04087521  0.04690225  0.00000000  0.42515823  0.40530316  0.49914623  0.41516447  0.42515823  0.40530316  0.44555770  0.47724553  
20_0_0     0.37647997  0.37647997  0.44555770  0.44555770  0.45597108  0.45597108  0.48811531  0.49914623  0.49914623  0.47724553  0.48811531  0.42515823  0.00000000  0.02308162  0.09696116  0.07779224  0.07779224  0.07779224  0.08412717  0.13004941  
8_0_0      0.38596418  0.38596418  0.44555770  0.44555770  0.45597108  0.45597108  0.48811531  0.47724553  0.47724553  0.45597108  0.46653227  0.40530316  0.02308162  0.00000000  0.08412717  0.06528193  0.06528193  0.06528193  0.07151079  0.11663702  
15_0_0     0.39557084  0.39557084  0.48811531  0.51034317  0.54498191  0.52171117  0.53325557  0.55689602  0.55689602  0.53325557  0.54498191  0.49914623  0.09696116  0.08412717  0.00000000  0.10346214  0.11663702  0.13004941  0.12331300  0.14370801  
16_0_0     0.35786671  0.35786671  0.46653227  0.41516447  0.42515823  0.42515823  0.47724553  0.47724553  0.47724553  0.45597108  0.46653227  0.41516447  0.07779224  0.06528193  0.10346214  0.00000000  0.03489661  0.04690225  0.04087521  0.08412717  
18_0_0     0.35786671  0.35786671  0.46653227  0.43528806  0.44555770  0.44555770  0.49914623  0.44555770  0.44555770  0.44555770  0.43528806  0.42515823  0.07779224  0.06528193  0.11663702  0.03489661  0.00000000  0.03489661  0.01724374  0.07151079  
7_0_0      0.39557084  0.39557084  0.47724553  0.43528806  0.44555770  0.44555770  0.49914623  0.44555770  0.44555770  0.44555770  0.43528806  0.40530316  0.07779224  0.06528193  0.13004941  0.04690225  0.03489661  0.00000000  0.04087521  0.09696116  
9_0_0      0.37647997  0.37647997  0.48811531  0.43528806  0.44555770  0.44555770  0.49914623  0.46653227  0.46653227  0.46653227  0.45597108  0.44555770  0.08412717  0.07151079  0.12331300  0.04087521  0.01724374  0.04087521  0.00000000  0.07779224  
19_0_0     0.42515823  0.42515823  0.53325557  0.42515823  0.45597108  0.45597108  0.48811531  0.49914623  0.49914623  0.49914623  0.48811531  0.47724553  0.13004941  0.11663702  0.14370801  0.08412717  0.07151079  0.09696116  0.07779224  0.00000000  

