124
95_0_0     0.00000000  0.08228300  0.17065094  0.37579228  0.40310298  0.40868676  0.39756055  0.39205885  0.39756055  0.38117529  0.75084023  0.65150642  0.57774193  0.63616056  0.58479977  0.62860401  0.65929895  0.74204001  0.63616056  0.72474398  0.59911826  0.61371597  0.60638153  0.59192478  0.62860401  0.62860401  0.64379417  0.94133785  0.65150642  0.61371597  0.74204001  0.62860401  0.67513167  0.69130651  0.73334204  0.66717346  0.69130651  0.67513167  0.67513167  0.66717346  0.70783856  0.70783856  0.75974513  0.76875724  0.76875724  0.73334204  0.67513167  0.69952690  0.68317541  0.70783856  0.59192478  0.62112298  0.59911826  0.73334204  0.73334204  0.73334204  0.75084023  0.75084023  0.75974513  0.76875724  0.81552079  0.65150642  0.65929895  0.65929895  0.65929895  0.65929895  0.64379417  0.64379417  0.70783856  0.60638153  0.58479977  0.62860401  0.62112298  0.76875724  0.70783856  0.70783856  0.70783856  0.75974513  0.67513167  0.62112298  0.71624355  0.72474398  0.71624355  0.66717346  0.62860401  0.65929895  0.63616056  0.59911826  0.61371597  0.59192478  0.61371597  0.64379417  0.62112298  0.62860401  0.69130651  0.67513167  0.66717346  0.60638153  0.58479977  0.62860401  0.69952690  0.68317541  0.69130651  0.62860401  0.65150642  0.62860401  0.60638153  0.65150642  0.64379417  0.72474398  0.76875724  0.78711361  0.70783856  0.75084023  0.73334204  0.74204001  0.73334204  0.72474398  0.68317541  0.67513167  0.68317541  0.63616056  0.62860401  0.62860401  
97_0_0     0.08228300  0.00000000  0.17885179  0.39756055  0.42569242  0.41998083  0.41998083  0.42569242  0.41998083  0.41431250  0.72474398  0.69130651  0.59192478  0.55695911  0.58479977  0.62860401  0.64379417  0.74204001  0.65929895  0.70783856  0.57075002  0.61371597  0.60638153  0.60638153  0.62112298  0.61371597  0.58479977  0.91884447  0.65150642  0.67513167  0.76875724  0.65150642  0.65150642  0.66717346  0.69952690  0.65929895  0.66717346  0.65150642  0.65150642  0.64379417  0.70783856  0.69130651  0.76875724  0.74204001  0.74204001  0.76875724  0.66717346  0.69130651  0.66717346  0.69952690  0.62860401  0.63616056  0.62860401  0.72474398  0.72474398  0.72474398  0.74204001  0.73334204  0.72474398  0.77787916  0.78711361  0.68317541  0.69952690  0.66717346  0.66717346  0.66717346  0.63616056  0.63616056  0.72474398  0.61371597  0.59192478  0.68317541  0.69130651  0.76875724  0.71624355  0.71624355  0.73334204  0.75084023  0.69952690  0.64379417  0.73334204  0.72474398  0.80593145  0.67513167  0.62112298  0.63616056  0.60638153  0.58479977  0.62860401  0.62112298  0.62112298  0.66717346  0.64379417  0.62112298  0.62112298  0.60638153  0.59911826  0.59911826  0.57774193  0.63616056  0.67513167  0.65929895  0.68317541  0.66717346  0.69952690  0.68317541  0.61371597  0.64379417  0.65150642  0.70783856  0.73334204  0.71624355  0.67513167  0.73334204  0.73334204  0.78711361  0.75974513  0.75084023  0.72474398  0.69952690  0.70783856  0.59192478  0.59911826  0.58479977  
92_0_0     0.17065094  0.17885179  0.00000000  0.35987167  0.40868676  0.40310298  0.39205885  0.39756055  0.38659729  0.38659729  0.71624355  0.61371597  0.65150642  0.58479977  0.61371597  0.55695911  0.59192478  0.62860401  0.60638153  0.66717346  0.65150642  0.65150642  0.66717346  0.68317541  0.72474398  0.70783856  0.62860401  0.90784627  0.74204001  0.75974513  0.76875724  0.72474398  0.66717346  0.66717346  0.78711361  0.69952690  0.69952690  0.72474398  0.72474398  0.71624355  0.63616056  0.69952690  0.65929895  0.66717346  0.66717346  0.75974513  0.74204001  0.75084023  0.72474398  0.69130651  0.61371597  0.62112298  0.61371597  0.71624355  0.73334204  0.73334204  0.75084023  0.75974513  0.75084023  0.85515583  0.81552079  0.70783856  0.67513167  0.66717346  0.66717346  0.66717346  0.65150642  0.65150642  0.73334204  0.69952690  0.69130651  0.65929895  0.64379417  0.69952690  0.64379417  0.64379417  0.68317541  0.72474398  0.63616056  0.63616056  0.65150642  0.65150642  0.69130651  0.65150642  0.62112298  0.61371597  0.64379417  0.62112298  0.62112298  0.56382281  0.60638153  0.63616056  0.62112298  0.63616056  0.63616056  0.63616056  0.65929895  0.59911826  0.59192478  0.59192478  0.69130651  0.66717346  0.67513167  0.62860401  0.62860401  0.61371597  0.59911826  0.63616056  0.62860401  0.76875724  0.79646341  0.69952690  0.71624355  0.64379417  0.64379417  0.70783856  0.72474398  0.73334204  0.67513167  0.69952690  0.70783856  0.61371597  0.62860401  0.61371597  
84_0_0     0.37579228  0.39756055  0.35987167  0.00000000  0.04689309  0.04689309  0.04001153  0.03659433  0.06084893  0.03659433  0.70783856  0.74204001  0.63616056  0.65150642  0.63616056  0.71624355  0.67513167  0.71624355  0.64379417  0.68317541  0.68317541  0.67513167  0.69952690  0.68317541  0.68317541  0.67513167  0.71624355  0.85515583  0.65929895  0.66717346  0.69952690  0.69952690  0.74204001  0.77787916  0.75974513  0.77787916  0.78711361  0.77787916  0.75974513  0.83507603  0.73334204  0.70783856  0.77787916  0.75084023  0.75084023  0.81552079  0.73334204  0.78711361  0.74204001  0.73334204  0.65150642  0.62860401  0.62860401  0.77787916  0.69130651  0.69130651  0.71624355  0.75084023  0.74204001  0.78711361  0.76875724  0.75084023  0.73334204  0.69952690  0.71624355  0.71624355  0.72474398  0.72474398  0.69952690  0.74204001  0.72474398  0.71624355  0.68317541  0.80593145  0.68317541  0.68317541  0.66717346  0.79646341  0.71624355  0.68317541  0.65929895  0.69130651  0.68317541  0.67513167  0.69952690  0.69130651  0.69130651  0.75974513  0.62860401  0.62112298  0.60638153  0.61371597  0.65150642  0.61371597  0.69130651  0.70783856  0.69952690  0.57075002  0.57075002  0.63616056  0.70783856  0.67513167  0.68317541  0.66717346  0.66717346  0.65929895  0.62112298  0.63616056  0.63616056  0.68317541  0.71624355  0.65150642  0.65150642  0.70783856  0.67513167  0.70783856  0.71624355  0.70783856  0.69130651  0.68317541  0.67513167  0.66717346  0.63616056  0.66717346  
100_0_0    0.40310298  0.42569242  0.40868676  0.04689309  0.00000000  0.06792565  0.05383849  0.04344440  0.06792565  0.03659433  0.69130651  0.77787916  0.62860401  0.64379417  0.62860401  0.69952690  0.64379417  0.69952690  0.61371597  0.63616056  0.61371597  0.65150642  0.67513167  0.65929895  0.63616056  0.64379417  0.65150642  0.87578913  0.65929895  0.66717346  0.69952690  0.66717346  0.73334204  0.76875724  0.75084023  0.76875724  0.79646341  0.71624355  0.73334204  0.79646341  0.74204001  0.70783856  0.75974513  0.75084023  0.75084023  0.79646341  0.72474398  0.78711361  0.75084023  0.74204001  0.70783856  0.68317541  0.68317541  0.79646341  0.68317541  0.68317541  0.70783856  0.75084023  0.74204001  0.79646341  0.78711361  0.76875724  0.76875724  0.71624355  0.73334204  0.73334204  0.75084023  0.75084023  0.71624355  0.75974513  0.74204001  0.76875724  0.73334204  0.82523455  0.68317541  0.68317541  0.66717346  0.81552079  0.78711361  0.68317541  0.71624355  0.73334204  0.70783856  0.69130651  0.69130651  0.69952690  0.69952690  0.74204001  0.62112298  0.61371597  0.62860401  0.62112298  0.67513167  0.60638153  0.74204001  0.75974513  0.75084023  0.59192478  0.59192478  0.67513167  0.74204001  0.69952690  0.74204001  0.69952690  0.70783856  0.71624355  0.63616056  0.63616056  0.63616056  0.69952690  0.75084023  0.68317541  0.64379417  0.73334204  0.71624355  0.70783856  0.71624355  0.70783856  0.71624355  0.68317541  0.67513167  0.69952690  0.67513167  0.70783856  
87_0_0     0.40868676  0.41998083  0.40310298  0.04689309  0.06792565  0.00000000  0.06792565  0.05035773  0.08228300  0.05733550  0.70783856  0.74204001  0.61371597  0.64379417  0.62860401  0.72474398  0.69952690  0.74204001  0.66717346  0.69130651  0.68317541  0.65150642  0.65929895  0.65929895  0.68317541  0.69130651  0.69130651  0.84504861  0.65150642  0.65929895  0.72474398  0.70783856  0.74204001  0.77787916  0.74204001  0.77787916  0.78711361  0.77787916  0.77787916  0.81552079  0.73334204  0.69952690  0.75974513  0.75084023  0.75084023  0.77787916  0.69952690  0.78711361  0.74204001  0.71624355  0.72474398  0.69952690  0.69952690  0.76875724  0.70783856  0.70783856  0.73334204  0.74204001  0.73334204  0.79646341  0.77787916  0.74204001  0.74204001  0.72474398  0.74204001  0.74204001  0.76875724  0.76875724  0.72474398  0.77787916  0.75974513  0.74204001  0.70783856  0.81552079  0.70783856  0.70783856  0.69130651  0.76875724  0.74204001  0.69952690  0.70783856  0.70783856  0.73334204  0.69130651  0.68317541  0.70783856  0.69130651  0.79646341  0.66717346  0.62112298  0.62112298  0.61371597  0.64379417  0.61371597  0.70783856  0.72474398  0.71624355  0.58479977  0.58479977  0.66717346  0.69952690  0.69952690  0.70783856  0.68317541  0.66717346  0.67513167  0.65150642  0.69952690  0.69952690  0.71624355  0.75974513  0.67513167  0.66717346  0.77787916  0.74204001  0.75974513  0.80593145  0.79646341  0.77787916  0.77787916  0.76875724  0.70783856  0.67513167  0.67513167  
86_0_0     0.39756055  0.41998083  0.39205885  0.04001153  0.05383849  0.06792565  0.00000000  0.02980638  0.05383849  0.03659433  0.69130651  0.74204001  0.64379417  0.65929895  0.66717346  0.73334204  0.69952690  0.75084023  0.67513167  0.67513167  0.65150642  0.69130651  0.68317541  0.66717346  0.65929895  0.66717346  0.70783856  0.83507603  0.69130651  0.69952690  0.69952690  0.73334204  0.72474398  0.75974513  0.74204001  0.76875724  0.79646341  0.74204001  0.72474398  0.79646341  0.75974513  0.75084023  0.76875724  0.75974513  0.75974513  0.78711361  0.74204001  0.78711361  0.73334204  0.73334204  0.67513167  0.65150642  0.65150642  0.80593145  0.70783856  0.70783856  0.73334204  0.75084023  0.74204001  0.77787916  0.80593145  0.77787916  0.76875724  0.72474398  0.74204001  0.74204001  0.75084023  0.75084023  0.73334204  0.75084023  0.73334204  0.75974513  0.72474398  0.85515583  0.70783856  0.70783856  0.69130651  0.82523455  0.74204001  0.69952690  0.71624355  0.70783856  0.70783856  0.66717346  0.69130651  0.68317541  0.69952690  0.72474398  0.62860401  0.61371597  0.59192478  0.60638153  0.65929895  0.61371597  0.70783856  0.72474398  0.69130651  0.60638153  0.60638153  0.64379417  0.69952690  0.69952690  0.70783856  0.67513167  0.68317541  0.69130651  0.64379417  0.68317541  0.68317541  0.69130651  0.71624355  0.65150642  0.62112298  0.71624355  0.69952690  0.69952690  0.73334204  0.72474398  0.70783856  0.69952690  0.69952690  0.68317541  0.65150642  0.66717346  
98_0_0     0.39205885  0.42569242  0.39756055  0.03659433  0.04344440  0.05035773  0.02980638  0.00000000  0.02980638  0.02643534  0.69952690  0.75084023  0.64379417  0.67513167  0.64379417  0.72474398  0.68317541  0.72474398  0.65150642  0.69130651  0.65150642  0.69130651  0.69952690  0.68317541  0.67513167  0.69952690  0.70783856  0.86540140  0.66717346  0.67513167  0.70783856  0.70783856  0.74204001  0.77787916  0.75974513  0.77787916  0.80593145  0.75974513  0.75974513  0.81552079  0.74204001  0.73334204  0.76875724  0.75974513  0.75974513  0.78711361  0.72474398  0.78711361  0.75084023  0.72474398  0.69952690  0.67513167  0.67513167  0.81552079  0.73334204  0.73334204  0.75974513  0.77787916  0.76875724  0.80593145  0.79646341  0.77787916  0.75974513  0.74204001  0.75974513  0.75974513  0.75084023  0.75084023  0.72474398  0.74204001  0.74204001  0.73334204  0.69952690  0.82523455  0.68317541  0.68317541  0.66717346  0.82523455  0.73334204  0.68317541  0.69130651  0.70783856  0.68317541  0.69130651  0.69952690  0.70783856  0.70783856  0.75974513  0.64379417  0.59911826  0.61371597  0.60638153  0.65150642  0.60638153  0.74204001  0.75974513  0.71624355  0.59192478  0.59192478  0.65929895  0.70783856  0.69952690  0.70783856  0.69130651  0.69130651  0.69952690  0.65929895  0.67513167  0.67513167  0.69130651  0.73334204  0.67513167  0.63616056  0.72474398  0.70783856  0.72474398  0.75974513  0.75084023  0.73334204  0.72474398  0.71624355  0.68317541  0.65150642  0.68317541  
82_0_0     0.39756055  0.41998083  0.38659729  0.06084893  0.06792565  0.08228300  0.05383849  0.02980638  0.00000000  0.05035773  0.73334204  0.77787916  0.66717346  0.69130651  0.68317541  0.70783856  0.69130651  0.73334204  0.65929895  0.71624355  0.66717346  0.67513167  0.71624355  0.69952690  0.72474398  0.71624355  0.70783856  0.86540140  0.69130651  0.69952690  0.73334204  0.69952690  0.75974513  0.77787916  0.77787916  0.75974513  0.76875724  0.75974513  0.75974513  0.81552079  0.75974513  0.77787916  0.80593145  0.77787916  0.77787916  0.82523455  0.73334204  0.75974513  0.75974513  0.73334204  0.71624355  0.67513167  0.67513167  0.82523455  0.74204001  0.74204001  0.76875724  0.78711361  0.77787916  0.80593145  0.81552079  0.78711361  0.76875724  0.72474398  0.74204001  0.74204001  0.75084023  0.75084023  0.70783856  0.78711361  0.78711361  0.77787916  0.74204001  0.86540140  0.74204001  0.74204001  0.72474398  0.82523455  0.77787916  0.70783856  0.72474398  0.77787916  0.71624355  0.72474398  0.74204001  0.71624355  0.74204001  0.76875724  0.63616056  0.59911826  0.65150642  0.63616056  0.69952690  0.62112298  0.73334204  0.75084023  0.72474398  0.62860401  0.62860401  0.65929895  0.71624355  0.74204001  0.76875724  0.75084023  0.75084023  0.74204001  0.70783856  0.66717346  0.68317541  0.69130651  0.75084023  0.69130651  0.66717346  0.75974513  0.74204001  0.77787916  0.78711361  0.77787916  0.75084023  0.74204001  0.74204001  0.72474398  0.70783856  0.73334204  
88_0_0     0.38117529  0.41431250  0.38659729  0.03659433  0.03659433  0.05733550  0.03659433  0.02643534  0.05035773  0.00000000  0.68317541  0.75084023  0.64379417  0.65929895  0.65929895  0.70783856  0.65929895  0.69952690  0.63616056  0.66717346  0.65150642  0.65929895  0.66717346  0.65150642  0.65929895  0.66717346  0.65929895  0.87578913  0.66717346  0.67513167  0.70783856  0.70783856  0.69130651  0.72474398  0.72474398  0.77787916  0.80593145  0.73334204  0.75084023  0.78711361  0.73334204  0.69952690  0.77787916  0.76875724  0.76875724  0.77787916  0.72474398  0.78711361  0.77787916  0.72474398  0.66717346  0.65929895  0.64379417  0.78711361  0.72474398  0.72474398  0.75084023  0.76875724  0.75974513  0.79646341  0.80593145  0.77787916  0.76875724  0.73334204  0.75084023  0.75084023  0.74204001  0.74204001  0.73334204  0.76875724  0.75084023  0.74204001  0.70783856  0.82523455  0.69130651  0.69130651  0.67513167  0.80593145  0.75974513  0.69952690  0.70783856  0.71624355  0.69952690  0.67513167  0.69952690  0.70783856  0.70783856  0.74204001  0.62860401  0.60638153  0.59192478  0.58479977  0.64379417  0.58479977  0.75084023  0.76875724  0.72474398  0.60638153  0.60638153  0.63616056  0.70783856  0.70783856  0.73334204  0.68317541  0.66717346  0.69130651  0.65150642  0.65150642  0.65150642  0.66717346  0.73334204  0.65929895  0.63616056  0.71624355  0.69952690  0.71624355  0.72474398  0.71624355  0.68317541  0.69130651  0.68317541  0.68317541  0.65150642  0.68317541  
67_1_0     0.75084023  0.72474398  0.71624355  0.70783856  0.69130651  0.70783856  0.69130651  0.69952690  0.73334204  0.68317541  0.00000000  0.30912302  0.25700665  0.28024716  0.26159739  0.29937344  0.27554098  0.32398967  0.34428260  0.32901157  0.40310298  0.48534127  0.47302520  0.47302520  0.44898477  0.47915791  0.45492289  0.57774193  0.47915791  0.48534127  0.49786336  0.47302520  0.43724800  0.45492289  0.40868676  0.51059849  0.51704823  0.42569242  0.43144791  0.44898477  0.59192478  0.57774193  0.55015777  0.52355402  0.52355402  0.46694233  0.49786336  0.50420385  0.49786336  0.44898477  0.44309338  0.47915791  0.46694233  0.70783856  0.62112298  0.62112298  0.61371597  0.72474398  0.71624355  0.69952690  0.67513167  0.57774193  0.57774193  0.57774193  0.58479977  0.58479977  0.56382281  0.56382281  0.57774193  0.60638153  0.60638153  0.55015777  0.52355402  0.57774193  0.55695911  0.55695911  0.56382281  0.62112298  0.53673772  0.59192478  0.50420385  0.51059849  0.52355402  0.49157614  0.51059849  0.53673772  0.48534127  0.55695911  0.51704823  0.56382281  0.46694233  0.48534127  0.50420385  0.51059849  0.52355402  0.52355402  0.49786336  0.53011685  0.53673772  0.46694233  0.53673772  0.55695911  0.55015777  0.53011685  0.53673772  0.56382281  0.51704823  0.47915791  0.47915791  0.57075002  0.56382281  0.55695911  0.55695911  0.69130651  0.62112298  0.59911826  0.57774193  0.58479977  0.61371597  0.59192478  0.61371597  0.53673772  0.51059849  0.46090848  
31_1_0     0.65150642  0.69130651  0.61371597  0.74204001  0.77787916  0.74204001  0.74204001  0.75084023  0.77787916  0.75084023  0.30912302  0.00000000  0.22126035  0.26159739  0.23446600  0.24790878  0.25244390  0.29454587  0.28974922  0.26159739  0.35463916  0.39205885  0.37579228  0.38659729  0.37579228  0.38659729  0.44309338  0.55015777  0.47302520  0.46694233  0.51704823  0.49786336  0.40310298  0.40310298  0.42569242  0.40868676  0.41998083  0.40310298  0.40868676  0.41431250  0.57774193  0.55695911  0.51059849  0.50420385  0.50420385  0.47302520  0.46694233  0.49786336  0.50420385  0.45492289  0.43144791  0.43724800  0.46694233  0.69952690  0.70783856  0.70783856  0.69130651  0.75974513  0.77787916  0.70783856  0.70783856  0.53011685  0.55015777  0.56382281  0.57075002  0.57075002  0.55015777  0.55015777  0.55695911  0.53673772  0.55015777  0.49786336  0.51704823  0.50420385  0.45492289  0.45492289  0.47302520  0.58479977  0.55015777  0.46090848  0.39756055  0.43144791  0.42569242  0.39205885  0.39756055  0.41998083  0.42569242  0.44309338  0.44309338  0.51059849  0.46694233  0.48534127  0.46694233  0.47302520  0.40868676  0.41998083  0.43724800  0.45492289  0.44898477  0.39756055  0.52355402  0.53011685  0.51059849  0.47915791  0.48534127  0.47915791  0.50420385  0.48534127  0.48534127  0.58479977  0.55695911  0.56382281  0.58479977  0.64379417  0.61371597  0.57774193  0.55015777  0.55695911  0.54341768  0.57774193  0.57075002  0.47915791  0.47302520  0.47915791  
28_1_0     0.57774193  0.59192478  0.65150642  0.63616056  0.62860401  0.61371597  0.64379417  0.64379417  0.66717346  0.64379417  0.25700665  0.22126035  0.00000000  0.10809065  0.08591578  0.21258426  0.17885179  0.23446600  0.19975580  0.19975580  0.34944297  0.35463916  0.37579228  0.36514100  0.31900124  0.34944297  0.40868676  0.50420385  0.46694233  0.45492289  0.51059849  0.48534127  0.34944297  0.37044770  0.39756055  0.39756055  0.41998083  0.29937344  0.31900124  0.34428260  0.59192478  0.50420385  0.50420385  0.50420385  0.50420385  0.44309338  0.42569242  0.43724800  0.40868676  0.43724800  0.38117529  0.41431250  0.40868676  0.53673772  0.57075002  0.57075002  0.55695911  0.62860401  0.62112298  0.62112298  0.67513167  0.55695911  0.55695911  0.57075002  0.57774193  0.57774193  0.55015777  0.55015777  0.55015777  0.47302520  0.46090848  0.42569242  0.40868676  0.44309338  0.41998083  0.41998083  0.41998083  0.51704823  0.45492289  0.49157614  0.43144791  0.42569242  0.44898477  0.39205885  0.39756055  0.43144791  0.37579228  0.43144791  0.39756055  0.41431250  0.47302520  0.50420385  0.48534127  0.49157614  0.46090848  0.46090848  0.48534127  0.47302520  0.46694233  0.40310298  0.43724800  0.50420385  0.49157614  0.44309338  0.44309338  0.44898477  0.44898477  0.42569242  0.42569242  0.46694233  0.53011685  0.52355402  0.53673772  0.69130651  0.65150642  0.64379417  0.55695911  0.56382281  0.59192478  0.57774193  0.59911826  0.51704823  0.49157614  0.45492289  
9_1_0      0.63616056  0.55695911  0.58479977  0.65150642  0.64379417  0.64379417  0.65929895  0.67513167  0.69130651  0.65929895  0.28024716  0.26159739  0.10809065  0.00000000  0.11563068  0.26621646  0.21258426  0.26159739  0.25244390  0.23892016  0.33915757  0.38659729  0.39205885  0.39756055  0.33406738  0.38117529  0.36514100  0.49786336  0.43144791  0.46090848  0.50420385  0.49786336  0.39205885  0.40310298  0.39205885  0.44898477  0.44898477  0.35463916  0.38117529  0.39205885  0.56382281  0.54341768  0.53673772  0.49786336  0.49786336  0.46694233  0.43724800  0.47302520  0.40310298  0.45492289  0.39205885  0.43144791  0.41998083  0.48534127  0.56382281  0.56382281  0.55015777  0.62112298  0.61371597  0.58479977  0.64379417  0.56382281  0.51704823  0.53011685  0.55015777  0.55015777  0.51059849  0.51059849  0.54341768  0.48534127  0.48534127  0.47915791  0.51704823  0.46694233  0.46694233  0.46694233  0.49157614  0.52355402  0.47302520  0.50420385  0.43144791  0.44309338  0.44898477  0.37044770  0.37579228  0.38659729  0.37579228  0.41431250  0.41431250  0.40310298  0.45492289  0.46694233  0.47915791  0.47915791  0.46694233  0.46694233  0.46694233  0.44309338  0.43724800  0.39756055  0.40868676  0.55015777  0.55015777  0.48534127  0.49786336  0.50420385  0.51059849  0.44309338  0.43144791  0.47915791  0.50420385  0.51059849  0.53673772  0.59192478  0.60638153  0.57075002  0.53673772  0.54341768  0.57774193  0.55015777  0.56382281  0.47302520  0.45492289  0.42569242  
15_1_0     0.58479977  0.58479977  0.61371597  0.63616056  0.62860401  0.62860401  0.66717346  0.64379417  0.68317541  0.65929895  0.26159739  0.23446600  0.08591578  0.11563068  0.00000000  0.23446600  0.19132402  0.19975580  0.19132402  0.17885179  0.31404584  0.38659729  0.41998083  0.41998083  0.30423236  0.33915757  0.38659729  0.53011685  0.40310298  0.40868676  0.44309338  0.43144791  0.34428260  0.35463916  0.39756055  0.41431250  0.40310298  0.32901157  0.34428260  0.35463916  0.53673772  0.49157614  0.49786336  0.49786336  0.49786336  0.47302520  0.44898477  0.47302520  0.43724800  0.45492289  0.36514100  0.39205885  0.39205885  0.53011685  0.57774193  0.57774193  0.56382281  0.64379417  0.63616056  0.59192478  0.64379417  0.51704823  0.52355402  0.53011685  0.53673772  0.53673772  0.55015777  0.55015777  0.54341768  0.46694233  0.44309338  0.40868676  0.40310298  0.41431250  0.38117529  0.38117529  0.39205885  0.47302520  0.39756055  0.45492289  0.41998083  0.46090848  0.42569242  0.38659729  0.38117529  0.41998083  0.35987167  0.43724800  0.40310298  0.41431250  0.49157614  0.49786336  0.46694233  0.49786336  0.46694233  0.46694233  0.50420385  0.47302520  0.44309338  0.41998083  0.46090848  0.53673772  0.53673772  0.48534127  0.48534127  0.49157614  0.48534127  0.43144791  0.43144791  0.53011685  0.55015777  0.53673772  0.55015777  0.66717346  0.62112298  0.59911826  0.51704823  0.52355402  0.56382281  0.55695911  0.56382281  0.50420385  0.47915791  0.45492289  
22_1_0     0.62860401  0.62860401  0.55695911  0.71624355  0.69952690  0.72474398  0.73334204  0.72474398  0.70783856  0.70783856  0.29937344  0.24790878  0.21258426  0.26621646  0.23446600  0.00000000  0.15451393  0.20828363  0.15053345  0.17065094  0.30423236  0.37044770  0.34944297  0.35987167  0.35463916  0.36514100  0.36514100  0.57075002  0.47915791  0.46694233  0.52355402  0.44309338  0.33915757  0.32901157  0.37044770  0.38117529  0.39205885  0.37044770  0.39205885  0.39756055  0.53011685  0.53011685  0.43144791  0.43144791  0.43144791  0.43144791  0.43144791  0.43724800  0.49786336  0.43724800  0.38659729  0.39756055  0.40310298  0.56382281  0.55695911  0.55695911  0.54341768  0.59192478  0.59192478  0.59192478  0.59192478  0.55015777  0.56382281  0.53011685  0.53673772  0.53673772  0.49786336  0.49786336  0.53673772  0.53673772  0.53011685  0.47915791  0.44898477  0.47302520  0.46694233  0.46694233  0.47915791  0.54341768  0.53011685  0.49786336  0.42569242  0.49157614  0.46090848  0.38117529  0.39756055  0.38117529  0.38659729  0.46090848  0.43724800  0.43144791  0.44898477  0.44898477  0.43724800  0.44898477  0.47302520  0.47302520  0.51704823  0.49157614  0.48534127  0.36514100  0.53673772  0.49786336  0.48534127  0.46694233  0.43724800  0.46694233  0.45492289  0.42569242  0.42569242  0.52355402  0.62112298  0.55015777  0.61371597  0.64379417  0.60638153  0.64379417  0.54341768  0.55015777  0.55015777  0.53011685  0.53673772  0.46090848  0.45492289  0.47915791  
8_1_0      0.65929895  0.64379417  0.59192478  0.67513167  0.64379417  0.69952690  0.69952690  0.68317541  0.69130651  0.65929895  0.27554098  0.25244390  0.17885179  0.21258426  0.19132402  0.15451393  0.00000000  0.15053345  0.13481988  0.11563068  0.31404584  0.37044770  0.37579228  0.38659729  0.34428260  0.37044770  0.37044770  0.57774193  0.47915791  0.47302520  0.49786336  0.42569242  0.33406738  0.34428260  0.37579228  0.38659729  0.39756055  0.30423236  0.32901157  0.32901157  0.55695911  0.50420385  0.49157614  0.46694233  0.46694233  0.46090848  0.41431250  0.41998083  0.47915791  0.45492289  0.38659729  0.43144791  0.39756055  0.57075002  0.53673772  0.53673772  0.52355402  0.56382281  0.57075002  0.60638153  0.57075002  0.53011685  0.55695911  0.55015777  0.54341768  0.54341768  0.51704823  0.51704823  0.54341768  0.47302520  0.48534127  0.47915791  0.46090848  0.45492289  0.40868676  0.40868676  0.41998083  0.49786336  0.48534127  0.50420385  0.42569242  0.47915791  0.43144791  0.42569242  0.42569242  0.41998083  0.39205885  0.44309338  0.43724800  0.41431250  0.44898477  0.41431250  0.43724800  0.43724800  0.49786336  0.49786336  0.54341768  0.50420385  0.48534127  0.38117529  0.51059849  0.49786336  0.51059849  0.48534127  0.48534127  0.47915791  0.41998083  0.43724800  0.42569242  0.47302520  0.57774193  0.51704823  0.56382281  0.67513167  0.65150642  0.62112298  0.52355402  0.53011685  0.55695911  0.54341768  0.53673772  0.44309338  0.43724800  0.46694233  
36_1_0     0.74204001  0.74204001  0.62860401  0.71624355  0.69952690  0.74204001  0.75084023  0.72474398  0.73334204  0.69952690  0.32398967  0.29454587  0.23446600  0.26159739  0.19975580  0.20828363  0.15053345  0.00000000  0.14657403  0.15053345  0.34428260  0.42569242  0.43724800  0.44898477  0.36514100  0.39756055  0.39756055  0.57075002  0.51704823  0.51059849  0.53011685  0.46694233  0.34428260  0.34428260  0.40868676  0.41431250  0.41431250  0.33406738  0.33406738  0.37579228  0.56382281  0.51704823  0.46090848  0.44898477  0.44898477  0.47915791  0.47302520  0.46090848  0.47302520  0.43724800  0.38659729  0.39756055  0.39205885  0.64379417  0.62860401  0.62860401  0.61371597  0.70783856  0.71624355  0.62860401  0.65929895  0.53673772  0.54341768  0.53673772  0.54341768  0.54341768  0.54341768  0.54341768  0.57075002  0.46090848  0.49157614  0.46090848  0.41431250  0.43144791  0.40310298  0.40310298  0.41431250  0.49157614  0.46694233  0.48534127  0.39756055  0.45492289  0.40868676  0.41998083  0.40310298  0.43144791  0.38117529  0.43724800  0.44898477  0.40310298  0.46090848  0.43144791  0.45492289  0.45492289  0.51059849  0.52355402  0.58479977  0.53011685  0.51059849  0.39205885  0.56382281  0.49157614  0.50420385  0.49786336  0.45492289  0.48534127  0.49157614  0.45492289  0.44309338  0.47302520  0.56382281  0.53011685  0.55015777  0.69952690  0.65929895  0.69130651  0.55695911  0.56382281  0.59911826  0.60638153  0.59911826  0.45492289  0.44898477  0.46090848  
64_1_0     0.63616056  0.65929895  0.60638153  0.64379417  0.61371597  0.66717346  0.67513167  0.65150642  0.65929895  0.63616056  0.34428260  0.28974922  0.19975580  0.25244390  0.19132402  0.15053345  0.13481988  0.14657403  0.00000000  0.11563068  0.28498311  0.39205885  0.38117529  0.39205885  0.33915757  0.36514100  0.37044770  0.57774193  0.46090848  0.44309338  0.51059849  0.40868676  0.32901157  0.34428260  0.35987167  0.38659729  0.40310298  0.33915757  0.37579228  0.36514100  0.55695911  0.47915791  0.43724800  0.43724800  0.43724800  0.41431250  0.41998083  0.41998083  0.46694233  0.44898477  0.39756055  0.42569242  0.39756055  0.56382281  0.57075002  0.57075002  0.54341768  0.61371597  0.62112298  0.59192478  0.63616056  0.47302520  0.51704823  0.51059849  0.53011685  0.53011685  0.51704823  0.51704823  0.53011685  0.47915791  0.51059849  0.43144791  0.43144791  0.43724800  0.41431250  0.41431250  0.40868676  0.53673772  0.47915791  0.46090848  0.41998083  0.47302520  0.40310298  0.38659729  0.39205885  0.39205885  0.37579228  0.41998083  0.41431250  0.38659729  0.46694233  0.43724800  0.41998083  0.44309338  0.50420385  0.50420385  0.56382281  0.49786336  0.47915791  0.37579228  0.49157614  0.48534127  0.48534127  0.43724800  0.40868676  0.42569242  0.40310298  0.38117529  0.38117529  0.46090848  0.56382281  0.49786336  0.54341768  0.69130651  0.63616056  0.65150642  0.50420385  0.51059849  0.52355402  0.49786336  0.49157614  0.46694233  0.45492289  0.46090848  
23_1_0     0.72474398  0.70783856  0.66717346  0.68317541  0.63616056  0.69130651  0.67513167  0.69130651  0.71624355  0.66717346  0.32901157  0.26159739  0.19975580  0.23892016  0.17885179  0.17065094  0.11563068  0.15053345  0.11563068  0.00000000  0.31404584  0.38659729  0.38117529  0.39205885  0.31900124  0.33915757  0.40310298  0.51704823  0.44898477  0.46694233  0.52355402  0.44309338  0.30912302  0.31900124  0.36514100  0.39205885  0.40310298  0.29454587  0.30912302  0.31900124  0.59911826  0.51704823  0.47302520  0.47302520  0.47302520  0.46694233  0.46090848  0.48534127  0.51059849  0.50420385  0.39756055  0.40868676  0.41431250  0.60638153  0.59192478  0.59192478  0.57774193  0.63616056  0.62860401  0.62112298  0.65150642  0.54341768  0.55695911  0.55015777  0.55695911  0.55695911  0.54341768  0.54341768  0.54341768  0.45492289  0.48534127  0.49157614  0.47915791  0.46694233  0.39756055  0.39756055  0.40310298  0.49786336  0.49157614  0.47302520  0.44309338  0.49786336  0.44898477  0.41431250  0.41998083  0.40310298  0.37579228  0.43144791  0.40868676  0.42569242  0.44898477  0.42569242  0.43724800  0.44898477  0.49157614  0.49157614  0.53673772  0.52355402  0.50420385  0.38659729  0.52355402  0.48534127  0.49786336  0.47302520  0.47915791  0.48534127  0.44309338  0.44309338  0.44309338  0.47915791  0.57774193  0.51704823  0.55015777  0.68317541  0.64379417  0.62860401  0.53011685  0.53673772  0.56382281  0.55695911  0.56382281  0.49157614  0.48534127  0.49157614  
13_1_0     0.59911826  0.57075002  0.65150642  0.68317541  0.61371597  0.68317541  0.65150642  0.65150642  0.66717346  0.65150642  0.40310298  0.35463916  0.34944297  0.33915757  0.31404584  0.30423236  0.31404584  0.34428260  0.28498311  0.31404584  0.00000000  0.22126035  0.23892016  0.23446600  0.15851569  0.17474013  0.19975580  0.44309338  0.38659729  0.40868676  0.47915791  0.37579228  0.33915757  0.33915757  0.32901157  0.31900124  0.31900124  0.34428260  0.36514100  0.33915757  0.55015777  0.53673772  0.51704823  0.50420385  0.50420385  0.41998083  0.46694233  0.47302520  0.43144791  0.39756055  0.39205885  0.41431250  0.39756055  0.53011685  0.54341768  0.54341768  0.52355402  0.57075002  0.58479977  0.53011685  0.59911826  0.53011685  0.57774193  0.56382281  0.58479977  0.58479977  0.55695911  0.55695911  0.58479977  0.42569242  0.42569242  0.48534127  0.43724800  0.48534127  0.49786336  0.49786336  0.51704823  0.57774193  0.48534127  0.47915791  0.46090848  0.49157614  0.46694233  0.40868676  0.41431250  0.41431250  0.39205885  0.43144791  0.43144791  0.44309338  0.45492289  0.46694233  0.49786336  0.48534127  0.47915791  0.48534127  0.51059849  0.49786336  0.46694233  0.43144791  0.49157614  0.49157614  0.51059849  0.47915791  0.49157614  0.51059849  0.48534127  0.44898477  0.43144791  0.52355402  0.58479977  0.53673772  0.50420385  0.63616056  0.62112298  0.62860401  0.55015777  0.54341768  0.56382281  0.53011685  0.55695911  0.44898477  0.43724800  0.41998083  
73_1_0     0.61371597  0.61371597  0.65150642  0.67513167  0.65150642  0.65150642  0.69130651  0.69130651  0.67513167  0.65929895  0.48534127  0.39205885  0.35463916  0.38659729  0.38659729  0.37044770  0.37044770  0.42569242  0.39205885  0.38659729  0.22126035  0.00000000  0.05733550  0.05383849  0.17474013  0.18714348  0.23446600  0.46090848  0.37044770  0.37579228  0.48534127  0.39756055  0.34944297  0.35987167  0.34428260  0.35987167  0.35987167  0.34944297  0.38117529  0.34428260  0.59192478  0.55015777  0.47915791  0.49157614  0.49157614  0.43144791  0.50420385  0.51704823  0.45492289  0.41998083  0.41431250  0.40310298  0.39756055  0.56382281  0.62860401  0.62860401  0.60638153  0.60638153  0.61371597  0.63616056  0.68317541  0.56382281  0.58479977  0.59192478  0.58479977  0.58479977  0.57774193  0.57774193  0.60638153  0.53011685  0.54341768  0.49157614  0.47915791  0.51704823  0.51704823  0.51704823  0.52355402  0.58479977  0.52355402  0.46090848  0.47915791  0.49786336  0.53011685  0.42569242  0.47915791  0.50420385  0.46090848  0.45492289  0.43724800  0.41431250  0.47915791  0.47915791  0.47915791  0.48534127  0.49786336  0.49157614  0.55015777  0.46090848  0.47302520  0.46694233  0.54341768  0.52355402  0.53011685  0.50420385  0.51059849  0.51059849  0.49157614  0.48534127  0.49157614  0.57075002  0.62112298  0.56382281  0.55015777  0.60638153  0.59192478  0.61371597  0.62112298  0.61371597  0.60638153  0.58479977  0.60638153  0.55015777  0.55695911  0.50420385  
6_1_0      0.60638153  0.60638153  0.66717346  0.69952690  0.67513167  0.65929895  0.68317541  0.69952690  0.71624355  0.66717346  0.47302520  0.37579228  0.37579228  0.39205885  0.41998083  0.34944297  0.37579228  0.43724800  0.38117529  0.38117529  0.23892016  0.05733550  0.00000000  0.01641237  0.16658396  0.19552804  0.26621646  0.43724800  0.34944297  0.34428260  0.51704823  0.38659729  0.34944297  0.35987167  0.34944297  0.34428260  0.36514100  0.37044770  0.40310298  0.36514100  0.56382281  0.51704823  0.46694233  0.47915791  0.47915791  0.44309338  0.52355402  0.51059849  0.48534127  0.43724800  0.42569242  0.40868676  0.39756055  0.58479977  0.62112298  0.62112298  0.59911826  0.62860401  0.62112298  0.62112298  0.66717346  0.55695911  0.57774193  0.55695911  0.57075002  0.57075002  0.55015777  0.55015777  0.58479977  0.51704823  0.53011685  0.48534127  0.48534127  0.53011685  0.49786336  0.49786336  0.50420385  0.61371597  0.53673772  0.43724800  0.51059849  0.51059849  0.55015777  0.39756055  0.45492289  0.44898477  0.45492289  0.43724800  0.44898477  0.42569242  0.47302520  0.47302520  0.45492289  0.47915791  0.47915791  0.47302520  0.50420385  0.47915791  0.49157614  0.46694233  0.51704823  0.50420385  0.49786336  0.46694233  0.46090848  0.46090848  0.46694233  0.47302520  0.47915791  0.55695911  0.64379417  0.55015777  0.51059849  0.61371597  0.59911826  0.65150642  0.64379417  0.63616056  0.62860401  0.62860401  0.65150642  0.53673772  0.55015777  0.53011685  
59_1_0     0.59192478  0.60638153  0.68317541  0.68317541  0.65929895  0.65929895  0.66717346  0.68317541  0.69952690  0.65150642  0.47302520  0.38659729  0.36514100  0.39756055  0.41998083  0.35987167  0.38659729  0.44898477  0.39205885  0.39205885  0.23446600  0.05383849  0.01641237  0.00000000  0.16253895  0.18298615  0.25244390  0.41998083  0.34428260  0.33915757  0.52355402  0.38117529  0.32901157  0.33915757  0.32901157  0.33406738  0.35463916  0.34944297  0.38117529  0.34428260  0.57774193  0.52355402  0.46090848  0.47302520  0.47302520  0.41998083  0.51059849  0.49786336  0.46694233  0.41431250  0.41431250  0.39756055  0.38659729  0.56382281  0.59192478  0.59192478  0.58479977  0.59911826  0.59192478  0.59192478  0.67513167  0.57075002  0.57774193  0.55695911  0.57075002  0.57075002  0.55015777  0.55015777  0.58479977  0.52355402  0.52355402  0.47915791  0.47915791  0.55015777  0.51704823  0.51704823  0.52355402  0.59911826  0.51059849  0.43144791  0.51059849  0.51059849  0.55015777  0.38117529  0.44898477  0.44309338  0.44898477  0.41998083  0.44309338  0.44898477  0.44309338  0.46694233  0.46090848  0.47302520  0.47915791  0.47302520  0.51704823  0.46090848  0.47302520  0.45492289  0.54341768  0.51704823  0.51059849  0.47915791  0.47302520  0.47302520  0.47915791  0.49157614  0.49786336  0.55015777  0.65150642  0.53011685  0.50420385  0.59911826  0.58479977  0.63616056  0.64379417  0.63616056  0.64379417  0.62860401  0.63616056  0.55015777  0.56382281  0.51059849  
42_1_0     0.62860401  0.62112298  0.72474398  0.68317541  0.63616056  0.68317541  0.65929895  0.67513167  0.72474398  0.65929895  0.44898477  0.37579228  0.31900124  0.33406738  0.30423236  0.35463916  0.34428260  0.36514100  0.33915757  0.31900124  0.15851569  0.17474013  0.16658396  0.16253895  0.00000000  0.04344440  0.22563640  0.43724800  0.41431250  0.43724800  0.53011685  0.40310298  0.34428260  0.35463916  0.33915757  0.36514100  0.38659729  0.34428260  0.34944297  0.37044770  0.55695911  0.55695911  0.49157614  0.49157614  0.49157614  0.44309338  0.47915791  0.47302520  0.40310298  0.39205885  0.42569242  0.43144791  0.42569242  0.59192478  0.57774193  0.57774193  0.55695911  0.59192478  0.60638153  0.59192478  0.62860401  0.59911826  0.59911826  0.55695911  0.57774193  0.57774193  0.55695911  0.55695911  0.56382281  0.44309338  0.43144791  0.51704823  0.46090848  0.52355402  0.47915791  0.47915791  0.48534127  0.59192478  0.47915791  0.45492289  0.47302520  0.47915791  0.47915791  0.39756055  0.37044770  0.40310298  0.37579228  0.39205885  0.39756055  0.44898477  0.43724800  0.44898477  0.46694233  0.44898477  0.44898477  0.45492289  0.47302520  0.46090848  0.46090848  0.43144791  0.51704823  0.47302520  0.47915791  0.43724800  0.45492289  0.45492289  0.43144791  0.46090848  0.45492289  0.53011685  0.62860401  0.49786336  0.50420385  0.62112298  0.56382281  0.58479977  0.54341768  0.53673772  0.57075002  0.54341768  0.57774193  0.47302520  0.44898477  0.44898477  
4_1_0      0.62860401  0.61371597  0.70783856  0.67513167  0.64379417  0.69130651  0.66717346  0.69952690  0.71624355  0.66717346  0.47915791  0.38659729  0.34944297  0.38117529  0.33915757  0.36514100  0.37044770  0.39756055  0.36514100  0.33915757  0.17474013  0.18714348  0.19552804  0.18298615  0.04344440  0.00000000  0.25244390  0.45492289  0.42569242  0.44898477  0.53011685  0.39205885  0.34428260  0.35463916  0.33915757  0.34944297  0.35987167  0.33915757  0.35463916  0.36514100  0.59192478  0.59192478  0.47915791  0.46694233  0.46694233  0.46090848  0.49157614  0.46694233  0.41998083  0.40868676  0.40310298  0.39756055  0.40310298  0.62112298  0.59911826  0.59911826  0.57774193  0.60638153  0.61371597  0.60638153  0.64379417  0.62112298  0.59911826  0.59192478  0.61371597  0.61371597  0.58479977  0.58479977  0.58479977  0.48534127  0.47302520  0.55015777  0.47915791  0.55015777  0.48534127  0.48534127  0.49157614  0.60638153  0.51059849  0.47915791  0.48534127  0.50420385  0.50420385  0.41431250  0.40310298  0.39756055  0.40310298  0.40868676  0.37579228  0.46090848  0.44309338  0.45492289  0.48534127  0.45492289  0.43144791  0.43724800  0.46694233  0.46694233  0.46694233  0.43144791  0.52355402  0.44898477  0.46694233  0.44309338  0.46090848  0.44898477  0.43724800  0.45492289  0.44898477  0.55015777  0.62112298  0.49157614  0.52355402  0.66717346  0.60638153  0.61371597  0.53011685  0.52355402  0.55695911  0.53011685  0.56382281  0.49157614  0.46694233  0.47302520  
