fastme_mat.p : 0.701857328414917
fastme.f81 : 1.0600030422210693
ba.exp : 7.948123216629028
pipeline_dl9376940 : 10.847207307815552
