fastme_mat.p : 0.42961754672098157
fastme.f81 : 0.7797549657015801
ba.exp : 7.112226430604935
