189
98_0_0     0.00000000  0.32689940  0.20116753  0.59549722  0.59549722  0.60971722  0.59549722  0.54120622  0.56785304  0.55440947  0.52823482  0.62421635  0.63900579  0.59549722  0.58154581  0.73455906  0.78741002  0.75175928  0.76936959  0.76936959  0.65409741  0.66950381  0.66950381  0.71775026  0.73455906  0.66950381  0.65409741  0.75175928  0.80590211  0.70131547  0.70131547  0.70131547  0.68523840  0.68523840  0.54120622  0.54120622  0.52823482  0.52823482  0.52823482  0.50295603  0.58154581  0.54120622  0.52823482  0.86432968  0.84433589  0.86432968  0.73455906  0.73455906  0.73455906  0.73455906  0.73455906  0.78741002  0.78741002  0.78741002  0.75175928  0.75175928  0.78741002  0.58154581  0.63900579  0.63900579  0.63900579  0.59549722  0.59549722  0.59549722  0.60971722  0.62421635  0.62421635  0.62421635  0.62421635  0.62421635  0.59549722  0.60971722  0.59549722  0.59549722  0.62421635  0.55440947  0.60971722  0.62421635  0.58154581  0.60971722  0.62421635  0.59549722  0.60971722  0.63900579  0.59549722  0.58154581  0.58154581  0.63900579  0.63900579  0.50295603  0.55440947  0.47851379  0.47851379  0.52823482  0.66950381  0.68523840  0.54120622  0.58154581  0.63900579  0.58154581  0.59549722  0.56785304  0.51548729  0.51548729  0.49063382  0.54120622  0.62421635  0.62421635  0.63900579  0.60971722  0.60971722  0.63900579  0.63900579  0.68523840  0.66950381  0.68523840  0.66950381  0.73455906  0.71775026  0.71775026  0.66950381  0.65409741  0.66950381  0.71775026  0.71775026  0.70131547  0.70131547  0.68523840  0.68523840  0.66950381  0.71775026  0.68523840  0.68523840  0.66950381  0.62421635  0.62421635  0.70131547  0.71775026  0.66950381  0.66950381  0.70131547  0.71775026  0.70131547  0.66950381  0.68523840  0.70131547  0.65409741  0.65409741  0.63900579  0.60971722  0.66950381  0.65409741  0.68523840  0.63900579  0.71775026  0.71775026  0.71775026  0.71775026  0.71775026  0.65409741  0.65409741  0.68523840  0.68523840  0.65409741  0.70131547  0.70131547  0.71775026  0.66950381  0.66950381  0.56785304  0.56785304  0.58154581  0.56785304  0.58154581  0.59549722  0.58154581  0.60971722  0.59549722  0.62421635  0.62421635  0.62421635  0.68523840  0.52823482  0.56785304  0.55440947  0.55440947  0.56785304  0.54120622  0.55440947  
94_0_0     0.32689940  0.00000000  0.30757350  0.59549722  0.66950381  0.66950381  0.62421635  0.56785304  0.58154581  0.60971722  0.65409741  0.78741002  0.76936959  0.70131547  0.71775026  0.63900579  0.66950381  0.65409741  0.73455906  0.68523840  0.59549722  0.66950381  0.68523840  0.68523840  0.73455906  0.65409741  0.68523840  0.65409741  0.75175928  0.66950381  0.66950381  0.71775026  0.73455906  0.71775026  0.45485451  0.45485451  0.43192957  0.43192957  0.49063382  0.49063382  0.51548729  0.58154581  0.62421635  0.66950381  0.68523840  0.68523840  0.68523840  0.66950381  0.73455906  0.70131547  0.73455906  0.68523840  0.73455906  0.73455906  0.73455906  0.82486906  0.78741002  0.71775026  0.66950381  0.66950381  0.63900579  0.62421635  0.63900579  0.65409741  0.60971722  0.60971722  0.59549722  0.59549722  0.62421635  0.59549722  0.56785304  0.62421635  0.65409741  0.62421635  0.68523840  0.63900579  0.51548729  0.50295603  0.54120622  0.51548729  0.52823482  0.52823482  0.51548729  0.60971722  0.56785304  0.58154581  0.58154581  0.59549722  0.58154581  0.58154581  0.60971722  0.55440947  0.55440947  0.60971722  0.60971722  0.62421635  0.62421635  0.65409741  0.56785304  0.51548729  0.49063382  0.66950381  0.70131547  0.70131547  0.70131547  0.59549722  0.58154581  0.58154581  0.59549722  0.62421635  0.62421635  0.59549722  0.59549722  0.58154581  0.59549722  0.63900579  0.65409741  0.68523840  0.66950381  0.68523840  0.66950381  0.66950381  0.68523840  0.63900579  0.63900579  0.62421635  0.62421635  0.59549722  0.59549722  0.58154581  0.62421635  0.62421635  0.62421635  0.66950381  0.68523840  0.68523840  0.70131547  0.71775026  0.65409741  0.65409741  0.65409741  0.68523840  0.65409741  0.66950381  0.66950381  0.65409741  0.62421635  0.62421635  0.66950381  0.68523840  0.78741002  0.80590211  0.60971722  0.56785304  0.62421635  0.62421635  0.70131547  0.70131547  0.65409741  0.62421635  0.62421635  0.60971722  0.62421635  0.65409741  0.65409741  0.65409741  0.63900579  0.65409741  0.65409741  0.43192957  0.43192957  0.47851379  0.44330311  0.49063382  0.45485451  0.46658943  0.52823482  0.54120622  0.62421635  0.60971722  0.56785304  0.51548729  0.51548729  0.45485451  0.44330311  0.43192957  0.44330311  0.44330311  0.45485451  
94_50_0    0.20116753  0.30757350  0.00000000  0.58154581  0.56785304  0.58154581  0.62421635  0.65409741  0.65409741  0.62421635  0.58154581  0.66950381  0.68523840  0.60971722  0.62421635  0.65409741  0.75175928  0.66950381  0.78741002  0.73455906  0.70131547  0.76936959  0.73455906  0.71775026  0.73455906  0.70131547  0.68523840  0.73455906  0.75175928  0.71775026  0.71775026  0.68523840  0.73455906  0.68523840  0.56785304  0.56785304  0.59549722  0.59549722  0.58154581  0.52823482  0.52823482  0.65409741  0.66950381  0.75175928  0.80590211  0.75175928  0.68523840  0.68523840  0.73455906  0.70131547  0.73455906  0.71775026  0.71775026  0.78741002  0.70131547  0.82486906  0.66950381  0.65409741  0.68523840  0.71775026  0.68523840  0.66950381  0.63900579  0.63900579  0.59549722  0.60971722  0.63900579  0.63900579  0.63900579  0.71775026  0.66950381  0.62421635  0.71775026  0.68523840  0.75175928  0.66950381  0.66950381  0.68523840  0.63900579  0.66950381  0.68523840  0.68523840  0.66950381  0.68523840  0.66950381  0.65409741  0.68523840  0.71775026  0.68523840  0.62421635  0.60971722  0.59549722  0.59549722  0.60971722  0.75175928  0.75175928  0.62421635  0.66950381  0.63900579  0.66950381  0.66950381  0.65409741  0.54120622  0.54120622  0.51548729  0.58154581  0.56785304  0.56785304  0.60971722  0.65409741  0.65409741  0.62421635  0.62421635  0.59549722  0.60971722  0.62421635  0.60971722  0.70131547  0.70131547  0.59549722  0.58154581  0.63900579  0.65409741  0.63900579  0.63900579  0.60971722  0.60971722  0.62421635  0.62421635  0.63900579  0.62421635  0.65409741  0.66950381  0.62421635  0.65409741  0.65409741  0.71775026  0.73455906  0.65409741  0.65409741  0.71775026  0.75175928  0.75175928  0.75175928  0.76936959  0.75175928  0.73455906  0.73455906  0.68523840  0.68523840  0.75175928  0.73455906  0.68523840  0.66950381  0.70131547  0.70131547  0.63900579  0.63900579  0.73455906  0.68523840  0.65409741  0.75175928  0.75175928  0.71775026  0.73455906  0.73455906  0.71775026  0.70131547  0.70131547  0.56785304  0.56785304  0.63900579  0.62421635  0.63900579  0.56785304  0.58154581  0.60971722  0.62421635  0.66950381  0.65409741  0.65409741  0.62421635  0.59549722  0.54120622  0.55440947  0.55440947  0.56785304  0.55440947  0.56785304  
65_0_0     0.59549722  0.59549722  0.58154581  0.00000000  0.26136148  0.24365691  0.16885246  0.14551137  0.11549471  0.23496125  0.21787115  0.42072851  0.42072851  0.36713764  0.43192957  0.63900579  0.60971722  0.59549722  0.62421635  0.59549722  0.56785304  0.54120622  0.55440947  0.66950381  0.62421635  0.55440947  0.63900579  0.62421635  0.59549722  0.62421635  0.62421635  0.58154581  0.55440947  0.58154581  0.36713764  0.36713764  0.37754927  0.36713764  0.37754927  0.42072851  0.45485451  0.46658943  0.46658943  0.62421635  0.66950381  0.62421635  0.60971722  0.63900579  0.71775026  0.63900579  0.70131547  0.63900579  0.63900579  0.66950381  0.65409741  0.76936959  0.63900579  0.46658943  0.50295603  0.51548729  0.47851379  0.47851379  0.43192957  0.43192957  0.42072851  0.40969477  0.45485451  0.43192957  0.43192957  0.44330311  0.43192957  0.44330311  0.51548729  0.50295603  0.55440947  0.49063382  0.38810976  0.39882343  0.40969477  0.38810976  0.39882343  0.38810976  0.37754927  0.40969477  0.46658943  0.45485451  0.47851379  0.40969477  0.38810976  0.51548729  0.50295603  0.50295603  0.50295603  0.45485451  0.51548729  0.52823482  0.52823482  0.51548729  0.45485451  0.44330311  0.46658943  0.55440947  0.56785304  0.56785304  0.56785304  0.44330311  0.49063382  0.49063382  0.49063382  0.52823482  0.52823482  0.52823482  0.56785304  0.51548729  0.54120622  0.63900579  0.65409741  0.59549722  0.58154581  0.51548729  0.52823482  0.51548729  0.50295603  0.52823482  0.54120622  0.71775026  0.66950381  0.65409741  0.65409741  0.68523840  0.68523840  0.70131547  0.58154581  0.58154581  0.60971722  0.60971722  0.54120622  0.55440947  0.54120622  0.54120622  0.58154581  0.55440947  0.56785304  0.54120622  0.52823482  0.51548729  0.54120622  0.54120622  0.54120622  0.55440947  0.59549722  0.59549722  0.55440947  0.58154581  0.66950381  0.65409741  0.63900579  0.63900579  0.66950381  0.60971722  0.62421635  0.58154581  0.59549722  0.55440947  0.58154581  0.59549722  0.55440947  0.60971722  0.59549722  0.34674456  0.38810976  0.36713764  0.38810976  0.34674456  0.38810976  0.37754927  0.42072851  0.43192957  0.44330311  0.43192957  0.45485451  0.40969477  0.43192957  0.39882343  0.38810976  0.37754927  0.38810976  0.39882343  0.38810976  
80_0_0     0.59549722  0.66950381  0.56785304  0.26136148  0.00000000  0.01268695  0.20947212  0.24365691  0.22636678  0.31717325  0.33675534  0.42072851  0.42072851  0.40969477  0.43192957  0.50295603  0.50295603  0.49063382  0.70131547  0.56785304  0.60971722  0.60971722  0.59549722  0.59549722  0.65409741  0.58154581  0.59549722  0.58154581  0.59549722  0.60971722  0.60971722  0.59549722  0.66950381  0.60971722  0.43192957  0.43192957  0.38810976  0.39882343  0.44330311  0.47851379  0.51548729  0.45485451  0.47851379  0.71775026  0.65409741  0.68523840  0.66950381  0.70131547  0.73455906  0.70131547  0.63900579  0.63900579  0.70131547  0.73455906  0.68523840  0.68523840  0.66950381  0.54120622  0.59549722  0.58154581  0.59549722  0.60971722  0.47851379  0.49063382  0.54120622  0.52823482  0.50295603  0.52823482  0.52823482  0.52823482  0.51548729  0.51548729  0.52823482  0.54120622  0.56785304  0.49063382  0.50295603  0.51548729  0.50295603  0.50295603  0.51548729  0.50295603  0.51548729  0.51548729  0.49063382  0.47851379  0.47851379  0.54120622  0.51548729  0.66950381  0.62421635  0.59549722  0.59549722  0.52823482  0.47851379  0.49063382  0.44330311  0.45485451  0.56785304  0.58154581  0.58154581  0.59549722  0.59549722  0.59549722  0.56785304  0.49063382  0.55440947  0.55440947  0.55440947  0.60971722  0.60971722  0.56785304  0.52823482  0.60971722  0.60971722  0.54120622  0.55440947  0.54120622  0.52823482  0.56785304  0.58154581  0.52823482  0.51548729  0.54120622  0.52823482  0.62421635  0.60971722  0.59549722  0.59549722  0.59549722  0.60971722  0.62421635  0.59549722  0.54120622  0.50295603  0.50295603  0.60971722  0.62421635  0.58154581  0.58154581  0.60971722  0.65409741  0.66950381  0.58154581  0.59549722  0.58154581  0.55440947  0.55440947  0.65409741  0.59549722  0.75175928  0.75175928  0.62421635  0.62421635  0.56785304  0.58154581  0.58154581  0.58154581  0.59549722  0.59549722  0.59549722  0.63900579  0.62421635  0.59549722  0.59549722  0.58154581  0.56785304  0.59549722  0.60971722  0.44330311  0.46658943  0.50295603  0.50295603  0.46658943  0.50295603  0.49063382  0.54120622  0.52823482  0.56785304  0.55440947  0.58154581  0.45485451  0.47851379  0.43192957  0.44330311  0.43192957  0.44330311  0.45485451  0.44330311  
75_0_0     0.60971722  0.66950381  0.58154581  0.24365691  0.01268695  0.00000000  0.19295526  0.24365691  0.20947212  0.29809691  0.33675534  0.40969477  0.40969477  0.39882343  0.42072851  0.50295603  0.50295603  0.49063382  0.71775026  0.58154581  0.59549722  0.59549722  0.58154581  0.60971722  0.66950381  0.59549722  0.60971722  0.56785304  0.58154581  0.59549722  0.59549722  0.58154581  0.65409741  0.62421635  0.44330311  0.44330311  0.39882343  0.40969477  0.45485451  0.46658943  0.50295603  0.44330311  0.46658943  0.70131547  0.63900579  0.70131547  0.65409741  0.71775026  0.75175928  0.71775026  0.65409741  0.65409741  0.71775026  0.71775026  0.70131547  0.70131547  0.65409741  0.55440947  0.58154581  0.56785304  0.58154581  0.59549722  0.46658943  0.47851379  0.52823482  0.51548729  0.49063382  0.51548729  0.51548729  0.51548729  0.50295603  0.50295603  0.52823482  0.54120622  0.56785304  0.49063382  0.49063382  0.50295603  0.49063382  0.49063382  0.50295603  0.49063382  0.50295603  0.50295603  0.50295603  0.49063382  0.49063382  0.52823482  0.52823482  0.65409741  0.60971722  0.60971722  0.60971722  0.54120622  0.45485451  0.46658943  0.46658943  0.45485451  0.54120622  0.58154581  0.55440947  0.60971722  0.58154581  0.58154581  0.55440947  0.50295603  0.54120622  0.54120622  0.54120622  0.59549722  0.59549722  0.55440947  0.51548729  0.59549722  0.59549722  0.55440947  0.56785304  0.52823482  0.51548729  0.55440947  0.56785304  0.51548729  0.50295603  0.52823482  0.51548729  0.63900579  0.62421635  0.59549722  0.59549722  0.59549722  0.60971722  0.62421635  0.58154581  0.55440947  0.51548729  0.51548729  0.59549722  0.60971722  0.59549722  0.59549722  0.62421635  0.63900579  0.65409741  0.59549722  0.58154581  0.56785304  0.56785304  0.56785304  0.63900579  0.60971722  0.73455906  0.73455906  0.60971722  0.60971722  0.58154581  0.59549722  0.59549722  0.59549722  0.60971722  0.58154581  0.60971722  0.65409741  0.63900579  0.58154581  0.58154581  0.56785304  0.55440947  0.58154581  0.59549722  0.45485451  0.47851379  0.49063382  0.49063382  0.45485451  0.51548729  0.50295603  0.52823482  0.51548729  0.55440947  0.54120622  0.56785304  0.44330311  0.49063382  0.42072851  0.43192957  0.42072851  0.43192957  0.44330311  0.43192957  
23_0_0     0.59549722  0.62421635  0.62421635  0.16885246  0.20947212  0.19295526  0.00000000  0.16885246  0.13789208  0.25245615  0.31717325  0.40969477  0.43192957  0.37754927  0.42072851  0.70131547  0.70131547  0.68523840  0.62421635  0.65409741  0.52823482  0.54120622  0.52823482  0.62421635  0.66950381  0.60971722  0.59549722  0.58154581  0.56785304  0.55440947  0.55440947  0.56785304  0.58154581  0.62421635  0.36713764  0.36713764  0.34674456  0.35687072  0.39882343  0.37754927  0.44330311  0.44330311  0.44330311  0.58154581  0.60971722  0.60971722  0.63900579  0.70131547  0.73455906  0.70131547  0.65409741  0.56785304  0.62421635  0.59549722  0.68523840  0.70131547  0.60971722  0.50295603  0.51548729  0.52823482  0.51548729  0.50295603  0.44330311  0.45485451  0.45485451  0.46658943  0.46658943  0.46658943  0.46658943  0.45485451  0.44330311  0.47851379  0.52823482  0.54120622  0.54120622  0.49063382  0.44330311  0.43192957  0.44330311  0.44330311  0.45485451  0.44330311  0.43192957  0.40969477  0.44330311  0.47851379  0.45485451  0.40969477  0.40969477  0.59549722  0.58154581  0.60971722  0.60971722  0.49063382  0.54120622  0.55440947  0.46658943  0.45485451  0.51548729  0.46658943  0.46658943  0.52823482  0.58154581  0.58154581  0.55440947  0.45485451  0.47851379  0.47851379  0.47851379  0.47851379  0.47851379  0.46658943  0.50295603  0.58154581  0.58154581  0.62421635  0.63900579  0.58154581  0.54120622  0.55440947  0.56785304  0.50295603  0.49063382  0.54120622  0.55440947  0.68523840  0.63900579  0.63900579  0.63900579  0.63900579  0.65409741  0.63900579  0.59549722  0.68523840  0.66950381  0.66950381  0.59549722  0.60971722  0.59549722  0.59549722  0.60971722  0.56785304  0.60971722  0.56785304  0.55440947  0.54120622  0.54120622  0.54120622  0.54120622  0.58154581  0.65409741  0.65409741  0.56785304  0.59549722  0.60971722  0.59549722  0.56785304  0.56785304  0.60971722  0.59549722  0.63900579  0.62421635  0.60971722  0.55440947  0.60971722  0.62421635  0.60971722  0.60971722  0.59549722  0.38810976  0.40969477  0.40969477  0.40969477  0.39882343  0.45485451  0.44330311  0.44330311  0.45485451  0.47851379  0.46658943  0.47851379  0.43192957  0.42072851  0.39882343  0.38810976  0.37754927  0.38810976  0.39882343  0.38810976  
73_0_0     0.54120622  0.56785304  0.65409741  0.14551137  0.24365691  0.24365691  0.16885246  0.00000000  0.03873390  0.20947212  0.22636678  0.45485451  0.43192957  0.38810976  0.43192957  0.60971722  0.55440947  0.56785304  0.56785304  0.56785304  0.65409741  0.59549722  0.60971722  0.60971722  0.60971722  0.60971722  0.60971722  0.66950381  0.56785304  0.60971722  0.63900579  0.62421635  0.60971722  0.58154581  0.42072851  0.42072851  0.39882343  0.40969477  0.42072851  0.43192957  0.52823482  0.43192957  0.45485451  0.70131547  0.66950381  0.66950381  0.70131547  0.71775026  0.75175928  0.71775026  0.70131547  0.70131547  0.68523840  0.73455906  0.66950381  0.82486906  0.76936959  0.50295603  0.56785304  0.58154581  0.56785304  0.54120622  0.47851379  0.47851379  0.50295603  0.46658943  0.46658943  0.44330311  0.46658943  0.44330311  0.43192957  0.47851379  0.51548729  0.47851379  0.50295603  0.47851379  0.45485451  0.46658943  0.45485451  0.45485451  0.44330311  0.45485451  0.44330311  0.44330311  0.47851379  0.46658943  0.49063382  0.46658943  0.42072851  0.56785304  0.55440947  0.55440947  0.55440947  0.46658943  0.55440947  0.56785304  0.44330311  0.47851379  0.50295603  0.51548729  0.46658943  0.54120622  0.65409741  0.65409741  0.62421635  0.38810976  0.46658943  0.46658943  0.49063382  0.52823482  0.52823482  0.47851379  0.51548729  0.51548729  0.54120622  0.54120622  0.55440947  0.56785304  0.55440947  0.55440947  0.54120622  0.46658943  0.47851379  0.52823482  0.54120622  0.66950381  0.62421635  0.58154581  0.58154581  0.58154581  0.65409741  0.63900579  0.55440947  0.54120622  0.54120622  0.54120622  0.55440947  0.56785304  0.54120622  0.54120622  0.54120622  0.54120622  0.58154581  0.52823482  0.54120622  0.52823482  0.47851379  0.47851379  0.50295603  0.54120622  0.58154581  0.58154581  0.56785304  0.56785304  0.60971722  0.62421635  0.60971722  0.60971722  0.63900579  0.58154581  0.56785304  0.54120622  0.52823482  0.52823482  0.58154581  0.59549722  0.55440947  0.58154581  0.56785304  0.36713764  0.38810976  0.40969477  0.40969477  0.38810976  0.40969477  0.39882343  0.46658943  0.47851379  0.55440947  0.51548729  0.52823482  0.50295603  0.43192957  0.39882343  0.38810976  0.39882343  0.38810976  0.39882343  0.38810976  
22_0_0     0.56785304  0.58154581  0.65409741  0.11549471  0.22636678  0.20947212  0.13789208  0.03873390  0.00000000  0.20947212  0.24365691  0.43192957  0.40969477  0.36713764  0.40969477  0.60971722  0.55440947  0.59549722  0.55440947  0.58154581  0.63900579  0.55440947  0.56785304  0.65409741  0.62421635  0.59549722  0.62421635  0.62421635  0.58154581  0.62421635  0.65409741  0.60971722  0.62421635  0.59549722  0.44330311  0.44330311  0.42072851  0.43192957  0.44330311  0.40969477  0.50295603  0.43192957  0.45485451  0.63900579  0.65409741  0.63900579  0.63900579  0.68523840  0.68523840  0.68523840  0.63900579  0.66950381  0.65409741  0.66950381  0.63900579  0.75175928  0.70131547  0.50295603  0.52823482  0.51548729  0.52823482  0.50295603  0.43192957  0.45485451  0.47851379  0.44330311  0.42072851  0.42072851  0.44330311  0.39882343  0.40969477  0.45485451  0.54120622  0.47851379  0.50295603  0.47851379  0.40969477  0.42072851  0.40969477  0.40969477  0.39882343  0.40969477  0.39882343  0.42072851  0.50295603  0.49063382  0.51548729  0.44330311  0.42072851  0.49063382  0.47851379  0.52823482  0.52823482  0.46658943  0.54120622  0.55440947  0.44330311  0.43192957  0.47851379  0.49063382  0.46658943  0.54120622  0.62421635  0.62421635  0.59549722  0.38810976  0.46658943  0.46658943  0.46658943  0.50295603  0.50295603  0.45485451  0.46658943  0.49063382  0.51548729  0.54120622  0.55440947  0.54120622  0.52823482  0.55440947  0.56785304  0.44330311  0.43192957  0.50295603  0.51548729  0.66950381  0.65409741  0.58154581  0.58154581  0.58154581  0.65409741  0.63900579  0.55440947  0.54120622  0.56785304  0.56785304  0.58154581  0.59549722  0.59549722  0.59549722  0.56785304  0.51548729  0.55440947  0.55440947  0.54120622  0.52823482  0.52823482  0.52823482  0.55440947  0.59549722  0.55440947  0.55440947  0.58154581  0.55440947  0.65409741  0.66950381  0.65409741  0.65409741  0.68523840  0.60971722  0.62421635  0.59549722  0.58154581  0.52823482  0.58154581  0.59549722  0.55440947  0.60971722  0.59549722  0.38810976  0.40969477  0.43192957  0.43192957  0.40969477  0.43192957  0.42072851  0.49063382  0.50295603  0.55440947  0.51548729  0.52823482  0.45485451  0.45485451  0.39882343  0.38810976  0.39882343  0.38810976  0.39882343  0.38810976  
84_8_0     0.55440947  0.60971722  0.62421635  0.23496125  0.31717325  0.29809691  0.25245615  0.20947212  0.20947212  0.00000000  0.16098986  0.45485451  0.46658943  0.33675534  0.38810976  0.52823482  0.55440947  0.56785304  0.60971722  0.63900579  0.52823482  0.51548729  0.50295603  0.52823482  0.51548729  0.60971722  0.63900579  0.60971722  0.54120622  0.58154581  0.65409741  0.62421635  0.51548729  0.60971722  0.47851379  0.47851379  0.39882343  0.40969477  0.42072851  0.45485451  0.51548729  0.38810976  0.43192957  0.60971722  0.59549722  0.60971722  0.66950381  0.66950381  0.65409741  0.63900579  0.60971722  0.63900579  0.58154581  0.63900579  0.58154581  0.70131547  0.55440947  0.52823482  0.50295603  0.50295603  0.51548729  0.55440947  0.49063382  0.46658943  0.45485451  0.44330311  0.51548729  0.46658943  0.46658943  0.49063382  0.45485451  0.43192957  0.50295603  0.49063382  0.49063382  0.46658943  0.47851379  0.49063382  0.47851379  0.47851379  0.47851379  0.47851379  0.49063382  0.42072851  0.49063382  0.49063382  0.50295603  0.43192957  0.44330311  0.52823482  0.52823482  0.55440947  0.55440947  0.56785304  0.56785304  0.58154581  0.51548729  0.51548729  0.56785304  0.60971722  0.54120622  0.60971722  0.54120622  0.54120622  0.51548729  0.45485451  0.47851379  0.47851379  0.47851379  0.49063382  0.49063382  0.51548729  0.50295603  0.55440947  0.52823482  0.66950381  0.65409741  0.51548729  0.52823482  0.56785304  0.55440947  0.50295603  0.51548729  0.54120622  0.52823482  0.63900579  0.62421635  0.65409741  0.65409741  0.68523840  0.73455906  0.71775026  0.58154581  0.60971722  0.60971722  0.60971722  0.55440947  0.56785304  0.56785304  0.56785304  0.54120622  0.58154581  0.54120622  0.62421635  0.60971722  0.58154581  0.54120622  0.54120622  0.50295603  0.56785304  0.59549722  0.59549722  0.62421635  0.59549722  0.66950381  0.65409741  0.70131547  0.70131547  0.66950381  0.58154581  0.59549722  0.65409741  0.66950381  0.56785304  0.56785304  0.55440947  0.56785304  0.54120622  0.55440947  0.42072851  0.42072851  0.43192957  0.43192957  0.44330311  0.47851379  0.46658943  0.44330311  0.45485451  0.47851379  0.45485451  0.44330311  0.50295603  0.44330311  0.42072851  0.40969477  0.43192957  0.42072851  0.42072851  0.40969477  
84_9_0     0.52823482  0.65409741  0.58154581  0.21787115  0.33675534  0.33675534  0.31717325  0.22636678  0.24365691  0.16098986  0.00000000  0.43192957  0.46658943  0.39882343  0.43192957  0.55440947  0.60971722  0.59549722  0.60971722  0.58154581  0.58154581  0.55440947  0.56785304  0.51548729  0.55440947  0.59549722  0.59549722  0.62421635  0.58154581  0.62421635  0.62421635  0.59549722  0.56785304  0.59549722  0.40969477  0.40969477  0.39882343  0.40969477  0.40969477  0.51548729  0.50295603  0.43192957  0.45485451  0.68523840  0.66950381  0.65409741  0.66950381  0.66950381  0.65409741  0.63900579  0.63900579  0.66950381  0.63900579  0.66950381  0.65409741  0.76936959  0.62421635  0.47851379  0.50295603  0.51548729  0.51548729  0.54120622  0.50295603  0.50295603  0.45485451  0.46658943  0.51548729  0.46658943  0.49063382  0.52823482  0.49063382  0.45485451  0.52823482  0.49063382  0.54120622  0.51548729  0.50295603  0.51548729  0.47851379  0.50295603  0.50295603  0.50295603  0.51548729  0.47851379  0.51548729  0.49063382  0.52823482  0.49063382  0.47851379  0.49063382  0.49063382  0.49063382  0.49063382  0.52823482  0.54120622  0.55440947  0.49063382  0.51548729  0.55440947  0.51548729  0.56785304  0.56785304  0.58154581  0.58154581  0.55440947  0.49063382  0.52823482  0.52823482  0.50295603  0.52823482  0.52823482  0.54120622  0.52823482  0.50295603  0.50295603  0.58154581  0.56785304  0.50295603  0.55440947  0.58154581  0.56785304  0.52823482  0.54120622  0.56785304  0.55440947  0.58154581  0.56785304  0.59549722  0.59549722  0.65409741  0.66950381  0.65409741  0.55440947  0.58154581  0.52823482  0.52823482  0.51548729  0.52823482  0.50295603  0.50295603  0.54120622  0.63900579  0.62421635  0.58154581  0.59549722  0.56785304  0.52823482  0.52823482  0.46658943  0.50295603  0.60971722  0.60971722  0.60971722  0.55440947  0.60971722  0.59549722  0.62421635  0.62421635  0.60971722  0.58154581  0.59549722  0.63900579  0.65409741  0.60971722  0.58154581  0.56785304  0.58154581  0.58154581  0.59549722  0.40969477  0.45485451  0.50295603  0.50295603  0.47851379  0.50295603  0.49063382  0.49063382  0.50295603  0.52823482  0.50295603  0.49063382  0.52823482  0.43192957  0.46658943  0.47851379  0.50295603  0.49063382  0.49063382  0.47851379  
29_0_0     0.62421635  0.78741002  0.66950381  0.42072851  0.42072851  0.40969477  0.40969477  0.45485451  0.43192957  0.45485451  0.43192957  0.00000000  0.04539172  0.22636678  0.24365691  0.59549722  0.62421635  0.60971722  0.68523840  0.70131547  0.62421635  0.56785304  0.58154581  0.68523840  0.75175928  0.62421635  0.59549722  0.62421635  0.63900579  0.62421635  0.60971722  0.60971722  0.62421635  0.65409741  0.54120622  0.54120622  0.51548729  0.52823482  0.54120622  0.60971722  0.56785304  0.60971722  0.59549722  0.75175928  0.76936959  0.78741002  0.82486906  0.84433589  0.88487975  0.88487975  0.76936959  0.75175928  0.78741002  0.78741002  0.84433589  0.80590211  0.80590211  0.55440947  0.71775026  0.68523840  0.70131547  0.70131547  0.59549722  0.56785304  0.60971722  0.63900579  0.62421635  0.62421635  0.62421635  0.62421635  0.60971722  0.60971722  0.65409741  0.63900579  0.70131547  0.62421635  0.58154581  0.59549722  0.55440947  0.58154581  0.58154581  0.58154581  0.59549722  0.58154581  0.55440947  0.55440947  0.54120622  0.59549722  0.62421635  0.62421635  0.62421635  0.62421635  0.62421635  0.54120622  0.65409741  0.63900579  0.54120622  0.55440947  0.75175928  0.65409741  0.66950381  0.65409741  0.65409741  0.65409741  0.65409741  0.51548729  0.60971722  0.59549722  0.54120622  0.62421635  0.62421635  0.56785304  0.59549722  0.58154581  0.58154581  0.63900579  0.63900579  0.62421635  0.63900579  0.60971722  0.68523840  0.62421635  0.63900579  0.65409741  0.63900579  0.73455906  0.70131547  0.65409741  0.65409741  0.63900579  0.66950381  0.68523840  0.54120622  0.62421635  0.66950381  0.66950381  0.68523840  0.70131547  0.63900579  0.63900579  0.70131547  0.68523840  0.71775026  0.70131547  0.68523840  0.66950381  0.66950381  0.66950381  0.71775026  0.70131547  0.68523840  0.68523840  0.66950381  0.68523840  0.71775026  0.70131547  0.66950381  0.66950381  0.70131547  0.62421635  0.62421635  0.76936959  0.75175928  0.68523840  0.65409741  0.66950381  0.65409741  0.62421635  0.62421635  0.47851379  0.50295603  0.52823482  0.50295603  0.47851379  0.52823482  0.51548729  0.55440947  0.54120622  0.54120622  0.55440947  0.52823482  0.51548729  0.51548729  0.46658943  0.47851379  0.46658943  0.47851379  0.49063382  0.47851379  
2_0_0      0.63900579  0.76936959  0.68523840  0.42072851  0.42072851  0.40969477  0.43192957  0.43192957  0.40969477  0.46658943  0.46658943  0.04539172  0.00000000  0.22636678  0.24365691  0.56785304  0.60971722  0.56785304  0.66950381  0.68523840  0.65409741  0.62421635  0.63900579  0.71775026  0.71775026  0.60971722  0.60971722  0.60971722  0.65409741  0.63900579  0.59549722  0.59549722  0.63900579  0.60971722  0.52823482  0.52823482  0.50295603  0.51548729  0.52823482  0.60971722  0.60971722  0.56785304  0.55440947  0.73455906  0.75175928  0.76936959  0.80590211  0.82486906  0.86432968  0.90601795  0.82486906  0.80590211  0.80590211  0.80590211  0.80590211  0.80590211  0.86432968  0.54120622  0.70131547  0.70131547  0.65409741  0.65409741  0.58154581  0.55440947  0.58154581  0.59549722  0.59549722  0.59549722  0.59549722  0.60971722  0.59549722  0.60971722  0.70131547  0.68523840  0.71775026  0.66950381  0.59549722  0.60971722  0.59549722  0.59549722  0.59549722  0.59549722  0.60971722  0.56785304  0.55440947  0.52823482  0.54120622  0.58154581  0.60971722  0.58154581  0.59549722  0.59549722  0.59549722  0.50295603  0.68523840  0.66950381  0.54120622  0.55440947  0.68523840  0.66950381  0.62421635  0.62421635  0.60971722  0.60971722  0.63900579  0.47851379  0.60971722  0.59549722  0.55440947  0.62421635  0.62421635  0.56785304  0.59549722  0.60971722  0.60971722  0.60971722  0.60971722  0.59549722  0.60971722  0.55440947  0.62421635  0.59549722  0.60971722  0.59549722  0.58154581  0.75175928  0.70131547  0.68523840  0.68523840  0.66950381  0.70131547  0.71775026  0.59549722  0.62421635  0.65409741  0.65409741  0.73455906  0.75175928  0.68523840  0.68523840  0.71775026  0.66950381  0.70131547  0.70131547  0.68523840  0.68523840  0.68523840  0.68523840  0.73455906  0.75175928  0.65409741  0.65409741  0.65409741  0.66950381  0.68523840  0.70131547  0.66950381  0.66950381  0.70131547  0.65409741  0.62421635  0.70131547  0.68523840  0.68523840  0.65409741  0.66950381  0.65409741  0.62421635  0.62421635  0.51548729  0.54120622  0.59549722  0.56785304  0.54120622  0.56785304  0.55440947  0.59549722  0.58154581  0.58154581  0.59549722  0.56785304  0.55440947  0.55440947  0.50295603  0.51548729  0.50295603  0.51548729  0.52823482  0.51548729  
57_0_0     0.59549722  0.70131547  0.60971722  0.36713764  0.40969477  0.39882343  0.37754927  0.38810976  0.36713764  0.33675534  0.39882343  0.22636678  0.22636678  0.00000000  0.05211010  0.56785304  0.59549722  0.60971722  0.73455906  0.66950381  0.59549722  0.59549722  0.58154581  0.60971722  0.60971722  0.65409741  0.66950381  0.63900579  0.60971722  0.59549722  0.59549722  0.62421635  0.58154581  0.62421635  0.46658943  0.46658943  0.39882343  0.40969477  0.45485451  0.49063382  0.51548729  0.52823482  0.51548729  0.70131547  0.73455906  0.73455906  0.71775026  0.70131547  0.73455906  0.71775026  0.73455906  0.71775026  0.68523840  0.71775026  0.75175928  0.80590211  0.80590211  0.56785304  0.62421635  0.66950381  0.62421635  0.59549722  0.59549722  0.52823482  0.59549722  0.60971722  0.56785304  0.54120622  0.55440947  0.50295603  0.52823482  0.54120622  0.75175928  0.75175928  0.80590211  0.70131547  0.58154581  0.56785304  0.58154581  0.58154581  0.60971722  0.58154581  0.59549722  0.58154581  0.66950381  0.62421635  0.65409741  0.59549722  0.62421635  0.68523840  0.70131547  0.70131547  0.70131547  0.62421635  0.73455906  0.71775026  0.58154581  0.59549722  0.70131547  0.75175928  0.66950381  0.58154581  0.62421635  0.62421635  0.62421635  0.55440947  0.62421635  0.63900579  0.60971722  0.63900579  0.63900579  0.59549722  0.62421635  0.68523840  0.66950381  0.62421635  0.62421635  0.65409741  0.65409741  0.59549722  0.58154581  0.59549722  0.60971722  0.60971722  0.59549722  0.73455906  0.71775026  0.63900579  0.63900579  0.65409741  0.66950381  0.65409741  0.56785304  0.66950381  0.63900579  0.63900579  0.65409741  0.66950381  0.66950381  0.66950381  0.71775026  0.68523840  0.71775026  0.78741002  0.76936959  0.73455906  0.66950381  0.66950381  0.71775026  0.76936959  0.70131547  0.70131547  0.63900579  0.65409741  0.78741002  0.76936959  0.73455906  0.73455906  0.76936959  0.73455906  0.73455906  0.78741002  0.76936959  0.73455906  0.76936959  0.78741002  0.75175928  0.75175928  0.75175928  0.54120622  0.54120622  0.55440947  0.56785304  0.55440947  0.59549722  0.59549722  0.68523840  0.66950381  0.70131547  0.70131547  0.68523840  0.68523840  0.60971722  0.55440947  0.54120622  0.51548729  0.52823482  0.55440947  0.54120622  
30_0_0     0.58154581  0.71775026  0.62421635  0.43192957  0.43192957  0.42072851  0.42072851  0.43192957  0.40969477  0.38810976  0.43192957  0.24365691  0.24365691  0.05211010  0.00000000  0.56785304  0.62421635  0.60971722  0.73455906  0.66950381  0.59549722  0.59549722  0.58154581  0.60971722  0.58154581  0.65409741  0.66950381  0.63900579  0.58154581  0.56785304  0.56785304  0.59549722  0.58154581  0.59549722  0.54120622  0.54120622  0.45485451  0.46658943  0.51548729  0.51548729  0.54120622  0.52823482  0.54120622  0.71775026  0.75175928  0.75175928  0.73455906  0.71775026  0.71775026  0.73455906  0.76936959  0.75175928  0.71775026  0.71775026  0.82486906  0.84433589  0.80590211  0.65409741  0.66950381  0.71775026  0.70131547  0.66950381  0.68523840  0.60971722  0.68523840  0.70131547  0.62421635  0.62421635  0.63900579  0.58154581  0.60971722  0.62421635  0.75175928  0.75175928  0.80590211  0.70131547  0.65409741  0.63900579  0.62421635  0.65409741  0.65409741  0.65409741  0.66950381  0.65409741  0.71775026  0.70131547  0.70131547  0.63900579  0.70131547  0.71775026  0.73455906  0.73455906  0.73455906  0.71775026  0.75175928  0.73455906  0.65409741  0.66950381  0.71775026  0.76936959  0.68523840  0.60971722  0.63900579  0.63900579  0.63900579  0.58154581  0.63900579  0.65409741  0.62421635  0.65409741  0.65409741  0.60971722  0.60971722  0.70131547  0.68523840  0.66950381  0.66950381  0.65409741  0.65409741  0.62421635  0.60971722  0.60971722  0.62421635  0.62421635  0.60971722  0.71775026  0.70131547  0.65409741  0.65409741  0.66950381  0.68523840  0.66950381  0.56785304  0.65409741  0.62421635  0.62421635  0.66950381  0.65409741  0.65409741  0.65409741  0.66950381  0.70131547  0.73455906  0.76936959  0.75175928  0.71775026  0.68523840  0.68523840  0.70131547  0.73455906  0.73455906  0.73455906  0.63900579  0.65409741  0.80590211  0.78741002  0.75175928  0.75175928  0.78741002  0.75175928  0.75175928  0.82486906  0.80590211  0.75175928  0.78741002  0.76936959  0.80590211  0.76936959  0.76936959  0.59549722  0.59549722  0.58154581  0.59549722  0.58154581  0.59549722  0.59549722  0.75175928  0.73455906  0.75175928  0.76936959  0.75175928  0.75175928  0.66950381  0.60971722  0.59549722  0.58154581  0.59549722  0.60971722  0.59549722  
50_30_0    0.73455906  0.63900579  0.65409741  0.63900579  0.50295603  0.50295603  0.70131547  0.60971722  0.60971722  0.52823482  0.55440947  0.59549722  0.56785304  0.56785304  0.56785304  0.00000000  0.07961188  0.03873390  0.24365691  0.13035058  0.15321007  0.16885246  0.15321007  0.14551137  0.14551137  0.18483329  0.20116753  0.13035058  0.24365691  0.21787115  0.20947212  0.19295526  0.25245615  0.22636678  0.51548729  0.51548729  0.49063382  0.50295603  0.50295603  0.60971722  0.59549722  0.66950381  0.63900579  0.71775026  0.70131547  0.70131547  0.73455906  0.71775026  0.75175928  0.76936959  0.66950381  0.73455906  0.70131547  0.70131547  0.68523840  0.71775026  0.71775026  0.70131547  0.75175928  0.73455906  0.73455906  0.76936959  0.66950381  0.70131547  0.63900579  0.63900579  0.63900579  0.63900579  0.66950381  0.70131547  0.70131547  0.65409741  0.82486906  0.86432968  0.84433589  0.76936959  0.71775026  0.73455906  0.71775026  0.71775026  0.71775026  0.71775026  0.73455906  0.76936959  0.75175928  0.76936959  0.76936959  0.78741002  0.78741002  0.65409741  0.70131547  0.66950381  0.68523840  0.75175928  0.71775026  0.71775026  0.54120622  0.56785304  0.73455906  0.78741002  0.73455906  0.70131547  0.54120622  0.54120622  0.55440947  0.52823482  0.65409741  0.65409741  0.62421635  0.65409741  0.65409741  0.60971722  0.59549722  0.58154581  0.58154581  0.68523840  0.66950381  0.54120622  0.60971722  0.62421635  0.63900579  0.56785304  0.58154581  0.55440947  0.54120622  0.63900579  0.63900579  0.59549722  0.59549722  0.60971722  0.66950381  0.66950381  0.56785304  0.62421635  0.56785304  0.56785304  0.63900579  0.62421635  0.60971722  0.60971722  0.65409741  0.73455906  0.70131547  0.70131547  0.70131547  0.68523840  0.66950381  0.66950381  0.66950381  0.68523840  0.92777891  0.90601795  0.84433589  0.78741002  0.73455906  0.75175928  0.73455906  0.73455906  0.76936959  0.71775026  0.66950381  0.76936959  0.78741002  0.78741002  0.73455906  0.75175928  0.71775026  0.70131547  0.71775026  0.50295603  0.50295603  0.58154581  0.56785304  0.58154581  0.58154581  0.59549722  0.56785304  0.58154581  0.65409741  0.62421635  0.60971722  0.54120622  0.58154581  0.52823482  0.54120622  0.55440947  0.55440947  0.54120622  0.55440947  
31_30_0    0.78741002  0.66950381  0.75175928  0.60971722  0.50295603  0.50295603  0.70131547  0.55440947  0.55440947  0.55440947  0.60971722  0.62421635  0.60971722  0.59549722  0.62421635  0.07961188  0.00000000  0.09375653  0.26136148  0.16098986  0.21787115  0.16885246  0.18483329  0.16885246  0.20947212  0.16885246  0.20116753  0.16098986  0.26136148  0.21787115  0.24365691  0.24365691  0.27037548  0.24365691  0.51548729  0.51548729  0.51548729  0.52823482  0.52823482  0.55440947  0.49063382  0.62421635  0.62421635  0.70131547  0.71775026  0.68523840  0.66950381  0.65409741  0.71775026  0.70131547  0.66950381  0.66950381  0.66950381  0.66950381  0.65409741  0.68523840  0.71775026  0.68523840  0.70131547  0.68523840  0.71775026  0.70131547  0.62421635  0.65409741  0.68523840  0.65409741  0.65409741  0.62421635  0.65409741  0.60971722  0.63900579  0.63900579  0.86432968  0.90601795  0.88487975  0.80590211  0.71775026  0.73455906  0.71775026  0.71775026  0.71775026  0.71775026  0.70131547  0.78741002  0.80590211  0.78741002  0.78741002  0.80590211  0.73455906  0.70131547  0.76936959  0.75175928  0.76936959  0.70131547  0.76936959  0.76936959  0.58154581  0.59549722  0.80590211  0.82486906  0.84433589  0.68523840  0.56785304  0.56785304  0.55440947  0.52823482  0.65409741  0.65409741  0.65409741  0.70131547  0.70131547  0.60971722  0.59549722  0.58154581  0.60971722  0.63900579  0.65409741  0.54120622  0.58154581  0.68523840  0.70131547  0.56785304  0.58154581  0.58154581  0.59549722  0.70131547  0.66950381  0.60971722  0.60971722  0.62421635  0.68523840  0.68523840  0.58154581  0.60971722  0.62421635  0.62421635  0.66950381  0.65409741  0.63900579  0.63900579  0.68523840  0.73455906  0.70131547  0.66950381  0.66950381  0.68523840  0.63900579  0.63900579  0.73455906  0.71775026  0.86432968  0.88487975  0.88487975  0.80590211  0.76936959  0.78741002  0.78741002  0.78741002  0.80590211  0.75175928  0.70131547  0.84433589  0.86432968  0.80590211  0.75175928  0.76936959  0.73455906  0.71775026  0.73455906  0.54120622  0.54120622  0.59549722  0.58154581  0.60971722  0.59549722  0.60971722  0.66950381  0.65409741  0.73455906  0.70131547  0.68523840  0.58154581  0.63900579  0.56785304  0.58154581  0.58154581  0.58154581  0.58154581  0.59549722  
