9
99_1_0     0.00000000  0.09660433  0.11525200  0.15400576  0.15799412  0.17008868  0.18652573  0.13826203  0.14609239  
98_1_0     0.09660433  0.00000000  0.07841114  0.16200391  0.16603535  0.18652573  0.19488200  0.17826197  0.18652573  
100_1_0    0.11525200  0.07841114  0.00000000  0.17826197  0.18238241  0.19069217  0.19909547  0.16603535  0.16603535  
96_3_0     0.15400576  0.16200391  0.17826197  0.00000000  0.02300456  0.05366331  0.06065080  0.18238241  0.19069217  
97_3_0     0.15799412  0.16603535  0.18238241  0.02300456  0.00000000  0.06416923  0.07125622  0.18652573  0.19488200  
96_1_0     0.17008868  0.18652573  0.19069217  0.05366331  0.06416923  0.00000000  0.01305853  0.19069217  0.20759444  
97_1_0     0.18652573  0.19488200  0.19909547  0.06065080  0.07125622  0.01305853  0.00000000  0.19069217  0.20759444  
96_0_0     0.13826203  0.17826197  0.16603535  0.18238241  0.18652573  0.19069217  0.19069217  0.00000000  0.02634957  
97_0_0     0.14609239  0.18652573  0.16603535  0.19069217  0.19488200  0.20759444  0.20759444  0.02634957  0.00000000  

