21
80_10_0    0.00000000  0.01788012  0.02515374  0.11021872  0.10613457  0.07034855  0.07034855  0.28472439  0.26936457  0.14801699  0.14801699  0.10207263  0.09803266  0.09803266  0.09803266  0.11021872  0.11021872  0.11432531  0.11432531  0.11021872  0.10207263  
80_0_0     0.01788012  0.00000000  0.02150808  0.11432531  0.10207263  0.06647611  0.06647611  0.28991531  0.28472439  0.15233733  0.15233733  0.10613457  0.10207263  0.10207263  0.10207263  0.11432531  0.11432531  0.11021872  0.11021872  0.10613457  0.09803266  
88_0_0     0.02515374  0.02150808  0.00000000  0.11432531  0.10207263  0.06647611  0.06647611  0.26936457  0.25431422  0.14372149  0.14372149  0.11432531  0.11021872  0.11021872  0.11021872  0.12260685  0.12260685  0.11845461  0.11845461  0.11432531  0.09803266  
91_9_0     0.11021872  0.11432531  0.11432531  0.00000000  0.03991695  0.07424116  0.08208778  0.26936457  0.26431402  0.17879759  0.17879759  0.15233733  0.14801699  0.13945055  0.13945055  0.14801699  0.14801699  0.13520389  0.14372149  0.13945055  0.14801699  
74_9_0     0.10613457  0.10207263  0.10207263  0.03991695  0.00000000  0.07815417  0.07424116  0.28472439  0.27956928  0.20158706  0.20158706  0.15668280  0.14372149  0.13520389  0.13520389  0.13520389  0.13520389  0.12260685  0.13098123  0.12678231  0.12678231  
74_8_0     0.07034855  0.06647611  0.06647611  0.07424116  0.07815417  0.00000000  0.00710078  0.27956928  0.27444950  0.16105369  0.16105369  0.13098123  0.13520389  0.11845461  0.11845461  0.10613457  0.10613457  0.11021872  0.11021872  0.10613457  0.10613457  
91_8_0     0.07034855  0.06647611  0.06647611  0.08208778  0.07424116  0.00710078  0.00000000  0.28472439  0.27956928  0.16545031  0.16545031  0.13098123  0.13098123  0.11432531  0.11432531  0.10207263  0.10207263  0.10613457  0.10613457  0.10207263  0.10207263  
91_7_0     0.28472439  0.28991531  0.26936457  0.26936457  0.28472439  0.27956928  0.28472439  0.00000000  0.04365380  0.27444950  0.27444950  0.29514256  0.30040665  0.30040665  0.30040665  0.26936457  0.26936457  0.26431402  0.27444950  0.26936457  0.28472439  
74_7_0     0.26936457  0.28472439  0.25431422  0.26431402  0.27956928  0.27444950  0.27956928  0.04365380  0.00000000  0.27956928  0.27956928  0.29514256  0.30040665  0.30040665  0.30040665  0.28991531  0.28991531  0.28472439  0.29514256  0.28991531  0.28472439  
85_0_0     0.14801699  0.15233733  0.14372149  0.17879759  0.20158706  0.16105369  0.16545031  0.27444950  0.27956928  0.00000000  0.00000000  0.18783012  0.17432195  0.16545031  0.16545031  0.19697321  0.19697321  0.19697321  0.19238768  0.18783012  0.18330020  
95_0_0     0.14801699  0.15233733  0.14372149  0.17879759  0.20158706  0.16105369  0.16545031  0.27444950  0.27956928  0.00000000  0.00000000  0.18783012  0.17432195  0.16545031  0.16545031  0.19697321  0.19697321  0.19697321  0.19238768  0.18783012  0.18330020  
96_3_0     0.10207263  0.10613457  0.11432531  0.15233733  0.15668280  0.13098123  0.13098123  0.29514256  0.29514256  0.18783012  0.18783012  0.00000000  0.03249888  0.01788012  0.01788012  0.08208778  0.08208778  0.07034855  0.07034855  0.06647611  0.07424116  
75_3_0     0.09803266  0.10207263  0.11021872  0.14801699  0.14372149  0.13520389  0.13098123  0.30040665  0.30040665  0.17432195  0.17432195  0.03249888  0.00000000  0.01426970  0.01426970  0.07034855  0.07034855  0.07424116  0.07424116  0.07034855  0.07815417  
82_3_0     0.09803266  0.10207263  0.11021872  0.13945055  0.13520389  0.11845461  0.11432531  0.30040665  0.30040665  0.16545031  0.16545031  0.01788012  0.01426970  0.00000000  0.00000000  0.07034855  0.07034855  0.05879094  0.05879094  0.05497780  0.06262364  
99_3_0     0.09803266  0.10207263  0.11021872  0.13945055  0.13520389  0.11845461  0.11432531  0.30040665  0.30040665  0.16545031  0.16545031  0.01788012  0.01426970  0.00000000  0.00000000  0.07034855  0.07034855  0.05879094  0.05879094  0.05497780  0.06262364  
82_0_0     0.11021872  0.11432531  0.12260685  0.14801699  0.13520389  0.10613457  0.10207263  0.26936457  0.28991531  0.19697321  0.19697321  0.08208778  0.07034855  0.07034855  0.07034855  0.00000000  0.00000000  0.02515374  0.02515374  0.02150808  0.02881728  
99_0_0     0.11021872  0.11432531  0.12260685  0.14801699  0.13520389  0.10613457  0.10207263  0.26936457  0.28991531  0.19697321  0.19697321  0.08208778  0.07034855  0.07034855  0.07034855  0.00000000  0.00000000  0.02515374  0.02515374  0.02150808  0.02881728  
75_0_0     0.11432531  0.11021872  0.11845461  0.13520389  0.12260685  0.11021872  0.10613457  0.26431402  0.28472439  0.19697321  0.19697321  0.07034855  0.07424116  0.05879094  0.05879094  0.02515374  0.02515374  0.00000000  0.00710078  0.01067664  0.02515374  
75_4_0     0.11432531  0.11021872  0.11845461  0.14372149  0.13098123  0.11021872  0.10613457  0.27444950  0.29514256  0.19238768  0.19238768  0.07034855  0.07424116  0.05879094  0.05879094  0.02515374  0.02515374  0.00710078  0.00000000  0.01067664  0.02515374  
96_0_0     0.11021872  0.10613457  0.11432531  0.13945055  0.12678231  0.10613457  0.10207263  0.26936457  0.28991531  0.18783012  0.18783012  0.06647611  0.07034855  0.05497780  0.05497780  0.02150808  0.02150808  0.01067664  0.01067664  0.00000000  0.02150808  
96_5_0     0.10207263  0.09803266  0.09803266  0.14801699  0.12678231  0.10613457  0.10207263  0.28472439  0.28472439  0.18330020  0.18330020  0.07424116  0.07815417  0.06262364  0.06262364  0.02881728  0.02881728  0.02515374  0.02515374  0.02150808  0.00000000  

