20
20_0_0     0.00000000  0.48885912  0.52554537  0.52554537  0.51311393  0.51311393  0.50088740  0.57746540  0.59103377  0.56414076  0.52554537  0.52554537  0.52554537  0.44260635  0.38857253  0.36801490  0.44260635  0.64793415  0.63329468  0.64793415  
5_0_0      0.48885912  0.00000000  0.04451945  0.04451945  0.03152466  0.12036945  0.11314444  0.55105124  0.52554537  0.47702276  0.45390200  0.45390200  0.45390200  0.40971614  0.39906901  0.36801490  0.38857253  0.60485495  0.59103377  0.60485495  
4_0_0      0.52554537  0.04451945  0.00000000  0.00000000  0.02511164  0.09890215  0.09188226  0.56414076  0.53818869  0.48885912  0.46537230  0.46537230  0.46537230  0.36801490  0.33820873  0.32853366  0.38857253  0.56414076  0.55105124  0.56414076  
12_0_0     0.52554537  0.04451945  0.00000000  0.00000000  0.02511164  0.09890215  0.09188226  0.56414076  0.53818869  0.48885912  0.46537230  0.46537230  0.46537230  0.36801490  0.33820873  0.32853366  0.38857253  0.56414076  0.55105124  0.56414076  
10_0_0     0.51311393  0.03152466  0.02511164  0.02511164  0.00000000  0.09890215  0.09188226  0.53818869  0.51311393  0.46537230  0.44260635  0.44260635  0.44260635  0.39906901  0.36801490  0.35794586  0.37822251  0.56414076  0.55105124  0.56414076  
11_0_0     0.51311393  0.12036945  0.09890215  0.09890215  0.09890215  0.00000000  0.00619867  0.51311393  0.53818869  0.51311393  0.51311393  0.51311393  0.51311393  0.31898316  0.31898316  0.30955406  0.37822251  0.61893853  0.60485495  0.61893853  
17_0_0     0.50088740  0.11314444  0.09188226  0.09188226  0.09188226  0.00619867  0.00000000  0.52554537  0.52554537  0.50088740  0.52554537  0.52554537  0.52554537  0.32853366  0.32853366  0.31898316  0.38857253  0.63329468  0.61893853  0.63329468  
19_0_0     0.57746540  0.55105124  0.56414076  0.56414076  0.53818869  0.51311393  0.52554537  0.00000000  0.17301640  0.15758932  0.21304894  0.22132138  0.22132138  0.51311393  0.56414076  0.55105124  0.51311393  0.72580656  0.70956436  0.72580656  
8_0_0      0.59103377  0.52554537  0.53818869  0.53818869  0.51311393  0.53818869  0.52554537  0.17301640  0.00000000  0.02511164  0.21304894  0.22132138  0.22132138  0.48885912  0.55105124  0.56414076  0.50088740  0.77678258  0.75939844  0.77678258  
18_0_0     0.56414076  0.47702276  0.48885912  0.48885912  0.46537230  0.51311393  0.50088740  0.15758932  0.02511164  0.00000000  0.18085194  0.18877113  0.18877113  0.46537230  0.52554537  0.51311393  0.45390200  0.72580656  0.70956436  0.72580656  
7_0_0      0.52554537  0.45390200  0.46537230  0.46537230  0.44260635  0.51311393  0.52554537  0.21304894  0.21304894  0.18085194  0.00000000  0.00619867  0.00619867  0.46537230  0.46537230  0.48885912  0.42051832  0.64793415  0.63329468  0.64793415  
9_0_0      0.52554537  0.45390200  0.46537230  0.46537230  0.44260635  0.51311393  0.52554537  0.22132138  0.22132138  0.18877113  0.00619867  0.00000000  0.00000000  0.46537230  0.46537230  0.48885912  0.42051832  0.64793415  0.63329468  0.64793415  
13_0_0     0.52554537  0.45390200  0.46537230  0.46537230  0.44260635  0.51311393  0.52554537  0.22132138  0.22132138  0.18877113  0.00619867  0.00000000  0.00000000  0.46537230  0.46537230  0.48885912  0.42051832  0.64793415  0.63329468  0.64793415  
15_0_0     0.44260635  0.40971614  0.36801490  0.36801490  0.39906901  0.31898316  0.32853366  0.51311393  0.48885912  0.46537230  0.46537230  0.46537230  0.46537230  0.00000000  0.12036945  0.12036945  0.23814827  0.56414076  0.55105124  0.56414076  
6_0_0      0.38857253  0.39906901  0.33820873  0.33820873  0.36801490  0.31898316  0.32853366  0.56414076  0.55105124  0.52554537  0.46537230  0.46537230  0.46537230  0.12036945  0.00000000  0.06444870  0.18877113  0.56414076  0.55105124  0.56414076  
14_0_0     0.36801490  0.36801490  0.32853366  0.32853366  0.35794586  0.30955406  0.31898316  0.55105124  0.56414076  0.51311393  0.48885912  0.48885912  0.48885912  0.12036945  0.06444870  0.00000000  0.19677577  0.55105124  0.53818869  0.55105124  
16_0_0     0.44260635  0.38857253  0.38857253  0.38857253  0.37822251  0.37822251  0.38857253  0.51311393  0.50088740  0.45390200  0.42051832  0.42051832  0.42051832  0.23814827  0.18877113  0.19677577  0.00000000  0.59103377  0.57746540  0.59103377  
3_0_0      0.64793415  0.60485495  0.56414076  0.56414076  0.56414076  0.61893853  0.63329468  0.72580656  0.77678258  0.72580656  0.64793415  0.64793415  0.64793415  0.56414076  0.56414076  0.55105124  0.59103377  0.00000000  0.01244957  0.00619867  
2_0_0      0.63329468  0.59103377  0.55105124  0.55105124  0.55105124  0.60485495  0.61893853  0.70956436  0.75939844  0.70956436  0.63329468  0.63329468  0.63329468  0.55105124  0.55105124  0.53818869  0.57746540  0.01244957  0.00000000  0.00619867  
1_0_0      0.64793415  0.60485495  0.56414076  0.56414076  0.56414076  0.61893853  0.63329468  0.72580656  0.77678258  0.72580656  0.64793415  0.64793415  0.64793415  0.56414076  0.56414076  0.55105124  0.59103377  0.00619867  0.00619867  0.00000000  

