20
17_0_0     0.00000000  0.00000000  0.04089540  0.04089540  0.12350407  0.11680742  0.11680742  0.18670528  0.26399862  0.27219709  0.29735894  0.28887508  0.30594241  0.31462784  0.31462784  0.30594241  0.30594241  0.26399862  0.25589106  0.26399862  
15_0_0     0.00000000  0.00000000  0.04089540  0.04089540  0.12350407  0.11680742  0.11680742  0.18670528  0.26399862  0.27219709  0.29735894  0.28887508  0.30594241  0.31462784  0.31462784  0.30594241  0.30594241  0.26399862  0.25589106  0.26399862  
18_0_0     0.04089540  0.04089540  0.00000000  0.02308800  0.13026261  0.12350407  0.12350407  0.19407712  0.28887508  0.27219709  0.29735894  0.28887508  0.28887508  0.31462784  0.31462784  0.30594241  0.30594241  0.28048853  0.27219709  0.29735894  
14_0_0     0.04089540  0.04089540  0.02308800  0.00000000  0.14397007  0.12350407  0.12350407  0.17940702  0.28048853  0.28048853  0.28887508  0.28048853  0.28048853  0.30594241  0.30594241  0.29735894  0.29735894  0.25589106  0.24787243  0.29735894  
16_0_0     0.12350407  0.12350407  0.13026261  0.14397007  0.00000000  0.09707782  0.09707782  0.16502548  0.25589106  0.23994078  0.28048853  0.27219709  0.27219709  0.29735894  0.29735894  0.28887508  0.28887508  0.26399862  0.25589106  0.26399862  
13_0_0     0.11680742  0.11680742  0.12350407  0.12350407  0.09707782  0.00000000  0.00000000  0.15092139  0.25589106  0.24787243  0.27219709  0.28048853  0.28048853  0.28887508  0.28887508  0.28048853  0.28048853  0.26399862  0.23994078  0.28048853  
19_0_0     0.11680742  0.11680742  0.12350407  0.12350407  0.09707782  0.00000000  0.00000000  0.15092139  0.25589106  0.24787243  0.27219709  0.28048853  0.28048853  0.28887508  0.28887508  0.28048853  0.28048853  0.26399862  0.23994078  0.28048853  
20_0_0     0.18670528  0.18670528  0.19407712  0.17940702  0.16502548  0.15092139  0.15092139  0.00000000  0.26399862  0.26399862  0.28048853  0.28887508  0.29735894  0.28048853  0.28048853  0.28887508  0.30594241  0.21664939  0.22433104  0.27219709  
7_0_0      0.26399862  0.26399862  0.28887508  0.28048853  0.25589106  0.25589106  0.25589106  0.26399862  0.00000000  0.11680742  0.17940702  0.19407712  0.18670528  0.19407712  0.20904761  0.18670528  0.19407712  0.17940702  0.17218089  0.21664939  
10_0_0     0.27219709  0.27219709  0.27219709  0.28048853  0.23994078  0.24787243  0.24787243  0.26399862  0.11680742  0.00000000  0.09061785  0.10359538  0.09707782  0.10359538  0.11680742  0.09707782  0.11017156  0.09707782  0.11017156  0.16502548  
1_0_0      0.29735894  0.29735894  0.29735894  0.28887508  0.28048853  0.27219709  0.27219709  0.28048853  0.17940702  0.09061785  0.00000000  0.02308800  0.06533403  0.02308800  0.03491128  0.02897574  0.04089540  0.17218089  0.17218089  0.18670528  
8_0_0      0.28887508  0.28887508  0.28887508  0.28048853  0.27219709  0.28048853  0.28048853  0.28887508  0.19407712  0.10359538  0.02308800  0.00000000  0.06533403  0.04692891  0.05914737  0.04089540  0.05301261  0.17218089  0.17218089  0.18670528  
5_0_0      0.30594241  0.30594241  0.28887508  0.28048853  0.27219709  0.28048853  0.28048853  0.29735894  0.18670528  0.09707782  0.06533403  0.06533403  0.00000000  0.05301261  0.06533403  0.04692891  0.05914737  0.15092139  0.17940702  0.20904761  
2_0_0      0.31462784  0.31462784  0.31462784  0.30594241  0.29735894  0.28887508  0.28887508  0.28048853  0.19407712  0.10359538  0.02308800  0.04692891  0.05301261  0.00000000  0.01145287  0.00570401  0.01724729  0.17218089  0.17218089  0.20152405  
12_0_0     0.31462784  0.31462784  0.31462784  0.30594241  0.29735894  0.28887508  0.28887508  0.28048853  0.20904761  0.11680742  0.03491128  0.05914737  0.06533403  0.01145287  0.00000000  0.01724729  0.02897574  0.17218089  0.18670528  0.18670528  
4_0_0      0.30594241  0.30594241  0.30594241  0.29735894  0.28887508  0.28048853  0.28048853  0.28887508  0.18670528  0.09707782  0.02897574  0.04089540  0.04692891  0.00570401  0.01724729  0.00000000  0.01145287  0.16502548  0.16502548  0.19407712  
11_0_0     0.30594241  0.30594241  0.30594241  0.29735894  0.28887508  0.28048853  0.28048853  0.30594241  0.19407712  0.11017156  0.04089540  0.05301261  0.05914737  0.01724729  0.02897574  0.01145287  0.00000000  0.17940702  0.17940702  0.20904761  
3_0_0      0.26399862  0.26399862  0.28048853  0.25589106  0.26399862  0.26399862  0.26399862  0.21664939  0.17940702  0.09707782  0.17218089  0.17218089  0.15092139  0.17218089  0.17218089  0.16502548  0.17940702  0.00000000  0.03491128  0.11017156  
6_0_0      0.25589106  0.25589106  0.27219709  0.24787243  0.25589106  0.23994078  0.23994078  0.22433104  0.17218089  0.11017156  0.17218089  0.17218089  0.17940702  0.17218089  0.18670528  0.16502548  0.17940702  0.03491128  0.00000000  0.12350407  
9_0_0      0.26399862  0.26399862  0.29735894  0.29735894  0.26399862  0.28048853  0.28048853  0.27219709  0.21664939  0.16502548  0.18670528  0.18670528  0.20904761  0.20152405  0.18670528  0.19407712  0.20904761  0.11017156  0.12350407  0.00000000  

