20
1_0_0      0.00000000  0.00972656  0.17994534  0.43695626  0.41955153  0.41100285  0.41955153  0.47306681  0.45478754  0.45478754  0.48238159  0.56153201  0.47306681  0.47306681  0.46386978  0.47306681  0.36171835  0.36171835  0.35381931  0.41955153  
2_0_0      0.00972656  0.00000000  0.17994534  0.43695626  0.41100285  0.40255343  0.41100285  0.46386978  0.45478754  0.45478754  0.48238159  0.57205980  0.47306681  0.47306681  0.46386978  0.47306681  0.36171835  0.35381931  0.35381931  0.41955153  
3_0_0      0.17994534  0.17994534  0.00000000  0.44581728  0.47306681  0.45478754  0.44581728  0.47306681  0.49181717  0.49181717  0.50137672  0.55115437  0.49181717  0.51106354  0.46386978  0.51106354  0.41955153  0.40255343  0.41100285  0.49181717  
5_0_0      0.43695626  0.43695626  0.44581728  0.00000000  0.10925662  0.10925662  0.10366454  0.11489201  0.55115437  0.55115437  0.56153201  0.60458921  0.57205980  0.57205980  0.54092267  0.56153201  0.48238159  0.45478754  0.47306681  0.50137672  
17_0_0     0.41955153  0.41100285  0.47306681  0.10925662  0.00000000  0.02456463  0.02957866  0.06567906  0.54092267  0.54092267  0.58274215  0.65035556  0.55115437  0.56153201  0.54092267  0.56153201  0.47306681  0.44581728  0.46386978  0.49181717  
14_0_0     0.41100285  0.40255343  0.45478754  0.10925662  0.02456463  0.00000000  0.01463904  0.04998764  0.55115437  0.55115437  0.59358369  0.63864127  0.56153201  0.57205980  0.55115437  0.57205980  0.48238159  0.45478754  0.47306681  0.50137672  
6_0_0      0.41955153  0.41100285  0.44581728  0.10366454  0.02957866  0.01463904  0.00000000  0.03462749  0.55115437  0.55115437  0.58274215  0.62711260  0.54092267  0.55115437  0.53083286  0.57205980  0.47306681  0.44581728  0.46386978  0.51106354  
11_0_0     0.47306681  0.46386978  0.47306681  0.11489201  0.06567906  0.04998764  0.03462749  0.00000000  0.56153201  0.56153201  0.59358369  0.65035556  0.57205980  0.58274215  0.53083286  0.60458921  0.51106354  0.46386978  0.48238159  0.53083286  
8_0_0      0.45478754  0.45478754  0.49181717  0.55115437  0.54092267  0.55115437  0.55115437  0.56153201  0.00000000  0.00972656  0.04483148  0.13788045  0.06567906  0.05518061  0.09260770  0.07098565  0.49181717  0.47306681  0.47306681  0.51106354  
20_0_0     0.45478754  0.45478754  0.49181717  0.55115437  0.54092267  0.55115437  0.55115437  0.56153201  0.00972656  0.00000000  0.05518061  0.14965290  0.07633122  0.06567906  0.10366454  0.08171636  0.49181717  0.47306681  0.47306681  0.51106354  
15_0_0     0.48238159  0.48238159  0.50137672  0.56153201  0.58274215  0.59358369  0.58274215  0.59358369  0.04483148  0.05518061  0.00000000  0.14965290  0.07633122  0.06567906  0.10366454  0.08714165  0.50137672  0.48238159  0.50137672  0.50137672  
9_0_0      0.56153201  0.57205980  0.55115437  0.60458921  0.65035556  0.63864127  0.62711260  0.65035556  0.13788045  0.14965290  0.14965290  0.00000000  0.13206489  0.10925662  0.15561134  0.12629545  0.52088106  0.56153201  0.54092267  0.52088106  
16_0_0     0.47306681  0.47306681  0.49181717  0.57205980  0.55115437  0.56153201  0.54092267  0.57205980  0.06567906  0.07633122  0.07633122  0.13206489  0.00000000  0.02957866  0.06567906  0.04483148  0.47306681  0.47306681  0.47306681  0.49181717  
7_0_0      0.47306681  0.47306681  0.51106354  0.57205980  0.56153201  0.57205980  0.55115437  0.58274215  0.05518061  0.06567906  0.06567906  0.10925662  0.02957866  0.00000000  0.04483148  0.03462749  0.48238159  0.48238159  0.48238159  0.50137672  
18_0_0     0.46386978  0.46386978  0.46386978  0.54092267  0.54092267  0.55115437  0.53083286  0.53083286  0.09260770  0.10366454  0.10366454  0.15561134  0.06567906  0.04483148  0.00000000  0.08171636  0.50137672  0.50137672  0.50137672  0.53083286  
19_0_0     0.47306681  0.47306681  0.51106354  0.56153201  0.56153201  0.57205980  0.57205980  0.60458921  0.07098565  0.08171636  0.08714165  0.12629545  0.04483148  0.03462749  0.08171636  0.00000000  0.47306681  0.47306681  0.47306681  0.47306681  
13_0_0     0.36171835  0.36171835  0.41955153  0.48238159  0.47306681  0.48238159  0.47306681  0.51106354  0.49181717  0.49181717  0.50137672  0.52088106  0.47306681  0.48238159  0.50137672  0.47306681  0.00000000  0.04483148  0.02957866  0.08171636  
10_0_0     0.36171835  0.35381931  0.40255343  0.45478754  0.44581728  0.45478754  0.44581728  0.46386978  0.47306681  0.47306681  0.48238159  0.56153201  0.47306681  0.48238159  0.50137672  0.47306681  0.04483148  0.00000000  0.01463904  0.09260770  
12_0_0     0.35381931  0.35381931  0.41100285  0.47306681  0.46386978  0.47306681  0.46386978  0.48238159  0.47306681  0.47306681  0.50137672  0.54092267  0.47306681  0.48238159  0.50137672  0.47306681  0.02957866  0.01463904  0.00000000  0.09260770  
4_0_0      0.41955153  0.41955153  0.49181717  0.50137672  0.49181717  0.50137672  0.51106354  0.53083286  0.51106354  0.51106354  0.50137672  0.52088106  0.49181717  0.50137672  0.53083286  0.47306681  0.08171636  0.09260770  0.09260770  0.00000000  

