17
9_0_0      0.00000000  0.07050911  0.09050003  0.06071194  0.05586141  0.11627025  0.11104416  0.10070104  0.29308388  0.32712642  0.29976866  0.29976866  0.30651417  0.29308388  0.32019190  0.32019190  0.32019190  
16_0_0     0.07050911  0.00000000  0.08043729  0.05586141  0.07545661  0.10585459  0.09050003  0.09558302  0.29976866  0.33412633  0.32712642  0.27989221  0.28645875  0.26053404  0.26693085  0.30651417  0.30651417  
18_0_0     0.09050003  0.08043729  0.00000000  0.07050911  0.10070104  0.10585459  0.10070104  0.10585459  0.28645875  0.31332154  0.29308388  0.28645875  0.29308388  0.27338325  0.27989221  0.33412633  0.32019190  
7_0_0      0.06071194  0.05586141  0.07050911  0.00000000  0.07050911  0.10585459  0.11104416  0.11627025  0.32019190  0.34832730  0.32712642  0.29308388  0.29976866  0.29976866  0.30651417  0.33412633  0.33412633  
19_0_0     0.05586141  0.07545661  0.10070104  0.07050911  0.00000000  0.08545161  0.09050003  0.07545661  0.28645875  0.29308388  0.29308388  0.29308388  0.28645875  0.27338325  0.32712642  0.31332154  0.31332154  
15_0_0     0.11627025  0.10585459  0.10585459  0.10585459  0.08545161  0.00000000  0.03677012  0.03207302  0.27989221  0.28645875  0.27989221  0.27989221  0.28645875  0.26053404  0.28645875  0.28645875  0.28645875  
20_0_0     0.11104416  0.09050003  0.10070104  0.11104416  0.09050003  0.03677012  0.00000000  0.01357629  0.28645875  0.30651417  0.29976866  0.28645875  0.29308388  0.24166780  0.26693085  0.26693085  0.26693085  
8_0_0      0.10070104  0.09558302  0.10585459  0.11627025  0.07545661  0.03207302  0.01357629  0.00000000  0.27989221  0.29308388  0.28645875  0.28645875  0.29308388  0.24790343  0.28645875  0.28645875  0.28645875  
5_0_0      0.29308388  0.29976866  0.28645875  0.32019190  0.28645875  0.27989221  0.28645875  0.27989221  0.00000000  0.08043729  0.07545661  0.08043729  0.07545661  0.25419188  0.28645875  0.27989221  0.28645875  
17_0_0     0.32712642  0.33412633  0.31332154  0.34832730  0.29308388  0.28645875  0.30651417  0.29308388  0.08043729  0.00000000  0.02740546  0.04149712  0.03677012  0.27989221  0.31332154  0.32019190  0.31332154  
14_0_0     0.29976866  0.32712642  0.29308388  0.32712642  0.29308388  0.27989221  0.29976866  0.28645875  0.07545661  0.02740546  0.00000000  0.04149712  0.03677012  0.27338325  0.31332154  0.31332154  0.30651417  
6_0_0      0.29976866  0.27989221  0.28645875  0.29308388  0.29308388  0.27989221  0.28645875  0.28645875  0.08043729  0.04149712  0.04149712  0.00000000  0.01357629  0.24790343  0.28645875  0.29308388  0.29976866  
11_0_0     0.30651417  0.28645875  0.29308388  0.29976866  0.28645875  0.28645875  0.29308388  0.29308388  0.07545661  0.03677012  0.03677012  0.01357629  0.00000000  0.24790343  0.27338325  0.29308388  0.28645875  
4_0_0      0.29308388  0.26053404  0.27338325  0.29976866  0.27338325  0.26053404  0.24166780  0.24790343  0.25419188  0.27989221  0.27338325  0.24790343  0.24790343  0.00000000  0.07545661  0.10070104  0.09050003  
13_0_0     0.32019190  0.26693085  0.27989221  0.30651417  0.32712642  0.28645875  0.26693085  0.28645875  0.28645875  0.31332154  0.31332154  0.28645875  0.27338325  0.07545661  0.00000000  0.04625440  0.02740546  
12_0_0     0.32019190  0.30651417  0.33412633  0.33412633  0.31332154  0.28645875  0.26693085  0.28645875  0.27989221  0.32019190  0.31332154  0.29308388  0.29308388  0.10070104  0.04625440  0.00000000  0.01815745  
10_0_0     0.32019190  0.30651417  0.32019190  0.33412633  0.31332154  0.28645875  0.26693085  0.28645875  0.28645875  0.31332154  0.30651417  0.29976866  0.28645875  0.09050003  0.02740546  0.01815745  0.00000000  

