132
49_1_0     0.00000000  0.03699342  0.09914889  0.37456566  0.36605648  0.37456566  0.36605648  0.38317400  0.41864692  0.38317400  0.44641611  0.42778783  0.47527000  0.41864692  0.40961773  0.44641611  0.46552628  0.44641611  0.43704325  0.47527000  0.54733073  0.50529680  0.54733073  0.30908797  0.31696227  0.37456566  0.38317400  0.34932661  0.34110163  0.33296722  0.46552628  0.45590941  0.40069757  0.39188383  0.38317400  0.38317400  0.43704325  0.43704325  0.40069757  0.39188383  0.40069757  0.49515166  0.40961773  0.40961773  0.40069757  0.42778783  0.40069757  0.40961773  0.48514395  0.48514395  0.38317400  0.40961773  0.40069757  0.34932661  0.32492140  0.35764419  0.35764419  0.34110163  0.40069757  0.37456566  0.40069757  0.41864692  0.43704325  0.37456566  0.37456566  0.40069757  0.40961773  0.40961773  0.41864692  0.41864692  0.45590941  0.40961773  0.40069757  0.40069757  0.38317400  0.40069757  0.40069757  0.40069757  0.40069757  0.40069757  0.39188383  0.40069757  0.43704325  0.42778783  0.47527000  0.41864692  0.41864692  0.41864692  0.41864692  0.45590941  0.44641611  0.44641611  0.46552628  0.45590941  0.43704325  0.40961773  0.46552628  0.45590941  0.42778783  0.36605648  0.39188383  0.40961773  0.42778783  0.35764419  0.34932661  0.37456566  0.40069757  0.38317400  0.34110163  0.33296722  0.36605648  0.39188383  0.38317400  0.36605648  0.40069757  0.39188383  0.34932661  0.43704325  0.41864692  0.38317400  0.40069757  0.44641611  0.46552628  0.53659592  0.48514395  0.50529680  0.50529680  0.50529680  0.49515166  0.52601485  0.52601485  0.53659592  
79_1_0     0.03699342  0.00000000  0.09327728  0.37456566  0.38317400  0.37456566  0.39188383  0.40961773  0.42778783  0.39188383  0.47527000  0.45590941  0.50529680  0.44641611  0.40069757  0.43704325  0.45590941  0.43704325  0.44641611  0.46552628  0.53659592  0.49515166  0.53659592  0.31696227  0.32492140  0.38317400  0.39188383  0.35764419  0.34932661  0.34110163  0.45590941  0.44641611  0.37456566  0.40069757  0.39188383  0.39188383  0.44641611  0.42778783  0.41864692  0.40961773  0.40069757  0.48514395  0.40069757  0.38317400  0.37456566  0.43704325  0.40961773  0.40069757  0.45590941  0.45590941  0.37456566  0.36605648  0.39188383  0.34110163  0.31696227  0.34932661  0.34932661  0.33296722  0.39188383  0.36605648  0.39188383  0.44641611  0.42778783  0.37456566  0.37456566  0.40069757  0.40961773  0.40961773  0.40069757  0.41864692  0.44641611  0.39188383  0.40069757  0.40069757  0.38317400  0.40069757  0.40069757  0.40069757  0.40069757  0.40069757  0.39188383  0.40069757  0.47527000  0.42778783  0.45590941  0.41864692  0.41864692  0.41864692  0.41864692  0.45590941  0.44641611  0.44641611  0.46552628  0.45590941  0.43704325  0.40961773  0.46552628  0.43704325  0.40961773  0.38317400  0.40961773  0.39188383  0.40961773  0.37456566  0.36605648  0.40069757  0.40961773  0.39188383  0.36605648  0.35764419  0.39188383  0.41864692  0.40961773  0.39188383  0.42778783  0.41864692  0.35764419  0.46552628  0.44641611  0.39188383  0.40961773  0.43704325  0.47527000  0.52601485  0.47527000  0.49515166  0.49515166  0.49515166  0.48514395  0.51558320  0.51558320  0.56927996  
57_1_0     0.09914889  0.09327728  0.00000000  0.34932661  0.34110163  0.37456566  0.39188383  0.45590941  0.49515166  0.46552628  0.48514395  0.46552628  0.51558320  0.48514395  0.47527000  0.49515166  0.51558320  0.49515166  0.48514395  0.52601485  0.59190133  0.54733073  0.59190133  0.37456566  0.38317400  0.39188383  0.40069757  0.38317400  0.37456566  0.36605648  0.55822383  0.54733073  0.41864692  0.42778783  0.41864692  0.46552628  0.41864692  0.46552628  0.42778783  0.43704325  0.44641611  0.54733073  0.43704325  0.45590941  0.44641611  0.48514395  0.49515166  0.40069757  0.43704325  0.45590941  0.38317400  0.39188383  0.43704325  0.36605648  0.32492140  0.37456566  0.37456566  0.35764419  0.41864692  0.35764419  0.47527000  0.49515166  0.43704325  0.43704325  0.43704325  0.46552628  0.43704325  0.47527000  0.44641611  0.44641611  0.46552628  0.41864692  0.44641611  0.42778783  0.40961773  0.44641611  0.44641611  0.44641611  0.44641611  0.45590941  0.45590941  0.46552628  0.49515166  0.46552628  0.46552628  0.46552628  0.46552628  0.44641611  0.44641611  0.46552628  0.47527000  0.49515166  0.50529680  0.48514395  0.44641611  0.41864692  0.43704325  0.46552628  0.43704325  0.40961773  0.43704325  0.45590941  0.47527000  0.47527000  0.46552628  0.41864692  0.42778783  0.40961773  0.40069757  0.39188383  0.40961773  0.41864692  0.42778783  0.40961773  0.44641611  0.43704325  0.35764419  0.46552628  0.44641611  0.40961773  0.42778783  0.43704325  0.45590941  0.55822383  0.48514395  0.52601485  0.52601485  0.52601485  0.51558320  0.54733073  0.54733073  0.49515166  
49_0_0     0.37456566  0.37456566  0.34932661  0.00000000  0.02623350  0.05343296  0.18666373  0.58050407  0.53659592  0.51558320  0.52601485  0.52601485  0.51558320  0.49515166  0.48514395  0.50529680  0.49515166  0.47527000  0.44641611  0.47527000  0.47527000  0.45590941  0.46552628  0.44641611  0.45590941  0.43704325  0.46552628  0.42778783  0.41864692  0.40961773  0.49515166  0.48514395  0.48514395  0.46552628  0.46552628  0.46552628  0.52601485  0.59190133  0.50529680  0.45590941  0.48514395  0.44641611  0.36605648  0.35764419  0.35764419  0.29358676  0.34932661  0.39188383  0.41864692  0.45590941  0.34932661  0.37456566  0.37456566  0.33296722  0.30908797  0.34110163  0.34110163  0.34110163  0.34932661  0.34110163  0.35764419  0.39188383  0.39188383  0.41864692  0.41864692  0.41864692  0.40961773  0.42778783  0.44641611  0.42778783  0.44641611  0.42778783  0.42778783  0.41864692  0.40069757  0.42778783  0.42778783  0.43704325  0.42778783  0.42778783  0.41864692  0.42778783  0.45590941  0.43704325  0.52601485  0.43704325  0.43704325  0.39188383  0.39188383  0.35764419  0.36605648  0.41864692  0.44641611  0.43704325  0.43704325  0.46552628  0.40961773  0.37456566  0.36605648  0.39188383  0.41864692  0.40961773  0.40961773  0.40961773  0.40069757  0.39188383  0.40069757  0.41864692  0.37456566  0.38317400  0.34932661  0.38317400  0.38317400  0.36605648  0.38317400  0.37456566  0.41864692  0.43704325  0.41864692  0.44641611  0.47527000  0.53659592  0.55822383  0.49515166  0.48514395  0.52601485  0.52601485  0.52601485  0.45590941  0.46552628  0.46552628  0.43704325  
56_0_0     0.36605648  0.38317400  0.34110163  0.02623350  0.00000000  0.07024667  0.18005699  0.55822383  0.52601485  0.50529680  0.51558320  0.51558320  0.50529680  0.52601485  0.51558320  0.53659592  0.52601485  0.52601485  0.49515166  0.50529680  0.48514395  0.48514395  0.49515166  0.41864692  0.42778783  0.42778783  0.43704325  0.41864692  0.40961773  0.40069757  0.49515166  0.48514395  0.43704325  0.41864692  0.41864692  0.45590941  0.49515166  0.55822383  0.49515166  0.42778783  0.47527000  0.43704325  0.37456566  0.39188383  0.39188383  0.31696227  0.37456566  0.41864692  0.44641611  0.48514395  0.37456566  0.40069757  0.38317400  0.35764419  0.33296722  0.36605648  0.36605648  0.36605648  0.34110163  0.31696227  0.36605648  0.40069757  0.40069757  0.44641611  0.44641611  0.44641611  0.41864692  0.45590941  0.47527000  0.45590941  0.47527000  0.45590941  0.43704325  0.46552628  0.44641611  0.45590941  0.45590941  0.46552628  0.45590941  0.44641611  0.44641611  0.45590941  0.48514395  0.44641611  0.54733073  0.46552628  0.46552628  0.41864692  0.41864692  0.38317400  0.39188383  0.44641611  0.47527000  0.48514395  0.44641611  0.45590941  0.40069757  0.40069757  0.39188383  0.41864692  0.44641611  0.43704325  0.43704325  0.41864692  0.40961773  0.40961773  0.41864692  0.43704325  0.39188383  0.40069757  0.38317400  0.38317400  0.40069757  0.38317400  0.41864692  0.40961773  0.43704325  0.45590941  0.43704325  0.44641611  0.49515166  0.55822383  0.55822383  0.50529680  0.51558320  0.55822383  0.55822383  0.55822383  0.48514395  0.51558320  0.51558320  0.46552628  
79_0_0     0.37456566  0.37456566  0.37456566  0.05343296  0.07024667  0.00000000  0.20005716  0.52601485  0.49515166  0.49515166  0.50529680  0.50529680  0.49515166  0.49515166  0.46552628  0.48514395  0.49515166  0.47527000  0.44641611  0.47527000  0.43704325  0.41864692  0.44641611  0.46552628  0.47527000  0.43704325  0.44641611  0.42778783  0.41864692  0.42778783  0.50529680  0.49515166  0.48514395  0.48514395  0.46552628  0.44641611  0.45590941  0.58050407  0.45590941  0.40961773  0.43704325  0.44641611  0.36605648  0.35764419  0.36605648  0.34110163  0.38317400  0.45590941  0.46552628  0.50529680  0.34932661  0.37456566  0.37456566  0.34932661  0.30908797  0.34110163  0.34110163  0.34110163  0.34932661  0.34110163  0.35764419  0.39188383  0.39188383  0.45590941  0.45590941  0.43704325  0.42778783  0.48514395  0.46552628  0.44641611  0.48514395  0.46552628  0.42778783  0.43704325  0.41864692  0.44641611  0.44641611  0.45590941  0.46552628  0.46552628  0.45590941  0.44641611  0.43704325  0.41864692  0.54733073  0.45590941  0.45590941  0.42778783  0.42778783  0.39188383  0.40069757  0.41864692  0.44641611  0.45590941  0.47527000  0.46552628  0.44641611  0.42778783  0.41864692  0.40961773  0.43704325  0.40961773  0.40961773  0.44641611  0.43704325  0.39188383  0.40069757  0.41864692  0.37456566  0.38317400  0.33296722  0.36605648  0.38317400  0.36605648  0.38317400  0.37456566  0.41864692  0.41864692  0.40069757  0.43704325  0.48514395  0.50529680  0.52601485  0.47527000  0.50529680  0.54733073  0.54733073  0.54733073  0.47527000  0.48514395  0.48514395  0.50529680  
57_0_0     0.36605648  0.39188383  0.39188383  0.18666373  0.18005699  0.20005716  0.00000000  0.50529680  0.51558320  0.51558320  0.52601485  0.52601485  0.55822383  0.42778783  0.43704325  0.47527000  0.48514395  0.48514395  0.47527000  0.46552628  0.42778783  0.42778783  0.47527000  0.42778783  0.43704325  0.42778783  0.43704325  0.40961773  0.42778783  0.40069757  0.45590941  0.44641611  0.42778783  0.44641611  0.44641611  0.41864692  0.54733073  0.53659592  0.44641611  0.45590941  0.50529680  0.41864692  0.33296722  0.41864692  0.40069757  0.36605648  0.35764419  0.45590941  0.48514395  0.48514395  0.40961773  0.45590941  0.41864692  0.40961773  0.40069757  0.41864692  0.41864692  0.40069757  0.39188383  0.38317400  0.45590941  0.47527000  0.46552628  0.38317400  0.38317400  0.40069757  0.37456566  0.42778783  0.43704325  0.43704325  0.43704325  0.42778783  0.39188383  0.40961773  0.39188383  0.40961773  0.40961773  0.40069757  0.43704325  0.39188383  0.39188383  0.40069757  0.40069757  0.45590941  0.45590941  0.43704325  0.43704325  0.41864692  0.41864692  0.45590941  0.44641611  0.40961773  0.47527000  0.46552628  0.46552628  0.47527000  0.41864692  0.42778783  0.39188383  0.40961773  0.43704325  0.41864692  0.41864692  0.43704325  0.44641611  0.38317400  0.34110163  0.37456566  0.36605648  0.35764419  0.32492140  0.39188383  0.40961773  0.35764419  0.42778783  0.41864692  0.40961773  0.42778783  0.40961773  0.44641611  0.43704325  0.52601485  0.52601485  0.47527000  0.48514395  0.50529680  0.50529680  0.50529680  0.45590941  0.47527000  0.47527000  0.54733073  
92_0_0     0.38317400  0.40961773  0.45590941  0.58050407  0.55822383  0.52601485  0.50529680  0.00000000  0.22759524  0.20005716  0.40069757  0.38317400  0.40961773  0.22061389  0.21369790  0.24175903  0.25619969  0.27092826  0.27840414  0.26352727  0.22759524  0.23464319  0.25619969  0.31696227  0.32492140  0.33296722  0.34110163  0.34110163  0.33296722  0.34932661  0.39188383  0.39188383  0.37456566  0.40069757  0.37456566  0.42778783  0.34110163  0.40961773  0.34932661  0.34110163  0.35764419  0.38317400  0.40069757  0.34932661  0.35764419  0.37456566  0.36605648  0.40069757  0.45590941  0.48514395  0.45590941  0.44641611  0.40961773  0.40069757  0.43704325  0.40961773  0.40961773  0.39188383  0.39188383  0.43704325  0.47527000  0.45590941  0.50529680  0.45590941  0.45590941  0.46552628  0.49515166  0.47527000  0.43704325  0.44641611  0.45590941  0.43704325  0.44641611  0.44641611  0.46552628  0.42778783  0.44641611  0.44641611  0.41864692  0.46552628  0.44641611  0.45590941  0.44641611  0.45590941  0.48514395  0.46552628  0.48514395  0.52601485  0.52601485  0.53659592  0.53659592  0.49515166  0.43704325  0.44641611  0.48514395  0.46552628  0.48514395  0.46552628  0.43704325  0.44641611  0.45590941  0.41864692  0.40069757  0.40069757  0.40961773  0.39188383  0.36605648  0.38317400  0.32492140  0.31696227  0.36605648  0.37456566  0.34932661  0.36605648  0.39188383  0.39188383  0.38317400  0.38317400  0.38317400  0.40069757  0.34110163  0.42778783  0.40961773  0.51558320  0.61523732  0.60347719  0.60347719  0.60347719  0.55822383  0.67702149  0.67702149  0.62718769  
71_15_0    0.41864692  0.42778783  0.49515166  0.53659592  0.52601485  0.49515166  0.51558320  0.22759524  0.00000000  0.03159387  0.34932661  0.36605648  0.35764419  0.16058403  0.11704902  0.15420545  0.14161119  0.14161119  0.14788148  0.14788148  0.21369790  0.19333010  0.21369790  0.28595645  0.29358676  0.30908797  0.33296722  0.31696227  0.31696227  0.35764419  0.32492140  0.31696227  0.31696227  0.34110163  0.33296722  0.34110163  0.32492140  0.39188383  0.31696227  0.34932661  0.37456566  0.28595645  0.34110163  0.30129671  0.33296722  0.32492140  0.31696227  0.41864692  0.47527000  0.48514395  0.34932661  0.40961773  0.34932661  0.34932661  0.38317400  0.34110163  0.34110163  0.37456566  0.34932661  0.37456566  0.37456566  0.33296722  0.39188383  0.40069757  0.40069757  0.39188383  0.41864692  0.40069757  0.44641611  0.46552628  0.46552628  0.43704325  0.41864692  0.40961773  0.42778783  0.40961773  0.40961773  0.39188383  0.40961773  0.43704325  0.41864692  0.40961773  0.37456566  0.36605648  0.39188383  0.39188383  0.40961773  0.44641611  0.44641611  0.43704325  0.43704325  0.43704325  0.36605648  0.42778783  0.39188383  0.38317400  0.48514395  0.45590941  0.40961773  0.40961773  0.40069757  0.40069757  0.38317400  0.34110163  0.36605648  0.32492140  0.34932661  0.34932661  0.27840414  0.28595645  0.33296722  0.31696227  0.30129671  0.30129671  0.34932661  0.34110163  0.32492140  0.32492140  0.32492140  0.33296722  0.36605648  0.35764419  0.39188383  0.46552628  0.55822383  0.51558320  0.51558320  0.51558320  0.50529680  0.56927996  0.56927996  0.52601485  
36_15_0    0.38317400  0.39188383  0.46552628  0.51558320  0.50529680  0.49515166  0.51558320  0.20005716  0.03159387  0.00000000  0.34932661  0.34932661  0.34110163  0.14788148  0.11704902  0.15420545  0.14161119  0.14161119  0.14788148  0.14788148  0.22061389  0.20005716  0.22061389  0.30129671  0.30908797  0.27840414  0.31696227  0.29358676  0.28595645  0.32492140  0.30908797  0.30129671  0.30129671  0.32492140  0.31696227  0.35764419  0.32492140  0.37456566  0.30129671  0.33296722  0.35764419  0.31696227  0.32492140  0.30129671  0.33296722  0.32492140  0.31696227  0.38317400  0.43704325  0.46552628  0.31696227  0.37456566  0.31696227  0.31696227  0.34932661  0.30908797  0.30908797  0.34110163  0.33296722  0.37456566  0.34110163  0.34932661  0.37456566  0.40069757  0.40069757  0.39188383  0.41864692  0.40069757  0.40961773  0.42778783  0.44641611  0.41864692  0.40069757  0.39188383  0.40961773  0.39188383  0.39188383  0.39188383  0.39188383  0.43704325  0.41864692  0.40961773  0.39188383  0.36605648  0.39188383  0.39188383  0.40961773  0.46552628  0.46552628  0.45590941  0.45590941  0.45590941  0.38317400  0.40961773  0.37456566  0.36605648  0.46552628  0.43704325  0.39188383  0.40961773  0.40069757  0.40069757  0.38317400  0.32492140  0.34932661  0.32492140  0.33296722  0.33296722  0.26352727  0.27092826  0.31696227  0.30129671  0.27092826  0.28595645  0.31696227  0.30908797  0.30908797  0.30908797  0.30908797  0.32492140  0.34110163  0.38317400  0.40069757  0.45590941  0.54733073  0.49515166  0.49515166  0.49515166  0.51558320  0.58050407  0.58050407  0.51558320  
70_15_0    0.44641611  0.47527000  0.48514395  0.52601485  0.51558320  0.50529680  0.52601485  0.40069757  0.34932661  0.34932661  0.00000000  0.01038189  0.03699342  0.30908797  0.29358676  0.34110163  0.34110163  0.34110163  0.35764419  0.31696227  0.40069757  0.39188383  0.39188383  0.38317400  0.37456566  0.40069757  0.38317400  0.39188383  0.39188383  0.41864692  0.45590941  0.45590941  0.41864692  0.43704325  0.40069757  0.46552628  0.40961773  0.47527000  0.42778783  0.39188383  0.40961773  0.46552628  0.40069757  0.41864692  0.40069757  0.41864692  0.43704325  0.42778783  0.48514395  0.50529680  0.43704325  0.45590941  0.37456566  0.41864692  0.40961773  0.40961773  0.40961773  0.40961773  0.42778783  0.43704325  0.49515166  0.42778783  0.48514395  0.51558320  0.51558320  0.51558320  0.51558320  0.51558320  0.56927996  0.58050407  0.59190133  0.53659592  0.50529680  0.51558320  0.49515166  0.49515166  0.47527000  0.48514395  0.50529680  0.49515166  0.47527000  0.46552628  0.46552628  0.50529680  0.50529680  0.46552628  0.46552628  0.53659592  0.53659592  0.52601485  0.52601485  0.52601485  0.49515166  0.53659592  0.51558320  0.48514395  0.51558320  0.49515166  0.45590941  0.47527000  0.48514395  0.45590941  0.45590941  0.44641611  0.45590941  0.39188383  0.41864692  0.38317400  0.40961773  0.40069757  0.41864692  0.39188383  0.41864692  0.40069757  0.44641611  0.43704325  0.40069757  0.44641611  0.42778783  0.41864692  0.41864692  0.42778783  0.43704325  0.51558320  0.54733073  0.60347719  0.60347719  0.60347719  0.58050407  0.58050407  0.58050407  0.60347719  
81_15_0    0.42778783  0.45590941  0.46552628  0.52601485  0.51558320  0.50529680  0.52601485  0.38317400  0.36605648  0.34932661  0.01038189  0.00000000  0.03699342  0.29358676  0.29358676  0.34110163  0.34110163  0.34110163  0.35764419  0.31696227  0.40069757  0.39188383  0.40961773  0.38317400  0.37456566  0.38317400  0.38317400  0.38317400  0.37456566  0.40069757  0.45590941  0.45590941  0.41864692  0.43704325  0.40069757  0.46552628  0.41864692  0.47527000  0.43704325  0.39188383  0.40961773  0.46552628  0.40069757  0.43704325  0.41864692  0.41864692  0.41864692  0.42778783  0.50529680  0.52601485  0.43704325  0.43704325  0.37456566  0.41864692  0.39188383  0.40961773  0.40961773  0.40961773  0.42778783  0.45590941  0.49515166  0.42778783  0.48514395  0.53659592  0.53659592  0.53659592  0.53659592  0.53659592  0.56927996  0.58050407  0.59190133  0.55822383  0.50529680  0.51558320  0.49515166  0.49515166  0.47527000  0.50529680  0.50529680  0.51558320  0.49515166  0.48514395  0.48514395  0.50529680  0.52601485  0.48514395  0.48514395  0.55822383  0.55822383  0.54733073  0.54733073  0.54733073  0.51558320  0.53659592  0.53659592  0.50529680  0.51558320  0.47527000  0.43704325  0.49515166  0.50529680  0.45590941  0.45590941  0.44641611  0.45590941  0.37456566  0.40069757  0.36605648  0.39188383  0.38317400  0.40069757  0.37456566  0.40069757  0.38317400  0.44641611  0.43704325  0.38317400  0.42778783  0.40961773  0.41864692  0.41864692  0.42778783  0.43704325  0.53659592  0.56927996  0.60347719  0.60347719  0.60347719  0.60347719  0.60347719  0.60347719  0.62718769  
78_15_0    0.47527000  0.50529680  0.51558320  0.51558320  0.50529680  0.49515166  0.55822383  0.40961773  0.35764419  0.34110163  0.03699342  0.03699342  0.00000000  0.31696227  0.31696227  0.36605648  0.36605648  0.36605648  0.38317400  0.35764419  0.42778783  0.41864692  0.41864692  0.42778783  0.41864692  0.42778783  0.42778783  0.42778783  0.41864692  0.46552628  0.48514395  0.48514395  0.44641611  0.46552628  0.42778783  0.51558320  0.46552628  0.53659592  0.48514395  0.42778783  0.46552628  0.47527000  0.40961773  0.42778783  0.42778783  0.40961773  0.42778783  0.46552628  0.50529680  0.54733073  0.42778783  0.44641611  0.36605648  0.40961773  0.40069757  0.40069757  0.40069757  0.40069757  0.41864692  0.44641611  0.48514395  0.41864692  0.47527000  0.54733073  0.54733073  0.54733073  0.54733073  0.54733073  0.58050407  0.59190133  0.62718769  0.56927996  0.53659592  0.54733073  0.52601485  0.52601485  0.50529680  0.51558320  0.51558320  0.52601485  0.50529680  0.49515166  0.51558320  0.51558320  0.53659592  0.49515166  0.49515166  0.56927996  0.56927996  0.55822383  0.55822383  0.55822383  0.52601485  0.56927996  0.54733073  0.51558320  0.52601485  0.50529680  0.46552628  0.50529680  0.51558320  0.46552628  0.46552628  0.47527000  0.48514395  0.40069757  0.42778783  0.39188383  0.38317400  0.39188383  0.40961773  0.38317400  0.37456566  0.39188383  0.43704325  0.42778783  0.39188383  0.45590941  0.43704325  0.42778783  0.44641611  0.43704325  0.46552628  0.55822383  0.59190133  0.65168448  0.65168448  0.65168448  0.60347719  0.60347719  0.60347719  0.58050407  
36_0_0     0.41864692  0.44641611  0.48514395  0.49515166  0.52601485  0.49515166  0.42778783  0.22061389  0.16058403  0.14788148  0.30908797  0.29358676  0.31696227  0.00000000  0.05899512  0.11704902  0.11704902  0.11704902  0.12311343  0.11103399  0.18666373  0.18005699  0.20005716  0.28595645  0.27840414  0.23464319  0.27092826  0.24894408  0.24175903  0.24894408  0.28595645  0.28595645  0.31696227  0.34110163  0.30129671  0.38317400  0.40069757  0.43704325  0.31696227  0.35764419  0.36605648  0.25619969  0.29358676  0.28595645  0.29358676  0.30908797  0.30129671  0.39188383  0.44641611  0.43704325  0.34932661  0.37456566  0.36605648  0.31696227  0.34932661  0.32492140  0.32492140  0.35764419  0.34932661  0.39188383  0.35764419  0.34932661  0.41864692  0.38317400  0.38317400  0.39188383  0.41864692  0.40069757  0.35764419  0.35764419  0.43704325  0.40069757  0.39188383  0.38317400  0.38317400  0.36605648  0.38317400  0.39188383  0.34110163  0.36605648  0.36605648  0.37456566  0.32492140  0.36605648  0.40961773  0.39188383  0.40961773  0.45590941  0.45590941  0.44641611  0.44641611  0.42778783  0.37456566  0.40069757  0.40069757  0.39188383  0.43704325  0.40069757  0.33296722  0.42778783  0.41864692  0.41864692  0.41864692  0.32492140  0.36605648  0.30908797  0.30129671  0.28595645  0.24894408  0.24175903  0.30129671  0.27840414  0.27092826  0.27092826  0.31696227  0.30908797  0.30908797  0.30908797  0.30908797  0.35764419  0.35764419  0.40069757  0.38317400  0.36605648  0.44641611  0.46552628  0.46552628  0.46552628  0.38317400  0.43704325  0.43704325  0.47527000  
71_0_0     0.40961773  0.40069757  0.47527000  0.48514395  0.51558320  0.46552628  0.43704325  0.21369790  0.11704902  0.11704902  0.29358676  0.29358676  0.31696227  0.05899512  0.00000000  0.07593736  0.08745197  0.08745197  0.10506754  0.08167223  0.16701815  0.16058403  0.18005699  0.27840414  0.27092826  0.24175903  0.27840414  0.26352727  0.26352727  0.27092826  0.27840414  0.27840414  0.29358676  0.31696227  0.29358676  0.31696227  0.36605648  0.38317400  0.30908797  0.31696227  0.32492140  0.26352727  0.27092826  0.27092826  0.28595645  0.33296722  0.30908797  0.34932661  0.40069757  0.39188383  0.35764419  0.36605648  0.37456566  0.34110163  0.34110163  0.33296722  0.33296722  0.36605648  0.34110163  0.38317400  0.34932661  0.35764419  0.42778783  0.35764419  0.35764419  0.34932661  0.37456566  0.37456566  0.34932661  0.36605648  0.40069757  0.35764419  0.35764419  0.34932661  0.34932661  0.33296722  0.34932661  0.34932661  0.34932661  0.35764419  0.34110163  0.33296722  0.31696227  0.34110163  0.38317400  0.34932661  0.36605648  0.41864692  0.41864692  0.40961773  0.40961773  0.39188383  0.32492140  0.36605648  0.34932661  0.35764419  0.41864692  0.37456566  0.31696227  0.38317400  0.37456566  0.35764419  0.34110163  0.28595645  0.30908797  0.30129671  0.30908797  0.29358676  0.24175903  0.23464319  0.30908797  0.27840414  0.26352727  0.26352727  0.30908797  0.30129671  0.30129671  0.30129671  0.28595645  0.33296722  0.33296722  0.35764419  0.37456566  0.38317400  0.44641611  0.42778783  0.42778783  0.42778783  0.38317400  0.45590941  0.45590941  0.48514395  
25_0_0     0.44641611  0.43704325  0.49515166  0.50529680  0.53659592  0.48514395  0.47527000  0.24175903  0.15420545  0.15420545  0.34110163  0.34110163  0.36605648  0.11704902  0.07593736  0.00000000  0.03159387  0.03159387  0.04791237  0.02623350  0.20684605  0.18666373  0.22061389  0.27092826  0.27840414  0.25619969  0.27840414  0.29358676  0.29358676  0.31696227  0.32492140  0.32492140  0.30908797  0.33296722  0.30908797  0.34110163  0.38317400  0.41864692  0.34110163  0.33296722  0.34110163  0.30129671  0.32492140  0.30908797  0.32492140  0.37456566  0.33296722  0.35764419  0.42778783  0.41864692  0.37456566  0.38317400  0.39188383  0.39188383  0.39188383  0.38317400  0.38317400  0.40069757  0.35764419  0.40069757  0.38317400  0.39188383  0.47527000  0.44641611  0.44641611  0.41864692  0.44641611  0.46552628  0.40069757  0.41864692  0.43704325  0.40961773  0.42778783  0.40069757  0.41864692  0.41864692  0.43704325  0.43704325  0.41864692  0.44641611  0.40961773  0.40069757  0.41864692  0.42778783  0.43704325  0.43704325  0.45590941  0.51558320  0.51558320  0.48514395  0.48514395  0.48514395  0.40961773  0.41864692  0.43704325  0.40961773  0.45590941  0.44641611  0.40069757  0.45590941  0.44641611  0.44641611  0.42778783  0.33296722  0.35764419  0.34932661  0.35764419  0.35764419  0.28595645  0.27840414  0.34110163  0.32492140  0.30908797  0.30908797  0.37456566  0.36605648  0.34932661  0.33296722  0.33296722  0.34932661  0.33296722  0.35764419  0.40961773  0.38317400  0.46552628  0.44641611  0.44641611  0.44641611  0.41864692  0.49515166  0.49515166  0.50529680  
100_0_0    0.46552628  0.45590941  0.51558320  0.49515166  0.52601485  0.49515166  0.48514395  0.25619969  0.14161119  0.14161119  0.34110163  0.34110163  0.36605648  0.11704902  0.08745197  0.03159387  0.00000000  0.01038189  0.02623350  0.01562806  0.19333010  0.18666373  0.22061389  0.28595645  0.29358676  0.27092826  0.27840414  0.27840414  0.27840414  0.30129671  0.32492140  0.31696227  0.32492140  0.34932661  0.32492140  0.35764419  0.40069757  0.41864692  0.35764419  0.34932661  0.35764419  0.27092826  0.32492140  0.27840414  0.29358676  0.34110163  0.33296722  0.32492140  0.42778783  0.41864692  0.35764419  0.38317400  0.34110163  0.37456566  0.37456566  0.36605648  0.36605648  0.40069757  0.35764419  0.38317400  0.38317400  0.39188383  0.45590941  0.46552628  0.46552628  0.41864692  0.44641611  0.46552628  0.43704325  0.45590941  0.45590941  0.42778783  0.45590941  0.40961773  0.42778783  0.42778783  0.44641611  0.45590941  0.43704325  0.44641611  0.42778783  0.41864692  0.40069757  0.44641611  0.45590941  0.45590941  0.47527000  0.49515166  0.49515166  0.46552628  0.46552628  0.48514395  0.42778783  0.43704325  0.45590941  0.42778783  0.47527000  0.46552628  0.40069757  0.45590941  0.44641611  0.46552628  0.44641611  0.30908797  0.34932661  0.33296722  0.34110163  0.34110163  0.27092826  0.26352727  0.32492140  0.30908797  0.29358676  0.29358676  0.35764419  0.34932661  0.33296722  0.34110163  0.34110163  0.31696227  0.31696227  0.34110163  0.37456566  0.39188383  0.47527000  0.45590941  0.45590941  0.45590941  0.42778783  0.50529680  0.50529680  0.51558320  
74_0_0     0.44641611  0.43704325  0.49515166  0.47527000  0.52601485  0.47527000  0.48514395  0.27092826  0.14161119  0.14161119  0.34110163  0.34110163  0.36605648  0.11704902  0.08745197  0.03159387  0.01038189  0.00000000  0.01562806  0.01562806  0.20684605  0.17350880  0.20684605  0.28595645  0.29358676  0.27092826  0.27840414  0.27840414  0.27840414  0.30129671  0.32492140  0.31696227  0.32492140  0.34932661  0.32492140  0.35764419  0.41864692  0.43704325  0.35764419  0.36605648  0.37456566  0.27092826  0.30908797  0.26352727  0.27840414  0.34110163  0.31696227  0.32492140  0.42778783  0.41864692  0.34110163  0.36605648  0.34110163  0.35764419  0.35764419  0.34932661  0.34932661  0.38317400  0.35764419  0.40069757  0.38317400  0.39188383  0.45590941  0.46552628  0.46552628  0.41864692  0.44641611  0.46552628  0.42778783  0.44641611  0.44641611  0.41864692  0.45590941  0.39188383  0.40961773  0.42778783  0.44641611  0.45590941  0.43704325  0.44641611  0.42778783  0.41864692  0.40069757  0.44641611  0.45590941  0.45590941  0.47527000  0.49515166  0.49515166  0.46552628  0.46552628  0.48514395  0.42778783  0.41864692  0.45590941  0.42778783  0.47527000  0.46552628  0.40069757  0.45590941  0.44641611  0.46552628  0.44641611  0.31696227  0.35764419  0.34932661  0.35764419  0.35764419  0.28595645  0.27840414  0.32492140  0.32492140  0.30908797  0.30908797  0.35764419  0.34932661  0.34932661  0.34932661  0.34932661  0.33296722  0.33296722  0.32492140  0.39188383  0.39188383  0.45590941  0.43704325  0.43704325  0.43704325  0.40961773  0.48514395  0.48514395  0.49515166  
60_0_0     0.43704325  0.44641611  0.48514395  0.44641611  0.49515166  0.44641611  0.47527000  0.27840414  0.14788148  0.14788148  0.35764419  0.35764419  0.38317400  0.12311343  0.10506754  0.04791237  0.02623350  0.01562806  0.00000000  0.03159387  0.22759524  0.19333010  0.22759524  0.29358676  0.30129671  0.27840414  0.28595645  0.28595645  0.28595645  0.30908797  0.34932661  0.34110163  0.34932661  0.37456566  0.33296722  0.38317400  0.41864692  0.44641611  0.36605648  0.35764419  0.36605648  0.29358676  0.31696227  0.28595645  0.30129671  0.34932661  0.34110163  0.34932661  0.41864692  0.40961773  0.33296722  0.37456566  0.34932661  0.34932661  0.34932661  0.34110163  0.34110163  0.37456566  0.34932661  0.39188383  0.39188383  0.38317400  0.44641611  0.47527000  0.47527000  0.42778783  0.45590941  0.47527000  0.43704325  0.43704325  0.44641611  0.42778783  0.46552628  0.40069757  0.41864692  0.43704325  0.45590941  0.46552628  0.44641611  0.45590941  0.43704325  0.42778783  0.39188383  0.45590941  0.46552628  0.46552628  0.48514395  0.50529680  0.50529680  0.47527000  0.47527000  0.49515166  0.43704325  0.42778783  0.46552628  0.43704325  0.48514395  0.47527000  0.40961773  0.44641611  0.43704325  0.47527000  0.45590941  0.34110163  0.38317400  0.35764419  0.36605648  0.36605648  0.29358676  0.28595645  0.33296722  0.33296722  0.31696227  0.31696227  0.36605648  0.35764419  0.35764419  0.34110163  0.34110163  0.35764419  0.35764419  0.34932661  0.40069757  0.41864692  0.48514395  0.46552628  0.46552628  0.46552628  0.43704325  0.51558320  0.51558320  0.50529680  
63_0_0     0.47527000  0.46552628  0.52601485  0.47527000  0.50529680  0.47527000  0.46552628  0.26352727  0.14788148  0.14788148  0.31696227  0.31696227  0.35764419  0.11103399  0.08167223  0.02623350  0.01562806  0.01562806  0.03159387  0.00000000  0.20005716  0.18005699  0.21369790  0.26352727  0.27092826  0.27840414  0.28595645  0.28595645  0.28595645  0.29358676  0.30129671  0.30129671  0.30129671  0.32492140  0.30129671  0.36605648  0.39188383  0.40961773  0.34932661  0.34110163  0.34932661  0.27840414  0.30129671  0.27092826  0.28595645  0.33296722  0.30908797  0.33296722  0.43704325  0.42778783  0.34932661  0.37456566  0.36605648  0.36605648  0.36605648  0.35764419  0.35764419  0.39188383  0.34932661  0.39188383  0.37456566  0.38317400  0.44641611  0.43704325  0.43704325  0.40961773  0.43704325  0.45590941  0.40961773  0.42778783  0.42778783  0.40069757  0.42778783  0.38317400  0.40069757  0.40069757  0.41864692  0.42778783  0.40961773  0.41864692  0.40069757  0.39188383  0.37456566  0.41864692  0.42778783  0.42778783  0.44641611  0.48514395  0.48514395  0.45590941  0.45590941  0.47527000  0.40069757  0.40961773  0.42778783  0.40069757  0.44641611  0.43704325  0.39188383  0.44641611  0.43704325  0.43704325  0.41864692  0.30908797  0.34932661  0.32492140  0.33296722  0.33296722  0.27840414  0.27092826  0.31696227  0.30129671  0.30129671  0.28595645  0.34932661  0.34110163  0.32492140  0.32492140  0.32492140  0.32492140  0.30908797  0.34932661  0.40069757  0.37456566  0.47527000  0.45590941  0.45590941  0.45590941  0.42778783  0.50529680  0.50529680  0.51558320  
78_0_0     0.54733073  0.53659592  0.59190133  0.47527000  0.48514395  0.43704325  0.42778783  0.22759524  0.21369790  0.22061389  0.40069757  0.40069757  0.42778783  0.18666373  0.16701815  0.20684605  0.19333010  0.20684605  0.22759524  0.20005716  0.00000000  0.02623350  0.04243272  0.34110163  0.33296722  0.34932661  0.34110163  0.35764419  0.34110163  0.36605648  0.32492140  0.32492140  0.35764419  0.38317400  0.37456566  0.40961773  0.37456566  0.44641611  0.37456566  0.37456566  0.37456566  0.29358676  0.34932661  0.34110163  0.34110163  0.33296722  0.32492140  0.40069757  0.45590941  0.42778783  0.46552628  0.42778783  0.42778783  0.44641611  0.44641611  0.43704325  0.43704325  0.47527000  0.44641611  0.45590941  0.44641611  0.44641611  0.55822383  0.42778783  0.42778783  0.43704325  0.42778783  0.44641611  0.42778783  0.46552628  0.40961773  0.41864692  0.41864692  0.42778783  0.44641611  0.40961773  0.40961773  0.43704325  0.41864692  0.41864692  0.42778783  0.41864692  0.41864692  0.45590941  0.42778783  0.41864692  0.43704325  0.51558320  0.51558320  0.48514395  0.48514395  0.48514395  0.44641611  0.44641611  0.45590941  0.46552628  0.51558320  0.47527000  0.45590941  0.49515166  0.49515166  0.46552628  0.46552628  0.40961773  0.43704325  0.35764419  0.31696227  0.33296722  0.32492140  0.31696227  0.33296722  0.32492140  0.30908797  0.33296722  0.38317400  0.37456566  0.37456566  0.34932661  0.34932661  0.31696227  0.29358676  0.39188383  0.37456566  0.40069757  0.48514395  0.46552628  0.46552628  0.46552628  0.41864692  0.49515166  0.49515166  0.56927996  
81_0_0     0.50529680  0.49515166  0.54733073  0.45590941  0.48514395  0.41864692  0.42778783  0.23464319  0.19333010  0.20005716  0.39188383  0.39188383  0.41864692  0.18005699  0.16058403  0.18666373  0.18666373  0.17350880  0.19333010  0.18005699  0.02623350  0.00000000  0.02623350  0.32492140  0.33296722  0.34932661  0.32492140  0.34110163  0.32492140  0.34932661  0.30908797  0.30908797  0.34110163  0.36605648  0.35764419  0.40961773  0.40961773  0.48514395  0.39188383  0.39188383  0.39188383  0.28595645  0.33296722  0.32492140  0.32492140  0.33296722  0.30908797  0.40069757  0.47527000  0.44641611  0.44641611  0.40961773  0.42778783  0.42778783  0.42778783  0.41864692  0.41864692  0.45590941  0.44641611  0.47527000  0.43704325  0.43704325  0.52601485  0.44641611  0.44641611  0.45590941  0.44641611  0.46552628  0.43704325  0.47527000  0.41864692  0.42778783  0.43704325  0.40961773  0.42778783  0.42778783  0.42778783  0.45590941  0.43704325  0.43704325  0.44641611  0.43704325  0.41864692  0.47527000  0.44641611  0.43704325  0.45590941  0.51558320  0.51558320  0.48514395  0.48514395  0.48514395  0.44641611  0.41864692  0.45590941  0.46552628  0.53659592  0.49515166  0.47527000  0.49515166  0.48514395  0.46552628  0.46552628  0.41864692  0.44641611  0.35764419  0.33296722  0.34932661  0.32492140  0.31696227  0.33296722  0.33296722  0.30908797  0.33296722  0.38317400  0.37456566  0.37456566  0.34110163  0.34110163  0.33296722  0.29358676  0.34932661  0.38317400  0.41864692  0.46552628  0.46552628  0.46552628  0.46552628  0.41864692  0.49515166  0.49515166  0.55822383  
70_0_0     0.54733073  0.53659592  0.59190133  0.46552628  0.49515166  0.44641611  0.47527000  0.25619969  0.21369790  0.22061389  0.39188383  0.40961773  0.41864692  0.20005716  0.18005699  0.22061389  0.22061389  0.20684605  0.22759524  0.21369790  0.04243272  0.02623350  0.00000000  0.34932661  0.34110163  0.37456566  0.36605648  0.38317400  0.36605648  0.39188383  0.33296722  0.33296722  0.38317400  0.40961773  0.40069757  0.41864692  0.42778783  0.49515166  0.40961773  0.43704325  0.43704325  0.30908797  0.35764419  0.33296722  0.33296722  0.34110163  0.33296722  0.42778783  0.48514395  0.45590941  0.45590941  0.43704325  0.43704325  0.43704325  0.45590941  0.42778783  0.42778783  0.46552628  0.45590941  0.48514395  0.44641611  0.44641611  0.55822383  0.43704325  0.43704325  0.44641611  0.43704325  0.43704325  0.42778783  0.46552628  0.42778783  0.41864692  0.44641611  0.43704325  0.45590941  0.43704325  0.43704325  0.44641611  0.42778783  0.42778783  0.43704325  0.42778783  0.40961773  0.46552628  0.43704325  0.42778783  0.44641611  0.50529680  0.50529680  0.47527000  0.47527000  0.47527000  0.41864692  0.40961773  0.42778783  0.43704325  0.50529680  0.48514395  0.46552628  0.50529680  0.49515166  0.47527000  0.47527000  0.42778783  0.45590941  0.39188383  0.36605648  0.36605648  0.35764419  0.34932661  0.36605648  0.34932661  0.34110163  0.36605648  0.38317400  0.37456566  0.40961773  0.37456566  0.37456566  0.32492140  0.30129671  0.37456566  0.39188383  0.42778783  0.45590941  0.47527000  0.47527000  0.47527000  0.40961773  0.48514395  0.48514395  0.54733073  
48_0_0     0.30908797  0.31696227  0.37456566  0.44641611  0.41864692  0.46552628  0.42778783  0.31696227  0.28595645  0.30129671  0.38317400  0.38317400  0.42778783  0.28595645  0.27840414  0.27092826  0.28595645  0.28595645  0.29358676  0.26352727  0.34110163  0.32492140  0.34932661  0.00000000  0.00517271  0.23464319  0.22759524  0.22061389  0.22061389  0.22759524  0.30129671  0.30129671  0.24894408  0.27092826  0.24894408  0.33296722  0.40961773  0.35764419  0.36605648  0.28595645  0.27092826  0.32492140  0.36605648  0.31696227  0.29358676  0.30129671  0.29358676  0.34110163  0.41864692  0.45590941  0.30129671  0.34110163  0.39188383  0.30129671  0.33296722  0.30908797  0.30908797  0.30908797  0.29358676  0.27092826  0.34932661  0.37456566  0.39188383  0.32492140  0.32492140  0.33296722  0.34110163  0.34110163  0.37456566  0.38317400  0.35764419  0.32492140  0.36605648  0.34932661  0.34932661  0.33296722  0.34932661  0.34110163  0.35764419  0.35764419  0.33296722  0.34110163  0.34932661  0.35764419  0.42778783  0.34932661  0.36605648  0.38317400  0.38317400  0.38317400  0.37456566  0.37456566  0.34110163  0.34932661  0.34932661  0.35764419  0.36605648  0.35764419  0.31696227  0.36605648  0.36605648  0.37456566  0.39188383  0.30129671  0.30908797  0.32492140  0.33296722  0.33296722  0.29358676  0.28595645  0.32492140  0.32492140  0.30129671  0.30129671  0.38317400  0.37456566  0.32492140  0.33296722  0.31696227  0.32492140  0.30908797  0.40069757  0.40069757  0.40069757  0.42778783  0.42778783  0.42778783  0.42778783  0.40069757  0.47527000  0.47527000  0.46552628  
91_0_0     0.31696227  0.32492140  0.38317400  0.45590941  0.42778783  0.47527000  0.43704325  0.32492140  0.29358676  0.30908797  0.37456566  0.37456566  0.41864692  0.27840414  0.27092826  0.27840414  0.29358676  0.29358676  0.30129671  0.27092826  0.33296722  0.33296722  0.34110163  0.00517271  0.00000000  0.22759524  0.23464319  0.22759524  0.22759524  0.23464319  0.30908797  0.30908797  0.25619969  0.27840414  0.25619969  0.32492140  0.40069757  0.34932661  0.35764419  0.29358676  0.27840414  0.31696227  0.35764419  0.30908797  0.28595645  0.29358676  0.28595645  0.34932661  0.40961773  0.44641611  0.30908797  0.34932661  0.40069757  0.30908797  0.34110163  0.31696227  0.31696227  0.31696227  0.30129671  0.27840414  0.35764419  0.38317400  0.40069757  0.31696227  0.31696227  0.32492140  0.33296722  0.33296722  0.36605648  0.37456566  0.34932661  0.31696227  0.35764419  0.35764419  0.35764419  0.32492140  0.34110163  0.33296722  0.34932661  0.34932661  0.32492140  0.33296722  0.34110163  0.34932661  0.41864692  0.34110163  0.35764419  0.39188383  0.39188383  0.39188383  0.38317400  0.38317400  0.33296722  0.34110163  0.34110163  0.34932661  0.35764419  0.34932661  0.30908797  0.37456566  0.37456566  0.38317400  0.40069757  0.29358676  0.30129671  0.33296722  0.34110163  0.32492140  0.30129671  0.29358676  0.33296722  0.31696227  0.30908797  0.30908797  0.37456566  0.36605648  0.33296722  0.34110163  0.32492140  0.31696227  0.31696227  0.40961773  0.39188383  0.39188383  0.41864692  0.41864692  0.41864692  0.41864692  0.39188383  0.46552628  0.46552628  0.45590941  
