20
20_0_0     0.00000000  0.33087593  0.32239204  0.34814393  0.34814393  0.33945911  0.33087593  0.42159356  0.46127462  0.38394967  0.41199991  0.41199991  0.43131438  0.36582832  0.38394967  0.37483302  0.42159356  0.34814393  0.34814393  0.34814393  
17_0_0     0.33087593  0.00000000  0.02206782  0.15026290  0.14362253  0.15696394  0.15026290  0.35693282  0.32239204  0.35693282  0.31400516  0.31400516  0.33945911  0.30571311  0.32239204  0.33087593  0.29751376  0.23502368  0.23502368  0.28138503  
11_0_0     0.32239204  0.02206782  0.00000000  0.15026290  0.14362253  0.15696394  0.15026290  0.37483302  0.33945911  0.35693282  0.33087593  0.33087593  0.35693282  0.32239204  0.33945911  0.34814393  0.29751376  0.26560337  0.26560337  0.29751376  
10_0_0     0.34814393  0.15026290  0.15026290  0.00000000  0.00545502  0.00545502  0.02206782  0.38394967  0.40253013  0.34814393  0.33945911  0.33945911  0.33945911  0.38394967  0.37483302  0.38394967  0.31400516  0.28138503  0.28138503  0.31400516  
12_0_0     0.34814393  0.14362253  0.14362253  0.00545502  0.00000000  0.01095092  0.02769011  0.38394967  0.40253013  0.34814393  0.33945911  0.33945911  0.33945911  0.38394967  0.37483302  0.38394967  0.31400516  0.28138503  0.28138503  0.31400516  
4_0_0      0.33945911  0.15696394  0.15696394  0.00545502  0.01095092  0.00000000  0.02769011  0.39318106  0.41199991  0.33945911  0.34814393  0.34814393  0.34814393  0.39318106  0.38394967  0.39318106  0.31400516  0.27345176  0.27345176  0.30571311  
5_0_0      0.33087593  0.15026290  0.15026290  0.02206782  0.02769011  0.02769011  0.00000000  0.38394967  0.40253013  0.34814393  0.34814393  0.34814393  0.34814393  0.39318106  0.38394967  0.39318106  0.30571311  0.28940506  0.28940506  0.32239204  
8_0_0      0.42159356  0.35693282  0.37483302  0.38394967  0.38394967  0.39318106  0.38394967  0.00000000  0.03906566  0.13704174  0.18439768  0.18439768  0.19141951  0.35693282  0.35693282  0.34814393  0.36582832  0.29751376  0.32239204  0.33087593  
18_0_0     0.46127462  0.32239204  0.33945911  0.40253013  0.40253013  0.41199991  0.40253013  0.03906566  0.00000000  0.17055255  0.20566812  0.20566812  0.21289759  0.32239204  0.33945911  0.33087593  0.34814393  0.31400516  0.35693282  0.33087593  
19_0_0     0.38394967  0.35693282  0.35693282  0.34814393  0.34814393  0.33945911  0.34814393  0.13704174  0.17055255  0.00000000  0.17744244  0.17744244  0.18439768  0.45115127  0.45115127  0.44116576  0.37483302  0.28940506  0.28940506  0.28138503  
13_0_0     0.41199991  0.31400516  0.33087593  0.33945911  0.33945911  0.34814393  0.34814393  0.18439768  0.20566812  0.17744244  0.00000000  0.00000000  0.01648831  0.40253013  0.40253013  0.41199991  0.36582832  0.27345176  0.32239204  0.36582832  
9_0_0      0.41199991  0.31400516  0.33087593  0.33945911  0.33945911  0.34814393  0.34814393  0.18439768  0.20566812  0.17744244  0.00000000  0.00000000  0.01648831  0.40253013  0.40253013  0.41199991  0.36582832  0.27345176  0.32239204  0.36582832  
7_0_0      0.43131438  0.33945911  0.35693282  0.33945911  0.33945911  0.34814393  0.34814393  0.19141951  0.21289759  0.18439768  0.01648831  0.01648831  0.00000000  0.42159356  0.40253013  0.41199991  0.36582832  0.27345176  0.32239204  0.36582832  
2_0_0      0.36582832  0.30571311  0.32239204  0.38394967  0.38394967  0.39318106  0.39318106  0.35693282  0.32239204  0.45115127  0.40253013  0.40253013  0.42159356  0.00000000  0.01095092  0.01648831  0.22757390  0.22757390  0.25015416  0.22757390  
3_0_0      0.38394967  0.32239204  0.33945911  0.37483302  0.37483302  0.38394967  0.38394967  0.35693282  0.33945911  0.45115127  0.40253013  0.40253013  0.40253013  0.01095092  0.00000000  0.00545502  0.21289759  0.21289759  0.23502368  0.22757390  
1_0_0      0.37483302  0.33087593  0.34814393  0.38394967  0.38394967  0.39318106  0.39318106  0.34814393  0.33087593  0.44116576  0.41199991  0.41199991  0.41199991  0.01648831  0.00545502  0.00000000  0.22019904  0.22019904  0.24254990  0.22019904  
16_0_0     0.42159356  0.29751376  0.29751376  0.31400516  0.31400516  0.31400516  0.30571311  0.36582832  0.34814393  0.37483302  0.36582832  0.36582832  0.36582832  0.22757390  0.21289759  0.22019904  0.00000000  0.19141951  0.18439768  0.19850921  
14_0_0     0.34814393  0.23502368  0.26560337  0.28138503  0.28138503  0.27345176  0.28940506  0.29751376  0.31400516  0.28940506  0.27345176  0.27345176  0.27345176  0.22757390  0.21289759  0.22019904  0.19141951  0.00000000  0.09875079  0.14362253  
6_0_0      0.34814393  0.23502368  0.26560337  0.28138503  0.28138503  0.27345176  0.28940506  0.32239204  0.35693282  0.28940506  0.32239204  0.32239204  0.32239204  0.25015416  0.23502368  0.24254990  0.18439768  0.09875079  0.00000000  0.11129362  
15_0_0     0.34814393  0.28138503  0.29751376  0.31400516  0.31400516  0.30571311  0.32239204  0.33087593  0.33087593  0.28138503  0.36582832  0.36582832  0.36582832  0.22757390  0.22757390  0.22019904  0.19850921  0.14362253  0.11129362  0.00000000  

