20
20_0_0     0.00000000  0.34973177  0.37244228  0.32808821  0.33878293  0.33878293  0.34973177  0.45891926  0.44546871  0.46735788  0.42321376  0.42321376  0.42321376  0.47140704  0.48627194  0.47140704  0.33616004  0.45770421  0.48639556  0.40518188  
17_0_0     0.34973177  0.00000000  0.02800814  0.05782950  0.05170883  0.05170883  0.07032028  0.34179036  0.35257781  0.41066331  0.50180042  0.50180042  0.47277428  0.32010505  0.30976012  0.32010505  0.30741581  0.35524896  0.37791119  0.28370340  
11_0_0     0.37244228  0.02800814  0.00000000  0.07669499  0.07032028  0.07032028  0.08971522  0.33124968  0.34179036  0.42321376  0.54908546  0.54908546  0.51702926  0.35261088  0.34151885  0.35261088  0.31763609  0.38967445  0.38967445  0.29326884  
10_0_0     0.32808821  0.05782950  0.07669499  0.00000000  0.00546709  0.00546709  0.02226866  0.33124968  0.34179036  0.39844566  0.51702926  0.51702926  0.48705883  0.30976012  0.29964236  0.30976012  0.25044128  0.41414210  0.32321757  0.27433250  
12_0_0     0.33878293  0.05170883  0.07032028  0.00546709  0.00000000  0.00000000  0.01659979  0.32094475  0.33124968  0.41066331  0.53277865  0.53277865  0.50180042  0.29964236  0.28974199  0.29964236  0.25946116  0.40174589  0.31301685  0.26514838  
4_0_0      0.33878293  0.05170883  0.07032028  0.00546709  0.00000000  0.00000000  0.01659979  0.32094475  0.33124968  0.41066331  0.53277865  0.53277865  0.50180042  0.29964236  0.28974199  0.29964236  0.25946116  0.40174589  0.31301685  0.26514838  
5_0_0      0.34973177  0.07032028  0.08971522  0.02226866  0.01659979  0.01659979  0.00000000  0.33124968  0.34179036  0.42321376  0.51702926  0.51702926  0.48705883  0.28974199  0.28004986  0.28974199  0.25044128  0.41414210  0.32321757  0.25614374  
8_0_0      0.45891926  0.34179036  0.33124968  0.33124968  0.32094475  0.32094475  0.33124968  0.00000000  0.00546709  0.15114628  0.23061401  0.23061401  0.23949016  0.38654360  0.39844566  0.38654360  0.38354211  0.44546871  0.43239967  0.38354211  
18_0_0     0.44546871  0.35257781  0.34179036  0.34179036  0.33124968  0.33124968  0.34179036  0.00546709  0.00000000  0.14375832  0.22190561  0.22190561  0.23061401  0.39844566  0.41066331  0.39844566  0.39527947  0.43239967  0.41969110  0.37209632  
19_0_0     0.46735788  0.41066331  0.42321376  0.39844566  0.41066331  0.41066331  0.42321376  0.15114628  0.14375832  0.00000000  0.23422797  0.23422797  0.25254170  0.39293616  0.38100747  0.39293616  0.38967445  0.46735788  0.40174589  0.43998219  
13_0_0     0.42321376  0.50180042  0.54908546  0.51702926  0.53277865  0.53277865  0.51702926  0.23061401  0.22190561  0.23422797  0.00000000  0.00000000  0.01099982  0.40174589  0.41414210  0.40174589  0.47714157  0.37494125  0.43611564  0.39844566  
9_0_0      0.42321376  0.50180042  0.54908546  0.51702926  0.53277865  0.53277865  0.51702926  0.23061401  0.22190561  0.23422797  0.00000000  0.00000000  0.01099982  0.40174589  0.41414210  0.40174589  0.47714157  0.37494125  0.43611564  0.39844566  
7_0_0      0.42321376  0.47277428  0.51702926  0.48705883  0.50180042  0.50180042  0.48705883  0.23949016  0.23061401  0.25254170  0.01099982  0.01099982  0.00000000  0.40174589  0.41414210  0.40174589  0.47714157  0.37494125  0.43611564  0.39844566  
2_0_0      0.47140704  0.32010505  0.35261088  0.30976012  0.29964236  0.29964236  0.28974199  0.38654360  0.39844566  0.39293616  0.40174589  0.40174589  0.40174589  0.00000000  0.00546709  0.00000000  0.23949016  0.28663246  0.23949016  0.23949016  
3_0_0      0.48627194  0.30976012  0.34151885  0.29964236  0.28974199  0.28974199  0.28004986  0.39844566  0.41066331  0.38100747  0.41414210  0.41414210  0.41414210  0.00546709  0.00000000  0.00546709  0.23061401  0.27681026  0.23061401  0.23061401  
1_0_0      0.47140704  0.32010505  0.35261088  0.30976012  0.29964236  0.29964236  0.28974199  0.38654360  0.39844566  0.39293616  0.40174589  0.40174589  0.40174589  0.00000000  0.00546709  0.00000000  0.23949016  0.28663246  0.23949016  0.23949016  
16_0_0     0.33616004  0.30741581  0.31763609  0.25044128  0.25946116  0.25946116  0.25044128  0.38354211  0.39527947  0.38967445  0.47714157  0.47714157  0.47714157  0.23949016  0.23061401  0.23949016  0.00000000  0.30956298  0.23237877  0.21494618  
14_0_0     0.45770421  0.35524896  0.38967445  0.41414210  0.40174589  0.40174589  0.41414210  0.44546871  0.43239967  0.46735788  0.37494125  0.37494125  0.37494125  0.28663246  0.27681026  0.28663246  0.30956298  0.00000000  0.12227962  0.16628736  
6_0_0      0.48639556  0.37791119  0.38967445  0.32321757  0.31301685  0.31301685  0.32321757  0.43239967  0.41969110  0.40174589  0.43611564  0.43611564  0.43611564  0.23949016  0.23061401  0.23949016  0.23237877  0.12227962  0.00000000  0.15114628  
15_0_0     0.40518188  0.28370340  0.29326884  0.27433250  0.26514838  0.26514838  0.25614374  0.38354211  0.37209632  0.43998219  0.39844566  0.39844566  0.39844566  0.23949016  0.23061401  0.23949016  0.21494618  0.16628736  0.15114628  0.00000000  

