20
20_0_0     0.00000000  0.28109140  0.27899197  0.36598496  0.35467919  0.35467919  0.37164612  0.35517545  0.34380378  0.29571142  0.35517545  0.35517545  0.34380378  0.40899412  0.43538792  0.42199471  0.26201418  0.37374079  0.41686750  0.33860661  
17_0_0     0.28109140  0.00000000  0.01095632  0.16509378  0.17282965  0.17282965  0.19420063  0.35752279  0.39285848  0.40001795  0.31440237  0.31440237  0.30424691  0.36888036  0.38028190  0.36888036  0.30007912  0.32479584  0.37454765  0.39285848  
11_0_0     0.27899197  0.01095632  0.00000000  0.16402591  0.17168737  0.17168737  0.20104861  0.37758650  0.41433129  0.39636380  0.33289717  0.33289717  0.32239462  0.36624895  0.37748958  0.36624895  0.29816138  0.34365447  0.36037301  0.38949968  
10_0_0     0.36598496  0.16509378  0.16402591  0.00000000  0.00546836  0.00546836  0.03350375  0.44215012  0.45563121  0.42348561  0.44215012  0.44215012  0.42906675  0.53536349  0.55178264  0.53536349  0.37483484  0.41635831  0.38620317  0.40400389  
12_0_0     0.35467919  0.17282965  0.17168737  0.00546836  0.00000000  0.00000000  0.03932269  0.42906675  0.44215012  0.41073563  0.45563121  0.45563121  0.44215012  0.51953056  0.53536349  0.51953056  0.38620317  0.40400389  0.38620317  0.41635831  
4_0_0      0.35467919  0.17282965  0.17168737  0.00546836  0.00000000  0.00000000  0.03932269  0.42906675  0.44215012  0.41073563  0.45563121  0.45563121  0.44215012  0.51953056  0.53536349  0.51953056  0.38620317  0.40400389  0.38620317  0.41635831  
5_0_0      0.37164612  0.19420063  0.20104861  0.03350375  0.03932269  0.03932269  0.00000000  0.47516455  0.48946571  0.42906675  0.44787550  0.44787550  0.43483586  0.55731044  0.57428670  0.55731044  0.39232118  0.43483586  0.44080266  0.43483586  
8_0_0      0.35517545  0.35752279  0.37758650  0.44215012  0.42906675  0.42906675  0.47516455  0.00000000  0.02228999  0.16746072  0.17282965  0.17282965  0.15001542  0.41808341  0.44483001  0.43125512  0.31928358  0.37022439  0.36360471  0.37022439  
18_0_0     0.34380378  0.39285848  0.41433129  0.45563121  0.44215012  0.44215012  0.48946571  0.02228999  0.00000000  0.16746072  0.18871836  0.18871836  0.16509378  0.40529164  0.43125512  0.41808341  0.30886235  0.35837988  0.35210232  0.35837988  
19_0_0     0.29571142  0.40001795  0.39636380  0.42348561  0.41073563  0.41073563  0.42906675  0.16746072  0.16746072  0.00000000  0.20838934  0.20838934  0.19989587  0.43125512  0.43125512  0.41808341  0.28872693  0.30348330  0.36360471  0.34684349  
13_0_0     0.35517545  0.31440237  0.33289717  0.44215012  0.45563121  0.45563121  0.44787550  0.17282965  0.18871836  0.20838934  0.00000000  0.00000000  0.01661159  0.39834197  0.42348561  0.41073563  0.31440237  0.37541336  0.39285848  0.40001795  
9_0_0      0.35517545  0.31440237  0.33289717  0.44215012  0.45563121  0.45563121  0.44787550  0.17282965  0.18871836  0.20838934  0.00000000  0.00000000  0.01661159  0.39834197  0.42348561  0.41073563  0.31440237  0.37541336  0.39285848  0.40001795  
7_0_0      0.34380378  0.30424691  0.32239462  0.42906675  0.44215012  0.44215012  0.43483586  0.15001542  0.16509378  0.19989587  0.01661159  0.01661159  0.00000000  0.37454765  0.39834197  0.38628526  0.30424691  0.36360471  0.38076440  0.38754506  
2_0_0      0.40899412  0.36888036  0.36624895  0.53536349  0.51953056  0.51953056  0.55731044  0.41808341  0.40529164  0.43125512  0.39834197  0.39834197  0.37454765  0.00000000  0.01100498  0.00546836  0.23328566  0.25463940  0.26946610  0.27353647  
3_0_0      0.43538792  0.38028190  0.37748958  0.55178264  0.53536349  0.53536349  0.57428670  0.44483001  0.43125512  0.43125512  0.42348561  0.42348561  0.39834197  0.01100498  0.00000000  0.00546836  0.25100705  0.25463940  0.26946610  0.27353647  
1_0_0      0.42199471  0.36888036  0.36624895  0.53536349  0.51953056  0.51953056  0.55731044  0.43125512  0.41808341  0.41808341  0.41073563  0.41073563  0.38628526  0.00546836  0.00546836  0.00000000  0.24205785  0.24548447  0.26014055  0.26398730  
16_0_0     0.26201418  0.30007912  0.29816138  0.37483484  0.38620317  0.38620317  0.39232118  0.31928358  0.30886235  0.28872693  0.31440237  0.31440237  0.30424691  0.23328566  0.25100705  0.24205785  0.00000000  0.21367253  0.18620156  0.22231266  
14_0_0     0.37374079  0.32479584  0.34365447  0.41635831  0.40400389  0.40400389  0.43483586  0.37022439  0.35837988  0.30348330  0.37541336  0.37541336  0.36360471  0.25463940  0.25463940  0.24548447  0.21367253  0.00000000  0.09544380  0.12469034  
6_0_0      0.41686750  0.37454765  0.36037301  0.38620317  0.38620317  0.38620317  0.44080266  0.36360471  0.35210232  0.36360471  0.39285848  0.39285848  0.38076440  0.26946610  0.26946610  0.26014055  0.18620156  0.09544380  0.00000000  0.12999210  
15_0_0     0.33860661  0.39285848  0.38949968  0.40400389  0.41635831  0.41635831  0.43483586  0.37022439  0.35837988  0.34684349  0.40001795  0.40001795  0.38754506  0.27353647  0.27353647  0.26398730  0.22231266  0.12469034  0.12999210  0.00000000  

