fastme_mat.p : 1.2101564407348633
fastme.f81 : 1.43790602684021
fastme.f84 : 1.5962169170379639
ba.exp : 23.372633695602417
pipeline_dl1716696 : 25.438440799713135
