fastme_mat.p : 1.2650048732757568
fastme.f81 : 1.7267875671386719
ba.exp : 14.31987977027893
pipeline_dl1716696 : 18.005218982696533
