fastme_mat.p : 0.38407795779418946
fastme.f81 : 0.6189619784953594
fastme.f84 : 0.7553866103103161
ba.exp : 10.294494602355241
