fastme_mat.p : 0.4025150256490707
fastme.f81 : 0.8110323955106735
ba.exp : 6.816089763346195
