family_039 : 0.176471
family_053 : 0.235294
family_073 : 0.352941
family_008 : 0.411765
family_079 : 0.411765
