family_002 : 0.058824
family_035 : 0.058824
family_029 : 0.058824
family_053 : 0.058824
family_044 : 0.058824
family_039 : 0.058824
family_095 : 0.117647
family_055 : 0.117647
family_062 : 0.117647
family_009 : 0.117647
family_038 : 0.117647
family_046 : 0.117647
family_007 : 0.117647
family_037 : 0.117647
family_088 : 0.117647
family_093 : 0.117647
family_076 : 0.117647
family_072 : 0.117647
family_045 : 0.117647
family_064 : 0.176471
family_042 : 0.176471
family_020 : 0.176471
family_052 : 0.176471
family_080 : 0.176471
family_096 : 0.176471
family_004 : 0.176471
family_034 : 0.176471
family_014 : 0.176471
family_005 : 0.176471
family_100 : 0.176471
family_030 : 0.176471
family_050 : 0.176471
family_019 : 0.176471
family_060 : 0.176471
family_065 : 0.176471
family_078 : 0.176471
family_032 : 0.176471
family_018 : 0.176471
family_040 : 0.176471
family_022 : 0.176471
family_026 : 0.176471
family_024 : 0.176471
family_017 : 0.176471
family_011 : 0.235294
family_043 : 0.235294
family_091 : 0.235294
family_063 : 0.235294
family_013 : 0.235294
family_023 : 0.235294
family_084 : 0.235294
family_086 : 0.235294
family_041 : 0.235294
family_092 : 0.235294
family_049 : 0.235294
family_058 : 0.235294
family_066 : 0.235294
family_082 : 0.235294
family_057 : 0.235294
family_008 : 0.235294
family_061 : 0.235294
family_047 : 0.294118
family_012 : 0.294118
family_033 : 0.294118
family_085 : 0.294118
family_094 : 0.294118
family_073 : 0.294118
family_010 : 0.294118
family_027 : 0.294118
family_016 : 0.294118
family_048 : 0.294118
family_087 : 0.294118
family_070 : 0.294118
family_075 : 0.294118
family_069 : 0.294118
family_056 : 0.294118
family_051 : 0.294118
family_025 : 0.294118
family_068 : 0.294118
family_090 : 0.352941
family_098 : 0.352941
family_089 : 0.352941
family_079 : 0.352941
family_067 : 0.352941
family_059 : 0.352941
family_071 : 0.352941
family_054 : 0.352941
family_001 : 0.352941
family_074 : 0.352941
family_003 : 0.352941
family_077 : 0.352941
family_036 : 0.352941
family_028 : 0.352941
family_006 : 0.411765
family_099 : 0.411765
family_021 : 0.411765
family_097 : 0.411765
family_015 : 0.411765
family_083 : 0.411765
family_081 : 0.529412
family_031 : 0.647059
