fastme.f81 : 0.32568788528442383
ba.experimental : 2.6811752319335938
ba.exp : 2.6922483444213867
pipeline_ne1007 : 12.13402795791626
pipeline : 16.36198115348816
raxml.f81 : 24.033735513687134
generax-spr-undateddtl-r5.f81 : 35.36293315887451
