fastme.f81 : 0.32568788528442383
ba.experimental : 2.6811752319335938
pipeline : 13.230793714523315
raxml.f81 : 24.033735513687134
generax-spr-undateddtl-r5.f81 : 35.36293315887451
