raxml.f81 : 0.025075674057006836
fastme.f81 : 0.3320283889770508
ba.exp : 0.8746225833892822
ba.experimental : 2.6811752319335938
pipeline_ne1007 : 3.0156869888305664
pipeline : 16.36198115348816
generax-spr-undateddtl-r5.f81 : 35.36293315887451
