fastme.f81 : 0.32568788528442383
ba.experimental : 2.6811752319335938
ba.exp : 2.7073864936828613
pipeline : 10.642937421798706
raxml.f81 : 24.033735513687134
generax-spr-undateddtl-r5.f81 : 35.36293315887451
