fastme.f81 : 0.26433900706386565
ba.exp : 1.407559272646904
ba.experimental : 2.619313066589356
raxml.f81 : 23.970929268576146
generax-spr-undateddtl-r5.f81 : 35.36308836936951
