raxml.f81 : 0.009664588607788087
fastme.f81 : 0.2665889954223633
ba.exp : 0.8234399140608311
ba.experimental : 2.619313066589356
generax-spr-undateddtl-r5.f81 : 35.36308836936951
