fastme.f81 : 0.26433900706386565
ba.experimental : 2.619313066589356
ba.exp : 2.646535212422848
raxml.f81 : 23.970929268576146
generax-spr-undateddtl-r5.f81 : 35.36308836936951
