20
18_0_0     0.00000000  0.05886243  0.07259742  0.07956076  0.26076285  0.23448333  0.23448333  0.26973216  0.53827271  0.50046937  0.59184950  0.57809089  0.57809089  0.60586620  0.59184950  0.62015085  0.56458104  0.45286755  0.44142626  0.43015750  
14_0_0     0.05886243  0.00000000  0.05208846  0.05886243  0.21746345  0.22592494  0.22592494  0.27881044  0.51285920  0.45286755  0.53827271  0.50046937  0.50046937  0.52545792  0.51285920  0.53827271  0.56458104  0.46448675  0.43015750  0.41905616  
17_0_0     0.07259742  0.05208846  0.00000000  0.00631592  0.20082261  0.20909671  0.20909671  0.26076285  0.52545792  0.41905616  0.50046937  0.51285920  0.51285920  0.53827271  0.52545792  0.57809089  0.55131110  0.41905616  0.36589630  0.37623002  
15_0_0     0.07956076  0.05886243  0.00631592  0.00000000  0.20909671  0.21746345  0.21746345  0.25189993  0.53827271  0.43015750  0.51285920  0.52545792  0.52545792  0.55131110  0.53827271  0.59184950  0.56458104  0.43015750  0.37623002  0.38670866  
16_0_0     0.26076285  0.21746345  0.20082261  0.20909671  0.00000000  0.08658959  0.08658959  0.15301434  0.55131110  0.43015750  0.46448675  0.43015750  0.43015750  0.43015750  0.44142626  0.46448675  0.51285920  0.47628948  0.47628948  0.48828163  
13_0_0     0.23448333  0.22592494  0.20909671  0.21746345  0.08658959  0.00000000  0.00000000  0.11538537  0.53827271  0.41905616  0.43015750  0.44142626  0.46448675  0.44142626  0.45286755  0.52545792  0.47628948  0.45286755  0.44142626  0.45286755  
19_0_0     0.23448333  0.22592494  0.20909671  0.21746345  0.08658959  0.00000000  0.00000000  0.11538537  0.53827271  0.41905616  0.43015750  0.44142626  0.46448675  0.44142626  0.45286755  0.52545792  0.47628948  0.45286755  0.44142626  0.45286755  
20_0_0     0.26973216  0.27881044  0.26076285  0.25189993  0.15301434  0.11538537  0.11538537  0.00000000  0.53827271  0.38670866  0.41905616  0.44142626  0.44142626  0.46448675  0.47628948  0.48828163  0.46448675  0.45286755  0.45286755  0.46448675  
7_0_0      0.53827271  0.51285920  0.52545792  0.53827271  0.55131110  0.53827271  0.53827271  0.53827271  0.00000000  0.28800037  0.31626837  0.28800037  0.28800037  0.34564792  0.35570353  0.29730472  0.27881044  0.27881044  0.28800037  0.31626837  
10_0_0     0.50046937  0.45286755  0.41905616  0.43015750  0.43015750  0.41905616  0.41905616  0.38670866  0.28800037  0.00000000  0.19263912  0.17653620  0.16077298  0.20909671  0.21746345  0.16077298  0.15301434  0.21746345  0.20082261  0.20909671  
5_0_0      0.59184950  0.53827271  0.50046937  0.51285920  0.46448675  0.43015750  0.43015750  0.41905616  0.31626837  0.19263912  0.00000000  0.13773463  0.15301434  0.15301434  0.14533543  0.20909671  0.16861303  0.33572584  0.29730472  0.32593378  
4_0_0      0.57809089  0.50046937  0.51285920  0.52545792  0.43015750  0.44142626  0.44142626  0.44142626  0.28800037  0.17653620  0.13773463  0.00000000  0.01268569  0.05208846  0.05886243  0.13021036  0.12276110  0.32593378  0.29730472  0.32593378  
11_0_0     0.57809089  0.50046937  0.51285920  0.52545792  0.43015750  0.46448675  0.46448675  0.44142626  0.28800037  0.16077298  0.15301434  0.01268569  0.00000000  0.06569837  0.07259742  0.11538537  0.10808173  0.32593378  0.29730472  0.32593378  
2_0_0      0.60586620  0.52545792  0.53827271  0.55131110  0.43015750  0.44142626  0.44142626  0.46448675  0.34564792  0.20909671  0.15301434  0.05208846  0.06569837  0.00000000  0.00631592  0.17653620  0.15301434  0.36589630  0.33572584  0.36589630  
12_0_0     0.59184950  0.51285920  0.52545792  0.53827271  0.44142626  0.45286755  0.45286755  0.47628948  0.35570353  0.21746345  0.14533543  0.05886243  0.07259742  0.00631592  0.00000000  0.18454428  0.16077298  0.37623002  0.34564792  0.37623002  
8_0_0      0.62015085  0.53827271  0.57809089  0.59184950  0.46448675  0.52545792  0.52545792  0.48828163  0.29730472  0.16077298  0.20909671  0.13021036  0.11538537  0.17653620  0.18454428  0.00000000  0.10084878  0.31626837  0.28800037  0.27881044  
1_0_0      0.56458104  0.56458104  0.55131110  0.56458104  0.51285920  0.47628948  0.47628948  0.46448675  0.27881044  0.15301434  0.16861303  0.12276110  0.10808173  0.15301434  0.16077298  0.10084878  0.00000000  0.28800037  0.25189993  0.26076285  
9_0_0      0.45286755  0.46448675  0.41905616  0.43015750  0.47628948  0.45286755  0.45286755  0.45286755  0.27881044  0.21746345  0.33572584  0.32593378  0.32593378  0.36589630  0.37623002  0.31626837  0.28800037  0.00000000  0.08658959  0.09368518  
6_0_0      0.44142626  0.43015750  0.36589630  0.37623002  0.47628948  0.44142626  0.44142626  0.45286755  0.28800037  0.20082261  0.29730472  0.29730472  0.29730472  0.33572584  0.34564792  0.28800037  0.25189993  0.08658959  0.00000000  0.04537535  
3_0_0      0.43015750  0.41905616  0.37623002  0.38670866  0.48828163  0.45286755  0.45286755  0.46448675  0.31626837  0.20909671  0.32593378  0.32593378  0.32593378  0.36589630  0.37623002  0.27881044  0.26076285  0.09368518  0.04537535  0.00000000  

