20
20_0_0     0.00000000  0.25262631  0.25262631  0.32678593  0.29619441  0.32678593  0.31901465  0.53371543  0.59921235  0.61073556  0.59921235  0.54422395  0.71027605  0.59921235  0.45477682  0.44549438  0.43633073  0.56571527  0.52335891  0.51315005  
16_0_0     0.25262631  0.00000000  0.06201561  0.23867344  0.23867344  0.23867344  0.24561589  0.51315005  0.57670777  0.56571527  0.53371543  0.61073556  0.63435369  0.61073556  0.44549438  0.41834792  0.42728287  0.46418118  0.42728287  0.43633073  
16_1_0     0.25262631  0.06201561  0.00000000  0.21155779  0.23867344  0.21155779  0.23179766  0.51315005  0.63435369  0.62244725  0.58787165  0.62244725  0.64646146  0.64646146  0.43633073  0.39219315  0.40080569  0.43633073  0.41834792  0.40952308  
17_0_0     0.32678593  0.23867344  0.21155779  0.00000000  0.03033663  0.00000000  0.03552008  0.46418118  0.61073556  0.59921235  0.58787165  0.55488898  0.55488898  0.62244725  0.39219315  0.41834792  0.40952308  0.42728287  0.42728287  0.43633073  
19_0_0     0.29619441  0.23867344  0.23867344  0.03033663  0.00000000  0.03033663  0.05663749  0.44549438  0.63435369  0.62244725  0.58787165  0.55488898  0.57670777  0.64646146  0.38368297  0.40952308  0.40080569  0.41834792  0.41834792  0.42728287  
18_0_0     0.32678593  0.23867344  0.21155779  0.00000000  0.03033663  0.00000000  0.03552008  0.46418118  0.61073556  0.59921235  0.58787165  0.55488898  0.55488898  0.62244725  0.39219315  0.41834792  0.40952308  0.42728287  0.42728287  0.43633073  
15_0_0     0.31901465  0.24561589  0.23179766  0.03552008  0.05663749  0.03552008  0.00000000  0.49315887  0.61073556  0.59921235  0.58787165  0.59921235  0.57670777  0.62244725  0.38368297  0.39219315  0.38368297  0.40952308  0.40952308  0.41834792  
9_0_0      0.53371543  0.51315005  0.51315005  0.46418118  0.44549438  0.46418118  0.49315887  0.00000000  0.27407905  0.28137520  0.25970605  0.26685649  0.31901465  0.21155779  0.47371070  0.46418118  0.47371070  0.51315005  0.48336876  0.49315887  
7_0_0      0.59921235  0.57670777  0.63435369  0.61073556  0.63435369  0.61073556  0.61073556  0.27407905  0.00000000  0.00496769  0.03033663  0.10655978  0.10655978  0.12400516  0.67130908  0.61073556  0.62244725  0.69705003  0.63435369  0.64646146  
10_0_0     0.61073556  0.56571527  0.62244725  0.59921235  0.62244725  0.59921235  0.59921235  0.28137520  0.00496769  0.00000000  0.03552008  0.11232781  0.11232781  0.12991604  0.65877750  0.59921235  0.61073556  0.68406389  0.62244725  0.63435369  
5_0_0      0.59921235  0.53371543  0.58787165  0.58787165  0.58787165  0.58787165  0.58787165  0.25970605  0.03033663  0.03552008  0.00000000  0.12991604  0.14188621  0.14794718  0.64646146  0.58787165  0.59921235  0.67130908  0.58787165  0.62244725  
12_0_0     0.54422395  0.61073556  0.62244725  0.55488898  0.55488898  0.55488898  0.59921235  0.26685649  0.10655978  0.11232781  0.12991604  0.00000000  0.17904635  0.16644414  0.63435369  0.62244725  0.61073556  0.63435369  0.62244725  0.61073556  
4_0_0      0.71027605  0.63435369  0.64646146  0.55488898  0.57670777  0.55488898  0.57670777  0.31901465  0.10655978  0.11232781  0.14188621  0.17904635  0.00000000  0.17271752  0.68406389  0.64646146  0.65877750  0.65877750  0.62244725  0.63435369  
8_0_0      0.59921235  0.61073556  0.64646146  0.62244725  0.64646146  0.62244725  0.62244725  0.21155779  0.12400516  0.12991604  0.14794718  0.16644414  0.17271752  0.00000000  0.58787165  0.55488898  0.56571527  0.61073556  0.55488898  0.56571527  
13_0_0     0.45477682  0.44549438  0.43633073  0.39219315  0.38368297  0.39219315  0.38368297  0.47371070  0.67130908  0.65877750  0.64646146  0.63435369  0.68406389  0.58787165  0.00000000  0.04600094  0.04074134  0.10655978  0.09516127  0.07839667  
6_0_0      0.44549438  0.41834792  0.39219315  0.41834792  0.40952308  0.41834792  0.39219315  0.46418118  0.61073556  0.59921235  0.58787165  0.62244725  0.64646146  0.55488898  0.04600094  0.00000000  0.00496769  0.10083785  0.06743443  0.06201561  
3_0_0      0.43633073  0.42728287  0.40080569  0.40952308  0.40080569  0.40952308  0.38368297  0.47371070  0.62244725  0.61073556  0.59921235  0.61073556  0.65877750  0.56571527  0.04074134  0.00496769  0.00000000  0.09516127  0.06201561  0.05663749  
11_0_0     0.56571527  0.46418118  0.43633073  0.42728287  0.41834792  0.42728287  0.40952308  0.51315005  0.69705003  0.68406389  0.67130908  0.63435369  0.65877750  0.61073556  0.10655978  0.10083785  0.09516127  0.00000000  0.05129947  0.03552008  
14_0_0     0.52335891  0.42728287  0.41834792  0.42728287  0.41834792  0.42728287  0.40952308  0.48336876  0.63435369  0.62244725  0.58787165  0.62244725  0.62244725  0.55488898  0.09516127  0.06743443  0.06201561  0.05129947  0.00000000  0.01500767  
2_0_0      0.51315005  0.43633073  0.40952308  0.43633073  0.42728287  0.43633073  0.41834792  0.49315887  0.64646146  0.63435369  0.62244725  0.61073556  0.63435369  0.56571527  0.07839667  0.06201561  0.05663749  0.03552008  0.01500767  0.00000000  

