6
16_0_0     0.00000000  0.01536625  0.02710221  0.02710221  0.03105557  0.02316968  
20_0_0     0.01536625  0.00000000  0.01925776  0.01925776  0.02316968  0.02316968  
15_0_0     0.02710221  0.01925776  0.00000000  0.00764357  0.01536625  0.01149492  
18_0_0     0.02710221  0.01925776  0.00764357  0.00000000  0.01536625  0.01149492  
19_0_0     0.03105557  0.02316968  0.01536625  0.01536625  0.00000000  0.01149492  
17_0_0     0.02316968  0.02316968  0.01149492  0.01149492  0.01149492  0.00000000  

