107
96_0_0     0.00000000  0.37373427  0.35870235  0.32240375  0.30836756  0.45383466  0.47094778  0.40474422  0.45383466  0.48846511  0.48846511  0.54364541  0.57285562  0.53415885  0.49738141  0.49738141  0.32240375  0.53415885  0.51554219  0.53415885  0.56299050  0.57285562  0.50640621  0.53415885  0.64584985  0.76442464  0.80403785  0.77739537  0.83167319  0.92135309  0.84588686  0.86037826  0.97061724  1.00537734  0.93741360  0.93741360  0.97061724  0.90563301  0.92135309  0.97061724  1.02338805  0.86037826  0.92135309  0.80403785  0.79059698  0.81772681  0.89023922  0.87515847  0.86037826  0.92135309  0.98779366  0.87515847  0.86037826  0.87515847  0.81772681  0.90563301  0.90563301  0.97061724  0.81772681  0.70277006  0.72682041  0.63497185  0.66809651  0.76442464  0.70277006  0.67947519  0.75167687  0.76442464  0.69103117  0.84588686  0.83167319  0.80403785  0.80403785  0.81772681  0.79059698  0.81772681  0.80403785  0.76442464  0.81772681  0.76442464  0.87515847  0.79059698  0.73914451  0.65688977  0.65688977  0.66809651  0.67947519  0.69103117  0.69103117  0.70277006  0.67947519  0.69103117  0.66809651  0.70277006  0.75167687  0.80403785  0.81772681  0.72682041  0.77739537  0.73914451  0.90563301  0.84588686  0.79059698  0.81772681  0.71469775  0.64584985  0.80403785  
92_0_0     0.37373427  0.00000000  0.04735149  0.25473739  0.21691561  0.47965472  0.51554219  0.44542394  0.41270361  0.42888335  0.42888335  0.47094778  0.48846511  0.49738141  0.49738141  0.53415885  0.39686933  0.60326362  0.58285373  0.62425111  0.57285562  0.56299050  0.56299050  0.56299050  0.66809651  0.83167319  0.87515847  0.77739537  1.10015185  0.98779366  0.97061724  0.90563301  0.93741360  1.04184705  0.80403785  0.80403785  0.83167319  0.89023922  0.83167319  0.81772681  0.80403785  0.95382962  0.87515847  0.80403785  0.84588686  0.86037826  0.89023922  0.79059698  0.83167319  0.86037826  0.92135309  0.79059698  0.80403785  0.80403785  0.76442464  0.80403785  0.77739537  0.79059698  0.79059698  0.69103117  0.73914451  0.73914451  0.75167687  0.71469775  0.71469775  0.69103117  0.70277006  0.70277006  0.66809651  0.83167319  0.86037826  0.81772681  0.81772681  0.80403785  0.86037826  0.89023922  0.77739537  0.77739537  0.77739537  0.77739537  0.89023922  0.80403785  0.80403785  0.71469775  0.72682041  0.75167687  0.75167687  0.80403785  0.77739537  0.79059698  0.79059698  0.76442464  0.75167687  0.70277006  0.70277006  0.72682041  0.73914451  0.79059698  0.69103117  0.61368313  0.83167319  0.76442464  0.77739537  0.75167687  0.72682041  0.73914451  0.77739537  
89_0_0     0.35870235  0.04735149  0.00000000  0.22930979  0.22930979  0.50640621  0.52479211  0.44542394  0.42888335  0.44542394  0.44542394  0.48846511  0.48846511  0.50640621  0.51554219  0.55325488  0.39686933  0.59298847  0.61368313  0.65688977  0.58285373  0.57285562  0.59298847  0.59298847  0.66809651  0.84588686  0.83167319  0.76442464  1.08020327  1.00537734  1.04184705  0.89023922  0.92135309  0.98779366  0.81772681  0.81772681  0.87515847  0.90563301  0.93741360  0.89023922  0.87515847  0.98779366  0.89023922  0.84588686  0.84588686  0.87515847  0.87515847  0.89023922  0.93741360  0.89023922  0.89023922  0.79059698  0.80403785  0.80403785  0.73914451  0.80403785  0.77739537  0.73914451  0.76442464  0.69103117  0.71469775  0.71469775  0.70277006  0.70277006  0.73914451  0.72682041  0.73914451  0.73914451  0.71469775  0.87515847  0.92135309  0.83167319  0.83167319  0.81772681  0.84588686  0.87515847  0.79059698  0.79059698  0.81772681  0.81772681  0.87515847  0.80403785  0.80403785  0.75167687  0.71469775  0.71469775  0.73914451  0.83167319  0.83167319  0.84588686  0.81772681  0.81772681  0.80403785  0.70277006  0.72682041  0.80403785  0.76442464  0.76442464  0.70277006  0.63497185  0.86037826  0.83167319  0.79059698  0.76442464  0.76442464  0.76442464  0.83167319  
97_0_0     0.32240375  0.25473739  0.22930979  0.00000000  0.11380634  0.55325488  0.52479211  0.47094778  0.47965472  0.49738141  0.49738141  0.56299050  0.54364541  0.50640621  0.52479211  0.57285562  0.40474422  0.65688977  0.61368313  0.66809651  0.66809651  0.65688977  0.66809651  0.66809651  0.69103117  0.73914451  0.79059698  0.73914451  1.02338805  0.93741360  0.86037826  0.86037826  0.93741360  0.92135309  0.84588686  0.84588686  0.93741360  0.89023922  0.89023922  0.89023922  0.95382962  0.95382962  0.93741360  0.84588686  0.84588686  0.86037826  0.84588686  0.92135309  0.90563301  0.87515847  0.83167319  0.84588686  0.86037826  0.86037826  0.72682041  0.80403785  0.72682041  0.84588686  0.86037826  0.69103117  0.71469775  0.71469775  0.71469775  0.73914451  0.70277006  0.77739537  0.79059698  0.80403785  0.76442464  0.80403785  0.79059698  0.80403785  0.83167319  0.79059698  0.77739537  0.77739537  0.70277006  0.80403785  0.83167319  0.77739537  0.80403785  0.87515847  0.89023922  0.71469775  0.70277006  0.73914451  0.69103117  0.77739537  0.77739537  0.76442464  0.79059698  0.83167319  0.79059698  0.69103117  0.75167687  0.81772681  0.79059698  0.71469775  0.70277006  0.64584985  0.84588686  0.83167319  0.75167687  0.80403785  0.80403785  0.72682041  0.86037826  
77_0_0     0.30836756  0.21691561  0.22930979  0.11380634  0.00000000  0.52479211  0.53415885  0.41270361  0.47965472  0.49738141  0.49738141  0.52479211  0.52479211  0.47965472  0.47094778  0.47094778  0.39686933  0.64584985  0.60326362  0.65688977  0.63497185  0.62425111  0.58285373  0.61368313  0.67947519  0.75167687  0.81772681  0.75167687  0.98779366  0.97061724  0.87515847  0.86037826  0.93741360  0.92135309  0.86037826  0.86037826  0.83167319  0.83167319  0.79059698  0.83167319  0.89023922  0.87515847  0.92135309  0.76442464  0.83167319  0.81772681  0.84588686  0.83167319  0.84588686  0.76442464  0.81772681  0.77739537  0.84588686  0.84588686  0.77739537  0.80403785  0.76442464  0.81772681  0.83167319  0.67947519  0.70277006  0.71469775  0.71469775  0.73914451  0.70277006  0.73914451  0.76442464  0.77739537  0.72682041  0.70277006  0.64584985  0.76442464  0.75167687  0.73914451  0.80403785  0.80403785  0.72682041  0.76442464  0.76442464  0.71469775  0.77739537  0.75167687  0.75167687  0.62425111  0.65688977  0.67947519  0.65688977  0.69103117  0.69103117  0.67947519  0.70277006  0.73914451  0.72682041  0.62425111  0.72682041  0.73914451  0.76442464  0.71469775  0.69103117  0.63497185  0.86037826  0.71469775  0.71469775  0.76442464  0.76442464  0.72682041  0.81772681  
80_0_0     0.45383466  0.47965472  0.50640621  0.55325488  0.52479211  0.00000000  0.07221142  0.35870235  0.33671072  0.36618023  0.36618023  0.59298847  0.61368313  0.63497185  0.57285562  0.52479211  0.42888335  0.64584985  0.64584985  0.62425111  0.72682041  0.71469775  0.67947519  0.66809651  0.67947519  0.86037826  0.81772681  0.81772681  0.89023922  0.83167319  0.73914451  0.76442464  0.80403785  0.89023922  0.87515847  0.87515847  0.93741360  0.84588686  0.89023922  0.90563301  0.89023922  0.97061724  0.90563301  0.86037826  0.89023922  0.90563301  0.86037826  0.81772681  0.84588686  0.80403785  0.87515847  0.89023922  0.90563301  0.90563301  0.84588686  0.84588686  0.87515847  0.76442464  0.77739537  0.72682041  0.76442464  0.75167687  0.70277006  0.73914451  0.76442464  0.75167687  0.71469775  0.71469775  0.70277006  0.87515847  0.95382962  0.92135309  0.93741360  0.95382962  0.93741360  0.93741360  0.87515847  0.86037826  0.90563301  0.89023922  0.97061724  0.89023922  0.81772681  0.75167687  0.75167687  0.77739537  0.81772681  0.76442464  0.75167687  0.76442464  0.75167687  0.76442464  0.77739537  0.80403785  0.77739537  0.76442464  0.77739537  0.81772681  0.83167319  0.76442464  0.90563301  0.84588686  0.81772681  0.81772681  0.75167687  0.75167687  0.98779366  
81_0_0     0.47094778  0.51554219  0.52479211  0.52479211  0.53415885  0.07221142  0.00000000  0.32952274  0.38136605  0.41270361  0.41270361  0.57285562  0.55325488  0.58285373  0.53415885  0.52479211  0.38907718  0.64584985  0.64584985  0.64584985  0.71469775  0.67947519  0.69103117  0.70277006  0.67947519  0.80403785  0.80403785  0.80403785  0.83167319  0.83167319  0.75167687  0.76442464  0.80403785  0.86037826  0.90563301  0.90563301  0.97061724  0.84588686  0.92135309  0.98779366  0.92135309  0.93741360  0.97061724  0.90563301  0.93741360  0.95382962  0.89023922  0.90563301  0.90563301  0.83167319  0.90563301  0.92135309  0.92135309  0.89023922  0.79059698  0.86037826  0.87515847  0.83167319  0.81772681  0.72682041  0.76442464  0.79059698  0.71469775  0.76442464  0.80403785  0.84588686  0.71469775  0.71469775  0.80403785  0.92135309  0.97061724  0.92135309  0.97061724  0.95382962  0.97061724  0.97061724  0.92135309  0.89023922  0.90563301  0.92135309  0.95382962  0.92135309  0.84588686  0.72682041  0.70277006  0.72682041  0.76442464  0.70277006  0.69103117  0.70277006  0.69103117  0.70277006  0.66809651  0.77739537  0.75167687  0.76442464  0.80403785  0.75167687  0.89023922  0.81772681  0.86037826  0.90563301  0.80403785  0.80403785  0.71469775  0.73914451  1.02338805  
100_0_0    0.40474422  0.44542394  0.44542394  0.47094778  0.41270361  0.35870235  0.32952274  0.00000000  0.13551263  0.14660875  0.14660875  0.44542394  0.43710754  0.45383466  0.44542394  0.44542394  0.29459209  0.61368313  0.57285562  0.61368313  0.57285562  0.56299050  0.55325488  0.61368313  0.72682041  0.76442464  0.87515847  0.77739537  0.83167319  0.92135309  0.76442464  0.81772681  0.79059698  0.83167319  0.90563301  0.90563301  0.90563301  0.89023922  0.93741360  0.87515847  0.84588686  1.00537734  1.08020327  0.98779366  0.92135309  0.92135309  0.90563301  0.92135309  0.90563301  0.90563301  0.90563301  0.86037826  0.84588686  0.84588686  0.87515847  0.97061724  0.86037826  0.80403785  0.89023922  0.72682041  0.75167687  0.80403785  0.83167319  0.77739537  0.97061724  0.90563301  0.75167687  0.76442464  0.90563301  0.86037826  0.86037826  0.83167319  0.90563301  0.86037826  0.89023922  0.89023922  0.90563301  0.89023922  0.89023922  0.87515847  0.97061724  0.81772681  0.81772681  0.64584985  0.64584985  0.65688977  0.66809651  0.75167687  0.72682041  0.71469775  0.73914451  0.76442464  0.71469775  0.75167687  0.73914451  0.83167319  0.80403785  0.77739537  0.79059698  0.81772681  0.87515847  0.86037826  0.92135309  0.95382962  0.84588686  0.84588686  0.89023922  
91_0_0     0.45383466  0.41270361  0.42888335  0.47965472  0.47965472  0.33671072  0.38136605  0.13551263  0.00000000  0.01857941  0.01857941  0.42888335  0.45383466  0.43710754  0.43710754  0.47094778  0.30144784  0.60326362  0.63497185  0.59298847  0.64584985  0.65688977  0.60326362  0.58285373  0.72682041  0.86037826  0.90563301  0.79059698  0.92135309  0.90563301  0.79059698  0.86037826  0.80403785  0.89023922  0.86037826  0.86037826  0.86037826  0.86037826  0.90563301  0.83167319  0.81772681  0.93741360  0.97061724  0.97061724  0.90563301  0.95382962  0.90563301  0.86037826  0.84588686  0.92135309  0.95382962  0.89023922  0.90563301  0.92135309  0.89023922  0.89023922  0.87515847  0.76442464  0.80403785  0.75167687  0.77739537  0.84588686  0.86037826  0.86037826  0.90563301  0.87515847  0.73914451  0.75167687  0.81772681  0.97061724  0.97061724  0.90563301  0.89023922  0.92135309  0.95382962  0.95382962  0.90563301  0.93741360  0.97061724  0.93741360  1.04184705  0.87515847  0.84588686  0.75167687  0.75167687  0.77739537  0.77739537  0.80403785  0.77739537  0.79059698  0.79059698  0.80403785  0.77739537  0.79059698  0.76442464  0.80403785  0.86037826  0.87515847  0.81772681  0.80403785  0.93741360  0.93741360  0.92135309  0.92135309  0.87515847  0.83167319  0.90563301  
95_0_0     0.48846511  0.42888335  0.44542394  0.49738141  0.49738141  0.36618023  0.41270361  0.14660875  0.01857941  0.00000000  0.00000000  0.46234186  0.47094778  0.47094778  0.42888335  0.47965472  0.32952274  0.64584985  0.65688977  0.63497185  0.65688977  0.66809651  0.61368313  0.61368313  0.76442464  0.86037826  0.90563301  0.81772681  0.97061724  0.89023922  0.83167319  0.84588686  0.81772681  0.87515847  0.89023922  0.89023922  0.89023922  0.89023922  0.93741360  0.83167319  0.84588686  1.00537734  0.95382962  1.00537734  0.93741360  0.98779366  0.93741360  0.92135309  0.90563301  0.95382962  0.95382962  0.92135309  0.93741360  0.95382962  0.92135309  0.92135309  0.90563301  0.80403785  0.84588686  0.80403785  0.83167319  0.87515847  0.92135309  0.89023922  0.90563301  0.87515847  0.75167687  0.76442464  0.84588686  0.97061724  1.00537734  0.93741360  0.92135309  0.95382962  0.98779366  0.98779366  0.93741360  0.97061724  1.00537734  0.97061724  1.08020327  0.90563301  0.87515847  0.72682041  0.75167687  0.77739537  0.77739537  0.83167319  0.80403785  0.81772681  0.81772681  0.83167319  0.80403785  0.79059698  0.79059698  0.80403785  0.89023922  0.90563301  0.84588686  0.80403785  0.97061724  0.97061724  0.95382962  0.95382962  0.93741360  0.86037826  0.92135309  
88_0_0     0.48846511  0.42888335  0.44542394  0.49738141  0.49738141  0.36618023  0.41270361  0.14660875  0.01857941  0.00000000  0.00000000  0.46234186  0.47094778  0.47094778  0.42888335  0.47965472  0.32952274  0.64584985  0.65688977  0.63497185  0.65688977  0.66809651  0.61368313  0.61368313  0.76442464  0.86037826  0.90563301  0.81772681  0.97061724  0.89023922  0.83167319  0.84588686  0.81772681  0.87515847  0.89023922  0.89023922  0.89023922  0.89023922  0.93741360  0.83167319  0.84588686  1.00537734  0.95382962  1.00537734  0.93741360  0.98779366  0.93741360  0.92135309  0.90563301  0.95382962  0.95382962  0.92135309  0.93741360  0.95382962  0.92135309  0.92135309  0.90563301  0.80403785  0.84588686  0.80403785  0.83167319  0.87515847  0.92135309  0.89023922  0.90563301  0.87515847  0.75167687  0.76442464  0.84588686  0.97061724  1.00537734  0.93741360  0.92135309  0.95382962  0.98779366  0.98779366  0.93741360  0.97061724  1.00537734  0.97061724  1.08020327  0.90563301  0.87515847  0.72682041  0.75167687  0.77739537  0.77739537  0.83167319  0.80403785  0.81772681  0.81772681  0.83167319  0.80403785  0.79059698  0.79059698  0.80403785  0.89023922  0.90563301  0.84588686  0.80403785  0.97061724  0.97061724  0.95382962  0.95382962  0.93741360  0.86037826  0.92135309  
86_0_0     0.54364541  0.47094778  0.48846511  0.56299050  0.52479211  0.59298847  0.57285562  0.44542394  0.42888335  0.46234186  0.46234186  0.00000000  0.06717232  0.11917364  0.22308681  0.21079533  0.42888335  0.65688977  0.80403785  0.81772681  0.71469775  0.75167687  0.75167687  0.70277006  0.81772681  0.87515847  0.93741360  0.81772681  1.23262453  1.04184705  1.00537734  0.98779366  0.95382962  0.98779366  0.89023922  0.89023922  0.95382962  0.93741360  1.08020327  0.98779366  0.98779366  0.93741360  1.06077723  0.93741360  0.83167319  0.97061724  0.93741360  0.97061724  0.93741360  1.06077723  1.04184705  1.10015185  1.00537734  1.02338805  0.97061724  1.08020327  1.02338805  1.06077723  0.97061724  0.75167687  0.76442464  0.79059698  0.81772681  0.90563301  0.83167319  0.83167319  0.72682041  0.75167687  0.89023922  0.95382962  0.86037826  0.83167319  0.86037826  0.86037826  0.95382962  0.98779366  0.81772681  0.80403785  0.79059698  0.76442464  0.87515847  0.86037826  0.84588686  0.73914451  0.77739537  0.81772681  0.76442464  0.71469775  0.71469775  0.72682041  0.72682041  0.70277006  0.71469775  0.80403785  0.73914451  0.76442464  0.87515847  0.81772681  0.87515847  0.77739537  0.93741360  0.93741360  0.86037826  0.92135309  0.84588686  0.83167319  0.86037826  
84_0_0     0.57285562  0.48846511  0.48846511  0.54364541  0.52479211  0.61368313  0.55325488  0.43710754  0.45383466  0.47094778  0.47094778  0.06717232  0.00000000  0.13002621  0.24191462  0.24191462  0.42074936  0.70277006  0.80403785  0.81772681  0.70277006  0.73914451  0.71469775  0.76442464  0.77739537  0.93741360  0.97061724  0.84588686  1.20883668  1.00537734  1.04184705  0.98779366  0.98779366  0.97061724  0.89023922  0.89023922  0.89023922  0.93741360  1.04184705  0.95382962  0.89023922  1.02338805  1.04184705  0.95382962  0.90563301  0.95382962  0.90563301  1.00537734  0.97061724  1.06077723  1.04184705  0.98779366  1.00537734  1.02338805  0.93741360  1.06077723  1.00537734  1.12065187  0.98779366  0.72682041  0.73914451  0.79059698  0.81772681  0.87515847  0.84588686  0.84588686  0.77739537  0.80403785  0.92135309  0.98779366  0.86037826  0.83167319  0.89023922  0.86037826  0.95382962  0.98779366  0.84588686  0.86037826  0.84588686  0.81772681  0.84588686  0.87515847  0.86037826  0.75167687  0.71469775  0.75167687  0.72682041  0.71469775  0.71469775  0.72682041  0.72682041  0.70277006  0.71469775  0.77739537  0.73914451  0.73914451  0.87515847  0.80403785  0.84588686  0.81772681  0.87515847  0.89023922  0.84588686  0.87515847  0.86037826  0.81772681  0.90563301  
82_0_0     0.53415885  0.49738141  0.50640621  0.50640621  0.47965472  0.63497185  0.58285373  0.45383466  0.43710754  0.47094778  0.47094778  0.11917364  0.13002621  0.00000000  0.25473739  0.26778576  0.38136605  0.64584985  0.71469775  0.70277006  0.71469775  0.77739537  0.71469775  0.66809651  0.77739537  0.86037826  0.93741360  0.80403785  1.18578815  1.04184705  1.04184705  0.95382962  0.95382962  1.08020327  0.86037826  0.86037826  0.86037826  0.90563301  1.02338805  0.95382962  0.93741360  0.95382962  1.14173467  1.04184705  0.98779366  0.97061724  0.98779366  1.04184705  1.00537734  0.97061724  0.97061724  0.95382962  0.90563301  0.90563301  0.95382962  0.95382962  0.92135309  0.97061724  0.89023922  0.79059698  0.75167687  0.79059698  0.83167319  0.87515847  0.86037826  0.84588686  0.83167319  0.86037826  0.89023922  1.02338805  0.95382962  0.86037826  0.90563301  0.90563301  0.95382962  0.92135309  0.86037826  0.90563301  0.92135309  0.86037826  0.92135309  0.87515847  0.90563301  0.69103117  0.70277006  0.75167687  0.70277006  0.73914451  0.73914451  0.72682041  0.75167687  0.72682041  0.73914451  0.75167687  0.76442464  0.75167687  0.80403785  0.77739537  0.76442464  0.73914451  0.89023922  0.93741360  0.90563301  0.93741360  0.87515847  0.86037826  0.93741360  
94_0_0     0.49738141  0.49738141  0.51554219  0.52479211  0.47094778  0.57285562  0.53415885  0.44542394  0.43710754  0.42888335  0.42888335  0.22308681  0.24191462  0.25473739  0.00000000  0.09793362  0.41270361  0.58285373  0.66809651  0.65688977  0.63497185  0.64584985  0.63497185  0.60326362  0.73914451  0.93741360  0.98779366  0.93741360  1.25720071  1.06077723  1.06077723  0.93741360  0.97061724  1.06077723  0.90563301  0.90563301  0.92135309  0.89023922  1.00537734  0.92135309  1.08020327  0.98779366  0.97061724  1.02338805  0.97061724  1.00537734  1.10015185  1.04184705  1.02338805  1.02338805  1.02338805  1.02338805  1.04184705  1.06077723  0.92135309  1.06077723  1.02338805  1.12065187  1.00537734  0.77739537  0.73914451  0.79059698  0.81772681  0.84588686  0.72682041  0.72682041  0.71469775  0.72682041  0.81772681  0.89023922  0.80403785  0.93741360  0.92135309  0.98779366  0.90563301  0.90563301  0.90563301  0.93741360  0.97061724  0.90563301  0.95382962  0.86037826  0.84588686  0.65688977  0.69103117  0.70277006  0.70277006  0.75167687  0.75167687  0.76442464  0.76442464  0.75167687  0.72682041  0.69103117  0.81772681  0.76442464  0.93741360  0.81772681  0.77739537  0.72682041  0.93741360  0.95382962  0.86037826  0.89023922  0.86037826  0.80403785  0.93741360  
99_0_0     0.49738141  0.53415885  0.55325488  0.57285562  0.47094778  0.52479211  0.52479211  0.44542394  0.47094778  0.47965472  0.47965472  0.21079533  0.24191462  0.26778576  0.09793362  0.00000000  0.45383466  0.56299050  0.61368313  0.64584985  0.63497185  0.64584985  0.63497185  0.61368313  0.80403785  0.95382962  1.00537734  0.95382962  1.16343437  1.00537734  1.10015185  0.98779366  0.98779366  1.04184705  0.90563301  0.90563301  0.92135309  0.92135309  0.98779366  0.90563301  1.04184705  0.92135309  0.92135309  1.02338805  0.95382962  1.06077723  1.06077723  1.06077723  1.04184705  1.00537734  1.00537734  1.04184705  1.02338805  1.04184705  0.93741360  1.14173467  1.04184705  1.00537734  0.95382962  0.71469775  0.67947519  0.77739537  0.77739537  0.86037826  0.76442464  0.73914451  0.76442464  0.77739537  0.80403785  0.97061724  0.87515847  0.95382962  0.97061724  1.04184705  0.92135309  0.95382962  0.95382962  0.95382962  0.98779366  0.90563301  0.92135309  0.90563301  0.89023922  0.67947519  0.73914451  0.75167687  0.71469775  0.71469775  0.71469775  0.72682041  0.72682041  0.71469775  0.71469775  0.76442464  0.81772681  0.79059698  0.87515847  0.79059698  0.79059698  0.72682041  0.92135309  0.93741360  0.81772681  0.81772681  0.81772681  0.79059698  0.84588686  
93_0_0     0.32240375  0.39686933  0.39686933  0.40474422  0.39686933  0.42888335  0.38907718  0.29459209  0.30144784  0.32952274  0.32952274  0.42888335  0.42074936  0.38136605  0.41270361  0.45383466  0.00000000  0.47094778  0.50640621  0.47965472  0.51554219  0.52479211  0.47965472  0.47965472  0.60326362  0.75167687  0.75167687  0.71469775  0.84588686  0.86037826  0.81772681  0.89023922  0.87515847  0.90563301  0.83167319  0.83167319  0.79059698  0.80403785  0.90563301  0.87515847  0.77739537  0.89023922  0.90563301  0.75167687  0.84588686  0.79059698  0.76442464  0.76442464  0.77739537  0.81772681  0.86037826  0.70277006  0.75167687  0.76442464  0.73914451  0.75167687  0.71469775  0.73914451  0.77739537  0.71469775  0.70277006  0.75167687  0.71469775  0.73914451  0.67947519  0.65688977  0.75167687  0.76442464  0.72682041  0.77739537  0.75167687  0.79059698  0.77739537  0.81772681  0.87515847  0.87515847  0.79059698  0.79059698  0.79059698  0.75167687  0.81772681  0.84588686  0.84588686  0.60326362  0.58285373  0.59298847  0.62425111  0.65688977  0.63497185  0.64584985  0.64584985  0.64584985  0.64584985  0.67947519  0.66809651  0.70277006  0.70277006  0.64584985  0.66809651  0.69103117  0.89023922  0.84588686  0.72682041  0.72682041  0.67947519  0.60326362  0.76442464  
83_0_0     0.53415885  0.60326362  0.59298847  0.65688977  0.64584985  0.64584985  0.64584985  0.61368313  0.60326362  0.64584985  0.64584985  0.65688977  0.70277006  0.64584985  0.58285373  0.56299050  0.47094778  0.00000000  0.13002621  0.11380634  0.25473739  0.27439706  0.26778576  0.26778576  0.35870235  0.79059698  0.84588686  0.76442464  0.93741360  0.84588686  0.86037826  0.89023922  0.89023922  0.93741360  0.84588686  0.84588686  0.90563301  0.92135309  0.95382962  0.93741360  0.92135309  1.02338805  1.12065187  0.93741360  0.84588686  0.90563301  0.97061724  0.92135309  0.90563301  0.84588686  0.81772681  0.75167687  0.73914451  0.73914451  0.77739537  0.83167319  0.79059698  0.80403785  0.86037826  0.65688977  0.64584985  0.69103117  0.65688977  0.70277006  0.69103117  0.67947519  0.72682041  0.69103117  0.65688977  0.83167319  0.81772681  0.97061724  0.92135309  0.95382962  0.89023922  0.92135309  0.87515847  0.92135309  0.95382962  0.87515847  0.95382962  0.98779366  0.93741360  0.69103117  0.71469775  0.70277006  0.73914451  0.76442464  0.75167687  0.76442464  0.76442464  0.77739537  0.76442464  0.77739537  0.71469775  0.72682041  0.67947519  0.59298847  0.72682041  0.86037826  0.87515847  0.97061724  0.90563301  0.90563301  0.90563301  0.90563301  0.79059698  
87_0_0     0.51554219  0.58285373  0.61368313  0.61368313  0.60326362  0.64584985  0.64584985  0.57285562  0.63497185  0.65688977  0.65688977  0.80403785  0.80403785  0.71469775  0.66809651  0.61368313  0.50640621  0.13002621  0.00000000  0.05225726  0.27439706  0.29459209  0.28779913  0.26778576  0.32952274  0.92135309  0.95382962  0.89023922  0.92135309  0.93741360  0.86037826  0.93741360  0.95382962  1.00537734  0.84588686  0.84588686  0.89023922  0.92135309  0.89023922  1.04184705  0.95382962  1.04184705  1.23262453  0.90563301  0.87515847  0.98779366  1.02338805  1.04184705  1.02338805  0.87515847  0.84588686  0.79059698  0.79059698  0.79059698  0.72682041  0.83167319  0.81772681  0.87515847  0.90563301  0.70277006  0.71469775  0.75167687  0.71469775  0.83167319  0.71469775  0.73914451  0.76442464  0.72682041  0.69103117  0.90563301  0.87515847  1.06077723  1.00537734  1.04184705  0.92135309  0.95382962  0.97061724  0.97061724  0.97061724  0.92135309  1.06077723  1.06077723  1.04184705  0.77739537  0.83167319  0.86037826  0.83167319  0.84588686  0.83167319  0.84588686  0.84588686  0.83167319  0.84588686  0.87515847  0.86037826  0.81772681  0.77739537  0.69103117  0.81772681  0.86037826  0.95382962  0.93741360  1.00537734  1.00537734  0.93741360  0.93741360  0.93741360  
98_0_0     0.53415885  0.62425111  0.65688977  0.66809651  0.65688977  0.62425111  0.64584985  0.61368313  0.59298847  0.63497185  0.63497185  0.81772681  0.81772681  0.70277006  0.65688977  0.64584985  0.47965472  0.11380634  0.05225726  0.00000000  0.28106782  0.30144784  0.28106782  0.24829829  0.32952274  0.92135309  0.95382962  0.87515847  0.90563301  0.92135309  0.84588686  0.90563301  0.89023922  1.00537734  0.89023922  0.89023922  0.90563301  0.92135309  0.89023922  1.04184705  0.97061724  1.00537734  1.20883668  0.90563301  0.89023922  0.92135309  0.98779366  0.92135309  0.90563301  0.84588686  0.84588686  0.80403785  0.84588686  0.84588686  0.77739537  0.84588686  0.83167319  0.89023922  0.92135309  0.69103117  0.70277006  0.75167687  0.72682041  0.84588686  0.71469775  0.72682041  0.83167319  0.79059698  0.70277006  0.84588686  0.83167319  0.97061724  0.92135309  0.98779366  0.89023922  0.89023922  0.89023922  0.89023922  0.89023922  0.86037826  0.97061724  1.02338805  1.00537734  0.75167687  0.80403785  0.79059698  0.81772681  0.83167319  0.81772681  0.83167319  0.83167319  0.81772681  0.83167319  0.83167319  0.81772681  0.77739537  0.75167687  0.66809651  0.80403785  0.86037826  0.92135309  0.90563301  0.97061724  0.97061724  0.90563301  0.87515847  0.92135309  
78_0_0     0.56299050  0.57285562  0.58285373  0.66809651  0.63497185  0.72682041  0.71469775  0.57285562  0.64584985  0.65688977  0.65688977  0.71469775  0.70277006  0.71469775  0.63497185  0.63497185  0.51554219  0.25473739  0.27439706  0.28106782  0.00000000  0.02329791  0.10847760  0.22930979  0.27439706  0.83167319  0.83167319  0.86037826  1.00537734  0.98779366  0.92135309  0.95382962  1.06077723  0.92135309  0.79059698  0.79059698  0.84588686  0.83167319  0.89023922  0.90563301  0.84588686  1.06077723  1.04184705  0.93741360  0.95382962  0.98779366  1.02338805  0.90563301  0.92135309  0.89023922  0.90563301  0.84588686  0.83167319  0.84588686  0.81772681  0.90563301  0.89023922  0.83167319  0.80403785  0.80403785  0.79059698  0.81772681  0.76442464  0.75167687  0.79059698  0.72682041  0.77739537  0.79059698  0.73914451  0.89023922  0.83167319  0.87515847  0.90563301  0.89023922  0.92135309  0.95382962  0.81772681  0.86037826  0.84588686  0.81772681  0.90563301  0.98779366  0.93741360  0.69103117  0.70277006  0.72682041  0.70277006  0.77739537  0.76442464  0.77739537  0.77739537  0.79059698  0.79059698  0.79059698  0.64584985  0.69103117  0.66809651  0.63497185  0.79059698  0.86037826  0.81772681  0.92135309  0.76442464  0.76442464  0.79059698  0.80403785  0.81772681  
79_0_0     0.57285562  0.56299050  0.57285562  0.65688977  0.62425111  0.71469775  0.67947519  0.56299050  0.65688977  0.66809651  0.66809651  0.75167687  0.73914451  0.77739537  0.64584985  0.64584985  0.52479211  0.27439706  0.29459209  0.30144784  0.02329791  0.00000000  0.10318687  0.23558543  0.28106782  0.84588686  0.86037826  0.90563301  1.06077723  0.97061724  0.93741360  0.97061724  1.04184705  0.93741360  0.81772681  0.81772681  0.87515847  0.86037826  0.92135309  0.97061724  0.87515847  1.02338805  1.00537734  0.92135309  0.95382962  0.95382962  1.02338805  0.87515847  0.89023922  0.92135309  0.93741360  0.87515847  0.83167319  0.84588686  0.81772681  0.93741360  0.92135309  0.84588686  0.81772681  0.81772681  0.83167319  0.86037826  0.77739537  0.73914451  0.77739537  0.72682041  0.76442464  0.77739537  0.77739537  0.86037826  0.83167319  0.84588686  0.90563301  0.86037826  0.92135309  0.95382962  0.81772681  0.83167319  0.81772681  0.81772681  0.89023922  0.98779366  0.93741360  0.70277006  0.71469775  0.73914451  0.73914451  0.79059698  0.77739537  0.79059698  0.79059698  0.80403785  0.77739537  0.77739537  0.63497185  0.70277006  0.67947519  0.62425111  0.83167319  0.81772681  0.83167319  0.86037826  0.75167687  0.72682041  0.77739537  0.79059698  0.81772681  
76_0_0     0.50640621  0.56299050  0.59298847  0.66809651  0.58285373  0.67947519  0.69103117  0.55325488  0.60326362  0.61368313  0.61368313  0.75167687  0.71469775  0.71469775  0.63497185  0.63497185  0.47965472  0.26778576  0.28779913  0.28106782  0.10847760  0.10318687  0.00000000  0.14660875  0.26778576  0.83167319  0.84588686  0.89023922  0.98779366  0.93741360  0.89023922  0.93741360  1.04184705  0.89023922  0.86037826  0.86037826  0.81772681  0.86037826  0.79059698  0.92135309  0.81772681  1.02338805  0.95382962  0.84588686  0.90563301  0.95382962  1.06077723  0.87515847  0.89023922  0.83167319  0.87515847  0.77739537  0.80403785  0.81772681  0.84588686  0.90563301  0.92135309  0.86037826  0.84588686  0.81772681  0.77739537  0.80403785  0.72682041  0.71469775  0.75167687  0.67947519  0.76442464  0.77739537  0.70277006  0.92135309  0.86037826  0.83167319  0.87515847  0.89023922  0.95382962  0.98779366  0.83167319  0.84588686  0.83167319  0.81772681  0.89023922  0.98779366  0.97061724  0.73914451  0.75167687  0.72682041  0.80403785  0.77739537  0.76442464  0.77739537  0.77739537  0.77739537  0.77739537  0.79059698  0.65688977  0.72682041  0.67947519  0.66809651  0.77739537  0.87515847  0.87515847  0.79059698  0.73914451  0.73914451  0.81772681  0.80403785  0.81772681  
90_0_0     0.53415885  0.56299050  0.59298847  0.66809651  0.61368313  0.66809651  0.70277006  0.61368313  0.58285373  0.61368313  0.61368313  0.70277006  0.76442464  0.66809651  0.60326362  0.61368313  0.47965472  0.26778576  0.26778576  0.24829829  0.22930979  0.23558543  0.14660875  0.00000000  0.16931180  0.90563301  0.93741360  0.86037826  0.95382962  0.92135309  0.92135309  0.93741360  0.93741360  0.95382962  0.90563301  0.90563301  0.87515847  0.92135309  0.81772681  0.98779366  0.90563301  1.06077723  1.02338805  0.86037826  0.83167319  0.86037826  0.98779366  0.87515847  0.87515847  0.98779366  0.93741360  0.81772681  0.84588686  0.84588686  0.89023922  0.95382962  0.93741360  0.87515847  1.00537734  0.84588686  0.81772681  0.81772681  0.73914451  0.77739537  0.75167687  0.67947519  0.76442464  0.77739537  0.73914451  1.02338805  0.90563301  0.93741360  0.92135309  1.02338805  0.92135309  0.95382962  0.92135309  0.92135309  0.90563301  0.89023922  0.95382962  1.04184705  1.02338805  0.84588686  0.89023922  0.86037826  0.86037826  0.89023922  0.87515847  0.89023922  0.89023922  0.87515847  0.93741360  0.87515847  0.81772681  0.84588686  0.75167687  0.70277006  0.77739537  0.77739537  0.92135309  0.87515847  0.80403785  0.83167319  0.87515847  0.92135309  0.86037826  
85_0_0     0.64584985  0.66809651  0.66809651  0.69103117  0.67947519  0.67947519  0.67947519  0.72682041  0.72682041  0.76442464  0.76442464  0.81772681  0.77739537  0.77739537  0.73914451  0.80403785  0.60326362  0.35870235  0.32952274  0.32952274  0.27439706  0.28106782  0.26778576  0.16931180  0.00000000  1.00537734  0.90563301  0.92135309  0.95382962  0.90563301  0.92135309  0.90563301  0.92135309  0.95382962  0.90563301  0.90563301  0.90563301  0.89023922  0.89023922  1.06077723  0.95382962  1.08020327  1.06077723  0.81772681  0.79059698  0.90563301  0.92135309  0.86037826  0.86037826  1.00537734  0.92135309  0.83167319  0.89023922  0.87515847  0.83167319  0.89023922  0.90563301  1.00537734  0.95382962  0.90563301  0.93741360  0.89023922  0.80403785  0.83167319  0.79059698  0.73914451  0.77739537  0.79059698  0.81772681  1.02338805  0.97061724  0.97061724  0.97061724  1.00537734  1.00537734  1.00537734  0.92135309  0.92135309  0.92135309  0.89023922  0.97061724  1.00537734  0.98779366  0.93741360  0.93741360  0.97061724  0.84588686  0.87515847  0.87515847  0.89023922  0.87515847  0.95382962  1.06077723  0.90563301  0.79059698  0.77739537  0.81772681  0.80403785  0.98779366  0.95382962  0.92135309  1.04184705  0.86037826  0.92135309  0.92135309  0.95382962  1.00537734  
16_0_0     0.76442464  0.83167319  0.84588686  0.73914451  0.75167687  0.86037826  0.80403785  0.76442464  0.86037826  0.86037826  0.86037826  0.87515847  0.93741360  0.86037826  0.93741360  0.95382962  0.75167687  0.79059698  0.92135309  0.92135309  0.83167319  0.84588686  0.83167319  0.90563301  1.00537734  0.00000000  0.07728498  0.10847760  0.42074936  0.33671072  0.38136605  0.35870235  0.38907718  0.38907718  0.38907718  0.38907718  0.38136605  0.38907718  0.41270361  0.42074936  0.38136605  0.40474422  0.47094778  0.35129911  0.36618023  0.35870235  0.37373427  0.37373427  0.35870235  0.32952274  0.32240375  0.35870235  0.33671072  0.32952274  0.33671072  0.36618023  0.35129911  0.35870235  0.32240375  0.34396905  0.35870235  0.38907718  0.42888335  0.30836756  0.39686933  0.42074936  0.44542394  0.43710754  0.36618023  0.57285562  0.54364541  0.55325488  0.62425111  0.58285373  0.62425111  0.64584985  0.60326362  0.60326362  0.61368313  0.58285373  0.66809651  0.72682041  0.69103117  0.46234186  0.50640621  0.50640621  0.47965472  0.53415885  0.51554219  0.52479211  0.52479211  0.52479211  0.51554219  0.48846511  0.47094778  0.53415885  0.48846511  0.45383466  0.53415885  0.53415885  0.63497185  0.62425111  0.57285562  0.62425111  0.59298847  0.55325488  0.65688977  
50_0_0     0.80403785  0.87515847  0.83167319  0.79059698  0.81772681  0.81772681  0.80403785  0.87515847  0.90563301  0.90563301  0.90563301  0.93741360  0.97061724  0.93741360  0.98779366  1.00537734  0.75167687  0.84588686  0.95382962  0.95382962  0.83167319  0.86037826  0.84588686  0.93741360  0.90563301  0.07728498  0.00000000  0.15221969  0.47094778  0.35870235  0.41270361  0.39686933  0.40474422  0.41270361  0.42888335  0.42888335  0.40474422  0.41270361  0.45383466  0.45383466  0.42888335  0.42074936  0.50640621  0.38907718  0.42074936  0.42888335  0.42074936  0.41270361  0.41270361  0.35129911  0.31535245  0.35129911  0.35129911  0.35129911  0.33671072  0.35870235  0.35129911  0.38136605  0.31535245  0.36618023  0.38136605  0.38136605  0.38907718  0.29459209  0.40474422  0.41270361  0.47094778  0.46234186  0.35870235  0.65688977  0.62425111  0.57285562  0.63497185  0.62425111  0.69103117  0.69103117  0.59298847  0.58285373  0.61368313  0.58285373  0.64584985  0.71469775  0.70277006  0.51554219  0.54364541  0.52479211  0.52479211  0.59298847  0.59298847  0.60326362  0.58285373  0.60326362  0.57285562  0.51554219  0.52479211  0.56299050  0.49738141  0.45383466  0.59298847  0.59298847  0.62425111  0.65688977  0.54364541  0.60326362  0.59298847  0.56299050  0.73914451  
54_0_0     0.77739537  0.77739537  0.76442464  0.73914451  0.75167687  0.81772681  0.80403785  0.77739537  0.79059698  0.81772681  0.81772681  0.81772681  0.84588686  0.80403785  0.93741360  0.95382962  0.71469775  0.76442464  0.89023922  0.87515847  0.86037826  0.90563301  0.89023922  0.86037826  0.92135309  0.10847760  0.15221969  0.00000000  0.38907718  0.35129911  0.37373427  0.37373427  0.32952274  0.38907718  0.38907718  0.38907718  0.38136605  0.35870235  0.40474422  0.43710754  0.34396905  0.34396905  0.43710754  0.34396905  0.32240375  0.36618023  0.36618023  0.36618023  0.35129911  0.35870235  0.30836756  0.35129911  0.35870235  0.34396905  0.32952274  0.36618023  0.32952274  0.31535245  0.28106782  0.30836756  0.32240375  0.35870235  0.38136605  0.28779913  0.41270361  0.44542394  0.44542394  0.43710754  0.33671072  0.60326362  0.55325488  0.56299050  0.63497185  0.63497185  0.61368313  0.63497185  0.60326362  0.57285562  0.60326362  0.59298847  0.64584985  0.71469775  0.67947519  0.49738141  0.52479211  0.52479211  0.50640621  0.47094778  0.48846511  0.49738141  0.47965472  0.49738141  0.54364541  0.52479211  0.49738141  0.56299050  0.48846511  0.47094778  0.54364541  0.52479211  0.66809651  0.65688977  0.59298847  0.62425111  0.59298847  0.49738141  0.61368313  
35_0_0     0.83167319  1.10015185  1.08020327  1.02338805  0.98779366  0.89023922  0.83167319  0.83167319  0.92135309  0.97061724  0.97061724  1.23262453  1.20883668  1.18578815  1.25720071  1.16343437  0.84588686  0.93741360  0.92135309  0.90563301  1.00537734  1.06077723  0.98779366  0.95382962  0.95382962  0.42074936  0.47094778  0.38907718  0.00000000  0.32952274  0.32240375  0.33671072  0.32240375  0.30836756  0.54364541  0.54364541  0.55325488  0.54364541  0.58285373  0.63497185  0.51554219  0.52479211  0.57285562  0.47965472  0.50640621  0.49738141  0.47965472  0.52479211  0.48846511  0.54364541  0.58285373  0.53415885  0.57285562  0.57285562  0.55325488  0.57285562  0.59298847  0.55325488  0.50640621  0.46234186  0.44542394  0.49738141  0.49738141  0.59298847  0.58285373  0.59298847  0.62425111  0.61368313  0.52479211  0.65688977  0.67947519  0.75167687  0.75167687  0.75167687  0.81772681  0.81772681  0.79059698  0.76442464  0.77739537  0.75167687  0.83167319  0.80403785  0.80403785  0.66809651  0.61368313  0.61368313  0.67947519  0.61368313  0.61368313  0.60326362  0.60326362  0.60326362  0.65688977  0.72682041  0.69103117  0.76442464  0.70277006  0.70277006  0.63497185  0.63497185  0.76442464  0.76442464  0.72682041  0.71469775  0.70277006  0.63497185  0.84588686  
74_0_0     0.92135309  0.98779366  1.00537734  0.93741360  0.97061724  0.83167319  0.83167319  0.92135309  0.90563301  0.89023922  0.89023922  1.04184705  1.00537734  1.04184705  1.06077723  1.00537734  0.86037826  0.84588686  0.93741360  0.92135309  0.98779366  0.97061724  0.93741360  0.92135309  0.90563301  0.33671072  0.35870235  0.35129911  0.32952274  0.00000000  0.19870425  0.11917364  0.11917364  0.12458008  0.54364541  0.54364541  0.56299050  0.57285562  0.55325488  0.53415885  0.50640621  0.52479211  0.50640621  0.39686933  0.47094778  0.47094778  0.46234186  0.47094778  0.48846511  0.51554219  0.50640621  0.45383466  0.51554219  0.48846511  0.48846511  0.49738141  0.49738141  0.46234186  0.42888335  0.42888335  0.41270361  0.42074936  0.42074936  0.44542394  0.39686933  0.38907718  0.51554219  0.51554219  0.39686933  0.69103117  0.69103117  0.70277006  0.73914451  0.67947519  0.72682041  0.73914451  0.66809651  0.72682041  0.71469775  0.70277006  0.72682041  0.84588686  0.76442464  0.70277006  0.70277006  0.71469775  0.72682041  0.69103117  0.66809651  0.67947519  0.67947519  0.62425111  0.67947519  0.70277006  0.61368313  0.62425111  0.65688977  0.61368313  0.62425111  0.59298847  0.65688977  0.72682041  0.58285373  0.61368313  0.63497185  0.56299050  0.70277006  
