10
12_0_0     0.00000000  0.21695919  0.22752697  0.23286758  0.24366499  0.23824673  0.24366499  0.25462112  0.29428787  0.30013089  
6_0_0      0.21695919  0.00000000  0.03615712  0.04028503  0.06554441  0.05280772  0.09613813  0.10511491  0.33005351  0.33618493  
8_0_0      0.22752697  0.03615712  0.00000000  0.01185854  0.06983881  0.06554441  0.10061300  0.10964417  0.31793993  0.32397211  
15_0_0     0.23286758  0.04028503  0.01185854  0.00000000  0.06554441  0.06127462  0.09613813  0.10511491  0.33618493  0.34236722  
11_0_0     0.24366499  0.06554441  0.06983881  0.06554441  0.00000000  0.01987037  0.10511491  0.11420112  0.34236722  0.34860121  
14_0_0     0.23824673  0.05280772  0.06554441  0.06127462  0.01987037  0.00000000  0.10061300  0.10964417  0.33618493  0.34236722  
13_0_0     0.24366499  0.09613813  0.10061300  0.09613813  0.10511491  0.10061300  0.00000000  0.04028503  0.33005351  0.32397211  
4_0_0      0.25462112  0.10511491  0.10964417  0.10511491  0.11420112  0.10964417  0.04028503  0.00000000  0.34236722  0.33618493  
1_0_0      0.29428787  0.33005351  0.31793993  0.33618493  0.34236722  0.33618493  0.33005351  0.34236722  0.00000000  0.01185854  
9_0_0      0.30013089  0.33618493  0.32397211  0.34236722  0.34860121  0.34236722  0.32397211  0.33618493  0.01185854  0.00000000  

