20
4_0_0      0.00000000  0.27176456  0.27798590  0.30340763  0.76354724  0.85300360  0.76354724  0.83954311  0.92424153  0.80057051  0.81333478  0.80057051  0.58286423  0.58286423  0.60197038  0.60197038  0.72828756  0.78802257  0.77568377  1.00307096  
12_0_0     0.27176456  0.00000000  0.03515642  0.24141866  0.86671335  0.77568377  0.76354724  0.81333478  0.81333478  0.88068177  0.95477366  1.00307096  0.66243826  0.68374385  0.68374385  0.68374385  0.73985520  0.73985520  0.72828756  0.95477366  
10_0_0     0.27798590  0.03515642  0.00000000  0.24738915  0.83954311  0.82632298  0.81333478  0.83954311  0.82632298  0.89491882  0.93935022  0.98661929  0.65201107  0.67301442  0.69463105  0.69463105  0.72828756  0.76354724  0.72828756  0.98661929  
13_0_0     0.30340763  0.24141866  0.24738915  0.00000000  0.83954311  0.80057051  0.76354724  0.83954311  0.86671335  0.77568377  0.75160645  0.78802257  0.66243826  0.70568076  0.60197038  0.60197038  0.78802257  0.81333478  0.76354724  0.98661929  
9_0_0      0.76354724  0.86671335  0.83954311  0.83954311  0.00000000  0.24738915  0.28425997  0.29696990  0.33646375  0.34325585  0.33646375  0.35011083  1.30739845  1.19149548  1.21326979  1.21326979  1.28272078  1.09130499  1.07279686  1.35936759  
7_0_0      0.85300360  0.77568377  0.82632298  0.80057051  0.24738915  0.00000000  0.13626892  0.17329360  0.29696990  0.29058766  0.27176456  0.28425997  1.41526193  1.38678741  1.35936759  1.35936759  1.21326979  1.03711338  1.01989652  1.33292712  
18_0_0     0.76354724  0.76354724  0.81333478  0.76354724  0.28425997  0.13626892  0.00000000  0.24738915  0.33646375  0.30990184  0.33646375  0.32306368  1.61383817  1.54156467  1.41526193  1.47572321  1.17034331  1.09130499  1.07279686  1.21326979  
16_0_0     0.83954311  0.81333478  0.83954311  0.83954311  0.29696990  0.17329360  0.24738915  0.00000000  0.32973340  0.29696990  0.30340763  0.32973340  1.33292712  1.30739845  1.23570395  1.23570395  1.21326979  1.30739845  1.28272078  1.30739845  
19_0_0     0.92424153  0.81333478  0.82632298  0.86671335  0.33646375  0.29696990  0.33646375  0.32973340  0.00000000  0.31645351  0.30340763  0.30340763  1.28272078  1.21326979  1.33292712  1.28272078  1.25883920  1.19149548  1.17034331  1.07279686  
15_0_0     0.80057051  0.88068177  0.89491882  0.77568377  0.34325585  0.29058766  0.30990184  0.29696990  0.31645351  0.00000000  0.09123433  0.13626892  1.30739845  1.38678741  1.35936759  1.41526193  1.25883920  1.17034331  1.19149548  1.44487555  
8_0_0      0.81333478  0.95477366  0.93935022  0.75160645  0.33646375  0.27176456  0.33646375  0.30340763  0.30340763  0.09123433  0.00000000  0.03967071  1.25883920  1.33292712  1.25883920  1.30739845  1.19149548  1.28272078  1.30739845  1.35936759  
20_0_0     0.80057051  1.00307096  0.98661929  0.78802257  0.35011083  0.28425997  0.32306368  0.32973340  0.30340763  0.13626892  0.03967071  0.00000000  1.25883920  1.21326979  1.19149548  1.23570395  1.14977871  1.30739845  1.38678741  1.33292712  
17_0_0     0.58286423  0.66243826  0.65201107  0.66243826  1.30739845  1.41526193  1.61383817  1.33292712  1.28272078  1.30739845  1.25883920  1.25883920  0.00000000  0.07206585  0.07206585  0.07206585  0.31645351  0.98661929  1.03711338  1.11028768  
14_0_0     0.58286423  0.68374385  0.67301442  0.70568076  1.19149548  1.38678741  1.54156467  1.30739845  1.21326979  1.38678741  1.33292712  1.21326979  0.07206585  0.00000000  0.07206585  0.07206585  0.31645351  1.03711338  1.07279686  1.17034331  
11_0_0     0.60197038  0.68374385  0.69463105  0.60197038  1.21326979  1.35936759  1.41526193  1.23570395  1.33292712  1.35936759  1.25883920  1.19149548  0.07206585  0.07206585  0.00000000  0.01736955  0.29696990  1.00307096  1.03711338  1.11028768  
6_0_0      0.60197038  0.68374385  0.69463105  0.60197038  1.21326979  1.35936759  1.47572321  1.23570395  1.28272078  1.41526193  1.30739845  1.23570395  0.07206585  0.07206585  0.01736955  0.00000000  0.30340763  1.03711338  1.07279686  1.14977871  
5_0_0      0.72828756  0.73985520  0.72828756  0.78802257  1.28272078  1.21326979  1.17034331  1.21326979  1.25883920  1.25883920  1.19149548  1.14977871  0.31645351  0.31645351  0.29696990  0.30340763  0.00000000  1.09130499  1.05474016  1.21326979  
2_0_0      0.78802257  0.73985520  0.76354724  0.81333478  1.09130499  1.03711338  1.09130499  1.30739845  1.19149548  1.17034331  1.28272078  1.30739845  0.98661929  1.03711338  1.00307096  1.03711338  1.09130499  0.00000000  0.01736955  0.57349292  
1_0_0      0.77568377  0.72828756  0.72828756  0.76354724  1.07279686  1.01989652  1.07279686  1.28272078  1.17034331  1.19149548  1.30739845  1.38678741  1.03711338  1.07279686  1.03711338  1.07279686  1.05474016  0.01736955  0.00000000  0.58286423  
3_0_0      1.00307096  0.95477366  0.98661929  0.98661929  1.35936759  1.33292712  1.21326979  1.30739845  1.07279686  1.44487555  1.35936759  1.33292712  1.11028768  1.17034331  1.11028768  1.14977871  1.21326979  0.57349292  0.58286423  0.00000000  

