20
19_0_0     0.00000000  0.10724786  0.10788288  0.10788288  0.10788288  0.12507712  0.31883384  0.30732137  0.31883384  0.29607327  0.30732137  0.36025283  0.34036775  0.32830571  0.26580354  0.26371034  0.23045069  0.24065642  0.23901538  0.20105045  
5_0_0      0.10724786  0.00000000  0.05493171  0.06967457  0.06967457  0.08435349  0.25989484  0.25989484  0.25989484  0.28048726  0.29111746  0.33074626  0.31144409  0.31379986  0.27472143  0.27261497  0.19981409  0.19048506  0.19867631  0.18133038  
7_0_0      0.10788288  0.05493171  0.00000000  0.01324948  0.01324948  0.11676839  0.29264529  0.29264529  0.29264529  0.29264529  0.30363575  0.32103052  0.32446647  0.31621295  0.30001016  0.27472143  0.21065580  0.22045326  0.22891705  0.19162984  
9_0_0      0.10788288  0.06967457  0.01324948  0.00000000  0.00000000  0.11676839  0.28189601  0.28189601  0.28189601  0.28189601  0.29264529  0.32103052  0.32446647  0.32830571  0.30001016  0.27472143  0.22045326  0.23045069  0.23901538  0.20105045  
13_0_0     0.10788288  0.06967457  0.01324948  0.00000000  0.00000000  0.11676839  0.28189601  0.28189601  0.28189601  0.28189601  0.29264529  0.32103052  0.32446647  0.32830571  0.30001016  0.27472143  0.22045326  0.23045069  0.23901538  0.20105045  
14_0_0     0.12507712  0.08435349  0.11676839  0.11676839  0.11676839  0.00000000  0.27279130  0.27279130  0.27279130  0.27279130  0.28342632  0.33418260  0.29264529  0.36969359  0.24621835  0.28834053  0.23208857  0.22198589  0.22045326  0.20238491  
11_0_0     0.31883384  0.25989484  0.29264529  0.28189601  0.28189601  0.27279130  0.00000000  0.02001107  0.01324948  0.04087457  0.03382088  0.08390925  0.06967457  0.37532248  0.32843762  0.35024302  0.30198347  0.29111746  0.28971442  0.28048726  
17_0_0     0.30732137  0.25989484  0.29264529  0.28189601  0.28189601  0.27279130  0.02001107  0.00000000  0.00657994  0.03382088  0.02686731  0.07637044  0.06224768  0.37532248  0.30541515  0.32638528  0.28048726  0.27008285  0.26890787  0.25989484  
10_0_0     0.31883384  0.25989484  0.29264529  0.28189601  0.28189601  0.27279130  0.01324948  0.00657994  0.00000000  0.02686731  0.02001107  0.08390925  0.06967457  0.37532248  0.30541515  0.32638528  0.28048726  0.27008285  0.26890787  0.25989484  
12_0_0     0.29607327  0.28048726  0.29264529  0.28189601  0.28189601  0.27279130  0.04087457  0.03382088  0.02686731  0.00000000  0.00657994  0.11528121  0.10056215  0.35024302  0.32843762  0.35024302  0.29111746  0.28048726  0.27920069  0.27008285  
4_0_0      0.30732137  0.29111746  0.30363575  0.29264529  0.29264529  0.28342632  0.03382088  0.02686731  0.02001107  0.00657994  0.00000000  0.10724786  0.09265575  0.36262227  0.34036775  0.36262227  0.28048726  0.27008285  0.26890787  0.25989484  
18_0_0     0.36025283  0.33074626  0.32103052  0.32103052  0.32103052  0.33418260  0.08390925  0.07637044  0.08390925  0.11528121  0.10724786  0.00000000  0.04043593  0.35594843  0.32268142  0.33239549  0.31951431  0.33074626  0.32923551  0.31951431  
8_0_0      0.34036775  0.31144409  0.32446647  0.32446647  0.32446647  0.29264529  0.06967457  0.06224768  0.06967457  0.10056215  0.09265575  0.04043593  0.00000000  0.36025283  0.28189601  0.29111746  0.27920069  0.28971442  0.28843688  0.27920069  
6_0_0      0.32830571  0.31379986  0.31621295  0.32830571  0.32830571  0.36969359  0.37532248  0.37532248  0.37532248  0.35024302  0.36262227  0.35594843  0.36025283  0.00000000  0.26580354  0.27472143  0.25810066  0.26874533  0.28874208  0.27962645  
20_0_0     0.26580354  0.27472143  0.30001016  0.30001016  0.30001016  0.24621835  0.32843762  0.30541515  0.30541515  0.32843762  0.34036775  0.32268142  0.28189601  0.26580354  0.00000000  0.06224768  0.27062295  0.28162887  0.27962645  0.27062295  
15_0_0     0.26371034  0.27261497  0.27472143  0.27472143  0.27472143  0.28834053  0.35024302  0.32638528  0.32638528  0.35024302  0.36262227  0.33239549  0.29111746  0.27472143  0.06224768  0.00000000  0.23748111  0.24768240  0.24614794  0.25810066  
1_0_0      0.23045069  0.19981409  0.21065580  0.22045326  0.22045326  0.23208857  0.30198347  0.28048726  0.28048726  0.29111746  0.28048726  0.31951431  0.27920069  0.25810066  0.27062295  0.23748111  0.00000000  0.00657994  0.01990625  0.03382088  
3_0_0      0.24065642  0.19048506  0.22045326  0.23045069  0.23045069  0.22198589  0.29111746  0.27008285  0.27008285  0.28048726  0.27008285  0.33074626  0.28971442  0.26874533  0.28162887  0.24768240  0.00657994  0.00000000  0.01319196  0.04087457  
2_0_0      0.23901538  0.19867631  0.22891705  0.23901538  0.23901538  0.22045326  0.28971442  0.26890787  0.26890787  0.27920069  0.26890787  0.32923551  0.28843688  0.28874208  0.27962645  0.24614794  0.01990625  0.01319196  0.00000000  0.04061962  
16_0_0     0.20105045  0.18133038  0.19162984  0.20105045  0.20105045  0.20238491  0.28048726  0.25989484  0.25989484  0.27008285  0.25989484  0.31951431  0.27920069  0.27962645  0.27062295  0.25810066  0.03382088  0.04087457  0.04061962  0.00000000  

