fastme_mat.p : 2.8815808296203613
fastme.f81 : 5.820601224899292
ba.exp : 39.22018504142761
pipeline_dl6329094 : 48.69465970993042
