fastme_mat.p : 0.7407355788373947
fastme.f81 : 1.8123039478302003
ba.exp : 13.302539739220618
