10
44_0_0     0.00000000  0.03013495  0.11863628  0.20780889  0.23619586  0.23619586  0.21340074  0.15927921  0.15407640  0.15927921  
51_0_0     0.03013495  0.00000000  0.10394714  0.19127994  0.20780889  0.20780889  0.18585048  0.13361973  0.12859182  0.13361973  
49_0_0     0.11863628  0.10394714  0.00000000  0.21340074  0.23043161  0.23043161  0.20780889  0.19127994  0.18585048  0.18046017  
82_0_0     0.20780889  0.19127994  0.21340074  0.00000000  0.02140034  0.02140034  0.04791630  0.13868168  0.13361973  0.12859182  
72_0_0     0.23619586  0.20780889  0.23043161  0.02140034  0.00000000  0.00848679  0.05242849  0.13361973  0.12859182  0.13361973  
67_0_0     0.23619586  0.20780889  0.23043161  0.02140034  0.00848679  0.00000000  0.05242849  0.14377812  0.13868168  0.13361973  
3_0_0      0.21340074  0.18585048  0.20780889  0.04791630  0.05242849  0.05242849  0.00000000  0.12359748  0.11863628  0.11370777  
19_0_0     0.15927921  0.13361973  0.19127994  0.13868168  0.13361973  0.14377812  0.12359748  0.00000000  0.00423136  0.01707100  
73_0_0     0.15407640  0.12859182  0.18585048  0.13361973  0.12859182  0.13868168  0.11863628  0.00423136  0.00000000  0.01276658  
86_0_0     0.15927921  0.13361973  0.18046017  0.12859182  0.13361973  0.13361973  0.11370777  0.01707100  0.01276658  0.00000000  

