158
91_19_0    0.00000000  0.24680816  0.24072181  0.23468551  0.24072181  0.26537591  0.27167100  0.28442545  0.28442545  0.31061896  0.29088674  0.27167100  0.36598799  0.33089618  0.31061896  0.21102466  0.18810258  0.23468551  0.27167100  0.25913434  0.27802053  0.26537591  0.31061896  0.30398245  0.28442545  0.31731600  0.29740540  0.21686877  0.19947417  0.21686877  0.40284163  0.49965999  0.50833540  0.50833540  0.47423239  0.49108590  0.51711454  0.53499418  0.55332012  0.46594852  0.45775708  0.48261079  0.48261079  0.49108590  0.46594852  0.46594852  0.46594852  0.46594852  0.42587576  0.49965999  0.49108590  0.51711454  0.47423239  0.56265754  0.55332012  0.53499418  0.54409997  0.52599993  0.31731600  0.33778164  0.30398245  0.44164339  0.43371725  0.29088674  0.34473229  0.40284163  0.41043966  0.39532142  0.44164339  0.50833540  0.56265754  0.54409997  0.53499418  0.53499418  0.48261079  0.44164339  0.38787746  0.33778164  0.35174937  0.37321221  0.38787746  0.38050822  0.39532142  0.37321221  0.35883416  0.35883416  0.35174937  0.38050822  0.36598799  0.35883416  0.42587576  0.38050822  0.44965603  0.42587576  0.41043966  0.41811714  0.41043966  0.39532142  0.39532142  0.49965999  0.51711454  0.50833540  0.49108590  0.52599993  0.48261079  0.48261079  0.55332012  0.54409997  0.59140416  0.56265754  0.55332012  0.56265754  0.45775708  0.41811714  0.44164339  0.42587576  0.48261079  0.43371725  0.57211523  0.49965999  0.55332012  0.47423239  0.49108590  0.54409997  0.50833540  0.44965603  0.46594852  0.47423239  0.44965603  0.49965999  0.52599993  0.56265754  0.57211523  0.55332012  0.51711454  0.53499418  0.50833540  0.50833540  0.49108590  0.50833540  0.53499418  0.42587576  0.42587576  0.50833540  0.51711454  0.51711454  0.51711454  0.51711454  0.45775708  0.49108590  0.47423239  0.47423239  0.47423239  0.50833540  0.44164339  0.40284163  0.44965603  0.50833540  
42_22_0    0.24680816  0.00000000  0.00437985  0.00878599  0.01321872  0.16042111  0.15500789  0.14963429  0.29088674  0.27802053  0.29740540  0.27802053  0.30398245  0.28442545  0.28442545  0.22275977  0.22869843  0.24072181  0.31061896  0.31061896  0.29088674  0.28442545  0.31061896  0.34473229  0.28442545  0.38787746  0.35883416  0.21686877  0.21102466  0.21686877  0.34473229  0.49965999  0.50833540  0.50833540  0.47423239  0.54409997  0.52599993  0.51711454  0.54409997  0.44965603  0.45775708  0.44965603  0.48261079  0.44164339  0.41811714  0.44965603  0.44965603  0.44965603  0.44164339  0.47423239  0.47423239  0.50833540  0.53499418  0.52599993  0.53499418  0.49965999  0.49108590  0.50833540  0.31061896  0.30398245  0.28442545  0.39532142  0.40284163  0.29740540  0.35174937  0.39532142  0.38050822  0.37321221  0.39532142  0.54409997  0.65251170  0.65251170  0.62132236  0.61121356  0.48261079  0.44965603  0.36598799  0.33778164  0.36598799  0.40284163  0.41811714  0.37321221  0.39532142  0.37321221  0.34473229  0.33089618  0.33778164  0.41811714  0.41811714  0.41811714  0.42587576  0.40284163  0.43371725  0.49108590  0.44164339  0.39532142  0.38787746  0.35174937  0.38787746  0.51711454  0.53499418  0.54409997  0.52599993  0.56265754  0.49965999  0.49965999  0.53499418  0.54409997  0.50833540  0.51711454  0.52599993  0.53499418  0.38050822  0.35883416  0.38050822  0.39532142  0.41043966  0.37321221  0.56265754  0.43371725  0.43371725  0.44164339  0.46594852  0.50833540  0.45775708  0.42587576  0.44164339  0.40284163  0.44164339  0.49965999  0.56265754  0.58169635  0.59140416  0.59140416  0.51711454  0.49965999  0.44965603  0.45775708  0.45775708  0.47423239  0.62132236  0.44965603  0.44965603  0.52599993  0.61121356  0.56265754  0.56265754  0.55332012  0.56265754  0.57211523  0.55332012  0.56265754  0.54409997  0.53499418  0.49108590  0.44965603  0.50833540  0.51711454  
42_21_0    0.24072181  0.00437985  0.00000000  0.00437985  0.00878599  0.15500789  0.14963429  0.14429973  0.28442545  0.27167100  0.29088674  0.27167100  0.29740540  0.27802053  0.27802053  0.21686877  0.22275977  0.23468551  0.30398245  0.30398245  0.28442545  0.27802053  0.30398245  0.33778164  0.27802053  0.38050822  0.35174937  0.21102466  0.20522670  0.21102466  0.33778164  0.49108590  0.49965999  0.49965999  0.46594852  0.53499418  0.51711454  0.50833540  0.53499418  0.44164339  0.44965603  0.44164339  0.47423239  0.43371725  0.41043966  0.44164339  0.44164339  0.44164339  0.43371725  0.46594852  0.46594852  0.49965999  0.52599993  0.51711454  0.52599993  0.49108590  0.48261079  0.49965999  0.30398245  0.29740540  0.27802053  0.38787746  0.39532142  0.29088674  0.34473229  0.38787746  0.37321221  0.36598799  0.39532142  0.53499418  0.64196734  0.64196734  0.61121356  0.60124205  0.48261079  0.44965603  0.36598799  0.33778164  0.36598799  0.40284163  0.41811714  0.37321221  0.38787746  0.36598799  0.33778164  0.32407469  0.33089618  0.41043966  0.41043966  0.41043966  0.41811714  0.39532142  0.42587576  0.48261079  0.43371725  0.38787746  0.38050822  0.34473229  0.38050822  0.50833540  0.52599993  0.53499418  0.51711454  0.55332012  0.49108590  0.49108590  0.52599993  0.53499418  0.49965999  0.50833540  0.51711454  0.52599993  0.37321221  0.35174937  0.37321221  0.38787746  0.40284163  0.36598799  0.55332012  0.42587576  0.42587576  0.43371725  0.45775708  0.49965999  0.44965603  0.41811714  0.43371725  0.39532142  0.43371725  0.49108590  0.55332012  0.57211523  0.58169635  0.58169635  0.50833540  0.49108590  0.44164339  0.44965603  0.44965603  0.46594852  0.61121356  0.44164339  0.44164339  0.51711454  0.60124205  0.55332012  0.55332012  0.54409997  0.55332012  0.56265754  0.54409997  0.55332012  0.53499418  0.52599993  0.48261079  0.44164339  0.49965999  0.50833540  
65_21_0    0.23468551  0.00878599  0.00437985  0.00000000  0.01321872  0.14963429  0.15500789  0.13900365  0.29088674  0.27802053  0.29740540  0.26537591  0.30398245  0.27167100  0.27167100  0.22275977  0.22869843  0.24072181  0.29740540  0.29740540  0.29088674  0.27167100  0.31061896  0.33089618  0.27167100  0.37321221  0.34473229  0.21686877  0.21102466  0.20522670  0.34473229  0.49108590  0.49965999  0.49965999  0.46594852  0.53499418  0.51711454  0.50833540  0.53499418  0.44164339  0.44965603  0.44164339  0.47423239  0.43371725  0.41043966  0.44164339  0.44164339  0.44164339  0.43371725  0.46594852  0.46594852  0.49965999  0.52599993  0.51711454  0.52599993  0.49108590  0.48261079  0.49965999  0.29740540  0.29088674  0.27167100  0.39532142  0.38787746  0.28442545  0.35174937  0.39532142  0.36598799  0.37321221  0.40284163  0.52599993  0.63157229  0.63157229  0.60124205  0.59140416  0.49108590  0.44164339  0.35883416  0.34473229  0.35883416  0.39532142  0.41043966  0.36598799  0.38050822  0.35883416  0.33089618  0.31731600  0.33778164  0.41811714  0.40284163  0.40284163  0.42587576  0.38787746  0.43371725  0.47423239  0.44164339  0.39532142  0.38787746  0.35174937  0.37321221  0.49965999  0.51711454  0.52599993  0.50833540  0.54409997  0.48261079  0.48261079  0.53499418  0.52599993  0.50833540  0.49965999  0.50833540  0.51711454  0.36598799  0.34473229  0.37321221  0.38050822  0.41043966  0.35883416  0.54409997  0.43371725  0.41811714  0.42587576  0.46594852  0.49108590  0.45775708  0.41043966  0.42587576  0.38787746  0.42587576  0.48261079  0.54409997  0.57211523  0.58169635  0.58169635  0.49965999  0.48261079  0.44965603  0.45775708  0.45775708  0.47423239  0.62132236  0.44164339  0.44164339  0.51711454  0.59140416  0.54409997  0.54409997  0.53499418  0.55332012  0.56265754  0.54409997  0.55332012  0.53499418  0.52599993  0.47423239  0.43371725  0.49108590  0.49965999  
47_21_0    0.24072181  0.01321872  0.00878599  0.01321872  0.00000000  0.16587454  0.16042111  0.15500789  0.28442545  0.27167100  0.29088674  0.27167100  0.29740540  0.27802053  0.27802053  0.21686877  0.22275977  0.23468551  0.30398245  0.30398245  0.28442545  0.27802053  0.30398245  0.33778164  0.27802053  0.38050822  0.35174937  0.21102466  0.20522670  0.21102466  0.33778164  0.49108590  0.49965999  0.49965999  0.46594852  0.53499418  0.51711454  0.50833540  0.53499418  0.45775708  0.46594852  0.45775708  0.49108590  0.44965603  0.42587576  0.45775708  0.45775708  0.45775708  0.44965603  0.46594852  0.46594852  0.49965999  0.52599993  0.51711454  0.52599993  0.49108590  0.48261079  0.49965999  0.30398245  0.29740540  0.27802053  0.38787746  0.38050822  0.29088674  0.34473229  0.38787746  0.37321221  0.36598799  0.39532142  0.52599993  0.63157229  0.63157229  0.60124205  0.59140416  0.48261079  0.43371725  0.35174937  0.32407469  0.35174937  0.38787746  0.40284163  0.37321221  0.38787746  0.36598799  0.33778164  0.32407469  0.33089618  0.41043966  0.41043966  0.41043966  0.41811714  0.38050822  0.44164339  0.48261079  0.43371725  0.38787746  0.38050822  0.34473229  0.38050822  0.50833540  0.52599993  0.53499418  0.51711454  0.55332012  0.49108590  0.49108590  0.52599993  0.53499418  0.51711454  0.50833540  0.51711454  0.52599993  0.37321221  0.35174937  0.37321221  0.38787746  0.41811714  0.38050822  0.57211523  0.44164339  0.44164339  0.44965603  0.47423239  0.51711454  0.46594852  0.41811714  0.43371725  0.39532142  0.43371725  0.49108590  0.55332012  0.55332012  0.56265754  0.56265754  0.49108590  0.47423239  0.42587576  0.43371725  0.43371725  0.44965603  0.61121356  0.42587576  0.44164339  0.49965999  0.58169635  0.53499418  0.53499418  0.52599993  0.53499418  0.54409997  0.52599993  0.53499418  0.51711454  0.50833540  0.46594852  0.42587576  0.48261079  0.49108590  
42_0_0     0.26537591  0.16042111  0.15500789  0.14963429  0.16587454  0.00000000  0.01321872  0.03579297  0.33778164  0.35883416  0.36598799  0.34473229  0.33778164  0.30398245  0.35883416  0.24680816  0.27167100  0.27167100  0.33089618  0.31731600  0.35174937  0.31731600  0.35174937  0.35883416  0.31061896  0.36598799  0.33778164  0.22869843  0.23468551  0.22869843  0.41043966  0.52599993  0.52599993  0.52599993  0.50833540  0.55332012  0.54409997  0.54409997  0.49965999  0.49108590  0.48261079  0.52599993  0.56265754  0.42587576  0.43371725  0.46594852  0.46594852  0.46594852  0.44965603  0.52599993  0.49108590  0.51711454  0.52599993  0.48261079  0.49108590  0.49965999  0.49108590  0.49108590  0.33089618  0.37321221  0.32407469  0.42587576  0.43371725  0.36598799  0.38787746  0.41811714  0.40284163  0.38787746  0.41043966  0.57211523  0.63157229  0.61121356  0.61121356  0.59140416  0.56265754  0.43371725  0.41043966  0.38787746  0.40284163  0.43371725  0.44965603  0.48261079  0.41811714  0.42587576  0.37321221  0.39532142  0.37321221  0.49108590  0.47423239  0.49108590  0.43371725  0.44164339  0.49108590  0.52599993  0.44164339  0.41811714  0.42587576  0.38787746  0.40284163  0.52599993  0.52599993  0.53499418  0.55332012  0.55332012  0.49108590  0.49108590  0.57211523  0.56265754  0.48261079  0.50833540  0.53499418  0.54409997  0.41043966  0.40284163  0.43371725  0.42587576  0.48261079  0.41043966  0.58169635  0.46594852  0.42587576  0.44164339  0.44965603  0.56265754  0.47423239  0.44164339  0.44164339  0.43371725  0.44164339  0.52599993  0.55332012  0.57211523  0.58169635  0.56265754  0.50833540  0.49108590  0.56265754  0.55332012  0.57211523  0.61121356  0.54409997  0.50833540  0.50833540  0.53499418  0.60124205  0.59140416  0.59140416  0.59140416  0.56265754  0.55332012  0.53499418  0.54409997  0.50833540  0.53499418  0.53499418  0.48261079  0.53499418  0.51711454  
65_0_0     0.27167100  0.15500789  0.14963429  0.15500789  0.16042111  0.01321872  0.00000000  0.04039232  0.33089618  0.36598799  0.37321221  0.36598799  0.33089618  0.31061896  0.36598799  0.24072181  0.26537591  0.26537591  0.33778164  0.32407469  0.34473229  0.31731600  0.34473229  0.36598799  0.31731600  0.38787746  0.34473229  0.22275977  0.22869843  0.23468551  0.40284163  0.51711454  0.51711454  0.51711454  0.49965999  0.54409997  0.53499418  0.53499418  0.51711454  0.49108590  0.48261079  0.52599993  0.54409997  0.44164339  0.44965603  0.48261079  0.48261079  0.48261079  0.46594852  0.50833540  0.47423239  0.49965999  0.50833540  0.48261079  0.49108590  0.48261079  0.47423239  0.47423239  0.33778164  0.38050822  0.33089618  0.43371725  0.44164339  0.38787746  0.39532142  0.42587576  0.42587576  0.39532142  0.41811714  0.58169635  0.66320969  0.64196734  0.64196734  0.60124205  0.55332012  0.45775708  0.41811714  0.38050822  0.41043966  0.44164339  0.45775708  0.49108590  0.41043966  0.41811714  0.38050822  0.40284163  0.36598799  0.46594852  0.46594852  0.48261079  0.43371725  0.45775708  0.49108590  0.53499418  0.43371725  0.39532142  0.40284163  0.36598799  0.39532142  0.51711454  0.51711454  0.52599993  0.54409997  0.54409997  0.48261079  0.48261079  0.54409997  0.55332012  0.49108590  0.53499418  0.56265754  0.57211523  0.40284163  0.39532142  0.41811714  0.43371725  0.47423239  0.40284163  0.57211523  0.44164339  0.43371725  0.43371725  0.42587576  0.55332012  0.44965603  0.43371725  0.43371725  0.42587576  0.43371725  0.51711454  0.54409997  0.55332012  0.56265754  0.54409997  0.51711454  0.49965999  0.53499418  0.52599993  0.54409997  0.58169635  0.53499418  0.49108590  0.49108590  0.53499418  0.59140416  0.58169635  0.58169635  0.58169635  0.54409997  0.53499418  0.51711454  0.52599993  0.49108590  0.51711454  0.52599993  0.47423239  0.52599993  0.50833540  
47_0_0     0.28442545  0.14963429  0.14429973  0.13900365  0.15500789  0.03579297  0.04039232  0.00000000  0.30398245  0.35174937  0.35883416  0.32407469  0.31731600  0.28442545  0.33778164  0.24072181  0.27802053  0.26537591  0.33089618  0.31731600  0.35174937  0.31731600  0.36598799  0.36598799  0.31061896  0.36598799  0.33778164  0.22275977  0.22869843  0.22275977  0.38787746  0.50833540  0.50833540  0.50833540  0.49108590  0.53499418  0.52599993  0.52599993  0.48261079  0.47423239  0.48261079  0.50833540  0.52599993  0.44164339  0.46594852  0.49965999  0.49965999  0.49965999  0.48261079  0.49108590  0.45775708  0.48261079  0.50833540  0.48261079  0.49108590  0.48261079  0.47423239  0.47423239  0.33089618  0.35883416  0.31061896  0.42587576  0.40284163  0.38050822  0.40284163  0.41811714  0.41811714  0.38787746  0.41043966  0.56265754  0.64196734  0.64196734  0.62132236  0.60124205  0.53499418  0.41811714  0.39532142  0.36598799  0.39532142  0.42587576  0.44164339  0.44164339  0.41043966  0.41811714  0.36598799  0.37321221  0.35174937  0.49965999  0.48261079  0.49965999  0.45775708  0.46594852  0.51711454  0.54409997  0.42587576  0.41043966  0.41811714  0.38050822  0.39532142  0.51711454  0.51711454  0.52599993  0.54409997  0.54409997  0.48261079  0.48261079  0.54409997  0.53499418  0.50833540  0.53499418  0.56265754  0.57211523  0.38787746  0.39532142  0.41043966  0.41811714  0.47423239  0.38787746  0.59140416  0.47423239  0.43371725  0.44965603  0.45775708  0.55332012  0.49965999  0.43371725  0.43371725  0.41043966  0.43371725  0.51711454  0.54409997  0.56265754  0.57211523  0.55332012  0.51711454  0.49965999  0.53499418  0.52599993  0.54409997  0.58169635  0.56265754  0.49965999  0.49965999  0.52599993  0.55332012  0.56265754  0.56265754  0.56265754  0.55332012  0.54409997  0.54409997  0.55332012  0.51711454  0.54409997  0.52599993  0.49108590  0.52599993  0.50833540  
43_0_0     0.28442545  0.29088674  0.28442545  0.29088674  0.28442545  0.33778164  0.33089618  0.30398245  0.00000000  0.14429973  0.15500789  0.13374551  0.23468551  0.19376636  0.24072181  0.17136878  0.21686877  0.21686877  0.30398245  0.28442545  0.30398245  0.33089618  0.32407469  0.33778164  0.32407469  0.38787746  0.40284163  0.26537591  0.25294538  0.26537591  0.41043966  0.49965999  0.54409997  0.54409997  0.56265754  0.52599993  0.52599993  0.56265754  0.53499418  0.54409997  0.55332012  0.51711454  0.55332012  0.49108590  0.52599993  0.53499418  0.53499418  0.53499418  0.49965999  0.48261079  0.45775708  0.45775708  0.49108590  0.57211523  0.55332012  0.53499418  0.53499418  0.54409997  0.39532142  0.35883416  0.33089618  0.44164339  0.41811714  0.42587576  0.37321221  0.41043966  0.43371725  0.43371725  0.43371725  0.46594852  0.54409997  0.56265754  0.57211523  0.49108590  0.43371725  0.41811714  0.41043966  0.38050822  0.44164339  0.42587576  0.42587576  0.41811714  0.44164339  0.41043966  0.38787746  0.35883416  0.35174937  0.47423239  0.47423239  0.45775708  0.41043966  0.42587576  0.51711454  0.46594852  0.48261079  0.41811714  0.41043966  0.38787746  0.41043966  0.55332012  0.57211523  0.58169635  0.59140416  0.56265754  0.50833540  0.50833540  0.49108590  0.51711454  0.57211523  0.56265754  0.55332012  0.54409997  0.46594852  0.47423239  0.47423239  0.45775708  0.46594852  0.48261079  0.56265754  0.47423239  0.52599993  0.44164339  0.44164339  0.54409997  0.46594852  0.52599993  0.51711454  0.49965999  0.50833540  0.50833540  0.48261079  0.49965999  0.50833540  0.50833540  0.49108590  0.49108590  0.48261079  0.49965999  0.48261079  0.49965999  0.61121356  0.47423239  0.47423239  0.49108590  0.58169635  0.54409997  0.54409997  0.55332012  0.56265754  0.56265754  0.56265754  0.56265754  0.59140416  0.55332012  0.56265754  0.56265754  0.53499418  0.59140416  
63_0_0     0.31061896  0.27802053  0.27167100  0.27802053  0.27167100  0.35883416  0.36598799  0.35174937  0.14429973  0.00000000  0.03122225  0.07826274  0.24680816  0.22869843  0.22869843  0.23468551  0.25294538  0.27802053  0.30398245  0.31061896  0.29088674  0.33778164  0.33778164  0.35883416  0.33778164  0.44965603  0.41043966  0.25294538  0.25913434  0.25294538  0.41811714  0.49965999  0.55332012  0.55332012  0.55332012  0.53499418  0.52599993  0.54409997  0.50833540  0.49965999  0.51711454  0.49965999  0.50833540  0.44164339  0.44965603  0.47423239  0.47423239  0.47423239  0.45775708  0.52599993  0.50833540  0.50833540  0.54409997  0.58169635  0.56265754  0.50833540  0.52599993  0.55332012  0.38787746  0.38050822  0.36598799  0.46594852  0.44164339  0.38787746  0.39532142  0.38050822  0.46594852  0.44965603  0.41043966  0.56265754  0.56265754  0.58169635  0.54409997  0.57211523  0.49108590  0.41043966  0.46594852  0.44164339  0.45775708  0.50833540  0.50833540  0.44965603  0.44164339  0.44164339  0.41043966  0.38050822  0.37321221  0.47423239  0.47423239  0.45775708  0.41043966  0.41043966  0.49965999  0.50833540  0.49965999  0.47423239  0.46594852  0.44164339  0.48261079  0.57211523  0.59140416  0.58169635  0.57211523  0.61121356  0.50833540  0.50833540  0.55332012  0.56265754  0.54409997  0.53499418  0.56265754  0.55332012  0.45775708  0.44965603  0.46594852  0.43371725  0.47423239  0.50833540  0.52599993  0.48261079  0.49965999  0.46594852  0.44164339  0.59140416  0.46594852  0.52599993  0.51711454  0.48261079  0.50833540  0.49108590  0.51711454  0.54409997  0.55332012  0.55332012  0.51711454  0.51711454  0.48261079  0.50833540  0.49108590  0.45775708  0.60124205  0.46594852  0.46594852  0.49965999  0.58169635  0.53499418  0.53499418  0.56265754  0.57211523  0.57211523  0.57211523  0.55332012  0.57211523  0.59140416  0.52599993  0.50833540  0.52599993  0.59140416  
72_0_0     0.29088674  0.29740540  0.29088674  0.29740540  0.29088674  0.36598799  0.37321221  0.35883416  0.15500789  0.03122225  0.00000000  0.09298339  0.25294538  0.24680816  0.24680816  0.20522670  0.22275977  0.25913434  0.31731600  0.32407469  0.29088674  0.34473229  0.34473229  0.36598799  0.35883416  0.44965603  0.42587576  0.27167100  0.26537591  0.27167100  0.40284163  0.50833540  0.52599993  0.52599993  0.52599993  0.55332012  0.56265754  0.58169635  0.54409997  0.53499418  0.55332012  0.53499418  0.55332012  0.47423239  0.46594852  0.47423239  0.47423239  0.47423239  0.49108590  0.54409997  0.50833540  0.52599993  0.52599993  0.58169635  0.56265754  0.54409997  0.56265754  0.55332012  0.39532142  0.38787746  0.37321221  0.49108590  0.46594852  0.39532142  0.37321221  0.38787746  0.47423239  0.45775708  0.40284163  0.56265754  0.57211523  0.58169635  0.54409997  0.55332012  0.52599993  0.42587576  0.48261079  0.45775708  0.47423239  0.52599993  0.52599993  0.48261079  0.46594852  0.48261079  0.42587576  0.38050822  0.38787746  0.47423239  0.49108590  0.47423239  0.39532142  0.42587576  0.50833540  0.49965999  0.50833540  0.44965603  0.45775708  0.42587576  0.45775708  0.59140416  0.61121356  0.60124205  0.59140416  0.63157229  0.51711454  0.51711454  0.56265754  0.57211523  0.57211523  0.54409997  0.57211523  0.56265754  0.47423239  0.44965603  0.46594852  0.44965603  0.51711454  0.53499418  0.54409997  0.49108590  0.54409997  0.47423239  0.44965603  0.58169635  0.47423239  0.49965999  0.50833540  0.49108590  0.49965999  0.51711454  0.52599993  0.52599993  0.53499418  0.53499418  0.54409997  0.52599993  0.50833540  0.53499418  0.51711454  0.49965999  0.61121356  0.44965603  0.44965603  0.51711454  0.56265754  0.53499418  0.53499418  0.54409997  0.57211523  0.57211523  0.57211523  0.59140416  0.55332012  0.61121356  0.51711454  0.51711454  0.55332012  0.58169635  
79_0_0     0.27167100  0.27802053  0.27167100  0.26537591  0.27167100  0.34473229  0.36598799  0.32407469  0.13374551  0.07826274  0.09298339  0.00000000  0.21686877  0.18810258  0.21686877  0.18810258  0.19947417  0.21686877  0.27802053  0.28442545  0.30398245  0.30398245  0.29088674  0.29740540  0.26537591  0.38050822  0.35883416  0.24680816  0.24072181  0.24680816  0.39532142  0.47423239  0.52599993  0.52599993  0.52599993  0.56265754  0.59140416  0.59140416  0.56265754  0.49108590  0.49108590  0.47423239  0.49108590  0.47423239  0.46594852  0.46594852  0.46594852  0.46594852  0.46594852  0.49965999  0.48261079  0.49965999  0.49965999  0.57211523  0.57211523  0.53499418  0.55332012  0.56265754  0.41043966  0.37321221  0.34473229  0.47423239  0.43371725  0.36598799  0.41043966  0.42587576  0.43371725  0.44965603  0.38787746  0.53499418  0.58169635  0.58169635  0.55332012  0.56265754  0.45775708  0.40284163  0.41043966  0.49108590  0.47423239  0.47423239  0.45775708  0.39532142  0.44965603  0.43371725  0.38050822  0.36598799  0.38787746  0.44164339  0.44164339  0.41043966  0.43371725  0.36598799  0.51711454  0.48261079  0.46594852  0.47423239  0.46594852  0.44164339  0.46594852  0.56265754  0.58169635  0.57211523  0.56265754  0.62132236  0.53499418  0.53499418  0.51711454  0.52599993  0.54409997  0.55332012  0.54409997  0.53499418  0.47423239  0.48261079  0.44164339  0.44965603  0.46594852  0.52599993  0.50833540  0.48261079  0.49965999  0.44965603  0.45775708  0.55332012  0.48261079  0.47423239  0.48261079  0.43371725  0.47423239  0.47423239  0.46594852  0.53499418  0.54409997  0.56265754  0.49965999  0.48261079  0.49108590  0.49965999  0.48261079  0.48261079  0.58169635  0.46594852  0.46594852  0.53499418  0.52599993  0.50833540  0.50833540  0.51711454  0.53499418  0.49965999  0.51711454  0.51711454  0.55332012  0.55332012  0.49965999  0.49965999  0.48261079  0.54409997  
56_0_0     0.36598799  0.30398245  0.29740540  0.30398245  0.29740540  0.33778164  0.33089618  0.31731600  0.23468551  0.24680816  0.25294538  0.21686877  0.00000000  0.04039232  0.30398245  0.19376636  0.22869843  0.21102466  0.33778164  0.33778164  0.34473229  0.29740540  0.29740540  0.33089618  0.34473229  0.41043966  0.40284163  0.23468551  0.24072181  0.24680816  0.38787746  0.53499418  0.58169635  0.58169635  0.62132236  0.57211523  0.56265754  0.58169635  0.56265754  0.54409997  0.54409997  0.50833540  0.52599993  0.54409997  0.55332012  0.57211523  0.57211523  0.57211523  0.54409997  0.43371725  0.42587576  0.44164339  0.43371725  0.50833540  0.52599993  0.52599993  0.50833540  0.49965999  0.40284163  0.38050822  0.34473229  0.41811714  0.44965603  0.37321221  0.44164339  0.46594852  0.51711454  0.44965603  0.39532142  0.61121356  0.74280686  0.75491649  0.71917082  0.69627203  0.52599993  0.38050822  0.40284163  0.38050822  0.40284163  0.41811714  0.41811714  0.42587576  0.39532142  0.41043966  0.35174937  0.34473229  0.36598799  0.38050822  0.39532142  0.38050822  0.40284163  0.41811714  0.53499418  0.47423239  0.49108590  0.45775708  0.46594852  0.41811714  0.44164339  0.51711454  0.53499418  0.49108590  0.49965999  0.52599993  0.53499418  0.53499418  0.50833540  0.51711454  0.54409997  0.55332012  0.56265754  0.57211523  0.45775708  0.44965603  0.44164339  0.41043966  0.46594852  0.48261079  0.56265754  0.42587576  0.50833540  0.49108590  0.45775708  0.48261079  0.49108590  0.44965603  0.44164339  0.45775708  0.44965603  0.49965999  0.50833540  0.55332012  0.56265754  0.57211523  0.46594852  0.44965603  0.38787746  0.41043966  0.39532142  0.41043966  0.51711454  0.49965999  0.49965999  0.58169635  0.51711454  0.49965999  0.49965999  0.52599993  0.54409997  0.53499418  0.53499418  0.53499418  0.53499418  0.58169635  0.49108590  0.48261079  0.51711454  0.51711454  
48_0_0     0.33089618  0.28442545  0.27802053  0.27167100  0.27802053  0.30398245  0.31061896  0.28442545  0.19376636  0.22869843  0.24680816  0.18810258  0.04039232  0.00000000  0.27802053  0.17690444  0.22275977  0.21686877  0.33089618  0.31731600  0.35174937  0.27802053  0.31731600  0.32407469  0.31061896  0.36598799  0.35883416  0.21686877  0.21102466  0.21686877  0.38050822  0.50833540  0.55332012  0.55332012  0.59140416  0.50833540  0.51711454  0.53499418  0.55332012  0.49965999  0.49965999  0.46594852  0.48261079  0.51711454  0.52599993  0.54409997  0.54409997  0.54409997  0.51711454  0.42587576  0.41811714  0.43371725  0.42587576  0.51711454  0.53499418  0.53499418  0.51711454  0.50833540  0.38050822  0.35883416  0.32407469  0.44164339  0.44164339  0.35174937  0.41811714  0.45775708  0.46594852  0.45775708  0.37321221  0.55332012  0.69627203  0.68508500  0.65251170  0.65251170  0.53499418  0.38787746  0.39532142  0.38787746  0.38787746  0.35174937  0.35174937  0.38787746  0.38787746  0.41811714  0.34473229  0.33778164  0.37321221  0.43371725  0.43371725  0.41811714  0.41043966  0.37321221  0.52599993  0.44965603  0.48261079  0.44965603  0.44164339  0.39532142  0.41811714  0.47423239  0.49108590  0.46594852  0.47423239  0.49965999  0.48261079  0.48261079  0.48261079  0.47423239  0.53499418  0.52599993  0.51711454  0.52599993  0.43371725  0.42587576  0.42587576  0.40284163  0.44164339  0.47423239  0.54409997  0.43371725  0.48261079  0.43371725  0.46594852  0.47423239  0.46594852  0.42587576  0.43371725  0.41811714  0.42587576  0.47423239  0.48261079  0.55332012  0.56265754  0.55332012  0.45775708  0.44164339  0.40284163  0.42587576  0.41043966  0.42587576  0.53499418  0.50833540  0.50833540  0.55332012  0.53499418  0.53499418  0.53499418  0.56265754  0.55332012  0.54409997  0.54409997  0.54409997  0.54409997  0.57211523  0.50833540  0.49965999  0.51711454  0.50833540  
84_0_0     0.31061896  0.28442545  0.27802053  0.27167100  0.27802053  0.35883416  0.36598799  0.33778164  0.24072181  0.22869843  0.24680816  0.21686877  0.30398245  0.27802053  0.00000000  0.18248216  0.21102466  0.24680816  0.29088674  0.30398245  0.31061896  0.29088674  0.33089618  0.33089618  0.31731600  0.41043966  0.39532142  0.25294538  0.24680816  0.24072181  0.41043966  0.52599993  0.55332012  0.55332012  0.55332012  0.54409997  0.53499418  0.55332012  0.51711454  0.48261079  0.49965999  0.50833540  0.48261079  0.45775708  0.46594852  0.47423239  0.47423239  0.47423239  0.44164339  0.48261079  0.48261079  0.48261079  0.48261079  0.52599993  0.51711454  0.44965603  0.47423239  0.49965999  0.39532142  0.33089618  0.33778164  0.49108590  0.41043966  0.41043966  0.46594852  0.49108590  0.47423239  0.49108590  0.44965603  0.53499418  0.53499418  0.57211523  0.56265754  0.54409997  0.48261079  0.40284163  0.38050822  0.41043966  0.41043966  0.42587576  0.42587576  0.41043966  0.36598799  0.37321221  0.38050822  0.32407469  0.33778164  0.44164339  0.42587576  0.44164339  0.38050822  0.34473229  0.50833540  0.42587576  0.49965999  0.35883416  0.35174937  0.34473229  0.35883416  0.53499418  0.55332012  0.54409997  0.53499418  0.52599993  0.48261079  0.48261079  0.51711454  0.52599993  0.54409997  0.54409997  0.51711454  0.52599993  0.38787746  0.41043966  0.44965603  0.35174937  0.44965603  0.43371725  0.54409997  0.43371725  0.43371725  0.38787746  0.38787746  0.49108590  0.41811714  0.47423239  0.49108590  0.44965603  0.47423239  0.45775708  0.46594852  0.52599993  0.53499418  0.53499418  0.49965999  0.51711454  0.51711454  0.54409997  0.52599993  0.49108590  0.60124205  0.51711454  0.50833540  0.58169635  0.56265754  0.51711454  0.51711454  0.56265754  0.60124205  0.60124205  0.60124205  0.55332012  0.56265754  0.54409997  0.52599993  0.50833540  0.52599993  0.56265754  
95_0_0     0.21102466  0.22275977  0.21686877  0.22275977  0.21686877  0.24680816  0.24072181  0.24072181  0.17136878  0.23468551  0.20522670  0.18810258  0.19376636  0.17690444  0.18248216  0.00000000  0.06861044  0.06383146  0.22275977  0.21686877  0.24680816  0.21102466  0.22869843  0.24680816  0.21686877  0.33089618  0.32407469  0.17136878  0.16587454  0.19376636  0.29088674  0.44164339  0.47423239  0.47423239  0.47423239  0.50833540  0.53499418  0.55332012  0.51711454  0.49108590  0.49965999  0.49108590  0.49108590  0.45775708  0.44965603  0.47423239  0.47423239  0.47423239  0.45775708  0.41811714  0.40284163  0.44965603  0.40284163  0.48261079  0.47423239  0.44164339  0.48261079  0.45775708  0.30398245  0.31731600  0.29740540  0.34473229  0.35174937  0.31061896  0.33778164  0.40284163  0.43371725  0.41811714  0.38787746  0.45775708  0.56265754  0.52599993  0.55332012  0.53499418  0.43371725  0.34473229  0.32407469  0.32407469  0.36598799  0.33089618  0.33089618  0.34473229  0.31731600  0.32407469  0.28442545  0.27167100  0.26537591  0.32407469  0.33778164  0.33778164  0.33778164  0.32407469  0.42587576  0.36598799  0.44164339  0.29740540  0.31731600  0.30398245  0.33089618  0.49108590  0.50833540  0.49965999  0.49965999  0.51711454  0.44164339  0.44164339  0.44164339  0.44965603  0.47423239  0.46594852  0.45775708  0.44965603  0.38050822  0.38787746  0.38050822  0.35174937  0.44965603  0.41043966  0.50833540  0.39532142  0.46594852  0.38787746  0.36598799  0.44965603  0.40284163  0.37321221  0.38787746  0.38050822  0.40284163  0.41811714  0.41043966  0.50833540  0.51711454  0.51711454  0.40284163  0.38787746  0.41043966  0.43371725  0.41811714  0.43371725  0.49965999  0.38787746  0.39532142  0.49108590  0.48261079  0.46594852  0.46594852  0.46594852  0.46594852  0.48261079  0.46594852  0.47423239  0.44965603  0.44965603  0.46594852  0.43371725  0.49965999  0.47423239  
68_0_0     0.18810258  0.22869843  0.22275977  0.22869843  0.22275977  0.27167100  0.26537591  0.27802053  0.21686877  0.25294538  0.22275977  0.19947417  0.22869843  0.22275977  0.21102466  0.06861044  0.00000000  0.10296372  0.22275977  0.22275977  0.23468551  0.22275977  0.23468551  0.25294538  0.22275977  0.32407469  0.34473229  0.21102466  0.19376636  0.22275977  0.33778164  0.50833540  0.52599993  0.52599993  0.50833540  0.49965999  0.52599993  0.52599993  0.49108590  0.46594852  0.46594852  0.45775708  0.47423239  0.44965603  0.44965603  0.46594852  0.46594852  0.46594852  0.44965603  0.40284163  0.40284163  0.43371725  0.38787746  0.48261079  0.47423239  0.46594852  0.48261079  0.47423239  0.30398245  0.31061896  0.30398245  0.35883416  0.38050822  0.31061896  0.33778164  0.38787746  0.41043966  0.38787746  0.37321221  0.53499418  0.58169635  0.55332012  0.56265754  0.56265754  0.43371725  0.38787746  0.33778164  0.35883416  0.35883416  0.38787746  0.38787746  0.31731600  0.33778164  0.33089618  0.31731600  0.28442545  0.29088674  0.33778164  0.34473229  0.35174937  0.33778164  0.34473229  0.39532142  0.38050822  0.43371725  0.31061896  0.32407469  0.31061896  0.35174937  0.48261079  0.49965999  0.49965999  0.48261079  0.51711454  0.43371725  0.43371725  0.42587576  0.43371725  0.43371725  0.44164339  0.43371725  0.44164339  0.39532142  0.39532142  0.38050822  0.35883416  0.43371725  0.42587576  0.45775708  0.36598799  0.46594852  0.38050822  0.37321221  0.41043966  0.38050822  0.33089618  0.34473229  0.33778164  0.35883416  0.42587576  0.42587576  0.50833540  0.51711454  0.53499418  0.37321221  0.35883416  0.38050822  0.40284163  0.38787746  0.40284163  0.47423239  0.37321221  0.38050822  0.51711454  0.47423239  0.47423239  0.47423239  0.47423239  0.45775708  0.45775708  0.44164339  0.44965603  0.45775708  0.48261079  0.41043966  0.39532142  0.44965603  0.43371725  
62_0_0     0.23468551  0.24072181  0.23468551  0.24072181  0.23468551  0.27167100  0.26537591  0.26537591  0.21686877  0.27802053  0.25913434  0.21686877  0.21102466  0.21686877  0.24680816  0.06383146  0.10296372  0.00000000  0.25294538  0.24680816  0.29088674  0.24072181  0.26537591  0.28442545  0.24680816  0.35174937  0.34473229  0.21102466  0.19376636  0.22275977  0.34473229  0.49108590  0.51711454  0.51711454  0.49965999  0.57211523  0.58169635  0.60124205  0.55332012  0.54409997  0.53499418  0.52599993  0.53499418  0.49965999  0.50833540  0.51711454  0.51711454  0.51711454  0.49965999  0.46594852  0.44965603  0.49965999  0.44965603  0.51711454  0.50833540  0.47423239  0.49965999  0.47423239  0.34473229  0.33778164  0.32407469  0.33089618  0.39532142  0.32407469  0.40284163  0.44164339  0.43371725  0.42587576  0.41043966  0.52599993  0.62132236  0.60124205  0.59140416  0.61121356  0.49108590  0.38787746  0.37321221  0.37321221  0.38787746  0.35883416  0.35883416  0.38050822  0.38050822  0.35883416  0.32407469  0.30398245  0.31061896  0.37321221  0.37321221  0.37321221  0.36598799  0.35883416  0.46594852  0.42587576  0.47423239  0.36598799  0.37321221  0.37321221  0.40284163  0.54409997  0.56265754  0.53499418  0.55332012  0.59140416  0.48261079  0.48261079  0.46594852  0.47423239  0.50833540  0.49965999  0.49108590  0.48261079  0.40284163  0.41043966  0.41043966  0.40284163  0.46594852  0.46594852  0.50833540  0.43371725  0.47423239  0.44965603  0.42587576  0.45775708  0.42587576  0.40284163  0.40284163  0.41043966  0.41811714  0.45775708  0.44965603  0.56265754  0.57211523  0.57211523  0.43371725  0.41811714  0.41043966  0.43371725  0.41811714  0.43371725  0.53499418  0.46594852  0.45775708  0.55332012  0.52599993  0.52599993  0.52599993  0.52599993  0.49965999  0.49965999  0.48261079  0.49108590  0.48261079  0.50833540  0.50833540  0.44164339  0.52599993  0.50833540  
95_20_0    0.27167100  0.31061896  0.30398245  0.29740540  0.30398245  0.33089618  0.33778164  0.33089618  0.30398245  0.30398245  0.31731600  0.27802053  0.33778164  0.33089618  0.29088674  0.22275977  0.22275977  0.25294538  0.00000000  0.03579297  0.10800523  0.21686877  0.24072181  0.25294538  0.22275977  0.34473229  0.29740540  0.20522670  0.21102466  0.21686877  0.35883416  0.45775708  0.45775708  0.45775708  0.44965603  0.46594852  0.45775708  0.49108590  0.51711454  0.49108590  0.47423239  0.49965999  0.49965999  0.44965603  0.47423239  0.49965999  0.49965999  0.49965999  0.45775708  0.44164339  0.44164339  0.45775708  0.48261079  0.49108590  0.48261079  0.50833540  0.49108590  0.49965999  0.30398245  0.29740540  0.29740540  0.38787746  0.33089618  0.38787746  0.36598799  0.35883416  0.39532142  0.38787746  0.42587576  0.51711454  0.54409997  0.54409997  0.57211523  0.53499418  0.41043966  0.35883416  0.38050822  0.35174937  0.33778164  0.41043966  0.41811714  0.35174937  0.34473229  0.35174937  0.31731600  0.37321221  0.32407469  0.42587576  0.38787746  0.40284163  0.33778164  0.34473229  0.42587576  0.48261079  0.40284163  0.40284163  0.41043966  0.38787746  0.36598799  0.50833540  0.52599993  0.51711454  0.51711454  0.53499418  0.49108590  0.49108590  0.48261079  0.45775708  0.45775708  0.49965999  0.50833540  0.49965999  0.40284163  0.41811714  0.44965603  0.40284163  0.43371725  0.45775708  0.46594852  0.41811714  0.45775708  0.41043966  0.41043966  0.49965999  0.44164339  0.40284163  0.44965603  0.41043966  0.42587576  0.43371725  0.44164339  0.49108590  0.49965999  0.51711454  0.43371725  0.43371725  0.46594852  0.50833540  0.49108590  0.47423239  0.45775708  0.41811714  0.45775708  0.47423239  0.42587576  0.44164339  0.44164339  0.45775708  0.44164339  0.46594852  0.46594852  0.47423239  0.46594852  0.43371725  0.39532142  0.39532142  0.38050822  0.44965603  
68_20_0    0.25913434  0.31061896  0.30398245  0.29740540  0.30398245  0.31731600  0.32407469  0.31731600  0.28442545  0.31061896  0.32407469  0.28442545  0.33778164  0.31731600  0.30398245  0.21686877  0.22275977  0.24680816  0.03579297  0.00000000  0.09795659  0.21102466  0.22869843  0.24072181  0.21102466  0.33778164  0.30398245  0.22869843  0.23468551  0.24072181  0.34473229  0.49108590  0.50833540  0.50833540  0.49965999  0.44965603  0.45775708  0.49108590  0.51711454  0.54409997  0.52599993  0.53499418  0.53499418  0.46594852  0.50833540  0.52599993  0.52599993  0.52599993  0.48261079  0.44164339  0.44164339  0.45775708  0.48261079  0.51711454  0.50833540  0.50833540  0.49965999  0.50833540  0.32407469  0.33089618  0.32407469  0.38050822  0.33089618  0.41043966  0.38050822  0.35883416  0.41043966  0.38787746  0.44164339  0.50833540  0.56265754  0.56265754  0.59140416  0.54409997  0.43371725  0.39532142  0.38787746  0.34473229  0.33089618  0.38787746  0.40284163  0.35883416  0.36598799  0.37321221  0.36598799  0.36598799  0.34473229  0.45775708  0.42587576  0.42587576  0.37321221  0.34473229  0.42587576  0.47423239  0.42587576  0.41043966  0.40284163  0.36598799  0.37321221  0.49965999  0.49965999  0.49108590  0.50833540  0.50833540  0.48261079  0.48261079  0.49108590  0.46594852  0.48261079  0.49108590  0.49965999  0.49108590  0.39532142  0.41043966  0.44164339  0.41043966  0.41811714  0.49108590  0.46594852  0.44164339  0.48261079  0.41811714  0.44164339  0.50833540  0.44965603  0.42587576  0.45775708  0.41811714  0.43371725  0.47423239  0.48261079  0.51711454  0.52599993  0.54409997  0.46594852  0.46594852  0.47423239  0.51711454  0.49965999  0.48261079  0.46594852  0.44965603  0.49108590  0.51711454  0.47423239  0.49108590  0.49108590  0.50833540  0.48261079  0.46594852  0.46594852  0.47423239  0.48261079  0.44965603  0.43371725  0.41811714  0.41811714  0.46594852  
