20
13_0_0     0.00000000  0.04224261  0.04224261  0.04224261  0.06996280  0.06433261  0.16661418  0.13499214  0.11666566  0.22729409  0.22729409  0.27079315  0.28589799  0.27079315  0.26335809  0.26335809  0.31709433  0.27079315  0.34141327  0.34141327  
20_0_0     0.04224261  0.00000000  0.00000000  0.00000000  0.06996280  0.06433261  0.17310897  0.14120627  0.13499214  0.22029339  0.22029339  0.26335809  0.27830591  0.24871471  0.24871471  0.24871471  0.30132698  0.26335809  0.31709433  0.31709433  
19_0_0     0.04224261  0.00000000  0.00000000  0.00000000  0.06996280  0.06433261  0.17310897  0.14120627  0.13499214  0.22029339  0.22029339  0.26335809  0.27830591  0.24871471  0.24871471  0.24871471  0.30132698  0.26335809  0.31709433  0.31709433  
12_0_0     0.04224261  0.00000000  0.00000000  0.00000000  0.06996280  0.06433261  0.17310897  0.14120627  0.13499214  0.22029339  0.22029339  0.26335809  0.27830591  0.24871471  0.24871471  0.24871471  0.30132698  0.26335809  0.31709433  0.31709433  
14_0_0     0.06996280  0.06996280  0.06996280  0.06996280  0.00000000  0.00514658  0.16661418  0.16017753  0.12883127  0.22029339  0.22029339  0.26335809  0.30132698  0.28589799  0.25599912  0.22729409  0.32510959  0.25599912  0.31709433  0.31709433  
18_0_0     0.06433261  0.06433261  0.06433261  0.06433261  0.00514658  0.00000000  0.16017753  0.15379800  0.12272273  0.22029339  0.22029339  0.26335809  0.30132698  0.28589799  0.25599912  0.22729409  0.32510959  0.25599912  0.31709433  0.31709433  
15_0_0     0.16661418  0.17310897  0.17310897  0.17310897  0.16661418  0.16017753  0.00000000  0.17966296  0.16017753  0.28589799  0.28589799  0.29357110  0.34141327  0.34141327  0.30916743  0.30132698  0.35809523  0.30132698  0.35809523  0.35809523  
17_0_0     0.13499214  0.14120627  0.14120627  0.14120627  0.16017753  0.15379800  0.17966296  0.00000000  0.04770181  0.26335809  0.26335809  0.28589799  0.31709433  0.33321522  0.26335809  0.30916743  0.34141327  0.29357110  0.40157637  0.40157637  
16_0_0     0.11666566  0.13499214  0.13499214  0.13499214  0.12883127  0.12272273  0.16017753  0.04770181  0.00000000  0.23436363  0.23436363  0.25599912  0.30132698  0.31709433  0.24871471  0.27830591  0.34141327  0.27830591  0.36658364  0.36658364  
7_0_0      0.22729409  0.22029339  0.22029339  0.22029339  0.22029339  0.22029339  0.28589799  0.26335809  0.23436363  0.00000000  0.00000000  0.03144702  0.11065919  0.10470248  0.06996280  0.08135720  0.16661418  0.11065919  0.17310897  0.17310897  
11_0_0     0.22729409  0.22029339  0.22029339  0.22029339  0.22029339  0.22029339  0.28589799  0.26335809  0.23436363  0.00000000  0.00000000  0.03144702  0.11065919  0.10470248  0.06996280  0.08135720  0.16661418  0.11065919  0.17310897  0.17310897  
10_0_0     0.27079315  0.26335809  0.26335809  0.26335809  0.26335809  0.26335809  0.29357110  0.28589799  0.25599912  0.03144702  0.03144702  0.00000000  0.12272273  0.12883127  0.10470248  0.11666566  0.17966296  0.14747457  0.21336020  0.21336020  
3_0_0      0.28589799  0.27830591  0.27830591  0.27830591  0.30132698  0.30132698  0.34141327  0.31709433  0.30132698  0.11065919  0.11065919  0.12272273  0.00000000  0.03144702  0.12272273  0.16661418  0.22029339  0.19969121  0.22729409  0.22729409  
4_0_0      0.27079315  0.24871471  0.24871471  0.24871471  0.28589799  0.28589799  0.34141327  0.33321522  0.31709433  0.10470248  0.10470248  0.12883127  0.03144702  0.00000000  0.09879471  0.15379800  0.20649322  0.18627725  0.22729409  0.22729409  
5_0_0      0.26335809  0.24871471  0.24871471  0.24871471  0.25599912  0.25599912  0.30916743  0.26335809  0.24871471  0.06996280  0.06996280  0.10470248  0.12272273  0.09879471  0.00000000  0.10470248  0.17310897  0.12883127  0.18627725  0.18627725  
6_0_0      0.26335809  0.24871471  0.24871471  0.24871471  0.22729409  0.22729409  0.30132698  0.30916743  0.27830591  0.08135720  0.08135720  0.11666566  0.16661418  0.15379800  0.10470248  0.00000000  0.14747457  0.09293510  0.17966296  0.17966296  
9_0_0      0.31709433  0.30132698  0.30132698  0.30132698  0.32510959  0.32510959  0.35809523  0.34141327  0.34141327  0.16661418  0.16661418  0.17966296  0.22029339  0.20649322  0.17310897  0.14747457  0.00000000  0.11666566  0.19969121  0.19969121  
1_0_0      0.27079315  0.26335809  0.26335809  0.26335809  0.25599912  0.25599912  0.30132698  0.29357110  0.27830591  0.11065919  0.11065919  0.14747457  0.19969121  0.18627725  0.12883127  0.09293510  0.11666566  0.00000000  0.17310897  0.17310897  
2_0_0      0.34141327  0.31709433  0.31709433  0.31709433  0.31709433  0.31709433  0.35809523  0.40157637  0.36658364  0.17310897  0.17310897  0.21336020  0.22729409  0.22729409  0.18627725  0.17966296  0.19969121  0.17310897  0.00000000  0.00000000  
8_0_0      0.34141327  0.31709433  0.31709433  0.31709433  0.31709433  0.31709433  0.35809523  0.40157637  0.36658364  0.17310897  0.17310897  0.21336020  0.22729409  0.22729409  0.18627725  0.17966296  0.19969121  0.17310897  0.00000000  0.00000000  

