165
10_163_0   0.00000000  0.05045733  0.12355762  0.11401657  0.12355762  0.34579518  0.33295227  0.33295227  0.27187355  0.35886424  0.35886424  0.34579518  0.33295227  0.37216754  0.38571364  0.38571364  0.42790160  0.32032780  0.48816298  0.42790160  0.39951156  0.38571364  0.38571364  0.41357085  0.38571364  0.39951156  0.38571364  0.38571364  0.33295227  0.32032780  0.34579518  0.35886424  0.33295227  0.32032780  0.39951156  0.30791448  0.30791448  0.33295227  0.39951156  0.38571364  0.30791448  0.30791448  0.35886424  0.37216754  0.34579518  0.39951156  0.37216754  0.35886424  0.34579518  0.34579518  0.37216754  0.37216754  0.35886424  0.39951156  0.41357085  0.38571364  0.38571364  0.37216754  0.41357085  0.42790160  0.39951156  0.35886424  0.37216754  0.38571364  0.34579518  0.37216754  0.39951156  0.30791448  0.32032780  0.33295227  0.33295227  0.37216754  0.35886424  0.37216754  0.37216754  0.35886424  0.34579518  0.35886424  0.41357085  0.34579518  0.32032780  0.37216754  0.41357085  0.35886424  0.32032780  0.32032780  0.55375273  0.58885749  0.55375273  0.58885749  0.57109759  0.55375273  0.52023358  0.58885749  0.58885749  0.53680396  0.52023358  0.52023358  0.52023358  0.53680396  0.53680396  0.48816298  0.57109759  0.58885749  0.57109759  0.72672258  0.60705278  0.58885749  0.57109759  0.57109759  0.57109759  0.64483877  0.64483877  0.60705278  0.66447850  0.62570534  0.60705278  0.58885749  0.58885749  0.60705278  0.64483877  0.58885749  0.58885749  0.60705278  0.62570534  0.53680396  0.55375273  0.57109759  0.58885749  0.55375273  0.55375273  0.55375273  0.55375273  0.60705278  0.57109759  0.57109759  0.62570534  0.60705278  0.57109759  0.58885749  0.58885749  0.60705278  0.62570534  0.60705278  0.60705278  0.62570534  0.55375273  0.55375273  0.57109759  0.64483877  0.66447850  0.64483877  0.66447850  0.64483877  0.60705278  0.64483877  0.66447850  0.62570534  0.66447850  0.60705278  0.60705278  0.64483877  0.62570534  0.64483877  0.62570534  
10_128_0   0.05045733  0.00000000  0.08610791  0.07703345  0.08610791  0.29570535  0.28369380  0.28369380  0.29570535  0.37216754  0.39951156  0.38571364  0.37216754  0.41357085  0.34579518  0.34579518  0.38571364  0.30791448  0.41357085  0.35886424  0.38571364  0.39951156  0.37216754  0.34579518  0.39951156  0.38571364  0.39951156  0.37216754  0.34579518  0.33295227  0.33295227  0.34579518  0.32032780  0.30791448  0.35886424  0.29570535  0.29570535  0.34579518  0.35886424  0.34579518  0.32032780  0.32032780  0.34579518  0.38571364  0.35886424  0.38571364  0.35886424  0.37216754  0.33295227  0.35886424  0.38571364  0.38571364  0.37216754  0.35886424  0.38571364  0.35886424  0.35886424  0.37216754  0.42790160  0.44251450  0.41357085  0.39951156  0.35886424  0.39951156  0.32032780  0.32032780  0.34579518  0.30791448  0.29570535  0.30791448  0.30791448  0.34579518  0.35886424  0.37216754  0.37216754  0.35886424  0.34579518  0.35886424  0.38571364  0.34579518  0.30791448  0.35886424  0.37216754  0.34579518  0.27187355  0.27187355  0.52023358  0.55375273  0.52023358  0.55375273  0.53680396  0.52023358  0.48816298  0.55375273  0.55375273  0.53680396  0.52023358  0.52023358  0.52023358  0.50402508  0.57109759  0.55375273  0.60705278  0.58885749  0.55375273  0.64483877  0.57109759  0.58885749  0.57109759  0.57109759  0.57109759  0.58885749  0.55375273  0.52023358  0.60705278  0.66447850  0.64483877  0.66447850  0.58885749  0.60705278  0.68465206  0.62570534  0.62570534  0.64483877  0.66447850  0.53680396  0.58885749  0.57109759  0.58885749  0.55375273  0.55375273  0.55375273  0.55375273  0.60705278  0.64483877  0.60705278  0.58885749  0.57109759  0.53680396  0.55375273  0.58885749  0.57109759  0.58885749  0.62570534  0.62570534  0.60705278  0.55375273  0.55375273  0.55375273  0.66447850  0.64483877  0.66447850  0.64483877  0.62570534  0.58885749  0.66447850  0.64483877  0.57109759  0.64483877  0.58885749  0.62570534  0.62570534  0.60705278  0.62570534  0.57109759  
10_129_0   0.12355762  0.08610791  0.00000000  0.04180596  0.05045733  0.34579518  0.33295227  0.33295227  0.34579518  0.42790160  0.42790160  0.41357085  0.39951156  0.44251450  0.39951156  0.41357085  0.45742089  0.35886424  0.47263278  0.41357085  0.45742089  0.41357085  0.39951156  0.37216754  0.39951156  0.38571364  0.39951156  0.37216754  0.38571364  0.38571364  0.38571364  0.39951156  0.37216754  0.38571364  0.44251450  0.37216754  0.37216754  0.39951156  0.41357085  0.39951156  0.37216754  0.37216754  0.34579518  0.42790160  0.42790160  0.45742089  0.42790160  0.42790160  0.37216754  0.39951156  0.44251450  0.44251450  0.42790160  0.38571364  0.44251450  0.41357085  0.38571364  0.42790160  0.48816298  0.50402508  0.44251450  0.47263278  0.42790160  0.47263278  0.41357085  0.33295227  0.41357085  0.39951156  0.38571364  0.39951156  0.39951156  0.45742089  0.38571364  0.37216754  0.37216754  0.38571364  0.37216754  0.38571364  0.41357085  0.42790160  0.37216754  0.39951156  0.39951156  0.39951156  0.37216754  0.37216754  0.58885749  0.62570534  0.58885749  0.66447850  0.64483877  0.62570534  0.58885749  0.66447850  0.66447850  0.62570534  0.60705278  0.57109759  0.57109759  0.55375273  0.58885749  0.58885749  0.62570534  0.58885749  0.58885749  0.64483877  0.57109759  0.58885749  0.64483877  0.60705278  0.60705278  0.58885749  0.66447850  0.62570534  0.60705278  0.66447850  0.64483877  0.66447850  0.58885749  0.60705278  0.68465206  0.62570534  0.62570534  0.68465206  0.70538928  0.64483877  0.66447850  0.62570534  0.68465206  0.60705278  0.60705278  0.60705278  0.55375273  0.64483877  0.64483877  0.60705278  0.58885749  0.60705278  0.64483877  0.66447850  0.68465206  0.66447850  0.68465206  0.66447850  0.66447850  0.60705278  0.62570534  0.62570534  0.55375273  0.64483877  0.62570534  0.64483877  0.58885749  0.60705278  0.60705278  0.70538928  0.58885749  0.52023358  0.62570534  0.60705278  0.60705278  0.64483877  0.66447850  0.64483877  0.58885749  
13_143_0   0.11401657  0.07703345  0.04180596  0.00000000  0.00817494  0.33295227  0.32032780  0.32032780  0.33295227  0.44251450  0.44251450  0.42790160  0.41357085  0.45742089  0.38571364  0.38571364  0.42790160  0.37216754  0.45742089  0.42790160  0.45742089  0.39951156  0.41357085  0.38571364  0.38571364  0.37216754  0.38571364  0.35886424  0.41357085  0.39951156  0.39951156  0.41357085  0.38571364  0.39951156  0.42790160  0.35886424  0.35886424  0.38571364  0.42790160  0.41357085  0.37216754  0.37216754  0.34579518  0.45742089  0.42790160  0.45742089  0.42790160  0.42790160  0.35886424  0.38571364  0.44251450  0.44251450  0.42790160  0.38571364  0.44251450  0.41357085  0.38571364  0.42790160  0.48816298  0.50402508  0.47263278  0.45742089  0.42790160  0.47263278  0.41357085  0.33295227  0.38571364  0.39951156  0.38571364  0.39951156  0.39951156  0.44251450  0.39951156  0.35886424  0.35886424  0.39951156  0.38571364  0.39951156  0.42790160  0.41357085  0.34579518  0.39951156  0.42790160  0.42790160  0.33295227  0.33295227  0.55375273  0.58885749  0.55375273  0.62570534  0.60705278  0.58885749  0.55375273  0.62570534  0.62570534  0.57109759  0.55375273  0.55375273  0.55375273  0.53680396  0.57109759  0.55375273  0.57109759  0.53680396  0.60705278  0.66447850  0.55375273  0.57109759  0.62570534  0.58885749  0.58885749  0.57109759  0.64483877  0.60705278  0.58885749  0.68465206  0.66447850  0.68465206  0.60705278  0.62570534  0.70538928  0.64483877  0.64483877  0.62570534  0.60705278  0.62570534  0.64483877  0.60705278  0.66447850  0.58885749  0.58885749  0.58885749  0.55375273  0.60705278  0.60705278  0.57109759  0.55375273  0.57109759  0.57109759  0.58885749  0.58885749  0.57109759  0.58885749  0.57109759  0.57109759  0.55375273  0.55375273  0.55375273  0.52023358  0.57109759  0.55375273  0.57109759  0.55375273  0.53680396  0.57109759  0.66447850  0.55375273  0.52023358  0.62570534  0.53680396  0.53680396  0.57109759  0.58885749  0.57109759  0.52023358  
13_129_0   0.12355762  0.08610791  0.05045733  0.00817494  0.00000000  0.32032780  0.30791448  0.30791448  0.34579518  0.45742089  0.42790160  0.41357085  0.39951156  0.44251450  0.39951156  0.39951156  0.44251450  0.38571364  0.47263278  0.44251450  0.47263278  0.41357085  0.42790160  0.39951156  0.39951156  0.38571364  0.39951156  0.37216754  0.42790160  0.41357085  0.38571364  0.42790160  0.39951156  0.41357085  0.44251450  0.37216754  0.37216754  0.39951156  0.42790160  0.41357085  0.38571364  0.38571364  0.33295227  0.47263278  0.44251450  0.47263278  0.44251450  0.44251450  0.37216754  0.39951156  0.45742089  0.45742089  0.44251450  0.39951156  0.45742089  0.42790160  0.39951156  0.44251450  0.50402508  0.52023358  0.48816298  0.47263278  0.44251450  0.48816298  0.42790160  0.32032780  0.37216754  0.41357085  0.39951156  0.41357085  0.41357085  0.45742089  0.41357085  0.37216754  0.37216754  0.41357085  0.39951156  0.38571364  0.44251450  0.42790160  0.35886424  0.41357085  0.41357085  0.41357085  0.34579518  0.34579518  0.57109759  0.60705278  0.57109759  0.64483877  0.62570534  0.60705278  0.57109759  0.64483877  0.64483877  0.58885749  0.57109759  0.57109759  0.57109759  0.53680396  0.55375273  0.53680396  0.55375273  0.52023358  0.62570534  0.68465206  0.57109759  0.58885749  0.64483877  0.60705278  0.60705278  0.58885749  0.66447850  0.62570534  0.60705278  0.66447850  0.64483877  0.66447850  0.58885749  0.60705278  0.68465206  0.62570534  0.62570534  0.64483877  0.62570534  0.64483877  0.66447850  0.62570534  0.68465206  0.60705278  0.60705278  0.60705278  0.55375273  0.60705278  0.60705278  0.57109759  0.55375273  0.57109759  0.58885749  0.60705278  0.58885749  0.57109759  0.58885749  0.57109759  0.57109759  0.55375273  0.53680396  0.53680396  0.53680396  0.58885749  0.57109759  0.58885749  0.57109759  0.55375273  0.58885749  0.64483877  0.57109759  0.53680396  0.64483877  0.55375273  0.55375273  0.55375273  0.57109759  0.55375273  0.53680396  
17_90_0    0.34579518  0.29570535  0.34579518  0.33295227  0.32032780  0.00000000  0.00817494  0.00817494  0.14301575  0.24878320  0.20465181  0.22638956  0.22638956  0.24878320  0.23750193  0.23750193  0.26023859  0.24878320  0.35886424  0.32032780  0.34579518  0.33295227  0.32032780  0.29570535  0.29570535  0.28369380  0.29570535  0.28369380  0.30791448  0.26023859  0.22638956  0.24878320  0.22638956  0.24878320  0.29570535  0.22638956  0.21544111  0.24878320  0.29570535  0.28369380  0.29570535  0.29570535  0.35886424  0.32032780  0.32032780  0.33295227  0.34579518  0.35886424  0.30791448  0.33295227  0.33295227  0.33295227  0.37216754  0.34579518  0.34579518  0.34579518  0.37216754  0.33295227  0.37216754  0.37216754  0.35886424  0.34579518  0.32032780  0.37216754  0.29570535  0.30791448  0.32032780  0.29570535  0.29570535  0.30791448  0.30791448  0.35886424  0.26023859  0.23750193  0.22638956  0.27187355  0.27187355  0.23750193  0.34579518  0.30791448  0.27187355  0.28369380  0.33295227  0.30791448  0.23750193  0.27187355  0.57109759  0.60705278  0.55375273  0.60705278  0.58885749  0.57109759  0.53680396  0.62570534  0.60705278  0.52023358  0.58885749  0.53680396  0.53680396  0.48816298  0.55375273  0.50402508  0.53680396  0.57109759  0.57109759  0.62570534  0.53680396  0.55375273  0.57109759  0.55375273  0.55375273  0.47263278  0.55375273  0.50402508  0.48816298  0.50402508  0.48816298  0.50402508  0.42790160  0.45742089  0.48816298  0.44251450  0.44251450  0.62570534  0.60705278  0.52023358  0.57109759  0.53680396  0.52023358  0.55375273  0.52023358  0.52023358  0.62570534  0.57109759  0.64483877  0.60705278  0.58885749  0.58885749  0.66447850  0.64483877  0.52023358  0.50402508  0.53680396  0.58885749  0.64483877  0.62570534  0.60705278  0.60705278  0.58885749  0.68465206  0.68465206  0.70538928  0.64483877  0.66447850  0.60705278  0.64483877  0.62570534  0.60705278  0.62570534  0.60705278  0.60705278  0.53680396  0.55375273  0.53680396  0.55375273  
17_89_0    0.33295227  0.28369380  0.33295227  0.32032780  0.30791448  0.00817494  0.00000000  0.00000000  0.13322293  0.23750193  0.21544111  0.21544111  0.21544111  0.23750193  0.22638956  0.22638956  0.24878320  0.23750193  0.34579518  0.30791448  0.33295227  0.32032780  0.30791448  0.28369380  0.28369380  0.27187355  0.28369380  0.27187355  0.29570535  0.27187355  0.21544111  0.23750193  0.21544111  0.23750193  0.28369380  0.21544111  0.20465181  0.23750193  0.28369380  0.27187355  0.28369380  0.28369380  0.34579518  0.33295227  0.33295227  0.34579518  0.35886424  0.37216754  0.32032780  0.34579518  0.34579518  0.34579518  0.38571364  0.35886424  0.35886424  0.35886424  0.38571364  0.34579518  0.38571364  0.38571364  0.37216754  0.35886424  0.33295227  0.35886424  0.28369380  0.29570535  0.30791448  0.28369380  0.28369380  0.29570535  0.29570535  0.34579518  0.27187355  0.24878320  0.23750193  0.28369380  0.28369380  0.24878320  0.35886424  0.32032780  0.28369380  0.29570535  0.34579518  0.32032780  0.24878320  0.28369380  0.55375273  0.58885749  0.53680396  0.58885749  0.57109759  0.55375273  0.52023358  0.60705278  0.58885749  0.50402508  0.57109759  0.52023358  0.52023358  0.47263278  0.53680396  0.48816298  0.52023358  0.55375273  0.55375273  0.64483877  0.52023358  0.53680396  0.55375273  0.53680396  0.53680396  0.45742089  0.57109759  0.52023358  0.47263278  0.52023358  0.50402508  0.52023358  0.44251450  0.47263278  0.50402508  0.45742089  0.45742089  0.64483877  0.62570534  0.50402508  0.55375273  0.52023358  0.50402508  0.53680396  0.50402508  0.50402508  0.60705278  0.55375273  0.62570534  0.58885749  0.57109759  0.57109759  0.64483877  0.62570534  0.53680396  0.52023358  0.55375273  0.57109759  0.62570534  0.60705278  0.58885749  0.58885749  0.57109759  0.66447850  0.66447850  0.68465206  0.62570534  0.64483877  0.58885749  0.66447850  0.60705278  0.58885749  0.64483877  0.58885749  0.58885749  0.52023358  0.53680396  0.52023358  0.53680396  
17_85_0    0.33295227  0.28369380  0.33295227  0.32032780  0.30791448  0.00817494  0.00000000  0.00000000  0.13322293  0.23750193  0.21544111  0.21544111  0.21544111  0.23750193  0.22638956  0.22638956  0.24878320  0.23750193  0.34579518  0.30791448  0.33295227  0.32032780  0.30791448  0.28369380  0.28369380  0.27187355  0.28369380  0.27187355  0.29570535  0.27187355  0.21544111  0.23750193  0.21544111  0.23750193  0.28369380  0.21544111  0.20465181  0.23750193  0.28369380  0.27187355  0.28369380  0.28369380  0.34579518  0.33295227  0.33295227  0.34579518  0.35886424  0.37216754  0.32032780  0.34579518  0.34579518  0.34579518  0.38571364  0.35886424  0.35886424  0.35886424  0.38571364  0.34579518  0.38571364  0.38571364  0.37216754  0.35886424  0.33295227  0.35886424  0.28369380  0.29570535  0.30791448  0.28369380  0.28369380  0.29570535  0.29570535  0.34579518  0.27187355  0.24878320  0.23750193  0.28369380  0.28369380  0.24878320  0.35886424  0.32032780  0.28369380  0.29570535  0.34579518  0.32032780  0.24878320  0.28369380  0.55375273  0.58885749  0.53680396  0.58885749  0.57109759  0.55375273  0.52023358  0.60705278  0.58885749  0.50402508  0.57109759  0.52023358  0.52023358  0.47263278  0.53680396  0.48816298  0.52023358  0.55375273  0.55375273  0.64483877  0.52023358  0.53680396  0.55375273  0.53680396  0.53680396  0.45742089  0.57109759  0.52023358  0.47263278  0.52023358  0.50402508  0.52023358  0.44251450  0.47263278  0.50402508  0.45742089  0.45742089  0.64483877  0.62570534  0.50402508  0.55375273  0.52023358  0.50402508  0.53680396  0.50402508  0.50402508  0.60705278  0.55375273  0.62570534  0.58885749  0.57109759  0.57109759  0.64483877  0.62570534  0.53680396  0.52023358  0.55375273  0.57109759  0.62570534  0.60705278  0.58885749  0.58885749  0.57109759  0.66447850  0.66447850  0.68465206  0.62570534  0.64483877  0.58885749  0.66447850  0.60705278  0.58885749  0.64483877  0.58885749  0.58885749  0.52023358  0.53680396  0.52023358  0.53680396  
17_82_0    0.27187355  0.29570535  0.34579518  0.33295227  0.34579518  0.14301575  0.13322293  0.13322293  0.00000000  0.14301575  0.14301575  0.12355762  0.13322293  0.14301575  0.17319417  0.17319417  0.19401710  0.19401710  0.29570535  0.26023859  0.26023859  0.19401710  0.26023859  0.28369380  0.28369380  0.29570535  0.28369380  0.27187355  0.22638956  0.22638956  0.17319417  0.17319417  0.15293951  0.16299775  0.22638956  0.16299775  0.15293951  0.18353261  0.28369380  0.27187355  0.20465181  0.20465181  0.33295227  0.23750193  0.23750193  0.29570535  0.28369380  0.28369380  0.27187355  0.27187355  0.26023859  0.26023859  0.27187355  0.30791448  0.29570535  0.29570535  0.32032780  0.28369380  0.28369380  0.24878320  0.27187355  0.26023859  0.26023859  0.24878320  0.18353261  0.28369380  0.34579518  0.19401710  0.19401710  0.20465181  0.20465181  0.27187355  0.23750193  0.23750193  0.22638956  0.26023859  0.22638956  0.23750193  0.32032780  0.29570535  0.24878320  0.26023859  0.33295227  0.30791448  0.26023859  0.23750193  0.60705278  0.64483877  0.62570534  0.64483877  0.62570534  0.60705278  0.57109759  0.62570534  0.60705278  0.60705278  0.60705278  0.55375273  0.55375273  0.58885749  0.57109759  0.47263278  0.50402508  0.58885749  0.52023358  0.70538928  0.50402508  0.48816298  0.55375273  0.53680396  0.52023358  0.50402508  0.57109759  0.55375273  0.52023358  0.53680396  0.52023358  0.50402508  0.44251450  0.44251450  0.50402508  0.45742089  0.45742089  0.57109759  0.55375273  0.52023358  0.53680396  0.53680396  0.52023358  0.53680396  0.52023358  0.52023358  0.57109759  0.60705278  0.64483877  0.64483877  0.62570534  0.58885749  0.66447850  0.64483877  0.57109759  0.60705278  0.62570534  0.50402508  0.57109759  0.57109759  0.57109759  0.57109759  0.58885749  0.58885749  0.58885749  0.57109759  0.55375273  0.57109759  0.52023358  0.60705278  0.55375273  0.57109759  0.58885749  0.57109759  0.55375273  0.52023358  0.53680396  0.52023358  0.53680396  
62_45_0    0.35886424  0.37216754  0.42790160  0.44251450  0.45742089  0.24878320  0.23750193  0.23750193  0.14301575  0.00000000  0.07703345  0.05921073  0.06806860  0.07703345  0.09529469  0.08610791  0.11401657  0.11401657  0.20465181  0.17319417  0.18353261  0.15293951  0.19401710  0.19401710  0.19401710  0.20465181  0.19401710  0.19401710  0.19401710  0.19401710  0.12355762  0.12355762  0.10459660  0.11401657  0.14301575  0.11401657  0.10459660  0.13322293  0.22638956  0.21544111  0.19401710  0.19401710  0.32032780  0.22638956  0.23750193  0.28369380  0.27187355  0.26023859  0.30791448  0.30791448  0.24878320  0.24878320  0.26023859  0.29570535  0.26023859  0.26023859  0.28369380  0.24878320  0.23750193  0.22638956  0.26023859  0.26023859  0.24878320  0.23750193  0.17319417  0.29570535  0.30791448  0.17319417  0.16299775  0.17319417  0.17319417  0.24878320  0.23750193  0.26023859  0.26023859  0.26023859  0.22638956  0.23750193  0.32032780  0.30791448  0.26023859  0.27187355  0.38571364  0.37216754  0.29570535  0.27187355  0.62570534  0.66447850  0.64483877  0.66447850  0.64483877  0.62570534  0.58885749  0.64483877  0.62570534  0.58885749  0.57109759  0.58885749  0.58885749  0.57109759  0.50402508  0.48816298  0.45742089  0.48816298  0.55375273  0.70538928  0.53680396  0.55375273  0.55375273  0.57109759  0.52023358  0.52023358  0.55375273  0.55375273  0.53680396  0.53680396  0.52023358  0.53680396  0.48816298  0.48816298  0.53680396  0.48816298  0.48816298  0.57109759  0.58885749  0.50402508  0.55375273  0.53680396  0.52023358  0.48816298  0.53680396  0.53680396  0.62570534  0.64483877  0.68465206  0.68465206  0.58885749  0.62570534  0.64483877  0.62570534  0.64483877  0.64483877  0.66447850  0.60705278  0.64483877  0.58885749  0.57109759  0.57109759  0.57109759  0.62570534  0.64483877  0.62570534  0.62570534  0.64483877  0.58885749  0.64483877  0.60705278  0.58885749  0.68465206  0.58885749  0.55375273  0.53680396  0.52023358  0.53680396  0.55375273  
14_45_0    0.35886424  0.39951156  0.42790160  0.44251450  0.42790160  0.20465181  0.21544111  0.21544111  0.14301575  0.07703345  0.00000000  0.01644091  0.02479998  0.03325427  0.11401657  0.12355762  0.15293951  0.10459660  0.22638956  0.19401710  0.18353261  0.16299775  0.18353261  0.20465181  0.18353261  0.19401710  0.18353261  0.18353261  0.20465181  0.18353261  0.12355762  0.16299775  0.14301575  0.15293951  0.17319417  0.15293951  0.14301575  0.17319417  0.23750193  0.22638956  0.18353261  0.18353261  0.28369380  0.22638956  0.23750193  0.30791448  0.29570535  0.26023859  0.28369380  0.28369380  0.24878320  0.24878320  0.26023859  0.32032780  0.27187355  0.27187355  0.29570535  0.23750193  0.23750193  0.22638956  0.26023859  0.26023859  0.24878320  0.26023859  0.20465181  0.29570535  0.30791448  0.21544111  0.20465181  0.21544111  0.21544111  0.29570535  0.26023859  0.26023859  0.26023859  0.28369380  0.24878320  0.23750193  0.33295227  0.33295227  0.28369380  0.29570535  0.37216754  0.35886424  0.30791448  0.28369380  0.70538928  0.74868723  0.72672258  0.74868723  0.72672258  0.70538928  0.66447850  0.72672258  0.70538928  0.66447850  0.64483877  0.62570534  0.62570534  0.62570534  0.52023358  0.47263278  0.47263278  0.55375273  0.58885749  0.70538928  0.57109759  0.55375273  0.58885749  0.57109759  0.52023358  0.55375273  0.58885749  0.58885749  0.57109759  0.47263278  0.45742089  0.47263278  0.42790160  0.42790160  0.47263278  0.42790160  0.42790160  0.50402508  0.52023358  0.57109759  0.58885749  0.58885749  0.57109759  0.53680396  0.58885749  0.58885749  0.60705278  0.60705278  0.64483877  0.66447850  0.60705278  0.60705278  0.68465206  0.66447850  0.58885749  0.58885749  0.60705278  0.57109759  0.60705278  0.60705278  0.57109759  0.57109759  0.60705278  0.60705278  0.62570534  0.60705278  0.60705278  0.62570534  0.57109759  0.58885749  0.58885749  0.60705278  0.62570534  0.60705278  0.57109759  0.52023358  0.53680396  0.52023358  0.57109759  
14_53_0    0.34579518  0.38571364  0.41357085  0.42790160  0.41357085  0.22638956  0.21544111  0.21544111  0.12355762  0.05921073  0.01644091  0.00000000  0.00817494  0.01644091  0.11401657  0.12355762  0.15293951  0.10459660  0.20465181  0.17319417  0.18353261  0.14301575  0.16299775  0.18353261  0.18353261  0.19401710  0.18353261  0.18353261  0.18353261  0.18353261  0.12355762  0.14301575  0.12355762  0.13322293  0.15293951  0.13322293  0.12355762  0.15293951  0.21544111  0.20465181  0.18353261  0.18353261  0.28369380  0.22638956  0.23750193  0.30791448  0.29570535  0.26023859  0.28369380  0.28369380  0.24878320  0.24878320  0.26023859  0.32032780  0.27187355  0.27187355  0.29570535  0.26023859  0.23750193  0.22638956  0.26023859  0.26023859  0.24878320  0.23750193  0.18353261  0.27187355  0.28369380  0.19401710  0.18353261  0.19401710  0.19401710  0.27187355  0.26023859  0.26023859  0.26023859  0.28369380  0.24878320  0.23750193  0.33295227  0.33295227  0.28369380  0.29570535  0.37216754  0.35886424  0.30791448  0.28369380  0.66447850  0.70538928  0.68465206  0.70538928  0.68465206  0.66447850  0.62570534  0.68465206  0.66447850  0.62570534  0.60705278  0.58885749  0.58885749  0.58885749  0.48816298  0.44251450  0.44251450  0.52023358  0.57109759  0.72672258  0.55375273  0.53680396  0.57109759  0.55375273  0.50402508  0.53680396  0.60705278  0.60705278  0.55375273  0.48816298  0.47263278  0.48816298  0.44251450  0.44251450  0.48816298  0.44251450  0.44251450  0.52023358  0.53680396  0.53680396  0.55375273  0.55375273  0.53680396  0.50402508  0.55375273  0.55375273  0.57109759  0.60705278  0.64483877  0.62570534  0.57109759  0.57109759  0.64483877  0.62570534  0.58885749  0.58885749  0.60705278  0.53680396  0.57109759  0.57109759  0.53680396  0.53680396  0.57109759  0.57109759  0.58885749  0.57109759  0.57109759  0.58885749  0.53680396  0.58885749  0.55375273  0.57109759  0.62570534  0.57109759  0.53680396  0.48816298  0.50402508  0.48816298  0.53680396  
14_52_0    0.33295227  0.37216754  0.39951156  0.41357085  0.39951156  0.22638956  0.21544111  0.21544111  0.13322293  0.06806860  0.02479998  0.00817494  0.00000000  0.02479998  0.12355762  0.13322293  0.16299775  0.09529469  0.20465181  0.17319417  0.18353261  0.15293951  0.17319417  0.19401710  0.19401710  0.20465181  0.19401710  0.19401710  0.19401710  0.19401710  0.13322293  0.15293951  0.13322293  0.14301575  0.16299775  0.14301575  0.13322293  0.16299775  0.22638956  0.21544111  0.18353261  0.18353261  0.27187355  0.21544111  0.22638956  0.29570535  0.28369380  0.24878320  0.27187355  0.27187355  0.26023859  0.26023859  0.27187355  0.30791448  0.26023859  0.26023859  0.28369380  0.24878320  0.22638956  0.23750193  0.24878320  0.24878320  0.23750193  0.24878320  0.19401710  0.26023859  0.27187355  0.18353261  0.17319417  0.18353261  0.18353261  0.26023859  0.27187355  0.24878320  0.24878320  0.27187355  0.26023859  0.24878320  0.34579518  0.32032780  0.27187355  0.28369380  0.38571364  0.37216754  0.29570535  0.29570535  0.66447850  0.70538928  0.68465206  0.70538928  0.68465206  0.66447850  0.62570534  0.68465206  0.66447850  0.62570534  0.60705278  0.58885749  0.58885749  0.58885749  0.48816298  0.44251450  0.44251450  0.52023358  0.57109759  0.72672258  0.55375273  0.53680396  0.57109759  0.55375273  0.50402508  0.53680396  0.60705278  0.60705278  0.55375273  0.48816298  0.47263278  0.48816298  0.44251450  0.44251450  0.48816298  0.44251450  0.44251450  0.52023358  0.53680396  0.53680396  0.55375273  0.55375273  0.53680396  0.50402508  0.55375273  0.55375273  0.55375273  0.62570534  0.66447850  0.64483877  0.58885749  0.58885749  0.64483877  0.62570534  0.58885749  0.58885749  0.60705278  0.55375273  0.55375273  0.55375273  0.52023358  0.52023358  0.55375273  0.55375273  0.57109759  0.55375273  0.55375273  0.57109759  0.52023358  0.57109759  0.53680396  0.55375273  0.60705278  0.55375273  0.55375273  0.50402508  0.52023358  0.50402508  0.55375273  
55_45_0    0.37216754  0.41357085  0.44251450  0.45742089  0.44251450  0.24878320  0.23750193  0.23750193  0.14301575  0.07703345  0.03325427  0.01644091  0.02479998  0.00000000  0.12355762  0.13322293  0.16299775  0.12355762  0.22638956  0.19401710  0.20465181  0.16299775  0.18353261  0.20465181  0.20465181  0.21544111  0.20465181  0.20465181  0.20465181  0.20465181  0.14301575  0.16299775  0.14301575  0.15293951  0.16299775  0.14301575  0.13322293  0.16299775  0.22638956  0.21544111  0.20465181  0.20465181  0.29570535  0.24878320  0.23750193  0.33295227  0.32032780  0.28369380  0.30791448  0.30791448  0.27187355  0.27187355  0.28369380  0.34579518  0.29570535  0.29570535  0.32032780  0.28369380  0.26023859  0.24878320  0.28369380  0.28369380  0.27187355  0.26023859  0.20465181  0.29570535  0.30791448  0.21544111  0.20465181  0.21544111  0.21544111  0.29570535  0.28369380  0.28369380  0.28369380  0.30791448  0.27187355  0.26023859  0.33295227  0.35886424  0.30791448  0.32032780  0.37216754  0.35886424  0.30791448  0.28369380  0.70538928  0.74868723  0.72672258  0.74868723  0.72672258  0.70538928  0.66447850  0.72672258  0.70538928  0.66447850  0.64483877  0.62570534  0.62570534  0.62570534  0.48816298  0.44251450  0.44251450  0.52023358  0.57109759  0.72672258  0.55375273  0.53680396  0.57109759  0.55375273  0.50402508  0.53680396  0.60705278  0.60705278  0.55375273  0.48816298  0.47263278  0.48816298  0.44251450  0.44251450  0.48816298  0.44251450  0.44251450  0.48816298  0.50402508  0.50402508  0.52023358  0.52023358  0.50402508  0.47263278  0.52023358  0.52023358  0.57109759  0.60705278  0.64483877  0.62570534  0.57109759  0.57109759  0.64483877  0.62570534  0.58885749  0.58885749  0.60705278  0.57109759  0.60705278  0.60705278  0.55375273  0.55375273  0.58885749  0.58885749  0.60705278  0.58885749  0.60705278  0.62570534  0.57109759  0.62570534  0.58885749  0.57109759  0.62570534  0.57109759  0.57109759  0.52023358  0.53680396  0.52023358  0.57109759  
14_47_0    0.38571364  0.34579518  0.39951156  0.38571364  0.39951156  0.23750193  0.22638956  0.22638956  0.17319417  0.09529469  0.11401657  0.11401657  0.12355762  0.12355762  0.00000000  0.00817494  0.03325427  0.07703345  0.13322293  0.10459660  0.13322293  0.11401657  0.17319417  0.15293951  0.13322293  0.14301575  0.13322293  0.11401657  0.20465181  0.20465181  0.13322293  0.15293951  0.13322293  0.14301575  0.15293951  0.12355762  0.11401657  0.14301575  0.24878320  0.23750193  0.20465181  0.20465181  0.30791448  0.24878320  0.23750193  0.28369380  0.29570535  0.28369380  0.30791448  0.33295227  0.24878320  0.24878320  0.26023859  0.27187355  0.26023859  0.24878320  0.27187355  0.24878320  0.26023859  0.24878320  0.26023859  0.30791448  0.27187355  0.26023859  0.20465181  0.27187355  0.30791448  0.17319417  0.18353261  0.19401710  0.19401710  0.27187355  0.26023859  0.26023859  0.28369380  0.28369380  0.24878320  0.26023859  0.27187355  0.30791448  0.24878320  0.26023859  0.38571364  0.37216754  0.29570535  0.27187355  0.57109759  0.60705278  0.58885749  0.60705278  0.58885749  0.57109759  0.53680396  0.58885749  0.57109759  0.57109759  0.55375273  0.57109759  0.57109759  0.58885749  0.60705278  0.58885749  0.55375273  0.53680396  0.57109759  0.68465206  0.55375273  0.57109759  0.58885749  0.60705278  0.55375273  0.55375273  0.55375273  0.55375273  0.57109759  0.57109759  0.55375273  0.60705278  0.48816298  0.48816298  0.57109759  0.52023358  0.52023358  0.58885749  0.60705278  0.57109759  0.62570534  0.60705278  0.58885749  0.55375273  0.60705278  0.60705278  0.53680396  0.55375273  0.62570534  0.62570534  0.53680396  0.53680396  0.55375273  0.53680396  0.60705278  0.57109759  0.58885749  0.57109759  0.64483877  0.60705278  0.53680396  0.53680396  0.53680396  0.57109759  0.55375273  0.57109759  0.57109759  0.58885749  0.53680396  0.62570534  0.58885749  0.57109759  0.62570534  0.57109759  0.60705278  0.55375273  0.53680396  0.55375273  0.53680396  
55_47_0    0.38571364  0.34579518  0.41357085  0.38571364  0.39951156  0.23750193  0.22638956  0.22638956  0.17319417  0.08610791  0.12355762  0.12355762  0.13322293  0.13322293  0.00817494  0.00000000  0.02479998  0.08610791  0.14301575  0.11401657  0.12355762  0.12355762  0.18353261  0.16299775  0.14301575  0.15293951  0.14301575  0.12355762  0.19401710  0.20465181  0.13322293  0.15293951  0.13322293  0.14301575  0.15293951  0.12355762  0.11401657  0.14301575  0.24878320  0.23750193  0.20465181  0.20465181  0.30791448  0.24878320  0.23750193  0.28369380  0.29570535  0.28369380  0.30791448  0.33295227  0.24878320  0.24878320  0.26023859  0.27187355  0.26023859  0.24878320  0.27187355  0.24878320  0.26023859  0.24878320  0.26023859  0.30791448  0.27187355  0.26023859  0.20465181  0.27187355  0.30791448  0.17319417  0.18353261  0.19401710  0.19401710  0.27187355  0.26023859  0.26023859  0.28369380  0.28369380  0.24878320  0.26023859  0.28369380  0.30791448  0.24878320  0.26023859  0.38571364  0.37216754  0.29570535  0.27187355  0.57109759  0.60705278  0.58885749  0.60705278  0.58885749  0.57109759  0.53680396  0.58885749  0.57109759  0.57109759  0.55375273  0.57109759  0.57109759  0.58885749  0.60705278  0.58885749  0.55375273  0.53680396  0.57109759  0.68465206  0.55375273  0.57109759  0.58885749  0.60705278  0.55375273  0.55375273  0.55375273  0.55375273  0.57109759  0.57109759  0.55375273  0.60705278  0.48816298  0.48816298  0.57109759  0.52023358  0.52023358  0.58885749  0.60705278  0.57109759  0.62570534  0.60705278  0.58885749  0.55375273  0.60705278  0.60705278  0.53680396  0.55375273  0.62570534  0.62570534  0.53680396  0.53680396  0.55375273  0.53680396  0.60705278  0.57109759  0.58885749  0.57109759  0.64483877  0.60705278  0.53680396  0.53680396  0.53680396  0.57109759  0.55375273  0.57109759  0.57109759  0.58885749  0.53680396  0.62570534  0.58885749  0.57109759  0.62570534  0.57109759  0.60705278  0.55375273  0.53680396  0.55375273  0.53680396  
62_47_0    0.42790160  0.38571364  0.45742089  0.42790160  0.44251450  0.26023859  0.24878320  0.24878320  0.19401710  0.11401657  0.15293951  0.15293951  0.16299775  0.16299775  0.03325427  0.02479998  0.00000000  0.11401657  0.17319417  0.14301575  0.15293951  0.13322293  0.19401710  0.17319417  0.15293951  0.16299775  0.15293951  0.15293951  0.18353261  0.21544111  0.16299775  0.18353261  0.16299775  0.17319417  0.18353261  0.15293951  0.14301575  0.17319417  0.26023859  0.24878320  0.21544111  0.21544111  0.32032780  0.26023859  0.27187355  0.29570535  0.33295227  0.29570535  0.32032780  0.34579518  0.26023859  0.26023859  0.27187355  0.29570535  0.27187355  0.26023859  0.28369380  0.26023859  0.27187355  0.26023859  0.27187355  0.34579518  0.28369380  0.27187355  0.21544111  0.28369380  0.32032780  0.18353261  0.21544111  0.20465181  0.20465181  0.28369380  0.29570535  0.29570535  0.32032780  0.32032780  0.28369380  0.29570535  0.32032780  0.32032780  0.28369380  0.27187355  0.39951156  0.38571364  0.30791448  0.30791448  0.57109759  0.57109759  0.58885749  0.57109759  0.55375273  0.57109759  0.50402508  0.55375273  0.53680396  0.57109759  0.55375273  0.53680396  0.53680396  0.55375273  0.62570534  0.58885749  0.57109759  0.52023358  0.55375273  0.66447850  0.53680396  0.55375273  0.58885749  0.60705278  0.53680396  0.53680396  0.52023358  0.55375273  0.52023358  0.55375273  0.53680396  0.58885749  0.47263278  0.47263278  0.55375273  0.50402508  0.50402508  0.58885749  0.60705278  0.57109759  0.62570534  0.60705278  0.58885749  0.58885749  0.64483877  0.64483877  0.57109759  0.58885749  0.66447850  0.66447850  0.57109759  0.57109759  0.58885749  0.57109759  0.64483877  0.60705278  0.62570534  0.62570534  0.66447850  0.66447850  0.52023358  0.52023358  0.52023358  0.55375273  0.53680396  0.55375273  0.55375273  0.57109759  0.52023358  0.64483877  0.57109759  0.58885749  0.57109759  0.55375273  0.58885749  0.57109759  0.55375273  0.57109759  0.52023358  
34_56_0    0.32032780  0.30791448  0.35886424  0.37216754  0.38571364  0.24878320  0.23750193  0.23750193  0.19401710  0.11401657  0.10459660  0.10459660  0.09529469  0.12355762  0.07703345  0.08610791  0.11401657  0.00000000  0.17319417  0.12355762  0.13322293  0.14301575  0.12355762  0.12355762  0.14301575  0.15293951  0.14301575  0.12355762  0.21544111  0.19401710  0.16299775  0.18353261  0.16299775  0.16299775  0.20465181  0.13322293  0.12355762  0.17319417  0.20465181  0.19401710  0.17319417  0.17319417  0.28369380  0.20465181  0.21544111  0.26023859  0.24878320  0.23750193  0.30791448  0.30791448  0.24878320  0.24878320  0.26023859  0.28369380  0.26023859  0.24878320  0.27187355  0.20465181  0.21544111  0.24878320  0.23750193  0.28369380  0.22638956  0.23750193  0.18353261  0.27187355  0.33295227  0.17319417  0.16299775  0.17319417  0.17319417  0.27187355  0.24878320  0.27187355  0.27187355  0.24878320  0.23750193  0.24878320  0.30791448  0.28369380  0.27187355  0.28369380  0.41357085  0.37216754  0.28369380  0.30791448  0.58885749  0.62570534  0.60705278  0.62570534  0.60705278  0.58885749  0.55375273  0.60705278  0.58885749  0.62570534  0.60705278  0.58885749  0.58885749  0.57109759  0.53680396  0.52023358  0.52023358  0.57109759  0.48816298  0.62570534  0.52023358  0.52023358  0.53680396  0.55375273  0.50402508  0.55375273  0.52023358  0.52023358  0.57109759  0.57109759  0.55375273  0.57109759  0.47263278  0.50402508  0.58885749  0.53680396  0.53680396  0.53680396  0.58885749  0.53680396  0.58885749  0.57109759  0.55375273  0.52023358  0.57109759  0.57109759  0.55375273  0.62570534  0.66447850  0.68465206  0.55375273  0.58885749  0.62570534  0.60705278  0.64483877  0.64483877  0.66447850  0.62570534  0.62570534  0.55375273  0.55375273  0.55375273  0.58885749  0.62570534  0.60705278  0.58885749  0.58885749  0.60705278  0.55375273  0.60705278  0.57109759  0.52023358  0.60705278  0.55375273  0.58885749  0.53680396  0.52023358  0.53680396  0.55375273  
14_49_0    0.48816298  0.41357085  0.47263278  0.45742089  0.47263278  0.35886424  0.34579518  0.34579518  0.29570535  0.20465181  0.22638956  0.20465181  0.20465181  0.22638956  0.13322293  0.14301575  0.17319417  0.17319417  0.00000000  0.04180596  0.06806860  0.17319417  0.17319417  0.15293951  0.17319417  0.16299775  0.17319417  0.15293951  0.23750193  0.26023859  0.24878320  0.22638956  0.22638956  0.23750193  0.20465181  0.22638956  0.23750193  0.24878320  0.24878320  0.26023859  0.28369380  0.28369380  0.39951156  0.29570535  0.27187355  0.32032780  0.30791448  0.32032780  0.32032780  0.34579518  0.29570535  0.29570535  0.28369380  0.30791448  0.29570535  0.28369380  0.30791448  0.30791448  0.27187355  0.27187355  0.27187355  0.29570535  0.28369380  0.33295227  0.24878320  0.33295227  0.28369380  0.24878320  0.23750193  0.24878320  0.24878320  0.24878320  0.29570535  0.28369380  0.30791448  0.30791448  0.28369380  0.32032780  0.33295227  0.30791448  0.26023859  0.29570535  0.48816298  0.50402508  0.32032780  0.28369380  0.50402508  0.53680396  0.53680396  0.53680396  0.52023358  0.50402508  0.50402508  0.48816298  0.50402508  0.53680396  0.52023358  0.55375273  0.55375273  0.60705278  0.62570534  0.68465206  0.57109759  0.62570534  0.68465206  0.74868723  0.60705278  0.66447850  0.60705278  0.62570534  0.57109759  0.57109759  0.53680396  0.57109759  0.58885749  0.66447850  0.68465206  0.74868723  0.60705278  0.60705278  0.70538928  0.64483877  0.64483877  0.55375273  0.57109759  0.58885749  0.60705278  0.58885749  0.57109759  0.53680396  0.57109759  0.57109759  0.50402508  0.58885749  0.66447850  0.60705278  0.52023358  0.53680396  0.48816298  0.44251450  0.55375273  0.50402508  0.50402508  0.58885749  0.60705278  0.58885749  0.58885749  0.58885749  0.53680396  0.58885749  0.57109759  0.58885749  0.53680396  0.55375273  0.48816298  0.58885749  0.55375273  0.55375273  0.60705278  0.60705278  0.62570534  0.53680396  0.52023358  0.53680396  0.52023358  
55_49_0    0.42790160  0.35886424  0.41357085  0.42790160  0.44251450  0.32032780  0.30791448  0.30791448  0.26023859  0.17319417  0.19401710  0.17319417  0.17319417  0.19401710  0.10459660  0.11401657  0.14301575  0.12355762  0.04180596  0.00000000  0.05921073  0.16299775  0.16299775  0.14301575  0.18353261  0.17319417  0.18353261  0.16299775  0.22638956  0.22638956  0.19401710  0.17319417  0.17319417  0.18353261  0.19401710  0.21544111  0.20465181  0.23750193  0.20465181  0.21544111  0.22638956  0.22638956  0.33295227  0.23750193  0.21544111  0.26023859  0.24878320  0.26023859  0.26023859  0.28369380  0.23750193  0.23750193  0.24878320  0.24878320  0.23750193  0.22638956  0.24878320  0.24878320  0.21544111  0.21544111  0.21544111  0.26023859  0.22638956  0.27187355  0.19401710  0.27187355  0.27187355  0.19401710  0.18353261  0.19401710  0.19401710  0.21544111  0.28369380  0.29570535  0.32032780  0.29570535  0.27187355  0.30791448  0.32032780  0.29570535  0.27187355  0.30791448  0.41357085  0.42790160  0.32032780  0.28369380  0.50402508  0.53680396  0.53680396  0.53680396  0.52023358  0.50402508  0.47263278  0.48816298  0.50402508  0.57109759  0.55375273  0.52023358  0.52023358  0.57109759  0.58885749  0.60705278  0.60705278  0.58885749  0.60705278  0.66447850  0.57109759  0.62570534  0.60705278  0.62570534  0.57109759  0.57109759  0.50402508  0.53680396  0.58885749  0.62570534  0.60705278  0.66447850  0.53680396  0.53680396  0.62570534  0.57109759  0.57109759  0.55375273  0.60705278  0.55375273  0.57109759  0.55375273  0.53680396  0.50402508  0.53680396  0.53680396  0.50402508  0.58885749  0.66447850  0.60705278  0.52023358  0.50402508  0.52023358  0.50402508  0.58885749  0.53680396  0.53680396  0.58885749  0.64483877  0.58885749  0.57109759  0.57109759  0.53680396  0.62570534  0.60705278  0.62570534  0.57109759  0.58885749  0.52023358  0.62570534  0.58885749  0.53680396  0.58885749  0.60705278  0.62570534  0.53680396  0.52023358  0.53680396  0.52023358  
