174
72_0_0     0.00000000  0.00804370  0.41961877  0.41961877  0.40562109  0.37174685  0.37839838  0.44843726  0.46328008  0.48611989  0.43388727  0.47842776  0.47842776  0.48611989  0.40562109  0.39872064  0.55072795  0.66952596  0.46328008  0.44843726  0.43388727  0.43388727  0.44112638  0.45582133  0.44112638  0.39872064  0.42671852  0.42671852  0.39872064  0.37839838  0.35862110  0.35214480  0.35214480  0.38511043  0.49389309  0.49389309  0.46328008  0.45582133  0.40562109  0.39188414  0.39188414  0.39872064  0.39872064  0.41961877  0.38511043  0.41961877  0.46328008  0.39872064  0.44112638  0.41258673  0.39188414  0.39872064  0.41258673  0.36515478  0.36515478  0.37839838  0.41258673  0.39872064  0.38511043  0.42671852  0.42671852  0.43388727  0.41258673  0.41258673  0.39188414  0.32058983  0.32058983  0.30228519  0.30228519  0.31443767  0.30228519  0.37839838  0.38511043  0.34572488  0.37174685  0.37174685  0.35862110  0.41961877  0.33305028  0.33936035  0.33305028  0.35862110  0.35214480  0.36515478  0.36515478  0.36515478  0.37839838  0.36515478  0.39872064  0.39872064  0.39188414  0.40562109  0.37839838  0.40562109  0.40562109  0.40562109  0.44112638  0.44843726  0.39188414  0.49389309  0.47842776  0.39188414  0.39872064  0.39872064  0.37174685  0.36515478  0.35862110  0.36515478  0.39872064  0.36515478  0.36515478  0.36515478  0.35214480  0.35214480  0.35862110  0.41258673  0.39872064  0.35214480  0.39188414  0.37839838  0.38511043  0.39188414  0.41258673  0.46328008  0.41258673  0.42671852  0.44112638  0.40562109  0.41961877  0.40562109  0.41258673  0.41961877  0.41961877  0.37174685  0.41961877  0.41258673  0.40562109  0.43388727  0.38511043  0.40562109  0.35862110  0.36515478  0.36515478  0.39188414  0.37839838  0.37839838  0.39872064  0.38511043  0.41258673  0.42671852  0.37174685  0.39188414  0.37174685  0.37174685  0.37174685  0.39188414  0.35214480  0.40562109  0.37174685  0.37839838  0.35862110  0.35862110  0.37174685  0.39188414  0.39188414  0.35862110  0.35214480  0.35214480  0.36515478  0.36515478  0.36515478  0.39188414  0.44112638  0.35862110  
88_0_0     0.00804370  0.00000000  0.40562109  0.41961877  0.39188414  0.35862110  0.36515478  0.44843726  0.46328008  0.48611989  0.41961877  0.46328008  0.46328008  0.47081503  0.40562109  0.39872064  0.55072795  0.66952596  0.47081503  0.45582133  0.44112638  0.44112638  0.44112638  0.45582133  0.44112638  0.39872064  0.42671852  0.42671852  0.38511043  0.36515478  0.35862110  0.33936035  0.33936035  0.37174685  0.48611989  0.47842776  0.44843726  0.44112638  0.39188414  0.37839838  0.37839838  0.38511043  0.38511043  0.40562109  0.37174685  0.40562109  0.46328008  0.39872064  0.44112638  0.41258673  0.39188414  0.38511043  0.42671852  0.35214480  0.35214480  0.37839838  0.41258673  0.39872064  0.38511043  0.42671852  0.42671852  0.43388727  0.41258673  0.41258673  0.37839838  0.32058983  0.32058983  0.30228519  0.30228519  0.31443767  0.30228519  0.36515478  0.39872064  0.35862110  0.38511043  0.38511043  0.37174685  0.41961877  0.34572488  0.35214480  0.34572488  0.37174685  0.36515478  0.37839838  0.37839838  0.37839838  0.39188414  0.36515478  0.39872064  0.41258673  0.39188414  0.40562109  0.37839838  0.40562109  0.40562109  0.40562109  0.44112638  0.44843726  0.39188414  0.50968967  0.49389309  0.37839838  0.38511043  0.38511043  0.37174685  0.36515478  0.35862110  0.36515478  0.38511043  0.36515478  0.36515478  0.36515478  0.36515478  0.36515478  0.37174685  0.41258673  0.38511043  0.33936035  0.39188414  0.37839838  0.38511043  0.39188414  0.41258673  0.46328008  0.41258673  0.42671852  0.44112638  0.40562109  0.41961877  0.40562109  0.41258673  0.41961877  0.41961877  0.37174685  0.41961877  0.41258673  0.40562109  0.43388727  0.38511043  0.40562109  0.34572488  0.35214480  0.36515478  0.39188414  0.36515478  0.36515478  0.38511043  0.37174685  0.39872064  0.41258673  0.37174685  0.40562109  0.37174685  0.37174685  0.37174685  0.39188414  0.35214480  0.40562109  0.37174685  0.37839838  0.35862110  0.35862110  0.37174685  0.39188414  0.39188414  0.35862110  0.35214480  0.35214480  0.36515478  0.36515478  0.36515478  0.39188414  0.44112638  0.35862110  
76_0_0     0.41961877  0.40562109  0.00000000  0.44843726  0.47081503  0.41258673  0.43388727  0.56780473  0.55072795  0.56780473  0.58528631  0.54233558  0.55072795  0.59418498  0.54233558  0.53403764  0.54233558  0.60319233  0.51771668  0.50968967  0.50968967  0.50968967  0.52583201  0.52583201  0.50968967  0.47842776  0.50968967  0.50968967  0.51771668  0.44843726  0.51771668  0.45582133  0.45582133  0.48611989  0.46328008  0.45582133  0.44112638  0.44843726  0.46328008  0.44843726  0.44843726  0.45582133  0.45582133  0.47842776  0.47081503  0.57649373  0.64036382  0.55072795  0.59418498  0.57649373  0.54233558  0.52583201  0.54233558  0.54233558  0.54233558  0.59418498  0.56780473  0.55921692  0.54233558  0.71029405  0.71029405  0.67950867  0.68962835  0.68962835  0.62154392  0.53403764  0.55921692  0.55072795  0.55072795  0.55072795  0.52583201  0.54233558  0.61231104  0.56780473  0.55072795  0.59418498  0.55921692  0.58528631  0.62154392  0.61231104  0.60319233  0.64036382  0.61231104  0.55921692  0.55921692  0.55921692  0.59418498  0.58528631  0.64995698  0.61231104  0.51771668  0.59418498  0.55072795  0.53403764  0.51771668  0.51771668  0.54233558  0.54233558  0.59418498  0.58528631  0.58528631  0.54233558  0.48611989  0.48611989  0.51771668  0.56780473  0.55921692  0.56780473  0.54233558  0.56780473  0.56780473  0.56780473  0.55072795  0.55072795  0.54233558  0.57649373  0.48611989  0.50174909  0.53403764  0.55921692  0.55921692  0.55072795  0.54233558  0.55072795  0.54233558  0.55072795  0.64995698  0.63089384  0.61231104  0.61231104  0.61231104  0.52583201  0.53403764  0.55072795  0.52583201  0.53403764  0.55921692  0.61231104  0.51771668  0.55921692  0.52583201  0.54233558  0.55072795  0.57649373  0.56780473  0.53403764  0.59418498  0.57649373  0.57649373  0.60319233  0.52583201  0.56780473  0.55921692  0.55921692  0.55921692  0.56780473  0.54233558  0.55072795  0.52583201  0.51771668  0.51771668  0.50968967  0.53403764  0.54233558  0.55072795  0.51771668  0.50968967  0.50968967  0.50174909  0.51771668  0.50968967  0.54233558  0.55921692  0.53403764  
68_9_0     0.41961877  0.41961877  0.44843726  0.00000000  0.15525184  0.18548637  0.18036042  0.42671852  0.41961877  0.43388727  0.41258673  0.34572488  0.35862110  0.37174685  0.40562109  0.39872064  0.41258673  0.44843726  0.33936035  0.30228519  0.35214480  0.35214480  0.30228519  0.31443767  0.29628323  0.30833640  0.42671852  0.41961877  0.36515478  0.26126238  0.30833640  0.30228519  0.30228519  0.27856496  0.35214480  0.34572488  0.32679374  0.32058983  0.30833640  0.29628323  0.29628323  0.31443767  0.31443767  0.30833640  0.30228519  0.35214480  0.50968967  0.31443767  0.35214480  0.35862110  0.33305028  0.35214480  0.33305028  0.35214480  0.35214480  0.33305028  0.36515478  0.35214480  0.33305028  0.41961877  0.41961877  0.42671852  0.41961877  0.41961877  0.41961877  0.36515478  0.33305028  0.32679374  0.32679374  0.36515478  0.35214480  0.41961877  0.50174909  0.44112638  0.44112638  0.44112638  0.44112638  0.50174909  0.44112638  0.44843726  0.45582133  0.43388727  0.44843726  0.41961877  0.41961877  0.41961877  0.44112638  0.43388727  0.46328008  0.37174685  0.33305028  0.38511043  0.35862110  0.33936035  0.35214480  0.35214480  0.34572488  0.35214480  0.37839838  0.34572488  0.33305028  0.38511043  0.36515478  0.36515478  0.33936035  0.35862110  0.37174685  0.35862110  0.36515478  0.35862110  0.43388727  0.43388727  0.37174685  0.36515478  0.35862110  0.37839838  0.47081503  0.46328008  0.35214480  0.34572488  0.36515478  0.35214480  0.34572488  0.35214480  0.34572488  0.38511043  0.41258673  0.39872064  0.38511043  0.41258673  0.37174685  0.33305028  0.33305028  0.35214480  0.34572488  0.33936035  0.32058983  0.32058983  0.33305028  0.32679374  0.39188414  0.38511043  0.38511043  0.37839838  0.37839838  0.36515478  0.39872064  0.38511043  0.43388727  0.42671852  0.37839838  0.41258673  0.41258673  0.41258673  0.39188414  0.39872064  0.44112638  0.41961877  0.33305028  0.33936035  0.32679374  0.34572488  0.33936035  0.35862110  0.37839838  0.34572488  0.32679374  0.35214480  0.34572488  0.33305028  0.32058983  0.29628323  0.32058983  0.34572488  
68_0_0     0.40562109  0.39188414  0.47081503  0.15525184  0.00000000  0.12620810  0.11210418  0.36515478  0.35862110  0.35862110  0.39872064  0.35214480  0.36515478  0.39188414  0.36515478  0.37174685  0.39872064  0.49389309  0.30833640  0.29032972  0.32679374  0.32679374  0.27275221  0.28442388  0.26126238  0.28442388  0.39872064  0.39188414  0.30833640  0.29628323  0.24994880  0.22240162  0.22240162  0.24435644  0.35862110  0.35214480  0.32058983  0.31443767  0.25558390  0.24435644  0.24435644  0.25558390  0.25558390  0.26126238  0.24994880  0.31443767  0.52583201  0.31443767  0.35214480  0.33936035  0.32058983  0.35214480  0.33936035  0.26698492  0.26698492  0.28442388  0.30228519  0.32058983  0.29628323  0.43388727  0.43388727  0.44112638  0.41961877  0.41961877  0.37174685  0.35862110  0.36515478  0.37174685  0.37174685  0.39872064  0.38511043  0.42671852  0.45582133  0.41258673  0.39872064  0.39872064  0.39872064  0.44112638  0.43388727  0.43388727  0.44112638  0.43388727  0.46328008  0.44843726  0.44843726  0.43388727  0.42671852  0.40562109  0.44112638  0.31443767  0.26126238  0.31443767  0.29628323  0.29032972  0.29032972  0.29032972  0.33936035  0.34572488  0.38511043  0.40562109  0.40562109  0.29628323  0.30228519  0.30228519  0.29032972  0.30833640  0.32058983  0.30833640  0.30228519  0.30833640  0.35862110  0.35862110  0.38511043  0.37839838  0.37174685  0.35214480  0.40562109  0.39872064  0.35214480  0.35862110  0.35214480  0.34572488  0.37174685  0.38511043  0.37174685  0.34572488  0.39872064  0.35862110  0.37174685  0.38511043  0.34572488  0.28442388  0.27275221  0.28442388  0.28442388  0.27856496  0.27275221  0.29032972  0.27275221  0.27856496  0.37839838  0.35862110  0.34572488  0.35214480  0.32679374  0.35214480  0.35214480  0.32058983  0.37839838  0.37174685  0.35214480  0.39872064  0.39872064  0.39872064  0.37839838  0.37174685  0.39872064  0.35214480  0.26126238  0.26698492  0.28442388  0.30228519  0.28442388  0.29032972  0.31443767  0.29628323  0.27856496  0.30228519  0.27275221  0.30833640  0.30833640  0.29032972  0.30833640  0.29628323  
98_0_0     0.37174685  0.35862110  0.41258673  0.18548637  0.12620810  0.00000000  0.02027618  0.36515478  0.35862110  0.34572488  0.37839838  0.33936035  0.33936035  0.35214480  0.36515478  0.37174685  0.37839838  0.45582133  0.24994880  0.24994880  0.28442388  0.28442388  0.26698492  0.27856496  0.24435644  0.24435644  0.31443767  0.30833640  0.29032972  0.27856496  0.29032972  0.22782936  0.22782936  0.25558390  0.31443767  0.30833640  0.26698492  0.24994880  0.23880616  0.23880616  0.23880616  0.24994880  0.24994880  0.26698492  0.21166452  0.28442388  0.50174909  0.26126238  0.35214480  0.31443767  0.26698492  0.28442388  0.28442388  0.23880616  0.23880616  0.23329734  0.29628323  0.33305028  0.26698492  0.34572488  0.34572488  0.33936035  0.34572488  0.34572488  0.35862110  0.30228519  0.35862110  0.33936035  0.33936035  0.33936035  0.36515478  0.36515478  0.39872064  0.39872064  0.38511043  0.39872064  0.37174685  0.42671852  0.41961877  0.41961877  0.42671852  0.41961877  0.39188414  0.35214480  0.35214480  0.33936035  0.38511043  0.37839838  0.42671852  0.26698492  0.30228519  0.32058983  0.30228519  0.25558390  0.24435644  0.24435644  0.30228519  0.29628323  0.32679374  0.33305028  0.32058983  0.27275221  0.30228519  0.30228519  0.27275221  0.27856496  0.27856496  0.27856496  0.26126238  0.27856496  0.36515478  0.36515478  0.30228519  0.30833640  0.30228519  0.29628323  0.32058983  0.33936035  0.28442388  0.27856496  0.28442388  0.27856496  0.32679374  0.32679374  0.32679374  0.26126238  0.27856496  0.27856496  0.25558390  0.29032972  0.25558390  0.26698492  0.26698492  0.27856496  0.26698492  0.26126238  0.26698492  0.27275221  0.24435644  0.28442388  0.35862110  0.35214480  0.31443767  0.33936035  0.33305028  0.33305028  0.35862110  0.32679374  0.35862110  0.35214480  0.32058983  0.35214480  0.33936035  0.33936035  0.33305028  0.32679374  0.35862110  0.31443767  0.25558390  0.26126238  0.26698492  0.26126238  0.29032972  0.30228519  0.26126238  0.27856496  0.27275221  0.28442388  0.25558390  0.25558390  0.25558390  0.27275221  0.30228519  0.25558390  
100_0_0    0.37839838  0.36515478  0.43388727  0.18036042  0.11210418  0.02027618  0.00000000  0.35862110  0.35214480  0.35214480  0.35862110  0.35862110  0.35862110  0.37174685  0.37174685  0.37839838  0.38511043  0.46328008  0.25558390  0.23329734  0.26698492  0.26698492  0.24994880  0.26126238  0.21701353  0.22782936  0.33305028  0.32679374  0.28442388  0.26126238  0.28442388  0.22240162  0.22240162  0.24994880  0.30833640  0.30228519  0.26126238  0.24435644  0.23329734  0.23329734  0.23329734  0.24435644  0.24435644  0.26126238  0.20635403  0.26698492  0.50968967  0.26698492  0.35862110  0.32058983  0.27275221  0.29032972  0.27856496  0.24435644  0.24435644  0.23880616  0.29032972  0.33936035  0.26126238  0.34572488  0.34572488  0.33936035  0.34572488  0.34572488  0.37839838  0.32058983  0.35214480  0.34572488  0.34572488  0.34572488  0.37174685  0.37174685  0.40562109  0.39188414  0.39188414  0.37839838  0.36515478  0.43388727  0.39872064  0.41258673  0.41961877  0.41258673  0.41258673  0.37174685  0.37174685  0.35862110  0.37839838  0.35862110  0.41961877  0.25558390  0.28442388  0.32679374  0.29628323  0.23880616  0.23880616  0.23880616  0.32058983  0.31443767  0.30833640  0.33936035  0.33936035  0.27275221  0.30228519  0.30228519  0.27856496  0.28442388  0.28442388  0.28442388  0.26698492  0.28442388  0.35862110  0.35862110  0.29628323  0.30228519  0.29628323  0.30228519  0.32679374  0.34572488  0.29032972  0.28442388  0.29032972  0.28442388  0.35862110  0.35862110  0.35862110  0.26698492  0.28442388  0.28442388  0.27275221  0.29628323  0.26126238  0.26126238  0.26126238  0.27275221  0.26126238  0.25558390  0.26126238  0.25558390  0.24994880  0.29032972  0.37839838  0.37174685  0.33305028  0.33305028  0.32679374  0.32679374  0.33936035  0.32058983  0.36515478  0.35862110  0.33936035  0.37174685  0.35862110  0.35862110  0.35214480  0.34572488  0.37839838  0.32058983  0.24994880  0.25558390  0.26126238  0.26698492  0.28442388  0.30833640  0.26698492  0.28442388  0.27856496  0.29032972  0.26126238  0.26126238  0.26126238  0.26698492  0.28442388  0.27275221  
83_0_0     0.44843726  0.44843726  0.56780473  0.42671852  0.36515478  0.36515478  0.35862110  0.00000000  0.01617610  0.03271497  0.15525184  0.19584640  0.18548637  0.21701353  0.13096999  0.13576283  0.47081503  0.48611989  0.38511043  0.37839838  0.35862110  0.35862110  0.35862110  0.36515478  0.33305028  0.33305028  0.44112638  0.43388727  0.44112638  0.45582133  0.35862110  0.35214480  0.35214480  0.37174685  0.50968967  0.50174909  0.44843726  0.47081503  0.43388727  0.40562109  0.40562109  0.41961877  0.41961877  0.41258673  0.37174685  0.39188414  0.47842776  0.50968967  0.53403764  0.51771668  0.48611989  0.49389309  0.48611989  0.42671852  0.42671852  0.40562109  0.41961877  0.43388727  0.47081503  0.58528631  0.58528631  0.55921692  0.56780473  0.56780473  0.48611989  0.46328008  0.54233558  0.55072795  0.55072795  0.54233558  0.54233558  0.55921692  0.51771668  0.51771668  0.50174909  0.50174909  0.48611989  0.50174909  0.52583201  0.50968967  0.51771668  0.49389309  0.53403764  0.55072795  0.55072795  0.53403764  0.53403764  0.50968967  0.49389309  0.49389309  0.44112638  0.50968967  0.47081503  0.45582133  0.45582133  0.45582133  0.53403764  0.50968967  0.50968967  0.44843726  0.44843726  0.46328008  0.45582133  0.45582133  0.44112638  0.40562109  0.39188414  0.40562109  0.42671852  0.40562109  0.44112638  0.44112638  0.37174685  0.37839838  0.37174685  0.43388727  0.43388727  0.41258673  0.39188414  0.39872064  0.41961877  0.41258673  0.39188414  0.40562109  0.39188414  0.40562109  0.46328008  0.43388727  0.43388727  0.43388727  0.43388727  0.44843726  0.43388727  0.50174909  0.44112638  0.44112638  0.44843726  0.42671852  0.44843726  0.41258673  0.51771668  0.49389309  0.45582133  0.44843726  0.45582133  0.48611989  0.45582133  0.44843726  0.46328008  0.45582133  0.46328008  0.48611989  0.47081503  0.47081503  0.46328008  0.45582133  0.47081503  0.44843726  0.41961877  0.42671852  0.41961877  0.45582133  0.43388727  0.45582133  0.41961877  0.44112638  0.44843726  0.41961877  0.41258673  0.46328008  0.47842776  0.42671852  0.43388727  0.39872064  
87_0_0     0.46328008  0.46328008  0.55072795  0.41961877  0.35862110  0.35862110  0.35214480  0.01617610  0.00000000  0.03271497  0.16519293  0.20635403  0.19584640  0.22782936  0.14058701  0.14544296  0.47081503  0.47081503  0.38511043  0.37839838  0.35862110  0.35862110  0.37174685  0.36515478  0.33305028  0.32058983  0.45582133  0.44843726  0.43388727  0.46328008  0.35214480  0.35862110  0.35862110  0.37839838  0.49389309  0.48611989  0.43388727  0.45582133  0.44112638  0.41258673  0.41258673  0.41258673  0.41258673  0.40562109  0.37839838  0.37839838  0.47081503  0.49389309  0.51771668  0.50174909  0.47081503  0.47842776  0.47081503  0.43388727  0.43388727  0.41258673  0.42671852  0.43388727  0.46328008  0.58528631  0.58528631  0.55921692  0.56780473  0.56780473  0.48611989  0.47842776  0.52583201  0.55072795  0.55072795  0.53403764  0.55921692  0.55921692  0.54233558  0.54233558  0.52583201  0.52583201  0.50968967  0.50968967  0.53403764  0.51771668  0.52583201  0.50174909  0.54233558  0.55921692  0.55921692  0.54233558  0.51771668  0.49389309  0.50968967  0.50174909  0.44843726  0.50174909  0.47081503  0.45582133  0.45582133  0.45582133  0.54233558  0.51771668  0.51771668  0.44843726  0.44843726  0.47081503  0.46328008  0.46328008  0.44843726  0.41258673  0.39872064  0.41258673  0.43388727  0.41258673  0.44112638  0.44112638  0.37174685  0.37839838  0.37174685  0.41961877  0.42671852  0.41961877  0.39872064  0.39188414  0.41258673  0.40562109  0.40562109  0.40562109  0.40562109  0.41258673  0.47081503  0.44112638  0.44112638  0.44112638  0.42671852  0.45582133  0.44112638  0.50968967  0.44112638  0.44843726  0.45582133  0.43388727  0.45582133  0.41961877  0.51771668  0.49389309  0.44843726  0.44843726  0.45582133  0.48611989  0.45582133  0.44843726  0.46328008  0.45582133  0.46328008  0.47081503  0.47081503  0.47081503  0.46328008  0.45582133  0.47081503  0.45582133  0.42671852  0.43388727  0.42671852  0.46328008  0.44112638  0.46328008  0.42671852  0.44843726  0.45582133  0.42671852  0.41961877  0.45582133  0.47081503  0.43388727  0.44112638  0.40562109  
69_0_0     0.48611989  0.48611989  0.56780473  0.43388727  0.35862110  0.34572488  0.35214480  0.03271497  0.03271497  0.00000000  0.16020564  0.19064819  0.18036042  0.21166452  0.12620810  0.13096999  0.49389309  0.47842776  0.39188414  0.38511043  0.36515478  0.36515478  0.37839838  0.37174685  0.33936035  0.32679374  0.43388727  0.42671852  0.44843726  0.49389309  0.37174685  0.34572488  0.34572488  0.36515478  0.50174909  0.49389309  0.45582133  0.47842776  0.44112638  0.41258673  0.41258673  0.41258673  0.41258673  0.40562109  0.37839838  0.39872064  0.45582133  0.51771668  0.54233558  0.52583201  0.49389309  0.50174909  0.50174909  0.44843726  0.44843726  0.42671852  0.42671852  0.44112638  0.46328008  0.56780473  0.56780473  0.54233558  0.55072795  0.55072795  0.47842776  0.47081503  0.51771668  0.54233558  0.54233558  0.55072795  0.55072795  0.53403764  0.50968967  0.52583201  0.50968967  0.50968967  0.49389309  0.50968967  0.51771668  0.50174909  0.50968967  0.48611989  0.52583201  0.54233558  0.54233558  0.52583201  0.49389309  0.48611989  0.50968967  0.50174909  0.43388727  0.48611989  0.47842776  0.44843726  0.45582133  0.45582133  0.52583201  0.50174909  0.50174909  0.42671852  0.42671852  0.50174909  0.45582133  0.45582133  0.44843726  0.39872064  0.39872064  0.39872064  0.41961877  0.39872064  0.43388727  0.43388727  0.37839838  0.38511043  0.37839838  0.42671852  0.41961877  0.41258673  0.38511043  0.37839838  0.39872064  0.39188414  0.38511043  0.38511043  0.38511043  0.39872064  0.47081503  0.42671852  0.42671852  0.42671852  0.41258673  0.45582133  0.42671852  0.50968967  0.44843726  0.44843726  0.45582133  0.43388727  0.42671852  0.40562109  0.50968967  0.48611989  0.43388727  0.44112638  0.44843726  0.47842776  0.44843726  0.44112638  0.45582133  0.43388727  0.44112638  0.44843726  0.44843726  0.44843726  0.44112638  0.43388727  0.43388727  0.42671852  0.41258673  0.41961877  0.44112638  0.43388727  0.44112638  0.43388727  0.39872064  0.41961877  0.42671852  0.39872064  0.40562109  0.47081503  0.47081503  0.44843726  0.45582133  0.40562109  
86_0_0     0.43388727  0.41961877  0.58528631  0.41258673  0.39872064  0.37839838  0.35862110  0.15525184  0.16519293  0.16020564  0.00000000  0.15033109  0.14058701  0.16519293  0.14544296  0.14058701  0.47081503  0.50174909  0.40562109  0.39872064  0.36515478  0.36515478  0.37839838  0.37839838  0.33305028  0.33936035  0.45582133  0.44843726  0.44112638  0.44843726  0.33936035  0.37839838  0.37839838  0.35862110  0.47842776  0.47081503  0.44843726  0.45582133  0.42671852  0.41258673  0.41258673  0.42671852  0.42671852  0.41961877  0.40562109  0.33936035  0.47081503  0.45582133  0.47842776  0.46328008  0.43388727  0.45582133  0.46328008  0.39872064  0.39872064  0.37174685  0.40562109  0.39188414  0.42671852  0.55921692  0.55921692  0.53403764  0.55072795  0.55072795  0.47842776  0.41961877  0.46328008  0.48611989  0.48611989  0.50968967  0.47081503  0.52583201  0.44843726  0.43388727  0.44843726  0.43388727  0.40562109  0.44112638  0.44843726  0.44112638  0.44843726  0.42671852  0.54233558  0.52583201  0.52583201  0.52583201  0.48611989  0.45582133  0.50174909  0.46328008  0.41961877  0.50968967  0.44843726  0.41961877  0.44843726  0.44843726  0.51771668  0.50968967  0.49389309  0.45582133  0.46328008  0.41961877  0.42671852  0.42671852  0.44112638  0.41258673  0.39872064  0.41258673  0.41961877  0.41258673  0.41258673  0.41258673  0.37174685  0.37839838  0.37174685  0.40562109  0.43388727  0.44112638  0.37174685  0.39188414  0.38511043  0.39872064  0.39188414  0.41961877  0.39188414  0.39872064  0.43388727  0.41961877  0.43388727  0.39872064  0.41961877  0.44843726  0.46328008  0.47081503  0.44112638  0.44112638  0.41961877  0.40562109  0.41961877  0.39188414  0.45582133  0.43388727  0.42671852  0.44843726  0.44843726  0.46328008  0.44112638  0.44112638  0.47842776  0.45582133  0.41961877  0.41258673  0.41258673  0.41258673  0.40562109  0.41258673  0.41258673  0.39188414  0.40562109  0.41258673  0.40562109  0.41258673  0.40562109  0.42671852  0.39188414  0.41258673  0.41961877  0.39188414  0.41961877  0.42671852  0.42671852  0.39872064  0.40562109  0.41961877  
70_0_0     0.47842776  0.46328008  0.54233558  0.34572488  0.35214480  0.33936035  0.35862110  0.19584640  0.20635403  0.19064819  0.15033109  0.00000000  0.00804370  0.04112560  0.18036042  0.18548637  0.44112638  0.47081503  0.35214480  0.35862110  0.33936035  0.33936035  0.39188414  0.39188414  0.32058983  0.33936035  0.46328008  0.45582133  0.46328008  0.46328008  0.37174685  0.38511043  0.38511043  0.39872064  0.50174909  0.49389309  0.45582133  0.47081503  0.45582133  0.45582133  0.45582133  0.47081503  0.47081503  0.44843726  0.43388727  0.37839838  0.53403764  0.48611989  0.51771668  0.55072795  0.49389309  0.49389309  0.51771668  0.41961877  0.41961877  0.41258673  0.46328008  0.47081503  0.43388727  0.49389309  0.49389309  0.48611989  0.49389309  0.49389309  0.46328008  0.45582133  0.55921692  0.56780473  0.56780473  0.59418498  0.54233558  0.57649373  0.55072795  0.54233558  0.50968967  0.53403764  0.50968967  0.55921692  0.55921692  0.57649373  0.58528631  0.57649373  0.50968967  0.54233558  0.54233558  0.52583201  0.52583201  0.55072795  0.55921692  0.47081503  0.44843726  0.48611989  0.44112638  0.50174909  0.50174909  0.50174909  0.50174909  0.50968967  0.48611989  0.47081503  0.44112638  0.44112638  0.45582133  0.45582133  0.47842776  0.40562109  0.40562109  0.40562109  0.41258673  0.40562109  0.45582133  0.45582133  0.36515478  0.37174685  0.36515478  0.39872064  0.47081503  0.44843726  0.39872064  0.39188414  0.41258673  0.40562109  0.38511043  0.41258673  0.38511043  0.41258673  0.47081503  0.42671852  0.42671852  0.42671852  0.42671852  0.44843726  0.43388727  0.44843726  0.44112638  0.44112638  0.44843726  0.41258673  0.44843726  0.42671852  0.47081503  0.44843726  0.41258673  0.41258673  0.41961877  0.41961877  0.43388727  0.42671852  0.44843726  0.42671852  0.44112638  0.43388727  0.41961877  0.41961877  0.42671852  0.41961877  0.44843726  0.47081503  0.44112638  0.44843726  0.41961877  0.41258673  0.43388727  0.39872064  0.37839838  0.43388727  0.44112638  0.41258673  0.43388727  0.43388727  0.44843726  0.41961877  0.45582133  0.42671852  
81_0_0     0.47842776  0.46328008  0.55072795  0.35862110  0.36515478  0.33936035  0.35862110  0.18548637  0.19584640  0.18036042  0.14058701  0.00804370  0.00000000  0.03271497  0.17021418  0.17526986  0.42671852  0.47081503  0.33936035  0.34572488  0.32679374  0.32679374  0.37839838  0.37839838  0.32058983  0.33936035  0.44843726  0.44112638  0.44843726  0.46328008  0.37174685  0.37174685  0.37174685  0.38511043  0.51771668  0.50968967  0.47081503  0.48611989  0.44112638  0.44112638  0.44112638  0.45582133  0.45582133  0.43388727  0.41961877  0.37839838  0.53403764  0.48611989  0.51771668  0.55072795  0.49389309  0.49389309  0.51771668  0.41961877  0.41961877  0.41258673  0.47842776  0.47081503  0.44843726  0.50174909  0.50174909  0.49389309  0.50174909  0.50174909  0.47842776  0.45582133  0.55921692  0.56780473  0.56780473  0.59418498  0.54233558  0.57649373  0.55072795  0.54233558  0.52583201  0.53403764  0.50968967  0.55921692  0.55921692  0.57649373  0.58528631  0.55921692  0.50968967  0.54233558  0.54233558  0.52583201  0.52583201  0.55072795  0.55921692  0.47081503  0.44843726  0.48611989  0.45582133  0.48611989  0.50174909  0.50174909  0.51771668  0.52583201  0.48611989  0.45582133  0.44112638  0.44112638  0.44112638  0.44112638  0.46328008  0.40562109  0.40562109  0.40562109  0.41258673  0.40562109  0.44112638  0.44112638  0.36515478  0.37174685  0.36515478  0.38511043  0.47081503  0.44843726  0.39872064  0.39188414  0.41258673  0.40562109  0.38511043  0.41258673  0.38511043  0.41258673  0.45582133  0.42671852  0.42671852  0.42671852  0.42671852  0.44843726  0.43388727  0.44843726  0.44112638  0.44112638  0.44843726  0.41258673  0.44843726  0.42671852  0.48611989  0.46328008  0.41258673  0.41258673  0.41961877  0.41961877  0.43388727  0.42671852  0.44843726  0.42671852  0.44112638  0.41961877  0.41961877  0.41961877  0.42671852  0.41961877  0.44843726  0.45582133  0.44112638  0.44843726  0.41961877  0.41258673  0.43388727  0.41258673  0.39188414  0.43388727  0.44112638  0.41258673  0.44843726  0.43388727  0.44843726  0.43388727  0.45582133  0.42671852  
82_0_0     0.48611989  0.47081503  0.59418498  0.37174685  0.39188414  0.35214480  0.37174685  0.21701353  0.22782936  0.21166452  0.16519293  0.04112560  0.03271497  0.00000000  0.20108150  0.20635403  0.44112638  0.50968967  0.36515478  0.35862110  0.35214480  0.35214480  0.40562109  0.40562109  0.34572488  0.35214480  0.42671852  0.41961877  0.43388727  0.42671852  0.37839838  0.37839838  0.37839838  0.41961877  0.50968967  0.50174909  0.46328008  0.47842776  0.43388727  0.43388727  0.43388727  0.44843726  0.44843726  0.42671852  0.38511043  0.38511043  0.54233558  0.47842776  0.50968967  0.54233558  0.48611989  0.47081503  0.49389309  0.41258673  0.41258673  0.40562109  0.48611989  0.50968967  0.44112638  0.54233558  0.54233558  0.53403764  0.55921692  0.55921692  0.50968967  0.50174909  0.55921692  0.56780473  0.56780473  0.59418498  0.55921692  0.55921692  0.55072795  0.54233558  0.54233558  0.52583201  0.50968967  0.56780473  0.55921692  0.57649373  0.58528631  0.55921692  0.52583201  0.52583201  0.52583201  0.52583201  0.54233558  0.55072795  0.55072795  0.49389309  0.45582133  0.49389309  0.47842776  0.49389309  0.50968967  0.50968967  0.51771668  0.52583201  0.45582133  0.47842776  0.46328008  0.44843726  0.43388727  0.43388727  0.45582133  0.39872064  0.39872064  0.39872064  0.40562109  0.39872064  0.44843726  0.44843726  0.37174685  0.37839838  0.37174685  0.37839838  0.49389309  0.47081503  0.39188414  0.38511043  0.40562109  0.40562109  0.37839838  0.40562109  0.37839838  0.40562109  0.43388727  0.40562109  0.40562109  0.40562109  0.40562109  0.46328008  0.44843726  0.46328008  0.45582133  0.45582133  0.45582133  0.43388727  0.44112638  0.44843726  0.50968967  0.50174909  0.44843726  0.41961877  0.44112638  0.44112638  0.44112638  0.44843726  0.45582133  0.43388727  0.47842776  0.45582133  0.45582133  0.45582133  0.46328008  0.45582133  0.44112638  0.46328008  0.44843726  0.45582133  0.42671852  0.41961877  0.44112638  0.41961877  0.39872064  0.44112638  0.44843726  0.41961877  0.45582133  0.42671852  0.44112638  0.42671852  0.44843726  0.46328008  
99_0_0     0.40562109  0.40562109  0.54233558  0.40562109  0.36515478  0.36515478  0.37174685  0.13096999  0.14058701  0.12620810  0.14544296  0.18036042  0.17021418  0.20108150  0.00000000  0.00401089  0.42671852  0.51771668  0.36515478  0.35862110  0.33936035  0.33936035  0.32679374  0.32679374  0.36515478  0.31443767  0.40562109  0.39872064  0.39188414  0.44843726  0.34572488  0.35862110  0.35862110  0.35214480  0.50174909  0.49389309  0.45582133  0.46328008  0.42671852  0.39872064  0.39872064  0.41258673  0.41258673  0.40562109  0.39188414  0.41258673  0.46328008  0.48611989  0.49389309  0.50968967  0.44843726  0.43388727  0.44112638  0.38511043  0.38511043  0.37839838  0.37174685  0.38511043  0.39872064  0.52583201  0.52583201  0.53403764  0.52583201  0.52583201  0.40562109  0.39872064  0.44843726  0.47081503  0.47081503  0.49389309  0.46328008  0.51771668  0.41258673  0.44112638  0.42671852  0.43388727  0.41258673  0.51771668  0.49389309  0.47842776  0.48611989  0.44843726  0.47081503  0.51771668  0.51771668  0.50174909  0.50174909  0.44843726  0.45582133  0.47081503  0.39872064  0.45582133  0.39188414  0.40562109  0.41961877  0.41961877  0.42671852  0.41961877  0.41258673  0.38511043  0.39872064  0.40562109  0.39872064  0.39872064  0.37839838  0.34572488  0.33305028  0.34572488  0.36515478  0.34572488  0.37174685  0.37174685  0.32679374  0.33305028  0.32679374  0.35862110  0.45582133  0.44843726  0.33305028  0.33936035  0.35862110  0.35214480  0.35862110  0.37174685  0.35862110  0.35214480  0.44112638  0.37174685  0.35862110  0.33305028  0.35862110  0.39872064  0.38511043  0.44843726  0.39188414  0.39188414  0.39872064  0.41961877  0.38511043  0.37839838  0.46328008  0.44112638  0.36515478  0.41258673  0.40562109  0.43388727  0.40562109  0.39872064  0.41961877  0.39872064  0.38511043  0.36515478  0.37839838  0.37839838  0.38511043  0.36515478  0.39188414  0.42671852  0.38511043  0.39188414  0.38511043  0.39188414  0.38511043  0.39188414  0.37174685  0.37839838  0.38511043  0.35862110  0.36515478  0.42671852  0.44112638  0.39188414  0.38511043  0.39872064  
90_0_0     0.39872064  0.39872064  0.53403764  0.39872064  0.37174685  0.37174685  0.37839838  0.13576283  0.14544296  0.13096999  0.14058701  0.18548637  0.17526986  0.20635403  0.00401089  0.00000000  0.43388727  0.50968967  0.37174685  0.36515478  0.34572488  0.34572488  0.33305028  0.33305028  0.37174685  0.32058983  0.41258673  0.40562109  0.38511043  0.44112638  0.35214480  0.35214480  0.35214480  0.34572488  0.50174909  0.49389309  0.45582133  0.46328008  0.42671852  0.39872064  0.39872064  0.41258673  0.41258673  0.40562109  0.39188414  0.41961877  0.45582133  0.47842776  0.48611989  0.50174909  0.44112638  0.42671852  0.43388727  0.39188414  0.39188414  0.37174685  0.37839838  0.39188414  0.40562109  0.53403764  0.53403764  0.54233558  0.53403764  0.53403764  0.41258673  0.39188414  0.44112638  0.46328008  0.46328008  0.50174909  0.45582133  0.50968967  0.41961877  0.43388727  0.41961877  0.44112638  0.40562109  0.52583201  0.49389309  0.47081503  0.47842776  0.44112638  0.46328008  0.50968967  0.50968967  0.49389309  0.50968967  0.45582133  0.46328008  0.46328008  0.39188414  0.45582133  0.38511043  0.39872064  0.41258673  0.41258673  0.41961877  0.41258673  0.41961877  0.39188414  0.40562109  0.39872064  0.39188414  0.39188414  0.37174685  0.35214480  0.33936035  0.35214480  0.37174685  0.35214480  0.37839838  0.37839838  0.32058983  0.32679374  0.32058983  0.36515478  0.46328008  0.45582133  0.32679374  0.33305028  0.35214480  0.34572488  0.36515478  0.37839838  0.36515478  0.34572488  0.44843726  0.37839838  0.36515478  0.33936035  0.36515478  0.40562109  0.39188414  0.45582133  0.39872064  0.39872064  0.40562109  0.42671852  0.37839838  0.38511043  0.45582133  0.43388727  0.35862110  0.40562109  0.39872064  0.42671852  0.40562109  0.39188414  0.41258673  0.39188414  0.37839838  0.35862110  0.37174685  0.37174685  0.37839838  0.35862110  0.38511043  0.41961877  0.37839838  0.38511043  0.37839838  0.38511043  0.37839838  0.39872064  0.37839838  0.37174685  0.37839838  0.35214480  0.35862110  0.43388727  0.43388727  0.39872064  0.39188414  0.39188414  
93_0_0     0.55072795  0.55072795  0.54233558  0.41258673  0.39872064  0.37839838  0.38511043  0.47081503  0.47081503  0.49389309  0.47081503  0.44112638  0.42671852  0.44112638  0.42671852  0.43388727  0.00000000  0.25558390  0.35214480  0.32679374  0.32679374  0.32679374  0.35214480  0.35214480  0.33936035  0.35214480  0.50968967  0.50174909  0.41258673  0.44843726  0.36515478  0.42671852  0.42671852  0.41961877  0.49389309  0.48611989  0.46328008  0.47081503  0.44112638  0.44112638  0.44112638  0.44843726  0.44843726  0.47081503  0.39872064  0.47081503  0.63089384  0.47081503  0.47081503  0.51771668  0.47081503  0.50968967  0.50968967  0.43388727  0.43388727  0.44112638  0.47842776  0.49389309  0.44843726  0.56780473  0.56780473  0.57649373  0.56780473  0.56780473  0.55072795  0.52583201  0.53403764  0.54233558  0.54233558  0.53403764  0.55072795  0.50968967  0.56780473  0.55072795  0.53403764  0.55072795  0.51771668  0.57649373  0.55072795  0.56780473  0.57649373  0.56780473  0.59418498  0.56780473  0.56780473  0.55072795  0.54233558  0.53403764  0.59418498  0.45582133  0.44843726  0.53403764  0.46328008  0.42671852  0.42671852  0.42671852  0.44112638  0.44843726  0.46328008  0.53403764  0.55072795  0.44843726  0.47842776  0.47842776  0.44112638  0.44112638  0.44112638  0.44112638  0.42671852  0.44112638  0.47081503  0.47081503  0.46328008  0.45582133  0.44843726  0.43388727  0.45582133  0.45582133  0.46328008  0.45582133  0.44843726  0.47081503  0.47842776  0.50174909  0.47842776  0.49389309  0.43388727  0.45582133  0.43388727  0.43388727  0.43388727  0.44112638  0.44112638  0.44112638  0.42671852  0.43388727  0.41961877  0.45582133  0.45582133  0.44112638  0.52583201  0.50968967  0.44843726  0.41961877  0.44843726  0.42671852  0.46328008  0.45582133  0.46328008  0.47081503  0.42671852  0.41961877  0.44843726  0.44843726  0.42671852  0.44843726  0.47081503  0.45582133  0.44843726  0.44112638  0.42671852  0.43388727  0.45582133  0.46328008  0.43388727  0.47842776  0.47081503  0.44112638  0.47842776  0.46328008  0.47842776  0.39872064  0.43388727  0.41961877  
80_0_0     0.66952596  0.66952596  0.60319233  0.44843726  0.49389309  0.45582133  0.46328008  0.48611989  0.47081503  0.47842776  0.50174909  0.47081503  0.47081503  0.50968967  0.51771668  0.50968967  0.25558390  0.00000000  0.39872064  0.42671852  0.38511043  0.38511043  0.50174909  0.50174909  0.40562109  0.41258673  0.53403764  0.54233558  0.51771668  0.55072795  0.53403764  0.52583201  0.52583201  0.51771668  0.54233558  0.53403764  0.50174909  0.49389309  0.53403764  0.53403764  0.53403764  0.55921692  0.55921692  0.55072795  0.50174909  0.47842776  0.64995698  0.57649373  0.55072795  0.57649373  0.55921692  0.57649373  0.58528631  0.51771668  0.51771668  0.49389309  0.49389309  0.54233558  0.53403764  0.58528631  0.58528631  0.57649373  0.58528631  0.58528631  0.55072795  0.57649373  0.55072795  0.55921692  0.55921692  0.55072795  0.55921692  0.54233558  0.55072795  0.55072795  0.55072795  0.55921692  0.53403764  0.55921692  0.55921692  0.56780473  0.55921692  0.53403764  0.52583201  0.55072795  0.55072795  0.56780473  0.52583201  0.55072795  0.67950867  0.53403764  0.52583201  0.59418498  0.50968967  0.46328008  0.48611989  0.48611989  0.48611989  0.48611989  0.52583201  0.53403764  0.55072795  0.50174909  0.50174909  0.50174909  0.47081503  0.49389309  0.49389309  0.49389309  0.49389309  0.49389309  0.47842776  0.47842776  0.48611989  0.49389309  0.48611989  0.46328008  0.51771668  0.56780473  0.48611989  0.46328008  0.47081503  0.47081503  0.47081503  0.49389309  0.47081503  0.45582133  0.44843726  0.47842776  0.45582133  0.50174909  0.47081503  0.48611989  0.50174909  0.52583201  0.48611989  0.49389309  0.49389309  0.50174909  0.50968967  0.45582133  0.47081503  0.46328008  0.46328008  0.44112638  0.46328008  0.45582133  0.48611989  0.47081503  0.48611989  0.50174909  0.45582133  0.44843726  0.44843726  0.44843726  0.47081503  0.46328008  0.55921692  0.48611989  0.46328008  0.45582133  0.45582133  0.44843726  0.47081503  0.47842776  0.43388727  0.47842776  0.48611989  0.47081503  0.55072795  0.51771668  0.50174909  0.52583201  0.55072795  0.47842776  
92_0_0     0.46328008  0.47081503  0.51771668  0.33936035  0.30833640  0.24994880  0.25558390  0.38511043  0.38511043  0.39188414  0.40562109  0.35214480  0.33936035  0.36515478  0.36515478  0.37174685  0.35214480  0.39872064  0.00000000  0.05824017  0.11210418  0.11210418  0.19064819  0.20108150  0.16519293  0.14544296  0.36515478  0.37174685  0.34572488  0.37174685  0.34572488  0.30228519  0.30228519  0.32058983  0.37839838  0.38511043  0.35214480  0.35862110  0.36515478  0.35214480  0.35214480  0.35862110  0.35862110  0.37839838  0.29628323  0.39188414  0.53403764  0.35862110  0.44843726  0.39188414  0.37839838  0.40562109  0.39188414  0.35862110  0.35862110  0.36515478  0.40562109  0.41961877  0.39872064  0.49389309  0.49389309  0.48611989  0.50968967  0.50968967  0.45582133  0.43388727  0.46328008  0.45582133  0.45582133  0.44112638  0.49389309  0.47842776  0.46328008  0.46328008  0.44843726  0.45582133  0.44843726  0.52583201  0.48611989  0.48611989  0.47842776  0.48611989  0.46328008  0.46328008  0.46328008  0.46328008  0.50174909  0.47081503  0.55072795  0.35214480  0.43388727  0.40562109  0.39188414  0.32058983  0.35214480  0.35214480  0.42671852  0.44112638  0.43388727  0.37839838  0.39188414  0.37839838  0.36515478  0.36515478  0.34572488  0.38511043  0.38511043  0.38511043  0.37839838  0.38511043  0.41258673  0.41258673  0.39188414  0.38511043  0.37839838  0.35862110  0.33936035  0.37174685  0.37174685  0.36515478  0.34572488  0.35214480  0.35862110  0.35862110  0.35862110  0.40562109  0.37839838  0.36515478  0.36515478  0.39188414  0.38511043  0.35214480  0.36515478  0.35214480  0.33936035  0.34572488  0.37839838  0.39872064  0.35214480  0.41258673  0.41258673  0.40562109  0.39188414  0.40562109  0.41961877  0.41961877  0.43388727  0.41258673  0.43388727  0.45582133  0.38511043  0.35862110  0.36515478  0.36515478  0.37174685  0.37839838  0.46328008  0.45582133  0.36515478  0.35862110  0.36515478  0.37174685  0.37839838  0.37839838  0.40562109  0.36515478  0.35862110  0.35862110  0.37174685  0.39188414  0.39188414  0.41258673  0.41961877  0.43388727  
