127
35_0_0     0.00000000  0.06417460  0.05529016  0.05529016  0.04216001  0.05088756  0.12953850  0.12467363  0.12467363  0.14932361  0.19587064  0.23420906  0.30492958  0.26286070  0.32371652  0.33651097  0.31740116  0.42553407  0.41112294  0.28059873  0.25704110  0.33008615  0.30492958  0.33008615  0.33008615  0.27463877  0.26872634  0.31740116  0.46283732  0.32371652  0.32371652  0.31740116  0.31113915  0.29266434  0.31113915  0.28660699  0.38311482  0.34953012  0.30492958  0.30492958  0.36278199  0.31113915  0.38311482  0.33008615  0.34953012  0.45522499  0.45522499  0.47830055  0.42553407  0.38311482  0.42553407  0.35612644  0.34953012  0.35612644  0.38311482  0.37627506  0.40402109  0.40402109  0.36949783  0.37627506  0.35612644  0.34953012  0.35612644  0.44023090  0.44023090  0.33008615  0.34299197  0.33008615  0.41112294  0.41829349  0.33651097  0.32371652  0.38311482  0.37627506  0.37627506  0.36949783  0.36949783  0.37627506  0.38311482  0.36278199  0.36278199  0.35612644  0.34953012  0.35612644  0.35612644  0.39698662  0.34953012  0.34299197  0.38311482  0.39001828  0.37627506  0.34299197  0.38311482  0.34953012  0.35612644  0.33651097  0.36278199  0.35612644  0.30492958  0.33008615  0.29266434  0.30492958  0.29877160  0.38311482  0.31740116  0.31740116  0.33651097  0.26872634  0.26872634  0.33008615  0.31740116  0.33008615  0.33008615  0.24553718  0.24553718  0.23420906  0.47830055  0.47830055  0.47830055  0.41112294  0.41112294  0.40402109  0.44769004  0.45522499  0.51843148  0.61520279  0.59664230  
38_0_0     0.06417460  0.00000000  0.00824237  0.00824237  0.02078034  0.02925837  0.11503865  0.11026771  0.11026771  0.13443549  0.18002801  0.20122766  0.26872634  0.23985148  0.27463877  0.31113915  0.29266434  0.43284607  0.40402109  0.26872634  0.22305143  0.33651097  0.28059873  0.30492958  0.30492958  0.23985148  0.23420906  0.29877160  0.44769004  0.31113915  0.30492958  0.31113915  0.30492958  0.28660699  0.29877160  0.28059873  0.36278199  0.34299197  0.29877160  0.29877160  0.35612644  0.30492958  0.34299197  0.29877160  0.31113915  0.50211751  0.50211751  0.49409321  0.45522499  0.36949783  0.40402109  0.33008615  0.32371652  0.34299197  0.35612644  0.36949783  0.37627506  0.37627506  0.34299197  0.33651097  0.31740116  0.31113915  0.31740116  0.43284607  0.43284607  0.30492958  0.30492958  0.29266434  0.34299197  0.37627506  0.33008615  0.30492958  0.32371652  0.33008615  0.33008615  0.32371652  0.32371652  0.31740116  0.36949783  0.34953012  0.31740116  0.29877160  0.30492958  0.31113915  0.31113915  0.37627506  0.32371652  0.31740116  0.33651097  0.35612644  0.34299197  0.29877160  0.32371652  0.29266434  0.31740116  0.30492958  0.33008615  0.32371652  0.26872634  0.29266434  0.26872634  0.28059873  0.27463877  0.34299197  0.32371652  0.32371652  0.33008615  0.23420906  0.24553718  0.29266434  0.28059873  0.29266434  0.29266434  0.22305143  0.22305143  0.21205924  0.45522499  0.45522499  0.46283732  0.36949783  0.36949783  0.36278199  0.46283732  0.47052862  0.49409321  0.57853516  0.56085976  
17_0_0     0.05529016  0.00824237  0.00000000  0.00000000  0.01239818  0.02078034  0.10552728  0.10081697  0.10081697  0.12467363  0.16965127  0.19055205  0.25704110  0.22860925  0.26286070  0.29877160  0.28059873  0.41829349  0.39001828  0.25704110  0.21205924  0.32371652  0.26872634  0.29266434  0.29266434  0.22860925  0.22305143  0.29877160  0.44769004  0.31113915  0.30492958  0.31113915  0.30492958  0.27463877  0.28660699  0.26872634  0.34953012  0.33008615  0.28660699  0.28660699  0.34299197  0.29266434  0.34299197  0.29877160  0.31113915  0.48615483  0.48615483  0.50211751  0.46283732  0.37627506  0.41112294  0.33651097  0.33008615  0.34953012  0.36278199  0.36278199  0.38311482  0.38311482  0.34953012  0.34299197  0.32371652  0.31740116  0.32371652  0.43284607  0.43284607  0.30492958  0.30492958  0.29266434  0.34299197  0.36278199  0.33008615  0.30492958  0.32371652  0.33008615  0.33008615  0.32371652  0.32371652  0.31740116  0.36949783  0.34953012  0.31740116  0.29877160  0.30492958  0.31113915  0.31113915  0.36278199  0.32371652  0.31740116  0.33651097  0.35612644  0.34299197  0.28660699  0.32371652  0.29266434  0.31740116  0.30492958  0.33008615  0.32371652  0.25704110  0.28059873  0.25704110  0.26872634  0.26286070  0.33008615  0.32371652  0.32371652  0.33008615  0.23420906  0.24553718  0.29266434  0.28059873  0.29266434  0.29266434  0.22305143  0.22305143  0.21205924  0.45522499  0.45522499  0.46283732  0.36949783  0.36949783  0.36278199  0.45522499  0.46283732  0.48615483  0.58753345  0.56964478  
50_0_0     0.05529016  0.00824237  0.00000000  0.00000000  0.01239818  0.02078034  0.10552728  0.10081697  0.10081697  0.12467363  0.16965127  0.19055205  0.25704110  0.22860925  0.26286070  0.29877160  0.28059873  0.41829349  0.39001828  0.25704110  0.21205924  0.32371652  0.26872634  0.29266434  0.29266434  0.22860925  0.22305143  0.29877160  0.44769004  0.31113915  0.30492958  0.31113915  0.30492958  0.27463877  0.28660699  0.26872634  0.34953012  0.33008615  0.28660699  0.28660699  0.34299197  0.29266434  0.34299197  0.29877160  0.31113915  0.48615483  0.48615483  0.50211751  0.46283732  0.37627506  0.41112294  0.33651097  0.33008615  0.34953012  0.36278199  0.36278199  0.38311482  0.38311482  0.34953012  0.34299197  0.32371652  0.31740116  0.32371652  0.43284607  0.43284607  0.30492958  0.30492958  0.29266434  0.34299197  0.36278199  0.33008615  0.30492958  0.32371652  0.33008615  0.33008615  0.32371652  0.32371652  0.31740116  0.36949783  0.34953012  0.31740116  0.29877160  0.30492958  0.31113915  0.31113915  0.36278199  0.32371652  0.31740116  0.33651097  0.35612644  0.34299197  0.28660699  0.32371652  0.29266434  0.31740116  0.30492958  0.33008615  0.32371652  0.25704110  0.28059873  0.25704110  0.26872634  0.26286070  0.33008615  0.32371652  0.32371652  0.33008615  0.23420906  0.24553718  0.29266434  0.28059873  0.29266434  0.29266434  0.22305143  0.22305143  0.21205924  0.45522499  0.45522499  0.46283732  0.36949783  0.36949783  0.36278199  0.45522499  0.46283732  0.48615483  0.58753345  0.56964478  
19_0_0     0.04216001  0.02078034  0.01239818  0.01239818  0.00000000  0.01657741  0.10081697  0.09613640  0.09613640  0.11984049  0.16451686  0.19587064  0.25126683  0.23420906  0.26872634  0.29266434  0.28660699  0.41112294  0.39698662  0.26286070  0.21753496  0.30492958  0.26286070  0.28660699  0.28660699  0.23420906  0.22860925  0.29266434  0.44023090  0.30492958  0.29877160  0.30492958  0.29877160  0.28059873  0.29266434  0.27463877  0.36949783  0.33651097  0.29266434  0.29266434  0.36278199  0.29877160  0.34953012  0.30492958  0.31740116  0.47830055  0.47830055  0.49409321  0.44023090  0.36949783  0.39698662  0.34299197  0.33651097  0.34299197  0.35612644  0.35612644  0.37627506  0.37627506  0.34299197  0.36278199  0.34299197  0.33651097  0.34299197  0.42553407  0.42553407  0.29877160  0.29877160  0.28660699  0.34953012  0.35612644  0.32371652  0.29877160  0.33008615  0.33651097  0.33651097  0.33008615  0.33008615  0.33651097  0.36278199  0.34299197  0.32371652  0.31740116  0.31113915  0.31740116  0.31740116  0.36949783  0.30492958  0.29877160  0.34299197  0.34953012  0.33651097  0.30492958  0.34299197  0.31113915  0.32371652  0.31113915  0.33651097  0.33008615  0.26286070  0.28660699  0.26286070  0.27463877  0.26872634  0.33651097  0.31740116  0.31740116  0.32371652  0.23985148  0.23985148  0.29877160  0.28660699  0.29877160  0.29877160  0.21753496  0.21753496  0.20662366  0.44769004  0.44769004  0.45522499  0.36278199  0.37627506  0.36949783  0.43284607  0.44023090  0.51022962  0.56964478  0.55217762  
33_0_0     0.05088756  0.02925837  0.02078034  0.02078034  0.01657741  0.00000000  0.08226942  0.07770414  0.07770414  0.10081697  0.15435351  0.20122766  0.26872634  0.23985148  0.27463877  0.31113915  0.26872634  0.41829349  0.40402109  0.26872634  0.22305143  0.32371652  0.28059873  0.30492958  0.29266434  0.22860925  0.22305143  0.29266434  0.42553407  0.30492958  0.29877160  0.30492958  0.29877160  0.26872634  0.28059873  0.26286070  0.36949783  0.32371652  0.28059873  0.28059873  0.34953012  0.28660699  0.33651097  0.31740116  0.33008615  0.48615483  0.48615483  0.48615483  0.44769004  0.37627506  0.41112294  0.34953012  0.34299197  0.34299197  0.36949783  0.36949783  0.39001828  0.39001828  0.34953012  0.36949783  0.34953012  0.34299197  0.34953012  0.41829349  0.41829349  0.31740116  0.31740116  0.30492958  0.34299197  0.36278199  0.33008615  0.30492958  0.33651097  0.34299197  0.34299197  0.33651097  0.33651097  0.34299197  0.36949783  0.34953012  0.31740116  0.31113915  0.31740116  0.32371652  0.32371652  0.37627506  0.32371652  0.31740116  0.33651097  0.35612644  0.34299197  0.31113915  0.34953012  0.31740116  0.33651097  0.32371652  0.34953012  0.34299197  0.26872634  0.29266434  0.26872634  0.28059873  0.27463877  0.34299197  0.31113915  0.31113915  0.33008615  0.24553718  0.24553718  0.30492958  0.29266434  0.30492958  0.30492958  0.21205924  0.21205924  0.20122766  0.42553407  0.42553407  0.43284607  0.35612644  0.35612644  0.34953012  0.44769004  0.45522499  0.51022962  0.57853516  0.56085976  
52_0_0     0.12953850  0.11503865  0.10552728  0.10552728  0.10081697  0.08226942  0.00000000  0.00410973  0.00410973  0.03353402  0.11503865  0.25704110  0.29877160  0.27463877  0.29266434  0.39001828  0.28059873  0.42553407  0.42553407  0.28660699  0.28059873  0.34299197  0.34953012  0.36278199  0.33651097  0.26286070  0.25704110  0.31740116  0.40402109  0.33008615  0.31113915  0.31740116  0.31113915  0.28059873  0.29266434  0.28660699  0.36949783  0.34299197  0.31740116  0.30492958  0.39001828  0.31113915  0.35612644  0.36278199  0.39001828  0.49409321  0.49409321  0.52672510  0.47830055  0.40402109  0.45522499  0.36949783  0.36278199  0.37627506  0.39698662  0.37627506  0.40402109  0.40402109  0.37627506  0.39698662  0.36278199  0.37627506  0.39001828  0.45522499  0.45522499  0.36949783  0.36949783  0.35612644  0.38311482  0.39001828  0.35612644  0.34299197  0.36278199  0.36949783  0.36949783  0.36278199  0.36278199  0.35612644  0.39001828  0.37627506  0.35612644  0.34953012  0.35612644  0.36278199  0.36278199  0.40402109  0.33008615  0.33008615  0.38311482  0.39001828  0.39001828  0.34953012  0.39001828  0.34299197  0.36278199  0.34953012  0.35612644  0.35612644  0.29877160  0.33651097  0.29877160  0.31113915  0.30492958  0.31113915  0.31740116  0.31740116  0.33651097  0.28660699  0.28660699  0.34953012  0.33651097  0.34953012  0.33651097  0.23985148  0.23985148  0.22860925  0.41829349  0.41829349  0.44023090  0.36278199  0.37627506  0.36949783  0.47052862  0.47830055  0.53511255  0.59664230  0.57853516  
20_0_0     0.12467363  0.11026771  0.10081697  0.10081697  0.09613640  0.07770414  0.00410973  0.00000000  0.00000000  0.02925837  0.11026771  0.25126683  0.29266434  0.26872634  0.28660699  0.38311482  0.28660699  0.43284607  0.41829349  0.28059873  0.27463877  0.33651097  0.34299197  0.35612644  0.34299197  0.25704110  0.25126683  0.31113915  0.39698662  0.32371652  0.30492958  0.31113915  0.30492958  0.27463877  0.28660699  0.28059873  0.37627506  0.34953012  0.31113915  0.29877160  0.38311482  0.30492958  0.34953012  0.36949783  0.38311482  0.50211751  0.50211751  0.51843148  0.48615483  0.39698662  0.46283732  0.36278199  0.35612644  0.36949783  0.39001828  0.36949783  0.39698662  0.39698662  0.36949783  0.39001828  0.35612644  0.36949783  0.38311482  0.44769004  0.44769004  0.37627506  0.36278199  0.34953012  0.37627506  0.38311482  0.34953012  0.33651097  0.35612644  0.36278199  0.36278199  0.35612644  0.35612644  0.34953012  0.38311482  0.36949783  0.34953012  0.34299197  0.34953012  0.35612644  0.35612644  0.39698662  0.32371652  0.32371652  0.37627506  0.38311482  0.38311482  0.34299197  0.38311482  0.34953012  0.36949783  0.35612644  0.36278199  0.36278199  0.29266434  0.33008615  0.29266434  0.30492958  0.29877160  0.31740116  0.31113915  0.31113915  0.34299197  0.28059873  0.28059873  0.35612644  0.34299197  0.35612644  0.34299197  0.23420906  0.23420906  0.22305143  0.41112294  0.41112294  0.43284607  0.35612644  0.36949783  0.36278199  0.47830055  0.48615483  0.52672510  0.59664230  0.57853516  
5_0_0      0.12467363  0.11026771  0.10081697  0.10081697  0.09613640  0.07770414  0.00410973  0.00000000  0.00000000  0.02925837  0.11026771  0.25126683  0.29266434  0.26872634  0.28660699  0.38311482  0.28660699  0.43284607  0.41829349  0.28059873  0.27463877  0.33651097  0.34299197  0.35612644  0.34299197  0.25704110  0.25126683  0.31113915  0.39698662  0.32371652  0.30492958  0.31113915  0.30492958  0.27463877  0.28660699  0.28059873  0.37627506  0.34953012  0.31113915  0.29877160  0.38311482  0.30492958  0.34953012  0.36949783  0.38311482  0.50211751  0.50211751  0.51843148  0.48615483  0.39698662  0.46283732  0.36278199  0.35612644  0.36949783  0.39001828  0.36949783  0.39698662  0.39698662  0.36949783  0.39001828  0.35612644  0.36949783  0.38311482  0.44769004  0.44769004  0.37627506  0.36278199  0.34953012  0.37627506  0.38311482  0.34953012  0.33651097  0.35612644  0.36278199  0.36278199  0.35612644  0.35612644  0.34953012  0.38311482  0.36949783  0.34953012  0.34299197  0.34953012  0.35612644  0.35612644  0.39698662  0.32371652  0.32371652  0.37627506  0.38311482  0.38311482  0.34299197  0.38311482  0.34953012  0.36949783  0.35612644  0.36278199  0.36278199  0.29266434  0.33008615  0.29266434  0.30492958  0.29877160  0.31740116  0.31113915  0.31113915  0.34299197  0.28059873  0.28059873  0.35612644  0.34299197  0.35612644  0.34299197  0.23420906  0.23420906  0.22305143  0.41112294  0.41112294  0.43284607  0.35612644  0.36949783  0.36278199  0.47830055  0.48615483  0.52672510  0.59664230  0.57853516  
54_0_0     0.14932361  0.13443549  0.12467363  0.12467363  0.11984049  0.10081697  0.03353402  0.02925837  0.02925837  0.00000000  0.12467363  0.26872634  0.31740116  0.29877160  0.31113915  0.39001828  0.31740116  0.41112294  0.42553407  0.28660699  0.28059873  0.36278199  0.36949783  0.38311482  0.36949783  0.26286070  0.25704110  0.33008615  0.39698662  0.33008615  0.31113915  0.31740116  0.32371652  0.28059873  0.29266434  0.28660699  0.36949783  0.36949783  0.30492958  0.30492958  0.37627506  0.31113915  0.35612644  0.39001828  0.41829349  0.52672510  0.52672510  0.51022962  0.47830055  0.41829349  0.45522499  0.39001828  0.38311482  0.39001828  0.41112294  0.39001828  0.41829349  0.41829349  0.39001828  0.42553407  0.39001828  0.40402109  0.41829349  0.47052862  0.47052862  0.38311482  0.36949783  0.35612644  0.39001828  0.38311482  0.37627506  0.33651097  0.35612644  0.36278199  0.36278199  0.34299197  0.35612644  0.34953012  0.39698662  0.38311482  0.34953012  0.35612644  0.34953012  0.35612644  0.35612644  0.39698662  0.33651097  0.33651097  0.39001828  0.39698662  0.39698662  0.34299197  0.38311482  0.34953012  0.36949783  0.35612644  0.36278199  0.36278199  0.28660699  0.32371652  0.28660699  0.29877160  0.29266434  0.30492958  0.33008615  0.33008615  0.34953012  0.28660699  0.28660699  0.36949783  0.35612644  0.36949783  0.35612644  0.23985148  0.23985148  0.22860925  0.44769004  0.44769004  0.47052862  0.34953012  0.37627506  0.36949783  0.46283732  0.47052862  0.52672510  0.63423993  0.61520279  
6_0_0      0.19587064  0.18002801  0.16965127  0.16965127  0.16451686  0.15435351  0.11503865  0.11026771  0.11026771  0.12467363  0.00000000  0.29266434  0.33651097  0.30492958  0.34953012  0.41829349  0.33651097  0.46283732  0.47830055  0.33008615  0.30492958  0.36949783  0.37627506  0.39001828  0.38311482  0.31740116  0.31113915  0.37627506  0.47052862  0.37627506  0.35612644  0.36278199  0.36949783  0.34953012  0.38311482  0.36949783  0.42553407  0.40402109  0.36278199  0.36949783  0.41829349  0.36949783  0.39001828  0.43284607  0.45522499  0.57853516  0.57853516  0.56085976  0.54359598  0.45522499  0.48615483  0.43284607  0.42553407  0.41112294  0.42553407  0.37627506  0.42553407  0.42553407  0.41829349  0.41112294  0.41829349  0.41829349  0.44769004  0.44769004  0.44769004  0.43284607  0.43284607  0.40402109  0.44023090  0.44023090  0.40402109  0.36949783  0.41829349  0.42553407  0.42553407  0.43284607  0.41829349  0.41829349  0.44023090  0.44023090  0.43284607  0.44023090  0.41829349  0.42553407  0.42553407  0.48615483  0.41112294  0.41112294  0.39698662  0.36278199  0.39001828  0.39698662  0.44023090  0.40402109  0.44023090  0.42553407  0.43284607  0.43284607  0.34299197  0.37627506  0.34953012  0.36949783  0.36278199  0.39001828  0.36278199  0.37627506  0.38311482  0.32371652  0.34953012  0.39001828  0.40402109  0.40402109  0.39001828  0.28660699  0.28660699  0.27463877  0.51022962  0.49409321  0.50211751  0.44769004  0.43284607  0.42553407  0.52672510  0.53511255  0.60586446  0.56085976  0.56964478  
31_0_0     0.23420906  0.20122766  0.19055205  0.19055205  0.19587064  0.20122766  0.25704110  0.25126683  0.25126683  0.26872634  0.29266434  0.00000000  0.12953850  0.07316680  0.10552728  0.14432761  0.13443549  0.26872634  0.23985148  0.09613640  0.02500724  0.20122766  0.15435351  0.14932361  0.16965127  0.09148519  0.09148519  0.18002801  0.34953012  0.19587064  0.18527136  0.19055205  0.18527136  0.18002801  0.20122766  0.17482148  0.23420906  0.22305143  0.16965127  0.18527136  0.25126683  0.17482148  0.26286070  0.41112294  0.41112294  0.47830055  0.47830055  0.40402109  0.42553407  0.32371652  0.37627506  0.30492958  0.29266434  0.33651097  0.33651097  0.32371652  0.34953012  0.34953012  0.31740116  0.29877160  0.28059873  0.28059873  0.29266434  0.45522499  0.45522499  0.34299197  0.36949783  0.35612644  0.35612644  0.36278199  0.34953012  0.33651097  0.31113915  0.30492958  0.30492958  0.29877160  0.29877160  0.29266434  0.36278199  0.34299197  0.34953012  0.33651097  0.33651097  0.34953012  0.34953012  0.36949783  0.33651097  0.33651097  0.38311482  0.40402109  0.39001828  0.28059873  0.31740116  0.29266434  0.34953012  0.36949783  0.37627506  0.36949783  0.26872634  0.26872634  0.27463877  0.28660699  0.28059873  0.34299197  0.33008615  0.32371652  0.33651097  0.27463877  0.27463877  0.31113915  0.30492958  0.29266434  0.29266434  0.24553718  0.24553718  0.23420906  0.45522499  0.45522499  0.46283732  0.39001828  0.39001828  0.38311482  0.49409321  0.48615483  0.54359598  0.62466025  0.59664230  
51_0_0     0.30492958  0.26872634  0.25704110  0.25704110  0.25126683  0.26872634  0.29877160  0.29266434  0.29266434  0.31740116  0.33651097  0.12953850  0.00000000  0.06865707  0.13936505  0.21205924  0.19587064  0.34299197  0.31740116  0.18527136  0.12467363  0.26872634  0.21753496  0.21205924  0.21753496  0.19587064  0.20662366  0.23420906  0.38311482  0.23985148  0.22860925  0.23420906  0.22860925  0.21205924  0.25126683  0.21753496  0.28660699  0.25704110  0.22305143  0.21753496  0.28660699  0.21753496  0.29877160  0.41112294  0.43284607  0.51022962  0.51022962  0.46283732  0.44023090  0.33008615  0.39001828  0.30492958  0.30492958  0.33008615  0.33008615  0.33651097  0.34299197  0.34299197  0.31113915  0.31113915  0.29266434  0.30492958  0.33008615  0.49409321  0.49409321  0.39698662  0.39698662  0.39698662  0.38311482  0.37627506  0.36949783  0.36949783  0.36278199  0.38311482  0.38311482  0.39698662  0.36278199  0.36949783  0.39001828  0.38311482  0.42553407  0.39001828  0.38311482  0.39698662  0.39698662  0.44023090  0.36278199  0.35612644  0.40402109  0.39001828  0.39698662  0.33651097  0.37627506  0.35612644  0.38311482  0.39001828  0.41112294  0.40402109  0.34953012  0.33651097  0.35612644  0.36949783  0.36278199  0.41829349  0.41112294  0.39001828  0.40402109  0.36278199  0.39001828  0.39001828  0.38311482  0.36949783  0.36949783  0.33008615  0.33008615  0.31740116  0.45522499  0.45522499  0.46283732  0.37627506  0.38311482  0.37627506  0.51022962  0.51843148  0.57853516  0.68408806  0.67384668  
56_0_0     0.26286070  0.23985148  0.22860925  0.22860925  0.23420906  0.23985148  0.27463877  0.26872634  0.26872634  0.29877160  0.30492958  0.07316680  0.06865707  0.00000000  0.11984049  0.18002801  0.16965127  0.31113915  0.28059873  0.11503865  0.06865707  0.23420906  0.18527136  0.18002801  0.19587064  0.14432761  0.15435351  0.19055205  0.36949783  0.18527136  0.18527136  0.19055205  0.18527136  0.15941777  0.20122766  0.16451686  0.23985148  0.23420906  0.18002801  0.17482148  0.25704110  0.17482148  0.27463877  0.39001828  0.42553407  0.48615483  0.48615483  0.44023090  0.43284607  0.33008615  0.41112294  0.31113915  0.31740116  0.34299197  0.34299197  0.34299197  0.35612644  0.35612644  0.32371652  0.29266434  0.26872634  0.28059873  0.29266434  0.48615483  0.48615483  0.39001828  0.40402109  0.40402109  0.39001828  0.38311482  0.35612644  0.36949783  0.34299197  0.33651097  0.33651097  0.34953012  0.33008615  0.33651097  0.36949783  0.36278199  0.39698662  0.35612644  0.36949783  0.38311482  0.38311482  0.41829349  0.35612644  0.35612644  0.37627506  0.36278199  0.38311482  0.29266434  0.33008615  0.32371652  0.37627506  0.38311482  0.40402109  0.39698662  0.30492958  0.29266434  0.29877160  0.31113915  0.30492958  0.35612644  0.33651097  0.33008615  0.35612644  0.30492958  0.33008615  0.33008615  0.32371652  0.31113915  0.31113915  0.28660699  0.28660699  0.27463877  0.42553407  0.42553407  0.44023090  0.38311482  0.39698662  0.39001828  0.49409321  0.48615483  0.51022962  0.66374486  0.65377884  
36_0_0     0.32371652  0.27463877  0.26286070  0.26286070  0.26872634  0.27463877  0.29266434  0.28660699  0.28660699  0.31113915  0.34953012  0.10552728  0.13936505  0.11984049  0.00000000  0.16965127  0.19055205  0.33008615  0.28660699  0.16965127  0.10552728  0.21753496  0.18002801  0.17482148  0.18527136  0.15941777  0.16965127  0.21753496  0.34953012  0.23420906  0.22305143  0.22860925  0.22305143  0.20662366  0.22305143  0.20122766  0.25126683  0.24553718  0.20122766  0.21205924  0.29266434  0.20122766  0.26872634  0.43284607  0.43284607  0.52672510  0.52672510  0.46283732  0.45522499  0.36949783  0.43284607  0.33651097  0.33651097  0.36278199  0.36278199  0.36278199  0.37627506  0.37627506  0.34299197  0.34953012  0.30492958  0.31740116  0.33008615  0.49409321  0.49409321  0.42553407  0.41829349  0.40402109  0.37627506  0.37627506  0.37627506  0.38311482  0.34299197  0.33651097  0.33651097  0.34953012  0.34299197  0.34953012  0.37627506  0.38311482  0.39001828  0.36949783  0.36278199  0.37627506  0.37627506  0.38311482  0.34953012  0.34953012  0.39698662  0.37627506  0.40402109  0.33651097  0.37627506  0.36278199  0.42553407  0.43284607  0.42553407  0.43284607  0.33008615  0.33008615  0.33651097  0.34953012  0.34299197  0.38311482  0.34953012  0.33008615  0.36278199  0.32371652  0.33651097  0.36949783  0.36278199  0.34953012  0.34953012  0.28059873  0.28059873  0.28059873  0.43284607  0.44769004  0.44769004  0.38311482  0.41112294  0.40402109  0.52672510  0.51843148  0.58753345  0.64394501  0.61520279  
37_0_0     0.33651097  0.31113915  0.29877160  0.29877160  0.29266434  0.31113915  0.39001828  0.38311482  0.38311482  0.39001828  0.41829349  0.14432761  0.21205924  0.18002801  0.16965127  0.00000000  0.25126683  0.35612644  0.32371652  0.21205924  0.14432761  0.31740116  0.26286070  0.25704110  0.25704110  0.22860925  0.23420906  0.28059873  0.42553407  0.29877160  0.28660699  0.29266434  0.28660699  0.28660699  0.30492958  0.29266434  0.30492958  0.33008615  0.28660699  0.30492958  0.29266434  0.29266434  0.31740116  0.44769004  0.48615483  0.50211751  0.50211751  0.51843148  0.51022962  0.42553407  0.46283732  0.36949783  0.36949783  0.40402109  0.39698662  0.44769004  0.41112294  0.41112294  0.38311482  0.38311482  0.34953012  0.34299197  0.34299197  0.52672510  0.52672510  0.41829349  0.41112294  0.41112294  0.42553407  0.41112294  0.44023090  0.41829349  0.37627506  0.38311482  0.38311482  0.39001828  0.39001828  0.36949783  0.40402109  0.39698662  0.41829349  0.37627506  0.39001828  0.39001828  0.39001828  0.41829349  0.36278199  0.36278199  0.39001828  0.39698662  0.38311482  0.35612644  0.38311482  0.36949783  0.41829349  0.42553407  0.44769004  0.44023090  0.33651097  0.34299197  0.34299197  0.34953012  0.34299197  0.44769004  0.39001828  0.38311482  0.38311482  0.34299197  0.34299197  0.36278199  0.36949783  0.35612644  0.35612644  0.31740116  0.31740116  0.31740116  0.51022962  0.52672510  0.51843148  0.52672510  0.47830055  0.48615483  0.58753345  0.57853516  0.65377884  0.66374486  0.63423993  
36_4_0     0.31740116  0.29266434  0.28059873  0.28059873  0.28660699  0.26872634  0.28059873  0.28660699  0.28660699  0.31740116  0.33651097  0.13443549  0.19587064  0.16965127  0.19055205  0.25126683  0.00000000  0.33008615  0.31113915  0.21753496  0.15435351  0.25704110  0.22860925  0.21205924  0.20662366  0.17482148  0.19055205  0.22305143  0.36949783  0.23985148  0.22860925  0.22305143  0.21753496  0.24553718  0.27463877  0.25126683  0.28660699  0.29266434  0.25704110  0.25126683  0.30492958  0.25126683  0.33008615  0.42553407  0.45522499  0.48615483  0.48615483  0.46283732  0.46283732  0.37627506  0.41829349  0.36278199  0.35612644  0.34953012  0.37627506  0.36949783  0.39001828  0.39001828  0.35612644  0.36278199  0.36949783  0.36949783  0.37627506  0.52672510  0.52672510  0.47830055  0.48615483  0.47052862  0.38311482  0.39698662  0.44769004  0.41829349  0.36278199  0.36949783  0.36949783  0.39698662  0.36278199  0.35612644  0.36949783  0.36278199  0.39001828  0.37627506  0.37627506  0.39001828  0.39001828  0.38311482  0.36949783  0.36278199  0.39698662  0.41829349  0.40402109  0.33008615  0.36949783  0.33651097  0.36278199  0.38311482  0.37627506  0.38311482  0.36949783  0.36949783  0.37627506  0.39001828  0.38311482  0.44023090  0.38311482  0.36278199  0.39001828  0.39001828  0.35612644  0.36278199  0.35612644  0.34299197  0.34299197  0.31740116  0.31740116  0.30492958  0.48615483  0.47830055  0.47830055  0.40402109  0.38311482  0.37627506  0.51022962  0.51843148  0.59664230  0.66374486  0.66374486  
37_4_0     0.42553407  0.43284607  0.41829349  0.41829349  0.41112294  0.41829349  0.42553407  0.43284607  0.43284607  0.41112294  0.46283732  0.26872634  0.34299197  0.31113915  0.33008615  0.35612644  0.33008615  0.00000000  0.14932361  0.29877160  0.28059873  0.38311482  0.36278199  0.36949783  0.38311482  0.33008615  0.33008615  0.37627506  0.44769004  0.38311482  0.38311482  0.39001828  0.39698662  0.37627506  0.39001828  0.35612644  0.35612644  0.40402109  0.37627506  0.38311482  0.44769004  0.38311482  0.44023090  0.52672510  0.57853516  0.55217762  0.55217762  0.49409321  0.47830055  0.45522499  0.47830055  0.48615483  0.47830055  0.51022962  0.51022962  0.50211751  0.52672510  0.52672510  0.48615483  0.50211751  0.49409321  0.49409321  0.50211751  0.54359598  0.54359598  0.46283732  0.49409321  0.47830055  0.47052862  0.47830055  0.43284607  0.36949783  0.43284607  0.44023090  0.44023090  0.44769004  0.41829349  0.39698662  0.44769004  0.41112294  0.43284607  0.46283732  0.39698662  0.41112294  0.41112294  0.41829349  0.46283732  0.46283732  0.47052862  0.48615483  0.46283732  0.40402109  0.44769004  0.42553407  0.54359598  0.55217762  0.52672510  0.51843148  0.41829349  0.42553407  0.42553407  0.47052862  0.46283732  0.41112294  0.47052862  0.44769004  0.43284607  0.41112294  0.41112294  0.44023090  0.41829349  0.41829349  0.43284607  0.36278199  0.36278199  0.36278199  0.51843148  0.51843148  0.56964478  0.47830055  0.47052862  0.46283732  0.67384668  0.64394501  0.65377884  0.67384668  0.64394501  
37_5_0     0.41112294  0.40402109  0.39001828  0.39001828  0.39698662  0.40402109  0.42553407  0.41829349  0.41829349  0.42553407  0.47830055  0.23985148  0.31740116  0.28059873  0.28660699  0.32371652  0.31113915  0.14932361  0.00000000  0.24553718  0.25126683  0.33008615  0.31113915  0.30492958  0.33008615  0.27463877  0.27463877  0.30492958  0.42553407  0.31113915  0.29877160  0.30492958  0.31113915  0.29266434  0.31740116  0.28660699  0.31740116  0.34299197  0.28059873  0.28660699  0.32371652  0.27463877  0.35612644  0.51843148  0.53511255  0.57853516  0.57853516  0.47830055  0.51022962  0.43284607  0.51022962  0.47052862  0.45522499  0.45522499  0.44023090  0.47052862  0.45522499  0.45522499  0.41829349  0.41112294  0.40402109  0.40402109  0.41112294  0.56964478  0.56964478  0.52672510  0.52672510  0.52672510  0.39001828  0.41112294  0.41112294  0.40402109  0.41829349  0.41112294  0.41112294  0.41829349  0.41829349  0.39698662  0.45522499  0.41829349  0.45522499  0.44023090  0.41829349  0.41829349  0.41829349  0.41112294  0.45522499  0.44023090  0.51843148  0.53511255  0.52672510  0.41112294  0.45522499  0.41829349  0.48615483  0.49409321  0.50211751  0.49409321  0.41112294  0.43284607  0.40402109  0.43284607  0.42553407  0.41112294  0.41829349  0.41112294  0.41112294  0.37627506  0.39001828  0.41829349  0.39698662  0.39698662  0.38311482  0.42553407  0.42553407  0.41112294  0.56964478  0.56964478  0.59664230  0.47830055  0.46283732  0.47052862  0.56964478  0.56964478  0.56085976  0.76003595  0.72652988  
61_4_0     0.28059873  0.26872634  0.25704110  0.25704110  0.26286070  0.26872634  0.28660699  0.28059873  0.28059873  0.28660699  0.33008615  0.09613640  0.18527136  0.11503865  0.16965127  0.21205924  0.21753496  0.29877160  0.24553718  0.00000000  0.08686298  0.22305143  0.18527136  0.19055205  0.22305143  0.14932361  0.14932361  0.20662366  0.36949783  0.20122766  0.20122766  0.20662366  0.20122766  0.21753496  0.22860925  0.21205924  0.27463877  0.27463877  0.20662366  0.22305143  0.29266434  0.21205924  0.28660699  0.40402109  0.41829349  0.45522499  0.45522499  0.48615483  0.48615483  0.41112294  0.45522499  0.35612644  0.34953012  0.37627506  0.37627506  0.37627506  0.39001828  0.39001828  0.34953012  0.33008615  0.32371652  0.32371652  0.34953012  0.48615483  0.48615483  0.41829349  0.44769004  0.44769004  0.41112294  0.40402109  0.37627506  0.37627506  0.35612644  0.34299197  0.34299197  0.35612644  0.34299197  0.33651097  0.38311482  0.38311482  0.40402109  0.39001828  0.39001828  0.39001828  0.39001828  0.41112294  0.37627506  0.37627506  0.45522499  0.44769004  0.46283732  0.31740116  0.35612644  0.31740116  0.40402109  0.42553407  0.43284607  0.42553407  0.33651097  0.34299197  0.33008615  0.33008615  0.32371652  0.34953012  0.38311482  0.36278199  0.37627506  0.32371652  0.34953012  0.36278199  0.35612644  0.34299197  0.34299197  0.32371652  0.32371652  0.31740116  0.43284607  0.44023090  0.51022962  0.41112294  0.42553407  0.41829349  0.49409321  0.48615483  0.51022962  0.65377884  0.64394501  
31_4_0     0.25704110  0.22305143  0.21205924  0.21205924  0.21753496  0.22305143  0.28059873  0.27463877  0.27463877  0.28059873  0.30492958  0.02500724  0.12467363  0.06865707  0.10552728  0.14432761  0.15435351  0.28059873  0.25126683  0.08686298  0.00000000  0.21205924  0.16451686  0.15941777  0.18002801  0.10081697  0.11026771  0.18002801  0.36278199  0.19587064  0.18527136  0.19055205  0.18527136  0.18002801  0.20122766  0.17482148  0.24553718  0.23420906  0.16965127  0.18527136  0.25126683  0.17482148  0.26286070  0.42553407  0.44023090  0.47830055  0.47830055  0.40402109  0.42553407  0.31740116  0.35612644  0.29266434  0.29266434  0.31740116  0.31740116  0.32371652  0.33008615  0.33008615  0.29877160  0.28660699  0.29266434  0.28059873  0.29266434  0.47052862  0.47052862  0.34953012  0.37627506  0.36278199  0.38311482  0.39001828  0.37627506  0.36278199  0.32371652  0.31740116  0.31740116  0.31113915  0.31113915  0.30492958  0.37627506  0.35612644  0.37627506  0.34953012  0.34953012  0.36278199  0.36278199  0.36949783  0.34953012  0.34953012  0.38311482  0.39001828  0.39001828  0.29266434  0.33008615  0.29266434  0.37627506  0.38311482  0.40402109  0.39698662  0.28059873  0.28059873  0.28660699  0.29877160  0.29266434  0.34299197  0.33651097  0.33008615  0.34299197  0.29877160  0.29877160  0.32371652  0.31740116  0.30492958  0.30492958  0.26872634  0.26872634  0.25704110  0.48615483  0.48615483  0.49409321  0.41112294  0.41112294  0.40402109  0.51843148  0.51022962  0.55217762  0.63423993  0.60586446  
26_0_0     0.33008615  0.33651097  0.32371652  0.32371652  0.30492958  0.32371652  0.34299197  0.33651097  0.33651097  0.36278199  0.36949783  0.20122766  0.26872634  0.23420906  0.21753496  0.31740116  0.25704110  0.38311482  0.33008615  0.22305143  0.21205924  0.00000000  0.05529016  0.06417460  0.08226942  0.25704110  0.25704110  0.27463877  0.41112294  0.31740116  0.29266434  0.29877160  0.29266434  0.32371652  0.32371652  0.30492958  0.36278199  0.30492958  0.31740116  0.31740116  0.34953012  0.31740116  0.34299197  0.43284607  0.44023090  0.47052862  0.47052862  0.51843148  0.53511255  0.45522499  0.50211751  0.45522499  0.45522499  0.43284607  0.44769004  0.44023090  0.44769004  0.44769004  0.41829349  0.40402109  0.39001828  0.39001828  0.43284607  0.46283732  0.46283732  0.41829349  0.41829349  0.40402109  0.44023090  0.43284607  0.39698662  0.43284607  0.39698662  0.40402109  0.40402109  0.40402109  0.38311482  0.40402109  0.41112294  0.40402109  0.41829349  0.41112294  0.40402109  0.40402109  0.40402109  0.41112294  0.39698662  0.39698662  0.44769004  0.44023090  0.44023090  0.41112294  0.44023090  0.40402109  0.46283732  0.45522499  0.44769004  0.45522499  0.41829349  0.42553407  0.41112294  0.40402109  0.40402109  0.47830055  0.43284607  0.41112294  0.41829349  0.39698662  0.41112294  0.41829349  0.39698662  0.39698662  0.39698662  0.38311482  0.38311482  0.36949783  0.50211751  0.49409321  0.55217762  0.47830055  0.47052862  0.46283732  0.53511255  0.52672510  0.58753345  0.68408806  0.67384668  
55_0_0     0.30492958  0.28059873  0.26872634  0.26872634  0.26286070  0.28059873  0.34953012  0.34299197  0.34299197  0.36949783  0.37627506  0.15435351  0.21753496  0.18527136  0.18002801  0.26286070  0.22860925  0.36278199  0.31113915  0.18527136  0.16451686  0.05529016  0.00000000  0.01657741  0.04216001  0.19587064  0.19587064  0.23420906  0.39001828  0.26286070  0.25126683  0.25704110  0.25126683  0.25704110  0.25126683  0.23985148  0.31740116  0.27463877  0.25126683  0.26286070  0.30492958  0.25126683  0.32371652  0.40402109  0.41112294  0.45522499  0.45522499  0.48615483  0.51022962  0.43284607  0.46283732  0.40402109  0.40402109  0.40402109  0.41829349  0.41112294  0.43284607  0.43284607  0.39001828  0.37627506  0.36278199  0.36278199  0.39001828  0.46283732  0.46283732  0.39001828  0.39001828  0.37627506  0.41112294  0.41829349  0.38311482  0.41829349  0.36949783  0.39001828  0.39001828  0.39001828  0.36949783  0.37627506  0.41112294  0.39001828  0.38311482  0.36278199  0.36949783  0.36949783  0.36949783  0.38311482  0.38311482  0.38311482  0.46283732  0.45522499  0.45522499  0.36949783  0.40402109  0.37627506  0.41829349  0.41112294  0.43284607  0.42553407  0.37627506  0.38311482  0.36949783  0.36278199  0.36278199  0.46283732  0.41829349  0.39698662  0.41829349  0.36278199  0.37627506  0.38311482  0.37627506  0.37627506  0.37627506  0.34299197  0.34299197  0.33008615  0.46283732  0.46283732  0.50211751  0.45522499  0.43284607  0.42553407  0.51843148  0.51022962  0.54359598  0.68408806  0.67384668  
11_0_0     0.33008615  0.30492958  0.29266434  0.29266434  0.28660699  0.30492958  0.36278199  0.35612644  0.35612644  0.38311482  0.39001828  0.14932361  0.21205924  0.18002801  0.17482148  0.25704110  0.21205924  0.36949783  0.30492958  0.19055205  0.15941777  0.06417460  0.01657741  0.00000000  0.02500724  0.18527136  0.18527136  0.21753496  0.38311482  0.24553718  0.23420906  0.23985148  0.23420906  0.25126683  0.24553718  0.24553718  0.31113915  0.25704110  0.24553718  0.24553718  0.29877160  0.24553718  0.34299197  0.41829349  0.42553407  0.44023090  0.44023090  0.50211751  0.51022962  0.41829349  0.46283732  0.39698662  0.39698662  0.39001828  0.40402109  0.39698662  0.41829349  0.41829349  0.37627506  0.37627506  0.36278199  0.36278199  0.39001828  0.47052862  0.47052862  0.41829349  0.41829349  0.40402109  0.42553407  0.43284607  0.39698662  0.43284607  0.38311482  0.40402109  0.40402109  0.40402109  0.38311482  0.39001828  0.41112294  0.40402109  0.41112294  0.39001828  0.39698662  0.39698662  0.39698662  0.38311482  0.41112294  0.41112294  0.47830055  0.47052862  0.47052862  0.35612644  0.39001828  0.36278199  0.41829349  0.41112294  0.43284607  0.42553407  0.39001828  0.38311482  0.38311482  0.37627506  0.37627506  0.44769004  0.41829349  0.39698662  0.41829349  0.37627506  0.39001828  0.38311482  0.37627506  0.37627506  0.36278199  0.35612644  0.35612644  0.34299197  0.47830055  0.47052862  0.49409321  0.44023090  0.43284607  0.42553407  0.51843148  0.51022962  0.56085976  0.65377884  0.64394501  
24_0_0     0.33008615  0.30492958  0.29266434  0.29266434  0.28660699  0.29266434  0.33651097  0.34299197  0.34299197  0.36949783  0.38311482  0.16965127  0.21753496  0.19587064  0.18527136  0.25704110  0.20662366  0.38311482  0.33008615  0.22305143  0.18002801  0.08226942  0.04216001  0.02500724  0.00000000  0.19587064  0.19587064  0.23420906  0.38311482  0.26286070  0.25126683  0.25704110  0.25126683  0.26872634  0.26872634  0.26872634  0.32371652  0.25704110  0.26872634  0.26872634  0.28059873  0.26872634  0.35612644  0.41829349  0.44769004  0.42553407  0.42553407  0.51022962  0.51022962  0.41829349  0.44769004  0.39698662  0.39698662  0.40402109  0.41829349  0.41112294  0.43284607  0.43284607  0.39001828  0.39001828  0.37627506  0.37627506  0.39001828  0.47830055  0.47830055  0.41112294  0.41829349  0.40402109  0.42553407  0.43284607  0.41829349  0.43284607  0.39001828  0.41112294  0.41112294  0.41112294  0.39001828  0.39698662  0.42553407  0.41829349  0.41112294  0.39001828  0.39698662  0.39698662  0.39698662  0.39001828  0.41112294  0.41112294  0.45522499  0.44769004  0.44769004  0.36278199  0.39698662  0.35612644  0.41829349  0.41112294  0.43284607  0.42553407  0.39698662  0.40402109  0.39001828  0.38311482  0.38311482  0.44023090  0.41829349  0.39698662  0.40402109  0.39001828  0.39001828  0.36949783  0.36278199  0.36278199  0.34953012  0.35612644  0.35612644  0.34299197  0.46283732  0.45522499  0.47830055  0.44023090  0.43284607  0.42553407  0.51843148  0.51022962  0.59664230  0.66374486  0.65377884  
12_0_0     0.27463877  0.23985148  0.22860925  0.22860925  0.23420906  0.22860925  0.26286070  0.25704110  0.25704110  0.26286070  0.31740116  0.09148519  0.19587064  0.14432761  0.15941777  0.22860925  0.17482148  0.33008615  0.27463877  0.14932361  0.10081697  0.25704110  0.19587064  0.18527136  0.19587064  0.00000000  0.02078034  0.13443549  0.28660699  0.13936505  0.12953850  0.13443549  0.12953850  0.12953850  0.14932361  0.13443549  0.20122766  0.20122766  0.11984049  0.13936505  0.21205924  0.12467363  0.21753496  0.41829349  0.43284607  0.47830055  0.47830055  0.44023090  0.47830055  0.35612644  0.41112294  0.36949783  0.36278199  0.36278199  0.37627506  0.40402109  0.38311482  0.38311482  0.35612644  0.36278199  0.33008615  0.33651097  0.35612644  0.47830055  0.47830055  0.39001828  0.41829349  0.40402109  0.38311482  0.39001828  0.36278199  0.34953012  0.33651097  0.33651097  0.33651097  0.33008615  0.33008615  0.31113915  0.36278199  0.35612644  0.38311482  0.35612644  0.35612644  0.36949783  0.36949783  0.39001828  0.36278199  0.36278199  0.40402109  0.41112294  0.41112294  0.27463877  0.31113915  0.29266434  0.36949783  0.37627506  0.40402109  0.39698662  0.29266434  0.30492958  0.30492958  0.31113915  0.30492958  0.36278199  0.34299197  0.35612644  0.36278199  0.30492958  0.29266434  0.36949783  0.37627506  0.34953012  0.34953012  0.25126683  0.25126683  0.23985148  0.44023090  0.42553407  0.44023090  0.36278199  0.40402109  0.39698662  0.51022962  0.50211751  0.56085976  0.65377884  0.63423993  
