128
58_0_0     0.00000000  0.08014966  0.07024899  0.13178067  0.28618158  0.29953463  0.29282747  0.27959584  0.26018891  0.28618158  0.28618158  0.30630419  0.38524887  0.37024346  0.40057027  0.36285523  0.33403043  0.33403043  0.32699919  0.41622125  0.42417483  0.37024346  0.37024346  0.35554127  0.40835368  0.39286924  0.39286924  0.42417483  0.44034767  0.37770748  0.40057027  0.37024346  0.40835368  0.40057027  0.37024346  0.34830009  0.41622125  0.37024346  0.37024346  0.37024346  0.36285523  0.37024346  0.44034767  0.34113028  0.37770748  0.35554127  0.35554127  0.34113028  0.39286924  0.36285523  0.32699919  0.34113028  0.37024346  0.35554127  0.40057027  0.37024346  0.39286924  0.38524887  0.35554127  0.37770748  0.37024346  0.40057027  0.39286924  0.39286924  0.39286924  0.42417483  0.37770748  0.40835368  0.37024346  0.34113028  0.34830009  0.33403043  0.37024346  0.36285523  0.34830009  0.37024346  0.38524887  0.41622125  0.41622125  0.36285523  0.33403043  0.49114189  0.50889308  0.53635929  0.53635929  0.45688818  0.45688818  0.45688818  0.49114189  0.40835368  0.32003525  0.27306918  0.26660054  0.26660054  0.26660054  0.33403043  0.33403043  0.34113028  0.34113028  0.34830009  0.37770748  0.35554127  0.38524887  0.32003525  0.32003525  0.32003525  0.34113028  0.33403043  0.34830009  0.37024346  0.32699919  0.32699919  0.37770748  0.34113028  0.36285523  0.35554127  0.32699919  0.34113028  0.34830009  0.35554127  0.34830009  0.35554127  0.37770748  0.44857092  0.43221631  0.43221631  0.40057027  0.37770748  
81_0_0     0.08014966  0.00000000  0.04607116  0.11590307  0.31313733  0.31313733  0.32003525  0.28618158  0.29282747  0.30630419  0.29282747  0.31313733  0.36285523  0.36285523  0.37770748  0.36285523  0.32003525  0.33403043  0.31313733  0.41622125  0.42417483  0.38524887  0.36285523  0.34830009  0.37024346  0.38524887  0.41622125  0.44857092  0.45688818  0.39286924  0.40057027  0.40057027  0.41622125  0.44034767  0.36285523  0.35554127  0.38524887  0.35554127  0.35554127  0.35554127  0.34830009  0.35554127  0.40835368  0.34113028  0.37770748  0.35554127  0.37024346  0.35554127  0.42417483  0.34113028  0.36285523  0.33403043  0.38524887  0.40057027  0.44857092  0.40057027  0.39286924  0.37024346  0.34113028  0.36285523  0.35554127  0.40057027  0.42417483  0.42417483  0.40835368  0.44034767  0.37770748  0.40835368  0.44857092  0.32699919  0.33403043  0.32003525  0.34113028  0.33403043  0.37770748  0.38524887  0.38524887  0.41622125  0.41622125  0.34830009  0.34830009  0.49114189  0.48242610  0.51793377  0.51793377  0.45688818  0.46530162  0.46530162  0.49996335  0.44034767  0.30630419  0.28618158  0.27959584  0.27959584  0.27959584  0.30630419  0.30630419  0.34113028  0.34113028  0.30630419  0.32003525  0.34113028  0.35554127  0.29282747  0.29282747  0.29282747  0.32003525  0.31313733  0.32699919  0.37024346  0.31313733  0.31313733  0.37770748  0.40057027  0.34830009  0.34113028  0.32699919  0.34113028  0.34830009  0.35554127  0.34830009  0.35554127  0.34830009  0.49996335  0.44857092  0.40057027  0.37024346  0.39286924  
21_0_0     0.07024899  0.04607116  0.00000000  0.09525794  0.29282747  0.29282747  0.29953463  0.27306918  0.27959584  0.27959584  0.26660054  0.27306918  0.37770748  0.37770748  0.36285523  0.37770748  0.30630419  0.30630419  0.31313733  0.43221631  0.44034767  0.37024346  0.34830009  0.34830009  0.37024346  0.37024346  0.43221631  0.46530162  0.49114189  0.37024346  0.37770748  0.36285523  0.40835368  0.40057027  0.35554127  0.34830009  0.38524887  0.34113028  0.34113028  0.34113028  0.33403043  0.34113028  0.40835368  0.32699919  0.34830009  0.32699919  0.35554127  0.32699919  0.40835368  0.28618158  0.34113028  0.32699919  0.34113028  0.37024346  0.38524887  0.32699919  0.39286924  0.35554127  0.32699919  0.34830009  0.34113028  0.37024346  0.36285523  0.36285523  0.34830009  0.37770748  0.34830009  0.37770748  0.38524887  0.33403043  0.34113028  0.32699919  0.34113028  0.34830009  0.34830009  0.37024346  0.37024346  0.42417483  0.42417483  0.29953463  0.29953463  0.49114189  0.49114189  0.49996335  0.49996335  0.44034767  0.44857092  0.44857092  0.48242610  0.39286924  0.29282747  0.24753269  0.24128619  0.24128619  0.24128619  0.25383328  0.26660054  0.29953463  0.29953463  0.27959584  0.33403043  0.29953463  0.32699919  0.25383328  0.26660054  0.26660054  0.31313733  0.30630419  0.32003525  0.32699919  0.29953463  0.29953463  0.33403043  0.38524887  0.33403043  0.31313733  0.31313733  0.32699919  0.33403043  0.34113028  0.30630419  0.31313733  0.33403043  0.44034767  0.41622125  0.40057027  0.37024346  0.36285523  
80_0_0     0.13178067  0.11590307  0.09525794  0.00000000  0.26660054  0.26660054  0.27306918  0.26660054  0.26018891  0.27306918  0.27306918  0.27959584  0.35554127  0.38524887  0.37024346  0.37024346  0.29953463  0.31313733  0.32003525  0.44034767  0.44857092  0.34830009  0.42417483  0.42417483  0.41622125  0.41622125  0.47381348  0.49114189  0.53635929  0.37024346  0.37770748  0.37770748  0.40057027  0.40057027  0.36285523  0.37024346  0.35554127  0.40057027  0.40057027  0.40057027  0.39286924  0.40057027  0.40835368  0.32003525  0.40057027  0.39286924  0.42417483  0.37770748  0.43221631  0.35554127  0.39286924  0.38524887  0.34113028  0.39286924  0.37024346  0.34830009  0.41622125  0.34830009  0.34830009  0.35554127  0.34830009  0.40835368  0.38524887  0.38524887  0.38524887  0.40057027  0.37024346  0.34113028  0.37770748  0.34830009  0.34113028  0.35554127  0.36285523  0.37024346  0.35554127  0.36285523  0.37770748  0.42417483  0.40835368  0.34113028  0.31313733  0.51793377  0.45688818  0.49114189  0.49114189  0.45688818  0.44034767  0.44034767  0.47381348  0.42417483  0.33403043  0.30630419  0.28618158  0.28618158  0.28618158  0.28618158  0.29953463  0.29282747  0.29282747  0.31313733  0.31313733  0.30630419  0.32003525  0.29953463  0.32699919  0.32699919  0.30630419  0.29953463  0.31313733  0.37024346  0.32003525  0.33403043  0.35554127  0.39286924  0.35554127  0.33403043  0.32003525  0.33403043  0.34113028  0.34830009  0.34113028  0.33403043  0.35554127  0.40057027  0.37770748  0.40835368  0.40835368  0.38524887  
5_6_0      0.28618158  0.31313733  0.29282747  0.26660054  0.00000000  0.00898381  0.00447804  0.06534872  0.07024899  0.07518248  0.07024899  0.08515098  0.29953463  0.26018891  0.28618158  0.27306918  0.21682305  0.22286216  0.24128619  0.30630419  0.31313733  0.32699919  0.39286924  0.37770748  0.38524887  0.38524887  0.36285523  0.37770748  0.40057027  0.33403043  0.32699919  0.31313733  0.33403043  0.28618158  0.28618158  0.32003525  0.28618158  0.34830009  0.34830009  0.34830009  0.34113028  0.34830009  0.31313733  0.26660054  0.36285523  0.36285523  0.34830009  0.33403043  0.32699919  0.32699919  0.27959584  0.29282747  0.32699919  0.33403043  0.38524887  0.37770748  0.36285523  0.34113028  0.35554127  0.36285523  0.37024346  0.38524887  0.37770748  0.36285523  0.37770748  0.39286924  0.37770748  0.32003525  0.32003525  0.32699919  0.32003525  0.33403043  0.37024346  0.37770748  0.28618158  0.27959584  0.29282747  0.40835368  0.40835368  0.32699919  0.32699919  0.41622125  0.46530162  0.42417483  0.42417483  0.34113028  0.38524887  0.38524887  0.40057027  0.32003525  0.37770748  0.34830009  0.34113028  0.34113028  0.34113028  0.37770748  0.36285523  0.31313733  0.32003525  0.37024346  0.32699919  0.34830009  0.33403043  0.32699919  0.31313733  0.32699919  0.34830009  0.35554127  0.35554127  0.32003525  0.33403043  0.34830009  0.34113028  0.37024346  0.36285523  0.34830009  0.33403043  0.34830009  0.34113028  0.34830009  0.32699919  0.33403043  0.38524887  0.37770748  0.38524887  0.37024346  0.37024346  0.33403043  
3_6_0      0.29953463  0.31313733  0.29282747  0.26660054  0.00898381  0.00000000  0.00447804  0.06534872  0.08014966  0.07518248  0.07024899  0.08515098  0.29953463  0.24753269  0.27306918  0.26018891  0.20489315  0.21083365  0.25383328  0.32003525  0.32699919  0.31313733  0.39286924  0.37770748  0.38524887  0.38524887  0.36285523  0.37770748  0.40057027  0.33403043  0.32699919  0.31313733  0.34830009  0.28618158  0.29953463  0.33403043  0.28618158  0.34830009  0.34830009  0.34830009  0.34113028  0.34830009  0.29953463  0.26660054  0.36285523  0.36285523  0.34830009  0.32003525  0.34113028  0.31313733  0.27959584  0.30630419  0.32699919  0.33403043  0.37024346  0.37770748  0.34830009  0.34113028  0.35554127  0.36285523  0.37024346  0.38524887  0.37770748  0.37770748  0.39286924  0.37770748  0.36285523  0.30630419  0.32003525  0.32699919  0.32003525  0.33403043  0.35554127  0.36285523  0.28618158  0.27959584  0.30630419  0.42417483  0.42417483  0.32699919  0.34113028  0.40057027  0.46530162  0.42417483  0.42417483  0.34113028  0.40057027  0.40057027  0.40057027  0.33403043  0.36285523  0.34830009  0.34113028  0.34113028  0.34113028  0.39286924  0.36285523  0.31313733  0.32003525  0.35554127  0.31313733  0.34830009  0.32003525  0.31313733  0.31313733  0.32699919  0.34830009  0.35554127  0.35554127  0.32003525  0.33403043  0.34830009  0.34113028  0.38524887  0.36285523  0.33403043  0.33403043  0.34830009  0.34113028  0.34830009  0.32699919  0.33403043  0.40057027  0.39286924  0.40057027  0.38524887  0.38524887  0.34830009  
7_6_0      0.29282747  0.32003525  0.29953463  0.27306918  0.00447804  0.00447804  0.00000000  0.06048124  0.07518248  0.07024899  0.06534872  0.08014966  0.30630419  0.25383328  0.27959584  0.26660054  0.21083365  0.21682305  0.24753269  0.31313733  0.32003525  0.32003525  0.40057027  0.38524887  0.39286924  0.39286924  0.35554127  0.37024346  0.39286924  0.34113028  0.33403043  0.32003525  0.34113028  0.27959584  0.29282747  0.32699919  0.29282747  0.35554127  0.35554127  0.35554127  0.34830009  0.35554127  0.30630419  0.27306918  0.37024346  0.37024346  0.35554127  0.32699919  0.33403043  0.32003525  0.27306918  0.29953463  0.33403043  0.34113028  0.37770748  0.38524887  0.35554127  0.33403043  0.34830009  0.35554127  0.36285523  0.37770748  0.37024346  0.37024346  0.38524887  0.38524887  0.37024346  0.31313733  0.31313733  0.33403043  0.32699919  0.34113028  0.36285523  0.37024346  0.29282747  0.28618158  0.29953463  0.41622125  0.41622125  0.33403043  0.33403043  0.40835368  0.47381348  0.43221631  0.43221631  0.34830009  0.39286924  0.39286924  0.39286924  0.32699919  0.37024346  0.35554127  0.34830009  0.34830009  0.34830009  0.38524887  0.37024346  0.30630419  0.31313733  0.36285523  0.32003525  0.35554127  0.32699919  0.32003525  0.32003525  0.33403043  0.35554127  0.36285523  0.36285523  0.32699919  0.34113028  0.35554127  0.34830009  0.37770748  0.37024346  0.34113028  0.34113028  0.35554127  0.34830009  0.35554127  0.33403043  0.34113028  0.39286924  0.38524887  0.39286924  0.37770748  0.37770748  0.34113028  
40_6_0     0.27959584  0.28618158  0.27306918  0.26660054  0.06534872  0.06534872  0.06048124  0.00000000  0.04133054  0.05084288  0.02267099  0.03662059  0.29953463  0.23509287  0.27306918  0.27306918  0.20489315  0.21682305  0.22286216  0.28618158  0.29282747  0.29953463  0.39286924  0.37770748  0.38524887  0.38524887  0.36285523  0.39286924  0.41622125  0.30630419  0.31313733  0.29953463  0.34113028  0.29953463  0.30630419  0.31313733  0.29282747  0.32003525  0.32003525  0.32003525  0.32699919  0.32003525  0.29953463  0.28618158  0.33403043  0.32699919  0.32699919  0.31313733  0.34830009  0.29953463  0.27306918  0.26660054  0.34113028  0.32699919  0.38524887  0.38524887  0.33403043  0.31313733  0.32699919  0.33403043  0.34113028  0.34113028  0.33403043  0.33403043  0.33403043  0.36285523  0.33403043  0.33403043  0.31313733  0.37024346  0.36285523  0.37770748  0.37770748  0.37024346  0.32003525  0.32699919  0.30630419  0.38524887  0.38524887  0.32699919  0.32699919  0.44857092  0.42417483  0.44034767  0.44034767  0.34830009  0.38524887  0.38524887  0.38524887  0.35554127  0.36285523  0.32699919  0.33403043  0.33403043  0.33403043  0.34830009  0.33403043  0.29953463  0.30630419  0.33403043  0.32003525  0.32699919  0.27306918  0.30630419  0.30630419  0.32003525  0.34113028  0.34830009  0.34830009  0.34830009  0.34113028  0.34113028  0.34830009  0.38524887  0.39286924  0.32699919  0.31313733  0.32699919  0.32003525  0.32699919  0.32003525  0.34113028  0.34113028  0.37024346  0.39286924  0.30630419  0.30630419  0.28618158  
10_6_0     0.26018891  0.29282747  0.27959584  0.26018891  0.07024899  0.08014966  0.07518248  0.04133054  0.00000000  0.07518248  0.04607116  0.06048124  0.30630419  0.26660054  0.29282747  0.29953463  0.22286216  0.23509287  0.20489315  0.30630419  0.31313733  0.32003525  0.40835368  0.39286924  0.39286924  0.40057027  0.39286924  0.39286924  0.40835368  0.29953463  0.32003525  0.29282747  0.36285523  0.29282747  0.29953463  0.32003525  0.29282747  0.34830009  0.34830009  0.34830009  0.34113028  0.34830009  0.31313733  0.26660054  0.31313733  0.33403043  0.33403043  0.33403043  0.34113028  0.32003525  0.29282747  0.27306918  0.37024346  0.32003525  0.40057027  0.37770748  0.35554127  0.33403043  0.34830009  0.35554127  0.36285523  0.37770748  0.37024346  0.35554127  0.35554127  0.40057027  0.37024346  0.37024346  0.32003525  0.36285523  0.35554127  0.35554127  0.38524887  0.39286924  0.34113028  0.33403043  0.31313733  0.37024346  0.37024346  0.34830009  0.33403043  0.47381348  0.44857092  0.46530162  0.46530162  0.35554127  0.41622125  0.41622125  0.41622125  0.37770748  0.38524887  0.34830009  0.35554127  0.35554127  0.35554127  0.34113028  0.35554127  0.30630419  0.31313733  0.37024346  0.34113028  0.32003525  0.30630419  0.32699919  0.31313733  0.32699919  0.29282747  0.29953463  0.31313733  0.36285523  0.34830009  0.34830009  0.34113028  0.36285523  0.40057027  0.33403043  0.29282747  0.30630419  0.29953463  0.30630419  0.29953463  0.30630419  0.33403043  0.33403043  0.37024346  0.32699919  0.32699919  0.30630419  
37_6_0     0.28618158  0.30630419  0.27959584  0.27306918  0.07518248  0.07518248  0.07024899  0.05084288  0.07518248  0.00000000  0.05564610  0.07024899  0.32003525  0.26660054  0.29282747  0.25383328  0.22286216  0.22286216  0.21682305  0.29282747  0.29953463  0.33403043  0.41622125  0.40057027  0.40835368  0.40835368  0.35554127  0.38524887  0.40835368  0.30630419  0.31313733  0.31313733  0.33403043  0.26660054  0.28618158  0.29282747  0.28618158  0.31313733  0.31313733  0.31313733  0.30630419  0.31313733  0.27959584  0.26660054  0.34113028  0.30630419  0.30630419  0.29282747  0.32699919  0.30630419  0.30630419  0.32699919  0.33403043  0.36285523  0.37770748  0.39286924  0.35554127  0.33403043  0.36285523  0.35554127  0.36285523  0.36285523  0.35554127  0.35554127  0.38524887  0.38524887  0.34113028  0.32699919  0.32003525  0.34113028  0.33403043  0.34830009  0.34113028  0.34830009  0.31313733  0.30630419  0.28618158  0.37770748  0.36285523  0.32003525  0.33403043  0.42417483  0.45688818  0.43221631  0.43221631  0.34830009  0.36285523  0.36285523  0.36285523  0.32699919  0.38524887  0.36285523  0.35554127  0.35554127  0.35554127  0.34113028  0.34113028  0.30630419  0.31313733  0.32699919  0.34113028  0.33403043  0.30630419  0.31313733  0.31313733  0.32699919  0.34830009  0.35554127  0.37024346  0.35554127  0.33403043  0.33403043  0.34113028  0.37770748  0.38524887  0.32003525  0.33403043  0.34830009  0.34113028  0.34830009  0.32699919  0.33403043  0.34830009  0.37024346  0.39286924  0.30630419  0.32003525  0.32699919  
27_6_0     0.28618158  0.29282747  0.26660054  0.27306918  0.07024899  0.07024899  0.06534872  0.02267099  0.04607116  0.05564610  0.00000000  0.01351765  0.30630419  0.22895181  0.27959584  0.26660054  0.18735725  0.19900077  0.20489315  0.27959584  0.28618158  0.32003525  0.41622125  0.40057027  0.40057027  0.40835368  0.38524887  0.40057027  0.42417483  0.30630419  0.31313733  0.29953463  0.32003525  0.30630419  0.29953463  0.32003525  0.28618158  0.31313733  0.31313733  0.31313733  0.30630419  0.31313733  0.27959584  0.26660054  0.31313733  0.32003525  0.32003525  0.30630419  0.35554127  0.29282747  0.29282747  0.27306918  0.33403043  0.33403043  0.39286924  0.36285523  0.37024346  0.33403043  0.34830009  0.35554127  0.36285523  0.36285523  0.35554127  0.35554127  0.35554127  0.38524887  0.35554127  0.35554127  0.33403043  0.35554127  0.34830009  0.37770748  0.38524887  0.37770748  0.31313733  0.32003525  0.29953463  0.37024346  0.37024346  0.30630419  0.32003525  0.42417483  0.43221631  0.43221631  0.43221631  0.36285523  0.40057027  0.40057027  0.40057027  0.34830009  0.40057027  0.36285523  0.37024346  0.37024346  0.37024346  0.34113028  0.34113028  0.33403043  0.33403043  0.34113028  0.34113028  0.33403043  0.30630419  0.28618158  0.29953463  0.29953463  0.32003525  0.32699919  0.35554127  0.37024346  0.33403043  0.33403043  0.35554127  0.37770748  0.38524887  0.30630419  0.30630419  0.32003525  0.31313733  0.32003525  0.32699919  0.34830009  0.34830009  0.34830009  0.35554127  0.29953463  0.29953463  0.29282747  
92_6_0     0.30630419  0.31313733  0.27306918  0.27959584  0.08515098  0.08515098  0.08014966  0.03662059  0.06048124  0.07024899  0.01351765  0.00000000  0.29953463  0.23509287  0.27306918  0.27306918  0.20489315  0.21682305  0.22286216  0.28618158  0.29282747  0.32699919  0.40835368  0.40835368  0.39286924  0.40057027  0.39286924  0.40835368  0.43221631  0.31313733  0.32003525  0.30630419  0.34113028  0.31313733  0.30630419  0.32699919  0.30630419  0.33403043  0.33403043  0.33403043  0.32699919  0.33403043  0.29953463  0.27306918  0.30630419  0.31313733  0.32699919  0.31313733  0.36285523  0.28618158  0.29953463  0.26660054  0.32699919  0.34113028  0.38524887  0.37024346  0.39286924  0.35554127  0.37024346  0.36285523  0.37024346  0.38524887  0.36285523  0.36285523  0.36285523  0.39286924  0.37770748  0.37770748  0.35554127  0.34830009  0.34113028  0.37024346  0.37770748  0.38524887  0.30630419  0.31313733  0.30630419  0.37770748  0.37770748  0.29953463  0.31313733  0.44857092  0.40835368  0.40835368  0.40835368  0.35554127  0.40835368  0.40835368  0.40835368  0.35554127  0.39286924  0.35554127  0.36285523  0.36285523  0.36285523  0.33403043  0.33403043  0.32699919  0.32699919  0.33403043  0.34830009  0.32699919  0.29953463  0.27959584  0.30630419  0.30630419  0.31313733  0.33403043  0.34830009  0.36285523  0.35554127  0.34113028  0.34830009  0.38524887  0.37770748  0.28618158  0.29953463  0.29953463  0.29282747  0.29953463  0.30630419  0.32699919  0.34113028  0.34113028  0.34830009  0.30630419  0.30630419  0.29953463  
58_6_0     0.38524887  0.36285523  0.37770748  0.35554127  0.29953463  0.29953463  0.30630419  0.29953463  0.30630419  0.32003525  0.30630419  0.29953463  0.00000000  0.09018691  0.06534872  0.12644954  0.24128619  0.25383328  0.34113028  0.31313733  0.30630419  0.38524887  0.41622125  0.43221631  0.43221631  0.44034767  0.38524887  0.38524887  0.43221631  0.36285523  0.37024346  0.37024346  0.39286924  0.39286924  0.35554127  0.36285523  0.37024346  0.39286924  0.39286924  0.39286924  0.38524887  0.39286924  0.40835368  0.27959584  0.32003525  0.35554127  0.32699919  0.32699919  0.29282747  0.34830009  0.37024346  0.32699919  0.44857092  0.43221631  0.40835368  0.40835368  0.40057027  0.39286924  0.39286924  0.40057027  0.40835368  0.38524887  0.46530162  0.44857092  0.46530162  0.48242610  0.51793377  0.43221631  0.44034767  0.37770748  0.37024346  0.38524887  0.40835368  0.41622125  0.40835368  0.41622125  0.40835368  0.53635929  0.53635929  0.39286924  0.42417483  0.46530162  0.45688818  0.47381348  0.47381348  0.45688818  0.45688818  0.45688818  0.49114189  0.40057027  0.37024346  0.35554127  0.34830009  0.33403043  0.33403043  0.30630419  0.33403043  0.38524887  0.39286924  0.42417483  0.42417483  0.44857092  0.37024346  0.34830009  0.33403043  0.33403043  0.37024346  0.37770748  0.36285523  0.44034767  0.35554127  0.34113028  0.34830009  0.39286924  0.41622125  0.38524887  0.34113028  0.35554127  0.34830009  0.34113028  0.34830009  0.37024346  0.43221631  0.41622125  0.40057027  0.43221631  0.40057027  0.37770748  
21_6_0     0.37024346  0.36285523  0.37770748  0.38524887  0.26018891  0.24753269  0.25383328  0.23509287  0.26660054  0.26660054  0.22895181  0.23509287  0.09018691  0.00000000  0.08014966  0.12644954  0.26660054  0.27959584  0.32699919  0.31313733  0.32003525  0.34830009  0.40057027  0.40057027  0.41622125  0.40835368  0.37024346  0.37024346  0.39286924  0.40057027  0.39286924  0.39286924  0.43221631  0.41622125  0.39286924  0.41622125  0.37024346  0.39286924  0.39286924  0.39286924  0.38524887  0.39286924  0.37770748  0.30630419  0.36285523  0.37024346  0.35554127  0.34113028  0.33403043  0.33403043  0.31313733  0.34830009  0.44857092  0.40057027  0.42417483  0.39286924  0.40057027  0.37770748  0.39286924  0.40057027  0.40835368  0.35554127  0.44857092  0.44857092  0.44857092  0.43221631  0.44857092  0.40057027  0.40835368  0.35554127  0.34830009  0.37770748  0.40835368  0.38524887  0.36285523  0.35554127  0.36285523  0.49996335  0.51793377  0.37770748  0.39286924  0.47381348  0.48242610  0.49996335  0.49996335  0.44034767  0.45688818  0.45688818  0.45688818  0.43221631  0.36285523  0.34113028  0.33403043  0.33403043  0.33403043  0.34830009  0.34830009  0.37024346  0.37770748  0.42417483  0.39286924  0.44857092  0.37024346  0.37770748  0.34830009  0.34830009  0.35554127  0.37770748  0.37770748  0.37770748  0.37024346  0.35554127  0.37770748  0.41622125  0.44034767  0.37024346  0.35554127  0.37024346  0.36285523  0.37024346  0.37770748  0.40057027  0.46530162  0.42417483  0.40835368  0.43221631  0.41622125  0.39286924  
81_6_0     0.40057027  0.37770748  0.36285523  0.37024346  0.28618158  0.27306918  0.27959584  0.27306918  0.29282747  0.29282747  0.27959584  0.27306918  0.06534872  0.08014966  0.00000000  0.13178067  0.27959584  0.29282747  0.34830009  0.34830009  0.34113028  0.36285523  0.40057027  0.41622125  0.41622125  0.42417483  0.40835368  0.39286924  0.40835368  0.38524887  0.37770748  0.39286924  0.44857092  0.41622125  0.39286924  0.43221631  0.37024346  0.37770748  0.37770748  0.37770748  0.37024346  0.37770748  0.39286924  0.30630419  0.33403043  0.35554127  0.34113028  0.34113028  0.29282747  0.35554127  0.34113028  0.34830009  0.45688818  0.40057027  0.41622125  0.42417483  0.41622125  0.37770748  0.39286924  0.40057027  0.40835368  0.38524887  0.46530162  0.46530162  0.48242610  0.44857092  0.49996335  0.38524887  0.40835368  0.37770748  0.37024346  0.37024346  0.40835368  0.40057027  0.37770748  0.37024346  0.36285523  0.52708820  0.54575003  0.37770748  0.37770748  0.48242610  0.49114189  0.50889308  0.50889308  0.45688818  0.44034767  0.44034767  0.44034767  0.38524887  0.39286924  0.37024346  0.36285523  0.36285523  0.36285523  0.32003525  0.33403043  0.34113028  0.34830009  0.44034767  0.42417483  0.46530162  0.40057027  0.37770748  0.37770748  0.37770748  0.37024346  0.37770748  0.36285523  0.41622125  0.40057027  0.40057027  0.34113028  0.44034767  0.43221631  0.37024346  0.35554127  0.37024346  0.36285523  0.37024346  0.34830009  0.35554127  0.44857092  0.42417483  0.42417483  0.45688818  0.40835368  0.40057027  
80_6_0     0.36285523  0.36285523  0.37770748  0.37024346  0.27306918  0.26018891  0.26660054  0.27306918  0.29953463  0.25383328  0.26660054  0.27306918  0.12644954  0.12644954  0.13178067  0.00000000  0.32003525  0.33403043  0.37024346  0.31313733  0.32003525  0.42417483  0.43221631  0.43221631  0.45688818  0.45688818  0.37024346  0.38524887  0.41622125  0.36285523  0.36285523  0.37024346  0.40057027  0.40835368  0.37770748  0.41622125  0.32003525  0.37024346  0.37024346  0.37024346  0.36285523  0.37024346  0.34830009  0.27306918  0.32699919  0.34830009  0.30630419  0.30630419  0.32699919  0.35554127  0.33403043  0.35554127  0.44857092  0.44034767  0.39286924  0.44034767  0.38524887  0.36285523  0.39286924  0.38524887  0.39286924  0.37024346  0.44857092  0.46530162  0.48242610  0.44034767  0.44034767  0.37770748  0.40835368  0.35554127  0.34830009  0.36285523  0.40835368  0.40057027  0.37770748  0.38524887  0.33403043  0.53635929  0.53635929  0.36285523  0.40835368  0.44857092  0.50889308  0.49114189  0.49114189  0.44034767  0.40835368  0.40835368  0.40835368  0.35554127  0.39286924  0.38524887  0.39286924  0.37770748  0.37770748  0.34830009  0.33403043  0.34113028  0.34113028  0.40835368  0.39286924  0.43221631  0.35554127  0.36285523  0.34830009  0.33403043  0.32003525  0.34113028  0.32699919  0.40835368  0.38524887  0.35554127  0.40057027  0.43221631  0.41622125  0.34113028  0.33403043  0.34830009  0.34113028  0.33403043  0.34113028  0.36285523  0.42417483  0.46530162  0.43221631  0.44857092  0.41622125  0.38524887  
6_0_0      0.33403043  0.32003525  0.30630419  0.29953463  0.21682305  0.20489315  0.21083365  0.20489315  0.22286216  0.22286216  0.18735725  0.20489315  0.24128619  0.26660054  0.27959584  0.32003525  0.00000000  0.00898381  0.17589712  0.23509287  0.22895181  0.26660054  0.37024346  0.35554127  0.40057027  0.39286924  0.36285523  0.34830009  0.40835368  0.24753269  0.24128619  0.24128619  0.32003525  0.23509287  0.22286216  0.22895181  0.29953463  0.29953463  0.29953463  0.29953463  0.29282747  0.29953463  0.29953463  0.22895181  0.27959584  0.27959584  0.27959584  0.25383328  0.27959584  0.32699919  0.32699919  0.28618158  0.36285523  0.35554127  0.36285523  0.32699919  0.37024346  0.32003525  0.31313733  0.32003525  0.32699919  0.34113028  0.35554127  0.36285523  0.37024346  0.39286924  0.35554127  0.34830009  0.34113028  0.29953463  0.29282747  0.32003525  0.32003525  0.31313733  0.31313733  0.30630419  0.30630419  0.42417483  0.44034767  0.34113028  0.34830009  0.43221631  0.41622125  0.43221631  0.43221631  0.40835368  0.43221631  0.43221631  0.46530162  0.37770748  0.33403043  0.34830009  0.34113028  0.34113028  0.34113028  0.33403043  0.37770748  0.37024346  0.37770748  0.34830009  0.35554127  0.37770748  0.34830009  0.32699919  0.32699919  0.34113028  0.38524887  0.37770748  0.39286924  0.40057027  0.33403043  0.37770748  0.38524887  0.34113028  0.35554127  0.36285523  0.37770748  0.37770748  0.38524887  0.36285523  0.34113028  0.34830009  0.37770748  0.35554127  0.36285523  0.29282747  0.31313733  0.33403043  
66_0_0     0.33403043  0.33403043  0.30630419  0.31313733  0.22286216  0.21083365  0.21682305  0.21682305  0.23509287  0.22286216  0.19900077  0.21682305  0.25383328  0.27959584  0.29282747  0.33403043  0.00898381  0.00000000  0.17589712  0.23509287  0.22895181  0.27959584  0.37024346  0.35554127  0.40057027  0.39286924  0.36285523  0.34830009  0.39286924  0.24753269  0.24128619  0.24128619  0.33403043  0.23509287  0.23509287  0.24128619  0.29953463  0.28618158  0.28618158  0.28618158  0.27959584  0.28618158  0.28618158  0.22895181  0.29282747  0.27959584  0.27959584  0.25383328  0.27959584  0.32699919  0.32699919  0.29953463  0.34830009  0.35554127  0.34830009  0.31313733  0.37024346  0.32003525  0.31313733  0.32003525  0.32699919  0.34113028  0.35554127  0.36285523  0.37024346  0.39286924  0.35554127  0.36285523  0.32699919  0.29953463  0.29282747  0.32003525  0.32003525  0.31313733  0.31313733  0.30630419  0.30630419  0.42417483  0.44034767  0.34113028  0.34830009  0.44034767  0.43221631  0.44034767  0.44034767  0.41622125  0.44034767  0.44034767  0.47381348  0.38524887  0.34830009  0.34830009  0.34113028  0.34113028  0.34113028  0.34830009  0.39286924  0.38524887  0.39286924  0.34830009  0.35554127  0.37770748  0.34830009  0.32699919  0.32699919  0.34113028  0.38524887  0.37770748  0.39286924  0.40057027  0.33403043  0.37770748  0.38524887  0.32699919  0.34113028  0.34830009  0.36285523  0.36285523  0.37024346  0.34830009  0.32699919  0.33403043  0.39286924  0.37024346  0.37770748  0.30630419  0.32699919  0.34830009  
64_0_0     0.32699919  0.31313733  0.31313733  0.32003525  0.24128619  0.25383328  0.24753269  0.22286216  0.20489315  0.21682305  0.20489315  0.22286216  0.34113028  0.32699919  0.34830009  0.37024346  0.17589712  0.17589712  0.00000000  0.22286216  0.21682305  0.30630419  0.31313733  0.29953463  0.31313733  0.30630419  0.39286924  0.36285523  0.37770748  0.29953463  0.30630419  0.29282747  0.34830009  0.33403043  0.26660054  0.31313733  0.34113028  0.34113028  0.34113028  0.34113028  0.33403043  0.34113028  0.34113028  0.24128619  0.25383328  0.26660054  0.27959584  0.25383328  0.27959584  0.34113028  0.37024346  0.34113028  0.42417483  0.41622125  0.40835368  0.40057027  0.44857092  0.44034767  0.44857092  0.44034767  0.44857092  0.43221631  0.46530162  0.44857092  0.46530162  0.49114189  0.44857092  0.44034767  0.41622125  0.28618158  0.29282747  0.30630419  0.32699919  0.33403043  0.39286924  0.35554127  0.35554127  0.35554127  0.37024346  0.33403043  0.31313733  0.44857092  0.42417483  0.43221631  0.43221631  0.44857092  0.45688818  0.45688818  0.47381348  0.43221631  0.40057027  0.37770748  0.37024346  0.37024346  0.37024346  0.37770748  0.40835368  0.43221631  0.43221631  0.37770748  0.35554127  0.34830009  0.33403043  0.37024346  0.34113028  0.34113028  0.35554127  0.34830009  0.37770748  0.44857092  0.29282747  0.32003525  0.35554127  0.35554127  0.38524887  0.37770748  0.34830009  0.36285523  0.35554127  0.36285523  0.38524887  0.39286924  0.42417483  0.31313733  0.33403043  0.29282747  0.32699919  0.34830009  
90_0_0     0.41622125  0.41622125  0.43221631  0.44034767  0.30630419  0.32003525  0.31313733  0.28618158  0.30630419  0.29282747  0.27959584  0.28618158  0.31313733  0.31313733  0.34830009  0.31313733  0.23509287  0.23509287  0.22286216  0.00000000  0.00447804  0.42417483  0.40835368  0.39286924  0.43221631  0.43221631  0.37770748  0.38524887  0.40057027  0.36285523  0.37024346  0.38524887  0.37024346  0.36285523  0.33403043  0.34113028  0.36285523  0.37770748  0.37770748  0.37770748  0.37024346  0.37770748  0.34830009  0.32003525  0.34830009  0.32699919  0.31313733  0.34113028  0.37770748  0.44034767  0.40835368  0.40835368  0.45688818  0.43221631  0.42417483  0.52708820  0.42417483  0.43221631  0.44034767  0.43221631  0.44034767  0.44034767  0.44034767  0.44034767  0.44034767  0.47381348  0.44034767  0.44857092  0.42417483  0.37770748  0.37024346  0.40057027  0.38524887  0.36285523  0.35554127  0.34113028  0.38524887  0.47381348  0.50889308  0.42417483  0.41622125  0.52708820  0.44034767  0.46530162  0.46530162  0.45688818  0.44857092  0.44857092  0.48242610  0.40835368  0.45688818  0.40835368  0.43221631  0.41622125  0.41622125  0.42417483  0.44034767  0.45688818  0.46530162  0.44857092  0.45688818  0.44857092  0.43221631  0.42417483  0.40057027  0.40057027  0.38524887  0.40835368  0.42417483  0.48242610  0.40057027  0.41622125  0.42417483  0.46530162  0.40057027  0.43221631  0.41622125  0.43221631  0.42417483  0.41622125  0.40835368  0.41622125  0.45688818  0.37024346  0.37024346  0.35554127  0.36285523  0.38524887  
20_0_0     0.42417483  0.42417483  0.44034767  0.44857092  0.31313733  0.32699919  0.32003525  0.29282747  0.31313733  0.29953463  0.28618158  0.29282747  0.30630419  0.32003525  0.34113028  0.32003525  0.22895181  0.22895181  0.21682305  0.00447804  0.00000000  0.42417483  0.40835368  0.39286924  0.43221631  0.43221631  0.37770748  0.38524887  0.40057027  0.36285523  0.37024346  0.38524887  0.37024346  0.36285523  0.33403043  0.34113028  0.35554127  0.37024346  0.37024346  0.37024346  0.36285523  0.37024346  0.34113028  0.32699919  0.34113028  0.32003525  0.30630419  0.33403043  0.37024346  0.43221631  0.41622125  0.40057027  0.44857092  0.44034767  0.43221631  0.51793377  0.41622125  0.44034767  0.44857092  0.44034767  0.44857092  0.43221631  0.43221631  0.43221631  0.43221631  0.46530162  0.43221631  0.44034767  0.41622125  0.37024346  0.36285523  0.39286924  0.39286924  0.37024346  0.36285523  0.34830009  0.39286924  0.46530162  0.49996335  0.41622125  0.40835368  0.51793377  0.44857092  0.47381348  0.47381348  0.44857092  0.45688818  0.45688818  0.49114189  0.41622125  0.46530162  0.41622125  0.44034767  0.42417483  0.42417483  0.41622125  0.43221631  0.46530162  0.47381348  0.44034767  0.44857092  0.44034767  0.42417483  0.43221631  0.40835368  0.40835368  0.39286924  0.40057027  0.41622125  0.47381348  0.39286924  0.40835368  0.41622125  0.45688818  0.39286924  0.42417483  0.40835368  0.42417483  0.41622125  0.40835368  0.40057027  0.40835368  0.44857092  0.36285523  0.36285523  0.34830009  0.35554127  0.37770748  
62_0_0     0.37024346  0.38524887  0.37024346  0.34830009  0.32699919  0.31313733  0.32003525  0.29953463  0.32003525  0.33403043  0.32003525  0.32699919  0.38524887  0.34830009  0.36285523  0.42417483  0.26660054  0.27959584  0.30630419  0.42417483  0.42417483  0.00000000  0.30630419  0.30630419  0.32699919  0.30630419  0.26660054  0.26660054  0.29282747  0.18160462  0.18735725  0.17589712  0.32699919  0.25383328  0.22895181  0.21682305  0.31313733  0.35554127  0.35554127  0.35554127  0.36285523  0.35554127  0.29953463  0.31313733  0.29282747  0.32003525  0.34830009  0.32003525  0.29282747  0.32699919  0.31313733  0.29953463  0.36285523  0.29953463  0.29953463  0.29282747  0.37770748  0.32003525  0.31313733  0.33403043  0.34113028  0.34830009  0.33403043  0.34113028  0.33403043  0.29953463  0.32003525  0.29953463  0.29282747  0.28618158  0.27959584  0.27959584  0.30630419  0.32699919  0.33403043  0.34113028  0.39286924  0.41622125  0.38524887  0.38524887  0.34830009  0.47381348  0.41622125  0.44857092  0.44857092  0.45688818  0.38524887  0.38524887  0.39286924  0.39286924  0.27959584  0.28618158  0.27959584  0.27959584  0.27959584  0.30630419  0.29282747  0.30630419  0.31313733  0.28618158  0.32003525  0.31313733  0.31313733  0.32699919  0.34113028  0.35554127  0.32699919  0.32699919  0.34113028  0.34113028  0.29282747  0.30630419  0.31313733  0.34113028  0.37770748  0.34113028  0.34113028  0.34113028  0.34830009  0.32699919  0.33403043  0.34113028  0.37024346  0.38524887  0.40057027  0.29282747  0.29953463  0.26660054  
34_5_0     0.37024346  0.36285523  0.34830009  0.42417483  0.39286924  0.39286924  0.40057027  0.39286924  0.40835368  0.41622125  0.41622125  0.40835368  0.41622125  0.40057027  0.40057027  0.43221631  0.37024346  0.37024346  0.31313733  0.40835368  0.40835368  0.30630419  0.00000000  0.00898381  0.03194095  0.02267099  0.12644954  0.11590307  0.13178067  0.28618158  0.28618158  0.26660054  0.42417483  0.35554127  0.31313733  0.36285523  0.41622125  0.38524887  0.38524887  0.38524887  0.39286924  0.38524887  0.40835368  0.31313733  0.34113028  0.34113028  0.37024346  0.34113028  0.36285523  0.37024346  0.32699919  0.32699919  0.46530162  0.39286924  0.34113028  0.34830009  0.40835368  0.37770748  0.34830009  0.34830009  0.35554127  0.39286924  0.36285523  0.36285523  0.34830009  0.37770748  0.37024346  0.42417483  0.40057027  0.34113028  0.34830009  0.33403043  0.40057027  0.39286924  0.39286924  0.38524887  0.37770748  0.43221631  0.45688818  0.34830009  0.34113028  0.50889308  0.42417483  0.44857092  0.44857092  0.43221631  0.44034767  0.44034767  0.46530162  0.45688818  0.38524887  0.37024346  0.36285523  0.36285523  0.36285523  0.42417483  0.40835368  0.40057027  0.40057027  0.45688818  0.44034767  0.41622125  0.41622125  0.44034767  0.44857092  0.43221631  0.42417483  0.40835368  0.39286924  0.42417483  0.35554127  0.38524887  0.37024346  0.38524887  0.42417483  0.43221631  0.40835368  0.40835368  0.40057027  0.42417483  0.37770748  0.38524887  0.42417483  0.44034767  0.44034767  0.45688818  0.45688818  0.38524887  
44_5_0     0.35554127  0.34830009  0.34830009  0.42417483  0.37770748  0.37770748  0.38524887  0.37770748  0.39286924  0.40057027  0.40057027  0.40835368  0.43221631  0.40057027  0.41622125  0.43221631  0.35554127  0.35554127  0.29953463  0.39286924  0.39286924  0.30630419  0.00898381  0.00000000  0.04133054  0.03194095  0.12644954  0.11590307  0.13178067  0.27306918  0.27306918  0.25383328  0.40835368  0.35554127  0.31313733  0.36285523  0.40057027  0.37024346  0.37024346  0.37024346  0.37770748  0.37024346  0.39286924  0.31313733  0.34113028  0.34113028  0.35554127  0.32699919  0.36285523  0.38524887  0.34113028  0.34113028  0.44857092  0.37770748  0.35554127  0.36285523  0.40835368  0.37770748  0.34830009  0.34830009  0.35554127  0.39286924  0.36285523  0.36285523  0.34830009  0.37770748  0.35554127  0.40835368  0.38524887  0.32699919  0.33403043  0.32003525  0.40057027  0.37770748  0.37770748  0.37024346  0.37770748  0.43221631  0.45688818  0.36285523  0.34113028  0.50889308  0.42417483  0.44857092  0.44857092  0.41622125  0.44034767  0.44034767  0.46530162  0.45688818  0.40057027  0.38524887  0.37770748  0.37770748  0.37770748  0.44034767  0.42417483  0.41622125  0.41622125  0.47381348  0.44034767  0.43221631  0.43221631  0.45688818  0.44857092  0.43221631  0.44034767  0.42417483  0.40835368  0.44034767  0.35554127  0.38524887  0.38524887  0.38524887  0.40835368  0.43221631  0.40835368  0.40835368  0.40057027  0.42417483  0.37770748  0.38524887  0.42417483  0.45688818  0.45688818  0.44034767  0.45688818  0.38524887  
44_0_0     0.40835368  0.37024346  0.37024346  0.41622125  0.38524887  0.38524887  0.39286924  0.38524887  0.39286924  0.40835368  0.40057027  0.39286924  0.43221631  0.41622125  0.41622125  0.45688818  0.40057027  0.40057027  0.31313733  0.43221631  0.43221631  0.32699919  0.03194095  0.04133054  0.00000000  0.01807993  0.16461471  0.14801249  0.15350458  0.30630419  0.30630419  0.28618158  0.43221631  0.37770748  0.33403043  0.38524887  0.38524887  0.39286924  0.39286924  0.39286924  0.40057027  0.39286924  0.37770748  0.33403043  0.37024346  0.36285523  0.39286924  0.37770748  0.40057027  0.37770748  0.35554127  0.34830009  0.49114189  0.39286924  0.34830009  0.36285523  0.43221631  0.40057027  0.37024346  0.37024346  0.37770748  0.43221631  0.40057027  0.40057027  0.38524887  0.41622125  0.40835368  0.46530162  0.42417483  0.36285523  0.37024346  0.35554127  0.43221631  0.42417483  0.43221631  0.42417483  0.38524887  0.43221631  0.45688818  0.36285523  0.35554127  0.52708820  0.45688818  0.46530162  0.46530162  0.47381348  0.48242610  0.48242610  0.50889308  0.46530162  0.40835368  0.37770748  0.37024346  0.37024346  0.37024346  0.42417483  0.41622125  0.40835368  0.40835368  0.46530162  0.41622125  0.40835368  0.40835368  0.44034767  0.44857092  0.43221631  0.43221631  0.41622125  0.40057027  0.43221631  0.35554127  0.38524887  0.35554127  0.41622125  0.43221631  0.44857092  0.42417483  0.42417483  0.41622125  0.44034767  0.40057027  0.40835368  0.41622125  0.44034767  0.44034767  0.46530162  0.46530162  0.40835368  
