20
12_0_0     0.00000000  0.00437959  0.00878493  0.04499260  0.11289911  0.11799349  0.37817400  0.40768547  0.40768547  0.40768547  0.43060797  0.42288894  0.37817400  0.40019789  0.39278442  0.39278442  0.40768547  0.42288894  0.37097427  0.40019789  
4_0_0      0.00437959  0.00000000  0.00437959  0.04036977  0.11799349  0.12312276  0.38544359  0.41524864  0.41524864  0.41524864  0.43840737  0.43060797  0.38544359  0.40768547  0.40019789  0.40019789  0.41524864  0.41524864  0.36384309  0.40768547  
10_0_0     0.00878493  0.00437959  0.00000000  0.03577530  0.11799349  0.12312276  0.37817400  0.40768547  0.40768547  0.40768547  0.43060797  0.42288894  0.38544359  0.40019789  0.39278442  0.39278442  0.40768547  0.40768547  0.35677914  0.40019789  
5_0_0      0.04499260  0.04036977  0.03577530  0.00000000  0.14399841  0.16004600  0.37817400  0.40019789  0.40019789  0.40019789  0.43060797  0.42288894  0.39278442  0.40768547  0.40768547  0.40768547  0.43060797  0.41524864  0.34978119  0.39278442  
17_0_0     0.11289911  0.11799349  0.11799349  0.14399841  0.00000000  0.01321634  0.30911309  0.41524864  0.41524864  0.41524864  0.43840737  0.43060797  0.33597839  0.40768547  0.41524864  0.41524864  0.38544359  0.40019789  0.34978119  0.35677914  
11_0_0     0.11799349  0.12312276  0.12312276  0.16004600  0.01321634  0.00000000  0.32917120  0.43840737  0.43840737  0.43840737  0.44628882  0.43840737  0.35677914  0.42288894  0.43060797  0.43060797  0.37817400  0.39278442  0.35677914  0.37817400  
20_0_0     0.37817400  0.38544359  0.37817400  0.37817400  0.30911309  0.32917120  0.00000000  0.34284800  0.34284800  0.34284800  0.40768547  0.40019789  0.37097427  0.35677914  0.36384309  0.36384309  0.38544359  0.39278442  0.34284800  0.28317797  
2_0_0      0.40768547  0.41524864  0.40768547  0.40019789  0.41524864  0.43840737  0.34284800  0.00000000  0.00878493  0.00878493  0.28957806  0.27053953  0.25811078  0.28317797  0.27683210  0.27683210  0.27053953  0.27053953  0.17093861  0.17644489  
3_0_0      0.40768547  0.41524864  0.40768547  0.40019789  0.41524864  0.43840737  0.34284800  0.00878493  0.00000000  0.00000000  0.28957806  0.27053953  0.24588487  0.27053953  0.26429938  0.26429938  0.25811078  0.25811078  0.16004600  0.16547250  
1_0_0      0.40768547  0.41524864  0.40768547  0.40019789  0.41524864  0.43840737  0.34284800  0.00878493  0.00000000  0.00000000  0.28957806  0.27053953  0.24588487  0.27053953  0.26429938  0.26429938  0.25811078  0.25811078  0.16004600  0.16547250  
18_0_0     0.43060797  0.43840737  0.43060797  0.43060797  0.43840737  0.44628882  0.40768547  0.28957806  0.28957806  0.28957806  0.00000000  0.01321634  0.14930950  0.24588487  0.24588487  0.24588487  0.30254465  0.30254465  0.25197288  0.22791217  
8_0_0      0.42288894  0.43060797  0.42288894  0.42288894  0.43060797  0.43840737  0.40019789  0.27053953  0.27053953  0.27053953  0.01321634  0.00000000  0.13348787  0.25197288  0.25197288  0.25197288  0.28317797  0.28317797  0.23385529  0.21036058  
19_0_0     0.37817400  0.38544359  0.38544359  0.39278442  0.33597839  0.35677914  0.37097427  0.25811078  0.24588487  0.24588487  0.14930950  0.13348787  0.00000000  0.23385529  0.23385529  0.23385529  0.25811078  0.27053953  0.22201583  0.17644489  
7_0_0      0.40019789  0.40768547  0.40019789  0.40768547  0.40768547  0.42288894  0.35677914  0.28317797  0.27053953  0.27053953  0.24588487  0.25197288  0.23385529  0.00000000  0.00437959  0.00437959  0.28957806  0.28957806  0.26429938  0.25197288  
13_0_0     0.39278442  0.40019789  0.39278442  0.40768547  0.41524864  0.43060797  0.36384309  0.27683210  0.26429938  0.26429938  0.24588487  0.25197288  0.23385529  0.00437959  0.00000000  0.00000000  0.29603330  0.29603330  0.27053953  0.25197288  
9_0_0      0.39278442  0.40019789  0.39278442  0.40768547  0.41524864  0.43060797  0.36384309  0.27683210  0.26429938  0.26429938  0.24588487  0.25197288  0.23385529  0.00437959  0.00000000  0.00000000  0.29603330  0.29603330  0.27053953  0.25197288  
16_0_0     0.40768547  0.41524864  0.40768547  0.43060797  0.38544359  0.37817400  0.38544359  0.27053953  0.25811078  0.25811078  0.30254465  0.28317797  0.25811078  0.28957806  0.29603330  0.29603330  0.00000000  0.06854457  0.22201583  0.17093861  
14_0_0     0.42288894  0.41524864  0.40768547  0.41524864  0.40019789  0.39278442  0.39278442  0.27053953  0.25811078  0.25811078  0.30254465  0.28317797  0.27053953  0.28957806  0.29603330  0.29603330  0.06854457  0.00000000  0.19888389  0.14930950  
15_0_0     0.37097427  0.36384309  0.35677914  0.34978119  0.34978119  0.35677914  0.34284800  0.17093861  0.16004600  0.16004600  0.25197288  0.23385529  0.22201583  0.26429938  0.27053953  0.27053953  0.22201583  0.19888389  0.00000000  0.13348787  
6_0_0      0.40019789  0.40768547  0.40019789  0.39278442  0.35677914  0.37817400  0.28317797  0.17644489  0.16547250  0.16547250  0.22791217  0.21036058  0.17644489  0.25197288  0.25197288  0.25197288  0.17093861  0.14930950  0.13348787  0.00000000  

