20
15_0_0     0.00000000  0.05670145  0.07662980  0.27698245  0.26816312  0.26816312  0.30410155  0.29494892  0.29494892  0.30410155  0.37161705  0.37161705  0.36157930  0.32276012  0.36157930  0.36157930  0.36157930  0.25083924  0.26816312  0.26816312  
14_0_0     0.05670145  0.00000000  0.04371322  0.24232977  0.24232977  0.24232977  0.27698245  0.26816312  0.26816312  0.27698245  0.38179541  0.38179541  0.37161705  0.28591016  0.32276012  0.32276012  0.32276012  0.23391881  0.25083924  0.25083924  
6_0_0      0.07662980  0.04371322  0.00000000  0.24232977  0.21738347  0.23391881  0.26816312  0.25944955  0.25944955  0.26816312  0.36157930  0.36157930  0.35167835  0.32276012  0.36157930  0.36157930  0.33227221  0.24232977  0.25944955  0.25944955  
16_0_0     0.27698245  0.24232977  0.24232977  0.00000000  0.32276012  0.34191049  0.34191049  0.33227221  0.33227221  0.34191049  0.40259013  0.40259013  0.41321501  0.30410155  0.34191049  0.34191049  0.50431875  0.35167835  0.37161705  0.37161705  
17_0_0     0.26816312  0.24232977  0.21738347  0.32276012  0.00000000  0.01222346  0.09022564  0.08339592  0.08339592  0.09022564  0.37161705  0.37161705  0.36157930  0.36157930  0.36157930  0.36157930  0.33227221  0.24232977  0.24232977  0.24232977  
11_0_0     0.26816312  0.24232977  0.23391881  0.34191049  0.01222346  0.00000000  0.10408075  0.09712017  0.09712017  0.10408075  0.39211838  0.39211838  0.38179541  0.38179541  0.38179541  0.38179541  0.34191049  0.25944955  0.25944955  0.25944955  
10_0_0     0.30410155  0.27698245  0.26816312  0.34191049  0.09022564  0.10408075  0.00000000  0.00608602  0.00608602  0.01222346  0.43494256  0.43494256  0.42399757  0.38179541  0.40259013  0.40259013  0.32276012  0.25944955  0.25944955  0.25944955  
4_0_0      0.29494892  0.26816312  0.25944955  0.33227221  0.08339592  0.09712017  0.00608602  0.00000000  0.00000000  0.00608602  0.42399757  0.42399757  0.41321501  0.37161705  0.39211838  0.39211838  0.33227221  0.25083924  0.25083924  0.25083924  
12_0_0     0.29494892  0.26816312  0.25944955  0.33227221  0.08339592  0.09712017  0.00608602  0.00000000  0.00000000  0.00608602  0.42399757  0.42399757  0.41321501  0.37161705  0.39211838  0.39211838  0.33227221  0.25083924  0.25083924  0.25083924  
5_0_0      0.30410155  0.27698245  0.26816312  0.34191049  0.09022564  0.10408075  0.01222346  0.00608602  0.00608602  0.00000000  0.43494256  0.43494256  0.42399757  0.38179541  0.40259013  0.40259013  0.32276012  0.25944955  0.25944955  0.25944955  
13_0_0     0.37161705  0.38179541  0.36157930  0.40259013  0.37161705  0.39211838  0.43494256  0.42399757  0.42399757  0.43494256  0.00000000  0.00000000  0.00608602  0.19326532  0.17762013  0.17762013  0.45733992  0.39211838  0.37161705  0.37161705  
9_0_0      0.37161705  0.38179541  0.36157930  0.40259013  0.37161705  0.39211838  0.43494256  0.42399757  0.42399757  0.43494256  0.00000000  0.00000000  0.00608602  0.19326532  0.17762013  0.17762013  0.45733992  0.39211838  0.37161705  0.37161705  
7_0_0      0.36157930  0.37161705  0.35167835  0.41321501  0.36157930  0.38179541  0.42399757  0.41321501  0.41321501  0.42399757  0.00608602  0.00608602  0.00000000  0.18540062  0.16992208  0.16992208  0.44605494  0.38179541  0.36157930  0.36157930  
19_0_0     0.32276012  0.28591016  0.32276012  0.30410155  0.36157930  0.38179541  0.38179541  0.37161705  0.37161705  0.38179541  0.19326532  0.19326532  0.18540062  0.00000000  0.03095308  0.03095308  0.41321501  0.29494892  0.31337094  0.31337094  
8_0_0      0.36157930  0.32276012  0.36157930  0.34191049  0.36157930  0.38179541  0.40259013  0.39211838  0.39211838  0.40259013  0.17762013  0.17762013  0.16992208  0.03095308  0.00000000  0.00000000  0.40259013  0.29494892  0.29494892  0.29494892  
18_0_0     0.36157930  0.32276012  0.36157930  0.34191049  0.36157930  0.38179541  0.40259013  0.39211838  0.39211838  0.40259013  0.17762013  0.17762013  0.16992208  0.03095308  0.00000000  0.00000000  0.40259013  0.29494892  0.29494892  0.29494892  
20_0_0     0.36157930  0.32276012  0.33227221  0.50431875  0.33227221  0.34191049  0.32276012  0.33227221  0.33227221  0.32276012  0.45733992  0.45733992  0.44605494  0.41321501  0.40259013  0.40259013  0.00000000  0.25083924  0.23391881  0.23391881  
1_0_0      0.25083924  0.23391881  0.24232977  0.35167835  0.24232977  0.25944955  0.25944955  0.25083924  0.25083924  0.25944955  0.39211838  0.39211838  0.38179541  0.29494892  0.29494892  0.29494892  0.25083924  0.00000000  0.01222346  0.01222346  
3_0_0      0.26816312  0.25083924  0.25944955  0.37161705  0.24232977  0.25944955  0.25944955  0.25083924  0.25083924  0.25944955  0.37161705  0.37161705  0.36157930  0.31337094  0.29494892  0.29494892  0.23391881  0.01222346  0.00000000  0.00000000  
2_0_0      0.26816312  0.25083924  0.25944955  0.37161705  0.24232977  0.25944955  0.25944955  0.25083924  0.25083924  0.25944955  0.37161705  0.37161705  0.36157930  0.31337094  0.29494892  0.29494892  0.23391881  0.01222346  0.00000000  0.00000000  

