18
17_0_0     0.00000000  0.00000000  0.03107293  0.04019389  0.09245540  0.08755016  0.09739309  0.10736761  0.20370068  0.20943535  0.26313307  0.20943535  0.23878913  0.22103866  0.21521445  0.21521445  0.20370068  0.20370068  
15_0_0     0.00000000  0.00000000  0.03107293  0.04019389  0.09245540  0.08755016  0.09739309  0.10736761  0.20370068  0.20943535  0.26313307  0.20943535  0.23878913  0.22103866  0.21521445  0.21521445  0.20370068  0.20370068  
14_0_0     0.03107293  0.03107293  0.00000000  0.00874672  0.08755016  0.08267697  0.09245540  0.11240532  0.20370068  0.20943535  0.26313307  0.22103866  0.21521445  0.19800974  0.21521445  0.20370068  0.18119283  0.18119283  
18_0_0     0.04019389  0.04019389  0.00874672  0.00000000  0.09739309  0.09245540  0.10236368  0.12258395  0.21521445  0.22103866  0.26313307  0.23282526  0.22690868  0.20943535  0.22690868  0.21521445  0.19236189  0.19236189  
20_0_0     0.09245540  0.09245540  0.08755016  0.09739309  0.00000000  0.02655392  0.02655392  0.08267697  0.20943535  0.21521445  0.22103866  0.22103866  0.21521445  0.18119283  0.21521445  0.20943535  0.18675646  0.18675646  
19_0_0     0.08755016  0.08755016  0.08267697  0.09245540  0.02655392  0.00000000  0.00874672  0.07302504  0.19800974  0.20370068  0.20370068  0.22103866  0.20370068  0.18675646  0.20370068  0.19800974  0.18675646  0.18675646  
13_0_0     0.09739309  0.09739309  0.09245540  0.10236368  0.02655392  0.00874672  0.00000000  0.07302504  0.19800974  0.20370068  0.19236189  0.22103866  0.20370068  0.18675646  0.20370068  0.19800974  0.17567039  0.17567039  
16_0_0     0.10736761  0.10736761  0.11240532  0.12258395  0.08267697  0.07302504  0.07302504  0.00000000  0.20943535  0.22103866  0.22103866  0.22103866  0.21521445  0.19800974  0.20370068  0.19800974  0.19236189  0.19236189  
6_0_0      0.20370068  0.20370068  0.20370068  0.21521445  0.20943535  0.19800974  0.19800974  0.20943535  0.00000000  0.03561947  0.12258395  0.07783540  0.07783540  0.08755016  0.09245540  0.08267697  0.07783540  0.07302504  
3_0_0      0.20943535  0.20943535  0.20943535  0.22103866  0.21521445  0.20370068  0.20370068  0.22103866  0.03561947  0.00000000  0.14865513  0.07302504  0.07302504  0.07783540  0.08755016  0.07783540  0.08755016  0.09245540  
10_0_0     0.26313307  0.26313307  0.26313307  0.26313307  0.22103866  0.20370068  0.19236189  0.22103866  0.12258395  0.14865513  0.00000000  0.14865513  0.13811709  0.15934414  0.19236189  0.18119283  0.17567039  0.17018852  
1_0_0      0.20943535  0.20943535  0.22103866  0.23282526  0.22103866  0.22103866  0.22103866  0.22103866  0.07783540  0.07302504  0.14865513  0.00000000  0.03107293  0.06824550  0.08267697  0.07302504  0.07302504  0.07783540  
8_0_0      0.23878913  0.23878913  0.21521445  0.22690868  0.21521445  0.20370068  0.20370068  0.21521445  0.07783540  0.07302504  0.13811709  0.03107293  0.00000000  0.05408787  0.08755016  0.07783540  0.08755016  0.08267697  
5_0_0      0.22103866  0.22103866  0.19800974  0.20943535  0.18119283  0.18675646  0.18675646  0.19800974  0.08755016  0.07783540  0.15934414  0.06824550  0.05408787  0.00000000  0.06824550  0.05877729  0.07783540  0.08267697  
11_0_0     0.21521445  0.21521445  0.21521445  0.22690868  0.21521445  0.20370068  0.20370068  0.20370068  0.09245540  0.08755016  0.19236189  0.08267697  0.08755016  0.06824550  0.00000000  0.01759720  0.05408787  0.05877729  
4_0_0      0.21521445  0.21521445  0.20370068  0.21521445  0.20943535  0.19800974  0.19800974  0.19800974  0.08267697  0.07783540  0.18119283  0.07302504  0.07783540  0.05877729  0.01759720  0.00000000  0.05408787  0.05877729  
2_0_0      0.20370068  0.20370068  0.18119283  0.19236189  0.18675646  0.18675646  0.17567039  0.19236189  0.07783540  0.08755016  0.17567039  0.07302504  0.08755016  0.07783540  0.05408787  0.05408787  0.00000000  0.00436054  
12_0_0     0.20370068  0.20370068  0.18119283  0.19236189  0.18675646  0.18675646  0.17567039  0.19236189  0.07302504  0.09245540  0.17018852  0.07783540  0.08267697  0.08267697  0.05877729  0.05877729  0.00436054  0.00000000  

