fastme_mat.p : 0.6985001564025879
fastme.f81 : 8.131225347518921
fastme.f84 : 8.554741382598877
ba.exp : 100.21862292289734
pipeline_dl2289044 : 102.60656356811523
