fastme_mat.p : 0.7021801471710205
fastme.f81 : 8.697658777236938
ba.exp : 57.9776508808136
pipeline_dl2289044 : 68.57035160064697
