fastme_mat.p : 0.45060129161834717
fastme.f81 : 1.6193031854162216
fastme.f84 : 1.8573919461407662
ba.exp : 23.581992772432564
