fastme_mat.p : 0.42504132633209224
fastme.f81 : 1.7625766323518752
ba.exp : 14.44459601495266
