23
17_0_0     0.00000000  0.06527948  0.18675617  0.18675617  0.15861083  0.15861083  0.16415544  0.16974164  0.16415544  0.20416857  0.24026457  0.33899220  0.35320311  0.36041158  0.35320311  0.33198716  0.35320311  0.36769052  0.34606376  0.35320311  0.33899220  0.33899220  0.33899220  
16_0_0     0.06527948  0.00000000  0.19251518  0.19251518  0.14764395  0.16974164  0.18675617  0.19251518  0.18675617  0.23412575  0.25269614  0.34606376  0.34606376  0.35320311  0.38246537  0.34606376  0.36769052  0.36041158  0.33899220  0.38246537  0.35320311  0.33198716  0.33198716  
14_3_0     0.18675617  0.19251518  0.00000000  0.01807474  0.09005357  0.08503238  0.12091321  0.12618315  0.12091321  0.10019868  0.21600722  0.33198716  0.31817172  0.31135895  0.33899220  0.33899220  0.34606376  0.38246537  0.33899220  0.34606376  0.34606376  0.36769052  0.36769052  
18_3_0     0.18675617  0.19251518  0.01807474  0.00000000  0.09005357  0.09510885  0.12091321  0.12618315  0.12091321  0.12091321  0.19831908  0.33899220  0.32504740  0.31817172  0.35320311  0.33899220  0.33899220  0.37504130  0.33899220  0.36769052  0.33899220  0.36769052  0.36769052  
14_0_0     0.15861083  0.14764395  0.09005357  0.09005357  0.00000000  0.04130313  0.12618315  0.13149065  0.12618315  0.13683624  0.23412575  0.34606376  0.33899220  0.33198716  0.36769052  0.33899220  0.36041158  0.36041158  0.36041158  0.41292471  0.36041158  0.38246537  0.38246537  
18_0_0     0.15861083  0.16974164  0.08503238  0.09510885  0.04130313  0.00000000  0.14222049  0.14764395  0.14222049  0.14222049  0.24026457  0.32504740  0.33198716  0.32504740  0.37504130  0.36041158  0.33198716  0.39753931  0.33198716  0.40519228  0.38996420  0.35320311  0.35320311  
12_0_0     0.16415544  0.18675617  0.12091321  0.12091321  0.12618315  0.14222049  0.00000000  0.00447772  0.00898253  0.11048392  0.22199788  0.34606376  0.33198716  0.32504740  0.31817172  0.32504740  0.31817172  0.34606376  0.33198716  0.35320311  0.33899220  0.36041158  0.36041158  
19_0_0     0.16974164  0.19251518  0.12618315  0.12618315  0.13149065  0.14764395  0.00447772  0.00000000  0.00447772  0.11568031  0.21600722  0.33899220  0.33899220  0.33198716  0.32504740  0.33198716  0.32504740  0.35320311  0.33899220  0.36041158  0.34606376  0.36769052  0.36769052  
20_0_0     0.16415544  0.18675617  0.12091321  0.12091321  0.12618315  0.14222049  0.00898253  0.00447772  0.00000000  0.12091321  0.21006437  0.33198716  0.33198716  0.32504740  0.31817172  0.32504740  0.33198716  0.34606376  0.33198716  0.35320311  0.33899220  0.36041158  0.36041158  
13_0_0     0.20416857  0.23412575  0.10019868  0.12091321  0.13683624  0.14222049  0.11048392  0.11568031  0.12091321  0.00000000  0.21600722  0.32504740  0.31135895  0.30460794  0.31817172  0.34606376  0.30460794  0.36041158  0.30460794  0.32504740  0.33198716  0.32504740  0.32504740  
15_0_0     0.24026457  0.25269614  0.21600722  0.19831908  0.23412575  0.24026457  0.22199788  0.21600722  0.21006437  0.21600722  0.00000000  0.39753931  0.39753931  0.40519228  0.39753931  0.38246537  0.39753931  0.42073827  0.38996420  0.44468327  0.36041158  0.39753931  0.39753931  
10_0_0     0.33899220  0.34606376  0.33198716  0.33899220  0.34606376  0.32504740  0.34606376  0.33899220  0.33198716  0.32504740  0.39753931  0.00000000  0.12091321  0.12618315  0.18104136  0.15861083  0.16415544  0.14764395  0.11568031  0.15861083  0.16415544  0.14764395  0.14764395  
11_0_0     0.35320311  0.34606376  0.31817172  0.32504740  0.33899220  0.33198716  0.33198716  0.33899220  0.33198716  0.31135895  0.39753931  0.12091321  0.00000000  0.01351476  0.14222049  0.13683624  0.13683624  0.16974164  0.12091321  0.19251518  0.17537007  0.15861083  0.15861083  
7_0_0      0.36041158  0.35320311  0.31135895  0.31817172  0.33198716  0.32504740  0.32504740  0.33198716  0.32504740  0.30460794  0.40519228  0.12618315  0.01351476  0.00000000  0.13683624  0.15310720  0.15310720  0.16415544  0.12091321  0.18675617  0.19251518  0.15310720  0.15310720  
4_0_0      0.35320311  0.38246537  0.33899220  0.35320311  0.36769052  0.37504130  0.31817172  0.32504740  0.31817172  0.31817172  0.39753931  0.18104136  0.14222049  0.13683624  0.00000000  0.05080124  0.12091321  0.17537007  0.13683624  0.17537007  0.20416857  0.18104136  0.18104136  
3_0_0      0.33198716  0.34606376  0.33899220  0.33899220  0.33899220  0.36041158  0.32504740  0.33198716  0.32504740  0.34606376  0.38246537  0.15861083  0.13683624  0.15310720  0.05080124  0.00000000  0.12091321  0.15861083  0.16415544  0.19831908  0.19831908  0.19251518  0.19251518  
5_0_0      0.35320311  0.36769052  0.34606376  0.33899220  0.36041158  0.33198716  0.31817172  0.32504740  0.33198716  0.30460794  0.39753931  0.16415544  0.13683624  0.15310720  0.12091321  0.12091321  0.00000000  0.18104136  0.13683624  0.19251518  0.18104136  0.15310720  0.15310720  
6_1_0      0.36769052  0.36041158  0.38246537  0.37504130  0.36041158  0.39753931  0.34606376  0.35320311  0.34606376  0.36041158  0.42073827  0.14764395  0.16974164  0.16415544  0.17537007  0.15861083  0.18104136  0.00000000  0.11568031  0.12618315  0.16974164  0.16974164  0.16974164  
6_0_0      0.34606376  0.33899220  0.33899220  0.33899220  0.36041158  0.33198716  0.33198716  0.33899220  0.33198716  0.30460794  0.38996420  0.11568031  0.12091321  0.12091321  0.13683624  0.16415544  0.13683624  0.11568031  0.00000000  0.13149065  0.15861083  0.11048392  0.11048392  
1_0_0      0.35320311  0.38246537  0.34606376  0.36769052  0.41292471  0.40519228  0.35320311  0.36041158  0.35320311  0.32504740  0.44468327  0.15861083  0.19251518  0.18675617  0.17537007  0.19831908  0.19251518  0.12618315  0.13149065  0.00000000  0.14764395  0.12091321  0.12091321  
9_0_0      0.33899220  0.35320311  0.34606376  0.33899220  0.36041158  0.38996420  0.33899220  0.34606376  0.33899220  0.33198716  0.36041158  0.16415544  0.17537007  0.19251518  0.20416857  0.19831908  0.18104136  0.16974164  0.15861083  0.14764395  0.00000000  0.18675617  0.18675617  
8_0_0      0.33899220  0.33198716  0.36769052  0.36769052  0.38246537  0.35320311  0.36041158  0.36769052  0.36041158  0.32504740  0.39753931  0.14764395  0.15861083  0.15310720  0.18104136  0.19251518  0.15310720  0.16974164  0.11048392  0.12091321  0.18675617  0.00000000  0.00000000  
2_0_0      0.33899220  0.33198716  0.36769052  0.36769052  0.38246537  0.35320311  0.36041158  0.36769052  0.36041158  0.32504740  0.39753931  0.14764395  0.15861083  0.15310720  0.18104136  0.19251518  0.15310720  0.16974164  0.11048392  0.12091321  0.18675617  0.00000000  0.00000000  

