11
1_1_0      0.00000000  0.15777841  0.15777841  0.20875872  0.20125653  0.45748589  0.45748589  0.48987995  0.43665414  0.46812662  0.50100202  
1_5_0      0.15777841  0.00000000  0.01145208  0.06530762  0.05912578  0.43665414  0.43665414  0.55927618  0.39667665  0.46812662  0.48987995  
2_5_0      0.15777841  0.01145208  0.00000000  0.07782893  0.07154170  0.42645482  0.42645482  0.53541128  0.37747211  0.45748589  0.47892310  
1_4_0      0.20875872  0.06530762  0.07782893  0.00000000  0.00570381  0.44699648  0.44699648  0.54724722  0.42645482  0.45748589  0.45748589  
2_4_0      0.20125653  0.05912578  0.07154170  0.00570381  0.00000000  0.45748589  0.45748589  0.55927618  0.41639460  0.46812662  0.46812662  
2_2_0      0.45748589  0.43665414  0.42645482  0.44699648  0.45748589  0.00000000  0.01724549  0.23955464  0.32268777  0.25544857  0.31393996  
1_2_0      0.45748589  0.43665414  0.42645482  0.44699648  0.45748589  0.01724549  0.00000000  0.23955464  0.34050091  0.25544857  0.31393996  
3_2_0      0.48987995  0.55927618  0.53541128  0.54724722  0.55927618  0.23955464  0.23955464  0.00000000  0.38701188  0.34957144  0.36805414  
3_6_0      0.43665414  0.39667665  0.37747211  0.42645482  0.41639460  0.32268777  0.34050091  0.38701188  0.00000000  0.20875872  0.23173429  
3_7_0      0.46812662  0.46812662  0.45748589  0.45748589  0.46812662  0.25544857  0.25544857  0.34957144  0.20875872  0.00000000  0.07782893  
3_0_0      0.50100202  0.48987995  0.47892310  0.45748589  0.46812662  0.31393996  0.31393996  0.36805414  0.23173429  0.07782893  0.00000000  

