20
13_0_0     0.00000000  0.01449395  0.03426790  0.07546114  0.32452976  0.30267670  0.30267670  0.30267670  0.30989016  0.28845569  0.26761986  0.31717406  0.35470001  0.35470001  0.32452976  0.32452976  0.41062466  0.33946239  0.34704230  0.36243713  
12_0_0     0.01449395  0.00000000  0.02927506  0.07018587  0.30267670  0.29553231  0.28144556  0.29553231  0.28845569  0.28144556  0.24735016  0.30989016  0.34704230  0.36243713  0.33195872  0.31717406  0.38614192  0.31717406  0.32452976  0.35470001  
10_0_0     0.03426790  0.02927506  0.00000000  0.10241192  0.33195872  0.30989016  0.30989016  0.30989016  0.30267670  0.28144556  0.26080192  0.30989016  0.31717406  0.33195872  0.30267670  0.28845569  0.37025534  0.31717406  0.32452976  0.34704230  
4_0_0      0.07546114  0.07018587  0.10241192  0.00000000  0.33195872  0.33946239  0.32452976  0.29553231  0.30267670  0.32452976  0.27450068  0.32452976  0.41896743  0.38614192  0.38614192  0.38614192  0.42740455  0.31717406  0.32452976  0.36243713  
8_0_0      0.32452976  0.30267670  0.33195872  0.33195872  0.00000000  0.02927506  0.04435495  0.08612491  0.10241192  0.07546114  0.10241192  0.07546114  0.40237416  0.41896743  0.41896743  0.41896743  0.38614192  0.30989016  0.30267670  0.30989016  
20_0_0     0.30267670  0.29553231  0.30989016  0.33946239  0.02927506  0.00000000  0.03426790  0.07546114  0.08612491  0.05458025  0.08612491  0.05458025  0.37815634  0.39421389  0.39421389  0.39421389  0.38614192  0.30267670  0.29553231  0.29553231  
15_0_0     0.30267670  0.28144556  0.30989016  0.32452976  0.04435495  0.03426790  0.00000000  0.07018587  0.08612491  0.05974594  0.08612491  0.05974594  0.38614192  0.40237416  0.40237416  0.40237416  0.38614192  0.31717406  0.30989016  0.30267670  
9_0_0      0.30267670  0.29553231  0.30989016  0.29553231  0.08612491  0.07546114  0.07018587  0.00000000  0.05458025  0.04945008  0.06494765  0.04945008  0.38614192  0.38614192  0.38614192  0.40237416  0.38614192  0.33946239  0.33195872  0.30267670  
18_0_0     0.30989016  0.28845569  0.30267670  0.30267670  0.10241192  0.08612491  0.08612491  0.05458025  0.00000000  0.04435495  0.04945008  0.06494765  0.37025534  0.37025534  0.37025534  0.37025534  0.38614192  0.33195872  0.32452976  0.29553231  
7_0_0      0.28845569  0.28144556  0.28144556  0.32452976  0.07546114  0.05458025  0.05974594  0.04945008  0.04435495  0.00000000  0.04435495  0.03929438  0.37025534  0.37025534  0.37025534  0.37025534  0.38614192  0.31717406  0.30989016  0.28845569  
16_0_0     0.26761986  0.24735016  0.26080192  0.27450068  0.10241192  0.08612491  0.08612491  0.06494765  0.04945008  0.04435495  0.00000000  0.06494765  0.39421389  0.39421389  0.39421389  0.39421389  0.42740455  0.30989016  0.30267670  0.30989016  
19_0_0     0.31717406  0.30989016  0.30989016  0.32452976  0.07546114  0.05458025  0.05974594  0.04945008  0.06494765  0.03929438  0.06494765  0.00000000  0.41062466  0.42740455  0.42740455  0.42740455  0.42740455  0.31717406  0.30989016  0.28845569  
14_0_0     0.35470001  0.34704230  0.31717406  0.41896743  0.40237416  0.37815634  0.38614192  0.38614192  0.37025534  0.37025534  0.39421389  0.41062466  0.00000000  0.02927506  0.01938852  0.03929438  0.05974594  0.38614192  0.37815634  0.37815634  
17_0_0     0.35470001  0.36243713  0.33195872  0.38614192  0.41896743  0.39421389  0.40237416  0.38614192  0.37025534  0.37025534  0.39421389  0.42740455  0.02927506  0.00000000  0.01938852  0.04945008  0.07018587  0.37815634  0.37025534  0.38614192  
11_0_0     0.32452976  0.33195872  0.30267670  0.38614192  0.41896743  0.39421389  0.40237416  0.38614192  0.37025534  0.37025534  0.39421389  0.42740455  0.01938852  0.01938852  0.00000000  0.02927506  0.07018587  0.37025534  0.36243713  0.37815634  
6_0_0      0.32452976  0.31717406  0.28845569  0.38614192  0.41896743  0.39421389  0.40237416  0.40237416  0.37025534  0.37025534  0.39421389  0.42740455  0.03929438  0.04945008  0.02927506  0.00000000  0.09151451  0.33946239  0.33195872  0.34704230  
5_0_0      0.41062466  0.38614192  0.37025534  0.42740455  0.38614192  0.38614192  0.38614192  0.38614192  0.38614192  0.38614192  0.42740455  0.42740455  0.05974594  0.07018587  0.07018587  0.09151451  0.00000000  0.36243713  0.35470001  0.33946239  
1_0_0      0.33946239  0.31717406  0.31717406  0.31717406  0.30989016  0.30267670  0.31717406  0.33946239  0.33195872  0.31717406  0.30989016  0.31717406  0.38614192  0.37815634  0.37025534  0.33946239  0.36243713  0.00000000  0.00480010  0.15352153  
2_0_0      0.34704230  0.32452976  0.32452976  0.32452976  0.30267670  0.29553231  0.30989016  0.33195872  0.32452976  0.30989016  0.30267670  0.30989016  0.37815634  0.37025534  0.36243713  0.33195872  0.35470001  0.00480010  0.00000000  0.14766668  
3_0_0      0.36243713  0.35470001  0.34704230  0.36243713  0.30989016  0.29553231  0.30267670  0.30267670  0.29553231  0.28845569  0.30989016  0.28845569  0.37815634  0.38614192  0.37815634  0.34704230  0.33946239  0.15352153  0.14766668  0.00000000  

