15
14_0_0     0.00000000  0.07120596  0.07803071  0.16522562  0.15755567  0.14244923  0.12764374  0.12035015  0.12764374  0.17297554  0.16522562  0.17297554  0.25527323  0.36781213  0.22961319  
54_0_0     0.07120596  0.00000000  0.00619862  0.22125301  0.21298583  0.19672234  0.21298583  0.19672234  0.20480960  0.25527323  0.22961319  0.23806848  0.30011267  0.34783207  0.25527323  
42_0_0     0.07803071  0.00619862  0.00000000  0.22961319  0.22125301  0.20480960  0.22125301  0.20480960  0.21298583  0.26402730  0.23806848  0.24662107  0.29092574  0.35775496  0.26402730  
45_0_0     0.16522562  0.22125301  0.22961319  0.00000000  0.01875314  0.05774163  0.08491872  0.08491872  0.09187116  0.23806848  0.21298583  0.23806848  0.29092574  0.35775496  0.28185100  
19_0_0     0.15755567  0.21298583  0.22125301  0.01875314  0.00000000  0.03799175  0.06444330  0.06444330  0.07120596  0.21298583  0.18872214  0.21298583  0.26402730  0.34783207  0.25527323  
37_0_0     0.14244923  0.19672234  0.20480960  0.05774163  0.03799175  0.00000000  0.03799175  0.03799175  0.04451690  0.22961319  0.21298583  0.23806848  0.24662107  0.30941458  0.26402730  
37_5_0     0.12764374  0.21298583  0.22125301  0.08491872  0.06444330  0.03799175  0.00000000  0.03152339  0.03799175  0.21298583  0.19672234  0.22125301  0.21298583  0.34783207  0.28185100  
19_5_0     0.12035015  0.19672234  0.20480960  0.08491872  0.06444330  0.03799175  0.03152339  0.00000000  0.00619862  0.22125301  0.18872214  0.21298583  0.23806848  0.32837512  0.28185100  
45_5_0     0.12764374  0.20480960  0.21298583  0.09187116  0.07120596  0.04451690  0.03799175  0.00619862  0.00000000  0.22961319  0.19672234  0.22125301  0.24662107  0.33803993  0.27288572  
60_0_0     0.17297554  0.25527323  0.26402730  0.23806848  0.21298583  0.22961319  0.21298583  0.22125301  0.22961319  0.00000000  0.08491872  0.09187116  0.18872214  0.43119262  0.28185100  
60_4_0     0.16522562  0.22961319  0.23806848  0.21298583  0.18872214  0.21298583  0.19672234  0.18872214  0.19672234  0.08491872  0.00000000  0.01875314  0.22961319  0.38834420  0.28185100  
60_3_0     0.17297554  0.23806848  0.24662107  0.23806848  0.21298583  0.23806848  0.22125301  0.21298583  0.22125301  0.09187116  0.01875314  0.00000000  0.23806848  0.42024670  0.28185100  
15_0_0     0.25527323  0.30011267  0.29092574  0.29092574  0.26402730  0.24662107  0.21298583  0.23806848  0.24662107  0.18872214  0.22961319  0.23806848  0.00000000  0.45358029  0.31883439  
48_0_0     0.36781213  0.34783207  0.35775496  0.35775496  0.34783207  0.30941458  0.34783207  0.32837512  0.33803993  0.43119262  0.38834420  0.42024670  0.45358029  0.00000000  0.34783207  
23_0_0     0.22961319  0.25527323  0.26402730  0.28185100  0.25527323  0.26402730  0.28185100  0.28185100  0.27288572  0.28185100  0.28185100  0.28185100  0.31883439  0.34783207  0.00000000  

