153
93_0_0     0.00000000  0.08124142  0.07673474  0.06337778  0.05460578  0.05460578  0.11358430  0.10887606  0.10887606  0.12309200  0.11832282  0.10419772  0.08577582  0.08577582  0.08124142  0.08124142  0.09492920  0.10887606  0.16239919  0.24792483  0.25361466  0.25361466  0.25361466  0.27095259  0.23111431  0.24227861  0.23111431  0.23667531  0.23667531  0.23111431  0.27682376  0.27682376  0.28870832  0.28870832  0.27682376  0.27095259  0.29472326  0.27095259  0.19331981  0.17769733  0.17256258  0.17256258  0.17256258  0.18286811  0.18807543  0.21467874  0.22559495  0.19860178  0.18286811  0.18286811  0.18286811  0.19860178  0.19331981  0.22011663  0.23111431  0.19331981  0.21467874  0.20392189  0.18807543  0.20928069  0.18286811  0.23111431  0.21467874  0.19331981  0.18807543  0.19331981  0.17769733  0.17769733  0.18807543  0.20392189  0.21467874  0.18807543  0.20392189  0.22011663  0.19331981  0.19331981  0.23667531  0.25361466  0.24792483  0.21467874  0.21467874  0.20928069  0.20928069  0.20392189  0.19860178  0.20928069  0.22559495  0.19860178  0.19860178  0.19860178  0.19331981  0.20392189  0.21467874  0.19331981  0.19860178  0.18807543  0.21467874  0.23111431  0.22011663  0.22011663  0.22559495  0.21467874  0.22011663  0.22559495  0.17769733  0.19860178  0.19860178  0.17769733  0.19331981  0.18807543  0.21467874  0.19331981  0.21467874  0.19331981  0.21467874  0.22011663  0.19860178  0.19331981  0.19331981  0.19331981  0.19331981  0.19860178  0.18807543  0.19331981  0.19860178  0.18286811  0.24227861  0.24227861  0.22559495  0.22559495  0.23111431  0.22011663  0.19331981  0.19860178  0.19331981  0.19860178  0.24227861  0.24227861  0.26512784  0.22559495  0.22011663  0.20928069  0.23667531  0.22011663  0.22011663  0.20928069  0.22011663  0.24227861  0.21467874  0.22011663  0.25934876  0.24227861  0.20928069  
90_0_0     0.08124142  0.00000000  0.11832282  0.08577582  0.07673474  0.07673474  0.12789225  0.13272398  0.13272398  0.14248353  0.13272398  0.12789225  0.11832282  0.11358430  0.10887606  0.10887606  0.11832282  0.13272398  0.18807543  0.25934876  0.27682376  0.26512784  0.27095259  0.31928638  0.27095259  0.29472326  0.27095259  0.26512784  0.27095259  0.26512784  0.28870832  0.28870832  0.28870832  0.30078771  0.28870832  0.28274208  0.27682376  0.28870832  0.22011663  0.19860178  0.19331981  0.19331981  0.20392189  0.20392189  0.22011663  0.24792483  0.27095259  0.23111431  0.22011663  0.22011663  0.22011663  0.21467874  0.20928069  0.24792483  0.25934876  0.22559495  0.23667531  0.24227861  0.22559495  0.22559495  0.20392189  0.21467874  0.19860178  0.17769733  0.18286811  0.18286811  0.19331981  0.20392189  0.21467874  0.23667531  0.23111431  0.20392189  0.22011663  0.24792483  0.23111431  0.23111431  0.23111431  0.23667531  0.24227861  0.23111431  0.23111431  0.22559495  0.22559495  0.23111431  0.20928069  0.22559495  0.23111431  0.22559495  0.23667531  0.23667531  0.22559495  0.23111431  0.24227861  0.22011663  0.22559495  0.21467874  0.23111431  0.23667531  0.23667531  0.24792483  0.24227861  0.22559495  0.23667531  0.24227861  0.19331981  0.21467874  0.21467874  0.20392189  0.20928069  0.21467874  0.22011663  0.22011663  0.22011663  0.20928069  0.24227861  0.25934876  0.21467874  0.22011663  0.20928069  0.20928069  0.20928069  0.21467874  0.21467874  0.23667531  0.21467874  0.21467874  0.27095259  0.27095259  0.27095259  0.25934876  0.27682376  0.20928069  0.20928069  0.21467874  0.20928069  0.21467874  0.25361466  0.25361466  0.27682376  0.21467874  0.20928069  0.20928069  0.27682376  0.24792483  0.24792483  0.24792483  0.25934876  0.25934876  0.20928069  0.21467874  0.24227861  0.23667531  0.22011663  
65_0_0     0.07673474  0.11832282  0.00000000  0.03312204  0.06780326  0.06780326  0.14248353  0.13758760  0.13758760  0.15237408  0.14741221  0.13272398  0.12309200  0.12309200  0.11832282  0.11832282  0.13272398  0.13758760  0.19860178  0.29472326  0.31306841  0.30078771  0.31306841  0.34469660  0.30078771  0.32555726  0.28870832  0.28274208  0.28870832  0.28274208  0.31928638  0.31928638  0.31928638  0.33188196  0.33188196  0.31306841  0.32555726  0.31306841  0.25934876  0.23111431  0.21467874  0.23667531  0.22559495  0.23667531  0.25361466  0.25934876  0.27095259  0.24227861  0.23667531  0.24792483  0.24792483  0.25361466  0.24792483  0.27682376  0.28870832  0.24792483  0.27095259  0.21467874  0.22011663  0.23111431  0.22559495  0.24227861  0.23667531  0.20392189  0.19860178  0.20392189  0.22011663  0.22011663  0.23111431  0.23667531  0.25934876  0.20928069  0.21467874  0.22011663  0.20392189  0.20392189  0.25934876  0.27682376  0.25934876  0.23667531  0.23667531  0.23111431  0.23111431  0.23667531  0.22559495  0.22011663  0.22559495  0.22011663  0.21467874  0.21467874  0.20928069  0.23667531  0.21467874  0.22011663  0.22559495  0.21467874  0.24227861  0.27095259  0.24792483  0.24792483  0.25361466  0.25361466  0.24792483  0.27682376  0.20928069  0.20928069  0.20928069  0.20928069  0.21467874  0.20928069  0.22559495  0.22559495  0.23667531  0.20392189  0.22559495  0.20928069  0.20928069  0.20392189  0.20392189  0.20392189  0.20392189  0.22011663  0.20928069  0.22559495  0.22011663  0.20392189  0.28274208  0.27682376  0.27095259  0.27095259  0.27682376  0.25361466  0.22559495  0.23111431  0.22559495  0.23111431  0.26512784  0.26512784  0.28870832  0.24792483  0.24227861  0.23111431  0.27095259  0.25361466  0.25361466  0.24227861  0.23667531  0.25934876  0.25361466  0.25934876  0.27682376  0.25934876  0.23111431  
96_0_0     0.06337778  0.08577582  0.03312204  0.00000000  0.03312204  0.03312204  0.12789225  0.12309200  0.12309200  0.13758760  0.13272398  0.11832282  0.09954889  0.10887606  0.10419772  0.10419772  0.11832282  0.12309200  0.19331981  0.28870832  0.29472326  0.28274208  0.30078771  0.32555726  0.27095259  0.29472326  0.27095259  0.26512784  0.26512784  0.25934876  0.29472326  0.29472326  0.29472326  0.30690247  0.30690247  0.28870832  0.30078771  0.28870832  0.23111431  0.20392189  0.19860178  0.20928069  0.22011663  0.20928069  0.22559495  0.24227861  0.24227861  0.22559495  0.22011663  0.22011663  0.22011663  0.22559495  0.22011663  0.24792483  0.25934876  0.22011663  0.24227861  0.20928069  0.20392189  0.21467874  0.20928069  0.23667531  0.23111431  0.18807543  0.18807543  0.19331981  0.19331981  0.20392189  0.20392189  0.23111431  0.24227861  0.19331981  0.20928069  0.23667531  0.22011663  0.22011663  0.23111431  0.23667531  0.23111431  0.22011663  0.22011663  0.21467874  0.21467874  0.22011663  0.19860178  0.20392189  0.23111431  0.21467874  0.22559495  0.22559495  0.20928069  0.22011663  0.20928069  0.20392189  0.20928069  0.19860178  0.22559495  0.25361466  0.23111431  0.23111431  0.23667531  0.22559495  0.23111431  0.24792483  0.19331981  0.19331981  0.19331981  0.19331981  0.19860178  0.17769733  0.22011663  0.19860178  0.22011663  0.18807543  0.20928069  0.22011663  0.19331981  0.18807543  0.18807543  0.18807543  0.18807543  0.20392189  0.19331981  0.20928069  0.20392189  0.18807543  0.24227861  0.25361466  0.24792483  0.24792483  0.24227861  0.24792483  0.19860178  0.20392189  0.19860178  0.20392189  0.24792483  0.24792483  0.27095259  0.23111431  0.22559495  0.21467874  0.25361466  0.23667531  0.23667531  0.22559495  0.24227861  0.25361466  0.23667531  0.24227861  0.27095259  0.25361466  0.23667531  
99_0_0     0.05460578  0.07673474  0.06780326  0.03312204  0.00000000  0.00000000  0.11832282  0.11358430  0.11358430  0.12789225  0.12309200  0.10887606  0.09033830  0.08124142  0.07673474  0.07673474  0.09033830  0.10419772  0.16239919  0.26512784  0.27095259  0.24792483  0.27682376  0.31306841  0.25934876  0.27095259  0.25934876  0.25361466  0.25361466  0.24792483  0.28274208  0.28274208  0.28274208  0.29472326  0.28274208  0.27682376  0.28870832  0.27682376  0.22011663  0.19331981  0.18807543  0.18807543  0.20928069  0.19331981  0.20928069  0.20928069  0.24227861  0.20392189  0.19860178  0.19860178  0.19860178  0.21467874  0.20928069  0.23111431  0.24227861  0.20928069  0.22011663  0.19860178  0.18286811  0.20392189  0.17769733  0.22559495  0.22011663  0.17769733  0.17769733  0.18286811  0.15237408  0.17256258  0.18286811  0.22011663  0.23111431  0.18286811  0.18807543  0.21467874  0.19860178  0.19860178  0.22011663  0.22559495  0.22011663  0.19860178  0.19860178  0.19331981  0.19331981  0.19860178  0.18286811  0.19331981  0.20928069  0.19331981  0.20392189  0.20392189  0.18807543  0.19860178  0.19860178  0.19331981  0.19860178  0.18807543  0.20392189  0.23111431  0.20928069  0.20928069  0.21467874  0.20392189  0.20928069  0.22559495  0.17769733  0.18807543  0.18807543  0.18807543  0.19331981  0.19331981  0.21467874  0.19331981  0.21467874  0.19331981  0.21467874  0.22559495  0.19860178  0.19331981  0.19331981  0.19331981  0.19331981  0.19860178  0.18807543  0.20392189  0.19860178  0.19331981  0.24227861  0.27682376  0.23667531  0.23667531  0.22011663  0.22559495  0.19860178  0.20392189  0.19860178  0.19331981  0.23667531  0.23667531  0.25934876  0.23111431  0.22559495  0.21467874  0.24227861  0.23667531  0.23667531  0.22559495  0.24792483  0.24792483  0.23111431  0.22559495  0.27682376  0.25934876  0.20392189  
71_0_0     0.05460578  0.07673474  0.06780326  0.03312204  0.00000000  0.00000000  0.11832282  0.11358430  0.11358430  0.12789225  0.12309200  0.10887606  0.09033830  0.08124142  0.07673474  0.07673474  0.09033830  0.10419772  0.16239919  0.26512784  0.27095259  0.24792483  0.27682376  0.31306841  0.25934876  0.27095259  0.25934876  0.25361466  0.25361466  0.24792483  0.28274208  0.28274208  0.28274208  0.29472326  0.28274208  0.27682376  0.28870832  0.27682376  0.22011663  0.19331981  0.18807543  0.18807543  0.20928069  0.19331981  0.20928069  0.20928069  0.24227861  0.20392189  0.19860178  0.19860178  0.19860178  0.21467874  0.20928069  0.23111431  0.24227861  0.20928069  0.22011663  0.19860178  0.18286811  0.20392189  0.17769733  0.22559495  0.22011663  0.17769733  0.17769733  0.18286811  0.15237408  0.17256258  0.18286811  0.22011663  0.23111431  0.18286811  0.18807543  0.21467874  0.19860178  0.19860178  0.22011663  0.22559495  0.22011663  0.19860178  0.19860178  0.19331981  0.19331981  0.19860178  0.18286811  0.19331981  0.20928069  0.19331981  0.20392189  0.20392189  0.18807543  0.19860178  0.19860178  0.19331981  0.19860178  0.18807543  0.20392189  0.23111431  0.20928069  0.20928069  0.21467874  0.20392189  0.20928069  0.22559495  0.17769733  0.18807543  0.18807543  0.18807543  0.19331981  0.19331981  0.21467874  0.19331981  0.21467874  0.19331981  0.21467874  0.22559495  0.19860178  0.19331981  0.19331981  0.19331981  0.19331981  0.19860178  0.18807543  0.20392189  0.19860178  0.19331981  0.24227861  0.27682376  0.23667531  0.23667531  0.22011663  0.22559495  0.19860178  0.20392189  0.19860178  0.19331981  0.23667531  0.23667531  0.25934876  0.23111431  0.22559495  0.21467874  0.24227861  0.23667531  0.23667531  0.22559495  0.24792483  0.24792483  0.23111431  0.22559495  0.27682376  0.25934876  0.20392189  
63_11_0    0.11358430  0.12789225  0.14248353  0.12789225  0.11832282  0.11832282  0.00000000  0.00405975  0.00405975  0.01637493  0.01224696  0.04164052  0.11358430  0.11358430  0.10887606  0.10887606  0.11358430  0.09954889  0.19860178  0.23667531  0.26512784  0.25361466  0.27095259  0.28870832  0.26512784  0.31306841  0.27682376  0.27095259  0.30078771  0.29472326  0.31306841  0.31306841  0.31306841  0.32555726  0.31306841  0.30690247  0.31928638  0.30690247  0.23111431  0.20928069  0.20392189  0.19331981  0.21467874  0.20928069  0.22559495  0.20392189  0.24792483  0.20928069  0.19331981  0.20392189  0.20392189  0.20928069  0.20392189  0.24227861  0.25361466  0.21467874  0.22559495  0.25934876  0.23111431  0.23111431  0.22559495  0.25361466  0.23667531  0.21467874  0.21467874  0.20928069  0.20928069  0.20928069  0.20928069  0.23667531  0.25934876  0.20928069  0.23111431  0.22011663  0.20392189  0.20392189  0.23667531  0.24227861  0.23667531  0.22559495  0.22559495  0.22011663  0.22011663  0.22559495  0.22011663  0.23111431  0.23667531  0.20928069  0.21467874  0.21467874  0.21467874  0.21467874  0.21467874  0.22011663  0.23667531  0.22559495  0.22011663  0.23667531  0.22559495  0.22559495  0.20928069  0.20928069  0.22559495  0.22011663  0.21467874  0.23667531  0.23667531  0.22559495  0.23111431  0.23111431  0.23111431  0.25361466  0.24227861  0.23111431  0.26512784  0.25934876  0.24792483  0.23111431  0.24227861  0.24227861  0.24227861  0.23667531  0.22559495  0.25361466  0.23667531  0.23111431  0.28870832  0.27682376  0.25361466  0.26512784  0.25934876  0.23667531  0.20392189  0.20928069  0.20392189  0.20928069  0.23667531  0.23667531  0.25934876  0.27095259  0.26512784  0.24227861  0.29472326  0.27682376  0.27682376  0.26512784  0.26512784  0.28870832  0.24227861  0.24792483  0.25934876  0.25361466  0.18286811  
79_11_0    0.10887606  0.13272398  0.13758760  0.12309200  0.11358430  0.11358430  0.00405975  0.00000000  0.00000000  0.02052616  0.01637493  0.04593698  0.10887606  0.10887606  0.10419772  0.10419772  0.10887606  0.10419772  0.20392189  0.24227861  0.25934876  0.25934876  0.27682376  0.28274208  0.25934876  0.30690247  0.27095259  0.26512784  0.30690247  0.30078771  0.30690247  0.30690247  0.30690247  0.31928638  0.30690247  0.30078771  0.31306841  0.30078771  0.23667531  0.21467874  0.20928069  0.19860178  0.22011663  0.21467874  0.23111431  0.20928069  0.25361466  0.21467874  0.19860178  0.20928069  0.20928069  0.21467874  0.20928069  0.23667531  0.24792483  0.20928069  0.23111431  0.25361466  0.22559495  0.22559495  0.22011663  0.25934876  0.24227861  0.20928069  0.20928069  0.20392189  0.20392189  0.20392189  0.20392189  0.24227861  0.26512784  0.20392189  0.22559495  0.21467874  0.19860178  0.19860178  0.23111431  0.23667531  0.24227861  0.22011663  0.22011663  0.21467874  0.21467874  0.22011663  0.21467874  0.22559495  0.23111431  0.20392189  0.20928069  0.20928069  0.20928069  0.20928069  0.20928069  0.22559495  0.24227861  0.23111431  0.21467874  0.23111431  0.22011663  0.22011663  0.21467874  0.20392189  0.22011663  0.21467874  0.20928069  0.23111431  0.23111431  0.23111431  0.22559495  0.22559495  0.22559495  0.24792483  0.23667531  0.22559495  0.25934876  0.25361466  0.24227861  0.22559495  0.23667531  0.23667531  0.23667531  0.23111431  0.22011663  0.24792483  0.23111431  0.22559495  0.28274208  0.27095259  0.24792483  0.25934876  0.26512784  0.24227861  0.20928069  0.21467874  0.20928069  0.21467874  0.24227861  0.24227861  0.26512784  0.27682376  0.27095259  0.24792483  0.28870832  0.27095259  0.27095259  0.25934876  0.27095259  0.29472326  0.24792483  0.25361466  0.26512784  0.25934876  0.18807543  
97_11_0    0.10887606  0.13272398  0.13758760  0.12309200  0.11358430  0.11358430  0.00405975  0.00000000  0.00000000  0.02052616  0.01637493  0.04593698  0.10887606  0.10887606  0.10419772  0.10419772  0.10887606  0.10419772  0.20392189  0.24227861  0.25934876  0.25934876  0.27682376  0.28274208  0.25934876  0.30690247  0.27095259  0.26512784  0.30690247  0.30078771  0.30690247  0.30690247  0.30690247  0.31928638  0.30690247  0.30078771  0.31306841  0.30078771  0.23667531  0.21467874  0.20928069  0.19860178  0.22011663  0.21467874  0.23111431  0.20928069  0.25361466  0.21467874  0.19860178  0.20928069  0.20928069  0.21467874  0.20928069  0.23667531  0.24792483  0.20928069  0.23111431  0.25361466  0.22559495  0.22559495  0.22011663  0.25934876  0.24227861  0.20928069  0.20928069  0.20392189  0.20392189  0.20392189  0.20392189  0.24227861  0.26512784  0.20392189  0.22559495  0.21467874  0.19860178  0.19860178  0.23111431  0.23667531  0.24227861  0.22011663  0.22011663  0.21467874  0.21467874  0.22011663  0.21467874  0.22559495  0.23111431  0.20392189  0.20928069  0.20928069  0.20928069  0.20928069  0.20928069  0.22559495  0.24227861  0.23111431  0.21467874  0.23111431  0.22011663  0.22011663  0.21467874  0.20392189  0.22011663  0.21467874  0.20928069  0.23111431  0.23111431  0.23111431  0.22559495  0.22559495  0.22559495  0.24792483  0.23667531  0.22559495  0.25934876  0.25361466  0.24227861  0.22559495  0.23667531  0.23667531  0.23667531  0.23111431  0.22011663  0.24792483  0.23111431  0.22559495  0.28274208  0.27095259  0.24792483  0.25934876  0.26512784  0.24227861  0.20928069  0.21467874  0.20928069  0.21467874  0.24227861  0.24227861  0.26512784  0.27682376  0.27095259  0.24792483  0.28870832  0.27095259  0.27095259  0.25934876  0.27095259  0.29472326  0.24792483  0.25361466  0.26512784  0.25934876  0.18807543  
68_11_0    0.12309200  0.14248353  0.15237408  0.13758760  0.12789225  0.12789225  0.01637493  0.02052616  0.02052616  0.00000000  0.02889945  0.05897873  0.13272398  0.13272398  0.12789225  0.12789225  0.13272398  0.11832282  0.19860178  0.24227861  0.27095259  0.27095259  0.28870832  0.28274208  0.24792483  0.29472326  0.25934876  0.25361466  0.29472326  0.28870832  0.30690247  0.30690247  0.30690247  0.31928638  0.30690247  0.30078771  0.31306841  0.30078771  0.23111431  0.20928069  0.21467874  0.20392189  0.22559495  0.22011663  0.23667531  0.21467874  0.25934876  0.22011663  0.19331981  0.20392189  0.20392189  0.22011663  0.21467874  0.25361466  0.25361466  0.22011663  0.23667531  0.26512784  0.23667531  0.24792483  0.24227861  0.27095259  0.25361466  0.23111431  0.23111431  0.22559495  0.22559495  0.21467874  0.21467874  0.24227861  0.26512784  0.22559495  0.24227861  0.23667531  0.22011663  0.22011663  0.24792483  0.25361466  0.24792483  0.23667531  0.23667531  0.23111431  0.23111431  0.23667531  0.23111431  0.24227861  0.25361466  0.22559495  0.22559495  0.22559495  0.22011663  0.22011663  0.23111431  0.22559495  0.24227861  0.22011663  0.22559495  0.24227861  0.23111431  0.23111431  0.21467874  0.22559495  0.23111431  0.22559495  0.23111431  0.25361466  0.25361466  0.24227861  0.24792483  0.23667531  0.24792483  0.27095259  0.24792483  0.24792483  0.28274208  0.27682376  0.26512784  0.24792483  0.25934876  0.25934876  0.25934876  0.25361466  0.24227861  0.25934876  0.25361466  0.23667531  0.28274208  0.27095259  0.25934876  0.27095259  0.26512784  0.23667531  0.22011663  0.22559495  0.22011663  0.22559495  0.24227861  0.24227861  0.26512784  0.28870832  0.28274208  0.25934876  0.30078771  0.28274208  0.28274208  0.27095259  0.25934876  0.28274208  0.22559495  0.23111431  0.25361466  0.24792483  0.17769733  
72_11_0    0.11832282  0.13272398  0.14741221  0.13272398  0.12309200  0.12309200  0.01224696  0.01637493  0.01637493  0.02889945  0.00000000  0.04593698  0.10887606  0.10887606  0.10419772  0.10419772  0.10887606  0.09492920  0.21467874  0.23111431  0.25934876  0.24792483  0.26512784  0.27682376  0.27095259  0.31928638  0.28274208  0.26512784  0.30690247  0.30078771  0.30690247  0.31928638  0.31928638  0.33188196  0.31928638  0.31306841  0.31306841  0.31306841  0.23667531  0.21467874  0.20928069  0.19860178  0.22011663  0.21467874  0.23111431  0.20928069  0.25361466  0.21467874  0.19860178  0.20928069  0.20928069  0.21467874  0.20928069  0.24792483  0.25934876  0.22011663  0.23111431  0.27682376  0.23667531  0.23667531  0.23111431  0.23667531  0.22011663  0.20928069  0.20928069  0.20392189  0.19331981  0.19331981  0.20392189  0.23111431  0.25361466  0.20392189  0.22559495  0.21467874  0.19860178  0.19860178  0.23111431  0.23667531  0.23111431  0.22011663  0.22011663  0.21467874  0.21467874  0.22011663  0.21467874  0.22559495  0.23111431  0.20392189  0.22011663  0.22011663  0.22011663  0.20928069  0.20928069  0.21467874  0.23111431  0.22011663  0.21467874  0.23111431  0.22011663  0.22011663  0.20392189  0.20392189  0.22011663  0.22559495  0.20928069  0.23111431  0.23111431  0.22011663  0.22559495  0.22559495  0.22559495  0.24792483  0.24792483  0.22559495  0.25934876  0.25361466  0.24227861  0.22559495  0.23667531  0.23667531  0.23667531  0.23111431  0.22011663  0.25934876  0.23111431  0.22559495  0.28274208  0.27095259  0.25934876  0.25934876  0.25361466  0.23111431  0.20928069  0.21467874  0.20928069  0.21467874  0.24792483  0.24792483  0.27095259  0.27682376  0.27095259  0.24792483  0.30078771  0.28274208  0.28274208  0.27095259  0.27095259  0.29472326  0.24792483  0.25361466  0.27682376  0.27095259  0.18807543  
91_11_0    0.10419772  0.12789225  0.13272398  0.11832282  0.10887606  0.10887606  0.04164052  0.04593698  0.04593698  0.05897873  0.04593698  0.00000000  0.08577582  0.10419772  0.10887606  0.10887606  0.10419772  0.09033830  0.17769733  0.25934876  0.27095259  0.25361466  0.25934876  0.27095259  0.26512784  0.30078771  0.26512784  0.25934876  0.30690247  0.30078771  0.30690247  0.30690247  0.30690247  0.31928638  0.30690247  0.30078771  0.30078771  0.30078771  0.23111431  0.22011663  0.20392189  0.20392189  0.22559495  0.22011663  0.23667531  0.21467874  0.24792483  0.20928069  0.20392189  0.20392189  0.20392189  0.20928069  0.20392189  0.24227861  0.25361466  0.21467874  0.24792483  0.24792483  0.25361466  0.24227861  0.24792483  0.26512784  0.24792483  0.21467874  0.21467874  0.20928069  0.19860178  0.18807543  0.21467874  0.20392189  0.23667531  0.18807543  0.22011663  0.21467874  0.20392189  0.20392189  0.24792483  0.25361466  0.23667531  0.21467874  0.21467874  0.20928069  0.20928069  0.21467874  0.20928069  0.20928069  0.22559495  0.19860178  0.21467874  0.21467874  0.20392189  0.21467874  0.21467874  0.19860178  0.20392189  0.19331981  0.19860178  0.21467874  0.20392189  0.20392189  0.18807543  0.19860178  0.20392189  0.19860178  0.19331981  0.20392189  0.20392189  0.20392189  0.20928069  0.22011663  0.22011663  0.23111431  0.23111431  0.20928069  0.24227861  0.24792483  0.22559495  0.22011663  0.22011663  0.22011663  0.22011663  0.21467874  0.20392189  0.22011663  0.21467874  0.20928069  0.27095259  0.25934876  0.25361466  0.25361466  0.24792483  0.24792483  0.20392189  0.20928069  0.20392189  0.20928069  0.25361466  0.25361466  0.25934876  0.27095259  0.26512784  0.25361466  0.27095259  0.27682376  0.27682376  0.26512784  0.24227861  0.26512784  0.24227861  0.24792483  0.27095259  0.26512784  0.19331981  
91_0_0     0.08577582  0.11832282  0.12309200  0.09954889  0.09033830  0.09033830  0.11358430  0.10887606  0.10887606  0.13272398  0.10887606  0.08577582  0.00000000  0.04164052  0.04593698  0.04593698  0.04164052  0.04593698  0.18807543  0.26512784  0.26512784  0.22559495  0.23667531  0.28274208  0.23667531  0.27095259  0.25934876  0.25361466  0.25361466  0.24792483  0.27095259  0.27095259  0.27095259  0.27095259  0.27095259  0.26512784  0.26512784  0.26512784  0.20392189  0.18286811  0.16746336  0.17769733  0.18807543  0.18286811  0.19860178  0.19860178  0.20928069  0.18286811  0.18807543  0.18807543  0.18807543  0.19331981  0.18807543  0.20392189  0.21467874  0.18807543  0.20928069  0.22559495  0.19860178  0.19860178  0.19331981  0.25361466  0.23667531  0.17256258  0.18807543  0.18286811  0.16746336  0.16746336  0.19331981  0.19331981  0.21467874  0.15736959  0.18807543  0.19331981  0.18286811  0.18286811  0.21467874  0.22011663  0.22559495  0.18286811  0.18286811  0.17769733  0.17769733  0.18286811  0.16746336  0.17769733  0.19331981  0.17769733  0.20392189  0.20392189  0.19331981  0.19331981  0.19331981  0.14741221  0.16239919  0.15237408  0.19860178  0.20392189  0.20392189  0.20392189  0.19860178  0.18807543  0.18286811  0.18807543  0.14248353  0.16239919  0.16239919  0.16239919  0.15736959  0.16239919  0.17769733  0.15736959  0.17769733  0.14741221  0.16746336  0.18286811  0.16239919  0.15736959  0.15736959  0.15736959  0.16746336  0.16239919  0.15237408  0.16746336  0.17256258  0.16746336  0.23111431  0.20928069  0.18807543  0.19860178  0.20392189  0.22559495  0.16239919  0.16746336  0.16239919  0.16746336  0.23111431  0.23111431  0.24227861  0.22559495  0.22011663  0.20928069  0.23667531  0.23111431  0.23111431  0.22011663  0.22011663  0.23111431  0.20928069  0.21467874  0.24792483  0.23111431  0.19860178  
68_0_0     0.08577582  0.11358430  0.12309200  0.10887606  0.08124142  0.08124142  0.11358430  0.10887606  0.10887606  0.13272398  0.10887606  0.10419772  0.04164052  0.00000000  0.00405975  0.00405975  0.00814198  0.02889945  0.17256258  0.25361466  0.25934876  0.23667531  0.24792483  0.30690247  0.24792483  0.25934876  0.24792483  0.25361466  0.26512784  0.25934876  0.28274208  0.28274208  0.28274208  0.29472326  0.28274208  0.27682376  0.28870832  0.27682376  0.22559495  0.19331981  0.18807543  0.17769733  0.18807543  0.18286811  0.19860178  0.18807543  0.23111431  0.18286811  0.17769733  0.18807543  0.18807543  0.19331981  0.18807543  0.20928069  0.22011663  0.18807543  0.22011663  0.23667531  0.19331981  0.20392189  0.17769733  0.25361466  0.23667531  0.18286811  0.18807543  0.19331981  0.15736959  0.18807543  0.20928069  0.22559495  0.23667531  0.16746336  0.18807543  0.19860178  0.18286811  0.18286811  0.21467874  0.23111431  0.23667531  0.19331981  0.19331981  0.18807543  0.18807543  0.19331981  0.17769733  0.17769733  0.19331981  0.17769733  0.19331981  0.19331981  0.19331981  0.20392189  0.20392189  0.17769733  0.18286811  0.18286811  0.19860178  0.22559495  0.20392189  0.20392189  0.19860178  0.18807543  0.18286811  0.19860178  0.16239919  0.19331981  0.19331981  0.18286811  0.17769733  0.19331981  0.19860178  0.18807543  0.19860178  0.17769733  0.19860178  0.20392189  0.19331981  0.18807543  0.18807543  0.18807543  0.19860178  0.19331981  0.18286811  0.20928069  0.19331981  0.19860178  0.23667531  0.23111431  0.19860178  0.22011663  0.21467874  0.22559495  0.19331981  0.19860178  0.19331981  0.19860178  0.24227861  0.24227861  0.26512784  0.23667531  0.23111431  0.22011663  0.25934876  0.24227861  0.24227861  0.23111431  0.23111431  0.23111431  0.20928069  0.21467874  0.25934876  0.24227861  0.17769733  
79_0_0     0.08124142  0.10887606  0.11832282  0.10419772  0.07673474  0.07673474  0.10887606  0.10419772  0.10419772  0.12789225  0.10419772  0.10887606  0.04593698  0.00405975  0.00000000  0.00000000  0.01224696  0.03312204  0.16746336  0.24792483  0.25361466  0.24227861  0.25361466  0.31306841  0.25361466  0.26512784  0.25361466  0.25934876  0.27095259  0.26512784  0.28870832  0.28870832  0.28870832  0.30078771  0.28870832  0.28274208  0.29472326  0.28274208  0.23111431  0.19860178  0.19331981  0.18286811  0.19331981  0.17769733  0.19331981  0.19331981  0.23667531  0.18807543  0.18286811  0.19331981  0.19331981  0.19860178  0.19331981  0.21467874  0.22559495  0.19331981  0.22559495  0.23111431  0.18807543  0.19860178  0.17256258  0.24792483  0.23111431  0.18807543  0.19331981  0.19860178  0.16239919  0.19331981  0.21467874  0.23111431  0.24227861  0.17256258  0.19331981  0.20392189  0.18807543  0.18807543  0.22011663  0.23667531  0.24227861  0.19860178  0.19860178  0.19331981  0.19331981  0.19860178  0.18286811  0.18286811  0.19860178  0.18286811  0.19860178  0.19860178  0.19860178  0.20928069  0.20928069  0.18286811  0.18807543  0.18807543  0.20392189  0.23111431  0.20928069  0.20928069  0.20392189  0.19331981  0.18807543  0.20392189  0.15736959  0.18807543  0.18807543  0.17769733  0.17256258  0.18807543  0.19331981  0.18286811  0.19331981  0.17256258  0.19331981  0.19860178  0.18807543  0.18286811  0.18286811  0.18286811  0.19331981  0.18807543  0.17769733  0.20392189  0.18807543  0.19331981  0.24227861  0.23667531  0.20392189  0.22559495  0.22011663  0.22011663  0.18807543  0.19331981  0.18807543  0.19331981  0.24792483  0.24792483  0.27095259  0.24227861  0.23667531  0.21467874  0.26512784  0.24792483  0.24792483  0.23667531  0.23667531  0.23667531  0.21467874  0.22011663  0.26512784  0.24792483  0.18286811  
97_0_0     0.08124142  0.10887606  0.11832282  0.10419772  0.07673474  0.07673474  0.10887606  0.10419772  0.10419772  0.12789225  0.10419772  0.10887606  0.04593698  0.00405975  0.00000000  0.00000000  0.01224696  0.03312204  0.16746336  0.24792483  0.25361466  0.24227861  0.25361466  0.31306841  0.25361466  0.26512784  0.25361466  0.25934876  0.27095259  0.26512784  0.28870832  0.28870832  0.28870832  0.30078771  0.28870832  0.28274208  0.29472326  0.28274208  0.23111431  0.19860178  0.19331981  0.18286811  0.19331981  0.17769733  0.19331981  0.19331981  0.23667531  0.18807543  0.18286811  0.19331981  0.19331981  0.19860178  0.19331981  0.21467874  0.22559495  0.19331981  0.22559495  0.23111431  0.18807543  0.19860178  0.17256258  0.24792483  0.23111431  0.18807543  0.19331981  0.19860178  0.16239919  0.19331981  0.21467874  0.23111431  0.24227861  0.17256258  0.19331981  0.20392189  0.18807543  0.18807543  0.22011663  0.23667531  0.24227861  0.19860178  0.19860178  0.19331981  0.19331981  0.19860178  0.18286811  0.18286811  0.19860178  0.18286811  0.19860178  0.19860178  0.19860178  0.20928069  0.20928069  0.18286811  0.18807543  0.18807543  0.20392189  0.23111431  0.20928069  0.20928069  0.20392189  0.19331981  0.18807543  0.20392189  0.15736959  0.18807543  0.18807543  0.17769733  0.17256258  0.18807543  0.19331981  0.18286811  0.19331981  0.17256258  0.19331981  0.19860178  0.18807543  0.18286811  0.18286811  0.18286811  0.19331981  0.18807543  0.17769733  0.20392189  0.18807543  0.19331981  0.24227861  0.23667531  0.20392189  0.22559495  0.22011663  0.22011663  0.18807543  0.19331981  0.18807543  0.19331981  0.24792483  0.24792483  0.27095259  0.24227861  0.23667531  0.21467874  0.26512784  0.24792483  0.24792483  0.23667531  0.23667531  0.23667531  0.21467874  0.22011663  0.26512784  0.24792483  0.18286811  
63_0_0     0.09492920  0.11832282  0.13272398  0.11832282  0.09033830  0.09033830  0.11358430  0.10887606  0.10887606  0.13272398  0.10887606  0.10419772  0.04164052  0.00814198  0.01224696  0.01224696  0.00000000  0.02889945  0.17256258  0.25361466  0.25934876  0.24792483  0.25934876  0.31928638  0.25934876  0.25934876  0.25934876  0.25361466  0.26512784  0.27095259  0.27095259  0.27095259  0.27095259  0.28274208  0.27095259  0.26512784  0.27682376  0.26512784  0.22559495  0.19331981  0.19860178  0.18807543  0.19860178  0.19331981  0.20928069  0.19860178  0.24227861  0.19331981  0.18807543  0.18807543  0.18807543  0.20392189  0.19860178  0.20928069  0.22011663  0.19860178  0.22011663  0.24792483  0.19331981  0.19331981  0.17769733  0.24792483  0.23111431  0.17769733  0.19331981  0.18807543  0.15237408  0.18286811  0.20392189  0.22559495  0.23667531  0.16746336  0.18807543  0.19860178  0.18286811  0.18286811  0.21467874  0.23111431  0.23667531  0.19331981  0.19331981  0.18807543  0.18807543  0.19331981  0.17769733  0.17769733  0.19331981  0.17769733  0.19331981  0.19331981  0.19331981  0.19331981  0.20392189  0.17769733  0.18286811  0.18286811  0.19860178  0.22559495  0.20392189  0.20392189  0.19860178  0.18807543  0.18286811  0.19860178  0.16239919  0.19331981  0.19331981  0.18286811  0.17769733  0.19331981  0.19860178  0.17769733  0.19860178  0.17769733  0.19860178  0.20392189  0.19331981  0.18807543  0.18807543  0.18807543  0.18807543  0.19331981  0.18286811  0.20928069  0.19331981  0.19860178  0.24792483  0.23667531  0.20928069  0.23111431  0.22559495  0.22559495  0.19331981  0.19860178  0.19331981  0.19860178  0.24227861  0.24227861  0.26512784  0.24792483  0.24227861  0.23111431  0.25934876  0.24227861  0.24227861  0.23111431  0.23111431  0.23111431  0.20928069  0.21467874  0.25934876  0.24227861  0.17769733  
72_0_0     0.10887606  0.13272398  0.13758760  0.12309200  0.10419772  0.10419772  0.09954889  0.10419772  0.10419772  0.11832282  0.09492920  0.09033830  0.04593698  0.02889945  0.03312204  0.03312204  0.02889945  0.00000000  0.18807543  0.24792483  0.25934876  0.22011663  0.24227861  0.32555726  0.27682376  0.30078771  0.27682376  0.28274208  0.28274208  0.27682376  0.31306841  0.31306841  0.31306841  0.32555726  0.31306841  0.30690247  0.29472326  0.30690247  0.23111431  0.19860178  0.20392189  0.18286811  0.20392189  0.18807543  0.20392189  0.18286811  0.22559495  0.17769733  0.18286811  0.19331981  0.19331981  0.19860178  0.19331981  0.23111431  0.24227861  0.20392189  0.21467874  0.24227861  0.19860178  0.19860178  0.19331981  0.24792483  0.24227861  0.17769733  0.19331981  0.18807543  0.17256258  0.18286811  0.19860178  0.20928069  0.23111431  0.16239919  0.18286811  0.18807543  0.17769733  0.17769733  0.19860178  0.21467874  0.20928069  0.18807543  0.18807543  0.18286811  0.18286811  0.18807543  0.18286811  0.18286811  0.18807543  0.17256258  0.18807543  0.18807543  0.18807543  0.19860178  0.18807543  0.16239919  0.16746336  0.16746336  0.18286811  0.22011663  0.18807543  0.18807543  0.17256258  0.17256258  0.16746336  0.19331981  0.15736959  0.18807543  0.18807543  0.17769733  0.17256258  0.18807543  0.19331981  0.18286811  0.19331981  0.17256258  0.19331981  0.19860178  0.18807543  0.18286811  0.18286811  0.18286811  0.19331981  0.18807543  0.17769733  0.20392189  0.18807543  0.19331981  0.25361466  0.24792483  0.21467874  0.23667531  0.19860178  0.23111431  0.18807543  0.19331981  0.18807543  0.19331981  0.24792483  0.24792483  0.25934876  0.26512784  0.25934876  0.24792483  0.27682376  0.27095259  0.27095259  0.25934876  0.24792483  0.24792483  0.22559495  0.23111431  0.26512784  0.25934876  0.16239919  
100_0_0    0.16239919  0.18807543  0.19860178  0.19331981  0.16239919  0.16239919  0.19860178  0.20392189  0.20392189  0.19860178  0.21467874  0.17769733  0.18807543  0.17256258  0.16746336  0.16746336  0.17256258  0.18807543  0.00000000  0.27682376  0.28870832  0.27095259  0.28870832  0.31928638  0.30078771  0.27682376  0.28274208  0.27682376  0.28870832  0.30078771  0.30078771  0.30690247  0.29472326  0.30690247  0.28274208  0.28870832  0.29472326  0.29472326  0.24792483  0.24792483  0.20392189  0.19860178  0.23111431  0.20392189  0.21467874  0.23111431  0.25934876  0.22559495  0.20928069  0.19860178  0.19860178  0.22559495  0.22011663  0.22011663  0.22011663  0.21467874  0.23111431  0.30690247  0.24792483  0.24792483  0.23667531  0.29472326  0.27682376  0.25361466  0.24792483  0.25361466  0.22559495  0.23667531  0.28274208  0.25361466  0.26512784  0.22011663  0.24227861  0.25361466  0.23667531  0.23667531  0.27682376  0.26512784  0.26512784  0.24227861  0.24227861  0.22559495  0.22559495  0.23111431  0.23667531  0.25934876  0.22559495  0.22559495  0.23667531  0.23667531  0.23111431  0.22559495  0.22559495  0.25361466  0.24792483  0.23667531  0.25934876  0.28274208  0.26512784  0.26512784  0.25934876  0.25934876  0.26512784  0.25934876  0.23667531  0.24227861  0.24227861  0.23111431  0.24792483  0.27095259  0.26512784  0.25361466  0.25934876  0.25361466  0.24792483  0.25361466  0.27095259  0.26512784  0.25361466  0.25361466  0.24227861  0.25934876  0.25934876  0.24227861  0.24792483  0.25361466  0.29472326  0.25361466  0.27095259  0.27682376  0.29472326  0.26512784  0.22011663  0.22559495  0.22011663  0.22559495  0.27682376  0.27682376  0.29472326  0.27682376  0.28274208  0.27095259  0.25361466  0.25934876  0.25934876  0.24792483  0.23111431  0.24227861  0.23111431  0.23667531  0.24227861  0.23667531  0.24792483  
23_1_0     0.24792483  0.25934876  0.29472326  0.28870832  0.26512784  0.26512784  0.23667531  0.24227861  0.24227861  0.24227861  0.23111431  0.25934876  0.26512784  0.25361466  0.24792483  0.24792483  0.25361466  0.24792483  0.27682376  0.00000000  0.02052616  0.11358430  0.11358430  0.26512784  0.25934876  0.29472326  0.25934876  0.25361466  0.23667531  0.23111431  0.26512784  0.27682376  0.27682376  0.28870832  0.27682376  0.28274208  0.25934876  0.26512784  0.16239919  0.16239919  0.16746336  0.15736959  0.18807543  0.18807543  0.20392189  0.17769733  0.19860178  0.19331981  0.14741221  0.15736959  0.15736959  0.17256258  0.16746336  0.20392189  0.21467874  0.17769733  0.19331981  0.30078771  0.25934876  0.29472326  0.30078771  0.24227861  0.23667531  0.25934876  0.26512784  0.25934876  0.23667531  0.24792483  0.25934876  0.28870832  0.30078771  0.24792483  0.24792483  0.24792483  0.24227861  0.24227861  0.25361466  0.28274208  0.26512784  0.24227861  0.24227861  0.24227861  0.24227861  0.24227861  0.25361466  0.27095259  0.24227861  0.23667531  0.23667531  0.23667531  0.23111431  0.24792483  0.24227861  0.24227861  0.23667531  0.25361466  0.24792483  0.24792483  0.24792483  0.24227861  0.23667531  0.24792483  0.24227861  0.25934876  0.21467874  0.23111431  0.23111431  0.23111431  0.22559495  0.24227861  0.21467874  0.22559495  0.25361466  0.24227861  0.27682376  0.27095259  0.24792483  0.25361466  0.23111431  0.23111431  0.23667531  0.23111431  0.24227861  0.24227861  0.23111431  0.23667531  0.31928638  0.25361466  0.25934876  0.25361466  0.25361466  0.18807543  0.26512784  0.27095259  0.26512784  0.25934876  0.25361466  0.25361466  0.27682376  0.27682376  0.28274208  0.27095259  0.28274208  0.26512784  0.26512784  0.26512784  0.28274208  0.28274208  0.27095259  0.26512784  0.28274208  0.27682376  0.19860178  
30_1_0     0.25361466  0.27682376  0.31306841  0.29472326  0.27095259  0.27095259  0.26512784  0.25934876  0.25934876  0.27095259  0.25934876  0.27095259  0.26512784  0.25934876  0.25361466  0.25361466  0.25934876  0.25934876  0.28870832  0.02052616  0.00000000  0.12309200  0.12309200  0.27682376  0.26512784  0.28870832  0.25361466  0.24792483  0.25361466  0.24792483  0.27095259  0.28274208  0.28274208  0.29472326  0.27682376  0.28870832  0.25934876  0.27095259  0.17256258  0.16746336  0.18286811  0.16239919  0.19331981  0.19331981  0.20928069  0.19331981  0.21467874  0.19860178  0.16239919  0.16239919  0.16239919  0.17769733  0.17256258  0.19860178  0.20928069  0.17256258  0.19860178  0.30078771  0.25934876  0.29472326  0.30078771  0.27095259  0.26512784  0.27095259  0.27682376  0.27095259  0.24227861  0.24792483  0.25934876  0.30078771  0.31306841  0.25361466  0.26512784  0.25934876  0.25934876  0.25934876  0.25934876  0.28870832  0.28274208  0.24792483  0.24792483  0.24792483  0.24792483  0.24792483  0.25934876  0.27682376  0.25934876  0.23111431  0.24227861  0.24227861  0.22559495  0.25361466  0.24792483  0.25361466  0.24792483  0.26512784  0.24792483  0.25934876  0.24792483  0.24227861  0.24792483  0.24792483  0.24227861  0.24792483  0.21467874  0.23111431  0.23111431  0.24792483  0.21467874  0.24227861  0.22559495  0.22559495  0.24227861  0.24227861  0.26512784  0.27095259  0.24792483  0.25361466  0.23111431  0.23111431  0.23667531  0.23111431  0.24227861  0.24227861  0.23111431  0.23667531  0.31306841  0.25361466  0.24792483  0.25361466  0.26512784  0.20392189  0.27682376  0.28274208  0.27682376  0.27095259  0.28274208  0.28274208  0.30078771  0.29472326  0.30078771  0.28870832  0.27682376  0.26512784  0.26512784  0.26512784  0.28274208  0.28274208  0.27095259  0.26512784  0.28274208  0.27682376  0.21467874  
