138
48_0_0     0.00000000  0.04236064  0.23296845  0.28288976  0.28288976  0.29154586  0.27433328  0.24923927  0.24105935  0.27433328  0.27433328  0.25751019  0.25751019  0.24923927  0.23296845  0.22496465  0.41433671  0.39407491  0.37435067  0.39407491  0.42467851  0.41433671  0.40413679  0.37435067  0.30916640  0.31813578  0.33640585  0.33640585  0.34571205  0.40413679  0.38414738  0.40413679  0.31813578  0.33640585  0.34571205  0.32721470  0.30916640  0.31813578  0.31813578  0.32721470  0.33640585  0.34571205  0.33640585  0.32721470  0.33640585  0.32721470  0.36468138  0.38414738  0.38414738  0.38414738  0.36468138  0.42467851  0.42467851  0.38414738  0.40413679  0.41433671  0.47866209  0.51303981  0.51303981  0.46754724  0.42467851  0.45659611  0.44580395  0.46754724  0.45659611  0.36468138  0.35513622  0.42467851  0.46754724  0.47866209  0.43516620  0.43516620  0.48994563  0.43516620  0.50140306  0.47866209  0.34571205  0.41433671  0.42467851  0.39407491  0.38414738  0.39407491  0.38414738  0.40413679  0.39407491  0.39407491  0.40413679  0.42467851  0.41433671  0.40413679  0.45659611  0.45659611  0.35513622  0.36468138  0.35513622  0.38414738  0.39407491  0.37435067  0.37435067  0.42467851  0.44580395  0.39407491  0.39407491  0.39407491  0.39407491  0.40413679  0.40413679  0.41433671  0.41433671  0.42467851  0.41433671  0.41433671  0.43516620  0.39407491  0.39407491  0.40413679  0.39407491  0.42467851  0.44580395  0.46754724  0.41433671  0.42467851  0.43516620  0.42467851  0.42467851  0.42467851  0.40413679  0.42467851  0.40413679  0.42467851  0.39407491  0.38414738  0.48994563  0.51303981  0.47866209  0.47866209  0.47866209  0.40413679  
88_0_0     0.04236064  0.00000000  0.24105935  0.27433328  0.27433328  0.28288976  0.28288976  0.24105935  0.23296845  0.24923927  0.25751019  0.24923927  0.26587415  0.24105935  0.24105935  0.23296845  0.40413679  0.38414738  0.36468138  0.40413679  0.41433671  0.40413679  0.37435067  0.34571205  0.31813578  0.32721470  0.32721470  0.32721470  0.33640585  0.41433671  0.43516620  0.43516620  0.32721470  0.35513622  0.35513622  0.35513622  0.33640585  0.34571205  0.34571205  0.35513622  0.36468138  0.33640585  0.34571205  0.33640585  0.34571205  0.33640585  0.38414738  0.40413679  0.38414738  0.38414738  0.36468138  0.42467851  0.42467851  0.37435067  0.39407491  0.40413679  0.52486161  0.53687441  0.51303981  0.48994563  0.42467851  0.45659611  0.48994563  0.46754724  0.47866209  0.36468138  0.35513622  0.40413679  0.44580395  0.45659611  0.40413679  0.41433671  0.44580395  0.41433671  0.47866209  0.45659611  0.34571205  0.43516620  0.44580395  0.39407491  0.38414738  0.39407491  0.38414738  0.40413679  0.39407491  0.39407491  0.40413679  0.42467851  0.41433671  0.40413679  0.45659611  0.45659611  0.37435067  0.36468138  0.35513622  0.38414738  0.39407491  0.37435067  0.37435067  0.40413679  0.42467851  0.37435067  0.37435067  0.37435067  0.39407491  0.38414738  0.38414738  0.39407491  0.39407491  0.40413679  0.41433671  0.41433671  0.41433671  0.37435067  0.37435067  0.38414738  0.39407491  0.40413679  0.42467851  0.44580395  0.41433671  0.42467851  0.43516620  0.42467851  0.42467851  0.42467851  0.40413679  0.42467851  0.42467851  0.40413679  0.40413679  0.39407491  0.45659611  0.47866209  0.46754724  0.46754724  0.46754724  0.39407491  
92_0_0     0.23296845  0.24105935  0.00000000  0.24105935  0.22496465  0.23296845  0.28288976  0.18618925  0.22496465  0.24923927  0.22496465  0.24105935  0.22496465  0.23296845  0.24105935  0.23296845  0.31813578  0.29154586  0.27433328  0.29154586  0.30916640  0.29154586  0.28288976  0.27433328  0.29154586  0.30916640  0.23296845  0.24923927  0.24105935  0.28288976  0.33640585  0.37435067  0.29154586  0.30916640  0.33640585  0.30916640  0.28288976  0.30030393  0.26587415  0.27433328  0.30030393  0.29154586  0.31813578  0.32721470  0.34571205  0.32721470  0.33640585  0.38414738  0.39407491  0.39407491  0.39407491  0.41433671  0.41433671  0.30030393  0.33640585  0.34571205  0.35513622  0.38414738  0.38414738  0.40413679  0.41433671  0.42467851  0.41433671  0.43516620  0.42467851  0.37435067  0.36468138  0.42467851  0.44580395  0.50140306  0.42467851  0.42467851  0.45659611  0.36468138  0.41433671  0.40413679  0.34571205  0.43516620  0.46754724  0.38414738  0.36468138  0.36468138  0.35513622  0.37435067  0.36468138  0.36468138  0.37435067  0.35513622  0.38414738  0.37435067  0.43516620  0.43516620  0.34571205  0.35513622  0.34571205  0.39407491  0.39407491  0.37435067  0.36468138  0.45659611  0.47866209  0.40413679  0.40413679  0.40413679  0.40413679  0.39407491  0.39407491  0.42467851  0.42467851  0.43516620  0.41433671  0.41433671  0.43516620  0.38414738  0.38414738  0.37435067  0.39407491  0.38414738  0.40413679  0.42467851  0.37435067  0.38414738  0.39407491  0.39407491  0.41433671  0.40413679  0.38414738  0.34571205  0.32721470  0.41433671  0.35513622  0.34571205  0.57412325  0.40413679  0.38414738  0.38414738  0.40413679  0.35513622  
74_0_0     0.28288976  0.27433328  0.24105935  0.00000000  0.01185878  0.02390978  0.16385900  0.16385900  0.14217992  0.20145760  0.15656217  0.15656217  0.17122814  0.17867106  0.15656217  0.14933627  0.28288976  0.24923927  0.21704610  0.23296845  0.26587415  0.26587415  0.27433328  0.28288976  0.24105935  0.24923927  0.22496465  0.20921100  0.23296845  0.24923927  0.28288976  0.31813578  0.20921100  0.24923927  0.25751019  0.24923927  0.24923927  0.22496465  0.22496465  0.26587415  0.24105935  0.21704610  0.25751019  0.24923927  0.27433328  0.24105935  0.29154586  0.28288976  0.31813578  0.31813578  0.31813578  0.41433671  0.41433671  0.30030393  0.28288976  0.29154586  0.37435067  0.40413679  0.35513622  0.34571205  0.36468138  0.37435067  0.37435067  0.37435067  0.37435067  0.34571205  0.35513622  0.32721470  0.38414738  0.42467851  0.37435067  0.37435067  0.42467851  0.40413679  0.43516620  0.41433671  0.32721470  0.36468138  0.38414738  0.33640585  0.32721470  0.33640585  0.32721470  0.34571205  0.31813578  0.31813578  0.32721470  0.30916640  0.33640585  0.32721470  0.30030393  0.30030393  0.31813578  0.32721470  0.31813578  0.35513622  0.36468138  0.34571205  0.34571205  0.37435067  0.41433671  0.33640585  0.33640585  0.35513622  0.35513622  0.36468138  0.36468138  0.35513622  0.35513622  0.36468138  0.38414738  0.37435067  0.38414738  0.35513622  0.37435067  0.36468138  0.35513622  0.34571205  0.36468138  0.37435067  0.37435067  0.36468138  0.37435067  0.40413679  0.40413679  0.34571205  0.32721470  0.32721470  0.32721470  0.35513622  0.31813578  0.30916640  0.44580395  0.37435067  0.39407491  0.39407491  0.41433671  0.32721470  
93_0_0     0.28288976  0.27433328  0.22496465  0.01185878  0.00000000  0.01185878  0.14933627  0.16385900  0.14217992  0.18618925  0.15656217  0.15656217  0.15656217  0.17867106  0.15656217  0.14933627  0.29154586  0.26587415  0.23296845  0.24923927  0.28288976  0.26587415  0.27433328  0.28288976  0.25751019  0.26587415  0.24105935  0.22496465  0.24923927  0.24923927  0.28288976  0.33640585  0.22496465  0.24923927  0.25751019  0.24923927  0.24923927  0.22496465  0.22496465  0.26587415  0.24105935  0.21704610  0.25751019  0.24923927  0.27433328  0.24105935  0.29154586  0.30030393  0.33640585  0.33640585  0.33640585  0.41433671  0.41433671  0.30030393  0.28288976  0.29154586  0.37435067  0.40413679  0.35513622  0.33640585  0.35513622  0.36468138  0.37435067  0.37435067  0.37435067  0.34571205  0.35513622  0.34571205  0.40413679  0.44580395  0.35513622  0.35513622  0.40413679  0.40413679  0.43516620  0.41433671  0.32721470  0.38414738  0.40413679  0.35513622  0.34571205  0.35513622  0.34571205  0.36468138  0.33640585  0.33640585  0.34571205  0.32721470  0.35513622  0.34571205  0.31813578  0.31813578  0.33640585  0.32721470  0.31813578  0.35513622  0.38414738  0.36468138  0.36468138  0.37435067  0.41433671  0.33640585  0.33640585  0.35513622  0.35513622  0.36468138  0.36468138  0.37435067  0.37435067  0.38414738  0.38414738  0.37435067  0.38414738  0.33640585  0.37435067  0.36468138  0.35513622  0.34571205  0.34571205  0.37435067  0.36468138  0.35513622  0.36468138  0.39407491  0.39407491  0.33640585  0.31813578  0.31813578  0.31813578  0.34571205  0.31813578  0.30916640  0.42467851  0.35513622  0.37435067  0.37435067  0.39407491  0.33640585  
84_0_0     0.29154586  0.28288976  0.23296845  0.02390978  0.01185878  0.00000000  0.15656217  0.17122814  0.13509179  0.17867106  0.17122814  0.17122814  0.15656217  0.19378423  0.17122814  0.16385900  0.30030393  0.27433328  0.24105935  0.25751019  0.29154586  0.27433328  0.26587415  0.29154586  0.26587415  0.27433328  0.23296845  0.21704610  0.24105935  0.25751019  0.27433328  0.32721470  0.23296845  0.25751019  0.24923927  0.24105935  0.24105935  0.23296845  0.24105935  0.27433328  0.23296845  0.22496465  0.26587415  0.25751019  0.28288976  0.24923927  0.28288976  0.30916640  0.32721470  0.32721470  0.34571205  0.40413679  0.40413679  0.30030393  0.28288976  0.29154586  0.37435067  0.40413679  0.35513622  0.33640585  0.35513622  0.36468138  0.38414738  0.38414738  0.38414738  0.33640585  0.34571205  0.33640585  0.39407491  0.43516620  0.36468138  0.36468138  0.41433671  0.41433671  0.44580395  0.42467851  0.33640585  0.39407491  0.41433671  0.36468138  0.35513622  0.36468138  0.35513622  0.37435067  0.32721470  0.32721470  0.33640585  0.31813578  0.34571205  0.33640585  0.31813578  0.31813578  0.32721470  0.33640585  0.32721470  0.34571205  0.37435067  0.35513622  0.35513622  0.38414738  0.42467851  0.34571205  0.34571205  0.36468138  0.36468138  0.37435067  0.37435067  0.36468138  0.36468138  0.37435067  0.37435067  0.36468138  0.37435067  0.34571205  0.38414738  0.37435067  0.36468138  0.33640585  0.33640585  0.36468138  0.37435067  0.36468138  0.37435067  0.40413679  0.40413679  0.34571205  0.32721470  0.32721470  0.32721470  0.35513622  0.32721470  0.31813578  0.40413679  0.34571205  0.36468138  0.36468138  0.38414738  0.34571205  
42_0_0     0.27433328  0.28288976  0.28288976  0.16385900  0.14933627  0.15656217  0.00000000  0.11422407  0.10063071  0.12807061  0.14217992  0.14933627  0.14217992  0.14933627  0.13509179  0.12807061  0.31813578  0.29154586  0.28288976  0.26587415  0.30916640  0.29154586  0.36468138  0.33640585  0.27433328  0.26587415  0.20921100  0.20921100  0.21704610  0.24923927  0.24923927  0.29154586  0.24105935  0.26587415  0.27433328  0.26587415  0.25751019  0.22496465  0.27433328  0.27433328  0.23296845  0.22496465  0.24923927  0.24105935  0.30030393  0.26587415  0.26587415  0.31813578  0.32721470  0.32721470  0.30916640  0.38414738  0.38414738  0.31813578  0.30030393  0.30916640  0.35513622  0.36468138  0.36468138  0.34571205  0.36468138  0.35513622  0.40413679  0.40413679  0.38414738  0.32721470  0.33640585  0.32721470  0.40413679  0.42467851  0.33640585  0.37435067  0.40413679  0.42467851  0.43516620  0.43516620  0.33640585  0.40413679  0.39407491  0.36468138  0.33640585  0.39407491  0.40413679  0.42467851  0.37435067  0.37435067  0.38414738  0.36468138  0.39407491  0.38414738  0.36468138  0.36468138  0.34571205  0.37435067  0.36468138  0.39407491  0.41433671  0.39407491  0.37435067  0.33640585  0.35513622  0.31813578  0.31813578  0.33640585  0.33640585  0.34571205  0.34571205  0.37435067  0.37435067  0.37435067  0.38414738  0.37435067  0.38414738  0.33640585  0.36468138  0.36468138  0.33640585  0.36468138  0.35513622  0.38414738  0.35513622  0.34571205  0.35513622  0.36468138  0.36468138  0.32721470  0.30916640  0.32721470  0.33640585  0.34571205  0.36468138  0.35513622  0.42467851  0.35513622  0.36468138  0.36468138  0.36468138  0.35513622  
56_0_0     0.24923927  0.24105935  0.18618925  0.16385900  0.16385900  0.17122814  0.11422407  0.00000000  0.04861410  0.07416759  0.08728142  0.08728142  0.08728142  0.08069559  0.07416759  0.06769641  0.27433328  0.24105935  0.25751019  0.25751019  0.28288976  0.26587415  0.31813578  0.30916640  0.26587415  0.27433328  0.17122814  0.18618925  0.17867106  0.24923927  0.28288976  0.30030393  0.26587415  0.30916640  0.31813578  0.30916640  0.30916640  0.28288976  0.30030393  0.30916640  0.28288976  0.25751019  0.26587415  0.29154586  0.31813578  0.30030393  0.28288976  0.30916640  0.33640585  0.33640585  0.31813578  0.34571205  0.34571205  0.29154586  0.30916640  0.31813578  0.36468138  0.39407491  0.37435067  0.37435067  0.35513622  0.36468138  0.40413679  0.40413679  0.39407491  0.30916640  0.31813578  0.30916640  0.36468138  0.38414738  0.36468138  0.37435067  0.45659611  0.42467851  0.45659611  0.45659611  0.32721470  0.41433671  0.42467851  0.35513622  0.32721470  0.37435067  0.36468138  0.38414738  0.37435067  0.37435067  0.38414738  0.34571205  0.39407491  0.38414738  0.36468138  0.36468138  0.33640585  0.34571205  0.33640585  0.38414738  0.38414738  0.36468138  0.34571205  0.39407491  0.39407491  0.35513622  0.35513622  0.35513622  0.37435067  0.36468138  0.36468138  0.35513622  0.35513622  0.36468138  0.38414738  0.38414738  0.38414738  0.35513622  0.37435067  0.38414738  0.35513622  0.33640585  0.35513622  0.39407491  0.34571205  0.35513622  0.36468138  0.34571205  0.36468138  0.31813578  0.31813578  0.33640585  0.36468138  0.38414738  0.32721470  0.31813578  0.46754724  0.32721470  0.32721470  0.32721470  0.32721470  0.36468138  
29_0_0     0.24105935  0.23296845  0.22496465  0.14217992  0.14217992  0.13509179  0.10063071  0.04861410  0.00000000  0.06128107  0.07416759  0.07416759  0.06128107  0.06769641  0.06769641  0.06128107  0.27433328  0.24105935  0.25751019  0.25751019  0.28288976  0.26587415  0.29154586  0.30030393  0.21704610  0.24105935  0.17122814  0.18618925  0.17867106  0.24923927  0.24923927  0.28288976  0.23296845  0.29154586  0.24923927  0.24105935  0.27433328  0.24923927  0.26587415  0.27433328  0.23296845  0.22496465  0.23296845  0.25751019  0.26587415  0.26587415  0.28288976  0.31813578  0.32721470  0.32721470  0.32721470  0.30916640  0.30916640  0.27433328  0.29154586  0.30030393  0.34571205  0.37435067  0.35513622  0.34571205  0.34571205  0.33640585  0.39407491  0.39407491  0.37435067  0.29154586  0.30030393  0.29154586  0.36468138  0.36468138  0.35513622  0.36468138  0.41433671  0.40413679  0.45659611  0.43516620  0.30916640  0.39407491  0.40413679  0.33640585  0.32721470  0.35513622  0.36468138  0.38414738  0.33640585  0.33640585  0.34571205  0.32721470  0.35513622  0.34571205  0.33640585  0.33640585  0.30030393  0.32721470  0.31813578  0.34571205  0.34571205  0.32721470  0.32721470  0.37435067  0.37435067  0.31813578  0.31813578  0.31813578  0.33640585  0.32721470  0.32721470  0.31813578  0.31813578  0.32721470  0.34571205  0.34571205  0.34571205  0.31813578  0.35513622  0.34571205  0.33640585  0.30030393  0.30030393  0.33640585  0.32721470  0.33640585  0.34571205  0.37435067  0.37435067  0.31813578  0.30030393  0.31813578  0.33640585  0.34571205  0.31813578  0.30916640  0.41433671  0.30030393  0.31813578  0.31813578  0.31813578  0.33640585  
81_0_0     0.27433328  0.24923927  0.24923927  0.20145760  0.18618925  0.17867106  0.12807061  0.07416759  0.06128107  0.00000000  0.10739632  0.10063071  0.07416759  0.08069559  0.09392610  0.08728142  0.26587415  0.25751019  0.24105935  0.25751019  0.28288976  0.26587415  0.29154586  0.30030393  0.26587415  0.27433328  0.20145760  0.21704610  0.20921100  0.23296845  0.23296845  0.28288976  0.25751019  0.28288976  0.27433328  0.26587415  0.28288976  0.27433328  0.27433328  0.28288976  0.24105935  0.23296845  0.22496465  0.24923927  0.27433328  0.26587415  0.29154586  0.32721470  0.31813578  0.31813578  0.31813578  0.35513622  0.35513622  0.26587415  0.28288976  0.29154586  0.35513622  0.36468138  0.36468138  0.33640585  0.30916640  0.31813578  0.39407491  0.37435067  0.37435067  0.29154586  0.30030393  0.27433328  0.32721470  0.36468138  0.30030393  0.30916640  0.38414738  0.39407491  0.40413679  0.40413679  0.30030393  0.38414738  0.39407491  0.32721470  0.30030393  0.36468138  0.35513622  0.37435067  0.32721470  0.32721470  0.33640585  0.37435067  0.34571205  0.33640585  0.34571205  0.34571205  0.29154586  0.31813578  0.30916640  0.35513622  0.33640585  0.31813578  0.30030393  0.32721470  0.32721470  0.29154586  0.29154586  0.29154586  0.30916640  0.30030393  0.30030393  0.30916640  0.30916640  0.31813578  0.31813578  0.31813578  0.31813578  0.29154586  0.30916640  0.31813578  0.30916640  0.25751019  0.27433328  0.30916640  0.31813578  0.32721470  0.33640585  0.35513622  0.33640585  0.32721470  0.30916640  0.34571205  0.36468138  0.33640585  0.34571205  0.33640585  0.43516620  0.27433328  0.27433328  0.27433328  0.27433328  0.36468138  
59_0_0     0.27433328  0.25751019  0.22496465  0.15656217  0.15656217  0.17122814  0.14217992  0.08728142  0.07416759  0.10739632  0.00000000  0.04861410  0.06128107  0.06128107  0.08069559  0.07416759  0.28288976  0.26587415  0.24923927  0.26587415  0.29154586  0.27433328  0.31813578  0.30916640  0.23296845  0.27433328  0.20145760  0.21704610  0.19378423  0.24923927  0.26587415  0.29154586  0.26587415  0.30916640  0.31813578  0.30916640  0.32721470  0.30030393  0.26587415  0.34571205  0.30030393  0.27433328  0.26587415  0.27433328  0.28288976  0.26587415  0.32721470  0.35513622  0.36468138  0.36468138  0.36468138  0.39407491  0.39407491  0.30916640  0.32721470  0.33640585  0.40413679  0.40413679  0.38414738  0.40413679  0.37435067  0.38414738  0.39407491  0.38414738  0.37435067  0.32721470  0.31813578  0.30030393  0.35513622  0.37435067  0.40413679  0.39407491  0.45659611  0.41433671  0.46754724  0.44580395  0.31813578  0.37435067  0.38414738  0.32721470  0.31813578  0.36468138  0.33640585  0.35513622  0.36468138  0.36468138  0.37435067  0.35513622  0.38414738  0.37435067  0.31813578  0.31813578  0.32721470  0.33640585  0.32721470  0.37435067  0.37435067  0.35513622  0.35513622  0.36468138  0.36468138  0.32721470  0.32721470  0.30916640  0.32721470  0.31813578  0.31813578  0.32721470  0.32721470  0.33640585  0.35513622  0.35513622  0.35513622  0.29154586  0.32721470  0.33640585  0.31813578  0.29154586  0.30916640  0.34571205  0.32721470  0.33640585  0.34571205  0.39407491  0.37435067  0.31813578  0.30030393  0.31813578  0.33640585  0.33640585  0.34571205  0.33640585  0.48994563  0.30030393  0.33640585  0.33640585  0.33640585  0.35513622  
32_0_0     0.25751019  0.24923927  0.24105935  0.15656217  0.15656217  0.17122814  0.14933627  0.08728142  0.07416759  0.10063071  0.04861410  0.00000000  0.04861410  0.05492061  0.06769641  0.06128107  0.27433328  0.25751019  0.23296845  0.24923927  0.26587415  0.25751019  0.30916640  0.30030393  0.23296845  0.27433328  0.19378423  0.20921100  0.20145760  0.24923927  0.26587415  0.29154586  0.24105935  0.28288976  0.29154586  0.28288976  0.30030393  0.27433328  0.25751019  0.31813578  0.27433328  0.24923927  0.25751019  0.26587415  0.27433328  0.25751019  0.33640585  0.34571205  0.36468138  0.36468138  0.36468138  0.37435067  0.37435067  0.30030393  0.30916640  0.31813578  0.38414738  0.41433671  0.37435067  0.38414738  0.39407491  0.39407491  0.37435067  0.37435067  0.35513622  0.29154586  0.28288976  0.29154586  0.32721470  0.38414738  0.37435067  0.37435067  0.47866209  0.43516620  0.48994563  0.46754724  0.30916640  0.35513622  0.36468138  0.30916640  0.30030393  0.32721470  0.30030393  0.31813578  0.35513622  0.35513622  0.36468138  0.36468138  0.37435067  0.36468138  0.30030393  0.30030393  0.29154586  0.30030393  0.29154586  0.33640585  0.33640585  0.31813578  0.31813578  0.34571205  0.34571205  0.30916640  0.30916640  0.29154586  0.30916640  0.30030393  0.30030393  0.30916640  0.30916640  0.31813578  0.33640585  0.33640585  0.33640585  0.29154586  0.30916640  0.31813578  0.30916640  0.27433328  0.29154586  0.32721470  0.30030393  0.30916640  0.31813578  0.34571205  0.34571205  0.30916640  0.29154586  0.30916640  0.32721470  0.31813578  0.33640585  0.32721470  0.47866209  0.32721470  0.36468138  0.36468138  0.36468138  0.36468138  
65_0_0     0.25751019  0.26587415  0.22496465  0.17122814  0.15656217  0.15656217  0.14217992  0.08728142  0.06128107  0.07416759  0.06128107  0.04861410  0.00000000  0.03000933  0.06769641  0.06128107  0.26587415  0.25751019  0.24105935  0.25751019  0.28288976  0.26587415  0.27433328  0.28288976  0.21704610  0.25751019  0.18618925  0.20145760  0.19378423  0.23296845  0.23296845  0.28288976  0.27433328  0.30030393  0.25751019  0.24923927  0.26587415  0.25751019  0.25751019  0.30030393  0.24105935  0.24923927  0.24105935  0.24923927  0.25751019  0.24105935  0.32721470  0.36468138  0.37435067  0.37435067  0.37435067  0.37435067  0.37435067  0.28288976  0.30030393  0.30916640  0.35513622  0.38414738  0.36468138  0.39407491  0.37435067  0.38414738  0.38414738  0.40413679  0.38414738  0.30030393  0.29154586  0.30030393  0.35513622  0.39407491  0.37435067  0.36468138  0.46754724  0.46754724  0.50140306  0.47866209  0.35513622  0.41433671  0.42467851  0.36468138  0.35513622  0.38414738  0.35513622  0.37435067  0.38414738  0.38414738  0.39407491  0.39407491  0.40413679  0.39407491  0.35513622  0.35513622  0.32721470  0.35513622  0.34571205  0.37435067  0.37435067  0.35513622  0.35513622  0.38414738  0.38414738  0.34571205  0.34571205  0.32721470  0.32721470  0.33640585  0.33640585  0.34571205  0.34571205  0.35513622  0.33640585  0.33640585  0.35513622  0.32721470  0.34571205  0.35513622  0.34571205  0.29154586  0.30916640  0.34571205  0.33640585  0.34571205  0.35513622  0.38414738  0.38414738  0.34571205  0.32721470  0.34571205  0.34571205  0.35513622  0.35513622  0.34571205  0.44580395  0.31813578  0.31813578  0.31813578  0.31813578  0.37435067  
68_0_0     0.24923927  0.24105935  0.23296845  0.17867106  0.17867106  0.19378423  0.14933627  0.08069559  0.06769641  0.08069559  0.06128107  0.05492061  0.03000933  0.00000000  0.06128107  0.05492061  0.26587415  0.24923927  0.21704610  0.23296845  0.25751019  0.24105935  0.28288976  0.27433328  0.22496465  0.26587415  0.19378423  0.20921100  0.20145760  0.22496465  0.24105935  0.27433328  0.26587415  0.30916640  0.28288976  0.27433328  0.29154586  0.26587415  0.26587415  0.30916640  0.26587415  0.25751019  0.24923927  0.25751019  0.26587415  0.24923927  0.33640585  0.33640585  0.34571205  0.34571205  0.32721470  0.36468138  0.36468138  0.30030393  0.31813578  0.32721470  0.37435067  0.38414738  0.38414738  0.41433671  0.37435067  0.38414738  0.41433671  0.41433671  0.41433671  0.32721470  0.31813578  0.30916640  0.36468138  0.38414738  0.36468138  0.37435067  0.45659611  0.43516620  0.48994563  0.46754724  0.34571205  0.40413679  0.41433671  0.35513622  0.34571205  0.37435067  0.36468138  0.38414738  0.39407491  0.39407491  0.40413679  0.40413679  0.41433671  0.40413679  0.36468138  0.36468138  0.33640585  0.34571205  0.33640585  0.38414738  0.38414738  0.36468138  0.36468138  0.37435067  0.37435067  0.33640585  0.33640585  0.31813578  0.31813578  0.32721470  0.32721470  0.33640585  0.33640585  0.34571205  0.34571205  0.34571205  0.36468138  0.31813578  0.33640585  0.34571205  0.35513622  0.30030393  0.31813578  0.35513622  0.34571205  0.35513622  0.36468138  0.39407491  0.39407491  0.35513622  0.33640585  0.35513622  0.35513622  0.34571205  0.34571205  0.33640585  0.47866209  0.32721470  0.32721470  0.32721470  0.32721470  0.35513622  
61_0_0     0.23296845  0.24105935  0.24105935  0.15656217  0.15656217  0.17122814  0.13509179  0.07416759  0.06769641  0.09392610  0.08069559  0.06769641  0.06769641  0.06128107  0.00000000  0.00590575  0.28288976  0.24923927  0.24923927  0.24923927  0.29154586  0.27433328  0.33640585  0.32721470  0.24105935  0.27433328  0.20921100  0.22496465  0.21704610  0.27433328  0.27433328  0.30916640  0.24923927  0.29154586  0.28288976  0.27433328  0.29154586  0.26587415  0.26587415  0.29154586  0.26587415  0.25751019  0.26587415  0.29154586  0.28288976  0.28288976  0.30916640  0.29154586  0.33640585  0.33640585  0.31813578  0.35513622  0.35513622  0.30030393  0.30030393  0.30916640  0.37435067  0.40413679  0.38414738  0.36468138  0.34571205  0.35513622  0.40413679  0.40413679  0.39407491  0.32721470  0.33640585  0.30916640  0.36468138  0.39407491  0.37435067  0.40413679  0.45659611  0.42467851  0.47866209  0.45659611  0.32721470  0.38414738  0.39407491  0.35513622  0.34571205  0.37435067  0.36468138  0.38414738  0.37435067  0.37435067  0.38414738  0.38414738  0.39407491  0.38414738  0.36468138  0.36468138  0.31813578  0.34571205  0.33640585  0.38414738  0.38414738  0.36468138  0.36468138  0.39407491  0.39407491  0.33640585  0.33640585  0.33640585  0.35513622  0.34571205  0.34571205  0.37435067  0.37435067  0.38414738  0.40413679  0.40413679  0.40413679  0.33640585  0.35513622  0.36468138  0.35513622  0.31813578  0.33640585  0.37435067  0.34571205  0.35513622  0.36468138  0.38414738  0.38414738  0.35513622  0.33640585  0.35513622  0.37435067  0.36468138  0.32721470  0.31813578  0.46754724  0.34571205  0.36468138  0.36468138  0.36468138  0.37435067  
75_0_0     0.22496465  0.23296845  0.23296845  0.14933627  0.14933627  0.16385900  0.12807061  0.06769641  0.06128107  0.08728142  0.07416759  0.06128107  0.06128107  0.05492061  0.00590575  0.00000000  0.29154586  0.25751019  0.25751019  0.25751019  0.30030393  0.28288976  0.32721470  0.31813578  0.23296845  0.27433328  0.20145760  0.21704610  0.20921100  0.26587415  0.26587415  0.30030393  0.25751019  0.30030393  0.29154586  0.28288976  0.30030393  0.27433328  0.27433328  0.30030393  0.27433328  0.26587415  0.25751019  0.28288976  0.29154586  0.27433328  0.31813578  0.30030393  0.34571205  0.34571205  0.32721470  0.36468138  0.36468138  0.30916640  0.30916640  0.31813578  0.38414738  0.41433671  0.39407491  0.37435067  0.35513622  0.36468138  0.41433671  0.41433671  0.40413679  0.31813578  0.32721470  0.31813578  0.37435067  0.40413679  0.38414738  0.39407491  0.46754724  0.43516620  0.48994563  0.46754724  0.33640585  0.39407491  0.40413679  0.36468138  0.35513622  0.38414738  0.37435067  0.39407491  0.38414738  0.38414738  0.39407491  0.39407491  0.40413679  0.39407491  0.37435067  0.37435067  0.32721470  0.35513622  0.34571205  0.39407491  0.39407491  0.37435067  0.37435067  0.40413679  0.40413679  0.34571205  0.34571205  0.34571205  0.36468138  0.35513622  0.35513622  0.36468138  0.36468138  0.37435067  0.39407491  0.39407491  0.39407491  0.34571205  0.36468138  0.37435067  0.36468138  0.32721470  0.34571205  0.38414738  0.35513622  0.36468138  0.37435067  0.39407491  0.39407491  0.36468138  0.34571205  0.36468138  0.38414738  0.37435067  0.33640585  0.32721470  0.47866209  0.35513622  0.37435067  0.37435067  0.37435067  0.38414738  
19_0_0     0.41433671  0.40413679  0.31813578  0.28288976  0.29154586  0.30030393  0.31813578  0.27433328  0.27433328  0.26587415  0.28288976  0.27433328  0.26587415  0.26587415  0.28288976  0.29154586  0.00000000  0.03615934  0.12807061  0.11422407  0.13509179  0.12111511  0.15656217  0.14933627  0.14933627  0.14933627  0.14217992  0.15656217  0.14217992  0.11422407  0.17122814  0.17867106  0.21704610  0.24923927  0.25751019  0.24923927  0.23296845  0.19378423  0.22496465  0.26587415  0.22496465  0.21704610  0.27433328  0.26587415  0.29154586  0.29154586  0.36468138  0.32721470  0.36468138  0.36468138  0.36468138  0.47866209  0.47866209  0.27433328  0.29154586  0.30030393  0.39407491  0.42467851  0.42467851  0.40413679  0.43516620  0.44580395  0.36468138  0.36468138  0.34571205  0.34571205  0.32721470  0.32721470  0.33640585  0.41433671  0.35513622  0.39407491  0.44580395  0.41433671  0.38414738  0.40413679  0.31813578  0.33640585  0.36468138  0.28288976  0.25751019  0.28288976  0.29154586  0.29154586  0.30916640  0.30916640  0.30916640  0.34571205  0.30916640  0.31813578  0.30916640  0.30916640  0.29154586  0.28288976  0.27433328  0.37435067  0.30030393  0.28288976  0.28288976  0.36468138  0.40413679  0.34571205  0.34571205  0.32721470  0.32721470  0.34571205  0.34571205  0.33640585  0.33640585  0.34571205  0.33640585  0.32721470  0.35513622  0.34571205  0.36468138  0.35513622  0.32721470  0.35513622  0.35513622  0.37435067  0.34571205  0.35513622  0.36468138  0.31813578  0.32721470  0.37435067  0.35513622  0.35513622  0.34571205  0.36468138  0.34571205  0.33640585  0.45659611  0.34571205  0.30916640  0.30916640  0.30916640  0.30916640  
54_0_0     0.39407491  0.38414738  0.29154586  0.24923927  0.26587415  0.27433328  0.29154586  0.24105935  0.24105935  0.25751019  0.26587415  0.25751019  0.25751019  0.24923927  0.24923927  0.25751019  0.03615934  0.00000000  0.11422407  0.10063071  0.12111511  0.10739632  0.16385900  0.15656217  0.14933627  0.14933627  0.11422407  0.12807061  0.11422407  0.12111511  0.17867106  0.17867106  0.20145760  0.24105935  0.26587415  0.24105935  0.24105935  0.20145760  0.21704610  0.24105935  0.21704610  0.20921100  0.24923927  0.25751019  0.27433328  0.28288976  0.35513622  0.32721470  0.32721470  0.32721470  0.32721470  0.43516620  0.43516620  0.26587415  0.28288976  0.29154586  0.36468138  0.39407491  0.39407491  0.39407491  0.43516620  0.44580395  0.41433671  0.41433671  0.39407491  0.33640585  0.33640585  0.30916640  0.33640585  0.41433671  0.37435067  0.41433671  0.43516620  0.40413679  0.40413679  0.42467851  0.30030393  0.33640585  0.36468138  0.28288976  0.25751019  0.28288976  0.29154586  0.29154586  0.29154586  0.29154586  0.30030393  0.33640585  0.30916640  0.30030393  0.30916640  0.30916640  0.27433328  0.28288976  0.27433328  0.35513622  0.30030393  0.28288976  0.28288976  0.35513622  0.39407491  0.31813578  0.31813578  0.31813578  0.31813578  0.33640585  0.33640585  0.33640585  0.33640585  0.34571205  0.34571205  0.33640585  0.36468138  0.33640585  0.35513622  0.34571205  0.31813578  0.34571205  0.34571205  0.36468138  0.33640585  0.34571205  0.35513622  0.32721470  0.33640585  0.36468138  0.34571205  0.34571205  0.33640585  0.33640585  0.32721470  0.31813578  0.44580395  0.33640585  0.33640585  0.33640585  0.33640585  0.29154586  
30_3_0     0.37435067  0.36468138  0.27433328  0.21704610  0.23296845  0.24105935  0.28288976  0.25751019  0.25751019  0.24105935  0.24923927  0.23296845  0.24105935  0.21704610  0.24923927  0.25751019  0.12807061  0.11422407  0.00000000  0.02390978  0.09392610  0.09392610  0.15656217  0.16385900  0.12111511  0.12111511  0.12807061  0.12807061  0.13509179  0.13509179  0.17867106  0.19378423  0.14217992  0.19378423  0.21704610  0.17867106  0.17867106  0.15656217  0.15656217  0.22496465  0.17122814  0.16385900  0.21704610  0.19378423  0.21704610  0.21704610  0.36468138  0.33640585  0.33640585  0.33640585  0.33640585  0.44580395  0.44580395  0.27433328  0.27433328  0.28288976  0.29154586  0.30030393  0.30030393  0.31813578  0.35513622  0.34571205  0.30916640  0.30916640  0.30916640  0.29154586  0.27433328  0.23296845  0.25751019  0.32721470  0.30916640  0.36468138  0.41433671  0.39407491  0.39407491  0.39407491  0.30916640  0.32721470  0.35513622  0.29154586  0.28288976  0.25751019  0.24923927  0.24923927  0.31813578  0.31813578  0.32721470  0.36468138  0.33640585  0.32721470  0.31813578  0.31813578  0.28288976  0.27433328  0.26587415  0.33640585  0.30916640  0.29154586  0.29154586  0.27433328  0.30916640  0.27433328  0.27433328  0.25751019  0.25751019  0.27433328  0.27433328  0.29154586  0.29154586  0.30030393  0.30030393  0.29154586  0.31813578  0.27433328  0.26587415  0.27433328  0.27433328  0.24923927  0.28288976  0.30030393  0.30916640  0.31813578  0.30916640  0.33640585  0.33640585  0.33640585  0.31813578  0.31813578  0.29154586  0.27433328  0.32721470  0.31813578  0.46754724  0.30916640  0.30916640  0.30916640  0.32721470  0.27433328  
49_3_0     0.39407491  0.40413679  0.29154586  0.23296845  0.24923927  0.25751019  0.26587415  0.25751019  0.25751019  0.25751019  0.26587415  0.24923927  0.25751019  0.23296845  0.24923927  0.25751019  0.11422407  0.10063071  0.02390978  0.00000000  0.09392610  0.09392610  0.16385900  0.17122814  0.12111511  0.12111511  0.12807061  0.12807061  0.13509179  0.12111511  0.16385900  0.17867106  0.14217992  0.19378423  0.21704610  0.17867106  0.17867106  0.15656217  0.15656217  0.22496465  0.17122814  0.17867106  0.20145760  0.19378423  0.21704610  0.21704610  0.33640585  0.30916640  0.30916640  0.30916640  0.30916640  0.45659611  0.45659611  0.29154586  0.29154586  0.30030393  0.29154586  0.30030393  0.30030393  0.31813578  0.37435067  0.36468138  0.30916640  0.30916640  0.30916640  0.30916640  0.29154586  0.23296845  0.25751019  0.34571205  0.32721470  0.38414738  0.43516620  0.39407491  0.39407491  0.39407491  0.30916640  0.30916640  0.33640585  0.29154586  0.28288976  0.25751019  0.26587415  0.26587415  0.31813578  0.31813578  0.32721470  0.36468138  0.33640585  0.32721470  0.31813578  0.31813578  0.26587415  0.27433328  0.26587415  0.33640585  0.30916640  0.29154586  0.29154586  0.29154586  0.32721470  0.29154586  0.29154586  0.27433328  0.27433328  0.29154586  0.29154586  0.29154586  0.29154586  0.30030393  0.30030393  0.29154586  0.31813578  0.29154586  0.30030393  0.29154586  0.29154586  0.28288976  0.30030393  0.31813578  0.32721470  0.33640585  0.32721470  0.32721470  0.34571205  0.35513622  0.33640585  0.33640585  0.30916640  0.29154586  0.32721470  0.31813578  0.42467851  0.30916640  0.30916640  0.30916640  0.30916640  0.29154586  
30_0_0     0.42467851  0.41433671  0.30916640  0.26587415  0.28288976  0.29154586  0.30916640  0.28288976  0.28288976  0.28288976  0.29154586  0.26587415  0.28288976  0.25751019  0.29154586  0.30030393  0.13509179  0.12111511  0.09392610  0.09392610  0.00000000  0.03000933  0.18618925  0.17867106  0.17122814  0.17122814  0.14933627  0.16385900  0.15656217  0.14217992  0.20145760  0.20145760  0.20145760  0.23296845  0.26587415  0.24105935  0.24105935  0.21704610  0.21704610  0.25751019  0.21704610  0.20921100  0.26587415  0.24105935  0.24923927  0.24923927  0.38414738  0.35513622  0.35513622  0.35513622  0.35513622  0.44580395  0.44580395  0.29154586  0.29154586  0.30030393  0.34571205  0.35513622  0.37435067  0.39407491  0.41433671  0.40413679  0.36468138  0.36468138  0.36468138  0.38414738  0.36468138  0.31813578  0.32721470  0.38414738  0.40413679  0.46754724  0.45659611  0.43516620  0.43516620  0.43516620  0.31813578  0.35513622  0.34571205  0.30030393  0.29154586  0.30030393  0.30916640  0.30916640  0.34571205  0.34571205  0.35513622  0.39407491  0.36468138  0.35513622  0.33640585  0.33640585  0.29154586  0.31813578  0.30916640  0.37435067  0.33640585  0.31813578  0.31813578  0.37435067  0.39407491  0.35513622  0.35513622  0.33640585  0.33640585  0.33640585  0.33640585  0.31813578  0.31813578  0.32721470  0.32721470  0.31813578  0.34571205  0.35513622  0.36468138  0.35513622  0.35513622  0.32721470  0.34571205  0.36468138  0.37435067  0.38414738  0.39407491  0.36468138  0.38414738  0.40413679  0.38414738  0.38414738  0.35513622  0.35513622  0.36468138  0.37435067  0.53687441  0.37435067  0.35513622  0.35513622  0.37435067  0.29154586  
49_0_0     0.41433671  0.40413679  0.29154586  0.26587415  0.26587415  0.27433328  0.29154586  0.26587415  0.26587415  0.26587415  0.27433328  0.25751019  0.26587415  0.24105935  0.27433328  0.28288976  0.12111511  0.10739632  0.09392610  0.09392610  0.03000933  0.00000000  0.18618925  0.17867106  0.17122814  0.17122814  0.14933627  0.16385900  0.15656217  0.14217992  0.20145760  0.20145760  0.20921100  0.24105935  0.27433328  0.24923927  0.24923927  0.22496465  0.22496465  0.26587415  0.22496465  0.21704610  0.27433328  0.24923927  0.25751019  0.25751019  0.38414738  0.35513622  0.35513622  0.35513622  0.35513622  0.40413679  0.40413679  0.27433328  0.27433328  0.28288976  0.32721470  0.33640585  0.35513622  0.38414738  0.40413679  0.39407491  0.38414738  0.36468138  0.36468138  0.38414738  0.36468138  0.31813578  0.32721470  0.40413679  0.36468138  0.42467851  0.43516620  0.41433671  0.43516620  0.45659611  0.32721470  0.34571205  0.34571205  0.30916640  0.28288976  0.29154586  0.30030393  0.30030393  0.33640585  0.33640585  0.34571205  0.38414738  0.35513622  0.34571205  0.32721470  0.32721470  0.30030393  0.29154586  0.28288976  0.34571205  0.32721470  0.30916640  0.30916640  0.36468138  0.40413679  0.34571205  0.34571205  0.32721470  0.32721470  0.33640585  0.33640585  0.32721470  0.32721470  0.33640585  0.33640585  0.32721470  0.35513622  0.32721470  0.35513622  0.34571205  0.34571205  0.31813578  0.31813578  0.35513622  0.35513622  0.36468138  0.37435067  0.34571205  0.36468138  0.38414738  0.36468138  0.36468138  0.33640585  0.33640585  0.32721470  0.33640585  0.48994563  0.33640585  0.31813578  0.31813578  0.33640585  0.29154586  
19_2_0     0.40413679  0.37435067  0.28288976  0.27433328  0.27433328  0.26587415  0.36468138  0.31813578  0.29154586  0.29154586  0.31813578  0.30916640  0.27433328  0.28288976  0.33640585  0.32721470  0.15656217  0.16385900  0.15656217  0.16385900  0.18618925  0.18618925  0.00000000  0.01785986  0.16385900  0.18618925  0.18618925  0.18618925  0.19378423  0.18618925  0.20921100  0.26587415  0.20921100  0.24923927  0.20921100  0.20145760  0.20145760  0.20921100  0.22496465  0.24105935  0.20921100  0.21704610  0.28288976  0.26587415  0.24923927  0.25751019  0.37435067  0.38414738  0.36468138  0.36468138  0.38414738  0.45659611  0.45659611  0.30030393  0.31813578  0.32721470  0.38414738  0.39407491  0.38414738  0.40413679  0.44580395  0.45659611  0.32721470  0.34571205  0.34571205  0.32721470  0.30916640  0.35513622  0.32721470  0.40413679  0.33640585  0.33640585  0.38414738  0.39407491  0.37435067  0.35513622  0.34571205  0.34571205  0.37435067  0.32721470  0.31813578  0.30916640  0.31813578  0.33640585  0.33640585  0.33640585  0.33640585  0.35513622  0.33640585  0.34571205  0.35513622  0.35513622  0.30030393  0.32721470  0.31813578  0.39407491  0.32721470  0.30916640  0.32721470  0.41433671  0.45659611  0.41433671  0.41433671  0.39407491  0.39407491  0.40413679  0.40413679  0.36468138  0.36468138  0.37435067  0.34571205  0.33640585  0.36468138  0.41433671  0.40413679  0.39407491  0.43516620  0.37435067  0.39407491  0.41433671  0.39407491  0.40413679  0.41433671  0.42467851  0.43516620  0.44580395  0.42467851  0.42467851  0.40413679  0.39407491  0.33640585  0.32721470  0.47866209  0.33640585  0.32721470  0.32721470  0.32721470  0.35513622  
