131
68_0_0     0.00000000  0.43602004  0.51330597  0.37953474  0.37953474  0.38636353  0.37953474  0.83493566  0.83493566  0.84764055  0.88712225  0.87372570  0.86056792  0.81016359  0.81016359  0.82244572  0.84764055  0.77449757  0.84764055  0.78619583  0.77449757  0.83493566  0.86056792  0.82244572  0.81016359  0.79808244  0.88712225  0.90076641  0.88712225  0.91466748  0.84764055  0.86056792  0.86056792  0.83493566  0.84764055  0.90076641  0.87372570  0.95801383  0.97304725  0.91466748  0.92883535  0.86056792  0.86056792  0.86056792  0.97304725  0.98839318  0.95801383  0.97304725  0.91466748  0.95801383  0.92883535  0.92883535  0.86056792  0.90076641  0.90076641  0.90076641  0.88712225  0.72947456  0.74047552  0.72947456  0.72947456  0.72947456  0.82244572  0.69742234  0.74047552  0.74047552  0.74047552  0.75164289  0.68704022  0.82244572  0.84764055  0.72947456  0.72947456  0.70795254  0.77449757  0.75164289  0.74047552  0.75164289  0.75164289  0.72947456  0.74047552  0.74047552  0.77449757  0.82244572  0.78619583  0.82244572  0.83493566  0.79808244  0.79808244  0.81016359  0.87372570  0.87372570  0.79808244  0.94328044  0.82244572  0.91466748  0.90076641  0.81016359  0.81016359  0.79808244  0.77449757  0.79808244  0.77449757  0.76298179  0.75164289  0.76298179  0.74047552  0.75164289  0.74047552  0.75164289  0.76298179  0.82244572  0.77449757  0.75164289  0.76298179  0.78619583  0.77449757  0.77449757  0.77449757  0.79808244  0.82244572  0.83493566  0.79808244  0.77449757  0.77449757  0.79808244  0.78619583  0.81016359  0.78619583  0.64691300  0.68704022  
92_0_0     0.43602004  0.00000000  0.10933732  0.09996910  0.09996910  0.09996910  0.10463835  0.60885489  0.53816267  0.58154596  0.52978377  0.55521129  0.56388555  0.58154596  0.57266295  0.70795254  0.70795254  0.62763873  0.53816267  0.57266295  0.57266295  0.78619583  0.70795254  0.72947456  0.74047552  0.68704022  0.71863513  0.75164289  0.76298179  0.74047552  0.76298179  0.84764055  0.84764055  0.75164289  0.64691300  0.71863513  0.72947456  0.74047552  0.75164289  0.74047552  0.74047552  0.75164289  0.74047552  0.75164289  0.77449757  0.79808244  0.77449757  0.78619583  0.75164289  0.75164289  0.74047552  0.74047552  0.82244572  0.86056792  0.83493566  0.88712225  0.87372570  0.63721296  0.64691300  0.62763873  0.62763873  0.62763873  0.63721296  0.59963921  0.59963921  0.59963921  0.59963921  0.61818707  0.59053716  0.69742234  0.72947456  0.63721296  0.63721296  0.66670401  0.76298179  0.86056792  0.84764055  0.86056792  0.78619583  0.76298179  0.77449757  0.75164289  0.74047552  0.58154596  0.64691300  0.74047552  0.76298179  0.76298179  0.76298179  0.78619583  0.75164289  0.76298179  0.75164289  0.82244572  0.84764055  0.66670401  0.70795254  0.66670401  0.68704022  0.64691300  0.60885489  0.62763873  0.65674218  0.59053716  0.58154596  0.52978377  0.56388555  0.57266295  0.58154596  0.60885489  0.60885489  0.62763873  0.66670401  0.72947456  0.60885489  0.62763873  0.59963921  0.59963921  0.59963921  0.62763873  0.66670401  0.69742234  0.65674218  0.63721296  0.63721296  0.61818707  0.60885489  0.64691300  0.62763873  0.51330597  0.47365210  
60_0_0     0.51330597  0.10933732  0.00000000  0.20481933  0.20481933  0.20481933  0.21020375  0.64691300  0.57266295  0.62763873  0.59963921  0.65674218  0.61818707  0.67680209  0.66670401  0.78619583  0.78619583  0.69742234  0.61818707  0.66670401  0.67680209  0.83493566  0.78619583  0.77449757  0.78619583  0.74047552  0.76298179  0.74047552  0.75164289  0.72947456  0.82244572  0.90076641  0.90076641  0.87372570  0.72947456  0.83493566  0.83493566  0.86056792  0.84764055  0.79808244  0.77449757  0.83493566  0.81016359  0.82244572  0.84764055  0.83493566  0.81016359  0.82244572  0.83493566  0.81016359  0.81016359  0.81016359  0.90076641  0.94328044  0.90076641  0.91466748  0.90076641  0.75164289  0.76298179  0.71863513  0.71863513  0.71863513  0.76298179  0.70795254  0.69742234  0.69742234  0.69742234  0.67680209  0.69742234  0.70795254  0.71863513  0.74047552  0.74047552  0.76298179  0.83493566  0.83493566  0.82244572  0.83493566  0.86056792  0.88712225  0.87372570  0.86056792  0.81016359  0.61818707  0.67680209  0.74047552  0.76298179  0.74047552  0.74047552  0.76298179  0.76298179  0.74047552  0.72947456  0.86056792  0.83493566  0.64691300  0.68704022  0.70795254  0.71863513  0.63721296  0.61818707  0.63721296  0.68704022  0.61818707  0.62763873  0.54663777  0.57266295  0.58154596  0.59963921  0.64691300  0.62763873  0.68704022  0.71863513  0.79808244  0.63721296  0.64691300  0.64691300  0.64691300  0.64691300  0.67680209  0.70795254  0.71863513  0.67680209  0.65674218  0.65674218  0.65674218  0.64691300  0.67680209  0.64691300  0.56388555  0.52978377  
74_0_0     0.37953474  0.09996910  0.20481933  0.00000000  0.01229697  0.02480225  0.02901819  0.62763873  0.52149889  0.57266295  0.57266295  0.60885489  0.59053716  0.60885489  0.58154596  0.69742234  0.71863513  0.57266295  0.54663777  0.55521129  0.55521129  0.74047552  0.78619583  0.70795254  0.70795254  0.66670401  0.67680209  0.77449757  0.78619583  0.78619583  0.70795254  0.77449757  0.77449757  0.72947456  0.64691300  0.71863513  0.72947456  0.75164289  0.76298179  0.76298179  0.78619583  0.69742234  0.70795254  0.71863513  0.78619583  0.81016359  0.78619583  0.79808244  0.79808244  0.70795254  0.71863513  0.71863513  0.84764055  0.91466748  0.91466748  0.91466748  0.90076641  0.60885489  0.61818707  0.59053716  0.59053716  0.59053716  0.61818707  0.56388555  0.59963921  0.59963921  0.59963921  0.59963921  0.57266295  0.62763873  0.68704022  0.60885489  0.60885489  0.62763873  0.72947456  0.84764055  0.83493566  0.84764055  0.75164289  0.72947456  0.74047552  0.69742234  0.70795254  0.55521129  0.63721296  0.65674218  0.67680209  0.67680209  0.67680209  0.69742234  0.72947456  0.68704022  0.66670401  0.71863513  0.70795254  0.64691300  0.66670401  0.61818707  0.63721296  0.60885489  0.57266295  0.59053716  0.64691300  0.57266295  0.58154596  0.51330597  0.55521129  0.56388555  0.56388555  0.55521129  0.55521129  0.60885489  0.63721296  0.66670401  0.55521129  0.59053716  0.58154596  0.58154596  0.58154596  0.60885489  0.60885489  0.67680209  0.59963921  0.59053716  0.59053716  0.59053716  0.58154596  0.60885489  0.59053716  0.49718794  0.47365210  
74_4_0     0.37953474  0.09996910  0.20481933  0.01229697  0.00000000  0.02901819  0.03325835  0.62763873  0.52978377  0.58154596  0.58154596  0.59963921  0.59963921  0.59963921  0.57266295  0.70795254  0.72947456  0.58154596  0.53816267  0.54663777  0.54663777  0.74047552  0.76298179  0.70795254  0.70795254  0.66670401  0.68704022  0.77449757  0.78619583  0.78619583  0.71863513  0.78619583  0.78619583  0.71863513  0.64691300  0.70795254  0.71863513  0.74047552  0.75164289  0.74047552  0.76298179  0.67680209  0.68704022  0.69742234  0.77449757  0.79808244  0.77449757  0.78619583  0.78619583  0.74047552  0.75164289  0.75164289  0.86056792  0.90076641  0.92883535  0.92883535  0.91466748  0.59963921  0.60885489  0.58154596  0.58154596  0.58154596  0.60885489  0.55521129  0.59053716  0.59053716  0.59053716  0.59053716  0.56388555  0.63721296  0.69742234  0.59963921  0.59963921  0.61818707  0.72947456  0.84764055  0.83493566  0.84764055  0.72947456  0.70795254  0.71863513  0.69742234  0.70795254  0.55521129  0.65674218  0.68704022  0.70795254  0.70795254  0.70795254  0.72947456  0.76298179  0.71863513  0.69742234  0.75164289  0.74047552  0.67680209  0.69742234  0.64691300  0.66670401  0.62763873  0.59053716  0.60885489  0.65674218  0.59053716  0.58154596  0.52978377  0.56388555  0.57266295  0.58154596  0.57266295  0.57266295  0.62763873  0.64691300  0.67680209  0.57266295  0.60885489  0.59963921  0.59963921  0.59963921  0.62763873  0.63721296  0.70795254  0.61818707  0.60885489  0.60885489  0.60885489  0.59963921  0.62763873  0.60885489  0.48925899  0.46597065  
71_0_0     0.38636353  0.09996910  0.20481933  0.02480225  0.02901819  0.00000000  0.00407627  0.62763873  0.52978377  0.58154596  0.58154596  0.59963921  0.60885489  0.59053716  0.58154596  0.69742234  0.71863513  0.57266295  0.55521129  0.56388555  0.56388555  0.76298179  0.76298179  0.72947456  0.72947456  0.68704022  0.68704022  0.76298179  0.77449757  0.77449757  0.72947456  0.77449757  0.77449757  0.71863513  0.65674218  0.71863513  0.72947456  0.74047552  0.75164289  0.74047552  0.76298179  0.70795254  0.69742234  0.70795254  0.75164289  0.77449757  0.75164289  0.76298179  0.77449757  0.72947456  0.74047552  0.74047552  0.82244572  0.86056792  0.88712225  0.88712225  0.87372570  0.62763873  0.63721296  0.60885489  0.60885489  0.60885489  0.61818707  0.58154596  0.61818707  0.61818707  0.61818707  0.60885489  0.59053716  0.64691300  0.70795254  0.62763873  0.62763873  0.62763873  0.74047552  0.86056792  0.84764055  0.86056792  0.76298179  0.71863513  0.72947456  0.70795254  0.71863513  0.54663777  0.63721296  0.66670401  0.68704022  0.67680209  0.67680209  0.69742234  0.72947456  0.68704022  0.66670401  0.70795254  0.71863513  0.63721296  0.66670401  0.60885489  0.63721296  0.61818707  0.58154596  0.59963921  0.62763873  0.58154596  0.57266295  0.50520296  0.56388555  0.57266295  0.57266295  0.56388555  0.58154596  0.65674218  0.62763873  0.66670401  0.57266295  0.61818707  0.59053716  0.59053716  0.59053716  0.61818707  0.64691300  0.70795254  0.61818707  0.60885489  0.60885489  0.60885489  0.59963921  0.63721296  0.61818707  0.48141430  0.48141430  
84_0_0     0.37953474  0.10463835  0.21020375  0.02901819  0.03325835  0.00407627  0.00000000  0.63721296  0.53816267  0.57266295  0.59053716  0.60885489  0.61818707  0.58154596  0.57266295  0.69742234  0.71863513  0.58154596  0.56388555  0.57266295  0.57266295  0.77449757  0.77449757  0.74047552  0.74047552  0.69742234  0.69742234  0.75164289  0.76298179  0.76298179  0.71863513  0.76298179  0.76298179  0.70795254  0.64691300  0.70795254  0.71863513  0.72947456  0.74047552  0.72947456  0.75164289  0.69742234  0.68704022  0.69742234  0.74047552  0.76298179  0.74047552  0.75164289  0.76298179  0.71863513  0.72947456  0.72947456  0.81016359  0.84764055  0.87372570  0.87372570  0.87372570  0.61818707  0.62763873  0.59963921  0.59963921  0.59963921  0.60885489  0.57266295  0.60885489  0.60885489  0.60885489  0.59963921  0.58154596  0.63721296  0.69742234  0.61818707  0.61818707  0.61818707  0.74047552  0.86056792  0.84764055  0.86056792  0.76298179  0.71863513  0.72947456  0.70795254  0.71863513  0.55521129  0.64691300  0.67680209  0.69742234  0.68704022  0.68704022  0.70795254  0.74047552  0.69742234  0.67680209  0.71863513  0.72947456  0.64691300  0.67680209  0.61818707  0.64691300  0.62763873  0.59053716  0.60885489  0.63721296  0.59053716  0.58154596  0.51330597  0.57266295  0.58154596  0.58154596  0.57266295  0.59053716  0.66670401  0.63721296  0.65674218  0.58154596  0.62763873  0.59963921  0.59963921  0.59963921  0.62763873  0.65674218  0.71863513  0.62763873  0.61818707  0.61818707  0.61818707  0.60885489  0.64691300  0.62763873  0.48925899  0.48925899  
70_2_0     0.83493566  0.60885489  0.64691300  0.62763873  0.62763873  0.62763873  0.63721296  0.00000000  0.09071827  0.16818951  0.26051680  0.32076182  0.27217890  0.33983759  0.37953474  0.48925899  0.48141430  0.35941937  0.29607079  0.32076182  0.36606378  0.82244572  0.84764055  0.83493566  0.86056792  0.79808244  0.90076641  1.00406489  1.00406489  0.98839318  0.81016359  0.91466748  0.91466748  0.88712225  0.77449757  1.00406489  1.03644313  0.92883535  0.92883535  0.88712225  0.88712225  0.88712225  0.88712225  0.88712225  0.90076641  0.92883535  0.92883535  0.92883535  0.95801383  0.92883535  0.94328044  0.94328044  0.98839318  1.05318082  0.97304725  1.00406489  1.00406489  0.82244572  0.83493566  0.81016359  0.79808244  0.81016359  0.81016359  0.76298179  0.83493566  0.83493566  0.83493566  0.82244572  0.74047552  0.98839318  0.95801383  0.79808244  0.79808244  0.83493566  0.82244572  0.97304725  0.98839318  0.97304725  0.86056792  0.84764055  0.83493566  0.81016359  0.79808244  0.86056792  0.91466748  0.86056792  0.94328044  0.87372570  0.87372570  0.86056792  0.94328044  0.83493566  0.84764055  0.98839318  1.00406489  0.87372570  0.86056792  0.83493566  0.84764055  0.82244572  0.79808244  0.82244572  0.70795254  0.79808244  0.81016359  0.78619583  0.79808244  0.82244572  0.78619583  0.84764055  0.78619583  0.86056792  0.84764055  0.92883535  0.74047552  0.74047552  0.77449757  0.77449757  0.77449757  0.78619583  0.77449757  0.87372570  0.79808244  0.78619583  0.78619583  0.77449757  0.76298179  0.72947456  0.74047552  0.70795254  0.69742234  
77_2_0     0.83493566  0.53816267  0.57266295  0.52149889  0.52978377  0.52978377  0.53816267  0.09071827  0.00000000  0.09071827  0.19416691  0.28402820  0.22659671  0.26632482  0.29607079  0.43602004  0.44339455  0.32706580  0.22109184  0.27807978  0.31451121  0.76298179  0.86056792  0.78619583  0.81016359  0.77449757  0.83493566  0.88712225  0.88712225  0.87372570  0.77449757  0.84764055  0.84764055  0.86056792  0.75164289  0.90076641  0.94328044  0.82244572  0.82244572  0.83493566  0.86056792  0.82244572  0.81016359  0.81016359  0.81016359  0.83493566  0.84764055  0.83493566  0.86056792  0.84764055  0.86056792  0.86056792  0.94328044  1.02007652  0.92883535  0.94328044  0.95801383  0.77449757  0.78619583  0.76298179  0.75164289  0.75164289  0.81016359  0.71863513  0.78619583  0.78619583  0.78619583  0.78619583  0.69742234  0.83493566  0.86056792  0.77449757  0.77449757  0.78619583  0.84764055  0.97304725  0.98839318  0.97304725  0.88712225  0.84764055  0.83493566  0.81016359  0.82244572  0.79808244  0.84764055  0.87372570  0.90076641  0.88712225  0.88712225  0.87372570  0.94328044  0.88712225  0.86056792  0.86056792  0.87372570  0.81016359  0.82244572  0.82244572  0.83493566  0.77449757  0.72947456  0.75164289  0.68704022  0.75164289  0.76298179  0.69742234  0.71863513  0.71863513  0.71863513  0.71863513  0.69742234  0.79808244  0.76298179  0.86056792  0.70795254  0.74047552  0.77449757  0.77449757  0.77449757  0.78619583  0.72947456  0.79808244  0.78619583  0.77449757  0.77449757  0.76298179  0.75164289  0.72947456  0.74047552  0.61818707  0.64691300  
73_2_0     0.84764055  0.58154596  0.62763873  0.57266295  0.58154596  0.58154596  0.57266295  0.16818951  0.09071827  0.00000000  0.26632482  0.35941937  0.29002494  0.33983759  0.35941937  0.47365210  0.48141430  0.37276853  0.27807978  0.32076182  0.34630731  0.83493566  0.92883535  0.87372570  0.87372570  0.86056792  0.90076641  0.97304725  0.97304725  0.95801383  0.81016359  0.88712225  0.88712225  0.90076641  0.81016359  0.86056792  0.90076641  0.86056792  0.84764055  0.87372570  0.87372570  0.87372570  0.87372570  0.87372570  0.84764055  0.87372570  0.88712225  0.87372570  0.84764055  0.87372570  0.84764055  0.84764055  0.91466748  1.02007652  0.92883535  0.91466748  0.94328044  0.81016359  0.82244572  0.79808244  0.78619583  0.78619583  0.84764055  0.75164289  0.77449757  0.77449757  0.77449757  0.79808244  0.72947456  0.84764055  0.90076641  0.76298179  0.76298179  0.76298179  0.83493566  0.97304725  0.98839318  0.97304725  0.87372570  0.83493566  0.82244572  0.81016359  0.81016359  0.88712225  0.87372570  0.86056792  0.88712225  0.90076641  0.90076641  0.88712225  0.97304725  0.87372570  0.87372570  0.86056792  0.88712225  0.78619583  0.78619583  0.86056792  0.87372570  0.83493566  0.78619583  0.81016359  0.74047552  0.78619583  0.79808244  0.75164289  0.77449757  0.77449757  0.77449757  0.76298179  0.75164289  0.84764055  0.84764055  0.92883535  0.78619583  0.82244572  0.86056792  0.86056792  0.86056792  0.87372570  0.81016359  0.86056792  0.84764055  0.83493566  0.83493566  0.82244572  0.81016359  0.81016359  0.82244572  0.69742234  0.65674218  
77_0_0     0.88712225  0.52978377  0.59963921  0.57266295  0.58154596  0.58154596  0.59053716  0.26051680  0.19416691  0.26632482  0.00000000  0.12843813  0.10933732  0.18889779  0.21562772  0.38636353  0.36606378  0.33983759  0.12361640  0.21562772  0.27807978  0.91466748  0.92883535  0.90076641  0.92883535  0.88712225  0.90076641  0.86056792  0.86056792  0.84764055  0.84764055  0.91466748  0.91466748  0.94328044  0.83493566  0.90076641  0.94328044  0.87372570  0.87372570  0.88712225  0.88712225  0.86056792  0.86056792  0.86056792  0.86056792  0.88712225  0.90076641  0.88712225  0.87372570  0.87372570  0.86056792  0.86056792  0.90076641  0.97304725  0.88712225  0.87372570  0.94328044  0.71863513  0.72947456  0.72947456  0.71863513  0.71863513  0.74047552  0.66670401  0.72947456  0.72947456  0.72947456  0.71863513  0.66670401  0.84764055  0.90076641  0.70795254  0.70795254  0.71863513  0.81016359  1.00406489  1.02007652  1.00406489  0.87372570  0.82244572  0.83493566  0.83493566  0.78619583  0.67680209  0.70795254  0.74047552  0.71863513  0.68704022  0.68704022  0.67680209  0.84764055  0.78619583  0.66670401  0.82244572  0.78619583  0.69742234  0.68704022  0.71863513  0.72947456  0.67680209  0.65674218  0.65674218  0.71863513  0.62763873  0.63721296  0.63721296  0.59053716  0.60885489  0.60885489  0.59963921  0.59963921  0.71863513  0.68704022  0.77449757  0.61818707  0.60885489  0.62763873  0.62763873  0.62763873  0.65674218  0.60885489  0.68704022  0.66670401  0.64691300  0.64691300  0.63721296  0.64691300  0.61818707  0.60885489  0.63721296  0.60885489  
70_0_0     0.87372570  0.55521129  0.65674218  0.60885489  0.59963921  0.59963921  0.60885489  0.32076182  0.28402820  0.35941937  0.12843813  0.00000000  0.21562772  0.29002494  0.32706580  0.41432846  0.39325608  0.37276853  0.23214293  0.29607079  0.34630731  0.82244572  0.94328044  0.81016359  0.83493566  0.84764055  0.92883535  0.86056792  0.88712225  0.87372570  0.84764055  0.88712225  0.88712225  0.88712225  0.86056792  0.81016359  0.82244572  0.82244572  0.82244572  0.83493566  0.83493566  0.81016359  0.79808244  0.79808244  0.82244572  0.84764055  0.83493566  0.84764055  0.79808244  0.86056792  0.76298179  0.76298179  0.87372570  0.94328044  0.90076641  0.92883535  0.91466748  0.70795254  0.71863513  0.68704022  0.67680209  0.67680209  0.76298179  0.65674218  0.71863513  0.71863513  0.71863513  0.69742234  0.65674218  0.88712225  0.88712225  0.69742234  0.69742234  0.71863513  0.83493566  1.05318082  1.07030681  1.05318082  0.87372570  0.82244572  0.81016359  0.82244572  0.81016359  0.71863513  0.74047552  0.75164289  0.75164289  0.71863513  0.71863513  0.70795254  0.87372570  0.81016359  0.71863513  0.88712225  0.82244572  0.74047552  0.72947456  0.71863513  0.72947456  0.76298179  0.74047552  0.74047552  0.74047552  0.66670401  0.65674218  0.71863513  0.66670401  0.68704022  0.66670401  0.71863513  0.67680209  0.74047552  0.69742234  0.79808244  0.66670401  0.65674218  0.69742234  0.69742234  0.69742234  0.72947456  0.63721296  0.66670401  0.69742234  0.69742234  0.69742234  0.68704022  0.69742234  0.70795254  0.65674218  0.59963921  0.59053716  
73_0_0     0.86056792  0.56388555  0.61818707  0.59053716  0.59963921  0.60885489  0.61818707  0.27217890  0.22659671  0.29002494  0.10933732  0.21562772  0.00000000  0.18366601  0.21020375  0.34630731  0.32706580  0.32076182  0.13329156  0.19416691  0.24336195  0.97304725  0.87372570  0.92883535  0.92883535  0.90076641  0.98839318  0.91466748  0.91466748  0.90076641  0.86056792  0.90076641  0.90076641  0.95801383  0.94328044  0.95801383  0.97304725  0.91466748  0.91466748  0.90076641  0.90076641  0.91466748  0.94328044  0.94328044  0.92883535  0.95801383  0.94328044  0.95801383  0.94328044  0.94328044  0.90076641  0.90076641  0.92883535  0.98839318  0.94328044  0.92883535  0.98839318  0.78619583  0.79808244  0.77449757  0.76298179  0.76298179  0.77449757  0.70795254  0.78619583  0.78619583  0.78619583  0.75164289  0.69742234  0.84764055  0.90076641  0.77449757  0.77449757  0.75164289  0.87372570  1.00406489  1.02007652  1.00406489  0.91466748  0.88712225  0.90076641  0.88712225  0.84764055  0.72947456  0.77449757  0.79808244  0.77449757  0.74047552  0.74047552  0.72947456  0.81016359  0.77449757  0.74047552  0.91466748  0.84764055  0.72947456  0.72947456  0.82244572  0.82244572  0.74047552  0.74047552  0.74047552  0.75164289  0.67680209  0.68704022  0.69742234  0.65674218  0.67680209  0.67680209  0.60885489  0.62763873  0.77449757  0.74047552  0.82244572  0.66670401  0.63721296  0.66670401  0.66670401  0.66670401  0.69742234  0.65674218  0.69742234  0.66670401  0.66670401  0.65674218  0.65674218  0.66670401  0.63721296  0.63721296  0.74047552  0.64691300  
75_0_0     0.81016359  0.58154596  0.67680209  0.60885489  0.59963921  0.59053716  0.58154596  0.33983759  0.26632482  0.33983759  0.18889779  0.29002494  0.18366601  0.00000000  0.04612694  0.27217890  0.25475411  0.35283423  0.16818951  0.22659671  0.26051680  0.94328044  0.95801383  0.95801383  0.97304725  0.94328044  0.95801383  0.91466748  0.91466748  0.90076641  0.94328044  0.98839318  0.98839318  0.90076641  0.88712225  0.97304725  0.98839318  0.82244572  0.82244572  0.90076641  0.90076641  0.84764055  0.87372570  0.87372570  0.83493566  0.86056792  0.84764055  0.86056792  0.90076641  0.98839318  1.00406489  1.00406489  0.91466748  0.95801383  0.90076641  0.91466748  0.97304725  0.75164289  0.76298179  0.77449757  0.76298179  0.76298179  0.75164289  0.71863513  0.75164289  0.75164289  0.75164289  0.72947456  0.71863513  0.87372570  0.88712225  0.77449757  0.77449757  0.82244572  0.91466748  1.05318082  1.07030681  1.05318082  0.94328044  0.90076641  0.91466748  0.94328044  0.88712225  0.77449757  0.88712225  0.88712225  0.83493566  0.84764055  0.84764055  0.83493566  0.94328044  0.83493566  0.84764055  1.00406489  0.95801383  0.81016359  0.81016359  0.84764055  0.83493566  0.78619583  0.76298179  0.76298179  0.78619583  0.72947456  0.71863513  0.75164289  0.71863513  0.74047552  0.74047552  0.74047552  0.69742234  0.84764055  0.84764055  0.84764055  0.71863513  0.72947456  0.75164289  0.75164289  0.75164289  0.78619583  0.74047552  0.86056792  0.77449757  0.76298179  0.76298179  0.76298179  0.77449757  0.76298179  0.72947456  0.74047552  0.66670401  
88_0_0     0.81016359  0.57266295  0.66670401  0.58154596  0.57266295  0.58154596  0.57266295  0.37953474  0.29607079  0.35941937  0.21562772  0.32706580  0.21020375  0.04612694  0.00000000  0.28402820  0.27807978  0.37953474  0.18889779  0.27217890  0.31451121  1.00406489  0.97304725  1.00406489  1.02007652  0.98839318  1.03644313  0.95801383  0.95801383  0.94328044  1.00406489  1.05318082  1.05318082  0.97304725  0.94328044  0.98839318  1.00406489  0.88712225  0.88712225  0.94328044  0.94328044  0.88712225  0.94328044  0.94328044  0.90076641  0.92883535  0.91466748  0.92883535  0.94328044  1.03644313  1.02007652  1.02007652  0.92883535  0.97304725  0.91466748  0.92883535  0.98839318  0.76298179  0.77449757  0.81016359  0.79808244  0.79808244  0.78619583  0.75164289  0.78619583  0.78619583  0.78619583  0.76298179  0.75164289  0.88712225  0.90076641  0.81016359  0.81016359  0.83493566  0.94328044  1.10579883  1.12420592  1.10579883  0.94328044  0.92883535  0.94328044  0.97304725  0.91466748  0.76298179  0.94328044  0.88712225  0.84764055  0.83493566  0.83493566  0.82244572  0.91466748  0.82244572  0.83493566  1.05318082  0.97304725  0.82244572  0.82244572  0.88712225  0.87372570  0.77449757  0.75164289  0.75164289  0.79808244  0.71863513  0.70795254  0.76298179  0.70795254  0.72947456  0.72947456  0.74047552  0.67680209  0.83493566  0.86056792  0.83493566  0.72947456  0.74047552  0.78619583  0.78619583  0.78619583  0.82244572  0.77449757  0.87372570  0.76298179  0.75164289  0.75164289  0.75164289  0.76298179  0.75164289  0.74047552  0.75164289  0.69742234  
64_0_0     0.82244572  0.70795254  0.78619583  0.69742234  0.70795254  0.69742234  0.69742234  0.48925899  0.43602004  0.47365210  0.38636353  0.41432846  0.34630731  0.27217890  0.28402820  0.00000000  0.01229697  0.48925899  0.37276853  0.42148840  0.45084347  0.94328044  0.92883535  0.92883535  0.94328044  0.92883535  0.95801383  0.88712225  0.91466748  0.87372570  0.90076641  0.92883535  0.92883535  0.90076641  0.91466748  0.91466748  0.91466748  0.88712225  0.88712225  0.92883535  0.94328044  0.95801383  0.97304725  0.97304725  0.91466748  0.94328044  0.92883535  0.94328044  0.90076641  0.98839318  0.92883535  0.92883535  0.88712225  0.94328044  0.87372570  0.90076641  0.94328044  0.88712225  0.90076641  0.97304725  0.95801383  0.95801383  0.87372570  0.91466748  0.84764055  0.84764055  0.84764055  0.88712225  0.88712225  0.86056792  0.91466748  0.91466748  0.91466748  0.84764055  0.95801383  1.05318082  1.07030681  1.05318082  0.94328044  0.97304725  0.98839318  0.94328044  0.98839318  0.79808244  0.90076641  0.94328044  0.87372570  0.86056792  0.86056792  0.84764055  1.03644313  0.92883535  0.86056792  0.95801383  0.95801383  0.90076641  0.88712225  0.92883535  0.94328044  0.81016359  0.83493566  0.83493566  0.91466748  0.81016359  0.82244572  0.83493566  0.83493566  0.81016359  0.79808244  0.86056792  0.78619583  0.88712225  0.82244572  0.81016359  0.81016359  0.71863513  0.81016359  0.81016359  0.81016359  0.84764055  0.77449757  0.82244572  0.74047552  0.75164289  0.74047552  0.71863513  0.72947456  0.77449757  0.71863513  0.76298179  0.66670401  
57_0_0     0.84764055  0.70795254  0.78619583  0.71863513  0.72947456  0.71863513  0.71863513  0.48141430  0.44339455  0.48141430  0.36606378  0.39325608  0.32706580  0.25475411  0.27807978  0.01229697  0.00000000  0.48141430  0.35283423  0.41432846  0.44339455  0.97304725  0.90076641  0.95801383  0.97304725  0.95801383  0.98839318  0.91466748  0.94328044  0.90076641  0.92883535  0.95801383  0.95801383  0.92883535  0.94328044  0.94328044  0.94328044  0.91466748  0.91466748  0.95801383  0.94328044  0.98839318  1.00406489  1.00406489  0.94328044  0.97304725  0.95801383  0.97304725  0.92883535  1.02007652  0.95801383  0.95801383  0.88712225  0.94328044  0.87372570  0.90076641  0.94328044  0.88712225  0.90076641  0.97304725  0.95801383  0.95801383  0.87372570  0.91466748  0.84764055  0.84764055  0.84764055  0.88712225  0.88712225  0.88712225  0.91466748  0.91466748  0.91466748  0.84764055  0.94328044  1.00406489  1.02007652  1.00406489  0.95801383  0.98839318  1.00406489  0.95801383  0.97304725  0.82244572  0.87372570  0.91466748  0.84764055  0.86056792  0.86056792  0.84764055  1.03644313  0.92883535  0.86056792  0.95801383  0.95801383  0.90076641  0.86056792  0.90076641  0.91466748  0.83493566  0.86056792  0.86056792  0.91466748  0.81016359  0.82244572  0.86056792  0.83493566  0.83493566  0.82244572  0.88712225  0.81016359  0.91466748  0.84764055  0.83493566  0.83493566  0.74047552  0.83493566  0.83493566  0.83493566  0.87372570  0.76298179  0.84764055  0.76298179  0.77449757  0.76298179  0.74047552  0.75164289  0.79808244  0.74047552  0.78619583  0.66670401  
88_3_0     0.77449757  0.62763873  0.69742234  0.57266295  0.58154596  0.57266295  0.58154596  0.35941937  0.32706580  0.37276853  0.33983759  0.37276853  0.32076182  0.35283423  0.37953474  0.48925899  0.48141430  0.00000000  0.23773113  0.31451121  0.33342407  0.88712225  0.86056792  0.88712225  0.88712225  0.90076641  0.86056792  0.98839318  0.98839318  0.98839318  0.88712225  0.90076641  0.90076641  0.87372570  0.84764055  0.94328044  0.92883535  0.86056792  0.86056792  0.86056792  0.86056792  0.87372570  0.88712225  0.88712225  0.83493566  0.84764055  0.83493566  0.84764055  0.90076641  0.86056792  0.86056792  0.86056792  0.87372570  0.92883535  0.88712225  0.87372570  0.90076641  0.69742234  0.70795254  0.71863513  0.71863513  0.71863513  0.77449757  0.66670401  0.67680209  0.67680209  0.67680209  0.67680209  0.63721296  0.70795254  0.76298179  0.74047552  0.74047552  0.78619583  0.83493566  0.94328044  0.95801383  0.94328044  0.84764055  0.77449757  0.78619583  0.82244572  0.81016359  0.76298179  0.78619583  0.82244572  0.81016359  0.77449757  0.78619583  0.75164289  0.78619583  0.78619583  0.78619583  0.94328044  0.82244572  0.75164289  0.72947456  0.88712225  0.88712225  0.76298179  0.76298179  0.74047552  0.72947456  0.71863513  0.70795254  0.74047552  0.69742234  0.69742234  0.70795254  0.67680209  0.68704022  0.65674218  0.82244572  0.81016359  0.67680209  0.68704022  0.70795254  0.70795254  0.70795254  0.71863513  0.63721296  0.76298179  0.63721296  0.65674218  0.65674218  0.68704022  0.68704022  0.69742234  0.68704022  0.60885489  0.61818707  
75_3_0     0.84764055  0.53816267  0.61818707  0.54663777  0.53816267  0.55521129  0.56388555  0.29607079  0.22109184  0.27807978  0.12361640  0.23214293  0.13329156  0.16818951  0.18889779  0.37276853  0.35283423  0.23773113  0.00000000  0.15804920  0.22109184  0.92883535  0.82244572  0.90076641  0.90076641  0.88712225  0.97304725  0.95801383  0.95801383  0.92883535  0.92883535  0.94328044  0.94328044  0.94328044  0.86056792  0.95801383  0.95801383  0.92883535  0.92883535  0.94328044  0.94328044  0.87372570  0.91466748  0.91466748  0.91466748  0.91466748  0.91466748  0.91466748  0.95801383  0.87372570  0.92883535  0.92883535  0.91466748  1.02007652  0.90076641  0.90076641  0.95801383  0.75164289  0.76298179  0.78619583  0.77449757  0.76298179  0.79808244  0.71863513  0.72947456  0.72947456  0.72947456  0.75164289  0.69742234  0.81016359  0.86056792  0.74047552  0.74047552  0.74047552  0.81016359  0.98839318  1.00406489  0.98839318  0.84764055  0.79808244  0.81016359  0.83493566  0.78619583  0.68704022  0.72947456  0.77449757  0.77449757  0.74047552  0.74047552  0.72947456  0.81016359  0.72947456  0.71863513  0.90076641  0.84764055  0.74047552  0.71863513  0.81016359  0.81016359  0.71863513  0.69742234  0.69742234  0.74047552  0.68704022  0.67680209  0.70795254  0.62763873  0.64691300  0.64691300  0.60885489  0.62763873  0.72947456  0.75164289  0.82244572  0.66670401  0.66670401  0.71863513  0.71863513  0.71863513  0.75164289  0.66670401  0.74047552  0.67680209  0.66670401  0.66670401  0.64691300  0.63721296  0.65674218  0.66670401  0.71863513  0.65674218  
57_3_0     0.78619583  0.57266295  0.66670401  0.55521129  0.54663777  0.56388555  0.57266295  0.32076182  0.27807978  0.32076182  0.21562772  0.29607079  0.19416691  0.22659671  0.27217890  0.42148840  0.41432846  0.31451121  0.15804920  0.00000000  0.06364161  0.81016359  0.81016359  0.79808244  0.79808244  0.81016359  0.92883535  0.91466748  0.91466748  0.88712225  0.94328044  0.97304725  0.97304725  0.91466748  0.83493566  0.87372570  0.84764055  0.79808244  0.79808244  0.77449757  0.79808244  0.77449757  0.79808244  0.79808244  0.79808244  0.82244572  0.81016359  0.82244572  0.86056792  0.88712225  0.84764055  0.84764055  0.84764055  0.87372570  0.86056792  0.87372570  0.90076641  0.76298179  0.77449757  0.78619583  0.77449757  0.77449757  0.78619583  0.71863513  0.72947456  0.72947456  0.72947456  0.72947456  0.69742234  0.84764055  0.90076641  0.69742234  0.69742234  0.70795254  0.84764055  1.00406489  1.02007652  1.00406489  0.81016359  0.81016359  0.82244572  0.82244572  0.82244572  0.75164289  0.91466748  0.91466748  0.88712225  0.90076641  0.90076641  0.86056792  0.98839318  0.88712225  0.87372570  0.97304725  0.95801383  0.82244572  0.83493566  0.94328044  0.95801383  0.76298179  0.76298179  0.76298179  0.86056792  0.79808244  0.78619583  0.79808244  0.75164289  0.75164289  0.76298179  0.72947456  0.74047552  0.81016359  0.81016359  0.87372570  0.74047552  0.70795254  0.74047552  0.74047552  0.74047552  0.77449757  0.74047552  0.76298179  0.74047552  0.71863513  0.71863513  0.71863513  0.72947456  0.75164289  0.70795254  0.70795254  0.57266295  
64_3_0     0.77449757  0.57266295  0.67680209  0.55521129  0.54663777  0.56388555  0.57266295  0.36606378  0.31451121  0.34630731  0.27807978  0.34630731  0.24336195  0.26051680  0.31451121  0.45084347  0.44339455  0.33342407  0.22109184  0.06364161  0.00000000  0.81016359  0.82244572  0.81016359  0.81016359  0.79808244  0.86056792  0.91466748  0.91466748  0.88712225  0.90076641  0.92883535  0.92883535  0.87372570  0.81016359  0.84764055  0.82244572  0.76298179  0.76298179  0.72947456  0.75164289  0.77449757  0.77449757  0.77449757  0.76298179  0.78619583  0.77449757  0.78619583  0.82244572  0.84764055  0.81016359  0.81016359  0.90076641  0.95801383  0.91466748  0.92883535  0.95801383  0.76298179  0.77449757  0.78619583  0.77449757  0.77449757  0.78619583  0.71863513  0.70795254  0.70795254  0.70795254  0.74047552  0.69742234  0.87372570  0.95801383  0.71863513  0.71863513  0.74047552  0.90076641  1.07030681  1.08783955  1.07030681  0.86056792  0.86056792  0.87372570  0.87372570  0.87372570  0.82244572  0.91466748  1.00406489  0.92883535  0.97304725  0.97304725  0.92883535  1.03644313  0.95801383  0.97304725  1.02007652  0.98839318  0.87372570  0.87372570  0.95801383  0.97304725  0.86056792  0.86056792  0.86056792  0.86056792  0.87372570  0.86056792  0.86056792  0.81016359  0.82244572  0.86056792  0.79808244  0.81016359  0.82244572  0.90076641  0.98839318  0.79808244  0.77449757  0.75164289  0.75164289  0.75164289  0.76298179  0.81016359  0.82244572  0.78619583  0.78619583  0.78619583  0.78619583  0.79808244  0.79808244  0.77449757  0.69742234  0.60885489  
90_5_0     0.83493566  0.78619583  0.83493566  0.74047552  0.74047552  0.76298179  0.77449757  0.82244572  0.76298179  0.83493566  0.91466748  0.82244572  0.97304725  0.94328044  1.00406489  0.94328044  0.97304725  0.88712225  0.92883535  0.81016359  0.81016359  0.00000000  0.20481933  0.08613597  0.09532919  0.09996910  0.16818951  0.28402820  0.29607079  0.29607079  0.22659671  0.30216656  0.30216656  0.20481933  0.16818951  0.19947391  0.20481933  0.21562772  0.21020375  0.24903606  0.27217890  0.22109184  0.19947391  0.19947391  0.21020375  0.22659671  0.23773113  0.23214293  0.17847104  0.19416691  0.18366601  0.18366601  0.82244572  0.94328044  0.90076641  0.87372570  0.84764055  0.58154596  0.57266295  0.54663777  0.55521129  0.55521129  0.60885489  0.59053716  0.59963921  0.59963921  0.59963921  0.61818707  0.57266295  0.71863513  0.74047552  0.62763873  0.62763873  0.63721296  0.74047552  0.94328044  0.92883535  0.94328044  0.78619583  0.76298179  0.76298179  0.74047552  0.75164289  0.67680209  0.70795254  0.90076641  0.83493566  0.87372570  0.86056792  0.88712225  0.86056792  0.90076641  0.90076641  0.83493566  0.79808244  0.90076641  0.92883535  0.82244572  0.84764055  0.61818707  0.58154596  0.59963921  0.59963921  0.58154596  0.59053716  0.60885489  0.64691300  0.62763873  0.60885489  0.66670401  0.61818707  0.60885489  0.68704022  0.79808244  0.65674218  0.62763873  0.59963921  0.59963921  0.59963921  0.61818707  0.67680209  0.70795254  0.60885489  0.63721296  0.63721296  0.60885489  0.59963921  0.64691300  0.61818707  0.52149889  0.47365210  
80_5_0     0.86056792  0.70795254  0.78619583  0.78619583  0.76298179  0.76298179  0.77449757  0.84764055  0.86056792  0.92883535  0.92883535  0.94328044  0.87372570  0.95801383  0.97304725  0.92883535  0.90076641  0.86056792  0.82244572  0.81016359  0.82244572  0.20481933  0.00000000  0.20481933  0.20481933  0.21562772  0.27217890  0.37953474  0.38636353  0.37953474  0.32706580  0.37276853  0.37276853  0.30216656  0.24336195  0.30216656  0.28402820  0.30216656  0.29607079  0.32706580  0.34630731  0.32076182  0.32706580  0.32706580  0.29607079  0.31451121  0.31451121  0.32076182  0.27807978  0.31451121  0.29002494  0.29002494  0.83493566  0.92883535  0.90076641  0.90076641  0.84764055  0.62763873  0.61818707  0.60885489  0.59963921  0.59963921  0.60885489  0.64691300  0.61818707  0.61818707  0.61818707  0.68704022  0.60885489  0.75164289  0.77449757  0.71863513  0.71863513  0.68704022  0.74047552  0.82244572  0.81016359  0.82244572  0.77449757  0.78619583  0.77449757  0.75164289  0.75164289  0.67680209  0.66670401  0.79808244  0.86056792  0.91466748  0.90076641  0.90076641  0.88712225  0.91466748  0.88712225  0.87372570  0.81016359  0.90076641  0.84764055  0.78619583  0.81016359  0.68704022  0.66670401  0.66670401  0.59963921  0.62763873  0.61818707  0.66670401  0.61818707  0.63721296  0.65674218  0.67680209  0.65674218  0.67680209  0.67680209  0.77449757  0.65674218  0.65674218  0.63721296  0.63721296  0.63721296  0.65674218  0.74047552  0.70795254  0.65674218  0.65674218  0.66670401  0.65674218  0.64691300  0.64691300  0.64691300  0.63721296  0.59963921  
82_5_0     0.82244572  0.72947456  0.77449757  0.70795254  0.70795254  0.72947456  0.74047552  0.83493566  0.78619583  0.87372570  0.90076641  0.81016359  0.92883535  0.95801383  1.00406489  0.92883535  0.95801383  0.88712225  0.90076641  0.79808244  0.81016359  0.08613597  0.20481933  0.00000000  0.01644190  0.02901819  0.14804630  0.30831308  0.30831308  0.32076182  0.18366601  0.23773113  0.23773113  0.18366601  0.14309522  0.21020375  0.20481933  0.22659671  0.23214293  0.26051680  0.29607079  0.22659671  0.22109184  0.22109184  0.22109184  0.23773113  0.23773113  0.24336195  0.18889779  0.21020375  0.19416691  0.19416691  0.77449757  0.90076641  0.86056792  0.86056792  0.79808244  0.52978377  0.52149889  0.54663777  0.53816267  0.53816267  0.60885489  0.57266295  0.56388555  0.56388555  0.56388555  0.57266295  0.53816267  0.63721296  0.70795254  0.63721296  0.63721296  0.64691300  0.74047552  1.02007652  1.00406489  1.02007652  0.78619583  0.76298179  0.76298179  0.72947456  0.75164289  0.61818707  0.71863513  0.87372570  0.81016359  0.82244572  0.81016359  0.78619583  0.78619583  0.84764055  0.79808244  0.84764055  0.78619583  0.82244572  0.84764055  0.77449757  0.79808244  0.57266295  0.55521129  0.57266295  0.57266295  0.53816267  0.54663777  0.59963921  0.56388555  0.56388555  0.58154596  0.59963921  0.55521129  0.55521129  0.59963921  0.72947456  0.62763873  0.59963921  0.58154596  0.58154596  0.58154596  0.59963921  0.66670401  0.71863513  0.59053716  0.59053716  0.59053716  0.59053716  0.58154596  0.61818707  0.59053716  0.53816267  0.49718794  
78_5_0     0.81016359  0.74047552  0.78619583  0.70795254  0.70795254  0.72947456  0.74047552  0.86056792  0.81016359  0.87372570  0.92883535  0.83493566  0.92883535  0.97304725  1.02007652  0.94328044  0.97304725  0.88712225  0.90076641  0.79808244  0.81016359  0.09532919  0.20481933  0.01644190  0.00000000  0.03752301  0.16818951  0.33342407  0.33342407  0.34630731  0.20481933  0.26051680  0.26051680  0.20481933  0.16310195  0.22109184  0.21562772  0.24903606  0.25475411  0.28402820  0.32076182  0.24903606  0.23214293  0.24336195  0.24336195  0.26051680  0.26051680  0.26632482  0.21020375  0.22109184  0.20481933  0.20481933  0.76298179  0.91466748  0.84764055  0.84764055  0.78619583  0.53816267  0.52978377  0.55521129  0.54663777  0.54663777  0.59963921  0.56388555  0.57266295  0.57266295  0.57266295  0.56388555  0.52978377  0.61818707  0.68704022  0.62763873  0.62763873  0.63721296  0.74047552  1.02007652  1.00406489  1.02007652  0.78619583  0.76298179  0.76298179  0.72947456  0.75164289  0.60885489  0.70795254  0.86056792  0.77449757  0.79808244  0.78619583  0.78619583  0.82244572  0.84764055  0.79808244  0.83493566  0.75164289  0.78619583  0.81016359  0.76298179  0.78619583  0.58154596  0.56388555  0.58154596  0.59963921  0.56388555  0.57266295  0.59053716  0.59053716  0.57266295  0.59053716  0.59053716  0.56388555  0.58154596  0.60885489  0.76298179  0.63721296  0.60885489  0.59053716  0.59053716  0.59053716  0.60885489  0.67680209  0.75164289  0.61818707  0.61818707  0.61818707  0.61818707  0.60885489  0.62763873  0.61818707  0.56388555  0.50520296  
