187
98_0_0     0.00000000  0.03346219  0.27661189  0.27661189  0.30626733  0.30626733  0.22980277  0.22980277  0.23891902  0.24815482  0.22980277  0.21191679  0.22980277  0.23891902  0.25751334  0.25751334  0.25751334  0.28635896  0.28635896  0.29624280  0.30626733  0.31643660  0.30626733  0.29624280  0.29624280  0.30626733  0.35864880  0.34785621  0.33722651  0.34785621  0.26699788  0.28635896  0.31643660  0.31643660  0.30626733  0.29624280  0.29624280  0.28635896  0.29624280  0.30626733  0.29624280  0.29624280  0.29624280  0.28635896  0.32675485  0.30626733  0.27661189  0.28635896  0.30626733  0.31643660  0.26699788  0.26699788  0.26699788  0.25751334  0.28635896  0.28635896  0.28635896  0.29624280  0.27661189  0.28635896  0.36960935  0.34785621  0.35864880  0.41524126  0.33722651  0.31643660  0.30626733  0.32675485  0.30626733  0.30626733  0.26699788  0.25751334  0.24815482  0.34785621  0.35864880  0.28635896  0.32675485  0.30626733  0.31643660  0.31643660  0.31643660  0.32675485  0.32675485  0.32675485  0.35864880  0.36960935  0.36960935  0.33722651  0.35864880  0.33722651  0.33722651  0.34785621  0.32675485  0.31643660  0.34785621  0.31643660  0.32675485  0.29624280  0.30626733  0.31643660  0.32675485  0.32675485  0.33722651  0.34785621  0.33722651  0.32675485  0.33722651  0.32675485  0.33722651  0.34785621  0.34785621  0.36960935  0.34785621  0.34785621  0.36960935  0.36960935  0.30626733  0.28635896  0.31643660  0.30626733  0.31643660  0.34785621  0.31643660  0.29624280  0.31643660  0.31643660  0.29624280  0.32675485  0.29624280  0.30626733  0.38074317  0.36960935  0.40355314  0.40355314  0.40355314  0.31643660  0.31643660  0.29624280  0.30626733  0.28635896  0.31643660  0.30626733  0.32675485  0.25751334  0.25751334  0.23891902  0.24815482  0.24815482  0.24815482  0.24815482  0.25751334  0.25751334  0.31643660  0.31643660  0.31643660  0.27661189  0.27661189  0.30626733  0.31643660  0.31643660  0.30626733  0.31643660  0.31643660  0.31643660  0.30626733  0.30626733  0.31643660  0.30626733  0.29624280  0.25751334  0.30626733  0.26699788  0.25751334  0.25751334  0.28635896  0.28635896  0.28635896  0.28635896  0.28635896  0.31643660  0.31643660  0.30626733  0.30626733  0.31643660  0.27661189  0.29624280  0.28635896  
94_0_0     0.03346219  0.00000000  0.27661189  0.27661189  0.26699788  0.26699788  0.22980277  0.22980277  0.23891902  0.24815482  0.22980277  0.21191679  0.22980277  0.23891902  0.25751334  0.25751334  0.25751334  0.28635896  0.28635896  0.29624280  0.28635896  0.31643660  0.30626733  0.29624280  0.29624280  0.30626733  0.35864880  0.34785621  0.33722651  0.34785621  0.26699788  0.30626733  0.33722651  0.33722651  0.32675485  0.31643660  0.29624280  0.28635896  0.29624280  0.30626733  0.29624280  0.29624280  0.29624280  0.28635896  0.32675485  0.31643660  0.28635896  0.29624280  0.31643660  0.28635896  0.26699788  0.26699788  0.26699788  0.25751334  0.28635896  0.28635896  0.28635896  0.29624280  0.27661189  0.28635896  0.36960935  0.34785621  0.35864880  0.41524126  0.33722651  0.31643660  0.30626733  0.34785621  0.32675485  0.32675485  0.28635896  0.27661189  0.26699788  0.32675485  0.33722651  0.28635896  0.30626733  0.28635896  0.29624280  0.31643660  0.27661189  0.28635896  0.28635896  0.28635896  0.31643660  0.34785621  0.34785621  0.31643660  0.33722651  0.31643660  0.31643660  0.32675485  0.30626733  0.29624280  0.32675485  0.29624280  0.30626733  0.29624280  0.30626733  0.29624280  0.30626733  0.30626733  0.31643660  0.32675485  0.30626733  0.30626733  0.33722651  0.32675485  0.31643660  0.32675485  0.30626733  0.34785621  0.32675485  0.30626733  0.32675485  0.32675485  0.28635896  0.26699788  0.29624280  0.28635896  0.29624280  0.34785621  0.31643660  0.29624280  0.31643660  0.31643660  0.27661189  0.32675485  0.29624280  0.30626733  0.35864880  0.36960935  0.38074317  0.38074317  0.38074317  0.27661189  0.29624280  0.25751334  0.26699788  0.26699788  0.27661189  0.26699788  0.31643660  0.25751334  0.25751334  0.23891902  0.24815482  0.24815482  0.24815482  0.24815482  0.23891902  0.23891902  0.29624280  0.29624280  0.29624280  0.29624280  0.29624280  0.32675485  0.31643660  0.31643660  0.32675485  0.31643660  0.31643660  0.31643660  0.32675485  0.32675485  0.33722651  0.32675485  0.31643660  0.23891902  0.28635896  0.26699788  0.25751334  0.25751334  0.26699788  0.26699788  0.26699788  0.26699788  0.26699788  0.29624280  0.29624280  0.28635896  0.28635896  0.29624280  0.26699788  0.29624280  0.28635896  
24_0_0     0.27661189  0.27661189  0.00000000  0.00000000  0.22980277  0.22980277  0.19447379  0.19447379  0.20314129  0.21191679  0.19447379  0.21191679  0.19447379  0.22080300  0.23891902  0.23891902  0.23891902  0.25751334  0.25751334  0.29624280  0.25751334  0.27661189  0.26699788  0.25751334  0.28635896  0.26699788  0.34785621  0.33722651  0.33722651  0.33722651  0.20314129  0.24815482  0.28635896  0.28635896  0.27661189  0.26699788  0.22080300  0.22080300  0.22080300  0.21191679  0.22080300  0.22080300  0.22980277  0.20314129  0.24815482  0.22080300  0.24815482  0.22080300  0.22080300  0.20314129  0.22980277  0.22980277  0.22980277  0.22080300  0.21191679  0.21191679  0.22080300  0.22980277  0.26699788  0.25751334  0.27661189  0.27661189  0.28635896  0.30626733  0.26699788  0.22080300  0.26699788  0.24815482  0.22980277  0.22980277  0.22080300  0.22980277  0.22080300  0.25751334  0.26699788  0.24815482  0.23891902  0.22980277  0.22080300  0.24815482  0.24815482  0.25751334  0.25751334  0.25751334  0.32675485  0.24815482  0.25751334  0.24815482  0.24815482  0.22980277  0.22980277  0.22080300  0.21191679  0.22980277  0.23891902  0.19447379  0.18591166  0.19447379  0.18591166  0.17745237  0.20314129  0.20314129  0.21191679  0.22980277  0.22980277  0.20314129  0.22980277  0.22080300  0.20314129  0.19447379  0.22980277  0.24815482  0.26699788  0.27661189  0.26699788  0.26699788  0.21191679  0.21191679  0.25751334  0.26699788  0.26699788  0.25751334  0.23891902  0.22080300  0.25751334  0.25751334  0.20314129  0.26699788  0.24815482  0.23891902  0.29624280  0.30626733  0.25751334  0.24815482  0.27661189  0.21191679  0.20314129  0.23891902  0.22080300  0.22080300  0.20314129  0.18591166  0.23891902  0.23891902  0.23891902  0.22080300  0.22980277  0.22980277  0.24815482  0.24815482  0.19447379  0.19447379  0.20314129  0.21191679  0.21191679  0.20314129  0.20314129  0.24815482  0.28635896  0.28635896  0.27661189  0.24815482  0.22080300  0.22080300  0.21191679  0.21191679  0.22980277  0.22080300  0.20314129  0.20314129  0.24815482  0.22980277  0.22080300  0.22080300  0.24815482  0.23891902  0.23891902  0.23891902  0.23891902  0.22980277  0.22980277  0.22980277  0.22980277  0.22080300  0.22080300  0.27661189  0.24815482  
38_0_0     0.27661189  0.27661189  0.00000000  0.00000000  0.22980277  0.22980277  0.19447379  0.19447379  0.20314129  0.21191679  0.19447379  0.21191679  0.19447379  0.22080300  0.23891902  0.23891902  0.23891902  0.25751334  0.25751334  0.29624280  0.25751334  0.27661189  0.26699788  0.25751334  0.28635896  0.26699788  0.34785621  0.33722651  0.33722651  0.33722651  0.20314129  0.24815482  0.28635896  0.28635896  0.27661189  0.26699788  0.22080300  0.22080300  0.22080300  0.21191679  0.22080300  0.22080300  0.22980277  0.20314129  0.24815482  0.22080300  0.24815482  0.22080300  0.22080300  0.20314129  0.22980277  0.22980277  0.22980277  0.22080300  0.21191679  0.21191679  0.22080300  0.22980277  0.26699788  0.25751334  0.27661189  0.27661189  0.28635896  0.30626733  0.26699788  0.22080300  0.26699788  0.24815482  0.22980277  0.22980277  0.22080300  0.22980277  0.22080300  0.25751334  0.26699788  0.24815482  0.23891902  0.22980277  0.22080300  0.24815482  0.24815482  0.25751334  0.25751334  0.25751334  0.32675485  0.24815482  0.25751334  0.24815482  0.24815482  0.22980277  0.22980277  0.22080300  0.21191679  0.22980277  0.23891902  0.19447379  0.18591166  0.19447379  0.18591166  0.17745237  0.20314129  0.20314129  0.21191679  0.22980277  0.22980277  0.20314129  0.22980277  0.22080300  0.20314129  0.19447379  0.22980277  0.24815482  0.26699788  0.27661189  0.26699788  0.26699788  0.21191679  0.21191679  0.25751334  0.26699788  0.26699788  0.25751334  0.23891902  0.22080300  0.25751334  0.25751334  0.20314129  0.26699788  0.24815482  0.23891902  0.29624280  0.30626733  0.25751334  0.24815482  0.27661189  0.21191679  0.20314129  0.23891902  0.22080300  0.22080300  0.20314129  0.18591166  0.23891902  0.23891902  0.23891902  0.22080300  0.22980277  0.22980277  0.24815482  0.24815482  0.19447379  0.19447379  0.20314129  0.21191679  0.21191679  0.20314129  0.20314129  0.24815482  0.28635896  0.28635896  0.27661189  0.24815482  0.22080300  0.22080300  0.21191679  0.21191679  0.22980277  0.22080300  0.20314129  0.20314129  0.24815482  0.22980277  0.22080300  0.22080300  0.24815482  0.23891902  0.23891902  0.23891902  0.23891902  0.22980277  0.22980277  0.22980277  0.22980277  0.22080300  0.22080300  0.27661189  0.24815482  
38_33_0    0.30626733  0.26699788  0.22980277  0.22980277  0.00000000  0.00000000  0.08315228  0.08315228  0.07583544  0.08315228  0.06859382  0.09054594  0.07583544  0.16083261  0.15266752  0.15266752  0.15266752  0.22080300  0.22080300  0.18591166  0.16083261  0.19447379  0.19447379  0.18591166  0.19447379  0.19447379  0.24815482  0.23891902  0.24815482  0.23891902  0.19447379  0.18591166  0.16909347  0.16909347  0.17745237  0.18591166  0.17745237  0.21191679  0.17745237  0.18591166  0.17745237  0.17745237  0.18591166  0.16083261  0.18591166  0.20314129  0.21191679  0.20314129  0.18591166  0.16909347  0.18591166  0.18591166  0.20314129  0.17745237  0.16909347  0.16909347  0.15266752  0.17745237  0.15266752  0.17745237  0.20314129  0.21191679  0.22080300  0.23891902  0.22080300  0.20314129  0.22980277  0.21191679  0.21191679  0.21191679  0.18591166  0.17745237  0.18591166  0.19447379  0.20314129  0.18591166  0.19447379  0.15266752  0.17745237  0.20314129  0.17745237  0.16909347  0.16909347  0.16909347  0.22980277  0.17745237  0.16909347  0.17745237  0.17745237  0.19447379  0.19447379  0.20314129  0.21191679  0.17745237  0.16909347  0.14459601  0.15266752  0.14459601  0.15266752  0.14459601  0.14459601  0.14459601  0.15266752  0.16909347  0.15266752  0.13661595  0.18591166  0.17745237  0.16083261  0.16909347  0.19447379  0.19447379  0.17745237  0.15266752  0.19447379  0.19447379  0.16083261  0.16083261  0.17745237  0.18591166  0.19447379  0.17745237  0.17745237  0.19447379  0.17745237  0.17745237  0.14459601  0.18591166  0.21191679  0.22080300  0.20314129  0.23891902  0.20314129  0.21191679  0.20314129  0.21191679  0.20314129  0.16909347  0.22080300  0.23891902  0.21191679  0.20314129  0.19447379  0.14459601  0.14459601  0.14459601  0.15266752  0.15266752  0.15266752  0.16909347  0.15266752  0.15266752  0.20314129  0.17745237  0.17745237  0.14459601  0.14459601  0.21191679  0.20314129  0.20314129  0.21191679  0.19447379  0.15266752  0.15266752  0.16083261  0.16083261  0.19447379  0.18591166  0.16909347  0.14459601  0.13661595  0.16909347  0.16083261  0.16083261  0.16909347  0.12092205  0.12092205  0.12092205  0.12092205  0.15266752  0.14459601  0.13661595  0.13661595  0.16909347  0.16909347  0.22980277  0.18591166  
24_33_0    0.30626733  0.26699788  0.22980277  0.22980277  0.00000000  0.00000000  0.08315228  0.08315228  0.07583544  0.08315228  0.06859382  0.09054594  0.07583544  0.16083261  0.15266752  0.15266752  0.15266752  0.22080300  0.22080300  0.18591166  0.16083261  0.19447379  0.19447379  0.18591166  0.19447379  0.19447379  0.24815482  0.23891902  0.24815482  0.23891902  0.19447379  0.18591166  0.16909347  0.16909347  0.17745237  0.18591166  0.17745237  0.21191679  0.17745237  0.18591166  0.17745237  0.17745237  0.18591166  0.16083261  0.18591166  0.20314129  0.21191679  0.20314129  0.18591166  0.16909347  0.18591166  0.18591166  0.20314129  0.17745237  0.16909347  0.16909347  0.15266752  0.17745237  0.15266752  0.17745237  0.20314129  0.21191679  0.22080300  0.23891902  0.22080300  0.20314129  0.22980277  0.21191679  0.21191679  0.21191679  0.18591166  0.17745237  0.18591166  0.19447379  0.20314129  0.18591166  0.19447379  0.15266752  0.17745237  0.20314129  0.17745237  0.16909347  0.16909347  0.16909347  0.22980277  0.17745237  0.16909347  0.17745237  0.17745237  0.19447379  0.19447379  0.20314129  0.21191679  0.17745237  0.16909347  0.14459601  0.15266752  0.14459601  0.15266752  0.14459601  0.14459601  0.14459601  0.15266752  0.16909347  0.15266752  0.13661595  0.18591166  0.17745237  0.16083261  0.16909347  0.19447379  0.19447379  0.17745237  0.15266752  0.19447379  0.19447379  0.16083261  0.16083261  0.17745237  0.18591166  0.19447379  0.17745237  0.17745237  0.19447379  0.17745237  0.17745237  0.14459601  0.18591166  0.21191679  0.22080300  0.20314129  0.23891902  0.20314129  0.21191679  0.20314129  0.21191679  0.20314129  0.16909347  0.22080300  0.23891902  0.21191679  0.20314129  0.19447379  0.14459601  0.14459601  0.14459601  0.15266752  0.15266752  0.15266752  0.16909347  0.15266752  0.15266752  0.20314129  0.17745237  0.17745237  0.14459601  0.14459601  0.21191679  0.20314129  0.20314129  0.21191679  0.19447379  0.15266752  0.15266752  0.16083261  0.16083261  0.19447379  0.18591166  0.16909347  0.14459601  0.13661595  0.16909347  0.16083261  0.16083261  0.16909347  0.12092205  0.12092205  0.12092205  0.12092205  0.15266752  0.14459601  0.13661595  0.13661595  0.16909347  0.16909347  0.22980277  0.18591166  
91_33_0    0.22980277  0.22980277  0.19447379  0.19447379  0.08315228  0.08315228  0.00000000  0.00000000  0.01988595  0.02664136  0.01319472  0.03346219  0.01988595  0.11320432  0.12092205  0.12092205  0.12092205  0.14459601  0.14459601  0.14459601  0.12872529  0.16083261  0.15266752  0.14459601  0.15266752  0.13661595  0.20314129  0.19447379  0.20314129  0.19447379  0.14459601  0.16909347  0.13661595  0.13661595  0.14459601  0.15266752  0.15266752  0.17745237  0.15266752  0.16083261  0.16909347  0.16909347  0.17745237  0.15266752  0.17745237  0.18591166  0.19447379  0.18591166  0.16909347  0.14459601  0.15266752  0.15266752  0.15266752  0.14459601  0.13661595  0.13661595  0.13661595  0.16083261  0.15266752  0.16083261  0.18591166  0.18591166  0.19447379  0.21191679  0.19447379  0.17745237  0.18591166  0.16909347  0.16909347  0.16909347  0.13661595  0.14459601  0.13661595  0.18591166  0.19447379  0.15266752  0.19447379  0.17745237  0.17745237  0.18591166  0.19447379  0.20314129  0.20314129  0.20314129  0.26699788  0.19447379  0.18591166  0.19447379  0.19447379  0.17745237  0.17745237  0.18591166  0.19447379  0.17745237  0.16909347  0.15266752  0.16083261  0.13661595  0.14459601  0.15266752  0.16909347  0.16909347  0.17745237  0.19447379  0.16909347  0.16083261  0.17745237  0.16909347  0.16909347  0.17745237  0.18591166  0.20314129  0.16909347  0.17745237  0.22080300  0.22080300  0.15266752  0.15266752  0.16909347  0.17745237  0.18591166  0.17745237  0.14459601  0.14459601  0.14459601  0.14459601  0.12872529  0.16909347  0.19447379  0.20314129  0.22980277  0.24815482  0.24815482  0.23891902  0.24815482  0.18591166  0.16083261  0.16083261  0.17745237  0.17745237  0.19447379  0.17745237  0.16083261  0.12092205  0.12092205  0.10557025  0.11320432  0.11320432  0.11320432  0.12872529  0.11320432  0.11320432  0.17745237  0.16909347  0.16909347  0.13661595  0.13661595  0.16909347  0.17745237  0.17745237  0.18591166  0.18591166  0.16083261  0.16083261  0.15266752  0.16909347  0.15266752  0.14459601  0.16083261  0.13661595  0.14459601  0.12872529  0.12092205  0.12092205  0.13661595  0.14459601  0.14459601  0.14459601  0.14459601  0.16083261  0.15266752  0.14459601  0.14459601  0.15266752  0.12872529  0.22080300  0.19447379  
25_33_0    0.22980277  0.22980277  0.19447379  0.19447379  0.08315228  0.08315228  0.00000000  0.00000000  0.01988595  0.02664136  0.01319472  0.03346219  0.01988595  0.11320432  0.12092205  0.12092205  0.12092205  0.14459601  0.14459601  0.14459601  0.12872529  0.16083261  0.15266752  0.14459601  0.15266752  0.13661595  0.20314129  0.19447379  0.20314129  0.19447379  0.14459601  0.16909347  0.13661595  0.13661595  0.14459601  0.15266752  0.15266752  0.17745237  0.15266752  0.16083261  0.16909347  0.16909347  0.17745237  0.15266752  0.17745237  0.18591166  0.19447379  0.18591166  0.16909347  0.14459601  0.15266752  0.15266752  0.15266752  0.14459601  0.13661595  0.13661595  0.13661595  0.16083261  0.15266752  0.16083261  0.18591166  0.18591166  0.19447379  0.21191679  0.19447379  0.17745237  0.18591166  0.16909347  0.16909347  0.16909347  0.13661595  0.14459601  0.13661595  0.18591166  0.19447379  0.15266752  0.19447379  0.17745237  0.17745237  0.18591166  0.19447379  0.20314129  0.20314129  0.20314129  0.26699788  0.19447379  0.18591166  0.19447379  0.19447379  0.17745237  0.17745237  0.18591166  0.19447379  0.17745237  0.16909347  0.15266752  0.16083261  0.13661595  0.14459601  0.15266752  0.16909347  0.16909347  0.17745237  0.19447379  0.16909347  0.16083261  0.17745237  0.16909347  0.16909347  0.17745237  0.18591166  0.20314129  0.16909347  0.17745237  0.22080300  0.22080300  0.15266752  0.15266752  0.16909347  0.17745237  0.18591166  0.17745237  0.14459601  0.14459601  0.14459601  0.14459601  0.12872529  0.16909347  0.19447379  0.20314129  0.22980277  0.24815482  0.24815482  0.23891902  0.24815482  0.18591166  0.16083261  0.16083261  0.17745237  0.17745237  0.19447379  0.17745237  0.16083261  0.12092205  0.12092205  0.10557025  0.11320432  0.11320432  0.11320432  0.12872529  0.11320432  0.11320432  0.17745237  0.16909347  0.16909347  0.13661595  0.13661595  0.16909347  0.17745237  0.17745237  0.18591166  0.18591166  0.16083261  0.16083261  0.15266752  0.16909347  0.15266752  0.14459601  0.16083261  0.13661595  0.14459601  0.12872529  0.12092205  0.12092205  0.13661595  0.14459601  0.14459601  0.14459601  0.14459601  0.16083261  0.15266752  0.14459601  0.14459601  0.15266752  0.12872529  0.22080300  0.19447379  
21_33_0    0.23891902  0.23891902  0.20314129  0.20314129  0.07583544  0.07583544  0.01988595  0.01988595  0.00000000  0.00656646  0.00656646  0.02664136  0.01319472  0.12092205  0.11320432  0.11320432  0.11320432  0.12872529  0.12872529  0.12872529  0.11320432  0.14459601  0.13661595  0.12872529  0.13661595  0.13661595  0.20314129  0.19447379  0.20314129  0.19447379  0.13661595  0.15266752  0.12092205  0.12092205  0.12872529  0.13661595  0.14459601  0.16909347  0.14459601  0.15266752  0.16083261  0.16083261  0.16909347  0.14459601  0.18591166  0.19447379  0.18591166  0.19447379  0.17745237  0.13661595  0.14459601  0.14459601  0.14459601  0.13661595  0.12872529  0.12872529  0.12872529  0.13661595  0.14459601  0.15266752  0.18591166  0.16909347  0.17745237  0.21191679  0.17745237  0.15266752  0.17745237  0.14459601  0.14459601  0.14459601  0.14459601  0.15266752  0.14459601  0.17745237  0.16909347  0.12872529  0.21191679  0.16909347  0.17745237  0.18591166  0.19447379  0.20314129  0.20314129  0.20314129  0.28635896  0.17745237  0.16909347  0.17745237  0.17745237  0.16083261  0.16083261  0.16909347  0.17745237  0.16083261  0.16909347  0.13661595  0.14459601  0.12092205  0.12872529  0.13661595  0.16909347  0.16909347  0.16083261  0.17745237  0.15266752  0.14459601  0.16083261  0.15266752  0.16909347  0.17745237  0.18591166  0.18591166  0.15266752  0.16083261  0.22080300  0.22080300  0.15266752  0.15266752  0.16083261  0.16909347  0.17745237  0.16083261  0.12872529  0.12872529  0.12872529  0.12872529  0.12872529  0.15266752  0.19447379  0.20314129  0.22980277  0.22980277  0.24815482  0.23891902  0.24815482  0.16909347  0.14459601  0.14459601  0.16083261  0.16083261  0.17745237  0.16083261  0.16083261  0.12092205  0.12092205  0.10557025  0.11320432  0.11320432  0.11320432  0.11320432  0.11320432  0.11320432  0.16083261  0.16909347  0.16909347  0.13661595  0.13661595  0.15266752  0.16083261  0.16083261  0.16909347  0.16909347  0.14459601  0.14459601  0.13661595  0.15266752  0.13661595  0.12872529  0.14459601  0.13661595  0.12872529  0.12872529  0.12092205  0.12092205  0.13661595  0.14459601  0.14459601  0.14459601  0.14459601  0.16083261  0.15266752  0.14459601  0.14459601  0.13661595  0.11320432  0.22080300  0.16909347  
15_33_0    0.24815482  0.24815482  0.21191679  0.21191679  0.08315228  0.08315228  0.02664136  0.02664136  0.00656646  0.00000000  0.01319472  0.03346219  0.01988595  0.12872529  0.12092205  0.12092205  0.12092205  0.13661595  0.13661595  0.13661595  0.12092205  0.15266752  0.14459601  0.13661595  0.14459601  0.12872529  0.19447379  0.18591166  0.19447379  0.18591166  0.14459601  0.16083261  0.12872529  0.12872529  0.13661595  0.14459601  0.15266752  0.17745237  0.15266752  0.16083261  0.16909347  0.16909347  0.17745237  0.15266752  0.19447379  0.20314129  0.19447379  0.20314129  0.18591166  0.14459601  0.15266752  0.15266752  0.15266752  0.14459601  0.13661595  0.13661595  0.13661595  0.14459601  0.15266752  0.16083261  0.17745237  0.16083261  0.16909347  0.20314129  0.16909347  0.16083261  0.18591166  0.15266752  0.15266752  0.15266752  0.15266752  0.16083261  0.15266752  0.18591166  0.17745237  0.13661595  0.22080300  0.17745237  0.18591166  0.19447379  0.20314129  0.21191679  0.21191679  0.21191679  0.29624280  0.18591166  0.17745237  0.18591166  0.18591166  0.16909347  0.16909347  0.17745237  0.18591166  0.16909347  0.17745237  0.14459601  0.15266752  0.12872529  0.13661595  0.14459601  0.17745237  0.17745237  0.16909347  0.18591166  0.16083261  0.15266752  0.16909347  0.16083261  0.17745237  0.18591166  0.19447379  0.19447379  0.16083261  0.16909347  0.22980277  0.22980277  0.16083261  0.16083261  0.16909347  0.17745237  0.18591166  0.16909347  0.13661595  0.13661595  0.13661595  0.13661595  0.13661595  0.16083261  0.20314129  0.21191679  0.23891902  0.23891902  0.25751334  0.24815482  0.25751334  0.17745237  0.15266752  0.15266752  0.16909347  0.16909347  0.18591166  0.16909347  0.16909347  0.12872529  0.12872529  0.11320432  0.12092205  0.12092205  0.12092205  0.12092205  0.12092205  0.12092205  0.16909347  0.17745237  0.17745237  0.14459601  0.14459601  0.14459601  0.15266752  0.15266752  0.16083261  0.16083261  0.13661595  0.13661595  0.12872529  0.14459601  0.12872529  0.12092205  0.13661595  0.14459601  0.13661595  0.13661595  0.12872529  0.12872529  0.14459601  0.15266752  0.15266752  0.15266752  0.15266752  0.16909347  0.16083261  0.15266752  0.15266752  0.14459601  0.12092205  0.21191679  0.16083261  
71_33_0    0.22980277  0.22980277  0.19447379  0.19447379  0.06859382  0.06859382  0.01319472  0.01319472  0.00656646  0.01319472  0.00000000  0.01988595  0.00656646  0.11320432  0.10557025  0.10557025  0.10557025  0.13661595  0.13661595  0.13661595  0.12092205  0.15266752  0.14459601  0.13661595  0.14459601  0.12872529  0.19447379  0.18591166  0.19447379  0.18591166  0.14459601  0.15266752  0.12092205  0.12092205  0.12872529  0.13661595  0.13661595  0.16083261  0.13661595  0.14459601  0.15266752  0.15266752  0.16083261  0.13661595  0.17745237  0.18591166  0.19447379  0.18591166  0.16909347  0.14459601  0.15266752  0.15266752  0.15266752  0.14459601  0.13661595  0.13661595  0.12092205  0.14459601  0.13661595  0.14459601  0.17745237  0.17745237  0.18591166  0.20314129  0.18591166  0.16083261  0.16909347  0.15266752  0.15266752  0.15266752  0.13661595  0.14459601  0.13661595  0.16909347  0.17745237  0.13661595  0.20314129  0.17745237  0.18591166  0.19447379  0.20314129  0.21191679  0.21191679  0.21191679  0.27661189  0.18591166  0.17745237  0.18591166  0.18591166  0.16909347  0.16909347  0.17745237  0.18591166  0.16909347  0.16083261  0.14459601  0.15266752  0.12872529  0.13661595  0.14459601  0.16083261  0.16083261  0.16909347  0.18591166  0.16083261  0.15266752  0.16909347  0.16083261  0.16083261  0.16909347  0.19447379  0.19447379  0.16083261  0.16909347  0.21191679  0.21191679  0.16083261  0.16083261  0.16083261  0.16909347  0.17745237  0.16909347  0.13661595  0.13661595  0.13661595  0.13661595  0.12092205  0.16083261  0.18591166  0.19447379  0.22080300  0.23891902  0.23891902  0.22980277  0.23891902  0.17745237  0.15266752  0.15266752  0.16909347  0.16909347  0.18591166  0.16909347  0.15266752  0.11320432  0.11320432  0.09801803  0.10557025  0.10557025  0.10557025  0.12092205  0.10557025  0.10557025  0.16909347  0.16083261  0.16083261  0.12872529  0.12872529  0.16083261  0.16909347  0.16909347  0.17745237  0.17745237  0.15266752  0.15266752  0.14459601  0.16083261  0.14459601  0.13661595  0.15266752  0.12872529  0.13661595  0.12092205  0.11320432  0.11320432  0.12872529  0.13661595  0.13661595  0.13661595  0.13661595  0.15266752  0.14459601  0.13661595  0.13661595  0.14459601  0.12092205  0.22080300  0.17745237  
41_33_0    0.21191679  0.21191679  0.21191679  0.21191679  0.09054594  0.09054594  0.03346219  0.03346219  0.02664136  0.03346219  0.01988595  0.00000000  0.01319472  0.12872529  0.12092205  0.12092205  0.12092205  0.15266752  0.15266752  0.15266752  0.13661595  0.16909347  0.16083261  0.15266752  0.16083261  0.14459601  0.21191679  0.20314129  0.21191679  0.20314129  0.16083261  0.16909347  0.13661595  0.13661595  0.14459601  0.15266752  0.15266752  0.17745237  0.15266752  0.16083261  0.16909347  0.16909347  0.16083261  0.15266752  0.19447379  0.20314129  0.21191679  0.20314129  0.18591166  0.16083261  0.16909347  0.16909347  0.16909347  0.16083261  0.15266752  0.15266752  0.13661595  0.16083261  0.15266752  0.16083261  0.19447379  0.19447379  0.20314129  0.22080300  0.20314129  0.17745237  0.16909347  0.16909347  0.16909347  0.16909347  0.15266752  0.16083261  0.15266752  0.16909347  0.17745237  0.15266752  0.20314129  0.17745237  0.18591166  0.19447379  0.20314129  0.21191679  0.21191679  0.21191679  0.27661189  0.20314129  0.19447379  0.20314129  0.20314129  0.18591166  0.18591166  0.19447379  0.20314129  0.18591166  0.17745237  0.16083261  0.16909347  0.14459601  0.15266752  0.16083261  0.17745237  0.17745237  0.18591166  0.20314129  0.17745237  0.16909347  0.18591166  0.17745237  0.17745237  0.18591166  0.21191679  0.21191679  0.16083261  0.16909347  0.22980277  0.22980277  0.17745237  0.17745237  0.17745237  0.18591166  0.19447379  0.18591166  0.15266752  0.15266752  0.15266752  0.15266752  0.13661595  0.17745237  0.20314129  0.21191679  0.23891902  0.25751334  0.25751334  0.24815482  0.25751334  0.19447379  0.16909347  0.16909347  0.18591166  0.18591166  0.20314129  0.18591166  0.16909347  0.12872529  0.12872529  0.11320432  0.12092205  0.12092205  0.12092205  0.13661595  0.12092205  0.12092205  0.18591166  0.17745237  0.17745237  0.14459601  0.14459601  0.17745237  0.18591166  0.18591166  0.19447379  0.19447379  0.16909347  0.16909347  0.16083261  0.17745237  0.16083261  0.15266752  0.16909347  0.14459601  0.15266752  0.13661595  0.12872529  0.12872529  0.14459601  0.13661595  0.13661595  0.13661595  0.13661595  0.16909347  0.16083261  0.15266752  0.15266752  0.16083261  0.13661595  0.23891902  0.19447379  
89_33_0    0.22980277  0.22980277  0.19447379  0.19447379  0.07583544  0.07583544  0.01988595  0.01988595  0.01319472  0.01988595  0.00656646  0.01319472  0.00000000  0.11320432  0.10557025  0.10557025  0.10557025  0.13661595  0.13661595  0.13661595  0.12092205  0.15266752  0.14459601  0.13661595  0.14459601  0.12872529  0.19447379  0.18591166  0.19447379  0.18591166  0.14459601  0.15266752  0.12092205  0.12092205  0.12872529  0.13661595  0.13661595  0.16083261  0.13661595  0.14459601  0.15266752  0.15266752  0.16083261  0.13661595  0.17745237  0.18591166  0.19447379  0.18591166  0.16909347  0.14459601  0.15266752  0.15266752  0.15266752  0.14459601  0.13661595  0.13661595  0.12092205  0.14459601  0.13661595  0.14459601  0.17745237  0.17745237  0.18591166  0.20314129  0.18591166  0.16083261  0.16909347  0.15266752  0.15266752  0.15266752  0.13661595  0.14459601  0.13661595  0.16909347  0.17745237  0.13661595  0.20314129  0.17745237  0.18591166  0.19447379  0.20314129  0.21191679  0.21191679  0.21191679  0.27661189  0.18591166  0.17745237  0.18591166  0.18591166  0.16909347  0.16909347  0.17745237  0.18591166  0.16909347  0.16083261  0.14459601  0.15266752  0.12872529  0.13661595  0.14459601  0.16083261  0.16083261  0.16909347  0.18591166  0.16083261  0.15266752  0.16909347  0.16083261  0.16083261  0.16909347  0.19447379  0.19447379  0.16083261  0.16909347  0.21191679  0.21191679  0.16083261  0.16083261  0.16083261  0.16909347  0.17745237  0.16909347  0.13661595  0.13661595  0.13661595  0.13661595  0.12092205  0.16083261  0.18591166  0.19447379  0.22080300  0.23891902  0.23891902  0.22980277  0.23891902  0.17745237  0.15266752  0.15266752  0.16909347  0.16909347  0.18591166  0.16909347  0.15266752  0.11320432  0.11320432  0.09801803  0.10557025  0.10557025  0.10557025  0.12092205  0.10557025  0.10557025  0.16909347  0.16083261  0.16083261  0.12872529  0.12872529  0.16083261  0.16909347  0.16909347  0.17745237  0.17745237  0.15266752  0.15266752  0.14459601  0.16083261  0.14459601  0.13661595  0.15266752  0.12872529  0.13661595  0.12092205  0.11320432  0.11320432  0.12872529  0.13661595  0.13661595  0.13661595  0.13661595  0.15266752  0.14459601  0.13661595  0.13661595  0.14459601  0.12092205  0.22080300  0.17745237  
20_0_0     0.23891902  0.23891902  0.22080300  0.22080300  0.16083261  0.16083261  0.11320432  0.11320432  0.12092205  0.12872529  0.11320432  0.12872529  0.11320432  0.00000000  0.02664136  0.02664136  0.02664136  0.16083261  0.16083261  0.13661595  0.16909347  0.16909347  0.14459601  0.13661595  0.14459601  0.14459601  0.18591166  0.17745237  0.18591166  0.17745237  0.09054594  0.10557025  0.12092205  0.12092205  0.11320432  0.12092205  0.16909347  0.17745237  0.16909347  0.17745237  0.18591166  0.18591166  0.18591166  0.18591166  0.17745237  0.12872529  0.13661595  0.12872529  0.12872529  0.13661595  0.12872529  0.12872529  0.12872529  0.13661595  0.12872529  0.12872529  0.10557025  0.12872529  0.12872529  0.12092205  0.21191679  0.19447379  0.20314129  0.22080300  0.20314129  0.15266752  0.16083261  0.14459601  0.14459601  0.14459601  0.12872529  0.13661595  0.12872529  0.16083261  0.16909347  0.12872529  0.19447379  0.18591166  0.21191679  0.22080300  0.21191679  0.20314129  0.20314129  0.20314129  0.24815482  0.21191679  0.16909347  0.19447379  0.19447379  0.17745237  0.17745237  0.18591166  0.17745237  0.17745237  0.16909347  0.16909347  0.16083261  0.13661595  0.14459601  0.15266752  0.13661595  0.13661595  0.14459601  0.17745237  0.18591166  0.17745237  0.20314129  0.19447379  0.21191679  0.22080300  0.22080300  0.23891902  0.20314129  0.19447379  0.21191679  0.20314129  0.15266752  0.13661595  0.18591166  0.21191679  0.22080300  0.16083261  0.14459601  0.14459601  0.16083261  0.16083261  0.14459601  0.18591166  0.18591166  0.19447379  0.20314129  0.23891902  0.20314129  0.21191679  0.22080300  0.17745237  0.16909347  0.13661595  0.16909347  0.15266752  0.16083261  0.15266752  0.14459601  0.08315228  0.08315228  0.08315228  0.09054594  0.09054594  0.09054594  0.10557025  0.12092205  0.12092205  0.17745237  0.15266752  0.15266752  0.11320432  0.11320432  0.19447379  0.16909347  0.16909347  0.17745237  0.20314129  0.18591166  0.18591166  0.17745237  0.17745237  0.19447379  0.18591166  0.18591166  0.12872529  0.16909347  0.12092205  0.11320432  0.11320432  0.13661595  0.13661595  0.13661595  0.13661595  0.13661595  0.16909347  0.14459601  0.13661595  0.13661595  0.15266752  0.16083261  0.18591166  0.19447379  
52_0_0     0.25751334  0.25751334  0.23891902  0.23891902  0.15266752  0.15266752  0.12092205  0.12092205  0.11320432  0.12092205  0.10557025  0.12092205  0.10557025  0.02664136  0.00000000  0.00000000  0.00000000  0.15266752  0.15266752  0.12872529  0.16083261  0.16083261  0.13661595  0.12872529  0.13661595  0.13661595  0.17745237  0.16909347  0.17745237  0.16909347  0.09054594  0.09054594  0.09054594  0.09054594  0.08315228  0.10557025  0.15266752  0.16083261  0.15266752  0.16083261  0.16909347  0.16909347  0.16909347  0.16909347  0.17745237  0.12872529  0.13661595  0.12872529  0.12872529  0.13661595  0.12872529  0.12872529  0.12872529  0.13661595  0.12872529  0.12872529  0.09801803  0.12092205  0.11320432  0.10557025  0.20314129  0.18591166  0.19447379  0.21191679  0.21191679  0.12092205  0.12872529  0.11320432  0.11320432  0.11320432  0.12872529  0.13661595  0.12872529  0.12872529  0.13661595  0.11320432  0.19447379  0.18591166  0.21191679  0.22080300  0.21191679  0.20314129  0.20314129  0.20314129  0.24815482  0.19447379  0.15266752  0.17745237  0.17745237  0.16083261  0.16083261  0.16909347  0.16083261  0.16083261  0.15266752  0.15266752  0.14459601  0.12092205  0.12872529  0.13661595  0.12092205  0.12092205  0.12872529  0.16083261  0.16909347  0.16083261  0.19447379  0.18591166  0.20314129  0.21191679  0.20314129  0.20314129  0.16909347  0.16083261  0.19447379  0.18591166  0.15266752  0.15266752  0.17745237  0.20314129  0.21191679  0.15266752  0.13661595  0.13661595  0.15266752  0.15266752  0.13661595  0.17745237  0.17745237  0.18591166  0.19447379  0.22980277  0.19447379  0.20314129  0.21191679  0.16909347  0.16083261  0.11320432  0.14459601  0.12872529  0.13661595  0.14459601  0.13661595  0.07583544  0.07583544  0.07583544  0.08315228  0.08315228  0.08315228  0.09801803  0.11320432  0.11320432  0.17745237  0.15266752  0.15266752  0.10557025  0.10557025  0.16909347  0.16083261  0.16083261  0.15266752  0.21191679  0.17745237  0.17745237  0.16909347  0.16909347  0.18591166  0.17745237  0.17745237  0.12092205  0.16083261  0.11320432  0.10557025  0.10557025  0.12872529  0.12872529  0.12872529  0.12872529  0.12872529  0.16083261  0.13661595  0.12872529  0.12872529  0.12872529  0.13661595  0.18591166  0.17745237  
60_0_0     0.25751334  0.25751334  0.23891902  0.23891902  0.15266752  0.15266752  0.12092205  0.12092205  0.11320432  0.12092205  0.10557025  0.12092205  0.10557025  0.02664136  0.00000000  0.00000000  0.00000000  0.15266752  0.15266752  0.12872529  0.16083261  0.16083261  0.13661595  0.12872529  0.13661595  0.13661595  0.17745237  0.16909347  0.17745237  0.16909347  0.09054594  0.09054594  0.09054594  0.09054594  0.08315228  0.10557025  0.15266752  0.16083261  0.15266752  0.16083261  0.16909347  0.16909347  0.16909347  0.16909347  0.17745237  0.12872529  0.13661595  0.12872529  0.12872529  0.13661595  0.12872529  0.12872529  0.12872529  0.13661595  0.12872529  0.12872529  0.09801803  0.12092205  0.11320432  0.10557025  0.20314129  0.18591166  0.19447379  0.21191679  0.21191679  0.12092205  0.12872529  0.11320432  0.11320432  0.11320432  0.12872529  0.13661595  0.12872529  0.12872529  0.13661595  0.11320432  0.19447379  0.18591166  0.21191679  0.22080300  0.21191679  0.20314129  0.20314129  0.20314129  0.24815482  0.19447379  0.15266752  0.17745237  0.17745237  0.16083261  0.16083261  0.16909347  0.16083261  0.16083261  0.15266752  0.15266752  0.14459601  0.12092205  0.12872529  0.13661595  0.12092205  0.12092205  0.12872529  0.16083261  0.16909347  0.16083261  0.19447379  0.18591166  0.20314129  0.21191679  0.20314129  0.20314129  0.16909347  0.16083261  0.19447379  0.18591166  0.15266752  0.15266752  0.17745237  0.20314129  0.21191679  0.15266752  0.13661595  0.13661595  0.15266752  0.15266752  0.13661595  0.17745237  0.17745237  0.18591166  0.19447379  0.22980277  0.19447379  0.20314129  0.21191679  0.16909347  0.16083261  0.11320432  0.14459601  0.12872529  0.13661595  0.14459601  0.13661595  0.07583544  0.07583544  0.07583544  0.08315228  0.08315228  0.08315228  0.09801803  0.11320432  0.11320432  0.17745237  0.15266752  0.15266752  0.10557025  0.10557025  0.16909347  0.16083261  0.16083261  0.15266752  0.21191679  0.17745237  0.17745237  0.16909347  0.16909347  0.18591166  0.17745237  0.17745237  0.12092205  0.16083261  0.11320432  0.10557025  0.10557025  0.12872529  0.12872529  0.12872529  0.12872529  0.12872529  0.16083261  0.13661595  0.12872529  0.12872529  0.12872529  0.13661595  0.18591166  0.17745237  
10_0_0     0.25751334  0.25751334  0.23891902  0.23891902  0.15266752  0.15266752  0.12092205  0.12092205  0.11320432  0.12092205  0.10557025  0.12092205  0.10557025  0.02664136  0.00000000  0.00000000  0.00000000  0.15266752  0.15266752  0.12872529  0.16083261  0.16083261  0.13661595  0.12872529  0.13661595  0.13661595  0.17745237  0.16909347  0.17745237  0.16909347  0.09054594  0.09054594  0.09054594  0.09054594  0.08315228  0.10557025  0.15266752  0.16083261  0.15266752  0.16083261  0.16909347  0.16909347  0.16909347  0.16909347  0.17745237  0.12872529  0.13661595  0.12872529  0.12872529  0.13661595  0.12872529  0.12872529  0.12872529  0.13661595  0.12872529  0.12872529  0.09801803  0.12092205  0.11320432  0.10557025  0.20314129  0.18591166  0.19447379  0.21191679  0.21191679  0.12092205  0.12872529  0.11320432  0.11320432  0.11320432  0.12872529  0.13661595  0.12872529  0.12872529  0.13661595  0.11320432  0.19447379  0.18591166  0.21191679  0.22080300  0.21191679  0.20314129  0.20314129  0.20314129  0.24815482  0.19447379  0.15266752  0.17745237  0.17745237  0.16083261  0.16083261  0.16909347  0.16083261  0.16083261  0.15266752  0.15266752  0.14459601  0.12092205  0.12872529  0.13661595  0.12092205  0.12092205  0.12872529  0.16083261  0.16909347  0.16083261  0.19447379  0.18591166  0.20314129  0.21191679  0.20314129  0.20314129  0.16909347  0.16083261  0.19447379  0.18591166  0.15266752  0.15266752  0.17745237  0.20314129  0.21191679  0.15266752  0.13661595  0.13661595  0.15266752  0.15266752  0.13661595  0.17745237  0.17745237  0.18591166  0.19447379  0.22980277  0.19447379  0.20314129  0.21191679  0.16909347  0.16083261  0.11320432  0.14459601  0.12872529  0.13661595  0.14459601  0.13661595  0.07583544  0.07583544  0.07583544  0.08315228  0.08315228  0.08315228  0.09801803  0.11320432  0.11320432  0.17745237  0.15266752  0.15266752  0.10557025  0.10557025  0.16909347  0.16083261  0.16083261  0.15266752  0.21191679  0.17745237  0.17745237  0.16909347  0.16909347  0.18591166  0.17745237  0.17745237  0.12092205  0.16083261  0.11320432  0.10557025  0.10557025  0.12872529  0.12872529  0.12872529  0.12872529  0.12872529  0.16083261  0.13661595  0.12872529  0.12872529  0.12872529  0.13661595  0.18591166  0.17745237  
