20
19_0_0     0.00000000  0.02187581  0.06270315  0.07459304  0.08130916  0.07502761  0.08130916  0.09412143  0.09412143  0.06270315  0.05665627  0.06843222  0.06270315  0.06270315  0.05665627  0.14182995  0.15636854  0.15636854  0.08715426  0.08715426  
14_0_0     0.02187581  0.00000000  0.07502761  0.08715426  0.09412143  0.08767304  0.09412143  0.09412143  0.09412143  0.07502761  0.05665627  0.08083303  0.07502761  0.07502761  0.06882628  0.14182995  0.15636854  0.15636854  0.10004906  0.10004906  
15_0_0     0.06270315  0.07502761  0.00000000  0.01077570  0.01631378  0.01081473  0.01631378  0.03895471  0.03895471  0.03319474  0.03895471  0.03874872  0.03319474  0.03319474  0.02750230  0.14904483  0.16380439  0.16380439  0.09355886  0.09355886  
16_0_0     0.07459304  0.08715426  0.01077570  0.00000000  0.01624288  0.01077570  0.01624288  0.03874872  0.03874872  0.04454203  0.05040530  0.05017595  0.04454203  0.04454203  0.03874872  0.14808495  0.16272992  0.16272992  0.09304911  0.09304911  
8_0_0      0.08130916  0.09412143  0.01631378  0.01624288  0.00000000  0.01631378  0.02187581  0.04478382  0.04478382  0.05068376  0.05665627  0.05634022  0.05068376  0.05068376  0.04478382  0.15636854  0.17135589  0.17135589  0.08715426  0.08715426  
18_0_0     0.07502761  0.08767304  0.01081473  0.01077570  0.01631378  0.00000000  0.01631378  0.03895471  0.03895471  0.04478382  0.05068376  0.05040530  0.04478382  0.04478382  0.03895471  0.14904483  0.16380439  0.16380439  0.09355886  0.09355886  
20_0_0     0.08130916  0.09412143  0.01631378  0.01624288  0.02187581  0.01631378  0.00000000  0.03319474  0.03319474  0.05068376  0.05665627  0.05634022  0.05068376  0.05068376  0.04478382  0.14182995  0.15636854  0.15636854  0.10004906  0.10004906  
12_0_0     0.09412143  0.09412143  0.03895471  0.03874872  0.04478382  0.03895471  0.03319474  0.00000000  0.00000000  0.07502761  0.06882628  0.08083303  0.07502761  0.07502761  0.06882628  0.14182995  0.15636854  0.15636854  0.11329565  0.11329565  
5_0_0      0.09412143  0.09412143  0.03895471  0.03874872  0.04478382  0.03895471  0.03319474  0.00000000  0.00000000  0.07502761  0.06882628  0.08083303  0.07502761  0.07502761  0.06882628  0.14182995  0.15636854  0.15636854  0.11329565  0.11329565  
6_0_0      0.06270315  0.07502761  0.03319474  0.04454203  0.05068376  0.04478382  0.05068376  0.07502761  0.07502761  0.00000000  0.02750230  0.02736543  0.02187581  0.02187581  0.01631378  0.17902668  0.19474164  0.19474164  0.10662719  0.10662719  
7_0_0      0.05665627  0.05665627  0.03895471  0.05040530  0.05665627  0.05068376  0.05665627  0.06882628  0.06882628  0.02750230  0.00000000  0.02177231  0.01631378  0.01631378  0.01081473  0.15636854  0.17135589  0.17135589  0.10004906  0.10004906  
11_0_0     0.06843222  0.08083303  0.03874872  0.05017595  0.05634022  0.05040530  0.05634022  0.08083303  0.08083303  0.02736543  0.02177231  0.00000000  0.01624288  0.01624288  0.01077570  0.18556037  0.20139970  0.20139970  0.11264917  0.11264917  
9_0_0      0.06270315  0.07502761  0.03319474  0.04454203  0.05068376  0.04478382  0.05068376  0.07502761  0.07502761  0.02187581  0.01631378  0.01624288  0.00000000  0.00000000  0.00537726  0.17902668  0.19474164  0.19474164  0.10662719  0.10662719  
13_0_0     0.06270315  0.07502761  0.03319474  0.04454203  0.05068376  0.04478382  0.05068376  0.07502761  0.07502761  0.02187581  0.01631378  0.01624288  0.00000000  0.00000000  0.00537726  0.17902668  0.19474164  0.19474164  0.10662719  0.10662719  
17_0_0     0.05665627  0.06882628  0.02750230  0.03874872  0.04478382  0.03895471  0.04478382  0.06882628  0.06882628  0.01631378  0.01081473  0.01077570  0.00537726  0.00537726  0.00000000  0.17135589  0.18682059  0.18682059  0.10004906  0.10004906  
1_0_0      0.14182995  0.14182995  0.14904483  0.14808495  0.15636854  0.14904483  0.14182995  0.14182995  0.14182995  0.17902668  0.15636854  0.18556037  0.17902668  0.17902668  0.17135589  0.00000000  0.01081473  0.01081473  0.13386877  0.13386877  
2_0_0      0.15636854  0.15636854  0.16380439  0.16272992  0.17135589  0.16380439  0.15636854  0.15636854  0.15636854  0.19474164  0.17135589  0.20139970  0.19474164  0.19474164  0.18682059  0.01081473  0.00000000  0.00000000  0.14808495  0.14808495  
3_0_0      0.15636854  0.15636854  0.16380439  0.16272992  0.17135589  0.16380439  0.15636854  0.15636854  0.15636854  0.19474164  0.17135589  0.20139970  0.19474164  0.19474164  0.18682059  0.01081473  0.00000000  0.00000000  0.14808495  0.14808495  
10_0_0     0.08715426  0.10004906  0.09355886  0.09304911  0.08715426  0.09355886  0.10004906  0.11329565  0.11329565  0.10662719  0.10004906  0.11264917  0.10662719  0.10662719  0.10004906  0.13386877  0.14808495  0.14808495  0.00000000  0.00000000  
4_0_0      0.08715426  0.10004906  0.09355886  0.09304911  0.08715426  0.09355886  0.10004906  0.11329565  0.11329565  0.10662719  0.10004906  0.11264917  0.10662719  0.10662719  0.10004906  0.13386877  0.14808495  0.14808495  0.00000000  0.00000000  

