21
8_0_0      0.00000000  0.09068841  0.10149323  0.10695589  0.09607093  0.09607093  0.10695589  0.11800476  0.45902173  0.45021545  0.45021545  0.45902173  0.46793498  0.47695784  0.67359437  0.67359437  0.67359437  0.68556006  0.68556006  0.68556006  0.76176660  
7_0_0      0.09068841  0.00000000  0.01920654  0.01435757  0.00475471  0.01435757  0.05919699  0.05919699  0.46793498  0.45902173  0.45902173  0.50471187  0.51420151  0.51420151  0.73547514  0.76176660  0.76176660  0.74850312  0.72267445  0.72267445  0.76176660  
5_0_0      0.10149323  0.01920654  0.00000000  0.02408777  0.02408777  0.03394873  0.08004039  0.08004039  0.45021545  0.45902173  0.44151360  0.48609304  0.49534340  0.49534340  0.74850312  0.80305923  0.77527425  0.76176660  0.73547514  0.73547514  0.77527425  
10_0_0     0.10695589  0.01435757  0.02408777  0.00000000  0.01920654  0.02900168  0.07477377  0.07477377  0.47695784  0.46793498  0.46793498  0.51420151  0.52381548  0.52381548  0.74850312  0.77527425  0.77527425  0.76176660  0.73547514  0.73547514  0.77527425  
1_0_0      0.09607093  0.00475471  0.02408777  0.01920654  0.00000000  0.01920654  0.06435260  0.06435260  0.47695784  0.46793498  0.46793498  0.51420151  0.52381548  0.52381548  0.72267445  0.74850312  0.74850312  0.73547514  0.71009324  0.71009324  0.74850312  
12_0_0     0.09607093  0.01435757  0.03394873  0.02900168  0.01920654  0.00000000  0.06435260  0.05407736  0.46793498  0.45902173  0.45902173  0.52381548  0.53355709  0.53355709  0.74850312  0.77527425  0.77527425  0.76176660  0.73547514  0.73547514  0.77527425  
4_0_0      0.10695589  0.05919699  0.08004039  0.07477377  0.06435260  0.06435260  0.00000000  0.10149323  0.50471187  0.49534340  0.49534340  0.54342978  0.55343711  0.53355709  0.76176660  0.78903523  0.78903523  0.77527425  0.72267445  0.72267445  0.77527425  
9_0_0      0.11800476  0.05919699  0.08004039  0.07477377  0.06435260  0.05407736  0.10149323  0.00000000  0.45021545  0.44151360  0.44151360  0.46793498  0.47695784  0.49534340  0.76176660  0.73547514  0.73547514  0.77527425  0.73547514  0.73547514  0.78903523  
2_0_0      0.45902173  0.46793498  0.45021545  0.47695784  0.47695784  0.46793498  0.50471187  0.45021545  0.00000000  0.00475471  0.00475471  0.05919699  0.06435260  0.06435260  0.61652879  0.63882533  0.61652879  0.62759237  0.66182068  0.66182068  0.71009324  
14_0_0     0.45021545  0.45902173  0.45902173  0.46793498  0.46793498  0.45902173  0.49534340  0.44151360  0.00475471  0.00000000  0.00954043  0.06435260  0.06954468  0.06954468  0.62759237  0.62759237  0.62759237  0.63882533  0.67359437  0.67359437  0.72267445  
11_0_0     0.45021545  0.45902173  0.44151360  0.46793498  0.46793498  0.45902173  0.49534340  0.44151360  0.00475471  0.00954043  0.00000000  0.06435260  0.06954468  0.06954468  0.60562955  0.62759237  0.60562955  0.61652879  0.65023293  0.65023293  0.69772412  
3_0_0      0.45902173  0.50471187  0.48609304  0.51420151  0.51420151  0.52381548  0.54342978  0.46793498  0.05919699  0.06435260  0.06435260  0.00000000  0.00475471  0.01435757  0.65023293  0.65023293  0.62759237  0.63882533  0.65023293  0.65023293  0.72267445  
6_0_0      0.46793498  0.51420151  0.49534340  0.52381548  0.52381548  0.53355709  0.55343711  0.47695784  0.06435260  0.06954468  0.06954468  0.00475471  0.00000000  0.01920654  0.63882533  0.63882533  0.61652879  0.62759237  0.63882533  0.63882533  0.71009324  
13_0_0     0.47695784  0.51420151  0.49534340  0.52381548  0.52381548  0.53355709  0.53355709  0.49534340  0.06435260  0.06954468  0.06954468  0.01435757  0.01920654  0.00000000  0.66182068  0.68556006  0.66182068  0.65023293  0.63882533  0.63882533  0.68556006  
18_0_0     0.67359437  0.73547514  0.74850312  0.74850312  0.72267445  0.74850312  0.76176660  0.76176660  0.61652879  0.62759237  0.60562955  0.65023293  0.63882533  0.66182068  0.00000000  0.01920654  0.00954043  0.00475471  0.14637749  0.14637749  0.12922255  
19_0_0     0.67359437  0.76176660  0.80305923  0.77527425  0.74850312  0.77527425  0.78903523  0.73547514  0.63882533  0.62759237  0.62759237  0.65023293  0.63882533  0.68556006  0.01920654  0.00000000  0.00954043  0.02408777  0.15804107  0.15804107  0.14061450  
17_0_0     0.67359437  0.76176660  0.77527425  0.77527425  0.74850312  0.77527425  0.78903523  0.73547514  0.61652879  0.62759237  0.60562955  0.62759237  0.61652879  0.66182068  0.00954043  0.00954043  0.00000000  0.01435757  0.14637749  0.14637749  0.12922255  
15_0_0     0.68556006  0.74850312  0.76176660  0.76176660  0.73547514  0.76176660  0.77527425  0.77527425  0.62759237  0.63882533  0.61652879  0.63882533  0.62759237  0.65023293  0.00475471  0.02408777  0.01435757  0.00000000  0.14061450  0.14061450  0.12359222  
20_1_0     0.68556006  0.72267445  0.73547514  0.73547514  0.71009324  0.73547514  0.72267445  0.73547514  0.66182068  0.67359437  0.65023293  0.65023293  0.63882533  0.63882533  0.14637749  0.15804107  0.14637749  0.14061450  0.00000000  0.00000000  0.16394313  
20_0_0     0.68556006  0.72267445  0.73547514  0.73547514  0.71009324  0.73547514  0.72267445  0.73547514  0.66182068  0.67359437  0.65023293  0.65023293  0.63882533  0.63882533  0.14637749  0.15804107  0.14637749  0.14061450  0.00000000  0.00000000  0.16394313  
16_0_0     0.76176660  0.76176660  0.77527425  0.77527425  0.74850312  0.77527425  0.77527425  0.78903523  0.71009324  0.72267445  0.69772412  0.72267445  0.71009324  0.68556006  0.12922255  0.14061450  0.12922255  0.12359222  0.16394313  0.16394313  0.00000000  

