15
11_0_0     0.00000000  0.06986753  0.06425225  0.06425225  0.06425225  0.15965760  0.15965760  0.17900306  0.21928280  0.21928280  0.23321246  0.31490533  0.34700290  0.31490533  0.29171509  
5_0_0      0.06986753  0.00000000  0.00514608  0.00514608  0.00514608  0.19218721  0.19218721  0.22621481  0.26188505  0.26188505  0.27664958  0.39792476  0.36359004  0.34700290  0.35524993  
10_0_0     0.06425225  0.00514608  0.00000000  0.00000000  0.00000000  0.19886855  0.19886855  0.23321246  0.25461194  0.25461194  0.26923045  0.40676360  0.37202534  0.33884687  0.34700290  
4_0_0      0.06425225  0.00514608  0.00000000  0.00000000  0.00000000  0.19886855  0.19886855  0.23321246  0.25461194  0.25461194  0.26923045  0.40676360  0.37202534  0.33884687  0.34700290  
12_0_0     0.06425225  0.00514608  0.00000000  0.00000000  0.00000000  0.19886855  0.19886855  0.23321246  0.25461194  0.25461194  0.26923045  0.40676360  0.37202534  0.33884687  0.34700290  
18_0_0     0.15965760  0.19218721  0.19886855  0.19886855  0.19886855  0.00000000  0.00000000  0.08697398  0.13462702  0.13462702  0.14703635  0.33077987  0.36359004  0.33884687  0.33077987  
8_0_0      0.15965760  0.19218721  0.19886855  0.19886855  0.19886855  0.00000000  0.00000000  0.08697398  0.13462702  0.13462702  0.14703635  0.33077987  0.36359004  0.33884687  0.33077987  
19_0_0     0.17900306  0.22621481  0.23321246  0.23321246  0.23321246  0.08697398  0.08697398  0.00000000  0.19886855  0.19886855  0.19886855  0.31490533  0.34700290  0.34700290  0.33884687  
9_0_0      0.21928280  0.26188505  0.25461194  0.25461194  0.25461194  0.13462702  0.13462702  0.19886855  0.00000000  0.00000000  0.03142810  0.36359004  0.36359004  0.37202534  0.33077987  
13_0_0     0.21928280  0.26188505  0.25461194  0.25461194  0.25461194  0.13462702  0.13462702  0.19886855  0.00000000  0.00000000  0.03142810  0.36359004  0.36359004  0.37202534  0.33077987  
7_0_0      0.23321246  0.27664958  0.26923045  0.26923045  0.26923045  0.14703635  0.14703635  0.19886855  0.03142810  0.03142810  0.00000000  0.35524993  0.33884687  0.34700290  0.33884687  
16_1_0     0.31490533  0.39792476  0.40676360  0.40676360  0.40676360  0.33077987  0.33077987  0.31490533  0.36359004  0.36359004  0.35524993  0.00000000  0.16604999  0.15965760  0.16604999  
16_0_0     0.34700290  0.36359004  0.37202534  0.37202534  0.37202534  0.36359004  0.36359004  0.34700290  0.36359004  0.36359004  0.33884687  0.16604999  0.00000000  0.15965760  0.17900306  
15_0_0     0.31490533  0.34700290  0.33884687  0.33884687  0.33884687  0.33884687  0.33884687  0.34700290  0.37202534  0.37202534  0.34700290  0.15965760  0.15965760  0.00000000  0.05867932  
6_0_0      0.29171509  0.35524993  0.34700290  0.34700290  0.34700290  0.33077987  0.33077987  0.33884687  0.33077987  0.33077987  0.33884687  0.16604999  0.17900306  0.05867932  0.00000000  

