15
11_0_0     0.00000000  0.04767871  0.03143705  0.03143705  0.03143705  0.23375549  0.21975963  0.21975963  0.25526605  0.25526605  0.24085542  0.35658902  0.34005510  0.33192659  0.37350643  
5_0_0      0.04767871  0.00000000  0.01554918  0.01554918  0.01554918  0.24085542  0.22672399  0.24085542  0.26257955  0.26257955  0.26257955  0.38211459  0.33192659  0.34827521  0.39082554  
10_0_0     0.03143705  0.01554918  0.00000000  0.00000000  0.00000000  0.24802515  0.23375549  0.23375549  0.25526605  0.25526605  0.25526605  0.35658902  0.32388766  0.32388766  0.36499868  
4_0_0      0.03143705  0.01554918  0.00000000  0.00000000  0.00000000  0.24802515  0.23375549  0.23375549  0.25526605  0.25526605  0.25526605  0.35658902  0.32388766  0.32388766  0.36499868  
12_0_0     0.03143705  0.01554918  0.00000000  0.00000000  0.00000000  0.24802515  0.23375549  0.23375549  0.25526605  0.25526605  0.25526605  0.35658902  0.32388766  0.32388766  0.36499868  
18_0_0     0.23375549  0.24085542  0.24802515  0.24802515  0.24802515  0.00000000  0.01032920  0.09869326  0.19254868  0.19254868  0.20602727  0.39964179  0.39082554  0.41760054  0.42674849  
8_0_0      0.21975963  0.22672399  0.23375549  0.23375549  0.23375549  0.01032920  0.00000000  0.08704437  0.19254868  0.19254868  0.20602727  0.39964179  0.39082554  0.41760054  0.44539595  
19_0_0     0.21975963  0.24085542  0.23375549  0.23375549  0.23375549  0.09869326  0.08704437  0.00000000  0.16631643  0.16631643  0.17931464  0.36499868  0.35658902  0.39082554  0.39964179  
9_0_0      0.25526605  0.26257955  0.25526605  0.25526605  0.25526605  0.19254868  0.19254868  0.16631643  0.00000000  0.00000000  0.01032920  0.39964179  0.39082554  0.39082554  0.38211459  
13_0_0     0.25526605  0.26257955  0.25526605  0.25526605  0.25526605  0.19254868  0.19254868  0.16631643  0.00000000  0.00000000  0.01032920  0.39964179  0.39082554  0.39082554  0.38211459  
7_0_0      0.24085542  0.26257955  0.25526605  0.25526605  0.25526605  0.20602727  0.20602727  0.17931464  0.01032920  0.01032920  0.00000000  0.39964179  0.40856589  0.40856589  0.39964179  
16_1_0     0.35658902  0.38211459  0.35658902  0.35658902  0.35658902  0.39964179  0.39964179  0.36499868  0.39964179  0.39964179  0.39964179  0.00000000  0.18590164  0.19925684  0.19254868  
16_0_0     0.34005510  0.33192659  0.32388766  0.32388766  0.32388766  0.39082554  0.39082554  0.35658902  0.39082554  0.39082554  0.40856589  0.18590164  0.00000000  0.19925684  0.20602727  
15_0_0     0.33192659  0.34827521  0.32388766  0.32388766  0.32388766  0.41760054  0.41760054  0.39082554  0.39082554  0.39082554  0.40856589  0.19925684  0.19925684  0.00000000  0.04767871  
6_0_0      0.37350643  0.39082554  0.36499868  0.36499868  0.36499868  0.42674849  0.44539595  0.39964179  0.38211459  0.38211459  0.39964179  0.19254868  0.20602727  0.04767871  0.00000000  

