20
5_0_0      0.00000000  0.01630600  0.01630600  0.01630600  0.13520299  0.11611455  0.11611455  0.54589885  0.65396891  0.51309595  0.51309595  0.51309595  0.64115820  0.64115820  0.65396891  0.56859745  0.59200864  0.59200864  0.66700353  0.47148915  
4_0_0      0.01630600  0.00000000  0.00000000  0.01083096  0.13520299  0.10985878  0.10985878  0.54589885  0.65396891  0.51309595  0.51309595  0.51309595  0.64115820  0.64115820  0.65396891  0.55716180  0.58021119  0.58021119  0.68027002  0.47148915  
12_0_0     0.01630600  0.00000000  0.00000000  0.01083096  0.13520299  0.10985878  0.10985878  0.54589885  0.65396891  0.51309595  0.51309595  0.51309595  0.64115820  0.64115820  0.65396891  0.55716180  0.58021119  0.58021119  0.68027002  0.47148915  
10_0_0     0.01630600  0.01083096  0.01083096  0.00000000  0.13520299  0.10365505  0.10985878  0.54589885  0.65396891  0.50247463  0.50247463  0.50247463  0.62856383  0.62856383  0.64115820  0.54589885  0.56859745  0.56859745  0.65396891  0.47148915  
15_0_0     0.13520299  0.13520299  0.13520299  0.13520299  0.00000000  0.11611455  0.11611455  0.54589885  0.65396891  0.53480347  0.53480347  0.53480347  0.56859745  0.62856383  0.61617861  0.54589885  0.54589885  0.54589885  0.61617861  0.50247463  
17_0_0     0.11611455  0.10985878  0.10985878  0.10365505  0.11611455  0.00000000  0.02182153  0.59200864  0.65396891  0.46144028  0.46144028  0.46144028  0.58021119  0.60399572  0.59200864  0.53480347  0.53480347  0.53480347  0.65396891  0.49200244  
11_0_0     0.11611455  0.10985878  0.10985878  0.10985878  0.11611455  0.02182153  0.00000000  0.55716180  0.61617861  0.49200244  0.49200244  0.49200244  0.59200864  0.61617861  0.60399572  0.54589885  0.54589885  0.54589885  0.66700353  0.49200244  
14_0_0     0.54589885  0.54589885  0.54589885  0.54589885  0.54589885  0.59200864  0.55716180  0.00000000  0.16814462  0.48167527  0.48167527  0.48167527  0.60399572  0.62856383  0.62856383  0.61617861  0.61617861  0.61617861  0.61617861  0.43208138  
6_0_0      0.65396891  0.65396891  0.65396891  0.65396891  0.65396891  0.65396891  0.61617861  0.16814462  0.00000000  0.53480347  0.53480347  0.53480347  0.61617861  0.60399572  0.60399572  0.66700353  0.62856383  0.62856383  0.73582985  0.53480347  
1_0_0      0.51309595  0.51309595  0.51309595  0.50247463  0.53480347  0.46144028  0.49200244  0.48167527  0.53480347  0.00000000  0.00000000  0.00000000  0.38558076  0.38558076  0.39465183  0.42254642  0.44173983  0.44173983  0.47148915  0.26129499  
2_0_0      0.51309595  0.51309595  0.51309595  0.50247463  0.53480347  0.46144028  0.49200244  0.48167527  0.53480347  0.00000000  0.00000000  0.00000000  0.38558076  0.38558076  0.39465183  0.42254642  0.44173983  0.44173983  0.47148915  0.26129499  
3_0_0      0.51309595  0.51309595  0.51309595  0.50247463  0.53480347  0.46144028  0.49200244  0.48167527  0.53480347  0.00000000  0.00000000  0.00000000  0.38558076  0.38558076  0.39465183  0.42254642  0.44173983  0.44173983  0.47148915  0.26129499  
19_0_0     0.64115820  0.64115820  0.64115820  0.62856383  0.56859745  0.58021119  0.59200864  0.60399572  0.61617861  0.38558076  0.38558076  0.38558076  0.00000000  0.14167594  0.13520299  0.19558735  0.20260877  0.20260877  0.32499665  0.46144028  
18_0_0     0.64115820  0.64115820  0.64115820  0.62856383  0.62856383  0.60399572  0.61617861  0.62856383  0.60399572  0.38558076  0.38558076  0.38558076  0.14167594  0.00000000  0.01630600  0.22407859  0.23137478  0.23137478  0.31672997  0.43208138  
8_0_0      0.65396891  0.65396891  0.65396891  0.64115820  0.61617861  0.59200864  0.60399572  0.62856383  0.60399572  0.39465183  0.39465183  0.39465183  0.13520299  0.01630600  0.00000000  0.21685309  0.22407859  0.22407859  0.30855392  0.44173983  
7_0_0      0.56859745  0.55716180  0.55716180  0.54589885  0.54589885  0.53480347  0.54589885  0.61617861  0.66700353  0.42254642  0.42254642  0.42254642  0.19558735  0.22407859  0.21685309  0.00000000  0.02182153  0.02182153  0.31672997  0.47148915  
9_0_0      0.59200864  0.58021119  0.58021119  0.56859745  0.54589885  0.53480347  0.54589885  0.61617861  0.62856383  0.44173983  0.44173983  0.44173983  0.20260877  0.23137478  0.22407859  0.02182153  0.00000000  0.00000000  0.32499665  0.46144028  
13_0_0     0.59200864  0.58021119  0.58021119  0.56859745  0.54589885  0.53480347  0.54589885  0.61617861  0.62856383  0.44173983  0.44173983  0.44173983  0.20260877  0.23137478  0.22407859  0.02182153  0.00000000  0.00000000  0.32499665  0.46144028  
16_0_0     0.66700353  0.68027002  0.68027002  0.65396891  0.61617861  0.65396891  0.66700353  0.61617861  0.73582985  0.47148915  0.47148915  0.47148915  0.32499665  0.31672997  0.30855392  0.31672997  0.32499665  0.32499665  0.00000000  0.49200244  
20_0_0     0.47148915  0.47148915  0.47148915  0.47148915  0.50247463  0.49200244  0.49200244  0.43208138  0.53480347  0.26129499  0.26129499  0.26129499  0.46144028  0.43208138  0.44173983  0.47148915  0.46144028  0.46144028  0.49200244  0.00000000  

