20
20_0_0     0.00000000  0.08468313  0.07909567  0.10170420  0.07909567  0.07909567  0.32839642  0.34417676  0.32839642  0.32839642  0.32839642  0.38517198  0.34417676  0.32063115  0.21972114  0.23331832  0.22648838  0.22648838  0.21301546  0.21301546  
16_0_0     0.08468313  0.00000000  0.07355024  0.09598673  0.06804622  0.06804622  0.33624436  0.35219544  0.35219544  0.35219544  0.35219544  0.36030231  0.36849932  0.31294683  0.19978438  0.21301546  0.21972114  0.21301546  0.19978438  0.19978438  
17_0_0     0.07909567  0.07355024  0.00000000  0.02027632  0.00501703  0.00501703  0.32839642  0.31294683  0.32839642  0.32839642  0.32839642  0.35219544  0.32839642  0.30534179  0.16145902  0.17401403  0.18037265  0.16770980  0.16770980  0.16770980  
19_0_0     0.10170420  0.09598673  0.02027632  0.00000000  0.02543377  0.02543377  0.31294683  0.29781441  0.31294683  0.31294683  0.31294683  0.33624436  0.31294683  0.29036312  0.15526080  0.16770980  0.17401403  0.14911426  0.16145902  0.16145902  
18_0_0     0.07909567  0.06804622  0.00501703  0.02543377  0.00000000  0.00000000  0.32063115  0.30534179  0.32063115  0.32063115  0.32063115  0.34417676  0.32063115  0.29781441  0.15526080  0.16770980  0.17401403  0.16145902  0.16145902  0.16145902  
15_0_0     0.07909567  0.06804622  0.00501703  0.02543377  0.00000000  0.00000000  0.32063115  0.30534179  0.32063115  0.32063115  0.32063115  0.34417676  0.32063115  0.29781441  0.15526080  0.16770980  0.17401403  0.16145902  0.16145902  0.16145902  
8_0_0      0.32839642  0.33624436  0.32839642  0.31294683  0.32063115  0.32063115  0.00000000  0.02543377  0.01515472  0.01515472  0.01515472  0.07355024  0.03585818  0.07909567  0.23331832  0.24021213  0.23331832  0.22648838  0.22648838  0.22648838  
1_0_0      0.34417676  0.35219544  0.31294683  0.29781441  0.30534179  0.30534179  0.02543377  0.00000000  0.01006845  0.01006845  0.01006845  0.05715996  0.03062754  0.09031326  0.22648838  0.23331832  0.22648838  0.21972114  0.23331832  0.23331832  
7_0_0      0.32839642  0.35219544  0.32839642  0.31294683  0.32063115  0.32063115  0.01515472  0.01006845  0.00000000  0.00000000  0.00000000  0.05715996  0.03062754  0.08468313  0.24021213  0.24717103  0.24021213  0.23331832  0.23331832  0.23331832  
10_0_0     0.32839642  0.35219544  0.32839642  0.31294683  0.32063115  0.32063115  0.01515472  0.01006845  0.00000000  0.00000000  0.00000000  0.05715996  0.03062754  0.08468313  0.24021213  0.24717103  0.24021213  0.23331832  0.23331832  0.23331832  
5_0_0      0.32839642  0.35219544  0.32839642  0.31294683  0.32063115  0.32063115  0.01515472  0.01006845  0.00000000  0.00000000  0.00000000  0.05715996  0.03062754  0.08468313  0.24021213  0.24717103  0.24021213  0.23331832  0.23331832  0.23331832  
4_0_0      0.38517198  0.36030231  0.35219544  0.33624436  0.34417676  0.34417676  0.07355024  0.05715996  0.05715996  0.05715996  0.05715996  0.00000000  0.07909567  0.11912761  0.22648838  0.23331832  0.24021213  0.21972114  0.21972114  0.21972114  
12_0_0     0.34417676  0.36849932  0.32839642  0.31294683  0.32063115  0.32063115  0.03585818  0.03062754  0.03062754  0.03062754  0.03062754  0.07909567  0.00000000  0.09031326  0.22648838  0.23331832  0.22648838  0.21972114  0.23331832  0.23331832  
9_0_0      0.32063115  0.31294683  0.30534179  0.29036312  0.29781441  0.29781441  0.07909567  0.09031326  0.08468313  0.08468313  0.08468313  0.11912761  0.09031326  0.00000000  0.19978438  0.20637024  0.19978438  0.19325684  0.19978438  0.19978438  
13_0_0     0.21972114  0.19978438  0.16145902  0.15526080  0.15526080  0.15526080  0.23331832  0.22648838  0.24021213  0.24021213  0.24021213  0.22648838  0.22648838  0.19978438  0.00000000  0.01006845  0.01515472  0.01006845  0.01515472  0.01515472  
3_0_0      0.23331832  0.21301546  0.17401403  0.16770980  0.16770980  0.16770980  0.24021213  0.23331832  0.24717103  0.24717103  0.24717103  0.23331832  0.23331832  0.20637024  0.01006845  0.00000000  0.00501703  0.02027632  0.02543377  0.02543377  
6_0_0      0.22648838  0.21972114  0.18037265  0.17401403  0.17401403  0.17401403  0.23331832  0.22648838  0.24021213  0.24021213  0.24021213  0.24021213  0.22648838  0.19978438  0.01515472  0.00501703  0.00000000  0.02543377  0.03062754  0.03062754  
11_0_0     0.22648838  0.21301546  0.16770980  0.14911426  0.16145902  0.16145902  0.22648838  0.21972114  0.23331832  0.23331832  0.23331832  0.21972114  0.21972114  0.19325684  0.01006845  0.02027632  0.02543377  0.00000000  0.01515472  0.01515472  
14_0_0     0.21301546  0.19978438  0.16770980  0.16145902  0.16145902  0.16145902  0.22648838  0.23331832  0.23331832  0.23331832  0.23331832  0.21972114  0.23331832  0.19978438  0.01515472  0.02543377  0.03062754  0.01515472  0.00000000  0.00000000  
2_0_0      0.21301546  0.19978438  0.16770980  0.16145902  0.16145902  0.16145902  0.22648838  0.23331832  0.23331832  0.23331832  0.23331832  0.21972114  0.23331832  0.19978438  0.01515472  0.02543377  0.03062754  0.01515472  0.00000000  0.00000000  

