101
3_0_0      0.00000000  0.02950573  0.08299437  0.57710242  0.56814835  0.58616610  0.60463321  0.59534209  0.59534209  0.55055861  0.55930125  0.41584042  0.44540498  0.44540498  0.42312163  0.49209021  0.44540498  0.43047516  0.44540498  0.43790244  0.45298431  0.46064202  0.46837974  0.47619918  0.49209021  0.50016547  0.46837974  0.46837974  0.50016547  0.51658507  0.51658507  0.54191798  0.53337702  0.53337702  0.47619918  0.46837974  0.46064202  0.46064202  0.52493344  0.51658507  0.54191798  0.52493344  0.53337702  0.56814835  0.51658507  0.52493344  0.48410207  0.52493344  0.51658507  0.51658507  0.50016547  0.50016547  0.50016547  0.50016547  0.49209021  0.48410207  0.47619918  0.47619918  0.47619918  0.47619918  0.49209021  0.50016547  0.49209021  0.49209021  0.50016547  0.50016547  0.46837974  0.50016547  0.46837974  0.46837974  0.47619918  0.46837974  0.46837974  0.47619918  0.44540498  0.46837974  0.45298431  0.43047516  0.44540498  0.48410207  0.46837974  0.47619918  0.50016547  0.48410207  0.50016547  0.49209021  0.50016547  0.47619918  0.48410207  0.49209021  0.46837974  0.52493344  0.45298431  0.45298431  0.45298431  0.45298431  0.49209021  0.49209021  0.46064202  0.46064202  0.46837974  
1_0_0      0.02950573  0.00000000  0.06925565  0.52493344  0.51658507  0.53337702  0.55055861  0.54191798  0.54191798  0.50016547  0.52493344  0.38741104  0.44540498  0.44540498  0.40863009  0.46837974  0.43047516  0.41584042  0.41584042  0.40863009  0.45298431  0.47619918  0.48410207  0.49209021  0.49209021  0.50016547  0.46837974  0.48410207  0.51658507  0.53337702  0.53337702  0.55930125  0.55055861  0.55055861  0.49209021  0.47619918  0.46837974  0.46837974  0.51658507  0.50832976  0.51658507  0.50016547  0.50016547  0.53337702  0.53337702  0.54191798  0.50016547  0.51658507  0.53337702  0.53337702  0.50832976  0.50832976  0.50832976  0.45298431  0.46064202  0.45298431  0.43047516  0.43047516  0.43047516  0.43047516  0.46064202  0.46837974  0.46064202  0.46064202  0.46837974  0.46837974  0.43790244  0.48410207  0.45298431  0.45298431  0.44540498  0.43790244  0.43790244  0.44540498  0.41584042  0.46064202  0.43790244  0.41584042  0.43047516  0.45298431  0.43790244  0.44540498  0.45298431  0.43790244  0.46837974  0.44540498  0.45298431  0.43047516  0.43790244  0.47619918  0.46837974  0.47619918  0.43047516  0.41584042  0.41584042  0.44540498  0.47619918  0.46064202  0.41584042  0.41584042  0.42312163  
2_0_0      0.08299437  0.06925565  0.00000000  0.50016547  0.49209021  0.52493344  0.54191798  0.53337702  0.53337702  0.48410207  0.48410207  0.40863009  0.44540498  0.44540498  0.40863009  0.40863009  0.43047516  0.40863009  0.41584042  0.40863009  0.43047516  0.46064202  0.45298431  0.46064202  0.46064202  0.46837974  0.45298431  0.44540498  0.46837974  0.46837974  0.46837974  0.48410207  0.50832976  0.50832976  0.46064202  0.46064202  0.45298431  0.45298431  0.51658507  0.50832976  0.51658507  0.50016547  0.50016547  0.51658507  0.47619918  0.50016547  0.46064202  0.48410207  0.49209021  0.49209021  0.50832976  0.48410207  0.50832976  0.44540498  0.44540498  0.43790244  0.43047516  0.43047516  0.43047516  0.43047516  0.44540498  0.45298431  0.44540498  0.44540498  0.48410207  0.48410207  0.47619918  0.51658507  0.47619918  0.48410207  0.46064202  0.46837974  0.46837974  0.47619918  0.41584042  0.44540498  0.45298431  0.40148931  0.43047516  0.46837974  0.45298431  0.46064202  0.43790244  0.43790244  0.43790244  0.44540498  0.45298431  0.43047516  0.43790244  0.47619918  0.45298431  0.48410207  0.46064202  0.45298431  0.46064202  0.48410207  0.50016547  0.47619918  0.41584042  0.41584042  0.42312163  
18_0_0     0.57710242  0.52493344  0.50016547  0.00000000  0.00831093  0.07380696  0.09229720  0.07838641  0.07838641  0.06925565  0.05132510  0.25379877  0.30189975  0.30813816  0.27147251  0.29571346  0.28349380  0.25964327  0.25964327  0.26553427  0.32717506  0.36003291  0.35334366  0.34671430  0.40863009  0.40148931  0.35334366  0.36003291  0.36003291  0.36678313  0.36678313  0.30813816  0.32717506  0.32717506  0.34014377  0.38047103  0.37359545  0.37359545  0.36003291  0.37359545  0.36678313  0.34671430  0.36003291  0.38047103  0.35334366  0.35334366  0.36003291  0.38047103  0.36003291  0.36003291  0.35334366  0.34014377  0.35334366  0.26553427  0.27147251  0.27147251  0.28957842  0.30189975  0.29571346  0.28957842  0.27147251  0.28349380  0.28349380  0.28349380  0.32717506  0.32077489  0.36678313  0.37359545  0.38047103  0.34014377  0.34671430  0.35334366  0.35334366  0.36678313  0.28349380  0.33363102  0.36003291  0.32077489  0.32077489  0.38741104  0.35334366  0.36003291  0.34671430  0.33363102  0.34671430  0.34014377  0.34671430  0.35334366  0.35334366  0.35334366  0.34014377  0.34014377  0.35334366  0.30813816  0.30189975  0.34014377  0.34014377  0.32077489  0.32077489  0.32077489  0.32717506  
26_0_0     0.56814835  0.51658507  0.49209021  0.00831093  0.00000000  0.06473214  0.08299437  0.06925565  0.06925565  0.06023610  0.04252005  0.25379877  0.28957842  0.29571346  0.25964327  0.29571346  0.28349380  0.25964327  0.25964327  0.26553427  0.31442957  0.34671430  0.34014377  0.33363102  0.39441672  0.38741104  0.34014377  0.34671430  0.35334366  0.36003291  0.36003291  0.30813816  0.32717506  0.32717506  0.34014377  0.38047103  0.37359545  0.37359545  0.34671430  0.36003291  0.35334366  0.33363102  0.34671430  0.36678313  0.34014377  0.34014377  0.34671430  0.36678313  0.34671430  0.34671430  0.34014377  0.32717506  0.34014377  0.25964327  0.26553427  0.26553427  0.28349380  0.29571346  0.28957842  0.28349380  0.26553427  0.27745876  0.27745876  0.27745876  0.32077489  0.31442957  0.37359545  0.38047103  0.38741104  0.34671430  0.35334366  0.36003291  0.36003291  0.37359545  0.27745876  0.32717506  0.35334366  0.31442957  0.31442957  0.38047103  0.34671430  0.35334366  0.34014377  0.32717506  0.34014377  0.33363102  0.34014377  0.34671430  0.34671430  0.36003291  0.34671430  0.33363102  0.34671430  0.30189975  0.29571346  0.34671430  0.33363102  0.31442957  0.31442957  0.31442957  0.32077489  
49_0_0     0.58616610  0.53337702  0.52493344  0.07380696  0.06473214  0.00000000  0.02521796  0.01250163  0.01250163  0.04690948  0.04690948  0.24800003  0.28349380  0.28957842  0.24224635  0.31442957  0.27745876  0.26553427  0.26553427  0.27147251  0.31442957  0.32077489  0.32717506  0.33363102  0.40148931  0.39441672  0.34671430  0.34014377  0.34671430  0.35334366  0.35334366  0.32717506  0.32077489  0.32077489  0.33363102  0.38047103  0.38047103  0.38047103  0.32717506  0.32717506  0.32077489  0.31442957  0.30189975  0.32077489  0.31442957  0.31442957  0.33363102  0.34014377  0.32077489  0.32077489  0.32077489  0.29571346  0.32077489  0.30189975  0.27147251  0.27147251  0.28349380  0.29571346  0.28957842  0.28349380  0.25964327  0.29571346  0.29571346  0.29571346  0.31442957  0.32077489  0.36678313  0.36003291  0.38047103  0.35334366  0.34671430  0.35334366  0.35334366  0.36678313  0.28349380  0.35334366  0.35334366  0.31442957  0.32077489  0.38047103  0.34671430  0.35334366  0.33363102  0.32717506  0.36678313  0.33363102  0.34014377  0.34671430  0.34671430  0.34671430  0.34671430  0.36003291  0.34671430  0.30189975  0.32077489  0.35334366  0.34671430  0.32717506  0.31442957  0.31442957  0.30813816  
45_0_0     0.60463321  0.55055861  0.54191798  0.09229720  0.08299437  0.02521796  0.00000000  0.02950573  0.02950573  0.06473214  0.05576719  0.26553427  0.25964327  0.26553427  0.21966853  0.33363102  0.28349380  0.27147251  0.27745876  0.27745876  0.33363102  0.34014377  0.34671430  0.35334366  0.42312163  0.41584042  0.34671430  0.34014377  0.34671430  0.35334366  0.35334366  0.31442957  0.32077489  0.32077489  0.34014377  0.38047103  0.38047103  0.38047103  0.35334366  0.35334366  0.34671430  0.34014377  0.32717506  0.34671430  0.32717506  0.32717506  0.33363102  0.35334366  0.33363102  0.33363102  0.34671430  0.32077489  0.34671430  0.30813816  0.29571346  0.29571346  0.30813816  0.31442957  0.31442957  0.30813816  0.28349380  0.30813816  0.30813816  0.30813816  0.32717506  0.33363102  0.38047103  0.38741104  0.38047103  0.36678313  0.36003291  0.36678313  0.36678313  0.38047103  0.28957842  0.35334366  0.34671430  0.34014377  0.34014377  0.36003291  0.34014377  0.34671430  0.32717506  0.32077489  0.36003291  0.32717506  0.33363102  0.34014377  0.34014377  0.34014377  0.34014377  0.35334366  0.34014377  0.31442957  0.32717506  0.36003291  0.34014377  0.32077489  0.30813816  0.30813816  0.31442957  
23_0_0     0.59534209  0.54191798  0.53337702  0.07838641  0.06925565  0.01250163  0.02950573  0.00000000  0.01671619  0.05132510  0.05132510  0.26553427  0.28957842  0.29571346  0.24800003  0.32077489  0.28349380  0.27147251  0.27147251  0.27745876  0.31442957  0.33363102  0.34014377  0.34671430  0.41584042  0.40863009  0.35334366  0.34671430  0.35334366  0.36003291  0.36003291  0.33363102  0.32717506  0.32717506  0.34014377  0.38741104  0.38741104  0.38741104  0.33363102  0.33363102  0.32717506  0.32077489  0.30813816  0.32717506  0.32077489  0.33363102  0.34014377  0.34671430  0.32717506  0.32717506  0.32717506  0.30189975  0.32717506  0.30813816  0.27745876  0.27745876  0.28957842  0.30189975  0.29571346  0.28957842  0.26553427  0.28957842  0.28957842  0.28957842  0.30813816  0.31442957  0.37359545  0.36678313  0.37359545  0.34671430  0.35334366  0.36003291  0.36003291  0.37359545  0.28957842  0.36003291  0.36003291  0.33363102  0.34014377  0.37359545  0.35334366  0.36003291  0.34014377  0.33363102  0.37359545  0.34014377  0.34671430  0.35334366  0.35334366  0.34014377  0.34014377  0.35334366  0.35334366  0.32077489  0.32717506  0.36678313  0.34014377  0.32077489  0.32077489  0.32077489  0.31442957  
82_0_0     0.59534209  0.54191798  0.53337702  0.07838641  0.06925565  0.01250163  0.02950573  0.01671619  0.00000000  0.05132510  0.04252005  0.24800003  0.27147251  0.27745876  0.23087139  0.31442957  0.26553427  0.25379877  0.25379877  0.25964327  0.30813816  0.31442957  0.32077489  0.32717506  0.39441672  0.38741104  0.33363102  0.32717506  0.33363102  0.34014377  0.34014377  0.31442957  0.30813816  0.30813816  0.32077489  0.38047103  0.36678313  0.36678313  0.32717506  0.32717506  0.32077489  0.31442957  0.30189975  0.32077489  0.31442957  0.31442957  0.33363102  0.34014377  0.32077489  0.32077489  0.32077489  0.29571346  0.32077489  0.28957842  0.27147251  0.27147251  0.28349380  0.29571346  0.28957842  0.28349380  0.25964327  0.28349380  0.28349380  0.28349380  0.30189975  0.30813816  0.36678313  0.36003291  0.36678313  0.34014377  0.34671430  0.35334366  0.35334366  0.36678313  0.27147251  0.34671430  0.34671430  0.32077489  0.32717506  0.36678313  0.33363102  0.34014377  0.32077489  0.31442957  0.35334366  0.32077489  0.32717506  0.33363102  0.33363102  0.33363102  0.33363102  0.34671430  0.33363102  0.30189975  0.30813816  0.34671430  0.33363102  0.31442957  0.30189975  0.30189975  0.29571346  
79_0_0     0.55055861  0.50016547  0.48410207  0.06925565  0.06023610  0.04690948  0.06473214  0.05132510  0.05132510  0.00000000  0.04252005  0.23087139  0.24224635  0.24800003  0.20317576  0.28349380  0.22524878  0.22524878  0.21413002  0.21966853  0.27745876  0.28349380  0.28957842  0.29571346  0.36003291  0.35334366  0.30189975  0.29571346  0.31442957  0.32077489  0.32077489  0.28349380  0.27745876  0.27745876  0.30189975  0.31442957  0.30813816  0.30813816  0.28957842  0.28957842  0.28349380  0.27745876  0.27745876  0.29571346  0.29571346  0.30189975  0.31442957  0.32077489  0.30189975  0.30189975  0.30189975  0.28957842  0.30189975  0.27147251  0.24224635  0.24224635  0.25379877  0.26553427  0.25964327  0.25379877  0.23087139  0.25379877  0.25379877  0.25379877  0.24800003  0.25379877  0.32077489  0.32717506  0.33363102  0.30813816  0.31442957  0.32077489  0.32077489  0.33363102  0.23087139  0.28349380  0.31442957  0.27147251  0.28957842  0.31442957  0.28349380  0.28957842  0.27745876  0.26553427  0.30189975  0.27147251  0.27745876  0.28349380  0.28349380  0.30813816  0.30813816  0.30813816  0.28349380  0.26553427  0.27147251  0.32077489  0.28349380  0.26553427  0.25379877  0.25379877  0.24800003  
22_0_0     0.55930125  0.52493344  0.48410207  0.05132510  0.04252005  0.04690948  0.05576719  0.05132510  0.04252005  0.04252005  0.00000000  0.24800003  0.24800003  0.25379877  0.20863263  0.31442957  0.25379877  0.24224635  0.24224635  0.24800003  0.28349380  0.31442957  0.30813816  0.31442957  0.38047103  0.37359545  0.29571346  0.30189975  0.30813816  0.31442957  0.31442957  0.27745876  0.28349380  0.28349380  0.30813816  0.33363102  0.32717506  0.32717506  0.30189975  0.31442957  0.30813816  0.30189975  0.30189975  0.32077489  0.28957842  0.28957842  0.30813816  0.31442957  0.29571346  0.29571346  0.28349380  0.27147251  0.28349380  0.26553427  0.25964327  0.25964327  0.27745876  0.28957842  0.28349380  0.27745876  0.25964327  0.27147251  0.27147251  0.27147251  0.30189975  0.29571346  0.35334366  0.34671430  0.35334366  0.32717506  0.33363102  0.34014377  0.34014377  0.35334366  0.25964327  0.31442957  0.32717506  0.30189975  0.30813816  0.36003291  0.32717506  0.33363102  0.32077489  0.30813816  0.32077489  0.31442957  0.32077489  0.32717506  0.32717506  0.31442957  0.30189975  0.34014377  0.31442957  0.30813816  0.30189975  0.35334366  0.31442957  0.29571346  0.30813816  0.30813816  0.30189975  
90_0_0     0.41584042  0.38741104  0.40863009  0.25379877  0.25379877  0.24800003  0.26553427  0.26553427  0.24800003  0.23087139  0.24800003  0.00000000  0.10171839  0.09699281  0.09699281  0.14064958  0.06925565  0.06023610  0.06023610  0.05576719  0.18174169  0.16091064  0.16606372  0.17125292  0.18174169  0.18704233  0.16091064  0.17647873  0.18704233  0.19238117  0.19238117  0.23087139  0.21413002  0.21413002  0.22524878  0.20863263  0.18174169  0.18174169  0.19238117  0.19238117  0.19775880  0.19238117  0.18174169  0.19775880  0.19238117  0.20317576  0.20317576  0.17647873  0.18174169  0.18174169  0.17647873  0.17647873  0.17647873  0.18704233  0.15579316  0.14566311  0.13566977  0.13566977  0.13072322  0.13566977  0.12580950  0.15071081  0.14064958  0.14064958  0.16091064  0.16606372  0.24800003  0.26553427  0.29571346  0.25379877  0.24800003  0.25379877  0.25379877  0.24800003  0.12092817  0.17647873  0.17647873  0.14566311  0.14566311  0.19238117  0.17647873  0.18174169  0.18174169  0.17125292  0.18174169  0.16606372  0.17125292  0.17647873  0.17647873  0.22524878  0.21413002  0.21413002  0.20863263  0.22524878  0.19775880  0.22524878  0.21413002  0.21413002  0.14064958  0.14064958  0.14566311  
91_0_0     0.44540498  0.44540498  0.44540498  0.30189975  0.28957842  0.28349380  0.25964327  0.28957842  0.27147251  0.24224635  0.24800003  0.10171839  0.00000000  0.00414380  0.04690948  0.20863263  0.11607880  0.12580950  0.13072322  0.13072322  0.24800003  0.20317576  0.20863263  0.21413002  0.21413002  0.21966853  0.20863263  0.20317576  0.23087139  0.22524878  0.22524878  0.22524878  0.21966853  0.21966853  0.23653703  0.20317576  0.17647873  0.17647873  0.21966853  0.21966853  0.23653703  0.21966853  0.23087139  0.22524878  0.19775880  0.20863263  0.19775880  0.19238117  0.20863263  0.20863263  0.19238117  0.20317576  0.19238117  0.22524878  0.20863263  0.19775880  0.19775880  0.20317576  0.20317576  0.19775880  0.17647873  0.18174169  0.17125292  0.17125292  0.18174169  0.18704233  0.25964327  0.26553427  0.28349380  0.26553427  0.27147251  0.27745876  0.27745876  0.25964327  0.15579316  0.17647873  0.17647873  0.17647873  0.18174169  0.20863263  0.20317576  0.19775880  0.21966853  0.21966853  0.20863263  0.20317576  0.20863263  0.20317576  0.20317576  0.25379877  0.25379877  0.29571346  0.24800003  0.27745876  0.25964327  0.28349380  0.24224635  0.25964327  0.18704233  0.18704233  0.19238117  
91_2_0     0.44540498  0.44540498  0.44540498  0.30813816  0.29571346  0.28957842  0.26553427  0.29571346  0.27745876  0.24800003  0.25379877  0.09699281  0.00414380  0.00000000  0.05132510  0.20317576  0.11126099  0.13072322  0.12580950  0.12580950  0.24224635  0.19775880  0.20317576  0.20863263  0.20863263  0.21413002  0.20317576  0.19775880  0.22524878  0.21966853  0.21966853  0.23087139  0.22524878  0.22524878  0.24224635  0.20863263  0.18174169  0.18174169  0.21413002  0.21413002  0.23087139  0.21413002  0.22524878  0.21966853  0.20317576  0.21413002  0.20317576  0.18704233  0.20317576  0.20317576  0.18704233  0.19775880  0.18704233  0.21966853  0.21413002  0.20317576  0.20317576  0.20863263  0.19775880  0.20317576  0.18174169  0.18704233  0.17647873  0.17647873  0.17647873  0.18174169  0.26553427  0.27147251  0.28957842  0.27147251  0.27745876  0.28349380  0.28349380  0.26553427  0.16091064  0.18174169  0.18174169  0.18174169  0.18704233  0.21413002  0.20863263  0.20317576  0.22524878  0.22524878  0.21413002  0.20863263  0.21413002  0.20863263  0.20863263  0.24800003  0.24800003  0.28957842  0.24224635  0.28349380  0.26553427  0.28957842  0.24800003  0.26553427  0.19238117  0.19238117  0.19775880  
52_0_0     0.42312163  0.40863009  0.40863009  0.27147251  0.25964327  0.24224635  0.21966853  0.24800003  0.23087139  0.20317576  0.20863263  0.09699281  0.04690948  0.05132510  0.00000000  0.20863263  0.12580950  0.12580950  0.12092817  0.12092817  0.22524878  0.21413002  0.21966853  0.22524878  0.22524878  0.23087139  0.20863263  0.21413002  0.24224635  0.23653703  0.23653703  0.24800003  0.23087139  0.23087139  0.24800003  0.21413002  0.19775880  0.19775880  0.24224635  0.24224635  0.24800003  0.24224635  0.23087139  0.23653703  0.21966853  0.21966853  0.21966853  0.21413002  0.23087139  0.23087139  0.21413002  0.21413002  0.21413002  0.21413002  0.19775880  0.18704233  0.18704233  0.19238117  0.19238117  0.18704233  0.16606372  0.19238117  0.18174169  0.18174169  0.19238117  0.19775880  0.25964327  0.28957842  0.29571346  0.27745876  0.27147251  0.27745876  0.27745876  0.27147251  0.15579316  0.19238117  0.20317576  0.17125292  0.18704233  0.20863263  0.20317576  0.19775880  0.20863263  0.20863263  0.19775880  0.18174169  0.18704233  0.18174169  0.18174169  0.23087139  0.21966853  0.26553427  0.22524878  0.26553427  0.24800003  0.26553427  0.20863263  0.21413002  0.16606372  0.16606372  0.17125292  
48_0_0     0.49209021  0.46837974  0.40863009  0.29571346  0.29571346  0.31442957  0.33363102  0.32077489  0.31442957  0.28349380  0.31442957  0.14064958  0.20863263  0.20317576  0.20863263  0.00000000  0.12092817  0.13072322  0.12092817  0.11607880  0.16606372  0.17647873  0.17125292  0.16606372  0.20317576  0.20863263  0.19775880  0.18174169  0.22524878  0.20863263  0.20863263  0.19238117  0.19775880  0.19775880  0.22524878  0.25379877  0.23087139  0.23087139  0.17647873  0.17647873  0.18174169  0.17647873  0.19775880  0.19238117  0.17125292  0.20317576  0.19238117  0.19775880  0.18174169  0.18174169  0.18704233  0.17647873  0.18704233  0.17647873  0.17125292  0.17125292  0.15579316  0.15579316  0.15071081  0.15579316  0.15071081  0.18174169  0.17125292  0.17125292  0.18174169  0.18704233  0.27745876  0.29571346  0.34671430  0.30813816  0.28349380  0.28349380  0.28349380  0.27745876  0.16606372  0.19238117  0.21966853  0.17125292  0.20317576  0.21966853  0.20317576  0.19775880  0.19238117  0.19775880  0.19775880  0.19238117  0.18704233  0.19238117  0.19238117  0.27147251  0.25964327  0.23087139  0.26553427  0.28349380  0.26553427  0.26553427  0.24224635  0.24224635  0.19775880  0.19775880  0.20317576  
4_0_0      0.44540498  0.43047516  0.43047516  0.28349380  0.28349380  0.27745876  0.28349380  0.28349380  0.26553427  0.22524878  0.25379877  0.06925565  0.11607880  0.11126099  0.12580950  0.12092817  0.00000000  0.01671619  0.01671619  0.01250163  0.14566311  0.12580950  0.13072322  0.13566977  0.16606372  0.17125292  0.12092817  0.12580950  0.14566311  0.16091064  0.16091064  0.16606372  0.15071081  0.15071081  0.17647873  0.14566311  0.12092817  0.12092817  0.13072322  0.14064958  0.15579316  0.16091064  0.16091064  0.14566311  0.15071081  0.16606372  0.17125292  0.14566311  0.14064958  0.14064958  0.13566977  0.15579316  0.13566977  0.16606372  0.11607880  0.10647431  0.11126099  0.11126099  0.10647431  0.11126099  0.09699281  0.10171839  0.09229720  0.09229720  0.09229720  0.08763117  0.27147251  0.26553427  0.29571346  0.26553427  0.27147251  0.27745876  0.27745876  0.27147251  0.06473214  0.13072322  0.16091064  0.12092817  0.13072322  0.14064958  0.12580950  0.13072322  0.14064958  0.14064958  0.15071081  0.13566977  0.13072322  0.13566977  0.13566977  0.19238117  0.17125292  0.18174169  0.16606372  0.20317576  0.15579316  0.20317576  0.17125292  0.18174169  0.11126099  0.11126099  0.10647431  
50_0_0     0.43047516  0.41584042  0.40863009  0.25964327  0.25964327  0.26553427  0.27147251  0.27147251  0.25379877  0.22524878  0.24224635  0.06023610  0.12580950  0.13072322  0.12580950  0.13072322  0.01671619  0.00000000  0.01671619  0.01250163  0.15579316  0.13566977  0.14064958  0.14566311  0.18704233  0.19238117  0.13072322  0.13566977  0.14566311  0.16091064  0.16091064  0.17647873  0.16091064  0.16091064  0.17647873  0.15579316  0.13072322  0.13072322  0.15071081  0.16091064  0.17647873  0.18174169  0.17125292  0.16606372  0.15071081  0.16606372  0.17125292  0.15579316  0.15071081  0.15071081  0.15579316  0.16606372  0.15579316  0.17647873  0.09699281  0.08763117  0.09229720  0.09229720  0.09699281  0.09229720  0.07838641  0.08299437  0.07380696  0.07380696  0.11126099  0.10647431  0.25964327  0.26553427  0.28349380  0.24224635  0.25964327  0.26553427  0.26553427  0.25964327  0.05576719  0.13072322  0.16091064  0.11126099  0.12092817  0.13072322  0.11607880  0.12092817  0.13072322  0.13072322  0.14064958  0.12580950  0.12092817  0.12580950  0.12580950  0.19238117  0.17125292  0.17125292  0.18174169  0.19775880  0.15071081  0.19775880  0.16091064  0.17125292  0.10171839  0.10171839  0.10647431  
69_0_0     0.44540498  0.41584042  0.41584042  0.25964327  0.25964327  0.26553427  0.27745876  0.27147251  0.25379877  0.21413002  0.24224635  0.06023610  0.13072322  0.12580950  0.12092817  0.12092817  0.01671619  0.01671619  0.00000000  0.00414380  0.13566977  0.12580950  0.13072322  0.13566977  0.16606372  0.17125292  0.11126099  0.12580950  0.14566311  0.16091064  0.16091064  0.17647873  0.16091064  0.16091064  0.19775880  0.15579316  0.13072322  0.13072322  0.14064958  0.15071081  0.15579316  0.16091064  0.15071081  0.14566311  0.16091064  0.17647873  0.18174169  0.14566311  0.15071081  0.15071081  0.14566311  0.16606372  0.14566311  0.17647873  0.10647431  0.09699281  0.09229720  0.10171839  0.08763117  0.09229720  0.08763117  0.09229720  0.08299437  0.08299437  0.10171839  0.09699281  0.24800003  0.27745876  0.29571346  0.25379877  0.25964327  0.26553427  0.26553427  0.25964327  0.06473214  0.13072322  0.17125292  0.11126099  0.13072322  0.14064958  0.12580950  0.13072322  0.13072322  0.13072322  0.14064958  0.12580950  0.12092817  0.12580950  0.12580950  0.20317576  0.18174169  0.17125292  0.17647873  0.20317576  0.15579316  0.19775880  0.17125292  0.17125292  0.10171839  0.10171839  0.10647431  
71_0_0     0.43790244  0.40863009  0.40863009  0.26553427  0.26553427  0.27147251  0.27745876  0.27745876  0.25964327  0.21966853  0.24800003  0.05576719  0.13072322  0.12580950  0.12092817  0.11607880  0.01250163  0.01250163  0.00414380  0.00000000  0.14064958  0.13072322  0.13566977  0.14064958  0.17125292  0.17647873  0.11607880  0.13072322  0.15071081  0.16606372  0.16606372  0.18174169  0.16606372  0.16606372  0.19238117  0.16091064  0.13566977  0.13566977  0.14566311  0.15579316  0.16091064  0.16606372  0.15579316  0.15071081  0.16606372  0.18174169  0.18704233  0.15071081  0.15579316  0.15579316  0.15071081  0.17125292  0.15071081  0.17125292  0.11126099  0.10171839  0.09699281  0.09699281  0.09229720  0.09699281  0.09229720  0.09699281  0.08763117  0.08763117  0.10647431  0.10171839  0.25379877  0.28349380  0.30189975  0.25964327  0.26553427  0.27147251  0.27147251  0.26553427  0.06023610  0.13566977  0.16606372  0.11607880  0.12580950  0.13566977  0.12092817  0.12580950  0.12580950  0.12580950  0.13566977  0.12092817  0.11607880  0.12092817  0.12092817  0.19775880  0.17647873  0.16606372  0.17125292  0.19775880  0.15071081  0.20317576  0.16606372  0.16606372  0.09699281  0.09699281  0.10171839  
32_0_0     0.45298431  0.45298431  0.43047516  0.32717506  0.31442957  0.31442957  0.33363102  0.31442957  0.30813816  0.27745876  0.28349380  0.18174169  0.24800003  0.24224635  0.22524878  0.16606372  0.14566311  0.15579316  0.13566977  0.14064958  0.00000000  0.04252005  0.03815648  0.04252005  0.10647431  0.10171839  0.05132510  0.05576719  0.08763117  0.09229720  0.09229720  0.09229720  0.08299437  0.08299437  0.11607880  0.16091064  0.14064958  0.14064958  0.08763117  0.09699281  0.10171839  0.10647431  0.13072322  0.12580950  0.12580950  0.14064958  0.15071081  0.13566977  0.12092817  0.12092817  0.08299437  0.09229720  0.08299437  0.23653703  0.18174169  0.18704233  0.17125292  0.18174169  0.16606372  0.17125292  0.17647873  0.19238117  0.18174169  0.18174169  0.19775880  0.19238117  0.31442957  0.32077489  0.35334366  0.30813816  0.30189975  0.29571346  0.29571346  0.30189975  0.18174169  0.20863263  0.24800003  0.20317576  0.23087139  0.24800003  0.24224635  0.24800003  0.23653703  0.23087139  0.23653703  0.23653703  0.23087139  0.23653703  0.23653703  0.27147251  0.25379877  0.25964327  0.26553427  0.28957842  0.25379877  0.26553427  0.24800003  0.23653703  0.21966853  0.21966853  0.21413002  
68_0_0     0.46064202  0.47619918  0.46064202  0.36003291  0.34671430  0.32077489  0.34014377  0.33363102  0.31442957  0.28349380  0.31442957  0.16091064  0.20317576  0.19775880  0.21413002  0.17647873  0.12580950  0.13566977  0.12580950  0.13072322  0.04252005  0.00000000  0.00414380  0.00831093  0.08763117  0.08299437  0.04690948  0.03381847  0.06473214  0.06023610  0.06023610  0.07838641  0.05576719  0.05576719  0.10647431  0.15071081  0.13072322  0.13072322  0.08763117  0.08763117  0.11126099  0.11607880  0.14064958  0.13566977  0.11126099  0.13566977  0.14064958  0.13566977  0.11126099  0.11126099  0.07380696  0.08299437  0.07380696  0.23653703  0.16091064  0.16606372  0.16606372  0.17647873  0.16091064  0.16606372  0.14566311  0.17647873  0.16606372  0.16606372  0.17647873  0.18174169  0.34014377  0.33363102  0.36678313  0.32077489  0.31442957  0.32077489  0.32077489  0.32717506  0.15579316  0.17125292  0.21966853  0.17125292  0.19238117  0.23653703  0.21966853  0.21413002  0.23087139  0.22524878  0.23653703  0.21966853  0.21413002  0.21966853  0.21966853  0.24800003  0.24224635  0.25964327  0.23653703  0.27147251  0.24800003  0.25379877  0.23087139  0.24224635  0.20317576  0.20317576  0.19775880  
94_0_0     0.46837974  0.48410207  0.45298431  0.35334366  0.34014377  0.32717506  0.34671430  0.34014377  0.32077489  0.28957842  0.30813816  0.16606372  0.20863263  0.20317576  0.21966853  0.17125292  0.13072322  0.14064958  0.13072322  0.13566977  0.03815648  0.00414380  0.00000000  0.00414380  0.08299437  0.07838641  0.04252005  0.02950573  0.06925565  0.05576719  0.05576719  0.07380696  0.05132510  0.05132510  0.10171839  0.15579316  0.13566977  0.13566977  0.08299437  0.08299437  0.10647431  0.11126099  0.13566977  0.13072322  0.10647431  0.13072322  0.13566977  0.13072322  0.10647431  0.10647431  0.06925565  0.07838641  0.06925565  0.23087139  0.16606372  0.17125292  0.17125292  0.18174169  0.16606372  0.17125292  0.15071081  0.18174169  0.17125292  0.17125292  0.18174169  0.18704233  0.34671430  0.34014377  0.37359545  0.32717506  0.32077489  0.32717506  0.32717506  0.33363102  0.16091064  0.17647873  0.22524878  0.17647873  0.19775880  0.24224635  0.22524878  0.21966853  0.23653703  0.23087139  0.23087139  0.22524878  0.21966853  0.22524878  0.22524878  0.24224635  0.23653703  0.26553427  0.24224635  0.27745876  0.25379877  0.25964327  0.23653703  0.24800003  0.20863263  0.20863263  0.20317576  
12_0_0     0.47619918  0.49209021  0.46064202  0.34671430  0.33363102  0.33363102  0.35334366  0.34671430  0.32717506  0.29571346  0.31442957  0.17125292  0.21413002  0.20863263  0.22524878  0.16606372  0.13566977  0.14566311  0.13566977  0.14064958  0.04252005  0.00831093  0.00414380  0.00000000  0.07838641  0.07380696  0.04690948  0.03381847  0.07380696  0.06023610  0.06023610  0.06925565  0.04690948  0.04690948  0.09699281  0.16091064  0.14064958  0.14064958  0.08763117  0.08763117  0.11126099  0.11607880  0.14064958  0.13566977  0.11126099  0.13566977  0.14064958  0.13566977  0.11126099  0.11126099  0.07380696  0.08299437  0.07380696  0.22524878  0.17125292  0.17647873  0.17647873  0.18704233  0.17125292  0.17647873  0.15579316  0.18704233  0.17647873  0.17647873  0.18704233  0.19238117  0.35334366  0.34671430  0.38047103  0.33363102  0.32717506  0.33363102  0.33363102  0.34014377  0.16606372  0.17125292  0.23087139  0.18174169  0.20317576  0.24800003  0.23087139  0.22524878  0.24224635  0.23653703  0.22524878  0.23087139  0.22524878  0.23087139  0.23087139  0.24800003  0.24224635  0.25964327  0.24800003  0.28349380  0.25964327  0.25379877  0.24224635  0.25379877  0.21413002  0.21413002  0.20863263  
70_0_0     0.49209021  0.49209021  0.46064202  0.40863009  0.39441672  0.40148931  0.42312163  0.41584042  0.39441672  0.36003291  0.38047103  0.18174169  0.21413002  0.20863263  0.22524878  0.20317576  0.16606372  0.18704233  0.16606372  0.17125292  0.10647431  0.08763117  0.08299437  0.07838641  0.00000000  0.00414380  0.10171839  0.09699281  0.13072322  0.12580950  0.12580950  0.11607880  0.10171839  0.10171839  0.13566977  0.19238117  0.17125292  0.17125292  0.14566311  0.14566311  0.16091064  0.15579316  0.16606372  0.16091064  0.18174169  0.17647873  0.18704233  0.15579316  0.17125292  0.17125292  0.14064958  0.15071081  0.14064958  0.25964327  0.23653703  0.23087139  0.21966853  0.21966853  0.21413002  0.21966853  0.21966853  0.23087139  0.23087139  0.23087139  0.23087139  0.23653703  0.36678313  0.38741104  0.40863009  0.38741104  0.36678313  0.37359545  0.37359545  0.38047103  0.21966853  0.21413002  0.28349380  0.23653703  0.24800003  0.28349380  0.27745876  0.28349380  0.26553427  0.27147251  0.24224635  0.26553427  0.25964327  0.26553427  0.26553427  0.28349380  0.27745876  0.30813816  0.25379877  0.30189975  0.27745876  0.28957842  0.30189975  0.28957842  0.23653703  0.23653703  0.21966853  
47_0_0     0.50016547  0.50016547  0.46837974  0.40148931  0.38741104  0.39441672  0.41584042  0.40863009  0.38741104  0.35334366  0.37359545  0.18704233  0.21966853  0.21413002  0.23087139  0.20863263  0.17125292  0.19238117  0.17125292  0.17647873  0.10171839  0.08299437  0.07838641  0.07380696  0.00414380  0.00000000  0.09699281  0.09229720  0.12580950  0.12092817  0.12092817  0.11126099  0.09699281  0.09699281  0.13072322  0.19775880  0.17647873  0.17647873  0.14064958  0.14064958  0.15579316  0.15071081  0.16091064  0.15579316  0.18704233  0.18174169  0.19238117  0.16091064  0.17647873  0.17647873  0.13566977  0.14566311  0.13566977  0.26553427  0.23087139  0.23653703  0.22524878  0.22524878  0.21966853  0.22524878  0.22524878  0.23653703  0.23653703  0.23653703  0.23653703  0.24224635  0.37359545  0.38047103  0.40148931  0.38047103  0.36003291  0.36678313  0.36678313  0.37359545  0.22524878  0.21966853  0.28957842  0.24224635  0.25379877  0.28957842  0.28349380  0.28957842  0.27147251  0.27745876  0.24800003  0.27147251  0.26553427  0.27147251  0.27147251  0.28957842  0.28349380  0.31442957  0.25964327  0.30813816  0.28349380  0.29571346  0.30813816  0.29571346  0.24224635  0.24224635  0.22524878  
46_0_0     0.46837974  0.46837974  0.45298431  0.35334366  0.34014377  0.34671430  0.34671430  0.35334366  0.33363102  0.30189975  0.29571346  0.16091064  0.20863263  0.20317576  0.20863263  0.19775880  0.12092817  0.13072322  0.11126099  0.11607880  0.05132510  0.04690948  0.04252005  0.04690948  0.10171839  0.09699281  0.00000000  0.02095487  0.06925565  0.07380696  0.07380696  0.08299437  0.06925565  0.06925565  0.12580950  0.14566311  0.12580950  0.12580950  0.09229720  0.10171839  0.11126099  0.11607880  0.13072322  0.12580950  0.12092817  0.13566977  0.14064958  0.11607880  0.11126099  0.11126099  0.06925565  0.08763117  0.06925565  0.24800003  0.18174169  0.18704233  0.18174169  0.19238117  0.17647873  0.18174169  0.17647873  0.18174169  0.17125292  0.17125292  0.19238117  0.18704233  0.34014377  0.34671430  0.36678313  0.32717506  0.31442957  0.32077489  0.32077489  0.32717506  0.16091064  0.17647873  0.23653703  0.19238117  0.21413002  0.23087139  0.22524878  0.23087139  0.21413002  0.20863263  0.20863263  0.21413002  0.20863263  0.21413002  0.21413002  0.25964327  0.24224635  0.26553427  0.23653703  0.28957842  0.23653703  0.25964327  0.24800003  0.24800003  0.19775880  0.19775880  0.19238117  
7_0_0      0.46837974  0.48410207  0.44540498  0.36003291  0.34671430  0.34014377  0.34014377  0.34671430  0.32717506  0.29571346  0.30189975  0.17647873  0.20317576  0.19775880  0.21413002  0.18174169  0.12580950  0.13566977  0.12580950  0.13072322  0.05576719  0.03381847  0.02950573  0.03381847  0.09699281  0.09229720  0.02095487  0.00000000  0.06473214  0.06023610  0.06023610  0.06925565  0.04690948  0.04690948  0.10647431  0.14064958  0.12092817  0.12092817  0.09699281  0.09699281  0.11607880  0.12092817  0.14566311  0.13072322  0.11607880  0.13072322  0.13566977  0.12092817  0.10647431  0.10647431  0.07380696  0.08299437  0.07380696  0.25379877  0.17647873  0.18174169  0.18174169  0.19238117  0.17647873  0.18174169  0.16091064  0.18704233  0.17647873  0.17647873  0.18704233  0.19238117  0.34671430  0.34014377  0.36678313  0.32077489  0.32077489  0.32717506  0.32717506  0.33363102  0.16606372  0.17125292  0.22524878  0.18704233  0.20863263  0.22524878  0.20863263  0.21413002  0.21966853  0.22524878  0.21413002  0.21966853  0.21413002  0.21966853  0.21966853  0.25379877  0.24800003  0.28349380  0.24800003  0.28957842  0.25964327  0.26553427  0.24224635  0.24224635  0.20317576  0.20317576  0.19775880  
31_0_0     0.50016547  0.51658507  0.46837974  0.36003291  0.35334366  0.34671430  0.34671430  0.35334366  0.33363102  0.31442957  0.30813816  0.18704233  0.23087139  0.22524878  0.24224635  0.22524878  0.14566311  0.14566311  0.14566311  0.15071081  0.08763117  0.06473214  0.06925565  0.07380696  0.13072322  0.12580950  0.06925565  0.06473214  0.00000000  0.01250163  0.01250163  0.09229720  0.08763117  0.08763117  0.13566977  0.17125292  0.15071081  0.15071081  0.13072322  0.14064958  0.16606372  0.17125292  0.18704233  0.17125292  0.14566311  0.15579316  0.17125292  0.15579316  0.15071081  0.15071081  0.11126099  0.12092817  0.11126099  0.27147251  0.18704233  0.19238117  0.19775880  0.20863263  0.19238117  0.19775880  0.18174169  0.19238117  0.18174169  0.18174169  0.21966853  0.21413002  0.38741104  0.36678313  0.39441672  0.34671430  0.34671430  0.35334366  0.35334366  0.36003291  0.17647873  0.19238117  0.25964327  0.21966853  0.23087139  0.25379877  0.25379877  0.25964327  0.24224635  0.24800003  0.25964327  0.24224635  0.23653703  0.24224635  0.24224635  0.29571346  0.27745876  0.29571346  0.28349380  0.32717506  0.28349380  0.30189975  0.28957842  0.28957842  0.22524878  0.22524878  0.21966853  
67_0_0     0.51658507  0.53337702  0.46837974  0.36678313  0.36003291  0.35334366  0.35334366  0.36003291  0.34014377  0.32077489  0.31442957  0.19238117  0.22524878  0.21966853  0.23653703  0.20863263  0.16091064  0.16091064  0.16091064  0.16606372  0.09229720  0.06023610  0.05576719  0.06023610  0.12580950  0.12092817  0.07380696  0.06023610  0.01250163  0.00000000  0.00000000  0.09699281  0.08299437  0.08299437  0.13072322  0.18704233  0.16606372  0.16606372  0.13566977  0.13566977  0.16091064  0.16606372  0.18174169  0.16606372  0.13072322  0.15071081  0.16606372  0.15071081  0.14566311  0.14566311  0.11607880  0.11607880  0.11607880  0.26553427  0.19238117  0.19775880  0.19775880  0.20863263  0.19238117  0.19775880  0.17647873  0.19775880  0.18704233  0.18704233  0.21413002  0.21966853  0.39441672  0.37359545  0.40148931  0.35334366  0.35334366  0.36003291  0.36003291  0.36678313  0.18174169  0.18704233  0.25379877  0.21413002  0.22524878  0.25964327  0.25964327  0.25379877  0.24800003  0.25379877  0.25379877  0.23653703  0.23087139  0.23653703  0.23653703  0.27745876  0.27147251  0.30189975  0.27745876  0.33363102  0.30189975  0.30813816  0.28349380  0.29571346  0.23087139  0.23087139  0.22524878  
40_0_0     0.51658507  0.53337702  0.46837974  0.36678313  0.36003291  0.35334366  0.35334366  0.36003291  0.34014377  0.32077489  0.31442957  0.19238117  0.22524878  0.21966853  0.23653703  0.20863263  0.16091064  0.16091064  0.16091064  0.16606372  0.09229720  0.06023610  0.05576719  0.06023610  0.12580950  0.12092817  0.07380696  0.06023610  0.01250163  0.00000000  0.00000000  0.09699281  0.08299437  0.08299437  0.13072322  0.18704233  0.16606372  0.16606372  0.13566977  0.13566977  0.16091064  0.16606372  0.18174169  0.16606372  0.13072322  0.15071081  0.16606372  0.15071081  0.14566311  0.14566311  0.11607880  0.11607880  0.11607880  0.26553427  0.19238117  0.19775880  0.19775880  0.20863263  0.19238117  0.19775880  0.17647873  0.19775880  0.18704233  0.18704233  0.21413002  0.21966853  0.39441672  0.37359545  0.40148931  0.35334366  0.35334366  0.36003291  0.36003291  0.36678313  0.18174169  0.18704233  0.25379877  0.21413002  0.22524878  0.25964327  0.25964327  0.25379877  0.24800003  0.25379877  0.25379877  0.23653703  0.23087139  0.23653703  0.23653703  0.27745876  0.27147251  0.30189975  0.27745876  0.33363102  0.30189975  0.30813816  0.28349380  0.29571346  0.23087139  0.23087139  0.22524878  
62_0_0     0.54191798  0.55930125  0.48410207  0.30813816  0.30813816  0.32717506  0.31442957  0.33363102  0.31442957  0.28349380  0.27745876  0.23087139  0.22524878  0.23087139  0.24800003  0.19238117  0.16606372  0.17647873  0.17647873  0.18174169  0.09229720  0.07838641  0.07380696  0.06925565  0.11607880  0.11126099  0.08299437  0.06925565  0.09229720  0.09699281  0.09699281  0.00000000  0.02095487  0.02095487  0.06925565  0.16091064  0.14064958  0.14064958  0.12092817  0.13072322  0.15579316  0.15071081  0.18704233  0.17125292  0.13566977  0.15071081  0.15579316  0.17125292  0.14566311  0.14566311  0.09699281  0.10647431  0.09699281  0.23653703  0.20863263  0.21413002  0.21966853  0.23087139  0.22524878  0.21966853  0.20317576  0.21413002  0.20317576  0.20317576  0.22524878  0.21966853  0.37359545  0.36678313  0.36678313  0.36003291  0.34671430  0.35334366  0.35334366  0.36003291  0.19775880  0.19775880  0.26553427  0.22524878  0.24800003  0.27147251  0.26553427  0.27147251  0.25379877  0.25964327  0.24800003  0.26553427  0.25964327  0.26553427  0.26553427  0.28957842  0.27147251  0.31442957  0.28957842  0.33363102  0.28957842  0.28349380  0.29571346  0.29571346  0.23653703  0.23653703  0.23087139  
