19
7_2_0      0.00000000  0.40741311  0.38593172  0.25097638  0.29637359  0.33483240  0.29637359  0.28706629  0.28706629  0.29637359  0.28706629  0.25983354  0.33483240  0.37542272  0.51273123  0.50025310  0.51273123  0.39659368  0.65081491  
7_8_0      0.40741311  0.00000000  0.08611947  0.26879911  0.22502986  0.27787576  0.31535064  0.31535064  0.35484646  0.30580067  0.25097638  0.26879911  0.26879911  0.32502676  0.35484646  0.40741311  0.40741311  0.44086456  0.56488448  
7_12_0     0.38593172  0.08611947  0.00000000  0.21658130  0.19180498  0.24222503  0.28706629  0.27787576  0.29637359  0.26879911  0.22502986  0.25097638  0.26879911  0.32502676  0.32502676  0.35484646  0.36506235  0.37542272  0.68185444  
9_6_0      0.25097638  0.26879911  0.21658130  0.00000000  0.07912329  0.12213912  0.19180498  0.18372899  0.17574106  0.16783930  0.14463289  0.16783930  0.25983354  0.32502676  0.37542272  0.40741311  0.39659368  0.36506235  0.55149396  
6_6_0      0.29637359  0.22502986  0.19180498  0.07912329  0.00000000  0.04511090  0.20822907  0.19997100  0.19180498  0.18372899  0.16002186  0.18372899  0.24222503  0.28706629  0.41839473  0.42954350  0.41839473  0.36506235  0.60659043  
3_6_0      0.33483240  0.27787576  0.24222503  0.12213912  0.04511090  0.00000000  0.23357699  0.22502986  0.21658130  0.20822907  0.18372899  0.19180498  0.24222503  0.28706629  0.39659368  0.40741311  0.41839473  0.39659368  0.68185444  
12_6_0     0.29637359  0.31535064  0.28706629  0.19180498  0.20822907  0.23357699  0.00000000  0.00627681  0.09318310  0.05852695  0.09318310  0.12956056  0.19997100  0.25983354  0.45236333  0.44086456  0.45236333  0.39659368  0.68185444  
2_6_0      0.28706629  0.31535064  0.27787576  0.18372899  0.19997100  0.22502986  0.00627681  0.00000000  0.08611947  0.05178821  0.10031551  0.12213912  0.20822907  0.26879911  0.46404547  0.45236333  0.45236333  0.38593172  0.66617029  
11_6_0     0.28706629  0.35484646  0.29637359  0.17574106  0.19180498  0.21658130  0.09318310  0.08611947  0.00000000  0.03193613  0.10751805  0.12956056  0.22502986  0.26879911  0.45236333  0.46404547  0.45236333  0.38593172  0.66617029  
4_6_0      0.29637359  0.30580067  0.26879911  0.16783930  0.18372899  0.20822907  0.05852695  0.05178821  0.03193613  0.00000000  0.07219331  0.09318310  0.19997100  0.25983354  0.44086456  0.45236333  0.44086456  0.37542272  0.65081491  
1_6_0      0.28706629  0.25097638  0.22502986  0.14463289  0.16002186  0.18372899  0.09318310  0.10031551  0.10751805  0.07219331  0.00000000  0.05852695  0.19180498  0.25097638  0.37542272  0.40741311  0.38593172  0.39659368  0.62103729  
8_6_0      0.25983354  0.26879911  0.25097638  0.16783930  0.18372899  0.19180498  0.12956056  0.12213912  0.12956056  0.09318310  0.05852695  0.00000000  0.19997100  0.24222503  0.42954350  0.48798396  0.45236333  0.39659368  0.63577481  
7_7_0      0.33483240  0.26879911  0.26879911  0.25983354  0.24222503  0.24222503  0.19997100  0.20822907  0.22502986  0.19997100  0.19180498  0.19997100  0.00000000  0.08611947  0.39659368  0.40741311  0.45236333  0.41839473  0.66617029  
7_11_0     0.37542272  0.32502676  0.32502676  0.32502676  0.28706629  0.28706629  0.25983354  0.26879911  0.26879911  0.25983354  0.25097638  0.24222503  0.08611947  0.00000000  0.47591694  0.47591694  0.52542559  0.45236333  0.69788175  
9_5_0      0.51273123  0.35484646  0.32502676  0.37542272  0.41839473  0.39659368  0.45236333  0.46404547  0.45236333  0.44086456  0.37542272  0.42954350  0.39659368  0.47591694  0.00000000  0.05852695  0.12213912  0.40741311  0.66617029  
6_5_0      0.50025310  0.40741311  0.35484646  0.40741311  0.42954350  0.40741311  0.44086456  0.45236333  0.46404547  0.45236333  0.40741311  0.48798396  0.40741311  0.47591694  0.05852695  0.00000000  0.07219331  0.35484646  0.66617029  
3_5_0      0.51273123  0.40741311  0.36506235  0.39659368  0.41839473  0.41839473  0.45236333  0.45236333  0.45236333  0.44086456  0.38593172  0.45236333  0.45236333  0.52542559  0.12213912  0.07219331  0.00000000  0.34477108  0.57852433  
7_5_0      0.39659368  0.44086456  0.37542272  0.36506235  0.36506235  0.39659368  0.39659368  0.38593172  0.38593172  0.37542272  0.39659368  0.39659368  0.41839473  0.45236333  0.40741311  0.35484646  0.34477108  0.00000000  0.57852433  
7_4_0      0.65081491  0.56488448  0.68185444  0.55149396  0.60659043  0.68185444  0.68185444  0.66617029  0.66617029  0.65081491  0.62103729  0.63577481  0.66617029  0.69788175  0.66617029  0.66617029  0.57852433  0.57852433  0.00000000  

