fastme_mat.p : 0.3106110095977783
fastme.f81 : 0.5979166030883789
ba.exp : 6.942742586135864
pipeline_dl5198455 : 8.650272369384766
