fastme_mat.p : 0.2787636989593506
fastme.f81 : 0.5118954286651611
ba.exp : 6.341702708880186
