20
17_0_0     0.00000000  0.01860160  0.14112805  0.13278660  0.13278660  0.13986531  0.25454135  0.22269539  0.22269539  0.52759931  0.60411512  0.60411512  0.75467603  0.60110437  0.35470423  0.35470423  0.39817438  0.70890910  0.74113157  0.74113157  
11_0_0     0.01860160  0.00000000  0.13278660  0.12461311  0.12461311  0.13162444  0.24364606  0.23303557  0.23303557  0.50844671  0.57970538  0.57970538  0.71976507  0.62739246  0.34119054  0.34119054  0.38316110  0.74113157  0.77613416  0.77613416  
5_0_0      0.14112805  0.13278660  0.00000000  0.01860160  0.01860160  0.03124390  0.28262915  0.31906275  0.34530551  0.49015720  0.57970538  0.55668061  0.63008717  0.53113236  0.36868334  0.36868334  0.38316110  0.70890910  0.74113157  0.74113157  
4_0_0      0.13278660  0.12461311  0.01860160  0.00000000  0.00000000  0.01223393  0.28262915  0.31906275  0.34530551  0.45587896  0.57970538  0.55668061  0.57970538  0.49039752  0.34119054  0.34119054  0.35470423  0.62522877  0.65125149  0.65125149  
12_0_0     0.13278660  0.12461311  0.01860160  0.00000000  0.00000000  0.01223393  0.28262915  0.31906275  0.34530551  0.45587896  0.57970538  0.55668061  0.57970538  0.49039752  0.34119054  0.34119054  0.35470423  0.62522877  0.65125149  0.65125149  
10_0_0     0.13986531  0.13162444  0.03124390  0.01223393  0.01223393  0.00000000  0.29123028  0.32811228  0.35470423  0.46691242  0.59340098  0.56983319  0.59340098  0.52246006  0.35053150  0.35053150  0.36423040  0.59116074  0.61477023  0.61477023  
7_0_0      0.25454135  0.24364606  0.28262915  0.28262915  0.28262915  0.29123028  0.00000000  0.21485844  0.19513283  0.40503676  0.56983319  0.56983319  0.70432789  0.54378372  0.36423040  0.36423040  0.40834059  0.69830122  0.67007309  0.67007309  
6_0_0      0.22269539  0.23303557  0.31906275  0.31906275  0.31906275  0.32811228  0.21485844  0.00000000  0.03149377  0.35802422  0.54755899  0.54755899  0.67362770  0.48290493  0.40834059  0.40834059  0.45783513  0.59554627  0.57346286  0.57346286  
19_0_0     0.22269539  0.23303557  0.34530551  0.34530551  0.34530551  0.35470423  0.19513283  0.03149377  0.00000000  0.35802422  0.50637274  0.50637274  0.61842191  0.52246006  0.40834059  0.40834059  0.45783513  0.61890055  0.59554627  0.59554627  
20_0_0     0.52759931  0.50844671  0.49015720  0.45587896  0.45587896  0.46691242  0.40503676  0.35802422  0.35802422  0.00000000  0.50178902  0.46691242  0.52041946  0.51547012  0.32359650  0.32359650  0.36166746  0.48992871  0.47353322  0.47353322  
18_0_0     0.60411512  0.57970538  0.57970538  0.57970538  0.57970538  0.59340098  0.56983319  0.54755899  0.50637274  0.50178902  0.00000000  0.01230587  0.04480888  0.14112805  0.33197209  0.33197209  0.34530551  0.61477023  0.61477023  0.61477023  
8_0_0      0.60411512  0.57970538  0.55668061  0.55668061  0.55668061  0.56983319  0.56983319  0.54755899  0.50637274  0.46691242  0.01230587  0.00000000  0.03149377  0.14112805  0.30655133  0.30655133  0.31906275  0.61477023  0.61477023  0.61477023  
14_0_0     0.75467603  0.71976507  0.63008717  0.57970538  0.57970538  0.59340098  0.70432789  0.67362770  0.61842191  0.52041946  0.04480888  0.03149377  0.00000000  0.14964451  0.34530551  0.34530551  0.30655133  0.69515860  0.69515860  0.69515860  
15_0_0     0.60110437  0.62739246  0.53113236  0.49039752  0.49039752  0.52246006  0.54378372  0.48290493  0.52246006  0.51547012  0.14112805  0.14112805  0.14964451  0.00000000  0.39888746  0.39888746  0.38342712  0.69233833  0.69233833  0.69233833  
1_0_0      0.35470423  0.34119054  0.36868334  0.34119054  0.34119054  0.35053150  0.36423040  0.40834059  0.40834059  0.32359650  0.33197209  0.30655133  0.34530551  0.39888746  0.00000000  0.00000000  0.01860160  0.45150521  0.46898313  0.46898313  
2_0_0      0.35470423  0.34119054  0.36868334  0.34119054  0.34119054  0.35053150  0.36423040  0.40834059  0.40834059  0.32359650  0.33197209  0.30655133  0.34530551  0.39888746  0.00000000  0.00000000  0.01860160  0.45150521  0.46898313  0.46898313  
3_0_0      0.39817438  0.38316110  0.38316110  0.35470423  0.35470423  0.36423040  0.40834059  0.45783513  0.45783513  0.36166746  0.34530551  0.31906275  0.30655133  0.38342712  0.01860160  0.01860160  0.00000000  0.50637274  0.52644373  0.52644373  
16_0_0     0.70890910  0.74113157  0.70890910  0.62522877  0.62522877  0.59116074  0.69830122  0.59554627  0.61890055  0.48992871  0.61477023  0.61477023  0.69515860  0.69233833  0.45150521  0.45150521  0.50637274  0.00000000  0.00610631  0.00610631  
13_0_0     0.74113157  0.77613416  0.74113157  0.65125149  0.65125149  0.61477023  0.67007309  0.57346286  0.59554627  0.47353322  0.61477023  0.61477023  0.69515860  0.69233833  0.46898313  0.46898313  0.52644373  0.00610631  0.00000000  0.00000000  
9_0_0      0.74113157  0.77613416  0.74113157  0.65125149  0.65125149  0.61477023  0.67007309  0.57346286  0.59554627  0.47353322  0.61477023  0.61477023  0.69515860  0.69233833  0.46898313  0.46898313  0.52644373  0.00610631  0.00000000  0.00000000  

