20
17_0_0     0.00000000  0.02467842  0.16421737  0.18032348  0.17154284  0.16421737  0.26131076  0.26131076  0.28503721  0.60856228  0.52613434  0.56367436  0.49150489  0.57640472  0.44275325  0.44275325  0.42768618  0.56896974  0.55041563  0.56896974  
11_0_0     0.02467842  0.00000000  0.16421737  0.16293140  0.15448278  0.15567943  0.24499294  0.26580659  0.27916599  0.54415876  0.52042495  0.55813393  0.48565180  0.57079932  0.45271164  0.45271164  0.43706058  0.54415876  0.52626835  0.54415876  
5_0_0      0.16421737  0.16421737  0.00000000  0.03766690  0.03117036  0.03137939  0.27658860  0.34739138  0.32576353  0.58224313  0.40129061  0.42938602  0.45936698  0.53236557  0.46893080  0.46893080  0.45271164  0.52626835  0.50906666  0.52626835  
4_0_0      0.18032348  0.16293140  0.03766690  0.00000000  0.00610208  0.01845392  0.29620919  0.34391886  0.32252301  0.53824046  0.47024401  0.50290678  0.53814645  0.62665365  0.53346742  0.53346742  0.51492893  0.55645668  0.53824046  0.55645668  
12_0_0     0.17154284  0.15448278  0.03117036  0.00610208  0.00000000  0.01222887  0.28503721  0.35668692  0.33478423  0.55645668  0.45476632  0.48627705  0.52017935  0.60465950  0.51492893  0.51492893  0.49712894  0.53824046  0.52073779  0.53824046  
10_0_0     0.16421737  0.15567943  0.03137939  0.01845392  0.01222887  0.00000000  0.28763719  0.33478423  0.33821376  0.56279536  0.45936698  0.49150489  0.52613434  0.61285221  0.48576086  0.48576086  0.46893080  0.50906666  0.49250265  0.50906666  
7_0_0      0.26131076  0.24499294  0.27658860  0.29620919  0.28503721  0.28763719  0.00000000  0.25998342  0.26251665  0.43846640  0.46556657  0.49758171  0.46556657  0.57640472  0.41311059  0.41311059  0.42768618  0.56896974  0.55041563  0.56896974  
6_0_0      0.26131076  0.26580659  0.34739138  0.34391886  0.35668692  0.33478423  0.25998342  0.00000000  0.04425928  0.58832768  0.65511211  0.70501423  0.65511211  0.71591147  0.44275325  0.44275325  0.45834609  0.58832768  0.56896974  0.58832768  
19_0_0     0.28503721  0.27916599  0.32576353  0.32252301  0.33478423  0.33821376  0.26251665  0.04425928  0.00000000  0.53824046  0.55686629  0.59683659  0.59683659  0.60465950  0.49712894  0.49712894  0.51492893  0.71028773  0.68479648  0.71028773  
20_0_0     0.60856228  0.54415876  0.58224313  0.53824046  0.55645668  0.56279536  0.43846640  0.58832768  0.53824046  0.00000000  0.53824046  0.52073779  0.52073779  0.54415876  0.46418650  0.46418650  0.48028110  0.50569668  0.52213081  0.50569668  
18_0_0     0.52613434  0.52042495  0.40129061  0.47024401  0.45476632  0.45936698  0.46556657  0.65511211  0.55686629  0.53824046  0.00000000  0.02492476  0.05817264  0.13005496  0.49712894  0.49712894  0.48001088  0.62209805  0.64375131  0.62209805  
8_0_0      0.56367436  0.55813393  0.42938602  0.50290678  0.48627705  0.49150489  0.49758171  0.70501423  0.59683659  0.52073779  0.02492476  0.00000000  0.05817264  0.14619092  0.46352441  0.46352441  0.44762457  0.58170570  0.60144566  0.58170570  
14_0_0     0.49150489  0.48565180  0.45936698  0.53814645  0.52017935  0.52613434  0.46556657  0.65511211  0.59683659  0.52073779  0.05817264  0.05817264  0.00000000  0.12220033  0.49712894  0.49712894  0.51492893  0.58170570  0.60144566  0.58170570  
15_0_0     0.57640472  0.57079932  0.53236557  0.62665365  0.60465950  0.61285221  0.57640472  0.71591147  0.60465950  0.54415876  0.13005496  0.14619092  0.12220033  0.00000000  0.50324963  0.50324963  0.52145080  0.67542259  0.70013371  0.67542259  
1_0_0      0.44275325  0.45271164  0.46893080  0.53346742  0.51492893  0.48576086  0.41311059  0.44275325  0.49712894  0.46418650  0.49712894  0.46352441  0.49712894  0.50324963  0.00000000  0.00000000  0.00610208  0.27396138  0.28441063  0.27396138  
2_0_0      0.44275325  0.45271164  0.46893080  0.53346742  0.51492893  0.48576086  0.41311059  0.44275325  0.49712894  0.46418650  0.49712894  0.46352441  0.49712894  0.50324963  0.00000000  0.00000000  0.00610208  0.27396138  0.28441063  0.27396138  
3_0_0      0.42768618  0.43706058  0.45271164  0.51492893  0.49712894  0.46893080  0.42768618  0.45834609  0.51492893  0.48028110  0.48001088  0.44762457  0.51492893  0.52145080  0.00610208  0.00610208  0.00000000  0.28441063  0.29511008  0.28441063  
16_0_0     0.56896974  0.54415876  0.52626835  0.55645668  0.53824046  0.50906666  0.56896974  0.58832768  0.71028773  0.50569668  0.62209805  0.58170570  0.58170570  0.67542259  0.27396138  0.27396138  0.28441063  0.00000000  0.00610208  0.00000000  
13_0_0     0.55041563  0.52626835  0.50906666  0.53824046  0.52073779  0.49250265  0.55041563  0.56896974  0.68479648  0.52213081  0.64375131  0.60144566  0.60144566  0.70013371  0.28441063  0.28441063  0.29511008  0.00610208  0.00000000  0.00610208  
9_0_0      0.56896974  0.54415876  0.52626835  0.55645668  0.53824046  0.50906666  0.56896974  0.58832768  0.71028773  0.50569668  0.62209805  0.58170570  0.58170570  0.67542259  0.27396138  0.27396138  0.28441063  0.00000000  0.00610208  0.00000000  

