151
9_0_0      0.00000000  0.00674188  0.48390627  0.56540720  0.39889690  0.41046212  0.44627784  0.57990341  0.49688444  0.49688444  0.51009314  0.47115072  0.49688444  0.47115072  0.49688444  0.52354072  0.49688444  0.53723597  0.55118819  0.56540720  0.59468783  0.53723597  0.56540720  0.56540720  0.44627784  0.44627784  0.74291853  0.78029504  0.70733111  0.53723597  0.48390627  0.53723597  0.62516885  0.51009314  0.49688444  0.62516885  0.64089106  0.62516885  0.56540720  0.59468783  0.59468783  0.60977217  0.64089106  0.62516885  0.59468783  0.53723597  0.53723597  0.59468783  0.60977217  0.56540720  0.57990341  0.67336931  0.67336931  0.53723597  0.52354072  0.59468783  0.57990341  0.64089106  0.51009314  0.52354072  0.57990341  0.56540720  0.64089106  0.59468783  0.60977217  0.60977217  0.67336931  0.69015634  0.69015634  0.52354072  0.55118819  0.59468783  0.49688444  0.67336931  0.59468783  0.56540720  0.60977217  0.62516885  0.55118819  0.45861029  0.44627784  0.55118819  0.57990341  0.56540720  0.59468783  0.59468783  0.56540720  0.59468783  0.47115072  0.59468783  0.60977217  0.60977217  0.56540720  0.49688444  0.48390627  0.48390627  0.55118819  0.53723597  0.55118819  0.60977217  0.59468783  0.57990341  0.55118819  0.49688444  0.51009314  0.60977217  0.59468783  0.48390627  0.52354072  0.47115072  0.53723597  0.45861029  0.55118819  0.59468783  0.53723597  0.51009314  0.51009314  0.59468783  0.53723597  0.48390627  0.49688444  0.48390627  0.47115072  0.45861029  0.48390627  0.56540720  0.51009314  0.57990341  0.45861029  0.49688444  0.51009314  0.43414658  0.42221006  0.51009314  0.49688444  0.47115072  0.43414658  0.53723597  0.44627784  0.44627784  0.47115072  0.49688444  0.52354072  0.49688444  0.52354072  0.48390627  0.47115072  0.47115072  0.43414658  0.52354072  0.67336931  
1_0_0      0.00674188  0.00000000  0.47115072  0.55118819  0.38750879  0.39889690  0.43414658  0.56540720  0.51009314  0.51009314  0.52354072  0.48390627  0.51009314  0.48390627  0.51009314  0.53723597  0.51009314  0.55118819  0.56540720  0.57990341  0.60977217  0.55118819  0.57990341  0.57990341  0.45861029  0.45861029  0.72491195  0.76137198  0.69015634  0.52354072  0.47115072  0.55118819  0.64089106  0.49688444  0.48390627  0.64089106  0.65695288  0.64089106  0.57990341  0.60977217  0.60977217  0.59468783  0.65695288  0.64089106  0.60977217  0.55118819  0.55118819  0.60977217  0.62516885  0.57990341  0.59468783  0.69015634  0.69015634  0.55118819  0.53723597  0.60977217  0.59468783  0.65695288  0.52354072  0.53723597  0.59468783  0.57990341  0.65695288  0.60977217  0.62516885  0.62516885  0.67336931  0.69015634  0.69015634  0.53723597  0.56540720  0.60977217  0.51009314  0.69015634  0.60977217  0.57990341  0.59468783  0.60977217  0.53723597  0.47115072  0.45861029  0.56540720  0.59468783  0.55118819  0.60977217  0.60977217  0.57990341  0.57990341  0.48390627  0.60977217  0.62516885  0.62516885  0.57990341  0.51009314  0.49688444  0.49688444  0.56540720  0.55118819  0.56540720  0.60977217  0.59468783  0.57990341  0.53723597  0.48390627  0.52354072  0.62516885  0.60977217  0.49688444  0.53723597  0.48390627  0.52354072  0.47115072  0.56540720  0.60977217  0.55118819  0.52354072  0.49688444  0.57990341  0.55118819  0.49688444  0.51009314  0.49688444  0.45861029  0.44627784  0.47115072  0.57990341  0.49688444  0.56540720  0.44627784  0.48390627  0.49688444  0.42221006  0.43414658  0.49688444  0.48390627  0.45861029  0.44627784  0.52354072  0.43414658  0.43414658  0.45861029  0.48390627  0.51009314  0.48390627  0.51009314  0.47115072  0.45861029  0.48390627  0.44627784  0.51009314  0.65695288  
2_1_0      0.48390627  0.47115072  0.00000000  0.48390627  0.41046212  0.42221006  0.44627784  0.48390627  0.39889690  0.44627784  0.48390627  0.51009314  0.49688444  0.47115072  0.49688444  0.45861029  0.47115072  0.47115072  0.51009314  0.49688444  0.45861029  0.44627784  0.48390627  0.64089106  0.48390627  0.48390627  0.64089106  0.67336931  0.65695288  0.60977217  0.49688444  0.56540720  0.60977217  0.55118819  0.52354072  0.56540720  0.56540720  0.56540720  0.57990341  0.51009314  0.51009314  0.49688444  0.53723597  0.49688444  0.51009314  0.53723597  0.53723597  0.51009314  0.52354072  0.55118819  0.52354072  0.53723597  0.53723597  0.51009314  0.49688444  0.52354072  0.52354072  0.55118819  0.51009314  0.49688444  0.59468783  0.57990341  0.57990341  0.60977217  0.64089106  0.64089106  0.55118819  0.55118819  0.51009314  0.48390627  0.49688444  0.48390627  0.55118819  0.55118819  0.53723597  0.49688444  0.49688444  0.51009314  0.49688444  0.51009314  0.49688444  0.59468783  0.55118819  0.51009314  0.52354072  0.52354072  0.57990341  0.44627784  0.45861029  0.52354072  0.57990341  0.52354072  0.51009314  0.57990341  0.56540720  0.48390627  0.52354072  0.49688444  0.45861029  0.52354072  0.49688444  0.49688444  0.45861029  0.38750879  0.48390627  0.48390627  0.51009314  0.49688444  0.53723597  0.43414658  0.41046212  0.44627784  0.42221006  0.55118819  0.39889690  0.42221006  0.51009314  0.44627784  0.49688444  0.45861029  0.51009314  0.51009314  0.49688444  0.48390627  0.48390627  0.55118819  0.49688444  0.48390627  0.39889690  0.43414658  0.49688444  0.37629246  0.39889690  0.45861029  0.42221006  0.51009314  0.51009314  0.49688444  0.48390627  0.48390627  0.49688444  0.49688444  0.53723597  0.51009314  0.44627784  0.47115072  0.45861029  0.47115072  0.51009314  0.56540720  0.67336931  
2_0_0      0.56540720  0.55118819  0.48390627  0.00000000  0.57990341  0.56540720  0.60977217  0.60977217  0.51009314  0.55118819  0.57990341  0.53723597  0.53723597  0.56540720  0.57990341  0.62516885  0.57990341  0.52354072  0.57990341  0.72491195  0.70733111  0.64089106  0.62516885  0.78029504  0.67336931  0.67336931  0.86120494  0.88288691  0.72491195  0.64089106  0.53723597  0.67336931  0.70733111  0.64089106  0.62516885  0.72491195  0.74291853  0.76137198  0.72491195  0.70733111  0.70733111  0.74291853  0.67336931  0.65695288  0.69015634  0.67336931  0.67336931  0.60977217  0.59468783  0.56540720  0.56540720  0.64089106  0.64089106  0.70733111  0.69015634  0.76137198  0.74291853  0.69015634  0.64089106  0.62516885  0.64089106  0.64089106  0.70733111  0.70733111  0.67336931  0.67336931  0.78029504  0.78029504  0.76137198  0.72491195  0.69015634  0.72491195  0.79971225  0.81965010  0.65695288  0.74291853  0.67336931  0.67336931  0.62516885  0.64089106  0.65695288  0.64089106  0.84013729  0.74291853  0.79971225  0.79971225  0.95200539  0.74291853  0.62516885  0.79971225  0.78029504  0.84013729  0.78029504  0.79971225  0.78029504  0.74291853  0.74291853  0.69015634  0.76137198  0.64089106  0.65695288  0.70733111  0.67336931  0.78029504  0.78029504  0.84013729  0.86120494  0.64089106  0.72491195  0.55118819  0.57990341  0.48390627  0.51009314  0.72491195  0.64089106  0.64089106  0.69015634  0.67336931  0.62516885  0.57990341  0.60977217  0.59468783  0.74291853  0.76137198  0.76137198  0.72491195  0.67336931  0.67336931  0.60977217  0.60977217  0.65695288  0.55118819  0.60977217  0.53723597  0.52354072  0.62516885  0.60977217  0.55118819  0.59468783  0.57990341  0.60977217  0.60977217  0.64089106  0.60977217  0.62516885  0.62516885  0.64089106  0.74291853  0.76137198  0.72491195  0.88288691  
10_0_0     0.39889690  0.38750879  0.41046212  0.57990341  0.00000000  0.02041183  0.07033826  0.28230146  0.39889690  0.47115072  0.45861029  0.44627784  0.51009314  0.52354072  0.48390627  0.47115072  0.43414658  0.43414658  0.45861029  0.55118819  0.56540720  0.56540720  0.55118819  0.57990341  0.52354072  0.52354072  0.56540720  0.59468783  0.53723597  0.52354072  0.51009314  0.47115072  0.45861029  0.47115072  0.49688444  0.56540720  0.53723597  0.55118819  0.49688444  0.48390627  0.48390627  0.47115072  0.52354072  0.53723597  0.53723597  0.47115072  0.47115072  0.49688444  0.53723597  0.53723597  0.53723597  0.59468783  0.59468783  0.48390627  0.47115072  0.53723597  0.49688444  0.52354072  0.56540720  0.53723597  0.60977217  0.59468783  0.59468783  0.62516885  0.64089106  0.64089106  0.57990341  0.53723597  0.56540720  0.44627784  0.49688444  0.52354072  0.62516885  0.64089106  0.51009314  0.51009314  0.53723597  0.52354072  0.48390627  0.38750879  0.39889690  0.59468783  0.53723597  0.52354072  0.53723597  0.53723597  0.49688444  0.42221006  0.47115072  0.47115072  0.48390627  0.49688444  0.43414658  0.53723597  0.55118819  0.51009314  0.53723597  0.37629246  0.36524280  0.43414658  0.42221006  0.43414658  0.39889690  0.45861029  0.41046212  0.47115072  0.45861029  0.43414658  0.41046212  0.44627784  0.41046212  0.42221006  0.45861029  0.55118819  0.52354072  0.49688444  0.53723597  0.48390627  0.56540720  0.53723597  0.52354072  0.42221006  0.45861029  0.44627784  0.44627784  0.53723597  0.47115072  0.51009314  0.47115072  0.45861029  0.49688444  0.36524280  0.36524280  0.45861029  0.47115072  0.44627784  0.51009314  0.47115072  0.49688444  0.49688444  0.49688444  0.52354072  0.53723597  0.47115072  0.45861029  0.45861029  0.42221006  0.56540720  0.56540720  0.49688444  0.57990341  
5_0_0      0.41046212  0.39889690  0.42221006  0.56540720  0.02041183  0.00000000  0.04852952  0.29217713  0.38750879  0.48390627  0.47115072  0.45861029  0.52354072  0.51009314  0.49688444  0.45861029  0.42221006  0.44627784  0.47115072  0.52354072  0.56540720  0.56540720  0.55118819  0.57990341  0.51009314  0.51009314  0.57990341  0.60977217  0.55118819  0.51009314  0.52354072  0.51009314  0.42221006  0.48390627  0.51009314  0.56540720  0.55118819  0.56540720  0.51009314  0.52354072  0.52354072  0.51009314  0.53723597  0.55118819  0.57990341  0.45861029  0.45861029  0.48390627  0.52354072  0.52354072  0.52354072  0.57990341  0.57990341  0.49688444  0.48390627  0.55118819  0.48390627  0.53723597  0.55118819  0.52354072  0.62516885  0.60977217  0.57990341  0.64089106  0.62516885  0.62516885  0.59468783  0.55118819  0.57990341  0.45861029  0.51009314  0.53723597  0.67336931  0.65695288  0.55118819  0.52354072  0.55118819  0.53723597  0.49688444  0.37629246  0.38750879  0.55118819  0.55118819  0.53723597  0.55118819  0.55118819  0.51009314  0.42221006  0.47115072  0.47115072  0.48390627  0.49688444  0.44627784  0.52354072  0.53723597  0.49688444  0.52354072  0.39889690  0.38750879  0.45861029  0.44627784  0.45861029  0.42221006  0.47115072  0.42221006  0.51009314  0.49688444  0.47115072  0.43414658  0.45861029  0.42221006  0.43414658  0.47115072  0.53723597  0.48390627  0.45861029  0.55118819  0.49688444  0.55118819  0.52354072  0.51009314  0.43414658  0.49688444  0.48390627  0.48390627  0.57990341  0.48390627  0.55118819  0.51009314  0.49688444  0.53723597  0.37629246  0.37629246  0.44627784  0.45861029  0.45861029  0.52354072  0.48390627  0.48390627  0.48390627  0.51009314  0.53723597  0.55118819  0.48390627  0.49688444  0.47115072  0.43414658  0.55118819  0.55118819  0.53723597  0.57990341  
3_0_0      0.44627784  0.43414658  0.44627784  0.60977217  0.07033826  0.04852952  0.00000000  0.28230146  0.41046212  0.53723597  0.49688444  0.48390627  0.55118819  0.52354072  0.52354072  0.48390627  0.44627784  0.48390627  0.48390627  0.49688444  0.55118819  0.53723597  0.55118819  0.55118819  0.48390627  0.48390627  0.59468783  0.59468783  0.57990341  0.52354072  0.56540720  0.55118819  0.39889690  0.47115072  0.52354072  0.49688444  0.52354072  0.53723597  0.49688444  0.52354072  0.52354072  0.48390627  0.51009314  0.52354072  0.52354072  0.45861029  0.45861029  0.48390627  0.52354072  0.52354072  0.52354072  0.57990341  0.57990341  0.49688444  0.48390627  0.49688444  0.43414658  0.48390627  0.57990341  0.55118819  0.62516885  0.60977217  0.57990341  0.64089106  0.62516885  0.62516885  0.53723597  0.51009314  0.52354072  0.41046212  0.45861029  0.51009314  0.67336931  0.65695288  0.55118819  0.47115072  0.49688444  0.48390627  0.44627784  0.39889690  0.41046212  0.59468783  0.60977217  0.57990341  0.60977217  0.60977217  0.56540720  0.43414658  0.51009314  0.52354072  0.51009314  0.52354072  0.47115072  0.55118819  0.59468783  0.55118819  0.57990341  0.45861029  0.42221006  0.49688444  0.48390627  0.49688444  0.45861029  0.45861029  0.43414658  0.52354072  0.45861029  0.49688444  0.45861029  0.44627784  0.45861029  0.48390627  0.49688444  0.55118819  0.48390627  0.45861029  0.59468783  0.51009314  0.59468783  0.56540720  0.57990341  0.49688444  0.51009314  0.49688444  0.49688444  0.56540720  0.47115072  0.56540720  0.52354072  0.49688444  0.55118819  0.37629246  0.37629246  0.47115072  0.48390627  0.48390627  0.56540720  0.51009314  0.48390627  0.48390627  0.48390627  0.51009314  0.55118819  0.49688444  0.51009314  0.48390627  0.44627784  0.55118819  0.57990341  0.57990341  0.59468783  
7_0_0      0.57990341  0.56540720  0.48390627  0.60977217  0.28230146  0.29217713  0.28230146  0.00000000  0.43414658  0.55118819  0.53723597  0.56540720  0.53723597  0.64089106  0.53723597  0.59468783  0.55118819  0.45861029  0.51009314  0.53723597  0.47115072  0.49688444  0.53723597  0.64089106  0.47115072  0.47115072  0.52354072  0.49688444  0.52354072  0.62516885  0.56540720  0.55118819  0.49688444  0.64089106  0.67336931  0.57990341  0.59468783  0.60977217  0.57990341  0.56540720  0.56540720  0.48390627  0.51009314  0.55118819  0.52354072  0.48390627  0.48390627  0.45861029  0.47115072  0.45861029  0.47115072  0.49688444  0.49688444  0.56540720  0.55118819  0.60977217  0.47115072  0.48390627  0.57990341  0.55118819  0.62516885  0.59468783  0.56540720  0.65695288  0.62516885  0.62516885  0.64089106  0.59468783  0.59468783  0.53723597  0.51009314  0.56540720  0.65695288  0.76137198  0.64089106  0.57990341  0.42221006  0.43414658  0.47115072  0.43414658  0.44627784  0.70733111  0.70733111  0.70733111  0.65695288  0.65695288  0.67336931  0.57990341  0.60977217  0.64089106  0.62516885  0.60977217  0.56540720  0.64089106  0.65695288  0.64089106  0.67336931  0.55118819  0.48390627  0.51009314  0.48390627  0.49688444  0.48390627  0.49688444  0.55118819  0.59468783  0.57990341  0.56540720  0.55118819  0.49688444  0.47115072  0.48390627  0.47115072  0.56540720  0.51009314  0.48390627  0.51009314  0.42221006  0.52354072  0.52354072  0.56540720  0.48390627  0.52354072  0.53723597  0.52354072  0.59468783  0.55118819  0.56540720  0.55118819  0.55118819  0.53723597  0.51009314  0.51009314  0.56540720  0.52354072  0.57990341  0.51009314  0.45861029  0.41046212  0.43414658  0.49688444  0.47115072  0.47115072  0.45861029  0.53723597  0.51009314  0.49688444  0.64089106  0.64089106  0.64089106  0.64089106  
12_3_0     0.49688444  0.51009314  0.39889690  0.51009314  0.39889690  0.38750879  0.41046212  0.43414658  0.00000000  0.36524280  0.35435493  0.35435493  0.35435493  0.34362418  0.37629246  0.38750879  0.33304608  0.28230146  0.31233087  0.43414658  0.43414658  0.36524280  0.35435493  0.51009314  0.41046212  0.41046212  0.51009314  0.56540720  0.42221006  0.51009314  0.47115072  0.51009314  0.44627784  0.48390627  0.48390627  0.45861029  0.44627784  0.45861029  0.41046212  0.42221006  0.42221006  0.41046212  0.47115072  0.47115072  0.47115072  0.44627784  0.44627784  0.43414658  0.38750879  0.43414658  0.41046212  0.39889690  0.39889690  0.38750879  0.38750879  0.49688444  0.45861029  0.43414658  0.41046212  0.41046212  0.48390627  0.44627784  0.51009314  0.52354072  0.48390627  0.48390627  0.53723597  0.55118819  0.52354072  0.41046212  0.41046212  0.45861029  0.51009314  0.53723597  0.47115072  0.48390627  0.49688444  0.51009314  0.43414658  0.26293507  0.27255522  0.43414658  0.48390627  0.48390627  0.43414658  0.43414658  0.51009314  0.48390627  0.45861029  0.41046212  0.47115072  0.48390627  0.42221006  0.52354072  0.51009314  0.49688444  0.43414658  0.45861029  0.42221006  0.33304608  0.31233087  0.34362418  0.34362418  0.39889690  0.41046212  0.38750879  0.34362418  0.30218573  0.39889690  0.45861029  0.42221006  0.42221006  0.39889690  0.48390627  0.41046212  0.39889690  0.51009314  0.48390627  0.39889690  0.42221006  0.45861029  0.42221006  0.43414658  0.42221006  0.42221006  0.38750879  0.48390627  0.45861029  0.44627784  0.43414658  0.44627784  0.42221006  0.41046212  0.35435493  0.32261634  0.49688444  0.38750879  0.35435493  0.38750879  0.36524280  0.43414658  0.41046212  0.47115072  0.41046212  0.49688444  0.52354072  0.48390627  0.51009314  0.51009314  0.47115072  0.69015634  
15_0_0     0.49688444  0.51009314  0.44627784  0.55118819  0.47115072  0.48390627  0.53723597  0.55118819  0.36524280  0.00000000  0.03433779  0.08524107  0.11597375  0.18153386  0.10044865  0.22565274  0.19015071  0.15626668  0.15626668  0.44627784  0.45861029  0.42221006  0.39889690  0.56540720  0.43414658  0.43414658  0.59468783  0.59468783  0.45861029  0.56540720  0.53723597  0.55118819  0.64089106  0.52354072  0.56540720  0.56540720  0.56540720  0.57990341  0.45861029  0.56540720  0.56540720  0.56540720  0.52354072  0.53723597  0.52354072  0.53723597  0.53723597  0.53723597  0.51009314  0.52354072  0.53723597  0.57990341  0.57990341  0.57990341  0.57990341  0.67336931  0.60977217  0.56540720  0.53723597  0.52354072  0.56540720  0.55118819  0.65695288  0.56540720  0.55118819  0.55118819  0.64089106  0.62516885  0.62516885  0.64089106  0.55118819  0.59468783  0.62516885  0.69015634  0.53723597  0.55118819  0.57990341  0.59468783  0.53723597  0.47115072  0.45861029  0.49688444  0.53723597  0.57990341  0.55118819  0.55118819  0.57990341  0.51009314  0.42221006  0.48390627  0.49688444  0.53723597  0.49688444  0.55118819  0.48390627  0.44627784  0.48390627  0.43414658  0.38750879  0.44627784  0.45861029  0.44627784  0.45861029  0.43414658  0.39889690  0.43414658  0.48390627  0.42221006  0.41046212  0.42221006  0.44627784  0.43414658  0.45861029  0.55118819  0.47115072  0.45861029  0.44627784  0.44627784  0.44627784  0.38750879  0.51009314  0.41046212  0.39889690  0.41046212  0.38750879  0.45861029  0.45861029  0.44627784  0.42221006  0.47115072  0.44627784  0.42221006  0.39889690  0.45861029  0.44627784  0.56540720  0.57990341  0.62516885  0.62516885  0.62516885  0.56540720  0.59468783  0.59468783  0.60977217  0.45861029  0.45861029  0.49688444  0.49688444  0.55118819  0.49688444  0.65695288  
8_0_0      0.51009314  0.52354072  0.48390627  0.57990341  0.45861029  0.47115072  0.49688444  0.53723597  0.35435493  0.03433779  0.00000000  0.06299739  0.10817069  0.15626668  0.09280598  0.19886859  0.19886859  0.13182990  0.14803154  0.45861029  0.47115072  0.43414658  0.41046212  0.55118819  0.44627784  0.44627784  0.60977217  0.60977217  0.45861029  0.56540720  0.55118819  0.56540720  0.64089106  0.53723597  0.56540720  0.56540720  0.55118819  0.56540720  0.44627784  0.55118819  0.55118819  0.57990341  0.53723597  0.55118819  0.53723597  0.52354072  0.52354072  0.55118819  0.52354072  0.56540720  0.57990341  0.59468783  0.59468783  0.59468783  0.59468783  0.65695288  0.62516885  0.57990341  0.55118819  0.53723597  0.56540720  0.55118819  0.64089106  0.57990341  0.57990341  0.57990341  0.62516885  0.60977217  0.60977217  0.65695288  0.56540720  0.57990341  0.64089106  0.70733111  0.56540720  0.56540720  0.59468783  0.60977217  0.55118819  0.45861029  0.44627784  0.51009314  0.55118819  0.59468783  0.56540720  0.56540720  0.59468783  0.48390627  0.44627784  0.48390627  0.49688444  0.53723597  0.49688444  0.56540720  0.48390627  0.44627784  0.45861029  0.42221006  0.37629246  0.43414658  0.44627784  0.43414658  0.44627784  0.44627784  0.38750879  0.44627784  0.47115072  0.41046212  0.39889690  0.43414658  0.43414658  0.42221006  0.44627784  0.55118819  0.45861029  0.44627784  0.44627784  0.41046212  0.43414658  0.37629246  0.49688444  0.39889690  0.41046212  0.42221006  0.39889690  0.42221006  0.44627784  0.43414658  0.43414658  0.45861029  0.43414658  0.41046212  0.38750879  0.44627784  0.43414658  0.57990341  0.59468783  0.60977217  0.64089106  0.64089106  0.57990341  0.60977217  0.60977217  0.62516885  0.47115072  0.47115072  0.51009314  0.51009314  0.56540720  0.51009314  0.64089106  
6_0_0      0.47115072  0.48390627  0.51009314  0.53723597  0.44627784  0.45861029  0.48390627  0.56540720  0.35435493  0.08524107  0.06299739  0.00000000  0.08524107  0.14803154  0.07033826  0.19015071  0.17301571  0.13988660  0.13988660  0.49688444  0.48390627  0.47115072  0.44627784  0.55118819  0.42221006  0.42221006  0.57990341  0.57990341  0.44627784  0.56540720  0.53723597  0.55118819  0.64089106  0.51009314  0.53723597  0.56540720  0.57990341  0.59468783  0.49688444  0.57990341  0.57990341  0.60977217  0.56540720  0.57990341  0.57990341  0.55118819  0.55118819  0.57990341  0.55118819  0.59468783  0.60977217  0.62516885  0.62516885  0.59468783  0.62516885  0.69015634  0.65695288  0.60977217  0.55118819  0.53723597  0.57990341  0.56540720  0.60977217  0.57990341  0.57990341  0.57990341  0.65695288  0.67336931  0.64089106  0.72491195  0.62516885  0.64089106  0.69015634  0.78029504  0.62516885  0.59468783  0.60977217  0.62516885  0.56540720  0.44627784  0.43414658  0.49688444  0.56540720  0.56540720  0.55118819  0.55118819  0.57990341  0.51009314  0.47115072  0.53723597  0.55118819  0.59468783  0.55118819  0.53723597  0.51009314  0.47115072  0.48390627  0.41046212  0.39889690  0.42221006  0.44627784  0.43414658  0.44627784  0.47115072  0.41046212  0.47115072  0.47115072  0.41046212  0.39889690  0.45861029  0.47115072  0.43414658  0.48390627  0.59468783  0.48390627  0.44627784  0.44627784  0.41046212  0.45861029  0.39889690  0.49688444  0.39889690  0.42221006  0.43414658  0.41046212  0.45861029  0.45861029  0.47115072  0.42221006  0.44627784  0.45861029  0.37629246  0.37629246  0.44627784  0.43414658  0.57990341  0.56540720  0.57990341  0.60977217  0.60977217  0.55118819  0.57990341  0.57990341  0.59468783  0.41046212  0.41046212  0.44627784  0.52354072  0.57990341  0.49688444  0.67336931  
6_2_0      0.49688444  0.51009314  0.49688444  0.53723597  0.51009314  0.52354072  0.55118819  0.53723597  0.35435493  0.11597375  0.10817069  0.08524107  0.00000000  0.11597375  0.05572827  0.19015071  0.17301571  0.16459404  0.16459404  0.48390627  0.47115072  0.43414658  0.41046212  0.57990341  0.44627784  0.44627784  0.53723597  0.56540720  0.43414658  0.59468783  0.52354072  0.57990341  0.60977217  0.52354072  0.59468783  0.59468783  0.57990341  0.56540720  0.47115072  0.56540720  0.56540720  0.60977217  0.53723597  0.55118819  0.53723597  0.52354072  0.52354072  0.55118819  0.52354072  0.57990341  0.57990341  0.59468783  0.59468783  0.57990341  0.57990341  0.67336931  0.65695288  0.59468783  0.51009314  0.49688444  0.55118819  0.53723597  0.56540720  0.57990341  0.52354072  0.52354072  0.57990341  0.59468783  0.56540720  0.65695288  0.56540720  0.55118819  0.59468783  0.69015634  0.56540720  0.59468783  0.60977217  0.62516885  0.56540720  0.45861029  0.44627784  0.49688444  0.56540720  0.56540720  0.47115072  0.47115072  0.59468783  0.56540720  0.47115072  0.53723597  0.57990341  0.56540720  0.55118819  0.59468783  0.51009314  0.49688444  0.48390627  0.45861029  0.41046212  0.41046212  0.43414658  0.42221006  0.43414658  0.45861029  0.39889690  0.48390627  0.51009314  0.44627784  0.43414658  0.49688444  0.52354072  0.47115072  0.55118819  0.55118819  0.48390627  0.44627784  0.53723597  0.43414658  0.45861029  0.42221006  0.49688444  0.47115072  0.41046212  0.42221006  0.42221006  0.44627784  0.48390627  0.47115072  0.41046212  0.45861029  0.51009314  0.37629246  0.38750879  0.41046212  0.42221006  0.57990341  0.55118819  0.59468783  0.62516885  0.62516885  0.59468783  0.59468783  0.59468783  0.64089106  0.44627784  0.49688444  0.51009314  0.53723597  0.56540720  0.53723597  0.65695288  
15_2_0     0.47115072  0.48390627  0.47115072  0.56540720  0.52354072  0.51009314  0.52354072  0.64089106  0.34362418  0.18153386  0.15626668  0.14803154  0.11597375  0.00000000  0.08524107  0.19886859  0.19886859  0.19886859  0.18153386  0.55118819  0.56540720  0.49688444  0.47115072  0.49688444  0.51009314  0.51009314  0.64089106  0.67336931  0.56540720  0.59468783  0.52354072  0.59468783  0.59468783  0.52354072  0.53723597  0.55118819  0.57990341  0.56540720  0.51009314  0.55118819  0.55118819  0.59468783  0.49688444  0.51009314  0.52354072  0.51009314  0.51009314  0.56540720  0.53723597  0.52354072  0.56540720  0.60977217  0.60977217  0.56540720  0.56540720  0.57990341  0.60977217  0.57990341  0.47115072  0.45861029  0.47115072  0.48390627  0.52354072  0.51009314  0.45861029  0.45861029  0.53723597  0.57990341  0.52354072  0.57990341  0.55118819  0.51009314  0.53723597  0.56540720  0.51009314  0.55118819  0.62516885  0.60977217  0.55118819  0.43414658  0.42221006  0.48390627  0.57990341  0.56540720  0.52354072  0.52354072  0.65695288  0.45861029  0.44627784  0.53723597  0.55118819  0.59468783  0.55118819  0.55118819  0.52354072  0.53723597  0.49688444  0.47115072  0.42221006  0.43414658  0.47115072  0.45861029  0.47115072  0.45861029  0.39889690  0.51009314  0.56540720  0.43414658  0.44627784  0.49688444  0.53723597  0.44627784  0.47115072  0.55118819  0.49688444  0.45861029  0.52354072  0.49688444  0.47115072  0.41046212  0.43414658  0.45861029  0.41046212  0.42221006  0.42221006  0.41046212  0.42221006  0.43414658  0.44627784  0.47115072  0.48390627  0.39889690  0.39889690  0.41046212  0.37629246  0.43414658  0.53723597  0.55118819  0.57990341  0.55118819  0.55118819  0.57990341  0.57990341  0.59468783  0.44627784  0.47115072  0.51009314  0.48390627  0.56540720  0.49688444  0.64089106  
8_2_0      0.49688444  0.51009314  0.49688444  0.57990341  0.48390627  0.49688444  0.52354072  0.53723597  0.37629246  0.10044865  0.09280598  0.07033826  0.05572827  0.08524107  0.00000000  0.16459404  0.14803154  0.15626668  0.13988660  0.49688444  0.48390627  0.47115072  0.44627784  0.53723597  0.47115072  0.47115072  0.60977217  0.60977217  0.48390627  0.59468783  0.55118819  0.55118819  0.64089106  0.52354072  0.56540720  0.59468783  0.57990341  0.59468783  0.49688444  0.59468783  0.59468783  0.60977217  0.53723597  0.55118819  0.56540720  0.55118819  0.55118819  0.57990341  0.55118819  0.59468783  0.60977217  0.62516885  0.62516885  0.60977217  0.60977217  0.65695288  0.65695288  0.59468783  0.53723597  0.52354072  0.57990341  0.56540720  0.59468783  0.57990341  0.55118819  0.55118819  0.57990341  0.59468783  0.56540720  0.69015634  0.59468783  0.55118819  0.57990341  0.67336931  0.52354072  0.57990341  0.64089106  0.65695288  0.59468783  0.45861029  0.44627784  0.51009314  0.60977217  0.57990341  0.47115072  0.47115072  0.62516885  0.53723597  0.47115072  0.53723597  0.55118819  0.56540720  0.55118819  0.55118819  0.52354072  0.48390627  0.49688444  0.43414658  0.38750879  0.43414658  0.45861029  0.44627784  0.43414658  0.48390627  0.39889690  0.48390627  0.53723597  0.44627784  0.43414658  0.47115072  0.48390627  0.44627784  0.49688444  0.56540720  0.51009314  0.47115072  0.48390627  0.45861029  0.51009314  0.44627784  0.47115072  0.47115072  0.43414658  0.44627784  0.44627784  0.44627784  0.44627784  0.45861029  0.43414658  0.45861029  0.49688444  0.41046212  0.41046212  0.44627784  0.43414658  0.53723597  0.57990341  0.62516885  0.65695288  0.65695288  0.62516885  0.65695288  0.62516885  0.67336931  0.42221006  0.44627784  0.48390627  0.51009314  0.59468783  0.48390627  0.67336931  
14_0_0     0.52354072  0.53723597  0.45861029  0.62516885  0.47115072  0.45861029  0.48390627  0.59468783  0.38750879  0.22565274  0.19886859  0.19015071  0.19015071  0.19886859  0.16459404  0.00000000  0.04139980  0.22565274  0.22565274  0.51009314  0.44627784  0.45861029  0.43414658  0.56540720  0.43414658  0.43414658  0.67336931  0.67336931  0.60977217  0.51009314  0.47115072  0.60977217  0.59468783  0.53723597  0.56540720  0.60977217  0.59468783  0.57990341  0.56540720  0.56540720  0.56540720  0.59468783  0.57990341  0.59468783  0.59468783  0.56540720  0.56540720  0.56540720  0.56540720  0.56540720  0.56540720  0.64089106  0.64089106  0.57990341  0.57990341  0.56540720  0.64089106  0.62516885  0.51009314  0.49688444  0.57990341  0.53723597  0.59468783  0.60977217  0.57990341  0.57990341  0.48390627  0.49688444  0.49688444  0.57990341  0.52354072  0.53723597  0.57990341  0.60977217  0.51009314  0.57990341  0.59468783  0.60977217  0.52354072  0.43414658  0.42221006  0.48390627  0.51009314  0.53723597  0.52354072  0.52354072  0.49688444  0.52354072  0.45861029  0.55118819  0.53723597  0.52354072  0.53723597  0.47115072  0.42221006  0.45861029  0.47115072  0.48390627  0.45861029  0.49688444  0.51009314  0.49688444  0.45861029  0.51009314  0.42221006  0.49688444  0.53723597  0.45861029  0.44627784  0.44627784  0.48390627  0.42221006  0.48390627  0.64089106  0.51009314  0.49688444  0.52354072  0.43414658  0.52354072  0.47115072  0.49688444  0.49688444  0.48390627  0.47115072  0.47115072  0.49688444  0.51009314  0.52354072  0.48390627  0.53723597  0.55118819  0.41046212  0.38750879  0.41046212  0.39889690  0.45861029  0.47115072  0.48390627  0.56540720  0.56540720  0.51009314  0.48390627  0.51009314  0.49688444  0.44627784  0.44627784  0.45861029  0.48390627  0.56540720  0.48390627  0.60977217  
11_0_0     0.49688444  0.51009314  0.47115072  0.57990341  0.43414658  0.42221006  0.44627784  0.55118819  0.33304608  0.19015071  0.19886859  0.17301571  0.17301571  0.19886859  0.14803154  0.04139980  0.00000000  0.22565274  0.19015071  0.47115072  0.41046212  0.42221006  0.39889690  0.55118819  0.42221006  0.42221006  0.64089106  0.64089106  0.53723597  0.48390627  0.47115072  0.59468783  0.56540720  0.47115072  0.51009314  0.53723597  0.60977217  0.59468783  0.55118819  0.55118819  0.55118819  0.55118819  0.53723597  0.55118819  0.55118819  0.57990341  0.57990341  0.55118819  0.55118819  0.55118819  0.55118819  0.62516885  0.62516885  0.51009314  0.51009314  0.56540720  0.62516885  0.55118819  0.47115072  0.45861029  0.55118819  0.51009314  0.60977217  0.60977217  0.53723597  0.53723597  0.48390627  0.49688444  0.49688444  0.53723597  0.48390627  0.52354072  0.53723597  0.56540720  0.44627784  0.53723597  0.57990341  0.59468783  0.51009314  0.37629246  0.36524280  0.43414658  0.45861029  0.48390627  0.47115072  0.47115072  0.47115072  0.49688444  0.43414658  0.49688444  0.48390627  0.49688444  0.48390627  0.42221006  0.37629246  0.43414658  0.44627784  0.45861029  0.43414658  0.47115072  0.48390627  0.47115072  0.43414658  0.45861029  0.42221006  0.44627784  0.48390627  0.41046212  0.39889690  0.45861029  0.49688444  0.43414658  0.51009314  0.57990341  0.49688444  0.48390627  0.52354072  0.44627784  0.53723597  0.48390627  0.51009314  0.51009314  0.44627784  0.43414658  0.43414658  0.48390627  0.49688444  0.51009314  0.47115072  0.55118819  0.56540720  0.37629246  0.35435493  0.39889690  0.38750879  0.42221006  0.44627784  0.45861029  0.53723597  0.53723597  0.48390627  0.45861029  0.48390627  0.47115072  0.43414658  0.43414658  0.44627784  0.47115072  0.55118819  0.45861029  0.60977217  
13_0_0     0.53723597  0.55118819  0.47115072  0.52354072  0.43414658  0.44627784  0.48390627  0.45861029  0.28230146  0.15626668  0.13182990  0.13988660  0.16459404  0.19886859  0.15626668  0.22565274  0.22565274  0.00000000  0.07033826  0.48390627  0.47115072  0.41046212  0.39889690  0.55118819  0.42221006  0.42221006  0.52354072  0.51009314  0.45861029  0.49688444  0.44627784  0.56540720  0.59468783  0.53723597  0.56540720  0.57990341  0.49688444  0.51009314  0.42221006  0.49688444  0.49688444  0.52354072  0.51009314  0.53723597  0.53723597  0.51009314  0.51009314  0.55118819  0.49688444  0.52354072  0.53723597  0.49688444  0.49688444  0.60977217  0.60977217  0.64089106  0.60977217  0.53723597  0.53723597  0.55118819  0.49688444  0.45861029  0.53723597  0.55118819  0.52354072  0.52354072  0.67336931  0.65695288  0.62516885  0.64089106  0.57990341  0.60977217  0.65695288  0.64089106  0.55118819  0.62516885  0.56540720  0.57990341  0.52354072  0.36524280  0.37629246  0.48390627  0.48390627  0.52354072  0.52354072  0.52354072  0.56540720  0.48390627  0.44627784  0.47115072  0.48390627  0.52354072  0.48390627  0.52354072  0.51009314  0.48390627  0.43414658  0.45861029  0.39889690  0.35435493  0.34362418  0.37629246  0.38750879  0.44627784  0.38750879  0.43414658  0.44627784  0.36524280  0.37629246  0.42221006  0.39889690  0.36524280  0.41046212  0.53723597  0.43414658  0.39889690  0.43414658  0.39889690  0.39889690  0.34362418  0.42221006  0.37629246  0.36524280  0.37629246  0.35435493  0.37629246  0.42221006  0.39889690  0.44627784  0.44627784  0.42221006  0.38750879  0.38750879  0.42221006  0.41046212  0.49688444  0.48390627  0.51009314  0.51009314  0.51009314  0.56540720  0.52354072  0.55118819  0.55118819  0.45861029  0.45861029  0.49688444  0.49688444  0.55118819  0.43414658  0.59468783  
4_0_0      0.55118819  0.56540720  0.51009314  0.57990341  0.45861029  0.47115072  0.48390627  0.51009314  0.31233087  0.15626668  0.14803154  0.13988660  0.16459404  0.18153386  0.13988660  0.22565274  0.19015071  0.07033826  0.00000000  0.53723597  0.47115072  0.45861029  0.45861029  0.55118819  0.47115072  0.47115072  0.52354072  0.51009314  0.43414658  0.52354072  0.44627784  0.57990341  0.64089106  0.53723597  0.53723597  0.53723597  0.51009314  0.52354072  0.43414658  0.48390627  0.48390627  0.51009314  0.47115072  0.49688444  0.49688444  0.55118819  0.55118819  0.59468783  0.53723597  0.56540720  0.57990341  0.52354072  0.52354072  0.59468783  0.59468783  0.62516885  0.59468783  0.49688444  0.53723597  0.53723597  0.49688444  0.48390627  0.57990341  0.56540720  0.51009314  0.51009314  0.59468783  0.57990341  0.55118819  0.62516885  0.56540720  0.56540720  0.64089106  0.65695288  0.55118819  0.57990341  0.57990341  0.59468783  0.53723597  0.41046212  0.39889690  0.53723597  0.56540720  0.60977217  0.51009314  0.51009314  0.62516885  0.51009314  0.52354072  0.49688444  0.51009314  0.57990341  0.51009314  0.57990341  0.53723597  0.53723597  0.48390627  0.43414658  0.37629246  0.37629246  0.38750879  0.39889690  0.41046212  0.44627784  0.41046212  0.47115072  0.48390627  0.39889690  0.41046212  0.48390627  0.48390627  0.44627784  0.49688444  0.56540720  0.52354072  0.48390627  0.49688444  0.49688444  0.48390627  0.42221006  0.48390627  0.43414658  0.43414658  0.44627784  0.42221006  0.39889690  0.44627784  0.42221006  0.47115072  0.47115072  0.44627784  0.41046212  0.42221006  0.44627784  0.43414658  0.49688444  0.55118819  0.55118819  0.57990341  0.57990341  0.57990341  0.56540720  0.59468783  0.60977217  0.47115072  0.47115072  0.51009314  0.52354072  0.59468783  0.45861029  0.56540720  
18_0_0     0.56540720  0.57990341  0.49688444  0.72491195  0.55118819  0.52354072  0.49688444  0.53723597  0.43414658  0.44627784  0.45861029  0.49688444  0.48390627  0.55118819  0.49688444  0.51009314  0.47115072  0.48390627  0.53723597  0.00000000  0.15626668  0.07033826  0.08524107  0.36524280  0.18153386  0.18153386  0.49688444  0.49688444  0.48390627  0.52354072  0.52354072  0.45861029  0.43414658  0.43414658  0.55118819  0.51009314  0.48390627  0.47115072  0.45861029  0.48390627  0.48390627  0.45861029  0.53723597  0.53723597  0.49688444  0.39889690  0.39889690  0.38750879  0.35435493  0.45861029  0.42221006  0.43414658  0.43414658  0.45861029  0.43414658  0.48390627  0.42221006  0.47115072  0.47115072  0.48390627  0.51009314  0.49688444  0.56540720  0.53723597  0.55118819  0.55118819  0.45861029  0.47115072  0.48390627  0.39889690  0.38750879  0.39889690  0.51009314  0.55118819  0.48390627  0.41046212  0.45861029  0.47115072  0.44627784  0.44627784  0.43414658  0.43414658  0.51009314  0.43414658  0.49688444  0.49688444  0.55118819  0.60977217  0.44627784  0.48390627  0.48390627  0.45861029  0.48390627  0.53723597  0.47115072  0.39889690  0.45861029  0.57990341  0.45861029  0.47115072  0.41046212  0.42221006  0.41046212  0.34362418  0.37629246  0.39889690  0.36524280  0.41046212  0.39889690  0.47115072  0.45861029  0.53723597  0.49688444  0.49688444  0.34362418  0.35435493  0.45861029  0.41046212  0.42221006  0.43414658  0.51009314  0.53723597  0.51009314  0.52354072  0.51009314  0.44627784  0.45861029  0.49688444  0.43414658  0.48390627  0.59468783  0.38750879  0.36524280  0.45861029  0.44627784  0.53723597  0.52354072  0.51009314  0.52354072  0.52354072  0.51009314  0.51009314  0.55118819  0.59468783  0.49688444  0.48390627  0.48390627  0.42221006  0.42221006  0.57990341  0.64089106  
99_0_0     0.59468783  0.60977217  0.45861029  0.70733111  0.56540720  0.56540720  0.55118819  0.47115072  0.43414658  0.45861029  0.47115072  0.48390627  0.47115072  0.56540720  0.48390627  0.44627784  0.41046212  0.47115072  0.47115072  0.15626668  0.00000000  0.09280598  0.12385956  0.39889690  0.24406028  0.24406028  0.55118819  0.57990341  0.52354072  0.53723597  0.45861029  0.49688444  0.47115072  0.53723597  0.57990341  0.49688444  0.41046212  0.39889690  0.41046212  0.43414658  0.43414658  0.41046212  0.48390627  0.51009314  0.47115072  0.47115072  0.47115072  0.41046212  0.39889690  0.49688444  0.42221006  0.51009314  0.51009314  0.41046212  0.42221006  0.44627784  0.43414658  0.42221006  0.48390627  0.48390627  0.45861029  0.44627784  0.53723597  0.51009314  0.49688444  0.49688444  0.52354072  0.51009314  0.55118819  0.42221006  0.38750879  0.38750879  0.48390627  0.55118819  0.55118819  0.45861029  0.43414658  0.44627784  0.42221006  0.44627784  0.43414658  0.48390627  0.51009314  0.51009314  0.44627784  0.44627784  0.44627784  0.57990341  0.52354072  0.44627784  0.47115072  0.42221006  0.44627784  0.56540720  0.48390627  0.43414658  0.47115072  0.49688444  0.42221006  0.43414658  0.42221006  0.43414658  0.41046212  0.33304608  0.38750879  0.44627784  0.43414658  0.47115072  0.47115072  0.49688444  0.48390627  0.56540720  0.52354072  0.49688444  0.35435493  0.36524280  0.49688444  0.39889690  0.39889690  0.38750879  0.48390627  0.44627784  0.49688444  0.51009314  0.49688444  0.49688444  0.49688444  0.52354072  0.42221006  0.47115072  0.59468783  0.43414658  0.42221006  0.47115072  0.45861029  0.56540720  0.45861029  0.48390627  0.45861029  0.45861029  0.49688444  0.47115072  0.47115072  0.49688444  0.48390627  0.49688444  0.49688444  0.47115072  0.49688444  0.60977217  0.65695288  
