20
17_0_0     0.00000000  0.02000631  0.09716848  0.09124023  0.09124023  0.09665382  0.10865359  0.11476423  0.12721631  0.33016625  0.33016625  0.31218765  0.25661668  0.26465855  0.26322954  0.30182582  0.25296339  0.27945108  0.26107306  0.25952673  
11_0_0     0.02000631  0.00000000  0.10924209  0.10316852  0.10316852  0.10865359  0.12095116  0.12721631  0.13998937  0.34882176  0.34882176  0.33016625  0.27283309  0.28114473  0.29648499  0.30182582  0.26931766  0.29680940  0.27770175  0.27601568  
2_0_0      0.09716848  0.10924209  0.00000000  0.00492637  0.00492637  0.05136521  0.05136521  0.05680505  0.06786723  0.30343718  0.30343718  0.28638656  0.28114473  0.28959816  0.28795958  0.30182582  0.22179009  0.26268027  0.26931766  0.32905446  
3_0_0      0.09124023  0.10316852  0.00492637  0.00000000  0.00000000  0.04598443  0.04598443  0.05136521  0.06230528  0.31218765  0.31218765  0.29483854  0.28959816  0.29819830  0.27957835  0.29307222  0.21429381  0.25450301  0.26107306  0.31981101  
1_0_0      0.09124023  0.10316852  0.00492637  0.00000000  0.00000000  0.04598443  0.04598443  0.05136521  0.06230528  0.31218765  0.31218765  0.29483854  0.28959816  0.29819830  0.27957835  0.29307222  0.21429381  0.25450301  0.26107306  0.31981101  
10_0_0     0.09665382  0.10865359  0.05136521  0.04598443  0.04598443  0.00000000  0.00990220  0.01492850  0.02513669  0.31928362  0.31928362  0.30178286  0.29648499  0.30515965  0.29483854  0.25804126  0.22810879  0.26931766  0.29307222  0.29490785  
4_0_0      0.10865359  0.12095116  0.05136521  0.04598443  0.04598443  0.00990220  0.00000000  0.00492637  0.02513669  0.31928362  0.31928362  0.30178286  0.27957835  0.28795958  0.29483854  0.25804126  0.22810879  0.26931766  0.29307222  0.31273293  
12_0_0     0.11476423  0.12721631  0.05680505  0.05136521  0.05136521  0.01492850  0.00492637  0.00000000  0.03032073  0.31045599  0.31045599  0.29325893  0.28795958  0.29648499  0.28638656  0.26614959  0.22055596  0.26107306  0.28447057  0.31273293  
5_0_0      0.12721631  0.13998937  0.06786723  0.06230528  0.06230528  0.02513669  0.02513669  0.03032073  0.00000000  0.34675116  0.34675116  0.32827135  0.30515965  0.31398887  0.33940622  0.29130235  0.22810879  0.26931766  0.31073682  0.32189182  
13_0_0     0.33016625  0.34882176  0.30343718  0.31218765  0.31218765  0.31928362  0.31928362  0.31045599  0.34675116  0.00000000  0.00000000  0.02000631  0.20370585  0.19658806  0.20274707  0.38353419  0.29867867  0.30879382  0.30720113  0.37901905  
9_0_0      0.33016625  0.34882176  0.30343718  0.31218765  0.31218765  0.31928362  0.31928362  0.31045599  0.34675116  0.00000000  0.00000000  0.02000631  0.20370585  0.19658806  0.20274707  0.38353419  0.29867867  0.30879382  0.30720113  0.37901905  
7_0_0      0.31218765  0.33016625  0.28638656  0.29483854  0.29483854  0.30178286  0.30178286  0.29325893  0.32827135  0.02000631  0.02000631  0.00000000  0.19658806  0.18957106  0.20991582  0.39372208  0.29867867  0.30879382  0.30720113  0.37901905  
18_0_0     0.25661668  0.27283309  0.28114473  0.28959816  0.28959816  0.29648499  0.27957835  0.28795958  0.30515965  0.20370585  0.20370585  0.19658806  0.00000000  0.01492850  0.10865359  0.31218765  0.26055785  0.27807633  0.30178286  0.37355154  
8_0_0      0.26465855  0.28114473  0.28959816  0.29819830  0.29819830  0.30515965  0.28795958  0.29648499  0.31398887  0.19658806  0.19658806  0.18957106  0.01492850  0.00000000  0.11476423  0.32109542  0.28487914  0.30343718  0.32827135  0.36376602  
19_0_0     0.26322954  0.29648499  0.28795958  0.27957835  0.27957835  0.29483854  0.29483854  0.28638656  0.33940622  0.20274707  0.20274707  0.20991582  0.10865359  0.11476423  0.00000000  0.31045599  0.25152881  0.26853305  0.27526553  0.31587272  
16_0_0     0.30182582  0.30182582  0.30182582  0.29307222  0.29307222  0.25804126  0.25804126  0.26614959  0.29130235  0.38353419  0.38353419  0.39372208  0.31218765  0.32109542  0.31045599  0.00000000  0.27770175  0.30572203  0.32189182  0.34882176  
6_0_0      0.25296339  0.26931766  0.22179009  0.21429381  0.21429381  0.22810879  0.22810879  0.22055596  0.22810879  0.29867867  0.29867867  0.29867867  0.26055785  0.28487914  0.25152881  0.27770175  0.00000000  0.05136521  0.12033046  0.35096830  
14_0_0     0.27945108  0.29680940  0.26268027  0.25450301  0.25450301  0.26931766  0.26931766  0.26107306  0.26931766  0.30879382  0.30879382  0.30879382  0.27807633  0.30343718  0.26853305  0.30572203  0.05136521  0.00000000  0.12095116  0.36298049  
15_0_0     0.26107306  0.27770175  0.26931766  0.26107306  0.26107306  0.29307222  0.29307222  0.28447057  0.31073682  0.30720113  0.30720113  0.30720113  0.30178286  0.32827135  0.27526553  0.32189182  0.12033046  0.12095116  0.00000000  0.37054711  
20_0_0     0.25952673  0.27601568  0.32905446  0.31981101  0.31981101  0.29490785  0.31273293  0.31273293  0.32189182  0.37901905  0.37901905  0.37901905  0.37355154  0.36376602  0.31587272  0.34882176  0.35096830  0.36298049  0.37054711  0.00000000  

