20
17_0_0     0.00000000  0.00492639  0.03018456  0.03539588  0.03018456  0.03018456  0.03018456  0.03018456  0.04066263  0.24389518  0.24389518  0.25156538  0.31280022  0.31433705  0.26858440  0.34107684  0.27531570  0.29180671  0.28349256  0.25011859  
11_0_0     0.00492639  0.00000000  0.03539588  0.04066263  0.03539588  0.03539588  0.03539588  0.03539588  0.04598600  0.25156538  0.25156538  0.25935626  0.32147663  0.32309084  0.27669489  0.33200218  0.26727168  0.30026286  0.27531570  0.24226313  
2_0_0      0.03018456  0.03539588  0.00000000  0.00492639  0.00000000  0.04050880  0.03527016  0.03527016  0.05115534  0.29035401  0.29035401  0.29873792  0.33759626  0.33929931  0.30026286  0.33929931  0.29873792  0.31594401  0.32477658  0.24875507  
3_0_0      0.03539588  0.04066263  0.00492639  0.00000000  0.00492639  0.04580346  0.04050880  0.04050880  0.05656570  0.29873792  0.29873792  0.30726623  0.32868637  0.33030779  0.30886593  0.34845713  0.29035401  0.30726623  0.31594401  0.25667277  
1_0_0      0.03018456  0.03539588  0.00000000  0.00492639  0.00000000  0.04050880  0.03527016  0.03527016  0.05115534  0.29035401  0.29035401  0.29873792  0.33759626  0.33929931  0.30026286  0.33929931  0.29873792  0.31594401  0.32477658  0.24875507  
10_0_0     0.03018456  0.03539588  0.04050880  0.04580346  0.04050880  0.00000000  0.00990228  0.00990228  0.02000663  0.26602177  0.26602177  0.27400040  0.33759626  0.33929931  0.29180671  0.33030779  0.31594401  0.31594401  0.31594401  0.25667277  
4_0_0      0.03018456  0.03539588  0.03527016  0.04050880  0.03527016  0.00990228  0.00000000  0.00000000  0.02000663  0.28210969  0.28210969  0.29035401  0.35591195  0.35778753  0.30886593  0.33030779  0.29873792  0.31594401  0.31594401  0.27289843  
12_0_0     0.03018456  0.03539588  0.03527016  0.04050880  0.03527016  0.00990228  0.00000000  0.00000000  0.02000663  0.28210969  0.28210969  0.29035401  0.35591195  0.35778753  0.30886593  0.33030779  0.29873792  0.31594401  0.31594401  0.27289843  
5_0_0      0.04066263  0.04598600  0.05115534  0.05656570  0.05115534  0.02000663  0.02000663  0.02000663  0.00000000  0.26602177  0.26602177  0.27400040  0.33759626  0.33929931  0.29180671  0.36729711  0.32477658  0.33376957  0.31594401  0.28967384  
13_0_0     0.24389518  0.25156538  0.29035401  0.29873792  0.29035401  0.26602177  0.28210969  0.28210969  0.26602177  0.00000000  0.00000000  0.00990228  0.16319721  0.15077240  0.13357724  0.39471034  0.43680922  0.40490428  0.33200218  0.31936840  
9_0_0      0.24389518  0.25156538  0.29035401  0.29873792  0.29035401  0.26602177  0.28210969  0.28210969  0.26602177  0.00000000  0.00000000  0.00990228  0.16319721  0.15077240  0.13357724  0.39471034  0.43680922  0.40490428  0.33200218  0.31936840  
7_0_0      0.25156538  0.25935626  0.29873792  0.30726623  0.29873792  0.27400040  0.29035401  0.29035401  0.27400040  0.00990228  0.00990228  0.00000000  0.16319721  0.15077240  0.13357724  0.39471034  0.41531250  0.38472203  0.31433705  0.33752374  
18_0_0     0.31280022  0.32147663  0.33759626  0.32868637  0.33759626  0.33759626  0.35591195  0.35591195  0.33759626  0.16319721  0.16319721  0.16319721  0.00000000  0.01487182  0.07261429  0.44516895  0.40262169  0.41292069  0.35778753  0.38912615  
8_0_0      0.31433705  0.32309084  0.33929931  0.33030779  0.33929931  0.33929931  0.35778753  0.35778753  0.33929931  0.15077240  0.15077240  0.15077240  0.01487182  0.00000000  0.06730450  0.41531250  0.39471034  0.40490428  0.33200218  0.38136087  
19_0_0     0.26858440  0.27669489  0.30026286  0.30886593  0.30026286  0.29180671  0.30886593  0.30886593  0.29180671  0.13357724  0.13357724  0.13357724  0.07261429  0.06730450  0.00000000  0.37699291  0.37699291  0.38688237  0.33376957  0.32118596  
16_0_0     0.34107684  0.33200218  0.33929931  0.34845713  0.33929931  0.33030779  0.33030779  0.33030779  0.36729711  0.39471034  0.39471034  0.39471034  0.44516895  0.41531250  0.37699291  0.00000000  0.19661591  0.20373657  0.21829266  0.26858440  
6_0_0      0.27531570  0.26727168  0.29873792  0.29035401  0.29873792  0.31594401  0.29873792  0.29873792  0.32477658  0.43680922  0.43680922  0.41531250  0.40262169  0.39471034  0.37699291  0.19661591  0.00000000  0.05656570  0.12656920  0.27139783  
14_0_0     0.29180671  0.30026286  0.31594401  0.30726623  0.31594401  0.31594401  0.31594401  0.31594401  0.33376957  0.40490428  0.40490428  0.38472203  0.41292069  0.40490428  0.38688237  0.20373657  0.05656570  0.00000000  0.12034239  0.30524256  
15_0_0     0.28349256  0.27531570  0.32477658  0.31594401  0.32477658  0.31594401  0.31594401  0.31594401  0.31594401  0.33200218  0.33200218  0.31433705  0.35778753  0.33200218  0.33376957  0.21829266  0.12656920  0.12034239  0.00000000  0.28803109  
20_0_0     0.25011859  0.24226313  0.24875507  0.25667277  0.24875507  0.25667277  0.27289843  0.27289843  0.28967384  0.31936840  0.31936840  0.33752374  0.38912615  0.38136087  0.32118596  0.26858440  0.27139783  0.30524256  0.28803109  0.00000000  

