20
17_0_0     0.00000000  0.00990231  0.07349816  0.06821761  0.06821761  0.10165529  0.11365668  0.10761961  0.10812146  0.30892674  0.30892674  0.30892674  0.33862670  0.31286444  0.34089435  0.34494373  0.32837721  0.26996717  0.28646351  0.31228702  
11_0_0     0.00990231  0.00000000  0.08494581  0.07960011  0.07960011  0.11365668  0.12595631  0.11976829  0.12034592  0.30892674  0.30892674  0.30892674  0.33862670  0.31286444  0.34089435  0.36343188  0.34687585  0.28646351  0.30352864  0.33028289  
2_0_0      0.07349816  0.08494581  0.00000000  0.00492015  0.00492015  0.05620267  0.06708225  0.06161257  0.08418176  0.35334779  0.35334779  0.35334779  0.34595096  0.31994466  0.32919754  0.38063627  0.30887186  0.26858780  0.28494645  0.31938085  
3_0_0      0.06821761  0.07960011  0.00492015  0.00000000  0.00000000  0.05098301  0.06180373  0.05636380  0.07881932  0.34595096  0.34595096  0.34595096  0.33862670  0.31286444  0.32203251  0.37294153  0.30186427  0.26192069  0.27814662  0.31228702  
1_0_0      0.06821761  0.07960011  0.00492015  0.00000000  0.00000000  0.05098301  0.06180373  0.05636380  0.07881932  0.34595096  0.34595096  0.34595096  0.33862670  0.31286444  0.32203251  0.37294153  0.30186427  0.26192069  0.27814662  0.31228702  
10_0_0     0.10165529  0.11365668  0.05620267  0.05098301  0.05098301  0.00000000  0.00990231  0.00492640  0.03539602  0.34895780  0.34895780  0.34895780  0.34159795  0.31597754  0.32505894  0.38648059  0.32308976  0.26601687  0.29873763  0.34293666  
4_0_0      0.11365668  0.12595631  0.06708225  0.06180373  0.06180373  0.00990231  0.00000000  0.00492640  0.04598638  0.33028289  0.33028289  0.33028289  0.34159795  0.31597754  0.32505894  0.39626949  0.33200267  0.27399652  0.30726732  0.34293666  
12_0_0     0.10761961  0.11976829  0.06161257  0.05636380  0.05636380  0.00492640  0.00492640  0.00000000  0.04066288  0.33953228  0.33953228  0.33953228  0.33226044  0.30705975  0.31597754  0.38648059  0.32308976  0.26601687  0.29873763  0.35227061  
5_0_0      0.10812146  0.12034592  0.08418176  0.07881932  0.07881932  0.03539602  0.04598638  0.04066288  0.00000000  0.31409780  0.31409780  0.31409780  0.32505894  0.30008778  0.32709276  0.38841168  0.30726732  0.23633753  0.28349424  0.30026728  
13_0_0     0.30892674  0.30892674  0.35334779  0.34595096  0.34595096  0.34895780  0.33028289  0.33953228  0.31409780  0.00000000  0.00000000  0.00000000  0.19250455  0.19357717  0.17943110  0.51325170  0.41494529  0.43991597  0.45142189  0.40692087  
9_0_0      0.30892674  0.30892674  0.35334779  0.34595096  0.34595096  0.34895780  0.33028289  0.33953228  0.31409780  0.00000000  0.00000000  0.00000000  0.19250455  0.19357717  0.17943110  0.51325170  0.41494529  0.43991597  0.45142189  0.40692087  
7_0_0      0.30892674  0.30892674  0.35334779  0.34595096  0.34595096  0.34895780  0.33028289  0.33953228  0.31409780  0.00000000  0.00000000  0.00000000  0.19250455  0.19357717  0.17943110  0.51325170  0.41494529  0.43991597  0.45142189  0.40692087  
18_0_0     0.33862670  0.33862670  0.34595096  0.33862670  0.33862670  0.34159795  0.34159795  0.33226044  0.32505894  0.19250455  0.19250455  0.19250455  0.00000000  0.01992357  0.11477974  0.46791066  0.38608597  0.42049825  0.42049825  0.49130244  
8_0_0      0.31286444  0.31286444  0.31994466  0.31286444  0.31286444  0.31597754  0.31597754  0.30705975  0.30008778  0.19357717  0.19357717  0.19357717  0.01992357  0.00000000  0.10318180  0.43682133  0.37836161  0.39112595  0.39112595  0.45794903  
19_0_0     0.34089435  0.34089435  0.32919754  0.32203251  0.32203251  0.32505894  0.32505894  0.31597754  0.32709276  0.17943110  0.17943110  0.17943110  0.11477974  0.10318180  0.00000000  0.42595340  0.36836500  0.38081595  0.38081595  0.47001896  
16_0_0     0.34494373  0.36343188  0.38063627  0.37294153  0.37294153  0.38648059  0.39626949  0.38648059  0.38841168  0.51325170  0.51325170  0.51325170  0.46791066  0.43682133  0.42595340  0.00000000  0.21270299  0.19945828  0.23532565  0.50337941  
6_0_0      0.32837721  0.34687585  0.30887186  0.30186427  0.30186427  0.32308976  0.33200267  0.32308976  0.30726732  0.41494529  0.41494529  0.41494529  0.38608597  0.37836161  0.36836500  0.21270299  0.00000000  0.06787211  0.09666450  0.37148374  
14_0_0     0.26996717  0.28646351  0.26858780  0.26192069  0.26192069  0.26601687  0.27399652  0.26601687  0.23633753  0.43991597  0.43991597  0.43991597  0.42049825  0.39112595  0.38081595  0.19945828  0.06787211  0.00000000  0.07960011  0.30026728  
15_0_0     0.28646351  0.30352864  0.28494645  0.27814662  0.27814662  0.29873763  0.30726732  0.29873763  0.28349424  0.45142189  0.45142189  0.45142189  0.42049825  0.39112595  0.38081595  0.23532565  0.09666450  0.07960011  0.00000000  0.38369050  
20_0_0     0.31228702  0.33028289  0.31938085  0.31228702  0.31228702  0.34293666  0.34293666  0.35227061  0.30026728  0.40692087  0.40692087  0.40692087  0.49130244  0.45794903  0.47001896  0.50337941  0.37148374  0.30026728  0.38369050  0.00000000  

