7
92_14_0    0.00000000  0.01852522  0.06366676  0.07034904  0.06366676  0.30588317  0.29667935  
9_14_0     0.01852522  0.00000000  0.05704495  0.06366676  0.05704495  0.29667935  0.28758986  
92_15_0    0.06366676  0.05704495  0.00000000  0.00612311  0.00000000  0.26974274  0.27861189  
92_17_0    0.07034904  0.06366676  0.00612311  0.00000000  0.00612311  0.27861189  0.28758986  
9_15_0     0.06366676  0.05704495  0.00000000  0.00612311  0.00000000  0.26974274  0.27861189  
9_13_0     0.30588317  0.29667935  0.26974274  0.27861189  0.26974274  0.00000000  0.00612311  
92_13_0    0.29667935  0.28758986  0.27861189  0.28758986  0.27861189  0.00612311  0.00000000  

