11
93_27_0    0.00000000  0.26144949  0.25142108  0.37576496  0.36409320  0.34692014  0.33568667  0.35832492  0.34128232  0.38166987  0.38762177  
93_26_0    0.26144949  0.00000000  0.06308567  0.32461944  0.31371359  0.37576496  0.38762177  0.39966959  0.39362142  0.35832492  0.37576496  
93_28_0    0.25142108  0.06308567  0.00000000  0.37576496  0.36409320  0.36409320  0.36409320  0.38166987  0.38166987  0.36409320  0.38166987  
96_14_0    0.37576496  0.32461944  0.37576496  0.00000000  0.03646173  0.28712509  0.27674884  0.28712509  0.29764733  0.25142108  0.26651458  
96_13_0    0.36409320  0.31371359  0.36409320  0.03646173  0.00000000  0.27674884  0.26651458  0.27674884  0.28712509  0.25142108  0.26651458  
77_4_0     0.34692014  0.37576496  0.36409320  0.28712509  0.27674884  0.00000000  0.02166305  0.03273452  0.13624479  0.15352216  0.16674727  
77_12_0    0.33568667  0.38762177  0.36409320  0.27674884  0.26651458  0.02166305  0.00000000  0.03273452  0.12775352  0.15352216  0.15790460  
97_11_0    0.35832492  0.39966959  0.38166987  0.28712509  0.27674884  0.03273452  0.03273452  0.00000000  0.14052686  0.14916526  0.16231287  
77_9_0     0.34128232  0.39362142  0.38166987  0.29764733  0.28712509  0.13624479  0.12775352  0.14052686  0.00000000  0.18475259  0.18932248  
89_8_0     0.38166987  0.35832492  0.36409320  0.25142108  0.25142108  0.15352216  0.15352216  0.14916526  0.18475259  0.00000000  0.01437209  
92_8_0     0.38762177  0.37576496  0.38166987  0.26651458  0.26651458  0.16674727  0.15790460  0.16231287  0.18932248  0.01437209  0.00000000  

