20
3_0_0      0.00000000  0.15406171  0.13866986  0.32838547  0.29012122  0.35842467  0.26265443  0.43359284  0.44497498  0.43359284  0.44497498  0.43359284  0.44497498  0.43359284  0.38972003  0.33826518  0.31863446  0.34827706  0.33826518  0.33826518  
2_0_0      0.15406171  0.00000000  0.02575451  0.33826518  0.29950546  0.33826518  0.30900885  0.43359284  0.45653287  0.41133503  0.52989947  0.43359284  0.43359284  0.44497498  0.43359284  0.40044951  0.36871175  0.37914218  0.43359284  0.43359284  
1_0_0      0.13866986  0.02575451  0.00000000  0.31863446  0.28085318  0.35842467  0.30900885  0.41133503  0.45653287  0.41133503  0.50463641  0.45653287  0.43359284  0.44497498  0.43359284  0.40044951  0.36871175  0.40044951  0.43359284  0.43359284  
10_0_0     0.32838547  0.33826518  0.31863446  0.00000000  0.02575451  0.08008493  0.13109102  0.36871175  0.37914218  0.37914218  0.41133503  0.42238120  0.41133503  0.42238120  0.37914218  0.35842467  0.34827706  0.34827706  0.37914218  0.37914218  
12_0_0     0.29012122  0.29950546  0.28085318  0.02575451  0.00000000  0.09430690  0.14632622  0.35842467  0.34827706  0.34827706  0.40044951  0.41133503  0.37914218  0.38972003  0.36871175  0.38972003  0.37914218  0.37914218  0.41133503  0.41133503  
13_0_0     0.35842467  0.33826518  0.35842467  0.08008493  0.09430690  0.00000000  0.13109102  0.43359284  0.44497498  0.42238120  0.45653287  0.44497498  0.45653287  0.46827205  0.42238120  0.36871175  0.35842467  0.35842467  0.36871175  0.36871175  
4_0_0      0.26265443  0.30900885  0.30900885  0.13109102  0.14632622  0.13109102  0.00000000  0.42238120  0.45653287  0.42238120  0.38972003  0.44497498  0.44497498  0.48019827  0.37914218  0.35842467  0.34827706  0.35842467  0.34827706  0.34827706  
16_0_0     0.43359284  0.43359284  0.41133503  0.36871175  0.35842467  0.43359284  0.42238120  0.00000000  0.05924616  0.05924616  0.11615976  0.09430690  0.07307401  0.11615976  0.08008493  0.36871175  0.33826518  0.36871175  0.40044951  0.40044951  
18_0_0     0.44497498  0.45653287  0.45653287  0.37914218  0.34827706  0.44497498  0.45653287  0.05924616  0.00000000  0.06612815  0.10880435  0.08716214  0.08008493  0.10880435  0.10152053  0.37914218  0.34827706  0.32838547  0.41133503  0.41133503  
7_0_0      0.43359284  0.41133503  0.41133503  0.37914218  0.34827706  0.42238120  0.42238120  0.05924616  0.06612815  0.00000000  0.13109102  0.07307401  0.06612815  0.09430690  0.08716214  0.42238120  0.36871175  0.37914218  0.41133503  0.41133503  
9_0_0      0.44497498  0.52989947  0.50463641  0.41133503  0.40044951  0.45653287  0.38972003  0.11615976  0.10880435  0.13109102  0.00000000  0.14632622  0.13866986  0.16977673  0.14632622  0.37914218  0.36871175  0.36871175  0.37914218  0.37914218  
19_0_0     0.43359284  0.43359284  0.45653287  0.42238120  0.41133503  0.44497498  0.44497498  0.09430690  0.08716214  0.07307401  0.14632622  0.00000000  0.04566914  0.07307401  0.03897188  0.37914218  0.32838547  0.34827706  0.38972003  0.38972003  
8_0_0      0.44497498  0.43359284  0.43359284  0.41133503  0.37914218  0.45653287  0.44497498  0.07307401  0.08008493  0.06612815  0.13866986  0.04566914  0.00000000  0.03897188  0.04566914  0.36871175  0.33826518  0.37914218  0.40044951  0.40044951  
20_0_0     0.43359284  0.44497498  0.44497498  0.42238120  0.38972003  0.46827205  0.48019827  0.11615976  0.10880435  0.09430690  0.16977673  0.07307401  0.03897188  0.00000000  0.07307401  0.37914218  0.34827706  0.38972003  0.41133503  0.41133503  
15_0_0     0.38972003  0.43359284  0.43359284  0.37914218  0.36871175  0.42238120  0.37914218  0.08008493  0.10152053  0.08716214  0.14632622  0.03897188  0.04566914  0.07307401  0.00000000  0.33826518  0.29012122  0.32838547  0.36871175  0.36871175  
5_0_0      0.33826518  0.40044951  0.40044951  0.35842467  0.38972003  0.36871175  0.35842467  0.36871175  0.37914218  0.42238120  0.37914218  0.37914218  0.36871175  0.37914218  0.33826518  0.00000000  0.03897188  0.09430690  0.06612815  0.06612815  
11_0_0     0.31863446  0.36871175  0.36871175  0.34827706  0.37914218  0.35842467  0.34827706  0.33826518  0.34827706  0.36871175  0.36871175  0.32838547  0.33826518  0.34827706  0.29012122  0.03897188  0.00000000  0.05242687  0.05242687  0.05242687  
6_0_0      0.34827706  0.37914218  0.40044951  0.34827706  0.37914218  0.35842467  0.35842467  0.36871175  0.32838547  0.37914218  0.36871175  0.34827706  0.37914218  0.38972003  0.32838547  0.09430690  0.05242687  0.00000000  0.10152053  0.10152053  
17_0_0     0.33826518  0.43359284  0.43359284  0.37914218  0.41133503  0.36871175  0.34827706  0.40044951  0.41133503  0.41133503  0.37914218  0.38972003  0.40044951  0.41133503  0.36871175  0.06612815  0.05242687  0.10152053  0.00000000  0.00000000  
14_0_0     0.33826518  0.43359284  0.43359284  0.37914218  0.41133503  0.36871175  0.34827706  0.40044951  0.41133503  0.41133503  0.37914218  0.38972003  0.40044951  0.41133503  0.36871175  0.06612815  0.05242687  0.10152053  0.00000000  0.00000000  

