family_064 : 0.235294
family_075 : 0.235294
family_054 : 0.235294
family_078 : 0.235294
family_056 : 0.235294
family_061 : 0.235294
family_012 : 0.294118
family_042 : 0.294118
family_052 : 0.294118
family_023 : 0.294118
family_035 : 0.294118
family_005 : 0.294118
family_030 : 0.294118
family_097 : 0.294118
family_066 : 0.294118
family_068 : 0.294118
family_011 : 0.352941
family_098 : 0.352941
family_089 : 0.352941
family_094 : 0.352941
family_079 : 0.352941
family_091 : 0.352941
family_038 : 0.352941
family_016 : 0.352941
family_046 : 0.352941
family_087 : 0.352941
family_070 : 0.352941
family_002 : 0.352941
family_037 : 0.352941
family_099 : 0.352941
family_084 : 0.352941
family_086 : 0.352941
family_065 : 0.352941
family_003 : 0.352941
family_076 : 0.352941
family_040 : 0.352941
family_051 : 0.352941
family_083 : 0.352941
family_090 : 0.411765
family_020 : 0.411765
family_031 : 0.411765
family_009 : 0.411765
family_043 : 0.411765
family_067 : 0.411765
family_048 : 0.411765
family_096 : 0.411765
family_081 : 0.411765
family_041 : 0.411765
family_088 : 0.411765
family_092 : 0.411765
family_001 : 0.411765
family_060 : 0.411765
family_049 : 0.411765
family_032 : 0.411765
family_022 : 0.411765
family_062 : 0.470588
family_073 : 0.470588
family_013 : 0.470588
family_059 : 0.470588
family_015 : 0.470588
family_074 : 0.470588
family_058 : 0.470588
family_018 : 0.470588
family_057 : 0.470588
family_025 : 0.470588
family_017 : 0.470588
family_033 : 0.529412
family_085 : 0.529412
family_027 : 0.529412
family_080 : 0.529412
family_034 : 0.529412
family_006 : 0.529412
family_014 : 0.529412
family_071 : 0.529412
family_050 : 0.529412
family_019 : 0.529412
family_093 : 0.529412
family_053 : 0.529412
family_069 : 0.529412
family_039 : 0.529412
family_036 : 0.529412
family_008 : 0.529412
family_047 : 0.588235
family_063 : 0.588235
family_007 : 0.588235
family_021 : 0.588235
family_082 : 0.588235
family_072 : 0.588235
family_077 : 0.588235
family_024 : 0.588235
family_004 : 0.647059
family_100 : 0.647059
family_045 : 0.647059
family_055 : 0.705882
family_010 : 0.705882
family_044 : 0.705882
family_095 : 0.764706
family_026 : 0.764706
family_028 : 0.764706
family_029 : 0.823529
