raxml.f81 : 0.02504444122314453
fastme.f81 : 0.32752251625061035
ba.exp : 0.8578948974609375
pipeline_ne14976684177860080345 : 2.9414892196655273
generax-spr-undateddtl-r5.f81 : 30.11156153678894
