fastme.f81 : 0.3195834159851074
ba.exp : 2.6390163898468018
pipeline_ne14976684177860080345 : 12.212355852127075
raxml.f81 : 20.06913924217224
generax-spr-undateddtl-r5.f81 : 30.11156153678894
