raxml.f81 : 0.00965610577774048
fastme.f81 : 0.26114835712623596
ba.exp : 0.8114326669530868
generax-spr-undateddtl-r5.f81 : 30.111724853515625
