fastme.f81 : 0.254189689419508
ba.exp : 2.575118881318569
raxml.f81 : 20.00627781876564
generax-spr-undateddtl-r5.f81 : 30.111724853515625
