179
16_0_0     0.00000000  0.01067730  0.18805123  0.16562006  0.16562006  0.16562006  0.17005228  0.17005228  0.16121421  0.17005228  0.26983743  0.26983743  0.27494159  0.25473266  0.25973343  0.26476820  0.28008117  0.29571741  0.28008117  0.29046857  0.29046857  0.29571741  0.28008117  0.26983743  0.27494159  0.28525666  0.23506049  0.22541692  0.25973343  0.26476820  0.28525666  0.25973343  0.24976542  0.32801640  0.32253448  0.31169086  0.34470989  0.35035906  0.35035906  0.36178831  0.35605164  0.29046857  0.30100371  0.28525666  0.28525666  0.29046857  0.27494159  0.32253448  0.24976542  0.27494159  0.26983743  0.30100371  0.30100371  0.26476820  0.29046857  0.31709283  0.29046857  0.28008117  0.26476820  0.28525666  0.28008117  0.28525666  0.28525666  0.28525666  0.29571741  0.31709283  0.30100371  0.27494159  0.30100371  0.30632801  0.30632801  0.29046857  0.29046857  0.30100371  0.29571741  0.28008117  0.29571741  0.28525666  0.29046857  0.30100371  0.30100371  0.31169086  0.30100371  0.30100371  0.30632801  0.30632801  0.30100371  0.31709283  0.32253448  0.31169086  0.31169086  0.29571741  0.29571741  0.28008117  0.28008117  0.29046857  0.26983743  0.26476820  0.25973343  0.26983743  0.27494159  0.28525666  0.28008117  0.29571741  0.26476820  0.26476820  0.30100371  0.32253448  0.32253448  0.30100371  0.30100371  0.27494159  0.27494159  0.28525666  0.29571741  0.30100371  0.33910349  0.33353920  0.31709283  0.33353920  0.33353920  0.23022301  0.23506049  0.23506049  0.23992976  0.24976542  0.23506049  0.27494159  0.23022301  0.26983743  0.28008117  0.23506049  0.24483126  0.24976542  0.23992976  0.25973343  0.25973343  0.26983743  0.25973343  0.25973343  0.26476820  0.26983743  0.25473266  0.28525666  0.31169086  0.32253448  0.31169086  0.27494159  0.27494159  0.28525666  0.28525666  0.29046857  0.28008117  0.28008117  0.32801640  0.30632801  0.33353920  0.30100371  0.30100371  0.29571741  0.28008117  0.28525666  0.27494159  0.28008117  0.29571741  0.28525666  0.29046857  0.29046857  0.29046857  0.27494159  0.28008117  0.27494159  0.31709283  0.29046857  0.28525666  0.26476820  0.25973343  0.27494159  0.25973343  
67_0_0     0.01067730  0.00000000  0.18805123  0.15683440  0.15683440  0.15683440  0.17005228  0.17005228  0.15248035  0.16121421  0.26476820  0.27494159  0.28008117  0.25973343  0.26476820  0.26983743  0.28008117  0.29571741  0.28008117  0.28008117  0.29046857  0.29571741  0.28525666  0.26983743  0.27494159  0.28525666  0.23022301  0.22541692  0.25973343  0.26476820  0.28525666  0.25973343  0.24976542  0.32801640  0.32253448  0.30632801  0.33910349  0.35035906  0.35035906  0.36178831  0.35605164  0.28525666  0.31709283  0.30100371  0.26983743  0.27494159  0.28008117  0.32801640  0.23992976  0.27494159  0.25973343  0.30632801  0.29571741  0.27494159  0.28525666  0.31169086  0.28525666  0.28008117  0.26983743  0.29046857  0.28525666  0.28525666  0.28525666  0.28525666  0.30632801  0.32801640  0.31169086  0.28008117  0.30100371  0.32253448  0.32253448  0.29571741  0.29571741  0.30632801  0.29046857  0.27494159  0.29046857  0.28008117  0.28525666  0.30632801  0.30632801  0.31709283  0.30632801  0.29571741  0.31169086  0.31169086  0.30632801  0.31709283  0.32253448  0.31709283  0.30632801  0.29046857  0.29046857  0.28525666  0.27494159  0.28525666  0.28008117  0.27494159  0.25973343  0.26983743  0.27494159  0.28525666  0.27494159  0.29046857  0.25473266  0.25473266  0.29571741  0.31169086  0.31169086  0.29571741  0.29571741  0.26983743  0.26983743  0.28008117  0.30100371  0.30632801  0.33353920  0.32801640  0.32253448  0.32801640  0.32801640  0.23506049  0.23022301  0.23022301  0.24483126  0.23992976  0.23992976  0.27494159  0.22541692  0.26476820  0.28525666  0.24483126  0.24976542  0.24483126  0.24483126  0.26476820  0.26476820  0.26476820  0.26476820  0.26476820  0.25973343  0.26476820  0.25973343  0.28525666  0.31709283  0.32253448  0.32253448  0.28008117  0.28525666  0.28525666  0.27494159  0.28008117  0.28008117  0.28008117  0.31709283  0.30632801  0.33353920  0.31169086  0.31169086  0.30632801  0.27494159  0.28008117  0.27494159  0.29046857  0.29571741  0.28525666  0.28525666  0.28525666  0.28525666  0.28008117  0.28525666  0.28008117  0.31169086  0.29046857  0.28525666  0.26983743  0.26476820  0.28525666  0.26476820  
30_0_0     0.18805123  0.18805123  0.00000000  0.05881134  0.05881134  0.05499561  0.04742262  0.04742262  0.04742262  0.04366496  0.30100371  0.30100371  0.29571741  0.29046857  0.29046857  0.30632801  0.30632801  0.31169086  0.30100371  0.29571741  0.31709283  0.32801640  0.31709283  0.31169086  0.30632801  0.29571741  0.27494159  0.25973343  0.28525666  0.27494159  0.26476820  0.29046857  0.26476820  0.31709283  0.31709283  0.33353920  0.34470989  0.35035906  0.33910349  0.35605164  0.34470989  0.28525666  0.29571741  0.30632801  0.30100371  0.30100371  0.26983743  0.26983743  0.26983743  0.28008117  0.28008117  0.29046857  0.30632801  0.33353920  0.30100371  0.30100371  0.26476820  0.27494159  0.30632801  0.33353920  0.32801640  0.32801640  0.32801640  0.31709283  0.32253448  0.32801640  0.32801640  0.31709283  0.32253448  0.32801640  0.32801640  0.31709283  0.31709283  0.35605164  0.28008117  0.28525666  0.29046857  0.28525666  0.28008117  0.28008117  0.28008117  0.36178831  0.35605164  0.31169086  0.32253448  0.33353920  0.33910349  0.32801640  0.32801640  0.33910349  0.33910349  0.27494159  0.27494159  0.27494159  0.29571741  0.28525666  0.26476820  0.26476820  0.26983743  0.28008117  0.26983743  0.26983743  0.29571741  0.30100371  0.26476820  0.26983743  0.30632801  0.30100371  0.30100371  0.31169086  0.31709283  0.27494159  0.27494159  0.30632801  0.31709283  0.32801640  0.28008117  0.28008117  0.26983743  0.28008117  0.28008117  0.22541692  0.20649848  0.20649848  0.25473266  0.24483126  0.23992976  0.28525666  0.22541692  0.23506049  0.25473266  0.24976542  0.23506049  0.24483126  0.24483126  0.25473266  0.23506049  0.23022301  0.22541692  0.28525666  0.28008117  0.29046857  0.26476820  0.28008117  0.28525666  0.29046857  0.30632801  0.26983743  0.26983743  0.25473266  0.25473266  0.26476820  0.26983743  0.28008117  0.28525666  0.30632801  0.30100371  0.30632801  0.31169086  0.31709283  0.26983743  0.27494159  0.27494159  0.28008117  0.29046857  0.27494159  0.26983743  0.26476820  0.26983743  0.26476820  0.26476820  0.26476820  0.27494159  0.30632801  0.30632801  0.28525666  0.29046857  0.29046857  0.29046857  
38_0_0     0.16562006  0.15683440  0.05881134  0.00000000  0.00710107  0.01788197  0.02515742  0.02515742  0.01788197  0.02151076  0.26983743  0.28008117  0.26476820  0.26476820  0.26983743  0.27494159  0.28525666  0.29046857  0.28008117  0.26476820  0.27494159  0.29571741  0.31709283  0.30100371  0.29571741  0.29046857  0.26476820  0.25473266  0.28008117  0.25973343  0.27494159  0.26983743  0.24976542  0.31169086  0.31169086  0.32253448  0.32253448  0.34470989  0.32801640  0.33910349  0.33910349  0.30100371  0.31169086  0.31169086  0.30632801  0.30632801  0.28525666  0.30632801  0.28008117  0.28525666  0.27494159  0.29046857  0.28008117  0.31709283  0.28525666  0.29571741  0.27494159  0.27494159  0.31169086  0.32253448  0.31709283  0.31169086  0.31169086  0.31169086  0.31169086  0.32801640  0.31709283  0.28008117  0.29046857  0.30632801  0.30632801  0.32801640  0.32801640  0.33910349  0.29571741  0.29046857  0.30632801  0.29046857  0.29571741  0.31709283  0.31709283  0.33910349  0.32801640  0.31709283  0.30632801  0.29571741  0.30100371  0.30632801  0.31709283  0.31709283  0.30100371  0.25973343  0.25973343  0.26476820  0.26476820  0.27494159  0.25973343  0.25973343  0.24483126  0.25473266  0.27494159  0.28525666  0.28525666  0.28008117  0.26983743  0.27494159  0.29046857  0.28525666  0.28525666  0.30100371  0.30632801  0.28525666  0.28525666  0.31169086  0.32253448  0.32253448  0.29046857  0.29046857  0.29571741  0.30100371  0.30100371  0.23992976  0.22064182  0.22064182  0.24483126  0.24976542  0.23506049  0.25973343  0.22064182  0.23022301  0.25973343  0.24976542  0.24483126  0.24976542  0.24483126  0.24483126  0.23022301  0.22541692  0.24483126  0.26476820  0.26983743  0.26476820  0.25973343  0.28008117  0.28525666  0.28008117  0.29571741  0.25973343  0.25973343  0.24483126  0.26476820  0.26476820  0.23992976  0.26983743  0.28008117  0.29571741  0.29571741  0.28525666  0.29046857  0.29571741  0.26983743  0.26476820  0.27494159  0.24976542  0.26983743  0.27494159  0.23992976  0.23506049  0.23992976  0.26476820  0.26983743  0.26476820  0.27494159  0.26983743  0.26983743  0.27494159  0.28008117  0.27494159  0.28008117  
45_0_0     0.16562006  0.15683440  0.05881134  0.00710107  0.00000000  0.01788197  0.02515742  0.02515742  0.01788197  0.02151076  0.28008117  0.29046857  0.27494159  0.26476820  0.26983743  0.28525666  0.28525666  0.29046857  0.28008117  0.26476820  0.28525666  0.30632801  0.31709283  0.30100371  0.29571741  0.29046857  0.26983743  0.25973343  0.29046857  0.26476820  0.28008117  0.27494159  0.25473266  0.32253448  0.32253448  0.32253448  0.33353920  0.34470989  0.32801640  0.35035906  0.33910349  0.30632801  0.31709283  0.31709283  0.31169086  0.31169086  0.29046857  0.31169086  0.29046857  0.29571741  0.28525666  0.29046857  0.29046857  0.32253448  0.29571741  0.30632801  0.27494159  0.28525666  0.32253448  0.33353920  0.32801640  0.31169086  0.31169086  0.31169086  0.32253448  0.33910349  0.32801640  0.28525666  0.29571741  0.31169086  0.31169086  0.33353920  0.33353920  0.34470989  0.29571741  0.29046857  0.30632801  0.30100371  0.30632801  0.31709283  0.31709283  0.35035906  0.33910349  0.31709283  0.30632801  0.29571741  0.30100371  0.31709283  0.31709283  0.32801640  0.31169086  0.26983743  0.26983743  0.27494159  0.27494159  0.28525666  0.26983743  0.26983743  0.25473266  0.26476820  0.28525666  0.29571741  0.29571741  0.29046857  0.26983743  0.27494159  0.30100371  0.29571741  0.29571741  0.30632801  0.31169086  0.29046857  0.29046857  0.31709283  0.32801640  0.32801640  0.29571741  0.29571741  0.30100371  0.30632801  0.30632801  0.23992976  0.22064182  0.22064182  0.25473266  0.25973343  0.23506049  0.26983743  0.23022301  0.23506049  0.26476820  0.24976542  0.25473266  0.25973343  0.25473266  0.25473266  0.23992976  0.23506049  0.24483126  0.26983743  0.27494159  0.26983743  0.26476820  0.28525666  0.29046857  0.28525666  0.30100371  0.26983743  0.26983743  0.25473266  0.26476820  0.26476820  0.23992976  0.26983743  0.29046857  0.30632801  0.30632801  0.29046857  0.29571741  0.30100371  0.27494159  0.26983743  0.28008117  0.25473266  0.27494159  0.28008117  0.24483126  0.23992976  0.24483126  0.26983743  0.27494159  0.26983743  0.28008117  0.27494159  0.27494159  0.26983743  0.27494159  0.26983743  0.27494159  
77_0_0     0.16562006  0.15683440  0.05499561  0.01788197  0.01788197  0.00000000  0.01427087  0.01427087  0.00710107  0.01067730  0.27494159  0.28525666  0.25973343  0.25973343  0.26476820  0.26983743  0.27494159  0.28008117  0.26983743  0.25473266  0.27494159  0.29571741  0.31169086  0.28525666  0.28008117  0.28525666  0.25973343  0.25973343  0.27494159  0.26983743  0.27494159  0.26983743  0.24976542  0.31709283  0.31709283  0.31709283  0.32801640  0.33353920  0.32253448  0.33910349  0.33910349  0.30100371  0.31169086  0.31169086  0.30632801  0.30632801  0.28525666  0.30632801  0.28525666  0.28008117  0.27494159  0.29571741  0.29571741  0.31169086  0.29571741  0.30632801  0.26476820  0.27494159  0.30100371  0.32801640  0.32253448  0.31169086  0.31169086  0.31169086  0.31709283  0.33353920  0.32253448  0.28008117  0.28525666  0.30100371  0.30100371  0.32253448  0.32253448  0.33353920  0.29046857  0.29571741  0.30100371  0.29571741  0.30100371  0.30100371  0.30100371  0.35605164  0.34470989  0.32253448  0.31169086  0.30632801  0.30100371  0.32801640  0.31709283  0.32801640  0.32801640  0.25473266  0.25473266  0.28008117  0.26983743  0.28008117  0.25973343  0.25973343  0.24483126  0.25473266  0.28525666  0.29571741  0.28525666  0.28525666  0.25973343  0.26476820  0.29046857  0.29571741  0.29571741  0.30632801  0.30100371  0.28525666  0.28525666  0.30100371  0.31709283  0.30632801  0.28008117  0.28008117  0.28525666  0.28008117  0.28008117  0.22541692  0.20649848  0.20649848  0.24976542  0.23992976  0.23506049  0.27494159  0.21589730  0.23506049  0.25473266  0.23992976  0.24483126  0.24976542  0.24483126  0.24483126  0.22541692  0.22064182  0.22541692  0.26983743  0.27494159  0.26983743  0.26476820  0.28525666  0.26476820  0.28008117  0.28525666  0.26983743  0.26983743  0.23992976  0.24976542  0.24976542  0.23506049  0.26476820  0.27494159  0.29046857  0.29046857  0.29571741  0.30100371  0.30632801  0.26983743  0.26476820  0.27494159  0.26476820  0.29046857  0.28525666  0.25973343  0.25473266  0.25973343  0.26476820  0.26983743  0.26476820  0.27494159  0.29046857  0.29046857  0.28008117  0.28525666  0.28008117  0.28525666  
60_0_0     0.17005228  0.17005228  0.04742262  0.02515742  0.02515742  0.01427087  0.00000000  0.00000000  0.01427087  0.01788197  0.27494159  0.28525666  0.26983743  0.27494159  0.27494159  0.28008117  0.27494159  0.28008117  0.26983743  0.26476820  0.27494159  0.29571741  0.29571741  0.28008117  0.27494159  0.28525666  0.26476820  0.24976542  0.27494159  0.27494159  0.25973343  0.27494159  0.24483126  0.32253448  0.31169086  0.32253448  0.33353920  0.34470989  0.32253448  0.35035906  0.33910349  0.29571741  0.30632801  0.30632801  0.31169086  0.31169086  0.28008117  0.30632801  0.28525666  0.28008117  0.26983743  0.28525666  0.28525666  0.31709283  0.30100371  0.30632801  0.25973343  0.26983743  0.30632801  0.32253448  0.31709283  0.30632801  0.30632801  0.29571741  0.30632801  0.32253448  0.31169086  0.28525666  0.30632801  0.31169086  0.31169086  0.31169086  0.31169086  0.33353920  0.29046857  0.29571741  0.30100371  0.31169086  0.30632801  0.30100371  0.30100371  0.36178831  0.35605164  0.32253448  0.31169086  0.31169086  0.31709283  0.32253448  0.32253448  0.34470989  0.33353920  0.24976542  0.24976542  0.27494159  0.28525666  0.29571741  0.24976542  0.24976542  0.24483126  0.25473266  0.27494159  0.28525666  0.29571741  0.29046857  0.25973343  0.26476820  0.29046857  0.30632801  0.30632801  0.30100371  0.30632801  0.28008117  0.28008117  0.30632801  0.31169086  0.31169086  0.28525666  0.28525666  0.27494159  0.29571741  0.29571741  0.22064182  0.21118298  0.21118298  0.24483126  0.24483126  0.23022301  0.27494159  0.22064182  0.23992976  0.24976542  0.23506049  0.23992976  0.25473266  0.23992976  0.23992976  0.22064182  0.22541692  0.22541692  0.26476820  0.28008117  0.27494159  0.25973343  0.28008117  0.25973343  0.27494159  0.28008117  0.26983743  0.26476820  0.23992976  0.24976542  0.24976542  0.24483126  0.27494159  0.28008117  0.29571741  0.29571741  0.29046857  0.29571741  0.30100371  0.27494159  0.26983743  0.28008117  0.25473266  0.28008117  0.27494159  0.25973343  0.25473266  0.25973343  0.25973343  0.26476820  0.25973343  0.28008117  0.28525666  0.28008117  0.26983743  0.27494159  0.26983743  0.27494159  
86_0_0     0.17005228  0.17005228  0.04742262  0.02515742  0.02515742  0.01427087  0.00000000  0.00000000  0.01427087  0.01788197  0.27494159  0.28525666  0.26983743  0.27494159  0.27494159  0.28008117  0.27494159  0.28008117  0.26983743  0.26476820  0.27494159  0.29571741  0.29571741  0.28008117  0.27494159  0.28525666  0.26476820  0.24976542  0.27494159  0.27494159  0.25973343  0.27494159  0.24483126  0.32253448  0.31169086  0.32253448  0.33353920  0.34470989  0.32253448  0.35035906  0.33910349  0.29571741  0.30632801  0.30632801  0.31169086  0.31169086  0.28008117  0.30632801  0.28525666  0.28008117  0.26983743  0.28525666  0.28525666  0.31709283  0.30100371  0.30632801  0.25973343  0.26983743  0.30632801  0.32253448  0.31709283  0.30632801  0.30632801  0.29571741  0.30632801  0.32253448  0.31169086  0.28525666  0.30632801  0.31169086  0.31169086  0.31169086  0.31169086  0.33353920  0.29046857  0.29571741  0.30100371  0.31169086  0.30632801  0.30100371  0.30100371  0.36178831  0.35605164  0.32253448  0.31169086  0.31169086  0.31709283  0.32253448  0.32253448  0.34470989  0.33353920  0.24976542  0.24976542  0.27494159  0.28525666  0.29571741  0.24976542  0.24976542  0.24483126  0.25473266  0.27494159  0.28525666  0.29571741  0.29046857  0.25973343  0.26476820  0.29046857  0.30632801  0.30632801  0.30100371  0.30632801  0.28008117  0.28008117  0.30632801  0.31169086  0.31169086  0.28525666  0.28525666  0.27494159  0.29571741  0.29571741  0.22064182  0.21118298  0.21118298  0.24483126  0.24483126  0.23022301  0.27494159  0.22064182  0.23992976  0.24976542  0.23506049  0.23992976  0.25473266  0.23992976  0.23992976  0.22064182  0.22541692  0.22541692  0.26476820  0.28008117  0.27494159  0.25973343  0.28008117  0.25973343  0.27494159  0.28008117  0.26983743  0.26476820  0.23992976  0.24976542  0.24976542  0.24483126  0.27494159  0.28008117  0.29571741  0.29571741  0.29046857  0.29571741  0.30100371  0.27494159  0.26983743  0.28008117  0.25473266  0.28008117  0.27494159  0.25973343  0.25473266  0.25973343  0.25973343  0.26476820  0.25973343  0.28008117  0.28525666  0.28008117  0.26983743  0.27494159  0.26983743  0.27494159  
52_0_0     0.16121421  0.15248035  0.04742262  0.01788197  0.01788197  0.00710107  0.01427087  0.01427087  0.00000000  0.01067730  0.26476820  0.27494159  0.25973343  0.25973343  0.26476820  0.26983743  0.26983743  0.27494159  0.26476820  0.25973343  0.28008117  0.30100371  0.31169086  0.28525666  0.28008117  0.29571741  0.25973343  0.25473266  0.27494159  0.25973343  0.26476820  0.26983743  0.24483126  0.31709283  0.31709283  0.31709283  0.32801640  0.33910349  0.31709283  0.34470989  0.33353920  0.29571741  0.30632801  0.30632801  0.30100371  0.30100371  0.28008117  0.30100371  0.28525666  0.27494159  0.26476820  0.30100371  0.30100371  0.32253448  0.28525666  0.29571741  0.26476820  0.27494159  0.30100371  0.32253448  0.31709283  0.30632801  0.30632801  0.30632801  0.31709283  0.33353920  0.32253448  0.28008117  0.29046857  0.30632801  0.30632801  0.32253448  0.32253448  0.33353920  0.29571741  0.30100371  0.30632801  0.29571741  0.30100371  0.29571741  0.29571741  0.35035906  0.33910349  0.32801640  0.31709283  0.30632801  0.31169086  0.31709283  0.32801640  0.32801640  0.32801640  0.26476820  0.26476820  0.27494159  0.27494159  0.27494159  0.26476820  0.26476820  0.24976542  0.25973343  0.28008117  0.29046857  0.28525666  0.29046857  0.25973343  0.26476820  0.29046857  0.29571741  0.29571741  0.30632801  0.31169086  0.27494159  0.27494159  0.29046857  0.30632801  0.31709283  0.28008117  0.28008117  0.27494159  0.28008117  0.28008117  0.22541692  0.20649848  0.20649848  0.24976542  0.24483126  0.23022301  0.27494159  0.21589730  0.23022301  0.25973343  0.24483126  0.23992976  0.24483126  0.23992976  0.24976542  0.22541692  0.22064182  0.23022301  0.27494159  0.26983743  0.27494159  0.25973343  0.28008117  0.26983743  0.27494159  0.29046857  0.26983743  0.26983743  0.23506049  0.24483126  0.24483126  0.23992976  0.25973343  0.26983743  0.29571741  0.29571741  0.29571741  0.30100371  0.30632801  0.26476820  0.26983743  0.26983743  0.26476820  0.28525666  0.28008117  0.25473266  0.24976542  0.25473266  0.25973343  0.26476820  0.25973343  0.28008117  0.28525666  0.28525666  0.27494159  0.28008117  0.28525666  0.28008117  
84_0_0     0.17005228  0.16121421  0.04366496  0.02151076  0.02151076  0.01067730  0.01788197  0.01788197  0.01067730  0.00000000  0.27494159  0.28525666  0.25973343  0.25473266  0.25473266  0.26983743  0.27494159  0.28008117  0.26983743  0.26476820  0.28525666  0.30632801  0.32253448  0.28525666  0.28008117  0.28525666  0.26476820  0.25973343  0.27494159  0.26476820  0.25973343  0.26476820  0.25973343  0.32253448  0.31169086  0.32253448  0.33353920  0.33910349  0.32801640  0.34470989  0.34470989  0.30100371  0.31169086  0.31169086  0.30632801  0.30632801  0.28525666  0.29571741  0.28008117  0.28008117  0.27494159  0.29571741  0.29571741  0.32253448  0.28525666  0.30632801  0.27494159  0.28525666  0.30100371  0.33910349  0.33353920  0.31709283  0.31709283  0.30632801  0.31169086  0.32801640  0.31709283  0.28525666  0.29046857  0.30632801  0.30632801  0.32253448  0.32253448  0.33353920  0.29571741  0.30100371  0.30632801  0.29046857  0.28525666  0.30632801  0.30632801  0.34470989  0.33910349  0.32801640  0.31709283  0.31169086  0.30632801  0.31169086  0.31169086  0.32253448  0.33353920  0.26476820  0.26476820  0.27494159  0.28525666  0.27494159  0.26983743  0.26983743  0.25473266  0.26476820  0.27494159  0.28525666  0.29046857  0.29046857  0.26476820  0.26983743  0.27494159  0.28008117  0.28008117  0.31709283  0.31169086  0.28525666  0.28525666  0.30100371  0.31169086  0.31169086  0.28008117  0.28008117  0.28525666  0.28008117  0.28008117  0.23022301  0.21118298  0.21118298  0.24483126  0.24483126  0.23022301  0.26983743  0.22064182  0.23506049  0.26476820  0.24976542  0.24483126  0.24976542  0.24483126  0.25473266  0.23022301  0.22541692  0.23022301  0.27494159  0.26983743  0.27494159  0.25973343  0.28008117  0.26476820  0.28008117  0.28525666  0.26476820  0.26476820  0.23992976  0.24976542  0.24976542  0.24483126  0.26476820  0.27494159  0.30100371  0.30100371  0.29046857  0.29571741  0.30100371  0.25973343  0.26476820  0.26476820  0.26476820  0.28525666  0.28008117  0.25473266  0.24976542  0.25473266  0.25473266  0.25973343  0.25473266  0.27494159  0.28525666  0.28008117  0.26983743  0.27494159  0.28008117  0.27494159  
68_0_0     0.26983743  0.26476820  0.30100371  0.26983743  0.28008117  0.27494159  0.27494159  0.27494159  0.26476820  0.27494159  0.00000000  0.01788197  0.01788197  0.02882212  0.02515742  0.01788197  0.07427392  0.07037790  0.08212796  0.08212796  0.07037790  0.08212796  0.08212796  0.05499561  0.05881134  0.12688019  0.15248035  0.16121421  0.20184342  0.17005228  0.16562006  0.18805123  0.21118298  0.27494159  0.29571741  0.28008117  0.28525666  0.28525666  0.27494159  0.28008117  0.28008117  0.26983743  0.28008117  0.25473266  0.25973343  0.25473266  0.26476820  0.29571741  0.23506049  0.23022301  0.22064182  0.26476820  0.25973343  0.24483126  0.22541692  0.24483126  0.23022301  0.21118298  0.23022301  0.26476820  0.26983743  0.29571741  0.29571741  0.29046857  0.25973343  0.26983743  0.26476820  0.28525666  0.26983743  0.25973343  0.25973343  0.30632801  0.30632801  0.29571741  0.26476820  0.25473266  0.25973343  0.24976542  0.24483126  0.28525666  0.28525666  0.23992976  0.23992976  0.24976542  0.24483126  0.23506049  0.23506049  0.23506049  0.28008117  0.24483126  0.23992976  0.24483126  0.24483126  0.24483126  0.24483126  0.23506049  0.22541692  0.22064182  0.22064182  0.22064182  0.23022301  0.23022301  0.22541692  0.24483126  0.23506049  0.23506049  0.25473266  0.28008117  0.28008117  0.25973343  0.26476820  0.24483126  0.24483126  0.24483126  0.24483126  0.26983743  0.24976542  0.24976542  0.23992976  0.23506049  0.23992976  0.23022301  0.22064182  0.22064182  0.21118298  0.19721743  0.19262015  0.24483126  0.22064182  0.23022301  0.23992976  0.24483126  0.21589730  0.21589730  0.21589730  0.22064182  0.24483126  0.24483126  0.24483126  0.23992976  0.23022301  0.23022301  0.24483126  0.25973343  0.24976542  0.23992976  0.23992976  0.19721743  0.19262015  0.21589730  0.22064182  0.21589730  0.23022301  0.23992976  0.23022301  0.23022301  0.23992976  0.22541692  0.23022301  0.22541692  0.22064182  0.21589730  0.21118298  0.22541692  0.25473266  0.23992976  0.23022301  0.23506049  0.23022301  0.23022301  0.23506049  0.23022301  0.23992976  0.23022301  0.21589730  0.24483126  0.24483126  0.26983743  0.24483126  
48_0_0     0.26983743  0.27494159  0.30100371  0.28008117  0.29046857  0.28525666  0.28525666  0.28525666  0.27494159  0.28525666  0.01788197  0.00000000  0.02882212  0.03992627  0.03620636  0.02882212  0.08212796  0.08608644  0.09006619  0.09006619  0.07819053  0.09406743  0.09406743  0.07427392  0.07819053  0.13108591  0.14384828  0.15248035  0.20649848  0.18351032  0.17899709  0.20184342  0.22064182  0.28008117  0.30632801  0.28525666  0.29046857  0.28525666  0.27494159  0.28008117  0.28008117  0.27494159  0.26983743  0.25473266  0.26476820  0.25973343  0.26476820  0.29571741  0.23506049  0.23022301  0.21589730  0.25473266  0.25973343  0.23506049  0.22541692  0.24483126  0.23506049  0.20649848  0.22541692  0.26476820  0.26983743  0.29046857  0.29046857  0.28525666  0.26476820  0.26476820  0.26983743  0.29571741  0.28525666  0.26983743  0.26983743  0.30100371  0.30100371  0.30632801  0.26983743  0.25973343  0.26476820  0.25473266  0.24976542  0.26983743  0.26983743  0.24976542  0.24976542  0.25973343  0.24483126  0.24483126  0.24483126  0.24483126  0.29046857  0.24483126  0.24976542  0.24483126  0.24483126  0.24483126  0.24483126  0.23022301  0.23022301  0.22064182  0.21118298  0.22064182  0.23506049  0.23506049  0.23506049  0.24483126  0.23506049  0.23506049  0.26983743  0.29571741  0.29571741  0.27494159  0.28008117  0.24976542  0.24976542  0.23992976  0.23992976  0.26476820  0.24483126  0.24483126  0.24976542  0.24483126  0.24976542  0.23022301  0.22064182  0.22064182  0.21118298  0.20649848  0.19721743  0.23992976  0.22064182  0.23022301  0.23992976  0.24976542  0.21589730  0.21589730  0.21589730  0.22064182  0.23506049  0.24483126  0.24483126  0.23992976  0.23022301  0.23022301  0.24483126  0.25973343  0.25973343  0.24483126  0.24483126  0.18805123  0.19262015  0.21118298  0.22541692  0.22541692  0.22541692  0.23022301  0.23506049  0.22541692  0.23506049  0.23022301  0.23506049  0.23022301  0.21589730  0.21118298  0.20184342  0.21589730  0.25473266  0.24483126  0.22541692  0.23022301  0.22541692  0.23506049  0.23992976  0.23506049  0.23992976  0.24483126  0.23022301  0.25473266  0.25473266  0.27494159  0.25473266  
91_0_0     0.27494159  0.28008117  0.29571741  0.26476820  0.27494159  0.25973343  0.26983743  0.26983743  0.25973343  0.25973343  0.01788197  0.02882212  0.00000000  0.03250504  0.02882212  0.02151076  0.07819053  0.07427392  0.08608644  0.08608644  0.07427392  0.08608644  0.09406743  0.06264683  0.06650228  0.13108591  0.16562006  0.17451118  0.19721743  0.17899709  0.17451118  0.18805123  0.22064182  0.28525666  0.30632801  0.29046857  0.28525666  0.28008117  0.28008117  0.27494159  0.28525666  0.26983743  0.26983743  0.25473266  0.26983743  0.26476820  0.26476820  0.29046857  0.24976542  0.24483126  0.23992976  0.26476820  0.25973343  0.24483126  0.22541692  0.25973343  0.25473266  0.23022301  0.23506049  0.26983743  0.27494159  0.31169086  0.31169086  0.30632801  0.26983743  0.28008117  0.27494159  0.28008117  0.25973343  0.24483126  0.24483126  0.31709283  0.31709283  0.29046857  0.26983743  0.25973343  0.26476820  0.25473266  0.24976542  0.28008117  0.28008117  0.24483126  0.24483126  0.26476820  0.24976542  0.24483126  0.23992976  0.25473266  0.28008117  0.24483126  0.25973343  0.24483126  0.24483126  0.25473266  0.25473266  0.24483126  0.23506049  0.23022301  0.23022301  0.23022301  0.23992976  0.23992976  0.23506049  0.23992976  0.24483126  0.24483126  0.25473266  0.27494159  0.27494159  0.26476820  0.25973343  0.25473266  0.25473266  0.25973343  0.25973343  0.27494159  0.24976542  0.24976542  0.23992976  0.22541692  0.23022301  0.22541692  0.21589730  0.21589730  0.22541692  0.19262015  0.20184342  0.24976542  0.21589730  0.22541692  0.23506049  0.24483126  0.21118298  0.21118298  0.22064182  0.22541692  0.24976542  0.23992976  0.24483126  0.24483126  0.23506049  0.23506049  0.24483126  0.25973343  0.23992976  0.23506049  0.22541692  0.19721743  0.19262015  0.21118298  0.22541692  0.22064182  0.23506049  0.23992976  0.23022301  0.23992976  0.23022301  0.22541692  0.23022301  0.22541692  0.22541692  0.22064182  0.21118298  0.23022301  0.26983743  0.24483126  0.23022301  0.23506049  0.23022301  0.23022301  0.23506049  0.23022301  0.23992976  0.23992976  0.23506049  0.25973343  0.25973343  0.25973343  0.25973343  
48_33_0    0.25473266  0.25973343  0.29046857  0.26476820  0.26476820  0.25973343  0.27494159  0.27494159  0.25973343  0.25473266  0.02882212  0.03992627  0.03250504  0.00000000  0.00354202  0.01788197  0.09006619  0.08608644  0.09809041  0.09809041  0.09406743  0.10213535  0.09809041  0.06650228  0.07037790  0.12688019  0.15683440  0.16121421  0.21589730  0.16121421  0.16121421  0.17005228  0.21589730  0.30632801  0.30100371  0.30100371  0.31709283  0.29571741  0.29571741  0.30100371  0.30100371  0.27494159  0.27494159  0.24976542  0.26476820  0.25973343  0.26983743  0.28525666  0.24483126  0.24976542  0.24976542  0.26476820  0.28008117  0.24976542  0.24483126  0.28008117  0.25473266  0.23992976  0.24483126  0.27494159  0.28008117  0.29046857  0.29046857  0.29046857  0.27494159  0.28525666  0.28008117  0.28008117  0.26983743  0.25973343  0.25973343  0.29571741  0.29571741  0.29046857  0.25973343  0.24976542  0.25473266  0.23992976  0.23992976  0.26476820  0.26476820  0.24483126  0.23506049  0.24483126  0.23022301  0.22541692  0.21589730  0.24976542  0.26476820  0.23506049  0.24976542  0.25973343  0.25973343  0.23022301  0.23992976  0.22064182  0.23022301  0.22541692  0.23022301  0.23022301  0.23022301  0.23022301  0.23992976  0.24483126  0.23022301  0.23506049  0.25473266  0.27494159  0.27494159  0.26476820  0.25973343  0.24976542  0.24976542  0.25473266  0.24976542  0.26476820  0.24483126  0.24483126  0.24976542  0.23506049  0.23992976  0.23992976  0.23022301  0.23022301  0.22064182  0.21589730  0.20184342  0.25473266  0.23992976  0.23506049  0.24483126  0.23992976  0.23506049  0.23506049  0.23506049  0.23992976  0.26476820  0.26476820  0.24976542  0.24483126  0.23506049  0.23506049  0.24976542  0.25973343  0.25973343  0.25473266  0.24483126  0.20649848  0.20184342  0.21589730  0.22064182  0.21589730  0.22541692  0.23506049  0.25473266  0.24483126  0.25473266  0.22541692  0.23022301  0.22541692  0.23022301  0.22541692  0.21589730  0.23506049  0.27494159  0.25973343  0.23506049  0.23992976  0.23506049  0.23506049  0.23992976  0.23506049  0.24483126  0.24976542  0.22541692  0.23992976  0.24483126  0.25973343  0.23992976  
68_33_0    0.25973343  0.26476820  0.29046857  0.26983743  0.26983743  0.26476820  0.27494159  0.27494159  0.26476820  0.25473266  0.02515742  0.03620636  0.02882212  0.00354202  0.00000000  0.01427087  0.08608644  0.08212796  0.09406743  0.09406743  0.09006619  0.10213535  0.09406743  0.06264683  0.06650228  0.12269821  0.15683440  0.16121421  0.21118298  0.16562006  0.16121421  0.17451118  0.22064182  0.30100371  0.30100371  0.29571741  0.31169086  0.29046857  0.29046857  0.29571741  0.29571741  0.27494159  0.27494159  0.24976542  0.26476820  0.25973343  0.26983743  0.28525666  0.23992976  0.24976542  0.24483126  0.25973343  0.27494159  0.24976542  0.23992976  0.27494159  0.24976542  0.23506049  0.23992976  0.28008117  0.28525666  0.29571741  0.29571741  0.29046857  0.27494159  0.28525666  0.28008117  0.28525666  0.27494159  0.26476820  0.26476820  0.29571741  0.29571741  0.29046857  0.26476820  0.25473266  0.25973343  0.24483126  0.23992976  0.26983743  0.26983743  0.23992976  0.23992976  0.24976542  0.23506049  0.23022301  0.22064182  0.24976542  0.26476820  0.23992976  0.25473266  0.25473266  0.25473266  0.23506049  0.24483126  0.22541692  0.22541692  0.22064182  0.22541692  0.22541692  0.22541692  0.22541692  0.23506049  0.23992976  0.22541692  0.23022301  0.25473266  0.27494159  0.27494159  0.25973343  0.25473266  0.24483126  0.24483126  0.24976542  0.24483126  0.25973343  0.23992976  0.23992976  0.24483126  0.23022301  0.23506049  0.23506049  0.22541692  0.22541692  0.21589730  0.21118298  0.19721743  0.24976542  0.23506049  0.23022301  0.23992976  0.23506049  0.23022301  0.23022301  0.23022301  0.23506049  0.25973343  0.25973343  0.24483126  0.24483126  0.23506049  0.23506049  0.24976542  0.25973343  0.25973343  0.25473266  0.24483126  0.20184342  0.19721743  0.21589730  0.22064182  0.21589730  0.22541692  0.23506049  0.25473266  0.24483126  0.25473266  0.22541692  0.23022301  0.22541692  0.22541692  0.22064182  0.21118298  0.23022301  0.26983743  0.25473266  0.23022301  0.23506049  0.23022301  0.23506049  0.23992976  0.23506049  0.24483126  0.24483126  0.22541692  0.23506049  0.23992976  0.25473266  0.23506049  
91_33_0    0.26476820  0.26983743  0.30632801  0.27494159  0.28525666  0.26983743  0.28008117  0.28008117  0.26983743  0.26983743  0.01788197  0.02882212  0.02151076  0.01788197  0.01427087  0.00000000  0.07819053  0.07427392  0.08608644  0.08608644  0.07427392  0.08608644  0.08608644  0.06264683  0.06650228  0.13108591  0.15683440  0.16562006  0.19721743  0.17451118  0.17005228  0.17451118  0.21118298  0.29046857  0.30100371  0.29571741  0.30100371  0.29046857  0.29046857  0.28525666  0.29571741  0.26476820  0.26476820  0.23992976  0.25473266  0.24976542  0.26983743  0.28525666  0.23506049  0.24483126  0.23992976  0.26476820  0.26983743  0.23992976  0.23992976  0.26983743  0.25473266  0.23022301  0.22541692  0.26983743  0.27494159  0.29046857  0.29046857  0.29571741  0.26983743  0.26983743  0.27494159  0.28525666  0.27494159  0.26476820  0.26476820  0.30100371  0.30100371  0.29571741  0.27494159  0.26476820  0.26983743  0.24976542  0.24483126  0.27494159  0.27494159  0.23506049  0.23506049  0.26476820  0.24976542  0.24483126  0.23506049  0.25473266  0.28008117  0.24483126  0.25973343  0.24483126  0.24483126  0.23022301  0.23022301  0.22064182  0.22064182  0.21589730  0.22064182  0.22064182  0.22064182  0.22064182  0.23022301  0.23506049  0.22064182  0.22541692  0.25473266  0.27494159  0.27494159  0.24976542  0.24483126  0.24483126  0.24483126  0.24976542  0.24976542  0.26476820  0.23506049  0.23506049  0.23506049  0.22064182  0.22541692  0.23506049  0.22541692  0.22541692  0.21589730  0.20184342  0.20649848  0.25473266  0.22541692  0.22541692  0.23506049  0.23506049  0.22064182  0.22064182  0.22064182  0.22541692  0.24976542  0.24976542  0.24483126  0.23992976  0.23022301  0.23022301  0.24483126  0.25473266  0.25973343  0.25473266  0.24483126  0.20649848  0.19262015  0.21118298  0.21589730  0.21118298  0.23022301  0.23992976  0.23992976  0.23022301  0.23992976  0.23506049  0.23992976  0.23506049  0.23022301  0.22541692  0.21589730  0.23506049  0.28008117  0.25473266  0.23992976  0.24483126  0.23992976  0.24483126  0.24976542  0.24483126  0.25473266  0.24976542  0.22064182  0.23992976  0.24483126  0.25973343  0.23992976  
71_0_0     0.28008117  0.28008117  0.30632801  0.28525666  0.28525666  0.27494159  0.27494159  0.27494159  0.26983743  0.27494159  0.07427392  0.08212796  0.07819053  0.09006619  0.08608644  0.07819053  0.00000000  0.01067730  0.01067730  0.01788197  0.01427087  0.03992627  0.06264683  0.03992627  0.03620636  0.14384828  0.17451118  0.19721743  0.19721743  0.20649848  0.20649848  0.21589730  0.22064182  0.30100371  0.32253448  0.29046857  0.30632801  0.30100371  0.29571741  0.31169086  0.30100371  0.24976542  0.25973343  0.25473266  0.26476820  0.26476820  0.26983743  0.29046857  0.26476820  0.27494159  0.26476820  0.28008117  0.27494159  0.28008117  0.26476820  0.28008117  0.26983743  0.26983743  0.26983743  0.28525666  0.29046857  0.29046857  0.29046857  0.29046857  0.27494159  0.27494159  0.27494159  0.28008117  0.26983743  0.28008117  0.27494159  0.29046857  0.29046857  0.30632801  0.24483126  0.25973343  0.24483126  0.29046857  0.28525666  0.26476820  0.26476820  0.23506049  0.23992976  0.25473266  0.24976542  0.23992976  0.24483126  0.23992976  0.26983743  0.25973343  0.25473266  0.24976542  0.24976542  0.25473266  0.25973343  0.25973343  0.25473266  0.24976542  0.23992976  0.24976542  0.25473266  0.25473266  0.24976542  0.27494159  0.24483126  0.24483126  0.26476820  0.30632801  0.30632801  0.26983743  0.26983743  0.27494159  0.27494159  0.27494159  0.27494159  0.29046857  0.26983743  0.26983743  0.25973343  0.24976542  0.25473266  0.23022301  0.22541692  0.22541692  0.23992976  0.22064182  0.23022301  0.28525666  0.23506049  0.23992976  0.23992976  0.24483126  0.22064182  0.23022301  0.22064182  0.22541692  0.23992976  0.24976542  0.23992976  0.24483126  0.23992976  0.23992976  0.23992976  0.26476820  0.27494159  0.26983743  0.27494159  0.24483126  0.23506049  0.23022301  0.21589730  0.21589730  0.24483126  0.25973343  0.24483126  0.26476820  0.24976542  0.25473266  0.25973343  0.25473266  0.23506049  0.23022301  0.22541692  0.23992976  0.29046857  0.26983743  0.25473266  0.25973343  0.25473266  0.23506049  0.23506049  0.23506049  0.27494159  0.25473266  0.24976542  0.24976542  0.24976542  0.25973343  0.24976542  
39_0_0     0.29571741  0.29571741  0.31169086  0.29046857  0.29046857  0.28008117  0.28008117  0.28008117  0.27494159  0.28008117  0.07037790  0.08608644  0.07427392  0.08608644  0.08212796  0.07427392  0.01067730  0.00000000  0.02151076  0.02882212  0.02515742  0.03620636  0.05881134  0.03620636  0.03250504  0.13956967  0.18805123  0.21118298  0.20184342  0.19262015  0.19262015  0.20184342  0.23022301  0.30100371  0.32253448  0.30100371  0.30632801  0.30100371  0.29571741  0.31169086  0.30100371  0.24976542  0.24976542  0.24483126  0.25473266  0.25473266  0.26983743  0.29046857  0.27494159  0.27494159  0.26476820  0.27494159  0.26983743  0.28008117  0.25473266  0.28008117  0.26983743  0.25973343  0.27494159  0.29046857  0.29571741  0.29571741  0.29571741  0.29571741  0.28008117  0.28008117  0.28008117  0.28525666  0.27494159  0.27494159  0.26983743  0.29571741  0.29571741  0.30100371  0.24483126  0.25973343  0.24483126  0.28008117  0.27494159  0.27494159  0.27494159  0.23506049  0.23992976  0.25473266  0.24976542  0.23992976  0.24483126  0.24976542  0.28008117  0.26983743  0.26476820  0.25973343  0.25973343  0.25473266  0.25973343  0.24976542  0.25473266  0.24976542  0.24976542  0.24976542  0.25473266  0.25473266  0.24976542  0.27494159  0.24976542  0.24976542  0.26476820  0.30100371  0.30100371  0.25973343  0.25973343  0.27494159  0.27494159  0.29046857  0.29046857  0.30632801  0.26983743  0.26983743  0.24976542  0.23992976  0.24483126  0.23022301  0.22541692  0.22541692  0.23992976  0.23022301  0.23992976  0.29571741  0.23506049  0.23992976  0.23992976  0.25473266  0.23022301  0.23022301  0.23022301  0.23506049  0.23992976  0.24483126  0.24976542  0.24976542  0.24483126  0.24483126  0.24483126  0.25973343  0.27494159  0.25973343  0.26476820  0.25473266  0.23506049  0.22064182  0.20184342  0.20184342  0.24483126  0.25973343  0.25473266  0.27494159  0.25973343  0.24483126  0.24976542  0.25473266  0.23506049  0.23022301  0.22541692  0.24976542  0.29046857  0.25973343  0.26476820  0.25973343  0.26476820  0.24483126  0.24483126  0.24483126  0.27494159  0.24483126  0.23992976  0.23992976  0.23992976  0.24976542  0.23992976  
