16
94_0_0     0.00000000  0.06844963  0.12046352  0.10522311  0.13602660  0.12820388  0.40906860  0.40906860  0.42055991  0.45615259  0.49355667  0.44409587  0.68206534  0.43223370  0.43223370  0.38661124  
99_0_0     0.06844963  0.00000000  0.07565864  0.06131064  0.09029226  0.08293903  0.42055991  0.42055991  0.43223370  0.44409587  0.54658695  0.49355667  0.68206534  0.49355667  0.49355667  0.43223370  
84_0_0     0.12046352  0.07565864  0.00000000  0.04030045  0.08293903  0.09029226  0.45615259  0.45615259  0.46841036  0.45615259  0.56046459  0.54658695  0.58903146  0.53296645  0.53296645  0.48087600  
86_0_0     0.10522311  0.06131064  0.04030045  0.00000000  0.05424031  0.04723734  0.40906860  0.40906860  0.42055991  0.45615259  0.56046459  0.51959372  0.63407762  0.53296645  0.53296645  0.48087600  
82_0_0     0.13602660  0.09029226  0.08293903  0.05424031  0.00000000  0.02662001  0.45615259  0.45615259  0.46841036  0.48087600  0.56046459  0.54658695  0.69878356  0.53296645  0.53296645  0.48087600  
82_1_0     0.12820388  0.08293903  0.09029226  0.04723734  0.02662001  0.00000000  0.43223370  0.43223370  0.44409587  0.48087600  0.56046459  0.51959372  0.73340578  0.56046459  0.56046459  0.50645993  
88_0_0     0.40906860  0.42055991  0.45615259  0.40906860  0.45615259  0.43223370  0.00000000  0.00000000  0.01318951  0.06131064  0.23703249  0.25530336  0.56046459  0.38661124  0.38661124  0.40906860  
95_0_0     0.40906860  0.42055991  0.45615259  0.40906860  0.45615259  0.43223370  0.00000000  0.00000000  0.01318951  0.06131064  0.23703249  0.25530336  0.56046459  0.38661124  0.38661124  0.40906860  
91_0_0     0.42055991  0.43223370  0.46841036  0.42055991  0.46841036  0.44409587  0.01318951  0.01318951  0.00000000  0.06131064  0.25530336  0.27403994  0.58903146  0.38661124  0.38661124  0.40906860  
100_0_0    0.45615259  0.44409587  0.45615259  0.45615259  0.48087600  0.48087600  0.06131064  0.06131064  0.06131064  0.00000000  0.22806457  0.26461196  0.54658695  0.38661124  0.38661124  0.37563470  
80_0_0     0.49355667  0.54658695  0.56046459  0.56046459  0.56046459  0.56046459  0.23703249  0.23703249  0.25530336  0.22806457  0.00000000  0.02662001  0.49355667  0.38661124  0.38661124  0.36481965  
81_0_0     0.44409587  0.49355667  0.54658695  0.51959372  0.54658695  0.51959372  0.25530336  0.25530336  0.27403994  0.26461196  0.02662001  0.00000000  0.49355667  0.39775417  0.39775417  0.36481965  
93_0_0     0.68206534  0.68206534  0.58903146  0.63407762  0.69878356  0.73340578  0.56046459  0.56046459  0.58903146  0.54658695  0.49355667  0.49355667  0.00000000  0.54658695  0.54658695  0.45615259  
89_0_0     0.43223370  0.49355667  0.53296645  0.53296645  0.53296645  0.56046459  0.38661124  0.38661124  0.38661124  0.38661124  0.38661124  0.39775417  0.54658695  0.00000000  0.00000000  0.13602660  
92_0_0     0.43223370  0.49355667  0.53296645  0.53296645  0.53296645  0.56046459  0.38661124  0.38661124  0.38661124  0.38661124  0.38661124  0.39775417  0.54658695  0.00000000  0.00000000  0.13602660  
77_0_0     0.38661124  0.43223370  0.48087600  0.48087600  0.48087600  0.50645993  0.40906860  0.40906860  0.40906860  0.37563470  0.36481965  0.36481965  0.45615259  0.13602660  0.13602660  0.00000000  

