154
18_0_0     0.00000000  0.00470985  0.01902277  0.33991129  0.33991129  0.33250235  0.33250235  0.31790426  0.33250235  0.27576879  0.30358974  0.24240753  0.24896005  0.25557136  0.24896005  0.33250235  0.36259581  0.36259581  0.38600086  0.22947473  0.22309246  0.54458811  0.52518533  0.48784823  0.49700666  0.48784823  0.48784823  0.37031519  0.32516716  0.35495645  0.37031519  0.37031519  0.31790426  0.31790426  0.41017371  0.43516646  0.43516646  0.43516646  0.37031519  0.41841080  0.41017371  0.43516646  0.40202767  0.44368935  0.46103667  0.34739548  0.42674101  0.42674101  0.45231197  0.41841080  0.40202767  0.36259581  0.46986591  0.46986591  0.32516716  0.39397070  0.34739548  0.36259581  0.33991129  0.33991129  0.34739548  0.41841080  0.57468512  0.57468512  0.56451560  0.31071224  0.41017371  0.41017371  0.43516646  0.37031519  0.37811629  0.30358974  0.30358974  0.30358974  0.36259581  0.40202767  0.30358974  0.31071224  0.32516716  0.30358974  0.29653541  0.24896005  0.38600086  0.31790426  0.26897462  0.26897462  0.25557136  0.28954798  0.30358974  0.31071224  0.31071224  0.46103667  0.27576879  0.26897462  0.28262618  0.28954798  0.23591276  0.24240753  0.24240753  0.24240753  0.23591276  0.36259581  0.35495645  0.22947473  0.26224252  0.20427074  0.21676499  0.21676499  0.28262618  0.26897462  0.22309246  0.21676499  0.24240753  0.24240753  0.22309246  0.20427074  0.26224252  0.26224252  0.46986591  0.46103667  0.22947473  0.22947473  0.23591276  0.31071224  0.29653541  0.28954798  0.28262618  0.26897462  0.28954798  0.29653541  0.30358974  0.24240753  0.27576879  0.31790426  0.29653541  0.29653541  0.33250235  0.21676499  0.21676499  0.22309246  0.32516716  0.33991129  0.30358974  0.29653541  0.29653541  0.26224252  0.28262618  0.28954798  0.27576879  0.33991129  0.28262618  0.28262618  0.29653541  0.44368935  
17_0_0     0.00470985  0.00000000  0.01422084  0.33250235  0.33250235  0.32516716  0.32516716  0.31071224  0.32516716  0.26897462  0.29653541  0.23591276  0.24240753  0.24896005  0.24240753  0.32516716  0.35495645  0.35495645  0.37811629  0.22309246  0.21676499  0.53482287  0.51567222  0.47880222  0.48784823  0.47880222  0.47880222  0.36259581  0.31790426  0.34739548  0.36259581  0.36259581  0.31071224  0.31071224  0.40202767  0.42674101  0.42674101  0.42674101  0.37031519  0.41841080  0.41017371  0.42674101  0.39397070  0.43516646  0.45231197  0.33991129  0.42674101  0.42674101  0.45231197  0.41841080  0.40202767  0.37031519  0.46986591  0.46986591  0.33250235  0.38600086  0.33991129  0.35495645  0.33250235  0.33250235  0.33991129  0.41841080  0.56451560  0.56451560  0.55448450  0.30358974  0.40202767  0.40202767  0.42674101  0.36259581  0.37031519  0.29653541  0.29653541  0.29653541  0.35495645  0.39397070  0.29653541  0.30358974  0.31790426  0.29653541  0.28954798  0.24240753  0.38600086  0.31071224  0.26224252  0.26224252  0.24896005  0.28262618  0.29653541  0.30358974  0.30358974  0.45231197  0.26897462  0.26224252  0.27576879  0.28262618  0.22947473  0.23591276  0.23591276  0.23591276  0.22947473  0.35495645  0.34739548  0.22309246  0.25557136  0.19810217  0.21049139  0.21049139  0.27576879  0.26224252  0.22309246  0.21676499  0.23591276  0.23591276  0.21676499  0.19810217  0.25557136  0.25557136  0.46103667  0.45231197  0.22309246  0.22309246  0.22947473  0.30358974  0.28954798  0.28262618  0.27576879  0.26224252  0.28262618  0.28954798  0.29653541  0.23591276  0.26897462  0.31071224  0.28954798  0.28954798  0.32516716  0.21049139  0.21049139  0.21676499  0.31790426  0.33250235  0.29653541  0.28954798  0.28954798  0.25557136  0.27576879  0.28262618  0.26897462  0.33250235  0.27576879  0.27576879  0.28954798  0.43516646  
43_0_0     0.01902277  0.01422084  0.00000000  0.33991129  0.33991129  0.31790426  0.33250235  0.31790426  0.31790426  0.27576879  0.30358974  0.24240753  0.24896005  0.25557136  0.24896005  0.33250235  0.36259581  0.36259581  0.40202767  0.22947473  0.22309246  0.54458811  0.52518533  0.50628034  0.49700666  0.50628034  0.50628034  0.33991129  0.31071224  0.33991129  0.37031519  0.37031519  0.31071224  0.31071224  0.39397070  0.41841080  0.41841080  0.41841080  0.37811629  0.42674101  0.41841080  0.41841080  0.38600086  0.42674101  0.44368935  0.33250235  0.43516646  0.43516646  0.46103667  0.42674101  0.41017371  0.36259581  0.46103667  0.46103667  0.32516716  0.36259581  0.33250235  0.36259581  0.33991129  0.35495645  0.36259581  0.41017371  0.59545514  0.59545514  0.58499696  0.29653541  0.41017371  0.41017371  0.41841080  0.37031519  0.37811629  0.30358974  0.30358974  0.30358974  0.36259581  0.40202767  0.30358974  0.31071224  0.32516716  0.30358974  0.29653541  0.24896005  0.39397070  0.31790426  0.26897462  0.26897462  0.25557136  0.27576879  0.28954798  0.31071224  0.31071224  0.44368935  0.27576879  0.26897462  0.28262618  0.28954798  0.23591276  0.22947473  0.22947473  0.24240753  0.24896005  0.36259581  0.35495645  0.22947473  0.26224252  0.20427074  0.21676499  0.21676499  0.26897462  0.25557136  0.21676499  0.21049139  0.24240753  0.24240753  0.22309246  0.20427074  0.26224252  0.26224252  0.45231197  0.44368935  0.22947473  0.22947473  0.23591276  0.29653541  0.29653541  0.27576879  0.26897462  0.26897462  0.28954798  0.26897462  0.27576879  0.24240753  0.27576879  0.30358974  0.28262618  0.28262618  0.31790426  0.21676499  0.21676499  0.22309246  0.31071224  0.33991129  0.28954798  0.28262618  0.28262618  0.26224252  0.28262618  0.28954798  0.27576879  0.32516716  0.28262618  0.28262618  0.29653541  0.42674101  
20_0_0     0.33991129  0.33250235  0.33991129  0.00000000  0.00470985  0.33250235  0.34739548  0.36259581  0.31790426  0.32516716  0.33250235  0.31790426  0.32516716  0.31790426  0.33991129  0.33991129  0.40202767  0.40202767  0.46103667  0.29653541  0.32516716  0.48784823  0.47880222  0.49700666  0.50628034  0.49700666  0.49700666  0.42674101  0.41017371  0.41017371  0.40202767  0.33250235  0.28262618  0.36259581  0.48784823  0.47880222  0.47880222  0.47880222  0.48784823  0.51567222  0.53482287  0.46986591  0.46103667  0.46103667  0.46986591  0.41017371  0.42674101  0.42674101  0.47880222  0.46986591  0.45231197  0.44368935  0.47880222  0.47880222  0.42674101  0.43516646  0.38600086  0.43516646  0.41841080  0.41017371  0.41841080  0.41017371  0.57468512  0.57468512  0.55448450  0.37811629  0.42674101  0.42674101  0.34739548  0.37811629  0.39397070  0.40202767  0.38600086  0.38600086  0.41841080  0.45231197  0.38600086  0.39397070  0.36259581  0.38600086  0.37811629  0.30358974  0.43516646  0.36259581  0.36259581  0.33991129  0.33991129  0.35495645  0.34739548  0.34739548  0.34739548  0.44368935  0.33250235  0.31071224  0.31790426  0.31790426  0.29653541  0.28954798  0.30358974  0.27576879  0.26897462  0.45231197  0.46103667  0.33250235  0.36259581  0.31071224  0.32516716  0.32516716  0.38600086  0.37031519  0.33991129  0.34739548  0.34739548  0.34739548  0.33991129  0.31790426  0.35495645  0.33991129  0.52518533  0.54458811  0.31790426  0.31790426  0.32516716  0.37031519  0.33250235  0.40202767  0.40202767  0.33250235  0.35495645  0.41841080  0.41017371  0.33250235  0.33991129  0.36259581  0.34739548  0.33250235  0.43516646  0.37031519  0.37031519  0.38600086  0.38600086  0.39397070  0.35495645  0.33991129  0.33991129  0.34739548  0.31790426  0.32516716  0.31790426  0.40202767  0.37031519  0.37031519  0.35495645  0.49700666  
28_0_0     0.33991129  0.33250235  0.33991129  0.00470985  0.00000000  0.33250235  0.34739548  0.36259581  0.31790426  0.32516716  0.33250235  0.31790426  0.32516716  0.31790426  0.33991129  0.34739548  0.41017371  0.41017371  0.46986591  0.29653541  0.32516716  0.48784823  0.47880222  0.49700666  0.50628034  0.49700666  0.49700666  0.42674101  0.41017371  0.41017371  0.40202767  0.33991129  0.28954798  0.37031519  0.48784823  0.48784823  0.47880222  0.47880222  0.48784823  0.51567222  0.54458811  0.47880222  0.46986591  0.46986591  0.46986591  0.41017371  0.42674101  0.42674101  0.47880222  0.46986591  0.45231197  0.44368935  0.48784823  0.48784823  0.42674101  0.43516646  0.38600086  0.43516646  0.41841080  0.41017371  0.41841080  0.41017371  0.57468512  0.57468512  0.55448450  0.37811629  0.43516646  0.43516646  0.34739548  0.37811629  0.39397070  0.40202767  0.38600086  0.38600086  0.41841080  0.45231197  0.38600086  0.39397070  0.37031519  0.38600086  0.37811629  0.30358974  0.43516646  0.36259581  0.36259581  0.33991129  0.33991129  0.35495645  0.34739548  0.34739548  0.34739548  0.44368935  0.33250235  0.31071224  0.31790426  0.31790426  0.29653541  0.28954798  0.30358974  0.27576879  0.26897462  0.45231197  0.46103667  0.33250235  0.36259581  0.31071224  0.32516716  0.32516716  0.38600086  0.37031519  0.33991129  0.34739548  0.34739548  0.34739548  0.33991129  0.31790426  0.35495645  0.33991129  0.52518533  0.54458811  0.31790426  0.31790426  0.32516716  0.37031519  0.33250235  0.40202767  0.40202767  0.33250235  0.35495645  0.41841080  0.41017371  0.33250235  0.33991129  0.36259581  0.34739548  0.33250235  0.44368935  0.37031519  0.37031519  0.38600086  0.38600086  0.40202767  0.36259581  0.34739548  0.34739548  0.35495645  0.32516716  0.33250235  0.32516716  0.40202767  0.37031519  0.37031519  0.36259581  0.49700666  
61_0_0     0.33250235  0.32516716  0.31790426  0.33250235  0.33250235  0.00000000  0.04851057  0.04851057  0.00945000  0.24896005  0.24240753  0.19810217  0.19198480  0.19810217  0.19198480  0.33250235  0.33991129  0.33991129  0.38600086  0.17393161  0.19198480  0.43516646  0.44368935  0.47880222  0.46986591  0.46103667  0.46103667  0.43516646  0.36259581  0.37031519  0.37031519  0.31071224  0.40202767  0.40202767  0.41017371  0.43516646  0.41841080  0.41841080  0.58499696  0.59545514  0.58499696  0.38600086  0.36259581  0.36259581  0.38600086  0.28954798  0.46103667  0.46103667  0.47880222  0.42674101  0.42674101  0.35495645  0.41017371  0.41017371  0.32516716  0.37811629  0.30358974  0.37031519  0.38600086  0.36259581  0.37031519  0.39397070  0.54458811  0.54458811  0.54458811  0.32516716  0.36259581  0.36259581  0.40202767  0.39397070  0.40202767  0.30358974  0.28954798  0.28954798  0.34739548  0.38600086  0.33250235  0.33991129  0.31071224  0.28954798  0.29653541  0.27576879  0.41017371  0.34739548  0.25557136  0.24896005  0.24896005  0.28954798  0.26897462  0.26897462  0.26897462  0.43516646  0.28262618  0.27576879  0.25557136  0.26224252  0.24896005  0.24240753  0.25557136  0.26897462  0.26224252  0.37811629  0.38600086  0.24240753  0.31790426  0.24896005  0.26224252  0.26224252  0.35495645  0.33991129  0.24896005  0.24896005  0.24896005  0.24896005  0.22947473  0.19810217  0.20427074  0.20427074  0.47880222  0.51567222  0.23591276  0.23591276  0.21676499  0.23591276  0.21049139  0.31071224  0.31071224  0.24896005  0.24896005  0.32516716  0.32516716  0.24240753  0.24896005  0.32516716  0.32516716  0.33991129  0.30358974  0.27576879  0.27576879  0.27576879  0.32516716  0.28262618  0.24896005  0.28262618  0.28262618  0.31071224  0.31071224  0.31790426  0.28262618  0.30358974  0.26897462  0.26897462  0.31790426  0.39397070  
51_0_0     0.33250235  0.32516716  0.33250235  0.34739548  0.34739548  0.04851057  0.00000000  0.00945000  0.04851057  0.26224252  0.26897462  0.22309246  0.20427074  0.23591276  0.20427074  0.33250235  0.37031519  0.37031519  0.38600086  0.17393161  0.19198480  0.44368935  0.41841080  0.45231197  0.44368935  0.43516646  0.43516646  0.41841080  0.36259581  0.37031519  0.38600086  0.29653541  0.40202767  0.40202767  0.42674101  0.43516646  0.41841080  0.41841080  0.50628034  0.53482287  0.52518533  0.43516646  0.39397070  0.39397070  0.38600086  0.27576879  0.46986591  0.46986591  0.52518533  0.41017371  0.39397070  0.35495645  0.37811629  0.39397070  0.32516716  0.42674101  0.31790426  0.37031519  0.38600086  0.36259581  0.37031519  0.41017371  0.52518533  0.52518533  0.55448450  0.32516716  0.36259581  0.36259581  0.38600086  0.36259581  0.37031519  0.31071224  0.29653541  0.29653541  0.33991129  0.37031519  0.31071224  0.31790426  0.28954798  0.28954798  0.28262618  0.26224252  0.39397070  0.33250235  0.24240753  0.24896005  0.26224252  0.29653541  0.28954798  0.26224252  0.26224252  0.46103667  0.28262618  0.27576879  0.25557136  0.26224252  0.22309246  0.22947473  0.24240753  0.25557136  0.26224252  0.39397070  0.40202767  0.22947473  0.30358974  0.23591276  0.24896005  0.24896005  0.35495645  0.33991129  0.23591276  0.23591276  0.22309246  0.22309246  0.22947473  0.18591780  0.19198480  0.19198480  0.45231197  0.48784823  0.22309246  0.22309246  0.21676499  0.24896005  0.21049139  0.32516716  0.32516716  0.22309246  0.23591276  0.35495645  0.34739548  0.24896005  0.24896005  0.31790426  0.31790426  0.33250235  0.31790426  0.24896005  0.24896005  0.24896005  0.31071224  0.25557136  0.26224252  0.28262618  0.28262618  0.29653541  0.29653541  0.30358974  0.26897462  0.28954798  0.25557136  0.25557136  0.28954798  0.39397070  
21_0_0     0.31790426  0.31071224  0.31790426  0.36259581  0.36259581  0.04851057  0.00945000  0.00000000  0.04851057  0.24896005  0.26897462  0.22309246  0.20427074  0.23591276  0.20427074  0.33250235  0.35495645  0.35495645  0.37031519  0.17393161  0.19198480  0.44368935  0.41841080  0.45231197  0.44368935  0.43516646  0.43516646  0.41841080  0.36259581  0.35495645  0.38600086  0.29653541  0.38600086  0.40202767  0.41017371  0.43516646  0.41841080  0.41841080  0.50628034  0.51567222  0.50628034  0.43516646  0.39397070  0.39397070  0.40202767  0.28954798  0.48784823  0.48784823  0.52518533  0.39397070  0.41017371  0.37031519  0.39397070  0.41017371  0.33991129  0.42674101  0.33250235  0.37031519  0.40202767  0.37811629  0.38600086  0.41017371  0.53482287  0.53482287  0.56451560  0.33991129  0.36259581  0.36259581  0.38600086  0.36259581  0.37031519  0.29653541  0.28262618  0.28262618  0.32516716  0.35495645  0.31071224  0.31790426  0.28954798  0.27576879  0.26897462  0.26224252  0.40202767  0.33250235  0.24240753  0.24896005  0.24896005  0.29653541  0.30358974  0.27576879  0.27576879  0.44368935  0.28262618  0.27576879  0.25557136  0.26224252  0.22309246  0.22947473  0.24240753  0.25557136  0.26224252  0.37811629  0.38600086  0.22947473  0.28954798  0.23591276  0.24896005  0.24896005  0.35495645  0.33991129  0.23591276  0.23591276  0.22309246  0.22309246  0.22947473  0.18591780  0.19198480  0.19198480  0.46103667  0.49700666  0.22309246  0.22309246  0.21676499  0.23591276  0.21049139  0.32516716  0.32516716  0.22309246  0.23591276  0.33991129  0.33250235  0.23591276  0.23591276  0.30358974  0.30358974  0.31790426  0.31790426  0.26224252  0.26224252  0.26224252  0.32516716  0.25557136  0.26224252  0.28262618  0.28262618  0.29653541  0.29653541  0.30358974  0.26897462  0.27576879  0.24240753  0.24240753  0.28954798  0.39397070  
45_0_0     0.33250235  0.32516716  0.31790426  0.31790426  0.31790426  0.00945000  0.04851057  0.04851057  0.00000000  0.24896005  0.24240753  0.19810217  0.19198480  0.19810217  0.19198480  0.33250235  0.35495645  0.35495645  0.38600086  0.17393161  0.19198480  0.43516646  0.44368935  0.49700666  0.48784823  0.47880222  0.47880222  0.43516646  0.36259581  0.37031519  0.35495645  0.29653541  0.40202767  0.40202767  0.41841080  0.44368935  0.42674101  0.42674101  0.58499696  0.59545514  0.58499696  0.37031519  0.34739548  0.34739548  0.38600086  0.28954798  0.46103667  0.46103667  0.47880222  0.42674101  0.41017371  0.37031519  0.41017371  0.42674101  0.33991129  0.37811629  0.30358974  0.37031519  0.37031519  0.34739548  0.35495645  0.37811629  0.54458811  0.54458811  0.54458811  0.32516716  0.37811629  0.37811629  0.40202767  0.39397070  0.41841080  0.31790426  0.30358974  0.30358974  0.36259581  0.39397070  0.33250235  0.33991129  0.31071224  0.28954798  0.29653541  0.27576879  0.41017371  0.34739548  0.25557136  0.24896005  0.24896005  0.28954798  0.26897462  0.26897462  0.26897462  0.43516646  0.28262618  0.27576879  0.25557136  0.26224252  0.24896005  0.24240753  0.25557136  0.28262618  0.26224252  0.37811629  0.38600086  0.22947473  0.30358974  0.23591276  0.24896005  0.24896005  0.34739548  0.33250235  0.24896005  0.24896005  0.24896005  0.24896005  0.22947473  0.19810217  0.20427074  0.20427074  0.47880222  0.51567222  0.23591276  0.23591276  0.21676499  0.22309246  0.21049139  0.31071224  0.31071224  0.24896005  0.24896005  0.32516716  0.32516716  0.24240753  0.24896005  0.32516716  0.32516716  0.33991129  0.28954798  0.27576879  0.27576879  0.27576879  0.32516716  0.28262618  0.24896005  0.28262618  0.28262618  0.31071224  0.31071224  0.31790426  0.28262618  0.30358974  0.26897462  0.26897462  0.31790426  0.39397070  
50_0_0     0.27576879  0.26897462  0.27576879  0.32516716  0.32516716  0.24896005  0.26224252  0.24896005  0.24896005  0.00000000  0.16801084  0.14479230  0.15052871  0.16801084  0.17990033  0.24896005  0.33991129  0.33991129  0.37031519  0.17990033  0.17990033  0.44368935  0.43516646  0.42674101  0.41841080  0.40202767  0.40202767  0.41841080  0.37031519  0.36259581  0.31790426  0.30358974  0.31790426  0.33250235  0.40202767  0.44368935  0.42674101  0.42674101  0.44368935  0.45231197  0.46986591  0.46103667  0.37811629  0.37811629  0.43516646  0.31071224  0.37811629  0.37811629  0.39397070  0.36259581  0.38600086  0.34739548  0.39397070  0.39397070  0.34739548  0.31790426  0.26224252  0.32516716  0.31071224  0.28954798  0.28262618  0.37811629  0.53482287  0.53482287  0.54458811  0.29653541  0.39397070  0.39397070  0.37811629  0.37031519  0.41017371  0.30358974  0.29653541  0.29653541  0.27576879  0.35495645  0.28262618  0.27576879  0.23591276  0.26224252  0.26897462  0.23591276  0.33991129  0.22309246  0.22947473  0.23591276  0.23591276  0.25557136  0.23591276  0.23591276  0.23591276  0.40202767  0.23591276  0.22947473  0.21049139  0.20427074  0.24240753  0.24896005  0.24240753  0.27576879  0.28262618  0.33991129  0.34739548  0.26897462  0.24896005  0.23591276  0.24896005  0.24896005  0.29653541  0.28262618  0.22947473  0.22309246  0.28262618  0.28262618  0.21676499  0.17990033  0.23591276  0.22309246  0.54458811  0.52518533  0.24240753  0.24240753  0.23591276  0.28954798  0.27576879  0.27576879  0.27576879  0.22309246  0.24240753  0.28262618  0.28262618  0.25557136  0.26224252  0.28954798  0.30358974  0.30358974  0.38600086  0.26224252  0.26224252  0.27576879  0.31071224  0.26897462  0.24896005  0.28262618  0.28262618  0.24240753  0.26224252  0.26897462  0.24240753  0.23591276  0.22309246  0.22309246  0.25557136  0.37811629  
47_0_0     0.30358974  0.29653541  0.30358974  0.33250235  0.33250235  0.24240753  0.26897462  0.26897462  0.24240753  0.16801084  0.00000000  0.08447403  0.08975799  0.12784621  0.10044096  0.26897462  0.34739548  0.34739548  0.38600086  0.15631013  0.16213726  0.44368935  0.43516646  0.43516646  0.41017371  0.40202767  0.40202767  0.43516646  0.38600086  0.38600086  0.31790426  0.28954798  0.34739548  0.33991129  0.49700666  0.50628034  0.50628034  0.50628034  0.45231197  0.50628034  0.49700666  0.39397070  0.38600086  0.38600086  0.40202767  0.31071224  0.35495645  0.35495645  0.35495645  0.39397070  0.41017371  0.33991129  0.40202767  0.40202767  0.33250235  0.32516716  0.26224252  0.33991129  0.33991129  0.30358974  0.29653541  0.41017371  0.56451560  0.56451560  0.56451560  0.29653541  0.37031519  0.37031519  0.34739548  0.36259581  0.41841080  0.29653541  0.29653541  0.29653541  0.28954798  0.32516716  0.26224252  0.25557136  0.25557136  0.21676499  0.22309246  0.17990033  0.30358974  0.21676499  0.21049139  0.20427074  0.20427074  0.21049139  0.18591780  0.22309246  0.22309246  0.37811629  0.17990033  0.17990033  0.16801084  0.16213726  0.20427074  0.22309246  0.19810217  0.24896005  0.24240753  0.28954798  0.29653541  0.25557136  0.27576879  0.25557136  0.26897462  0.26897462  0.29653541  0.28262618  0.17990033  0.17393161  0.23591276  0.23591276  0.19810217  0.20427074  0.23591276  0.22309246  0.49700666  0.51567222  0.23591276  0.23591276  0.21676499  0.29653541  0.24240753  0.26897462  0.26897462  0.22947473  0.25557136  0.30358974  0.30358974  0.26224252  0.26897462  0.28262618  0.26224252  0.27576879  0.37811629  0.26224252  0.26224252  0.28954798  0.33991129  0.23591276  0.22947473  0.26224252  0.26224252  0.24896005  0.24896005  0.25557136  0.22309246  0.22947473  0.24240753  0.24240753  0.24240753  0.37031519  
23_0_0     0.24240753  0.23591276  0.24240753  0.31790426  0.31790426  0.19810217  0.22309246  0.22309246  0.19810217  0.14479230  0.08447403  0.00000000  0.01422084  0.06370909  0.04351327  0.24896005  0.32516716  0.32516716  0.37811629  0.11676151  0.13345172  0.46103667  0.45231197  0.40202767  0.37811629  0.38600086  0.38600086  0.39397070  0.34739548  0.36259581  0.31790426  0.28262618  0.29653541  0.24896005  0.45231197  0.46103667  0.46103667  0.46103667  0.46103667  0.53482287  0.53482287  0.40202767  0.37811629  0.39397070  0.39397070  0.27576879  0.37031519  0.37031519  0.37031519  0.37031519  0.37031519  0.27576879  0.38600086  0.38600086  0.26897462  0.31790426  0.25557136  0.31790426  0.33250235  0.29653541  0.28954798  0.43516646  0.50628034  0.50628034  0.50628034  0.26224252  0.36259581  0.36259581  0.35495645  0.35495645  0.37811629  0.28954798  0.27576879  0.27576879  0.28262618  0.31790426  0.24240753  0.23591276  0.22309246  0.23591276  0.24240753  0.17393161  0.28954798  0.19810217  0.17990033  0.17393161  0.18591780  0.20427074  0.16801084  0.20427074  0.20427074  0.38600086  0.18591780  0.18591780  0.17393161  0.17990033  0.17990033  0.18591780  0.17393161  0.21049139  0.20427074  0.28262618  0.28954798  0.19810217  0.22947473  0.21049139  0.22309246  0.22309246  0.24896005  0.23591276  0.16801084  0.16213726  0.20427074  0.20427074  0.16801084  0.15052871  0.20427074  0.19198480  0.50628034  0.50628034  0.20427074  0.20427074  0.18591780  0.27576879  0.22309246  0.23591276  0.23591276  0.22309246  0.23591276  0.25557136  0.24240753  0.21676499  0.22309246  0.22947473  0.24240753  0.24240753  0.37031519  0.22947473  0.22947473  0.25557136  0.31071224  0.22947473  0.19810217  0.24240753  0.24240753  0.24240753  0.24240753  0.24896005  0.22947473  0.23591276  0.21049139  0.21049139  0.22309246  0.33250235  
38_0_0     0.24896005  0.24240753  0.24896005  0.32516716  0.32516716  0.19198480  0.20427074  0.20427074  0.19198480  0.15052871  0.08975799  0.01422084  0.00000000  0.05860801  0.03854962  0.25557136  0.31790426  0.31790426  0.37031519  0.11128107  0.12784621  0.45231197  0.44368935  0.41017371  0.38600086  0.39397070  0.39397070  0.40202767  0.33991129  0.35495645  0.29653541  0.26224252  0.28954798  0.25557136  0.42674101  0.43516646  0.43516646  0.43516646  0.45231197  0.52518533  0.52518533  0.39397070  0.37031519  0.38600086  0.38600086  0.26897462  0.38600086  0.38600086  0.37031519  0.37031519  0.37031519  0.29653541  0.37811629  0.37811629  0.28954798  0.31071224  0.26224252  0.32516716  0.35495645  0.31790426  0.31071224  0.45231197  0.53482287  0.53482287  0.53482287  0.26897462  0.37031519  0.37031519  0.34739548  0.36259581  0.38600086  0.28262618  0.26897462  0.26897462  0.27576879  0.32516716  0.23591276  0.22947473  0.22947473  0.21676499  0.22309246  0.15631013  0.28262618  0.19198480  0.17393161  0.16801084  0.17990033  0.21049139  0.16213726  0.19810217  0.19810217  0.39397070  0.17990033  0.17990033  0.16801084  0.17393161  0.16213726  0.16801084  0.16801084  0.19198480  0.19810217  0.28954798  0.29653541  0.20427074  0.23591276  0.20427074  0.21676499  0.21676499  0.24240753  0.22947473  0.16213726  0.15631013  0.18591780  0.18591780  0.16213726  0.14479230  0.19810217  0.18591780  0.47880222  0.49700666  0.21049139  0.21049139  0.19198480  0.26897462  0.21676499  0.24240753  0.24240753  0.22947473  0.22947473  0.27576879  0.26224252  0.21049139  0.21676499  0.22309246  0.23591276  0.23591276  0.37811629  0.22309246  0.22309246  0.23591276  0.30358974  0.21049139  0.20427074  0.24896005  0.24896005  0.23591276  0.23591276  0.24240753  0.22309246  0.22947473  0.19198480  0.19198480  0.20427074  0.33991129  
15_0_0     0.25557136  0.24896005  0.25557136  0.31790426  0.31790426  0.19810217  0.23591276  0.23591276  0.19810217  0.16801084  0.12784621  0.06370909  0.05860801  0.00000000  0.07922768  0.24896005  0.31071224  0.31071224  0.34739548  0.13910020  0.14479230  0.42674101  0.45231197  0.43516646  0.42674101  0.43516646  0.43516646  0.41017371  0.34739548  0.36259581  0.31790426  0.29653541  0.30358974  0.29653541  0.42674101  0.43516646  0.43516646  0.43516646  0.45231197  0.52518533  0.53482287  0.37031519  0.33250235  0.34739548  0.40202767  0.27576879  0.40202767  0.40202767  0.38600086  0.36259581  0.34739548  0.30358974  0.41841080  0.41841080  0.28262618  0.29653541  0.26897462  0.31790426  0.34739548  0.32516716  0.31790426  0.45231197  0.53482287  0.53482287  0.53482287  0.26224252  0.34739548  0.34739548  0.35495645  0.35495645  0.37811629  0.28262618  0.28262618  0.28262618  0.29653541  0.33991129  0.24240753  0.23591276  0.24896005  0.23591276  0.24240753  0.16213726  0.29653541  0.19810217  0.16801084  0.16213726  0.17393161  0.25557136  0.17990033  0.20427074  0.20427074  0.38600086  0.17393161  0.17393161  0.17393161  0.17990033  0.17990033  0.17393161  0.17393161  0.21049139  0.19198480  0.31071224  0.30358974  0.22309246  0.26897462  0.21049139  0.22309246  0.22309246  0.24896005  0.23591276  0.19198480  0.18591780  0.20427074  0.20427074  0.17990033  0.15052871  0.21676499  0.20427074  0.47880222  0.47880222  0.21676499  0.21676499  0.19810217  0.23591276  0.22309246  0.23591276  0.23591276  0.24896005  0.24896005  0.26897462  0.26224252  0.21676499  0.22309246  0.24896005  0.26897462  0.26897462  0.34739548  0.25557136  0.25557136  0.26897462  0.31071224  0.24240753  0.19810217  0.24240753  0.24240753  0.24240753  0.22947473  0.23591276  0.22947473  0.26224252  0.21049139  0.21049139  0.22309246  0.36259581  
52_0_0     0.24896005  0.24240753  0.24896005  0.33991129  0.33991129  0.19198480  0.20427074  0.20427074  0.19198480  0.17990033  0.10044096  0.04351327  0.03854962  0.07922768  0.00000000  0.25557136  0.30358974  0.30358974  0.37031519  0.11128107  0.11676151  0.45231197  0.44368935  0.42674101  0.40202767  0.39397070  0.39397070  0.41841080  0.35495645  0.37031519  0.32516716  0.28954798  0.33250235  0.29653541  0.43516646  0.44368935  0.44368935  0.44368935  0.45231197  0.52518533  0.52518533  0.36259581  0.33991129  0.35495645  0.41841080  0.28262618  0.41017371  0.41017371  0.39397070  0.36259581  0.36259581  0.31071224  0.39397070  0.39397070  0.28954798  0.33991129  0.24896005  0.32516716  0.33991129  0.30358974  0.29653541  0.42674101  0.52518533  0.52518533  0.54458811  0.26897462  0.34739548  0.34739548  0.34739548  0.34739548  0.37031519  0.28262618  0.26897462  0.26897462  0.30358974  0.32516716  0.23591276  0.22947473  0.24240753  0.22947473  0.23591276  0.16801084  0.29653541  0.21676499  0.17393161  0.16801084  0.17990033  0.23591276  0.17393161  0.21049139  0.21049139  0.41017371  0.15631013  0.15631013  0.14479230  0.15052871  0.18591780  0.19198480  0.17990033  0.20427074  0.19810217  0.31790426  0.32516716  0.19198480  0.24896005  0.19198480  0.20427074  0.20427074  0.26224252  0.24896005  0.16213726  0.15631013  0.19810217  0.19810217  0.15052871  0.14479230  0.19810217  0.19810217  0.46103667  0.47880222  0.20427074  0.20427074  0.18591780  0.25557136  0.19198480  0.24896005  0.24896005  0.21049139  0.22309246  0.27576879  0.27576879  0.22309246  0.22947473  0.24896005  0.26224252  0.26224252  0.33250235  0.22309246  0.22309246  0.23591276  0.30358974  0.22309246  0.19198480  0.23591276  0.23591276  0.22309246  0.23591276  0.24240753  0.21049139  0.22947473  0.20427074  0.20427074  0.21676499  0.34739548  
27_0_0     0.33250235  0.32516716  0.33250235  0.33991129  0.34739548  0.33250235  0.33250235  0.33250235  0.33250235  0.24896005  0.26897462  0.24896005  0.25557136  0.24896005  0.25557136  0.00000000  0.21049139  0.20427074  0.21676499  0.23591276  0.22309246  0.41017371  0.41841080  0.41017371  0.40202767  0.41017371  0.41017371  0.41841080  0.35495645  0.37811629  0.40202767  0.33991129  0.41017371  0.41017371  0.52518533  0.53482287  0.53482287  0.53482287  0.46986591  0.51567222  0.46986591  0.44368935  0.38600086  0.41841080  0.40202767  0.31071224  0.39397070  0.39397070  0.39397070  0.43516646  0.38600086  0.33250235  0.42674101  0.41017371  0.30358974  0.39397070  0.31790426  0.33991129  0.32516716  0.32516716  0.31790426  0.37811629  0.52518533  0.52518533  0.53482287  0.31790426  0.29653541  0.29653541  0.37031519  0.36259581  0.41017371  0.31790426  0.33250235  0.33250235  0.34739548  0.36259581  0.33991129  0.33250235  0.31790426  0.33991129  0.33250235  0.25557136  0.41017371  0.28954798  0.27576879  0.26897462  0.28262618  0.33250235  0.29653541  0.29653541  0.29653541  0.42674101  0.24896005  0.25557136  0.26224252  0.25557136  0.26224252  0.25557136  0.26897462  0.26897462  0.27576879  0.41017371  0.40202767  0.27576879  0.29653541  0.25557136  0.26897462  0.26897462  0.34739548  0.33250235  0.26224252  0.25557136  0.26897462  0.26897462  0.24896005  0.24240753  0.27576879  0.26224252  0.51567222  0.55448450  0.24896005  0.24896005  0.25557136  0.30358974  0.27576879  0.32516716  0.32516716  0.27576879  0.27576879  0.41841080  0.41017371  0.33250235  0.33991129  0.37031519  0.37031519  0.37031519  0.40202767  0.32516716  0.32516716  0.32516716  0.36259581  0.26897462  0.22309246  0.25557136  0.25557136  0.28954798  0.31790426  0.31071224  0.27576879  0.33991129  0.32516716  0.32516716  0.28954798  0.39397070  
31_0_0     0.36259581  0.35495645  0.36259581  0.40202767  0.41017371  0.33991129  0.37031519  0.35495645  0.35495645  0.33991129  0.34739548  0.32516716  0.31790426  0.31071224  0.30358974  0.21049139  0.00000000  0.00470985  0.26224252  0.31790426  0.31071224  0.44368935  0.45231197  0.51567222  0.52518533  0.47880222  0.47880222  0.46103667  0.41841080  0.41017371  0.42674101  0.42674101  0.41017371  0.46103667  0.50628034  0.53482287  0.51567222  0.51567222  0.54458811  0.55448450  0.49700666  0.41017371  0.40202767  0.40202767  0.49700666  0.37031519  0.51567222  0.51567222  0.51567222  0.46103667  0.49700666  0.41017371  0.48784823  0.46986591  0.39397070  0.45231197  0.37031519  0.36259581  0.41841080  0.43516646  0.42674101  0.46103667  0.59545514  0.59545514  0.55448450  0.37811629  0.34739548  0.34739548  0.41017371  0.40202767  0.40202767  0.40202767  0.38600086  0.38600086  0.44368935  0.43516646  0.34739548  0.33991129  0.33991129  0.34739548  0.33991129  0.28954798  0.36259581  0.37031519  0.33991129  0.33250235  0.33250235  0.41841080  0.39397070  0.39397070  0.39397070  0.45231197  0.33991129  0.33250235  0.33991129  0.34739548  0.32516716  0.31790426  0.31790426  0.31790426  0.35495645  0.44368935  0.45231197  0.32516716  0.33250235  0.34739548  0.36259581  0.36259581  0.41017371  0.39397070  0.32516716  0.31790426  0.34739548  0.34739548  0.33991129  0.33250235  0.35495645  0.35495645  0.61682757  0.66152696  0.37031519  0.37031519  0.37811629  0.41841080  0.38600086  0.42674101  0.42674101  0.41841080  0.45231197  0.41841080  0.41017371  0.39397070  0.41841080  0.46103667  0.44368935  0.44368935  0.37811629  0.41017371  0.41017371  0.41017371  0.42674101  0.33991129  0.28954798  0.31071224  0.31071224  0.33250235  0.36259581  0.35495645  0.33250235  0.40202767  0.33991129  0.33991129  0.30358974  0.58499696  
30_0_0     0.36259581  0.35495645  0.36259581  0.40202767  0.41017371  0.33991129  0.37031519  0.35495645  0.35495645  0.33991129  0.34739548  0.32516716  0.31790426  0.31071224  0.30358974  0.20427074  0.00470985  0.00000000  0.26897462  0.31790426  0.31071224  0.44368935  0.45231197  0.51567222  0.52518533  0.47880222  0.47880222  0.46103667  0.41841080  0.41017371  0.42674101  0.42674101  0.41017371  0.46103667  0.50628034  0.53482287  0.51567222  0.51567222  0.54458811  0.55448450  0.49700666  0.41017371  0.40202767  0.40202767  0.49700666  0.37031519  0.51567222  0.51567222  0.51567222  0.46103667  0.49700666  0.41017371  0.48784823  0.46986591  0.39397070  0.45231197  0.37031519  0.36259581  0.41841080  0.43516646  0.42674101  0.46103667  0.59545514  0.59545514  0.55448450  0.37811629  0.34739548  0.34739548  0.41017371  0.40202767  0.40202767  0.40202767  0.38600086  0.38600086  0.44368935  0.43516646  0.34739548  0.33991129  0.33991129  0.34739548  0.33991129  0.28954798  0.36259581  0.37031519  0.33991129  0.33250235  0.33250235  0.41841080  0.39397070  0.39397070  0.39397070  0.45231197  0.33991129  0.33250235  0.33991129  0.34739548  0.32516716  0.31790426  0.31790426  0.31790426  0.35495645  0.44368935  0.45231197  0.32516716  0.33250235  0.34739548  0.36259581  0.36259581  0.41017371  0.39397070  0.32516716  0.31790426  0.34739548  0.34739548  0.33991129  0.33250235  0.35495645  0.35495645  0.61682757  0.66152696  0.37031519  0.37031519  0.37811629  0.41841080  0.38600086  0.42674101  0.42674101  0.41841080  0.45231197  0.41841080  0.41017371  0.39397070  0.41841080  0.46103667  0.44368935  0.44368935  0.37811629  0.41017371  0.41017371  0.41017371  0.42674101  0.33991129  0.28954798  0.31071224  0.31071224  0.33250235  0.36259581  0.35495645  0.33250235  0.40202767  0.33991129  0.33991129  0.30358974  0.58499696  
22_0_0     0.38600086  0.37811629  0.40202767  0.46103667  0.46986591  0.38600086  0.38600086  0.37031519  0.38600086  0.37031519  0.38600086  0.37811629  0.37031519  0.34739548  0.37031519  0.21676499  0.26224252  0.26897462  0.00000000  0.33250235  0.33250235  0.51567222  0.50628034  0.49700666  0.50628034  0.51567222  0.51567222  0.44368935  0.42674101  0.41017371  0.46986591  0.36259581  0.48784823  0.52518533  0.55448450  0.58499696  0.54458811  0.54458811  0.50628034  0.53482287  0.47880222  0.48784823  0.48784823  0.50628034  0.57468512  0.44368935  0.63883840  0.63883840  0.61682757  0.52518533  0.52518533  0.47880222  0.52518533  0.50628034  0.47880222  0.45231197  0.43516646  0.50628034  0.51567222  0.49700666  0.49700666  0.40202767  0.53482287  0.53482287  0.54458811  0.41841080  0.37811629  0.37811629  0.48784823  0.41017371  0.43516646  0.33250235  0.36259581  0.36259581  0.38600086  0.46103667  0.41841080  0.41841080  0.40202767  0.44368935  0.43516646  0.36259581  0.47880222  0.38600086  0.38600086  0.39397070  0.37811629  0.39397070  0.39397070  0.42674101  0.42674101  0.44368935  0.33991129  0.36259581  0.37031519  0.37811629  0.29653541  0.31790426  0.33250235  0.31790426  0.31790426  0.45231197  0.44368935  0.39397070  0.42674101  0.35495645  0.37031519  0.37031519  0.42674101  0.41017371  0.33991129  0.34739548  0.33250235  0.33250235  0.31071224  0.33991129  0.36259581  0.34739548  0.56451560  0.60606387  0.39397070  0.39397070  0.38600086  0.36259581  0.36259581  0.41841080  0.41841080  0.39397070  0.39397070  0.52518533  0.51567222  0.39397070  0.41841080  0.49700666  0.51567222  0.49700666  0.41017371  0.39397070  0.39397070  0.38600086  0.45231197  0.37811629  0.35495645  0.36259581  0.36259581  0.40202767  0.37031519  0.36259581  0.38600086  0.41017371  0.36259581  0.36259581  0.37031519  0.47880222  
9_0_0      0.22947473  0.22309246  0.22947473  0.29653541  0.29653541  0.17393161  0.17393161  0.17393161  0.17393161  0.17990033  0.15631013  0.11676151  0.11128107  0.13910020  0.11128107  0.23591276  0.31790426  0.31790426  0.33250235  0.00000000  0.04351327  0.42674101  0.41841080  0.38600086  0.36259581  0.38600086  0.38600086  0.39397070  0.34739548  0.36259581  0.31071224  0.30358974  0.32516716  0.31071224  0.41017371  0.41841080  0.41841080  0.41841080  0.43516646  0.47880222  0.50628034  0.38600086  0.31071224  0.32516716  0.37031519  0.28954798  0.33991129  0.33991129  0.37031519  0.41841080  0.40202767  0.34739548  0.40202767  0.40202767  0.31790426  0.31071224  0.22947473  0.33250235  0.33250235  0.29653541  0.30358974  0.37031519  0.51567222  0.51567222  0.52518533  0.23591276  0.34739548  0.34739548  0.37031519  0.32516716  0.33250235  0.26224252  0.24896005  0.24896005  0.30358974  0.31071224  0.24896005  0.25557136  0.25557136  0.26897462  0.26224252  0.19198480  0.31071224  0.24240753  0.18591780  0.19198480  0.20427074  0.21049139  0.20427074  0.24240753  0.24240753  0.38600086  0.22947473  0.22309246  0.20427074  0.19810217  0.16801084  0.16213726  0.18591780  0.17393161  0.19198480  0.35495645  0.36259581  0.18591780  0.24240753  0.20427074  0.21676499  0.21676499  0.27576879  0.26224252  0.18591780  0.17990033  0.16213726  0.16213726  0.15631013  0.14479230  0.19810217  0.19810217  0.42674101  0.44368935  0.19810217  0.19810217  0.16801084  0.23591276  0.19810217  0.25557136  0.25557136  0.21049139  0.21049139  0.29653541  0.29653541  0.21676499  0.21049139  0.24896005  0.27576879  0.26224252  0.35495645  0.22309246  0.22309246  0.22309246  0.32516716  0.23591276  0.22947473  0.26224252  0.26224252  0.26224252  0.24896005  0.25557136  0.24896005  0.28262618  0.24240753  0.24240753  0.26897462  0.36259581  
10_0_0     0.22309246  0.21676499  0.22309246  0.32516716  0.32516716  0.19198480  0.19198480  0.19198480  0.19198480  0.17990033  0.16213726  0.13345172  0.12784621  0.14479230  0.11676151  0.22309246  0.31071224  0.31071224  0.33250235  0.04351327  0.00000000  0.43516646  0.41017371  0.37811629  0.35495645  0.37811629  0.37811629  0.39397070  0.34739548  0.35495645  0.28954798  0.32516716  0.33250235  0.31790426  0.41841080  0.44368935  0.42674101  0.42674101  0.41841080  0.46103667  0.48784823  0.37811629  0.33250235  0.36259581  0.34739548  0.26897462  0.35495645  0.35495645  0.38600086  0.41017371  0.39397070  0.35495645  0.36259581  0.37811629  0.32516716  0.31790426  0.23591276  0.32516716  0.32516716  0.28954798  0.29653541  0.37811629  0.55448450  0.55448450  0.56451560  0.22947473  0.37031519  0.37031519  0.38600086  0.33991129  0.34739548  0.26897462  0.26897462  0.26897462  0.31071224  0.33250235  0.25557136  0.26224252  0.26224252  0.27576879  0.26897462  0.19810217  0.34739548  0.22309246  0.19198480  0.19810217  0.21049139  0.24240753  0.22309246  0.26224252  0.26224252  0.42674101  0.22309246  0.21676499  0.21049139  0.20427074  0.18591780  0.17990033  0.19198480  0.19198480  0.18591780  0.39397070  0.38600086  0.19198480  0.23591276  0.17393161  0.18591780  0.18591780  0.26897462  0.25557136  0.16801084  0.16213726  0.16213726  0.16213726  0.13345172  0.13910020  0.20427074  0.20427074  0.41841080  0.43516646  0.19198480  0.19198480  0.16213726  0.24240753  0.19198480  0.24896005  0.24896005  0.19198480  0.20427074  0.28262618  0.28262618  0.21676499  0.21049139  0.26897462  0.29653541  0.28262618  0.33250235  0.19810217  0.19810217  0.19810217  0.29653541  0.21676499  0.19810217  0.21676499  0.21676499  0.25557136  0.28262618  0.28954798  0.25557136  0.28954798  0.24896005  0.24896005  0.26224252  0.37031519  
