20
20_0_0     0.00000000  0.34411328  0.34411328  0.33293939  0.37869442  0.30040440  0.30040440  0.45317074  0.47977760  0.47977760  0.42749558  0.37869442  0.39059362  0.44022079  0.35546009  0.34411328  0.37869442  0.46635350  0.45317074  0.46635350  
4_0_0      0.34411328  0.00000000  0.00000000  0.00707629  0.04351979  0.13916986  0.11406245  0.35546009  0.35546009  0.35546009  0.35546009  0.33293939  0.33293939  0.28987247  0.23936901  0.23936901  0.36698523  0.41498745  0.40268910  0.39059362  
12_0_0     0.34411328  0.00000000  0.00000000  0.00707629  0.04351979  0.13916986  0.11406245  0.35546009  0.35546009  0.35546009  0.35546009  0.33293939  0.33293939  0.28987247  0.23936901  0.23936901  0.36698523  0.41498745  0.40268910  0.39059362  
10_0_0     0.33293939  0.00707629  0.00707629  0.00000000  0.03608475  0.13070485  0.10588079  0.34411328  0.34411328  0.34411328  0.34411328  0.32193322  0.32193322  0.27948968  0.22967269  0.22967269  0.35546009  0.40268910  0.39059362  0.37869442  
5_0_0      0.37869442  0.04351979  0.04351979  0.03608475  0.00000000  0.15639882  0.13070485  0.37869442  0.37869442  0.37869442  0.35546009  0.37869442  0.35546009  0.26925184  0.25915498  0.22010292  0.36698523  0.46635350  0.45317074  0.44022079  
11_0_0     0.30040440  0.13916986  0.13916986  0.13070485  0.15639882  0.00000000  0.03608475  0.36698523  0.37869442  0.37869442  0.31108980  0.33293939  0.31108980  0.26925184  0.22967269  0.19212089  0.31108980  0.41498745  0.40268910  0.39059362  
17_0_0     0.30040440  0.11406245  0.11406245  0.10588079  0.13070485  0.03608475  0.00000000  0.35546009  0.35546009  0.35546009  0.32193322  0.32193322  0.32193322  0.30040440  0.27948968  0.18302590  0.30040440  0.42749558  0.41498745  0.40268910  
7_0_0      0.45317074  0.35546009  0.35546009  0.34411328  0.37869442  0.36698523  0.35546009  0.00000000  0.02143708  0.02143708  0.15639882  0.18302590  0.18302590  0.42749558  0.36698523  0.44022079  0.52159060  0.52159060  0.50738636  0.52159060  
13_0_0     0.47977760  0.35546009  0.35546009  0.34411328  0.37869442  0.37869442  0.35546009  0.02143708  0.00000000  0.00000000  0.16516752  0.18302590  0.18302590  0.41498745  0.37869442  0.44022079  0.52159060  0.56593281  0.55085217  0.53607543  
9_0_0      0.47977760  0.35546009  0.35546009  0.34411328  0.37869442  0.37869442  0.35546009  0.02143708  0.00000000  0.00000000  0.16516752  0.18302590  0.18302590  0.41498745  0.37869442  0.44022079  0.52159060  0.56593281  0.55085217  0.53607543  
19_0_0     0.42749558  0.35546009  0.35546009  0.34411328  0.35546009  0.31108980  0.32193322  0.15639882  0.16516752  0.16516752  0.00000000  0.08978634  0.08978634  0.39059362  0.37869442  0.34411328  0.39059362  0.50738636  0.49345205  0.47977760  
18_0_0     0.37869442  0.33293939  0.33293939  0.32193322  0.37869442  0.33293939  0.32193322  0.18302590  0.18302590  0.18302590  0.08978634  0.00000000  0.01422153  0.44022079  0.40268910  0.34411328  0.44022079  0.49345205  0.47977760  0.46635350  
8_0_0      0.39059362  0.33293939  0.33293939  0.32193322  0.35546009  0.31108980  0.32193322  0.18302590  0.18302590  0.18302590  0.08978634  0.01422153  0.00000000  0.44022079  0.37869442  0.34411328  0.46635350  0.52159060  0.50738636  0.49345205  
14_0_0     0.44022079  0.28987247  0.28987247  0.27948968  0.26925184  0.26925184  0.30040440  0.42749558  0.41498745  0.41498745  0.39059362  0.44022079  0.44022079  0.00000000  0.14773374  0.12233644  0.22967269  0.49345205  0.47977760  0.46635350  
6_0_0      0.35546009  0.23936901  0.23936901  0.22967269  0.25915498  0.22967269  0.27948968  0.36698523  0.37869442  0.37869442  0.37869442  0.40268910  0.37869442  0.14773374  0.00000000  0.16516752  0.30040440  0.41498745  0.41498745  0.40268910  
15_0_0     0.34411328  0.23936901  0.23936901  0.22967269  0.22010292  0.19212089  0.18302590  0.44022079  0.44022079  0.44022079  0.34411328  0.34411328  0.34411328  0.12233644  0.16516752  0.00000000  0.19212089  0.46635350  0.45317074  0.44022079  
16_0_0     0.37869442  0.36698523  0.36698523  0.35546009  0.36698523  0.31108980  0.30040440  0.52159060  0.52159060  0.52159060  0.39059362  0.44022079  0.46635350  0.22967269  0.30040440  0.19212089  0.00000000  0.49345205  0.47977760  0.46635350  
1_0_0      0.46635350  0.41498745  0.41498745  0.40268910  0.46635350  0.41498745  0.42749558  0.52159060  0.56593281  0.56593281  0.50738636  0.49345205  0.52159060  0.49345205  0.41498745  0.46635350  0.49345205  0.00000000  0.00707629  0.01422153  
2_0_0      0.45317074  0.40268910  0.40268910  0.39059362  0.45317074  0.40268910  0.41498745  0.50738636  0.55085217  0.55085217  0.49345205  0.47977760  0.50738636  0.47977760  0.41498745  0.45317074  0.47977760  0.00707629  0.00000000  0.00707629  
3_0_0      0.46635350  0.39059362  0.39059362  0.37869442  0.44022079  0.39059362  0.40268910  0.52159060  0.53607543  0.53607543  0.47977760  0.46635350  0.49345205  0.46635350  0.40268910  0.44022079  0.46635350  0.01422153  0.00707629  0.00000000  

