20
3_0_0      0.00000000  0.00000000  0.00000000  0.28250167  0.29610292  0.30995767  0.29610292  0.29610292  0.30299802  0.25602372  0.25602372  0.25602372  0.25602372  0.26255532  0.25602372  0.24954901  0.25602372  0.27579324  0.25602372  0.31698309  
2_0_0      0.00000000  0.00000000  0.00000000  0.28250167  0.29610292  0.30995767  0.29610292  0.29610292  0.30299802  0.25602372  0.25602372  0.25602372  0.25602372  0.26255532  0.25602372  0.24954901  0.25602372  0.27579324  0.25602372  0.31698309  
1_0_0      0.00000000  0.00000000  0.00000000  0.28250167  0.29610292  0.30995767  0.29610292  0.29610292  0.30299802  0.25602372  0.25602372  0.25602372  0.25602372  0.26255532  0.25602372  0.24954901  0.25602372  0.27579324  0.25602372  0.31698309  
19_0_0     0.28250167  0.28250167  0.28250167  0.00000000  0.09840036  0.09840036  0.20573949  0.20573949  0.19968654  0.24954901  0.24954901  0.23676635  0.24954901  0.24954901  0.24313021  0.29610292  0.33846673  0.31698309  0.34576817  0.36811289  
8_0_0      0.29610292  0.29610292  0.29610292  0.09840036  0.00000000  0.00927420  0.19968654  0.19968654  0.19368248  0.22419979  0.22419979  0.21184213  0.21184213  0.22419979  0.23045652  0.27579324  0.33123631  0.30299802  0.32407554  0.30299802  
18_0_0     0.30995767  0.30995767  0.30995767  0.09840036  0.00927420  0.00000000  0.19968654  0.19968654  0.19368248  0.22419979  0.22419979  0.21184213  0.21184213  0.22419979  0.23045652  0.28927119  0.33123631  0.30299802  0.33846673  0.30299802  
9_0_0      0.29610292  0.29610292  0.29610292  0.20573949  0.19968654  0.19968654  0.00000000  0.00000000  0.00462264  0.27579324  0.27579324  0.26255532  0.26255532  0.27579324  0.26914481  0.36811289  0.36811289  0.30299802  0.40691471  0.39899063  
13_0_0     0.29610292  0.29610292  0.29610292  0.20573949  0.19968654  0.19968654  0.00000000  0.00000000  0.00462264  0.27579324  0.27579324  0.26255532  0.26255532  0.27579324  0.26914481  0.36811289  0.36811289  0.30299802  0.40691471  0.39899063  
7_0_0      0.30299802  0.30299802  0.30299802  0.19968654  0.19368248  0.19368248  0.00462264  0.00462264  0.00000000  0.28250167  0.28250167  0.26914481  0.26914481  0.28250167  0.27579324  0.37571292  0.37571292  0.30995767  0.39899063  0.40691471  
10_0_0     0.25602372  0.25602372  0.25602372  0.24954901  0.22419979  0.22419979  0.27579324  0.27579324  0.28250167  0.00000000  0.00000000  0.00927420  0.00927420  0.07765066  0.08278404  0.26914481  0.30299802  0.28250167  0.30299802  0.33846673  
4_0_0      0.25602372  0.25602372  0.25602372  0.24954901  0.22419979  0.22419979  0.27579324  0.27579324  0.28250167  0.00000000  0.00000000  0.00927420  0.00927420  0.07765066  0.08278404  0.26914481  0.30299802  0.28250167  0.30299802  0.33846673  
12_0_0     0.25602372  0.25602372  0.25602372  0.23676635  0.21184213  0.21184213  0.26255532  0.26255532  0.26914481  0.00927420  0.00927420  0.00000000  0.01866557  0.08795311  0.09315839  0.28250167  0.31698309  0.29610292  0.31698309  0.35314204  
5_0_0      0.25602372  0.25602372  0.25602372  0.24954901  0.21184213  0.21184213  0.26255532  0.26255532  0.26914481  0.00927420  0.00927420  0.01866557  0.00000000  0.06748903  0.07255248  0.26914481  0.31698309  0.28250167  0.30995767  0.32407554  
17_0_0     0.26255532  0.26255532  0.26255532  0.24954901  0.22419979  0.22419979  0.27579324  0.27579324  0.28250167  0.07765066  0.07765066  0.08795311  0.06748903  0.00000000  0.01395505  0.26914481  0.28927119  0.26255532  0.30299802  0.33123631  
11_0_0     0.25602372  0.25602372  0.25602372  0.24313021  0.23045652  0.23045652  0.26914481  0.26914481  0.27579324  0.08278404  0.08278404  0.09315839  0.07255248  0.01395505  0.00000000  0.26255532  0.28250167  0.25602372  0.30995767  0.32407554  
14_0_0     0.24954901  0.24954901  0.24954901  0.29610292  0.27579324  0.28927119  0.36811289  0.36811289  0.37571292  0.26914481  0.26914481  0.28250167  0.26914481  0.26914481  0.26255532  0.00000000  0.08278404  0.09315839  0.16436873  0.32407554  
6_0_0      0.25602372  0.25602372  0.25602372  0.33846673  0.33123631  0.33123631  0.36811289  0.36811289  0.37571292  0.30299802  0.30299802  0.31698309  0.31698309  0.28927119  0.28250167  0.08278404  0.00000000  0.12517947  0.19368248  0.36811289  
15_0_0     0.27579324  0.27579324  0.27579324  0.31698309  0.30299802  0.30299802  0.30299802  0.30299802  0.30995767  0.28250167  0.28250167  0.29610292  0.28250167  0.26255532  0.25602372  0.09315839  0.12517947  0.00000000  0.19368248  0.36058978  
16_0_0     0.25602372  0.25602372  0.25602372  0.34576817  0.32407554  0.33846673  0.40691471  0.40691471  0.39899063  0.30299802  0.30299802  0.31698309  0.30995767  0.30299802  0.30995767  0.16436873  0.19368248  0.19368248  0.00000000  0.39115012  
20_0_0     0.31698309  0.31698309  0.31698309  0.36811289  0.30299802  0.30299802  0.39899063  0.39899063  0.40691471  0.33846673  0.33846673  0.35314204  0.32407554  0.33123631  0.32407554  0.32407554  0.36811289  0.36058978  0.39115012  0.00000000  

