20
8_0_0      0.00000000  0.01301651  0.00647977  0.00647977  0.02626499  0.06045740  0.09629851  0.10367884  0.09629851  0.52027268  0.50739542  0.40055618  0.38958012  0.40055618  0.41169672  0.36810248  0.29747026  0.27846365  0.28790622  0.30715895  
10_0_0     0.01301651  0.00000000  0.00647977  0.00647977  0.02626499  0.06045740  0.09629851  0.10367884  0.09629851  0.52027268  0.50739542  0.40055618  0.41169672  0.40055618  0.41169672  0.38958012  0.29747026  0.29747026  0.30715895  0.32692353  
5_0_0      0.00647977  0.00647977  0.00000000  0.00000000  0.01961124  0.05349196  0.08899072  0.11113316  0.08899072  0.50739542  0.49473743  0.38958012  0.40055618  0.38958012  0.40055618  0.37876375  0.30715895  0.28790622  0.29747026  0.31697556  
7_0_0      0.00647977  0.00647977  0.00000000  0.00000000  0.01961124  0.05349196  0.08899072  0.11113316  0.08899072  0.50739542  0.49473743  0.38958012  0.40055618  0.38958012  0.40055618  0.37876375  0.30715895  0.28790622  0.29747026  0.31697556  
1_0_0      0.02626499  0.02626499  0.01961124  0.01961124  0.00000000  0.06045740  0.09629851  0.10367884  0.08175407  0.53337691  0.52027268  0.41169672  0.42300674  0.41169672  0.40055618  0.40055618  0.32692353  0.30715895  0.31697556  0.31697556  
4_0_0      0.06045740  0.06045740  0.05349196  0.05349196  0.06045740  0.00000000  0.07458719  0.14956893  0.10367884  0.56029935  0.53337691  0.37876375  0.36810248  0.37876375  0.41169672  0.35759195  0.29747026  0.27846365  0.28790622  0.30715895  
4_1_0      0.09629851  0.09629851  0.08899072  0.08899072  0.09629851  0.07458719  0.00000000  0.18181559  0.12626987  0.54671627  0.52027268  0.32692353  0.31697556  0.32692353  0.35759195  0.36810248  0.30715895  0.28790622  0.29747026  0.31697556  
12_0_0     0.10367884  0.10367884  0.11113316  0.11113316  0.10367884  0.14956893  0.18181559  0.00000000  0.16551744  0.58823348  0.56029935  0.49473743  0.48229134  0.49473743  0.49473743  0.44615643  0.34722794  0.34722794  0.35759195  0.35759195  
9_0_0      0.09629851  0.09629851  0.08899072  0.08899072  0.08175407  0.10367884  0.12626987  0.16551744  0.00000000  0.50739542  0.52027268  0.40055618  0.42300674  0.40055618  0.43449149  0.41169672  0.32692353  0.30715895  0.31697556  0.31697556  
16_0_0     0.52027268  0.52027268  0.50739542  0.50739542  0.53337691  0.56029935  0.54671627  0.58823348  0.50739542  0.00000000  0.05349196  0.25083488  0.25993086  0.25083488  0.26913951  0.35759195  0.29747026  0.29747026  0.28790622  0.28790622  
20_0_0     0.50739542  0.50739542  0.49473743  0.49473743  0.52027268  0.53337691  0.52027268  0.56029935  0.52027268  0.05349196  0.00000000  0.23297012  0.25993086  0.23297012  0.25083488  0.31697556  0.27846365  0.27846365  0.26913951  0.26913951  
18_0_0     0.40055618  0.40055618  0.38958012  0.38958012  0.41169672  0.37876375  0.32692353  0.49473743  0.40055618  0.25083488  0.23297012  0.00000000  0.01961124  0.00000000  0.03297882  0.23297012  0.18181559  0.18181559  0.17362186  0.17362186  
19_0_0     0.38958012  0.41169672  0.40055618  0.40055618  0.42300674  0.36810248  0.31697556  0.48229134  0.42300674  0.25993086  0.25993086  0.01961124  0.00000000  0.01961124  0.05349196  0.23297012  0.17362186  0.17362186  0.16551744  0.16551744  
17_0_0     0.40055618  0.40055618  0.38958012  0.38958012  0.41169672  0.37876375  0.32692353  0.49473743  0.40055618  0.25083488  0.23297012  0.00000000  0.01961124  0.00000000  0.03297882  0.23297012  0.18181559  0.18181559  0.17362186  0.17362186  
15_0_0     0.41169672  0.41169672  0.40055618  0.40055618  0.40055618  0.41169672  0.35759195  0.49473743  0.43449149  0.26913951  0.25083488  0.03297882  0.05349196  0.03297882  0.00000000  0.26913951  0.21552459  0.21552459  0.20695297  0.20695297  
16_2_0     0.36810248  0.38958012  0.37876375  0.37876375  0.40055618  0.35759195  0.36810248  0.44615643  0.41169672  0.35759195  0.31697556  0.23297012  0.23297012  0.23297012  0.26913951  0.00000000  0.16551744  0.16551744  0.15750042  0.15750042  
19_2_0     0.29747026  0.29747026  0.30715895  0.30715895  0.32692353  0.29747026  0.30715895  0.34722794  0.32692353  0.29747026  0.27846365  0.18181559  0.17362186  0.18181559  0.21552459  0.16551744  0.00000000  0.01301651  0.00647977  0.02626499  
17_2_0     0.27846365  0.29747026  0.28790622  0.28790622  0.30715895  0.27846365  0.28790622  0.34722794  0.30715895  0.29747026  0.27846365  0.18181559  0.17362186  0.18181559  0.21552459  0.16551744  0.01301651  0.00000000  0.00647977  0.02626499  
18_2_0     0.28790622  0.30715895  0.29747026  0.29747026  0.31697556  0.28790622  0.29747026  0.35759195  0.31697556  0.28790622  0.26913951  0.17362186  0.16551744  0.17362186  0.20695297  0.15750042  0.00647977  0.00647977  0.00000000  0.01961124  
15_2_0     0.30715895  0.32692353  0.31697556  0.31697556  0.31697556  0.30715895  0.31697556  0.35759195  0.31697556  0.28790622  0.26913951  0.17362186  0.16551744  0.17362186  0.20695297  0.15750042  0.02626499  0.02626499  0.01961124  0.00000000  

