20
15_0_0     0.00000000  0.07530436  0.11036901  0.20128392  0.17636260  0.16832770  0.15264027  0.15264027  0.21625883  0.23390749  0.21625883  0.18360220  0.18275022  0.19183745  0.20021255  0.25745300  0.25745300  0.25745300  0.24167094  0.21519764  
14_0_0     0.07530436  0.00000000  0.06263819  0.15419297  0.14640996  0.13874787  0.13874787  0.13874787  0.17471710  0.19091636  0.17471710  0.15338105  0.15264027  0.16122512  0.16919597  0.22386513  0.22386513  0.22386513  0.21740190  0.19183745  
6_0_0      0.11036901  0.06263819  0.00000000  0.13120300  0.12377182  0.17013747  0.17013747  0.17013747  0.15137422  0.16681274  0.16681274  0.15338105  0.15264027  0.14565980  0.15338105  0.22386513  0.22386513  0.22386513  0.23521208  0.20873233  
19_0_0     0.20128392  0.15419297  0.13120300  0.00000000  0.01797053  0.15602844  0.15602844  0.15602844  0.16042161  0.17636260  0.17636260  0.15507557  0.16210079  0.14722981  0.15507557  0.18360220  0.18360220  0.18360220  0.18553488  0.17729777  
16_0_0     0.17636260  0.14640996  0.12377182  0.01797053  0.00000000  0.18054790  0.18054790  0.18054790  0.15264027  0.16832770  0.16832770  0.14722981  0.15419297  0.13950691  0.14722981  0.19183745  0.19183745  0.19183745  0.19391192  0.18553488  
1_0_0      0.16832770  0.13874787  0.17013747  0.15602844  0.18054790  0.00000000  0.01190730  0.01190730  0.14497980  0.16042161  0.14497980  0.13190308  0.13120300  0.13950691  0.14722981  0.20873233  0.20873233  0.20873233  0.17729777  0.15338105  
2_0_0      0.15264027  0.13874787  0.17013747  0.15602844  0.18054790  0.01190730  0.00000000  0.00000000  0.14497980  0.16042161  0.14497980  0.13190308  0.13120300  0.13950691  0.14722981  0.20873233  0.20873233  0.20873233  0.17729777  0.15338105  
3_0_0      0.15264027  0.13874787  0.17013747  0.15602844  0.18054790  0.01190730  0.00000000  0.00000000  0.14497980  0.16042161  0.14497980  0.13190308  0.13120300  0.13950691  0.14722981  0.20873233  0.20873233  0.20873233  0.17729777  0.15338105  
11_0_0     0.21625883  0.17471710  0.15137422  0.16042161  0.15264027  0.14497980  0.14497980  0.14497980  0.00000000  0.01797053  0.01190730  0.06169175  0.06803921  0.05519054  0.06169175  0.20021255  0.20021255  0.20021255  0.19391192  0.16919597  
17_0_0     0.23390749  0.19091636  0.16681274  0.17636260  0.16832770  0.16042161  0.16042161  0.16042161  0.01797053  0.00000000  0.01797053  0.06827980  0.07467096  0.06169175  0.06827980  0.19183745  0.19183745  0.19183745  0.18553488  0.16122512  
20_0_0     0.21625883  0.17471710  0.16681274  0.17636260  0.16832770  0.14497980  0.14497980  0.14497980  0.01190730  0.01797053  0.00000000  0.04877393  0.05503741  0.05519054  0.06169175  0.20021255  0.20021255  0.20021255  0.19391192  0.16919597  
4_0_0      0.18360220  0.15338105  0.15338105  0.15507557  0.14722981  0.13190308  0.13190308  0.13190308  0.06169175  0.06827980  0.04877393  0.00000000  0.00590860  0.00591772  0.01190730  0.18661472  0.18661472  0.18661472  0.17223856  0.14811890  
12_0_0     0.18275022  0.15264027  0.15264027  0.16210079  0.15419297  0.13120300  0.13120300  0.13120300  0.06803921  0.07467096  0.05503741  0.00590860  0.00000000  0.01186154  0.01788722  0.18553488  0.18553488  0.18553488  0.17115178  0.14722981  
10_0_0     0.19183745  0.16122512  0.14565980  0.14722981  0.13950691  0.13950691  0.13950691  0.13950691  0.05519054  0.06169175  0.05519054  0.00591772  0.01186154  0.00000000  0.00591772  0.17830728  0.17830728  0.17830728  0.16406690  0.14033421  
5_0_0      0.20021255  0.16919597  0.15338105  0.15507557  0.14722981  0.14722981  0.14722981  0.14722981  0.06169175  0.06827980  0.06169175  0.01190730  0.01788722  0.00591772  0.00000000  0.18661472  0.18661472  0.18661472  0.17223856  0.14811890  
7_0_0      0.25745300  0.22386513  0.22386513  0.18360220  0.19183745  0.20873233  0.20873233  0.20873233  0.20021255  0.19183745  0.20021255  0.18661472  0.18553488  0.17830728  0.18661472  0.00000000  0.00000000  0.00000000  0.10923718  0.10212739  
13_0_0     0.25745300  0.22386513  0.22386513  0.18360220  0.19183745  0.20873233  0.20873233  0.20873233  0.20021255  0.19183745  0.20021255  0.18661472  0.18553488  0.17830728  0.18661472  0.00000000  0.00000000  0.00000000  0.10923718  0.10212739  
9_0_0      0.25745300  0.22386513  0.22386513  0.18360220  0.19183745  0.20873233  0.20873233  0.20873233  0.20021255  0.19183745  0.20021255  0.18661472  0.18553488  0.17830728  0.18661472  0.00000000  0.00000000  0.00000000  0.10923718  0.10212739  
8_0_0      0.24167094  0.21740190  0.23521208  0.18553488  0.19391192  0.17729777  0.17729777  0.17729777  0.19391192  0.18553488  0.19391192  0.17223856  0.17115178  0.16406690  0.17223856  0.10923718  0.10923718  0.10923718  0.00000000  0.01797053  
18_0_0     0.21519764  0.19183745  0.20873233  0.17729777  0.18553488  0.15338105  0.15338105  0.15338105  0.16919597  0.16122512  0.16919597  0.14811890  0.14722981  0.14033421  0.14811890  0.10212739  0.10212739  0.10212739  0.01797053  0.00000000  

