20
16_0_0     0.00000000  0.04381775  0.24071261  0.24071261  0.28097996  0.29139655  0.27070710  0.28097996  0.29139655  0.45497842  0.49525088  0.49525088  0.46816199  0.48158323  0.46816199  0.56762707  0.56762707  0.50917414  0.49525088  0.53782707  
17_0_0     0.04381775  0.00000000  0.21187991  0.21187991  0.25057711  0.26057407  0.24071261  0.25057711  0.24071261  0.40446167  0.44202426  0.44202426  0.44202426  0.44202426  0.44202426  0.53782707  0.53782707  0.53782707  0.49525088  0.53782707  
14_0_0     0.24071261  0.21187991  0.00000000  0.00000000  0.09037664  0.09842761  0.08241180  0.09037664  0.28097996  0.42929165  0.44202426  0.44202426  0.48158323  0.53782707  0.50917414  0.52336277  0.52336277  0.58298665  0.58298665  0.53782707  
18_0_0     0.24071261  0.21187991  0.00000000  0.00000000  0.09037664  0.09842761  0.08241180  0.09037664  0.28097996  0.42929165  0.44202426  0.44202426  0.48158323  0.53782707  0.50917414  0.52336277  0.52336277  0.58298665  0.58298665  0.53782707  
13_0_0     0.28097996  0.25057711  0.09037664  0.09037664  0.00000000  0.06673328  0.05137816  0.05901613  0.31267745  0.49525088  0.49525088  0.49525088  0.48158323  0.53782707  0.50917414  0.55257798  0.55257798  0.56762707  0.58298665  0.59866981  
20_0_0     0.29139655  0.26057407  0.09842761  0.09842761  0.06673328  0.00000000  0.01432126  0.02158655  0.28097996  0.45497842  0.45497842  0.45497842  0.48158323  0.53782707  0.50917414  0.53782707  0.53782707  0.55257798  0.55257798  0.59866981  
19_0_0     0.27070710  0.24071261  0.08241180  0.08241180  0.05137816  0.01432126  0.00000000  0.00712620  0.28097996  0.42929165  0.42929165  0.42929165  0.45497842  0.50917414  0.48158323  0.55257798  0.55257798  0.55257798  0.55257798  0.56762707  
12_0_0     0.28097996  0.25057711  0.09037664  0.09037664  0.05901613  0.02158655  0.00712620  0.00000000  0.29139655  0.44202426  0.44202426  0.44202426  0.46816199  0.52336277  0.49525088  0.56762707  0.56762707  0.56762707  0.56762707  0.55257798  
15_0_0     0.29139655  0.24071261  0.28097996  0.28097996  0.31267745  0.28097996  0.28097996  0.29139655  0.00000000  0.42929165  0.45497842  0.45497842  0.36870360  0.39235047  0.36870360  0.52336277  0.52336277  0.56762707  0.52336277  0.59866981  
10_0_0     0.45497842  0.40446167  0.42929165  0.42929165  0.49525088  0.45497842  0.42929165  0.44202426  0.42929165  0.00000000  0.04381775  0.04381775  0.18412235  0.21187991  0.18412235  0.29139655  0.29139655  0.19326036  0.14004266  0.21187991  
7_0_0      0.49525088  0.44202426  0.44202426  0.44202426  0.49525088  0.45497842  0.42929165  0.44202426  0.45497842  0.04381775  0.00000000  0.00000000  0.23097711  0.26057407  0.23097711  0.32355044  0.32355044  0.22136727  0.18412235  0.26057407  
11_0_0     0.49525088  0.44202426  0.44202426  0.44202426  0.49525088  0.45497842  0.42929165  0.44202426  0.45497842  0.04381775  0.00000000  0.00000000  0.23097711  0.26057407  0.23097711  0.32355044  0.32355044  0.22136727  0.18412235  0.26057407  
4_0_0      0.46816199  0.44202426  0.48158323  0.48158323  0.48158323  0.48158323  0.45497842  0.46816199  0.36870360  0.18412235  0.23097711  0.23097711  0.00000000  0.03633334  0.05901613  0.28097996  0.28097996  0.22136727  0.20251192  0.22136727  
3_0_0      0.48158323  0.44202426  0.53782707  0.53782707  0.53782707  0.53782707  0.50917414  0.52336277  0.39235047  0.21187991  0.26057407  0.26057407  0.03633334  0.00000000  0.06673328  0.29139655  0.29139655  0.25057711  0.23097711  0.25057711  
5_0_0      0.46816199  0.44202426  0.50917414  0.50917414  0.50917414  0.50917414  0.48158323  0.49525088  0.36870360  0.18412235  0.23097711  0.23097711  0.05901613  0.06673328  0.00000000  0.26057407  0.26057407  0.20251192  0.18412235  0.20251192  
8_0_0      0.56762707  0.53782707  0.52336277  0.52336277  0.55257798  0.53782707  0.55257798  0.56762707  0.52336277  0.29139655  0.32355044  0.32355044  0.28097996  0.29139655  0.26057407  0.00000000  0.00000000  0.27070710  0.21187991  0.29139655  
2_0_0      0.56762707  0.53782707  0.52336277  0.52336277  0.55257798  0.53782707  0.55257798  0.56762707  0.52336277  0.29139655  0.32355044  0.32355044  0.28097996  0.29139655  0.26057407  0.00000000  0.00000000  0.27070710  0.21187991  0.29139655  
9_0_0      0.50917414  0.53782707  0.58298665  0.58298665  0.56762707  0.55257798  0.55257798  0.56762707  0.56762707  0.19326036  0.22136727  0.22136727  0.22136727  0.25057711  0.20251192  0.27070710  0.27070710  0.00000000  0.07453127  0.16617609  
1_0_0      0.49525088  0.49525088  0.58298665  0.58298665  0.58298665  0.55257798  0.55257798  0.56762707  0.52336277  0.14004266  0.18412235  0.18412235  0.20251192  0.23097711  0.18412235  0.21187991  0.21187991  0.07453127  0.00000000  0.13153147  
6_0_0      0.53782707  0.53782707  0.53782707  0.53782707  0.59866981  0.59866981  0.56762707  0.55257798  0.59866981  0.21187991  0.26057407  0.26057407  0.22136727  0.25057711  0.20251192  0.29139655  0.29139655  0.16617609  0.13153147  0.00000000  

