118
99_0_0     0.00000000  0.28141798  0.24922482  0.33601913  0.34313547  0.30821680  0.32198785  0.61668253  0.59629405  0.61668253  0.60641831  0.51089828  0.56672405  0.64835497  0.59629405  0.59629405  0.57645046  0.56672405  0.61668253  0.59629405  0.59629405  0.57645046  0.56672405  0.54764529  0.58630597  0.51991596  0.57645046  0.58630597  0.55712340  0.56672405  0.62709062  0.68143880  0.58630597  0.60641831  0.57645046  0.76489950  0.67024627  0.58630597  0.61668253  0.60641831  0.62709062  0.58630597  0.53828665  0.48448430  0.53828665  0.56672405  0.46738295  0.56672405  0.56672405  0.57645046  0.58630597  0.57645046  0.55712340  0.52904449  0.52904449  0.54764529  0.60641831  0.57645046  0.55712340  0.56672405  0.55712340  0.55712340  0.56672405  0.51991596  0.51089828  0.50198881  0.40266347  0.46738295  0.46738295  0.42627720  0.49318497  0.51991596  0.52904449  0.51089828  0.51089828  0.51089828  0.51089828  0.51991596  0.46738295  0.45897774  0.52904449  0.41832223  0.49318497  0.48448430  0.46738295  0.50198881  0.45066660  0.44244747  0.51991596  0.56672405  0.46738295  0.45897774  0.47588439  0.45897774  0.45897774  0.47588439  0.48448430  0.47588439  0.46738295  0.46738295  0.46738295  0.47588439  0.49318497  0.46738295  0.46738295  0.49318497  0.47588439  0.45897774  0.51991596  0.56672405  0.58630597  0.59629405  0.59629405  0.60641831  0.55712340  0.53828665  0.52904449  0.56672405  
100_0_0    0.28141798  0.00000000  0.05612254  0.20637779  0.20637779  0.21836961  0.21836961  0.56672405  0.58630597  0.56672405  0.59629405  0.44244747  0.50198881  0.50198881  0.48448430  0.50198881  0.50198881  0.51089828  0.54764529  0.52904449  0.46738295  0.45066660  0.45897774  0.39495621  0.40266347  0.46738295  0.50198881  0.51089828  0.48448430  0.49318497  0.51991596  0.56672405  0.47588439  0.52904449  0.47588439  0.54764529  0.56672405  0.54764529  0.56672405  0.51991596  0.51089828  0.52904449  0.48448430  0.46738295  0.52904449  0.50198881  0.43431832  0.41832223  0.57645046  0.53828665  0.55712340  0.52904449  0.48448430  0.50198881  0.51089828  0.54764529  0.51991596  0.49318497  0.49318497  0.52904449  0.50198881  0.50198881  0.49318497  0.46738295  0.48448430  0.47588439  0.49318497  0.53828665  0.53828665  0.54764529  0.48448430  0.50198881  0.50198881  0.58630597  0.60641831  0.60641831  0.58630597  0.59629405  0.41832223  0.44244747  0.47588439  0.41045157  0.50198881  0.49318497  0.45066660  0.51991596  0.47588439  0.47588439  0.48448430  0.51991596  0.38732813  0.42627720  0.42627720  0.41832223  0.41832223  0.38732813  0.37977761  0.44244747  0.45897774  0.46738295  0.47588439  0.45066660  0.48448430  0.45897774  0.47588439  0.45066660  0.46738295  0.46738295  0.50198881  0.54764529  0.50198881  0.57645046  0.57645046  0.56672405  0.51089828  0.50198881  0.49318497  0.52904449  
98_0_0     0.24922482  0.05612254  0.00000000  0.16025816  0.17152231  0.17152231  0.17152231  0.53828665  0.55712340  0.55712340  0.58630597  0.41045157  0.48448430  0.52904449  0.50198881  0.50198881  0.54764529  0.53828665  0.57645046  0.55712340  0.48448430  0.48448430  0.49318497  0.40266347  0.41045157  0.46738295  0.46738295  0.47588439  0.46738295  0.47588439  0.53828665  0.58630597  0.51089828  0.52904449  0.47588439  0.54764529  0.58630597  0.54764529  0.56672405  0.51991596  0.51089828  0.52904449  0.45897774  0.44244747  0.50198881  0.47588439  0.41045157  0.41045157  0.51089828  0.51089828  0.53828665  0.51089828  0.45897774  0.48448430  0.48448430  0.54764529  0.51991596  0.45897774  0.45897774  0.53828665  0.49318497  0.51089828  0.53828665  0.45066660  0.44244747  0.41832223  0.48448430  0.49318497  0.49318497  0.51991596  0.49318497  0.49318497  0.49318497  0.55712340  0.57645046  0.57645046  0.55712340  0.56672405  0.42627720  0.45066660  0.48448430  0.41832223  0.47588439  0.46738295  0.44244747  0.52904449  0.46738295  0.48448430  0.47588439  0.51991596  0.42627720  0.43431832  0.43431832  0.42627720  0.42627720  0.39495621  0.38732813  0.45066660  0.46738295  0.49318497  0.51991596  0.49318497  0.48448430  0.45897774  0.45897774  0.45897774  0.47588439  0.47588439  0.51089828  0.54764529  0.48448430  0.53828665  0.53828665  0.54764529  0.51089828  0.50198881  0.49318497  0.52904449  
96_0_0     0.33601913  0.20637779  0.16025816  0.00000000  0.01824023  0.09093302  0.09604189  0.43431832  0.47588439  0.45897774  0.45897774  0.38732813  0.41832223  0.54764529  0.40266347  0.41832223  0.49318497  0.53828665  0.61668253  0.60641831  0.45897774  0.46738295  0.45897774  0.38732813  0.41045157  0.42627720  0.44244747  0.46738295  0.44244747  0.44244747  0.50198881  0.54764529  0.52904449  0.48448430  0.49318497  0.49318497  0.56672405  0.53828665  0.53828665  0.53828665  0.51089828  0.52904449  0.44244747  0.41045157  0.45897774  0.37977761  0.37230310  0.40266347  0.46738295  0.45897774  0.51991596  0.51089828  0.46738295  0.51089828  0.48448430  0.37977761  0.38732813  0.39495621  0.39495621  0.50198881  0.45897774  0.47588439  0.46738295  0.36490308  0.34313547  0.32198785  0.42627720  0.42627720  0.42627720  0.50198881  0.50198881  0.48448430  0.47588439  0.49318497  0.48448430  0.48448430  0.46738295  0.47588439  0.46738295  0.45897774  0.46738295  0.37230310  0.45897774  0.45066660  0.44244747  0.55712340  0.49318497  0.49318497  0.46738295  0.48448430  0.46738295  0.48448430  0.48448430  0.46738295  0.48448430  0.45897774  0.45066660  0.41832223  0.44244747  0.45897774  0.45897774  0.42627720  0.45066660  0.42627720  0.42627720  0.45066660  0.46738295  0.45066660  0.45066660  0.45066660  0.44244747  0.45066660  0.45066660  0.44244747  0.41832223  0.43431832  0.42627720  0.45897774  
97_0_0     0.34313547  0.20637779  0.17152231  0.01824023  0.00000000  0.10118616  0.10636631  0.43431832  0.47588439  0.45066660  0.45897774  0.38732813  0.40266347  0.54764529  0.41832223  0.43431832  0.49318497  0.53828665  0.61668253  0.60641831  0.45897774  0.45066660  0.44244747  0.37230310  0.39495621  0.41832223  0.44244747  0.45897774  0.43431832  0.43431832  0.48448430  0.52904449  0.51089828  0.48448430  0.47588439  0.51089828  0.56672405  0.52904449  0.52904449  0.53828665  0.51089828  0.52904449  0.42627720  0.41045157  0.44244747  0.37230310  0.35032067  0.40266347  0.45897774  0.43431832  0.52904449  0.51991596  0.44244747  0.50198881  0.50198881  0.37230310  0.37977761  0.41045157  0.41045157  0.53828665  0.49318497  0.51089828  0.48448430  0.36490308  0.34313547  0.32198785  0.45066660  0.45066660  0.45066660  0.51089828  0.52904449  0.47588439  0.46738295  0.48448430  0.47588439  0.47588439  0.45897774  0.46738295  0.45897774  0.45066660  0.45897774  0.37977761  0.48448430  0.47588439  0.45066660  0.54764529  0.48448430  0.48448430  0.47588439  0.49318497  0.46738295  0.47588439  0.47588439  0.45897774  0.47588439  0.45066660  0.45066660  0.43431832  0.45066660  0.46738295  0.45066660  0.41832223  0.44244747  0.43431832  0.43431832  0.44244747  0.45897774  0.44244747  0.42627720  0.44244747  0.45066660  0.42627720  0.42627720  0.41832223  0.39495621  0.41045157  0.41832223  0.45066660  
96_10_0    0.30821680  0.21836961  0.17152231  0.09093302  0.10118616  0.00000000  0.02287116  0.46738295  0.52904449  0.50198881  0.51089828  0.41832223  0.44244747  0.54764529  0.47588439  0.49318497  0.44244747  0.48448430  0.53828665  0.51991596  0.47588439  0.45066660  0.45897774  0.40266347  0.40266347  0.41832223  0.45066660  0.47588439  0.45897774  0.45897774  0.47588439  0.53828665  0.50198881  0.46738295  0.49318497  0.54764529  0.64835497  0.57645046  0.56672405  0.59629405  0.56672405  0.56672405  0.44244747  0.41832223  0.45066660  0.41832223  0.39495621  0.43431832  0.45897774  0.48448430  0.51089828  0.51991596  0.46738295  0.52904449  0.47588439  0.39495621  0.45897774  0.41832223  0.41832223  0.52904449  0.48448430  0.50198881  0.48448430  0.38732813  0.38732813  0.37977761  0.42627720  0.45897774  0.45897774  0.45897774  0.51089828  0.47588439  0.46738295  0.50198881  0.50198881  0.50198881  0.48448430  0.50198881  0.50198881  0.49318497  0.51089828  0.41045157  0.51089828  0.50198881  0.49318497  0.49318497  0.48448430  0.48448430  0.46738295  0.49318497  0.47588439  0.51089828  0.51089828  0.49318497  0.49318497  0.42627720  0.41832223  0.41045157  0.42627720  0.45066660  0.44244747  0.44244747  0.50198881  0.47588439  0.45897774  0.44244747  0.45897774  0.44244747  0.49318497  0.47588439  0.41832223  0.50198881  0.50198881  0.49318497  0.46738295  0.48448430  0.47588439  0.50198881  
97_10_0    0.32198785  0.21836961  0.17152231  0.09604189  0.10636631  0.02287116  0.00000000  0.45897774  0.51991596  0.49318497  0.51089828  0.40266347  0.43431832  0.53828665  0.49318497  0.49318497  0.45897774  0.48448430  0.53828665  0.51991596  0.46738295  0.44244747  0.45897774  0.40266347  0.40266347  0.41832223  0.46738295  0.48448430  0.45066660  0.45066660  0.46738295  0.52904449  0.51089828  0.45897774  0.49318497  0.56672405  0.65921995  0.58630597  0.57645046  0.59629405  0.56672405  0.57645046  0.45066660  0.42627720  0.45066660  0.42627720  0.39495621  0.40266347  0.45066660  0.47588439  0.50198881  0.51089828  0.47588439  0.52904449  0.46738295  0.41045157  0.46738295  0.41832223  0.42627720  0.53828665  0.49318497  0.51089828  0.46738295  0.37977761  0.37230310  0.36490308  0.42627720  0.44244747  0.44244747  0.45897774  0.51089828  0.48448430  0.47588439  0.51991596  0.51991596  0.51991596  0.50198881  0.51991596  0.49318497  0.49318497  0.51089828  0.42627720  0.50198881  0.49318497  0.50198881  0.48448430  0.47588439  0.47588439  0.45066660  0.47588439  0.46738295  0.50198881  0.50198881  0.50198881  0.48448430  0.43431832  0.42627720  0.41045157  0.41832223  0.45066660  0.43431832  0.42627720  0.48448430  0.47588439  0.45897774  0.45066660  0.46738295  0.45066660  0.48448430  0.47588439  0.41045157  0.50198881  0.50198881  0.49318497  0.45066660  0.46738295  0.45897774  0.48448430  
58_0_0     0.61668253  0.56672405  0.53828665  0.43431832  0.43431832  0.46738295  0.45897774  0.00000000  0.10118616  0.10636631  0.07581399  0.29469650  0.30821680  0.36490308  0.37230310  0.37230310  0.50198881  0.47588439  0.50198881  0.48448430  0.44244747  0.37230310  0.39495621  0.47588439  0.47588439  0.42627720  0.40266347  0.41045157  0.38732813  0.40266347  0.35757608  0.35032067  0.36490308  0.35757608  0.38732813  0.50198881  0.42627720  0.39495621  0.37230310  0.40266347  0.39495621  0.36490308  0.44244747  0.42627720  0.35032067  0.36490308  0.37230310  0.39495621  0.35032067  0.38732813  0.51089828  0.48448430  0.41832223  0.51089828  0.37977761  0.33601913  0.33601913  0.38732813  0.41045157  0.41045157  0.41832223  0.40266347  0.40266347  0.32198785  0.30821680  0.31507040  0.35032067  0.36490308  0.36490308  0.41045157  0.48448430  0.41045157  0.41832223  0.38732813  0.40266347  0.40266347  0.40266347  0.39495621  0.40266347  0.41045157  0.39495621  0.37977761  0.34313547  0.35032067  0.36490308  0.47588439  0.44244747  0.44244747  0.44244747  0.45897774  0.45066660  0.43431832  0.43431832  0.45066660  0.45066660  0.43431832  0.41045157  0.35032067  0.32198785  0.41045157  0.35032067  0.35757608  0.41832223  0.43431832  0.43431832  0.39495621  0.39495621  0.36490308  0.35032067  0.51089828  0.45066660  0.44244747  0.44244747  0.44244747  0.44244747  0.44244747  0.45066660  0.46738295  
81_0_0     0.59629405  0.58630597  0.55712340  0.47588439  0.47588439  0.52904449  0.51991596  0.10118616  0.00000000  0.10118616  0.09093302  0.30821680  0.32897035  0.42627720  0.35032067  0.35032067  0.51089828  0.45066660  0.52904449  0.52904449  0.41045157  0.40266347  0.42627720  0.45066660  0.45897774  0.46738295  0.44244747  0.46738295  0.42627720  0.44244747  0.35032067  0.37230310  0.38732813  0.36490308  0.39495621  0.47588439  0.50198881  0.43431832  0.43431832  0.45066660  0.43431832  0.45066660  0.47588439  0.44244747  0.37230310  0.35757608  0.37977761  0.39495621  0.41832223  0.41045157  0.52904449  0.48448430  0.47588439  0.50198881  0.44244747  0.30142587  0.34313547  0.41832223  0.42627720  0.38732813  0.37977761  0.36490308  0.40266347  0.32198785  0.28802756  0.29469650  0.35757608  0.33601913  0.33601913  0.37977761  0.44244747  0.42627720  0.41832223  0.37977761  0.37977761  0.37977761  0.37977761  0.38732813  0.36490308  0.37230310  0.35757608  0.33601913  0.37230310  0.37977761  0.39495621  0.41832223  0.41045157  0.41045157  0.44244747  0.47588439  0.43431832  0.40266347  0.40266347  0.41832223  0.41832223  0.45066660  0.42627720  0.39495621  0.41045157  0.41045157  0.35032067  0.32897035  0.40266347  0.43431832  0.43431832  0.36490308  0.36490308  0.35032067  0.28141798  0.44244747  0.41832223  0.41832223  0.41832223  0.40266347  0.45066660  0.46738295  0.47588439  0.49318497  
21_0_0     0.61668253  0.56672405  0.55712340  0.45897774  0.45066660  0.50198881  0.49318497  0.10636631  0.10118616  0.00000000  0.07581399  0.31507040  0.30142587  0.46738295  0.36490308  0.36490308  0.47588439  0.45066660  0.54764529  0.54764529  0.44244747  0.45897774  0.45066660  0.45066660  0.42627720  0.45897774  0.45066660  0.45897774  0.38732813  0.40266347  0.34313547  0.37977761  0.37977761  0.37230310  0.33601913  0.48448430  0.45897774  0.39495621  0.39495621  0.45066660  0.42627720  0.42627720  0.45897774  0.44244747  0.41045157  0.29469650  0.35757608  0.41045157  0.35032067  0.37977761  0.48448430  0.44244747  0.45897774  0.48448430  0.41832223  0.28802756  0.31507040  0.41045157  0.40266347  0.38732813  0.37977761  0.36490308  0.40266347  0.27486672  0.32198785  0.32897035  0.36490308  0.39495621  0.37977761  0.39495621  0.43431832  0.37977761  0.38732813  0.35757608  0.35757608  0.35757608  0.37230310  0.36490308  0.40266347  0.39495621  0.39495621  0.36490308  0.36490308  0.37230310  0.38732813  0.44244747  0.44244747  0.44244747  0.44244747  0.47588439  0.44244747  0.39495621  0.39495621  0.41045157  0.41045157  0.45066660  0.45897774  0.37977761  0.39495621  0.36490308  0.39495621  0.37230310  0.41832223  0.45066660  0.45066660  0.41832223  0.40266347  0.38732813  0.29469650  0.49318497  0.48448430  0.45897774  0.45897774  0.44244747  0.44244747  0.47588439  0.48448430  0.48448430  
80_0_0     0.60641831  0.59629405  0.58630597  0.45897774  0.45897774  0.51089828  0.51089828  0.07581399  0.09093302  0.07581399  0.00000000  0.32897035  0.31507040  0.40266347  0.36490308  0.36490308  0.51991596  0.49318497  0.53828665  0.51991596  0.45897774  0.41045157  0.41832223  0.46738295  0.46738295  0.41045157  0.40266347  0.44244747  0.38732813  0.40266347  0.35032067  0.37230310  0.38732813  0.37977761  0.32198785  0.51089828  0.48448430  0.41832223  0.41045157  0.45897774  0.43431832  0.38732813  0.44244747  0.42627720  0.35757608  0.30821680  0.34313547  0.37977761  0.39495621  0.42627720  0.50198881  0.47588439  0.45897774  0.53828665  0.42627720  0.32897035  0.35757608  0.40266347  0.41045157  0.39495621  0.38732813  0.37230310  0.42627720  0.31507040  0.32198785  0.32897035  0.33601913  0.37977761  0.36490308  0.37977761  0.46738295  0.39495621  0.38732813  0.33601913  0.35032067  0.35032067  0.36490308  0.34313547  0.38732813  0.37977761  0.36490308  0.33601913  0.37230310  0.37977761  0.39495621  0.45897774  0.42627720  0.44244747  0.42627720  0.45897774  0.40266347  0.38732813  0.38732813  0.40266347  0.40266347  0.45066660  0.44244747  0.37977761  0.39495621  0.42627720  0.36490308  0.37230310  0.43431832  0.45066660  0.45066660  0.42627720  0.41045157  0.37977761  0.32198785  0.47588439  0.46738295  0.40266347  0.40266347  0.38732813  0.44244747  0.45897774  0.46738295  0.46738295  
6_0_0      0.51089828  0.44244747  0.41045157  0.38732813  0.38732813  0.41832223  0.40266347  0.29469650  0.30821680  0.31507040  0.32897035  0.00000000  0.05612254  0.30142587  0.20045373  0.17721912  0.37977761  0.37230310  0.36490308  0.36490308  0.34313547  0.32198785  0.34313547  0.36490308  0.35757608  0.34313547  0.33601913  0.32897035  0.35032067  0.36490308  0.28802756  0.30821680  0.30821680  0.37977761  0.26837275  0.35032067  0.32198785  0.33601913  0.32897035  0.32897035  0.30821680  0.27486672  0.43431832  0.41045157  0.41045157  0.32198785  0.28141798  0.35757608  0.34313547  0.42627720  0.47588439  0.45066660  0.36490308  0.44244747  0.35757608  0.33601913  0.33601913  0.35757608  0.33601913  0.37230310  0.36490308  0.37977761  0.31507040  0.31507040  0.21234949  0.23055827  0.30821680  0.27486672  0.27486672  0.31507040  0.36490308  0.27486672  0.28802756  0.40266347  0.40266347  0.40266347  0.38732813  0.38732813  0.27486672  0.26837275  0.30142587  0.24922482  0.37977761  0.37230310  0.38732813  0.30821680  0.30821680  0.30821680  0.31507040  0.39495621  0.32198785  0.35032067  0.35032067  0.33601913  0.33601913  0.35032067  0.32897035  0.35757608  0.34313547  0.34313547  0.28802756  0.30821680  0.36490308  0.33601913  0.33601913  0.35032067  0.35032067  0.31507040  0.27486672  0.36490308  0.35757608  0.42627720  0.42627720  0.39495621  0.31507040  0.31507040  0.32198785  0.35757608  
66_0_0     0.56672405  0.50198881  0.48448430  0.41832223  0.40266347  0.44244747  0.43431832  0.30821680  0.32897035  0.30142587  0.31507040  0.05612254  0.00000000  0.31507040  0.21234949  0.21234949  0.41832223  0.41045157  0.40266347  0.40266347  0.31507040  0.31507040  0.32198785  0.38732813  0.39495621  0.33601913  0.35757608  0.35032067  0.37230310  0.38732813  0.33601913  0.32897035  0.34313547  0.40266347  0.25555276  0.35757608  0.35032067  0.35032067  0.35032067  0.35757608  0.33601913  0.30142587  0.37977761  0.37230310  0.38732813  0.33601913  0.29469650  0.38732813  0.35032067  0.39495621  0.46738295  0.45897774  0.35757608  0.42627720  0.37230310  0.32198785  0.33601913  0.36490308  0.32897035  0.37230310  0.36490308  0.37977761  0.34313547  0.30142587  0.22443893  0.24295035  0.33601913  0.31507040  0.31507040  0.32897035  0.37977761  0.27486672  0.28802756  0.37230310  0.37230310  0.37230310  0.37230310  0.37230310  0.31507040  0.29469650  0.31507040  0.28802756  0.36490308  0.35757608  0.37230310  0.35032067  0.32198785  0.32198785  0.32897035  0.37230310  0.32198785  0.36490308  0.36490308  0.35032067  0.35032067  0.36490308  0.35757608  0.31507040  0.31507040  0.30142587  0.30142587  0.30821680  0.36490308  0.35032067  0.33601913  0.33601913  0.33601913  0.31507040  0.30142587  0.37230310  0.37977761  0.40266347  0.40266347  0.37230310  0.32198785  0.33601913  0.34313547  0.36490308  
64_0_0     0.64835497  0.50198881  0.52904449  0.54764529  0.54764529  0.54764529  0.53828665  0.36490308  0.42627720  0.46738295  0.40266347  0.30142587  0.31507040  0.00000000  0.18295997  0.17152231  0.51089828  0.48448430  0.45897774  0.44244747  0.37230310  0.34313547  0.36490308  0.46738295  0.48448430  0.43431832  0.43431832  0.45897774  0.45066660  0.46738295  0.44244747  0.42627720  0.41045157  0.47588439  0.32198785  0.44244747  0.37230310  0.41045157  0.38732813  0.37230310  0.35757608  0.41045157  0.43431832  0.42627720  0.45897774  0.36490308  0.35757608  0.38732813  0.45897774  0.47588439  0.43431832  0.44244747  0.44244747  0.50198881  0.45897774  0.45897774  0.44244747  0.45897774  0.45066660  0.42627720  0.40266347  0.38732813  0.37230310  0.40266347  0.37230310  0.37977761  0.47588439  0.41832223  0.41832223  0.47588439  0.48448430  0.42627720  0.42627720  0.41045157  0.43431832  0.43431832  0.43431832  0.44244747  0.42627720  0.41832223  0.41045157  0.41045157  0.45897774  0.43431832  0.48448430  0.51089828  0.42627720  0.44244747  0.45897774  0.52904449  0.45066660  0.43431832  0.45066660  0.45066660  0.46738295  0.42627720  0.43431832  0.41832223  0.42627720  0.50198881  0.37230310  0.41045157  0.50198881  0.48448430  0.48448430  0.45066660  0.46738295  0.45066660  0.41832223  0.48448430  0.44244747  0.44244747  0.44244747  0.45066660  0.41045157  0.41045157  0.41832223  0.41832223  
20_0_0     0.59629405  0.48448430  0.50198881  0.40266347  0.41832223  0.47588439  0.49318497  0.37230310  0.35032067  0.36490308  0.36490308  0.20045373  0.21234949  0.18295997  0.00000000  0.01824023  0.39495621  0.43431832  0.42627720  0.42627720  0.30142587  0.31507040  0.30821680  0.40266347  0.41045157  0.41045157  0.37230310  0.41045157  0.40266347  0.41832223  0.35032067  0.38732813  0.35757608  0.45066660  0.32198785  0.35032067  0.38732813  0.41832223  0.41045157  0.39495621  0.37230310  0.39495621  0.48448430  0.43431832  0.45066660  0.30142587  0.31507040  0.36490308  0.41832223  0.43431832  0.49318497  0.46738295  0.42627720  0.48448430  0.40266347  0.32897035  0.33601913  0.37977761  0.35757608  0.37230310  0.33601913  0.35032067  0.37977761  0.35032067  0.34313547  0.35032067  0.37977761  0.37977761  0.37977761  0.41045157  0.42627720  0.36490308  0.35757608  0.37977761  0.37977761  0.37977761  0.37977761  0.39495621  0.40266347  0.37977761  0.37230310  0.31507040  0.39495621  0.38732813  0.38732813  0.46738295  0.39495621  0.39495621  0.37977761  0.45066660  0.37977761  0.37977761  0.37977761  0.37977761  0.39495621  0.41045157  0.41832223  0.35757608  0.38732813  0.38732813  0.32897035  0.34313547  0.45897774  0.42627720  0.42627720  0.42627720  0.42627720  0.40266347  0.33601913  0.37230310  0.36490308  0.39495621  0.39495621  0.37977761  0.35032067  0.39495621  0.40266347  0.41045157  
90_0_0     0.59629405  0.50198881  0.50198881  0.41832223  0.43431832  0.49318497  0.49318497  0.37230310  0.35032067  0.36490308  0.36490308  0.17721912  0.21234949  0.17152231  0.01824023  0.00000000  0.41045157  0.43431832  0.42627720  0.42627720  0.31507040  0.32897035  0.32198785  0.41832223  0.42627720  0.42627720  0.38732813  0.41045157  0.40266347  0.41832223  0.35032067  0.38732813  0.37230310  0.45066660  0.33601913  0.35032067  0.37230310  0.40266347  0.39495621  0.37977761  0.35757608  0.37977761  0.50198881  0.45066660  0.46738295  0.31507040  0.32897035  0.36490308  0.40266347  0.43431832  0.48448430  0.45897774  0.43431832  0.50198881  0.41832223  0.34313547  0.35032067  0.39495621  0.37230310  0.40266347  0.36490308  0.37977761  0.37977761  0.35032067  0.32897035  0.33601913  0.36490308  0.36490308  0.36490308  0.39495621  0.43431832  0.36490308  0.35757608  0.39495621  0.39495621  0.39495621  0.39495621  0.39495621  0.38732813  0.36490308  0.35757608  0.31507040  0.39495621  0.38732813  0.40266347  0.45066660  0.37977761  0.37977761  0.36490308  0.43431832  0.37977761  0.37977761  0.37977761  0.37977761  0.39495621  0.42627720  0.43431832  0.37230310  0.40266347  0.40266347  0.32897035  0.34313547  0.45897774  0.44244747  0.44244747  0.44244747  0.44244747  0.41832223  0.32198785  0.38732813  0.39495621  0.42627720  0.42627720  0.41045157  0.36490308  0.41045157  0.41832223  0.42627720  
11_0_0     0.57645046  0.50198881  0.54764529  0.49318497  0.49318497  0.44244747  0.45897774  0.50198881  0.51089828  0.47588439  0.51991596  0.37977761  0.41832223  0.51089828  0.39495621  0.41045157  0.00000000  0.06590299  0.11158286  0.11158286  0.28802756  0.24922482  0.23055827  0.27486672  0.26193509  0.28141798  0.33601913  0.37230310  0.33601913  0.34313547  0.41832223  0.44244747  0.44244747  0.43431832  0.40266347  0.54764529  0.48448430  0.49318497  0.48448430  0.51089828  0.47588439  0.44244747  0.43431832  0.41045157  0.51089828  0.36490308  0.41045157  0.48448430  0.45066660  0.45897774  0.61668253  0.60641831  0.45066660  0.50198881  0.47588439  0.38732813  0.43431832  0.48448430  0.45897774  0.44244747  0.42627720  0.41832223  0.41045157  0.42627720  0.44244747  0.45066660  0.45897774  0.50198881  0.49318497  0.45897774  0.46738295  0.48448430  0.47588439  0.50198881  0.48448430  0.48448430  0.49318497  0.49318497  0.47588439  0.48448430  0.47588439  0.46738295  0.48448430  0.46738295  0.45897774  0.47588439  0.45066660  0.43431832  0.45897774  0.52904449  0.41832223  0.45066660  0.45066660  0.45066660  0.45066660  0.47588439  0.45897774  0.52904449  0.54764529  0.48448430  0.43431832  0.47588439  0.57645046  0.51991596  0.51991596  0.46738295  0.48448430  0.46738295  0.44244747  0.50198881  0.48448430  0.57645046  0.57645046  0.55712340  0.45066660  0.45066660  0.45897774  0.49318497  
30_0_0     0.56672405  0.51089828  0.53828665  0.53828665  0.53828665  0.48448430  0.48448430  0.47588439  0.45066660  0.45066660  0.49318497  0.37230310  0.41045157  0.48448430  0.43431832  0.43431832  0.06590299  0.00000000  0.08081954  0.08081954  0.28802756  0.23672846  0.23055827  0.26193509  0.24922482  0.26837275  0.35032067  0.37230310  0.32198785  0.32897035  0.37977761  0.38732813  0.40266347  0.41045157  0.39495621  0.57645046  0.45897774  0.48448430  0.48448430  0.46738295  0.43431832  0.46738295  0.45897774  0.43431832  0.51991596  0.40266347  0.45066660  0.49318497  0.49318497  0.46738295  0.57645046  0.54764529  0.46738295  0.51991596  0.48448430  0.41045157  0.44244747  0.52904449  0.51991596  0.45066660  0.43431832  0.42627720  0.43431832  0.43431832  0.41832223  0.42627720  0.43431832  0.46738295  0.45897774  0.41832223  0.41832223  0.46738295  0.46738295  0.47588439  0.45897774  0.45897774  0.46738295  0.48448430  0.41832223  0.44244747  0.45066660  0.45897774  0.47588439  0.45897774  0.50198881  0.47588439  0.42627720  0.42627720  0.48448430  0.51991596  0.44244747  0.45897774  0.45897774  0.47588439  0.45897774  0.46738295  0.45066660  0.53828665  0.53828665  0.49318497  0.44244747  0.48448430  0.53828665  0.50198881  0.50198881  0.45897774  0.47588439  0.45897774  0.45066660  0.54764529  0.51089828  0.62709062  0.62709062  0.58630597  0.49318497  0.49318497  0.50198881  0.53828665  
34_0_0     0.61668253  0.54764529  0.57645046  0.61668253  0.61668253  0.53828665  0.53828665  0.50198881  0.52904449  0.54764529  0.53828665  0.36490308  0.40266347  0.45897774  0.42627720  0.42627720  0.11158286  0.08081954  0.00000000  0.00906411  0.28141798  0.23055827  0.23672846  0.30821680  0.26193509  0.28802756  0.35757608  0.39495621  0.37230310  0.37977761  0.41832223  0.45897774  0.45897774  0.41832223  0.41832223  0.52904449  0.48448430  0.51089828  0.51089828  0.47588439  0.45897774  0.47588439  0.45066660  0.42627720  0.49318497  0.42627720  0.41045157  0.43431832  0.46738295  0.47588439  0.56672405  0.55712340  0.45897774  0.55712340  0.49318497  0.50198881  0.51991596  0.49318497  0.50198881  0.47588439  0.45897774  0.45066660  0.45897774  0.45897774  0.42627720  0.43431832  0.44244747  0.46738295  0.45897774  0.45897774  0.47588439  0.45066660  0.46738295  0.46738295  0.47588439  0.47588439  0.48448430  0.50198881  0.45897774  0.48448430  0.45897774  0.46738295  0.49318497  0.47588439  0.48448430  0.44244747  0.43431832  0.43431832  0.44244747  0.45897774  0.41045157  0.42627720  0.42627720  0.44244747  0.42627720  0.47588439  0.45897774  0.51089828  0.51089828  0.51991596  0.46738295  0.51089828  0.55712340  0.51991596  0.51991596  0.49318497  0.51089828  0.49318497  0.44244747  0.55712340  0.50198881  0.58630597  0.58630597  0.56672405  0.51991596  0.48448430  0.49318497  0.51089828  
44_0_0     0.59629405  0.52904449  0.55712340  0.60641831  0.60641831  0.51991596  0.51991596  0.48448430  0.52904449  0.54764529  0.51991596  0.36490308  0.40266347  0.44244747  0.42627720  0.42627720  0.11158286  0.08081954  0.00906411  0.00000000  0.28141798  0.21836961  0.22443893  0.30821680  0.26193509  0.27486672  0.34313547  0.37977761  0.37230310  0.37977761  0.40266347  0.44244747  0.44244747  0.40266347  0.40266347  0.52904449  0.46738295  0.49318497  0.49318497  0.45897774  0.44244747  0.45897774  0.45066660  0.41045157  0.47588439  0.42627720  0.41045157  0.41832223  0.46738295  0.47588439  0.56672405  0.55712340  0.44244747  0.54764529  0.47588439  0.50198881  0.51991596  0.49318497  0.50198881  0.47588439  0.45897774  0.45066660  0.45897774  0.44244747  0.42627720  0.43431832  0.42627720  0.46738295  0.45897774  0.45897774  0.47588439  0.43431832  0.45066660  0.45066660  0.47588439  0.47588439  0.48448430  0.50198881  0.45897774  0.48448430  0.45897774  0.46738295  0.49318497  0.47588439  0.48448430  0.44244747  0.43431832  0.43431832  0.45897774  0.47588439  0.41045157  0.42627720  0.42627720  0.44244747  0.42627720  0.47588439  0.45897774  0.51089828  0.49318497  0.51991596  0.46738295  0.51089828  0.55712340  0.51991596  0.51991596  0.49318497  0.51089828  0.49318497  0.44244747  0.55712340  0.50198881  0.56672405  0.56672405  0.54764529  0.51991596  0.48448430  0.49318497  0.51089828  
29_0_0     0.59629405  0.46738295  0.48448430  0.45897774  0.45897774  0.47588439  0.46738295  0.44244747  0.41045157  0.44244747  0.45897774  0.34313547  0.31507040  0.37230310  0.30142587  0.31507040  0.28802756  0.28802756  0.28141798  0.28141798  0.00000000  0.13282342  0.13822988  0.21836961  0.21836961  0.21836961  0.28141798  0.31507040  0.29469650  0.30821680  0.41832223  0.42627720  0.42627720  0.45066660  0.43431832  0.50198881  0.42627720  0.45066660  0.45066660  0.45066660  0.45066660  0.49318497  0.47588439  0.43431832  0.45066660  0.45897774  0.37977761  0.45897774  0.44244747  0.41045157  0.51991596  0.52904449  0.41045157  0.49318497  0.51991596  0.45066660  0.50198881  0.50198881  0.45897774  0.44244747  0.43431832  0.43431832  0.42627720  0.43431832  0.41832223  0.44244747  0.45066660  0.41832223  0.42627720  0.50198881  0.53828665  0.47588439  0.47588439  0.50198881  0.50198881  0.50198881  0.49318497  0.52904449  0.47588439  0.45066660  0.49318497  0.45897774  0.45066660  0.43431832  0.42627720  0.51991596  0.44244747  0.42627720  0.51991596  0.52904449  0.44244747  0.44244747  0.45897774  0.47588439  0.45897774  0.53828665  0.53828665  0.46738295  0.45066660  0.47588439  0.46738295  0.43431832  0.55712340  0.53828665  0.53828665  0.48448430  0.50198881  0.49318497  0.46738295  0.45897774  0.43431832  0.49318497  0.49318497  0.49318497  0.41832223  0.45897774  0.46738295  0.46738295  
72_0_0     0.57645046  0.45066660  0.48448430  0.46738295  0.45066660  0.45066660  0.44244747  0.37230310  0.40266347  0.45897774  0.41045157  0.32198785  0.31507040  0.34313547  0.31507040  0.32897035  0.24922482  0.23672846  0.23055827  0.21836961  0.13282342  0.00000000  0.02287116  0.17721912  0.18874555  0.15468952  0.24922482  0.24295035  0.23672846  0.24922482  0.37230310  0.37977761  0.37977761  0.39495621  0.34313547  0.51089828  0.47588439  0.45066660  0.44244747  0.45066660  0.41832223  0.44244747  0.45066660  0.41045157  0.42627720  0.43431832  0.37977761  0.43431832  0.47588439  0.45066660  0.51991596  0.54764529  0.44244747  0.53828665  0.47588439  0.41832223  0.45066660  0.45897774  0.43431832  0.44244747  0.41832223  0.41832223  0.43431832  0.39495621  0.39495621  0.40266347  0.40266347  0.42627720  0.43431832  0.51089828  0.53828665  0.46738295  0.46738295  0.43431832  0.45066660  0.45066660  0.44244747  0.45897774  0.43431832  0.42627720  0.45066660  0.42627720  0.45897774  0.44244747  0.45066660  0.45897774  0.41045157  0.39495621  0.42627720  0.46738295  0.40266347  0.41832223  0.43431832  0.45066660  0.43431832  0.46738295  0.45066660  0.43431832  0.41832223  0.45066660  0.37977761  0.39495621  0.50198881  0.46738295  0.46738295  0.42627720  0.44244747  0.43431832  0.39495621  0.42627720  0.41045157  0.44244747  0.44244747  0.41045157  0.42627720  0.46738295  0.47588439  0.48448430  
63_0_0     0.56672405  0.45897774  0.49318497  0.45897774  0.44244747  0.45897774  0.45897774  0.39495621  0.42627720  0.45066660  0.41832223  0.34313547  0.32198785  0.36490308  0.30821680  0.32198785  0.23055827  0.23055827  0.23672846  0.22443893  0.13822988  0.02287116  0.00000000  0.17152231  0.19457656  0.12745605  0.23055827  0.22443893  0.21836961  0.23055827  0.39495621  0.41832223  0.40266347  0.41832223  0.36490308  0.51991596  0.46738295  0.45897774  0.45066660  0.45897774  0.42627720  0.45066660  0.45897774  0.41832223  0.46738295  0.44244747  0.40266347  0.45897774  0.48448430  0.45897774  0.54764529  0.57645046  0.45066660  0.53828665  0.49318497  0.41045157  0.45066660  0.50198881  0.45897774  0.43431832  0.41045157  0.41045157  0.44244747  0.41832223  0.41832223  0.42627720  0.41045157  0.43431832  0.44244747  0.48448430  0.54764529  0.47588439  0.47588439  0.42627720  0.44244747  0.44244747  0.45066660  0.45066660  0.45897774  0.43431832  0.44244747  0.41832223  0.45066660  0.43431832  0.44244747  0.46738295  0.43431832  0.41832223  0.41832223  0.45897774  0.39495621  0.41045157  0.42627720  0.44244747  0.42627720  0.47588439  0.45897774  0.42627720  0.42627720  0.42627720  0.38732813  0.40266347  0.51089828  0.47588439  0.47588439  0.43431832  0.45066660  0.45897774  0.41832223  0.42627720  0.42627720  0.44244747  0.44244747  0.41045157  0.42627720  0.48448430  0.49318497  0.50198881  
29_9_0     0.54764529  0.39495621  0.40266347  0.38732813  0.37230310  0.40266347  0.40266347  0.47588439  0.45066660  0.45066660  0.46738295  0.36490308  0.38732813  0.46738295  0.40266347  0.41832223  0.27486672  0.26193509  0.30821680  0.30821680  0.21836961  0.17721912  0.17152231  0.00000000  0.07084195  0.18295997  0.26837275  0.25555276  0.23055827  0.24295035  0.37977761  0.40266347  0.37230310  0.42627720  0.33601913  0.59629405  0.45897774  0.45066660  0.44244747  0.41832223  0.38732813  0.43431832  0.46738295  0.44244747  0.43431832  0.40266347  0.36490308  0.47588439  0.46738295  0.41832223  0.53828665  0.56672405  0.46738295  0.51089828  0.50198881  0.41045157  0.45897774  0.47588439  0.46738295  0.46738295  0.42627720  0.42627720  0.47588439  0.44244747  0.41045157  0.41832223  0.46738295  0.45066660  0.44244747  0.52904449  0.52904449  0.49318497  0.48448430  0.51991596  0.51991596  0.51991596  0.51089828  0.51991596  0.45066660  0.45897774  0.45066660  0.42627720  0.52904449  0.51089828  0.50198881  0.48448430  0.51089828  0.49318497  0.48448430  0.52904449  0.40266347  0.45066660  0.46738295  0.45066660  0.45066660  0.44244747  0.42627720  0.49318497  0.49318497  0.48448430  0.45066660  0.43431832  0.49318497  0.45897774  0.44244747  0.41045157  0.41832223  0.43431832  0.40266347  0.41832223  0.41045157  0.48448430  0.48448430  0.46738295  0.40266347  0.45897774  0.46738295  0.46738295  
72_9_0     0.58630597  0.40266347  0.41045157  0.41045157  0.39495621  0.40266347  0.40266347  0.47588439  0.45897774  0.42627720  0.46738295  0.35757608  0.39495621  0.48448430  0.41045157  0.42627720  0.26193509  0.24922482  0.26193509  0.26193509  0.21836961  0.18874555  0.19457656  0.07084195  0.00000000  0.20045373  0.27486672  0.28141798  0.24922482  0.26193509  0.35757608  0.40266347  0.37230310  0.39495621  0.35757608  0.53828665  0.45066660  0.44244747  0.43431832  0.41045157  0.37977761  0.41832223  0.44244747  0.43431832  0.44244747  0.39495621  0.37977761  0.44244747  0.44244747  0.40266347  0.52904449  0.53828665  0.43431832  0.52904449  0.51991596  0.43431832  0.46738295  0.47588439  0.47588439  0.49318497  0.45066660  0.45066660  0.49318497  0.43431832  0.44244747  0.45066660  0.45897774  0.47588439  0.46738295  0.53828665  0.53828665  0.46738295  0.47588439  0.53828665  0.53828665  0.53828665  0.52904449  0.51991596  0.43431832  0.45897774  0.48448430  0.43431832  0.51991596  0.50198881  0.49318497  0.45897774  0.50198881  0.48448430  0.50198881  0.52904449  0.41045157  0.42627720  0.44244747  0.42627720  0.42627720  0.45066660  0.43431832  0.50198881  0.50198881  0.51991596  0.46738295  0.45066660  0.54764529  0.52904449  0.51089828  0.45066660  0.46738295  0.45066660  0.38732813  0.44244747  0.41832223  0.47588439  0.47588439  0.45897774  0.41045157  0.46738295  0.47588439  0.47588439  
89_9_0     0.51991596  0.46738295  0.46738295  0.42627720  0.41832223  0.41832223  0.41832223  0.42627720  0.46738295  0.45897774  0.41045157  0.34313547  0.33601913  0.43431832  0.41045157  0.42627720  0.28141798  0.26837275  0.28802756  0.27486672  0.21836961  0.15468952  0.12745605  0.18295997  0.20045373  0.00000000  0.12212719  0.11683631  0.10636631  0.11683631  0.39495621  0.43431832  0.40266347  0.39495621  0.38732813  0.54764529  0.47588439  0.43431832  0.42627720  0.45066660  0.41832223  0.42627720  0.47588439  0.45066660  0.49318497  0.41045157  0.37977761  0.51089828  0.48448430  0.40266347  0.51089828  0.53828665  0.40266347  0.52904449  0.49318497  0.40266347  0.42627720  0.47588439  0.43431832  0.41045157  0.38732813  0.38732813  0.44244747  0.43431832  0.39495621  0.40266347  0.39495621  0.41832223  0.41045157  0.42627720  0.49318497  0.46738295  0.46738295  0.47588439  0.49318497  0.49318497  0.50198881  0.48448430  0.39495621  0.38732813  0.42627720  0.37230310  0.44244747  0.42627720  0.45066660  0.44244747  0.44244747  0.42627720  0.42627720  0.47588439  0.40266347  0.41832223  0.41832223  0.43431832  0.41832223  0.46738295  0.48448430  0.42627720  0.39495621  0.41832223  0.41045157  0.43431832  0.52904449  0.49318497  0.47588439  0.45897774  0.45897774  0.45066660  0.46738295  0.46738295  0.44244747  0.50198881  0.50198881  0.46738295  0.39495621  0.41832223  0.42627720  0.42627720  
11_9_0     0.57645046  0.50198881  0.46738295  0.44244747  0.44244747  0.45066660  0.46738295  0.40266347  0.44244747  0.45066660  0.40266347  0.33601913  0.35757608  0.43431832  0.37230310  0.38732813  0.33601913  0.35032067  0.35757608  0.34313547  0.28141798  0.24922482  0.23055827  0.26837275  0.27486672  0.12212719  0.00000000  0.04168925  0.09093302  0.10118616  0.40266347  0.44244747  0.40266347  0.39495621  0.41045157  0.55712340  0.45066660  0.49318497  0.48448430  0.47588439  0.44244747  0.46738295  0.51991596  0.46738295  0.50198881  0.37230310  0.32897035  0.46738295  0.51089828  0.35757608  0.54764529  0.53828665  0.41045157  0.49318497  0.50198881  0.44244747  0.41832223  0.48448430  0.47588439  0.43431832  0.41045157  0.41832223  0.45066660  0.41045157  0.38732813  0.36490308  0.40266347  0.44244747  0.43431832  0.45897774  0.47588439  0.47588439  0.47588439  0.49318497  0.51089828  0.51089828  0.51991596  0.50198881  0.41045157  0.41832223  0.45066660  0.36490308  0.48448430  0.48448430  0.47588439  0.50198881  0.45066660  0.43431832  0.45066660  0.51991596  0.38732813  0.40266347  0.40266347  0.40266347  0.40266347  0.45897774  0.45897774  0.45066660  0.45066660  0.49318497  0.45066660  0.45897774  0.55712340  0.53828665  0.53828665  0.45066660  0.45066660  0.44244747  0.49318497  0.52904449  0.50198881  0.54764529  0.54764529  0.51089828  0.41832223  0.44244747  0.45066660  0.45066660  
30_9_0     0.58630597  0.51089828  0.47588439  0.46738295  0.45897774  0.47588439  0.48448430  0.41045157  0.46738295  0.45897774  0.44244747  0.32897035  0.35032067  0.45897774  0.41045157  0.41045157  0.37230310  0.37230310  0.39495621  0.37977761  0.31507040  0.24295035  0.22443893  0.25555276  0.28141798  0.11683631  0.04168925  0.00000000  0.07581399  0.08585906  0.39495621  0.41832223  0.37977761  0.40266347  0.38732813  0.58630597  0.45897774  0.48448430  0.47588439  0.46738295  0.43431832  0.45897774  0.54764529  0.51089828  0.51089828  0.42627720  0.35032067  0.51089828  0.51991596  0.39495621  0.54764529  0.55712340  0.42627720  0.51991596  0.54764529  0.43431832  0.39495621  0.47588439  0.48448430  0.45897774  0.43431832  0.44244747  0.47588439  0.44244747  0.39495621  0.37230310  0.39495621  0.41832223  0.41045157  0.45066660  0.46738295  0.46738295  0.46738295  0.48448430  0.50198881  0.50198881  0.51089828  0.47588439  0.38732813  0.41045157  0.41832223  0.35757608  0.48448430  0.48448430  0.47588439  0.47588439  0.44244747  0.42627720  0.42627720  0.49318497  0.41045157  0.42627720  0.42627720  0.41045157  0.42627720  0.43431832  0.45066660  0.45897774  0.42627720  0.46738295  0.42627720  0.43431832  0.51991596  0.48448430  0.48448430  0.40266347  0.40266347  0.39495621  0.48448430  0.51991596  0.49318497  0.53828665  0.53828665  0.50198881  0.39495621  0.43431832  0.44244747  0.44244747  
