20
16_0_0     0.00000000  0.19745938  0.16457165  0.16457165  0.29075832  0.27492510  0.27492510  0.33317694  0.33317694  0.33317694  0.34444002  0.28495409  0.28495409  0.27492510  0.27289131  0.27289131  0.23860499  0.29294796  0.29294796  0.29294796  
15_0_0     0.19745938  0.00000000  0.12271033  0.08021527  0.26926622  0.32793018  0.29470189  0.30012617  0.30012617  0.30012617  0.28960164  0.38945127  0.38945127  0.36382085  0.33030960  0.33030960  0.29742432  0.25807808  0.25807808  0.25807808  
14_0_0     0.16457165  0.12271033  0.00000000  0.10095931  0.32194705  0.32793018  0.31657813  0.32194705  0.32194705  0.32194705  0.28960164  0.28415160  0.28415160  0.28415160  0.29761159  0.29761159  0.24635892  0.28675717  0.28675717  0.28675717  
6_0_0      0.16457165  0.08021527  0.10095931  0.00000000  0.25943438  0.29470189  0.28415160  0.33326929  0.33326929  0.33326929  0.30012617  0.32793018  0.32793018  0.30550654  0.34176147  0.34176147  0.28673513  0.26743533  0.26743533  0.26743533  
20_0_0     0.29075832  0.26926622  0.32194705  0.25943438  0.00000000  0.20318428  0.19474987  0.24442126  0.24442126  0.24442126  0.21765227  0.22381261  0.22381261  0.23295302  0.27492510  0.27492510  0.23483232  0.32574326  0.32574326  0.32574326  
11_0_0     0.27492510  0.32793018  0.32793018  0.29470189  0.20318428  0.00000000  0.02917814  0.11365472  0.11365472  0.12089163  0.10653282  0.28167975  0.28167975  0.26154899  0.24611823  0.24611823  0.26376811  0.25657991  0.25657991  0.25657991  
17_0_0     0.27492510  0.29470189  0.31657813  0.28415160  0.19474987  0.02917814  0.00000000  0.13572576  0.13572576  0.14333110  0.12824732  0.27150134  0.27150134  0.27150134  0.23691322  0.23691322  0.23483232  0.27527617  0.27527617  0.27527617  
10_0_0     0.33317694  0.30012617  0.32194705  0.33326929  0.24442126  0.11365472  0.13572576  0.00000000  0.00000000  0.00568563  0.02917814  0.33030960  0.33030960  0.30824804  0.27096538  0.27096538  0.30012617  0.27217141  0.27217141  0.27217141  
4_0_0      0.33317694  0.30012617  0.32194705  0.33326929  0.24442126  0.11365472  0.13572576  0.00000000  0.00000000  0.00568563  0.02917814  0.33030960  0.33030960  0.30824804  0.27096538  0.27096538  0.30012617  0.27217141  0.27217141  0.27217141  
12_0_0     0.33317694  0.30012617  0.32194705  0.33326929  0.24442126  0.12089163  0.14333110  0.00568563  0.00568563  0.00000000  0.03524886  0.33030960  0.33030960  0.30824804  0.27096538  0.27096538  0.30012617  0.27217141  0.27217141  0.27217141  
5_0_0      0.34444002  0.28960164  0.28960164  0.30012617  0.21765227  0.10653282  0.12824732  0.02917814  0.02917814  0.03524886  0.00000000  0.33030960  0.33030960  0.33030960  0.31146595  0.31146595  0.28960164  0.27217141  0.27217141  0.27217141  
13_0_0     0.28495409  0.38945127  0.28415160  0.32793018  0.22381261  0.28167975  0.27150134  0.33030960  0.33030960  0.33030960  0.33030960  0.00000000  0.00000000  0.02318856  0.13315072  0.13315072  0.16017340  0.34763676  0.34763676  0.34763676  
9_0_0      0.28495409  0.38945127  0.28415160  0.32793018  0.22381261  0.28167975  0.27150134  0.33030960  0.33030960  0.33030960  0.33030960  0.00000000  0.00000000  0.02318856  0.13315072  0.13315072  0.16017340  0.34763676  0.34763676  0.34763676  
7_0_0      0.27492510  0.36382085  0.28415160  0.30550654  0.23295302  0.26154899  0.27150134  0.30824804  0.30824804  0.30824804  0.33030960  0.02318856  0.02318856  0.00000000  0.14806982  0.14806982  0.16017340  0.33655633  0.33655633  0.33655633  
18_0_0     0.27289131  0.33030960  0.29761159  0.34176147  0.27492510  0.24611823  0.23691322  0.27096538  0.27096538  0.27096538  0.31146595  0.13315072  0.13315072  0.14806982  0.00000000  0.00000000  0.12659005  0.26433233  0.26433233  0.26433233  
8_0_0      0.27289131  0.33030960  0.29761159  0.34176147  0.27492510  0.24611823  0.23691322  0.27096538  0.27096538  0.27096538  0.31146595  0.13315072  0.13315072  0.14806982  0.00000000  0.00000000  0.12659005  0.26433233  0.26433233  0.26433233  
19_0_0     0.23860499  0.29742432  0.24635892  0.28673513  0.23483232  0.26376811  0.23483232  0.30012617  0.30012617  0.30012617  0.28960164  0.16017340  0.16017340  0.16017340  0.12659005  0.12659005  0.00000000  0.31739775  0.31739775  0.31739775  
1_0_0      0.29294796  0.25807808  0.28675717  0.26743533  0.32574326  0.25657991  0.27527617  0.27217141  0.27217141  0.27217141  0.27217141  0.34763676  0.34763676  0.33655633  0.26433233  0.26433233  0.31739775  0.00000000  0.00000000  0.00000000  
2_0_0      0.29294796  0.25807808  0.28675717  0.26743533  0.32574326  0.25657991  0.27527617  0.27217141  0.27217141  0.27217141  0.27217141  0.34763676  0.34763676  0.33655633  0.26433233  0.26433233  0.31739775  0.00000000  0.00000000  0.00000000  
3_0_0      0.29294796  0.25807808  0.28675717  0.26743533  0.32574326  0.25657991  0.27527617  0.27217141  0.27217141  0.27217141  0.27217141  0.34763676  0.34763676  0.33655633  0.26433233  0.26433233  0.31739775  0.00000000  0.00000000  0.00000000  

