20
16_0_0     0.00000000  0.29808641  0.27545393  0.31187952  0.38010033  0.26017506  0.26963451  0.29520186  0.28720366  0.27745085  0.32608710  0.38583912  0.38583912  0.39823768  0.33449450  0.31555841  0.34538790  0.41020767  0.39787156  0.41020767  
15_0_0     0.29808641  0.00000000  0.12881861  0.14193410  0.27206611  0.30059379  0.27985544  0.28546011  0.28772953  0.29808641  0.30615465  0.28772953  0.28772953  0.29808641  0.23586848  0.25253133  0.28329807  0.37686463  0.38911256  0.34197497  
14_0_0     0.27545393  0.12881861  0.00000000  0.19106315  0.33358004  0.24850054  0.26769429  0.33622549  0.33906699  0.35058637  0.31431374  0.31686424  0.31686424  0.32783081  0.28124282  0.28916181  0.21685618  0.42409185  0.43758888  0.38583912  
6_0_0      0.31187952  0.14193410  0.19106315  0.00000000  0.30615465  0.31431374  0.30373959  0.32011212  0.32256575  0.31187952  0.34197497  0.29122861  0.29122861  0.30143744  0.27745085  0.29520186  0.26790180  0.33449450  0.34538790  0.34538790  
20_0_0     0.38010033  0.27206611  0.33358004  0.30615465  0.00000000  0.35371387  0.33064432  0.35924084  0.35058637  0.33906699  0.35924084  0.26566212  0.26566212  0.25607569  0.22551732  0.24182397  0.27147055  0.41098198  0.39823768  0.39823768  
11_0_0     0.26017506  0.30059379  0.24850054  0.31431374  0.35371387  0.00000000  0.06030635  0.12791245  0.13444601  0.14193410  0.15839800  0.27760214  0.27760214  0.28772953  0.23919770  0.23748574  0.24850054  0.33686405  0.33686405  0.32608710  
17_0_0     0.26963451  0.27985544  0.26769429  0.30373959  0.33064432  0.06030635  0.00000000  0.11339977  0.11982810  0.12707862  0.14290110  0.26769429  0.26769429  0.25799667  0.23008044  0.22846682  0.25799667  0.32608710  0.32608710  0.31555841  
10_0_0     0.29520186  0.28546011  0.33622549  0.32011212  0.35924084  0.12791245  0.11339977  0.00000000  0.00567462  0.01139178  0.04136459  0.31953199  0.31953199  0.30868343  0.22114149  0.21962243  0.26769429  0.35921159  0.35921159  0.39492561  
4_0_0      0.28720366  0.28772953  0.33906699  0.32256575  0.35058637  0.13444601  0.11982810  0.00567462  0.00000000  0.00568493  0.04728325  0.31132685  0.31132685  0.30059379  0.22846682  0.22694582  0.27545393  0.36200755  0.35054209  0.39823768  
12_0_0     0.27745085  0.29808641  0.35058637  0.31187952  0.33906699  0.14193410  0.12707862  0.01139178  0.00568493  0.00000000  0.05354905  0.32231803  0.32231803  0.31132685  0.23748574  0.23586848  0.28546011  0.35054209  0.33935723  0.38583912  
5_0_0      0.32608710  0.30615465  0.31431374  0.34197497  0.35924084  0.15839800  0.14290110  0.04136459  0.04728325  0.05354905  0.00000000  0.30868343  0.30868343  0.29808641  0.24850054  0.23748574  0.29808641  0.38270823  0.38270823  0.42038603  
13_0_0     0.38583912  0.28772953  0.31686424  0.29122861  0.26566212  0.27760214  0.26769429  0.31953199  0.31132685  0.32231803  0.30868343  0.00000000  0.00000000  0.00568493  0.14290110  0.14193410  0.16634804  0.35621063  0.34471828  0.36799941  
9_0_0      0.38583912  0.28772953  0.31686424  0.29122861  0.26566212  0.27760214  0.26769429  0.31953199  0.31132685  0.32231803  0.30868343  0.00000000  0.00000000  0.00568493  0.14290110  0.14193410  0.16634804  0.35621063  0.34471828  0.36799941  
7_0_0      0.39823768  0.29808641  0.32783081  0.30143744  0.25607569  0.28772953  0.25799667  0.30868343  0.30059379  0.31132685  0.29808641  0.00568493  0.00568493  0.00000000  0.13534534  0.13444601  0.17443882  0.35621063  0.34471828  0.36799941  
18_0_0     0.33449450  0.23586848  0.28124282  0.27745085  0.22551732  0.23919770  0.23008044  0.22114149  0.22846682  0.23748574  0.24850054  0.14290110  0.14290110  0.13534534  0.00000000  0.01139178  0.15058388  0.30735673  0.30735673  0.29716913  
8_0_0      0.31555841  0.25253133  0.28916181  0.29520186  0.24182397  0.23748574  0.22846682  0.21962243  0.22694582  0.23586848  0.23748574  0.14193410  0.14193410  0.13444601  0.01139178  0.00000000  0.15728869  0.32608710  0.32608710  0.31555841  
19_0_0     0.34538790  0.28329807  0.21685618  0.26790180  0.27147055  0.24850054  0.25799667  0.26769429  0.27545393  0.28546011  0.29808641  0.16634804  0.16634804  0.17443882  0.15058388  0.15728869  0.00000000  0.32843956  0.32843956  0.31777659  
1_0_0      0.41020767  0.37686463  0.42409185  0.33449450  0.41098198  0.33686405  0.32608710  0.35921159  0.36200755  0.35054209  0.38270823  0.35621063  0.35621063  0.35621063  0.30735673  0.32608710  0.32843956  0.00000000  0.00568493  0.01727141  
2_0_0      0.39787156  0.38911256  0.43758888  0.34538790  0.39823768  0.33686405  0.32608710  0.35921159  0.35054209  0.33935723  0.38270823  0.34471828  0.34471828  0.34471828  0.30735673  0.32608710  0.32843956  0.00568493  0.00000000  0.02317669  
3_0_0      0.41020767  0.34197497  0.38583912  0.34538790  0.39823768  0.32608710  0.31555841  0.39492561  0.39823768  0.38583912  0.42038603  0.36799941  0.36799941  0.36799941  0.29716913  0.31555841  0.31777659  0.01727141  0.02317669  0.00000000  

