18
21_0_0     0.00000000  0.40537345  0.40537345  0.39443786  0.48681341  0.42774184  0.46261593  0.46261593  0.45080764  0.45080764  0.52466149  0.55101388  0.43918485  0.47461575  0.41647311  0.42774184  0.49921554  0.55101388  
19_0_0     0.40537345  0.00000000  0.08781370  0.09502081  0.31232636  0.38366155  0.32210558  0.30267472  0.34206055  0.25621940  0.51182913  0.52466149  0.34206055  0.33201578  0.35224356  0.36256869  0.35224356  0.33201578  
20_0_0     0.40537345  0.08781370  0.00000000  0.00639700  0.32210558  0.37303995  0.30267472  0.28374115  0.30267472  0.24726839  0.49921554  0.47461575  0.32210558  0.33201578  0.37303995  0.38366155  0.39443786  0.37303995  
1_0_0      0.39443786  0.09502081  0.00639700  0.00000000  0.33201578  0.38366155  0.31232636  0.29314737  0.31232636  0.25621940  0.48681341  0.46261593  0.31232636  0.34206055  0.38366155  0.39443786  0.40537345  0.38366155  
6_0_0      0.48681341  0.31232636  0.32210558  0.33201578  0.00000000  0.13980312  0.26528004  0.24726839  0.26528004  0.28374115  0.43918485  0.43918485  0.32210558  0.34206055  0.35224356  0.35224356  0.41647311  0.45080764  
6_3_0      0.42774184  0.38366155  0.37303995  0.38366155  0.13980312  0.00000000  0.30267472  0.30267472  0.30267472  0.30267472  0.37303995  0.41647311  0.30267472  0.33201578  0.35224356  0.37303995  0.45080764  0.48681341  
33_0_0     0.46261593  0.32210558  0.30267472  0.31232636  0.26528004  0.30267472  0.00000000  0.01284980  0.05966748  0.14753764  0.43918485  0.40537345  0.14753764  0.20406906  0.26528004  0.27445301  0.34206055  0.30267472  
31_0_0     0.46261593  0.30267472  0.28374115  0.29314737  0.24726839  0.30267472  0.01284980  0.00000000  0.04598598  0.13214862  0.41647311  0.38366155  0.14753764  0.22104732  0.24726839  0.25621940  0.34206055  0.30267472  
3_0_0      0.45080764  0.34206055  0.30267472  0.31232636  0.26528004  0.30267472  0.05966748  0.04598598  0.00000000  0.14753764  0.38366155  0.35224356  0.17931059  0.27445301  0.25621940  0.26528004  0.34206055  0.34206055  
22_0_0     0.45080764  0.25621940  0.24726839  0.25621940  0.28374115  0.30267472  0.14753764  0.13214862  0.14753764  0.00000000  0.31232636  0.28374115  0.13214862  0.12457251  0.24726839  0.25621940  0.34206055  0.28374115  
17_0_0     0.52466149  0.51182913  0.49921554  0.48681341  0.43918485  0.37303995  0.43918485  0.41647311  0.38366155  0.31232636  0.00000000  0.05966748  0.31232636  0.39443786  0.40537345  0.41647311  0.53772036  0.51182913  
36_0_0     0.55101388  0.52466149  0.47461575  0.46261593  0.43918485  0.41647311  0.40537345  0.38366155  0.35224356  0.28374115  0.05966748  0.00000000  0.32210558  0.38366155  0.37303995  0.38366155  0.49921554  0.47461575  
40_0_0     0.43918485  0.34206055  0.32210558  0.31232636  0.32210558  0.30267472  0.14753764  0.14753764  0.17931059  0.13214862  0.31232636  0.32210558  0.00000000  0.17931059  0.29314737  0.30267472  0.39443786  0.37303995  
5_0_0      0.47461575  0.33201578  0.33201578  0.34206055  0.34206055  0.33201578  0.20406906  0.22104732  0.27445301  0.12457251  0.39443786  0.38366155  0.17931059  0.00000000  0.28374115  0.31232636  0.34206055  0.32210558  
30_2_0     0.41647311  0.35224356  0.37303995  0.38366155  0.35224356  0.35224356  0.26528004  0.24726839  0.25621940  0.24726839  0.40537345  0.37303995  0.29314737  0.28374115  0.00000000  0.01935937  0.20406906  0.22104732  
34_2_0     0.42774184  0.36256869  0.38366155  0.39443786  0.35224356  0.37303995  0.27445301  0.25621940  0.26528004  0.25621940  0.41647311  0.38366155  0.30267472  0.31232636  0.01935937  0.00000000  0.21250949  0.22968483  
34_0_0     0.49921554  0.35224356  0.39443786  0.40537345  0.41647311  0.45080764  0.34206055  0.34206055  0.34206055  0.34206055  0.53772036  0.49921554  0.39443786  0.34206055  0.20406906  0.21250949  0.00000000  0.06660429  
30_0_0     0.55101388  0.33201578  0.37303995  0.38366155  0.45080764  0.48681341  0.30267472  0.30267472  0.34206055  0.28374115  0.51182913  0.47461575  0.37303995  0.32210558  0.22104732  0.22968483  0.06660429  0.00000000  

