28
8_0_0      0.00000000  0.38209816  0.38209816  0.32492819  0.41688060  0.45339085  0.37365374  0.39064070  0.35705045  0.39064070  0.38209816  0.38209816  0.38209816  0.33282813  0.34081388  0.38209816  0.36530522  0.36530522  0.40802949  0.41688060  0.40802949  0.38209816  0.54284093  0.36530522  0.36530522  0.35705045  0.34081388  0.35705045  
22_0_0     0.38209816  0.00000000  0.00000000  0.11453744  0.11453744  0.10282719  0.05776692  0.06877571  0.04692056  0.21560998  0.20886908  0.20886908  0.20886908  0.24320923  0.34081388  0.34081388  0.43490909  0.34888734  0.39064070  0.41688060  0.39064070  0.38209816  0.58638065  0.50173636  0.48201502  0.45339085  0.41688060  0.41688060  
15_0_0     0.38209816  0.00000000  0.00000000  0.11453744  0.11453744  0.10282719  0.05776692  0.06877571  0.04692056  0.21560998  0.20886908  0.20886908  0.20886908  0.24320923  0.34081388  0.34081388  0.43490909  0.34888734  0.39064070  0.41688060  0.39064070  0.38209816  0.58638065  0.50173636  0.48201502  0.45339085  0.41688060  0.41688060  
29_0_0     0.32492819  0.11453744  0.11453744  0.00000000  0.10865900  0.19556994  0.09704128  0.10865900  0.08560431  0.20218944  0.20886908  0.20886908  0.20886908  0.22928010  0.34888734  0.38209816  0.41688060  0.38209816  0.39928369  0.40802949  0.41688060  0.39064070  0.55348650  0.46280894  0.45339085  0.50173636  0.45339085  0.47234926  
18_0_0     0.41688060  0.11453744  0.11453744  0.10865900  0.00000000  0.16333804  0.10865900  0.12046327  0.09704128  0.21560998  0.20886908  0.20886908  0.20886908  0.24320923  0.35705045  0.40802949  0.44409189  0.39064070  0.40802949  0.43490909  0.39064070  0.38209816  0.52200139  0.47234926  0.46280894  0.53234732  0.48201502  0.48201502  
43_0_0     0.45339085  0.10282719  0.10282719  0.19556994  0.16333804  0.00000000  0.13246019  0.14465614  0.12643726  0.24320923  0.23621167  0.23621167  0.23621167  0.24320923  0.39928369  0.40802949  0.46280894  0.39064070  0.41688060  0.42583958  0.42583958  0.39064070  0.62081591  0.50173636  0.50173636  0.49180956  0.46280894  0.47234926  
10_0_0     0.37365374  0.05776692  0.05776692  0.09704128  0.10865900  0.13246019  0.00000000  0.02048480  0.02048480  0.20218944  0.19556994  0.19556994  0.19556994  0.22241326  0.36530522  0.36530522  0.42583958  0.37365374  0.38209816  0.40802949  0.39928369  0.37365374  0.52200139  0.47234926  0.46280894  0.47234926  0.40802949  0.42583958  
44_0_0     0.39064070  0.06877571  0.06877571  0.10865900  0.12046327  0.14465614  0.02048480  0.00000000  0.03094530  0.20218944  0.19556994  0.19556994  0.19556994  0.23621167  0.34888734  0.36530522  0.41688060  0.37365374  0.38209816  0.40802949  0.38209816  0.37365374  0.51179905  0.47234926  0.46280894  0.47234926  0.40802949  0.42583958  
41_0_0     0.35705045  0.04692056  0.04692056  0.08560431  0.09704128  0.12643726  0.02048480  0.03094530  0.00000000  0.18900951  0.18250711  0.18250711  0.18250711  0.19556994  0.36530522  0.36530522  0.44409189  0.37365374  0.39928369  0.42583958  0.39928369  0.39064070  0.53234732  0.47234926  0.46280894  0.47234926  0.42583958  0.42583958  
3_0_0      0.39064070  0.21560998  0.21560998  0.20218944  0.21560998  0.24320923  0.20218944  0.20218944  0.18900951  0.00000000  0.01530983  0.01530983  0.01530983  0.32492819  0.35705045  0.39064070  0.44409189  0.39928369  0.37365374  0.39928369  0.40802949  0.38209816  0.66939206  0.47234926  0.46280894  0.47234926  0.44409189  0.46280894  
16_0_0     0.38209816  0.20886908  0.20886908  0.20886908  0.20886908  0.23621167  0.19556994  0.19556994  0.18250711  0.01530983  0.00000000  0.00000000  0.00000000  0.31711225  0.38209816  0.41688060  0.47234926  0.40802949  0.38209816  0.40802949  0.43490909  0.40802949  0.63266235  0.46280894  0.45339085  0.48201502  0.43490909  0.45339085  
31_0_0     0.38209816  0.20886908  0.20886908  0.20886908  0.20886908  0.23621167  0.19556994  0.19556994  0.18250711  0.01530983  0.00000000  0.00000000  0.00000000  0.31711225  0.38209816  0.41688060  0.47234926  0.40802949  0.38209816  0.40802949  0.43490909  0.40802949  0.63266235  0.46280894  0.45339085  0.48201502  0.43490909  0.45339085  
50_0_0     0.38209816  0.20886908  0.20886908  0.20886908  0.20886908  0.23621167  0.19556994  0.19556994  0.18250711  0.01530983  0.00000000  0.00000000  0.00000000  0.31711225  0.38209816  0.41688060  0.47234926  0.40802949  0.38209816  0.40802949  0.43490909  0.40802949  0.63266235  0.46280894  0.45339085  0.48201502  0.43490909  0.45339085  
23_0_0     0.33282813  0.24320923  0.24320923  0.22928010  0.24320923  0.24320923  0.22241326  0.23621167  0.19556994  0.32492819  0.31711225  0.31711225  0.31711225  0.00000000  0.38209816  0.37365374  0.38209816  0.34081388  0.42583958  0.42583958  0.37365374  0.38209816  0.51179905  0.41688060  0.41688060  0.50173636  0.47234926  0.47234926  
1_2_0      0.34081388  0.34081388  0.34081388  0.34888734  0.35705045  0.39928369  0.36530522  0.34888734  0.36530522  0.35705045  0.38209816  0.38209816  0.38209816  0.38209816  0.00000000  0.10865900  0.13853287  0.05776692  0.13246019  0.13853287  0.12046327  0.12643726  0.38209816  0.31711225  0.30172532  0.29415097  0.27923245  0.27923245  
48_2_0     0.38209816  0.34081388  0.34081388  0.38209816  0.40802949  0.40802949  0.36530522  0.36530522  0.36530522  0.39064070  0.41688060  0.41688060  0.41688060  0.37365374  0.10865900  0.00000000  0.09130055  0.10282719  0.15705784  0.16333804  0.14465614  0.15705784  0.41688060  0.27188520  0.25740740  0.29415097  0.27923245  0.27188520  
21_2_0     0.36530522  0.43490909  0.43490909  0.41688060  0.44409189  0.46280894  0.42583958  0.41688060  0.44409189  0.44409189  0.47234926  0.47234926  0.47234926  0.38209816  0.13853287  0.09130055  0.00000000  0.13853287  0.16967235  0.17606172  0.17606172  0.15083084  0.41688060  0.28665387  0.27188520  0.28665387  0.27923245  0.30172532  
48_0_0     0.36530522  0.34888734  0.34888734  0.38209816  0.39064070  0.39064070  0.37365374  0.37365374  0.37365374  0.39928369  0.40802949  0.40802949  0.40802949  0.34081388  0.05776692  0.10282719  0.13853287  0.00000000  0.11453744  0.12046327  0.10282719  0.12046327  0.37365374  0.29415097  0.27923245  0.27923245  0.27923245  0.26461066  
9_0_0      0.40802949  0.39064070  0.39064070  0.39928369  0.40802949  0.41688060  0.38209816  0.38209816  0.39928369  0.37365374  0.38209816  0.38209816  0.38209816  0.42583958  0.13246019  0.15705784  0.16967235  0.11453744  0.00000000  0.03623191  0.07434255  0.08560431  0.43490909  0.35705045  0.34081388  0.34081388  0.33282813  0.33282813  
6_0_0      0.41688060  0.41688060  0.41688060  0.40802949  0.43490909  0.42583958  0.40802949  0.40802949  0.42583958  0.39928369  0.40802949  0.40802949  0.40802949  0.42583958  0.13853287  0.16333804  0.17606172  0.12046327  0.03623191  0.00000000  0.09130055  0.09130055  0.44409189  0.34888734  0.33282813  0.35705045  0.35705045  0.35705045  
9_3_0      0.40802949  0.39064070  0.39064070  0.41688060  0.39064070  0.42583958  0.39928369  0.38209816  0.39928369  0.40802949  0.43490909  0.43490909  0.43490909  0.37365374  0.12046327  0.14465614  0.17606172  0.10282719  0.07434255  0.09130055  0.00000000  0.05776692  0.43490909  0.33282813  0.31711225  0.36530522  0.37365374  0.35705045  
6_3_0      0.38209816  0.38209816  0.38209816  0.39064070  0.38209816  0.39064070  0.37365374  0.37365374  0.39064070  0.38209816  0.40802949  0.40802949  0.40802949  0.38209816  0.12643726  0.15705784  0.15083084  0.12046327  0.08560431  0.09130055  0.05776692  0.00000000  0.41688060  0.29415097  0.27923245  0.34081388  0.33282813  0.36530522  
93_4_0     0.54284093  0.58638065  0.58638065  0.55348650  0.52200139  0.62081591  0.52200139  0.51179905  0.53234732  0.66939206  0.63266235  0.63266235  0.63266235  0.51179905  0.38209816  0.41688060  0.41688060  0.37365374  0.43490909  0.44409189  0.43490909  0.41688060  0.00000000  0.34081388  0.33282813  0.42583958  0.39928369  0.41688060  
84_0_0     0.36530522  0.50173636  0.50173636  0.46280894  0.47234926  0.50173636  0.47234926  0.47234926  0.47234926  0.47234926  0.46280894  0.46280894  0.46280894  0.41688060  0.31711225  0.27188520  0.28665387  0.29415097  0.35705045  0.34888734  0.33282813  0.29415097  0.34081388  0.00000000  0.01017105  0.24320923  0.25027404  0.25027404  
78_0_0     0.36530522  0.48201502  0.48201502  0.45339085  0.46280894  0.50173636  0.46280894  0.46280894  0.46280894  0.46280894  0.45339085  0.45339085  0.45339085  0.41688060  0.30172532  0.25740740  0.27188520  0.27923245  0.34081388  0.33282813  0.31711225  0.27923245  0.33282813  0.01017105  0.00000000  0.25027404  0.24320923  0.24320923  
98_6_0     0.35705045  0.45339085  0.45339085  0.50173636  0.53234732  0.49180956  0.47234926  0.47234926  0.47234926  0.47234926  0.48201502  0.48201502  0.48201502  0.50173636  0.29415097  0.29415097  0.28665387  0.27923245  0.34081388  0.35705045  0.36530522  0.34081388  0.42583958  0.24320923  0.25027404  0.00000000  0.04692056  0.05232374  
98_0_0     0.34081388  0.41688060  0.41688060  0.45339085  0.48201502  0.46280894  0.40802949  0.40802949  0.42583958  0.44409189  0.43490909  0.43490909  0.43490909  0.47234926  0.27923245  0.27923245  0.27923245  0.27923245  0.33282813  0.35705045  0.37365374  0.33282813  0.39928369  0.25027404  0.24320923  0.04692056  0.00000000  0.02569644  
60_0_0     0.35705045  0.41688060  0.41688060  0.47234926  0.48201502  0.47234926  0.42583958  0.42583958  0.42583958  0.46280894  0.45339085  0.45339085  0.45339085  0.47234926  0.27923245  0.27188520  0.30172532  0.26461066  0.33282813  0.35705045  0.35705045  0.36530522  0.41688060  0.25027404  0.24320923  0.05232374  0.02569644  0.00000000  

