23
40_10_0    0.00000000  0.01657610  0.01657610  0.03010716  0.02331098  0.04041886  0.17259589  0.14025528  0.13630946  0.15221945  0.14821005  0.14422207  0.14821005  0.22389555  0.17673877  0.21509707  0.21073641  0.18930717  0.20209077  0.19780520  0.18930717  0.19780520  0.19780520  
40_21_0    0.01657610  0.00000000  0.00658634  0.03352860  0.02670134  0.04388799  0.16847587  0.14422207  0.14025528  0.15625049  0.14422207  0.14025528  0.14422207  0.22833398  0.16437846  0.21073641  0.20640108  0.18509415  0.19780520  0.21073641  0.20209077  0.21073641  0.20209077  
40_22_0    0.01657610  0.00658634  0.00000000  0.03352860  0.02670134  0.04388799  0.16847587  0.14422207  0.14025528  0.15625049  0.14422207  0.14025528  0.14422207  0.22833398  0.17259589  0.21948335  0.21509707  0.19354409  0.20640108  0.21073641  0.20209077  0.21073641  0.21073641  
1_10_0     0.03010716  0.03352860  0.03352860  0.00000000  0.00658634  0.01657610  0.14821005  0.12459559  0.12847983  0.14422207  0.14025528  0.13630946  0.14821005  0.23279895  0.16847587  0.21509707  0.20209077  0.18930717  0.20209077  0.19780520  0.18509415  0.19780520  0.20640108  
18_10_0    0.02331098  0.02670134  0.02670134  0.00658634  0.00000000  0.01657610  0.15625049  0.13238438  0.12847983  0.14422207  0.14025528  0.13630946  0.14821005  0.23279895  0.16847587  0.21509707  0.21073641  0.18930717  0.20209077  0.20640108  0.19354409  0.20640108  0.20640108  
10_10_0    0.04041886  0.04388799  0.04388799  0.01657610  0.01657610  0.00000000  0.16030341  0.12847983  0.12459559  0.14025528  0.13630946  0.13238438  0.15221945  0.21948335  0.16437846  0.20209077  0.20640108  0.18509415  0.19780520  0.20209077  0.18930717  0.20209077  0.20209077  
20_12_0    0.17259589  0.16847587  0.16847587  0.14821005  0.15625049  0.16030341  0.00000000  0.04388799  0.05439315  0.07585759  0.05792798  0.06863399  0.06863399  0.20209077  0.12459559  0.16030341  0.14821005  0.14422207  0.16030341  0.14422207  0.14422207  0.14422207  0.13630946  
18_12_0    0.14025528  0.14422207  0.14422207  0.12459559  0.13238438  0.12847983  0.04388799  0.00000000  0.00990143  0.03010716  0.04041886  0.05087498  0.04388799  0.18090477  0.10547185  0.14025528  0.12073145  0.11688721  0.13238438  0.09422840  0.10170519  0.09422840  0.09422840  
1_12_0     0.13630946  0.14025528  0.14025528  0.12847983  0.12847983  0.12459559  0.05439315  0.00990143  0.00000000  0.02670134  0.03696578  0.04737331  0.04041886  0.18509415  0.10170519  0.13630946  0.12459559  0.11306266  0.12847983  0.09795743  0.10547185  0.09795743  0.09051790  
10_12_0    0.15221945  0.15625049  0.15625049  0.14422207  0.14422207  0.14025528  0.07585759  0.03010716  0.02670134  0.00000000  0.05792798  0.06863399  0.06147962  0.20209077  0.12459559  0.16030341  0.14821005  0.13630946  0.15221945  0.10547185  0.11306266  0.10547185  0.10547185  
40_20_0    0.14821005  0.14422207  0.14422207  0.14025528  0.14025528  0.13630946  0.05792798  0.04041886  0.03696578  0.05792798  0.00000000  0.00990143  0.03010716  0.21073641  0.12073145  0.15221945  0.14422207  0.13238438  0.14025528  0.13238438  0.14025528  0.13238438  0.12459559  
40_19_0    0.14422207  0.14025528  0.14025528  0.13630946  0.13630946  0.13238438  0.06863399  0.05087498  0.04737331  0.06863399  0.00990143  0.00000000  0.04041886  0.20640108  0.11688721  0.15625049  0.14821005  0.13630946  0.14422207  0.14422207  0.15221945  0.14422207  0.13630946  
40_12_0    0.14821005  0.14422207  0.14422207  0.14821005  0.14821005  0.15221945  0.06863399  0.04388799  0.04041886  0.06147962  0.03010716  0.04041886  0.00000000  0.19780520  0.12459559  0.15625049  0.14821005  0.13630946  0.16030341  0.12073145  0.12847983  0.12073145  0.10547185  
17_13_0    0.22389555  0.22833398  0.22833398  0.23279895  0.23279895  0.21948335  0.20209077  0.18090477  0.18509415  0.20209077  0.21073641  0.20640108  0.19780520  0.00000000  0.10547185  0.13630946  0.15221945  0.13238438  0.15625049  0.21073641  0.20209077  0.18509415  0.22389555  
40_13_0    0.17673877  0.16437846  0.17259589  0.16847587  0.16847587  0.16437846  0.12459559  0.10547185  0.10170519  0.12459559  0.12073145  0.11688721  0.12459559  0.10547185  0.00000000  0.05087498  0.05792798  0.03010716  0.05792798  0.16437846  0.16437846  0.14821005  0.16030341  
20_13_0    0.21509707  0.21073641  0.21948335  0.21509707  0.21509707  0.20209077  0.16030341  0.14025528  0.13630946  0.16030341  0.15221945  0.15625049  0.15625049  0.13630946  0.05087498  0.00000000  0.06863399  0.04041886  0.06863399  0.17259589  0.18930717  0.16437846  0.16847587  
10_13_0    0.21073641  0.20640108  0.21509707  0.20209077  0.21073641  0.20640108  0.14821005  0.12073145  0.12459559  0.14821005  0.14422207  0.14821005  0.14821005  0.15221945  0.05792798  0.06863399  0.00000000  0.02670134  0.05439315  0.16030341  0.17673877  0.16030341  0.16437846  
18_13_0    0.18930717  0.18509415  0.19354409  0.18930717  0.18930717  0.18509415  0.14422207  0.11688721  0.11306266  0.13630946  0.13238438  0.13630946  0.13630946  0.13238438  0.03010716  0.04041886  0.02670134  0.00000000  0.02670134  0.15625049  0.17259589  0.14821005  0.15221945  
1_13_0     0.20209077  0.19780520  0.20640108  0.20209077  0.20209077  0.19780520  0.16030341  0.13238438  0.12847983  0.15221945  0.14025528  0.14422207  0.16030341  0.15625049  0.05792798  0.06863399  0.05439315  0.02670134  0.00000000  0.18090477  0.19780520  0.17259589  0.17259589  
20_0_0     0.19780520  0.21073641  0.21073641  0.19780520  0.20640108  0.20209077  0.14422207  0.09422840  0.09795743  0.10547185  0.13238438  0.14422207  0.12073145  0.21073641  0.16437846  0.17259589  0.16030341  0.15625049  0.18090477  0.00000000  0.02670134  0.01993594  0.03696578  
18_0_0     0.18930717  0.20209077  0.20209077  0.18509415  0.19354409  0.18930717  0.14422207  0.10170519  0.10547185  0.11306266  0.14025528  0.15221945  0.12847983  0.20209077  0.16437846  0.18930717  0.17673877  0.17259589  0.19780520  0.02670134  0.00000000  0.02670134  0.05087498  
18_16_0    0.19780520  0.21073641  0.21073641  0.19780520  0.20640108  0.20209077  0.14422207  0.09422840  0.09795743  0.10547185  0.13238438  0.14422207  0.12073145  0.18509415  0.14821005  0.16437846  0.16030341  0.14821005  0.17259589  0.01993594  0.02670134  0.00000000  0.04388799  
10_0_0     0.19780520  0.20209077  0.21073641  0.20640108  0.20640108  0.20209077  0.13630946  0.09422840  0.09051790  0.10547185  0.12459559  0.13630946  0.10547185  0.22389555  0.16030341  0.16847587  0.16437846  0.15221945  0.17259589  0.03696578  0.05087498  0.04388799  0.00000000  

