20
7_0_0      0.00000000  0.38192049  0.49677848  0.53663408  0.51246577  0.51246577  0.53663408  0.56161288  0.49677848  0.57012881  0.57012881  0.62337611  0.52849054  0.51246577  0.57012881  0.58745842  0.66111377  0.62337611  0.63263281  0.64200599  
10_0_0     0.38192049  0.00000000  0.47385010  0.45894743  0.42294514  0.42294514  0.50458083  0.52849054  0.46636150  0.59627679  0.57012881  0.58745842  0.52043506  0.56161288  0.63263281  0.64200599  0.65149862  0.61423303  0.69072710  0.66111377  
8_0_0      0.49677848  0.47385010  0.00000000  0.16425969  0.33051511  0.33675010  0.30009972  0.29416287  0.27663106  0.55319320  0.65149862  0.58745842  0.60520081  0.59627679  0.58745842  0.66111377  0.70086572  0.64200599  0.63263281  0.65149862  
1_0_0      0.53663408  0.45894743  0.16425969  0.00000000  0.24829826  0.25950240  0.20509449  0.21566280  0.27087764  0.58745842  0.68072461  0.66111377  0.68072461  0.65149862  0.61423303  0.59627679  0.64200599  0.65149862  0.64200599  0.62337611  
2_0_0      0.51246577  0.42294514  0.33051511  0.24829826  0.00000000  0.00801105  0.15439141  0.16425969  0.33675010  0.66111377  0.66111377  0.63263281  0.68072461  0.65149862  0.69072710  0.78736212  0.69072710  0.63263281  0.71114424  0.71114424  
12_0_0     0.51246577  0.42294514  0.33675010  0.25950240  0.00801105  0.00000000  0.15439141  0.16425969  0.33675010  0.68072461  0.66111377  0.63263281  0.69072710  0.66111377  0.70086572  0.79891606  0.69072710  0.64200599  0.72156658  0.71114424  
11_0_0     0.53663408  0.50458083  0.30009972  0.20509449  0.15439141  0.15439141  0.00000000  0.04094562  0.31211726  0.59627679  0.60520081  0.65149862  0.75373816  0.72156658  0.68072461  0.73213680  0.69072710  0.62337611  0.64200599  0.65149862  
4_0_0      0.56161288  0.52849054  0.29416287  0.21566280  0.16425969  0.16425969  0.04094562  0.00000000  0.31211726  0.61423303  0.64200599  0.67085466  0.75373816  0.71114424  0.67085466  0.72156658  0.71114424  0.66111377  0.68072461  0.67085466  
5_0_0      0.49677848  0.46636150  0.27663106  0.27087764  0.33675010  0.33675010  0.31211726  0.31211726  0.00000000  0.48141475  0.58745842  0.54486763  0.65149862  0.65149862  0.62337611  0.73213680  0.70086572  0.69072710  0.70086572  0.73213680  
6_0_0      0.57012881  0.59627679  0.55319320  0.58745842  0.66111377  0.68072461  0.59627679  0.61423303  0.48141475  0.00000000  0.12084694  0.24829826  0.70086572  0.71114424  0.66111377  0.74285918  0.69072710  0.61423303  0.61423303  0.64200599  
3_0_0      0.57012881  0.57012881  0.65149862  0.68072461  0.66111377  0.66111377  0.60520081  0.64200599  0.58745842  0.12084694  0.00000000  0.23726014  0.71114424  0.72156658  0.67085466  0.73213680  0.71114424  0.63263281  0.63263281  0.61423303  
9_0_0      0.62337611  0.58745842  0.58745842  0.66111377  0.63263281  0.63263281  0.65149862  0.67085466  0.54486763  0.24829826  0.23726014  0.00000000  0.73213680  0.76477837  0.67085466  0.82257585  0.64200599  0.54486763  0.60520081  0.60520081  
19_0_0     0.52849054  0.52043506  0.60520081  0.68072461  0.68072461  0.69072710  0.75373816  0.75373816  0.65149862  0.70086572  0.71114424  0.73213680  0.00000000  0.03674828  0.17426046  0.31211726  0.41594888  0.43000774  0.38192049  0.40901771  
13_0_0     0.51246577  0.56161288  0.59627679  0.65149862  0.65149862  0.66111377  0.72156658  0.71114424  0.65149862  0.71114424  0.72156658  0.76477837  0.03674828  0.00000000  0.18439732  0.31819953  0.41594888  0.43000774  0.38860295  0.41594888  
20_0_0     0.57012881  0.63263281  0.58745842  0.61423303  0.69072710  0.70086572  0.68072461  0.67085466  0.62337611  0.66111377  0.67085466  0.67085466  0.17426046  0.18439732  0.00000000  0.34303773  0.39534589  0.41594888  0.36873277  0.39534589  
16_0_0     0.58745842  0.64200599  0.66111377  0.59627679  0.78736212  0.79891606  0.73213680  0.72156658  0.73213680  0.74285918  0.73213680  0.82257585  0.31211726  0.31819953  0.34303773  0.00000000  0.43000774  0.42294514  0.41594888  0.43000774  
18_0_0     0.66111377  0.65149862  0.70086572  0.64200599  0.69072710  0.69072710  0.69072710  0.71114424  0.70086572  0.69072710  0.71114424  0.64200599  0.41594888  0.41594888  0.39534589  0.43000774  0.00000000  0.14950586  0.11617584  0.14465215  
14_0_0     0.62337611  0.61423303  0.64200599  0.65149862  0.63263281  0.64200599  0.62337611  0.66111377  0.69072710  0.61423303  0.63263281  0.54486763  0.43000774  0.43000774  0.41594888  0.42294514  0.14950586  0.00000000  0.11617584  0.13503859  
17_0_0     0.63263281  0.69072710  0.63263281  0.64200599  0.71114424  0.72156658  0.64200599  0.68072461  0.70086572  0.61423303  0.63263281  0.60520081  0.38192049  0.38860295  0.36873277  0.41594888  0.11617584  0.11617584  0.00000000  0.02429634  
15_0_0     0.64200599  0.66111377  0.65149862  0.62337611  0.71114424  0.71114424  0.65149862  0.67085466  0.73213680  0.64200599  0.61423303  0.60520081  0.40901771  0.41594888  0.39534589  0.43000774  0.14465215  0.13503859  0.02429634  0.00000000  

