182
2_57_0     0.00000000  0.20516162  0.20516162  0.19111322  0.21467739  0.48292535  0.48983461  0.47607991  0.48983461  0.30091112  0.26418017  0.31722792  0.32274768  0.37436779  0.36258192  0.30631024  0.31174898  0.30631024  0.33391209  0.33391209  0.42348021  0.31722792  0.33391209  0.34524728  0.27969963  0.27969963  0.26418017  0.29555106  0.27969963  0.30631024  0.29555106  0.28494586  0.29555106  0.28494586  0.30091112  0.27969963  0.27969963  0.35098055  0.34524728  0.28494586  0.30091112  0.33391209  0.30091112  0.29022949  0.30631024  0.28494586  0.41716019  0.49680890  0.42348021  0.41716019  0.42985459  0.45591500  0.49680890  0.46257585  0.44931348  0.45591500  0.43628428  0.43628428  0.42985459  0.42985459  0.41089361  0.44277025  0.41089361  0.46929712  0.46257585  0.43628428  0.48292535  0.46257585  0.46929712  0.47607991  0.51813445  0.48292535  0.44931348  0.48983461  0.46257585  0.54755806  0.52538156  0.53270024  0.55510019  0.56271988  0.49680890  0.51813445  0.51095753  0.51095753  0.51095753  0.51813445  0.46257585  0.44277025  0.44931348  0.44931348  0.44931348  0.44931348  0.42985459  0.46929712  0.48983461  0.48983461  0.47607991  0.48983461  0.51095753  0.43628428  0.44277025  0.49680890  0.46257585  0.46929712  0.45591500  0.49680890  0.46257585  0.46929712  0.45591500  0.44277025  0.46929712  0.47607991  0.42985459  0.51813445  0.55510019  0.50384945  0.54009191  0.41716019  0.43628428  0.46929712  0.45591500  0.46257585  0.46257585  0.52538156  0.58606059  0.51095753  0.51813445  0.53270024  0.45591500  0.44277025  0.36258192  0.39240569  0.37436779  0.38634414  0.37436779  0.36845142  0.39851722  0.40467958  0.46257585  0.38634414  0.38634414  0.39240569  0.39851722  0.41716019  0.39851722  0.40467958  0.39240569  0.41089361  0.54009191  0.51813445  0.49680890  0.36258192  0.36258192  0.42348021  0.50384945  0.41716019  0.38634414  0.35675853  0.45591500  0.43628428  0.40467958  0.52538156  0.48983461  0.43628428  0.44277025  0.36845142  0.38033177  0.36258192  0.50384945  0.49680890  0.47607991  0.51095753  0.54755806  0.54009191  0.53270024  0.57041872  0.57819839  0.43628428  0.43628428  0.41716019  0.45591500  0.36845142  
2_55_0     0.20516162  0.00000000  0.06749890  0.22431693  0.22918414  0.47607991  0.47607991  0.45591500  0.45591500  0.33391209  0.29022949  0.30631024  0.35098055  0.37436779  0.37436779  0.34524728  0.33955801  0.33391209  0.34524728  0.38033177  0.45591500  0.32274768  0.32274768  0.36258192  0.33391209  0.33391209  0.32830886  0.36845142  0.34524728  0.35098055  0.34524728  0.32830886  0.32830886  0.32830886  0.29022949  0.29555106  0.29555106  0.31174898  0.31722792  0.33391209  0.33955801  0.32830886  0.33391209  0.32274768  0.33955801  0.31174898  0.44277025  0.45591500  0.42348021  0.42985459  0.44931348  0.42985459  0.43628428  0.45591500  0.44931348  0.44277025  0.43628428  0.42348021  0.42985459  0.44277025  0.42985459  0.42985459  0.44931348  0.46929712  0.42985459  0.41716019  0.46929712  0.44277025  0.44931348  0.47607991  0.48292535  0.48983461  0.44277025  0.46929712  0.47607991  0.54009191  0.52538156  0.55510019  0.54755806  0.54755806  0.51813445  0.51095753  0.53270024  0.52538156  0.52538156  0.53270024  0.51095753  0.50384945  0.51813445  0.51813445  0.51095753  0.51095753  0.46929712  0.49680890  0.49680890  0.49680890  0.48983461  0.51095753  0.48983461  0.46929712  0.47607991  0.56271988  0.52538156  0.51813445  0.50384945  0.51095753  0.47607991  0.46929712  0.46257585  0.45591500  0.46929712  0.47607991  0.46257585  0.51095753  0.57819839  0.43628428  0.47607991  0.37436779  0.38033177  0.39851722  0.38033177  0.37436779  0.38033177  0.57819839  0.64356335  0.54009191  0.57819839  0.57041872  0.37436779  0.44931348  0.39851722  0.37436779  0.39240569  0.38634414  0.38634414  0.38033177  0.39851722  0.39240569  0.42985459  0.35675853  0.35675853  0.38634414  0.39851722  0.38634414  0.38033177  0.38634414  0.38634414  0.39240569  0.51095753  0.47607991  0.44277025  0.31174898  0.32274768  0.38634414  0.49680890  0.33955801  0.32830886  0.32830886  0.41716019  0.40467958  0.38033177  0.46929712  0.42348021  0.41716019  0.41089361  0.38634414  0.37436779  0.35675853  0.49680890  0.49680890  0.46929712  0.48983461  0.61837107  0.58606059  0.57041872  0.61837107  0.58606059  0.46929712  0.46929712  0.46257585  0.44931348  0.39851722  
2_59_0     0.20516162  0.06749890  0.00000000  0.20516162  0.22918414  0.42348021  0.42348021  0.41716019  0.41716019  0.31722792  0.26418017  0.31174898  0.32830886  0.36258192  0.36258192  0.32274768  0.31722792  0.32274768  0.32830886  0.35098055  0.39851722  0.33391209  0.33391209  0.36258192  0.34524728  0.34524728  0.32830886  0.35675853  0.32274768  0.32830886  0.31174898  0.30631024  0.30631024  0.30631024  0.27969963  0.29555106  0.29555106  0.33391209  0.32830886  0.32274768  0.31722792  0.31722792  0.32274768  0.31174898  0.32830886  0.33391209  0.38634414  0.45591500  0.43628428  0.42985459  0.44931348  0.44277025  0.47607991  0.46929712  0.41716019  0.41089361  0.42985459  0.41716019  0.42348021  0.42348021  0.42985459  0.42348021  0.44277025  0.45591500  0.44277025  0.44277025  0.46257585  0.42985459  0.42348021  0.50384945  0.51095753  0.51813445  0.46929712  0.49680890  0.43628428  0.50384945  0.51813445  0.52538156  0.52538156  0.51095753  0.50384945  0.49680890  0.51813445  0.49680890  0.49680890  0.50384945  0.45591500  0.43628428  0.44931348  0.46257585  0.45591500  0.45591500  0.42985459  0.44277025  0.44277025  0.44277025  0.43628428  0.44277025  0.42348021  0.41716019  0.42348021  0.54009191  0.46929712  0.46257585  0.44931348  0.44277025  0.42348021  0.41716019  0.42348021  0.40467958  0.41716019  0.42348021  0.41089361  0.42985459  0.56271988  0.42348021  0.41089361  0.36845142  0.36258192  0.39240569  0.35098055  0.35675853  0.36258192  0.53270024  0.58606059  0.48292535  0.50384945  0.53270024  0.41089361  0.46257585  0.40467958  0.40467958  0.39240569  0.38033177  0.39240569  0.39851722  0.41089361  0.41716019  0.44277025  0.36845142  0.35675853  0.41089361  0.42348021  0.42348021  0.41716019  0.42348021  0.41089361  0.41716019  0.48983461  0.46929712  0.46257585  0.34524728  0.34524728  0.41716019  0.50384945  0.35675853  0.35098055  0.33955801  0.40467958  0.42985459  0.38634414  0.43628428  0.39240569  0.41089361  0.40467958  0.40467958  0.39240569  0.37436779  0.48983461  0.48292535  0.45591500  0.46929712  0.58606059  0.55510019  0.55510019  0.57819839  0.54755806  0.45591500  0.44277025  0.42348021  0.43628428  0.38634414  
1_55_0     0.19111322  0.22431693  0.20516162  0.00000000  0.04051406  0.45591500  0.43628428  0.40467958  0.39240569  0.24398055  0.20990423  0.22431693  0.21467739  0.27969963  0.27969963  0.24897907  0.25401154  0.26931730  0.27449028  0.28494586  0.33391209  0.27969963  0.27969963  0.28494586  0.21948149  0.21948149  0.21467739  0.27449028  0.23408352  0.27969963  0.24897907  0.25401154  0.26931730  0.25907842  0.26931730  0.24398055  0.24398055  0.30091112  0.30631024  0.25907842  0.27449028  0.29555106  0.27969963  0.26931730  0.29022949  0.27449028  0.35098055  0.40467958  0.40467958  0.39851722  0.40467958  0.41089361  0.38634414  0.42348021  0.39851722  0.39240569  0.41089361  0.39851722  0.41089361  0.41089361  0.38634414  0.40467958  0.40467958  0.39851722  0.38033177  0.39240569  0.41089361  0.36845142  0.37436779  0.46929712  0.44931348  0.45591500  0.46257585  0.46257585  0.41089361  0.46257585  0.46929712  0.48983461  0.49680890  0.48983461  0.44931348  0.44277025  0.48292535  0.44277025  0.44277025  0.44931348  0.43628428  0.44277025  0.45591500  0.47607991  0.45591500  0.45591500  0.44931348  0.42985459  0.45591500  0.40467958  0.39240569  0.39240569  0.42985459  0.42348021  0.40467958  0.46257585  0.43628428  0.41716019  0.41716019  0.39240569  0.41716019  0.41716019  0.42985459  0.42348021  0.39851722  0.39240569  0.42985459  0.43628428  0.51813445  0.46929712  0.48983461  0.35098055  0.36258192  0.38033177  0.39240569  0.39851722  0.38033177  0.54755806  0.63507041  0.53270024  0.54009191  0.55510019  0.42348021  0.38634414  0.33391209  0.35675853  0.34524728  0.33955801  0.35098055  0.33391209  0.33955801  0.35675853  0.38634414  0.33391209  0.33391209  0.32830886  0.35098055  0.33955801  0.32274768  0.35098055  0.33391209  0.36258192  0.48983461  0.48292535  0.48983461  0.33955801  0.39240569  0.44931348  0.49680890  0.39851722  0.41716019  0.35098055  0.46929712  0.41089361  0.38033177  0.44931348  0.42348021  0.39240569  0.41716019  0.33955801  0.33391209  0.31722792  0.43628428  0.45591500  0.43628428  0.44277025  0.54009191  0.52538156  0.52538156  0.48983461  0.53270024  0.42348021  0.42348021  0.40467958  0.45591500  0.35098055  
6_55_0     0.21467739  0.22918414  0.22918414  0.04051406  0.00000000  0.46929712  0.44931348  0.42985459  0.41716019  0.25907842  0.22918414  0.25401154  0.24398055  0.29555106  0.29555106  0.26418017  0.26931730  0.27969963  0.30631024  0.31722792  0.35675853  0.30631024  0.30631024  0.31174898  0.23901551  0.23901551  0.23408352  0.29555106  0.25401154  0.30091112  0.27969963  0.27449028  0.29022949  0.27969963  0.28494586  0.26931730  0.26931730  0.32274768  0.32830886  0.29022949  0.30631024  0.30631024  0.30091112  0.29022949  0.31174898  0.29555106  0.39240569  0.41716019  0.40467958  0.41089361  0.42985459  0.41089361  0.39851722  0.42348021  0.42348021  0.41716019  0.43628428  0.42348021  0.43628428  0.43628428  0.39851722  0.42985459  0.42985459  0.42348021  0.39851722  0.41089361  0.45591500  0.39240569  0.39851722  0.50384945  0.49680890  0.48983461  0.48292535  0.49680890  0.44931348  0.48983461  0.48292535  0.50384945  0.50384945  0.52538156  0.46257585  0.44931348  0.48292535  0.45591500  0.45591500  0.46257585  0.48292535  0.48983461  0.50384945  0.52538156  0.50384945  0.50384945  0.48292535  0.46257585  0.47607991  0.44931348  0.42348021  0.42348021  0.44931348  0.46257585  0.44277025  0.49680890  0.47607991  0.45591500  0.45591500  0.41716019  0.45591500  0.45591500  0.45591500  0.44931348  0.42985459  0.43628428  0.46929712  0.46257585  0.57819839  0.49680890  0.51813445  0.36258192  0.36845142  0.38634414  0.38634414  0.39240569  0.39851722  0.56271988  0.64356335  0.55510019  0.56271988  0.61016042  0.44277025  0.40467958  0.35098055  0.36845142  0.35098055  0.34524728  0.35675853  0.33955801  0.36258192  0.38033177  0.40467958  0.34524728  0.34524728  0.35098055  0.37436779  0.35098055  0.33391209  0.36258192  0.35675853  0.38634414  0.49680890  0.48983461  0.49680890  0.33391209  0.38634414  0.44931348  0.49680890  0.39240569  0.44277025  0.34524728  0.48292535  0.41716019  0.36845142  0.46929712  0.44277025  0.41089361  0.43628428  0.33955801  0.32830886  0.31174898  0.46929712  0.48983461  0.46929712  0.47607991  0.57819839  0.55510019  0.56271988  0.52538156  0.57041872  0.44931348  0.46257585  0.44277025  0.49680890  0.38634414  
13_49_0    0.48292535  0.47607991  0.42348021  0.45591500  0.46929712  0.00000000  0.01447742  0.05968816  0.06749890  0.33955801  0.33391209  0.50384945  0.48983461  0.51095753  0.52538156  0.46257585  0.46257585  0.46929712  0.41716019  0.41716019  0.47607991  0.46929712  0.45591500  0.42985459  0.43628428  0.43628428  0.42985459  0.46929712  0.43628428  0.45591500  0.44931348  0.44277025  0.44931348  0.46257585  0.42985459  0.41089361  0.41089361  0.44277025  0.43628428  0.47607991  0.46929712  0.44277025  0.45591500  0.46929712  0.45591500  0.47607991  0.60203975  0.57041872  0.55510019  0.54009191  0.54755806  0.55510019  0.52538156  0.54009191  0.54755806  0.55510019  0.55510019  0.54009191  0.55510019  0.56271988  0.57041872  0.53270024  0.51095753  0.60203975  0.57819839  0.56271988  0.64356335  0.56271988  0.57041872  0.60203975  0.61016042  0.58606059  0.57819839  0.60203975  0.57041872  0.63507041  0.62667370  0.66084692  0.66084692  0.66964226  0.61016042  0.61016042  0.62667370  0.62667370  0.62667370  0.61837107  0.59400710  0.59400710  0.59400710  0.57041872  0.62667370  0.62667370  0.59400710  0.57819839  0.59400710  0.57041872  0.57819839  0.58606059  0.54755806  0.59400710  0.57819839  0.65215475  0.57041872  0.59400710  0.57819839  0.63507041  0.59400710  0.62667370  0.68755243  0.58606059  0.61016042  0.58606059  0.61016042  0.60203975  0.71525640  0.66084692  0.63507041  0.54009191  0.57041872  0.56271988  0.60203975  0.61016042  0.55510019  0.61837107  0.62667370  0.58606059  0.58606059  0.63507041  0.54755806  0.57041872  0.44931348  0.42985459  0.44931348  0.44931348  0.44277025  0.46257585  0.49680890  0.51095753  0.51095753  0.48292535  0.49680890  0.50384945  0.52538156  0.48983461  0.47607991  0.48983461  0.50384945  0.53270024  0.57041872  0.54755806  0.59400710  0.46929712  0.46929712  0.57041872  0.67854324  0.48983461  0.51813445  0.45591500  0.57041872  0.48292535  0.51813445  0.56271988  0.51095753  0.52538156  0.54755806  0.52538156  0.51095753  0.53270024  0.51095753  0.48983461  0.51095753  0.50384945  0.61016042  0.61837107  0.60203975  0.64356335  0.64356335  0.63507041  0.59400710  0.55510019  0.55510019  0.56271988  
7_49_0     0.48983461  0.47607991  0.42348021  0.43628428  0.44931348  0.01447742  0.00000000  0.05195889  0.05968816  0.32274768  0.32830886  0.48292535  0.46929712  0.50384945  0.51813445  0.46929712  0.46929712  0.47607991  0.41089361  0.42348021  0.46929712  0.47607991  0.44931348  0.43628428  0.42985459  0.42985459  0.42348021  0.46257585  0.44277025  0.46257585  0.44277025  0.43628428  0.45591500  0.46929712  0.43628428  0.41716019  0.41716019  0.43628428  0.42985459  0.46929712  0.46257585  0.43628428  0.44931348  0.46257585  0.46257585  0.47607991  0.61016042  0.56271988  0.54755806  0.53270024  0.54009191  0.54755806  0.50384945  0.54755806  0.54009191  0.54755806  0.54755806  0.53270024  0.54755806  0.55510019  0.54755806  0.51095753  0.51813445  0.59400710  0.57041872  0.55510019  0.61837107  0.55510019  0.56271988  0.60203975  0.61016042  0.58606059  0.57819839  0.60203975  0.58606059  0.65215475  0.64356335  0.67854324  0.67854324  0.66964226  0.62667370  0.62667370  0.62667370  0.64356335  0.64356335  0.63507041  0.61016042  0.61016042  0.59400710  0.58606059  0.64356335  0.64356335  0.61016042  0.58606059  0.60203975  0.58606059  0.59400710  0.60203975  0.56271988  0.61016042  0.59400710  0.66964226  0.58606059  0.61016042  0.59400710  0.61837107  0.61016042  0.62667370  0.70590619  0.60203975  0.62667370  0.60203975  0.62667370  0.58606059  0.73431836  0.66084692  0.64356335  0.54009191  0.57041872  0.56271988  0.60203975  0.61016042  0.55510019  0.61016042  0.61837107  0.57819839  0.57819839  0.63507041  0.55510019  0.56271988  0.44277025  0.43628428  0.44277025  0.45591500  0.44931348  0.45591500  0.50384945  0.51813445  0.48983461  0.48983461  0.50384945  0.49680890  0.53270024  0.49680890  0.48292535  0.49680890  0.51095753  0.54009191  0.57819839  0.55510019  0.58606059  0.44931348  0.47607991  0.57819839  0.66964226  0.48292535  0.52538156  0.46257585  0.57819839  0.47607991  0.51813445  0.55510019  0.50384945  0.53270024  0.55510019  0.53270024  0.50384945  0.52538156  0.50384945  0.48983461  0.51095753  0.50384945  0.61837107  0.62667370  0.61016042  0.65215475  0.65215475  0.64356335  0.60203975  0.56271988  0.56271988  0.57041872  
7_50_0     0.47607991  0.45591500  0.41716019  0.40467958  0.42985459  0.05968816  0.05195889  0.00000000  0.01447742  0.32274768  0.30631024  0.42348021  0.42348021  0.47607991  0.48983461  0.41089361  0.41089361  0.42985459  0.41089361  0.41089361  0.46257585  0.42348021  0.42348021  0.38634414  0.39851722  0.39851722  0.39240569  0.42985459  0.42348021  0.46257585  0.42348021  0.42985459  0.44931348  0.46257585  0.44277025  0.41089361  0.41089361  0.39851722  0.40467958  0.44931348  0.44277025  0.45591500  0.41716019  0.42985459  0.42985459  0.42985459  0.58606059  0.52538156  0.52538156  0.51095753  0.48983461  0.51813445  0.50384945  0.51813445  0.48292535  0.48983461  0.48983461  0.47607991  0.48983461  0.49680890  0.51813445  0.46929712  0.48983461  0.56271988  0.54755806  0.50384945  0.61016042  0.50384945  0.52538156  0.58606059  0.57819839  0.57041872  0.57819839  0.58606059  0.56271988  0.56271988  0.55510019  0.61837107  0.61837107  0.61837107  0.55510019  0.55510019  0.59400710  0.55510019  0.55510019  0.54755806  0.57041872  0.58606059  0.57041872  0.54755806  0.60203975  0.60203975  0.58606059  0.56271988  0.59400710  0.54755806  0.58606059  0.58606059  0.56271988  0.58606059  0.55510019  0.59400710  0.53270024  0.55510019  0.54009191  0.56271988  0.55510019  0.57041872  0.64356335  0.57819839  0.58606059  0.56271988  0.58606059  0.55510019  0.69667249  0.62667370  0.62667370  0.51813445  0.53270024  0.52538156  0.54755806  0.55510019  0.51813445  0.58606059  0.63507041  0.58606059  0.58606059  0.62667370  0.53270024  0.52538156  0.42985459  0.43628428  0.42985459  0.44277025  0.43628428  0.43628428  0.45591500  0.49680890  0.46929712  0.45591500  0.46929712  0.46257585  0.48292535  0.47607991  0.46257585  0.47607991  0.47607991  0.50384945  0.58606059  0.56271988  0.61016042  0.42348021  0.46929712  0.56271988  0.62667370  0.48292535  0.48983461  0.42348021  0.55510019  0.46257585  0.54009191  0.54755806  0.48292535  0.51095753  0.53270024  0.48983461  0.48983461  0.48292535  0.54755806  0.52538156  0.54755806  0.54009191  0.63507041  0.64356335  0.62667370  0.66084692  0.66084692  0.61837107  0.57819839  0.54009191  0.55510019  0.50384945  
13_50_0    0.48983461  0.45591500  0.41716019  0.39240569  0.41716019  0.06749890  0.05968816  0.01447742  0.00000000  0.33391209  0.31722792  0.43628428  0.41089361  0.46257585  0.47607991  0.41089361  0.41089361  0.42985459  0.42348021  0.42348021  0.47607991  0.43628428  0.42348021  0.38634414  0.38634414  0.38634414  0.38033177  0.41716019  0.41089361  0.44931348  0.41089361  0.41716019  0.42348021  0.44931348  0.42985459  0.41089361  0.41089361  0.41089361  0.41716019  0.44931348  0.44277025  0.45591500  0.42985459  0.44277025  0.44277025  0.44931348  0.59400710  0.53270024  0.52538156  0.51095753  0.50384945  0.51813445  0.50384945  0.51813445  0.48292535  0.48983461  0.48983461  0.47607991  0.48983461  0.49680890  0.50384945  0.45591500  0.48292535  0.54755806  0.51813445  0.48983461  0.59400710  0.51813445  0.52538156  0.60203975  0.59400710  0.58606059  0.59400710  0.60203975  0.56271988  0.56271988  0.55510019  0.61837107  0.61837107  0.61837107  0.55510019  0.55510019  0.61016042  0.55510019  0.55510019  0.54755806  0.55510019  0.57041872  0.55510019  0.54755806  0.58606059  0.58606059  0.58606059  0.56271988  0.59400710  0.54755806  0.57041872  0.57041872  0.56271988  0.58606059  0.55510019  0.61016042  0.54755806  0.57041872  0.55510019  0.56271988  0.55510019  0.57041872  0.64356335  0.57819839  0.58606059  0.56271988  0.60203975  0.57041872  0.73431836  0.62667370  0.64356335  0.50384945  0.54755806  0.52538156  0.54755806  0.55510019  0.51813445  0.58606059  0.65215475  0.58606059  0.60203975  0.64356335  0.53270024  0.54009191  0.45591500  0.44931348  0.44277025  0.45591500  0.44931348  0.44931348  0.45591500  0.49680890  0.47607991  0.46929712  0.48292535  0.46257585  0.48292535  0.47607991  0.46257585  0.48983461  0.47607991  0.50384945  0.61837107  0.59400710  0.62667370  0.42348021  0.48292535  0.57041872  0.61837107  0.49680890  0.48983461  0.43628428  0.57041872  0.48292535  0.52538156  0.54755806  0.48292535  0.52538156  0.53270024  0.50384945  0.47607991  0.48292535  0.54755806  0.54009191  0.51813445  0.51095753  0.66084692  0.66964226  0.65215475  0.67854324  0.67854324  0.62667370  0.58606059  0.54755806  0.56271988  0.51813445  
8_27_0     0.30091112  0.33391209  0.31722792  0.24398055  0.25907842  0.33955801  0.32274768  0.32274768  0.33391209  0.00000000  0.11617537  0.25907842  0.24897907  0.30631024  0.31722792  0.26418017  0.26418017  0.25907842  0.25401154  0.26418017  0.31722792  0.29555106  0.29555106  0.26931730  0.26418017  0.26418017  0.26931730  0.29022949  0.25401154  0.29022949  0.25907842  0.25401154  0.27969963  0.25907842  0.26418017  0.29022949  0.29022949  0.32830886  0.32274768  0.26931730  0.29022949  0.29022949  0.27969963  0.26931730  0.30091112  0.26931730  0.42348021  0.48292535  0.48292535  0.48292535  0.48983461  0.48292535  0.42985459  0.49680890  0.47607991  0.48292535  0.48292535  0.46929712  0.48292535  0.48983461  0.45591500  0.51813445  0.50384945  0.50384945  0.42985459  0.44931348  0.46929712  0.41089361  0.40467958  0.48983461  0.52538156  0.47607991  0.49680890  0.47607991  0.45591500  0.48292535  0.48292535  0.48983461  0.48292535  0.46929712  0.46257585  0.51095753  0.48983461  0.47607991  0.47607991  0.48292535  0.48983461  0.48983461  0.48983461  0.51095753  0.49680890  0.49680890  0.49680890  0.42348021  0.43628428  0.47607991  0.44277025  0.44277025  0.48983461  0.47607991  0.44931348  0.45591500  0.44277025  0.42348021  0.43628428  0.47607991  0.44931348  0.46257585  0.48292535  0.46929712  0.46257585  0.45591500  0.44931348  0.46929712  0.56271988  0.48983461  0.54009191  0.41716019  0.42985459  0.43628428  0.39851722  0.40467958  0.44277025  0.51813445  0.56271988  0.50384945  0.51095753  0.54755806  0.43628428  0.42348021  0.38634414  0.36845142  0.38634414  0.38634414  0.38033177  0.37436779  0.38033177  0.42348021  0.41089361  0.36845142  0.36845142  0.38033177  0.38634414  0.38033177  0.36845142  0.39240569  0.38634414  0.40467958  0.48983461  0.47607991  0.51813445  0.38033177  0.42985459  0.43628428  0.45591500  0.41089361  0.42985459  0.41716019  0.42985459  0.39851722  0.46257585  0.47607991  0.46929712  0.47607991  0.46929712  0.41089361  0.41089361  0.38033177  0.45591500  0.43628428  0.44931348  0.45591500  0.48292535  0.47607991  0.48983461  0.51095753  0.51813445  0.48292535  0.45591500  0.46257585  0.48983461  0.41089361  
3_27_0     0.26418017  0.29022949  0.26418017  0.20990423  0.22918414  0.33391209  0.32830886  0.30631024  0.31722792  0.11617537  0.00000000  0.25401154  0.22431693  0.25907842  0.26931730  0.25907842  0.25907842  0.24897907  0.28494586  0.28494586  0.34524728  0.24897907  0.24897907  0.24897907  0.20990423  0.20990423  0.21467739  0.27449028  0.19111322  0.26418017  0.22431693  0.22918414  0.25401154  0.24398055  0.23901551  0.22431693  0.22431693  0.24897907  0.24398055  0.23901551  0.24897907  0.23408352  0.22431693  0.21467739  0.23408352  0.21467739  0.41089361  0.45591500  0.44277025  0.45591500  0.46257585  0.45591500  0.48292535  0.46929712  0.43628428  0.42985459  0.44931348  0.43628428  0.44931348  0.44277025  0.41716019  0.44277025  0.43628428  0.48292535  0.39240569  0.39851722  0.46929712  0.37436779  0.38033177  0.46257585  0.48983461  0.46929712  0.48983461  0.45591500  0.41089361  0.44931348  0.44931348  0.46929712  0.47607991  0.45591500  0.40467958  0.45591500  0.42348021  0.41716019  0.41716019  0.42348021  0.45591500  0.45591500  0.46929712  0.44931348  0.47607991  0.47607991  0.47607991  0.40467958  0.42985459  0.42985459  0.39851722  0.39851722  0.42985459  0.42348021  0.40467958  0.45591500  0.41089361  0.40467958  0.40467958  0.45591500  0.40467958  0.41716019  0.43628428  0.41089361  0.41716019  0.42348021  0.39240569  0.46257585  0.59400710  0.48292535  0.51095753  0.38634414  0.40467958  0.42348021  0.40467958  0.41089361  0.42348021  0.55510019  0.53270024  0.48983461  0.49680890  0.51095753  0.43628428  0.39240569  0.35098055  0.35098055  0.33391209  0.32830886  0.33955801  0.32830886  0.30091112  0.31722792  0.36258192  0.30631024  0.31722792  0.30091112  0.31722792  0.31174898  0.30091112  0.31174898  0.30631024  0.32274768  0.46257585  0.44931348  0.48983461  0.33955801  0.41716019  0.43628428  0.46929712  0.39851722  0.38033177  0.36258192  0.43628428  0.42348021  0.41089361  0.46929712  0.41089361  0.38033177  0.42348021  0.42348021  0.35675853  0.35098055  0.48292535  0.46257585  0.44277025  0.44931348  0.48983461  0.49680890  0.49680890  0.51095753  0.51813445  0.44931348  0.42348021  0.42985459  0.41716019  0.38033177  
9_42_0     0.31722792  0.30631024  0.31174898  0.22431693  0.25401154  0.50384945  0.48292535  0.42348021  0.43628428  0.25907842  0.25401154  0.00000000  0.06358324  0.14176758  0.15049856  0.09550360  0.09959208  0.11617537  0.20516162  0.21467739  0.24398055  0.19576649  0.20990423  0.20516162  0.17278693  0.17278693  0.17732619  0.23408352  0.17732619  0.26931730  0.22431693  0.22918414  0.23408352  0.23408352  0.23901551  0.21467739  0.21467739  0.22918414  0.23408352  0.23408352  0.23408352  0.23901551  0.20990423  0.20044917  0.22431693  0.28494586  0.40467958  0.39240569  0.40467958  0.41089361  0.41716019  0.41089361  0.41716019  0.41089361  0.38634414  0.38033177  0.38634414  0.37436779  0.37436779  0.39240569  0.42348021  0.42348021  0.41089361  0.40467958  0.44277025  0.42985459  0.47607991  0.36845142  0.37436779  0.45591500  0.46257585  0.45591500  0.43628428  0.44931348  0.40467958  0.45591500  0.44931348  0.48292535  0.48292535  0.44931348  0.43628428  0.46929712  0.48292535  0.45591500  0.45591500  0.44931348  0.45591500  0.45591500  0.44931348  0.48292535  0.46257585  0.46257585  0.43628428  0.43628428  0.44931348  0.39851722  0.42985459  0.44277025  0.42985459  0.41089361  0.39240569  0.45591500  0.41089361  0.39240569  0.39240569  0.39851722  0.40467958  0.41716019  0.41716019  0.40467958  0.44931348  0.44931348  0.42985459  0.42348021  0.49680890  0.41716019  0.44931348  0.39240569  0.37436779  0.39240569  0.39851722  0.40467958  0.35675853  0.56271988  0.61016042  0.53270024  0.55510019  0.57819839  0.36845142  0.40467958  0.35675853  0.35675853  0.36258192  0.34524728  0.35675853  0.34524728  0.31174898  0.33391209  0.36845142  0.31722792  0.31722792  0.31722792  0.32274768  0.31722792  0.30091112  0.30631024  0.32274768  0.33955801  0.45591500  0.44931348  0.43628428  0.32274768  0.39851722  0.42985459  0.46257585  0.41089361  0.39851722  0.35675853  0.42985459  0.38033177  0.39851722  0.48983461  0.43628428  0.39240569  0.40467958  0.38033177  0.36845142  0.35098055  0.48292535  0.51813445  0.50384945  0.48983461  0.55510019  0.54009191  0.55510019  0.54009191  0.55510019  0.48983461  0.48292535  0.47607991  0.51095753  0.38033177  
9_18_0     0.32274768  0.35098055  0.32830886  0.21467739  0.24398055  0.48983461  0.46929712  0.42348021  0.41089361  0.24897907  0.22431693  0.06358324  0.00000000  0.10370324  0.10370324  0.09143755  0.08739368  0.10370324  0.21948149  0.21948149  0.24398055  0.18648899  0.18189343  0.18648899  0.15933363  0.15933363  0.16379098  0.20044917  0.16827531  0.24398055  0.19111322  0.19576649  0.20990423  0.20044917  0.21467739  0.20044917  0.20044917  0.22431693  0.22918414  0.21948149  0.21948149  0.23408352  0.21467739  0.20516162  0.23408352  0.31174898  0.42348021  0.40467958  0.41089361  0.40467958  0.41089361  0.40467958  0.41089361  0.39240569  0.40467958  0.39851722  0.40467958  0.39240569  0.39240569  0.39851722  0.43628428  0.42985459  0.43628428  0.39851722  0.41716019  0.40467958  0.45591500  0.38033177  0.38634414  0.43628428  0.42985459  0.43628428  0.41716019  0.41716019  0.39851722  0.44931348  0.45591500  0.46257585  0.47607991  0.45591500  0.42985459  0.46257585  0.48292535  0.43628428  0.43628428  0.44277025  0.42348021  0.43628428  0.42985459  0.48983461  0.45591500  0.45591500  0.45591500  0.41716019  0.42985459  0.38033177  0.39851722  0.41089361  0.40467958  0.42985459  0.39851722  0.44931348  0.41716019  0.41089361  0.41089361  0.41716019  0.41089361  0.42348021  0.44277025  0.40467958  0.42985459  0.42348021  0.42348021  0.42348021  0.51813445  0.44277025  0.46257585  0.33391209  0.34524728  0.35098055  0.37436779  0.38033177  0.35098055  0.54755806  0.57819839  0.50384945  0.52538156  0.60203975  0.38033177  0.41089361  0.38634414  0.36258192  0.35675853  0.35098055  0.36258192  0.35098055  0.32274768  0.34524728  0.38634414  0.33391209  0.33391209  0.32830886  0.33391209  0.32830886  0.31174898  0.32830886  0.33391209  0.36258192  0.46257585  0.47607991  0.47607991  0.32830886  0.44277025  0.44931348  0.46929712  0.40467958  0.39240569  0.36258192  0.44931348  0.44277025  0.41716019  0.46929712  0.42985459  0.38634414  0.41089361  0.37436779  0.33955801  0.34524728  0.48292535  0.48983461  0.48983461  0.47607991  0.54009191  0.54009191  0.55510019  0.54755806  0.54755806  0.48292535  0.46929712  0.46257585  0.49680890  0.38634414  
3_18_0     0.37436779  0.37436779  0.36258192  0.27969963  0.29555106  0.51095753  0.50384945  0.47607991  0.46257585  0.30631024  0.25907842  0.14176758  0.10370324  0.00000000  0.00720335  0.15490293  0.15490293  0.16827531  0.26418017  0.25401154  0.25907842  0.23408352  0.20516162  0.21948149  0.19111322  0.19111322  0.20516162  0.26418017  0.20044917  0.27969963  0.25401154  0.25907842  0.26418017  0.26418017  0.26931730  0.25907842  0.25907842  0.22918414  0.23408352  0.25907842  0.25907842  0.23408352  0.22431693  0.21467739  0.23408352  0.31722792  0.44931348  0.39851722  0.42985459  0.42348021  0.42985459  0.41716019  0.41716019  0.40467958  0.40467958  0.41089361  0.41716019  0.40467958  0.40467958  0.40467958  0.39851722  0.41716019  0.42348021  0.39851722  0.36845142  0.37436779  0.42985459  0.38634414  0.39240569  0.43628428  0.46257585  0.44277025  0.46257585  0.42985459  0.41089361  0.44931348  0.43628428  0.45591500  0.46929712  0.46929712  0.42985459  0.44931348  0.47607991  0.44931348  0.44277025  0.44277025  0.48292535  0.49680890  0.48983461  0.55510019  0.51813445  0.51813445  0.51813445  0.42348021  0.42348021  0.40467958  0.39240569  0.39851722  0.41089361  0.44277025  0.42348021  0.44931348  0.45591500  0.44931348  0.44931348  0.45591500  0.44277025  0.45591500  0.47607991  0.43628428  0.46929712  0.46257585  0.45591500  0.44277025  0.54755806  0.41716019  0.43628428  0.31174898  0.35675853  0.35098055  0.39851722  0.38634414  0.34524728  0.53270024  0.57041872  0.48983461  0.53270024  0.62667370  0.41089361  0.40467958  0.39851722  0.36845142  0.37436779  0.38033177  0.38033177  0.35675853  0.33955801  0.35098055  0.39240569  0.35098055  0.32830886  0.33391209  0.33955801  0.34524728  0.32830886  0.33391209  0.33955801  0.35675853  0.46929712  0.47607991  0.44277025  0.38634414  0.44931348  0.46929712  0.48983461  0.38634414  0.40467958  0.39240569  0.46257585  0.46929712  0.39240569  0.48983461  0.44931348  0.39240569  0.44277025  0.39240569  0.33391209  0.34524728  0.45591500  0.49680890  0.46929712  0.45591500  0.46929712  0.49680890  0.49680890  0.48983461  0.48983461  0.44277025  0.44277025  0.43628428  0.45591500  0.36845142  
8_18_0     0.36258192  0.37436779  0.36258192  0.27969963  0.29555106  0.52538156  0.51813445  0.48983461  0.47607991  0.31722792  0.26931730  0.15049856  0.10370324  0.00720335  0.00000000  0.16379098  0.16379098  0.17732619  0.27449028  0.26418017  0.26931730  0.24398055  0.21467739  0.22918414  0.19111322  0.19111322  0.20516162  0.25401154  0.20044917  0.27969963  0.25401154  0.25907842  0.26418017  0.26418017  0.26931730  0.26931730  0.26931730  0.22918414  0.23408352  0.25907842  0.25907842  0.23408352  0.22431693  0.21467739  0.23408352  0.31722792  0.46257585  0.39851722  0.42985459  0.42348021  0.42985459  0.41716019  0.41716019  0.40467958  0.39240569  0.39851722  0.40467958  0.39240569  0.39240569  0.39240569  0.39851722  0.41716019  0.42348021  0.38634414  0.36845142  0.38634414  0.42985459  0.38634414  0.39240569  0.42348021  0.44931348  0.42985459  0.44931348  0.41716019  0.42348021  0.46257585  0.44931348  0.45591500  0.48292535  0.48292535  0.44277025  0.46257585  0.48983461  0.46257585  0.45591500  0.45591500  0.48292535  0.49680890  0.48983461  0.55510019  0.51813445  0.51813445  0.51813445  0.43628428  0.43628428  0.40467958  0.40467958  0.41089361  0.42348021  0.45591500  0.43628428  0.46257585  0.46929712  0.46257585  0.46257585  0.46257585  0.45591500  0.46929712  0.47607991  0.44931348  0.48292535  0.47607991  0.46929712  0.45591500  0.56271988  0.42985459  0.44931348  0.31174898  0.35675853  0.35098055  0.39851722  0.38634414  0.35675853  0.54009191  0.57819839  0.49680890  0.54009191  0.63507041  0.41089361  0.39240569  0.39851722  0.36845142  0.37436779  0.38033177  0.38033177  0.35675853  0.33955801  0.35098055  0.39240569  0.35098055  0.32830886  0.33391209  0.33955801  0.34524728  0.32830886  0.33391209  0.33955801  0.35675853  0.46929712  0.47607991  0.44277025  0.38634414  0.44931348  0.48292535  0.50384945  0.38634414  0.40467958  0.39240569  0.46257585  0.46929712  0.39240569  0.50384945  0.46257585  0.40467958  0.45591500  0.38033177  0.33391209  0.34524728  0.45591500  0.48292535  0.48292535  0.46929712  0.48292535  0.51095753  0.51095753  0.48983461  0.50384945  0.44277025  0.44277025  0.43628428  0.45591500  0.36845142  
9_41_0     0.30631024  0.34524728  0.32274768  0.24897907  0.26418017  0.46257585  0.46929712  0.41089361  0.41089361  0.26418017  0.25907842  0.09550360  0.09143755  0.15490293  0.16379098  0.00000000  0.00720335  0.04812427  0.22431693  0.22431693  0.24897907  0.19111322  0.20516162  0.21467739  0.17732619  0.17732619  0.18189343  0.20990423  0.17732619  0.23901551  0.20516162  0.20990423  0.21467739  0.19576649  0.20990423  0.19576649  0.19576649  0.24398055  0.24897907  0.22431693  0.22431693  0.23901551  0.21948149  0.20990423  0.22918414  0.32274768  0.41089361  0.38634414  0.36845142  0.37436779  0.39240569  0.38634414  0.42348021  0.38634414  0.38033177  0.37436779  0.38033177  0.36845142  0.36845142  0.38634414  0.41716019  0.41716019  0.39851722  0.38634414  0.44931348  0.44277025  0.46929712  0.35675853  0.36258192  0.42348021  0.42348021  0.43628428  0.40467958  0.42985459  0.41089361  0.48292535  0.44277025  0.47607991  0.48983461  0.48292535  0.44931348  0.46257585  0.48983461  0.43628428  0.43628428  0.44277025  0.41089361  0.41089361  0.42985459  0.47607991  0.41716019  0.41716019  0.41716019  0.43628428  0.43628428  0.39851722  0.40467958  0.42348021  0.41089361  0.39851722  0.38033177  0.43628428  0.39851722  0.38033177  0.38033177  0.42348021  0.41089361  0.43628428  0.42985459  0.40467958  0.44277025  0.44931348  0.41089361  0.42348021  0.45591500  0.44277025  0.43628428  0.35675853  0.35675853  0.37436779  0.38634414  0.39240569  0.35675853  0.53270024  0.55510019  0.49680890  0.49680890  0.54755806  0.36845142  0.40467958  0.33955801  0.33391209  0.33391209  0.31722792  0.32830886  0.33955801  0.30091112  0.31722792  0.38033177  0.30631024  0.30631024  0.31722792  0.31174898  0.31722792  0.30091112  0.31722792  0.31174898  0.32830886  0.44277025  0.44931348  0.46257585  0.35098055  0.38634414  0.41089361  0.45591500  0.39851722  0.38634414  0.33391209  0.46929712  0.41716019  0.38033177  0.44277025  0.41089361  0.35675853  0.36845142  0.32830886  0.33955801  0.31174898  0.50384945  0.51813445  0.51095753  0.51095753  0.54009191  0.54009191  0.55510019  0.53270024  0.54755806  0.44931348  0.43628428  0.42985459  0.46257585  0.35098055  
9_22_0     0.31174898  0.33955801  0.31722792  0.25401154  0.26931730  0.46257585  0.46929712  0.41089361  0.41089361  0.26418017  0.25907842  0.09959208  0.08739368  0.15490293  0.16379098  0.00720335  0.00000000  0.04430940  0.21948149  0.21948149  0.24398055  0.18648899  0.20044917  0.20990423  0.18189343  0.18189343  0.18648899  0.20516162  0.18189343  0.24398055  0.20990423  0.21467739  0.21948149  0.20044917  0.21467739  0.20044917  0.20044917  0.24897907  0.25401154  0.22918414  0.22918414  0.24398055  0.22431693  0.21467739  0.23408352  0.32830886  0.40467958  0.38033177  0.37436779  0.36845142  0.38634414  0.38033177  0.42985459  0.38033177  0.37436779  0.36845142  0.37436779  0.36258192  0.36258192  0.38033177  0.41089361  0.41089361  0.40467958  0.39240569  0.44277025  0.43628428  0.46257585  0.36258192  0.36845142  0.42985459  0.42985459  0.44277025  0.41089361  0.42348021  0.40467958  0.48983461  0.44931348  0.48292535  0.49680890  0.48983461  0.45591500  0.46929712  0.49680890  0.44277025  0.44277025  0.44931348  0.41716019  0.41716019  0.42348021  0.48292535  0.42348021  0.42348021  0.42348021  0.42985459  0.42985459  0.39240569  0.39851722  0.41716019  0.40467958  0.40467958  0.38634414  0.44277025  0.40467958  0.38634414  0.38634414  0.42348021  0.41716019  0.44277025  0.43628428  0.41089361  0.44931348  0.45591500  0.41716019  0.42985459  0.44931348  0.44931348  0.44277025  0.35675853  0.36258192  0.38033177  0.39240569  0.39851722  0.36258192  0.51813445  0.55510019  0.49680890  0.48292535  0.53270024  0.37436779  0.39851722  0.34524728  0.32830886  0.32830886  0.31174898  0.32274768  0.33391209  0.29555106  0.31174898  0.37436779  0.30091112  0.30091112  0.31174898  0.30631024  0.31174898  0.29555106  0.31174898  0.30631024  0.32274768  0.44931348  0.45591500  0.46929712  0.34524728  0.39240569  0.40467958  0.46257585  0.39240569  0.38033177  0.32830886  0.47607991  0.42348021  0.38634414  0.44931348  0.41716019  0.36258192  0.37436779  0.33391209  0.34524728  0.31722792  0.51095753  0.51095753  0.50384945  0.50384945  0.54755806  0.54755806  0.56271988  0.54009191  0.55510019  0.44277025  0.42985459  0.42348021  0.45591500  0.35675853  
8_22_0     0.30631024  0.33391209  0.32274768  0.26931730  0.27969963  0.46929712  0.47607991  0.42985459  0.42985459  0.25907842  0.24897907  0.11617537  0.10370324  0.16827531  0.17732619  0.04812427  0.04430940  0.00000000  0.22918414  0.22918414  0.27449028  0.20516162  0.20990423  0.21948149  0.20044917  0.20044917  0.19576649  0.22431693  0.18189343  0.24897907  0.21948149  0.22431693  0.22918414  0.20990423  0.22431693  0.20990423  0.20990423  0.27449028  0.26931730  0.23901551  0.23901551  0.23901551  0.22918414  0.21948149  0.23901551  0.34524728  0.41089361  0.38634414  0.39240569  0.38634414  0.40467958  0.38634414  0.40467958  0.38634414  0.40467958  0.39851722  0.40467958  0.39240569  0.39240569  0.41089361  0.43628428  0.44931348  0.43628428  0.43628428  0.42985459  0.43628428  0.47607991  0.38634414  0.38033177  0.42348021  0.44931348  0.42348021  0.39240569  0.39240569  0.37436779  0.46257585  0.43628428  0.46929712  0.48292535  0.48983461  0.42985459  0.45591500  0.46929712  0.42985459  0.42985459  0.43628428  0.41089361  0.39851722  0.40467958  0.46257585  0.40467958  0.40467958  0.40467958  0.41089361  0.41089361  0.38634414  0.39240569  0.39851722  0.39851722  0.37436779  0.35675853  0.41089361  0.37436779  0.35675853  0.35675853  0.38033177  0.38634414  0.41089361  0.40467958  0.38033177  0.40467958  0.42348021  0.38634414  0.42348021  0.45591500  0.45591500  0.44931348  0.34524728  0.33955801  0.35675853  0.39240569  0.39851722  0.36258192  0.52538156  0.54755806  0.50384945  0.51813445  0.54755806  0.36258192  0.41716019  0.37436779  0.35675853  0.35675853  0.33955801  0.35098055  0.35098055  0.32274768  0.33955801  0.40467958  0.32830886  0.32830886  0.33955801  0.33391209  0.32830886  0.31174898  0.32830886  0.33391209  0.35098055  0.48292535  0.48983461  0.48983461  0.36845142  0.38634414  0.38634414  0.44277025  0.41089361  0.38634414  0.34524728  0.45591500  0.40467958  0.40467958  0.46257585  0.42348021  0.36845142  0.39240569  0.34524728  0.34524728  0.31722792  0.47607991  0.47607991  0.46929712  0.48292535  0.54755806  0.54755806  0.56271988  0.56271988  0.56271988  0.41716019  0.41716019  0.42348021  0.44277025  0.35098055  
