21
20_0_0     0.00000000  0.00437961  0.04499452  0.05903807  0.06377845  0.07335030  0.06854907  0.13350544  0.14401895  0.13350544  0.13350544  0.11800712  0.13350544  0.11800712  0.16007156  0.18202534  0.11800712  0.11800712  0.11291156  0.11291156  0.31584670  
1_0_0      0.00437961  0.00000000  0.04964647  0.06377845  0.05903807  0.07818255  0.07335030  0.13350544  0.13874372  0.13874372  0.12830357  0.11291156  0.12830357  0.12313763  0.16007156  0.18202534  0.12313763  0.11291156  0.10785047  0.10785047  0.31584670  
19_0_0     0.04499452  0.04964647  0.00000000  0.06377845  0.06854907  0.07335030  0.06854907  0.12313763  0.12313763  0.11291156  0.11291156  0.12313763  0.12830357  0.11800712  0.16007156  0.17647620  0.14933164  0.09782986  0.10785047  0.10785047  0.34297589  
12_0_0     0.05903807  0.06377845  0.06377845  0.00000000  0.04037131  0.07818255  0.07818255  0.15468233  0.16549990  0.10282338  0.11291156  0.12830357  0.12313763  0.12830357  0.18202534  0.21621341  0.12830357  0.10785047  0.11291156  0.11291156  0.32928832  
47_0_0     0.06377845  0.05903807  0.06854907  0.04037131  0.00000000  0.07335030  0.07818255  0.16007156  0.16549990  0.12313763  0.11291156  0.10282338  0.11800712  0.11291156  0.17647620  0.21040579  0.12830357  0.11800712  0.11291156  0.11291156  0.34297589  
47_6_0     0.07335030  0.07818255  0.07335030  0.07818255  0.07335030  0.00000000  0.01321650  0.16007156  0.17096792  0.10785047  0.12313763  0.10282338  0.09782986  0.10282338  0.16549990  0.16549990  0.12313763  0.10785047  0.10282338  0.10282338  0.30921538  
12_6_0     0.06854907  0.07335030  0.06854907  0.07818255  0.07818255  0.01321650  0.00000000  0.15468233  0.16549990  0.11291156  0.13350544  0.10785047  0.10282338  0.10785047  0.17096792  0.17096792  0.11800712  0.11291156  0.10785047  0.10785047  0.30264233  
34_0_0     0.13350544  0.13350544  0.12313763  0.15468233  0.16007156  0.16007156  0.15468233  0.00000000  0.01321650  0.12830357  0.12830357  0.12313763  0.12830357  0.11291156  0.17096792  0.16007156  0.13350544  0.11291156  0.10785047  0.11291156  0.35691857  
30_0_0     0.14401895  0.13874372  0.12313763  0.16549990  0.16549990  0.17096792  0.16549990  0.01321650  0.00000000  0.13874372  0.13350544  0.12830357  0.13350544  0.12313763  0.17647620  0.15468233  0.14401895  0.11800712  0.11291156  0.11800712  0.36398859  
15_1_0     0.13350544  0.13874372  0.11291156  0.10282338  0.12313763  0.10785047  0.11291156  0.12830357  0.13874372  0.00000000  0.05903807  0.11800712  0.09782986  0.10282338  0.17096792  0.17647620  0.11291156  0.06854907  0.06377845  0.05903807  0.34297589  
15_0_0     0.13350544  0.12830357  0.11291156  0.11291156  0.11291156  0.12313763  0.13350544  0.12830357  0.13350544  0.05903807  0.00000000  0.09782986  0.10282338  0.11291156  0.16549990  0.18202534  0.11800712  0.06377845  0.06854907  0.06377845  0.33610080  
22_5_0     0.11800712  0.11291156  0.12313763  0.12830357  0.10282338  0.10282338  0.10785047  0.12313763  0.12830357  0.11800712  0.09782986  0.00000000  0.03120975  0.03577651  0.11800712  0.11800712  0.06854907  0.08794171  0.08794171  0.08794171  0.31584670  
22_3_0     0.13350544  0.12830357  0.12830357  0.12313763  0.11800712  0.09782986  0.10282338  0.12830357  0.13350544  0.09782986  0.10282338  0.03120975  0.00000000  0.03577651  0.12313763  0.12313763  0.06377845  0.07335030  0.06854907  0.06854907  0.31584670  
22_4_0     0.11800712  0.12313763  0.11800712  0.12830357  0.11291156  0.10282338  0.10785047  0.11291156  0.12313763  0.10282338  0.11291156  0.03577651  0.03577651  0.00000000  0.13874372  0.13874372  0.05903807  0.09286945  0.09286945  0.09286945  0.31584670  
36_3_0     0.16007156  0.16007156  0.16007156  0.18202534  0.17647620  0.16549990  0.17096792  0.17096792  0.17647620  0.17096792  0.16549990  0.11800712  0.12313763  0.13874372  0.00000000  0.04037131  0.14933164  0.14401895  0.15468233  0.15468233  0.32928832  
17_3_0     0.18202534  0.18202534  0.17647620  0.21621341  0.21040579  0.16549990  0.17096792  0.16007156  0.15468233  0.17647620  0.18202534  0.11800712  0.12313763  0.13874372  0.04037131  0.00000000  0.16007156  0.15468233  0.16549990  0.16549990  0.32253732  
5_3_0      0.11800712  0.12313763  0.14933164  0.12830357  0.12830357  0.12313763  0.11800712  0.13350544  0.14401895  0.11291156  0.11800712  0.06854907  0.06377845  0.05903807  0.14933164  0.16007156  0.00000000  0.09782986  0.09782986  0.09286945  0.30921538  
3_0_0      0.11800712  0.11291156  0.09782986  0.10785047  0.11800712  0.10785047  0.11291156  0.11291156  0.11800712  0.06854907  0.06377845  0.08794171  0.07335030  0.09286945  0.14401895  0.15468233  0.09782986  0.00000000  0.03120975  0.02667070  0.34297589  
33_0_0     0.11291156  0.10785047  0.10785047  0.11291156  0.11291156  0.10282338  0.10785047  0.10785047  0.11291156  0.06377845  0.06854907  0.08794171  0.06854907  0.09286945  0.15468233  0.16549990  0.09782986  0.03120975  0.00000000  0.00437961  0.33610080  
31_0_0     0.11291156  0.10785047  0.10785047  0.11291156  0.11291156  0.10282338  0.10785047  0.11291156  0.11800712  0.05903807  0.06377845  0.08794171  0.06854907  0.09286945  0.15468233  0.16549990  0.09286945  0.02667070  0.00437961  0.00000000  0.34297589  
21_0_0     0.31584670  0.31584670  0.34297589  0.32928832  0.34297589  0.30921538  0.30264233  0.35691857  0.36398859  0.34297589  0.33610080  0.31584670  0.31584670  0.31584670  0.32928832  0.32253732  0.30921538  0.34297589  0.33610080  0.34297589  0.00000000  

