fastme_mat.p : 0.5250465869903564
fastme.f81 : 1.7122976779937744
ba.exp : 18.543909788131714
pipeline_dl2908180 : 21.588550090789795
