fastme_mat.p : 0.3226220088806152
fastme.f81 : 0.6648802438516617
ba.exp : 8.169997953451395
