20
2_0_0      0.00000000  0.01948808  0.25876776  0.57333276  0.54578400  0.53238918  0.53238918  0.61670471  0.64711733  0.60195980  0.61670471  0.61670471  0.60195980  0.63175297  0.54578400  0.50631366  0.50631366  0.48113577  0.46886453  0.53238918  
1_0_0      0.01948808  0.00000000  0.24073028  0.55942870  0.53238918  0.51923523  0.51923523  0.60195980  0.63175297  0.58750624  0.60195980  0.60195980  0.58750624  0.60195980  0.57333276  0.49361639  0.49361639  0.48113577  0.46886453  0.53238918  
3_0_0      0.25876776  0.24073028  0.00000000  0.55942870  0.48113577  0.55942870  0.55942870  0.60195980  0.57333276  0.58750624  0.63175297  0.63175297  0.58750624  0.60195980  0.60195980  0.51923523  0.46886453  0.43323965  0.44492288  0.54578400  
4_0_0      0.57333276  0.55942870  0.55942870  0.00000000  0.12557181  0.14095401  0.14095401  0.69524714  0.64711733  0.72918825  0.66281134  0.63175297  0.66281134  0.66281134  0.63175297  0.57333276  0.58750624  0.54578400  0.53238918  0.57333276  
13_0_0     0.54578400  0.53238918  0.48113577  0.12557181  0.00000000  0.08127573  0.06708706  0.69524714  0.64711733  0.72918825  0.66281134  0.66281134  0.66281134  0.67884947  0.66281134  0.50631366  0.50631366  0.46886453  0.45679576  0.57333276  
10_0_0     0.53238918  0.51923523  0.55942870  0.14095401  0.08127573  0.00000000  0.03950961  0.64711733  0.63175297  0.67884947  0.61670471  0.58750624  0.61670471  0.60195980  0.58750624  0.53238918  0.53238918  0.49361639  0.48113577  0.57333276  
12_0_0     0.53238918  0.51923523  0.55942870  0.14095401  0.06708706  0.03950961  0.00000000  0.63175297  0.61670471  0.63175297  0.60195980  0.57333276  0.60195980  0.58750624  0.57333276  0.53238918  0.53238918  0.49361639  0.48113577  0.57333276  
8_0_0      0.61670471  0.60195980  0.60195980  0.69524714  0.69524714  0.64711733  0.63175297  0.00000000  0.04630711  0.10308852  0.09574508  0.08127573  0.08847463  0.10308852  0.08847463  0.51923523  0.48113577  0.50631366  0.49361639  0.51923523  
20_0_0     0.64711733  0.63175297  0.57333276  0.64711733  0.64711733  0.63175297  0.61670471  0.04630711  0.00000000  0.11050643  0.13322248  0.10308852  0.12557181  0.14095401  0.14095401  0.48113577  0.44492288  0.46886453  0.45679576  0.54578400  
15_0_0     0.60195980  0.58750624  0.58750624  0.72918825  0.72918825  0.67884947  0.63175297  0.10308852  0.11050643  0.00000000  0.14876814  0.10308852  0.12557181  0.14876814  0.11050643  0.48113577  0.46886453  0.49361639  0.48113577  0.54578400  
16_0_0     0.61670471  0.60195980  0.63175297  0.66281134  0.66281134  0.61670471  0.60195980  0.09574508  0.13322248  0.14876814  0.00000000  0.05316838  0.04630711  0.08127573  0.07414699  0.54578400  0.53238918  0.55942870  0.54578400  0.57333276  
7_0_0      0.61670471  0.60195980  0.63175297  0.63175297  0.66281134  0.58750624  0.57333276  0.08127573  0.10308852  0.10308852  0.05316838  0.00000000  0.03277469  0.06708706  0.04630711  0.50631366  0.51923523  0.51923523  0.50631366  0.54578400  
18_0_0     0.60195980  0.58750624  0.58750624  0.66281134  0.66281134  0.61670471  0.60195980  0.08847463  0.12557181  0.12557181  0.04630711  0.03277469  0.00000000  0.07414699  0.06708706  0.53238918  0.51923523  0.54578400  0.53238918  0.53238918  
9_0_0      0.63175297  0.60195980  0.60195980  0.66281134  0.67884947  0.60195980  0.58750624  0.10308852  0.14095401  0.14876814  0.08127573  0.06708706  0.07414699  0.00000000  0.06009461  0.51923523  0.50631366  0.50631366  0.49361639  0.54578400  
19_0_0     0.54578400  0.57333276  0.60195980  0.63175297  0.66281134  0.58750624  0.57333276  0.08847463  0.14095401  0.11050643  0.07414699  0.04630711  0.06708706  0.06009461  0.00000000  0.49361639  0.50631366  0.48113577  0.46886453  0.51923523  
11_0_0     0.50631366  0.49361639  0.51923523  0.57333276  0.50631366  0.53238918  0.53238918  0.51923523  0.48113577  0.48113577  0.54578400  0.50631366  0.53238918  0.51923523  0.49361639  0.00000000  0.02610122  0.04630711  0.03950961  0.21448156  
6_0_0      0.50631366  0.49361639  0.46886453  0.58750624  0.50631366  0.53238918  0.53238918  0.48113577  0.44492288  0.46886453  0.53238918  0.51923523  0.51923523  0.50631366  0.50631366  0.02610122  0.00000000  0.03277469  0.02610122  0.19749152  
14_0_0     0.48113577  0.48113577  0.43323965  0.54578400  0.46886453  0.49361639  0.49361639  0.50631366  0.46886453  0.49361639  0.55942870  0.51923523  0.54578400  0.50631366  0.48113577  0.04630711  0.03277469  0.00000000  0.00643851  0.18914223  
17_0_0     0.46886453  0.46886453  0.44492288  0.53238918  0.45679576  0.48113577  0.48113577  0.49361639  0.45679576  0.48113577  0.54578400  0.50631366  0.53238918  0.49361639  0.46886453  0.03950961  0.02610122  0.00643851  0.00000000  0.18088717  
5_0_0      0.53238918  0.53238918  0.54578400  0.57333276  0.57333276  0.57333276  0.57333276  0.51923523  0.54578400  0.54578400  0.57333276  0.54578400  0.53238918  0.54578400  0.51923523  0.21448156  0.19749152  0.18914223  0.18088717  0.00000000  

