188
3_0_0      0.00000000  0.03330373  0.04310391  0.15479383  0.16056185  0.14907087  0.14907087  0.14907087  0.15479383  0.13775734  0.15479383  0.16056185  0.17223593  0.17223593  0.17223593  0.17223593  0.25301960  0.27299853  0.25961889  0.26627817  0.25961889  0.26627817  0.25961889  0.23357104  0.23357104  0.22720125  0.22720125  0.24647921  0.21462543  0.22720125  0.23999670  0.23999670  0.22088635  0.23357104  0.31466908  0.30051392  0.30051392  0.30755731  0.27299853  0.26627817  0.27299853  0.25301960  0.25301960  0.25301960  0.19010341  0.25961889  0.26627817  0.23357104  0.23999670  0.27299853  0.25961889  0.27299853  0.28662706  0.26627817  0.27978111  0.27978111  0.29353759  0.28662706  0.26627817  0.25961889  0.27978111  0.27978111  0.27299853  0.27299853  0.31466908  0.31466908  0.25301960  0.29353759  0.30755731  0.27978111  0.27299853  0.27978111  0.27978111  0.28662706  0.27978111  0.29353759  0.29353759  0.30051392  0.30755731  0.23999670  0.23999670  0.26627817  0.26627817  0.25301960  0.25301960  0.26627817  0.23999670  0.23999670  0.23357104  0.26627817  0.26627817  0.25961889  0.25301960  0.24647921  0.23999670  0.27978111  0.27978111  0.27978111  0.26627817  0.23357104  0.29353759  0.23357104  0.23999670  0.24647921  0.24647921  0.24647921  0.23357104  0.24647921  0.23999670  0.22720125  0.22088635  0.23999670  0.24647921  0.23999670  0.23999670  0.22720125  0.23999670  0.23357104  0.25301960  0.25961889  0.25301960  0.25301960  0.25301960  0.24647921  0.22720125  0.23357104  0.20226183  0.21462543  0.21462543  0.21462543  0.21462543  0.21462543  0.26627817  0.25961889  0.24647921  0.24647921  0.23999670  0.26627817  0.24647921  0.25301960  0.24647921  0.29353759  0.30051392  0.26627817  0.26627817  0.21462543  0.23999670  0.24647921  0.25301960  0.24647921  0.25301960  0.24647921  0.23999670  0.23999670  0.24647921  0.23357104  0.22720125  0.22720125  0.24647921  0.23999670  0.23357104  0.23357104  0.23357104  0.22088635  0.24647921  0.22720125  0.22088635  0.23999670  0.24647921  0.24647921  0.23999670  0.23999670  0.23357104  0.24647921  0.24647921  0.27299853  0.24647921  0.25301960  0.25961889  0.23999670  0.24647921  0.26627817  0.22720125  0.23999670  0.25961889  0.25961889  0.26627817  0.25961889  
20_0_0     0.03330373  0.00000000  0.00936188  0.14907087  0.14339227  0.12110800  0.12110800  0.12110800  0.13775734  0.12110800  0.11564126  0.14339227  0.15479383  0.15479383  0.15479383  0.16637564  0.27978111  0.28662706  0.28662706  0.29353759  0.28662706  0.29353759  0.28662706  0.23357104  0.23357104  0.22720125  0.22720125  0.24647921  0.20226183  0.21462543  0.23999670  0.22720125  0.22720125  0.23999670  0.30051392  0.30051392  0.30051392  0.30755731  0.28662706  0.27978111  0.28662706  0.25961889  0.25961889  0.25961889  0.19010341  0.23357104  0.23999670  0.21462543  0.22088635  0.25301960  0.23999670  0.29353759  0.30755731  0.28662706  0.30051392  0.30051392  0.31466908  0.30755731  0.25961889  0.26627817  0.27299853  0.27299853  0.26627817  0.26627817  0.29353759  0.29353759  0.24647921  0.28662706  0.30051392  0.25961889  0.26627817  0.27299853  0.27299853  0.27978111  0.28662706  0.29353759  0.29353759  0.29353759  0.28662706  0.23357104  0.23357104  0.25961889  0.25961889  0.25961889  0.25961889  0.25961889  0.25301960  0.25301960  0.24647921  0.27978111  0.27978111  0.27299853  0.26627817  0.24647921  0.23999670  0.25961889  0.25961889  0.27299853  0.25961889  0.23357104  0.27978111  0.22720125  0.23357104  0.25301960  0.25301960  0.25301960  0.23999670  0.25301960  0.23357104  0.22720125  0.22088635  0.23999670  0.23357104  0.22720125  0.22720125  0.21462543  0.23999670  0.23357104  0.23999670  0.25301960  0.25301960  0.23999670  0.23999670  0.23357104  0.22720125  0.23999670  0.21462543  0.22720125  0.21462543  0.21462543  0.23357104  0.21462543  0.25301960  0.24647921  0.23357104  0.23357104  0.22720125  0.23999670  0.24647921  0.23999670  0.24647921  0.30051392  0.28662706  0.27299853  0.27299853  0.21462543  0.25301960  0.24647921  0.26627817  0.27299853  0.25301960  0.24647921  0.23999670  0.23999670  0.24647921  0.23357104  0.22720125  0.22720125  0.25301960  0.24647921  0.23357104  0.23357104  0.23357104  0.22088635  0.24647921  0.23357104  0.23357104  0.24647921  0.24647921  0.24647921  0.23999670  0.25301960  0.24647921  0.25961889  0.23357104  0.25961889  0.23357104  0.23999670  0.24647921  0.22720125  0.23357104  0.27299853  0.22720125  0.23999670  0.25961889  0.25961889  0.26627817  0.25961889  
12_0_0     0.04310391  0.00936188  0.00000000  0.16056185  0.15479383  0.13216541  0.13216541  0.13216541  0.13775734  0.13216541  0.12661585  0.15479383  0.16637564  0.16637564  0.16637564  0.16637564  0.27978111  0.28662706  0.28662706  0.29353759  0.28662706  0.29353759  0.28662706  0.23357104  0.23357104  0.22720125  0.22720125  0.24647921  0.20226183  0.21462543  0.23999670  0.22720125  0.22720125  0.23999670  0.29353759  0.29353759  0.29353759  0.30051392  0.28662706  0.27978111  0.28662706  0.27299853  0.27299853  0.25961889  0.19010341  0.22720125  0.23357104  0.21462543  0.22088635  0.25301960  0.23999670  0.30755731  0.32185055  0.30051392  0.31466908  0.31466908  0.31466908  0.32185055  0.25961889  0.26627817  0.27299853  0.27299853  0.26627817  0.26627817  0.30051392  0.30051392  0.24647921  0.30051392  0.30051392  0.25961889  0.27978111  0.28662706  0.28662706  0.27978111  0.30051392  0.30755731  0.30755731  0.29353759  0.28662706  0.23357104  0.23357104  0.25961889  0.25961889  0.25961889  0.25961889  0.25961889  0.25301960  0.25301960  0.24647921  0.27978111  0.27978111  0.27299853  0.26627817  0.23999670  0.23357104  0.25301960  0.25301960  0.26627817  0.25301960  0.23357104  0.27299853  0.22088635  0.22720125  0.24647921  0.24647921  0.24647921  0.23357104  0.24647921  0.22720125  0.22720125  0.22088635  0.23999670  0.23357104  0.22720125  0.22720125  0.21462543  0.23999670  0.23357104  0.23999670  0.25301960  0.25301960  0.23999670  0.23999670  0.23357104  0.22720125  0.23999670  0.22720125  0.23999670  0.22720125  0.21462543  0.23357104  0.21462543  0.24647921  0.23999670  0.22720125  0.22720125  0.22088635  0.23357104  0.23999670  0.23357104  0.23999670  0.30051392  0.28662706  0.27299853  0.27299853  0.21462543  0.24647921  0.23999670  0.26627817  0.27299853  0.24647921  0.23999670  0.23357104  0.23357104  0.23999670  0.22720125  0.22088635  0.22088635  0.25301960  0.24647921  0.22720125  0.22720125  0.22720125  0.21462543  0.23999670  0.22720125  0.22720125  0.23999670  0.23999670  0.23999670  0.23357104  0.24647921  0.23999670  0.25301960  0.22720125  0.25301960  0.23357104  0.23357104  0.23999670  0.22088635  0.22720125  0.26627817  0.22088635  0.23357104  0.25301960  0.25301960  0.25961889  0.25301960  
19_0_0     0.15479383  0.14907087  0.16056185  0.00000000  0.02363291  0.05303697  0.07331644  0.05303697  0.12110800  0.10482863  0.13216541  0.11564126  0.11564126  0.11564126  0.11564126  0.14339227  0.27299853  0.26627817  0.26627817  0.28662706  0.27978111  0.30051392  0.26627817  0.25961889  0.25961889  0.25961889  0.25301960  0.27978111  0.24647921  0.24647921  0.25301960  0.26627817  0.25961889  0.25961889  0.32185055  0.30755731  0.30755731  0.30755731  0.27978111  0.27299853  0.27978111  0.27978111  0.27978111  0.27299853  0.19615740  0.29353759  0.28662706  0.22720125  0.23357104  0.23999670  0.23999670  0.29353759  0.30755731  0.28662706  0.30051392  0.30051392  0.31466908  0.30755731  0.24647921  0.24647921  0.25961889  0.25961889  0.25961889  0.25961889  0.29353759  0.29353759  0.23357104  0.27299853  0.28662706  0.25961889  0.25961889  0.26627817  0.25301960  0.27299853  0.26627817  0.27299853  0.27299853  0.28662706  0.26627817  0.23999670  0.23357104  0.23357104  0.22088635  0.23357104  0.23357104  0.24647921  0.27978111  0.27978111  0.27299853  0.26627817  0.26627817  0.27299853  0.27978111  0.19615740  0.19615740  0.23999670  0.24647921  0.25961889  0.25961889  0.22720125  0.25301960  0.22720125  0.23357104  0.25301960  0.25301960  0.25301960  0.23999670  0.25301960  0.23357104  0.20841755  0.21462543  0.22088635  0.25301960  0.24647921  0.24647921  0.23357104  0.22088635  0.21462543  0.23357104  0.23357104  0.24647921  0.23999670  0.24647921  0.22720125  0.22088635  0.22720125  0.20841755  0.21462543  0.20226183  0.22088635  0.23999670  0.22720125  0.22720125  0.22088635  0.20841755  0.20841755  0.21462543  0.22088635  0.22088635  0.20841755  0.21462543  0.25301960  0.25301960  0.23357104  0.23357104  0.19615740  0.25301960  0.21462543  0.25961889  0.24647921  0.22088635  0.22088635  0.22088635  0.22088635  0.23357104  0.20841755  0.23357104  0.19615740  0.22720125  0.22088635  0.22088635  0.22088635  0.22088635  0.21462543  0.22088635  0.22720125  0.20841755  0.21462543  0.21462543  0.21462543  0.21462543  0.22088635  0.21462543  0.22088635  0.23357104  0.25961889  0.24647921  0.20841755  0.21462543  0.21462543  0.22088635  0.24647921  0.20226183  0.21462543  0.22088635  0.22088635  0.22720125  0.22088635  
21_0_0     0.16056185  0.14339227  0.15479383  0.02363291  0.00000000  0.04310391  0.06819371  0.04805361  0.11021500  0.11021500  0.12661585  0.12110800  0.12110800  0.12110800  0.12110800  0.14907087  0.26627817  0.25961889  0.25961889  0.26627817  0.25961889  0.29353759  0.25961889  0.24647921  0.24647921  0.24647921  0.24647921  0.27299853  0.23999670  0.23999670  0.24647921  0.25961889  0.23999670  0.23999670  0.32185055  0.30755731  0.30755731  0.30755731  0.26627817  0.25961889  0.26627817  0.26627817  0.26627817  0.25961889  0.19010341  0.26627817  0.25961889  0.20841755  0.21462543  0.23357104  0.23357104  0.28662706  0.30051392  0.27978111  0.29353759  0.29353759  0.30755731  0.28662706  0.25301960  0.23999670  0.23999670  0.25301960  0.25301960  0.25301960  0.28662706  0.28662706  0.22720125  0.26627817  0.27978111  0.25301960  0.26627817  0.27299853  0.25961889  0.27978111  0.27299853  0.27978111  0.27978111  0.27299853  0.25301960  0.23357104  0.22088635  0.22720125  0.21462543  0.22720125  0.22720125  0.23999670  0.25961889  0.25961889  0.25301960  0.24647921  0.25961889  0.25301960  0.25961889  0.20226183  0.20226183  0.23357104  0.23999670  0.25301960  0.25301960  0.22088635  0.26627817  0.23357104  0.23999670  0.25961889  0.25961889  0.25961889  0.24647921  0.25961889  0.23999670  0.21462543  0.22088635  0.22720125  0.25961889  0.25301960  0.25301960  0.23999670  0.22720125  0.22088635  0.22720125  0.23999670  0.25301960  0.24647921  0.23999670  0.22088635  0.21462543  0.22720125  0.20841755  0.21462543  0.20226183  0.22720125  0.23999670  0.22720125  0.22720125  0.22088635  0.20841755  0.20841755  0.21462543  0.22088635  0.22088635  0.20841755  0.21462543  0.24647921  0.24647921  0.23357104  0.23357104  0.20226183  0.24647921  0.21462543  0.25961889  0.25301960  0.22088635  0.22720125  0.22088635  0.22088635  0.22720125  0.20226183  0.22720125  0.19615740  0.22088635  0.21462543  0.22720125  0.22720125  0.22720125  0.22088635  0.22720125  0.22088635  0.20226183  0.20841755  0.20841755  0.20841755  0.20841755  0.21462543  0.20841755  0.21462543  0.22720125  0.25301960  0.23999670  0.20226183  0.20841755  0.20841755  0.21462543  0.23999670  0.19615740  0.20841755  0.22720125  0.22720125  0.23357104  0.22720125  
15_0_0     0.14907087  0.12110800  0.13216541  0.05303697  0.04310391  0.00000000  0.02845236  0.00936188  0.08367064  0.07847525  0.09417326  0.09948157  0.09948157  0.09948157  0.09948157  0.12661585  0.27299853  0.26627817  0.27978111  0.28662706  0.27978111  0.30051392  0.27978111  0.23999670  0.23999670  0.23999670  0.23357104  0.25301960  0.20841755  0.22088635  0.24647921  0.23357104  0.23357104  0.23357104  0.32185055  0.30755731  0.30755731  0.30755731  0.25301960  0.25961889  0.25301960  0.25961889  0.25961889  0.25961889  0.19615740  0.28662706  0.29353759  0.23357104  0.23999670  0.25961889  0.25961889  0.27978111  0.29353759  0.27299853  0.28662706  0.28662706  0.30051392  0.28662706  0.25301960  0.25961889  0.25961889  0.25961889  0.25961889  0.25961889  0.27978111  0.27978111  0.23357104  0.27978111  0.29353759  0.26627817  0.26627817  0.27299853  0.27299853  0.27978111  0.28662706  0.29353759  0.29353759  0.29353759  0.27299853  0.23999670  0.23357104  0.25961889  0.24647921  0.25961889  0.25961889  0.25961889  0.27299853  0.27299853  0.26627817  0.27299853  0.27299853  0.26627817  0.27299853  0.22088635  0.22088635  0.23357104  0.23999670  0.25301960  0.23999670  0.22720125  0.25301960  0.23999670  0.24647921  0.26627817  0.26627817  0.26627817  0.25301960  0.26627817  0.24647921  0.22720125  0.22088635  0.23999670  0.24647921  0.23999670  0.23999670  0.22720125  0.23999670  0.23357104  0.22720125  0.23357104  0.25301960  0.23999670  0.23999670  0.23357104  0.22088635  0.22088635  0.22720125  0.23357104  0.22088635  0.23357104  0.24647921  0.23357104  0.23357104  0.22720125  0.22088635  0.22088635  0.22720125  0.22720125  0.22720125  0.22088635  0.22720125  0.25301960  0.23999670  0.22720125  0.22720125  0.20841755  0.23999670  0.22088635  0.27978111  0.27299853  0.22720125  0.23357104  0.22720125  0.22720125  0.22088635  0.20841755  0.22720125  0.20226183  0.23999670  0.23357104  0.22720125  0.22720125  0.22720125  0.22720125  0.23357104  0.23999670  0.22088635  0.21462543  0.22720125  0.22720125  0.22088635  0.23357104  0.22720125  0.22720125  0.22088635  0.23999670  0.22720125  0.21462543  0.22088635  0.22088635  0.20841755  0.25301960  0.20226183  0.21462543  0.23999670  0.23999670  0.24647921  0.23999670  
14_0_0     0.14907087  0.12110800  0.13216541  0.07331644  0.06819371  0.02845236  0.00000000  0.01884495  0.10482863  0.09948157  0.11564126  0.12110800  0.12110800  0.12110800  0.12110800  0.13775734  0.27978111  0.27299853  0.28662706  0.27299853  0.27299853  0.29353759  0.28662706  0.25301960  0.25301960  0.25301960  0.23357104  0.25301960  0.20841755  0.22088635  0.24647921  0.23357104  0.23999670  0.23999670  0.30755731  0.29353759  0.29353759  0.29353759  0.25961889  0.26627817  0.25961889  0.25961889  0.25961889  0.25961889  0.19615740  0.27978111  0.28662706  0.23999670  0.24647921  0.26627817  0.26627817  0.29353759  0.30755731  0.28662706  0.30051392  0.30051392  0.31466908  0.30755731  0.26627817  0.25301960  0.25301960  0.25301960  0.24647921  0.24647921  0.27299853  0.27299853  0.22720125  0.28662706  0.30051392  0.27299853  0.25301960  0.25961889  0.25961889  0.26627817  0.28662706  0.29353759  0.29353759  0.30051392  0.27978111  0.23357104  0.23999670  0.26627817  0.25301960  0.26627817  0.26627817  0.26627817  0.26627817  0.26627817  0.25961889  0.26627817  0.26627817  0.25961889  0.26627817  0.22088635  0.22088635  0.23357104  0.25301960  0.25301960  0.23999670  0.22720125  0.26627817  0.23999670  0.24647921  0.26627817  0.26627817  0.26627817  0.25301960  0.26627817  0.24647921  0.22720125  0.22088635  0.23999670  0.24647921  0.23999670  0.23999670  0.22720125  0.23999670  0.23357104  0.22720125  0.23357104  0.25301960  0.23999670  0.23999670  0.22088635  0.22088635  0.23357104  0.22720125  0.23357104  0.22088635  0.23357104  0.24647921  0.23357104  0.23357104  0.22720125  0.22088635  0.22088635  0.22720125  0.22720125  0.22720125  0.22088635  0.22720125  0.25301960  0.23999670  0.22720125  0.22720125  0.20841755  0.23999670  0.22088635  0.27978111  0.27299853  0.22720125  0.23357104  0.22720125  0.22720125  0.22088635  0.20841755  0.22720125  0.20226183  0.22720125  0.22088635  0.23999670  0.23999670  0.23999670  0.23999670  0.24647921  0.22720125  0.22088635  0.22720125  0.22720125  0.22720125  0.22088635  0.23357104  0.22720125  0.22720125  0.22088635  0.22720125  0.21462543  0.21462543  0.22088635  0.22088635  0.20841755  0.25301960  0.20226183  0.21462543  0.23357104  0.23357104  0.23999670  0.23357104  
9_0_0      0.14907087  0.12110800  0.13216541  0.05303697  0.04805361  0.00936188  0.01884495  0.00000000  0.08367064  0.07847525  0.09417326  0.09948157  0.09948157  0.09948157  0.09948157  0.12661585  0.27978111  0.27299853  0.28662706  0.27978111  0.27299853  0.30755731  0.28662706  0.24647921  0.24647921  0.24647921  0.23357104  0.25301960  0.20841755  0.22088635  0.24647921  0.23357104  0.23999670  0.23999670  0.32185055  0.30755731  0.30755731  0.30755731  0.25961889  0.26627817  0.25961889  0.25961889  0.25961889  0.25961889  0.19615740  0.29353759  0.30051392  0.23999670  0.24647921  0.26627817  0.26627817  0.27978111  0.29353759  0.27299853  0.28662706  0.28662706  0.30051392  0.29353759  0.25301960  0.25301960  0.25301960  0.25301960  0.25301960  0.25301960  0.27299853  0.27299853  0.22720125  0.27299853  0.28662706  0.25961889  0.26627817  0.27299853  0.27299853  0.27978111  0.28662706  0.29353759  0.29353759  0.30051392  0.27978111  0.24647921  0.23999670  0.26627817  0.25301960  0.26627817  0.26627817  0.26627817  0.27978111  0.27978111  0.27299853  0.27978111  0.27978111  0.27299853  0.27978111  0.22088635  0.22088635  0.23357104  0.23999670  0.25301960  0.23999670  0.22720125  0.25301960  0.23999670  0.24647921  0.26627817  0.26627817  0.26627817  0.25301960  0.26627817  0.24647921  0.22720125  0.22088635  0.23999670  0.24647921  0.23999670  0.23999670  0.22720125  0.23999670  0.23357104  0.22720125  0.23357104  0.25301960  0.23999670  0.23999670  0.22088635  0.22088635  0.22088635  0.22720125  0.23357104  0.22088635  0.23357104  0.24647921  0.23357104  0.23357104  0.22720125  0.22088635  0.22088635  0.22720125  0.22720125  0.22720125  0.22088635  0.22720125  0.25301960  0.23999670  0.22720125  0.22720125  0.20841755  0.23999670  0.22088635  0.27978111  0.27299853  0.22720125  0.23357104  0.22720125  0.22720125  0.22088635  0.20841755  0.22720125  0.20226183  0.23999670  0.23357104  0.22720125  0.22720125  0.22720125  0.22720125  0.23357104  0.23999670  0.22088635  0.21462543  0.22720125  0.22720125  0.22088635  0.23357104  0.22720125  0.22720125  0.22088635  0.22720125  0.21462543  0.21462543  0.22088635  0.22088635  0.20841755  0.23999670  0.20226183  0.21462543  0.23999670  0.23999670  0.24647921  0.23999670  
10_0_0     0.15479383  0.13775734  0.13775734  0.12110800  0.11021500  0.08367064  0.10482863  0.08367064  0.00000000  0.07331644  0.08890313  0.09417326  0.09417326  0.09417326  0.09417326  0.11564126  0.23357104  0.22720125  0.23999670  0.24647921  0.23999670  0.25961889  0.23999670  0.22088635  0.22088635  0.22088635  0.20226183  0.22088635  0.19010341  0.21462543  0.23999670  0.22720125  0.22088635  0.22088635  0.30051392  0.30051392  0.30051392  0.30051392  0.23357104  0.23999670  0.23357104  0.23999670  0.23999670  0.22720125  0.16637564  0.21462543  0.22088635  0.17814347  0.17223593  0.17814347  0.19010341  0.27978111  0.30755731  0.28662706  0.28662706  0.28662706  0.27978111  0.29353759  0.22088635  0.25301960  0.23999670  0.22720125  0.23999670  0.23999670  0.25961889  0.25961889  0.21462543  0.29353759  0.29353759  0.25301960  0.23357104  0.23999670  0.23999670  0.24647921  0.26627817  0.27299853  0.27299853  0.27299853  0.26627817  0.23357104  0.21462543  0.24647921  0.24647921  0.24647921  0.24647921  0.23357104  0.25961889  0.25961889  0.25301960  0.26627817  0.25961889  0.25301960  0.25961889  0.21462543  0.20841755  0.23357104  0.22720125  0.23999670  0.21462543  0.20841755  0.25301960  0.23999670  0.24647921  0.26627817  0.26627817  0.26627817  0.25301960  0.25301960  0.24647921  0.22088635  0.20226183  0.21462543  0.23357104  0.22720125  0.22720125  0.20226183  0.21462543  0.20841755  0.21462543  0.20841755  0.22720125  0.21462543  0.21462543  0.22088635  0.19010341  0.20226183  0.22088635  0.21462543  0.20226183  0.20841755  0.20841755  0.19615740  0.22720125  0.23357104  0.20226183  0.20226183  0.20841755  0.20841755  0.22088635  0.20226183  0.20841755  0.23357104  0.23357104  0.20841755  0.20841755  0.17814347  0.20226183  0.19010341  0.25301960  0.24647921  0.19615740  0.21462543  0.20841755  0.20841755  0.19010341  0.19010341  0.20841755  0.18409904  0.23357104  0.22720125  0.19615740  0.19615740  0.19615740  0.19615740  0.20226183  0.23999670  0.20226183  0.19615740  0.21462543  0.21462543  0.20841755  0.21462543  0.20841755  0.19615740  0.20226183  0.21462543  0.20226183  0.19615740  0.20226183  0.20226183  0.19010341  0.23357104  0.19615740  0.19615740  0.22720125  0.22720125  0.22088635  0.22720125  
18_0_0     0.13775734  0.12110800  0.13216541  0.10482863  0.11021500  0.07847525  0.09948157  0.07847525  0.07331644  0.00000000  0.03330373  0.04805361  0.04805361  0.04805361  0.04805361  0.07331644  0.25301960  0.24647921  0.25961889  0.26627817  0.25961889  0.27978111  0.25961889  0.21462543  0.21462543  0.21462543  0.20226183  0.22088635  0.19010341  0.20226183  0.22720125  0.22720125  0.23357104  0.23357104  0.28662706  0.27299853  0.27299853  0.27299853  0.25961889  0.26627817  0.25961889  0.23357104  0.23357104  0.23357104  0.18409904  0.27299853  0.26627817  0.21462543  0.20841755  0.22720125  0.22720125  0.25961889  0.28662706  0.25301960  0.26627817  0.26627817  0.27978111  0.27299853  0.22720125  0.26627817  0.22720125  0.21462543  0.22720125  0.22720125  0.23357104  0.23357104  0.20226183  0.27978111  0.29353759  0.25301960  0.24647921  0.25301960  0.24647921  0.24647921  0.26627817  0.27299853  0.27299853  0.27299853  0.24647921  0.23357104  0.22088635  0.25961889  0.25961889  0.25961889  0.25961889  0.25961889  0.23999670  0.23999670  0.23357104  0.24647921  0.23999670  0.23357104  0.23999670  0.20841755  0.22088635  0.22720125  0.20841755  0.22088635  0.20841755  0.20226183  0.24647921  0.23357104  0.22720125  0.24647921  0.24647921  0.24647921  0.23357104  0.23357104  0.21462543  0.20841755  0.19010341  0.20841755  0.22720125  0.22088635  0.22088635  0.20841755  0.20841755  0.21462543  0.22088635  0.21462543  0.23357104  0.22088635  0.22088635  0.22720125  0.20841755  0.22088635  0.21462543  0.22088635  0.20841755  0.22088635  0.23357104  0.22088635  0.20841755  0.20226183  0.20226183  0.20226183  0.20841755  0.19615740  0.22720125  0.20841755  0.21462543  0.23999670  0.25301960  0.22720125  0.22720125  0.19615740  0.21462543  0.20841755  0.26627817  0.25961889  0.21462543  0.22088635  0.21462543  0.21462543  0.20841755  0.19615740  0.20226183  0.19010341  0.22720125  0.22088635  0.21462543  0.21462543  0.21462543  0.21462543  0.22088635  0.22720125  0.20841755  0.20226183  0.21462543  0.21462543  0.20841755  0.22088635  0.21462543  0.20226183  0.20841755  0.23999670  0.22720125  0.20226183  0.19615740  0.19615740  0.19615740  0.23999670  0.20226183  0.21462543  0.22720125  0.22720125  0.22088635  0.22720125  
16_0_0     0.15479383  0.11564126  0.12661585  0.13216541  0.12661585  0.09417326  0.11564126  0.09417326  0.08890313  0.03330373  0.00000000  0.04310391  0.05303697  0.05303697  0.05303697  0.08890313  0.25301960  0.25961889  0.27299853  0.27978111  0.27299853  0.27978111  0.25961889  0.22720125  0.22720125  0.22720125  0.19010341  0.19615740  0.16637564  0.17814347  0.19010341  0.20226183  0.22088635  0.22088635  0.28662706  0.27299853  0.27299853  0.25961889  0.25301960  0.25961889  0.25301960  0.22088635  0.22088635  0.22088635  0.18409904  0.27978111  0.27299853  0.21462543  0.20841755  0.22720125  0.22720125  0.25301960  0.27978111  0.24647921  0.25961889  0.25961889  0.27299853  0.26627817  0.22720125  0.26627817  0.22720125  0.21462543  0.22720125  0.22720125  0.24647921  0.24647921  0.21462543  0.27978111  0.29353759  0.25301960  0.27299853  0.27978111  0.27299853  0.27299853  0.29353759  0.30051392  0.30051392  0.27299853  0.25961889  0.23357104  0.20841755  0.24647921  0.24647921  0.24647921  0.24647921  0.24647921  0.25301960  0.25301960  0.24647921  0.28662706  0.27978111  0.27299853  0.26627817  0.23357104  0.24647921  0.24647921  0.22720125  0.23999670  0.22720125  0.22720125  0.25961889  0.24647921  0.23999670  0.25961889  0.25961889  0.25961889  0.24647921  0.24647921  0.22720125  0.23357104  0.21462543  0.23357104  0.23999670  0.23357104  0.23357104  0.22088635  0.22088635  0.22720125  0.23357104  0.22088635  0.23357104  0.22088635  0.23357104  0.23999670  0.22088635  0.22088635  0.21462543  0.23357104  0.23357104  0.22088635  0.23357104  0.22088635  0.22088635  0.21462543  0.20226183  0.20226183  0.19615740  0.19615740  0.22720125  0.20841755  0.22720125  0.23999670  0.25301960  0.22720125  0.22720125  0.22088635  0.22720125  0.23357104  0.27978111  0.28662706  0.23999670  0.23357104  0.22720125  0.22720125  0.22088635  0.22088635  0.22720125  0.21462543  0.23999670  0.23357104  0.23999670  0.23999670  0.23999670  0.23999670  0.24647921  0.25301960  0.24647921  0.23999670  0.25301960  0.25301960  0.24647921  0.25961889  0.25301960  0.23999670  0.23357104  0.26627817  0.25301960  0.22720125  0.22088635  0.22088635  0.22088635  0.27299853  0.20226183  0.21462543  0.25301960  0.25301960  0.24647921  0.25301960  
17_0_0     0.16056185  0.14339227  0.15479383  0.11564126  0.12110800  0.09948157  0.12110800  0.09948157  0.09417326  0.04805361  0.04310391  0.00000000  0.00936188  0.00936188  0.00936188  0.08367064  0.22720125  0.23357104  0.23357104  0.26627817  0.25961889  0.26627817  0.24647921  0.21462543  0.21462543  0.21462543  0.20226183  0.20841755  0.20226183  0.21462543  0.21462543  0.22720125  0.23357104  0.23357104  0.32910311  0.31466908  0.31466908  0.30051392  0.23999670  0.24647921  0.23999670  0.23357104  0.23357104  0.24647921  0.20841755  0.29353759  0.28662706  0.22720125  0.22088635  0.21462543  0.21462543  0.25961889  0.28662706  0.25301960  0.25301960  0.25301960  0.26627817  0.25961889  0.22088635  0.23999670  0.22720125  0.19010341  0.21462543  0.21462543  0.22720125  0.22720125  0.19010341  0.25301960  0.26627817  0.23999670  0.23357104  0.23999670  0.23357104  0.23357104  0.26627817  0.27299853  0.27299853  0.27978111  0.25301960  0.23357104  0.20841755  0.22088635  0.22088635  0.22088635  0.22088635  0.22088635  0.25301960  0.25301960  0.24647921  0.27299853  0.25301960  0.25961889  0.25301960  0.22088635  0.23357104  0.25301960  0.23357104  0.24647921  0.24647921  0.21462543  0.25301960  0.25301960  0.24647921  0.25961889  0.25961889  0.25961889  0.24647921  0.25301960  0.23357104  0.22720125  0.20841755  0.22720125  0.24647921  0.23999670  0.23999670  0.22720125  0.21462543  0.22088635  0.23999670  0.22088635  0.23999670  0.22720125  0.24647921  0.25961889  0.22088635  0.23999670  0.22720125  0.24647921  0.23357104  0.24647921  0.25961889  0.23357104  0.22088635  0.22720125  0.23357104  0.23357104  0.22720125  0.22720125  0.23999670  0.22088635  0.22720125  0.26627817  0.26627817  0.23999670  0.23999670  0.22088635  0.21462543  0.22088635  0.27978111  0.26627817  0.22720125  0.20841755  0.21462543  0.21462543  0.22088635  0.20841755  0.21462543  0.20226183  0.23999670  0.23357104  0.21462543  0.21462543  0.21462543  0.21462543  0.22088635  0.22720125  0.23357104  0.22720125  0.23999670  0.23999670  0.23357104  0.24647921  0.23999670  0.20226183  0.23357104  0.23999670  0.22720125  0.21462543  0.20841755  0.20841755  0.21462543  0.25301960  0.20226183  0.21462543  0.22088635  0.22088635  0.21462543  0.22088635  
22_0_0     0.17223593  0.15479383  0.16637564  0.11564126  0.12110800  0.09948157  0.12110800  0.09948157  0.09417326  0.04805361  0.05303697  0.00936188  0.00000000  0.00000000  0.00000000  0.08367064  0.23999670  0.24647921  0.24647921  0.27978111  0.27299853  0.27978111  0.25961889  0.22720125  0.22720125  0.22720125  0.21462543  0.22088635  0.21462543  0.22720125  0.22720125  0.23999670  0.24647921  0.24647921  0.32910311  0.31466908  0.31466908  0.30051392  0.24647921  0.25301960  0.24647921  0.24647921  0.24647921  0.25961889  0.22088635  0.30755731  0.30051392  0.23999670  0.23357104  0.22720125  0.22720125  0.27299853  0.30051392  0.26627817  0.26627817  0.26627817  0.27978111  0.27299853  0.22088635  0.25301960  0.22720125  0.19010341  0.21462543  0.21462543  0.22720125  0.22720125  0.19010341  0.26627817  0.27978111  0.25301960  0.23357104  0.23999670  0.23357104  0.23357104  0.26627817  0.27299853  0.27299853  0.29353759  0.26627817  0.24647921  0.22088635  0.23357104  0.23357104  0.23357104  0.23357104  0.23357104  0.26627817  0.26627817  0.25961889  0.27299853  0.25301960  0.25961889  0.26627817  0.22088635  0.23357104  0.25301960  0.23357104  0.25961889  0.25961889  0.22720125  0.25301960  0.26627817  0.25961889  0.27299853  0.27299853  0.27299853  0.25961889  0.26627817  0.24647921  0.23999670  0.22088635  0.23999670  0.25961889  0.25301960  0.25301960  0.23999670  0.22720125  0.23357104  0.25301960  0.22088635  0.25301960  0.23999670  0.25961889  0.27299853  0.23357104  0.25301960  0.23999670  0.24647921  0.23357104  0.25961889  0.27299853  0.24647921  0.22088635  0.22720125  0.23357104  0.23357104  0.23999670  0.22720125  0.23999670  0.22088635  0.22720125  0.25961889  0.25961889  0.24647921  0.24647921  0.22088635  0.22720125  0.22088635  0.29353759  0.27978111  0.22720125  0.22088635  0.22720125  0.22720125  0.22088635  0.20841755  0.21462543  0.20226183  0.25301960  0.24647921  0.21462543  0.21462543  0.21462543  0.21462543  0.22088635  0.23999670  0.23357104  0.22720125  0.23999670  0.23999670  0.23357104  0.24647921  0.23999670  0.20226183  0.23357104  0.23999670  0.22720125  0.21462543  0.20841755  0.20841755  0.21462543  0.25301960  0.21462543  0.22720125  0.22088635  0.22088635  0.21462543  0.22088635  
11_0_0     0.17223593  0.15479383  0.16637564  0.11564126  0.12110800  0.09948157  0.12110800  0.09948157  0.09417326  0.04805361  0.05303697  0.00936188  0.00000000  0.00000000  0.00000000  0.08367064  0.23999670  0.24647921  0.24647921  0.27978111  0.27299853  0.27978111  0.25961889  0.22720125  0.22720125  0.22720125  0.21462543  0.22088635  0.21462543  0.22720125  0.22720125  0.23999670  0.24647921  0.24647921  0.32910311  0.31466908  0.31466908  0.30051392  0.24647921  0.25301960  0.24647921  0.24647921  0.24647921  0.25961889  0.22088635  0.30755731  0.30051392  0.23999670  0.23357104  0.22720125  0.22720125  0.27299853  0.30051392  0.26627817  0.26627817  0.26627817  0.27978111  0.27299853  0.22088635  0.25301960  0.22720125  0.19010341  0.21462543  0.21462543  0.22720125  0.22720125  0.19010341  0.26627817  0.27978111  0.25301960  0.23357104  0.23999670  0.23357104  0.23357104  0.26627817  0.27299853  0.27299853  0.29353759  0.26627817  0.24647921  0.22088635  0.23357104  0.23357104  0.23357104  0.23357104  0.23357104  0.26627817  0.26627817  0.25961889  0.27299853  0.25301960  0.25961889  0.26627817  0.22088635  0.23357104  0.25301960  0.23357104  0.25961889  0.25961889  0.22720125  0.25301960  0.26627817  0.25961889  0.27299853  0.27299853  0.27299853  0.25961889  0.26627817  0.24647921  0.23999670  0.22088635  0.23999670  0.25961889  0.25301960  0.25301960  0.23999670  0.22720125  0.23357104  0.25301960  0.22088635  0.25301960  0.23999670  0.25961889  0.27299853  0.23357104  0.25301960  0.23999670  0.24647921  0.23357104  0.25961889  0.27299853  0.24647921  0.22088635  0.22720125  0.23357104  0.23357104  0.23999670  0.22720125  0.23999670  0.22088635  0.22720125  0.25961889  0.25961889  0.24647921  0.24647921  0.22088635  0.22720125  0.22088635  0.29353759  0.27978111  0.22720125  0.22088635  0.22720125  0.22720125  0.22088635  0.20841755  0.21462543  0.20226183  0.25301960  0.24647921  0.21462543  0.21462543  0.21462543  0.21462543  0.22088635  0.23999670  0.23357104  0.22720125  0.23999670  0.23999670  0.23357104  0.24647921  0.23999670  0.20226183  0.23357104  0.23999670  0.22720125  0.21462543  0.20841755  0.20841755  0.21462543  0.25301960  0.21462543  0.22720125  0.22088635  0.22088635  0.21462543  0.22088635  
6_0_0      0.17223593  0.15479383  0.16637564  0.11564126  0.12110800  0.09948157  0.12110800  0.09948157  0.09417326  0.04805361  0.05303697  0.00936188  0.00000000  0.00000000  0.00000000  0.08367064  0.23999670  0.24647921  0.24647921  0.27978111  0.27299853  0.27978111  0.25961889  0.22720125  0.22720125  0.22720125  0.21462543  0.22088635  0.21462543  0.22720125  0.22720125  0.23999670  0.24647921  0.24647921  0.32910311  0.31466908  0.31466908  0.30051392  0.24647921  0.25301960  0.24647921  0.24647921  0.24647921  0.25961889  0.22088635  0.30755731  0.30051392  0.23999670  0.23357104  0.22720125  0.22720125  0.27299853  0.30051392  0.26627817  0.26627817  0.26627817  0.27978111  0.27299853  0.22088635  0.25301960  0.22720125  0.19010341  0.21462543  0.21462543  0.22720125  0.22720125  0.19010341  0.26627817  0.27978111  0.25301960  0.23357104  0.23999670  0.23357104  0.23357104  0.26627817  0.27299853  0.27299853  0.29353759  0.26627817  0.24647921  0.22088635  0.23357104  0.23357104  0.23357104  0.23357104  0.23357104  0.26627817  0.26627817  0.25961889  0.27299853  0.25301960  0.25961889  0.26627817  0.22088635  0.23357104  0.25301960  0.23357104  0.25961889  0.25961889  0.22720125  0.25301960  0.26627817  0.25961889  0.27299853  0.27299853  0.27299853  0.25961889  0.26627817  0.24647921  0.23999670  0.22088635  0.23999670  0.25961889  0.25301960  0.25301960  0.23999670  0.22720125  0.23357104  0.25301960  0.22088635  0.25301960  0.23999670  0.25961889  0.27299853  0.23357104  0.25301960  0.23999670  0.24647921  0.23357104  0.25961889  0.27299853  0.24647921  0.22088635  0.22720125  0.23357104  0.23357104  0.23999670  0.22720125  0.23999670  0.22088635  0.22720125  0.25961889  0.25961889  0.24647921  0.24647921  0.22088635  0.22720125  0.22088635  0.29353759  0.27978111  0.22720125  0.22088635  0.22720125  0.22720125  0.22088635  0.20841755  0.21462543  0.20226183  0.25301960  0.24647921  0.21462543  0.21462543  0.21462543  0.21462543  0.22088635  0.23999670  0.23357104  0.22720125  0.23999670  0.23999670  0.23357104  0.24647921  0.23999670  0.20226183  0.23357104  0.23999670  0.22720125  0.21462543  0.20841755  0.20841755  0.21462543  0.25301960  0.21462543  0.22720125  0.22088635  0.22088635  0.21462543  0.22088635  
13_0_0     0.17223593  0.16637564  0.16637564  0.14339227  0.14907087  0.12661585  0.13775734  0.12661585  0.11564126  0.07331644  0.08890313  0.08367064  0.08367064  0.08367064  0.08367064  0.00000000  0.28662706  0.27978111  0.27978111  0.30051392  0.29353759  0.31466908  0.29353759  0.25301960  0.25301960  0.25301960  0.22088635  0.22720125  0.22088635  0.22088635  0.21462543  0.24647921  0.23999670  0.23999670  0.32185055  0.30755731  0.30755731  0.30755731  0.24647921  0.25301960  0.24647921  0.23999670  0.23999670  0.22720125  0.21462543  0.31466908  0.30755731  0.22720125  0.23357104  0.25301960  0.23999670  0.30051392  0.30051392  0.29353759  0.29353759  0.29353759  0.27978111  0.30051392  0.23999670  0.25301960  0.22088635  0.22088635  0.22088635  0.22088635  0.25961889  0.25961889  0.19615740  0.29353759  0.29353759  0.26627817  0.25301960  0.25961889  0.25301960  0.24647921  0.28662706  0.29353759  0.29353759  0.29353759  0.26627817  0.23999670  0.25961889  0.25961889  0.25961889  0.25961889  0.25961889  0.25301960  0.23999670  0.23999670  0.24647921  0.24647921  0.23999670  0.23357104  0.23999670  0.24647921  0.24647921  0.22088635  0.23999670  0.23999670  0.23999670  0.25301960  0.27978111  0.26627817  0.27299853  0.28662706  0.27299853  0.27299853  0.27299853  0.27978111  0.25961889  0.26627817  0.24647921  0.26627817  0.27299853  0.27978111  0.27978111  0.25301960  0.23999670  0.23357104  0.27978111  0.25961889  0.27978111  0.26627817  0.27299853  0.28662706  0.22088635  0.23999670  0.23999670  0.24647921  0.23357104  0.24647921  0.25961889  0.23357104  0.22720125  0.23357104  0.20841755  0.20841755  0.21462543  0.20226183  0.23357104  0.21462543  0.22088635  0.25961889  0.25961889  0.23357104  0.23357104  0.21462543  0.22720125  0.23357104  0.30051392  0.29353759  0.23999670  0.23357104  0.23999670  0.23999670  0.23357104  0.20841755  0.22720125  0.20226183  0.24647921  0.23999670  0.23357104  0.23357104  0.23357104  0.23357104  0.23357104  0.25301960  0.22088635  0.21462543  0.21462543  0.21462543  0.20841755  0.23357104  0.22720125  0.22720125  0.23357104  0.25301960  0.23999670  0.21462543  0.22088635  0.22088635  0.21462543  0.25961889  0.21462543  0.22088635  0.23357104  0.23357104  0.23999670  0.23357104  
31_0_0     0.25301960  0.27978111  0.27978111  0.27299853  0.26627817  0.27299853  0.27978111  0.27978111  0.23357104  0.25301960  0.25301960  0.22720125  0.23999670  0.23999670  0.23999670  0.28662706  0.00000000  0.04310391  0.02363291  0.04310391  0.03818743  0.05303697  0.02363291  0.12661585  0.12661585  0.12661585  0.13216541  0.15479383  0.13775734  0.14907087  0.15479383  0.14907087  0.13775734  0.14907087  0.22720125  0.22088635  0.22088635  0.21462543  0.14907087  0.16056185  0.15479383  0.19010341  0.19010341  0.17223593  0.13775734  0.22720125  0.20841755  0.17814347  0.17223593  0.16056185  0.17223593  0.22088635  0.24647921  0.22720125  0.22720125  0.22720125  0.22720125  0.23357104  0.19615740  0.17814347  0.20226183  0.19010341  0.21462543  0.19615740  0.22720125  0.22088635  0.19010341  0.21462543  0.21462543  0.21462543  0.19010341  0.19615740  0.19615740  0.20226183  0.21462543  0.22720125  0.22720125  0.20226183  0.21462543  0.16056185  0.18409904  0.16637564  0.18409904  0.16637564  0.16637564  0.17814347  0.21462543  0.21462543  0.20841755  0.22088635  0.21462543  0.22088635  0.21462543  0.15479383  0.16637564  0.21462543  0.20226183  0.20226183  0.18409904  0.17814347  0.23999670  0.20226183  0.20226183  0.20841755  0.20841755  0.20841755  0.20841755  0.19010341  0.20226183  0.17814347  0.17223593  0.16056185  0.14907087  0.14339227  0.14339227  0.14339227  0.15479383  0.16056185  0.16056185  0.17814347  0.15479383  0.16637564  0.16637564  0.16056185  0.19010341  0.22088635  0.18409904  0.20226183  0.20226183  0.19010341  0.18409904  0.19010341  0.20841755  0.22088635  0.20226183  0.20226183  0.19615740  0.23357104  0.20841755  0.19615740  0.19010341  0.22720125  0.23999670  0.20226183  0.20226183  0.14339227  0.17223593  0.15479383  0.19010341  0.20226183  0.16056185  0.16637564  0.16056185  0.16056185  0.17814347  0.16637564  0.18409904  0.17223593  0.15479383  0.16056185  0.17223593  0.17223593  0.17223593  0.18409904  0.17814347  0.17814347  0.17223593  0.18409904  0.17814347  0.17814347  0.17814347  0.19010341  0.17223593  0.13775734  0.16637564  0.19615740  0.19615740  0.14907087  0.14339227  0.14907087  0.15479383  0.17814347  0.16637564  0.17814347  0.16637564  0.16637564  0.16056185  0.16637564  
