12
6_1_0      0.00000000  0.12100081  0.12673706  0.21856919  0.19927106  0.49111450  0.49111450  0.49111450  0.43670237  0.47253026  0.49111450  0.45440010  
8_1_0      0.12100081  0.00000000  0.02467768  0.25873966  0.23171919  0.45440010  0.49111450  0.41941691  0.46340981  0.56008931  0.56008931  0.48176421  
15_1_0     0.12673706  0.02467768  0.00000000  0.27262804  0.23171919  0.43670237  0.49111450  0.41941691  0.42800931  0.54983448  0.54983448  0.47253026  
11_1_0     0.21856919  0.25873966  0.27262804  0.00000000  0.10405343  0.49111450  0.51989381  0.47253026  0.47253026  0.53971943  0.54983448  0.58103419  
14_1_0     0.19927106  0.23171919  0.23171919  0.10405343  0.00000000  0.45440010  0.48176421  0.44549848  0.47253026  0.47253026  0.48176421  0.53971943  
4_0_0      0.49111450  0.45440010  0.43670237  0.49111450  0.45440010  0.00000000  0.10405343  0.06595278  0.14421675  0.24510644  0.23171919  0.54983448  
13_0_0     0.49111450  0.49111450  0.49111450  0.51989381  0.48176421  0.10405343  0.00000000  0.08748447  0.19294828  0.26565136  0.25189174  0.50058413  
13_2_0     0.49111450  0.41941691  0.41941691  0.47253026  0.44549848  0.06595278  0.08748447  0.00000000  0.15013603  0.23171919  0.21856919  0.53971943  
6_0_0      0.43670237  0.46340981  0.42800931  0.47253026  0.47253026  0.14421675  0.19294828  0.15013603  0.00000000  0.15610291  0.15610291  0.51017616  
8_0_0      0.47253026  0.56008931  0.54983448  0.53971943  0.47253026  0.24510644  0.26565136  0.23171919  0.15610291  0.00000000  0.03988807  0.65937970  
15_0_0     0.49111450  0.56008931  0.54983448  0.54983448  0.48176421  0.23171919  0.25189174  0.21856919  0.15610291  0.03988807  0.00000000  0.62478554  
12_0_0     0.45440010  0.48176421  0.47253026  0.58103419  0.53971943  0.54983448  0.50058413  0.53971943  0.51017616  0.65937970  0.62478554  0.00000000  

