20
16_0_0     0.00000000  0.13126013  0.07664819  0.05984977  0.37531923  0.37531923  0.37531923  0.41285558  0.39076705  0.37870672  0.42072805  0.40797489  0.55523135  0.52528338  0.52528338  0.51751971  0.39690821  0.39690821  0.40312582  0.42722885  
15_0_0     0.13126013  0.00000000  0.13945749  0.09837226  0.42045481  0.43371628  0.43371628  0.49736336  0.43040543  0.44384515  0.42225699  0.40942181  0.53316963  0.48948826  0.48948826  0.48223209  0.48648069  0.48648069  0.47911721  0.44896137  
14_0_0     0.07664819  0.13945749  0.00000000  0.06001917  0.37067243  0.37067243  0.37067243  0.42072805  0.39212879  0.39212879  0.39076705  0.37870672  0.55760423  0.51191154  0.51191154  0.50432471  0.37999513  0.37999513  0.38602512  0.41579817  
6_0_0      0.05984977  0.09837226  0.06001917  0.00000000  0.39639692  0.39639692  0.39639692  0.41579817  0.39973865  0.39973865  0.37403708  0.36233004  0.53538903  0.49139750  0.49139750  0.48408818  0.39352096  0.39352096  0.39973865  0.40456457  
7_0_0      0.37531923  0.42045481  0.37067243  0.39639692  0.00000000  0.01823947  0.01823947  0.17073962  0.10473223  0.11206004  0.15087686  0.15894448  0.28189862  0.26276955  0.25300691  0.25786438  0.19763829  0.19763829  0.19325013  0.21335143  
9_0_0      0.37531923  0.43371628  0.37067243  0.39639692  0.01823947  0.00000000  0.00000000  0.15440548  0.09751037  0.09751037  0.15087686  0.14293747  0.27681886  0.25786438  0.24819622  0.25300691  0.20653199  0.20653199  0.20206535  0.21335143  
13_0_0     0.37531923  0.43371628  0.37067243  0.39639692  0.01823947  0.00000000  0.00000000  0.15440548  0.09751037  0.09751037  0.15087686  0.14293747  0.27681886  0.25786438  0.24819622  0.25300691  0.20653199  0.20653199  0.20206535  0.21335143  
19_0_0     0.41285558  0.49736336  0.42072805  0.41579817  0.17073962  0.15440548  0.15440548  0.00000000  0.15440548  0.13858865  0.16200160  0.15393405  0.33892980  0.30700059  0.29641000  0.30167722  0.25167574  0.25167574  0.24681817  0.24424646  
18_0_0     0.39076705  0.43040543  0.39212879  0.39973865  0.10473223  0.09751037  0.09751037  0.15440548  0.00000000  0.04039643  0.11853780  0.11118310  0.25534034  0.22796746  0.21891286  0.22341964  0.18762606  0.18762606  0.18335062  0.18163342  
8_0_0      0.37870672  0.44384515  0.39212879  0.39973865  0.11206004  0.09751037  0.09751037  0.13858865  0.04039643  0.00000000  0.14908994  0.14127492  0.25534034  0.23255707  0.22341964  0.22796746  0.19628831  0.19628831  0.19193840  0.18163342  
11_0_0     0.42072805  0.42225699  0.39076705  0.37403708  0.15087686  0.15087686  0.15087686  0.16200160  0.11853780  0.14908994  0.00000000  0.01208534  0.26421059  0.23645945  0.23645945  0.23184868  0.20886479  0.20886479  0.20441809  0.18109813  
17_0_0     0.40797489  0.40942181  0.37870672  0.36233004  0.15894448  0.14293747  0.14293747  0.15393405  0.11118310  0.14127492  0.01208534  0.00000000  0.25935322  0.23184868  0.23184868  0.22728009  0.20886479  0.20886479  0.20441809  0.18109813  
5_0_0      0.55523135  0.53316963  0.55760423  0.53538903  0.28189862  0.27681886  0.27681886  0.33892980  0.25534034  0.25534034  0.26421059  0.25935322  0.00000000  0.02753725  0.02753725  0.02440228  0.33575767  0.33575767  0.33010278  0.28923235  
10_0_0     0.52528338  0.48948826  0.51191154  0.49139750  0.26276955  0.25786438  0.25786438  0.30700059  0.22796746  0.23255707  0.23645945  0.23184868  0.02753725  0.00000000  0.00600612  0.00299403  0.30384817  0.30384817  0.29852475  0.27496310  
4_0_0      0.52528338  0.48948826  0.51191154  0.49139750  0.25300691  0.24819622  0.24819622  0.29641000  0.21891286  0.22341964  0.23645945  0.23184868  0.02753725  0.00600612  0.00000000  0.00299403  0.30384817  0.30384817  0.29852475  0.26998466  
12_0_0     0.51751971  0.48223209  0.50432471  0.48408818  0.25786438  0.25300691  0.25300691  0.30167722  0.22341964  0.22796746  0.23184868  0.22728009  0.02440228  0.00299403  0.00299403  0.00000000  0.29852475  0.29852475  0.29325746  0.26998466  
3_0_0      0.39690821  0.48648069  0.37999513  0.39352096  0.19763829  0.20653199  0.20653199  0.25167574  0.18762606  0.19628831  0.20886479  0.20886479  0.33575767  0.30384817  0.30384817  0.29852475  0.00000000  0.00000000  0.00299403  0.25565516  
2_0_0      0.39690821  0.48648069  0.37999513  0.39352096  0.19763829  0.20653199  0.20653199  0.25167574  0.18762606  0.19628831  0.20886479  0.20886479  0.33575767  0.30384817  0.30384817  0.29852475  0.00000000  0.00000000  0.00299403  0.25565516  
1_0_0      0.40312582  0.47911721  0.38602512  0.39973865  0.19325013  0.20206535  0.20206535  0.24681817  0.18335062  0.19193840  0.20441809  0.20441809  0.33010278  0.29852475  0.29852475  0.29325746  0.00299403  0.00299403  0.00000000  0.25077387  
20_0_0     0.42722885  0.44896137  0.41579817  0.40456457  0.21335143  0.21335143  0.21335143  0.24424646  0.18163342  0.18163342  0.18109813  0.18109813  0.28923235  0.27496310  0.26998466  0.26998466  0.25565516  0.25565516  0.25077387  0.00000000  

