20
16_0_0     0.00000000  0.13096358  0.16984724  0.09398435  0.51469338  0.52278888  0.52278888  0.43667654  0.44353963  0.48473457  0.47198247  0.47198247  0.50664768  0.49899253  0.52232162  0.52232162  0.58379872  0.58379872  0.57760575  0.44722622  
15_0_0     0.13096358  0.00000000  0.17931464  0.11280520  0.51469338  0.52278888  0.52278888  0.49443825  0.47198247  0.49993204  0.45049898  0.45049898  0.44847810  0.45538719  0.46239384  0.46239384  0.53179880  0.53179880  0.52605304  0.44026615  
14_0_0     0.16984724  0.17931464  0.00000000  0.09094870  0.51469338  0.50672783  0.50672783  0.52605304  0.50215514  0.54853391  0.50215514  0.51795853  0.49145367  0.50664768  0.51442277  0.51442277  0.55711797  0.55711797  0.55116027  0.44026615  
6_0_0      0.09398435  0.11280520  0.09094870  0.00000000  0.46548491  0.47285948  0.47285948  0.46871202  0.41995315  0.47401473  0.45428530  0.44026615  0.43827585  0.45200057  0.45900795  0.45900795  0.50442029  0.50442029  0.49888812  0.43703600  
7_0_0      0.51469338  0.51469338  0.51469338  0.46548491  0.00000000  0.00299409  0.00299409  0.12713917  0.10175663  0.13136550  0.13178433  0.12410536  0.20334911  0.19462518  0.19032005  0.19032005  0.18723291  0.18723291  0.18356486  0.23938366  
9_0_0      0.52278888  0.52278888  0.50672783  0.47285948  0.00299409  0.00000000  0.00000000  0.13096358  0.10541222  0.13523476  0.13566884  0.12792999  0.20776927  0.19896797  0.19462518  0.19462518  0.19153831  0.19153831  0.18785180  0.24421329  
13_0_0     0.52278888  0.52278888  0.50672783  0.47285948  0.00299409  0.00000000  0.00000000  0.13096358  0.10541222  0.13523476  0.13566884  0.12792999  0.20776927  0.19896797  0.19462518  0.19462518  0.19153831  0.19153831  0.18785180  0.24421329  
19_0_0     0.43667654  0.49443825  0.52605304  0.46871202  0.12713917  0.13096358  0.13096358  0.00000000  0.11583965  0.15407175  0.18238299  0.15762037  0.27541153  0.23676788  0.24143695  0.24143695  0.22897834  0.22897834  0.22511450  0.27010286  
18_0_0     0.44353963  0.47198247  0.50215514  0.41995315  0.10175663  0.10541222  0.10541222  0.11583965  0.00000000  0.03069709  0.15054065  0.13096358  0.23827360  0.21985399  0.22439520  0.22439520  0.22585445  0.22585445  0.22201013  0.24723933  
8_0_0      0.48473457  0.49993204  0.54853391  0.47401473  0.13136550  0.13523476  0.13523476  0.15407175  0.03069709  0.00000000  0.17453639  0.16215662  0.25654740  0.24693746  0.25171917  0.25171917  0.22511450  0.22511450  0.22127099  0.26104887  
11_0_0     0.47198247  0.45049898  0.50215514  0.45428530  0.13178433  0.13566884  0.13566884  0.18238299  0.15054065  0.17453639  0.00000000  0.02447431  0.23360421  0.23360421  0.23827360  0.23827360  0.21672948  0.21672948  0.21292661  0.20093941  
17_0_0     0.47198247  0.45049898  0.51795853  0.44026615  0.12410536  0.12792999  0.12792999  0.15762037  0.13096358  0.16215662  0.02447431  0.00000000  0.21535397  0.20647452  0.21089438  0.21089438  0.20776927  0.20776927  0.20400636  0.19217610  
5_0_0      0.50664768  0.44847810  0.49145367  0.43827585  0.20334911  0.20776927  0.20776927  0.27541153  0.23827360  0.25654740  0.23360421  0.21535397  0.00000000  0.02447431  0.02762024  0.02762024  0.24538501  0.24538501  0.24143695  0.26725203  
10_0_0     0.49899253  0.45538719  0.50664768  0.45200057  0.19462518  0.19896797  0.19896797  0.23676788  0.21985399  0.24693746  0.23360421  0.20647452  0.02447431  0.00000000  0.00903701  0.00903701  0.23604700  0.23604700  0.23214234  0.26725203  
4_0_0      0.52232162  0.46239384  0.51442277  0.45900795  0.19032005  0.19462518  0.19462518  0.24143695  0.22439520  0.25171917  0.23827360  0.21089438  0.02762024  0.00903701  0.00000000  0.00000000  0.22236140  0.22236140  0.21851889  0.27225066  
12_0_0     0.52232162  0.46239384  0.51442277  0.45900795  0.19032005  0.19462518  0.19462518  0.24143695  0.22439520  0.25171917  0.23827360  0.21089438  0.02762024  0.00903701  0.00000000  0.00000000  0.22236140  0.22236140  0.21851889  0.27225066  
3_0_0      0.58379872  0.53179880  0.55711797  0.50442029  0.18723291  0.19153831  0.19153831  0.22897834  0.22585445  0.22511450  0.21672948  0.20776927  0.24538501  0.23604700  0.22236140  0.22236140  0.00000000  0.00000000  0.00299180  0.22276968  
2_0_0      0.58379872  0.53179880  0.55711797  0.50442029  0.18723291  0.19153831  0.19153831  0.22897834  0.22585445  0.22511450  0.21672948  0.20776927  0.24538501  0.23604700  0.22236140  0.22236140  0.00000000  0.00000000  0.00299180  0.22276968  
1_0_0      0.57760575  0.52605304  0.55116027  0.49888812  0.18356486  0.18785180  0.18785180  0.22511450  0.22201013  0.22127099  0.21292661  0.20400636  0.24143695  0.23214234  0.21851889  0.21851889  0.00299180  0.00299180  0.00000000  0.21894440  
20_0_0     0.44722622  0.44026615  0.44026615  0.43703600  0.23938366  0.24421329  0.24421329  0.27010286  0.24723933  0.26104887  0.20093941  0.19217610  0.26725203  0.26725203  0.27225066  0.27225066  0.22276968  0.22276968  0.21894440  0.00000000  

