20
16_0_0     0.00000000  0.15972881  0.10501957  0.07664309  0.45908907  0.44375855  0.44375855  0.50016341  0.50608020  0.51164330  0.46956698  0.45908907  0.52500028  0.56567397  0.54900539  0.56567397  0.45390452  0.45390452  0.44705498  0.52934067  
15_0_0     0.15972881  0.00000000  0.14053207  0.12537934  0.46279559  0.46119436  0.46119436  0.59132843  0.54009609  0.53016908  0.55622686  0.56085486  0.59013892  0.59013892  0.59013892  0.59013892  0.49642077  0.49642077  0.50377397  0.54809643  
14_0_0     0.10501957  0.14053207  0.00000000  0.04991246  0.44029802  0.45219230  0.45219230  0.50961415  0.47135221  0.47665941  0.50055812  0.48228142  0.53508556  0.57677731  0.55968122  0.57677731  0.45908907  0.45908907  0.46608231  0.50055812  
6_0_0      0.07664309  0.12537934  0.04991246  0.00000000  0.45049126  0.43524101  0.43524101  0.51371408  0.49709759  0.48766878  0.48228142  0.49368435  0.50055812  0.53964130  0.52363960  0.53964130  0.44195263  0.44195263  0.44875556  0.51236626  
7_0_0      0.45908907  0.46279559  0.44029802  0.45049126  0.00000000  0.03706070  0.03706070  0.15302348  0.11271280  0.14291663  0.15943958  0.15134220  0.21259965  0.19932445  0.19932445  0.19932445  0.17017319  0.17017319  0.17432261  0.19932445  
9_0_0      0.44375855  0.46119436  0.45219230  0.43524101  0.03706070  0.00000000  0.00000000  0.16460644  0.12741145  0.15038173  0.17544859  0.15891807  0.23475050  0.21191532  0.21191532  0.21191532  0.16965456  0.16965456  0.17378683  0.23009927  
13_0_0     0.44375855  0.46119436  0.45219230  0.43524101  0.03706070  0.00000000  0.00000000  0.16460644  0.12741145  0.15038173  0.17544859  0.15891807  0.23475050  0.21191532  0.21191532  0.21191532  0.16965456  0.16965456  0.17378683  0.23009927  
19_0_0     0.50016341  0.59132843  0.50961415  0.51371408  0.15302348  0.16460644  0.16460644  0.00000000  0.12289370  0.11882938  0.23323418  0.21505023  0.23044989  0.22144058  0.22144058  0.22144058  0.21760042  0.21760042  0.21317558  0.26332582  
18_0_0     0.50608020  0.54009609  0.47135221  0.49709759  0.11271280  0.12741145  0.12741145  0.12289370  0.00000000  0.04351241  0.20063347  0.18331561  0.22476510  0.20243981  0.18527064  0.19378154  0.17326926  0.17326926  0.16915399  0.22476510  
8_0_0      0.51164330  0.53016908  0.47665941  0.48766878  0.14291663  0.15038173  0.15038173  0.11882938  0.04351241  0.00000000  0.23634935  0.21782857  0.23323418  0.21060573  0.19321257  0.20183352  0.20682583  0.20682583  0.20243981  0.25210449  
11_0_0     0.46956698  0.55622686  0.50055812  0.48228142  0.15943958  0.17544859  0.17544859  0.23323418  0.20063347  0.23634935  0.00000000  0.04017188  0.28795640  0.27264894  0.26269827  0.26269827  0.21639968  0.21639968  0.21191532  0.25294178  
17_0_0     0.45908907  0.56085486  0.48228142  0.49368435  0.15134220  0.15891807  0.15891807  0.21505023  0.18331561  0.21782857  0.04017188  0.00000000  0.24982642  0.23553962  0.22164973  0.22164973  0.19996941  0.19996941  0.19560254  0.23086665  
5_0_0      0.52500028  0.59013892  0.53508556  0.50055812  0.21259965  0.23475050  0.23475050  0.23044989  0.22476510  0.23323418  0.28795640  0.24982642  0.00000000  0.04690941  0.05019890  0.04364142  0.29212620  0.29212620  0.28694476  0.27769953  
10_0_0     0.56567397  0.59013892  0.57677731  0.53964130  0.19932445  0.21191532  0.21191532  0.22144058  0.20243981  0.21060573  0.27264894  0.23553962  0.04690941  0.00000000  0.01515268  0.00903639  0.27674022  0.27674022  0.27171501  0.26269827  
4_0_0      0.54900539  0.59013892  0.55968122  0.52363960  0.19932445  0.21191532  0.21191532  0.22144058  0.18527064  0.19321257  0.26269827  0.22164973  0.05019890  0.01515268  0.00000000  0.00600608  0.28181646  0.28181646  0.27674022  0.24813401  
12_0_0     0.56567397  0.59013892  0.57677731  0.53964130  0.19932445  0.21191532  0.21191532  0.22144058  0.19378154  0.20183352  0.26269827  0.22164973  0.04364142  0.00903639  0.00600608  0.00000000  0.27171501  0.27171501  0.26673980  0.25779623  
3_0_0      0.45390452  0.49642077  0.45908907  0.44195263  0.17017319  0.16965456  0.16965456  0.21760042  0.17326926  0.20682583  0.21639968  0.19996941  0.29212620  0.27674022  0.28181646  0.27171501  0.00000000  0.00000000  0.00299402  0.27868156  
2_0_0      0.45390452  0.49642077  0.45908907  0.44195263  0.17017319  0.16965456  0.16965456  0.21760042  0.17326926  0.20682583  0.21639968  0.19996941  0.29212620  0.27674022  0.28181646  0.27171501  0.00000000  0.00000000  0.00299402  0.27868156  
1_0_0      0.44705498  0.50377397  0.46608231  0.44875556  0.17432261  0.17378683  0.17378683  0.21317558  0.16915399  0.20243981  0.21191532  0.19560254  0.28694476  0.27171501  0.27674022  0.26673980  0.00299402  0.00299402  0.00000000  0.28380986  
20_0_0     0.52934067  0.54809643  0.50055812  0.51236626  0.19932445  0.23009927  0.23009927  0.26332582  0.22476510  0.25210449  0.25294178  0.23086665  0.27769953  0.26269827  0.24813401  0.25779623  0.27868156  0.27868156  0.28380986  0.00000000  

