9
17_1_0     0.00000000  0.03276866  0.06706140  0.07411555  0.24037224  0.34516196  0.38728824  0.43196754  0.38728824  
14_1_0     0.03276866  0.00000000  0.07411555  0.08123783  0.24930660  0.36592434  0.38728824  0.43196754  0.38728824  
6_1_0      0.06706140  0.07411555  0.00000000  0.01948596  0.21420084  0.35547008  0.37652892  0.42054138  0.37652892  
11_1_0     0.07411555  0.08123783  0.01948596  0.00000000  0.22282185  0.36592434  0.36592434  0.40928957  0.36592434  
5_1_0      0.24037224  0.24930660  0.21420084  0.22282185  0.00000000  0.31507493  0.34516196  0.37652892  0.36592434  
5_0_0      0.34516196  0.36592434  0.35547008  0.36592434  0.31507493  0.00000000  0.22282185  0.23154484  0.20567944  
6_0_0      0.38728824  0.38728824  0.37652892  0.36592434  0.34516196  0.22282185  0.00000000  0.05315236  0.11791908  
11_0_0     0.43196754  0.43196754  0.42054138  0.40928957  0.37652892  0.23154484  0.05315236  0.00000000  0.11791908  
14_0_0     0.38728824  0.38728824  0.37652892  0.36592434  0.36592434  0.20567944  0.11791908  0.11791908  0.00000000  

