20
20_0_0     0.00000000  0.26824468  0.28815919  0.27813405  0.24885893  0.24885893  0.25848747  0.24885893  0.23935570  0.22997457  0.21156633  0.34045977  0.29832390  0.29832390  0.28815919  0.29832390  0.29832390  0.36247607  0.38517689  0.37373826  
15_0_0     0.26824468  0.00000000  0.19361080  0.12590308  0.10991361  0.26824468  0.25848747  0.26824468  0.25848747  0.21156633  0.22997457  0.31908794  0.29832390  0.29832390  0.31908794  0.32969567  0.32969567  0.36247607  0.36247607  0.35138494  
14_0_0     0.28815919  0.19361080  0.00000000  0.18479594  0.23935570  0.32969567  0.31908794  0.32969567  0.31908794  0.26824468  0.28815919  0.31908794  0.31908794  0.29832390  0.32969567  0.31908794  0.31908794  0.39679758  0.39679758  0.38517689  
6_0_0      0.27813405  0.12590308  0.18479594  0.00000000  0.13403107  0.23935570  0.25848747  0.24885893  0.25848747  0.23935570  0.22071244  0.31908794  0.31908794  0.30863211  0.32969567  0.31908794  0.31908794  0.32969567  0.35138494  0.34045977  
16_0_0     0.24885893  0.10991361  0.23935570  0.13403107  0.00000000  0.25848747  0.26824468  0.25848747  0.26824468  0.23935570  0.23935570  0.37373826  0.32969567  0.30863211  0.30863211  0.31908794  0.31908794  0.39679758  0.42060893  0.40860619  
10_0_0     0.24885893  0.26824468  0.32969567  0.23935570  0.25848747  0.00000000  0.01373380  0.00683461  0.02773087  0.07894824  0.07894824  0.26824468  0.22997457  0.21156633  0.22071244  0.21156633  0.21156633  0.31908794  0.34045977  0.32969567  
4_0_0      0.25848747  0.25848747  0.31908794  0.25848747  0.26824468  0.01373380  0.00000000  0.00683461  0.02773087  0.08656734  0.08656734  0.28815919  0.23935570  0.22071244  0.21156633  0.20253337  0.20253337  0.29832390  0.31908794  0.30863211  
12_0_0     0.24885893  0.26824468  0.32969567  0.24885893  0.25848747  0.00683461  0.00683461  0.00000000  0.02069879  0.07894824  0.07894824  0.27813405  0.22997457  0.21156633  0.22071244  0.21156633  0.21156633  0.30863211  0.32969567  0.31908794  
5_0_0      0.23935570  0.25848747  0.31908794  0.25848747  0.26824468  0.02773087  0.02773087  0.02069879  0.00000000  0.05655664  0.05655664  0.25848747  0.22997457  0.21156633  0.22071244  0.21156633  0.21156633  0.28815919  0.30863211  0.29832390  
11_0_0     0.22997457  0.21156633  0.26824468  0.23935570  0.23935570  0.07894824  0.08656734  0.07894824  0.05655664  0.00000000  0.02773087  0.23935570  0.18479594  0.16747918  0.20253337  0.19361080  0.19361080  0.28815919  0.28815919  0.27813405  
17_0_0     0.21156633  0.22997457  0.28815919  0.22071244  0.23935570  0.07894824  0.08656734  0.07894824  0.05655664  0.02773087  0.00000000  0.25848747  0.22071244  0.20253337  0.22071244  0.21156633  0.21156633  0.25848747  0.27813405  0.26824468  
19_0_0     0.34045977  0.31908794  0.31908794  0.31908794  0.37373826  0.26824468  0.28815919  0.27813405  0.25848747  0.23935570  0.25848747  0.00000000  0.10991361  0.09426679  0.15056361  0.14225055  0.14225055  0.30863211  0.30863211  0.29832390  
8_0_0      0.29832390  0.29832390  0.31908794  0.31908794  0.32969567  0.22997457  0.23935570  0.22997457  0.22997457  0.18479594  0.22071244  0.10991361  0.00000000  0.01373380  0.09426679  0.08656734  0.08656734  0.37373826  0.37373826  0.36247607  
18_0_0     0.29832390  0.29832390  0.29832390  0.30863211  0.30863211  0.21156633  0.22071244  0.21156633  0.21156633  0.16747918  0.20253337  0.09426679  0.01373380  0.00000000  0.07894824  0.07140782  0.07140782  0.35138494  0.35138494  0.34045977  
7_0_0      0.28815919  0.31908794  0.32969567  0.32969567  0.30863211  0.22071244  0.21156633  0.22071244  0.22071244  0.20253337  0.22071244  0.15056361  0.09426679  0.07894824  0.00000000  0.00683461  0.00683461  0.31908794  0.34045977  0.32969567  
13_0_0     0.29832390  0.32969567  0.31908794  0.31908794  0.31908794  0.21156633  0.20253337  0.21156633  0.21156633  0.19361080  0.21156633  0.14225055  0.08656734  0.07140782  0.00683461  0.00000000  0.00000000  0.30863211  0.32969567  0.31908794  
9_0_0      0.29832390  0.32969567  0.31908794  0.31908794  0.31908794  0.21156633  0.20253337  0.21156633  0.21156633  0.19361080  0.21156633  0.14225055  0.08656734  0.07140782  0.00683461  0.00000000  0.00000000  0.30863211  0.32969567  0.31908794  
1_0_0      0.36247607  0.36247607  0.39679758  0.32969567  0.39679758  0.31908794  0.29832390  0.30863211  0.28815919  0.28815919  0.25848747  0.30863211  0.37373826  0.35138494  0.31908794  0.30863211  0.30863211  0.00000000  0.01373380  0.00683461  
3_0_0      0.38517689  0.36247607  0.39679758  0.35138494  0.42060893  0.34045977  0.31908794  0.32969567  0.30863211  0.28815919  0.27813405  0.30863211  0.37373826  0.35138494  0.34045977  0.32969567  0.32969567  0.01373380  0.00000000  0.00683461  
2_0_0      0.37373826  0.35138494  0.38517689  0.34045977  0.40860619  0.32969567  0.30863211  0.31908794  0.29832390  0.27813405  0.26824468  0.29832390  0.36247607  0.34045977  0.32969567  0.31908794  0.31908794  0.00683461  0.00683461  0.00000000  

