136
38_6_0     0.00000000  0.01241113  0.04765505  0.05094381  0.07098920  0.16858399  0.17245777  0.17635192  0.15708279  0.20826519  0.23736420  0.21646315  0.22893285  0.20015699  0.19213663  0.20419999  0.18815879  0.21235282  0.18026667  0.20015699  0.20419999  0.22893285  0.22893285  0.22475291  0.20419999  0.22059643  0.22893285  0.20826519  0.19213663  0.15708279  0.16089671  0.13460286  0.15328842  0.20826519  0.19213663  0.18815879  0.19213663  0.18420222  0.19613595  0.20015699  0.18026667  0.18026667  0.20826519  0.20015699  0.21235282  0.20826519  0.18815879  0.19613595  0.18026667  0.22059643  0.21235282  0.18815879  0.18420222  0.18815879  0.19213663  0.18420222  0.19613595  0.14951339  0.18420222  0.17635192  0.16858399  0.18420222  0.18026667  0.18815879  0.18815879  0.19213663  0.19613595  0.21646315  0.20826519  0.22059643  0.20419999  0.20015699  0.24589266  0.28553518  0.29007384  0.26765376  0.28102418  0.19613595  0.22893285  0.22475291  0.21646315  0.22059643  0.22059643  0.22893285  0.22475291  0.22059643  0.21646315  0.25452051  0.25019402  0.22893285  0.20826519  0.22475291  0.24589266  0.24161615  0.22475291  0.21235282  0.23736420  0.24161615  0.22475291  0.25887243  0.22893285  0.25019402  0.23313652  0.25019402  0.25019402  0.25019402  0.22893285  0.22893285  0.23736420  0.24161615  0.25887243  0.25019402  0.27208380  0.27208380  0.28102418  0.28102418  0.27654049  0.27654049  0.24589266  0.25452051  0.26765376  0.25019402  0.25887243  0.25019402  0.25019402  0.24589266  0.25452051  0.25452051  0.27654049  0.25019402  0.24589266  0.20826519  0.21235282  0.22893285  0.22475291  0.22059643  
7_6_0      0.01241113  0.00000000  0.05424725  0.05756549  0.07098920  0.16858399  0.16473038  0.18420222  0.16473038  0.21235282  0.23736420  0.22893285  0.22893285  0.19613595  0.19613595  0.19213663  0.19213663  0.20826519  0.18815879  0.20826519  0.20419999  0.22475291  0.22893285  0.22475291  0.20826519  0.22059643  0.22893285  0.20015699  0.19613595  0.15708279  0.16089671  0.14575752  0.15328842  0.20826519  0.20015699  0.19613595  0.20015699  0.18420222  0.19613595  0.20419999  0.18420222  0.18420222  0.20826519  0.20015699  0.21235282  0.20826519  0.19613595  0.18815879  0.18026667  0.21646315  0.21235282  0.19213663  0.18815879  0.20015699  0.19213663  0.18420222  0.20015699  0.16089671  0.17635192  0.17635192  0.17245777  0.17635192  0.17245777  0.20015699  0.19213663  0.19213663  0.19613595  0.20419999  0.19613595  0.20826519  0.19613595  0.20419999  0.25019402  0.29007384  0.29007384  0.26325008  0.27654049  0.20015699  0.23313652  0.22893285  0.21646315  0.22475291  0.22059643  0.22893285  0.22893285  0.22059643  0.22059643  0.25019402  0.24161615  0.23736420  0.22059643  0.22059643  0.24161615  0.23736420  0.23313652  0.22059643  0.23313652  0.24161615  0.21646315  0.25887243  0.22893285  0.25452051  0.23736420  0.24589266  0.24589266  0.24589266  0.23313652  0.23313652  0.23736420  0.24161615  0.25452051  0.24589266  0.27208380  0.27208380  0.27654049  0.27654049  0.27208380  0.27208380  0.24161615  0.25019402  0.26325008  0.24589266  0.25452051  0.24589266  0.24589266  0.24161615  0.25887243  0.25452051  0.27208380  0.24589266  0.24161615  0.21235282  0.20826519  0.22059643  0.22059643  0.21235282  
27_6_0     0.04765505  0.05424725  0.00000000  0.03464415  0.05094381  0.15708279  0.15328842  0.18420222  0.13830244  0.20826519  0.21646315  0.20826519  0.20826519  0.20419999  0.18815879  0.20826519  0.18420222  0.20826519  0.21646315  0.20015699  0.20419999  0.21235282  0.22475291  0.23736420  0.20015699  0.20419999  0.22059643  0.21646315  0.19213663  0.16473038  0.16858399  0.14575752  0.16089671  0.21646315  0.21235282  0.20015699  0.20015699  0.20015699  0.20826519  0.19613595  0.18815879  0.18815879  0.18815879  0.20015699  0.19613595  0.20826519  0.19613595  0.18420222  0.18420222  0.21235282  0.20419999  0.19213663  0.19613595  0.20015699  0.21646315  0.18815879  0.18815879  0.15708279  0.19213663  0.17635192  0.16473038  0.18026667  0.17635192  0.17635192  0.18815879  0.19613595  0.20015699  0.21646315  0.20015699  0.21646315  0.19613595  0.20826519  0.24161615  0.29923547  0.28553518  0.27654049  0.27654049  0.20826519  0.23313652  0.22893285  0.22475291  0.23313652  0.20826519  0.22059643  0.21646315  0.21235282  0.22059643  0.24589266  0.23313652  0.22893285  0.20826519  0.23313652  0.23736420  0.24589266  0.22059643  0.20419999  0.22059643  0.25019402  0.21235282  0.23313652  0.24161615  0.26325008  0.23736420  0.23736420  0.23313652  0.24161615  0.22893285  0.22893285  0.23736420  0.24161615  0.25452051  0.23736420  0.26325008  0.26325008  0.27208380  0.27208380  0.26765376  0.26325008  0.23313652  0.24589266  0.25887243  0.23736420  0.23313652  0.24161615  0.24161615  0.23736420  0.25452051  0.24589266  0.27208380  0.25019402  0.24589266  0.20015699  0.19613595  0.19213663  0.20015699  0.23313652  
27_9_0     0.05094381  0.05756549  0.03464415  0.00000000  0.06089867  0.15328842  0.14951339  0.16473038  0.14202059  0.21235282  0.22059643  0.21646315  0.22475291  0.20826519  0.18420222  0.19613595  0.18420222  0.21235282  0.20826519  0.20419999  0.20826519  0.21646315  0.22059643  0.22475291  0.20015699  0.21646315  0.22059643  0.20419999  0.19213663  0.15328842  0.15708279  0.15328842  0.16473038  0.21235282  0.20826519  0.18815879  0.18815879  0.20015699  0.20826519  0.20419999  0.20419999  0.20419999  0.17245777  0.18420222  0.19613595  0.20419999  0.18026667  0.16858399  0.17635192  0.20419999  0.20419999  0.20015699  0.19213663  0.19613595  0.19613595  0.19613595  0.19613595  0.15328842  0.19613595  0.16473038  0.17245777  0.20826519  0.20419999  0.18815879  0.20419999  0.17635192  0.18026667  0.20015699  0.20015699  0.20826519  0.21235282  0.21235282  0.22059643  0.29007384  0.29007384  0.25887243  0.25887243  0.21235282  0.22059643  0.21646315  0.22059643  0.22059643  0.21235282  0.23313652  0.22059643  0.21646315  0.20826519  0.23313652  0.22059643  0.23313652  0.22475291  0.21235282  0.21646315  0.26765376  0.23313652  0.20826519  0.22475291  0.24589266  0.22059643  0.21235282  0.24161615  0.25452051  0.24589266  0.24161615  0.23313652  0.25019402  0.23313652  0.23313652  0.24161615  0.25452051  0.25019402  0.24161615  0.25019402  0.25019402  0.27654049  0.26765376  0.25019402  0.24589266  0.23313652  0.25019402  0.26325008  0.25019402  0.24589266  0.25019402  0.25019402  0.25887243  0.26765376  0.22893285  0.26765376  0.26325008  0.27208380  0.19613595  0.19613595  0.20015699  0.20826519  0.23736420  
53_6_0     0.07098920  0.07098920  0.05094381  0.06089867  0.00000000  0.14951339  0.13830244  0.19213663  0.15328842  0.20826519  0.23313652  0.22475291  0.22059643  0.21646315  0.20015699  0.20419999  0.19613595  0.21646315  0.20826519  0.21646315  0.22059643  0.23313652  0.22059643  0.22475291  0.20826519  0.22059643  0.22893285  0.20419999  0.19213663  0.16473038  0.15328842  0.15708279  0.16858399  0.20826519  0.19613595  0.18815879  0.20826519  0.20419999  0.18815879  0.18420222  0.17245777  0.18026667  0.18026667  0.17635192  0.17635192  0.22059643  0.18420222  0.17245777  0.17245777  0.20015699  0.19213663  0.18026667  0.18815879  0.18420222  0.19213663  0.18026667  0.18815879  0.17245777  0.18815879  0.18815879  0.14951339  0.18420222  0.18026667  0.18815879  0.19213663  0.18815879  0.18420222  0.19613595  0.18815879  0.19613595  0.19213663  0.19613595  0.25019402  0.28102418  0.29464048  0.27654049  0.25887243  0.20826519  0.22475291  0.22893285  0.22059643  0.22893285  0.22893285  0.22059643  0.23736420  0.21646315  0.21235282  0.22475291  0.22893285  0.20826519  0.22059643  0.25452051  0.25019402  0.24161615  0.22059643  0.20826519  0.23313652  0.24161615  0.22059643  0.25019402  0.23313652  0.25887243  0.25887243  0.25019402  0.24161615  0.24589266  0.25452051  0.25452051  0.23736420  0.23313652  0.26765376  0.24161615  0.25887243  0.25887243  0.27654049  0.26765376  0.27208380  0.27654049  0.24589266  0.25452051  0.26765376  0.25452051  0.25452051  0.25452051  0.25452051  0.23313652  0.25019402  0.24161615  0.29464048  0.26765376  0.23736420  0.21235282  0.21235282  0.20015699  0.19613595  0.23313652  
38_8_0     0.16858399  0.16858399  0.15708279  0.15328842  0.14951339  0.00000000  0.02185794  0.06761039  0.04765505  0.20419999  0.20419999  0.20419999  0.18026667  0.20419999  0.18420222  0.19613595  0.17635192  0.24161615  0.22475291  0.22059643  0.23313652  0.20015699  0.22059643  0.24161615  0.20826519  0.22059643  0.20826519  0.17245777  0.19213663  0.16089671  0.15708279  0.16473038  0.18420222  0.17635192  0.18815879  0.18420222  0.20419999  0.19613595  0.20419999  0.18420222  0.19213663  0.19213663  0.16089671  0.17635192  0.17245777  0.22059643  0.18815879  0.19213663  0.18815879  0.18420222  0.19213663  0.18420222  0.19213663  0.19613595  0.18420222  0.16858399  0.16473038  0.18026667  0.14951339  0.13460286  0.14575752  0.18026667  0.17635192  0.16473038  0.16089671  0.15328842  0.14951339  0.19213663  0.20015699  0.19213663  0.20015699  0.16089671  0.21235282  0.27208380  0.27208380  0.27654049  0.28102418  0.20419999  0.21646315  0.22059643  0.22059643  0.22059643  0.22475291  0.20419999  0.24161615  0.22475291  0.22059643  0.20419999  0.20015699  0.25452051  0.22059643  0.21235282  0.20419999  0.23736420  0.24589266  0.23736420  0.22893285  0.21235282  0.21646315  0.21646315  0.26325008  0.28553518  0.27654049  0.28553518  0.25887243  0.26765376  0.26765376  0.26765376  0.26325008  0.25887243  0.26765376  0.25887243  0.26325008  0.26325008  0.26325008  0.26325008  0.27654049  0.25452051  0.27654049  0.27654049  0.29007384  0.25019402  0.25019402  0.26325008  0.26325008  0.24589266  0.22893285  0.26325008  0.28102418  0.28553518  0.27208380  0.20015699  0.22475291  0.22893285  0.20015699  0.22059643  
7_8_0      0.17245777  0.16473038  0.15328842  0.14951339  0.13830244  0.02185794  0.00000000  0.07098920  0.04438083  0.20826519  0.19213663  0.20826519  0.17635192  0.19213663  0.17245777  0.17635192  0.17245777  0.22893285  0.22059643  0.21646315  0.22059643  0.21235282  0.22475291  0.23736420  0.20419999  0.21646315  0.20419999  0.15708279  0.18026667  0.16858399  0.16473038  0.17245777  0.19213663  0.18026667  0.19213663  0.18026667  0.20015699  0.19613595  0.21235282  0.18420222  0.19213663  0.19213663  0.15328842  0.16858399  0.16473038  0.22475291  0.19613595  0.19213663  0.18815879  0.18420222  0.19213663  0.19213663  0.19213663  0.19613595  0.19213663  0.17635192  0.17245777  0.17635192  0.15328842  0.13830244  0.14202059  0.18420222  0.18026667  0.16858399  0.15328842  0.15328842  0.14951339  0.18026667  0.18815879  0.18026667  0.19613595  0.16473038  0.22059643  0.28553518  0.28102418  0.27208380  0.27654049  0.21235282  0.20826519  0.21235282  0.22059643  0.22059643  0.22893285  0.20419999  0.24161615  0.21646315  0.21235282  0.21235282  0.20826519  0.24589266  0.22059643  0.21235282  0.20419999  0.23736420  0.24161615  0.22475291  0.22475291  0.21646315  0.21646315  0.21235282  0.26325008  0.28553518  0.27654049  0.27208380  0.24589266  0.25452051  0.26765376  0.26765376  0.25452051  0.25887243  0.25887243  0.25019402  0.25452051  0.25452051  0.24589266  0.24589266  0.26765376  0.24589266  0.26765376  0.26765376  0.28102418  0.25019402  0.24161615  0.26325008  0.26325008  0.24589266  0.23736420  0.25452051  0.28102418  0.27654049  0.27208380  0.19613595  0.21235282  0.20826519  0.19213663  0.21646315  
27_8_0     0.17635192  0.18420222  0.18420222  0.16473038  0.19213663  0.06761039  0.07098920  0.00000000  0.05424725  0.22059643  0.22059643  0.23313652  0.19213663  0.20826519  0.18026667  0.19213663  0.17245777  0.23313652  0.21646315  0.22059643  0.22893285  0.22059643  0.22059643  0.24589266  0.22059643  0.22893285  0.20826519  0.18815879  0.20419999  0.16858399  0.17245777  0.18026667  0.19613595  0.18026667  0.18026667  0.18420222  0.20419999  0.17635192  0.19613595  0.18420222  0.20015699  0.19213663  0.18420222  0.18420222  0.18815879  0.23313652  0.20015699  0.20826519  0.20015699  0.19613595  0.20419999  0.19613595  0.19613595  0.19213663  0.18815879  0.18420222  0.17635192  0.19213663  0.16473038  0.14575752  0.16089671  0.20419999  0.20015699  0.17635192  0.19613595  0.16858399  0.17245777  0.20826519  0.20826519  0.20826519  0.22059643  0.15328842  0.20419999  0.27654049  0.26765376  0.29007384  0.29923547  0.23313652  0.22893285  0.22475291  0.22059643  0.22893285  0.23736420  0.23313652  0.25887243  0.25019402  0.23736420  0.24161615  0.22475291  0.24589266  0.25019402  0.22475291  0.20826519  0.27654049  0.23736420  0.22893285  0.25019402  0.22059643  0.24161615  0.20419999  0.25887243  0.28553518  0.28553518  0.29007384  0.26765376  0.26765376  0.25887243  0.25887243  0.26765376  0.25887243  0.28102418  0.28553518  0.26765376  0.27208380  0.25887243  0.26325008  0.25452051  0.23736420  0.28102418  0.29464048  0.29007384  0.25452051  0.26325008  0.28102418  0.28102418  0.27208380  0.25452051  0.26765376  0.27208380  0.29007384  0.29464048  0.19213663  0.22475291  0.22059643  0.21235282  0.22893285  
53_8_0     0.15708279  0.16473038  0.13830244  0.14202059  0.15328842  0.04765505  0.04438083  0.05424725  0.00000000  0.18420222  0.18815879  0.19613595  0.18026667  0.18026667  0.17245777  0.18420222  0.16473038  0.22893285  0.18420222  0.20419999  0.20826519  0.20015699  0.18815879  0.21646315  0.18420222  0.19613595  0.19613595  0.16858399  0.18420222  0.14951339  0.15328842  0.14575752  0.17245777  0.18026667  0.18026667  0.17635192  0.19613595  0.18420222  0.19613595  0.17245777  0.18815879  0.18026667  0.15328842  0.16089671  0.16089671  0.23313652  0.18815879  0.19213663  0.17245777  0.16473038  0.17245777  0.17245777  0.18815879  0.18420222  0.18815879  0.17245777  0.16858399  0.15328842  0.15328842  0.14951339  0.12361376  0.16858399  0.17245777  0.16089671  0.16473038  0.14575752  0.15708279  0.18815879  0.19613595  0.20015699  0.18815879  0.13830244  0.22059643  0.27654049  0.25887243  0.25887243  0.27654049  0.20826519  0.21646315  0.21235282  0.23313652  0.23313652  0.22059643  0.21235282  0.22059643  0.22893285  0.21646315  0.21646315  0.20826519  0.23313652  0.21235282  0.20419999  0.20015699  0.22893285  0.21235282  0.21235282  0.20419999  0.21235282  0.22475291  0.21235282  0.26765376  0.27654049  0.26325008  0.27208380  0.25887243  0.25887243  0.25019402  0.25019402  0.25887243  0.24589266  0.26325008  0.27208380  0.25452051  0.25452051  0.25887243  0.26325008  0.25887243  0.24589266  0.26325008  0.26765376  0.26325008  0.22059643  0.22893285  0.25452051  0.25452051  0.26325008  0.25452051  0.26325008  0.25887243  0.29007384  0.29007384  0.16858399  0.21235282  0.19213663  0.20826519  0.20015699  
16_6_0     0.20826519  0.21235282  0.20826519  0.21235282  0.20826519  0.20419999  0.20826519  0.22059643  0.18420222  0.00000000  0.09508271  0.09858954  0.10211307  0.21646315  0.22059643  0.21235282  0.20015699  0.25887243  0.21235282  0.25019402  0.25452051  0.25019402  0.22475291  0.24161615  0.24589266  0.23313652  0.25019402  0.22475291  0.21235282  0.19213663  0.19613595  0.18420222  0.19613595  0.20826519  0.20826519  0.23313652  0.24589266  0.20826519  0.20419999  0.22475291  0.22475291  0.22893285  0.22893285  0.22059643  0.23313652  0.25019402  0.20419999  0.20826519  0.20419999  0.21646315  0.22893285  0.21646315  0.20826519  0.20015699  0.20826519  0.21646315  0.22475291  0.17635192  0.20015699  0.21646315  0.17245777  0.20015699  0.20419999  0.18815879  0.20826519  0.19213663  0.20015699  0.22059643  0.22893285  0.20826519  0.21235282  0.18815879  0.25019402  0.27208380  0.27654049  0.26325008  0.26765376  0.22059643  0.25452051  0.25452051  0.27208380  0.26765376  0.28553518  0.26325008  0.24161615  0.25887243  0.25452051  0.23736420  0.24589266  0.25452051  0.24589266  0.22059643  0.22475291  0.24589266  0.25887243  0.24589266  0.24589266  0.24161615  0.24589266  0.22893285  0.25019402  0.24161615  0.22059643  0.24589266  0.25019402  0.24589266  0.25019402  0.25019402  0.25452051  0.25452051  0.25452051  0.25019402  0.25019402  0.24589266  0.24589266  0.23736420  0.24161615  0.24589266  0.23736420  0.25452051  0.25452051  0.23736420  0.23736420  0.24161615  0.24161615  0.26325008  0.25887243  0.23736420  0.25887243  0.29007384  0.29923547  0.22059643  0.25887243  0.25452051  0.25452051  0.22059643  
15_6_0     0.23736420  0.23736420  0.21646315  0.22059643  0.23313652  0.20419999  0.19213663  0.22059643  0.18815879  0.09508271  0.00000000  0.08466077  0.08466077  0.20826519  0.21235282  0.20826519  0.20015699  0.29007384  0.28553518  0.30385915  0.29464048  0.27654049  0.26765376  0.27208380  0.25019402  0.25452051  0.24589266  0.20826519  0.22059643  0.19213663  0.19213663  0.18815879  0.20015699  0.20826519  0.22059643  0.22893285  0.24161615  0.21235282  0.23736420  0.23313652  0.24589266  0.24161615  0.25019402  0.25887243  0.25019402  0.27208380  0.24589266  0.23736420  0.25019402  0.22893285  0.24589266  0.22475291  0.23736420  0.22893285  0.23736420  0.23313652  0.23313652  0.21646315  0.18815879  0.19213663  0.20015699  0.23313652  0.23736420  0.19213663  0.21646315  0.22059643  0.22893285  0.25452051  0.24161615  0.22893285  0.24161615  0.19613595  0.25887243  0.29464048  0.29007384  0.26765376  0.29464048  0.22475291  0.26765376  0.26765376  0.28553518  0.28553518  0.27654049  0.25019402  0.25887243  0.25452051  0.27208380  0.25452051  0.25019402  0.26765376  0.25887243  0.25019402  0.24161615  0.25452051  0.25887243  0.25452051  0.24589266  0.26325008  0.26765376  0.25452051  0.24161615  0.22893285  0.22475291  0.24589266  0.25887243  0.25452051  0.26765376  0.26765376  0.25452051  0.25452051  0.25887243  0.25452051  0.25887243  0.25452051  0.24161615  0.24161615  0.24589266  0.25452051  0.25019402  0.26325008  0.25452051  0.25019402  0.24161615  0.23313652  0.23313652  0.27208380  0.26765376  0.23313652  0.25452051  0.27654049  0.29007384  0.24161615  0.25887243  0.25887243  0.26325008  0.24161615  
42_6_0     0.21646315  0.22893285  0.20826519  0.21646315  0.22475291  0.20419999  0.20826519  0.23313652  0.19613595  0.09858954  0.08466077  0.00000000  0.07098920  0.21235282  0.22059643  0.21646315  0.22475291  0.28102418  0.27654049  0.28553518  0.28102418  0.25887243  0.26325008  0.27654049  0.28102418  0.27654049  0.28102418  0.24589266  0.22059643  0.20419999  0.19613595  0.17635192  0.20015699  0.20826519  0.20419999  0.20826519  0.21646315  0.22475291  0.22475291  0.22893285  0.22475291  0.22475291  0.23736420  0.25019402  0.24161615  0.25019402  0.23736420  0.22893285  0.22475291  0.21646315  0.22893285  0.23736420  0.21235282  0.21235282  0.21235282  0.22475291  0.23313652  0.21646315  0.20015699  0.20826519  0.21235282  0.22475291  0.22893285  0.21646315  0.20826519  0.21646315  0.22475291  0.25452051  0.25452051  0.24161615  0.25019402  0.20015699  0.26765376  0.27208380  0.27208380  0.25019402  0.28102418  0.22475291  0.27654049  0.28102418  0.29007384  0.28553518  0.27208380  0.25452051  0.25019402  0.27208380  0.27654049  0.25887243  0.25887243  0.26765376  0.23313652  0.23736420  0.24161615  0.25887243  0.26765376  0.26325008  0.25452051  0.25887243  0.25452051  0.24589266  0.24161615  0.24161615  0.22893285  0.24161615  0.26765376  0.25887243  0.24589266  0.24589266  0.24161615  0.24589266  0.26325008  0.24589266  0.28102418  0.28102418  0.25887243  0.26325008  0.24589266  0.26325008  0.24161615  0.26325008  0.26325008  0.25019402  0.26325008  0.24589266  0.24589266  0.25019402  0.25452051  0.25019402  0.27208380  0.27654049  0.28102418  0.23736420  0.24589266  0.25452051  0.25887243  0.23736420  
19_6_0     0.22893285  0.22893285  0.20826519  0.22475291  0.22059643  0.18026667  0.17635192  0.19213663  0.18026667  0.10211307  0.08466077  0.07098920  0.00000000  0.19613595  0.20826519  0.20419999  0.20826519  0.27208380  0.28102418  0.26765376  0.26325008  0.25019402  0.28553518  0.29464048  0.25887243  0.25452051  0.25452051  0.24589266  0.23313652  0.18815879  0.18815879  0.17635192  0.20419999  0.20015699  0.21646315  0.22475291  0.23736420  0.22893285  0.22893285  0.22893285  0.24589266  0.24161615  0.22893285  0.24589266  0.24161615  0.26325008  0.23313652  0.24589266  0.23736420  0.24161615  0.25887243  0.22893285  0.24589266  0.24589266  0.23736420  0.23736420  0.23736420  0.23736420  0.21235282  0.22059643  0.20419999  0.22893285  0.22475291  0.19613595  0.20826519  0.22893285  0.22893285  0.24161615  0.23736420  0.22475291  0.22059643  0.20826519  0.26765376  0.26325008  0.27208380  0.27208380  0.29007384  0.22893285  0.26765376  0.26765376  0.28102418  0.27654049  0.26765376  0.25452051  0.26765376  0.26325008  0.27208380  0.26325008  0.26765376  0.27654049  0.25019402  0.25019402  0.24161615  0.25019402  0.24161615  0.24589266  0.25887243  0.25019402  0.24161615  0.23736420  0.23736420  0.23736420  0.23313652  0.23313652  0.24589266  0.24589266  0.25019402  0.25019402  0.24589266  0.24589266  0.28102418  0.25887243  0.27654049  0.28102418  0.25019402  0.25887243  0.21646315  0.23313652  0.25452051  0.26765376  0.26765376  0.25019402  0.25019402  0.25019402  0.25019402  0.25452051  0.25887243  0.23736420  0.26765376  0.26325008  0.25887243  0.22893285  0.24161615  0.25452051  0.24161615  0.22475291  
15_13_0    0.20015699  0.19613595  0.20419999  0.20826519  0.21646315  0.20419999  0.19213663  0.20826519  0.18026667  0.21646315  0.20826519  0.21235282  0.19613595  0.00000000  0.04112102  0.04438083  0.09159241  0.22059643  0.20419999  0.21646315  0.20419999  0.24589266  0.21646315  0.22475291  0.20419999  0.20015699  0.20015699  0.21235282  0.19213663  0.18420222  0.19213663  0.19613595  0.20015699  0.20826519  0.22475291  0.20419999  0.21646315  0.23736420  0.22059643  0.23313652  0.22475291  0.21235282  0.21235282  0.20826519  0.20826519  0.26325008  0.24589266  0.25019402  0.22893285  0.21235282  0.22475291  0.22059643  0.23736420  0.24161615  0.24161615  0.21646315  0.21235282  0.18420222  0.18420222  0.19613595  0.18815879  0.19213663  0.19213663  0.19613595  0.17635192  0.17635192  0.18420222  0.22475291  0.20826519  0.22475291  0.20826519  0.23736420  0.25887243  0.27654049  0.29007384  0.25452051  0.30385915  0.25019402  0.22893285  0.23313652  0.25019402  0.26325008  0.25019402  0.24589266  0.24589266  0.25452051  0.27208380  0.25452051  0.25887243  0.26765376  0.24161615  0.25452051  0.25452051  0.25452051  0.23736420  0.25452051  0.25887243  0.28102418  0.28553518  0.27654049  0.26325008  0.28102418  0.26325008  0.27208380  0.25452051  0.25452051  0.28102418  0.28102418  0.27208380  0.26325008  0.25887243  0.26765376  0.27654049  0.27208380  0.29923547  0.29464048  0.28553518  0.28553518  0.27208380  0.28553518  0.28102418  0.26765376  0.26325008  0.28102418  0.28102418  0.26325008  0.25452051  0.27208380  0.28553518  0.24161615  0.25019402  0.22893285  0.22059643  0.23736420  0.23736420  0.21235282  
42_13_0    0.19213663  0.19613595  0.18815879  0.18420222  0.20015699  0.18420222  0.17245777  0.18026667  0.17245777  0.22059643  0.21235282  0.22059643  0.20826519  0.04112102  0.00000000  0.02185794  0.06761039  0.21235282  0.22059643  0.21646315  0.21646315  0.24589266  0.22893285  0.22059643  0.21235282  0.20826519  0.22059643  0.20015699  0.16089671  0.17635192  0.17635192  0.18815879  0.20015699  0.20826519  0.22475291  0.20419999  0.21646315  0.21235282  0.22059643  0.22475291  0.21235282  0.20826519  0.19613595  0.19213663  0.19213663  0.24589266  0.22059643  0.22475291  0.22059643  0.22059643  0.22475291  0.22893285  0.22893285  0.22475291  0.21646315  0.20015699  0.20419999  0.14202059  0.16858399  0.14951339  0.16858399  0.18815879  0.18815879  0.17245777  0.17635192  0.17635192  0.17635192  0.21235282  0.22059643  0.23736420  0.22059643  0.22475291  0.24589266  0.26325008  0.29464048  0.26765376  0.28102418  0.24589266  0.20826519  0.21235282  0.22475291  0.23736420  0.24589266  0.23736420  0.23313652  0.22893285  0.23736420  0.22893285  0.24161615  0.25019402  0.23313652  0.23736420  0.23736420  0.24589266  0.22893285  0.24161615  0.25452051  0.26325008  0.26325008  0.24161615  0.25452051  0.26765376  0.27208380  0.28102418  0.25452051  0.25019402  0.26325008  0.26325008  0.27208380  0.25452051  0.24161615  0.25019402  0.25887243  0.26325008  0.29007384  0.29464048  0.28553518  0.27208380  0.27208380  0.28553518  0.28102418  0.27654049  0.26325008  0.28102418  0.28102418  0.25887243  0.24161615  0.26325008  0.28553518  0.23313652  0.24161615  0.23313652  0.22059643  0.23736420  0.21646315  0.20015699  
19_13_0    0.20419999  0.19213663  0.20826519  0.19613595  0.20419999  0.19613595  0.17635192  0.19213663  0.18420222  0.21235282  0.20826519  0.21646315  0.20419999  0.04438083  0.02185794  0.00000000  0.06761039  0.20015699  0.22475291  0.23736420  0.22059643  0.25019402  0.21646315  0.22475291  0.21646315  0.21235282  0.23313652  0.18026667  0.16858399  0.18815879  0.18815879  0.20015699  0.19613595  0.21235282  0.22893285  0.21646315  0.22893285  0.21235282  0.21235282  0.22475291  0.22059643  0.20826519  0.21235282  0.20015699  0.21646315  0.23736420  0.23736420  0.22475291  0.21235282  0.20419999  0.22475291  0.23736420  0.21235282  0.21646315  0.21646315  0.20826519  0.20419999  0.16089671  0.17245777  0.16858399  0.17635192  0.19213663  0.19213663  0.18420222  0.17245777  0.17245777  0.18026667  0.20015699  0.20015699  0.22475291  0.22475291  0.21235282  0.25887243  0.26325008  0.29464048  0.25887243  0.28102418  0.22893285  0.20419999  0.20826519  0.21646315  0.22059643  0.23736420  0.22059643  0.23313652  0.22893285  0.23736420  0.22893285  0.23313652  0.25019402  0.24161615  0.22893285  0.22893285  0.23736420  0.22893285  0.22893285  0.25019402  0.26325008  0.26765376  0.23313652  0.25452051  0.26765376  0.25887243  0.27654049  0.25887243  0.25452051  0.28102418  0.28102418  0.28102418  0.26325008  0.25452051  0.26325008  0.26325008  0.26765376  0.29464048  0.29923547  0.28102418  0.26765376  0.26765376  0.27654049  0.27208380  0.27208380  0.25887243  0.27654049  0.27654049  0.25452051  0.24589266  0.25887243  0.28102418  0.21646315  0.25019402  0.23736420  0.21646315  0.22475291  0.21646315  0.20419999  
16_13_0    0.18815879  0.19213663  0.18420222  0.18420222  0.19613595  0.17635192  0.17245777  0.17245777  0.16473038  0.20015699  0.20015699  0.22475291  0.20826519  0.09159241  0.06761039  0.06761039  0.00000000  0.22059643  0.22475291  0.23736420  0.23736420  0.25887243  0.24161615  0.25887243  0.23313652  0.22059643  0.22893285  0.19613595  0.19213663  0.18420222  0.19213663  0.18420222  0.18420222  0.22059643  0.21646315  0.22475291  0.22893285  0.18420222  0.20826519  0.20826519  0.20826519  0.20826519  0.20826519  0.20419999  0.20419999  0.24161615  0.22475291  0.22475291  0.21235282  0.20419999  0.21235282  0.22475291  0.21646315  0.21646315  0.22475291  0.19213663  0.19213663  0.15328842  0.18815879  0.16473038  0.18026667  0.18815879  0.18815879  0.16858399  0.19213663  0.18420222  0.19213663  0.20826519  0.20419999  0.22059643  0.21235282  0.21235282  0.24589266  0.27654049  0.29464048  0.28102418  0.29007384  0.21235282  0.22059643  0.22059643  0.21646315  0.22893285  0.23736420  0.22475291  0.23736420  0.22475291  0.23736420  0.23313652  0.22893285  0.24161615  0.23736420  0.21646315  0.21646315  0.25019402  0.23736420  0.23736420  0.24589266  0.22893285  0.28102418  0.23313652  0.24161615  0.26765376  0.24589266  0.26765376  0.25452051  0.23736420  0.25887243  0.25887243  0.25452051  0.23313652  0.24589266  0.25452051  0.24589266  0.25019402  0.27208380  0.26765376  0.28553518  0.25887243  0.27208380  0.28553518  0.28553518  0.27208380  0.25452051  0.26325008  0.26325008  0.25019402  0.22475291  0.24589266  0.26765376  0.22893285  0.24161615  0.20826519  0.23736420  0.25887243  0.22475291  0.22893285  
16_5_0     0.21235282  0.20826519  0.20826519  0.21235282  0.21646315  0.24161615  0.22893285  0.23313652  0.22893285  0.25887243  0.29007384  0.28102418  0.27208380  0.22059643  0.21235282  0.20015699  0.22059643  0.00000000  0.10211307  0.08466077  0.09159241  0.13092167  0.10921082  0.09858954  0.09159241  0.09508271  0.11278537  0.26765376  0.24161615  0.22893285  0.22475291  0.23313652  0.22475291  0.23736420  0.28102418  0.28553518  0.27654049  0.26765376  0.23736420  0.26325008  0.23736420  0.23736420  0.25887243  0.25887243  0.26765376  0.22059643  0.24589266  0.24161615  0.22893285  0.23736420  0.24589266  0.23736420  0.21646315  0.22893285  0.25019402  0.23736420  0.23736420  0.23313652  0.21646315  0.19613595  0.22475291  0.20419999  0.20015699  0.24161615  0.20015699  0.25019402  0.25452051  0.21646315  0.18815879  0.22893285  0.22475291  0.23313652  0.27654049  0.30385915  0.31790600  0.29923547  0.29923547  0.25452051  0.24161615  0.24161615  0.23313652  0.23313652  0.23313652  0.23736420  0.24589266  0.23736420  0.23313652  0.25452051  0.25452051  0.24589266  0.26325008  0.23736420  0.26325008  0.26325008  0.25887243  0.24589266  0.24161615  0.25887243  0.26765376  0.23736420  0.29464048  0.32264814  0.32264814  0.31319405  0.27654049  0.29464048  0.29464048  0.29464048  0.29923547  0.30385915  0.29464048  0.28102418  0.30385915  0.30851189  0.32742084  0.33222450  0.29923547  0.29007384  0.28102418  0.32264814  0.33222450  0.31319405  0.29007384  0.30851189  0.30851189  0.29464048  0.29007384  0.28553518  0.29007384  0.28102418  0.29007384  0.25887243  0.27208380  0.25887243  0.23736420  0.25887243  
15_5_0     0.18026667  0.18815879  0.21646315  0.20826519  0.20826519  0.22475291  0.22059643  0.21646315  0.18420222  0.21235282  0.28553518  0.27654049  0.28102418  0.20419999  0.22059643  0.22475291  0.22475291  0.10211307  0.00000000  0.05424725  0.05756549  0.14202059  0.08466077  0.08811848  0.09508271  0.08811848  0.10921082  0.25019402  0.22475291  0.18420222  0.18815879  0.20015699  0.20419999  0.22893285  0.23736420  0.24161615  0.25019402  0.23736420  0.22475291  0.25019402  0.22893285  0.22059643  0.21235282  0.19613595  0.22059643  0.23313652  0.22893285  0.24589266  0.21235282  0.25019402  0.25019402  0.21646315  0.22475291  0.22059643  0.21646315  0.23736420  0.24161615  0.20419999  0.22893285  0.22893285  0.19213663  0.22893285  0.23313652  0.22059643  0.19613595  0.20419999  0.21646315  0.21646315  0.22059643  0.22059643  0.21646315  0.22475291  0.27654049  0.26765376  0.30851189  0.26325008  0.27654049  0.23736420  0.24589266  0.24589266  0.22893285  0.22893285  0.23313652  0.23313652  0.22893285  0.24161615  0.23736420  0.23313652  0.23313652  0.24161615  0.22475291  0.21235282  0.24589266  0.26765376  0.25887243  0.24589266  0.25019402  0.24589266  0.23313652  0.25019402  0.29464048  0.31319405  0.29007384  0.32264814  0.29464048  0.29007384  0.29464048  0.29464048  0.30385915  0.29923547  0.27654049  0.29923547  0.31319405  0.30851189  0.33222450  0.32742084  0.33222450  0.30851189  0.29923547  0.29007384  0.29007384  0.28553518  0.28102418  0.29923547  0.29923547  0.28553518  0.29923547  0.29923547  0.29007384  0.30851189  0.30385915  0.22475291  0.28102418  0.28553518  0.27654049  0.25019402  
19_5_0     0.20015699  0.20826519  0.20015699  0.20419999  0.21646315  0.22059643  0.21646315  0.22059643  0.20419999  0.25019402  0.30385915  0.28553518  0.26765376  0.21646315  0.21646315  0.23736420  0.23736420  0.08466077  0.05424725  0.00000000  0.03142684  0.12725870  0.08811848  0.09858954  0.08466077  0.07779343  0.08466077  0.27208380  0.23736420  0.20015699  0.19613595  0.21646315  0.22059643  0.23736420  0.25452051  0.24161615  0.24161615  0.27208380  0.25019402  0.25887243  0.23736420  0.23736420  0.22893285  0.22893285  0.24589266  0.23313652  0.22893285  0.24161615  0.23736420  0.26325008  0.26325008  0.24161615  0.25019402  0.25452051  0.24161615  0.24589266  0.24161615  0.21235282  0.22475291  0.20826519  0.21235282  0.23313652  0.22893285  0.21646315  0.20015699  0.21646315  0.21235282  0.21646315  0.22059643  0.21235282  0.20826519  0.25452051  0.25019402  0.29464048  0.32742084  0.29007384  0.28102418  0.26765376  0.27208380  0.27208380  0.25019402  0.25019402  0.22475291  0.23736420  0.25887243  0.24589266  0.25019402  0.25019402  0.25452051  0.26325008  0.25887243  0.24161615  0.25887243  0.28553518  0.26325008  0.26765376  0.27208380  0.27208380  0.24161615  0.25019402  0.27654049  0.31319405  0.29923547  0.31319405  0.29464048  0.29923547  0.28553518  0.28553518  0.29007384  0.30385915  0.28102418  0.29464048  0.32742084  0.32264814  0.32742084  0.32264814  0.31790600  0.31319405  0.30385915  0.30385915  0.32264814  0.29923547  0.29464048  0.32264814  0.32264814  0.27654049  0.29007384  0.27654049  0.29007384  0.30385915  0.29464048  0.22475291  0.27208380  0.28553518  0.25452051  0.27208380  
42_5_0     0.20419999  0.20419999  0.20419999  0.20826519  0.22059643  0.23313652  0.22059643  0.22893285  0.20826519  0.25452051  0.29464048  0.28102418  0.26325008  0.20419999  0.21646315  0.22059643  0.23736420  0.09159241  0.05756549  0.03142684  0.00000000  0.13092167  0.08121914  0.09508271  0.07438350  0.07098920  0.09159241  0.25887243  0.22893285  0.18420222  0.18815879  0.20826519  0.20419999  0.25019402  0.25887243  0.24161615  0.24161615  0.25452051  0.24161615  0.24161615  0.23313652  0.22475291  0.23736420  0.23736420  0.24589266  0.24161615  0.23736420  0.25019402  0.22893285  0.26325008  0.25452051  0.22893285  0.24161615  0.24589266  0.24161615  0.24589266  0.24161615  0.21235282  0.22893285  0.22059643  0.20826519  0.22059643  0.22475291  0.22059643  0.21646315  0.20419999  0.21646315  0.20419999  0.21646315  0.21646315  0.21235282  0.25452051  0.26325008  0.27654049  0.31790600  0.27208380  0.29007384  0.26325008  0.28102418  0.28102418  0.24589266  0.24589266  0.22893285  0.24161615  0.26325008  0.25452051  0.25452051  0.25019402  0.25019402  0.26765376  0.24589266  0.23736420  0.25452051  0.28102418  0.25887243  0.25452051  0.27208380  0.27654049  0.24589266  0.25452051  0.29007384  0.31319405  0.30385915  0.30851189  0.28102418  0.27208380  0.29007384  0.29007384  0.30385915  0.30851189  0.28102418  0.28553518  0.31790600  0.32264814  0.33222450  0.33705954  0.31790600  0.30385915  0.29464048  0.29007384  0.30851189  0.29923547  0.28553518  0.29923547  0.29923547  0.26765376  0.29007384  0.30851189  0.30851189  0.28553518  0.29464048  0.22893285  0.26765376  0.27208380  0.25887243  0.26765376  
15_15_0    0.22893285  0.22475291  0.21235282  0.21646315  0.23313652  0.20015699  0.21235282  0.22059643  0.20015699  0.25019402  0.27654049  0.25887243  0.25019402  0.24589266  0.24589266  0.25019402  0.25887243  0.13092167  0.14202059  0.12725870  0.13092167  0.00000000  0.10921082  0.11637727  0.10211307  0.09159241  0.13460286  0.24589266  0.22475291  0.20826519  0.21235282  0.23313652  0.21235282  0.22893285  0.25452051  0.23313652  0.26325008  0.27208380  0.25887243  0.28102418  0.26765376  0.26325008  0.24589266  0.26325008  0.25452051  0.25019402  0.26765376  0.25019402  0.25019402  0.25887243  0.27208380  0.25887243  0.27654049  0.27208380  0.25019402  0.24161615  0.24589266  0.24161615  0.22475291  0.21646315  0.22893285  0.24589266  0.24161615  0.26765376  0.23313652  0.24161615  0.24589266  0.25887243  0.24589266  0.24161615  0.23736420  0.22475291  0.27208380  0.29007384  0.28553518  0.29007384  0.29464048  0.24589266  0.26765376  0.26325008  0.25452051  0.25887243  0.24589266  0.23736420  0.25019402  0.25019402  0.25019402  0.25019402  0.24161615  0.25887243  0.25887243  0.24161615  0.25019402  0.25452051  0.23736420  0.25019402  0.23313652  0.25019402  0.22059643  0.22893285  0.26325008  0.30385915  0.29923547  0.27208380  0.24161615  0.24589266  0.26325008  0.26325008  0.29007384  0.28102418  0.29923547  0.29007384  0.31319405  0.31790600  0.28553518  0.29007384  0.27654049  0.27208380  0.29464048  0.29464048  0.29007384  0.26765376  0.26765376  0.27654049  0.27654049  0.25887243  0.26325008  0.29007384  0.26765376  0.27654049  0.25452051  0.24589266  0.24589266  0.25452051  0.23736420  0.25019402  
42_15_0    0.22893285  0.22893285  0.22475291  0.22059643  0.22059643  0.22059643  0.22475291  0.22059643  0.18815879  0.22475291  0.26765376  0.26325008  0.28553518  0.21646315  0.22893285  0.21646315  0.24161615  0.10921082  0.08466077  0.08811848  0.08121914  0.10921082  0.00000000  0.04438083  0.07438350  0.06761039  0.09159241  0.23736420  0.22475291  0.20826519  0.20419999  0.22893285  0.22893285  0.23313652  0.23736420  0.23736420  0.24589266  0.25887243  0.22893285  0.25887243  0.25887243  0.25452051  0.25019402  0.24161615  0.25887243  0.23736420  0.25887243  0.25019402  0.23736420  0.25452051  0.25887243  0.24161615  0.22893285  0.22475291  0.22893285  0.25452051  0.25019402  0.21646315  0.20419999  0.21646315  0.18815879  0.22893285  0.23313652  0.22893285  0.23313652  0.20419999  0.21646315  0.22059643  0.21235282  0.25019402  0.24161615  0.22059643  0.25019402  0.27654049  0.31319405  0.28553518  0.29464048  0.25019402  0.28102418  0.27654049  0.24589266  0.25452051  0.24589266  0.25019402  0.24589266  0.25019402  0.25887243  0.23736420  0.22893285  0.26325008  0.26325008  0.25019402  0.25019402  0.28102418  0.25019402  0.26325008  0.26765376  0.26325008  0.25019402  0.25452051  0.28553518  0.29923547  0.29007384  0.30385915  0.28553518  0.28102418  0.26325008  0.26325008  0.26325008  0.27208380  0.26765376  0.29464048  0.29007384  0.28553518  0.32264814  0.31790600  0.30385915  0.30385915  0.29464048  0.29464048  0.28102418  0.26765376  0.27654049  0.29007384  0.29007384  0.27654049  0.28102418  0.27208380  0.27208380  0.29007384  0.29923547  0.21646315  0.26765376  0.25887243  0.25887243  0.26325008  
19_15_0    0.22475291  0.22475291  0.23736420  0.22475291  0.22475291  0.24161615  0.23736420  0.24589266  0.21646315  0.24161615  0.27208380  0.27654049  0.29464048  0.22475291  0.22059643  0.22475291  0.25887243  0.09858954  0.08811848  0.09858954  0.09508271  0.11637727  0.04438083  0.00000000  0.07098920  0.07098920  0.08811848  0.23313652  0.22059643  0.21235282  0.20826519  0.24161615  0.23313652  0.24161615  0.25452051  0.25887243  0.26765376  0.25452051  0.24161615  0.27208380  0.25019402  0.25452051  0.24589266  0.23736420  0.25452051  0.25019402  0.24589266  0.25452051  0.24161615  0.27654049  0.27208380  0.23736420  0.23313652  0.22893285  0.22475291  0.25019402  0.26325008  0.21646315  0.20826519  0.22059643  0.19213663  0.22475291  0.22893285  0.24161615  0.23313652  0.23736420  0.24161615  0.21646315  0.22475291  0.25452051  0.23736420  0.24161615  0.25887243  0.29007384  0.31319405  0.29923547  0.29923547  0.23736420  0.25887243  0.26325008  0.25019402  0.25019402  0.25887243  0.25452051  0.23313652  0.25019402  0.23736420  0.22475291  0.23313652  0.25887243  0.24589266  0.24589266  0.26325008  0.26765376  0.24589266  0.25019402  0.26325008  0.25452051  0.24161615  0.25452051  0.26765376  0.28102418  0.29007384  0.30385915  0.26765376  0.26765376  0.25019402  0.25019402  0.26765376  0.27654049  0.27654049  0.26765376  0.28102418  0.28553518  0.31319405  0.31790600  0.29464048  0.29464048  0.29464048  0.30851189  0.31319405  0.27654049  0.28553518  0.29464048  0.29464048  0.26765376  0.28102418  0.27208380  0.27208380  0.29923547  0.29923547  0.24161615  0.25452051  0.26765376  0.28102418  0.26325008  
