20
16_0_0     0.00000000  0.35526756  0.35526756  0.35526756  0.30353537  0.30353537  0.29062877  0.36288528  0.31383536  0.36629785  0.32726492  0.31383536  0.31383536  0.36988539  0.38494747  0.38113244  0.32726492  0.30645957  0.30645957  0.30645957  
4_0_0      0.35526756  0.00000000  0.00000000  0.00000000  0.02946625  0.07716164  0.06888683  0.22705972  0.10215221  0.18607109  0.31103694  0.32428537  0.32428537  0.27329245  0.26132373  0.28323826  0.32428537  0.25381070  0.25381070  0.25381070  
12_0_0     0.35526756  0.00000000  0.00000000  0.00000000  0.02946625  0.07716164  0.06888683  0.22705972  0.10215221  0.18607109  0.31103694  0.32428537  0.32428537  0.27329245  0.26132373  0.28323826  0.32428537  0.25381070  0.25381070  0.25381070  
10_0_0     0.35526756  0.00000000  0.00000000  0.00000000  0.02946625  0.07716164  0.06888683  0.22705972  0.10215221  0.18607109  0.31103694  0.32428537  0.32428537  0.27329245  0.26132373  0.28323826  0.32428537  0.25381070  0.25381070  0.25381070  
5_0_0      0.30353537  0.02946625  0.02946625  0.02946625  0.00000000  0.06117894  0.05310569  0.22881729  0.10284868  0.14773639  0.31383536  0.32726492  0.32726492  0.27560090  0.26348455  0.28555734  0.32726492  0.25609700  0.25609700  0.25609700  
17_0_0     0.30353537  0.07716164  0.07716164  0.07716164  0.06117894  0.00000000  0.00724697  0.21778019  0.10284868  0.18748530  0.30076008  0.31383536  0.31383536  0.28802087  0.27560090  0.29813343  0.32726492  0.28063891  0.28063891  0.28063891  
11_0_0     0.29062877  0.06888683  0.06888683  0.06888683  0.05310569  0.00724697  0.00000000  0.20698352  0.09413758  0.17724526  0.28802087  0.30076008  0.30076008  0.27560090  0.26348455  0.28555734  0.31383536  0.26821608  0.26821608  0.26821608  
15_0_0     0.36288528  0.22705972  0.22705972  0.22705972  0.22881729  0.21778019  0.20698352  0.00000000  0.20546598  0.29565538  0.43623258  0.45307957  0.45307957  0.38887690  0.37404639  0.38538308  0.40416487  0.26132373  0.26132373  0.26132373  
14_0_0     0.31383536  0.10215221  0.10215221  0.10215221  0.10284868  0.10284868  0.09413758  0.20546598  0.00000000  0.16853135  0.23821993  0.24963723  0.24963723  0.20546598  0.19501194  0.21463545  0.33789767  0.24212166  0.24212166  0.24212166  
6_0_0      0.36629785  0.18607109  0.18607109  0.18607109  0.14773639  0.18748530  0.17724526  0.29565538  0.16853135  0.00000000  0.39255703  0.40808672  0.40808672  0.34868997  0.33488991  0.35964676  0.33488991  0.36988539  0.36988539  0.36988539  
7_0_0      0.32726492  0.31103694  0.31103694  0.31103694  0.31383536  0.30076008  0.28802087  0.43623258  0.23821993  0.39255703  0.00000000  0.00724697  0.00724697  0.05310569  0.04516184  0.07716164  0.33789767  0.35881044  0.35881044  0.35881044  
13_0_0     0.31383536  0.32428537  0.32428537  0.32428537  0.32726492  0.31383536  0.30076008  0.45307957  0.24963723  0.40808672  0.00724697  0.00000000  0.00000000  0.06117894  0.05310569  0.06888683  0.32428537  0.37364911  0.37364911  0.37364911  
9_0_0      0.31383536  0.32428537  0.32428537  0.32428537  0.32726492  0.31383536  0.30076008  0.45307957  0.24963723  0.40808672  0.00724697  0.00000000  0.00000000  0.06117894  0.05310569  0.06888683  0.32428537  0.37364911  0.37364911  0.37364911  
8_0_0      0.36988539  0.27329245  0.27329245  0.27329245  0.27560090  0.28802087  0.27560090  0.38887690  0.20546598  0.34868997  0.05310569  0.06117894  0.06117894  0.00000000  0.00724697  0.03710353  0.38113244  0.34440312  0.34440312  0.34440312  
18_0_0     0.38494747  0.26132373  0.26132373  0.26132373  0.26348455  0.27560090  0.26348455  0.37404639  0.19501194  0.33488991  0.04516184  0.05310569  0.05310569  0.00724697  0.00000000  0.02946625  0.36629785  0.35881044  0.35881044  0.35881044  
19_0_0     0.38113244  0.28323826  0.28323826  0.28323826  0.28555734  0.29813343  0.28555734  0.38538308  0.21463545  0.35964676  0.07716164  0.06888683  0.06888683  0.03710353  0.02946625  0.00000000  0.33488991  0.38494747  0.38494747  0.38494747  
20_0_0     0.32726492  0.32428537  0.32428537  0.32428537  0.32726492  0.32726492  0.31383536  0.40416487  0.33789767  0.33488991  0.33789767  0.32428537  0.32428537  0.38113244  0.36629785  0.33488991  0.00000000  0.33040278  0.33040278  0.33040278  
3_0_0      0.30645957  0.25381070  0.25381070  0.25381070  0.25609700  0.28063891  0.26821608  0.26132373  0.24212166  0.36988539  0.35881044  0.37364911  0.37364911  0.34440312  0.35881044  0.38494747  0.33040278  0.00000000  0.00000000  0.00000000  
2_0_0      0.30645957  0.25381070  0.25381070  0.25381070  0.25609700  0.28063891  0.26821608  0.26132373  0.24212166  0.36988539  0.35881044  0.37364911  0.37364911  0.34440312  0.35881044  0.38494747  0.33040278  0.00000000  0.00000000  0.00000000  
1_0_0      0.30645957  0.25381070  0.25381070  0.25381070  0.25609700  0.28063891  0.26821608  0.26132373  0.24212166  0.36988539  0.35881044  0.37364911  0.37364911  0.34440312  0.35881044  0.38494747  0.33040278  0.00000000  0.00000000  0.00000000  

