20
16_0_0     0.00000000  0.27512958  0.27512958  0.27512958  0.26305982  0.21588731  0.26092536  0.28749874  0.23037118  0.32656107  0.28277526  0.28277526  0.28277526  0.28277526  0.27070615  0.24741044  0.26092536  0.31820757  0.31820757  0.31820757  
4_0_0      0.27512958  0.00000000  0.00000000  0.00000000  0.00724665  0.08553687  0.12065916  0.11087538  0.11164396  0.16705238  0.32362531  0.32362531  0.32362531  0.32362531  0.31043874  0.33717009  0.30018254  0.40698340  0.40698340  0.40698340  
12_0_0     0.27512958  0.00000000  0.00000000  0.00000000  0.00724665  0.08553687  0.12065916  0.11087538  0.11164396  0.16705238  0.32362531  0.32362531  0.32362531  0.32362531  0.31043874  0.33717009  0.30018254  0.40698340  0.40698340  0.40698340  
10_0_0     0.27512958  0.00000000  0.00000000  0.00000000  0.00724665  0.08553687  0.12065916  0.11087538  0.11164396  0.16705238  0.32362531  0.32362531  0.32362531  0.32362531  0.31043874  0.33717009  0.30018254  0.40698340  0.40698340  0.40698340  
5_0_0      0.26305982  0.00724665  0.00724665  0.00724665  0.00000000  0.09408826  0.12984036  0.11980964  0.12065916  0.17706279  0.33717009  0.33717009  0.33717009  0.33717009  0.32362531  0.35109308  0.31319740  0.42290672  0.42290672  0.42290672  
17_0_0     0.21588731  0.08553687  0.08553687  0.08553687  0.09408826  0.00000000  0.04463838  0.12807358  0.06845821  0.13725440  0.23615838  0.23615838  0.23615838  0.28277526  0.27070615  0.29514374  0.27285046  0.37318146  0.37318146  0.37318146  
11_0_0     0.26092536  0.12065916  0.12065916  0.12065916  0.12984036  0.04463838  0.00000000  0.14660742  0.08499467  0.15613923  0.27070615  0.27070615  0.27070615  0.34793466  0.30782682  0.36205434  0.31043874  0.40312191  0.40312191  0.40312191  
15_0_0     0.28749874  0.11087538  0.11087538  0.11087538  0.11980964  0.12807358  0.14660742  0.00000000  0.08553687  0.13817321  0.29006824  0.29006824  0.29006824  0.29006824  0.27754339  0.30291581  0.21750598  0.36205434  0.36205434  0.36205434  
14_0_0     0.23037118  0.11164396  0.11164396  0.11164396  0.12065916  0.06845821  0.08499467  0.08553687  0.00000000  0.09408826  0.23976289  0.23976289  0.23976289  0.28749874  0.25127532  0.30018254  0.23037118  0.35109308  0.35109308  0.35109308  
6_0_0      0.32656107  0.16705238  0.16705238  0.16705238  0.17706279  0.13725440  0.15613923  0.13817321  0.09408826  0.00000000  0.31043874  0.31043874  0.31043874  0.33717009  0.29759191  0.35109308  0.35441334  0.42290672  0.42290672  0.42290672  
7_0_0      0.28277526  0.32362531  0.32362531  0.32362531  0.33717009  0.23615838  0.27070615  0.29006824  0.23976289  0.31043874  0.00000000  0.00000000  0.00000000  0.12160631  0.09479672  0.08617121  0.24741044  0.31572508  0.31572508  0.31572508  
13_0_0     0.28277526  0.32362531  0.32362531  0.32362531  0.33717009  0.23615838  0.27070615  0.29006824  0.23976289  0.31043874  0.00000000  0.00000000  0.00000000  0.12160631  0.09479672  0.08617121  0.24741044  0.31572508  0.31572508  0.31572508  
9_0_0      0.28277526  0.32362531  0.32362531  0.32362531  0.33717009  0.23615838  0.27070615  0.29006824  0.23976289  0.31043874  0.00000000  0.00000000  0.00000000  0.12160631  0.09479672  0.08617121  0.24741044  0.31572508  0.31572508  0.31572508  
8_0_0      0.28277526  0.32362531  0.32362531  0.32362531  0.33717009  0.28277526  0.34793466  0.29006824  0.28749874  0.33717009  0.12160631  0.12160631  0.12160631  0.00000000  0.02206373  0.06115529  0.24741044  0.31572508  0.31572508  0.31572508  
18_0_0     0.27070615  0.31043874  0.31043874  0.31043874  0.32362531  0.27070615  0.30782682  0.27754339  0.25127532  0.29759191  0.09479672  0.09479672  0.09479672  0.02206373  0.00000000  0.05308797  0.23615838  0.32873844  0.32873844  0.32873844  
19_0_0     0.24741044  0.33717009  0.33717009  0.33717009  0.35109308  0.29514374  0.36205434  0.30291581  0.30018254  0.35109308  0.08617121  0.08617121  0.08617121  0.06115529  0.05308797  0.00000000  0.23615838  0.27860646  0.27860646  0.27860646  
20_0_0     0.26092536  0.30018254  0.30018254  0.30018254  0.31319740  0.27285046  0.31043874  0.21750598  0.23037118  0.35441334  0.24741044  0.24741044  0.24741044  0.24741044  0.23615838  0.23615838  0.00000000  0.29283802  0.29283802  0.29283802  
3_0_0      0.31820757  0.40698340  0.40698340  0.40698340  0.42290672  0.37318146  0.40312191  0.36205434  0.35109308  0.42290672  0.31572508  0.31572508  0.31572508  0.31572508  0.32873844  0.27860646  0.29283802  0.00000000  0.00000000  0.00000000  
2_0_0      0.31820757  0.40698340  0.40698340  0.40698340  0.42290672  0.37318146  0.40312191  0.36205434  0.35109308  0.42290672  0.31572508  0.31572508  0.31572508  0.31572508  0.32873844  0.27860646  0.29283802  0.00000000  0.00000000  0.00000000  
1_0_0      0.31820757  0.40698340  0.40698340  0.40698340  0.42290672  0.37318146  0.40312191  0.36205434  0.35109308  0.42290672  0.31572508  0.31572508  0.31572508  0.31572508  0.32873844  0.27860646  0.29283802  0.00000000  0.00000000  0.00000000  

