16
18_0_0     0.00000000  0.01967840  0.12109401  0.29455822  0.31662231  0.30183962  0.25919482  0.27313681  0.30919383  0.29455822  0.33170824  0.30919383  0.37891653  0.36284138  0.36284138  0.36284138  
8_0_0      0.01967840  0.00000000  0.12109401  0.27313681  0.28734820  0.29455822  0.25232169  0.25919482  0.30919383  0.30919383  0.33170824  0.30919383  0.34711009  0.33170824  0.33170824  0.33170824  
19_0_0     0.12109401  0.12109401  0.00000000  0.32412660  0.30919383  0.30919383  0.23876518  0.28020818  0.30919383  0.28020818  0.28020818  0.27313681  0.37083504  0.35493368  0.35493368  0.35493368  
16_1_0     0.29455822  0.27313681  0.32412660  0.00000000  0.16228873  0.15028149  0.14435060  0.14435060  0.17449524  0.17449524  0.31662231  0.30919383  0.35493368  0.35493368  0.35493368  0.35493368  
15_4_0     0.31662231  0.28734820  0.30919383  0.16228873  0.00000000  0.07130901  0.12683957  0.12109401  0.23876518  0.23207950  0.36284138  0.37083504  0.40370786  0.38708780  0.38708780  0.38708780  
15_1_0     0.30183962  0.29455822  0.30919383  0.15028149  0.07130901  0.00000000  0.12683957  0.13263038  0.26613278  0.22545404  0.38708780  0.37891653  0.45594775  0.43811898  0.43811898  0.43811898  
14_1_0     0.25919482  0.25232169  0.23876518  0.14435060  0.12683957  0.12683957  0.00000000  0.06068885  0.20592841  0.18067532  0.33170824  0.32412660  0.37891653  0.37891653  0.37891653  0.37891653  
6_1_0      0.27313681  0.25919482  0.28020818  0.14435060  0.12109401  0.13263038  0.06068885  0.00000000  0.20592841  0.19953338  0.35493368  0.33170824  0.37083504  0.37891653  0.37891653  0.37891653  
6_3_0      0.30919383  0.30919383  0.30919383  0.17449524  0.23876518  0.26613278  0.20592841  0.20592841  0.00000000  0.09855033  0.34711009  0.34711009  0.40370786  0.40370786  0.40370786  0.40370786  
15_3_0     0.29455822  0.30919383  0.28020818  0.17449524  0.23207950  0.22545404  0.18067532  0.19953338  0.09855033  0.00000000  0.30919383  0.29455822  0.40370786  0.38708780  0.38708780  0.38708780  
11_1_0     0.33170824  0.33170824  0.28020818  0.31662231  0.36284138  0.38708780  0.33170824  0.35493368  0.34711009  0.30919383  0.00000000  0.02468138  0.15028149  0.14435060  0.14435060  0.14435060  
17_1_0     0.30919383  0.30919383  0.27313681  0.30919383  0.37083504  0.37891653  0.32412660  0.33170824  0.34711009  0.29455822  0.02468138  0.00000000  0.13263038  0.12683957  0.12683957  0.12683957  
5_1_0      0.37891653  0.34711009  0.37083504  0.35493368  0.40370786  0.45594775  0.37891653  0.37083504  0.40370786  0.40370786  0.15028149  0.13263038  0.00000000  0.00977339  0.00977339  0.00977339  
4_1_0      0.36284138  0.33170824  0.35493368  0.35493368  0.38708780  0.43811898  0.37891653  0.37891653  0.40370786  0.38708780  0.14435060  0.12683957  0.00977339  0.00000000  0.00000000  0.00000000  
12_1_0     0.36284138  0.33170824  0.35493368  0.35493368  0.38708780  0.43811898  0.37891653  0.37891653  0.40370786  0.38708780  0.14435060  0.12683957  0.00977339  0.00000000  0.00000000  0.00000000  
10_1_0     0.36284138  0.33170824  0.35493368  0.35493368  0.38708780  0.43811898  0.37891653  0.37891653  0.40370786  0.38708780  0.14435060  0.12683957  0.00977339  0.00000000  0.00000000  0.00000000  

