20
2_0_0      0.00000000  0.01370361  0.01835810  0.26637960  0.25893274  0.25893274  0.25288703  0.25288703  0.25893274  0.26027889  0.26027889  0.26778412  0.28314898  0.27692568  0.27692568  0.28473154  0.26924239  0.29735479  0.29266393  0.27692568  
3_0_0      0.01370361  0.00000000  0.00452536  0.28162215  0.27394153  0.25893274  0.25288703  0.25288703  0.25893274  0.26027889  0.26027889  0.26778412  0.28314898  0.27692568  0.27692568  0.28473154  0.26924239  0.29735479  0.29266393  0.27692568  
1_0_0      0.01835810  0.00452536  0.00000000  0.27394153  0.26637960  0.25159752  0.26027889  0.26027889  0.26637960  0.26778412  0.25288703  0.26027889  0.29101619  0.26924239  0.26924239  0.27692568  0.26167787  0.30541495  0.28473154  0.26924239  
16_0_0     0.26637960  0.28162215  0.27394153  0.00000000  0.05224145  0.10511798  0.15728758  0.15728758  0.16265362  0.16350977  0.15114351  0.14507563  0.17619664  0.27075446  0.27075446  0.27849991  0.26312970  0.30714054  0.27849991  0.28636993  
14_0_0     0.25893274  0.27394153  0.26637960  0.05224145  0.00000000  0.09956569  0.16350977  0.16350977  0.16891473  0.15728758  0.13316103  0.12731078  0.16981209  0.27849991  0.27849991  0.28636993  0.28636993  0.28314898  0.30250016  0.31076914  
15_0_0     0.25893274  0.25893274  0.25159752  0.10511798  0.09956569  0.00000000  0.17619664  0.17619664  0.18168253  0.18266560  0.12152965  0.12731078  0.15728758  0.21971938  0.21971938  0.22669225  0.21284447  0.26027889  0.24094333  0.23376591  
12_0_0     0.25288703  0.25288703  0.26027889  0.15728758  0.16350977  0.17619664  0.00000000  0.00000000  0.00451992  0.01370361  0.11641518  0.12216312  0.15196136  0.27232042  0.27232042  0.28012903  0.26463445  0.26167787  0.29613031  0.30433154  
4_0_0      0.25288703  0.25288703  0.26027889  0.15728758  0.16350977  0.17619664  0.00000000  0.00000000  0.00451992  0.01370361  0.11641518  0.12216312  0.15196136  0.27232042  0.27232042  0.28012903  0.26463445  0.26167787  0.29613031  0.30433154  
10_0_0     0.25893274  0.25893274  0.26637960  0.16265362  0.16891473  0.18168253  0.00451992  0.00451992  0.00000000  0.01828637  0.12152965  0.12731078  0.15114351  0.27075446  0.27075446  0.27849991  0.26312970  0.26778412  0.29436858  0.30250016  
5_0_0      0.26027889  0.26027889  0.26778412  0.16350977  0.15728758  0.18266560  0.01370361  0.01370361  0.01828637  0.00000000  0.12216312  0.12797937  0.15814511  0.26463445  0.26463445  0.27232042  0.25706734  0.25422850  0.30433154  0.31267255  
17_0_0     0.26027889  0.26027889  0.25288703  0.15114351  0.13316103  0.12152965  0.11641518  0.11641518  0.12152965  0.12216312  0.00000000  0.01370361  0.11073398  0.24961546  0.24961546  0.25706734  0.24227536  0.25422850  0.27232042  0.26463445  
11_0_0     0.26778412  0.26778412  0.26027889  0.14507563  0.12731078  0.12731078  0.12216312  0.12216312  0.12731078  0.12797937  0.01370361  0.00000000  0.11641518  0.24227536  0.24227536  0.24961546  0.23504373  0.24689084  0.26463445  0.25706734  
20_0_0     0.28314898  0.28314898  0.29101619  0.17619664  0.16981209  0.15728758  0.15196136  0.15196136  0.15114351  0.15814511  0.11073398  0.11641518  0.00000000  0.22089339  0.22089339  0.22791741  0.22791741  0.26924239  0.27232042  0.26463445  
13_0_0     0.27692568  0.27692568  0.26924239  0.27075446  0.27849991  0.21971938  0.27232042  0.27232042  0.27075446  0.26463445  0.24961546  0.24227536  0.22089339  0.00000000  0.00000000  0.00452536  0.01370361  0.10964064  0.13386559  0.12797937  
9_0_0      0.27692568  0.27692568  0.26924239  0.27075446  0.27849991  0.21971938  0.27232042  0.27232042  0.27075446  0.26463445  0.24961546  0.24227536  0.22089339  0.00000000  0.00000000  0.00452536  0.01370361  0.10964064  0.13386559  0.12797937  
6_0_0      0.28473154  0.28473154  0.27692568  0.27849991  0.28636993  0.22669225  0.28012903  0.28012903  0.27849991  0.27232042  0.25706734  0.24961546  0.22791741  0.00452536  0.00452536  0.00000000  0.01835810  0.11525521  0.13982347  0.13386559  
7_0_0      0.26924239  0.26924239  0.26167787  0.26312970  0.28636993  0.21284447  0.26463445  0.26463445  0.26312970  0.25706734  0.24227536  0.23504373  0.22791741  0.01370361  0.01370361  0.01835810  0.00000000  0.10408975  0.11641518  0.11073398  
19_0_0     0.29735479  0.29735479  0.30541495  0.30714054  0.28314898  0.26027889  0.26167787  0.26167787  0.26778412  0.25422850  0.25422850  0.24689084  0.26924239  0.10964064  0.10964064  0.11525521  0.10408975  0.00000000  0.14433705  0.12668140  
18_0_0     0.29266393  0.29266393  0.28473154  0.27849991  0.30250016  0.24094333  0.29613031  0.29613031  0.29436858  0.30433154  0.27232042  0.26463445  0.27232042  0.13386559  0.13386559  0.13982347  0.11641518  0.14433705  0.00000000  0.02305730  
8_0_0      0.27692568  0.27692568  0.26924239  0.28636993  0.31076914  0.23376591  0.30433154  0.30433154  0.30250016  0.31267255  0.26463445  0.25706734  0.26463445  0.12797937  0.12797937  0.13386559  0.11073398  0.12668140  0.02305730  0.00000000  

