20
2_0_0      0.00000000  0.00452510  0.00909191  0.31966885  0.32820950  0.31776098  0.35037840  0.35037840  0.35037840  0.35037840  0.31966885  0.31966885  0.35703552  0.37789869  0.37789869  0.37789869  0.38742259  0.32430645  0.35721061  0.35721061  
3_0_0      0.00452510  0.00000000  0.00452510  0.32820950  0.31966885  0.30943630  0.35938306  0.35938306  0.35938306  0.35938306  0.32820950  0.32820950  0.36629522  0.38742259  0.38742259  0.38742259  0.39713314  0.33284558  0.36629698  0.36629698  
1_0_0      0.00909191  0.00452510  0.00000000  0.33689995  0.32820950  0.31776098  0.36855440  0.36855440  0.36855440  0.36855440  0.33689995  0.33689995  0.37573125  0.37789869  0.37789869  0.37789869  0.38742259  0.34153445  0.37555310  0.37555310  
16_0_0     0.31966885  0.32820950  0.33689995  0.00000000  0.04229535  0.09894367  0.23308183  0.23308183  0.23308183  0.23308183  0.17486376  0.18773255  0.15695838  0.33901961  0.33901961  0.33901961  0.36629522  0.36629522  0.32820950  0.32820950  
14_0_0     0.32820950  0.31966885  0.32820950  0.04229535  0.00000000  0.08278581  0.25477876  0.25477876  0.25477876  0.25477876  0.18125638  0.19429448  0.16315167  0.34794569  0.34794569  0.34794569  0.37573125  0.37573125  0.33689995  0.33689995  
15_0_0     0.31776098  0.30943630  0.31776098  0.09894367  0.08278581  0.00000000  0.27594891  0.27594891  0.27594891  0.27594891  0.18677955  0.21338369  0.15616631  0.31966885  0.31966885  0.31966885  0.34574553  0.38279690  0.36162107  0.36162107  
12_0_0     0.35037840  0.35938306  0.36855440  0.23308183  0.25477876  0.27594891  0.00000000  0.00000000  0.00909191  0.00909191  0.15008739  0.13814880  0.16772378  0.40440638  0.40440638  0.40440638  0.41440998  0.37555310  0.37327593  0.37327593  
4_0_0      0.35037840  0.35938306  0.36855440  0.23308183  0.25477876  0.27594891  0.00000000  0.00000000  0.00909191  0.00909191  0.15008739  0.13814880  0.16772378  0.40440638  0.40440638  0.40440638  0.41440998  0.37555310  0.37327593  0.37327593  
10_0_0     0.35037840  0.35938306  0.36855440  0.23308183  0.25477876  0.27594891  0.00909191  0.00909191  0.00000000  0.00909191  0.13814880  0.13814880  0.16772378  0.38498541  0.38498541  0.38498541  0.39460075  0.35721061  0.35510338  0.35510338  
5_0_0      0.35037840  0.35938306  0.36855440  0.23308183  0.25477876  0.27594891  0.00909191  0.00909191  0.00909191  0.00000000  0.13814880  0.12649110  0.15541525  0.40440638  0.40440638  0.40440638  0.41440998  0.37555310  0.35510338  0.35510338  
17_0_0     0.31966885  0.32820950  0.33689995  0.17486376  0.18125638  0.18677955  0.15008739  0.15008739  0.13814880  0.13814880  0.00000000  0.02779205  0.10444886  0.36162107  0.36162107  0.36162107  0.35253297  0.30943630  0.34153445  0.32430645  
11_0_0     0.31966885  0.32820950  0.33689995  0.18773255  0.19429448  0.21338369  0.13814880  0.13814880  0.13814880  0.12649110  0.02779205  0.00000000  0.11564622  0.38031315  0.38031315  0.38031315  0.37087897  0.30943630  0.34153445  0.32430645  
20_0_0     0.35703552  0.36629522  0.37573125  0.15695838  0.16315167  0.15616631  0.16772378  0.16772378  0.16772378  0.15541525  0.10444886  0.11564622  0.00000000  0.30301687  0.30301687  0.30301687  0.31127291  0.33689995  0.31776098  0.30124917  
13_0_0     0.37789869  0.38742259  0.37789869  0.33901961  0.34794569  0.31966885  0.40440638  0.40440638  0.38498541  0.40440638  0.36162107  0.38031315  0.30301687  0.00000000  0.00000000  0.00000000  0.01370120  0.11622892  0.14479931  0.14479931  
9_0_0      0.37789869  0.38742259  0.37789869  0.33901961  0.34794569  0.31966885  0.40440638  0.40440638  0.38498541  0.40440638  0.36162107  0.38031315  0.30301687  0.00000000  0.00000000  0.00000000  0.01370120  0.11622892  0.14479931  0.14479931  
6_0_0      0.37789869  0.38742259  0.37789869  0.33901961  0.34794569  0.31966885  0.40440638  0.40440638  0.38498541  0.40440638  0.36162107  0.38031315  0.30301687  0.00000000  0.00000000  0.00000000  0.01370120  0.11622892  0.14479931  0.14479931  
7_0_0      0.38742259  0.39713314  0.38742259  0.36629522  0.37573125  0.34574553  0.41440998  0.41440998  0.39460075  0.41440998  0.35253297  0.37087897  0.31127291  0.01370120  0.01370120  0.01370120  0.00000000  0.12195720  0.16315167  0.16315167  
19_0_0     0.32430645  0.33284558  0.34153445  0.36629522  0.37573125  0.38279690  0.37555310  0.37555310  0.35721061  0.37555310  0.30943630  0.30943630  0.33689995  0.11622892  0.11622892  0.11622892  0.12195720  0.00000000  0.09349896  0.09349896  
18_0_0     0.35721061  0.36629698  0.37555310  0.32820950  0.33689995  0.36162107  0.37327593  0.37327593  0.35510338  0.35510338  0.34153445  0.34153445  0.31776098  0.14479931  0.14479931  0.14479931  0.16315167  0.09349896  0.00000000  0.00909191  
8_0_0      0.35721061  0.36629698  0.37555310  0.32820950  0.33689995  0.36162107  0.37327593  0.37327593  0.35510338  0.35510338  0.32430645  0.32430645  0.30124917  0.14479931  0.14479931  0.14479931  0.16315167  0.09349896  0.00909191  0.00000000  

