104
85_1_0     0.00000000  0.16651700  0.27262269  0.14486890  0.16651700  0.17758309  0.18881707  0.16104536  0.13955433  0.50094443  0.41165430  0.41934105  0.41165430  0.41934105  0.33888038  0.35997160  0.48388848  0.56393802  0.50962203  0.51840251  0.49236735  0.50094443  0.40404652  0.69737834  0.68621527  0.66438165  0.67521799  0.51840251  0.55460416  0.53628213  0.56393802  0.54538648  0.49236735  0.57339104  0.57339104  0.52728836  0.50962203  0.54538648  0.69737834  0.51840251  0.54538648  0.53628213  0.54538648  0.59266697  0.67521799  0.65370159  0.67521799  0.72022235  0.70871226  0.67521799  0.87441770  0.91856382  0.96550951  0.93388407  0.88884262  0.86026841  0.83275595  0.91856382  0.70871226  0.74379357  0.70871226  0.60249643  0.65370159  0.68621527  0.65370159  0.79331380  0.83275595  0.75586664  0.70871226  0.84638442  0.75586664  0.61245811  0.59266697  0.58296629  1.01563403  0.99854609  0.93388407  0.98184358  1.05104041  0.99854609  1.08822505  0.62255564  0.63279275  0.61245811  0.64317338  0.66438165  0.66438165  0.80622916  0.67521799  0.62255564  0.64317338  0.63279275  0.64317338  0.70871226  0.72022235  0.72022235  0.67521799  0.66438165  0.61245811  0.72022235  0.72022235  0.69737834  0.66438165  0.76813982  
46_1_0     0.16651700  0.00000000  0.31166186  0.13427763  0.20599419  0.20022410  0.20599419  0.19449862  0.18317878  0.45901924  0.41934105  0.39651611  0.40404652  0.41165430  0.37437372  0.34584426  0.54538648  0.56393802  0.54538648  0.50094443  0.50962203  0.55460416  0.40404652  0.68621527  0.69737834  0.63279275  0.66438165  0.50094443  0.50094443  0.48388848  0.51840251  0.51840251  0.45901924  0.51840251  0.53628213  0.52728836  0.50962203  0.50094443  0.62255564  0.47550559  0.54538648  0.57339104  0.57339104  0.58296629  0.86026841  0.83275595  0.80622916  0.83275595  0.76813982  0.78061984  0.90355412  0.90355412  0.96550951  0.91856382  0.81937378  0.84638442  0.87441770  0.84638442  0.73191418  0.74379357  0.68621527  0.68621527  0.69737834  0.68621527  0.73191418  0.74379357  0.98184358  0.78061984  0.74379357  0.87441770  0.84638442  0.76813982  0.76813982  0.76813982  0.98184358  0.99854609  1.01563403  1.06939935  0.99854609  1.01563403  1.01563403  0.65370159  0.64317338  0.61245811  0.62255564  0.66438165  0.67521799  0.68621527  0.65370159  0.64317338  0.69737834  0.59266697  0.60249643  0.62255564  0.63279275  0.63279275  0.65370159  0.63279275  0.58296629  0.68621527  0.68621527  0.69737834  0.66438165  0.68621527  
72_1_0     0.27262269  0.31166186  0.00000000  0.23553897  0.35287424  0.35997160  0.34584426  0.26631167  0.30501073  0.54538648  0.53628213  0.50094443  0.53628213  0.51840251  0.46721654  0.44289196  0.54538648  0.63279275  0.55460416  0.57339104  0.63279275  0.61245811  0.51840251  0.76813982  0.75586664  0.74379357  0.74379357  0.67521799  0.69737834  0.62255564  0.62255564  0.57339104  0.61245811  0.59266697  0.61245811  0.56393802  0.57339104  0.65370159  0.79331380  0.64317338  0.64317338  0.66438165  0.66438165  0.72022235  0.84638442  0.84638442  0.80622916  0.84638442  0.84638442  0.88884262  0.91856382  0.96550951  0.90355412  0.88884262  0.81937378  0.86026841  0.81937378  0.94952797  0.80622916  0.78061984  0.78061984  0.79331380  0.79331380  0.83275595  0.83275595  0.86026841  0.91856382  0.80622916  0.81937378  0.86026841  0.78061984  0.70871226  0.72022235  0.74379357  1.01563403  1.03312563  0.99854609  1.01563403  1.03312563  1.12737608  1.23539629  0.74379357  0.73191418  0.64317338  0.67521799  0.80622916  0.87441770  0.80622916  0.74379357  0.79331380  0.91856382  0.76813982  0.79331380  0.83275595  0.81937378  0.79331380  0.75586664  0.76813982  0.73191418  0.74379357  0.83275595  0.87441770  0.80622916  0.79331380  
30_1_0     0.14486890  0.13427763  0.23553897  0.00000000  0.20599419  0.18317878  0.18317878  0.15022188  0.17202938  0.45901924  0.40404652  0.39651611  0.41934105  0.38168120  0.35997160  0.33198139  0.47550559  0.52728836  0.53628213  0.50094443  0.48388848  0.48388848  0.45091170  0.79331380  0.80622916  0.72022235  0.68621527  0.57339104  0.53628213  0.60249643  0.58296629  0.52728836  0.50094443  0.55460416  0.57339104  0.52728836  0.54538648  0.55460416  0.68621527  0.52728836  0.55460416  0.56393802  0.62255564  0.59266697  0.78061984  0.73191418  0.73191418  0.75586664  0.74379357  0.70871226  0.86026841  0.88884262  0.88884262  0.87441770  0.81937378  0.81937378  0.80622916  0.87441770  0.69737834  0.68621527  0.67521799  0.58296629  0.57339104  0.64317338  0.67521799  0.86026841  0.84638442  0.74379357  0.69737834  0.79331380  0.73191418  0.68621527  0.68621527  0.65370159  1.05104041  1.06939935  1.10754186  1.08822505  1.01563403  0.99854609  1.16871314  0.57339104  0.60249643  0.54538648  0.57339104  0.70871226  0.72022235  0.80622916  0.73191418  0.68621527  0.72022235  0.70871226  0.72022235  0.72022235  0.70871226  0.75586664  0.72022235  0.70871226  0.69737834  0.72022235  0.69737834  0.69737834  0.66438165  0.67521799  
69_1_0     0.16651700  0.20599419  0.35287424  0.20599419  0.00000000  0.15022188  0.17202938  0.21767103  0.17202938  0.51840251  0.48388848  0.45901924  0.43495814  0.41165430  0.35997160  0.33888038  0.48388848  0.55460416  0.54538648  0.55460416  0.50094443  0.47550559  0.38906150  0.79331380  0.80622916  0.74379357  0.78061984  0.51840251  0.61245811  0.55460416  0.57339104  0.55460416  0.51840251  0.59266697  0.57339104  0.57339104  0.53628213  0.52728836  0.63279275  0.50094443  0.55460416  0.56393802  0.53628213  0.60249643  0.84638442  0.79331380  0.86026841  0.75586664  0.75586664  0.70871226  0.96550951  0.94952797  1.10754186  1.05104041  0.90355412  0.87441770  0.88884262  0.86026841  0.75586664  0.76813982  0.70871226  0.62255564  0.67521799  0.66438165  0.69737834  0.87441770  0.81937378  0.79331380  0.73191418  0.86026841  0.80622916  0.68621527  0.67521799  0.69737834  0.93388407  0.94952797  0.96550951  0.91856382  0.96550951  0.91856382  1.01563403  0.61245811  0.62255564  0.63279275  0.62255564  0.66438165  0.72022235  0.79331380  0.68621527  0.59266697  0.70871226  0.60249643  0.62255564  0.63279275  0.64317338  0.64317338  0.64317338  0.63279275  0.60249643  0.67521799  0.68621527  0.70871226  0.66438165  0.72022235  
99_1_0     0.17758309  0.20022410  0.35997160  0.18317878  0.15022188  0.00000000  0.02226110  0.22357924  0.17758309  0.46721654  0.43495814  0.42710842  0.43495814  0.38168120  0.35997160  0.38168120  0.50962203  0.57339104  0.52728836  0.58296629  0.50962203  0.52728836  0.48388848  0.73191418  0.72022235  0.63279275  0.66438165  0.52728836  0.61245811  0.58296629  0.59266697  0.64317338  0.60249643  0.63279275  0.61245811  0.64317338  0.61245811  0.61245811  0.72022235  0.58296629  0.56393802  0.59266697  0.55460416  0.58296629  0.83275595  0.78061984  0.84638442  0.79331380  0.72022235  0.70871226  0.91856382  0.90355412  1.01563403  0.99854609  0.86026841  0.83275595  0.81937378  0.87441770  0.66438165  0.67521799  0.64317338  0.65370159  0.62255564  0.62255564  0.70871226  0.84638442  0.88884262  0.78061984  0.72022235  0.88884262  0.86026841  0.72022235  0.70871226  0.73191418  0.94952797  0.94952797  0.94952797  0.93388407  1.05104041  0.96550951  0.99854609  0.62255564  0.59266697  0.60249643  0.61245811  0.64317338  0.69737834  0.70871226  0.64317338  0.60249643  0.65370159  0.63279275  0.64317338  0.62255564  0.63279275  0.59266697  0.55460416  0.54538648  0.55460416  0.72022235  0.66438165  0.60249643  0.62255564  0.61245811  
64_1_0     0.18881707  0.20599419  0.34584426  0.18317878  0.17202938  0.02226110  0.00000000  0.23553897  0.20022410  0.48388848  0.44289196  0.43495814  0.44289196  0.38906150  0.38168120  0.40404652  0.50962203  0.58296629  0.56393802  0.58296629  0.53628213  0.52728836  0.49236735  0.72022235  0.70871226  0.64317338  0.67521799  0.56393802  0.63279275  0.59266697  0.59266697  0.63279275  0.60249643  0.63279275  0.63279275  0.64317338  0.63279275  0.61245811  0.75586664  0.60249643  0.56393802  0.59266697  0.59266697  0.62255564  0.83275595  0.78061984  0.81937378  0.76813982  0.69737834  0.69737834  0.88884262  0.90355412  0.98184358  0.96550951  0.86026841  0.83275595  0.79331380  0.84638442  0.69737834  0.70871226  0.67521799  0.66438165  0.63279275  0.64317338  0.73191418  0.83275595  0.90355412  0.81937378  0.73191418  0.91856382  0.87441770  0.73191418  0.72022235  0.74379357  0.93388407  0.96550951  0.93388407  0.91856382  1.06939935  0.91856382  0.98184358  0.62255564  0.59266697  0.60249643  0.61245811  0.66438165  0.69737834  0.72022235  0.64317338  0.60249643  0.62255564  0.67521799  0.68621527  0.66438165  0.67521799  0.60249643  0.59266697  0.58296629  0.59266697  0.72022235  0.68621527  0.61245811  0.61245811  0.60249643  
84_1_0     0.16104536  0.19449862  0.26631167  0.15022188  0.21767103  0.22357924  0.23553897  0.00000000  0.13427763  0.48388848  0.43495814  0.42710842  0.41934105  0.42710842  0.36713765  0.34584426  0.48388848  0.54538648  0.51840251  0.50962203  0.49236735  0.50094443  0.38168120  0.73191418  0.72022235  0.60249643  0.67521799  0.56393802  0.58296629  0.57339104  0.54538648  0.58296629  0.57339104  0.61245811  0.63279275  0.56393802  0.56393802  0.62255564  0.72022235  0.55460416  0.56393802  0.57339104  0.56393802  0.57339104  0.78061984  0.75586664  0.74379357  0.75586664  0.75586664  0.75586664  0.93388407  0.91856382  0.91856382  0.93388407  0.87441770  0.81937378  0.81937378  0.88884262  0.75586664  0.75586664  0.70871226  0.60249643  0.63279275  0.66438165  0.66438165  0.98184358  0.84638442  0.70871226  0.76813982  0.81937378  0.74379357  0.58296629  0.58296629  0.57339104  1.03312563  1.05104041  1.10754186  1.12737608  0.99854609  1.03312563  1.10754186  0.63279275  0.67521799  0.58296629  0.62255564  0.64317338  0.68621527  0.76813982  0.67521799  0.62255564  0.70871226  0.62255564  0.65370159  0.62255564  0.63279275  0.67521799  0.68621527  0.68621527  0.63279275  0.69737834  0.64317338  0.66438165  0.62255564  0.62255564  
57_1_0     0.13955433  0.18317878  0.30501073  0.17202938  0.17202938  0.17758309  0.20022410  0.13427763  0.00000000  0.49236735  0.50962203  0.48388848  0.45901924  0.45091170  0.39651611  0.39651611  0.49236735  0.51840251  0.51840251  0.55460416  0.48388848  0.49236735  0.45091170  0.67521799  0.66438165  0.57339104  0.64317338  0.53628213  0.59266697  0.54538648  0.54538648  0.57339104  0.54538648  0.60249643  0.60249643  0.59266697  0.55460416  0.59266697  0.68621527  0.50962203  0.59266697  0.60249643  0.53628213  0.56393802  0.76813982  0.74379357  0.76813982  0.74379357  0.78061984  0.76813982  0.91856382  0.88884262  0.96550951  0.91856382  0.83275595  0.75586664  0.80622916  0.83275595  0.75586664  0.76813982  0.70871226  0.67521799  0.73191418  0.67521799  0.75586664  0.87441770  0.80622916  0.73191418  0.72022235  0.88884262  0.80622916  0.65370159  0.65370159  0.64317338  1.05104041  1.03312563  1.01563403  1.01563403  0.99854609  0.99854609  1.06939935  0.63279275  0.64317338  0.58296629  0.61245811  0.62255564  0.68621527  0.79331380  0.67521799  0.66438165  0.76813982  0.67521799  0.69737834  0.67521799  0.68621527  0.65370159  0.66438165  0.65370159  0.60249643  0.72022235  0.65370159  0.65370159  0.68621527  0.69737834  
25_1_0     0.50094443  0.45901924  0.54538648  0.45901924  0.51840251  0.46721654  0.48388848  0.48388848  0.49236735  0.00000000  0.53628213  0.56393802  0.53628213  0.54538648  0.50094443  0.45091170  0.64317338  0.57339104  0.49236735  0.56393802  0.48388848  0.54538648  0.55460416  0.79331380  0.80622916  0.78061984  0.78061984  0.59266697  0.68621527  0.65370159  0.62255564  0.73191418  0.72022235  0.78061984  0.78061984  0.73191418  0.75586664  0.74379357  0.83275595  0.81937378  0.65370159  0.63279275  0.69737834  0.62255564  0.70871226  0.68621527  0.73191418  0.75586664  0.68621527  0.65370159  0.90355412  0.88884262  0.90355412  0.91856382  0.84638442  0.88884262  0.86026841  0.84638442  0.69737834  0.72022235  0.72022235  0.68621527  0.65370159  0.74379357  0.75586664  0.79331380  0.84638442  0.72022235  0.84638442  0.88884262  0.88884262  0.73191418  0.73191418  0.72022235  0.93388407  0.94952797  0.91856382  0.91856382  0.91856382  0.91856382  0.91856382  0.74379357  0.72022235  0.65370159  0.66438165  0.81937378  0.83275595  0.86026841  0.79331380  0.73191418  0.73191418  0.74379357  0.75586664  0.70871226  0.70871226  0.69737834  0.69737834  0.66438165  0.69737834  0.76813982  0.69737834  0.72022235  0.79331380  0.83275595  
58_1_0     0.41165430  0.41934105  0.53628213  0.40404652  0.48388848  0.43495814  0.44289196  0.43495814  0.50962203  0.53628213  0.00000000  0.06889745  0.09336537  0.06409941  0.24159205  0.32514607  0.52728836  0.44289196  0.52728836  0.44289196  0.45091170  0.41165430  0.43495814  0.73191418  0.72022235  0.66438165  0.70871226  0.59266697  0.55460416  0.53628213  0.57339104  0.73191418  0.66438165  0.67521799  0.66438165  0.62255564  0.67521799  0.63279275  0.79331380  0.64317338  0.66438165  0.59266697  0.59266697  0.58296629  0.80622916  0.80622916  0.75586664  0.81937378  0.84638442  0.84638442  0.90355412  0.91856382  0.94952797  0.98184358  0.83275595  0.87441770  0.79331380  0.93388407  0.66438165  0.72022235  0.70871226  0.62255564  0.60249643  0.68621527  0.61245811  0.73191418  0.84638442  0.78061984  0.80622916  0.79331380  0.78061984  0.69737834  0.69737834  0.67521799  0.93388407  0.96550951  0.98184358  0.98184358  0.87441770  0.84638442  0.87441770  0.65370159  0.63279275  0.60249643  0.61245811  0.68621527  0.69737834  0.72022235  0.72022235  0.61245811  0.61245811  0.58296629  0.61245811  0.54538648  0.53628213  0.59266697  0.57339104  0.61245811  0.53628213  0.73191418  0.64317338  0.69737834  0.68621527  0.63279275  
40_1_0     0.41934105  0.39651611  0.50094443  0.39651611  0.45901924  0.42710842  0.43495814  0.42710842  0.48388848  0.56393802  0.06889745  0.00000000  0.03135636  0.04521220  0.21180960  0.29841881  0.46721654  0.47550559  0.52728836  0.41165430  0.45091170  0.40404652  0.42710842  0.74379357  0.73191418  0.67521799  0.72022235  0.62255564  0.60249643  0.56393802  0.61245811  0.72022235  0.67521799  0.63279275  0.62255564  0.66438165  0.67521799  0.62255564  0.78061984  0.61245811  0.67521799  0.60249643  0.57339104  0.60249643  0.83275595  0.83275595  0.78061984  0.81937378  0.81937378  0.84638442  0.91856382  0.93388407  0.96550951  0.94952797  0.84638442  0.88884262  0.78061984  0.94952797  0.68621527  0.69737834  0.73191418  0.58296629  0.56393802  0.69737834  0.65370159  0.72022235  0.90355412  0.80622916  0.79331380  0.79331380  0.80622916  0.73191418  0.73191418  0.70871226  0.90355412  0.93388407  0.98184358  0.98184358  0.93388407  0.87441770  0.90355412  0.67521799  0.65370159  0.62255564  0.65370159  0.64317338  0.67521799  0.67521799  0.69737834  0.58296629  0.62255564  0.54538648  0.61245811  0.55460416  0.55460416  0.60249643  0.58296629  0.62255564  0.58296629  0.73191418  0.63279275  0.69737834  0.68621527  0.62255564  
35_1_0     0.41165430  0.40404652  0.53628213  0.41934105  0.43495814  0.43495814  0.44289196  0.41934105  0.45901924  0.53628213  0.09336537  0.03135636  0.00000000  0.07858782  0.21767103  0.30501073  0.46721654  0.45091170  0.50094443  0.37437372  0.44289196  0.41165430  0.38906150  0.70871226  0.69737834  0.64317338  0.70871226  0.60249643  0.58296629  0.54538648  0.57339104  0.70871226  0.62255564  0.62255564  0.61245811  0.65370159  0.64317338  0.61245811  0.76813982  0.60249643  0.63279275  0.56393802  0.55460416  0.58296629  0.84638442  0.81937378  0.79331380  0.80622916  0.80622916  0.86026841  0.91856382  0.93388407  0.93388407  0.93388407  0.84638442  0.86026841  0.78061984  0.88884262  0.66438165  0.69737834  0.68621527  0.56393802  0.54538648  0.67521799  0.65370159  0.74379357  0.88884262  0.81937378  0.80622916  0.81937378  0.80622916  0.69737834  0.72022235  0.69737834  0.91856382  0.94952797  0.99854609  0.99854609  0.98184358  0.88884262  0.91856382  0.67521799  0.65370159  0.60249643  0.65370159  0.59266697  0.68621527  0.67521799  0.66438165  0.59266697  0.61245811  0.51840251  0.56393802  0.52728836  0.52728836  0.61245811  0.59266697  0.63279275  0.57339104  0.73191418  0.65370159  0.72022235  0.65370159  0.62255564  
51_1_0     0.41934105  0.41165430  0.51840251  0.38168120  0.41165430  0.38168120  0.38906150  0.42710842  0.45091170  0.54538648  0.06409941  0.04521220  0.07858782  0.00000000  0.22953496  0.31166186  0.47550559  0.46721654  0.50094443  0.41934105  0.41165430  0.38168120  0.39651611  0.70871226  0.69737834  0.64317338  0.66438165  0.57339104  0.59266697  0.51840251  0.56393802  0.68621527  0.63279275  0.62255564  0.61245811  0.63279275  0.66438165  0.57339104  0.76813982  0.56393802  0.64317338  0.57339104  0.57339104  0.58296629  0.80622916  0.80622916  0.75586664  0.78061984  0.79331380  0.79331380  0.88884262  0.87441770  0.96550951  0.98184358  0.81937378  0.86026841  0.78061984  0.86026841  0.72022235  0.73191418  0.76813982  0.59266697  0.55460416  0.62255564  0.65370159  0.74379357  0.81937378  0.78061984  0.79331380  0.80622916  0.81937378  0.75586664  0.75586664  0.70871226  0.90355412  0.93388407  0.94952797  0.91856382  0.84638442  0.79331380  0.84638442  0.64317338  0.62255564  0.63279275  0.64317338  0.63279275  0.66438165  0.69737834  0.66438165  0.54538648  0.57339104  0.52728836  0.57339104  0.50094443  0.48388848  0.52728836  0.52728836  0.56393802  0.52728836  0.69737834  0.61245811  0.65370159  0.66438165  0.59266697  
60_1_0     0.33888038  0.37437372  0.46721654  0.35997160  0.35997160  0.35997160  0.38168120  0.36713765  0.39651611  0.50094443  0.24159205  0.21180960  0.21767103  0.22953496  0.00000000  0.16104536  0.38906150  0.44289196  0.43495814  0.33888038  0.34584426  0.34584426  0.34584426  0.76813982  0.78061984  0.70871226  0.76813982  0.50962203  0.50094443  0.59266697  0.55460416  0.61245811  0.58296629  0.54538648  0.55460416  0.57339104  0.53628213  0.50962203  0.67521799  0.55460416  0.50962203  0.48388848  0.47550559  0.49236735  0.72022235  0.69737834  0.70871226  0.78061984  0.74379357  0.76813982  1.03312563  0.98184358  1.12737608  1.08822505  0.93388407  0.91856382  0.91856382  0.94952797  0.65370159  0.64317338  0.69737834  0.59266697  0.58296629  0.66438165  0.63279275  0.81937378  0.90355412  0.76813982  0.81937378  0.78061984  0.75586664  0.65370159  0.67521799  0.61245811  1.03312563  0.93388407  1.03312563  0.96550951  0.96550951  0.91856382  0.96550951  0.66438165  0.63279275  0.61245811  0.62255564  0.63279275  0.62255564  0.69737834  0.69737834  0.59266697  0.63279275  0.59266697  0.64317338  0.59266697  0.59266697  0.58296629  0.58296629  0.55460416  0.54538648  0.68621527  0.61245811  0.74379357  0.64317338  0.61245811  
91_1_0     0.35997160  0.34584426  0.44289196  0.33198139  0.33888038  0.38168120  0.40404652  0.34584426  0.39651611  0.45091170  0.32514607  0.29841881  0.30501073  0.31166186  0.16104536  0.00000000  0.44289196  0.48388848  0.41934105  0.39651611  0.40404652  0.43495814  0.38906150  0.75586664  0.74379357  0.69737834  0.70871226  0.46721654  0.52728836  0.52728836  0.53628213  0.56393802  0.64317338  0.60249643  0.59266697  0.57339104  0.61245811  0.58296629  0.68621527  0.54538648  0.50962203  0.48388848  0.53628213  0.57339104  0.74379357  0.72022235  0.73191418  0.76813982  0.80622916  0.83275595  1.05104041  1.06939935  1.14775621  1.10754186  1.05104041  0.98184358  0.96550951  0.98184358  0.65370159  0.64317338  0.67521799  0.64317338  0.65370159  0.68621527  0.69737834  0.84638442  0.91856382  0.80622916  0.83275595  0.76813982  0.74379357  0.80622916  0.80622916  0.78061984  0.88884262  0.84638442  0.90355412  0.86026841  0.93388407  0.87441770  0.94952797  0.66438165  0.67521799  0.59266697  0.60249643  0.63279275  0.68621527  0.69737834  0.69737834  0.55460416  0.61245811  0.63279275  0.68621527  0.66438165  0.64317338  0.62255564  0.61245811  0.57339104  0.57339104  0.57339104  0.60249643  0.74379357  0.62255564  0.70871226  
44_1_0     0.48388848  0.54538648  0.54538648  0.47550559  0.48388848  0.50962203  0.50962203  0.48388848  0.49236735  0.64317338  0.52728836  0.46721654  0.46721654  0.47550559  0.38906150  0.44289196  0.00000000  0.28540843  0.57339104  0.44289196  0.50094443  0.43495814  0.45091170  0.87441770  0.86026841  0.79331380  0.76813982  0.61245811  0.69737834  0.65370159  0.63279275  0.62255564  0.57339104  0.67521799  0.65370159  0.69737834  0.64317338  0.55460416  0.67521799  0.58296629  0.53628213  0.56393802  0.65370159  0.70871226  0.74379357  0.78061984  0.73191418  0.76813982  0.80622916  0.84638442  1.25902865  1.21249485  1.33481861  1.30868387  1.05104041  1.12737608  1.14775621  1.06939935  0.78061984  0.81937378  0.78061984  0.66438165  0.66438165  0.78061984  0.70871226  0.67521799  0.93388407  0.81937378  0.76813982  0.78061984  0.74379357  0.70871226  0.73191418  0.78061984  0.88884262  0.80622916  0.94952797  0.91856382  1.01563403  0.90355412  1.03312563  0.74379357  0.78061984  0.81937378  0.78061984  0.73191418  0.86026841  0.99854609  0.76813982  0.79331380  0.75586664  0.75586664  0.74379357  0.73191418  0.74379357  0.76813982  0.78061984  0.80622916  0.76813982  0.75586664  0.83275595  0.93388407  0.69737834  0.72022235  
65_1_0     0.56393802  0.56393802  0.63279275  0.52728836  0.55460416  0.57339104  0.58296629  0.54538648  0.51840251  0.57339104  0.44289196  0.47550559  0.45091170  0.46721654  0.44289196  0.48388848  0.28540843  0.00000000  0.41165430  0.43495814  0.34584426  0.33888038  0.48388848  0.84638442  0.86026841  0.76813982  0.79331380  0.69737834  0.65370159  0.68621527  0.67521799  0.64317338  0.62255564  0.75586664  0.73191418  0.78061984  0.69737834  0.67521799  0.73191418  0.65370159  0.78061984  0.74379357  0.65370159  0.64317338  0.81937378  0.87441770  0.80622916  0.73191418  0.91856382  0.96550951  1.12737608  1.08822505  1.12737608  1.12737608  0.94952797  1.06939935  1.08822505  1.01563403  0.70871226  0.74379357  0.68621527  0.74379357  0.69737834  0.67521799  0.66438165  0.83275595  0.94952797  0.84638442  0.86026841  0.99854609  0.90355412  0.80622916  0.83275595  0.87441770  1.03312563  0.93388407  0.96550951  0.99854609  0.87441770  0.91856382  1.01563403  0.73191418  0.72022235  0.65370159  0.64317338  0.81937378  0.90355412  0.99854609  0.84638442  0.81937378  0.84638442  0.75586664  0.76813982  0.75586664  0.72022235  0.73191418  0.76813982  0.76813982  0.70871226  0.84638442  0.75586664  0.75586664  0.83275595  0.84638442  
27_1_0     0.50962203  0.54538648  0.55460416  0.53628213  0.54538648  0.52728836  0.56393802  0.51840251  0.51840251  0.49236735  0.52728836  0.52728836  0.50094443  0.50094443  0.43495814  0.41934105  0.57339104  0.41165430  0.00000000  0.41165430  0.38906150  0.41165430  0.50094443  0.84638442  0.83275595  0.79331380  0.84638442  0.74379357  0.67521799  0.68621527  0.66438165  0.73191418  0.73191418  0.83275595  0.83275595  0.76813982  0.70871226  0.72022235  0.78061984  0.78061984  0.72022235  0.72022235  0.54538648  0.51840251  0.90355412  0.84638442  0.88884262  0.93388407  1.01563403  1.01563403  1.14775621  1.14775621  1.06939935  1.06939935  1.06939935  1.06939935  1.08822505  0.99854609  0.87441770  0.86026841  0.87441770  0.79331380  0.69737834  0.72022235  0.81937378  0.86026841  0.96550951  0.83275595  0.88884262  0.90355412  0.87441770  0.73191418  0.72022235  0.73191418  1.19028048  1.12737608  1.12737608  1.08822505  1.08822505  1.08822505  1.12737608  0.70871226  0.69737834  0.66438165  0.74379357  0.76813982  0.83275595  0.73191418  0.75586664  0.65370159  0.73191418  0.66438165  0.68621527  0.72022235  0.70871226  0.75586664  0.73191418  0.67521799  0.66438165  0.76813982  0.72022235  0.73191418  0.87441770  0.80622916  
68_1_0     0.51840251  0.50094443  0.57339104  0.50094443  0.55460416  0.58296629  0.58296629  0.50962203  0.55460416  0.56393802  0.44289196  0.41165430  0.37437372  0.41934105  0.33888038  0.39651611  0.44289196  0.43495814  0.41165430  0.00000000  0.26005397  0.25384872  0.47550559  0.81937378  0.83275595  0.75586664  0.80622916  0.72022235  0.76813982  0.73191418  0.64317338  0.86026841  0.83275595  0.76813982  0.74379357  0.90355412  0.93388407  0.75586664  0.81937378  0.80622916  0.63279275  0.62255564  0.66438165  0.69737834  0.90355412  0.84638442  0.86026841  0.81937378  0.87441770  0.88884262  1.16871314  1.19028048  1.08822505  1.08822505  1.03312563  1.01563403  0.96550951  1.01563403  0.81937378  0.80622916  0.84638442  0.80622916  0.78061984  0.81937378  0.74379357  0.96550951  1.01563403  1.03312563  0.93388407  0.96550951  0.98184358  0.78061984  0.80622916  0.78061984  1.01563403  0.98184358  1.08822505  1.08822505  1.21249485  0.94952797  1.06939935  0.79331380  0.79331380  0.79331380  0.78061984  0.66438165  0.73191418  0.76813982  0.76813982  0.63279275  0.67521799  0.63279275  0.68621527  0.69737834  0.66438165  0.64317338  0.66438165  0.64317338  0.64317338  0.70871226  0.74379357  0.90355412  0.74379357  0.76813982  
47_1_0     0.49236735  0.50962203  0.63279275  0.48388848  0.50094443  0.50962203  0.53628213  0.49236735  0.48388848  0.48388848  0.45091170  0.45091170  0.44289196  0.41165430  0.34584426  0.40404652  0.50094443  0.34584426  0.38906150  0.26005397  0.00000000  0.08840668  0.45091170  0.81937378  0.83275595  0.75586664  0.80622916  0.64317338  0.69737834  0.67521799  0.64317338  0.72022235  0.75586664  0.73191418  0.73191418  0.81937378  0.78061984  0.73191418  0.86026841  0.73191418  0.74379357  0.76813982  0.65370159  0.63279275  0.83275595  0.86026841  0.90355412  0.86026841  0.88884262  0.80622916  0.96550951  0.93388407  0.87441770  0.87441770  0.81937378  0.88884262  0.88884262  0.88884262  0.76813982  0.74379357  0.79331380  0.67521799  0.63279275  0.65370159  0.59266697  0.91856382  0.98184358  0.84638442  0.84638442  0.93388407  0.99854609  0.73191418  0.73191418  0.72022235  0.96550951  0.91856382  0.93388407  0.93388407  0.91856382  0.86026841  0.93388407  0.72022235  0.72022235  0.70871226  0.70871226  0.70871226  0.73191418  0.83275595  0.86026841  0.70871226  0.79331380  0.68621527  0.69737834  0.67521799  0.64317338  0.60249643  0.61245811  0.58296629  0.57339104  0.75586664  0.66438165  0.79331380  0.79331380  0.79331380  
71_1_0     0.50094443  0.55460416  0.61245811  0.48388848  0.47550559  0.52728836  0.52728836  0.50094443  0.49236735  0.54538648  0.41165430  0.40404652  0.41165430  0.38168120  0.34584426  0.43495814  0.43495814  0.33888038  0.41165430  0.25384872  0.08840668  0.00000000  0.49236735  0.76813982  0.78061984  0.70871226  0.75586664  0.61245811  0.69737834  0.62255564  0.57339104  0.73191418  0.73191418  0.69737834  0.68621527  0.75586664  0.76813982  0.69737834  0.86026841  0.75586664  0.70871226  0.72022235  0.63279275  0.65370159  0.84638442  0.84638442  0.91856382  0.84638442  0.90355412  0.84638442  1.05104041  1.01563403  0.98184358  0.98184358  0.91856382  0.96550951  0.91856382  0.96550951  0.80622916  0.80622916  0.86026841  0.66438165  0.62255564  0.66438165  0.57339104  0.88884262  0.96550951  0.91856382  0.81937378  0.88884262  0.91856382  0.69737834  0.67521799  0.67521799  0.99854609  0.91856382  0.98184358  0.96550951  0.93388407  0.90355412  1.01563403  0.69737834  0.72022235  0.68621527  0.70871226  0.67521799  0.67521799  0.80622916  0.79331380  0.62255564  0.73191418  0.67521799  0.66438165  0.66438165  0.63279275  0.62255564  0.62255564  0.61245811  0.62255564  0.74379357  0.61245811  0.79331380  0.76813982  0.78061984  
31_1_0     0.40404652  0.40404652  0.51840251  0.45091170  0.38906150  0.48388848  0.49236735  0.38168120  0.45091170  0.55460416  0.43495814  0.42710842  0.38906150  0.39651611  0.34584426  0.38906150  0.45091170  0.48388848  0.50094443  0.47550559  0.45091170  0.49236735  0.00000000  0.78061984  0.74379357  0.69737834  0.75586664  0.58296629  0.62255564  0.62255564  0.58296629  0.69737834  0.61245811  0.60249643  0.62255564  0.57339104  0.59266697  0.54538648  0.67521799  0.60249643  0.57339104  0.57339104  0.52728836  0.54538648  0.87441770  0.84638442  0.90355412  0.83275595  0.79331380  0.79331380  1.06939935  0.96550951  0.96550951  0.94952797  0.93388407  0.99854609  0.94952797  0.90355412  0.83275595  0.84638442  0.80622916  0.65370159  0.68621527  0.74379357  0.69737834  0.76813982  0.76813982  0.76813982  0.78061984  0.76813982  0.79331380  0.68621527  0.68621527  0.70871226  1.12737608  1.08822505  1.08822505  1.08822505  1.01563403  0.99854609  0.98184358  0.58296629  0.61245811  0.64317338  0.61245811  0.68621527  0.83275595  0.86026841  0.80622916  0.76813982  0.73191418  0.56393802  0.61245811  0.60249643  0.58296629  0.64317338  0.64317338  0.66438165  0.65370159  0.78061984  0.81937378  0.84638442  0.72022235  0.70871226  
64_0_0     0.69737834  0.68621527  0.76813982  0.79331380  0.79331380  0.73191418  0.72022235  0.73191418  0.67521799  0.79331380  0.73191418  0.74379357  0.70871226  0.70871226  0.76813982  0.75586664  0.87441770  0.84638442  0.84638442  0.81937378  0.81937378  0.76813982  0.78061984  0.00000000  0.01327620  0.10844383  0.15561384  0.41165430  0.51840251  0.44289196  0.35287424  0.68621527  0.67521799  0.65370159  0.62255564  0.58296629  0.61245811  0.66438165  0.83275595  0.73191418  0.48388848  0.47550559  0.64317338  0.69737834  0.94952797  0.93388407  0.98184358  0.94952797  0.87441770  0.91856382  1.03312563  1.06939935  0.93388407  0.94952797  1.03312563  0.94952797  0.88884262  0.94952797  0.86026841  0.90355412  0.84638442  0.73191418  0.75586664  0.73191418  0.70871226  0.79331380  0.87441770  0.79331380  0.80622916  0.93388407  0.88884262  0.73191418  0.73191418  0.75586664  1.05104041  1.03312563  0.94952797  0.91856382  1.10754186  1.01563403  1.10754186  0.83275595  0.78061984  0.79331380  0.78061984  0.86026841  0.93388407  0.66438165  0.67521799  0.68621527  0.67521799  0.76813982  0.79331380  0.70871226  0.68621527  0.68621527  0.78061984  0.76813982  0.65370159  0.79331380  0.69737834  0.84638442  0.76813982  0.69737834  
99_0_0     0.68621527  0.69737834  0.75586664  0.80622916  0.80622916  0.72022235  0.70871226  0.72022235  0.66438165  0.80622916  0.72022235  0.73191418  0.69737834  0.69737834  0.78061984  0.74379357  0.86026841  0.86026841  0.83275595  0.83275595  0.83275595  0.78061984  0.74379357  0.01327620  0.00000000  0.09336537  0.13955433  0.41934105  0.52728836  0.45091170  0.35997160  0.72022235  0.68621527  0.66438165  0.63279275  0.61245811  0.64317338  0.67521799  0.84638442  0.72022235  0.49236735  0.48388848  0.64317338  0.69737834  0.90355412  0.88884262  0.93388407  0.90355412  0.83275595  0.87441770  1.01563403  1.05104041  0.91856382  0.93388407  1.01563403  0.94952797  0.87441770  0.93388407  0.84638442  0.88884262  0.83275595  0.74379357  0.76813982  0.74379357  0.72022235  0.81937378  0.90355412  0.80622916  0.83275595  0.93388407  0.91856382  0.73191418  0.73191418  0.75586664  1.08822505  1.06939935  0.94952797  0.91856382  1.14775621  1.05104041  1.10754186  0.79331380  0.76813982  0.75586664  0.74379357  0.86026841  0.93388407  0.65370159  0.65370159  0.70871226  0.69737834  0.74379357  0.76813982  0.70871226  0.68621527  0.68621527  0.78061984  0.76813982  0.65370159  0.79331380  0.69737834  0.84638442  0.76813982  0.67521799  
69_0_0     0.66438165  0.63279275  0.74379357  0.72022235  0.74379357  0.63279275  0.64317338  0.60249643  0.57339104  0.78061984  0.66438165  0.67521799  0.64317338  0.64317338  0.70871226  0.69737834  0.79331380  0.76813982  0.79331380  0.75586664  0.75586664  0.70871226  0.69737834  0.10844383  0.09336537  0.00000000  0.07858782  0.40404652  0.52728836  0.43495814  0.33888038  0.66438165  0.67521799  0.66438165  0.63279275  0.66438165  0.68621527  0.67521799  0.80622916  0.68621527  0.45901924  0.45091170  0.65370159  0.68621527  0.84638442  0.83275595  0.93388407  0.88884262  0.79331380  0.86026841  1.03312563  1.01563403  0.96550951  0.98184358  1.01563403  0.98184358  0.93388407  0.96550951  0.88884262  0.88884262  0.87441770  0.70871226  0.73191418  0.69737834  0.67521799  0.86026841  0.88884262  0.80622916  0.83275595  0.90355412  0.90355412  0.76813982  0.76813982  0.79331380  1.08822505  1.10754186  1.05104041  1.01563403  1.06939935  1.12737608  1.14775621  0.72022235  0.72022235  0.67521799  0.68621527  0.84638442  0.88884262  0.69737834  0.64317338  0.67521799  0.69737834  0.72022235  0.73191418  0.68621527  0.66438165  0.69737834  0.80622916  0.81937378  0.69737834  0.76813982  0.64317338  0.76813982  0.84638442  0.70871226  
69_3_0     0.67521799  0.66438165  0.74379357  0.68621527  0.78061984  0.66438165  0.67521799  0.67521799  0.64317338  0.78061984  0.70871226  0.72022235  0.70871226  0.66438165  0.76813982  0.70871226  0.76813982  0.79331380  0.84638442  0.80622916  0.80622916  0.75586664  0.75586664  0.15561384  0.13955433  0.07858782  0.00000000  0.39651611  0.55460416  0.44289196  0.35997160  0.64317338  0.65370159  0.67521799  0.63279275  0.63279275  0.67521799  0.63279275  0.80622916  0.64317338  0.44289196  0.44289196  0.68621527  0.73191418  0.84638442  0.80622916  0.87441770  0.83275595  0.72022235  0.80622916  1.01563403  0.99854609  0.98184358  0.99854609  1.01563403  1.08822505  0.93388407  0.98184358  0.83275595  0.83275595  0.81937378  0.66438165  0.66438165  0.67521799  0.69737834  0.84638442  0.83275595  0.80622916  0.83275595  0.87441770  0.87441770  0.79331380  0.79331380  0.81937378  1.05104041  1.06939935  1.05104041  1.01563403  1.12737608  1.08822505  1.19028048  0.69737834  0.72022235  0.70871226  0.72022235  0.88884262  0.90355412  0.66438165  0.62255564  0.70871226  0.70871226  0.73191418  0.72022235  0.72022235  0.69737834  0.73191418  0.83275595  0.83275595  0.75586664  0.78061984  0.69737834  0.86026841  0.79331380  0.72022235  
85_0_0     0.51840251  0.50094443  0.67521799  0.57339104  0.51840251  0.52728836  0.56393802  0.56393802  0.53628213  0.59266697  0.59266697  0.62255564  0.60249643  0.57339104  0.50962203  0.46721654  0.61245811  0.69737834  0.74379357  0.72022235  0.64317338  0.61245811  0.58296629  0.41165430  0.41934105  0.40404652  0.39651611  0.00000000  0.22357924  0.22953496  0.15561384  0.42710842  0.38906150  0.45091170  0.41934105  0.37437372  0.41934105  0.41934105  0.53628213  0.44289196  0.24769503  0.26005397  0.58296629  0.64317338  0.69737834  0.69737834  0.72022235  0.75586664  0.73191418  0.68621527  0.98184358  0.93388407  1.03312563  1.06939935  0.94952797  0.88884262  0.93388407  0.90355412  0.79331380  0.79331380  0.74379357  0.68621527  0.67521799  0.64317338  0.74379357  0.83275595  0.80622916  0.74379357  0.79331380  0.72022235  0.76813982  0.75586664  0.75586664  0.73191418  1.06939935  1.03312563  1.01563403  0.98184358  1.03312563  0.93388407  0.94952797  0.67521799  0.67521799  0.65370159  0.65370159  0.72022235  0.68621527  0.75586664  0.56393802  0.59266697  0.57339104  0.60249643  0.58296629  0.61245811  0.62255564  0.60249643  0.62255564  0.61245811  0.62255564  0.65370159  0.65370159  0.69737834  0.63279275  0.68621527  
72_0_0     0.55460416  0.50094443  0.69737834  0.53628213  0.61245811  0.61245811  0.63279275  0.58296629  0.59266697  0.68621527  0.55460416  0.60249643  0.58296629  0.59266697  0.50094443  0.52728836  0.69737834  0.65370159  0.67521799  0.76813982  0.69737834  0.69737834  0.62255564  0.51840251  0.52728836  0.52728836  0.55460416  0.22357924  0.00000000  0.24769503  0.17758309  0.46721654  0.40404652  0.44289196  0.42710842  0.39651611  0.41165430  0.45091170  0.46721654  0.45091170  0.32514607  0.30501073  0.65370159  0.58296629  0.75586664  0.75586664  0.70871226  0.76813982  0.78061984  0.72022235  0.93388407  0.88884262  0.91856382  0.91856382  0.84638442  0.87441770  0.91856382  0.86026841  0.81937378  0.84638442  0.79331380  0.73191418  0.67521799  0.73191418  0.79331380  0.91856382  0.96550951  0.76813982  0.93388407  0.81937378  0.80622916  0.72022235  0.74379357  0.69737834  1.19028048  1.16871314  1.19028048  1.14775621  1.01563403  1.05104041  1.08822505  0.73191418  0.70871226  0.63279275  0.65370159  0.80622916  0.70871226  0.70871226  0.66438165  0.65370159  0.67521799  0.66438165  0.66438165  0.67521799  0.68621527  0.65370159  0.65370159  0.64317338  0.64317338  0.72022235  0.64317338  0.68621527  0.70871226  0.68621527  
46_0_0     0.53628213  0.48388848  0.62255564  0.60249643  0.55460416  0.58296629  0.59266697  0.57339104  0.54538648  0.65370159  0.53628213  0.56393802  0.54538648  0.51840251  0.59266697  0.52728836  0.65370159  0.68621527  0.68621527  0.73191418  0.67521799  0.62255564  0.62255564  0.44289196  0.45091170  0.43495814  0.44289196  0.22953496  0.24769503  0.00000000  0.18881707  0.45091170  0.39651611  0.42710842  0.39651611  0.41934105  0.45091170  0.42710842  0.48388848  0.45901924  0.37437372  0.34584426  0.63279275  0.66438165  0.78061984  0.78061984  0.78061984  0.76813982  0.70871226  0.73191418  0.93388407  0.91856382  0.88884262  0.91856382  0.80622916  0.81937378  0.86026841  0.80622916  0.76813982  0.79331380  0.76813982  0.72022235  0.72022235  0.69737834  0.69737834  0.86026841  0.93388407  0.76813982  0.83275595  0.81937378  0.74379357  0.66438165  0.66438165  0.64317338  0.99854609  0.99854609  0.94952797  0.94952797  0.81937378  0.98184358  1.03312563  0.68621527  0.68621527  0.63279275  0.63279275  0.68621527  0.69737834  0.68621527  0.57339104  0.54538648  0.54538648  0.60249643  0.58296629  0.59266697  0.58296629  0.64317338  0.67521799  0.66438165  0.65370159  0.72022235  0.68621527  0.73191418  0.67521799  0.72022235  
30_0_0     0.56393802  0.51840251  0.62255564  0.58296629  0.57339104  0.59266697  0.59266697  0.54538648  0.54538648  0.62255564  0.57339104  0.61245811  0.57339104  0.56393802  0.55460416  0.53628213  0.63279275  0.67521799  0.66438165  0.64317338  0.64317338  0.57339104  0.58296629  0.35287424  0.35997160  0.33888038  0.35997160  0.15561384  0.17758309  0.18881707  0.00000000  0.38906150  0.38168120  0.38168120  0.36713765  0.37437372  0.38906150  0.35997160  0.53628213  0.43495814  0.21180960  0.21180960  0.60249643  0.62255564  0.67521799  0.67521799  0.72022235  0.75586664  0.66438165  0.68621527  0.98184358  0.94952797  0.90355412  0.93388407  0.88884262  0.86026841  0.86026841  0.81937378  0.86026841  0.86026841  0.83275595  0.66438165  0.63279275  0.62255564  0.65370159  0.81937378  0.79331380  0.70871226  0.78061984  0.80622916  0.78061984  0.63279275  0.63279275  0.63279275  1.03312563  1.01563403  1.03312563  0.99854609  0.99854609  0.96550951  1.01563403  0.61245811  0.63279275  0.58296629  0.58296629  0.69737834  0.67521799  0.66438165  0.54538648  0.57339104  0.59266697  0.63279275  0.63279275  0.62255564  0.61245811  0.62255564  0.66438165  0.65370159  0.65370159  0.67521799  0.61245811  0.67521799  0.64317338  0.61245811  
