20
7_0_0      0.00000000  0.02406402  0.08797326  0.26922764  0.25226520  0.21948752  0.26922764  0.18812927  0.20363869  0.26922764  0.26922764  0.58732760  0.47644242  0.47644242  0.47644242  0.51155109  0.48795724  0.56117788  0.49965809  0.47644242  
11_0_0     0.02406402  0.00000000  0.11520434  0.27786021  0.24393066  0.21948752  0.28659691  0.19584246  0.20363869  0.25226520  0.25226520  0.60076526  0.47644242  0.47644242  0.47644242  0.52364265  0.49965809  0.56117788  0.51155109  0.48795724  
10_0_0     0.08797326  0.11520434  0.00000000  0.20363869  0.23569095  0.21948752  0.24393066  0.18812927  0.21948752  0.33193486  0.33193486  0.65715714  0.49965809  0.49965809  0.49965809  0.51155109  0.48795724  0.65715714  0.52364265  0.48795724  
3_0_0      0.26922764  0.27786021  0.20363869  0.00000000  0.05531394  0.08797326  0.25226520  0.23569095  0.19584246  0.31345773  0.31345773  0.64264222  0.56117788  0.56117788  0.56117788  0.53593951  0.53593951  0.61445696  0.47644242  0.44295727  
4_0_0      0.25226520  0.24393066  0.23569095  0.05531394  0.00000000  0.09468565  0.26069676  0.26069676  0.23569095  0.27786021  0.27786021  0.65715714  0.56117788  0.56117788  0.56117788  0.56117788  0.56117788  0.61445696  0.47644242  0.45394786  
5_0_0      0.21948752  0.21948752  0.21948752  0.08797326  0.09468565  0.00000000  0.26922764  0.24393066  0.20363869  0.29544028  0.29544028  0.61445696  0.54844876  0.54844876  0.54844876  0.57413473  0.54844876  0.70253342  0.49965809  0.46510781  
6_0_0      0.26922764  0.28659691  0.24393066  0.25226520  0.26069676  0.26922764  0.00000000  0.21948752  0.21151976  0.39037499  0.39037499  0.61445696  0.54844876  0.54844876  0.54844876  0.58732760  0.56117788  0.68708995  0.45394786  0.43213097  
9_0_0      0.18812927  0.19584246  0.18812927  0.23569095  0.26069676  0.24393066  0.21948752  0.00000000  0.08797326  0.28659691  0.28659691  0.54844876  0.52364265  0.52364265  0.52364265  0.54844876  0.52364265  0.60076526  0.48795724  0.48795724  
1_0_0      0.20363869  0.20363869  0.21948752  0.19584246  0.23569095  0.20363869  0.21151976  0.08797326  0.00000000  0.29544028  0.29544028  0.56117788  0.53593951  0.53593951  0.53593951  0.52364265  0.49965809  0.54844876  0.45394786  0.43213097  
2_0_0      0.26922764  0.25226520  0.33193486  0.31345773  0.27786021  0.29544028  0.39037499  0.28659691  0.29544028  0.00000000  0.00000000  0.58732760  0.52364265  0.52364265  0.52364265  0.57413473  0.57413473  0.61445696  0.56117788  0.58732760  
8_0_0      0.26922764  0.25226520  0.33193486  0.31345773  0.27786021  0.29544028  0.39037499  0.28659691  0.29544028  0.00000000  0.00000000  0.58732760  0.52364265  0.52364265  0.52364265  0.57413473  0.57413473  0.61445696  0.56117788  0.58732760  
13_0_0     0.58732760  0.60076526  0.65715714  0.64264222  0.65715714  0.61445696  0.61445696  0.54844876  0.56117788  0.58732760  0.58732760  0.00000000  0.20363869  0.20363869  0.20363869  0.24393066  0.24393066  0.36056564  0.42146412  0.43213097  
19_0_0     0.47644242  0.47644242  0.49965809  0.56117788  0.56117788  0.54844876  0.54844876  0.52364265  0.53593951  0.52364265  0.52364265  0.20363869  0.00000000  0.00000000  0.00000000  0.15074934  0.15074934  0.29544028  0.32263737  0.28659691  
12_0_0     0.47644242  0.47644242  0.49965809  0.56117788  0.56117788  0.54844876  0.54844876  0.52364265  0.53593951  0.52364265  0.52364265  0.20363869  0.00000000  0.00000000  0.00000000  0.15074934  0.15074934  0.29544028  0.32263737  0.28659691  
20_0_0     0.47644242  0.47644242  0.49965809  0.56117788  0.56117788  0.54844876  0.54844876  0.52364265  0.53593951  0.52364265  0.52364265  0.20363869  0.00000000  0.00000000  0.00000000  0.15074934  0.15074934  0.29544028  0.32263737  0.28659691  
18_0_0     0.51155109  0.52364265  0.51155109  0.53593951  0.56117788  0.57413473  0.58732760  0.54844876  0.52364265  0.57413473  0.57413473  0.24393066  0.15074934  0.15074934  0.15074934  0.00000000  0.01193207  0.29544028  0.37036640  0.29544028  
14_0_0     0.48795724  0.49965809  0.48795724  0.53593951  0.56117788  0.54844876  0.56117788  0.52364265  0.49965809  0.57413473  0.57413473  0.24393066  0.15074934  0.15074934  0.15074934  0.01193207  0.00000000  0.29544028  0.37036640  0.29544028  
15_0_0     0.56117788  0.56117788  0.65715714  0.61445696  0.61445696  0.70253342  0.68708995  0.60076526  0.54844876  0.61445696  0.61445696  0.36056564  0.29544028  0.29544028  0.29544028  0.29544028  0.29544028  0.00000000  0.41095210  0.34135325  
17_0_0     0.49965809  0.51155109  0.52364265  0.47644242  0.47644242  0.49965809  0.45394786  0.48795724  0.45394786  0.56117788  0.56117788  0.42146412  0.32263737  0.32263737  0.32263737  0.37036640  0.37036640  0.41095210  0.00000000  0.08797326  
16_0_0     0.47644242  0.48795724  0.48795724  0.44295727  0.45394786  0.46510781  0.43213097  0.48795724  0.43213097  0.58732760  0.58732760  0.43213097  0.28659691  0.28659691  0.28659691  0.29544028  0.29544028  0.34135325  0.08797326  0.00000000  

