20
3_0_0      0.00000000  0.01301808  0.01961480  0.38034636  0.41359811  0.43663414  0.44842929  0.44842929  0.42502569  0.59249044  0.59249044  0.62201934  0.53677641  0.56410453  0.59249044  0.40234586  0.44842929  0.32807221  0.51043009  0.40234586  
2_0_0      0.01301808  0.00000000  0.00648016  0.38034636  0.41359811  0.43663414  0.44842929  0.44842929  0.42502569  0.59249044  0.59249044  0.62201934  0.53677641  0.56410453  0.59249044  0.38034636  0.44842929  0.32807221  0.48499744  0.38034636  
1_0_0      0.01961480  0.00648016  0.00000000  0.39126363  0.40234586  0.42502569  0.43663414  0.43663414  0.43663414  0.57816016  0.57816016  0.60710629  0.55031320  0.55031320  0.57816016  0.36958922  0.43663414  0.33823322  0.47260437  0.39126363  
11_0_0     0.38034636  0.38034636  0.39126363  0.00000000  0.09638761  0.21599714  0.19046377  0.19046377  0.17392237  0.42502569  0.42502569  0.35898757  0.28877995  0.30816298  0.29840744  0.42502569  0.35898757  0.40234586  0.52348496  0.44842929  
17_0_0     0.41359811  0.41359811  0.40234586  0.09638761  0.00000000  0.21599714  0.19046377  0.19046377  0.20738687  0.36958922  0.36958922  0.34853699  0.31805004  0.30816298  0.28877995  0.38034636  0.35898757  0.38034636  0.52348496  0.36958922  
5_0_0      0.43663414  0.43663414  0.42502569  0.21599714  0.21599714  0.00000000  0.01961480  0.01961480  0.03298897  0.36958922  0.36958922  0.35898757  0.32807221  0.33823322  0.31805004  0.35898757  0.36958922  0.38034636  0.55031320  0.41359811  
12_0_0     0.44842929  0.44842929  0.43663414  0.19046377  0.19046377  0.01961480  0.00000000  0.00000000  0.01301808  0.38034636  0.38034636  0.36958922  0.33823322  0.32807221  0.32807221  0.36958922  0.33823322  0.39126363  0.57816016  0.42502569  
4_0_0      0.44842929  0.44842929  0.43663414  0.19046377  0.19046377  0.01961480  0.00000000  0.00000000  0.01301808  0.38034636  0.38034636  0.36958922  0.33823322  0.32807221  0.32807221  0.36958922  0.33823322  0.39126363  0.57816016  0.42502569  
10_0_0     0.42502569  0.42502569  0.43663414  0.17392237  0.20738687  0.03298897  0.01301808  0.01301808  0.00000000  0.38034636  0.38034636  0.36958922  0.31805004  0.33823322  0.32807221  0.36958922  0.33823322  0.39126363  0.57816016  0.42502569  
9_0_0      0.59249044  0.59249044  0.57816016  0.42502569  0.36958922  0.36958922  0.38034636  0.38034636  0.38034636  0.00000000  0.00000000  0.06753190  0.16578949  0.19046377  0.18214644  0.36958922  0.41359811  0.47260437  0.49760353  0.59249044  
13_0_0     0.59249044  0.59249044  0.57816016  0.42502569  0.36958922  0.36958922  0.38034636  0.38034636  0.38034636  0.00000000  0.00000000  0.06753190  0.16578949  0.19046377  0.18214644  0.36958922  0.41359811  0.47260437  0.49760353  0.59249044  
7_0_0      0.62201934  0.62201934  0.60710629  0.35898757  0.34853699  0.35898757  0.36958922  0.36958922  0.36958922  0.06753190  0.06753190  0.00000000  0.11879973  0.14191836  0.14978939  0.40234586  0.42502569  0.48499744  0.52348496  0.57816016  
8_0_0      0.53677641  0.53677641  0.55031320  0.28877995  0.31805004  0.32807221  0.33823322  0.33823322  0.31805004  0.16578949  0.16578949  0.11879973  0.00000000  0.03298897  0.09638761  0.46041722  0.51043009  0.44842929  0.57816016  0.55031320  
18_0_0     0.56410453  0.56410453  0.55031320  0.30816298  0.30816298  0.33823322  0.32807221  0.32807221  0.33823322  0.19046377  0.19046377  0.14191836  0.03298897  0.00000000  0.10378248  0.46041722  0.51043009  0.48499744  0.60710629  0.56410453  
19_0_0     0.59249044  0.59249044  0.57816016  0.29840744  0.28877995  0.31805004  0.32807221  0.32807221  0.32807221  0.18214644  0.18214644  0.14978939  0.09638761  0.10378248  0.00000000  0.42502569  0.47260437  0.46041722  0.57816016  0.55031320  
14_0_0     0.40234586  0.38034636  0.36958922  0.42502569  0.38034636  0.35898757  0.36958922  0.36958922  0.36958922  0.36958922  0.36958922  0.40234586  0.46041722  0.46041722  0.42502569  0.00000000  0.14978939  0.18214644  0.27927720  0.39126363  
6_0_0      0.44842929  0.44842929  0.43663414  0.35898757  0.35898757  0.36958922  0.33823322  0.33823322  0.33823322  0.41359811  0.41359811  0.42502569  0.51043009  0.51043009  0.47260437  0.14978939  0.00000000  0.23352698  0.32807221  0.49760353  
15_0_0     0.32807221  0.32807221  0.33823322  0.40234586  0.38034636  0.38034636  0.39126363  0.39126363  0.39126363  0.47260437  0.47260437  0.48499744  0.44842929  0.48499744  0.46041722  0.18214644  0.23352698  0.00000000  0.32807221  0.46041722  
16_0_0     0.51043009  0.48499744  0.47260437  0.52348496  0.52348496  0.55031320  0.57816016  0.57816016  0.57816016  0.49760353  0.49760353  0.52348496  0.57816016  0.60710629  0.57816016  0.27927720  0.32807221  0.32807221  0.00000000  0.49760353  
20_0_0     0.40234586  0.38034636  0.39126363  0.44842929  0.36958922  0.41359811  0.42502569  0.42502569  0.42502569  0.59249044  0.59249044  0.57816016  0.55031320  0.56410453  0.55031320  0.39126363  0.49760353  0.46041722  0.49760353  0.00000000  

