19
2_0_0      0.00000000  0.00000000  0.01151751  0.34244119  0.39893578  0.43913993  0.39893578  0.39893578  0.39893578  0.41876555  0.48164827  0.50385213  0.48164827  0.52674109  0.51520834  0.36079883  0.35156323  0.35156323  0.39893578  
3_0_0      0.00000000  0.00000000  0.01151751  0.34244119  0.39893578  0.43913993  0.39893578  0.39893578  0.39893578  0.41876555  0.48164827  0.50385213  0.48164827  0.52674109  0.51520834  0.36079883  0.35156323  0.35156323  0.39893578  
1_0_0      0.01151751  0.01151751  0.00000000  0.36079883  0.41876555  0.43913993  0.39893578  0.39893578  0.39893578  0.41876555  0.48164827  0.50385213  0.48164827  0.52674109  0.51520834  0.34244119  0.35156323  0.35156323  0.37962228  
20_0_0     0.34244119  0.34244119  0.36079883  0.00000000  0.37962228  0.47079067  0.46008969  0.46008969  0.48164827  0.52674109  0.58725781  0.56245567  0.59997691  0.59997691  0.61291787  0.37015086  0.39893578  0.42888280  0.36079883  
18_0_0     0.39893578  0.39893578  0.41876555  0.37962228  0.00000000  0.12411170  0.25690534  0.25690534  0.26502856  0.39893578  0.44954086  0.47079067  0.50385213  0.50385213  0.51520834  0.37962228  0.43913993  0.39893578  0.37015086  
19_0_0     0.43913993  0.43913993  0.43913993  0.47079067  0.12411170  0.00000000  0.25690534  0.25690534  0.26502856  0.43913993  0.44954086  0.44954086  0.46008969  0.46008969  0.47079067  0.42888280  0.42888280  0.43913993  0.41876555  
13_0_0     0.39893578  0.39893578  0.39893578  0.46008969  0.25690534  0.25690534  0.00000000  0.00000000  0.04111873  0.40878441  0.41876555  0.53845595  0.57475310  0.59997691  0.58725781  0.36079883  0.37015086  0.36079883  0.34244119  
9_0_0      0.39893578  0.39893578  0.39893578  0.46008969  0.25690534  0.25690534  0.00000000  0.00000000  0.04111873  0.40878441  0.41876555  0.53845595  0.57475310  0.59997691  0.58725781  0.36079883  0.37015086  0.36079883  0.34244119  
7_0_0      0.39893578  0.39893578  0.39893578  0.48164827  0.26502856  0.26502856  0.04111873  0.04111873  0.00000000  0.42888280  0.43913993  0.50385213  0.52674109  0.55035877  0.53845595  0.36079883  0.37015086  0.37015086  0.35156323  
11_0_0     0.41876555  0.41876555  0.41876555  0.52674109  0.39893578  0.43913993  0.40878441  0.40878441  0.42888280  0.00000000  0.03510325  0.26502856  0.28154680  0.27324170  0.26502856  0.43913993  0.43913993  0.40878441  0.40878441  
17_0_0     0.48164827  0.48164827  0.48164827  0.58725781  0.44954086  0.44954086  0.41876555  0.41876555  0.43913993  0.03510325  0.00000000  0.28154680  0.29844121  0.27324170  0.26502856  0.48164827  0.47079067  0.43913993  0.44954086  
5_0_0      0.50385213  0.50385213  0.50385213  0.56245567  0.47079067  0.44954086  0.53845595  0.53845595  0.50385213  0.26502856  0.28154680  0.00000000  0.04111873  0.03510325  0.02913615  0.44954086  0.48164827  0.44954086  0.39893578  
10_0_0     0.48164827  0.48164827  0.48164827  0.59997691  0.50385213  0.46008969  0.57475310  0.57475310  0.52674109  0.28154680  0.29844121  0.04111873  0.00000000  0.02913615  0.02321666  0.46008969  0.47079067  0.48164827  0.42888280  
12_0_0     0.52674109  0.52674109  0.52674109  0.59997691  0.50385213  0.46008969  0.59997691  0.59997691  0.55035877  0.27324170  0.27324170  0.03510325  0.02913615  0.00000000  0.00573641  0.46008969  0.49266714  0.50385213  0.42888280  
4_0_0      0.51520834  0.51520834  0.51520834  0.61291787  0.51520834  0.47079067  0.58725781  0.58725781  0.53845595  0.26502856  0.26502856  0.02913615  0.02321666  0.00573641  0.00000000  0.47079067  0.48164827  0.49266714  0.43913993  
15_0_0     0.36079883  0.36079883  0.34244119  0.37015086  0.37962228  0.42888280  0.36079883  0.36079883  0.36079883  0.43913993  0.48164827  0.44954086  0.46008969  0.46008969  0.47079067  0.00000000  0.23305609  0.19493582  0.20240479  
6_0_0      0.35156323  0.35156323  0.35156323  0.39893578  0.43913993  0.42888280  0.37015086  0.37015086  0.37015086  0.43913993  0.47079067  0.48164827  0.47079067  0.49266714  0.48164827  0.23305609  0.00000000  0.24887010  0.28994591  
14_0_0     0.35156323  0.35156323  0.35156323  0.42888280  0.39893578  0.43913993  0.36079883  0.36079883  0.37015086  0.40878441  0.43913993  0.44954086  0.48164827  0.50385213  0.49266714  0.19493582  0.24887010  0.00000000  0.27324170  
16_0_0     0.39893578  0.39893578  0.37962228  0.36079883  0.37015086  0.41876555  0.34244119  0.34244119  0.35156323  0.40878441  0.44954086  0.39893578  0.42888280  0.42888280  0.43913993  0.20240479  0.28994591  0.27324170  0.00000000  

