19
2_0_0      0.00000000  0.00000000  0.00573618  0.35972943  0.40737999  0.43749546  0.45826629  0.45826629  0.43749546  0.53586167  0.51286003  0.49054320  0.47962909  0.49054320  0.49054320  0.42732195  0.41728466  0.47962909  0.33252835  
3_0_0      0.00000000  0.00000000  0.00573618  0.35972943  0.40737999  0.43749546  0.45826629  0.45826629  0.43749546  0.53586167  0.51286003  0.49054320  0.47962909  0.49054320  0.49054320  0.42732195  0.41728466  0.47962909  0.33252835  
1_0_0      0.00573618  0.00573618  0.00000000  0.36902031  0.41728466  0.44780894  0.45826629  0.45826629  0.43749546  0.52427263  0.50161857  0.47962909  0.46887159  0.47962909  0.47962909  0.41728466  0.42732195  0.49054320  0.34148616  
20_0_0     0.35972943  0.35972943  0.36902031  0.00000000  0.40737999  0.43749546  0.51286003  0.51286003  0.49054320  0.53586167  0.50161857  0.59665702  0.52427263  0.51286003  0.51286003  0.50161857  0.49054320  0.41728466  0.36902031  
18_0_0     0.40737999  0.40737999  0.41728466  0.40737999  0.00000000  0.09750339  0.20961218  0.20961218  0.21720840  0.43749546  0.43749546  0.47962909  0.47962909  0.46887159  0.47962909  0.37842778  0.40737999  0.30627982  0.34148616  
19_0_0     0.43749546  0.43749546  0.44780894  0.43749546  0.09750339  0.00000000  0.28091937  0.28091937  0.27265303  0.46887159  0.42732195  0.45826629  0.47962909  0.46887159  0.47962909  0.35972943  0.39760448  0.34148616  0.28091937  
13_0_0     0.45826629  0.45826629  0.45826629  0.51286003  0.20961218  0.28091937  0.00000000  0.00000000  0.02913015  0.44780894  0.47962909  0.53586167  0.53586167  0.54763269  0.55959149  0.44780894  0.42732195  0.41728466  0.43749546  
9_0_0      0.45826629  0.45826629  0.45826629  0.51286003  0.20961218  0.28091937  0.00000000  0.00000000  0.02913015  0.44780894  0.47962909  0.53586167  0.53586167  0.54763269  0.55959149  0.44780894  0.42732195  0.41728466  0.43749546  
7_0_0      0.43749546  0.43749546  0.43749546  0.49054320  0.21720840  0.27265303  0.02913015  0.02913015  0.00000000  0.47962909  0.47962909  0.53586167  0.53586167  0.54763269  0.55959149  0.44780894  0.44780894  0.42732195  0.41728466  
11_0_0     0.53586167  0.53586167  0.52427263  0.53586167  0.43749546  0.46887159  0.44780894  0.44780894  0.47962909  0.00000000  0.05327777  0.28927789  0.26447685  0.25638888  0.26447685  0.46887159  0.52427263  0.47962909  0.45826629  
17_0_0     0.51286003  0.51286003  0.50161857  0.50161857  0.43749546  0.42732195  0.47962909  0.47962909  0.47962909  0.05327777  0.00000000  0.30627982  0.31492761  0.30627982  0.31492761  0.43749546  0.52427263  0.50161857  0.40737999  
5_0_0      0.49054320  0.49054320  0.47962909  0.59665702  0.47962909  0.45826629  0.53586167  0.53586167  0.53586167  0.28927789  0.30627982  0.00000000  0.04110674  0.04716755  0.05327777  0.42732195  0.51286003  0.47962909  0.38795481  
10_0_0     0.47962909  0.47962909  0.46887159  0.52427263  0.47962909  0.47962909  0.53586167  0.53586167  0.53586167  0.26447685  0.31492761  0.04110674  0.00000000  0.00573618  0.01151658  0.44780894  0.51286003  0.47962909  0.38795481  
12_0_0     0.49054320  0.49054320  0.47962909  0.51286003  0.46887159  0.46887159  0.54763269  0.54763269  0.54763269  0.25638888  0.30627982  0.04716755  0.00573618  0.00000000  0.00573618  0.45826629  0.50161857  0.49054320  0.37842778  
4_0_0      0.49054320  0.49054320  0.47962909  0.51286003  0.47962909  0.47962909  0.55959149  0.55959149  0.55959149  0.26447685  0.31492761  0.05327777  0.01151658  0.00573618  0.00000000  0.46887159  0.51286003  0.50161857  0.38795481  
15_0_0     0.42732195  0.42732195  0.41728466  0.50161857  0.37842778  0.35972943  0.44780894  0.44780894  0.44780894  0.46887159  0.43749546  0.42732195  0.44780894  0.45826629  0.46887159  0.00000000  0.28091937  0.20209216  0.20209216  
6_0_0      0.41728466  0.41728466  0.42732195  0.49054320  0.40737999  0.39760448  0.42732195  0.42732195  0.44780894  0.52427263  0.52427263  0.51286003  0.51286003  0.50161857  0.51286003  0.28091937  0.00000000  0.18727473  0.22488238  
14_0_0     0.47962909  0.47962909  0.49054320  0.41728466  0.30627982  0.34148616  0.41728466  0.41728466  0.42732195  0.47962909  0.50161857  0.47962909  0.47962909  0.49054320  0.50161857  0.20209216  0.18727473  0.00000000  0.18727473  
16_0_0     0.33252835  0.33252835  0.34148616  0.36902031  0.34148616  0.28091937  0.43749546  0.43749546  0.41728466  0.45826629  0.40737999  0.38795481  0.38795481  0.37842778  0.38795481  0.20209216  0.22488238  0.18727473  0.00000000  

