10
44_2_0     0.00000000  0.00000000  0.00000000  0.00601285  0.04955748  0.04955748  0.03057488  0.03370438  0.04000415  0.03684744  
51_2_0     0.00000000  0.00000000  0.00000000  0.00601285  0.04955748  0.04955748  0.03057488  0.03370438  0.04000415  0.03684744  
51_8_0     0.00000000  0.00000000  0.00000000  0.00601285  0.04955748  0.04955748  0.03057488  0.03370438  0.04000415  0.03684744  
44_8_0     0.00601285  0.00601285  0.00601285  0.00000000  0.05599692  0.05599692  0.03057488  0.04000415  0.04635905  0.04317465  
49_2_0     0.04955748  0.04955748  0.04955748  0.05599692  0.00000000  0.00000000  0.06249397  0.04635905  0.04635905  0.04317465  
49_7_0     0.04955748  0.04955748  0.04955748  0.05599692  0.00000000  0.00000000  0.06249397  0.04635905  0.04635905  0.04317465  
49_6_0     0.03057488  0.03057488  0.03057488  0.03057488  0.06249397  0.06249397  0.00000000  0.04635905  0.05277006  0.04955748  
49_3_0     0.03370438  0.03370438  0.03370438  0.04000415  0.04635905  0.04635905  0.04635905  0.00000000  0.02435604  0.02126649  
51_3_0     0.04000415  0.04000415  0.04000415  0.04635905  0.04635905  0.04635905  0.05277006  0.02435604  0.00000000  0.00300020  
44_3_0     0.03684744  0.03684744  0.03684744  0.04317465  0.04317465  0.04317465  0.04955748  0.02126649  0.00300020  0.00000000  

