20
9_0_0      0.00000000  0.22077385  0.29140032  0.23937745  0.23312418  0.20862609  0.21467507  0.22692328  0.50910604  0.50910604  0.54617278  0.54617278  0.52740756  0.50910604  0.79180623  0.84675264  0.90610436  0.92171641  0.98767949  0.95396384  
12_0_0     0.22077385  0.00000000  0.19667436  0.12875142  0.16193453  0.13964810  0.12336261  0.16193453  0.70448597  0.70448597  0.72840207  0.70448597  0.68131804  0.70448597  0.92171641  0.87583414  0.81877001  0.86115067  0.89081462  0.86115067  
4_0_0      0.29140032  0.19667436  0.00000000  0.15070749  0.13964810  0.12875142  0.11270122  0.18491243  0.63704914  0.63704914  0.61586895  0.68131804  0.65885289  0.65885289  0.84675264  0.92171641  0.86115067  0.87583414  0.87583414  0.84675264  
1_0_0      0.23937745  0.12875142  0.15070749  0.00000000  0.06653761  0.04690918  0.03252186  0.15070749  0.58519276  0.58519276  0.62638334  0.67000030  0.64787079  0.67000030  0.83262918  0.86115067  0.80516542  0.81877001  0.81877001  0.79180623  
5_0_0      0.23312418  0.16193453  0.13964810  0.06653761  0.00000000  0.03728665  0.03252186  0.15070749  0.60550174  0.60550174  0.64787079  0.67000030  0.64787079  0.64787079  0.92171641  0.89081462  0.89081462  0.90610436  0.90610436  0.87583414  
10_0_0     0.20862609  0.13964810  0.12875142  0.04690918  0.03728665  0.00000000  0.01376346  0.11801273  0.59527764  0.59527764  0.65885289  0.65885289  0.63704914  0.63704914  0.90610436  0.84675264  0.87583414  0.89081462  0.89081462  0.86115067  
7_0_0      0.21467507  0.12336261  0.11270122  0.03252186  0.03252186  0.01376346  0.00000000  0.11270122  0.58519276  0.58519276  0.62638334  0.64787079  0.62638334  0.62638334  0.89081462  0.89081462  0.86115067  0.87583414  0.87583414  0.84675264  
8_0_0      0.22692328  0.16193453  0.18491243  0.15070749  0.15070749  0.11801273  0.11270122  0.00000000  0.64787079  0.64787079  0.67000030  0.72840207  0.68131804  0.68131804  0.87583414  0.80516542  0.84675264  0.86115067  0.92171641  0.89081462  
14_0_0     0.50910604  0.70448597  0.63704914  0.58519276  0.60550174  0.59527764  0.58519276  0.64787079  0.00000000  0.00000000  0.05665837  0.07655040  0.06653761  0.04690918  0.55573675  0.59527764  0.59527764  0.50910604  0.56542584  0.54617278  
2_0_0      0.50910604  0.70448597  0.63704914  0.58519276  0.60550174  0.59527764  0.58519276  0.64787079  0.00000000  0.00000000  0.05665837  0.07655040  0.06653761  0.04690918  0.55573675  0.59527764  0.59527764  0.50910604  0.56542584  0.54617278  
11_0_0     0.54617278  0.72840207  0.61586895  0.62638334  0.64787079  0.65885289  0.62638334  0.67000030  0.05665837  0.05665837  0.00000000  0.11801273  0.10742752  0.08670042  0.62638334  0.67000030  0.59527764  0.52740756  0.58519276  0.56542584  
6_0_0      0.54617278  0.70448597  0.68131804  0.67000030  0.67000030  0.65885289  0.64787079  0.72840207  0.07655040  0.07655040  0.11801273  0.00000000  0.01840871  0.03728665  0.54617278  0.53673074  0.56542584  0.50012213  0.53673074  0.51820027  
3_0_0      0.52740756  0.68131804  0.65885289  0.64787079  0.64787079  0.63704914  0.62638334  0.68131804  0.06653761  0.06653761  0.10742752  0.01840871  0.00000000  0.02778753  0.55573675  0.55573675  0.54617278  0.48247475  0.53673074  0.51820027  
13_0_0     0.50910604  0.70448597  0.65885289  0.67000030  0.64787079  0.63704914  0.62638334  0.68131804  0.04690918  0.04690918  0.08670042  0.03728665  0.02778753  0.00000000  0.56542584  0.57524336  0.58519276  0.50012213  0.55573675  0.53673074  
20_0_0     0.79180623  0.92171641  0.84675264  0.83262918  0.92171641  0.90610436  0.89081462  0.87583414  0.55573675  0.55573675  0.62638334  0.54617278  0.55573675  0.56542584  0.00000000  0.20262612  0.25204462  0.22692328  0.22692328  0.22692328  
16_0_0     0.84675264  0.87583414  0.92171641  0.86115067  0.89081462  0.84675264  0.89081462  0.80516542  0.59527764  0.59527764  0.67000030  0.53673074  0.55573675  0.57524336  0.20262612  0.00000000  0.25204462  0.25204462  0.25204462  0.23937745  
15_0_0     0.90610436  0.81877001  0.86115067  0.80516542  0.89081462  0.87583414  0.86115067  0.84675264  0.59527764  0.59527764  0.59527764  0.56542584  0.54617278  0.58519276  0.25204462  0.25204462  0.00000000  0.09182807  0.04690918  0.03728665  
19_0_0     0.92171641  0.86115067  0.87583414  0.81877001  0.90610436  0.89081462  0.87583414  0.86115067  0.50910604  0.50910604  0.52740756  0.50012213  0.48247475  0.50012213  0.22692328  0.25204462  0.09182807  0.00000000  0.05176773  0.05176773  
17_0_0     0.98767949  0.89081462  0.87583414  0.81877001  0.90610436  0.89081462  0.87583414  0.92171641  0.56542584  0.56542584  0.58519276  0.53673074  0.53673074  0.55573675  0.22692328  0.25204462  0.04690918  0.05176773  0.00000000  0.00914716  
18_0_0     0.95396384  0.86115067  0.84675264  0.79180623  0.87583414  0.86115067  0.84675264  0.89081462  0.54617278  0.54617278  0.56542584  0.51820027  0.51820027  0.53673074  0.22692328  0.23937745  0.03728665  0.05176773  0.00914716  0.00000000  

