fastme_mat.p : 11.994929313659668
fastme.f81 : 14.497133731842041
ba.exp : 23.44330906867981
pipeline_dl8643158 : 50.784449338912964
