fastme_mat.p : 1.9142545217046738
fastme.f81 : 2.687486517705917
ba.exp : 13.319626590999128
