fastme.f81 : 0.3324611186981201
raxml.f81 : 28.18417000770569
generax-spr-undateddtl-r5.f81 : 31.900627851486206
pipeline : 60.458239793777466
