fastme.f81 : 0.3324611186981201
fastme.f84 : 0.36954712867736816
raxml.f81 : 28.18417000770569
generax-spr-undateddtl-r5.f81 : 31.900627851486206
generax-spr-undateddtl-r5.gtr+g : 47.86880373954773
raxml.gtr+g : 64.85150623321533
pipeline : 113.10957145690918
