fastme.f81 : 0.3324611186981201
fastme.f84 : 0.36954712867736816
ba.experimental : 1.8267722129821777
pipeline : 3.0703041553497314
raxml.f81 : 28.18417000770569
generax-spr-undateddtl-r5.f81 : 31.900627851486206
generax-spr-undateddtl-r5.gtr+g : 47.86880373954773
raxml.gtr+g : 64.85150623321533
