fastme.f81 : 0.2659379083328247
raxml.f81 : 28.121425674948693
generax-spr-undateddtl-r5.f81 : 31.900800466537476
