20
15_0_0     0.00000000  0.13676156  0.12683534  0.13200592  0.13632518  0.13521772  0.22389238  0.22389238  0.22389238  0.24706767  0.21783582  0.21783582  0.21783582  0.23176926  0.23176926  0.24621991  0.40647225  0.38116221  0.47580310  0.44237432  
1_0_0      0.13676156  0.00000000  0.02076622  0.02502373  0.14420691  0.14154979  0.24760113  0.24760113  0.24760113  0.27196099  0.22835894  0.22835894  0.22835894  0.26336384  0.26336384  0.24442872  0.39528987  0.40394985  0.49413478  0.46923957  
3_0_0      0.12683534  0.02076622  0.00000000  0.01239938  0.11841821  0.13676156  0.25537064  0.25537064  0.25537064  0.27320018  0.21073357  0.21073357  0.21073357  0.25786649  0.24451526  0.24544477  0.40609113  0.39735348  0.51854164  0.46203897  
2_0_0      0.13200592  0.02502373  0.01239938  0.00000000  0.11329987  0.14201434  0.24874134  0.24874134  0.24874134  0.26638906  0.21686836  0.21686836  0.21686836  0.26468005  0.26468005  0.23903251  0.38032907  0.38876786  0.50769349  0.47201289  
14_0_0     0.13632518  0.14420691  0.11841821  0.11329987  0.00000000  0.11200857  0.26638906  0.26638906  0.26638906  0.28448077  0.25967068  0.25967068  0.25967068  0.25537064  0.25537064  0.26961432  0.41949822  0.39328585  0.46135489  0.42855450  
6_0_0      0.13521772  0.14154979  0.13676156  0.14201434  0.11200857  0.00000000  0.24163003  0.24163003  0.24163003  0.26544907  0.26086245  0.26086245  0.26086245  0.26961432  0.26961432  0.27105400  0.45411088  0.42670068  0.48795090  0.41789216  
12_0_0     0.22389238  0.24760113  0.25537064  0.24874134  0.26638906  0.24163003  0.00000000  0.00000000  0.00000000  0.01651398  0.06947760  0.06947760  0.06947760  0.06024610  0.07888511  0.13773404  0.35584548  0.34794699  0.37655385  0.39735348  
4_0_0      0.22389238  0.24760113  0.25537064  0.24874134  0.26638906  0.24163003  0.00000000  0.00000000  0.00000000  0.01651398  0.06947760  0.06947760  0.06947760  0.06024610  0.07888511  0.13773404  0.35584548  0.34794699  0.37655385  0.39735348  
10_0_0     0.22389238  0.24760113  0.25537064  0.24874134  0.26638906  0.24163003  0.00000000  0.00000000  0.00000000  0.01651398  0.06947760  0.06947760  0.06947760  0.06024610  0.07888511  0.13773404  0.35584548  0.34794699  0.37655385  0.39735348  
5_0_0      0.24706767  0.27196099  0.27320018  0.26638906  0.28448077  0.26544907  0.01651398  0.01651398  0.01651398  0.00000000  0.08783381  0.08783381  0.08783381  0.07833696  0.09751703  0.15269067  0.37203216  0.36387246  0.40186952  0.41498628  
13_0_0     0.21783582  0.22835894  0.21073357  0.21686836  0.25967068  0.26086245  0.06947760  0.06947760  0.06947760  0.08783381  0.00000000  0.00000000  0.00000000  0.08847545  0.09825588  0.14732363  0.38876786  0.36387246  0.41060515  0.41498628  
9_0_0      0.21783582  0.22835894  0.21073357  0.21686836  0.25967068  0.26086245  0.06947760  0.06947760  0.06947760  0.08783381  0.00000000  0.00000000  0.00000000  0.08847545  0.09825588  0.14732363  0.38876786  0.36387246  0.41060515  0.41498628  
7_0_0      0.21783582  0.22835894  0.21073357  0.21686836  0.25967068  0.26086245  0.06947760  0.06947760  0.06947760  0.08783381  0.00000000  0.00000000  0.00000000  0.08847545  0.09825588  0.14732363  0.38876786  0.36387246  0.41060515  0.41498628  
17_0_0     0.23176926  0.26336384  0.25786649  0.26468005  0.25537064  0.26961432  0.06024610  0.06024610  0.06024610  0.07833696  0.08847545  0.08847545  0.08847545  0.00000000  0.01660272  0.15383870  0.39292100  0.38433343  0.38032907  0.41961852  
11_0_0     0.23176926  0.26336384  0.24451526  0.26468005  0.25537064  0.26961432  0.07888511  0.07888511  0.07888511  0.09751703  0.09825588  0.09825588  0.09825588  0.01660272  0.00000000  0.16487475  0.42884861  0.40166066  0.38032907  0.43825464  
20_0_0     0.24621991  0.24442872  0.24544477  0.23903251  0.26961432  0.27105400  0.13773404  0.13773404  0.13773404  0.15269067  0.14732363  0.14732363  0.14732363  0.15383870  0.16487475  0.00000000  0.41732046  0.40850784  0.45886974  0.48385319  
18_0_0     0.40647225  0.39528987  0.40609113  0.38032907  0.41949822  0.45411088  0.35584548  0.35584548  0.35584548  0.37203216  0.38876786  0.38876786  0.38876786  0.39292100  0.42884861  0.41732046  0.00000000  0.02071686  0.20044069  0.15581495  
8_0_0      0.38116221  0.40394985  0.39735348  0.38876786  0.39328585  0.42670068  0.34794699  0.34794699  0.34794699  0.36387246  0.36387246  0.36387246  0.36387246  0.38433343  0.40166066  0.40850784  0.02071686  0.00000000  0.19445379  0.13943958  
16_0_0     0.47580310  0.49413478  0.51854164  0.50769349  0.46135489  0.48795090  0.37655385  0.37655385  0.37655385  0.40186952  0.41060515  0.41060515  0.41060515  0.38032907  0.38032907  0.45886974  0.20044069  0.19445379  0.00000000  0.15446370  
19_0_0     0.44237432  0.46923957  0.46203897  0.47201289  0.42855450  0.41789216  0.39735348  0.39735348  0.39735348  0.41498628  0.41498628  0.41498628  0.41498628  0.41961852  0.43825464  0.48385319  0.15581495  0.13943958  0.15446370  0.00000000  

