20
15_0_0     0.00000000  0.11238487  0.12260421  0.13304852  0.15605574  0.18229703  0.30667038  0.31525467  0.30079190  0.29372257  0.29372257  0.29372257  0.29372257  0.30667038  0.31389874  0.30208597  0.42183315  0.42183315  0.45738943  0.42870597  
1_0_0      0.11238487  0.00000000  0.00823431  0.01661407  0.16820570  0.20928154  0.28917701  0.29759342  0.28343905  0.26296911  0.26969476  0.26969476  0.26969476  0.24881290  0.24240722  0.26409634  0.44316696  0.44316696  0.50173731  0.49098175  
3_0_0      0.12260421  0.00823431  0.00000000  0.00823431  0.15681187  0.20928154  0.28917701  0.29759342  0.28343905  0.26296911  0.26969476  0.26969476  0.26969476  0.24881290  0.24240722  0.26409634  0.43359931  0.43359931  0.52400877  0.49098175  
2_0_0      0.13304852  0.01661407  0.00823431  0.00000000  0.16820570  0.19692685  0.30343271  0.29759342  0.29759342  0.27651714  0.28343905  0.28343905  0.28343905  0.26188971  0.25530625  0.26409634  0.45293153  0.45293153  0.52400877  0.51274236  
14_0_0     0.15605574  0.16820570  0.15681187  0.16820570  0.00000000  0.13419024  0.28220665  0.29046345  0.27651714  0.29759342  0.28343905  0.28343905  0.28343905  0.26188971  0.28220665  0.25741581  0.35520231  0.35520231  0.45024373  0.40379598  
6_0_0      0.18229703  0.20928154  0.20928154  0.19692685  0.13419024  0.00000000  0.34724037  0.34896555  0.34896555  0.35699807  0.34896555  0.34896555  0.34896555  0.31666509  0.33940984  0.26969476  0.42183315  0.42183315  0.52054972  0.47752284  
12_0_0     0.30667038  0.28917701  0.28917701  0.30343271  0.28220665  0.34724037  0.00000000  0.01236297  0.00409447  0.02504237  0.03806995  0.03806995  0.04249321  0.07380194  0.08806021  0.20204132  0.38403264  0.37549050  0.47607870  0.39496799  
4_0_0      0.31525467  0.29759342  0.29759342  0.29759342  0.29046345  0.34896555  0.01236297  0.00000000  0.00823431  0.02946793  0.04267978  0.04267978  0.04716677  0.07878909  0.09326838  0.20928154  0.39496799  0.38618491  0.48980931  0.40630965  
10_0_0     0.30079190  0.28343905  0.28343905  0.29759342  0.27651714  0.34896555  0.00409447  0.00823431  0.00000000  0.02086011  0.03383113  0.03383113  0.03823482  0.06937605  0.08356659  0.19692685  0.37756148  0.36909200  0.46873947  0.38840260  
5_0_0      0.29372257  0.26296911  0.26296911  0.27651714  0.29759342  0.35699807  0.02504237  0.02946793  0.02086011  0.00000000  0.02946793  0.02946793  0.03383113  0.06473865  0.07878909  0.17897788  0.38618491  0.37756148  0.45854537  0.41552319  
13_0_0     0.29372257  0.26969476  0.26969476  0.28343905  0.28343905  0.34896555  0.03806995  0.04267978  0.03383113  0.02946793  0.00000000  0.00000000  0.00409929  0.07878909  0.09326838  0.18488574  0.34455463  0.33664964  0.42921491  0.37114692  
9_0_0      0.29372257  0.26969476  0.26969476  0.28343905  0.28343905  0.34896555  0.03806995  0.04267978  0.03383113  0.02946793  0.00000000  0.00000000  0.00409929  0.07878909  0.09326838  0.18488574  0.34455463  0.33664964  0.42921491  0.37114692  
7_0_0      0.29372257  0.26969476  0.26969476  0.28343905  0.28343905  0.34896555  0.04249321  0.04716677  0.03823482  0.03383113  0.00409929  0.00409929  0.00000000  0.08356659  0.09819470  0.17897788  0.35259356  0.34455463  0.41982765  0.37969631  
17_0_0     0.30667038  0.24881290  0.24881290  0.26188971  0.26188971  0.31666509  0.07380194  0.07878909  0.06937605  0.06473865  0.07878909  0.07878909  0.08356659  0.00000000  0.01240569  0.16092901  0.39273140  0.38403264  0.46577916  0.38618491  
11_0_0     0.31389874  0.24240722  0.24240722  0.25530625  0.28220665  0.33940984  0.08806021  0.09326838  0.08356659  0.07878909  0.09326838  0.09326838  0.09819470  0.01240569  0.00000000  0.17811425  0.41982765  0.41062254  0.49737387  0.41303753  
20_0_0     0.30208597  0.26409634  0.26409634  0.26409634  0.25741581  0.26969476  0.20204132  0.20928154  0.19692685  0.17897788  0.18488574  0.18488574  0.17897788  0.16092901  0.17811425  0.00000000  0.45854537  0.44856571  0.47607870  0.42233711  
18_0_0     0.42183315  0.44316696  0.43359931  0.45293153  0.35520231  0.42183315  0.38403264  0.39496799  0.37756148  0.38618491  0.34455463  0.34455463  0.35259356  0.39273140  0.41982765  0.45854537  0.00000000  0.00409929  0.21558167  0.14499703  
8_0_0      0.42183315  0.44316696  0.43359931  0.45293153  0.35520231  0.42183315  0.37549050  0.38618491  0.36909200  0.37756148  0.33664964  0.33664964  0.34455463  0.38403264  0.41062254  0.44856571  0.00409929  0.00000000  0.20928154  0.13956287  
16_0_0     0.45738943  0.50173731  0.52400877  0.52400877  0.45024373  0.52054972  0.47607870  0.48980931  0.46873947  0.45854537  0.42921491  0.42921491  0.41982765  0.46577916  0.49737387  0.47607870  0.21558167  0.20928154  0.00000000  0.23375387  
19_0_0     0.42870597  0.49098175  0.49098175  0.51274236  0.40379598  0.47752284  0.39496799  0.40630965  0.38840260  0.41552319  0.37114692  0.37114692  0.37969631  0.38618491  0.41303753  0.42233711  0.14499703  0.13956287  0.23375387  0.00000000  

