25
9_0_0      0.00000000  0.01963612  0.03167086  0.01963612  0.01963612  0.32519819  0.30159672  0.30742743  0.31922742  0.31922742  0.31922742  0.32519819  0.33121715  0.29581124  0.30742743  0.36838823  0.29581124  0.29581124  0.37476762  0.42102008  0.49250667  0.45590709  0.37476762  0.37476762  0.37476762  
40_0_0     0.01963612  0.00000000  0.02763766  0.01566731  0.03167086  0.30742743  0.28437324  0.29581124  0.30159672  0.30159672  0.30159672  0.29581124  0.31330409  0.27871936  0.29007031  0.37476762  0.27871936  0.27871936  0.38120206  0.41423434  0.49250667  0.46308471  0.37476762  0.37476762  0.37476762  
52_0_0     0.03167086  0.02763766  0.00000000  0.01963612  0.04390302  0.33121715  0.31922742  0.33121715  0.32519819  0.32519819  0.33728508  0.33121715  0.34957111  0.31330409  0.32519819  0.38769249  0.31330409  0.31330409  0.40084534  0.43477965  0.51536089  0.48504164  0.39423992  0.39423992  0.39423992  
55_0_0     0.01963612  0.01566731  0.01963612  0.00000000  0.03167086  0.31922742  0.29581124  0.30742743  0.32519819  0.32519819  0.31330409  0.30742743  0.32519819  0.29007031  0.30159672  0.37476762  0.29007031  0.29007031  0.39423992  0.42786813  0.50766473  0.47765060  0.38769249  0.38769249  0.38769249  
39_0_0     0.01963612  0.03167086  0.04390302  0.03167086  0.00000000  0.31922742  0.29581124  0.30742743  0.30159672  0.30159672  0.31330409  0.31922742  0.31330409  0.27871936  0.29007031  0.36206295  0.27871936  0.27871936  0.38769249  0.43477965  0.48504164  0.45590709  0.36838823  0.36838823  0.36838823  
32_2_0     0.32519819  0.30742743  0.33121715  0.31922742  0.31922742  0.00000000  0.03572600  0.03572600  0.09935791  0.09935791  0.09935791  0.10379949  0.12641308  0.05633918  0.13565408  0.22442009  0.15448689  0.15448689  0.37476762  0.41423434  0.41423434  0.41423434  0.37476762  0.38120206  0.38120206  
32_6_0     0.30159672  0.28437324  0.31922742  0.29581124  0.29581124  0.03572600  0.00000000  0.01566731  0.10379949  0.10379949  0.10379949  0.10826768  0.12183517  0.04390302  0.12641308  0.22442009  0.14501103  0.14501103  0.35579087  0.38769249  0.43477965  0.40750979  0.35579087  0.36206295  0.36206295  
32_5_0     0.30742743  0.29581124  0.33121715  0.30742743  0.30742743  0.03572600  0.01566731  0.00000000  0.09494263  0.09494263  0.09494263  0.09935791  0.11276280  0.03572600  0.12183517  0.21920145  0.14031788  0.14031788  0.33728508  0.36838823  0.44175584  0.38769249  0.36206295  0.35579087  0.35579087  
17_0_0     0.31922742  0.30159672  0.32519819  0.32519819  0.30159672  0.09935791  0.10379949  0.09494263  0.00000000  0.00000000  0.09055334  0.09494263  0.13565408  0.05633918  0.14973391  0.24029880  0.16893034  0.16893034  0.38120206  0.40084534  0.42786813  0.43477965  0.39423992  0.38769249  0.38769249  
4_0_0      0.31922742  0.30159672  0.32519819  0.32519819  0.30159672  0.09935791  0.10379949  0.09494263  0.00000000  0.00000000  0.09055334  0.09494263  0.13565408  0.05633918  0.14973391  0.24029880  0.16893034  0.16893034  0.38120206  0.40084534  0.42786813  0.43477965  0.39423992  0.38769249  0.38769249  
32_4_0     0.31922742  0.30159672  0.33728508  0.31330409  0.31330409  0.09935791  0.10379949  0.09494263  0.09055334  0.09055334  0.00000000  0.01171952  0.11276280  0.05633918  0.14031788  0.20376111  0.16893034  0.16893034  0.38120206  0.40750979  0.45590709  0.44175584  0.42102008  0.41423434  0.41423434  
32_0_0     0.32519819  0.29581124  0.33121715  0.30742743  0.31922742  0.10379949  0.10826768  0.09935791  0.09494263  0.09494263  0.01171952  0.00000000  0.12183517  0.06053108  0.14501103  0.20887245  0.17380766  0.17380766  0.40084534  0.42786813  0.46308471  0.45590709  0.42786813  0.42102008  0.42102008  
32_3_0     0.33121715  0.31330409  0.34957111  0.32519819  0.31330409  0.12641308  0.12183517  0.11276280  0.13565408  0.13565408  0.11276280  0.12183517  0.00000000  0.07325006  0.15927035  0.22967552  0.18365907  0.18365907  0.36206295  0.35579087  0.46308471  0.38769249  0.36206295  0.35579087  0.35579087  
33_0_0     0.29581124  0.27871936  0.31330409  0.29007031  0.27871936  0.05633918  0.04390302  0.03572600  0.05633918  0.05633918  0.05633918  0.06053108  0.07325006  0.00000000  0.08618973  0.17871710  0.11276280  0.11276280  0.33728508  0.36838823  0.42786813  0.40084534  0.36206295  0.35579087  0.35579087  
33_1_0     0.30742743  0.29007031  0.32519819  0.30159672  0.29007031  0.13565408  0.12641308  0.12183517  0.14973391  0.14973391  0.14031788  0.14501103  0.15927035  0.08618973  0.00000000  0.11276280  0.02362616  0.02362616  0.35579087  0.39423992  0.39423992  0.39423992  0.36838823  0.36206295  0.36206295  
32_1_0     0.36838823  0.37476762  0.38769249  0.37476762  0.36206295  0.22442009  0.22442009  0.21920145  0.24029880  0.24029880  0.20376111  0.20887245  0.22967552  0.17871710  0.11276280  0.00000000  0.14031788  0.14031788  0.37476762  0.40750979  0.42102008  0.40084534  0.37476762  0.36838823  0.36838823  
17_1_0     0.29581124  0.27871936  0.31330409  0.29007031  0.27871936  0.15448689  0.14501103  0.14031788  0.16893034  0.16893034  0.16893034  0.17380766  0.18365907  0.11276280  0.02362616  0.14031788  0.00000000  0.00000000  0.36838823  0.40750979  0.39423992  0.39423992  0.35579087  0.34957111  0.34957111  
4_1_0      0.29581124  0.27871936  0.31330409  0.29007031  0.27871936  0.15448689  0.14501103  0.14031788  0.16893034  0.16893034  0.16893034  0.17380766  0.18365907  0.11276280  0.02362616  0.14031788  0.00000000  0.00000000  0.36838823  0.40750979  0.39423992  0.39423992  0.35579087  0.34957111  0.34957111  
77_0_0     0.37476762  0.38120206  0.40084534  0.39423992  0.38769249  0.37476762  0.35579087  0.33728508  0.38120206  0.38120206  0.38120206  0.40084534  0.36206295  0.33728508  0.35579087  0.37476762  0.36838823  0.36838823  0.00000000  0.05633918  0.20887245  0.15927035  0.12183517  0.11728519  0.11728519  
73_0_0     0.42102008  0.41423434  0.43477965  0.42786813  0.43477965  0.41423434  0.38769249  0.36838823  0.40084534  0.40084534  0.40750979  0.42786813  0.35579087  0.36838823  0.39423992  0.40750979  0.40750979  0.40750979  0.05633918  0.00000000  0.25652299  0.19364236  0.15448689  0.14973391  0.14973391  
68_0_0     0.49250667  0.49250667  0.51536089  0.50766473  0.48504164  0.41423434  0.43477965  0.44175584  0.42786813  0.42786813  0.45590709  0.46308471  0.46308471  0.42786813  0.39423992  0.42102008  0.39423992  0.39423992  0.20887245  0.25652299  0.00000000  0.11728519  0.14031788  0.14501103  0.14501103  
68_7_0     0.45590709  0.46308471  0.48504164  0.47765060  0.45590709  0.41423434  0.40750979  0.38769249  0.43477965  0.43477965  0.44175584  0.45590709  0.38769249  0.40084534  0.39423992  0.40084534  0.39423992  0.39423992  0.15927035  0.19364236  0.11728519  0.00000000  0.09935791  0.09494263  0.09494263  
74_0_0     0.37476762  0.37476762  0.39423992  0.38769249  0.36838823  0.37476762  0.35579087  0.36206295  0.39423992  0.39423992  0.42102008  0.42786813  0.36206295  0.36206295  0.36838823  0.37476762  0.35579087  0.35579087  0.12183517  0.15448689  0.14031788  0.09935791  0.00000000  0.00388608  0.00388608  
84_0_0     0.37476762  0.37476762  0.39423992  0.38769249  0.36838823  0.38120206  0.36206295  0.35579087  0.38769249  0.38769249  0.41423434  0.42102008  0.35579087  0.35579087  0.36206295  0.36838823  0.34957111  0.34957111  0.11728519  0.14973391  0.14501103  0.09494263  0.00388608  0.00000000  0.00000000  
71_0_0     0.37476762  0.37476762  0.39423992  0.38769249  0.36838823  0.38120206  0.36206295  0.35579087  0.38769249  0.38769249  0.41423434  0.42102008  0.35579087  0.35579087  0.36206295  0.36838823  0.34957111  0.34957111  0.11728519  0.14973391  0.14501103  0.09494263  0.00388608  0.00000000  0.00000000  

