107
17_0_0     0.00000000  0.01333473  0.00441839  0.13487410  0.31306377  0.34740404  0.28668971  0.28668971  0.31980611  0.35446661  0.36159692  0.60527568  0.60527568  0.49461535  0.56652977  0.56652977  0.55715077  0.55715077  0.60527568  0.58565036  0.60527568  0.55715077  0.70062655  0.71201726  0.77174545  0.68940772  0.73533597  0.66746550  0.72358520  0.71201726  0.72358520  0.74727544  0.67835567  0.71201726  0.71201726  0.75940978  0.78428925  0.81003016  0.81003016  0.73533597  0.77174545  0.82324272  0.85039380  0.74727544  0.72358520  0.67835567  0.67835567  0.82324272  0.82324272  0.82324272  0.78428925  0.78428925  0.78428925  0.83669433  0.78428925  0.81003016  0.78428925  0.77174545  0.78428925  0.54788861  0.55715077  0.46934499  0.67835567  0.70062655  0.79704831  0.77174545  0.56652977  0.59539827  0.61528609  0.63572054  0.63572054  0.57602860  0.62543311  0.64615231  0.65673254  0.70062655  0.57602860  0.56652977  0.52077494  0.55715077  0.56652977  0.45296297  0.50323335  0.52077494  0.52077494  0.77174545  0.66746550  0.71201726  0.75940978  0.75940978  0.74727544  0.72358520  0.67835567  0.66746550  0.66746550  0.66746550  0.61528609  0.60527568  0.61528609  0.62543311  0.61528609  0.62543311  0.63572054  0.60527568  0.61528609  0.62543311  0.58565036  
9_0_0      0.01333473  0.00000000  0.01783332  0.14551286  0.31306377  0.34740404  0.28668971  0.28668971  0.33347703  0.34040793  0.37606601  0.60527568  0.60527568  0.49461535  0.56652977  0.58565036  0.57602860  0.57602860  0.58565036  0.56652977  0.58565036  0.57602860  0.70062655  0.71201726  0.77174545  0.66746550  0.75940978  0.68940772  0.74727544  0.73533597  0.74727544  0.77174545  0.70062655  0.73533597  0.73533597  0.75940978  0.81003016  0.83669433  0.83669433  0.73533597  0.77174545  0.82324272  0.85039380  0.74727544  0.72358520  0.70062655  0.70062655  0.79704831  0.79704831  0.79704831  0.78428925  0.78428925  0.78428925  0.83669433  0.75940978  0.78428925  0.75940978  0.74727544  0.75940978  0.56652977  0.57602860  0.48609611  0.67835567  0.70062655  0.79704831  0.77174545  0.56652977  0.59539827  0.61528609  0.63572054  0.63572054  0.57602860  0.63572054  0.65673254  0.64615231  0.71201726  0.60527568  0.57602860  0.52970341  0.54788861  0.57602860  0.46110886  0.49461535  0.54788861  0.52970341  0.77174545  0.66746550  0.71201726  0.75940978  0.75940978  0.74727544  0.72358520  0.64615231  0.65673254  0.63572054  0.67835567  0.60527568  0.57602860  0.58565036  0.59539827  0.58565036  0.59539827  0.60527568  0.57602860  0.58565036  0.63572054  0.59539827  
20_0_0     0.00441839  0.01783332  0.00000000  0.12961127  0.30638203  0.34040793  0.28023982  0.28023982  0.31306377  0.34740404  0.35446661  0.59539827  0.59539827  0.48609611  0.55715077  0.55715077  0.54788861  0.54788861  0.59539827  0.57602860  0.59539827  0.54788861  0.68940772  0.70062655  0.75940978  0.67835567  0.74727544  0.65673254  0.71201726  0.70062655  0.71201726  0.73533597  0.66746550  0.70062655  0.70062655  0.74727544  0.77174545  0.79704831  0.79704831  0.72358520  0.75940978  0.81003016  0.83669433  0.73533597  0.71201726  0.66746550  0.66746550  0.81003016  0.81003016  0.81003016  0.77174545  0.77174545  0.77174545  0.82324272  0.77174545  0.79704831  0.77174545  0.75940978  0.77174545  0.53874041  0.54788861  0.46110886  0.66746550  0.68940772  0.78428925  0.75940978  0.55715077  0.58565036  0.60527568  0.62543311  0.62543311  0.56652977  0.61528609  0.63572054  0.64615231  0.68940772  0.56652977  0.55715077  0.51195241  0.54788861  0.55715077  0.44490537  0.49461535  0.51195241  0.51195241  0.75940978  0.65673254  0.70062655  0.74727544  0.74727544  0.73533597  0.71201726  0.66746550  0.65673254  0.65673254  0.65673254  0.60527568  0.59539827  0.60527568  0.61528609  0.60527568  0.61528609  0.62543311  0.59539827  0.60527568  0.61528609  0.57602860  
7_0_0      0.13487410  0.14551286  0.12961127  0.00000000  0.28668971  0.34740404  0.29975980  0.29975980  0.30638203  0.34040793  0.30638203  0.60527568  0.60527568  0.46110886  0.60527568  0.54788861  0.53874041  0.53874041  0.60527568  0.57602860  0.61528609  0.52970341  0.67835567  0.73533597  0.79704831  0.75940978  0.75940978  0.66746550  0.72358520  0.71201726  0.71201726  0.73533597  0.63572054  0.66746550  0.68940772  0.71201726  0.68940772  0.71201726  0.71201726  0.73533597  0.74727544  0.75940978  0.73533597  0.73533597  0.71201726  0.66746550  0.64615231  0.77174545  0.77174545  0.77174545  0.73533597  0.73533597  0.73533597  0.75940978  0.77174545  0.73533597  0.70062655  0.70062655  0.73533597  0.47767337  0.53874041  0.48609611  0.63572054  0.63572054  0.68940772  0.71201726  0.56652977  0.52077494  0.53874041  0.53874041  0.53874041  0.48609611  0.57602860  0.59539827  0.60527568  0.60527568  0.52970341  0.52970341  0.52077494  0.58565036  0.54788861  0.46110886  0.47767337  0.50323335  0.47767337  0.72358520  0.68940772  0.68940772  0.73533597  0.73533597  0.72358520  0.74727544  0.66746550  0.66746550  0.66746550  0.65673254  0.58565036  0.58565036  0.59539827  0.63572054  0.62543311  0.61528609  0.62543311  0.59539827  0.60527568  0.62543311  0.64615231  
2_0_0      0.31306377  0.31306377  0.30638203  0.28668971  0.00000000  0.17837422  0.12961127  0.12961127  0.22457845  0.34040793  0.32661015  0.60527568  0.59539827  0.59539827  0.61528609  0.56652977  0.57602860  0.57602860  0.56652977  0.54788861  0.53874041  0.48609611  0.62543311  0.55715077  0.63572054  0.57602860  0.73533597  0.68940772  0.61528609  0.65673254  0.62543311  0.62543311  0.61528609  0.64615231  0.66746550  0.59539827  0.61528609  0.61528609  0.63572054  0.63572054  0.66746550  0.70062655  0.75940978  0.68940772  0.71201726  0.70062655  0.67835567  0.73533597  0.78428925  0.78428925  0.72358520  0.72358520  0.68940772  0.72358520  0.72358520  0.66746550  0.61528609  0.61528609  0.58565036  0.48609611  0.51195241  0.43693415  0.65673254  0.59539827  0.61528609  0.59539827  0.45296297  0.51195241  0.51195241  0.51195241  0.49461535  0.42904749  0.64615231  0.64615231  0.64615231  0.62543311  0.48609611  0.42904749  0.45296297  0.43693415  0.53874041  0.46110886  0.50323335  0.46934499  0.57602860  0.73533597  0.64615231  0.64615231  0.70062655  0.70062655  0.71201726  0.71201726  0.59539827  0.63572054  0.57602860  0.60527568  0.51195241  0.50323335  0.49461535  0.53874041  0.54788861  0.52970341  0.54788861  0.52077494  0.49461535  0.62543311  0.58565036  
14_0_0     0.34740404  0.34740404  0.34040793  0.34740404  0.17837422  0.00000000  0.14017445  0.14017445  0.27384541  0.36879627  0.32661015  0.62543311  0.61528609  0.59539827  0.57602860  0.57602860  0.58565036  0.58565036  0.59539827  0.59539827  0.59539827  0.51195241  0.67835567  0.58565036  0.62543311  0.56652977  0.70062655  0.63572054  0.62543311  0.65673254  0.63572054  0.63572054  0.56652977  0.57602860  0.57602860  0.54788861  0.58565036  0.58565036  0.58565036  0.58565036  0.61528609  0.61528609  0.70062655  0.65673254  0.67835567  0.64615231  0.64615231  0.67835567  0.70062655  0.70062655  0.71201726  0.71201726  0.70062655  0.66746550  0.68940772  0.67835567  0.63572054  0.62543311  0.59539827  0.52970341  0.52970341  0.46934499  0.57602860  0.54788861  0.65673254  0.62543311  0.46934499  0.54788861  0.54788861  0.52970341  0.52970341  0.49461535  0.56652977  0.55715077  0.59539827  0.59539827  0.52970341  0.49461535  0.50323335  0.46934499  0.57602860  0.48609611  0.46934499  0.50323335  0.55715077  0.72358520  0.68940772  0.63572054  0.67835567  0.67835567  0.64615231  0.66746550  0.61528609  0.59539827  0.58565036  0.60527568  0.56652977  0.58565036  0.57602860  0.58565036  0.59539827  0.55715077  0.57602860  0.54788861  0.53874041  0.62543311  0.64615231  
4_0_0      0.28668971  0.28668971  0.28023982  0.29975980  0.12961127  0.14017445  0.00000000  0.00000000  0.20691368  0.31306377  0.35446661  0.61528609  0.60527568  0.60527568  0.60527568  0.59539827  0.60527568  0.60527568  0.64615231  0.62543311  0.61528609  0.52970341  0.62543311  0.56652977  0.60527568  0.54788861  0.71201726  0.66746550  0.67835567  0.74727544  0.67835567  0.70062655  0.61528609  0.64615231  0.66746550  0.65673254  0.67835567  0.70062655  0.70062655  0.62543311  0.65673254  0.67835567  0.71201726  0.65673254  0.67835567  0.62543311  0.62543311  0.72358520  0.77174545  0.77174545  0.75940978  0.75940978  0.75940978  0.78428925  0.71201726  0.72358520  0.70062655  0.68940772  0.63572054  0.47767337  0.51195241  0.44490537  0.64615231  0.53874041  0.66746550  0.65673254  0.49461535  0.51195241  0.52970341  0.51195241  0.49461535  0.49461535  0.63572054  0.61528609  0.66746550  0.65673254  0.53874041  0.46110886  0.43693415  0.45296297  0.56652977  0.42124361  0.49461535  0.47767337  0.52077494  0.70062655  0.65673254  0.67835567  0.71201726  0.71201726  0.65673254  0.65673254  0.66746550  0.66746550  0.65673254  0.65673254  0.58565036  0.58565036  0.57602860  0.59539827  0.58565036  0.58565036  0.57602860  0.55715077  0.54788861  0.71201726  0.63572054  
16_0_0     0.28668971  0.28668971  0.28023982  0.29975980  0.12961127  0.14017445  0.00000000  0.00000000  0.20691368  0.31306377  0.35446661  0.61528609  0.60527568  0.60527568  0.60527568  0.59539827  0.60527568  0.60527568  0.64615231  0.62543311  0.61528609  0.52970341  0.62543311  0.56652977  0.60527568  0.54788861  0.71201726  0.66746550  0.67835567  0.74727544  0.67835567  0.70062655  0.61528609  0.64615231  0.66746550  0.65673254  0.67835567  0.70062655  0.70062655  0.62543311  0.65673254  0.67835567  0.71201726  0.65673254  0.67835567  0.62543311  0.62543311  0.72358520  0.77174545  0.77174545  0.75940978  0.75940978  0.75940978  0.78428925  0.71201726  0.72358520  0.70062655  0.68940772  0.63572054  0.47767337  0.51195241  0.44490537  0.64615231  0.53874041  0.66746550  0.65673254  0.49461535  0.51195241  0.52970341  0.51195241  0.49461535  0.49461535  0.63572054  0.61528609  0.66746550  0.65673254  0.53874041  0.46110886  0.43693415  0.45296297  0.56652977  0.42124361  0.49461535  0.47767337  0.52077494  0.70062655  0.65673254  0.67835567  0.71201726  0.71201726  0.65673254  0.65673254  0.66746550  0.66746550  0.65673254  0.65673254  0.58565036  0.58565036  0.57602860  0.59539827  0.58565036  0.58565036  0.57602860  0.55715077  0.54788861  0.71201726  0.63572054  
15_0_0     0.31980611  0.33347703  0.31306377  0.30638203  0.22457845  0.27384541  0.20691368  0.20691368  0.00000000  0.34040793  0.30638203  0.56652977  0.56652977  0.60527568  0.60527568  0.55715077  0.56652977  0.56652977  0.66746550  0.66746550  0.61528609  0.54788861  0.62543311  0.53874041  0.59539827  0.55715077  0.61528609  0.57602860  0.63572054  0.67835567  0.59539827  0.60527568  0.53874041  0.56652977  0.54788861  0.52077494  0.55715077  0.57602860  0.57602860  0.60527568  0.61528609  0.71201726  0.70062655  0.70062655  0.67835567  0.67835567  0.65673254  0.71201726  0.71201726  0.71201726  0.77174545  0.77174545  0.79704831  0.77174545  0.79704831  0.79704831  0.75940978  0.75940978  0.70062655  0.52970341  0.53874041  0.46934499  0.64615231  0.61528609  0.65673254  0.63572054  0.49461535  0.52970341  0.51195241  0.48609611  0.46934499  0.51195241  0.62543311  0.60527568  0.70062655  0.63572054  0.53874041  0.52970341  0.53874041  0.52970341  0.55715077  0.54788861  0.53874041  0.53874041  0.52970341  0.64615231  0.63572054  0.66746550  0.71201726  0.71201726  0.67835567  0.63572054  0.73533597  0.73533597  0.72358520  0.72358520  0.71201726  0.70062655  0.71201726  0.70062655  0.68940772  0.68940772  0.73533597  0.70062655  0.68940772  0.73533597  0.56652977  
5_0_0      0.35446661  0.34040793  0.34740404  0.34040793  0.34040793  0.36879627  0.31306377  0.31306377  0.34040793  0.00000000  0.30638203  0.55715077  0.55715077  0.55715077  0.58565036  0.56652977  0.55715077  0.55715077  0.66746550  0.62543311  0.60527568  0.53874041  0.61528609  0.67835567  0.73533597  0.70062655  0.78428925  0.79704831  0.79704831  0.81003016  0.74727544  0.74727544  0.66746550  0.67835567  0.64615231  0.72358520  0.77174545  0.78428925  0.78428925  0.64615231  0.70062655  0.73533597  0.71201726  0.73533597  0.71201726  0.75940978  0.73533597  0.79704831  0.79704831  0.79704831  0.77174545  0.77174545  0.85039380  0.82324272  0.78428925  0.71201726  0.66746550  0.68940772  0.74727544  0.57602860  0.57602860  0.48609611  0.54788861  0.58565036  0.67835567  0.67835567  0.56652977  0.50323335  0.50323335  0.53874041  0.53874041  0.52970341  0.67835567  0.67835567  0.68940772  0.67835567  0.67835567  0.64615231  0.59539827  0.58565036  0.64615231  0.58565036  0.59539827  0.55715077  0.61528609  0.72358520  0.73533597  0.72358520  0.79704831  0.79704831  0.78428925  0.74727544  0.65673254  0.71201726  0.66746550  0.68940772  0.65673254  0.66746550  0.67835567  0.71201726  0.72358520  0.72358520  0.71201726  0.68940772  0.66746550  0.72358520  0.68940772  
19_0_0     0.36159692  0.37606601  0.35446661  0.30638203  0.32661015  0.32661015  0.35446661  0.35446661  0.30638203  0.30638203  0.00000000  0.52970341  0.52970341  0.46934499  0.55715077  0.51195241  0.50323335  0.50323335  0.61528609  0.63572054  0.60527568  0.58565036  0.53874041  0.59539827  0.68940772  0.63572054  0.73533597  0.70062655  0.64615231  0.70062655  0.62543311  0.61528609  0.54788861  0.55715077  0.52970341  0.59539827  0.58565036  0.60527568  0.60527568  0.64615231  0.61528609  0.67835567  0.62543311  0.72358520  0.68940772  0.67835567  0.65673254  0.73533597  0.71201726  0.71201726  0.75940978  0.75940978  0.72358520  0.72358520  0.75940978  0.68940772  0.62543311  0.62543311  0.62543311  0.45296297  0.48609611  0.45296297  0.55715077  0.60527568  0.71201726  0.70062655  0.47767337  0.51195241  0.49461535  0.50323335  0.48609611  0.51195241  0.58565036  0.58565036  0.65673254  0.55715077  0.46110886  0.44490537  0.45296297  0.46110886  0.42904749  0.55715077  0.53874041  0.58565036  0.52970341  0.63572054  0.64615231  0.64615231  0.66746550  0.66746550  0.66746550  0.62543311  0.71201726  0.73533597  0.70062655  0.67835567  0.62543311  0.67835567  0.66746550  0.61528609  0.61528609  0.64615231  0.65673254  0.63572054  0.66746550  0.70062655  0.64615231  
11_1_0     0.60527568  0.60527568  0.59539827  0.60527568  0.60527568  0.62543311  0.61528609  0.61528609  0.56652977  0.55715077  0.52970341  0.00000000  0.00441839  0.12438543  0.14017445  0.11404266  0.10892474  0.10892474  0.31980611  0.33347703  0.35446661  0.26750553  0.29319603  0.79704831  0.85039380  0.82324272  0.79704831  0.81003016  0.83669433  0.79704831  0.79704831  0.78428925  0.75940978  0.75940978  0.71201726  0.78428925  0.83669433  0.81003016  0.82324272  0.68940772  0.74727544  0.86435044  0.87857409  0.89307517  0.89307517  0.87857409  0.87857409  0.71201726  0.68940772  0.68940772  0.77174545  0.77174545  0.83669433  0.78428925  0.73533597  0.74727544  0.71201726  0.71201726  0.67835567  0.59539827  0.59539827  0.53874041  0.62543311  0.66746550  0.68940772  0.67835567  0.52077494  0.51195241  0.49461535  0.46934499  0.46934499  0.52077494  0.62543311  0.63572054  0.67835567  0.63572054  0.71201726  0.66746550  0.64615231  0.64615231  0.68940772  0.67835567  0.62543311  0.64615231  0.60527568  0.72358520  0.72358520  0.70062655  0.74727544  0.74727544  0.73533597  0.73533597  0.71201726  0.77174545  0.73533597  0.75940978  0.67835567  0.64615231  0.63572054  0.67835567  0.66746550  0.66746550  0.68940772  0.66746550  0.65673254  0.67835567  0.71201726  
1_1_0      0.60527568  0.60527568  0.59539827  0.60527568  0.59539827  0.61528609  0.60527568  0.60527568  0.56652977  0.55715077  0.52970341  0.00441839  0.00000000  0.12438543  0.13487410  0.11404266  0.10892474  0.10892474  0.31306377  0.32661015  0.34740404  0.26121925  0.28668971  0.79704831  0.85039380  0.82324272  0.79704831  0.81003016  0.83669433  0.79704831  0.79704831  0.78428925  0.75940978  0.75940978  0.71201726  0.77174545  0.82324272  0.79704831  0.81003016  0.68940772  0.74727544  0.85039380  0.87857409  0.87857409  0.87857409  0.86435044  0.86435044  0.70062655  0.68940772  0.68940772  0.77174545  0.77174545  0.82324272  0.77174545  0.72358520  0.74727544  0.71201726  0.71201726  0.67835567  0.58565036  0.58565036  0.52970341  0.61528609  0.66746550  0.68940772  0.66746550  0.51195241  0.50323335  0.48609611  0.46110886  0.46110886  0.51195241  0.62543311  0.63572054  0.66746550  0.62543311  0.70062655  0.65673254  0.63572054  0.63572054  0.67835567  0.67835567  0.62543311  0.64615231  0.60527568  0.71201726  0.72358520  0.68940772  0.73533597  0.73533597  0.72358520  0.73533597  0.71201726  0.77174545  0.73533597  0.75940978  0.66746550  0.63572054  0.62543311  0.66746550  0.65673254  0.65673254  0.67835567  0.65673254  0.64615231  0.66746550  0.70062655  
3_1_0      0.49461535  0.49461535  0.48609611  0.46110886  0.59539827  0.59539827  0.60527568  0.60527568  0.60527568  0.55715077  0.46934499  0.12438543  0.12438543  0.00000000  0.17837422  0.15088988  0.14551286  0.14551286  0.34040793  0.34040793  0.37606601  0.32661015  0.35446661  0.75940978  0.81003016  0.75940978  0.85039380  0.81003016  0.81003016  0.74727544  0.81003016  0.79704831  0.74727544  0.74727544  0.72358520  0.77174545  0.79704831  0.79704831  0.78428925  0.67835567  0.71201726  0.92295443  0.89307517  1.02055217  1.02055217  0.98657603  0.98657603  0.68940772  0.66746550  0.66746550  0.70062655  0.70062655  0.75940978  0.71201726  0.70062655  0.72358520  0.71201726  0.71201726  0.72358520  0.54788861  0.58565036  0.54788861  0.64615231  0.68940772  0.72358520  0.70062655  0.59539827  0.54788861  0.54788861  0.51195241  0.51195241  0.53874041  0.67835567  0.71201726  0.73533597  0.66746550  0.65673254  0.62543311  0.60527568  0.64615231  0.63572054  0.61528609  0.58565036  0.62543311  0.55715077  0.67835567  0.68940772  0.65673254  0.70062655  0.70062655  0.68940772  0.66746550  0.71201726  0.74727544  0.73533597  0.73533597  0.60527568  0.63572054  0.62543311  0.66746550  0.65673254  0.65673254  0.65673254  0.63572054  0.64615231  0.73533597  0.77174545  
3_0_0      0.56652977  0.56652977  0.55715077  0.60527568  0.61528609  0.57602860  0.60527568  0.60527568  0.60527568  0.58565036  0.55715077  0.14017445  0.13487410  0.17837422  0.00000000  0.07405302  0.06920222  0.06920222  0.35446661  0.36879627  0.35446661  0.31306377  0.33347703  0.85039380  0.87857409  0.82324272  0.89307517  0.85039380  0.87857409  0.83669433  0.78428925  0.77174545  0.75940978  0.75940978  0.71201726  0.77174545  0.85039380  0.82324272  0.83669433  0.77174545  0.83669433  0.92295443  1.03814079  0.95408492  0.93835675  0.87857409  0.90786471  0.72358520  0.73533597  0.73533597  0.77174545  0.77174545  0.85039380  0.82324272  0.74727544  0.82324272  0.81003016  0.78428925  0.73533597  0.64615231  0.62543311  0.53874041  0.60527568  0.71201726  0.70062655  0.71201726  0.59539827  0.60527568  0.58565036  0.56652977  0.56652977  0.60527568  0.56652977  0.57602860  0.62543311  0.62543311  0.64615231  0.60527568  0.60527568  0.60527568  0.62543311  0.65673254  0.58565036  0.68940772  0.60527568  0.73533597  0.75940978  0.77174545  0.83669433  0.83669433  0.79704831  0.75940978  0.77174545  0.81003016  0.79704831  0.85039380  0.68940772  0.75940978  0.73533597  0.74727544  0.73533597  0.71201726  0.73533597  0.72358520  0.73533597  0.70062655  0.75940978  
11_0_0     0.56652977  0.58565036  0.55715077  0.54788861  0.56652977  0.57602860  0.59539827  0.59539827  0.55715077  0.56652977  0.51195241  0.11404266  0.11404266  0.15088988  0.07405302  0.00000000  0.00441839  0.00441839  0.32661015  0.34740404  0.34740404  0.28023982  0.31980611  0.83669433  0.89307517  0.86435044  0.81003016  0.82324272  0.79704831  0.75940978  0.73533597  0.72358520  0.71201726  0.71201726  0.66746550  0.77174545  0.82324272  0.79704831  0.81003016  0.72358520  0.78428925  0.86435044  0.85039380  0.95408492  0.97015300  0.93835675  0.93835675  0.74727544  0.71201726  0.71201726  0.74727544  0.74727544  0.82324272  0.79704831  0.79704831  0.74727544  0.71201726  0.71201726  0.67835567  0.61528609  0.61528609  0.50323335  0.60527568  0.67835567  0.64615231  0.70062655  0.56652977  0.56652977  0.54788861  0.53874041  0.53874041  0.55715077  0.55715077  0.56652977  0.63572054  0.59539827  0.59539827  0.60527568  0.60527568  0.60527568  0.64615231  0.60527568  0.55715077  0.63572054  0.55715077  0.72358520  0.75940978  0.78428925  0.83669433  0.83669433  0.79704831  0.73533597  0.73533597  0.77174545  0.75940978  0.75940978  0.63572054  0.72358520  0.71201726  0.72358520  0.71201726  0.68940772  0.71201726  0.68940772  0.70062655  0.71201726  0.73533597  
1_0_0      0.55715077  0.57602860  0.54788861  0.53874041  0.57602860  0.58565036  0.60527568  0.60527568  0.56652977  0.55715077  0.50323335  0.10892474  0.10892474  0.14551286  0.06920222  0.00441839  0.00000000  0.00000000  0.31980611  0.34040793  0.34040793  0.28668971  0.31980611  0.85039380  0.90786471  0.87857409  0.82324272  0.83669433  0.81003016  0.77174545  0.74727544  0.73533597  0.72358520  0.72358520  0.67835567  0.78428925  0.83669433  0.81003016  0.82324272  0.73533597  0.79704831  0.87857409  0.86435044  0.93835675  0.95408492  0.92295443  0.92295443  0.73533597  0.70062655  0.70062655  0.73533597  0.73533597  0.81003016  0.78428925  0.78428925  0.75940978  0.72358520  0.72358520  0.68940772  0.60527568  0.60527568  0.49461535  0.59539827  0.67835567  0.65673254  0.71201726  0.57602860  0.57602860  0.55715077  0.54788861  0.54788861  0.56652977  0.56652977  0.57602860  0.64615231  0.60527568  0.60527568  0.61528609  0.61528609  0.61528609  0.65673254  0.61528609  0.56652977  0.64615231  0.56652977  0.71201726  0.74727544  0.77174545  0.82324272  0.82324272  0.78428925  0.72358520  0.74727544  0.78428925  0.77174545  0.77174545  0.64615231  0.73533597  0.72358520  0.73533597  0.72358520  0.70062655  0.72358520  0.70062655  0.71201726  0.70062655  0.72358520  
1_2_0      0.55715077  0.57602860  0.54788861  0.53874041  0.57602860  0.58565036  0.60527568  0.60527568  0.56652977  0.55715077  0.50323335  0.10892474  0.10892474  0.14551286  0.06920222  0.00441839  0.00000000  0.00000000  0.31980611  0.34040793  0.34040793  0.28668971  0.31980611  0.85039380  0.90786471  0.87857409  0.82324272  0.83669433  0.81003016  0.77174545  0.74727544  0.73533597  0.72358520  0.72358520  0.67835567  0.78428925  0.83669433  0.81003016  0.82324272  0.73533597  0.79704831  0.87857409  0.86435044  0.93835675  0.95408492  0.92295443  0.92295443  0.73533597  0.70062655  0.70062655  0.73533597  0.73533597  0.81003016  0.78428925  0.78428925  0.75940978  0.72358520  0.72358520  0.68940772  0.60527568  0.60527568  0.49461535  0.59539827  0.67835567  0.65673254  0.71201726  0.57602860  0.57602860  0.55715077  0.54788861  0.54788861  0.56652977  0.56652977  0.57602860  0.64615231  0.60527568  0.60527568  0.61528609  0.61528609  0.61528609  0.65673254  0.61528609  0.56652977  0.64615231  0.56652977  0.71201726  0.74727544  0.77174545  0.82324272  0.82324272  0.78428925  0.72358520  0.74727544  0.78428925  0.77174545  0.77174545  0.64615231  0.73533597  0.72358520  0.73533597  0.72358520  0.70062655  0.72358520  0.70062655  0.71201726  0.70062655  0.72358520  
12_0_0     0.60527568  0.58565036  0.59539827  0.60527568  0.56652977  0.59539827  0.64615231  0.64615231  0.66746550  0.66746550  0.61528609  0.31980611  0.31306377  0.34040793  0.35446661  0.32661015  0.31980611  0.31980611  0.00000000  0.03610492  0.11404266  0.23659253  0.29319603  0.81003016  0.86435044  0.81003016  0.86435044  0.89307517  0.77174545  0.73533597  0.81003016  0.77174545  0.81003016  0.78428925  0.74727544  0.78428925  0.83669433  0.81003016  0.82324272  0.83669433  0.87857409  0.92295443  0.97015300  0.86435044  0.89307517  0.92295443  0.92295443  0.70062655  0.71201726  0.71201726  0.77174545  0.77174545  0.78428925  0.71201726  0.75940978  0.83669433  0.82324272  0.83669433  0.86435044  0.68940772  0.68940772  0.62543311  0.79704831  0.79704831  0.74727544  0.74727544  0.64615231  0.62543311  0.60527568  0.62543311  0.62543311  0.62543311  0.77174545  0.75940978  0.74727544  0.73533597  0.67835567  0.68940772  0.68940772  0.71201726  0.72358520  0.64615231  0.63572054  0.70062655  0.71201726  0.82324272  0.81003016  0.79704831  0.85039380  0.85039380  0.86435044  0.85039380  0.78428925  0.82324272  0.82324272  0.85039380  0.70062655  0.66746550  0.66746550  0.70062655  0.71201726  0.67835567  0.70062655  0.67835567  0.68940772  0.72358520  0.78428925  
8_0_0      0.58565036  0.56652977  0.57602860  0.57602860  0.54788861  0.59539827  0.62543311  0.62543311  0.66746550  0.62543311  0.63572054  0.33347703  0.32661015  0.34040793  0.36879627  0.34740404  0.34040793  0.34040793  0.03610492  0.00000000  0.12961127  0.24880393  0.31980611  0.83669433  0.89307517  0.83669433  0.87857409  0.90786471  0.81003016  0.77174545  0.82324272  0.78428925  0.85039380  0.82324272  0.78428925  0.82324272  0.87857409  0.85039380  0.86435044  0.86435044  0.90786471  0.97015300  0.98657603  0.90786471  0.93835675  0.97015300  0.97015300  0.72358520  0.73533597  0.73533597  0.77174545  0.77174545  0.81003016  0.73533597  0.75940978  0.79704831  0.83669433  0.85039380  0.87857409  0.63572054  0.67835567  0.60527568  0.75940978  0.75940978  0.78428925  0.79704831  0.63572054  0.61528609  0.61528609  0.63572054  0.63572054  0.63572054  0.82324272  0.83669433  0.77174545  0.78428925  0.67835567  0.68940772  0.66746550  0.68940772  0.73533597  0.62543311  0.59539827  0.65673254  0.71201726  0.82324272  0.81003016  0.77174545  0.85039380  0.85039380  0.86435044  0.85039380  0.73533597  0.77174545  0.75940978  0.79704831  0.67835567  0.66746550  0.66746550  0.72358520  0.73533597  0.67835567  0.70062655  0.67835567  0.68940772  0.72358520  0.73533597  
10_0_0     0.60527568  0.58565036  0.59539827  0.61528609  0.53874041  0.59539827  0.61528609  0.61528609  0.61528609  0.60527568  0.60527568  0.35446661  0.34740404  0.37606601  0.35446661  0.34740404  0.34040793  0.34040793  0.11404266  0.12961127  0.00000000  0.23659253  0.30638203  0.78428925  0.79704831  0.78428925  0.81003016  0.78428925  0.75940978  0.72358520  0.70062655  0.71201726  0.77174545  0.74727544  0.71201726  0.74727544  0.79704831  0.77174545  0.78428925  0.83669433  0.83669433  0.87857409  0.95408492  0.81003016  0.82324272  0.82324272  0.82324272  0.78428925  0.82324272  0.82324272  0.85039380  0.85039380  0.89307517  0.81003016  0.81003016  0.81003016  0.73533597  0.74727544  0.82324272  0.65673254  0.67835567  0.59539827  0.73533597  0.73533597  0.73533597  0.71201726  0.61528609  0.60527568  0.59539827  0.63572054  0.63572054  0.62543311  0.70062655  0.66746550  0.70062655  0.66746550  0.67835567  0.64615231  0.65673254  0.70062655  0.67835567  0.58565036  0.53874041  0.65673254  0.60527568  0.75940978  0.74727544  0.71201726  0.78428925  0.78428925  0.75940978  0.81003016  0.75940978  0.79704831  0.79704831  0.82324272  0.65673254  0.66746550  0.66746550  0.68940772  0.67835567  0.66746550  0.67835567  0.63572054  0.64615231  0.75940978  0.79704831  
13_0_0     0.55715077  0.57602860  0.54788861  0.52970341  0.48609611  0.51195241  0.52970341  0.52970341  0.54788861  0.53874041  0.58565036  0.26750553  0.26121925  0.32661015  0.31306377  0.28023982  0.28668971  0.28668971  0.23659253  0.24880393  0.23659253  0.00000000  0.19536610  0.79704831  0.81003016  0.82324272  0.77174545  0.74727544  0.79704831  0.75940978  0.73533597  0.72358520  0.70062655  0.70062655  0.68940772  0.63572054  0.67835567  0.65673254  0.66746550  0.75940978  0.83669433  0.85039380  0.93835675  0.82324272  0.83669433  0.83669433  0.83669433  0.70062655  0.73533597  0.73533597  0.75940978  0.75940978  0.77174545  0.71201726  0.72358520  0.74727544  0.70062655  0.71201726  0.71201726  0.56652977  0.57602860  0.53874041  0.67835567  0.71201726  0.70062655  0.61528609  0.54788861  0.56652977  0.54788861  0.52970341  0.52970341  0.57602860  0.73533597  0.70062655  0.71201726  0.66746550  0.66746550  0.64615231  0.66746550  0.66746550  0.64615231  0.57602860  0.52077494  0.59539827  0.57602860  0.77174545  0.71201726  0.68940772  0.77174545  0.77174545  0.73533597  0.75940978  0.67835567  0.73533597  0.70062655  0.68940772  0.62543311  0.65673254  0.65673254  0.68940772  0.67835567  0.64615231  0.68940772  0.66746550  0.61528609  0.62543311  0.77174545  
13_3_0     0.70062655  0.70062655  0.68940772  0.67835567  0.62543311  0.67835567  0.62543311  0.62543311  0.62543311  0.61528609  0.53874041  0.29319603  0.28668971  0.35446661  0.33347703  0.31980611  0.31980611  0.31980611  0.29319603  0.31980611  0.30638203  0.19536610  0.00000000  0.75940978  0.79704831  0.77174545  0.90786471  0.86435044  0.87857409  0.95408492  0.81003016  0.85039380  0.82324272  0.82324272  0.78428925  0.79704831  0.79704831  0.77174545  0.78428925  0.82324272  0.86435044  0.89307517  0.95408492  0.92295443  0.90786471  0.89307517  0.90786471  0.78428925  0.79704831  0.79704831  0.87857409  0.87857409  0.86435044  0.83669433  0.83669433  0.82324272  0.81003016  0.79704831  0.82324272  0.61528609  0.62543311  0.66746550  0.66746550  0.78428925  0.71201726  0.74727544  0.72358520  0.63572054  0.61528609  0.62543311  0.60527568  0.62543311  0.75940978  0.72358520  0.75940978  0.70062655  0.70062655  0.68940772  0.68940772  0.68940772  0.71201726  0.70062655  0.63572054  0.70062655  0.70062655  0.89307517  0.77174545  0.81003016  0.77174545  0.77174545  0.73533597  0.78428925  0.79704831  0.85039380  0.79704831  0.78428925  0.73533597  0.81003016  0.77174545  0.78428925  0.77174545  0.75940978  0.77174545  0.75940978  0.74727544  0.73533597  0.79704831  
95_4_0     0.71201726  0.71201726  0.70062655  0.73533597  0.55715077  0.58565036  0.56652977  0.56652977  0.53874041  0.67835567  0.59539827  0.79704831  0.79704831  0.75940978  0.85039380  0.83669433  0.85039380  0.85039380  0.81003016  0.83669433  0.78428925  0.79704831  0.75940978  0.00000000  0.05483688  0.01783332  0.48609611  0.44490537  0.40587736  0.44490537  0.42904749  0.41352079  0.35446661  0.36159692  0.36159692  0.37606601  0.42124361  0.42124361  0.42124361  0.39082228  0.35446661  0.42904749  0.52970341  0.53874041  0.52077494  0.51195241  0.52077494  0.53874041  0.56652977  0.56652977  0.52077494  0.52077494  0.51195241  0.46934499  0.48609611  0.59539827  0.57602860  0.55715077  0.54788861  0.44490537  0.45296297  0.46934499  0.56652977  0.61528609  0.57602860  0.59539827  0.52077494  0.42124361  0.43693415  0.45296297  0.45296297  0.44490537  0.57602860  0.58565036  0.54788861  0.54788861  0.51195241  0.53874041  0.52970341  0.52970341  0.55715077  0.39831172  0.42124361  0.39082228  0.45296297  0.49461535  0.47767337  0.42904749  0.47767337  0.47767337  0.45296297  0.46110886  0.52077494  0.56652977  0.52970341  0.51195241  0.53874041  0.53874041  0.52970341  0.51195241  0.52077494  0.53874041  0.51195241  0.52077494  0.46934499  0.51195241  0.67835567  
48_4_0     0.77174545  0.77174545  0.75940978  0.79704831  0.63572054  0.62543311  0.60527568  0.60527568  0.59539827  0.73533597  0.68940772  0.85039380  0.85039380  0.81003016  0.87857409  0.89307517  0.90786471  0.90786471  0.86435044  0.89307517  0.79704831  0.81003016  0.79704831  0.05483688  0.00000000  0.05483688  0.48609611  0.44490537  0.45296297  0.49461535  0.46934499  0.45296297  0.41352079  0.42124361  0.42124361  0.43693415  0.48609611  0.48609611  0.48609611  0.46934499  0.41352079  0.46934499  0.56652977  0.58565036  0.56652977  0.53874041  0.56652977  0.54788861  0.57602860  0.57602860  0.54788861  0.54788861  0.52970341  0.48609611  0.50323335  0.59539827  0.58565036  0.55715077  0.52970341  0.47767337  0.48609611  0.53874041  0.55715077  0.63572054  0.58565036  0.62543311  0.53874041  0.45296297  0.46934499  0.47767337  0.46110886  0.48609611  0.61528609  0.62543311  0.56652977  0.59539827  0.57602860  0.56652977  0.55715077  0.56652977  0.58565036  0.43693415  0.47767337  0.42904749  0.50323335  0.52970341  0.47767337  0.42904749  0.49461535  0.49461535  0.45296297  0.49461535  0.59539827  0.64615231  0.60527568  0.58565036  0.59539827  0.57602860  0.58565036  0.58565036  0.59539827  0.61528609  0.58565036  0.59539827  0.53874041  0.56652977  0.73533597  
79_4_0     0.68940772  0.66746550  0.67835567  0.75940978  0.57602860  0.56652977  0.54788861  0.54788861  0.55715077  0.70062655  0.63572054  0.82324272  0.82324272  0.75940978  0.82324272  0.86435044  0.87857409  0.87857409  0.81003016  0.83669433  0.78428925  0.82324272  0.77174545  0.01783332  0.05483688  0.00000000  0.50323335  0.44490537  0.43693415  0.47767337  0.46110886  0.44490537  0.38340754  0.39082228  0.39082228  0.39082228  0.45296297  0.45296297  0.45296297  0.40587736  0.36879627  0.46110886  0.56652977  0.57602860  0.55715077  0.52970341  0.55715077  0.51195241  0.53874041  0.53874041  0.51195241  0.51195241  0.50323335  0.47767337  0.46110886  0.55715077  0.55715077  0.52077494  0.51195241  0.44490537  0.45296297  0.48609611  0.54788861  0.59539827  0.57602860  0.61528609  0.52077494  0.43693415  0.45296297  0.46934499  0.46934499  0.46110886  0.55715077  0.56652977  0.52970341  0.54788861  0.51195241  0.50323335  0.49461535  0.50323335  0.52077494  0.39831172  0.42124361  0.39082228  0.45296297  0.52077494  0.46934499  0.43693415  0.46934499  0.46934499  0.44490537  0.45296297  0.52077494  0.56652977  0.52970341  0.52970341  0.55715077  0.53874041  0.53874041  0.51195241  0.52077494  0.53874041  0.51195241  0.52077494  0.46934499  0.51195241  0.67835567  
86_4_0     0.73533597  0.75940978  0.74727544  0.75940978  0.73533597  0.70062655  0.71201726  0.71201726  0.61528609  0.78428925  0.73533597  0.79704831  0.79704831  0.85039380  0.89307517  0.81003016  0.82324272  0.82324272  0.86435044  0.87857409  0.81003016  0.77174545  0.90786471  0.48609611  0.48609611  0.50323335  0.00000000  0.07405302  0.09879338  0.13487410  0.14017445  0.14017445  0.17837422  0.16176200  0.17279547  0.18965888  0.22457845  0.21275543  0.21864344  0.24267316  0.23056122  0.32661015  0.38340754  0.34740404  0.32661015  0.31980611  0.32661015  0.66746550  0.66746550  0.66746550  0.70062655  0.70062655  0.67835567  0.65673254  0.65673254  0.67835567  0.66746550  0.65673254  0.64615231  0.43693415  0.42904749  0.46110886  0.46934499  0.56652977  0.60527568  0.59539827  0.46110886  0.40587736  0.42124361  0.49461535  0.48609611  0.50323335  0.61528609  0.62543311  0.65673254  0.59539827  0.65673254  0.57602860  0.56652977  0.63572054  0.53874041  0.43693415  0.51195241  0.54788861  0.47767337  0.57602860  0.64615231  0.59539827  0.63572054  0.63572054  0.62543311  0.63572054  0.54788861  0.56652977  0.55715077  0.51195241  0.55715077  0.53874041  0.55715077  0.51195241  0.50323335  0.52970341  0.52970341  0.51195241  0.55715077  0.46934499  0.60527568  
23_4_0     0.66746550  0.68940772  0.65673254  0.66746550  0.68940772  0.63572054  0.66746550  0.66746550  0.57602860  0.79704831  0.70062655  0.81003016  0.81003016  0.81003016  0.85039380  0.82324272  0.83669433  0.83669433  0.89307517  0.90786471  0.78428925  0.74727544  0.86435044  0.44490537  0.44490537  0.44490537  0.07405302  0.00000000  0.10892474  0.11404266  0.12438543  0.12438543  0.15630607  0.15088988  0.17279547  0.17837422  0.21275543  0.20111747  0.20691368  0.21864344  0.21864344  0.31306377  0.36879627  0.33347703  0.31306377  0.29319603  0.31306377  0.62543311  0.62543311  0.62543311  0.59539827  0.59539827  0.63572054  0.63572054  0.59539827  0.62543311  0.61528609  0.58565036  0.59539827  0.39831172  0.40587736  0.45296297  0.46110886  0.52077494  0.57602860  0.56652977  0.45296297  0.41352079  0.42904749  0.50323335  0.49461535  0.47767337  0.55715077  0.56652977  0.59539827  0.55715077  0.60527568  0.51195241  0.50323335  0.58565036  0.52970341  0.40587736  0.42904749  0.47767337  0.41352079  0.55715077  0.53874041  0.49461535  0.51195241  0.51195241  0.52077494  0.54788861  0.54788861  0.54788861  0.53874041  0.49461535  0.50323335  0.50323335  0.51195241  0.52970341  0.52077494  0.49461535  0.49461535  0.47767337  0.50323335  0.48609611  0.59539827  
81_4_0     0.72358520  0.74727544  0.71201726  0.72358520  0.61528609  0.62543311  0.67835567  0.67835567  0.63572054  0.79704831  0.64615231  0.83669433  0.83669433  0.81003016  0.87857409  0.79704831  0.81003016  0.81003016  0.77174545  0.81003016  0.75940978  0.79704831  0.87857409  0.40587736  0.45296297  0.43693415  0.09879338  0.10892474  0.00000000  0.05959456  0.06920222  0.07893567  0.12961127  0.11404266  0.13487410  0.16176200  0.19536610  0.18399514  0.18965888  0.20691368  0.18399514  0.29975980  0.34040793  0.31980611  0.32661015  0.31980611  0.32661015  0.62543311  0.62543311  0.62543311  0.63572054  0.63572054  0.60527568  0.63572054  0.57602860  0.70062655  0.66746550  0.65673254  0.66746550  0.42124361  0.41352079  0.44490537  0.50323335  0.57602860  0.60527568  0.61528609  0.45296297  0.42904749  0.44490537  0.52077494  0.51195241  0.47767337  0.59539827  0.60527568  0.61528609  0.55715077  0.59539827  0.52970341  0.52077494  0.57602860  0.54788861  0.42904749  0.50323335  0.50323335  0.48609611  0.54788861  0.61528609  0.54788861  0.60527568  0.60527568  0.61528609  0.60527568  0.53874041  0.54788861  0.52970341  0.50323335  0.49461535  0.52970341  0.52970341  0.43693415  0.44490537  0.46934499  0.46934499  0.45296297  0.51195241  0.49461535  0.59539827  
68_4_0     0.71201726  0.73533597  0.70062655  0.71201726  0.65673254  0.65673254  0.74727544  0.74727544  0.67835567  0.81003016  0.70062655  0.79704831  0.79704831  0.74727544  0.83669433  0.75940978  0.77174545  0.77174545  0.73533597  0.77174545  0.72358520  0.75940978  0.95408492  0.44490537  0.49461535  0.47767337  0.13487410  0.11404266  0.05959456  0.00000000  0.11404266  0.11404266  0.15088988  0.14551286  0.17837422  0.19536610  0.23056122  0.21864344  0.22457845  0.23056122  0.20691368  0.29975980  0.38340754  0.31980611  0.32661015  0.33347703  0.34040793  0.58565036  0.58565036  0.58565036  0.55715077  0.55715077  0.56652977  0.57602860  0.53874041  0.65673254  0.64615231  0.63572054  0.68940772  0.43693415  0.44490537  0.45296297  0.51195241  0.56652977  0.59539827  0.54788861  0.45296297  0.40587736  0.42124361  0.49461535  0.48609611  0.46934499  0.56652977  0.59539827  0.60527568  0.54788861  0.63572054  0.53874041  0.56652977  0.60527568  0.59539827  0.44490537  0.49461535  0.52077494  0.48609611  0.52970341  0.57602860  0.54788861  0.58565036  0.58565036  0.61528609  0.58565036  0.53874041  0.53874041  0.52970341  0.51195241  0.47767337  0.49461535  0.49461535  0.48609611  0.49461535  0.48609611  0.48609611  0.46934499  0.49461535  0.52970341  0.59539827  
