fastme_mat.p : 1.0451161861419678
fastme.f81 : 1.9043242931365967
ba.exp : 21.721643209457397
pipeline_dl8771421 : 25.564524173736572
