fastme_mat.p : 0.4727518589448929
fastme.f81 : 1.036293066573143
ba.exp : 10.89703846831727
