27
89_0_0     0.00000000  0.16855076  0.16855076  0.19781378  0.16283489  0.18011707  0.14594826  0.19781378  0.19186759  0.16855076  0.16855076  0.24083548  0.55088402  0.40297329  0.40297329  0.37969243  0.35712373  0.36457019  0.52253363  0.41089972  0.41089972  0.37969243  0.37969243  0.44348546  0.33522492  0.41891224  0.38737138  
79_0_0     0.16855076  0.00000000  0.00918941  0.09229744  0.06188491  0.06686741  0.04713617  0.27981947  0.27317742  0.24719145  0.24719145  0.32806740  0.64312288  0.46033439  0.46033439  0.44348546  0.41891224  0.42701272  0.51332051  0.43520312  0.43520312  0.39513110  0.39513110  0.46890537  0.37969243  0.42701272  0.41891224  
99_0_0     0.16855076  0.00918941  0.00000000  0.08202002  0.06188491  0.06686741  0.04713617  0.27981947  0.27317742  0.24719145  0.24719145  0.32806740  0.62160585  0.46033439  0.46033439  0.42701272  0.40297329  0.41089972  0.53186325  0.43520312  0.43520312  0.37969243  0.37969243  0.48635192  0.37969243  0.41891224  0.41089972  
86_0_0     0.19781378  0.09229744  0.08202002  0.00000000  0.07693449  0.09229744  0.06188491  0.27981947  0.26007004  0.28652186  0.28652186  0.34245255  0.63228593  0.46890537  0.46890537  0.43520312  0.41089972  0.41891224  0.53186325  0.42701272  0.41891224  0.41891224  0.41089972  0.52253363  0.40297329  0.44348546  0.41891224  
80_0_0     0.16283489  0.06188491  0.06188491  0.07693449  0.00000000  0.05201973  0.02319174  0.27317742  0.25360265  0.25360265  0.25360265  0.32806740  0.61107815  0.46033439  0.46033439  0.42701272  0.40297329  0.41089972  0.50422101  0.46033439  0.45186183  0.42701272  0.42701272  0.50422101  0.42701272  0.44348546  0.43520312  
94_0_0     0.18011707  0.06686741  0.06686741  0.09229744  0.05201973  0.00000000  0.03746496  0.26659462  0.24719145  0.24719145  0.24719145  0.30011210  0.63228593  0.45186183  0.46890537  0.41891224  0.41089972  0.41891224  0.50422101  0.45186183  0.44348546  0.40297329  0.40297329  0.52253363  0.41891224  0.44348546  0.40297329  
82_0_0     0.14594826  0.04713617  0.04713617  0.06188491  0.02319174  0.03746496  0.00000000  0.26659462  0.24719145  0.24719145  0.24719145  0.31395736  0.59046296  0.43520312  0.43520312  0.40297329  0.37969243  0.38737138  0.47757708  0.41891224  0.41089972  0.39513110  0.39513110  0.49523237  0.39513110  0.43520312  0.41089972  
95_0_0     0.19781378  0.27981947  0.27981947  0.27981947  0.27317742  0.26659462  0.26659462  0.00000000  0.01849471  0.03267647  0.03267647  0.20985187  0.58036742  0.36457019  0.37969243  0.34975167  0.35712373  0.36457019  0.49523237  0.40297329  0.40297329  0.34245255  0.34245255  0.41891224  0.34245255  0.37969243  0.34245255  
78_0_0     0.19186759  0.27317742  0.27317742  0.26007004  0.25360265  0.24719145  0.24719145  0.01849471  0.00000000  0.03746496  0.03746496  0.21594538  0.57040814  0.34975167  0.36457019  0.33522492  0.34245255  0.34975167  0.48635192  0.39513110  0.38737138  0.34245255  0.34245255  0.43520312  0.34245255  0.37209257  0.33522492  
95_3_0     0.16855076  0.24719145  0.24719145  0.28652186  0.25360265  0.24719145  0.24719145  0.03267647  0.03746496  0.00000000  0.00000000  0.20985187  0.58036742  0.37969243  0.39513110  0.33522492  0.35712373  0.36457019  0.52253363  0.41891224  0.41891224  0.34245255  0.34245255  0.42701272  0.34245255  0.37969243  0.33522492  
78_3_0     0.16855076  0.24719145  0.24719145  0.28652186  0.25360265  0.24719145  0.24719145  0.03267647  0.03746496  0.00000000  0.00000000  0.20985187  0.58036742  0.37969243  0.39513110  0.33522492  0.35712373  0.36457019  0.52253363  0.41891224  0.41891224  0.34245255  0.34245255  0.42701272  0.34245255  0.37969243  0.33522492  
92_0_0     0.24083548  0.32806740  0.32806740  0.34245255  0.32806740  0.30011210  0.31395736  0.20985187  0.21594538  0.20985187  0.20985187  0.00000000  0.64312288  0.45186183  0.46890537  0.43520312  0.44348546  0.45186183  0.55088402  0.49523237  0.47757708  0.38737138  0.38737138  0.45186183  0.38737138  0.49523237  0.43520312  
90_0_0     0.55088402  0.64312288  0.62160585  0.63228593  0.61107815  0.63228593  0.59046296  0.58036742  0.57040814  0.58036742  0.58036742  0.64312288  0.00000000  0.69983200  0.69983200  0.66528629  0.64312288  0.65412137  0.76126531  0.68813612  0.67662276  0.62160585  0.64312288  0.74856262  0.65412137  0.72379508  0.69983200  
7_0_0      0.40297329  0.46033439  0.46033439  0.46890537  0.46033439  0.45186183  0.43520312  0.36457019  0.34975167  0.37969243  0.37969243  0.45186183  0.69983200  0.00000000  0.00918941  0.09749034  0.09749034  0.10272005  0.34975167  0.11863531  0.12943947  0.23453380  0.23453380  0.34975167  0.24719145  0.31395736  0.32806740  
67_0_0     0.40297329  0.46033439  0.46033439  0.46890537  0.46033439  0.46890537  0.43520312  0.37969243  0.36457019  0.39513110  0.39513110  0.46890537  0.69983200  0.00918941  0.00000000  0.10798708  0.09749034  0.10272005  0.33522492  0.11863531  0.12943947  0.24719145  0.24719145  0.36457019  0.24719145  0.30011210  0.32806740  
62_0_0     0.37969243  0.44348546  0.42701272  0.43520312  0.42701272  0.41891224  0.40297329  0.34975167  0.33522492  0.33522492  0.33522492  0.43520312  0.66528629  0.09749034  0.10798708  0.00000000  0.01382739  0.01849471  0.36457019  0.14594826  0.15716296  0.24083548  0.25360265  0.37209257  0.27981947  0.34245255  0.34975167  
69_0_0     0.35712373  0.41891224  0.40297329  0.41089972  0.40297329  0.41089972  0.37969243  0.35712373  0.34245255  0.35712373  0.35712373  0.44348546  0.64312288  0.09749034  0.09749034  0.01382739  0.00000000  0.00458040  0.34975167  0.13490146  0.14594826  0.25360265  0.26659462  0.38737138  0.27981947  0.32806740  0.35712373  
45_0_0     0.36457019  0.42701272  0.41089972  0.41891224  0.41089972  0.41891224  0.38737138  0.36457019  0.34975167  0.36457019  0.36457019  0.45186183  0.65412137  0.10272005  0.10272005  0.01849471  0.00458040  0.00000000  0.35712373  0.14040418  0.15153430  0.26007004  0.27317742  0.39513110  0.28652186  0.33522492  0.36457019  
59_0_0     0.52253363  0.51332051  0.53186325  0.53186325  0.50422101  0.50422101  0.47757708  0.49523237  0.48635192  0.52253363  0.52253363  0.55088402  0.76126531  0.34975167  0.33522492  0.36457019  0.34975167  0.35712373  0.00000000  0.35712373  0.35712373  0.46033439  0.46033439  0.45186183  0.42701272  0.45186183  0.44348546  
9_0_0      0.41089972  0.43520312  0.43520312  0.42701272  0.46033439  0.45186183  0.41891224  0.40297329  0.39513110  0.41891224  0.41891224  0.49523237  0.68813612  0.11863531  0.11863531  0.14594826  0.13490146  0.14040418  0.35712373  0.00000000  0.01849471  0.23453380  0.23453380  0.37209257  0.24719145  0.30700226  0.33522492  
63_0_0     0.41089972  0.43520312  0.43520312  0.41891224  0.45186183  0.44348546  0.41089972  0.40297329  0.38737138  0.41891224  0.41891224  0.47757708  0.67662276  0.12943947  0.12943947  0.15716296  0.14594826  0.15153430  0.35712373  0.01849471  0.00000000  0.23453380  0.23453380  0.35712373  0.24719145  0.31395736  0.32806740  
57_0_0     0.37969243  0.39513110  0.37969243  0.41891224  0.42701272  0.40297329  0.39513110  0.34245255  0.34245255  0.34245255  0.34245255  0.38737138  0.62160585  0.23453380  0.24719145  0.24083548  0.25360265  0.26007004  0.46033439  0.23453380  0.23453380  0.00000000  0.00918941  0.24083548  0.02791887  0.19781378  0.19186759  
3_0_0      0.37969243  0.39513110  0.37969243  0.41089972  0.42701272  0.40297329  0.39513110  0.34245255  0.34245255  0.34245255  0.34245255  0.38737138  0.64312288  0.23453380  0.24719145  0.25360265  0.26659462  0.27317742  0.46033439  0.23453380  0.23453380  0.00918941  0.00000000  0.24083548  0.02791887  0.20985187  0.19186759  
61_0_0     0.44348546  0.46890537  0.48635192  0.52253363  0.50422101  0.52253363  0.49523237  0.41891224  0.43520312  0.42701272  0.42701272  0.45186183  0.74856262  0.34975167  0.36457019  0.37209257  0.38737138  0.39513110  0.45186183  0.37209257  0.35712373  0.24083548  0.24083548  0.00000000  0.25360265  0.34245255  0.34245255  
17_0_0     0.33522492  0.37969243  0.37969243  0.40297329  0.42701272  0.41891224  0.39513110  0.34245255  0.34245255  0.34245255  0.34245255  0.38737138  0.65412137  0.24719145  0.24719145  0.27981947  0.27981947  0.28652186  0.42701272  0.24719145  0.24719145  0.02791887  0.02791887  0.25360265  0.00000000  0.21594538  0.19781378  
48_1_0     0.41891224  0.42701272  0.41891224  0.44348546  0.44348546  0.44348546  0.43520312  0.37969243  0.37209257  0.37969243  0.37969243  0.49523237  0.72379508  0.31395736  0.30011210  0.34245255  0.32806740  0.33522492  0.45186183  0.30700226  0.31395736  0.19781378  0.20985187  0.34245255  0.21594538  0.00000000  0.10272005  
48_0_0     0.38737138  0.41891224  0.41089972  0.41891224  0.43520312  0.40297329  0.41089972  0.34245255  0.33522492  0.33522492  0.33522492  0.43520312  0.69983200  0.32806740  0.32806740  0.34975167  0.35712373  0.36457019  0.44348546  0.33522492  0.32806740  0.19186759  0.19186759  0.34245255  0.19781378  0.10272005  0.00000000  

