21
15_19_0    0.00000000  0.09739633  0.11748203  0.09739633  0.32775336  0.36937863  0.35524381  0.35524381  0.39109624  0.36937863  0.35524381  0.36227773  0.37654779  0.35524381  0.36227773  0.34137192  0.34827561  0.37654779  0.39109624  0.38378654  0.38378654  
29_30_0    0.09739633  0.00000000  0.05408885  0.06349773  0.36227773  0.39109624  0.35524381  0.35524381  0.43652619  0.38378654  0.38378654  0.39109624  0.39109624  0.37654779  0.38378654  0.39847830  0.37654779  0.39109624  0.37654779  0.36937863  0.35524381  
39_30_0    0.11748203  0.05408885  0.00000000  0.07302684  0.36227773  0.39109624  0.36937863  0.36937863  0.46842704  0.39847830  0.39847830  0.40593417  0.40593417  0.38378654  0.42107333  0.40593417  0.39847830  0.39847830  0.40593417  0.39847830  0.41346533  
29_19_0    0.09739633  0.06349773  0.07302684  0.00000000  0.34827561  0.34827561  0.31437904  0.32775336  0.39109624  0.35524381  0.35524381  0.37654779  0.36227773  0.36937863  0.36227773  0.39847830  0.37654779  0.39109624  0.37654779  0.36937863  0.36937863  
15_26_0    0.32775336  0.36227773  0.36227773  0.34827561  0.00000000  0.03107325  0.09245831  0.08267929  0.14866285  0.10737156  0.09739633  0.11240966  0.09245831  0.13812372  0.15398880  0.39109624  0.30124036  0.36937863  0.32775336  0.32103622  0.35524381  
15_18_0    0.36937863  0.39109624  0.39109624  0.34827561  0.03107325  0.00000000  0.06824706  0.06824706  0.11240966  0.09245831  0.08267929  0.09739633  0.07783745  0.14337467  0.12773146  0.38378654  0.29475682  0.37654779  0.34827561  0.34137192  0.36227773  
16_18_0    0.35524381  0.35524381  0.36937863  0.31437904  0.09245831  0.06824706  0.00000000  0.00874675  0.12258914  0.08755277  0.09739633  0.09245831  0.07302684  0.12773146  0.11240966  0.39109624  0.30124036  0.38378654  0.34137192  0.34137192  0.34827561  
28_18_0    0.35524381  0.35524381  0.36937863  0.32775336  0.08267929  0.06824706  0.00874675  0.00000000  0.12258914  0.07783745  0.08755277  0.08267929  0.06349773  0.11748203  0.10236727  0.39847830  0.28832916  0.36937863  0.32775336  0.32775336  0.33453155  
5_25_0     0.39109624  0.43652619  0.46842704  0.39109624  0.14866285  0.11240966  0.12258914  0.12258914  0.00000000  0.13812372  0.12773146  0.13290949  0.12258914  0.18676886  0.16475618  0.40593417  0.32103622  0.37654779  0.35524381  0.34827561  0.36937863  
39_31_0    0.36937863  0.38378654  0.39847830  0.35524381  0.10737156  0.09245831  0.08755277  0.07783745  0.13812372  0.00000000  0.04479720  0.04019443  0.02206228  0.10737156  0.09245831  0.41346533  0.33453155  0.40593417  0.37654779  0.37654779  0.39847830  
39_32_0    0.35524381  0.38378654  0.39847830  0.35524381  0.09739633  0.08267929  0.09739633  0.08755277  0.12773146  0.04479720  0.00000000  0.02206228  0.03107325  0.10737156  0.08267929  0.38378654  0.32103622  0.37654779  0.36937863  0.36227773  0.36937863  
39_18_0    0.36227773  0.39109624  0.40593417  0.37654779  0.11240966  0.09739633  0.09245831  0.08267929  0.13290949  0.04019443  0.02206228  0.00000000  0.02655415  0.10236727  0.08755277  0.38378654  0.31437904  0.39109624  0.36227773  0.36227773  0.38378654  
29_18_0    0.37654779  0.39109624  0.40593417  0.36227773  0.09245831  0.07783745  0.07302684  0.06349773  0.12258914  0.02206228  0.03107325  0.02655415  0.00000000  0.09245831  0.07783745  0.39109624  0.32775336  0.39847830  0.36937863  0.36937863  0.39109624  
39_29_0    0.35524381  0.37654779  0.38378654  0.36937863  0.13812372  0.14337467  0.12773146  0.11748203  0.18676886  0.10737156  0.10737156  0.10236727  0.09245831  0.00000000  0.07783745  0.38378654  0.36227773  0.40593417  0.35524381  0.35524381  0.36937863  
29_29_0    0.36227773  0.38378654  0.42107333  0.36227773  0.15398880  0.12773146  0.11240966  0.10236727  0.16475618  0.09245831  0.08267929  0.08755277  0.07783745  0.07783745  0.00000000  0.38378654  0.33453155  0.39109624  0.36227773  0.36227773  0.38378654  
38_36_0    0.34137192  0.39847830  0.40593417  0.39847830  0.39109624  0.38378654  0.39109624  0.39847830  0.40593417  0.41346533  0.38378654  0.38378654  0.39109624  0.38378654  0.38378654  0.00000000  0.13812372  0.17019874  0.13812372  0.12773146  0.18676886  
41_39_0    0.34827561  0.37654779  0.39847830  0.37654779  0.30124036  0.29475682  0.30124036  0.28832916  0.32103622  0.33453155  0.32103622  0.31437904  0.32775336  0.36227773  0.33453155  0.13812372  0.00000000  0.12258914  0.10737156  0.10737156  0.12258914  
45_33_0    0.37654779  0.39109624  0.39847830  0.39109624  0.36937863  0.37654779  0.38378654  0.36937863  0.37654779  0.40593417  0.37654779  0.39109624  0.39847830  0.40593417  0.39109624  0.17019874  0.12258914  0.00000000  0.10737156  0.10737156  0.13290949  
35_41_0    0.39109624  0.37654779  0.40593417  0.37654779  0.32775336  0.34827561  0.34137192  0.32775336  0.35524381  0.37654779  0.36937863  0.36227773  0.36937863  0.35524381  0.36227773  0.13812372  0.10737156  0.10737156  0.00000000  0.00874675  0.06824706  
35_33_0    0.38378654  0.36937863  0.39847830  0.36937863  0.32103622  0.34137192  0.34137192  0.32775336  0.34827561  0.37654779  0.36227773  0.36227773  0.36937863  0.35524381  0.36227773  0.12773146  0.10737156  0.10737156  0.00874675  0.00000000  0.06824706  
35_40_0    0.38378654  0.35524381  0.41346533  0.36937863  0.35524381  0.36227773  0.34827561  0.33453155  0.36937863  0.39847830  0.36937863  0.38378654  0.39109624  0.36937863  0.38378654  0.18676886  0.12258914  0.13290949  0.06824706  0.06824706  0.00000000  

