156
30_4_0     0.00000000  0.12461032  0.08755212  0.08240647  0.08240647  0.13005923  0.05720187  0.12461032  0.07222133  0.18099486  0.22318838  0.21701135  0.07222133  0.07222133  0.11920125  0.14665106  0.11383145  0.11383145  0.11920125  0.13005923  0.12461032  0.12461032  0.12461032  0.19280656  0.24842564  0.24842564  0.26137471  0.15792273  0.11383145  0.09795208  0.09795208  0.16936884  0.15792273  0.16936884  0.18687713  0.16362364  0.18099486  0.15226543  0.29477538  0.30856974  0.29477538  0.41308478  0.38941201  0.38168652  0.44587524  0.30856974  0.33695512  0.39721905  0.42114712  0.39721905  0.38168652  0.36647348  0.36647348  0.38941201  0.38168652  0.38168652  0.39721905  0.35898271  0.37404089  0.36647348  0.47145878  0.34422500  0.35156705  0.39721905  0.41308478  0.38941201  0.42929831  0.40510937  0.38941201  0.51616851  0.46283223  0.40510937  0.39721905  0.42929831  0.37404089  0.38941201  0.40510937  0.47145878  0.38941201  0.40510937  0.47145878  0.50700774  0.32262627  0.32262627  0.32262627  0.31556461  0.30856974  0.30856974  0.46283223  0.43754034  0.45430514  0.43754034  0.47145878  0.47145878  0.42114712  0.42114712  0.37404089  0.42114712  0.38941201  0.38168652  0.38168652  0.38168652  0.38941201  0.36647348  0.38941201  0.32975599  0.35156705  0.35156705  0.35898271  0.37404089  0.33695512  0.31556461  0.38941201  0.31556461  0.34422500  0.32262627  0.31556461  0.42114712  0.32975599  0.33695512  0.32262627  0.40510937  0.35898271  0.37404089  0.38168652  0.39721905  0.38168652  0.34422500  0.32262627  0.37404089  0.38168652  0.38941201  0.42114712  0.48018713  0.41308478  0.48018713  0.37404089  0.38941201  0.39721905  0.40510937  0.36647348  0.38168652  0.37404089  0.35898271  0.47145878  0.37404089  0.36647348  0.42929831  0.42114712  0.42114712  0.42114712  0.37404089  0.37404089  0.38168652  0.31556461  0.31556461  
31_4_0     0.12461032  0.00000000  0.11920125  0.11383145  0.12461032  0.13554859  0.12461032  0.18099486  0.14665106  0.25487184  0.29477538  0.28797349  0.14665106  0.14665106  0.19280656  0.22941742  0.20480995  0.21701135  0.19878390  0.21088549  0.19280656  0.19280656  0.19878390  0.26793527  0.32975599  0.32975599  0.30164040  0.23569937  0.18099486  0.16936884  0.18099486  0.21088549  0.19878390  0.22318838  0.24842564  0.22318838  0.24203513  0.22318838  0.26793527  0.31556461  0.30164040  0.44587524  0.42114712  0.41308478  0.42929831  0.35898271  0.40510937  0.46283223  0.48901971  0.45430514  0.43754034  0.42929831  0.42929831  0.43754034  0.45430514  0.43754034  0.44587524  0.43754034  0.43754034  0.42114712  0.46283223  0.38941201  0.40510937  0.42929831  0.43754034  0.42114712  0.49795904  0.46283223  0.42114712  0.45430514  0.46283223  0.42114712  0.47145878  0.47145878  0.41308478  0.42114712  0.42114712  0.53483763  0.38168652  0.36647348  0.45430514  0.52544417  0.38941201  0.38941201  0.38941201  0.40510937  0.42929831  0.41308478  0.56375575  0.42114712  0.43754034  0.42114712  0.46283223  0.47145878  0.45430514  0.45430514  0.37404089  0.44587524  0.42114712  0.38168652  0.38168652  0.38168652  0.38941201  0.38941201  0.40510937  0.35156705  0.37404089  0.37404089  0.38168652  0.43754034  0.39721905  0.37404089  0.44587524  0.38168652  0.38168652  0.39721905  0.38168652  0.44587524  0.41308478  0.40510937  0.38941201  0.41308478  0.35898271  0.35898271  0.42929831  0.44587524  0.42929831  0.37404089  0.38941201  0.39721905  0.40510937  0.40510937  0.48901971  0.55399021  0.47145878  0.51616851  0.44587524  0.44587524  0.43754034  0.44587524  0.38941201  0.42114712  0.41308478  0.42114712  0.52544417  0.42929831  0.42114712  0.46283223  0.45430514  0.40510937  0.40510937  0.40510937  0.42114712  0.42929831  0.36647348  0.36647348  
27_4_0     0.08755212  0.11920125  0.00000000  0.00460144  0.03282795  0.13554859  0.08755212  0.13005923  0.10850036  0.24842564  0.25487184  0.24842564  0.10850036  0.10850036  0.13554859  0.19878390  0.15226543  0.16362364  0.14665106  0.15792273  0.15226543  0.15226543  0.15792273  0.20480995  0.24842564  0.24842564  0.28123359  0.17515901  0.14665106  0.13005923  0.13005923  0.19280656  0.18099486  0.19878390  0.23569937  0.19878390  0.21701135  0.18687713  0.29477538  0.29477538  0.28123359  0.44587524  0.42114712  0.41308478  0.49795904  0.30856974  0.35156705  0.41308478  0.43754034  0.42929831  0.41308478  0.40510937  0.40510937  0.40510937  0.39721905  0.41308478  0.42929831  0.37404089  0.38941201  0.39721905  0.48018713  0.37404089  0.38168652  0.41308478  0.42929831  0.40510937  0.43754034  0.42929831  0.41308478  0.53483763  0.45430514  0.42114712  0.39721905  0.41308478  0.37404089  0.38941201  0.40510937  0.48901971  0.38941201  0.40510937  0.46283223  0.49795904  0.38168652  0.38168652  0.38168652  0.38941201  0.40510937  0.39721905  0.55399021  0.47145878  0.50700774  0.48901971  0.52544417  0.54435193  0.40510937  0.42114712  0.37404089  0.40510937  0.40510937  0.39721905  0.39721905  0.39721905  0.40510937  0.38168652  0.37404089  0.31556461  0.33695512  0.33695512  0.34422500  0.36647348  0.34422500  0.32262627  0.38168652  0.31556461  0.32975599  0.33695512  0.31556461  0.41308478  0.34422500  0.35156705  0.33695512  0.42929831  0.38941201  0.40510937  0.42114712  0.43754034  0.42114712  0.36647348  0.35156705  0.38168652  0.37404089  0.38168652  0.47145878  0.54435193  0.46283223  0.48018713  0.41308478  0.42114712  0.41308478  0.42114712  0.39721905  0.41308478  0.38941201  0.40510937  0.48901971  0.40510937  0.39721905  0.42929831  0.43754034  0.43754034  0.43754034  0.42929831  0.42929831  0.43754034  0.32975599  0.32975599  
24_4_0     0.08240647  0.11383145  0.00460144  0.00000000  0.03763890  0.13005923  0.08240647  0.13554859  0.10320741  0.24203513  0.24842564  0.24203513  0.10320741  0.10320741  0.13005923  0.19280656  0.14665106  0.15792273  0.14107900  0.15226543  0.14665106  0.14665106  0.15226543  0.19878390  0.24203513  0.24203513  0.27455454  0.16936884  0.14107900  0.12461032  0.12461032  0.18687713  0.17515901  0.19280656  0.22941742  0.19280656  0.21088549  0.18099486  0.30164040  0.28797349  0.27455454  0.43754034  0.41308478  0.40510937  0.48901971  0.31556461  0.34422500  0.42114712  0.44587524  0.42114712  0.40510937  0.39721905  0.39721905  0.39721905  0.38941201  0.40510937  0.43754034  0.38168652  0.39721905  0.38941201  0.47145878  0.36647348  0.37404089  0.40510937  0.42114712  0.39721905  0.42929831  0.42114712  0.40510937  0.52544417  0.44587524  0.41308478  0.38941201  0.40510937  0.36647348  0.38168652  0.39721905  0.48018713  0.39721905  0.41308478  0.47145878  0.50700774  0.37404089  0.37404089  0.37404089  0.38168652  0.39721905  0.38941201  0.54435193  0.46283223  0.49795904  0.48018713  0.51616851  0.53483763  0.41308478  0.41308478  0.36647348  0.39721905  0.39721905  0.38941201  0.38941201  0.38941201  0.39721905  0.37404089  0.36647348  0.32262627  0.34422500  0.34422500  0.35156705  0.37404089  0.35156705  0.32975599  0.38941201  0.32262627  0.33695512  0.34422500  0.32262627  0.40510937  0.33695512  0.34422500  0.32975599  0.43754034  0.39721905  0.41308478  0.41308478  0.42929831  0.41308478  0.35898271  0.34422500  0.37404089  0.38168652  0.38941201  0.48018713  0.55399021  0.47145878  0.48901971  0.40510937  0.41308478  0.40510937  0.41308478  0.38941201  0.40510937  0.38168652  0.39721905  0.48018713  0.39721905  0.38941201  0.42114712  0.42929831  0.42929831  0.42929831  0.42114712  0.42114712  0.42929831  0.32262627  0.32262627  
15_4_0     0.08240647  0.12461032  0.03282795  0.03763890  0.00000000  0.13005923  0.09273382  0.12461032  0.09795208  0.22941742  0.24842564  0.24203513  0.09273382  0.09273382  0.14107900  0.19280656  0.14665106  0.15792273  0.14107900  0.15226543  0.15792273  0.15792273  0.16362364  0.22318838  0.25487184  0.25487184  0.26137471  0.19280656  0.13005923  0.11383145  0.11383145  0.18687713  0.16362364  0.17515901  0.20480995  0.18099486  0.19878390  0.16936884  0.26137471  0.28123359  0.26793527  0.39721905  0.40510937  0.39721905  0.46283223  0.29477538  0.32262627  0.42929831  0.43754034  0.44587524  0.42929831  0.39721905  0.39721905  0.42114712  0.41308478  0.41308478  0.39721905  0.35898271  0.37404089  0.36647348  0.46283223  0.35156705  0.35898271  0.42114712  0.42114712  0.39721905  0.42114712  0.42929831  0.39721905  0.52544417  0.44587524  0.42929831  0.38941201  0.40510937  0.38168652  0.38168652  0.39721905  0.45430514  0.38168652  0.38168652  0.44587524  0.48018713  0.38941201  0.38941201  0.38941201  0.36647348  0.38168652  0.37404089  0.54435193  0.42929831  0.46283223  0.46283223  0.48018713  0.48018713  0.39721905  0.39721905  0.38168652  0.39721905  0.39721905  0.40510937  0.40510937  0.40510937  0.41308478  0.40510937  0.37404089  0.30856974  0.34422500  0.34422500  0.35156705  0.35156705  0.32975599  0.30856974  0.38168652  0.29477538  0.32262627  0.32262627  0.30856974  0.38941201  0.35156705  0.34422500  0.32975599  0.37404089  0.33695512  0.36647348  0.39721905  0.41308478  0.39721905  0.35898271  0.32975599  0.35898271  0.35156705  0.35898271  0.44587524  0.49795904  0.43754034  0.45430514  0.38941201  0.39721905  0.40510937  0.41308478  0.38941201  0.40510937  0.36647348  0.36647348  0.48018713  0.38168652  0.37404089  0.43754034  0.46283223  0.42929831  0.42929831  0.37404089  0.37404089  0.38168652  0.33695512  0.33695512  
29_4_0     0.13005923  0.13554859  0.13554859  0.13005923  0.13005923  0.00000000  0.14107900  0.16362364  0.15226543  0.25487184  0.28797349  0.28123359  0.15226543  0.15226543  0.18687713  0.21701135  0.18099486  0.19280656  0.18099486  0.18099486  0.19878390  0.19878390  0.20480995  0.26793527  0.31556461  0.31556461  0.34422500  0.24842564  0.18687713  0.17515901  0.18687713  0.24203513  0.20480995  0.24203513  0.26793527  0.22941742  0.26793527  0.23569937  0.30856974  0.31556461  0.28797349  0.46283223  0.42114712  0.39721905  0.47145878  0.32262627  0.35156705  0.39721905  0.43754034  0.43754034  0.43754034  0.42114712  0.42114712  0.41308478  0.40510937  0.42114712  0.43754034  0.36647348  0.38168652  0.36647348  0.47145878  0.39721905  0.40510937  0.47145878  0.43754034  0.42929831  0.40510937  0.46283223  0.41308478  0.51616851  0.53483763  0.49795904  0.43754034  0.43754034  0.42929831  0.42929831  0.44587524  0.48018713  0.38168652  0.39721905  0.52544417  0.56375575  0.38941201  0.37404089  0.38941201  0.38168652  0.41308478  0.38941201  0.52544417  0.44587524  0.48018713  0.48018713  0.49795904  0.49795904  0.42929831  0.45430514  0.41308478  0.44587524  0.42929831  0.38941201  0.38941201  0.38941201  0.39721905  0.42114712  0.41308478  0.39721905  0.38941201  0.38941201  0.39721905  0.46283223  0.43754034  0.38168652  0.44587524  0.38168652  0.41308478  0.40510937  0.41308478  0.45430514  0.41308478  0.42114712  0.40510937  0.36647348  0.39721905  0.41308478  0.43754034  0.45430514  0.43754034  0.39721905  0.35898271  0.35898271  0.36647348  0.35898271  0.47145878  0.49795904  0.42929831  0.42929831  0.41308478  0.44587524  0.45430514  0.46283223  0.40510937  0.43754034  0.39721905  0.39721905  0.52544417  0.41308478  0.42114712  0.42114712  0.42929831  0.44587524  0.44587524  0.40510937  0.40510937  0.41308478  0.38941201  0.34422500  
30_3_0     0.05720187  0.12461032  0.08755212  0.08240647  0.09273382  0.14107900  0.00000000  0.11383145  0.05226241  0.18099486  0.21088549  0.20480995  0.05226241  0.05226241  0.10850036  0.12461032  0.11383145  0.11383145  0.09795208  0.10850036  0.11383145  0.11383145  0.11383145  0.19280656  0.22318838  0.21088549  0.26137471  0.16936884  0.10320741  0.08755212  0.08755212  0.18099486  0.14665106  0.16362364  0.18687713  0.17515901  0.18099486  0.14107900  0.27455454  0.27455454  0.27455454  0.40510937  0.38168652  0.37404089  0.42114712  0.30856974  0.33695512  0.39721905  0.40510937  0.36647348  0.36647348  0.34422500  0.34422500  0.34422500  0.33695512  0.35156705  0.34422500  0.33695512  0.33695512  0.35898271  0.43754034  0.30164040  0.32262627  0.36647348  0.35156705  0.35898271  0.35898271  0.36647348  0.35156705  0.41308478  0.40510937  0.34422500  0.35156705  0.38168652  0.31556461  0.32975599  0.34422500  0.43754034  0.32975599  0.34422500  0.40510937  0.45430514  0.32262627  0.32262627  0.32262627  0.28797349  0.30164040  0.29477538  0.45430514  0.41308478  0.44587524  0.44587524  0.44587524  0.44587524  0.37404089  0.38941201  0.33695512  0.35156705  0.35156705  0.32262627  0.32262627  0.32262627  0.32975599  0.33695512  0.35898271  0.30164040  0.32262627  0.32262627  0.32975599  0.34422500  0.33695512  0.30164040  0.32975599  0.28797349  0.28797349  0.28123359  0.28797349  0.37404089  0.30164040  0.30856974  0.29477538  0.35898271  0.35898271  0.35898271  0.36647348  0.38168652  0.36647348  0.32975599  0.32262627  0.35156705  0.35898271  0.36647348  0.48018713  0.54435193  0.45430514  0.50700774  0.38941201  0.38941201  0.38168652  0.38941201  0.35156705  0.36647348  0.35898271  0.34422500  0.45430514  0.36647348  0.35898271  0.39721905  0.38941201  0.42114712  0.42114712  0.37404089  0.35898271  0.36647348  0.31556461  0.28797349  
31_6_0     0.12461032  0.18099486  0.13005923  0.13554859  0.12461032  0.16362364  0.11383145  0.00000000  0.08240647  0.19280656  0.25487184  0.24842564  0.08240647  0.08240647  0.14665106  0.19878390  0.16362364  0.16362364  0.16362364  0.16362364  0.19878390  0.19878390  0.19878390  0.28797349  0.31556461  0.31556461  0.31556461  0.22318838  0.17515901  0.15792273  0.15792273  0.21088549  0.18687713  0.21088549  0.24203513  0.19878390  0.24842564  0.21701135  0.30856974  0.35898271  0.34422500  0.44587524  0.43754034  0.42929831  0.48901971  0.31556461  0.34422500  0.38941201  0.39721905  0.44587524  0.42929831  0.41308478  0.41308478  0.37404089  0.36647348  0.41308478  0.39721905  0.34422500  0.35898271  0.38941201  0.53483763  0.38941201  0.41308478  0.46283223  0.49795904  0.42114712  0.44587524  0.46283223  0.45430514  0.53483763  0.48018713  0.47145878  0.39721905  0.41308478  0.42114712  0.42114712  0.43754034  0.43754034  0.38941201  0.40510937  0.49795904  0.46283223  0.37404089  0.35898271  0.37404089  0.35156705  0.36647348  0.35898271  0.51616851  0.43754034  0.48901971  0.46283223  0.48901971  0.47145878  0.38941201  0.42929831  0.37404089  0.42114712  0.43754034  0.41308478  0.41308478  0.41308478  0.42114712  0.37404089  0.37404089  0.32262627  0.32975599  0.32975599  0.33695512  0.37404089  0.35156705  0.31556461  0.38941201  0.32975599  0.34422500  0.34422500  0.33695512  0.39721905  0.34422500  0.35156705  0.33695512  0.41308478  0.38168652  0.38168652  0.38941201  0.40510937  0.38941201  0.35156705  0.38168652  0.39721905  0.38941201  0.41308478  0.44587524  0.49795904  0.43754034  0.47145878  0.42929831  0.40510937  0.41308478  0.42114712  0.38168652  0.39721905  0.37404089  0.40510937  0.48018713  0.38941201  0.39721905  0.40510937  0.41308478  0.42929831  0.42929831  0.38168652  0.38168652  0.38941201  0.37404089  0.38941201  
31_3_0     0.07222133  0.14665106  0.10850036  0.10320741  0.09795208  0.15226543  0.05226241  0.08240647  0.00000000  0.15226543  0.19280656  0.18687713  0.01858005  0.01858005  0.11383145  0.14107900  0.11920125  0.11920125  0.11383145  0.12461032  0.13005923  0.13005923  0.13005923  0.22318838  0.26137471  0.26137471  0.26137471  0.17515901  0.10850036  0.09273382  0.09273382  0.19280656  0.15792273  0.18099486  0.22318838  0.19878390  0.18687713  0.15792273  0.28797349  0.28123359  0.26793527  0.37404089  0.35898271  0.35156705  0.39721905  0.30164040  0.32262627  0.38941201  0.40510937  0.40510937  0.38941201  0.37404089  0.37404089  0.38168652  0.37404089  0.38168652  0.38168652  0.34422500  0.35898271  0.38941201  0.47145878  0.30856974  0.32975599  0.38941201  0.37404089  0.36647348  0.38168652  0.38168652  0.38168652  0.44587524  0.41308478  0.38168652  0.35156705  0.38168652  0.33695512  0.35156705  0.36647348  0.40510937  0.33695512  0.35156705  0.42929831  0.46283223  0.32975599  0.32975599  0.32975599  0.29477538  0.29477538  0.30164040  0.48018713  0.38168652  0.42929831  0.42114712  0.41308478  0.41308478  0.38941201  0.37404089  0.32262627  0.36647348  0.35898271  0.35156705  0.35156705  0.35156705  0.35898271  0.34422500  0.35898271  0.28797349  0.30856974  0.30856974  0.31556461  0.34422500  0.32262627  0.28797349  0.33695512  0.28123359  0.29477538  0.28797349  0.28123359  0.37404089  0.29477538  0.30164040  0.28797349  0.38941201  0.34422500  0.34422500  0.35156705  0.38168652  0.36647348  0.31556461  0.35898271  0.35898271  0.36647348  0.38941201  0.44587524  0.53483763  0.43754034  0.48901971  0.39721905  0.39721905  0.40510937  0.41308478  0.37404089  0.38941201  0.36647348  0.35156705  0.46283223  0.38168652  0.37404089  0.38941201  0.39721905  0.41308478  0.41308478  0.34422500  0.34422500  0.35156705  0.30856974  0.30856974  
15_3_0     0.18099486  0.25487184  0.24842564  0.24203513  0.22941742  0.25487184  0.18099486  0.19280656  0.15226543  0.00000000  0.11920125  0.11383145  0.14107900  0.14107900  0.22941742  0.22318838  0.21701135  0.21701135  0.21701135  0.21701135  0.26793527  0.26793527  0.26793527  0.28123359  0.35156705  0.33695512  0.33695512  0.28123359  0.21088549  0.21701135  0.22941742  0.29477538  0.26137471  0.26137471  0.24203513  0.24842564  0.28797349  0.26793527  0.37404089  0.35156705  0.36647348  0.43754034  0.41308478  0.42114712  0.44587524  0.40510937  0.36647348  0.40510937  0.39721905  0.48901971  0.48901971  0.45430514  0.45430514  0.47145878  0.46283223  0.45430514  0.42929831  0.39721905  0.41308478  0.43754034  0.51616851  0.44587524  0.50700774  0.46283223  0.48901971  0.44587524  0.47145878  0.48901971  0.47145878  0.55399021  0.50700774  0.47145878  0.45430514  0.48901971  0.46283223  0.44587524  0.44587524  0.49795904  0.44587524  0.42929831  0.48018713  0.47145878  0.40510937  0.38941201  0.40510937  0.38168652  0.38941201  0.39721905  0.54435193  0.45430514  0.48018713  0.45430514  0.48018713  0.44587524  0.43754034  0.47145878  0.38168652  0.42114712  0.41308478  0.40510937  0.42114712  0.42114712  0.42929831  0.41308478  0.42114712  0.42929831  0.40510937  0.40510937  0.41308478  0.39721905  0.41308478  0.39721905  0.42929831  0.41308478  0.42114712  0.42929831  0.40510937  0.43754034  0.40510937  0.41308478  0.39721905  0.48901971  0.40510937  0.43754034  0.43754034  0.46283223  0.45430514  0.41308478  0.42114712  0.41308478  0.42114712  0.41308478  0.47145878  0.48901971  0.41308478  0.49795904  0.42114712  0.42929831  0.43754034  0.44587524  0.38941201  0.40510937  0.40510937  0.39721905  0.58368236  0.41308478  0.40510937  0.44587524  0.44587524  0.42929831  0.42929831  0.39721905  0.42929831  0.42114712  0.39721905  0.42929831  
27_3_0     0.22318838  0.29477538  0.25487184  0.24842564  0.24842564  0.28797349  0.21088549  0.25487184  0.19280656  0.11920125  0.00000000  0.01389110  0.18687713  0.18687713  0.28123359  0.28797349  0.26793527  0.28123359  0.24842564  0.24842564  0.26793527  0.26793527  0.27455454  0.30164040  0.38941201  0.37404089  0.42114712  0.32975599  0.28123359  0.27455454  0.27455454  0.34422500  0.32262627  0.33695512  0.30856974  0.32975599  0.33695512  0.31556461  0.42929831  0.35156705  0.36647348  0.49795904  0.48901971  0.49795904  0.53483763  0.40510937  0.40510937  0.39721905  0.42114712  0.46283223  0.46283223  0.42929831  0.42929831  0.48018713  0.47145878  0.46283223  0.48901971  0.42114712  0.43754034  0.42929831  0.55399021  0.44587524  0.50700774  0.50700774  0.51616851  0.47145878  0.48018713  0.51616851  0.47145878  0.59385067  0.52544417  0.51616851  0.48018713  0.48018713  0.47145878  0.45430514  0.45430514  0.50700774  0.47145878  0.43754034  0.50700774  0.52544417  0.42114712  0.40510937  0.42114712  0.39721905  0.39721905  0.41308478  0.60416072  0.50700774  0.49795904  0.48901971  0.49795904  0.48018713  0.46283223  0.45430514  0.44587524  0.47145878  0.46283223  0.43754034  0.45430514  0.45430514  0.46283223  0.43754034  0.42929831  0.45430514  0.49795904  0.49795904  0.50700774  0.41308478  0.42929831  0.43754034  0.40510937  0.40510937  0.42929831  0.43754034  0.41308478  0.48018713  0.42929831  0.43754034  0.42114712  0.54435193  0.44587524  0.46283223  0.45430514  0.48018713  0.47145878  0.46283223  0.47145878  0.44587524  0.45430514  0.45430514  0.53483763  0.61461652  0.48901971  0.52544417  0.45430514  0.46283223  0.47145878  0.48018713  0.42114712  0.40510937  0.43754034  0.42114712  0.54435193  0.41308478  0.40510937  0.45430514  0.47145878  0.51616851  0.51616851  0.44587524  0.44587524  0.43754034  0.42114712  0.43754034  
24_3_0     0.21701135  0.28797349  0.24842564  0.24203513  0.24203513  0.28123359  0.20480995  0.24842564  0.18687713  0.11383145  0.01389110  0.00000000  0.18099486  0.18099486  0.26137471  0.28123359  0.26137471  0.27455454  0.24203513  0.24203513  0.26137471  0.26137471  0.26793527  0.30856974  0.39721905  0.38168652  0.41308478  0.32262627  0.27455454  0.26793527  0.26793527  0.33695512  0.31556461  0.32975599  0.30164040  0.32262627  0.32975599  0.30856974  0.42114712  0.37404089  0.38941201  0.50700774  0.48018713  0.48901971  0.54435193  0.42929831  0.42929831  0.42114712  0.44587524  0.47145878  0.47145878  0.43754034  0.43754034  0.48901971  0.48018713  0.47145878  0.49795904  0.42929831  0.44587524  0.43754034  0.54435193  0.47145878  0.53483763  0.53483763  0.54435193  0.49795904  0.50700774  0.54435193  0.49795904  0.62522225  0.55399021  0.54435193  0.50700774  0.50700774  0.49795904  0.48018713  0.48018713  0.53483763  0.48018713  0.44587524  0.51616851  0.53483763  0.42929831  0.41308478  0.42929831  0.40510937  0.40510937  0.42114712  0.61461652  0.51616851  0.50700774  0.49795904  0.50700774  0.50700774  0.47145878  0.46283223  0.45430514  0.48018713  0.47145878  0.46283223  0.48018713  0.48018713  0.48901971  0.44587524  0.43754034  0.46283223  0.48901971  0.48901971  0.49795904  0.43754034  0.45430514  0.44587524  0.42929831  0.41308478  0.43754034  0.44587524  0.42114712  0.48901971  0.43754034  0.44587524  0.42929831  0.55399021  0.43754034  0.45430514  0.44587524  0.47145878  0.46283223  0.45430514  0.48018713  0.45430514  0.46283223  0.46283223  0.54435193  0.62522225  0.49795904  0.55399021  0.48018713  0.47145878  0.48018713  0.48901971  0.42929831  0.41308478  0.44587524  0.42929831  0.55399021  0.42114712  0.41308478  0.46283223  0.48018713  0.52544417  0.52544417  0.45430514  0.45430514  0.44587524  0.42929831  0.44587524  
29_5_0     0.07222133  0.14665106  0.10850036  0.10320741  0.09273382  0.15226543  0.05226241  0.08240647  0.01858005  0.14107900  0.18687713  0.18099486  0.00000000  0.00000000  0.12461032  0.15226543  0.13005923  0.13005923  0.12461032  0.13554859  0.14107900  0.14107900  0.14107900  0.21088549  0.24203513  0.24203513  0.26793527  0.18687713  0.11920125  0.10320741  0.09273382  0.19878390  0.16362364  0.18687713  0.21701135  0.19280656  0.19878390  0.16936884  0.29477538  0.28797349  0.27455454  0.38168652  0.37404089  0.36647348  0.40510937  0.30164040  0.31556461  0.38941201  0.39721905  0.40510937  0.38941201  0.37404089  0.37404089  0.38168652  0.37404089  0.37404089  0.38941201  0.35156705  0.36647348  0.39721905  0.46283223  0.32262627  0.34422500  0.40510937  0.37404089  0.38168652  0.38941201  0.39721905  0.39721905  0.44587524  0.42114712  0.39721905  0.35898271  0.38941201  0.35156705  0.35156705  0.36647348  0.41308478  0.33695512  0.36647348  0.40510937  0.43754034  0.32975599  0.32975599  0.32975599  0.29477538  0.30856974  0.30164040  0.45430514  0.38941201  0.43754034  0.42929831  0.42114712  0.42114712  0.40510937  0.38941201  0.32975599  0.37404089  0.37404089  0.36647348  0.36647348  0.36647348  0.37404089  0.35898271  0.37404089  0.28797349  0.30856974  0.30856974  0.31556461  0.34422500  0.32262627  0.28797349  0.33695512  0.28123359  0.29477538  0.28797349  0.28123359  0.36647348  0.29477538  0.30164040  0.28797349  0.38168652  0.35156705  0.35156705  0.34422500  0.37404089  0.35898271  0.30856974  0.34422500  0.34422500  0.35156705  0.37404089  0.44587524  0.50700774  0.43754034  0.47145878  0.39721905  0.39721905  0.40510937  0.41308478  0.37404089  0.38941201  0.36647348  0.34422500  0.47145878  0.37404089  0.36647348  0.38168652  0.38941201  0.42114712  0.42114712  0.34422500  0.34422500  0.35156705  0.30856974  0.30856974  
29_3_0     0.07222133  0.14665106  0.10850036  0.10320741  0.09273382  0.15226543  0.05226241  0.08240647  0.01858005  0.14107900  0.18687713  0.18099486  0.00000000  0.00000000  0.12461032  0.15226543  0.13005923  0.13005923  0.12461032  0.13554859  0.14107900  0.14107900  0.14107900  0.21088549  0.24203513  0.24203513  0.26793527  0.18687713  0.11920125  0.10320741  0.09273382  0.19878390  0.16362364  0.18687713  0.21701135  0.19280656  0.19878390  0.16936884  0.29477538  0.28797349  0.27455454  0.38168652  0.37404089  0.36647348  0.40510937  0.30164040  0.31556461  0.38941201  0.39721905  0.40510937  0.38941201  0.37404089  0.37404089  0.38168652  0.37404089  0.37404089  0.38941201  0.35156705  0.36647348  0.39721905  0.46283223  0.32262627  0.34422500  0.40510937  0.37404089  0.38168652  0.38941201  0.39721905  0.39721905  0.44587524  0.42114712  0.39721905  0.35898271  0.38941201  0.35156705  0.35156705  0.36647348  0.41308478  0.33695512  0.36647348  0.40510937  0.43754034  0.32975599  0.32975599  0.32975599  0.29477538  0.30856974  0.30164040  0.45430514  0.38941201  0.43754034  0.42929831  0.42114712  0.42114712  0.40510937  0.38941201  0.32975599  0.37404089  0.37404089  0.36647348  0.36647348  0.36647348  0.37404089  0.35898271  0.37404089  0.28797349  0.30856974  0.30856974  0.31556461  0.34422500  0.32262627  0.28797349  0.33695512  0.28123359  0.29477538  0.28797349  0.28123359  0.36647348  0.29477538  0.30164040  0.28797349  0.38168652  0.35156705  0.35156705  0.34422500  0.37404089  0.35898271  0.30856974  0.34422500  0.34422500  0.35156705  0.37404089  0.44587524  0.50700774  0.43754034  0.47145878  0.39721905  0.39721905  0.40510937  0.41308478  0.37404089  0.38941201  0.36647348  0.34422500  0.47145878  0.37404089  0.36647348  0.38168652  0.38941201  0.42114712  0.42114712  0.34422500  0.34422500  0.35156705  0.30856974  0.30856974  
13_3_0     0.11920125  0.19280656  0.13554859  0.13005923  0.14107900  0.18687713  0.10850036  0.14665106  0.11383145  0.22941742  0.28123359  0.26137471  0.12461032  0.12461032  0.00000000  0.08240647  0.04248135  0.04248135  0.04248135  0.05226241  0.11383145  0.11383145  0.11383145  0.20480995  0.26137471  0.26137471  0.21701135  0.14665106  0.09273382  0.08755212  0.08755212  0.16362364  0.13554859  0.15226543  0.18099486  0.16362364  0.19280656  0.15226543  0.32262627  0.29477538  0.29477538  0.41308478  0.38941201  0.38168652  0.44587524  0.31556461  0.35898271  0.37404089  0.39721905  0.45430514  0.43754034  0.42114712  0.42114712  0.38168652  0.37404089  0.42114712  0.41308478  0.33695512  0.35156705  0.35898271  0.51616851  0.35898271  0.36647348  0.38168652  0.41308478  0.38168652  0.38941201  0.38941201  0.37404089  0.48901971  0.43754034  0.37404089  0.39721905  0.39721905  0.37404089  0.37404089  0.37404089  0.40510937  0.38941201  0.38941201  0.45430514  0.48901971  0.36647348  0.36647348  0.36647348  0.34422500  0.34422500  0.36647348  0.51616851  0.43754034  0.47145878  0.42114712  0.45430514  0.45430514  0.38168652  0.37404089  0.34422500  0.38941201  0.37404089  0.35156705  0.35156705  0.35156705  0.35898271  0.39721905  0.34422500  0.28797349  0.28123359  0.28123359  0.28797349  0.35156705  0.32975599  0.30164040  0.37404089  0.28797349  0.31556461  0.33695512  0.31556461  0.37404089  0.31556461  0.32262627  0.30856974  0.42114712  0.38168652  0.37404089  0.38941201  0.40510937  0.38941201  0.35156705  0.36647348  0.35898271  0.36647348  0.35898271  0.42929831  0.48901971  0.41308478  0.47145878  0.40510937  0.38168652  0.38941201  0.39721905  0.37404089  0.38941201  0.35156705  0.41308478  0.47145878  0.40510937  0.41308478  0.41308478  0.42114712  0.37404089  0.37404089  0.42114712  0.40510937  0.41308478  0.31556461  0.31556461  
25_3_0     0.14665106  0.22941742  0.19878390  0.19280656  0.19280656  0.21701135  0.12461032  0.19878390  0.14107900  0.22318838  0.28797349  0.28123359  0.15226543  0.15226543  0.08240647  0.00000000  0.07729637  0.07729637  0.08755212  0.09795208  0.13554859  0.13554859  0.13554859  0.23569937  0.28123359  0.28123359  0.26793527  0.19878390  0.13005923  0.12461032  0.13554859  0.18099486  0.16362364  0.15792273  0.17515901  0.17515901  0.22318838  0.18099486  0.32975599  0.35898271  0.35898271  0.44587524  0.40510937  0.39721905  0.42929831  0.36647348  0.39721905  0.42929831  0.45430514  0.49795904  0.48018713  0.46283223  0.46283223  0.42114712  0.41308478  0.44587524  0.42929831  0.38168652  0.38168652  0.38168652  0.50700774  0.36647348  0.38941201  0.37404089  0.35156705  0.36647348  0.36647348  0.38168652  0.36647348  0.44587524  0.41308478  0.35156705  0.38941201  0.38941201  0.36647348  0.38168652  0.38168652  0.44587524  0.35898271  0.35898271  0.42114712  0.48901971  0.39721905  0.39721905  0.39721905  0.32975599  0.34422500  0.35156705  0.49795904  0.42929831  0.46283223  0.42929831  0.44587524  0.46283223  0.39721905  0.42114712  0.35898271  0.40510937  0.37404089  0.33695512  0.33695512  0.33695512  0.34422500  0.38168652  0.37404089  0.35898271  0.33695512  0.33695512  0.34422500  0.40510937  0.38168652  0.34422500  0.40510937  0.32975599  0.35898271  0.35156705  0.35898271  0.40510937  0.37404089  0.38168652  0.36647348  0.42929831  0.36647348  0.38941201  0.42114712  0.43754034  0.42114712  0.36647348  0.36647348  0.40510937  0.41308478  0.40510937  0.48018713  0.52544417  0.46283223  0.52544417  0.38168652  0.36647348  0.37404089  0.38168652  0.34422500  0.37404089  0.33695512  0.35898271  0.51616851  0.38941201  0.38168652  0.42114712  0.41308478  0.38941201  0.38941201  0.42929831  0.41308478  0.42114712  0.38168652  0.36647348  
12_3_0     0.11383145  0.20480995  0.15226543  0.14665106  0.14665106  0.18099486  0.11383145  0.16362364  0.11920125  0.21701135  0.26793527  0.26137471  0.13005923  0.13005923  0.04248135  0.07729637  0.00000000  0.00923169  0.03763890  0.04735571  0.09795208  0.09795208  0.10320741  0.20480995  0.26137471  0.26137471  0.21088549  0.17515901  0.10850036  0.10320741  0.10320741  0.20480995  0.16362364  0.16936884  0.19878390  0.18099486  0.21088549  0.15792273  0.28797349  0.30856974  0.30856974  0.40510937  0.38168652  0.37404089  0.43754034  0.32975599  0.34422500  0.35898271  0.36647348  0.45430514  0.43754034  0.43754034  0.43754034  0.39721905  0.38941201  0.42114712  0.40510937  0.32975599  0.34422500  0.33695512  0.48901971  0.37404089  0.38168652  0.39721905  0.41308478  0.38941201  0.37404089  0.40510937  0.35156705  0.48901971  0.47145878  0.40510937  0.41308478  0.39721905  0.38941201  0.38941201  0.38941201  0.40510937  0.36647348  0.36647348  0.39721905  0.46283223  0.35898271  0.35898271  0.35898271  0.33695512  0.32262627  0.34422500  0.51616851  0.44587524  0.46283223  0.44587524  0.44587524  0.46283223  0.40510937  0.37404089  0.35156705  0.38168652  0.35156705  0.32975599  0.32975599  0.32975599  0.33695512  0.40510937  0.36647348  0.33695512  0.30164040  0.30164040  0.30856974  0.38168652  0.35898271  0.30856974  0.39721905  0.30856974  0.35156705  0.34422500  0.33695512  0.38168652  0.32262627  0.32975599  0.31556461  0.39721905  0.37404089  0.38168652  0.39721905  0.41308478  0.39721905  0.37404089  0.32975599  0.35156705  0.35898271  0.35156705  0.43754034  0.49795904  0.42114712  0.48018713  0.39721905  0.38941201  0.39721905  0.40510937  0.36647348  0.38168652  0.35898271  0.40510937  0.47145878  0.39721905  0.40510937  0.43754034  0.42929831  0.38168652  0.38168652  0.38941201  0.38941201  0.39721905  0.30856974  0.32262627  
12_7_0     0.11383145  0.21701135  0.16362364  0.15792273  0.15792273  0.19280656  0.11383145  0.16362364  0.11920125  0.21701135  0.28123359  0.27455454  0.13005923  0.13005923  0.04248135  0.07729637  0.00923169  0.00000000  0.04735571  0.05720187  0.10320741  0.10320741  0.10320741  0.21088549  0.26793527  0.26793527  0.21088549  0.17515901  0.10850036  0.10320741  0.10320741  0.20480995  0.16362364  0.16936884  0.19878390  0.18099486  0.21088549  0.15792273  0.30164040  0.32262627  0.32262627  0.41308478  0.38941201  0.38168652  0.42929831  0.34422500  0.35898271  0.37404089  0.38168652  0.47145878  0.45430514  0.45430514  0.45430514  0.41308478  0.40510937  0.43754034  0.40510937  0.32975599  0.34422500  0.35156705  0.50700774  0.37404089  0.38168652  0.39721905  0.41308478  0.38941201  0.38941201  0.40510937  0.36647348  0.48901971  0.47145878  0.40510937  0.41308478  0.41308478  0.38941201  0.38941201  0.38941201  0.42114712  0.38168652  0.38168652  0.41308478  0.46283223  0.37404089  0.37404089  0.37404089  0.35156705  0.33695512  0.35898271  0.51616851  0.44587524  0.48018713  0.44587524  0.44587524  0.46283223  0.40510937  0.38941201  0.36647348  0.39721905  0.36647348  0.34422500  0.34422500  0.34422500  0.35156705  0.42114712  0.38168652  0.33695512  0.30164040  0.30164040  0.30856974  0.38168652  0.35898271  0.30856974  0.39721905  0.30856974  0.35156705  0.34422500  0.33695512  0.39721905  0.32262627  0.32975599  0.31556461  0.41308478  0.38941201  0.39721905  0.39721905  0.41308478  0.39721905  0.37404089  0.34422500  0.36647348  0.37404089  0.36647348  0.43754034  0.49795904  0.42114712  0.49795904  0.39721905  0.40510937  0.41308478  0.42114712  0.38168652  0.39721905  0.37404089  0.42114712  0.47145878  0.41308478  0.42114712  0.45430514  0.44587524  0.38168652  0.38168652  0.40510937  0.40510937  0.41308478  0.32262627  0.33695512  
10_3_0     0.11920125  0.19878390  0.14665106  0.14107900  0.14107900  0.18099486  0.09795208  0.16362364  0.11383145  0.21701135  0.24842564  0.24203513  0.12461032  0.12461032  0.04248135  0.08755212  0.03763890  0.04735571  0.00000000  0.00923169  0.11920125  0.11920125  0.12461032  0.19878390  0.25487184  0.24203513  0.22318838  0.16936884  0.10320741  0.09795208  0.09795208  0.20480995  0.16362364  0.16936884  0.17515901  0.18099486  0.19280656  0.16362364  0.30164040  0.29477538  0.30856974  0.40510937  0.38168652  0.37404089  0.46283223  0.30164040  0.33695512  0.38941201  0.39721905  0.42929831  0.42929831  0.39721905  0.39721905  0.36647348  0.35898271  0.39721905  0.38941201  0.33695512  0.35156705  0.35898271  0.49795904  0.37404089  0.38168652  0.39721905  0.41308478  0.38941201  0.36647348  0.40510937  0.35898271  0.47145878  0.47145878  0.40510937  0.41308478  0.40510937  0.38941201  0.37404089  0.37404089  0.41308478  0.38168652  0.38168652  0.42114712  0.47145878  0.36647348  0.36647348  0.36647348  0.32975599  0.32975599  0.35156705  0.51616851  0.43754034  0.45430514  0.43754034  0.44587524  0.45430514  0.36647348  0.37404089  0.34422500  0.35898271  0.34422500  0.32262627  0.32262627  0.32262627  0.32975599  0.38168652  0.34422500  0.32975599  0.32975599  0.32975599  0.33695512  0.37404089  0.36647348  0.31556461  0.37404089  0.30164040  0.34422500  0.35156705  0.34422500  0.38168652  0.34422500  0.35156705  0.33695512  0.40510937  0.36647348  0.35898271  0.40510937  0.42114712  0.40510937  0.37404089  0.35898271  0.33695512  0.34422500  0.33695512  0.46283223  0.52544417  0.42929831  0.48901971  0.40510937  0.40510937  0.41308478  0.42114712  0.38168652  0.39721905  0.37404089  0.40510937  0.46283223  0.38941201  0.39721905  0.43754034  0.44587524  0.41308478  0.41308478  0.42114712  0.38941201  0.39721905  0.32262627  0.29477538  
17_3_0     0.13005923  0.21088549  0.15792273  0.15226543  0.15226543  0.18099486  0.10850036  0.16362364  0.12461032  0.21701135  0.24842564  0.24203513  0.13554859  0.13554859  0.05226241  0.09795208  0.04735571  0.05720187  0.00923169  0.00000000  0.13005923  0.13005923  0.13554859  0.21088549  0.26793527  0.25487184  0.23569937  0.18099486  0.10850036  0.10320741  0.10320741  0.21088549  0.16936884  0.17515901  0.18099486  0.18687713  0.20480995  0.17515901  0.31556461  0.30164040  0.31556461  0.42114712  0.39721905  0.38941201  0.48018713  0.29477538  0.32975599  0.38168652  0.38941201  0.42929831  0.42929831  0.39721905  0.39721905  0.36647348  0.35898271  0.39721905  0.38168652  0.32975599  0.34422500  0.36647348  0.50700774  0.38168652  0.38941201  0.39721905  0.41308478  0.38168652  0.35898271  0.41308478  0.36647348  0.48018713  0.48901971  0.41308478  0.40510937  0.39721905  0.39721905  0.38168652  0.38168652  0.40510937  0.38168652  0.38168652  0.43754034  0.46283223  0.38168652  0.36647348  0.38168652  0.34422500  0.34422500  0.36647348  0.52544417  0.43754034  0.45430514  0.43754034  0.44587524  0.45430514  0.36647348  0.38168652  0.35898271  0.37404089  0.35898271  0.32262627  0.32262627  0.32262627  0.32975599  0.38168652  0.33695512  0.33695512  0.33695512  0.33695512  0.34422500  0.38168652  0.37404089  0.32262627  0.38168652  0.30856974  0.35156705  0.36647348  0.35898271  0.38168652  0.35156705  0.35898271  0.34422500  0.41308478  0.38168652  0.36647348  0.40510937  0.41308478  0.39721905  0.38941201  0.35156705  0.32975599  0.33695512  0.33695512  0.45430514  0.52544417  0.42929831  0.48018713  0.40510937  0.39721905  0.40510937  0.42114712  0.38168652  0.39721905  0.37404089  0.40510937  0.47145878  0.38168652  0.38941201  0.42929831  0.43754034  0.42114712  0.42114712  0.42114712  0.38941201  0.39721905  0.32975599  0.30164040  
33_3_0     0.12461032  0.19280656  0.15226543  0.14665106  0.15792273  0.19878390  0.11383145  0.19878390  0.13005923  0.26793527  0.26793527  0.26137471  0.14107900  0.14107900  0.11383145  0.13554859  0.09795208  0.10320741  0.11920125  0.13005923  0.00000000  0.00000000  0.00923169  0.21088549  0.24203513  0.24203513  0.25487184  0.19878390  0.14107900  0.12461032  0.12461032  0.21701135  0.18099486  0.16936884  0.21701135  0.20480995  0.18687713  0.14665106  0.31556461  0.34422500  0.32975599  0.38941201  0.38168652  0.37404089  0.48018713  0.33695512  0.38168652  0.42929831  0.45430514  0.44587524  0.42929831  0.45430514  0.45430514  0.45430514  0.42929831  0.48018713  0.39721905  0.32975599  0.34422500  0.34422500  0.48018713  0.36647348  0.37404089  0.40510937  0.38941201  0.38168652  0.38168652  0.40510937  0.37404089  0.46283223  0.44587524  0.41308478  0.40510937  0.41308478  0.36647348  0.39721905  0.41308478  0.42929831  0.35898271  0.35898271  0.43754034  0.53483763  0.42929831  0.42929831  0.42929831  0.35898271  0.34422500  0.35156705  0.50700774  0.41308478  0.43754034  0.44587524  0.42929831  0.46283223  0.40510937  0.41308478  0.37404089  0.38941201  0.37404089  0.35156705  0.35156705  0.35156705  0.35898271  0.39721905  0.40510937  0.35898271  0.35156705  0.35156705  0.35898271  0.40510937  0.38168652  0.34422500  0.39721905  0.33695512  0.36647348  0.34422500  0.33695512  0.42114712  0.35156705  0.35898271  0.34422500  0.42114712  0.42114712  0.40510937  0.42929831  0.44587524  0.42929831  0.40510937  0.35156705  0.36647348  0.37404089  0.38168652  0.44587524  0.52544417  0.43754034  0.48018713  0.40510937  0.40510937  0.39721905  0.40510937  0.38168652  0.36647348  0.37404089  0.38168652  0.48901971  0.43754034  0.42929831  0.45430514  0.44587524  0.43754034  0.43754034  0.41308478  0.39721905  0.40510937  0.32975599  0.32975599  
