10
85_14_0    0.00000000  0.05437556  0.07347744  0.07347744  0.06705230  0.06705230  0.08650666  0.08650666  0.08650666  0.08650666  
90_23_0    0.05437556  0.00000000  0.03577906  0.09311297  0.08650666  0.07996186  0.06068535  0.06705230  0.06705230  0.06705230  
90_21_0    0.07347744  0.03577906  0.00000000  0.09311297  0.09978195  0.10651482  0.06068535  0.06068535  0.06068535  0.06705230  
78_19_0    0.07347744  0.09311297  0.09311297  0.00000000  0.01172516  0.01766191  0.06068535  0.06705230  0.06705230  0.06705230  
79_19_0    0.06705230  0.08650666  0.09978195  0.01172516  0.00000000  0.00583813  0.07347744  0.07347744  0.07347744  0.05437556  
76_19_0    0.06705230  0.07996186  0.10651482  0.01766191  0.00583813  0.00000000  0.06705230  0.07996186  0.07996186  0.06068535  
90_15_0    0.08650666  0.06068535  0.06068535  0.06068535  0.07347744  0.06705230  0.00000000  0.04812190  0.04812190  0.05437556  
90_25_0    0.08650666  0.06705230  0.06068535  0.06705230  0.07347744  0.07996186  0.04812190  0.00000000  0.00000000  0.01766191  
90_26_0    0.08650666  0.06705230  0.06068535  0.06705230  0.07347744  0.07996186  0.04812190  0.00000000  0.00000000  0.01766191  
90_24_0    0.08650666  0.06705230  0.06705230  0.06705230  0.05437556  0.06068535  0.05437556  0.01766191  0.01766191  0.00000000  

