197
96_0_0     0.00000000  0.01027629  0.00512001  0.21167505  0.21167505  0.23949673  0.29854940  0.29090043  0.29090043  0.29090043  0.30627960  0.29854940  0.29090043  0.29090043  0.29090043  0.29090043  0.41504442  0.30627960  0.29854940  0.30627960  0.32199077  0.32997538  0.29090043  0.33804857  0.32997538  0.32199077  0.37126775  0.32199077  0.32997538  0.29854940  0.27583951  0.26842432  0.25381682  0.29090043  0.29090043  0.31409279  0.29854940  0.35446866  0.32199077  0.29090043  0.29090043  0.40607591  0.29090043  0.29854940  0.33804857  0.29854940  0.29854940  0.29854940  0.31409279  0.30627960  0.32199077  0.30627960  0.29090043  0.29090043  0.27583951  0.28333101  0.29090043  0.31409279  0.29854940  0.30627960  0.28333101  0.29090043  0.29854940  0.29090043  0.29854940  0.29854940  0.29854940  0.30627960  0.36281974  0.31409279  0.29090043  0.30627960  0.28333101  0.37126775  0.34621231  0.36281974  0.33804857  0.33804857  0.34621231  0.32199077  0.34621231  0.33804857  0.28333101  0.29854940  0.26108393  0.25381682  0.25381682  0.29090043  0.28333101  0.37981498  0.35446866  0.36281974  0.36281974  0.37981498  0.33804857  0.31409279  0.31409279  0.31409279  0.30627960  0.31409279  0.29854940  0.31409279  0.31409279  0.32199077  0.30627960  0.32199077  0.32199077  0.28333101  0.30627960  0.31409279  0.28333101  0.31409279  0.30627960  0.28333101  0.29854940  0.30627960  0.31409279  0.32997538  0.32199077  0.30627960  0.29854940  0.33804857  0.30627960  0.35446866  0.34621231  0.30627960  0.32997538  0.32199077  0.32199077  0.30627960  0.30627960  0.31409279  0.30627960  0.31409279  0.31409279  0.32199077  0.32199077  0.31409279  0.32199077  0.32997538  0.32997538  0.32199077  0.32199077  0.33804857  0.32199077  0.31409279  0.32199077  0.29090043  0.26842432  0.27583951  0.29090043  0.28333101  0.30627960  0.29854940  0.34621231  0.34621231  0.32199077  0.31409279  0.29854940  0.31409279  0.27583951  0.27583951  0.35446866  0.31409279  0.38846377  0.33804857  0.47130809  0.33804857  0.27583951  0.29854940  0.32997538  0.31409279  0.31409279  0.26108393  0.29090043  0.23949673  0.29090043  0.32997538  0.33804857  0.26108393  0.42412482  0.32997538  0.32997538  0.33804857  0.35446866  0.31409279  0.32199077  0.32199077  0.32199077  0.44263272  0.43331995  0.42412482  0.35446866  0.31409279  0.34621231  0.34621231  0.35446866  
98_0_0     0.01027629  0.00000000  0.01546936  0.22545296  0.22545296  0.25381682  0.30627960  0.29854940  0.29854940  0.29854940  0.31409279  0.30627960  0.29854940  0.29854940  0.29854940  0.29854940  0.40607591  0.29854940  0.29090043  0.29854940  0.31409279  0.32199077  0.28333101  0.32997538  0.32199077  0.31409279  0.36281974  0.31409279  0.32199077  0.29090043  0.26842432  0.26108393  0.24662156  0.28333101  0.28333101  0.30627960  0.29090043  0.34621231  0.31409279  0.28333101  0.28333101  0.39721657  0.28333101  0.29090043  0.32997538  0.29090043  0.29090043  0.29090043  0.30627960  0.29854940  0.31409279  0.29854940  0.28333101  0.28333101  0.26842432  0.27583951  0.28333101  0.30627960  0.29090043  0.29854940  0.27583951  0.28333101  0.29090043  0.28333101  0.29090043  0.29090043  0.30627960  0.31409279  0.37126775  0.32199077  0.28333101  0.29854940  0.27583951  0.36281974  0.33804857  0.35446866  0.32997538  0.32997538  0.33804857  0.31409279  0.33804857  0.32997538  0.27583951  0.29090043  0.25381682  0.24662156  0.24662156  0.29854940  0.27583951  0.37126775  0.34621231  0.35446866  0.35446866  0.37126775  0.32997538  0.30627960  0.30627960  0.30627960  0.29854940  0.30627960  0.29090043  0.30627960  0.30627960  0.31409279  0.29854940  0.31409279  0.31409279  0.27583951  0.29854940  0.30627960  0.27583951  0.30627960  0.29854940  0.27583951  0.29090043  0.29854940  0.30627960  0.32199077  0.31409279  0.29854940  0.29090043  0.32997538  0.29854940  0.34621231  0.33804857  0.29854940  0.32199077  0.31409279  0.31409279  0.29854940  0.29854940  0.30627960  0.29854940  0.30627960  0.30627960  0.31409279  0.31409279  0.30627960  0.31409279  0.32199077  0.32199077  0.32997538  0.32997538  0.32997538  0.31409279  0.32199077  0.32997538  0.28333101  0.26108393  0.26842432  0.28333101  0.27583951  0.29854940  0.29090043  0.33804857  0.33804857  0.31409279  0.30627960  0.29090043  0.30627960  0.26842432  0.27583951  0.34621231  0.30627960  0.37981498  0.34621231  0.46162356  0.34621231  0.28333101  0.30627960  0.32199077  0.30627960  0.30627960  0.25381682  0.29854940  0.23244097  0.28333101  0.32199077  0.32997538  0.25381682  0.41504442  0.32199077  0.32199077  0.32997538  0.34621231  0.30627960  0.31409279  0.31409279  0.31409279  0.43331995  0.42412482  0.41504442  0.34621231  0.30627960  0.33804857  0.33804857  0.34621231  
92_0_0     0.00512001  0.01546936  0.00000000  0.21853140  0.21853140  0.24662156  0.29090043  0.28333101  0.28333101  0.28333101  0.29854940  0.29090043  0.28333101  0.28333101  0.28333101  0.28333101  0.42412482  0.31409279  0.30627960  0.31409279  0.32997538  0.33804857  0.29854940  0.34621231  0.33804857  0.32997538  0.37981498  0.32997538  0.33804857  0.30627960  0.28333101  0.27583951  0.26108393  0.28333101  0.29854940  0.32199077  0.30627960  0.36281974  0.32997538  0.29854940  0.29854940  0.41504442  0.29854940  0.30627960  0.34621231  0.30627960  0.30627960  0.30627960  0.32199077  0.31409279  0.32997538  0.31409279  0.29854940  0.29854940  0.28333101  0.29090043  0.29854940  0.32199077  0.30627960  0.31409279  0.29090043  0.29854940  0.30627960  0.29854940  0.30627960  0.30627960  0.30627960  0.31409279  0.37126775  0.32199077  0.29854940  0.31409279  0.29090043  0.36281974  0.33804857  0.35446866  0.32997538  0.32997538  0.33804857  0.31409279  0.33804857  0.32997538  0.27583951  0.29090043  0.25381682  0.24662156  0.24662156  0.28333101  0.27583951  0.37126775  0.34621231  0.35446866  0.35446866  0.37126775  0.32997538  0.30627960  0.30627960  0.30627960  0.29854940  0.30627960  0.29090043  0.30627960  0.30627960  0.31409279  0.29854940  0.31409279  0.31409279  0.27583951  0.29854940  0.30627960  0.29090043  0.30627960  0.31409279  0.27583951  0.29090043  0.29854940  0.30627960  0.32199077  0.31409279  0.29854940  0.29090043  0.34621231  0.29854940  0.34621231  0.33804857  0.31409279  0.32199077  0.31409279  0.31409279  0.29854940  0.29854940  0.30627960  0.29854940  0.30627960  0.30627960  0.31409279  0.31409279  0.30627960  0.31409279  0.32199077  0.32199077  0.31409279  0.31409279  0.32997538  0.31409279  0.30627960  0.31409279  0.29854940  0.27583951  0.28333101  0.29854940  0.27583951  0.29854940  0.29090043  0.33804857  0.33804857  0.32997538  0.32199077  0.30627960  0.32199077  0.26842432  0.26842432  0.34621231  0.30627960  0.39721657  0.34621231  0.46162356  0.32997538  0.26842432  0.29090043  0.32199077  0.30627960  0.32199077  0.26842432  0.29854940  0.24662156  0.29854940  0.33804857  0.32997538  0.26842432  0.43331995  0.33804857  0.33804857  0.34621231  0.36281974  0.32199077  0.32997538  0.32997538  0.32997538  0.45206621  0.42412482  0.43331995  0.36281974  0.32199077  0.35446866  0.35446866  0.34621231  
93_0_0     0.21167505  0.22545296  0.21853140  0.00000000  0.02069975  0.03662029  0.25381682  0.26108393  0.26108393  0.26108393  0.23244097  0.26108393  0.26842432  0.26842432  0.26842432  0.23949673  0.38846377  0.29854940  0.31409279  0.30627960  0.32199077  0.31409279  0.31409279  0.30627960  0.31409279  0.30627960  0.32997538  0.30627960  0.29854940  0.29090043  0.29854940  0.25381682  0.27583951  0.29854940  0.30627960  0.31409279  0.29854940  0.31409279  0.31409279  0.29854940  0.29854940  0.38846377  0.28333101  0.26842432  0.28333101  0.32199077  0.32997538  0.31409279  0.26842432  0.29854940  0.27583951  0.27583951  0.23244097  0.27583951  0.26842432  0.29854940  0.28333101  0.32997538  0.31409279  0.30627960  0.29090043  0.23949673  0.32199077  0.31409279  0.30627960  0.30627960  0.31409279  0.30627960  0.32997538  0.29854940  0.31409279  0.32997538  0.31409279  0.31409279  0.32997538  0.32997538  0.31409279  0.31409279  0.34621231  0.32199077  0.32997538  0.29090043  0.29090043  0.28333101  0.26842432  0.26108393  0.26108393  0.27583951  0.25381682  0.35446866  0.32997538  0.33804857  0.33804857  0.36281974  0.32997538  0.33804857  0.33804857  0.33804857  0.32997538  0.32199077  0.32997538  0.32199077  0.23244097  0.23949673  0.23949673  0.29854940  0.29854940  0.32199077  0.31409279  0.31409279  0.30627960  0.30627960  0.28333101  0.29854940  0.30627960  0.29854940  0.31409279  0.33804857  0.32997538  0.28333101  0.27583951  0.27583951  0.30627960  0.31409279  0.35446866  0.26842432  0.29090043  0.29854940  0.29854940  0.25381682  0.24662156  0.23949673  0.25381682  0.26108393  0.26108393  0.25381682  0.25381682  0.23244097  0.25381682  0.24662156  0.24662156  0.25381682  0.25381682  0.25381682  0.28333101  0.26108393  0.26842432  0.32199077  0.31409279  0.32199077  0.33804857  0.23949673  0.26108393  0.25381682  0.28333101  0.28333101  0.27583951  0.26842432  0.26842432  0.28333101  0.26842432  0.23949673  0.26842432  0.24662156  0.34621231  0.29090043  0.37981498  0.31409279  0.32199077  0.28333101  0.32997538  0.32997538  0.29854940  0.29090043  0.29090043  0.26842432  0.30627960  0.33804857  0.33804857  0.28333101  0.40607591  0.26108393  0.26108393  0.25381682  0.29090043  0.29854940  0.26842432  0.27583951  0.27583951  0.36281974  0.32199077  0.36281974  0.29854940  0.27583951  0.23949673  0.23949673  0.24662156  
95_0_0     0.21167505  0.22545296  0.21853140  0.02069975  0.00000000  0.03662029  0.26842432  0.26108393  0.27583951  0.27583951  0.24662156  0.27583951  0.28333101  0.28333101  0.28333101  0.25381682  0.41504442  0.32199077  0.32199077  0.31409279  0.34621231  0.33804857  0.33804857  0.32997538  0.33804857  0.32199077  0.35446866  0.29854940  0.31409279  0.31409279  0.30627960  0.24662156  0.28333101  0.30627960  0.32199077  0.32997538  0.31409279  0.32199077  0.32997538  0.31409279  0.31409279  0.40607591  0.29090043  0.27583951  0.27583951  0.34621231  0.35446866  0.33804857  0.27583951  0.30627960  0.29854940  0.28333101  0.25381682  0.28333101  0.29090043  0.32199077  0.28333101  0.32997538  0.31409279  0.30627960  0.31409279  0.24662156  0.32997538  0.32199077  0.31409279  0.31409279  0.32199077  0.31409279  0.33804857  0.30627960  0.31409279  0.32997538  0.32199077  0.31409279  0.32997538  0.32997538  0.31409279  0.31409279  0.34621231  0.32199077  0.32997538  0.29090043  0.29090043  0.29854940  0.26842432  0.26108393  0.26108393  0.27583951  0.25381682  0.35446866  0.34621231  0.35446866  0.35446866  0.36281974  0.32997538  0.33804857  0.33804857  0.33804857  0.32997538  0.32199077  0.32997538  0.32199077  0.23949673  0.25381682  0.23949673  0.29854940  0.29854940  0.32199077  0.31409279  0.31409279  0.30627960  0.30627960  0.28333101  0.29854940  0.30627960  0.29854940  0.31409279  0.33804857  0.32997538  0.28333101  0.27583951  0.26842432  0.30627960  0.31409279  0.35446866  0.26842432  0.29090043  0.29854940  0.29854940  0.25381682  0.24662156  0.23949673  0.25381682  0.26108393  0.26108393  0.25381682  0.25381682  0.23244097  0.25381682  0.24662156  0.24662156  0.25381682  0.25381682  0.25381682  0.27583951  0.26108393  0.26842432  0.32199077  0.31409279  0.32199077  0.33804857  0.23949673  0.26108393  0.25381682  0.28333101  0.28333101  0.27583951  0.26842432  0.26842432  0.28333101  0.26842432  0.23949673  0.27583951  0.25381682  0.32199077  0.29090043  0.38846377  0.32997538  0.33804857  0.29854940  0.34621231  0.34621231  0.31409279  0.29090043  0.30627960  0.28333101  0.30627960  0.33804857  0.33804857  0.29854940  0.40607591  0.26842432  0.26842432  0.26108393  0.29854940  0.29090043  0.26108393  0.26842432  0.26842432  0.37126775  0.32997538  0.37126775  0.29090043  0.28333101  0.24662156  0.24662156  0.23949673  
100_0_0    0.23949673  0.25381682  0.24662156  0.03662029  0.03662029  0.00000000  0.26108393  0.25381682  0.26842432  0.26842432  0.23949673  0.26842432  0.27583951  0.27583951  0.27583951  0.24662156  0.38846377  0.28333101  0.31409279  0.30627960  0.32199077  0.31409279  0.31409279  0.29090043  0.29854940  0.32997538  0.32997538  0.29090043  0.29090043  0.30627960  0.28333101  0.26842432  0.27583951  0.29854940  0.29854940  0.30627960  0.29090043  0.26842432  0.29090043  0.29090043  0.27583951  0.37981498  0.29854940  0.26842432  0.28333101  0.33804857  0.32997538  0.31409279  0.23949673  0.28333101  0.26108393  0.24662156  0.24662156  0.26108393  0.26842432  0.29854940  0.26108393  0.30627960  0.29090043  0.28333101  0.32199077  0.25381682  0.32199077  0.31409279  0.32199077  0.32199077  0.32997538  0.32199077  0.32997538  0.31409279  0.33804857  0.35446866  0.31409279  0.29854940  0.31409279  0.31409279  0.29854940  0.29854940  0.34621231  0.32199077  0.32997538  0.27583951  0.29090043  0.29854940  0.26842432  0.26108393  0.26108393  0.27583951  0.26842432  0.33804857  0.34621231  0.35446866  0.35446866  0.34621231  0.32997538  0.32199077  0.32199077  0.32199077  0.32997538  0.29090043  0.31409279  0.30627960  0.23244097  0.25381682  0.23949673  0.29854940  0.28333101  0.30627960  0.29854940  0.29854940  0.32199077  0.30627960  0.28333101  0.29854940  0.30627960  0.29854940  0.31409279  0.33804857  0.32997538  0.28333101  0.27583951  0.26842432  0.32199077  0.31409279  0.35446866  0.26842432  0.29090043  0.29854940  0.29854940  0.25381682  0.24662156  0.23949673  0.25381682  0.24662156  0.24662156  0.26842432  0.26842432  0.24662156  0.26842432  0.26108393  0.26108393  0.26842432  0.26842432  0.26842432  0.28333101  0.26108393  0.26842432  0.32199077  0.31409279  0.32199077  0.33804857  0.25381682  0.24662156  0.25381682  0.28333101  0.28333101  0.24662156  0.25381682  0.25381682  0.26842432  0.26842432  0.25381682  0.28333101  0.26842432  0.35446866  0.29090043  0.37126775  0.31409279  0.33804857  0.29854940  0.36281974  0.34621231  0.31409279  0.29090043  0.30627960  0.29854940  0.29090043  0.31409279  0.31409279  0.31409279  0.42412482  0.27583951  0.27583951  0.26842432  0.29090043  0.29854940  0.26842432  0.27583951  0.27583951  0.39721657  0.35446866  0.39721657  0.28333101  0.28333101  0.24662156  0.24662156  0.22545296  
30_13_0    0.29854940  0.30627960  0.29090043  0.25381682  0.26842432  0.26108393  0.00000000  0.02069975  0.02069975  0.02069975  0.02596799  0.07518116  0.02596799  0.02596799  0.02596799  0.05289687  0.30627960  0.23244097  0.23244097  0.23949673  0.22545296  0.23244097  0.21853140  0.26108393  0.26842432  0.26842432  0.26108393  0.24662156  0.24662156  0.25381682  0.23949673  0.24662156  0.22545296  0.23244097  0.23949673  0.23244097  0.23244097  0.26108393  0.23244097  0.23244097  0.23244097  0.36281974  0.22545296  0.21167505  0.27583951  0.26108393  0.24662156  0.25381682  0.26842432  0.28333101  0.24662156  0.26108393  0.26108393  0.26108393  0.20488268  0.23244097  0.25381682  0.28333101  0.26842432  0.28333101  0.25381682  0.28333101  0.30627960  0.29854940  0.29854940  0.29854940  0.26842432  0.27583951  0.27583951  0.29854940  0.32997538  0.34621231  0.32997538  0.25381682  0.24662156  0.24662156  0.25381682  0.25381682  0.26842432  0.24662156  0.25381682  0.21167505  0.21167505  0.21167505  0.21853140  0.21167505  0.21167505  0.21853140  0.22545296  0.25381682  0.27583951  0.26842432  0.26842432  0.28333101  0.23949673  0.25381682  0.26842432  0.25381682  0.24662156  0.23244097  0.24662156  0.23244097  0.21167505  0.20488268  0.20488268  0.26842432  0.26842432  0.26842432  0.27583951  0.27583951  0.26108393  0.26108393  0.25381682  0.25381682  0.26108393  0.21853140  0.22545296  0.25381682  0.24662156  0.20488268  0.19815311  0.23244097  0.23244097  0.20488268  0.23949673  0.23949673  0.19815311  0.21853140  0.22545296  0.20488268  0.21853140  0.21167505  0.23949673  0.23244097  0.23244097  0.19815311  0.19815311  0.19815311  0.20488268  0.21167505  0.21167505  0.20488268  0.20488268  0.21167505  0.23244097  0.22545296  0.23244097  0.26108393  0.26108393  0.26842432  0.26108393  0.21167505  0.21853140  0.21167505  0.26108393  0.26108393  0.24662156  0.21167505  0.19148520  0.23244097  0.23244097  0.23949673  0.23949673  0.17832988  0.29090043  0.23949673  0.29854940  0.27583951  0.26842432  0.27583951  0.28333101  0.26108393  0.26108393  0.27583951  0.24662156  0.26108393  0.26842432  0.29090043  0.26842432  0.26108393  0.34621231  0.27583951  0.27583951  0.25381682  0.27583951  0.23244097  0.23949673  0.23949673  0.23949673  0.31409279  0.29090043  0.31409279  0.23949673  0.26842432  0.26842432  0.26842432  0.26108393  
69_13_0    0.29090043  0.29854940  0.28333101  0.26108393  0.26108393  0.25381682  0.02069975  0.00000000  0.01027629  0.01027629  0.03662029  0.07518116  0.03662029  0.03662029  0.03662029  0.05289687  0.32199077  0.25381682  0.23949673  0.24662156  0.24662156  0.25381682  0.23949673  0.26842432  0.27583951  0.29090043  0.28333101  0.25381682  0.26108393  0.26108393  0.23244097  0.23949673  0.23244097  0.23949673  0.25381682  0.24662156  0.24662156  0.26108393  0.23244097  0.23244097  0.23244097  0.37981498  0.24662156  0.23244097  0.28333101  0.28333101  0.26842432  0.27583951  0.27583951  0.29090043  0.25381682  0.26842432  0.28333101  0.26842432  0.22545296  0.25381682  0.26108393  0.29090043  0.27583951  0.29090043  0.26108393  0.29090043  0.29854940  0.29090043  0.30627960  0.30627960  0.27583951  0.28333101  0.28333101  0.30627960  0.33804857  0.35446866  0.32199077  0.23244097  0.22545296  0.22545296  0.23244097  0.23244097  0.24662156  0.22545296  0.23244097  0.19148520  0.19148520  0.21853140  0.21167505  0.20488268  0.20488268  0.21167505  0.20488268  0.23244097  0.26842432  0.26108393  0.26108393  0.26108393  0.21853140  0.23244097  0.24662156  0.23244097  0.22545296  0.21167505  0.22545296  0.21167505  0.20488268  0.21167505  0.19815311  0.26108393  0.26108393  0.25381682  0.26108393  0.26108393  0.24662156  0.24662156  0.23949673  0.23949673  0.24662156  0.21167505  0.21853140  0.24662156  0.23949673  0.19815311  0.19148520  0.22545296  0.22545296  0.21167505  0.23244097  0.23244097  0.19148520  0.21167505  0.21853140  0.19815311  0.21167505  0.20488268  0.21853140  0.21167505  0.21167505  0.20488268  0.20488268  0.20488268  0.21167505  0.21853140  0.21853140  0.21167505  0.21167505  0.20488268  0.22545296  0.21853140  0.22545296  0.25381682  0.25381682  0.26108393  0.26108393  0.20488268  0.21167505  0.20488268  0.25381682  0.25381682  0.25381682  0.21853140  0.17832988  0.23244097  0.22545296  0.23244097  0.24662156  0.19815311  0.29090043  0.24662156  0.32199077  0.29854940  0.29090043  0.28333101  0.29090043  0.26842432  0.26842432  0.25381682  0.23949673  0.26842432  0.26108393  0.28333101  0.26108393  0.26842432  0.32997538  0.28333101  0.28333101  0.26108393  0.28333101  0.21167505  0.21853140  0.21853140  0.21853140  0.30627960  0.28333101  0.30627960  0.23244097  0.27583951  0.28333101  0.28333101  0.26108393  
77_13_0    0.29090043  0.29854940  0.28333101  0.26108393  0.27583951  0.26842432  0.02069975  0.01027629  0.00000000  0.00000000  0.03662029  0.07518116  0.03662029  0.03662029  0.03662029  0.05289687  0.31409279  0.25381682  0.25381682  0.26108393  0.24662156  0.25381682  0.23949673  0.26842432  0.26108393  0.29090043  0.28333101  0.26842432  0.26842432  0.26108393  0.24662156  0.25381682  0.24662156  0.25381682  0.26108393  0.25381682  0.25381682  0.26842432  0.23949673  0.23949673  0.23949673  0.37981498  0.24662156  0.21853140  0.29854940  0.26842432  0.25381682  0.26108393  0.29090043  0.30627960  0.25381682  0.28333101  0.28333101  0.28333101  0.21167505  0.23949673  0.27583951  0.30627960  0.29090043  0.30627960  0.26108393  0.30627960  0.29854940  0.29090043  0.30627960  0.30627960  0.29090043  0.29854940  0.29854940  0.32199077  0.32199077  0.33804857  0.32199077  0.24662156  0.23949673  0.23949673  0.24662156  0.24662156  0.24662156  0.22545296  0.23244097  0.20488268  0.20488268  0.20488268  0.21167505  0.20488268  0.20488268  0.21167505  0.21853140  0.24662156  0.26842432  0.26108393  0.26108393  0.27583951  0.23244097  0.24662156  0.26108393  0.24662156  0.23949673  0.22545296  0.23949673  0.22545296  0.21853140  0.21167505  0.21167505  0.26108393  0.26108393  0.25381682  0.27583951  0.27583951  0.26108393  0.26108393  0.25381682  0.25381682  0.26108393  0.22545296  0.23244097  0.26108393  0.25381682  0.21167505  0.20488268  0.23949673  0.23949673  0.22545296  0.23244097  0.24662156  0.20488268  0.22545296  0.23244097  0.21167505  0.22545296  0.21853140  0.21853140  0.21167505  0.21167505  0.21853140  0.21853140  0.21853140  0.22545296  0.23244097  0.23244097  0.22545296  0.22545296  0.21853140  0.22545296  0.23244097  0.23949673  0.26842432  0.26842432  0.27583951  0.27583951  0.21853140  0.22545296  0.21853140  0.25381682  0.25381682  0.26842432  0.23244097  0.19148520  0.24662156  0.23949673  0.24662156  0.24662156  0.19815311  0.30627960  0.26108393  0.30627960  0.29854940  0.29090043  0.28333101  0.29090043  0.26842432  0.26842432  0.26842432  0.23949673  0.26842432  0.27583951  0.29854940  0.27583951  0.26842432  0.34621231  0.26842432  0.26842432  0.24662156  0.26842432  0.22545296  0.23244097  0.23244097  0.23244097  0.30627960  0.28333101  0.29090043  0.24662156  0.27583951  0.28333101  0.28333101  0.27583951  
58_13_0    0.29090043  0.29854940  0.28333101  0.26108393  0.27583951  0.26842432  0.02069975  0.01027629  0.00000000  0.00000000  0.03662029  0.07518116  0.03662029  0.03662029  0.03662029  0.05289687  0.31409279  0.25381682  0.25381682  0.26108393  0.24662156  0.25381682  0.23949673  0.26842432  0.26108393  0.29090043  0.28333101  0.26842432  0.26842432  0.26108393  0.24662156  0.25381682  0.24662156  0.25381682  0.26108393  0.25381682  0.25381682  0.26842432  0.23949673  0.23949673  0.23949673  0.37981498  0.24662156  0.21853140  0.29854940  0.26842432  0.25381682  0.26108393  0.29090043  0.30627960  0.25381682  0.28333101  0.28333101  0.28333101  0.21167505  0.23949673  0.27583951  0.30627960  0.29090043  0.30627960  0.26108393  0.30627960  0.29854940  0.29090043  0.30627960  0.30627960  0.29090043  0.29854940  0.29854940  0.32199077  0.32199077  0.33804857  0.32199077  0.24662156  0.23949673  0.23949673  0.24662156  0.24662156  0.24662156  0.22545296  0.23244097  0.20488268  0.20488268  0.20488268  0.21167505  0.20488268  0.20488268  0.21167505  0.21853140  0.24662156  0.26842432  0.26108393  0.26108393  0.27583951  0.23244097  0.24662156  0.26108393  0.24662156  0.23949673  0.22545296  0.23949673  0.22545296  0.21853140  0.21167505  0.21167505  0.26108393  0.26108393  0.25381682  0.27583951  0.27583951  0.26108393  0.26108393  0.25381682  0.25381682  0.26108393  0.22545296  0.23244097  0.26108393  0.25381682  0.21167505  0.20488268  0.23949673  0.23949673  0.22545296  0.23244097  0.24662156  0.20488268  0.22545296  0.23244097  0.21167505  0.22545296  0.21853140  0.21853140  0.21167505  0.21167505  0.21853140  0.21853140  0.21853140  0.22545296  0.23244097  0.23244097  0.22545296  0.22545296  0.21853140  0.22545296  0.23244097  0.23949673  0.26842432  0.26842432  0.27583951  0.27583951  0.21853140  0.22545296  0.21853140  0.25381682  0.25381682  0.26842432  0.23244097  0.19148520  0.24662156  0.23949673  0.24662156  0.24662156  0.19815311  0.30627960  0.26108393  0.30627960  0.29854940  0.29090043  0.28333101  0.29090043  0.26842432  0.26842432  0.26842432  0.23949673  0.26842432  0.27583951  0.29854940  0.27583951  0.26842432  0.34621231  0.26842432  0.26842432  0.24662156  0.26842432  0.22545296  0.23244097  0.23244097  0.23244097  0.30627960  0.28333101  0.29090043  0.24662156  0.27583951  0.28333101  0.28333101  0.27583951  
1_13_0     0.30627960  0.31409279  0.29854940  0.23244097  0.24662156  0.23949673  0.02596799  0.03662029  0.03662029  0.03662029  0.00000000  0.09235387  0.05289687  0.05289687  0.05289687  0.06954580  0.32199077  0.23949673  0.23949673  0.23244097  0.23244097  0.23949673  0.22545296  0.25381682  0.26108393  0.27583951  0.26842432  0.25381682  0.25381682  0.26108393  0.26108393  0.25381682  0.24662156  0.23949673  0.26108393  0.25381682  0.25381682  0.28333101  0.26842432  0.25381682  0.25381682  0.37981498  0.23244097  0.23244097  0.29090043  0.28333101  0.28333101  0.29090043  0.24662156  0.26108393  0.23949673  0.23949673  0.23949673  0.23949673  0.21167505  0.23949673  0.26108393  0.29090043  0.27583951  0.29090043  0.26108393  0.27583951  0.32997538  0.32199077  0.32199077  0.32199077  0.29090043  0.29854940  0.28333101  0.30627960  0.33804857  0.35446866  0.32199077  0.24662156  0.25381682  0.25381682  0.24662156  0.24662156  0.27583951  0.25381682  0.26108393  0.20488268  0.20488268  0.21853140  0.22545296  0.21853140  0.21853140  0.22545296  0.23244097  0.26108393  0.28333101  0.27583951  0.27583951  0.29090043  0.24662156  0.23244097  0.24662156  0.23244097  0.23949673  0.22545296  0.23949673  0.22545296  0.21853140  0.21167505  0.21167505  0.27583951  0.27583951  0.26842432  0.27583951  0.27583951  0.27583951  0.26108393  0.25381682  0.25381682  0.26108393  0.22545296  0.23244097  0.26108393  0.25381682  0.22545296  0.21853140  0.23949673  0.23949673  0.21167505  0.24662156  0.23244097  0.20488268  0.22545296  0.23244097  0.21167505  0.22545296  0.21853140  0.23244097  0.22545296  0.22545296  0.21853140  0.21853140  0.21853140  0.22545296  0.23244097  0.23244097  0.22545296  0.22545296  0.21853140  0.23949673  0.23244097  0.23949673  0.26842432  0.26842432  0.27583951  0.26842432  0.23244097  0.23949673  0.23244097  0.26842432  0.26842432  0.25381682  0.23244097  0.21167505  0.24662156  0.23949673  0.24662156  0.27583951  0.19815311  0.31409279  0.24662156  0.32199077  0.25381682  0.26108393  0.26842432  0.29090043  0.26842432  0.26842432  0.25381682  0.22545296  0.25381682  0.24662156  0.28333101  0.26108393  0.25381682  0.34621231  0.25381682  0.25381682  0.23244097  0.25381682  0.22545296  0.20488268  0.20488268  0.20488268  0.29090043  0.26842432  0.29090043  0.23244097  0.26108393  0.24662156  0.24662156  0.26842432  
30_15_0    0.29854940  0.30627960  0.29090043  0.26108393  0.27583951  0.26842432  0.07518116  0.07518116  0.07518116  0.07518116  0.09235387  0.00000000  0.05840431  0.05840431  0.05840431  0.08658449  0.32997538  0.26108393  0.26108393  0.26842432  0.25381682  0.26108393  0.24662156  0.29854940  0.30627960  0.29854940  0.29090043  0.29090043  0.29090043  0.25381682  0.26842432  0.26108393  0.25381682  0.26108393  0.25381682  0.24662156  0.24662156  0.27583951  0.24662156  0.24662156  0.24662156  0.39721657  0.25381682  0.23949673  0.31409279  0.26108393  0.27583951  0.28333101  0.26842432  0.26842432  0.26108393  0.26108393  0.27583951  0.26108393  0.24662156  0.29090043  0.25381682  0.26842432  0.25381682  0.26842432  0.21853140  0.30627960  0.29090043  0.28333101  0.31409279  0.31409279  0.25381682  0.26108393  0.29090043  0.28333101  0.32997538  0.34621231  0.32997538  0.29090043  0.27583951  0.29090043  0.26842432  0.26842432  0.28333101  0.27583951  0.28333101  0.25381682  0.21167505  0.28333101  0.26108393  0.25381682  0.25381682  0.27583951  0.26842432  0.28333101  0.27583951  0.26842432  0.26842432  0.29854940  0.25381682  0.26842432  0.28333101  0.26842432  0.27583951  0.24662156  0.26108393  0.24662156  0.24662156  0.23949673  0.23949673  0.29090043  0.29090043  0.29090043  0.29854940  0.30627960  0.29854940  0.28333101  0.27583951  0.27583951  0.28333101  0.25381682  0.26108393  0.29090043  0.28333101  0.22545296  0.21853140  0.26842432  0.26842432  0.25381682  0.26108393  0.24662156  0.23244097  0.25381682  0.26108393  0.22545296  0.23949673  0.23244097  0.26842432  0.26108393  0.26108393  0.26842432  0.26842432  0.26842432  0.27583951  0.28333101  0.28333101  0.27583951  0.27583951  0.28333101  0.25381682  0.26108393  0.25381682  0.27583951  0.27583951  0.28333101  0.28333101  0.25381682  0.26108393  0.25381682  0.29090043  0.29090043  0.26108393  0.23949673  0.22545296  0.27583951  0.24662156  0.25381682  0.23949673  0.23949673  0.28333101  0.23949673  0.33804857  0.30627960  0.26842432  0.26108393  0.29854940  0.26108393  0.27583951  0.29090043  0.26108393  0.27583951  0.29854940  0.32199077  0.28333101  0.27583951  0.37126775  0.29090043  0.29090043  0.26842432  0.29090043  0.24662156  0.27583951  0.26842432  0.26842432  0.32997538  0.30627960  0.32997538  0.25381682  0.27583951  0.25381682  0.25381682  0.26108393  
77_15_0    0.29090043  0.29854940  0.28333101  0.26842432  0.28333101  0.27583951  0.02596799  0.03662029  0.03662029  0.03662029  0.05289687  0.05840431  0.00000000  0.00000000  0.01027629  0.04743080  0.30627960  0.23949673  0.23949673  0.24662156  0.23244097  0.23949673  0.22545296  0.27583951  0.28333101  0.27583951  0.28333101  0.26842432  0.26842432  0.24662156  0.24662156  0.23949673  0.23244097  0.23949673  0.24662156  0.23949673  0.23949673  0.25381682  0.21167505  0.22545296  0.22545296  0.40607591  0.23244097  0.21853140  0.29090043  0.25381682  0.23949673  0.24662156  0.26108393  0.27583951  0.22545296  0.25381682  0.25381682  0.25381682  0.22545296  0.25381682  0.26108393  0.29090043  0.27583951  0.29090043  0.23949673  0.29854940  0.28333101  0.27583951  0.30627960  0.30627960  0.27583951  0.28333101  0.28333101  0.30627960  0.30627960  0.32199077  0.30627960  0.26842432  0.23949673  0.25381682  0.26108393  0.26108393  0.27583951  0.25381682  0.26108393  0.21853140  0.17832988  0.23244097  0.23949673  0.23244097  0.23244097  0.23949673  0.23244097  0.24662156  0.25381682  0.24662156  0.24662156  0.26108393  0.23244097  0.26108393  0.27583951  0.26108393  0.25381682  0.23949673  0.25381682  0.23949673  0.21167505  0.20488268  0.20488268  0.23949673  0.23949673  0.25381682  0.26108393  0.26842432  0.24662156  0.24662156  0.23949673  0.23949673  0.24662156  0.21853140  0.22545296  0.25381682  0.24662156  0.20488268  0.19815311  0.23244097  0.23244097  0.21853140  0.22545296  0.23949673  0.19815311  0.21853140  0.22545296  0.19148520  0.21853140  0.21167505  0.24662156  0.23949673  0.23949673  0.21853140  0.21853140  0.21853140  0.22545296  0.23244097  0.23244097  0.22545296  0.22545296  0.23244097  0.23244097  0.22545296  0.23244097  0.25381682  0.25381682  0.26108393  0.26108393  0.21853140  0.22545296  0.21853140  0.25381682  0.25381682  0.25381682  0.21853140  0.18487782  0.23949673  0.21167505  0.21853140  0.21853140  0.19815311  0.29090043  0.26108393  0.31409279  0.28333101  0.27583951  0.26842432  0.26108393  0.22545296  0.25381682  0.26842432  0.23949673  0.25381682  0.26108393  0.28333101  0.26108393  0.25381682  0.33804857  0.26842432  0.26842432  0.24662156  0.26842432  0.22545296  0.23949673  0.23244097  0.23244097  0.29090043  0.29854940  0.29090043  0.23244097  0.25381682  0.26842432  0.26842432  0.27583951  
58_15_0    0.29090043  0.29854940  0.28333101  0.26842432  0.28333101  0.27583951  0.02596799  0.03662029  0.03662029  0.03662029  0.05289687  0.05840431  0.00000000  0.00000000  0.01027629  0.04743080  0.30627960  0.23949673  0.23949673  0.24662156  0.23244097  0.23949673  0.22545296  0.27583951  0.28333101  0.27583951  0.28333101  0.26842432  0.26842432  0.24662156  0.24662156  0.23949673  0.23244097  0.23949673  0.24662156  0.23949673  0.23949673  0.25381682  0.21167505  0.22545296  0.22545296  0.40607591  0.23244097  0.21853140  0.29090043  0.25381682  0.23949673  0.24662156  0.26108393  0.27583951  0.22545296  0.25381682  0.25381682  0.25381682  0.22545296  0.25381682  0.26108393  0.29090043  0.27583951  0.29090043  0.23949673  0.29854940  0.28333101  0.27583951  0.30627960  0.30627960  0.27583951  0.28333101  0.28333101  0.30627960  0.30627960  0.32199077  0.30627960  0.26842432  0.23949673  0.25381682  0.26108393  0.26108393  0.27583951  0.25381682  0.26108393  0.21853140  0.17832988  0.23244097  0.23949673  0.23244097  0.23244097  0.23949673  0.23244097  0.24662156  0.25381682  0.24662156  0.24662156  0.26108393  0.23244097  0.26108393  0.27583951  0.26108393  0.25381682  0.23949673  0.25381682  0.23949673  0.21167505  0.20488268  0.20488268  0.23949673  0.23949673  0.25381682  0.26108393  0.26842432  0.24662156  0.24662156  0.23949673  0.23949673  0.24662156  0.21853140  0.22545296  0.25381682  0.24662156  0.20488268  0.19815311  0.23244097  0.23244097  0.21853140  0.22545296  0.23949673  0.19815311  0.21853140  0.22545296  0.19148520  0.21853140  0.21167505  0.24662156  0.23949673  0.23949673  0.21853140  0.21853140  0.21853140  0.22545296  0.23244097  0.23244097  0.22545296  0.22545296  0.23244097  0.23244097  0.22545296  0.23244097  0.25381682  0.25381682  0.26108393  0.26108393  0.21853140  0.22545296  0.21853140  0.25381682  0.25381682  0.25381682  0.21853140  0.18487782  0.23949673  0.21167505  0.21853140  0.21853140  0.19815311  0.29090043  0.26108393  0.31409279  0.28333101  0.27583951  0.26842432  0.26108393  0.22545296  0.25381682  0.26842432  0.23949673  0.25381682  0.26108393  0.28333101  0.26108393  0.25381682  0.33804857  0.26842432  0.26842432  0.24662156  0.26842432  0.22545296  0.23949673  0.23244097  0.23244097  0.29090043  0.29854940  0.29090043  0.23244097  0.25381682  0.26842432  0.26842432  0.27583951  
1_15_0     0.29090043  0.29854940  0.28333101  0.26842432  0.28333101  0.27583951  0.02596799  0.03662029  0.03662029  0.03662029  0.05289687  0.05840431  0.01027629  0.01027629  0.00000000  0.04743080  0.29090043  0.23949673  0.23949673  0.24662156  0.23244097  0.23949673  0.22545296  0.26108393  0.26842432  0.26108393  0.28333101  0.26842432  0.26842432  0.24662156  0.23244097  0.23949673  0.23244097  0.22545296  0.23244097  0.22545296  0.22545296  0.25381682  0.22545296  0.22545296  0.22545296  0.38846377  0.23244097  0.21853140  0.29090043  0.25381682  0.23949673  0.24662156  0.26108393  0.27583951  0.22545296  0.25381682  0.25381682  0.25381682  0.22545296  0.25381682  0.26108393  0.29090043  0.27583951  0.29090043  0.23949673  0.29854940  0.28333101  0.27583951  0.30627960  0.30627960  0.27583951  0.28333101  0.26842432  0.30627960  0.30627960  0.32199077  0.32199077  0.26842432  0.23949673  0.25381682  0.26108393  0.26108393  0.26108393  0.25381682  0.26108393  0.21853140  0.17832988  0.23244097  0.23949673  0.23244097  0.23244097  0.23949673  0.23244097  0.23244097  0.23949673  0.23244097  0.23244097  0.24662156  0.23244097  0.26108393  0.27583951  0.26108393  0.25381682  0.23949673  0.25381682  0.23949673  0.20488268  0.19815311  0.19815311  0.24662156  0.24662156  0.24662156  0.25381682  0.26108393  0.23949673  0.23949673  0.23244097  0.23244097  0.23949673  0.21167505  0.21853140  0.24662156  0.23949673  0.19815311  0.19148520  0.22545296  0.23244097  0.21167505  0.21853140  0.23244097  0.19148520  0.21167505  0.21853140  0.18487782  0.21167505  0.20488268  0.23949673  0.23244097  0.23244097  0.21167505  0.21167505  0.21167505  0.21853140  0.22545296  0.22545296  0.21853140  0.21853140  0.22545296  0.22545296  0.21853140  0.22545296  0.24662156  0.24662156  0.25381682  0.25381682  0.21167505  0.21853140  0.21167505  0.25381682  0.25381682  0.25381682  0.20488268  0.17832988  0.23949673  0.19815311  0.20488268  0.23244097  0.19815311  0.27583951  0.24662156  0.29854940  0.29854940  0.27583951  0.26842432  0.26108393  0.23949673  0.25381682  0.26842432  0.23949673  0.25381682  0.26108393  0.28333101  0.26108393  0.25381682  0.35446866  0.26842432  0.26842432  0.24662156  0.26842432  0.22545296  0.23949673  0.23244097  0.23244097  0.29090043  0.29854940  0.29090043  0.23244097  0.23949673  0.26842432  0.26842432  0.27583951  
2_13_0     0.29090043  0.29854940  0.28333101  0.23949673  0.25381682  0.24662156  0.05289687  0.05289687  0.05289687  0.05289687  0.06954580  0.08658449  0.04743080  0.04743080  0.04743080  0.00000000  0.32997538  0.26108393  0.26108393  0.26842432  0.25381682  0.26108393  0.24662156  0.28333101  0.29090043  0.29854940  0.29090043  0.27583951  0.27583951  0.24662156  0.26108393  0.26108393  0.25381682  0.24662156  0.28333101  0.27583951  0.27583951  0.29090043  0.26108393  0.26108393  0.26108393  0.38846377  0.26842432  0.23949673  0.30627960  0.27583951  0.26108393  0.26842432  0.28333101  0.29854940  0.24662156  0.27583951  0.24662156  0.27583951  0.23244097  0.24662156  0.25381682  0.28333101  0.28333101  0.28333101  0.23244097  0.29090043  0.28333101  0.27583951  0.30627960  0.30627960  0.29854940  0.30627960  0.29090043  0.29854940  0.31409279  0.32997538  0.32997538  0.26108393  0.24662156  0.26108393  0.25381682  0.25381682  0.28333101  0.24662156  0.26842432  0.21167505  0.19815311  0.23949673  0.24662156  0.23949673  0.23949673  0.24662156  0.22545296  0.26842432  0.27583951  0.26842432  0.26842432  0.26842432  0.23949673  0.25381682  0.25381682  0.25381682  0.24662156  0.24662156  0.24662156  0.24662156  0.18487782  0.17832988  0.17832988  0.23244097  0.23244097  0.23949673  0.24662156  0.25381682  0.24662156  0.23244097  0.22545296  0.22545296  0.23244097  0.19815311  0.20488268  0.21853140  0.21167505  0.19815311  0.19148520  0.21167505  0.22545296  0.21167505  0.21853140  0.21853140  0.19148520  0.19815311  0.20488268  0.17832988  0.19148520  0.18487782  0.21853140  0.21167505  0.21167505  0.19148520  0.19148520  0.19815311  0.19815311  0.20488268  0.20488268  0.19815311  0.19815311  0.20488268  0.21853140  0.19815311  0.20488268  0.25381682  0.25381682  0.26108393  0.27583951  0.20488268  0.21167505  0.20488268  0.24662156  0.24662156  0.24662156  0.22545296  0.19815311  0.24662156  0.20488268  0.19815311  0.23244097  0.21167505  0.28333101  0.26842432  0.32199077  0.27583951  0.28333101  0.27583951  0.29854940  0.26108393  0.27583951  0.27583951  0.26108393  0.26108393  0.25381682  0.30627960  0.28333101  0.26108393  0.34621231  0.26108393  0.26108393  0.25381682  0.27583951  0.24662156  0.24662156  0.23949673  0.23949673  0.31409279  0.30627960  0.31409279  0.25381682  0.26108393  0.26842432  0.26842432  0.27583951  
