180
9_1_0      0.00000000  0.08057551  0.21584035  0.19753340  0.19753340  0.21584035  0.42878711  0.40455008  0.36960581  0.45383553  0.46668136  0.41657047  0.44120651  0.42878711  0.45383553  0.40455008  0.39271974  0.35831119  0.35831119  0.35831119  0.41657047  0.36960581  0.36960581  0.35831119  0.38107354  0.34718452  0.36960581  0.35831119  0.41657047  0.52039050  0.46668136  0.45383553  0.46668136  0.46668136  0.49305415  0.45383553  0.46668136  0.44120651  0.45383553  0.47975157  0.49305415  0.47975157  0.49305415  0.52039050  0.52039050  0.44120651  0.44120651  0.45383553  0.52039050  0.38107354  0.40455008  0.34718452  0.41657047  0.39271974  0.40455008  0.44120651  0.42878711  0.42878711  0.42878711  0.50659750  0.50659750  0.52039050  0.52039050  0.38107354  0.38107354  0.39271974  0.40455008  0.40455008  0.44120651  0.36960581  0.40455008  0.41657047  0.39271974  0.38107354  0.41657047  0.41657047  0.41657047  0.45383553  0.41657047  0.42878711  0.42878711  0.49305415  0.52039050  0.50659750  0.49305415  0.49305415  0.50659750  0.53444253  0.53444253  0.50659750  0.41657047  0.41657047  0.38107354  0.36960581  0.40455008  0.35831119  0.39271974  0.44120651  0.57825489  0.40455008  0.44120651  0.39271974  0.39271974  0.41657047  0.41657047  0.34718452  0.34718452  0.44120651  0.42878711  0.36960581  0.36960581  0.50659750  0.52039050  0.47975157  0.47975157  0.49305415  0.47975157  0.52039050  0.52039050  0.44120651  0.41657047  0.41657047  0.41657047  0.40455008  0.39271974  0.44120651  0.46668136  0.41657047  0.44120651  0.39271974  0.39271974  0.38107354  0.35831119  0.42878711  0.42878711  0.35831119  0.47975157  0.47975157  0.44120651  0.52039050  0.50659750  0.50659750  0.45383553  0.44120651  0.40455008  0.39271974  0.38107354  0.39271974  0.38107354  0.38107354  0.38107354  0.41657047  0.40455008  0.40455008  0.40455008  0.42878711  0.36960581  0.35831119  0.35831119  0.39271974  0.39271974  0.38107354  0.45383553  0.46668136  0.45383553  0.45383553  0.35831119  0.36960581  0.35831119  0.42878711  0.42878711  0.52039050  0.44120651  0.39271974  0.45383553  0.40455008  0.38107354  0.38107354  0.38107354  0.40455008  
7_1_0      0.08057551  0.00000000  0.17088632  0.18854519  0.17088632  0.18854519  0.44120651  0.41657047  0.32541556  0.47975157  0.49305415  0.44120651  0.46668136  0.38107354  0.44120651  0.41657047  0.40455008  0.41657047  0.39271974  0.39271974  0.40455008  0.40455008  0.41657047  0.39271974  0.41657047  0.38107354  0.40455008  0.41657047  0.42878711  0.47975157  0.42878711  0.41657047  0.45383553  0.45383553  0.42878711  0.45383553  0.46668136  0.46668136  0.47975157  0.47975157  0.52039050  0.50659750  0.49305415  0.52039050  0.49305415  0.50659750  0.50659750  0.52039050  0.50659750  0.36960581  0.39271974  0.36960581  0.40455008  0.38107354  0.39271974  0.47975157  0.46668136  0.46668136  0.46668136  0.46668136  0.46668136  0.47975157  0.47975157  0.36960581  0.32541556  0.40455008  0.39271974  0.38107354  0.38107354  0.38107354  0.36960581  0.40455008  0.38107354  0.36960581  0.38107354  0.42878711  0.42878711  0.46668136  0.45383553  0.46668136  0.46668136  0.40455008  0.42878711  0.41657047  0.42878711  0.42878711  0.41657047  0.44120651  0.44120651  0.44120651  0.36960581  0.36960581  0.33622088  0.32541556  0.38107354  0.33622088  0.36960581  0.41657047  0.54876350  0.38107354  0.44120651  0.36960581  0.36960581  0.39271974  0.39271974  0.32541556  0.32541556  0.40455008  0.39271974  0.36960581  0.36960581  0.52039050  0.50659750  0.52039050  0.41657047  0.46668136  0.45383553  0.49305415  0.49305415  0.41657047  0.39271974  0.41657047  0.41657047  0.45383553  0.44120651  0.52039050  0.54876350  0.39271974  0.41657047  0.39271974  0.39271974  0.44120651  0.36960581  0.40455008  0.40455008  0.33622088  0.50659750  0.50659750  0.46668136  0.52039050  0.53444253  0.53444253  0.42878711  0.44120651  0.42878711  0.39271974  0.40455008  0.41657047  0.38107354  0.38107354  0.38107354  0.39271974  0.35831119  0.40455008  0.40455008  0.42878711  0.39271974  0.33622088  0.33622088  0.41657047  0.39271974  0.35831119  0.40455008  0.41657047  0.40455008  0.41657047  0.40455008  0.41657047  0.38107354  0.42878711  0.42878711  0.50659750  0.44120651  0.39271974  0.42878711  0.39271974  0.36960581  0.34718452  0.36960581  0.39271974  
7_0_0      0.21584035  0.17088632  0.00000000  0.01401940  0.02830649  0.06526526  0.44120651  0.41657047  0.36960581  0.42878711  0.44120651  0.41657047  0.44120651  0.41657047  0.44120651  0.40455008  0.36960581  0.44120651  0.39271974  0.39271974  0.42878711  0.47975157  0.49305415  0.46668136  0.49305415  0.50659750  0.50659750  0.52039050  0.50659750  0.57825489  0.52039050  0.50659750  0.65750823  0.65750823  0.62479291  0.50659750  0.52039050  0.50659750  0.49305415  0.52039050  0.53444253  0.54876350  0.50659750  0.53444253  0.50659750  0.52039050  0.52039050  0.53444253  0.57825489  0.50659750  0.49305415  0.45383553  0.56336391  0.56336391  0.59344822  0.56336391  0.54876350  0.54876350  0.54876350  0.60895646  0.60895646  0.56336391  0.56336391  0.53444253  0.45383553  0.52039050  0.50659750  0.47975157  0.52039050  0.49305415  0.50659750  0.49305415  0.49305415  0.50659750  0.46668136  0.54876350  0.52039050  0.52039050  0.44120651  0.45383553  0.45383553  0.45383553  0.47975157  0.46668136  0.44120651  0.44120651  0.42878711  0.45383553  0.45383553  0.47975157  0.44120651  0.44120651  0.45383553  0.44120651  0.50659750  0.46668136  0.50659750  0.50659750  0.54876350  0.41657047  0.49305415  0.44120651  0.44120651  0.46668136  0.46668136  0.38107354  0.33622088  0.42878711  0.41657047  0.40455008  0.40455008  0.49305415  0.47975157  0.59344822  0.49305415  0.49305415  0.47975157  0.49305415  0.49305415  0.47975157  0.45383553  0.46668136  0.46668136  0.50659750  0.49305415  0.52039050  0.52039050  0.46668136  0.46668136  0.44120651  0.44120651  0.40455008  0.41657047  0.50659750  0.50659750  0.44120651  0.52039050  0.52039050  0.49305415  0.56336391  0.52039050  0.52039050  0.47975157  0.52039050  0.44120651  0.45383553  0.44120651  0.50659750  0.45383553  0.45383553  0.45383553  0.44120651  0.40455008  0.38107354  0.38107354  0.40455008  0.40455008  0.39271974  0.41657047  0.41657047  0.42878711  0.36960581  0.46668136  0.47975157  0.46668136  0.42878711  0.40455008  0.40455008  0.39271974  0.40455008  0.36960581  0.46668136  0.39271974  0.40455008  0.40455008  0.45383553  0.42878711  0.40455008  0.42878711  0.42878711  
9_0_0      0.19753340  0.18854519  0.01401940  0.00000000  0.02830649  0.06526526  0.46668136  0.44120651  0.39271974  0.40455008  0.41657047  0.39271974  0.41657047  0.41657047  0.46668136  0.42878711  0.39271974  0.46668136  0.41657047  0.41657047  0.45383553  0.50659750  0.52039050  0.49305415  0.52039050  0.50659750  0.53444253  0.52039050  0.53444253  0.57825489  0.52039050  0.50659750  0.65750823  0.65750823  0.62479291  0.52039050  0.53444253  0.52039050  0.50659750  0.53444253  0.54876350  0.56336391  0.52039050  0.54876350  0.52039050  0.52039050  0.52039050  0.53444253  0.57825489  0.50659750  0.49305415  0.47975157  0.56336391  0.56336391  0.59344822  0.53444253  0.52039050  0.52039050  0.52039050  0.64097179  0.60895646  0.59344822  0.59344822  0.53444253  0.45383553  0.52039050  0.50659750  0.50659750  0.52039050  0.49305415  0.50659750  0.49305415  0.49305415  0.50659750  0.46668136  0.54876350  0.52039050  0.52039050  0.45383553  0.46668136  0.46668136  0.46668136  0.49305415  0.47975157  0.45383553  0.45383553  0.44120651  0.46668136  0.46668136  0.49305415  0.44120651  0.44120651  0.45383553  0.44120651  0.50659750  0.46668136  0.50659750  0.50659750  0.52039050  0.41657047  0.46668136  0.44120651  0.44120651  0.46668136  0.46668136  0.38107354  0.33622088  0.42878711  0.41657047  0.40455008  0.40455008  0.46668136  0.45383553  0.56336391  0.52039050  0.49305415  0.47975157  0.49305415  0.49305415  0.47975157  0.45383553  0.46668136  0.46668136  0.50659750  0.49305415  0.49305415  0.49305415  0.46668136  0.46668136  0.44120651  0.44120651  0.40455008  0.41657047  0.50659750  0.50659750  0.46668136  0.52039050  0.52039050  0.49305415  0.56336391  0.52039050  0.52039050  0.47975157  0.52039050  0.44120651  0.45383553  0.44120651  0.50659750  0.45383553  0.45383553  0.45383553  0.46668136  0.42878711  0.40455008  0.40455008  0.42878711  0.40455008  0.41657047  0.44120651  0.44120651  0.45383553  0.39271974  0.49305415  0.50659750  0.49305415  0.45383553  0.38107354  0.38107354  0.39271974  0.42878711  0.39271974  0.47975157  0.41657047  0.42878711  0.42878711  0.42878711  0.42878711  0.40455008  0.42878711  0.42878711  
13_0_0     0.19753340  0.17088632  0.02830649  0.02830649  0.00000000  0.05026199  0.44120651  0.41657047  0.36960581  0.40455008  0.41657047  0.41657047  0.44120651  0.42878711  0.44120651  0.40455008  0.36960581  0.44120651  0.39271974  0.39271974  0.42878711  0.47975157  0.49305415  0.46668136  0.49305415  0.47975157  0.50659750  0.49305415  0.50659750  0.54876350  0.52039050  0.50659750  0.64097179  0.64097179  0.60895646  0.49305415  0.50659750  0.49305415  0.47975157  0.49305415  0.52039050  0.53444253  0.49305415  0.52039050  0.49305415  0.52039050  0.52039050  0.53444253  0.54876350  0.47975157  0.46668136  0.45383553  0.53444253  0.53444253  0.56336391  0.54876350  0.54876350  0.54876350  0.54876350  0.60895646  0.60895646  0.56336391  0.56336391  0.50659750  0.45383553  0.49305415  0.47975157  0.47975157  0.49305415  0.46668136  0.47975157  0.46668136  0.46668136  0.47975157  0.44120651  0.52039050  0.49305415  0.49305415  0.46668136  0.47975157  0.47975157  0.47975157  0.50659750  0.49305415  0.46668136  0.46668136  0.45383553  0.47975157  0.47975157  0.50659750  0.44120651  0.44120651  0.45383553  0.44120651  0.50659750  0.46668136  0.50659750  0.50659750  0.54876350  0.41657047  0.49305415  0.46668136  0.46668136  0.49305415  0.49305415  0.38107354  0.34718452  0.45383553  0.42878711  0.42878711  0.42878711  0.52039050  0.50659750  0.59344822  0.52039050  0.49305415  0.47975157  0.49305415  0.49305415  0.47975157  0.45383553  0.46668136  0.46668136  0.49305415  0.47975157  0.49305415  0.49305415  0.46668136  0.46668136  0.44120651  0.44120651  0.38107354  0.39271974  0.50659750  0.50659750  0.44120651  0.52039050  0.52039050  0.49305415  0.56336391  0.52039050  0.52039050  0.50659750  0.52039050  0.44120651  0.45383553  0.46668136  0.47975157  0.42878711  0.42878711  0.42878711  0.44120651  0.40455008  0.38107354  0.38107354  0.40455008  0.38107354  0.39271974  0.41657047  0.44120651  0.42878711  0.36960581  0.46668136  0.47975157  0.46668136  0.42878711  0.38107354  0.40455008  0.39271974  0.42878711  0.41657047  0.47975157  0.40455008  0.42878711  0.42878711  0.45383553  0.45383553  0.42878711  0.45383553  0.45383553  
14_0_0     0.21584035  0.18854519  0.06526526  0.06526526  0.05026199  0.00000000  0.41657047  0.41657047  0.36960581  0.40455008  0.41657047  0.44120651  0.44120651  0.42878711  0.41657047  0.40455008  0.36960581  0.41657047  0.36960581  0.36960581  0.40455008  0.45383553  0.46668136  0.44120651  0.44120651  0.42878711  0.45383553  0.44120651  0.45383553  0.52039050  0.49305415  0.47975157  0.64097179  0.64097179  0.60895646  0.46668136  0.47975157  0.44120651  0.45383553  0.47975157  0.49305415  0.50659750  0.46668136  0.49305415  0.49305415  0.49305415  0.49305415  0.50659750  0.49305415  0.40455008  0.44120651  0.40455008  0.46668136  0.49305415  0.50659750  0.52039050  0.50659750  0.50659750  0.50659750  0.57825489  0.57825489  0.56336391  0.56336391  0.42878711  0.40455008  0.44120651  0.45383553  0.45383553  0.46668136  0.41657047  0.40455008  0.44120651  0.41657047  0.42878711  0.41657047  0.44120651  0.41657047  0.44120651  0.45383553  0.46668136  0.49305415  0.46668136  0.47975157  0.45383553  0.45383553  0.45383553  0.44120651  0.44120651  0.44120651  0.46668136  0.42878711  0.42878711  0.44120651  0.42878711  0.49305415  0.45383553  0.49305415  0.50659750  0.50659750  0.42878711  0.50659750  0.45383553  0.45383553  0.47975157  0.49305415  0.39271974  0.39271974  0.49305415  0.47975157  0.41657047  0.41657047  0.50659750  0.49305415  0.60895646  0.53444253  0.50659750  0.49305415  0.50659750  0.50659750  0.49305415  0.49305415  0.47975157  0.47975157  0.49305415  0.50659750  0.50659750  0.50659750  0.47975157  0.47975157  0.47975157  0.47975157  0.39271974  0.36960581  0.50659750  0.50659750  0.41657047  0.50659750  0.50659750  0.47975157  0.52039050  0.47975157  0.47975157  0.49305415  0.50659750  0.42878711  0.46668136  0.47975157  0.47975157  0.42878711  0.42878711  0.42878711  0.44120651  0.38107354  0.35831119  0.35831119  0.38107354  0.36960581  0.38107354  0.40455008  0.42878711  0.44120651  0.35831119  0.42878711  0.44120651  0.42878711  0.44120651  0.35831119  0.39271974  0.40455008  0.41657047  0.40455008  0.46668136  0.39271974  0.41657047  0.40455008  0.44120651  0.44120651  0.41657047  0.44120651  0.44120651  
11_4_0     0.42878711  0.44120651  0.44120651  0.46668136  0.44120651  0.41657047  0.00000000  0.05026199  0.45383553  0.44120651  0.45383553  0.47975157  0.45383553  0.45383553  0.57825489  0.56336391  0.52039050  0.49305415  0.52039050  0.52039050  0.53444253  0.52039050  0.52039050  0.53444253  0.50659750  0.54876350  0.56336391  0.60895646  0.59344822  0.62479291  0.62479291  0.60895646  0.65750823  0.65750823  0.65750823  0.57825489  0.56336391  0.62479291  0.64097179  0.65750823  0.64097179  0.65750823  0.65750823  0.59344822  0.65750823  0.62479291  0.62479291  0.64097179  0.74616097  0.52039050  0.59344822  0.49305415  0.54876350  0.54876350  0.56336391  0.54876350  0.54876350  0.56336391  0.54876350  0.54876350  0.59344822  0.57825489  0.57825489  0.53444253  0.50659750  0.50659750  0.62479291  0.62479291  0.59344822  0.59344822  0.54876350  0.64097179  0.57825489  0.59344822  0.65750823  0.62479291  0.65750823  0.64097179  0.41657047  0.42878711  0.42878711  0.52039050  0.47975157  0.50659750  0.53444253  0.53444253  0.52039050  0.52039050  0.52039050  0.52039050  0.47975157  0.47975157  0.46668136  0.47975157  0.46668136  0.45383553  0.49305415  0.53444253  0.72757023  0.59344822  0.49305415  0.41657047  0.41657047  0.46668136  0.46668136  0.46668136  0.52039050  0.50659750  0.49305415  0.45383553  0.45383553  0.53444253  0.57825489  0.52039050  0.56336391  0.46668136  0.45383553  0.52039050  0.52039050  0.41657047  0.44120651  0.45383553  0.45383553  0.47975157  0.46668136  0.53444253  0.53444253  0.45383553  0.42878711  0.47975157  0.47975157  0.44120651  0.41657047  0.53444253  0.53444253  0.46668136  0.62479291  0.62479291  0.54876350  0.50659750  0.47975157  0.47975157  0.50659750  0.54876350  0.49305415  0.53444253  0.49305415  0.50659750  0.52039050  0.52039050  0.52039050  0.49305415  0.44120651  0.49305415  0.49305415  0.53444253  0.47975157  0.46668136  0.46668136  0.52039050  0.50659750  0.53444253  0.49305415  0.50659750  0.49305415  0.59344822  0.54876350  0.56336391  0.53444253  0.54876350  0.54876350  0.50659750  0.59344822  0.60895646  0.52039050  0.45383553  0.50659750  0.53444253  0.50659750  0.53444253  
1_4_0      0.40455008  0.41657047  0.41657047  0.44120651  0.41657047  0.41657047  0.05026199  0.00000000  0.39271974  0.40455008  0.41657047  0.49305415  0.46668136  0.44120651  0.53444253  0.53444253  0.49305415  0.45383553  0.50659750  0.50659750  0.49305415  0.50659750  0.50659750  0.49305415  0.54876350  0.53444253  0.54876350  0.56336391  0.57825489  0.59344822  0.57825489  0.56336391  0.67441838  0.67441838  0.67441838  0.53444253  0.54876350  0.57825489  0.59344822  0.60895646  0.59344822  0.60895646  0.60895646  0.54876350  0.57825489  0.57825489  0.57825489  0.59344822  0.65750823  0.53444253  0.54876350  0.47975157  0.53444253  0.53444253  0.54876350  0.53444253  0.53444253  0.54876350  0.53444253  0.60895646  0.65750823  0.64097179  0.64097179  0.52039050  0.49305415  0.49305415  0.54876350  0.57825489  0.54876350  0.54876350  0.50659750  0.59344822  0.53444253  0.54876350  0.57825489  0.60895646  0.64097179  0.62479291  0.45383553  0.45383553  0.46668136  0.53444253  0.50659750  0.52039050  0.54876350  0.54876350  0.53444253  0.56336391  0.56336391  0.56336391  0.46668136  0.46668136  0.47975157  0.49305415  0.50659750  0.46668136  0.50659750  0.46668136  0.67441838  0.49305415  0.53444253  0.45383553  0.45383553  0.47975157  0.47975157  0.42878711  0.45383553  0.49305415  0.45383553  0.44120651  0.44120651  0.57825489  0.59344822  0.50659750  0.54876350  0.45383553  0.46668136  0.50659750  0.50659750  0.42878711  0.42878711  0.44120651  0.44120651  0.50659750  0.49305415  0.53444253  0.53444253  0.46668136  0.44120651  0.46668136  0.46668136  0.45383553  0.40455008  0.52039050  0.52039050  0.42878711  0.54876350  0.54876350  0.53444253  0.52039050  0.49305415  0.49305415  0.49305415  0.53444253  0.45383553  0.49305415  0.47975157  0.47975157  0.45383553  0.45383553  0.45383553  0.47975157  0.40455008  0.45383553  0.45383553  0.49305415  0.46668136  0.47975157  0.47975157  0.50659750  0.46668136  0.52039050  0.47975157  0.49305415  0.47975157  0.52039050  0.53444253  0.54876350  0.52039050  0.56336391  0.53444253  0.54876350  0.54876350  0.59344822  0.50659750  0.49305415  0.54876350  0.54876350  0.54876350  0.57825489  
59_0_0     0.36960581  0.32541556  0.36960581  0.39271974  0.36960581  0.36960581  0.45383553  0.39271974  0.00000000  0.11216909  0.12028040  0.25385529  0.23460644  0.20663089  0.30426203  0.30426203  0.29390538  0.25385529  0.27361242  0.27361242  0.28369011  0.27361242  0.27361242  0.26366865  0.28369011  0.27361242  0.28369011  0.31476405  0.30426203  0.34718452  0.31476405  0.30426203  0.39271974  0.39271974  0.39271974  0.34718452  0.35831119  0.36960581  0.36960581  0.34718452  0.39271974  0.38107354  0.35831119  0.33622088  0.33622088  0.40455008  0.40455008  0.41657047  0.39271974  0.30426203  0.32541556  0.26366865  0.40455008  0.39271974  0.42878711  0.40455008  0.39271974  0.38107354  0.39271974  0.39271974  0.41657047  0.41657047  0.41657047  0.25385529  0.30426203  0.31476405  0.32541556  0.36960581  0.34718452  0.35831119  0.34718452  0.35831119  0.32541556  0.31476405  0.39271974  0.33622088  0.35831119  0.33622088  0.32541556  0.32541556  0.34718452  0.32541556  0.36960581  0.33622088  0.29390538  0.29390538  0.30426203  0.34718452  0.34718452  0.30426203  0.21584035  0.21584035  0.22516456  0.23460644  0.25385529  0.23460644  0.26366865  0.22516456  0.41657047  0.25385529  0.32541556  0.28369011  0.28369011  0.28369011  0.27361242  0.19753340  0.28369011  0.26366865  0.24416897  0.30426203  0.30426203  0.53444253  0.54876350  0.35831119  0.32541556  0.40455008  0.39271974  0.35831119  0.35831119  0.34718452  0.34718452  0.29390538  0.29390538  0.34718452  0.34718452  0.35831119  0.33622088  0.29390538  0.27361242  0.31476405  0.33622088  0.34718452  0.27361242  0.28369011  0.28369011  0.27361242  0.33622088  0.33622088  0.33622088  0.29390538  0.27361242  0.27361242  0.29390538  0.28369011  0.24416897  0.25385529  0.31476405  0.29390538  0.24416897  0.24416897  0.24416897  0.25385529  0.26366865  0.24416897  0.24416897  0.27361242  0.23460644  0.20663089  0.22516456  0.31476405  0.25385529  0.25385529  0.31476405  0.32541556  0.31476405  0.30426203  0.28369011  0.29390538  0.30426203  0.28369011  0.28369011  0.29390538  0.25385529  0.30426203  0.28369011  0.33622088  0.31476405  0.29390538  0.31476405  0.31476405  
56_0_0     0.45383553  0.47975157  0.42878711  0.40455008  0.40455008  0.40455008  0.44120651  0.40455008  0.11216909  0.00000000  0.00697687  0.24416897  0.22516456  0.19753340  0.34718452  0.36960581  0.35831119  0.33622088  0.33622088  0.33622088  0.32541556  0.38107354  0.38107354  0.36960581  0.39271974  0.38107354  0.41657047  0.42878711  0.41657047  0.45383553  0.42878711  0.41657047  0.49305415  0.49305415  0.49305415  0.42878711  0.41657047  0.41657047  0.41657047  0.44120651  0.46668136  0.45383553  0.42878711  0.42878711  0.42878711  0.46668136  0.46668136  0.47975157  0.42878711  0.41657047  0.41657047  0.36960581  0.53444253  0.52039050  0.53444253  0.41657047  0.40455008  0.39271974  0.40455008  0.47975157  0.47975157  0.47975157  0.47975157  0.35831119  0.41657047  0.39271974  0.41657047  0.49305415  0.44120651  0.45383553  0.46668136  0.45383553  0.41657047  0.42878711  0.46668136  0.42878711  0.42878711  0.42878711  0.42878711  0.42878711  0.45383553  0.35831119  0.38107354  0.36960581  0.32541556  0.32541556  0.33622088  0.38107354  0.38107354  0.33622088  0.24416897  0.24416897  0.27361242  0.28369011  0.28369011  0.28369011  0.31476405  0.25385529  0.36960581  0.26366865  0.33622088  0.31476405  0.31476405  0.31476405  0.30426203  0.24416897  0.33622088  0.29390538  0.27361242  0.32541556  0.32541556  0.45383553  0.46668136  0.34718452  0.38107354  0.34718452  0.33622088  0.30426203  0.30426203  0.31476405  0.33622088  0.28369011  0.28369011  0.31476405  0.31476405  0.26366865  0.24416897  0.30426203  0.26366865  0.30426203  0.30426203  0.32541556  0.28369011  0.35831119  0.35831119  0.39271974  0.34718452  0.34718452  0.32541556  0.30426203  0.26366865  0.26366865  0.34718452  0.31476405  0.29390538  0.30426203  0.36960581  0.38107354  0.38107354  0.38107354  0.38107354  0.38107354  0.27361242  0.25385529  0.25385529  0.28369011  0.24416897  0.25385529  0.27361242  0.29390538  0.25385529  0.26366865  0.32541556  0.33622088  0.32541556  0.32541556  0.25385529  0.26366865  0.31476405  0.31476405  0.31476405  0.29390538  0.28369011  0.31476405  0.29390538  0.33622088  0.33622088  0.31476405  0.33622088  0.31476405  
30_0_0     0.46668136  0.49305415  0.44120651  0.41657047  0.41657047  0.41657047  0.45383553  0.41657047  0.12028040  0.00697687  0.00000000  0.25385529  0.23460644  0.20663089  0.35831119  0.38107354  0.36960581  0.34718452  0.34718452  0.34718452  0.33622088  0.39271974  0.39271974  0.38107354  0.40455008  0.36960581  0.40455008  0.41657047  0.40455008  0.46668136  0.44120651  0.42878711  0.50659750  0.50659750  0.50659750  0.41657047  0.40455008  0.40455008  0.40455008  0.42878711  0.45383553  0.44120651  0.41657047  0.41657047  0.41657047  0.45383553  0.45383553  0.46668136  0.41657047  0.42878711  0.42878711  0.38107354  0.54876350  0.53444253  0.54876350  0.42878711  0.41657047  0.40455008  0.41657047  0.49305415  0.49305415  0.49305415  0.49305415  0.36960581  0.42878711  0.40455008  0.42878711  0.50659750  0.45383553  0.46668136  0.47975157  0.46668136  0.42878711  0.44120651  0.47975157  0.44120651  0.44120651  0.44120651  0.44120651  0.44120651  0.46668136  0.36960581  0.39271974  0.38107354  0.33622088  0.33622088  0.34718452  0.39271974  0.39271974  0.34718452  0.25385529  0.25385529  0.28369011  0.29390538  0.29390538  0.29390538  0.30426203  0.26366865  0.35831119  0.27361242  0.34718452  0.32541556  0.32541556  0.30426203  0.29390538  0.25385529  0.34718452  0.30426203  0.28369011  0.33622088  0.33622088  0.46668136  0.47975157  0.33622088  0.39271974  0.35831119  0.34718452  0.31476405  0.31476405  0.32541556  0.34718452  0.29390538  0.29390538  0.32541556  0.32541556  0.27361242  0.25385529  0.31476405  0.27361242  0.31476405  0.31476405  0.33622088  0.29390538  0.36960581  0.36960581  0.40455008  0.35831119  0.35831119  0.33622088  0.31476405  0.27361242  0.27361242  0.35831119  0.32541556  0.30426203  0.31476405  0.38107354  0.39271974  0.39271974  0.39271974  0.39271974  0.39271974  0.28369011  0.26366865  0.26366865  0.29390538  0.25385529  0.26366865  0.28369011  0.30426203  0.26366865  0.27361242  0.33622088  0.34718452  0.33622088  0.33622088  0.26366865  0.27361242  0.32541556  0.32541556  0.32541556  0.30426203  0.29390538  0.32541556  0.30426203  0.34718452  0.34718452  0.32541556  0.34718452  0.32541556  
30_18_0    0.41657047  0.44120651  0.41657047  0.39271974  0.41657047  0.44120651  0.47975157  0.49305415  0.25385529  0.24416897  0.25385529  0.00000000  0.01401940  0.12848061  0.50659750  0.42878711  0.41657047  0.44120651  0.44120651  0.44120651  0.45383553  0.39271974  0.41657047  0.38107354  0.40455008  0.39271974  0.45383553  0.46668136  0.45383553  0.47975157  0.45383553  0.44120651  0.52039050  0.52039050  0.49305415  0.49305415  0.47975157  0.53444253  0.53444253  0.50659750  0.53444253  0.52039050  0.49305415  0.52039050  0.49305415  0.53444253  0.53444253  0.54876350  0.52039050  0.35831119  0.42878711  0.38107354  0.57825489  0.56336391  0.57825489  0.36960581  0.35831119  0.34718452  0.35831119  0.44120651  0.41657047  0.44120651  0.44120651  0.39271974  0.40455008  0.36960581  0.42878711  0.49305415  0.42878711  0.44120651  0.42878711  0.44120651  0.42878711  0.41657047  0.47975157  0.46668136  0.46668136  0.46668136  0.39271974  0.40455008  0.39271974  0.35831119  0.40455008  0.36960581  0.36960581  0.36960581  0.35831119  0.40455008  0.40455008  0.40455008  0.28369011  0.28369011  0.29390538  0.28369011  0.31476405  0.32541556  0.33622088  0.35831119  0.46668136  0.31476405  0.35831119  0.33622088  0.33622088  0.35831119  0.34718452  0.28369011  0.38107354  0.27361242  0.29390538  0.32541556  0.32541556  0.41657047  0.42878711  0.49305415  0.42878711  0.33622088  0.32541556  0.35831119  0.35831119  0.32541556  0.32541556  0.31476405  0.31476405  0.39271974  0.39271974  0.35831119  0.38107354  0.31476405  0.29390538  0.31476405  0.33622088  0.30426203  0.35831119  0.35831119  0.35831119  0.39271974  0.39271974  0.39271974  0.34718452  0.40455008  0.39271974  0.39271974  0.41657047  0.45383553  0.33622088  0.32541556  0.36960581  0.35831119  0.35831119  0.35831119  0.35831119  0.34718452  0.38107354  0.35831119  0.35831119  0.36960581  0.30426203  0.27361242  0.29390538  0.33622088  0.35831119  0.30426203  0.45383553  0.44120651  0.45383553  0.32541556  0.27361242  0.28369011  0.29390538  0.33622088  0.31476405  0.38107354  0.32541556  0.30426203  0.35831119  0.35831119  0.33622088  0.31476405  0.33622088  0.31476405  
56_18_0    0.44120651  0.46668136  0.44120651  0.41657047  0.44120651  0.44120651  0.45383553  0.46668136  0.23460644  0.22516456  0.23460644  0.01401940  0.00000000  0.11216909  0.47975157  0.42878711  0.41657047  0.41657047  0.41657047  0.41657047  0.42878711  0.39271974  0.41657047  0.38107354  0.40455008  0.39271974  0.45383553  0.46668136  0.45383553  0.46668136  0.44120651  0.42878711  0.53444253  0.53444253  0.50659750  0.49305415  0.47975157  0.53444253  0.53444253  0.50659750  0.53444253  0.52039050  0.49305415  0.49305415  0.49305415  0.56336391  0.56336391  0.57825489  0.52039050  0.35831119  0.42878711  0.35831119  0.54876350  0.53444253  0.54876350  0.36960581  0.35831119  0.34718452  0.35831119  0.44120651  0.41657047  0.44120651  0.44120651  0.36960581  0.38107354  0.34718452  0.45383553  0.52039050  0.45383553  0.46668136  0.42878711  0.46668136  0.45383553  0.44120651  0.47975157  0.46668136  0.46668136  0.46668136  0.36960581  0.38107354  0.36960581  0.33622088  0.38107354  0.34718452  0.34718452  0.34718452  0.33622088  0.40455008  0.40455008  0.38107354  0.26366865  0.26366865  0.27361242  0.28369011  0.29390538  0.30426203  0.31476405  0.33622088  0.44120651  0.31476405  0.35831119  0.31476405  0.31476405  0.33622088  0.32541556  0.26366865  0.38107354  0.27361242  0.29390538  0.30426203  0.30426203  0.41657047  0.42878711  0.46668136  0.40455008  0.31476405  0.30426203  0.33622088  0.33622088  0.30426203  0.32541556  0.29390538  0.29390538  0.36960581  0.36960581  0.35831119  0.35831119  0.29390538  0.27361242  0.31476405  0.33622088  0.30426203  0.35831119  0.35831119  0.35831119  0.39271974  0.36960581  0.36960581  0.32541556  0.39271974  0.36960581  0.36960581  0.39271974  0.42878711  0.31476405  0.32541556  0.36960581  0.33622088  0.33622088  0.33622088  0.33622088  0.32541556  0.35831119  0.33622088  0.33622088  0.36960581  0.28369011  0.25385529  0.27361242  0.31476405  0.33622088  0.28369011  0.42878711  0.41657047  0.42878711  0.32541556  0.25385529  0.26366865  0.29390538  0.31476405  0.29390538  0.35831119  0.30426203  0.29390538  0.35831119  0.33622088  0.31476405  0.29390538  0.31476405  0.29390538  
59_18_0    0.42878711  0.38107354  0.41657047  0.41657047  0.42878711  0.42878711  0.45383553  0.44120651  0.20663089  0.19753340  0.20663089  0.12848061  0.11216909  0.00000000  0.41657047  0.39271974  0.38107354  0.40455008  0.42878711  0.42878711  0.41657047  0.40455008  0.42878711  0.39271974  0.44120651  0.42878711  0.46668136  0.47975157  0.46668136  0.49305415  0.45383553  0.44120651  0.47975157  0.47975157  0.45383553  0.47975157  0.46668136  0.49305415  0.49305415  0.52039050  0.52039050  0.50659750  0.47975157  0.47975157  0.47975157  0.53444253  0.53444253  0.54876350  0.46668136  0.35831119  0.45383553  0.34718452  0.52039050  0.50659750  0.52039050  0.38107354  0.34718452  0.33622088  0.34718452  0.39271974  0.39271974  0.41657047  0.41657047  0.39271974  0.38107354  0.35831119  0.42878711  0.50659750  0.42878711  0.46668136  0.42878711  0.46668136  0.45383553  0.44120651  0.47975157  0.44120651  0.44120651  0.44120651  0.35831119  0.35831119  0.35831119  0.30426203  0.32541556  0.31476405  0.32541556  0.32541556  0.31476405  0.38107354  0.38107354  0.35831119  0.23460644  0.23460644  0.24416897  0.25385529  0.26366865  0.27361242  0.28369011  0.29390538  0.42878711  0.30426203  0.35831119  0.29390538  0.29390538  0.29390538  0.28369011  0.21584035  0.32541556  0.28369011  0.28369011  0.29390538  0.29390538  0.42878711  0.44120651  0.44120651  0.40455008  0.28369011  0.27361242  0.32541556  0.32541556  0.27361242  0.29390538  0.28369011  0.28369011  0.38107354  0.38107354  0.34718452  0.34718452  0.28369011  0.28369011  0.30426203  0.30426203  0.29390538  0.39271974  0.36960581  0.36960581  0.42878711  0.36960581  0.36960581  0.34718452  0.40455008  0.38107354  0.38107354  0.39271974  0.41657047  0.34718452  0.33622088  0.40455008  0.32541556  0.32541556  0.32541556  0.32541556  0.29390538  0.30426203  0.32541556  0.32541556  0.35831119  0.31476405  0.26366865  0.28369011  0.33622088  0.31476405  0.29390538  0.44120651  0.45383553  0.44120651  0.30426203  0.30426203  0.31476405  0.31476405  0.34718452  0.31476405  0.40455008  0.31476405  0.32541556  0.34718452  0.34718452  0.32541556  0.30426203  0.32541556  0.30426203  
36_0_0     0.45383553  0.44120651  0.44120651  0.46668136  0.44120651  0.41657047  0.57825489  0.53444253  0.30426203  0.34718452  0.35831119  0.50659750  0.47975157  0.41657047  0.00000000  0.08834973  0.08057551  0.05772602  0.05772602  0.05772602  0.05026199  0.17088632  0.17966366  0.16221074  0.17966366  0.20663089  0.23460644  0.22516456  0.21584035  0.22516456  0.20663089  0.19753340  0.27361242  0.27361242  0.29390538  0.27361242  0.28369011  0.27361242  0.26366865  0.30426203  0.27361242  0.27361242  0.30426203  0.27361242  0.29390538  0.30426203  0.30426203  0.31476405  0.23460644  0.23460644  0.23460644  0.20663089  0.30426203  0.30426203  0.30426203  0.29390538  0.28369011  0.28369011  0.28369011  0.31476405  0.31476405  0.28369011  0.28369011  0.20663089  0.24416897  0.25385529  0.21584035  0.24416897  0.25385529  0.21584035  0.20663089  0.23460644  0.23460644  0.20663089  0.20663089  0.18854519  0.18854519  0.19753340  0.53444253  0.53444253  0.52039050  0.47975157  0.45383553  0.49305415  0.46668136  0.46668136  0.47975157  0.50659750  0.50659750  0.47975157  0.39271974  0.39271974  0.41657047  0.42878711  0.44120651  0.41657047  0.42878711  0.34718452  0.50659750  0.45383553  0.56336391  0.49305415  0.49305415  0.46668136  0.47975157  0.40455008  0.52039050  0.57825489  0.54876350  0.47975157  0.47975157  0.59344822  0.64097179  0.54876350  0.53444253  0.53444253  0.52039050  0.52039050  0.52039050  0.49305415  0.49305415  0.47975157  0.47975157  0.52039050  0.53444253  0.45383553  0.45383553  0.49305415  0.45383553  0.45383553  0.44120651  0.47975157  0.47975157  0.47975157  0.47975157  0.41657047  0.42878711  0.42878711  0.41657047  0.45383553  0.44120651  0.44120651  0.47975157  0.44120651  0.45383553  0.50659750  0.47975157  0.44120651  0.41657047  0.41657047  0.41657047  0.45383553  0.42878711  0.39271974  0.39271974  0.39271974  0.41657047  0.38107354  0.39271974  0.40455008  0.45383553  0.40455008  0.45383553  0.44120651  0.45383553  0.46668136  0.45383553  0.46668136  0.50659750  0.47975157  0.50659750  0.50659750  0.40455008  0.49305415  0.47975157  0.44120651  0.34718452  0.34718452  0.34718452  0.34718452  
96_0_0     0.40455008  0.41657047  0.40455008  0.42878711  0.40455008  0.40455008  0.56336391  0.53444253  0.30426203  0.36960581  0.38107354  0.42878711  0.42878711  0.39271974  0.08834973  0.00000000  0.02112885  0.08834973  0.08834973  0.08834973  0.09620557  0.16221074  0.17088632  0.16221074  0.18854519  0.20663089  0.21584035  0.22516456  0.23460644  0.24416897  0.22516456  0.21584035  0.31476405  0.31476405  0.33622088  0.25385529  0.26366865  0.25385529  0.24416897  0.28369011  0.25385529  0.25385529  0.28369011  0.27361242  0.27361242  0.28369011  0.28369011  0.29390538  0.25385529  0.25385529  0.24416897  0.16221074  0.30426203  0.30426203  0.30426203  0.27361242  0.26366865  0.26366865  0.26366865  0.27361242  0.27361242  0.24416897  0.24416897  0.20663089  0.24416897  0.26366865  0.21584035  0.22516456  0.23460644  0.19753340  0.20663089  0.21584035  0.21584035  0.20663089  0.22516456  0.21584035  0.21584035  0.20663089  0.47975157  0.47975157  0.49305415  0.47975157  0.45383553  0.49305415  0.46668136  0.46668136  0.47975157  0.53444253  0.53444253  0.47975157  0.42878711  0.42878711  0.39271974  0.40455008  0.41657047  0.41657047  0.42878711  0.39271974  0.53444253  0.45383553  0.49305415  0.42878711  0.42878711  0.42878711  0.44120651  0.38107354  0.46668136  0.46668136  0.44120651  0.42878711  0.42878711  0.56336391  0.60895646  0.59344822  0.50659750  0.62479291  0.60895646  0.60895646  0.60895646  0.57825489  0.54876350  0.50659750  0.50659750  0.52039050  0.53444253  0.50659750  0.50659750  0.49305415  0.47975157  0.47975157  0.46668136  0.45383553  0.46668136  0.52039050  0.52039050  0.45383553  0.44120651  0.44120651  0.45383553  0.46668136  0.45383553  0.45383553  0.47975157  0.46668136  0.41657047  0.46668136  0.45383553  0.47975157  0.40455008  0.40455008  0.40455008  0.45383553  0.41657047  0.40455008  0.40455008  0.42878711  0.40455008  0.39271974  0.40455008  0.44120651  0.46668136  0.41657047  0.46668136  0.45383553  0.46668136  0.42878711  0.44120651  0.45383553  0.44120651  0.47975157  0.49305415  0.52039050  0.39271974  0.47975157  0.46668136  0.46668136  0.36960581  0.38107354  0.36960581  0.36960581  
46_0_0     0.39271974  0.40455008  0.36960581  0.39271974  0.36960581  0.36960581  0.52039050  0.49305415  0.29390538  0.35831119  0.36960581  0.41657047  0.41657047  0.38107354  0.08057551  0.02112885  0.00000000  0.08057551  0.08057551  0.08057551  0.08834973  0.17088632  0.17966366  0.17088632  0.19753340  0.23460644  0.24416897  0.25385529  0.26366865  0.27361242  0.25385529  0.24416897  0.34718452  0.34718452  0.36960581  0.28369011  0.29390538  0.28369011  0.27361242  0.31476405  0.28369011  0.28369011  0.31476405  0.28369011  0.28369011  0.31476405  0.31476405  0.32541556  0.26366865  0.26366865  0.26366865  0.18854519  0.31476405  0.31476405  0.31476405  0.28369011  0.27361242  0.27361242  0.27361242  0.30426203  0.30426203  0.27361242  0.27361242  0.23460644  0.27361242  0.29390538  0.24416897  0.25385529  0.26366865  0.22516456  0.23460644  0.24416897  0.24416897  0.23460644  0.25385529  0.24416897  0.24416897  0.23460644  0.46668136  0.46668136  0.47975157  0.46668136  0.44120651  0.47975157  0.45383553  0.45383553  0.46668136  0.49305415  0.49305415  0.44120651  0.44120651  0.44120651  0.40455008  0.41657047  0.42878711  0.42878711  0.44120651  0.38107354  0.57825489  0.46668136  0.50659750  0.44120651  0.44120651  0.44120651  0.45383553  0.39271974  0.45383553  0.45383553  0.42878711  0.46668136  0.46668136  0.57825489  0.62479291  0.60895646  0.49305415  0.57825489  0.56336391  0.56336391  0.56336391  0.53444253  0.50659750  0.49305415  0.49305415  0.53444253  0.54876350  0.49305415  0.49305415  0.50659750  0.46668136  0.46668136  0.45383553  0.46668136  0.44120651  0.52039050  0.52039050  0.42878711  0.41657047  0.41657047  0.42878711  0.44120651  0.42878711  0.42878711  0.45383553  0.44120651  0.39271974  0.44120651  0.42878711  0.45383553  0.38107354  0.38107354  0.38107354  0.42878711  0.39271974  0.38107354  0.38107354  0.40455008  0.38107354  0.36960581  0.38107354  0.41657047  0.44120651  0.39271974  0.46668136  0.45383553  0.46668136  0.40455008  0.41657047  0.42878711  0.41657047  0.45383553  0.46668136  0.49305415  0.36960581  0.45383553  0.44120651  0.45383553  0.35831119  0.36960581  0.35831119  0.38107354  
48_0_0     0.35831119  0.41657047  0.44120651  0.46668136  0.44120651  0.41657047  0.49305415  0.45383553  0.25385529  0.33622088  0.34718452  0.44120651  0.41657047  0.40455008  0.05772602  0.08834973  0.08057551  0.00000000  0.02830649  0.02830649  0.05026199  0.13677167  0.13677167  0.12848061  0.14515564  0.17088632  0.17966366  0.17088632  0.17966366  0.22516456  0.18854519  0.17966366  0.27361242  0.27361242  0.29390538  0.23460644  0.24416897  0.22516456  0.21584035  0.25385529  0.22516456  0.22516456  0.25385529  0.22516456  0.24416897  0.29390538  0.29390538  0.30426203  0.24416897  0.19753340  0.19753340  0.16221074  0.27361242  0.27361242  0.27361242  0.25385529  0.24416897  0.24416897  0.24416897  0.29390538  0.31476405  0.28369011  0.28369011  0.18854519  0.22516456  0.22516456  0.21584035  0.22516456  0.25385529  0.19753340  0.18854519  0.21584035  0.21584035  0.18854519  0.22516456  0.19753340  0.19753340  0.20663089  0.46668136  0.46668136  0.47975157  0.46668136  0.46668136  0.47975157  0.45383553  0.45383553  0.46668136  0.52039050  0.52039050  0.46668136  0.39271974  0.39271974  0.39271974  0.40455008  0.41657047  0.39271974  0.40455008  0.33622088  0.54876350  0.41657047  0.49305415  0.42878711  0.42878711  0.40455008  0.41657047  0.36960581  0.47975157  0.53444253  0.50659750  0.42878711  0.42878711  0.60895646  0.65750823  0.49305415  0.50659750  0.52039050  0.50659750  0.50659750  0.50659750  0.45383553  0.45383553  0.41657047  0.41657047  0.45383553  0.46668136  0.44120651  0.44120651  0.42878711  0.39271974  0.41657047  0.42878711  0.45383553  0.42878711  0.41657047  0.41657047  0.35831119  0.39271974  0.39271974  0.38107354  0.41657047  0.40455008  0.40455008  0.44120651  0.40455008  0.36960581  0.44120651  0.41657047  0.40455008  0.35831119  0.35831119  0.35831119  0.39271974  0.39271974  0.35831119  0.35831119  0.35831119  0.38107354  0.32541556  0.33622088  0.39271974  0.41657047  0.36960581  0.41657047  0.40455008  0.41657047  0.40455008  0.39271974  0.40455008  0.44120651  0.41657047  0.44120651  0.44120651  0.34718452  0.42878711  0.44120651  0.40455008  0.33622088  0.33622088  0.33622088  0.33622088  
