20
1_0_0      0.00000000  0.00608558  0.00608558  0.44314204  0.45426109  0.45426109  0.46554990  0.41075430  0.40026617  0.40026617  0.38992472  0.38992472  0.36966590  0.45426109  0.46554990  0.46554990  0.42139336  0.41075430  0.43218774  0.46554990  
2_0_0      0.00608558  0.00000000  0.00000000  0.45426109  0.46554990  0.46554990  0.47701374  0.41075430  0.40026617  0.40026617  0.38992472  0.38992472  0.36966590  0.45426109  0.46554990  0.46554990  0.42139336  0.41075430  0.43218774  0.46554990  
3_0_0      0.00608558  0.00000000  0.00000000  0.45426109  0.46554990  0.46554990  0.47701374  0.41075430  0.40026617  0.40026617  0.38992472  0.38992472  0.36966590  0.45426109  0.46554990  0.46554990  0.42139336  0.41075430  0.43218774  0.46554990  
6_0_0      0.44314204  0.45426109  0.45426109  0.00000000  0.14702933  0.19277979  0.31202115  0.38992472  0.40026617  0.45426109  0.44314204  0.44314204  0.44314204  0.47701374  0.46554990  0.46554990  0.43218774  0.44314204  0.45426109  0.44314204  
14_0_0     0.45426109  0.46554990  0.46554990  0.14702933  0.00000000  0.06986600  0.16196714  0.32132189  0.31202115  0.30283595  0.31202115  0.31202115  0.31202115  0.36966590  0.37972593  0.37972593  0.34994739  0.35974092  0.36966590  0.34028190  
15_0_0     0.45426109  0.46554990  0.46554990  0.19277979  0.06986600  0.00000000  0.15446051  0.32132189  0.31202115  0.30283595  0.31202115  0.31202115  0.31202115  0.36966590  0.37972593  0.37972593  0.34994739  0.35974092  0.36966590  0.34994739  
16_0_0     0.46554990  0.47701374  0.47701374  0.31202115  0.16196714  0.15446051  0.00000000  0.30283595  0.29376346  0.28480094  0.27594576  0.27594576  0.29376346  0.34994739  0.35974092  0.35974092  0.33074112  0.32132189  0.34994739  0.32132189  
11_0_0     0.41075430  0.41075430  0.41075430  0.38992472  0.32132189  0.32132189  0.30283595  0.00000000  0.01840910  0.15446051  0.14702933  0.14702933  0.14702933  0.21676234  0.22493257  0.22493257  0.20868142  0.20068786  0.20868142  0.23319408  
17_0_0     0.40026617  0.40026617  0.40026617  0.40026617  0.31202115  0.31202115  0.29376346  0.01840910  0.00000000  0.13238735  0.12517367  0.12517367  0.12517367  0.20868142  0.21676234  0.21676234  0.20068786  0.19277979  0.20068786  0.24154894  
10_0_0     0.40026617  0.40026617  0.40026617  0.45426109  0.30283595  0.30283595  0.28480094  0.15446051  0.13238735  0.00000000  0.00608558  0.00608558  0.01840910  0.18495541  0.19277979  0.19277979  0.21676234  0.20868142  0.19277979  0.27594576  
4_0_0      0.38992472  0.38992472  0.38992472  0.44314204  0.31202115  0.31202115  0.27594576  0.14702933  0.12517367  0.00608558  0.00000000  0.00000000  0.01222167  0.19277979  0.20068786  0.20068786  0.22493257  0.21676234  0.20068786  0.28480094  
12_0_0     0.38992472  0.38992472  0.38992472  0.44314204  0.31202115  0.31202115  0.27594576  0.14702933  0.12517367  0.00608558  0.00000000  0.00000000  0.01222167  0.19277979  0.20068786  0.20068786  0.22493257  0.21676234  0.20068786  0.28480094  
5_0_0      0.36966590  0.36966590  0.36966590  0.44314204  0.31202115  0.31202115  0.29376346  0.14702933  0.12517367  0.01840910  0.01222167  0.01222167  0.00000000  0.17721297  0.18495541  0.18495541  0.22493257  0.21676234  0.20068786  0.28480094  
7_0_0      0.45426109  0.45426109  0.45426109  0.47701374  0.36966590  0.36966590  0.34994739  0.21676234  0.20868142  0.18495541  0.19277979  0.19277979  0.17721297  0.00000000  0.00608558  0.00608558  0.06986600  0.06323461  0.05666217  0.36966590  
13_0_0     0.46554990  0.46554990  0.46554990  0.46554990  0.37972593  0.37972593  0.35974092  0.22493257  0.21676234  0.19277979  0.20068786  0.20068786  0.18495541  0.00608558  0.00000000  0.00000000  0.07655741  0.06986600  0.06323461  0.37972593  
9_0_0      0.46554990  0.46554990  0.46554990  0.46554990  0.37972593  0.37972593  0.35974092  0.22493257  0.21676234  0.19277979  0.20068786  0.20068786  0.18495541  0.00608558  0.00000000  0.00000000  0.07655741  0.06986600  0.06323461  0.37972593  
8_0_0      0.42139336  0.42139336  0.42139336  0.43218774  0.34994739  0.34994739  0.33074112  0.20868142  0.20068786  0.21676234  0.22493257  0.22493257  0.22493257  0.06986600  0.07655741  0.07655741  0.00000000  0.00608558  0.07655741  0.33074112  
18_0_0     0.41075430  0.41075430  0.41075430  0.44314204  0.35974092  0.35974092  0.32132189  0.20068786  0.19277979  0.20868142  0.21676234  0.21676234  0.21676234  0.06323461  0.06986600  0.06986600  0.00608558  0.00000000  0.06986600  0.34028190  
19_0_0     0.43218774  0.43218774  0.43218774  0.45426109  0.36966590  0.36966590  0.34994739  0.20868142  0.20068786  0.19277979  0.20068786  0.20068786  0.20068786  0.05666217  0.06323461  0.06323461  0.07655741  0.06986600  0.00000000  0.36966590  
20_0_0     0.46554990  0.46554990  0.46554990  0.44314204  0.34028190  0.34994739  0.32132189  0.23319408  0.24154894  0.27594576  0.28480094  0.28480094  0.28480094  0.36966590  0.37972593  0.37972593  0.33074112  0.34028190  0.36966590  0.00000000  

