124
52_23_0    0.00000000  0.06471371  0.47440687  0.50016334  0.49147719  0.50895337  0.39453912  0.37217816  0.35764003  0.50895337  0.52685517  0.47440687  0.48289248  0.40214653  0.40983350  0.39453912  0.47440687  0.40214653  0.39453912  0.41760170  0.46601811  0.56402231  0.58333521  0.49147719  0.50895337  0.52685517  0.53597227  0.53597227  0.52685517  0.54520386  0.50016334  0.57361534  0.52685517  0.56402231  0.56402231  0.54520386  0.51784978  0.63396135  0.58333521  0.59318534  0.61329064  0.57361534  0.62355334  0.63396135  0.60316925  0.62355334  0.59318534  0.63396135  0.65523019  0.71126124  0.69970814  0.73492688  0.68833381  0.64451885  0.66609992  0.65523019  0.68833381  0.64451885  0.63396135  0.64451885  0.61329064  0.62355334  0.61329064  0.57361534  0.57361534  0.59318534  0.59318534  0.59318534  0.55455287  0.67713281  0.63396135  0.60316925  0.69970814  0.66609992  0.68833381  0.73492688  0.66609992  0.68833381  0.68833381  0.82432695  0.81087034  0.81087034  0.74705169  0.74705169  0.82432695  0.83803451  0.92612513  0.74705169  0.68833381  0.71126124  0.68833381  0.69970814  0.71126124  0.63396135  0.66609992  0.68833381  0.67713281  0.63396135  0.59318534  0.61329064  0.58333521  0.58333521  0.62355334  0.61329064  0.60316925  0.60316925  0.99132380  0.92612513  0.94189071  0.99132380  0.92612513  0.94189071  0.92612513  0.91069060  0.99132380  0.89557349  0.92612513  0.95800184  0.85200254  0.92612513  0.83803451  0.89557349  0.82432695  0.85200254  
73_23_0    0.06471371  0.00000000  0.49147719  0.51784978  0.50895337  0.50016334  0.41760170  0.35047739  0.36487316  0.45772399  0.47440687  0.51784978  0.53597227  0.40214653  0.40983350  0.39453912  0.44952242  0.42545287  0.41760170  0.42545287  0.48289248  0.60316925  0.60316925  0.49147719  0.50895337  0.55455287  0.51784978  0.51784978  0.51784978  0.52685517  0.49147719  0.53597227  0.50895337  0.52685517  0.52685517  0.57361534  0.52685517  0.61329064  0.56402231  0.63396135  0.64451885  0.64451885  0.64451885  0.63396135  0.61329064  0.62355334  0.56402231  0.64451885  0.66609992  0.66609992  0.67713281  0.68833381  0.68833381  0.62355334  0.62355334  0.59318534  0.62355334  0.59318534  0.60316925  0.67713281  0.60316925  0.60316925  0.59318534  0.55455287  0.63396135  0.63396135  0.64451885  0.66609992  0.60316925  0.65523019  0.66609992  0.65523019  0.63396135  0.73492688  0.73492688  0.77191830  0.65523019  0.66609992  0.71126124  0.81087034  0.81087034  0.89557349  0.79765565  0.79765565  0.85200254  0.83803451  0.85200254  0.73492688  0.66609992  0.68833381  0.66609992  0.67713281  0.68833381  0.62355334  0.68833381  0.69970814  0.62355334  0.67713281  0.64451885  0.68833381  0.66609992  0.62355334  0.69970814  0.66609992  0.68833381  0.64451885  0.99132380  0.97447402  0.95800184  1.06287323  0.92612513  1.02622832  1.00856890  0.99132380  1.08190432  0.94189071  0.99132380  1.06287323  0.94189071  1.02622832  0.86624115  0.92612513  0.88076102  0.88076102  
99_23_0    0.47440687  0.49147719  0.00000000  0.01339566  0.01339566  0.17390866  0.26320696  0.28897300  0.28897300  0.42545287  0.37217816  0.44952242  0.44141135  0.40214653  0.42545287  0.40214653  0.37217816  0.37217816  0.36487316  0.37955649  0.37217816  0.61329064  0.60316925  0.45772399  0.46601811  0.47440687  0.49147719  0.50895337  0.52685517  0.53597227  0.40983350  0.46601811  0.43338880  0.56402231  0.54520386  0.47440687  0.42545287  0.44952242  0.42545287  0.46601811  0.53597227  0.46601811  0.55455287  0.56402231  0.51784978  0.44141135  0.47440687  0.51784978  0.51784978  0.53597227  0.52685517  0.59318534  0.57361534  0.55455287  0.66609992  0.64451885  0.63396135  0.46601811  0.47440687  0.49147719  0.45772399  0.46601811  0.45772399  0.42545287  0.50895337  0.54520386  0.52685517  0.50895337  0.46601811  0.55455287  0.52685517  0.50895337  0.53597227  0.56402231  0.54520386  0.57361534  0.52685517  0.55455287  0.59318534  0.75937985  0.72299883  0.65523019  0.65523019  0.65523019  0.85200254  0.88076102  0.83803451  0.77191830  0.72299883  0.78467434  0.75937985  0.78467434  0.77191830  0.69970814  0.62355334  0.63396135  0.71126124  0.66609992  0.65523019  0.63396135  0.65523019  0.67713281  0.63396135  0.61329064  0.67713281  0.71126124  0.86624115  0.81087034  0.78467434  0.94189071  0.86624115  0.89557349  0.86624115  0.83803451  0.89557349  0.83803451  0.97447402  0.97447402  0.88076102  0.86624115  0.92612513  0.88076102  0.88076102  1.02622832  
71_23_0    0.50016334  0.51784978  0.01339566  0.00000000  0.01791568  0.17953597  0.25690414  0.29555814  0.29555814  0.43338880  0.39453912  0.45772399  0.44952242  0.37955649  0.40214653  0.37955649  0.36487316  0.39453912  0.38700963  0.40214653  0.37955649  0.62355334  0.59318534  0.44952242  0.45772399  0.46601811  0.50016334  0.51784978  0.53597227  0.52685517  0.41760170  0.47440687  0.44141135  0.55455287  0.55455287  0.48289248  0.43338880  0.47440687  0.44952242  0.47440687  0.56402231  0.47440687  0.54520386  0.55455287  0.50895337  0.44952242  0.48289248  0.52685517  0.52685517  0.53597227  0.52685517  0.59318534  0.56402231  0.55455287  0.66609992  0.64451885  0.63396135  0.47440687  0.48289248  0.50016334  0.46601811  0.47440687  0.46601811  0.43338880  0.51784978  0.53597227  0.51784978  0.50016334  0.47440687  0.56402231  0.53597227  0.51784978  0.54520386  0.57361534  0.55455287  0.58333521  0.53597227  0.56402231  0.60316925  0.73492688  0.72299883  0.65523019  0.65523019  0.65523019  0.83803451  0.83803451  0.82432695  0.78467434  0.75937985  0.82432695  0.79765565  0.82432695  0.81087034  0.71126124  0.61329064  0.62355334  0.72299883  0.65523019  0.64451885  0.62355334  0.64451885  0.68833381  0.64451885  0.62355334  0.66609992  0.69970814  0.88076102  0.82432695  0.79765565  0.92612513  0.85200254  0.88076102  0.85200254  0.82432695  0.88076102  0.82432695  0.95800184  0.95800184  0.86624115  0.85200254  0.94189071  0.89557349  0.89557349  1.00856890  
72_23_0    0.49147719  0.50895337  0.01339566  0.01791568  0.00000000  0.17953597  0.25690414  0.29555814  0.28244633  0.41760170  0.39453912  0.44952242  0.44141135  0.40214653  0.42545287  0.40214653  0.37217816  0.38700963  0.38700963  0.40214653  0.37217816  0.63396135  0.62355334  0.45772399  0.46601811  0.45772399  0.50895337  0.52685517  0.54520386  0.56402231  0.43338880  0.49147719  0.45772399  0.57361534  0.53597227  0.45772399  0.40983350  0.44141135  0.41760170  0.45772399  0.52685517  0.45772399  0.53597227  0.54520386  0.50016334  0.44141135  0.47440687  0.51784978  0.51784978  0.55455287  0.52685517  0.61329064  0.58333521  0.57361534  0.64451885  0.62355334  0.61329064  0.46601811  0.47440687  0.49147719  0.45772399  0.44952242  0.44141135  0.40983350  0.50895337  0.54520386  0.52685517  0.50895337  0.44952242  0.55455287  0.52685517  0.52685517  0.55455287  0.58333521  0.56402231  0.59318534  0.54520386  0.57361534  0.61329064  0.77191830  0.71126124  0.64451885  0.64451885  0.64451885  0.82432695  0.85200254  0.83803451  0.77191830  0.74705169  0.78467434  0.75937985  0.78467434  0.77191830  0.69970814  0.59318534  0.63396135  0.73492688  0.64451885  0.63396135  0.61329064  0.65523019  0.69970814  0.63396135  0.61329064  0.67713281  0.71126124  0.85200254  0.79765565  0.77191830  0.92612513  0.85200254  0.89557349  0.89557349  0.83803451  0.89557349  0.83803451  0.97447402  0.97447402  0.88076102  0.86624115  0.89557349  0.85200254  0.85200254  0.99132380  
87_23_0    0.50895337  0.50016334  0.17390866  0.17953597  0.17953597  0.00000000  0.24445834  0.28244633  0.26956430  0.36487316  0.32939893  0.41760170  0.41760170  0.37217816  0.39453912  0.37217816  0.31567511  0.35047739  0.35764003  0.35764003  0.39453912  0.65523019  0.62355334  0.43338880  0.45772399  0.44141135  0.50016334  0.50016334  0.50016334  0.50895337  0.41760170  0.46601811  0.45772399  0.60316925  0.56402231  0.41760170  0.42545287  0.46601811  0.44952242  0.47440687  0.54520386  0.51784978  0.55455287  0.53597227  0.55455287  0.50895337  0.50895337  0.56402231  0.56402231  0.55455287  0.56402231  0.56402231  0.57361534  0.56402231  0.69970814  0.67713281  0.68833381  0.46601811  0.45772399  0.47440687  0.41760170  0.52685517  0.50016334  0.50016334  0.54520386  0.54520386  0.52685517  0.53597227  0.50016334  0.53597227  0.54520386  0.52685517  0.57361534  0.58333521  0.58333521  0.61329064  0.55455287  0.58333521  0.64451885  0.77191830  0.78467434  0.74705169  0.74705169  0.74705169  0.97447402  0.99132380  0.81087034  0.82432695  0.72299883  0.71126124  0.71126124  0.71126124  0.72299883  0.68833381  0.58333521  0.71126124  0.82432695  0.71126124  0.68833381  0.72299883  0.72299883  0.75937985  0.66609992  0.66609992  0.74705169  0.72299883  0.89557349  0.82432695  0.82432695  0.85200254  0.83803451  0.99132380  0.99132380  0.95800184  1.02622832  0.89557349  0.89557349  0.91069060  0.88076102  0.85200254  0.82432695  0.85200254  0.83803451  0.79765565  
90_23_0    0.39453912  0.41760170  0.26320696  0.25690414  0.25690414  0.24445834  0.00000000  0.09429283  0.08430029  0.27597709  0.29555814  0.36487316  0.35047739  0.25065490  0.28244633  0.26320696  0.26956430  0.26956430  0.34338387  0.33635814  0.36487316  0.46601811  0.49147719  0.40983350  0.45772399  0.36487316  0.50895337  0.50895337  0.53597227  0.47440687  0.37955649  0.44952242  0.44141135  0.52685517  0.47440687  0.44141135  0.40983350  0.46601811  0.45772399  0.44952242  0.50016334  0.48289248  0.50016334  0.50016334  0.50016334  0.42545287  0.40214653  0.44952242  0.44952242  0.53597227  0.52685517  0.54520386  0.52685517  0.49147719  0.54520386  0.51784978  0.51784978  0.40214653  0.40983350  0.39453912  0.44141135  0.42545287  0.40983350  0.40983350  0.45772399  0.49147719  0.48289248  0.44952242  0.42545287  0.46601811  0.48289248  0.47440687  0.50895337  0.58333521  0.58333521  0.57361534  0.51784978  0.52685517  0.52685517  0.69970814  0.68833381  0.75937985  0.68833381  0.68833381  0.82432695  0.79765565  0.79765565  0.75937985  0.65523019  0.68833381  0.66609992  0.64451885  0.65523019  0.57361534  0.49147719  0.64451885  0.63396135  0.58333521  0.60316925  0.58333521  0.59318534  0.64451885  0.58333521  0.60316925  0.60316925  0.61329064  0.83803451  0.83803451  0.83803451  0.79765565  0.83803451  1.02622832  0.99132380  1.06287323  1.06287323  0.94189071  0.94189071  0.94189071  0.99132380  0.86624115  0.78467434  0.79765565  0.82432695  0.82432695  
66_23_0    0.37217816  0.35047739  0.28897300  0.29555814  0.29555814  0.28244633  0.09429283  0.00000000  0.03627894  0.28244633  0.28897300  0.38700963  0.37217816  0.28897300  0.30890810  0.30220281  0.28897300  0.26956430  0.32250499  0.31567511  0.35047739  0.46601811  0.49147719  0.43338880  0.46601811  0.43338880  0.44141135  0.45772399  0.48289248  0.44952242  0.39453912  0.43338880  0.44141135  0.46601811  0.44952242  0.44952242  0.41760170  0.48289248  0.49147719  0.46601811  0.48289248  0.50016334  0.55455287  0.51784978  0.58333521  0.44952242  0.44141135  0.48289248  0.48289248  0.54520386  0.53597227  0.53597227  0.55455287  0.50016334  0.50016334  0.50895337  0.52685517  0.41760170  0.40983350  0.47440687  0.47440687  0.43338880  0.43338880  0.40214653  0.49147719  0.47440687  0.48289248  0.50016334  0.47440687  0.45772399  0.50016334  0.47440687  0.50016334  0.55455287  0.55455287  0.56402231  0.53597227  0.55455287  0.55455287  0.68833381  0.66609992  0.71126124  0.64451885  0.64451885  0.77191830  0.77191830  0.85200254  0.75937985  0.62355334  0.63396135  0.63396135  0.61329064  0.62355334  0.59318534  0.59318534  0.66609992  0.63396135  0.62355334  0.58333521  0.59318534  0.60316925  0.65523019  0.54520386  0.56402231  0.59318534  0.58333521  0.85200254  0.82432695  0.85200254  0.82432695  0.81087034  1.06287323  0.95800184  1.06287323  1.10144125  0.94189071  0.94189071  1.00856890  1.02622832  0.92612513  0.81087034  0.83803451  0.88076102  0.75937985  
57_23_0    0.35764003  0.36487316  0.28897300  0.29555814  0.28244633  0.26956430  0.08430029  0.03627894  0.00000000  0.28244633  0.28897300  0.42545287  0.39453912  0.29555814  0.31567511  0.30890810  0.29555814  0.26320696  0.30890810  0.30220281  0.34338387  0.49147719  0.50016334  0.46601811  0.50016334  0.41760170  0.47440687  0.49147719  0.51784978  0.49147719  0.41760170  0.45772399  0.46601811  0.52685517  0.47440687  0.42545287  0.42545287  0.47440687  0.50016334  0.48289248  0.48289248  0.51784978  0.55455287  0.51784978  0.58333521  0.44141135  0.43338880  0.45772399  0.45772399  0.57361534  0.56402231  0.56402231  0.56402231  0.50895337  0.52685517  0.51784978  0.53597227  0.42545287  0.41760170  0.44952242  0.47440687  0.42545287  0.40983350  0.39453912  0.48289248  0.48289248  0.49147719  0.49147719  0.46601811  0.45772399  0.49147719  0.46601811  0.51784978  0.57361534  0.57361534  0.58333521  0.54520386  0.57361534  0.55455287  0.71126124  0.66609992  0.73492688  0.66609992  0.66609992  0.77191830  0.82432695  0.85200254  0.73492688  0.65523019  0.66609992  0.66609992  0.66609992  0.67713281  0.60316925  0.55455287  0.64451885  0.67713281  0.63396135  0.61329064  0.62355334  0.62355334  0.68833381  0.55455287  0.59318534  0.60316925  0.61329064  0.85200254  0.83803451  0.86624115  0.79765565  0.81087034  1.08190432  0.97447402  1.08190432  1.12151165  0.95800184  0.97447402  1.00856890  1.02622832  0.92612513  0.81087034  0.85200254  0.88076102  0.75937985  
88_23_0    0.50895337  0.45772399  0.42545287  0.43338880  0.41760170  0.36487316  0.27597709  0.28244633  0.28244633  0.00000000  0.06471371  0.37955649  0.38700963  0.28897300  0.30890810  0.30220281  0.30890810  0.32939893  0.37955649  0.37217816  0.39453912  0.55455287  0.58333521  0.40214653  0.44952242  0.40214653  0.49147719  0.49147719  0.54520386  0.52685517  0.40983350  0.40983350  0.46601811  0.52685517  0.49147719  0.40214653  0.37955649  0.49147719  0.45772399  0.52685517  0.52685517  0.55455287  0.50016334  0.49147719  0.52685517  0.56402231  0.50016334  0.56402231  0.58333521  0.54520386  0.53597227  0.53597227  0.57361534  0.54520386  0.62355334  0.57361534  0.57361534  0.50895337  0.51784978  0.46601811  0.48289248  0.50895337  0.45772399  0.49147719  0.48289248  0.50016334  0.49147719  0.56402231  0.47440687  0.43338880  0.52685517  0.53597227  0.57361534  0.62355334  0.62355334  0.59318534  0.60316925  0.58333521  0.59318534  0.82432695  0.79765565  0.79765565  0.81087034  0.81087034  0.89557349  0.89557349  0.89557349  0.86624115  0.71126124  0.72299883  0.71126124  0.68833381  0.69970814  0.64451885  0.55455287  0.61329064  0.72299883  0.74705169  0.67713281  0.71126124  0.69970814  0.83803451  0.66609992  0.68833381  0.65523019  0.61329064  0.91069060  0.95800184  0.95800184  0.79765565  0.78467434  0.99132380  0.89557349  0.95800184  1.02622832  0.91069060  0.89557349  0.95800184  0.95800184  0.89557349  0.78467434  0.82432695  0.86624115  0.81087034  
67_23_0    0.52685517  0.47440687  0.37217816  0.39453912  0.39453912  0.32939893  0.29555814  0.28897300  0.28897300  0.06471371  0.00000000  0.40214653  0.37217816  0.29555814  0.31567511  0.31567511  0.30220281  0.33635814  0.32250499  0.32939893  0.34338387  0.55455287  0.56402231  0.39453912  0.44141135  0.38700963  0.45772399  0.45772399  0.47440687  0.46601811  0.37955649  0.37955649  0.43338880  0.45772399  0.45772399  0.37217816  0.33635814  0.47440687  0.44952242  0.50016334  0.51784978  0.58333521  0.47440687  0.46601811  0.50016334  0.52685517  0.49147719  0.56402231  0.56402231  0.51784978  0.50895337  0.50016334  0.53597227  0.50016334  0.60316925  0.55455287  0.55455287  0.46601811  0.47440687  0.44141135  0.45772399  0.51784978  0.48289248  0.50895337  0.46601811  0.48289248  0.47440687  0.52685517  0.45772399  0.46601811  0.50895337  0.48289248  0.50895337  0.57361534  0.57361534  0.54520386  0.51784978  0.53597227  0.54520386  0.82432695  0.78467434  0.79765565  0.85200254  0.85200254  0.82432695  0.85200254  0.86624115  0.86624115  0.66609992  0.71126124  0.71126124  0.68833381  0.72299883  0.68833381  0.62355334  0.62355334  0.74705169  0.73492688  0.72299883  0.78467434  0.74705169  0.82432695  0.71126124  0.73492688  0.74705169  0.69970814  0.85200254  0.89557349  0.89557349  0.83803451  0.82432695  0.95800184  0.89557349  0.92612513  0.95800184  0.89557349  0.92612513  0.97447402  1.00856890  0.94189071  0.77191830  0.83803451  0.85200254  0.81087034  
73_21_0    0.47440687  0.51784978  0.44952242  0.45772399  0.44952242  0.41760170  0.36487316  0.38700963  0.42545287  0.37955649  0.40214653  0.00000000  0.03627894  0.32939893  0.33635814  0.35764003  0.35764003  0.33635814  0.35047739  0.34338387  0.39453912  0.54520386  0.57361534  0.40983350  0.44141135  0.40983350  0.51784978  0.51784978  0.49147719  0.52685517  0.40214653  0.45772399  0.44952242  0.62355334  0.64451885  0.45772399  0.43338880  0.54520386  0.55455287  0.50895337  0.51784978  0.52685517  0.49147719  0.50895337  0.49147719  0.59318534  0.57361534  0.58333521  0.56402231  0.55455287  0.55455287  0.59318534  0.56402231  0.58333521  0.64451885  0.64451885  0.64451885  0.48289248  0.46601811  0.50895337  0.50895337  0.50016334  0.52685517  0.47440687  0.43338880  0.48289248  0.47440687  0.49147719  0.47440687  0.50016334  0.57361534  0.54520386  0.61329064  0.64451885  0.66609992  0.67713281  0.62355334  0.65523019  0.64451885  0.91069060  0.97447402  0.86624115  0.79765565  0.79765565  0.95800184  0.89557349  0.85200254  0.85200254  0.68833381  0.71126124  0.67713281  0.66609992  0.67713281  0.67713281  0.68833381  0.74705169  0.78467434  0.72299883  0.62355334  0.59318534  0.65523019  0.71126124  0.69970814  0.66609992  0.62355334  0.56402231  1.00856890  1.08190432  1.04432245  0.99132380  0.94189071  1.04432245  1.06287323  1.00856890  1.08190432  0.92612513  0.99132380  0.99132380  0.94189071  0.91069060  0.78467434  0.82432695  0.88076102  0.91069060  
52_21_0    0.48289248  0.53597227  0.44141135  0.44952242  0.44141135  0.41760170  0.35047739  0.37217816  0.39453912  0.38700963  0.37217816  0.03627894  0.00000000  0.31567511  0.32250499  0.35764003  0.34338387  0.32939893  0.32250499  0.31567511  0.36487316  0.54520386  0.55455287  0.42545287  0.44952242  0.39453912  0.51784978  0.51784978  0.49147719  0.54520386  0.44141135  0.49147719  0.45772399  0.57361534  0.59318534  0.45772399  0.46601811  0.55455287  0.54520386  0.50016334  0.54520386  0.55455287  0.51784978  0.55455287  0.51784978  0.53597227  0.53597227  0.58333521  0.56402231  0.58333521  0.57361534  0.59318534  0.57361534  0.60316925  0.65523019  0.65523019  0.65523019  0.49147719  0.47440687  0.50016334  0.50016334  0.51784978  0.54520386  0.50895337  0.46601811  0.50895337  0.50016334  0.50016334  0.46601811  0.50016334  0.56402231  0.51784978  0.59318534  0.64451885  0.64451885  0.65523019  0.58333521  0.61329064  0.63396135  0.88076102  0.95800184  0.83803451  0.81087034  0.81087034  0.92612513  0.89557349  0.83803451  0.82432695  0.65523019  0.67713281  0.64451885  0.65523019  0.66609992  0.66609992  0.65523019  0.78467434  0.79765565  0.71126124  0.63396135  0.61329064  0.68833381  0.73492688  0.71126124  0.67713281  0.65523019  0.59318534  1.00856890  1.10144125  1.06287323  0.99132380  0.94189071  1.04432245  1.02622832  1.00856890  1.08190432  0.95800184  0.94189071  0.97447402  0.97447402  0.89557349  0.79765565  0.83803451  0.88076102  0.95800184  
71_21_0    0.40214653  0.40214653  0.40214653  0.37955649  0.40214653  0.37217816  0.25065490  0.28897300  0.29555814  0.28897300  0.29555814  0.32939893  0.31567511  0.00000000  0.02246366  0.02703997  0.13567944  0.23831358  0.30890810  0.28897300  0.30890810  0.48289248  0.49147719  0.32939893  0.35764003  0.33635814  0.41760170  0.40983350  0.41760170  0.38700963  0.37955649  0.37955649  0.42545287  0.46601811  0.44141135  0.44141135  0.36487316  0.44952242  0.40214653  0.48289248  0.43338880  0.45772399  0.46601811  0.44952242  0.44141135  0.41760170  0.40983350  0.44952242  0.46601811  0.50016334  0.49147719  0.44952242  0.45772399  0.42545287  0.50016334  0.47440687  0.47440687  0.35764003  0.37955649  0.43338880  0.41760170  0.38700963  0.40214653  0.39453912  0.40214653  0.41760170  0.42545287  0.38700963  0.37955649  0.42545287  0.44141135  0.40983350  0.46601811  0.54520386  0.50895337  0.51784978  0.51784978  0.51784978  0.50895337  0.64451885  0.72299883  0.72299883  0.67713281  0.67713281  0.81087034  0.78467434  0.79765565  0.79765565  0.63396135  0.61329064  0.61329064  0.61329064  0.60316925  0.59318534  0.50895337  0.65523019  0.68833381  0.64451885  0.56402231  0.60316925  0.57361534  0.66609992  0.60316925  0.58333521  0.61329064  0.58333521  1.08190432  0.94189071  0.91069060  0.89557349  0.88076102  0.99132380  1.00856890  0.97447402  0.99132380  0.95800184  0.94189071  0.92612513  0.88076102  0.89557349  0.88076102  1.00856890  0.97447402  0.88076102  
72_21_0    0.40983350  0.40983350  0.42545287  0.40214653  0.42545287  0.39453912  0.28244633  0.30890810  0.31567511  0.30890810  0.31567511  0.33635814  0.32250499  0.02246366  0.00000000  0.05035884  0.16278165  0.26956430  0.34338387  0.32250499  0.31567511  0.47440687  0.46601811  0.36487316  0.39453912  0.35764003  0.44141135  0.43338880  0.44141135  0.39453912  0.38700963  0.38700963  0.43338880  0.50895337  0.48289248  0.46601811  0.40214653  0.47440687  0.42545287  0.50895337  0.45772399  0.48289248  0.49147719  0.47440687  0.46601811  0.45772399  0.43338880  0.49147719  0.50895337  0.50895337  0.50016334  0.45772399  0.46601811  0.43338880  0.49147719  0.48289248  0.48289248  0.37955649  0.40214653  0.45772399  0.44141135  0.39453912  0.39453912  0.40214653  0.44141135  0.45772399  0.46601811  0.42545287  0.41760170  0.44952242  0.43338880  0.41760170  0.49147719  0.55455287  0.53597227  0.56402231  0.56402231  0.56402231  0.53597227  0.66609992  0.74705169  0.74705169  0.69970814  0.69970814  0.79765565  0.77191830  0.85200254  0.82432695  0.66609992  0.64451885  0.64451885  0.64451885  0.63396135  0.63396135  0.55455287  0.64451885  0.72299883  0.67713281  0.57361534  0.61329064  0.58333521  0.67713281  0.61329064  0.59318534  0.62355334  0.59318534  1.06287323  0.95800184  0.92612513  0.88076102  0.92612513  1.02622832  1.04432245  1.00856890  1.02622832  0.95800184  0.97447402  0.95800184  0.91069060  0.92612513  0.92612513  1.06287323  1.02622832  0.92612513  
99_21_0    0.39453912  0.39453912  0.40214653  0.37955649  0.40214653  0.37217816  0.26320696  0.30220281  0.30890810  0.30220281  0.31567511  0.35764003  0.35764003  0.02703997  0.05035884  0.00000000  0.14640071  0.22617604  0.28244633  0.27597709  0.33635814  0.44952242  0.45772399  0.31567511  0.34338387  0.33635814  0.42545287  0.41760170  0.42545287  0.39453912  0.35764003  0.35764003  0.38700963  0.44141135  0.41760170  0.47440687  0.39453912  0.44952242  0.38700963  0.50016334  0.46601811  0.45772399  0.49147719  0.47440687  0.44952242  0.41760170  0.39453912  0.46601811  0.48289248  0.52685517  0.51784978  0.49147719  0.46601811  0.43338880  0.54520386  0.51784978  0.51784978  0.37217816  0.39453912  0.44952242  0.41760170  0.40214653  0.41760170  0.39453912  0.41760170  0.43338880  0.44141135  0.38700963  0.39453912  0.45772399  0.47440687  0.42545287  0.50016334  0.58333521  0.52685517  0.53597227  0.55455287  0.53597227  0.54520386  0.62355334  0.69970814  0.74705169  0.65523019  0.65523019  0.83803451  0.81087034  0.85200254  0.85200254  0.67713281  0.63396135  0.63396135  0.65523019  0.64451885  0.57361534  0.52685517  0.61329064  0.64451885  0.60316925  0.56402231  0.60316925  0.57361534  0.64451885  0.60316925  0.58333521  0.61329064  0.60316925  1.10144125  0.95800184  0.92612513  0.91069060  0.91069060  1.00856890  1.02622832  0.99132380  1.00856890  0.94189071  0.92612513  0.95800184  0.89557349  0.91069060  0.92612513  1.06287323  1.02622832  0.89557349  
87_21_0    0.47440687  0.44952242  0.37217816  0.36487316  0.37217816  0.31567511  0.26956430  0.28897300  0.29555814  0.30890810  0.30220281  0.35764003  0.34338387  0.13567944  0.16278165  0.14640071  0.00000000  0.20833744  0.26320696  0.24445834  0.32250499  0.47440687  0.48289248  0.36487316  0.39453912  0.35764003  0.40983350  0.41760170  0.41760170  0.44952242  0.35764003  0.39453912  0.38700963  0.40214653  0.37955649  0.44141135  0.39453912  0.40214653  0.37217816  0.52685517  0.50016334  0.48289248  0.50016334  0.48289248  0.46601811  0.50895337  0.45772399  0.46601811  0.48289248  0.49147719  0.48289248  0.45772399  0.44952242  0.42545287  0.52685517  0.49147719  0.50895337  0.37955649  0.40214653  0.43338880  0.40214653  0.40214653  0.40214653  0.40983350  0.50016334  0.50016334  0.49147719  0.46601811  0.44952242  0.40983350  0.43338880  0.43338880  0.50016334  0.51784978  0.53597227  0.50895337  0.54520386  0.53597227  0.54520386  0.63396135  0.66609992  0.73492688  0.68833381  0.68833381  0.78467434  0.78467434  0.74705169  0.72299883  0.62355334  0.60316925  0.60316925  0.64451885  0.65523019  0.55455287  0.58333521  0.64451885  0.71126124  0.64451885  0.57361534  0.61329064  0.64451885  0.69970814  0.55455287  0.55455287  0.64451885  0.61329064  1.00856890  1.02622832  1.02622832  0.94189071  0.92612513  1.00856890  1.02622832  0.99132380  1.04432245  0.94189071  0.86624115  0.99132380  0.86624115  0.92612513  0.85200254  0.88076102  0.83803451  0.82432695  
90_21_0    0.40214653  0.42545287  0.37217816  0.39453912  0.38700963  0.35047739  0.26956430  0.26956430  0.26320696  0.32939893  0.33635814  0.33635814  0.32939893  0.23831358  0.26956430  0.22617604  0.20833744  0.00000000  0.10954105  0.09429283  0.35764003  0.48289248  0.52685517  0.37955649  0.39453912  0.38700963  0.50895337  0.50016334  0.45772399  0.46601811  0.37217816  0.39453912  0.38700963  0.41760170  0.43338880  0.36487316  0.37217816  0.38700963  0.40214653  0.45772399  0.44952242  0.45772399  0.51784978  0.47440687  0.50895337  0.40983350  0.36487316  0.44952242  0.44952242  0.52685517  0.50016334  0.50016334  0.47440687  0.45772399  0.53597227  0.50895337  0.52685517  0.40983350  0.40214653  0.40983350  0.40214653  0.39453912  0.40214653  0.37217816  0.40983350  0.40983350  0.41760170  0.40214653  0.43338880  0.41760170  0.39453912  0.39453912  0.50895337  0.53597227  0.52685517  0.50895337  0.53597227  0.56402231  0.54520386  0.65523019  0.72299883  0.69970814  0.66609992  0.66609992  0.83803451  0.86624115  0.75937985  0.73492688  0.69970814  0.65523019  0.68833381  0.68833381  0.69970814  0.56402231  0.61329064  0.60316925  0.64451885  0.62355334  0.60316925  0.59318534  0.63396135  0.61329064  0.56402231  0.58333521  0.59318534  0.60316925  0.88076102  0.88076102  0.88076102  0.89557349  0.88076102  0.86624115  0.82432695  0.82432695  0.86624115  0.89557349  0.81087034  0.92612513  0.89557349  0.86624115  0.78467434  0.79765565  0.86624115  0.85200254  
66_21_0    0.39453912  0.41760170  0.36487316  0.38700963  0.38700963  0.35764003  0.34338387  0.32250499  0.30890810  0.37955649  0.32250499  0.35047739  0.32250499  0.30890810  0.34338387  0.28244633  0.26320696  0.10954105  0.00000000  0.02246366  0.31567511  0.44141135  0.46601811  0.38700963  0.40983350  0.40983350  0.44952242  0.44141135  0.43338880  0.48289248  0.33635814  0.35047739  0.32250499  0.40983350  0.43338880  0.38700963  0.40983350  0.37955649  0.37217816  0.45772399  0.46601811  0.45772399  0.48289248  0.49147719  0.50895337  0.44141135  0.44141135  0.44952242  0.44952242  0.57361534  0.59318534  0.59318534  0.46601811  0.49147719  0.61329064  0.58333521  0.60316925  0.41760170  0.39453912  0.44141135  0.37955649  0.44141135  0.44952242  0.40214653  0.42545287  0.41760170  0.42545287  0.44952242  0.44141135  0.48289248  0.43338880  0.41760170  0.50895337  0.55455287  0.56402231  0.54520386  0.53597227  0.54520386  0.61329064  0.75937985  0.82432695  0.77191830  0.77191830  0.77191830  0.88076102  0.91069060  0.74705169  0.75937985  0.62355334  0.61329064  0.62355334  0.60316925  0.63396135  0.55455287  0.59318534  0.61329064  0.68833381  0.62355334  0.61329064  0.58333521  0.65523019  0.60316925  0.58333521  0.60316925  0.65523019  0.64451885  0.97447402  1.02622832  1.02622832  0.99132380  0.97447402  0.89557349  0.88076102  0.82432695  0.89557349  0.86624115  0.86624115  0.89557349  0.89557349  0.95800184  0.82432695  0.85200254  0.91069060  0.86624115  
57_21_0    0.41760170  0.42545287  0.37955649  0.40214653  0.40214653  0.35764003  0.33635814  0.31567511  0.30220281  0.37217816  0.32939893  0.34338387  0.31567511  0.28897300  0.32250499  0.27597709  0.24445834  0.09429283  0.02246366  0.00000000  0.35047739  0.45772399  0.48289248  0.39453912  0.40214653  0.40983350  0.44952242  0.44141135  0.41760170  0.48289248  0.35764003  0.37217816  0.34338387  0.41760170  0.44141135  0.39453912  0.41760170  0.40214653  0.39453912  0.48289248  0.47440687  0.50016334  0.49147719  0.50016334  0.50016334  0.44952242  0.44952242  0.46601811  0.46601811  0.54520386  0.56402231  0.54520386  0.45772399  0.48289248  0.58333521  0.55455287  0.57361534  0.40983350  0.40214653  0.43338880  0.38700963  0.43338880  0.44141135  0.39453912  0.43338880  0.42545287  0.43338880  0.44141135  0.44952242  0.44141135  0.45772399  0.40983350  0.53597227  0.58333521  0.57361534  0.55455287  0.56402231  0.57361534  0.62355334  0.75937985  0.85200254  0.79765565  0.77191830  0.77191830  0.94189071  0.97447402  0.72299883  0.78467434  0.62355334  0.59318534  0.60316925  0.60316925  0.61329064  0.55455287  0.59318534  0.63396135  0.71126124  0.64451885  0.63396135  0.62355334  0.69970814  0.62355334  0.61329064  0.63396135  0.65523019  0.64451885  0.91069060  0.99132380  0.99132380  0.95800184  0.94189071  0.94189071  0.92612513  0.86624115  0.94189071  0.91069060  0.88076102  0.94189071  0.91069060  0.97447402  0.83803451  0.83803451  0.92612513  0.88076102  
88_21_0    0.46601811  0.48289248  0.37217816  0.37955649  0.37217816  0.39453912  0.36487316  0.35047739  0.34338387  0.39453912  0.34338387  0.39453912  0.36487316  0.30890810  0.31567511  0.33635814  0.32250499  0.35764003  0.31567511  0.35047739  0.00000000  0.46601811  0.45772399  0.40983350  0.42545287  0.40214653  0.42545287  0.42545287  0.46601811  0.44141135  0.40983350  0.44141135  0.44141135  0.44141135  0.43338880  0.45772399  0.39453912  0.46601811  0.45772399  0.49147719  0.46601811  0.45772399  0.50016334  0.48289248  0.50895337  0.48289248  0.46601811  0.46601811  0.46601811  0.52685517  0.54520386  0.54520386  0.50016334  0.52685517  0.49147719  0.52685517  0.50895337  0.41760170  0.42545287  0.44141135  0.42545287  0.40983350  0.41760170  0.37955649  0.40983350  0.42545287  0.42545287  0.43338880  0.40214653  0.50016334  0.48289248  0.41760170  0.54520386  0.56402231  0.58333521  0.59318534  0.52685517  0.54520386  0.59318534  0.75937985  0.77191830  0.71126124  0.72299883  0.72299883  0.73492688  0.73492688  0.79765565  0.73492688  0.66609992  0.71126124  0.71126124  0.68833381  0.69970814  0.55455287  0.55455287  0.56402231  0.68833381  0.64451885  0.64451885  0.63396135  0.63396135  0.69970814  0.62355334  0.60316925  0.64451885  0.64451885  1.04432245  0.97447402  0.97447402  0.89557349  0.95800184  0.91069060  0.88076102  0.85200254  0.88076102  0.79765565  0.91069060  0.88076102  0.86624115  0.83803451  0.72299883  0.81087034  0.77191830  0.81087034  
52_22_0    0.56402231  0.60316925  0.61329064  0.62355334  0.63396135  0.65523019  0.46601811  0.46601811  0.49147719  0.55455287  0.55455287  0.54520386  0.54520386  0.48289248  0.47440687  0.44952242  0.47440687  0.48289248  0.44141135  0.45772399  0.46601811  0.00000000  0.03164494  0.44952242  0.47440687  0.44952242  0.49147719  0.49147719  0.51784978  0.53597227  0.48289248  0.50895337  0.49147719  0.50016334  0.45772399  0.53597227  0.50895337  0.48289248  0.45772399  0.58333521  0.53597227  0.52685517  0.55455287  0.59318534  0.54520386  0.63396135  0.64451885  0.58333521  0.60316925  0.56402231  0.57361534  0.55455287  0.56402231  0.57361534  0.59318534  0.56402231  0.56402231  0.50895337  0.51784978  0.58333521  0.50895337  0.55455287  0.51784978  0.52685517  0.50895337  0.52685517  0.53597227  0.51784978  0.56402231  0.60316925  0.54520386  0.44141135  0.61329064  0.60316925  0.64451885  0.59318534  0.63396135  0.62355334  0.65523019  0.79765565  0.86624115  0.85200254  0.82432695  0.82432695  0.95800184  0.94189071  0.89557349  0.83803451  0.72299883  0.68833381  0.68833381  0.71126124  0.69970814  0.63396135  0.64451885  0.64451885  0.63396135  0.58333521  0.63396135  0.62355334  0.60316925  0.57361534  0.64451885  0.64451885  0.65523019  0.64451885  0.89557349  1.00856890  1.04432245  0.82432695  0.95800184  0.89557349  0.86624115  0.92612513  1.02622832  0.85200254  0.83803451  0.91069060  0.86624115  0.97447402  0.88076102  0.92612513  0.88076102  0.91069060  
73_22_0    0.58333521  0.60316925  0.60316925  0.59318534  0.62355334  0.62355334  0.49147719  0.49147719  0.50016334  0.58333521  0.56402231  0.57361534  0.55455287  0.49147719  0.46601811  0.45772399  0.48289248  0.52685517  0.46601811  0.48289248  0.45772399  0.03164494  0.00000000  0.45772399  0.48289248  0.44141135  0.48289248  0.48289248  0.50895337  0.50016334  0.44141135  0.46601811  0.44952242  0.52685517  0.48289248  0.54520386  0.53597227  0.48289248  0.45772399  0.58333521  0.55455287  0.50895337  0.55455287  0.61329064  0.54520386  0.65523019  0.63396135  0.58333521  0.60316925  0.56402231  0.57361534  0.57361534  0.56402231  0.59318534  0.59318534  0.58333521  0.58333521  0.50895337  0.51784978  0.60316925  0.49147719  0.55455287  0.51784978  0.52685517  0.50895337  0.49147719  0.51784978  0.51784978  0.56402231  0.62355334  0.56402231  0.46601811  0.59318534  0.60316925  0.62355334  0.61329064  0.61329064  0.60316925  0.63396135  0.75937985  0.88076102  0.89557349  0.86624115  0.86624115  0.97447402  0.92612513  0.91069060  0.85200254  0.73492688  0.72299883  0.69970814  0.74705169  0.73492688  0.63396135  0.65523019  0.64451885  0.64451885  0.59318534  0.68833381  0.63396135  0.63396135  0.58333521  0.67713281  0.63396135  0.66609992  0.63396135  0.92612513  1.00856890  1.00856890  0.82432695  0.95800184  0.88076102  0.85200254  0.91069060  1.00856890  0.83803451  0.88076102  0.92612513  0.88076102  0.92612513  0.88076102  0.92612513  0.85200254  0.91069060  
71_20_0    0.49147719  0.49147719  0.45772399  0.44952242  0.45772399  0.43338880  0.40983350  0.43338880  0.46601811  0.40214653  0.39453912  0.40983350  0.42545287  0.32939893  0.36487316  0.31567511  0.36487316  0.37955649  0.38700963  0.39453912  0.40983350  0.44952242  0.45772399  0.00000000  0.02703997  0.19668109  0.48289248  0.46601811  0.48289248  0.51784978  0.40214653  0.40983350  0.47440687  0.46601811  0.46601811  0.40983350  0.36487316  0.40983350  0.44952242  0.51784978  0.53597227  0.47440687  0.45772399  0.45772399  0.49147719  0.47440687  0.43338880  0.50016334  0.51784978  0.55455287  0.54520386  0.54520386  0.54520386  0.56402231  0.66609992  0.66609992  0.64451885  0.40983350  0.40214653  0.43338880  0.40983350  0.41760170  0.39453912  0.40214653  0.38700963  0.35764003  0.35047739  0.35764003  0.40214653  0.50016334  0.53597227  0.44141135  0.55455287  0.58333521  0.54520386  0.55455287  0.55455287  0.52685517  0.59318534  0.65523019  0.78467434  0.73492688  0.69970814  0.69970814  0.77191830  0.72299883  0.83803451  0.88076102  0.56402231  0.55455287  0.51784978  0.53597227  0.52685517  0.57361534  0.56402231  0.59318534  0.58333521  0.53597227  0.54520386  0.57361534  0.58333521  0.62355334  0.58333521  0.60316925  0.61329064  0.59318534  1.33211788  1.16337524  1.12151165  1.06287323  0.97447402  0.85200254  0.92612513  0.82432695  0.88076102  0.85200254  0.88076102  0.92612513  0.85200254  0.92612513  0.83803451  0.91069060  0.88076102  0.83803451  
72_20_0    0.50895337  0.50895337  0.46601811  0.45772399  0.46601811  0.45772399  0.45772399  0.46601811  0.50016334  0.44952242  0.44141135  0.44141135  0.44952242  0.35764003  0.39453912  0.34338387  0.39453912  0.39453912  0.40983350  0.40214653  0.42545287  0.47440687  0.48289248  0.02703997  0.00000000  0.20833744  0.47440687  0.45772399  0.47440687  0.52685517  0.43338880  0.44141135  0.47440687  0.47440687  0.47440687  0.42545287  0.39453912  0.41760170  0.44952242  0.55455287  0.58333521  0.50016334  0.49147719  0.50895337  0.52685517  0.45772399  0.43338880  0.51784978  0.53597227  0.57361534  0.54520386  0.52685517  0.57361534  0.54520386  0.65523019  0.65523019  0.63396135  0.40214653  0.40983350  0.44141135  0.41760170  0.42545287  0.40214653  0.39453912  0.41760170  0.36487316  0.35764003  0.36487316  0.40983350  0.50895337  0.58333521  0.46601811  0.59318534  0.60316925  0.56402231  0.57361534  0.59318534  0.55455287  0.61329064  0.65523019  0.78467434  0.73492688  0.72299883  0.72299883  0.81087034  0.75937985  0.86624115  0.88076102  0.60316925  0.59318534  0.55455287  0.57361534  0.56402231  0.58333521  0.58333521  0.61329064  0.58333521  0.54520386  0.55455287  0.60316925  0.61329064  0.63396135  0.60316925  0.62355334  0.62355334  0.60316925  1.33211788  1.16337524  1.12151165  1.08190432  0.95800184  0.82432695  0.91069060  0.81087034  0.86624115  0.88076102  0.88076102  0.92612513  0.85200254  0.92612513  0.85200254  0.91069060  0.88076102  0.83803451  
87_20_0    0.52685517  0.55455287  0.47440687  0.46601811  0.45772399  0.44141135  0.36487316  0.43338880  0.41760170  0.40214653  0.38700963  0.40983350  0.39453912  0.33635814  0.35764003  0.33635814  0.35764003  0.38700963  0.40983350  0.40983350  0.40214653  0.44952242  0.44141135  0.19668109  0.20833744  0.00000000  0.42545287  0.42545287  0.48289248  0.46601811  0.37217816  0.38700963  0.40983350  0.50895337  0.46601811  0.44952242  0.42545287  0.42545287  0.43338880  0.49147719  0.55455287  0.47440687  0.50895337  0.54520386  0.49147719  0.43338880  0.42545287  0.46601811  0.48289248  0.51784978  0.47440687  0.50016334  0.53597227  0.48289248  0.59318534  0.57361534  0.55455287  0.34338387  0.35764003  0.37955649  0.35764003  0.41760170  0.37955649  0.40983350  0.41760170  0.37217816  0.36487316  0.37955649  0.40214653  0.52685517  0.57361534  0.51784978  0.59318534  0.61329064  0.62355334  0.63396135  0.58333521  0.56402231  0.62355334  0.75937985  0.79765565  0.78467434  0.78467434  0.78467434  0.86624115  0.78467434  0.91069060  0.91069060  0.69970814  0.68833381  0.64451885  0.64451885  0.63396135  0.63396135  0.58333521  0.60316925  0.71126124  0.57361534  0.57361534  0.58333521  0.64451885  0.72299883  0.59318534  0.61329064  0.63396135  0.61329064  1.16337524  1.08190432  1.04432245  1.02622832  1.06287323  0.83803451  0.92612513  0.83803451  0.92612513  0.88076102  0.88076102  0.94189071  0.91069060  0.95800184  0.81087034  0.88076102  0.81087034  0.82432695  
