family_012 : 0.0
family_011 : 0.0
family_020 : 0.0
family_055 : 0.0
family_089 : 0.0
family_062 : 0.0
family_031 : 0.0
family_079 : 0.0
family_010 : 0.0
family_016 : 0.0
family_063 : 0.0
family_023 : 0.0
family_007 : 0.0
family_096 : 0.0
family_004 : 0.0
family_034 : 0.0
family_070 : 0.0
family_006 : 0.0
family_037 : 0.0
family_099 : 0.0
family_029 : 0.0
family_075 : 0.0
family_100 : 0.0
family_021 : 0.0
family_086 : 0.0
family_054 : 0.0
family_088 : 0.0
family_001 : 0.0
family_093 : 0.0
family_065 : 0.0
family_044 : 0.0
family_078 : 0.0
family_003 : 0.0
family_069 : 0.0
family_066 : 0.0
family_072 : 0.0
family_022 : 0.0
family_026 : 0.0
family_077 : 0.0
family_025 : 0.0
family_068 : 0.0
family_028 : 0.0
family_094 : 0.0
family_009 : 0.0
family_073 : 0.0
family_046 : 0.0
family_087 : 0.0
family_002 : 0.0
family_005 : 0.0
family_060 : 0.0
family_076 : 0.0
family_056 : 0.0
family_018 : 0.0
family_017 : 0.0
family_048 : 0.043478
family_019 : 0.047619
family_008 : 0.055556
family_039 : 0.060606
family_033 : 0.0625
family_053 : 0.076923
family_085 : 0.083333
family_061 : 0.090909
family_043 : 0.093023
family_015 : 0.09375
family_067 : 0.098039
family_083 : 0.1
family_092 : 0.117647
family_047 : 0.125
family_041 : 0.125
family_036 : 0.125
family_059 : 0.125
family_057 : 0.125
family_040 : 0.126582
family_035 : 0.133333
family_030 : 0.142857
family_049 : 0.142857
family_081 : 0.148148
family_080 : 0.15
family_097 : 0.166667
family_052 : 0.172414
family_051 : 0.175
family_045 : 0.195122
family_064 : 0.2
family_098 : 0.2
family_084 : 0.2
family_058 : 0.2
family_027 : 0.203704
family_014 : 0.21608
family_082 : 0.25
family_032 : 0.270833
family_042 : 0.285714
family_071 : 0.29
family_038 : 0.3
family_095 : 0.35
family_050 : 0.35
family_024 : 0.41573
family_090 : 0.533333
family_091 : inf
family_013 : inf
family_074 : inf
