family_091 : -inf
family_013 : -inf
family_074 : -inf
family_020 : 0.0
family_063 : 0.0
family_023 : 0.0
family_096 : 0.0
family_075 : 0.0
family_001 : 0.0
family_093 : 0.0
family_078 : 0.058824
family_046 : 0.125
family_069 : 0.125
family_022 : 0.142857
family_060 : 0.153846
family_028 : 0.166667
family_011 : 0.2
family_016 : 0.2
family_087 : 0.210526
family_100 : 0.214286
family_031 : 0.222222
family_034 : 0.222222
family_002 : 0.230769
family_088 : 0.235294
family_026 : 0.235294
family_003 : 0.235294
family_041 : 0.25
family_089 : 0.25
family_086 : 0.25
family_053 : 0.269231
family_025 : 0.294118
family_081 : 0.296296
family_062 : 0.3
family_048 : 0.304348
family_073 : 0.333333
family_054 : 0.333333
family_058 : 0.333333
family_055 : 0.352941
family_070 : 0.352941
family_061 : 0.363636
family_006 : 0.363636
family_085 : 0.375
family_033 : 0.375
family_076 : 0.375
family_057 : 0.375
family_056 : 0.387097
family_012 : 0.388889
family_094 : 0.391304
family_004 : 0.4
family_005 : 0.4
family_084 : 0.4
family_044 : 0.4
family_007 : 0.409091
family_059 : 0.425
family_099 : 0.428571
family_018 : 0.428571
family_043 : 0.44186
family_098 : 0.466667
family_010 : 0.470588
family_092 : 0.470588
family_019 : 0.47619
family_008 : 0.5
family_080 : 0.5
family_037 : 0.5
family_068 : 0.5
family_017 : 0.5
family_030 : 0.52381
family_072 : 0.555556
family_066 : 0.565217
family_064 : 0.566667
family_097 : 0.583333
family_035 : 0.583333
family_038 : 0.6
family_067 : 0.607843
family_047 : 0.625
family_009 : 0.625
family_050 : 0.65
family_071 : 0.66
family_032 : 0.6875
family_083 : 0.7
family_014 : 0.703518
family_027 : 0.703704
family_045 : 0.707317
family_049 : 0.714286
family_015 : 0.71875
family_039 : 0.727273
family_051 : 0.7375
family_082 : 0.75
family_077 : 0.75
family_042 : 0.761905
family_024 : 0.786517
family_095 : 0.7875
family_052 : 0.827586
family_036 : 0.875
family_079 : 0.888889
family_040 : 0.898734
family_090 : 0.9
family_021 : 1.0
family_029 : 1.0
family_065 : 1.0
