family_091 : -inf
family_013 : -inf
family_074 : -inf
family_066 : 0.043478
family_072 : 0.055556
family_078 : 0.058824
family_007 : 0.090909
family_056 : 0.096774
family_039 : 0.121212
family_048 : 0.130435
family_053 : 0.153846
family_059 : 0.175
family_015 : 0.1875
family_030 : 0.190476
family_080 : 0.2
family_087 : 0.210526
family_012 : 0.222222
family_061 : 0.227273
family_064 : 0.233333
family_088 : 0.235294
family_026 : 0.235294
family_019 : 0.238095
family_041 : 0.25
family_097 : 0.25
family_051 : 0.25
family_040 : 0.253165
family_043 : 0.255814
family_035 : 0.266667
family_052 : 0.275862
family_027 : 0.277778
family_014 : 0.28392
family_025 : 0.294118
family_081 : 0.296296
family_032 : 0.3125
family_071 : 0.34
family_055 : 0.352941
family_067 : 0.352941
family_070 : 0.352941
family_045 : 0.365854
family_085 : 0.375
family_008 : 0.388889
family_094 : 0.391304
family_050 : 0.4
family_095 : 0.4625
family_010 : 0.470588
family_049 : 0.47619
family_042 : 0.52381
family_024 : 0.617978
family_090 : 0.666667
family_046 : 0.6875
family_089 : 0.75
family_021 : 0.75
family_057 : 0.75
family_003 : 0.764706
family_031 : 0.777778
family_079 : 0.777778
family_063 : 0.777778
family_099 : 0.785714
family_100 : 0.785714
family_011 : 0.8
family_016 : 0.8
family_044 : 0.8
family_020 : 0.833333
family_022 : 0.857143
family_058 : 0.866667
family_009 : 0.875
family_037 : 0.875
family_069 : 0.875
family_076 : 0.875
family_073 : 0.888889
family_062 : 0.9
family_038 : 0.9
family_005 : 0.9
family_086 : 0.916667
family_077 : 0.916667
family_018 : 0.928571
family_047 : 0.9375
family_033 : 1.0
family_098 : 1.0
family_023 : 1.0
family_096 : 1.0
family_004 : 1.0
family_034 : 1.0
family_002 : 1.0
family_006 : 1.0
family_029 : 1.0
family_075 : 1.0
family_084 : 1.0
family_054 : 1.0
family_092 : 1.0
family_001 : 1.0
family_060 : 1.0
family_093 : 1.0
family_065 : 1.0
family_082 : 1.0
family_068 : 1.0
family_036 : 1.0
family_017 : 1.0
family_028 : 1.0
family_083 : 1.0
