fastme.f81 : 1.4202442169189453
ba.exp : 4.391587495803833
raxml.f81 : 116.78195905685425
generax-spr-undateddtl-r5.f81 : 161.83657264709473
pipeline : 293.885036945343
