fastme.f81 : 1.4202442169189453
raxml.f81 : 116.78195905685425
generax-spr-undateddtl-r5.f81 : 161.83657264709473
ba.exp : 181.39022588729858
pipeline_dl19732311 : 199.93862128257751
pipeline : 293.885036945343
