fastme.f81 : 1.3562763996477127
ba.exp : 4.32873299046874
raxml.f81 : 116.71917514159108
generax-spr-undateddtl-r5.f81 : 161.83683395385742
