fastme.f81 : 1.3562763996477127
raxml.f81 : 116.71917514159108
generax-spr-undateddtl-r5.f81 : 161.83683395385742
ba.exp : 181.32240808570384
