20
2_0_0      0.00000000  0.00399470  0.12548917  0.21018962  0.21018962  0.21548338  0.20493302  0.19971306  0.33007038  0.32390487  0.33628706  0.33007038  0.37471165  0.31172410  0.31172410  0.30570723  0.18938106  0.18426803  0.19452924  0.19971306  
1_0_0      0.00399470  0.00000000  0.12079300  0.21548338  0.20493302  0.21018962  0.19971306  0.19452924  0.32390487  0.33007038  0.33007038  0.32390487  0.36816907  0.30570723  0.30570723  0.29973831  0.19452924  0.17918968  0.18938106  0.19452924  
3_0_0      0.12548917  0.12079300  0.00000000  0.21548338  0.21548338  0.22081483  0.21018962  0.21548338  0.36168315  0.36816907  0.36816907  0.36168315  0.38131191  0.35525292  0.35525292  0.34887745  0.20493302  0.18938106  0.21018962  0.20493302  
5_0_0      0.21018962  0.21548338  0.21548338  0.00000000  0.01610828  0.02019008  0.01204861  0.01610828  0.24805679  0.27058720  0.25923726  0.26489073  0.28211183  0.27058720  0.27058720  0.26489073  0.06228061  0.07099025  0.08871947  0.06662277  
6_0_0      0.21018962  0.20493302  0.21548338  0.01610828  0.00000000  0.01204861  0.00399470  0.00801082  0.25923726  0.28211183  0.25923726  0.26489073  0.28211183  0.27058720  0.27058720  0.26489073  0.07980239  0.07099025  0.07980239  0.07538336  
11_0_0     0.21548338  0.21018962  0.22081483  0.02019008  0.01204861  0.00000000  0.00801082  0.01204861  0.25362616  0.27632734  0.25362616  0.25923726  0.27632734  0.26489073  0.26489073  0.25923726  0.07538336  0.06662277  0.07538336  0.07099025  
14_0_0     0.20493302  0.19971306  0.21018962  0.01204861  0.00399470  0.00801082  0.00000000  0.00399470  0.25362616  0.27632734  0.25362616  0.25923726  0.27632734  0.26489073  0.26489073  0.25923726  0.07538336  0.06662277  0.07538336  0.07099025  
17_0_0     0.19971306  0.19452924  0.21548338  0.01610828  0.00801082  0.01204861  0.00399470  0.00000000  0.24805679  0.27058720  0.24805679  0.25362616  0.27058720  0.25923726  0.25923726  0.25362616  0.07980239  0.07099025  0.07980239  0.07538336  
19_0_0     0.33007038  0.32390487  0.36168315  0.24805679  0.25923726  0.25362616  0.25362616  0.24805679  0.00000000  0.02429425  0.01610828  0.01204861  0.04940319  0.02429425  0.02429425  0.02019008  0.26489073  0.25362616  0.27632734  0.23704080  
9_0_0      0.32390487  0.33007038  0.36816907  0.27058720  0.28211183  0.27632734  0.27632734  0.27058720  0.02429425  0.00000000  0.02429425  0.02019008  0.05367110  0.03257070  0.03257070  0.02842104  0.27632734  0.26489073  0.28794134  0.25923726  
16_0_0     0.33628706  0.33007038  0.36816907  0.25923726  0.25923726  0.25362616  0.25362616  0.24805679  0.01610828  0.02429425  0.00000000  0.00399470  0.04093965  0.02429425  0.02429425  0.02019008  0.26489073  0.24252854  0.26489073  0.23704080  
18_0_0     0.33007038  0.32390487  0.36168315  0.26489073  0.26489073  0.25923726  0.25923726  0.25362616  0.01204861  0.02019008  0.00399470  0.00000000  0.03674348  0.02019008  0.02019008  0.01610828  0.27058720  0.24805679  0.27058720  0.24252854  
7_0_0      0.37471165  0.36816907  0.38131191  0.28211183  0.28211183  0.27632734  0.27632734  0.27058720  0.04940319  0.05367110  0.04093965  0.03674348  0.00000000  0.05796348  0.05796348  0.05367110  0.28794134  0.27632734  0.29973831  0.27058720  
8_0_0      0.31172410  0.30570723  0.35525292  0.27058720  0.27058720  0.26489073  0.26489073  0.25923726  0.02429425  0.03257070  0.02429425  0.02019008  0.05796348  0.00000000  0.00000000  0.00399470  0.27632734  0.25362616  0.27632734  0.24805679  
20_0_0     0.31172410  0.30570723  0.35525292  0.27058720  0.27058720  0.26489073  0.26489073  0.25923726  0.02429425  0.03257070  0.02429425  0.02019008  0.05796348  0.00000000  0.00000000  0.00399470  0.27632734  0.25362616  0.27632734  0.24805679  
15_0_0     0.30570723  0.29973831  0.34887745  0.26489073  0.26489073  0.25923726  0.25923726  0.25362616  0.02019008  0.02842104  0.02019008  0.01610828  0.05367110  0.00399470  0.00399470  0.00000000  0.27058720  0.24805679  0.27058720  0.24252854  
4_0_0      0.18938106  0.19452924  0.20493302  0.06228061  0.07980239  0.07538336  0.07538336  0.07980239  0.26489073  0.27632734  0.26489073  0.27058720  0.28794134  0.27632734  0.27632734  0.27058720  0.00000000  0.03257070  0.04940319  0.02842104  
12_0_0     0.18426803  0.17918968  0.18938106  0.07099025  0.07099025  0.06662277  0.06662277  0.07099025  0.25362616  0.26489073  0.24252854  0.24805679  0.27632734  0.25362616  0.25362616  0.24805679  0.03257070  0.00000000  0.01610828  0.01204861  
10_0_0     0.19452924  0.18938106  0.21018962  0.08871947  0.07980239  0.07538336  0.07538336  0.07980239  0.27632734  0.28794134  0.26489073  0.27058720  0.29973831  0.27632734  0.27632734  0.27058720  0.04940319  0.01610828  0.00000000  0.02842104  
13_0_0     0.19971306  0.19452924  0.20493302  0.06662277  0.07538336  0.07099025  0.07099025  0.07538336  0.23704080  0.25923726  0.23704080  0.24252854  0.27058720  0.24805679  0.24805679  0.24252854  0.02842104  0.01204861  0.02842104  0.00000000  

