15
3_0_0      0.00000000  0.16651481  0.16651481  0.34981700  0.33891213  0.36088971  0.34981700  0.36088971  0.36088971  0.39516867  0.43116305  0.34981700  0.34981700  0.33891213  0.33891213  
1_0_0      0.16651481  0.00000000  0.00000000  0.45620041  0.46905363  0.46905363  0.45620041  0.46905363  0.46905363  0.53700794  0.52289386  0.49547019  0.49547019  0.50905136  0.53700794  
2_0_0      0.16651481  0.00000000  0.00000000  0.45620041  0.46905363  0.46905363  0.45620041  0.46905363  0.46905363  0.53700794  0.52289386  0.49547019  0.49547019  0.50905136  0.53700794  
5_0_0      0.34981700  0.45620041  0.45620041  0.00000000  0.05619259  0.05619259  0.01364205  0.00678869  0.00678869  0.20141369  0.20141369  0.23809222  0.23809222  0.24756168  0.26688295  
11_3_0     0.33891213  0.46905363  0.46905363  0.05619259  0.00000000  0.01364205  0.04172763  0.06353562  0.06353562  0.21040950  0.21040950  0.22874579  0.22874579  0.23809222  0.23809222  
11_0_0     0.36088971  0.46905363  0.46905363  0.05619259  0.01364205  0.00000000  0.04172763  0.06353562  0.06353562  0.22874579  0.21040950  0.23809222  0.23809222  0.24756168  0.24756168  
6_0_0      0.34981700  0.45620041  0.45620041  0.01364205  0.04172763  0.04172763  0.00000000  0.02056132  0.02056132  0.20141369  0.21951923  0.23809222  0.23809222  0.24756168  0.26688295  
17_0_0     0.36088971  0.46905363  0.46905363  0.00678869  0.06353562  0.06353562  0.02056132  0.00000000  0.00000000  0.21040950  0.21040950  0.24756168  0.24756168  0.25715745  0.27674172  
14_0_0     0.36088971  0.46905363  0.46905363  0.00678869  0.06353562  0.06353562  0.02056132  0.00000000  0.00000000  0.21040950  0.21040950  0.24756168  0.24756168  0.25715745  0.27674172  
5_2_0      0.39516867  0.53700794  0.53700794  0.20141369  0.21040950  0.22874579  0.20141369  0.21040950  0.21040950  0.00000000  0.08602542  0.07095438  0.07095438  0.07845043  0.09368101  
5_1_0      0.43116305  0.52289386  0.52289386  0.20141369  0.21040950  0.21040950  0.21951923  0.21040950  0.21040950  0.08602542  0.00000000  0.13323086  0.13323086  0.14140860  0.14140860  
14_1_0     0.34981700  0.49547019  0.49547019  0.23809222  0.22874579  0.23809222  0.23809222  0.24756168  0.24756168  0.07095438  0.13323086  0.00000000  0.00000000  0.00678869  0.02056132  
17_1_0     0.34981700  0.49547019  0.49547019  0.23809222  0.22874579  0.23809222  0.23809222  0.24756168  0.24756168  0.07095438  0.13323086  0.00000000  0.00000000  0.00678869  0.02056132  
6_1_0      0.33891213  0.50905136  0.50905136  0.24756168  0.23809222  0.24756168  0.24756168  0.25715745  0.25715745  0.07845043  0.14140860  0.00678869  0.00678869  0.00000000  0.01364205  
11_1_0     0.33891213  0.53700794  0.53700794  0.26688295  0.23809222  0.24756168  0.26688295  0.27674172  0.27674172  0.09368101  0.14140860  0.02056132  0.02056132  0.01364205  0.00000000  

