20
14_0_0     0.00000000  0.06692708  0.08144558  0.08940292  0.13303118  0.24468951  0.24468951  0.25455304  0.24606833  0.25455304  0.19016985  0.19016985  0.18229991  0.18229991  0.17364494  0.19110937  0.25761529  0.18229991  0.18229991  0.21852239  
19_0_0     0.06692708  0.00000000  0.10297040  0.08103875  0.13303118  0.25190396  0.25190396  0.26176495  0.25317663  0.26176495  0.17998635  0.17998635  0.19812832  0.19812832  0.18932089  0.20709578  0.21622919  0.20709578  0.20709578  0.24468951  
6_0_0      0.08144558  0.10297040  0.00000000  0.09588336  0.13996303  0.28209842  0.28209842  0.28209842  0.20617745  0.20535409  0.17155598  0.17155598  0.17216395  0.17216395  0.16380406  0.18066787  0.21622919  0.19812832  0.19812832  0.23501924  
15_0_0     0.08940292  0.08103875  0.09588336  0.00000000  0.10938019  0.27330543  0.27330543  0.27330543  0.22553480  0.23383667  0.19110937  0.19110937  0.14920930  0.14920930  0.14105396  0.15750167  0.17451645  0.18324898  0.18324898  0.20119168  
16_0_0     0.13303118  0.13303118  0.13996303  0.10938019  0.00000000  0.29258817  0.29258817  0.28209842  0.22672349  0.22553480  0.21351016  0.21351016  0.20535409  0.20535409  0.21431945  0.21431945  0.23275404  0.25190396  0.25190396  0.27182698  
9_0_0      0.24468951  0.25190396  0.28209842  0.27330543  0.29258817  0.00000000  0.00000000  0.01936221  0.19325757  0.19446518  0.22800918  0.22800918  0.22939140  0.22939140  0.23916108  0.23916108  0.29099935  0.32351075  0.32351075  0.34643923  
13_0_0     0.24468951  0.25190396  0.28209842  0.27330543  0.29258817  0.00000000  0.00000000  0.01936221  0.19325757  0.19446518  0.22800918  0.22800918  0.22939140  0.22939140  0.23916108  0.23916108  0.29099935  0.32351075  0.32351075  0.34643923  
7_0_0      0.25455304  0.26176495  0.28209842  0.27330543  0.28209842  0.01936221  0.01936221  0.00000000  0.18428591  0.18541016  0.24754796  0.24754796  0.21041372  0.21041372  0.21981135  0.21981135  0.29099935  0.31243396  0.31243396  0.33484186  
18_0_0     0.24606833  0.25317663  0.20617745  0.22553480  0.22672349  0.19325757  0.19325757  0.18428591  0.00000000  0.01926563  0.19213880  0.17451645  0.14172209  0.14172209  0.14994626  0.14994626  0.20535409  0.29258817  0.29258817  0.31426115  
8_0_0      0.25455304  0.26176495  0.20535409  0.23383667  0.22553480  0.19446518  0.19446518  0.18541016  0.01926563  0.00000000  0.20921452  0.19110937  0.15750167  0.15750167  0.16593575  0.16593575  0.21351016  0.30160030  0.30160030  0.32351075  
17_0_0     0.19016985  0.17998635  0.17155598  0.19110937  0.21351016  0.22800918  0.22800918  0.24754796  0.19213880  0.20921452  0.00000000  0.01282338  0.08940292  0.08940292  0.09699759  0.08192334  0.19812832  0.22553480  0.22553480  0.24468951  
11_0_0     0.19016985  0.17998635  0.17155598  0.19110937  0.21351016  0.22800918  0.22800918  0.24754796  0.17451645  0.19110937  0.01282338  0.00000000  0.08940292  0.08940292  0.09699759  0.09699759  0.19812832  0.20709578  0.20709578  0.22553480  
4_0_0      0.18229991  0.19812832  0.17216395  0.14920930  0.20535409  0.22939140  0.22939140  0.21041372  0.14172209  0.15750167  0.08940292  0.08940292  0.00000000  0.00000000  0.00637004  0.00637004  0.20810835  0.22672349  0.22672349  0.22672349  
12_0_0     0.18229991  0.19812832  0.17216395  0.14920930  0.20535409  0.22939140  0.22939140  0.21041372  0.14172209  0.15750167  0.08940292  0.08940292  0.00000000  0.00000000  0.00637004  0.00637004  0.20810835  0.22672349  0.22672349  0.22672349  
10_0_0     0.17364494  0.18932089  0.16380406  0.14105396  0.21431945  0.23916108  0.23916108  0.21981135  0.14994626  0.16593575  0.09699759  0.09699759  0.00637004  0.00637004  0.00000000  0.01282338  0.19905761  0.21732817  0.21732817  0.21732817  
5_0_0      0.19110937  0.20709578  0.18066787  0.15750167  0.21431945  0.23916108  0.23916108  0.21981135  0.14994626  0.16593575  0.08192334  0.09699759  0.00637004  0.00637004  0.01282338  0.00000000  0.21732817  0.23630114  0.23630114  0.23630114  
20_0_0     0.25761529  0.21622919  0.21622919  0.17451645  0.23275404  0.29099935  0.29099935  0.29099935  0.20535409  0.21351016  0.19812832  0.19812832  0.20810835  0.20810835  0.19905761  0.21732817  0.00000000  0.19213880  0.19213880  0.21041372  
3_0_0      0.18229991  0.20709578  0.19812832  0.18324898  0.25190396  0.32351075  0.32351075  0.31243396  0.29258817  0.30160030  0.22553480  0.20709578  0.22672349  0.22672349  0.21732817  0.23630114  0.19213880  0.00000000  0.00000000  0.03270564  
2_0_0      0.18229991  0.20709578  0.19812832  0.18324898  0.25190396  0.32351075  0.32351075  0.31243396  0.29258817  0.30160030  0.22553480  0.20709578  0.22672349  0.22672349  0.21732817  0.23630114  0.19213880  0.00000000  0.00000000  0.03270564  
1_0_0      0.21852239  0.24468951  0.23501924  0.20119168  0.27182698  0.34643923  0.34643923  0.33484186  0.31426115  0.32351075  0.24468951  0.22553480  0.22672349  0.22672349  0.21732817  0.23630114  0.21041372  0.03270564  0.03270564  0.00000000  

