20
14_0_0     0.00000000  0.02578060  0.03913705  0.03903237  0.15126140  0.31221179  0.31221179  0.32422536  0.21421660  0.23382875  0.18622105  0.17724001  0.19292219  0.20206850  0.19292219  0.21275466  0.29881381  0.24120706  0.24120706  0.24120706  
19_0_0     0.02578060  0.00000000  0.03273482  0.04618276  0.14290463  0.31872490  0.31872490  0.33072874  0.23059986  0.24049928  0.18394660  0.17513546  0.20896703  0.19982637  0.19085621  0.19184081  0.30944739  0.22435431  0.22435431  0.22435431  
6_0_0      0.03913705  0.03273482  0.00000000  0.03931251  0.15976596  0.35567448  0.35567448  0.36865000  0.23059986  0.24049928  0.20206850  0.19292219  0.21828480  0.22778667  0.21828480  0.21954133  0.32032142  0.24334164  0.24334164  0.24334164  
15_0_0     0.03903237  0.04618276  0.03931251  0.00000000  0.16079074  0.34016744  0.34016744  0.35263296  0.22914112  0.21954133  0.20089818  0.21012942  0.20790556  0.21713105  0.20790556  0.20896703  0.32977625  0.24221857  0.24221857  0.24221857  
16_0_0     0.15126140  0.14290463  0.15976596  0.16079074  0.00000000  0.33072874  0.33072874  0.31872490  0.31142701  0.28911414  0.19085621  0.21828480  0.21828480  0.22778667  0.23748007  0.21012942  0.33936028  0.32032142  0.32032142  0.32032142  
9_0_0      0.31221179  0.31872490  0.35567448  0.34016744  0.33072874  0.00000000  0.00000000  0.00637113  0.24216825  0.26282681  0.23216249  0.25238661  0.22236068  0.21275466  0.22236068  0.22392270  0.45624895  0.40698645  0.40698645  0.40698645  
13_0_0     0.31221179  0.31872490  0.35567448  0.34016744  0.33072874  0.00000000  0.00000000  0.00637113  0.24216825  0.26282681  0.23216249  0.25238661  0.22236068  0.21275466  0.22236068  0.22392270  0.45624895  0.40698645  0.40698645  0.40698645  
7_0_0      0.32422536  0.33072874  0.36865000  0.35263296  0.31872490  0.00637113  0.00637113  0.00000000  0.25238661  0.27349870  0.22236068  0.24216825  0.23216249  0.22236068  0.23216249  0.23382875  0.44199607  0.39388584  0.39388584  0.39388584  
18_0_0     0.21421660  0.23059986  0.23059986  0.22914112  0.31142701  0.24216825  0.24216825  0.25238661  0.00000000  0.02600717  0.22392270  0.22392270  0.19292219  0.20206850  0.19292219  0.21275466  0.33144702  0.37110905  0.37110905  0.37110905  
8_0_0      0.23382875  0.24049928  0.24049928  0.21954133  0.28911414  0.26282681  0.26282681  0.27349870  0.02600717  0.00000000  0.20470251  0.20470251  0.17513546  0.18394660  0.19292219  0.17614157  0.36645687  0.35883870  0.35883870  0.35883870  
17_0_0     0.18622105  0.18394660  0.20206850  0.20089818  0.19085621  0.23216249  0.23216249  0.22236068  0.22392270  0.20470251  0.00000000  0.02600717  0.11085816  0.11867181  0.12661451  0.10369813  0.31266727  0.22435431  0.22435431  0.22435431  
11_0_0     0.17724001  0.17513546  0.19292219  0.21012942  0.21828480  0.25238661  0.25238661  0.24216825  0.22392270  0.20470251  0.02600717  0.00000000  0.14290463  0.15126140  0.15976596  0.13548831  0.31266727  0.24334164  0.24334164  0.24334164  
4_0_0      0.19292219  0.20896703  0.21828480  0.20790556  0.21828480  0.22236068  0.22236068  0.23216249  0.19292219  0.17513546  0.11085816  0.14290463  0.00000000  0.00637113  0.01282780  0.03253902  0.27822704  0.30178525  0.30178525  0.30178525  
12_0_0     0.20206850  0.19982637  0.22778667  0.21713105  0.22778667  0.21275466  0.21275466  0.22236068  0.20206850  0.18394660  0.11867181  0.15126140  0.00637113  0.00000000  0.00637113  0.02585961  0.28841028  0.30178525  0.30178525  0.30178525  
10_0_0     0.19292219  0.19085621  0.21828480  0.20790556  0.23748007  0.22236068  0.22236068  0.23216249  0.19292219  0.19292219  0.12661451  0.15976596  0.01282780  0.00637113  0.00000000  0.03253902  0.28841028  0.29114403  0.29114403  0.29114403  
5_0_0      0.21275466  0.19184081  0.21954133  0.20896703  0.21012942  0.22392270  0.22392270  0.23382875  0.21275466  0.17614157  0.10369813  0.13548831  0.03253902  0.02585961  0.03253902  0.00000000  0.28971483  0.26177891  0.26177891  0.26177891  
20_0_0     0.29881381  0.30944739  0.32032142  0.32977625  0.33936028  0.45624895  0.45624895  0.44199607  0.33144702  0.36645687  0.31266727  0.31266727  0.27822704  0.28841028  0.28841028  0.28971483  0.00000000  0.28971483  0.28971483  0.28971483  
3_0_0      0.24120706  0.22435431  0.24334164  0.24221857  0.32032142  0.40698645  0.40698645  0.39388584  0.37110905  0.35883870  0.22435431  0.24334164  0.30178525  0.30178525  0.29114403  0.26177891  0.28971483  0.00000000  0.00000000  0.00000000  
2_0_0      0.24120706  0.22435431  0.24334164  0.24221857  0.32032142  0.40698645  0.40698645  0.39388584  0.37110905  0.35883870  0.22435431  0.24334164  0.30178525  0.30178525  0.29114403  0.26177891  0.28971483  0.00000000  0.00000000  0.00000000  
1_0_0      0.24120706  0.22435431  0.24334164  0.24221857  0.32032142  0.40698645  0.40698645  0.39388584  0.37110905  0.35883870  0.22435431  0.24334164  0.30178525  0.30178525  0.29114403  0.26177891  0.28971483  0.00000000  0.00000000  0.00000000  

