153
16_9_0     0.00000000  0.05550876  0.08258795  0.07800608  0.24065543  0.26372013  0.27552495  0.25788690  0.26372013  0.25209883  0.21828112  0.21279064  0.20734019  0.20192919  0.26959924  0.27552495  0.26959924  0.28149801  0.18066855  0.18592729  0.16511071  0.19122329  0.17026077  0.20192919  0.19122329  0.19122329  0.18592729  0.19655707  0.19655707  0.18592729  0.20734019  0.13493395  0.15491584  0.17544655  0.17026077  0.19122329  0.18592729  0.19122329  0.19122329  0.18592729  0.19122329  0.16511071  0.17026077  0.23499876  0.21279064  0.23499876  0.17026077  0.33751849  0.27552495  0.26959924  0.28751918  0.28751918  0.26372013  0.26372013  0.31837473  0.29358924  0.29358924  0.29358924  0.29358924  0.28149801  0.27552495  0.28149801  0.29970900  0.28149801  0.25788690  0.25788690  0.26372013  0.26959924  0.26372013  0.32470167  0.28751918  0.29970900  0.31837473  0.29358924  0.28751918  0.28751918  0.24635523  0.24065543  0.25788690  0.33751849  0.29970900  0.21828112  0.19122329  0.18066855  0.22938457  0.23499876  0.24635523  0.26959924  0.24635523  0.21279064  0.21279064  0.20734019  0.31837473  0.31837473  0.29970900  0.31210089  0.26959924  0.29358924  0.29358924  0.30587927  0.31210089  0.31210089  0.28751918  0.30587927  0.31837473  0.26372013  0.26372013  0.26959924  0.26372013  0.26372013  0.26372013  0.25788690  0.25788690  0.28751918  0.28149801  0.28149801  0.29970900  0.23499876  0.23499876  0.20734019  0.20734019  0.23499876  0.22938457  0.22938457  0.23499876  0.23499876  0.22938457  0.24635523  0.25788690  0.25209883  0.22938457  0.24635523  0.35716541  0.35716541  0.36383084  0.37055622  0.37055622  0.24635523  0.24635523  0.27552495  0.25788690  0.25788690  0.25788690  0.25209883  0.24635523  0.24065543  0.22381223  0.23499876  0.24065543  0.28149801  0.26959924  0.26959924  0.28149801  
42_9_0     0.05550876  0.00000000  0.02510834  0.03798601  0.26959924  0.29358924  0.29358924  0.27552495  0.28149801  0.26959924  0.24635523  0.24065543  0.22381223  0.21828112  0.29358924  0.29970900  0.29358924  0.30587927  0.19122329  0.19122329  0.18066855  0.20192919  0.18066855  0.19122329  0.19655707  0.19122329  0.19655707  0.19655707  0.18592729  0.21279064  0.21828112  0.15491584  0.18066855  0.19122329  0.21279064  0.20192919  0.20192919  0.20734019  0.20734019  0.22381223  0.22938457  0.20192919  0.20734019  0.25209883  0.25788690  0.27552495  0.19655707  0.32470167  0.26959924  0.28751918  0.26959924  0.26959924  0.26372013  0.26372013  0.29358924  0.29358924  0.27552495  0.28149801  0.28149801  0.25788690  0.25209883  0.29970900  0.28751918  0.30587927  0.24065543  0.25209883  0.25788690  0.26372013  0.27552495  0.31837473  0.28149801  0.29358924  0.29358924  0.27552495  0.29970900  0.29358924  0.26372013  0.24065543  0.25209883  0.35716541  0.32470167  0.22938457  0.19655707  0.18066855  0.24635523  0.25209883  0.24635523  0.27552495  0.25209883  0.20192919  0.20192919  0.20734019  0.36383084  0.35055890  0.31210089  0.33751849  0.29358924  0.33108261  0.30587927  0.34401026  0.33751849  0.35055890  0.31837473  0.32470167  0.31210089  0.27552495  0.28751918  0.28149801  0.28149801  0.27552495  0.29358924  0.28149801  0.28149801  0.27552495  0.26959924  0.28149801  0.31837473  0.25788690  0.25788690  0.22938457  0.22381223  0.24635523  0.23499876  0.24065543  0.24635523  0.24635523  0.24635523  0.26372013  0.28149801  0.26372013  0.22938457  0.25209883  0.37734267  0.37734267  0.37734267  0.34401026  0.34401026  0.25209883  0.25209883  0.27552495  0.25788690  0.28149801  0.28149801  0.27552495  0.26959924  0.26372013  0.24065543  0.24065543  0.24635523  0.29358924  0.29970900  0.26372013  0.27552495  
19_9_0     0.08258795  0.02510834  0.00000000  0.06442661  0.26959924  0.28149801  0.28149801  0.25209883  0.25788690  0.24635523  0.25788690  0.25209883  0.23499876  0.22938457  0.28751918  0.29358924  0.28751918  0.29970900  0.21279064  0.21279064  0.20192919  0.23499876  0.20192919  0.17026077  0.17544655  0.17026077  0.19655707  0.19655707  0.19655707  0.22381223  0.21828112  0.17544655  0.20192919  0.21279064  0.21279064  0.22381223  0.22381223  0.22938457  0.22938457  0.24635523  0.24065543  0.22381223  0.21828112  0.26372013  0.25209883  0.24635523  0.21279064  0.31837473  0.26959924  0.29970900  0.29358924  0.29358924  0.28751918  0.28751918  0.31837473  0.31837473  0.29970900  0.30587927  0.30587927  0.27552495  0.26959924  0.29970900  0.30587927  0.30587927  0.25209883  0.25209883  0.25788690  0.26372013  0.26372013  0.30587927  0.28149801  0.29358924  0.29358924  0.27552495  0.29358924  0.28751918  0.27552495  0.25209883  0.26372013  0.36383084  0.33108261  0.24635523  0.22381223  0.20734019  0.25209883  0.26959924  0.26372013  0.29358924  0.26959924  0.21828112  0.21828112  0.22381223  0.35716541  0.35055890  0.31210089  0.33751849  0.30587927  0.33108261  0.30587927  0.34401026  0.33751849  0.35055890  0.33751849  0.35716541  0.34401026  0.29358924  0.30587927  0.29970900  0.29970900  0.29358924  0.32470167  0.31210089  0.31210089  0.28751918  0.29358924  0.28751918  0.35055890  0.26372013  0.26372013  0.24635523  0.22938457  0.26372013  0.25209883  0.25788690  0.25209883  0.25209883  0.26372013  0.26959924  0.29970900  0.28149801  0.24635523  0.24635523  0.39110323  0.39110323  0.39110323  0.35716541  0.35716541  0.26959924  0.26959924  0.28149801  0.26372013  0.28751918  0.28751918  0.28149801  0.27552495  0.26959924  0.25788690  0.25788690  0.26372013  0.28751918  0.33108261  0.29358924  0.29358924  
15_9_0     0.07800608  0.03798601  0.06442661  0.00000000  0.26959924  0.30587927  0.29358924  0.27552495  0.28149801  0.28149801  0.26959924  0.25209883  0.23499876  0.22938457  0.30587927  0.31210089  0.29358924  0.30587927  0.22381223  0.22381223  0.20734019  0.20734019  0.20734019  0.21828112  0.21828112  0.21828112  0.22381223  0.22381223  0.21279064  0.22938457  0.22938457  0.18066855  0.20734019  0.21828112  0.24065543  0.20734019  0.20734019  0.22381223  0.22381223  0.22938457  0.23499876  0.22381223  0.22938457  0.25788690  0.27552495  0.29358924  0.20192919  0.31837473  0.28149801  0.26372013  0.25209883  0.25209883  0.23499876  0.23499876  0.28751918  0.28149801  0.26959924  0.29358924  0.29358924  0.26372013  0.25788690  0.30587927  0.28751918  0.29358924  0.21279064  0.22381223  0.22938457  0.23499876  0.26372013  0.30587927  0.28149801  0.28149801  0.25788690  0.25209883  0.27552495  0.26959924  0.24635523  0.24065543  0.22938457  0.37734267  0.34401026  0.24065543  0.22381223  0.19655707  0.25788690  0.26372013  0.26372013  0.28751918  0.26372013  0.20734019  0.20734019  0.21279064  0.35716541  0.34401026  0.31210089  0.32470167  0.30587927  0.34401026  0.30587927  0.34401026  0.33751849  0.33751849  0.31210089  0.32470167  0.31210089  0.27552495  0.28751918  0.29358924  0.28149801  0.28751918  0.29970900  0.27552495  0.27552495  0.29970900  0.29358924  0.30587927  0.32470167  0.27552495  0.27552495  0.25788690  0.25209883  0.25209883  0.25209883  0.24635523  0.26372013  0.26372013  0.25209883  0.25788690  0.29358924  0.28751918  0.25788690  0.28149801  0.38419129  0.35716541  0.38419129  0.35055890  0.35055890  0.25209883  0.25209883  0.27552495  0.28149801  0.29358924  0.29358924  0.28751918  0.27552495  0.26959924  0.26959924  0.26959924  0.27552495  0.31210089  0.31837473  0.28149801  0.29358924  
16_0_0     0.24065543  0.26959924  0.26959924  0.26959924  0.00000000  0.12029042  0.06892574  0.28751918  0.29970900  0.29970900  0.29358924  0.28751918  0.28751918  0.29358924  0.32470167  0.31837473  0.29970900  0.29970900  0.26372013  0.26959924  0.26959924  0.25209883  0.25209883  0.28751918  0.28751918  0.28751918  0.27552495  0.27552495  0.27552495  0.26372013  0.33751849  0.24635523  0.24065543  0.25788690  0.24065543  0.26959924  0.28149801  0.29970900  0.29970900  0.26372013  0.25788690  0.25788690  0.26372013  0.24065543  0.25788690  0.22938457  0.26372013  0.43397329  0.34401026  0.36383084  0.32470167  0.32470167  0.32470167  0.32470167  0.35055890  0.37055622  0.35716541  0.35055890  0.35055890  0.31210089  0.30587927  0.39110323  0.39807968  0.37734267  0.37055622  0.35716541  0.37734267  0.38419129  0.37055622  0.36383084  0.35716541  0.37055622  0.35716541  0.33108261  0.36383084  0.30587927  0.35716541  0.39110323  0.34401026  0.37055622  0.35716541  0.34401026  0.31210089  0.31210089  0.26372013  0.26959924  0.31837473  0.32470167  0.27552495  0.28149801  0.28149801  0.25209883  0.37055622  0.35716541  0.34401026  0.34401026  0.35716541  0.35716541  0.35055890  0.38419129  0.39110323  0.37055622  0.36383084  0.33108261  0.32470167  0.33108261  0.30587927  0.31210089  0.34401026  0.34401026  0.35055890  0.37055622  0.37055622  0.37055622  0.35055890  0.37734267  0.40512185  0.33108261  0.33108261  0.32470167  0.32470167  0.32470167  0.33108261  0.35716541  0.33108261  0.33108261  0.34401026  0.29358924  0.37734267  0.37055622  0.36383084  0.33751849  0.36383084  0.35716541  0.39110323  0.35055890  0.35055890  0.31210089  0.31210089  0.29970900  0.31837473  0.31210089  0.30587927  0.30587927  0.31837473  0.31837473  0.33751849  0.33108261  0.32470167  0.33108261  0.31210089  0.31837473  0.33108261  
15_0_0     0.26372013  0.29358924  0.28149801  0.30587927  0.12029042  0.00000000  0.08719807  0.35055890  0.36383084  0.35055890  0.37055622  0.37734267  0.37734267  0.38419129  0.37734267  0.37055622  0.37734267  0.37734267  0.31210089  0.31837473  0.31837473  0.31210089  0.29970900  0.31210089  0.31210089  0.31210089  0.33751849  0.33751849  0.32470167  0.29358924  0.38419129  0.27552495  0.31837473  0.33751849  0.30587927  0.32470167  0.33751849  0.34401026  0.34401026  0.30587927  0.29970900  0.31210089  0.33108261  0.36383084  0.36383084  0.33108261  0.34401026  0.47167765  0.37734267  0.42665537  0.40512185  0.40512185  0.38419129  0.38419129  0.41223099  0.44136356  0.43397329  0.40512185  0.40512185  0.37055622  0.36383084  0.40512185  0.46398311  0.45636695  0.39807968  0.38419129  0.40512185  0.41223099  0.40512185  0.45636695  0.40512185  0.40512185  0.39110323  0.37055622  0.39807968  0.38419129  0.45636695  0.43397329  0.41223099  0.42665537  0.41940839  0.41223099  0.36383084  0.36383084  0.34401026  0.35055890  0.35716541  0.37734267  0.34401026  0.35716541  0.35716541  0.32470167  0.44882762  0.42665537  0.39807968  0.40512185  0.41223099  0.42665537  0.40512185  0.45636695  0.44882762  0.44136356  0.45636695  0.40512185  0.38419129  0.36383084  0.36383084  0.37055622  0.35716541  0.36383084  0.41223099  0.44882762  0.44882762  0.40512185  0.37734267  0.41223099  0.47945222  0.38419129  0.38419129  0.36383084  0.36383084  0.36383084  0.35716541  0.35716541  0.35716541  0.35716541  0.38419129  0.34401026  0.37734267  0.39110323  0.39110323  0.37055622  0.43397329  0.41940839  0.43397329  0.42665537  0.42665537  0.35055890  0.35055890  0.33108261  0.33108261  0.37734267  0.38419129  0.37055622  0.36383084  0.36383084  0.36383084  0.37055622  0.37734267  0.37055622  0.40512185  0.39807968  0.38419129  
42_0_0     0.27552495  0.29358924  0.28149801  0.29358924  0.06892574  0.08719807  0.00000000  0.32470167  0.33751849  0.33751849  0.32470167  0.31837473  0.31837473  0.32470167  0.34401026  0.33751849  0.33108261  0.33108261  0.29970900  0.30587927  0.30587927  0.29358924  0.28751918  0.28751918  0.28751918  0.28751918  0.28751918  0.28751918  0.29970900  0.29970900  0.33751849  0.25788690  0.29970900  0.30587927  0.27552495  0.28149801  0.29970900  0.31210089  0.31210089  0.28751918  0.28149801  0.29358924  0.29970900  0.29358924  0.29970900  0.28149801  0.29970900  0.44136356  0.37734267  0.39807968  0.36383084  0.36383084  0.35716541  0.35716541  0.39110323  0.42665537  0.39807968  0.39110323  0.39110323  0.35055890  0.34401026  0.38419129  0.43397329  0.42665537  0.40512185  0.39110323  0.41223099  0.41940839  0.39110323  0.40512185  0.39807968  0.39807968  0.37055622  0.35716541  0.39110323  0.35716541  0.41223099  0.41223099  0.39807968  0.41223099  0.41940839  0.38419129  0.35716541  0.35055890  0.31210089  0.30587927  0.34401026  0.35055890  0.29970900  0.33751849  0.33751849  0.30587927  0.42665537  0.40512185  0.37734267  0.39110323  0.39807968  0.39110323  0.38419129  0.43397329  0.42665537  0.41940839  0.39110323  0.36383084  0.35716541  0.35055890  0.34401026  0.36383084  0.37055622  0.37055622  0.38419129  0.40512185  0.40512185  0.39807968  0.37734267  0.37734267  0.45636695  0.36383084  0.35055890  0.37055622  0.35716541  0.34401026  0.36383084  0.37734267  0.36383084  0.36383084  0.37734267  0.32470167  0.40512185  0.39807968  0.39807968  0.37055622  0.39807968  0.39807968  0.41223099  0.39110323  0.39110323  0.34401026  0.34401026  0.30587927  0.32470167  0.35055890  0.35716541  0.34401026  0.33751849  0.35055890  0.37055622  0.37734267  0.37055622  0.37734267  0.38419129  0.37734267  0.36383084  
27_8_0     0.25788690  0.27552495  0.25209883  0.27552495  0.28751918  0.35055890  0.32470167  0.00000000  0.03366876  0.02937630  0.17544655  0.18592729  0.17544655  0.18066855  0.19122329  0.19655707  0.19655707  0.20734019  0.30587927  0.29970900  0.28751918  0.30587927  0.28149801  0.27552495  0.26372013  0.26372013  0.24635523  0.25788690  0.25788690  0.28149801  0.30587927  0.22381223  0.24065543  0.25209883  0.23499876  0.26372013  0.26372013  0.25209883  0.25209883  0.26959924  0.26372013  0.27552495  0.26959924  0.22381223  0.25788690  0.28149801  0.24635523  0.36383084  0.31210089  0.35055890  0.37055622  0.37055622  0.35716541  0.35716541  0.36383084  0.37055622  0.34401026  0.35716541  0.35716541  0.37734267  0.38419129  0.33108261  0.31210089  0.33108261  0.35055890  0.35716541  0.36383084  0.37055622  0.34401026  0.35716541  0.37055622  0.37734267  0.38419129  0.35716541  0.36383084  0.37055622  0.37055622  0.39110323  0.31837473  0.37734267  0.32470167  0.31837473  0.29970900  0.34401026  0.26372013  0.28149801  0.32470167  0.32470167  0.28149801  0.28751918  0.28751918  0.28149801  0.31837473  0.30587927  0.29358924  0.30587927  0.29358924  0.31210089  0.28751918  0.32470167  0.32470167  0.31837473  0.33108261  0.35716541  0.35716541  0.32470167  0.32470167  0.33108261  0.31837473  0.32470167  0.31837473  0.34401026  0.34401026  0.37055622  0.38419129  0.34401026  0.36383084  0.31837473  0.33108261  0.32470167  0.29970900  0.33108261  0.35055890  0.33108261  0.35055890  0.35055890  0.38419129  0.35716541  0.36383084  0.37055622  0.33108261  0.31837473  0.41940839  0.37055622  0.41940839  0.42665537  0.42665537  0.36383084  0.36383084  0.37734267  0.37055622  0.38419129  0.38419129  0.37734267  0.37055622  0.35716541  0.32470167  0.33751849  0.35716541  0.37055622  0.31210089  0.36383084  0.36383084  
38_8_0     0.26372013  0.28149801  0.25788690  0.28149801  0.29970900  0.36383084  0.33751849  0.03366876  0.00000000  0.01244876  0.16511071  0.17544655  0.17026077  0.17544655  0.15999590  0.16511071  0.18592729  0.17544655  0.30587927  0.29970900  0.27552495  0.30587927  0.28149801  0.28751918  0.27552495  0.27552495  0.24635523  0.25788690  0.26959924  0.28751918  0.29358924  0.24635523  0.25209883  0.27552495  0.20734019  0.25209883  0.25209883  0.24635523  0.23499876  0.25788690  0.25209883  0.26372013  0.25788690  0.22381223  0.24635523  0.29970900  0.24635523  0.35716541  0.31837473  0.33108261  0.34401026  0.34401026  0.33751849  0.33751849  0.35055890  0.35716541  0.34401026  0.35716541  0.35716541  0.36383084  0.38419129  0.31210089  0.31837473  0.33751849  0.31837473  0.32470167  0.34401026  0.33751849  0.32470167  0.33751849  0.35055890  0.34401026  0.35716541  0.32470167  0.33108261  0.35716541  0.33751849  0.35716541  0.30587927  0.39807968  0.35055890  0.30587927  0.29358924  0.32470167  0.24635523  0.26372013  0.32470167  0.31837473  0.26372013  0.28751918  0.28751918  0.29358924  0.29358924  0.28149801  0.28149801  0.28149801  0.28149801  0.29358924  0.27552495  0.29970900  0.29970900  0.31837473  0.31210089  0.35716541  0.35716541  0.32470167  0.33751849  0.32470167  0.31837473  0.32470167  0.31210089  0.33751849  0.33751849  0.35716541  0.37055622  0.34401026  0.35716541  0.30587927  0.31210089  0.30587927  0.28149801  0.33108261  0.35055890  0.33108261  0.33751849  0.33751849  0.37055622  0.34401026  0.33751849  0.35716541  0.34401026  0.31837473  0.41940839  0.37734267  0.40512185  0.40512185  0.40512185  0.37734267  0.37734267  0.39110323  0.37055622  0.38419129  0.38419129  0.37734267  0.37055622  0.37055622  0.33108261  0.34401026  0.36383084  0.38419129  0.33751849  0.37734267  0.37734267  
53_8_0     0.25209883  0.26959924  0.24635523  0.28149801  0.29970900  0.35055890  0.33751849  0.02937630  0.01244876  0.00000000  0.15999590  0.15999590  0.15491584  0.15999590  0.16511071  0.17026077  0.17544655  0.18066855  0.29358924  0.28751918  0.26372013  0.29358924  0.26959924  0.27552495  0.26372013  0.26372013  0.23499876  0.24635523  0.25788690  0.27552495  0.29358924  0.23499876  0.24065543  0.26372013  0.20734019  0.24065543  0.24065543  0.23499876  0.22381223  0.25788690  0.25209883  0.26372013  0.25788690  0.22381223  0.25788690  0.31210089  0.25788690  0.35716541  0.31837473  0.33751849  0.35055890  0.35055890  0.34401026  0.34401026  0.36383084  0.37055622  0.34401026  0.35716541  0.35716541  0.37734267  0.39807968  0.32470167  0.31210089  0.33751849  0.31837473  0.32470167  0.34401026  0.35055890  0.32470167  0.35055890  0.36383084  0.35716541  0.36383084  0.33751849  0.34401026  0.37055622  0.35055890  0.37055622  0.30587927  0.39110323  0.33751849  0.29970900  0.28149801  0.31210089  0.24635523  0.25209883  0.31210089  0.30587927  0.25209883  0.28751918  0.28751918  0.28149801  0.29970900  0.28751918  0.28751918  0.28751918  0.28751918  0.29970900  0.28149801  0.30587927  0.30587927  0.32470167  0.31837473  0.36383084  0.35055890  0.31837473  0.33108261  0.31837473  0.31210089  0.31837473  0.31837473  0.34401026  0.34401026  0.36383084  0.37734267  0.35055890  0.34401026  0.28751918  0.29970900  0.29358924  0.26959924  0.33108261  0.33751849  0.31837473  0.32470167  0.32470167  0.35716541  0.33108261  0.35055890  0.35716541  0.33108261  0.30587927  0.41223099  0.38419129  0.39807968  0.39110323  0.39110323  0.37734267  0.37734267  0.39110323  0.35716541  0.38419129  0.38419129  0.37734267  0.37055622  0.37055622  0.31837473  0.33108261  0.35055890  0.37055622  0.32470167  0.36383084  0.36383084  
53_7_0     0.21828112  0.24635523  0.25788690  0.26959924  0.29358924  0.37055622  0.32470167  0.17544655  0.16511071  0.15999590  0.00000000  0.03366876  0.04232834  0.04669604  0.13002084  0.13493395  0.14485813  0.13987957  0.24635523  0.24065543  0.20734019  0.24065543  0.22381223  0.25209883  0.24065543  0.24065543  0.24065543  0.25209883  0.25209883  0.24635523  0.26959924  0.16511071  0.17026077  0.17544655  0.19655707  0.21279064  0.20734019  0.20192919  0.20192919  0.20192919  0.20734019  0.21828112  0.21279064  0.26959924  0.25209883  0.26959924  0.21279064  0.35716541  0.31210089  0.39110323  0.35716541  0.35716541  0.34401026  0.34401026  0.34401026  0.36383084  0.35716541  0.35055890  0.35055890  0.33108261  0.34401026  0.35055890  0.35055890  0.34401026  0.31837473  0.31837473  0.33751849  0.34401026  0.28751918  0.38419129  0.39807968  0.37734267  0.39110323  0.37055622  0.35716541  0.34401026  0.30587927  0.33751849  0.31837473  0.35716541  0.35716541  0.30587927  0.28149801  0.32470167  0.26959924  0.27552495  0.29970900  0.30587927  0.26372013  0.30587927  0.30587927  0.30587927  0.35716541  0.35716541  0.34401026  0.36383084  0.34401026  0.33108261  0.33751849  0.32470167  0.32470167  0.33108261  0.32470167  0.41940839  0.41940839  0.34401026  0.34401026  0.35716541  0.33108261  0.33108261  0.32470167  0.35055890  0.35055890  0.37734267  0.37055622  0.33751849  0.28149801  0.28149801  0.27552495  0.29358924  0.28149801  0.30587927  0.32470167  0.31837473  0.32470167  0.32470167  0.31210089  0.29358924  0.34401026  0.33108261  0.32470167  0.32470167  0.34401026  0.34401026  0.34401026  0.33751849  0.33751849  0.37734267  0.37734267  0.35716541  0.33751849  0.37055622  0.37055622  0.36383084  0.34401026  0.35716541  0.32470167  0.32470167  0.31837473  0.35716541  0.29970900  0.31837473  0.31210089  
27_7_0     0.21279064  0.24065543  0.25209883  0.25209883  0.28751918  0.37734267  0.31837473  0.18592729  0.17544655  0.15999590  0.03366876  0.00000000  0.02510834  0.02937630  0.13493395  0.13987957  0.13493395  0.13493395  0.24065543  0.23499876  0.20192919  0.22381223  0.21828112  0.24635523  0.23499876  0.23499876  0.23499876  0.24635523  0.24635523  0.25209883  0.26959924  0.16511071  0.18066855  0.18592729  0.18592729  0.19122329  0.18592729  0.19122329  0.19122329  0.20192919  0.20734019  0.20734019  0.20192919  0.26372013  0.25788690  0.27552495  0.21828112  0.36383084  0.33108261  0.39110323  0.35055890  0.35055890  0.33751849  0.33751849  0.37734267  0.37055622  0.37734267  0.37055622  0.37055622  0.35055890  0.36383084  0.35716541  0.35055890  0.36383084  0.32470167  0.32470167  0.34401026  0.35055890  0.30587927  0.37734267  0.40512185  0.38419129  0.37734267  0.37734267  0.35055890  0.35055890  0.29970900  0.33108261  0.31210089  0.35055890  0.36383084  0.29358924  0.28751918  0.30587927  0.29358924  0.29970900  0.31837473  0.33108261  0.28751918  0.29970900  0.29970900  0.29970900  0.33751849  0.33751849  0.35055890  0.34401026  0.35055890  0.33751849  0.34401026  0.33108261  0.33108261  0.33751849  0.31210089  0.39807968  0.39807968  0.33751849  0.33751849  0.35055890  0.33751849  0.33751849  0.33108261  0.34401026  0.34401026  0.37055622  0.36383084  0.33108261  0.30587927  0.28149801  0.28149801  0.29970900  0.29970900  0.28751918  0.30587927  0.29970900  0.30587927  0.30587927  0.30587927  0.28751918  0.35055890  0.33751849  0.31837473  0.31837473  0.32470167  0.35055890  0.33751849  0.31837473  0.31837473  0.35716541  0.35716541  0.35055890  0.31837473  0.35055890  0.35055890  0.34401026  0.33108261  0.34401026  0.30587927  0.30587927  0.29970900  0.36383084  0.29358924  0.31210089  0.31837473  
7_7_0      0.20734019  0.22381223  0.23499876  0.23499876  0.28751918  0.37734267  0.31837473  0.17544655  0.17026077  0.15491584  0.04232834  0.02510834  0.00000000  0.00412660  0.13987957  0.14485813  0.13987957  0.13987957  0.24065543  0.23499876  0.20192919  0.22381223  0.21828112  0.24635523  0.23499876  0.23499876  0.23499876  0.24635523  0.24635523  0.25209883  0.27552495  0.17544655  0.19655707  0.19655707  0.20192919  0.20734019  0.20192919  0.20734019  0.20734019  0.21828112  0.22381223  0.21828112  0.21279064  0.25788690  0.26372013  0.26959924  0.22381223  0.36383084  0.33108261  0.37734267  0.33751849  0.33751849  0.32470167  0.32470167  0.35716541  0.35716541  0.36383084  0.35716541  0.35716541  0.33751849  0.35055890  0.35716541  0.35716541  0.35055890  0.31837473  0.31837473  0.33751849  0.34401026  0.31210089  0.36383084  0.39110323  0.37734267  0.37055622  0.37055622  0.35716541  0.34401026  0.31210089  0.34401026  0.33108261  0.35716541  0.35055890  0.29358924  0.29358924  0.31210089  0.29970900  0.30587927  0.31837473  0.31837473  0.29358924  0.30587927  0.30587927  0.30587927  0.33751849  0.33751849  0.33751849  0.33751849  0.35055890  0.33751849  0.33108261  0.33751849  0.33751849  0.33751849  0.32470167  0.41223099  0.40512185  0.34401026  0.33751849  0.35716541  0.34401026  0.34401026  0.33751849  0.34401026  0.34401026  0.39110323  0.38419129  0.35716541  0.31210089  0.29970900  0.29970900  0.31837473  0.30587927  0.29970900  0.33108261  0.32470167  0.33751849  0.33751849  0.31210089  0.29358924  0.36383084  0.35055890  0.33108261  0.33751849  0.33751849  0.34401026  0.35716541  0.32470167  0.32470167  0.35716541  0.35716541  0.35716541  0.33751849  0.37055622  0.37055622  0.36383084  0.35055890  0.35716541  0.31837473  0.30587927  0.29970900  0.35716541  0.30587927  0.33108261  0.33751849  
38_7_0     0.20192919  0.21828112  0.22938457  0.22938457  0.29358924  0.38419129  0.32470167  0.18066855  0.17544655  0.15999590  0.04669604  0.02937630  0.00412660  0.00000000  0.14485813  0.14987007  0.14485813  0.14485813  0.23499876  0.22938457  0.19655707  0.21828112  0.21279064  0.25209883  0.24065543  0.24065543  0.22938457  0.24065543  0.24065543  0.24635523  0.26959924  0.18066855  0.20192919  0.20192919  0.20734019  0.21279064  0.20734019  0.21279064  0.21279064  0.22381223  0.22938457  0.22381223  0.20734019  0.26372013  0.26372013  0.26959924  0.22938457  0.35716541  0.33751849  0.37734267  0.33108261  0.33108261  0.31837473  0.31837473  0.36383084  0.35055890  0.35716541  0.35055890  0.35055890  0.33108261  0.34401026  0.36383084  0.35055890  0.35716541  0.32470167  0.32470167  0.33108261  0.33751849  0.31837473  0.37055622  0.39807968  0.38419129  0.36383084  0.37734267  0.36383084  0.35055890  0.31837473  0.33751849  0.33751849  0.36383084  0.34401026  0.29970900  0.28751918  0.30587927  0.30587927  0.31210089  0.31210089  0.32470167  0.29970900  0.31210089  0.31210089  0.31210089  0.34401026  0.34401026  0.33108261  0.33108261  0.34401026  0.33108261  0.32470167  0.34401026  0.34401026  0.34401026  0.33108261  0.40512185  0.39807968  0.33751849  0.33108261  0.35055890  0.33751849  0.33751849  0.34401026  0.33751849  0.33751849  0.39807968  0.39110323  0.36383084  0.31837473  0.29358924  0.29358924  0.31210089  0.29970900  0.30587927  0.32470167  0.33108261  0.33108261  0.33108261  0.30587927  0.29970900  0.35716541  0.34401026  0.32470167  0.33108261  0.33751849  0.34401026  0.35716541  0.32470167  0.32470167  0.36383084  0.36383084  0.35055890  0.33108261  0.36383084  0.36383084  0.35716541  0.34401026  0.35055890  0.31210089  0.29970900  0.29358924  0.35055890  0.31210089  0.32470167  0.33108261  
7_6_0      0.26959924  0.29358924  0.28751918  0.30587927  0.32470167  0.37734267  0.34401026  0.19122329  0.15999590  0.16511071  0.13002084  0.13493395  0.13987957  0.14485813  0.00000000  0.00412660  0.02937630  0.02937630  0.28751918  0.29358924  0.26959924  0.30587927  0.28751918  0.24635523  0.24635523  0.24635523  0.25788690  0.26959924  0.26959924  0.28751918  0.31210089  0.24065543  0.27552495  0.26959924  0.20734019  0.26372013  0.26372013  0.24065543  0.25209883  0.25209883  0.25788690  0.25209883  0.24635523  0.29970900  0.25788690  0.27552495  0.26959924  0.36383084  0.35716541  0.37055622  0.34401026  0.34401026  0.32470167  0.32470167  0.37734267  0.39110323  0.38419129  0.42665537  0.42665537  0.36383084  0.38419129  0.37734267  0.35716541  0.32470167  0.28149801  0.29358924  0.29970900  0.29358924  0.29970900  0.34401026  0.34401026  0.33108261  0.35055890  0.31837473  0.30587927  0.32470167  0.29970900  0.33108261  0.30587927  0.35716541  0.37055622  0.37734267  0.36383084  0.38419129  0.35055890  0.34401026  0.37734267  0.38419129  0.31837473  0.35055890  0.35055890  0.35716541  0.31210089  0.30587927  0.29970900  0.29970900  0.32470167  0.29970900  0.29358924  0.28751918  0.28751918  0.30587927  0.33751849  0.41940839  0.43397329  0.35716541  0.35716541  0.33751849  0.36383084  0.33108261  0.33108261  0.35055890  0.35055890  0.35716541  0.37734267  0.38419129  0.34401026  0.34401026  0.33751849  0.34401026  0.33108261  0.35716541  0.36383084  0.35716541  0.37734267  0.37734267  0.38419129  0.35716541  0.37055622  0.37734267  0.35716541  0.33751849  0.35055890  0.37055622  0.34401026  0.38419129  0.38419129  0.37734267  0.37734267  0.36383084  0.34401026  0.37734267  0.37734267  0.38419129  0.35716541  0.37055622  0.35055890  0.32470167  0.33108261  0.36383084  0.36383084  0.35716541  0.39110323  
38_6_0     0.27552495  0.29970900  0.29358924  0.31210089  0.31837473  0.37055622  0.33751849  0.19655707  0.16511071  0.17026077  0.13493395  0.13987957  0.14485813  0.14987007  0.00412660  0.00000000  0.02510834  0.02510834  0.28149801  0.28751918  0.27552495  0.29970900  0.28149801  0.24065543  0.24065543  0.24065543  0.25209883  0.26372013  0.27552495  0.28149801  0.30587927  0.23499876  0.27552495  0.26959924  0.21279064  0.25788690  0.25788690  0.24635523  0.25788690  0.24635523  0.25209883  0.25788690  0.25209883  0.30587927  0.25209883  0.26959924  0.27552495  0.37055622  0.35055890  0.36383084  0.33751849  0.33751849  0.31837473  0.31837473  0.37055622  0.38419129  0.39110323  0.43397329  0.43397329  0.35716541  0.37734267  0.37055622  0.36383084  0.33108261  0.28751918  0.29970900  0.30587927  0.29970900  0.30587927  0.35055890  0.35055890  0.33751849  0.35055890  0.31837473  0.31210089  0.31837473  0.30587927  0.32470167  0.31210089  0.36383084  0.37055622  0.37055622  0.37055622  0.37734267  0.35716541  0.35055890  0.37734267  0.39110323  0.31210089  0.35716541  0.35716541  0.36383084  0.31837473  0.31210089  0.29358924  0.30587927  0.31837473  0.30587927  0.29970900  0.29358924  0.29358924  0.31210089  0.34401026  0.41223099  0.42665537  0.36383084  0.36383084  0.34401026  0.35716541  0.33751849  0.33751849  0.35716541  0.35716541  0.36383084  0.38419129  0.39110323  0.35055890  0.33751849  0.33108261  0.33751849  0.32470167  0.35055890  0.35716541  0.36383084  0.37055622  0.37055622  0.37734267  0.35055890  0.36383084  0.37055622  0.36383084  0.34401026  0.35716541  0.37734267  0.35055890  0.39110323  0.39110323  0.38419129  0.38419129  0.35716541  0.33751849  0.38419129  0.38419129  0.39110323  0.36383084  0.37734267  0.35716541  0.33108261  0.33751849  0.35716541  0.35716541  0.35055890  0.38419129  
27_6_0     0.26959924  0.29358924  0.28751918  0.29358924  0.29970900  0.37734267  0.33108261  0.19655707  0.18592729  0.17544655  0.14485813  0.13493395  0.13987957  0.14485813  0.02937630  0.02510834  0.00000000  0.03366876  0.28751918  0.29358924  0.28149801  0.29358924  0.28751918  0.24635523  0.24635523  0.24635523  0.24635523  0.25788690  0.26959924  0.27552495  0.31210089  0.22938457  0.26959924  0.26372013  0.22938457  0.24065543  0.24065543  0.24065543  0.25209883  0.24065543  0.24635523  0.26372013  0.25788690  0.28751918  0.25209883  0.26959924  0.27552495  0.37734267  0.36383084  0.36383084  0.34401026  0.34401026  0.32470167  0.32470167  0.39110323  0.39110323  0.38419129  0.44136356  0.44136356  0.37734267  0.39807968  0.37734267  0.35055890  0.31837473  0.28751918  0.29970900  0.30587927  0.31210089  0.30587927  0.35055890  0.36383084  0.35055890  0.35055890  0.33108261  0.32470167  0.31837473  0.31837473  0.33751849  0.29970900  0.38419129  0.37055622  0.37734267  0.38419129  0.37734267  0.35716541  0.35055890  0.38419129  0.40512185  0.31210089  0.35055890  0.35055890  0.34401026  0.29970900  0.29358924  0.28751918  0.28751918  0.31210089  0.31210089  0.29358924  0.28751918  0.28751918  0.29358924  0.34401026  0.39110323  0.39110323  0.33108261  0.33108261  0.33751849  0.33751849  0.31837473  0.34401026  0.34401026  0.34401026  0.35716541  0.37734267  0.38419129  0.35716541  0.34401026  0.33751849  0.34401026  0.33108261  0.33108261  0.34401026  0.35055890  0.35716541  0.35716541  0.35716541  0.33108261  0.37055622  0.36383084  0.35716541  0.33751849  0.36383084  0.36383084  0.37055622  0.38419129  0.38419129  0.36383084  0.36383084  0.33751849  0.33108261  0.37734267  0.37734267  0.38419129  0.35055890  0.36383084  0.35055890  0.32470167  0.32470167  0.33751849  0.33751849  0.33108261  0.36383084  
53_6_0     0.28149801  0.30587927  0.29970900  0.30587927  0.29970900  0.37734267  0.33108261  0.20734019  0.17544655  0.18066855  0.13987957  0.13493395  0.13987957  0.14485813  0.02937630  0.02510834  0.03366876  0.00000000  0.28751918  0.29358924  0.28149801  0.29358924  0.28751918  0.24635523  0.25788690  0.25788690  0.25788690  0.25788690  0.26959924  0.28751918  0.31210089  0.24065543  0.28149801  0.28751918  0.21828112  0.26372013  0.26372013  0.24635523  0.25788690  0.24065543  0.24635523  0.26372013  0.25788690  0.28751918  0.24065543  0.25788690  0.28751918  0.37734267  0.35716541  0.37055622  0.34401026  0.34401026  0.32470167  0.32470167  0.38419129  0.37055622  0.37734267  0.43397329  0.43397329  0.35716541  0.37734267  0.37734267  0.37734267  0.32470167  0.29970900  0.29970900  0.30587927  0.29970900  0.30587927  0.35055890  0.36383084  0.36383084  0.33751849  0.31837473  0.31210089  0.31837473  0.30587927  0.31210089  0.31210089  0.37055622  0.38419129  0.37734267  0.37734267  0.37055622  0.35055890  0.34401026  0.39110323  0.39807968  0.30587927  0.34401026  0.34401026  0.35055890  0.31837473  0.31837473  0.29358924  0.29358924  0.31837473  0.30587927  0.29970900  0.30587927  0.30587927  0.31210089  0.33751849  0.39807968  0.41223099  0.36383084  0.35055890  0.34401026  0.37055622  0.35055890  0.35055890  0.36383084  0.36383084  0.37055622  0.38419129  0.39110323  0.37055622  0.35716541  0.35055890  0.35716541  0.34401026  0.34401026  0.36383084  0.38419129  0.39110323  0.39110323  0.38419129  0.34401026  0.37055622  0.37734267  0.36383084  0.36383084  0.34401026  0.39110323  0.36383084  0.37055622  0.37055622  0.36383084  0.36383084  0.35055890  0.34401026  0.37734267  0.37734267  0.38419129  0.35055890  0.36383084  0.36383084  0.33751849  0.34401026  0.35055890  0.35055890  0.34401026  0.37734267  
18_0_0     0.18066855  0.19122329  0.21279064  0.22381223  0.26372013  0.31210089  0.29970900  0.30587927  0.30587927  0.29358924  0.24635523  0.24065543  0.24065543  0.23499876  0.28751918  0.28149801  0.28751918  0.28751918  0.00000000  0.02086462  0.04669604  0.07800608  0.03366876  0.09650450  0.11068504  0.11547231  0.09183680  0.09183680  0.08258795  0.12029042  0.19655707  0.14485813  0.16511071  0.16511071  0.15491584  0.19122329  0.18592729  0.20192919  0.20192919  0.21279064  0.20734019  0.17026077  0.16511071  0.21828112  0.24635523  0.24635523  0.22381223  0.34401026  0.28751918  0.33108261  0.28751918  0.28751918  0.27552495  0.27552495  0.32470167  0.33751849  0.33751849  0.33751849  0.33751849  0.28149801  0.26372013  0.31837473  0.33751849  0.34401026  0.28149801  0.29358924  0.29970900  0.30587927  0.29358924  0.36383084  0.35716541  0.33751849  0.35055890  0.32470167  0.34401026  0.33108261  0.32470167  0.28751918  0.31210089  0.30587927  0.29358924  0.25788690  0.24635523  0.23499876  0.21828112  0.23499876  0.22381223  0.25209883  0.21279064  0.24635523  0.24635523  0.24065543  0.35716541  0.33751849  0.27552495  0.31210089  0.27552495  0.27552495  0.28149801  0.31837473  0.31210089  0.33108261  0.29358924  0.33108261  0.33108261  0.31837473  0.31837473  0.31210089  0.31210089  0.29358924  0.32470167  0.32470167  0.32470167  0.35055890  0.32470167  0.29970900  0.29970900  0.27552495  0.26372013  0.25209883  0.24635523  0.26372013  0.27552495  0.27552495  0.28149801  0.28149801  0.25209883  0.27552495  0.31210089  0.29970900  0.28751918  0.30587927  0.33751849  0.39110323  0.35716541  0.35055890  0.35055890  0.29358924  0.29358924  0.28751918  0.25788690  0.31210089  0.31210089  0.31837473  0.30587927  0.31210089  0.27552495  0.28751918  0.27552495  0.30587927  0.28149801  0.26959924  0.27552495  
22_0_0     0.18592729  0.19122329  0.21279064  0.22381223  0.26959924  0.31837473  0.30587927  0.29970900  0.29970900  0.28751918  0.24065543  0.23499876  0.23499876  0.22938457  0.29358924  0.28751918  0.29358924  0.29358924  0.02086462  0.00000000  0.03366876  0.06442661  0.02086462  0.08258795  0.09650450  0.10120152  0.07800608  0.07800608  0.06892574  0.10592824  0.19655707  0.13987957  0.15999590  0.17026077  0.17026077  0.19655707  0.19122329  0.20734019  0.20734019  0.21828112  0.21279064  0.18066855  0.17544655  0.23499876  0.24065543  0.25209883  0.22938457  0.33751849  0.28149801  0.33751849  0.28149801  0.28149801  0.28149801  0.28149801  0.32470167  0.34401026  0.33751849  0.33108261  0.33108261  0.28751918  0.26959924  0.31210089  0.30587927  0.33751849  0.27552495  0.28751918  0.29358924  0.29970900  0.27552495  0.36383084  0.35055890  0.34401026  0.33108261  0.31837473  0.33751849  0.32470167  0.31210089  0.27552495  0.29358924  0.31210089  0.29970900  0.24635523  0.23499876  0.22381223  0.23499876  0.25209883  0.23499876  0.26959924  0.22938457  0.25209883  0.25209883  0.24635523  0.37734267  0.35716541  0.29358924  0.33108261  0.29358924  0.29358924  0.29970900  0.33751849  0.33108261  0.35055890  0.30587927  0.33751849  0.33751849  0.32470167  0.32470167  0.31837473  0.31837473  0.29970900  0.33108261  0.33108261  0.33108261  0.35055890  0.31837473  0.29358924  0.29358924  0.25788690  0.24635523  0.23499876  0.22938457  0.24635523  0.25788690  0.25788690  0.26372013  0.26372013  0.23499876  0.26959924  0.29358924  0.28149801  0.25788690  0.27552495  0.31837473  0.37734267  0.32470167  0.31837473  0.31837473  0.27552495  0.27552495  0.28149801  0.25209883  0.30587927  0.30587927  0.31210089  0.29970900  0.30587927  0.24635523  0.25788690  0.25788690  0.28751918  0.25209883  0.24065543  0.24635523  
61_0_0     0.16511071  0.18066855  0.20192919  0.20734019  0.26959924  0.31837473  0.30587927  0.28751918  0.27552495  0.26372013  0.20734019  0.20192919  0.20192919  0.19655707  0.26959924  0.27552495  0.28149801  0.28149801  0.04669604  0.03366876  0.00000000  0.05550876  0.01244876  0.08719807  0.10592824  0.10592824  0.09183680  0.09183680  0.07345212  0.11068504  0.20734019  0.14987007  0.14485813  0.15491584  0.15999590  0.19655707  0.19122329  0.19122329  0.19122329  0.20734019  0.20192919  0.17026077  0.16511071  0.23499876  0.25209883  0.26372013  0.20734019  0.33751849  0.28149801  0.33751849  0.28149801  0.28149801  0.26959924  0.26959924  0.33108261  0.32470167  0.31837473  0.31210089  0.31210089  0.29358924  0.28751918  0.30587927  0.29358924  0.31210089  0.24635523  0.25788690  0.26372013  0.26959924  0.24635523  0.34401026  0.33108261  0.32470167  0.31837473  0.30587927  0.30587927  0.31210089  0.29970900  0.27552495  0.26372013  0.28751918  0.29358924  0.24635523  0.21279064  0.22381223  0.21279064  0.22938457  0.22938457  0.25788690  0.21828112  0.24065543  0.24065543  0.23499876  0.36383084  0.33751849  0.29358924  0.31837473  0.29358924  0.28149801  0.28751918  0.32470167  0.31837473  0.33751849  0.28149801  0.35055890  0.35055890  0.31210089  0.31210089  0.30587927  0.30587927  0.28751918  0.33108261  0.31837473  0.31837473  0.34401026  0.31837473  0.29358924  0.29358924  0.25788690  0.24635523  0.23499876  0.24065543  0.24635523  0.25788690  0.25788690  0.27552495  0.27552495  0.24635523  0.26959924  0.29358924  0.28149801  0.25788690  0.26372013  0.29358924  0.35716541  0.29970900  0.29970900  0.29970900  0.28149801  0.28149801  0.28149801  0.25788690  0.29970900  0.29970900  0.30587927  0.29358924  0.29970900  0.24065543  0.25209883  0.24065543  0.28751918  0.26372013  0.25209883  0.25788690  
