164
18_0_0     0.00000000  0.08577380  0.17559869  0.17559869  0.15386696  0.33067145  0.32163392  0.45964392  0.47057705  0.45964392  0.45964392  0.47057705  0.47057705  0.44887216  0.49294733  0.47057705  0.49294733  0.49294733  0.48167648  0.47057705  0.43825710  0.43825710  0.50439500  0.51602510  0.47057705  0.47057705  0.47057705  0.47057705  0.45964392  0.51602510  0.51602510  0.51602510  0.50439500  0.49294733  0.44887216  0.44887216  0.42779423  0.41747925  0.48167648  0.38738128  0.41747925  0.43825710  0.39727665  0.37761830  0.50439500  0.43825710  0.45964392  0.42779423  0.45964392  0.41747925  0.47057705  0.44887216  0.44887216  0.50439500  0.70194459  0.78178121  0.73283923  0.73283923  0.83424297  0.51602510  0.57712975  0.67230493  0.57712975  0.65792464  0.65792464  0.58998955  0.71722844  0.71722844  0.71722844  0.74879129  0.73283923  0.65792464  0.78178121  0.71722844  0.68697429  0.81633339  0.85260317  0.71722844  0.44887216  0.47057705  0.49294733  0.49294733  0.56449264  0.50439500  0.49294733  0.50439500  0.47057705  0.45964392  0.47057705  0.47057705  0.52784356  0.52784356  0.52784356  0.52784356  0.53985657  0.55207065  0.48167648  0.47057705  0.45964392  0.49294733  0.51602510  0.49294733  0.49294733  0.53985657  0.51602510  0.56449264  0.52784356  0.52784356  0.49294733  0.50439500  0.61640963  0.56449264  0.57712975  0.57712975  0.57712975  0.56449264  0.55207065  0.55207065  0.52784356  0.55207065  0.55207065  0.60308003  0.58998955  0.57712975  0.57712975  0.60308003  0.60308003  0.61640963  0.62998724  0.61640963  0.60308003  0.62998724  0.48167648  0.48167648  0.48167648  0.48167648  0.48167648  0.48167648  0.52784356  0.56449264  0.50439500  0.51602510  0.51602510  0.52784356  0.51602510  0.49294733  0.56449264  0.56449264  0.55207065  0.55207065  0.56449264  0.49294733  0.48167648  0.48167648  0.47057705  0.44887216  0.50439500  0.51602510  0.50439500  0.49294733  0.49294733  0.57712975  0.62998724  0.61640963  
18_12_0    0.08577380  0.00000000  0.13973054  0.13973054  0.10554303  0.33067145  0.33982231  0.43825710  0.44887216  0.43825710  0.43825710  0.42779423  0.40730804  0.38738128  0.49294733  0.47057705  0.49294733  0.49294733  0.48167648  0.49294733  0.45964392  0.50439500  0.52784356  0.51602510  0.49294733  0.49294733  0.44887216  0.44887216  0.45964392  0.53985657  0.52784356  0.52784356  0.49294733  0.52784356  0.43825710  0.43825710  0.41747925  0.38738128  0.43825710  0.37761830  0.40730804  0.42779423  0.40730804  0.38738128  0.47057705  0.44887216  0.40730804  0.43825710  0.44887216  0.40730804  0.42779423  0.44887216  0.51602510  0.51602510  0.67230493  0.71722844  0.70194459  0.67230493  0.74879129  0.53985657  0.56449264  0.62998724  0.53985657  0.61640963  0.61640963  0.58998955  0.67230493  0.67230493  0.70194459  0.71722844  0.70194459  0.61640963  0.67230493  0.64382226  0.61640963  0.67230493  0.73283923  0.65792464  0.45964392  0.50439500  0.48167648  0.48167648  0.55207065  0.49294733  0.50439500  0.49294733  0.45964392  0.44887216  0.43825710  0.45964392  0.51602510  0.51602510  0.51602510  0.51602510  0.52784356  0.53985657  0.42779423  0.50439500  0.51602510  0.52784356  0.52784356  0.48167648  0.48167648  0.55207065  0.52784356  0.53985657  0.52784356  0.50439500  0.51602510  0.50439500  0.61640963  0.61640963  0.62998724  0.60308003  0.60308003  0.61640963  0.62998724  0.62998724  0.57712975  0.48167648  0.48167648  0.52784356  0.51602510  0.50439500  0.50439500  0.62998724  0.62998724  0.64382226  0.62998724  0.64382226  0.60308003  0.65792464  0.47057705  0.47057705  0.49294733  0.47057705  0.47057705  0.47057705  0.56449264  0.60308003  0.53985657  0.55207065  0.55207065  0.56449264  0.60308003  0.45964392  0.52784356  0.52784356  0.51602510  0.51602510  0.49294733  0.51602510  0.50439500  0.50439500  0.51602510  0.51602510  0.50439500  0.51602510  0.50439500  0.49294733  0.49294733  0.60308003  0.61640963  0.56449264  
50_0_0     0.17559869  0.13973054  0.00000000  0.00000000  0.06022128  0.29517405  0.30388784  0.47057705  0.45964392  0.44887216  0.44887216  0.43825710  0.43825710  0.39727665  0.41747925  0.39727665  0.41747925  0.41747925  0.40730804  0.40730804  0.36798420  0.40730804  0.50439500  0.51602510  0.49294733  0.48167648  0.41747925  0.41747925  0.42779423  0.48167648  0.47057705  0.47057705  0.48167648  0.51602510  0.42779423  0.39727665  0.37761830  0.38738128  0.42779423  0.39727665  0.40730804  0.41747925  0.38738128  0.38738128  0.40730804  0.47057705  0.44887216  0.47057705  0.50439500  0.38738128  0.44887216  0.44887216  0.43825710  0.51602510  0.71722844  0.78178121  0.73283923  0.67230493  0.73283923  0.61640963  0.53985657  0.62998724  0.53985657  0.57712975  0.60308003  0.56449264  0.68697429  0.68697429  0.68697429  0.73283923  0.71722844  0.57712975  0.65792464  0.71722844  0.68697429  0.71722844  0.81633339  0.62998724  0.47057705  0.47057705  0.45964392  0.45964392  0.55207065  0.44887216  0.45964392  0.44887216  0.47057705  0.48167648  0.48167648  0.43825710  0.51602510  0.51602510  0.51602510  0.51602510  0.49294733  0.50439500  0.43825710  0.44887216  0.52784356  0.53985657  0.53985657  0.49294733  0.49294733  0.51602510  0.49294733  0.50439500  0.48167648  0.44887216  0.48167648  0.45964392  0.58998955  0.55207065  0.56449264  0.55207065  0.55207065  0.52784356  0.53985657  0.53985657  0.51602510  0.45964392  0.45964392  0.50439500  0.49294733  0.48167648  0.48167648  0.53985657  0.53985657  0.55207065  0.51602510  0.52784356  0.56449264  0.56449264  0.43825710  0.43825710  0.43825710  0.43825710  0.43825710  0.45964392  0.52784356  0.53985657  0.48167648  0.49294733  0.51602510  0.52784356  0.51602510  0.40730804  0.47057705  0.47057705  0.45964392  0.45964392  0.47057705  0.52784356  0.51602510  0.51602510  0.52784356  0.52784356  0.49294733  0.50439500  0.49294733  0.48167648  0.48167648  0.56449264  0.64382226  0.58998955  
24_0_0     0.17559869  0.13973054  0.00000000  0.00000000  0.06022128  0.29517405  0.30388784  0.47057705  0.45964392  0.44887216  0.44887216  0.43825710  0.43825710  0.39727665  0.41747925  0.39727665  0.41747925  0.41747925  0.40730804  0.40730804  0.36798420  0.40730804  0.50439500  0.51602510  0.49294733  0.48167648  0.41747925  0.41747925  0.42779423  0.48167648  0.47057705  0.47057705  0.48167648  0.51602510  0.42779423  0.39727665  0.37761830  0.38738128  0.42779423  0.39727665  0.40730804  0.41747925  0.38738128  0.38738128  0.40730804  0.47057705  0.44887216  0.47057705  0.50439500  0.38738128  0.44887216  0.44887216  0.43825710  0.51602510  0.71722844  0.78178121  0.73283923  0.67230493  0.73283923  0.61640963  0.53985657  0.62998724  0.53985657  0.57712975  0.60308003  0.56449264  0.68697429  0.68697429  0.68697429  0.73283923  0.71722844  0.57712975  0.65792464  0.71722844  0.68697429  0.71722844  0.81633339  0.62998724  0.47057705  0.47057705  0.45964392  0.45964392  0.55207065  0.44887216  0.45964392  0.44887216  0.47057705  0.48167648  0.48167648  0.43825710  0.51602510  0.51602510  0.51602510  0.51602510  0.49294733  0.50439500  0.43825710  0.44887216  0.52784356  0.53985657  0.53985657  0.49294733  0.49294733  0.51602510  0.49294733  0.50439500  0.48167648  0.44887216  0.48167648  0.45964392  0.58998955  0.55207065  0.56449264  0.55207065  0.55207065  0.52784356  0.53985657  0.53985657  0.51602510  0.45964392  0.45964392  0.50439500  0.49294733  0.48167648  0.48167648  0.53985657  0.53985657  0.55207065  0.51602510  0.52784356  0.56449264  0.56449264  0.43825710  0.43825710  0.43825710  0.43825710  0.43825710  0.45964392  0.52784356  0.53985657  0.48167648  0.49294733  0.51602510  0.52784356  0.51602510  0.40730804  0.47057705  0.47057705  0.45964392  0.45964392  0.47057705  0.52784356  0.51602510  0.51602510  0.52784356  0.52784356  0.49294733  0.50439500  0.49294733  0.48167648  0.48167648  0.56449264  0.64382226  0.58998955  
42_0_0     0.15386696  0.10554303  0.06022128  0.06022128  0.00000000  0.32163392  0.27805253  0.44887216  0.44887216  0.43825710  0.43825710  0.42779423  0.41747925  0.36798420  0.47057705  0.44887216  0.47057705  0.47057705  0.45964392  0.42779423  0.38738128  0.44887216  0.49294733  0.48167648  0.45964392  0.48167648  0.42779423  0.44887216  0.45964392  0.49294733  0.48167648  0.48167648  0.45964392  0.50439500  0.39727665  0.41747925  0.39727665  0.40730804  0.41747925  0.40730804  0.41747925  0.45964392  0.44887216  0.43825710  0.43825710  0.44887216  0.40730804  0.44887216  0.45964392  0.36798420  0.40730804  0.42779423  0.41747925  0.51602510  0.74879129  0.81633339  0.76509984  0.73283923  0.71722844  0.61640963  0.51602510  0.61640963  0.48167648  0.53985657  0.56449264  0.56449264  0.67230493  0.67230493  0.67230493  0.74879129  0.73283923  0.58998955  0.61640963  0.64382226  0.61640963  0.61640963  0.70194459  0.62998724  0.44887216  0.44887216  0.41747925  0.41747925  0.50439500  0.44887216  0.45964392  0.44887216  0.45964392  0.45964392  0.45964392  0.47057705  0.50439500  0.50439500  0.50439500  0.50439500  0.50439500  0.51602510  0.44887216  0.48167648  0.53985657  0.53985657  0.53985657  0.49294733  0.49294733  0.51602510  0.50439500  0.57712975  0.51602510  0.51602510  0.55207065  0.52784356  0.56449264  0.61640963  0.62998724  0.61640963  0.61640963  0.58998955  0.60308003  0.60308003  0.56449264  0.50439500  0.50439500  0.55207065  0.53985657  0.52784356  0.52784356  0.61640963  0.58998955  0.61640963  0.60308003  0.61640963  0.64382226  0.64382226  0.43825710  0.43825710  0.44887216  0.43825710  0.43825710  0.44887216  0.56449264  0.56449264  0.50439500  0.51602510  0.53985657  0.55207065  0.55207065  0.42779423  0.50439500  0.50439500  0.49294733  0.49294733  0.49294733  0.53985657  0.52784356  0.52784356  0.53985657  0.53985657  0.52784356  0.51602510  0.50439500  0.49294733  0.49294733  0.55207065  0.64382226  0.57712975  
52_13_0    0.33067145  0.33067145  0.29517405  0.29517405  0.32163392  0.00000000  0.13973054  0.31270694  0.33982231  0.32163392  0.32163392  0.31270694  0.36798420  0.33067145  0.35847564  0.33982231  0.33982231  0.33982231  0.33982231  0.38738128  0.35847564  0.32163392  0.38738128  0.40730804  0.37761830  0.38738128  0.36798420  0.34908938  0.35847564  0.42779423  0.42779423  0.41747925  0.44887216  0.43825710  0.40730804  0.37761830  0.37761830  0.39727665  0.33982231  0.36798420  0.38738128  0.33982231  0.32163392  0.31270694  0.38738128  0.38738128  0.38738128  0.35847564  0.38738128  0.34908938  0.33982231  0.37761830  0.34908938  0.35847564  0.52784356  0.71722844  0.56449264  0.52784356  0.61640963  0.42779423  0.45964392  0.49294733  0.42779423  0.43825710  0.41747925  0.38738128  0.57712975  0.55207065  0.57712975  0.53985657  0.51602510  0.58998955  0.60308003  0.50439500  0.50439500  0.58998955  0.57712975  0.50439500  0.33982231  0.35847564  0.37761830  0.37761830  0.41747925  0.38738128  0.39727665  0.39727665  0.33982231  0.33982231  0.40730804  0.38738128  0.34908938  0.34908938  0.34908938  0.34908938  0.39727665  0.38738128  0.34908938  0.37761830  0.48167648  0.37761830  0.35847564  0.34908938  0.35847564  0.37761830  0.34908938  0.33982231  0.39727665  0.35847564  0.37761830  0.36798420  0.51602510  0.44887216  0.45964392  0.45964392  0.45964392  0.44887216  0.45964392  0.45964392  0.49294733  0.47057705  0.47057705  0.51602510  0.48167648  0.49294733  0.49294733  0.53985657  0.51602510  0.56449264  0.52784356  0.53985657  0.47057705  0.49294733  0.36798420  0.36798420  0.37761830  0.36798420  0.36798420  0.38738128  0.35847564  0.34908938  0.33982231  0.34908938  0.35847564  0.35847564  0.43825710  0.35847564  0.33982231  0.33982231  0.33067145  0.33067145  0.45964392  0.38738128  0.37761830  0.37761830  0.41747925  0.41747925  0.38738128  0.37761830  0.38738128  0.39727665  0.39727665  0.48167648  0.49294733  0.44887216  
52_0_0     0.32163392  0.33982231  0.30388784  0.30388784  0.27805253  0.13973054  0.00000000  0.38738128  0.39727665  0.39727665  0.39727665  0.38738128  0.36798420  0.34908938  0.39727665  0.37761830  0.37761830  0.37761830  0.39727665  0.33982231  0.31270694  0.34908938  0.36798420  0.34908938  0.37761830  0.39727665  0.40730804  0.40730804  0.41747925  0.38738128  0.40730804  0.41747925  0.42779423  0.41747925  0.38738128  0.40730804  0.40730804  0.40730804  0.38738128  0.31270694  0.31270694  0.38738128  0.34908938  0.37761830  0.44887216  0.35847564  0.37761830  0.33067145  0.35847564  0.29517405  0.30388784  0.32163392  0.32163392  0.45964392  0.58998955  0.70194459  0.64382226  0.61640963  0.64382226  0.49294733  0.43825710  0.48167648  0.42779423  0.42779423  0.40730804  0.41747925  0.51602510  0.56449264  0.61640963  0.52784356  0.52784356  0.52784356  0.53985657  0.49294733  0.47057705  0.52784356  0.51602510  0.51602510  0.36798420  0.38738128  0.38738128  0.38738128  0.44887216  0.41747925  0.40730804  0.40730804  0.34908938  0.34908938  0.38738128  0.36798420  0.36798420  0.36798420  0.36798420  0.36798420  0.43825710  0.42779423  0.39727665  0.39727665  0.47057705  0.37761830  0.39727665  0.40730804  0.39727665  0.37761830  0.37761830  0.47057705  0.47057705  0.40730804  0.42779423  0.41747925  0.53985657  0.50439500  0.51602510  0.51602510  0.51602510  0.50439500  0.49294733  0.49294733  0.53985657  0.50439500  0.50439500  0.55207065  0.53985657  0.52784356  0.52784356  0.47057705  0.44887216  0.49294733  0.45964392  0.47057705  0.51602510  0.51602510  0.32163392  0.32163392  0.31270694  0.32163392  0.32163392  0.35847564  0.36798420  0.41747925  0.40730804  0.41747925  0.40730804  0.42779423  0.41747925  0.34908938  0.42779423  0.42779423  0.41747925  0.41747925  0.41747925  0.44887216  0.45964392  0.45964392  0.47057705  0.47057705  0.44887216  0.43825710  0.47057705  0.45964392  0.45964392  0.49294733  0.56449264  0.49294733  
16_0_0     0.45964392  0.43825710  0.47057705  0.47057705  0.44887216  0.31270694  0.38738128  0.00000000  0.02349559  0.01165324  0.01755040  0.01755040  0.10554303  0.09230422  0.11225361  0.12586276  0.11225361  0.11225361  0.10554303  0.17559869  0.19799748  0.19045457  0.17559869  0.19045457  0.16828263  0.20561917  0.19045457  0.19045457  0.19045457  0.40730804  0.38738128  0.37761830  0.38738128  0.43825710  0.41747925  0.41747925  0.42779423  0.40730804  0.32163392  0.40730804  0.40730804  0.35847564  0.34908938  0.32163392  0.39727665  0.35847564  0.39727665  0.39727665  0.42779423  0.37761830  0.33982231  0.38738128  0.37761830  0.33067145  0.47057705  0.58998955  0.53985657  0.51602510  0.52784356  0.45964392  0.43825710  0.47057705  0.47057705  0.47057705  0.45964392  0.38738128  0.55207065  0.56449264  0.57712975  0.52784356  0.51602510  0.50439500  0.55207065  0.52784356  0.51602510  0.52784356  0.52784356  0.48167648  0.38738128  0.40730804  0.38738128  0.38738128  0.41747925  0.39727665  0.40730804  0.40730804  0.43825710  0.42779423  0.43825710  0.43825710  0.45964392  0.45964392  0.45964392  0.45964392  0.36798420  0.35847564  0.36798420  0.34908938  0.43825710  0.41747925  0.40730804  0.37761830  0.38738128  0.39727665  0.36798420  0.47057705  0.51602510  0.45964392  0.48167648  0.49294733  0.42779423  0.45964392  0.47057705  0.45964392  0.44887216  0.43825710  0.45964392  0.43825710  0.40730804  0.43825710  0.43825710  0.45964392  0.44887216  0.43825710  0.43825710  0.37761830  0.37761830  0.38738128  0.38738128  0.39727665  0.49294733  0.48167648  0.43825710  0.43825710  0.47057705  0.43825710  0.43825710  0.44887216  0.40730804  0.45964392  0.44887216  0.45964392  0.47057705  0.45964392  0.49294733  0.45964392  0.42779423  0.42779423  0.41747925  0.41747925  0.52784356  0.40730804  0.42779423  0.42779423  0.43825710  0.43825710  0.40730804  0.39727665  0.43825710  0.41747925  0.41747925  0.47057705  0.48167648  0.42779423  
76_0_0     0.47057705  0.44887216  0.45964392  0.45964392  0.44887216  0.33982231  0.39727665  0.02349559  0.00000000  0.01165324  0.01755040  0.01755040  0.11902646  0.09230422  0.11225361  0.13973054  0.12586276  0.12586276  0.10554303  0.19045457  0.21332131  0.20561917  0.19799748  0.21332131  0.19045457  0.22897382  0.19045457  0.20561917  0.20561917  0.42779423  0.40730804  0.39727665  0.42779423  0.45964392  0.41747925  0.41747925  0.42779423  0.40730804  0.32163392  0.38738128  0.38738128  0.35847564  0.34908938  0.33982231  0.41747925  0.39727665  0.43825710  0.43825710  0.47057705  0.38738128  0.34908938  0.39727665  0.38738128  0.36798420  0.47057705  0.53985657  0.51602510  0.49294733  0.52784356  0.50439500  0.41747925  0.44887216  0.44887216  0.44887216  0.43825710  0.37761830  0.53985657  0.52784356  0.53985657  0.49294733  0.48167648  0.51602510  0.53985657  0.51602510  0.50439500  0.53985657  0.51602510  0.47057705  0.34908938  0.36798420  0.34908938  0.34908938  0.37761830  0.35847564  0.36798420  0.36798420  0.41747925  0.42779423  0.43825710  0.41747925  0.43825710  0.43825710  0.43825710  0.43825710  0.34908938  0.33982231  0.34908938  0.33067145  0.41747925  0.43825710  0.42779423  0.39727665  0.40730804  0.39727665  0.36798420  0.44887216  0.49294733  0.43825710  0.43825710  0.44887216  0.43825710  0.44887216  0.45964392  0.44887216  0.43825710  0.42779423  0.44887216  0.42779423  0.41747925  0.44887216  0.44887216  0.47057705  0.45964392  0.44887216  0.44887216  0.38738128  0.38738128  0.37761830  0.37761830  0.38738128  0.50439500  0.49294733  0.44887216  0.44887216  0.45964392  0.44887216  0.44887216  0.43825710  0.41747925  0.47057705  0.45964392  0.47057705  0.48167648  0.47057705  0.48167648  0.49294733  0.43825710  0.43825710  0.42779423  0.42779423  0.53985657  0.42779423  0.44887216  0.44887216  0.45964392  0.45964392  0.42779423  0.41747925  0.45964392  0.43825710  0.43825710  0.49294733  0.48167648  0.44887216  
35_0_0     0.45964392  0.43825710  0.44887216  0.44887216  0.43825710  0.32163392  0.39727665  0.01165324  0.01165324  0.00000000  0.00580336  0.00580336  0.10554303  0.07930131  0.09889361  0.12586276  0.11225361  0.11225361  0.09230422  0.17559869  0.19799748  0.19045457  0.18298883  0.19799748  0.17559869  0.21332131  0.17559869  0.19045457  0.19045457  0.40730804  0.38738128  0.37761830  0.40730804  0.43825710  0.39727665  0.41747925  0.42779423  0.40730804  0.32163392  0.38738128  0.38738128  0.35847564  0.34908938  0.33982231  0.41747925  0.37761830  0.41747925  0.41747925  0.44887216  0.36798420  0.33067145  0.37761830  0.36798420  0.34908938  0.47057705  0.56449264  0.53985657  0.51602510  0.52784356  0.48167648  0.42779423  0.47057705  0.47057705  0.47057705  0.45964392  0.39727665  0.56449264  0.55207065  0.56449264  0.51602510  0.50439500  0.51602510  0.56449264  0.53985657  0.52784356  0.53985657  0.53985657  0.49294733  0.36798420  0.38738128  0.36798420  0.36798420  0.39727665  0.37761830  0.38738128  0.38738128  0.43825710  0.44887216  0.45964392  0.43825710  0.45964392  0.45964392  0.45964392  0.45964392  0.34908938  0.33982231  0.34908938  0.33067145  0.41747925  0.43825710  0.42779423  0.39727665  0.40730804  0.39727665  0.36798420  0.44887216  0.49294733  0.43825710  0.45964392  0.47057705  0.42779423  0.45964392  0.47057705  0.45964392  0.44887216  0.43825710  0.45964392  0.43825710  0.42779423  0.45964392  0.45964392  0.48167648  0.47057705  0.45964392  0.45964392  0.39727665  0.39727665  0.38738128  0.38738128  0.39727665  0.51602510  0.50439500  0.43825710  0.43825710  0.44887216  0.43825710  0.43825710  0.42779423  0.40730804  0.45964392  0.44887216  0.45964392  0.47057705  0.45964392  0.47057705  0.48167648  0.42779423  0.42779423  0.41747925  0.41747925  0.52784356  0.42779423  0.44887216  0.44887216  0.45964392  0.45964392  0.42779423  0.41747925  0.45964392  0.43825710  0.43825710  0.49294733  0.50439500  0.44887216  
2_0_0      0.45964392  0.43825710  0.44887216  0.44887216  0.43825710  0.32163392  0.39727665  0.01755040  0.01755040  0.00580336  0.00000000  0.01165324  0.10554303  0.08577380  0.10554303  0.13276371  0.11902646  0.11902646  0.09889361  0.18298883  0.20561917  0.19799748  0.19045457  0.20561917  0.18298883  0.22110560  0.18298883  0.19799748  0.19799748  0.39727665  0.37761830  0.36798420  0.39727665  0.43825710  0.39727665  0.41747925  0.42779423  0.40730804  0.32163392  0.38738128  0.38738128  0.35847564  0.34908938  0.34908938  0.41747925  0.37761830  0.41747925  0.41747925  0.44887216  0.36798420  0.33067145  0.37761830  0.36798420  0.34908938  0.47057705  0.56449264  0.53985657  0.51602510  0.52784356  0.48167648  0.43825710  0.47057705  0.47057705  0.47057705  0.45964392  0.39727665  0.56449264  0.55207065  0.56449264  0.51602510  0.50439500  0.51602510  0.56449264  0.53985657  0.52784356  0.53985657  0.53985657  0.49294733  0.36798420  0.38738128  0.36798420  0.36798420  0.39727665  0.37761830  0.38738128  0.38738128  0.43825710  0.44887216  0.45964392  0.43825710  0.45964392  0.45964392  0.45964392  0.45964392  0.34908938  0.33982231  0.34908938  0.33067145  0.41747925  0.43825710  0.42779423  0.39727665  0.40730804  0.39727665  0.36798420  0.44887216  0.49294733  0.43825710  0.45964392  0.47057705  0.42779423  0.45964392  0.47057705  0.45964392  0.44887216  0.43825710  0.45964392  0.43825710  0.42779423  0.45964392  0.45964392  0.48167648  0.47057705  0.45964392  0.45964392  0.39727665  0.39727665  0.38738128  0.38738128  0.39727665  0.51602510  0.50439500  0.43825710  0.43825710  0.44887216  0.43825710  0.43825710  0.42779423  0.40730804  0.45964392  0.44887216  0.45964392  0.47057705  0.45964392  0.47057705  0.48167648  0.42779423  0.42779423  0.41747925  0.41747925  0.52784356  0.43825710  0.45964392  0.45964392  0.47057705  0.47057705  0.43825710  0.42779423  0.47057705  0.44887216  0.44887216  0.50439500  0.51602510  0.45964392  
51_0_0     0.47057705  0.42779423  0.43825710  0.43825710  0.42779423  0.31270694  0.38738128  0.01755040  0.01755040  0.00580336  0.01165324  0.00000000  0.09889361  0.07288571  0.10554303  0.13276371  0.11902646  0.11902646  0.09889361  0.18298883  0.20561917  0.19799748  0.19045457  0.20561917  0.18298883  0.22110560  0.18298883  0.19799748  0.19799748  0.39727665  0.37761830  0.36798420  0.39727665  0.42779423  0.38738128  0.40730804  0.41747925  0.39727665  0.31270694  0.37761830  0.37761830  0.34908938  0.33982231  0.33067145  0.40730804  0.36798420  0.40730804  0.40730804  0.43825710  0.35847564  0.32163392  0.36798420  0.35847564  0.35847564  0.48167648  0.57712975  0.55207065  0.52784356  0.53985657  0.47057705  0.41747925  0.45964392  0.45964392  0.45964392  0.44887216  0.38738128  0.55207065  0.53985657  0.55207065  0.50439500  0.49294733  0.50439500  0.55207065  0.52784356  0.51602510  0.55207065  0.55207065  0.48167648  0.37761830  0.39727665  0.37761830  0.37761830  0.40730804  0.38738128  0.39727665  0.39727665  0.42779423  0.43825710  0.44887216  0.42779423  0.44887216  0.44887216  0.44887216  0.44887216  0.33982231  0.33067145  0.33982231  0.32163392  0.42779423  0.44887216  0.43825710  0.40730804  0.41747925  0.38738128  0.35847564  0.43825710  0.48167648  0.42779423  0.44887216  0.45964392  0.41747925  0.47057705  0.48167648  0.47057705  0.45964392  0.44887216  0.47057705  0.44887216  0.43825710  0.44887216  0.44887216  0.47057705  0.45964392  0.44887216  0.44887216  0.40730804  0.40730804  0.39727665  0.39727665  0.40730804  0.52784356  0.51602510  0.44887216  0.44887216  0.45964392  0.44887216  0.44887216  0.41747925  0.41747925  0.47057705  0.45964392  0.47057705  0.48167648  0.47057705  0.48167648  0.47057705  0.41747925  0.41747925  0.40730804  0.40730804  0.51602510  0.43825710  0.45964392  0.45964392  0.47057705  0.47057705  0.41747925  0.40730804  0.44887216  0.42779423  0.42779423  0.50439500  0.49294733  0.43825710  
74_0_0     0.47057705  0.40730804  0.43825710  0.43825710  0.41747925  0.36798420  0.36798420  0.10554303  0.11902646  0.10554303  0.10554303  0.09889361  0.00000000  0.06022128  0.13276371  0.16103920  0.14676452  0.14676452  0.13973054  0.19045457  0.19799748  0.20561917  0.22110560  0.21332131  0.20561917  0.25310067  0.21332131  0.22897382  0.22897382  0.43825710  0.39727665  0.40730804  0.41747925  0.45964392  0.42779423  0.42779423  0.44887216  0.41747925  0.35847564  0.37761830  0.36798420  0.38738128  0.35847564  0.36798420  0.41747925  0.34908938  0.36798420  0.36798420  0.39727665  0.32163392  0.30388784  0.34908938  0.33982231  0.35847564  0.53985657  0.56449264  0.58998955  0.56449264  0.57712975  0.50439500  0.40730804  0.43825710  0.39727665  0.42779423  0.41747925  0.37761830  0.48167648  0.52784356  0.55207065  0.48167648  0.48167648  0.49294733  0.52784356  0.49294733  0.48167648  0.51602510  0.48167648  0.53985657  0.45964392  0.48167648  0.45964392  0.45964392  0.45964392  0.47057705  0.48167648  0.48167648  0.40730804  0.41747925  0.42779423  0.37761830  0.42779423  0.42779423  0.42779423  0.42779423  0.33067145  0.32163392  0.32163392  0.36798420  0.44887216  0.49294733  0.50439500  0.47057705  0.45964392  0.41747925  0.39727665  0.47057705  0.47057705  0.43825710  0.43825710  0.42779423  0.47057705  0.50439500  0.51602510  0.50439500  0.49294733  0.50439500  0.53985657  0.50439500  0.48167648  0.40730804  0.40730804  0.44887216  0.41747925  0.40730804  0.40730804  0.40730804  0.42779423  0.41747925  0.41747925  0.42779423  0.49294733  0.50439500  0.43825710  0.43825710  0.47057705  0.43825710  0.43825710  0.41747925  0.45964392  0.48167648  0.49294733  0.50439500  0.49294733  0.47057705  0.47057705  0.39727665  0.44887216  0.44887216  0.45964392  0.45964392  0.40730804  0.50439500  0.52784356  0.52784356  0.53985657  0.53985657  0.43825710  0.44887216  0.49294733  0.47057705  0.47057705  0.56449264  0.58998955  0.43825710  
70_0_0     0.44887216  0.38738128  0.39727665  0.39727665  0.36798420  0.33067145  0.34908938  0.09230422  0.09230422  0.07930131  0.08577380  0.07288571  0.06022128  0.00000000  0.11902646  0.14676452  0.13276371  0.13276371  0.11225361  0.16103920  0.15386696  0.17559869  0.20561917  0.19045457  0.18298883  0.19799748  0.16828263  0.18298883  0.18298883  0.44887216  0.38738128  0.37761830  0.40730804  0.41747925  0.37761830  0.41747925  0.42779423  0.43825710  0.32163392  0.35847564  0.33982231  0.36798420  0.33982231  0.34908938  0.37761830  0.37761830  0.37761830  0.39727665  0.40730804  0.31270694  0.29517405  0.32163392  0.33067145  0.41747925  0.53985657  0.58998955  0.58998955  0.56449264  0.52784356  0.51602510  0.41747925  0.49294733  0.41747925  0.42779423  0.41747925  0.39727665  0.56449264  0.56449264  0.60308003  0.52784356  0.51602510  0.50439500  0.55207065  0.53985657  0.52784356  0.51602510  0.53985657  0.51602510  0.38738128  0.40730804  0.38738128  0.38738128  0.41747925  0.39727665  0.40730804  0.40730804  0.35847564  0.36798420  0.37761830  0.32163392  0.39727665  0.39727665  0.39727665  0.39727665  0.34908938  0.33982231  0.31270694  0.33067145  0.42779423  0.43825710  0.44887216  0.39727665  0.40730804  0.40730804  0.37761830  0.40730804  0.47057705  0.45964392  0.43825710  0.42779423  0.45964392  0.50439500  0.51602510  0.50439500  0.49294733  0.50439500  0.52784356  0.50439500  0.44887216  0.43825710  0.43825710  0.45964392  0.47057705  0.45964392  0.45964392  0.43825710  0.45964392  0.42779423  0.42779423  0.43825710  0.51602510  0.52784356  0.42779423  0.42779423  0.43825710  0.42779423  0.42779423  0.39727665  0.43825710  0.51602510  0.50439500  0.51602510  0.52784356  0.51602510  0.48167648  0.38738128  0.39727665  0.39727665  0.38738128  0.38738128  0.43825710  0.49294733  0.51602510  0.51602510  0.52784356  0.52784356  0.42779423  0.43825710  0.48167648  0.45964392  0.45964392  0.53985657  0.55207065  0.43825710  
76_14_0    0.49294733  0.49294733  0.41747925  0.41747925  0.47057705  0.35847564  0.39727665  0.11225361  0.11225361  0.09889361  0.10554303  0.10554303  0.13276371  0.11902646  0.00000000  0.02349559  0.01165324  0.01165324  0.01755040  0.16103920  0.19799748  0.19045457  0.16828263  0.18298883  0.17559869  0.21332131  0.17559869  0.17559869  0.17559869  0.38738128  0.34908938  0.35847564  0.42779423  0.41747925  0.37761830  0.44887216  0.45964392  0.43825710  0.30388784  0.41747925  0.38738128  0.41747925  0.36798420  0.37761830  0.42779423  0.42779423  0.44887216  0.47057705  0.50439500  0.39727665  0.35847564  0.36798420  0.35847564  0.34908938  0.52784356  0.55207065  0.60308003  0.55207065  0.52784356  0.52784356  0.45964392  0.48167648  0.45964392  0.45964392  0.44887216  0.39727665  0.56449264  0.56449264  0.57712975  0.51602510  0.50439500  0.51602510  0.56449264  0.61640963  0.60308003  0.58998955  0.56449264  0.55207065  0.38738128  0.40730804  0.38738128  0.38738128  0.41747925  0.37761830  0.38738128  0.38738128  0.39727665  0.42779423  0.43825710  0.39727665  0.41747925  0.41747925  0.41747925  0.41747925  0.34908938  0.33982231  0.33067145  0.33067145  0.38738128  0.38738128  0.37761830  0.36798420  0.35847564  0.38738128  0.38738128  0.43825710  0.43825710  0.42779423  0.42779423  0.41747925  0.51602510  0.55207065  0.56449264  0.55207065  0.53985657  0.52784356  0.55207065  0.52784356  0.50439500  0.45964392  0.45964392  0.45964392  0.47057705  0.45964392  0.45964392  0.42779423  0.45964392  0.41747925  0.41747925  0.42779423  0.51602510  0.49294733  0.39727665  0.39727665  0.40730804  0.39727665  0.39727665  0.40730804  0.40730804  0.40730804  0.41747925  0.42779423  0.43825710  0.42779423  0.42779423  0.45964392  0.40730804  0.40730804  0.41747925  0.41747925  0.45964392  0.45964392  0.48167648  0.48167648  0.49294733  0.49294733  0.41747925  0.42779423  0.47057705  0.44887216  0.44887216  0.52784356  0.52784356  0.43825710  
35_14_0    0.47057705  0.47057705  0.39727665  0.39727665  0.44887216  0.33982231  0.37761830  0.12586276  0.13973054  0.12586276  0.13276371  0.13276371  0.16103920  0.14676452  0.02349559  0.00000000  0.01165324  0.01165324  0.02948962  0.14676452  0.18298883  0.17559869  0.16103920  0.18298883  0.17559869  0.21332131  0.17559869  0.16103920  0.16103920  0.36798420  0.33067145  0.33982231  0.41747925  0.39727665  0.37761830  0.42779423  0.43825710  0.41747925  0.28656308  0.41747925  0.38738128  0.39727665  0.36798420  0.37761830  0.40730804  0.38738128  0.40730804  0.42779423  0.45964392  0.39727665  0.35847564  0.36798420  0.35847564  0.33067145  0.51602510  0.56449264  0.58998955  0.53985657  0.51602510  0.50439500  0.48167648  0.47057705  0.44887216  0.47057705  0.45964392  0.39727665  0.53985657  0.53985657  0.55207065  0.53985657  0.52784356  0.49294733  0.53985657  0.58998955  0.57712975  0.56449264  0.53985657  0.52784356  0.39727665  0.41747925  0.39727665  0.39727665  0.42779423  0.38738128  0.39727665  0.39727665  0.38738128  0.41747925  0.43825710  0.38738128  0.40730804  0.40730804  0.40730804  0.40730804  0.35847564  0.34908938  0.33982231  0.33982231  0.39727665  0.37761830  0.36798420  0.35847564  0.34908938  0.37761830  0.37761830  0.43825710  0.43825710  0.40730804  0.40730804  0.39727665  0.52784356  0.53985657  0.55207065  0.53985657  0.52784356  0.51602510  0.53985657  0.51602510  0.49294733  0.44887216  0.44887216  0.44887216  0.45964392  0.44887216  0.44887216  0.41747925  0.44887216  0.40730804  0.40730804  0.41747925  0.50439500  0.48167648  0.40730804  0.40730804  0.41747925  0.40730804  0.40730804  0.41747925  0.39727665  0.41747925  0.42779423  0.43825710  0.44887216  0.43825710  0.43825710  0.44887216  0.40730804  0.40730804  0.41747925  0.41747925  0.47057705  0.41747925  0.43825710  0.43825710  0.44887216  0.44887216  0.41747925  0.42779423  0.44887216  0.42779423  0.42779423  0.50439500  0.52784356  0.41747925  
2_14_0     0.49294733  0.49294733  0.41747925  0.41747925  0.47057705  0.33982231  0.37761830  0.11225361  0.12586276  0.11225361  0.11902646  0.11902646  0.14676452  0.13276371  0.01165324  0.01165324  0.00000000  0.00000000  0.01755040  0.14676452  0.18298883  0.17559869  0.15386696  0.16828263  0.16103920  0.19799748  0.17559869  0.16103920  0.16103920  0.36798420  0.33067145  0.33982231  0.41747925  0.39727665  0.37761830  0.42779423  0.43825710  0.41747925  0.28656308  0.41747925  0.38738128  0.39727665  0.34908938  0.35847564  0.40730804  0.40730804  0.42779423  0.44887216  0.48167648  0.39727665  0.35847564  0.36798420  0.35847564  0.33067145  0.52784356  0.57712975  0.60308003  0.55207065  0.52784356  0.50439500  0.45964392  0.47057705  0.44887216  0.44887216  0.43825710  0.37761830  0.53985657  0.56449264  0.57712975  0.51602510  0.50439500  0.49294733  0.53985657  0.58998955  0.57712975  0.56449264  0.53985657  0.52784356  0.38738128  0.40730804  0.38738128  0.38738128  0.41747925  0.37761830  0.38738128  0.38738128  0.37761830  0.40730804  0.42779423  0.37761830  0.39727665  0.39727665  0.39727665  0.39727665  0.34908938  0.33982231  0.33067145  0.33067145  0.38738128  0.36798420  0.35847564  0.34908938  0.33982231  0.36798420  0.36798420  0.43825710  0.43825710  0.42779423  0.42779423  0.41747925  0.51602510  0.52784356  0.53985657  0.52784356  0.51602510  0.50439500  0.52784356  0.50439500  0.48167648  0.43825710  0.43825710  0.43825710  0.44887216  0.43825710  0.43825710  0.40730804  0.43825710  0.39727665  0.39727665  0.40730804  0.49294733  0.47057705  0.39727665  0.39727665  0.40730804  0.39727665  0.39727665  0.40730804  0.38738128  0.40730804  0.41747925  0.42779423  0.43825710  0.42779423  0.42779423  0.43825710  0.39727665  0.39727665  0.40730804  0.40730804  0.45964392  0.43825710  0.45964392  0.45964392  0.47057705  0.47057705  0.39727665  0.40730804  0.44887216  0.42779423  0.42779423  0.50439500  0.50439500  0.41747925  
51_14_0    0.49294733  0.49294733  0.41747925  0.41747925  0.47057705  0.33982231  0.37761830  0.11225361  0.12586276  0.11225361  0.11902646  0.11902646  0.14676452  0.13276371  0.01165324  0.01165324  0.00000000  0.00000000  0.01755040  0.14676452  0.18298883  0.17559869  0.15386696  0.16828263  0.16103920  0.19799748  0.17559869  0.16103920  0.16103920  0.36798420  0.33067145  0.33982231  0.41747925  0.39727665  0.37761830  0.42779423  0.43825710  0.41747925  0.28656308  0.41747925  0.38738128  0.39727665  0.34908938  0.35847564  0.40730804  0.40730804  0.42779423  0.44887216  0.48167648  0.39727665  0.35847564  0.36798420  0.35847564  0.33067145  0.52784356  0.57712975  0.60308003  0.55207065  0.52784356  0.50439500  0.45964392  0.47057705  0.44887216  0.44887216  0.43825710  0.37761830  0.53985657  0.56449264  0.57712975  0.51602510  0.50439500  0.49294733  0.53985657  0.58998955  0.57712975  0.56449264  0.53985657  0.52784356  0.38738128  0.40730804  0.38738128  0.38738128  0.41747925  0.37761830  0.38738128  0.38738128  0.37761830  0.40730804  0.42779423  0.37761830  0.39727665  0.39727665  0.39727665  0.39727665  0.34908938  0.33982231  0.33067145  0.33067145  0.38738128  0.36798420  0.35847564  0.34908938  0.33982231  0.36798420  0.36798420  0.43825710  0.43825710  0.42779423  0.42779423  0.41747925  0.51602510  0.52784356  0.53985657  0.52784356  0.51602510  0.50439500  0.52784356  0.50439500  0.48167648  0.43825710  0.43825710  0.43825710  0.44887216  0.43825710  0.43825710  0.40730804  0.43825710  0.39727665  0.39727665  0.40730804  0.49294733  0.47057705  0.39727665  0.39727665  0.40730804  0.39727665  0.39727665  0.40730804  0.38738128  0.40730804  0.41747925  0.42779423  0.43825710  0.42779423  0.42779423  0.43825710  0.39727665  0.39727665  0.40730804  0.40730804  0.45964392  0.43825710  0.45964392  0.45964392  0.47057705  0.47057705  0.39727665  0.40730804  0.44887216  0.42779423  0.42779423  0.50439500  0.50439500  0.41747925  
16_14_0    0.48167648  0.48167648  0.40730804  0.40730804  0.45964392  0.33982231  0.39727665  0.10554303  0.10554303  0.09230422  0.09889361  0.09889361  0.13973054  0.11225361  0.01755040  0.02948962  0.01755040  0.01755040  0.00000000  0.15386696  0.19045457  0.16828263  0.16103920  0.17559869  0.16828263  0.20561917  0.16828263  0.16828263  0.16828263  0.37761830  0.33982231  0.33067145  0.42779423  0.38738128  0.34908938  0.41747925  0.42779423  0.42779423  0.29517405  0.40730804  0.37761830  0.38738128  0.33982231  0.34908938  0.39727665  0.41747925  0.43825710  0.45964392  0.49294733  0.38738128  0.34908938  0.35847564  0.34908938  0.33982231  0.53985657  0.56449264  0.58998955  0.53985657  0.53985657  0.49294733  0.44887216  0.44887216  0.42779423  0.42779423  0.41747925  0.36798420  0.55207065  0.55207065  0.56449264  0.50439500  0.49294733  0.48167648  0.55207065  0.60308003  0.58998955  0.57712975  0.55207065  0.51602510  0.35847564  0.37761830  0.35847564  0.35847564  0.38738128  0.34908938  0.35847564  0.35847564  0.36798420  0.39727665  0.41747925  0.36798420  0.40730804  0.40730804  0.40730804  0.40730804  0.32163392  0.31270694  0.30388784  0.30388784  0.39727665  0.39727665  0.38738128  0.35847564  0.36798420  0.37761830  0.35847564  0.40730804  0.42779423  0.41747925  0.41747925  0.40730804  0.48167648  0.51602510  0.52784356  0.51602510  0.50439500  0.49294733  0.51602510  0.49294733  0.47057705  0.43825710  0.43825710  0.43825710  0.44887216  0.43825710  0.43825710  0.39727665  0.42779423  0.38738128  0.38738128  0.39727665  0.48167648  0.45964392  0.39727665  0.39727665  0.40730804  0.39727665  0.39727665  0.40730804  0.37761830  0.40730804  0.41747925  0.42779423  0.43825710  0.42779423  0.41747925  0.42779423  0.38738128  0.38738128  0.39727665  0.39727665  0.44887216  0.43825710  0.45964392  0.45964392  0.47057705  0.47057705  0.39727665  0.40730804  0.44887216  0.42779423  0.42779423  0.49294733  0.49294733  0.42779423  
36_0_0     0.47057705  0.49294733  0.40730804  0.40730804  0.42779423  0.38738128  0.33982231  0.17559869  0.19045457  0.17559869  0.18298883  0.18298883  0.19045457  0.16103920  0.16103920  0.14676452  0.14676452  0.14676452  0.15386696  0.00000000  0.02948962  0.08577380  0.17559869  0.19799748  0.20561917  0.22897382  0.21332131  0.21332131  0.21332131  0.44887216  0.35847564  0.36798420  0.42779423  0.37761830  0.40730804  0.36798420  0.37761830  0.39727665  0.35847564  0.38738128  0.36798420  0.40730804  0.35847564  0.38738128  0.38738128  0.41747925  0.41747925  0.41747925  0.40730804  0.41747925  0.33982231  0.35847564  0.35847564  0.39727665  0.50439500  0.58998955  0.60308003  0.55207065  0.48167648  0.50439500  0.41747925  0.45964392  0.44887216  0.48167648  0.45964392  0.40730804  0.57712975  0.61640963  0.65792464  0.60308003  0.58998955  0.55207065  0.57712975  0.56449264  0.55207065  0.51602510  0.51602510  0.55207065  0.43825710  0.42779423  0.41747925  0.41747925  0.47057705  0.39727665  0.38738128  0.40730804  0.40730804  0.41747925  0.45964392  0.34908938  0.40730804  0.40730804  0.40730804  0.40730804  0.40730804  0.39727665  0.37761830  0.36798420  0.38738128  0.41747925  0.42779423  0.43825710  0.42779423  0.37761830  0.38738128  0.48167648  0.48167648  0.44887216  0.44887216  0.45964392  0.55207065  0.58998955  0.60308003  0.58998955  0.57712975  0.56449264  0.56449264  0.53985657  0.50439500  0.52784356  0.52784356  0.57712975  0.53985657  0.52784356  0.52784356  0.42779423  0.44887216  0.41747925  0.41747925  0.42779423  0.52784356  0.51602510  0.36798420  0.36798420  0.35847564  0.36798420  0.36798420  0.37761830  0.38738128  0.44887216  0.43825710  0.44887216  0.45964392  0.44887216  0.42779423  0.43825710  0.44887216  0.44887216  0.43825710  0.43825710  0.47057705  0.49294733  0.51602510  0.51602510  0.48167648  0.50439500  0.47057705  0.48167648  0.50439500  0.48167648  0.48167648  0.52784356  0.58998955  0.52784356  
