157
40_2_0     0.00000000  0.04421604  0.41519170  0.37846971  0.37846971  0.41519170  0.37133944  0.37133944  0.34348748  0.35035262  0.35728217  0.37133944  0.37133944  0.36427736  0.35728217  0.38566948  0.36427736  0.34348748  0.31664783  0.32326685  0.32994573  0.32994573  0.35035262  0.35035262  0.31008760  0.31008760  0.33668557  0.31664783  0.32326685  0.25960364  0.42276040  0.45383559  0.47803133  0.44594336  0.41519170  0.46987769  0.43813457  0.45383559  0.39294014  0.58361764  0.43813457  0.43813457  0.41519170  0.41519170  0.43040748  0.42276040  0.44594336  0.48627599  0.46987769  0.46987769  0.47803133  0.46987769  0.45383559  0.44594336  0.45383559  0.43813457  0.46181308  0.44594336  0.43040748  0.42276040  0.43813457  0.51157704  0.52020708  0.51157704  0.52020708  0.55577248  0.56493804  0.40028308  0.40769977  0.40028308  0.35035262  0.40028308  0.38566948  0.38566948  0.40028308  0.39294014  0.37846971  0.38566948  0.41519170  0.42276040  0.48627599  0.45383559  0.46181308  0.52020708  0.52020708  0.40769977  0.40769977  0.37133944  0.40769977  0.40769977  0.42276040  0.40028308  0.43813457  0.43040748  0.43813457  0.43813457  0.46987769  0.46181308  0.46987769  0.40769977  0.40769977  0.40028308  0.40028308  0.40769977  0.40028308  0.40769977  0.31664783  0.31008760  0.35035262  0.31664783  0.34348748  0.32326685  0.34348748  0.35728217  0.44594336  0.40769977  0.37846971  0.39294014  0.40769977  0.41519170  0.43813457  0.46987769  0.45383559  0.49461373  0.51157704  0.49461373  0.51157704  0.49461373  0.37133944  0.37133944  0.37133944  0.50304668  0.51157704  0.49461373  0.46987769  0.46987769  0.49461373  0.50304668  0.54671928  0.41519170  0.43813457  0.44594336  0.42276040  0.46987769  0.48627599  0.46181308  0.46181308  0.43040748  0.43813457  0.44594336  0.43813457  0.44594336  0.45383559  0.44594336  0.40769977  0.43813457  0.40028308  
68_2_0     0.04421604  0.00000000  0.42276040  0.37846971  0.37846971  0.41519170  0.38566948  0.38566948  0.34348748  0.35035262  0.38566948  0.38566948  0.37133944  0.36427736  0.35728217  0.38566948  0.37846971  0.35728217  0.32994573  0.32326685  0.32994573  0.32994573  0.32326685  0.36427736  0.31008760  0.31008760  0.33668557  0.31664783  0.32326685  0.24750401  0.45383559  0.45383559  0.47803133  0.44594336  0.41519170  0.48627599  0.46987769  0.48627599  0.42276040  0.54671928  0.44594336  0.44594336  0.42276040  0.42276040  0.43813457  0.44594336  0.45383559  0.51157704  0.49461373  0.47803133  0.48627599  0.49461373  0.46181308  0.46987769  0.49461373  0.46181308  0.42276040  0.42276040  0.43813457  0.41519170  0.43040748  0.50304668  0.49461373  0.48627599  0.49461373  0.52893915  0.53777571  0.42276040  0.43040748  0.40769977  0.35728217  0.42276040  0.40769977  0.40769977  0.41519170  0.40028308  0.38566948  0.40769977  0.43813457  0.39294014  0.45383559  0.42276040  0.43040748  0.51157704  0.51157704  0.43040748  0.44594336  0.40769977  0.43040748  0.43040748  0.46181308  0.42276040  0.47803133  0.45383559  0.46181308  0.46181308  0.44594336  0.45383559  0.46181308  0.41519170  0.40028308  0.40769977  0.40769977  0.41519170  0.42276040  0.40028308  0.33668557  0.32994573  0.37133944  0.33668557  0.36427736  0.34348748  0.36427736  0.40028308  0.46181308  0.42276040  0.39294014  0.42276040  0.42276040  0.43040748  0.45383559  0.43813457  0.43813457  0.47803133  0.49461373  0.47803133  0.51157704  0.47803133  0.38566948  0.38566948  0.38566948  0.49461373  0.50304668  0.50304668  0.46181308  0.46181308  0.48627599  0.49461373  0.55577248  0.40769977  0.43040748  0.43813457  0.44594336  0.49461373  0.51157704  0.46987769  0.46987769  0.42276040  0.43040748  0.43813457  0.43813457  0.44594336  0.45383559  0.45383559  0.43040748  0.43813457  0.40028308  
49_51_0    0.41519170  0.42276040  0.00000000  0.03067107  0.02621073  0.04878680  0.15724307  0.16257246  0.17334801  0.17879532  0.18981199  0.18981199  0.16257246  0.21809480  0.21235092  0.22388370  0.22971833  0.18981199  0.15724307  0.14669831  0.14669831  0.14669831  0.17879532  0.31664783  0.35035262  0.33668557  0.35035262  0.38566948  0.38566948  0.31664783  0.53777571  0.51157704  0.50304668  0.50304668  0.48627599  0.51157704  0.46181308  0.48627599  0.54671928  0.51157704  0.51157704  0.51157704  0.50304668  0.52893915  0.53777571  0.55577248  0.52893915  0.53777571  0.59313765  0.52020708  0.51157704  0.55577248  0.55577248  0.55577248  0.56493804  0.52893915  0.58361764  0.60278198  0.57421878  0.53777571  0.59313765  0.56493804  0.58361764  0.53777571  0.60278198  0.59313765  0.60278198  0.48627599  0.44594336  0.48627599  0.47803133  0.46181308  0.47803133  0.48627599  0.52020708  0.49461373  0.47803133  0.47803133  0.54671928  0.45383559  0.46987769  0.43040748  0.47803133  0.45383559  0.45383559  0.51157704  0.50304668  0.48627599  0.51157704  0.51157704  0.46987769  0.52893915  0.52020708  0.49461373  0.52020708  0.52020708  0.46987769  0.44594336  0.45383559  0.62245690  0.53777571  0.47803133  0.48627599  0.48627599  0.48627599  0.48627599  0.44594336  0.43813457  0.46987769  0.40028308  0.41519170  0.40769977  0.48627599  0.45383559  0.48627599  0.48627599  0.43813457  0.45383559  0.46987769  0.46181308  0.51157704  0.58361764  0.59313765  0.60278198  0.58361764  0.59313765  0.61255392  0.64267035  0.48627599  0.46987769  0.46987769  0.52020708  0.48627599  0.48627599  0.51157704  0.51157704  0.55577248  0.54671928  0.63249447  0.48627599  0.50304668  0.48627599  0.50304668  0.47803133  0.51157704  0.52020708  0.53777571  0.48627599  0.49461373  0.50304668  0.47803133  0.46987769  0.47803133  0.49461373  0.52020708  0.47803133  0.43813457  
49_2_0     0.37846971  0.37846971  0.03067107  0.00000000  0.00430436  0.03515852  0.14148185  0.14669831  0.15724307  0.16257246  0.17334801  0.17334801  0.15724307  0.20099548  0.19538256  0.20665138  0.21235092  0.17334801  0.14148185  0.13115819  0.13115819  0.13115819  0.15195187  0.29713941  0.32994573  0.31664783  0.32994573  0.39294014  0.40769977  0.31008760  0.51157704  0.48627599  0.47803133  0.47803133  0.46181308  0.48627599  0.43813457  0.46181308  0.53777571  0.51157704  0.49461373  0.49461373  0.48627599  0.51157704  0.52020708  0.53777571  0.52893915  0.52020708  0.56493804  0.51157704  0.50304668  0.53777571  0.53777571  0.53777571  0.54671928  0.50304668  0.56493804  0.56493804  0.55577248  0.50304668  0.55577248  0.55577248  0.61255392  0.52893915  0.61255392  0.60278198  0.61255392  0.52020708  0.46181308  0.50304668  0.48627599  0.47803133  0.49461373  0.49461373  0.52893915  0.50304668  0.48627599  0.48627599  0.53777571  0.45383559  0.48627599  0.44594336  0.47803133  0.46181308  0.47803133  0.51157704  0.50304668  0.46987769  0.51157704  0.51157704  0.48627599  0.51157704  0.52020708  0.49461373  0.52020708  0.52020708  0.44594336  0.42276040  0.43040748  0.57421878  0.49461373  0.46181308  0.47803133  0.46987769  0.46987769  0.46987769  0.40028308  0.39294014  0.42276040  0.35728217  0.37133944  0.36427736  0.46181308  0.46987769  0.48627599  0.48627599  0.43813457  0.45383559  0.46987769  0.46181308  0.51157704  0.56493804  0.55577248  0.57421878  0.57421878  0.56493804  0.58361764  0.60278198  0.44594336  0.43040748  0.43040748  0.49461373  0.46181308  0.47803133  0.48627599  0.48627599  0.52893915  0.52020708  0.61255392  0.45383559  0.45383559  0.43813457  0.45383559  0.45383559  0.48627599  0.48627599  0.50304668  0.45383559  0.46181308  0.46987769  0.44594336  0.43813457  0.44594336  0.48627599  0.48627599  0.44594336  0.41519170  
49_52_0    0.37846971  0.37846971  0.02621073  0.00430436  0.00000000  0.03067107  0.13630198  0.14148185  0.15195187  0.15724307  0.16794058  0.16794058  0.15195187  0.19538256  0.18981199  0.20099548  0.20665138  0.16794058  0.13630198  0.12604998  0.12604998  0.12604998  0.14669831  0.29074947  0.32326685  0.31008760  0.32326685  0.38566948  0.40028308  0.30358513  0.50304668  0.47803133  0.46987769  0.46987769  0.45383559  0.47803133  0.43040748  0.45383559  0.52893915  0.51157704  0.49461373  0.49461373  0.48627599  0.51157704  0.52020708  0.53777571  0.52893915  0.52020708  0.55577248  0.50304668  0.49461373  0.53777571  0.53777571  0.53777571  0.54671928  0.49461373  0.56493804  0.56493804  0.55577248  0.50304668  0.55577248  0.54671928  0.60278198  0.52020708  0.60278198  0.59313765  0.60278198  0.51157704  0.45383559  0.49461373  0.48627599  0.46987769  0.48627599  0.49461373  0.52893915  0.50304668  0.48627599  0.48627599  0.53777571  0.45383559  0.48627599  0.44594336  0.47803133  0.45383559  0.46987769  0.51157704  0.50304668  0.46987769  0.51157704  0.51157704  0.48627599  0.51157704  0.52020708  0.49461373  0.52020708  0.52020708  0.43813457  0.41519170  0.42276040  0.56493804  0.48627599  0.46181308  0.47803133  0.46987769  0.46987769  0.46987769  0.40028308  0.39294014  0.42276040  0.35728217  0.37133944  0.36427736  0.45383559  0.46987769  0.48627599  0.48627599  0.43813457  0.45383559  0.46987769  0.46181308  0.51157704  0.56493804  0.55577248  0.56493804  0.56493804  0.55577248  0.57421878  0.60278198  0.43813457  0.42276040  0.42276040  0.48627599  0.45383559  0.46987769  0.47803133  0.47803133  0.52020708  0.51157704  0.61255392  0.45383559  0.45383559  0.43813457  0.45383559  0.44594336  0.47803133  0.48627599  0.50304668  0.45383559  0.46181308  0.46987769  0.44594336  0.43813457  0.44594336  0.47803133  0.48627599  0.44594336  0.40769977  
67_2_0     0.41519170  0.41519170  0.04878680  0.03515852  0.03067107  0.00000000  0.15195187  0.15724307  0.16794058  0.17334801  0.17334801  0.17334801  0.16794058  0.21235092  0.20665138  0.22971833  0.22388370  0.17334801  0.15195187  0.14148185  0.14148185  0.14148185  0.17334801  0.31008760  0.34348748  0.33668557  0.34348748  0.42276040  0.42276040  0.33668557  0.50304668  0.52020708  0.51157704  0.51157704  0.49461373  0.50304668  0.45383559  0.46181308  0.54671928  0.53777571  0.50304668  0.50304668  0.49461373  0.52020708  0.54671928  0.56493804  0.53777571  0.53777571  0.57421878  0.52020708  0.52893915  0.55577248  0.55577248  0.55577248  0.56493804  0.50304668  0.55577248  0.57421878  0.58361764  0.51157704  0.56493804  0.52020708  0.61255392  0.52893915  0.59313765  0.58361764  0.59313765  0.52893915  0.48627599  0.51157704  0.52020708  0.50304668  0.52020708  0.52893915  0.56493804  0.52020708  0.53777571  0.52020708  0.54671928  0.49461373  0.49461373  0.46987769  0.52020708  0.46181308  0.46181308  0.53777571  0.52893915  0.49461373  0.53777571  0.53777571  0.51157704  0.52020708  0.54671928  0.53777571  0.54671928  0.54671928  0.47803133  0.45383559  0.44594336  0.57421878  0.51157704  0.46181308  0.47803133  0.48627599  0.46987769  0.46987769  0.43813457  0.43040748  0.44594336  0.39294014  0.40769977  0.38566948  0.47803133  0.47803133  0.51157704  0.52893915  0.46181308  0.49461373  0.51157704  0.50304668  0.55577248  0.58361764  0.57421878  0.56493804  0.56493804  0.55577248  0.57421878  0.62245690  0.44594336  0.43040748  0.43040748  0.52893915  0.49461373  0.49461373  0.52020708  0.52020708  0.56493804  0.55577248  0.66345264  0.49461373  0.49461373  0.47803133  0.49461373  0.46987769  0.50304668  0.51157704  0.51157704  0.47803133  0.48627599  0.49461373  0.46987769  0.46181308  0.46987769  0.50304668  0.52893915  0.50304668  0.46181308  
67_50_0    0.37133944  0.38566948  0.15724307  0.14148185  0.13630198  0.15195187  0.00000000  0.03067107  0.16794058  0.16257246  0.18428311  0.19538256  0.15724307  0.21235092  0.20665138  0.22971833  0.22388370  0.17334801  0.16794058  0.15724307  0.16257246  0.16257246  0.20099548  0.32326685  0.31664783  0.30358513  0.34348748  0.39294014  0.39294014  0.35728217  0.52893915  0.49461373  0.48627599  0.48627599  0.46987769  0.46181308  0.45383559  0.46181308  0.54671928  0.48627599  0.47803133  0.47803133  0.46987769  0.52893915  0.52893915  0.55577248  0.47803133  0.49461373  0.49461373  0.49461373  0.46987769  0.48627599  0.52893915  0.52020708  0.54671928  0.44594336  0.52893915  0.55577248  0.60278198  0.54671928  0.53777571  0.53777571  0.57421878  0.56493804  0.57421878  0.57421878  0.58361764  0.47803133  0.48627599  0.49461373  0.48627599  0.46987769  0.48627599  0.53777571  0.57421878  0.50304668  0.51157704  0.52893915  0.54671928  0.46987769  0.48627599  0.44594336  0.47803133  0.47803133  0.47803133  0.52020708  0.51157704  0.49461373  0.53777571  0.53777571  0.52893915  0.52893915  0.57421878  0.54671928  0.54671928  0.51157704  0.46987769  0.46181308  0.46181308  0.56493804  0.49461373  0.41519170  0.43040748  0.40769977  0.40769977  0.43813457  0.37133944  0.38566948  0.39294014  0.33668557  0.36427736  0.34348748  0.39294014  0.49461373  0.48627599  0.46987769  0.42276040  0.45383559  0.45383559  0.46181308  0.51157704  0.55577248  0.57421878  0.58361764  0.58361764  0.57421878  0.59313765  0.58361764  0.39294014  0.39294014  0.39294014  0.48627599  0.46987769  0.48627599  0.47803133  0.49461373  0.52893915  0.52020708  0.57421878  0.47803133  0.49461373  0.51157704  0.52893915  0.43040748  0.44594336  0.44594336  0.51157704  0.46181308  0.46987769  0.47803133  0.45383559  0.46181308  0.46987769  0.53777571  0.48627599  0.47803133  0.43040748  
49_50_0    0.37133944  0.38566948  0.16257246  0.14669831  0.14148185  0.15724307  0.03067107  0.00000000  0.17334801  0.16794058  0.18981199  0.20099548  0.17334801  0.20665138  0.20099548  0.23559943  0.22971833  0.17879532  0.17334801  0.16257246  0.17879532  0.17879532  0.19538256  0.34348748  0.33668557  0.32326685  0.33668557  0.40028308  0.40028308  0.36427736  0.50304668  0.47803133  0.46987769  0.46987769  0.45383559  0.44594336  0.46181308  0.46987769  0.52020708  0.51157704  0.45383559  0.45383559  0.44594336  0.48627599  0.50304668  0.51157704  0.45383559  0.48627599  0.48627599  0.48627599  0.46181308  0.47803133  0.52020708  0.49461373  0.55577248  0.42276040  0.48627599  0.51157704  0.55577248  0.53777571  0.51157704  0.54671928  0.54671928  0.53777571  0.54671928  0.54671928  0.55577248  0.48627599  0.47803133  0.48627599  0.47803133  0.46181308  0.49461373  0.52893915  0.56493804  0.52893915  0.52020708  0.52020708  0.55577248  0.46987769  0.48627599  0.44594336  0.49461373  0.46987769  0.46987769  0.47803133  0.46987769  0.45383559  0.49461373  0.49461373  0.50304668  0.48627599  0.54671928  0.52020708  0.53777571  0.52020708  0.47803133  0.46987769  0.48627599  0.55577248  0.48627599  0.41519170  0.43040748  0.40769977  0.40769977  0.43813457  0.40028308  0.41519170  0.40769977  0.36427736  0.39294014  0.37133944  0.42276040  0.49461373  0.50304668  0.48627599  0.43813457  0.46987769  0.46987769  0.47803133  0.52893915  0.54671928  0.56493804  0.57421878  0.57421878  0.56493804  0.58361764  0.57421878  0.39294014  0.39294014  0.39294014  0.48627599  0.48627599  0.46987769  0.47803133  0.47803133  0.51157704  0.50304668  0.53777571  0.47803133  0.47803133  0.47803133  0.51157704  0.44594336  0.44594336  0.44594336  0.49461373  0.46181308  0.46987769  0.47803133  0.46987769  0.46181308  0.46987769  0.55577248  0.50304668  0.49461373  0.44594336  
51_54_0    0.34348748  0.34348748  0.17334801  0.15724307  0.15195187  0.16794058  0.16794058  0.17334801  0.00000000  0.00430436  0.03967340  0.03967340  0.04421604  0.06267131  0.05801408  0.08159961  0.07682186  0.06735810  0.09124884  0.08159961  0.09124884  0.09124884  0.13115819  0.35035262  0.31664783  0.32326685  0.31008760  0.37846971  0.37846971  0.31664783  0.55577248  0.52893915  0.53777571  0.52020708  0.50304668  0.56493804  0.45383559  0.47803133  0.56493804  0.55577248  0.46987769  0.46987769  0.46181308  0.50304668  0.52020708  0.52893915  0.46987769  0.43813457  0.46987769  0.45383559  0.43040748  0.46987769  0.43813457  0.51157704  0.46987769  0.43040748  0.48627599  0.49461373  0.49461373  0.45383559  0.49461373  0.48627599  0.51157704  0.52020708  0.53777571  0.52893915  0.53777571  0.45383559  0.43813457  0.45383559  0.43040748  0.44594336  0.44594336  0.51157704  0.56493804  0.52020708  0.48627599  0.50304668  0.50304668  0.46987769  0.50304668  0.46181308  0.49461373  0.52020708  0.52020708  0.49461373  0.46181308  0.43040748  0.43813457  0.43813457  0.45383559  0.43813457  0.48627599  0.46181308  0.47803133  0.52893915  0.45383559  0.43040748  0.43040748  0.52020708  0.41519170  0.46987769  0.46181308  0.42276040  0.43813457  0.43813457  0.42276040  0.41519170  0.43813457  0.40028308  0.41519170  0.38566948  0.44594336  0.43813457  0.46987769  0.43813457  0.41519170  0.44594336  0.44594336  0.43813457  0.47803133  0.58361764  0.58361764  0.56493804  0.58361764  0.56493804  0.58361764  0.61255392  0.41519170  0.43040748  0.43040748  0.55577248  0.53777571  0.52020708  0.51157704  0.52893915  0.60278198  0.61255392  0.59313765  0.49461373  0.49461373  0.49461373  0.47803133  0.44594336  0.44594336  0.43813457  0.50304668  0.46987769  0.47803133  0.48627599  0.45383559  0.44594336  0.45383559  0.50304668  0.46181308  0.46987769  0.43813457  
51_53_0    0.35035262  0.35035262  0.17879532  0.16257246  0.15724307  0.17334801  0.16257246  0.16794058  0.00430436  0.00000000  0.04421604  0.04421604  0.04878680  0.06735810  0.06267131  0.08640847  0.08159961  0.07207482  0.09612115  0.08640847  0.09612115  0.09612115  0.13630198  0.35728217  0.32326685  0.32994573  0.31664783  0.38566948  0.38566948  0.32326685  0.56493804  0.53777571  0.54671928  0.52893915  0.51157704  0.57421878  0.46181308  0.48627599  0.57421878  0.56493804  0.47803133  0.47803133  0.46987769  0.51157704  0.52893915  0.53777571  0.47803133  0.44594336  0.47803133  0.46181308  0.43813457  0.47803133  0.44594336  0.52020708  0.47803133  0.43813457  0.49461373  0.50304668  0.50304668  0.46181308  0.50304668  0.49461373  0.52020708  0.52893915  0.54671928  0.53777571  0.54671928  0.46181308  0.44594336  0.46181308  0.43813457  0.45383559  0.45383559  0.52020708  0.57421878  0.52893915  0.49461373  0.51157704  0.51157704  0.47803133  0.51157704  0.46987769  0.50304668  0.52893915  0.52893915  0.50304668  0.46987769  0.43813457  0.44594336  0.44594336  0.46181308  0.44594336  0.49461373  0.46987769  0.48627599  0.53777571  0.46181308  0.43813457  0.43813457  0.52893915  0.42276040  0.47803133  0.46987769  0.43040748  0.44594336  0.44594336  0.43040748  0.42276040  0.44594336  0.40769977  0.42276040  0.39294014  0.45383559  0.44594336  0.47803133  0.44594336  0.42276040  0.45383559  0.45383559  0.44594336  0.48627599  0.58361764  0.58361764  0.56493804  0.58361764  0.56493804  0.58361764  0.61255392  0.41519170  0.43040748  0.43040748  0.55577248  0.53777571  0.52020708  0.51157704  0.52893915  0.60278198  0.61255392  0.59313765  0.49461373  0.49461373  0.49461373  0.47803133  0.44594336  0.44594336  0.43813457  0.50304668  0.46987769  0.47803133  0.48627599  0.45383559  0.44594336  0.45383559  0.51157704  0.46181308  0.46987769  0.43813457  
65_53_0    0.35728217  0.38566948  0.18981199  0.17334801  0.16794058  0.17334801  0.18428311  0.18981199  0.03967340  0.04421604  0.00000000  0.00863396  0.06735810  0.08640847  0.08159961  0.10102582  0.10102582  0.09124884  0.11593834  0.10596328  0.11593834  0.11593834  0.14669831  0.35728217  0.32326685  0.34348748  0.31664783  0.41519170  0.41519170  0.35035262  0.51157704  0.55577248  0.54671928  0.54671928  0.52893915  0.55577248  0.43040748  0.45383559  0.52893915  0.56493804  0.46987769  0.46987769  0.46181308  0.48627599  0.50304668  0.51157704  0.48627599  0.43040748  0.46987769  0.46987769  0.46181308  0.46987769  0.43813457  0.49461373  0.48627599  0.41519170  0.48627599  0.49461373  0.51157704  0.46987769  0.49461373  0.47803133  0.51157704  0.52020708  0.53777571  0.52893915  0.53777571  0.43040748  0.40028308  0.43040748  0.42276040  0.42276040  0.42276040  0.48627599  0.54671928  0.51157704  0.47803133  0.47803133  0.46181308  0.46987769  0.50304668  0.46181308  0.49461373  0.53777571  0.55577248  0.46181308  0.46181308  0.43040748  0.43813457  0.43813457  0.43040748  0.43813457  0.46987769  0.47803133  0.47803133  0.56493804  0.43813457  0.41519170  0.41519170  0.51157704  0.40769977  0.44594336  0.43813457  0.41519170  0.43040748  0.43040748  0.42276040  0.41519170  0.43040748  0.40028308  0.40769977  0.37133944  0.43040748  0.45383559  0.45383559  0.43813457  0.41519170  0.43040748  0.44594336  0.43813457  0.46181308  0.55577248  0.56493804  0.56493804  0.58361764  0.56493804  0.58361764  0.59313765  0.41519170  0.43040748  0.43040748  0.53777571  0.53777571  0.50304668  0.49461373  0.51157704  0.58361764  0.59313765  0.60278198  0.48627599  0.47803133  0.47803133  0.44594336  0.43040748  0.44594336  0.43813457  0.48627599  0.45383559  0.46181308  0.46987769  0.43813457  0.43040748  0.43813457  0.48627599  0.46181308  0.46987769  0.45383559  
3_53_0     0.37133944  0.38566948  0.18981199  0.17334801  0.16794058  0.17334801  0.19538256  0.20099548  0.03967340  0.04421604  0.00863396  0.00000000  0.06735810  0.08640847  0.08159961  0.10102582  0.10102582  0.09124884  0.11593834  0.10596328  0.11593834  0.11593834  0.14669831  0.35728217  0.32326685  0.34348748  0.31664783  0.41519170  0.41519170  0.35035262  0.52893915  0.54671928  0.53777571  0.53777571  0.52020708  0.54671928  0.44594336  0.46987769  0.54671928  0.56493804  0.47803133  0.47803133  0.46987769  0.49461373  0.51157704  0.52020708  0.49461373  0.43813457  0.47803133  0.47803133  0.46987769  0.47803133  0.44594336  0.50304668  0.49461373  0.42276040  0.49461373  0.50304668  0.52020708  0.47803133  0.50304668  0.48627599  0.52020708  0.52893915  0.54671928  0.53777571  0.54671928  0.43813457  0.40769977  0.43813457  0.43040748  0.43040748  0.43040748  0.49461373  0.55577248  0.52020708  0.48627599  0.48627599  0.46987769  0.47803133  0.51157704  0.46987769  0.50304668  0.54671928  0.56493804  0.46987769  0.46987769  0.43813457  0.44594336  0.44594336  0.43813457  0.44594336  0.47803133  0.48627599  0.48627599  0.57421878  0.44594336  0.42276040  0.42276040  0.52020708  0.41519170  0.45383559  0.44594336  0.42276040  0.43813457  0.43813457  0.43040748  0.42276040  0.43813457  0.40769977  0.41519170  0.37846971  0.42276040  0.46181308  0.46181308  0.44594336  0.42276040  0.43813457  0.45383559  0.44594336  0.46987769  0.56493804  0.57421878  0.57421878  0.59313765  0.57421878  0.59313765  0.60278198  0.42276040  0.43813457  0.43813457  0.54671928  0.54671928  0.51157704  0.50304668  0.52020708  0.59313765  0.60278198  0.61255392  0.49461373  0.48627599  0.48627599  0.45383559  0.43813457  0.45383559  0.44594336  0.49461373  0.46181308  0.46987769  0.47803133  0.44594336  0.43813457  0.44594336  0.49461373  0.46987769  0.47803133  0.46181308  
51_2_0     0.37133944  0.37133944  0.16257246  0.15724307  0.15195187  0.16794058  0.15724307  0.17334801  0.04421604  0.04878680  0.06735810  0.06735810  0.00000000  0.05338603  0.04878680  0.07207482  0.06735810  0.08640847  0.10102582  0.09124884  0.10102582  0.10102582  0.15195187  0.35035262  0.34348748  0.34348748  0.33668557  0.41519170  0.40769977  0.34348748  0.55577248  0.52893915  0.52020708  0.52020708  0.50304668  0.52893915  0.45383559  0.47803133  0.58361764  0.52893915  0.49461373  0.49461373  0.48627599  0.52893915  0.52893915  0.55577248  0.49461373  0.47803133  0.52893915  0.49461373  0.46987769  0.52893915  0.47803133  0.50304668  0.51157704  0.45383559  0.47803133  0.52020708  0.52020708  0.47803133  0.52020708  0.47803133  0.52020708  0.51157704  0.54671928  0.53777571  0.54671928  0.43813457  0.42276040  0.43813457  0.41519170  0.41519170  0.43040748  0.49461373  0.53777571  0.46987769  0.46987769  0.50304668  0.50304668  0.50304668  0.53777571  0.49461373  0.52893915  0.49461373  0.49461373  0.49461373  0.49461373  0.46181308  0.45383559  0.45383559  0.46987769  0.42276040  0.46987769  0.44594336  0.46181308  0.51157704  0.45383559  0.43040748  0.44594336  0.53777571  0.44594336  0.46181308  0.45383559  0.43040748  0.44594336  0.44594336  0.41519170  0.40769977  0.41519170  0.40769977  0.42276040  0.36427736  0.41519170  0.45383559  0.47803133  0.44594336  0.40769977  0.43813457  0.45383559  0.44594336  0.50304668  0.55577248  0.57421878  0.57421878  0.59313765  0.57421878  0.59313765  0.60278198  0.43040748  0.44594336  0.44594336  0.58361764  0.56493804  0.52893915  0.53777571  0.55577248  0.63249447  0.64267035  0.62245690  0.52020708  0.52020708  0.52020708  0.50304668  0.45383559  0.48627599  0.47803133  0.52893915  0.49461373  0.50304668  0.51157704  0.47803133  0.46987769  0.46181308  0.52893915  0.48627599  0.49461373  0.46181308  
65_55_0    0.36427736  0.36427736  0.21809480  0.20099548  0.19538256  0.21235092  0.21235092  0.20665138  0.06267131  0.06735810  0.08640847  0.08640847  0.05338603  0.00000000  0.00430436  0.04421604  0.03967340  0.10596328  0.13115819  0.12097685  0.13115819  0.13115819  0.17334801  0.35728217  0.33668557  0.34348748  0.31664783  0.39294014  0.38566948  0.35035262  0.62245690  0.56493804  0.55577248  0.55577248  0.52020708  0.58361764  0.47803133  0.50304668  0.61255392  0.60278198  0.46987769  0.46987769  0.47803133  0.50304668  0.52020708  0.52893915  0.48627599  0.52020708  0.53777571  0.53777571  0.51157704  0.55577248  0.52020708  0.52893915  0.55577248  0.44594336  0.48627599  0.49461373  0.51157704  0.48627599  0.51157704  0.51157704  0.55577248  0.56493804  0.58361764  0.57421878  0.58361764  0.43813457  0.42276040  0.43813457  0.41519170  0.43040748  0.43040748  0.49461373  0.52020708  0.50304668  0.46987769  0.50304668  0.51157704  0.50304668  0.53777571  0.49461373  0.52893915  0.52893915  0.52893915  0.53777571  0.53777571  0.48627599  0.49461373  0.49461373  0.51157704  0.46181308  0.51157704  0.48627599  0.52020708  0.55577248  0.48627599  0.46181308  0.46181308  0.52893915  0.43813457  0.52020708  0.47803133  0.45383559  0.46987769  0.46987769  0.45383559  0.44594336  0.43813457  0.44594336  0.46181308  0.41519170  0.46987769  0.49461373  0.52893915  0.49461373  0.46987769  0.50304668  0.50304668  0.49461373  0.55577248  0.60278198  0.60278198  0.60278198  0.62245690  0.60278198  0.60278198  0.63249447  0.47803133  0.49461373  0.49461373  0.58361764  0.58361764  0.56493804  0.55577248  0.57421878  0.63249447  0.64267035  0.60278198  0.53777571  0.55577248  0.53777571  0.52020708  0.46987769  0.50304668  0.49461373  0.52893915  0.51157704  0.52020708  0.52893915  0.49461373  0.48627599  0.47803133  0.56493804  0.52020708  0.51157704  0.47803133  
3_55_0     0.35728217  0.35728217  0.21235092  0.19538256  0.18981199  0.20665138  0.20665138  0.20099548  0.05801408  0.06267131  0.08159961  0.08159961  0.04878680  0.00430436  0.00000000  0.03967340  0.03515852  0.10102582  0.12604998  0.11593834  0.12604998  0.12604998  0.16794058  0.36427736  0.34348748  0.35035262  0.32326685  0.40028308  0.39294014  0.34348748  0.61255392  0.55577248  0.54671928  0.54671928  0.51157704  0.57421878  0.48627599  0.51157704  0.60278198  0.59313765  0.47803133  0.47803133  0.48627599  0.51157704  0.51157704  0.53777571  0.49461373  0.52893915  0.54671928  0.54671928  0.52020708  0.56493804  0.52893915  0.53777571  0.56493804  0.45383559  0.49461373  0.50304668  0.50304668  0.47803133  0.52020708  0.50304668  0.54671928  0.55577248  0.57421878  0.56493804  0.57421878  0.43040748  0.41519170  0.43040748  0.40769977  0.42276040  0.42276040  0.48627599  0.51157704  0.49461373  0.46181308  0.49461373  0.50304668  0.49461373  0.52893915  0.48627599  0.52020708  0.52020708  0.52020708  0.52893915  0.52893915  0.47803133  0.48627599  0.48627599  0.50304668  0.45383559  0.50304668  0.47803133  0.51157704  0.54671928  0.47803133  0.45383559  0.45383559  0.53777571  0.44594336  0.51157704  0.46987769  0.44594336  0.46181308  0.46181308  0.44594336  0.43813457  0.43040748  0.43813457  0.45383559  0.40769977  0.46181308  0.48627599  0.52020708  0.48627599  0.46181308  0.49461373  0.49461373  0.48627599  0.54671928  0.59313765  0.59313765  0.59313765  0.61255392  0.59313765  0.61255392  0.62245690  0.46987769  0.48627599  0.48627599  0.57421878  0.57421878  0.55577248  0.54671928  0.56493804  0.62245690  0.63249447  0.61255392  0.52893915  0.54671928  0.52893915  0.51157704  0.46181308  0.49461373  0.48627599  0.52020708  0.50304668  0.51157704  0.52020708  0.48627599  0.47803133  0.46987769  0.55577248  0.51157704  0.50304668  0.46987769  
3_2_0      0.38566948  0.38566948  0.22388370  0.20665138  0.20099548  0.22971833  0.22971833  0.23559943  0.08159961  0.08640847  0.10102582  0.10102582  0.07207482  0.04421604  0.03967340  0.00000000  0.02177717  0.12604998  0.15195187  0.14148185  0.15195187  0.15195187  0.19538256  0.37846971  0.35728217  0.36427736  0.35035262  0.41519170  0.40769977  0.37133944  0.59313765  0.53777571  0.52893915  0.52893915  0.52893915  0.57421878  0.48627599  0.50304668  0.60278198  0.58361764  0.48627599  0.48627599  0.49461373  0.53777571  0.52020708  0.56493804  0.51157704  0.52020708  0.56493804  0.53777571  0.51157704  0.55577248  0.52020708  0.56493804  0.55577248  0.49461373  0.48627599  0.49461373  0.51157704  0.46987769  0.52893915  0.51157704  0.55577248  0.54671928  0.56493804  0.57421878  0.58361764  0.44594336  0.43040748  0.44594336  0.42276040  0.43813457  0.43813457  0.48627599  0.51157704  0.51157704  0.46181308  0.49461373  0.52893915  0.50304668  0.53777571  0.49461373  0.52893915  0.53777571  0.53777571  0.55577248  0.57421878  0.51157704  0.52893915  0.52893915  0.52020708  0.47803133  0.56493804  0.53777571  0.55577248  0.58361764  0.48627599  0.44594336  0.44594336  0.55577248  0.47803133  0.55577248  0.51157704  0.48627599  0.50304668  0.50304668  0.43813457  0.43040748  0.42276040  0.43040748  0.43040748  0.43040748  0.45383559  0.49461373  0.49461373  0.46181308  0.45383559  0.46987769  0.46987769  0.46181308  0.52020708  0.59313765  0.61255392  0.61255392  0.63249447  0.61255392  0.63249447  0.64267035  0.49461373  0.51157704  0.51157704  0.61255392  0.59313765  0.57421878  0.52893915  0.54671928  0.62245690  0.63249447  0.64267035  0.51157704  0.52893915  0.52893915  0.51157704  0.46181308  0.49461373  0.50304668  0.52893915  0.50304668  0.51157704  0.52020708  0.48627599  0.47803133  0.46987769  0.53777571  0.52020708  0.50304668  0.48627599  
65_2_0     0.36427736  0.37846971  0.22971833  0.21235092  0.20665138  0.22388370  0.22388370  0.22971833  0.07682186  0.08159961  0.10102582  0.10102582  0.06735810  0.03967340  0.03515852  0.02177717  0.00000000  0.12097685  0.13630198  0.13630198  0.14669831  0.14669831  0.17879532  0.35728217  0.35035262  0.35728217  0.34348748  0.42276040  0.41519170  0.35035262  0.57421878  0.55577248  0.54671928  0.54671928  0.54671928  0.57421878  0.48627599  0.50304668  0.60278198  0.60278198  0.48627599  0.48627599  0.49461373  0.53777571  0.52020708  0.54671928  0.51157704  0.53777571  0.55577248  0.53777571  0.51157704  0.55577248  0.51157704  0.54671928  0.53777571  0.49461373  0.48627599  0.49461373  0.49461373  0.46987769  0.51157704  0.51157704  0.57421878  0.56493804  0.58361764  0.59313765  0.60278198  0.42276040  0.40769977  0.42276040  0.40028308  0.41519170  0.41519170  0.47803133  0.50304668  0.48627599  0.45383559  0.48627599  0.50304668  0.52020708  0.55577248  0.51157704  0.54671928  0.53777571  0.53777571  0.53777571  0.55577248  0.49461373  0.51157704  0.51157704  0.52020708  0.46181308  0.54671928  0.52020708  0.53777571  0.56493804  0.50304668  0.46181308  0.46181308  0.54671928  0.50304668  0.53777571  0.49461373  0.46987769  0.48627599  0.48627599  0.43813457  0.43040748  0.43813457  0.43040748  0.44594336  0.41519170  0.43813457  0.47803133  0.52020708  0.48627599  0.46181308  0.49461373  0.49461373  0.48627599  0.54671928  0.61255392  0.59313765  0.59313765  0.61255392  0.59313765  0.61255392  0.62245690  0.49461373  0.51157704  0.51157704  0.61255392  0.59313765  0.57421878  0.52893915  0.54671928  0.62245690  0.63249447  0.62245690  0.52893915  0.52893915  0.52893915  0.51157704  0.44594336  0.47803133  0.48627599  0.51157704  0.48627599  0.49461373  0.50304668  0.48627599  0.47803133  0.46987769  0.53777571  0.52020708  0.50304668  0.48627599  
7_2_0      0.34348748  0.35728217  0.18981199  0.17334801  0.16794058  0.17334801  0.17334801  0.17879532  0.06735810  0.07207482  0.09124884  0.09124884  0.08640847  0.10596328  0.10102582  0.12604998  0.12097685  0.00000000  0.11593834  0.10596328  0.12604998  0.12604998  0.14669831  0.31664783  0.28441433  0.29074947  0.29074947  0.37133944  0.37133944  0.33668557  0.52893915  0.52020708  0.51157704  0.51157704  0.49461373  0.53777571  0.44594336  0.45383559  0.60278198  0.53777571  0.45383559  0.45383559  0.44594336  0.48627599  0.50304668  0.52020708  0.46987769  0.47803133  0.51157704  0.49461373  0.46987769  0.51157704  0.49461373  0.51157704  0.48627599  0.46181308  0.47803133  0.45383559  0.55577248  0.46181308  0.53777571  0.52020708  0.57421878  0.54671928  0.58361764  0.56493804  0.57421878  0.46181308  0.45383559  0.45383559  0.43040748  0.46181308  0.46181308  0.47803133  0.53777571  0.48627599  0.46987769  0.48627599  0.48627599  0.46987769  0.48627599  0.46181308  0.48627599  0.52020708  0.52020708  0.52020708  0.50304668  0.45383559  0.47803133  0.47803133  0.48627599  0.44594336  0.48627599  0.46181308  0.47803133  0.54671928  0.43813457  0.40028308  0.43040748  0.52020708  0.44594336  0.49461373  0.48627599  0.44594336  0.46181308  0.46181308  0.43040748  0.42276040  0.44594336  0.39294014  0.40769977  0.39294014  0.45383559  0.46181308  0.46181308  0.44594336  0.44594336  0.46181308  0.45383559  0.43813457  0.48627599  0.59313765  0.57421878  0.58361764  0.60278198  0.59313765  0.59313765  0.60278198  0.39294014  0.40769977  0.40769977  0.57421878  0.57421878  0.53777571  0.52893915  0.54671928  0.60278198  0.61255392  0.67406729  0.51157704  0.51157704  0.51157704  0.47803133  0.46987769  0.48627599  0.51157704  0.54671928  0.49461373  0.50304668  0.51157704  0.46987769  0.46181308  0.46987769  0.54671928  0.48627599  0.50304668  0.48627599  
73_56_0    0.31664783  0.32994573  0.15724307  0.14148185  0.13630198  0.15195187  0.16794058  0.17334801  0.09124884  0.09612115  0.11593834  0.11593834  0.10102582  0.13115819  0.12604998  0.15195187  0.13630198  0.11593834  0.00000000  0.00863396  0.07207482  0.07207482  0.12097685  0.31664783  0.29713941  0.29713941  0.30358513  0.37133944  0.37133944  0.31008760  0.52893915  0.52893915  0.52020708  0.52020708  0.51157704  0.53777571  0.47803133  0.50304668  0.52020708  0.52893915  0.50304668  0.50304668  0.49461373  0.53777571  0.52893915  0.54671928  0.50304668  0.50304668  0.52020708  0.50304668  0.47803133  0.53777571  0.50304668  0.50304668  0.51157704  0.46181308  0.49461373  0.52893915  0.51157704  0.46181308  0.49461373  0.51157704  0.56493804  0.53777571  0.59313765  0.58361764  0.59313765  0.43040748  0.40769977  0.42276040  0.38566948  0.40028308  0.41519170  0.46181308  0.52020708  0.45383559  0.43813457  0.45383559  0.48627599  0.43040748  0.46181308  0.42276040  0.45383559  0.51157704  0.51157704  0.52893915  0.48627599  0.48627599  0.51157704  0.51157704  0.50304668  0.49461373  0.46987769  0.44594336  0.47803133  0.51157704  0.42276040  0.43040748  0.44594336  0.53777571  0.48627599  0.46181308  0.46181308  0.42276040  0.42276040  0.43813457  0.42276040  0.38566948  0.43813457  0.38566948  0.41519170  0.37133944  0.42276040  0.46181308  0.46181308  0.46181308  0.40769977  0.43813457  0.45383559  0.44594336  0.48627599  0.58361764  0.54671928  0.55577248  0.57421878  0.54671928  0.56493804  0.59313765  0.43040748  0.43040748  0.43040748  0.57421878  0.55577248  0.53777571  0.52893915  0.52893915  0.62245690  0.61255392  0.61255392  0.49461373  0.47803133  0.47803133  0.49461373  0.49461373  0.51157704  0.50304668  0.51157704  0.50304668  0.51157704  0.52020708  0.46181308  0.45383559  0.46181308  0.52020708  0.46987769  0.47803133  0.45383559  
33_56_0    0.32326685  0.32326685  0.14669831  0.13115819  0.12604998  0.14148185  0.15724307  0.16257246  0.08159961  0.08640847  0.10596328  0.10596328  0.09124884  0.12097685  0.11593834  0.14148185  0.13630198  0.10596328  0.00863396  0.00000000  0.06267131  0.06267131  0.11093397  0.32326685  0.30358513  0.30358513  0.31008760  0.37846971  0.37846971  0.31664783  0.53777571  0.52020708  0.51157704  0.51157704  0.50304668  0.52893915  0.46987769  0.49461373  0.52893915  0.52020708  0.49461373  0.49461373  0.48627599  0.52893915  0.52893915  0.55577248  0.49461373  0.49461373  0.51157704  0.49461373  0.46987769  0.52893915  0.49461373  0.51157704  0.52020708  0.45383559  0.48627599  0.52020708  0.52020708  0.45383559  0.50304668  0.52020708  0.55577248  0.52893915  0.58361764  0.57421878  0.58361764  0.43813457  0.41519170  0.43040748  0.39294014  0.40769977  0.42276040  0.46987769  0.52893915  0.46181308  0.44594336  0.46181308  0.49461373  0.42276040  0.45383559  0.41519170  0.44594336  0.50304668  0.50304668  0.53777571  0.49461373  0.49461373  0.52020708  0.52020708  0.51157704  0.50304668  0.47803133  0.45383559  0.48627599  0.52020708  0.43813457  0.43040748  0.44594336  0.54671928  0.47803133  0.46987769  0.46987769  0.43040748  0.43040748  0.44594336  0.43040748  0.39294014  0.44594336  0.39294014  0.42276040  0.37846971  0.43040748  0.46987769  0.46181308  0.46181308  0.40769977  0.43813457  0.45383559  0.44594336  0.48627599  0.57421878  0.55577248  0.56493804  0.58361764  0.55577248  0.57421878  0.60278198  0.42276040  0.42276040  0.42276040  0.58361764  0.56493804  0.54671928  0.53777571  0.53777571  0.63249447  0.62245690  0.62245690  0.50304668  0.48627599  0.48627599  0.50304668  0.50304668  0.52020708  0.51157704  0.52020708  0.51157704  0.52020708  0.52893915  0.46987769  0.46181308  0.46987769  0.52893915  0.47803133  0.48627599  0.46181308  
33_2_0     0.32994573  0.32994573  0.14669831  0.13115819  0.12604998  0.14148185  0.16257246  0.17879532  0.09124884  0.09612115  0.11593834  0.11593834  0.10102582  0.13115819  0.12604998  0.15195187  0.14669831  0.12604998  0.07207482  0.06267131  0.00000000  0.00000000  0.13115819  0.31008760  0.30358513  0.30358513  0.32326685  0.36427736  0.36427736  0.29074947  0.55577248  0.52893915  0.52020708  0.52020708  0.50304668  0.52893915  0.46987769  0.49461373  0.51157704  0.52893915  0.49461373  0.49461373  0.48627599  0.52893915  0.51157704  0.53777571  0.49461373  0.49461373  0.51157704  0.47803133  0.46987769  0.52893915  0.49461373  0.49461373  0.50304668  0.42276040  0.52893915  0.53777571  0.52893915  0.43813457  0.50304668  0.52020708  0.56493804  0.57421878  0.59313765  0.58361764  0.59313765  0.46181308  0.43813457  0.45383559  0.44594336  0.43040748  0.44594336  0.47803133  0.53777571  0.48627599  0.46987769  0.46987769  0.48627599  0.44594336  0.47803133  0.43813457  0.46987769  0.48627599  0.48627599  0.46987769  0.44594336  0.44594336  0.45383559  0.45383559  0.44594336  0.45383559  0.46987769  0.46181308  0.47803133  0.50304668  0.42276040  0.44594336  0.45383559  0.52893915  0.46181308  0.46181308  0.46987769  0.46181308  0.44594336  0.44594336  0.41519170  0.40769977  0.43040748  0.39294014  0.42276040  0.36427736  0.44594336  0.46181308  0.47803133  0.46181308  0.40769977  0.43813457  0.45383559  0.44594336  0.46987769  0.58361764  0.56493804  0.57421878  0.59313765  0.56493804  0.58361764  0.61255392  0.43040748  0.41519170  0.41519170  0.55577248  0.53777571  0.53777571  0.52893915  0.54671928  0.59313765  0.58361764  0.62245690  0.49461373  0.51157704  0.49461373  0.49461373  0.47803133  0.49461373  0.46987769  0.47803133  0.47803133  0.46987769  0.47803133  0.43813457  0.44594336  0.45383559  0.52020708  0.44594336  0.45383559  0.42276040  
