19
8_1_0      0.00000000  0.03502043  0.08611445  0.17292297  0.17292297  0.18938246  0.18938246  0.20622433  0.18938246  0.19495306  0.18385433  0.18938246  0.18938246  0.19495306  0.19495306  0.19495306  0.19495306  0.20622433  0.19495306  
8_7_0      0.03502043  0.00000000  0.08611445  0.15154263  0.15154263  0.16751848  0.16751848  0.18385433  0.16751848  0.17292297  0.17292297  0.16751848  0.17292297  0.17292297  0.17292297  0.17292297  0.17292297  0.18385433  0.16215398  
3_1_0      0.08611445  0.08611445  0.00000000  0.15154263  0.16751848  0.18938246  0.16751848  0.18385433  0.16751848  0.17292297  0.17292297  0.16751848  0.17292297  0.17292297  0.17292297  0.17292297  0.17292297  0.20056679  0.17292297  
8_2_0      0.17292297  0.15154263  0.15154263  0.00000000  0.07181881  0.08131785  0.10562467  0.12060982  0.10562467  0.11058538  0.11558027  0.09580393  0.10069767  0.10069767  0.10069767  0.10069767  0.10069767  0.12567450  0.09094300  
8_8_0      0.17292297  0.15154263  0.16751848  0.07181881  0.00000000  0.08131785  0.12060982  0.12567450  0.12060982  0.12567450  0.13077481  0.10069767  0.10562467  0.10562467  0.11558027  0.11558027  0.11558027  0.15154263  0.11558027  
8_9_0      0.18938246  0.16751848  0.18938246  0.08131785  0.08131785  0.00000000  0.14108436  0.14629463  0.14108436  0.14629463  0.15154263  0.13077481  0.13591126  0.13591126  0.13591126  0.13591126  0.13591126  0.15154263  0.11558027  
1_2_0      0.18938246  0.16751848  0.16751848  0.10562467  0.12060982  0.14108436  0.00000000  0.01293523  0.00859779  0.01293523  0.02610545  0.03502043  0.03951937  0.03951937  0.03951937  0.03951937  0.03951937  0.09094300  0.05779963  
10_2_0     0.20622433  0.18385433  0.18385433  0.12060982  0.12567450  0.14629463  0.01293523  0.00000000  0.01293523  0.01729877  0.03054924  0.03951937  0.04404640  0.04404640  0.04404640  0.04404640  0.04404640  0.09580393  0.06244263  
15_2_0     0.18938246  0.16751848  0.16751848  0.10562467  0.12060982  0.14108436  0.00859779  0.01293523  0.00000000  0.00428615  0.01729877  0.02610545  0.03054924  0.03054924  0.03054924  0.03054924  0.03054924  0.08131785  0.04860188  
25_3_0     0.19495306  0.17292297  0.17292297  0.11058538  0.12567450  0.14629463  0.01293523  0.01729877  0.00428615  0.00000000  0.02168874  0.03054924  0.03502043  0.03502043  0.03502043  0.03502043  0.03502043  0.08611445  0.05318617  
25_2_0     0.18385433  0.17292297  0.17292297  0.11558027  0.13077481  0.15154263  0.02610545  0.03054924  0.01729877  0.02168874  0.00000000  0.04404640  0.04860188  0.04860188  0.04860188  0.04860188  0.04860188  0.09094300  0.05779963  
6_2_0      0.18938246  0.16751848  0.16751848  0.09580393  0.10069767  0.13077481  0.03502043  0.03951937  0.02610545  0.03054924  0.04404640  0.00000000  0.00428615  0.00428615  0.01293523  0.01293523  0.01293523  0.07655277  0.04404640  
27_2_0     0.18938246  0.17292297  0.17292297  0.10069767  0.10562467  0.13591126  0.03951937  0.04404640  0.03054924  0.03502043  0.04860188  0.00428615  0.00000000  0.00859779  0.01729877  0.01729877  0.01729877  0.08131785  0.04860188  
13_2_0     0.19495306  0.17292297  0.17292297  0.10069767  0.10562467  0.13591126  0.03951937  0.04404640  0.03054924  0.03502043  0.04860188  0.00428615  0.00859779  0.00000000  0.01729877  0.01729877  0.01729877  0.08131785  0.04860188  
13_4_0     0.19495306  0.17292297  0.17292297  0.10069767  0.11558027  0.13591126  0.03951937  0.04404640  0.03054924  0.03502043  0.04860188  0.01293523  0.01729877  0.01729877  0.00000000  0.00000000  0.00000000  0.09094300  0.05779963  
27_4_0     0.19495306  0.17292297  0.17292297  0.10069767  0.11558027  0.13591126  0.03951937  0.04404640  0.03054924  0.03502043  0.04860188  0.01293523  0.01729877  0.01729877  0.00000000  0.00000000  0.00000000  0.09094300  0.05779963  
6_4_0      0.19495306  0.17292297  0.17292297  0.10069767  0.11558027  0.13591126  0.03951937  0.04404640  0.03054924  0.03502043  0.04860188  0.01293523  0.01729877  0.01729877  0.00000000  0.00000000  0.00000000  0.09094300  0.05779963  
28_2_0     0.20622433  0.18385433  0.20056679  0.12567450  0.15154263  0.15154263  0.09094300  0.09580393  0.08131785  0.08611445  0.09094300  0.07655277  0.08131785  0.08131785  0.09094300  0.09094300  0.09094300  0.00000000  0.03054924  
5_2_0      0.19495306  0.16215398  0.17292297  0.09094300  0.11558027  0.11558027  0.05779963  0.06244263  0.04860188  0.05318617  0.05779963  0.04404640  0.04860188  0.04860188  0.05779963  0.05779963  0.05779963  0.03054924  0.00000000  

