9
8_2_0      0.00000000  0.23035017  0.25529408  0.16016084  0.20621291  0.16016084  0.16016084  0.16016084  0.14907845  
5_2_0      0.23035017  0.00000000  0.03693494  0.20621291  0.33555456  0.20621291  0.20621291  0.20621291  0.23035017  
9_2_0      0.25529408  0.03693494  0.00000000  0.21818398  0.34981225  0.19443081  0.19443081  0.19443081  0.21818398  
16_2_0     0.16016084  0.20621291  0.21818398  0.00000000  0.18283178  0.09600795  0.09600795  0.09600795  0.08583206  
15_4_0     0.20621291  0.33555456  0.34981225  0.18283178  0.00000000  0.18283178  0.18283178  0.18283178  0.17141024  
2_2_0      0.16016084  0.20621291  0.19443081  0.09600795  0.18283178  0.00000000  0.00000000  0.00000000  0.07579303  
11_2_0     0.16016084  0.20621291  0.19443081  0.09600795  0.18283178  0.00000000  0.00000000  0.00000000  0.07579303  
17_2_0     0.16016084  0.20621291  0.19443081  0.09600795  0.18283178  0.00000000  0.00000000  0.00000000  0.07579303  
15_2_0     0.14907845  0.23035017  0.21818398  0.08583206  0.17141024  0.07579303  0.07579303  0.07579303  0.00000000  

