20
14_0_0     0.00000000  0.15800634  0.15480028  0.13693411  0.39937513  0.40173793  0.40173793  0.41216715  0.31654326  0.30772591  0.35136619  0.36324822  0.36097700  0.37316288  0.35136619  0.37078501  0.37078501  0.36629532  0.37840067  0.36776394  
6_0_0      0.15800634  0.00000000  0.21713249  0.18340008  0.47671313  0.48002665  0.48002665  0.46802648  0.36324822  0.37316288  0.39102621  0.40420385  0.42309181  0.37316288  0.37078501  0.35136619  0.35136619  0.38609688  0.37840067  0.40730451  
15_0_0     0.15480028  0.21713249  0.00000000  0.03494239  0.37538778  0.39710854  0.39710854  0.39710854  0.31302583  0.30437578  0.33805086  0.34928178  0.35669387  0.33995675  0.32010773  0.33805086  0.33805086  0.33448480  0.34536504  0.43926605  
19_0_0     0.13693411  0.18340008  0.03494239  0.00000000  0.36590469  0.38712551  0.38712551  0.38712551  0.32183529  0.31302583  0.32899511  0.32183529  0.32899511  0.33081015  0.31138256  0.31138256  0.31138256  0.34353224  0.35468126  0.43926605  
5_0_0      0.39937513  0.47671313  0.37538778  0.36590469  0.00000000  0.02990674  0.02990674  0.03507478  0.22015785  0.22748790  0.32899511  0.30437578  0.30281381  0.29587948  0.32010773  0.29439595  0.29439595  0.34353224  0.35468126  0.44593380  
12_0_0     0.40173793  0.48002665  0.39710854  0.38712551  0.02990674  0.00000000  0.00000000  0.00487919  0.20672791  0.19966596  0.34928178  0.32364143  0.32183529  0.29743691  0.32183529  0.29587948  0.29587948  0.34536504  0.35669387  0.48811436  
4_0_0      0.40173793  0.48002665  0.39710854  0.38712551  0.02990674  0.00000000  0.00000000  0.00487919  0.20672791  0.19966596  0.34928178  0.32364143  0.32183529  0.29743691  0.32183529  0.29587948  0.29587948  0.34536504  0.35669387  0.48811436  
10_0_0     0.41216715  0.46802648  0.39710854  0.38712551  0.03507478  0.00487919  0.00487919  0.00000000  0.19966596  0.19270682  0.33995675  0.31474602  0.33081015  0.28901185  0.31302583  0.28753155  0.28753155  0.33622693  0.34728149  0.49990195  
11_0_0     0.31654326  0.36324822  0.31302583  0.32183529  0.22015785  0.20672791  0.20672791  0.19966596  0.00000000  0.01478955  0.25416796  0.24767851  0.24913662  0.19543935  0.20871058  0.21599293  0.21599293  0.30077360  0.31137829  0.42342791  
17_0_0     0.30772591  0.37316288  0.30437578  0.31302583  0.22748790  0.19966596  0.19966596  0.19270682  0.01478955  0.00000000  0.23853024  0.23216155  0.23348648  0.18150557  0.19447050  0.20153752  0.20153752  0.30951425  0.32036953  0.41302072  
3_0_0      0.35136619  0.39102621  0.33805086  0.32899511  0.32899511  0.34928178  0.34928178  0.33995675  0.25416796  0.23853024  0.00000000  0.01472965  0.02471923  0.04029929  0.06149977  0.08961984  0.08961984  0.20256157  0.21093196  0.35660606  
2_0_0      0.36324822  0.40420385  0.34928178  0.32183529  0.30437578  0.32364143  0.32364143  0.31474602  0.24767851  0.23216155  0.01472965  0.00000000  0.00977585  0.03524882  0.05632444  0.07290551  0.07290551  0.18242486  0.19042274  0.36413432  
1_0_0      0.36097700  0.42309181  0.35669387  0.32899511  0.30281381  0.32183529  0.32183529  0.33081015  0.24913662  0.23348648  0.02471923  0.00977585  0.00000000  0.04558154  0.06699301  0.08386193  0.08386193  0.19543935  0.20364423  0.36245277  
16_0_0     0.37316288  0.37316288  0.33995675  0.33081015  0.29587948  0.29743691  0.29743691  0.28901185  0.19543935  0.18150557  0.04029929  0.03524882  0.04558154  0.00000000  0.05092282  0.06731434  0.06731434  0.20364423  0.21213181  0.37351980  
7_0_0      0.35136619  0.37078501  0.32010773  0.31138256  0.32010773  0.32183529  0.32183529  0.31302583  0.20871058  0.19447050  0.06149977  0.05632444  0.06699301  0.05092282  0.00000000  0.02490974  0.02490974  0.24767851  0.25715811  0.39088215  
13_0_0     0.37078501  0.35136619  0.33805086  0.31138256  0.29439595  0.29587948  0.29587948  0.28753155  0.21599293  0.20153752  0.08961984  0.07290551  0.08386193  0.06731434  0.02490974  0.00000000  0.00000000  0.23216155  0.24124751  0.40074717  
9_0_0      0.37078501  0.35136619  0.33805086  0.31138256  0.29439595  0.29587948  0.29587948  0.28753155  0.21599293  0.20153752  0.08961984  0.07290551  0.08386193  0.06731434  0.02490974  0.00000000  0.00000000  0.23216155  0.24124751  0.40074717  
18_0_0     0.36629532  0.38609688  0.33448480  0.34353224  0.34353224  0.34536504  0.34536504  0.33622693  0.30077360  0.30951425  0.20256157  0.18242486  0.19543935  0.20364423  0.24767851  0.23216155  0.23216155  0.00000000  0.00977585  0.35334001  
8_0_0      0.37840067  0.37840067  0.34536504  0.35468126  0.35468126  0.35669387  0.35669387  0.34728149  0.31137829  0.32036953  0.21093196  0.19042274  0.20364423  0.21213181  0.25715811  0.24124751  0.24124751  0.00977585  0.00000000  0.33703532  
20_0_0     0.36776394  0.40730451  0.43926605  0.43926605  0.44593380  0.48811436  0.48811436  0.49990195  0.42342791  0.41302072  0.35660606  0.36413432  0.36245277  0.37351980  0.39088215  0.40074717  0.40074717  0.35334001  0.33703532  0.00000000  

