188
75_36_0    0.00000000  0.06283596  0.28711426  0.26523808  0.38679071  0.37669754  0.33764820  0.31424943  0.31887034  0.31887034  0.32819968  0.42324255  0.46722763  0.46722763  0.48442061  0.56391929  0.50202275  0.50798446  0.52005400  0.45598372  0.45042522  0.45598372  0.47864509  0.48442061  0.50202275  0.49024157  0.55749129  0.53232376  0.55111867  0.53232376  0.50798446  0.47864509  0.47864509  0.46158431  0.47291433  0.43943199  0.49610870  0.53232376  0.55111867  0.55749129  0.51399461  0.55749129  0.49610870  0.47864509  0.47864509  0.50202275  0.50202275  0.43943199  0.43943199  0.42324255  0.41264315  0.42859975  0.46158431  0.46722763  0.46722763  0.52616344  0.52005400  0.50202275  0.51399461  0.51399461  0.51399461  0.55749129  0.52616344  0.50798446  0.53232376  0.59020490  0.50798446  0.48442061  0.44490819  0.57040364  0.57040364  0.59020490  0.61745915  0.61745915  0.62443256  0.54480049  0.51399461  0.54480049  0.45042522  0.43943199  0.45598372  0.47864509  0.52005400  0.59020490  0.59020490  0.53853582  0.55111867  0.66032126  0.67517892  0.53232376  0.48442061  0.48442061  0.53232376  0.50202275  0.50202275  0.52616344  0.52616344  0.57694534  0.55749129  0.55749129  0.52616344  0.55111867  0.55749129  0.55749129  0.66771278  0.63857978  0.60370651  0.59020490  0.61745915  0.67517892  0.61745915  0.59692490  0.62443256  0.63147235  0.59692490  0.57694534  0.60370651  0.57694534  0.62443256  0.52616344  0.67517892  0.70582072  0.57040364  0.52005400  0.57694534  0.54480049  0.59020490  0.59692490  0.52005400  0.53853582  0.52616344  0.55111867  0.55111867  0.55749129  0.60370651  0.55111867  0.54480049  0.54480049  0.54480049  0.54480049  0.53853582  0.58354541  0.58354541  0.57694534  0.57040364  0.57694534  0.57040364  0.54480049  0.55749129  0.54480049  0.55111867  0.53853582  0.54480049  0.59020490  0.58354541  0.57694534  0.57694534  0.57694534  0.57040364  0.60370651  0.53853582  0.52616344  0.52005400  0.52005400  0.52616344  0.52005400  0.52005400  0.53232376  0.57040364  0.55111867  0.53232376  0.53232376  0.54480049  0.59020490  0.56391929  0.56391929  0.52005400  0.54480049  0.57040364  0.54480049  0.51399461  0.51399461  0.57694534  0.58354541  0.59020490  0.49610870  0.55111867  0.49024157  
100_36_0   0.06283596  0.00000000  0.30509332  0.28711426  0.38172691  0.36181141  0.33764820  0.32352030  0.30965721  0.32352030  0.33290885  0.41792386  0.47864509  0.46722763  0.49610870  0.55749129  0.49610870  0.49610870  0.51399461  0.49024157  0.49024157  0.49024157  0.49610870  0.50202275  0.53232376  0.47864509  0.58354541  0.57040364  0.60370651  0.55749129  0.48442061  0.47864509  0.47864509  0.45042522  0.46158431  0.43943199  0.50798446  0.53232376  0.56391929  0.55749129  0.50202275  0.50798446  0.48442061  0.49024157  0.47864509  0.49024157  0.47864509  0.41792386  0.41792386  0.41264315  0.40219350  0.41792386  0.43943199  0.45598372  0.45598372  0.53232376  0.50798446  0.52616344  0.52616344  0.52616344  0.52616344  0.50202275  0.50202275  0.49610870  0.53853582  0.57694534  0.45598372  0.47291433  0.43399604  0.61745915  0.61745915  0.63857978  0.63857978  0.63857978  0.63147235  0.57040364  0.53853582  0.55749129  0.48442061  0.46158431  0.46722763  0.49024157  0.54480049  0.61055087  0.61055087  0.53853582  0.53853582  0.61055087  0.67517892  0.52616344  0.49610870  0.49610870  0.54480049  0.51399461  0.51399461  0.52616344  0.49610870  0.57694534  0.56391929  0.54480049  0.52005400  0.54480049  0.56391929  0.55111867  0.65300286  0.63857978  0.62443256  0.59692490  0.64575616  0.69804045  0.61745915  0.61055087  0.63147235  0.63857978  0.59692490  0.59020490  0.59020490  0.55111867  0.62443256  0.56391929  0.67517892  0.69034116  0.58354541  0.54480049  0.52616344  0.57694534  0.61055087  0.59020490  0.53853582  0.52005400  0.52616344  0.56391929  0.59692490  0.57694534  0.63147235  0.58354541  0.57694534  0.57694534  0.57694534  0.56391929  0.54480049  0.59020490  0.57694534  0.56391929  0.60370651  0.60370651  0.61055087  0.55111867  0.59692490  0.58354541  0.59020490  0.57694534  0.57040364  0.62443256  0.63857978  0.63147235  0.61745915  0.59020490  0.59692490  0.61745915  0.54480049  0.52005400  0.52616344  0.52616344  0.52005400  0.51399461  0.50202275  0.50202275  0.56391929  0.54480049  0.52616344  0.52616344  0.59020490  0.62443256  0.60370651  0.59020490  0.57694534  0.55749129  0.59020490  0.57694534  0.53853582  0.53853582  0.61745915  0.62443256  0.64575616  0.47291433  0.50798446  0.48442061  
100_0_0    0.28711426  0.30509332  0.00000000  0.09637611  0.33764820  0.35691521  0.38679071  0.40219350  0.35691521  0.30055742  0.31424943  0.51399461  0.50798446  0.47864509  0.46722763  0.49024157  0.45042522  0.43399604  0.45598372  0.42859975  0.39188942  0.41792386  0.42324255  0.43943199  0.45042522  0.39188942  0.50798446  0.51399461  0.50202275  0.50798446  0.44490819  0.49610870  0.47291433  0.46722763  0.47291433  0.47864509  0.47864509  0.45042522  0.45042522  0.44490819  0.43943199  0.47291433  0.47291433  0.46722763  0.46722763  0.51399461  0.49610870  0.47291433  0.48442061  0.49610870  0.48442061  0.43399604  0.47291433  0.50202275  0.48442061  0.52616344  0.49610870  0.52005400  0.49610870  0.49610870  0.49610870  0.50798446  0.50798446  0.49024157  0.53853582  0.50202275  0.43943199  0.48442061  0.47291433  0.59020490  0.59020490  0.59692490  0.56391929  0.57040364  0.55111867  0.50202275  0.50798446  0.53232376  0.46722763  0.42859975  0.42324255  0.48442061  0.58354541  0.61745915  0.63147235  0.58354541  0.61055087  0.65300286  0.67517892  0.52616344  0.45042522  0.45042522  0.52005400  0.46158431  0.45042522  0.51399461  0.53232376  0.50798446  0.55111867  0.53853582  0.50798446  0.52616344  0.54480049  0.52616344  0.63147235  0.60370651  0.58354541  0.58354541  0.62443256  0.59020490  0.58354541  0.57694534  0.59692490  0.61055087  0.55749129  0.55111867  0.57694534  0.56391929  0.53853582  0.56391929  0.61055087  0.62443256  0.55749129  0.59692490  0.57040364  0.58354541  0.58354541  0.57694534  0.55111867  0.56391929  0.59020490  0.59692490  0.61055087  0.54480049  0.58354541  0.55749129  0.56391929  0.55111867  0.55749129  0.54480049  0.57040364  0.56391929  0.57694534  0.57694534  0.57040364  0.53853582  0.55749129  0.52616344  0.57694534  0.56391929  0.54480049  0.55111867  0.55111867  0.59020490  0.61745915  0.62443256  0.63857978  0.64575616  0.63857978  0.59020490  0.55749129  0.55749129  0.51399461  0.52616344  0.53853582  0.55111867  0.53232376  0.50798446  0.57040364  0.58354541  0.57040364  0.55749129  0.59020490  0.55749129  0.52005400  0.56391929  0.55749129  0.59020490  0.53232376  0.53232376  0.53853582  0.53853582  0.61745915  0.62443256  0.63147235  0.47291433  0.45598372  0.45042522  
75_0_0     0.26523808  0.28711426  0.09637611  0.00000000  0.29604916  0.33290885  0.34241810  0.35691521  0.31424943  0.25666561  0.26093942  0.46158431  0.48442061  0.44490819  0.45042522  0.51399461  0.46158431  0.46158431  0.47291433  0.43399604  0.40219350  0.41792386  0.42324255  0.43399604  0.43943199  0.39188942  0.47864509  0.48442061  0.49024157  0.50798446  0.43943199  0.46722763  0.49024157  0.46158431  0.47864509  0.46722763  0.47291433  0.45598372  0.47864509  0.47291433  0.48442061  0.48442061  0.46158431  0.47291433  0.44490819  0.45042522  0.45042522  0.47864509  0.50202275  0.49610870  0.47864509  0.46158431  0.48442061  0.49024157  0.49610870  0.48442061  0.45042522  0.47864509  0.45042522  0.45042522  0.45042522  0.49024157  0.49024157  0.48442061  0.50798446  0.51399461  0.42859975  0.51399461  0.46158431  0.53232376  0.53232376  0.52616344  0.52616344  0.53232376  0.52616344  0.47864509  0.50202275  0.51399461  0.45042522  0.42859975  0.43399604  0.46158431  0.55111867  0.59020490  0.59020490  0.55749129  0.58354541  0.66771278  0.69034116  0.50798446  0.44490819  0.44490819  0.48442061  0.42859975  0.42324255  0.46158431  0.49024157  0.48442061  0.47291433  0.48442061  0.46158431  0.44490819  0.46158431  0.48442061  0.64575616  0.62443256  0.59020490  0.58354541  0.56391929  0.54480049  0.53853582  0.54480049  0.59692490  0.56391929  0.57694534  0.54480049  0.55111867  0.56391929  0.52005400  0.53232376  0.59020490  0.59692490  0.60370651  0.60370651  0.58354541  0.59020490  0.59692490  0.59020490  0.55749129  0.57694534  0.58354541  0.57694534  0.60370651  0.55749129  0.53853582  0.55111867  0.50202275  0.47864509  0.48442061  0.48442061  0.50798446  0.56391929  0.57040364  0.55111867  0.53232376  0.52616344  0.53232376  0.49024157  0.52616344  0.51399461  0.49024157  0.50798446  0.50798446  0.57694534  0.63147235  0.63857978  0.63857978  0.63857978  0.63147235  0.56391929  0.53853582  0.57040364  0.50798446  0.52005400  0.52005400  0.54480049  0.52616344  0.53853582  0.56391929  0.59020490  0.57040364  0.55749129  0.56391929  0.55749129  0.54480049  0.53232376  0.55111867  0.54480049  0.53853582  0.55111867  0.52616344  0.52616344  0.62443256  0.61745915  0.62443256  0.49024157  0.46158431  0.47864509  
93_0_0     0.38679071  0.38172691  0.33764820  0.29604916  0.00000000  0.19144366  0.24819135  0.23152865  0.23152865  0.19928876  0.19535581  0.40739987  0.42859975  0.40219350  0.41264315  0.50798446  0.43399604  0.45042522  0.48442061  0.46158431  0.46158431  0.47291433  0.46722763  0.46722763  0.50798446  0.45042522  0.47864509  0.47291433  0.46158431  0.47291433  0.47864509  0.51399461  0.49024157  0.46722763  0.47291433  0.48442061  0.50798446  0.46722763  0.49610870  0.49024157  0.53853582  0.53232376  0.46722763  0.51399461  0.49610870  0.45598372  0.43943199  0.53853582  0.56391929  0.53232376  0.52616344  0.55111867  0.48442061  0.51399461  0.51399461  0.42324255  0.37669754  0.41264315  0.40739987  0.40739987  0.40739987  0.39702351  0.39702351  0.40739987  0.42859975  0.42324255  0.47864509  0.49610870  0.44490819  0.50798446  0.50798446  0.51399461  0.52616344  0.53232376  0.53853582  0.53853582  0.52005400  0.54480049  0.51399461  0.51399461  0.53232376  0.50798446  0.56391929  0.56391929  0.57040364  0.52005400  0.52616344  0.63147235  0.61745915  0.55111867  0.50798446  0.50798446  0.53232376  0.53232376  0.52616344  0.52616344  0.50798446  0.58354541  0.55749129  0.53853582  0.53232376  0.55111867  0.55111867  0.56391929  0.63857978  0.64575616  0.62443256  0.62443256  0.64575616  0.59692490  0.61745915  0.65300286  0.70582072  0.69804045  0.61745915  0.63857978  0.62443256  0.63857978  0.59020490  0.57040364  0.59692490  0.61745915  0.59020490  0.57694534  0.56391929  0.60370651  0.53232376  0.54480049  0.52005400  0.53853582  0.55111867  0.55111867  0.53232376  0.59020490  0.61055087  0.60370651  0.59020490  0.59692490  0.59020490  0.55749129  0.55749129  0.62443256  0.61055087  0.55749129  0.63857978  0.55111867  0.55111867  0.53232376  0.56391929  0.56391929  0.55749129  0.52005400  0.52005400  0.58354541  0.60370651  0.61055087  0.58354541  0.59020490  0.57694534  0.52616344  0.53853582  0.55111867  0.53232376  0.52005400  0.54480049  0.56391929  0.53853582  0.55111867  0.55749129  0.57040364  0.57040364  0.55749129  0.55111867  0.55749129  0.52616344  0.51399461  0.51399461  0.50798446  0.53853582  0.50798446  0.50798446  0.50798446  0.57694534  0.61745915  0.62443256  0.47291433  0.46158431  0.47864509  
96_28_0    0.37669754  0.36181141  0.35691521  0.33290885  0.19144366  0.00000000  0.19144366  0.17982986  0.12434817  0.14604406  0.13150966  0.41792386  0.41792386  0.39702351  0.41792386  0.49610870  0.47864509  0.45598372  0.47864509  0.45042522  0.44490819  0.43943199  0.43399604  0.43943199  0.51399461  0.45042522  0.50798446  0.50202275  0.50202275  0.49024157  0.44490819  0.50202275  0.47291433  0.47291433  0.46722763  0.45598372  0.46722763  0.47291433  0.49024157  0.48442061  0.49610870  0.52005400  0.48442061  0.49024157  0.47864509  0.47864509  0.46158431  0.49610870  0.50798446  0.50202275  0.49024157  0.50798446  0.45042522  0.49024157  0.46722763  0.47291433  0.44490819  0.45598372  0.44490819  0.44490819  0.47864509  0.45598372  0.45042522  0.44490819  0.50798446  0.47291433  0.46158431  0.47291433  0.47291433  0.53853582  0.53853582  0.54480049  0.51399461  0.52616344  0.53853582  0.53232376  0.52616344  0.56391929  0.49610870  0.50798446  0.50798446  0.53853582  0.57040364  0.55111867  0.54480049  0.57040364  0.57694534  0.61055087  0.61055087  0.55749129  0.46722763  0.46722763  0.50202275  0.48442061  0.50202275  0.50798446  0.49024157  0.53853582  0.52005400  0.48442061  0.47291433  0.48442061  0.49610870  0.49610870  0.61055087  0.61745915  0.56391929  0.54480049  0.60370651  0.61745915  0.57694534  0.63857978  0.65300286  0.68272119  0.62443256  0.62443256  0.61745915  0.62443256  0.59692490  0.58354541  0.59692490  0.60370651  0.53232376  0.56391929  0.58354541  0.55749129  0.56391929  0.58354541  0.55111867  0.53232376  0.52005400  0.53853582  0.57694534  0.63857978  0.61745915  0.63147235  0.59020490  0.59020490  0.59692490  0.58354541  0.58354541  0.63857978  0.62443256  0.59020490  0.62443256  0.53853582  0.54480049  0.54480049  0.59020490  0.59020490  0.53232376  0.51399461  0.52616344  0.60370651  0.66771278  0.67517892  0.66032126  0.66771278  0.64575616  0.54480049  0.56391929  0.57694534  0.57694534  0.57694534  0.55749129  0.55749129  0.58354541  0.59020490  0.58354541  0.57694534  0.57694534  0.57040364  0.57040364  0.59020490  0.52616344  0.55111867  0.55111867  0.54480049  0.57040364  0.52005400  0.57694534  0.57694534  0.61055087  0.58354541  0.59020490  0.46158431  0.46722763  0.48442061  
99_27_0    0.33764820  0.33764820  0.38679071  0.34241810  0.24819135  0.19144366  0.00000000  0.02449762  0.13874116  0.17599877  0.17218741  0.43943199  0.43943199  0.43399604  0.49024157  0.52616344  0.49024157  0.46722763  0.46722763  0.47864509  0.45598372  0.43399604  0.45042522  0.46722763  0.49024157  0.47864509  0.49024157  0.50202275  0.52005400  0.49024157  0.51399461  0.50798446  0.49610870  0.43399604  0.45042522  0.43943199  0.45042522  0.44490819  0.46158431  0.45598372  0.51399461  0.51399461  0.46722763  0.46722763  0.46158431  0.47291433  0.45598372  0.52005400  0.53232376  0.50202275  0.50202275  0.52616344  0.45598372  0.49610870  0.49610870  0.48442061  0.49024157  0.46722763  0.45598372  0.45598372  0.48442061  0.46722763  0.46158431  0.44490819  0.49610870  0.52005400  0.45598372  0.47864509  0.45042522  0.51399461  0.51399461  0.50798446  0.50798446  0.52005400  0.52005400  0.47291433  0.49024157  0.49024157  0.41792386  0.42324255  0.43399604  0.47291433  0.52616344  0.52616344  0.52616344  0.52616344  0.53232376  0.57040364  0.63857978  0.50798446  0.42324255  0.42324255  0.47291433  0.44490819  0.45598372  0.47291433  0.47864509  0.49610870  0.48442061  0.51399461  0.48442061  0.46158431  0.47864509  0.49024157  0.56391929  0.61055087  0.51399461  0.50798446  0.52616344  0.59020490  0.53853582  0.57040364  0.57040364  0.56391929  0.55111867  0.52616344  0.52005400  0.52616344  0.53232376  0.57694534  0.61745915  0.60370651  0.53232376  0.55749129  0.57040364  0.51399461  0.52005400  0.53853582  0.57040364  0.57040364  0.56391929  0.54480049  0.55749129  0.53232376  0.54480049  0.55749129  0.50798446  0.49610870  0.50202275  0.51399461  0.51399461  0.55111867  0.54480049  0.54480049  0.55749129  0.52616344  0.52616344  0.52005400  0.52616344  0.52616344  0.54480049  0.51399461  0.51399461  0.57040364  0.57040364  0.56391929  0.57040364  0.56391929  0.56391929  0.52616344  0.48442061  0.45598372  0.51399461  0.49024157  0.47864509  0.48442061  0.50798446  0.50202275  0.49610870  0.49610870  0.46722763  0.46158431  0.50202275  0.50202275  0.52616344  0.50798446  0.50798446  0.53232376  0.55749129  0.51399461  0.50798446  0.50798446  0.55111867  0.55749129  0.53853582  0.42324255  0.42324255  0.45598372  
71_27_0    0.31424943  0.32352030  0.40219350  0.35691521  0.23152865  0.17982986  0.02449762  0.00000000  0.13874116  0.18755210  0.18368090  0.42859975  0.42324255  0.40739987  0.47291433  0.52005400  0.48442061  0.47864509  0.46722763  0.45598372  0.44490819  0.42324255  0.44490819  0.46158431  0.47864509  0.45598372  0.50202275  0.49024157  0.50798446  0.47864509  0.52616344  0.52005400  0.49024157  0.43943199  0.45598372  0.43399604  0.45598372  0.47291433  0.49024157  0.48442061  0.50202275  0.52616344  0.46722763  0.47864509  0.47291433  0.47291433  0.46722763  0.53232376  0.54480049  0.51399461  0.51399461  0.53853582  0.46722763  0.49610870  0.49610870  0.47864509  0.47291433  0.45042522  0.45042522  0.45042522  0.46722763  0.46722763  0.44490819  0.41792386  0.49024157  0.51399461  0.47291433  0.47291433  0.45598372  0.50798446  0.50798446  0.50202275  0.50202275  0.51399461  0.51399461  0.47864509  0.47291433  0.47291433  0.43943199  0.43943199  0.45042522  0.47291433  0.52616344  0.52616344  0.52616344  0.51399461  0.52005400  0.59020490  0.66032126  0.52005400  0.41792386  0.41792386  0.46722763  0.45042522  0.46158431  0.47864509  0.48442061  0.50202275  0.49024157  0.50798446  0.47864509  0.46722763  0.49024157  0.48442061  0.57694534  0.62443256  0.53853582  0.53232376  0.55111867  0.61745915  0.55111867  0.58354541  0.59692490  0.59020490  0.57040364  0.55111867  0.54480049  0.53232376  0.53853582  0.55749129  0.61055087  0.61055087  0.55111867  0.54480049  0.55749129  0.51399461  0.52005400  0.55111867  0.54480049  0.55749129  0.56391929  0.53232376  0.57040364  0.53232376  0.55111867  0.55749129  0.50798446  0.49610870  0.50202275  0.51399461  0.51399461  0.56391929  0.55749129  0.53232376  0.55749129  0.53232376  0.52005400  0.53232376  0.52616344  0.52616344  0.54480049  0.52616344  0.52616344  0.56391929  0.57694534  0.57040364  0.57694534  0.57040364  0.54480049  0.51399461  0.49024157  0.46158431  0.52005400  0.50798446  0.49610870  0.49610870  0.51399461  0.52005400  0.50202275  0.49610870  0.47291433  0.46722763  0.47291433  0.49024157  0.52616344  0.50798446  0.48442061  0.50798446  0.54480049  0.50202275  0.50798446  0.50798446  0.53853582  0.54480049  0.52616344  0.43399604  0.43399604  0.44490819  
96_27_0    0.31887034  0.30965721  0.35691521  0.31424943  0.23152865  0.12434817  0.13874116  0.13874116  0.00000000  0.12079327  0.11373430  0.41264315  0.42324255  0.40739987  0.42859975  0.46158431  0.45042522  0.44490819  0.46722763  0.45598372  0.45042522  0.43399604  0.40739987  0.41264315  0.50798446  0.43399604  0.53232376  0.52005400  0.53232376  0.53232376  0.49024157  0.49024157  0.49610870  0.40219350  0.40739987  0.40219350  0.40739987  0.49024157  0.52005400  0.51399461  0.49024157  0.48442061  0.44490819  0.44490819  0.44490819  0.46158431  0.45598372  0.48442061  0.47291433  0.46722763  0.46722763  0.49024157  0.45042522  0.43943199  0.45042522  0.46158431  0.43943199  0.43943199  0.39702351  0.39702351  0.43399604  0.43399604  0.45042522  0.44490819  0.46158431  0.47291433  0.47864509  0.49024157  0.46722763  0.56391929  0.56391929  0.54480049  0.51399461  0.51399461  0.52616344  0.50798446  0.50798446  0.52005400  0.48442061  0.47864509  0.49024157  0.53853582  0.52616344  0.54480049  0.55111867  0.55111867  0.55749129  0.56391929  0.65300286  0.54480049  0.47864509  0.47864509  0.48442061  0.50202275  0.51399461  0.53232376  0.49610870  0.53853582  0.52616344  0.55111867  0.52616344  0.47864509  0.50202275  0.50798446  0.57694534  0.60370651  0.53232376  0.51399461  0.57040364  0.60370651  0.57040364  0.59020490  0.63857978  0.62443256  0.61055087  0.59692490  0.59020490  0.63147235  0.57694534  0.54480049  0.59692490  0.59692490  0.54480049  0.51399461  0.52005400  0.52616344  0.61055087  0.57040364  0.53853582  0.53853582  0.49610870  0.52005400  0.54480049  0.65300286  0.63147235  0.65300286  0.60370651  0.59020490  0.59692490  0.61055087  0.61055087  0.60370651  0.59020490  0.61055087  0.61055087  0.57040364  0.58354541  0.59692490  0.61055087  0.61055087  0.55749129  0.52005400  0.53232376  0.60370651  0.62443256  0.63147235  0.63147235  0.63857978  0.61055087  0.58354541  0.53853582  0.55111867  0.57040364  0.54480049  0.53232376  0.51399461  0.53853582  0.54480049  0.55111867  0.50798446  0.52005400  0.51399461  0.52005400  0.59692490  0.52616344  0.58354541  0.52005400  0.51399461  0.52005400  0.49610870  0.55749129  0.55749129  0.54480049  0.54480049  0.53853582  0.49024157  0.46722763  0.48442061  
71_0_0     0.31887034  0.32352030  0.30055742  0.25666561  0.19928876  0.14604406  0.17599877  0.18755210  0.12079327  0.00000000  0.02449762  0.39702351  0.39188942  0.38679071  0.41792386  0.49610870  0.45598372  0.40219350  0.42324255  0.40739987  0.41264315  0.39188942  0.41792386  0.42859975  0.43943199  0.41792386  0.46158431  0.47291433  0.46722763  0.49610870  0.44490819  0.49610870  0.48442061  0.40219350  0.41792386  0.41792386  0.41792386  0.46722763  0.47291433  0.47864509  0.49024157  0.49024157  0.47291433  0.50202275  0.49610870  0.45598372  0.45042522  0.48442061  0.49610870  0.48442061  0.47291433  0.47864509  0.46158431  0.47864509  0.46722763  0.44490819  0.41792386  0.41792386  0.41792386  0.41792386  0.43399604  0.42859975  0.44490819  0.42859975  0.45598372  0.43943199  0.40219350  0.40219350  0.41792386  0.49024157  0.49024157  0.48442061  0.50202275  0.50202275  0.50202275  0.50202275  0.52005400  0.52005400  0.45598372  0.46158431  0.47291433  0.52005400  0.55111867  0.55749129  0.55111867  0.53853582  0.55111867  0.58354541  0.61055087  0.52616344  0.47291433  0.47291433  0.51399461  0.48442061  0.48442061  0.48442061  0.48442061  0.52616344  0.53853582  0.54480049  0.52616344  0.50202275  0.50798446  0.55749129  0.55749129  0.55749129  0.57694534  0.56391929  0.57040364  0.58354541  0.58354541  0.61055087  0.63857978  0.61055087  0.59692490  0.57694534  0.57040364  0.60370651  0.55111867  0.59692490  0.63147235  0.61745915  0.57040364  0.57040364  0.56391929  0.57040364  0.55111867  0.56391929  0.57040364  0.56391929  0.53232376  0.51399461  0.54480049  0.57694534  0.62443256  0.61745915  0.55749129  0.53232376  0.53853582  0.53853582  0.54480049  0.61055087  0.59020490  0.57694534  0.56391929  0.54480049  0.56391929  0.54480049  0.55749129  0.55749129  0.54480049  0.51399461  0.51399461  0.57694534  0.63857978  0.64575616  0.65300286  0.64575616  0.63147235  0.55111867  0.57040364  0.59020490  0.53853582  0.55111867  0.52616344  0.53232376  0.52005400  0.54480049  0.58354541  0.58354541  0.59692490  0.57040364  0.51399461  0.52005400  0.48442061  0.52616344  0.50202275  0.50202275  0.53853582  0.49024157  0.51399461  0.51399461  0.53853582  0.53232376  0.52616344  0.44490819  0.46722763  0.45042522  
99_0_0     0.32819968  0.33290885  0.31424943  0.26093942  0.19535581  0.13150966  0.17218741  0.18368090  0.11373430  0.02449762  0.00000000  0.37170213  0.37170213  0.37170213  0.37669754  0.48442061  0.46158431  0.41264315  0.42859975  0.39702351  0.40739987  0.38679071  0.42859975  0.43943199  0.42324255  0.41792386  0.45042522  0.46158431  0.46722763  0.48442061  0.43399604  0.47291433  0.47291433  0.39702351  0.41264315  0.42324255  0.41792386  0.47291433  0.47864509  0.48442061  0.48442061  0.50798446  0.48442061  0.49610870  0.50202275  0.45598372  0.45042522  0.50202275  0.51399461  0.50202275  0.49024157  0.49610870  0.47291433  0.49610870  0.48442061  0.45042522  0.43399604  0.42859975  0.41792386  0.41792386  0.44490819  0.43943199  0.44490819  0.44490819  0.45042522  0.45042522  0.40739987  0.40739987  0.41792386  0.49610870  0.49610870  0.49024157  0.47864509  0.47864509  0.49024157  0.51399461  0.53853582  0.53853582  0.45598372  0.47291433  0.48442061  0.51399461  0.53853582  0.55111867  0.54480049  0.53232376  0.54480049  0.59020490  0.63147235  0.51399461  0.48442061  0.48442061  0.50202275  0.48442061  0.49610870  0.49024157  0.50202275  0.53853582  0.53232376  0.52005400  0.50202275  0.49024157  0.49610870  0.54480049  0.60370651  0.59692490  0.56391929  0.55749129  0.57040364  0.57040364  0.59020490  0.61055087  0.65300286  0.63147235  0.60370651  0.59692490  0.59020490  0.62443256  0.53853582  0.57040364  0.60370651  0.59020490  0.55749129  0.56391929  0.56391929  0.54480049  0.57694534  0.59020490  0.57040364  0.53853582  0.52616344  0.52616344  0.53853582  0.59692490  0.62443256  0.63857978  0.55749129  0.54480049  0.55111867  0.53853582  0.53853582  0.60370651  0.58354541  0.56391929  0.57694534  0.54480049  0.57040364  0.56391929  0.56391929  0.56391929  0.55749129  0.53232376  0.53232376  0.58354541  0.63857978  0.64575616  0.65300286  0.64575616  0.63147235  0.52005400  0.55111867  0.57694534  0.52005400  0.54480049  0.50798446  0.51399461  0.52005400  0.54480049  0.57040364  0.58354541  0.57694534  0.55111867  0.53853582  0.54480049  0.49024157  0.54480049  0.50798446  0.50798446  0.53232376  0.49610870  0.52005400  0.52005400  0.56391929  0.55749129  0.55111867  0.45598372  0.46722763  0.43943199  
93_25_0    0.42324255  0.41792386  0.51399461  0.46158431  0.40739987  0.41792386  0.43943199  0.42859975  0.41264315  0.39702351  0.37170213  0.00000000  0.13874116  0.12079327  0.22333598  0.38679071  0.33764820  0.34241810  0.37170213  0.36181141  0.36181141  0.37170213  0.31887034  0.31424943  0.34721897  0.36181141  0.36674024  0.38172691  0.40219350  0.39188942  0.38172691  0.40739987  0.39188942  0.37170213  0.37669754  0.37170213  0.40739987  0.43943199  0.44490819  0.43943199  0.43399604  0.43399604  0.38679071  0.40219350  0.38679071  0.41264315  0.41264315  0.36181141  0.37669754  0.37170213  0.37170213  0.38679071  0.37669754  0.37669754  0.36674024  0.38679071  0.37170213  0.36181141  0.38172691  0.38172691  0.36674024  0.37669754  0.35691521  0.37669754  0.39188942  0.39188942  0.39188942  0.45042522  0.41792386  0.46158431  0.46158431  0.47291433  0.44490819  0.43943199  0.45598372  0.46722763  0.46722763  0.49024157  0.45042522  0.44490819  0.46158431  0.47864509  0.53853582  0.54480049  0.54480049  0.46158431  0.45598372  0.57040364  0.61055087  0.50798446  0.44490819  0.44490819  0.45042522  0.46158431  0.45598372  0.43399604  0.43399604  0.48442061  0.45042522  0.41792386  0.41792386  0.41792386  0.43399604  0.44490819  0.58354541  0.61055087  0.60370651  0.61055087  0.64575616  0.66032126  0.57694534  0.63147235  0.65300286  0.62443256  0.58354541  0.58354541  0.58354541  0.60370651  0.59692490  0.55111867  0.56391929  0.58354541  0.49024157  0.44490819  0.52616344  0.45042522  0.53232376  0.53232376  0.49024157  0.47291433  0.44490819  0.47864509  0.47291433  0.44490819  0.50798446  0.47864509  0.42859975  0.45042522  0.44490819  0.40739987  0.43399604  0.48442061  0.49610870  0.42859975  0.47864509  0.46158431  0.46722763  0.46722763  0.47864509  0.47864509  0.47864509  0.45598372  0.44490819  0.50202275  0.57694534  0.57694534  0.58354541  0.57040364  0.56391929  0.53232376  0.49024157  0.55111867  0.53853582  0.54480049  0.54480049  0.52616344  0.54480049  0.56391929  0.58354541  0.56391929  0.55749129  0.54480049  0.55749129  0.57694534  0.54480049  0.55111867  0.50798446  0.53232376  0.49024157  0.49610870  0.53232376  0.53853582  0.56391929  0.57694534  0.58354541  0.43399604  0.45042522  0.35691521  
93_26_0    0.46722763  0.47864509  0.50798446  0.48442061  0.42859975  0.41792386  0.43943199  0.42324255  0.42324255  0.39188942  0.37170213  0.13874116  0.00000000  0.11373430  0.22742097  0.38172691  0.34721897  0.35691521  0.38679071  0.33290885  0.35205120  0.37170213  0.37669754  0.37170213  0.35691521  0.39702351  0.40219350  0.41264315  0.41264315  0.40219350  0.40739987  0.46722763  0.42324255  0.34721897  0.36181141  0.35205120  0.40219350  0.41792386  0.41792386  0.42324255  0.43943199  0.45598372  0.42324255  0.46158431  0.43943199  0.47291433  0.48442061  0.41264315  0.41792386  0.42859975  0.41792386  0.47291433  0.43399604  0.42859975  0.41792386  0.38172691  0.42324255  0.37170213  0.41264315  0.41264315  0.38679071  0.41792386  0.39188942  0.40219350  0.37669754  0.39188942  0.46722763  0.50798446  0.47864509  0.50798446  0.50798446  0.52005400  0.45598372  0.45042522  0.46722763  0.46158431  0.43943199  0.47864509  0.46158431  0.45598372  0.46158431  0.47864509  0.49610870  0.51399461  0.50798446  0.47291433  0.47864509  0.54480049  0.59692490  0.50202275  0.51399461  0.51399461  0.52005400  0.51399461  0.51399461  0.46722763  0.50202275  0.51399461  0.50798446  0.47864509  0.47291433  0.48442061  0.47864509  0.49024157  0.62443256  0.63147235  0.60370651  0.59692490  0.61055087  0.62443256  0.57694534  0.61055087  0.61055087  0.59692490  0.60370651  0.60370651  0.60370651  0.59692490  0.58354541  0.58354541  0.67517892  0.66771278  0.47864509  0.43943199  0.49610870  0.49024157  0.56391929  0.55111867  0.52616344  0.49610870  0.50798446  0.47291433  0.55111867  0.46722763  0.52005400  0.49024157  0.43943199  0.46722763  0.46158431  0.43943199  0.45598372  0.49024157  0.49610870  0.45042522  0.48442061  0.52616344  0.53232376  0.52616344  0.52005400  0.52005400  0.51399461  0.46722763  0.45598372  0.52616344  0.59020490  0.59020490  0.60370651  0.59692490  0.58354541  0.53853582  0.48442061  0.51399461  0.55111867  0.56391929  0.55749129  0.53232376  0.57040364  0.55749129  0.58354541  0.56391929  0.57040364  0.55111867  0.51399461  0.53232376  0.49024157  0.49610870  0.51399461  0.51399461  0.53232376  0.51399461  0.53853582  0.54480049  0.55749129  0.57694534  0.57040364  0.45598372  0.48442061  0.39702351  
93_23_0    0.46722763  0.46722763  0.47864509  0.44490819  0.40219350  0.39702351  0.43399604  0.40739987  0.40739987  0.38679071  0.37170213  0.12079327  0.11373430  0.00000000  0.23981308  0.34241810  0.33290885  0.37170213  0.40739987  0.33290885  0.34241810  0.36181141  0.36674024  0.36181141  0.33290885  0.39702351  0.41792386  0.42324255  0.40219350  0.44490819  0.38172691  0.41792386  0.37669754  0.34721897  0.35205120  0.35205120  0.39702351  0.42324255  0.42859975  0.42324255  0.45598372  0.40219350  0.38679071  0.41792386  0.39188942  0.45042522  0.46158431  0.38172691  0.39702351  0.41264315  0.40219350  0.42859975  0.39702351  0.39188942  0.38172691  0.35691521  0.38172691  0.35205120  0.38172691  0.38172691  0.36674024  0.38679071  0.38172691  0.37669754  0.37669754  0.36181141  0.39702351  0.43399604  0.38679071  0.49024157  0.49024157  0.50202275  0.47291433  0.46722763  0.48442061  0.49024157  0.47864509  0.50798446  0.46722763  0.46158431  0.46722763  0.47864509  0.58354541  0.57040364  0.56391929  0.52005400  0.53853582  0.59692490  0.59692490  0.55749129  0.49610870  0.49610870  0.51399461  0.50202275  0.49024157  0.44490819  0.46158431  0.46722763  0.48442061  0.46722763  0.47291433  0.46722763  0.47291433  0.49024157  0.63147235  0.69034116  0.62443256  0.63147235  0.67517892  0.68272119  0.61055087  0.65300286  0.65300286  0.61055087  0.62443256  0.63857978  0.62443256  0.59020490  0.57040364  0.58354541  0.61745915  0.62443256  0.50798446  0.48442061  0.53853582  0.50202275  0.60370651  0.59692490  0.53232376  0.53853582  0.52616344  0.50202275  0.55749129  0.53853582  0.56391929  0.55749129  0.51399461  0.53853582  0.54480049  0.50202275  0.53232376  0.53232376  0.53853582  0.51399461  0.53853582  0.53853582  0.54480049  0.52616344  0.57040364  0.57040364  0.52616344  0.47864509  0.46722763  0.52005400  0.57694534  0.57694534  0.58354541  0.59020490  0.55111867  0.52005400  0.48442061  0.56391929  0.57040364  0.55749129  0.58354541  0.55111867  0.59020490  0.59020490  0.59692490  0.56391929  0.57040364  0.55749129  0.55111867  0.55749129  0.50798446  0.51399461  0.52005400  0.50798446  0.50798446  0.47864509  0.53853582  0.54480049  0.63857978  0.66032126  0.65300286  0.49024157  0.47291433  0.39702351  
91_23_0    0.48442061  0.49610870  0.46722763  0.45042522  0.41264315  0.41792386  0.49024157  0.47291433  0.42859975  0.41792386  0.37669754  0.22333598  0.22742097  0.23981308  0.00000000  0.36181141  0.32352030  0.31424943  0.31887034  0.27828599  0.29156822  0.28711426  0.32819968  0.32819968  0.34241810  0.33764820  0.35691521  0.34721897  0.34721897  0.37170213  0.35205120  0.36674024  0.40219350  0.38679071  0.39188942  0.39188942  0.40219350  0.39702351  0.41264315  0.40739987  0.47864509  0.45042522  0.42324255  0.41792386  0.41792386  0.47291433  0.47864509  0.42859975  0.44490819  0.43943199  0.42859975  0.44490819  0.43943199  0.46158431  0.45042522  0.35205120  0.34241810  0.37669754  0.38172691  0.38172691  0.37669754  0.39702351  0.37170213  0.37170213  0.36674024  0.35691521  0.40219350  0.43943199  0.37669754  0.52005400  0.52005400  0.54480049  0.45042522  0.44490819  0.46158431  0.50798446  0.50202275  0.50798446  0.45042522  0.44490819  0.47864509  0.51399461  0.55111867  0.56391929  0.57040364  0.49610870  0.50202275  0.56391929  0.59020490  0.50798446  0.46158431  0.46158431  0.43943199  0.47864509  0.47864509  0.46158431  0.48442061  0.49610870  0.49610870  0.46158431  0.47291433  0.47291433  0.47864509  0.48442061  0.66032126  0.66032126  0.59020490  0.58354541  0.59020490  0.59020490  0.59020490  0.61055087  0.61055087  0.60370651  0.59692490  0.59692490  0.61055087  0.58354541  0.57694534  0.46722763  0.55111867  0.55749129  0.44490819  0.45042522  0.46722763  0.49024157  0.53232376  0.53853582  0.42859975  0.42859975  0.40219350  0.41792386  0.41264315  0.44490819  0.45042522  0.44490819  0.41792386  0.43399604  0.43943199  0.39702351  0.41264315  0.43399604  0.48442061  0.42324255  0.46158431  0.52005400  0.52616344  0.44490819  0.48442061  0.47291433  0.45042522  0.39702351  0.39702351  0.43943199  0.63857978  0.63857978  0.60370651  0.61055087  0.59020490  0.49024157  0.49610870  0.49610870  0.46158431  0.47291433  0.49610870  0.49024157  0.49610870  0.50798446  0.49024157  0.47864509  0.49610870  0.47864509  0.47864509  0.49610870  0.47291433  0.50798446  0.47291433  0.47864509  0.46158431  0.46722763  0.47291433  0.47864509  0.54480049  0.56391929  0.57694534  0.42324255  0.39702351  0.35691521  
75_23_0    0.56391929  0.55749129  0.49024157  0.51399461  0.50798446  0.49610870  0.52616344  0.52005400  0.46158431  0.49610870  0.48442061  0.38679071  0.38172691  0.34241810  0.36181141  0.00000000  0.06942342  0.48442061  0.52005400  0.42324255  0.39702351  0.41792386  0.42324255  0.43943199  0.46158431  0.43943199  0.44490819  0.43399604  0.44490819  0.43943199  0.44490819  0.43399604  0.39702351  0.40219350  0.39702351  0.43943199  0.43399604  0.45042522  0.45598372  0.45042522  0.52616344  0.41792386  0.49610870  0.50202275  0.49024157  0.50798446  0.50202275  0.48442061  0.50202275  0.49024157  0.48442061  0.46722763  0.45042522  0.51399461  0.50202275  0.43399604  0.45598372  0.43399604  0.41792386  0.41792386  0.41792386  0.43399604  0.41792386  0.43399604  0.46722763  0.42324255  0.49024157  0.50798446  0.46158431  0.61055087  0.61055087  0.63147235  0.55111867  0.54480049  0.53853582  0.56391929  0.55749129  0.57040364  0.59692490  0.58354541  0.57040364  0.61055087  0.61745915  0.53853582  0.54480049  0.58354541  0.59692490  0.59020490  0.57040364  0.57694534  0.55749129  0.55749129  0.56391929  0.58354541  0.56391929  0.58354541  0.57040364  0.55111867  0.58354541  0.60370651  0.59020490  0.59692490  0.61745915  0.61055087  0.66032126  0.66771278  0.61055087  0.59692490  0.66032126  0.61055087  0.61055087  0.61745915  0.69804045  0.68272119  0.62443256  0.59692490  0.62443256  0.66032126  0.59692490  0.66032126  0.62443256  0.66032126  0.54480049  0.52616344  0.56391929  0.57694534  0.62443256  0.59020490  0.62443256  0.55749129  0.55749129  0.57040364  0.63147235  0.59020490  0.60370651  0.57694534  0.56391929  0.56391929  0.57040364  0.55749129  0.56391929  0.52616344  0.53232376  0.61745915  0.59692490  0.58354541  0.59020490  0.55111867  0.63857978  0.62443256  0.53853582  0.55749129  0.57040364  0.56391929  0.67517892  0.67517892  0.68272119  0.69804045  0.63857978  0.58354541  0.53232376  0.54480049  0.59020490  0.61745915  0.60370651  0.57694534  0.59020490  0.57694534  0.59020490  0.59692490  0.59692490  0.59020490  0.63147235  0.59020490  0.51399461  0.53232376  0.57040364  0.59020490  0.57694534  0.58354541  0.55749129  0.56391929  0.59020490  0.61055087  0.61055087  0.52005400  0.43943199  0.47864509  
100_41_0   0.50202275  0.49610870  0.45042522  0.46158431  0.43399604  0.47864509  0.49024157  0.48442061  0.45042522  0.45598372  0.46158431  0.33764820  0.34721897  0.33290885  0.32352030  0.06942342  0.00000000  0.41792386  0.46722763  0.37170213  0.36674024  0.38679071  0.39188942  0.40739987  0.42324255  0.39702351  0.46158431  0.45042522  0.45042522  0.46158431  0.38679071  0.38172691  0.38172691  0.37170213  0.36674024  0.39188942  0.40219350  0.42324255  0.44490819  0.43943199  0.52005400  0.40739987  0.47864509  0.50202275  0.47864509  0.49024157  0.49610870  0.45598372  0.47291433  0.45598372  0.45598372  0.46158431  0.45042522  0.48442061  0.48442061  0.42859975  0.44490819  0.44490819  0.42324255  0.42324255  0.43399604  0.42859975  0.40219350  0.41792386  0.46722763  0.44490819  0.45598372  0.47291433  0.43943199  0.55749129  0.55749129  0.57694534  0.56391929  0.55749129  0.55111867  0.53232376  0.50202275  0.50798446  0.53853582  0.53232376  0.52005400  0.53232376  0.52616344  0.53232376  0.52616344  0.49610870  0.52005400  0.53232376  0.53853582  0.53853582  0.48442061  0.48442061  0.49610870  0.50202275  0.49024157  0.50202275  0.49024157  0.52616344  0.52005400  0.53232376  0.53232376  0.54480049  0.55111867  0.52616344  0.67517892  0.65300286  0.61055087  0.59692490  0.67517892  0.61055087  0.59020490  0.61745915  0.66771278  0.66771278  0.55749129  0.55749129  0.58354541  0.60370651  0.58354541  0.60370651  0.57040364  0.60370651  0.49610870  0.47291433  0.51399461  0.57694534  0.57694534  0.55749129  0.56391929  0.53232376  0.50798446  0.53232376  0.55749129  0.55111867  0.55749129  0.54480049  0.50202275  0.52005400  0.52616344  0.49610870  0.50798446  0.51399461  0.52005400  0.55111867  0.52005400  0.56391929  0.57040364  0.49610870  0.55111867  0.53853582  0.50202275  0.49024157  0.50202275  0.52005400  0.62443256  0.62443256  0.61745915  0.63147235  0.59020490  0.56391929  0.53232376  0.55111867  0.55111867  0.59020490  0.61745915  0.57694534  0.57040364  0.55749129  0.57040364  0.57694534  0.58354541  0.56391929  0.57694534  0.55111867  0.50202275  0.52005400  0.53232376  0.53853582  0.53232376  0.54480049  0.54480049  0.55111867  0.55749129  0.57040364  0.57040364  0.49024157  0.42859975  0.46722763  
