157
12_0_0     0.00000000  0.09527888  0.23983931  0.23262699  0.24712167  0.20445210  0.23262699  0.22548339  0.26190208  0.28463378  0.22548339  0.24712167  0.21840721  0.20445210  0.20445210  0.20445210  0.20445210  0.30807625  0.21139719  0.26190208  0.29236678  0.21840721  0.24712167  0.21840721  0.23262699  0.22548339  0.23262699  0.22548339  0.23262699  0.29236678  0.24712167  0.28463378  0.26190208  0.26940300  0.24712167  0.26190208  0.24712167  0.24712167  0.22548339  0.29236678  0.30018037  0.34885318  0.36580584  0.34885318  0.38315068  0.35728160  0.33227536  0.33227536  0.34885318  0.36580584  0.35728160  0.31605615  0.31605615  0.41909254  0.40994427  0.44722675  0.42835381  0.42835381  0.41909254  0.42835381  0.37442811  0.36580584  0.34051846  0.33227536  0.46658704  0.49659831  0.43773090  0.39197592  0.42835381  0.40994427  0.37442811  0.37442811  0.25447545  0.29236678  0.29236678  0.28463378  0.30018037  0.29236678  0.31605615  0.34051846  0.28463378  0.30018037  0.31605615  0.30807625  0.34885318  0.36580584  0.37442811  0.41909254  0.36580584  0.45684441  0.44722675  0.42835381  0.42835381  0.46658704  0.48646050  0.23983931  0.26190208  0.25447545  0.24712167  0.24712167  0.30018037  0.31605615  0.32412190  0.31605615  0.33227536  0.30018037  0.30807625  0.30807625  0.30807625  0.30807625  0.30018037  0.40090627  0.40090627  0.32412190  0.29236678  0.33227536  0.30018037  0.31605615  0.26940300  0.36580584  0.36580584  0.36580584  0.32412190  0.30807625  0.34051846  0.34051846  0.33227536  0.31605615  0.30807625  0.34885318  0.34885318  0.35728160  0.36580584  0.31605615  0.32412190  0.30807625  0.26190208  0.30018037  0.28463378  0.35728160  0.34885318  0.43773090  0.34885318  0.33227536  0.30807625  0.25447545  0.33227536  0.30018037  0.31605615  0.33227536  0.33227536  0.37442811  0.37442811  0.28463378  0.32412190  0.26190208  0.28463378  
9_0_0      0.09527888  0.00000000  0.27697972  0.26940300  0.28463378  0.25447545  0.25447545  0.24712167  0.23262699  0.26940300  0.20445210  0.22548339  0.19757075  0.23983931  0.23262699  0.21840721  0.21840721  0.30018037  0.23983931  0.25447545  0.28463378  0.19075198  0.21840721  0.26190208  0.23262699  0.23262699  0.27697972  0.26940300  0.27697972  0.30018037  0.26940300  0.27697972  0.28463378  0.27697972  0.26940300  0.26940300  0.26940300  0.25447545  0.26190208  0.30018037  0.29236678  0.28463378  0.30807625  0.30807625  0.34051846  0.33227536  0.34885318  0.34885318  0.36580584  0.36580584  0.35728160  0.34051846  0.34051846  0.41909254  0.39197592  0.44722675  0.42835381  0.40994427  0.41909254  0.44722675  0.37442811  0.36580584  0.37442811  0.36580584  0.44722675  0.45684441  0.46658704  0.39197592  0.42835381  0.39197592  0.34051846  0.34051846  0.25447545  0.27697972  0.29236678  0.28463378  0.28463378  0.27697972  0.28463378  0.30807625  0.30018037  0.25447545  0.30807625  0.30018037  0.35728160  0.35728160  0.34885318  0.37442811  0.32412190  0.56048427  0.54945141  0.45684441  0.45684441  0.48646050  0.50687508  0.23983931  0.23262699  0.25447545  0.24712167  0.24712167  0.26940300  0.27697972  0.26940300  0.26190208  0.27697972  0.32412190  0.33227536  0.33227536  0.33227536  0.33227536  0.30807625  0.40994427  0.40994427  0.31605615  0.32412190  0.34051846  0.34051846  0.33227536  0.28463378  0.33227536  0.34051846  0.34885318  0.30807625  0.27697972  0.29236678  0.29236678  0.28463378  0.27697972  0.27697972  0.28463378  0.28463378  0.29236678  0.30018037  0.26940300  0.29236678  0.27697972  0.30807625  0.30018037  0.34885318  0.36580584  0.34885318  0.43773090  0.36580584  0.38315068  0.38315068  0.25447545  0.31605615  0.32412190  0.34885318  0.34885318  0.33227536  0.37442811  0.38315068  0.30807625  0.28463378  0.26190208  0.26940300  
7_1_0      0.23983931  0.27697972  0.00000000  0.02678869  0.18399466  0.17729770  0.13832543  0.11957351  0.16408059  0.20445210  0.17066002  0.17729770  0.16408059  0.18399466  0.20445210  0.20445210  0.20445210  0.22548339  0.18399466  0.26190208  0.24712167  0.20445210  0.21840721  0.23983931  0.24712167  0.24712167  0.22548339  0.21840721  0.19757075  0.26190208  0.23262699  0.27697972  0.23262699  0.26190208  0.21840721  0.23262699  0.22548339  0.23983931  0.21840721  0.32412190  0.33227536  0.40090627  0.41909254  0.40090627  0.32412190  0.34885318  0.34885318  0.34885318  0.40090627  0.42835381  0.44722675  0.35728160  0.35728160  0.35728160  0.40090627  0.39197592  0.38315068  0.40090627  0.39197592  0.40090627  0.39197592  0.38315068  0.33227536  0.34885318  0.40994427  0.43773090  0.39197592  0.40090627  0.34885318  0.34885318  0.35728160  0.35728160  0.28463378  0.33227536  0.33227536  0.34051846  0.34051846  0.33227536  0.25447545  0.29236678  0.26190208  0.26940300  0.26940300  0.25447545  0.34885318  0.36580584  0.27697972  0.33227536  0.33227536  0.42835381  0.41909254  0.40994427  0.41909254  0.38315068  0.40090627  0.24712167  0.26190208  0.22548339  0.23262699  0.23262699  0.23983931  0.28463378  0.29236678  0.28463378  0.30018037  0.30018037  0.29236678  0.29236678  0.29236678  0.29236678  0.28463378  0.38315068  0.38315068  0.31605615  0.36580584  0.34885318  0.30807625  0.28463378  0.24712167  0.32412190  0.32412190  0.32412190  0.33227536  0.29236678  0.30807625  0.30807625  0.30807625  0.32412190  0.29236678  0.35728160  0.34051846  0.33227536  0.34051846  0.30018037  0.29236678  0.26190208  0.23983931  0.30018037  0.29236678  0.28463378  0.30807625  0.39197592  0.41909254  0.25447545  0.28463378  0.27697972  0.27697972  0.33227536  0.33227536  0.34051846  0.41909254  0.39197592  0.41909254  0.31605615  0.31605615  0.21139719  0.23262699  
5_1_0      0.23262699  0.26940300  0.02678869  0.00000000  0.19075198  0.18399466  0.13202254  0.11342566  0.17066002  0.19757075  0.16408059  0.17066002  0.15755839  0.16408059  0.19757075  0.19757075  0.19757075  0.21840721  0.17729770  0.25447545  0.23983931  0.21139719  0.21139719  0.24712167  0.23983931  0.27697972  0.23983931  0.23262699  0.21139719  0.26190208  0.24712167  0.29236678  0.24712167  0.26190208  0.21840721  0.23262699  0.23983931  0.23983931  0.23262699  0.34051846  0.34885318  0.41909254  0.43773090  0.40090627  0.34051846  0.36580584  0.39197592  0.37442811  0.40994427  0.43773090  0.45684441  0.38315068  0.38315068  0.34885318  0.40994427  0.38315068  0.37442811  0.39197592  0.38315068  0.39197592  0.40090627  0.39197592  0.30807625  0.35728160  0.41909254  0.44722675  0.41909254  0.44722675  0.39197592  0.39197592  0.38315068  0.38315068  0.29236678  0.34051846  0.32412190  0.33227536  0.36580584  0.35728160  0.27697972  0.31605615  0.28463378  0.29236678  0.26190208  0.26190208  0.34051846  0.35728160  0.28463378  0.34051846  0.32412190  0.38315068  0.37442811  0.40994427  0.41909254  0.38315068  0.40090627  0.25447545  0.26940300  0.23262699  0.23983931  0.23983931  0.24712167  0.27697972  0.28463378  0.27697972  0.29236678  0.32412190  0.31605615  0.31605615  0.31605615  0.31605615  0.30807625  0.39197592  0.39197592  0.32412190  0.34051846  0.37442811  0.31605615  0.30807625  0.26940300  0.31605615  0.32412190  0.31605615  0.32412190  0.30018037  0.31605615  0.31605615  0.33227536  0.33227536  0.30018037  0.36580584  0.34885318  0.34051846  0.34885318  0.30807625  0.31605615  0.26940300  0.24712167  0.29236678  0.30018037  0.29236678  0.31605615  0.38315068  0.40994427  0.27697972  0.30807625  0.26940300  0.28463378  0.34051846  0.33227536  0.34051846  0.41909254  0.40994427  0.41909254  0.33227536  0.31605615  0.21840721  0.23983931  
18_1_0     0.24712167  0.28463378  0.18399466  0.19075198  0.00000000  0.10732780  0.21139719  0.20445210  0.23262699  0.26190208  0.21840721  0.21139719  0.19757075  0.20445210  0.21139719  0.19757075  0.19757075  0.28463378  0.22548339  0.32412190  0.32412190  0.27697972  0.30018037  0.28463378  0.27697972  0.29236678  0.25447545  0.24712167  0.26940300  0.28463378  0.27697972  0.30807625  0.29236678  0.29236678  0.26190208  0.30807625  0.26940300  0.28463378  0.27697972  0.32412190  0.31605615  0.39197592  0.40090627  0.40994427  0.34051846  0.36580584  0.34885318  0.36580584  0.40090627  0.40994427  0.44722675  0.35728160  0.35728160  0.43773090  0.42835381  0.48646050  0.45684441  0.44722675  0.45684441  0.46658704  0.46658704  0.45684441  0.35728160  0.37442811  0.41909254  0.39197592  0.31605615  0.34885318  0.36580584  0.33227536  0.47645793  0.47645793  0.30018037  0.30018037  0.33227536  0.32412190  0.32412190  0.31605615  0.29236678  0.30018037  0.30018037  0.34051846  0.33227536  0.31605615  0.41909254  0.43773090  0.35728160  0.37442811  0.37442811  0.51729466  0.50687508  0.45684441  0.46658704  0.41909254  0.43773090  0.32412190  0.34051846  0.30807625  0.31605615  0.31605615  0.30807625  0.34051846  0.34885318  0.34051846  0.35728160  0.39197592  0.40090627  0.40090627  0.40090627  0.40090627  0.39197592  0.42835381  0.42835381  0.38315068  0.40994427  0.39197592  0.38315068  0.35728160  0.29236678  0.42835381  0.42835381  0.42835381  0.36580584  0.35728160  0.35728160  0.34051846  0.39197592  0.38315068  0.35728160  0.37442811  0.37442811  0.38315068  0.39197592  0.33227536  0.34051846  0.32412190  0.27697972  0.27697972  0.29236678  0.31605615  0.35728160  0.36580584  0.37442811  0.29236678  0.30807625  0.30018037  0.28463378  0.33227536  0.37442811  0.35728160  0.38315068  0.42835381  0.35728160  0.32412190  0.30807625  0.26190208  0.25447545  
17_1_0     0.20445210  0.25447545  0.17729770  0.18399466  0.10732780  0.00000000  0.20445210  0.18399466  0.21139719  0.22548339  0.19757075  0.21840721  0.20445210  0.17066002  0.19075198  0.17729770  0.17729770  0.23983931  0.26940300  0.30807625  0.34051846  0.28463378  0.30807625  0.29236678  0.26940300  0.26940300  0.23262699  0.22548339  0.24712167  0.29236678  0.23983931  0.25447545  0.23983931  0.26940300  0.25447545  0.25447545  0.24712167  0.26190208  0.25447545  0.34051846  0.33227536  0.40994427  0.43773090  0.39197592  0.34051846  0.38315068  0.32412190  0.30807625  0.39197592  0.38315068  0.41909254  0.34885318  0.34885318  0.41909254  0.40994427  0.41909254  0.37442811  0.45684441  0.46658704  0.45684441  0.42835381  0.41909254  0.34051846  0.32412190  0.40994427  0.41909254  0.34051846  0.30018037  0.34885318  0.31605615  0.37442811  0.37442811  0.31605615  0.35728160  0.34051846  0.33227536  0.33227536  0.32412190  0.28463378  0.30807625  0.26190208  0.30018037  0.34051846  0.32412190  0.39197592  0.39197592  0.36580584  0.40090627  0.34885318  0.47645793  0.46658704  0.41909254  0.40994427  0.40090627  0.41909254  0.30018037  0.31605615  0.29236678  0.30018037  0.29236678  0.30018037  0.30018037  0.30807625  0.30018037  0.31605615  0.30018037  0.30807625  0.30807625  0.30807625  0.30807625  0.26940300  0.41909254  0.41909254  0.33227536  0.37442811  0.30018037  0.34051846  0.33227536  0.28463378  0.33227536  0.33227536  0.34885318  0.34051846  0.33227536  0.33227536  0.31605615  0.32412190  0.31605615  0.31605615  0.35728160  0.35728160  0.36580584  0.37442811  0.32412190  0.33227536  0.30018037  0.26940300  0.30018037  0.28463378  0.30807625  0.34885318  0.34885318  0.34051846  0.28463378  0.30018037  0.27697972  0.30807625  0.34051846  0.32412190  0.34885318  0.39197592  0.41909254  0.41909254  0.36580584  0.31605615  0.27697972  0.26940300  
17_6_0     0.23262699  0.25447545  0.13832543  0.13202254  0.21139719  0.20445210  0.00000000  0.04893083  0.17729770  0.21840721  0.19757075  0.19075198  0.19075198  0.21139719  0.23262699  0.23262699  0.23262699  0.24712167  0.21840721  0.29236678  0.27697972  0.24712167  0.26190208  0.28463378  0.24712167  0.29236678  0.22548339  0.21840721  0.21139719  0.24712167  0.22548339  0.28463378  0.25447545  0.25447545  0.22548339  0.23983931  0.22548339  0.22548339  0.24712167  0.36580584  0.35728160  0.43773090  0.44722675  0.41909254  0.38315068  0.39197592  0.40090627  0.40090627  0.38315068  0.39197592  0.40994427  0.37442811  0.37442811  0.38315068  0.44722675  0.44722675  0.43773090  0.44722675  0.43773090  0.46658704  0.43773090  0.42835381  0.29236678  0.27697972  0.44722675  0.45684441  0.39197592  0.40994427  0.37442811  0.37442811  0.40994427  0.40994427  0.30018037  0.31605615  0.35728160  0.33227536  0.37442811  0.36580584  0.22548339  0.23262699  0.24712167  0.25447545  0.25447545  0.25447545  0.36580584  0.38315068  0.32412190  0.38315068  0.35728160  0.40994427  0.40090627  0.37442811  0.40090627  0.38315068  0.40090627  0.26940300  0.30807625  0.25447545  0.26190208  0.26190208  0.26940300  0.27697972  0.28463378  0.29236678  0.29236678  0.34051846  0.34885318  0.34885318  0.34885318  0.34885318  0.34051846  0.35728160  0.35728160  0.30018037  0.37442811  0.34051846  0.33227536  0.34051846  0.28463378  0.35728160  0.36580584  0.35728160  0.31605615  0.30807625  0.32412190  0.32412190  0.33227536  0.33227536  0.29236678  0.34051846  0.34051846  0.34885318  0.35728160  0.31605615  0.32412190  0.29236678  0.26940300  0.31605615  0.30807625  0.33227536  0.32412190  0.42835381  0.30807625  0.31605615  0.33227536  0.26190208  0.30807625  0.38315068  0.38315068  0.37442811  0.40090627  0.42835381  0.37442811  0.34051846  0.34051846  0.25447545  0.26190208  
18_6_0     0.22548339  0.24712167  0.11957351  0.11342566  0.20445210  0.18399466  0.04893083  0.00000000  0.17066002  0.21139719  0.17729770  0.18399466  0.17066002  0.19075198  0.21139719  0.21139719  0.21139719  0.23262699  0.19075198  0.28463378  0.28463378  0.21840721  0.23262699  0.23983931  0.21840721  0.26940300  0.22548339  0.21840721  0.21139719  0.24712167  0.21840721  0.27697972  0.23262699  0.24712167  0.21139719  0.23262699  0.21139719  0.21139719  0.23262699  0.37442811  0.36580584  0.46658704  0.47645793  0.44722675  0.35728160  0.40090627  0.37442811  0.35728160  0.39197592  0.40090627  0.41909254  0.36580584  0.36580584  0.39197592  0.41909254  0.42835381  0.41909254  0.45684441  0.44722675  0.47645793  0.44722675  0.43773090  0.30807625  0.30018037  0.42835381  0.43773090  0.39197592  0.38315068  0.34885318  0.34885318  0.38315068  0.38315068  0.28463378  0.31605615  0.30807625  0.30018037  0.35728160  0.34885318  0.21840721  0.22548339  0.22548339  0.24712167  0.26190208  0.24712167  0.34051846  0.35728160  0.30807625  0.34885318  0.32412190  0.43773090  0.42835381  0.40090627  0.39197592  0.37442811  0.37442811  0.23262699  0.28463378  0.23262699  0.23983931  0.23983931  0.24712167  0.26940300  0.27697972  0.28463378  0.28463378  0.33227536  0.34051846  0.34051846  0.34051846  0.34051846  0.31605615  0.34885318  0.34885318  0.28463378  0.38315068  0.33227536  0.30807625  0.31605615  0.26190208  0.36580584  0.37442811  0.36580584  0.30807625  0.30018037  0.31605615  0.31605615  0.32412190  0.32412190  0.28463378  0.33227536  0.33227536  0.34051846  0.34885318  0.30807625  0.31605615  0.28463378  0.23262699  0.29236678  0.30018037  0.30807625  0.28463378  0.42835381  0.32412190  0.32412190  0.34051846  0.26940300  0.30018037  0.37442811  0.37442811  0.36580584  0.39197592  0.41909254  0.40090627  0.33227536  0.31605615  0.26190208  0.26940300  
15_5_0     0.26190208  0.23262699  0.16408059  0.17066002  0.23262699  0.21139719  0.17729770  0.17066002  0.00000000  0.05457006  0.16408059  0.17066002  0.15755839  0.19075198  0.18399466  0.18399466  0.18399466  0.25447545  0.19757075  0.23262699  0.27697972  0.21840721  0.21840721  0.24712167  0.22548339  0.26190208  0.22548339  0.21840721  0.21139719  0.23262699  0.21840721  0.23983931  0.23262699  0.21139719  0.20445210  0.20445210  0.19757075  0.19757075  0.19757075  0.32412190  0.31605615  0.35728160  0.36580584  0.35728160  0.30807625  0.33227536  0.32412190  0.34051846  0.40994427  0.43773090  0.43773090  0.34885318  0.34885318  0.39197592  0.38315068  0.40090627  0.40090627  0.43773090  0.42835381  0.43773090  0.38315068  0.37442811  0.30807625  0.30807625  0.39197592  0.38315068  0.40994427  0.38315068  0.37442811  0.37442811  0.40090627  0.40090627  0.29236678  0.33227536  0.36580584  0.34051846  0.34885318  0.34051846  0.21840721  0.26940300  0.24712167  0.23262699  0.26940300  0.25447545  0.31605615  0.31605615  0.33227536  0.35728160  0.30807625  0.43773090  0.42835381  0.42835381  0.43773090  0.37442811  0.39197592  0.23262699  0.23262699  0.21840721  0.22548339  0.22548339  0.21840721  0.24712167  0.25447545  0.24712167  0.26190208  0.29236678  0.30018037  0.30018037  0.30018037  0.30018037  0.27697972  0.31605615  0.31605615  0.28463378  0.39197592  0.34051846  0.30018037  0.29236678  0.22548339  0.31605615  0.32412190  0.33227536  0.30018037  0.26190208  0.27697972  0.27697972  0.28463378  0.26940300  0.26190208  0.27697972  0.27697972  0.26940300  0.27697972  0.26940300  0.26190208  0.24712167  0.29236678  0.29236678  0.29236678  0.28463378  0.32412190  0.33227536  0.38315068  0.30018037  0.30018037  0.25447545  0.28463378  0.30807625  0.34051846  0.34885318  0.40090627  0.36580584  0.38315068  0.34885318  0.28463378  0.21840721  0.22548339  
2_1_0      0.28463378  0.26940300  0.20445210  0.19757075  0.26190208  0.22548339  0.21840721  0.21139719  0.05457006  0.00000000  0.17729770  0.21139719  0.19757075  0.20445210  0.23983931  0.23983931  0.23983931  0.27697972  0.19757075  0.26190208  0.30807625  0.27697972  0.26190208  0.26190208  0.25447545  0.27697972  0.23262699  0.22548339  0.21840721  0.23983931  0.23262699  0.26940300  0.26190208  0.25447545  0.21840721  0.21139719  0.22548339  0.22548339  0.22548339  0.34051846  0.33227536  0.39197592  0.40090627  0.40994427  0.35728160  0.40090627  0.34051846  0.35728160  0.40090627  0.39197592  0.40994427  0.31605615  0.31605615  0.40090627  0.42835381  0.45684441  0.43773090  0.47645793  0.44722675  0.45684441  0.38315068  0.37442811  0.28463378  0.29236678  0.37442811  0.41909254  0.40994427  0.41909254  0.40994427  0.39197592  0.43773090  0.43773090  0.30807625  0.34885318  0.38315068  0.37442811  0.34885318  0.34051846  0.26190208  0.31605615  0.29236678  0.29236678  0.29236678  0.29236678  0.35728160  0.34051846  0.34885318  0.38315068  0.34051846  0.43773090  0.44722675  0.48646050  0.47645793  0.44722675  0.46658704  0.29236678  0.23262699  0.24712167  0.25447545  0.25447545  0.24712167  0.29236678  0.30018037  0.29236678  0.30807625  0.32412190  0.33227536  0.33227536  0.33227536  0.33227536  0.29236678  0.34885318  0.34885318  0.32412190  0.40994427  0.35728160  0.31605615  0.30807625  0.24712167  0.34885318  0.35728160  0.36580584  0.33227536  0.29236678  0.32412190  0.32412190  0.33227536  0.31605615  0.29236678  0.32412190  0.32412190  0.31605615  0.32412190  0.31605615  0.30807625  0.29236678  0.30807625  0.29236678  0.30807625  0.30807625  0.32412190  0.34885318  0.40090627  0.31605615  0.31605615  0.28463378  0.31605615  0.35728160  0.35728160  0.36580584  0.40090627  0.41909254  0.43773090  0.41909254  0.34885318  0.27697972  0.28463378  
6_1_0      0.22548339  0.20445210  0.17066002  0.16408059  0.21840721  0.19757075  0.19757075  0.17729770  0.16408059  0.17729770  0.00000000  0.04893083  0.02678869  0.07756094  0.08342052  0.08342052  0.08342052  0.16408059  0.19075198  0.23983931  0.30018037  0.22548339  0.25447545  0.26190208  0.23262699  0.29236678  0.22548339  0.21840721  0.21139719  0.23983931  0.25447545  0.24712167  0.23983931  0.23983931  0.23262699  0.22548339  0.23983931  0.23983931  0.24712167  0.31605615  0.30807625  0.33227536  0.35728160  0.34885318  0.33227536  0.37442811  0.35728160  0.35728160  0.40090627  0.38315068  0.40090627  0.35728160  0.35728160  0.35728160  0.38315068  0.42835381  0.40994427  0.39197592  0.41909254  0.40994427  0.40994427  0.40090627  0.27697972  0.30018037  0.37442811  0.36580584  0.39197592  0.33227536  0.36580584  0.36580584  0.38315068  0.38315068  0.25447545  0.29236678  0.29236678  0.30018037  0.30807625  0.30018037  0.25447545  0.29236678  0.28463378  0.25447545  0.32412190  0.30807625  0.40994427  0.40994427  0.35728160  0.34885318  0.40994427  0.45684441  0.44722675  0.48646050  0.47645793  0.44722675  0.44722675  0.25447545  0.27697972  0.23983931  0.24712167  0.24712167  0.27697972  0.21139719  0.21840721  0.21139719  0.22548339  0.31605615  0.32412190  0.32412190  0.32412190  0.32412190  0.30018037  0.35728160  0.35728160  0.33227536  0.40994427  0.31605615  0.30807625  0.23983931  0.26940300  0.34051846  0.34885318  0.35728160  0.30807625  0.28463378  0.28463378  0.28463378  0.30807625  0.30807625  0.26940300  0.26940300  0.26940300  0.27697972  0.28463378  0.29236678  0.29236678  0.25447545  0.29236678  0.26940300  0.30018037  0.34051846  0.33227536  0.37442811  0.40994427  0.34051846  0.37442811  0.25447545  0.29236678  0.36580584  0.34051846  0.34885318  0.34051846  0.41909254  0.34885318  0.31605615  0.26940300  0.26190208  0.25447545  
3_1_0      0.24712167  0.22548339  0.17729770  0.17066002  0.21139719  0.21840721  0.19075198  0.18399466  0.17066002  0.21139719  0.04893083  0.00000000  0.03226323  0.10732780  0.09527888  0.09527888  0.09527888  0.17729770  0.22548339  0.24712167  0.29236678  0.21840721  0.24712167  0.26940300  0.23983931  0.28463378  0.21840721  0.21139719  0.21840721  0.23983931  0.23983931  0.23262699  0.22548339  0.23983931  0.23262699  0.22548339  0.24712167  0.24712167  0.25447545  0.32412190  0.31605615  0.34051846  0.34885318  0.35728160  0.34051846  0.36580584  0.36580584  0.36580584  0.40994427  0.40994427  0.42835381  0.40090627  0.40090627  0.35728160  0.36580584  0.40994427  0.39197592  0.36580584  0.40994427  0.40090627  0.40090627  0.39197592  0.30807625  0.32412190  0.41909254  0.35728160  0.40090627  0.37442811  0.37442811  0.39197592  0.36580584  0.36580584  0.27697972  0.28463378  0.33227536  0.32412190  0.31605615  0.30807625  0.27697972  0.30018037  0.30807625  0.26190208  0.31605615  0.30018037  0.38315068  0.38315068  0.34051846  0.34885318  0.39197592  0.46658704  0.45684441  0.45684441  0.48646050  0.43773090  0.45684441  0.27697972  0.30807625  0.27697972  0.28463378  0.28463378  0.31605615  0.24712167  0.25447545  0.24712167  0.26190208  0.34051846  0.34885318  0.34885318  0.34885318  0.34885318  0.34051846  0.38315068  0.38315068  0.36580584  0.40090627  0.34051846  0.33227536  0.26190208  0.29236678  0.34885318  0.35728160  0.36580584  0.33227536  0.32412190  0.32412190  0.30807625  0.34885318  0.34885318  0.30807625  0.30807625  0.30807625  0.31605615  0.32412190  0.33227536  0.33227536  0.29236678  0.30018037  0.29236678  0.32412190  0.33227536  0.34051846  0.36580584  0.43773090  0.33227536  0.34885318  0.27697972  0.30018037  0.37442811  0.36580584  0.37442811  0.40090627  0.44722675  0.39197592  0.34051846  0.30807625  0.25447545  0.24712167  
11_1_0     0.21840721  0.19757075  0.16408059  0.15755839  0.19757075  0.20445210  0.19075198  0.17066002  0.15755839  0.19757075  0.02678869  0.03226323  0.00000000  0.08342052  0.07756094  0.07756094  0.07756094  0.17729770  0.19757075  0.23262699  0.29236678  0.20445210  0.23262699  0.25447545  0.21139719  0.26940300  0.22548339  0.21840721  0.21139719  0.23983931  0.24712167  0.23983931  0.23262699  0.23262699  0.22548339  0.21840721  0.23262699  0.23262699  0.23983931  0.29236678  0.28463378  0.30807625  0.33227536  0.32412190  0.30807625  0.34885318  0.34885318  0.34885318  0.39197592  0.39197592  0.40994427  0.36580584  0.36580584  0.34885318  0.35728160  0.40994427  0.39197592  0.36580584  0.39197592  0.38315068  0.40090627  0.39197592  0.30807625  0.32412190  0.38315068  0.34051846  0.38315068  0.32412190  0.34051846  0.34051846  0.39197592  0.39197592  0.26190208  0.26940300  0.30018037  0.29236678  0.31605615  0.30807625  0.26190208  0.30018037  0.29236678  0.26190208  0.31605615  0.30018037  0.40090627  0.40090627  0.34051846  0.33227536  0.40994427  0.46658704  0.45684441  0.47645793  0.50687508  0.43773090  0.45684441  0.26190208  0.29236678  0.26190208  0.26940300  0.26940300  0.28463378  0.21840721  0.22548339  0.21840721  0.23262699  0.32412190  0.33227536  0.33227536  0.33227536  0.33227536  0.32412190  0.36580584  0.36580584  0.34885318  0.40090627  0.32412190  0.31605615  0.24712167  0.27697972  0.34885318  0.35728160  0.36580584  0.30018037  0.29236678  0.29236678  0.29236678  0.31605615  0.31605615  0.27697972  0.27697972  0.27697972  0.28463378  0.29236678  0.28463378  0.28463378  0.26190208  0.30018037  0.26190208  0.30807625  0.33227536  0.32412190  0.36580584  0.41909254  0.34885318  0.36580584  0.24712167  0.26940300  0.34051846  0.33227536  0.34051846  0.34885318  0.39197592  0.35728160  0.30807625  0.26190208  0.25447545  0.24712167  
4_1_0      0.20445210  0.23983931  0.18399466  0.16408059  0.20445210  0.17066002  0.21139719  0.19075198  0.19075198  0.20445210  0.07756094  0.10732780  0.08342052  0.00000000  0.06025203  0.07174679  0.07174679  0.17729770  0.21840721  0.28463378  0.33227536  0.28463378  0.30018037  0.29236678  0.23262699  0.26940300  0.23983931  0.23262699  0.23983931  0.24712167  0.25447545  0.26190208  0.25447545  0.26940300  0.23983931  0.21840721  0.22548339  0.22548339  0.23262699  0.34051846  0.33227536  0.37442811  0.40090627  0.35728160  0.32412190  0.36580584  0.33227536  0.34885318  0.34051846  0.37442811  0.37442811  0.30807625  0.30807625  0.37442811  0.38315068  0.40994427  0.38315068  0.40994427  0.41909254  0.39197592  0.41909254  0.40994427  0.31605615  0.34051846  0.38315068  0.37442811  0.40090627  0.33227536  0.36580584  0.36580584  0.42835381  0.42835381  0.26940300  0.30807625  0.29236678  0.30018037  0.35728160  0.34885318  0.27697972  0.31605615  0.29236678  0.30807625  0.35728160  0.34051846  0.40994427  0.40994427  0.39197592  0.40090627  0.40994427  0.48646050  0.47645793  0.44722675  0.43773090  0.41909254  0.43773090  0.30807625  0.28463378  0.27697972  0.28463378  0.28463378  0.31605615  0.23262699  0.23983931  0.23262699  0.24712167  0.34051846  0.34885318  0.34885318  0.34885318  0.34885318  0.32412190  0.36580584  0.36580584  0.34051846  0.38315068  0.32412190  0.33227536  0.27697972  0.30018037  0.34885318  0.35728160  0.36580584  0.33227536  0.30807625  0.32412190  0.32412190  0.33227536  0.33227536  0.30807625  0.30807625  0.30807625  0.31605615  0.32412190  0.31605615  0.33227536  0.29236678  0.30018037  0.26190208  0.29236678  0.32412190  0.32412190  0.40090627  0.40090627  0.33227536  0.34885318  0.24712167  0.28463378  0.35728160  0.32412190  0.34885318  0.36580584  0.40994427  0.36580584  0.34051846  0.30807625  0.26940300  0.26190208  
14_1_0     0.20445210  0.23262699  0.20445210  0.19757075  0.21139719  0.19075198  0.23262699  0.21139719  0.18399466  0.23983931  0.08342052  0.09527888  0.07756094  0.06025203  0.00000000  0.01060090  0.01060090  0.19075198  0.26940300  0.29236678  0.34051846  0.27697972  0.29236678  0.30807625  0.25447545  0.29236678  0.24712167  0.23983931  0.25447545  0.24712167  0.26190208  0.26190208  0.26190208  0.26940300  0.24712167  0.23983931  0.23983931  0.23983931  0.23983931  0.33227536  0.32412190  0.36580584  0.39197592  0.36580584  0.36580584  0.39197592  0.32412190  0.34051846  0.39197592  0.40090627  0.40090627  0.36580584  0.36580584  0.37442811  0.33227536  0.40090627  0.37442811  0.38315068  0.40090627  0.37442811  0.39197592  0.38315068  0.34051846  0.32412190  0.43773090  0.40090627  0.43773090  0.32412190  0.35728160  0.35728160  0.37442811  0.36580584  0.30018037  0.30018037  0.32412190  0.31605615  0.37442811  0.36580584  0.25447545  0.26940300  0.26190208  0.26190208  0.32412190  0.30807625  0.34885318  0.34885318  0.40994427  0.39197592  0.40090627  0.47645793  0.46658704  0.45684441  0.46658704  0.42835381  0.44722675  0.26190208  0.26940300  0.24712167  0.25447545  0.25447545  0.30018037  0.21840721  0.22548339  0.21840721  0.23262699  0.33227536  0.34051846  0.34051846  0.34051846  0.34051846  0.33227536  0.36580584  0.36580584  0.33227536  0.38315068  0.31605615  0.30807625  0.23983931  0.27697972  0.32412190  0.33227536  0.34051846  0.32412190  0.30018037  0.30018037  0.29236678  0.32412190  0.30807625  0.30018037  0.28463378  0.28463378  0.29236678  0.30018037  0.29236678  0.30807625  0.28463378  0.30018037  0.30018037  0.33227536  0.34051846  0.38315068  0.40994427  0.40090627  0.30807625  0.32412190  0.25447545  0.26940300  0.33227536  0.30807625  0.34051846  0.35728160  0.35728160  0.36580584  0.31605615  0.30018037  0.23983931  0.23262699  
1_1_0      0.20445210  0.21840721  0.20445210  0.19757075  0.19757075  0.17729770  0.23262699  0.21139719  0.18399466  0.23983931  0.08342052  0.09527888  0.07756094  0.07174679  0.01060090  0.00000000  0.00000000  0.20445210  0.26940300  0.30807625  0.35728160  0.27697972  0.29236678  0.30807625  0.25447545  0.30018037  0.24712167  0.23983931  0.25447545  0.25447545  0.26940300  0.26940300  0.26940300  0.27697972  0.25447545  0.24712167  0.24712167  0.24712167  0.24712167  0.31605615  0.30807625  0.34885318  0.37442811  0.34885318  0.34885318  0.37442811  0.32412190  0.34051846  0.39197592  0.40090627  0.40090627  0.36580584  0.36580584  0.37442811  0.33227536  0.40090627  0.37442811  0.36580584  0.38315068  0.37442811  0.39197592  0.38315068  0.34051846  0.34051846  0.41909254  0.38315068  0.41909254  0.34051846  0.37442811  0.35728160  0.35728160  0.34885318  0.28463378  0.28463378  0.30807625  0.30018037  0.35728160  0.34885318  0.23983931  0.25447545  0.24712167  0.24712167  0.30807625  0.29236678  0.34885318  0.34885318  0.39197592  0.37442811  0.38315068  0.49659831  0.48646050  0.45684441  0.46658704  0.44722675  0.46658704  0.24712167  0.25447545  0.24712167  0.25447545  0.25447545  0.30018037  0.21840721  0.22548339  0.21840721  0.23262699  0.31605615  0.32412190  0.32412190  0.32412190  0.32412190  0.31605615  0.34885318  0.34885318  0.31605615  0.36580584  0.30018037  0.30807625  0.23983931  0.26190208  0.30807625  0.31605615  0.32412190  0.32412190  0.30018037  0.28463378  0.27697972  0.30807625  0.29236678  0.28463378  0.26940300  0.26940300  0.27697972  0.28463378  0.27697972  0.29236678  0.26940300  0.28463378  0.30018037  0.33227536  0.32412190  0.36580584  0.39197592  0.38315068  0.29236678  0.30807625  0.23983931  0.25447545  0.31605615  0.32412190  0.34051846  0.35728160  0.35728160  0.36580584  0.30018037  0.28463378  0.22548339  0.21840721  
16_1_0     0.20445210  0.21840721  0.20445210  0.19757075  0.19757075  0.17729770  0.23262699  0.21139719  0.18399466  0.23983931  0.08342052  0.09527888  0.07756094  0.07174679  0.01060090  0.00000000  0.00000000  0.20445210  0.26940300  0.30807625  0.35728160  0.27697972  0.29236678  0.30807625  0.25447545  0.30018037  0.24712167  0.23983931  0.25447545  0.25447545  0.26940300  0.26940300  0.26940300  0.27697972  0.25447545  0.24712167  0.24712167  0.24712167  0.24712167  0.31605615  0.30807625  0.34885318  0.37442811  0.34885318  0.34885318  0.37442811  0.32412190  0.34051846  0.39197592  0.40090627  0.40090627  0.36580584  0.36580584  0.37442811  0.33227536  0.40090627  0.37442811  0.36580584  0.38315068  0.37442811  0.39197592  0.38315068  0.34051846  0.34051846  0.41909254  0.38315068  0.41909254  0.34051846  0.37442811  0.35728160  0.35728160  0.34885318  0.28463378  0.28463378  0.30807625  0.30018037  0.35728160  0.34885318  0.23983931  0.25447545  0.24712167  0.24712167  0.30807625  0.29236678  0.34885318  0.34885318  0.39197592  0.37442811  0.38315068  0.49659831  0.48646050  0.45684441  0.46658704  0.44722675  0.46658704  0.24712167  0.25447545  0.24712167  0.25447545  0.25447545  0.30018037  0.21840721  0.22548339  0.21840721  0.23262699  0.31605615  0.32412190  0.32412190  0.32412190  0.32412190  0.31605615  0.34885318  0.34885318  0.31605615  0.36580584  0.30018037  0.30807625  0.23983931  0.26190208  0.30807625  0.31605615  0.32412190  0.32412190  0.30018037  0.28463378  0.27697972  0.30807625  0.29236678  0.28463378  0.26940300  0.26940300  0.27697972  0.28463378  0.27697972  0.29236678  0.26940300  0.28463378  0.30018037  0.33227536  0.32412190  0.36580584  0.39197592  0.38315068  0.29236678  0.30807625  0.23983931  0.25447545  0.31605615  0.32412190  0.34051846  0.35728160  0.35728160  0.36580584  0.30018037  0.28463378  0.22548339  0.21840721  
8_1_0      0.30807625  0.30018037  0.22548339  0.21840721  0.28463378  0.23983931  0.24712167  0.23262699  0.25447545  0.27697972  0.16408059  0.17729770  0.17729770  0.17729770  0.19075198  0.20445210  0.20445210  0.00000000  0.27697972  0.30018037  0.33227536  0.27697972  0.30807625  0.31605615  0.28463378  0.30807625  0.26190208  0.26190208  0.28463378  0.28463378  0.27697972  0.23983931  0.24712167  0.27697972  0.29236678  0.27697972  0.26190208  0.26190208  0.28463378  0.34051846  0.33227536  0.43773090  0.44722675  0.43773090  0.40090627  0.46658704  0.32412190  0.32412190  0.40090627  0.38315068  0.40090627  0.30807625  0.30807625  0.34051846  0.38315068  0.40994427  0.37442811  0.40090627  0.44722675  0.45684441  0.40994427  0.40090627  0.31605615  0.33227536  0.37442811  0.35728160  0.40090627  0.34051846  0.39197592  0.39197592  0.38315068  0.38315068  0.35728160  0.37442811  0.36580584  0.36580584  0.38315068  0.37442811  0.30807625  0.31605615  0.31605615  0.30018037  0.39197592  0.39197592  0.42835381  0.42835381  0.44722675  0.44722675  0.40994427  0.47645793  0.46658704  0.47645793  0.47645793  0.41909254  0.41909254  0.26940300  0.28463378  0.26190208  0.26940300  0.26940300  0.30018037  0.26940300  0.27697972  0.26940300  0.28463378  0.31605615  0.32412190  0.32412190  0.32412190  0.32412190  0.31605615  0.38315068  0.38315068  0.32412190  0.40090627  0.32412190  0.33227536  0.30807625  0.34051846  0.35728160  0.36580584  0.37442811  0.35728160  0.33227536  0.33227536  0.33227536  0.34051846  0.35728160  0.33227536  0.34885318  0.36580584  0.37442811  0.38315068  0.34051846  0.35728160  0.31605615  0.33227536  0.33227536  0.33227536  0.37442811  0.37442811  0.34051846  0.36580584  0.31605615  0.34885318  0.26940300  0.29236678  0.38315068  0.40090627  0.40994427  0.40090627  0.39197592  0.42835381  0.39197592  0.34051846  0.29236678  0.30018037  
15_4_0     0.21139719  0.23983931  0.18399466  0.17729770  0.22548339  0.26940300  0.21840721  0.19075198  0.19757075  0.19757075  0.19075198  0.22548339  0.19757075  0.21840721  0.26940300  0.26940300  0.26940300  0.27697972  0.00000000  0.20445210  0.21840721  0.15109243  0.16408059  0.19757075  0.18399466  0.20445210  0.17729770  0.17066002  0.15109243  0.21139719  0.19075198  0.23983931  0.20445210  0.21840721  0.17729770  0.19075198  0.18399466  0.19757075  0.17729770  0.31605615  0.32412190  0.37442811  0.39197592  0.38315068  0.34885318  0.39197592  0.37442811  0.37442811  0.38315068  0.39197592  0.39197592  0.30807625  0.30807625  0.35728160  0.43773090  0.42835381  0.42835381  0.44722675  0.41909254  0.44722675  0.44722675  0.43773090  0.32412190  0.36580584  0.45684441  0.50687508  0.44722675  0.44722675  0.43773090  0.43773090  0.46658704  0.46658704  0.23983931  0.32412190  0.30018037  0.30807625  0.29236678  0.28463378  0.29236678  0.33227536  0.29236678  0.32412190  0.32412190  0.30807625  0.37442811  0.39197592  0.33227536  0.35728160  0.37442811  0.40994427  0.40090627  0.48646050  0.46658704  0.46658704  0.46658704  0.25447545  0.30807625  0.24712167  0.25447545  0.25447545  0.26190208  0.30807625  0.31605615  0.32412190  0.32412190  0.32412190  0.33227536  0.33227536  0.33227536  0.33227536  0.30807625  0.37442811  0.37442811  0.34885318  0.40994427  0.39197592  0.31605615  0.35728160  0.24712167  0.37442811  0.37442811  0.37442811  0.31605615  0.31605615  0.34885318  0.34885318  0.34885318  0.35728160  0.31605615  0.36580584  0.36580584  0.35728160  0.36580584  0.32412190  0.31605615  0.31605615  0.25447545  0.28463378  0.28463378  0.31605615  0.34051846  0.38315068  0.34051846  0.30807625  0.33227536  0.24712167  0.30807625  0.32412190  0.38315068  0.38315068  0.40090627  0.41909254  0.40090627  0.35728160  0.34051846  0.26940300  0.29236678  
15_0_0     0.26190208  0.25447545  0.26190208  0.25447545  0.32412190  0.30807625  0.29236678  0.28463378  0.23262699  0.26190208  0.23983931  0.24712167  0.23262699  0.28463378  0.29236678  0.30807625  0.30807625  0.30018037  0.20445210  0.00000000  0.06597738  0.15755839  0.17066002  0.19757075  0.22548339  0.23983931  0.24712167  0.23983931  0.23262699  0.26940300  0.24712167  0.24712167  0.26190208  0.26190208  0.26190208  0.26190208  0.26190208  0.26190208  0.25447545  0.34051846  0.34885318  0.39197592  0.40994427  0.39197592  0.34885318  0.37442811  0.42835381  0.40994427  0.45684441  0.47645793  0.48646050  0.41909254  0.41909254  0.37442811  0.41909254  0.41909254  0.40090627  0.40994427  0.42835381  0.38315068  0.39197592  0.38315068  0.35728160  0.34885318  0.47645793  0.48646050  0.46658704  0.43773090  0.46658704  0.48646050  0.42835381  0.42835381  0.26940300  0.28463378  0.30807625  0.27697972  0.26940300  0.26190208  0.34885318  0.40994427  0.35728160  0.33227536  0.31605615  0.31605615  0.37442811  0.37442811  0.30018037  0.34051846  0.36580584  0.49659831  0.48646050  0.39197592  0.38315068  0.36580584  0.36580584  0.30018037  0.34051846  0.30807625  0.30018037  0.30018037  0.30807625  0.31605615  0.32412190  0.31605615  0.33227536  0.31605615  0.32412190  0.32412190  0.32412190  0.32412190  0.33227536  0.40090627  0.40090627  0.40090627  0.43773090  0.36580584  0.37442811  0.37442811  0.30018037  0.38315068  0.38315068  0.40090627  0.39197592  0.34051846  0.39197592  0.39197592  0.37442811  0.37442811  0.34885318  0.34051846  0.34051846  0.33227536  0.34051846  0.38315068  0.37442811  0.34885318  0.38315068  0.34051846  0.39197592  0.40090627  0.40994427  0.42835381  0.40994427  0.34885318  0.37442811  0.34051846  0.36580584  0.38315068  0.39197592  0.40090627  0.42835381  0.46658704  0.43773090  0.41909254  0.39197592  0.34051846  0.33227536  
2_0_0      0.29236678  0.28463378  0.24712167  0.23983931  0.32412190  0.34051846  0.27697972  0.28463378  0.27697972  0.30807625  0.30018037  0.29236678  0.29236678  0.33227536  0.34051846  0.35728160  0.35728160  0.33227536  0.21840721  0.06597738  0.00000000  0.15755839  0.17066002  0.23983931  0.26940300  0.26940300  0.27697972  0.27697972  0.25447545  0.30807625  0.28463378  0.30018037  0.30018037  0.28463378  0.28463378  0.30018037  0.30807625  0.30807625  0.28463378  0.38315068  0.39197592  0.40090627  0.41909254  0.41909254  0.37442811  0.36580584  0.46658704  0.44722675  0.47645793  0.51729466  0.52786108  0.44722675  0.44722675  0.37442811  0.43773090  0.43773090  0.41909254  0.40994427  0.42835381  0.41909254  0.40994427  0.40090627  0.37442811  0.35728160  0.53857853  0.52786108  0.48646050  0.43773090  0.44722675  0.46658704  0.42835381  0.42835381  0.26940300  0.30018037  0.34051846  0.30807625  0.28463378  0.27697972  0.38315068  0.40994427  0.37442811  0.34885318  0.30018037  0.30018037  0.35728160  0.37442811  0.28463378  0.35728160  0.36580584  0.44722675  0.43773090  0.40994427  0.40090627  0.40090627  0.40090627  0.32412190  0.37442811  0.32412190  0.31605615  0.31605615  0.29236678  0.36580584  0.37442811  0.36580584  0.38315068  0.33227536  0.34051846  0.34051846  0.34051846  0.34051846  0.34885318  0.43773090  0.43773090  0.40090627  0.46658704  0.40090627  0.40090627  0.40090627  0.30018037  0.38315068  0.38315068  0.38315068  0.37442811  0.34051846  0.39197592  0.39197592  0.39197592  0.39197592  0.34885318  0.37442811  0.37442811  0.36580584  0.37442811  0.38315068  0.37442811  0.36580584  0.36580584  0.34051846  0.37442811  0.34885318  0.40994427  0.46658704  0.41909254  0.35728160  0.39197592  0.34051846  0.33227536  0.36580584  0.39197592  0.40090627  0.44722675  0.42835381  0.41909254  0.40090627  0.42835381  0.30807625  0.31605615  
