165
78_25_0    0.00000000  0.04844595  0.08262486  0.10482804  0.10935079  0.10935079  0.12772702  0.14657729  0.17579701  0.30598106  0.31795364  0.31194283  0.33628853  0.30006753  0.28838213  0.30598106  0.31194283  0.28838213  0.36147335  0.38094845  0.36147335  0.35509531  0.38094845  0.40095680  0.31795364  0.33628853  0.34250383  0.34877245  0.34250383  0.32401430  0.32401430  0.28838213  0.30006753  0.31194283  0.40095680  0.30598106  0.27688065  0.28260877  0.49461041  0.51014665  0.55049685  0.32401430  0.40095680  0.38755721  0.39422629  0.34250383  0.36147335  0.37439891  0.35509531  0.37439891  0.34250383  0.36147335  0.36790755  0.36147335  0.34877245  0.36147335  0.36147335  0.35509531  0.33012565  0.34877245  0.34250383  0.35509531  0.35509531  0.34877245  0.36790755  0.35509531  0.36147335  0.36790755  0.36790755  0.38094845  0.36147335  0.37439891  0.36790755  0.34250383  0.38094845  0.40095680  0.40095680  0.40774987  0.36790755  0.38755721  0.41460668  0.43557180  0.46449505  0.46449505  0.48696442  0.55049685  0.42851639  0.55884131  0.51014665  0.46449505  0.40774987  0.41460668  0.47939761  0.47190834  0.44989034  0.51014665  0.51014665  0.54224661  0.44269600  0.44269600  0.49461041  0.44989034  0.47190834  0.49461041  0.51014665  0.41460668  0.38094845  0.38755721  0.38755721  0.42851639  0.42152844  0.40095680  0.38755721  0.36790755  0.43557180  0.42152844  0.61101388  0.62008328  0.60205566  0.62008328  0.59320593  0.59320593  0.41460668  0.40774987  0.41460668  0.42152844  0.43557180  0.38755721  0.38094845  0.44269600  0.41460668  0.47939761  0.42152844  0.45715621  0.46449505  0.51014665  0.46449505  0.42851639  0.44269600  0.40774987  0.39422629  0.38755721  0.40774987  0.51014665  0.46449505  0.43557180  0.53408846  0.47939761  0.47190834  0.48696442  0.46449505  0.49461041  0.32401430  0.36790755  0.42152844  0.38094845  0.36790755  0.37439891  0.36790755  0.41460668  0.42152844  0.44989034  0.39422629  0.41460668  0.42152844  
5_25_0     0.04844595  0.00000000  0.09142535  0.10482804  0.10935079  0.10935079  0.12772702  0.14657729  0.16592672  0.28260877  0.29420148  0.28838213  0.31194283  0.30006753  0.26555739  0.27119709  0.27688065  0.25440692  0.37439891  0.39422629  0.34877245  0.34250383  0.35509531  0.37439891  0.29420148  0.32401430  0.31795364  0.32401430  0.31795364  0.31194283  0.31194283  0.31194283  0.30006753  0.30006753  0.34877245  0.25996089  0.27688065  0.29420148  0.51014665  0.51014665  0.55049685  0.30006753  0.38755721  0.37439891  0.39422629  0.34250383  0.33628853  0.34877245  0.34877245  0.34250383  0.35509531  0.36147335  0.36147335  0.35509531  0.34250383  0.35509531  0.35509531  0.34877245  0.34877245  0.34250383  0.33628853  0.33628853  0.33628853  0.36147335  0.34250383  0.33012565  0.33628853  0.35509531  0.35509531  0.36790755  0.34877245  0.37439891  0.35509531  0.34250383  0.36790755  0.38755721  0.38755721  0.38094845  0.34250383  0.37439891  0.40095680  0.43557180  0.46449505  0.46449505  0.50233724  0.55049685  0.48696442  0.54224661  0.52602039  0.47939761  0.42152844  0.42851639  0.48696442  0.49461041  0.42851639  0.48696442  0.48696442  0.50233724  0.42152844  0.42152844  0.47939761  0.44989034  0.47190834  0.44989034  0.47939761  0.41460668  0.36790755  0.33628853  0.34877245  0.42851639  0.42152844  0.41460668  0.38755721  0.36790755  0.44989034  0.43557180  0.61101388  0.62008328  0.58446209  0.58446209  0.55884131  0.55884131  0.41460668  0.42152844  0.41460668  0.42152844  0.43557180  0.37439891  0.36790755  0.45715621  0.45715621  0.45715621  0.41460668  0.47190834  0.46449505  0.47939761  0.49461041  0.42851639  0.47190834  0.38755721  0.36790755  0.38755721  0.40774987  0.48696442  0.48696442  0.45715621  0.47939761  0.47190834  0.46449505  0.47939761  0.40095680  0.44269600  0.32401430  0.38094845  0.43557180  0.39422629  0.38094845  0.38755721  0.38094845  0.41460668  0.40774987  0.44269600  0.40774987  0.40095680  0.40774987  
15_25_0    0.08262486  0.09142535  0.00000000  0.10033310  0.11390171  0.10482804  0.11390171  0.14181894  0.15618796  0.28260877  0.29420148  0.28838213  0.31795364  0.28838213  0.27119709  0.25996089  0.25440692  0.24342402  0.37439891  0.36790755  0.36147335  0.36790755  0.35509531  0.38094845  0.28838213  0.31795364  0.32401430  0.33012565  0.32401430  0.31795364  0.31795364  0.31795364  0.33012565  0.33012565  0.36790755  0.31194283  0.25996089  0.28838213  0.48696442  0.50233724  0.49461041  0.34877245  0.38094845  0.38094845  0.37439891  0.33012565  0.36790755  0.38094845  0.34250383  0.36147335  0.34250383  0.35509531  0.35509531  0.36147335  0.32401430  0.33628853  0.34250383  0.34250383  0.33012565  0.33628853  0.33012565  0.35509531  0.35509531  0.34877245  0.38094845  0.36790755  0.37439891  0.37439891  0.39422629  0.40774987  0.36147335  0.40095680  0.39422629  0.36147335  0.40774987  0.44269600  0.44269600  0.43557180  0.38094845  0.41460668  0.45715621  0.46449505  0.44269600  0.44269600  0.55049685  0.54224661  0.46449505  0.51014665  0.49461041  0.45715621  0.44989034  0.44269600  0.48696442  0.49461041  0.46449505  0.52602039  0.47939761  0.51014665  0.44989034  0.44269600  0.50233724  0.44269600  0.46449505  0.50233724  0.50233724  0.40095680  0.38094845  0.39422629  0.38755721  0.42851639  0.42152844  0.42152844  0.38755721  0.38755721  0.41460668  0.41460668  0.59320593  0.60205566  0.56728216  0.63856690  0.61101388  0.61101388  0.40095680  0.39422629  0.40095680  0.40774987  0.42152844  0.37439891  0.36790755  0.40095680  0.41460668  0.47939761  0.44989034  0.40095680  0.44989034  0.49461041  0.44989034  0.44269600  0.45715621  0.44269600  0.42851639  0.42152844  0.44269600  0.47190834  0.51014665  0.49461041  0.51804042  0.51014665  0.45715621  0.48696442  0.47939761  0.51014665  0.34877245  0.36790755  0.43557180  0.39422629  0.38094845  0.40095680  0.39422629  0.48696442  0.49461041  0.48696442  0.42152844  0.42851639  0.42152844  
11_25_0    0.10482804  0.10482804  0.10033310  0.00000000  0.04428384  0.03603005  0.12308946  0.09586565  0.13709137  0.31795364  0.31795364  0.31194283  0.37439891  0.31194283  0.30006753  0.29420148  0.31194283  0.30006753  0.38755721  0.38094845  0.32401430  0.33012565  0.36790755  0.36790755  0.30006753  0.36790755  0.38755721  0.39422629  0.38755721  0.39422629  0.39422629  0.30598106  0.30598106  0.31795364  0.38094845  0.28838213  0.23799386  0.25440692  0.52602039  0.54224661  0.55049685  0.31795364  0.41460668  0.40095680  0.40774987  0.34877245  0.38755721  0.37439891  0.36147335  0.38094845  0.37439891  0.36147335  0.34877245  0.36790755  0.38094845  0.39422629  0.34877245  0.32401430  0.32401430  0.34250383  0.33628853  0.34877245  0.34877245  0.34250383  0.40095680  0.40095680  0.40774987  0.40774987  0.41460668  0.42851639  0.38094845  0.38094845  0.38755721  0.38094845  0.40095680  0.43557180  0.43557180  0.42851639  0.38755721  0.38094845  0.43557180  0.46449505  0.44269600  0.47190834  0.49461041  0.50233724  0.47939761  0.51014665  0.51014665  0.42152844  0.42851639  0.43557180  0.51804042  0.51014665  0.46449505  0.51804042  0.51014665  0.54224661  0.45715621  0.46449505  0.49461041  0.40774987  0.42851639  0.49461041  0.47939761  0.40774987  0.37439891  0.40095680  0.39422629  0.40774987  0.41460668  0.41460668  0.38094845  0.35509531  0.42152844  0.40774987  0.61101388  0.62008328  0.58446209  0.62008328  0.62926665  0.61101388  0.38094845  0.41460668  0.40774987  0.40095680  0.41460668  0.40774987  0.41460668  0.42152844  0.42152844  0.44269600  0.42851639  0.44989034  0.47190834  0.50233724  0.44269600  0.40774987  0.46449505  0.47190834  0.45715621  0.43557180  0.45715621  0.45715621  0.45715621  0.45715621  0.47939761  0.47190834  0.43557180  0.44989034  0.42851639  0.45715621  0.34250383  0.33628853  0.39422629  0.38755721  0.38755721  0.42152844  0.40095680  0.44989034  0.47190834  0.47939761  0.41460668  0.42152844  0.38755721  
19_25_0    0.10935079  0.10935079  0.11390171  0.04428384  0.00000000  0.03193786  0.12772702  0.12772702  0.16104112  0.31194283  0.31194283  0.30598106  0.34250383  0.29420148  0.28838213  0.27688065  0.28260877  0.29420148  0.38094845  0.38755721  0.35509531  0.36147335  0.36147335  0.36147335  0.31795364  0.36147335  0.38094845  0.38755721  0.38094845  0.37439891  0.37439891  0.28838213  0.28838213  0.31194283  0.37439891  0.27119709  0.24342402  0.24889484  0.51804042  0.51804042  0.52602039  0.28838213  0.42152844  0.40774987  0.40095680  0.36790755  0.39422629  0.40774987  0.36790755  0.37439891  0.39422629  0.38094845  0.36790755  0.37439891  0.38755721  0.38755721  0.36790755  0.34250383  0.33012565  0.36147335  0.35509531  0.38094845  0.38094845  0.36147335  0.40774987  0.40774987  0.41460668  0.41460668  0.42152844  0.43557180  0.40095680  0.38755721  0.39422629  0.38755721  0.39422629  0.42851639  0.42851639  0.40774987  0.36790755  0.40095680  0.42851639  0.44989034  0.51014665  0.50233724  0.54224661  0.55049685  0.51804042  0.52602039  0.55884131  0.48696442  0.40774987  0.41460668  0.51804042  0.51014665  0.44989034  0.50233724  0.51014665  0.54224661  0.45715621  0.46449505  0.48696442  0.38755721  0.42152844  0.47190834  0.48696442  0.38755721  0.36790755  0.36790755  0.37439891  0.41460668  0.42152844  0.43557180  0.40095680  0.38755721  0.45715621  0.44269600  0.63856690  0.66719963  0.62926665  0.64798704  0.62008328  0.63856690  0.40095680  0.40774987  0.44269600  0.43557180  0.44989034  0.42851639  0.42152844  0.44269600  0.42851639  0.46449505  0.44989034  0.48696442  0.46449505  0.52602039  0.44989034  0.41460668  0.51804042  0.46449505  0.44989034  0.42851639  0.44989034  0.50233724  0.42152844  0.46449505  0.50233724  0.44989034  0.42851639  0.44269600  0.42851639  0.46449505  0.36147335  0.36790755  0.42152844  0.39422629  0.39422629  0.42851639  0.40774987  0.47190834  0.46449505  0.45715621  0.42152844  0.42851639  0.38094845  
81_25_0    0.10935079  0.10935079  0.10482804  0.03603005  0.03193786  0.00000000  0.11848114  0.11848114  0.15136683  0.31194283  0.31194283  0.31795364  0.34250383  0.29420148  0.28260877  0.30006753  0.30598106  0.31795364  0.40774987  0.40095680  0.34250383  0.34877245  0.36147335  0.37439891  0.33012565  0.34877245  0.36790755  0.37439891  0.36790755  0.36147335  0.36147335  0.31194283  0.31194283  0.32401430  0.38755721  0.28260877  0.23260376  0.24889484  0.53408846  0.55049685  0.54224661  0.31194283  0.42152844  0.40774987  0.40095680  0.35509531  0.39422629  0.39422629  0.35509531  0.37439891  0.35509531  0.34250383  0.33012565  0.34877245  0.33628853  0.34877245  0.34250383  0.31795364  0.31795364  0.33628853  0.33012565  0.36790755  0.36790755  0.33628853  0.40774987  0.40774987  0.41460668  0.41460668  0.43557180  0.43557180  0.38755721  0.38755721  0.39422629  0.38755721  0.40774987  0.42851639  0.42851639  0.40774987  0.36790755  0.36147335  0.41460668  0.42152844  0.46449505  0.45715621  0.51014665  0.51804042  0.51014665  0.54224661  0.52602039  0.46449505  0.43557180  0.44269600  0.53408846  0.52602039  0.47939761  0.50233724  0.49461041  0.52602039  0.44269600  0.44989034  0.47190834  0.40095680  0.43557180  0.47190834  0.47190834  0.38755721  0.35509531  0.39422629  0.40095680  0.42851639  0.43557180  0.42152844  0.38755721  0.34877245  0.41460668  0.40095680  0.63856690  0.64798704  0.62926665  0.62926665  0.60205566  0.60205566  0.40095680  0.40774987  0.41460668  0.40774987  0.42152844  0.40095680  0.39422629  0.38755721  0.41460668  0.44989034  0.43557180  0.45715621  0.46449505  0.51014665  0.46449505  0.41460668  0.47190834  0.44989034  0.43557180  0.41460668  0.43557180  0.47190834  0.44989034  0.46449505  0.48696442  0.46449505  0.42851639  0.44269600  0.42152844  0.44989034  0.34877245  0.33012565  0.39422629  0.38094845  0.38094845  0.41460668  0.39422629  0.45715621  0.44989034  0.45715621  0.42152844  0.42851639  0.36790755  
6_25_0     0.12772702  0.12772702  0.11390171  0.12308946  0.12772702  0.11848114  0.00000000  0.13709137  0.15136683  0.27688065  0.27688065  0.28260877  0.33012565  0.28260877  0.25996089  0.27688065  0.27119709  0.25996089  0.40774987  0.41460668  0.34250383  0.34877245  0.36147335  0.37439891  0.30006753  0.35509531  0.34877245  0.35509531  0.34877245  0.36790755  0.36790755  0.31795364  0.31795364  0.33012565  0.37439891  0.25996089  0.25440692  0.27119709  0.51804042  0.50233724  0.52602039  0.33628853  0.39422629  0.39422629  0.39422629  0.34250383  0.38755721  0.40774987  0.36790755  0.37439891  0.37439891  0.37439891  0.36790755  0.37439891  0.36147335  0.37439891  0.39422629  0.35509531  0.34250383  0.37439891  0.36790755  0.36790755  0.36790755  0.31194283  0.35509531  0.34250383  0.34877245  0.37439891  0.34250383  0.35509531  0.38755721  0.37439891  0.38094845  0.37439891  0.40774987  0.42851639  0.42851639  0.43557180  0.39422629  0.42851639  0.41460668  0.46449505  0.48696442  0.46449505  0.51804042  0.54224661  0.48696442  0.45715621  0.44269600  0.46449505  0.46449505  0.45715621  0.51014665  0.50233724  0.44989034  0.47939761  0.47190834  0.51804042  0.42152844  0.42851639  0.50233724  0.42851639  0.49461041  0.53408846  0.53408846  0.44269600  0.40774987  0.42152844  0.41460668  0.45715621  0.42152844  0.43557180  0.45715621  0.42851639  0.40774987  0.39422629  0.59320593  0.60205566  0.56728216  0.65753020  0.62926665  0.64798704  0.40095680  0.39422629  0.40095680  0.42152844  0.43557180  0.38755721  0.38094845  0.38755721  0.42851639  0.44989034  0.43557180  0.44269600  0.46449505  0.47939761  0.46449505  0.48696442  0.45715621  0.42152844  0.42152844  0.40095680  0.43557180  0.49461041  0.49461041  0.47939761  0.47190834  0.46449505  0.47190834  0.47190834  0.44269600  0.48696442  0.31194283  0.34250383  0.39422629  0.33012565  0.31795364  0.36790755  0.36147335  0.42851639  0.42152844  0.45715621  0.38755721  0.38094845  0.42152844  
43_25_0    0.14657729  0.14657729  0.14181894  0.09586565  0.12772702  0.11848114  0.13709137  0.00000000  0.09586565  0.30006753  0.28838213  0.28260877  0.30598106  0.29420148  0.23799386  0.28838213  0.30598106  0.28260877  0.40774987  0.40095680  0.33012565  0.33628853  0.40095680  0.38755721  0.33012565  0.33628853  0.35509531  0.36147335  0.36790755  0.37439891  0.37439891  0.30006753  0.28838213  0.31194283  0.38755721  0.30598106  0.25440692  0.25996089  0.47190834  0.55049685  0.55884131  0.34877245  0.42152844  0.40774987  0.42152844  0.38094845  0.40774987  0.40774987  0.35509531  0.37439891  0.38094845  0.38094845  0.36790755  0.37439891  0.37439891  0.38755721  0.35509531  0.34250383  0.36790755  0.37439891  0.36790755  0.35509531  0.35509531  0.34250383  0.40095680  0.37439891  0.38094845  0.39422629  0.40095680  0.41460668  0.35509531  0.35509531  0.36147335  0.35509531  0.37439891  0.43557180  0.43557180  0.43557180  0.36790755  0.38755721  0.41460668  0.42851639  0.44989034  0.44989034  0.48696442  0.52602039  0.47190834  0.48696442  0.50233724  0.42152844  0.48696442  0.49461041  0.57582164  0.56728216  0.47190834  0.51014665  0.50233724  0.53408846  0.46449505  0.47190834  0.55049685  0.42851639  0.47939761  0.55049685  0.55049685  0.47939761  0.46449505  0.44989034  0.44269600  0.45715621  0.42152844  0.47190834  0.43557180  0.42851639  0.45715621  0.44269600  0.61101388  0.62008328  0.58446209  0.59320593  0.56728216  0.56728216  0.38755721  0.39422629  0.37439891  0.39422629  0.40774987  0.39422629  0.40095680  0.44269600  0.44269600  0.42152844  0.40774987  0.42851639  0.49461041  0.47939761  0.43557180  0.45715621  0.45715621  0.42152844  0.40774987  0.40095680  0.40774987  0.52602039  0.49461041  0.51014665  0.47190834  0.47939761  0.47190834  0.47190834  0.43557180  0.47939761  0.37439891  0.36790755  0.39422629  0.39422629  0.38094845  0.45715621  0.42152844  0.47190834  0.49461041  0.47190834  0.47939761  0.45715621  0.36790755  
57_25_0    0.17579701  0.16592672  0.15618796  0.13709137  0.16104112  0.15136683  0.15136683  0.09586565  0.00000000  0.27119709  0.27119709  0.26555739  0.32401430  0.28838213  0.25440692  0.29420148  0.30006753  0.28838213  0.35509531  0.34877245  0.30006753  0.30598106  0.35509531  0.35509531  0.30006753  0.33012565  0.33628853  0.34250383  0.36147335  0.37439891  0.37439891  0.30598106  0.30598106  0.29420148  0.39422629  0.30598106  0.27119709  0.28260877  0.44269600  0.49461041  0.47939761  0.31795364  0.39422629  0.38094845  0.38094845  0.33012565  0.35509531  0.36147335  0.38755721  0.40774987  0.38755721  0.40095680  0.37439891  0.38094845  0.39422629  0.40774987  0.36147335  0.34250383  0.36147335  0.36147335  0.35509531  0.36790755  0.36790755  0.37439891  0.38094845  0.36790755  0.36147335  0.36147335  0.40774987  0.42152844  0.38755721  0.40095680  0.39422629  0.36147335  0.39422629  0.44269600  0.44269600  0.45715621  0.38094845  0.42152844  0.42152844  0.47939761  0.43557180  0.42152844  0.53408846  0.53408846  0.47939761  0.52602039  0.47939761  0.42851639  0.46449505  0.47190834  0.53408846  0.51014665  0.46449505  0.51014665  0.50233724  0.51804042  0.47190834  0.46449505  0.49461041  0.38094845  0.44269600  0.51014665  0.51014665  0.45715621  0.44269600  0.38755721  0.39422629  0.44269600  0.44269600  0.47190834  0.44989034  0.40774987  0.44269600  0.42851639  0.65753020  0.66719963  0.62008328  0.66719963  0.62008328  0.60205566  0.41460668  0.38094845  0.43557180  0.43557180  0.46449505  0.40095680  0.40774987  0.42851639  0.40095680  0.42152844  0.40774987  0.47190834  0.48696442  0.51014665  0.52602039  0.47939761  0.51804042  0.38094845  0.38094845  0.41460668  0.42152844  0.50233724  0.49461041  0.51014665  0.43557180  0.46449505  0.46449505  0.46449505  0.44989034  0.47939761  0.39422629  0.40774987  0.40095680  0.40095680  0.38755721  0.47939761  0.44269600  0.43557180  0.48696442  0.47939761  0.46449505  0.45715621  0.43557180  
11_0_0     0.30598106  0.28260877  0.28260877  0.31795364  0.31194283  0.31194283  0.27688065  0.30006753  0.27119709  0.00000000  0.04014529  0.03603005  0.15136683  0.16104112  0.14657729  0.22194137  0.21666795  0.23799386  0.36147335  0.38094845  0.31194283  0.31795364  0.36790755  0.36790755  0.33012565  0.32401430  0.32401430  0.31795364  0.33628853  0.33628853  0.33628853  0.33012565  0.31795364  0.34250383  0.33012565  0.32401430  0.36790755  0.38755721  0.37439891  0.45715621  0.42851639  0.27688065  0.39422629  0.39422629  0.40095680  0.39422629  0.38094845  0.39422629  0.38094845  0.36147335  0.36790755  0.38094845  0.39422629  0.40095680  0.37439891  0.37439891  0.39422629  0.39422629  0.40774987  0.41460668  0.40774987  0.34250383  0.34250383  0.32401430  0.38094845  0.36790755  0.36147335  0.37439891  0.33012565  0.35509531  0.42152844  0.40774987  0.41460668  0.39422629  0.38755721  0.38755721  0.38755721  0.43557180  0.42152844  0.44269600  0.45715621  0.46449505  0.42152844  0.42152844  0.48696442  0.47190834  0.42152844  0.47190834  0.42851639  0.40095680  0.51014665  0.50233724  0.47939761  0.45715621  0.47190834  0.48696442  0.47939761  0.47190834  0.44269600  0.43557180  0.45715621  0.38755721  0.36790755  0.42851639  0.44269600  0.40095680  0.40774987  0.38094845  0.38755721  0.44989034  0.45715621  0.43557180  0.38755721  0.34877245  0.38755721  0.37439891  0.59320593  0.61101388  0.61101388  0.62926665  0.65753020  0.65753020  0.48696442  0.39422629  0.44269600  0.46449505  0.49461041  0.36790755  0.36147335  0.43557180  0.45715621  0.48696442  0.41460668  0.47190834  0.51014665  0.49461041  0.51014665  0.48696442  0.51804042  0.38094845  0.40095680  0.40095680  0.42152844  0.47190834  0.47939761  0.44989034  0.42851639  0.43557180  0.44269600  0.42851639  0.45715621  0.45715621  0.35509531  0.37439891  0.37439891  0.44269600  0.42851639  0.42152844  0.41460668  0.44269600  0.44989034  0.48696442  0.47190834  0.46449505  0.43557180  
19_0_0     0.31795364  0.29420148  0.29420148  0.31795364  0.31194283  0.31194283  0.27688065  0.28838213  0.27119709  0.04014529  0.00000000  0.01979700  0.12308946  0.12308946  0.12308946  0.19085702  0.19594678  0.21666795  0.32401430  0.35509531  0.27688065  0.28260877  0.34250383  0.35509531  0.32401430  0.30006753  0.30006753  0.30598106  0.32401430  0.31795364  0.31795364  0.29420148  0.28260877  0.30598106  0.30598106  0.26555739  0.31795364  0.33628853  0.35509531  0.44989034  0.43557180  0.28260877  0.37439891  0.37439891  0.35509531  0.36147335  0.36147335  0.40095680  0.36147335  0.34250383  0.36147335  0.37439891  0.37439891  0.38094845  0.36790755  0.35509531  0.37439891  0.37439891  0.40095680  0.39422629  0.38755721  0.36147335  0.36147335  0.29420148  0.34877245  0.34877245  0.34250383  0.34250383  0.31194283  0.32401430  0.40095680  0.38755721  0.39422629  0.38755721  0.38094845  0.35509531  0.35509531  0.41460668  0.42851639  0.44989034  0.42152844  0.44269600  0.44269600  0.45715621  0.51804042  0.51014665  0.45715621  0.46449505  0.46449505  0.43557180  0.50233724  0.49461041  0.45715621  0.43557180  0.43557180  0.43557180  0.42851639  0.42152844  0.40774987  0.40095680  0.46449505  0.39422629  0.37439891  0.43557180  0.44989034  0.40095680  0.40774987  0.35509531  0.36147335  0.45715621  0.44989034  0.42851639  0.38094845  0.33012565  0.36790755  0.35509531  0.55049685  0.56728216  0.56728216  0.56728216  0.61101388  0.61101388  0.43557180  0.37439891  0.40774987  0.42851639  0.45715621  0.36147335  0.35509531  0.42851639  0.44989034  0.47939761  0.43557180  0.46449505  0.50233724  0.47190834  0.50233724  0.49461041  0.52602039  0.40095680  0.42152844  0.40774987  0.44269600  0.46449505  0.47190834  0.44269600  0.42152844  0.42851639  0.43557180  0.42152844  0.46449505  0.44989034  0.34877245  0.35509531  0.36790755  0.40774987  0.39422629  0.37439891  0.36790755  0.38094845  0.38755721  0.42152844  0.44989034  0.42851639  0.42851639  
81_0_0     0.31194283  0.28838213  0.28838213  0.31194283  0.30598106  0.31795364  0.28260877  0.28260877  0.26555739  0.03603005  0.01979700  0.00000000  0.13709137  0.13709137  0.13709137  0.20623393  0.21143232  0.22194137  0.33012565  0.34877245  0.28260877  0.28838213  0.34877245  0.34877245  0.31795364  0.31795364  0.31795364  0.31194283  0.34250383  0.32401430  0.32401430  0.31194283  0.30006753  0.32401430  0.31795364  0.29420148  0.34877245  0.36790755  0.34877245  0.45715621  0.42851639  0.28838213  0.38094845  0.38094845  0.37439891  0.39422629  0.39422629  0.42152844  0.38094845  0.37439891  0.39422629  0.40774987  0.40774987  0.41460668  0.40095680  0.38755721  0.40774987  0.40774987  0.42152844  0.42851639  0.42152844  0.35509531  0.35509531  0.31194283  0.36790755  0.35509531  0.34877245  0.36147335  0.33012565  0.35509531  0.42152844  0.40774987  0.41460668  0.40774987  0.38755721  0.37439891  0.37439891  0.44989034  0.44989034  0.47190834  0.44269600  0.46449505  0.44989034  0.46449505  0.51014665  0.50233724  0.42152844  0.45715621  0.45715621  0.41460668  0.51014665  0.50233724  0.44989034  0.42851639  0.44269600  0.45715621  0.44989034  0.44269600  0.44269600  0.43557180  0.45715621  0.40095680  0.36790755  0.42851639  0.44269600  0.40095680  0.40774987  0.35509531  0.36147335  0.43557180  0.42851639  0.43557180  0.38755721  0.34877245  0.37439891  0.36147335  0.57582164  0.57582164  0.57582164  0.59320593  0.63856690  0.63856690  0.47190834  0.39422629  0.41460668  0.43557180  0.46449505  0.39422629  0.38755721  0.46449505  0.44269600  0.50233724  0.44269600  0.47190834  0.51014665  0.51014665  0.51014665  0.47190834  0.53408846  0.39422629  0.40095680  0.39422629  0.42851639  0.48696442  0.49461041  0.46449505  0.42851639  0.44989034  0.47190834  0.45715621  0.46449505  0.44989034  0.35509531  0.37439891  0.37439891  0.42851639  0.41460668  0.38755721  0.38094845  0.38755721  0.40774987  0.44269600  0.47190834  0.44989034  0.42152844  
15_0_0     0.33628853  0.31194283  0.31795364  0.37439891  0.34250383  0.34250383  0.33012565  0.30598106  0.32401430  0.15136683  0.12308946  0.13709137  0.00000000  0.11390171  0.10935079  0.17579701  0.19085702  0.22194137  0.32401430  0.35509531  0.31795364  0.32401430  0.33628853  0.33628853  0.36790755  0.27119709  0.28260877  0.28838213  0.29420148  0.29420148  0.29420148  0.28838213  0.27119709  0.30006753  0.30598106  0.30006753  0.34877245  0.34250383  0.40095680  0.48696442  0.44269600  0.31795364  0.42851639  0.42851639  0.38755721  0.37439891  0.37439891  0.38755721  0.37439891  0.35509531  0.42851639  0.42851639  0.40095680  0.42152844  0.38094845  0.38094845  0.42851639  0.41460668  0.44269600  0.42152844  0.41460668  0.38094845  0.38094845  0.38755721  0.40095680  0.36147335  0.36790755  0.38094845  0.36790755  0.34250383  0.41460668  0.41460668  0.42152844  0.41460668  0.40774987  0.36790755  0.36790755  0.40095680  0.41460668  0.42152844  0.43557180  0.39422629  0.48696442  0.48696442  0.55049685  0.51804042  0.46449505  0.48696442  0.55049685  0.50233724  0.52602039  0.51804042  0.50233724  0.48696442  0.44989034  0.44269600  0.41460668  0.41460668  0.43557180  0.44269600  0.48696442  0.41460668  0.42152844  0.46449505  0.47939761  0.40095680  0.40774987  0.38755721  0.38094845  0.47190834  0.44989034  0.44989034  0.40095680  0.34877245  0.38094845  0.38755721  0.57582164  0.59320593  0.59320593  0.60205566  0.62008328  0.63856690  0.45715621  0.44989034  0.44269600  0.47939761  0.49461041  0.37439891  0.36790755  0.42851639  0.44989034  0.46449505  0.42152844  0.44989034  0.53408846  0.44269600  0.47190834  0.50233724  0.43557180  0.42152844  0.44269600  0.45715621  0.46449505  0.47190834  0.45715621  0.44989034  0.46449505  0.41460668  0.42152844  0.42152844  0.44269600  0.42851639  0.35509531  0.35509531  0.40095680  0.36147335  0.34877245  0.42851639  0.40774987  0.41460668  0.39422629  0.40774987  0.44989034  0.44269600  0.40774987  
5_0_0      0.30006753  0.30006753  0.28838213  0.31194283  0.29420148  0.29420148  0.28260877  0.29420148  0.28838213  0.16104112  0.12308946  0.13709137  0.11390171  0.00000000  0.10033310  0.18580245  0.19085702  0.19085702  0.34250383  0.36147335  0.30598106  0.31194283  0.32401430  0.33628853  0.33012565  0.27119709  0.30598106  0.31194283  0.33012565  0.32401430  0.32401430  0.30006753  0.30006753  0.31194283  0.27688065  0.25996089  0.30006753  0.33012565  0.34877245  0.41460668  0.40095680  0.30006753  0.35509531  0.35509531  0.33012565  0.31795364  0.35509531  0.35509531  0.35509531  0.34877245  0.38094845  0.39422629  0.36790755  0.37439891  0.34877245  0.34877245  0.38094845  0.35509531  0.40774987  0.37439891  0.36790755  0.35509531  0.35509531  0.36147335  0.34250383  0.35509531  0.36147335  0.34877245  0.33012565  0.31795364  0.39422629  0.38094845  0.38755721  0.39422629  0.38755721  0.34877245  0.34877245  0.43557180  0.40774987  0.44269600  0.42851639  0.42152844  0.45715621  0.45715621  0.50233724  0.44989034  0.42851639  0.43557180  0.44989034  0.52602039  0.42152844  0.41460668  0.42851639  0.40095680  0.39422629  0.40774987  0.41460668  0.41460668  0.39422629  0.37439891  0.51014665  0.39422629  0.37439891  0.42152844  0.43557180  0.41460668  0.42152844  0.35509531  0.36147335  0.40774987  0.37439891  0.42152844  0.38755721  0.32401430  0.32401430  0.32401430  0.57582164  0.59320593  0.59320593  0.60205566  0.62008328  0.63856690  0.38755721  0.42152844  0.38755721  0.40774987  0.42152844  0.39422629  0.38755721  0.44269600  0.40095680  0.44269600  0.44269600  0.47939761  0.48696442  0.47190834  0.48696442  0.46449505  0.46449505  0.44269600  0.47190834  0.41460668  0.46449505  0.41460668  0.36147335  0.38755721  0.40774987  0.34877245  0.40774987  0.39422629  0.42152844  0.40774987  0.32401430  0.33012565  0.35509531  0.39422629  0.38094845  0.39422629  0.38755721  0.38755721  0.36790755  0.38094845  0.45715621  0.43557180  0.38094845  
78_0_0     0.28838213  0.26555739  0.27119709  0.30006753  0.28838213  0.28260877  0.25996089  0.23799386  0.25440692  0.14657729  0.12308946  0.13709137  0.10935079  0.10033310  0.00000000  0.17579701  0.18078261  0.21143232  0.31795364  0.31795364  0.30006753  0.30598106  0.33628853  0.34877245  0.36790755  0.29420148  0.31795364  0.32401430  0.33012565  0.34250383  0.34250383  0.30598106  0.28260877  0.32401430  0.25996089  0.23799386  0.30006753  0.30598106  0.38755721  0.44989034  0.44269600  0.30006753  0.37439891  0.38094845  0.35509531  0.33628853  0.37439891  0.38755721  0.35509531  0.33628853  0.38094845  0.39422629  0.36790755  0.36147335  0.37439891  0.37439891  0.39422629  0.35509531  0.41460668  0.40095680  0.39422629  0.34250383  0.34250383  0.32401430  0.36147335  0.32401430  0.31795364  0.33012565  0.33628853  0.32401430  0.38755721  0.37439891  0.38094845  0.36147335  0.36147335  0.36790755  0.36790755  0.41460668  0.40095680  0.44269600  0.44269600  0.43557180  0.47939761  0.47939761  0.51804042  0.47190834  0.44269600  0.49461041  0.48696442  0.50233724  0.47939761  0.47190834  0.49461041  0.47190834  0.45715621  0.42851639  0.40774987  0.42851639  0.42851639  0.42152844  0.48696442  0.41460668  0.39422629  0.45715621  0.46449505  0.40774987  0.40774987  0.36147335  0.36790755  0.44269600  0.42152844  0.41460668  0.38755721  0.34250383  0.34250383  0.34250383  0.62008328  0.62926665  0.62926665  0.60205566  0.60205566  0.62008328  0.39422629  0.41460668  0.40095680  0.43557180  0.46449505  0.34877245  0.34250383  0.38755721  0.45715621  0.45715621  0.42851639  0.46449505  0.46449505  0.44269600  0.49461041  0.51804042  0.46449505  0.37439891  0.38094845  0.38094845  0.40095680  0.44989034  0.43557180  0.40774987  0.41460668  0.38094845  0.41460668  0.40095680  0.40774987  0.43557180  0.34250383  0.34877245  0.36147335  0.37439891  0.36147335  0.38755721  0.36790755  0.43557180  0.41460668  0.42851639  0.43557180  0.42851639  0.38755721  
57_0_0     0.30598106  0.27119709  0.25996089  0.29420148  0.27688065  0.30006753  0.27688065  0.28838213  0.29420148  0.22194137  0.19085702  0.20623393  0.17579701  0.18580245  0.17579701  0.00000000  0.04428384  0.10482804  0.25440692  0.30598106  0.26555739  0.27119709  0.28260877  0.31795364  0.27119709  0.25440692  0.25440692  0.25996089  0.27688065  0.30598106  0.30598106  0.29420148  0.28260877  0.27119709  0.23260376  0.20623393  0.22725312  0.26555739  0.36147335  0.36147335  0.39422629  0.26555739  0.30598106  0.30598106  0.28260877  0.30598106  0.33012565  0.30598106  0.35509531  0.33628853  0.36790755  0.36790755  0.36790755  0.36147335  0.35509531  0.34877245  0.38094845  0.37439891  0.41460668  0.39422629  0.40095680  0.33012565  0.33012565  0.31194283  0.33012565  0.30598106  0.31194283  0.32401430  0.34250383  0.34250383  0.35509531  0.36790755  0.37439891  0.34250383  0.36147335  0.32401430  0.32401430  0.42152844  0.36790755  0.41460668  0.47190834  0.42152844  0.47190834  0.48696442  0.49461041  0.47190834  0.49461041  0.40095680  0.45715621  0.48696442  0.44269600  0.43557180  0.57582164  0.55049685  0.42152844  0.46449505  0.47190834  0.48696442  0.43557180  0.42851639  0.49461041  0.38094845  0.40095680  0.42152844  0.46449505  0.38094845  0.36147335  0.33628853  0.35509531  0.40095680  0.38094845  0.39422629  0.38755721  0.36147335  0.39422629  0.38755721  0.53408846  0.55049685  0.55049685  0.59320593  0.57582164  0.61101388  0.38755721  0.37439891  0.42152844  0.40095680  0.41460668  0.34250383  0.33628853  0.36790755  0.45715621  0.44269600  0.45715621  0.42152844  0.43557180  0.42152844  0.36790755  0.38755721  0.40774987  0.37439891  0.39422629  0.40774987  0.41460668  0.37439891  0.38755721  0.38094845  0.40774987  0.37439891  0.42152844  0.39422629  0.38755721  0.42152844  0.33628853  0.35509531  0.36147335  0.33012565  0.31795364  0.37439891  0.36790755  0.40774987  0.37439891  0.38755721  0.40774987  0.38755721  0.38094845  
43_0_0     0.31194283  0.27688065  0.25440692  0.31194283  0.28260877  0.30598106  0.27119709  0.30598106  0.30006753  0.21666795  0.19594678  0.21143232  0.19085702  0.19085702  0.18078261  0.04428384  0.00000000  0.12772702  0.28260877  0.32401430  0.29420148  0.30006753  0.28838213  0.32401430  0.31194283  0.28260877  0.27119709  0.27688065  0.29420148  0.32401430  0.32401430  0.31194283  0.30006753  0.30006753  0.24889484  0.21143232  0.22194137  0.25996089  0.36790755  0.39422629  0.40095680  0.28260877  0.32401430  0.32401430  0.30006753  0.31194283  0.33628853  0.33012565  0.38755721  0.35509531  0.40095680  0.40095680  0.40095680  0.39422629  0.38755721  0.38094845  0.41460668  0.38094845  0.43557180  0.42851639  0.42152844  0.37439891  0.37439891  0.35509531  0.34877245  0.32401430  0.33012565  0.33012565  0.34877245  0.34877245  0.35509531  0.36790755  0.37439891  0.35509531  0.36147335  0.35509531  0.35509531  0.40774987  0.35509531  0.40095680  0.44989034  0.42851639  0.47939761  0.47939761  0.52602039  0.47190834  0.47190834  0.42152844  0.44989034  0.51014665  0.43557180  0.41460668  0.62008328  0.59320593  0.42851639  0.48696442  0.51014665  0.52602039  0.45715621  0.44989034  0.47190834  0.38755721  0.39422629  0.40774987  0.42152844  0.37439891  0.38094845  0.35509531  0.37439891  0.43557180  0.41460668  0.40095680  0.40774987  0.38094845  0.40095680  0.39422629  0.53408846  0.55049685  0.53408846  0.61101388  0.57582164  0.61101388  0.38094845  0.36790755  0.44269600  0.42152844  0.42851639  0.34877245  0.34250383  0.38094845  0.44989034  0.46449505  0.47939761  0.40095680  0.44989034  0.44269600  0.38755721  0.42152844  0.42851639  0.36790755  0.38755721  0.41460668  0.43557180  0.38094845  0.38094845  0.38094845  0.40095680  0.36790755  0.38755721  0.37439891  0.43557180  0.47190834  0.38094845  0.40095680  0.42152844  0.37439891  0.37439891  0.36790755  0.36147335  0.43557180  0.40774987  0.40774987  0.41460668  0.40774987  0.41460668  
6_0_0      0.28838213  0.25440692  0.24342402  0.30006753  0.29420148  0.31795364  0.25996089  0.28260877  0.28838213  0.23799386  0.21666795  0.22194137  0.22194137  0.19085702  0.21143232  0.10482804  0.12772702  0.00000000  0.30598106  0.34877245  0.28260877  0.30006753  0.33628853  0.34877245  0.26555739  0.29420148  0.29420148  0.30006753  0.31795364  0.34877245  0.34877245  0.32401430  0.31194283  0.30006753  0.25996089  0.25440692  0.27688065  0.30598106  0.40774987  0.42851639  0.47190834  0.34250383  0.34877245  0.34877245  0.33628853  0.33628853  0.36147335  0.35509531  0.40095680  0.38094845  0.36147335  0.37439891  0.37439891  0.38094845  0.34877245  0.34250383  0.40095680  0.42152844  0.43557180  0.42851639  0.43557180  0.33628853  0.33628853  0.36790755  0.38755721  0.37439891  0.36790755  0.39422629  0.41460668  0.42851639  0.42851639  0.44269600  0.44989034  0.44269600  0.46449505  0.43557180  0.43557180  0.42851639  0.37439891  0.42152844  0.46449505  0.41460668  0.45715621  0.47190834  0.51014665  0.50233724  0.49461041  0.45715621  0.50233724  0.44269600  0.42851639  0.42152844  0.55049685  0.52602039  0.45715621  0.48696442  0.49461041  0.51014665  0.45715621  0.44989034  0.56728216  0.44269600  0.46449505  0.45715621  0.50233724  0.41460668  0.39422629  0.38094845  0.41460668  0.44989034  0.40095680  0.40095680  0.43557180  0.42152844  0.41460668  0.40774987  0.55049685  0.56728216  0.55049685  0.61101388  0.59320593  0.64798704  0.35509531  0.38094845  0.38755721  0.36790755  0.39422629  0.37439891  0.36790755  0.41460668  0.47939761  0.49461041  0.51014665  0.45715621  0.44269600  0.45715621  0.38094845  0.38755721  0.45715621  0.36790755  0.37439891  0.41460668  0.43557180  0.47939761  0.47939761  0.42851639  0.44269600  0.42152844  0.48696442  0.44269600  0.41460668  0.44269600  0.39422629  0.41460668  0.44989034  0.37439891  0.34877245  0.40774987  0.41460668  0.47190834  0.43557180  0.44989034  0.43557180  0.42851639  0.42851639  
77_0_0     0.36147335  0.37439891  0.37439891  0.38755721  0.38094845  0.40774987  0.40774987  0.40774987  0.35509531  0.36147335  0.32401430  0.33012565  0.32401430  0.34250383  0.31795364  0.25440692  0.28260877  0.30598106  0.00000000  0.06961972  0.16592672  0.16592672  0.26555739  0.28838213  0.34250383  0.34250383  0.31795364  0.32401430  0.33012565  0.36790755  0.36790755  0.29420148  0.31795364  0.30598106  0.38094845  0.34877245  0.34250383  0.34877245  0.36147335  0.36790755  0.34877245  0.28260877  0.37439891  0.37439891  0.33012565  0.33628853  0.31194283  0.32401430  0.38755721  0.40774987  0.37439891  0.38755721  0.36147335  0.35509531  0.42152844  0.40774987  0.37439891  0.37439891  0.41460668  0.36147335  0.36790755  0.40095680  0.40095680  0.33012565  0.37439891  0.34877245  0.35509531  0.34250383  0.36147335  0.34877245  0.37439891  0.39422629  0.39422629  0.36147335  0.38094845  0.31795364  0.31795364  0.45715621  0.45715621  0.44989034  0.49461041  0.47190834  0.50233724  0.51804042  0.47190834  0.47190834  0.47939761  0.49461041  0.47939761  0.45715621  0.42851639  0.42152844  0.53408846  0.54224661  0.49461041  0.49461041  0.51014665  0.52602039  0.49461041  0.50233724  0.51014665  0.42851639  0.40774987  0.46449505  0.47939761  0.47939761  0.47190834  0.40095680  0.43557180  0.38094845  0.38755721  0.43557180  0.41460668  0.42851639  0.44989034  0.44989034  0.51804042  0.51804042  0.50233724  0.52602039  0.53408846  0.54224661  0.43557180  0.42851639  0.47939761  0.42851639  0.44269600  0.39422629  0.40095680  0.47939761  0.47939761  0.52602039  0.47939761  0.44989034  0.42851639  0.42851639  0.41460668  0.47939761  0.54224661  0.42152844  0.42152844  0.44989034  0.44269600  0.49461041  0.47190834  0.51014665  0.51014665  0.45715621  0.46449505  0.44989034  0.51804042  0.49461041  0.44269600  0.45715621  0.49461041  0.40774987  0.40774987  0.41460668  0.40774987  0.42851639  0.43557180  0.44269600  0.40774987  0.44269600  0.42851639  
76_0_0     0.38094845  0.39422629  0.36790755  0.38094845  0.38755721  0.40095680  0.41460668  0.40095680  0.34877245  0.38094845  0.35509531  0.34877245  0.35509531  0.36147335  0.31795364  0.30598106  0.32401430  0.34877245  0.06961972  0.00000000  0.17084520  0.17084520  0.24889484  0.27119709  0.33628853  0.33628853  0.33628853  0.33012565  0.33628853  0.40095680  0.40095680  0.30006753  0.31194283  0.28838213  0.40095680  0.35509531  0.37439891  0.35509531  0.38094845  0.37439891  0.36790755  0.31194283  0.39422629  0.40774987  0.37439891  0.35509531  0.33012565  0.32401430  0.39422629  0.41460668  0.39422629  0.39422629  0.36790755  0.36147335  0.42851639  0.41460668  0.36790755  0.36790755  0.39422629  0.35509531  0.36147335  0.38094845  0.38094845  0.34877245  0.39422629  0.35509531  0.36147335  0.36147335  0.38094845  0.38094845  0.38755721  0.40774987  0.40774987  0.37439891  0.38094845  0.36147335  0.36147335  0.44989034  0.47939761  0.44269600  0.47190834  0.46449505  0.43557180  0.44989034  0.42152844  0.42152844  0.44989034  0.45715621  0.44269600  0.40774987  0.39422629  0.40095680  0.55049685  0.52602039  0.56728216  0.58446209  0.56728216  0.56728216  0.53408846  0.54224661  0.51804042  0.42152844  0.40095680  0.44269600  0.44269600  0.48696442  0.47939761  0.44989034  0.48696442  0.40774987  0.42851639  0.45715621  0.42152844  0.44989034  0.42851639  0.42851639  0.56728216  0.55049685  0.53408846  0.54224661  0.56728216  0.55884131  0.38755721  0.36790755  0.42851639  0.39422629  0.39422629  0.41460668  0.42152844  0.42851639  0.45715621  0.60205566  0.53408846  0.45715621  0.46449505  0.44989034  0.42851639  0.47939761  0.51804042  0.41460668  0.40095680  0.44269600  0.42152844  0.52602039  0.47190834  0.51014665  0.49461041  0.45715621  0.47939761  0.44989034  0.50233724  0.49461041  0.43557180  0.44269600  0.45715621  0.40095680  0.40095680  0.40774987  0.40095680  0.41460668  0.42851639  0.44989034  0.42851639  0.44989034  0.47939761  
