134
36_13_0    0.00000000  0.00856174  0.02599939  0.34292344  0.35681250  0.36385964  0.30280665  0.32929930  0.34983422  0.33607889  0.31593016  0.32258345  0.32258345  0.37097699  0.34292344  0.33607889  0.33607889  0.32258345  0.32258345  0.32929930  0.34292344  0.33607889  0.30280665  0.29633421  0.30933826  0.31593016  0.30933826  0.31593016  0.28991990  0.26482358  0.26482358  0.27101548  0.40017750  0.27726153  0.27101548  0.28991990  0.32258345  0.31593016  0.32258345  0.30280665  0.31593016  0.36385964  0.33607889  0.35681250  0.36385964  0.32929930  0.33607889  0.29633421  0.29633421  0.28356267  0.28356267  0.28356267  0.28991990  0.30280665  0.28991990  0.28356267  0.28991990  0.31593016  0.29633421  0.35681250  0.28991990  0.28991990  0.28991990  0.28356267  0.29633421  0.25868488  0.25868488  0.32258345  0.31593016  0.29633421  0.30933826  0.32929930  0.33607889  0.30933826  0.34292344  0.33607889  0.32929930  0.32258345  0.32929930  0.30933826  0.30280665  0.34983422  0.34292344  0.37097699  0.32258345  0.32929930  0.32258345  0.36385964  0.30280665  0.30280665  0.30933826  0.28991990  0.28991990  0.27726153  0.29633421  0.28991990  0.28356267  0.29633421  0.28356267  0.28356267  0.27726153  0.28356267  0.32258345  0.29633421  0.29633421  0.28356267  0.27101548  0.27726153  0.30280665  0.30933826  0.31593016  0.30280665  0.29633421  0.30933826  0.32929930  0.33607889  0.28991990  0.27726153  0.30933826  0.30933826  0.32258345  0.32258345  0.28356267  0.28991990  0.28356267  0.32929930  0.30280665  0.30933826  0.30280665  0.30933826  0.30933826  0.28356267  0.29633421  0.34983422  
4_13_0     0.00856174  0.00000000  0.01722736  0.34292344  0.35681250  0.36385964  0.31593016  0.34292344  0.34983422  0.33607889  0.31593016  0.32258345  0.32258345  0.37097699  0.35681250  0.34983422  0.32258345  0.32258345  0.32258345  0.32929930  0.34292344  0.33607889  0.30280665  0.28356267  0.29633421  0.30280665  0.29633421  0.30280665  0.28991990  0.27726153  0.27726153  0.28356267  0.40017750  0.28991990  0.28356267  0.30280665  0.33607889  0.32929930  0.33607889  0.31593016  0.32929930  0.37816597  0.34983422  0.37097699  0.37816597  0.34292344  0.34983422  0.30933826  0.30933826  0.29633421  0.28356267  0.28356267  0.28991990  0.30280665  0.28991990  0.28356267  0.29633421  0.32929930  0.30933826  0.35681250  0.30280665  0.30280665  0.30280665  0.29633421  0.30933826  0.27101548  0.27101548  0.32258345  0.31593016  0.29633421  0.30933826  0.32929930  0.34983422  0.30933826  0.34292344  0.33607889  0.32929930  0.30933826  0.32929930  0.30933826  0.30280665  0.34983422  0.34292344  0.37097699  0.30933826  0.32929930  0.32258345  0.36385964  0.28991990  0.28991990  0.29633421  0.27726153  0.27726153  0.26482358  0.28356267  0.28991990  0.27101548  0.28356267  0.27101548  0.27101548  0.26482358  0.27101548  0.30933826  0.28356267  0.28356267  0.27101548  0.25868488  0.26482358  0.28991990  0.29633421  0.30280665  0.28991990  0.28356267  0.29633421  0.31593016  0.32258345  0.28991990  0.27726153  0.30933826  0.30933826  0.32258345  0.32258345  0.28356267  0.28991990  0.28356267  0.32929930  0.28991990  0.30933826  0.28991990  0.29633421  0.29633421  0.27101548  0.28356267  0.33607889  
24_13_0    0.02599939  0.01722736  0.00000000  0.34292344  0.37097699  0.36385964  0.34292344  0.35681250  0.36385964  0.34983422  0.34292344  0.34983422  0.34983422  0.38542804  0.37097699  0.36385964  0.30933826  0.32258345  0.32258345  0.34292344  0.34292344  0.33607889  0.30280665  0.28991990  0.29633421  0.30280665  0.29633421  0.30280665  0.30280665  0.28991990  0.28991990  0.28356267  0.40017750  0.28991990  0.28356267  0.30280665  0.34983422  0.34292344  0.34983422  0.32929930  0.34292344  0.37816597  0.36385964  0.38542804  0.39276470  0.35681250  0.36385964  0.32258345  0.32258345  0.30933826  0.29633421  0.29633421  0.30280665  0.31593016  0.30280665  0.29633421  0.30933826  0.32929930  0.30933826  0.37097699  0.31593016  0.31593016  0.31593016  0.30933826  0.32258345  0.28356267  0.28356267  0.33607889  0.32929930  0.30933826  0.32258345  0.34292344  0.36385964  0.32258345  0.35681250  0.34983422  0.34292344  0.32258345  0.34292344  0.32258345  0.31593016  0.36385964  0.35681250  0.40017750  0.30933826  0.34292344  0.33607889  0.37816597  0.30280665  0.30280665  0.30933826  0.28991990  0.28991990  0.27726153  0.29633421  0.30280665  0.28356267  0.29633421  0.28356267  0.28356267  0.27726153  0.28356267  0.32258345  0.29633421  0.29633421  0.28356267  0.27101548  0.27726153  0.30280665  0.29633421  0.30280665  0.28991990  0.28356267  0.28356267  0.31593016  0.32258345  0.28991990  0.27726153  0.30933826  0.30933826  0.32258345  0.32258345  0.28356267  0.28991990  0.28356267  0.32929930  0.30280665  0.30933826  0.28991990  0.30933826  0.29633421  0.27101548  0.28356267  0.34983422  
3_223_0    0.34292344  0.34292344  0.34292344  0.00000000  0.17242374  0.18334089  0.17242374  0.20568887  0.21138684  0.21138684  0.16167093  0.18886268  0.17786146  0.19442748  0.18886268  0.21138684  0.13035089  0.37097699  0.37816597  0.39276470  0.40017750  0.40766803  0.43062278  0.44634628  0.40766803  0.41523795  0.40766803  0.41523795  0.39276470  0.37097699  0.36385964  0.32929930  0.47887133  0.36385964  0.36385964  0.34292344  0.40766803  0.43062278  0.40766803  0.38542804  0.37097699  0.39276470  0.38542804  0.40017750  0.39276470  0.37816597  0.39276470  0.40766803  0.40017750  0.37816597  0.39276470  0.39276470  0.40017750  0.39276470  0.41523795  0.40766803  0.42288895  0.40017750  0.38542804  0.42288895  0.40017750  0.39276470  0.38542804  0.38542804  0.37816597  0.39276470  0.39276470  0.35681250  0.38542804  0.36385964  0.37816597  0.40766803  0.41523795  0.42288895  0.42288895  0.43062278  0.42288895  0.42288895  0.40017750  0.40766803  0.41523795  0.43062278  0.42288895  0.43844127  0.32258345  0.37097699  0.36385964  0.39276470  0.32258345  0.32258345  0.32929930  0.35681250  0.34983422  0.34292344  0.36385964  0.35681250  0.31593016  0.31593016  0.32929930  0.32929930  0.35681250  0.37097699  0.35681250  0.35681250  0.35681250  0.34292344  0.34983422  0.34292344  0.36385964  0.35681250  0.34292344  0.32929930  0.33607889  0.32258345  0.39276470  0.40017750  0.32929930  0.32929930  0.32258345  0.32258345  0.32258345  0.32258345  0.32258345  0.32929930  0.33607889  0.36385964  0.35681250  0.35681250  0.32258345  0.33607889  0.35681250  0.34983422  0.33607889  0.36385964  
3_221_0    0.35681250  0.35681250  0.37097699  0.17242374  0.00000000  0.03042614  0.12020879  0.12526184  0.13035089  0.13035089  0.11519124  0.13035089  0.12020879  0.14063907  0.11519124  0.14063907  0.14063907  0.43062278  0.42288895  0.41523795  0.40766803  0.40766803  0.39276470  0.37097699  0.38542804  0.39276470  0.37816597  0.37816597  0.37816597  0.34292344  0.36385964  0.37816597  0.36385964  0.29633421  0.30280665  0.29633421  0.36385964  0.40017750  0.37097699  0.37816597  0.39276470  0.40766803  0.37816597  0.43844127  0.40766803  0.37097699  0.42288895  0.37816597  0.37097699  0.36385964  0.39276470  0.39276470  0.40017750  0.36385964  0.38542804  0.37816597  0.39276470  0.39276470  0.36385964  0.40017750  0.36385964  0.35681250  0.36385964  0.32258345  0.34292344  0.32929930  0.32929930  0.34292344  0.35681250  0.33607889  0.36385964  0.37097699  0.39276470  0.37097699  0.38542804  0.37816597  0.38542804  0.37097699  0.40017750  0.37097699  0.37816597  0.40766803  0.40017750  0.42288895  0.33607889  0.35681250  0.36385964  0.37816597  0.32929930  0.32929930  0.33607889  0.37097699  0.36385964  0.35681250  0.37816597  0.37097699  0.32258345  0.32929930  0.32929930  0.33607889  0.34983422  0.36385964  0.34983422  0.34292344  0.34292344  0.33607889  0.34983422  0.32929930  0.34983422  0.35681250  0.35681250  0.34292344  0.34292344  0.34983422  0.38542804  0.39276470  0.39276470  0.37816597  0.38542804  0.38542804  0.40017750  0.40017750  0.35681250  0.36385964  0.35681250  0.39276470  0.39276470  0.40766803  0.34983422  0.38542804  0.39276470  0.36385964  0.36385964  0.34983422  
3_191_0    0.36385964  0.36385964  0.36385964  0.18334089  0.03042614  0.00000000  0.12526184  0.14063907  0.13547646  0.14583927  0.12020879  0.12526184  0.11519124  0.14583927  0.12020879  0.14583927  0.13547646  0.39276470  0.38542804  0.37816597  0.37097699  0.37816597  0.37097699  0.34983422  0.36385964  0.37097699  0.35681250  0.35681250  0.34292344  0.29633421  0.31593016  0.34983422  0.35681250  0.28356267  0.30280665  0.28356267  0.34292344  0.37816597  0.34983422  0.35681250  0.37097699  0.38542804  0.35681250  0.41523795  0.38542804  0.34983422  0.40017750  0.37097699  0.36385964  0.37097699  0.35681250  0.35681250  0.37816597  0.34292344  0.36385964  0.35681250  0.37097699  0.34983422  0.35681250  0.39276470  0.35681250  0.34983422  0.35681250  0.31593016  0.33607889  0.32258345  0.32258345  0.32258345  0.34983422  0.32929930  0.35681250  0.34983422  0.38542804  0.36385964  0.37097699  0.36385964  0.37097699  0.36385964  0.37816597  0.36385964  0.37097699  0.40017750  0.39276470  0.41523795  0.30280665  0.32929930  0.33607889  0.34983422  0.29633421  0.29633421  0.30280665  0.32258345  0.31593016  0.30933826  0.32929930  0.32258345  0.27726153  0.28356267  0.28356267  0.28991990  0.31593016  0.32929930  0.30280665  0.30933826  0.30933826  0.30280665  0.32929930  0.30933826  0.30280665  0.30933826  0.30933826  0.30933826  0.30933826  0.30280665  0.33607889  0.34292344  0.35681250  0.34292344  0.34983422  0.34983422  0.36385964  0.36385964  0.33607889  0.35681250  0.34983422  0.34292344  0.34292344  0.35681250  0.30280665  0.33607889  0.35681250  0.31593016  0.31593016  0.31593016  
2_231_0    0.30280665  0.31593016  0.34292344  0.17242374  0.12020879  0.12526184  0.00000000  0.06220617  0.07627127  0.07627127  0.08580427  0.10526064  0.09546621  0.11020868  0.08580427  0.10526064  0.14583927  0.37097699  0.36385964  0.37097699  0.36385964  0.37097699  0.39276470  0.38542804  0.40017750  0.39276470  0.39276470  0.39276470  0.34983422  0.34292344  0.34983422  0.34983422  0.36385964  0.30933826  0.30933826  0.31593016  0.37097699  0.39276470  0.37816597  0.38542804  0.40017750  0.42288895  0.39276470  0.42288895  0.40017750  0.38542804  0.40766803  0.37816597  0.37097699  0.36385964  0.36385964  0.36385964  0.40017750  0.37816597  0.38542804  0.37816597  0.39276470  0.37097699  0.37097699  0.43062278  0.32929930  0.32258345  0.32929930  0.31593016  0.33607889  0.32258345  0.32258345  0.33607889  0.36385964  0.34292344  0.37097699  0.36385964  0.37097699  0.36385964  0.36385964  0.35681250  0.36385964  0.37816597  0.39276470  0.37097699  0.37816597  0.39276470  0.38542804  0.42288895  0.30933826  0.33607889  0.34292344  0.37097699  0.29633421  0.29633421  0.30280665  0.32929930  0.33607889  0.31593016  0.33607889  0.31593016  0.28991990  0.30280665  0.29633421  0.30280665  0.30933826  0.32929930  0.30933826  0.30280665  0.30280665  0.29633421  0.31593016  0.29633421  0.31593016  0.32929930  0.30280665  0.30280665  0.30933826  0.32258345  0.36385964  0.35681250  0.31593016  0.30280665  0.32258345  0.32258345  0.32258345  0.32258345  0.29633421  0.30933826  0.30280665  0.34292344  0.34292344  0.34292344  0.31593016  0.32929930  0.35681250  0.32929930  0.32929930  0.32929930  
2_229_0    0.32929930  0.34292344  0.35681250  0.20568887  0.12526184  0.14063907  0.06220617  0.00000000  0.02159991  0.02159991  0.11020868  0.12020879  0.12020879  0.11519124  0.09061890  0.10526064  0.16702710  0.43062278  0.43062278  0.41523795  0.40017750  0.38542804  0.40017750  0.40766803  0.42288895  0.41523795  0.41523795  0.42288895  0.38542804  0.37097699  0.38542804  0.36385964  0.36385964  0.28991990  0.28991990  0.29633421  0.36385964  0.38542804  0.37097699  0.37097699  0.38542804  0.39276470  0.37097699  0.40766803  0.38542804  0.37816597  0.40017750  0.35681250  0.34983422  0.34292344  0.35681250  0.35681250  0.37816597  0.37097699  0.36385964  0.35681250  0.35681250  0.38542804  0.35681250  0.39276470  0.33607889  0.32929930  0.33607889  0.31593016  0.34292344  0.32929930  0.32929930  0.34983422  0.37097699  0.34983422  0.37816597  0.37816597  0.37816597  0.37097699  0.37097699  0.36385964  0.37097699  0.34292344  0.37097699  0.36385964  0.37097699  0.38542804  0.37816597  0.40766803  0.35681250  0.37097699  0.37097699  0.40766803  0.34292344  0.34292344  0.34983422  0.37816597  0.38542804  0.36385964  0.38542804  0.36385964  0.34292344  0.35681250  0.34983422  0.35681250  0.35681250  0.36385964  0.34983422  0.34292344  0.34292344  0.34292344  0.34983422  0.33607889  0.34292344  0.37097699  0.34292344  0.34292344  0.33607889  0.35681250  0.40766803  0.40017750  0.37097699  0.35681250  0.37816597  0.37816597  0.36385964  0.36385964  0.34983422  0.35681250  0.34983422  0.39276470  0.40017750  0.39276470  0.37097699  0.39276470  0.40017750  0.36385964  0.37097699  0.34983422  
23_241_0   0.34983422  0.34983422  0.36385964  0.21138684  0.13035089  0.13547646  0.07627127  0.02159991  0.00000000  0.00856174  0.12020879  0.12526184  0.13035089  0.12526184  0.11020868  0.12526184  0.17786146  0.46242370  0.45433976  0.43062278  0.43062278  0.41523795  0.40017750  0.39276470  0.40766803  0.40017750  0.40017750  0.40766803  0.39276470  0.37097699  0.38542804  0.37097699  0.37097699  0.31593016  0.31593016  0.32258345  0.37816597  0.40017750  0.38542804  0.38542804  0.40017750  0.39276470  0.37097699  0.43062278  0.40766803  0.39276470  0.41523795  0.37816597  0.37816597  0.37097699  0.37097699  0.37097699  0.39276470  0.37816597  0.37816597  0.37097699  0.37097699  0.40017750  0.37097699  0.39276470  0.34983422  0.34292344  0.34983422  0.32258345  0.35681250  0.34292344  0.34292344  0.32929930  0.37097699  0.36385964  0.37816597  0.34292344  0.37097699  0.34983422  0.34983422  0.34292344  0.34983422  0.32258345  0.33607889  0.34292344  0.34983422  0.36385964  0.35681250  0.37097699  0.36385964  0.39276470  0.39276470  0.41523795  0.34983422  0.34983422  0.35681250  0.37097699  0.37816597  0.35681250  0.37816597  0.37097699  0.33607889  0.34983422  0.34292344  0.34983422  0.34983422  0.35681250  0.32929930  0.33607889  0.33607889  0.33607889  0.36385964  0.34983422  0.33607889  0.36385964  0.33607889  0.33607889  0.32929930  0.34983422  0.38542804  0.37816597  0.37816597  0.36385964  0.37097699  0.37097699  0.37097699  0.37097699  0.35681250  0.37816597  0.37097699  0.40017750  0.37816597  0.38542804  0.36385964  0.37097699  0.39276470  0.35681250  0.36385964  0.34983422  
23_229_0   0.33607889  0.33607889  0.34983422  0.21138684  0.13035089  0.14583927  0.07627127  0.02159991  0.00856174  0.00000000  0.12020879  0.12526184  0.13035089  0.12526184  0.11020868  0.12526184  0.16702710  0.46242370  0.45433976  0.44634628  0.43062278  0.41523795  0.40017750  0.39276470  0.40766803  0.40017750  0.40017750  0.40766803  0.39276470  0.37097699  0.38542804  0.36385964  0.37097699  0.31593016  0.31593016  0.32258345  0.39276470  0.40017750  0.40017750  0.40017750  0.41523795  0.40766803  0.38542804  0.44634628  0.42288895  0.40766803  0.43062278  0.37816597  0.37816597  0.37097699  0.38542804  0.38542804  0.40766803  0.39276470  0.39276470  0.38542804  0.38542804  0.41523795  0.37097699  0.40766803  0.33607889  0.32929930  0.33607889  0.32258345  0.35681250  0.34292344  0.34292344  0.34292344  0.37097699  0.36385964  0.37816597  0.35681250  0.37097699  0.34983422  0.34983422  0.34292344  0.34983422  0.32258345  0.34983422  0.34292344  0.34983422  0.36385964  0.35681250  0.38542804  0.36385964  0.39276470  0.39276470  0.41523795  0.34983422  0.34983422  0.35681250  0.38542804  0.39276470  0.37097699  0.39276470  0.38542804  0.34983422  0.36385964  0.35681250  0.36385964  0.36385964  0.37097699  0.34292344  0.34983422  0.34983422  0.34983422  0.34983422  0.33607889  0.33607889  0.36385964  0.33607889  0.33607889  0.32929930  0.34983422  0.38542804  0.37816597  0.39276470  0.37816597  0.38542804  0.38542804  0.38542804  0.38542804  0.37097699  0.37816597  0.37097699  0.41523795  0.39276470  0.40017750  0.37816597  0.38542804  0.39276470  0.37097699  0.37816597  0.34292344  
23_230_0   0.31593016  0.31593016  0.34292344  0.16167093  0.11519124  0.12020879  0.08580427  0.11020868  0.12020879  0.12020879  0.00000000  0.02599939  0.01722736  0.10526064  0.08102187  0.10526064  0.13547646  0.35681250  0.37816597  0.36385964  0.37816597  0.37097699  0.37097699  0.37816597  0.37816597  0.38542804  0.37097699  0.37097699  0.37816597  0.34292344  0.34983422  0.33607889  0.33607889  0.29633421  0.30280665  0.30933826  0.34292344  0.36385964  0.34983422  0.35681250  0.37097699  0.38542804  0.35681250  0.39276470  0.37097699  0.36385964  0.38542804  0.34292344  0.33607889  0.32929930  0.32929930  0.32929930  0.36385964  0.35681250  0.34983422  0.34292344  0.35681250  0.35681250  0.34983422  0.37816597  0.34292344  0.33607889  0.34292344  0.34292344  0.33607889  0.33607889  0.33607889  0.33607889  0.34983422  0.32929930  0.35681250  0.35681250  0.37816597  0.35681250  0.34292344  0.36385964  0.35681250  0.35681250  0.37097699  0.36385964  0.37097699  0.39276470  0.38542804  0.37816597  0.30933826  0.31593016  0.32258345  0.33607889  0.29633421  0.29633421  0.30280665  0.32929930  0.33607889  0.31593016  0.33607889  0.32929930  0.29633421  0.30933826  0.30280665  0.30933826  0.30933826  0.32929930  0.30933826  0.30280665  0.30280665  0.29633421  0.28991990  0.28356267  0.28356267  0.32258345  0.30933826  0.29633421  0.30280665  0.32258345  0.34292344  0.36385964  0.30933826  0.29633421  0.30280665  0.30280665  0.31593016  0.31593016  0.27726153  0.28356267  0.27726153  0.32258345  0.30933826  0.32258345  0.29633421  0.30280665  0.32258345  0.30933826  0.30933826  0.31593016  
2_239_0    0.32258345  0.32258345  0.34983422  0.18886268  0.13035089  0.12526184  0.10526064  0.12020879  0.12526184  0.12526184  0.02599939  0.00000000  0.00856174  0.12526184  0.10034664  0.11519124  0.15107760  0.37816597  0.40017750  0.38542804  0.38542804  0.38542804  0.38542804  0.37816597  0.39276470  0.40017750  0.38542804  0.38542804  0.40017750  0.32929930  0.33607889  0.34983422  0.34983422  0.28991990  0.30933826  0.30280665  0.33607889  0.35681250  0.34292344  0.34983422  0.36385964  0.37097699  0.34292344  0.40017750  0.37816597  0.35681250  0.39276470  0.33607889  0.32929930  0.33607889  0.32258345  0.32258345  0.35681250  0.34983422  0.34292344  0.33607889  0.34983422  0.34983422  0.35681250  0.38542804  0.34983422  0.34292344  0.34983422  0.33607889  0.32929930  0.32929930  0.32929930  0.32929930  0.34292344  0.32258345  0.34983422  0.34292344  0.35681250  0.33607889  0.32258345  0.34292344  0.33607889  0.33607889  0.36385964  0.35681250  0.36385964  0.37097699  0.36385964  0.37097699  0.30933826  0.31593016  0.32258345  0.33607889  0.30933826  0.30933826  0.31593016  0.32929930  0.33607889  0.31593016  0.33607889  0.32929930  0.29633421  0.30933826  0.30280665  0.30933826  0.32258345  0.34292344  0.30933826  0.31593016  0.31593016  0.30933826  0.30280665  0.29633421  0.29633421  0.33607889  0.32258345  0.30933826  0.31593016  0.32258345  0.35681250  0.36385964  0.32258345  0.30933826  0.31593016  0.31593016  0.34292344  0.34292344  0.30280665  0.30933826  0.30280665  0.33607889  0.33607889  0.34983422  0.30933826  0.32929930  0.34983422  0.30280665  0.30933826  0.32929930  
2_230_0    0.32258345  0.32258345  0.34983422  0.17786146  0.12020879  0.11519124  0.09546621  0.12020879  0.13035089  0.13035089  0.01722736  0.00856174  0.00000000  0.11519124  0.09061890  0.11519124  0.15107760  0.36385964  0.38542804  0.37097699  0.37097699  0.38542804  0.37816597  0.37097699  0.38542804  0.39276470  0.37816597  0.37816597  0.38542804  0.33607889  0.34292344  0.34983422  0.33607889  0.28991990  0.30933826  0.30280665  0.33607889  0.35681250  0.34292344  0.34983422  0.36385964  0.37816597  0.34983422  0.40017750  0.37816597  0.35681250  0.39276470  0.33607889  0.32929930  0.33607889  0.32258345  0.32258345  0.35681250  0.34983422  0.34292344  0.33607889  0.34983422  0.34983422  0.35681250  0.38542804  0.34983422  0.34292344  0.34983422  0.33607889  0.32929930  0.32929930  0.32929930  0.32929930  0.34292344  0.32258345  0.34983422  0.34292344  0.36385964  0.34292344  0.32929930  0.34983422  0.34292344  0.34292344  0.37097699  0.36385964  0.37097699  0.37816597  0.37097699  0.37816597  0.29633421  0.30280665  0.30933826  0.32258345  0.29633421  0.29633421  0.30280665  0.31593016  0.32258345  0.30280665  0.32258345  0.31593016  0.28356267  0.29633421  0.28991990  0.29633421  0.30933826  0.32929930  0.29633421  0.30280665  0.30280665  0.29633421  0.28991990  0.28356267  0.28356267  0.32258345  0.30933826  0.29633421  0.30280665  0.30933826  0.34292344  0.34983422  0.30933826  0.29633421  0.30280665  0.30280665  0.32929930  0.32929930  0.28991990  0.29633421  0.28991990  0.32258345  0.32258345  0.33607889  0.29633421  0.31593016  0.33607889  0.29633421  0.29633421  0.31593016  
23_191_0   0.37097699  0.37097699  0.38542804  0.19442748  0.14063907  0.14583927  0.11020868  0.11519124  0.12526184  0.12526184  0.10526064  0.12526184  0.11519124  0.00000000  0.03042614  0.05757867  0.16702710  0.40017750  0.40766803  0.35681250  0.35681250  0.37097699  0.42288895  0.40017750  0.41523795  0.42288895  0.40766803  0.40766803  0.39276470  0.36385964  0.35681250  0.35681250  0.36385964  0.30933826  0.31593016  0.30933826  0.36385964  0.37816597  0.37097699  0.36385964  0.36385964  0.40017750  0.39276470  0.43062278  0.40766803  0.40017750  0.42288895  0.37816597  0.37097699  0.34983422  0.36385964  0.36385964  0.38542804  0.39276470  0.38542804  0.37816597  0.39276470  0.39276470  0.35681250  0.43844127  0.37816597  0.36385964  0.35681250  0.34292344  0.34983422  0.34983422  0.34983422  0.36385964  0.34983422  0.34292344  0.35681250  0.37816597  0.37097699  0.37816597  0.37816597  0.37097699  0.37816597  0.37816597  0.39276470  0.37097699  0.37816597  0.40766803  0.40017750  0.42288895  0.32258345  0.34292344  0.34983422  0.36385964  0.29633421  0.29633421  0.30280665  0.34292344  0.34983422  0.32929930  0.34983422  0.34292344  0.32258345  0.32258345  0.32929930  0.33607889  0.30933826  0.31593016  0.32258345  0.31593016  0.31593016  0.30933826  0.32929930  0.30933826  0.32258345  0.33607889  0.30933826  0.30933826  0.31593016  0.32258345  0.39276470  0.38542804  0.33607889  0.32929930  0.33607889  0.33607889  0.34983422  0.34983422  0.30933826  0.31593016  0.30933826  0.35681250  0.34983422  0.36385964  0.32258345  0.34292344  0.36385964  0.33607889  0.33607889  0.34292344  
23_240_0   0.34292344  0.35681250  0.37097699  0.18886268  0.11519124  0.12020879  0.08580427  0.09061890  0.11020868  0.11020868  0.08102187  0.10034664  0.09061890  0.03042614  0.00000000  0.02599939  0.15635463  0.37097699  0.37816597  0.34292344  0.34292344  0.35681250  0.39276470  0.38542804  0.40017750  0.40766803  0.39276470  0.39276470  0.37097699  0.33607889  0.34292344  0.34292344  0.33607889  0.29633421  0.30280665  0.30933826  0.33607889  0.35681250  0.34292344  0.34983422  0.36385964  0.37816597  0.36385964  0.40017750  0.37816597  0.37097699  0.39276470  0.34983422  0.34292344  0.33607889  0.33607889  0.33607889  0.37097699  0.36385964  0.35681250  0.34983422  0.36385964  0.36385964  0.32929930  0.41523795  0.34983422  0.33607889  0.34292344  0.31593016  0.32258345  0.32258345  0.32258345  0.36385964  0.34983422  0.32929930  0.35681250  0.37816597  0.37097699  0.37816597  0.37816597  0.37097699  0.37816597  0.37816597  0.40766803  0.38542804  0.39276470  0.42288895  0.41523795  0.42288895  0.32258345  0.32929930  0.33607889  0.34983422  0.30933826  0.30933826  0.31593016  0.34292344  0.34983422  0.32929930  0.34983422  0.32929930  0.30933826  0.32258345  0.31593016  0.32258345  0.30933826  0.32929930  0.32258345  0.31593016  0.31593016  0.30933826  0.31593016  0.29633421  0.30933826  0.33607889  0.30933826  0.30933826  0.31593016  0.32258345  0.37816597  0.38542804  0.33607889  0.32929930  0.34983422  0.34983422  0.34983422  0.34983422  0.30933826  0.31593016  0.30933826  0.34292344  0.34983422  0.34983422  0.32258345  0.34292344  0.36385964  0.33607889  0.33607889  0.32929930  
2_238_0    0.33607889  0.34983422  0.36385964  0.21138684  0.14063907  0.14583927  0.10526064  0.10526064  0.12526184  0.12526184  0.10526064  0.11519124  0.11519124  0.05757867  0.02599939  0.00000000  0.16167093  0.40017750  0.40766803  0.36385964  0.37097699  0.37097699  0.40766803  0.40017750  0.41523795  0.42288895  0.40766803  0.40766803  0.38542804  0.33607889  0.34292344  0.34292344  0.37097699  0.29633421  0.30280665  0.30933826  0.32929930  0.34983422  0.33607889  0.34292344  0.35681250  0.38542804  0.37097699  0.38542804  0.37816597  0.37097699  0.39276470  0.34983422  0.34292344  0.33607889  0.33607889  0.33607889  0.37097699  0.36385964  0.35681250  0.34983422  0.36385964  0.36385964  0.34292344  0.41523795  0.34292344  0.34292344  0.34983422  0.32258345  0.32929930  0.32929930  0.32929930  0.37097699  0.35681250  0.33607889  0.36385964  0.39276470  0.37816597  0.38542804  0.38542804  0.37816597  0.37816597  0.39276470  0.41523795  0.39276470  0.40017750  0.41523795  0.40766803  0.42288895  0.34983422  0.36385964  0.37097699  0.38542804  0.33607889  0.33607889  0.34292344  0.35681250  0.36385964  0.34292344  0.36385964  0.34292344  0.33607889  0.34983422  0.34292344  0.34983422  0.33607889  0.35681250  0.34983422  0.34292344  0.34292344  0.33607889  0.32929930  0.32258345  0.34292344  0.36385964  0.33607889  0.33607889  0.34292344  0.34983422  0.40766803  0.41523795  0.36385964  0.35681250  0.37097699  0.37097699  0.37816597  0.37816597  0.33607889  0.34292344  0.33607889  0.37097699  0.37816597  0.37816597  0.34983422  0.37097699  0.37816597  0.34983422  0.36385964  0.34983422  
2_232_0    0.33607889  0.32258345  0.30933826  0.13035089  0.14063907  0.13547646  0.14583927  0.16702710  0.17786146  0.16702710  0.13547646  0.15107760  0.15107760  0.16702710  0.15635463  0.16167093  0.00000000  0.34983422  0.37097699  0.34292344  0.37816597  0.35681250  0.35681250  0.37097699  0.33607889  0.34292344  0.32929930  0.32929930  0.32929930  0.31593016  0.32258345  0.31593016  0.37816597  0.31593016  0.32258345  0.31593016  0.34983422  0.38542804  0.37097699  0.37816597  0.37097699  0.40017750  0.39276470  0.41523795  0.40766803  0.37097699  0.38542804  0.37097699  0.37816597  0.36385964  0.37097699  0.37097699  0.39276470  0.37097699  0.37816597  0.37097699  0.39276470  0.37097699  0.36385964  0.38542804  0.35681250  0.34983422  0.34983422  0.35681250  0.36385964  0.33607889  0.33607889  0.33607889  0.36385964  0.34292344  0.37097699  0.39276470  0.41523795  0.40017750  0.40017750  0.40766803  0.38542804  0.40017750  0.40766803  0.39276470  0.40017750  0.41523795  0.40766803  0.44634628  0.30280665  0.34292344  0.34983422  0.37816597  0.30280665  0.30280665  0.30933826  0.34292344  0.33607889  0.32929930  0.34983422  0.34292344  0.28356267  0.29633421  0.28991990  0.29633421  0.33607889  0.35681250  0.32258345  0.31593016  0.31593016  0.30933826  0.30933826  0.28991990  0.32929930  0.32258345  0.30933826  0.29633421  0.30280665  0.30280665  0.34292344  0.34292344  0.33607889  0.33607889  0.34292344  0.34292344  0.32929930  0.32929930  0.31593016  0.32929930  0.32258345  0.36385964  0.34983422  0.34983422  0.30933826  0.32929930  0.33607889  0.31593016  0.31593016  0.31593016  
2_44_0     0.32258345  0.32258345  0.32258345  0.37097699  0.43062278  0.39276470  0.37097699  0.43062278  0.46242370  0.46242370  0.35681250  0.37816597  0.36385964  0.40017750  0.37097699  0.40017750  0.34983422  0.00000000  0.01722736  0.10526064  0.11519124  0.10526064  0.23464445  0.25868488  0.21713064  0.23464445  0.21713064  0.23464445  0.18886268  0.19442748  0.19442748  0.24057914  0.32929930  0.23464445  0.25868488  0.25259850  0.27726153  0.28991990  0.26482358  0.27101548  0.27101548  0.30933826  0.30933826  0.32929930  0.31593016  0.29633421  0.30280665  0.25868488  0.28356267  0.28356267  0.26482358  0.26482358  0.28356267  0.29633421  0.26482358  0.26482358  0.28991990  0.26482358  0.32258345  0.28356267  0.24656354  0.24656354  0.24656354  0.25259850  0.24057914  0.24057914  0.24057914  0.27726153  0.24057914  0.24656354  0.23464445  0.30933826  0.30933826  0.31593016  0.32929930  0.33607889  0.32929930  0.32929930  0.33607889  0.32258345  0.31593016  0.34292344  0.33607889  0.36385964  0.26482358  0.28991990  0.28356267  0.32258345  0.27726153  0.27726153  0.28991990  0.28991990  0.27726153  0.28991990  0.30933826  0.28356267  0.28356267  0.29633421  0.25868488  0.27101548  0.31593016  0.32258345  0.28356267  0.29633421  0.29633421  0.28356267  0.28356267  0.27726153  0.27726153  0.27101548  0.26482358  0.27726153  0.28356267  0.25868488  0.27726153  0.30933826  0.26482358  0.26482358  0.28356267  0.28356267  0.28356267  0.28356267  0.28356267  0.28356267  0.27726153  0.25259850  0.28991990  0.28356267  0.25868488  0.28991990  0.29633421  0.28991990  0.27101548  0.32258345  
23_44_0    0.32258345  0.32258345  0.32258345  0.37816597  0.42288895  0.38542804  0.36385964  0.43062278  0.45433976  0.45433976  0.37816597  0.40017750  0.38542804  0.40766803  0.37816597  0.40766803  0.37097699  0.01722736  0.00000000  0.10526064  0.11519124  0.10526064  0.24656354  0.25868488  0.22875867  0.24656354  0.22875867  0.24656354  0.17786146  0.21713064  0.21713064  0.26482358  0.34292344  0.24656354  0.27101548  0.26482358  0.29633421  0.30933826  0.28356267  0.28991990  0.28991990  0.32929930  0.32929930  0.32929930  0.31593016  0.30280665  0.30933826  0.27726153  0.28991990  0.30280665  0.28356267  0.28356267  0.30280665  0.30280665  0.28356267  0.28356267  0.30933826  0.25868488  0.34292344  0.30280665  0.25868488  0.24656354  0.25868488  0.25259850  0.25259850  0.25259850  0.25259850  0.28991990  0.26482358  0.27101548  0.25868488  0.32258345  0.32258345  0.32929930  0.34292344  0.33607889  0.34292344  0.34292344  0.34983422  0.32258345  0.31593016  0.35681250  0.34983422  0.34983422  0.25259850  0.30280665  0.29633421  0.33607889  0.27726153  0.27726153  0.27726153  0.28991990  0.26482358  0.28991990  0.29633421  0.28356267  0.28356267  0.29633421  0.25868488  0.27101548  0.31593016  0.32258345  0.28356267  0.29633421  0.29633421  0.28356267  0.29633421  0.28991990  0.26482358  0.25868488  0.25259850  0.26482358  0.27101548  0.24656354  0.26482358  0.29633421  0.26482358  0.26482358  0.28356267  0.28356267  0.28356267  0.28356267  0.28356267  0.28356267  0.27726153  0.25259850  0.27726153  0.27101548  0.24656354  0.27726153  0.28356267  0.27726153  0.25868488  0.32258345  
3_211_0    0.32929930  0.32929930  0.34292344  0.39276470  0.41523795  0.37816597  0.37097699  0.41523795  0.43062278  0.44634628  0.36385964  0.38542804  0.37097699  0.35681250  0.34292344  0.36385964  0.34292344  0.10526064  0.10526064  0.00000000  0.11519124  0.09061890  0.22292100  0.23464445  0.21713064  0.22292100  0.20568887  0.22292100  0.15107760  0.22292100  0.23464445  0.25868488  0.31593016  0.24656354  0.27726153  0.25868488  0.24656354  0.27101548  0.24656354  0.25259850  0.26482358  0.29633421  0.29633421  0.29633421  0.28991990  0.25868488  0.26482358  0.26482358  0.25259850  0.26482358  0.24057914  0.24057914  0.24656354  0.27101548  0.23464445  0.23464445  0.25868488  0.23464445  0.30280665  0.26482358  0.26482358  0.25259850  0.26482358  0.24656354  0.25868488  0.24656354  0.24656354  0.28356267  0.27101548  0.27726153  0.28356267  0.32929930  0.32929930  0.32258345  0.33607889  0.32929930  0.32258345  0.34292344  0.33607889  0.31593016  0.30933826  0.37097699  0.36385964  0.34292344  0.27726153  0.30280665  0.29633421  0.33607889  0.28991990  0.28991990  0.28991990  0.30933826  0.29633421  0.30933826  0.31593016  0.30933826  0.28356267  0.29633421  0.25868488  0.27101548  0.28991990  0.29633421  0.27726153  0.29633421  0.29633421  0.28356267  0.29633421  0.28991990  0.28356267  0.27726153  0.27101548  0.28356267  0.28991990  0.26482358  0.28356267  0.31593016  0.29633421  0.28356267  0.32929930  0.32929930  0.30933826  0.30933826  0.28991990  0.30280665  0.29633421  0.27101548  0.28991990  0.28991990  0.24656354  0.27101548  0.28991990  0.27101548  0.26482358  0.34292344  
3_215_0    0.34292344  0.34292344  0.34292344  0.40017750  0.40766803  0.37097699  0.36385964  0.40017750  0.43062278  0.43062278  0.37816597  0.38542804  0.37097699  0.35681250  0.34292344  0.37097699  0.37816597  0.11519124  0.11519124  0.11519124  0.00000000  0.07627127  0.28991990  0.28356267  0.28356267  0.27726153  0.27101548  0.28991990  0.19442748  0.21138684  0.21138684  0.24057914  0.30280665  0.22875867  0.25868488  0.24057914  0.24656354  0.25259850  0.23464445  0.22875867  0.24057914  0.31593016  0.30280665  0.32258345  0.30933826  0.28356267  0.30280665  0.26482358  0.25259850  0.26482358  0.25259850  0.25259850  0.25868488  0.27101548  0.24656354  0.24656354  0.25868488  0.21138684  0.28991990  0.29633421  0.26482358  0.25259850  0.26482358  0.25259850  0.24656354  0.24656354  0.24656354  0.29633421  0.24656354  0.25259850  0.25868488  0.32929930  0.31593016  0.30933826  0.30933826  0.30280665  0.30933826  0.31593016  0.33607889  0.30280665  0.29633421  0.32929930  0.32258345  0.34292344  0.26482358  0.28991990  0.28356267  0.30933826  0.25259850  0.25259850  0.25259850  0.32258345  0.30933826  0.32258345  0.32929930  0.30280665  0.28356267  0.28356267  0.25868488  0.26482358  0.27726153  0.28356267  0.28991990  0.29633421  0.29633421  0.28356267  0.28356267  0.27726153  0.28356267  0.27726153  0.25868488  0.27101548  0.27726153  0.25259850  0.29633421  0.30280665  0.29633421  0.28356267  0.32929930  0.32929930  0.32258345  0.32258345  0.27726153  0.27726153  0.27101548  0.26482358  0.30280665  0.30933826  0.27101548  0.28991990  0.31593016  0.28356267  0.27726153  0.31593016  
3_214_0    0.33607889  0.33607889  0.33607889  0.40766803  0.40766803  0.37816597  0.37097699  0.38542804  0.41523795  0.41523795  0.37097699  0.38542804  0.38542804  0.37097699  0.35681250  0.37097699  0.35681250  0.10526064  0.10526064  0.09061890  0.07627127  0.00000000  0.26482358  0.27726153  0.25868488  0.26482358  0.24656354  0.26482358  0.19442748  0.21713064  0.21138684  0.24057914  0.29633421  0.21713064  0.24057914  0.22875867  0.24057914  0.24656354  0.22875867  0.22292100  0.23464445  0.29633421  0.29633421  0.30280665  0.27726153  0.28356267  0.28991990  0.25868488  0.24656354  0.25259850  0.24656354  0.24656354  0.25259850  0.26482358  0.24057914  0.24057914  0.26482358  0.24656354  0.29633421  0.27726153  0.25259850  0.24057914  0.25259850  0.23464445  0.24656354  0.23464445  0.23464445  0.28356267  0.23464445  0.24057914  0.24656354  0.33607889  0.31593016  0.30933826  0.30933826  0.30280665  0.30933826  0.31593016  0.32258345  0.28991990  0.28356267  0.32929930  0.32258345  0.34292344  0.26482358  0.30933826  0.30280665  0.32929930  0.26482358  0.26482358  0.26482358  0.32258345  0.30933826  0.32258345  0.32929930  0.31593016  0.28356267  0.28356267  0.25868488  0.27101548  0.27101548  0.26482358  0.27726153  0.28991990  0.28991990  0.27726153  0.28356267  0.27726153  0.30933826  0.28991990  0.27101548  0.28356267  0.27726153  0.27726153  0.28356267  0.31593016  0.30933826  0.29633421  0.34292344  0.34292344  0.32929930  0.32929930  0.28356267  0.28356267  0.27726153  0.28356267  0.31593016  0.30933826  0.28356267  0.30280665  0.31593016  0.28991990  0.28991990  0.32258345  
3_205_0    0.30280665  0.30280665  0.30280665  0.43062278  0.39276470  0.37097699  0.39276470  0.40017750  0.40017750  0.40017750  0.37097699  0.38542804  0.37816597  0.42288895  0.39276470  0.40766803  0.35681250  0.23464445  0.24656354  0.22292100  0.28991990  0.26482358  0.00000000  0.02599939  0.04387340  0.04841267  0.04387340  0.03488049  0.14583927  0.24656354  0.24656354  0.25868488  0.34292344  0.22875867  0.25868488  0.24057914  0.27726153  0.27726153  0.27726153  0.28356267  0.29633421  0.30933826  0.29633421  0.31593016  0.31593016  0.25259850  0.28356267  0.25868488  0.25259850  0.26482358  0.27726153  0.27726153  0.28356267  0.29633421  0.25868488  0.25259850  0.27726153  0.28356267  0.30933826  0.30933826  0.25868488  0.24656354  0.25868488  0.26482358  0.27726153  0.24057914  0.24057914  0.28356267  0.26482358  0.28356267  0.26482358  0.28356267  0.28356267  0.27726153  0.27726153  0.28356267  0.26482358  0.26482358  0.28991990  0.27101548  0.26482358  0.30933826  0.30280665  0.32929930  0.28991990  0.29633421  0.28991990  0.32258345  0.28991990  0.28991990  0.27726153  0.30933826  0.29633421  0.30933826  0.30280665  0.30933826  0.32258345  0.33607889  0.30933826  0.30933826  0.31593016  0.32258345  0.30933826  0.32929930  0.32929930  0.30933826  0.29633421  0.30280665  0.28356267  0.30280665  0.32258345  0.32258345  0.32929930  0.32929930  0.25868488  0.28991990  0.29633421  0.28356267  0.32929930  0.32929930  0.30280665  0.30280665  0.30280665  0.30933826  0.30280665  0.30933826  0.30280665  0.30280665  0.28356267  0.29633421  0.27726153  0.29633421  0.30280665  0.28356267  
3_185_0    0.29633421  0.28356267  0.28991990  0.44634628  0.37097699  0.34983422  0.38542804  0.40766803  0.39276470  0.39276470  0.37816597  0.37816597  0.37097699  0.40017750  0.38542804  0.40017750  0.37097699  0.25868488  0.25868488  0.23464445  0.28356267  0.27726153  0.02599939  0.00000000  0.04387340  0.04841267  0.04387340  0.03488049  0.15107760  0.25259850  0.25259850  0.27726153  0.32258345  0.22292100  0.25259850  0.23464445  0.27726153  0.27726153  0.27726153  0.28356267  0.29633421  0.31593016  0.29633421  0.32929930  0.32929930  0.25259850  0.29633421  0.25868488  0.25259850  0.26482358  0.27726153  0.27726153  0.28356267  0.29633421  0.25868488  0.25259850  0.27726153  0.28356267  0.30933826  0.30933826  0.26482358  0.25259850  0.26482358  0.25868488  0.27101548  0.23464445  0.23464445  0.27726153  0.25868488  0.27726153  0.25868488  0.27726153  0.28991990  0.27101548  0.28356267  0.27726153  0.27101548  0.27101548  0.30933826  0.27726153  0.27101548  0.31593016  0.30933826  0.34983422  0.27726153  0.30280665  0.29633421  0.32929930  0.27101548  0.27101548  0.25868488  0.28991990  0.27726153  0.28991990  0.28356267  0.30280665  0.30280665  0.31593016  0.28991990  0.28991990  0.29633421  0.30280665  0.29633421  0.31593016  0.31593016  0.28991990  0.27726153  0.28356267  0.26482358  0.28991990  0.30933826  0.30933826  0.31593016  0.31593016  0.25868488  0.27726153  0.30933826  0.29633421  0.32929930  0.32929930  0.32929930  0.32929930  0.31593016  0.32258345  0.31593016  0.32258345  0.29633421  0.31593016  0.27101548  0.28991990  0.27726153  0.28356267  0.28991990  0.27726153  
