24
81_9_0     0.00000000  0.05075177  0.03002370  0.08851291  0.26290384  0.28433495  0.22184980  0.21522748  0.30641753  0.25589836  0.24895979  0.22184980  0.22184980  0.36071405  0.36881288  0.39366562  0.29898184  0.25589836  0.25589836  0.25589836  0.29898184  0.31393011  0.31393011  0.30641753  
97_9_0     0.05075177  0.00000000  0.03002370  0.08851291  0.29162148  0.31393011  0.24895979  0.22853305  0.32919244  0.24208686  0.26290384  0.26290384  0.26290384  0.40214246  0.41071937  0.40214246  0.32919244  0.28433495  0.26997753  0.26997753  0.28433495  0.29898184  0.32919244  0.32152120  
53_9_0     0.03002370  0.03002370  0.00000000  0.07752226  0.26997753  0.29162148  0.22853305  0.22184980  0.31393011  0.24895979  0.25589836  0.25589836  0.25589836  0.38528655  0.39366562  0.38528655  0.30641753  0.27712077  0.27712077  0.27712077  0.29162148  0.30641753  0.33694555  0.32919244  
97_6_0     0.08851291  0.08851291  0.07752226  0.00000000  0.25589836  0.29162148  0.22853305  0.22184980  0.32152120  0.26290384  0.26997753  0.25589836  0.25589836  0.36071405  0.36881288  0.36071405  0.30641753  0.27712077  0.26997753  0.28433495  0.29898184  0.31393011  0.36881288  0.36071405  
90_0_0     0.26290384  0.29162148  0.26997753  0.25589836  0.00000000  0.13421776  0.09407122  0.12834491  0.20216122  0.15212663  0.13421776  0.19571518  0.19571518  0.24895979  0.26290384  0.26997753  0.20866498  0.20216122  0.17048816  0.19571518  0.22853305  0.24208686  0.28433495  0.27712077  
90_15_0    0.28433495  0.31393011  0.29162148  0.29162148  0.13421776  0.00000000  0.12251916  0.17048816  0.22184980  0.16431594  0.17048816  0.22184980  0.22184980  0.26290384  0.27712077  0.26997753  0.23527835  0.18932582  0.19571518  0.20866498  0.24895979  0.26290384  0.34478230  0.33694555  
90_14_0    0.22184980  0.24895979  0.22853305  0.22853305  0.09407122  0.12251916  0.00000000  0.09407122  0.17048816  0.10531708  0.11100597  0.15819572  0.15819572  0.19571518  0.20866498  0.20216122  0.18299217  0.14013846  0.12251916  0.12251916  0.16431594  0.17671326  0.20866498  0.20216122  
55_17_0    0.21522748  0.22853305  0.22184980  0.22184980  0.12834491  0.17048816  0.09407122  0.00000000  0.11100597  0.07208866  0.04551405  0.09967239  0.09967239  0.17048816  0.17048816  0.17671326  0.14610782  0.10531708  0.08299680  0.09407122  0.14610782  0.15819572  0.20866498  0.20216122  
85_22_0    0.30641753  0.32919244  0.31393011  0.32152120  0.20216122  0.22184980  0.17048816  0.11100597  0.00000000  0.14610782  0.12834491  0.18932582  0.18932582  0.20866498  0.20866498  0.21522748  0.24208686  0.19571518  0.15819572  0.19571518  0.21522748  0.21522748  0.25589836  0.24895979  
85_0_0     0.25589836  0.24208686  0.24895979  0.26290384  0.15212663  0.16431594  0.10531708  0.07208866  0.14610782  0.00000000  0.03515054  0.14610782  0.14610782  0.20216122  0.20216122  0.19571518  0.18299217  0.14013846  0.10531708  0.12834491  0.15819572  0.17048816  0.23527835  0.22853305  
85_20_0    0.24895979  0.26290384  0.25589836  0.26997753  0.13421776  0.17048816  0.11100597  0.04551405  0.12834491  0.03515054  0.00000000  0.11673976  0.11673976  0.18932582  0.18932582  0.19571518  0.17671326  0.12834491  0.10531708  0.11673976  0.17048816  0.18299217  0.23527835  0.22853305  
49_26_0    0.22184980  0.26290384  0.25589836  0.25589836  0.19571518  0.22184980  0.15819572  0.09967239  0.18932582  0.14610782  0.11673976  0.00000000  0.00987067  0.24208686  0.24208686  0.26290384  0.16431594  0.13421776  0.12834491  0.11673976  0.20866498  0.22184980  0.24208686  0.23527835  
51_26_0    0.22184980  0.26290384  0.25589836  0.25589836  0.19571518  0.22184980  0.15819572  0.09967239  0.18932582  0.14610782  0.11673976  0.00987067  0.00000000  0.24208686  0.24208686  0.26290384  0.17671326  0.13421776  0.12834491  0.12834491  0.22184980  0.23527835  0.25589836  0.24895979  
49_0_0     0.36071405  0.40214246  0.38528655  0.36071405  0.24895979  0.26290384  0.19571518  0.17048816  0.20866498  0.20216122  0.18932582  0.24208686  0.24208686  0.00000000  0.00987067  0.02493279  0.24208686  0.20866498  0.17048816  0.19571518  0.29898184  0.29898184  0.31393011  0.30641753  
51_0_0     0.36881288  0.41071937  0.39366562  0.36881288  0.26290384  0.27712077  0.20866498  0.17048816  0.20866498  0.20216122  0.18932582  0.24208686  0.24208686  0.00987067  0.00000000  0.01485676  0.24208686  0.20866498  0.18299217  0.20866498  0.29898184  0.29898184  0.32919244  0.32152120  
49_27_0    0.39366562  0.40214246  0.38528655  0.36071405  0.26997753  0.26997753  0.20216122  0.17671326  0.21522748  0.19571518  0.19571518  0.26290384  0.26290384  0.02493279  0.01485676  0.00000000  0.26290384  0.22853305  0.20216122  0.22853305  0.29162148  0.29162148  0.35270450  0.34478230  
90_10_0    0.29898184  0.32919244  0.30641753  0.30641753  0.20866498  0.23527835  0.18299217  0.14610782  0.24208686  0.18299217  0.17671326  0.16431594  0.17671326  0.24208686  0.24208686  0.26290384  0.00000000  0.18299217  0.18299217  0.18299217  0.24895979  0.26290384  0.26997753  0.26290384  
85_23_0    0.25589836  0.28433495  0.27712077  0.27712077  0.20216122  0.18932582  0.14013846  0.10531708  0.19571518  0.14013846  0.12834491  0.13421776  0.13421776  0.20866498  0.20866498  0.22853305  0.18299217  0.00000000  0.09967239  0.08851291  0.18932582  0.20216122  0.22184980  0.21522748  
55_19_0    0.25589836  0.26997753  0.27712077  0.26997753  0.17048816  0.19571518  0.12251916  0.08299680  0.15819572  0.10531708  0.10531708  0.12834491  0.12834491  0.17048816  0.18299217  0.20216122  0.18299217  0.09967239  0.00000000  0.04031381  0.15212663  0.16431594  0.20866498  0.20216122  
55_10_0    0.25589836  0.26997753  0.27712077  0.28433495  0.19571518  0.20866498  0.12251916  0.09407122  0.19571518  0.12834491  0.11673976  0.11673976  0.12834491  0.19571518  0.20866498  0.22853305  0.18299217  0.08851291  0.04031381  0.00000000  0.16431594  0.17671326  0.19571518  0.18932582  
49_28_0    0.29898184  0.28433495  0.29162148  0.29898184  0.22853305  0.24895979  0.16431594  0.14610782  0.21522748  0.15819572  0.17048816  0.20866498  0.22184980  0.29898184  0.29898184  0.29162148  0.24895979  0.18932582  0.15212663  0.16431594  0.00000000  0.00987067  0.10531708  0.09967239  
51_28_0    0.31393011  0.29898184  0.30641753  0.31393011  0.24208686  0.26290384  0.17671326  0.15819572  0.21522748  0.17048816  0.18299217  0.22184980  0.23527835  0.29898184  0.29898184  0.29162148  0.26290384  0.20216122  0.16431594  0.17671326  0.00987067  0.00000000  0.11673976  0.11100597  
51_10_0    0.31393011  0.32919244  0.33694555  0.36881288  0.28433495  0.34478230  0.20866498  0.20866498  0.25589836  0.23527835  0.23527835  0.24208686  0.25589836  0.31393011  0.32919244  0.35270450  0.26997753  0.22184980  0.20866498  0.19571518  0.10531708  0.11673976  0.00000000  0.00491857  
49_10_0    0.30641753  0.32152120  0.32919244  0.36071405  0.27712077  0.33694555  0.20216122  0.20216122  0.24895979  0.22853305  0.22853305  0.23527835  0.24895979  0.30641753  0.32152120  0.34478230  0.26290384  0.21522748  0.20216122  0.18932582  0.09967239  0.11100597  0.00491857  0.00000000  

