22
79_0_0     0.00000000  0.02784839  0.04508361  0.37839460  0.37839460  0.29185036  0.29185036  0.56605080  0.50889235  0.56605080  0.54264613  0.55425440  0.56605080  0.56605080  0.55425440  0.44574601  0.44574601  0.44574601  0.41611493  0.42585855  0.46619212  0.43573436  
10_2_0     0.02784839  0.00000000  0.02784839  0.38764302  0.38764302  0.30835557  0.30835557  0.55425440  0.49798018  0.55425440  0.53122007  0.54264613  0.55425440  0.55425440  0.54264613  0.43573436  0.43573436  0.41611493  0.40650002  0.41611493  0.45589728  0.42585855  
10_0_0     0.04508361  0.02784839  0.00000000  0.37839460  0.37839460  0.30005618  0.30005618  0.55425440  0.49798018  0.55425440  0.53122007  0.53122007  0.56605080  0.56605080  0.54264613  0.41611493  0.41611493  0.42585855  0.38764302  0.39701046  0.43573436  0.40650002  
94_0_0     0.37839460  0.38764302  0.37839460  0.00000000  0.01658086  0.22188549  0.22188549  0.51997061  0.48722917  0.51997061  0.48722917  0.45589728  0.45589728  0.44574601  0.46619212  0.33383704  0.33383704  0.34253302  0.33383704  0.36926222  0.33383704  0.33383704  
50_0_0     0.37839460  0.38764302  0.37839460  0.01658086  0.00000000  0.22188549  0.22188549  0.49798018  0.46619212  0.49798018  0.46619212  0.43573436  0.43573436  0.44574601  0.44574601  0.35133414  0.35133414  0.33383704  0.33383704  0.35133414  0.33383704  0.33383704  
94_4_0     0.29185036  0.30835557  0.30005618  0.22188549  0.22188549  0.00000000  0.00000000  0.42585855  0.37839460  0.44574601  0.43573436  0.38764302  0.43573436  0.43573436  0.37839460  0.24446807  0.24446807  0.27571113  0.29185036  0.29185036  0.28373602  0.25215402  
50_4_0     0.29185036  0.30835557  0.30005618  0.22188549  0.22188549  0.00000000  0.00000000  0.42585855  0.37839460  0.44574601  0.43573436  0.38764302  0.43573436  0.43573436  0.37839460  0.24446807  0.24446807  0.27571113  0.29185036  0.29185036  0.28373602  0.25215402  
11_8_0     0.56605080  0.55425440  0.55425440  0.51997061  0.49798018  0.42585855  0.42585855  0.00000000  0.03929307  0.05092058  0.04508361  0.06273684  0.07474808  0.06273684  0.08082885  0.30835557  0.30835557  0.33383704  0.32524372  0.32524372  0.35133414  0.31675067  
64_8_0     0.50889235  0.49798018  0.49798018  0.48722917  0.46619212  0.37839460  0.37839460  0.03929307  0.00000000  0.05680473  0.05092058  0.06871768  0.08082885  0.05680473  0.07474808  0.27571113  0.27571113  0.30005618  0.29185036  0.29185036  0.31675067  0.28373602  
64_0_0     0.56605080  0.55425440  0.55425440  0.51997061  0.49798018  0.44574601  0.44574601  0.05092058  0.05680473  0.00000000  0.05092058  0.06871768  0.08082885  0.06871768  0.08696085  0.31675067  0.31675067  0.32524372  0.31675067  0.33383704  0.34253302  0.32524372  
11_0_0     0.54264613  0.53122007  0.53122007  0.48722917  0.46619212  0.43573436  0.43573436  0.04508361  0.05092058  0.05092058  0.00000000  0.05092058  0.05092058  0.06273684  0.09314494  0.29185036  0.29185036  0.30005618  0.30835557  0.30835557  0.30005618  0.28373602  
41_0_0     0.55425440  0.54264613  0.53122007  0.45589728  0.43573436  0.38764302  0.38764302  0.06273684  0.06871768  0.06871768  0.05092058  0.00000000  0.03354824  0.03354824  0.09314494  0.29185036  0.29185036  0.30005618  0.32524372  0.30835557  0.31675067  0.30005618  
41_7_0     0.56605080  0.55425440  0.56605080  0.45589728  0.43573436  0.43573436  0.43573436  0.07474808  0.08082885  0.08082885  0.05092058  0.03354824  0.00000000  0.04508361  0.10567302  0.33383704  0.33383704  0.33383704  0.35133414  0.33383704  0.34253302  0.32524372  
27_0_0     0.56605080  0.55425440  0.56605080  0.44574601  0.44574601  0.43573436  0.43573436  0.06273684  0.05680473  0.06871768  0.06273684  0.03354824  0.04508361  0.00000000  0.09314494  0.28373602  0.28373602  0.30005618  0.33383704  0.31675067  0.32524372  0.30835557  
23_0_0     0.55425440  0.54264613  0.54264613  0.46619212  0.44574601  0.37839460  0.37839460  0.08082885  0.07474808  0.08696085  0.09314494  0.09314494  0.10567302  0.09314494  0.00000000  0.24446807  0.24446807  0.26777375  0.27571113  0.25992199  0.26777375  0.23686244  
27_5_0     0.44574601  0.43573436  0.41611493  0.33383704  0.35133414  0.24446807  0.24446807  0.30835557  0.27571113  0.31675067  0.29185036  0.29185036  0.33383704  0.28373602  0.24446807  0.00000000  0.00000000  0.06871768  0.06871768  0.06871768  0.07474808  0.05092058  
27_6_0     0.44574601  0.43573436  0.41611493  0.33383704  0.35133414  0.24446807  0.24446807  0.30835557  0.27571113  0.31675067  0.29185036  0.29185036  0.33383704  0.28373602  0.24446807  0.00000000  0.00000000  0.06871768  0.06871768  0.06871768  0.07474808  0.05092058  
41_5_0     0.44574601  0.41611493  0.42585855  0.34253302  0.33383704  0.27571113  0.27571113  0.33383704  0.30005618  0.32524372  0.30005618  0.30005618  0.33383704  0.30005618  0.26777375  0.06871768  0.06871768  0.00000000  0.11842049  0.11842049  0.11201885  0.09938203  
64_5_0     0.41611493  0.40650002  0.38764302  0.33383704  0.33383704  0.29185036  0.29185036  0.32524372  0.29185036  0.31675067  0.30835557  0.32524372  0.35133414  0.33383704  0.27571113  0.06871768  0.06871768  0.11842049  0.00000000  0.05092058  0.07474808  0.06273684  
11_5_0     0.42585855  0.41611493  0.39701046  0.36926222  0.35133414  0.29185036  0.29185036  0.32524372  0.29185036  0.33383704  0.30835557  0.30835557  0.33383704  0.31675067  0.25992199  0.06871768  0.06871768  0.11842049  0.05092058  0.00000000  0.08696085  0.06273684  
23_5_0     0.46619212  0.45589728  0.43573436  0.33383704  0.33383704  0.28373602  0.28373602  0.35133414  0.31675067  0.34253302  0.30005618  0.31675067  0.34253302  0.32524372  0.26777375  0.07474808  0.07474808  0.11201885  0.07474808  0.08696085  0.00000000  0.02219282  
23_9_0     0.43573436  0.42585855  0.40650002  0.33383704  0.33383704  0.25215402  0.25215402  0.31675067  0.28373602  0.32524372  0.28373602  0.30005618  0.32524372  0.30835557  0.23686244  0.05092058  0.05092058  0.09938203  0.06273684  0.06273684  0.02219282  0.00000000  

