20
15_0_0     0.00000000  0.19742514  0.19057896  0.20433673  0.20433673  0.20433673  0.21131501  0.27734788  0.27734788  0.47993956  0.47993956  0.45006818  0.43081798  0.45988887  0.39378955  0.40287047  0.39378955  0.41206684  0.42138165  0.42138165  
14_0_0     0.19742514  0.00000000  0.00525464  0.06001386  0.06001386  0.06001386  0.05434758  0.28507128  0.27734788  0.51109790  0.51109790  0.50056195  0.43081798  0.46984474  0.41206684  0.43081798  0.42138165  0.44037904  0.43081798  0.43081798  
18_0_0     0.19057896  0.00525464  0.00000000  0.05434758  0.05434758  0.05434758  0.04872534  0.29287805  0.28507128  0.50056195  0.50056195  0.49017726  0.44037904  0.47993956  0.40287047  0.42138165  0.41206684  0.43081798  0.42138165  0.42138165  
20_0_0     0.20433673  0.06001386  0.05434758  0.00000000  0.00000000  0.00000000  0.04872534  0.30076999  0.27734788  0.57775550  0.57775550  0.52178960  0.51109790  0.53264171  0.47993956  0.46984474  0.45988887  0.49017726  0.49017726  0.49017726  
12_0_0     0.20433673  0.06001386  0.05434758  0.00000000  0.00000000  0.00000000  0.04872534  0.30076999  0.27734788  0.57775550  0.57775550  0.52178960  0.51109790  0.53264171  0.47993956  0.46984474  0.45988887  0.49017726  0.49017726  0.49017726  
19_0_0     0.20433673  0.06001386  0.05434758  0.00000000  0.00000000  0.00000000  0.04872534  0.30076999  0.27734788  0.57775550  0.57775550  0.52178960  0.51109790  0.53264171  0.47993956  0.46984474  0.45988887  0.49017726  0.49017726  0.49017726  
13_0_0     0.21131501  0.05434758  0.04872534  0.04872534  0.04872534  0.04872534  0.00000000  0.30874899  0.30076999  0.52178960  0.52178960  0.49017726  0.45988887  0.50056195  0.43081798  0.47993956  0.46984474  0.46984474  0.45988887  0.45988887  
16_0_0     0.27734788  0.28507128  0.29287805  0.30076999  0.30076999  0.30076999  0.30874899  0.00000000  0.04872534  0.53264171  0.53264171  0.52178960  0.46984474  0.52178960  0.47993956  0.47993956  0.49017726  0.53264171  0.53264171  0.53264171  
17_0_0     0.27734788  0.27734788  0.28507128  0.27734788  0.27734788  0.27734788  0.30076999  0.04872534  0.00000000  0.51109790  0.51109790  0.47993956  0.45006818  0.47993956  0.45988887  0.45988887  0.46984474  0.51109790  0.50056195  0.50056195  
8_0_0      0.47993956  0.51109790  0.50056195  0.57775550  0.57775550  0.57775550  0.52178960  0.53264171  0.51109790  0.00000000  0.00000000  0.13171553  0.13802429  0.17042085  0.08903085  0.10701675  0.11311283  0.14438856  0.15728760  0.15728760  
2_0_0      0.47993956  0.51109790  0.50056195  0.57775550  0.57775550  0.57775550  0.52178960  0.53264171  0.51109790  0.00000000  0.00000000  0.13171553  0.13802429  0.17042085  0.08903085  0.10701675  0.11311283  0.14438856  0.15728760  0.15728760  
6_0_0      0.45006818  0.50056195  0.49017726  0.52178960  0.52178960  0.52178960  0.49017726  0.52178960  0.47993956  0.13171553  0.13171553  0.00000000  0.07728400  0.07148135  0.08313358  0.10097162  0.10701675  0.11926073  0.16382442  0.16382442  
1_0_0      0.43081798  0.43081798  0.44037904  0.51109790  0.51109790  0.51109790  0.45988887  0.46984474  0.45006818  0.13802429  0.13802429  0.07728400  0.00000000  0.04872534  0.08903085  0.13171553  0.13802429  0.13802429  0.16382442  0.16382442  
9_0_0      0.45988887  0.46984474  0.47993956  0.53264171  0.53264171  0.53264171  0.50056195  0.52178960  0.47993956  0.17042085  0.17042085  0.07148135  0.04872534  0.00000000  0.11926073  0.13802429  0.14438856  0.13802429  0.17707800  0.17707800  
5_0_0      0.39378955  0.41206684  0.40287047  0.47993956  0.47993956  0.47993956  0.43081798  0.47993956  0.45988887  0.08903085  0.08903085  0.08313358  0.08903085  0.11926073  0.00000000  0.04872534  0.05434758  0.08903085  0.11311283  0.11311283  
4_0_0      0.40287047  0.43081798  0.42138165  0.46984474  0.46984474  0.46984474  0.47993956  0.47993956  0.45988887  0.10701675  0.10701675  0.10097162  0.13171553  0.13802429  0.04872534  0.00000000  0.00525464  0.11926073  0.14438856  0.14438856  
3_0_0      0.39378955  0.42138165  0.41206684  0.45988887  0.45988887  0.45988887  0.46984474  0.49017726  0.46984474  0.11311283  0.11311283  0.10701675  0.13802429  0.14438856  0.05434758  0.00525464  0.00000000  0.12546132  0.15080933  0.15080933  
10_0_0     0.41206684  0.44037904  0.43081798  0.49017726  0.49017726  0.49017726  0.46984474  0.53264171  0.51109790  0.14438856  0.14438856  0.11926073  0.13802429  0.13802429  0.08903085  0.11926073  0.12546132  0.00000000  0.08903085  0.08903085  
7_0_0      0.42138165  0.43081798  0.42138165  0.49017726  0.49017726  0.49017726  0.45988887  0.53264171  0.50056195  0.15728760  0.15728760  0.16382442  0.16382442  0.17707800  0.11311283  0.14438856  0.15080933  0.08903085  0.00000000  0.00000000  
11_0_0     0.42138165  0.43081798  0.42138165  0.49017726  0.49017726  0.49017726  0.45988887  0.53264171  0.50056195  0.15728760  0.15728760  0.16382442  0.16382442  0.17707800  0.11311283  0.14438856  0.15080933  0.08903085  0.00000000  0.00000000  

