20
18_0_0     0.00000000  0.04480440  0.06232916  0.06232916  0.32145763  0.19110967  0.19110967  0.17717791  0.51149341  0.51149341  0.50074198  0.56771986  0.49014415  0.50074198  0.52240294  0.52240294  0.51149341  0.42955238  0.42955238  0.62855983  
14_0_0     0.04480440  0.00000000  0.08635868  0.08635868  0.32988773  0.23454706  0.23454706  0.20530807  0.53347530  0.51149341  0.56771986  0.61598612  0.53347530  0.54471543  0.56771986  0.56771986  0.53347530  0.46939214  0.49014415  0.70883581  
15_0_0     0.06232916  0.08635868  0.00000000  0.01094998  0.32145763  0.20530807  0.20530807  0.21978353  0.52240294  0.53347530  0.54471543  0.55612848  0.47969558  0.51149341  0.53347530  0.53347530  0.54471543  0.42955238  0.44920486  0.65436522  
17_0_0     0.06232916  0.08635868  0.01094998  0.00000000  0.32145763  0.20530807  0.20530807  0.21978353  0.50074198  0.53347530  0.54471543  0.53347530  0.47969558  0.51149341  0.53347530  0.53347530  0.54471543  0.41040711  0.44920486  0.65436522  
16_0_0     0.32145763  0.32988773  0.32145763  0.32145763  0.00000000  0.28866372  0.28866372  0.27279484  0.53347530  0.51149341  0.55612848  0.59146053  0.45922983  0.57949523  0.59146053  0.54471543  0.55612848  0.55612848  0.56771986  0.65436522  
19_0_0     0.19110967  0.23454706  0.20530807  0.20530807  0.28866372  0.00000000  0.01094998  0.07424663  0.51149341  0.46939214  0.51149341  0.52240294  0.44920486  0.47969558  0.47969558  0.50074198  0.53347530  0.47969558  0.43931354  0.66761253  
13_0_0     0.19110967  0.23454706  0.20530807  0.20530807  0.28866372  0.01094998  0.00000000  0.08635868  0.51149341  0.46939214  0.51149341  0.52240294  0.44920486  0.47969558  0.50074198  0.50074198  0.53347530  0.47969558  0.43931354  0.66761253  
20_0_0     0.17717791  0.20530807  0.21978353  0.21978353  0.27279484  0.07424663  0.08635868  0.00000000  0.47969558  0.44920486  0.50074198  0.53347530  0.45922983  0.47969558  0.47969558  0.50074198  0.52240294  0.51149341  0.46939214  0.66761253  
9_0_0      0.51149341  0.53347530  0.52240294  0.50074198  0.53347530  0.51149341  0.51149341  0.47969558  0.00000000  0.06826396  0.06826396  0.27279484  0.29672730  0.32988773  0.36460003  0.40101663  0.39174352  0.27279484  0.27279484  0.43931354  
3_0_0      0.51149341  0.51149341  0.53347530  0.53347530  0.51149341  0.46939214  0.46939214  0.44920486  0.06826396  0.00000000  0.06826396  0.28866372  0.29672730  0.34704087  0.38258490  0.40101663  0.39174352  0.27279484  0.25725831  0.42955238  
6_0_0      0.50074198  0.56771986  0.54471543  0.54471543  0.55612848  0.51149341  0.51149341  0.50074198  0.06826396  0.06826396  0.00000000  0.30487948  0.32988773  0.34704087  0.38258490  0.41040711  0.40101663  0.28866372  0.27279484  0.39174352  
10_0_0     0.56771986  0.61598612  0.55612848  0.53347530  0.59146053  0.52240294  0.52240294  0.53347530  0.27279484  0.28866372  0.30487948  0.00000000  0.26498591  0.39174352  0.42955238  0.41040711  0.40101663  0.23454706  0.23454706  0.47969558  
5_0_0      0.49014415  0.53347530  0.47969558  0.47969558  0.45922983  0.44920486  0.44920486  0.45922983  0.29672730  0.29672730  0.32988773  0.26498591  0.00000000  0.13688685  0.16350297  0.15007555  0.15675888  0.18411109  0.19817490  0.43931354  
4_0_0      0.50074198  0.54471543  0.51149341  0.51149341  0.57949523  0.47969558  0.47969558  0.47969558  0.32988773  0.34704087  0.34704087  0.39174352  0.13688685  0.00000000  0.03334708  0.10490579  0.11119266  0.24204049  0.24961038  0.51149341  
11_0_0     0.52240294  0.56771986  0.53347530  0.53347530  0.59146053  0.47969558  0.50074198  0.47969558  0.36460003  0.38258490  0.38258490  0.42955238  0.16350297  0.03334708  0.00000000  0.13037939  0.13688685  0.27279484  0.26498591  0.54471543  
2_0_0      0.52240294  0.56771986  0.53347530  0.53347530  0.54471543  0.50074198  0.50074198  0.50074198  0.40101663  0.40101663  0.41040711  0.41040711  0.15007555  0.10490579  0.13037939  0.00000000  0.03905362  0.27279484  0.28068685  0.47969558  
12_0_0     0.51149341  0.53347530  0.54471543  0.54471543  0.55612848  0.53347530  0.53347530  0.52240294  0.39174352  0.39174352  0.40101663  0.40101663  0.15675888  0.11119266  0.13688685  0.03905362  0.00000000  0.27279484  0.28068685  0.44920486  
1_0_0      0.42955238  0.46939214  0.42955238  0.41040711  0.55612848  0.47969558  0.47969558  0.51149341  0.27279484  0.27279484  0.28866372  0.23454706  0.18411109  0.24204049  0.27279484  0.27279484  0.27279484  0.00000000  0.09867176  0.44920486  
8_0_0      0.42955238  0.49014415  0.44920486  0.44920486  0.56771986  0.43931354  0.43931354  0.46939214  0.27279484  0.25725831  0.27279484  0.23454706  0.19817490  0.24961038  0.26498591  0.28068685  0.28068685  0.09867176  0.00000000  0.44920486  
7_0_0      0.62855983  0.70883581  0.65436522  0.65436522  0.65436522  0.66761253  0.66761253  0.66761253  0.43931354  0.42955238  0.39174352  0.47969558  0.43931354  0.51149341  0.54471543  0.47969558  0.44920486  0.44920486  0.44920486  0.00000000  

