20
20_0_0     0.00000000  0.47331105  0.47331105  0.48772749  0.42643495  0.44551280  0.45230783  0.48613709  0.45330304  0.58860266  0.39141297  0.37531577  0.39656091  0.38937560  0.38229488  0.38229488  0.39656091  0.40402966  0.40600643  0.39853760  
9_0_0      0.47331105  0.00000000  0.00000000  0.02070978  0.12955785  0.16455956  0.35071831  0.44431775  0.40821988  0.64478576  0.38088372  0.36495642  0.35194896  0.35840921  0.36235746  0.36235746  0.35589959  0.35194896  0.31591776  0.32193924  
13_0_0     0.47331105  0.00000000  0.00000000  0.02070978  0.12955785  0.16455956  0.35071831  0.44431775  0.40821988  0.64478576  0.38088372  0.36495642  0.35194896  0.35840921  0.36235746  0.36235746  0.35589959  0.35194896  0.31591776  0.32193924  
7_0_0      0.48772749  0.02070978  0.02070978  0.00000000  0.13001951  0.17458595  0.34323553  0.43529961  0.42803079  0.65244739  0.37954715  0.36363700  0.35071831  0.35713477  0.35470364  0.35470364  0.34837303  0.35713477  0.32693328  0.33306762  
19_0_0     0.42643495  0.12955785  0.12955785  0.13001951  0.00000000  0.04220087  0.33196171  0.45954200  0.44431775  0.68242552  0.38088372  0.36495642  0.37832132  0.37159297  0.33089285  0.33089285  0.33702504  0.32087534  0.30409393  0.30996992  
18_0_0     0.44551280  0.16455956  0.16455956  0.17458595  0.04220087  0.00000000  0.37420541  0.47944938  0.50400745  0.75923615  0.39169664  0.38908209  0.40301602  0.39599916  0.35354690  0.35354690  0.35991783  0.34952634  0.33196171  0.33813389  
15_0_0     0.45230783  0.35071831  0.35071831  0.34323553  0.33196171  0.37420541  0.00000000  0.17220273  0.18163741  0.53408586  0.26174053  0.25337695  0.26428381  0.25879981  0.20223501  0.20223501  0.19262162  0.30450734  0.29375304  0.29967174  
6_0_0      0.48613709  0.44431775  0.44431775  0.43529961  0.45954200  0.47944938  0.17220273  0.00000000  0.27486003  0.63577236  0.35470364  0.37832132  0.35840921  0.36495642  0.35194896  0.35194896  0.36495642  0.39599916  0.37022733  0.36363700  
14_0_0     0.45330304  0.40821988  0.40821988  0.42803079  0.44431775  0.50400745  0.18163741  0.27486003  0.00000000  0.57222516  0.37022733  0.34168590  0.36771516  0.36107609  0.31099368  0.31099368  0.31099368  0.34168590  0.34294514  0.33660764  
16_0_0     0.58860266  0.64478576  0.64478576  0.65244739  0.68242552  0.75923615  0.53408586  0.63577236  0.57222516  0.00000000  0.64334694  0.63577236  0.62544140  0.62544140  0.61011144  0.61011144  0.61011144  0.55868537  0.56083774  0.56991774  
5_0_0      0.39141297  0.38088372  0.38088372  0.37954715  0.38088372  0.39169664  0.26174053  0.35470364  0.37022733  0.64334694  0.00000000  0.04945856  0.04945856  0.04576051  0.10316426  0.10316426  0.10316426  0.30229775  0.27449650  0.28013866  
10_0_0     0.37531577  0.36495642  0.36495642  0.36363700  0.36495642  0.38908209  0.25337695  0.37832132  0.34168590  0.63577236  0.04945856  0.00000000  0.01375191  0.01027731  0.11242071  0.11242071  0.11242071  0.29967174  0.27174762  0.27742546  
12_0_0     0.39656091  0.35194896  0.35194896  0.35071831  0.37832132  0.40301602  0.26428381  0.35840921  0.36771516  0.62544140  0.04945856  0.01375191  0.00000000  0.00340170  0.12091381  0.12091381  0.12091381  0.29967174  0.26058700  0.26613530  
4_0_0      0.38937560  0.35840921  0.35840921  0.35713477  0.37159297  0.39599916  0.25879981  0.36495642  0.36107609  0.62544140  0.04576051  0.01027731  0.00340170  0.00000000  0.11664872  0.11664872  0.11664872  0.29375304  0.26613530  0.27174762  
8_0_0      0.38229488  0.36235746  0.36235746  0.35470364  0.33089285  0.35354690  0.20223501  0.35194896  0.31099368  0.61011144  0.10316426  0.11242071  0.12091381  0.11664872  0.00000000  0.00000000  0.00682735  0.25967802  0.25510128  0.24967674  
17_0_0     0.38229488  0.36235746  0.36235746  0.35470364  0.33089285  0.35354690  0.20223501  0.35194896  0.31099368  0.61011144  0.10316426  0.11242071  0.12091381  0.11664872  0.00000000  0.00000000  0.00682735  0.25967802  0.25510128  0.24967674  
11_0_0     0.39656091  0.35589959  0.35589959  0.34837303  0.33702504  0.35991783  0.19262162  0.36495642  0.31099368  0.61011144  0.10316426  0.11242071  0.12091381  0.11664872  0.00682735  0.00682735  0.00000000  0.27077322  0.26613530  0.26058700  
1_0_0      0.40402966  0.35194896  0.35194896  0.35713477  0.32087534  0.34952634  0.30450734  0.39599916  0.34168590  0.55868537  0.30229775  0.29967174  0.29967174  0.29375304  0.25967802  0.25967802  0.27077322  0.00000000  0.02781054  0.02424720  
2_0_0      0.40600643  0.31591776  0.31591776  0.32693328  0.30409393  0.33196171  0.29375304  0.37022733  0.34294514  0.56083774  0.27449650  0.27174762  0.26058700  0.26613530  0.25510128  0.25510128  0.26613530  0.02781054  0.00000000  0.00340170  
3_0_0      0.39853760  0.32193924  0.32193924  0.33306762  0.30996992  0.33813389  0.29967174  0.36363700  0.33660764  0.56991774  0.28013866  0.27742546  0.26613530  0.27174762  0.24967674  0.24967674  0.26058700  0.02424720  0.00340170  0.00000000  

