156
58_6_0     0.00000000  0.09537892  0.06029139  0.08941394  0.08349678  0.06029139  0.07180290  0.07762668  0.13221798  0.17765785  0.14491789  0.16438710  0.33363996  0.35036987  0.35887920  0.30127647  0.36748778  0.33363996  0.44022889  0.40296263  0.40296263  0.38501211  0.36748778  0.43073446  0.47947714  0.53166759  0.43073446  0.43073446  0.45959218  0.46946770  0.41210430  0.43073446  0.39393280  0.40296263  0.41210430  0.42136060  0.37619794  0.38501211  0.39393280  0.41210430  0.42136060  0.34195752  0.34195752  0.33363996  0.41210430  0.43073446  0.42136060  0.45959218  0.37619794  0.48962418  0.43073446  0.41210430  0.42136060  0.36748778  0.35887920  0.37619794  0.37619794  0.40296263  0.41210430  0.40296263  0.37619794  0.48962418  0.35036987  0.35036987  0.40296263  0.43073446  0.43073446  0.42136060  0.41210430  0.42136060  0.41210430  0.43073446  0.42136060  0.52093010  0.45959218  0.48962418  0.46946770  0.46946770  0.49991266  0.46946770  0.51034658  0.52093010  0.52093010  0.46946770  0.43073446  0.47947714  0.49991266  0.44022889  0.45959218  0.47947714  0.51034658  0.44022889  0.46946770  0.44984704  0.43073446  0.44984704  0.52093010  0.58783093  0.40296263  0.43073446  0.52093010  0.52093010  0.53166759  0.52093010  0.45959218  0.57625118  0.63605683  0.57625118  0.47947714  0.43073446  0.61155009  0.59959524  0.56485029  0.61155009  0.62370176  0.62370176  0.58783093  0.59959524  0.48962418  0.51034658  0.49991266  0.49991266  0.53166759  0.56485029  0.53166759  0.51034658  0.55362282  0.51034658  0.53166759  0.53166759  0.52093010  0.53166759  0.48962418  0.47947714  0.52093010  0.43073446  0.51034658  0.49991266  0.49991266  0.48962418  0.51034658  0.49991266  0.51034658  0.58783093  0.58783093  0.46946770  0.44022889  0.44984704  0.44984704  0.46946770  0.46946770  0.45959218  0.44984704  0.53166759  0.53166759  0.48962418  
73_6_0     0.09537892  0.00000000  0.05460226  0.06029139  0.06602470  0.04335389  0.07762668  0.07180290  0.12594903  0.19802236  0.17765785  0.13221798  0.35036987  0.36748778  0.35887920  0.31728086  0.36748778  0.34195752  0.42136060  0.42136060  0.42136060  0.35887920  0.34195752  0.40296263  0.44984704  0.47947714  0.38501211  0.38501211  0.44984704  0.44022889  0.38501211  0.40296263  0.36748778  0.32541509  0.35036987  0.35887920  0.35036987  0.37619794  0.38501211  0.36748778  0.41210430  0.36748778  0.35036987  0.35036987  0.36748778  0.42136060  0.41210430  0.44984704  0.37619794  0.43073446  0.38501211  0.40296263  0.41210430  0.38501211  0.38501211  0.40296263  0.40296263  0.36748778  0.37619794  0.34195752  0.30127647  0.45959218  0.34195752  0.37619794  0.41210430  0.42136060  0.42136060  0.41210430  0.44022889  0.37619794  0.37619794  0.39393280  0.43073446  0.57625118  0.38501211  0.41210430  0.39393280  0.39393280  0.45959218  0.43073446  0.43073446  0.44022889  0.44022889  0.41210430  0.44984704  0.52093010  0.54256358  0.44984704  0.49991266  0.45959218  0.51034658  0.43073446  0.43073446  0.41210430  0.44022889  0.44022889  0.52093010  0.52093010  0.44022889  0.46946770  0.44022889  0.42136060  0.44984704  0.48962418  0.44984704  0.48962418  0.49991266  0.46946770  0.44984704  0.40296263  0.54256358  0.53166759  0.49991266  0.56485029  0.57625118  0.57625118  0.56485029  0.55362282  0.44984704  0.46946770  0.45959218  0.45959218  0.47947714  0.49991266  0.53166759  0.45959218  0.48962418  0.51034658  0.51034658  0.51034658  0.49991266  0.48962418  0.43073446  0.39393280  0.45959218  0.36748778  0.44984704  0.47947714  0.47947714  0.46946770  0.48962418  0.49991266  0.48962418  0.58783093  0.59959524  0.48962418  0.47947714  0.47947714  0.49991266  0.42136060  0.44022889  0.43073446  0.45959218  0.44022889  0.44022889  0.40296263  
95_6_0     0.06029139  0.05460226  0.00000000  0.03779334  0.03227437  0.03227437  0.06602470  0.07180290  0.12594903  0.18438379  0.15135073  0.13221798  0.34195752  0.35887920  0.35036987  0.27790231  0.34195752  0.32541509  0.43073446  0.39393280  0.39393280  0.35887920  0.35887920  0.42136060  0.46946770  0.52093010  0.40296263  0.40296263  0.43073446  0.45959218  0.40296263  0.42136060  0.38501211  0.35887920  0.38501211  0.41210430  0.38501211  0.41210430  0.42136060  0.40296263  0.41210430  0.35036987  0.33363996  0.32541509  0.38501211  0.40296263  0.39393280  0.44984704  0.40296263  0.44022889  0.41210430  0.39393280  0.40296263  0.38501211  0.38501211  0.40296263  0.40296263  0.37619794  0.38501211  0.37619794  0.33363996  0.45959218  0.34195752  0.37619794  0.43073446  0.44022889  0.44022889  0.43073446  0.45959218  0.41210430  0.37619794  0.39393280  0.39393280  0.51034658  0.44984704  0.47947714  0.45959218  0.45959218  0.51034658  0.47947714  0.49991266  0.51034658  0.51034658  0.45959218  0.47947714  0.53166759  0.55362282  0.46946770  0.51034658  0.48962418  0.52093010  0.44022889  0.45959218  0.44022889  0.44984704  0.44984704  0.51034658  0.55362282  0.43073446  0.45959218  0.48962418  0.46946770  0.49991266  0.54256358  0.44022889  0.54256358  0.59959524  0.52093010  0.46946770  0.40296263  0.55362282  0.54256358  0.51034658  0.57625118  0.58783093  0.58783093  0.57625118  0.58783093  0.45959218  0.47947714  0.48962418  0.48962418  0.49991266  0.55362282  0.54256358  0.49991266  0.54256358  0.52093010  0.49991266  0.49991266  0.48962418  0.52093010  0.44022889  0.44022889  0.51034658  0.40296263  0.49991266  0.44984704  0.44984704  0.44022889  0.45959218  0.46946770  0.45959218  0.53166759  0.54256358  0.44022889  0.47947714  0.45959218  0.47947714  0.44022889  0.44022889  0.43073446  0.42136060  0.45959218  0.45959218  0.42136060  
81_6_0     0.08941394  0.06029139  0.03779334  0.00000000  0.00528201  0.04895665  0.08349678  0.08941394  0.14491789  0.20493733  0.18438379  0.15135073  0.35036987  0.36748778  0.36748778  0.28561174  0.36748778  0.34195752  0.42136060  0.42136060  0.42136060  0.33363996  0.35036987  0.44984704  0.47947714  0.53166759  0.44984704  0.44984704  0.45959218  0.48962418  0.38501211  0.43073446  0.37619794  0.35036987  0.37619794  0.40296263  0.37619794  0.40296263  0.41210430  0.39393280  0.38501211  0.37619794  0.35887920  0.35036987  0.37619794  0.41210430  0.40296263  0.44022889  0.37619794  0.43073446  0.40296263  0.38501211  0.39393280  0.41210430  0.41210430  0.39393280  0.41210430  0.38501211  0.39393280  0.35036987  0.32541509  0.51034658  0.36748778  0.40296263  0.40296263  0.41210430  0.41210430  0.40296263  0.44984704  0.40296263  0.40296263  0.42136060  0.38501211  0.49991266  0.45959218  0.48962418  0.46946770  0.46946770  0.52093010  0.48962418  0.51034658  0.48962418  0.48962418  0.46946770  0.48962418  0.56485029  0.58783093  0.47947714  0.52093010  0.49991266  0.53166759  0.44984704  0.46946770  0.44984704  0.47947714  0.47947714  0.49991266  0.54256358  0.45959218  0.48962418  0.49991266  0.47947714  0.51034658  0.55362282  0.44984704  0.54256358  0.61155009  0.55362282  0.46946770  0.40296263  0.54256358  0.51034658  0.47947714  0.54256358  0.55362282  0.55362282  0.54256358  0.56485029  0.44022889  0.47947714  0.46946770  0.46946770  0.47947714  0.54256358  0.49991266  0.45959218  0.51034658  0.49991266  0.49991266  0.49991266  0.46946770  0.52093010  0.41210430  0.42136060  0.48962418  0.37619794  0.47947714  0.42136060  0.42136060  0.41210430  0.43073446  0.44022889  0.43073446  0.54256358  0.55362282  0.43073446  0.48962418  0.44984704  0.46946770  0.44984704  0.46946770  0.47947714  0.46946770  0.46946770  0.46946770  0.43073446  
62_6_0     0.08349678  0.06602470  0.03227437  0.00528201  0.00000000  0.04335389  0.07762668  0.08349678  0.13854062  0.19802236  0.17765785  0.14491789  0.34195752  0.35887920  0.35887920  0.27790231  0.35887920  0.34195752  0.43073446  0.41210430  0.41210430  0.34195752  0.35887920  0.45959218  0.48962418  0.54256358  0.44022889  0.44022889  0.44984704  0.47947714  0.39393280  0.42136060  0.38501211  0.35887920  0.38501211  0.41210430  0.38501211  0.41210430  0.42136060  0.40296263  0.39393280  0.36748778  0.35036987  0.34195752  0.38501211  0.40296263  0.39393280  0.43073446  0.38501211  0.44022889  0.41210430  0.39393280  0.40296263  0.42136060  0.42136060  0.40296263  0.42136060  0.39393280  0.40296263  0.35887920  0.33363996  0.52093010  0.37619794  0.41210430  0.41210430  0.42136060  0.42136060  0.41210430  0.45959218  0.41210430  0.41210430  0.43073446  0.39393280  0.48962418  0.45959218  0.48962418  0.46946770  0.46946770  0.52093010  0.48962418  0.51034658  0.48962418  0.48962418  0.46946770  0.48962418  0.56485029  0.58783093  0.47947714  0.52093010  0.49991266  0.53166759  0.44984704  0.46946770  0.44984704  0.47947714  0.47947714  0.49991266  0.54256358  0.45959218  0.48962418  0.49991266  0.47947714  0.51034658  0.55362282  0.44984704  0.54256358  0.61155009  0.55362282  0.45959218  0.39393280  0.54256358  0.51034658  0.47947714  0.54256358  0.55362282  0.55362282  0.54256358  0.56485029  0.44022889  0.47947714  0.46946770  0.46946770  0.47947714  0.54256358  0.49991266  0.45959218  0.51034658  0.49991266  0.49991266  0.49991266  0.46946770  0.52093010  0.41210430  0.42136060  0.48962418  0.37619794  0.47947714  0.42136060  0.42136060  0.41210430  0.43073446  0.44022889  0.43073446  0.54256358  0.55362282  0.43073446  0.49991266  0.45959218  0.47947714  0.45959218  0.47947714  0.48962418  0.45959218  0.47947714  0.47947714  0.44022889  
89_6_0     0.06029139  0.04335389  0.03227437  0.04895665  0.04335389  0.00000000  0.05460226  0.04895665  0.10139250  0.15784014  0.15135073  0.13221798  0.35887920  0.37619794  0.36748778  0.29340255  0.35036987  0.33363996  0.42136060  0.40296263  0.40296263  0.34195752  0.34195752  0.42136060  0.46946770  0.49991266  0.38501211  0.38501211  0.46946770  0.44022889  0.36748778  0.42136060  0.40296263  0.35887920  0.36748778  0.39393280  0.36748778  0.37619794  0.38501211  0.38501211  0.39393280  0.35036987  0.33363996  0.33363996  0.38501211  0.38501211  0.39393280  0.44984704  0.37619794  0.43073446  0.38501211  0.36748778  0.37619794  0.40296263  0.40296263  0.40296263  0.42136060  0.38501211  0.39393280  0.34195752  0.33363996  0.49991266  0.35887920  0.35887920  0.44984704  0.45959218  0.45959218  0.44984704  0.45959218  0.43073446  0.41210430  0.41210430  0.41210430  0.53166759  0.41210430  0.44022889  0.42136060  0.42136060  0.48962418  0.45959218  0.45959218  0.48962418  0.48962418  0.42136060  0.45959218  0.51034658  0.53166759  0.44984704  0.51034658  0.44984704  0.49991266  0.42136060  0.42136060  0.40296263  0.44984704  0.43073446  0.48962418  0.53166759  0.43073446  0.45959218  0.48962418  0.46946770  0.49991266  0.49991266  0.44022889  0.49991266  0.55362282  0.49991266  0.44984704  0.40296263  0.53166759  0.54256358  0.51034658  0.57625118  0.58783093  0.58783093  0.57625118  0.56485029  0.45959218  0.45959218  0.46946770  0.46946770  0.48962418  0.53166759  0.52093010  0.47947714  0.52093010  0.47947714  0.49991266  0.49991266  0.48962418  0.49991266  0.41210430  0.41210430  0.47947714  0.39393280  0.46946770  0.43073446  0.43073446  0.42136060  0.44022889  0.43073446  0.42136060  0.55362282  0.56485029  0.45959218  0.45959218  0.45959218  0.47947714  0.42136060  0.44022889  0.43073446  0.42136060  0.45959218  0.45959218  0.42136060  
64_6_0     0.07180290  0.07762668  0.06602470  0.08349678  0.07762668  0.05460226  0.00000000  0.01596080  0.08941394  0.15135073  0.12594903  0.11973289  0.35887920  0.37619794  0.38501211  0.31728086  0.30923529  0.29340255  0.39393280  0.35887920  0.35887920  0.32541509  0.29340255  0.41210430  0.45959218  0.49991266  0.40296263  0.40296263  0.43073446  0.44022889  0.36748778  0.40296263  0.36748778  0.32541509  0.35036987  0.35887920  0.35036987  0.34195752  0.35036987  0.36748778  0.37619794  0.35036987  0.33363996  0.32541509  0.33363996  0.35036987  0.34195752  0.39393280  0.36748778  0.40296263  0.40296263  0.38501211  0.39393280  0.34195752  0.33363996  0.35036987  0.35036987  0.36748778  0.37619794  0.34195752  0.31728086  0.44022889  0.34195752  0.35887920  0.37619794  0.40296263  0.40296263  0.38501211  0.38501211  0.39393280  0.38501211  0.40296263  0.37619794  0.52093010  0.45959218  0.46946770  0.44984704  0.44984704  0.49991266  0.46946770  0.48962418  0.47947714  0.47947714  0.44984704  0.44984704  0.54256358  0.56485029  0.46946770  0.52093010  0.52093010  0.53166759  0.44022889  0.44984704  0.43073446  0.48962418  0.48962418  0.47947714  0.52093010  0.44022889  0.46946770  0.49991266  0.49991266  0.51034658  0.57625118  0.41210430  0.55362282  0.58783093  0.55362282  0.45959218  0.41210430  0.55362282  0.54256358  0.51034658  0.55362282  0.56485029  0.56485029  0.55362282  0.56485029  0.44984704  0.46946770  0.44022889  0.44022889  0.46946770  0.52093010  0.49991266  0.45959218  0.47947714  0.46946770  0.46946770  0.46946770  0.49991266  0.48962418  0.43073446  0.43073446  0.47947714  0.41210430  0.46946770  0.47947714  0.47947714  0.44984704  0.46946770  0.45959218  0.44984704  0.61155009  0.61155009  0.48962418  0.45959218  0.44022889  0.45959218  0.40296263  0.42136060  0.41210430  0.40296263  0.44022889  0.45959218  0.40296263  
84_6_0     0.07762668  0.07180290  0.07180290  0.08941394  0.08349678  0.04895665  0.01596080  0.00000000  0.09537892  0.17099265  0.13221798  0.12594903  0.35036987  0.36748778  0.37619794  0.30923529  0.32541509  0.30923529  0.39393280  0.35887920  0.35887920  0.31728086  0.31728086  0.42136060  0.46946770  0.51034658  0.41210430  0.41210430  0.45959218  0.44984704  0.37619794  0.38501211  0.39393280  0.33363996  0.35887920  0.36748778  0.35887920  0.35036987  0.35887920  0.37619794  0.38501211  0.34195752  0.32541509  0.32541509  0.34195752  0.35887920  0.35036987  0.38501211  0.38501211  0.42136060  0.42136060  0.40296263  0.41210430  0.36748778  0.35887920  0.37619794  0.37619794  0.36748778  0.37619794  0.35036987  0.32541509  0.46946770  0.33363996  0.35036987  0.40296263  0.43073446  0.43073446  0.41210430  0.39393280  0.40296263  0.37619794  0.41210430  0.40296263  0.55362282  0.44984704  0.45959218  0.44022889  0.44022889  0.48962418  0.47947714  0.47947714  0.48962418  0.48962418  0.44022889  0.44022889  0.55362282  0.57625118  0.47947714  0.51034658  0.51034658  0.54256358  0.44984704  0.44022889  0.42136060  0.47947714  0.47947714  0.48962418  0.49991266  0.43073446  0.45959218  0.48962418  0.48962418  0.49991266  0.56485029  0.44022889  0.52093010  0.57625118  0.52093010  0.44022889  0.39393280  0.54256358  0.55362282  0.52093010  0.56485029  0.57625118  0.57625118  0.56485029  0.55362282  0.44984704  0.44984704  0.42136060  0.42136060  0.45959218  0.49991266  0.47947714  0.44022889  0.47947714  0.44984704  0.46946770  0.46946770  0.47947714  0.46946770  0.42136060  0.44022889  0.51034658  0.44022889  0.45959218  0.46946770  0.46946770  0.45959218  0.47947714  0.46946770  0.45959218  0.59959524  0.59959524  0.47947714  0.46946770  0.43073446  0.46946770  0.39393280  0.41210430  0.40296263  0.39393280  0.44984704  0.46946770  0.41210430  
78_6_0     0.13221798  0.12594903  0.12594903  0.14491789  0.13854062  0.10139250  0.08941394  0.09537892  0.00000000  0.19117157  0.19117157  0.17099265  0.39393280  0.41210430  0.40296263  0.35036987  0.37619794  0.34195752  0.43073446  0.40296263  0.40296263  0.34195752  0.30923529  0.47947714  0.53166759  0.48962418  0.41210430  0.41210430  0.49991266  0.47947714  0.44022889  0.44022889  0.44022889  0.43073446  0.44022889  0.44984704  0.44022889  0.44984704  0.45959218  0.44022889  0.44984704  0.45959218  0.42136060  0.41210430  0.36748778  0.36748778  0.37619794  0.43073446  0.39393280  0.40296263  0.41210430  0.41210430  0.42136060  0.39393280  0.36748778  0.36748778  0.38501211  0.42136060  0.43073446  0.37619794  0.35036987  0.49991266  0.37619794  0.32541509  0.43073446  0.44022889  0.44022889  0.45959218  0.44022889  0.43073446  0.38501211  0.36748778  0.43073446  0.53166759  0.44022889  0.45959218  0.44984704  0.44984704  0.49991266  0.46946770  0.48962418  0.51034658  0.51034658  0.46946770  0.48962418  0.58783093  0.61155009  0.53166759  0.56485029  0.54256358  0.57625118  0.48962418  0.48962418  0.46946770  0.54256358  0.49991266  0.47947714  0.56485029  0.45959218  0.48962418  0.52093010  0.52093010  0.53166759  0.56485029  0.51034658  0.62370176  0.58783093  0.57625118  0.45959218  0.43073446  0.47947714  0.51034658  0.49991266  0.56485029  0.57625118  0.57625118  0.56485029  0.59959524  0.43073446  0.48962418  0.45959218  0.45959218  0.48962418  0.48962418  0.48962418  0.51034658  0.51034658  0.44984704  0.46946770  0.46946770  0.52093010  0.46946770  0.42136060  0.36748778  0.44984704  0.42136060  0.43073446  0.47947714  0.47947714  0.46946770  0.48962418  0.47947714  0.48962418  0.58783093  0.59959524  0.44984704  0.45959218  0.47947714  0.45959218  0.45959218  0.47947714  0.46946770  0.47947714  0.44984704  0.46946770  0.43073446  
82_8_0     0.17765785  0.19802236  0.18438379  0.20493733  0.19802236  0.15784014  0.15135073  0.17099265  0.19117157  0.00000000  0.15135073  0.22607962  0.37619794  0.35887920  0.36748778  0.33363996  0.35887920  0.37619794  0.44984704  0.44984704  0.43073446  0.32541509  0.27790231  0.40296263  0.44984704  0.52093010  0.40296263  0.40296263  0.44984704  0.44022889  0.33363996  0.40296263  0.36748778  0.35887920  0.36748778  0.37619794  0.35036987  0.35887920  0.35036987  0.36748778  0.32541509  0.37619794  0.37619794  0.36748778  0.36748778  0.36748778  0.37619794  0.46946770  0.43073446  0.45959218  0.42136060  0.42136060  0.43073446  0.37619794  0.36748778  0.40296263  0.42136060  0.42136060  0.41210430  0.41210430  0.40296263  0.45959218  0.39393280  0.39393280  0.43073446  0.44022889  0.44022889  0.46946770  0.42136060  0.41210430  0.43073446  0.43073446  0.32541509  0.38501211  0.55362282  0.52093010  0.49991266  0.49991266  0.53166759  0.49991266  0.52093010  0.53166759  0.53166759  0.51034658  0.54256358  0.59959524  0.59959524  0.51034658  0.62370176  0.55362282  0.52093010  0.44984704  0.45959218  0.45959218  0.51034658  0.49991266  0.48962418  0.51034658  0.49991266  0.51034658  0.45959218  0.47947714  0.46946770  0.51034658  0.45959218  0.53166759  0.54256358  0.53166759  0.44984704  0.40296263  0.53166759  0.48962418  0.46946770  0.47947714  0.48962418  0.52093010  0.49991266  0.48962418  0.45959218  0.42136060  0.44022889  0.44022889  0.45959218  0.44984704  0.54256358  0.47947714  0.48962418  0.47947714  0.47947714  0.49991266  0.48962418  0.52093010  0.40296263  0.41210430  0.47947714  0.42136060  0.46946770  0.49991266  0.51034658  0.46946770  0.46946770  0.45959218  0.46946770  0.57625118  0.56485029  0.42136060  0.48962418  0.44984704  0.43073446  0.44984704  0.46946770  0.45959218  0.44984704  0.39393280  0.41210430  0.39393280  
82_6_0     0.14491789  0.17765785  0.15135073  0.18438379  0.17765785  0.15135073  0.12594903  0.13221798  0.19117157  0.15135073  0.00000000  0.18438379  0.29340255  0.27790231  0.30127647  0.26272087  0.34195752  0.34195752  0.41210430  0.39393280  0.37619794  0.30923529  0.26272087  0.37619794  0.42136060  0.44022889  0.40296263  0.40296263  0.41210430  0.42136060  0.35036987  0.33363996  0.31728086  0.30923529  0.35036987  0.34195752  0.33363996  0.34195752  0.35036987  0.31728086  0.30923529  0.38501211  0.35036987  0.37619794  0.43073446  0.45959218  0.43073446  0.43073446  0.40296263  0.42136060  0.44022889  0.44022889  0.44984704  0.37619794  0.38501211  0.40296263  0.40296263  0.40296263  0.41210430  0.37619794  0.36748778  0.45959218  0.34195752  0.37619794  0.41210430  0.44022889  0.44022889  0.42136060  0.40296263  0.39393280  0.44984704  0.44984704  0.35887920  0.45959218  0.52093010  0.57625118  0.55362282  0.55362282  0.58783093  0.55362282  0.59959524  0.61155009  0.61155009  0.46946770  0.46946770  0.54256358  0.54256358  0.52093010  0.58783093  0.52093010  0.55362282  0.48962418  0.51034658  0.51034658  0.47947714  0.49991266  0.54256358  0.54256358  0.41210430  0.44022889  0.53166759  0.53166759  0.52093010  0.54256358  0.46946770  0.53166759  0.56485029  0.55362282  0.47947714  0.44984704  0.56485029  0.57625118  0.54256358  0.56485029  0.57625118  0.59959524  0.58783093  0.57625118  0.48962418  0.49991266  0.54256358  0.54256358  0.55362282  0.56485029  0.49991266  0.51034658  0.52093010  0.57625118  0.55362282  0.55362282  0.53166759  0.57625118  0.48962418  0.48962418  0.52093010  0.45959218  0.51034658  0.52093010  0.53166759  0.51034658  0.51034658  0.49991266  0.51034658  0.56485029  0.57625118  0.56485029  0.45959218  0.44022889  0.45959218  0.45959218  0.45959218  0.44984704  0.44022889  0.45959218  0.47947714  0.40296263  
69_6_0     0.16438710  0.13221798  0.13221798  0.15135073  0.14491789  0.13221798  0.11973289  0.12594903  0.17099265  0.22607962  0.18438379  0.00000000  0.34195752  0.35887920  0.37619794  0.34195752  0.37619794  0.39393280  0.44984704  0.41210430  0.41210430  0.37619794  0.35887920  0.44984704  0.49991266  0.59959524  0.46946770  0.46946770  0.45959218  0.43073446  0.42136060  0.40296263  0.40296263  0.35887920  0.41210430  0.41210430  0.40296263  0.41210430  0.42136060  0.42136060  0.43073446  0.35887920  0.34195752  0.31728086  0.35887920  0.39393280  0.36748778  0.42136060  0.41210430  0.46946770  0.39393280  0.41210430  0.40296263  0.42136060  0.41210430  0.44984704  0.43073446  0.41210430  0.42136060  0.42136060  0.37619794  0.48962418  0.37619794  0.39393280  0.44984704  0.45959218  0.45959218  0.45959218  0.47947714  0.43073446  0.40296263  0.42136060  0.42136060  0.51034658  0.41210430  0.45959218  0.44022889  0.44022889  0.48962418  0.45959218  0.47947714  0.48962418  0.48962418  0.44984704  0.46946770  0.47947714  0.49991266  0.52093010  0.53166759  0.44984704  0.47947714  0.38501211  0.42136060  0.42136060  0.44984704  0.46946770  0.45959218  0.47947714  0.41210430  0.42136060  0.45959218  0.45959218  0.44984704  0.56485029  0.44984704  0.53166759  0.59959524  0.51034658  0.44984704  0.44022889  0.47947714  0.44984704  0.42136060  0.49991266  0.48962418  0.44984704  0.44022889  0.48962418  0.39393280  0.41210430  0.42136060  0.42136060  0.44984704  0.48962418  0.48962418  0.43073446  0.45959218  0.44984704  0.46946770  0.44984704  0.47947714  0.47947714  0.46946770  0.42136060  0.51034658  0.41210430  0.45959218  0.44022889  0.44022889  0.43073446  0.48962418  0.49991266  0.48962418  0.58783093  0.59959524  0.43073446  0.49991266  0.55362282  0.57625118  0.41210430  0.43073446  0.42136060  0.41210430  0.46946770  0.48962418  0.41210430  
83_6_0     0.33363996  0.35036987  0.34195752  0.35036987  0.34195752  0.35887920  0.35887920  0.35036987  0.39393280  0.37619794  0.29340255  0.34195752  0.00000000  0.01060209  0.05460226  0.13221798  0.37619794  0.38501211  0.35887920  0.35887920  0.37619794  0.37619794  0.36748778  0.40296263  0.43073446  0.42136060  0.37619794  0.37619794  0.31728086  0.34195752  0.32541509  0.31728086  0.32541509  0.32541509  0.30127647  0.27790231  0.30127647  0.29340255  0.30127647  0.28561174  0.26272087  0.38501211  0.36748778  0.38501211  0.42136060  0.44984704  0.44022889  0.44022889  0.41210430  0.47947714  0.41210430  0.44022889  0.43073446  0.40296263  0.41210430  0.35036987  0.35036987  0.44022889  0.44984704  0.39393280  0.40296263  0.40296263  0.34195752  0.35036987  0.33363996  0.33363996  0.33363996  0.35887920  0.33363996  0.34195752  0.42136060  0.49991266  0.30923529  0.41210430  0.58783093  0.59959524  0.62370176  0.62370176  0.58783093  0.57625118  0.59959524  0.59959524  0.59959524  0.59959524  0.61155009  0.58783093  0.58783093  0.66140524  0.59959524  0.57625118  0.61155009  0.51034658  0.53166759  0.54256358  0.52093010  0.56485029  0.52093010  0.55362282  0.51034658  0.52093010  0.45959218  0.45959218  0.44984704  0.62370176  0.46946770  0.52093010  0.54256358  0.52093010  0.52093010  0.46946770  0.56485029  0.53166759  0.52093010  0.61155009  0.59959524  0.57625118  0.57625118  0.57625118  0.40296263  0.42136060  0.42136060  0.42136060  0.45959218  0.43073446  0.49991266  0.45959218  0.47947714  0.54256358  0.54256358  0.52093010  0.48962418  0.54256358  0.57625118  0.57625118  0.59959524  0.53166759  0.53166759  0.48962418  0.48962418  0.49991266  0.49991266  0.48962418  0.46946770  0.56485029  0.57625118  0.61155009  0.46946770  0.49991266  0.46946770  0.51034658  0.48962418  0.49991266  0.45959218  0.40296263  0.40296263  0.38501211  
85_6_0     0.35036987  0.36748778  0.35887920  0.36748778  0.35887920  0.37619794  0.37619794  0.36748778  0.41210430  0.35887920  0.27790231  0.35887920  0.01060209  0.00000000  0.05460226  0.13221798  0.37619794  0.38501211  0.35887920  0.37619794  0.37619794  0.37619794  0.36748778  0.40296263  0.43073446  0.42136060  0.37619794  0.37619794  0.31728086  0.34195752  0.34195752  0.33363996  0.34195752  0.34195752  0.31728086  0.29340255  0.31728086  0.30923529  0.31728086  0.28561174  0.24784540  0.38501211  0.36748778  0.38501211  0.44022889  0.46946770  0.45959218  0.45959218  0.43073446  0.49991266  0.43073446  0.45959218  0.44984704  0.40296263  0.41210430  0.35036987  0.35036987  0.42136060  0.43073446  0.39393280  0.40296263  0.38501211  0.34195752  0.35036987  0.33363996  0.33363996  0.33363996  0.35887920  0.33363996  0.34195752  0.42136060  0.49991266  0.30923529  0.39393280  0.61155009  0.62370176  0.64862223  0.64862223  0.61155009  0.59959524  0.62370176  0.62370176  0.62370176  0.62370176  0.63605683  0.61155009  0.61155009  0.68765521  0.62370176  0.59959524  0.63605683  0.53166759  0.53166759  0.54256358  0.54256358  0.58783093  0.52093010  0.55362282  0.52093010  0.53166759  0.46946770  0.46946770  0.45959218  0.63605683  0.46946770  0.54256358  0.56485029  0.54256358  0.49991266  0.44984704  0.54256358  0.51034658  0.52093010  0.58783093  0.57625118  0.55362282  0.55362282  0.55362282  0.38501211  0.40296263  0.40296263  0.40296263  0.44022889  0.41210430  0.47947714  0.44022889  0.45959218  0.52093010  0.52093010  0.49991266  0.46946770  0.52093010  0.55362282  0.55362282  0.57625118  0.51034658  0.51034658  0.46946770  0.47947714  0.47947714  0.47947714  0.46946770  0.44984704  0.54256358  0.55362282  0.58783093  0.46946770  0.49991266  0.46946770  0.53166759  0.51034658  0.52093010  0.47947714  0.42136060  0.42136060  0.40296263  
87_6_0     0.35887920  0.35887920  0.35036987  0.36748778  0.35887920  0.36748778  0.38501211  0.37619794  0.40296263  0.36748778  0.30127647  0.37619794  0.05460226  0.05460226  0.00000000  0.13221798  0.38501211  0.39393280  0.37619794  0.39393280  0.37619794  0.35887920  0.36748778  0.38501211  0.44022889  0.43073446  0.38501211  0.38501211  0.30923529  0.31728086  0.35887920  0.36748778  0.35887920  0.35887920  0.31728086  0.30923529  0.35036987  0.35887920  0.36748778  0.30127647  0.27790231  0.37619794  0.35887920  0.40296263  0.42136060  0.44984704  0.44022889  0.45959218  0.44984704  0.45959218  0.41210430  0.44022889  0.43073446  0.38501211  0.40296263  0.36748778  0.35887920  0.43073446  0.44022889  0.39393280  0.39393280  0.39393280  0.33363996  0.34195752  0.35036987  0.31728086  0.31728086  0.37619794  0.36748778  0.35887920  0.40296263  0.47947714  0.34195752  0.37619794  0.59959524  0.58783093  0.61155009  0.61155009  0.59959524  0.56485029  0.58783093  0.61155009  0.61155009  0.56485029  0.59959524  0.62370176  0.62370176  0.64862223  0.63605683  0.58783093  0.62370176  0.49991266  0.54256358  0.55362282  0.53166759  0.57625118  0.51034658  0.56485029  0.48962418  0.49991266  0.45959218  0.45959218  0.44984704  0.59959524  0.49991266  0.55362282  0.55362282  0.57625118  0.49991266  0.46946770  0.55362282  0.52093010  0.53166759  0.57625118  0.56485029  0.56485029  0.54256358  0.56485029  0.39393280  0.43073446  0.44984704  0.44984704  0.44984704  0.44022889  0.51034658  0.48962418  0.48962418  0.57625118  0.53166759  0.53166759  0.49991266  0.55362282  0.57625118  0.53166759  0.58783093  0.52093010  0.51034658  0.47947714  0.48962418  0.48962418  0.51034658  0.49991266  0.47947714  0.53166759  0.56485029  0.53166759  0.47947714  0.51034658  0.47947714  0.54256358  0.52093010  0.53166759  0.51034658  0.36748778  0.36748778  0.38501211  
66_6_0     0.30127647  0.31728086  0.27790231  0.28561174  0.27790231  0.29340255  0.31728086  0.30923529  0.35036987  0.33363996  0.26272087  0.34195752  0.13221798  0.13221798  0.13221798  0.00000000  0.30127647  0.30923529  0.39393280  0.39393280  0.37619794  0.33363996  0.30923529  0.43073446  0.45959218  0.39393280  0.33363996  0.33363996  0.33363996  0.39393280  0.38501211  0.35036987  0.35887920  0.34195752  0.33363996  0.32541509  0.35036987  0.37619794  0.38501211  0.33363996  0.30127647  0.37619794  0.35887920  0.30923529  0.42136060  0.43073446  0.42136060  0.44022889  0.39393280  0.43073446  0.44022889  0.45959218  0.44984704  0.42136060  0.44022889  0.39393280  0.39393280  0.38501211  0.39393280  0.40296263  0.40296263  0.44984704  0.34195752  0.40296263  0.39393280  0.37619794  0.37619794  0.38501211  0.37619794  0.35036987  0.41210430  0.44022889  0.31728086  0.39393280  0.53166759  0.54256358  0.56485029  0.56485029  0.57625118  0.54256358  0.56485029  0.56485029  0.56485029  0.55362282  0.48962418  0.55362282  0.57625118  0.51034658  0.54256358  0.49991266  0.51034658  0.44984704  0.49991266  0.48962418  0.48962418  0.48962418  0.55362282  0.52093010  0.44984704  0.45959218  0.45959218  0.44022889  0.44984704  0.54256358  0.46946770  0.58783093  0.58783093  0.49991266  0.51034658  0.45959218  0.58783093  0.54256358  0.54256358  0.58783093  0.57625118  0.59959524  0.54256358  0.56485029  0.48962418  0.49991266  0.45959218  0.45959218  0.48962418  0.42136060  0.47947714  0.44022889  0.46946770  0.51034658  0.48962418  0.46946770  0.45959218  0.51034658  0.55362282  0.55362282  0.59959524  0.51034658  0.54256358  0.42136060  0.43073446  0.44984704  0.41210430  0.40296263  0.40296263  0.56485029  0.57625118  0.51034658  0.48962418  0.48962418  0.45959218  0.53166759  0.48962418  0.49991266  0.49991266  0.42136060  0.42136060  0.38501211  
92_6_0     0.36748778  0.36748778  0.34195752  0.36748778  0.35887920  0.35036987  0.30923529  0.32541509  0.37619794  0.35887920  0.34195752  0.37619794  0.37619794  0.37619794  0.38501211  0.30127647  0.00000000  0.10139250  0.19117157  0.21191769  0.19802236  0.27790231  0.24051860  0.46946770  0.46946770  0.44984704  0.40296263  0.40296263  0.37619794  0.45959218  0.37619794  0.36748778  0.42136060  0.38501211  0.34195752  0.40296263  0.39393280  0.38501211  0.39393280  0.35887920  0.37619794  0.35887920  0.35887920  0.33363996  0.35887920  0.37619794  0.37619794  0.32541509  0.46946770  0.44984704  0.46946770  0.46946770  0.47947714  0.38501211  0.37619794  0.36748778  0.35036987  0.37619794  0.38501211  0.36748778  0.35887920  0.38501211  0.39393280  0.44984704  0.37619794  0.37619794  0.37619794  0.39393280  0.39393280  0.37619794  0.51034658  0.48962418  0.36748778  0.46946770  0.59959524  0.58783093  0.58783093  0.58783093  0.62370176  0.62370176  0.63605683  0.58783093  0.58783093  0.67441354  0.59959524  0.66140524  0.68765521  0.59959524  0.66140524  0.55362282  0.54256358  0.56485029  0.53166759  0.52093010  0.59959524  0.57625118  0.59959524  0.59959524  0.62370176  0.63605683  0.58783093  0.58783093  0.57625118  0.56485029  0.57625118  0.59959524  0.62370176  0.61155009  0.56485029  0.54256358  0.61155009  0.63605683  0.62370176  0.67441354  0.66140524  0.64862223  0.59959524  0.61155009  0.58783093  0.63605683  0.52093010  0.52093010  0.54256358  0.57625118  0.52093010  0.52093010  0.54256358  0.56485029  0.54256358  0.52093010  0.48962418  0.55362282  0.57625118  0.57625118  0.64862223  0.56485029  0.57625118  0.57625118  0.58783093  0.56485029  0.56485029  0.55362282  0.55362282  0.61155009  0.61155009  0.61155009  0.56485029  0.52093010  0.49991266  0.47947714  0.45959218  0.46946770  0.47947714  0.48962418  0.51034658  0.44984704  
70_6_0     0.33363996  0.34195752  0.32541509  0.34195752  0.34195752  0.33363996  0.29340255  0.30923529  0.34195752  0.37619794  0.34195752  0.39393280  0.38501211  0.38501211  0.39393280  0.30923529  0.10139250  0.00000000  0.18438379  0.21191769  0.19802236  0.30127647  0.24784540  0.44022889  0.44984704  0.40296263  0.38501211  0.38501211  0.46946770  0.52093010  0.38501211  0.35036987  0.35887920  0.35887920  0.33363996  0.39393280  0.40296263  0.35887920  0.36748778  0.35036987  0.33363996  0.35887920  0.37619794  0.36748778  0.36748778  0.39393280  0.39393280  0.35887920  0.44022889  0.44022889  0.44022889  0.44022889  0.44984704  0.43073446  0.42136060  0.39393280  0.37619794  0.37619794  0.38501211  0.41210430  0.42136060  0.44984704  0.44022889  0.47947714  0.42136060  0.44022889  0.44022889  0.44984704  0.44022889  0.40296263  0.44984704  0.46946770  0.44984704  0.53166759  0.59959524  0.54256358  0.54256358  0.54256358  0.57625118  0.57625118  0.57625118  0.55362282  0.55362282  0.62370176  0.55362282  0.58783093  0.61155009  0.59959524  0.61155009  0.55362282  0.56485029  0.52093010  0.53166759  0.49991266  0.57625118  0.55362282  0.59959524  0.59959524  0.56485029  0.57625118  0.57625118  0.57625118  0.58783093  0.61155009  0.52093010  0.61155009  0.63605683  0.64862223  0.49991266  0.47947714  0.55362282  0.56485029  0.57625118  0.62370176  0.61155009  0.59959524  0.55362282  0.58783093  0.57625118  0.61155009  0.49991266  0.49991266  0.55362282  0.49991266  0.44984704  0.48962418  0.51034658  0.49991266  0.47947714  0.45959218  0.44984704  0.53166759  0.52093010  0.52093010  0.54256358  0.53166759  0.52093010  0.55362282  0.56485029  0.54256358  0.49991266  0.48962418  0.48962418  0.58783093  0.58783093  0.58783093  0.49991266  0.47947714  0.45959218  0.46946770  0.46946770  0.47947714  0.47947714  0.51034658  0.51034658  0.48962418  
80_6_0     0.44022889  0.42136060  0.43073446  0.42136060  0.43073446  0.42136060  0.39393280  0.39393280  0.43073446  0.44984704  0.41210430  0.44984704  0.35887920  0.35887920  0.37619794  0.39393280  0.19117157  0.18438379  0.00000000  0.14491789  0.14491789  0.27790231  0.24051860  0.43073446  0.42136060  0.43073446  0.45959218  0.45959218  0.35887920  0.40296263  0.35887920  0.38501211  0.44022889  0.42136060  0.37619794  0.44022889  0.41210430  0.40296263  0.39393280  0.37619794  0.32541509  0.38501211  0.40296263  0.42136060  0.36748778  0.41210430  0.39393280  0.41210430  0.44984704  0.43073446  0.44984704  0.41210430  0.42136060  0.52093010  0.48962418  0.45959218  0.42136060  0.44022889  0.43073446  0.45959218  0.46946770  0.42136060  0.44022889  0.41210430  0.43073446  0.43073446  0.43073446  0.45959218  0.43073446  0.44984704  0.44022889  0.44022889  0.42136060  0.56485029  0.57625118  0.58783093  0.58783093  0.58783093  0.57625118  0.55362282  0.56485029  0.56485029  0.56485029  0.57625118  0.59959524  0.61155009  0.61155009  0.57625118  0.61155009  0.57625118  0.52093010  0.54256358  0.44984704  0.45959218  0.51034658  0.51034658  0.52093010  0.55362282  0.51034658  0.52093010  0.52093010  0.52093010  0.51034658  0.54256358  0.51034658  0.54256358  0.56485029  0.53166759  0.48962418  0.53166759  0.56485029  0.58783093  0.59959524  0.64862223  0.63605683  0.59959524  0.59959524  0.58783093  0.52093010  0.58783093  0.48962418  0.48962418  0.52093010  0.53166759  0.49991266  0.51034658  0.59959524  0.54256358  0.56485029  0.54256358  0.52093010  0.49991266  0.46946770  0.53166759  0.55362282  0.55362282  0.46946770  0.54256358  0.55362282  0.55362282  0.57625118  0.56485029  0.56485029  0.56485029  0.56485029  0.57625118  0.53166759  0.49991266  0.47947714  0.49991266  0.52093010  0.53166759  0.49991266  0.45959218  0.45959218  0.42136060  
86_6_0     0.40296263  0.42136060  0.39393280  0.42136060  0.41210430  0.40296263  0.35887920  0.35887920  0.40296263  0.44984704  0.39393280  0.41210430  0.35887920  0.37619794  0.39393280  0.39393280  0.21191769  0.21191769  0.14491789  0.00000000  0.01060209  0.27790231  0.25524567  0.46946770  0.45959218  0.41210430  0.40296263  0.40296263  0.41210430  0.40296263  0.35887920  0.35887920  0.44022889  0.40296263  0.35887920  0.40296263  0.39393280  0.40296263  0.39393280  0.37619794  0.34195752  0.39393280  0.41210430  0.39393280  0.34195752  0.35887920  0.35887920  0.35887920  0.40296263  0.36748778  0.39393280  0.39393280  0.38501211  0.45959218  0.44984704  0.42136060  0.38501211  0.49991266  0.48962418  0.47947714  0.48962418  0.49991266  0.41210430  0.43073446  0.44984704  0.43073446  0.43073446  0.46946770  0.46946770  0.41210430  0.46946770  0.44984704  0.42136060  0.47947714  0.62370176  0.58783093  0.58783093  0.58783093  0.59959524  0.57625118  0.58783093  0.56485029  0.56485029  0.66140524  0.63605683  0.63605683  0.63605683  0.64862223  0.71487324  0.59959524  0.63605683  0.58783093  0.53166759  0.52093010  0.51034658  0.53166759  0.49991266  0.51034658  0.55362282  0.52093010  0.49991266  0.49991266  0.51034658  0.58783093  0.54256358  0.55362282  0.59959524  0.55362282  0.53166759  0.51034658  0.59959524  0.59959524  0.58783093  0.66140524  0.64862223  0.61155009  0.61155009  0.59959524  0.57625118  0.58783093  0.47947714  0.47947714  0.54256358  0.49991266  0.53166759  0.54256358  0.57625118  0.53166759  0.55362282  0.53166759  0.56485029  0.55362282  0.52093010  0.61155009  0.66140524  0.62370176  0.56485029  0.54256358  0.54256358  0.55362282  0.51034658  0.49991266  0.49991266  0.58783093  0.56485029  0.55362282  0.51034658  0.57625118  0.55362282  0.56485029  0.54256358  0.55362282  0.47947714  0.40296263  0.42136060  0.42136060  
98_6_0     0.40296263  0.42136060  0.39393280  0.42136060  0.41210430  0.40296263  0.35887920  0.35887920  0.40296263  0.43073446  0.37619794  0.41210430  0.37619794  0.37619794  0.37619794  0.37619794  0.19802236  0.19802236  0.14491789  0.01060209  0.00000000  0.26272087  0.24051860  0.46946770  0.45959218  0.41210430  0.40296263  0.40296263  0.41210430  0.40296263  0.37619794  0.37619794  0.45959218  0.42136060  0.37619794  0.42136060  0.41210430  0.42136060  0.41210430  0.37619794  0.34195752  0.39393280  0.41210430  0.39393280  0.35887920  0.37619794  0.37619794  0.37619794  0.40296263  0.36748778  0.41210430  0.41210430  0.40296263  0.45959218  0.44984704  0.42136060  0.38501211  0.47947714  0.46946770  0.47947714  0.48962418  0.47947714  0.41210430  0.43073446  0.46946770  0.44984704  0.44984704  0.48962418  0.48962418  0.43073446  0.44984704  0.43073446  0.42136060  0.45959218  0.64862223  0.61155009  0.61155009  0.61155009  0.62370176  0.59959524  0.61155009  0.58783093  0.58783093  0.66140524  0.63605683  0.66140524  0.66140524  0.64862223  0.74313347  0.62370176  0.66140524  0.61155009  0.53166759  0.52093010  0.53166759  0.55362282  0.49991266  0.51034658  0.56485029  0.53166759  0.51034658  0.51034658  0.52093010  0.59959524  0.54256358  0.57625118  0.62370176  0.57625118  0.53166759  0.51034658  0.59959524  0.59959524  0.61155009  0.63605683  0.62370176  0.61155009  0.58783093  0.59959524  0.57625118  0.58783093  0.47947714  0.47947714  0.54256358  0.49991266  0.53166759  0.54256358  0.57625118  0.53166759  0.55362282  0.53166759  0.56485029  0.55362282  0.52093010  0.61155009  0.66140524  0.62370176  0.56485029  0.54256358  0.55362282  0.55362282  0.51034658  0.49991266  0.49991266  0.58783093  0.56485029  0.53166759  0.51034658  0.57625118  0.55362282  0.56485029  0.54256358  0.55362282  0.49991266  0.40296263  0.42136060  0.42136060  
