20
3_0_0      0.00000000  0.34285799  0.35948506  0.51822718  0.53934617  0.55013522  0.51822718  0.50788870  0.49769217  0.46791653  0.58347591  0.68047797  0.68047797  0.64260222  0.73418479  0.74824107  0.66763689  0.63039438  0.63039438  0.64260222  
2_0_0      0.34285799  0.00000000  0.01043567  0.63039438  0.61838397  0.60656470  0.58347591  0.66763689  0.65501408  0.64260222  0.63039438  0.73418479  0.72038962  0.70684601  0.76256852  0.77717782  0.61838397  0.66763689  0.64260222  0.72038962  
1_0_0      0.35948506  0.01043567  0.00000000  0.63039438  0.61838397  0.60656470  0.58347591  0.64260222  0.63039438  0.64260222  0.60656470  0.76256852  0.74824107  0.73418479  0.79208027  0.80728788  0.61838397  0.66763689  0.64260222  0.72038962  
15_0_0     0.51822718  0.63039438  0.63039438  0.00000000  0.04816043  0.03718498  0.17440518  0.20109019  0.14864582  0.20109019  0.16141383  0.65501408  0.72038962  0.70684601  0.72038962  0.74824107  0.72038962  0.73418479  0.69354498  0.64260222  
20_0_0     0.53934617  0.61838397  0.61838397  0.04816043  0.00000000  0.03175749  0.19432851  0.18762784  0.14234320  0.20109019  0.16788110  0.64260222  0.73418479  0.72038962  0.77717782  0.79208027  0.72038962  0.70684601  0.66763689  0.60656470  
8_0_0      0.55013522  0.60656470  0.60656470  0.03718498  0.03175749  0.00000000  0.18098709  0.18762784  0.14234320  0.20109019  0.16141383  0.64260222  0.72038962  0.73418479  0.76256852  0.77717782  0.68047797  0.69354498  0.63039438  0.59493059  
9_0_0      0.51822718  0.58347591  0.58347591  0.17440518  0.19432851  0.18098709  0.00000000  0.15500239  0.16788110  0.19432851  0.19432851  0.68047797  0.74824107  0.73418479  0.73418479  0.72038962  0.69354498  0.73418479  0.64260222  0.64260222  
16_0_0     0.50788870  0.66763689  0.64260222  0.20109019  0.18762784  0.18762784  0.15500239  0.00000000  0.08209485  0.09375985  0.15500239  0.68047797  0.72038962  0.73418479  0.77717782  0.82281341  0.64260222  0.56108332  0.57219522  0.49769217  
7_0_0      0.49769217  0.65501408  0.63039438  0.14864582  0.14234320  0.14234320  0.16788110  0.08209485  0.00000000  0.08209485  0.12375003  0.60656470  0.72038962  0.73418479  0.79208027  0.79208027  0.63039438  0.61838397  0.56108332  0.55013522  
18_0_0     0.46791653  0.64260222  0.64260222  0.20109019  0.20109019  0.20109019  0.19432851  0.09375985  0.08209485  0.00000000  0.17440518  0.63039438  0.72038962  0.70684601  0.72038962  0.76256852  0.64260222  0.60656470  0.55013522  0.53934617  
19_0_0     0.58347591  0.63039438  0.60656470  0.16141383  0.16788110  0.16141383  0.19432851  0.15500239  0.12375003  0.17440518  0.00000000  0.69354498  0.69354498  0.69354498  0.77717782  0.79208027  0.69354498  0.72038962  0.68047797  0.61838397  
5_0_0      0.68047797  0.73418479  0.76256852  0.65501408  0.64260222  0.64260222  0.68047797  0.68047797  0.60656470  0.63039438  0.69354498  0.00000000  0.16141383  0.18762784  0.21480107  0.20791399  0.76256852  0.70684601  0.69354498  0.72038962  
11_0_0     0.68047797  0.72038962  0.74824107  0.72038962  0.73418479  0.72038962  0.74824107  0.72038962  0.72038962  0.72038962  0.69354498  0.16141383  0.00000000  0.04816043  0.11160825  0.10561100  0.73418479  0.68047797  0.66763689  0.76256852  
6_0_0      0.64260222  0.70684601  0.73418479  0.70684601  0.72038962  0.73418479  0.73418479  0.73418479  0.73418479  0.70684601  0.69354498  0.18762784  0.04816043  0.00000000  0.10561100  0.09966179  0.76256852  0.70684601  0.66763689  0.77717782  
17_0_0     0.73418479  0.76256852  0.79208027  0.72038962  0.77717782  0.76256852  0.73418479  0.77717782  0.79208027  0.72038962  0.77717782  0.21480107  0.11160825  0.10561100  0.00000000  0.01570901  0.82281341  0.82281341  0.83867044  0.85487343  
14_0_0     0.74824107  0.77717782  0.80728788  0.74824107  0.79208027  0.77717782  0.72038962  0.82281341  0.79208027  0.76256852  0.79208027  0.20791399  0.10561100  0.09966179  0.01570901  0.00000000  0.80728788  0.80728788  0.82281341  0.87143782  
12_0_0     0.66763689  0.61838397  0.61838397  0.72038962  0.72038962  0.68047797  0.69354498  0.64260222  0.63039438  0.64260222  0.69354498  0.76256852  0.73418479  0.76256852  0.82281341  0.80728788  0.00000000  0.06493384  0.12989618  0.19432851  
10_0_0     0.63039438  0.66763689  0.66763689  0.73418479  0.70684601  0.69354498  0.73418479  0.56108332  0.61838397  0.60656470  0.72038962  0.70684601  0.68047797  0.70684601  0.82281341  0.80728788  0.06493384  0.00000000  0.10561100  0.15500239  
13_0_0     0.63039438  0.64260222  0.64260222  0.69354498  0.66763689  0.63039438  0.64260222  0.57219522  0.56108332  0.55013522  0.68047797  0.69354498  0.66763689  0.66763689  0.83867044  0.82281341  0.12989618  0.10561100  0.00000000  0.19432851  
4_0_0      0.64260222  0.72038962  0.72038962  0.64260222  0.60656470  0.59493059  0.64260222  0.49769217  0.55013522  0.53934617  0.61838397  0.72038962  0.76256852  0.77717782  0.85487343  0.87143782  0.19432851  0.15500239  0.19432851  0.00000000  

