20
9_0_0      0.00000000  0.21260407  0.28449383  0.14088585  0.13470014  0.12856605  0.12856605  0.13470014  0.45358196  0.44413687  0.49262512  0.49262512  0.48266816  0.50271883  0.67357565  0.66086291  0.64836634  0.67357565  0.74066320  0.79912380  
12_0_0     0.21260407  0.00000000  0.19903302  0.11046512  0.10452921  0.11046512  0.09864086  0.12856605  0.53385937  0.52333190  0.57754535  0.54453984  0.55537781  0.55537781  0.69968048  0.68651217  0.67357565  0.69968048  0.84623872  0.83019579  
4_0_0      0.28449383  0.19903302  0.00000000  0.17262035  0.16616288  0.17262035  0.17262035  0.19903302  0.63607870  0.62399314  0.66086291  0.66086291  0.64836634  0.64836634  0.75484820  0.76931237  0.78406694  0.78406694  0.78406694  0.74066320  
1_0_0      0.14088585  0.11046512  0.17262035  0.00000000  0.00514618  0.01032865  0.01032865  0.09279931  0.52333190  0.51295310  0.56637800  0.53385937  0.54453984  0.54453984  0.68651217  0.67357565  0.66086291  0.68651217  0.79912380  0.78406694  
7_0_0      0.13470014  0.10452921  0.16616288  0.00514618  0.00000000  0.00514618  0.00514618  0.08700382  0.51295310  0.50271883  0.55537781  0.52333190  0.53385937  0.53385937  0.69968048  0.68651217  0.67357565  0.69968048  0.81449560  0.79912380  
10_0_0     0.12856605  0.11046512  0.17262035  0.01032865  0.00514618  0.00000000  0.01032865  0.09279931  0.52333190  0.51295310  0.56637800  0.53385937  0.54453984  0.54453984  0.71308906  0.69968048  0.68651217  0.71308906  0.83019579  0.81449560  
5_0_0      0.12856605  0.09864086  0.17262035  0.01032865  0.00514618  0.01032865  0.00000000  0.09279931  0.51295310  0.50271883  0.55537781  0.52333190  0.53385937  0.53385937  0.69968048  0.68651217  0.67357565  0.69968048  0.81449560  0.79912380  
8_0_0      0.13470014  0.12856605  0.19903302  0.09279931  0.08700382  0.09279931  0.09279931  0.00000000  0.55537781  0.54453984  0.60040237  0.54453984  0.55537781  0.55537781  0.69968048  0.66086291  0.64836634  0.67357565  0.78406694  0.74066320  
2_0_0      0.45358196  0.53385937  0.63607870  0.52333190  0.51295310  0.52333190  0.51295310  0.55537781  0.00000000  0.00514618  0.02080453  0.06988664  0.08125368  0.06426837  0.51295310  0.48266816  0.47284430  0.48266816  0.51295310  0.58888500  
14_0_0     0.44413687  0.52333190  0.62399314  0.51295310  0.50271883  0.51295310  0.50271883  0.54453984  0.00514618  0.00000000  0.02609900  0.07554818  0.08700382  0.06988664  0.52333190  0.49262512  0.48266816  0.48266816  0.52333190  0.60040237  
11_0_0     0.49262512  0.57754535  0.66086291  0.56637800  0.55537781  0.56637800  0.55537781  0.60040237  0.02080453  0.02609900  0.00000000  0.08125368  0.09279931  0.07554818  0.52333190  0.49262512  0.48266816  0.49262512  0.54453984  0.62399314  
3_0_0      0.49262512  0.54453984  0.66086291  0.53385937  0.52333190  0.53385937  0.52333190  0.54453984  0.06988664  0.07554818  0.08125368  0.00000000  0.01032865  0.02609900  0.49262512  0.46315003  0.45358196  0.46315003  0.50271883  0.57754535  
6_0_0      0.48266816  0.55537781  0.64836634  0.54453984  0.53385937  0.54453984  0.53385937  0.55537781  0.08125368  0.08700382  0.09279931  0.01032865  0.00000000  0.03680377  0.51295310  0.48266816  0.47284430  0.48266816  0.52333190  0.58888500  
13_0_0     0.50271883  0.55537781  0.64836634  0.54453984  0.53385937  0.54453984  0.53385937  0.55537781  0.06426837  0.06988664  0.07554818  0.02609900  0.03680377  0.00000000  0.50271883  0.47284430  0.46315003  0.47284430  0.49262512  0.54453984  
15_0_0     0.67357565  0.69968048  0.75484820  0.68651217  0.69968048  0.71308906  0.69968048  0.69968048  0.51295310  0.52333190  0.52333190  0.49262512  0.51295310  0.50271883  0.00000000  0.01554792  0.02080453  0.02609900  0.14088585  0.19234033  
19_0_0     0.66086291  0.68651217  0.76931237  0.67357565  0.68651217  0.69968048  0.68651217  0.66086291  0.48266816  0.49262512  0.49262512  0.46315003  0.48266816  0.47284430  0.01554792  0.00000000  0.00514618  0.01032865  0.15976165  0.21260407  
17_0_0     0.64836634  0.67357565  0.78406694  0.66086291  0.67357565  0.68651217  0.67357565  0.64836634  0.47284430  0.48266816  0.48266816  0.45358196  0.47284430  0.46315003  0.02080453  0.00514618  0.00000000  0.01554792  0.16616288  0.21948474  
18_0_0     0.67357565  0.69968048  0.78406694  0.68651217  0.69968048  0.71308906  0.69968048  0.67357565  0.48266816  0.48266816  0.49262512  0.46315003  0.48266816  0.47284430  0.02609900  0.01032865  0.01554792  0.00000000  0.15976165  0.22643044  
20_0_0     0.74066320  0.84623872  0.78406694  0.79912380  0.81449560  0.83019579  0.81449560  0.78406694  0.51295310  0.52333190  0.54453984  0.50271883  0.52333190  0.49262512  0.14088585  0.15976165  0.16616288  0.15976165  0.00000000  0.14088585  
16_0_0     0.79912380  0.83019579  0.74066320  0.78406694  0.79912380  0.81449560  0.79912380  0.74066320  0.58888500  0.60040237  0.62399314  0.57754535  0.58888500  0.54453984  0.19234033  0.21260407  0.21948474  0.22643044  0.14088585  0.00000000  

