fastme_mat.p : 0.8961775302886963
fastme.f81 : 10.23548150062561
ba.exp : 80.33551812171936
pipeline_dl6947993 : 92.3065676689148
