fastme_mat.p : 0.5505740875840187
fastme.f81 : 2.992153052215576
ba.exp : 24.68885470450497
