16
20_0_0     0.00000000  0.34745266  0.38532896  0.38532896  0.38532896  0.39510796  0.34745266  0.35674206  0.35674206  0.50071469  0.48945161  0.47835690  0.41506123  0.44603450  0.42524270  0.41506123  
20_1_0     0.34745266  0.00000000  0.43556579  0.43556579  0.43556579  0.44603450  0.44603450  0.45665299  0.45665299  0.52376699  0.53556732  0.52376699  0.45665299  0.52376699  0.46742561  0.46742561  
4_0_0      0.38532896  0.43556579  0.00000000  0.00000000  0.00000000  0.04160722  0.28549204  0.29403310  0.29403310  0.26044324  0.27704815  0.28549204  0.32026236  0.34745266  0.29403310  0.31141587  
12_0_0     0.38532896  0.43556579  0.00000000  0.00000000  0.00000000  0.04160722  0.28549204  0.29403310  0.29403310  0.26044324  0.27704815  0.28549204  0.32026236  0.34745266  0.29403310  0.31141587  
10_0_0     0.38532896  0.43556579  0.00000000  0.00000000  0.00000000  0.04160722  0.28549204  0.29403310  0.29403310  0.26044324  0.27704815  0.28549204  0.32026236  0.34745266  0.29403310  0.31141587  
5_0_0      0.39510796  0.44603450  0.04160722  0.04160722  0.04160722  0.00000000  0.31141587  0.31141587  0.31141587  0.26044324  0.28549204  0.29403310  0.32921556  0.37567713  0.32026236  0.31141587  
7_0_0      0.34745266  0.44603450  0.28549204  0.28549204  0.28549204  0.31141587  0.00000000  0.00580297  0.00580297  0.20508802  0.19750669  0.20508802  0.45665299  0.42524270  0.42524270  0.45665299  
9_0_0      0.35674206  0.45665299  0.29403310  0.29403310  0.29403310  0.31141587  0.00580297  0.00000000  0.00000000  0.19750669  0.20508802  0.21274758  0.46742561  0.42524270  0.43556579  0.46742561  
13_0_0     0.35674206  0.45665299  0.29403310  0.29403310  0.29403310  0.31141587  0.00580297  0.00000000  0.00000000  0.19750669  0.20508802  0.21274758  0.46742561  0.42524270  0.43556579  0.46742561  
19_0_0     0.50071469  0.52376699  0.26044324  0.26044324  0.26044324  0.26044324  0.20508802  0.19750669  0.19750669  0.00000000  0.07922670  0.08568627  0.45665299  0.43556579  0.40501754  0.42524270  
8_0_0      0.48945161  0.53556732  0.27704815  0.27704815  0.27704815  0.28549204  0.19750669  0.20508802  0.20508802  0.07922670  0.00000000  0.01165168  0.40501754  0.47835690  0.39510796  0.44603450  
18_0_0     0.47835690  0.52376699  0.28549204  0.28549204  0.28549204  0.29403310  0.20508802  0.21274758  0.21274758  0.08568627  0.01165168  0.00000000  0.39510796  0.46742561  0.38532896  0.43556579  
15_0_0     0.41506123  0.45665299  0.32026236  0.32026236  0.32026236  0.32921556  0.45665299  0.46742561  0.46742561  0.45665299  0.40501754  0.39510796  0.00000000  0.26869926  0.09877656  0.20508802  
14_0_0     0.44603450  0.52376699  0.34745266  0.34745266  0.34745266  0.37567713  0.42524270  0.42524270  0.42524270  0.43556579  0.47835690  0.46742561  0.26869926  0.00000000  0.16793289  0.29403310  
6_0_0      0.42524270  0.46742561  0.29403310  0.29403310  0.29403310  0.32026236  0.42524270  0.43556579  0.43556579  0.40501754  0.39510796  0.38532896  0.09877656  0.16793289  0.00000000  0.17521659  
16_0_0     0.41506123  0.46742561  0.31141587  0.31141587  0.31141587  0.31141587  0.45665299  0.46742561  0.46742561  0.42524270  0.44603450  0.43556579  0.20508802  0.29403310  0.17521659  0.00000000  

