17
15_0_0     0.00000000  0.12287505  0.13365657  0.18423913  0.31792510  0.31792510  0.31792510  0.23857537  0.22001184  0.23857537  0.25121768  0.23857537  0.26408202  0.25121768  0.25121768  0.25121768  0.23857537  
6_0_0      0.12287505  0.00000000  0.02298119  0.10699460  0.23233511  0.23233511  0.23233511  0.19597032  0.20190713  0.16698725  0.16698725  0.15570767  0.21392708  0.20190713  0.20190713  0.20190713  0.16132575  
14_0_0     0.13365657  0.02298119  0.00000000  0.11754322  0.22001184  0.22001184  0.22001184  0.20190713  0.20190713  0.17269285  0.15570767  0.14459915  0.22614756  0.21392708  0.21392708  0.21392708  0.18423913  
16_0_0     0.18423913  0.10699460  0.11754322  0.00000000  0.27059991  0.27059991  0.27059991  0.25121768  0.24486925  0.16132575  0.18423913  0.17269285  0.19597032  0.18423913  0.18423913  0.19597032  0.21392708  
13_0_0     0.31792510  0.23233511  0.22001184  0.27059991  0.00000000  0.00000000  0.00000000  0.26408202  0.22001184  0.22001184  0.20789245  0.20190713  0.28381230  0.27717632  0.27717632  0.27717632  0.25762161  
9_0_0      0.31792510  0.23233511  0.22001184  0.27059991  0.00000000  0.00000000  0.00000000  0.26408202  0.22001184  0.22001184  0.20789245  0.20190713  0.28381230  0.27717632  0.27717632  0.27717632  0.25762161  
7_0_0      0.31792510  0.23233511  0.22001184  0.27059991  0.00000000  0.00000000  0.00000000  0.26408202  0.22001184  0.22001184  0.20789245  0.20190713  0.28381230  0.27717632  0.27717632  0.27717632  0.25762161  
18_0_0     0.23857537  0.19597032  0.20190713  0.25121768  0.26408202  0.26408202  0.26408202  0.00000000  0.05154552  0.11224992  0.21392708  0.20190713  0.22001184  0.20789245  0.20789245  0.20789245  0.20789245  
8_0_0      0.22001184  0.20190713  0.20190713  0.24486925  0.22001184  0.22001184  0.22001184  0.05154552  0.00000000  0.11754322  0.18423913  0.17269285  0.22001184  0.20789245  0.20789245  0.20789245  0.19008124  
19_0_0     0.23857537  0.16698725  0.17269285  0.16132575  0.22001184  0.22001184  0.22001184  0.11224992  0.11754322  0.00000000  0.13365657  0.12287505  0.15013235  0.13910743  0.13910743  0.15013235  0.15013235  
17_0_0     0.25121768  0.16698725  0.15570767  0.18423913  0.20789245  0.20789245  0.20789245  0.21392708  0.18423913  0.13365657  0.00000000  0.00910614  0.17269285  0.16132575  0.16132575  0.17269285  0.19008124  
11_0_0     0.23857537  0.15570767  0.14459915  0.17269285  0.20190713  0.20190713  0.20190713  0.20190713  0.17269285  0.12287505  0.00910614  0.00000000  0.17269285  0.16132575  0.16132575  0.17269285  0.17844324  
10_0_0     0.26408202  0.21392708  0.22614756  0.19597032  0.28381230  0.28381230  0.28381230  0.22001184  0.22001184  0.15013235  0.17269285  0.17269285  0.00000000  0.00910614  0.00910614  0.01832691  0.16698725  
12_0_0     0.25121768  0.20190713  0.21392708  0.18423913  0.27717632  0.27717632  0.27717632  0.20789245  0.20789245  0.13910743  0.16132575  0.16132575  0.00910614  0.00000000  0.00000000  0.00910614  0.16698725  
4_0_0      0.25121768  0.20190713  0.21392708  0.18423913  0.27717632  0.27717632  0.27717632  0.20789245  0.20789245  0.13910743  0.16132575  0.16132575  0.00910614  0.00000000  0.00000000  0.00910614  0.16698725  
5_0_0      0.25121768  0.20190713  0.21392708  0.19597032  0.27717632  0.27717632  0.27717632  0.20789245  0.20789245  0.15013235  0.17269285  0.17269285  0.01832691  0.00910614  0.00910614  0.00000000  0.16698725  
20_0_0     0.23857537  0.16132575  0.18423913  0.21392708  0.25762161  0.25762161  0.25762161  0.20789245  0.19008124  0.15013235  0.19008124  0.17844324  0.16698725  0.16698725  0.16698725  0.16698725  0.00000000  

