fastme_mat.p : 0.4683976173400879
fastme.f81 : 1.594127893447876
ba.exp : 16.99026656150818
pipeline_dl5087218 : 19.817926168441772
