fastme_mat.p : 0.4041129616990089
fastme.f81 : 0.848147689925909
ba.exp : 10.053808704368592
