17
1_0_0      0.00000000  0.11399218  0.12841316  0.12841316  0.11399218  0.11399218  0.10924993  0.09521142  0.10924993  0.10453933  0.09985997  0.09059328  0.10453933  0.09521142  0.16837488  0.13328638  0.12841316  
30_6_0     0.11399218  0.00000000  0.01225147  0.01225147  0.02471936  0.08600517  0.09059328  0.06794527  0.07241711  0.06794527  0.07241711  0.06350159  0.05908571  0.05908571  0.12357335  0.10924993  0.11399218  
30_8_0     0.12841316  0.01225147  0.00000000  0.02471936  0.03741146  0.09985997  0.10453933  0.08144669  0.08600517  0.08144669  0.08600517  0.07691746  0.07241711  0.07241711  0.12841316  0.11399218  0.11876651  
30_7_0     0.12841316  0.01225147  0.02471936  0.00000000  0.03741146  0.09985997  0.10453933  0.08144669  0.08600517  0.08144669  0.08600517  0.07691746  0.07241711  0.07241711  0.13819348  0.12357335  0.12841316  
30_5_0     0.11399218  0.02471936  0.03741146  0.03741146  0.00000000  0.08600517  0.08144669  0.06794527  0.07241711  0.06794527  0.07241711  0.06350159  0.06794527  0.05908571  0.14313494  0.11876651  0.12357335  
38_0_0     0.11399218  0.08600517  0.09985997  0.09985997  0.08600517  0.00000000  0.02053888  0.04169339  0.04600146  0.04169339  0.04600146  0.03741146  0.04169339  0.03315535  0.13819348  0.14313494  0.14811124  
12_0_0     0.10924993  0.09059328  0.10453933  0.10453933  0.08144669  0.02053888  0.00000000  0.04600146  0.05033598  0.04600146  0.05033598  0.04169339  0.04600146  0.03741146  0.14313494  0.13819348  0.14313494  
51_10_0    0.09521142  0.06794527  0.08144669  0.08144669  0.06794527  0.04169339  0.04600146  0.00000000  0.02053888  0.01638301  0.01225147  0.01225147  0.02471936  0.01638301  0.12357335  0.12357335  0.12841316  
51_12_0    0.10924993  0.07241711  0.08600517  0.08600517  0.07241711  0.04600146  0.05033598  0.02053888  0.00000000  0.00406024  0.01638301  0.02471936  0.03741146  0.02892475  0.13819348  0.12841316  0.13328638  
51_11_0    0.10453933  0.06794527  0.08144669  0.08144669  0.06794527  0.04169339  0.04600146  0.01638301  0.00406024  0.00000000  0.01225147  0.02053888  0.03315535  0.02471936  0.13328638  0.12357335  0.12841316  
51_0_0     0.09985997  0.07241711  0.08600517  0.08600517  0.07241711  0.04600146  0.05033598  0.01225147  0.01638301  0.01225147  0.00000000  0.01638301  0.02892475  0.02053888  0.12841316  0.12841316  0.13328638  
19_13_0    0.09059328  0.06350159  0.07691746  0.07691746  0.06350159  0.03741146  0.04169339  0.01225147  0.02471936  0.02053888  0.01638301  0.00000000  0.02053888  0.01225147  0.10924993  0.11876651  0.12357335  
44_0_0     0.10453933  0.05908571  0.07241711  0.07241711  0.06794527  0.04169339  0.04600146  0.02471936  0.03741146  0.03315535  0.02892475  0.02053888  0.00000000  0.00814397  0.10453933  0.13328638  0.13819348  
19_0_0     0.09521142  0.05908571  0.07241711  0.07241711  0.05908571  0.03315535  0.03741146  0.01638301  0.02892475  0.02471936  0.02053888  0.01225147  0.00814397  0.00000000  0.11399218  0.12357335  0.12841316  
69_0_0     0.16837488  0.12357335  0.12841316  0.13819348  0.14313494  0.13819348  0.14313494  0.12357335  0.13819348  0.13328638  0.12841316  0.10924993  0.10453933  0.11399218  0.00000000  0.15817034  0.16325417  
93_3_0     0.13328638  0.10924993  0.11399218  0.12357335  0.11876651  0.14313494  0.13819348  0.12357335  0.12841316  0.12357335  0.12841316  0.11876651  0.13328638  0.12357335  0.15817034  0.00000000  0.00406024  
96_3_0     0.12841316  0.11399218  0.11876651  0.12841316  0.12357335  0.14811124  0.14313494  0.12841316  0.13328638  0.12841316  0.13328638  0.12357335  0.13819348  0.12841316  0.16325417  0.00406024  0.00000000  

