6
9_0_0      0.00000000  0.04351173  0.36400753  0.52299189  0.51729096  0.51729096  
6_0_0      0.04351173  0.00000000  0.38744388  0.55217665  0.55815473  0.53452763  
21_0_0     0.36400753  0.38744388  0.00000000  0.46258089  0.50044780  0.51729096  
93_0_0     0.52299189  0.55217665  0.46258089  0.00000000  0.32799221  0.33239914  
84_0_0     0.51729096  0.55815473  0.50044780  0.32799221  0.00000000  0.03755975  
78_0_0     0.51729096  0.53452763  0.51729096  0.33239914  0.03755975  0.00000000  

