22
5_0_0      0.00000000  0.07569849  0.09593503  0.06907739  0.06907739  0.08912615  0.10974901  0.26476950  0.24767719  0.27347021  0.23098111  0.35690253  0.33750893  0.35690253  0.37683281  0.34714045  0.33750893  0.36679873  0.33750893  0.34714045  0.32800450  0.31862386  
4_0_0      0.07569849  0.00000000  0.01819189  0.03058022  0.03058022  0.07569849  0.09593503  0.26476950  0.24767719  0.22277600  0.28227732  0.35690253  0.33750893  0.31862386  0.40780207  0.38700865  0.35690253  0.38700865  0.35690253  0.36679873  0.36679873  0.35690253  
11_0_0     0.09593503  0.01819189  0.00000000  0.04957162  0.04957162  0.09593503  0.11675663  0.28227732  0.27347021  0.24767719  0.30936383  0.36679873  0.34714045  0.32800450  0.41842831  0.37683281  0.36679873  0.41842831  0.36679873  0.37683281  0.37683281  0.38700865  
12_0_0     0.06907739  0.03058022  0.04957162  0.00000000  0.00000000  0.06907739  0.08912615  0.27347021  0.25617265  0.23098111  0.29119345  0.36679873  0.34714045  0.34714045  0.41842831  0.37683281  0.34714045  0.39733033  0.36679873  0.36679873  0.37683281  0.33750893  
2_0_0      0.06907739  0.03058022  0.04957162  0.00000000  0.00000000  0.06907739  0.08912615  0.27347021  0.25617265  0.23098111  0.29119345  0.36679873  0.34714045  0.34714045  0.41842831  0.37683281  0.34714045  0.39733033  0.36679873  0.36679873  0.37683281  0.33750893  
8_0_0      0.08912615  0.07569849  0.09593503  0.06907739  0.06907739  0.00000000  0.04318535  0.30022134  0.28227732  0.25617265  0.28227732  0.41842831  0.39733033  0.37683281  0.45128137  0.42921368  0.39733033  0.42921368  0.35690253  0.36679873  0.38700865  0.35690253  
1_0_0      0.10974901  0.09593503  0.11675663  0.08912615  0.08912615  0.04318535  0.00000000  0.29119345  0.27347021  0.24767719  0.27347021  0.39733033  0.37683281  0.35690253  0.45128137  0.40780207  0.37683281  0.45128137  0.35690253  0.36679873  0.36679873  0.35690253  
3_0_0      0.26476950  0.26476950  0.28227732  0.27347021  0.27347021  0.30022134  0.29119345  0.00000000  0.02435942  0.08238103  0.33750893  0.41842831  0.39733033  0.37683281  0.38700865  0.35690253  0.37683281  0.38700865  0.37683281  0.38700865  0.41842831  0.41842831  
6_0_0      0.24767719  0.24767719  0.27347021  0.25617265  0.25617265  0.28227732  0.27347021  0.02435942  0.00000000  0.08238103  0.31862386  0.37683281  0.35690253  0.35690253  0.37683281  0.36679873  0.37683281  0.38700865  0.35690253  0.36679873  0.39733033  0.39733033  
9_0_0      0.27347021  0.22277600  0.24767719  0.23098111  0.23098111  0.25617265  0.24767719  0.08238103  0.08238103  0.00000000  0.31862386  0.36679873  0.34714045  0.32800450  0.40780207  0.36679873  0.35690253  0.35690253  0.36679873  0.37683281  0.39733033  0.38700865  
7_0_0      0.23098111  0.28227732  0.30936383  0.29119345  0.29119345  0.28227732  0.27347021  0.33750893  0.31862386  0.31862386  0.00000000  0.30936383  0.30936383  0.32800450  0.33750893  0.32800450  0.31862386  0.37683281  0.28227732  0.29119345  0.29119345  0.31862386  
19_0_0     0.35690253  0.35690253  0.36679873  0.36679873  0.36679873  0.41842831  0.39733033  0.41842831  0.37683281  0.36679873  0.30936383  0.00000000  0.01207673  0.04957162  0.08912615  0.08238103  0.07569849  0.13097981  0.10280890  0.10974901  0.13097981  0.11675663  
13_0_0     0.33750893  0.33750893  0.34714045  0.34714045  0.34714045  0.39733033  0.37683281  0.39733033  0.35690253  0.34714045  0.30936383  0.01207673  0.00000000  0.04957162  0.08912615  0.08238103  0.07569849  0.13097981  0.10280890  0.10974901  0.13097981  0.11675663  
20_0_0     0.35690253  0.31862386  0.32800450  0.34714045  0.34714045  0.37683281  0.35690253  0.37683281  0.35690253  0.32800450  0.32800450  0.04957162  0.04957162  0.00000000  0.13097981  0.12383311  0.11675663  0.16029756  0.10280890  0.10974901  0.13097981  0.11675663  
16_1_0     0.37683281  0.40780207  0.41842831  0.41842831  0.41842831  0.45128137  0.45128137  0.38700865  0.37683281  0.40780207  0.33750893  0.08912615  0.08912615  0.13097981  0.00000000  0.08912615  0.06907739  0.11675663  0.11675663  0.12383311  0.13819813  0.13097981  
13_1_0     0.34714045  0.38700865  0.37683281  0.37683281  0.37683281  0.42921368  0.40780207  0.35690253  0.36679873  0.36679873  0.32800450  0.08238103  0.08238103  0.12383311  0.08912615  0.00000000  0.01819189  0.13097981  0.10974901  0.11675663  0.15285549  0.14548952  
19_1_0     0.33750893  0.35690253  0.36679873  0.34714045  0.34714045  0.39733033  0.37683281  0.37683281  0.37683281  0.35690253  0.31862386  0.07569849  0.07569849  0.11675663  0.06907739  0.01819189  0.00000000  0.10974901  0.10280890  0.10974901  0.14548952  0.12383311  
20_1_0     0.36679873  0.38700865  0.41842831  0.39733033  0.39733033  0.42921368  0.45128137  0.38700865  0.38700865  0.35690253  0.37683281  0.13097981  0.13097981  0.16029756  0.11675663  0.13097981  0.10974901  0.00000000  0.15285549  0.16029756  0.18309660  0.15285549  
17_0_0     0.33750893  0.35690253  0.36679873  0.36679873  0.36679873  0.35690253  0.35690253  0.37683281  0.35690253  0.36679873  0.28227732  0.10280890  0.10280890  0.10280890  0.11675663  0.10974901  0.10280890  0.15285549  0.00000000  0.00601305  0.06251660  0.07569849  
15_0_0     0.34714045  0.36679873  0.37683281  0.36679873  0.36679873  0.36679873  0.36679873  0.38700865  0.36679873  0.37683281  0.29119345  0.10974901  0.10974901  0.10974901  0.12383311  0.11675663  0.10974901  0.16029756  0.00601305  0.00000000  0.06907739  0.08238103  
18_0_0     0.32800450  0.36679873  0.37683281  0.37683281  0.37683281  0.38700865  0.36679873  0.41842831  0.39733033  0.39733033  0.29119345  0.13097981  0.13097981  0.13097981  0.13819813  0.15285549  0.14548952  0.18309660  0.06251660  0.06907739  0.00000000  0.08912615  
14_0_0     0.31862386  0.35690253  0.38700865  0.33750893  0.33750893  0.35690253  0.35690253  0.41842831  0.39733033  0.38700865  0.31862386  0.11675663  0.11675663  0.11675663  0.13097981  0.14548952  0.12383311  0.15285549  0.07569849  0.08238103  0.08912615  0.00000000  

