147
24_0_0     0.00000000  0.02410021  0.02819364  0.02410021  0.03230964  0.03230964  0.07914957  0.08355713  0.07914957  0.08355713  0.05749379  0.05323700  0.26253325  0.24039273  0.25693627  0.26253325  0.26817251  0.30293287  0.27958043  0.29702593  0.35195013  0.34564408  0.34564408  0.37772080  0.22420781  0.27385468  0.25138093  0.24039273  0.28535043  0.23495868  0.24039273  0.25693627  0.24039273  0.23495868  0.23495868  0.22420781  0.22956390  0.24586662  0.24039273  0.25138093  0.29116536  0.25693627  0.26817251  0.27385468  0.29116536  0.25693627  0.33939084  0.24039273  0.22420781  0.30293287  0.31488882  0.31488882  0.27385468  0.27958043  0.29116536  0.27385468  0.28535043  0.27958043  0.26253325  0.27385468  0.25693627  0.25138093  0.22956390  0.24039273  0.24039273  0.27385468  0.24039273  0.23495868  0.24039273  0.23495868  0.24039273  0.24039273  0.33318955  0.32703933  0.33318955  0.32703933  0.33318955  0.31488882  0.34564408  0.33939084  0.32703933  0.29702593  0.32093936  0.28535043  0.27385468  0.27385468  0.27958043  0.24586662  0.25138093  0.25693627  0.28535043  0.24586662  0.24586662  0.25693627  0.25138093  0.25138093  0.27385468  0.26817251  0.26817251  0.27958043  0.31488882  0.29702593  0.31488882  0.29116536  0.29702593  0.24039273  0.26817251  0.22956390  0.21888987  0.21888987  0.22420781  0.22956390  0.22420781  0.24586662  0.22956390  0.22956390  0.24039273  0.22420781  0.21888987  0.20315961  0.20836630  0.20836630  0.20315961  0.19285391  0.21888987  0.19285391  0.19798898  0.19798898  0.18775392  0.20315961  0.21888987  0.21888987  0.19798898  0.25693627  0.25693627  0.25693627  0.25138093  0.25693627  0.26253325  0.26253325  0.25138093  0.25693627  0.27958043  0.27958043  0.27958043  0.24586662  0.24039273  
13_0_0     0.02410021  0.00000000  0.02002910  0.02410021  0.03230964  0.03230964  0.07914957  0.07476788  0.08799087  0.08355713  0.07476788  0.07041175  0.25138093  0.24039273  0.25693627  0.26253325  0.26817251  0.27385468  0.28535043  0.27958043  0.35195013  0.34564408  0.34564408  0.37772080  0.22956390  0.28535043  0.25693627  0.25693627  0.30293287  0.24039273  0.24586662  0.26253325  0.23495868  0.24039273  0.24039273  0.22956390  0.23495868  0.24039273  0.24586662  0.26817251  0.28535043  0.27385468  0.27385468  0.27958043  0.29702593  0.26253325  0.33318955  0.25693627  0.24039273  0.29702593  0.30888691  0.30888691  0.26817251  0.27385468  0.28535043  0.29116536  0.30293287  0.26253325  0.26817251  0.27958043  0.26253325  0.25693627  0.22420781  0.24586662  0.24586662  0.26817251  0.24586662  0.24039273  0.24586662  0.24039273  0.24586662  0.24586662  0.32703933  0.32093936  0.32703933  0.32093936  0.32703933  0.32093936  0.33939084  0.33318955  0.33318955  0.29116536  0.32703933  0.27958043  0.29116536  0.29116536  0.28535043  0.26253325  0.26817251  0.27385468  0.29702593  0.25138093  0.26253325  0.26253325  0.24586662  0.25693627  0.29116536  0.27385468  0.27385468  0.28535043  0.30888691  0.29116536  0.30888691  0.27385468  0.29116536  0.25693627  0.28535043  0.24586662  0.23495868  0.24586662  0.25138093  0.24586662  0.24039273  0.25138093  0.24586662  0.24586662  0.24586662  0.24039273  0.23495868  0.20836630  0.21360955  0.21360955  0.20836630  0.19798898  0.21360955  0.19798898  0.21360955  0.21360955  0.21360955  0.22956390  0.23495868  0.23495868  0.21360955  0.27385468  0.26253325  0.27385468  0.26817251  0.27385468  0.25693627  0.26817251  0.25693627  0.26253325  0.28535043  0.28535043  0.28535043  0.24586662  0.24586662  
1_0_0      0.02819364  0.02002910  0.00000000  0.01195287  0.02002910  0.02002910  0.07476788  0.07041175  0.08355713  0.07914957  0.07914957  0.08355713  0.27958043  0.25693627  0.27385468  0.25693627  0.26253325  0.29116536  0.30293287  0.29702593  0.34564408  0.33939084  0.33939084  0.35830989  0.22420781  0.26817251  0.25138093  0.24039273  0.29702593  0.24586662  0.25138093  0.26817251  0.25138093  0.24586662  0.24586662  0.23495868  0.24039273  0.25693627  0.25138093  0.27385468  0.30293287  0.29116536  0.27958043  0.28535043  0.30293287  0.26817251  0.36472428  0.26253325  0.24586662  0.31488882  0.32703933  0.32703933  0.28535043  0.29116536  0.30293287  0.29702593  0.30888691  0.29116536  0.29702593  0.28535043  0.26817251  0.26253325  0.24039273  0.26253325  0.26253325  0.29702593  0.26253325  0.25693627  0.26253325  0.25693627  0.26253325  0.26253325  0.33939084  0.32703933  0.34564408  0.33939084  0.34564408  0.32703933  0.35830989  0.35195013  0.33939084  0.32093936  0.33318955  0.29702593  0.28535043  0.28535043  0.27958043  0.25693627  0.26253325  0.27958043  0.30293287  0.24586662  0.25693627  0.25693627  0.25138093  0.25138093  0.29702593  0.27958043  0.27958043  0.27958043  0.31488882  0.29702593  0.31488882  0.26817251  0.29702593  0.25138093  0.27958043  0.24039273  0.25138093  0.25138093  0.25693627  0.25138093  0.24586662  0.26817251  0.25138093  0.25138093  0.26253325  0.24586662  0.24039273  0.21360955  0.21888987  0.21888987  0.21360955  0.21360955  0.22956390  0.20315961  0.21888987  0.21888987  0.20836630  0.23495868  0.24039273  0.24039273  0.22956390  0.24586662  0.25693627  0.25693627  0.25138093  0.25693627  0.25138093  0.25138093  0.24039273  0.24586662  0.27958043  0.27958043  0.27958043  0.25138093  0.25138093  
3_0_0      0.02410021  0.02410021  0.01195287  0.00000000  0.01598007  0.01598007  0.07914957  0.07476788  0.07914957  0.07476788  0.06608088  0.07041175  0.27385468  0.25138093  0.26817251  0.26253325  0.25693627  0.28535043  0.28535043  0.29116536  0.35195013  0.34564408  0.34564408  0.36472428  0.21888987  0.27385468  0.24586662  0.23495868  0.27958043  0.25138093  0.25693627  0.27385468  0.25693627  0.25138093  0.25138093  0.24039273  0.24586662  0.26253325  0.25693627  0.26817251  0.29702593  0.27385468  0.27385468  0.27958043  0.29702593  0.27385468  0.34564408  0.24586662  0.22956390  0.32093936  0.33318955  0.33318955  0.29116536  0.29702593  0.30888691  0.29116536  0.30293287  0.28535043  0.27958043  0.27958043  0.26253325  0.25693627  0.22420781  0.24586662  0.24586662  0.27958043  0.25693627  0.25138093  0.24586662  0.24039273  0.24586662  0.24586662  0.33318955  0.32093936  0.32703933  0.32093936  0.32703933  0.30888691  0.33939084  0.33318955  0.32093936  0.30293287  0.32703933  0.29116536  0.26817251  0.26817251  0.27385468  0.24039273  0.24586662  0.26253325  0.29116536  0.24039273  0.24039273  0.24039273  0.23495868  0.23495868  0.27958043  0.26253325  0.26253325  0.27385468  0.29702593  0.27958043  0.29702593  0.27385468  0.27958043  0.23495868  0.26253325  0.23495868  0.23495868  0.23495868  0.24039273  0.23495868  0.22956390  0.25138093  0.23495868  0.23495868  0.24586662  0.22956390  0.22420781  0.20836630  0.21360955  0.21360955  0.21888987  0.20836630  0.23495868  0.19798898  0.21360955  0.21360955  0.20315961  0.21888987  0.23495868  0.23495868  0.21360955  0.25138093  0.26253325  0.25138093  0.24586662  0.25138093  0.25693627  0.25693627  0.24586662  0.25138093  0.28535043  0.28535043  0.28535043  0.24586662  0.24586662  
14_0_0     0.03230964  0.03230964  0.02002910  0.01598007  0.00000000  0.01598007  0.08799087  0.08355713  0.07914957  0.07476788  0.08355713  0.08799087  0.29702593  0.27385468  0.26817251  0.25138093  0.24586662  0.30888691  0.27385468  0.27958043  0.33939084  0.34564408  0.32093936  0.33939084  0.22956390  0.27385468  0.25693627  0.25693627  0.29702593  0.25693627  0.26253325  0.27958043  0.26253325  0.25693627  0.25693627  0.24586662  0.25138093  0.26817251  0.26253325  0.27958043  0.29116536  0.28535043  0.27385468  0.27958043  0.29702593  0.27385468  0.35830989  0.26817251  0.25138093  0.33318955  0.34564408  0.34564408  0.31488882  0.32093936  0.30888691  0.30293287  0.31488882  0.28535043  0.29116536  0.29116536  0.27385468  0.26817251  0.23495868  0.24586662  0.24586662  0.29116536  0.25693627  0.25138093  0.25693627  0.25138093  0.25693627  0.25693627  0.33318955  0.32093936  0.32703933  0.32093936  0.33318955  0.30888691  0.33939084  0.33318955  0.32093936  0.31488882  0.33939084  0.29116536  0.27958043  0.27958043  0.28535043  0.26253325  0.26817251  0.27385468  0.30293287  0.24039273  0.25138093  0.25138093  0.24586662  0.24586662  0.27958043  0.27385468  0.27385468  0.27385468  0.29702593  0.27958043  0.29702593  0.27385468  0.27958043  0.24586662  0.27385468  0.24586662  0.25693627  0.25693627  0.26253325  0.25693627  0.25138093  0.27385468  0.25693627  0.24586662  0.25693627  0.25138093  0.24586662  0.21888987  0.22420781  0.22420781  0.21888987  0.22956390  0.23495868  0.20836630  0.22420781  0.22420781  0.21360955  0.21888987  0.23495868  0.23495868  0.21360955  0.24039273  0.25138093  0.25138093  0.24586662  0.25138093  0.25693627  0.25693627  0.24586662  0.25138093  0.28535043  0.28535043  0.27385468  0.25693627  0.25693627  
20_0_0     0.03230964  0.03230964  0.02002910  0.01598007  0.01598007  0.00000000  0.08799087  0.08355713  0.08799087  0.08355713  0.07476788  0.08799087  0.29702593  0.27385468  0.27958043  0.26253325  0.26817251  0.30888691  0.28535043  0.29116536  0.36472428  0.35830989  0.34564408  0.35195013  0.24039273  0.28535043  0.25693627  0.24586662  0.29116536  0.24039273  0.24586662  0.26253325  0.24586662  0.24039273  0.24039273  0.22956390  0.23495868  0.26253325  0.24586662  0.29116536  0.31488882  0.29702593  0.29702593  0.30293287  0.32093936  0.29702593  0.37119426  0.26817251  0.25138093  0.33318955  0.35830989  0.34564408  0.31488882  0.32093936  0.30888691  0.30293287  0.31488882  0.29702593  0.29116536  0.29116536  0.27385468  0.27958043  0.24586662  0.26817251  0.26817251  0.30293287  0.26817251  0.26253325  0.26817251  0.26253325  0.26817251  0.26817251  0.34564408  0.33318955  0.33939084  0.33318955  0.33939084  0.32093936  0.35195013  0.34564408  0.33318955  0.32703933  0.35195013  0.30293287  0.27958043  0.27958043  0.28535043  0.25138093  0.25693627  0.27385468  0.30293287  0.24039273  0.25138093  0.25138093  0.24586662  0.24586662  0.29116536  0.27385468  0.27385468  0.28535043  0.29702593  0.27958043  0.29702593  0.27385468  0.27958043  0.25693627  0.28535043  0.24586662  0.24586662  0.24586662  0.25138093  0.25693627  0.25138093  0.26253325  0.25693627  0.24586662  0.26817251  0.25138093  0.24586662  0.22956390  0.23495868  0.23495868  0.22956390  0.22956390  0.24586662  0.20836630  0.23495868  0.23495868  0.22420781  0.24039273  0.23495868  0.23495868  0.23495868  0.26253325  0.27385468  0.26253325  0.25693627  0.26253325  0.26817251  0.27958043  0.26817251  0.27385468  0.29702593  0.29702593  0.29702593  0.25693627  0.25693627  
18_1_0     0.07914957  0.07914957  0.07476788  0.07914957  0.08799087  0.08799087  0.00000000  0.00396307  0.04061033  0.04479554  0.11516081  0.11978683  0.28535043  0.27385468  0.27958043  0.29116536  0.29702593  0.34564408  0.34564408  0.33318955  0.36472428  0.35830989  0.35830989  0.37119426  0.26817251  0.32093936  0.29702593  0.26253325  0.32093936  0.26817251  0.26253325  0.27958043  0.27385468  0.24586662  0.24586662  0.25693627  0.26253325  0.27958043  0.27385468  0.29116536  0.33318955  0.30888691  0.31488882  0.32093936  0.33939084  0.30293287  0.36472428  0.27385468  0.26817251  0.33318955  0.35195013  0.35195013  0.29702593  0.30293287  0.33939084  0.33939084  0.35195013  0.31488882  0.31488882  0.31488882  0.29116536  0.29702593  0.27958043  0.29116536  0.29116536  0.32093936  0.29116536  0.28535043  0.29116536  0.29702593  0.29116536  0.29116536  0.34564408  0.33318955  0.33939084  0.34564408  0.35195013  0.33318955  0.36472428  0.35830989  0.33318955  0.32703933  0.35830989  0.30888691  0.27958043  0.27958043  0.27958043  0.27385468  0.26817251  0.29702593  0.29702593  0.27958043  0.30293287  0.30293287  0.29702593  0.29702593  0.31488882  0.32093936  0.32093936  0.32093936  0.34564408  0.32703933  0.33318955  0.30888691  0.32703933  0.26817251  0.30293287  0.26817251  0.27958043  0.27958043  0.28535043  0.27958043  0.27385468  0.29702593  0.27958043  0.27958043  0.29116536  0.27385468  0.26817251  0.22956390  0.23495868  0.23495868  0.22956390  0.22956390  0.23495868  0.22420781  0.26817251  0.26817251  0.26253325  0.28535043  0.26817251  0.26817251  0.25138093  0.27958043  0.29116536  0.27385468  0.27958043  0.28535043  0.27385468  0.27385468  0.25138093  0.25693627  0.29116536  0.29116536  0.30293287  0.27958043  0.27958043  
7_1_0      0.08355713  0.07476788  0.07041175  0.07476788  0.08355713  0.08355713  0.00396307  0.00000000  0.03644845  0.04061033  0.11978683  0.12444170  0.28535043  0.27385468  0.27958043  0.29116536  0.29702593  0.34564408  0.34564408  0.33318955  0.36472428  0.35830989  0.35830989  0.37119426  0.26817251  0.32093936  0.29702593  0.26253325  0.32093936  0.26817251  0.26253325  0.27958043  0.27385468  0.24586662  0.24586662  0.25693627  0.26253325  0.27958043  0.27385468  0.29116536  0.33318955  0.30888691  0.31488882  0.32093936  0.33939084  0.30293287  0.36472428  0.27385468  0.26817251  0.33318955  0.35195013  0.35195013  0.29702593  0.30293287  0.33939084  0.33939084  0.35195013  0.31488882  0.31488882  0.31488882  0.29116536  0.29702593  0.27958043  0.29116536  0.29116536  0.32093936  0.29116536  0.28535043  0.29116536  0.29702593  0.29116536  0.29116536  0.34564408  0.33318955  0.33939084  0.34564408  0.35195013  0.33318955  0.36472428  0.35830989  0.33318955  0.32703933  0.35830989  0.30888691  0.27958043  0.27958043  0.27958043  0.27385468  0.26817251  0.29702593  0.29702593  0.27958043  0.30293287  0.30293287  0.29702593  0.29702593  0.31488882  0.32093936  0.32093936  0.32093936  0.34564408  0.32703933  0.33318955  0.30888691  0.32703933  0.26817251  0.30293287  0.26817251  0.27958043  0.27958043  0.28535043  0.27958043  0.27385468  0.29702593  0.27958043  0.27958043  0.29116536  0.27385468  0.26817251  0.22956390  0.23495868  0.23495868  0.22956390  0.22956390  0.23495868  0.22420781  0.26817251  0.26817251  0.26253325  0.28535043  0.26817251  0.26817251  0.25138093  0.27958043  0.29116536  0.27385468  0.27958043  0.28535043  0.27385468  0.27385468  0.25138093  0.25693627  0.29116536  0.29116536  0.30293287  0.27958043  0.27958043  
7_0_0      0.07914957  0.08799087  0.08355713  0.07914957  0.07914957  0.08799087  0.04061033  0.03644845  0.00000000  0.01195287  0.11516081  0.11056327  0.28535043  0.27385468  0.27958043  0.29116536  0.29702593  0.34564408  0.33939084  0.33939084  0.34564408  0.35195013  0.33939084  0.36472428  0.28535043  0.33318955  0.31488882  0.27385468  0.31488882  0.27958043  0.28535043  0.30293287  0.28535043  0.26817251  0.26817251  0.26817251  0.27385468  0.29116536  0.28535043  0.28535043  0.31488882  0.29116536  0.29702593  0.30293287  0.29702593  0.29702593  0.35830989  0.25693627  0.27385468  0.32703933  0.35830989  0.35830989  0.32703933  0.33318955  0.32093936  0.32093936  0.33318955  0.33939084  0.29702593  0.33939084  0.32093936  0.31488882  0.25138093  0.27385468  0.27385468  0.30293287  0.25138093  0.24586662  0.26253325  0.27958043  0.27385468  0.27385468  0.35195013  0.33939084  0.33318955  0.33939084  0.35195013  0.30888691  0.34564408  0.33939084  0.31488882  0.32093936  0.33939084  0.29116536  0.27958043  0.27958043  0.27958043  0.26817251  0.26253325  0.26817251  0.28535043  0.25138093  0.27385468  0.27385468  0.26817251  0.26817251  0.29702593  0.30293287  0.30293287  0.30293287  0.35195013  0.33318955  0.33939084  0.32703933  0.33318955  0.27385468  0.30888691  0.27385468  0.28535043  0.28535043  0.29116536  0.28535043  0.27958043  0.30293287  0.29702593  0.29702593  0.28535043  0.26817251  0.27385468  0.24586662  0.25138093  0.25138093  0.24586662  0.24586662  0.25138093  0.24039273  0.25138093  0.25138093  0.24586662  0.27958043  0.27385468  0.27385468  0.24586662  0.28535043  0.29702593  0.27958043  0.28535043  0.29116536  0.30293287  0.29116536  0.26817251  0.27385468  0.30888691  0.30888691  0.30888691  0.28535043  0.27385468  
18_0_0     0.08355713  0.08355713  0.07914957  0.07476788  0.07476788  0.08355713  0.04479554  0.04061033  0.01195287  0.00000000  0.10145226  0.10599387  0.29116536  0.27958043  0.28535043  0.28535043  0.27958043  0.33939084  0.34564408  0.32093936  0.32703933  0.33318955  0.32093936  0.35830989  0.27958043  0.33318955  0.30888691  0.27958043  0.32093936  0.28535043  0.29116536  0.30888691  0.29116536  0.27385468  0.27385468  0.27385468  0.27958043  0.29702593  0.29116536  0.29116536  0.32093936  0.29702593  0.29116536  0.29702593  0.29116536  0.30293287  0.35195013  0.26253325  0.27958043  0.34564408  0.35195013  0.35195013  0.33318955  0.33939084  0.32703933  0.32703933  0.33939084  0.32093936  0.29116536  0.32093936  0.30293287  0.29702593  0.23495868  0.25693627  0.25693627  0.28535043  0.24586662  0.24039273  0.24586662  0.26253325  0.25693627  0.25693627  0.34564408  0.33318955  0.32703933  0.33318955  0.34564408  0.31488882  0.33939084  0.33318955  0.30888691  0.31488882  0.33318955  0.27385468  0.26253325  0.26253325  0.26253325  0.25138093  0.24586662  0.25138093  0.27958043  0.23495868  0.25693627  0.25693627  0.25138093  0.25138093  0.29116536  0.30888691  0.30888691  0.29702593  0.34564408  0.32703933  0.33318955  0.32093936  0.32703933  0.26817251  0.30293287  0.27958043  0.29116536  0.29116536  0.29702593  0.27958043  0.27385468  0.29702593  0.29116536  0.29116536  0.27958043  0.26253325  0.26817251  0.24039273  0.24586662  0.24586662  0.24039273  0.25138093  0.25693627  0.23495868  0.25693627  0.25693627  0.25138093  0.28535043  0.27958043  0.27958043  0.25138093  0.30293287  0.31488882  0.28535043  0.29116536  0.29702593  0.30888691  0.29702593  0.27385468  0.27958043  0.32703933  0.32703933  0.32703933  0.27958043  0.27958043  
22_0_0     0.05749379  0.07476788  0.07914957  0.06608088  0.08355713  0.07476788  0.11516081  0.11978683  0.11516081  0.10145226  0.00000000  0.01195287  0.26253325  0.25138093  0.26817251  0.25138093  0.26817251  0.28535043  0.29116536  0.27385468  0.35195013  0.34564408  0.34564408  0.36472428  0.24586662  0.27958043  0.26253325  0.23495868  0.27958043  0.23495868  0.25138093  0.26817251  0.24039273  0.23495868  0.23495868  0.22420781  0.22956390  0.26817251  0.24039273  0.28535043  0.32703933  0.27958043  0.26817251  0.27385468  0.29116536  0.27958043  0.32703933  0.26253325  0.25693627  0.31488882  0.32703933  0.32703933  0.28535043  0.29116536  0.29116536  0.30888691  0.30888691  0.27385468  0.25693627  0.25693627  0.24039273  0.23495868  0.20836630  0.21888987  0.21888987  0.25138093  0.24039273  0.24586662  0.22956390  0.22420781  0.21888987  0.22956390  0.33318955  0.32703933  0.32093936  0.31488882  0.32093936  0.31488882  0.33318955  0.32703933  0.31488882  0.29702593  0.32093936  0.28535043  0.26253325  0.26253325  0.25693627  0.22420781  0.22956390  0.23495868  0.25138093  0.23495868  0.22420781  0.23495868  0.22420781  0.22420781  0.25138093  0.26253325  0.26253325  0.29702593  0.29702593  0.27958043  0.28535043  0.27385468  0.27958043  0.24039273  0.26817251  0.24039273  0.22956390  0.21888987  0.22420781  0.22956390  0.22420781  0.22420781  0.22956390  0.24039273  0.24039273  0.22420781  0.21888987  0.21360955  0.21888987  0.21888987  0.22420781  0.21360955  0.24039273  0.19285391  0.24039273  0.24039273  0.22956390  0.24586662  0.25138093  0.25138093  0.22956390  0.26817251  0.26817251  0.24586662  0.25138093  0.25693627  0.24039273  0.25138093  0.24039273  0.24586662  0.26817251  0.26817251  0.26817251  0.24586662  0.24039273  
6_0_0      0.05323700  0.07041175  0.08355713  0.07041175  0.08799087  0.08799087  0.11978683  0.12444170  0.11056327  0.10599387  0.01195287  0.00000000  0.24586662  0.24586662  0.26253325  0.25693627  0.27385468  0.27958043  0.28535043  0.27958043  0.35830989  0.35195013  0.35195013  0.38430489  0.25138093  0.29116536  0.26817251  0.22956390  0.27385468  0.25138093  0.26817251  0.28535043  0.24586662  0.25138093  0.25138093  0.24039273  0.24586662  0.26253325  0.25693627  0.27958043  0.30888691  0.27385468  0.26253325  0.26817251  0.28535043  0.27385468  0.32093936  0.25693627  0.25138093  0.29702593  0.30888691  0.30888691  0.26817251  0.27385468  0.28535043  0.31488882  0.31488882  0.26817251  0.25138093  0.27385468  0.25693627  0.24039273  0.20315961  0.21360955  0.21360955  0.24586662  0.22420781  0.22956390  0.22420781  0.21888987  0.21360955  0.22420781  0.33939084  0.33318955  0.32703933  0.32093936  0.32703933  0.32093936  0.33939084  0.33318955  0.33318955  0.29116536  0.32703933  0.29116536  0.27958043  0.27958043  0.27385468  0.24039273  0.24586662  0.25138093  0.26817251  0.25138093  0.24039273  0.25138093  0.24039273  0.24039273  0.26817251  0.25693627  0.25693627  0.27958043  0.30293287  0.28535043  0.29116536  0.27958043  0.28535043  0.24586662  0.27385468  0.24586662  0.22420781  0.22420781  0.22956390  0.23495868  0.22956390  0.22956390  0.23495868  0.24586662  0.24586662  0.22956390  0.22420781  0.21888987  0.22420781  0.22420781  0.22956390  0.19798898  0.24586662  0.19798898  0.23495868  0.23495868  0.22420781  0.24039273  0.25693627  0.25693627  0.22420781  0.26253325  0.26253325  0.25138093  0.25693627  0.26253325  0.24586662  0.25693627  0.24586662  0.25138093  0.26253325  0.26253325  0.26253325  0.26253325  0.24586662  
66_0_0     0.26253325  0.25138093  0.27958043  0.27385468  0.29702593  0.29702593  0.28535043  0.28535043  0.28535043  0.29116536  0.26253325  0.24586662  0.00000000  0.04479554  0.06177499  0.16276375  0.16276375  0.16769532  0.23495868  0.21360955  0.30293287  0.29702593  0.29702593  0.31488882  0.21360955  0.24586662  0.22956390  0.21360955  0.25693627  0.21888987  0.22956390  0.23495868  0.21360955  0.22956390  0.22956390  0.20836630  0.22420781  0.20315961  0.21360955  0.24039273  0.24586662  0.22420781  0.24039273  0.24586662  0.24586662  0.21360955  0.28535043  0.23495868  0.21888987  0.25138093  0.23495868  0.22420781  0.24039273  0.23495868  0.21360955  0.25693627  0.25693627  0.27385468  0.25138093  0.25693627  0.23495868  0.22956390  0.21888987  0.21360955  0.21360955  0.23495868  0.24039273  0.23495868  0.23495868  0.21360955  0.22420781  0.22420781  0.26817251  0.27958043  0.25693627  0.27385468  0.27385468  0.27958043  0.28535043  0.27958043  0.25693627  0.26253325  0.26817251  0.26253325  0.25138093  0.25138093  0.26253325  0.24039273  0.24586662  0.23495868  0.25138093  0.25693627  0.25138093  0.24586662  0.24039273  0.24039273  0.23495868  0.25693627  0.25693627  0.26817251  0.27385468  0.27958043  0.26817251  0.28535043  0.27958043  0.22420781  0.25693627  0.24586662  0.20836630  0.21888987  0.22420781  0.24586662  0.24039273  0.24586662  0.24586662  0.25138093  0.24039273  0.22420781  0.22956390  0.18268853  0.18268853  0.17765727  0.18268853  0.16769532  0.17765727  0.18268853  0.17265968  0.17265968  0.17265968  0.21888987  0.24586662  0.23495868  0.19798898  0.23495868  0.22420781  0.24039273  0.23495868  0.24039273  0.22956390  0.25138093  0.22956390  0.22420781  0.23495868  0.23495868  0.22420781  0.21888987  0.18775392  
55_0_0     0.24039273  0.24039273  0.25693627  0.25138093  0.27385468  0.27385468  0.27385468  0.27385468  0.27385468  0.27958043  0.25138093  0.24586662  0.04479554  0.00000000  0.04900434  0.15786455  0.15786455  0.16276375  0.20836630  0.18775392  0.28535043  0.27958043  0.27958043  0.32093936  0.19798898  0.24039273  0.22420781  0.19798898  0.22956390  0.20315961  0.21360955  0.21888987  0.20836630  0.21360955  0.21360955  0.19285391  0.20836630  0.19798898  0.19798898  0.23495868  0.25138093  0.21888987  0.21360955  0.21888987  0.22956390  0.19798898  0.29116536  0.22956390  0.21360955  0.25693627  0.24039273  0.22956390  0.22956390  0.22420781  0.21360955  0.22956390  0.22956390  0.26253325  0.24039273  0.24586662  0.21360955  0.20836630  0.20315961  0.20836630  0.20836630  0.22956390  0.23495868  0.22956390  0.22956390  0.19798898  0.20836630  0.20836630  0.27385468  0.28535043  0.27385468  0.26817251  0.27958043  0.28535043  0.27958043  0.27385468  0.25138093  0.24586662  0.24039273  0.25693627  0.23495868  0.23495868  0.24586662  0.22420781  0.22956390  0.21888987  0.24586662  0.24039273  0.22420781  0.21888987  0.22420781  0.22420781  0.21888987  0.25138093  0.25138093  0.25138093  0.25693627  0.26253325  0.26253325  0.25693627  0.26253325  0.20836630  0.24039273  0.22956390  0.20315961  0.20315961  0.20836630  0.22956390  0.22420781  0.24039273  0.22956390  0.23495868  0.22420781  0.20836630  0.21360955  0.15786455  0.15786455  0.15299727  0.15786455  0.15299727  0.16276375  0.15786455  0.14816152  0.14816152  0.14816152  0.21360955  0.24039273  0.22956390  0.17265968  0.19798898  0.18775392  0.20315961  0.19798898  0.20315961  0.20315961  0.22420781  0.20315961  0.19798898  0.21888987  0.21888987  0.20836630  0.19285391  0.17265968  
29_0_0     0.25693627  0.25693627  0.27385468  0.26817251  0.26817251  0.27958043  0.27958043  0.27958043  0.27958043  0.28535043  0.26817251  0.26253325  0.06177499  0.04900434  0.00000000  0.11056327  0.12912576  0.17765727  0.19798898  0.17765727  0.27385468  0.27958043  0.26817251  0.32093936  0.18775392  0.22956390  0.20315961  0.19798898  0.22420781  0.19798898  0.20836630  0.22420781  0.20315961  0.20836630  0.20836630  0.18775392  0.19798898  0.21360955  0.20315961  0.20315961  0.22420781  0.18775392  0.19285391  0.19798898  0.20836630  0.16769532  0.26817251  0.20836630  0.18268853  0.25693627  0.24039273  0.22956390  0.20836630  0.20315961  0.19285391  0.23495868  0.23495868  0.24039273  0.21888987  0.22420781  0.19285391  0.18775392  0.20315961  0.20836630  0.20836630  0.22956390  0.22420781  0.21888987  0.21888987  0.19798898  0.19798898  0.19798898  0.25138093  0.26253325  0.25138093  0.24586662  0.27385468  0.26817251  0.25693627  0.25138093  0.24039273  0.25693627  0.25138093  0.24586662  0.22420781  0.22420781  0.23495868  0.22420781  0.22956390  0.21888987  0.23495868  0.22956390  0.22420781  0.21888987  0.22420781  0.22420781  0.20836630  0.22956390  0.22956390  0.21888987  0.21360955  0.21888987  0.21888987  0.23495868  0.21888987  0.19798898  0.22956390  0.20836630  0.20315961  0.20315961  0.20836630  0.21888987  0.21360955  0.24039273  0.22956390  0.22420781  0.21360955  0.21888987  0.21360955  0.13858298  0.14816152  0.13383940  0.13858298  0.14335689  0.14335689  0.13858298  0.13858298  0.13858298  0.13858298  0.19285391  0.20836630  0.20836630  0.15299727  0.17765727  0.16769532  0.17265968  0.16769532  0.17265968  0.18268853  0.20315961  0.18268853  0.17765727  0.18775392  0.18775392  0.17765727  0.17265968  0.14335689  
51_0_0     0.26253325  0.26253325  0.25693627  0.26253325  0.25138093  0.26253325  0.29116536  0.29116536  0.29116536  0.28535043  0.25138093  0.25693627  0.16276375  0.15786455  0.11056327  0.00000000  0.07476788  0.20836630  0.22956390  0.22956390  0.29116536  0.29702593  0.28535043  0.29116536  0.26253325  0.26253325  0.26817251  0.24039273  0.29116536  0.23495868  0.24586662  0.26253325  0.24039273  0.23495868  0.23495868  0.23495868  0.22420781  0.26253325  0.24039273  0.22420781  0.24586662  0.22956390  0.24586662  0.25138093  0.26253325  0.21888987  0.29702593  0.25693627  0.23495868  0.24586662  0.24586662  0.23495868  0.24039273  0.23495868  0.22956390  0.25693627  0.25693627  0.27958043  0.26817251  0.27385468  0.24039273  0.24586662  0.24586662  0.24039273  0.24039273  0.27385468  0.26817251  0.26253325  0.26253325  0.24039273  0.25138093  0.26253325  0.27385468  0.26253325  0.27385468  0.29116536  0.30888691  0.30293287  0.29116536  0.29702593  0.27385468  0.26253325  0.25138093  0.26817251  0.22420781  0.22420781  0.22420781  0.21360955  0.21888987  0.22956390  0.24586662  0.19798898  0.20315961  0.19798898  0.21360955  0.21360955  0.19798898  0.24039273  0.24039273  0.24039273  0.24039273  0.24039273  0.25138093  0.24586662  0.24039273  0.22956390  0.26253325  0.22956390  0.24586662  0.22420781  0.22956390  0.27385468  0.26817251  0.28535043  0.28535043  0.27958043  0.26817251  0.27385468  0.26817251  0.18775392  0.19798898  0.18268853  0.17765727  0.18268853  0.20315961  0.18775392  0.17765727  0.17765727  0.18775392  0.21360955  0.26253325  0.26253325  0.19285391  0.22420781  0.22420781  0.24586662  0.25138093  0.25693627  0.21888987  0.24039273  0.22956390  0.22420781  0.23495868  0.23495868  0.22420781  0.20315961  0.18268853  
88_0_0     0.26817251  0.26817251  0.26253325  0.25693627  0.24586662  0.26817251  0.29702593  0.29702593  0.29702593  0.27958043  0.26817251  0.27385468  0.16276375  0.15786455  0.12912576  0.07476788  0.00000000  0.22420781  0.25138093  0.25138093  0.26253325  0.26817251  0.25693627  0.26253325  0.26817251  0.27385468  0.27385468  0.25693627  0.28535043  0.26253325  0.27385468  0.29116536  0.26817251  0.26253325  0.26253325  0.26253325  0.25138093  0.26817251  0.25693627  0.24039273  0.23495868  0.22420781  0.22956390  0.23495868  0.24586662  0.21360955  0.26817251  0.25138093  0.24039273  0.26253325  0.27385468  0.26253325  0.27385468  0.26817251  0.25138093  0.26253325  0.26253325  0.29702593  0.27958043  0.29702593  0.27385468  0.26817251  0.25138093  0.24586662  0.24586662  0.25693627  0.28535043  0.27958043  0.26817251  0.26817251  0.27958043  0.29116536  0.26817251  0.25693627  0.26817251  0.26253325  0.27958043  0.28535043  0.26253325  0.26817251  0.25693627  0.25693627  0.23495868  0.25138093  0.24039273  0.24039273  0.25138093  0.21888987  0.22420781  0.21360955  0.26817251  0.21360955  0.21888987  0.22420781  0.22420781  0.23495868  0.23495868  0.26253325  0.26253325  0.24039273  0.25693627  0.24586662  0.25693627  0.26253325  0.24586662  0.25138093  0.28535043  0.25693627  0.25138093  0.24039273  0.24586662  0.26817251  0.26253325  0.27958043  0.26817251  0.26253325  0.25138093  0.25693627  0.25138093  0.21360955  0.20315961  0.21888987  0.21360955  0.22420781  0.22956390  0.22420781  0.21360955  0.21360955  0.22420781  0.21888987  0.26817251  0.27958043  0.19798898  0.26253325  0.26253325  0.25138093  0.25693627  0.26253325  0.25693627  0.26817251  0.26817251  0.26253325  0.28535043  0.28535043  0.26253325  0.25138093  0.22956390  
80_0_0     0.30293287  0.27385468  0.29116536  0.28535043  0.30888691  0.30888691  0.34564408  0.34564408  0.34564408  0.33939084  0.28535043  0.27958043  0.16769532  0.16276375  0.17765727  0.20836630  0.22420781  0.00000000  0.25138093  0.22956390  0.24039273  0.23495868  0.25138093  0.27385468  0.22420781  0.24039273  0.25138093  0.21888987  0.25693627  0.21888987  0.22956390  0.24586662  0.21360955  0.21888987  0.21888987  0.21888987  0.20315961  0.21360955  0.22420781  0.25693627  0.26253325  0.24039273  0.24039273  0.24586662  0.24586662  0.24039273  0.25693627  0.26817251  0.25138093  0.26253325  0.25693627  0.24586662  0.25138093  0.24586662  0.25693627  0.26817251  0.26817251  0.29116536  0.30293287  0.28535043  0.27385468  0.26817251  0.20315961  0.22420781  0.22420781  0.22420781  0.23495868  0.22956390  0.22420781  0.20315961  0.21360955  0.22420781  0.27385468  0.27385468  0.25138093  0.27958043  0.29116536  0.28535043  0.27958043  0.28535043  0.26253325  0.22956390  0.23495868  0.25138093  0.23495868  0.23495868  0.25693627  0.22420781  0.22956390  0.22956390  0.21360955  0.23495868  0.22420781  0.21360955  0.21888987  0.21888987  0.22420781  0.22956390  0.22956390  0.24586662  0.24586662  0.24586662  0.24586662  0.24586662  0.24586662  0.19798898  0.20836630  0.21888987  0.20315961  0.19285391  0.19798898  0.21888987  0.21360955  0.22956390  0.22956390  0.23495868  0.22420781  0.20836630  0.21360955  0.19285391  0.20315961  0.18775392  0.19285391  0.17765727  0.19798898  0.19285391  0.20836630  0.20836630  0.20836630  0.22420781  0.27385468  0.26817251  0.20836630  0.22420781  0.21360955  0.25138093  0.24039273  0.24586662  0.21888987  0.22956390  0.24039273  0.23495868  0.23495868  0.23495868  0.22420781  0.22956390  0.22420781  
92_22_0    0.27958043  0.28535043  0.30293287  0.28535043  0.27385468  0.28535043  0.34564408  0.34564408  0.33939084  0.34564408  0.29116536  0.28535043  0.23495868  0.20836630  0.19798898  0.22956390  0.25138093  0.25138093  0.00000000  0.06608088  0.25693627  0.26253325  0.25138093  0.29702593  0.19285391  0.21888987  0.20836630  0.19798898  0.20836630  0.20315961  0.20836630  0.21360955  0.18775392  0.20315961  0.20315961  0.20315961  0.20315961  0.21360955  0.20836630  0.20836630  0.20315961  0.20315961  0.21360955  0.21888987  0.22420781  0.19285391  0.27385468  0.26253325  0.21888987  0.27385468  0.24586662  0.24586662  0.22956390  0.23495868  0.20836630  0.21360955  0.22420781  0.24586662  0.19285391  0.21360955  0.20315961  0.21888987  0.25138093  0.22956390  0.22956390  0.22420781  0.22956390  0.23495868  0.24039273  0.23495868  0.21888987  0.22420781  0.26253325  0.26253325  0.21888987  0.21360955  0.22956390  0.23495868  0.22956390  0.21360955  0.22420781  0.21888987  0.22956390  0.19798898  0.23495868  0.23495868  0.25138093  0.22956390  0.23495868  0.21360955  0.23495868  0.25138093  0.22956390  0.22956390  0.23495868  0.23495868  0.17265968  0.19798898  0.19798898  0.20836630  0.20315961  0.19798898  0.19798898  0.20315961  0.19798898  0.21360955  0.25693627  0.22420781  0.19798898  0.19798898  0.20315961  0.24039273  0.23495868  0.22956390  0.24586662  0.24039273  0.23495868  0.24039273  0.23495868  0.16769532  0.16769532  0.16276375  0.16769532  0.16276375  0.15299727  0.16769532  0.16276375  0.16276375  0.17265968  0.17765727  0.18268853  0.18268853  0.15786455  0.20315961  0.19285391  0.19798898  0.18775392  0.19285391  0.20315961  0.23495868  0.21360955  0.21888987  0.22420781  0.22420781  0.21360955  0.17765727  0.17265968  
92_23_0    0.29702593  0.27958043  0.29702593  0.29116536  0.27958043  0.29116536  0.33318955  0.33318955  0.33939084  0.32093936  0.27385468  0.27958043  0.21360955  0.18775392  0.17765727  0.22956390  0.25138093  0.22956390  0.06608088  0.00000000  0.24039273  0.24586662  0.23495868  0.29116536  0.19798898  0.21888987  0.22420781  0.20836630  0.20836630  0.19285391  0.21888987  0.22420781  0.17765727  0.19285391  0.19285391  0.18268853  0.19285391  0.21360955  0.19798898  0.24586662  0.24039273  0.24039273  0.22956390  0.23495868  0.22956390  0.20836630  0.25693627  0.26817251  0.25693627  0.28535043  0.25138093  0.25138093  0.24586662  0.25138093  0.22420781  0.24586662  0.23495868  0.21360955  0.21360955  0.22420781  0.20315961  0.21888987  0.20836630  0.18775392  0.18775392  0.19285391  0.21888987  0.21360955  0.20836630  0.19285391  0.18775392  0.20315961  0.25693627  0.25693627  0.21360955  0.21888987  0.24586662  0.22956390  0.21360955  0.19798898  0.21888987  0.20315961  0.22420781  0.21360955  0.22956390  0.22956390  0.22956390  0.22420781  0.22956390  0.20836630  0.23495868  0.22420781  0.20315961  0.20315961  0.20836630  0.20836630  0.18775392  0.21888987  0.21888987  0.19798898  0.21360955  0.20836630  0.20836630  0.19285391  0.20836630  0.22956390  0.26253325  0.21888987  0.21360955  0.21360955  0.21888987  0.24039273  0.24039273  0.24586662  0.26253325  0.25693627  0.24039273  0.24586662  0.24039273  0.17265968  0.17265968  0.15786455  0.17265968  0.17765727  0.15786455  0.15299727  0.18775392  0.18775392  0.18775392  0.20315961  0.20836630  0.20836630  0.18268853  0.17765727  0.16769532  0.19285391  0.17265968  0.17765727  0.16769532  0.19798898  0.17765727  0.18268853  0.18775392  0.18775392  0.17765727  0.17265968  0.16769532  
73_0_0     0.35195013  0.35195013  0.34564408  0.35195013  0.33939084  0.36472428  0.36472428  0.36472428  0.34564408  0.32703933  0.35195013  0.35830989  0.30293287  0.28535043  0.27385468  0.29116536  0.26253325  0.24039273  0.25693627  0.24039273  0.00000000  0.00396307  0.01195287  0.09245109  0.27958043  0.28535043  0.30888691  0.29702593  0.31488882  0.29116536  0.29702593  0.29702593  0.29702593  0.27958043  0.27958043  0.29116536  0.27958043  0.29116536  0.29702593  0.25138093  0.25138093  0.24586662  0.21888987  0.22420781  0.24039273  0.23495868  0.27958043  0.29702593  0.27385468  0.32703933  0.30888691  0.29702593  0.27385468  0.26817251  0.27958043  0.27385468  0.27385468  0.29702593  0.31488882  0.30293287  0.29702593  0.29116536  0.24039273  0.25693627  0.25693627  0.24586662  0.26253325  0.25693627  0.26817251  0.26253325  0.27958043  0.29116536  0.30888691  0.28535043  0.26253325  0.25693627  0.28535043  0.27385468  0.27385468  0.29116536  0.25693627  0.23495868  0.22956390  0.22956390  0.25138093  0.25138093  0.25693627  0.25693627  0.25138093  0.26253325  0.26253325  0.24039273  0.24586662  0.24039273  0.24039273  0.25138093  0.23495868  0.30888691  0.30888691  0.27958043  0.29116536  0.28535043  0.29702593  0.27958043  0.28535043  0.25693627  0.29116536  0.29702593  0.29702593  0.27385468  0.27958043  0.30888691  0.30293287  0.33318955  0.31488882  0.30888691  0.30293287  0.29702593  0.30293287  0.25693627  0.25693627  0.25138093  0.24586662  0.25693627  0.22956390  0.29116536  0.24039273  0.24039273  0.24039273  0.26817251  0.32093936  0.32703933  0.21360955  0.26817251  0.25693627  0.28535043  0.28535043  0.29116536  0.27385468  0.28535043  0.27385468  0.26817251  0.27958043  0.27958043  0.26817251  0.26253325  0.27958043  
85_0_0     0.34564408  0.34564408  0.33939084  0.34564408  0.34564408  0.35830989  0.35830989  0.35830989  0.35195013  0.33318955  0.34564408  0.35195013  0.29702593  0.27958043  0.27958043  0.29702593  0.26817251  0.23495868  0.26253325  0.24586662  0.00396307  0.00000000  0.01598007  0.09693811  0.28535043  0.29116536  0.31488882  0.29116536  0.31488882  0.29116536  0.29702593  0.29702593  0.29702593  0.27958043  0.27958043  0.29116536  0.27958043  0.29116536  0.29702593  0.25693627  0.25693627  0.25138093  0.22420781  0.22956390  0.24586662  0.24039273  0.27385468  0.29116536  0.26817251  0.32093936  0.30293287  0.29116536  0.26817251  0.26253325  0.28535043  0.27958043  0.27958043  0.29116536  0.32093936  0.30888691  0.30293287  0.29702593  0.24586662  0.26253325  0.26253325  0.25138093  0.26817251  0.26253325  0.27385468  0.26817251  0.28535043  0.29702593  0.31488882  0.29116536  0.26817251  0.26253325  0.28535043  0.27958043  0.27958043  0.29702593  0.26253325  0.22956390  0.22420781  0.23495868  0.25693627  0.25693627  0.26253325  0.25138093  0.24586662  0.26817251  0.26817251  0.24586662  0.25138093  0.24586662  0.24586662  0.25693627  0.24039273  0.31488882  0.31488882  0.28535043  0.29702593  0.29116536  0.30293287  0.28535043  0.29116536  0.26253325  0.29702593  0.30293287  0.29116536  0.26817251  0.27385468  0.30293287  0.29702593  0.32703933  0.30888691  0.30293287  0.30888691  0.29116536  0.29702593  0.26253325  0.26253325  0.25693627  0.25138093  0.25138093  0.23495868  0.28535043  0.24586662  0.24586662  0.24586662  0.27385468  0.32703933  0.33318955  0.21888987  0.27385468  0.26253325  0.29116536  0.29116536  0.29702593  0.26817251  0.29116536  0.27958043  0.27385468  0.28535043  0.28535043  0.27385468  0.26817251  0.28535043  
