fastme_mat.p : 41.620946168899536
fastme.f81 : 47.372373819351196
ba.exp : 51.12075066566467
pipeline_dl5942622 : 140.8411192893982
