fastme_mat.p : 5.730939466318369
fastme.f81 : 7.319678908903838
ba.exp : 20.529459160550594
