20
20_0_0     0.00000000  0.25047967  0.24832166  0.21941990  0.20880746  0.19842825  0.19842825  0.25276780  0.16178755  0.20018028  0.18990807  0.24629349  0.25751674  0.25751674  0.22638000  0.22638000  0.25968700  0.25968700  0.25968700  0.23533078  
8_0_0      0.25047967  0.00000000  0.02804277  0.08958576  0.08143980  0.08958576  0.08958576  0.26901321  0.26199075  0.36204533  0.29552246  0.33537851  0.32249520  0.32249520  0.36555869  0.36555869  0.42535582  0.42535582  0.42535582  0.43699083  
18_0_0     0.24832166  0.02804277  0.00000000  0.10553419  0.09717573  0.10553419  0.10553419  0.29038579  0.25968700  0.38743037  0.29288141  0.32520792  0.31248906  0.31248906  0.35499065  0.35499065  0.44636556  0.44636556  0.44636556  0.45835629  
7_0_0      0.21941990  0.08958576  0.10553419  0.00000000  0.02100836  0.01390123  0.01390123  0.25968700  0.24138818  0.28589045  0.25047967  0.31248906  0.30010377  0.30010377  0.34134328  0.34134328  0.30261902  0.30261902  0.30261902  0.35172181  
19_0_0     0.20880746  0.08143980  0.09717573  0.02100836  0.00000000  0.00689947  0.00689947  0.28327267  0.25276780  0.29830970  0.26199075  0.28803501  0.27626699  0.27626699  0.31517758  0.31517758  0.30261902  0.30261902  0.30261902  0.32520792  
13_0_0     0.19842825  0.08958576  0.10553419  0.01390123  0.00689947  0.00000000  0.00000000  0.27133262  0.24138818  0.28589045  0.25047967  0.30010377  0.28803501  0.28803501  0.32807924  0.32807924  0.29038579  0.29038579  0.29038579  0.33827882  
9_0_0      0.19842825  0.08958576  0.10553419  0.01390123  0.00689947  0.00000000  0.00000000  0.27133262  0.24138818  0.28589045  0.25047967  0.30010377  0.28803501  0.28803501  0.32807924  0.32807924  0.29038579  0.29038579  0.29038579  0.33827882  
16_0_0     0.25276780  0.26901321  0.29038579  0.25968700  0.28327267  0.27133262  0.27133262  0.00000000  0.17833009  0.20705136  0.13950993  0.32520792  0.33827882  0.31248906  0.30261902  0.27846145  0.34134328  0.34134328  0.34134328  0.30010377  
15_0_0     0.16178755  0.26199075  0.25968700  0.24138818  0.25276780  0.24138818  0.24138818  0.17833009  0.00000000  0.11490221  0.07343197  0.21414047  0.22461679  0.20389151  0.21577997  0.23722341  0.27133262  0.27133262  0.27133262  0.28079654  
6_0_0      0.20018028  0.36204533  0.38743037  0.28589045  0.29830970  0.28589045  0.28589045  0.20705136  0.11490221  0.00000000  0.09029978  0.26683079  0.27846145  0.27846145  0.22461679  0.24629349  0.23533078  0.23533078  0.23533078  0.24439503  
14_0_0     0.18990807  0.29552246  0.29288141  0.25047967  0.26199075  0.25047967  0.25047967  0.13950993  0.07343197  0.09029978  0.00000000  0.22297696  0.23356459  0.21262149  0.22461679  0.20389151  0.25751674  0.25751674  0.25751674  0.24439503  
3_0_0      0.24629349  0.33537851  0.32520792  0.31248906  0.28803501  0.30010377  0.30010377  0.32520792  0.21414047  0.26683079  0.22297696  0.00000000  0.00689947  0.00689947  0.12365186  0.14165304  0.17001059  0.17001059  0.17001059  0.14970088  
2_0_0      0.25751674  0.32249520  0.31248906  0.30010377  0.27626699  0.28803501  0.28803501  0.33827882  0.22461679  0.27846145  0.23356459  0.00689947  0.00000000  0.01390123  0.13256669  0.15091764  0.16036763  0.16036763  0.16036763  0.15905243  
1_0_0      0.25751674  0.32249520  0.31248906  0.30010377  0.27626699  0.28803501  0.28803501  0.31248906  0.20389151  0.27846145  0.21262149  0.00689947  0.01390123  0.00000000  0.13256669  0.15091764  0.17985455  0.17985455  0.17985455  0.15905243  
17_0_0     0.22638000  0.36555869  0.35499065  0.34134328  0.31517758  0.32807924  0.32807924  0.30261902  0.21577997  0.22461679  0.22461679  0.12365186  0.13256669  0.13256669  0.00000000  0.01390123  0.09866596  0.09866596  0.09866596  0.08143980  
11_0_0     0.22638000  0.36555869  0.35499065  0.34134328  0.31517758  0.32807924  0.32807924  0.27846145  0.23722341  0.24629349  0.20389151  0.14165304  0.15091764  0.15091764  0.01390123  0.00000000  0.11585653  0.11585653  0.11585653  0.08143980  
10_0_0     0.25968700  0.42535582  0.44636556  0.30261902  0.30261902  0.29038579  0.29038579  0.34134328  0.27133262  0.23533078  0.25751674  0.17001059  0.16036763  0.17985455  0.09866596  0.11585653  0.00000000  0.00000000  0.00000000  0.04269310  
4_0_0      0.25968700  0.42535582  0.44636556  0.30261902  0.30261902  0.29038579  0.29038579  0.34134328  0.27133262  0.23533078  0.25751674  0.17001059  0.16036763  0.17985455  0.09866596  0.11585653  0.00000000  0.00000000  0.00000000  0.04269310  
12_0_0     0.25968700  0.42535582  0.44636556  0.30261902  0.30261902  0.29038579  0.29038579  0.34134328  0.27133262  0.23533078  0.25751674  0.17001059  0.16036763  0.17985455  0.09866596  0.11585653  0.00000000  0.00000000  0.00000000  0.04269310  
5_0_0      0.23533078  0.43699083  0.45835629  0.35172181  0.32520792  0.33827882  0.33827882  0.30010377  0.28079654  0.24439503  0.24439503  0.14970088  0.15905243  0.15905243  0.08143980  0.08143980  0.04269310  0.04269310  0.04269310  0.00000000  

