20
20_0_0     0.00000000  0.20457502  0.19446111  0.23445639  0.23445639  0.23445639  0.23445639  0.32013090  0.32013090  0.21332033  0.23831237  0.28497496  0.29686696  0.29686696  0.34775040  0.32160939  0.25460086  0.26593370  0.27755118  0.26392739  
8_0_0      0.20457502  0.00000000  0.02101830  0.08974224  0.08974224  0.08974224  0.08974224  0.24954104  0.23445639  0.18220710  0.17487345  0.29195192  0.26808954  0.27986688  0.24539796  0.24539796  0.21664108  0.22734983  0.23831237  0.22549144  
18_0_0     0.19446111  0.02101830  0.00000000  0.06563449  0.06563449  0.06563449  0.06563449  0.23831237  0.22376765  0.18220710  0.17487345  0.27986688  0.25660462  0.26808954  0.25660462  0.25660462  0.22734983  0.23831237  0.24954104  0.23631535  
7_0_0      0.23445639  0.08974224  0.06563449  0.00000000  0.00000000  0.00000000  0.00000000  0.27039508  0.28946796  0.25274264  0.25660462  0.30169987  0.30169987  0.28946796  0.30169987  0.27755118  0.22549144  0.23631535  0.24739861  0.23445639  
19_0_0     0.23445639  0.08974224  0.06563449  0.00000000  0.00000000  0.00000000  0.00000000  0.27039508  0.28946796  0.25274264  0.25660462  0.30169987  0.30169987  0.28946796  0.30169987  0.27755118  0.22549144  0.23631535  0.24739861  0.23445639  
13_0_0     0.23445639  0.08974224  0.06563449  0.00000000  0.00000000  0.00000000  0.00000000  0.27039508  0.28946796  0.25274264  0.25660462  0.30169987  0.30169987  0.28946796  0.30169987  0.27755118  0.22549144  0.23631535  0.24739861  0.23445639  
9_0_0      0.23445639  0.08974224  0.06563449  0.00000000  0.00000000  0.00000000  0.00000000  0.27039508  0.28946796  0.25274264  0.25660462  0.30169987  0.30169987  0.28946796  0.30169987  0.27755118  0.22549144  0.23631535  0.24739861  0.23445639  
16_0_0     0.32013090  0.24954104  0.23831237  0.27039508  0.27039508  0.27039508  0.27039508  0.00000000  0.18332360  0.21185733  0.19446111  0.23881474  0.22840545  0.22840545  0.22840545  0.22840545  0.22072488  0.23115316  0.24182196  0.24024703  
15_0_0     0.32013090  0.23445639  0.22376765  0.28946796  0.28946796  0.28946796  0.28946796  0.18332360  0.00000000  0.11219300  0.11347501  0.24182196  0.23115316  0.23115316  0.26036355  0.26036355  0.22072488  0.22072488  0.23115316  0.24024703  
6_0_0      0.21332033  0.18220710  0.18220710  0.25274264  0.25274264  0.25274264  0.25274264  0.21185733  0.11219300  0.00000000  0.10572553  0.24804383  0.23752576  0.23752576  0.28111394  0.26982583  0.22970958  0.24024703  0.25103013  0.24946368  
14_0_0     0.23831237  0.17487345  0.17487345  0.25660462  0.25660462  0.25660462  0.25660462  0.19446111  0.11347501  0.10572553  0.00000000  0.24024703  0.22970958  0.22970958  0.22970958  0.22970958  0.19188087  0.20176127  0.21185733  0.21052653  
3_0_0      0.28497496  0.29195192  0.27986688  0.30169987  0.30169987  0.30169987  0.30169987  0.23881474  0.24182196  0.24804383  0.24024703  0.00000000  0.01390556  0.00690053  0.14790959  0.14790959  0.11427347  0.12298234  0.13185832  0.13088104  
2_0_0      0.29686696  0.26808954  0.25660462  0.30169987  0.30169987  0.30169987  0.30169987  0.22840545  0.23115316  0.23752576  0.22970958  0.01390556  0.00000000  0.00690053  0.13001203  0.13001203  0.09733269  0.10572553  0.11427347  0.11347501  
1_0_0      0.29686696  0.27986688  0.26808954  0.28946796  0.28946796  0.28946796  0.28946796  0.22840545  0.23115316  0.23752576  0.22970958  0.00690053  0.00690053  0.00000000  0.13887426  0.13887426  0.10572553  0.11427347  0.12298234  0.12209616  
17_0_0     0.34775040  0.24539796  0.25660462  0.30169987  0.30169987  0.30169987  0.30169987  0.22840545  0.26036355  0.28111394  0.22970958  0.14790959  0.13001203  0.13887426  0.00000000  0.01390556  0.06520595  0.07303088  0.06520595  0.06487229  
11_0_0     0.32160939  0.24539796  0.25660462  0.27755118  0.27755118  0.27755118  0.27755118  0.22840545  0.26036355  0.26982583  0.22970958  0.14790959  0.13001203  0.13887426  0.01390556  0.00000000  0.04994231  0.05751118  0.06520595  0.04974356  
10_0_0     0.25460086  0.21664108  0.22734983  0.22549144  0.22549144  0.22549144  0.22549144  0.22072488  0.22072488  0.22970958  0.19188087  0.11427347  0.09733269  0.10572553  0.06520595  0.04994231  0.00000000  0.00690053  0.01390556  0.01383531  
4_0_0      0.26593370  0.22734983  0.23831237  0.23631535  0.23631535  0.23631535  0.23631535  0.23115316  0.22072488  0.24024703  0.20176127  0.12298234  0.10572553  0.11427347  0.07303088  0.05751118  0.00690053  0.00000000  0.00690053  0.02088943  
12_0_0     0.27755118  0.23831237  0.24954104  0.24739861  0.24739861  0.24739861  0.24739861  0.24182196  0.23115316  0.25103013  0.21185733  0.13185832  0.11427347  0.12298234  0.06520595  0.06520595  0.01390556  0.00690053  0.00000000  0.02805279  
5_0_0      0.26392739  0.22549144  0.23631535  0.23445639  0.23445639  0.23445639  0.23445639  0.24024703  0.24024703  0.24946368  0.21052653  0.13088104  0.11347501  0.12209616  0.06487229  0.04974356  0.01383531  0.02088943  0.02805279  0.00000000  

