20
20_0_0     0.00000000  0.25020467  0.25020467  0.21711217  0.19630805  0.18624986  0.18624986  0.22597512  0.21370291  0.22420345  0.21534282  0.29282641  0.29282641  0.31819215  0.24108899  0.23890615  0.25723127  0.26879173  0.26879173  0.26879173  
8_0_0      0.25020467  0.00000000  0.01384637  0.16453295  0.15530192  0.14625322  0.14625322  0.31526353  0.31819215  0.28787446  0.23317680  0.41091258  0.44340323  0.44340323  0.28318634  0.28065148  0.36612681  0.35212099  0.35212099  0.35212099  
18_0_0     0.25020467  0.01384637  0.00000000  0.14808985  0.14808985  0.13902660  0.13902660  0.31526353  0.31819215  0.28787446  0.23317680  0.41091258  0.44340323  0.44340323  0.28318634  0.28065148  0.36612681  0.35212099  0.35212099  0.35212099  
7_0_0      0.21711217  0.16453295  0.14808985  0.00000000  0.03559417  0.02825066  0.02825066  0.23317680  0.35212099  0.23153944  0.27826947  0.40399062  0.40399062  0.43657524  0.32800035  0.32455881  0.34504507  0.33142189  0.33142189  0.33142189  
19_0_0     0.19630805  0.15530192  0.14808985  0.03559417  0.00000000  0.00690103  0.00690103  0.23317680  0.35212099  0.22105844  0.25516856  0.38852811  0.38852811  0.41999329  0.31452863  0.31129793  0.33142189  0.31819215  0.31819215  0.31819215  
13_0_0     0.18624986  0.14625322  0.13902660  0.02825066  0.00690103  0.00000000  0.00000000  0.22256452  0.33853067  0.21081186  0.24404073  0.37357047  0.37357047  0.40399062  0.30144177  0.29841012  0.31819215  0.30533375  0.30533375  0.30533375  
9_0_0      0.18624986  0.14625322  0.13902660  0.02825066  0.00690103  0.00000000  0.00000000  0.22256452  0.33853067  0.21081186  0.24404073  0.37357047  0.37357047  0.40399062  0.30144177  0.29841012  0.31819215  0.30533375  0.30533375  0.30533375  
16_0_0     0.22597512  0.31526353  0.31526353  0.23317680  0.23317680  0.22256452  0.22256452  0.00000000  0.27826947  0.25516856  0.25723127  0.33554284  0.33554284  0.33554284  0.28065148  0.26657343  0.30990875  0.29761025  0.29761025  0.29761025  
15_0_0     0.21370291  0.31819215  0.31819215  0.35212099  0.35212099  0.33853067  0.33853067  0.27826947  0.00000000  0.20659203  0.17781154  0.32533191  0.35212099  0.31250279  0.35550935  0.33853067  0.40399062  0.40399062  0.40399062  0.40399062  
6_0_0      0.22420345  0.28787446  0.28787446  0.23153944  0.22105844  0.21081186  0.21081186  0.25516856  0.20659203  0.00000000  0.17099618  0.38057435  0.38057435  0.38057435  0.36975058  0.36612681  0.43657524  0.41999329  0.41999329  0.41999329  
14_0_0     0.21534282  0.23317680  0.23317680  0.27826947  0.25516856  0.24404073  0.24404073  0.25723127  0.17781154  0.17099618  0.00000000  0.36975058  0.36975058  0.36975058  0.30533375  0.29027194  0.36285272  0.37758932  0.37758932  0.37758932  
3_0_0      0.29282641  0.41091258  0.41091258  0.40399062  0.38852811  0.37357047  0.37357047  0.33554284  0.32533191  0.38057435  0.36975058  0.00000000  0.01390761  0.02825066  0.26428500  0.26178890  0.24340905  0.25501714  0.25501714  0.25501714  
2_0_0      0.29282641  0.44340323  0.44340323  0.40399062  0.38852811  0.37357047  0.37357047  0.33554284  0.35212099  0.38057435  0.36975058  0.01390761  0.00000000  0.02825066  0.26428500  0.26178890  0.22103964  0.23208783  0.23208783  0.23208783  
1_0_0      0.31819215  0.44340323  0.44340323  0.43657524  0.41999329  0.40399062  0.40399062  0.33554284  0.31250279  0.38057435  0.36975058  0.02825066  0.02825066  0.00000000  0.26428500  0.26178890  0.24340905  0.23208783  0.23208783  0.23208783  
17_0_0     0.24108899  0.28318634  0.28318634  0.32800035  0.31452863  0.30144177  0.30144177  0.28065148  0.35550935  0.36975058  0.30533375  0.26428500  0.26428500  0.26428500  0.00000000  0.01383507  0.09676879  0.08858900  0.08858900  0.08858900  
11_0_0     0.23890615  0.28065148  0.28065148  0.32455881  0.31129793  0.29841012  0.29841012  0.26657343  0.33853067  0.36612681  0.29027194  0.26178890  0.26178890  0.26178890  0.01383507  0.00000000  0.11286541  0.10446678  0.10446678  0.10446678  
10_0_0     0.25723127  0.36612681  0.36612681  0.34504507  0.33142189  0.31819215  0.31819215  0.30990875  0.40399062  0.43657524  0.36285272  0.24340905  0.22103964  0.24340905  0.09676879  0.11286541  0.00000000  0.00690103  0.00690103  0.00690103  
4_0_0      0.26879173  0.35212099  0.35212099  0.33142189  0.31819215  0.30533375  0.30533375  0.29761025  0.40399062  0.41999329  0.37758932  0.25501714  0.23208783  0.23208783  0.08858900  0.10446678  0.00690103  0.00000000  0.00000000  0.00000000  
12_0_0     0.26879173  0.35212099  0.35212099  0.33142189  0.31819215  0.30533375  0.30533375  0.29761025  0.40399062  0.41999329  0.37758932  0.25501714  0.23208783  0.23208783  0.08858900  0.10446678  0.00690103  0.00000000  0.00000000  0.00000000  
5_0_0      0.26879173  0.35212099  0.35212099  0.33142189  0.31819215  0.30533375  0.30533375  0.29761025  0.40399062  0.41999329  0.37758932  0.25501714  0.23208783  0.23208783  0.08858900  0.10446678  0.00690103  0.00000000  0.00000000  0.00000000  

