20
18_0_0     0.00000000  0.00656475  0.01318777  0.03341712  0.17610458  0.15168047  0.36325536  0.37396779  0.38483629  0.38483629  0.39586546  0.41842537  0.40706014  0.34228120  0.42996642  0.39586546  0.39586546  0.42996642  0.42996642  0.41842537  
17_0_0     0.00656475  0.00000000  0.00656475  0.02661287  0.16787404  0.15973332  0.35269457  0.36325536  0.37396779  0.37396779  0.38483629  0.40706014  0.39586546  0.33201118  0.41842537  0.38483629  0.38483629  0.41842537  0.41842537  0.40706014  
19_0_0     0.01318777  0.00656475  0.00000000  0.03341712  0.17610458  0.16787404  0.35269457  0.36325536  0.37396779  0.37396779  0.38483629  0.40706014  0.39586546  0.33201118  0.42996642  0.39586546  0.39586546  0.42996642  0.42996642  0.41842537  
15_0_0     0.03341712  0.02661287  0.03341712  0.00000000  0.16787404  0.15973332  0.37396779  0.36325536  0.37396779  0.37396779  0.38483629  0.40706014  0.37396779  0.33201118  0.44168882  0.40706014  0.40706014  0.41842537  0.41842537  0.40706014  
16_0_0     0.17610458  0.16787404  0.17610458  0.16787404  0.00000000  0.12031115  0.34228120  0.34228120  0.33201118  0.33201118  0.34228120  0.32188063  0.33201118  0.25457550  0.36325536  0.35269457  0.35269457  0.34228120  0.34228120  0.33201118  
20_0_0     0.15168047  0.15973332  0.16787404  0.15973332  0.12031115  0.00000000  0.37396779  0.37396779  0.38483629  0.38483629  0.39586546  0.39586546  0.36325536  0.36325536  0.40706014  0.41842537  0.41842537  0.40706014  0.40706014  0.39586546  
8_0_0      0.36325536  0.35269457  0.35269457  0.37396779  0.34228120  0.37396779  0.00000000  0.06127220  0.05421032  0.05421032  0.06127220  0.06127220  0.09762053  0.09762053  0.26382667  0.29228910  0.29228910  0.27319401  0.27319401  0.30202310  
5_0_0      0.37396779  0.36325536  0.36325536  0.36325536  0.34228120  0.37396779  0.06127220  0.00000000  0.00656475  0.00656475  0.01318777  0.04028399  0.09020781  0.12031115  0.28268046  0.31188580  0.31188580  0.27319401  0.27319401  0.30202310  
10_0_0     0.38483629  0.37396779  0.37396779  0.37396779  0.33201118  0.38483629  0.05421032  0.00656475  0.00000000  0.00000000  0.00656475  0.03341712  0.08286801  0.11267067  0.29228910  0.32188063  0.32188063  0.28268046  0.28268046  0.31188580  
7_0_0      0.38483629  0.37396779  0.37396779  0.37396779  0.33201118  0.38483629  0.05421032  0.00656475  0.00000000  0.00000000  0.00656475  0.03341712  0.08286801  0.11267067  0.29228910  0.32188063  0.32188063  0.28268046  0.28268046  0.31188580  
1_0_0      0.39586546  0.38483629  0.38483629  0.38483629  0.34228120  0.39586546  0.06127220  0.01318777  0.00656475  0.00656475  0.00000000  0.04028399  0.09020781  0.12031115  0.30202310  0.33201118  0.33201118  0.29228910  0.29228910  0.32188063  
12_0_0     0.41842537  0.40706014  0.40706014  0.40706014  0.32188063  0.39586546  0.06127220  0.04028399  0.03341712  0.03341712  0.04028399  0.00000000  0.07559973  0.12031115  0.30202310  0.33201118  0.33201118  0.29228910  0.29228910  0.32188063  
4_0_0      0.40706014  0.39586546  0.39586546  0.37396779  0.33201118  0.36325536  0.09762053  0.09020781  0.08286801  0.08286801  0.09020781  0.07559973  0.00000000  0.15973332  0.32188063  0.33201118  0.33201118  0.31188580  0.31188580  0.32188063  
9_0_0      0.34228120  0.33201118  0.33201118  0.33201118  0.25457550  0.36325536  0.09762053  0.12031115  0.11267067  0.11267067  0.12031115  0.12031115  0.15973332  0.00000000  0.30202310  0.28268046  0.28268046  0.28268046  0.28268046  0.31188580  
13_0_0     0.42996642  0.41842537  0.42996642  0.44168882  0.36325536  0.40706014  0.26382667  0.28268046  0.29228910  0.29228910  0.30202310  0.30202310  0.32188063  0.30202310  0.00000000  0.02661287  0.02661287  0.05421032  0.05421032  0.06127220  
3_0_0      0.39586546  0.38483629  0.39586546  0.40706014  0.35269457  0.41842537  0.29228910  0.31188580  0.32188063  0.32188063  0.33201118  0.33201118  0.33201118  0.28268046  0.02661287  0.00000000  0.00000000  0.04028399  0.04028399  0.04721466  
6_0_0      0.39586546  0.38483629  0.39586546  0.40706014  0.35269457  0.41842537  0.29228910  0.31188580  0.32188063  0.32188063  0.33201118  0.33201118  0.33201118  0.28268046  0.02661287  0.00000000  0.00000000  0.04028399  0.04028399  0.04721466  
14_0_0     0.42996642  0.41842537  0.42996642  0.41842537  0.34228120  0.40706014  0.27319401  0.27319401  0.28268046  0.28268046  0.29228910  0.29228910  0.31188580  0.28268046  0.05421032  0.04028399  0.04028399  0.00000000  0.00000000  0.01987012  
2_0_0      0.42996642  0.41842537  0.42996642  0.41842537  0.34228120  0.40706014  0.27319401  0.27319401  0.28268046  0.28268046  0.29228910  0.29228910  0.31188580  0.28268046  0.05421032  0.04028399  0.04028399  0.00000000  0.00000000  0.01987012  
11_0_0     0.41842537  0.40706014  0.41842537  0.40706014  0.33201118  0.39586546  0.30202310  0.30202310  0.31188580  0.31188580  0.32188063  0.32188063  0.32188063  0.31188580  0.06127220  0.04721466  0.04721466  0.01987012  0.01987012  0.00000000  

