generax-eval-undateddl-r5.f81 : 0.15244266986846924
fastme.f84 : 4.110570054054261
fastme_mat.p : 4.998253417015076
ba.p : 5.518757333755493
fastme.ba..p : 7.550510091781617
fastme.f81 : 8.315999460220336
generax-eval-undateddl-r5-famrates.f81 : 17.0082734823227
fastme.ba.exp.exp : 57.09564021110535
ba.exp : 66.30265553474428
