fastme_mat.p : 5.096587667465208
fastme.f81 : 8.631482343673708
ba.exp : 29.39197599411011
