fastme_mat.p : 5.266196627616882
fastme.f81 : 8.238796634674072
fastme.f84 : 8.769052624702454
ba.exp : 48.90210240840912
