fastme.f81 : 13.763365545272826
ba.exp : 158.91494895458217
