best_tree_avg : 0.18199129928057634
pick_tree_avg : 0.2017263896836601
