best_tree_avg : 0.18036815889003163
pick_tree_avg : 0.20736013144590554
