raxml.f81 : 0.025507593154907228
fastme.f81 : 0.33188114166259763
ba.experimental : 0.8070406913757324
ba.def : 0.871797513961792
ba.exp : 0.8778619766235352
generax-spr-undateddtl-r5.f81 : 27.091729259490968
