20
15_0_0     0.00000000  0.01515269  0.08461787  0.06800440  0.11315566  0.15503434  0.16744406  0.16121342  0.38362114  0.35896116  0.34296225  0.34296225  0.40052546  0.38362114  0.38362114  0.37531034  0.41782129  0.36709101  0.33508951  0.31958874  
17_0_0     0.01515269  0.00000000  0.07903888  0.06254770  0.10736019  0.14890595  0.16121342  0.15503434  0.37531034  0.35091886  0.35091886  0.35091886  0.40912330  0.39202547  0.37531034  0.36709101  0.42662178  0.35896116  0.32729891  0.31195735  
18_0_0     0.08461787  0.07903888  0.00000000  0.06254770  0.17372712  0.18645409  0.19940172  0.19289984  0.41782129  0.41782129  0.40052546  0.40912330  0.48172058  0.46289899  0.42662178  0.41782129  0.46289899  0.39202547  0.37531034  0.34296225  
14_0_0     0.06800440  0.06254770  0.06254770  0.00000000  0.14890595  0.16744406  0.18006350  0.17372712  0.42662178  0.37531034  0.39202547  0.36709101  0.44454013  0.42662178  0.39202547  0.38362114  0.44454013  0.35896116  0.33508951  0.31195735  
16_0_0     0.11315566  0.10736019  0.17372712  0.14890595  0.00000000  0.05713059  0.06800440  0.07903888  0.40912330  0.31958874  0.38362114  0.40052546  0.42662178  0.40912330  0.40912330  0.40052546  0.46289899  0.37531034  0.34296225  0.32729891  
19_0_0     0.15503434  0.14890595  0.18645409  0.16744406  0.05713059  0.00000000  0.01006756  0.04111110  0.37531034  0.33508951  0.40052546  0.41782129  0.44454013  0.44454013  0.44454013  0.43552721  0.48172058  0.37531034  0.34296225  0.32729891  
13_0_0     0.16744406  0.16121342  0.19940172  0.18006350  0.06800440  0.01006756  0.00000000  0.05175249  0.37531034  0.35091886  0.40052546  0.43552721  0.42662178  0.42662178  0.42662178  0.41782129  0.46289899  0.39202547  0.35896116  0.34296225  
20_0_0     0.16121342  0.15503434  0.19289984  0.17372712  0.07903888  0.04111110  0.05175249  0.00000000  0.40912330  0.37531034  0.41782129  0.41782129  0.44454013  0.44454013  0.44454013  0.43552721  0.50102881  0.40912330  0.37531034  0.35896116  
7_0_0      0.38362114  0.37531034  0.41782129  0.42662178  0.40912330  0.37531034  0.37531034  0.40912330  0.00000000  0.38362114  0.39202547  0.40052546  0.40052546  0.40052546  0.39202547  0.37531034  0.43552721  0.33508951  0.28952024  0.28218854  
10_0_0     0.35896116  0.35091886  0.41782129  0.37531034  0.31958874  0.33508951  0.35091886  0.37531034  0.38362114  0.00000000  0.24657239  0.26061568  0.30440317  0.28952024  0.29692463  0.31195735  0.31195735  0.24657239  0.21925404  0.21925404  
1_0_0      0.34296225  0.35091886  0.40052546  0.39202547  0.38362114  0.40052546  0.40052546  0.41782129  0.39202547  0.24657239  0.00000000  0.09590246  0.10736019  0.09590246  0.11899645  0.11899645  0.11315566  0.30440317  0.26773762  0.27492813  
8_0_0      0.34296225  0.35091886  0.40912330  0.36709101  0.40052546  0.41782129  0.43552721  0.41782129  0.40052546  0.26061568  0.09590246  0.00000000  0.11899645  0.11899645  0.15503434  0.15503434  0.13679803  0.34296225  0.27492813  0.28218854  
12_0_0     0.40052546  0.40912330  0.48172058  0.44454013  0.42662178  0.44454013  0.42662178  0.44454013  0.40052546  0.30440317  0.10736019  0.11899645  0.00000000  0.01006756  0.06800440  0.06800440  0.11899645  0.38362114  0.31195735  0.31958874  
2_0_0      0.38362114  0.39202547  0.46289899  0.42662178  0.40912330  0.44454013  0.42662178  0.44454013  0.40052546  0.28952024  0.09590246  0.11899645  0.01006756  0.00000000  0.05713059  0.05713059  0.10736019  0.37531034  0.30440317  0.31195735  
4_0_0      0.38362114  0.37531034  0.42662178  0.39202547  0.40912330  0.44454013  0.42662178  0.44454013  0.39202547  0.29692463  0.11899645  0.15503434  0.06800440  0.05713059  0.00000000  0.01006756  0.13679803  0.34296225  0.30440317  0.31195735  
11_0_0     0.37531034  0.36709101  0.41782129  0.38362114  0.40052546  0.43552721  0.41782129  0.43552721  0.37531034  0.31195735  0.11899645  0.15503434  0.06800440  0.05713059  0.01006756  0.00000000  0.12488329  0.35896116  0.30440317  0.31195735  
5_0_0      0.41782129  0.42662178  0.46289899  0.44454013  0.46289899  0.48172058  0.46289899  0.50102881  0.43552721  0.31195735  0.11315566  0.13679803  0.11899645  0.10736019  0.13679803  0.12488329  0.00000000  0.36709101  0.31195735  0.30440317  
9_0_0      0.36709101  0.35896116  0.39202547  0.35896116  0.37531034  0.37531034  0.39202547  0.40912330  0.33508951  0.24657239  0.30440317  0.34296225  0.38362114  0.37531034  0.34296225  0.35896116  0.36709101  0.00000000  0.13081690  0.09590246  
6_0_0      0.33508951  0.32729891  0.37531034  0.33508951  0.34296225  0.34296225  0.35896116  0.37531034  0.28952024  0.21925404  0.26773762  0.27492813  0.31195735  0.30440317  0.30440317  0.30440317  0.31195735  0.13081690  0.00000000  0.04111110  
3_0_0      0.31958874  0.31195735  0.34296225  0.31195735  0.32729891  0.32729891  0.34296225  0.35896116  0.28218854  0.21925404  0.27492813  0.28218854  0.31958874  0.31195735  0.31195735  0.31195735  0.30440317  0.09590246  0.04111110  0.00000000  

