139
12_0_0     0.00000000  0.00520020  0.10591312  0.30559859  0.32983281  0.38091262  0.36347760  0.46509913  0.46509913  0.46509913  0.33809683  0.42645512  0.38091262  0.38091262  0.34645743  0.34645743  0.33809683  0.41711171  0.32166317  0.27451279  0.29769958  0.61962293  0.63205044  0.64469767  0.63205044  0.37214200  0.36347760  0.30559859  0.43592218  0.44551621  0.42645512  0.64469767  0.63205044  0.54927685  0.53819679  0.86743361  0.81699263  0.47509536  0.47509536  0.46509913  0.49551690  0.51653859  0.50595053  0.45524066  0.46509913  0.57196552  0.54927685  0.56053124  0.56053124  0.44551621  0.44551621  0.59539743  0.61962293  0.64469767  0.64469767  0.65757253  0.65757253  0.69764870  0.67068337  0.67068337  0.65757253  0.71152237  0.69764870  0.61962293  0.63205044  0.61962293  0.60740764  0.47509536  0.48523326  0.51653859  0.50595053  0.45524066  0.44551621  0.42645512  0.44551621  0.49551690  0.45524066  0.43592218  0.48523326  0.42645512  0.42645512  0.44551621  0.45524066  0.47509536  0.46509913  0.52728573  0.50595053  0.47509536  0.42645512  0.46509913  0.46509913  0.47509536  0.45524066  0.42645512  0.47509536  0.46509913  0.52728573  0.51653859  0.53819679  0.52728573  0.53819679  0.52728573  0.52728573  0.51653859  0.57196552  0.48523326  0.54927685  0.53819679  0.52728573  0.46509913  0.49551690  0.43592218  0.43592218  0.47509536  0.61962293  0.47509536  0.45524066  0.41711171  0.43592218  0.46509913  0.46509913  0.44551621  0.44551621  0.59539743  0.58358554  0.56053124  0.57196552  0.48523326  0.49551690  0.49551690  0.48523326  0.50595053  0.50595053  0.45524066  0.46509913  0.46509913  0.50595053  0.50595053  0.49551690  
41_0_0     0.00520020  0.00000000  0.09993003  0.31358579  0.32983281  0.38091262  0.36347760  0.46509913  0.46509913  0.46509913  0.33809683  0.42645512  0.38091262  0.38091262  0.34645743  0.34645743  0.33809683  0.41711171  0.32166317  0.27451279  0.29769958  0.61962293  0.63205044  0.64469767  0.63205044  0.37214200  0.36347760  0.30559859  0.44551621  0.45524066  0.43592218  0.64469767  0.63205044  0.54927685  0.53819679  0.86743361  0.81699263  0.47509536  0.47509536  0.46509913  0.49551690  0.51653859  0.50595053  0.45524066  0.46509913  0.57196552  0.54927685  0.56053124  0.56053124  0.44551621  0.44551621  0.59539743  0.61962293  0.64469767  0.64469767  0.65757253  0.65757253  0.69764870  0.67068337  0.67068337  0.65757253  0.71152237  0.69764870  0.61962293  0.63205044  0.61962293  0.60740764  0.47509536  0.48523326  0.51653859  0.50595053  0.45524066  0.44551621  0.42645512  0.44551621  0.49551690  0.45524066  0.43592218  0.48523326  0.42645512  0.42645512  0.44551621  0.45524066  0.47509536  0.46509913  0.52728573  0.50595053  0.47509536  0.42645512  0.46509913  0.46509913  0.47509536  0.45524066  0.42645512  0.47509536  0.46509913  0.52728573  0.51653859  0.53819679  0.52728573  0.53819679  0.52728573  0.52728573  0.51653859  0.57196552  0.48523326  0.54927685  0.53819679  0.52728573  0.46509913  0.49551690  0.43592218  0.43592218  0.47509536  0.61962293  0.47509536  0.45524066  0.41711171  0.43592218  0.46509913  0.46509913  0.44551621  0.44551621  0.59539743  0.58358554  0.56053124  0.57196552  0.47509536  0.48523326  0.48523326  0.47509536  0.50595053  0.50595053  0.45524066  0.46509913  0.46509913  0.50595053  0.50595053  0.49551690  
2_0_0      0.10591312  0.09993003  0.00000000  0.30559859  0.32166317  0.35491690  0.33809683  0.48523326  0.48523326  0.50595053  0.34645743  0.41711171  0.37214200  0.37214200  0.38091262  0.38091262  0.38979212  0.45524066  0.28215852  0.26694791  0.28988685  0.60740764  0.65757253  0.64469767  0.63205044  0.38091262  0.37214200  0.29769958  0.42645512  0.46509913  0.44551621  0.60740764  0.64469767  0.54927685  0.51653859  0.90315192  0.85022172  0.48523326  0.48523326  0.47509536  0.50595053  0.50595053  0.49551690  0.43592218  0.44551621  0.54927685  0.51653859  0.51653859  0.57196552  0.45524066  0.45524066  0.56053124  0.57196552  0.58358554  0.59539743  0.60740764  0.60740764  0.65757253  0.63205044  0.63205044  0.61962293  0.63205044  0.61962293  0.57196552  0.60740764  0.59539743  0.58358554  0.46509913  0.47509536  0.50595053  0.51653859  0.43592218  0.42645512  0.41711171  0.41711171  0.54927685  0.50595053  0.47509536  0.46509913  0.46509913  0.46509913  0.48523326  0.50595053  0.49551690  0.50595053  0.53819679  0.51653859  0.53819679  0.46509913  0.50595053  0.50595053  0.51653859  0.51653859  0.50595053  0.51653859  0.50595053  0.51653859  0.51653859  0.53819679  0.52728573  0.53819679  0.52728573  0.52728573  0.51653859  0.53819679  0.49551690  0.50595053  0.49551690  0.48523326  0.46509913  0.48523326  0.44551621  0.44551621  0.46509913  0.61962293  0.49551690  0.45524066  0.41711171  0.43592218  0.46509913  0.46509913  0.45524066  0.45524066  0.56053124  0.54927685  0.57196552  0.58358554  0.47509536  0.50595053  0.48523326  0.49551690  0.59539743  0.49551690  0.47509536  0.48523326  0.48523326  0.43592218  0.43592218  0.46509913  
55_0_0     0.30559859  0.31358579  0.30559859  0.00000000  0.09399657  0.26694791  0.25205401  0.49551690  0.49551690  0.51653859  0.27451279  0.35491690  0.32983281  0.32983281  0.25205401  0.25205401  0.30559859  0.30559859  0.20914713  0.24472176  0.27451279  0.54927685  0.65757253  0.67068337  0.56053124  0.28988685  0.28215852  0.23027892  0.36347760  0.39878322  0.37214200  0.64469767  0.65757253  0.61962293  0.58358554  0.83341425  0.80093953  0.40788876  0.40788876  0.39878322  0.38091262  0.39878322  0.40788876  0.37214200  0.38091262  0.48523326  0.49551690  0.48523326  0.49551690  0.38979212  0.40788876  0.53819679  0.42645512  0.54927685  0.54927685  0.56053124  0.56053124  0.54927685  0.51653859  0.49551690  0.48523326  0.69764870  0.68403898  0.54927685  0.58358554  0.59539743  0.56053124  0.48523326  0.48523326  0.45524066  0.46509913  0.43592218  0.42645512  0.46509913  0.48523326  0.52728573  0.52728573  0.61962293  0.60740764  0.60740764  0.60740764  0.60740764  0.63205044  0.61962293  0.58358554  0.53819679  0.56053124  0.53819679  0.48523326  0.54927685  0.52728573  0.51653859  0.51653859  0.54927685  0.51653859  0.50595053  0.50595053  0.49551690  0.58358554  0.59539743  0.59539743  0.54927685  0.54927685  0.57196552  0.59539743  0.52728573  0.43592218  0.42645512  0.42645512  0.43592218  0.50595053  0.46509913  0.46509913  0.50595053  0.57196552  0.44551621  0.45524066  0.45524066  0.47509536  0.46509913  0.46509913  0.42645512  0.42645512  0.53819679  0.54927685  0.56053124  0.56053124  0.47509536  0.50595053  0.48523326  0.49551690  0.53819679  0.42645512  0.41711171  0.40788876  0.40788876  0.43592218  0.43592218  0.52728573  
57_0_0     0.32983281  0.32983281  0.32166317  0.09399657  0.00000000  0.24472176  0.23027892  0.52728573  0.52728573  0.54927685  0.31358579  0.37214200  0.29769958  0.29769958  0.27451279  0.27451279  0.32983281  0.32983281  0.21612193  0.23746389  0.26694791  0.53819679  0.63205044  0.64469767  0.56053124  0.32166317  0.31358579  0.22316541  0.44551621  0.44551621  0.40788876  0.67068337  0.68403898  0.59539743  0.58358554  0.96031368  0.94074784  0.44551621  0.44551621  0.43592218  0.41711171  0.43592218  0.44551621  0.40788876  0.41711171  0.49551690  0.52728573  0.51653859  0.51653859  0.40788876  0.40788876  0.48523326  0.41711171  0.59539743  0.61962293  0.60740764  0.60740764  0.53819679  0.50595053  0.48523326  0.49551690  0.60740764  0.59539743  0.50595053  0.56053124  0.58358554  0.54927685  0.47509536  0.47509536  0.47509536  0.45524066  0.41711171  0.40788876  0.47509536  0.47509536  0.52728573  0.50595053  0.54927685  0.56053124  0.53819679  0.53819679  0.53819679  0.56053124  0.54927685  0.51653859  0.57196552  0.56053124  0.50595053  0.44551621  0.51653859  0.49551690  0.48523326  0.48523326  0.51653859  0.48523326  0.47509536  0.50595053  0.49551690  0.58358554  0.57196552  0.57196552  0.52728573  0.52728573  0.54927685  0.54927685  0.58358554  0.43592218  0.44551621  0.44551621  0.46509913  0.48523326  0.44551621  0.44551621  0.46509913  0.59539743  0.45524066  0.45524066  0.43592218  0.45524066  0.46509913  0.46509913  0.42645512  0.42645512  0.56053124  0.57196552  0.56053124  0.56053124  0.48523326  0.51653859  0.47509536  0.50595053  0.56053124  0.46509913  0.47509536  0.46509913  0.46509913  0.43592218  0.43592218  0.50595053  
63_0_0     0.38091262  0.38091262  0.35491690  0.26694791  0.24472176  0.00000000  0.05378574  0.47509536  0.47509536  0.49551690  0.37214200  0.35491690  0.26694791  0.26694791  0.34645743  0.34645743  0.35491690  0.41711171  0.22316541  0.21612193  0.23746389  0.49551690  0.51653859  0.52728573  0.46509913  0.34645743  0.33809683  0.20914713  0.40788876  0.37214200  0.38091262  0.59539743  0.60740764  0.54927685  0.53819679  0.76987525  0.78523878  0.50595053  0.50595053  0.49551690  0.50595053  0.51653859  0.52728573  0.46509913  0.47509536  0.48523326  0.52728573  0.49551690  0.53819679  0.49551690  0.50595053  0.51653859  0.45524066  0.61962293  0.64469767  0.63205044  0.63205044  0.59539743  0.52728573  0.52728573  0.51653859  0.71152237  0.69764870  0.53819679  0.53819679  0.64469767  0.63205044  0.46509913  0.46509913  0.57196552  0.49551690  0.40788876  0.40788876  0.44551621  0.51653859  0.45524066  0.46509913  0.56053124  0.49551690  0.54927685  0.56053124  0.54927685  0.58358554  0.54927685  0.48523326  0.58358554  0.58358554  0.52728573  0.46509913  0.50595053  0.50595053  0.52728573  0.50595053  0.49551690  0.50595053  0.51653859  0.56053124  0.52728573  0.59539743  0.59539743  0.59539743  0.58358554  0.58358554  0.59539743  0.58358554  0.54927685  0.44551621  0.45524066  0.46509913  0.47509536  0.46509913  0.44551621  0.44551621  0.48523326  0.64469767  0.41711171  0.43592218  0.41711171  0.40788876  0.43592218  0.43592218  0.43592218  0.43592218  0.54927685  0.53819679  0.54927685  0.53819679  0.52728573  0.54927685  0.50595053  0.54927685  0.52728573  0.47509536  0.48523326  0.49551690  0.49551690  0.43592218  0.43592218  0.46509913  
6_0_0      0.36347760  0.36347760  0.33809683  0.25205401  0.23027892  0.05378574  0.00000000  0.46509913  0.46509913  0.48523326  0.33809683  0.30559859  0.25205401  0.25205401  0.29769958  0.29769958  0.30559859  0.38091262  0.19539828  0.21612193  0.23746389  0.51653859  0.53819679  0.54927685  0.48523326  0.32983281  0.32166317  0.20914713  0.38091262  0.35491690  0.36347760  0.57196552  0.56053124  0.51653859  0.50595053  0.74010398  0.75483475  0.43592218  0.43592218  0.42645512  0.42645512  0.43592218  0.44551621  0.39878322  0.40788876  0.45524066  0.51653859  0.48523326  0.49551690  0.42645512  0.44551621  0.48523326  0.42645512  0.50595053  0.54927685  0.56053124  0.56053124  0.58358554  0.56053124  0.56053124  0.52728573  0.63205044  0.61962293  0.53819679  0.56053124  0.64469767  0.59539743  0.41711171  0.41711171  0.54927685  0.43592218  0.40788876  0.38979212  0.41711171  0.48523326  0.48523326  0.49551690  0.57196552  0.52728573  0.56053124  0.56053124  0.56053124  0.59539743  0.53819679  0.49551690  0.57196552  0.59539743  0.56053124  0.47509536  0.53819679  0.53819679  0.56053124  0.53819679  0.52728573  0.53819679  0.52728573  0.57196552  0.53819679  0.60740764  0.60740764  0.60740764  0.59539743  0.59539743  0.58358554  0.59539743  0.54927685  0.42645512  0.43592218  0.43592218  0.46509913  0.45524066  0.43592218  0.43592218  0.47509536  0.57196552  0.39878322  0.40788876  0.38979212  0.38091262  0.41711171  0.41711171  0.38979212  0.38979212  0.51653859  0.50595053  0.47509536  0.50595053  0.49551690  0.49551690  0.47509536  0.51653859  0.50595053  0.46509913  0.43592218  0.44551621  0.44551621  0.44551621  0.44551621  0.43592218  
59_0_0     0.46509913  0.46509913  0.48523326  0.49551690  0.52728573  0.47509536  0.46509913  0.00000000  0.00000000  0.01043848  0.52728573  0.56053124  0.51653859  0.51653859  0.60740764  0.60740764  0.58358554  0.60740764  0.49551690  0.49551690  0.47509536  0.74010398  0.74010398  0.74010398  0.72567044  0.53819679  0.54927685  0.46509913  0.53819679  0.53819679  0.58358554  0.63205044  0.67068337  0.57196552  0.61962293  0.71152237  0.71152237  0.60740764  0.60740764  0.58358554  0.65757253  0.64469767  0.63205044  0.63205044  0.64469767  0.67068337  0.64469767  0.64469767  0.68403898  0.68403898  0.65757253  0.69764870  0.64469767  0.69764870  0.64469767  0.64469767  0.61962293  0.81699263  0.81699263  0.83341425  0.72567044  0.83341425  0.85022172  0.80093953  0.76987525  0.72567044  0.69764870  0.60740764  0.61962293  0.65757253  0.68403898  0.67068337  0.64469767  0.63205044  0.72567044  0.57196552  0.61962293  0.61962293  0.60740764  0.63205044  0.63205044  0.65757253  0.65757253  0.61962293  0.60740764  0.86743361  0.90315192  0.71152237  0.71152237  0.69764870  0.67068337  0.74010398  0.72567044  0.71152237  0.72567044  0.71152237  0.65757253  0.63205044  0.65757253  0.67068337  0.67068337  0.65757253  0.65757253  0.65757253  0.67068337  0.63205044  0.58358554  0.57196552  0.56053124  0.61962293  0.71152237  0.67068337  0.67068337  0.65757253  0.80093953  0.58358554  0.60740764  0.58358554  0.56053124  0.60740764  0.60740764  0.58358554  0.58358554  0.68403898  0.69764870  0.67068337  0.69764870  0.74010398  0.75483475  0.76987525  0.74010398  0.59539743  0.69764870  0.63205044  0.61962293  0.61962293  0.74010398  0.74010398  0.71152237  
39_0_0     0.46509913  0.46509913  0.48523326  0.49551690  0.52728573  0.47509536  0.46509913  0.00000000  0.00000000  0.01043848  0.52728573  0.56053124  0.51653859  0.51653859  0.60740764  0.60740764  0.58358554  0.60740764  0.49551690  0.49551690  0.47509536  0.74010398  0.74010398  0.74010398  0.72567044  0.53819679  0.54927685  0.46509913  0.53819679  0.53819679  0.58358554  0.63205044  0.67068337  0.57196552  0.61962293  0.71152237  0.71152237  0.60740764  0.60740764  0.58358554  0.65757253  0.64469767  0.63205044  0.63205044  0.64469767  0.67068337  0.64469767  0.64469767  0.68403898  0.68403898  0.65757253  0.69764870  0.64469767  0.69764870  0.64469767  0.64469767  0.61962293  0.81699263  0.81699263  0.83341425  0.72567044  0.83341425  0.85022172  0.80093953  0.76987525  0.72567044  0.69764870  0.60740764  0.61962293  0.65757253  0.68403898  0.67068337  0.64469767  0.63205044  0.72567044  0.57196552  0.61962293  0.61962293  0.60740764  0.63205044  0.63205044  0.65757253  0.65757253  0.61962293  0.60740764  0.86743361  0.90315192  0.71152237  0.71152237  0.69764870  0.67068337  0.74010398  0.72567044  0.71152237  0.72567044  0.71152237  0.65757253  0.63205044  0.65757253  0.67068337  0.67068337  0.65757253  0.65757253  0.65757253  0.67068337  0.63205044  0.58358554  0.57196552  0.56053124  0.61962293  0.71152237  0.67068337  0.67068337  0.65757253  0.80093953  0.58358554  0.60740764  0.58358554  0.56053124  0.60740764  0.60740764  0.58358554  0.58358554  0.68403898  0.69764870  0.67068337  0.69764870  0.74010398  0.75483475  0.76987525  0.74010398  0.59539743  0.69764870  0.63205044  0.61962293  0.61962293  0.74010398  0.74010398  0.71152237  
60_0_0     0.46509913  0.46509913  0.50595053  0.51653859  0.54927685  0.49551690  0.48523326  0.01043848  0.01043848  0.00000000  0.53819679  0.58358554  0.53819679  0.53819679  0.60740764  0.60740764  0.58358554  0.60740764  0.51653859  0.51653859  0.49551690  0.74010398  0.72567044  0.72567044  0.72567044  0.56053124  0.57196552  0.48523326  0.53819679  0.56053124  0.60740764  0.64469767  0.68403898  0.58358554  0.63205044  0.69764870  0.72567044  0.63205044  0.63205044  0.60740764  0.65757253  0.64469767  0.63205044  0.63205044  0.64469767  0.67068337  0.63205044  0.63205044  0.68403898  0.68403898  0.65757253  0.72567044  0.67068337  0.72567044  0.67068337  0.67068337  0.64469767  0.81699263  0.81699263  0.83341425  0.72567044  0.83341425  0.85022172  0.80093953  0.76987525  0.72567044  0.69764870  0.60740764  0.61962293  0.65757253  0.71152237  0.67068337  0.64469767  0.63205044  0.69764870  0.59539743  0.61962293  0.64469767  0.63205044  0.65757253  0.65757253  0.65757253  0.65757253  0.64469767  0.63205044  0.83341425  0.86743361  0.68403898  0.68403898  0.67068337  0.64469767  0.71152237  0.69764870  0.68403898  0.69764870  0.68403898  0.65757253  0.63205044  0.65757253  0.67068337  0.67068337  0.65757253  0.65757253  0.65757253  0.69764870  0.63205044  0.60740764  0.59539743  0.56053124  0.59539743  0.68403898  0.67068337  0.67068337  0.65757253  0.80093953  0.56053124  0.58358554  0.58358554  0.56053124  0.60740764  0.60740764  0.57196552  0.57196552  0.68403898  0.69764870  0.67068337  0.69764870  0.74010398  0.72567044  0.74010398  0.71152237  0.58358554  0.67068337  0.63205044  0.59539743  0.59539743  0.74010398  0.74010398  0.71152237  
5_0_0      0.33809683  0.33809683  0.34645743  0.27451279  0.31358579  0.37214200  0.33809683  0.52728573  0.52728573  0.53819679  0.00000000  0.39878322  0.33809683  0.33809683  0.32166317  0.32166317  0.33809683  0.35491690  0.28988685  0.32166317  0.32166317  0.63205044  0.63205044  0.64469767  0.56053124  0.37214200  0.38091262  0.30559859  0.38979212  0.43592218  0.42645512  0.57196552  0.56053124  0.52728573  0.49551690  0.72567044  0.75483475  0.35491690  0.35491690  0.34645743  0.33809683  0.35491690  0.36347760  0.34645743  0.35491690  0.39878322  0.42645512  0.41711171  0.44551621  0.37214200  0.38979212  0.53819679  0.44551621  0.47509536  0.44551621  0.45524066  0.45524066  0.60740764  0.56053124  0.56053124  0.54927685  0.72567044  0.71152237  0.58358554  0.61962293  0.53819679  0.53819679  0.41711171  0.41711171  0.46509913  0.45524066  0.46509913  0.45524066  0.38091262  0.44551621  0.52728573  0.56053124  0.51653859  0.49551690  0.50595053  0.50595053  0.53819679  0.51653859  0.53819679  0.50595053  0.51653859  0.56053124  0.51653859  0.50595053  0.54927685  0.52728573  0.54927685  0.53819679  0.52728573  0.51653859  0.50595053  0.56053124  0.52728573  0.54927685  0.56053124  0.57196552  0.51653859  0.51653859  0.48523326  0.53819679  0.50595053  0.42645512  0.41711171  0.39878322  0.38091262  0.44551621  0.43592218  0.43592218  0.45524066  0.68403898  0.44551621  0.46509913  0.43592218  0.45524066  0.44551621  0.44551621  0.46509913  0.46509913  0.51653859  0.50595053  0.51653859  0.50595053  0.42645512  0.44551621  0.44551621  0.41711171  0.49551690  0.44551621  0.46509913  0.46509913  0.46509913  0.45524066  0.45524066  0.46509913  
36_6_0     0.42645512  0.42645512  0.41711171  0.35491690  0.37214200  0.35491690  0.30559859  0.56053124  0.56053124  0.58358554  0.39878322  0.00000000  0.27451279  0.27451279  0.37214200  0.37214200  0.38091262  0.44551621  0.32983281  0.33809683  0.36347760  0.75483475  0.74010398  0.75483475  0.71152237  0.36347760  0.35491690  0.32983281  0.49551690  0.48523326  0.46509913  0.63205044  0.64469767  0.68403898  0.63205044  0.90315192  0.90315192  0.46509913  0.46509913  0.45524066  0.51653859  0.52728573  0.53819679  0.50595053  0.51653859  0.51653859  0.51653859  0.48523326  0.53819679  0.50595053  0.54927685  0.65757253  0.57196552  0.59539743  0.59539743  0.60740764  0.63205044  0.52728573  0.52728573  0.52728573  0.49551690  0.64469767  0.64469767  0.61962293  0.67068337  0.68403898  0.63205044  0.53819679  0.51653859  0.59539743  0.53819679  0.53819679  0.54927685  0.51653859  0.59539743  0.61962293  0.59539743  0.61962293  0.67068337  0.60740764  0.60740764  0.64469767  0.61962293  0.60740764  0.58358554  0.69764870  0.75483475  0.61962293  0.57196552  0.64469767  0.64469767  0.64469767  0.61962293  0.60740764  0.59539743  0.58358554  0.71152237  0.69764870  0.68403898  0.71152237  0.71152237  0.63205044  0.65757253  0.65757253  0.65757253  0.65757253  0.51653859  0.52728573  0.52728573  0.48523326  0.49551690  0.50595053  0.50595053  0.54927685  0.76987525  0.49551690  0.51653859  0.50595053  0.50595053  0.51653859  0.51653859  0.49551690  0.49551690  0.58358554  0.58358554  0.57196552  0.56053124  0.54927685  0.57196552  0.59539743  0.54927685  0.51653859  0.50595053  0.51653859  0.52728573  0.52728573  0.59539743  0.59539743  0.56053124  
44_6_0     0.38091262  0.38091262  0.37214200  0.32983281  0.29769958  0.26694791  0.25205401  0.51653859  0.51653859  0.53819679  0.33809683  0.27451279  0.00000000  0.00000000  0.38091262  0.38091262  0.38979212  0.38091262  0.30559859  0.32166317  0.36347760  0.53819679  0.57196552  0.56053124  0.52728573  0.40788876  0.39878322  0.32983281  0.44551621  0.39878322  0.38979212  0.58358554  0.59539743  0.53819679  0.50595053  0.75483475  0.76987525  0.51653859  0.51653859  0.50595053  0.53819679  0.52728573  0.53819679  0.49551690  0.50595053  0.54927685  0.50595053  0.49551690  0.56053124  0.58358554  0.61962293  0.58358554  0.50595053  0.59539743  0.57196552  0.56053124  0.53819679  0.58358554  0.60740764  0.58358554  0.57196552  0.72567044  0.76987525  0.68403898  0.72567044  0.61962293  0.58358554  0.50595053  0.48523326  0.59539743  0.51653859  0.42645512  0.41711171  0.47509536  0.54927685  0.54927685  0.53819679  0.57196552  0.57196552  0.58358554  0.58358554  0.61962293  0.59539743  0.56053124  0.56053124  0.61962293  0.64469767  0.57196552  0.50595053  0.57196552  0.57196552  0.57196552  0.57196552  0.56053124  0.57196552  0.56053124  0.57196552  0.56053124  0.56053124  0.57196552  0.57196552  0.57196552  0.54927685  0.56053124  0.59539743  0.54927685  0.50595053  0.51653859  0.50595053  0.44551621  0.48523326  0.48523326  0.48523326  0.50595053  0.63205044  0.48523326  0.47509536  0.45524066  0.47509536  0.44551621  0.44551621  0.49551690  0.49551690  0.56053124  0.53819679  0.50595053  0.51653859  0.48523326  0.48523326  0.48523326  0.48523326  0.58358554  0.45524066  0.47509536  0.48523326  0.48523326  0.51653859  0.51653859  0.48523326  
54_6_0     0.38091262  0.38091262  0.37214200  0.32983281  0.29769958  0.26694791  0.25205401  0.51653859  0.51653859  0.53819679  0.33809683  0.27451279  0.00000000  0.00000000  0.38091262  0.38091262  0.38979212  0.38091262  0.30559859  0.32166317  0.36347760  0.53819679  0.57196552  0.56053124  0.52728573  0.40788876  0.39878322  0.32983281  0.44551621  0.39878322  0.38979212  0.58358554  0.59539743  0.53819679  0.50595053  0.75483475  0.76987525  0.51653859  0.51653859  0.50595053  0.53819679  0.52728573  0.53819679  0.49551690  0.50595053  0.54927685  0.50595053  0.49551690  0.56053124  0.58358554  0.61962293  0.58358554  0.50595053  0.59539743  0.57196552  0.56053124  0.53819679  0.58358554  0.60740764  0.58358554  0.57196552  0.72567044  0.76987525  0.68403898  0.72567044  0.61962293  0.58358554  0.50595053  0.48523326  0.59539743  0.51653859  0.42645512  0.41711171  0.47509536  0.54927685  0.54927685  0.53819679  0.57196552  0.57196552  0.58358554  0.58358554  0.61962293  0.59539743  0.56053124  0.56053124  0.61962293  0.64469767  0.57196552  0.50595053  0.57196552  0.57196552  0.57196552  0.57196552  0.56053124  0.57196552  0.56053124  0.57196552  0.56053124  0.56053124  0.57196552  0.57196552  0.57196552  0.54927685  0.56053124  0.59539743  0.54927685  0.50595053  0.51653859  0.50595053  0.44551621  0.48523326  0.48523326  0.48523326  0.50595053  0.63205044  0.48523326  0.47509536  0.45524066  0.47509536  0.44551621  0.44551621  0.49551690  0.49551690  0.56053124  0.53819679  0.50595053  0.51653859  0.48523326  0.48523326  0.48523326  0.48523326  0.58358554  0.45524066  0.47509536  0.48523326  0.48523326  0.51653859  0.51653859  0.48523326  
44_0_0     0.34645743  0.34645743  0.38091262  0.25205401  0.27451279  0.34645743  0.29769958  0.60740764  0.60740764  0.60740764  0.32166317  0.37214200  0.38091262  0.38091262  0.00000000  0.00000000  0.05939360  0.11194667  0.23746389  0.27451279  0.32983281  0.47509536  0.49551690  0.50595053  0.48523326  0.32166317  0.31358579  0.28988685  0.47509536  0.50595053  0.46509913  0.61962293  0.63205044  0.58358554  0.54927685  0.80093953  0.75483475  0.43592218  0.43592218  0.42645512  0.41711171  0.43592218  0.44551621  0.43592218  0.44551621  0.52728573  0.51653859  0.52728573  0.53819679  0.41711171  0.44551621  0.54927685  0.51653859  0.59539743  0.61962293  0.63205044  0.63205044  0.51653859  0.54927685  0.52728573  0.51653859  0.61962293  0.58358554  0.49551690  0.52728573  0.69764870  0.68403898  0.52728573  0.52728573  0.54927685  0.52728573  0.46509913  0.45524066  0.56053124  0.56053124  0.60740764  0.59539743  0.65757253  0.71152237  0.64469767  0.64469767  0.63205044  0.63205044  0.63205044  0.67068337  0.61962293  0.65757253  0.53819679  0.49551690  0.54927685  0.54927685  0.53819679  0.53819679  0.54927685  0.53819679  0.52728573  0.61962293  0.60740764  0.68403898  0.69764870  0.69764870  0.61962293  0.64469767  0.67068337  0.67068337  0.61962293  0.50595053  0.49551690  0.47509536  0.46509913  0.50595053  0.47509536  0.47509536  0.51653859  0.65757253  0.48523326  0.40788876  0.39878322  0.41711171  0.40788876  0.40788876  0.38979212  0.38979212  0.60740764  0.59539743  0.59539743  0.60740764  0.49551690  0.49551690  0.49551690  0.50595053  0.54927685  0.42645512  0.44551621  0.44551621  0.44551621  0.56053124  0.56053124  0.56053124  
54_0_0     0.34645743  0.34645743  0.38091262  0.25205401  0.27451279  0.34645743  0.29769958  0.60740764  0.60740764  0.60740764  0.32166317  0.37214200  0.38091262  0.38091262  0.00000000  0.00000000  0.05939360  0.11194667  0.23746389  0.27451279  0.32983281  0.47509536  0.49551690  0.50595053  0.48523326  0.32166317  0.31358579  0.28988685  0.47509536  0.50595053  0.46509913  0.61962293  0.63205044  0.58358554  0.54927685  0.80093953  0.75483475  0.43592218  0.43592218  0.42645512  0.41711171  0.43592218  0.44551621  0.43592218  0.44551621  0.52728573  0.51653859  0.52728573  0.53819679  0.41711171  0.44551621  0.54927685  0.51653859  0.59539743  0.61962293  0.63205044  0.63205044  0.51653859  0.54927685  0.52728573  0.51653859  0.61962293  0.58358554  0.49551690  0.52728573  0.69764870  0.68403898  0.52728573  0.52728573  0.54927685  0.52728573  0.46509913  0.45524066  0.56053124  0.56053124  0.60740764  0.59539743  0.65757253  0.71152237  0.64469767  0.64469767  0.63205044  0.63205044  0.63205044  0.67068337  0.61962293  0.65757253  0.53819679  0.49551690  0.54927685  0.54927685  0.53819679  0.53819679  0.54927685  0.53819679  0.52728573  0.61962293  0.60740764  0.68403898  0.69764870  0.69764870  0.61962293  0.64469767  0.67068337  0.67068337  0.61962293  0.50595053  0.49551690  0.47509536  0.46509913  0.50595053  0.47509536  0.47509536  0.51653859  0.65757253  0.48523326  0.40788876  0.39878322  0.41711171  0.40788876  0.40788876  0.38979212  0.38979212  0.60740764  0.59539743  0.59539743  0.60740764  0.49551690  0.49551690  0.49551690  0.50595053  0.54927685  0.42645512  0.44551621  0.44551621  0.44551621  0.56053124  0.56053124  0.56053124  
36_0_0     0.33809683  0.33809683  0.38979212  0.30559859  0.32983281  0.35491690  0.30559859  0.58358554  0.58358554  0.58358554  0.33809683  0.38091262  0.38979212  0.38979212  0.05939360  0.05939360  0.00000000  0.10591312  0.26694791  0.31358579  0.32166317  0.47509536  0.48523326  0.49551690  0.49551690  0.32166317  0.31358579  0.32166317  0.50595053  0.49551690  0.50595053  0.63205044  0.64469767  0.58358554  0.57196552  0.83341425  0.78523878  0.46509913  0.46509913  0.45524066  0.46509913  0.48523326  0.49551690  0.48523326  0.49551690  0.60740764  0.57196552  0.58358554  0.60740764  0.50595053  0.53819679  0.59539743  0.57196552  0.58358554  0.59539743  0.60740764  0.60740764  0.58358554  0.59539743  0.59539743  0.58358554  0.61962293  0.58358554  0.51653859  0.54927685  0.63205044  0.61962293  0.52728573  0.52728573  0.59539743  0.54927685  0.44551621  0.43592218  0.53819679  0.56053124  0.60740764  0.59539743  0.61962293  0.64469767  0.60740764  0.60740764  0.61962293  0.61962293  0.60740764  0.65757253  0.60740764  0.64469767  0.54927685  0.50595053  0.56053124  0.56053124  0.57196552  0.54927685  0.53819679  0.54927685  0.53819679  0.64469767  0.63205044  0.69764870  0.71152237  0.71152237  0.65757253  0.65757253  0.68403898  0.68403898  0.63205044  0.54927685  0.53819679  0.51653859  0.44551621  0.50595053  0.47509536  0.47509536  0.49551690  0.67068337  0.47509536  0.43592218  0.42645512  0.44551621  0.43592218  0.43592218  0.43592218  0.43592218  0.61962293  0.60740764  0.58358554  0.59539743  0.53819679  0.51653859  0.53819679  0.52728573  0.53819679  0.50595053  0.50595053  0.50595053  0.50595053  0.56053124  0.56053124  0.58358554  
32_0_0     0.41711171  0.41711171  0.45524066  0.30559859  0.32983281  0.41711171  0.38091262  0.60740764  0.60740764  0.60740764  0.35491690  0.44551621  0.38091262  0.38091262  0.11194667  0.11194667  0.10591312  0.00000000  0.29769958  0.38979212  0.43592218  0.52728573  0.54927685  0.56053124  0.54927685  0.38091262  0.37214200  0.35491690  0.49551690  0.50595053  0.47509536  0.61962293  0.63205044  0.61962293  0.58358554  0.78523878  0.76987525  0.50595053  0.50595053  0.49551690  0.46509913  0.48523326  0.49551690  0.51653859  0.52728573  0.64469767  0.60740764  0.61962293  0.68403898  0.53819679  0.54927685  0.60740764  0.52728573  0.58358554  0.59539743  0.60740764  0.60740764  0.61962293  0.65757253  0.63205044  0.61962293  0.64469767  0.65757253  0.61962293  0.63205044  0.67068337  0.65757253  0.57196552  0.57196552  0.57196552  0.50595053  0.50595053  0.49551690  0.58358554  0.53819679  0.59539743  0.60740764  0.65757253  0.65757253  0.67068337  0.67068337  0.67068337  0.65757253  0.64469767  0.69764870  0.67068337  0.71152237  0.60740764  0.57196552  0.64469767  0.64469767  0.63205044  0.63205044  0.67068337  0.63205044  0.61962293  0.61962293  0.63205044  0.65757253  0.67068337  0.67068337  0.61962293  0.61962293  0.61962293  0.63205044  0.64469767  0.49551690  0.50595053  0.48523326  0.47509536  0.54927685  0.51653859  0.51653859  0.53819679  0.69764870  0.57196552  0.50595053  0.51653859  0.53819679  0.50595053  0.50595053  0.50595053  0.50595053  0.57196552  0.56053124  0.58358554  0.57196552  0.54927685  0.54927685  0.54927685  0.56053124  0.59539743  0.52728573  0.48523326  0.48523326  0.48523326  0.58358554  0.58358554  0.60740764  
4_0_0      0.32166317  0.32166317  0.28215852  0.20914713  0.21612193  0.22316541  0.19539828  0.49551690  0.49551690  0.51653859  0.28988685  0.32983281  0.30559859  0.30559859  0.23746389  0.23746389  0.26694791  0.29769958  0.00000000  0.17525813  0.20223967  0.50595053  0.53819679  0.54927685  0.51653859  0.32983281  0.32166317  0.17525813  0.41711171  0.41711171  0.40788876  0.59539743  0.58358554  0.54927685  0.52728573  0.76987525  0.69764870  0.46509913  0.46509913  0.45524066  0.38979212  0.40788876  0.41711171  0.41711171  0.42645512  0.47509536  0.53819679  0.51653859  0.49551690  0.40788876  0.42645512  0.52728573  0.40788876  0.51653859  0.52728573  0.51653859  0.51653859  0.47509536  0.45524066  0.45524066  0.44551621  0.54927685  0.53819679  0.44551621  0.44551621  0.57196552  0.52728573  0.45524066  0.45524066  0.46509913  0.38979212  0.43592218  0.40788876  0.40788876  0.46509913  0.49551690  0.49551690  0.58358554  0.60740764  0.57196552  0.57196552  0.58358554  0.59539743  0.56053124  0.54927685  0.48523326  0.52728573  0.52728573  0.45524066  0.51653859  0.51653859  0.52728573  0.50595053  0.51653859  0.50595053  0.49551690  0.54927685  0.52728573  0.61962293  0.63205044  0.63205044  0.58358554  0.58358554  0.57196552  0.58358554  0.58358554  0.38979212  0.38091262  0.37214200  0.40788876  0.46509913  0.43592218  0.43592218  0.47509536  0.60740764  0.44551621  0.39878322  0.39878322  0.39878322  0.40788876  0.40788876  0.38091262  0.38091262  0.52728573  0.51653859  0.52728573  0.51653859  0.44551621  0.43592218  0.43592218  0.46509913  0.49551690  0.45524066  0.39878322  0.40788876  0.40788876  0.42645512  0.42645512  0.43592218  
24_0_0     0.27451279  0.27451279  0.26694791  0.24472176  0.23746389  0.21612193  0.21612193  0.49551690  0.49551690  0.51653859  0.32166317  0.33809683  0.32166317  0.32166317  0.27451279  0.27451279  0.31358579  0.38979212  0.17525813  0.00000000  0.04822149  0.56053124  0.58358554  0.59539743  0.54927685  0.35491690  0.34645743  0.20223967  0.38979212  0.40788876  0.38979212  0.53819679  0.54927685  0.51653859  0.51653859  0.78523878  0.74010398  0.41711171  0.41711171  0.40788876  0.43592218  0.43592218  0.44551621  0.36347760  0.37214200  0.50595053  0.53819679  0.50595053  0.52728573  0.38979212  0.38979212  0.56053124  0.48523326  0.53819679  0.53819679  0.52728573  0.52728573  0.48523326  0.42645512  0.43592218  0.44551621  0.59539743  0.56053124  0.46509913  0.47509536  0.58358554  0.57196552  0.45524066  0.45524066  0.50595053  0.42645512  0.41711171  0.42645512  0.43592218  0.45524066  0.59539743  0.54927685  0.53819679  0.53819679  0.52728573  0.52728573  0.54927685  0.56053124  0.54927685  0.50595053  0.51653859  0.49551690  0.52728573  0.45524066  0.49551690  0.49551690  0.50595053  0.50595053  0.49551690  0.50595053  0.49551690  0.46509913  0.44551621  0.54927685  0.54927685  0.54927685  0.53819679  0.53819679  0.50595053  0.54927685  0.52728573  0.46509913  0.45524066  0.44551621  0.42645512  0.47509536  0.43592218  0.43592218  0.47509536  0.65757253  0.41711171  0.39878322  0.39878322  0.41711171  0.44551621  0.44551621  0.36347760  0.36347760  0.56053124  0.54927685  0.52728573  0.54927685  0.47509536  0.50595053  0.50595053  0.49551690  0.53819679  0.47509536  0.48523326  0.49551690  0.49551690  0.39878322  0.39878322  0.44551621  
33_0_0     0.29769958  0.29769958  0.28988685  0.27451279  0.26694791  0.23746389  0.23746389  0.47509536  0.47509536  0.49551690  0.32166317  0.36347760  0.36347760  0.36347760  0.32983281  0.32983281  0.32166317  0.43592218  0.20223967  0.04822149  0.00000000  0.57196552  0.58358554  0.59539743  0.56053124  0.35491690  0.36347760  0.21612193  0.45524066  0.41711171  0.41711171  0.53819679  0.54927685  0.47509536  0.49551690  0.80093953  0.75483475  0.39878322  0.39878322  0.38979212  0.41711171  0.41711171  0.42645512  0.36347760  0.37214200  0.51653859  0.54927685  0.51653859  0.52728573  0.38979212  0.38979212  0.53819679  0.50595053  0.54927685  0.51653859  0.50595053  0.50595053  0.53819679  0.47509536  0.48523326  0.49551690  0.57196552  0.51653859  0.48523326  0.48523326  0.58358554  0.57196552  0.40788876  0.40788876  0.50595053  0.42645512  0.37214200  0.37214200  0.38979212  0.44551621  0.58358554  0.53819679  0.49551690  0.49551690  0.48523326  0.48523326  0.52728573  0.52728573  0.50595053  0.46509913  0.51653859  0.51653859  0.54927685  0.47509536  0.51653859  0.49551690  0.54927685  0.52728573  0.49551690  0.52728573  0.51653859  0.45524066  0.43592218  0.53819679  0.53819679  0.53819679  0.52728573  0.52728573  0.50595053  0.53819679  0.52728573  0.44551621  0.43592218  0.42645512  0.41711171  0.41711171  0.38091262  0.38091262  0.41711171  0.65757253  0.37214200  0.38091262  0.38091262  0.38979212  0.42645512  0.42645512  0.37214200  0.37214200  0.54927685  0.56053124  0.51653859  0.53819679  0.45524066  0.46509913  0.48523326  0.45524066  0.53819679  0.45524066  0.48523326  0.47509536  0.47509536  0.41711171  0.41711171  0.48523326  
40_0_0     0.61962293  0.61962293  0.60740764  0.54927685  0.53819679  0.49551690  0.51653859  0.74010398  0.74010398  0.74010398  0.63205044  0.75483475  0.53819679  0.53819679  0.47509536  0.47509536  0.47509536  0.52728573  0.50595053  0.56053124  0.57196552  0.00000000  0.09399657  0.08811192  0.05378574  0.60740764  0.59539743  0.60740764  0.68403898  0.65757253  0.68403898  0.67068337  0.65757253  0.64469767  0.61962293  0.88506986  0.88506986  0.63205044  0.63205044  0.63205044  0.59539743  0.58358554  0.59539743  0.63205044  0.64469767  0.74010398  0.71152237  0.69764870  0.72567044  0.60740764  0.61962293  0.72567044  0.67068337  0.86743361  0.86743361  0.85022172  0.83341425  0.68403898  0.71152237  0.68403898  0.65757253  0.71152237  0.72567044  0.71152237  0.68403898  0.76987525  0.80093953  0.67068337  0.67068337  0.80093953  0.69764870  0.61962293  0.59539743  0.64469767  0.63205044  0.64469767  0.61962293  0.74010398  0.72567044  0.74010398  0.74010398  0.69764870  0.72567044  0.74010398  0.75483475  0.63205044  0.64469767  0.68403898  0.68403898  0.63205044  0.63205044  0.67068337  0.68403898  0.68403898  0.67068337  0.67068337  0.65757253  0.64469767  0.65757253  0.69764870  0.69764870  0.69764870  0.69764870  0.72567044  0.76987525  0.60740764  0.56053124  0.54927685  0.54927685  0.58358554  0.61962293  0.59539743  0.59539743  0.60740764  0.60740764  0.74010398  0.61962293  0.59539743  0.59539743  0.57196552  0.57196552  0.65757253  0.65757253  0.69764870  0.71152237  0.75483475  0.72567044  0.65757253  0.71152237  0.68403898  0.68403898  0.75483475  0.63205044  0.57196552  0.56053124  0.56053124  0.67068337  0.67068337  0.68403898  
8_0_0      0.63205044  0.63205044  0.65757253  0.65757253  0.63205044  0.51653859  0.53819679  0.74010398  0.74010398  0.72567044  0.63205044  0.74010398  0.57196552  0.57196552  0.49551690  0.49551690  0.48523326  0.54927685  0.53819679  0.58358554  0.58358554  0.09399657  0.00000000  0.00520020  0.07648588  0.63205044  0.61962293  0.64469767  0.71152237  0.71152237  0.74010398  0.69764870  0.68403898  0.68403898  0.65757253  0.92170292  0.92170292  0.65757253  0.65757253  0.64469767  0.68403898  0.69764870  0.71152237  0.72567044  0.74010398  0.81699263  0.76987525  0.75483475  0.76987525  0.68403898  0.69764870  0.76987525  0.72567044  0.85022172  0.85022172  0.83341425  0.81699263  0.76987525  0.80093953  0.76987525  0.75483475  0.68403898  0.69764870  0.68403898  0.65757253  0.85022172  0.88506986  0.74010398  0.74010398  0.86743361  0.74010398  0.71152237  0.68403898  0.71152237  0.69764870  0.65757253  0.67068337  0.80093953  0.76987525  0.80093953  0.80093953  0.76987525  0.81699263  0.80093953  0.80093953  0.68403898  0.71152237  0.71152237  0.74010398  0.71152237  0.71152237  0.76987525  0.74010398  0.74010398  0.72567044  0.72567044  0.78523878  0.74010398  0.75483475  0.80093953  0.80093953  0.80093953  0.80093953  0.83341425  0.85022172  0.69764870  0.60740764  0.59539743  0.57196552  0.60740764  0.65757253  0.65757253  0.65757253  0.69764870  0.69764870  0.78523878  0.68403898  0.68403898  0.68403898  0.65757253  0.65757253  0.68403898  0.68403898  0.75483475  0.76987525  0.81699263  0.78523878  0.75483475  0.78523878  0.75483475  0.75483475  0.78523878  0.71152237  0.67068337  0.63205044  0.63205044  0.75483475  0.75483475  0.72567044  
