20
15_0_0     0.00000000  0.11678059  0.11678059  0.11678059  0.11678059  0.10632035  0.10632035  0.23032965  0.23648674  0.22422290  0.21816568  0.21816568  0.23648674  0.23032965  0.25526858  0.25526858  0.25526858  0.28106916  0.27453497  0.30102189  
12_0_0     0.11678059  0.00000000  0.00000000  0.00000000  0.02752819  0.01823893  0.01823893  0.20028332  0.21816568  0.15459015  0.19441643  0.19441643  0.16575404  0.17139919  0.18281914  0.21215719  0.21215719  0.21215719  0.21816568  0.26805746  
19_0_0     0.11678059  0.00000000  0.00000000  0.00000000  0.02752819  0.01823893  0.01823893  0.20028332  0.21816568  0.15459015  0.19441643  0.19441643  0.16575404  0.17139919  0.18281914  0.21215719  0.21215719  0.21215719  0.21816568  0.26805746  
20_0_0     0.11678059  0.00000000  0.00000000  0.00000000  0.02752819  0.01823893  0.01823893  0.20028332  0.21816568  0.15459015  0.19441643  0.19441643  0.16575404  0.17139919  0.18281914  0.21215719  0.21215719  0.21215719  0.21816568  0.26805746  
13_0_0     0.11678059  0.02752819  0.02752819  0.02752819  0.00000000  0.00906379  0.00906379  0.21215719  0.23032965  0.14907017  0.17708734  0.17708734  0.16015123  0.16575404  0.17708734  0.20619665  0.20619665  0.20619665  0.21215719  0.24895534  
18_0_0     0.10632035  0.01823893  0.01823893  0.01823893  0.00906379  0.00000000  0.00000000  0.20028332  0.21816568  0.14907017  0.17708734  0.17708734  0.16015123  0.16575404  0.17708734  0.20619665  0.20619665  0.20619665  0.21215719  0.24895534  
14_0_0     0.10632035  0.01823893  0.01823893  0.01823893  0.00906379  0.00000000  0.00000000  0.20028332  0.21816568  0.14907017  0.17708734  0.17708734  0.16015123  0.16575404  0.17708734  0.20619665  0.20619665  0.20619665  0.21215719  0.24895534  
16_0_0     0.23032965  0.20028332  0.20028332  0.20028332  0.21215719  0.20028332  0.20028332  0.00000000  0.03221652  0.25526858  0.28766101  0.28766101  0.26805746  0.26163565  0.27453497  0.32152235  0.32152235  0.31462615  0.30779304  0.34976217  
17_0_0     0.23648674  0.21816568  0.21816568  0.21816568  0.23032965  0.21816568  0.21816568  0.03221652  0.00000000  0.27453497  0.29431157  0.29431157  0.28766101  0.28106916  0.29431157  0.34260148  0.34260148  0.33550879  0.32848283  0.37166563  
10_0_0     0.22422290  0.15459015  0.15459015  0.15459015  0.14907017  0.14907017  0.14907017  0.25526858  0.27453497  0.00000000  0.05126978  0.05126978  0.04646070  0.04168239  0.05126978  0.08079331  0.08079331  0.07579096  0.08079331  0.12206617  
7_0_0      0.21816568  0.19441643  0.19441643  0.19441643  0.17708734  0.17708734  0.17708734  0.28766101  0.29431157  0.05126978  0.00000000  0.00000000  0.08079331  0.07579096  0.07579096  0.10632035  0.10632035  0.11678059  0.12206617  0.13275089  
11_0_0     0.21816568  0.19441643  0.19441643  0.19441643  0.17708734  0.17708734  0.17708734  0.28766101  0.29431157  0.05126978  0.00000000  0.00000000  0.08079331  0.07579096  0.07579096  0.10632035  0.10632035  0.11678059  0.12206617  0.13275089  
6_0_0      0.23648674  0.16575404  0.16575404  0.16575404  0.16015123  0.16015123  0.16015123  0.26805746  0.28766101  0.04646070  0.08079331  0.08079331  0.00000000  0.05126978  0.05126978  0.10114467  0.10114467  0.11678059  0.12206617  0.15459015  
1_0_0      0.23032965  0.17139919  0.17139919  0.17139919  0.16575404  0.16575404  0.16575404  0.26163565  0.28106916  0.04168239  0.07579096  0.07579096  0.05126978  0.00000000  0.02752819  0.07579096  0.07579096  0.10632035  0.10114467  0.14359070  
9_0_0      0.25526858  0.18281914  0.18281914  0.18281914  0.17708734  0.17708734  0.17708734  0.27453497  0.29431157  0.05126978  0.07579096  0.07579096  0.05126978  0.02752819  0.00000000  0.08582940  0.08582940  0.10632035  0.10114467  0.15459015  
8_0_0      0.25526858  0.21215719  0.21215719  0.21215719  0.20619665  0.20619665  0.20619665  0.32152235  0.34260148  0.08079331  0.10632035  0.10632035  0.10114467  0.07579096  0.08582940  0.00000000  0.00000000  0.12738942  0.12206617  0.18859527  
2_0_0      0.25526858  0.21215719  0.21215719  0.21215719  0.20619665  0.20619665  0.20619665  0.32152235  0.34260148  0.08079331  0.10632035  0.10632035  0.10114467  0.07579096  0.08582940  0.00000000  0.00000000  0.12738942  0.12206617  0.18859527  
3_0_0      0.28106916  0.21215719  0.21215719  0.21215719  0.20619665  0.20619665  0.20619665  0.31462615  0.33550879  0.07579096  0.11678059  0.11678059  0.11678059  0.10632035  0.10632035  0.12738942  0.12738942  0.00000000  0.01363727  0.09600460  
4_0_0      0.27453497  0.21816568  0.21816568  0.21816568  0.21215719  0.21215719  0.21215719  0.30779304  0.32848283  0.08079331  0.12206617  0.12206617  0.12206617  0.10114467  0.10114467  0.12206617  0.12206617  0.01363727  0.00000000  0.11153216  
5_0_0      0.30102189  0.26805746  0.26805746  0.26805746  0.24895534  0.24895534  0.24895534  0.34976217  0.37166563  0.12206617  0.13275089  0.13275089  0.15459015  0.14359070  0.15459015  0.18859527  0.18859527  0.09600460  0.11153216  0.00000000  

