6
15_0_0     0.00000000  0.06083262  0.04514820  0.04514820  0.08500220  0.07685745  
5_0_0      0.06083262  0.00000000  0.02979002  0.02979002  0.05294877  0.06083262  
16_0_0     0.04514820  0.02979002  0.00000000  0.00000000  0.03742918  0.02979002  
28_0_0     0.04514820  0.02979002  0.00000000  0.00000000  0.03742918  0.02979002  
39_0_0     0.08500220  0.05294877  0.03742918  0.03742918  0.00000000  0.05294877  
29_0_0     0.07685745  0.06083262  0.02979002  0.02979002  0.05294877  0.00000000  

