20
11_0_0     0.00000000  0.04008877  0.16911854  0.23978558  0.21983533  0.26724935  0.19404342  0.19404342  0.21983533  0.20040778  0.18773322  0.57489405  0.54378220  0.60736861  0.61851739  0.59638497  0.62983635  0.64133077  0.57489405  0.57489405  
7_0_0      0.04008877  0.00000000  0.16911854  0.22642595  0.23307568  0.26724935  0.21983533  0.21983533  0.20682724  0.18773322  0.20682724  0.59638497  0.58556166  0.65300617  0.65300617  0.65300617  0.64133077  0.61851739  0.58556166  0.60736861  
10_0_0     0.16911854  0.16911854  0.00000000  0.23978558  0.24655675  0.29576953  0.29576953  0.29576953  0.26724935  0.24655675  0.27427722  0.61851739  0.54378220  0.64133077  0.57489405  0.57489405  0.58556166  0.56437772  0.58556166  0.56437772  
1_0_0      0.23978558  0.22642595  0.23978558  0.00000000  0.08794134  0.20682724  0.18773322  0.18773322  0.28137233  0.25339033  0.26028746  0.61851739  0.53369506  0.72720438  0.65300617  0.65300617  0.68917762  0.56437772  0.55400846  0.55400846  
9_0_0      0.21983533  0.23307568  0.24655675  0.08794134  0.00000000  0.20682724  0.21983533  0.21983533  0.32543067  0.29576953  0.29576953  0.66486835  0.56437772  0.67692337  0.67692337  0.67692337  0.71431090  0.60736861  0.61851739  0.60736861  
6_0_0      0.26724935  0.26724935  0.29576953  0.20682724  0.20682724  0.00000000  0.22642595  0.22642595  0.31790341  0.29576953  0.33303511  0.62983635  0.58556166  0.72720438  0.74032602  0.74032602  0.78114442  0.74032602  0.65300617  0.67692337  
8_0_0      0.19404342  0.21983533  0.29576953  0.18773322  0.21983533  0.22642595  0.00000000  0.00000000  0.24655675  0.24655675  0.24655675  0.64133077  0.57489405  0.71431090  0.65300617  0.65300617  0.68917762  0.67692337  0.57489405  0.57489405  
2_0_0      0.19404342  0.21983533  0.29576953  0.18773322  0.21983533  0.22642595  0.00000000  0.00000000  0.24655675  0.24655675  0.24655675  0.64133077  0.57489405  0.71431090  0.65300617  0.65300617  0.68917762  0.67692337  0.57489405  0.57489405  
4_0_0      0.21983533  0.20682724  0.26724935  0.28137233  0.32543067  0.31790341  0.24655675  0.24655675  0.00000000  0.04525576  0.16911854  0.65300617  0.60736861  0.66486835  0.55400846  0.56437772  0.58556166  0.62983635  0.52374329  0.53369506  
3_0_0      0.20040778  0.18773322  0.24655675  0.25339033  0.29576953  0.29576953  0.24655675  0.24655675  0.04525576  0.00000000  0.14500429  0.64133077  0.59638497  0.66486835  0.57489405  0.58556166  0.60736861  0.64133077  0.53369506  0.54378220  
5_0_0      0.18773322  0.20682724  0.27427722  0.26028746  0.29576953  0.33303511  0.24655675  0.24655675  0.16911854  0.14500429  0.00000000  0.60736861  0.60736861  0.68917762  0.61851739  0.62983635  0.65300617  0.70163778  0.62983635  0.60736861  
17_0_0     0.57489405  0.59638497  0.61851739  0.61851739  0.66486835  0.62983635  0.64133077  0.64133077  0.65300617  0.64133077  0.60736861  0.00000000  0.08794134  0.47589438  0.32543067  0.34848204  0.34848204  0.37227304  0.31790341  0.28137233  
16_0_0     0.54378220  0.58556166  0.54378220  0.53369506  0.56437772  0.58556166  0.57489405  0.57489405  0.60736861  0.59638497  0.60736861  0.08794134  0.00000000  0.42227517  0.30307433  0.31045180  0.32543067  0.33303511  0.26724935  0.23307568  
15_0_0     0.60736861  0.65300617  0.64133077  0.72720438  0.67692337  0.72720438  0.71431090  0.71431090  0.66486835  0.66486835  0.68917762  0.47589438  0.42227517  0.00000000  0.42227517  0.43094676  0.44860024  0.52374329  0.35632786  0.38037608  
12_0_0     0.61851739  0.65300617  0.57489405  0.65300617  0.67692337  0.74032602  0.65300617  0.65300617  0.55400846  0.57489405  0.61851739  0.32543067  0.30307433  0.42227517  0.00000000  0.01478048  0.02480038  0.21983533  0.13909629  0.09900804  
19_0_0     0.59638497  0.65300617  0.57489405  0.65300617  0.67692337  0.74032602  0.65300617  0.65300617  0.56437772  0.58556166  0.62983635  0.34848204  0.31045180  0.43094676  0.01478048  0.00000000  0.02986157  0.21983533  0.14500429  0.10460394  
20_0_0     0.62983635  0.64133077  0.58556166  0.68917762  0.71431090  0.78114442  0.68917762  0.68917762  0.58556166  0.60736861  0.65300617  0.34848204  0.32543067  0.44860024  0.02480038  0.02986157  0.00000000  0.20040778  0.15696339  0.11592405  
13_0_0     0.64133077  0.61851739  0.56437772  0.56437772  0.60736861  0.74032602  0.67692337  0.67692337  0.62983635  0.64133077  0.70163778  0.37227304  0.33303511  0.52374329  0.21983533  0.21983533  0.20040778  0.00000000  0.24655675  0.21983533  
14_0_0     0.57489405  0.58556166  0.58556166  0.55400846  0.61851739  0.65300617  0.57489405  0.57489405  0.52374329  0.53369506  0.62983635  0.31790341  0.26724935  0.35632786  0.13909629  0.14500429  0.15696339  0.24655675  0.00000000  0.04008877  
18_0_0     0.57489405  0.60736861  0.56437772  0.55400846  0.60736861  0.67692337  0.57489405  0.57489405  0.53369506  0.54378220  0.60736861  0.28137233  0.23307568  0.38037608  0.09900804  0.10460394  0.11592405  0.21983533  0.04008877  0.00000000  

