18
11_0_0     0.00000000  0.02609077  0.15852814  0.15852814  0.16306953  0.15401416  0.29200421  0.30841909  0.29200421  0.31956593  0.30841909  0.30841909  0.34237062  0.32520226  0.30841909  0.31956593  0.29743592  0.40262281  
17_0_0     0.02609077  0.00000000  0.14506710  0.14506710  0.14952725  0.14063337  0.28125771  0.32520226  0.30841909  0.33088138  0.33088138  0.33088138  0.37189027  0.31956593  0.32520226  0.33660394  0.31397175  0.39637447  
4_0_0      0.15852814  0.14506710  0.00000000  0.00367200  0.01479741  0.03371552  0.27594180  0.27066340  0.25504806  0.34237062  0.34237062  0.34237062  0.37793660  0.30290735  0.33088138  0.34237062  0.33660394  0.40262281  
12_0_0     0.15852814  0.14506710  0.00367200  0.00000000  0.01107052  0.02989343  0.27594180  0.27066340  0.25504806  0.34237062  0.34237062  0.34237062  0.37793660  0.30290735  0.33088138  0.34237062  0.33660394  0.40262281  
10_0_0     0.16306953  0.14952725  0.01479741  0.01107052  0.00000000  0.03371552  0.28661166  0.28661166  0.27066340  0.33660394  0.33660394  0.33660394  0.37793660  0.30841909  0.33660394  0.34818209  0.34237062  0.39637447  
5_0_0      0.15401416  0.14063337  0.03371552  0.02989343  0.03371552  0.00000000  0.29743592  0.30290735  0.28661166  0.35994226  0.35994226  0.35994226  0.36589241  0.30290735  0.33088138  0.34237062  0.33088138  0.39017788  
19_0_0     0.29200421  0.28125771  0.27594180  0.27594180  0.28661166  0.29743592  0.00000000  0.09352180  0.08117191  0.14506710  0.14506710  0.14506710  0.41527828  0.36589241  0.31956593  0.34818209  0.33088138  0.40892378  
18_0_0     0.30841909  0.32520226  0.27066340  0.27066340  0.28661166  0.30290735  0.09352180  0.00000000  0.01854295  0.18151589  0.17223586  0.17223586  0.39017788  0.35994226  0.34818209  0.35403907  0.30290735  0.42168722  
8_0_0      0.29200421  0.30841909  0.25504806  0.25504806  0.27066340  0.28661166  0.08117191  0.01854295  0.00000000  0.18151589  0.17223586  0.17223586  0.38403220  0.33088138  0.31956593  0.33660394  0.29743592  0.43467221  
7_0_0      0.31956593  0.33088138  0.34237062  0.34237062  0.33660394  0.35994226  0.14506710  0.18151589  0.18151589  0.00000000  0.01479741  0.01479741  0.37793660  0.39017788  0.40892378  0.39637447  0.37793660  0.46133857  
9_0_0      0.30841909  0.33088138  0.34237062  0.34237062  0.33660394  0.35994226  0.14506710  0.17223586  0.17223586  0.01479741  0.00000000  0.00000000  0.37189027  0.39017788  0.40892378  0.39637447  0.36589241  0.46133857  
13_0_0     0.30841909  0.33088138  0.34237062  0.34237062  0.33660394  0.35994226  0.14506710  0.17223586  0.17223586  0.01479741  0.00000000  0.00000000  0.37189027  0.39017788  0.40892378  0.39637447  0.36589241  0.46133857  
16_0_0     0.34237062  0.37189027  0.37793660  0.37793660  0.37793660  0.36589241  0.41527828  0.39017788  0.38403220  0.37793660  0.37189027  0.37189027  0.00000000  0.21493376  0.23472206  0.21983198  0.18619944  0.46133857  
15_0_0     0.32520226  0.31956593  0.30290735  0.30290735  0.30841909  0.30290735  0.36589241  0.35994226  0.33088138  0.39017788  0.39017788  0.39017788  0.21493376  0.00000000  0.14506710  0.14952725  0.18619944  0.40262281  
14_1_0     0.30841909  0.32520226  0.33088138  0.33088138  0.33660394  0.33088138  0.31956593  0.34818209  0.31956593  0.40892378  0.40892378  0.40892378  0.23472206  0.14506710  0.00000000  0.04920221  0.11456911  0.40892378  
14_0_0     0.31956593  0.33660394  0.34237062  0.34237062  0.34818209  0.34237062  0.34818209  0.35403907  0.33660394  0.39637447  0.39637447  0.39637447  0.21983198  0.14952725  0.04920221  0.00000000  0.11031200  0.42168722  
6_0_0      0.29743592  0.31397175  0.33660394  0.33660394  0.34237062  0.33088138  0.33088138  0.30290735  0.29743592  0.37793660  0.36589241  0.36589241  0.18619944  0.18619944  0.11456911  0.11031200  0.00000000  0.41527828  
20_0_0     0.40262281  0.39637447  0.40262281  0.40262281  0.39637447  0.39017788  0.40892378  0.42168722  0.43467221  0.46133857  0.46133857  0.46133857  0.46133857  0.40262281  0.40892378  0.42168722  0.41527828  0.00000000  

