6
3_7_0      0.00000000  0.40169018  0.40857337  0.31153286  0.31153286  0.24217802  
2_4_0      0.40169018  0.00000000  0.02011377  0.24771427  0.24771427  0.24771427  
1_4_0      0.40857337  0.02011377  0.00000000  0.26457751  0.26457751  0.25329251  
1_5_0      0.31153286  0.24771427  0.26457751  0.00000000  0.00797963  0.12986540  
2_5_0      0.31153286  0.24771427  0.26457751  0.00797963  0.00000000  0.12986540  
1_3_0      0.24217802  0.24771427  0.25329251  0.12986540  0.12986540  0.00000000  

