9
1_2_0      0.00000000  0.05627068  0.13468362  0.36092272  0.35294831  0.33725241  0.52143110  0.50178081  0.48263818  
3_2_0      0.05627068  0.00000000  0.17723854  0.35294831  0.34505880  0.33725241  0.54161672  0.53145518  0.50178081  
2_2_0      0.13468362  0.17723854  0.00000000  0.33725241  0.29940838  0.24261153  0.46397764  0.45482069  0.42800980  
3_1_0      0.36092272  0.35294831  0.33725241  0.00000000  0.06697718  0.21576638  0.58371648  0.55191955  0.57296518  
1_1_0      0.35294831  0.34505880  0.29940838  0.06697718  0.00000000  0.19625208  0.56236765  0.53145518  0.53145518  
2_1_0      0.33725241  0.33725241  0.24261153  0.21576638  0.19625208  0.00000000  0.55191955  0.50178081  0.52143110  
2_0_0      0.52143110  0.54161672  0.46397764  0.58371648  0.56236765  0.55191955  0.00000000  0.12879904  0.05097489  
3_0_0      0.50178081  0.53145518  0.45482069  0.55191955  0.53145518  0.50178081  0.12879904  0.00000000  0.07238900  
1_0_0      0.48263818  0.50178081  0.42800980  0.57296518  0.53145518  0.52143110  0.05097489  0.07238900  0.00000000  

