189
19_26_0    0.00000000  0.01604712  0.00531016  0.08399139  0.07808294  0.43468097  0.37060745  0.35328285  0.38835076  0.38835076  0.39738586  0.37060745  0.37060745  0.37942550  0.43468097  0.44430847  0.42517808  0.37942550  0.34477148  0.35328285  0.32803917  0.36189405  0.34477148  0.37060745  0.35328285  0.37060745  0.36189405  0.33635766  0.35328285  0.36189405  0.28001539  0.41579662  0.31981388  0.29567686  0.28001539  0.41579662  0.38835076  0.38835076  0.38835076  0.37942550  0.38835076  0.37060745  0.36189405  0.40653353  0.44430847  0.40653353  0.40653353  0.39738586  0.41579662  0.41579662  0.38835076  0.37942550  0.35328285  0.35328285  0.50488571  0.54823856  0.53715800  0.49443600  0.53715800  0.55948892  0.59431293  0.57091437  0.60629793  0.60629793  0.54823856  0.57091437  0.46395072  0.46395072  0.47397249  0.42517808  0.44430847  0.43468097  0.43468097  0.44430847  0.43468097  0.46395072  0.42517808  0.45406391  0.45406391  0.42517808  0.40653353  0.39738586  0.37942550  0.43468097  0.44430847  0.37060745  0.39738586  0.38835076  0.40653353  0.39738586  0.44430847  0.52624218  0.52624218  0.54823856  0.53715800  0.54823856  0.51548629  0.48413295  0.50488571  0.44430847  0.45406391  0.46395072  0.45406391  0.46395072  0.47397249  0.47397249  0.46395072  0.54823856  0.52624218  0.50488571  0.54823856  0.54823856  0.51548629  0.52624218  0.51548629  0.51548629  0.53715800  0.53715800  0.50488571  0.38835076  0.45406391  0.42517808  0.41579662  0.41579662  0.39738586  0.40653353  0.43468097  0.48413295  0.46395072  0.45406391  0.45406391  0.39738586  0.35328285  0.37060745  0.36189405  0.36189405  0.39738586  0.41579662  0.42517808  0.43468097  0.40653353  0.42517808  0.43468097  0.41579662  0.42517808  0.43468097  0.43468097  0.41579662  0.41579662  0.42517808  0.43468097  0.68263241  0.54823856  0.52624218  0.49443600  0.51548629  0.52624218  0.49443600  0.49443600  0.48413295  0.45406391  0.55948892  0.48413295  0.45406391  0.37942550  0.41579662  0.50488571  0.45406391  0.43468097  0.43468097  0.39738586  0.44430847  0.42517808  0.41579662  0.39738586  0.39738586  0.39738586  0.51548629  0.42517808  0.45406391  0.44430847  0.42517808  0.47397249  0.43468097  0.42517808  0.44430847  0.43468097  0.44430847  0.44430847  
19_1_0     0.01604712  0.00000000  0.01065901  0.07808294  0.07222166  0.46395072  0.37942550  0.36189405  0.37942550  0.37942550  0.38835076  0.36189405  0.36189405  0.35328285  0.40653353  0.41579662  0.39738586  0.38835076  0.35328285  0.36189405  0.33635766  0.35328285  0.35328285  0.37942550  0.36189405  0.36189405  0.35328285  0.34477148  0.36189405  0.37060745  0.28780436  0.40653353  0.32803917  0.30363469  0.28780436  0.42517808  0.39738586  0.39738586  0.39738586  0.38835076  0.39738586  0.37942550  0.37060745  0.41579662  0.45406391  0.41579662  0.41579662  0.40653353  0.42517808  0.42517808  0.39738586  0.38835076  0.36189405  0.36189405  0.49443600  0.53715800  0.52624218  0.48413295  0.52624218  0.54823856  0.58252044  0.55948892  0.59431293  0.59431293  0.53715800  0.55948892  0.47397249  0.45406391  0.46395072  0.41579662  0.43468097  0.42517808  0.42517808  0.43468097  0.42517808  0.45406391  0.45406391  0.43468097  0.45406391  0.40653353  0.38835076  0.37942550  0.36189405  0.41579662  0.44430847  0.35328285  0.37942550  0.37060745  0.40653353  0.39738586  0.44430847  0.51548629  0.51548629  0.53715800  0.52624218  0.53715800  0.50488571  0.47397249  0.49443600  0.43468097  0.44430847  0.45406391  0.44430847  0.45406391  0.46395072  0.46395072  0.45406391  0.53715800  0.51548629  0.49443600  0.53715800  0.53715800  0.50488571  0.51548629  0.50488571  0.50488571  0.52624218  0.52624218  0.49443600  0.37942550  0.44430847  0.41579662  0.40653353  0.40653353  0.38835076  0.39738586  0.44430847  0.49443600  0.47397249  0.46395072  0.46395072  0.38835076  0.34477148  0.36189405  0.35328285  0.35328285  0.38835076  0.40653353  0.41579662  0.42517808  0.39738586  0.41579662  0.42517808  0.40653353  0.41579662  0.42517808  0.42517808  0.40653353  0.40653353  0.41579662  0.42517808  0.68263241  0.54823856  0.52624218  0.50488571  0.52624218  0.53715800  0.46395072  0.48413295  0.47397249  0.44430847  0.54823856  0.47397249  0.46395072  0.37060745  0.42517808  0.49443600  0.44430847  0.40653353  0.40653353  0.37060745  0.41579662  0.39738586  0.38835076  0.37060745  0.37060745  0.37060745  0.48413295  0.41579662  0.44430847  0.43468097  0.43468097  0.48413295  0.42517808  0.41579662  0.43468097  0.42517808  0.43468097  0.43468097  
19_25_0    0.00531016  0.01065901  0.00000000  0.07808294  0.07222166  0.44430847  0.36189405  0.34477148  0.37942550  0.37942550  0.38835076  0.36189405  0.36189405  0.37060745  0.42517808  0.43468097  0.41579662  0.37060745  0.33635766  0.34477148  0.31981388  0.35328285  0.33635766  0.36189405  0.34477148  0.36189405  0.35328285  0.32803917  0.34477148  0.35328285  0.27230819  0.40653353  0.31167971  0.28780436  0.27230819  0.40653353  0.37942550  0.37942550  0.37942550  0.37060745  0.37942550  0.36189405  0.35328285  0.39738586  0.43468097  0.39738586  0.39738586  0.38835076  0.40653353  0.40653353  0.37942550  0.37060745  0.34477148  0.34477148  0.49443600  0.53715800  0.52624218  0.48413295  0.52624218  0.54823856  0.58252044  0.55948892  0.59431293  0.59431293  0.53715800  0.55948892  0.45406391  0.45406391  0.46395072  0.41579662  0.43468097  0.42517808  0.42517808  0.43468097  0.42517808  0.47397249  0.43468097  0.44430847  0.44430847  0.41579662  0.39738586  0.38835076  0.37060745  0.42517808  0.43468097  0.36189405  0.38835076  0.37942550  0.41579662  0.40653353  0.45406391  0.51548629  0.51548629  0.53715800  0.52624218  0.53715800  0.50488571  0.47397249  0.49443600  0.43468097  0.44430847  0.45406391  0.44430847  0.45406391  0.46395072  0.46395072  0.45406391  0.53715800  0.51548629  0.49443600  0.53715800  0.53715800  0.50488571  0.51548629  0.50488571  0.50488571  0.52624218  0.52624218  0.49443600  0.37942550  0.44430847  0.41579662  0.40653353  0.40653353  0.38835076  0.39738586  0.42517808  0.47397249  0.45406391  0.44430847  0.44430847  0.38835076  0.34477148  0.36189405  0.35328285  0.35328285  0.38835076  0.40653353  0.41579662  0.42517808  0.39738586  0.41579662  0.42517808  0.40653353  0.41579662  0.42517808  0.42517808  0.40653353  0.40653353  0.41579662  0.42517808  0.66934602  0.53715800  0.51548629  0.50488571  0.52624218  0.53715800  0.48413295  0.48413295  0.47397249  0.44430847  0.54823856  0.47397249  0.44430847  0.37060745  0.40653353  0.49443600  0.44430847  0.42517808  0.42517808  0.38835076  0.43468097  0.41579662  0.40653353  0.38835076  0.38835076  0.38835076  0.50488571  0.41579662  0.44430847  0.43468097  0.41579662  0.46395072  0.42517808  0.41579662  0.43468097  0.42517808  0.43468097  0.43468097  
6_27_0     0.08399139  0.07808294  0.07808294  0.00000000  0.00531016  0.52624218  0.41579662  0.39738586  0.42517808  0.41579662  0.42517808  0.39738586  0.39738586  0.39738586  0.46395072  0.47397249  0.45406391  0.42517808  0.39738586  0.39738586  0.37060745  0.41579662  0.38835076  0.44430847  0.42517808  0.43468097  0.42517808  0.40653353  0.42517808  0.43468097  0.37942550  0.45406391  0.38835076  0.37060745  0.35328285  0.48413295  0.41579662  0.41579662  0.41579662  0.40653353  0.40653353  0.39738586  0.38835076  0.42517808  0.46395072  0.42517808  0.42517808  0.42517808  0.42517808  0.43468097  0.40653353  0.40653353  0.37942550  0.37942550  0.53715800  0.61848183  0.59431293  0.52624218  0.57091437  0.59431293  0.60629793  0.60629793  0.68263241  0.68263241  0.57091437  0.59431293  0.48413295  0.48413295  0.51548629  0.49443600  0.48413295  0.49443600  0.49443600  0.50488571  0.49443600  0.51548629  0.46395072  0.49443600  0.50488571  0.44430847  0.46395072  0.41579662  0.43468097  0.47397249  0.49443600  0.41579662  0.44430847  0.43468097  0.48413295  0.47397249  0.48413295  0.58252044  0.58252044  0.60629793  0.59431293  0.60629793  0.61848183  0.52624218  0.55948892  0.52624218  0.51548629  0.51548629  0.53715800  0.53715800  0.52624218  0.52624218  0.51548629  0.61848183  0.60629793  0.57091437  0.61848183  0.61848183  0.59431293  0.59431293  0.60629793  0.60629793  0.63087134  0.63087134  0.57091437  0.43468097  0.49443600  0.46395072  0.45406391  0.45406391  0.43468097  0.44430847  0.45406391  0.52624218  0.51548629  0.49443600  0.49443600  0.41579662  0.37942550  0.40653353  0.39738586  0.39738586  0.41579662  0.42517808  0.44430847  0.45406391  0.42517808  0.42517808  0.43468097  0.41579662  0.42517808  0.43468097  0.42517808  0.41579662  0.41579662  0.42517808  0.43468097  0.68263241  0.54823856  0.52624218  0.54823856  0.55948892  0.57091437  0.49443600  0.49443600  0.54823856  0.57091437  0.60629793  0.53715800  0.49443600  0.39738586  0.44430847  0.51548629  0.44430847  0.42517808  0.42517808  0.41579662  0.46395072  0.46395072  0.44430847  0.41579662  0.39738586  0.39738586  0.51548629  0.45406391  0.48413295  0.47397249  0.44430847  0.48413295  0.49443600  0.48413295  0.49443600  0.48413295  0.49443600  0.49443600  
6_1_0      0.07808294  0.07222166  0.07222166  0.00531016  0.00000000  0.52624218  0.42517808  0.40653353  0.43468097  0.42517808  0.43468097  0.40653353  0.40653353  0.40653353  0.47397249  0.48413295  0.46395072  0.41579662  0.38835076  0.38835076  0.36189405  0.40653353  0.37942550  0.43468097  0.41579662  0.42517808  0.41579662  0.39738586  0.41579662  0.42517808  0.37060745  0.44430847  0.37942550  0.36189405  0.34477148  0.49443600  0.42517808  0.42517808  0.42517808  0.41579662  0.41579662  0.40653353  0.39738586  0.43468097  0.47397249  0.43468097  0.43468097  0.43468097  0.43468097  0.44430847  0.41579662  0.41579662  0.38835076  0.38835076  0.54823856  0.63087134  0.60629793  0.53715800  0.58252044  0.60629793  0.61848183  0.61848183  0.69616368  0.69616368  0.58252044  0.60629793  0.49443600  0.49443600  0.52624218  0.50488571  0.49443600  0.50488571  0.50488571  0.51548629  0.50488571  0.52624218  0.47397249  0.50488571  0.51548629  0.45406391  0.47397249  0.42517808  0.44430847  0.48413295  0.50488571  0.42517808  0.45406391  0.44430847  0.49443600  0.48413295  0.49443600  0.59431293  0.59431293  0.61848183  0.60629793  0.61848183  0.60629793  0.53715800  0.57091437  0.53715800  0.52624218  0.52624218  0.54823856  0.54823856  0.53715800  0.53715800  0.52624218  0.63087134  0.61848183  0.58252044  0.60629793  0.60629793  0.58252044  0.58252044  0.59431293  0.59431293  0.61848183  0.61848183  0.58252044  0.44430847  0.50488571  0.47397249  0.46395072  0.46395072  0.44430847  0.45406391  0.46395072  0.53715800  0.52624218  0.50488571  0.50488571  0.42517808  0.38835076  0.41579662  0.40653353  0.40653353  0.42517808  0.43468097  0.45406391  0.46395072  0.43468097  0.43468097  0.44430847  0.42517808  0.43468097  0.44430847  0.43468097  0.42517808  0.42517808  0.43468097  0.44430847  0.66934602  0.55948892  0.53715800  0.55948892  0.57091437  0.58252044  0.50488571  0.50488571  0.55948892  0.55948892  0.61848183  0.54823856  0.50488571  0.40653353  0.45406391  0.50488571  0.45406391  0.43468097  0.43468097  0.42517808  0.47397249  0.47397249  0.43468097  0.42517808  0.40653353  0.40653353  0.52624218  0.46395072  0.49443600  0.48413295  0.45406391  0.49443600  0.48413295  0.47397249  0.48413295  0.47397249  0.48413295  0.48413295  
7_30_0     0.43468097  0.46395072  0.44430847  0.52624218  0.52624218  0.00000000  0.26468105  0.26468105  0.28001539  0.26468105  0.28780436  0.24966044  0.44430847  0.41579662  0.47397249  0.49443600  0.49443600  0.37060745  0.39738586  0.38835076  0.37060745  0.45406391  0.42517808  0.37942550  0.37942550  0.38835076  0.36189405  0.37942550  0.39738586  0.38835076  0.34477148  0.38835076  0.39738586  0.38835076  0.37942550  0.43468097  0.38835076  0.39738586  0.36189405  0.33635766  0.35328285  0.34477148  0.33635766  0.35328285  0.36189405  0.33635766  0.35328285  0.35328285  0.35328285  0.34477148  0.33635766  0.39738586  0.37060745  0.37060745  0.57091437  0.55948892  0.48413295  0.41579662  0.45406391  0.42517808  0.48413295  0.42517808  0.48413295  0.48413295  0.65629581  0.63087134  0.38835076  0.40653353  0.38835076  0.44430847  0.44430847  0.35328285  0.35328285  0.36189405  0.36189405  0.42517808  0.37060745  0.43468097  0.40653353  0.39738586  0.40653353  0.37060745  0.37060745  0.40653353  0.40653353  0.38835076  0.41579662  0.40653353  0.43468097  0.44430847  0.42517808  0.47397249  0.47397249  0.46395072  0.46395072  0.46395072  0.46395072  0.46395072  0.52624218  0.49443600  0.50488571  0.51548629  0.50488571  0.50488571  0.49443600  0.51548629  0.50488571  0.39738586  0.37942550  0.37060745  0.42517808  0.42517808  0.43468097  0.44430847  0.44430847  0.44430847  0.43468097  0.43468097  0.46395072  0.34477148  0.33635766  0.33635766  0.31981388  0.36189405  0.36189405  0.38835076  0.36189405  0.37060745  0.41579662  0.39738586  0.40653353  0.35328285  0.37060745  0.37942550  0.37060745  0.37060745  0.37060745  0.36189405  0.39738586  0.37942550  0.37942550  0.36189405  0.38835076  0.37942550  0.37942550  0.37060745  0.37942550  0.38835076  0.38835076  0.37942550  0.36189405  0.51548629  0.41579662  0.45406391  0.38835076  0.38835076  0.39738586  0.37942550  0.35328285  0.50488571  0.49443600  0.47397249  0.44430847  0.49443600  0.36189405  0.32803917  0.43468097  0.41579662  0.40653353  0.40653353  0.42517808  0.43468097  0.41579662  0.40653353  0.39738586  0.40653353  0.42517808  0.38835076  0.38835076  0.37060745  0.34477148  0.37060745  0.37942550  0.39738586  0.38835076  0.36189405  0.39738586  0.37942550  0.37060745  
11_34_0    0.37060745  0.37942550  0.36189405  0.41579662  0.42517808  0.26468105  0.00000000  0.01604712  0.05491345  0.19938392  0.23494100  0.19938392  0.36189405  0.36189405  0.42517808  0.42517808  0.40653353  0.37942550  0.31981388  0.31167971  0.28780436  0.36189405  0.34477148  0.31981388  0.31981388  0.33635766  0.31167971  0.31981388  0.33635766  0.32803917  0.29567686  0.37942550  0.36189405  0.35328285  0.34477148  0.43468097  0.37060745  0.34477148  0.33635766  0.31167971  0.33635766  0.30363469  0.29567686  0.33635766  0.31981388  0.31981388  0.33635766  0.31167971  0.28780436  0.28780436  0.31981388  0.37942550  0.37060745  0.33635766  0.52624218  0.54823856  0.49443600  0.44430847  0.42517808  0.39738586  0.48413295  0.46395072  0.48413295  0.48413295  0.55948892  0.53715800  0.52624218  0.52624218  0.52624218  0.55948892  0.54823856  0.52624218  0.52624218  0.51548629  0.51548629  0.48413295  0.38835076  0.39738586  0.37942550  0.44430847  0.46395072  0.41579662  0.43468097  0.47397249  0.45406391  0.40653353  0.39738586  0.40653353  0.48413295  0.49443600  0.49443600  0.57091437  0.57091437  0.54823856  0.55948892  0.55948892  0.51548629  0.51548629  0.52624218  0.49443600  0.48413295  0.50488571  0.50488571  0.51548629  0.50488571  0.52624218  0.49443600  0.47397249  0.47397249  0.46395072  0.45406391  0.45406391  0.43468097  0.46395072  0.47397249  0.47397249  0.44430847  0.44430847  0.45406391  0.36189405  0.36189405  0.32803917  0.32803917  0.35328285  0.35328285  0.36189405  0.34477148  0.33635766  0.40653353  0.36189405  0.37942550  0.31981388  0.32803917  0.32803917  0.31981388  0.31981388  0.35328285  0.37060745  0.36189405  0.37942550  0.36189405  0.36189405  0.38835076  0.36189405  0.34477148  0.33635766  0.35328285  0.35328285  0.35328285  0.34477148  0.35328285  0.55948892  0.43468097  0.41579662  0.46395072  0.46395072  0.47397249  0.45406391  0.42517808  0.51548629  0.51548629  0.51548629  0.51548629  0.49443600  0.37060745  0.31981388  0.47397249  0.38835076  0.43468097  0.43468097  0.46395072  0.38835076  0.37942550  0.38835076  0.38835076  0.39738586  0.39738586  0.44430847  0.39738586  0.46395072  0.44430847  0.42517808  0.38835076  0.45406391  0.44430847  0.43468097  0.45406391  0.43468097  0.44430847  
11_39_0    0.35328285  0.36189405  0.34477148  0.39738586  0.40653353  0.26468105  0.01604712  0.00000000  0.06063763  0.19247458  0.22769048  0.19247458  0.37942550  0.37942550  0.42517808  0.42517808  0.40653353  0.37060745  0.32803917  0.31981388  0.29567686  0.35328285  0.31981388  0.32803917  0.32803917  0.34477148  0.31981388  0.32803917  0.32803917  0.31981388  0.27230819  0.35328285  0.37060745  0.34477148  0.33635766  0.40653353  0.34477148  0.31981388  0.31167971  0.28780436  0.31167971  0.29567686  0.28780436  0.32803917  0.32803917  0.31167971  0.32803917  0.30363469  0.29567686  0.31167971  0.29567686  0.35328285  0.34477148  0.31167971  0.53715800  0.55948892  0.48413295  0.43468097  0.41579662  0.38835076  0.47397249  0.45406391  0.45406391  0.45406391  0.54823856  0.52624218  0.49443600  0.49443600  0.49443600  0.52624218  0.51548629  0.49443600  0.49443600  0.48413295  0.50488571  0.45406391  0.37942550  0.38835076  0.38835076  0.43468097  0.45406391  0.40653353  0.42517808  0.46395072  0.47397249  0.39738586  0.40653353  0.41579662  0.45406391  0.46395072  0.46395072  0.53715800  0.53715800  0.53715800  0.52624218  0.52624218  0.52624218  0.52624218  0.55948892  0.52624218  0.51548629  0.53715800  0.53715800  0.54823856  0.51548629  0.55948892  0.52624218  0.48413295  0.48413295  0.47397249  0.48413295  0.48413295  0.42517808  0.43468097  0.46395072  0.46395072  0.43468097  0.43468097  0.46395072  0.37060745  0.35328285  0.31981388  0.33635766  0.36189405  0.36189405  0.37060745  0.35328285  0.34477148  0.43468097  0.37060745  0.39738586  0.32803917  0.33635766  0.33635766  0.32803917  0.32803917  0.36189405  0.37942550  0.37060745  0.37060745  0.37060745  0.37060745  0.39738586  0.37060745  0.35328285  0.34477148  0.36189405  0.36189405  0.36189405  0.35328285  0.34477148  0.53715800  0.42517808  0.40653353  0.45406391  0.45406391  0.46395072  0.44430847  0.41579662  0.53715800  0.51548629  0.53715800  0.53715800  0.51548629  0.36189405  0.32803917  0.48413295  0.39738586  0.40653353  0.40653353  0.44430847  0.39738586  0.38835076  0.37942550  0.37942550  0.40653353  0.40653353  0.45406391  0.37060745  0.45406391  0.41579662  0.43468097  0.37942550  0.44430847  0.43468097  0.41579662  0.44430847  0.42517808  0.43468097  
11_38_0    0.38835076  0.37942550  0.37942550  0.42517808  0.43468097  0.28001539  0.05491345  0.06063763  0.00000000  0.21340079  0.23494100  0.19938392  0.37060745  0.35328285  0.40653353  0.39738586  0.39738586  0.41579662  0.35328285  0.34477148  0.31981388  0.36189405  0.36189405  0.35328285  0.35328285  0.35328285  0.32803917  0.33635766  0.35328285  0.34477148  0.31167971  0.37942550  0.37060745  0.33635766  0.32803917  0.46395072  0.40653353  0.37942550  0.35328285  0.32803917  0.35328285  0.33635766  0.32803917  0.37060745  0.35328285  0.35328285  0.37060745  0.34477148  0.31981388  0.33635766  0.33635766  0.39738586  0.37060745  0.35328285  0.57091437  0.57091437  0.51548629  0.40653353  0.40653353  0.37942550  0.48413295  0.44430847  0.44430847  0.44430847  0.51548629  0.49443600  0.50488571  0.48413295  0.48413295  0.51548629  0.52624218  0.48413295  0.48413295  0.47397249  0.47397249  0.44430847  0.37942550  0.38835076  0.35328285  0.43468097  0.45406391  0.40653353  0.42517808  0.44430847  0.46395072  0.39738586  0.40653353  0.41579662  0.47397249  0.48413295  0.46395072  0.48413295  0.48413295  0.46395072  0.49443600  0.49443600  0.49443600  0.47397249  0.52624218  0.49443600  0.48413295  0.50488571  0.50488571  0.51548629  0.48413295  0.52624218  0.49443600  0.43468097  0.43468097  0.46395072  0.45406391  0.45406391  0.39738586  0.43468097  0.43468097  0.43468097  0.42517808  0.42517808  0.43468097  0.37060745  0.36189405  0.32803917  0.32803917  0.35328285  0.33635766  0.34477148  0.34477148  0.33635766  0.42517808  0.36189405  0.41579662  0.31981388  0.32803917  0.31167971  0.31981388  0.31981388  0.33635766  0.33635766  0.34477148  0.37942550  0.34477148  0.34477148  0.37060745  0.34477148  0.32803917  0.31981388  0.33635766  0.33635766  0.33635766  0.34477148  0.33635766  0.58252044  0.41579662  0.41579662  0.48413295  0.46395072  0.47397249  0.43468097  0.38835076  0.52624218  0.52624218  0.57091437  0.52624218  0.54823856  0.37942550  0.32803917  0.49443600  0.42517808  0.43468097  0.43468097  0.48413295  0.38835076  0.37942550  0.40653353  0.40653353  0.41579662  0.41579662  0.48413295  0.37942550  0.40653353  0.40653353  0.43468097  0.38835076  0.43468097  0.42517808  0.41579662  0.43468097  0.41579662  0.42517808  
23_34_0    0.38835076  0.37942550  0.37942550  0.41579662  0.42517808  0.26468105  0.19938392  0.19247458  0.21340079  0.00000000  0.08399139  0.04359725  0.37060745  0.31981388  0.38835076  0.40653353  0.37942550  0.43468097  0.42517808  0.41579662  0.37060745  0.41579662  0.39738586  0.35328285  0.35328285  0.37060745  0.37942550  0.35328285  0.35328285  0.34477148  0.31167971  0.34477148  0.35328285  0.31981388  0.31167971  0.37942550  0.37060745  0.37942550  0.33635766  0.31167971  0.35328285  0.30363469  0.29567686  0.33635766  0.35328285  0.33635766  0.35328285  0.32803917  0.33635766  0.33635766  0.35328285  0.36189405  0.31981388  0.31981388  0.49443600  0.49443600  0.46395072  0.42517808  0.44430847  0.39738586  0.48413295  0.48413295  0.52624218  0.52624218  0.55948892  0.55948892  0.45406391  0.49443600  0.49443600  0.52624218  0.51548629  0.47397249  0.47397249  0.48413295  0.46395072  0.47397249  0.44430847  0.37060745  0.40653353  0.44430847  0.42517808  0.39738586  0.38835076  0.42517808  0.43468097  0.39738586  0.38835076  0.39738586  0.45406391  0.44430847  0.40653353  0.50488571  0.50488571  0.50488571  0.49443600  0.49443600  0.53715800  0.49443600  0.48413295  0.47397249  0.46395072  0.48413295  0.46395072  0.49443600  0.46395072  0.46395072  0.47397249  0.51548629  0.51548629  0.46395072  0.51548629  0.51548629  0.47397249  0.50488571  0.47397249  0.47397249  0.44430847  0.44430847  0.49443600  0.33635766  0.31167971  0.29567686  0.33635766  0.37060745  0.37060745  0.34477148  0.31167971  0.33635766  0.43468097  0.37942550  0.40653353  0.33635766  0.34477148  0.34477148  0.33635766  0.33635766  0.35328285  0.37060745  0.37060745  0.39738586  0.36189405  0.34477148  0.35328285  0.34477148  0.34477148  0.33635766  0.35328285  0.35328285  0.35328285  0.34477148  0.37060745  0.51548629  0.45406391  0.45406391  0.47397249  0.47397249  0.48413295  0.48413295  0.47397249  0.44430847  0.46395072  0.46395072  0.42517808  0.46395072  0.33635766  0.35328285  0.47397249  0.44430847  0.39738586  0.39738586  0.42517808  0.37060745  0.36189405  0.37060745  0.35328285  0.34477148  0.36189405  0.40653353  0.37060745  0.47397249  0.43468097  0.45406391  0.45406391  0.39738586  0.38835076  0.37060745  0.37942550  0.37942550  0.38835076  
16_34_0    0.39738586  0.38835076  0.38835076  0.42517808  0.43468097  0.28780436  0.23494100  0.22769048  0.23494100  0.08399139  0.00000000  0.04923355  0.42517808  0.38835076  0.40653353  0.42517808  0.42517808  0.44430847  0.41579662  0.40653353  0.36189405  0.42517808  0.38835076  0.34477148  0.32803917  0.36189405  0.35328285  0.34477148  0.34477148  0.35328285  0.33635766  0.36189405  0.37942550  0.31167971  0.31981388  0.35328285  0.39738586  0.40653353  0.36189405  0.35328285  0.37942550  0.34477148  0.33635766  0.37942550  0.39738586  0.37942550  0.39738586  0.37060745  0.36189405  0.37942550  0.36189405  0.38835076  0.36189405  0.36189405  0.46395072  0.46395072  0.47397249  0.47397249  0.48413295  0.46395072  0.55948892  0.53715800  0.45406391  0.45406391  0.52624218  0.54823856  0.41579662  0.45406391  0.45406391  0.50488571  0.47397249  0.46395072  0.46395072  0.47397249  0.45406391  0.42517808  0.43468097  0.37060745  0.40653353  0.43468097  0.40653353  0.42517808  0.40653353  0.42517808  0.39738586  0.39738586  0.38835076  0.39738586  0.45406391  0.44430847  0.40653353  0.46395072  0.46395072  0.46395072  0.45406391  0.45406391  0.49443600  0.47397249  0.47397249  0.45406391  0.44430847  0.46395072  0.44430847  0.47397249  0.46395072  0.44430847  0.45406391  0.49443600  0.49443600  0.48413295  0.51548629  0.51548629  0.45406391  0.50488571  0.49443600  0.49443600  0.46395072  0.46395072  0.47397249  0.35328285  0.34477148  0.32803917  0.36189405  0.42517808  0.42517808  0.41579662  0.37942550  0.38835076  0.51548629  0.45406391  0.46395072  0.37060745  0.37942550  0.37942550  0.37060745  0.37060745  0.37060745  0.37060745  0.37060745  0.41579662  0.37942550  0.39738586  0.40653353  0.39738586  0.39738586  0.38835076  0.38835076  0.38835076  0.38835076  0.37942550  0.42517808  0.51548629  0.43468097  0.45406391  0.52624218  0.52624218  0.53715800  0.48413295  0.44430847  0.44430847  0.46395072  0.46395072  0.42517808  0.48413295  0.40653353  0.37060745  0.51548629  0.48413295  0.41579662  0.41579662  0.44430847  0.44430847  0.43468097  0.42517808  0.40653353  0.37942550  0.39738586  0.42517808  0.37060745  0.49443600  0.47397249  0.45406391  0.42517808  0.34477148  0.33635766  0.35328285  0.34477148  0.36189405  0.35328285  
20_34_0    0.37060745  0.36189405  0.36189405  0.39738586  0.40653353  0.24966044  0.19938392  0.19247458  0.19938392  0.04359725  0.04923355  0.00000000  0.37060745  0.33635766  0.37060745  0.38835076  0.38835076  0.43468097  0.40653353  0.39738586  0.37060745  0.39738586  0.37942550  0.33635766  0.33635766  0.33635766  0.32803917  0.31981388  0.33635766  0.32803917  0.32803917  0.36189405  0.37060745  0.31981388  0.31167971  0.36189405  0.37060745  0.37942550  0.31981388  0.29567686  0.33635766  0.30363469  0.29567686  0.33635766  0.35328285  0.33635766  0.35328285  0.32803917  0.33635766  0.33635766  0.33635766  0.37942550  0.33635766  0.33635766  0.46395072  0.46395072  0.45406391  0.42517808  0.43468097  0.41579662  0.52624218  0.50488571  0.50488571  0.50488571  0.55948892  0.55948892  0.41579662  0.45406391  0.45406391  0.50488571  0.47397249  0.44430847  0.44430847  0.45406391  0.43468097  0.47397249  0.42517808  0.38835076  0.38835076  0.42517808  0.38835076  0.37942550  0.38835076  0.40653353  0.39738586  0.37942550  0.38835076  0.39738586  0.43468097  0.42517808  0.38835076  0.48413295  0.48413295  0.48413295  0.47397249  0.47397249  0.51548629  0.47397249  0.46395072  0.45406391  0.44430847  0.46395072  0.44430847  0.47397249  0.44430847  0.44430847  0.45406391  0.49443600  0.49443600  0.44430847  0.49443600  0.49443600  0.43468097  0.50488571  0.47397249  0.47397249  0.44430847  0.44430847  0.47397249  0.35328285  0.32803917  0.31167971  0.35328285  0.37060745  0.37060745  0.36189405  0.34477148  0.35328285  0.45406391  0.39738586  0.42517808  0.35328285  0.36189405  0.36189405  0.35328285  0.35328285  0.35328285  0.35328285  0.35328285  0.39738586  0.36189405  0.36189405  0.37060745  0.36189405  0.36189405  0.35328285  0.35328285  0.37060745  0.37060745  0.36189405  0.38835076  0.53715800  0.41579662  0.43468097  0.47397249  0.47397249  0.48413295  0.44430847  0.41579662  0.42517808  0.44430847  0.44430847  0.40653353  0.46395072  0.37060745  0.35328285  0.49443600  0.46395072  0.39738586  0.39738586  0.44430847  0.38835076  0.37942550  0.40653353  0.37060745  0.36189405  0.37942550  0.42517808  0.37060745  0.47397249  0.43468097  0.43468097  0.42517808  0.36189405  0.35328285  0.33635766  0.34477148  0.34477148  0.35328285  
7_29_0     0.37060745  0.36189405  0.36189405  0.39738586  0.40653353  0.44430847  0.36189405  0.37942550  0.37060745  0.37060745  0.42517808  0.37060745  0.00000000  0.07222166  0.14584848  0.15887083  0.15887083  0.40653353  0.36189405  0.37060745  0.34477148  0.41579662  0.41579662  0.33635766  0.35328285  0.34477148  0.33635766  0.32803917  0.34477148  0.33635766  0.34477148  0.36189405  0.31981388  0.29567686  0.27230819  0.38835076  0.36189405  0.37060745  0.37942550  0.37060745  0.36189405  0.33635766  0.34477148  0.37060745  0.38835076  0.37060745  0.35328285  0.34477148  0.37060745  0.33635766  0.37942550  0.35328285  0.31981388  0.31981388  0.48413295  0.52624218  0.52624218  0.49443600  0.47397249  0.48413295  0.54823856  0.55948892  0.57091437  0.57091437  0.50488571  0.52624218  0.42517808  0.38835076  0.37942550  0.39738586  0.40653353  0.35328285  0.35328285  0.36189405  0.34477148  0.48413295  0.43468097  0.33635766  0.37060745  0.32803917  0.36189405  0.30363469  0.35328285  0.37060745  0.43468097  0.32803917  0.32803917  0.33635766  0.37942550  0.37060745  0.39738586  0.48413295  0.48413295  0.48413295  0.47397249  0.48413295  0.41579662  0.40653353  0.43468097  0.40653353  0.39738586  0.41579662  0.41579662  0.42517808  0.41579662  0.41579662  0.40653353  0.41579662  0.41579662  0.39738586  0.41579662  0.41579662  0.38835076  0.44430847  0.42517808  0.42517808  0.45406391  0.45406391  0.37060745  0.39738586  0.42517808  0.40653353  0.39738586  0.37060745  0.37060745  0.39738586  0.35328285  0.36189405  0.35328285  0.35328285  0.37942550  0.31981388  0.34477148  0.37942550  0.35328285  0.35328285  0.33635766  0.35328285  0.35328285  0.36189405  0.32803917  0.34477148  0.34477148  0.33635766  0.34477148  0.35328285  0.35328285  0.35328285  0.35328285  0.34477148  0.37060745  0.58252044  0.49443600  0.47397249  0.51548629  0.51548629  0.50488571  0.43468097  0.41579662  0.42517808  0.42517808  0.44430847  0.40653353  0.37060745  0.31167971  0.31167971  0.41579662  0.38835076  0.42517808  0.42517808  0.42517808  0.38835076  0.40653353  0.37060745  0.35328285  0.34477148  0.36189405  0.43468097  0.41579662  0.38835076  0.37942550  0.37060745  0.34477148  0.41579662  0.40653353  0.38835076  0.38835076  0.38835076  0.39738586  
11_29_0    0.37942550  0.35328285  0.37060745  0.39738586  0.40653353  0.41579662  0.36189405  0.37942550  0.35328285  0.31981388  0.38835076  0.33635766  0.07222166  0.00000000  0.10811250  0.12047690  0.10811250  0.38835076  0.36189405  0.37060745  0.32803917  0.36189405  0.37942550  0.33635766  0.35328285  0.31167971  0.30363469  0.32803917  0.34477148  0.33635766  0.31167971  0.33635766  0.26468105  0.25713233  0.23494100  0.37942550  0.31981388  0.32803917  0.33635766  0.32803917  0.31981388  0.31167971  0.31981388  0.32803917  0.34477148  0.32803917  0.32803917  0.33635766  0.32803917  0.29567686  0.33635766  0.31167971  0.28001539  0.28001539  0.46395072  0.51548629  0.47397249  0.40653353  0.41579662  0.39738586  0.45406391  0.46395072  0.54823856  0.54823856  0.52624218  0.52624218  0.45406391  0.39738586  0.38835076  0.42517808  0.39738586  0.34477148  0.34477148  0.35328285  0.33635766  0.45406391  0.46395072  0.33635766  0.38835076  0.36189405  0.37942550  0.31981388  0.35328285  0.38835076  0.45406391  0.36189405  0.36189405  0.37060745  0.39738586  0.38835076  0.39738586  0.45406391  0.45406391  0.45406391  0.44430847  0.45406391  0.42517808  0.40653353  0.38835076  0.36189405  0.35328285  0.35328285  0.37060745  0.36189405  0.35328285  0.35328285  0.34477148  0.42517808  0.42517808  0.40653353  0.38835076  0.38835076  0.39738586  0.41579662  0.39738586  0.39738586  0.42517808  0.42517808  0.39738586  0.35328285  0.36189405  0.36189405  0.35328285  0.32803917  0.32803917  0.33635766  0.32803917  0.37060745  0.37942550  0.37942550  0.42517808  0.34477148  0.31981388  0.37060745  0.34477148  0.34477148  0.32803917  0.32803917  0.34477148  0.33635766  0.31981388  0.33635766  0.31167971  0.31981388  0.33635766  0.32803917  0.32803917  0.34477148  0.34477148  0.33635766  0.37942550  0.59431293  0.48413295  0.46395072  0.47397249  0.47397249  0.46395072  0.44430847  0.42517808  0.37942550  0.41579662  0.41579662  0.39738586  0.39738586  0.28780436  0.30363469  0.40653353  0.39738586  0.37942550  0.37942550  0.37942550  0.36189405  0.34477148  0.34477148  0.32803917  0.31981388  0.33635766  0.38835076  0.42517808  0.37942550  0.37060745  0.36189405  0.37942550  0.42517808  0.41579662  0.39738586  0.39738586  0.39738586  0.40653353  
20_29_0    0.43468097  0.40653353  0.42517808  0.46395072  0.47397249  0.47397249  0.42517808  0.42517808  0.40653353  0.38835076  0.40653353  0.37060745  0.14584848  0.10811250  0.00000000  0.01604712  0.02694343  0.39738586  0.37060745  0.37942550  0.35328285  0.40653353  0.40653353  0.36189405  0.37942550  0.35328285  0.34477148  0.34477148  0.35328285  0.36189405  0.37060745  0.43468097  0.37942550  0.33635766  0.32803917  0.38835076  0.38835076  0.41579662  0.35328285  0.34477148  0.33635766  0.36189405  0.37060745  0.37942550  0.39738586  0.37942550  0.37942550  0.38835076  0.36189405  0.35328285  0.35328285  0.34477148  0.34477148  0.34477148  0.47397249  0.47397249  0.50488571  0.50488571  0.48413295  0.49443600  0.53715800  0.57091437  0.54823856  0.54823856  0.54823856  0.52624218  0.46395072  0.42517808  0.41579662  0.45406391  0.40653353  0.37060745  0.37060745  0.36189405  0.36189405  0.47397249  0.45406391  0.36189405  0.40653353  0.41579662  0.44430847  0.37942550  0.39738586  0.43468097  0.50488571  0.41579662  0.40653353  0.41579662  0.42517808  0.41579662  0.43468097  0.49443600  0.49443600  0.51548629  0.49443600  0.50488571  0.48413295  0.46395072  0.45406391  0.42517808  0.41579662  0.43468097  0.43468097  0.42517808  0.43468097  0.45406391  0.42517808  0.47397249  0.47397249  0.46395072  0.48413295  0.48413295  0.43468097  0.51548629  0.47397249  0.47397249  0.50488571  0.50488571  0.43468097  0.42517808  0.47397249  0.45406391  0.45406391  0.39738586  0.38835076  0.39738586  0.40653353  0.46395072  0.42517808  0.44430847  0.44430847  0.39738586  0.40653353  0.43468097  0.41579662  0.41579662  0.38835076  0.40653353  0.39738586  0.42517808  0.37942550  0.43468097  0.41579662  0.41579662  0.41579662  0.40653353  0.42517808  0.40653353  0.40653353  0.40653353  0.40653353  0.61848183  0.55948892  0.53715800  0.51548629  0.51548629  0.50488571  0.47397249  0.44430847  0.45406391  0.48413295  0.48413295  0.43468097  0.44430847  0.37060745  0.35328285  0.50488571  0.49443600  0.43468097  0.43468097  0.43468097  0.49443600  0.46395072  0.43468097  0.41579662  0.42517808  0.44430847  0.47397249  0.48413295  0.51548629  0.46395072  0.45406391  0.42517808  0.49443600  0.48413295  0.47397249  0.48413295  0.48413295  0.49443600  
16_29_0    0.44430847  0.41579662  0.43468097  0.47397249  0.48413295  0.49443600  0.42517808  0.42517808  0.39738586  0.40653353  0.42517808  0.38835076  0.15887083  0.12047690  0.01604712  0.00000000  0.03245284  0.41579662  0.38835076  0.39738586  0.36189405  0.42517808  0.42517808  0.37942550  0.39738586  0.37060745  0.36189405  0.35328285  0.37060745  0.37942550  0.37942550  0.44430847  0.38835076  0.34477148  0.33635766  0.40653353  0.37942550  0.40653353  0.34477148  0.33635766  0.32803917  0.35328285  0.36189405  0.37060745  0.38835076  0.37060745  0.37060745  0.37942550  0.35328285  0.35328285  0.34477148  0.33635766  0.33635766  0.33635766  0.48413295  0.48413295  0.52624218  0.50488571  0.50488571  0.49443600  0.52624218  0.57091437  0.55948892  0.55948892  0.53715800  0.51548629  0.45406391  0.41579662  0.40653353  0.45406391  0.39738586  0.36189405  0.36189405  0.33635766  0.35328285  0.47397249  0.44430847  0.35328285  0.39738586  0.40653353  0.43468097  0.37060745  0.40653353  0.44430847  0.51548629  0.40653353  0.39738586  0.40653353  0.41579662  0.40653353  0.42517808  0.50488571  0.50488571  0.52624218  0.51548629  0.52624218  0.50488571  0.47397249  0.47397249  0.44430847  0.43468097  0.45406391  0.45406391  0.44430847  0.45406391  0.47397249  0.44430847  0.49443600  0.49443600  0.46395072  0.48413295  0.48413295  0.43468097  0.51548629  0.47397249  0.47397249  0.50488571  0.50488571  0.43468097  0.44430847  0.49443600  0.47397249  0.47397249  0.41579662  0.39738586  0.40653353  0.42517808  0.45406391  0.42517808  0.43468097  0.43468097  0.41579662  0.42517808  0.44430847  0.43468097  0.43468097  0.39738586  0.41579662  0.40653353  0.43468097  0.38835076  0.44430847  0.42517808  0.42517808  0.42517808  0.41579662  0.43468097  0.41579662  0.41579662  0.42517808  0.39738586  0.60629793  0.54823856  0.52624218  0.52624218  0.52624218  0.51548629  0.48413295  0.43468097  0.44430847  0.47397249  0.49443600  0.44430847  0.43468097  0.38835076  0.37060745  0.52624218  0.51548629  0.43468097  0.43468097  0.45406391  0.49443600  0.46395072  0.43468097  0.43468097  0.44430847  0.46395072  0.49443600  0.50488571  0.51548629  0.47397249  0.47397249  0.43468097  0.51548629  0.50488571  0.49443600  0.50488571  0.50488571  0.51548629  
23_29_0    0.42517808  0.39738586  0.41579662  0.45406391  0.46395072  0.49443600  0.40653353  0.40653353  0.39738586  0.37942550  0.42517808  0.38835076  0.15887083  0.10811250  0.02694343  0.03245284  0.00000000  0.43468097  0.38835076  0.39738586  0.36189405  0.42517808  0.42517808  0.37942550  0.39738586  0.37060745  0.36189405  0.35328285  0.37060745  0.37942550  0.34477148  0.44430847  0.37060745  0.32803917  0.31981388  0.39738586  0.37942550  0.40653353  0.36189405  0.35328285  0.34477148  0.37060745  0.37942550  0.38835076  0.40653353  0.38835076  0.38835076  0.39738586  0.37060745  0.37060745  0.36189405  0.33635766  0.33635766  0.33635766  0.46395072  0.46395072  0.48413295  0.50488571  0.49443600  0.49443600  0.53715800  0.57091437  0.55948892  0.55948892  0.53715800  0.51548629  0.49443600  0.45406391  0.44430847  0.48413295  0.43468097  0.39738586  0.39738586  0.38835076  0.38835076  0.48413295  0.48413295  0.37060745  0.41579662  0.43468097  0.46395072  0.39738586  0.41579662  0.45406391  0.50488571  0.43468097  0.42517808  0.43468097  0.44430847  0.43468097  0.45406391  0.50488571  0.50488571  0.52624218  0.51548629  0.52624218  0.50488571  0.47397249  0.47397249  0.44430847  0.43468097  0.45406391  0.45406391  0.44430847  0.45406391  0.47397249  0.44430847  0.49443600  0.49443600  0.48413295  0.46395072  0.46395072  0.45406391  0.51548629  0.47397249  0.47397249  0.50488571  0.50488571  0.45406391  0.41579662  0.47397249  0.45406391  0.45406391  0.39738586  0.37942550  0.38835076  0.40653353  0.45406391  0.41579662  0.43468097  0.45406391  0.39738586  0.40653353  0.42517808  0.41579662  0.41579662  0.37942550  0.39738586  0.38835076  0.42517808  0.37060745  0.42517808  0.40653353  0.40653353  0.40653353  0.39738586  0.41579662  0.39738586  0.39738586  0.40653353  0.41579662  0.63087134  0.59431293  0.57091437  0.50488571  0.50488571  0.49443600  0.50488571  0.47397249  0.47397249  0.50488571  0.48413295  0.45406391  0.48413295  0.37060745  0.35328285  0.50488571  0.49443600  0.45406391  0.45406391  0.45406391  0.49443600  0.46395072  0.43468097  0.41579662  0.42517808  0.44430847  0.49443600  0.50488571  0.50488571  0.45406391  0.49443600  0.43468097  0.51548629  0.50488571  0.49443600  0.50488571  0.50488571  0.51548629  
