17
5_0_0      0.00000000  0.03627707  0.05989240  0.10952347  0.11467558  0.07443377  0.08428999  0.07934540  0.15178611  0.14636876  0.16274184  0.15724361  0.15724361  0.16274184  0.12508918  0.17948716  0.15178611  
4_0_0      0.03627707  0.00000000  0.04093996  0.10952347  0.11467558  0.07443377  0.07443377  0.07934540  0.15724361  0.15178611  0.16274184  0.18515461  0.18515461  0.17948716  0.13035172  0.17386298  0.13565213  
3_0_0      0.05989240  0.04093996  0.00000000  0.08428999  0.07934540  0.10440714  0.07934540  0.09427989  0.15178611  0.14636876  0.15178611  0.16828142  0.16828142  0.17386298  0.15178611  0.19086600  0.15178611  
8_0_0      0.10952347  0.10952347  0.08428999  0.00000000  0.00443812  0.10952347  0.08926801  0.08926801  0.14636876  0.14099095  0.16828142  0.15724361  0.15724361  0.15178611  0.14099095  0.15724361  0.16274184  
2_0_0      0.11467558  0.11467558  0.07934540  0.00443812  0.00000000  0.10952347  0.08428999  0.09427989  0.14636876  0.14099095  0.16828142  0.15724361  0.15724361  0.15178611  0.14099095  0.15724361  0.16274184  
6_0_0      0.07443377  0.07443377  0.10440714  0.10952347  0.10952347  0.00000000  0.06470770  0.08926801  0.11986398  0.11467558  0.12508918  0.14099095  0.14099095  0.13565213  0.11467558  0.14099095  0.12508918  
1_0_0      0.08428999  0.07443377  0.07934540  0.08926801  0.08428999  0.06470770  0.00000000  0.03627707  0.13035172  0.13035172  0.13565213  0.14099095  0.14099095  0.13565213  0.15178611  0.16274184  0.14636876  
9_0_0      0.07934540  0.07934540  0.09427989  0.08926801  0.09427989  0.08926801  0.03627707  0.00000000  0.11467558  0.11467558  0.13565213  0.13035172  0.13035172  0.12508918  0.13035172  0.16274184  0.13565213  
18_0_0     0.15178611  0.15724361  0.15178611  0.14636876  0.14636876  0.11986398  0.13035172  0.11467558  0.00000000  0.00443812  0.06955468  0.04563255  0.04563255  0.04093996  0.09427989  0.08428999  0.07443377  
14_0_0     0.14636876  0.15178611  0.14636876  0.14099095  0.14099095  0.11467558  0.13035172  0.11467558  0.00443812  0.00000000  0.07443377  0.05035522  0.05035522  0.04563255  0.08926801  0.07934540  0.06955468  
13_0_0     0.16274184  0.16274184  0.15178611  0.16828142  0.16828142  0.12508918  0.13565213  0.13565213  0.06955468  0.07443377  0.00000000  0.08428999  0.08428999  0.08428999  0.11986398  0.09932611  0.09427989  
20_0_0     0.15724361  0.18515461  0.16828142  0.15724361  0.15724361  0.14099095  0.14099095  0.13035172  0.04563255  0.05035522  0.08428999  0.00000000  0.00000000  0.00443812  0.11467558  0.09427989  0.08926801  
19_0_0     0.15724361  0.18515461  0.16828142  0.15724361  0.15724361  0.14099095  0.14099095  0.13035172  0.04563255  0.05035522  0.08428999  0.00000000  0.00000000  0.00443812  0.11467558  0.09427989  0.08926801  
12_0_0     0.16274184  0.17948716  0.17386298  0.15178611  0.15178611  0.13565213  0.13565213  0.12508918  0.04093996  0.04563255  0.08428999  0.00443812  0.00443812  0.00000000  0.10952347  0.08926801  0.08428999  
15_0_0     0.12508918  0.13035172  0.15178611  0.14099095  0.14099095  0.11467558  0.15178611  0.13035172  0.09427989  0.08926801  0.11986398  0.11467558  0.11467558  0.10952347  0.00000000  0.09932611  0.09427989  
16_0_0     0.17948716  0.17386298  0.19086600  0.15724361  0.15724361  0.14099095  0.16274184  0.16274184  0.08428999  0.07934540  0.09932611  0.09427989  0.09427989  0.08926801  0.09932611  0.00000000  0.03164352  
17_0_0     0.15178611  0.13565213  0.15178611  0.16274184  0.16274184  0.12508918  0.14636876  0.13565213  0.07443377  0.06955468  0.09427989  0.08926801  0.08926801  0.08428999  0.09427989  0.03164352  0.00000000  

