9
2_10_0     0.00000000  0.00986914  0.00000000  0.08838553  0.09392698  0.13391881  0.14575167  0.14575167  0.14575167  
3_10_0     0.00986914  0.00000000  0.00986914  0.08838553  0.09392698  0.14575167  0.15777592  0.15777592  0.15777592  
1_10_0     0.00000000  0.00986914  0.00000000  0.08838553  0.09392698  0.13391881  0.14575167  0.14575167  0.14575167  
3_8_0      0.08838553  0.08838553  0.08838553  0.00000000  0.01485329  0.08288508  0.09392698  0.09392698  0.09392698  
1_8_0      0.09392698  0.09392698  0.09392698  0.01485329  0.00000000  0.08838553  0.09951006  0.09951006  0.09951006  
3_11_0     0.13391881  0.14575167  0.13391881  0.08288508  0.08838553  0.00000000  0.00986914  0.00986914  0.00986914  
2_11_0     0.14575167  0.15777592  0.14575167  0.09392698  0.09951006  0.00986914  0.00000000  0.01987108  0.01987108  
1_14_0     0.14575167  0.15777592  0.14575167  0.09392698  0.09951006  0.00986914  0.01987108  0.00000000  0.00000000  
1_11_0     0.14575167  0.15777592  0.14575167  0.09392698  0.09951006  0.00986914  0.01987108  0.00000000  0.00000000  

