161
51_0_0     0.00000000  0.01162835  0.08546997  0.08979399  0.10734439  0.11179707  0.27592756  0.29851016  0.22228415  0.25942692  0.27038682  0.18197700  0.18197700  0.21200199  0.23797727  0.25400659  0.24328232  0.21712541  0.23270958  0.43660101  0.41620146  0.41620146  0.45051638  0.47188703  0.43660101  0.43660101  0.45757233  0.42293970  0.45051638  0.46469545  0.49388602  0.31590593  0.32773193  0.29851016  0.28150964  0.28150964  0.27038682  0.24328232  0.20185920  0.22228415  0.21712541  0.36437452  0.39634333  0.35814145  0.30426393  0.35814145  0.29851016  0.72786618  0.69795071  0.68823889  0.74849564  0.62357208  0.65983760  0.63247501  0.64148515  0.66918543  0.65983760  0.64148515  0.65983760  0.63247501  0.65983760  0.70779024  0.65983760  0.61477383  0.42973918  0.43660101  0.47914840  0.48648093  0.48648093  0.48648093  0.53992491  0.47188703  0.46469545  0.45757233  0.43660101  0.42973918  0.43660101  0.48648093  0.45051638  0.47188703  0.45051638  0.45757233  0.46469545  0.46469545  0.45051638  0.46469545  0.47914840  0.47914840  0.47188703  0.47914840  0.47188703  0.45757233  0.47188703  0.45757233  0.45757233  0.47914840  0.51655144  0.50136514  0.58898327  0.61477383  0.49388602  0.49388602  0.40952335  0.48648093  0.47188703  0.51655144  0.52426175  0.50891976  0.50891976  0.53992491  0.52426175  0.44352635  0.45051638  0.45757233  0.46469545  0.44352635  0.43660101  0.41620146  0.41620146  0.41620146  0.42973918  0.45051638  0.42973918  0.45757233  0.45051638  0.49388602  0.45757233  0.42293970  0.43660101  0.42293970  0.42293970  0.47914840  0.47914840  0.43660101  0.47188703  0.47188703  0.49388602  0.48648093  0.48648093  0.48648093  0.50891976  0.50891976  0.52426175  0.49388602  0.49388602  0.50136514  0.49388602  0.51655144  0.50136514  0.50136514  0.50136514  0.49388602  0.48648093  0.53205235  0.53205235  0.59748173  0.63247501  0.58898327  0.61477383  0.58898327  0.58898327  
38_0_0     0.01162835  0.00000000  0.09851774  0.10291805  0.11179707  0.11627641  0.29280029  0.29280029  0.22747871  0.26488680  0.27592756  0.18689825  0.18689825  0.20691341  0.22228415  0.23797727  0.23797727  0.21200199  0.22747871  0.41620146  0.39634333  0.39634333  0.44352635  0.46469545  0.41620146  0.41620146  0.43660101  0.40290432  0.42973918  0.44352635  0.47188703  0.32179557  0.33371577  0.30426393  0.28713367  0.27592756  0.26488680  0.24862524  0.20691341  0.22747871  0.22228415  0.35814145  0.38983937  0.36437452  0.31006229  0.36437452  0.30426393  0.73810982  0.71776088  0.70779024  0.78054712  0.65060511  0.66918543  0.62357208  0.63247501  0.65983760  0.65060511  0.63247501  0.65060511  0.62357208  0.64148515  0.68823889  0.64148515  0.59748173  0.42293970  0.42973918  0.47188703  0.46469545  0.46469545  0.46469545  0.51655144  0.45051638  0.44352635  0.43660101  0.41620146  0.42293970  0.41620146  0.46469545  0.42973918  0.45051638  0.42973918  0.43660101  0.44352635  0.47188703  0.45757233  0.47188703  0.48648093  0.48648093  0.47914840  0.47188703  0.46469545  0.45051638  0.46469545  0.45051638  0.45051638  0.47188703  0.50891976  0.50891976  0.56405211  0.60607783  0.47188703  0.47188703  0.40290432  0.46469545  0.45051638  0.49388602  0.51655144  0.49388602  0.48648093  0.51655144  0.50136514  0.42293970  0.42973918  0.43660101  0.44352635  0.43660101  0.44352635  0.40952335  0.40952335  0.40952335  0.42293970  0.45757233  0.42293970  0.46469545  0.45757233  0.50136514  0.45051638  0.44352635  0.45757233  0.42973918  0.42973918  0.47188703  0.47188703  0.41620146  0.45051638  0.46469545  0.47188703  0.46469545  0.46469545  0.46469545  0.50136514  0.48648093  0.50136514  0.47188703  0.47188703  0.47914840  0.47188703  0.49388602  0.47914840  0.47914840  0.47914840  0.47188703  0.49388602  0.55592296  0.55592296  0.58898327  0.62357208  0.58058025  0.60607783  0.59748173  0.58058025  
51_1_0     0.08546997  0.09851774  0.00000000  0.00385607  0.10291805  0.11627641  0.24862524  0.29851016  0.20185920  0.25400659  0.25400659  0.17708792  0.17708792  0.21200199  0.22747871  0.24328232  0.24328232  0.21712541  0.23270958  0.45757233  0.46469545  0.44352635  0.45051638  0.48648093  0.42973918  0.44352635  0.46469545  0.42293970  0.43660101  0.46469545  0.47914840  0.31006229  0.31006229  0.28150964  0.27592756  0.27592756  0.28713367  0.24862524  0.18689825  0.22228415  0.21712541  0.35814145  0.38983937  0.34582895  0.30426393  0.33974785  0.31590593  0.70779024  0.76971003  0.76971003  0.71776088  0.63247501  0.64148515  0.55592296  0.58058025  0.58058025  0.57227054  0.56405211  0.57227054  0.60607783  0.65983760  0.66918543  0.65060511  0.60607783  0.42973918  0.43660101  0.47914840  0.49388602  0.49388602  0.49388602  0.53992491  0.48648093  0.49388602  0.48648093  0.46469545  0.50136514  0.50891976  0.48648093  0.49388602  0.48648093  0.49388602  0.50136514  0.50891976  0.49388602  0.47914840  0.49388602  0.50891976  0.49388602  0.47914840  0.50136514  0.52426175  0.51655144  0.52426175  0.51655144  0.53205235  0.53992491  0.56405211  0.55592296  0.65060511  0.63247501  0.52426175  0.52426175  0.44352635  0.52426175  0.52426175  0.53205235  0.53205235  0.51655144  0.51655144  0.55592296  0.55592296  0.47914840  0.44352635  0.45051638  0.45757233  0.48648093  0.47914840  0.44352635  0.44352635  0.45051638  0.46469545  0.47914840  0.49388602  0.50136514  0.49388602  0.54788118  0.52426175  0.48648093  0.50136514  0.45757233  0.45757233  0.52426175  0.52426175  0.45757233  0.50136514  0.49388602  0.53205235  0.50891976  0.50891976  0.50891976  0.54788118  0.53205235  0.54788118  0.53205235  0.51655144  0.54788118  0.50891976  0.53205235  0.51655144  0.53992491  0.53205235  0.51655144  0.52426175  0.55592296  0.55592296  0.66918543  0.66918543  0.58898327  0.60607783  0.58898327  0.63247501  
38_1_0     0.08979399  0.10291805  0.00385607  0.00000000  0.10734439  0.12078272  0.24862524  0.29851016  0.19683891  0.24862524  0.24862524  0.17223057  0.17223057  0.20691341  0.22747871  0.24328232  0.23797727  0.21200199  0.22747871  0.45757233  0.45757233  0.43660101  0.45051638  0.48648093  0.42973918  0.44352635  0.46469545  0.42293970  0.43660101  0.46469545  0.47914840  0.30426393  0.30426393  0.27592756  0.27038682  0.27038682  0.28150964  0.24328232  0.18197700  0.22228415  0.21712541  0.35195987  0.38339145  0.33974785  0.29851016  0.33371577  0.31006229  0.69795071  0.75902766  0.75902766  0.72786618  0.64148515  0.65060511  0.56405211  0.58898327  0.58898327  0.58058025  0.57227054  0.58058025  0.61477383  0.66918543  0.67865151  0.65983760  0.61477383  0.42293970  0.42973918  0.47914840  0.49388602  0.49388602  0.49388602  0.53205235  0.47914840  0.48648093  0.47914840  0.45757233  0.49388602  0.50136514  0.48648093  0.49388602  0.48648093  0.49388602  0.50136514  0.50891976  0.48648093  0.47188703  0.48648093  0.50136514  0.48648093  0.47188703  0.49388602  0.51655144  0.50891976  0.51655144  0.50891976  0.52426175  0.53992491  0.56405211  0.55592296  0.64148515  0.62357208  0.52426175  0.52426175  0.44352635  0.52426175  0.52426175  0.53205235  0.53205235  0.50891976  0.50891976  0.54788118  0.54788118  0.47188703  0.44352635  0.45051638  0.45051638  0.48648093  0.47914840  0.44352635  0.44352635  0.45051638  0.46469545  0.47914840  0.49388602  0.49388602  0.48648093  0.54788118  0.52426175  0.48648093  0.50136514  0.45757233  0.45757233  0.52426175  0.52426175  0.45757233  0.50136514  0.49388602  0.53205235  0.50891976  0.50891976  0.50891976  0.54788118  0.53205235  0.54788118  0.53205235  0.51655144  0.53992491  0.50891976  0.53205235  0.51655144  0.53992491  0.53205235  0.51655144  0.52426175  0.56405211  0.56405211  0.67865151  0.67865151  0.59748173  0.61477383  0.58898327  0.64148515  
50_0_0     0.10734439  0.11179707  0.10291805  0.10734439  0.00000000  0.11179707  0.23270958  0.27038682  0.21200199  0.28713367  0.28713367  0.17223057  0.17223057  0.21200199  0.22747871  0.23270958  0.22228415  0.20691341  0.21200199  0.44352635  0.43660101  0.45757233  0.44352635  0.50136514  0.47188703  0.47188703  0.49388602  0.45757233  0.47188703  0.48648093  0.50136514  0.30426393  0.31590593  0.28713367  0.25942692  0.28713367  0.29280029  0.25400659  0.20185920  0.21200199  0.20691341  0.35195987  0.37065995  0.35814145  0.31590593  0.33974785  0.31006229  0.70779024  0.71776088  0.78054712  0.72786618  0.63247501  0.69795071  0.55592296  0.58058025  0.60607783  0.59748173  0.58898327  0.61477383  0.58898327  0.65983760  0.70779024  0.64148515  0.61477383  0.42293970  0.42973918  0.44352635  0.50136514  0.50136514  0.50136514  0.50891976  0.45757233  0.45051638  0.44352635  0.43660101  0.45757233  0.46469545  0.45051638  0.44352635  0.47188703  0.45757233  0.46469545  0.47914840  0.41620146  0.41620146  0.41620146  0.42973918  0.41620146  0.40952335  0.45757233  0.51655144  0.48648093  0.50136514  0.48648093  0.50136514  0.48648093  0.52426175  0.52426175  0.62357208  0.66918543  0.47914840  0.47914840  0.39634333  0.47914840  0.47914840  0.50891976  0.51655144  0.49388602  0.50136514  0.51655144  0.51655144  0.47914840  0.45051638  0.45757233  0.46469545  0.45757233  0.47188703  0.43660101  0.43660101  0.42293970  0.45051638  0.47188703  0.45757233  0.47914840  0.47188703  0.52426175  0.49388602  0.47188703  0.47914840  0.45051638  0.45051638  0.47914840  0.47914840  0.45051638  0.47188703  0.47914840  0.51655144  0.49388602  0.49388602  0.53205235  0.52426175  0.55592296  0.57227054  0.52426175  0.52426175  0.48648093  0.50136514  0.52426175  0.50891976  0.50136514  0.49388602  0.47914840  0.50891976  0.58058025  0.53205235  0.64148515  0.61477383  0.60607783  0.62357208  0.61477383  0.63247501  
43_0_0     0.11179707  0.11627641  0.11627641  0.12078272  0.11179707  0.00000000  0.24328232  0.31006229  0.23270958  0.26488680  0.26488680  0.19185207  0.19185207  0.22228415  0.21712541  0.24328232  0.25400659  0.22747871  0.24328232  0.42973918  0.40952335  0.42293970  0.41620146  0.45051638  0.42973918  0.42293970  0.42973918  0.40290432  0.41620146  0.42973918  0.45757233  0.29280029  0.28150964  0.25942692  0.23797727  0.29851016  0.29280029  0.25400659  0.20185920  0.23270958  0.22747871  0.39634333  0.41620146  0.37699862  0.33974785  0.35195987  0.31006229  0.73810982  0.71776088  0.78054712  0.65983760  0.61477383  0.63247501  0.62357208  0.65060511  0.65983760  0.65060511  0.62357208  0.63247501  0.64148515  0.67865151  0.65983760  0.63247501  0.55592296  0.44352635  0.43660101  0.47914840  0.50136514  0.50136514  0.50136514  0.50891976  0.47914840  0.47188703  0.46469545  0.45757233  0.49388602  0.53205235  0.48648093  0.46469545  0.50136514  0.49388602  0.50136514  0.50891976  0.47188703  0.47188703  0.47188703  0.50136514  0.48648093  0.47914840  0.43660101  0.47914840  0.47914840  0.49388602  0.47914840  0.49388602  0.49388602  0.53205235  0.51655144  0.62357208  0.65060511  0.51655144  0.51655144  0.45051638  0.48648093  0.48648093  0.47914840  0.51655144  0.50136514  0.48648093  0.50136514  0.50136514  0.50136514  0.47914840  0.48648093  0.49388602  0.47914840  0.48648093  0.45051638  0.45051638  0.43660101  0.45051638  0.48648093  0.47188703  0.47914840  0.48648093  0.51655144  0.50891976  0.47188703  0.47188703  0.46469545  0.45051638  0.50136514  0.51655144  0.47188703  0.46469545  0.47188703  0.49388602  0.47188703  0.47188703  0.52426175  0.56405211  0.53205235  0.54788118  0.51655144  0.54788118  0.50136514  0.50136514  0.53992491  0.50891976  0.49388602  0.48648093  0.47188703  0.53205235  0.53992491  0.53992491  0.62357208  0.61477383  0.63247501  0.63247501  0.60607783  0.66918543  
12_2_0     0.27592756  0.29280029  0.24862524  0.24862524  0.23270958  0.24328232  0.00000000  0.22228415  0.19683891  0.28713367  0.26488680  0.18689825  0.18689825  0.23797727  0.24862524  0.25400659  0.25942692  0.23270958  0.20691341  0.42973918  0.41620146  0.46469545  0.41620146  0.44352635  0.45757233  0.45757233  0.45757233  0.42973918  0.42973918  0.44352635  0.45757233  0.35814145  0.35814145  0.32773193  0.31590593  0.30426393  0.29851016  0.24862524  0.21200199  0.23797727  0.24328232  0.40952335  0.45757233  0.35814145  0.33371577  0.38339145  0.31590593  0.71776088  0.76971003  0.76971003  0.75902766  0.66918543  0.66918543  0.61477383  0.64148515  0.66918543  0.65983760  0.63247501  0.62357208  0.63247501  0.73810982  0.82553672  0.79154347  0.75902766  0.48648093  0.47914840  0.46469545  0.48648093  0.48648093  0.48648093  0.50136514  0.45051638  0.45757233  0.46469545  0.44352635  0.52426175  0.50136514  0.43660101  0.45051638  0.46469545  0.45757233  0.46469545  0.50136514  0.51655144  0.53205235  0.51655144  0.53205235  0.51655144  0.53205235  0.50136514  0.52426175  0.53205235  0.54788118  0.53205235  0.53205235  0.51655144  0.49388602  0.51655144  0.58058025  0.54788118  0.50136514  0.50136514  0.45051638  0.45051638  0.45051638  0.50891976  0.53205235  0.50136514  0.50136514  0.51655144  0.51655144  0.53992491  0.47914840  0.48648093  0.50136514  0.47188703  0.49388602  0.47188703  0.47188703  0.45757233  0.47188703  0.47914840  0.46469545  0.46469545  0.47188703  0.50136514  0.47188703  0.43660101  0.46469545  0.45757233  0.44352635  0.53992491  0.53992491  0.47914840  0.50136514  0.50891976  0.53992491  0.53205235  0.53205235  0.60607783  0.54788118  0.56405211  0.58058025  0.56405211  0.56405211  0.50891976  0.50136514  0.53992491  0.50891976  0.58058025  0.55592296  0.57227054  0.58058025  0.58898327  0.57227054  0.62357208  0.64148515  0.61477383  0.59748173  0.61477383  0.62357208  
12_0_0     0.29851016  0.29280029  0.29851016  0.29851016  0.27038682  0.31006229  0.22228415  0.00000000  0.19185207  0.28150964  0.27038682  0.19185207  0.19185207  0.20691341  0.21712541  0.22228415  0.23270958  0.20185920  0.17708792  0.50891976  0.50891976  0.55592296  0.51655144  0.50891976  0.54788118  0.55592296  0.53992491  0.52426175  0.50891976  0.52426175  0.53992491  0.36437452  0.34582895  0.32179557  0.33371577  0.30426393  0.31006229  0.28150964  0.22228415  0.23270958  0.23797727  0.37699862  0.42293970  0.32773193  0.31590593  0.33974785  0.30426393  0.74849564  0.76971003  0.76971003  0.72786618  0.67865151  0.73810982  0.63247501  0.64148515  0.68823889  0.67865151  0.66918543  0.65983760  0.65060511  0.69795071  0.69795071  0.68823889  0.73810982  0.47188703  0.47914840  0.47914840  0.51655144  0.53205235  0.51655144  0.50891976  0.47188703  0.46469545  0.45757233  0.46469545  0.45757233  0.49388602  0.47188703  0.50136514  0.54788118  0.48648093  0.49388602  0.53992491  0.55592296  0.55592296  0.55592296  0.57227054  0.55592296  0.54788118  0.57227054  0.59748173  0.57227054  0.57227054  0.57227054  0.58898327  0.50136514  0.52426175  0.52426175  0.58058025  0.57227054  0.54788118  0.54788118  0.50891976  0.49388602  0.50891976  0.52426175  0.50891976  0.53205235  0.53992491  0.55592296  0.55592296  0.50136514  0.46469545  0.47188703  0.47188703  0.47914840  0.51655144  0.49388602  0.49388602  0.50891976  0.49388602  0.50136514  0.47188703  0.48648093  0.49388602  0.48648093  0.45757233  0.48648093  0.51655144  0.50891976  0.49388602  0.52426175  0.52426175  0.49388602  0.47914840  0.48648093  0.50891976  0.51655144  0.51655144  0.53992491  0.53992491  0.53205235  0.56405211  0.50891976  0.52426175  0.49388602  0.48648093  0.47914840  0.47914840  0.55592296  0.53205235  0.54788118  0.48648093  0.60607783  0.60607783  0.65060511  0.57227054  0.65060511  0.63247501  0.68823889  0.65060511  
32_0_0     0.22228415  0.22747871  0.20185920  0.19683891  0.21200199  0.23270958  0.19683891  0.19185207  0.00000000  0.18197700  0.17223057  0.04763865  0.04763865  0.11627641  0.15311048  0.15784490  0.15784490  0.13908436  0.10734439  0.51655144  0.48648093  0.49388602  0.48648093  0.49388602  0.47188703  0.48648093  0.47188703  0.45757233  0.47188703  0.48648093  0.50136514  0.30426393  0.30426393  0.25400659  0.25942692  0.23270958  0.24862524  0.23270958  0.14840583  0.19185207  0.19683891  0.30426393  0.37065995  0.28150964  0.25942692  0.27592756  0.25400659  0.74849564  0.74849564  0.76971003  0.83721986  0.67865151  0.67865151  0.57227054  0.58058025  0.58898327  0.58058025  0.60607783  0.56405211  0.57227054  0.65983760  0.66918543  0.65060511  0.62357208  0.40290432  0.39634333  0.43660101  0.43660101  0.43660101  0.45051638  0.45051638  0.44352635  0.42973918  0.40952335  0.41620146  0.42293970  0.42973918  0.40952335  0.45051638  0.43660101  0.42293970  0.42973918  0.44352635  0.45051638  0.46469545  0.45051638  0.45051638  0.43660101  0.43660101  0.47914840  0.49388602  0.49388602  0.50891976  0.49388602  0.50891976  0.50136514  0.50891976  0.53992491  0.56405211  0.54788118  0.51655144  0.51655144  0.49388602  0.47188703  0.47188703  0.47914840  0.49388602  0.47914840  0.47914840  0.50891976  0.50891976  0.45051638  0.44352635  0.46469545  0.45051638  0.44352635  0.46469545  0.41620146  0.41620146  0.41620146  0.40290432  0.45051638  0.43660101  0.45051638  0.45757233  0.50891976  0.45757233  0.43660101  0.45051638  0.45757233  0.44352635  0.45757233  0.45757233  0.42293970  0.43660101  0.44352635  0.48648093  0.46469545  0.46469545  0.51655144  0.46469545  0.49388602  0.49388602  0.49388602  0.49388602  0.49388602  0.52426175  0.53205235  0.51655144  0.55592296  0.53205235  0.53205235  0.50136514  0.53992491  0.55592296  0.64148515  0.58058025  0.58898327  0.57227054  0.58898327  0.57227054  
6_0_0      0.25942692  0.26488680  0.25400659  0.24862524  0.28713367  0.26488680  0.28713367  0.28150964  0.18197700  0.00000000  0.02344027  0.14373058  0.14373058  0.21200199  0.24328232  0.25400659  0.23797727  0.21200199  0.23270958  0.51655144  0.49388602  0.52426175  0.52426175  0.53205235  0.50891976  0.52426175  0.52426175  0.50891976  0.52426175  0.52426175  0.52426175  0.40952335  0.37699862  0.36437452  0.35814145  0.32179557  0.31590593  0.27592756  0.23270958  0.33371577  0.33974785  0.46469545  0.47914840  0.39634333  0.37699862  0.38983937  0.33371577  0.71776088  0.79154347  0.79154347  0.81403319  0.80270384  0.68823889  0.69795071  0.72786618  0.75902766  0.74849564  0.72786618  0.70779024  0.74849564  0.76971003  0.71776088  0.66918543  0.65060511  0.48648093  0.49388602  0.50891976  0.57227054  0.57227054  0.57227054  0.54788118  0.50891976  0.49388602  0.49388602  0.50136514  0.52426175  0.50891976  0.52426175  0.53992491  0.52426175  0.54788118  0.55592296  0.53205235  0.50891976  0.49388602  0.50891976  0.53992491  0.55592296  0.53205235  0.53992491  0.52426175  0.57227054  0.58898327  0.57227054  0.55592296  0.54788118  0.58898327  0.58898327  0.60607783  0.66918543  0.53992491  0.53992491  0.50891976  0.50891976  0.50891976  0.54788118  0.54788118  0.55592296  0.55592296  0.57227054  0.57227054  0.51655144  0.53992491  0.54788118  0.55592296  0.52426175  0.53205235  0.52426175  0.52426175  0.50891976  0.50891976  0.53205235  0.50136514  0.51655144  0.52426175  0.54788118  0.52426175  0.50136514  0.51655144  0.51655144  0.50891976  0.52426175  0.50891976  0.50891976  0.53205235  0.52426175  0.56405211  0.53992491  0.53992491  0.52426175  0.51655144  0.54788118  0.56405211  0.53992491  0.54788118  0.53205235  0.55592296  0.54788118  0.56405211  0.55592296  0.56405211  0.54788118  0.58058025  0.57227054  0.62357208  0.67865151  0.69795071  0.60607783  0.60607783  0.60607783  0.60607783  
44_0_0     0.27038682  0.27592756  0.25400659  0.24862524  0.28713367  0.26488680  0.26488680  0.27038682  0.17223057  0.02344027  0.00000000  0.14373058  0.14373058  0.22228415  0.24328232  0.25400659  0.24862524  0.22228415  0.22228415  0.51655144  0.47914840  0.50891976  0.50891976  0.54788118  0.49388602  0.52426175  0.50891976  0.49388602  0.47914840  0.50891976  0.50891976  0.39634333  0.36437452  0.36437452  0.35814145  0.34582895  0.33974785  0.27592756  0.24328232  0.33371577  0.33974785  0.45757233  0.48648093  0.38339145  0.37699862  0.38983937  0.33371577  0.70779024  0.78054712  0.80270384  0.82553672  0.76971003  0.65983760  0.68823889  0.71776088  0.76971003  0.75902766  0.73810982  0.69795071  0.75902766  0.73810982  0.66918543  0.64148515  0.62357208  0.48648093  0.49388602  0.51655144  0.57227054  0.57227054  0.58898327  0.54788118  0.49388602  0.47914840  0.47914840  0.48648093  0.50891976  0.50891976  0.50891976  0.52426175  0.52426175  0.53205235  0.53992491  0.51655144  0.53992491  0.52426175  0.53992491  0.55592296  0.57227054  0.54788118  0.52426175  0.52426175  0.55592296  0.57227054  0.55592296  0.53992491  0.53205235  0.57227054  0.57227054  0.61477383  0.65983760  0.55592296  0.55592296  0.53992491  0.52426175  0.52426175  0.54788118  0.54788118  0.55592296  0.55592296  0.57227054  0.57227054  0.53205235  0.55592296  0.56405211  0.57227054  0.52426175  0.56405211  0.52426175  0.52426175  0.50891976  0.50891976  0.53205235  0.50136514  0.51655144  0.52426175  0.54788118  0.51655144  0.51655144  0.53205235  0.51655144  0.50891976  0.50891976  0.50891976  0.52426175  0.51655144  0.50891976  0.54788118  0.52426175  0.52426175  0.53992491  0.51655144  0.54788118  0.56405211  0.52426175  0.54788118  0.53205235  0.55592296  0.56405211  0.58058025  0.57227054  0.58058025  0.56405211  0.59748173  0.57227054  0.60607783  0.69795071  0.67865151  0.60607783  0.60607783  0.60607783  0.60607783  
13_0_0     0.18197700  0.18689825  0.17708792  0.17223057  0.17223057  0.19185207  0.18689825  0.19185207  0.04763865  0.14373058  0.14373058  0.00000000  0.00000000  0.12531634  0.16260946  0.16740455  0.14373058  0.12078272  0.09851774  0.50891976  0.47914840  0.50136514  0.50891976  0.53205235  0.50136514  0.50891976  0.49388602  0.47914840  0.49388602  0.52426175  0.53992491  0.29280029  0.29280029  0.24328232  0.24862524  0.23270958  0.22747871  0.20691341  0.11179707  0.19185207  0.19683891  0.31590593  0.35814145  0.29280029  0.27038682  0.29851016  0.22228415  0.74849564  0.76971003  0.81403319  0.74849564  0.67865151  0.62357208  0.58898327  0.61477383  0.62357208  0.61477383  0.62357208  0.61477383  0.62357208  0.64148515  0.67865151  0.65060511  0.60607783  0.37699862  0.37065995  0.40952335  0.47914840  0.47914840  0.49388602  0.47914840  0.45757233  0.44352635  0.42293970  0.42973918  0.45051638  0.44352635  0.40952335  0.45051638  0.43660101  0.42293970  0.42973918  0.45757233  0.45757233  0.47188703  0.45757233  0.47188703  0.45757233  0.43660101  0.47188703  0.50136514  0.48648093  0.50136514  0.48648093  0.50136514  0.49388602  0.53205235  0.53205235  0.55592296  0.54788118  0.48648093  0.48648093  0.45051638  0.48648093  0.48648093  0.50891976  0.50891976  0.50891976  0.50891976  0.53992491  0.53992491  0.42973918  0.42973918  0.45051638  0.43660101  0.44352635  0.46469545  0.42973918  0.42973918  0.41620146  0.41620146  0.46469545  0.43660101  0.45051638  0.45757233  0.50891976  0.44352635  0.43660101  0.45051638  0.45051638  0.44352635  0.47188703  0.47188703  0.43660101  0.46469545  0.48648093  0.51655144  0.49388602  0.49388602  0.53205235  0.49388602  0.52426175  0.53992491  0.50891976  0.52426175  0.47914840  0.49388602  0.50136514  0.48648093  0.53992491  0.51655144  0.51655144  0.51655144  0.54788118  0.54788118  0.63247501  0.58898327  0.58058025  0.58058025  0.58898327  0.56405211  
74_0_0     0.18197700  0.18689825  0.17708792  0.17223057  0.17223057  0.19185207  0.18689825  0.19185207  0.04763865  0.14373058  0.14373058  0.00000000  0.00000000  0.12531634  0.16260946  0.16740455  0.14373058  0.12078272  0.09851774  0.50891976  0.47914840  0.50136514  0.50891976  0.53205235  0.50136514  0.50891976  0.49388602  0.47914840  0.49388602  0.52426175  0.53992491  0.29280029  0.29280029  0.24328232  0.24862524  0.23270958  0.22747871  0.20691341  0.11179707  0.19185207  0.19683891  0.31590593  0.35814145  0.29280029  0.27038682  0.29851016  0.22228415  0.74849564  0.76971003  0.81403319  0.74849564  0.67865151  0.62357208  0.58898327  0.61477383  0.62357208  0.61477383  0.62357208  0.61477383  0.62357208  0.64148515  0.67865151  0.65060511  0.60607783  0.37699862  0.37065995  0.40952335  0.47914840  0.47914840  0.49388602  0.47914840  0.45757233  0.44352635  0.42293970  0.42973918  0.45051638  0.44352635  0.40952335  0.45051638  0.43660101  0.42293970  0.42973918  0.45757233  0.45757233  0.47188703  0.45757233  0.47188703  0.45757233  0.43660101  0.47188703  0.50136514  0.48648093  0.50136514  0.48648093  0.50136514  0.49388602  0.53205235  0.53205235  0.55592296  0.54788118  0.48648093  0.48648093  0.45051638  0.48648093  0.48648093  0.50891976  0.50891976  0.50891976  0.50891976  0.53992491  0.53992491  0.42973918  0.42973918  0.45051638  0.43660101  0.44352635  0.46469545  0.42973918  0.42973918  0.41620146  0.41620146  0.46469545  0.43660101  0.45051638  0.45757233  0.50891976  0.44352635  0.43660101  0.45051638  0.45051638  0.44352635  0.47188703  0.47188703  0.43660101  0.46469545  0.48648093  0.51655144  0.49388602  0.49388602  0.53205235  0.49388602  0.52426175  0.53992491  0.50891976  0.52426175  0.47914840  0.49388602  0.50136514  0.48648093  0.53992491  0.51655144  0.51655144  0.51655144  0.54788118  0.54788118  0.63247501  0.58898327  0.58058025  0.58058025  0.58898327  0.56405211  
19_3_0     0.21200199  0.20691341  0.21200199  0.20691341  0.21200199  0.22228415  0.23797727  0.20691341  0.11627641  0.21200199  0.22228415  0.12531634  0.12531634  0.00000000  0.07264583  0.08546997  0.12987759  0.11179707  0.09851774  0.46469545  0.46469545  0.43660101  0.43660101  0.42973918  0.42293970  0.45051638  0.43660101  0.42293970  0.43660101  0.43660101  0.46469545  0.30426393  0.30426393  0.25942692  0.27038682  0.24328232  0.25942692  0.23270958  0.16740455  0.18689825  0.19185207  0.35814145  0.40290432  0.32179557  0.31006229  0.32773193  0.28150964  0.71776088  0.76971003  0.76971003  0.84908832  0.71776088  0.69795071  0.64148515  0.65060511  0.64148515  0.63247501  0.64148515  0.61477383  0.64148515  0.64148515  0.66918543  0.65060511  0.62357208  0.40952335  0.41620146  0.44352635  0.50136514  0.51655144  0.50136514  0.47188703  0.45051638  0.43660101  0.42973918  0.43660101  0.42973918  0.43660101  0.42973918  0.48648093  0.45757233  0.45757233  0.46469545  0.46469545  0.46469545  0.46469545  0.46469545  0.50891976  0.49388602  0.48648093  0.53205235  0.51655144  0.51655144  0.53205235  0.51655144  0.51655144  0.52426175  0.53205235  0.56405211  0.56405211  0.55592296  0.53992491  0.53992491  0.51655144  0.46469545  0.47914840  0.49388602  0.52426175  0.49388602  0.49388602  0.52426175  0.52426175  0.49388602  0.45051638  0.45757233  0.45757233  0.47914840  0.50136514  0.45051638  0.45051638  0.49388602  0.47914840  0.50136514  0.48648093  0.48648093  0.49388602  0.51655144  0.50891976  0.47188703  0.48648093  0.49388602  0.47914840  0.45757233  0.45757233  0.42973918  0.48648093  0.49388602  0.53992491  0.51655144  0.51655144  0.52426175  0.51655144  0.50136514  0.50136514  0.47188703  0.50136514  0.50891976  0.50891976  0.50136514  0.50136514  0.55592296  0.53205235  0.53205235  0.53205235  0.55592296  0.55592296  0.60607783  0.59748173  0.58058025  0.61477383  0.63247501  0.58058025  
31_3_0     0.23797727  0.22228415  0.22747871  0.22747871  0.22747871  0.21712541  0.24862524  0.21712541  0.15311048  0.24328232  0.24328232  0.16260946  0.16260946  0.07264583  0.00000000  0.02741938  0.13908436  0.12078272  0.10734439  0.47914840  0.46469545  0.47188703  0.44352635  0.42293970  0.42973918  0.45051638  0.45757233  0.42973918  0.42973918  0.42973918  0.47188703  0.33974785  0.35195987  0.30426393  0.31590593  0.28713367  0.30426393  0.25942692  0.19683891  0.20691341  0.21200199  0.35195987  0.43660101  0.34582895  0.33371577  0.33974785  0.30426393  0.73810982  0.73810982  0.75902766  0.82553672  0.71776088  0.70779024  0.60607783  0.61477383  0.67865151  0.66918543  0.64148515  0.59748173  0.64148515  0.66918543  0.69795071  0.64148515  0.63247501  0.43660101  0.44352635  0.47188703  0.48648093  0.50136514  0.48648093  0.47188703  0.46469545  0.43660101  0.44352635  0.45051638  0.48648093  0.47914840  0.42973918  0.45757233  0.45757233  0.45757233  0.46469545  0.46469545  0.50136514  0.51655144  0.50136514  0.53205235  0.51655144  0.49388602  0.53205235  0.51655144  0.54788118  0.54788118  0.54788118  0.54788118  0.50891976  0.53205235  0.56405211  0.60607783  0.63247501  0.51655144  0.51655144  0.51655144  0.46469545  0.47914840  0.47914840  0.50891976  0.50136514  0.49388602  0.52426175  0.53992491  0.52426175  0.49388602  0.50136514  0.51655144  0.45051638  0.47188703  0.42293970  0.42293970  0.46469545  0.46469545  0.47188703  0.44352635  0.47188703  0.47914840  0.53205235  0.47914840  0.47188703  0.48648093  0.47914840  0.46469545  0.48648093  0.48648093  0.45757233  0.43660101  0.44352635  0.50891976  0.48648093  0.48648093  0.46469545  0.47188703  0.47188703  0.47188703  0.45757233  0.47188703  0.53992491  0.50891976  0.50136514  0.51655144  0.55592296  0.53205235  0.53205235  0.56405211  0.57227054  0.60607783  0.67865151  0.60607783  0.59748173  0.59748173  0.56405211  0.54788118  
33_3_0     0.25400659  0.23797727  0.24328232  0.24328232  0.23270958  0.24328232  0.25400659  0.22228415  0.15784490  0.25400659  0.25400659  0.16740455  0.16740455  0.08546997  0.02741938  0.00000000  0.13446682  0.11627641  0.11179707  0.48648093  0.47188703  0.47914840  0.45051638  0.42973918  0.43660101  0.45757233  0.46469545  0.45051638  0.45051638  0.45051638  0.49388602  0.34582895  0.35814145  0.30426393  0.33371577  0.30426393  0.32179557  0.26488680  0.21200199  0.22228415  0.22747871  0.35814145  0.45757233  0.36437452  0.35195987  0.35814145  0.32179557  0.75902766  0.75902766  0.78054712  0.84908832  0.75902766  0.73810982  0.64148515  0.65060511  0.71776088  0.70779024  0.67865151  0.63247501  0.67865151  0.66918543  0.73810982  0.67865151  0.66918543  0.43660101  0.44352635  0.48648093  0.50136514  0.51655144  0.50136514  0.48648093  0.46469545  0.43660101  0.45757233  0.46469545  0.50136514  0.47914840  0.44352635  0.47188703  0.47188703  0.47188703  0.47914840  0.47914840  0.53205235  0.54788118  0.53205235  0.54788118  0.53205235  0.50891976  0.54788118  0.54788118  0.56405211  0.56405211  0.56405211  0.56405211  0.52426175  0.54788118  0.58058025  0.60607783  0.63247501  0.51655144  0.51655144  0.51655144  0.47914840  0.49388602  0.47914840  0.50891976  0.50136514  0.49388602  0.52426175  0.53992491  0.52426175  0.50891976  0.51655144  0.53205235  0.46469545  0.50136514  0.43660101  0.43660101  0.47914840  0.47914840  0.48648093  0.45757233  0.48648093  0.49388602  0.54788118  0.47914840  0.48648093  0.50136514  0.50136514  0.49388602  0.51655144  0.51655144  0.45757233  0.44352635  0.46469545  0.51655144  0.49388602  0.49388602  0.47188703  0.47914840  0.47914840  0.47914840  0.46469545  0.47914840  0.53205235  0.49388602  0.48648093  0.50136514  0.55592296  0.53205235  0.53205235  0.58058025  0.58058025  0.61477383  0.67865151  0.59748173  0.60607783  0.60607783  0.60607783  0.58898327  
31_0_0     0.24328232  0.23797727  0.24328232  0.23797727  0.22228415  0.25400659  0.25942692  0.23270958  0.15784490  0.23797727  0.24862524  0.14373058  0.14373058  0.12987759  0.13908436  0.13446682  0.00000000  0.02344027  0.06841949  0.49388602  0.46469545  0.47914840  0.47914840  0.47914840  0.45757233  0.49388602  0.46469545  0.46469545  0.49388602  0.53205235  0.53205235  0.34582895  0.34582895  0.29280029  0.32179557  0.28713367  0.30426393  0.29280029  0.20691341  0.21200199  0.20691341  0.32773193  0.42293970  0.35814145  0.33974785  0.32773193  0.30426393  0.78054712  0.76971003  0.84908832  0.81403319  0.78054712  0.73810982  0.64148515  0.65060511  0.69795071  0.68823889  0.66918543  0.63247501  0.62357208  0.72786618  0.68823889  0.63247501  0.62357208  0.37065995  0.37699862  0.41620146  0.50136514  0.51655144  0.50136514  0.47914840  0.40952335  0.39634333  0.40290432  0.40952335  0.47914840  0.38339145  0.41620146  0.45757233  0.45757233  0.45051638  0.44352635  0.45757233  0.45051638  0.47914840  0.45051638  0.46469545  0.45051638  0.42973918  0.47188703  0.47188703  0.47188703  0.48648093  0.47188703  0.48648093  0.47914840  0.51655144  0.51655144  0.52426175  0.54788118  0.45051638  0.45051638  0.47188703  0.40952335  0.42293970  0.46469545  0.47188703  0.47188703  0.46469545  0.49388602  0.49388602  0.47914840  0.45051638  0.45757233  0.47188703  0.42293970  0.44352635  0.40952335  0.40952335  0.43660101  0.42973918  0.44352635  0.42973918  0.42973918  0.43660101  0.52426175  0.43660101  0.42973918  0.44352635  0.45757233  0.43660101  0.44352635  0.44352635  0.40290432  0.45051638  0.47914840  0.51655144  0.49388602  0.49388602  0.53205235  0.50136514  0.50891976  0.50136514  0.47914840  0.52426175  0.52426175  0.47914840  0.47188703  0.47188703  0.55592296  0.53205235  0.53205235  0.53205235  0.55592296  0.54788118  0.64148515  0.58058025  0.54788118  0.56405211  0.59748173  0.59748173  
33_0_0     0.21712541  0.21200199  0.21712541  0.21200199  0.20691341  0.22747871  0.23270958  0.20185920  0.13908436  0.21200199  0.22228415  0.12078272  0.12078272  0.11179707  0.12078272  0.11627641  0.02344027  0.00000000  0.05174890  0.45757233  0.42973918  0.44352635  0.44352635  0.43660101  0.44352635  0.45757233  0.44352635  0.42973918  0.45757233  0.48648093  0.48648093  0.33371577  0.32179557  0.27038682  0.29851016  0.27038682  0.28713367  0.26488680  0.19185207  0.21200199  0.20691341  0.31590593  0.40952335  0.33974785  0.32773193  0.31590593  0.29851016  0.74849564  0.72786618  0.81403319  0.78054712  0.73810982  0.72786618  0.62357208  0.61477383  0.65983760  0.65060511  0.64148515  0.59748173  0.58898327  0.66918543  0.66918543  0.61477383  0.58898327  0.35195987  0.35814145  0.39634333  0.49388602  0.50891976  0.49388602  0.46469545  0.38983937  0.37699862  0.38339145  0.38983937  0.45051638  0.37699862  0.39634333  0.43660101  0.43660101  0.42973918  0.43660101  0.42973918  0.44352635  0.47188703  0.44352635  0.45757233  0.44352635  0.42293970  0.46469545  0.46469545  0.45051638  0.46469545  0.45051638  0.46469545  0.45757233  0.49388602  0.49388602  0.52426175  0.54788118  0.45757233  0.45757233  0.46469545  0.41620146  0.42973918  0.47188703  0.47914840  0.47914840  0.47188703  0.50136514  0.50136514  0.45757233  0.42973918  0.43660101  0.45051638  0.41620146  0.43660101  0.40290432  0.40290432  0.41620146  0.40290432  0.43660101  0.42293970  0.42293970  0.42973918  0.49388602  0.42973918  0.42293970  0.43660101  0.45051638  0.42973918  0.43660101  0.43660101  0.39634333  0.45051638  0.45757233  0.50136514  0.47914840  0.47914840  0.51655144  0.47914840  0.49388602  0.49388602  0.46469545  0.50891976  0.50136514  0.47188703  0.46469545  0.46469545  0.53205235  0.50891976  0.50891976  0.52426175  0.53205235  0.53205235  0.60607783  0.56405211  0.54788118  0.56405211  0.59748173  0.59748173  
19_0_0     0.23270958  0.22747871  0.23270958  0.22747871  0.21200199  0.24328232  0.20691341  0.17708792  0.10734439  0.23270958  0.22228415  0.09851774  0.09851774  0.09851774  0.10734439  0.11179707  0.06841949  0.05174890  0.00000000  0.50891976  0.46469545  0.47188703  0.47914840  0.47188703  0.45051638  0.49388602  0.47914840  0.45051638  0.46469545  0.47914840  0.49388602  0.30426393  0.30426393  0.24328232  0.27038682  0.26488680  0.28150964  0.22747871  0.15784490  0.18689825  0.19185207  0.30426393  0.38339145  0.31590593  0.30426393  0.31590593  0.26488680  0.71776088  0.71776088  0.80270384  0.84908832  0.71776088  0.68823889  0.62357208  0.63247501  0.65983760  0.65060511  0.62357208  0.61477383  0.62357208  0.62357208  0.63247501  0.61477383  0.58898327  0.36437452  0.37065995  0.40952335  0.47914840  0.49388602  0.49388602  0.43660101  0.41620146  0.40290432  0.39634333  0.40290432  0.45051638  0.40290432  0.40952335  0.43660101  0.45051638  0.42293970  0.42973918  0.44352635  0.48648093  0.50136514  0.48648093  0.50136514  0.48648093  0.46469545  0.48648093  0.47188703  0.47188703  0.48648093  0.47188703  0.48648093  0.47914840  0.50136514  0.51655144  0.51655144  0.53992491  0.50136514  0.50136514  0.50891976  0.45757233  0.47188703  0.50136514  0.51655144  0.50891976  0.50136514  0.51655144  0.51655144  0.45051638  0.44352635  0.46469545  0.45051638  0.41620146  0.43660101  0.41620146  0.41620146  0.42973918  0.41620146  0.43660101  0.40952335  0.42293970  0.42973918  0.52426175  0.44352635  0.43660101  0.45051638  0.45757233  0.42973918  0.43660101  0.43660101  0.39634333  0.44352635  0.45051638  0.49388602  0.47188703  0.47188703  0.52426175  0.48648093  0.48648093  0.48648093  0.47188703  0.50136514  0.53205235  0.48648093  0.47914840  0.47914840  0.56405211  0.53992491  0.53992491  0.52426175  0.56405211  0.54788118  0.62357208  0.57227054  0.53992491  0.55592296  0.58898327  0.57227054  
60_0_0     0.43660101  0.41620146  0.45757233  0.45757233  0.44352635  0.42973918  0.42973918  0.50891976  0.51655144  0.51655144  0.51655144  0.50891976  0.50891976  0.46469545  0.47914840  0.48648093  0.49388602  0.45757233  0.50891976  0.00000000  0.03948526  0.10291805  0.10291805  0.12987759  0.12078272  0.11627641  0.12078272  0.09851774  0.10291805  0.11627641  0.12078272  0.41620146  0.45757233  0.45757233  0.42293970  0.47188703  0.47914840  0.47914840  0.49388602  0.49388602  0.50136514  0.56405211  0.60607783  0.60607783  0.58898327  0.59748173  0.53992491  0.96533606  0.93789776  0.91143013  0.92454692  0.82553672  0.87340537  0.76971003  0.73810982  0.76971003  0.75902766  0.76971003  0.74849564  0.70779024  0.72786618  0.84908832  0.79154347  0.71776088  0.66918543  0.67865151  0.65060511  0.67865151  0.67865151  0.65983760  0.73810982  0.53205235  0.54788118  0.55592296  0.56405211  0.60607783  0.54788118  0.55592296  0.55592296  0.54788118  0.57227054  0.58058025  0.53992491  0.63247501  0.61477383  0.63247501  0.61477383  0.63247501  0.62357208  0.66918543  0.57227054  0.63247501  0.63247501  0.63247501  0.61477383  0.62357208  0.60607783  0.61477383  0.65983760  0.64148515  0.58058025  0.58058025  0.61477383  0.53992491  0.52426175  0.60607783  0.62357208  0.61477383  0.61477383  0.59748173  0.58898327  0.60607783  0.62357208  0.62357208  0.65060511  0.63247501  0.65060511  0.60607783  0.60607783  0.60607783  0.60607783  0.62357208  0.64148515  0.64148515  0.63247501  0.65060511  0.63247501  0.62357208  0.62357208  0.66918543  0.63247501  0.65983760  0.67865151  0.61477383  0.62357208  0.63247501  0.59748173  0.60607783  0.60607783  0.67865151  0.68823889  0.65983760  0.69795071  0.64148515  0.65060511  0.65983760  0.64148515  0.66918543  0.67865151  0.68823889  0.67865151  0.69795071  0.73810982  0.74849564  0.74849564  0.70779024  0.82553672  0.74849564  0.74849564  0.75902766  0.79154347  
