17
16_0_0     0.00000000  0.22226189  0.22226189  0.25822924  0.43989109  0.43989109  0.41674388  0.42822763  0.42246364  0.44579200  0.44579200  0.36183836  0.36715043  0.36183836  0.36715043  0.38878561  0.36715043  
14_0_0     0.22226189  0.00000000  0.19638157  0.20063303  0.37788952  0.36715043  0.39429399  0.40543441  0.36715043  0.37250063  0.37250063  0.36715043  0.36183836  0.35656389  0.37250063  0.30088239  0.30088239  
6_0_0      0.22226189  0.19638157  0.00000000  0.17961420  0.41106769  0.41106769  0.38878561  0.41106769  0.38878561  0.39984338  0.39984338  0.37250063  0.37788952  0.37250063  0.38878561  0.25363724  0.26749899  
15_0_0     0.25822924  0.20063303  0.17961420  0.00000000  0.38878561  0.38878561  0.41106769  0.42246364  0.41106769  0.42246364  0.42246364  0.38331765  0.37788952  0.37250063  0.37788952  0.31566038  0.31566038  
18_0_0     0.43989109  0.37788952  0.41106769  0.38878561  0.00000000  0.00983662  0.08990128  0.10474794  0.08258741  0.10100846  0.10100846  0.42246364  0.41674388  0.42246364  0.43403654  0.38331765  0.40543441  
8_0_0      0.43989109  0.36715043  0.41106769  0.38878561  0.00983662  0.00000000  0.10100846  0.10850628  0.09358531  0.10474794  0.10474794  0.41106769  0.40543441  0.41106769  0.42246364  0.38331765  0.40543441  
19_0_0     0.41674388  0.39429399  0.38878561  0.41106769  0.08990128  0.10100846  0.00000000  0.03330657  0.09728764  0.10100846  0.10100846  0.39984338  0.40543441  0.41106769  0.43403654  0.39984338  0.42246364  
19_1_0     0.42822763  0.40543441  0.41106769  0.42246364  0.10474794  0.10850628  0.03330657  0.00000000  0.11228367  0.11608031  0.11608031  0.37250063  0.37788952  0.38331765  0.41106769  0.40543441  0.42822763  
7_0_0      0.42246364  0.36715043  0.38878561  0.41106769  0.08258741  0.09358531  0.09728764  0.11228367  0.00000000  0.02315738  0.02315738  0.38331765  0.37788952  0.38331765  0.38878561  0.35656389  0.37788952  
9_0_0      0.44579200  0.37250063  0.39984338  0.42246364  0.10100846  0.10474794  0.10100846  0.11608031  0.02315738  0.00000000  0.00000000  0.38878561  0.38331765  0.38878561  0.39429399  0.35656389  0.37788952  
13_0_0     0.44579200  0.37250063  0.39984338  0.42246364  0.10100846  0.10474794  0.10100846  0.11608031  0.02315738  0.00000000  0.00000000  0.38878561  0.38331765  0.38878561  0.39429399  0.35656389  0.37788952  
12_0_0     0.36183836  0.36715043  0.37250063  0.38331765  0.42246364  0.41106769  0.39984338  0.37250063  0.38331765  0.38878561  0.38878561  0.00000000  0.00326447  0.00654330  0.03672058  0.18377081  0.20490888  
4_0_0      0.36715043  0.36183836  0.37788952  0.37788952  0.41674388  0.40543441  0.40543441  0.37788952  0.37788952  0.38331765  0.38331765  0.00326447  0.00000000  0.00326447  0.03330657  0.18795074  0.20920940  
10_0_0     0.36183836  0.35656389  0.37250063  0.37250063  0.42246364  0.41106769  0.41106769  0.38331765  0.38331765  0.38878561  0.38878561  0.00654330  0.00326447  0.00000000  0.02990813  0.18377081  0.20490888  
5_0_0      0.36715043  0.37250063  0.38878561  0.37788952  0.43403654  0.42246364  0.43403654  0.41106769  0.38878561  0.39429399  0.39429399  0.03672058  0.03330657  0.02990813  0.00000000  0.19638157  0.21788561  
17_0_0     0.38878561  0.30088239  0.25363724  0.31566038  0.38331765  0.38331765  0.39984338  0.40543441  0.35656389  0.35656389  0.35656389  0.18377081  0.18795074  0.18377081  0.19638157  0.00000000  0.02652511  
11_0_0     0.36715043  0.30088239  0.26749899  0.31566038  0.40543441  0.40543441  0.42246364  0.42822763  0.37788952  0.37788952  0.37788952  0.20490888  0.20920940  0.20490888  0.21788561  0.02652511  0.00000000  

