23
2_1_0      0.00000000  0.00000000  0.15665153  0.17575078  0.16138046  0.21040504  0.19535463  0.20033759  0.18548797  0.18060341  0.37419393  0.42655627  0.42655627  0.34933616  0.36166096  0.36790099  0.34324968  0.34324968  0.39991334  0.40648493  0.41311524  0.40648493  0.38694221  
8_1_0      0.00000000  0.00000000  0.15665153  0.17575078  0.16138046  0.21040504  0.19535463  0.20033759  0.18548797  0.18060341  0.37419393  0.42655627  0.42655627  0.34933616  0.36166096  0.36790099  0.34324968  0.34324968  0.39991334  0.40648493  0.41311524  0.40648493  0.38694221  
6_1_0      0.15665153  0.15665153  0.00000000  0.14728314  0.15195255  0.14728314  0.15195255  0.16613971  0.16613971  0.15665153  0.31354432  0.34933616  0.36166096  0.30198732  0.29060756  0.29060756  0.33721271  0.33721271  0.33721271  0.34324968  0.34933616  0.33122446  0.29627562  
1_1_0      0.17575078  0.17575078  0.14728314  0.00000000  0.18060341  0.21040504  0.17575078  0.18060341  0.17092969  0.16138046  0.32528415  0.36166096  0.37419393  0.29627562  0.33122446  0.34324968  0.35547297  0.35547297  0.37419393  0.38054069  0.38694221  0.36790099  0.37419393  
5_1_0      0.16138046  0.16138046  0.15195255  0.18060341  0.00000000  0.08482080  0.07209363  0.16613971  0.17575078  0.15665153  0.29627562  0.34324968  0.34324968  0.30774332  0.26835855  0.27385858  0.31354432  0.31354432  0.31354432  0.31939102  0.31354432  0.30774332  0.32528415  
4_1_0      0.21040504  0.21040504  0.14728314  0.21040504  0.08482080  0.00000000  0.04321924  0.19040490  0.19535463  0.17575078  0.30198732  0.31939102  0.33122446  0.30198732  0.29627562  0.29627562  0.36790099  0.36790099  0.29627562  0.30198732  0.34933616  0.33122446  0.31354432  
3_1_0      0.19535463  0.19535463  0.15195255  0.17575078  0.07209363  0.04321924  0.00000000  0.16613971  0.18060341  0.16138046  0.30774332  0.32528415  0.33721271  0.29627562  0.27939967  0.27939967  0.34933616  0.34933616  0.27939967  0.28498245  0.34324968  0.32528415  0.31939102  
10_1_0     0.20033759  0.20033759  0.16613971  0.18060341  0.16613971  0.19040490  0.16613971  0.00000000  0.11094934  0.10213721  0.31939102  0.34324968  0.34324968  0.29627562  0.29627562  0.31354432  0.28498245  0.28498245  0.31939102  0.32528415  0.35547297  0.36166096  0.33122446  
11_1_0     0.18548797  0.18548797  0.16613971  0.17092969  0.17575078  0.19535463  0.18060341  0.11094934  0.00000000  0.02326158  0.30774332  0.34324968  0.35547297  0.29627562  0.34324968  0.32528415  0.33122446  0.33122446  0.35547297  0.34933616  0.38054069  0.36166096  0.35547297  
7_1_0      0.18060341  0.18060341  0.15665153  0.16138046  0.15665153  0.17575078  0.16138046  0.10213721  0.02326158  0.00000000  0.30198732  0.34933616  0.34933616  0.29060756  0.32528415  0.31939102  0.33721271  0.33721271  0.33122446  0.32528415  0.35547297  0.33721271  0.33122446  
5_0_0      0.37419393  0.37419393  0.31354432  0.32528415  0.29627562  0.30198732  0.30774332  0.31939102  0.30774332  0.30198732  0.00000000  0.08482080  0.07631182  0.15665153  0.19040490  0.18548797  0.23618793  0.23618793  0.22061095  0.22576703  0.21549045  0.20033759  0.21040504  
4_0_0      0.42655627  0.42655627  0.34933616  0.36166096  0.34324968  0.31939102  0.32528415  0.34324968  0.34324968  0.34933616  0.08482080  0.00000000  0.03118035  0.16138046  0.20535424  0.21040504  0.25747931  0.25747931  0.24145378  0.24675726  0.21549045  0.20033759  0.20033759  
3_0_0      0.42655627  0.42655627  0.36166096  0.37419393  0.34324968  0.33122446  0.33721271  0.34324968  0.35547297  0.34933616  0.07631182  0.03118035  0.00000000  0.16613971  0.21040504  0.22061095  0.23618793  0.23618793  0.23095919  0.23618793  0.20535424  0.19040490  0.19040490  
6_0_0      0.34933616  0.34933616  0.30198732  0.29627562  0.30774332  0.30198732  0.29627562  0.29627562  0.29627562  0.29060756  0.15665153  0.16138046  0.16613971  0.00000000  0.11986737  0.12436690  0.23618793  0.23618793  0.22061095  0.21549045  0.21040504  0.20535424  0.20033759  
1_0_0      0.36166096  0.36166096  0.29060756  0.33122446  0.26835855  0.29627562  0.27939967  0.29627562  0.34324968  0.32528415  0.19040490  0.20535424  0.21040504  0.11986737  0.00000000  0.08055411  0.22061095  0.22061095  0.24145378  0.24675726  0.21040504  0.20535424  0.21040504  
9_0_0      0.36790099  0.36790099  0.29060756  0.34324968  0.27385858  0.29627562  0.27939967  0.31354432  0.32528415  0.31939102  0.18548797  0.21040504  0.22061095  0.12436690  0.08055411  0.00000000  0.21040504  0.21040504  0.22576703  0.22061095  0.22576703  0.21040504  0.20033759  
8_0_0      0.34324968  0.34324968  0.33721271  0.35547297  0.31354432  0.36790099  0.34933616  0.28498245  0.33122446  0.33721271  0.23618793  0.25747931  0.23618793  0.23618793  0.22061095  0.21040504  0.00000000  0.00000000  0.30774332  0.31354432  0.31354432  0.30774332  0.28498245  
2_0_0      0.34324968  0.34324968  0.33721271  0.35547297  0.31354432  0.36790099  0.34933616  0.28498245  0.33122446  0.33721271  0.23618793  0.25747931  0.23618793  0.23618793  0.22061095  0.21040504  0.00000000  0.00000000  0.30774332  0.31354432  0.31354432  0.30774332  0.28498245  
7_2_0      0.39991334  0.39991334  0.33721271  0.37419393  0.31354432  0.29627562  0.27939967  0.31939102  0.35547297  0.33122446  0.22061095  0.24145378  0.23095919  0.22061095  0.24145378  0.22576703  0.30774332  0.30774332  0.00000000  0.01153964  0.08911217  0.08911217  0.13344865  
11_2_0     0.40648493  0.40648493  0.34324968  0.38054069  0.31939102  0.30198732  0.28498245  0.32528415  0.34933616  0.32528415  0.22576703  0.24675726  0.23618793  0.21549045  0.24675726  0.22061095  0.31354432  0.31354432  0.01153964  0.00000000  0.08482080  0.08482080  0.11986737  
7_0_0      0.41311524  0.41311524  0.34933616  0.38694221  0.31354432  0.34933616  0.34324968  0.35547297  0.38054069  0.35547297  0.21549045  0.21549045  0.20535424  0.21040504  0.21040504  0.22576703  0.31354432  0.31354432  0.08911217  0.08482080  0.00000000  0.01542642  0.09777008  
11_0_0     0.40648493  0.40648493  0.33122446  0.36790099  0.30774332  0.33122446  0.32528415  0.36166096  0.36166096  0.33721271  0.20033759  0.20033759  0.19040490  0.20535424  0.20535424  0.21040504  0.30774332  0.30774332  0.08911217  0.08482080  0.01542642  0.00000000  0.08055411  
10_0_0     0.38694221  0.38694221  0.29627562  0.37419393  0.32528415  0.31354432  0.31939102  0.33122446  0.35547297  0.33122446  0.21040504  0.20033759  0.19040490  0.20033759  0.21040504  0.20033759  0.28498245  0.28498245  0.13344865  0.11986737  0.09777008  0.08055411  0.00000000  

