20
17_0_0     0.00000000  0.00635600  0.10151383  0.10879663  0.10879663  0.12357812  0.20220480  0.27164654  0.27164654  0.25367342  0.25367342  0.25367342  0.29944148  0.29006146  0.32830749  0.30894044  0.30894044  0.32830749  0.33818206  0.34818852  
11_0_0     0.00635600  0.00000000  0.09430114  0.10151383  0.10151383  0.11615092  0.19396025  0.26260608  0.26260608  0.26260608  0.26260608  0.26260608  0.30894044  0.29944148  0.33818206  0.31856139  0.29944148  0.31856139  0.32830749  0.33818206  
10_0_0     0.10151383  0.09430114  0.00000000  0.01923209  0.01923209  0.03233336  0.18580545  0.21897118  0.21897118  0.22749721  0.22749721  0.22749721  0.29006146  0.28079742  0.31856139  0.31856139  0.30894044  0.31856139  0.32830749  0.31856139  
12_0_0     0.10879663  0.10151383  0.01923209  0.00000000  0.00000000  0.03897092  0.19396025  0.22749721  0.22749721  0.24484600  0.24484600  0.24484600  0.31856139  0.29006146  0.32830749  0.34818852  0.31856139  0.32830749  0.33818206  0.32830749  
4_0_0      0.10879663  0.10151383  0.01923209  0.00000000  0.00000000  0.03897092  0.19396025  0.22749721  0.22749721  0.24484600  0.24484600  0.24484600  0.31856139  0.29006146  0.32830749  0.34818852  0.31856139  0.32830749  0.33818206  0.32830749  
5_0_0      0.12357812  0.11615092  0.03233336  0.03897092  0.03897092  0.00000000  0.18580545  0.21897118  0.21897118  0.22749721  0.22749721  0.22749721  0.31856139  0.30894044  0.32830749  0.32830749  0.31856139  0.31856139  0.32830749  0.31856139  
19_0_0     0.20220480  0.19396025  0.18580545  0.19396025  0.19396025  0.18580545  0.00000000  0.07307058  0.07307058  0.13865714  0.13865714  0.13865714  0.29006146  0.29006146  0.30894044  0.29006146  0.29006146  0.30894044  0.31856139  0.32830749  
18_0_0     0.27164654  0.26260608  0.21897118  0.22749721  0.22749721  0.21897118  0.07307058  0.00000000  0.00000000  0.14631200  0.14631200  0.14631200  0.30894044  0.27164654  0.29944148  0.29006146  0.26260608  0.32830749  0.33818206  0.32830749  
8_0_0      0.27164654  0.26260608  0.21897118  0.22749721  0.22749721  0.21897118  0.07307058  0.00000000  0.00000000  0.14631200  0.14631200  0.14631200  0.30894044  0.27164654  0.29944148  0.29006146  0.26260608  0.32830749  0.33818206  0.32830749  
9_0_0      0.25367342  0.26260608  0.22749721  0.24484600  0.24484600  0.22749721  0.13865714  0.14631200  0.14631200  0.00000000  0.00000000  0.01276638  0.30894044  0.26260608  0.28079742  0.27164654  0.31856139  0.37903568  0.38960692  0.37903568  
13_0_0     0.25367342  0.26260608  0.22749721  0.24484600  0.24484600  0.22749721  0.13865714  0.14631200  0.14631200  0.00000000  0.00000000  0.01276638  0.30894044  0.26260608  0.28079742  0.27164654  0.31856139  0.37903568  0.38960692  0.37903568  
7_0_0      0.25367342  0.26260608  0.22749721  0.24484600  0.24484600  0.22749721  0.13865714  0.14631200  0.14631200  0.01276638  0.01276638  0.00000000  0.29006146  0.26260608  0.28079742  0.27164654  0.31856139  0.37903568  0.38960692  0.37903568  
15_0_0     0.29944148  0.30894044  0.29006146  0.31856139  0.31856139  0.31856139  0.29006146  0.30894044  0.30894044  0.30894044  0.30894044  0.29006146  0.00000000  0.13865714  0.16975739  0.17773845  0.37903568  0.40032947  0.41120770  0.42224622  
6_0_0      0.29006146  0.29944148  0.28079742  0.29006146  0.29006146  0.30894044  0.29006146  0.27164654  0.27164654  0.26260608  0.26260608  0.26260608  0.13865714  0.00000000  0.05924392  0.12357812  0.34818852  0.38960692  0.40032947  0.38960692  
14_0_0     0.32830749  0.33818206  0.31856139  0.32830749  0.32830749  0.32830749  0.30894044  0.29944148  0.29944148  0.28079742  0.28079742  0.28079742  0.16975739  0.05924392  0.00000000  0.16186046  0.37903568  0.37903568  0.36861153  0.35833043  
16_0_0     0.30894044  0.31856139  0.31856139  0.34818852  0.34818852  0.32830749  0.29006146  0.29006146  0.29006146  0.27164654  0.27164654  0.27164654  0.17773845  0.12357812  0.16186046  0.00000000  0.29006146  0.33818206  0.32830749  0.35833043  
20_0_0     0.30894044  0.29944148  0.30894044  0.31856139  0.31856139  0.31856139  0.29006146  0.26260608  0.26260608  0.31856139  0.31856139  0.31856139  0.37903568  0.34818852  0.37903568  0.29006146  0.00000000  0.29006146  0.29944148  0.29944148  
1_0_0      0.32830749  0.31856139  0.31856139  0.32830749  0.32830749  0.31856139  0.30894044  0.32830749  0.32830749  0.37903568  0.37903568  0.37903568  0.40032947  0.38960692  0.37903568  0.33818206  0.29006146  0.00000000  0.00635600  0.01276638  
3_0_0      0.33818206  0.32830749  0.32830749  0.33818206  0.33818206  0.32830749  0.31856139  0.33818206  0.33818206  0.38960692  0.38960692  0.38960692  0.41120770  0.40032947  0.36861153  0.32830749  0.29944148  0.00635600  0.00000000  0.01923209  
2_0_0      0.34818852  0.33818206  0.31856139  0.32830749  0.32830749  0.31856139  0.32830749  0.32830749  0.32830749  0.37903568  0.37903568  0.37903568  0.42224622  0.38960692  0.35833043  0.35833043  0.29944148  0.01276638  0.01923209  0.00000000  

