fastme_mat.p : 1.9047622680664062
fastme.f81 : 10.34932017326355
ba.exp : 69.88872194290161
pipeline_dl2436736 : 82.9431631565094
