fastme_mat.p : 1.9970638751983643
fastme.f81 : 9.867877721786499
fastme.f84 : 12.566835880279541
ba.exp : 118.2042875289917
pipeline_dl2436736 : 121.28910374641418
