fastme_mat.p : 0.9116074338798523
fastme.f81 : 3.208755906482935
fastme.f84 : 3.968456000708341
ba.exp : 42.57573839649296
