fastme_mat.p : 0.8663538568115234
fastme.f81 : 3.4159130950951573
ba.exp : 25.797181644674062
