182
28_0_0     0.00000000  0.05106603  0.05106603  0.23299560  0.41309718  0.41309718  0.33167472  0.33983724  0.33983724  0.34395238  0.34395238  0.33574477  0.33574477  0.33983724  0.33574477  0.31959664  0.31561386  0.32762684  0.31561386  0.33983724  0.31165231  0.32762684  0.28831661  0.20167802  0.25463227  0.25830044  0.26941488  0.23655824  0.24373518  0.22944997  0.27315696  0.28449760  0.29989285  0.24373518  0.23655824  0.32762684  0.37772072  0.37772072  0.32360089  0.31561386  0.32360089  0.32360089  0.32762684  0.32762684  0.32762684  0.35225168  0.33574477  0.34809044  0.37772072  0.37772072  0.31561386  0.31561386  0.27691797  0.40858190  0.40858190  0.40858190  0.40409390  0.39519842  0.41764006  0.52533033  0.52533033  0.46953579  0.47443839  0.48934333  0.48934333  0.44078072  0.41764006  0.42221090  0.41764006  0.32762684  0.29601402  0.25830044  0.26569157  0.27691797  0.28449760  0.31165231  0.32360089  0.29601402  0.27691797  0.28449760  0.27691797  0.29989285  0.28831661  0.28449760  0.27691797  0.27315696  0.29601402  0.30771177  0.30379202  0.27315696  0.27691797  0.27691797  0.29215535  0.40409390  0.35225168  0.39963285  0.36487707  0.34809044  0.34809044  0.35225168  0.33167472  0.33574477  0.26198681  0.25463227  0.25098212  0.25098212  0.31561386  0.33574477  0.26569157  0.28069812  0.29215535  0.23655824  0.23655824  0.25098212  0.29215535  0.26198681  0.31561386  0.27691797  0.30771177  0.28069812  0.27315696  0.26569157  0.26569157  0.24734981  0.29601402  0.27691797  0.28449760  0.28449760  0.26198681  0.35225168  0.36913366  0.25830044  0.25830044  0.30379202  0.30771177  0.30379202  0.37772072  0.39079030  0.39519842  0.40858190  0.37772072  0.39519842  0.37772072  0.34809044  0.33167472  0.34395238  0.35225168  0.44078072  0.43609457  0.39963285  0.32360089  0.31959664  0.34395238  0.26569157  0.24734981  0.23299560  0.23655824  0.23655824  0.23299560  0.22944997  0.24373518  0.21197123  0.27315696  0.27315696  0.27315696  0.27691797  0.23655824  0.26198681  0.23655824  0.23655824  0.23655824  0.23655824  0.24373518  0.21543424  0.31561386  0.31959664  0.31959664  0.19827839  0.22592117  0.22944997  0.22944997  0.27315696  
51_0_0     0.05106603  0.00000000  0.01046294  0.20167802  0.39079030  0.39079030  0.33983724  0.33983724  0.33983724  0.35225168  0.35225168  0.34395238  0.34395238  0.33983724  0.33574477  0.30379202  0.29989285  0.31165231  0.29989285  0.29989285  0.28449760  0.30379202  0.27315696  0.18817186  0.23299560  0.25098212  0.25463227  0.22240905  0.22944997  0.20852429  0.24734981  0.25830044  0.29215535  0.22944997  0.22240905  0.30771177  0.36487707  0.36487707  0.29989285  0.30771177  0.30771177  0.30771177  0.31165231  0.31165231  0.31959664  0.31959664  0.31959664  0.33167472  0.35643635  0.35643635  0.29215535  0.28449760  0.26198681  0.41309718  0.41309718  0.41309718  0.41309718  0.41309718  0.41764006  0.49944871  0.49944871  0.46466533  0.46953579  0.49437884  0.49437884  0.41764006  0.39519842  0.39963285  0.39519842  0.29601402  0.25830044  0.22592117  0.23299560  0.24373518  0.25098212  0.26941488  0.28831661  0.26941488  0.24373518  0.25098212  0.24373518  0.25830044  0.25463227  0.25830044  0.25098212  0.24734981  0.26198681  0.28069812  0.28449760  0.24013804  0.23655824  0.23655824  0.25830044  0.39079030  0.34395238  0.36064472  0.32762684  0.31165231  0.31165231  0.33167472  0.31165231  0.31561386  0.23655824  0.22592117  0.22592117  0.22944997  0.28069812  0.29215535  0.23655824  0.25098212  0.26198681  0.20852429  0.20852429  0.22944997  0.28449760  0.23299560  0.28831661  0.25830044  0.29215535  0.26569157  0.26569157  0.25830044  0.26569157  0.24373518  0.24734981  0.24373518  0.25830044  0.25098212  0.22944997  0.31561386  0.33983724  0.21891346  0.22592117  0.26941488  0.27315696  0.26941488  0.35225168  0.38205175  0.37772072  0.39079030  0.36064472  0.37772072  0.36064472  0.34395238  0.31959664  0.33983724  0.34809044  0.43143779  0.42681002  0.37772072  0.33983724  0.33574477  0.36064472  0.25830044  0.23299560  0.21891346  0.24373518  0.24373518  0.24734981  0.24373518  0.25830044  0.23299560  0.27315696  0.27315696  0.27315696  0.27691797  0.24373518  0.26198681  0.24373518  0.24373518  0.24373518  0.24373518  0.25098212  0.20167802  0.30771177  0.31959664  0.31959664  0.17820097  0.20852429  0.21197123  0.21197123  0.24734981  
26_0_0     0.05106603  0.01046294  0.00000000  0.21543424  0.37772072  0.37772072  0.34395238  0.34395238  0.34395238  0.35643635  0.35643635  0.34809044  0.34809044  0.34395238  0.33983724  0.30379202  0.29215535  0.30379202  0.29215535  0.29989285  0.27691797  0.31165231  0.26569157  0.18817186  0.24734981  0.26569157  0.26198681  0.22240905  0.22944997  0.20852429  0.25830044  0.26198681  0.28449760  0.23655824  0.22944997  0.29989285  0.36487707  0.36487707  0.29215535  0.29989285  0.30771177  0.29215535  0.29601402  0.29601402  0.30379202  0.31165231  0.30379202  0.33167472  0.34809044  0.34809044  0.29215535  0.28449760  0.25463227  0.41764006  0.41764006  0.41764006  0.41309718  0.41309718  0.41764006  0.49437884  0.49437884  0.45982659  0.46466533  0.48434172  0.48434172  0.42221090  0.39963285  0.40409390  0.39963285  0.29989285  0.26198681  0.22592117  0.24013804  0.24373518  0.25098212  0.27691797  0.28831661  0.26941488  0.24373518  0.25098212  0.24373518  0.25830044  0.25463227  0.25830044  0.25830044  0.25463227  0.26941488  0.28831661  0.29215535  0.24013804  0.25098212  0.25098212  0.27315696  0.40409390  0.35225168  0.37341479  0.33983724  0.32360089  0.32360089  0.33574477  0.32360089  0.32762684  0.22944997  0.22592117  0.21891346  0.22240905  0.27691797  0.28831661  0.22944997  0.24373518  0.25463227  0.20167802  0.20167802  0.22240905  0.26941488  0.22592117  0.29215535  0.26198681  0.29601402  0.26941488  0.26941488  0.26198681  0.26941488  0.24734981  0.25463227  0.25098212  0.25830044  0.25830044  0.23655824  0.31561386  0.33983724  0.21197123  0.23299560  0.26941488  0.27315696  0.26941488  0.35225168  0.37341479  0.36913366  0.38205175  0.35225168  0.36913366  0.35225168  0.34395238  0.31959664  0.33983724  0.34809044  0.42681002  0.42221090  0.38205175  0.33167472  0.32762684  0.36064472  0.25098212  0.22592117  0.21197123  0.22944997  0.22944997  0.23299560  0.22944997  0.24373518  0.22592117  0.25830044  0.25830044  0.25830044  0.26198681  0.22944997  0.26198681  0.22944997  0.22944997  0.23655824  0.23655824  0.23655824  0.18817186  0.29989285  0.31165231  0.31165231  0.18483334  0.20167802  0.19827839  0.20509327  0.24013804  
57_0_0     0.23299560  0.20167802  0.21543424  0.00000000  0.45024263  0.45024263  0.35643635  0.34809044  0.34809044  0.36064472  0.36064472  0.36064472  0.36064472  0.35225168  0.34809044  0.36487707  0.36064472  0.36487707  0.36064472  0.38640818  0.36064472  0.39079030  0.33167472  0.24013804  0.28449760  0.30379202  0.31165231  0.28831661  0.28831661  0.26941488  0.27691797  0.29989285  0.31561386  0.26941488  0.26941488  0.33983724  0.41764006  0.41764006  0.36064472  0.36913366  0.36913366  0.33574477  0.33167472  0.33167472  0.33983724  0.33574477  0.33983724  0.34395238  0.41764006  0.41764006  0.36064472  0.34395238  0.31165231  0.43609457  0.43609457  0.43609457  0.45501915  0.45501915  0.45024263  0.51486924  0.51486924  0.47443839  0.47937356  0.49944871  0.49944871  0.45501915  0.46466533  0.45982659  0.45501915  0.30771177  0.31165231  0.27315696  0.27691797  0.25830044  0.26569157  0.28449760  0.29601402  0.28449760  0.26569157  0.28831661  0.28069812  0.28449760  0.29215535  0.29215535  0.24013804  0.24373518  0.25830044  0.29215535  0.27315696  0.24013804  0.24013804  0.24013804  0.26569157  0.43143779  0.42681002  0.42221090  0.38640818  0.39519842  0.39519842  0.40858190  0.36913366  0.36913366  0.28831661  0.24013804  0.26941488  0.29601402  0.36913366  0.36913366  0.29601402  0.28831661  0.31959664  0.28831661  0.28831661  0.31959664  0.31561386  0.29601402  0.33167472  0.33983724  0.36913366  0.34395238  0.35225168  0.34395238  0.36064472  0.33574477  0.29601402  0.26569157  0.30771177  0.30379202  0.28831661  0.33167472  0.33167472  0.26941488  0.26198681  0.31165231  0.31561386  0.31561386  0.34809044  0.39079030  0.37341479  0.42221090  0.35643635  0.36487707  0.37772072  0.36064472  0.35225168  0.35643635  0.35643635  0.45024263  0.45501915  0.39963285  0.37341479  0.36913366  0.36487707  0.29601402  0.26941488  0.26941488  0.30771177  0.30771177  0.31165231  0.30771177  0.32360089  0.30379202  0.29989285  0.29989285  0.29989285  0.29215535  0.30771177  0.31165231  0.30771177  0.30771177  0.33574477  0.33574477  0.30771177  0.26569157  0.32360089  0.33574477  0.33574477  0.21197123  0.25830044  0.25830044  0.25463227  0.29215535  
16_0_0     0.41309718  0.39079030  0.37772072  0.45024263  0.00000000  0.00000000  0.25463227  0.23299560  0.23299560  0.24373518  0.24373518  0.24373518  0.24373518  0.24734981  0.25098212  0.42221090  0.41764006  0.42221090  0.41764006  0.41309718  0.41764006  0.49437884  0.41764006  0.42681002  0.45024263  0.49437884  0.41309718  0.38640818  0.37341479  0.42221090  0.45982659  0.45982659  0.42681002  0.43143779  0.43143779  0.41309718  0.47937356  0.47937356  0.44078072  0.44549661  0.45501915  0.42681002  0.43143779  0.43143779  0.43609457  0.45501915  0.42681002  0.49944871  0.49437884  0.49437884  0.46953579  0.45501915  0.40409390  0.56871287  0.57996619  0.56871287  0.54670501  0.55762746  0.55762746  0.60886855  0.60886855  0.59717234  0.58565741  0.59717234  0.59717234  0.54130341  0.55214616  0.58565741  0.58565741  0.46953579  0.46953579  0.47443839  0.48434172  0.43609457  0.44078072  0.43143779  0.43143779  0.46953579  0.45024263  0.46953579  0.45982659  0.45982659  0.46466533  0.45024263  0.42681002  0.42221090  0.43143779  0.43143779  0.43143779  0.40858190  0.44078072  0.44078072  0.47443839  0.54130341  0.50969342  0.57431822  0.54670501  0.53061663  0.53061663  0.53594081  0.52008137  0.51486924  0.44078072  0.42681002  0.41309718  0.44549661  0.46466533  0.45501915  0.46466533  0.44549661  0.45024263  0.41309718  0.41309718  0.42681002  0.41309718  0.41309718  0.45501915  0.46466533  0.44549661  0.44549661  0.45024263  0.45024263  0.43609457  0.42681002  0.45501915  0.42681002  0.46953579  0.43609457  0.43609457  0.45501915  0.45501915  0.42221090  0.43143779  0.45501915  0.45024263  0.44549661  0.47443839  0.50969342  0.49944871  0.55214616  0.50969342  0.49944871  0.50969342  0.46953579  0.45982659  0.48434172  0.48434172  0.54670501  0.55214616  0.49944871  0.48434172  0.47443839  0.48934333  0.43143779  0.41764006  0.41764006  0.41309718  0.41309718  0.41309718  0.42221090  0.42221090  0.43143779  0.40858190  0.40858190  0.40858190  0.42681002  0.41309718  0.44549661  0.41309718  0.41309718  0.44078072  0.44078072  0.42221090  0.41309718  0.48434172  0.48934333  0.48934333  0.42681002  0.41309718  0.41309718  0.40858190  0.44549661  
67_0_0     0.41309718  0.39079030  0.37772072  0.45024263  0.00000000  0.00000000  0.25463227  0.23299560  0.23299560  0.24373518  0.24373518  0.24373518  0.24373518  0.24734981  0.25098212  0.42221090  0.41764006  0.42221090  0.41764006  0.41309718  0.41764006  0.49437884  0.41764006  0.42681002  0.45024263  0.49437884  0.41309718  0.38640818  0.37341479  0.42221090  0.45982659  0.45982659  0.42681002  0.43143779  0.43143779  0.41309718  0.47937356  0.47937356  0.44078072  0.44549661  0.45501915  0.42681002  0.43143779  0.43143779  0.43609457  0.45501915  0.42681002  0.49944871  0.49437884  0.49437884  0.46953579  0.45501915  0.40409390  0.56871287  0.57996619  0.56871287  0.54670501  0.55762746  0.55762746  0.60886855  0.60886855  0.59717234  0.58565741  0.59717234  0.59717234  0.54130341  0.55214616  0.58565741  0.58565741  0.46953579  0.46953579  0.47443839  0.48434172  0.43609457  0.44078072  0.43143779  0.43143779  0.46953579  0.45024263  0.46953579  0.45982659  0.45982659  0.46466533  0.45024263  0.42681002  0.42221090  0.43143779  0.43143779  0.43143779  0.40858190  0.44078072  0.44078072  0.47443839  0.54130341  0.50969342  0.57431822  0.54670501  0.53061663  0.53061663  0.53594081  0.52008137  0.51486924  0.44078072  0.42681002  0.41309718  0.44549661  0.46466533  0.45501915  0.46466533  0.44549661  0.45024263  0.41309718  0.41309718  0.42681002  0.41309718  0.41309718  0.45501915  0.46466533  0.44549661  0.44549661  0.45024263  0.45024263  0.43609457  0.42681002  0.45501915  0.42681002  0.46953579  0.43609457  0.43609457  0.45501915  0.45501915  0.42221090  0.43143779  0.45501915  0.45024263  0.44549661  0.47443839  0.50969342  0.49944871  0.55214616  0.50969342  0.49944871  0.50969342  0.46953579  0.45982659  0.48434172  0.48434172  0.54670501  0.55214616  0.49944871  0.48434172  0.47443839  0.48934333  0.43143779  0.41764006  0.41764006  0.41309718  0.41309718  0.41309718  0.42221090  0.42221090  0.43143779  0.40858190  0.40858190  0.40858190  0.42681002  0.41309718  0.44549661  0.41309718  0.41309718  0.44078072  0.44078072  0.42221090  0.41309718  0.48434172  0.48934333  0.48934333  0.42681002  0.41309718  0.41309718  0.40858190  0.44549661  
84_0_0     0.33167472  0.33983724  0.34395238  0.35643635  0.25463227  0.25463227  0.00000000  0.01575018  0.01575018  0.01310186  0.01310186  0.00783336  0.00783336  0.02375227  0.02107532  0.41309718  0.41764006  0.43143779  0.41764006  0.42221090  0.38205175  0.45024263  0.40858190  0.36064472  0.38205175  0.42681002  0.40409390  0.37341479  0.39519842  0.37772072  0.40409390  0.41309718  0.42221090  0.38640818  0.38205175  0.40858190  0.46953579  0.45982659  0.44078072  0.43609457  0.44549661  0.43609457  0.43143779  0.43143779  0.42681002  0.45501915  0.42681002  0.42681002  0.48434172  0.48434172  0.46953579  0.45982659  0.42681002  0.53594081  0.53594081  0.53594081  0.53594081  0.53594081  0.54130341  0.59139257  0.59139257  0.56314949  0.57431822  0.56871287  0.56871287  0.53061663  0.54130341  0.54670501  0.53061663  0.40858190  0.42221090  0.39963285  0.42221090  0.39519842  0.39963285  0.40858190  0.38205175  0.41764006  0.39963285  0.40858190  0.40858190  0.41764006  0.40409390  0.41764006  0.39079030  0.38640818  0.39963285  0.44078072  0.41309718  0.38205175  0.37772072  0.37772072  0.41309718  0.54670501  0.53061663  0.58565741  0.53061663  0.52533033  0.52533033  0.54130341  0.49437884  0.48934333  0.43143779  0.39519842  0.39519842  0.40409390  0.46466533  0.48934333  0.41764006  0.42221090  0.43609457  0.40858190  0.40858190  0.42221090  0.43609457  0.40858190  0.46466533  0.43609457  0.44078072  0.42681002  0.43143779  0.42681002  0.42221090  0.40858190  0.46466533  0.42221090  0.45024263  0.44549661  0.44078072  0.47443839  0.47937356  0.41764006  0.43609457  0.44078072  0.43609457  0.44549661  0.45501915  0.52008137  0.47937356  0.54130341  0.46953579  0.46953579  0.47443839  0.46953579  0.45024263  0.45501915  0.45501915  0.55214616  0.54670501  0.52008137  0.49437884  0.48434172  0.47937356  0.42681002  0.39519842  0.38640818  0.36064472  0.36064472  0.36487707  0.36064472  0.36064472  0.35225168  0.36913366  0.36913366  0.36913366  0.39519842  0.36064472  0.39079030  0.36064472  0.36064472  0.39079030  0.39079030  0.38640818  0.35643635  0.45501915  0.45982659  0.45982659  0.34395238  0.37341479  0.38205175  0.39079030  0.43609457  
60_23_0    0.33983724  0.33983724  0.34395238  0.34809044  0.23299560  0.23299560  0.01575018  0.00000000  0.00000000  0.00783336  0.00783336  0.00783336  0.00783336  0.02913529  0.02643890  0.40409390  0.40858190  0.42221090  0.40858190  0.41309718  0.38205175  0.45024263  0.40858190  0.36064472  0.38640818  0.42221090  0.40409390  0.37341479  0.39519842  0.37772072  0.39519842  0.41309718  0.42221090  0.38640818  0.38205175  0.40409390  0.46466533  0.45501915  0.42681002  0.43143779  0.43143779  0.44078072  0.43609457  0.43609457  0.43143779  0.45024263  0.42221090  0.42681002  0.47443839  0.47443839  0.46953579  0.45024263  0.41764006  0.52533033  0.52533033  0.52533033  0.52533033  0.53594081  0.53061663  0.57996619  0.57996619  0.56314949  0.57431822  0.56871287  0.56871287  0.52008137  0.54130341  0.54670501  0.53594081  0.41764006  0.42221090  0.39963285  0.43143779  0.40409390  0.40858190  0.41764006  0.39079030  0.42681002  0.40858190  0.41764006  0.41764006  0.42681002  0.41309718  0.42681002  0.39519842  0.39079030  0.40409390  0.45024263  0.42221090  0.39079030  0.38640818  0.38640818  0.42221090  0.55214616  0.52533033  0.59139257  0.53594081  0.53061663  0.53061663  0.54670501  0.48934333  0.48434172  0.45024263  0.40409390  0.41309718  0.42221090  0.48434172  0.48934333  0.43143779  0.43609457  0.45024263  0.39963285  0.39963285  0.41309718  0.43609457  0.39963285  0.47443839  0.43609457  0.45024263  0.44549661  0.45024263  0.44549661  0.44078072  0.42681002  0.47443839  0.43143779  0.45982659  0.45501915  0.45024263  0.47443839  0.48934333  0.42681002  0.44549661  0.45982659  0.45501915  0.45501915  0.44549661  0.52008137  0.46953579  0.54130341  0.45982659  0.45982659  0.46466533  0.46953579  0.45982659  0.46466533  0.46466533  0.56314949  0.56871287  0.53061663  0.51486924  0.50455341  0.49944871  0.42681002  0.39519842  0.38640818  0.36913366  0.36913366  0.37341479  0.36913366  0.36913366  0.36064472  0.36913366  0.36913366  0.36913366  0.39519842  0.36913366  0.39963285  0.36913366  0.36913366  0.39963285  0.39963285  0.39519842  0.35643635  0.46466533  0.46953579  0.46953579  0.35225168  0.38205175  0.38205175  0.39079030  0.43609457  
86_23_0    0.33983724  0.33983724  0.34395238  0.34809044  0.23299560  0.23299560  0.01575018  0.00000000  0.00000000  0.00783336  0.00783336  0.00783336  0.00783336  0.02913529  0.02643890  0.40409390  0.40858190  0.42221090  0.40858190  0.41309718  0.38205175  0.45024263  0.40858190  0.36064472  0.38640818  0.42221090  0.40409390  0.37341479  0.39519842  0.37772072  0.39519842  0.41309718  0.42221090  0.38640818  0.38205175  0.40409390  0.46466533  0.45501915  0.42681002  0.43143779  0.43143779  0.44078072  0.43609457  0.43609457  0.43143779  0.45024263  0.42221090  0.42681002  0.47443839  0.47443839  0.46953579  0.45024263  0.41764006  0.52533033  0.52533033  0.52533033  0.52533033  0.53594081  0.53061663  0.57996619  0.57996619  0.56314949  0.57431822  0.56871287  0.56871287  0.52008137  0.54130341  0.54670501  0.53594081  0.41764006  0.42221090  0.39963285  0.43143779  0.40409390  0.40858190  0.41764006  0.39079030  0.42681002  0.40858190  0.41764006  0.41764006  0.42681002  0.41309718  0.42681002  0.39519842  0.39079030  0.40409390  0.45024263  0.42221090  0.39079030  0.38640818  0.38640818  0.42221090  0.55214616  0.52533033  0.59139257  0.53594081  0.53061663  0.53061663  0.54670501  0.48934333  0.48434172  0.45024263  0.40409390  0.41309718  0.42221090  0.48434172  0.48934333  0.43143779  0.43609457  0.45024263  0.39963285  0.39963285  0.41309718  0.43609457  0.39963285  0.47443839  0.43609457  0.45024263  0.44549661  0.45024263  0.44549661  0.44078072  0.42681002  0.47443839  0.43143779  0.45982659  0.45501915  0.45024263  0.47443839  0.48934333  0.42681002  0.44549661  0.45982659  0.45501915  0.45501915  0.44549661  0.52008137  0.46953579  0.54130341  0.45982659  0.45982659  0.46466533  0.46953579  0.45982659  0.46466533  0.46466533  0.56314949  0.56871287  0.53061663  0.51486924  0.50455341  0.49944871  0.42681002  0.39519842  0.38640818  0.36913366  0.36913366  0.37341479  0.36913366  0.36913366  0.36064472  0.36913366  0.36913366  0.36913366  0.39519842  0.36913366  0.39963285  0.36913366  0.36913366  0.39963285  0.39963285  0.39519842  0.35643635  0.46466533  0.46953579  0.46953579  0.35225168  0.38205175  0.38205175  0.39079030  0.43609457  
86_0_0     0.34395238  0.35225168  0.35643635  0.36064472  0.24373518  0.24373518  0.01310186  0.00783336  0.00783336  0.00000000  0.00000000  0.00521305  0.00521305  0.03184149  0.02913529  0.40858190  0.41309718  0.42681002  0.41309718  0.42681002  0.38640818  0.45501915  0.41309718  0.36487707  0.39079030  0.42681002  0.40858190  0.37772072  0.39963285  0.38205175  0.40858190  0.41764006  0.42681002  0.39079030  0.38640818  0.40858190  0.45982659  0.45024263  0.44078072  0.43609457  0.44549661  0.45501915  0.45024263  0.45024263  0.44549661  0.45501915  0.43609457  0.43609457  0.48434172  0.48434172  0.46466533  0.45501915  0.42221090  0.53594081  0.53594081  0.53594081  0.53594081  0.53594081  0.54130341  0.59139257  0.59139257  0.57431822  0.58565741  0.56871287  0.56871287  0.53061663  0.55214616  0.55762746  0.54670501  0.42221090  0.43609457  0.41309718  0.43609457  0.40858190  0.41309718  0.42221090  0.39519842  0.43143779  0.41309718  0.42221090  0.42221090  0.43143779  0.41764006  0.43143779  0.39963285  0.39519842  0.39963285  0.45501915  0.42681002  0.39519842  0.39079030  0.39079030  0.42681002  0.55214616  0.53594081  0.60299743  0.54670501  0.54130341  0.54130341  0.55762746  0.49944871  0.49437884  0.44549661  0.39963285  0.40858190  0.41764006  0.47937356  0.48434172  0.43143779  0.43609457  0.45024263  0.41309718  0.41309718  0.42681002  0.44078072  0.41309718  0.46953579  0.45024263  0.45501915  0.44078072  0.44549661  0.44078072  0.43609457  0.42221090  0.47937356  0.43609457  0.46466533  0.45982659  0.45501915  0.47937356  0.48434172  0.43143779  0.45024263  0.45501915  0.45024263  0.45982659  0.45982659  0.53594081  0.48434172  0.54670501  0.47443839  0.47443839  0.47937356  0.48434172  0.46466533  0.46953579  0.46953579  0.55762746  0.56314949  0.53594081  0.50969342  0.49944871  0.49437884  0.43143779  0.39963285  0.39079030  0.36487707  0.36487707  0.36913366  0.36487707  0.36487707  0.35643635  0.36487707  0.36487707  0.36487707  0.39963285  0.36487707  0.39519842  0.36487707  0.36487707  0.39519842  0.39519842  0.39079030  0.36064472  0.45982659  0.46466533  0.46466533  0.35643635  0.37772072  0.38640818  0.39519842  0.44078072  
60_0_0     0.34395238  0.35225168  0.35643635  0.36064472  0.24373518  0.24373518  0.01310186  0.00783336  0.00783336  0.00000000  0.00000000  0.00521305  0.00521305  0.03184149  0.02913529  0.40858190  0.41309718  0.42681002  0.41309718  0.42681002  0.38640818  0.45501915  0.41309718  0.36487707  0.39079030  0.42681002  0.40858190  0.37772072  0.39963285  0.38205175  0.40858190  0.41764006  0.42681002  0.39079030  0.38640818  0.40858190  0.45982659  0.45024263  0.44078072  0.43609457  0.44549661  0.45501915  0.45024263  0.45024263  0.44549661  0.45501915  0.43609457  0.43609457  0.48434172  0.48434172  0.46466533  0.45501915  0.42221090  0.53594081  0.53594081  0.53594081  0.53594081  0.53594081  0.54130341  0.59139257  0.59139257  0.57431822  0.58565741  0.56871287  0.56871287  0.53061663  0.55214616  0.55762746  0.54670501  0.42221090  0.43609457  0.41309718  0.43609457  0.40858190  0.41309718  0.42221090  0.39519842  0.43143779  0.41309718  0.42221090  0.42221090  0.43143779  0.41764006  0.43143779  0.39963285  0.39519842  0.39963285  0.45501915  0.42681002  0.39519842  0.39079030  0.39079030  0.42681002  0.55214616  0.53594081  0.60299743  0.54670501  0.54130341  0.54130341  0.55762746  0.49944871  0.49437884  0.44549661  0.39963285  0.40858190  0.41764006  0.47937356  0.48434172  0.43143779  0.43609457  0.45024263  0.41309718  0.41309718  0.42681002  0.44078072  0.41309718  0.46953579  0.45024263  0.45501915  0.44078072  0.44549661  0.44078072  0.43609457  0.42221090  0.47937356  0.43609457  0.46466533  0.45982659  0.45501915  0.47937356  0.48434172  0.43143779  0.45024263  0.45501915  0.45024263  0.45982659  0.45982659  0.53594081  0.48434172  0.54670501  0.47443839  0.47443839  0.47937356  0.48434172  0.46466533  0.46953579  0.46953579  0.55762746  0.56314949  0.53594081  0.50969342  0.49944871  0.49437884  0.43143779  0.39963285  0.39079030  0.36487707  0.36487707  0.36913366  0.36487707  0.36487707  0.35643635  0.36487707  0.36487707  0.36487707  0.39963285  0.36487707  0.39519842  0.36487707  0.36487707  0.39519842  0.39519842  0.39079030  0.36064472  0.45982659  0.46466533  0.46466533  0.35643635  0.37772072  0.38640818  0.39519842  0.44078072  
52_0_0     0.33574477  0.34395238  0.34809044  0.36064472  0.24373518  0.24373518  0.00783336  0.00783336  0.00783336  0.00521305  0.00521305  0.00000000  0.00000000  0.02643890  0.02375227  0.40858190  0.41309718  0.42681002  0.41309718  0.41764006  0.37772072  0.44549661  0.40409390  0.36487707  0.39079030  0.42681002  0.40858190  0.37772072  0.39963285  0.38205175  0.40858190  0.41764006  0.42681002  0.39079030  0.38640818  0.40858190  0.45982659  0.45024263  0.44078072  0.43609457  0.44549661  0.44549661  0.44078072  0.44078072  0.43609457  0.45501915  0.43609457  0.42681002  0.47443839  0.47443839  0.46466533  0.45501915  0.42221090  0.54130341  0.54130341  0.54130341  0.54130341  0.54130341  0.54670501  0.59717234  0.59717234  0.56871287  0.57996619  0.56314949  0.56314949  0.52533033  0.54670501  0.55214616  0.54130341  0.41309718  0.42681002  0.40409390  0.42681002  0.39963285  0.40409390  0.41309718  0.38640818  0.42221090  0.40409390  0.41309718  0.41309718  0.42221090  0.40858190  0.42221090  0.39079030  0.38640818  0.39963285  0.44549661  0.41764006  0.38640818  0.38205175  0.38205175  0.41764006  0.54130341  0.52533033  0.59139257  0.53594081  0.53061663  0.53061663  0.54670501  0.48934333  0.48434172  0.43609457  0.39963285  0.39963285  0.40858190  0.46953579  0.48434172  0.42221090  0.42681002  0.44078072  0.41309718  0.41309718  0.42681002  0.44078072  0.41309718  0.46953579  0.44078072  0.44549661  0.43143779  0.43609457  0.43143779  0.42681002  0.41309718  0.46953579  0.42681002  0.45501915  0.45024263  0.44549661  0.47937356  0.48434172  0.42221090  0.44078072  0.44549661  0.44078072  0.45024263  0.45982659  0.52533033  0.48434172  0.54670501  0.47443839  0.47443839  0.47937356  0.47443839  0.45501915  0.45982659  0.45982659  0.55762746  0.55214616  0.52533033  0.49944871  0.48934333  0.48434172  0.42221090  0.39079030  0.38205175  0.35643635  0.35643635  0.36064472  0.35643635  0.35643635  0.34809044  0.36487707  0.36487707  0.36487707  0.39079030  0.35643635  0.38640818  0.35643635  0.35643635  0.38640818  0.38640818  0.38205175  0.35225168  0.45024263  0.45501915  0.45501915  0.34809044  0.37772072  0.38640818  0.39519842  0.44078072  
77_0_0     0.33574477  0.34395238  0.34809044  0.36064472  0.24373518  0.24373518  0.00783336  0.00783336  0.00783336  0.00521305  0.00521305  0.00000000  0.00000000  0.02643890  0.02375227  0.40858190  0.41309718  0.42681002  0.41309718  0.41764006  0.37772072  0.44549661  0.40409390  0.36487707  0.39079030  0.42681002  0.40858190  0.37772072  0.39963285  0.38205175  0.40858190  0.41764006  0.42681002  0.39079030  0.38640818  0.40858190  0.45982659  0.45024263  0.44078072  0.43609457  0.44549661  0.44549661  0.44078072  0.44078072  0.43609457  0.45501915  0.43609457  0.42681002  0.47443839  0.47443839  0.46466533  0.45501915  0.42221090  0.54130341  0.54130341  0.54130341  0.54130341  0.54130341  0.54670501  0.59717234  0.59717234  0.56871287  0.57996619  0.56314949  0.56314949  0.52533033  0.54670501  0.55214616  0.54130341  0.41309718  0.42681002  0.40409390  0.42681002  0.39963285  0.40409390  0.41309718  0.38640818  0.42221090  0.40409390  0.41309718  0.41309718  0.42221090  0.40858190  0.42221090  0.39079030  0.38640818  0.39963285  0.44549661  0.41764006  0.38640818  0.38205175  0.38205175  0.41764006  0.54130341  0.52533033  0.59139257  0.53594081  0.53061663  0.53061663  0.54670501  0.48934333  0.48434172  0.43609457  0.39963285  0.39963285  0.40858190  0.46953579  0.48434172  0.42221090  0.42681002  0.44078072  0.41309718  0.41309718  0.42681002  0.44078072  0.41309718  0.46953579  0.44078072  0.44549661  0.43143779  0.43609457  0.43143779  0.42681002  0.41309718  0.46953579  0.42681002  0.45501915  0.45024263  0.44549661  0.47937356  0.48434172  0.42221090  0.44078072  0.44549661  0.44078072  0.45024263  0.45982659  0.52533033  0.48434172  0.54670501  0.47443839  0.47443839  0.47937356  0.47443839  0.45501915  0.45982659  0.45982659  0.55762746  0.55214616  0.52533033  0.49944871  0.48934333  0.48434172  0.42221090  0.39079030  0.38205175  0.35643635  0.35643635  0.36064472  0.35643635  0.35643635  0.34809044  0.36487707  0.36487707  0.36487707  0.39079030  0.35643635  0.38640818  0.35643635  0.35643635  0.38640818  0.38640818  0.38205175  0.35225168  0.45024263  0.45501915  0.45501915  0.34809044  0.37772072  0.38640818  0.39519842  0.44078072  
38_0_0     0.33983724  0.33983724  0.34395238  0.35225168  0.24734981  0.24734981  0.02375227  0.02913529  0.02913529  0.03184149  0.03184149  0.02643890  0.02643890  0.00000000  0.00260195  0.40858190  0.41309718  0.42681002  0.41309718  0.40858190  0.37772072  0.43143779  0.40409390  0.36487707  0.38640818  0.43143779  0.40409390  0.37341479  0.39519842  0.38205175  0.38640818  0.39519842  0.40409390  0.38205175  0.38640818  0.39519842  0.44549661  0.43609457  0.40858190  0.41309718  0.41309718  0.42221090  0.41764006  0.41764006  0.41309718  0.45024263  0.42221090  0.42221090  0.49944871  0.49944871  0.47443839  0.45501915  0.42221090  0.50455341  0.50455341  0.50455341  0.52533033  0.53594081  0.53061663  0.56871287  0.56871287  0.54670501  0.55762746  0.56314949  0.56314949  0.53594081  0.53594081  0.52533033  0.50969342  0.39519842  0.40858190  0.37772072  0.41764006  0.39519842  0.39963285  0.39079030  0.37341479  0.40858190  0.39963285  0.40858190  0.40858190  0.40858190  0.40409390  0.41764006  0.37341479  0.37772072  0.39079030  0.41764006  0.39079030  0.37772072  0.36064472  0.36064472  0.40409390  0.54670501  0.53061663  0.57431822  0.53594081  0.53061663  0.52533033  0.54130341  0.48434172  0.47937356  0.41309718  0.37772072  0.36913366  0.39519842  0.45501915  0.48934333  0.40858190  0.41764006  0.42681002  0.39079030  0.39079030  0.39519842  0.40858190  0.38205175  0.46466533  0.43609457  0.44078072  0.43143779  0.43609457  0.43143779  0.42681002  0.42221090  0.44078072  0.39963285  0.45982659  0.43143779  0.43609457  0.46466533  0.47443839  0.40409390  0.42221090  0.43609457  0.43143779  0.43143779  0.45501915  0.50969342  0.46953579  0.53061663  0.45982659  0.45982659  0.46466533  0.45024263  0.43143779  0.44549661  0.44549661  0.55762746  0.55214616  0.49944871  0.48434172  0.47443839  0.48934333  0.42681002  0.39519842  0.38640818  0.36487707  0.36487707  0.36913366  0.36487707  0.36487707  0.35643635  0.37341479  0.37341479  0.37341479  0.39079030  0.36487707  0.38205175  0.36487707  0.36487707  0.39519842  0.39519842  0.39079030  0.36064472  0.44078072  0.45501915  0.45501915  0.33574477  0.35643635  0.35643635  0.37341479  0.42681002  
45_0_0     0.33574477  0.33574477  0.33983724  0.34809044  0.25098212  0.25098212  0.02107532  0.02643890  0.02643890  0.02913529  0.02913529  0.02375227  0.02375227  0.00260195  0.00000000  0.40409390  0.40858190  0.42221090  0.40858190  0.40409390  0.37341479  0.42681002  0.39963285  0.36064472  0.38205175  0.42681002  0.39963285  0.36913366  0.39079030  0.37772072  0.38205175  0.39079030  0.39963285  0.37772072  0.38205175  0.39079030  0.45024263  0.44078072  0.41309718  0.41764006  0.41764006  0.41764006  0.41309718  0.41309718  0.40858190  0.44549661  0.41764006  0.41764006  0.49437884  0.49437884  0.46953579  0.45024263  0.41764006  0.49944871  0.49944871  0.49944871  0.52008137  0.53061663  0.52533033  0.56314949  0.56314949  0.54130341  0.55214616  0.56871287  0.56871287  0.53061663  0.53061663  0.52008137  0.50455341  0.39079030  0.40409390  0.37341479  0.41309718  0.39079030  0.39519842  0.39519842  0.36913366  0.40409390  0.39519842  0.40409390  0.40409390  0.40409390  0.39963285  0.41309718  0.36913366  0.37341479  0.38640818  0.41309718  0.38640818  0.37341479  0.36487707  0.36487707  0.40858190  0.54130341  0.52533033  0.56871287  0.53061663  0.52533033  0.52008137  0.53594081  0.47937356  0.47443839  0.40858190  0.37341479  0.37341479  0.39079030  0.45024263  0.48434172  0.40409390  0.41309718  0.42221090  0.38640818  0.38640818  0.39079030  0.41309718  0.37772072  0.45982659  0.43143779  0.43609457  0.42681002  0.43143779  0.42681002  0.42221090  0.41764006  0.44549661  0.39519842  0.45501915  0.42681002  0.43143779  0.45982659  0.46953579  0.39963285  0.41764006  0.43143779  0.42681002  0.42681002  0.45501915  0.50969342  0.46953579  0.53061663  0.45982659  0.45982659  0.46466533  0.45501915  0.43609457  0.45024263  0.45024263  0.56314949  0.55762746  0.50455341  0.48934333  0.47937356  0.49437884  0.42221090  0.39079030  0.38205175  0.36064472  0.36064472  0.36487707  0.36064472  0.36064472  0.35225168  0.36913366  0.36913366  0.36913366  0.38640818  0.36064472  0.37772072  0.36064472  0.36064472  0.39079030  0.39079030  0.38640818  0.35643635  0.43609457  0.45024263  0.45024263  0.33167472  0.35225168  0.35225168  0.36913366  0.42221090  
93_1_0     0.31959664  0.30379202  0.30379202  0.36487707  0.42221090  0.42221090  0.41309718  0.40409390  0.40409390  0.40858190  0.40858190  0.40858190  0.40858190  0.40858190  0.40409390  0.00000000  0.00783336  0.02375227  0.01046294  0.08522582  0.06227902  0.12717131  0.05385345  0.20852429  0.28069812  0.30379202  0.28069812  0.24734981  0.25463227  0.23299560  0.25830044  0.27315696  0.26941488  0.23655824  0.24734981  0.36064472  0.37341479  0.36487707  0.40409390  0.40409390  0.39519842  0.42221090  0.40858190  0.40858190  0.40858190  0.41309718  0.39963285  0.40858190  0.42681002  0.42681002  0.39519842  0.39963285  0.36487707  0.51486924  0.51486924  0.51486924  0.48934333  0.47443839  0.46953579  0.53061663  0.53061663  0.49437884  0.50969342  0.54670501  0.54670501  0.50455341  0.46953579  0.48934333  0.48934333  0.39519842  0.37772072  0.33983724  0.36064472  0.39519842  0.39963285  0.42221090  0.39963285  0.41309718  0.41309718  0.39963285  0.40409390  0.38205175  0.38640818  0.40858190  0.34395238  0.34809044  0.34809044  0.35225168  0.35225168  0.35643635  0.38205175  0.38205175  0.40858190  0.53594081  0.48934333  0.55214616  0.54670501  0.53594081  0.53061663  0.52008137  0.47937356  0.47443839  0.36064472  0.36064472  0.34809044  0.34809044  0.36913366  0.39963285  0.34809044  0.36064472  0.37341479  0.30379202  0.30379202  0.31561386  0.33983724  0.28831661  0.39519842  0.36913366  0.41764006  0.41309718  0.39963285  0.38205175  0.38640818  0.35643635  0.38205175  0.34809044  0.38640818  0.38205175  0.37772072  0.39963285  0.37772072  0.34809044  0.35225168  0.36064472  0.36487707  0.35225168  0.42681002  0.48434172  0.47937356  0.48934333  0.44078072  0.44078072  0.45501915  0.41764006  0.37341479  0.38640818  0.39519842  0.46953579  0.47443839  0.44549661  0.40858190  0.40858190  0.43609457  0.31959664  0.32360089  0.30379202  0.32360089  0.32360089  0.33574477  0.33983724  0.31561386  0.32360089  0.35643635  0.35643635  0.35643635  0.38640818  0.32360089  0.31165231  0.32360089  0.32360089  0.33983724  0.33983724  0.32762684  0.30771177  0.37341479  0.36913366  0.36913366  0.28069812  0.29989285  0.31165231  0.28069812  0.33574477  
76_1_0     0.31561386  0.29989285  0.29215535  0.36064472  0.41764006  0.41764006  0.41764006  0.40858190  0.40858190  0.41309718  0.41309718  0.41309718  0.41309718  0.41309718  0.40858190  0.00783336  0.00000000  0.01575018  0.00260195  0.07653751  0.05385345  0.12409539  0.04552236  0.20509327  0.27691797  0.29989285  0.28449760  0.24373518  0.25098212  0.22944997  0.25463227  0.26198681  0.25830044  0.23299560  0.24373518  0.35643635  0.37772072  0.36913366  0.39963285  0.39963285  0.39963285  0.40858190  0.39519842  0.39519842  0.39519842  0.41764006  0.39519842  0.40409390  0.43143779  0.43143779  0.38205175  0.38640818  0.35225168  0.52008137  0.52008137  0.52008137  0.49437884  0.47937356  0.47443839  0.52533033  0.52533033  0.48934333  0.51486924  0.53594081  0.53594081  0.50969342  0.47443839  0.49437884  0.49437884  0.38205175  0.36487707  0.33574477  0.36064472  0.39079030  0.39519842  0.41764006  0.39519842  0.40858190  0.39963285  0.38640818  0.39079030  0.36913366  0.37341479  0.39519842  0.33983724  0.34395238  0.34395238  0.34809044  0.34809044  0.35225168  0.38640818  0.38640818  0.41309718  0.52533033  0.47937356  0.54130341  0.53594081  0.52533033  0.52008137  0.50969342  0.46953579  0.46466533  0.34809044  0.34809044  0.33574477  0.34395238  0.37341479  0.40409390  0.34395238  0.35643635  0.37772072  0.30771177  0.30771177  0.31959664  0.33574477  0.29215535  0.39079030  0.36487707  0.41309718  0.40858190  0.39519842  0.37772072  0.38205175  0.35225168  0.37772072  0.34395238  0.37341479  0.37772072  0.37341479  0.39519842  0.37341479  0.33574477  0.34809044  0.34809044  0.35225168  0.33983724  0.43143779  0.46953579  0.47443839  0.48434172  0.43609457  0.43609457  0.45024263  0.41309718  0.36913366  0.38205175  0.39079030  0.46953579  0.47443839  0.43609457  0.39519842  0.39519842  0.42221090  0.31561386  0.31959664  0.29989285  0.31165231  0.31165231  0.32360089  0.32762684  0.30379202  0.31959664  0.35225168  0.35225168  0.35225168  0.38205175  0.31165231  0.31561386  0.31165231  0.31165231  0.33574477  0.33574477  0.31561386  0.29601402  0.36913366  0.36487707  0.36487707  0.27691797  0.28831661  0.29989285  0.27691797  0.32360089  
70_1_0     0.32762684  0.31165231  0.30379202  0.36487707  0.42221090  0.42221090  0.43143779  0.42221090  0.42221090  0.42681002  0.42681002  0.42681002  0.42681002  0.42681002  0.42221090  0.02375227  0.01575018  0.00000000  0.01310186  0.09401693  0.07080124  0.14274486  0.05665137  0.20852429  0.27315696  0.29601402  0.28069812  0.24013804  0.24734981  0.22592117  0.25830044  0.26569157  0.26198681  0.24373518  0.24734981  0.36487707  0.38640818  0.37772072  0.39963285  0.39963285  0.39963285  0.39963285  0.38640818  0.38640818  0.38640818  0.41764006  0.39519842  0.41309718  0.44078072  0.44078072  0.38640818  0.39079030  0.35643635  0.52533033  0.52533033  0.52533033  0.48934333  0.48434172  0.47937356  0.52008137  0.52008137  0.48434172  0.50969342  0.53061663  0.53061663  0.50455341  0.47937356  0.49944871  0.49944871  0.38205175  0.36487707  0.33574477  0.36064472  0.39079030  0.39519842  0.40858190  0.38640818  0.39963285  0.39079030  0.38640818  0.38205175  0.36064472  0.36487707  0.38640818  0.33167472  0.33574477  0.33574477  0.34809044  0.33983724  0.34395238  0.37772072  0.37772072  0.41309718  0.51486924  0.46953579  0.53061663  0.52533033  0.51486924  0.50969342  0.49944871  0.45982659  0.45501915  0.33983724  0.33983724  0.32762684  0.34395238  0.37341479  0.40409390  0.34395238  0.35643635  0.36913366  0.30771177  0.30771177  0.31959664  0.32762684  0.29215535  0.39963285  0.36487707  0.41309718  0.40858190  0.39519842  0.37772072  0.38205175  0.35225168  0.37341479  0.33983724  0.37772072  0.38205175  0.37772072  0.39079030  0.37772072  0.33983724  0.35225168  0.35643635  0.36064472  0.33983724  0.43609457  0.46466533  0.46953579  0.46953579  0.43143779  0.43143779  0.44549661  0.41764006  0.37341479  0.38640818  0.39519842  0.48434172  0.48934333  0.44078072  0.40858190  0.40858190  0.43143779  0.33167472  0.32762684  0.30771177  0.31165231  0.31165231  0.32360089  0.32762684  0.30379202  0.31959664  0.35225168  0.35225168  0.35225168  0.38205175  0.31165231  0.31561386  0.31165231  0.31165231  0.33574477  0.33574477  0.31561386  0.30379202  0.38640818  0.38205175  0.38205175  0.28831661  0.29989285  0.31165231  0.28831661  0.33574477  
