fastme_mat.p : 0.5068988800048828
fastme.f81 : 1.3267848491668701
ba.exp : 14.362796068191528
pipeline_dl5543415 : 17.48814630508423
