fastme_mat.p : 0.4413274937782287
fastme.f81 : 1.0057763510255815
ba.exp : 11.618174337249755
