20
10_0_0     0.00000000  0.06333775  0.08452037  0.18814831  0.17995423  0.18814831  0.21328942  0.21328942  0.17184990  0.26628896  0.13260842  0.36404315  0.38524495  0.35366577  0.35366577  0.35366577  0.35366577  0.35366577  0.35366577  0.35883627  
7_0_0      0.06333775  0.00000000  0.01942199  0.17589097  0.16783078  0.17589097  0.16783078  0.16783078  0.13644024  0.26172443  0.11374141  0.37456812  0.39064170  0.37456812  0.37988728  0.36928692  0.36928692  0.35883627  0.35883627  0.36404315  
11_0_0     0.08452037  0.01942199  0.00000000  0.20061210  0.19227962  0.20061210  0.18814831  0.18814831  0.15590274  0.28483395  0.13260842  0.38524495  0.40155471  0.37456812  0.37988728  0.36928692  0.36928692  0.35883627  0.35883627  0.36404315  
4_0_0      0.18814831  0.17589097  0.20061210  0.00000000  0.01942199  0.03936749  0.20903947  0.20903947  0.17184990  0.27088182  0.17184990  0.39064170  0.38524495  0.41263108  0.39607809  0.38524495  0.38524495  0.39064170  0.39064170  0.40155471  
3_0_0      0.17995423  0.16783078  0.19227962  0.01942199  0.00000000  0.05296956  0.20061210  0.20061210  0.16383336  0.28015395  0.16383336  0.40155471  0.39607809  0.40155471  0.40707217  0.39607809  0.39607809  0.39064170  0.39064170  0.40155471  
5_0_0      0.18814831  0.17589097  0.20061210  0.03936749  0.05296956  0.00000000  0.20903947  0.20903947  0.14805621  0.24819739  0.15590274  0.37456812  0.37988728  0.39064170  0.36404315  0.35366577  0.35366577  0.36928692  0.36928692  0.37988728  
2_0_0      0.21328942  0.16783078  0.18814831  0.20903947  0.20061210  0.20903947  0.00000000  0.00000000  0.14416392  0.29428368  0.11747652  0.35366577  0.36928692  0.39607809  0.37456812  0.36404315  0.36404315  0.37456812  0.37456812  0.34853115  
8_0_0      0.21328942  0.16783078  0.18814831  0.20903947  0.20061210  0.20903947  0.00000000  0.00000000  0.14416392  0.29428368  0.11747652  0.35366577  0.36928692  0.39607809  0.37456812  0.36404315  0.36404315  0.37456812  0.37456812  0.34853115  
1_0_0      0.17184990  0.13644024  0.15590274  0.17184990  0.16383336  0.14805621  0.14416392  0.14416392  0.00000000  0.22618771  0.05640951  0.37988728  0.39607809  0.35366577  0.35883627  0.35883627  0.35883627  0.35883627  0.35883627  0.37456812  
9_0_0      0.26628896  0.26172443  0.28483395  0.27088182  0.28015395  0.24819739  0.29428368  0.29428368  0.22618771  0.00000000  0.20481379  0.45275852  0.47064525  0.46463484  0.44689108  0.43529394  0.43529394  0.44689108  0.44689108  0.45275852  
6_0_0      0.13260842  0.11374141  0.13260842  0.17184990  0.16383336  0.15590274  0.11747652  0.11747652  0.05640951  0.20481379  0.00000000  0.36928692  0.38524495  0.37988728  0.37456812  0.37456812  0.37456812  0.36404315  0.36404315  0.36928692  
16_0_0     0.36404315  0.37456812  0.38524495  0.39064170  0.40155471  0.37456812  0.35366577  0.35366577  0.37988728  0.45275852  0.36928692  0.00000000  0.02270913  0.16383336  0.14029200  0.13260842  0.13260842  0.13260842  0.13260842  0.12123059  
17_0_0     0.38524495  0.39064170  0.40155471  0.38524495  0.39607809  0.37988728  0.36928692  0.36928692  0.39607809  0.47064525  0.38524495  0.02270913  0.00000000  0.18403993  0.15196907  0.14416392  0.14416392  0.15196907  0.15196907  0.14029200  
13_0_0     0.35366577  0.37456812  0.37456812  0.41263108  0.40155471  0.39064170  0.39607809  0.39607809  0.35366577  0.46463484  0.37988728  0.16383336  0.18403993  0.00000000  0.07739191  0.07033146  0.07033146  0.07385327  0.07385327  0.11747652  
20_0_0     0.35366577  0.37988728  0.37988728  0.39607809  0.40707217  0.36404315  0.37456812  0.37456812  0.35883627  0.44689108  0.37456812  0.14029200  0.15196907  0.07739191  0.00000000  0.00641752  0.00641752  0.06333775  0.06333775  0.08452037  
19_0_0     0.35366577  0.36928692  0.36928692  0.38524495  0.39607809  0.35366577  0.36404315  0.36404315  0.35883627  0.43529394  0.37456812  0.13260842  0.14416392  0.07033146  0.00641752  0.00000000  0.00000000  0.05640951  0.05640951  0.07739191  
12_0_0     0.35366577  0.36928692  0.36928692  0.38524495  0.39607809  0.35366577  0.36404315  0.36404315  0.35883627  0.43529394  0.37456812  0.13260842  0.14416392  0.07033146  0.00641752  0.00000000  0.00000000  0.05640951  0.05640951  0.07739191  
14_0_0     0.35366577  0.35883627  0.35883627  0.39064170  0.39064170  0.36928692  0.37456812  0.37456812  0.35883627  0.44689108  0.36404315  0.13260842  0.15196907  0.07385327  0.06333775  0.05640951  0.05640951  0.00000000  0.00641752  0.08094756  
18_0_0     0.35366577  0.35883627  0.35883627  0.39064170  0.39064170  0.36928692  0.37456812  0.37456812  0.35883627  0.44689108  0.36404315  0.13260842  0.15196907  0.07385327  0.06333775  0.05640951  0.05640951  0.00641752  0.00000000  0.08094756  
15_0_0     0.35883627  0.36404315  0.36404315  0.40155471  0.40155471  0.37988728  0.34853115  0.34853115  0.37456812  0.45275852  0.36928692  0.12123059  0.14029200  0.11747652  0.08452037  0.07739191  0.07739191  0.08094756  0.08094756  0.00000000  

