155
45_7_0     0.00000000  0.08987224  0.11414541  0.06060375  0.05488573  0.04921133  0.06060375  0.04921133  0.06060375  0.06636606  0.04921133  0.07217334  0.04357987  0.11414541  0.11414541  0.18529362  0.31875224  0.32691789  0.32691789  0.24167632  0.23439033  0.23439033  0.27921659  0.27921659  0.27155546  0.23439033  0.23439033  0.24167632  0.24167632  0.23439033  0.21295097  0.22717501  0.18529362  0.26397243  0.26397243  0.29477965  0.27921659  0.24167632  0.15862768  0.14564478  0.13288455  0.13923730  0.16520510  0.15210791  0.13923730  0.33517416  0.32691789  0.38673369  0.38673369  0.39568535  0.39568535  0.34352307  0.32691789  0.34352307  0.31875224  0.31067525  0.31875224  0.31067525  0.36050736  0.35196675  0.31875224  0.33517416  0.33517416  0.33517416  0.38673369  0.32691789  0.32691789  0.36050736  0.35196675  0.33517416  0.33517416  0.34352307  0.45178249  0.46155747  0.46155747  0.42320532  0.42320532  0.32691789  0.31875224  0.30268500  0.35196675  0.35196675  0.34352307  0.43260960  0.42320532  0.34352307  0.36914715  0.39568535  0.36914715  0.36914715  0.40474603  0.40474603  0.35196675  0.34352307  0.37788845  0.37788845  0.36050736  0.36914715  0.34352307  0.34352307  0.35196675  0.36914715  0.40474603  0.39568535  0.43260960  0.42320532  0.40474603  0.40474603  0.40474603  0.38673369  0.39568535  0.39568535  0.39568535  0.39568535  0.41391843  0.45178249  0.41391843  0.42320532  0.41391843  0.41391843  0.38673369  0.36914715  0.36050736  0.35196675  0.38673369  0.36914715  0.34352307  0.37788845  0.40474603  0.33517416  0.33517416  0.33517416  0.33517416  0.33517416  0.35196675  0.33517416  0.33517416  0.38673369  0.38673369  0.31875224  0.31875224  0.31067525  0.31067525  0.33517416  0.32691789  0.38673369  0.61389420  0.27921659  0.31067525  0.33517416  0.36914715  0.36914715  0.24167632  0.20593964  0.20593964  
40_19_0    0.08987224  0.00000000  0.11414541  0.08392570  0.06636606  0.08987224  0.07802631  0.08987224  0.09586669  0.09586669  0.08987224  0.11414541  0.08392570  0.15862768  0.15862768  0.19211216  0.35196675  0.34352307  0.34352307  0.28695743  0.27921659  0.27921659  0.31875224  0.31875224  0.31067525  0.27921659  0.27921659  0.31875224  0.31875224  0.31067525  0.22002900  0.24903436  0.19211216  0.34352307  0.32691789  0.34352307  0.36050736  0.33517416  0.19211216  0.17853700  0.16520510  0.18529362  0.18529362  0.22002900  0.17184119  0.34352307  0.33517416  0.41391843  0.41391843  0.42320532  0.40474603  0.37788845  0.36050736  0.36914715  0.35196675  0.34352307  0.35196675  0.34352307  0.40474603  0.39568535  0.37788845  0.39568535  0.37788845  0.37788845  0.41391843  0.36050736  0.36050736  0.39568535  0.38673369  0.38673369  0.38673369  0.36914715  0.42320532  0.41391843  0.43260960  0.44213429  0.45178249  0.36914715  0.36050736  0.36050736  0.39568535  0.39568535  0.36914715  0.48150136  0.47146259  0.36050736  0.38673369  0.37788845  0.36914715  0.36914715  0.43260960  0.41391843  0.36914715  0.37788845  0.37788845  0.37788845  0.36050736  0.36914715  0.36050736  0.36050736  0.40474603  0.42320532  0.45178249  0.44213429  0.44213429  0.45178249  0.45178249  0.45178249  0.45178249  0.46155747  0.46155747  0.46155747  0.41391843  0.41391843  0.43260960  0.47146259  0.40474603  0.45178249  0.40474603  0.40474603  0.43260960  0.41391843  0.42320532  0.39568535  0.43260960  0.43260960  0.38673369  0.40474603  0.44213429  0.37788845  0.37788845  0.37788845  0.37788845  0.37788845  0.39568535  0.36914715  0.36914715  0.36050736  0.36050736  0.40474603  0.38673369  0.35196675  0.35196675  0.36050736  0.35196675  0.42320532  0.56709618  0.31875224  0.38673369  0.39568535  0.39568535  0.39568535  0.31067525  0.25646590  0.25646590  
40_17_0    0.11414541  0.11414541  0.00000000  0.10800247  0.10190983  0.11414541  0.10190983  0.11414541  0.10800247  0.13288455  0.11414541  0.12658558  0.10800247  0.16520510  0.16520510  0.19899378  0.33517416  0.34352307  0.34352307  0.27155546  0.29477965  0.29477965  0.28695743  0.28695743  0.29477965  0.26397243  0.30268500  0.29477965  0.29477965  0.28695743  0.22002900  0.23439033  0.22002900  0.34352307  0.34352307  0.36914715  0.35196675  0.31067525  0.20593964  0.20593964  0.19211216  0.18529362  0.19899378  0.20593964  0.15862768  0.36914715  0.37788845  0.41391843  0.41391843  0.42320532  0.42320532  0.34352307  0.34352307  0.34352307  0.31875224  0.32691789  0.33517416  0.32691789  0.37788845  0.36914715  0.34352307  0.36050736  0.34352307  0.34352307  0.37788845  0.34352307  0.34352307  0.37788845  0.36914715  0.33517416  0.33517416  0.35196675  0.42320532  0.45178249  0.43260960  0.45178249  0.46155747  0.36914715  0.37788845  0.34352307  0.37788845  0.37788845  0.36914715  0.46155747  0.45178249  0.39568535  0.40474603  0.43260960  0.40474603  0.40474603  0.43260960  0.45178249  0.38673369  0.37788845  0.36050736  0.36050736  0.37788845  0.38673369  0.36050736  0.36050736  0.38673369  0.40474603  0.45178249  0.44213429  0.42320532  0.45178249  0.45178249  0.45178249  0.45178249  0.44213429  0.42320532  0.42320532  0.40474603  0.40474603  0.47146259  0.47146259  0.45178249  0.46155747  0.45178249  0.45178249  0.44213429  0.40474603  0.41391843  0.40474603  0.42320532  0.42320532  0.35196675  0.42320532  0.49167745  0.35196675  0.35196675  0.35196675  0.35196675  0.35196675  0.36914715  0.36050736  0.36050736  0.36914715  0.35196675  0.36914715  0.36914715  0.33517416  0.33517416  0.39568535  0.38673369  0.45178249  0.57852262  0.31067525  0.33517416  0.36050736  0.44213429  0.44213429  0.26397243  0.27155546  0.27155546  
40_10_0    0.06060375  0.08392570  0.10800247  0.00000000  0.02693684  0.03799072  0.06060375  0.03799072  0.04357987  0.05488573  0.03799072  0.06060375  0.03244325  0.11414541  0.11414541  0.17184119  0.34352307  0.35196675  0.35196675  0.29477965  0.28695743  0.28695743  0.31067525  0.31067525  0.30268500  0.28695743  0.26397243  0.27921659  0.27921659  0.27155546  0.19899378  0.22717501  0.19899378  0.31875224  0.30268500  0.33517416  0.31875224  0.29477965  0.17184119  0.15862768  0.15862768  0.12658558  0.12658558  0.17184119  0.13923730  0.34352307  0.33517416  0.42320532  0.42320532  0.43260960  0.39568535  0.36914715  0.35196675  0.37788845  0.34352307  0.33517416  0.34352307  0.33517416  0.39568535  0.38673369  0.35196675  0.36914715  0.36914715  0.36914715  0.40474603  0.35196675  0.35196675  0.38673369  0.37788845  0.36050736  0.36050736  0.36914715  0.45178249  0.46155747  0.44213429  0.45178249  0.46155747  0.36050736  0.35196675  0.33517416  0.38673369  0.38673369  0.36050736  0.47146259  0.46155747  0.34352307  0.36914715  0.41391843  0.38673369  0.38673369  0.43260960  0.43260960  0.36914715  0.36050736  0.36050736  0.36050736  0.37788845  0.38673369  0.34352307  0.34352307  0.36050736  0.37788845  0.44213429  0.43260960  0.45178249  0.46155747  0.44213429  0.44213429  0.44213429  0.42320532  0.44213429  0.44213429  0.43260960  0.43260960  0.45178249  0.49167745  0.44213429  0.45178249  0.44213429  0.44213429  0.41391843  0.39568535  0.42320532  0.41391843  0.43260960  0.43260960  0.38673369  0.42320532  0.48150136  0.37788845  0.37788845  0.37788845  0.37788845  0.37788845  0.39568535  0.36914715  0.36914715  0.38673369  0.38673369  0.35196675  0.35196675  0.32691789  0.32691789  0.36050736  0.35196675  0.44213429  0.55584259  0.31067525  0.32691789  0.35196675  0.40474603  0.40474603  0.25646590  0.23439033  0.23439033  
40_8_0     0.05488573  0.06636606  0.10190983  0.02693684  0.00000000  0.03244325  0.05488573  0.03244325  0.03799072  0.04921133  0.03244325  0.05488573  0.02693684  0.09586669  0.09586669  0.16520510  0.33517416  0.34352307  0.34352307  0.28695743  0.27921659  0.27921659  0.30268500  0.30268500  0.29477965  0.27921659  0.25646590  0.25646590  0.25646590  0.24903436  0.19211216  0.22002900  0.17853700  0.31067525  0.29477965  0.32691789  0.31067525  0.28695743  0.16520510  0.13923730  0.15210791  0.13288455  0.13288455  0.15210791  0.13288455  0.36050736  0.35196675  0.42320532  0.42320532  0.43260960  0.41391843  0.36914715  0.35196675  0.37788845  0.34352307  0.33517416  0.34352307  0.33517416  0.39568535  0.38673369  0.35196675  0.36914715  0.36914715  0.36914715  0.40474603  0.35196675  0.35196675  0.38673369  0.37788845  0.36050736  0.36050736  0.36914715  0.43260960  0.44213429  0.42320532  0.43260960  0.44213429  0.36050736  0.35196675  0.33517416  0.38673369  0.38673369  0.36050736  0.47146259  0.46155747  0.34352307  0.36914715  0.41391843  0.38673369  0.38673369  0.43260960  0.43260960  0.36914715  0.36050736  0.36050736  0.36050736  0.37788845  0.38673369  0.34352307  0.34352307  0.36050736  0.37788845  0.44213429  0.43260960  0.45178249  0.46155747  0.44213429  0.44213429  0.44213429  0.42320532  0.44213429  0.44213429  0.41391843  0.41391843  0.43260960  0.47146259  0.42320532  0.43260960  0.42320532  0.42320532  0.39568535  0.37788845  0.40474603  0.39568535  0.41391843  0.41391843  0.36914715  0.40474603  0.46155747  0.36050736  0.36050736  0.34352307  0.34352307  0.34352307  0.36050736  0.33517416  0.33517416  0.34352307  0.34352307  0.32691789  0.32691789  0.30268500  0.30268500  0.33517416  0.32691789  0.43260960  0.56709618  0.30268500  0.33517416  0.36050736  0.39568535  0.39568535  0.24903436  0.21295097  0.21295097  
40_13_0    0.04921133  0.08987224  0.11414541  0.03799072  0.03244325  0.00000000  0.02147088  0.00000000  0.02147088  0.02147088  0.00530991  0.04357987  0.01604479  0.10800247  0.10800247  0.17853700  0.33517416  0.34352307  0.34352307  0.27921659  0.27155546  0.27155546  0.27921659  0.27921659  0.27155546  0.27155546  0.26397243  0.27921659  0.27921659  0.27155546  0.21295097  0.24167632  0.19211216  0.31875224  0.30268500  0.32691789  0.31067525  0.29477965  0.15210791  0.13923730  0.13923730  0.13288455  0.13288455  0.15862768  0.12033949  0.35196675  0.34352307  0.42320532  0.42320532  0.43260960  0.43260960  0.35196675  0.33517416  0.36914715  0.32691789  0.31875224  0.32691789  0.31875224  0.38673369  0.37788845  0.34352307  0.36050736  0.36050736  0.36050736  0.39568535  0.33517416  0.33517416  0.36914715  0.36050736  0.34352307  0.34352307  0.35196675  0.45178249  0.46155747  0.44213429  0.43260960  0.45178249  0.35196675  0.34352307  0.33517416  0.38673369  0.38673369  0.37788845  0.46155747  0.45178249  0.35196675  0.37788845  0.41391843  0.38673369  0.38673369  0.41391843  0.41391843  0.35196675  0.34352307  0.36050736  0.36050736  0.36050736  0.36914715  0.32691789  0.32691789  0.36050736  0.37788845  0.42320532  0.41391843  0.44213429  0.44213429  0.42320532  0.42320532  0.42320532  0.40474603  0.43260960  0.43260960  0.39568535  0.39568535  0.43260960  0.47146259  0.43260960  0.43260960  0.43260960  0.43260960  0.39568535  0.38673369  0.38673369  0.37788845  0.39568535  0.39568535  0.35196675  0.38673369  0.44213429  0.35196675  0.35196675  0.35196675  0.35196675  0.35196675  0.36914715  0.33517416  0.33517416  0.35196675  0.35196675  0.31067525  0.31067525  0.29477965  0.29477965  0.33517416  0.32691789  0.40474603  0.59012729  0.29477965  0.31875224  0.34352307  0.41391843  0.41391843  0.24167632  0.21295097  0.21295097  
40_21_0    0.06060375  0.07802631  0.10190983  0.06060375  0.05488573  0.02147088  0.00000000  0.02147088  0.04357987  0.04357987  0.02693684  0.06636606  0.03799072  0.12033949  0.12033949  0.16520510  0.33517416  0.34352307  0.34352307  0.27921659  0.27155546  0.27155546  0.27921659  0.27921659  0.27155546  0.27155546  0.27921659  0.29477965  0.29477965  0.28695743  0.21295097  0.24167632  0.20593964  0.35196675  0.31875224  0.36050736  0.34352307  0.32691789  0.16520510  0.15210791  0.15210791  0.14564478  0.14564478  0.17184119  0.12033949  0.33517416  0.32691789  0.40474603  0.40474603  0.41391843  0.41391843  0.35196675  0.33517416  0.35196675  0.32691789  0.31875224  0.32691789  0.31875224  0.38673369  0.37788845  0.34352307  0.34352307  0.34352307  0.34352307  0.37788845  0.33517416  0.33517416  0.36914715  0.36050736  0.34352307  0.34352307  0.34352307  0.41391843  0.42320532  0.42320532  0.43260960  0.45178249  0.35196675  0.34352307  0.33517416  0.36914715  0.36914715  0.36050736  0.44213429  0.43260960  0.36050736  0.37788845  0.39568535  0.36914715  0.36914715  0.39568535  0.39568535  0.35196675  0.34352307  0.34352307  0.34352307  0.34352307  0.35196675  0.32691789  0.32691789  0.36050736  0.37788845  0.43260960  0.42320532  0.43260960  0.43260960  0.43260960  0.43260960  0.43260960  0.40474603  0.41391843  0.41391843  0.40474603  0.40474603  0.44213429  0.48150136  0.44213429  0.44213429  0.44213429  0.44213429  0.40474603  0.40474603  0.39568535  0.38673369  0.40474603  0.40474603  0.35196675  0.40474603  0.46155747  0.35196675  0.35196675  0.35196675  0.35196675  0.35196675  0.36914715  0.33517416  0.33517416  0.34352307  0.34352307  0.33517416  0.33517416  0.31067525  0.31067525  0.32691789  0.31875224  0.39568535  0.59012729  0.27921659  0.31875224  0.34352307  0.39568535  0.39568535  0.24167632  0.21295097  0.21295097  
40_15_0    0.04921133  0.08987224  0.11414541  0.03799072  0.03244325  0.00000000  0.02147088  0.00000000  0.02147088  0.02147088  0.00530991  0.04357987  0.01604479  0.10800247  0.10800247  0.17853700  0.33517416  0.34352307  0.34352307  0.27921659  0.27155546  0.27155546  0.27921659  0.27921659  0.27155546  0.27155546  0.26397243  0.27921659  0.27921659  0.27155546  0.21295097  0.24167632  0.19211216  0.31875224  0.30268500  0.32691789  0.31067525  0.29477965  0.15210791  0.13923730  0.13923730  0.13288455  0.13288455  0.15862768  0.12033949  0.35196675  0.34352307  0.42320532  0.42320532  0.43260960  0.43260960  0.35196675  0.33517416  0.36914715  0.32691789  0.31875224  0.32691789  0.31875224  0.38673369  0.37788845  0.34352307  0.36050736  0.36050736  0.36050736  0.39568535  0.33517416  0.33517416  0.36914715  0.36050736  0.34352307  0.34352307  0.35196675  0.45178249  0.46155747  0.44213429  0.43260960  0.45178249  0.35196675  0.34352307  0.33517416  0.38673369  0.38673369  0.37788845  0.46155747  0.45178249  0.35196675  0.37788845  0.41391843  0.38673369  0.38673369  0.41391843  0.41391843  0.35196675  0.34352307  0.36050736  0.36050736  0.36050736  0.36914715  0.32691789  0.32691789  0.36050736  0.37788845  0.42320532  0.41391843  0.44213429  0.44213429  0.42320532  0.42320532  0.42320532  0.40474603  0.43260960  0.43260960  0.39568535  0.39568535  0.43260960  0.47146259  0.43260960  0.43260960  0.43260960  0.43260960  0.39568535  0.38673369  0.38673369  0.37788845  0.39568535  0.39568535  0.35196675  0.38673369  0.44213429  0.35196675  0.35196675  0.35196675  0.35196675  0.35196675  0.36914715  0.33517416  0.33517416  0.35196675  0.35196675  0.31067525  0.31067525  0.29477965  0.29477965  0.33517416  0.32691789  0.40474603  0.59012729  0.29477965  0.31875224  0.34352307  0.41391843  0.41391843  0.24167632  0.21295097  0.21295097  
40_20_0    0.06060375  0.09586669  0.10800247  0.04357987  0.03799072  0.02147088  0.04357987  0.02147088  0.00000000  0.02147088  0.01604479  0.04921133  0.03244325  0.12658558  0.12658558  0.19899378  0.33517416  0.35196675  0.35196675  0.27921659  0.28695743  0.28695743  0.28695743  0.28695743  0.27921659  0.27155546  0.26397243  0.28695743  0.28695743  0.27921659  0.22717501  0.25646590  0.20593964  0.31875224  0.30268500  0.31875224  0.30268500  0.29477965  0.15862768  0.13288455  0.13288455  0.13923730  0.13923730  0.14564478  0.12658558  0.35196675  0.34352307  0.40474603  0.40474603  0.41391843  0.41391843  0.36050736  0.34352307  0.36914715  0.33517416  0.32691789  0.33517416  0.32691789  0.38673369  0.37788845  0.34352307  0.37788845  0.36050736  0.36050736  0.37788845  0.34352307  0.34352307  0.37788845  0.36914715  0.35196675  0.35196675  0.36050736  0.44213429  0.45178249  0.43260960  0.44213429  0.45178249  0.36914715  0.36050736  0.35196675  0.40474603  0.40474603  0.39568535  0.43260960  0.44213429  0.36914715  0.39568535  0.42320532  0.41391843  0.41391843  0.42320532  0.42320532  0.37788845  0.36914715  0.36914715  0.36914715  0.38673369  0.39568535  0.35196675  0.35196675  0.36914715  0.38673369  0.45178249  0.44213429  0.47146259  0.45178249  0.45178249  0.45178249  0.45178249  0.41391843  0.43260960  0.43260960  0.40474603  0.40474603  0.44213429  0.48150136  0.41391843  0.41391843  0.41391843  0.41391843  0.40474603  0.40474603  0.37788845  0.36914715  0.38673369  0.38673369  0.36050736  0.39568535  0.45178249  0.35196675  0.35196675  0.35196675  0.35196675  0.35196675  0.36914715  0.36050736  0.36050736  0.36050736  0.36050736  0.31067525  0.31067525  0.30268500  0.30268500  0.34352307  0.33517416  0.40474603  0.57852262  0.28695743  0.31067525  0.33517416  0.43260960  0.43260960  0.23439033  0.19899378  0.19899378  
40_22_0    0.06636606  0.09586669  0.13288455  0.05488573  0.04921133  0.02147088  0.04357987  0.02147088  0.02147088  0.00000000  0.01604479  0.06060375  0.03244325  0.12658558  0.12658558  0.19899378  0.34352307  0.33517416  0.33517416  0.28695743  0.27921659  0.27921659  0.30268500  0.30268500  0.29477965  0.27921659  0.27155546  0.30268500  0.30268500  0.29477965  0.23439033  0.26397243  0.19899378  0.32691789  0.31067525  0.32691789  0.32691789  0.31875224  0.14564478  0.13288455  0.13288455  0.13923730  0.13923730  0.16520510  0.12658558  0.34352307  0.33517416  0.41391843  0.41391843  0.42320532  0.42320532  0.36050736  0.34352307  0.37788845  0.33517416  0.32691789  0.33517416  0.32691789  0.39568535  0.38673369  0.35196675  0.36914715  0.36914715  0.36914715  0.38673369  0.34352307  0.34352307  0.37788845  0.36914715  0.36914715  0.36914715  0.36050736  0.46155747  0.47146259  0.45178249  0.44213429  0.46155747  0.36050736  0.35196675  0.36050736  0.41391843  0.41391843  0.40474603  0.45178249  0.46155747  0.36914715  0.40474603  0.40474603  0.39568535  0.39568535  0.43260960  0.43260960  0.36050736  0.35196675  0.38673369  0.38673369  0.36914715  0.37788845  0.33517416  0.33517416  0.37788845  0.39568535  0.44213429  0.43260960  0.46155747  0.46155747  0.44213429  0.44213429  0.44213429  0.40474603  0.45178249  0.45178249  0.40474603  0.40474603  0.46155747  0.50199466  0.42320532  0.44213429  0.42320532  0.42320532  0.41391843  0.41391843  0.38673369  0.37788845  0.39568535  0.39568535  0.37788845  0.39568535  0.46155747  0.37788845  0.37788845  0.37788845  0.37788845  0.37788845  0.39568535  0.36050736  0.36050736  0.35196675  0.35196675  0.32691789  0.31067525  0.30268500  0.30268500  0.32691789  0.31875224  0.38673369  0.59012729  0.30268500  0.31875224  0.32691789  0.43260960  0.43260960  0.24167632  0.19899378  0.19899378  
40_18_0    0.04921133  0.08987224  0.11414541  0.03799072  0.03244325  0.00530991  0.02693684  0.00530991  0.01604479  0.01604479  0.00000000  0.04357987  0.01604479  0.10800247  0.10800247  0.17853700  0.33517416  0.34352307  0.34352307  0.27921659  0.27155546  0.27155546  0.27921659  0.27921659  0.27155546  0.27155546  0.26397243  0.27921659  0.27921659  0.27155546  0.21295097  0.24167632  0.19211216  0.31875224  0.30268500  0.31875224  0.30268500  0.29477965  0.15210791  0.13923730  0.13923730  0.13288455  0.13288455  0.15862768  0.12033949  0.35196675  0.34352307  0.42320532  0.42320532  0.43260960  0.43260960  0.35196675  0.33517416  0.36914715  0.32691789  0.31875224  0.32691789  0.31875224  0.38673369  0.37788845  0.34352307  0.36050736  0.36050736  0.36050736  0.39568535  0.33517416  0.33517416  0.36914715  0.36050736  0.34352307  0.34352307  0.35196675  0.45178249  0.46155747  0.44213429  0.43260960  0.45178249  0.35196675  0.34352307  0.33517416  0.38673369  0.38673369  0.37788845  0.45178249  0.44213429  0.35196675  0.37788845  0.41391843  0.38673369  0.38673369  0.40474603  0.40474603  0.35196675  0.34352307  0.36050736  0.36050736  0.36050736  0.36914715  0.32691789  0.32691789  0.36050736  0.37788845  0.42320532  0.41391843  0.44213429  0.44213429  0.42320532  0.42320532  0.42320532  0.40474603  0.43260960  0.43260960  0.39568535  0.39568535  0.43260960  0.47146259  0.43260960  0.43260960  0.43260960  0.43260960  0.38673369  0.38673369  0.37788845  0.36914715  0.38673369  0.38673369  0.35196675  0.38673369  0.44213429  0.35196675  0.35196675  0.35196675  0.35196675  0.35196675  0.36914715  0.33517416  0.33517416  0.35196675  0.35196675  0.30268500  0.30268500  0.29477965  0.29477965  0.33517416  0.32691789  0.39568535  0.60191584  0.29477965  0.31875224  0.34352307  0.41391843  0.41391843  0.24167632  0.20593964  0.20593964  
40_11_0    0.07217334  0.11414541  0.12658558  0.06060375  0.05488573  0.04357987  0.06636606  0.04357987  0.04921133  0.06060375  0.04357987  0.00000000  0.03799072  0.12033949  0.12033949  0.17184119  0.32691789  0.34352307  0.34352307  0.24903436  0.27155546  0.27155546  0.27155546  0.27155546  0.26397243  0.25646590  0.25646590  0.27155546  0.27155546  0.26397243  0.21295097  0.22717501  0.19899378  0.30268500  0.28695743  0.30268500  0.28695743  0.27921659  0.15210791  0.12658558  0.13923730  0.14564478  0.14564478  0.14564478  0.12033949  0.37788845  0.36914715  0.36914715  0.36914715  0.37788845  0.39568535  0.36050736  0.36050736  0.39568535  0.35196675  0.34352307  0.35196675  0.34352307  0.41391843  0.40474603  0.36914715  0.40474603  0.38673369  0.38673369  0.42320532  0.34352307  0.34352307  0.37788845  0.36914715  0.35196675  0.35196675  0.36050736  0.44213429  0.43260960  0.43260960  0.40474603  0.42320532  0.39568535  0.38673369  0.36914715  0.42320532  0.42320532  0.41391843  0.47146259  0.46155747  0.37788845  0.42320532  0.44213429  0.41391843  0.41391843  0.47146259  0.45178249  0.39568535  0.38673369  0.38673369  0.38673369  0.40474603  0.41391843  0.36914715  0.36914715  0.40474603  0.40474603  0.41391843  0.40474603  0.42320532  0.41391843  0.41391843  0.41391843  0.41391843  0.41391843  0.42320532  0.42320532  0.38673369  0.38673369  0.42320532  0.46155747  0.42320532  0.43260960  0.42320532  0.42320532  0.41391843  0.39568535  0.38673369  0.37788845  0.39568535  0.39568535  0.33517416  0.36914715  0.45178249  0.36050736  0.36050736  0.36050736  0.36050736  0.36050736  0.37788845  0.36050736  0.36050736  0.33517416  0.33517416  0.28695743  0.28695743  0.27921659  0.27921659  0.34352307  0.33517416  0.43260960  0.56709618  0.29477965  0.31067525  0.33517416  0.43260960  0.43260960  0.22717501  0.22002900  0.22002900  
40_0_0     0.04357987  0.08392570  0.10800247  0.03244325  0.02693684  0.01604479  0.03799072  0.01604479  0.03244325  0.03244325  0.01604479  0.03799072  0.00000000  0.10190983  0.10190983  0.17184119  0.33517416  0.32691789  0.32691789  0.27155546  0.26397243  0.26397243  0.27921659  0.27921659  0.27155546  0.26397243  0.25646590  0.27155546  0.27155546  0.26397243  0.20593964  0.23439033  0.19211216  0.31067525  0.29477965  0.32691789  0.31067525  0.28695743  0.14564478  0.13288455  0.13288455  0.12658558  0.12658558  0.15210791  0.11414541  0.35196675  0.34352307  0.41391843  0.41391843  0.42320532  0.42320532  0.35196675  0.33517416  0.36914715  0.32691789  0.31875224  0.32691789  0.31875224  0.38673369  0.37788845  0.34352307  0.36050736  0.36050736  0.36050736  0.39568535  0.33517416  0.33517416  0.36914715  0.36050736  0.34352307  0.34352307  0.35196675  0.44213429  0.45178249  0.43260960  0.43260960  0.45178249  0.35196675  0.34352307  0.32691789  0.37788845  0.37788845  0.36914715  0.46155747  0.45178249  0.35196675  0.37788845  0.41391843  0.38673369  0.38673369  0.42320532  0.42320532  0.35196675  0.34352307  0.36050736  0.36050736  0.36050736  0.36914715  0.32691789  0.32691789  0.36050736  0.37788845  0.42320532  0.41391843  0.43260960  0.44213429  0.42320532  0.42320532  0.42320532  0.40474603  0.43260960  0.43260960  0.39568535  0.39568535  0.43260960  0.47146259  0.43260960  0.44213429  0.43260960  0.43260960  0.40474603  0.38673369  0.39568535  0.38673369  0.40474603  0.40474603  0.35196675  0.38673369  0.44213429  0.35196675  0.35196675  0.35196675  0.35196675  0.35196675  0.36914715  0.33517416  0.33517416  0.35196675  0.35196675  0.31875224  0.31875224  0.29477965  0.29477965  0.31875224  0.31067525  0.40474603  0.59012729  0.27921659  0.31875224  0.34352307  0.41391843  0.41391843  0.23439033  0.21295097  0.21295097  
54_1_0     0.11414541  0.15862768  0.16520510  0.11414541  0.09586669  0.10800247  0.12033949  0.10800247  0.12658558  0.12658558  0.10800247  0.12033949  0.10190983  0.00000000  0.00000000  0.12033949  0.28695743  0.33517416  0.33517416  0.27921659  0.27155546  0.27155546  0.27921659  0.27921659  0.27921659  0.27155546  0.26397243  0.25646590  0.25646590  0.24903436  0.20593964  0.20593964  0.19211216  0.33517416  0.31875224  0.33517416  0.31875224  0.29477965  0.20593964  0.17853700  0.16520510  0.14564478  0.17184119  0.17184119  0.14564478  0.39568535  0.36914715  0.42320532  0.42320532  0.43260960  0.41391843  0.37788845  0.36050736  0.39568535  0.33517416  0.32691789  0.33517416  0.32691789  0.39568535  0.40474603  0.36914715  0.36914715  0.35196675  0.35196675  0.43260960  0.32691789  0.32691789  0.34352307  0.35196675  0.33517416  0.33517416  0.34352307  0.49167745  0.46155747  0.50199466  0.43260960  0.45178249  0.36050736  0.36050736  0.35196675  0.38673369  0.38673369  0.37788845  0.48150136  0.47146259  0.36914715  0.34352307  0.39568535  0.36914715  0.36914715  0.41391843  0.43260960  0.34352307  0.33517416  0.33517416  0.33517416  0.36914715  0.37788845  0.31875224  0.31875224  0.33517416  0.35196675  0.37788845  0.36914715  0.38673369  0.39568535  0.36050736  0.36050736  0.36050736  0.36050736  0.38673369  0.38673369  0.41391843  0.41391843  0.40474603  0.42320532  0.41391843  0.40474603  0.41391843  0.41391843  0.36914715  0.35196675  0.41391843  0.40474603  0.38673369  0.42320532  0.35196675  0.36914715  0.45178249  0.36050736  0.36050736  0.34352307  0.34352307  0.34352307  0.34352307  0.32691789  0.32691789  0.43260960  0.43260960  0.36050736  0.36050736  0.35196675  0.35196675  0.31875224  0.31067525  0.40474603  0.57852262  0.34352307  0.34352307  0.35196675  0.41391843  0.41391843  0.26397243  0.25646590  0.25646590  
14_1_0     0.11414541  0.15862768  0.16520510  0.11414541  0.09586669  0.10800247  0.12033949  0.10800247  0.12658558  0.12658558  0.10800247  0.12033949  0.10190983  0.00000000  0.00000000  0.12033949  0.28695743  0.33517416  0.33517416  0.27921659  0.27155546  0.27155546  0.27921659  0.27921659  0.27921659  0.27155546  0.26397243  0.25646590  0.25646590  0.24903436  0.20593964  0.20593964  0.19211216  0.33517416  0.31875224  0.33517416  0.31875224  0.29477965  0.20593964  0.17853700  0.16520510  0.14564478  0.17184119  0.17184119  0.14564478  0.39568535  0.36914715  0.42320532  0.42320532  0.43260960  0.41391843  0.37788845  0.36050736  0.39568535  0.33517416  0.32691789  0.33517416  0.32691789  0.39568535  0.40474603  0.36914715  0.36914715  0.35196675  0.35196675  0.43260960  0.32691789  0.32691789  0.34352307  0.35196675  0.33517416  0.33517416  0.34352307  0.49167745  0.46155747  0.50199466  0.43260960  0.45178249  0.36050736  0.36050736  0.35196675  0.38673369  0.38673369  0.37788845  0.48150136  0.47146259  0.36914715  0.34352307  0.39568535  0.36914715  0.36914715  0.41391843  0.43260960  0.34352307  0.33517416  0.33517416  0.33517416  0.36914715  0.37788845  0.31875224  0.31875224  0.33517416  0.35196675  0.37788845  0.36914715  0.38673369  0.39568535  0.36050736  0.36050736  0.36050736  0.36050736  0.38673369  0.38673369  0.41391843  0.41391843  0.40474603  0.42320532  0.41391843  0.40474603  0.41391843  0.41391843  0.36914715  0.35196675  0.41391843  0.40474603  0.38673369  0.42320532  0.35196675  0.36914715  0.45178249  0.36050736  0.36050736  0.34352307  0.34352307  0.34352307  0.34352307  0.32691789  0.32691789  0.43260960  0.43260960  0.36050736  0.36050736  0.35196675  0.35196675  0.31875224  0.31067525  0.40474603  0.57852262  0.34352307  0.34352307  0.35196675  0.41391843  0.41391843  0.26397243  0.25646590  0.25646590  
52_5_0     0.18529362  0.19211216  0.19899378  0.17184119  0.16520510  0.17853700  0.16520510  0.17853700  0.19899378  0.19899378  0.17853700  0.17184119  0.17184119  0.12033949  0.12033949  0.00000000  0.28695743  0.35196675  0.35196675  0.36914715  0.36050736  0.36050736  0.38673369  0.38673369  0.38673369  0.36050736  0.33517416  0.31875224  0.31875224  0.31067525  0.27155546  0.30268500  0.24903436  0.34352307  0.34352307  0.36050736  0.36050736  0.35196675  0.31067525  0.27155546  0.27155546  0.26397243  0.26397243  0.26397243  0.24903436  0.36914715  0.36050736  0.42320532  0.42320532  0.43260960  0.42320532  0.40474603  0.40474603  0.40474603  0.34352307  0.33517416  0.34352307  0.33517416  0.44213429  0.45178249  0.39568535  0.39568535  0.36050736  0.36050736  0.38673369  0.34352307  0.34352307  0.37788845  0.36914715  0.33517416  0.33517416  0.35196675  0.43260960  0.42320532  0.46155747  0.42320532  0.44213429  0.38673369  0.38673369  0.36050736  0.43260960  0.43260960  0.42320532  0.53383356  0.52306848  0.37788845  0.36914715  0.38673369  0.36050736  0.36050736  0.40474603  0.44213429  0.33517416  0.34352307  0.31067525  0.31067525  0.34352307  0.35196675  0.34352307  0.34352307  0.36050736  0.36050736  0.40474603  0.41391843  0.36050736  0.42320532  0.38673369  0.38673369  0.38673369  0.37788845  0.40474603  0.40474603  0.44213429  0.44213429  0.45178249  0.47146259  0.50199466  0.50199466  0.50199466  0.50199466  0.45178249  0.39568535  0.48150136  0.49167745  0.49167745  0.49167745  0.39568535  0.41391843  0.50199466  0.38673369  0.38673369  0.38673369  0.38673369  0.38673369  0.38673369  0.36914715  0.36914715  0.43260960  0.43260960  0.38673369  0.40474603  0.36914715  0.36914715  0.35196675  0.34352307  0.46155747  0.63844550  0.36914715  0.31875224  0.32691789  0.40474603  0.40474603  0.30268500  0.32691789  0.32691789  
52_1_0     0.31875224  0.35196675  0.33517416  0.34352307  0.33517416  0.33517416  0.33517416  0.33517416  0.33517416  0.34352307  0.33517416  0.32691789  0.33517416  0.28695743  0.28695743  0.28695743  0.00000000  0.48150136  0.48150136  0.36050736  0.34352307  0.34352307  0.37788845  0.37788845  0.37788845  0.35196675  0.36050736  0.35196675  0.35196675  0.34352307  0.39568535  0.37788845  0.34352307  0.47146259  0.45178249  0.50199466  0.46155747  0.45178249  0.44213429  0.38673369  0.36050736  0.36050736  0.36050736  0.34352307  0.34352307  0.38673369  0.41391843  0.49167745  0.49167745  0.48150136  0.50199466  0.42320532  0.44213429  0.46155747  0.47146259  0.46155747  0.47146259  0.46155747  0.48150136  0.47146259  0.47146259  0.49167745  0.47146259  0.47146259  0.47146259  0.41391843  0.41391843  0.45178249  0.44213429  0.42320532  0.42320532  0.43260960  0.52306848  0.51245695  0.53383356  0.49167745  0.49167745  0.42320532  0.42320532  0.39568535  0.47146259  0.47146259  0.46155747  0.51245695  0.52306848  0.47146259  0.43260960  0.42320532  0.43260960  0.43260960  0.36914715  0.42320532  0.37788845  0.36914715  0.40474603  0.40474603  0.38673369  0.39568535  0.36914715  0.36914715  0.39568535  0.41391843  0.42320532  0.41391843  0.51245695  0.42320532  0.40474603  0.40474603  0.40474603  0.36050736  0.42320532  0.42320532  0.47146259  0.47146259  0.46155747  0.48150136  0.47146259  0.48150136  0.47146259  0.47146259  0.44213429  0.44213429  0.47146259  0.46155747  0.48150136  0.48150136  0.37788845  0.36050736  0.52306848  0.37788845  0.37788845  0.39568535  0.39568535  0.39568535  0.41391843  0.39568535  0.39568535  0.52306848  0.50199466  0.47146259  0.47146259  0.44213429  0.44213429  0.45178249  0.46155747  0.44213429  0.61389420  0.34352307  0.37788845  0.38673369  0.44213429  0.44213429  0.36050736  0.44213429  0.44213429  
34_24_0    0.32691789  0.34352307  0.34352307  0.35196675  0.34352307  0.34352307  0.34352307  0.34352307  0.35196675  0.33517416  0.34352307  0.34352307  0.32691789  0.33517416  0.33517416  0.35196675  0.48150136  0.00000000  0.00000000  0.24167632  0.24167632  0.24167632  0.26397243  0.26397243  0.25646590  0.22717501  0.31875224  0.36050736  0.36050736  0.36050736  0.25646590  0.26397243  0.24903436  0.44213429  0.44213429  0.50199466  0.50199466  0.45178249  0.36050736  0.36050736  0.34352307  0.34352307  0.35196675  0.37788845  0.35196675  0.55584259  0.53383356  0.51245695  0.51245695  0.52306848  0.50199466  0.50199466  0.48150136  0.51245695  0.47146259  0.47146259  0.46155747  0.47146259  0.49167745  0.50199466  0.46155747  0.48150136  0.49167745  0.49167745  0.55584259  0.47146259  0.47146259  0.51245695  0.50199466  0.50199466  0.51245695  0.51245695  0.52306848  0.50199466  0.51245695  0.52306848  0.55584259  0.47146259  0.46155747  0.47146259  0.54475669  0.54475669  0.53383356  0.62606858  0.63844550  0.55584259  0.54475669  0.49167745  0.48150136  0.48150136  0.59012729  0.57852262  0.50199466  0.49167745  0.55584259  0.56709618  0.54475669  0.55584259  0.46155747  0.46155747  0.51245695  0.53383356  0.48150136  0.47146259  0.51245695  0.55584259  0.50199466  0.50199466  0.50199466  0.53383356  0.57852262  0.57852262  0.55584259  0.55584259  0.53383356  0.54475669  0.55584259  0.54475669  0.55584259  0.55584259  0.54475669  0.53383356  0.53383356  0.52306848  0.54475669  0.56709618  0.53383356  0.55584259  0.63844550  0.56709618  0.56709618  0.56709618  0.56709618  0.56709618  0.56709618  0.54475669  0.54475669  0.51245695  0.51245695  0.49167745  0.49167745  0.48150136  0.48150136  0.46155747  0.45178249  0.53383356  0.76021217  0.45178249  0.44213429  0.41391843  0.48150136  0.48150136  0.48150136  0.43260960  0.43260960  
57_24_0    0.32691789  0.34352307  0.34352307  0.35196675  0.34352307  0.34352307  0.34352307  0.34352307  0.35196675  0.33517416  0.34352307  0.34352307  0.32691789  0.33517416  0.33517416  0.35196675  0.48150136  0.00000000  0.00000000  0.24167632  0.24167632  0.24167632  0.26397243  0.26397243  0.25646590  0.22717501  0.31875224  0.36050736  0.36050736  0.36050736  0.25646590  0.26397243  0.24903436  0.44213429  0.44213429  0.50199466  0.50199466  0.45178249  0.36050736  0.36050736  0.34352307  0.34352307  0.35196675  0.37788845  0.35196675  0.55584259  0.53383356  0.51245695  0.51245695  0.52306848  0.50199466  0.50199466  0.48150136  0.51245695  0.47146259  0.47146259  0.46155747  0.47146259  0.49167745  0.50199466  0.46155747  0.48150136  0.49167745  0.49167745  0.55584259  0.47146259  0.47146259  0.51245695  0.50199466  0.50199466  0.51245695  0.51245695  0.52306848  0.50199466  0.51245695  0.52306848  0.55584259  0.47146259  0.46155747  0.47146259  0.54475669  0.54475669  0.53383356  0.62606858  0.63844550  0.55584259  0.54475669  0.49167745  0.48150136  0.48150136  0.59012729  0.57852262  0.50199466  0.49167745  0.55584259  0.56709618  0.54475669  0.55584259  0.46155747  0.46155747  0.51245695  0.53383356  0.48150136  0.47146259  0.51245695  0.55584259  0.50199466  0.50199466  0.50199466  0.53383356  0.57852262  0.57852262  0.55584259  0.55584259  0.53383356  0.54475669  0.55584259  0.54475669  0.55584259  0.55584259  0.54475669  0.53383356  0.53383356  0.52306848  0.54475669  0.56709618  0.53383356  0.55584259  0.63844550  0.56709618  0.56709618  0.56709618  0.56709618  0.56709618  0.56709618  0.54475669  0.54475669  0.51245695  0.51245695  0.49167745  0.49167745  0.48150136  0.48150136  0.46155747  0.45178249  0.53383356  0.76021217  0.45178249  0.44213429  0.41391843  0.48150136  0.48150136  0.48150136  0.43260960  0.43260960  
62_25_0    0.24167632  0.28695743  0.27155546  0.29477965  0.28695743  0.27921659  0.27921659  0.27921659  0.27921659  0.28695743  0.27921659  0.24903436  0.27155546  0.27921659  0.27921659  0.36914715  0.36050736  0.24167632  0.24167632  0.00000000  0.04357987  0.04357987  0.07217334  0.07217334  0.06636606  0.01604479  0.21295097  0.26397243  0.26397243  0.26397243  0.19211216  0.19899378  0.18529362  0.38673369  0.38673369  0.44213429  0.41391843  0.39568535  0.31875224  0.28695743  0.29477965  0.30268500  0.32691789  0.27921659  0.27921659  0.50199466  0.50199466  0.50199466  0.50199466  0.51245695  0.49167745  0.39568535  0.41391843  0.41391843  0.40474603  0.41391843  0.42320532  0.41391843  0.42320532  0.43260960  0.40474603  0.41391843  0.38673369  0.38673369  0.42320532  0.38673369  0.38673369  0.42320532  0.41391843  0.42320532  0.41391843  0.40474603  0.49167745  0.48150136  0.48150136  0.44213429  0.43260960  0.45178249  0.44213429  0.42320532  0.48150136  0.48150136  0.47146259  0.51245695  0.50199466  0.44213429  0.42320532  0.43260960  0.40474603  0.40474603  0.57852262  0.54475669  0.47146259  0.46155747  0.51245695  0.50199466  0.49167745  0.50199466  0.43260960  0.43260960  0.47146259  0.49167745  0.48150136  0.47146259  0.45178249  0.50199466  0.50199466  0.50199466  0.50199466  0.47146259  0.43260960  0.43260960  0.40474603  0.40474603  0.43260960  0.43260960  0.40474603  0.39568535  0.40474603  0.40474603  0.40474603  0.38673369  0.39568535  0.38673369  0.40474603  0.41391843  0.43260960  0.47146259  0.50199466  0.44213429  0.44213429  0.44213429  0.44213429  0.44213429  0.44213429  0.46155747  0.46155747  0.41391843  0.41391843  0.35196675  0.35196675  0.38673369  0.38673369  0.40474603  0.39568535  0.45178249  0.63844550  0.34352307  0.39568535  0.36914715  0.42320532  0.42320532  0.33517416  0.31875224  0.31875224  
62_29_0    0.23439033  0.27921659  0.29477965  0.28695743  0.27921659  0.27155546  0.27155546  0.27155546  0.28695743  0.27921659  0.27155546  0.27155546  0.26397243  0.27155546  0.27155546  0.36050736  0.34352307  0.24167632  0.24167632  0.04357987  0.00000000  0.00000000  0.10190983  0.10190983  0.09586669  0.03244325  0.24903436  0.30268500  0.30268500  0.28695743  0.20593964  0.21295097  0.18529362  0.43260960  0.41391843  0.47146259  0.46155747  0.42320532  0.32691789  0.29477965  0.30268500  0.31067525  0.33517416  0.28695743  0.27155546  0.54475669  0.54475669  0.54475669  0.54475669  0.53383356  0.53383356  0.41391843  0.41391843  0.43260960  0.42320532  0.43260960  0.44213429  0.43260960  0.44213429  0.45178249  0.41391843  0.41391843  0.40474603  0.40474603  0.44213429  0.38673369  0.38673369  0.44213429  0.43260960  0.44213429  0.43260960  0.42320532  0.53383356  0.52306848  0.52306848  0.48150136  0.47146259  0.43260960  0.42320532  0.41391843  0.46155747  0.46155747  0.45178249  0.55584259  0.54475669  0.46155747  0.42320532  0.43260960  0.40474603  0.40474603  0.53383356  0.50199466  0.47146259  0.46155747  0.53383356  0.52306848  0.49167745  0.50199466  0.43260960  0.43260960  0.47146259  0.49167745  0.45178249  0.44213429  0.49167745  0.49167745  0.47146259  0.47146259  0.47146259  0.46155747  0.45178249  0.45178249  0.42320532  0.42320532  0.45178249  0.45178249  0.44213429  0.43260960  0.44213429  0.44213429  0.41391843  0.39568535  0.42320532  0.41391843  0.43260960  0.42320532  0.45178249  0.49167745  0.56709618  0.46155747  0.46155747  0.46155747  0.46155747  0.46155747  0.46155747  0.46155747  0.46155747  0.44213429  0.44213429  0.36914715  0.38673369  0.40474603  0.40474603  0.38673369  0.37788845  0.43260960  0.61389420  0.36914715  0.40474603  0.37788845  0.42320532  0.42320532  0.36050736  0.32691789  0.32691789  
