162
1_3_0      0.00000000  0.08891279  0.11638605  0.10252331  0.07554548  0.22136251  0.24591063  0.19759437  0.23763810  0.27994707  0.18983656  0.22136251  0.22136251  0.16703445  0.16703445  0.18983656  0.24591063  0.26273530  0.24591063  0.23763810  0.20543348  0.19759437  0.22136251  0.22945604  0.22945604  0.19759437  0.20543348  0.16703445  0.30653081  0.20543348  0.17455819  0.18983656  0.18215837  0.18215837  0.15958562  0.18215837  0.17455819  0.15958562  0.18215837  0.16703445  0.22136251  0.20543348  0.22136251  0.22136251  0.22136251  0.15221022  0.14490683  0.15221022  0.18215837  0.17455819  0.16703445  0.18215837  0.18215837  0.18215837  0.18983656  0.18983656  0.18983656  0.18215837  0.15958562  0.16703445  0.17455819  0.17455819  0.19759437  0.18215837  0.15958562  0.15958562  0.16703445  0.25427567  0.17455819  0.21335560  0.20543348  0.22136251  0.21335560  0.22945604  0.23763810  0.21335560  0.22136251  0.29756419  0.28870377  0.30653081  0.25427567  0.25427567  0.27129169  0.28870377  0.27994707  0.22945604  0.27129169  0.26273530  0.18215837  0.18215837  0.16703445  0.17455819  0.23763810  0.25427567  0.21335560  0.18983656  0.18215837  0.22136251  0.22945604  0.23763810  0.22945604  0.22136251  0.22945604  0.22136251  0.22945604  0.24591063  0.23763810  0.22945604  0.24591063  0.22136251  0.22945604  0.25427567  0.22136251  0.22945604  0.23763810  0.23763810  0.23763810  0.24591063  0.22136251  0.18983656  0.19759437  0.28870377  0.19759437  0.21335560  0.23763810  0.27129169  0.22136251  0.28870377  0.29756419  0.29756419  0.22945604  0.22136251  0.22945604  0.23763810  0.23763810  0.22136251  0.22136251  0.22136251  0.22136251  0.24591063  0.23763810  0.24591063  0.26273530  0.22945604  0.25427567  0.23763810  0.30653081  0.29756419  0.27994707  0.27994707  0.29756419  0.25427567  0.26273530  0.25427567  0.25427567  0.26273530  0.27994707  0.18983656  0.22136251  0.26273530  0.28870377  0.26273530  
2_2_0      0.08891279  0.00000000  0.03681954  0.13051053  0.13051053  0.22945604  0.24591063  0.18215837  0.21335560  0.30653081  0.17455819  0.22945604  0.25427567  0.18215837  0.20543348  0.22136251  0.27129169  0.28870377  0.30653081  0.22945604  0.21335560  0.19759437  0.22136251  0.22945604  0.22945604  0.17455819  0.22136251  0.18215837  0.33409411  0.19759437  0.17455819  0.20543348  0.19759437  0.18215837  0.17455819  0.19759437  0.18983656  0.17455819  0.18215837  0.16703445  0.20543348  0.18983656  0.24591063  0.24591063  0.24591063  0.15221022  0.14490683  0.13767405  0.21335560  0.18983656  0.18215837  0.22945604  0.22945604  0.22945604  0.23763810  0.22945604  0.22945604  0.22136251  0.18215837  0.18983656  0.18215837  0.18983656  0.19759437  0.19759437  0.22136251  0.22136251  0.21335560  0.28870377  0.21335560  0.23763810  0.22945604  0.24591063  0.22136251  0.23763810  0.30653081  0.21335560  0.21335560  0.29756419  0.30653081  0.34351227  0.30653081  0.30653081  0.29756419  0.31560620  0.30653081  0.28870377  0.29756419  0.30653081  0.21335560  0.21335560  0.19759437  0.20543348  0.26273530  0.26273530  0.20543348  0.19759437  0.20543348  0.27129169  0.24591063  0.26273530  0.25427567  0.24591063  0.23763810  0.23763810  0.21335560  0.22945604  0.22136251  0.21335560  0.23763810  0.22945604  0.23763810  0.25427567  0.22136251  0.19759437  0.26273530  0.24591063  0.24591063  0.25427567  0.21335560  0.21335560  0.23763810  0.32479304  0.23763810  0.23763810  0.26273530  0.27994707  0.27994707  0.30653081  0.28870377  0.31560620  0.23763810  0.23763810  0.24591063  0.23763810  0.22945604  0.22945604  0.22945604  0.22136251  0.22136251  0.22945604  0.23763810  0.24591063  0.24591063  0.27994707  0.26273530  0.24591063  0.30653081  0.27994707  0.26273530  0.26273530  0.27994707  0.26273530  0.27129169  0.27994707  0.27994707  0.22945604  0.26273530  0.19759437  0.22136251  0.28870377  0.33409411  0.29756419  
1_2_0      0.11638605  0.03681954  0.00000000  0.13051053  0.13051053  0.22945604  0.25427567  0.18215837  0.21335560  0.32479304  0.15958562  0.22945604  0.23763810  0.21335560  0.23763810  0.25427567  0.27129169  0.27129169  0.28870377  0.22945604  0.21335560  0.20543348  0.21335560  0.22136251  0.22136251  0.18215837  0.22945604  0.18983656  0.33409411  0.19759437  0.18983656  0.23763810  0.22136251  0.20543348  0.19759437  0.22136251  0.21335560  0.19759437  0.18983656  0.18983656  0.19759437  0.19759437  0.25427567  0.25427567  0.25427567  0.17455819  0.16703445  0.15958562  0.22136251  0.19759437  0.18983656  0.23763810  0.23763810  0.22136251  0.24591063  0.25427567  0.25427567  0.22945604  0.20543348  0.19759437  0.20543348  0.19759437  0.19759437  0.20543348  0.22945604  0.22945604  0.22136251  0.27994707  0.22136251  0.24591063  0.22945604  0.24591063  0.22136251  0.23763810  0.30653081  0.22945604  0.22945604  0.27994707  0.28870377  0.36271194  0.32479304  0.32479304  0.31560620  0.31560620  0.32479304  0.30653081  0.31560620  0.32479304  0.22136251  0.22136251  0.20543348  0.23763810  0.27994707  0.26273530  0.18983656  0.18215837  0.21335560  0.27129169  0.22945604  0.24591063  0.23763810  0.22945604  0.22136251  0.22136251  0.21335560  0.21335560  0.22136251  0.21335560  0.23763810  0.24591063  0.23763810  0.25427567  0.22136251  0.21335560  0.29756419  0.24591063  0.26273530  0.27129169  0.21335560  0.22945604  0.25427567  0.30653081  0.23763810  0.23763810  0.27994707  0.29756419  0.29756419  0.28870377  0.28870377  0.31560620  0.23763810  0.23763810  0.24591063  0.23763810  0.22945604  0.24591063  0.24591063  0.22136251  0.23763810  0.24591063  0.27129169  0.22945604  0.24591063  0.28870377  0.25427567  0.23763810  0.30653081  0.28870377  0.28870377  0.28870377  0.30653081  0.25427567  0.29756419  0.28870377  0.28870377  0.24591063  0.27994707  0.21335560  0.22945604  0.30653081  0.31560620  0.31560620  
1_6_0      0.10252331  0.13051053  0.13051053  0.00000000  0.03681954  0.27994707  0.28870377  0.20543348  0.23763810  0.32479304  0.25427567  0.26273530  0.26273530  0.22945604  0.26273530  0.23763810  0.26273530  0.24591063  0.23763810  0.26273530  0.22945604  0.21335560  0.23763810  0.22945604  0.24591063  0.21335560  0.22945604  0.18983656  0.30653081  0.22945604  0.20543348  0.26273530  0.24591063  0.23763810  0.21335560  0.21335560  0.21335560  0.19759437  0.22136251  0.22136251  0.26273530  0.24591063  0.26273530  0.26273530  0.26273530  0.19759437  0.18983656  0.18215837  0.22136251  0.21335560  0.20543348  0.22945604  0.22945604  0.22945604  0.22136251  0.26273530  0.26273530  0.22945604  0.20543348  0.19759437  0.23763810  0.20543348  0.22136251  0.19759437  0.21335560  0.21335560  0.22136251  0.26273530  0.18983656  0.26273530  0.22945604  0.22945604  0.23763810  0.25427567  0.28870377  0.24591063  0.25427567  0.28870377  0.30653081  0.29756419  0.30653081  0.30653081  0.30653081  0.28870377  0.29756419  0.27994707  0.30653081  0.31560620  0.22945604  0.22945604  0.21335560  0.24591063  0.31560620  0.29756419  0.25427567  0.22945604  0.24591063  0.25427567  0.22945604  0.27994707  0.25427567  0.24591063  0.27129169  0.25427567  0.23763810  0.25427567  0.24591063  0.25427567  0.27994707  0.27129169  0.26273530  0.27129169  0.24591063  0.26273530  0.29756419  0.23763810  0.25427567  0.26273530  0.23763810  0.22945604  0.26273530  0.27994707  0.23763810  0.22945604  0.27994707  0.29756419  0.31560620  0.28870377  0.28870377  0.29756419  0.26273530  0.26273530  0.25427567  0.26273530  0.27129169  0.25427567  0.25427567  0.26273530  0.24591063  0.27129169  0.28870377  0.27994707  0.26273530  0.27994707  0.26273530  0.24591063  0.28870377  0.28870377  0.28870377  0.28870377  0.28870377  0.22945604  0.26273530  0.27129169  0.27129169  0.26273530  0.27994707  0.22136251  0.23763810  0.31560620  0.30653081  0.27994707  
2_6_0      0.07554548  0.13051053  0.13051053  0.03681954  0.00000000  0.26273530  0.27129169  0.22136251  0.25427567  0.32479304  0.22136251  0.24591063  0.22945604  0.21335560  0.22945604  0.22136251  0.27994707  0.27994707  0.23763810  0.24591063  0.21335560  0.21335560  0.22136251  0.22945604  0.22945604  0.21335560  0.22945604  0.18983656  0.29756419  0.22945604  0.20543348  0.22945604  0.23763810  0.22945604  0.20543348  0.20543348  0.20543348  0.18983656  0.21335560  0.21335560  0.24591063  0.23763810  0.27129169  0.27129169  0.27129169  0.22136251  0.21335560  0.20543348  0.21335560  0.18983656  0.18215837  0.20543348  0.20543348  0.20543348  0.21335560  0.23763810  0.23763810  0.22136251  0.19759437  0.18983656  0.21335560  0.19759437  0.22945604  0.18983656  0.20543348  0.20543348  0.21335560  0.26273530  0.21335560  0.25427567  0.21335560  0.22945604  0.22136251  0.25427567  0.27129169  0.23763810  0.25427567  0.29756419  0.29756419  0.30653081  0.27994707  0.27994707  0.29756419  0.29756419  0.30653081  0.25427567  0.29756419  0.28870377  0.21335560  0.21335560  0.19759437  0.22945604  0.26273530  0.26273530  0.23763810  0.21335560  0.21335560  0.23763810  0.22945604  0.23763810  0.21335560  0.20543348  0.22136251  0.21335560  0.22945604  0.24591063  0.23763810  0.22945604  0.27129169  0.26273530  0.25427567  0.25427567  0.22945604  0.24591063  0.27994707  0.22945604  0.24591063  0.25427567  0.21335560  0.20543348  0.22136251  0.29756419  0.21335560  0.22136251  0.24591063  0.27994707  0.26273530  0.27129169  0.27994707  0.27994707  0.26273530  0.26273530  0.25427567  0.27994707  0.27994707  0.26273530  0.26273530  0.26273530  0.26273530  0.28870377  0.28870377  0.24591063  0.26273530  0.26273530  0.24591063  0.22945604  0.31560620  0.30653081  0.30653081  0.30653081  0.32479304  0.24591063  0.25427567  0.27994707  0.27994707  0.26273530  0.27994707  0.22945604  0.23763810  0.28870377  0.29756419  0.27129169  
2_0_0      0.22136251  0.22945604  0.22945604  0.27994707  0.26273530  0.00000000  0.03055573  0.23763810  0.23763810  0.43407893  0.22945604  0.30653081  0.29756419  0.27129169  0.26273530  0.28870377  0.32479304  0.29756419  0.33409411  0.30653081  0.28870377  0.22945604  0.24591063  0.27129169  0.25427567  0.22945604  0.27994707  0.25427567  0.36271194  0.25427567  0.24591063  0.26273530  0.27994707  0.27994707  0.27994707  0.26273530  0.27129169  0.27129169  0.26273530  0.26273530  0.28870377  0.29756419  0.25427567  0.25427567  0.25427567  0.24591063  0.23763810  0.22945604  0.22945604  0.24591063  0.25427567  0.30653081  0.30653081  0.28870377  0.31560620  0.27994707  0.27994707  0.27994707  0.25427567  0.26273530  0.27994707  0.25427567  0.31560620  0.27994707  0.27129169  0.27129169  0.25427567  0.35305051  0.32479304  0.29756419  0.27129169  0.28870377  0.27129169  0.34351227  0.34351227  0.30653081  0.29756419  0.33409411  0.30653081  0.33409411  0.29756419  0.29756419  0.32479304  0.34351227  0.33409411  0.35305051  0.33409411  0.33409411  0.30653081  0.30653081  0.31560620  0.29756419  0.27129169  0.24591063  0.25427567  0.28870377  0.27129169  0.30653081  0.31560620  0.30653081  0.29756419  0.28870377  0.30653081  0.22945604  0.25427567  0.26273530  0.25427567  0.24591063  0.27994707  0.28870377  0.29756419  0.27129169  0.27129169  0.27994707  0.27994707  0.32479304  0.32479304  0.31560620  0.29756419  0.32479304  0.33409411  0.33409411  0.31560620  0.32479304  0.34351227  0.35305051  0.34351227  0.40265593  0.37249977  0.39246821  0.29756419  0.34351227  0.35305051  0.33409411  0.27994707  0.29756419  0.29756419  0.29756419  0.28870377  0.28870377  0.32479304  0.30653081  0.30653081  0.31560620  0.32479304  0.32479304  0.30653081  0.33409411  0.33409411  0.33409411  0.35305051  0.34351227  0.36271194  0.36271194  0.36271194  0.39246821  0.40265593  0.29756419  0.30653081  0.36271194  0.36271194  0.35305051  
1_0_0      0.24591063  0.24591063  0.25427567  0.28870377  0.27129169  0.03055573  0.00000000  0.24591063  0.24591063  0.41298430  0.23763810  0.34351227  0.31560620  0.31560620  0.28870377  0.31560620  0.31560620  0.30653081  0.31560620  0.29756419  0.27994707  0.23763810  0.23763810  0.26273530  0.24591063  0.23763810  0.28870377  0.24591063  0.34351227  0.26273530  0.25427567  0.25427567  0.31560620  0.31560620  0.31560620  0.29756419  0.30653081  0.30653081  0.29756419  0.29756419  0.30653081  0.31560620  0.25427567  0.25427567  0.25427567  0.24591063  0.23763810  0.22945604  0.24591063  0.24591063  0.25427567  0.30653081  0.30653081  0.28870377  0.31560620  0.27994707  0.27994707  0.27994707  0.25427567  0.26273530  0.28870377  0.25427567  0.31560620  0.27994707  0.28870377  0.28870377  0.27129169  0.35305051  0.32479304  0.29756419  0.31560620  0.31560620  0.31560620  0.39246821  0.35305051  0.32479304  0.34351227  0.34351227  0.31560620  0.34351227  0.30653081  0.30653081  0.35305051  0.35305051  0.34351227  0.36271194  0.36271194  0.34351227  0.31560620  0.31560620  0.32479304  0.30653081  0.27994707  0.27129169  0.27994707  0.31560620  0.27994707  0.33409411  0.34351227  0.31560620  0.30653081  0.29756419  0.31560620  0.22945604  0.25427567  0.26273530  0.25427567  0.26273530  0.27994707  0.28870377  0.29756419  0.27994707  0.27994707  0.30653081  0.28870377  0.35305051  0.35305051  0.34351227  0.34351227  0.37249977  0.36271194  0.35305051  0.36271194  0.35305051  0.37249977  0.40265593  0.37249977  0.40265593  0.38241737  0.39246821  0.32479304  0.37249977  0.38241737  0.36271194  0.29756419  0.31560620  0.31560620  0.32479304  0.31560620  0.31560620  0.35305051  0.35305051  0.33409411  0.34351227  0.33409411  0.33409411  0.31560620  0.34351227  0.34351227  0.34351227  0.36271194  0.35305051  0.38241737  0.38241737  0.38241737  0.40265593  0.41298430  0.31560620  0.32479304  0.39246821  0.38241737  0.37249977  
29_50_0    0.19759437  0.18215837  0.18215837  0.20543348  0.22136251  0.23763810  0.24591063  0.00000000  0.08891279  0.25427567  0.10252331  0.21335560  0.22136251  0.17455819  0.18983656  0.16703445  0.22136251  0.20543348  0.20543348  0.16703445  0.14490683  0.15221022  0.18983656  0.18215837  0.19759437  0.14490683  0.18215837  0.13051053  0.27129169  0.15958562  0.14490683  0.17455819  0.17455819  0.17455819  0.15221022  0.16703445  0.17455819  0.17455819  0.14490683  0.14490683  0.16703445  0.17455819  0.16703445  0.16703445  0.16703445  0.13767405  0.13051053  0.12341496  0.15958562  0.15221022  0.14490683  0.16703445  0.16703445  0.18215837  0.15958562  0.18983656  0.18983656  0.15221022  0.13767405  0.13051053  0.15958562  0.13051053  0.14490683  0.13767405  0.15958562  0.15958562  0.15221022  0.22945604  0.16703445  0.17455819  0.17455819  0.17455819  0.18215837  0.24591063  0.27129169  0.23763810  0.27994707  0.25427567  0.26273530  0.27994707  0.27994707  0.27994707  0.27994707  0.26273530  0.27129169  0.30653081  0.28870377  0.28870377  0.18983656  0.18983656  0.17455819  0.18983656  0.22945604  0.21335560  0.16703445  0.17455819  0.19759437  0.27129169  0.22945604  0.22945604  0.23763810  0.22136251  0.23763810  0.18215837  0.15221022  0.15221022  0.15958562  0.16703445  0.18215837  0.20543348  0.19759437  0.16703445  0.15958562  0.18215837  0.21335560  0.25427567  0.27129169  0.27994707  0.20543348  0.22136251  0.22945604  0.27994707  0.22136251  0.21335560  0.27129169  0.28870377  0.29756419  0.28870377  0.27129169  0.27994707  0.21335560  0.18215837  0.18215837  0.17455819  0.22136251  0.22136251  0.22136251  0.17455819  0.15958562  0.18215837  0.23763810  0.22945604  0.21335560  0.18983656  0.22136251  0.21335560  0.25427567  0.26273530  0.24591063  0.24591063  0.24591063  0.20543348  0.27129169  0.22136251  0.22945604  0.22945604  0.25427567  0.17455819  0.19759437  0.25427567  0.27129169  0.24591063  
29_49_0    0.23763810  0.21335560  0.21335560  0.23763810  0.25427567  0.23763810  0.24591063  0.08891279  0.00000000  0.22136251  0.11638605  0.22945604  0.21335560  0.18215837  0.19759437  0.18215837  0.22945604  0.19759437  0.21335560  0.18215837  0.16703445  0.12341496  0.16703445  0.15958562  0.17455819  0.11638605  0.15958562  0.13767405  0.26273530  0.13051053  0.12341496  0.15221022  0.16703445  0.16703445  0.14490683  0.14490683  0.16703445  0.16703445  0.13767405  0.12341496  0.16703445  0.15958562  0.17455819  0.17455819  0.17455819  0.13767405  0.13051053  0.12341496  0.15958562  0.15221022  0.14490683  0.18215837  0.18215837  0.19759437  0.17455819  0.14490683  0.14490683  0.16703445  0.14490683  0.15221022  0.16703445  0.14490683  0.16703445  0.15958562  0.17455819  0.17455819  0.15221022  0.24591063  0.18215837  0.18983656  0.15958562  0.15958562  0.16703445  0.24591063  0.23763810  0.20543348  0.22136251  0.22945604  0.22136251  0.23763810  0.22945604  0.22945604  0.24591063  0.24591063  0.23763810  0.27994707  0.25427567  0.25427567  0.21335560  0.21335560  0.19759437  0.21335560  0.23763810  0.20543348  0.17455819  0.18215837  0.19759437  0.21335560  0.20543348  0.21335560  0.22136251  0.21335560  0.21335560  0.18215837  0.12341496  0.10942257  0.11638605  0.12341496  0.14490683  0.15221022  0.15958562  0.13051053  0.13051053  0.15221022  0.16703445  0.22136251  0.21335560  0.22945604  0.19759437  0.22136251  0.21335560  0.22945604  0.19759437  0.18215837  0.23763810  0.25427567  0.24591063  0.25427567  0.23763810  0.24591063  0.21335560  0.19759437  0.19759437  0.17455819  0.18983656  0.18983656  0.18983656  0.17455819  0.15958562  0.16703445  0.18983656  0.18215837  0.16703445  0.17455819  0.17455819  0.16703445  0.20543348  0.21335560  0.21335560  0.21335560  0.21335560  0.18983656  0.23763810  0.19759437  0.21335560  0.23763810  0.22945604  0.15958562  0.18215837  0.22945604  0.22945604  0.20543348  
29_51_0    0.27994707  0.30653081  0.32479304  0.32479304  0.32479304  0.43407893  0.41298430  0.25427567  0.22136251  0.00000000  0.26273530  0.34351227  0.36271194  0.31560620  0.30653081  0.30653081  0.36271194  0.38241737  0.37249977  0.30653081  0.30653081  0.33409411  0.33409411  0.34351227  0.34351227  0.30653081  0.32479304  0.27994707  0.35305051  0.30653081  0.28870377  0.29756419  0.31560620  0.30653081  0.29756419  0.30653081  0.31560620  0.29756419  0.30653081  0.28870377  0.34351227  0.30653081  0.36271194  0.36271194  0.36271194  0.30653081  0.29756419  0.28870377  0.31560620  0.30653081  0.29756419  0.29756419  0.29756419  0.31560620  0.30653081  0.27129169  0.27129169  0.29756419  0.27129169  0.27994707  0.28870377  0.29756419  0.27994707  0.29756419  0.33409411  0.33409411  0.34351227  0.31560620  0.28870377  0.32479304  0.30653081  0.30653081  0.30653081  0.33409411  0.34351227  0.32479304  0.36271194  0.35305051  0.36271194  0.30653081  0.36271194  0.36271194  0.36271194  0.36271194  0.35305051  0.35305051  0.37249977  0.35305051  0.30653081  0.30653081  0.30653081  0.30653081  0.37249977  0.38241737  0.34351227  0.32479304  0.33409411  0.32479304  0.33409411  0.34351227  0.33409411  0.34351227  0.33409411  0.34351227  0.31560620  0.29756419  0.30653081  0.31560620  0.29756419  0.27994707  0.28870377  0.33409411  0.31560620  0.27994707  0.30653081  0.37249977  0.36271194  0.36271194  0.35305051  0.34351227  0.33409411  0.38241737  0.31560620  0.30653081  0.35305051  0.38241737  0.36271194  0.34351227  0.36271194  0.34351227  0.37249977  0.30653081  0.30653081  0.30653081  0.33409411  0.31560620  0.31560620  0.33409411  0.33409411  0.35305051  0.31560620  0.34351227  0.32479304  0.28870377  0.26273530  0.26273530  0.34351227  0.33409411  0.31560620  0.31560620  0.33409411  0.31560620  0.30653081  0.29756419  0.29756419  0.36271194  0.34351227  0.29756419  0.33409411  0.34351227  0.34351227  0.30653081  
30_0_0     0.18983656  0.17455819  0.15958562  0.25427567  0.22136251  0.22945604  0.23763810  0.10252331  0.11638605  0.26273530  0.00000000  0.15958562  0.16703445  0.16703445  0.16703445  0.14490683  0.23763810  0.20543348  0.20543348  0.15958562  0.15958562  0.15958562  0.15221022  0.15958562  0.15958562  0.13767405  0.16703445  0.14490683  0.27994707  0.15221022  0.12341496  0.13767405  0.15221022  0.13767405  0.13051053  0.14490683  0.15221022  0.16703445  0.09568710  0.10942257  0.08891279  0.10252331  0.15958562  0.15958562  0.15958562  0.13767405  0.13051053  0.12341496  0.13051053  0.12341496  0.11638605  0.16703445  0.16703445  0.18215837  0.15958562  0.16703445  0.16703445  0.14490683  0.12341496  0.11638605  0.14490683  0.11638605  0.14490683  0.12341496  0.15958562  0.15958562  0.13767405  0.21335560  0.17455819  0.14490683  0.20543348  0.22136251  0.19759437  0.21335560  0.27129169  0.21335560  0.23763810  0.25427567  0.22945604  0.27129169  0.22945604  0.22945604  0.22945604  0.22945604  0.23763810  0.22945604  0.23763810  0.22136251  0.22136251  0.22136251  0.20543348  0.18983656  0.19759437  0.19759437  0.15958562  0.19759437  0.18983656  0.27129169  0.24591063  0.21335560  0.22136251  0.19759437  0.17455819  0.15958562  0.15221022  0.13767405  0.14490683  0.13767405  0.15221022  0.17455819  0.16703445  0.14490683  0.11638605  0.12341496  0.19759437  0.21335560  0.22945604  0.23763810  0.17455819  0.18215837  0.18983656  0.24591063  0.16703445  0.16703445  0.23763810  0.27129169  0.23763810  0.27129169  0.22945604  0.24591063  0.20543348  0.20543348  0.21335560  0.16703445  0.21335560  0.21335560  0.21335560  0.15221022  0.15221022  0.14490683  0.22136251  0.16703445  0.19759437  0.18215837  0.18983656  0.18215837  0.25427567  0.24591063  0.22945604  0.22945604  0.22945604  0.22136251  0.22945604  0.18983656  0.18983656  0.22945604  0.22945604  0.13767405  0.17455819  0.18983656  0.22136251  0.20543348  
63_55_0    0.22136251  0.22945604  0.22945604  0.26273530  0.24591063  0.30653081  0.34351227  0.21335560  0.22945604  0.34351227  0.15958562  0.00000000  0.03055573  0.06241283  0.10942257  0.11638605  0.29756419  0.26273530  0.23763810  0.21335560  0.20543348  0.18983656  0.18983656  0.19759437  0.18215837  0.16703445  0.22136251  0.22136251  0.30653081  0.25427567  0.20543348  0.22945604  0.22945604  0.19759437  0.19759437  0.22136251  0.21335560  0.18983656  0.16703445  0.18215837  0.18983656  0.17455819  0.26273530  0.26273530  0.26273530  0.18983656  0.19759437  0.18983656  0.19759437  0.20543348  0.19759437  0.22136251  0.22136251  0.22945604  0.22945604  0.20543348  0.20543348  0.19759437  0.18983656  0.18215837  0.19759437  0.19759437  0.21335560  0.18983656  0.20543348  0.20543348  0.21335560  0.22945604  0.22136251  0.22136251  0.24591063  0.26273530  0.24591063  0.21335560  0.31560620  0.24591063  0.27994707  0.29756419  0.28870377  0.31560620  0.30653081  0.30653081  0.29756419  0.29756419  0.30653081  0.31560620  0.29756419  0.30653081  0.27129169  0.27129169  0.25427567  0.26273530  0.27129169  0.27129169  0.21335560  0.24591063  0.25427567  0.29756419  0.27129169  0.29756419  0.28870377  0.27994707  0.26273530  0.25427567  0.20543348  0.22136251  0.21335560  0.20543348  0.20543348  0.21335560  0.20543348  0.21335560  0.18215837  0.16703445  0.24591063  0.23763810  0.25427567  0.26273530  0.23763810  0.22136251  0.24591063  0.24591063  0.19759437  0.21335560  0.25427567  0.27129169  0.26273530  0.25427567  0.25427567  0.23763810  0.18983656  0.21335560  0.22136251  0.20543348  0.26273530  0.24591063  0.24591063  0.18215837  0.19759437  0.18215837  0.23763810  0.21335560  0.21335560  0.24591063  0.23763810  0.22945604  0.28870377  0.27994707  0.26273530  0.26273530  0.27994707  0.23763810  0.22945604  0.20543348  0.20543348  0.21335560  0.24591063  0.18983656  0.22945604  0.27129169  0.26273530  0.24591063  
63_56_0    0.22136251  0.25427567  0.23763810  0.26273530  0.22945604  0.29756419  0.31560620  0.22136251  0.21335560  0.36271194  0.16703445  0.03055573  0.00000000  0.06895033  0.10942257  0.13051053  0.27129169  0.25427567  0.20543348  0.22136251  0.19759437  0.17455819  0.17455819  0.18215837  0.16703445  0.15221022  0.22136251  0.20543348  0.27129169  0.24591063  0.18983656  0.21335560  0.22136251  0.20543348  0.19759437  0.22136251  0.21335560  0.19759437  0.17455819  0.18983656  0.18215837  0.18215837  0.25427567  0.25427567  0.25427567  0.18215837  0.18983656  0.18215837  0.18983656  0.19759437  0.18983656  0.22136251  0.22136251  0.22945604  0.22945604  0.21335560  0.21335560  0.20543348  0.20543348  0.19759437  0.19759437  0.18983656  0.20543348  0.19759437  0.18983656  0.18983656  0.19759437  0.22945604  0.20543348  0.21335560  0.22945604  0.24591063  0.23763810  0.22945604  0.27994707  0.24591063  0.27129169  0.31560620  0.30653081  0.28870377  0.29756419  0.29756419  0.30653081  0.30653081  0.31560620  0.32479304  0.30653081  0.29756419  0.28870377  0.28870377  0.27129169  0.26273530  0.27994707  0.27994707  0.22136251  0.24591063  0.24591063  0.29756419  0.27129169  0.27129169  0.26273530  0.27129169  0.25427567  0.22945604  0.19759437  0.21335560  0.20543348  0.19759437  0.19759437  0.20543348  0.19759437  0.18215837  0.16703445  0.18983656  0.24591063  0.24591063  0.26273530  0.27129169  0.23763810  0.23763810  0.24591063  0.22945604  0.20543348  0.22136251  0.23763810  0.27129169  0.24591063  0.23763810  0.24591063  0.22136251  0.19759437  0.22136251  0.22945604  0.22136251  0.25427567  0.23763810  0.23763810  0.18983656  0.20543348  0.19759437  0.26273530  0.22136251  0.22136251  0.25427567  0.22945604  0.22136251  0.27994707  0.27129169  0.27129169  0.27129169  0.28870377  0.22945604  0.24591063  0.20543348  0.22136251  0.22945604  0.26273530  0.18983656  0.20543348  0.27994707  0.24591063  0.26273530  
77_55_0    0.16703445  0.18215837  0.21335560  0.22945604  0.21335560  0.27129169  0.31560620  0.17455819  0.18215837  0.31560620  0.16703445  0.06241283  0.06895033  0.00000000  0.06895033  0.10252331  0.23763810  0.23763810  0.22136251  0.21335560  0.17455819  0.15221022  0.18215837  0.18983656  0.17455819  0.13051053  0.19759437  0.18215837  0.27994707  0.19759437  0.14490683  0.18215837  0.15958562  0.15958562  0.13767405  0.15958562  0.15221022  0.13051053  0.15958562  0.15958562  0.18215837  0.18215837  0.23763810  0.23763810  0.23763810  0.13767405  0.14490683  0.13767405  0.15958562  0.16703445  0.15958562  0.18983656  0.18983656  0.20543348  0.19759437  0.15958562  0.15958562  0.16703445  0.15958562  0.16703445  0.15958562  0.15958562  0.18215837  0.16703445  0.14490683  0.14490683  0.16703445  0.19759437  0.15958562  0.16703445  0.19759437  0.21335560  0.20543348  0.21335560  0.26273530  0.20543348  0.20543348  0.25427567  0.24591063  0.26273530  0.26273530  0.26273530  0.23763810  0.25427567  0.24591063  0.25427567  0.23763810  0.24591063  0.22136251  0.22136251  0.20543348  0.21335560  0.22945604  0.24591063  0.18983656  0.19759437  0.20543348  0.24591063  0.23763810  0.25427567  0.24591063  0.25427567  0.23763810  0.22945604  0.18215837  0.19759437  0.18983656  0.18215837  0.19759437  0.17455819  0.18215837  0.16703445  0.15221022  0.15958562  0.21335560  0.21335560  0.21335560  0.22136251  0.21335560  0.21335560  0.23763810  0.23763810  0.17455819  0.18983656  0.20543348  0.22136251  0.21335560  0.22945604  0.23763810  0.23763810  0.15958562  0.17455819  0.18215837  0.17455819  0.21335560  0.19759437  0.19759437  0.15958562  0.15958562  0.16703445  0.19759437  0.18215837  0.18215837  0.22945604  0.22136251  0.21335560  0.25427567  0.24591063  0.22945604  0.22945604  0.24591063  0.22945604  0.20543348  0.18215837  0.19759437  0.18215837  0.21335560  0.17455819  0.18215837  0.26273530  0.25427567  0.23763810  
63_0_0     0.16703445  0.20543348  0.23763810  0.26273530  0.22945604  0.26273530  0.28870377  0.18983656  0.19759437  0.30653081  0.16703445  0.10942257  0.10942257  0.06895033  0.00000000  0.06895033  0.22945604  0.22945604  0.20543348  0.23763810  0.21335560  0.15958562  0.16703445  0.15958562  0.15958562  0.13767405  0.19759437  0.18215837  0.31560620  0.19759437  0.16703445  0.17455819  0.15221022  0.18215837  0.16703445  0.19759437  0.18215837  0.18983656  0.16703445  0.15221022  0.17455819  0.16703445  0.22945604  0.22945604  0.22945604  0.17455819  0.18215837  0.17455819  0.16703445  0.17455819  0.18215837  0.19759437  0.19759437  0.21335560  0.20543348  0.18215837  0.18215837  0.18215837  0.15958562  0.16703445  0.18215837  0.16703445  0.18983656  0.17455819  0.15958562  0.15958562  0.16703445  0.19759437  0.18983656  0.17455819  0.23763810  0.25427567  0.23763810  0.24591063  0.26273530  0.22136251  0.22945604  0.28870377  0.27994707  0.25427567  0.24591063  0.24591063  0.25427567  0.27129169  0.26273530  0.25427567  0.25427567  0.24591063  0.22136251  0.22136251  0.22136251  0.22136251  0.19759437  0.22945604  0.17455819  0.20543348  0.18215837  0.24591063  0.23763810  0.25427567  0.26273530  0.25427567  0.22136251  0.19759437  0.18215837  0.19759437  0.18983656  0.18215837  0.18215837  0.15958562  0.16703445  0.16703445  0.15221022  0.17455819  0.21335560  0.22945604  0.22945604  0.23763810  0.24591063  0.21335560  0.22136251  0.27129169  0.17455819  0.20543348  0.20543348  0.23763810  0.21335560  0.25427567  0.22945604  0.22136251  0.18215837  0.18215837  0.18983656  0.17455819  0.18983656  0.17455819  0.17455819  0.16703445  0.16703445  0.15221022  0.22136251  0.22136251  0.22136251  0.22136251  0.21335560  0.22136251  0.26273530  0.23763810  0.22136251  0.22136251  0.23763810  0.23763810  0.22945604  0.20543348  0.20543348  0.23763810  0.23763810  0.18983656  0.22136251  0.25427567  0.26273530  0.22945604  
77_0_0     0.18983656  0.22136251  0.25427567  0.23763810  0.22136251  0.28870377  0.31560620  0.16703445  0.18215837  0.30653081  0.14490683  0.11638605  0.13051053  0.10252331  0.06895033  0.00000000  0.23763810  0.23763810  0.21335560  0.21335560  0.20543348  0.18215837  0.18215837  0.17455819  0.18983656  0.15958562  0.20543348  0.17455819  0.33409411  0.19759437  0.17455819  0.20543348  0.17455819  0.16703445  0.15958562  0.18983656  0.17455819  0.18215837  0.14490683  0.13051053  0.18215837  0.15221022  0.24591063  0.24591063  0.24591063  0.16703445  0.17455819  0.16703445  0.16703445  0.18983656  0.18983656  0.20543348  0.20543348  0.22136251  0.19759437  0.19759437  0.19759437  0.18215837  0.14490683  0.15221022  0.18215837  0.16703445  0.18983656  0.15958562  0.17455819  0.17455819  0.18215837  0.22945604  0.18215837  0.18983656  0.22945604  0.24591063  0.22945604  0.24591063  0.27129169  0.22136251  0.26273530  0.30653081  0.30653081  0.27994707  0.27129169  0.27129169  0.27994707  0.29756419  0.28870377  0.27994707  0.27994707  0.27129169  0.24591063  0.24591063  0.23763810  0.20543348  0.18983656  0.20543348  0.19759437  0.22945604  0.20543348  0.27994707  0.27129169  0.27129169  0.27994707  0.25427567  0.22945604  0.18983656  0.18215837  0.19759437  0.18983656  0.18215837  0.20543348  0.19759437  0.20543348  0.18215837  0.15221022  0.18215837  0.18215837  0.23763810  0.23763810  0.24591063  0.22945604  0.20543348  0.18983656  0.25427567  0.17455819  0.19759437  0.22136251  0.23763810  0.24591063  0.27129169  0.24591063  0.23763810  0.21335560  0.20543348  0.19759437  0.18983656  0.21335560  0.19759437  0.19759437  0.20543348  0.17455819  0.17455819  0.22136251  0.22136251  0.22136251  0.20543348  0.20543348  0.20543348  0.26273530  0.23763810  0.22136251  0.22136251  0.20543348  0.22136251  0.22945604  0.18983656  0.18215837  0.25427567  0.24591063  0.18983656  0.23763810  0.22945604  0.27129169  0.22136251  
67_0_0     0.24591063  0.27129169  0.27129169  0.26273530  0.27994707  0.32479304  0.31560620  0.22136251  0.22945604  0.36271194  0.23763810  0.29756419  0.27129169  0.23763810  0.22945604  0.23763810  0.00000000  0.03681954  0.04950674  0.17455819  0.14490683  0.22945604  0.22945604  0.22136251  0.22136251  0.22136251  0.23763810  0.18215837  0.25427567  0.24591063  0.22945604  0.25427567  0.24591063  0.24591063  0.24591063  0.26273530  0.23763810  0.25427567  0.23763810  0.23763810  0.25427567  0.26273530  0.18983656  0.18983656  0.18983656  0.16703445  0.16703445  0.17455819  0.22136251  0.21335560  0.21335560  0.22945604  0.22945604  0.24591063  0.22136251  0.21335560  0.21335560  0.18983656  0.18215837  0.18983656  0.20543348  0.17455819  0.18983656  0.16703445  0.20543348  0.20543348  0.21335560  0.21335560  0.18215837  0.21335560  0.18983656  0.17455819  0.18215837  0.32479304  0.29756419  0.25427567  0.27994707  0.31560620  0.33409411  0.27994707  0.26273530  0.26273530  0.29756419  0.29756419  0.28870377  0.29756419  0.29756419  0.28870377  0.27129169  0.27129169  0.26273530  0.20543348  0.28870377  0.27129169  0.22136251  0.22945604  0.21335560  0.30653081  0.29756419  0.26273530  0.25427567  0.24591063  0.24591063  0.22136251  0.27994707  0.27994707  0.28870377  0.29756419  0.29756419  0.28870377  0.29756419  0.27129169  0.27129169  0.28870377  0.27994707  0.27994707  0.27994707  0.28870377  0.28870377  0.30653081  0.27994707  0.30653081  0.27994707  0.26273530  0.25427567  0.28870377  0.25427567  0.28870377  0.29756419  0.27994707  0.28870377  0.25427567  0.24591063  0.24591063  0.23763810  0.22136251  0.22136251  0.25427567  0.25427567  0.24591063  0.32479304  0.31560620  0.29756419  0.28870377  0.29756419  0.29756419  0.26273530  0.27994707  0.27994707  0.27994707  0.27994707  0.23763810  0.27129169  0.25427567  0.26273530  0.31560620  0.35305051  0.27994707  0.27994707  0.32479304  0.32479304  0.30653081  
6_54_0     0.26273530  0.28870377  0.27129169  0.24591063  0.27994707  0.29756419  0.30653081  0.20543348  0.19759437  0.38241737  0.20543348  0.26273530  0.25427567  0.23763810  0.22945604  0.23763810  0.03681954  0.00000000  0.03681954  0.15958562  0.14490683  0.20543348  0.22136251  0.21335560  0.21335560  0.19759437  0.21335560  0.18983656  0.27994707  0.22945604  0.21335560  0.23763810  0.25427567  0.25427567  0.25427567  0.27129169  0.24591063  0.26273530  0.21335560  0.22945604  0.22945604  0.25427567  0.16703445  0.16703445  0.16703445  0.17455819  0.17455819  0.18215837  0.19759437  0.18983656  0.18983656  0.23763810  0.23763810  0.25427567  0.22945604  0.22136251  0.22136251  0.19759437  0.20543348  0.19759437  0.22945604  0.18215837  0.21335560  0.17455819  0.21335560  0.21335560  0.20543348  0.22136251  0.18983656  0.22136251  0.18983656  0.17455819  0.18215837  0.30653081  0.31560620  0.26273530  0.26273530  0.31560620  0.33409411  0.28870377  0.26273530  0.26273530  0.29756419  0.27994707  0.28870377  0.31560620  0.29756419  0.30653081  0.27129169  0.27129169  0.26273530  0.23763810  0.30653081  0.27129169  0.20543348  0.22945604  0.22945604  0.28870377  0.26273530  0.27994707  0.27129169  0.26273530  0.24591063  0.22136251  0.25427567  0.23763810  0.24591063  0.25427567  0.25427567  0.26273530  0.25427567  0.25427567  0.25427567  0.23763810  0.26273530  0.22945604  0.24591063  0.25427567  0.25427567  0.25427567  0.24591063  0.26273530  0.22945604  0.21335560  0.25427567  0.27129169  0.25427567  0.28870377  0.27129169  0.26273530  0.25427567  0.24591063  0.23763810  0.21335560  0.22945604  0.21335560  0.21335560  0.22136251  0.22136251  0.19759437  0.28870377  0.26273530  0.24591063  0.23763810  0.24591063  0.24591063  0.22945604  0.24591063  0.24591063  0.24591063  0.24591063  0.20543348  0.26273530  0.22945604  0.23763810  0.29756419  0.30653081  0.23763810  0.25427567  0.28870377  0.28870377  0.27129169  
6_0_0      0.24591063  0.30653081  0.28870377  0.23763810  0.23763810  0.33409411  0.31560620  0.20543348  0.21335560  0.37249977  0.20543348  0.23763810  0.20543348  0.22136251  0.20543348  0.21335560  0.04950674  0.03681954  0.00000000  0.15958562  0.14490683  0.18983656  0.20543348  0.19759437  0.19759437  0.18215837  0.19759437  0.17455819  0.23763810  0.22945604  0.19759437  0.22136251  0.24591063  0.24591063  0.22945604  0.24591063  0.22136251  0.23763810  0.20543348  0.22136251  0.22136251  0.24591063  0.18983656  0.18983656  0.18983656  0.18215837  0.18215837  0.18983656  0.20543348  0.19759437  0.19759437  0.21335560  0.21335560  0.22945604  0.20543348  0.22136251  0.22136251  0.18215837  0.18983656  0.18215837  0.22136251  0.17455819  0.20543348  0.16703445  0.18983656  0.18983656  0.18215837  0.20543348  0.18215837  0.21335560  0.18983656  0.17455819  0.19759437  0.28870377  0.27994707  0.25427567  0.29756419  0.32479304  0.34351227  0.27994707  0.27129169  0.27129169  0.32479304  0.30653081  0.31560620  0.32479304  0.32479304  0.31560620  0.26273530  0.26273530  0.25427567  0.22945604  0.28870377  0.27129169  0.21335560  0.22136251  0.20543348  0.29756419  0.27129169  0.27129169  0.26273530  0.25427567  0.22945604  0.19759437  0.22945604  0.22945604  0.23763810  0.24591063  0.24591063  0.25427567  0.24591063  0.23763810  0.22136251  0.25427567  0.27994707  0.24591063  0.26273530  0.27129169  0.27129169  0.27129169  0.26273530  0.27129169  0.24591063  0.22945604  0.25427567  0.28870377  0.25427567  0.25427567  0.24591063  0.24591063  0.25427567  0.22945604  0.22136251  0.22945604  0.25427567  0.23763810  0.23763810  0.22136251  0.22136251  0.21335560  0.30653081  0.27994707  0.27994707  0.26273530  0.26273530  0.26273530  0.27129169  0.27994707  0.27994707  0.27994707  0.27994707  0.22136251  0.27129169  0.23763810  0.24591063  0.27994707  0.30653081  0.24591063  0.25427567  0.27994707  0.27994707  0.27129169  
67_53_0    0.23763810  0.22945604  0.22945604  0.26273530  0.24591063  0.30653081  0.29756419  0.16703445  0.18215837  0.30653081  0.15958562  0.21335560  0.22136251  0.21335560  0.23763810  0.21335560  0.17455819  0.15958562  0.15958562  0.00000000  0.03681954  0.20543348  0.19759437  0.22136251  0.20543348  0.19759437  0.22945604  0.17455819  0.29756419  0.22945604  0.22945604  0.21335560  0.26273530  0.22945604  0.23763810  0.23763810  0.22945604  0.22945604  0.19759437  0.21335560  0.22945604  0.23763810  0.19759437  0.19759437  0.19759437  0.17455819  0.17455819  0.18215837  0.22136251  0.21335560  0.20543348  0.21335560  0.21335560  0.22945604  0.22136251  0.22945604  0.22945604  0.22136251  0.21335560  0.20543348  0.20543348  0.20543348  0.22945604  0.19759437  0.23763810  0.23763810  0.21335560  0.29756419  0.23763810  0.24591063  0.22136251  0.22136251  0.21335560  0.23763810  0.28870377  0.21335560  0.27129169  0.27994707  0.27994707  0.25427567  0.26273530  0.26273530  0.31560620  0.29756419  0.30653081  0.33409411  0.31560620  0.30653081  0.22945604  0.22945604  0.21335560  0.21335560  0.22136251  0.22136251  0.16703445  0.18983656  0.16703445  0.25427567  0.21335560  0.26273530  0.23763810  0.22945604  0.18983656  0.18215837  0.20543348  0.20543348  0.21335560  0.22136251  0.25427567  0.27994707  0.27129169  0.22945604  0.21335560  0.21335560  0.23763810  0.29756419  0.31560620  0.30653081  0.27994707  0.26273530  0.25427567  0.28870377  0.26273530  0.24591063  0.26273530  0.28870377  0.26273530  0.29756419  0.28870377  0.27994707  0.27994707  0.27129169  0.26273530  0.27129169  0.28870377  0.28870377  0.28870377  0.25427567  0.25427567  0.24591063  0.24591063  0.23763810  0.22136251  0.24591063  0.27129169  0.26273530  0.29756419  0.30653081  0.28870377  0.28870377  0.30653081  0.23763810  0.27129169  0.26273530  0.26273530  0.24591063  0.27129169  0.19759437  0.22136251  0.27129169  0.27994707  0.24591063  
