126
41_4_0     0.00000000  0.03109392  0.10910242  0.27253556  0.25093229  0.22993514  0.15762413  0.36578294  0.36578294  0.36578294  0.34941241  0.61946591  0.54228478  0.69261358  0.63117143  0.49165462  0.51149759  0.40834792  0.34941241  0.32550904  0.32550904  0.37410447  0.34135949  0.39963906  0.34135949  0.29478099  0.28729214  0.39103037  0.41715932  0.39963906  0.37410447  0.39103037  0.40834792  0.43509958  0.40834792  0.35755291  0.35755291  0.34135949  0.34135949  0.34135949  0.37410447  0.32550904  0.32550904  0.29478099  0.44423360  0.67991498  0.69261358  0.73205567  0.75955467  0.77369259  0.77369259  0.56353647  0.56353647  0.58540930  0.60794065  0.93204664  0.67991498  0.66742826  0.59659019  0.61946591  0.65514645  0.65514645  0.65514645  0.66742826  0.67991498  0.66742826  0.70553135  0.61946591  0.61946591  0.66742826  0.60794065  0.61946591  0.60794065  0.63117143  0.59659019  0.64306294  0.41715932  0.59659019  0.60794065  0.64306294  0.61946591  0.53188103  0.53188103  0.61946591  0.60794065  0.63117143  0.63117143  0.60794065  0.60794065  0.57439298  0.54228478  0.54228478  0.65514645  0.74567888  0.66742826  0.70553135  0.54228478  0.60794065  0.64306294  0.59659019  0.65514645  0.63117143  0.61946591  0.69261358  0.66742826  0.64306294  0.64306294  0.63117143  0.64306294  0.65514645  0.63117143  0.63117143  0.59659019  0.57439298  0.60794065  0.65514645  0.66742826  0.65514645  0.65514645  0.63117143  0.64306294  0.58540930  0.66742826  0.67991498  0.73205567  0.45348047  
17_4_0     0.03109392  0.00000000  0.12094113  0.27253556  0.23686894  0.22993514  0.17026253  0.34941241  0.34941241  0.34941241  0.31770795  0.57439298  0.60794065  0.66742826  0.60794065  0.49165462  0.51149759  0.39103037  0.34941241  0.30998733  0.30998733  0.34135949  0.32550904  0.38251957  0.32550904  0.29478099  0.28729214  0.37410447  0.39963906  0.38251957  0.38251957  0.35755291  0.39103037  0.39963906  0.37410447  0.35755291  0.34135949  0.32550904  0.35755291  0.34135949  0.36578294  0.32550904  0.34135949  0.29478099  0.43509958  0.66742826  0.67991498  0.71867601  0.70553135  0.71867601  0.71867601  0.57439298  0.57439298  0.57439298  0.57439298  0.94989308  0.64306294  0.65514645  0.56353647  0.58540930  0.64306294  0.64306294  0.66742826  0.67991498  0.66742826  0.67991498  0.69261358  0.59659019  0.59659019  0.65514645  0.57439298  0.58540930  0.61946591  0.61946591  0.56353647  0.60794065  0.40834792  0.60794065  0.61946591  0.63117143  0.60794065  0.53188103  0.53188103  0.61946591  0.65514645  0.67991498  0.66742826  0.59659019  0.59659019  0.54228478  0.55283520  0.55283520  0.66742826  0.70553135  0.63117143  0.66742826  0.53188103  0.64306294  0.65514645  0.60794065  0.66742826  0.67991498  0.60794065  0.66742826  0.64306294  0.61946591  0.61946591  0.60794065  0.61946591  0.63117143  0.63117143  0.63117143  0.59659019  0.58540930  0.64306294  0.64306294  0.65514645  0.69261358  0.66742826  0.64306294  0.63117143  0.57439298  0.65514645  0.65514645  0.70553135  0.49165462  
5_4_0      0.10910242  0.12094113  0.00000000  0.27987748  0.25806431  0.23686894  0.20282501  0.38251957  0.39963906  0.39963906  0.39963906  0.60794065  0.57439298  0.67991498  0.64306294  0.44423360  0.44423360  0.39103037  0.39103037  0.34135949  0.34135949  0.37410447  0.41715932  0.46284302  0.43509958  0.35755291  0.34941241  0.35755291  0.37410447  0.41715932  0.40834792  0.44423360  0.42607570  0.42607570  0.39963906  0.35755291  0.36578294  0.36578294  0.39963906  0.36578294  0.33339231  0.34941241  0.38251957  0.29478099  0.45348047  0.59659019  0.64306294  0.67991498  0.64306294  0.65514645  0.65514645  0.50151034  0.52161992  0.54228478  0.56353647  0.73205567  0.74567888  0.59659019  0.57439298  0.55283520  0.60794065  0.60794065  0.58540930  0.59659019  0.61946591  0.63117143  0.63117143  0.60794065  0.60794065  0.64306294  0.60794065  0.61946591  0.60794065  0.60794065  0.65514645  0.64306294  0.45348047  0.55283520  0.60794065  0.61946591  0.59659019  0.57439298  0.57439298  0.61946591  0.60794065  0.63117143  0.63117143  0.63117143  0.63117143  0.54228478  0.58540930  0.58540930  0.65514645  0.71867601  0.74567888  0.73205567  0.60794065  0.60794065  0.56353647  0.56353647  0.57439298  0.61946591  0.53188103  0.70553135  0.65514645  0.59659019  0.61946591  0.63117143  0.61946591  0.63117143  0.56353647  0.56353647  0.67991498  0.64306294  0.65514645  0.67991498  0.69261358  0.65514645  0.64306294  0.57439298  0.73205567  0.69261358  0.73205567  0.73205567  0.81778308  0.47232418  
5_0_0      0.27253556  0.27253556  0.27987748  0.00000000  0.09168825  0.07467007  0.22306499  0.43509958  0.41715932  0.41715932  0.41715932  0.60794065  0.63117143  0.65514645  0.63117143  0.44423360  0.46284302  0.39963906  0.51149759  0.32550904  0.32550904  0.32550904  0.34941241  0.42607570  0.34941241  0.35755291  0.36578294  0.40834792  0.43509958  0.42607570  0.42607570  0.37410447  0.33339231  0.38251957  0.37410447  0.37410447  0.38251957  0.38251957  0.41715932  0.41715932  0.43509958  0.35755291  0.37410447  0.35755291  0.48192699  0.66742826  0.71867601  0.67991498  0.78810273  0.77369259  0.77369259  0.70553135  0.71867601  0.67991498  0.66742826  0.86463449  0.74567888  0.66742826  0.65514645  0.64306294  0.69261358  0.69261358  0.74567888  0.73205567  0.71867601  0.73205567  0.75955467  0.69261358  0.69261358  0.67991498  0.70553135  0.69261358  0.65514645  0.67991498  0.67991498  0.71867601  0.39103037  0.54228478  0.61946591  0.54228478  0.56353647  0.54228478  0.54228478  0.52161992  0.53188103  0.53188103  0.57439298  0.55283520  0.55283520  0.54228478  0.55283520  0.53188103  0.86463449  0.80279578  0.83307664  0.84868924  0.52161992  0.57439298  0.59659019  0.60794065  0.60794065  0.64306294  0.56353647  0.66742826  0.64306294  0.57439298  0.63117143  0.61946591  0.61946591  0.63117143  0.56353647  0.56353647  0.64306294  0.64306294  0.64306294  0.75955467  0.77369259  0.74567888  0.63117143  0.69261358  0.67991498  0.60794065  0.71867601  0.70553135  0.71867601  0.45348047  
41_0_0     0.25093229  0.23686894  0.25806431  0.09168825  0.00000000  0.01538549  0.21625733  0.40834792  0.40834792  0.40834792  0.37410447  0.54228478  0.61946591  0.67991498  0.63117143  0.43509958  0.45348047  0.35755291  0.45348047  0.33339231  0.33339231  0.33339231  0.31770795  0.39103037  0.33339231  0.34941241  0.34941241  0.36578294  0.40834792  0.40834792  0.40834792  0.37410447  0.33339231  0.31770795  0.32550904  0.30234554  0.33339231  0.29478099  0.33339231  0.31770795  0.35755291  0.30234554  0.30234554  0.33339231  0.46284302  0.69261358  0.70553135  0.74567888  0.69261358  0.70553135  0.70553135  0.70553135  0.71867601  0.67991498  0.66742826  0.88092687  0.77369259  0.66742826  0.65514645  0.63117143  0.69261358  0.69261358  0.74567888  0.73205567  0.71867601  0.73205567  0.69261358  0.65514645  0.65514645  0.64306294  0.65514645  0.64306294  0.67991498  0.65514645  0.64306294  0.67991498  0.41715932  0.52161992  0.57439298  0.52161992  0.55283520  0.58540930  0.58540930  0.52161992  0.54228478  0.56353647  0.60794065  0.56353647  0.56353647  0.52161992  0.55283520  0.53188103  0.73205567  0.64306294  0.67991498  0.73205567  0.49165462  0.51149759  0.58540930  0.59659019  0.59659019  0.73205567  0.53188103  0.61946591  0.63117143  0.55283520  0.54228478  0.53188103  0.55283520  0.56353647  0.57439298  0.55283520  0.59659019  0.57439298  0.61946591  0.75955467  0.74567888  0.80279578  0.56353647  0.61946591  0.63117143  0.59659019  0.66742826  0.67991498  0.71867601  0.39963906  
17_0_0     0.22993514  0.22993514  0.23686894  0.07467007  0.01538549  0.00000000  0.20951104  0.38251957  0.38251957  0.38251957  0.36578294  0.55283520  0.60794065  0.69261358  0.64306294  0.41715932  0.43509958  0.35755291  0.43509958  0.31770795  0.31770795  0.31770795  0.31770795  0.39103037  0.33339231  0.33339231  0.33339231  0.35755291  0.39963906  0.39963906  0.39963906  0.38251957  0.32550904  0.32550904  0.31770795  0.29478099  0.32550904  0.28729214  0.32550904  0.32550904  0.34941241  0.29478099  0.29478099  0.34135949  0.45348047  0.70553135  0.71867601  0.73205567  0.73205567  0.74567888  0.74567888  0.71867601  0.73205567  0.69261358  0.67991498  0.89758182  0.77369259  0.67991498  0.64306294  0.61946591  0.67991498  0.67991498  0.75955467  0.74567888  0.73205567  0.74567888  0.70553135  0.69261358  0.69261358  0.65514645  0.66742826  0.65514645  0.66742826  0.66742826  0.67991498  0.71867601  0.39103037  0.51149759  0.56353647  0.51149759  0.54228478  0.57439298  0.57439298  0.51149759  0.53188103  0.55283520  0.59659019  0.57439298  0.57439298  0.53188103  0.54228478  0.52161992  0.74567888  0.67991498  0.71867601  0.75955467  0.50151034  0.50151034  0.57439298  0.58540930  0.58540930  0.69261358  0.52161992  0.65514645  0.66742826  0.56353647  0.55283520  0.54228478  0.56353647  0.57439298  0.56353647  0.54228478  0.60794065  0.60794065  0.60794065  0.77369259  0.78810273  0.75955467  0.57439298  0.60794065  0.64306294  0.60794065  0.67991498  0.69261358  0.71867601  0.40834792  
36_0_0     0.15762413  0.17026253  0.20282501  0.22306499  0.21625733  0.20951104  0.00000000  0.33339231  0.36578294  0.33339231  0.31770795  0.50151034  0.52161992  0.58540930  0.57439298  0.45348047  0.43509958  0.35755291  0.30998733  0.24386758  0.24386758  0.27253556  0.28729214  0.30998733  0.27253556  0.26526496  0.26526496  0.32550904  0.34941241  0.34941241  0.34135949  0.40834792  0.34941241  0.31770795  0.32550904  0.30998733  0.27987748  0.27987748  0.33339231  0.33339231  0.30234554  0.26526496  0.29478099  0.27987748  0.42607570  0.70553135  0.69261358  0.73205567  0.73205567  0.74567888  0.74567888  0.63117143  0.60794065  0.60794065  0.60794065  0.83307664  0.65514645  0.65514645  0.61946591  0.61946591  0.63117143  0.63117143  0.63117143  0.66742826  0.65514645  0.66742826  0.70553135  0.59659019  0.59659019  0.61946591  0.63117143  0.64306294  0.60794065  0.58540930  0.63117143  0.66742826  0.40834792  0.57439298  0.57439298  0.57439298  0.57439298  0.52161992  0.52161992  0.54228478  0.55283520  0.57439298  0.56353647  0.56353647  0.56353647  0.55283520  0.54228478  0.54228478  0.66742826  0.66742826  0.67991498  0.74567888  0.46284302  0.53188103  0.64306294  0.59659019  0.65514645  0.66742826  0.55283520  0.61946591  0.61946591  0.63117143  0.60794065  0.61946591  0.65514645  0.66742826  0.63117143  0.63117143  0.65514645  0.57439298  0.58540930  0.64306294  0.65514645  0.65514645  0.63117143  0.70553135  0.65514645  0.59659019  0.69261358  0.66742826  0.78810273  0.46284302  
27_0_0     0.36578294  0.34941241  0.38251957  0.43509958  0.40834792  0.38251957  0.33339231  0.00000000  0.03640419  0.01538549  0.02058508  0.58540930  0.60794065  0.63117143  0.60794065  0.51149759  0.49165462  0.50151034  0.45348047  0.41715932  0.41715932  0.43509958  0.44423360  0.47232418  0.46284302  0.43509958  0.40834792  0.35755291  0.34941241  0.34941241  0.34135949  0.41715932  0.35755291  0.34941241  0.32550904  0.36578294  0.43509958  0.36578294  0.39103037  0.39103037  0.35755291  0.34135949  0.33339231  0.45348047  0.49165462  0.80279578  0.83307664  0.86463449  0.71867601  0.73205567  0.73205567  0.77369259  0.74567888  0.75955467  0.73205567  0.88092687  0.77369259  0.67991498  0.64306294  0.66742826  0.64306294  0.64306294  0.64306294  0.65514645  0.69261358  0.67991498  0.69261358  0.67991498  0.67991498  0.66742826  0.63117143  0.64306294  0.67991498  0.67991498  0.69261358  0.70553135  0.50151034  0.65514645  0.65514645  0.64306294  0.63117143  0.60794065  0.60794065  0.64306294  0.60794065  0.60794065  0.60794065  0.63117143  0.63117143  0.73205567  0.58540930  0.56353647  0.63117143  0.61946591  0.66742826  0.64306294  0.56353647  0.58540930  0.65514645  0.59659019  0.65514645  0.65514645  0.64306294  0.58540930  0.58540930  0.67991498  0.60794065  0.61946591  0.65514645  0.66742826  0.64306294  0.61946591  0.66742826  0.60794065  0.64306294  0.63117143  0.64306294  0.66742826  0.66742826  0.64306294  0.70553135  0.73205567  0.70553135  0.75955467  0.71867601  0.52161992  
7_0_0      0.36578294  0.34941241  0.39963906  0.41715932  0.40834792  0.38251957  0.36578294  0.03640419  0.00000000  0.02058508  0.04713912  0.56353647  0.60794065  0.60794065  0.63117143  0.51149759  0.51149759  0.48192699  0.47232418  0.39963906  0.39963906  0.41715932  0.44423360  0.50151034  0.44423360  0.43509958  0.42607570  0.35755291  0.34941241  0.34941241  0.34135949  0.42607570  0.37410447  0.32550904  0.30234554  0.38251957  0.45348047  0.38251957  0.42607570  0.40834792  0.37410447  0.35755291  0.34941241  0.45348047  0.51149759  0.78810273  0.83307664  0.89758182  0.70553135  0.71867601  0.71867601  0.75955467  0.73205567  0.74567888  0.70553135  0.93204664  0.78810273  0.65514645  0.64306294  0.66742826  0.66742826  0.66742826  0.69261358  0.67991498  0.69261358  0.67991498  0.73205567  0.69261358  0.69261358  0.66742826  0.63117143  0.64306294  0.65514645  0.70553135  0.67991498  0.71867601  0.53188103  0.61946591  0.65514645  0.61946591  0.60794065  0.63117143  0.63117143  0.66742826  0.63117143  0.63117143  0.63117143  0.65514645  0.65514645  0.77369259  0.58540930  0.56353647  0.66742826  0.67991498  0.70553135  0.66742826  0.61946591  0.61946591  0.66742826  0.60794065  0.66742826  0.66742826  0.65514645  0.63117143  0.65514645  0.67991498  0.61946591  0.63117143  0.69261358  0.70553135  0.65514645  0.63117143  0.70553135  0.64306294  0.65514645  0.64306294  0.65514645  0.67991498  0.66742826  0.64306294  0.69261358  0.71867601  0.69261358  0.74567888  0.73205567  0.52161992  
38_0_0     0.36578294  0.34941241  0.39963906  0.41715932  0.40834792  0.38251957  0.33339231  0.01538549  0.02058508  0.00000000  0.02582106  0.58540930  0.60794065  0.60794065  0.63117143  0.51149759  0.49165462  0.48192699  0.45348047  0.39963906  0.39963906  0.41715932  0.44423360  0.48192699  0.44423360  0.41715932  0.39103037  0.34135949  0.33339231  0.33339231  0.32550904  0.41715932  0.35755291  0.33339231  0.30998733  0.36578294  0.43509958  0.36578294  0.40834792  0.40834792  0.37410447  0.34135949  0.33339231  0.43509958  0.49165462  0.80279578  0.83307664  0.86463449  0.71867601  0.73205567  0.73205567  0.77369259  0.74567888  0.75955467  0.73205567  0.93204664  0.77369259  0.67991498  0.64306294  0.66742826  0.64306294  0.64306294  0.66742826  0.67991498  0.69261358  0.67991498  0.71867601  0.67991498  0.67991498  0.66742826  0.63117143  0.64306294  0.65514645  0.67991498  0.69261358  0.70553135  0.52161992  0.63117143  0.63117143  0.61946591  0.60794065  0.60794065  0.60794065  0.64306294  0.60794065  0.60794065  0.60794065  0.63117143  0.63117143  0.73205567  0.58540930  0.56353647  0.64306294  0.63117143  0.65514645  0.65514645  0.58540930  0.59659019  0.66742826  0.60794065  0.66742826  0.66742826  0.65514645  0.60794065  0.60794065  0.67991498  0.61946591  0.63117143  0.66742826  0.67991498  0.65514645  0.63117143  0.69261358  0.63117143  0.64306294  0.63117143  0.64306294  0.66742826  0.65514645  0.63117143  0.67991498  0.70553135  0.67991498  0.75955467  0.71867601  0.52161992  
53_0_0     0.34941241  0.31770795  0.39963906  0.41715932  0.37410447  0.36578294  0.31770795  0.02058508  0.04713912  0.02582106  0.00000000  0.56353647  0.60794065  0.63117143  0.63117143  0.51149759  0.49165462  0.47232418  0.46284302  0.39963906  0.39963906  0.41715932  0.40834792  0.45348047  0.42607570  0.41715932  0.39103037  0.37410447  0.36578294  0.34941241  0.34135949  0.40834792  0.37410447  0.34941241  0.32550904  0.38251957  0.45348047  0.38251957  0.40834792  0.40834792  0.37410447  0.32550904  0.31770795  0.43509958  0.51149759  0.80279578  0.80279578  0.86463449  0.71867601  0.73205567  0.73205567  0.77369259  0.74567888  0.75955467  0.73205567  0.91461586  0.71867601  0.65514645  0.61946591  0.64306294  0.64306294  0.64306294  0.64306294  0.65514645  0.66742826  0.65514645  0.66742826  0.65514645  0.65514645  0.61946591  0.58540930  0.59659019  0.65514645  0.63117143  0.66742826  0.67991498  0.54228478  0.65514645  0.67991498  0.66742826  0.65514645  0.65514645  0.65514645  0.69261358  0.63117143  0.63117143  0.63117143  0.63117143  0.63117143  0.70553135  0.60794065  0.58540930  0.60794065  0.57439298  0.61946591  0.61946591  0.58540930  0.60794065  0.67991498  0.61946591  0.67991498  0.67991498  0.69261358  0.56353647  0.58540930  0.67991498  0.60794065  0.61946591  0.65514645  0.66742826  0.66742826  0.64306294  0.64306294  0.58540930  0.66742826  0.65514645  0.66742826  0.71867601  0.66742826  0.66742826  0.67991498  0.70553135  0.67991498  0.73205567  0.70553135  0.54228478  
16_0_0     0.61946591  0.57439298  0.60794065  0.60794065  0.54228478  0.55283520  0.50151034  0.58540930  0.56353647  0.58540930  0.56353647  0.00000000  0.20951104  0.18311802  0.20951104  0.69261358  0.75955467  0.60794065  0.67991498  0.58540930  0.58540930  0.54228478  0.58540930  0.67991498  0.60794065  0.58540930  0.60794065  0.48192699  0.51149759  0.52161992  0.53188103  0.69261358  0.53188103  0.42607570  0.39963906  0.57439298  0.56353647  0.52161992  0.59659019  0.56353647  0.49165462  0.51149759  0.54228478  0.52161992  0.59659019  1.06695426  0.94989308  0.98691573  0.94989308  0.96817550  0.96817550  0.89758182  0.86463449  0.86463449  0.89758182  1.18078144  1.15658885  0.81778308  0.81778308  0.81778308  0.88092687  0.88092687  0.89758182  0.91461586  0.89758182  0.91461586  0.88092687  0.89758182  0.89758182  0.75955467  0.78810273  0.75955467  0.80279578  0.77369259  0.75955467  0.78810273  0.78810273  0.88092687  0.77369259  0.75955467  0.75955467  0.75955467  0.75955467  0.81778308  0.77369259  0.80279578  0.84868924  0.84868924  0.84868924  0.74567888  0.77369259  0.78810273  0.86463449  0.77369259  0.88092687  0.88092687  0.73205567  0.81778308  0.80279578  0.74567888  0.80279578  0.86463449  0.75955467  0.66742826  0.77369259  0.75955467  0.69261358  0.70553135  0.80279578  0.78810273  0.71867601  0.74567888  0.84868924  0.88092687  0.88092687  0.93204664  0.91461586  1.02586555  0.93204664  0.89758182  0.89758182  0.86463449  0.94989308  0.91461586  1.02586555  0.58540930  
15_0_0     0.54228478  0.60794065  0.57439298  0.63117143  0.61946591  0.60794065  0.52161992  0.60794065  0.60794065  0.60794065  0.60794065  0.20951104  0.00000000  0.22306499  0.20282501  0.78810273  0.83307664  0.74567888  0.67991498  0.69261358  0.69261358  0.69261358  0.67991498  0.74567888  0.67991498  0.57439298  0.61946591  0.64306294  0.63117143  0.69261358  0.64306294  0.88092687  0.57439298  0.65514645  0.61946591  0.60794065  0.60794065  0.57439298  0.67991498  0.69261358  0.60794065  0.59659019  0.60794065  0.64306294  0.69261358  1.02586555  0.96817550  0.96817550  0.91461586  0.93204664  0.93204664  0.93204664  0.89758182  0.93204664  1.00613729  1.04612797  1.06695426  0.89758182  0.89758182  0.89758182  0.89758182  0.89758182  0.89758182  0.91461586  0.93204664  0.91461586  0.98691573  0.93204664  0.93204664  0.84868924  0.86463449  0.86463449  0.86463449  0.84868924  0.78810273  0.81778308  0.80279578  0.88092687  0.81778308  0.84868924  0.78810273  0.86463449  0.86463449  0.91461586  0.78810273  0.75955467  0.77369259  0.83307664  0.83307664  0.89758182  0.71867601  0.73205567  0.83307664  0.80279578  0.88092687  0.88092687  0.74567888  0.84868924  0.84868924  0.78810273  0.84868924  0.84868924  0.86463449  0.75955467  0.81778308  0.88092687  0.84868924  0.86463449  0.83307664  0.84868924  0.83307664  0.83307664  0.93204664  1.02586555  0.98691573  0.91461586  0.89758182  0.91461586  0.96817550  0.96817550  0.89758182  0.86463449  0.93204664  0.93204664  1.04612797  0.73205567  
19_0_0     0.69261358  0.66742826  0.67991498  0.65514645  0.67991498  0.69261358  0.58540930  0.63117143  0.60794065  0.60794065  0.63117143  0.18311802  0.22306499  0.00000000  0.15138407  0.74567888  0.78810273  0.74567888  0.71867601  0.66742826  0.66742826  0.66742826  0.67991498  0.77369259  0.67991498  0.61946591  0.67991498  0.58540930  0.59659019  0.60794065  0.64306294  0.83307664  0.54228478  0.63117143  0.59659019  0.59659019  0.59659019  0.59659019  0.65514645  0.64306294  0.52161992  0.55283520  0.60794065  0.61946591  0.73205567  0.94989308  0.88092687  0.91461586  0.98691573  0.96817550  0.96817550  0.88092687  0.89758182  0.83307664  0.89758182  1.15658885  1.11043047  0.89758182  0.88092687  0.88092687  0.88092687  0.88092687  0.81778308  0.86463449  0.84868924  0.86463449  0.93204664  0.84868924  0.84868924  0.81778308  0.84868924  0.84868924  0.91461586  0.88092687  0.77369259  0.80279578  0.80279578  0.91461586  0.74567888  0.75955467  0.70553135  0.78810273  0.78810273  0.81778308  0.73205567  0.73205567  0.71867601  0.71867601  0.71867601  0.78810273  0.71867601  0.73205567  0.89758182  0.84868924  0.96817550  0.93204664  0.77369259  0.75955467  0.81778308  0.84868924  0.80279578  0.98691573  0.80279578  0.80279578  0.77369259  0.74567888  0.74567888  0.75955467  0.78810273  0.77369259  0.67991498  0.69261358  0.91461586  0.94989308  0.94989308  0.83307664  0.81778308  0.89758182  0.94989308  0.94989308  0.88092687  0.84868924  0.91461586  0.96817550  1.04612797  0.65514645  
42_0_0     0.63117143  0.60794065  0.64306294  0.63117143  0.63117143  0.64306294  0.57439298  0.60794065  0.63117143  0.63117143  0.63117143  0.20951104  0.20282501  0.15138407  0.00000000  0.74567888  0.78810273  0.70553135  0.74567888  0.73205567  0.73205567  0.75955467  0.67991498  0.74567888  0.70553135  0.63117143  0.67991498  0.61946591  0.65514645  0.69261358  0.67991498  0.73205567  0.47232418  0.61946591  0.58540930  0.57439298  0.58540930  0.55283520  0.64306294  0.63117143  0.57439298  0.59659019  0.65514645  0.65514645  0.74567888  0.96817550  0.94989308  0.96817550  0.98691573  0.96817550  0.96817550  0.81778308  0.81778308  0.81778308  0.81778308  1.13315387  1.11043047  0.91461586  0.98691573  0.98691573  0.98691573  0.98691573  0.91461586  0.93204664  0.94989308  0.96817550  1.04612797  1.04612797  1.04612797  0.96817550  0.96817550  0.96817550  0.94989308  0.93204664  0.81778308  0.84868924  0.78810273  0.94989308  0.73205567  0.78810273  0.73205567  0.67991498  0.67991498  0.67991498  0.65514645  0.65514645  0.65514645  0.63117143  0.63117143  0.70553135  0.66742826  0.67991498  0.89758182  0.86463449  0.88092687  0.91461586  0.60794065  0.74567888  0.74567888  0.77369259  0.74567888  0.93204664  0.73205567  0.64306294  0.66742826  0.70553135  0.70553135  0.71867601  0.67991498  0.66742826  0.63117143  0.66742826  0.93204664  0.94989308  0.96817550  0.84868924  0.83307664  0.86463449  0.91461586  0.94989308  0.89758182  0.80279578  0.93204664  0.94989308  1.02586555  0.66742826  
8_0_0      0.49165462  0.49165462  0.44423360  0.44423360  0.43509958  0.41715932  0.45348047  0.51149759  0.51149759  0.51149759  0.51149759  0.69261358  0.78810273  0.74567888  0.74567888  0.00000000  0.04175241  0.34135949  0.40834792  0.30998733  0.30998733  0.27253556  0.41715932  0.55283520  0.39963906  0.39103037  0.39963906  0.46284302  0.46284302  0.41715932  0.43509958  0.49165462  0.38251957  0.45348047  0.43509958  0.46284302  0.47232418  0.44423360  0.48192699  0.46284302  0.50151034  0.41715932  0.41715932  0.49165462  0.56353647  0.73205567  0.70553135  0.73205567  0.98691573  0.96817550  0.96817550  0.70553135  0.67991498  0.73205567  0.73205567  0.84868924  0.80279578  0.60794065  0.71867601  0.71867601  0.71867601  0.71867601  0.71867601  0.67991498  0.66742826  0.67991498  0.73205567  0.69261358  0.69261358  0.74567888  0.71867601  0.71867601  0.73205567  0.73205567  0.73205567  0.67991498  0.58540930  0.52161992  0.64306294  0.56353647  0.61946591  0.63117143  0.63117143  0.61946591  0.61946591  0.59659019  0.63117143  0.70553135  0.70553135  0.71867601  0.69261358  0.69261358  0.77369259  0.77369259  0.81778308  0.74567888  0.63117143  0.69261358  0.63117143  0.63117143  0.60794065  0.80279578  0.57439298  0.75955467  0.74567888  0.64306294  0.66742826  0.67991498  0.73205567  0.73205567  0.65514645  0.63117143  0.66742826  0.67991498  0.59659019  0.61946591  0.63117143  0.63117143  0.67991498  0.67991498  0.71867601  0.73205567  0.70553135  0.75955467  0.78810273  0.52161992  
59_0_0     0.51149759  0.51149759  0.44423360  0.46284302  0.45348047  0.43509958  0.43509958  0.49165462  0.51149759  0.49165462  0.49165462  0.75955467  0.83307664  0.78810273  0.78810273  0.04175241  0.00000000  0.32550904  0.37410447  0.30998733  0.30998733  0.28729214  0.41715932  0.55283520  0.41715932  0.37410447  0.38251957  0.45348047  0.45348047  0.44423360  0.46284302  0.51149759  0.39963906  0.45348047  0.43509958  0.46284302  0.46284302  0.46284302  0.50151034  0.48192699  0.50151034  0.45348047  0.45348047  0.51149759  0.58540930  0.71867601  0.73205567  0.71867601  0.93204664  0.91461586  0.91461586  0.69261358  0.66742826  0.71867601  0.71867601  0.86463449  0.84868924  0.61946591  0.73205567  0.73205567  0.73205567  0.73205567  0.70553135  0.71867601  0.70553135  0.71867601  0.75955467  0.73205567  0.73205567  0.75955467  0.73205567  0.73205567  0.74567888  0.71867601  0.77369259  0.71867601  0.58540930  0.56353647  0.66742826  0.60794065  0.66742826  0.60794065  0.60794065  0.59659019  0.59659019  0.57439298  0.60794065  0.69261358  0.69261358  0.74567888  0.69261358  0.69261358  0.73205567  0.73205567  0.81778308  0.71867601  0.60794065  0.61946591  0.65514645  0.67991498  0.65514645  0.83307664  0.59659019  0.78810273  0.74567888  0.66742826  0.69261358  0.70553135  0.73205567  0.73205567  0.67991498  0.65514645  0.67991498  0.66742826  0.63117143  0.65514645  0.66742826  0.66742826  0.74567888  0.74567888  0.75955467  0.74567888  0.74567888  0.83307664  0.83307664  0.58540930  
66_3_0     0.40834792  0.39103037  0.39103037  0.39963906  0.35755291  0.35755291  0.35755291  0.50151034  0.48192699  0.48192699  0.47232418  0.60794065  0.74567888  0.74567888  0.70553135  0.34135949  0.32550904  0.00000000  0.22306499  0.18311802  0.18311802  0.17666267  0.29478099  0.41715932  0.26526496  0.25806431  0.25093229  0.39963906  0.42607570  0.44423360  0.44423360  0.39103037  0.39103037  0.35755291  0.35755291  0.39103037  0.41715932  0.37410447  0.41715932  0.38251957  0.44423360  0.40834792  0.42607570  0.39103037  0.51149759  0.73205567  0.84868924  0.75955467  0.69261358  0.70553135  0.70553135  0.67991498  0.67991498  0.73205567  0.67991498  0.96817550  0.88092687  0.78810273  0.78810273  0.78810273  0.91461586  0.91461586  0.86463449  0.84868924  0.81778308  0.83307664  0.83307664  0.81778308  0.81778308  0.81778308  0.73205567  0.73205567  0.73205567  0.73205567  0.80279578  0.71867601  0.52161992  0.58540930  0.59659019  0.58540930  0.63117143  0.54228478  0.54228478  0.56353647  0.57439298  0.59659019  0.61946591  0.61946591  0.61946591  0.63117143  0.60794065  0.63117143  0.70553135  0.73205567  0.83307664  0.73205567  0.59659019  0.53188103  0.66742826  0.67991498  0.69261358  0.65514645  0.55283520  0.69261358  0.70553135  0.64306294  0.63117143  0.61946591  0.64306294  0.65514645  0.64306294  0.63117143  0.64306294  0.60794065  0.60794065  0.63117143  0.64306294  0.67991498  0.60794065  0.58540930  0.69261358  0.66742826  0.73205567  0.78810273  0.83307664  0.53188103  
66_0_0     0.34941241  0.34941241  0.39103037  0.51149759  0.45348047  0.43509958  0.30998733  0.45348047  0.47232418  0.45348047  0.46284302  0.67991498  0.67991498  0.71867601  0.74567888  0.40834792  0.37410447  0.22306499  0.00000000  0.17666267  0.17666267  0.20951104  0.27253556  0.36578294  0.25806431  0.19619819  0.24386758  0.36578294  0.40834792  0.42607570  0.43509958  0.48192699  0.45348047  0.39103037  0.37410447  0.36578294  0.39963906  0.33339231  0.38251957  0.39963906  0.35755291  0.38251957  0.39963906  0.45348047  0.52161992  0.71867601  0.74567888  0.74567888  0.71867601  0.73205567  0.73205567  0.65514645  0.65514645  0.63117143  0.63117143  0.80279578  0.77369259  0.77369259  0.66742826  0.66742826  0.71867601  0.71867601  0.74567888  0.78810273  0.75955467  0.77369259  0.83307664  0.67991498  0.67991498  0.75955467  0.67991498  0.70553135  0.74567888  0.73205567  0.75955467  0.70553135  0.45348047  0.57439298  0.63117143  0.60794065  0.63117143  0.58540930  0.58540930  0.63117143  0.61946591  0.64306294  0.60794065  0.63117143  0.63117143  0.63117143  0.55283520  0.57439298  0.65514645  0.70553135  0.74567888  0.73205567  0.59659019  0.51149759  0.71867601  0.71867601  0.71867601  0.69261358  0.61946591  0.71867601  0.73205567  0.74567888  0.69261358  0.67991498  0.66742826  0.67991498  0.70553135  0.66742826  0.59659019  0.61946591  0.61946591  0.56353647  0.57439298  0.58540930  0.63117143  0.64306294  0.63117143  0.60794065  0.67991498  0.77369259  0.77369259  0.54228478  
9_0_0      0.32550904  0.30998733  0.34135949  0.32550904  0.33339231  0.31770795  0.24386758  0.41715932  0.39963906  0.39963906  0.39963906  0.58540930  0.69261358  0.66742826  0.73205567  0.30998733  0.30998733  0.18311802  0.17666267  0.00000000  0.00000000  0.05803028  0.24386758  0.32550904  0.22993514  0.15762413  0.17026253  0.35755291  0.39963906  0.36578294  0.39103037  0.38251957  0.35755291  0.30998733  0.30998733  0.31770795  0.34941241  0.31770795  0.39103037  0.39103037  0.32550904  0.29478099  0.32550904  0.34941241  0.47232418  0.74567888  0.81778308  0.77369259  0.74567888  0.73205567  0.73205567  0.65514645  0.65514645  0.63117143  0.63117143  0.84868924  0.80279578  0.64306294  0.59659019  0.61946591  0.64306294  0.64306294  0.70553135  0.69261358  0.67991498  0.69261358  0.73205567  0.64306294  0.64306294  0.71867601  0.64306294  0.66742826  0.70553135  0.74567888  0.71867601  0.78810273  0.43509958  0.52161992  0.63117143  0.58540930  0.59659019  0.55283520  0.55283520  0.53188103  0.55283520  0.57439298  0.56353647  0.58540930  0.58540930  0.59659019  0.51149759  0.53188103  0.71867601  0.74567888  0.80279578  0.78810273  0.59659019  0.55283520  0.57439298  0.55283520  0.57439298  0.59659019  0.54228478  0.59659019  0.61946591  0.59659019  0.58540930  0.57439298  0.58540930  0.59659019  0.55283520  0.54228478  0.61946591  0.55283520  0.56353647  0.63117143  0.64306294  0.64306294  0.60794065  0.61946591  0.69261358  0.64306294  0.73205567  0.73205567  0.77369259  0.49165462  
54_0_0     0.32550904  0.30998733  0.34135949  0.32550904  0.33339231  0.31770795  0.24386758  0.41715932  0.39963906  0.39963906  0.39963906  0.58540930  0.69261358  0.66742826  0.73205567  0.30998733  0.30998733  0.18311802  0.17666267  0.00000000  0.00000000  0.05803028  0.24386758  0.32550904  0.22993514  0.15762413  0.17026253  0.35755291  0.39963906  0.36578294  0.39103037  0.38251957  0.35755291  0.30998733  0.30998733  0.31770795  0.34941241  0.31770795  0.39103037  0.39103037  0.32550904  0.29478099  0.32550904  0.34941241  0.47232418  0.74567888  0.81778308  0.77369259  0.74567888  0.73205567  0.73205567  0.65514645  0.65514645  0.63117143  0.63117143  0.84868924  0.80279578  0.64306294  0.59659019  0.61946591  0.64306294  0.64306294  0.70553135  0.69261358  0.67991498  0.69261358  0.73205567  0.64306294  0.64306294  0.71867601  0.64306294  0.66742826  0.70553135  0.74567888  0.71867601  0.78810273  0.43509958  0.52161992  0.63117143  0.58540930  0.59659019  0.55283520  0.55283520  0.53188103  0.55283520  0.57439298  0.56353647  0.58540930  0.58540930  0.59659019  0.51149759  0.53188103  0.71867601  0.74567888  0.80279578  0.78810273  0.59659019  0.55283520  0.57439298  0.55283520  0.57439298  0.59659019  0.54228478  0.59659019  0.61946591  0.59659019  0.58540930  0.57439298  0.58540930  0.59659019  0.55283520  0.54228478  0.61946591  0.55283520  0.56353647  0.63117143  0.64306294  0.64306294  0.60794065  0.61946591  0.69261358  0.64306294  0.73205567  0.73205567  0.77369259  0.49165462  
44_0_0     0.37410447  0.34135949  0.37410447  0.32550904  0.33339231  0.31770795  0.27253556  0.43509958  0.41715932  0.41715932  0.41715932  0.54228478  0.69261358  0.66742826  0.75955467  0.27253556  0.28729214  0.17666267  0.20951104  0.05803028  0.05803028  0.00000000  0.25806431  0.34135949  0.22993514  0.20951104  0.22306499  0.33339231  0.35755291  0.32550904  0.35755291  0.37410447  0.35755291  0.30998733  0.30998733  0.36578294  0.36578294  0.34941241  0.39103037  0.39103037  0.34941241  0.30998733  0.34135949  0.34941241  0.45348047  0.70553135  0.67991498  0.74567888  0.80279578  0.81778308  0.81778308  0.69261358  0.66742826  0.64306294  0.64306294  0.75955467  0.84868924  0.66742826  0.59659019  0.61946591  0.64306294  0.64306294  0.70553135  0.69261358  0.66742826  0.67991498  0.71867601  0.64306294  0.64306294  0.70553135  0.64306294  0.64306294  0.65514645  0.69261358  0.66742826  0.70553135  0.48192699  0.51149759  0.59659019  0.55283520  0.58540930  0.55283520  0.55283520  0.53188103  0.56353647  0.56353647  0.57439298  0.59659019  0.59659019  0.58540930  0.52161992  0.54228478  0.70553135  0.70553135  0.80279578  0.74567888  0.59659019  0.52161992  0.61946591  0.56353647  0.59659019  0.59659019  0.57439298  0.64306294  0.66742826  0.60794065  0.66742826  0.65514645  0.65514645  0.64306294  0.56353647  0.55283520  0.59659019  0.59659019  0.56353647  0.67991498  0.69261358  0.69261358  0.61946591  0.63117143  0.67991498  0.67991498  0.71867601  0.69261358  0.78810273  0.45348047  
61_0_0     0.34135949  0.32550904  0.41715932  0.34941241  0.31770795  0.31770795  0.28729214  0.44423360  0.44423360  0.44423360  0.40834792  0.58540930  0.67991498  0.67991498  0.67991498  0.41715932  0.41715932  0.29478099  0.27253556  0.24386758  0.24386758  0.25806431  0.00000000  0.16391665  0.03109392  0.15762413  0.17666267  0.34135949  0.37410447  0.37410447  0.37410447  0.37410447  0.39963906  0.35755291  0.35755291  0.38251957  0.39963906  0.32550904  0.42607570  0.42607570  0.34941241  0.28729214  0.30234554  0.33339231  0.47232418  0.70553135  0.75955467  0.80279578  0.77369259  0.78810273  0.78810273  0.66742826  0.66742826  0.66742826  0.69261358  0.81778308  0.83307664  0.75955467  0.73205567  0.73205567  0.83307664  0.83307664  0.74567888  0.73205567  0.70553135  0.71867601  0.73205567  0.70553135  0.70553135  0.71867601  0.70553135  0.71867601  0.74567888  0.73205567  0.67991498  0.73205567  0.43509958  0.57439298  0.63117143  0.56353647  0.57439298  0.54228478  0.54228478  0.55283520  0.55283520  0.55283520  0.52161992  0.54228478  0.54228478  0.53188103  0.54228478  0.54228478  0.66742826  0.59659019  0.65514645  0.70553135  0.54228478  0.56353647  0.64306294  0.60794065  0.64306294  0.64306294  0.59659019  0.61946591  0.67991498  0.61946591  0.61946591  0.60794065  0.60794065  0.61946591  0.56353647  0.57439298  0.52161992  0.54228478  0.63117143  0.65514645  0.66742826  0.73205567  0.64306294  0.67991498  0.65514645  0.63117143  0.69261358  0.64306294  0.71867601  0.50151034  
25_0_0     0.39963906  0.38251957  0.46284302  0.42607570  0.39103037  0.39103037  0.30998733  0.47232418  0.50151034  0.48192699  0.45348047  0.67991498  0.74567888  0.77369259  0.74567888  0.55283520  0.55283520  0.41715932  0.36578294  0.32550904  0.32550904  0.34135949  0.16391665  0.00000000  0.14519561  0.26526496  0.25093229  0.45348047  0.47232418  0.47232418  0.49165462  0.43509958  0.48192699  0.46284302  0.46284302  0.40834792  0.40834792  0.33339231  0.44423360  0.44423360  0.39103037  0.34941241  0.37410447  0.44423360  0.59659019  0.74567888  0.88092687  0.94989308  0.81778308  0.83307664  0.83307664  0.73205567  0.71867601  0.77369259  0.75955467  0.96817550  0.80279578  0.84868924  0.83307664  0.83307664  0.88092687  0.88092687  0.78810273  0.80279578  0.81778308  0.83307664  0.80279578  0.83307664  0.83307664  0.84868924  0.78810273  0.81778308  0.86463449  0.83307664  0.86463449  0.96817550  0.54228478  0.63117143  0.66742826  0.67991498  0.65514645  0.60794065  0.60794065  0.58540930  0.64306294  0.64306294  0.60794065  0.63117143  0.63117143  0.60794065  0.64306294  0.64306294  0.83307664  0.75955467  0.75955467  0.83307664  0.54228478  0.61946591  0.77369259  0.69261358  0.75955467  0.81778308  0.65514645  0.67991498  0.70553135  0.66742826  0.65514645  0.64306294  0.58540930  0.59659019  0.59659019  0.60794065  0.56353647  0.58540930  0.69261358  0.65514645  0.66742826  0.73205567  0.65514645  0.71867601  0.64306294  0.66742826  0.67991498  0.69261358  0.75955467  0.58540930  
10_0_0     0.34135949  0.32550904  0.43509958  0.34941241  0.33339231  0.33339231  0.27253556  0.46284302  0.44423360  0.44423360  0.42607570  0.60794065  0.67991498  0.67991498  0.70553135  0.39963906  0.41715932  0.26526496  0.25806431  0.22993514  0.22993514  0.22993514  0.03109392  0.14519561  0.00000000  0.13297012  0.13905791  0.35755291  0.37410447  0.37410447  0.39103037  0.37410447  0.39963906  0.35755291  0.35755291  0.36578294  0.36578294  0.29478099  0.40834792  0.40834792  0.34135949  0.27253556  0.28729214  0.33339231  0.47232418  0.70553135  0.80279578  0.81778308  0.78810273  0.80279578  0.80279578  0.70553135  0.67991498  0.70553135  0.70553135  0.86463449  0.80279578  0.75955467  0.73205567  0.73205567  0.83307664  0.83307664  0.80279578  0.78810273  0.75955467  0.77369259  0.78810273  0.69261358  0.69261358  0.77369259  0.70553135  0.71867601  0.74567888  0.75955467  0.67991498  0.75955467  0.43509958  0.55283520  0.59659019  0.55283520  0.56353647  0.51149759  0.51149759  0.52161992  0.54228478  0.54228478  0.51149759  0.53188103  0.53188103  0.52161992  0.53188103  0.53188103  0.71867601  0.65514645  0.71867601  0.70553135  0.55283520  0.57439298  0.70553135  0.64306294  0.70553135  0.65514645  0.60794065  0.60794065  0.69261358  0.61946591  0.63117143  0.61946591  0.61946591  0.63117143  0.57439298  0.58540930  0.53188103  0.56353647  0.60794065  0.58540930  0.59659019  0.65514645  0.63117143  0.66742826  0.60794065  0.60794065  0.64306294  0.64306294  0.71867601  0.48192699  
22_0_0     0.29478099  0.29478099  0.35755291  0.35755291  0.34941241  0.33339231  0.26526496  0.43509958  0.43509958  0.41715932  0.41715932  0.58540930  0.57439298  0.61946591  0.63117143  0.39103037  0.37410447  0.25806431  0.19619819  0.15762413  0.15762413  0.20951104  0.15762413  0.26526496  0.13297012  0.00000000  0.05803028  0.32550904  0.36578294  0.35755291  0.36578294  0.40834792  0.38251957  0.34941241  0.33339231  0.36578294  0.34941241  0.29478099  0.36578294  0.39963906  0.31770795  0.27987748  0.30998733  0.32550904  0.45348047  0.74567888  0.80279578  0.73205567  0.71867601  0.70553135  0.70553135  0.60794065  0.60794065  0.60794065  0.60794065  0.84868924  0.84868924  0.75955467  0.67991498  0.67991498  0.71867601  0.71867601  0.77369259  0.81778308  0.78810273  0.80279578  0.83307664  0.64306294  0.64306294  0.71867601  0.66742826  0.67991498  0.69261358  0.70553135  0.67991498  0.73205567  0.42607570  0.51149759  0.56353647  0.55283520  0.55283520  0.50151034  0.50151034  0.50151034  0.51149759  0.51149759  0.50151034  0.52161992  0.52161992  0.51149759  0.48192699  0.48192699  0.64306294  0.61946591  0.63117143  0.64306294  0.50151034  0.52161992  0.53188103  0.52161992  0.55283520  0.59659019  0.49165462  0.57439298  0.63117143  0.57439298  0.55283520  0.54228478  0.55283520  0.56353647  0.56353647  0.55283520  0.56353647  0.54228478  0.57439298  0.56353647  0.57439298  0.56353647  0.57439298  0.59659019  0.67991498  0.63117143  0.69261358  0.71867601  0.75955467  0.46284302  
