20
8_0_0      0.00000000  0.11032510  0.03678872  0.05865410  0.04764141  0.05865410  0.04219535  0.15946219  0.99090195  0.97182293  0.97182293  1.01048110  1.01048110  0.97182293  0.93506749  0.97182293  1.09437282  1.16411831  1.18889320  1.18889320  
4_0_0      0.11032510  0.00000000  0.09270127  0.11629334  0.10440416  0.11629334  0.09852980  0.22581035  1.03058733  1.01048110  1.01048110  1.03058733  1.03058733  1.03058733  0.93506749  0.95321915  1.16411831  1.18889320  1.16411831  1.16411831  
12_0_0     0.03678872  0.09270127  0.00000000  0.04219535  0.03142095  0.04219535  0.02609147  0.16583800  1.03058733  1.01048110  1.01048110  1.01048110  1.01048110  1.01048110  1.01048110  1.01048110  1.18889320  1.21451812  1.18889320  1.18889320  
7_0_0      0.05865410  0.11629334  0.04219535  0.00000000  0.01032748  0.02079976  0.01554526  0.17875525  0.99090195  1.01048110  1.01048110  1.01048110  1.01048110  1.01048110  0.93506749  1.05124979  1.07250014  1.09437282  1.07250014  1.07250014  
5_0_0      0.04764141  0.10440416  0.03142095  0.01032748  0.00000000  0.01032748  0.00514589  0.16583800  0.97182293  0.99090195  0.99090195  0.99090195  0.99090195  0.99090195  0.91734650  1.03058733  1.07250014  1.09437282  1.07250014  1.07250014  
10_0_0     0.05865410  0.11629334  0.04219535  0.02079976  0.01032748  0.00000000  0.01554526  0.17875525  0.97182293  0.99090195  0.99090195  0.99090195  0.99090195  0.99090195  0.91734650  1.03058733  1.07250014  1.09437282  1.07250014  1.07250014  
1_0_0      0.04219535  0.09852980  0.02609147  0.01554526  0.00514589  0.01554526  0.00000000  0.15946219  0.99090195  1.01048110  1.01048110  1.01048110  1.01048110  1.01048110  0.93506749  1.01048110  1.09437282  1.11690538  1.09437282  1.09437282  
9_0_0      0.15946219  0.22581035  0.16583800  0.17875525  0.16583800  0.17875525  0.15946219  0.00000000  1.05124979  1.07250014  1.07250014  1.07250014  1.07250014  1.11690538  0.99090195  0.99090195  1.14013887  1.21451812  1.18889320  1.18889320  
13_0_0     0.99090195  1.03058733  1.03058733  0.99090195  0.97182293  0.97182293  0.99090195  1.05124979  0.00000000  0.03142095  0.02609147  0.06983160  0.06983160  0.05865410  0.32987179  0.37085402  0.37932737  0.38789795  0.37932737  0.37932737  
6_0_0      0.97182293  1.01048110  1.01048110  1.01048110  0.99090195  0.99090195  1.01048110  1.07250014  0.03142095  0.00000000  0.00514589  0.06983160  0.06983160  0.05865410  0.34599587  0.37085402  0.37085402  0.37932737  0.37085402  0.37085402  
3_0_0      0.97182293  1.01048110  1.01048110  1.01048110  0.99090195  0.99090195  1.01048110  1.07250014  0.02609147  0.00514589  0.00000000  0.06422194  0.06422194  0.05312746  0.33789032  0.36247571  0.36247571  0.37085402  0.36247571  0.36247571  
2_0_0      1.01048110  1.03058733  1.01048110  1.01048110  0.99090195  0.99090195  1.01048110  1.07250014  0.06983160  0.06983160  0.06422194  0.00000000  0.00000000  0.02079976  0.39656802  0.37085402  0.37085402  0.36247571  0.35419034  0.35419034  
14_0_0     1.01048110  1.03058733  1.01048110  1.01048110  0.99090195  0.99090195  1.01048110  1.07250014  0.06983160  0.06983160  0.06422194  0.00000000  0.00000000  0.02079976  0.39656802  0.37085402  0.37085402  0.36247571  0.35419034  0.35419034  
11_0_0     0.97182293  1.03058733  1.01048110  1.01048110  0.99090195  0.99090195  1.01048110  1.11690538  0.05865410  0.05865410  0.05312746  0.02079976  0.02079976  0.00000000  0.37932737  0.37085402  0.37085402  0.37932737  0.37085402  0.37085402  
20_0_0     0.93506749  0.93506749  1.01048110  0.93506749  0.91734650  0.91734650  0.93506749  0.99090195  0.32987179  0.34599587  0.33789032  0.39656802  0.39656802  0.37932737  0.00000000  0.16583800  0.20527986  0.22581035  0.23278119  0.23278119  
16_0_0     0.97182293  0.95321915  1.01048110  1.05124979  1.03058733  1.03058733  1.01048110  0.99090195  0.37085402  0.37085402  0.36247571  0.37085402  0.37085402  0.37085402  0.16583800  0.00000000  0.19189982  0.22581035  0.21890396  0.21890396  
15_0_0     1.09437282  1.16411831  1.18889320  1.07250014  1.07250014  1.07250014  1.09437282  1.14013887  0.37932737  0.37085402  0.36247571  0.37085402  0.37085402  0.37085402  0.20527986  0.19189982  0.00000000  0.02609147  0.02079976  0.02079976  
18_0_0     1.16411831  1.18889320  1.21451812  1.09437282  1.09437282  1.09437282  1.11690538  1.21451812  0.38789795  0.37932737  0.37085402  0.36247571  0.36247571  0.37932737  0.22581035  0.22581035  0.02609147  0.00000000  0.01554526  0.01554526  
17_0_0     1.18889320  1.16411831  1.18889320  1.07250014  1.07250014  1.07250014  1.09437282  1.18889320  0.37932737  0.37085402  0.36247571  0.35419034  0.35419034  0.37085402  0.23278119  0.21890396  0.02079976  0.01554526  0.00000000  0.00000000  
19_0_0     1.18889320  1.16411831  1.18889320  1.07250014  1.07250014  1.07250014  1.09437282  1.18889320  0.37932737  0.37085402  0.36247571  0.35419034  0.35419034  0.37085402  0.23278119  0.21890396  0.02079976  0.01554526  0.00000000  0.00000000  

