20
13_0_0     0.00000000  0.00000000  0.03818013  0.07389697  0.05136816  0.04694538  0.04694538  0.04254948  0.09715001  0.12117538  0.13101349  0.19302922  0.16654034  0.16654034  0.16654034  0.16654034  0.14098724  0.13598318  0.14602616  0.19844541  
19_0_0     0.00000000  0.00000000  0.03818013  0.07389697  0.05136816  0.04694538  0.04694538  0.04254948  0.09715001  0.12117538  0.13101349  0.19302922  0.16654034  0.16654034  0.16654034  0.16654034  0.14098724  0.13598318  0.14602616  0.19844541  
20_0_0     0.03818013  0.03818013  0.00000000  0.09715001  0.06480108  0.06029567  0.06029567  0.05581814  0.11630605  0.13101349  0.14098724  0.17701979  0.18231700  0.18231700  0.17176109  0.17176109  0.16654034  0.16135700  0.17176109  0.20390246  
16_0_0     0.07389697  0.07389697  0.09715001  0.00000000  0.11630605  0.09715001  0.10666462  0.11146927  0.14098724  0.16135700  0.17176109  0.22052503  0.19844541  0.19844541  0.19844541  0.19844541  0.19302922  0.17701979  0.18765328  0.22615186  
14_0_0     0.05136816  0.05136816  0.06480108  0.11630605  0.00000000  0.02951981  0.03818013  0.03383701  0.10666462  0.13101349  0.14098724  0.18231700  0.16654034  0.15621054  0.17701979  0.17701979  0.13598318  0.14098724  0.15110043  0.18765328  
18_0_0     0.04694538  0.04694538  0.06029567  0.09715001  0.02951981  0.00000000  0.03383701  0.02951981  0.09715001  0.13101349  0.14098724  0.17176109  0.15621054  0.16654034  0.16654034  0.16654034  0.14602616  0.15110043  0.17176109  0.19302922  
15_0_0     0.04694538  0.04694538  0.06029567  0.10666462  0.03818013  0.03383701  0.00000000  0.00414408  0.10189167  0.13598318  0.14602616  0.19844541  0.18231700  0.19302922  0.18231700  0.18231700  0.15110043  0.15621054  0.16654034  0.20940098  
17_0_0     0.04254948  0.04254948  0.05581814  0.11146927  0.03383701  0.02951981  0.00414408  0.00000000  0.10666462  0.13101349  0.14098724  0.19302922  0.17701979  0.18765328  0.17701979  0.17701979  0.14602616  0.16135700  0.17176109  0.21494162  
10_0_0     0.09715001  0.09715001  0.11630605  0.14098724  0.10666462  0.09715001  0.10189167  0.10666462  0.00000000  0.06480108  0.06480108  0.13598318  0.10666462  0.11630605  0.10189167  0.10189167  0.08775891  0.07848817  0.08775891  0.14098724  
1_0_0      0.12117538  0.12117538  0.13101349  0.16135700  0.13101349  0.13101349  0.13598318  0.13101349  0.06480108  0.00000000  0.00831203  0.10189167  0.07389697  0.08310869  0.07848817  0.07848817  0.09243922  0.10189167  0.09243922  0.16135700  
8_0_0      0.13101349  0.13101349  0.14098724  0.17176109  0.14098724  0.14098724  0.14602616  0.14098724  0.06480108  0.00831203  0.00000000  0.10189167  0.06480108  0.07389697  0.07848817  0.07848817  0.09243922  0.10189167  0.09243922  0.15110043  
5_0_0      0.19302922  0.19302922  0.17701979  0.22052503  0.18231700  0.17176109  0.19844541  0.19302922  0.13598318  0.10189167  0.10189167  0.00000000  0.12117538  0.13101349  0.11630605  0.11146927  0.13598318  0.14602616  0.15621054  0.18765328  
4_0_0      0.16654034  0.16654034  0.18231700  0.19844541  0.16654034  0.15621054  0.18231700  0.17701979  0.10666462  0.07389697  0.06480108  0.12117538  0.00000000  0.00831203  0.04254948  0.03818013  0.13101349  0.14602616  0.14602616  0.17701979  
11_0_0     0.16654034  0.16654034  0.18231700  0.19844541  0.15621054  0.16654034  0.19302922  0.18765328  0.11630605  0.08310869  0.07389697  0.13101349  0.00831203  0.00000000  0.05136816  0.04694538  0.13101349  0.14602616  0.14602616  0.17176109  
12_0_0     0.16654034  0.16654034  0.17176109  0.19844541  0.17701979  0.16654034  0.18231700  0.17701979  0.10189167  0.07848817  0.07848817  0.11630605  0.04254948  0.05136816  0.00000000  0.00414408  0.13598318  0.15110043  0.15110043  0.18231700  
2_0_0      0.16654034  0.16654034  0.17176109  0.19844541  0.17701979  0.16654034  0.18231700  0.17701979  0.10189167  0.07848817  0.07848817  0.11146927  0.03818013  0.04694538  0.00414408  0.00000000  0.13598318  0.15110043  0.15110043  0.18231700  
3_0_0      0.14098724  0.14098724  0.16654034  0.19302922  0.13598318  0.14602616  0.15110043  0.14602616  0.08775891  0.09243922  0.09243922  0.13598318  0.13101349  0.13101349  0.13598318  0.13598318  0.00000000  0.02522823  0.04254948  0.17176109  
6_0_0      0.13598318  0.13598318  0.16135700  0.17701979  0.14098724  0.15110043  0.15621054  0.16135700  0.07848817  0.10189167  0.10189167  0.14602616  0.14602616  0.14602616  0.15110043  0.15110043  0.02522823  0.00000000  0.02522823  0.17176109  
9_0_0      0.14602616  0.14602616  0.17176109  0.18765328  0.15110043  0.17176109  0.16654034  0.17176109  0.08775891  0.09243922  0.09243922  0.15621054  0.14602616  0.14602616  0.15110043  0.15110043  0.04254948  0.02522823  0.00000000  0.16135700  
7_0_0      0.19844541  0.19844541  0.20390246  0.22615186  0.18765328  0.19302922  0.20940098  0.21494162  0.14098724  0.16135700  0.15110043  0.18765328  0.17701979  0.17176109  0.18231700  0.18231700  0.17176109  0.17176109  0.16135700  0.00000000  

