8
4_4_0      0.00000000  0.16992777  0.15042661  0.62978863  0.65472448  0.61762883  0.61762883  0.73500714  
12_4_0     0.16992777  0.00000000  0.04868718  0.68052978  0.68052978  0.70726737  0.66751467  0.73500714  
13_4_0     0.15042661  0.04868718  0.00000000  0.64215155  0.64215155  0.66751467  0.68052978  0.72100731  
19_10_0    0.62978863  0.68052978  0.64215155  0.00000000  0.13142610  0.10682780  0.13142610  0.18995665  
7_16_0     0.65472448  0.68052978  0.64215155  0.13142610  0.00000000  0.05429998  0.10682780  0.13142610  
7_10_0     0.61762883  0.70726737  0.66751467  0.10682780  0.05429998  0.00000000  0.05995567  0.09482857  
18_10_0    0.61762883  0.66751467  0.68052978  0.13142610  0.10682780  0.05995567  0.00000000  0.13770556  
9_10_0     0.73500714  0.73500714  0.72100731  0.18995665  0.13142610  0.09482857  0.13770556  0.00000000  

