17
16_0_0     0.00000000  0.23443053  0.26884317  0.22110064  0.54779669  0.55813170  0.59003041  0.59003041  0.61208522  0.61208522  0.54779669  0.51762901  0.52754912  0.57924428  0.56861283  0.56861283  0.39946494  
15_0_0     0.23443053  0.00000000  0.13395428  0.06128862  0.46992704  0.46074422  0.47922503  0.46074422  0.46074422  0.46074422  0.39111006  0.43385914  0.39946494  0.44271294  0.43385914  0.43385914  0.22110064  
6_0_0      0.26884317  0.13395428  0.00000000  0.08840065  0.53760378  0.52754912  0.52754912  0.50783990  0.50783990  0.50783990  0.40791505  0.43385914  0.39946494  0.48864113  0.47922503  0.47922503  0.27592163  
14_0_0     0.22110064  0.06128862  0.08840065  0.00000000  0.46074422  0.45167376  0.48864113  0.44271294  0.46074422  0.46074422  0.41646259  0.44271294  0.40791505  0.47922503  0.46992704  0.46992704  0.23443053  
11_0_0     0.54779669  0.46992704  0.53760378  0.46074422  0.00000000  0.01485370  0.11082762  0.09952933  0.09952933  0.09952933  0.48864113  0.51762901  0.54779669  0.47922503  0.46992704  0.46992704  0.40791505  
17_0_0     0.55813170  0.46074422  0.52754912  0.45167376  0.01485370  0.00000000  0.10515695  0.09394411  0.09394411  0.09394411  0.47922503  0.50783990  0.53760378  0.50783990  0.49817836  0.49817836  0.40791505  
5_0_0      0.59003041  0.47922503  0.52754912  0.48864113  0.11082762  0.10515695  0.00000000  0.04029102  0.03001112  0.03001112  0.47922503  0.54779669  0.53760378  0.48864113  0.47922503  0.47922503  0.39111006  
10_0_0     0.59003041  0.46074422  0.50783990  0.44271294  0.09952933  0.09394411  0.04029102  0.00000000  0.00986933  0.00986933  0.50783990  0.56861283  0.54779669  0.47922503  0.46992704  0.46992704  0.39111006  
4_0_0      0.61208522  0.46074422  0.50783990  0.46074422  0.09952933  0.09394411  0.03001112  0.00986933  0.00000000  0.00000000  0.50783990  0.59003041  0.56861283  0.49817836  0.48864113  0.48864113  0.39111006  
12_0_0     0.61208522  0.46074422  0.50783990  0.46074422  0.09952933  0.09394411  0.03001112  0.00986933  0.00000000  0.00000000  0.50783990  0.59003041  0.56861283  0.49817836  0.48864113  0.48864113  0.39111006  
19_0_0     0.54779669  0.39111006  0.40791505  0.41646259  0.48864113  0.47922503  0.47922503  0.50783990  0.50783990  0.50783990  0.00000000  0.06128862  0.05598320  0.12810462  0.12230077  0.12230077  0.35069231  
8_0_0      0.51762901  0.43385914  0.43385914  0.44271294  0.51762901  0.50783990  0.54779669  0.56861283  0.59003041  0.59003041  0.06128862  0.00000000  0.02492413  0.18249144  0.17624764  0.17624764  0.35860149  
18_0_0     0.52754912  0.39946494  0.39946494  0.40791505  0.54779669  0.53760378  0.53760378  0.54779669  0.56861283  0.56861283  0.05598320  0.02492413  0.00000000  0.16391562  0.15782569  0.15782569  0.34286662  
7_0_0      0.57924428  0.44271294  0.48864113  0.47922503  0.47922503  0.50783990  0.48864113  0.47922503  0.49817836  0.49817836  0.12810462  0.18249144  0.16391562  0.00000000  0.00491824  0.00491824  0.39111006  
13_0_0     0.56861283  0.43385914  0.47922503  0.46992704  0.46992704  0.49817836  0.47922503  0.46992704  0.48864113  0.48864113  0.12230077  0.17624764  0.15782569  0.00491824  0.00000000  0.00000000  0.39946494  
9_0_0      0.56861283  0.43385914  0.47922503  0.46992704  0.46992704  0.49817836  0.47922503  0.46992704  0.48864113  0.48864113  0.12230077  0.17624764  0.15782569  0.00491824  0.00000000  0.00000000  0.39946494  
20_0_0     0.39946494  0.22110064  0.27592163  0.23443053  0.40791505  0.40791505  0.39111006  0.39111006  0.39111006  0.39111006  0.35069231  0.35860149  0.34286662  0.39111006  0.39946494  0.39946494  0.00000000  

