20
7_0_0      0.00000000  0.20073395  0.23441544  0.24133912  0.19417726  0.20073395  0.18123514  0.18123514  0.15600884  0.27696077  0.29918438  0.31437864  0.26250632  0.26969836  0.26969836  0.30674263  0.30674263  0.30674263  0.30674263  0.30674263  
5_0_0      0.20073395  0.00000000  0.09075654  0.09645712  0.06289247  0.06838223  0.10799133  0.10799133  0.09645712  0.25538330  0.24133912  0.26250632  0.24133912  0.29918438  0.29918438  0.26250632  0.29918438  0.29918438  0.29170233  0.30674263  
2_0_0      0.23441544  0.09075654  0.00000000  0.00504221  0.06289247  0.06838223  0.14371010  0.14371010  0.11970763  0.29918438  0.29918438  0.31437864  0.24133912  0.30674263  0.30674263  0.27696077  0.26969836  0.29918438  0.29170233  0.30674263  
12_0_0     0.24133912  0.09645712  0.00504221  0.00000000  0.06838223  0.07391289  0.14983400  0.14983400  0.12563587  0.30674263  0.30674263  0.32209402  0.24832799  0.29918438  0.29918438  0.28429496  0.26250632  0.29170233  0.28429496  0.29918438  
11_0_0     0.19417726  0.06289247  0.06289247  0.06838223  0.00000000  0.00504221  0.10799133  0.11970763  0.10220182  0.25538330  0.24832799  0.28429496  0.25538330  0.29918438  0.29918438  0.28429496  0.26969836  0.29918438  0.28429496  0.29170233  
4_0_0      0.20073395  0.06838223  0.06838223  0.07391289  0.00504221  0.00000000  0.11382636  0.12563587  0.10799133  0.24832799  0.24133912  0.27696077  0.24832799  0.29170233  0.29170233  0.27696077  0.26250632  0.29170233  0.27696077  0.28429496  
8_0_0      0.18123514  0.10799133  0.14371010  0.14983400  0.10799133  0.11382636  0.00000000  0.04666272  0.09645712  0.26969836  0.25538330  0.27696077  0.30674263  0.27696077  0.27696077  0.31437864  0.28429496  0.29918438  0.29170233  0.30674263  
1_0_0      0.18123514  0.10799133  0.14371010  0.14983400  0.11970763  0.12563587  0.04666272  0.00000000  0.09645712  0.26250632  0.26250632  0.26969836  0.29170233  0.30674263  0.30674263  0.30674263  0.29918438  0.29918438  0.32209402  0.32209402  
10_0_0     0.15600884  0.09645712  0.11970763  0.12563587  0.10220182  0.10799133  0.09645712  0.09645712  0.00000000  0.26969836  0.24832799  0.26250632  0.22075889  0.22755575  0.22755575  0.27696077  0.26250632  0.26250632  0.25538330  0.25538330  
9_0_0      0.27696077  0.25538330  0.29918438  0.30674263  0.25538330  0.24832799  0.26969836  0.26250632  0.26969836  0.00000000  0.05744303  0.06289247  0.36192191  0.40400881  0.40400881  0.34573340  0.38688661  0.39539834  0.37847140  0.38688661  
6_0_0      0.29918438  0.24133912  0.29918438  0.30674263  0.24832799  0.24133912  0.25538330  0.26250632  0.24832799  0.05744303  0.00000000  0.03603675  0.38688661  0.41272034  0.41272034  0.37015053  0.41272034  0.42153534  0.40400881  0.41272034  
3_0_0      0.31437864  0.26250632  0.31437864  0.32209402  0.28429496  0.27696077  0.27696077  0.26969836  0.26250632  0.06289247  0.03603675  0.00000000  0.37847140  0.41272034  0.41272034  0.40400881  0.40400881  0.41272034  0.41272034  0.40400881  
20_0_0     0.26250632  0.24133912  0.24133912  0.24832799  0.25538330  0.24832799  0.30674263  0.29170233  0.22075889  0.36192191  0.38688661  0.37847140  0.00000000  0.09075654  0.09075654  0.13161184  0.13161184  0.13161184  0.15600884  0.14371010  
13_0_0     0.26969836  0.29918438  0.30674263  0.29918438  0.29918438  0.29170233  0.27696077  0.30674263  0.22755575  0.40400881  0.41272034  0.41272034  0.09075654  0.00000000  0.00000000  0.17484773  0.12563587  0.11382636  0.12563587  0.13763632  
19_0_0     0.26969836  0.29918438  0.30674263  0.29918438  0.29918438  0.29170233  0.27696077  0.30674263  0.22755575  0.40400881  0.41272034  0.41272034  0.09075654  0.00000000  0.00000000  0.17484773  0.12563587  0.11382636  0.12563587  0.13763632  
16_0_0     0.30674263  0.26250632  0.27696077  0.28429496  0.28429496  0.27696077  0.31437864  0.30674263  0.27696077  0.34573340  0.37015053  0.40400881  0.13161184  0.17484773  0.17484773  0.00000000  0.14371010  0.15600884  0.15600884  0.16851482  
17_0_0     0.30674263  0.29918438  0.26969836  0.26250632  0.26969836  0.26250632  0.28429496  0.29918438  0.26250632  0.38688661  0.41272034  0.40400881  0.13161184  0.12563587  0.12563587  0.14371010  0.00000000  0.02037770  0.06838223  0.05203330  
15_0_0     0.30674263  0.29918438  0.29918438  0.29170233  0.29918438  0.29170233  0.29918438  0.29918438  0.26250632  0.39539834  0.42153534  0.41272034  0.13161184  0.11382636  0.11382636  0.15600884  0.02037770  0.00000000  0.05744303  0.05203330  
14_0_0     0.30674263  0.29170233  0.29170233  0.28429496  0.28429496  0.27696077  0.29170233  0.32209402  0.25538330  0.37847140  0.40400881  0.41272034  0.15600884  0.12563587  0.12563587  0.15600884  0.06838223  0.05744303  0.00000000  0.06838223  
18_0_0     0.30674263  0.30674263  0.30674263  0.29918438  0.29170233  0.28429496  0.30674263  0.32209402  0.25538330  0.38688661  0.41272034  0.40400881  0.14371010  0.13763632  0.13763632  0.16851482  0.05203330  0.05203330  0.06838223  0.00000000  

