135
94_0_0     0.00000000  0.18570329  0.19030473  0.18570329  0.17206776  0.18570329  0.22818126  0.32673985  0.33791889  0.29950768  0.42127710  0.37250370  0.33791889  0.34357223  0.44692140  0.44692140  0.43398845  0.42127710  0.42127710  0.48713055  0.40877987  0.42760555  0.41500217  0.37250370  0.37250370  0.40877987  0.42760555  0.42760555  0.42760555  0.45347340  0.44042674  0.42760555  0.43398845  0.44042674  0.44042674  0.44042674  0.43398845  0.47348392  0.48713055  0.46008379  0.47348392  0.46008379  0.45347340  0.46675360  0.46675360  0.46008379  0.44692140  0.46008379  0.48027586  0.48027586  0.55940374  0.48713055  0.48027586  0.47348392  0.48027586  0.48027586  0.47348392  0.49404916  0.48027586  0.47348392  0.47348392  0.52964441  0.46008379  0.45347340  0.46675360  0.47348392  0.49404916  0.49404916  0.48713055  0.50103290  0.49404916  0.50103290  0.52964441  0.52238743  0.53697308  0.52964441  0.52964441  0.51520074  0.51520074  0.51520074  0.51520074  0.55940374  0.57474335  0.56703390  0.46675360  0.47348392  0.47348392  0.50808300  0.52238743  0.51520074  0.52964441  0.51520074  0.52238743  0.52238743  0.52238743  0.54437487  0.52964441  0.35500979  0.41500217  0.41500217  0.44692140  0.44692140  0.44692140  0.40877987  0.40877987  0.40877987  0.38439976  0.41500217  0.39648967  0.41500217  0.42760555  0.46008379  0.47348392  0.46008379  0.46675360  0.45347340  0.46008379  0.37250370  0.39648967  0.39042009  0.41500217  0.34926897  0.35500979  0.34926897  0.33230831  0.33230831  0.33791889  0.32673985  0.41500217  0.34357223  0.34357223  0.36662644  0.34926897  0.39648967  0.34357223  
98_0_0     0.18570329  0.00000000  0.01079240  0.00717746  0.14119353  0.14988441  0.16311467  0.38439976  0.36079538  0.31572675  0.39648967  0.37842789  0.39648967  0.40260933  0.54437487  0.54437487  0.48713055  0.47348392  0.48713055  0.55940374  0.47348392  0.50808300  0.48027586  0.43398845  0.43398845  0.48713055  0.37250370  0.37250370  0.36079538  0.46008379  0.43398845  0.44692140  0.44042674  0.44692140  0.44692140  0.44692140  0.43398845  0.39648967  0.46675360  0.46675360  0.46675360  0.44042674  0.40260933  0.40260933  0.43398845  0.42760555  0.41500217  0.42760555  0.44692140  0.44692140  0.50103290  0.48713055  0.45347340  0.44692140  0.45347340  0.45347340  0.44692140  0.46675360  0.45347340  0.44692140  0.45347340  0.49404916  0.46008379  0.46675360  0.46675360  0.45347340  0.45347340  0.47348392  0.47348392  0.46008379  0.46675360  0.45347340  0.46675360  0.46008379  0.46008379  0.48027586  0.48713055  0.48713055  0.48713055  0.46008379  0.46008379  0.49404916  0.51520074  0.50103290  0.46008379  0.46675360  0.44692140  0.46675360  0.48027586  0.46008379  0.51520074  0.46675360  0.47348392  0.48713055  0.48713055  0.49404916  0.48027586  0.35500979  0.48713055  0.52964441  0.52238743  0.52238743  0.52238743  0.49404916  0.52238743  0.52238743  0.50808300  0.51520074  0.50808300  0.52964441  0.46675360  0.50103290  0.51520074  0.49404916  0.48713055  0.49404916  0.48713055  0.39042009  0.39042009  0.42127710  0.42127710  0.35500979  0.36079538  0.36079538  0.36079538  0.36079538  0.36662644  0.35500979  0.44692140  0.39648967  0.39648967  0.37250370  0.35500979  0.39042009  0.36662644  
96_0_0     0.19030473  0.01079240  0.00000000  0.01807556  0.14552624  0.15426834  0.16757771  0.40260933  0.37842789  0.32121286  0.39042009  0.37250370  0.39042009  0.39648967  0.53697308  0.53697308  0.48027586  0.46675360  0.48027586  0.55185125  0.46675360  0.50103290  0.47348392  0.44042674  0.44042674  0.48027586  0.39042009  0.39042009  0.37842789  0.45347340  0.42760555  0.44042674  0.43398845  0.44042674  0.44042674  0.44042674  0.42760555  0.40260933  0.46008379  0.46008379  0.46008379  0.43398845  0.40877987  0.40877987  0.42760555  0.42127710  0.40877987  0.42127710  0.44042674  0.44042674  0.50808300  0.48027586  0.44692140  0.44042674  0.44692140  0.44692140  0.44042674  0.46008379  0.44692140  0.44042674  0.44692140  0.48713055  0.45347340  0.46008379  0.46008379  0.44692140  0.44692140  0.46675360  0.46675360  0.45347340  0.46008379  0.45347340  0.46675360  0.46008379  0.46008379  0.48027586  0.48027586  0.48027586  0.48027586  0.45347340  0.45347340  0.48713055  0.50808300  0.49404916  0.45347340  0.46008379  0.44042674  0.46008379  0.47348392  0.45347340  0.49404916  0.44692140  0.45347340  0.46675360  0.46675360  0.47348392  0.46008379  0.36079538  0.48027586  0.52238743  0.51520074  0.51520074  0.52964441  0.48713055  0.51520074  0.51520074  0.50103290  0.50808300  0.50103290  0.52238743  0.47348392  0.48027586  0.49404916  0.50103290  0.49404916  0.50103290  0.49404916  0.39648967  0.37250370  0.42760555  0.41500217  0.36079538  0.36662644  0.36662644  0.36662644  0.36662644  0.37250370  0.36079538  0.42760555  0.40260933  0.40260933  0.39042009  0.36079538  0.39648967  0.37250370  
92_0_0     0.18570329  0.00717746  0.01807556  0.00000000  0.14119353  0.14988441  0.16311467  0.38439976  0.37250370  0.31572675  0.39648967  0.37842789  0.39648967  0.40260933  0.55940374  0.55940374  0.50103290  0.48713055  0.50103290  0.57474335  0.48713055  0.52238743  0.49404916  0.44692140  0.44692140  0.50103290  0.37250370  0.37250370  0.34926897  0.44692140  0.42127710  0.44692140  0.42760555  0.43398845  0.43398845  0.43398845  0.42127710  0.38439976  0.45347340  0.45347340  0.45347340  0.42760555  0.40260933  0.40260933  0.42127710  0.41500217  0.40260933  0.41500217  0.43398845  0.43398845  0.50103290  0.47348392  0.45347340  0.44692140  0.45347340  0.45347340  0.44692140  0.46675360  0.45347340  0.44692140  0.45347340  0.49404916  0.46008379  0.46675360  0.45347340  0.45347340  0.45347340  0.46008379  0.46008379  0.44692140  0.45347340  0.45347340  0.46675360  0.46008379  0.46008379  0.48027586  0.47348392  0.47348392  0.47348392  0.44692140  0.44692140  0.49404916  0.51520074  0.50103290  0.44692140  0.45347340  0.44692140  0.46675360  0.48027586  0.46008379  0.51520074  0.46675360  0.47348392  0.48713055  0.48713055  0.49404916  0.48027586  0.35500979  0.47348392  0.51520074  0.50808300  0.50808300  0.50808300  0.49404916  0.50808300  0.50808300  0.49404916  0.50103290  0.49404916  0.51520074  0.46675360  0.50103290  0.51520074  0.49404916  0.48713055  0.49404916  0.48713055  0.39042009  0.40260933  0.40877987  0.42127710  0.35500979  0.36079538  0.36079538  0.36079538  0.36079538  0.36662644  0.35500979  0.44692140  0.39648967  0.39648967  0.37250370  0.35500979  0.39042009  0.36662644  
93_0_0     0.17206776  0.14119353  0.14552624  0.14119353  0.00000000  0.05946342  0.11155294  0.37250370  0.36079538  0.32121286  0.44042674  0.38439976  0.35500979  0.36079538  0.50103290  0.50103290  0.44042674  0.43398845  0.44692140  0.51520074  0.47348392  0.48713055  0.44042674  0.42127710  0.42127710  0.43398845  0.39648967  0.39648967  0.40877987  0.48027586  0.46008379  0.46675360  0.46008379  0.45347340  0.45347340  0.45347340  0.46008379  0.44692140  0.48713055  0.47348392  0.48713055  0.47348392  0.44042674  0.45347340  0.46675360  0.47348392  0.43398845  0.46008379  0.46675360  0.46675360  0.54437487  0.45347340  0.45347340  0.44692140  0.45347340  0.45347340  0.44692140  0.46675360  0.45347340  0.44692140  0.45347340  0.50103290  0.46008379  0.45347340  0.45347340  0.50808300  0.48713055  0.48027586  0.48713055  0.48713055  0.48027586  0.45347340  0.48713055  0.48027586  0.48713055  0.47348392  0.48027586  0.48027586  0.48027586  0.48027586  0.48027586  0.53697308  0.55940374  0.54437487  0.46008379  0.46675360  0.46675360  0.48027586  0.49404916  0.49404916  0.51520074  0.50103290  0.52238743  0.52238743  0.52238743  0.51520074  0.50103290  0.32673985  0.42127710  0.44692140  0.46675360  0.46675360  0.45347340  0.43398845  0.46008379  0.46008379  0.43398845  0.45347340  0.43398845  0.46675360  0.45347340  0.47348392  0.48713055  0.49404916  0.48713055  0.48027586  0.47348392  0.40877987  0.40877987  0.40877987  0.46008379  0.36662644  0.37250370  0.35500979  0.36662644  0.36662644  0.37250370  0.36079538  0.46008379  0.40260933  0.40260933  0.40260933  0.37250370  0.42127710  0.36662644  
95_0_0     0.18570329  0.14988441  0.15426834  0.14988441  0.05946342  0.00000000  0.10329725  0.35500979  0.33791889  0.31572675  0.44692140  0.39042009  0.37250370  0.37842789  0.50808300  0.50808300  0.46008379  0.45347340  0.46675360  0.55185125  0.48027586  0.48027586  0.46008379  0.44042674  0.44042674  0.46675360  0.40260933  0.40260933  0.40260933  0.48027586  0.45347340  0.45347340  0.46008379  0.45347340  0.45347340  0.45347340  0.44692140  0.44692140  0.46008379  0.43398845  0.43398845  0.43398845  0.40877987  0.42127710  0.45347340  0.44692140  0.42127710  0.44692140  0.45347340  0.45347340  0.50103290  0.44042674  0.44042674  0.43398845  0.44042674  0.44042674  0.43398845  0.45347340  0.44042674  0.43398845  0.44042674  0.47348392  0.43398845  0.42760555  0.42760555  0.51520074  0.47348392  0.45347340  0.46008379  0.46008379  0.45347340  0.42127710  0.45347340  0.44692140  0.44042674  0.44042674  0.46675360  0.46675360  0.46675360  0.45347340  0.45347340  0.50103290  0.51520074  0.50808300  0.44692140  0.45347340  0.44042674  0.45347340  0.48027586  0.46675360  0.47348392  0.46008379  0.48027586  0.48027586  0.48027586  0.47348392  0.46008379  0.32121286  0.42127710  0.46008379  0.46675360  0.46675360  0.44042674  0.43398845  0.44692140  0.44692140  0.42127710  0.45347340  0.43398845  0.46675360  0.46675360  0.47348392  0.47348392  0.47348392  0.48027586  0.48027586  0.47348392  0.39042009  0.39042009  0.39648967  0.48027586  0.36079538  0.36662644  0.33791889  0.36079538  0.36079538  0.36662644  0.35500979  0.45347340  0.39648967  0.39648967  0.39648967  0.36662644  0.41500217  0.36079538  
100_0_0    0.22818126  0.16311467  0.16757771  0.16311467  0.11155294  0.10329725  0.00000000  0.36662644  0.34926897  0.28363562  0.40260933  0.36662644  0.32673985  0.33230831  0.49404916  0.49404916  0.39648967  0.40260933  0.42760555  0.49404916  0.44042674  0.45347340  0.42127710  0.42760555  0.42760555  0.42760555  0.36662644  0.36662644  0.37842789  0.45347340  0.42760555  0.44042674  0.43398845  0.42760555  0.42760555  0.42760555  0.42127710  0.41500217  0.44042674  0.44042674  0.44042674  0.44042674  0.42760555  0.44042674  0.42127710  0.40260933  0.39042009  0.41500217  0.40877987  0.40877987  0.50103290  0.44042674  0.44692140  0.44042674  0.44692140  0.44692140  0.44042674  0.46008379  0.44692140  0.44042674  0.44042674  0.45347340  0.44692140  0.44042674  0.44042674  0.52964441  0.50103290  0.45347340  0.46008379  0.44692140  0.44042674  0.42760555  0.47348392  0.46675360  0.44692140  0.44692140  0.45347340  0.46675360  0.46675360  0.44042674  0.44042674  0.50103290  0.52964441  0.50808300  0.48713055  0.49404916  0.44042674  0.44042674  0.45347340  0.44042674  0.46008379  0.46008379  0.45347340  0.45347340  0.45347340  0.48713055  0.47348392  0.32121286  0.40877987  0.44692140  0.45347340  0.45347340  0.44042674  0.40877987  0.42127710  0.42127710  0.40877987  0.42760555  0.40877987  0.44042674  0.44042674  0.48713055  0.50103290  0.47348392  0.48027586  0.45347340  0.44692140  0.41500217  0.40260933  0.37250370  0.48027586  0.34926897  0.34357223  0.31572675  0.34926897  0.34926897  0.35500979  0.34357223  0.41500217  0.37250370  0.37250370  0.40877987  0.35500979  0.39042009  0.33791889  
97_0_0     0.32673985  0.38439976  0.40260933  0.38439976  0.37250370  0.35500979  0.36662644  0.00000000  0.06724298  0.23305474  0.37842789  0.34926897  0.29950768  0.29417918  0.36079538  0.36079538  0.39648967  0.37842789  0.39042009  0.46008379  0.38439976  0.39042009  0.38439976  0.37250370  0.37250370  0.39042009  0.38439976  0.38439976  0.39648967  0.43398845  0.39648967  0.42127710  0.40260933  0.40877987  0.40877987  0.40877987  0.39042009  0.44042674  0.35500979  0.37250370  0.37250370  0.38439976  0.42127710  0.42127710  0.36079538  0.37250370  0.35500979  0.36079538  0.35500979  0.35500979  0.41500217  0.42127710  0.45347340  0.44692140  0.46675360  0.45347340  0.44692140  0.44692140  0.44692140  0.44692140  0.46008379  0.49404916  0.40877987  0.40260933  0.41500217  0.54437487  0.50103290  0.42760555  0.40877987  0.42127710  0.41500217  0.48027586  0.44692140  0.45347340  0.46675360  0.46008379  0.43398845  0.43398845  0.43398845  0.43398845  0.43398845  0.37842789  0.40260933  0.38439976  0.39648967  0.40260933  0.42127710  0.44692140  0.43398845  0.41500217  0.40260933  0.39648967  0.41500217  0.40260933  0.40260933  0.42127710  0.40877987  0.30487474  0.40260933  0.40260933  0.40877987  0.40877987  0.40260933  0.38439976  0.37842789  0.37842789  0.36662644  0.36662644  0.36662644  0.38439976  0.36079538  0.39042009  0.39042009  0.36079538  0.36662644  0.37842789  0.38439976  0.27841950  0.31028090  0.32673985  0.45347340  0.28363562  0.28888867  0.31028090  0.26298765  0.26298765  0.25791421  0.25791421  0.31572675  0.25791421  0.25791421  0.29950768  0.25791421  0.28363562  0.25791421  
99_0_0     0.33791889  0.36079538  0.37842789  0.37250370  0.36079538  0.33791889  0.34926897  0.06724298  0.00000000  0.21375001  0.36662644  0.31572675  0.26809602  0.26298765  0.36662644  0.36662644  0.36662644  0.36079538  0.37250370  0.44042674  0.36662644  0.36079538  0.36662644  0.35500979  0.35500979  0.36079538  0.37842789  0.37842789  0.39042009  0.40877987  0.39648967  0.38439976  0.39042009  0.39648967  0.39648967  0.39648967  0.36079538  0.44692140  0.34926897  0.35500979  0.35500979  0.36662644  0.42127710  0.42127710  0.35500979  0.36662644  0.34926897  0.35500979  0.36079538  0.36079538  0.42127710  0.42127710  0.43398845  0.42760555  0.44692140  0.43398845  0.42760555  0.42760555  0.42760555  0.42760555  0.44042674  0.47348392  0.39648967  0.40260933  0.40260933  0.51520074  0.47348392  0.41500217  0.40877987  0.40877987  0.41500217  0.46008379  0.45347340  0.46008379  0.48713055  0.44042674  0.40877987  0.40877987  0.40877987  0.40877987  0.40877987  0.39648967  0.42127710  0.40260933  0.41500217  0.42127710  0.44042674  0.44042674  0.42760555  0.40877987  0.40877987  0.37842789  0.39648967  0.38439976  0.38439976  0.40260933  0.39042009  0.27323980  0.41500217  0.41500217  0.42127710  0.42127710  0.41500217  0.38439976  0.37250370  0.37250370  0.36079538  0.36079538  0.36079538  0.37842789  0.33791889  0.37842789  0.37842789  0.33791889  0.34357223  0.35500979  0.36079538  0.26809602  0.29950768  0.30487474  0.39042009  0.27323980  0.26809602  0.28888867  0.25287523  0.25287523  0.24787024  0.24787024  0.31572675  0.26809602  0.26809602  0.28888867  0.24787024  0.28363562  0.24787024  
10_0_0     0.29950768  0.31572675  0.32121286  0.31572675  0.32121286  0.31572675  0.28363562  0.23305474  0.21375001  0.00000000  0.25287523  0.17658515  0.11990154  0.11571550  0.29950768  0.29950768  0.29950768  0.29417918  0.31572675  0.33230831  0.32673985  0.33230831  0.31028090  0.32673985  0.32673985  0.31572675  0.33230831  0.33230831  0.32121286  0.34926897  0.34926897  0.33791889  0.34357223  0.33791889  0.33791889  0.33791889  0.32121286  0.29417918  0.25287523  0.26298765  0.26298765  0.26298765  0.32121286  0.31028090  0.25791421  0.26298765  0.25287523  0.25791421  0.27323980  0.27323980  0.36662644  0.29417918  0.34357223  0.33791889  0.35500979  0.35500979  0.33791889  0.33230831  0.33230831  0.33791889  0.34926897  0.36662644  0.28363562  0.27841950  0.28888867  0.39648967  0.36079538  0.27841950  0.27323980  0.28363562  0.27841950  0.32673985  0.36662644  0.37250370  0.36079538  0.34357223  0.30487474  0.31572675  0.31572675  0.30487474  0.31572675  0.30487474  0.33230831  0.31028090  0.33230831  0.33791889  0.26809602  0.27841950  0.26809602  0.27323980  0.31572675  0.29417918  0.29950768  0.29950768  0.29950768  0.31572675  0.30487474  0.16311467  0.23305474  0.25287523  0.25791421  0.25791421  0.24787024  0.23796044  0.24787024  0.24787024  0.23796044  0.25287523  0.23796044  0.26298765  0.21375001  0.28363562  0.28363562  0.24289880  0.24787024  0.25287523  0.25791421  0.16757771  0.17658515  0.21375001  0.30487474  0.16311467  0.15867832  0.15426834  0.13688596  0.13688596  0.13260327  0.13260327  0.22818126  0.15867832  0.15867832  0.18570329  0.12411133  0.15867832  0.13688596  
8_0_0      0.42127710  0.39648967  0.39042009  0.39648967  0.44042674  0.44692140  0.40260933  0.37842789  0.36662644  0.25287523  0.00000000  0.26809602  0.29417918  0.28888867  0.40877987  0.40877987  0.42760555  0.42127710  0.46675360  0.46675360  0.48027586  0.47348392  0.46675360  0.44692140  0.44692140  0.47348392  0.42760555  0.42760555  0.40260933  0.46008379  0.46008379  0.46008379  0.45347340  0.44692140  0.44692140  0.44692140  0.42760555  0.36662644  0.38439976  0.39648967  0.39648967  0.37250370  0.41500217  0.40877987  0.39042009  0.38439976  0.37250370  0.39042009  0.39648967  0.39648967  0.42760555  0.44692140  0.40877987  0.41500217  0.43398845  0.42127710  0.41500217  0.40877987  0.40877987  0.41500217  0.40260933  0.42127710  0.43398845  0.44042674  0.44042674  0.44042674  0.42760555  0.41500217  0.38439976  0.37250370  0.37842789  0.44692140  0.41500217  0.42127710  0.43398845  0.42760555  0.39042009  0.39042009  0.39042009  0.37842789  0.36662644  0.42760555  0.42760555  0.40877987  0.39042009  0.39648967  0.37250370  0.37842789  0.35500979  0.34926897  0.37842789  0.39042009  0.40260933  0.39042009  0.39042009  0.41500217  0.40260933  0.36079538  0.44692140  0.47348392  0.44042674  0.44042674  0.46675360  0.46675360  0.45347340  0.45347340  0.45347340  0.44692140  0.44042674  0.46008379  0.39648967  0.37250370  0.37250370  0.39042009  0.38439976  0.40877987  0.40260933  0.33230831  0.31028090  0.37842789  0.42760555  0.32121286  0.31572675  0.33230831  0.31572675  0.31572675  0.31028090  0.31028090  0.37250370  0.32673985  0.32673985  0.32673985  0.29950768  0.32121286  0.36662644  
49_0_0     0.37250370  0.37842789  0.37250370  0.37842789  0.38439976  0.39042009  0.36662644  0.34926897  0.31572675  0.17658515  0.26809602  0.00000000  0.14988441  0.14552624  0.37250370  0.37250370  0.37250370  0.36662644  0.39042009  0.39042009  0.39648967  0.40877987  0.39648967  0.41500217  0.41500217  0.40260933  0.36079538  0.36079538  0.36079538  0.40877987  0.40877987  0.38439976  0.40260933  0.39648967  0.39648967  0.39648967  0.39042009  0.35500979  0.33230831  0.35500979  0.35500979  0.34357223  0.40260933  0.40260933  0.34926897  0.34357223  0.35500979  0.34926897  0.36662644  0.36662644  0.43398845  0.33230831  0.36079538  0.35500979  0.36079538  0.36079538  0.35500979  0.34926897  0.34926897  0.35500979  0.34926897  0.38439976  0.33230831  0.33791889  0.33791889  0.40877987  0.40877987  0.32673985  0.31028090  0.32121286  0.32673985  0.36662644  0.35500979  0.36079538  0.37250370  0.36662644  0.32121286  0.33230831  0.33230831  0.32121286  0.32121286  0.37842789  0.42127710  0.39648967  0.37250370  0.37842789  0.36662644  0.37842789  0.36662644  0.36079538  0.38439976  0.35500979  0.36079538  0.34926897  0.34926897  0.36662644  0.35500979  0.23796044  0.31572675  0.32673985  0.33230831  0.33230831  0.32121286  0.32121286  0.32121286  0.32121286  0.31028090  0.32673985  0.31028090  0.31572675  0.27323980  0.32121286  0.32121286  0.29950768  0.29417918  0.28888867  0.29417918  0.26298765  0.26298765  0.28363562  0.37250370  0.25791421  0.25287523  0.28363562  0.23796044  0.23796044  0.23305474  0.23305474  0.25791421  0.23305474  0.23305474  0.27323980  0.22333959  0.24289880  0.25791421  
51_0_0     0.33791889  0.39648967  0.39042009  0.39648967  0.35500979  0.37250370  0.32673985  0.29950768  0.26809602  0.11990154  0.29417918  0.14988441  0.00000000  0.00358005  0.36662644  0.36662644  0.31572675  0.32121286  0.32121286  0.36079538  0.33230831  0.34926897  0.31572675  0.36079538  0.36079538  0.33791889  0.33791889  0.33791889  0.33791889  0.37842789  0.37842789  0.36662644  0.37250370  0.36662644  0.36662644  0.36662644  0.36079538  0.34357223  0.28888867  0.31028090  0.31028090  0.31572675  0.37250370  0.37250370  0.30487474  0.31028090  0.29950768  0.30487474  0.32121286  0.32121286  0.42760555  0.32121286  0.34926897  0.34357223  0.36079538  0.36079538  0.34357223  0.33791889  0.34926897  0.34357223  0.36662644  0.33791889  0.31028090  0.30487474  0.31572675  0.40877987  0.38439976  0.29417918  0.29950768  0.32121286  0.31572675  0.36079538  0.36079538  0.36662644  0.36662644  0.37250370  0.32121286  0.33230831  0.33230831  0.33230831  0.34357223  0.34357223  0.37250370  0.34926897  0.40260933  0.40877987  0.35500979  0.34357223  0.34357223  0.33791889  0.33791889  0.32121286  0.31572675  0.31572675  0.31572675  0.33230831  0.32121286  0.21852931  0.30487474  0.30487474  0.32121286  0.32121286  0.32121286  0.29950768  0.28888867  0.28888867  0.27841950  0.29417918  0.27841950  0.29417918  0.27323980  0.32121286  0.32121286  0.28888867  0.29417918  0.30487474  0.31028090  0.22333959  0.23305474  0.28363562  0.36662644  0.23796044  0.23305474  0.24289880  0.20900131  0.20900131  0.20428281  0.19493489  0.29950768  0.22333959  0.22333959  0.27323980  0.20428281  0.23305474  0.22818126  
44_0_0     0.34357223  0.40260933  0.39648967  0.40260933  0.36079538  0.37842789  0.33230831  0.29417918  0.26298765  0.11571550  0.28888867  0.14552624  0.00358005  0.00000000  0.36079538  0.36079538  0.32121286  0.32673985  0.32673985  0.36662644  0.33791889  0.34357223  0.32121286  0.36662644  0.36662644  0.34357223  0.33230831  0.33230831  0.34357223  0.38439976  0.38439976  0.37250370  0.37842789  0.37250370  0.37250370  0.37250370  0.36662644  0.34926897  0.28363562  0.30487474  0.30487474  0.31028090  0.36662644  0.36662644  0.29950768  0.30487474  0.29417918  0.29950768  0.31572675  0.31572675  0.43398845  0.32673985  0.35500979  0.34926897  0.36662644  0.36662644  0.34926897  0.34357223  0.35500979  0.34926897  0.37250370  0.34357223  0.31572675  0.31028090  0.32121286  0.41500217  0.39042009  0.29950768  0.29417918  0.31572675  0.31028090  0.35500979  0.35500979  0.36079538  0.36079538  0.36662644  0.31572675  0.32673985  0.32673985  0.32673985  0.33791889  0.33791889  0.36662644  0.34357223  0.39648967  0.40260933  0.34926897  0.33791889  0.33791889  0.33230831  0.33230831  0.31572675  0.31028090  0.31028090  0.31028090  0.32673985  0.31572675  0.21375001  0.29950768  0.29950768  0.31572675  0.31572675  0.31572675  0.29417918  0.28363562  0.28363562  0.27323980  0.28888867  0.27323980  0.28888867  0.26809602  0.31572675  0.31572675  0.28363562  0.28888867  0.31028090  0.31572675  0.21852931  0.22818126  0.27841950  0.36079538  0.23305474  0.22818126  0.23796044  0.20428281  0.20428281  0.19959413  0.19959413  0.29417918  0.21852931  0.21852931  0.27841950  0.19959413  0.22818126  0.22333959  
18_0_0     0.44692140  0.54437487  0.53697308  0.55940374  0.50103290  0.50808300  0.49404916  0.36079538  0.36662644  0.29950768  0.40877987  0.37250370  0.36662644  0.36079538  0.00000000  0.00000000  0.17206776  0.15426834  0.15426834  0.21375001  0.17206776  0.18570329  0.15867832  0.18570329  0.18570329  0.16757771  0.36662644  0.36662644  0.37842789  0.42127710  0.41500217  0.39042009  0.40877987  0.41500217  0.41500217  0.41500217  0.41500217  0.44042674  0.35500979  0.37842789  0.36662644  0.37842789  0.41500217  0.40260933  0.37250370  0.37842789  0.35500979  0.37842789  0.38439976  0.38439976  0.44042674  0.40877987  0.39648967  0.39042009  0.39648967  0.39648967  0.39042009  0.37842789  0.38439976  0.39042009  0.39042009  0.40260933  0.40260933  0.40877987  0.40877987  0.48713055  0.46008379  0.41500217  0.39648967  0.38439976  0.39042009  0.40877987  0.40877987  0.41500217  0.43398845  0.42127710  0.37250370  0.37250370  0.37250370  0.38439976  0.38439976  0.40260933  0.42760555  0.40260933  0.44042674  0.44692140  0.36662644  0.36079538  0.37842789  0.38439976  0.38439976  0.37250370  0.39648967  0.38439976  0.38439976  0.39042009  0.37842789  0.37250370  0.40260933  0.42760555  0.42127710  0.42127710  0.42127710  0.40260933  0.40260933  0.40260933  0.39648967  0.41500217  0.39648967  0.39648967  0.33791889  0.37250370  0.37250370  0.37250370  0.37842789  0.37250370  0.36662644  0.35500979  0.32673985  0.39042009  0.42760555  0.31572675  0.32121286  0.31572675  0.31572675  0.31572675  0.31028090  0.31028090  0.37842789  0.34926897  0.34926897  0.34926897  0.32121286  0.35500979  0.30487474  
91_0_0     0.44692140  0.54437487  0.53697308  0.55940374  0.50103290  0.50808300  0.49404916  0.36079538  0.36662644  0.29950768  0.40877987  0.37250370  0.36662644  0.36079538  0.00000000  0.00000000  0.17206776  0.15426834  0.15426834  0.21375001  0.17206776  0.18570329  0.15867832  0.18570329  0.18570329  0.16757771  0.36662644  0.36662644  0.37842789  0.42127710  0.41500217  0.39042009  0.40877987  0.41500217  0.41500217  0.41500217  0.41500217  0.44042674  0.35500979  0.37842789  0.36662644  0.37842789  0.41500217  0.40260933  0.37250370  0.37842789  0.35500979  0.37842789  0.38439976  0.38439976  0.44042674  0.40877987  0.39648967  0.39042009  0.39648967  0.39648967  0.39042009  0.37842789  0.38439976  0.39042009  0.39042009  0.40260933  0.40260933  0.40877987  0.40877987  0.48713055  0.46008379  0.41500217  0.39648967  0.38439976  0.39042009  0.40877987  0.40877987  0.41500217  0.43398845  0.42127710  0.37250370  0.37250370  0.37250370  0.38439976  0.38439976  0.40260933  0.42760555  0.40260933  0.44042674  0.44692140  0.36662644  0.36079538  0.37842789  0.38439976  0.38439976  0.37250370  0.39648967  0.38439976  0.38439976  0.39042009  0.37842789  0.37250370  0.40260933  0.42760555  0.42127710  0.42127710  0.42127710  0.40260933  0.40260933  0.40260933  0.39648967  0.41500217  0.39648967  0.39648967  0.33791889  0.37250370  0.37250370  0.37250370  0.37842789  0.37250370  0.36662644  0.35500979  0.32673985  0.39042009  0.42760555  0.31572675  0.32121286  0.31572675  0.31572675  0.31572675  0.31028090  0.31028090  0.37842789  0.34926897  0.34926897  0.34926897  0.32121286  0.35500979  0.30487474  
89_0_0     0.43398845  0.48713055  0.48027586  0.50103290  0.44042674  0.46008379  0.39648967  0.39648967  0.36662644  0.29950768  0.42760555  0.37250370  0.31572675  0.32121286  0.17206776  0.17206776  0.00000000  0.01442504  0.08305120  0.14552624  0.11155294  0.12411133  0.07906746  0.11155294  0.11155294  0.11155294  0.34357223  0.34357223  0.35500979  0.42127710  0.42760555  0.44042674  0.42127710  0.42127710  0.42127710  0.42127710  0.40877987  0.39042009  0.33791889  0.34926897  0.34926897  0.34926897  0.43398845  0.43398845  0.33230831  0.33791889  0.33791889  0.33791889  0.34357223  0.34357223  0.42127710  0.36662644  0.36662644  0.36079538  0.37842789  0.37842789  0.36079538  0.34926897  0.36662644  0.36079538  0.36662644  0.36079538  0.32673985  0.33230831  0.33230831  0.48027586  0.44042674  0.34926897  0.36662644  0.35500979  0.36079538  0.37842789  0.40877987  0.40260933  0.38439976  0.38439976  0.35500979  0.35500979  0.35500979  0.34357223  0.35500979  0.36662644  0.39042009  0.36662644  0.42127710  0.42760555  0.34357223  0.36662644  0.35500979  0.36079538  0.36079538  0.34357223  0.35500979  0.34357223  0.34357223  0.36079538  0.34926897  0.33230831  0.40260933  0.44042674  0.43398845  0.43398845  0.43398845  0.40260933  0.39648967  0.39648967  0.39042009  0.40877987  0.39042009  0.39648967  0.34926897  0.39648967  0.39648967  0.34926897  0.35500979  0.34926897  0.35500979  0.31028090  0.29950768  0.32673985  0.36079538  0.28888867  0.28363562  0.27323980  0.28888867  0.28888867  0.28363562  0.27323980  0.34926897  0.31028090  0.31028090  0.32121286  0.28363562  0.29417918  0.29950768  
65_0_0     0.42127710  0.47348392  0.46675360  0.48713055  0.43398845  0.45347340  0.40260933  0.37842789  0.36079538  0.29417918  0.42127710  0.36662644  0.32121286  0.32673985  0.15426834  0.15426834  0.01442504  0.00000000  0.06724298  0.14119353  0.09513241  0.10741361  0.06334301  0.10329725  0.10329725  0.09513241  0.33230831  0.33230831  0.34357223  0.39648967  0.40260933  0.41500217  0.39648967  0.40260933  0.40260933  0.40260933  0.39648967  0.37250370  0.32121286  0.34357223  0.34357223  0.34357223  0.42760555  0.42760555  0.31572675  0.32121286  0.32121286  0.32121286  0.32673985  0.32673985  0.40877987  0.34926897  0.36079538  0.35500979  0.37250370  0.37250370  0.35500979  0.33230831  0.34926897  0.35500979  0.36079538  0.35500979  0.31028090  0.31572675  0.31572675  0.47348392  0.43398845  0.33230831  0.34926897  0.33791889  0.34357223  0.37842789  0.40260933  0.39648967  0.37842789  0.37842789  0.33791889  0.33791889  0.33791889  0.32673985  0.33791889  0.34926897  0.37250370  0.34926897  0.41500217  0.42127710  0.32673985  0.34926897  0.33791889  0.34357223  0.34357223  0.32673985  0.33791889  0.32673985  0.32673985  0.34357223  0.33230831  0.31028090  0.40877987  0.44692140  0.44042674  0.44042674  0.44042674  0.40877987  0.40260933  0.40260933  0.39648967  0.41500217  0.39648967  0.39648967  0.33230831  0.39042009  0.39042009  0.34357223  0.34926897  0.33230831  0.33791889  0.30487474  0.29417918  0.32121286  0.35500979  0.27323980  0.27841950  0.26809602  0.28363562  0.28363562  0.27841950  0.26809602  0.34357223  0.30487474  0.30487474  0.31572675  0.27841950  0.28888867  0.27841950  
59_0_0     0.42127710  0.48713055  0.48027586  0.50103290  0.44692140  0.46675360  0.42760555  0.39042009  0.37250370  0.31572675  0.46675360  0.39042009  0.32121286  0.32673985  0.15426834  0.15426834  0.08305120  0.06724298  0.00000000  0.09108344  0.04036409  0.06724298  0.00358005  0.10329725  0.10329725  0.08705645  0.33230831  0.33230831  0.35500979  0.40877987  0.41500217  0.41500217  0.40877987  0.41500217  0.41500217  0.41500217  0.40877987  0.37250370  0.33230831  0.35500979  0.36662644  0.36662644  0.44042674  0.44042674  0.33791889  0.35500979  0.33230831  0.33230831  0.33791889  0.33791889  0.39648967  0.34926897  0.34926897  0.34357223  0.36079538  0.36079538  0.34357223  0.33230831  0.33791889  0.34357223  0.35500979  0.36662644  0.33230831  0.33791889  0.33791889  0.46675360  0.44692140  0.34357223  0.37250370  0.36079538  0.36662644  0.39042009  0.39042009  0.38439976  0.39042009  0.39042009  0.37250370  0.37250370  0.37250370  0.36079538  0.37250370  0.35500979  0.37842789  0.35500979  0.42127710  0.42760555  0.36079538  0.38439976  0.37250370  0.39042009  0.35500979  0.33791889  0.33791889  0.33791889  0.33791889  0.35500979  0.34357223  0.31572675  0.42127710  0.46008379  0.45347340  0.45347340  0.45347340  0.40877987  0.40260933  0.40260933  0.39648967  0.41500217  0.39648967  0.39648967  0.33791889  0.38439976  0.38439976  0.34926897  0.35500979  0.33791889  0.34357223  0.29417918  0.29950768  0.31572675  0.39042009  0.26809602  0.27323980  0.26809602  0.27841950  0.27841950  0.27323980  0.26298765  0.33791889  0.29950768  0.29950768  0.32121286  0.27323980  0.29417918  0.28363562  
34_0_0     0.48713055  0.55940374  0.55185125  0.57474335  0.51520074  0.55185125  0.49404916  0.46008379  0.44042674  0.33230831  0.46675360  0.39042009  0.36079538  0.36662644  0.21375001  0.21375001  0.14552624  0.14119353  0.09108344  0.00000000  0.10741361  0.12411133  0.08705645  0.18113021  0.18113021  0.18113021  0.34357223  0.34357223  0.36662644  0.44042674  0.44692140  0.43398845  0.44042674  0.43398845  0.43398845  0.43398845  0.42760555  0.37842789  0.37842789  0.37842789  0.39042009  0.40260933  0.44042674  0.44042674  0.37250370  0.37842789  0.37842789  0.36662644  0.37250370  0.37250370  0.42127710  0.34926897  0.38439976  0.37842789  0.38439976  0.38439976  0.37842789  0.37842789  0.37250370  0.37842789  0.39648967  0.40260933  0.35500979  0.36079538  0.36079538  0.44692140  0.45347340  0.35500979  0.38439976  0.36079538  0.36662644  0.39042009  0.37842789  0.37250370  0.39042009  0.36662644  0.36079538  0.36079538  0.36079538  0.36079538  0.37250370  0.39042009  0.40260933  0.39042009  0.42127710  0.42760555  0.38439976  0.42127710  0.39648967  0.42760555  0.40260933  0.37250370  0.37250370  0.37250370  0.37250370  0.37842789  0.37842789  0.39042009  0.45347340  0.48027586  0.47348392  0.47348392  0.47348392  0.42760555  0.43398845  0.43398845  0.42760555  0.44692140  0.42760555  0.42760555  0.37250370  0.39042009  0.39042009  0.37842789  0.38439976  0.38439976  0.39042009  0.33230831  0.31572675  0.34357223  0.42127710  0.30487474  0.29950768  0.31028090  0.31572675  0.31572675  0.31028090  0.29950768  0.35500979  0.32673985  0.32673985  0.34357223  0.31028090  0.29417918  0.31028090  
17_0_0     0.40877987  0.47348392  0.46675360  0.48713055  0.47348392  0.48027586  0.44042674  0.38439976  0.36662644  0.32673985  0.48027586  0.39648967  0.33230831  0.33791889  0.17206776  0.17206776  0.11155294  0.09513241  0.04036409  0.10741361  0.00000000  0.02913613  0.03660252  0.10741361  0.10741361  0.09513241  0.34357223  0.34357223  0.36662644  0.42760555  0.43398845  0.43398845  0.42760555  0.43398845  0.43398845  0.43398845  0.42760555  0.38439976  0.34357223  0.37842789  0.37842789  0.38439976  0.41500217  0.41500217  0.34926897  0.36662644  0.34357223  0.34357223  0.34926897  0.34926897  0.40877987  0.34926897  0.33791889  0.33230831  0.34926897  0.34926897  0.33230831  0.33230831  0.32673985  0.33230831  0.34926897  0.35500979  0.33230831  0.33791889  0.33791889  0.45347340  0.45347340  0.34357223  0.36079538  0.34926897  0.35500979  0.36662644  0.36662644  0.36079538  0.36662644  0.36662644  0.36079538  0.34926897  0.34926897  0.33791889  0.34926897  0.36662644  0.39042009  0.36662644  0.40260933  0.40877987  0.37250370  0.39648967  0.38439976  0.40260933  0.36662644  0.34926897  0.34926897  0.34926897  0.34926897  0.36662644  0.35500979  0.33791889  0.44042674  0.48027586  0.47348392  0.47348392  0.47348392  0.42760555  0.40877987  0.40877987  0.40260933  0.43398845  0.41500217  0.41500217  0.34926897  0.38439976  0.39648967  0.36079538  0.36662644  0.37250370  0.37842789  0.29950768  0.31572675  0.33230831  0.37842789  0.28363562  0.28888867  0.29950768  0.29417918  0.29417918  0.28888867  0.27841950  0.35500979  0.31572675  0.31572675  0.33791889  0.28888867  0.29950768  0.28888867  
52_0_0     0.42760555  0.50808300  0.50103290  0.52238743  0.48713055  0.48027586  0.45347340  0.39042009  0.36079538  0.33230831  0.47348392  0.40877987  0.34926897  0.34357223  0.18570329  0.18570329  0.12411133  0.10741361  0.06724298  0.12411133  0.02913613  0.00000000  0.06334301  0.13688596  0.13688596  0.11990154  0.35500979  0.35500979  0.39042009  0.42760555  0.43398845  0.43398845  0.42760555  0.43398845  0.43398845  0.43398845  0.42760555  0.39648967  0.35500979  0.36662644  0.36662644  0.37842789  0.41500217  0.41500217  0.34926897  0.36662644  0.34357223  0.34357223  0.34926897  0.34926897  0.44692140  0.33791889  0.36079538  0.35500979  0.37250370  0.37250370  0.35500979  0.35500979  0.34926897  0.35500979  0.38439976  0.37842789  0.34357223  0.34926897  0.34926897  0.47348392  0.47348392  0.35500979  0.36079538  0.34926897  0.35500979  0.36079538  0.36662644  0.36079538  0.35500979  0.35500979  0.36079538  0.34926897  0.34926897  0.33791889  0.34926897  0.36662644  0.39042009  0.36662644  0.39648967  0.40260933  0.37842789  0.39042009  0.39042009  0.40877987  0.37250370  0.36079538  0.36079538  0.36079538  0.36079538  0.37842789  0.36662644  0.36662644  0.44692140  0.48713055  0.48027586  0.48027586  0.48027586  0.44692140  0.42760555  0.42760555  0.42127710  0.45347340  0.43398845  0.43398845  0.33791889  0.35500979  0.36662644  0.34357223  0.34926897  0.37842789  0.38439976  0.29950768  0.31572675  0.34357223  0.37250370  0.28363562  0.28888867  0.29950768  0.30487474  0.30487474  0.29950768  0.29950768  0.35500979  0.32673985  0.32673985  0.36079538  0.29950768  0.32121286  0.27841950  
22_0_0     0.41500217  0.48027586  0.47348392  0.49404916  0.44042674  0.46008379  0.42127710  0.38439976  0.36662644  0.31028090  0.46675360  0.39648967  0.31572675  0.32121286  0.15867832  0.15867832  0.07906746  0.06334301  0.00358005  0.08705645  0.03660252  0.06334301  0.00000000  0.10741361  0.10741361  0.09108344  0.32673985  0.32673985  0.34926897  0.41500217  0.42127710  0.42127710  0.41500217  0.42127710  0.42127710  0.42127710  0.41500217  0.37842789  0.32673985  0.34926897  0.36079538  0.36079538  0.43398845  0.43398845  0.33230831  0.34926897  0.32673985  0.32673985  0.33230831  0.33230831  0.39042009  0.34357223  0.34357223  0.33791889  0.35500979  0.35500979  0.33791889  0.32673985  0.33230831  0.33791889  0.35500979  0.36079538  0.32673985  0.33230831  0.33230831  0.46008379  0.44042674  0.33791889  0.36662644  0.35500979  0.36079538  0.38439976  0.38439976  0.37842789  0.38439976  0.38439976  0.36662644  0.36662644  0.36662644  0.35500979  0.36662644  0.34926897  0.37250370  0.34926897  0.41500217  0.42127710  0.35500979  0.37842789  0.36662644  0.38439976  0.34926897  0.33230831  0.33230831  0.33230831  0.33230831  0.34926897  0.33791889  0.31028090  0.41500217  0.45347340  0.44692140  0.44692140  0.44692140  0.40260933  0.39648967  0.39648967  0.39042009  0.40877987  0.39042009  0.39042009  0.34357223  0.39042009  0.39042009  0.35500979  0.36079538  0.34357223  0.34926897  0.28888867  0.29417918  0.31028090  0.38439976  0.26298765  0.26809602  0.26298765  0.27323980  0.27323980  0.26809602  0.25791421  0.33230831  0.29417918  0.29417918  0.31572675  0.26809602  0.28888867  0.27841950  
31_0_0     0.37250370  0.43398845  0.44042674  0.44692140  0.42127710  0.44042674  0.42760555  0.37250370  0.35500979  0.32673985  0.44692140  0.41500217  0.36079538  0.36662644  0.18570329  0.18570329  0.11155294  0.10329725  0.10329725  0.18113021  0.10741361  0.13688596  0.10741361  0.00000000  0.00000000  0.05946342  0.34926897  0.34926897  0.34926897  0.35500979  0.36079538  0.36079538  0.35500979  0.36079538  0.36079538  0.36079538  0.35500979  0.34357223  0.29417918  0.31572675  0.31572675  0.31572675  0.36079538  0.36079538  0.29950768  0.32673985  0.30487474  0.31028090  0.31572675  0.31572675  0.41500217  0.36662644  0.34357223  0.34926897  0.36662644  0.36662644  0.34926897  0.34926897  0.35500979  0.34926897  0.36079538  0.36079538  0.32673985  0.33230831  0.33230831  0.45347340  0.42760555  0.33230831  0.40260933  0.37842789  0.38439976  0.37842789  0.39042009  0.38439976  0.39042009  0.39042009  0.39042009  0.37842789  0.37842789  0.36662644  0.37842789  0.36662644  0.39042009  0.36662644  0.39648967  0.40260933  0.37250370  0.39648967  0.37250370  0.39042009  0.35500979  0.34357223  0.36662644  0.35500979  0.35500979  0.37250370  0.36079538  0.32121286  0.42127710  0.46008379  0.42760555  0.42760555  0.45347340  0.40877987  0.40260933  0.40260933  0.39648967  0.39042009  0.39648967  0.39648967  0.35500979  0.36662644  0.37842789  0.34357223  0.34926897  0.34357223  0.34926897  0.30487474  0.32673985  0.37842789  0.34357223  0.27323980  0.27841950  0.27323980  0.28363562  0.28363562  0.27841950  0.26809602  0.36662644  0.30487474  0.30487474  0.31572675  0.28888867  0.29950768  0.29950768  
