170
9_6_0      0.00000000  0.01067713  0.06649562  0.06264093  0.07037044  0.07426559  0.19715526  0.18799495  0.20177815  0.18345684  0.20177815  0.19256097  0.17894631  0.18799495  0.21111123  0.20643002  0.19715526  0.22533462  0.23013697  0.21582214  0.20643002  0.25962238  0.24966321  0.23983588  0.20177815  0.21582214  0.21111123  0.21111123  0.20643002  0.22056314  0.23013697  0.21582214  0.21582214  0.23013697  0.22533462  0.24966321  0.25962238  0.25462609  0.22533462  0.23013697  0.23013697  0.21582214  0.23497058  0.22533462  0.22533462  0.22056314  0.23497058  0.25962238  0.24473328  0.23497058  0.23013697  0.23013697  0.21582214  0.23013697  0.24473328  0.20177815  0.20643002  0.19256097  0.17446302  0.19715526  0.22533462  0.21111123  0.21111123  0.22533462  0.20177815  0.20643002  0.19256097  0.21582214  0.19256097  0.18345684  0.23497058  0.23013697  0.23497058  0.19715526  0.19715526  0.20643002  0.19256097  0.19715526  0.19715526  0.20643002  0.20643002  0.19715526  0.23497058  0.25962238  0.17894631  0.17894631  0.17000664  0.18799495  0.19256097  0.18345684  0.17446302  0.16557686  0.23497058  0.20177815  0.20643002  0.21111123  0.15679582  0.18345684  0.18345684  0.17000664  0.17000664  0.19256097  0.21582214  0.23013697  0.22533462  0.21582214  0.21582214  0.20643002  0.20643002  0.21111123  0.21111123  0.19715526  0.21582214  0.22056314  0.25462609  0.23013697  0.23497058  0.22056314  0.23497058  0.24966321  0.23497058  0.24473328  0.24966321  0.23983588  0.23497058  0.24473328  0.23497058  0.25462609  0.24966321  0.26465253  0.25462609  0.17894631  0.18799495  0.20177815  0.20643002  0.19715526  0.18799495  0.23983588  0.22056314  0.25962238  0.21582214  0.20643002  0.25962238  0.23497058  0.19256097  0.20177815  0.21111123  0.22056314  0.22056314  0.22056314  0.21582214  0.22056314  0.23013697  0.21111123  0.18345684  0.21111123  0.20177815  0.22056314  0.22056314  0.20643002  0.21111123  0.20643002  0.21582214  0.20177815  0.20177815  0.21582214  0.21582214  0.20643002  0.21111123  0.22056314  
1_6_0      0.01067713  0.00000000  0.07037044  0.06649562  0.07426559  0.07818128  0.19256097  0.18345684  0.19715526  0.17894631  0.19715526  0.18799495  0.17446302  0.18345684  0.20643002  0.20177815  0.18799495  0.22056314  0.22533462  0.22056314  0.20177815  0.25962238  0.24966321  0.24473328  0.19715526  0.21111123  0.21111123  0.20643002  0.20177815  0.22533462  0.23497058  0.21111123  0.21111123  0.22533462  0.22056314  0.24966321  0.26465253  0.25962238  0.22533462  0.23013697  0.23013697  0.21582214  0.24473328  0.23497058  0.22533462  0.22056314  0.23497058  0.25462609  0.23983588  0.22056314  0.21582214  0.22533462  0.21111123  0.22533462  0.23983588  0.19715526  0.20177815  0.18799495  0.17894631  0.19256097  0.22056314  0.21582214  0.20643002  0.22056314  0.19715526  0.20177815  0.18799495  0.21111123  0.19715526  0.17894631  0.23013697  0.22533462  0.23013697  0.19256097  0.19256097  0.20177815  0.18799495  0.19256097  0.19256097  0.21111123  0.21111123  0.20177815  0.23983588  0.25462609  0.17446302  0.17446302  0.17446302  0.19256097  0.19715526  0.18799495  0.17000664  0.16117335  0.23983588  0.20177815  0.19715526  0.21111123  0.15679582  0.18345684  0.18345684  0.17000664  0.17000664  0.18799495  0.22056314  0.21582214  0.21111123  0.20177815  0.21111123  0.20177815  0.19256097  0.19715526  0.19715526  0.18345684  0.20177815  0.20643002  0.23983588  0.21582214  0.22056314  0.21582214  0.23013697  0.23497058  0.22056314  0.23013697  0.23497058  0.22533462  0.22056314  0.23013697  0.22056314  0.24473328  0.23983588  0.25462609  0.24473328  0.18345684  0.19256097  0.20643002  0.21111123  0.20177815  0.19256097  0.23497058  0.21582214  0.25462609  0.21111123  0.19256097  0.25462609  0.23983588  0.19715526  0.19715526  0.21582214  0.22533462  0.21582214  0.21582214  0.22056314  0.21582214  0.22533462  0.20643002  0.17894631  0.20643002  0.19715526  0.22533462  0.21582214  0.20177815  0.21582214  0.21111123  0.21111123  0.20643002  0.19715526  0.22056314  0.22056314  0.21111123  0.21582214  0.21582214  
1_7_0      0.06649562  0.07037044  0.00000000  0.00354201  0.01067713  0.00710099  0.16557686  0.17446302  0.17894631  0.18799495  0.17894631  0.18799495  0.17446302  0.17446302  0.20643002  0.19715526  0.21582214  0.23013697  0.21582214  0.20177815  0.19256097  0.22056314  0.23013697  0.23013697  0.20643002  0.22056314  0.21582214  0.20177815  0.19715526  0.19256097  0.20177815  0.20643002  0.20643002  0.22056314  0.21582214  0.21582214  0.22533462  0.22056314  0.23013697  0.22533462  0.23497058  0.22056314  0.23983588  0.23013697  0.23013697  0.20643002  0.23983588  0.28512107  0.26971699  0.23983588  0.23497058  0.25962238  0.23497058  0.23497058  0.24966321  0.23013697  0.23497058  0.20177815  0.19256097  0.20643002  0.22533462  0.23983588  0.21582214  0.23013697  0.20643002  0.21111123  0.21111123  0.21582214  0.21111123  0.19256097  0.25462609  0.25962238  0.25462609  0.21582214  0.21582214  0.22533462  0.21111123  0.21582214  0.21582214  0.17000664  0.17000664  0.16117335  0.23497058  0.23983588  0.19715526  0.19715526  0.17000664  0.19715526  0.18345684  0.17446302  0.20643002  0.18799495  0.23497058  0.19256097  0.19715526  0.19256097  0.16117335  0.18345684  0.18345684  0.17000664  0.17000664  0.21111123  0.21582214  0.19715526  0.19256097  0.19715526  0.19715526  0.17894631  0.17894631  0.18345684  0.18345684  0.17894631  0.21582214  0.22056314  0.25462609  0.22056314  0.23497058  0.21111123  0.23497058  0.22056314  0.22533462  0.22533462  0.21111123  0.23013697  0.21582214  0.21582214  0.22533462  0.22533462  0.23013697  0.23497058  0.22533462  0.19715526  0.21582214  0.22056314  0.21582214  0.19715526  0.17894631  0.23497058  0.21582214  0.23497058  0.23497058  0.22533462  0.26465253  0.23013697  0.21111123  0.23013697  0.22533462  0.21111123  0.22056314  0.23983588  0.21582214  0.21111123  0.23013697  0.22056314  0.19256097  0.23013697  0.21111123  0.22533462  0.22533462  0.21582214  0.20177815  0.20643002  0.21582214  0.20177815  0.21582214  0.21111123  0.21582214  0.20643002  0.17894631  0.20643002  
9_7_0      0.06264093  0.06649562  0.00354201  0.00000000  0.00710099  0.01067713  0.16117335  0.17000664  0.18345684  0.18345684  0.18345684  0.18345684  0.17000664  0.17000664  0.20177815  0.20177815  0.21111123  0.23013697  0.21111123  0.19715526  0.19715526  0.21582214  0.22533462  0.22533462  0.21111123  0.22533462  0.21111123  0.20643002  0.19256097  0.18799495  0.19715526  0.20643002  0.20643002  0.22056314  0.21582214  0.22056314  0.23013697  0.22533462  0.22533462  0.22056314  0.23013697  0.21582214  0.24473328  0.23497058  0.22533462  0.21111123  0.23497058  0.27995078  0.26465253  0.24473328  0.23983588  0.26465253  0.23983588  0.23983588  0.25462609  0.22533462  0.23013697  0.19715526  0.18799495  0.20177815  0.23013697  0.23497058  0.21111123  0.23497058  0.21111123  0.21582214  0.21582214  0.22056314  0.21582214  0.19715526  0.24966321  0.25462609  0.24966321  0.21111123  0.21111123  0.22056314  0.20643002  0.21111123  0.21111123  0.16557686  0.16557686  0.15679582  0.23013697  0.23497058  0.19256097  0.19256097  0.16557686  0.19256097  0.18799495  0.17894631  0.20177815  0.19256097  0.23983588  0.18799495  0.19256097  0.18799495  0.16557686  0.17894631  0.18799495  0.16557686  0.16557686  0.20643002  0.21111123  0.20177815  0.19715526  0.20177815  0.20177815  0.18345684  0.18345684  0.18799495  0.18799495  0.18345684  0.22056314  0.22533462  0.24966321  0.22533462  0.23983588  0.21582214  0.23013697  0.22533462  0.23013697  0.23013697  0.21582214  0.22533462  0.21111123  0.22056314  0.23013697  0.23013697  0.23497058  0.23983588  0.23013697  0.19256097  0.21111123  0.21582214  0.21111123  0.19256097  0.18345684  0.23013697  0.21111123  0.23013697  0.23013697  0.23013697  0.26465253  0.23013697  0.20643002  0.22533462  0.22056314  0.20643002  0.22533462  0.23497058  0.22056314  0.21582214  0.22533462  0.21582214  0.19256097  0.23013697  0.21111123  0.22533462  0.22533462  0.21111123  0.20643002  0.20177815  0.21111123  0.19715526  0.21582214  0.21582214  0.22056314  0.20177815  0.18345684  0.21111123  
1_3_0      0.07037044  0.07426559  0.01067713  0.00710099  0.00000000  0.00354201  0.17000664  0.17894631  0.18345684  0.19256097  0.19256097  0.18345684  0.16117335  0.16117335  0.20177815  0.19256097  0.21111123  0.23983588  0.21111123  0.19715526  0.19715526  0.21582214  0.22533462  0.22533462  0.20643002  0.22056314  0.20643002  0.20643002  0.18345684  0.18799495  0.19715526  0.19715526  0.19715526  0.21111123  0.21582214  0.23013697  0.23983588  0.23497058  0.22533462  0.22056314  0.22056314  0.20643002  0.23497058  0.22533462  0.21582214  0.20177815  0.23497058  0.26971699  0.25462609  0.24473328  0.23983588  0.25462609  0.23983588  0.24966321  0.25462609  0.23013697  0.23497058  0.19715526  0.18799495  0.20177815  0.23013697  0.22533462  0.21111123  0.23497058  0.21111123  0.21582214  0.21582214  0.22056314  0.20643002  0.19715526  0.23983588  0.24473328  0.23983588  0.21582214  0.21582214  0.22533462  0.21111123  0.21582214  0.21582214  0.15679582  0.15679582  0.14811745  0.22056314  0.22533462  0.19256097  0.18345684  0.17446302  0.18799495  0.18345684  0.17446302  0.20177815  0.20177815  0.23013697  0.17894631  0.18345684  0.17894631  0.16557686  0.17000664  0.18799495  0.17446302  0.16557686  0.21582214  0.21111123  0.20643002  0.20177815  0.20643002  0.20643002  0.18799495  0.18799495  0.19256097  0.19256097  0.18799495  0.22533462  0.23013697  0.24473328  0.22056314  0.23497058  0.22056314  0.23497058  0.22056314  0.23497058  0.23497058  0.22056314  0.23013697  0.20643002  0.21582214  0.23497058  0.23497058  0.23983588  0.23497058  0.23497058  0.19256097  0.22056314  0.21582214  0.21111123  0.19256097  0.19256097  0.23013697  0.21111123  0.23013697  0.22533462  0.23497058  0.26971699  0.22533462  0.19715526  0.21582214  0.23013697  0.20643002  0.22533462  0.24473328  0.23013697  0.21582214  0.23497058  0.22533462  0.18799495  0.23497058  0.21582214  0.22533462  0.22533462  0.21111123  0.19715526  0.20177815  0.20177815  0.18799495  0.22533462  0.21582214  0.21111123  0.19256097  0.19256097  0.21111123  
9_3_0      0.07426559  0.07818128  0.00710099  0.01067713  0.00354201  0.00000000  0.17446302  0.18345684  0.17894631  0.19715526  0.18799495  0.18799495  0.16557686  0.16557686  0.20643002  0.18799495  0.21582214  0.23983588  0.21582214  0.20177815  0.19256097  0.22056314  0.23013697  0.23013697  0.20177815  0.21582214  0.21111123  0.20177815  0.18799495  0.19256097  0.20177815  0.19715526  0.19715526  0.21111123  0.21582214  0.22533462  0.23497058  0.23013697  0.23013697  0.22533462  0.22533462  0.21111123  0.23013697  0.22056314  0.22056314  0.19715526  0.23983588  0.27481625  0.25962238  0.23983588  0.23497058  0.24966321  0.23497058  0.24473328  0.24966321  0.23497058  0.23983588  0.20177815  0.19256097  0.20643002  0.22533462  0.23013697  0.21582214  0.23013697  0.20643002  0.21111123  0.21111123  0.21582214  0.20177815  0.19256097  0.24473328  0.24966321  0.24473328  0.22056314  0.22056314  0.23013697  0.21582214  0.22056314  0.22056314  0.16117335  0.16117335  0.15244395  0.22533462  0.23013697  0.19715526  0.18799495  0.17894631  0.19256097  0.17894631  0.17000664  0.20643002  0.19715526  0.22533462  0.18345684  0.18799495  0.18345684  0.16117335  0.17446302  0.18345684  0.17894631  0.17000664  0.22056314  0.21582214  0.20177815  0.19715526  0.20177815  0.20177815  0.18345684  0.18345684  0.18799495  0.18799495  0.18345684  0.22056314  0.22533462  0.24966321  0.21582214  0.23013697  0.21582214  0.23983588  0.21582214  0.23013697  0.23013697  0.21582214  0.23497058  0.21111123  0.21111123  0.23013697  0.23013697  0.23497058  0.23013697  0.23013697  0.19715526  0.22533462  0.22056314  0.21582214  0.19715526  0.18799495  0.23497058  0.21582214  0.23497058  0.23013697  0.23013697  0.26971699  0.22533462  0.20177815  0.22056314  0.23497058  0.21111123  0.22056314  0.24966321  0.22533462  0.21111123  0.23983588  0.23013697  0.18799495  0.23497058  0.21582214  0.22533462  0.22533462  0.21582214  0.19256097  0.20643002  0.20643002  0.19256097  0.22533462  0.21111123  0.20643002  0.19715526  0.18799495  0.20643002  
3_12_0     0.19715526  0.19256097  0.16557686  0.16117335  0.17000664  0.17446302  0.00000000  0.02151008  0.03250347  0.12267497  0.11027345  0.16117335  0.14811745  0.13953936  0.16557686  0.20177815  0.18345684  0.21111123  0.19715526  0.20177815  0.24473328  0.24473328  0.25462609  0.24966321  0.22533462  0.23013697  0.20643002  0.19256097  0.17894631  0.22533462  0.23497058  0.24966321  0.24966321  0.24473328  0.24473328  0.22533462  0.23013697  0.23497058  0.24473328  0.23983588  0.23983588  0.24473328  0.25462609  0.24473328  0.27995078  0.25462609  0.24966321  0.25462609  0.27995078  0.24473328  0.23983588  0.26971699  0.25462609  0.26971699  0.27481625  0.26971699  0.28512107  0.25462609  0.24473328  0.20643002  0.22533462  0.22533462  0.24473328  0.25962238  0.26465253  0.25962238  0.23013697  0.27995078  0.26465253  0.23497058  0.24966321  0.25462609  0.24966321  0.20643002  0.21582214  0.21582214  0.21111123  0.20643002  0.21111123  0.23983588  0.23983588  0.23013697  0.27995078  0.27481625  0.23013697  0.23983588  0.20177815  0.22056314  0.23013697  0.22056314  0.22533462  0.23013697  0.24473328  0.21582214  0.22533462  0.21582214  0.19256097  0.19256097  0.22056314  0.21582214  0.23497058  0.22056314  0.23013697  0.23013697  0.22533462  0.22056314  0.23013697  0.23497058  0.22533462  0.22056314  0.22056314  0.22056314  0.21111123  0.21582214  0.23983588  0.23497058  0.24473328  0.22056314  0.22533462  0.22533462  0.19715526  0.19715526  0.18345684  0.18799495  0.19256097  0.18799495  0.17446302  0.21111123  0.20643002  0.22533462  0.21582214  0.22533462  0.21111123  0.22056314  0.21111123  0.21582214  0.19715526  0.23983588  0.23013697  0.23013697  0.25462609  0.25962238  0.23983588  0.24473328  0.19715526  0.20643002  0.22056314  0.21582214  0.23013697  0.20177815  0.23497058  0.23497058  0.24473328  0.22533462  0.21582214  0.21582214  0.22533462  0.20177815  0.19256097  0.19715526  0.21582214  0.20177815  0.20643002  0.20177815  0.18799495  0.21111123  0.21111123  0.19256097  0.19256097  0.18345684  
5_12_0     0.18799495  0.18345684  0.17446302  0.17000664  0.17894631  0.18345684  0.02151008  0.00000000  0.01067713  0.13105927  0.10211940  0.16117335  0.14811745  0.13953936  0.16557686  0.19715526  0.18799495  0.23013697  0.21582214  0.21111123  0.25462609  0.23497058  0.24473328  0.23983588  0.21582214  0.22056314  0.19715526  0.19256097  0.19715526  0.22533462  0.23497058  0.24966321  0.24966321  0.24473328  0.24473328  0.22533462  0.23013697  0.23497058  0.25462609  0.24966321  0.24966321  0.25462609  0.26465253  0.26465253  0.26971699  0.26465253  0.23983588  0.24966321  0.27481625  0.23983588  0.23497058  0.27481625  0.25962238  0.27481625  0.26971699  0.24473328  0.27995078  0.23983588  0.24966321  0.20643002  0.22533462  0.21582214  0.23497058  0.23983588  0.24473328  0.23983588  0.22056314  0.26971699  0.25462609  0.21582214  0.24966321  0.24473328  0.23983588  0.19256097  0.20177815  0.20177815  0.19715526  0.19256097  0.19715526  0.24966321  0.24966321  0.23983588  0.26971699  0.25462609  0.23013697  0.23983588  0.19256097  0.23013697  0.23013697  0.22056314  0.20643002  0.21111123  0.23497058  0.19715526  0.20643002  0.19715526  0.18345684  0.20177815  0.21111123  0.20643002  0.22533462  0.21111123  0.22056314  0.22056314  0.21582214  0.20177815  0.21111123  0.21582214  0.21582214  0.21111123  0.21111123  0.20177815  0.20177815  0.20643002  0.23013697  0.22533462  0.23497058  0.21111123  0.22533462  0.22533462  0.20643002  0.20643002  0.20177815  0.19715526  0.20177815  0.19715526  0.18345684  0.21111123  0.20643002  0.22533462  0.21582214  0.22533462  0.21111123  0.22056314  0.23013697  0.22533462  0.20643002  0.23983588  0.23013697  0.23013697  0.25462609  0.24966321  0.23013697  0.24473328  0.20643002  0.20643002  0.21111123  0.22533462  0.23013697  0.20177815  0.22533462  0.22533462  0.23497058  0.21582214  0.20643002  0.20643002  0.20643002  0.19256097  0.19256097  0.17894631  0.21582214  0.19256097  0.19715526  0.19256097  0.17894631  0.19715526  0.19256097  0.19256097  0.20177815  0.19256097  
10_12_0    0.20177815  0.19715526  0.17894631  0.18345684  0.18345684  0.17894631  0.03250347  0.01067713  0.00000000  0.14381601  0.09807572  0.16557686  0.15244395  0.14381601  0.17894631  0.19256097  0.20177815  0.23983588  0.21111123  0.20643002  0.24966321  0.23983588  0.24966321  0.24473328  0.20643002  0.21111123  0.20643002  0.18799495  0.19256097  0.23983588  0.24966321  0.24966321  0.24966321  0.24473328  0.25462609  0.22056314  0.22533462  0.23013697  0.25962238  0.25462609  0.24473328  0.24966321  0.24966321  0.24966321  0.26465253  0.24966321  0.24473328  0.24473328  0.26971699  0.23497058  0.23013697  0.25962238  0.25462609  0.26971699  0.26465253  0.25462609  0.29032763  0.23497058  0.24473328  0.21111123  0.21111123  0.21111123  0.23013697  0.22533462  0.23013697  0.22533462  0.21582214  0.26465253  0.23983588  0.21111123  0.24473328  0.23983588  0.23497058  0.19715526  0.20643002  0.20643002  0.20177815  0.19715526  0.20177815  0.25462609  0.25462609  0.24473328  0.26465253  0.24966321  0.23497058  0.23497058  0.19715526  0.22533462  0.21582214  0.20643002  0.20177815  0.20643002  0.22056314  0.20177815  0.21111123  0.20177815  0.17894631  0.20643002  0.20643002  0.22056314  0.23013697  0.21582214  0.22533462  0.22056314  0.21582214  0.20177815  0.21111123  0.21582214  0.21582214  0.21111123  0.21111123  0.20177815  0.20177815  0.20643002  0.23983588  0.22533462  0.23497058  0.21111123  0.23497058  0.22533462  0.20643002  0.20643002  0.20177815  0.20643002  0.21111123  0.19715526  0.18345684  0.21111123  0.20643002  0.22533462  0.21582214  0.23013697  0.22533462  0.22533462  0.23497058  0.23983588  0.21111123  0.24473328  0.23497058  0.23497058  0.25462609  0.23983588  0.22533462  0.23983588  0.20177815  0.20177815  0.22533462  0.23983588  0.22533462  0.21582214  0.23013697  0.22056314  0.23983588  0.23013697  0.21111123  0.21111123  0.20177815  0.19256097  0.19256097  0.17446302  0.20177815  0.18799495  0.19256097  0.18799495  0.17894631  0.18345684  0.17894631  0.18799495  0.20643002  0.19715526  
7_12_0     0.18345684  0.17894631  0.18799495  0.18345684  0.19256097  0.19715526  0.12267497  0.13105927  0.14381601  0.00000000  0.10618523  0.17000664  0.13105927  0.12267497  0.17446302  0.20643002  0.18345684  0.23013697  0.20643002  0.20177815  0.22533462  0.20643002  0.18799495  0.20177815  0.18799495  0.19256097  0.15679582  0.19256097  0.19256097  0.22533462  0.22533462  0.23983588  0.23983588  0.24473328  0.24473328  0.20643002  0.21111123  0.21582214  0.22533462  0.22056314  0.23013697  0.23497058  0.23497058  0.22533462  0.24966321  0.25462609  0.22056314  0.23497058  0.23983588  0.23497058  0.22056314  0.23983588  0.22533462  0.23983588  0.24473328  0.23497058  0.23983588  0.22533462  0.20643002  0.18345684  0.21111123  0.19256097  0.20643002  0.23983588  0.22533462  0.23013697  0.21582214  0.24966321  0.21111123  0.21582214  0.23013697  0.23497058  0.23013697  0.21582214  0.20643002  0.21582214  0.20177815  0.19715526  0.19715526  0.23983588  0.23983588  0.23013697  0.25962238  0.24473328  0.18799495  0.20643002  0.17446302  0.20177815  0.22056314  0.21111123  0.19715526  0.21111123  0.23013697  0.21111123  0.22533462  0.21111123  0.17894631  0.17446302  0.20177815  0.19256097  0.21111123  0.23497058  0.23983588  0.24473328  0.23983588  0.23497058  0.24473328  0.23983588  0.23013697  0.24473328  0.24473328  0.23983588  0.23497058  0.23983588  0.23497058  0.23013697  0.23497058  0.22056314  0.22533462  0.24966321  0.20643002  0.20643002  0.20643002  0.20643002  0.21111123  0.21111123  0.20177815  0.23497058  0.23983588  0.26465253  0.25462609  0.22533462  0.19715526  0.21111123  0.20643002  0.22533462  0.22533462  0.23497058  0.21111123  0.23013697  0.23497058  0.22533462  0.22533462  0.23983588  0.20643002  0.20643002  0.24473328  0.23983588  0.25462609  0.22533462  0.24966321  0.25962238  0.27481625  0.26465253  0.20643002  0.20643002  0.20643002  0.21111123  0.20177815  0.19715526  0.21582214  0.17894631  0.19715526  0.20177815  0.18345684  0.21111123  0.22533462  0.19715526  0.22056314  0.20643002  
7_14_0     0.20177815  0.19715526  0.17894631  0.18345684  0.19256097  0.18799495  0.11027345  0.10211940  0.09807572  0.10618523  0.00000000  0.14811745  0.12267497  0.12267497  0.14811745  0.16557686  0.19715526  0.22533462  0.18799495  0.18345684  0.20643002  0.23497058  0.21582214  0.23013697  0.18799495  0.19256097  0.19256097  0.18345684  0.20177815  0.23497058  0.23497058  0.24473328  0.24473328  0.23983588  0.23983588  0.18345684  0.18799495  0.19256097  0.21582214  0.22056314  0.21111123  0.21582214  0.20643002  0.21582214  0.23013697  0.21582214  0.21111123  0.23983588  0.23497058  0.22056314  0.20643002  0.25462609  0.23013697  0.23497058  0.23013697  0.23497058  0.23013697  0.23013697  0.22533462  0.19715526  0.18799495  0.19715526  0.20177815  0.21582214  0.21111123  0.21582214  0.20177815  0.22056314  0.20177815  0.19256097  0.19715526  0.20177815  0.18799495  0.18799495  0.18799495  0.18799495  0.18345684  0.17894631  0.18345684  0.23013697  0.23013697  0.22056314  0.24966321  0.22533462  0.18345684  0.19256097  0.17446302  0.21111123  0.20177815  0.19256097  0.18799495  0.18345684  0.21582214  0.19715526  0.21111123  0.20643002  0.17000664  0.19256097  0.18345684  0.19256097  0.21111123  0.20177815  0.21111123  0.21111123  0.20643002  0.20643002  0.21582214  0.22056314  0.22056314  0.21582214  0.21582214  0.21111123  0.20643002  0.21111123  0.25462609  0.23983588  0.23497058  0.22056314  0.23983588  0.23983588  0.22533462  0.22533462  0.21582214  0.22533462  0.23013697  0.22056314  0.22056314  0.21111123  0.20643002  0.23983588  0.23013697  0.21582214  0.21582214  0.21111123  0.21582214  0.21582214  0.19715526  0.24473328  0.23013697  0.23983588  0.22056314  0.20177815  0.22056314  0.23497058  0.20643002  0.20643002  0.24473328  0.25962238  0.25462609  0.24473328  0.23983588  0.23983588  0.26465253  0.25462609  0.20643002  0.19715526  0.19715526  0.19715526  0.18799495  0.17894631  0.19715526  0.17894631  0.17894631  0.17446302  0.17000664  0.17446302  0.18799495  0.18799495  0.19256097  0.18799495  
7_13_0     0.19256097  0.18799495  0.18799495  0.18345684  0.18345684  0.18799495  0.16117335  0.16117335  0.16557686  0.17000664  0.14811745  0.00000000  0.14381601  0.14381601  0.14381601  0.20177815  0.20643002  0.25462609  0.25462609  0.24966321  0.25962238  0.25962238  0.24966321  0.24473328  0.22533462  0.23497058  0.22533462  0.21582214  0.23013697  0.25962238  0.25962238  0.24966321  0.24966321  0.23497058  0.24473328  0.23497058  0.23983588  0.24473328  0.23497058  0.23497058  0.23983588  0.23497058  0.25462609  0.25462609  0.25962238  0.23013697  0.25962238  0.27481625  0.27481625  0.23983588  0.24473328  0.25962238  0.23497058  0.24473328  0.23497058  0.25462609  0.25462609  0.21111123  0.20643002  0.20643002  0.21111123  0.20177815  0.20643002  0.21582214  0.21582214  0.22056314  0.20643002  0.24473328  0.22056314  0.19256097  0.25962238  0.26465253  0.24966321  0.19256097  0.19256097  0.18799495  0.18799495  0.19256097  0.19715526  0.25462609  0.25462609  0.23983588  0.25462609  0.25962238  0.22533462  0.23497058  0.22533462  0.24966321  0.23013697  0.22056314  0.24473328  0.24966321  0.27481625  0.25462609  0.26465253  0.26971699  0.21582214  0.22056314  0.22056314  0.23013697  0.23013697  0.23497058  0.23013697  0.25962238  0.25462609  0.25462609  0.25462609  0.25962238  0.24966321  0.24473328  0.24473328  0.23013697  0.25462609  0.24966321  0.28512107  0.27481625  0.25962238  0.25462609  0.29032763  0.24473328  0.25462609  0.25462609  0.24473328  0.23983588  0.23013697  0.23983588  0.23983588  0.23983588  0.22533462  0.23013697  0.23013697  0.25462609  0.25962238  0.27481625  0.26971699  0.22533462  0.22533462  0.25462609  0.24473328  0.23983588  0.26465253  0.24473328  0.24473328  0.23983588  0.23497058  0.23497058  0.25462609  0.24473328  0.25962238  0.25962238  0.25962238  0.25962238  0.26971699  0.26465253  0.22533462  0.23497058  0.19715526  0.24473328  0.23497058  0.21111123  0.20643002  0.21582214  0.21582214  0.21111123  0.20643002  0.23983588  0.22533462  0.21582214  0.23497058  0.21582214  
10_13_0    0.17894631  0.17446302  0.17446302  0.17000664  0.16117335  0.16557686  0.14811745  0.14811745  0.15244395  0.13105927  0.12267497  0.14381601  0.00000000  0.00710099  0.05119552  0.15679582  0.16117335  0.19256097  0.20177815  0.19715526  0.22056314  0.22056314  0.20177815  0.19715526  0.19715526  0.19256097  0.18345684  0.21582214  0.17446302  0.18799495  0.18799495  0.18799495  0.18799495  0.18345684  0.19256097  0.18799495  0.20177815  0.19715526  0.17894631  0.18345684  0.17446302  0.17894631  0.20643002  0.20643002  0.20177815  0.19715526  0.22533462  0.22533462  0.22056314  0.19256097  0.19715526  0.22533462  0.21111123  0.21582214  0.21111123  0.22056314  0.20643002  0.20177815  0.20177815  0.16557686  0.17446302  0.15679582  0.18799495  0.22056314  0.20643002  0.21111123  0.17894631  0.21582214  0.16117335  0.17000664  0.18799495  0.19256097  0.18799495  0.17446302  0.17446302  0.17446302  0.17894631  0.17446302  0.18799495  0.21582214  0.21582214  0.20643002  0.23013697  0.21582214  0.18345684  0.18345684  0.17000664  0.20643002  0.17894631  0.17894631  0.17000664  0.18345684  0.24473328  0.16557686  0.17894631  0.17446302  0.14381601  0.15244395  0.17000664  0.16117335  0.16117335  0.20177815  0.21111123  0.20643002  0.20177815  0.20177815  0.21111123  0.19715526  0.19715526  0.20177815  0.20177815  0.18799495  0.20177815  0.20643002  0.22056314  0.22533462  0.23983588  0.23497058  0.22533462  0.22533462  0.19256097  0.19256097  0.20177815  0.20177815  0.18799495  0.19715526  0.18799495  0.20177815  0.18799495  0.19715526  0.19715526  0.17894631  0.20643002  0.19256097  0.18799495  0.18345684  0.18345684  0.22056314  0.19715526  0.20643002  0.23013697  0.21582214  0.25962238  0.22533462  0.19256097  0.19256097  0.21111123  0.19256097  0.19256097  0.21111123  0.20643002  0.22056314  0.23983588  0.22056314  0.19256097  0.21111123  0.20177815  0.20643002  0.19715526  0.17446302  0.18799495  0.17446302  0.16557686  0.17000664  0.17894631  0.17894631  0.18345684  0.18345684  0.17894631  0.17446302  
5_13_0     0.18799495  0.18345684  0.17446302  0.17000664  0.16117335  0.16557686  0.13953936  0.13953936  0.14381601  0.12267497  0.12267497  0.14381601  0.00710099  0.00000000  0.05119552  0.15679582  0.15244395  0.19256097  0.20177815  0.19715526  0.22056314  0.21111123  0.19256097  0.18799495  0.19715526  0.19256097  0.18345684  0.21582214  0.17446302  0.18799495  0.18799495  0.18799495  0.18799495  0.18345684  0.19256097  0.19715526  0.20177815  0.20643002  0.18799495  0.18345684  0.18345684  0.18799495  0.21582214  0.21582214  0.21111123  0.20643002  0.23497058  0.22056314  0.21582214  0.18345684  0.18799495  0.21582214  0.20177815  0.20643002  0.20177815  0.22056314  0.21582214  0.20177815  0.20177815  0.16557686  0.18345684  0.16557686  0.18799495  0.22056314  0.21582214  0.22056314  0.18799495  0.22533462  0.17000664  0.17894631  0.19715526  0.20177815  0.19715526  0.18345684  0.18345684  0.18345684  0.18799495  0.18345684  0.19715526  0.22533462  0.22533462  0.21582214  0.23013697  0.20643002  0.19256097  0.19256097  0.17894631  0.21582214  0.18799495  0.18799495  0.17894631  0.19256097  0.23497058  0.17446302  0.18799495  0.17446302  0.15244395  0.15244395  0.17894631  0.17000664  0.17000664  0.21111123  0.22056314  0.21111123  0.20643002  0.20177815  0.21111123  0.19715526  0.19715526  0.20177815  0.20177815  0.19715526  0.20177815  0.20643002  0.22056314  0.22533462  0.23983588  0.23497058  0.22533462  0.22533462  0.19256097  0.19256097  0.20177815  0.19256097  0.18799495  0.19715526  0.18799495  0.20177815  0.19715526  0.19715526  0.19715526  0.17894631  0.20643002  0.19256097  0.18799495  0.19256097  0.19256097  0.21111123  0.19715526  0.19715526  0.23013697  0.21582214  0.24966321  0.21582214  0.19256097  0.19256097  0.21111123  0.18345684  0.19256097  0.21111123  0.20643002  0.22056314  0.23983588  0.22056314  0.20177815  0.21111123  0.20177815  0.20643002  0.19715526  0.17446302  0.18799495  0.16557686  0.16557686  0.17000664  0.17894631  0.17894631  0.18345684  0.18345684  0.17894631  0.17446302  
3_15_0     0.21111123  0.20643002  0.20643002  0.20177815  0.20177815  0.20643002  0.16557686  0.16557686  0.17894631  0.17446302  0.14811745  0.14381601  0.05119552  0.05119552  0.00000000  0.18799495  0.16557686  0.20643002  0.21111123  0.20643002  0.23983588  0.25462609  0.23497058  0.23013697  0.23497058  0.23013697  0.21111123  0.23983588  0.20643002  0.23013697  0.23013697  0.22056314  0.22056314  0.21582214  0.20643002  0.21111123  0.21582214  0.21582214  0.22533462  0.23013697  0.22056314  0.22533462  0.25462609  0.25462609  0.23013697  0.22056314  0.27481625  0.26971699  0.27481625  0.23013697  0.23497058  0.24966321  0.23013697  0.24473328  0.24473328  0.25462609  0.24966321  0.23013697  0.24966321  0.19256097  0.19715526  0.18345684  0.22533462  0.24473328  0.23983588  0.24473328  0.20643002  0.24473328  0.21582214  0.20643002  0.23497058  0.23983588  0.23497058  0.18345684  0.18345684  0.18345684  0.18799495  0.18345684  0.19715526  0.24473328  0.24473328  0.23497058  0.24966321  0.23497058  0.21111123  0.22056314  0.21582214  0.25462609  0.22533462  0.22533462  0.22533462  0.22056314  0.27481625  0.21111123  0.22533462  0.22056314  0.19715526  0.19715526  0.21111123  0.20177815  0.20177815  0.23497058  0.23497058  0.23983588  0.23497058  0.23497058  0.24473328  0.23013697  0.23013697  0.22533462  0.22533462  0.22056314  0.22533462  0.23013697  0.25462609  0.25962238  0.27481625  0.29032763  0.25962238  0.25462609  0.23013697  0.23983588  0.23013697  0.22056314  0.22533462  0.23497058  0.22533462  0.22056314  0.20643002  0.21582214  0.21582214  0.18799495  0.20643002  0.20177815  0.19715526  0.20643002  0.19256097  0.23013697  0.21582214  0.22533462  0.25462609  0.23983588  0.26971699  0.22533462  0.20177815  0.19256097  0.23013697  0.21111123  0.22056314  0.23013697  0.21582214  0.23013697  0.23013697  0.22056314  0.23013697  0.23983588  0.23013697  0.23983588  0.23013697  0.21111123  0.22533462  0.20177815  0.20177815  0.19715526  0.19715526  0.22533462  0.22056314  0.22056314  0.21582214  0.21111123  
7_3_0      0.20643002  0.20177815  0.19715526  0.20177815  0.19256097  0.18799495  0.20177815  0.19715526  0.19256097  0.20643002  0.16557686  0.20177815  0.15679582  0.15679582  0.18799495  0.00000000  0.22056314  0.20177815  0.23983588  0.23497058  0.21111123  0.23983588  0.23983588  0.22533462  0.21582214  0.22056314  0.25962238  0.24966321  0.25962238  0.28512107  0.26971699  0.21111123  0.21111123  0.21582214  0.22533462  0.24473328  0.24966321  0.25462609  0.23013697  0.21582214  0.22533462  0.23013697  0.23983588  0.23983588  0.23983588  0.24473328  0.26465253  0.28512107  0.28512107  0.23983588  0.24473328  0.27481625  0.26465253  0.25962238  0.25462609  0.25462609  0.23497058  0.24473328  0.23497058  0.25962238  0.24473328  0.23013697  0.24966321  0.28512107  0.29032763  0.29557096  0.25962238  0.23983588  0.22056314  0.23013697  0.26465253  0.26971699  0.26465253  0.23983588  0.23983588  0.23983588  0.24473328  0.23983588  0.24473328  0.24473328  0.24473328  0.24473328  0.24966321  0.23497058  0.23013697  0.22056314  0.23013697  0.21582214  0.19715526  0.19715526  0.21111123  0.20643002  0.25962238  0.21582214  0.22056314  0.22533462  0.20643002  0.21582214  0.19256097  0.24966321  0.23983588  0.23983588  0.23983588  0.23983588  0.23497058  0.23497058  0.24473328  0.24966321  0.25962238  0.24473328  0.24473328  0.23983588  0.23013697  0.23497058  0.23497058  0.24966321  0.27481625  0.27995078  0.26971699  0.30617007  0.24966321  0.24966321  0.25962238  0.25962238  0.25462609  0.24473328  0.24473328  0.24966321  0.25462609  0.25962238  0.25962238  0.20177815  0.23013697  0.20643002  0.20643002  0.22533462  0.23013697  0.24473328  0.23983588  0.24966321  0.23013697  0.25462609  0.25462609  0.25962238  0.20643002  0.20643002  0.23983588  0.24473328  0.21111123  0.23983588  0.25962238  0.23983588  0.26465253  0.25462609  0.21111123  0.21111123  0.22056314  0.19715526  0.20177815  0.21111123  0.22056314  0.22056314  0.20177815  0.21582214  0.23013697  0.22533462  0.22056314  0.22056314  0.23983588  0.24966321  
2_0_0      0.19715526  0.18799495  0.21582214  0.21111123  0.21111123  0.21582214  0.18345684  0.18799495  0.20177815  0.18345684  0.19715526  0.20643002  0.16117335  0.15244395  0.16557686  0.22056314  0.00000000  0.19715526  0.21111123  0.20177815  0.20643002  0.22056314  0.22056314  0.20643002  0.19256097  0.19256097  0.18345684  0.20643002  0.19256097  0.20643002  0.20643002  0.20177815  0.20177815  0.19715526  0.18799495  0.23497058  0.23013697  0.23983588  0.24473328  0.22533462  0.23013697  0.23497058  0.24966321  0.24473328  0.25962238  0.23983588  0.23013697  0.23983588  0.26465253  0.22056314  0.23013697  0.24473328  0.23013697  0.23497058  0.23497058  0.21582214  0.23983588  0.21582214  0.21111123  0.17894631  0.20177815  0.21582214  0.23497058  0.25462609  0.24966321  0.24473328  0.22056314  0.24473328  0.22533462  0.19715526  0.22056314  0.21582214  0.22533462  0.18345684  0.19256097  0.19256097  0.19715526  0.19256097  0.20643002  0.24473328  0.24473328  0.23497058  0.26465253  0.25462609  0.21582214  0.21582214  0.18345684  0.22533462  0.22056314  0.22056314  0.18345684  0.18799495  0.23983588  0.21111123  0.20643002  0.21111123  0.17446302  0.17000664  0.19256097  0.20643002  0.21111123  0.22056314  0.22533462  0.23497058  0.23013697  0.21582214  0.22056314  0.23497058  0.22533462  0.21582214  0.21582214  0.21582214  0.20643002  0.20177815  0.22056314  0.23497058  0.23013697  0.21582214  0.21111123  0.22533462  0.23013697  0.23497058  0.23013697  0.23013697  0.22056314  0.22533462  0.21582214  0.21582214  0.22056314  0.22533462  0.22533462  0.18799495  0.18345684  0.20177815  0.19715526  0.21111123  0.18799495  0.22056314  0.20177815  0.19715526  0.22056314  0.24473328  0.24966321  0.23013697  0.21582214  0.20643002  0.23497058  0.22056314  0.22533462  0.22533462  0.23497058  0.24473328  0.23983588  0.22533462  0.23013697  0.25962238  0.24473328  0.23983588  0.23983588  0.23013697  0.23497058  0.23013697  0.23983588  0.22056314  0.23983588  0.25462609  0.24473328  0.23983588  0.21111123  0.21582214  
7_0_0      0.22533462  0.22056314  0.23013697  0.23013697  0.23983588  0.23983588  0.21111123  0.23013697  0.23983588  0.23013697  0.22533462  0.25462609  0.19256097  0.19256097  0.20643002  0.20177815  0.19715526  0.00000000  0.26465253  0.26465253  0.25962238  0.30617007  0.31152692  0.30617007  0.25962238  0.26465253  0.26465253  0.28512107  0.23983588  0.28512107  0.28512107  0.26971699  0.26971699  0.26465253  0.24473328  0.25962238  0.25962238  0.26465253  0.24966321  0.24473328  0.24966321  0.26465253  0.26971699  0.25962238  0.27995078  0.26465253  0.25462609  0.26971699  0.26971699  0.25462609  0.24966321  0.23983588  0.25462609  0.23497058  0.25462609  0.27995078  0.27995078  0.27995078  0.27995078  0.25462609  0.24966321  0.24473328  0.26465253  0.28512107  0.29032763  0.29557096  0.24966321  0.28512107  0.24966321  0.24473328  0.26971699  0.26465253  0.27995078  0.26465253  0.26465253  0.25462609  0.26971699  0.27481625  0.27481625  0.23497058  0.23497058  0.23497058  0.27481625  0.27481625  0.24966321  0.24966321  0.25462609  0.27995078  0.25462609  0.26465253  0.25962238  0.24473328  0.29032763  0.26971699  0.27481625  0.27995078  0.25462609  0.23497058  0.23497058  0.25462609  0.26465253  0.24966321  0.24473328  0.28512107  0.27995078  0.26971699  0.26971699  0.25462609  0.26465253  0.26971699  0.26971699  0.25462609  0.26971699  0.27481625  0.26971699  0.27481625  0.30085160  0.29557096  0.25462609  0.27995078  0.23497058  0.23497058  0.24473328  0.23983588  0.24966321  0.25462609  0.23983588  0.25462609  0.23983588  0.25462609  0.25462609  0.20177815  0.22533462  0.22533462  0.21582214  0.22056314  0.19715526  0.25962238  0.23983588  0.27481625  0.24966321  0.26971699  0.26971699  0.24473328  0.24966321  0.24966321  0.24473328  0.24966321  0.23497058  0.24473328  0.25962238  0.24966321  0.23013697  0.23497058  0.23983588  0.22533462  0.24966321  0.23013697  0.22056314  0.26971699  0.26971699  0.26465253  0.25962238  0.26465253  0.24966321  0.25462609  0.25462609  0.25962238  0.22056314  0.24473328  
1_8_0      0.23013697  0.22533462  0.21582214  0.21111123  0.21111123  0.21582214  0.19715526  0.21582214  0.21111123  0.20643002  0.18799495  0.25462609  0.20177815  0.20177815  0.21111123  0.23983588  0.21111123  0.26465253  0.00000000  0.01067713  0.22056314  0.22533462  0.21111123  0.21111123  0.21111123  0.22533462  0.22533462  0.21582214  0.18799495  0.23013697  0.23497058  0.21582214  0.21582214  0.22056314  0.22056314  0.22056314  0.22533462  0.23013697  0.26465253  0.25962238  0.25962238  0.24966321  0.27481625  0.26465253  0.24473328  0.23983588  0.29557096  0.26465253  0.27995078  0.27481625  0.25962238  0.28512107  0.25462609  0.29032763  0.29557096  0.24966321  0.24473328  0.23983588  0.24473328  0.22056314  0.23497058  0.23013697  0.23013697  0.25962238  0.24473328  0.23983588  0.22533462  0.25462609  0.22056314  0.23013697  0.21111123  0.21582214  0.21111123  0.19256097  0.19256097  0.20177815  0.18799495  0.19256097  0.18799495  0.22056314  0.22056314  0.21111123  0.22056314  0.20643002  0.19256097  0.18345684  0.17446302  0.19256097  0.21111123  0.21111123  0.22056314  0.22056314  0.23497058  0.22533462  0.23983588  0.23497058  0.20177815  0.23013697  0.23013697  0.22533462  0.23013697  0.20643002  0.21582214  0.22056314  0.21582214  0.22533462  0.23497058  0.20643002  0.19715526  0.20177815  0.20177815  0.19715526  0.19256097  0.19715526  0.23013697  0.21111123  0.24966321  0.23983588  0.21582214  0.23497058  0.25962238  0.25962238  0.23497058  0.24473328  0.24966321  0.24966321  0.24473328  0.23497058  0.23013697  0.24966321  0.23983588  0.20177815  0.17000664  0.18799495  0.19256097  0.20177815  0.17894631  0.23983588  0.20177815  0.20643002  0.21111123  0.24473328  0.23983588  0.22533462  0.18799495  0.18345684  0.23013697  0.22533462  0.22056314  0.21111123  0.21582214  0.21111123  0.21111123  0.21582214  0.20643002  0.21582214  0.20177815  0.19715526  0.19715526  0.17894631  0.18799495  0.17894631  0.17446302  0.17894631  0.18799495  0.18799495  0.19256097  0.17446302  0.19715526  0.20643002  
