20
6_0_0      0.00000000  0.04440924  0.03927102  0.04960201  0.14592080  0.15785125  0.15785125  0.20981894  0.26048476  0.24647426  0.20776288  0.23642787  0.38809935  0.37867234  0.34950905  0.34950905  0.37728587  0.34950905  0.34950905  0.35669254  
18_0_0     0.04440924  0.00000000  0.00473987  0.01435968  0.11542325  0.13283562  0.13283562  0.18235239  0.23026457  0.21693353  0.18068522  0.20776288  0.35143475  0.36034647  0.33183055  0.33183055  0.34058994  0.33183055  0.33183055  0.33885652  
7_0_0      0.03927102  0.00473987  0.00000000  0.00952613  0.10954546  0.12677664  0.12677664  0.17572016  0.22299252  0.20981894  0.17414372  0.20085164  0.34268250  0.35143475  0.32322528  0.32322528  0.33183055  0.32322528  0.32322528  0.33017663  
8_0_0      0.04960201  0.01435968  0.00952613  0.00000000  0.10954546  0.13897061  0.13897061  0.18907579  0.23764638  0.22415314  0.18731540  0.21477318  0.33408411  0.34268250  0.30645602  0.30645602  0.31476878  0.30645602  0.30645602  0.31326571  
19_0_0     0.14592080  0.11542325  0.10954546  0.10954546  0.00000000  0.15307974  0.15307974  0.17749007  0.19689660  0.16431030  0.16271955  0.18907579  0.34595026  0.35486568  0.33534847  0.33534847  0.34427129  0.33534847  0.33534847  0.34239481  
9_0_0      0.15785125  0.13283562  0.12677664  0.13897061  0.15307974  0.00000000  0.00000000  0.16517594  0.21208235  0.20612129  0.16999245  0.19689660  0.30502457  0.31326571  0.30275758  0.30275758  0.31114650  0.30275758  0.30275758  0.30951696  
13_0_0     0.15785125  0.13283562  0.12677664  0.13897061  0.15307974  0.00000000  0.00000000  0.16517594  0.21208235  0.20612129  0.16999245  0.19689660  0.30502457  0.31326571  0.30275758  0.30275758  0.31114650  0.30275758  0.30275758  0.30951696  
15_0_0     0.20981894  0.18235239  0.17572016  0.18907579  0.17749007  0.16517594  0.16517594  0.00000000  0.03402989  0.02915373  0.08671619  0.09799765  0.35669254  0.36586053  0.31968182  0.31968182  0.34621957  0.35539540  0.35539540  0.36262063  
11_0_0     0.26048476  0.23026457  0.22299252  0.23764638  0.19689660  0.21208235  0.21208235  0.03402989  0.00000000  0.03402989  0.11487929  0.12677664  0.33719445  0.34595026  0.31797678  0.31797678  0.34427129  0.34427129  0.34427129  0.35139789  
17_0_0     0.24647426  0.21693353  0.20981894  0.22415314  0.16431030  0.20612129  0.20612129  0.02915373  0.03402989  0.00000000  0.12137253  0.13349267  0.34769323  0.35669254  0.36474666  0.36474666  0.37428019  0.40404916  0.40404916  0.41175239  
20_0_0     0.20776288  0.18068522  0.17414372  0.18731540  0.16271955  0.16999245  0.16999245  0.08671619  0.11487929  0.12137253  0.00000000  0.03927102  0.35311312  0.36210866  0.30795348  0.30795348  0.33355446  0.34239481  0.34239481  0.34950905  
16_0_0     0.23642787  0.20776288  0.20085164  0.21477318  0.18907579  0.19689660  0.19689660  0.09799765  0.12677664  0.13349267  0.03927102  0.00000000  0.35311312  0.36210866  0.29160154  0.29160154  0.29970918  0.32487106  0.32487106  0.33183055  
2_0_0      0.38809935  0.35143475  0.34268250  0.33408411  0.34595026  0.30502457  0.30502457  0.35669254  0.33719445  0.34769323  0.35311312  0.35311312  0.00000000  0.00952613  0.12518378  0.12518378  0.13112976  0.14941412  0.14941412  0.15502829  
3_0_0      0.37867234  0.36034647  0.35143475  0.34268250  0.35486568  0.31326571  0.31326571  0.36586053  0.34595026  0.35669254  0.36210866  0.36210866  0.00952613  0.00000000  0.12518378  0.12518378  0.13112976  0.14941412  0.14941412  0.15502829  
1_0_0      0.34950905  0.33183055  0.32322528  0.30645602  0.33534847  0.30275758  0.30275758  0.31968182  0.31797678  0.36474666  0.30795348  0.29160154  0.12518378  0.12518378  0.00000000  0.00000000  0.05485051  0.04960201  0.04960201  0.05458315  
14_0_0     0.34950905  0.33183055  0.32322528  0.30645602  0.33534847  0.30275758  0.30275758  0.31968182  0.31797678  0.36474666  0.30795348  0.29160154  0.12518378  0.12518378  0.00000000  0.00000000  0.05485051  0.04960201  0.04960201  0.05458315  
5_0_0      0.37728587  0.34058994  0.33183055  0.31476878  0.34427129  0.31114650  0.31114650  0.34621957  0.34427129  0.37428019  0.33355446  0.29970918  0.13112976  0.13112976  0.05485051  0.05485051  0.00000000  0.02417250  0.02417250  0.02902375  
10_0_0     0.34950905  0.33183055  0.32322528  0.30645602  0.33534847  0.30275758  0.30275758  0.35539540  0.34427129  0.40404916  0.34239481  0.32487106  0.14941412  0.14941412  0.04960201  0.04960201  0.02417250  0.00000000  0.00000000  0.00473392  
4_0_0      0.34950905  0.33183055  0.32322528  0.30645602  0.33534847  0.30275758  0.30275758  0.35539540  0.34427129  0.40404916  0.34239481  0.32487106  0.14941412  0.14941412  0.04960201  0.04960201  0.02417250  0.00000000  0.00000000  0.00473392  
12_0_0     0.35669254  0.33885652  0.33017663  0.31326571  0.34239481  0.30951696  0.30951696  0.36262063  0.35139789  0.41175239  0.34950905  0.33183055  0.15502829  0.15502829  0.05458315  0.05458315  0.02902375  0.00473392  0.00473392  0.00000000  

