20
6_0_0      0.00000000  0.02419406  0.02419406  0.01925510  0.07011451  0.14379762  0.14379762  0.15786771  0.17094608  0.18439689  0.19612526  0.19612526  0.31621466  0.31621466  0.38950971  0.39980361  0.40257415  0.37199945  0.35266321  0.35266321  
18_0_0     0.02419406  0.00000000  0.00000000  0.01436724  0.07011451  0.15003023  0.15003023  0.13890500  0.15146185  0.16436163  0.18925840  0.18925840  0.30752562  0.30752562  0.39980361  0.38950971  0.41322189  0.38197273  0.36223239  0.36223239  
7_0_0      0.02419406  0.00000000  0.00000000  0.01436724  0.07011451  0.15003023  0.15003023  0.13890500  0.15146185  0.16436163  0.18925840  0.18925840  0.30752562  0.30752562  0.39980361  0.38950971  0.41322189  0.38197273  0.36223239  0.36223239  
8_0_0      0.01925510  0.01436724  0.01436724  0.00000000  0.05946512  0.14379762  0.14379762  0.15786771  0.17094608  0.17094608  0.19612526  0.21016590  0.29899352  0.29899352  0.36957138  0.37943536  0.38197273  0.35266321  0.33408746  0.33408746  
19_0_0     0.07011451  0.07011451  0.07011451  0.05946512  0.00000000  0.13825148  0.13825148  0.13213787  0.14444526  0.14444526  0.17006595  0.17006595  0.27582031  0.27582031  0.34328403  0.35266321  0.35496644  0.35496644  0.34548849  0.34548849  
9_0_0      0.14379762  0.15003023  0.15003023  0.14379762  0.13825148  0.00000000  0.00000000  0.15634617  0.15634617  0.16923721  0.18925840  0.20309341  0.27428469  0.27428469  0.30575168  0.31435763  0.28237820  0.28237820  0.27428469  0.27428469  
13_0_0     0.14379762  0.15003023  0.15003023  0.14379762  0.13825148  0.00000000  0.00000000  0.15634617  0.15634617  0.16923721  0.18925840  0.20309341  0.27428469  0.27428469  0.30575168  0.31435763  0.28237820  0.28237820  0.27428469  0.27428469  
15_0_0     0.15786771  0.13890500  0.13890500  0.15786771  0.13213787  0.15634617  0.15634617  0.00000000  0.02918521  0.02918521  0.07586189  0.07586189  0.27742194  0.27742194  0.33619697  0.32708471  0.36712802  0.35735091  0.36712802  0.36712802  
11_0_0     0.17094608  0.15146185  0.15146185  0.17094608  0.14444526  0.15634617  0.15634617  0.02918521  0.00000000  0.01925510  0.07586189  0.06502624  0.26135770  0.26135770  0.31814490  0.30937115  0.32917817  0.33838364  0.34777208  0.34777208  
17_0_0     0.18439689  0.16436163  0.16436163  0.17094608  0.14444526  0.16923721  0.16923721  0.02918521  0.01925510  0.00000000  0.07586189  0.06502624  0.26135770  0.26135770  0.30075740  0.29229791  0.31128854  0.32014867  0.32917817  0.32917817  
20_0_0     0.19612526  0.18925840  0.18925840  0.19612526  0.17006595  0.18925840  0.18925840  0.07586189  0.07586189  0.07586189  0.00000000  0.06029309  0.29405180  0.29405180  0.31814490  0.32708471  0.31128854  0.31128854  0.31128854  0.31128854  
16_0_0     0.19612526  0.18925840  0.18925840  0.21016590  0.17006595  0.20309341  0.20309341  0.07586189  0.06502624  0.06502624  0.06029309  0.00000000  0.31128854  0.31128854  0.31814490  0.30937115  0.32917817  0.36712802  0.34777208  0.34777208  
2_0_0      0.31621466  0.30752562  0.30752562  0.29899352  0.27582031  0.27428469  0.27428469  0.27742194  0.26135770  0.26135770  0.29405180  0.31128854  0.00000000  0.00000000  0.11650197  0.11053513  0.12326047  0.11116979  0.10523856  0.10523856  
3_0_0      0.31621466  0.30752562  0.30752562  0.29899352  0.27582031  0.27428469  0.27428469  0.27742194  0.26135770  0.26135770  0.29405180  0.31128854  0.00000000  0.00000000  0.11650197  0.11053513  0.12326047  0.11116979  0.10523856  0.10523856  
1_0_0      0.38950971  0.39980361  0.39980361  0.36957138  0.34328403  0.30575168  0.30575168  0.33619697  0.31814490  0.30075740  0.31814490  0.31814490  0.11650197  0.11650197  0.00000000  0.00474069  0.03406300  0.04425838  0.03913318  0.03913318  
14_0_0     0.39980361  0.38950971  0.38950971  0.37943536  0.35266321  0.31435763  0.31435763  0.32708471  0.30937115  0.29229791  0.32708471  0.30937115  0.11053513  0.11053513  0.00474069  0.00000000  0.03913318  0.04943979  0.04425838  0.04425838  
5_0_0      0.40257415  0.41322189  0.41322189  0.38197273  0.35496644  0.28237820  0.28237820  0.36712802  0.32917817  0.31128854  0.31128854  0.32917817  0.12326047  0.12326047  0.03406300  0.03913318  0.00000000  0.03932857  0.03422967  0.03422967  
10_0_0     0.37199945  0.38197273  0.38197273  0.35266321  0.35496644  0.28237820  0.28237820  0.35735091  0.33838364  0.32014867  0.31128854  0.36712802  0.11116979  0.11116979  0.04425838  0.04943979  0.03932857  0.00000000  0.01436724  0.01436724  
4_0_0      0.35266321  0.36223239  0.36223239  0.33408746  0.34548849  0.27428469  0.27428469  0.36712802  0.34777208  0.32917817  0.31128854  0.34777208  0.10523856  0.10523856  0.03913318  0.04425838  0.03422967  0.01436724  0.00000000  0.00000000  
12_0_0     0.35266321  0.36223239  0.36223239  0.33408746  0.34548849  0.27428469  0.27428469  0.36712802  0.34777208  0.32917817  0.31128854  0.34777208  0.10523856  0.10523856  0.03913318  0.04425838  0.03422967  0.01436724  0.00000000  0.00000000  

