20
6_0_0      0.00000000  0.03390571  0.03893497  0.03893497  0.11533332  0.14313700  0.14313700  0.14313700  0.14992625  0.16256171  0.20061803  0.18711972  0.29397640  0.29397640  0.32766144  0.32766144  0.31902184  0.31053112  0.31053112  0.31053112  
18_0_0     0.03390571  0.00000000  0.01435812  0.01435812  0.10471943  0.14313700  0.14313700  0.15553286  0.16256171  0.17552974  0.21449656  0.20061803  0.30218424  0.30218424  0.31902184  0.31902184  0.31053112  0.30218424  0.30218424  0.30218424  
7_0_0      0.03893497  0.01435812  0.00000000  0.01923867  0.11058821  0.14929595  0.14929595  0.16184972  0.16900306  0.18214403  0.22158523  0.20750843  0.31053112  0.31053112  0.32766144  0.32766144  0.31902184  0.31053112  0.31053112  0.31053112  
8_0_0      0.03893497  0.01435812  0.01923867  0.00000000  0.11058821  0.13705408  0.13705408  0.16184972  0.16900306  0.18214403  0.22158523  0.20750843  0.31053112  0.31053112  0.32766144  0.32766144  0.31902184  0.31053112  0.31053112  0.31053112  
19_0_0     0.11533332  0.10471943  0.11058821  0.11058821  0.00000000  0.13104535  0.13104535  0.14929595  0.14372799  0.15620348  0.18050675  0.19382265  0.31902184  0.31902184  0.31902184  0.31902184  0.29397640  0.27014269  0.27014269  0.27014269  
9_0_0      0.14313700  0.14313700  0.14929595  0.13705408  0.13104535  0.00000000  0.00000000  0.16824863  0.14992625  0.16256171  0.20061803  0.20061803  0.33645524  0.33645524  0.33645524  0.33645524  0.29397640  0.30218424  0.30218424  0.30218424  
13_0_0     0.14313700  0.14313700  0.14929595  0.13705408  0.13104535  0.00000000  0.00000000  0.16824863  0.14992625  0.16256171  0.20061803  0.20061803  0.33645524  0.33645524  0.33645524  0.33645524  0.29397640  0.30218424  0.30218424  0.30218424  
15_0_0     0.14313700  0.15553286  0.16184972  0.16184972  0.14929595  0.16824863  0.16824863  0.00000000  0.02406548  0.03402336  0.08568995  0.09676351  0.22769066  0.22769066  0.24228720  0.24228720  0.23493488  0.21351411  0.22769066  0.21351411  
11_0_0     0.14992625  0.16256171  0.16900306  0.16900306  0.14372799  0.14992625  0.14992625  0.02406548  0.00000000  0.00952544  0.06972889  0.08050073  0.22158523  0.22158523  0.25100597  0.25100597  0.22877737  0.22158523  0.23607604  0.22158523  
17_0_0     0.16256171  0.17552974  0.18214403  0.18214403  0.15620348  0.16256171  0.16256171  0.03402336  0.00952544  0.00000000  0.08050073  0.09151333  0.23607604  0.23607604  0.26640245  0.26640245  0.24348446  0.23607604  0.25100597  0.23607604  
20_0_0     0.20061803  0.21449656  0.22158523  0.22158523  0.18050675  0.20061803  0.20061803  0.08568995  0.06972889  0.08050073  0.00000000  0.03925915  0.22665741  0.22665741  0.26370796  0.26370796  0.24114505  0.23384799  0.23384799  0.23384799  
16_0_0     0.18711972  0.20061803  0.20750843  0.20750843  0.19382265  0.20061803  0.20061803  0.09676351  0.08050073  0.09151333  0.03925915  0.00000000  0.23384799  0.23384799  0.28735385  0.28735385  0.26370796  0.25607161  0.25607161  0.25607161  
2_0_0      0.29397640  0.30218424  0.31053112  0.31053112  0.31902184  0.33645524  0.33645524  0.22769066  0.22158523  0.23607604  0.22665741  0.23384799  0.00000000  0.00000000  0.09793564  0.09793564  0.11533332  0.09793564  0.10946557  0.09793564  
3_0_0      0.29397640  0.30218424  0.31053112  0.31053112  0.31902184  0.33645524  0.33645524  0.22769066  0.22158523  0.23607604  0.22665741  0.23384799  0.00000000  0.00000000  0.09793564  0.09793564  0.11533332  0.09793564  0.10946557  0.09793564  
1_0_0      0.32766144  0.31902184  0.32766144  0.32766144  0.31902184  0.33645524  0.33645524  0.24228720  0.25100597  0.26640245  0.26370796  0.28735385  0.09793564  0.09793564  0.00000000  0.00000000  0.04439401  0.02914723  0.03925915  0.02914723  
14_0_0     0.32766144  0.31902184  0.32766144  0.32766144  0.31902184  0.33645524  0.33645524  0.24228720  0.25100597  0.26640245  0.26370796  0.28735385  0.09793564  0.09793564  0.00000000  0.00000000  0.04439401  0.02914723  0.03925915  0.02914723  
5_0_0      0.31902184  0.31053112  0.31902184  0.31902184  0.29397640  0.29397640  0.29397640  0.23493488  0.22877737  0.24348446  0.24114505  0.26370796  0.11533332  0.11533332  0.04439401  0.04439401  0.00000000  0.02416805  0.03417725  0.02416805  
10_0_0     0.31053112  0.30218424  0.31053112  0.31053112  0.27014269  0.30218424  0.30218424  0.21351411  0.22158523  0.23607604  0.23384799  0.25607161  0.09793564  0.09793564  0.02914723  0.02914723  0.02416805  0.00000000  0.00952544  0.00000000  
4_0_0      0.31053112  0.30218424  0.31053112  0.31053112  0.27014269  0.30218424  0.30218424  0.22769066  0.23607604  0.25100597  0.23384799  0.25607161  0.10946557  0.10946557  0.03925915  0.03925915  0.03417725  0.00952544  0.00000000  0.00952544  
12_0_0     0.31053112  0.30218424  0.31053112  0.31053112  0.27014269  0.30218424  0.30218424  0.21351411  0.22158523  0.23607604  0.23384799  0.25607161  0.09793564  0.09793564  0.02914723  0.02914723  0.02416805  0.00000000  0.00952544  0.00000000  

