20
6_0_0      0.00000000  0.03924517  0.02913958  0.04932990  0.12715017  0.13258797  0.13258797  0.24929631  0.23454568  0.24186628  0.22839362  0.23566102  0.31142631  0.31142631  0.30824884  0.30824884  0.27741600  0.28531781  0.27741600  0.27741600  
18_0_0     0.03924517  0.00000000  0.00952464  0.02901395  0.11522719  0.10888162  0.10888162  0.22733133  0.22733133  0.22022020  0.20034215  0.20720801  0.27092865  0.27092865  0.28396118  0.28396118  0.25443741  0.26197952  0.25443741  0.25443741  
7_0_0      0.02913958  0.00952464  0.00000000  0.01915911  0.10358351  0.10888162  0.10888162  0.21320937  0.21320937  0.20629605  0.18688857  0.19356985  0.28673402  0.28673402  0.30002038  0.30002038  0.26963784  0.27741600  0.26963784  0.26963784  
8_0_0      0.04932990  0.02901395  0.01915911  0.00000000  0.11470305  0.12007560  0.12007560  0.22632134  0.22632134  0.21926101  0.19947757  0.20629605  0.27227699  0.27227699  0.28531781  0.29334727  0.26321053  0.27092865  0.26321053  0.26321053  
19_0_0     0.12715017  0.11522719  0.10358351  0.11470305  0.00000000  0.08145104  0.08145104  0.14915629  0.13694203  0.14301164  0.13748321  0.14359033  0.25052257  0.25052257  0.31993740  0.31993740  0.30467022  0.30467022  0.29637186  0.29637186  
9_0_0      0.13258797  0.10888162  0.10888162  0.12007560  0.08145104  0.00000000  0.00000000  0.16879802  0.16879802  0.16237524  0.15043490  0.16311759  0.25946316  0.25946316  0.26449811  0.26449811  0.26584220  0.25052257  0.25812337  0.25812337  
13_0_0     0.13258797  0.10888162  0.10888162  0.12007560  0.08145104  0.00000000  0.00000000  0.16879802  0.16879802  0.16237524  0.15043490  0.16311759  0.25946316  0.25946316  0.26449811  0.26449811  0.26584220  0.25052257  0.25812337  0.25812337  
15_0_0     0.24929631  0.22733133  0.21320937  0.22632134  0.14915629  0.16879802  0.16879802  0.00000000  0.00952464  0.00473951  0.03906813  0.02901395  0.26584220  0.26584220  0.27092865  0.27092865  0.27227699  0.27227699  0.26449811  0.26449811  
11_0_0     0.23454568  0.22733133  0.21320937  0.22632134  0.13694203  0.16879802  0.16879802  0.00952464  0.00000000  0.00473951  0.04932990  0.03906813  0.26584220  0.26584220  0.27092865  0.27092865  0.27227699  0.27227699  0.26449811  0.26449811  
17_0_0     0.24186628  0.22022020  0.20629605  0.21926101  0.14301164  0.16237524  0.16237524  0.00473951  0.00473951  0.00000000  0.04417253  0.03401562  0.25812337  0.25812337  0.26321053  0.26321053  0.26449811  0.26449811  0.25683910  0.25683910  
20_0_0     0.22839362  0.20034215  0.18688857  0.19947757  0.13748321  0.15043490  0.15043490  0.03906813  0.04932990  0.04417253  0.00000000  0.01923536  0.26449811  0.26449811  0.28531781  0.28531781  0.27092865  0.27092865  0.26321053  0.26321053  
16_0_0     0.23566102  0.20720801  0.19356985  0.20629605  0.14359033  0.16311759  0.16311759  0.02901395  0.03906813  0.03401562  0.01923536  0.00000000  0.26449811  0.26449811  0.26963784  0.26963784  0.27092865  0.27092865  0.26321053  0.26321053  
2_0_0      0.31142631  0.27092865  0.28673402  0.27227699  0.25052257  0.25946316  0.25946316  0.26584220  0.26584220  0.25812337  0.26449811  0.26449811  0.00000000  0.00000000  0.06485316  0.07020471  0.05980799  0.05980799  0.05454133  0.05454133  
3_0_0      0.31142631  0.27092865  0.28673402  0.27227699  0.25052257  0.25946316  0.25946316  0.26584220  0.26584220  0.25812337  0.26449811  0.26449811  0.00000000  0.00000000  0.06485316  0.07020471  0.05980799  0.05980799  0.05454133  0.05454133  
1_0_0      0.30824884  0.28396118  0.30002038  0.28531781  0.31993740  0.26449811  0.26449811  0.27092865  0.27092865  0.26321053  0.28531781  0.26963784  0.06485316  0.06485316  0.00000000  0.00473951  0.04897848  0.03882218  0.03382080  0.03382080  
14_0_0     0.30824884  0.28396118  0.30002038  0.29334727  0.31993740  0.26449811  0.26449811  0.27092865  0.27092865  0.26321053  0.28531781  0.26963784  0.07020471  0.07020471  0.00473951  0.00000000  0.04387439  0.03382080  0.02886925  0.02886925  
5_0_0      0.27741600  0.25443741  0.26963784  0.26321053  0.30467022  0.26584220  0.26584220  0.27227699  0.27227699  0.26449811  0.27092865  0.27092865  0.05980799  0.05980799  0.04897848  0.04387439  0.00000000  0.01923536  0.01435629  0.01435629  
10_0_0     0.28531781  0.26197952  0.27741600  0.27092865  0.30467022  0.25052257  0.25052257  0.27227699  0.27227699  0.26449811  0.27092865  0.27092865  0.05980799  0.05980799  0.03882218  0.03382080  0.01923536  0.00000000  0.00473951  0.00473951  
4_0_0      0.27741600  0.25443741  0.26963784  0.26321053  0.29637186  0.25812337  0.25812337  0.26449811  0.26449811  0.25683910  0.26321053  0.26321053  0.05454133  0.05454133  0.03382080  0.02886925  0.01435629  0.00473951  0.00000000  0.00000000  
12_0_0     0.27741600  0.25443741  0.26963784  0.26321053  0.29637186  0.25812337  0.25812337  0.26449811  0.26449811  0.25683910  0.26321053  0.26321053  0.05454133  0.05454133  0.03382080  0.02886925  0.01435629  0.00473951  0.00000000  0.00000000  

