20
6_0_0      0.00000000  0.02421140  0.04081599  0.04926388  0.04926388  0.05352522  0.32541867  0.32541867  0.32541867  0.31921450  0.33167667  0.37040976  0.33798945  0.33167667  0.48518923  0.46980239  0.48518923  0.46980239  0.47745478  0.46223035  
3_0_0      0.02421140  0.00000000  0.02421140  0.03246591  0.03246591  0.03662887  0.31306324  0.32541867  0.32541867  0.31921450  0.31921450  0.38379725  0.35078323  0.33167667  0.46223035  0.44732066  0.46223035  0.44732066  0.48518923  0.43997983  
13_0_0     0.04081599  0.02421140  0.00000000  0.04081599  0.04081599  0.04502757  0.32541867  0.32541867  0.32541867  0.31921450  0.31921450  0.37040976  0.35078323  0.33167667  0.47745478  0.46223035  0.47745478  0.46223035  0.48518923  0.46980239  
14_0_0     0.04926388  0.03246591  0.04081599  0.00000000  0.00000000  0.01200411  0.30091592  0.31306324  0.32541867  0.30696401  0.30696401  0.37040976  0.33798945  0.30696401  0.43271297  0.41839527  0.43271297  0.41839527  0.50091149  0.42551859  
2_0_0      0.04926388  0.03246591  0.04081599  0.00000000  0.00000000  0.01200411  0.30091592  0.31306324  0.32541867  0.30696401  0.30696401  0.37040976  0.33798945  0.30696401  0.43271297  0.41839527  0.43271297  0.41839527  0.50091149  0.42551859  
11_0_0     0.05352522  0.03662887  0.04502757  0.01200411  0.01200411  0.00000000  0.30696401  0.31921450  0.33167667  0.31306324  0.31306324  0.37707244  0.34435797  0.32541867  0.43997983  0.42551859  0.43997983  0.42551859  0.50890305  0.43271297  
9_0_0      0.32541867  0.31306324  0.32541867  0.30091592  0.30091592  0.30696401  0.00000000  0.07963595  0.07082693  0.06646243  0.07521799  0.15427233  0.13487674  0.06646243  0.55024563  0.53342316  0.55024563  0.53342316  0.60320376  0.52515682  
10_0_0     0.32541867  0.32541867  0.32541867  0.31306324  0.31306324  0.31921450  0.07963595  0.00000000  0.02421140  0.01200411  0.02011930  0.11134349  0.10214106  0.02011930  0.62175734  0.60320376  0.62175734  0.60320376  0.62175734  0.55880633  
5_0_0      0.32541867  0.32541867  0.32541867  0.32541867  0.32541867  0.33167667  0.07082693  0.02421140  0.00000000  0.01200411  0.02011930  0.10214106  0.09305458  0.02011930  0.60320376  0.58511553  0.60320376  0.58511553  0.60320376  0.52515682  
7_0_0      0.31921450  0.31921450  0.31921450  0.30696401  0.30696401  0.31306324  0.06646243  0.01200411  0.01200411  0.00000000  0.00798050  0.09758351  0.08855391  0.00798050  0.59410294  0.57623873  0.59410294  0.57623873  0.61242089  0.53342316  
1_0_0      0.33167667  0.31921450  0.31921450  0.30696401  0.30696401  0.31306324  0.07521799  0.02011930  0.02011930  0.00798050  0.00000000  0.10672760  0.09758351  0.01605029  0.58511553  0.56746986  0.58511553  0.56746986  0.60320376  0.52515682  
4_0_0      0.37040976  0.38379725  0.37040976  0.37040976  0.37040976  0.37707244  0.15427233  0.11134349  0.10214106  0.09758351  0.10672760  0.00000000  0.15920384  0.09758351  0.54178535  0.52515682  0.54178535  0.52515682  0.64080084  0.51698415  
12_0_0     0.33798945  0.35078323  0.35078323  0.33798945  0.33798945  0.34435797  0.13487674  0.10214106  0.09305458  0.08855391  0.09758351  0.15920384  0.00000000  0.08855391  0.62175734  0.60320376  0.62175734  0.60320376  0.60320376  0.52515682  
8_0_0      0.33167667  0.33167667  0.33167667  0.30696401  0.30696401  0.32541867  0.06646243  0.02011930  0.02011930  0.00798050  0.01605029  0.09758351  0.08855391  0.00000000  0.57623873  0.55880633  0.57623873  0.55880633  0.61242089  0.51698415  
15_0_0     0.48518923  0.46223035  0.47745478  0.43271297  0.43271297  0.43997983  0.55024563  0.62175734  0.60320376  0.59410294  0.58511553  0.54178535  0.62175734  0.57623873  0.00000000  0.00798050  0.01605029  0.00798050  0.24865103  0.09758351  
18_0_0     0.46980239  0.44732066  0.46223035  0.41839527  0.41839527  0.42551859  0.53342316  0.60320376  0.58511553  0.57623873  0.56746986  0.52515682  0.60320376  0.55880633  0.00798050  0.00000000  0.00798050  0.00000000  0.24865103  0.08855391  
17_0_0     0.48518923  0.46223035  0.47745478  0.43271297  0.43271297  0.43997983  0.55024563  0.62175734  0.60320376  0.59410294  0.58511553  0.54178535  0.62175734  0.57623873  0.01605029  0.00798050  0.00000000  0.00798050  0.24865103  0.08855391  
19_0_0     0.46980239  0.44732066  0.46223035  0.41839527  0.41839527  0.42551859  0.53342316  0.60320376  0.58511553  0.57623873  0.56746986  0.52515682  0.60320376  0.55880633  0.00798050  0.00000000  0.00798050  0.00000000  0.24865103  0.08855391  
16_0_0     0.47745478  0.48518923  0.48518923  0.50091149  0.50091149  0.50890305  0.60320376  0.62175734  0.60320376  0.61242089  0.60320376  0.64080084  0.60320376  0.61242089  0.24865103  0.24865103  0.24865103  0.24865103  0.00000000  0.22117226  
20_0_0     0.46223035  0.43997983  0.46980239  0.42551859  0.42551859  0.43271297  0.52515682  0.55880633  0.52515682  0.53342316  0.52515682  0.51698415  0.52515682  0.51698415  0.09758351  0.08855391  0.08855391  0.08855391  0.22117226  0.00000000  

