149
88_59_0    0.00000000  0.05481942  0.05045589  0.03325365  0.04611784  0.02901462  0.02479964  0.02901462  0.48019686  0.44238091  0.39940495  0.44238091  0.42058219  0.42058219  0.40639716  0.42058219  0.41345582  0.46483871  0.42777759  0.47247810  0.40639716  0.41345582  0.44238091  0.44238091  0.39940495  0.42058219  0.40639716  0.41345582  0.41345582  0.39940495  0.43504337  0.38561493  0.39247794  0.38561493  0.40639716  0.36539833  0.40639716  0.46483871  0.41345582  0.40639716  0.39940495  0.46483871  0.46483871  0.37881475  0.48019686  0.43504337  0.45727709  0.44979166  0.44979166  0.38561493  0.37207625  0.39940495  0.42058219  0.39247794  0.38561493  0.40639716  0.51189989  0.46483871  0.47247810  0.50384639  0.46483871  0.52004166  0.52004166  0.52004166  0.49587926  0.48799668  0.43504337  0.48019686  0.43504337  0.42058219  0.45727709  0.44979166  0.48019686  0.43504337  0.44238091  0.44238091  0.47247810  0.46483871  0.42058219  0.42777759  0.42777759  0.44979166  0.52004166  0.51189989  0.52004166  0.53659790  0.53659790  0.47247810  0.48019686  0.45727709  0.48019686  0.48019686  0.45727709  0.46483871  0.43504337  0.45727709  0.39940495  0.58860289  0.57086028  0.59763569  0.58860289  0.42777759  0.41345582  0.40639716  0.39940495  0.48799668  0.48799668  0.48019686  0.44979166  0.47247810  0.44979166  0.49587926  0.46483871  0.45727709  0.48019686  0.48799668  0.48019686  0.48799668  0.46483871  0.46483871  0.42058219  0.38561493  0.42777759  0.42058219  0.49587926  0.52004166  0.53659790  0.50384639  0.52004166  0.52004166  0.52827365  0.54501648  0.53659790  0.55353157  0.54501648  0.53659790  0.51189989  0.42058219  0.42058219  0.39940495  0.44979166  0.45727709  0.45727709  0.45727709  0.46483871  0.45727709  0.45727709  0.49587926  0.44238091  
82_62_0    0.05481942  0.00000000  0.01229633  0.02901462  0.05045589  0.06806595  0.07253448  0.06362415  0.50384639  0.44979166  0.42058219  0.42777759  0.44238091  0.44238091  0.38561493  0.44238091  0.44979166  0.48799668  0.43504337  0.42777759  0.42058219  0.42777759  0.46483871  0.44979166  0.39247794  0.39247794  0.40639716  0.37207625  0.38561493  0.37207625  0.39247794  0.38561493  0.41345582  0.37881475  0.39247794  0.42777759  0.42777759  0.49587926  0.45727709  0.39247794  0.42777759  0.48019686  0.48019686  0.41345582  0.51189989  0.44238091  0.46483871  0.45727709  0.42777759  0.37207625  0.35877990  0.40639716  0.40639716  0.36539833  0.33927125  0.38561493  0.49587926  0.42058219  0.44238091  0.48799668  0.46483871  0.47247810  0.47247810  0.48799668  0.43504337  0.45727709  0.40639716  0.44979166  0.44979166  0.43504337  0.43504337  0.42777759  0.44238091  0.42058219  0.42777759  0.42777759  0.43504337  0.41345582  0.41345582  0.41345582  0.41345582  0.42777759  0.48799668  0.46483871  0.48799668  0.48799668  0.48799668  0.47247810  0.46483871  0.45727709  0.48799668  0.48019686  0.44979166  0.44238091  0.43504337  0.44238091  0.41345582  0.58860289  0.57967861  0.61603763  0.60677968  0.44238091  0.44238091  0.42058219  0.42777759  0.46483871  0.49587926  0.48799668  0.44238091  0.44979166  0.42777759  0.48019686  0.48019686  0.48799668  0.50384639  0.51189989  0.48019686  0.51189989  0.48019686  0.48019686  0.42777759  0.37881475  0.42058219  0.38561493  0.49587926  0.48799668  0.52004166  0.48799668  0.50384639  0.52004166  0.49587926  0.52004166  0.52827365  0.52004166  0.52827365  0.52004166  0.51189989  0.40639716  0.40639716  0.43504337  0.48799668  0.52827365  0.52004166  0.52004166  0.49587926  0.50384639  0.50384639  0.50384639  0.42777759  
82_59_0    0.05045589  0.01229633  0.00000000  0.02479964  0.05481942  0.06362415  0.06806595  0.05920874  0.48019686  0.44238091  0.39940495  0.40639716  0.43504337  0.43504337  0.37881475  0.42058219  0.44238091  0.46483871  0.41345582  0.43504337  0.39940495  0.40639716  0.45727709  0.42777759  0.38561493  0.38561493  0.41345582  0.37881475  0.39247794  0.37881475  0.39940495  0.37881475  0.40639716  0.37207625  0.38561493  0.42058219  0.42058219  0.47247810  0.43504337  0.39940495  0.42058219  0.47247810  0.45727709  0.40639716  0.49587926  0.44979166  0.47247810  0.46483871  0.44979166  0.37881475  0.35221993  0.39940495  0.38561493  0.35877990  0.33288058  0.39247794  0.48799668  0.42777759  0.46483871  0.49587926  0.47247810  0.49587926  0.49587926  0.51189989  0.45727709  0.46483871  0.41345582  0.44238091  0.42777759  0.42058219  0.42777759  0.42058219  0.44979166  0.41345582  0.42058219  0.40639716  0.42777759  0.42058219  0.40639716  0.42058219  0.42058219  0.43504337  0.48019686  0.47247810  0.49587926  0.49587926  0.49587926  0.48019686  0.47247810  0.44979166  0.49587926  0.48799668  0.45727709  0.44979166  0.44238091  0.43504337  0.42058219  0.59763569  0.58860289  0.64452457  0.63490703  0.42777759  0.42777759  0.42058219  0.41345582  0.48019686  0.49587926  0.48799668  0.42777759  0.43504337  0.41345582  0.49587926  0.46483871  0.48799668  0.48799668  0.49587926  0.46483871  0.51189989  0.45727709  0.45727709  0.41345582  0.37881475  0.42058219  0.38561493  0.48799668  0.48019686  0.54501648  0.51189989  0.52827365  0.52827365  0.51189989  0.54501648  0.55353157  0.54501648  0.53659790  0.54501648  0.52004166  0.40639716  0.40639716  0.42058219  0.48799668  0.52827365  0.52004166  0.52004166  0.49587926  0.48799668  0.48799668  0.48799668  0.42058219  
98_59_0    0.03325365  0.02901462  0.02479964  0.00000000  0.05481942  0.05481942  0.05045589  0.05045589  0.49587926  0.46483871  0.39940495  0.42777759  0.43504337  0.43504337  0.37881475  0.40639716  0.41345582  0.48019686  0.41345582  0.43504337  0.38561493  0.39247794  0.44238091  0.41345582  0.38561493  0.39940495  0.42777759  0.39247794  0.39247794  0.37881475  0.41345582  0.39247794  0.40639716  0.39940495  0.41345582  0.39940495  0.43504337  0.48019686  0.42777759  0.41345582  0.43504337  0.47247810  0.45727709  0.39247794  0.48799668  0.44979166  0.47247810  0.46483871  0.46483871  0.39247794  0.35221993  0.42058219  0.42777759  0.37207625  0.34571738  0.42058219  0.52004166  0.47247810  0.44979166  0.51189989  0.47247810  0.48019686  0.48019686  0.49587926  0.45727709  0.46483871  0.43504337  0.45727709  0.42777759  0.43504337  0.44979166  0.44238091  0.47247810  0.42777759  0.44979166  0.42058219  0.45727709  0.43504337  0.40639716  0.44238091  0.44238091  0.47247810  0.50384639  0.49587926  0.52004166  0.52004166  0.52004166  0.48799668  0.49587926  0.45727709  0.49587926  0.48799668  0.45727709  0.44979166  0.44238091  0.44979166  0.42058219  0.58860289  0.57967861  0.61603763  0.60677968  0.43504337  0.42058219  0.42777759  0.42058219  0.48019686  0.49587926  0.48799668  0.44238091  0.46483871  0.44238091  0.51189989  0.46483871  0.47247810  0.50384639  0.51189989  0.49587926  0.51189989  0.47247810  0.47247810  0.42777759  0.37881475  0.42058219  0.41345582  0.50384639  0.49587926  0.52827365  0.48019686  0.49587926  0.51189989  0.50384639  0.52827365  0.53659790  0.52827365  0.52004166  0.52827365  0.50384639  0.42058219  0.42058219  0.42058219  0.46483871  0.51189989  0.49587926  0.49587926  0.48799668  0.49587926  0.49587926  0.52827365  0.44238091  
86_59_0    0.04611784  0.05045589  0.05481942  0.05481942  0.00000000  0.06806595  0.06362415  0.05920874  0.52004166  0.43504337  0.42058219  0.42058219  0.42777759  0.42777759  0.41345582  0.44238091  0.43504337  0.44238091  0.43504337  0.44238091  0.41345582  0.42058219  0.44979166  0.43504337  0.39247794  0.39940495  0.38561493  0.39247794  0.37881475  0.40639716  0.41345582  0.39940495  0.42777759  0.40639716  0.40639716  0.41345582  0.42777759  0.50384639  0.46483871  0.41345582  0.42058219  0.48799668  0.48799668  0.38561493  0.50384639  0.44238091  0.46483871  0.45727709  0.42777759  0.41345582  0.38561493  0.39247794  0.42058219  0.37207625  0.37881475  0.39247794  0.48019686  0.43504337  0.44979166  0.48799668  0.45727709  0.48019686  0.48019686  0.51189989  0.47247810  0.49587926  0.41345582  0.44979166  0.43504337  0.41345582  0.44979166  0.44238091  0.48799668  0.42777759  0.44979166  0.45727709  0.45727709  0.43504337  0.42058219  0.45727709  0.45727709  0.42777759  0.50384639  0.49587926  0.50384639  0.50384639  0.50384639  0.45727709  0.46483871  0.44238091  0.47247810  0.47247810  0.46483871  0.47247810  0.44238091  0.46483871  0.42058219  0.56214539  0.55353157  0.58860289  0.57967861  0.43504337  0.42058219  0.41345582  0.40639716  0.48019686  0.49587926  0.47247810  0.47247810  0.46483871  0.44238091  0.46483871  0.46483871  0.45727709  0.50384639  0.51189989  0.47247810  0.54501648  0.50384639  0.50384639  0.47247810  0.39247794  0.43504337  0.41345582  0.52004166  0.52827365  0.51189989  0.49587926  0.51189989  0.49587926  0.52004166  0.52004166  0.51189989  0.51189989  0.52004166  0.51189989  0.47247810  0.41345582  0.41345582  0.44238091  0.45727709  0.48799668  0.48019686  0.48019686  0.47247810  0.44979166  0.44979166  0.47247810  0.47247810  
84_59_0    0.02901462  0.06806595  0.06362415  0.05481942  0.06806595  0.00000000  0.04611784  0.04611784  0.48019686  0.46483871  0.42058219  0.45727709  0.45727709  0.43504337  0.42058219  0.45727709  0.46483871  0.46483871  0.41345582  0.44238091  0.42058219  0.41345582  0.48019686  0.45727709  0.42058219  0.42058219  0.42058219  0.42777759  0.42777759  0.43504337  0.44979166  0.37881475  0.39940495  0.37881475  0.42777759  0.38561493  0.40639716  0.46483871  0.41345582  0.40639716  0.44238091  0.45727709  0.47247810  0.37881475  0.52004166  0.47247810  0.48019686  0.46483871  0.45727709  0.39940495  0.37207625  0.39940495  0.42058219  0.41345582  0.39940495  0.41345582  0.53659790  0.48799668  0.49587926  0.52004166  0.46483871  0.52004166  0.52004166  0.52004166  0.51189989  0.50384639  0.44979166  0.48019686  0.47247810  0.43504337  0.45727709  0.44979166  0.46483871  0.42777759  0.44238091  0.43504337  0.47247810  0.46483871  0.42058219  0.43504337  0.43504337  0.48019686  0.52827365  0.53659790  0.52827365  0.52827365  0.52827365  0.48019686  0.48799668  0.46483871  0.47247810  0.51189989  0.46483871  0.48799668  0.44238091  0.46483871  0.40639716  0.59763569  0.57967861  0.60677968  0.59763569  0.42777759  0.39247794  0.40639716  0.39940495  0.48799668  0.48799668  0.48019686  0.46483871  0.48799668  0.46483871  0.49587926  0.48019686  0.47247810  0.51189989  0.52004166  0.48019686  0.48799668  0.43504337  0.43504337  0.41345582  0.41345582  0.45727709  0.43504337  0.46483871  0.48799668  0.50384639  0.48799668  0.50384639  0.52004166  0.52004166  0.54501648  0.53659790  0.56214539  0.54501648  0.52004166  0.49587926  0.44238091  0.44238091  0.41345582  0.45727709  0.47247810  0.47247810  0.47247810  0.46483871  0.47247810  0.47247810  0.50384639  0.47247810  
87_59_0    0.02479964  0.07253448  0.06806595  0.05045589  0.06362415  0.04611784  0.00000000  0.03751701  0.48019686  0.43504337  0.39247794  0.42777759  0.43504337  0.42058219  0.39247794  0.42058219  0.42058219  0.47247810  0.43504337  0.46483871  0.41345582  0.42058219  0.46483871  0.43504337  0.40639716  0.42777759  0.41345582  0.40639716  0.42058219  0.40639716  0.42777759  0.39247794  0.38561493  0.40639716  0.42777759  0.37881475  0.44238091  0.49587926  0.44238091  0.44238091  0.43504337  0.45727709  0.48799668  0.38561493  0.48799668  0.47247810  0.49587926  0.48799668  0.45727709  0.40639716  0.36539833  0.39940495  0.42058219  0.40639716  0.39940495  0.41345582  0.52004166  0.47247810  0.48019686  0.51189989  0.48799668  0.52827365  0.52827365  0.52827365  0.50384639  0.49587926  0.44979166  0.47247810  0.42777759  0.44238091  0.46483871  0.45727709  0.48799668  0.42777759  0.46483871  0.42058219  0.48799668  0.48019686  0.43504337  0.44238091  0.44238091  0.46483871  0.51189989  0.50384639  0.51189989  0.52827365  0.52827365  0.48799668  0.48019686  0.45727709  0.48799668  0.49587926  0.48019686  0.47247810  0.45727709  0.48019686  0.42058219  0.60677968  0.58860289  0.61603763  0.60677968  0.44979166  0.42058219  0.41345582  0.40639716  0.49587926  0.48019686  0.47247810  0.45727709  0.48019686  0.45727709  0.48799668  0.47247810  0.46483871  0.48799668  0.49587926  0.47247810  0.48019686  0.47247810  0.47247810  0.42777759  0.40639716  0.44979166  0.42777759  0.48019686  0.50384639  0.52004166  0.52004166  0.53659790  0.52004166  0.54501648  0.56214539  0.55353157  0.55353157  0.54501648  0.55353157  0.52827365  0.42777759  0.42777759  0.42058219  0.48019686  0.48799668  0.48799668  0.48799668  0.49587926  0.48799668  0.48799668  0.52827365  0.47247810  
100_59_0   0.02901462  0.06362415  0.05920874  0.05045589  0.05920874  0.04611784  0.03751701  0.00000000  0.48019686  0.44979166  0.40639716  0.42777759  0.43504337  0.41345582  0.39247794  0.44238091  0.44238091  0.44979166  0.42777759  0.44238091  0.39940495  0.39940495  0.47247810  0.43504337  0.41345582  0.41345582  0.40639716  0.40639716  0.40639716  0.42058219  0.44238091  0.39940495  0.39247794  0.39940495  0.42777759  0.39247794  0.42777759  0.49587926  0.44238091  0.43504337  0.42058219  0.49587926  0.47247810  0.39940495  0.51189989  0.47247810  0.49587926  0.46483871  0.47247810  0.40639716  0.36539833  0.39940495  0.42058219  0.40639716  0.37881475  0.39940495  0.51189989  0.48019686  0.50384639  0.52827365  0.48799668  0.52004166  0.52004166  0.53659790  0.51189989  0.50384639  0.44238091  0.48019686  0.44979166  0.44238091  0.45727709  0.44979166  0.48019686  0.47247810  0.47247810  0.46483871  0.48019686  0.45727709  0.39940495  0.42777759  0.42777759  0.46483871  0.52004166  0.51189989  0.52004166  0.53659790  0.53659790  0.47247810  0.48019686  0.45727709  0.48799668  0.47247810  0.44979166  0.45727709  0.45727709  0.48019686  0.39940495  0.57967861  0.57086028  0.58860289  0.57967861  0.43504337  0.44238091  0.42777759  0.42058219  0.52004166  0.52004166  0.51189989  0.48019686  0.50384639  0.48019686  0.48799668  0.47247810  0.46483871  0.47247810  0.48019686  0.48019686  0.48019686  0.45727709  0.45727709  0.41345582  0.38561493  0.42777759  0.40639716  0.50384639  0.51189989  0.54501648  0.52827365  0.54501648  0.52827365  0.54501648  0.56214539  0.56214539  0.57086028  0.56214539  0.55353157  0.51189989  0.44238091  0.44238091  0.41345582  0.46483871  0.48019686  0.48019686  0.48019686  0.48799668  0.46483871  0.46483871  0.48799668  0.46483871  
77_0_0     0.48019686  0.50384639  0.48019686  0.49587926  0.52004166  0.48019686  0.48019686  0.48019686  0.00000000  0.15793674  0.13809194  0.11876352  0.16806156  0.16806156  0.13321248  0.13809194  0.13321248  0.14300366  0.23746708  0.28962213  0.24308451  0.24874475  0.31403197  0.25444846  0.28364297  0.24874475  0.26598895  0.30172679  0.30785390  0.29564981  0.32654442  0.29564981  0.29564981  0.30785390  0.27182713  0.32654442  0.25444846  0.25444846  0.25444846  0.26598895  0.28962213  0.29564981  0.26019629  0.29564981  0.26598895  0.27771156  0.28364297  0.27771156  0.31403197  0.31403197  0.30172679  0.31403197  0.28364297  0.32026185  0.33288058  0.28364297  0.32654442  0.33288058  0.36539833  0.35221993  0.31403197  0.32654442  0.32654442  0.33288058  0.32026185  0.31403197  0.32654442  0.29564981  0.27771156  0.33288058  0.30785390  0.32654442  0.32654442  0.33288058  0.32026185  0.30172679  0.32654442  0.33927125  0.35877990  0.38561493  0.38561493  0.42777759  0.39247794  0.39940495  0.39247794  0.39247794  0.39247794  0.42058219  0.42777759  0.42777759  0.37207625  0.38561493  0.38561493  0.39247794  0.35877990  0.33927125  0.35877990  0.40639716  0.35877990  0.35221993  0.33927125  0.35221993  0.36539833  0.37207625  0.34571738  0.43504337  0.41345582  0.42058219  0.37207625  0.36539833  0.39247794  0.40639716  0.38561493  0.40639716  0.35877990  0.35221993  0.33288058  0.31403197  0.32026185  0.32654442  0.34571738  0.36539833  0.37207625  0.36539833  0.35877990  0.34571738  0.34571738  0.34571738  0.35877990  0.36539833  0.39247794  0.38561493  0.38561493  0.36539833  0.36539833  0.35877990  0.37207625  0.36539833  0.37207625  0.31403197  0.44238091  0.45727709  0.45727709  0.45727709  0.44238091  0.45727709  0.45727709  0.47247810  0.34571738  
79_0_0     0.44238091  0.44979166  0.44238091  0.46483871  0.43504337  0.46483871  0.43504337  0.44979166  0.15793674  0.00000000  0.14794807  0.15292562  0.18873483  0.18873483  0.14794807  0.16806156  0.17317619  0.17832628  0.27182713  0.26019629  0.20999995  0.21541272  0.33927125  0.27182713  0.29564981  0.27771156  0.26019629  0.29564981  0.28962213  0.29564981  0.32026185  0.30785390  0.32026185  0.33927125  0.33288058  0.32026185  0.26598895  0.28962213  0.27771156  0.28962213  0.28364297  0.32654442  0.30172679  0.30172679  0.25444846  0.26019629  0.27182713  0.26598895  0.30785390  0.28364297  0.27771156  0.30172679  0.26598895  0.26598895  0.27771156  0.28962213  0.34571738  0.34571738  0.35877990  0.30785390  0.32026185  0.29564981  0.29564981  0.32654442  0.30172679  0.32026185  0.28364297  0.33288058  0.27771156  0.32654442  0.34571738  0.35221993  0.36539833  0.29564981  0.31403197  0.32654442  0.32654442  0.33927125  0.32654442  0.37207625  0.37207625  0.36539833  0.35877990  0.36539833  0.34571738  0.35221993  0.35221993  0.39940495  0.39247794  0.39940495  0.35221993  0.40639716  0.40639716  0.40639716  0.38561493  0.36539833  0.38561493  0.40639716  0.37207625  0.39940495  0.38561493  0.39247794  0.37881475  0.37207625  0.35877990  0.45727709  0.43504337  0.44979166  0.39247794  0.35877990  0.38561493  0.39940495  0.37881475  0.38561493  0.37881475  0.37207625  0.33288058  0.36539833  0.36539833  0.37207625  0.40639716  0.40639716  0.41345582  0.39940495  0.33288058  0.35877990  0.35877990  0.34571738  0.37207625  0.35877990  0.38561493  0.36539833  0.35877990  0.35877990  0.35877990  0.37207625  0.37207625  0.38561493  0.39247794  0.28364297  0.50384639  0.49587926  0.52827365  0.52827365  0.51189989  0.50384639  0.50384639  0.46483871  0.35877990  
79_97_0    0.39940495  0.42058219  0.39940495  0.39940495  0.42058219  0.42058219  0.39247794  0.40639716  0.13809194  0.14794807  0.00000000  0.09528944  0.16298190  0.14300366  0.12354868  0.09992529  0.11876352  0.12354868  0.22086523  0.24308451  0.22086523  0.22086523  0.29564981  0.21541272  0.25444846  0.26598895  0.27771156  0.27771156  0.30172679  0.23189180  0.28962213  0.25444846  0.23189180  0.24308451  0.29564981  0.27182713  0.27182713  0.30785390  0.27771156  0.30785390  0.28364297  0.28962213  0.28962213  0.30172679  0.26598895  0.24874475  0.29564981  0.28962213  0.33288058  0.28962213  0.24308451  0.26598895  0.23746708  0.26019629  0.26598895  0.24308451  0.29564981  0.30785390  0.30172679  0.33927125  0.30172679  0.30172679  0.30172679  0.30785390  0.30785390  0.29564981  0.27182713  0.28962213  0.23189180  0.28962213  0.30785390  0.32654442  0.33927125  0.27182713  0.32026185  0.26019629  0.32654442  0.32654442  0.29564981  0.37207625  0.37207625  0.39940495  0.36539833  0.37881475  0.37207625  0.35877990  0.35877990  0.39247794  0.39940495  0.39247794  0.36539833  0.35221993  0.36539833  0.34571738  0.37881475  0.35877990  0.33927125  0.43504337  0.40639716  0.40639716  0.39247794  0.32654442  0.33927125  0.33927125  0.32654442  0.40639716  0.39247794  0.39940495  0.39940495  0.37881475  0.39247794  0.39247794  0.36539833  0.35877990  0.37207625  0.36539833  0.38561493  0.37207625  0.35877990  0.35221993  0.36539833  0.36539833  0.38561493  0.37881475  0.37207625  0.34571738  0.38561493  0.37881475  0.39247794  0.37207625  0.40639716  0.39247794  0.38561493  0.37207625  0.37207625  0.39247794  0.37881475  0.38561493  0.38561493  0.25444846  0.44238091  0.48019686  0.43504337  0.43504337  0.42777759  0.42058219  0.42058219  0.45727709  0.35221993  
79_91_0    0.44238091  0.42777759  0.40639716  0.42777759  0.42058219  0.45727709  0.42777759  0.42777759  0.11876352  0.15292562  0.09528944  0.00000000  0.16806156  0.15793674  0.13321248  0.13809194  0.13321248  0.14300366  0.25444846  0.24874475  0.21541272  0.22635806  0.33288058  0.21541272  0.27182713  0.24874475  0.26019629  0.28364297  0.28364297  0.27771156  0.28364297  0.27771156  0.29564981  0.30785390  0.28962213  0.33288058  0.27771156  0.29564981  0.30785390  0.29564981  0.29564981  0.33927125  0.30172679  0.33288058  0.28962213  0.28962213  0.31403197  0.30785390  0.34571738  0.30172679  0.26598895  0.29564981  0.26019629  0.28364297  0.30172679  0.27771156  0.29564981  0.30785390  0.35221993  0.31403197  0.37881475  0.32654442  0.32654442  0.33927125  0.30785390  0.31403197  0.32026185  0.27182713  0.24308451  0.30785390  0.33288058  0.35221993  0.35221993  0.30172679  0.30172679  0.30785390  0.33288058  0.33288058  0.33927125  0.37881475  0.37881475  0.39247794  0.34571738  0.34571738  0.35221993  0.33927125  0.33927125  0.38561493  0.38561493  0.37881475  0.39247794  0.37207625  0.37207625  0.37881475  0.36539833  0.34571738  0.33927125  0.44238091  0.39940495  0.39247794  0.39247794  0.35221993  0.35221993  0.34571738  0.32026185  0.42777759  0.42058219  0.42777759  0.39940495  0.35221993  0.36539833  0.36539833  0.35877990  0.35221993  0.35221993  0.34571738  0.35221993  0.35877990  0.33927125  0.34571738  0.34571738  0.33927125  0.35877990  0.33288058  0.37881475  0.35221993  0.35221993  0.35877990  0.37207625  0.38561493  0.40639716  0.37881475  0.37881475  0.36539833  0.36539833  0.35877990  0.35877990  0.37207625  0.37207625  0.28962213  0.43504337  0.47247810  0.43504337  0.43504337  0.44238091  0.41345582  0.41345582  0.43504337  0.36539833  
85_91_0    0.42058219  0.44238091  0.43504337  0.43504337  0.42777759  0.45727709  0.43504337  0.43504337  0.16806156  0.18873483  0.16298190  0.16806156  0.00000000  0.04180498  0.11876352  0.14794807  0.17832628  0.17317619  0.30785390  0.35221993  0.28364297  0.27182713  0.33288058  0.24308451  0.30785390  0.28962213  0.30172679  0.32026185  0.32654442  0.28364297  0.31403197  0.30785390  0.32026185  0.33288058  0.32654442  0.29564981  0.32654442  0.36539833  0.35877990  0.35221993  0.32654442  0.35221993  0.32026185  0.35221993  0.27182713  0.29564981  0.30172679  0.29564981  0.30785390  0.30172679  0.28962213  0.31403197  0.30172679  0.26019629  0.31403197  0.28364297  0.38561493  0.36539833  0.37881475  0.35221993  0.35877990  0.33927125  0.33927125  0.37881475  0.36539833  0.33288058  0.30172679  0.29564981  0.25444846  0.28962213  0.32654442  0.34571738  0.34571738  0.32026185  0.32026185  0.32026185  0.36539833  0.36539833  0.35221993  0.42777759  0.42777759  0.39940495  0.42058219  0.41345582  0.40639716  0.41345582  0.41345582  0.42058219  0.42777759  0.44979166  0.37207625  0.35877990  0.37207625  0.36539833  0.40639716  0.38561493  0.36539833  0.44238091  0.44238091  0.39940495  0.38561493  0.38561493  0.34571738  0.34571738  0.33288058  0.48019686  0.47247810  0.48019686  0.44238091  0.40639716  0.43504337  0.39940495  0.39247794  0.39940495  0.36539833  0.35877990  0.37207625  0.33927125  0.34571738  0.35221993  0.36539833  0.31403197  0.32026185  0.32654442  0.33927125  0.33927125  0.37207625  0.35877990  0.37207625  0.36539833  0.37207625  0.35221993  0.35221993  0.33927125  0.33927125  0.37207625  0.38561493  0.35877990  0.36539833  0.32654442  0.45727709  0.43504337  0.43504337  0.43504337  0.44238091  0.42058219  0.42058219  0.47247810  0.37207625  
78_91_0    0.42058219  0.44238091  0.43504337  0.43504337  0.42777759  0.43504337  0.42058219  0.41345582  0.16806156  0.18873483  0.14300366  0.15793674  0.04180498  0.00000000  0.11876352  0.16806156  0.18873483  0.17317619  0.30172679  0.33288058  0.27182713  0.26598895  0.34571738  0.23189180  0.30785390  0.26598895  0.28962213  0.30785390  0.31403197  0.32654442  0.35877990  0.35221993  0.32026185  0.33288058  0.35221993  0.32654442  0.33927125  0.37881475  0.35877990  0.36539833  0.35221993  0.37881475  0.35877990  0.36539833  0.32026185  0.30785390  0.32654442  0.33288058  0.33288058  0.32654442  0.30172679  0.32654442  0.30172679  0.29564981  0.31403197  0.27182713  0.36539833  0.35877990  0.39940495  0.35877990  0.37881475  0.34571738  0.34571738  0.37207625  0.37207625  0.33288058  0.30172679  0.32026185  0.27771156  0.33288058  0.35877990  0.37881475  0.36539833  0.33288058  0.34571738  0.35221993  0.37881475  0.37881475  0.33288058  0.40639716  0.40639716  0.40639716  0.42058219  0.41345582  0.40639716  0.38561493  0.38561493  0.39940495  0.40639716  0.42777759  0.37881475  0.35877990  0.35877990  0.35221993  0.37881475  0.35877990  0.33927125  0.44238091  0.41345582  0.38561493  0.37207625  0.35877990  0.32654442  0.32026185  0.30785390  0.45727709  0.44979166  0.47247810  0.43504337  0.39940495  0.42777759  0.39940495  0.42058219  0.41345582  0.36539833  0.35877990  0.35877990  0.33288058  0.32654442  0.33288058  0.35877990  0.33288058  0.33927125  0.32026185  0.33927125  0.32654442  0.33288058  0.34571738  0.35877990  0.35221993  0.37207625  0.34571738  0.35221993  0.33927125  0.33927125  0.37207625  0.38561493  0.39247794  0.39940495  0.33288058  0.43504337  0.45727709  0.44979166  0.44979166  0.45727709  0.43504337  0.43504337  0.48799668  0.39247794  
77_91_0    0.40639716  0.38561493  0.37881475  0.37881475  0.41345582  0.42058219  0.39247794  0.39247794  0.13321248  0.14794807  0.12354868  0.13321248  0.11876352  0.11876352  0.00000000  0.10928469  0.15292562  0.14794807  0.23746708  0.23189180  0.22086523  0.22635806  0.32026185  0.22086523  0.26598895  0.26598895  0.27182713  0.24308451  0.24874475  0.25444846  0.27771156  0.27771156  0.28364297  0.30785390  0.30785390  0.28962213  0.25444846  0.27182713  0.26019629  0.27182713  0.28962213  0.30785390  0.27771156  0.29564981  0.24874475  0.27182713  0.28962213  0.28364297  0.27771156  0.26598895  0.23746708  0.26019629  0.23746708  0.24308451  0.24874475  0.24308451  0.33927125  0.35221993  0.33288058  0.30785390  0.34571738  0.30785390  0.30785390  0.30172679  0.33288058  0.31403197  0.26598895  0.28962213  0.23189180  0.31403197  0.30172679  0.30785390  0.31403197  0.26019629  0.30172679  0.26598895  0.31403197  0.30172679  0.31403197  0.37881475  0.37881475  0.37207625  0.36539833  0.37207625  0.35221993  0.37207625  0.37207625  0.37881475  0.38561493  0.40639716  0.34571738  0.37881475  0.37207625  0.36539833  0.37207625  0.35221993  0.34571738  0.41345582  0.39940495  0.39247794  0.37881475  0.31403197  0.34571738  0.30172679  0.31403197  0.42777759  0.43504337  0.42777759  0.37881475  0.35877990  0.37207625  0.41345582  0.36539833  0.38561493  0.35221993  0.34571738  0.35221993  0.33927125  0.37881475  0.38561493  0.33927125  0.32654442  0.35877990  0.35221993  0.30172679  0.30785390  0.29564981  0.28364297  0.30785390  0.32654442  0.34571738  0.31403197  0.30172679  0.30785390  0.29564981  0.31403197  0.32654442  0.35221993  0.34571738  0.28364297  0.39940495  0.44238091  0.42777759  0.42777759  0.42058219  0.42058219  0.42058219  0.43504337  0.35877990  
96_103_0   0.42058219  0.44238091  0.42058219  0.40639716  0.44238091  0.45727709  0.42058219  0.44238091  0.13809194  0.16806156  0.09992529  0.13809194  0.14794807  0.16806156  0.10928469  0.00000000  0.09992529  0.13321248  0.24308451  0.26598895  0.22086523  0.22635806  0.27771156  0.21541272  0.25444846  0.25444846  0.27771156  0.28364297  0.28962213  0.22086523  0.29564981  0.26598895  0.26598895  0.27771156  0.26019629  0.25444846  0.26019629  0.25444846  0.26598895  0.27182713  0.28364297  0.25444846  0.25444846  0.27771156  0.24308451  0.25444846  0.26598895  0.28962213  0.28962213  0.29564981  0.26019629  0.29564981  0.26598895  0.26019629  0.27771156  0.26598895  0.32654442  0.32026185  0.31403197  0.31403197  0.28962213  0.27182713  0.27182713  0.29564981  0.27771156  0.29564981  0.27182713  0.24874475  0.22086523  0.28364297  0.30172679  0.32654442  0.31403197  0.26598895  0.30172679  0.25444846  0.30785390  0.30785390  0.33288058  0.37207625  0.37207625  0.39247794  0.35877990  0.37881475  0.37207625  0.38561493  0.38561493  0.44238091  0.43504337  0.41345582  0.35221993  0.37207625  0.35877990  0.35221993  0.38561493  0.36539833  0.35877990  0.42058219  0.43504337  0.39247794  0.37881475  0.34571738  0.36539833  0.35221993  0.35221993  0.41345582  0.40639716  0.39940495  0.35221993  0.34571738  0.35877990  0.40639716  0.37207625  0.39247794  0.37881475  0.37207625  0.37207625  0.37207625  0.34571738  0.33927125  0.36539833  0.37207625  0.39247794  0.39247794  0.34571738  0.30785390  0.35221993  0.31403197  0.32654442  0.34571738  0.36539833  0.35221993  0.33927125  0.33288058  0.33288058  0.35221993  0.35221993  0.36539833  0.35877990  0.29564981  0.42777759  0.46483871  0.45727709  0.45727709  0.44979166  0.45727709  0.45727709  0.49587926  0.35221993  
76_99_0    0.41345582  0.44979166  0.44238091  0.41345582  0.43504337  0.46483871  0.42058219  0.44238091  0.13321248  0.17317619  0.11876352  0.13321248  0.17832628  0.18873483  0.15292562  0.09992529  0.00000000  0.08610364  0.24308451  0.27771156  0.22086523  0.23746708  0.27182713  0.22635806  0.25444846  0.27182713  0.26598895  0.28364297  0.28962213  0.23746708  0.28364297  0.25444846  0.26598895  0.27771156  0.26598895  0.29564981  0.25444846  0.27182713  0.26019629  0.27771156  0.23746708  0.28364297  0.26019629  0.26019629  0.25444846  0.25444846  0.28364297  0.28962213  0.28364297  0.30172679  0.28364297  0.33288058  0.30172679  0.27182713  0.30785390  0.27771156  0.30172679  0.30785390  0.28364297  0.29564981  0.26598895  0.25444846  0.25444846  0.28364297  0.23746708  0.23746708  0.24308451  0.24874475  0.22086523  0.29564981  0.30785390  0.33288058  0.32654442  0.28364297  0.31403197  0.26019629  0.31403197  0.32654442  0.34571738  0.36539833  0.36539833  0.39940495  0.34571738  0.33927125  0.34571738  0.36539833  0.36539833  0.41345582  0.42777759  0.40639716  0.32026185  0.32654442  0.32654442  0.33288058  0.32654442  0.30785390  0.30785390  0.40639716  0.39247794  0.39940495  0.38561493  0.34571738  0.33927125  0.33927125  0.32654442  0.43504337  0.40639716  0.40639716  0.39247794  0.37207625  0.37207625  0.39940495  0.37207625  0.37881475  0.44979166  0.44238091  0.40639716  0.37207625  0.39247794  0.39247794  0.36539833  0.39940495  0.42058219  0.42777759  0.37881475  0.36539833  0.34571738  0.32026185  0.33927125  0.35221993  0.35221993  0.35877990  0.35877990  0.33288058  0.33288058  0.36539833  0.35221993  0.40639716  0.41345582  0.29564981  0.44979166  0.43504337  0.45727709  0.45727709  0.48019686  0.45727709  0.45727709  0.47247810  0.34571738  
76_0_0     0.46483871  0.48799668  0.46483871  0.48019686  0.44238091  0.46483871  0.47247810  0.44979166  0.14300366  0.17832628  0.12354868  0.14300366  0.17317619  0.17317619  0.14794807  0.13321248  0.08610364  0.00000000  0.27182713  0.26019629  0.27182713  0.26598895  0.30172679  0.22635806  0.26019629  0.24308451  0.24874475  0.28962213  0.28364297  0.26598895  0.28364297  0.24308451  0.27182713  0.26598895  0.27182713  0.32026185  0.23746708  0.27182713  0.24874475  0.25444846  0.24308451  0.27771156  0.25444846  0.26019629  0.27182713  0.28364297  0.31403197  0.29564981  0.26598895  0.30172679  0.28962213  0.30172679  0.26598895  0.27771156  0.32026185  0.27182713  0.33288058  0.35221993  0.35877990  0.32026185  0.27771156  0.28962213  0.28962213  0.32654442  0.29564981  0.28962213  0.23746708  0.26019629  0.23189180  0.29564981  0.30785390  0.32654442  0.33927125  0.28364297  0.29564981  0.29564981  0.34571738  0.33288058  0.33927125  0.37207625  0.37207625  0.40639716  0.36539833  0.37207625  0.36539833  0.37881475  0.37881475  0.42058219  0.43504337  0.42058219  0.32654442  0.33927125  0.33288058  0.33927125  0.33927125  0.32026185  0.32654442  0.39247794  0.40639716  0.39247794  0.37881475  0.33288058  0.34571738  0.32654442  0.31403197  0.43504337  0.40639716  0.39940495  0.41345582  0.36539833  0.36539833  0.39940495  0.35877990  0.36539833  0.39940495  0.39247794  0.39940495  0.37881475  0.38561493  0.39247794  0.38561493  0.33288058  0.36539833  0.35877990  0.32654442  0.30785390  0.35877990  0.34571738  0.37207625  0.35221993  0.36539833  0.35221993  0.32654442  0.33288058  0.33927125  0.35877990  0.33288058  0.40639716  0.41345582  0.29564981  0.44979166  0.46483871  0.47247810  0.47247810  0.46483871  0.44238091  0.44238091  0.43504337  0.40639716  
77_86_0    0.42777759  0.43504337  0.41345582  0.41345582  0.43504337  0.41345582  0.43504337  0.42777759  0.23746708  0.27182713  0.22086523  0.25444846  0.30785390  0.30172679  0.23746708  0.24308451  0.24308451  0.27182713  0.00000000  0.18351232  0.13321248  0.12354868  0.22635806  0.17317619  0.19399431  0.22086523  0.19929130  0.23189180  0.23189180  0.21541272  0.24874475  0.23189180  0.22086523  0.21541272  0.25444846  0.23746708  0.22086523  0.28364297  0.28364297  0.23746708  0.28364297  0.24308451  0.22086523  0.22635806  0.22635806  0.24308451  0.27771156  0.24874475  0.24874475  0.25444846  0.22635806  0.23189180  0.22635806  0.25444846  0.24874475  0.25444846  0.35221993  0.31403197  0.30172679  0.32026185  0.30172679  0.31403197  0.31403197  0.27182713  0.28364297  0.30172679  0.26598895  0.26019629  0.25444846  0.27771156  0.26019629  0.27182713  0.28962213  0.27771156  0.30172679  0.26598895  0.26019629  0.27771156  0.30785390  0.37881475  0.37881475  0.38561493  0.37207625  0.39247794  0.37207625  0.34571738  0.34571738  0.33288058  0.33927125  0.33288058  0.28364297  0.32026185  0.26598895  0.26598895  0.28962213  0.27182713  0.27771156  0.33288058  0.33927125  0.34571738  0.33288058  0.28364297  0.30785390  0.31403197  0.30172679  0.35221993  0.36539833  0.35877990  0.33927125  0.37207625  0.36539833  0.35877990  0.35221993  0.35221993  0.42058219  0.41345582  0.40639716  0.42777759  0.35877990  0.35221993  0.35221993  0.44238091  0.44238091  0.41345582  0.37881475  0.37881475  0.39247794  0.38561493  0.38561493  0.39247794  0.41345582  0.40639716  0.39247794  0.37207625  0.36539833  0.38561493  0.37881475  0.40639716  0.39940495  0.28364297  0.40639716  0.44979166  0.44979166  0.45727709  0.44238091  0.45727709  0.45727709  0.42777759  0.37207625  
91_86_0    0.47247810  0.42777759  0.43504337  0.43504337  0.44238091  0.44238091  0.46483871  0.44238091  0.28962213  0.26019629  0.24308451  0.24874475  0.35221993  0.33288058  0.23189180  0.26598895  0.27771156  0.26019629  0.18351232  0.00000000  0.17317619  0.16298190  0.32654442  0.28962213  0.28364297  0.26019629  0.24308451  0.26019629  0.24308451  0.29564981  0.28364297  0.26019629  0.25444846  0.27182713  0.32654442  0.28962213  0.26019629  0.28364297  0.27771156  0.26598895  0.30172679  0.27771156  0.26598895  0.26598895  0.24308451  0.27182713  0.28962213  0.27182713  0.26019629  0.30785390  0.28962213  0.28364297  0.26598895  0.29564981  0.28364297  0.27182713  0.35877990  0.34571738  0.33927125  0.33288058  0.34571738  0.31403197  0.31403197  0.33288058  0.31403197  0.33927125  0.30172679  0.29564981  0.30172679  0.33288058  0.33288058  0.34571738  0.33927125  0.30785390  0.30172679  0.31403197  0.27771156  0.27771156  0.28364297  0.40639716  0.40639716  0.42058219  0.42777759  0.43504337  0.42777759  0.42777759  0.42777759  0.42058219  0.42058219  0.42058219  0.32026185  0.37881475  0.35877990  0.35877990  0.35877990  0.35221993  0.35221993  0.46483871  0.45727709  0.44238091  0.44238091  0.35877990  0.38561493  0.38561493  0.38561493  0.44238091  0.43504337  0.44238091  0.42058219  0.44238091  0.42058219  0.37881475  0.37881475  0.37881475  0.37881475  0.37207625  0.39247794  0.42058219  0.41345582  0.42058219  0.33927125  0.41345582  0.41345582  0.38561493  0.39247794  0.39247794  0.40639716  0.39247794  0.40639716  0.44238091  0.40639716  0.41345582  0.40639716  0.43504337  0.41345582  0.38561493  0.35877990  0.43504337  0.42777759  0.28962213  0.46483871  0.49587926  0.47247810  0.47247810  0.44979166  0.48019686  0.48019686  0.42058219  0.40639716  
76_102_0   0.40639716  0.42058219  0.39940495  0.38561493  0.41345582  0.42058219  0.41345582  0.39940495  0.24308451  0.20999995  0.22086523  0.21541272  0.28364297  0.27182713  0.22086523  0.22086523  0.22086523  0.27182713  0.13321248  0.17317619  0.00000000  0.02060844  0.24874475  0.20462633  0.24874475  0.21541272  0.23746708  0.25444846  0.25444846  0.21541272  0.24308451  0.23189180  0.22086523  0.24874475  0.27771156  0.26019629  0.23746708  0.26019629  0.25444846  0.24308451  0.24308451  0.26019629  0.23746708  0.24308451  0.20462633  0.24874475  0.26598895  0.26019629  0.28364297  0.27771156  0.23746708  0.26019629  0.24874475  0.24874475  0.24874475  0.24308451  0.31403197  0.32026185  0.32654442  0.31403197  0.32654442  0.29564981  0.29564981  0.31403197  0.26598895  0.30785390  0.30785390  0.28364297  0.22635806  0.28962213  0.29564981  0.32026185  0.29564981  0.27182713  0.29564981  0.27771156  0.28962213  0.29564981  0.26598895  0.35221993  0.35221993  0.33927125  0.31403197  0.32026185  0.32026185  0.31403197  0.31403197  0.39247794  0.36539833  0.35877990  0.29564981  0.33927125  0.32654442  0.33288058  0.32654442  0.31403197  0.31403197  0.39247794  0.38561493  0.40639716  0.39247794  0.35221993  0.36539833  0.37881475  0.35877990  0.44979166  0.43504337  0.44979166  0.40639716  0.42058219  0.42777759  0.40639716  0.38561493  0.39940495  0.36539833  0.35877990  0.34571738  0.38561493  0.37881475  0.38561493  0.36539833  0.42058219  0.42058219  0.40639716  0.39247794  0.37881475  0.41345582  0.38561493  0.39940495  0.43504337  0.42058219  0.42058219  0.41345582  0.41345582  0.41345582  0.39940495  0.37881475  0.39940495  0.39247794  0.30785390  0.45727709  0.49587926  0.48019686  0.48799668  0.50384639  0.48019686  0.48019686  0.43504337  0.37207625  
76_86_0    0.41345582  0.42777759  0.40639716  0.39247794  0.42058219  0.41345582  0.42058219  0.39940495  0.24874475  0.21541272  0.22086523  0.22635806  0.27182713  0.26598895  0.22635806  0.22635806  0.23746708  0.26598895  0.12354868  0.16298190  0.02060844  0.00000000  0.24308451  0.19399431  0.23746708  0.20999995  0.22086523  0.24874475  0.24874475  0.20999995  0.24308451  0.22635806  0.20999995  0.23746708  0.27182713  0.25444846  0.23746708  0.26598895  0.26019629  0.24874475  0.24874475  0.25444846  0.23189180  0.24874475  0.20462633  0.25444846  0.27182713  0.25444846  0.27771156  0.26019629  0.22086523  0.24308451  0.23189180  0.24308451  0.24308451  0.23746708  0.32654442  0.33288058  0.33927125  0.32654442  0.33288058  0.29564981  0.29564981  0.30785390  0.27771156  0.32026185  0.31403197  0.28962213  0.23189180  0.28364297  0.28962213  0.31403197  0.28962213  0.27771156  0.28962213  0.27182713  0.28364297  0.28962213  0.26598895  0.36539833  0.36539833  0.35221993  0.32654442  0.34571738  0.33288058  0.32026185  0.32026185  0.39940495  0.37207625  0.36539833  0.29564981  0.33288058  0.32026185  0.32654442  0.33288058  0.32026185  0.32026185  0.39247794  0.39247794  0.39940495  0.38561493  0.35877990  0.37207625  0.38561493  0.36539833  0.45727709  0.44238091  0.45727709  0.42058219  0.43504337  0.45727709  0.39940495  0.38561493  0.39247794  0.34571738  0.33927125  0.33927125  0.37881475  0.35221993  0.35877990  0.35221993  0.42058219  0.42058219  0.39940495  0.38561493  0.37207625  0.42058219  0.39940495  0.41345582  0.43504337  0.42058219  0.42058219  0.41345582  0.41345582  0.41345582  0.39940495  0.37881475  0.41345582  0.40639716  0.30172679  0.46483871  0.49587926  0.47247810  0.48019686  0.48019686  0.47247810  0.47247810  0.42058219  0.39940495  
