20
5_0_0      0.00000000  0.06652812  0.06157341  0.12332914  0.12332914  0.15624519  0.16187582  0.15624519  0.13413992  0.13413992  0.12871487  0.33984349  0.34706030  0.29119828  0.29119828  0.30477496  0.33269611  0.33269611  0.33269611  0.31165749  
4_0_0      0.06652812  0.00000000  0.01376306  0.10740232  0.10740232  0.12871487  0.14511034  0.12871487  0.11798217  0.11798217  0.11798217  0.31860438  0.32561683  0.28450186  0.28450186  0.29795561  0.31165749  0.32561683  0.32561683  0.30477496  
3_0_0      0.06157341  0.01376306  0.00000000  0.10216837  0.10216837  0.12332914  0.13960488  0.12332914  0.11267342  0.11267342  0.11267342  0.31165749  0.31860438  0.27786526  0.27786526  0.29795561  0.30477496  0.31860438  0.31860438  0.29795561  
2_0_0      0.12332914  0.10740232  0.10216837  0.00000000  0.00000000  0.09180979  0.08668416  0.06652812  0.06652812  0.06652812  0.05665152  0.31165749  0.31860438  0.26476730  0.26476730  0.28450186  0.34706030  0.29119828  0.29119828  0.25830391  
8_0_0      0.12332914  0.10740232  0.10216837  0.00000000  0.00000000  0.09180979  0.08668416  0.06652812  0.06652812  0.06652812  0.05665152  0.31165749  0.31860438  0.26476730  0.26476730  0.28450186  0.34706030  0.29119828  0.29119828  0.25830391  
6_0_0      0.15624519  0.12871487  0.12332914  0.09180979  0.09180979  0.00000000  0.10216837  0.09180979  0.11798217  0.11798217  0.11267342  0.31165749  0.33269611  0.29119828  0.29119828  0.29795561  0.31860438  0.32561683  0.31860438  0.27786526  
9_0_0      0.16187582  0.14511034  0.13960488  0.08668416  0.08668416  0.10216837  0.00000000  0.08668416  0.11267342  0.11267342  0.10740232  0.30477496  0.29795561  0.25830391  0.25830391  0.26476730  0.31165749  0.27786526  0.27128741  0.27128741  
1_0_0      0.15624519  0.12871487  0.12332914  0.06652812  0.06652812  0.09180979  0.08668416  0.00000000  0.11267342  0.11267342  0.10216837  0.31860438  0.29795561  0.27128741  0.27128741  0.29119828  0.34706030  0.30477496  0.29795561  0.27128741  
7_0_0      0.13413992  0.11798217  0.11267342  0.06652812  0.06652812  0.11798217  0.11267342  0.11267342  0.00000000  0.00000000  0.02778591  0.31165749  0.31860438  0.27786526  0.27786526  0.28450186  0.33269611  0.31860438  0.30477496  0.28450186  
11_0_0     0.13413992  0.11798217  0.11267342  0.06652812  0.06652812  0.11798217  0.11267342  0.11267342  0.00000000  0.00000000  0.02778591  0.31165749  0.31860438  0.27786526  0.27786526  0.28450186  0.33269611  0.31860438  0.30477496  0.28450186  
10_0_0     0.12871487  0.11798217  0.11267342  0.05665152  0.05665152  0.11267342  0.10740232  0.10216837  0.02778591  0.02778591  0.00000000  0.30477496  0.31165749  0.27128741  0.27128741  0.29119828  0.32561683  0.31165749  0.29795561  0.27786526  
16_0_0     0.33984349  0.31860438  0.31165749  0.31165749  0.31165749  0.31165749  0.30477496  0.31860438  0.31165749  0.31165749  0.30477496  0.00000000  0.04207853  0.08159365  0.08159365  0.09697102  0.13960488  0.08159365  0.07151610  0.09697102  
17_0_0     0.34706030  0.32561683  0.31860438  0.31860438  0.31860438  0.33269611  0.29795561  0.29795561  0.31860438  0.31860438  0.31165749  0.04207853  0.00000000  0.09697102  0.09697102  0.11267342  0.16754946  0.10740232  0.09697102  0.13413992  
19_0_0     0.29119828  0.28450186  0.27786526  0.26476730  0.26476730  0.29119828  0.25830391  0.27128741  0.27786526  0.27786526  0.27128741  0.08159365  0.09697102  0.00000000  0.00000000  0.01376306  0.13413992  0.03728371  0.02778591  0.08159365  
12_0_0     0.29119828  0.28450186  0.27786526  0.26476730  0.26476730  0.29119828  0.25830391  0.27128741  0.27786526  0.27786526  0.27128741  0.08159365  0.09697102  0.00000000  0.00000000  0.01376306  0.13413992  0.03728371  0.02778591  0.08159365  
20_0_0     0.30477496  0.29795561  0.29795561  0.28450186  0.28450186  0.29795561  0.26476730  0.29119828  0.28450186  0.28450186  0.29119828  0.09697102  0.11267342  0.01376306  0.01376306  0.00000000  0.13960488  0.05176203  0.04207853  0.09697102  
13_0_0     0.33269611  0.31165749  0.30477496  0.34706030  0.34706030  0.31860438  0.31165749  0.34706030  0.33269611  0.33269611  0.32561683  0.13960488  0.16754946  0.13413992  0.13413992  0.13960488  0.00000000  0.12332914  0.13413992  0.16187582  
14_0_0     0.33269611  0.32561683  0.31860438  0.29119828  0.29119828  0.32561683  0.27786526  0.30477496  0.31860438  0.31860438  0.31165749  0.08159365  0.10740232  0.03728371  0.03728371  0.05176203  0.12332914  0.00000000  0.00914699  0.06157341  
18_0_0     0.33269611  0.32561683  0.31860438  0.29119828  0.29119828  0.31860438  0.27128741  0.29795561  0.30477496  0.30477496  0.29795561  0.07151610  0.09697102  0.02778591  0.02778591  0.04207853  0.13413992  0.00914699  0.00000000  0.06157341  
15_0_0     0.31165749  0.30477496  0.29795561  0.25830391  0.25830391  0.27786526  0.27128741  0.27128741  0.28450186  0.28450186  0.27786526  0.09697102  0.13413992  0.08159365  0.08159365  0.09697102  0.16187582  0.06157341  0.06157341  0.00000000  

