20
20_0_0     0.00000000  0.30759638  0.20385605  0.23924771  0.19697787  0.19697787  0.20385605  0.19697787  0.18341177  0.22488575  0.21780874  0.26133135  0.24653539  0.24653539  0.26133135  0.25389611  0.25389611  0.19697787  0.20385605  0.20385605  
16_0_0     0.30759638  0.00000000  0.19016350  0.21780874  0.21079926  0.30759638  0.31559870  0.30759638  0.30759638  0.34014248  0.33186975  0.28409963  0.29968031  0.29968031  0.25389611  0.26133135  0.32368917  0.34014248  0.34850945  0.34850945  
15_0_0     0.20385605  0.19016350  0.00000000  0.11910329  0.11297161  0.21780874  0.22488575  0.21780874  0.21780874  0.26133135  0.25389611  0.21079926  0.21079926  0.21079926  0.25389611  0.26133135  0.24653539  0.27643151  0.26884262  0.28409963  
14_0_0     0.23924771  0.21780874  0.11910329  0.00000000  0.05997505  0.25389611  0.24653539  0.25389611  0.23924771  0.29968031  0.29184866  0.25389611  0.26133135  0.26133135  0.23924771  0.24653539  0.24653539  0.26884262  0.27643151  0.27643151  
6_0_0      0.19697787  0.21079926  0.11297161  0.05997505  0.00000000  0.23924771  0.23203162  0.23924771  0.22488575  0.25389611  0.24653539  0.21780874  0.22488575  0.22488575  0.23203162  0.23924771  0.23924771  0.26884262  0.27643151  0.27643151  
10_0_0     0.19697787  0.30759638  0.21780874  0.25389611  0.23924771  0.00000000  0.00525435  0.00000000  0.02124678  0.09487785  0.08894431  0.16352119  0.15055391  0.15055391  0.20385605  0.21079926  0.18341177  0.26133135  0.23924771  0.25389611  
4_0_0      0.20385605  0.31559870  0.22488575  0.24653539  0.23203162  0.00525435  0.00000000  0.00525435  0.02665593  0.10085971  0.09487785  0.17009171  0.15700893  0.15700893  0.21079926  0.21780874  0.19016350  0.26884262  0.24653539  0.26133135  
12_0_0     0.19697787  0.30759638  0.21780874  0.25389611  0.23924771  0.00000000  0.00525435  0.00000000  0.02124678  0.09487785  0.08894431  0.16352119  0.15055391  0.15055391  0.20385605  0.21079926  0.18341177  0.26133135  0.23924771  0.25389611  
5_0_0      0.18341177  0.30759638  0.21780874  0.23924771  0.22488575  0.02124678  0.02665593  0.02124678  0.00000000  0.08305833  0.07721914  0.15055391  0.13781160  0.13781160  0.20385605  0.21079926  0.18341177  0.23924771  0.21780874  0.23203162  
11_0_0     0.22488575  0.34014248  0.26133135  0.29968031  0.25389611  0.09487785  0.10085971  0.09487785  0.08305833  0.00000000  0.00525435  0.20385605  0.19016350  0.19016350  0.25389611  0.26133135  0.23203162  0.26884262  0.24653539  0.26133135  
17_0_0     0.21780874  0.33186975  0.25389611  0.29184866  0.24653539  0.08894431  0.09487785  0.08894431  0.07721914  0.00525435  0.00000000  0.19697787  0.18341177  0.18341177  0.24653539  0.25389611  0.23924771  0.26133135  0.23924771  0.25389611  
7_0_0      0.26133135  0.28409963  0.21079926  0.25389611  0.21780874  0.16352119  0.17009171  0.16352119  0.15055391  0.20385605  0.19697787  0.00000000  0.01054657  0.01054657  0.12528659  0.14415512  0.13152240  0.26133135  0.23924771  0.25389611  
13_0_0     0.24653539  0.29968031  0.21079926  0.26133135  0.22488575  0.15055391  0.15700893  0.15055391  0.13781160  0.19016350  0.18341177  0.01054657  0.00000000  0.00000000  0.12528659  0.14415512  0.11910329  0.24653539  0.22488575  0.23924771  
9_0_0      0.24653539  0.29968031  0.21079926  0.26133135  0.22488575  0.15055391  0.15700893  0.15055391  0.13781160  0.19016350  0.18341177  0.01054657  0.00000000  0.00000000  0.12528659  0.14415512  0.11910329  0.24653539  0.22488575  0.23924771  
8_0_0      0.26133135  0.25389611  0.25389611  0.23924771  0.23203162  0.20385605  0.21079926  0.20385605  0.20385605  0.25389611  0.24653539  0.12528659  0.12528659  0.12528659  0.00000000  0.01587719  0.10085971  0.31559870  0.29184866  0.30759638  
18_0_0     0.25389611  0.26133135  0.26133135  0.24653539  0.23924771  0.21079926  0.21780874  0.21079926  0.21079926  0.26133135  0.25389611  0.14415512  0.14415512  0.14415512  0.01587719  0.00000000  0.10689069  0.30759638  0.29968031  0.29968031  
19_0_0     0.25389611  0.32368917  0.24653539  0.24653539  0.23924771  0.18341177  0.19016350  0.18341177  0.18341177  0.23203162  0.23924771  0.13152240  0.11910329  0.11910329  0.10085971  0.10689069  0.00000000  0.27643151  0.25389611  0.26884262  
1_0_0      0.19697787  0.34014248  0.27643151  0.26884262  0.26884262  0.26133135  0.26884262  0.26133135  0.23924771  0.26884262  0.26133135  0.26133135  0.24653539  0.24653539  0.31559870  0.30759638  0.27643151  0.00000000  0.01587719  0.00525435  
2_0_0      0.20385605  0.34850945  0.26884262  0.27643151  0.27643151  0.23924771  0.24653539  0.23924771  0.21780874  0.24653539  0.23924771  0.23924771  0.22488575  0.22488575  0.29184866  0.29968031  0.25389611  0.01587719  0.00000000  0.01054657  
3_0_0      0.20385605  0.34850945  0.28409963  0.27643151  0.27643151  0.25389611  0.26133135  0.25389611  0.23203162  0.26133135  0.25389611  0.25389611  0.23924771  0.23924771  0.30759638  0.29968031  0.26884262  0.00525435  0.01054657  0.00000000  

