20
1_0_0      0.00000000  0.00613531  0.00613531  0.41822706  0.48523592  0.48523592  0.48523592  0.48523592  0.50053031  0.44546782  0.47429032  0.43166065  0.42523142  0.42523142  0.39941248  0.39941248  0.39941248  0.41215414  0.37316268  0.41512182  
3_0_0      0.00613531  0.00000000  0.01234739  0.43166065  0.50053031  0.50053031  0.50053031  0.50053031  0.51631084  0.45966996  0.48935430  0.44546782  0.43866246  0.43866246  0.41215414  0.41215414  0.41215414  0.42523142  0.38558986  0.42837485  
2_0_0      0.00613531  0.01234739  0.00000000  0.43166065  0.50053031  0.50053031  0.50053031  0.50053031  0.51631084  0.45966996  0.48935430  0.44546782  0.43866246  0.43866246  0.41215414  0.41215414  0.41215414  0.42523142  0.38558986  0.42837485  
20_0_0     0.41822706  0.43166065  0.43166065  0.00000000  0.12943938  0.12943938  0.12943938  0.12173400  0.16151542  0.11478508  0.17096166  0.11478508  0.25036913  0.25036913  0.25036913  0.21247932  0.21247932  0.19456629  0.39941248  0.34227127  
12_0_0     0.48523592  0.50053031  0.50053031  0.12943938  0.00000000  0.00000000  0.00000000  0.01863817  0.14610391  0.10043008  0.15527858  0.13102662  0.23903538  0.23903538  0.23903538  0.19340602  0.19340602  0.15970005  0.36538715  0.32212910  
4_0_0      0.48523592  0.50053031  0.50053031  0.12943938  0.00000000  0.00000000  0.00000000  0.01863817  0.14610391  0.10043008  0.15527858  0.13102662  0.23903538  0.23903538  0.23903538  0.19340602  0.19340602  0.15970005  0.36538715  0.32212910  
10_0_0     0.48523592  0.50053031  0.50053031  0.12943938  0.00000000  0.00000000  0.00000000  0.01863817  0.14610391  0.10043008  0.15527858  0.13102662  0.23903538  0.23903538  0.23903538  0.19340602  0.19340602  0.15970005  0.36538715  0.32212910  
5_0_0      0.48523592  0.50053031  0.50053031  0.12173400  0.01863817  0.01863817  0.01863817  0.00000000  0.15425233  0.10790428  0.14706227  0.12319892  0.25852984  0.25852984  0.25852984  0.21115780  0.21115780  0.17626707  0.36538715  0.33317229  
11_0_0     0.50053031  0.51631084  0.51631084  0.16151542  0.14610391  0.14610391  0.14610391  0.15425233  0.00000000  0.03778912  0.14706227  0.10790428  0.24868694  0.24868694  0.24868694  0.24868694  0.24868694  0.22956787  0.35369470  0.33317229  
17_0_0     0.44546782  0.45966996  0.45966996  0.11478508  0.10043008  0.10043008  0.10043008  0.10790428  0.03778912  0.00000000  0.10109018  0.06505763  0.24062217  0.24062217  0.24062217  0.19456629  0.19456629  0.17727709  0.33317229  0.29211183  
14_0_0     0.47429032  0.48935430  0.48935430  0.17096166  0.15527858  0.15527858  0.15527858  0.14706227  0.14706227  0.10109018  0.00000000  0.07205798  0.29139105  0.29139105  0.31324721  0.22168416  0.22168416  0.20344203  0.31132619  0.30257406  
16_0_0     0.43166065  0.44546782  0.44546782  0.11478508  0.13102662  0.13102662  0.13102662  0.12319892  0.10790428  0.06505763  0.07205798  0.00000000  0.28081347  0.28081347  0.28081347  0.21247932  0.21247932  0.21247932  0.34446669  0.31326151  
13_0_0     0.42523142  0.43866246  0.43866246  0.25036913  0.23903538  0.23903538  0.23903538  0.25852984  0.24868694  0.24062217  0.29139105  0.28081347  0.00000000  0.00000000  0.01234739  0.25800833  0.25800833  0.24786015  0.34741697  0.34939123  
9_0_0      0.42523142  0.43866246  0.43866246  0.25036913  0.23903538  0.23903538  0.23903538  0.25852984  0.24868694  0.24062217  0.29139105  0.28081347  0.00000000  0.00000000  0.01234739  0.25800833  0.25800833  0.24786015  0.34741697  0.34939123  
7_0_0      0.39941248  0.41215414  0.41215414  0.25036913  0.23903538  0.23903538  0.23903538  0.25852984  0.24868694  0.24062217  0.31324721  0.28081347  0.01234739  0.01234739  0.00000000  0.25800833  0.25800833  0.24786015  0.34741697  0.34939123  
18_0_0     0.39941248  0.41215414  0.41215414  0.21247932  0.19340602  0.19340602  0.19340602  0.21115780  0.24868694  0.19456629  0.22168416  0.21247932  0.25800833  0.25800833  0.25800833  0.00000000  0.00000000  0.08636191  0.32557758  0.32730727  
8_0_0      0.39941248  0.41215414  0.41215414  0.21247932  0.19340602  0.19340602  0.19340602  0.21115780  0.24868694  0.19456629  0.22168416  0.21247932  0.25800833  0.25800833  0.25800833  0.00000000  0.00000000  0.08636191  0.32557758  0.32730727  
19_0_0     0.41215414  0.42523142  0.42523142  0.19456629  0.15970005  0.15970005  0.15970005  0.17626707  0.22956787  0.17727709  0.20344203  0.21247932  0.24786015  0.24786015  0.24786015  0.08636191  0.08636191  0.00000000  0.31500787  0.28588419  
15_0_0     0.37316268  0.38558986  0.38558986  0.39941248  0.36538715  0.36538715  0.36538715  0.36538715  0.35369470  0.33317229  0.31132619  0.34446669  0.34741697  0.34741697  0.34741697  0.32557758  0.32557758  0.31500787  0.00000000  0.14521842  
6_0_0      0.41512182  0.42837485  0.42837485  0.34227127  0.32212910  0.32212910  0.32212910  0.33317229  0.33317229  0.29211183  0.30257406  0.31326151  0.34939123  0.34939123  0.34939123  0.32730727  0.32730727  0.28588419  0.14521842  0.00000000  

