20
1_0_0      0.00000000  0.00612647  0.01231160  0.40259148  0.42267008  0.43594624  0.43594624  0.44637404  0.43291907  0.44958783  0.37063219  0.44040437  0.46020449  0.46020449  0.44637404  0.59486867  0.59486867  0.55988459  0.42730772  0.37063219  
3_0_0      0.00612647  0.00000000  0.00612647  0.41256217  0.41981972  0.43291907  0.43291907  0.44331314  0.43003975  0.44637404  0.36853286  0.43764714  0.47097642  0.47097642  0.45695181  0.58970448  0.58970448  0.55533191  0.43764714  0.36853286  
2_0_0      0.01231160  0.00612647  0.00000000  0.40974028  0.41711257  0.43003975  0.43003975  0.43291907  0.42730772  0.44331314  0.36656151  0.43504106  0.46768394  0.46768394  0.45385650  0.58476587  0.58476587  0.55098380  0.44813501  0.37812970  
20_0_0     0.40259148  0.41256217  0.40974028  0.00000000  0.13022869  0.13812214  0.13812214  0.16156478  0.16992364  0.17959291  0.17842591  0.21124773  0.35107335  0.35107335  0.35107335  0.27897853  0.30016104  0.30016104  0.29602555  0.26871736  
12_0_0     0.42267008  0.41981972  0.41711257  0.13022869  0.00000000  0.00613538  0.00613538  0.02488192  0.14525842  0.15429649  0.09933055  0.11311161  0.26871736  0.26871736  0.26871736  0.20886765  0.22695473  0.22695473  0.30278220  0.26523822  
4_0_0      0.43594624  0.43291907  0.43003975  0.13812214  0.00613538  0.00000000  0.00000000  0.01855092  0.15334454  0.14614334  0.10669569  0.10574732  0.25866433  0.25866433  0.25866433  0.20006575  0.21782869  0.21782869  0.29230754  0.25538657  
10_0_0     0.43594624  0.43291907  0.43003975  0.13812214  0.00613538  0.00000000  0.00000000  0.01855092  0.15334454  0.14614334  0.10669569  0.10574732  0.25866433  0.25866433  0.25866433  0.20006575  0.21782869  0.21782869  0.29230754  0.25538657  
5_0_0      0.44637404  0.44331314  0.43291907  0.16156478  0.02488192  0.01855092  0.01855092  0.00000000  0.17733868  0.16992364  0.12878733  0.12764070  0.28745197  0.28745197  0.28745197  0.22573059  0.24432534  0.24432534  0.31155537  0.25389103  
11_0_0     0.43291907  0.43003975  0.42730772  0.16992364  0.14525842  0.15334454  0.15334454  0.17733868  0.00000000  0.01855092  0.14444856  0.17540553  0.28745197  0.28745197  0.26692909  0.26364498  0.28374835  0.30470172  0.35631491  0.33789253  
17_0_0     0.44958783  0.44637404  0.44331314  0.17959291  0.15429649  0.14614334  0.14614334  0.16992364  0.01855092  0.00000000  0.15334454  0.16797393  0.25866433  0.25866433  0.23915005  0.23625196  0.25538657  0.27528966  0.34704563  0.32885270  
14_0_0     0.37063219  0.36853286  0.36656151  0.17842591  0.09933055  0.10669569  0.10669569  0.12878733  0.14444856  0.15334454  0.00000000  0.06433176  0.26692909  0.26692909  0.26692909  0.26364498  0.28374835  0.28374835  0.34474041  0.29411432  
16_0_0     0.44040437  0.43764714  0.43504106  0.21124773  0.11311161  0.10574732  0.10574732  0.12764070  0.17540553  0.16797393  0.06433176  0.00000000  0.26364498  0.26364498  0.26364498  0.24180536  0.24180536  0.24180536  0.34048437  0.29060545  
13_0_0     0.46020449  0.47097642  0.46768394  0.35107335  0.26871736  0.25866433  0.25866433  0.28745197  0.28745197  0.25866433  0.26692909  0.26364498  0.00000000  0.00000000  0.01863879  0.13022869  0.14614334  0.17959291  0.41862621  0.42525617  
9_0_0      0.46020449  0.47097642  0.46768394  0.35107335  0.26871736  0.25866433  0.25866433  0.28745197  0.28745197  0.25866433  0.26692909  0.26364498  0.00000000  0.00000000  0.01863879  0.13022869  0.14614334  0.17959291  0.41862621  0.42525617  
7_0_0      0.44637404  0.45695181  0.45385650  0.35107335  0.26871736  0.25866433  0.25866433  0.28745197  0.26692909  0.23915005  0.26692909  0.26364498  0.01863879  0.01863879  0.00000000  0.10727569  0.12245899  0.15429649  0.39275431  0.39868522  
18_0_0     0.59486867  0.58970448  0.58476587  0.27897853  0.20886765  0.20006575  0.20006575  0.22573059  0.26364498  0.23625196  0.26364498  0.24180536  0.13022869  0.13022869  0.10727569  0.00000000  0.01234766  0.07823704  0.35179272  0.35631491  
8_0_0      0.59486867  0.58970448  0.58476587  0.30016104  0.22695473  0.21782869  0.21782869  0.24432534  0.28374835  0.25538657  0.28374835  0.24180536  0.14614334  0.14614334  0.12245899  0.01234766  0.00000000  0.06433176  0.35179272  0.35631491  
19_0_0     0.55988459  0.55533191  0.55098380  0.30016104  0.22695473  0.21782869  0.21782869  0.24432534  0.30470172  0.27528966  0.28374835  0.24180536  0.17959291  0.17959291  0.15429649  0.07823704  0.06433176  0.00000000  0.37521419  0.35631491  
15_0_0     0.42730772  0.43764714  0.44813501  0.29602555  0.30278220  0.29230754  0.29230754  0.31155537  0.35631491  0.34704563  0.34474041  0.34048437  0.41862621  0.41862621  0.39275431  0.35179272  0.35179272  0.37521419  0.00000000  0.09985498  
6_0_0      0.37063219  0.36853286  0.37812970  0.26871736  0.26523822  0.25538657  0.25538657  0.25389103  0.33789253  0.32885270  0.29411432  0.29060545  0.42525617  0.42525617  0.39868522  0.35631491  0.35631491  0.35631491  0.09985498  0.00000000  

