20
1_0_0      0.00000000  0.00613528  0.01863783  0.48914879  0.50466470  0.50466470  0.50466470  0.47410265  0.47813887  0.47813887  0.41204989  0.59745414  0.49341758  0.49341758  0.47813887  0.55434950  0.53723003  0.50466470  0.64331779  0.62285316  
3_0_0      0.00613528  0.00000000  0.01234724  0.47410265  0.48914879  0.48914879  0.48914879  0.45949867  0.46331589  0.46331589  0.39931864  0.61654282  0.47813887  0.47813887  0.46331589  0.53723003  0.52068068  0.48914879  0.62263103  0.60338857  
2_0_0      0.01863783  0.01234724  0.00000000  0.47410265  0.45949867  0.45949867  0.45949867  0.43151833  0.43493375  0.43493375  0.39931864  0.61654282  0.50918094  0.50918094  0.49341758  0.50466470  0.52068068  0.45949867  0.58367427  0.56660714  
20_0_0     0.48914879  0.47410265  0.47410265  0.00000000  0.17725578  0.17725578  0.17725578  0.17725578  0.20472888  0.18698193  0.18374241  0.34246949  0.40135637  0.40135637  0.40135637  0.25031672  0.26025344  0.24057479  0.39156743  0.40135637  
12_0_0     0.50466470  0.48914879  0.45949867  0.17725578  0.00000000  0.00000000  0.00000000  0.02500907  0.10042135  0.10042135  0.12109994  0.28074353  0.40135637  0.40135637  0.37588069  0.25031672  0.26025344  0.22164574  0.39156743  0.38845531  
4_0_0      0.50466470  0.48914879  0.45949867  0.17725578  0.00000000  0.00000000  0.00000000  0.02500907  0.10042135  0.10042135  0.12109994  0.28074353  0.40135637  0.40135637  0.37588069  0.25031672  0.26025344  0.22164574  0.39156743  0.38845531  
10_0_0     0.50466470  0.48914879  0.45949867  0.17725578  0.00000000  0.00000000  0.00000000  0.02500907  0.10042135  0.10042135  0.12109994  0.28074353  0.40135637  0.40135637  0.37588069  0.25031672  0.26025344  0.22164574  0.39156743  0.38845531  
5_0_0      0.47410265  0.45949867  0.43151833  0.17725578  0.02500907  0.02500907  0.02500907  0.00000000  0.11548075  0.11548075  0.12109994  0.28074353  0.40135637  0.40135637  0.37588069  0.27039289  0.28074353  0.24057479  0.39156743  0.38845531  
11_0_0     0.47813887  0.46331589  0.43493375  0.20472888  0.10042135  0.10042135  0.10042135  0.11548075  0.00000000  0.01234724  0.12942848  0.23259726  0.39156743  0.39156743  0.39156743  0.30443129  0.31559647  0.27236621  0.42166464  0.39156743  
17_0_0     0.47813887  0.46331589  0.43493375  0.18698193  0.10042135  0.10042135  0.10042135  0.11548075  0.01234724  0.00000000  0.12942848  0.25208405  0.41806388  0.41806388  0.41806388  0.32701825  0.33870873  0.29351144  0.42166464  0.39156743  
14_0_0     0.41204989  0.39931864  0.39931864  0.18374241  0.12109994  0.12109994  0.12109994  0.12109994  0.12942848  0.12942848  0.00000000  0.17725578  0.39518607  0.39518607  0.39518607  0.33091714  0.31962724  0.29778888  0.39820570  0.43493375  
16_0_0     0.59745414  0.61654282  0.61654282  0.34246949  0.28074353  0.28074353  0.28074353  0.28074353  0.23259726  0.25208405  0.17725578  0.00000000  0.44892224  0.44892224  0.44892224  0.46066162  0.44605291  0.41806388  0.41127547  0.44892224  
13_0_0     0.49341758  0.47813887  0.50918094  0.40135637  0.40135637  0.40135637  0.40135637  0.40135637  0.39156743  0.41806388  0.39518607  0.44892224  0.00000000  0.00000000  0.02500907  0.26504365  0.25520690  0.22681351  0.48670216  0.48233794  
9_0_0      0.49341758  0.47813887  0.50918094  0.40135637  0.40135637  0.40135637  0.40135637  0.40135637  0.39156743  0.41806388  0.39518607  0.44892224  0.00000000  0.00000000  0.02500907  0.26504365  0.25520690  0.22681351  0.48670216  0.48233794  
7_0_0      0.47813887  0.46331589  0.49341758  0.40135637  0.37588069  0.37588069  0.37588069  0.37588069  0.39156743  0.41806388  0.39518607  0.44892224  0.02500907  0.02500907  0.00000000  0.26504365  0.25520690  0.24556107  0.51875098  0.51387535  
18_0_0     0.55434950  0.53723003  0.50466470  0.25031672  0.25031672  0.25031672  0.25031672  0.27039289  0.30443129  0.32701825  0.33091714  0.46066162  0.26504365  0.26504365  0.26504365  0.00000000  0.00613528  0.08532052  0.43959883  0.46488358  
8_0_0      0.53723003  0.52068068  0.52068068  0.26025344  0.26025344  0.26025344  0.26025344  0.28074353  0.31559647  0.33870873  0.31962724  0.44605291  0.25520690  0.25520690  0.25520690  0.00613528  0.00000000  0.09252217  0.45420991  0.48016747  
19_0_0     0.50466470  0.48914879  0.45949867  0.24057479  0.22164574  0.22164574  0.22164574  0.24057479  0.27236621  0.29351144  0.29778888  0.41806388  0.22681351  0.22681351  0.24556107  0.08532052  0.09252217  0.00000000  0.46066162  0.38845531  
15_0_0     0.64331779  0.62263103  0.58367427  0.39156743  0.39156743  0.39156743  0.39156743  0.39156743  0.42166464  0.42166464  0.39820570  0.41127547  0.48670216  0.48670216  0.51875098  0.43959883  0.45420991  0.46066162  0.00000000  0.14520364  
6_0_0      0.62285316  0.60338857  0.56660714  0.40135637  0.38845531  0.38845531  0.38845531  0.38845531  0.39156743  0.39156743  0.43493375  0.44892224  0.48233794  0.48233794  0.51387535  0.46488358  0.48016747  0.38845531  0.14520364  0.00000000  

