8
5_1_0      0.00000000  0.00643869  0.05318089  0.03951647  0.12564402  0.12564402  0.11806386  0.11056195  
5_0_0      0.00643869  0.00000000  0.06011065  0.04631657  0.11806386  0.11806386  0.11056195  0.10313666  
13_0_0     0.05318089  0.06011065  0.00000000  0.01293492  0.11056195  0.12564402  0.10313666  0.09578646  
74_0_0     0.03951647  0.04631657  0.01293492  0.00000000  0.12564402  0.12564402  0.11806386  0.11056195  
51_0_0     0.12564402  0.11806386  0.11056195  0.12564402  0.00000000  0.03951647  0.00643869  0.02610420  
38_0_0     0.12564402  0.11806386  0.12564402  0.12564402  0.03951647  0.00000000  0.04631657  0.05318089  
43_0_0     0.11806386  0.11056195  0.10313666  0.11806386  0.00643869  0.04631657  0.00000000  0.01948974  
50_0_0     0.11056195  0.10313666  0.09578646  0.11056195  0.02610420  0.05318089  0.01948974  0.00000000  

