fastme_mat.p : 0.6517548561096191
fastme.f81 : 0.9386501312255859
ba.exp : 9.665701627731323
pipeline_dl7781467 : 12.00843858718872
