fastme_mat.p : 0.41990880972003936
fastme.f81 : 0.7582819324111938
ba.exp : 8.687226332128049
