19
6_0_0      0.00000000  0.10978812  0.12171765  0.11572887  0.26015661  0.30497626  0.25294336  0.27479728  0.26015661  0.26015661  0.26015661  0.28222756  0.23171565  0.25294336  0.26015661  0.22477279  0.23872419  0.23171565  0.23171565  
11_0_0     0.10978812  0.00000000  0.09804764  0.10389463  0.30497626  0.29731549  0.26744078  0.27479728  0.27479728  0.28973312  0.30497626  0.27479728  0.21789439  0.21107926  0.26744078  0.21107926  0.22477279  0.21789439  0.21789439  
15_0_0     0.12171765  0.09804764  0.00000000  0.01546644  0.33643698  0.29731549  0.26744078  0.27479728  0.27479728  0.27479728  0.28973312  0.27479728  0.25294336  0.26015661  0.27479728  0.23171565  0.26015661  0.25294336  0.25294336  
1_0_0      0.11572887  0.10389463  0.01546644  0.00000000  0.34451542  0.28973312  0.26015661  0.28222756  0.26744078  0.26744078  0.28222756  0.28222756  0.24579966  0.25294336  0.28222756  0.22477279  0.25294336  0.24579966  0.24579966  
13_0_0     0.26015661  0.30497626  0.33643698  0.34451542  0.00000000  0.16505195  0.10978812  0.11572887  0.12775523  0.12775523  0.13384241  0.13998003  0.23872419  0.25294336  0.21789439  0.25294336  0.27479728  0.26744078  0.26744078  
5_0_0      0.30497626  0.29731549  0.29731549  0.28973312  0.16505195  0.00000000  0.04740303  0.12775523  0.14616891  0.13384241  0.16505195  0.16505195  0.24579966  0.24579966  0.24579966  0.23872419  0.28973312  0.28222756  0.28222756  
2_0_0      0.25294336  0.26744078  0.26744078  0.26015661  0.10978812  0.04740303  0.00000000  0.09224645  0.09224645  0.09224645  0.12171765  0.10978812  0.21789439  0.21789439  0.22477279  0.22477279  0.26015661  0.25294336  0.25294336  
12_0_0     0.27479728  0.27479728  0.27479728  0.28222756  0.11572887  0.12775523  0.09224645  0.00000000  0.03126267  0.02069452  0.05836200  0.05836200  0.21107926  0.22477279  0.21789439  0.21107926  0.23872419  0.23171565  0.23171565  
9_0_0      0.26015661  0.27479728  0.27479728  0.26744078  0.12775523  0.14616891  0.09224645  0.03126267  0.00000000  0.02069452  0.04740303  0.04740303  0.23171565  0.24579966  0.24579966  0.23171565  0.24579966  0.23872419  0.23872419  
14_0_0     0.26015661  0.28973312  0.27479728  0.26744078  0.12775523  0.13384241  0.09224645  0.02069452  0.02069452  0.00000000  0.03660381  0.05836200  0.21789439  0.23171565  0.23171565  0.21789439  0.24579966  0.23872419  0.23872419  
8_0_0      0.26015661  0.30497626  0.28973312  0.28222756  0.13384241  0.16505195  0.12171765  0.05836200  0.04740303  0.03660381  0.00000000  0.08649032  0.23171565  0.24579966  0.24579966  0.23171565  0.24579966  0.23872419  0.23872419  
10_0_0     0.28222756  0.27479728  0.27479728  0.28222756  0.13998003  0.16505195  0.10978812  0.05836200  0.04740303  0.05836200  0.08649032  0.00000000  0.25294336  0.25294336  0.23872419  0.26015661  0.28222756  0.27479728  0.27479728  
1_1_0      0.23171565  0.21789439  0.25294336  0.24579966  0.23872419  0.24579966  0.21789439  0.21107926  0.23171565  0.21789439  0.23171565  0.25294336  0.00000000  0.01546644  0.08077857  0.04198375  0.05836200  0.05286225  0.05286225  
15_1_0     0.25294336  0.21107926  0.26015661  0.25294336  0.25294336  0.24579966  0.21789439  0.22477279  0.24579966  0.23171565  0.24579966  0.25294336  0.01546644  0.00000000  0.09804764  0.05836200  0.07511052  0.06948550  0.06948550  
6_1_0      0.26015661  0.26744078  0.27479728  0.28222756  0.21789439  0.24579966  0.22477279  0.21789439  0.24579966  0.23171565  0.24579966  0.23872419  0.08077857  0.09804764  0.00000000  0.05836200  0.09804764  0.09224645  0.09224645  
11_1_0     0.22477279  0.21107926  0.23171565  0.22477279  0.25294336  0.23872419  0.22477279  0.21107926  0.23171565  0.21789439  0.23171565  0.26015661  0.04198375  0.05836200  0.05836200  0.00000000  0.04740303  0.04198375  0.04198375  
7_1_0      0.23872419  0.22477279  0.26015661  0.25294336  0.27479728  0.28973312  0.26015661  0.23872419  0.24579966  0.24579966  0.24579966  0.28222756  0.05836200  0.07511052  0.09804764  0.04740303  0.00000000  0.00511969  0.00511969  
4_1_0      0.23171565  0.21789439  0.25294336  0.24579966  0.26744078  0.28222756  0.25294336  0.23171565  0.23872419  0.23872419  0.23872419  0.27479728  0.05286225  0.06948550  0.09224645  0.04198375  0.00511969  0.00000000  0.00000000  
3_1_0      0.23171565  0.21789439  0.25294336  0.24579966  0.26744078  0.28222756  0.25294336  0.23171565  0.23872419  0.23872419  0.23872419  0.27479728  0.05286225  0.06948550  0.09224645  0.04198375  0.00511969  0.00000000  0.00000000  

