26
91_6_0     0.00000000  0.14041413  0.16284840  0.16284840  0.16856528  0.17432682  0.17432682  0.24722386  0.22831288  0.20987482  0.22831288  0.22831288  0.22211549  0.32812677  0.34251769  0.33528712  0.33528712  0.37217060  0.34251769  0.34251769  0.34251769  0.34981986  0.34251769  0.36464482  0.34981986  0.33528712  
91_7_0     0.14041413  0.00000000  0.18013374  0.16856528  0.16856528  0.15717552  0.17432682  0.22831288  0.21596975  0.18598676  0.18013374  0.21596975  0.21596975  0.30705371  0.32103528  0.29333234  0.37217060  0.39522009  0.37977398  0.38745659  0.37977398  0.37217060  0.32103528  0.30705371  0.30705371  0.37217060  
68_6_0     0.16284840  0.18013374  0.00000000  0.02319200  0.06686959  0.06188678  0.09230164  0.18598676  0.16284840  0.10272527  0.10272527  0.09230164  0.09749504  0.28656624  0.28656624  0.30016111  0.37217060  0.39522009  0.36464482  0.38745659  0.37977398  0.38745659  0.30016111  0.35719508  0.34251769  0.33528712  
95_6_0     0.16284840  0.16856528  0.02319200  0.00000000  0.05693741  0.05693741  0.08714457  0.16284840  0.15154594  0.09230164  0.10272527  0.09230164  0.08714457  0.27986166  0.27986166  0.29333234  0.39522009  0.41901345  0.38745659  0.39522009  0.40306621  0.41099672  0.28656624  0.36464482  0.34981986  0.33528712  
62_8_0     0.16856528  0.16856528  0.06686959  0.05693741  0.00000000  0.04713724  0.13491061  0.16284840  0.16284840  0.10272527  0.10799288  0.12944788  0.11864234  0.30016111  0.31401136  0.30016111  0.37217060  0.39522009  0.37217060  0.37217060  0.37217060  0.38745659  0.28656624  0.32103528  0.30705371  0.30705371  
62_6_0     0.17432682  0.15717552  0.06188678  0.05693741  0.04713724  0.00000000  0.11864234  0.16856528  0.15717552  0.09749504  0.11864234  0.11864234  0.11329838  0.29333234  0.30705371  0.29333234  0.36464482  0.38745659  0.34981986  0.37977398  0.36464482  0.37977398  0.31401136  0.33528712  0.32103528  0.32103528  
84_6_0     0.17432682  0.17432682  0.09230164  0.08714457  0.13491061  0.11864234  0.00000000  0.22831288  0.21596975  0.13491061  0.11329838  0.12402531  0.12402531  0.30705371  0.30705371  0.30705371  0.37217060  0.39522009  0.38745659  0.38745659  0.37217060  0.38745659  0.34251769  0.30705371  0.32103528  0.32812677  
48_6_0     0.24722386  0.22831288  0.18598676  0.16284840  0.16284840  0.16856528  0.22831288  0.00000000  0.01849487  0.15154594  0.18598676  0.16856528  0.16284840  0.34251769  0.35719508  0.33528712  0.45198155  0.48649303  0.44360030  0.45198155  0.45198155  0.46903539  0.38745659  0.41099672  0.39522009  0.42711831  
56_6_0     0.22831288  0.21596975  0.16284840  0.15154594  0.16284840  0.15717552  0.21596975  0.01849487  0.00000000  0.16284840  0.19783405  0.18013374  0.17432682  0.34251769  0.35719508  0.33528712  0.44360030  0.47771255  0.43531325  0.46045917  0.44360030  0.46045917  0.40306621  0.41099672  0.39522009  0.42711831  
43_6_0     0.20987482  0.18598676  0.10272527  0.09230164  0.10272527  0.09749504  0.13491061  0.15154594  0.16284840  0.00000000  0.09230164  0.08202332  0.05693741  0.33528712  0.33528712  0.33528712  0.37977398  0.41901345  0.40306621  0.37977398  0.38745659  0.39522009  0.33528712  0.37217060  0.37977398  0.35719508  
72_6_0     0.22831288  0.18013374  0.10272527  0.10272527  0.10799288  0.11864234  0.11329838  0.18598676  0.19783405  0.09230164  0.00000000  0.04713724  0.06188678  0.28656624  0.28656624  0.28656624  0.39522009  0.41901345  0.37217060  0.39522009  0.37977398  0.37977398  0.28656624  0.30705371  0.30705371  0.32812677  
63_6_0     0.22831288  0.21596975  0.09230164  0.09230164  0.12944788  0.11864234  0.12402531  0.16856528  0.18013374  0.08202332  0.04713724  0.00000000  0.04228558  0.29333234  0.29333234  0.30705371  0.41099672  0.45198155  0.38745659  0.41099672  0.39522009  0.39522009  0.30705371  0.36464482  0.36464482  0.34251769  
79_6_0     0.22211549  0.21596975  0.09749504  0.08714457  0.11864234  0.11329838  0.12402531  0.16284840  0.17432682  0.05693741  0.06188678  0.04228558  0.00000000  0.32812677  0.32812677  0.34251769  0.39522009  0.43531325  0.38745659  0.39522009  0.38745659  0.37977398  0.34251769  0.36464482  0.36464482  0.34981986  
97_0_0     0.32812677  0.30705371  0.28656624  0.27986166  0.30016111  0.29333234  0.30705371  0.34251769  0.34251769  0.33528712  0.28656624  0.29333234  0.32812677  0.00000000  0.00918945  0.00918945  0.31401136  0.32812677  0.32103528  0.31401136  0.29333234  0.31401136  0.23456280  0.27986166  0.26663268  0.24722386  
81_0_0     0.34251769  0.32103528  0.28656624  0.27986166  0.31401136  0.30705371  0.30705371  0.35719508  0.35719508  0.33528712  0.28656624  0.29333234  0.32812677  0.00918945  0.00000000  0.01849487  0.32103528  0.33528712  0.32812677  0.32103528  0.30705371  0.32103528  0.23456280  0.29333234  0.27986166  0.26010614  
53_0_0     0.33528712  0.29333234  0.30016111  0.29333234  0.30016111  0.29333234  0.30705371  0.33528712  0.33528712  0.33528712  0.28656624  0.30705371  0.34251769  0.00918945  0.01849487  0.00000000  0.32103528  0.32103528  0.32812677  0.32103528  0.30016111  0.32103528  0.23456280  0.27321750  0.26010614  0.25363687  
44_4_0     0.33528712  0.37217060  0.37217060  0.39522009  0.37217060  0.36464482  0.37217060  0.45198155  0.44360030  0.37977398  0.39522009  0.41099672  0.39522009  0.31401136  0.32103528  0.32103528  0.00000000  0.02319200  0.02319200  0.00918945  0.02791924  0.00918945  0.26010614  0.27986166  0.29333234  0.23456280  
93_4_0     0.37217060  0.39522009  0.39522009  0.41901345  0.39522009  0.38745659  0.39522009  0.48649303  0.47771255  0.41901345  0.41901345  0.45198155  0.43531325  0.32812677  0.33528712  0.32103528  0.02319200  0.00000000  0.04713724  0.03267699  0.04228558  0.03267699  0.27986166  0.27321750  0.28656624  0.25363687  
66_5_0     0.34251769  0.37977398  0.36464482  0.38745659  0.37217060  0.34981986  0.38745659  0.44360030  0.43531325  0.40306621  0.37217060  0.38745659  0.38745659  0.32103528  0.32812677  0.32812677  0.02319200  0.04713724  0.00000000  0.03267699  0.04228558  0.02319200  0.26010614  0.29333234  0.29333234  0.24722386  
66_4_0     0.34251769  0.38745659  0.38745659  0.39522009  0.37217060  0.37977398  0.38745659  0.45198155  0.46045917  0.37977398  0.39522009  0.41099672  0.39522009  0.31401136  0.32103528  0.32103528  0.00918945  0.03267699  0.03267699  0.00000000  0.03746563  0.01849487  0.26010614  0.29333234  0.30705371  0.23456280  
64_4_0     0.34251769  0.37977398  0.37977398  0.40306621  0.37217060  0.36464482  0.37217060  0.45198155  0.44360030  0.38745659  0.37977398  0.39522009  0.38745659  0.29333234  0.30705371  0.30016111  0.02791924  0.04228558  0.04228558  0.03746563  0.00000000  0.02791924  0.26010614  0.26010614  0.27321750  0.22211549  
70_4_0     0.34981986  0.37217060  0.38745659  0.41099672  0.38745659  0.37977398  0.38745659  0.46903539  0.46045917  0.39522009  0.37977398  0.39522009  0.37977398  0.31401136  0.32103528  0.32103528  0.00918945  0.03267699  0.02319200  0.01849487  0.02791924  0.00000000  0.26010614  0.27986166  0.29333234  0.23456280  
54_1_0     0.34251769  0.32103528  0.30016111  0.28656624  0.28656624  0.31401136  0.34251769  0.38745659  0.40306621  0.33528712  0.28656624  0.30705371  0.34251769  0.23456280  0.23456280  0.23456280  0.26010614  0.27986166  0.26010614  0.26010614  0.26010614  0.26010614  0.00000000  0.18598676  0.18598676  0.14595903  
50_3_0     0.36464482  0.30705371  0.35719508  0.36464482  0.32103528  0.33528712  0.30705371  0.41099672  0.41099672  0.37217060  0.30705371  0.36464482  0.36464482  0.27986166  0.29333234  0.27321750  0.27986166  0.27321750  0.29333234  0.29333234  0.26010614  0.27986166  0.18598676  0.00000000  0.00918945  0.12944788  
50_1_0     0.34981986  0.30705371  0.34251769  0.34981986  0.30705371  0.32103528  0.32103528  0.39522009  0.39522009  0.37977398  0.30705371  0.36464482  0.36464482  0.26663268  0.27986166  0.26010614  0.29333234  0.28656624  0.29333234  0.30705371  0.27321750  0.29333234  0.18598676  0.00918945  0.00000000  0.14041413  
50_2_0     0.33528712  0.37217060  0.33528712  0.33528712  0.30705371  0.32103528  0.32812677  0.42711831  0.42711831  0.35719508  0.32812677  0.34251769  0.34981986  0.24722386  0.26010614  0.25363687  0.23456280  0.25363687  0.24722386  0.23456280  0.22211549  0.23456280  0.14595903  0.12944788  0.14041413  0.00000000  

