20
12_0_0     0.00000000  0.03013852  0.04792541  0.09915410  0.40494234  0.47347270  0.47347270  0.44992040  0.48959919  0.49779552  0.48959919  0.46553875  0.50608322  0.48149222  0.48959919  0.48149222  0.49779552  0.43462340  0.44223256  0.38343412  
10_0_0     0.03013852  0.00000000  0.03454551  0.09434833  0.37640079  0.44223256  0.44223256  0.41963477  0.45768857  0.52294101  0.51446434  0.48959919  0.50608322  0.48959919  0.49779552  0.48959919  0.50608322  0.41963477  0.42709131  0.39770358  
13_0_0     0.04792541  0.03454551  0.00000000  0.07542995  0.38343412  0.43462340  0.44992040  0.41225226  0.44992040  0.48959919  0.48149222  0.48959919  0.53151543  0.48959919  0.49779552  0.48959919  0.48959919  0.43462340  0.42709131  0.38343412  
4_0_0      0.09915410  0.09434833  0.07542995  0.00000000  0.35569138  0.39053462  0.39053462  0.39770358  0.40494234  0.48959919  0.46553875  0.45768857  0.53151543  0.47347270  0.48149222  0.47347270  0.45768857  0.41225226  0.43462340  0.36943337  
5_0_0      0.40494234  0.37640079  0.38343412  0.35569138  0.00000000  0.10399114  0.10399114  0.11376067  0.11869399  0.36943337  0.36253063  0.41225226  0.41963477  0.38343412  0.41225226  0.37640079  0.39053462  0.39770358  0.38343412  0.42709131  
6_0_0      0.47347270  0.44223256  0.43462340  0.39053462  0.10399114  0.00000000  0.01707214  0.04343864  0.04792541  0.42709131  0.41963477  0.45768857  0.51446434  0.41963477  0.46553875  0.41963477  0.44992040  0.44223256  0.44223256  0.45768857  
11_0_0     0.47347270  0.44223256  0.44992040  0.39053462  0.10399114  0.01707214  0.00000000  0.04343864  0.04792541  0.42709131  0.41963477  0.42709131  0.48149222  0.39053462  0.43462340  0.39053462  0.41963477  0.41963477  0.43462340  0.43462340  
14_0_0     0.44992040  0.41963477  0.41225226  0.39770358  0.11376067  0.04343864  0.04343864  0.00000000  0.03897878  0.39770358  0.41963477  0.41225226  0.48149222  0.43462340  0.43462340  0.41963477  0.43462340  0.40494234  0.40494234  0.44992040  
17_0_0     0.48959919  0.45768857  0.44992040  0.40494234  0.11869399  0.04792541  0.04792541  0.03897878  0.00000000  0.43462340  0.41963477  0.44223256  0.48959919  0.40494234  0.42709131  0.39770358  0.44992040  0.42709131  0.42709131  0.47347270  
8_0_0      0.49779552  0.52294101  0.48959919  0.48959919  0.36943337  0.42709131  0.42709131  0.39770358  0.43462340  0.00000000  0.04343864  0.05698101  0.20243300  0.17523751  0.15417536  0.13876128  0.13369345  0.47347270  0.43462340  0.45768857  
20_0_0     0.48959919  0.51446434  0.48149222  0.46553875  0.36253063  0.41963477  0.41963477  0.41963477  0.41963477  0.04343864  0.00000000  0.04792541  0.19143515  0.14386388  0.12366027  0.10885986  0.11376067  0.45768857  0.41963477  0.42709131  
15_0_0     0.46553875  0.48959919  0.48959919  0.45768857  0.41225226  0.45768857  0.42709131  0.41225226  0.44223256  0.05698101  0.04792541  0.00000000  0.17523751  0.15938523  0.12865994  0.12366027  0.11869399  0.41963477  0.39770358  0.40494234  
9_0_0      0.50608322  0.50608322  0.53151543  0.53151543  0.41963477  0.51446434  0.48149222  0.48149222  0.48959919  0.20243300  0.19143515  0.17523751  0.00000000  0.16463186  0.12865994  0.12366027  0.17523751  0.50608322  0.48149222  0.44992040  
18_0_0     0.48149222  0.48959919  0.48959919  0.47347270  0.38343412  0.41963477  0.39053462  0.43462340  0.40494234  0.17523751  0.14386388  0.15938523  0.16463186  0.00000000  0.07542995  0.08011460  0.13876128  0.51446434  0.48959919  0.45768857  
7_0_0      0.48959919  0.49779552  0.49779552  0.48149222  0.41225226  0.46553875  0.43462340  0.43462340  0.42709131  0.15417536  0.12366027  0.12865994  0.12865994  0.07542995  0.00000000  0.06614826  0.10885986  0.48149222  0.45768857  0.44992040  
16_0_0     0.48149222  0.48959919  0.48959919  0.47347270  0.37640079  0.41963477  0.39053462  0.41963477  0.39770358  0.13876128  0.10885986  0.12366027  0.12366027  0.08011460  0.06614826  0.00000000  0.10399114  0.48959919  0.46553875  0.41963477  
19_0_0     0.49779552  0.50608322  0.48959919  0.45768857  0.39053462  0.44992040  0.41963477  0.43462340  0.44992040  0.13369345  0.11376067  0.11869399  0.17523751  0.13876128  0.10885986  0.10399114  0.00000000  0.47347270  0.44992040  0.44992040  
1_0_0      0.43462340  0.41963477  0.43462340  0.41225226  0.39770358  0.44223256  0.41963477  0.40494234  0.42709131  0.47347270  0.45768857  0.41963477  0.50608322  0.51446434  0.48149222  0.48959919  0.47347270  0.00000000  0.03013852  0.21924093  
2_0_0      0.44223256  0.42709131  0.42709131  0.43462340  0.38343412  0.44223256  0.43462340  0.40494234  0.42709131  0.43462340  0.41963477  0.39770358  0.48149222  0.48959919  0.45768857  0.46553875  0.44992040  0.03013852  0.00000000  0.23066108  
3_0_0      0.38343412  0.39770358  0.38343412  0.36943337  0.42709131  0.45768857  0.43462340  0.44992040  0.47347270  0.45768857  0.42709131  0.40494234  0.44992040  0.45768857  0.44992040  0.41963477  0.44992040  0.21924093  0.23066108  0.00000000  

