161
91_9_0     0.00000000  0.08545275  0.09244952  0.09951246  0.09951246  0.11384193  0.10664283  0.10664283  0.18992844  0.19798143  0.18992844  0.18992844  0.18196136  0.20612220  0.29281784  0.23109084  0.22267487  0.32091832  0.29281784  0.20612220  0.21435267  0.20612220  0.20612220  0.22267487  0.24821275  0.25692319  0.25692319  0.23109084  0.23109084  0.24821275  0.23109084  0.23109084  0.25692319  0.27465490  0.26573642  0.27465490  0.27465490  0.27465490  0.26573642  0.27465490  0.37023788  0.37023788  0.34025710  0.34025710  0.31143353  0.39091527  0.32091832  0.31143353  0.40147268  0.39091527  0.39091527  0.39091527  0.39091527  0.39091527  0.39091527  0.38050502  0.33052512  0.33052512  0.33052512  0.33052512  0.31143353  0.33052512  0.34025710  0.34025710  0.31143353  0.31143353  0.31143353  0.31143353  0.30206769  0.28368116  0.28368116  0.34025710  0.35011757  0.37023788  0.36010997  0.34025710  0.31143353  0.30206769  0.38050502  0.40147268  0.29281784  0.33052512  0.33052512  0.34025710  0.33052512  0.34025710  0.25692319  0.23109084  0.24821275  0.30206769  0.26573642  0.28368116  0.25692319  0.24821275  0.28368116  0.27465490  0.27465490  0.32091832  0.31143353  0.38050502  0.31143353  0.31143353  0.36010997  0.36010997  0.37023788  0.34025710  0.34025710  0.33052512  0.26573642  0.19798143  0.23109084  0.24821275  0.24821275  0.24821275  0.23960273  0.23960273  0.23960273  0.28368116  0.32091832  0.46815741  0.46815741  0.50387420  0.49177782  0.49177782  0.29281784  0.24821275  0.24821275  0.34025710  0.25692319  0.25692319  0.27465490  0.23109084  0.26573642  0.28368116  0.26573642  0.29281784  0.31143353  0.31143353  0.37023788  0.35011757  0.35011757  0.35011757  0.36010997  0.36010997  0.38050502  0.43407103  0.38050502  0.44526118  0.39091527  0.34025710  0.30206769  0.33052512  0.38050502  0.43407103  0.43407103  0.43407103  0.45662156  0.38050502  0.40147268  0.44526118  0.45662156  
64_9_0     0.08545275  0.00000000  0.09951246  0.09244952  0.09244952  0.09244952  0.08545275  0.08545275  0.15855771  0.16627773  0.18196136  0.15855771  0.16627773  0.20612220  0.31143353  0.24821275  0.19798143  0.25692319  0.25692319  0.20612220  0.18992844  0.18196136  0.16627773  0.18196136  0.20612220  0.21435267  0.23960273  0.22267487  0.22267487  0.25692319  0.23960273  0.23960273  0.26573642  0.24821275  0.25692319  0.26573642  0.26573642  0.25692319  0.24821275  0.26573642  0.40147268  0.36010997  0.32091832  0.32091832  0.30206769  0.36010997  0.32091832  0.32091832  0.41218148  0.40147268  0.38050502  0.38050502  0.40147268  0.39091527  0.39091527  0.38050502  0.32091832  0.32091832  0.32091832  0.34025710  0.32091832  0.30206769  0.31143353  0.34025710  0.29281784  0.29281784  0.29281784  0.27465490  0.26573642  0.25692319  0.25692319  0.35011757  0.30206769  0.33052512  0.32091832  0.30206769  0.27465490  0.30206769  0.36010997  0.36010997  0.29281784  0.33052512  0.29281784  0.30206769  0.27465490  0.32091832  0.23109084  0.20612220  0.25692319  0.33052512  0.27465490  0.31143353  0.28368116  0.28368116  0.34025710  0.30206769  0.30206769  0.31143353  0.30206769  0.35011757  0.35011757  0.35011757  0.38050502  0.38050502  0.39091527  0.31143353  0.31143353  0.30206769  0.27465490  0.21435267  0.23109084  0.28368116  0.28368116  0.28368116  0.29281784  0.29281784  0.29281784  0.28368116  0.35011757  0.41218148  0.43407103  0.42304606  0.43407103  0.43407103  0.32091832  0.31143353  0.31143353  0.30206769  0.27465490  0.25692319  0.28368116  0.24821275  0.26573642  0.24821275  0.28368116  0.31143353  0.30206769  0.28368116  0.34025710  0.35011757  0.36010997  0.36010997  0.35011757  0.35011757  0.37023788  0.45662156  0.41218148  0.46815741  0.42304606  0.35011757  0.28368116  0.33052512  0.42304606  0.41218148  0.41218148  0.40147268  0.42304606  0.35011757  0.40147268  0.45662156  0.41218148  
78_9_0     0.09244952  0.09951246  0.00000000  0.03172007  0.03172007  0.12845173  0.12111111  0.12111111  0.16627773  0.17407838  0.18992844  0.15091668  0.15855771  0.18196136  0.31143353  0.26573642  0.25692319  0.32091832  0.23960273  0.26573642  0.20612220  0.19798143  0.18196136  0.22267487  0.23109084  0.25692319  0.22267487  0.19798143  0.19798143  0.23109084  0.21435267  0.21435267  0.23960273  0.25692319  0.26573642  0.27465490  0.23960273  0.24821275  0.23960273  0.26573642  0.43407103  0.39091527  0.31143353  0.31143353  0.26573642  0.34025710  0.31143353  0.28368116  0.38050502  0.37023788  0.37023788  0.37023788  0.39091527  0.37023788  0.37023788  0.36010997  0.31143353  0.31143353  0.31143353  0.35011757  0.33052512  0.31143353  0.32091832  0.32091832  0.26573642  0.26573642  0.26573642  0.26573642  0.25692319  0.27465490  0.27465490  0.33052512  0.30206769  0.33052512  0.34025710  0.29281784  0.24821275  0.23960273  0.31143353  0.36010997  0.29281784  0.27465490  0.28368116  0.29281784  0.30206769  0.35011757  0.22267487  0.19798143  0.20612220  0.29281784  0.25692319  0.29281784  0.26573642  0.23960273  0.29281784  0.24821275  0.24821275  0.27465490  0.28368116  0.33052512  0.33052512  0.33052512  0.36010997  0.36010997  0.35011757  0.31143353  0.31143353  0.30206769  0.29281784  0.23960273  0.27465490  0.33052512  0.33052512  0.33052512  0.32091832  0.32091832  0.32091832  0.27465490  0.29281784  0.41218148  0.41218148  0.42304606  0.43407103  0.41218148  0.30206769  0.27465490  0.30206769  0.27465490  0.23109084  0.21435267  0.26573642  0.23960273  0.25692319  0.23960273  0.22267487  0.26573642  0.29281784  0.31143353  0.38050502  0.36010997  0.38050502  0.38050502  0.37023788  0.37023788  0.39091527  0.42304606  0.37023788  0.43407103  0.40147268  0.33052512  0.28368116  0.27465490  0.34025710  0.43407103  0.43407103  0.36010997  0.38050502  0.40147268  0.41218148  0.46815741  0.43407103  
34_9_0     0.09951246  0.09244952  0.03172007  0.00000000  0.00000000  0.12111111  0.11384193  0.11384193  0.17407838  0.16627773  0.19798143  0.17407838  0.16627773  0.17407838  0.30206769  0.25692319  0.23109084  0.31143353  0.23109084  0.23960273  0.21435267  0.18992844  0.18992844  0.21435267  0.22267487  0.26573642  0.24821275  0.22267487  0.22267487  0.25692319  0.23960273  0.23960273  0.26573642  0.24821275  0.25692319  0.26573642  0.23109084  0.22267487  0.21435267  0.23960273  0.46815741  0.40147268  0.30206769  0.30206769  0.29281784  0.35011757  0.32091832  0.29281784  0.39091527  0.38050502  0.38050502  0.38050502  0.40147268  0.38050502  0.38050502  0.37023788  0.34025710  0.34025710  0.34025710  0.38050502  0.36010997  0.34025710  0.35011757  0.35011757  0.29281784  0.29281784  0.29281784  0.31143353  0.30206769  0.28368116  0.28368116  0.34025710  0.29281784  0.32091832  0.33052512  0.32091832  0.27465490  0.24821275  0.32091832  0.37023788  0.26573642  0.28368116  0.31143353  0.32091832  0.31143353  0.36010997  0.21435267  0.18992844  0.19798143  0.34025710  0.30206769  0.30206769  0.27465490  0.26573642  0.30206769  0.27465490  0.27465490  0.28368116  0.29281784  0.34025710  0.32091832  0.32091832  0.35011757  0.35011757  0.34025710  0.32091832  0.32091832  0.31143353  0.24821275  0.24821275  0.28368116  0.32091832  0.32091832  0.32091832  0.31143353  0.31143353  0.31143353  0.28368116  0.30206769  0.44526118  0.44526118  0.45662156  0.46815741  0.44526118  0.27465490  0.28368116  0.31143353  0.28368116  0.22267487  0.20612220  0.23960273  0.26573642  0.26573642  0.24821275  0.24821275  0.29281784  0.28368116  0.28368116  0.37023788  0.35011757  0.37023788  0.37023788  0.36010997  0.34025710  0.38050502  0.41218148  0.34025710  0.40147268  0.37023788  0.34025710  0.26573642  0.28368116  0.35011757  0.38050502  0.38050502  0.35011757  0.37023788  0.38050502  0.39091527  0.44526118  0.42304606  
60_9_0     0.09951246  0.09244952  0.03172007  0.00000000  0.00000000  0.12111111  0.11384193  0.11384193  0.17407838  0.16627773  0.19798143  0.17407838  0.16627773  0.17407838  0.30206769  0.25692319  0.23109084  0.31143353  0.23109084  0.23960273  0.21435267  0.18992844  0.18992844  0.21435267  0.22267487  0.26573642  0.24821275  0.22267487  0.22267487  0.25692319  0.23960273  0.23960273  0.26573642  0.24821275  0.25692319  0.26573642  0.23109084  0.22267487  0.21435267  0.23960273  0.46815741  0.40147268  0.30206769  0.30206769  0.29281784  0.35011757  0.32091832  0.29281784  0.39091527  0.38050502  0.38050502  0.38050502  0.40147268  0.38050502  0.38050502  0.37023788  0.34025710  0.34025710  0.34025710  0.38050502  0.36010997  0.34025710  0.35011757  0.35011757  0.29281784  0.29281784  0.29281784  0.31143353  0.30206769  0.28368116  0.28368116  0.34025710  0.29281784  0.32091832  0.33052512  0.32091832  0.27465490  0.24821275  0.32091832  0.37023788  0.26573642  0.28368116  0.31143353  0.32091832  0.31143353  0.36010997  0.21435267  0.18992844  0.19798143  0.34025710  0.30206769  0.30206769  0.27465490  0.26573642  0.30206769  0.27465490  0.27465490  0.28368116  0.29281784  0.34025710  0.32091832  0.32091832  0.35011757  0.35011757  0.34025710  0.32091832  0.32091832  0.31143353  0.24821275  0.24821275  0.28368116  0.32091832  0.32091832  0.32091832  0.31143353  0.31143353  0.31143353  0.28368116  0.30206769  0.44526118  0.44526118  0.45662156  0.46815741  0.44526118  0.27465490  0.28368116  0.31143353  0.28368116  0.22267487  0.20612220  0.23960273  0.26573642  0.26573642  0.24821275  0.24821275  0.29281784  0.28368116  0.28368116  0.37023788  0.35011757  0.37023788  0.37023788  0.36010997  0.34025710  0.38050502  0.41218148  0.34025710  0.40147268  0.37023788  0.34025710  0.26573642  0.28368116  0.35011757  0.38050502  0.38050502  0.35011757  0.37023788  0.38050502  0.39091527  0.44526118  0.42304606  
78_42_0    0.11384193  0.09244952  0.12845173  0.12111111  0.12111111  0.00000000  0.01886993  0.01886993  0.18992844  0.21435267  0.18992844  0.18992844  0.19798143  0.20612220  0.32091832  0.25692319  0.21435267  0.29281784  0.27465490  0.23960273  0.19798143  0.22267487  0.20612220  0.19798143  0.25692319  0.24821275  0.26573642  0.23960273  0.23960273  0.26573642  0.27465490  0.25692319  0.24821275  0.24821275  0.27465490  0.28368116  0.28368116  0.28368116  0.27465490  0.26573642  0.43407103  0.39091527  0.25692319  0.25692319  0.26573642  0.32091832  0.27465490  0.26573642  0.36010997  0.37023788  0.35011757  0.35011757  0.35011757  0.35011757  0.35011757  0.34025710  0.29281784  0.29281784  0.29281784  0.31143353  0.29281784  0.29281784  0.30206769  0.36010997  0.26573642  0.26573642  0.26573642  0.30206769  0.29281784  0.23960273  0.23960273  0.33052512  0.29281784  0.34025710  0.33052512  0.29281784  0.23109084  0.29281784  0.39091527  0.36010997  0.27465490  0.29281784  0.32091832  0.31143353  0.28368116  0.31143353  0.24821275  0.23960273  0.23960273  0.31143353  0.25692319  0.31143353  0.28368116  0.29281784  0.33052512  0.28368116  0.28368116  0.33052512  0.34025710  0.34025710  0.34025710  0.34025710  0.39091527  0.39091527  0.40147268  0.33052512  0.33052512  0.32091832  0.25692319  0.23960273  0.25692319  0.27465490  0.27465490  0.27465490  0.28368116  0.28368116  0.28368116  0.29281784  0.33052512  0.47987424  0.47987424  0.46815741  0.45662156  0.47987424  0.26573642  0.25692319  0.25692319  0.31143353  0.25692319  0.27465490  0.24821275  0.25692319  0.27465490  0.27465490  0.28368116  0.28368116  0.28368116  0.26573642  0.33052512  0.31143353  0.33052512  0.33052512  0.32091832  0.32091832  0.34025710  0.42304606  0.37023788  0.41218148  0.40147268  0.27465490  0.23960273  0.26573642  0.32091832  0.37023788  0.37023788  0.36010997  0.36010997  0.34025710  0.39091527  0.46815741  0.41218148  
34_42_0    0.10664283  0.08545275  0.12111111  0.11384193  0.11384193  0.01886993  0.00000000  0.00000000  0.18196136  0.20612220  0.18196136  0.18196136  0.18992844  0.19798143  0.31143353  0.24821275  0.22267487  0.30206769  0.29281784  0.23109084  0.22267487  0.23109084  0.21435267  0.18992844  0.24821275  0.23960273  0.25692319  0.23109084  0.23109084  0.25692319  0.26573642  0.24821275  0.23960273  0.23960273  0.26573642  0.27465490  0.29281784  0.27465490  0.26573642  0.27465490  0.40147268  0.36010997  0.24821275  0.24821275  0.27465490  0.31143353  0.28368116  0.27465490  0.39091527  0.38050502  0.36010997  0.36010997  0.36010997  0.36010997  0.36010997  0.35011757  0.30206769  0.30206769  0.30206769  0.30206769  0.30206769  0.30206769  0.31143353  0.37023788  0.25692319  0.25692319  0.25692319  0.27465490  0.26573642  0.24821275  0.24821275  0.32091832  0.28368116  0.33052512  0.32091832  0.28368116  0.23960273  0.28368116  0.38050502  0.37023788  0.28368116  0.30206769  0.33052512  0.32091832  0.29281784  0.34025710  0.23960273  0.23109084  0.23109084  0.30206769  0.24821275  0.30206769  0.27465490  0.28368116  0.32091832  0.27465490  0.27465490  0.32091832  0.33052512  0.33052512  0.35011757  0.35011757  0.40147268  0.40147268  0.41218148  0.32091832  0.32091832  0.31143353  0.26573642  0.23109084  0.24821275  0.28368116  0.28368116  0.28368116  0.29281784  0.29281784  0.29281784  0.28368116  0.32091832  0.49177782  0.49177782  0.47987424  0.46815741  0.49177782  0.25692319  0.24821275  0.24821275  0.30206769  0.25692319  0.26573642  0.22267487  0.24821275  0.26573642  0.26573642  0.29281784  0.27465490  0.29281784  0.27465490  0.34025710  0.32091832  0.34025710  0.34025710  0.33052512  0.33052512  0.35011757  0.43407103  0.38050502  0.42304606  0.41218148  0.30206769  0.24821275  0.29281784  0.33052512  0.36010997  0.36010997  0.35011757  0.37023788  0.32091832  0.37023788  0.44526118  0.39091527  
60_42_0    0.10664283  0.08545275  0.12111111  0.11384193  0.11384193  0.01886993  0.00000000  0.00000000  0.18196136  0.20612220  0.18196136  0.18196136  0.18992844  0.19798143  0.31143353  0.24821275  0.22267487  0.30206769  0.29281784  0.23109084  0.22267487  0.23109084  0.21435267  0.18992844  0.24821275  0.23960273  0.25692319  0.23109084  0.23109084  0.25692319  0.26573642  0.24821275  0.23960273  0.23960273  0.26573642  0.27465490  0.29281784  0.27465490  0.26573642  0.27465490  0.40147268  0.36010997  0.24821275  0.24821275  0.27465490  0.31143353  0.28368116  0.27465490  0.39091527  0.38050502  0.36010997  0.36010997  0.36010997  0.36010997  0.36010997  0.35011757  0.30206769  0.30206769  0.30206769  0.30206769  0.30206769  0.30206769  0.31143353  0.37023788  0.25692319  0.25692319  0.25692319  0.27465490  0.26573642  0.24821275  0.24821275  0.32091832  0.28368116  0.33052512  0.32091832  0.28368116  0.23960273  0.28368116  0.38050502  0.37023788  0.28368116  0.30206769  0.33052512  0.32091832  0.29281784  0.34025710  0.23960273  0.23109084  0.23109084  0.30206769  0.24821275  0.30206769  0.27465490  0.28368116  0.32091832  0.27465490  0.27465490  0.32091832  0.33052512  0.33052512  0.35011757  0.35011757  0.40147268  0.40147268  0.41218148  0.32091832  0.32091832  0.31143353  0.26573642  0.23109084  0.24821275  0.28368116  0.28368116  0.28368116  0.29281784  0.29281784  0.29281784  0.28368116  0.32091832  0.49177782  0.49177782  0.47987424  0.46815741  0.49177782  0.25692319  0.24821275  0.24821275  0.30206769  0.25692319  0.26573642  0.22267487  0.24821275  0.26573642  0.26573642  0.29281784  0.27465490  0.29281784  0.27465490  0.34025710  0.32091832  0.34025710  0.34025710  0.33052512  0.33052512  0.35011757  0.43407103  0.38050502  0.42304606  0.41218148  0.30206769  0.24821275  0.29281784  0.33052512  0.36010997  0.36010997  0.35011757  0.37023788  0.32091832  0.37023788  0.44526118  0.39091527  
87_40_0    0.18992844  0.15855771  0.16627773  0.17407838  0.17407838  0.18992844  0.18196136  0.18196136  0.00000000  0.05810328  0.05810328  0.05141959  0.07165283  0.12111111  0.36010997  0.30206769  0.25692319  0.27465490  0.25692319  0.21435267  0.22267487  0.19798143  0.19798143  0.21435267  0.23109084  0.27465490  0.24821275  0.23109084  0.23109084  0.24821275  0.24821275  0.24821275  0.25692319  0.23960273  0.24821275  0.25692319  0.23960273  0.27465490  0.28368116  0.28368116  0.44526118  0.40147268  0.39091527  0.39091527  0.34025710  0.39091527  0.36010997  0.35011757  0.41218148  0.39091527  0.38050502  0.38050502  0.40147268  0.42304606  0.42304606  0.41218148  0.34025710  0.34025710  0.34025710  0.42304606  0.40147268  0.38050502  0.39091527  0.41218148  0.27465490  0.27465490  0.27465490  0.29281784  0.32091832  0.31143353  0.31143353  0.36010997  0.32091832  0.40147268  0.39091527  0.38050502  0.33052512  0.31143353  0.38050502  0.37023788  0.30206769  0.31143353  0.33052512  0.34025710  0.33052512  0.40147268  0.27465490  0.24821275  0.31143353  0.31143353  0.32091832  0.31143353  0.30206769  0.27465490  0.31143353  0.28368116  0.28368116  0.34025710  0.33052512  0.33052512  0.36010997  0.36010997  0.34025710  0.34025710  0.35011757  0.36010997  0.36010997  0.33052512  0.34025710  0.32091832  0.36010997  0.40147268  0.40147268  0.40147268  0.41218148  0.41218148  0.41218148  0.34025710  0.40147268  0.37023788  0.37023788  0.38050502  0.39091527  0.39091527  0.37023788  0.38050502  0.39091527  0.33052512  0.28368116  0.28368116  0.32091832  0.29281784  0.31143353  0.35011757  0.35011757  0.33052512  0.36010997  0.34025710  0.37023788  0.35011757  0.37023788  0.37023788  0.36010997  0.37023788  0.38050502  0.52867109  0.44526118  0.52867109  0.46815741  0.39091527  0.32091832  0.33052512  0.39091527  0.45662156  0.45662156  0.43407103  0.45662156  0.40147268  0.45662156  0.46815741  0.39091527  
87_39_0    0.19798143  0.16627773  0.17407838  0.16627773  0.16627773  0.21435267  0.20612220  0.20612220  0.05810328  0.00000000  0.07852091  0.05810328  0.06484733  0.11384193  0.34025710  0.29281784  0.26573642  0.28368116  0.28368116  0.18992844  0.23109084  0.20612220  0.18992844  0.26573642  0.22267487  0.25692319  0.26573642  0.27465490  0.27465490  0.25692319  0.25692319  0.25692319  0.26573642  0.26573642  0.27465490  0.28368116  0.23109084  0.25692319  0.26573642  0.26573642  0.43407103  0.35011757  0.37023788  0.37023788  0.34025710  0.40147268  0.39091527  0.36010997  0.42304606  0.41218148  0.41218148  0.41218148  0.43407103  0.37023788  0.37023788  0.36010997  0.33052512  0.33052512  0.33052512  0.43407103  0.41218148  0.39091527  0.42304606  0.40147268  0.23960273  0.23960273  0.23960273  0.30206769  0.33052512  0.31143353  0.31143353  0.32091832  0.31143353  0.42304606  0.41218148  0.35011757  0.30206769  0.29281784  0.31143353  0.35011757  0.32091832  0.28368116  0.31143353  0.32091832  0.31143353  0.38050502  0.26573642  0.23960273  0.33052512  0.31143353  0.33052512  0.33052512  0.30206769  0.27465490  0.29281784  0.28368116  0.28368116  0.34025710  0.33052512  0.31143353  0.34025710  0.34025710  0.34025710  0.34025710  0.35011757  0.33052512  0.33052512  0.30206769  0.33052512  0.32091832  0.36010997  0.40147268  0.40147268  0.40147268  0.43407103  0.41218148  0.41218148  0.34025710  0.37023788  0.40147268  0.42304606  0.41218148  0.42304606  0.42304606  0.39091527  0.38050502  0.41218148  0.33052512  0.28368116  0.28368116  0.30206769  0.31143353  0.31143353  0.30206769  0.30206769  0.31143353  0.36010997  0.36010997  0.37023788  0.37023788  0.39091527  0.39091527  0.38050502  0.36010997  0.40147268  0.49177782  0.43407103  0.46815741  0.43407103  0.38050502  0.29281784  0.32091832  0.36010997  0.41218148  0.41218148  0.40147268  0.42304606  0.38050502  0.42304606  0.39091527  0.37023788  
89_38_0    0.18992844  0.18196136  0.18992844  0.19798143  0.19798143  0.18992844  0.18196136  0.18196136  0.05810328  0.07852091  0.00000000  0.05810328  0.07165283  0.12111111  0.35011757  0.28368116  0.23960273  0.28368116  0.26573642  0.19798143  0.23109084  0.20612220  0.20612220  0.22267487  0.23109084  0.28368116  0.23960273  0.21435267  0.21435267  0.23109084  0.23109084  0.23109084  0.23960273  0.22267487  0.23109084  0.23960273  0.20612220  0.23960273  0.24821275  0.23960273  0.40147268  0.36010997  0.37023788  0.37023788  0.33052512  0.36010997  0.35011757  0.36010997  0.38050502  0.37023788  0.35011757  0.35011757  0.37023788  0.37023788  0.37023788  0.36010997  0.31143353  0.31143353  0.31143353  0.39091527  0.37023788  0.33052512  0.34025710  0.38050502  0.27465490  0.27465490  0.27465490  0.30206769  0.33052512  0.30206769  0.30206769  0.35011757  0.30206769  0.40147268  0.39091527  0.32091832  0.27465490  0.30206769  0.36010997  0.36010997  0.31143353  0.31143353  0.31143353  0.30206769  0.29281784  0.34025710  0.26573642  0.23960273  0.30206769  0.29281784  0.31143353  0.31143353  0.28368116  0.27465490  0.29281784  0.26573642  0.26573642  0.34025710  0.33052512  0.32091832  0.34025710  0.34025710  0.33052512  0.33052512  0.34025710  0.35011757  0.35011757  0.32091832  0.33052512  0.29281784  0.33052512  0.36010997  0.36010997  0.36010997  0.37023788  0.37023788  0.37023788  0.31143353  0.37023788  0.39091527  0.39091527  0.40147268  0.40147268  0.41218148  0.34025710  0.35011757  0.36010997  0.34025710  0.30206769  0.31143353  0.30206769  0.27465490  0.31143353  0.38050502  0.35011757  0.30206769  0.34025710  0.32091832  0.33052512  0.33052512  0.35011757  0.35011757  0.34025710  0.32091832  0.34025710  0.50387420  0.44526118  0.49177782  0.45662156  0.38050502  0.28368116  0.31143353  0.37023788  0.42304606  0.42304606  0.43407103  0.45662156  0.37023788  0.45662156  0.46815741  0.37023788  
87_35_0    0.18992844  0.15855771  0.15091668  0.17407838  0.17407838  0.18992844  0.18196136  0.18196136  0.05141959  0.05810328  0.05810328  0.00000000  0.01886993  0.10664283  0.37023788  0.30206769  0.27465490  0.30206769  0.23960273  0.18196136  0.20612220  0.19798143  0.18196136  0.23960273  0.23109084  0.28368116  0.25692319  0.24821275  0.24821275  0.26573642  0.26573642  0.26573642  0.27465490  0.25692319  0.26573642  0.27465490  0.23960273  0.27465490  0.28368116  0.27465490  0.40147268  0.38050502  0.38050502  0.38050502  0.31143353  0.36010997  0.36010997  0.35011757  0.41218148  0.40147268  0.38050502  0.38050502  0.40147268  0.40147268  0.40147268  0.39091527  0.34025710  0.34025710  0.34025710  0.42304606  0.40147268  0.36010997  0.37023788  0.40147268  0.27465490  0.27465490  0.27465490  0.29281784  0.32091832  0.30206769  0.30206769  0.37023788  0.34025710  0.44526118  0.43407103  0.34025710  0.29281784  0.30206769  0.36010997  0.35011757  0.32091832  0.28368116  0.33052512  0.34025710  0.33052512  0.40147268  0.27465490  0.24821275  0.32091832  0.29281784  0.31143353  0.31143353  0.28368116  0.25692319  0.29281784  0.26573642  0.26573642  0.33052512  0.32091832  0.31143353  0.37023788  0.37023788  0.36010997  0.36010997  0.37023788  0.33052512  0.33052512  0.32091832  0.37023788  0.31143353  0.35011757  0.41218148  0.41218148  0.41218148  0.42304606  0.42304606  0.42304606  0.33052512  0.38050502  0.37023788  0.37023788  0.38050502  0.39091527  0.39091527  0.38050502  0.41218148  0.42304606  0.35011757  0.30206769  0.30206769  0.32091832  0.31143353  0.33052512  0.33052512  0.33052512  0.32091832  0.37023788  0.35011757  0.36010997  0.34025710  0.36010997  0.36010997  0.35011757  0.37023788  0.37023788  0.52867109  0.44526118  0.51616974  0.47987424  0.40147268  0.31143353  0.33052512  0.37023788  0.42304606  0.42304606  0.39091527  0.41218148  0.36010997  0.45662156  0.44526118  0.37023788  
89_35_0    0.18196136  0.16627773  0.15855771  0.16627773  0.16627773  0.19798143  0.18992844  0.18992844  0.07165283  0.06484733  0.07165283  0.01886993  0.00000000  0.08545275  0.34025710  0.27465490  0.24821275  0.27465490  0.24821275  0.15855771  0.21435267  0.18992844  0.18992844  0.23109084  0.20612220  0.27465490  0.24821275  0.23960273  0.23960273  0.27465490  0.25692319  0.25692319  0.28368116  0.24821275  0.25692319  0.26573642  0.21435267  0.24821275  0.25692319  0.24821275  0.37023788  0.37023788  0.37023788  0.37023788  0.34025710  0.37023788  0.37023788  0.36010997  0.42304606  0.41218148  0.39091527  0.39091527  0.41218148  0.39091527  0.39091527  0.38050502  0.35011757  0.35011757  0.35011757  0.43407103  0.41218148  0.37023788  0.38050502  0.39091527  0.26573642  0.26573642  0.26573642  0.32091832  0.35011757  0.31143353  0.31143353  0.36010997  0.34025710  0.43407103  0.42304606  0.33052512  0.28368116  0.27465490  0.33052512  0.32091832  0.31143353  0.29281784  0.32091832  0.33052512  0.32091832  0.39091527  0.28368116  0.25692319  0.31143353  0.28368116  0.30206769  0.30206769  0.27465490  0.24821275  0.28368116  0.25692319  0.25692319  0.32091832  0.31143353  0.30206769  0.36010997  0.36010997  0.35011757  0.35011757  0.36010997  0.32091832  0.32091832  0.31143353  0.34025710  0.30206769  0.34025710  0.40147268  0.40147268  0.40147268  0.41218148  0.39091527  0.39091527  0.32091832  0.35011757  0.40147268  0.40147268  0.41218148  0.40147268  0.42304606  0.35011757  0.38050502  0.41218148  0.34025710  0.27465490  0.29281784  0.29281784  0.30206769  0.30206769  0.32091832  0.30206769  0.31143353  0.34025710  0.32091832  0.35011757  0.33052512  0.35011757  0.35011757  0.34025710  0.36010997  0.36010997  0.49177782  0.41218148  0.47987424  0.44526118  0.39091527  0.32091832  0.32091832  0.34025710  0.41218148  0.41218148  0.38050502  0.40147268  0.33052512  0.42304606  0.41218148  0.38050502  
78_35_0    0.20612220  0.20612220  0.18196136  0.17407838  0.17407838  0.20612220  0.19798143  0.19798143  0.12111111  0.11384193  0.12111111  0.10664283  0.08545275  0.00000000  0.33052512  0.28368116  0.27465490  0.30206769  0.25692319  0.16627773  0.22267487  0.21435267  0.21435267  0.22267487  0.16627773  0.24821275  0.23960273  0.23109084  0.23109084  0.26573642  0.24821275  0.24821275  0.27465490  0.23960273  0.26573642  0.27465490  0.20612220  0.25692319  0.26573642  0.27465490  0.38050502  0.38050502  0.36010997  0.36010997  0.37023788  0.39091527  0.36010997  0.35011757  0.41218148  0.40147268  0.38050502  0.38050502  0.38050502  0.40147268  0.40147268  0.39091527  0.36010997  0.36010997  0.36010997  0.40147268  0.38050502  0.40147268  0.41218148  0.35011757  0.31143353  0.31143353  0.31143353  0.37023788  0.38050502  0.30206769  0.30206769  0.41218148  0.33052512  0.40147268  0.39091527  0.34025710  0.31143353  0.30206769  0.34025710  0.32091832  0.33052512  0.33052512  0.31143353  0.32091832  0.31143353  0.38050502  0.27465490  0.26573642  0.32091832  0.31143353  0.31143353  0.35011757  0.32091832  0.27465490  0.31143353  0.28368116  0.28368116  0.33052512  0.32091832  0.31143353  0.37023788  0.37023788  0.34025710  0.34025710  0.33052512  0.36010997  0.36010997  0.33052512  0.38050502  0.34025710  0.36010997  0.38050502  0.38050502  0.38050502  0.39091527  0.37023788  0.37023788  0.32091832  0.33052512  0.46815741  0.46815741  0.45662156  0.44526118  0.46815741  0.32091832  0.33052512  0.42304606  0.36010997  0.30206769  0.30206769  0.32091832  0.35011757  0.35011757  0.29281784  0.33052512  0.34025710  0.35011757  0.33052512  0.34025710  0.32091832  0.34025710  0.34025710  0.33052512  0.31143353  0.35011757  0.47987424  0.40147268  0.46815741  0.45662156  0.40147268  0.34025710  0.35011757  0.35011757  0.41218148  0.41218148  0.39091527  0.41218148  0.37023788  0.42304606  0.41218148  0.38050502  
72_67_0    0.29281784  0.31143353  0.31143353  0.30206769  0.30206769  0.32091832  0.31143353  0.31143353  0.36010997  0.34025710  0.35011757  0.37023788  0.34025710  0.33052512  0.00000000  0.08545275  0.18992844  0.21435267  0.36010997  0.25692319  0.23960273  0.23109084  0.24821275  0.35011757  0.24821275  0.32091832  0.25692319  0.31143353  0.31143353  0.29281784  0.27465490  0.27465490  0.30206769  0.32091832  0.29281784  0.28368116  0.24821275  0.33052512  0.32091832  0.32091832  0.43407103  0.43407103  0.38050502  0.38050502  0.42304606  0.41218148  0.38050502  0.38050502  0.40147268  0.41218148  0.41218148  0.41218148  0.41218148  0.40147268  0.40147268  0.39091527  0.35011757  0.35011757  0.37023788  0.39091527  0.36010997  0.39091527  0.38050502  0.40147268  0.30206769  0.30206769  0.30206769  0.37023788  0.38050502  0.34025710  0.34025710  0.39091527  0.34025710  0.42304606  0.43407103  0.36010997  0.40147268  0.32091832  0.38050502  0.40147268  0.44526118  0.46815741  0.39091527  0.38050502  0.37023788  0.44526118  0.34025710  0.33052512  0.27465490  0.30206769  0.32091832  0.34025710  0.33052512  0.31143353  0.31143353  0.35011757  0.35011757  0.36010997  0.37023788  0.38050502  0.34025710  0.34025710  0.38050502  0.36010997  0.37023788  0.39091527  0.39091527  0.38050502  0.37023788  0.38050502  0.42304606  0.41218148  0.41218148  0.41218148  0.42304606  0.40147268  0.40147268  0.38050502  0.38050502  0.49177782  0.49177782  0.47987424  0.46815741  0.49177782  0.34025710  0.31143353  0.35011757  0.36010997  0.37023788  0.37023788  0.30206769  0.28368116  0.28368116  0.34025710  0.30206769  0.41218148  0.27465490  0.32091832  0.41218148  0.40147268  0.40147268  0.39091527  0.40147268  0.40147268  0.41218148  0.47987424  0.45662156  0.46815741  0.44526118  0.35011757  0.44526118  0.42304606  0.42304606  0.49177782  0.49177782  0.54138526  0.54138526  0.47987424  0.42304606  0.47987424  0.45662156  
39_9_0     0.23109084  0.24821275  0.26573642  0.25692319  0.25692319  0.25692319  0.24821275  0.24821275  0.30206769  0.29281784  0.28368116  0.30206769  0.27465490  0.28368116  0.08545275  0.00000000  0.13586522  0.15855771  0.31143353  0.21435267  0.21435267  0.18992844  0.22267487  0.28368116  0.20612220  0.29281784  0.19798143  0.23109084  0.23109084  0.23109084  0.21435267  0.21435267  0.23960273  0.25692319  0.24821275  0.25692319  0.18992844  0.30206769  0.29281784  0.29281784  0.38050502  0.40147268  0.33052512  0.33052512  0.39091527  0.41218148  0.35011757  0.37023788  0.39091527  0.40147268  0.38050502  0.38050502  0.38050502  0.37023788  0.37023788  0.36010997  0.32091832  0.32091832  0.32091832  0.32091832  0.29281784  0.34025710  0.35011757  0.36010997  0.27465490  0.27465490  0.27465490  0.30206769  0.31143353  0.31143353  0.31143353  0.36010997  0.31143353  0.41218148  0.40147268  0.33052512  0.35011757  0.31143353  0.37023788  0.37023788  0.37023788  0.39091527  0.34025710  0.33052512  0.34025710  0.37023788  0.31143353  0.30206769  0.28368116  0.33052512  0.31143353  0.31143353  0.30206769  0.30206769  0.30206769  0.32091832  0.32091832  0.35011757  0.36010997  0.35011757  0.31143353  0.31143353  0.36010997  0.34025710  0.35011757  0.37023788  0.37023788  0.36010997  0.33052512  0.32091832  0.36010997  0.39091527  0.39091527  0.39091527  0.36010997  0.36010997  0.36010997  0.34025710  0.39091527  0.50387420  0.50387420  0.51616974  0.50387420  0.52867109  0.37023788  0.32091832  0.34025710  0.35011757  0.34025710  0.34025710  0.27465490  0.27465490  0.29281784  0.33052512  0.29281784  0.34025710  0.28368116  0.30206769  0.39091527  0.38050502  0.36010997  0.37023788  0.38050502  0.36010997  0.39091527  0.40147268  0.40147268  0.43407103  0.41218148  0.31143353  0.36010997  0.37023788  0.34025710  0.41218148  0.41218148  0.41218148  0.41218148  0.41218148  0.38050502  0.43407103  0.42304606  
95_64_0    0.22267487  0.19798143  0.25692319  0.23109084  0.23109084  0.21435267  0.22267487  0.22267487  0.25692319  0.26573642  0.23960273  0.27465490  0.24821275  0.27465490  0.18992844  0.13586522  0.00000000  0.09951246  0.31143353  0.22267487  0.20612220  0.16627773  0.21435267  0.22267487  0.21435267  0.26573642  0.27465490  0.27465490  0.27465490  0.29281784  0.27465490  0.27465490  0.30206769  0.23960273  0.23960273  0.24821275  0.19798143  0.25692319  0.24821275  0.23109084  0.40147268  0.37023788  0.33052512  0.33052512  0.37023788  0.41218148  0.35011757  0.37023788  0.35011757  0.38050502  0.36010997  0.36010997  0.36010997  0.39091527  0.39091527  0.38050502  0.35011757  0.35011757  0.34025710  0.40147268  0.36010997  0.35011757  0.36010997  0.38050502  0.32091832  0.32091832  0.32091832  0.35011757  0.36010997  0.35011757  0.35011757  0.34025710  0.34025710  0.40147268  0.39091527  0.31143353  0.32091832  0.33052512  0.37023788  0.37023788  0.34025710  0.40147268  0.35011757  0.34025710  0.31143353  0.32091832  0.23960273  0.24821275  0.29281784  0.36010997  0.34025710  0.32091832  0.33052512  0.32091832  0.33052512  0.33052512  0.33052512  0.33052512  0.34025710  0.33052512  0.34025710  0.34025710  0.35011757  0.35011757  0.36010997  0.37023788  0.37023788  0.37023788  0.35011757  0.32091832  0.36010997  0.37023788  0.37023788  0.37023788  0.38050502  0.36010997  0.36010997  0.36010997  0.40147268  0.49177782  0.49177782  0.50387420  0.49177782  0.51616974  0.36010997  0.31143353  0.33052512  0.32091832  0.31143353  0.31143353  0.30206769  0.26573642  0.28368116  0.34025710  0.32091832  0.34025710  0.31143353  0.29281784  0.39091527  0.38050502  0.37023788  0.37023788  0.38050502  0.34025710  0.38050502  0.40147268  0.38050502  0.39091527  0.39091527  0.28368116  0.31143353  0.32091832  0.40147268  0.43407103  0.43407103  0.45662156  0.43407103  0.41218148  0.38050502  0.43407103  0.39091527  
95_9_0     0.32091832  0.25692319  0.32091832  0.31143353  0.31143353  0.29281784  0.30206769  0.30206769  0.27465490  0.28368116  0.28368116  0.30206769  0.27465490  0.30206769  0.21435267  0.15855771  0.09951246  0.00000000  0.30206769  0.23960273  0.22267487  0.18196136  0.23109084  0.23960273  0.21435267  0.31143353  0.29281784  0.27465490  0.27465490  0.29281784  0.27465490  0.27465490  0.30206769  0.27465490  0.27465490  0.28368116  0.21435267  0.29281784  0.28368116  0.28368116  0.41218148  0.40147268  0.39091527  0.39091527  0.41218148  0.40147268  0.41218148  0.41218148  0.39091527  0.42304606  0.40147268  0.40147268  0.40147268  0.40147268  0.40147268  0.39091527  0.35011757  0.35011757  0.34025710  0.42304606  0.38050502  0.39091527  0.38050502  0.40147268  0.27465490  0.27465490  0.27465490  0.32091832  0.35011757  0.37023788  0.37023788  0.37023788  0.32091832  0.39091527  0.38050502  0.34025710  0.33052512  0.33052512  0.37023788  0.35011757  0.38050502  0.42304606  0.29281784  0.28368116  0.27465490  0.32091832  0.26573642  0.27465490  0.33052512  0.33052512  0.31143353  0.29281784  0.30206769  0.29281784  0.32091832  0.32091832  0.32091832  0.34025710  0.33052512  0.32091832  0.34025710  0.34025710  0.35011757  0.35011757  0.34025710  0.34025710  0.34025710  0.34025710  0.34025710  0.36010997  0.40147268  0.44526118  0.44526118  0.44526118  0.45662156  0.43407103  0.43407103  0.36010997  0.37023788  0.45662156  0.45662156  0.46815741  0.45662156  0.47987424  0.40147268  0.37023788  0.41218148  0.32091832  0.31143353  0.31143353  0.32091832  0.30206769  0.30206769  0.36010997  0.34025710  0.40147268  0.29281784  0.27465490  0.39091527  0.38050502  0.37023788  0.37023788  0.38050502  0.36010997  0.38050502  0.44526118  0.42304606  0.43407103  0.41218148  0.31143353  0.36010997  0.36010997  0.44526118  0.50387420  0.50387420  0.50387420  0.47987424  0.45662156  0.40147268  0.45662156  0.45662156  
19_16_0    0.29281784  0.25692319  0.23960273  0.23109084  0.23109084  0.27465490  0.29281784  0.29281784  0.25692319  0.28368116  0.26573642  0.23960273  0.24821275  0.25692319  0.36010997  0.31143353  0.31143353  0.30206769  0.00000000  0.23109084  0.23960273  0.24821275  0.23109084  0.28368116  0.27465490  0.35011757  0.29281784  0.25692319  0.25692319  0.30206769  0.28368116  0.26573642  0.28368116  0.26573642  0.27465490  0.26573642  0.23960273  0.33052512  0.32091832  0.31143353  0.43407103  0.44526118  0.44526118  0.44526118  0.35011757  0.41218148  0.40147268  0.39091527  0.49177782  0.52867109  0.49177782  0.49177782  0.51616974  0.49177782  0.49177782  0.49177782  0.45662156  0.45662156  0.45662156  0.51616974  0.49177782  0.46815741  0.45662156  0.45662156  0.37023788  0.37023788  0.37023788  0.37023788  0.40147268  0.35011757  0.35011757  0.44526118  0.33052512  0.39091527  0.38050502  0.36010997  0.33052512  0.38050502  0.42304606  0.40147268  0.41218148  0.43407103  0.37023788  0.38050502  0.35011757  0.41218148  0.24821275  0.25692319  0.35011757  0.33052512  0.35011757  0.33052512  0.32091832  0.27465490  0.35011757  0.31143353  0.31143353  0.43407103  0.42304606  0.41218148  0.34025710  0.34025710  0.33052512  0.31143353  0.32091832  0.40147268  0.40147268  0.41218148  0.33052512  0.37023788  0.41218148  0.41218148  0.41218148  0.41218148  0.40147268  0.42304606  0.42304606  0.37023788  0.41218148  0.38050502  0.36010997  0.42304606  0.43407103  0.41218148  0.42304606  0.39091527  0.45662156  0.38050502  0.29281784  0.31143353  0.40147268  0.32091832  0.34025710  0.35011757  0.35011757  0.41218148  0.36010997  0.36010997  0.43407103  0.39091527  0.41218148  0.39091527  0.40147268  0.37023788  0.40147268  0.47987424  0.40147268  0.40147268  0.41218148  0.39091527  0.41218148  0.39091527  0.43407103  0.47987424  0.47987424  0.42304606  0.43407103  0.40147268  0.44526118  0.45662156  0.47987424  
27_19_0    0.20612220  0.20612220  0.26573642  0.23960273  0.23960273  0.23960273  0.23109084  0.23109084  0.21435267  0.18992844  0.19798143  0.18196136  0.15855771  0.16627773  0.25692319  0.21435267  0.22267487  0.23960273  0.23109084  0.00000000  0.15091668  0.12845173  0.11384193  0.17407838  0.14335303  0.19798143  0.20612220  0.21435267  0.21435267  0.21435267  0.19798143  0.19798143  0.23109084  0.19798143  0.22267487  0.21435267  0.18196136  0.21435267  0.20612220  0.19798143  0.34025710  0.33052512  0.34025710  0.34025710  0.33052512  0.34025710  0.32091832  0.33052512  0.38050502  0.36010997  0.35011757  0.35011757  0.35011757  0.37023788  0.37023788  0.35011757  0.32091832  0.32091832  0.30206769  0.37023788  0.33052512  0.37023788  0.36010997  0.35011757  0.26573642  0.26573642  0.26573642  0.30206769  0.33052512  0.22267487  0.22267487  0.33052512  0.26573642  0.37023788  0.36010997  0.27465490  0.26573642  0.29281784  0.31143353  0.28368116  0.31143353  0.33052512  0.24821275  0.25692319  0.24821275  0.26573642  0.24821275  0.23960273  0.30206769  0.30206769  0.30206769  0.30206769  0.27465490  0.26573642  0.26573642  0.30206769  0.30206769  0.34025710  0.35011757  0.36010997  0.34025710  0.34025710  0.33052512  0.33052512  0.34025710  0.29281784  0.29281784  0.30206769  0.35011757  0.28368116  0.30206769  0.31143353  0.31143353  0.31143353  0.32091832  0.30206769  0.30206769  0.32091832  0.32091832  0.41218148  0.43407103  0.43407103  0.42304606  0.44526118  0.31143353  0.27465490  0.36010997  0.35011757  0.26573642  0.28368116  0.28368116  0.30206769  0.32091832  0.29281784  0.31143353  0.35011757  0.35011757  0.31143353  0.36010997  0.34025710  0.38050502  0.36010997  0.37023788  0.35011757  0.39091527  0.44526118  0.39091527  0.41218148  0.40147268  0.32091832  0.32091832  0.33052512  0.37023788  0.38050502  0.38050502  0.39091527  0.39091527  0.36010997  0.37023788  0.36010997  0.40147268  
