23
5_0_0      0.00000000  0.24955835  0.41143721  0.44705546  0.41143721  0.39765425  0.44705546  0.51581131  0.45438850  0.41842569  0.36427470  0.42548046  0.39765425  0.41143721  0.47683175  0.41143721  0.39765425  0.41143721  0.41143721  0.46927516  0.44705546  0.40451380  0.44705546  
19_0_0     0.24955835  0.00000000  0.42548046  0.41143721  0.36427470  0.36427470  0.41842569  0.45438850  0.43979402  0.41842569  0.40451380  0.40451380  0.41842569  0.41842569  0.46179458  0.45438850  0.33860953  0.38412211  0.38412211  0.46927516  0.43979402  0.37083182  0.41842569  
15_0_0     0.41143721  0.42548046  0.00000000  0.57406120  0.45438850  0.46927516  0.49997347  0.57406120  0.59157790  0.47683175  0.51581131  0.57406120  0.58276798  0.58276798  0.51581131  0.53199381  0.55694763  0.52385854  0.52385854  0.57406120  0.48446592  0.54021906  0.51581131  
14_1_0     0.44705546  0.41143721  0.57406120  0.00000000  0.14046959  0.14046959  0.23845159  0.33860953  0.37083182  0.32610165  0.47683175  0.41842569  0.45438850  0.43979402  0.51581131  0.40451380  0.43260280  0.43260280  0.43260280  0.42548046  0.41842569  0.44705546  0.42548046  
16_1_0     0.41143721  0.36427470  0.45438850  0.14046959  0.00000000  0.00804334  0.10739459  0.27807342  0.30772566  0.26083351  0.37744728  0.34494326  0.35777489  0.34494326  0.45438850  0.32610165  0.44705546  0.37744728  0.37744728  0.37083182  0.39085740  0.39765425  0.33232929  
4_1_0      0.39765425  0.36427470  0.46927516  0.14046959  0.00804334  0.00000000  0.11669544  0.27228226  0.31992573  0.26083351  0.36427470  0.33232929  0.34494326  0.34494326  0.43979402  0.32610165  0.44705546  0.36427470  0.36427470  0.37083182  0.40451380  0.38412211  0.34494326  
2_1_0      0.44705546  0.41842569  0.49997347  0.23845159  0.10739459  0.11669544  0.00000000  0.27807342  0.34494326  0.27807342  0.42548046  0.41842569  0.40451380  0.37744728  0.46927516  0.35777489  0.49997347  0.41143721  0.41143721  0.41842569  0.35777489  0.34494326  0.33860953  
15_1_0     0.51581131  0.45438850  0.57406120  0.33860953  0.27807342  0.27228226  0.27807342  0.00000000  0.40451380  0.36427470  0.54853631  0.42548046  0.44705546  0.43979402  0.53199381  0.40451380  0.53199381  0.46179458  0.46179458  0.44705546  0.51581131  0.48446592  0.49217927  
5_1_0      0.45438850  0.43979402  0.59157790  0.37083182  0.30772566  0.31992573  0.34494326  0.40451380  0.00000000  0.27807342  0.44705546  0.43260280  0.41842569  0.39085740  0.48446592  0.38412211  0.42548046  0.34494326  0.34494326  0.42548046  0.39085740  0.45438850  0.42548046  
19_1_0     0.41842569  0.41842569  0.47683175  0.32610165  0.26083351  0.26083351  0.27807342  0.36427470  0.27807342  0.00000000  0.47683175  0.41143721  0.42548046  0.42548046  0.42548046  0.38412211  0.37744728  0.30772566  0.30772566  0.37083182  0.35777489  0.39765425  0.36427470  
7_2_0      0.36427470  0.40451380  0.51581131  0.47683175  0.37744728  0.36427470  0.42548046  0.54853631  0.44705546  0.47683175  0.00000000  0.16502896  0.18016359  0.19042721  0.33232929  0.33860953  0.36427470  0.31992573  0.31992573  0.34494326  0.33860953  0.41143721  0.36427470  
20_2_0     0.42548046  0.40451380  0.57406120  0.41842569  0.34494326  0.33232929  0.41842569  0.42548046  0.43260280  0.41143721  0.16502896  0.00000000  0.05822076  0.07572824  0.31380067  0.29572251  0.35777489  0.28979282  0.28979282  0.34494326  0.40451380  0.42548046  0.33860953  
17_2_0     0.39765425  0.41842569  0.58276798  0.45438850  0.35777489  0.34494326  0.40451380  0.44705546  0.41842569  0.42548046  0.18016359  0.05822076  0.00000000  0.01617464  0.29572251  0.28979282  0.37083182  0.30169986  0.30169986  0.35777489  0.40451380  0.42548046  0.33860953  
9_2_0      0.41143721  0.41842569  0.58276798  0.43979402  0.34494326  0.34494326  0.37744728  0.43979402  0.39085740  0.42548046  0.19042721  0.07572824  0.01617464  0.00000000  0.31992573  0.30169986  0.37083182  0.30169986  0.30169986  0.34494326  0.39085740  0.42548046  0.32610165  
15_2_0     0.47683175  0.46179458  0.51581131  0.51581131  0.45438850  0.43979402  0.46927516  0.53199381  0.48446592  0.42548046  0.33232929  0.31380067  0.29572251  0.31992573  0.00000000  0.28391003  0.31992573  0.27228226  0.27228226  0.35777489  0.33232929  0.41143721  0.36427470  
15_3_0     0.41143721  0.45438850  0.53199381  0.40451380  0.32610165  0.32610165  0.35777489  0.40451380  0.38412211  0.38412211  0.33860953  0.29572251  0.28979282  0.30169986  0.28391003  0.00000000  0.33860953  0.27807342  0.27807342  0.33232929  0.37083182  0.43979402  0.33232929  
14_2_0     0.39765425  0.33860953  0.55694763  0.43260280  0.44705546  0.44705546  0.49997347  0.53199381  0.42548046  0.37744728  0.36427470  0.35777489  0.37083182  0.37083182  0.31992573  0.33860953  0.00000000  0.14046959  0.14046959  0.22750828  0.39085740  0.39765425  0.37744728  
4_2_0      0.41143721  0.38412211  0.52385854  0.43260280  0.37744728  0.36427470  0.41143721  0.46179458  0.34494326  0.30772566  0.31992573  0.28979282  0.30169986  0.30169986  0.27228226  0.27807342  0.14046959  0.00000000  0.00000000  0.12138985  0.31380067  0.36427470  0.32610165  
16_2_0     0.41143721  0.38412211  0.52385854  0.43260280  0.37744728  0.36427470  0.41143721  0.46179458  0.34494326  0.30772566  0.31992573  0.28979282  0.30169986  0.30169986  0.27228226  0.27807342  0.14046959  0.00000000  0.00000000  0.12138985  0.31380067  0.36427470  0.32610165  
2_2_0      0.46927516  0.46927516  0.57406120  0.42548046  0.37083182  0.37083182  0.41842569  0.44705546  0.42548046  0.37083182  0.34494326  0.34494326  0.35777489  0.34494326  0.35777489  0.33232929  0.22750828  0.12138985  0.12138985  0.00000000  0.36427470  0.39765425  0.37083182  
5_2_0      0.44705546  0.43979402  0.48446592  0.41842569  0.39085740  0.40451380  0.35777489  0.51581131  0.39085740  0.35777489  0.33860953  0.40451380  0.40451380  0.39085740  0.33232929  0.37083182  0.39085740  0.31380067  0.31380067  0.36427470  0.00000000  0.26653585  0.27807342  
19_4_0     0.40451380  0.37083182  0.54021906  0.44705546  0.39765425  0.38412211  0.34494326  0.48446592  0.45438850  0.39765425  0.41143721  0.42548046  0.42548046  0.42548046  0.41143721  0.43979402  0.39765425  0.36427470  0.36427470  0.39765425  0.26653585  0.00000000  0.23295981  
19_2_0     0.44705546  0.41842569  0.51581131  0.42548046  0.33232929  0.34494326  0.33860953  0.49217927  0.42548046  0.36427470  0.36427470  0.33860953  0.33860953  0.32610165  0.36427470  0.33232929  0.37744728  0.32610165  0.32610165  0.37083182  0.27807342  0.23295981  0.00000000  

