18
2_1_0      0.00000000  0.02440989  0.00804486  0.17586486  0.18099210  0.17077395  0.20187486  0.20187486  0.20187486  0.33537899  0.32273358  0.32273358  0.29206053  0.26843112  0.32902847  0.27426604  0.26264320  0.28607994  
3_1_0      0.02440989  0.00000000  0.01618079  0.17586486  0.17077395  0.17077395  0.19135763  0.19135763  0.19135763  0.32273358  0.31030683  0.31030683  0.30417311  0.28014872  0.29809130  0.29206053  0.25690151  0.28014872  
1_1_0      0.00804486  0.01618079  0.00000000  0.16571884  0.17077395  0.16069904  0.19135763  0.19135763  0.19135763  0.33537899  0.32273358  0.32273358  0.29206053  0.26843112  0.32273358  0.26843112  0.25690151  0.28014872  
3_2_0      0.17586486  0.17586486  0.16571884  0.00000000  0.00401117  0.00401117  0.17586486  0.18615618  0.18615618  0.31649335  0.30417311  0.30417311  0.34825090  0.32273358  0.36800163  0.31030683  0.32273358  0.37470769  
2_2_0      0.18099210  0.17077395  0.17077395  0.00401117  0.00000000  0.00804486  0.17077395  0.18099210  0.18099210  0.31030683  0.29809130  0.29809130  0.35477435  0.32902847  0.36135756  0.31649335  0.32902847  0.38147693  
1_2_0      0.17077395  0.17077395  0.16069904  0.00401117  0.00804486  0.00000000  0.17077395  0.18099210  0.18099210  0.31030683  0.29809130  0.29809130  0.35477435  0.32902847  0.37470769  0.30417311  0.31649335  0.36800163  
1_0_0      0.20187486  0.19135763  0.19135763  0.17586486  0.17077395  0.17077395  0.00000000  0.00804486  0.00804486  0.31649335  0.30417311  0.30417311  0.32902847  0.32273358  0.33537899  0.30417311  0.34178613  0.31649335  
3_0_0      0.20187486  0.19135763  0.19135763  0.18615618  0.18099210  0.18099210  0.00804486  0.00000000  0.00000000  0.31649335  0.30417311  0.30417311  0.32902847  0.32273358  0.34825090  0.31649335  0.34178613  0.31649335  
2_0_0      0.20187486  0.19135763  0.19135763  0.18615618  0.18099210  0.18099210  0.00804486  0.00000000  0.00000000  0.31649335  0.30417311  0.30417311  0.32902847  0.32273358  0.34825090  0.31649335  0.34178613  0.31649335  
7_0_0      0.33537899  0.32273358  0.33537899  0.31649335  0.31030683  0.31030683  0.31649335  0.31649335  0.31649335  0.00000000  0.01618079  0.01618079  0.21254829  0.23438279  0.34825090  0.30417311  0.31649335  0.32902847  
9_0_0      0.32273358  0.31030683  0.32273358  0.30417311  0.29809130  0.29809130  0.30417311  0.30417311  0.30417311  0.01618079  0.00000000  0.00000000  0.22338262  0.24555396  0.33537899  0.29206053  0.30417311  0.31649335  
13_0_0     0.32273358  0.31030683  0.32273358  0.30417311  0.29809130  0.29809130  0.30417311  0.30417311  0.30417311  0.01618079  0.00000000  0.00000000  0.22338262  0.24555396  0.33537899  0.29206053  0.30417311  0.31649335  
8_0_0      0.29206053  0.30417311  0.29206053  0.34825090  0.35477435  0.35477435  0.32902847  0.32902847  0.32902847  0.21254829  0.22338262  0.22338262  0.00000000  0.02856004  0.32902847  0.28607994  0.27426604  0.31030683  
18_0_0     0.26843112  0.28014872  0.26843112  0.32273358  0.32902847  0.32902847  0.32273358  0.32273358  0.32273358  0.23438279  0.24555396  0.24555396  0.02856004  0.00000000  0.36800163  0.29809130  0.29809130  0.33537899  
16_0_0     0.32902847  0.29809130  0.32273358  0.36800163  0.36135756  0.37470769  0.33537899  0.34825090  0.34825090  0.34825090  0.33537899  0.33537899  0.32902847  0.36800163  0.00000000  0.13611290  0.15571406  0.14584666  
14_0_0     0.27426604  0.29206053  0.26843112  0.31030683  0.31649335  0.30417311  0.30417311  0.31649335  0.31649335  0.30417311  0.29206053  0.29206053  0.28607994  0.29809130  0.13611290  0.00000000  0.07586721  0.07586721  
6_0_0      0.26264320  0.25690151  0.25690151  0.32273358  0.32902847  0.31649335  0.34178613  0.34178613  0.34178613  0.31649335  0.30417311  0.30417311  0.27426604  0.29809130  0.15571406  0.07586721  0.00000000  0.07586721  
15_0_0     0.28607994  0.28014872  0.28014872  0.37470769  0.38147693  0.36800163  0.31649335  0.31649335  0.31649335  0.32902847  0.31649335  0.31649335  0.31030683  0.33537899  0.14584666  0.07586721  0.07586721  0.00000000  

