140
16_0_0     0.00000000  0.01775779  0.36371573  0.35416083  0.35416083  0.35416083  0.35416083  0.39315338  0.36371573  0.36371573  0.85133771  0.66975309  0.64108786  0.62716600  0.68451850  0.69958829  0.65527999  0.65527999  0.62716600  0.58692374  0.58692374  0.79717850  0.61350430  0.61350430  0.62716600  0.61350430  0.62716600  0.58692374  0.66975309  0.65527999  0.68451850  0.68451850  0.69958829  0.71497526  0.69958829  0.69958829  0.76318026  0.74675622  0.71497526  0.76318026  0.71497526  1.12005173  0.97341761  0.76318026  0.79717850  0.81478951  0.69958829  0.83283525  0.83283525  1.12005173  0.97341761  0.93041907  0.79717850  0.81478951  0.93041907  0.73069306  0.76318026  0.73069306  0.74675622  0.60009322  0.66975309  0.65527999  0.74675622  0.68451850  0.69958829  0.71497526  0.74675622  0.68451850  0.90983242  0.76318026  0.81478951  0.76318026  0.71497526  0.71497526  0.66975309  0.66975309  0.66975309  0.61350430  0.61350430  0.60009322  0.58692374  0.62716600  0.62716600  0.76318026  1.20611091  1.17628464  1.20611091  1.17628464  1.23720597  1.41628062  1.06783690  1.23720597  0.64108786  0.68451850  0.77998176  0.66975309  0.65527999  0.61350430  0.62716600  0.64108786  0.76318026  0.77998176  0.66975309  0.68451850  0.69958829  0.64108786  0.65527999  0.62716600  0.69958829  1.12005173  0.83283525  1.01910403  1.04306448  0.81478951  0.79717850  0.81478951  0.77998176  0.76318026  0.81478951  0.79717850  0.77998176  0.81478951  0.81478951  0.79717850  0.79717850  0.71497526  0.81478951  0.76318026  0.68451850  0.74675622  0.74675622  0.74675622  0.56127578  0.66975309  0.65527999  0.66975309  0.64108786  0.68451850  0.64108786  0.74675622  
67_0_0     0.01775779  0.00000000  0.39315338  0.38320854  0.36371573  0.36371573  0.38320854  0.42382626  0.39315338  0.39315338  0.87032063  0.65527999  0.62716600  0.61350430  0.71497526  0.73069306  0.65527999  0.65527999  0.61350430  0.57398729  0.60009322  0.76318026  0.60009322  0.60009322  0.61350430  0.60009322  0.58692374  0.57398729  0.68451850  0.66975309  0.69958829  0.69958829  0.71497526  0.73069306  0.68451850  0.68451850  0.77998176  0.76318026  0.76318026  0.77998176  0.73069306  1.04306448  0.95160227  0.74675622  0.77998176  0.79717850  0.68451850  0.81478951  0.85133771  1.04306448  0.95160227  0.95160227  0.79717850  0.77998176  0.93041907  0.69958829  0.73069306  0.69958829  0.69958829  0.61350430  0.65527999  0.64108786  0.76318026  0.66975309  0.68451850  0.73069306  0.76318026  0.66975309  0.85133771  0.71497526  0.76318026  0.71497526  0.68451850  0.69958829  0.64108786  0.64108786  0.68451850  0.62716600  0.62716600  0.61350430  0.60009322  0.60009322  0.60009322  0.74675622  1.26968258  1.23720597  1.26968258  1.23720597  1.30366922  1.33931321  1.04306448  1.30366922  0.65527999  0.69958829  0.79717850  0.71497526  0.69958829  0.65527999  0.66975309  0.65527999  0.79717850  0.79717850  0.68451850  0.69958829  0.71497526  0.65527999  0.66975309  0.66975309  0.65527999  1.17628464  0.81478951  0.99590400  0.99590400  0.76318026  0.74675622  0.76318026  0.73069306  0.74675622  0.76318026  0.74675622  0.73069306  0.79717850  0.76318026  0.74675622  0.74675622  0.66975309  0.76318026  0.74675622  0.66975309  0.76318026  0.76318026  0.76318026  0.54878152  0.65527999  0.64108786  0.66975309  0.62716600  0.66975309  0.62716600  0.76318026  
30_0_0     0.36371573  0.39315338  0.00000000  0.12744992  0.14150760  0.14150760  0.10012040  0.11365746  0.10685760  0.10685760  0.79717850  0.74675622  0.79717850  0.74675622  0.73069306  0.77998176  0.73069306  0.74675622  0.81478951  0.83283525  0.79717850  0.79717850  0.69958829  0.74675622  0.73069306  0.69958829  0.74675622  0.66975309  0.66975309  0.69958829  0.66975309  0.66975309  0.68451850  0.69958829  0.66975309  0.66975309  0.90983242  0.95160227  0.90983242  0.88980963  0.85133771  1.26968258  1.17628464  1.04306448  1.06783690  0.99590400  0.99590400  0.95160227  0.85133771  1.14762766  0.99590400  0.93041907  1.06783690  1.04306448  1.17628464  1.01910403  1.06783690  1.01910403  0.99590400  0.87032063  0.88980963  0.79717850  0.87032063  0.90983242  0.85133771  1.01910403  0.97341761  0.90983242  1.30366922  0.97341761  0.93041907  1.09347826  1.12005173  0.99590400  1.01910403  0.99590400  0.97341761  0.93041907  0.95160227  0.93041907  0.90983242  1.04306448  1.04306448  1.09347826  2.00839144  1.92243136  2.00839144  1.84552342  2.00839144  2.10582237  1.54945316  1.77594144  0.69958829  0.81478951  0.81478951  0.68451850  0.66975309  0.68451850  0.73069306  0.74675622  0.77998176  0.85133771  0.76318026  0.74675622  0.74675622  0.76318026  0.77998176  0.68451850  1.01910403  1.41628062  1.09347826  1.33931321  1.37678450  1.01910403  0.97341761  0.90983242  0.95160227  0.90983242  0.99590400  0.90983242  0.95160227  0.97341761  0.95160227  0.97341761  0.97341761  1.04306448  1.14762766  1.04306448  0.99590400  0.99590400  0.99590400  0.99590400  0.79717850  0.87032063  0.76318026  0.85133771  0.90983242  0.93041907  0.87032063  1.09347826  
84_0_0     0.35416083  0.38320854  0.12744992  0.00000000  0.06733536  0.06733536  0.02377422  0.03595768  0.02984057  0.02984057  0.88980963  0.73069306  0.77998176  0.69958829  0.62716600  0.66975309  0.62716600  0.64108786  0.76318026  0.73069306  0.69958829  0.83283525  0.66975309  0.68451850  0.69958829  0.66975309  0.71497526  0.66975309  0.64108786  0.66975309  0.64108786  0.64108786  0.65527999  0.66975309  0.64108786  0.64108786  0.85133771  0.93041907  0.90983242  0.87032063  0.85133771  1.14762766  1.20611091  0.95160227  0.99590400  0.93041907  0.87032063  0.95160227  0.90983242  0.99590400  1.01910403  0.85133771  1.01910403  0.87032063  1.06783690  0.93041907  0.97341761  0.93041907  0.95160227  0.95160227  0.93041907  0.87032063  0.90983242  0.95160227  0.93041907  1.12005173  1.12005173  0.99590400  1.26968258  1.06783690  1.06783690  1.14762766  1.06783690  1.04306448  0.99590400  0.97341761  0.97341761  0.97341761  0.99590400  0.97341761  0.90983242  1.06783690  1.06783690  1.14762766  1.59984143  1.65396141  1.59984143  1.54945316  1.92243136  3.01787883  1.50231500  1.45803296  0.69958829  0.81478951  0.79717850  0.71497526  0.69958829  0.73069306  0.74675622  0.74675622  0.79717850  0.73069306  0.74675622  0.73069306  0.76318026  0.74675622  0.76318026  0.65527999  0.90983242  1.30366922  1.01910403  1.17628464  1.33931321  1.01910403  0.95160227  0.88980963  0.88980963  0.90983242  0.99590400  0.95160227  0.90983242  0.97341761  0.95160227  0.97341761  0.97341761  0.95160227  0.99590400  0.87032063  0.88980963  0.99590400  0.99590400  0.99590400  0.71497526  0.77998176  0.66975309  0.81478951  0.77998176  0.90983242  0.81478951  0.99590400  
86_0_0     0.35416083  0.36371573  0.14150760  0.06733536  0.00000000  0.00000000  0.04212640  0.05462223  0.07377580  0.07377580  0.95160227  0.71497526  0.76318026  0.71497526  0.69958829  0.74675622  0.69958829  0.71497526  0.79717850  0.79717850  0.76318026  0.83283525  0.66975309  0.69958829  0.69958829  0.66975309  0.71497526  0.64108786  0.65527999  0.65527999  0.65527999  0.65527999  0.66975309  0.66975309  0.64108786  0.64108786  0.90983242  0.90983242  0.93041907  0.87032063  0.85133771  1.12005173  1.23720597  0.93041907  1.04306448  0.88980963  0.87032063  0.97341761  0.97341761  1.09347826  1.01910403  0.95160227  1.09347826  0.95160227  1.30366922  1.04306448  1.09347826  1.04306448  0.90983242  0.88980963  0.90983242  0.81478951  0.93041907  0.95160227  0.93041907  1.12005173  1.12005173  0.93041907  1.26968258  0.99590400  0.99590400  1.06783690  1.06783690  1.01910403  1.01910403  0.99590400  0.95160227  0.95160227  0.97341761  0.95160227  0.88980963  0.97341761  0.97341761  1.06783690  2.00839144  2.00839144  1.84552342  1.71241034  2.00839144  3.01787883  1.50231500  1.54945316  0.66975309  0.77998176  0.87032063  0.76318026  0.74675622  0.77998176  0.79717850  0.74675622  0.81478951  0.85133771  0.76318026  0.77998176  0.77998176  0.76318026  0.77998176  0.79717850  0.95160227  1.45803296  1.06783690  1.26968258  1.23720597  1.09347826  0.95160227  0.93041907  0.93041907  0.95160227  0.99590400  0.95160227  0.95160227  0.99590400  0.95160227  0.97341761  0.97341761  0.97341761  1.09347826  1.01910403  0.93041907  1.06783690  1.06783690  1.06783690  0.77998176  0.85133771  0.69958829  0.88980963  0.83283525  0.90983242  0.83283525  1.04306448  
60_0_0     0.35416083  0.36371573  0.14150760  0.06733536  0.00000000  0.00000000  0.04212640  0.05462223  0.07377580  0.07377580  0.95160227  0.71497526  0.76318026  0.71497526  0.69958829  0.74675622  0.69958829  0.71497526  0.79717850  0.79717850  0.76318026  0.83283525  0.66975309  0.69958829  0.69958829  0.66975309  0.71497526  0.64108786  0.65527999  0.65527999  0.65527999  0.65527999  0.66975309  0.66975309  0.64108786  0.64108786  0.90983242  0.90983242  0.93041907  0.87032063  0.85133771  1.12005173  1.23720597  0.93041907  1.04306448  0.88980963  0.87032063  0.97341761  0.97341761  1.09347826  1.01910403  0.95160227  1.09347826  0.95160227  1.30366922  1.04306448  1.09347826  1.04306448  0.90983242  0.88980963  0.90983242  0.81478951  0.93041907  0.95160227  0.93041907  1.12005173  1.12005173  0.93041907  1.26968258  0.99590400  0.99590400  1.06783690  1.06783690  1.01910403  1.01910403  0.99590400  0.95160227  0.95160227  0.97341761  0.95160227  0.88980963  0.97341761  0.97341761  1.06783690  2.00839144  2.00839144  1.84552342  1.71241034  2.00839144  3.01787883  1.50231500  1.54945316  0.66975309  0.77998176  0.87032063  0.76318026  0.74675622  0.77998176  0.79717850  0.74675622  0.81478951  0.85133771  0.76318026  0.77998176  0.77998176  0.76318026  0.77998176  0.79717850  0.95160227  1.45803296  1.06783690  1.26968258  1.23720597  1.09347826  0.95160227  0.93041907  0.93041907  0.95160227  0.99590400  0.95160227  0.95160227  0.99590400  0.95160227  0.97341761  0.97341761  0.97341761  1.09347826  1.01910403  0.93041907  1.06783690  1.06783690  1.06783690  0.77998176  0.85133771  0.69958829  0.88980963  0.83283525  0.90983242  0.83283525  1.04306448  
52_0_0     0.35416083  0.38320854  0.10012040  0.02377422  0.04212640  0.04212640  0.00000000  0.02377422  0.02984057  0.02984057  0.93041907  0.74675622  0.79717850  0.74675622  0.66975309  0.71497526  0.66975309  0.68451850  0.79717850  0.77998176  0.74675622  0.85133771  0.68451850  0.69958829  0.71497526  0.68451850  0.73069306  0.65527999  0.62716600  0.65527999  0.62716600  0.62716600  0.64108786  0.65527999  0.62716600  0.62716600  0.83283525  0.90983242  0.88980963  0.83283525  0.81478951  1.17628464  1.23720597  0.95160227  1.04306448  0.93041907  0.87032063  0.95160227  0.90983242  1.09347826  1.06783690  0.88980963  1.01910403  0.90983242  1.12005173  0.97341761  1.01910403  0.97341761  0.90983242  0.87032063  0.85133771  0.79717850  0.85133771  0.93041907  0.90983242  1.06783690  1.06783690  0.95160227  1.37678450  1.01910403  1.01910403  1.09347826  1.06783690  1.01910403  1.01910403  0.99590400  0.93041907  0.97341761  0.99590400  0.97341761  0.90983242  1.01910403  1.01910403  1.14762766  1.77594144  1.84552342  1.77594144  1.65396141  2.00839144  3.51931921  1.50231500  1.50231500  0.66975309  0.77998176  0.79717850  0.71497526  0.69958829  0.73069306  0.74675622  0.71497526  0.77998176  0.79717850  0.74675622  0.73069306  0.76318026  0.74675622  0.76318026  0.69958829  0.95160227  1.37678450  1.06783690  1.14762766  1.26968258  1.01910403  0.95160227  0.88980963  0.88980963  0.88980963  0.97341761  0.93041907  0.88980963  0.95160227  0.93041907  0.95160227  0.95160227  0.99590400  1.04306448  0.93041907  0.93041907  0.99590400  0.99590400  0.99590400  0.74675622  0.81478951  0.69958829  0.85133771  0.81478951  0.90983242  0.81478951  1.01910403  
77_0_0     0.39315338  0.42382626  0.11365746  0.03595768  0.05462223  0.05462223  0.02377422  0.00000000  0.04212640  0.04212640  0.87032063  0.77998176  0.85133771  0.79717850  0.71497526  0.76318026  0.71497526  0.73069306  0.79717850  0.83283525  0.79717850  0.81478951  0.68451850  0.69958829  0.71497526  0.68451850  0.73069306  0.68451850  0.65527999  0.68451850  0.65527999  0.65527999  0.66975309  0.68451850  0.65527999  0.65527999  0.83283525  0.85133771  0.88980963  0.76318026  0.74675622  1.14762766  1.20611091  0.95160227  1.01910403  0.87032063  0.87032063  0.97341761  0.88980963  1.01910403  0.97341761  0.87032063  0.99590400  0.93041907  1.06783690  0.95160227  0.99590400  0.95160227  0.95160227  0.87032063  0.90983242  0.81478951  0.85133771  0.99590400  0.93041907  1.12005173  1.12005173  0.95160227  1.26968258  1.01910403  1.04306448  1.17628464  1.14762766  1.04306448  0.99590400  0.97341761  0.88980963  0.90983242  0.93041907  0.90983242  0.85133771  0.99590400  0.99590400  1.04306448  1.71241034  1.77594144  1.71241034  1.65396141  2.00839144  2.51380013  1.50231500  1.41628062  0.61350430  0.71497526  0.85133771  0.65527999  0.64108786  0.66975309  0.68451850  0.68451850  0.74675622  0.73069306  0.68451850  0.66975309  0.69958829  0.68451850  0.69958829  0.66975309  0.88980963  1.37678450  1.06783690  1.20611091  1.30366922  0.99590400  0.88980963  0.83283525  0.83283525  0.87032063  0.97341761  0.93041907  0.93041907  0.95160227  0.93041907  0.95160227  0.95160227  0.93041907  0.95160227  0.93041907  0.95160227  0.99590400  0.99590400  0.99590400  0.73069306  0.79717850  0.66975309  0.83283525  0.81478951  0.90983242  0.77998176  0.99590400  
45_0_0     0.36371573  0.39315338  0.10685760  0.02984057  0.07377580  0.07377580  0.02984057  0.04212640  0.00000000  0.00000000  0.93041907  0.79717850  0.85133771  0.76318026  0.68451850  0.73069306  0.68451850  0.69958829  0.83283525  0.79717850  0.76318026  0.88980963  0.71497526  0.73069306  0.74675622  0.71497526  0.76318026  0.71497526  0.66975309  0.69958829  0.66975309  0.66975309  0.68451850  0.69958829  0.66975309  0.66975309  0.88980963  0.97341761  0.88980963  0.87032063  0.85133771  1.17628464  1.23720597  0.97341761  1.09347826  0.93041907  0.90983242  0.99590400  0.95160227  1.04306448  1.06783690  0.90983242  1.06783690  0.90983242  1.12005173  0.97341761  1.01910403  0.97341761  0.99590400  0.95160227  0.88980963  0.83283525  0.87032063  0.90983242  0.88980963  1.12005173  1.12005173  1.04306448  1.37678450  1.12005173  1.12005173  1.14762766  1.17628464  1.04306448  1.04306448  1.01910403  0.99590400  0.99590400  1.01910403  0.99590400  0.93041907  1.09347826  1.09347826  1.17628464  1.71241034  1.77594144  1.71241034  1.65396141  2.00839144  5.00000000  1.45803296  1.45803296  0.69958829  0.81478951  0.87032063  0.71497526  0.69958829  0.73069306  0.77998176  0.77998176  0.79717850  0.76318026  0.74675622  0.73069306  0.76318026  0.74675622  0.76318026  0.68451850  0.87032063  1.26968258  1.01910403  1.14762766  1.30366922  0.93041907  0.87032063  0.81478951  0.81478951  0.85133771  0.93041907  0.88980963  0.85133771  0.90983242  0.88980963  0.90983242  0.93041907  0.90983242  0.95160227  0.93041907  0.90983242  1.06783690  1.06783690  1.06783690  0.76318026  0.83283525  0.71497526  0.85133771  0.83283525  0.97341761  0.87032063  1.06783690  
38_0_0     0.36371573  0.39315338  0.10685760  0.02984057  0.07377580  0.07377580  0.02984057  0.04212640  0.00000000  0.00000000  0.93041907  0.79717850  0.85133771  0.76318026  0.68451850  0.73069306  0.68451850  0.69958829  0.83283525  0.79717850  0.76318026  0.88980963  0.71497526  0.73069306  0.74675622  0.71497526  0.76318026  0.71497526  0.66975309  0.69958829  0.66975309  0.66975309  0.68451850  0.69958829  0.66975309  0.66975309  0.88980963  0.97341761  0.88980963  0.87032063  0.85133771  1.17628464  1.23720597  0.97341761  1.09347826  0.93041907  0.90983242  0.99590400  0.95160227  1.04306448  1.06783690  0.90983242  1.06783690  0.90983242  1.12005173  0.97341761  1.01910403  0.97341761  0.99590400  0.95160227  0.88980963  0.83283525  0.87032063  0.90983242  0.88980963  1.12005173  1.12005173  1.04306448  1.37678450  1.12005173  1.12005173  1.14762766  1.17628464  1.04306448  1.04306448  1.01910403  0.99590400  0.99590400  1.01910403  0.99590400  0.93041907  1.09347826  1.09347826  1.17628464  1.71241034  1.77594144  1.71241034  1.65396141  2.00839144  5.00000000  1.45803296  1.45803296  0.69958829  0.81478951  0.87032063  0.71497526  0.69958829  0.73069306  0.77998176  0.77998176  0.79717850  0.76318026  0.74675622  0.73069306  0.76318026  0.74675622  0.76318026  0.68451850  0.87032063  1.26968258  1.01910403  1.14762766  1.30366922  0.93041907  0.87032063  0.81478951  0.81478951  0.85133771  0.93041907  0.88980963  0.85133771  0.90983242  0.88980963  0.90983242  0.93041907  0.90983242  0.95160227  0.93041907  0.90983242  1.06783690  1.06783690  1.06783690  0.76318026  0.83283525  0.71497526  0.85133771  0.83283525  0.97341761  0.87032063  1.06783690  
90_0_0     0.85133771  0.87032063  0.79717850  0.88980963  0.95160227  0.95160227  0.93041907  0.87032063  0.93041907  0.93041907  0.00000000  0.41345832  0.41345832  0.40323536  0.47799333  0.48932555  0.45584262  0.44501396  0.64108786  0.61350430  0.60009322  0.65527999  0.68451850  0.66975309  0.66975309  0.68451850  0.69958829  0.69958829  0.69958829  0.73069306  0.73069306  0.73069306  0.71497526  0.71497526  0.69958829  0.71497526  0.90983242  0.76318026  0.73069306  0.77998176  0.73069306  1.09347826  1.14762766  1.01910403  0.88980963  0.81478951  0.71497526  0.73069306  0.68451850  0.88980963  0.76318026  0.71497526  0.90983242  0.99590400  0.95160227  0.93041907  0.95160227  0.93041907  0.99590400  0.71497526  0.87032063  0.79717850  0.93041907  0.83283525  0.77998176  0.79717850  0.74675622  0.68451850  0.88980963  0.71497526  0.68451850  0.76318026  0.76318026  0.81478951  0.76318026  0.74675622  0.71497526  0.73069306  0.77998176  0.74675622  0.76318026  0.69958829  0.69958829  0.83283525  1.12005173  1.12005173  1.12005173  1.12005173  1.23720597  1.26968258  1.23720597  1.04306448  0.79717850  0.76318026  0.77998176  0.71497526  0.73069306  0.73069306  0.71497526  0.71497526  0.95160227  0.87032063  0.79717850  0.74675622  0.83283525  0.79717850  0.81478951  0.74675622  0.88980963  1.23720597  0.76318026  1.20611091  1.12005173  1.04306448  0.90983242  0.93041907  0.93041907  0.87032063  0.88980963  0.83283525  0.93041907  0.88980963  0.90983242  0.90983242  0.93041907  0.90983242  0.81478951  0.79717850  0.87032063  0.74675622  0.74675622  0.74675622  0.64108786  0.64108786  0.65527999  0.68451850  0.68451850  0.69958829  0.69958829  0.85133771  
64_0_0     0.66975309  0.65527999  0.74675622  0.73069306  0.71497526  0.71497526  0.74675622  0.77998176  0.79717850  0.79717850  0.41345832  0.00000000  0.08682944  0.06733536  0.30817429  0.31714309  0.22406362  0.21616123  0.32622329  0.31714309  0.32622329  0.56127578  0.39315338  0.40323536  0.41345832  0.39315338  0.41345832  0.38320854  0.50083620  0.46683409  0.48932555  0.48932555  0.50083620  0.47799333  0.45584262  0.46683409  0.73069306  0.60009322  0.56127578  0.64108786  0.62716600  0.88980963  0.93041907  0.68451850  0.65527999  0.60009322  0.64108786  0.64108786  0.62716600  0.83283525  0.71497526  0.60009322  0.85133771  0.81478951  0.93041907  0.85133771  0.87032063  0.85133771  0.74675622  0.74675622  0.79717850  0.74675622  0.88980963  0.74675622  0.79717850  0.81478951  0.79717850  0.62716600  0.77998176  0.66975309  0.71497526  0.73069306  0.65527999  0.76318026  0.68451850  0.66975309  0.79717850  0.69958829  0.71497526  0.73069306  0.73069306  0.71497526  0.71497526  0.71497526  1.01910403  1.01910403  0.97341761  0.95160227  0.99590400  1.17628464  1.06783690  1.01910403  0.60009322  0.60009322  0.58692374  0.62716600  0.60009322  0.64108786  0.65527999  0.58692374  0.79717850  0.74675622  0.58692374  0.60009322  0.61350430  0.57398729  0.58692374  0.64108786  0.64108786  1.01910403  0.76318026  0.74675622  0.74675622  0.79717850  0.76318026  0.73069306  0.76318026  0.62716600  0.68451850  0.61350430  0.65527999  0.69958829  0.65527999  0.64108786  0.62716600  0.68451850  0.74675622  0.56127578  0.52441589  0.64108786  0.64108786  0.62716600  0.45584262  0.47799333  0.50083620  0.52441589  0.48932555  0.52441589  0.57398729  0.68451850  
89_0_0     0.64108786  0.62716600  0.79717850  0.77998176  0.76318026  0.76318026  0.79717850  0.85133771  0.85133771  0.85133771  0.41345832  0.08682944  0.00000000  0.05462223  0.25655612  0.26491001  0.20060818  0.19295400  0.31714309  0.29056016  0.31714309  0.56127578  0.43434336  0.42382626  0.43434336  0.43434336  0.45584262  0.42382626  0.54878152  0.51253098  0.53649720  0.53649720  0.54878152  0.52441589  0.50083620  0.51253098  0.73069306  0.64108786  0.65527999  0.68451850  0.64108786  1.04306448  0.95160227  0.71497526  0.65527999  0.69958829  0.65527999  0.68451850  0.66975309  0.87032063  0.68451850  0.61350430  0.97341761  0.95160227  1.01910403  0.90983242  0.93041907  0.90983242  0.83283525  0.73069306  0.81478951  0.79717850  0.87032063  0.73069306  0.77998176  0.74675622  0.76318026  0.66975309  0.81478951  0.71497526  0.76318026  0.71497526  0.66975309  0.83283525  0.68451850  0.69958829  0.74675622  0.65527999  0.66975309  0.66975309  0.69958829  0.79717850  0.79717850  0.85133771  1.01910403  1.01910403  1.01910403  0.95160227  0.99590400  1.09347826  0.97341761  1.06783690  0.58692374  0.62716600  0.61350430  0.62716600  0.60009322  0.64108786  0.65527999  0.57398729  0.76318026  0.71497526  0.64108786  0.65527999  0.62716600  0.62716600  0.61350430  0.65527999  0.64108786  1.01910403  0.81478951  0.85133771  0.81478951  0.76318026  0.69958829  0.66975309  0.69958829  0.68451850  0.71497526  0.64108786  0.68451850  0.73069306  0.68451850  0.66975309  0.68451850  0.66975309  0.76318026  0.64108786  0.57398729  0.65527999  0.65527999  0.64108786  0.43434336  0.48932555  0.52441589  0.50083620  0.51253098  0.46683409  0.53649720  0.73069306  
27_0_0     0.62716600  0.61350430  0.74675622  0.69958829  0.71497526  0.71497526  0.74675622  0.79717850  0.76318026  0.76318026  0.40323536  0.06733536  0.05462223  0.00000000  0.24829661  0.25655612  0.17788193  0.17046084  0.34472920  0.29931418  0.30817429  0.53649720  0.43434336  0.44501396  0.45584262  0.43434336  0.45584262  0.42382626  0.54878152  0.51253098  0.53649720  0.53649720  0.54878152  0.52441589  0.50083620  0.51253098  0.76318026  0.64108786  0.62716600  0.68451850  0.64108786  1.04306448  0.95160227  0.73069306  0.65527999  0.64108786  0.62716600  0.60009322  0.61350430  0.76318026  0.71497526  0.60009322  0.97341761  0.88980963  1.01910403  0.88980963  0.90983242  0.88980963  0.83283525  0.76318026  0.81478951  0.76318026  0.93041907  0.74675622  0.79717850  0.79717850  0.77998176  0.68451850  0.79717850  0.73069306  0.76318026  0.76318026  0.68451850  0.81478951  0.71497526  0.69958829  0.79717850  0.69958829  0.71497526  0.71497526  0.71497526  0.77998176  0.77998176  0.81478951  1.04306448  1.04306448  0.99590400  0.95160227  0.99590400  1.09347826  0.97341761  1.04306448  0.62716600  0.64108786  0.58692374  0.64108786  0.61350430  0.65527999  0.66975309  0.58692374  0.81478951  0.74675622  0.65527999  0.66975309  0.66975309  0.66975309  0.65527999  0.66975309  0.65527999  1.04306448  0.77998176  0.79717850  0.83283525  0.79717850  0.76318026  0.73069306  0.76318026  0.66975309  0.73069306  0.65527999  0.69958829  0.74675622  0.69958829  0.68451850  0.66975309  0.71497526  0.77998176  0.60009322  0.56127578  0.64108786  0.64108786  0.62716600  0.43434336  0.47799333  0.48932555  0.50083620  0.47799333  0.50083620  0.54878152  0.74675622  
33_0_0     0.68451850  0.71497526  0.73069306  0.62716600  0.69958829  0.69958829  0.66975309  0.71497526  0.68451850  0.68451850  0.47799333  0.30817429  0.25655612  0.24829661  0.00000000  0.01775779  0.08682944  0.08027349  0.41345832  0.26491001  0.24012937  0.51253098  0.38320854  0.41345832  0.40323536  0.38320854  0.41345832  0.39315338  0.44501396  0.44501396  0.42382626  0.42382626  0.41345832  0.41345832  0.37339717  0.38320854  0.57398729  0.57398729  0.61350430  0.54878152  0.52441589  0.85133771  0.81478951  0.79717850  0.77998176  0.73069306  0.66975309  0.69958829  0.66975309  0.83283525  0.69958829  0.68451850  0.95160227  0.95160227  1.04306448  0.88980963  0.93041907  0.88980963  0.76318026  0.61350430  0.79717850  0.74675622  0.76318026  0.62716600  0.64108786  0.73069306  0.74675622  0.71497526  0.79717850  0.74675622  0.81478951  0.79717850  0.76318026  0.83283525  0.73069306  0.71497526  0.65527999  0.66975309  0.68451850  0.64108786  0.65527999  0.74675622  0.74675622  0.81478951  1.14762766  1.14762766  1.20611091  1.17628464  1.20611091  1.37678450  1.12005173  1.23720597  0.51253098  0.57398729  0.54878152  0.50083620  0.52441589  0.52441589  0.51253098  0.50083620  0.66975309  0.58692374  0.52441589  0.51253098  0.57398729  0.53649720  0.52441589  0.48932555  0.68451850  1.23720597  0.69958829  0.90983242  0.93041907  0.77998176  0.74675622  0.68451850  0.65527999  0.73069306  0.71497526  0.71497526  0.66975309  0.66975309  0.66975309  0.65527999  0.65527999  0.69958829  0.73069306  0.53649720  0.57398729  0.58692374  0.58692374  0.60009322  0.44501396  0.48932555  0.48932555  0.47799333  0.46683409  0.43434336  0.47799333  0.69958829  
87_0_0     0.69958829  0.73069306  0.77998176  0.66975309  0.74675622  0.74675622  0.71497526  0.76318026  0.73069306  0.73069306  0.48932555  0.31714309  0.26491001  0.25655612  0.01775779  0.00000000  0.09344472  0.08682944  0.44501396  0.27336046  0.26491001  0.47799333  0.37339717  0.40323536  0.39315338  0.37339717  0.40323536  0.38320854  0.43434336  0.43434336  0.41345832  0.41345832  0.40323536  0.40323536  0.36371573  0.37339717  0.58692374  0.56127578  0.60009322  0.53649720  0.51253098  0.81478951  0.76318026  0.77998176  0.79717850  0.71497526  0.62716600  0.68451850  0.65527999  0.87032063  0.65527999  0.71497526  0.90983242  0.93041907  0.97341761  0.87032063  0.90983242  0.87032063  0.71497526  0.60009322  0.74675622  0.76318026  0.74675622  0.65527999  0.65527999  0.71497526  0.73069306  0.69958829  0.77998176  0.73069306  0.83283525  0.81478951  0.77998176  0.83283525  0.74675622  0.73069306  0.64108786  0.68451850  0.69958829  0.65527999  0.66975309  0.73069306  0.73069306  0.79717850  1.06783690  1.06783690  1.12005173  1.09347826  1.12005173  1.41628062  1.09347826  1.14762766  0.52441589  0.58692374  0.58692374  0.51253098  0.53649720  0.53649720  0.52441589  0.48932555  0.62716600  0.60009322  0.53649720  0.52441589  0.58692374  0.54878152  0.53649720  0.50083620  0.69958829  1.14762766  0.71497526  0.88980963  0.90983242  0.73069306  0.76318026  0.69958829  0.66975309  0.74675622  0.73069306  0.73069306  0.65527999  0.68451850  0.68451850  0.66975309  0.66975309  0.71497526  0.74675622  0.52441589  0.58692374  0.54878152  0.54878152  0.56127578  0.43434336  0.47799333  0.47799333  0.46683409  0.47799333  0.44501396  0.48932555  0.68451850  
65_0_0     0.65527999  0.65527999  0.73069306  0.62716600  0.69958829  0.69958829  0.66975309  0.71497526  0.68451850  0.68451850  0.45584262  0.22406362  0.20060818  0.17788193  0.08682944  0.09344472  0.00000000  0.00587147  0.37339717  0.22406362  0.24829661  0.46683409  0.33541769  0.36371573  0.35416083  0.33541769  0.36371573  0.34472920  0.44501396  0.46683409  0.44501396  0.44501396  0.43434336  0.43434336  0.39315338  0.40323536  0.60009322  0.53649720  0.60009322  0.53649720  0.51253098  0.90983242  0.87032063  0.76318026  0.76318026  0.66975309  0.66975309  0.61350430  0.65527999  0.73069306  0.65527999  0.65527999  0.93041907  0.90983242  0.93041907  0.85133771  0.85133771  0.85133771  0.68451850  0.64108786  0.74675622  0.73069306  0.77998176  0.61350430  0.64108786  0.66975309  0.68451850  0.64108786  0.81478951  0.66975309  0.73069306  0.74675622  0.66975309  0.79717850  0.68451850  0.66975309  0.66975309  0.62716600  0.66975309  0.68451850  0.68451850  0.71497526  0.71497526  0.77998176  1.09347826  1.09347826  1.09347826  1.06783690  1.09347826  1.33931321  1.17628464  1.14762766  0.54878152  0.58692374  0.57398729  0.52441589  0.54878152  0.56127578  0.54878152  0.50083620  0.61350430  0.58692374  0.54878152  0.53649720  0.60009322  0.56127578  0.54878152  0.53649720  0.68451850  1.09347826  0.79717850  0.85133771  0.95160227  0.77998176  0.74675622  0.71497526  0.68451850  0.69958829  0.71497526  0.71497526  0.69958829  0.69958829  0.66975309  0.65527999  0.65527999  0.66975309  0.73069306  0.52441589  0.56127578  0.61350430  0.61350430  0.62716600  0.41345832  0.43434336  0.46683409  0.42382626  0.46683409  0.47799333  0.52441589  0.71497526  
65_17_0    0.65527999  0.65527999  0.74675622  0.64108786  0.71497526  0.71497526  0.68451850  0.73069306  0.69958829  0.69958829  0.44501396  0.21616123  0.19295400  0.17046084  0.08027349  0.08682944  0.00587147  0.00000000  0.36371573  0.21616123  0.24012937  0.45584262  0.32622329  0.35416083  0.34472920  0.32622329  0.35416083  0.33541769  0.43434336  0.45584262  0.43434336  0.43434336  0.42382626  0.42382626  0.38320854  0.39315338  0.58692374  0.52441589  0.58692374  0.52441589  0.50083620  0.88980963  0.85133771  0.74675622  0.74675622  0.65527999  0.65527999  0.60009322  0.64108786  0.73069306  0.64108786  0.64108786  0.95160227  0.93041907  0.95160227  0.87032063  0.87032063  0.87032063  0.66975309  0.62716600  0.73069306  0.71497526  0.77998176  0.60009322  0.62716600  0.65527999  0.66975309  0.62716600  0.79717850  0.65527999  0.71497526  0.73069306  0.65527999  0.77998176  0.66975309  0.65527999  0.65527999  0.61350430  0.65527999  0.66975309  0.66975309  0.69958829  0.69958829  0.76318026  1.06783690  1.06783690  1.06783690  1.04306448  1.06783690  1.30366922  1.14762766  1.12005173  0.53649720  0.57398729  0.56127578  0.51253098  0.53649720  0.54878152  0.53649720  0.48932555  0.62716600  0.57398729  0.53649720  0.52441589  0.58692374  0.54878152  0.53649720  0.52441589  0.66975309  1.09347826  0.77998176  0.83283525  0.93041907  0.76318026  0.73069306  0.69958829  0.66975309  0.68451850  0.69958829  0.69958829  0.68451850  0.68451850  0.65527999  0.64108786  0.64108786  0.65527999  0.71497526  0.51253098  0.54878152  0.60009322  0.60009322  0.61350430  0.40323536  0.42382626  0.45584262  0.41345832  0.45584262  0.46683409  0.51253098  0.69958829  
28_0_0     0.62716600  0.61350430  0.81478951  0.76318026  0.79717850  0.79717850  0.79717850  0.79717850  0.83283525  0.83283525  0.64108786  0.32622329  0.31714309  0.34472920  0.41345832  0.44501396  0.37339717  0.36371573  0.00000000  0.16311433  0.16311433  0.56127578  0.35416083  0.33541769  0.34472920  0.35416083  0.38320854  0.37339717  0.44501396  0.43434336  0.44501396  0.44501396  0.43434336  0.45584262  0.45584262  0.45584262  0.60009322  0.58692374  0.65527999  0.60009322  0.53649720  0.79717850  0.71497526  0.68451850  0.58692374  0.52441589  0.73069306  0.68451850  0.64108786  0.87032063  0.66975309  0.51253098  0.73069306  0.79717850  0.85133771  0.68451850  0.68451850  0.68451850  0.66975309  0.64108786  0.71497526  0.64108786  0.73069306  0.64108786  0.62716600  0.66975309  0.66975309  0.57398729  0.68451850  0.64108786  0.64108786  0.64108786  0.62716600  0.71497526  0.62716600  0.64108786  0.68451850  0.58692374  0.57398729  0.58692374  0.57398729  0.62716600  0.62716600  0.62716600  0.93041907  0.93041907  0.93041907  0.95160227  0.90983242  1.14762766  1.01910403  0.95160227  0.58692374  0.54878152  0.60009322  0.58692374  0.58692374  0.56127578  0.56127578  0.56127578  0.73069306  0.64108786  0.58692374  0.60009322  0.60009322  0.54878152  0.56127578  0.62716600  0.64108786  0.99590400  0.69958829  0.68451850  0.71497526  0.74675622  0.77998176  0.69958829  0.71497526  0.66975309  0.66975309  0.68451850  0.65527999  0.71497526  0.65527999  0.65527999  0.65527999  0.60009322  0.69958829  0.56127578  0.61350430  0.65527999  0.65527999  0.64108786  0.42382626  0.44501396  0.48932555  0.50083620  0.42382626  0.44501396  0.45584262  0.62716600  
26_0_0     0.58692374  0.57398729  0.83283525  0.73069306  0.79717850  0.79717850  0.77998176  0.83283525  0.79717850  0.79717850  0.61350430  0.31714309  0.29056016  0.29931418  0.26491001  0.27336046  0.22406362  0.21616123  0.16311433  0.00000000  0.03595768  0.45584262  0.33541769  0.35416083  0.34472920  0.33541769  0.36371573  0.34472920  0.40323536  0.39315338  0.40323536  0.40323536  0.39315338  0.41345832  0.37339717  0.37339717  0.61350430  0.54878152  0.64108786  0.57398729  0.51253098  0.77998176  0.76318026  0.64108786  0.64108786  0.64108786  0.62716600  0.71497526  0.65527999  0.87032063  0.76318026  0.56127578  0.73069306  0.79717850  0.85133771  0.66975309  0.66975309  0.66975309  0.58692374  0.53649720  0.65527999  0.66975309  0.60009322  0.52441589  0.53649720  0.61350430  0.62716600  0.57398729  0.68451850  0.64108786  0.68451850  0.64108786  0.62716600  0.73069306  0.62716600  0.61350430  0.57398729  0.56127578  0.54878152  0.56127578  0.58692374  0.64108786  0.64108786  0.71497526  0.88980963  0.88980963  0.93041907  0.97341761  0.93041907  1.04306448  0.99590400  0.95160227  0.54878152  0.54878152  0.58692374  0.53649720  0.53649720  0.51253098  0.51253098  0.51253098  0.65527999  0.53649720  0.50083620  0.51253098  0.50083620  0.50083620  0.48932555  0.56127578  0.64108786  0.99590400  0.74675622  0.71497526  0.71497526  0.71497526  0.69958829  0.68451850  0.66975309  0.62716600  0.62716600  0.61350430  0.64108786  0.66975309  0.61350430  0.60009322  0.60009322  0.60009322  0.65527999  0.50083620  0.53649720  0.52441589  0.52441589  0.53649720  0.31714309  0.37339717  0.50083620  0.36371573  0.35416083  0.37339717  0.42382626  0.64108786  
51_0_0     0.58692374  0.60009322  0.79717850  0.69958829  0.76318026  0.76318026  0.74675622  0.79717850  0.76318026  0.76318026  0.60009322  0.32622329  0.31714309  0.30817429  0.24012937  0.26491001  0.24829661  0.24012937  0.16311433  0.03595768  0.00000000  0.47799333  0.36371573  0.38320854  0.37339717  0.36371573  0.39315338  0.37339717  0.41345832  0.38320854  0.39315338  0.39315338  0.38320854  0.40323536  0.38320854  0.38320854  0.62716600  0.58692374  0.62716600  0.61350430  0.54878152  0.73069306  0.74675622  0.65527999  0.62716600  0.62716600  0.64108786  0.74675622  0.65527999  0.90983242  0.74675622  0.58692374  0.71497526  0.77998176  0.93041907  0.66975309  0.66975309  0.66975309  0.61350430  0.53649720  0.65527999  0.64108786  0.60009322  0.52441589  0.54878152  0.61350430  0.62716600  0.60009322  0.71497526  0.66975309  0.66975309  0.66975309  0.65527999  0.73069306  0.65527999  0.64108786  0.57398729  0.57398729  0.54878152  0.56127578  0.56127578  0.64108786  0.64108786  0.66975309  0.88980963  0.88980963  0.93041907  0.97341761  0.93041907  1.09347826  0.99590400  0.95160227  0.54878152  0.50083620  0.56127578  0.53649720  0.53649720  0.51253098  0.51253098  0.53649720  0.65527999  0.53649720  0.50083620  0.51253098  0.50083620  0.50083620  0.48932555  0.53649720  0.66975309  1.01910403  0.76318026  0.71497526  0.71497526  0.74675622  0.73069306  0.71497526  0.69958829  0.62716600  0.62716600  0.64108786  0.64108786  0.64108786  0.61350430  0.60009322  0.60009322  0.62716600  0.68451850  0.51253098  0.54878152  0.51253098  0.51253098  0.52441589  0.34472920  0.40323536  0.50083620  0.39315338  0.34472920  0.38320854  0.41345832  0.64108786  
57_0_0     0.79717850  0.76318026  0.79717850  0.83283525  0.83283525  0.83283525  0.85133771  0.81478951  0.88980963  0.88980963  0.65527999  0.56127578  0.56127578  0.53649720  0.51253098  0.47799333  0.46683409  0.45584262  0.56127578  0.45584262  0.47799333  0.00000000  0.24829661  0.26491001  0.25655612  0.24829661  0.23205237  0.24829661  0.29056016  0.30817429  0.29056016  0.29056016  0.28190973  0.29056016  0.29056016  0.29056016  0.60009322  0.51253098  0.62716600  0.54878152  0.52441589  0.88980963  0.87032063  0.68451850  0.79717850  0.69958829  0.79717850  0.64108786  0.64108786  0.83283525  0.76318026  0.74675622  0.83283525  0.87032063  0.87032063  0.81478951  0.81478951  0.81478951  0.66975309  0.61350430  0.74675622  0.73069306  0.79717850  0.73069306  0.68451850  0.81478951  0.79717850  0.68451850  0.69958829  0.62716600  0.73069306  0.81478951  0.77998176  0.81478951  0.79717850  0.77998176  0.71497526  0.64108786  0.66975309  0.68451850  0.74675622  0.68451850  0.68451850  0.79717850  1.09347826  1.06783690  1.06783690  1.06783690  1.12005173  1.37678450  1.06783690  1.20611091  0.52441589  0.54878152  0.69958829  0.57398729  0.57398729  0.57398729  0.56127578  0.48932555  0.58692374  0.68451850  0.58692374  0.61350430  0.58692374  0.58692374  0.57398729  0.69958829  0.74675622  0.93041907  0.81478951  0.93041907  0.93041907  0.71497526  0.73069306  0.68451850  0.69958829  0.79717850  0.79717850  0.79717850  0.81478951  0.83283525  0.77998176  0.76318026  0.76318026  0.74675622  0.77998176  0.69958829  0.79717850  0.64108786  0.64108786  0.62716600  0.46683409  0.53649720  0.58692374  0.47799333  0.58692374  0.60009322  0.62716600  0.71497526  
91_0_0     0.61350430  0.60009322  0.69958829  0.66975309  0.66975309  0.66975309  0.68451850  0.68451850  0.71497526  0.71497526  0.68451850  0.39315338  0.43434336  0.43434336  0.38320854  0.37339717  0.33541769  0.32622329  0.35416083  0.33541769  0.36371573  0.24829661  0.00000000  0.04834762  0.01775779  0.00000000  0.02377422  0.01179047  0.11365746  0.11365746  0.11365746  0.11365746  0.10685760  0.12744992  0.09344472  0.10012040  0.47799333  0.44501396  0.47799333  0.44501396  0.40323536  0.74675622  0.62716600  0.57398729  0.62716600  0.57398729  0.68451850  0.71497526  0.73069306  0.76318026  0.66975309  0.62716600  0.81478951  0.88980963  0.87032063  0.77998176  0.77998176  0.77998176  0.57398729  0.57398729  0.68451850  0.64108786  0.68451850  0.65527999  0.61350430  0.68451850  0.62716600  0.57398729  0.66975309  0.60009322  0.65527999  0.77998176  0.74675622  0.73069306  0.66975309  0.65527999  0.69958829  0.61350430  0.64108786  0.65527999  0.65527999  0.66975309  0.66975309  0.66975309  0.88980963  0.87032063  0.87032063  0.85133771  0.88980963  1.23720597  0.95160227  0.87032063  0.46683409  0.46683409  0.57398729  0.48932555  0.51253098  0.48932555  0.47799333  0.45584262  0.61350430  0.60009322  0.47799333  0.50083620  0.50083620  0.47799333  0.48932555  0.54878152  0.58692374  0.88980963  0.62716600  0.77998176  0.93041907  0.61350430  0.65527999  0.64108786  0.62716600  0.65527999  0.64108786  0.62716600  0.62716600  0.68451850  0.62716600  0.61350430  0.61350430  0.53649720  0.60009322  0.58692374  0.60009322  0.61350430  0.61350430  0.62716600  0.43434336  0.45584262  0.50083620  0.47799333  0.53649720  0.50083620  0.54878152  0.64108786  
