26
1_0_0      0.00000000  0.00299104  0.00299104  0.54687250  0.57207830  0.56569685  0.56569685  0.54687250  0.54687250  0.56569685  0.50470643  0.49887196  0.51651354  0.46478885  0.47597839  0.47597839  0.53458081  0.54687250  0.51058671  0.44289928  0.43752543  0.43752543  0.44289928  0.49308261  0.47597839  0.46478885  
2_0_0      0.00299104  0.00000000  0.00599408  0.55309485  0.57851459  0.57207830  0.57207830  0.54070143  0.54070143  0.55936934  0.49887196  0.49308261  0.51058671  0.45925617  0.47036272  0.47036272  0.52850982  0.54070143  0.50470643  0.43752543  0.43218987  0.43218987  0.43752543  0.48733768  0.47036272  0.45925617  
3_0_0      0.00299104  0.00599408  0.00000000  0.55309485  0.57851459  0.57207830  0.57207830  0.55309485  0.55309485  0.57207830  0.49887196  0.49308261  0.52248765  0.47036272  0.48163650  0.48163650  0.52850982  0.54070143  0.51651354  0.44831197  0.44289928  0.44289928  0.44831197  0.48733768  0.47036272  0.47036272  
19_0_0     0.54687250  0.55309485  0.55309485  0.00000000  0.17772748  0.18916878  0.18916878  0.40095115  0.40095115  0.38580731  0.35161914  0.33743181  0.37587894  0.49308261  0.49308261  0.49308261  0.48163650  0.49308261  0.49887196  0.42689207  0.42163149  0.41640761  0.42163149  0.41640761  0.43752543  0.59816225  
7_0_0      0.57207830  0.57851459  0.57851459  0.17772748  0.00000000  0.03357757  0.03357757  0.43752543  0.43752543  0.44289928  0.39082130  0.37587894  0.38580731  0.47597839  0.47597839  0.47597839  0.49887196  0.49887196  0.49308261  0.47036272  0.44289928  0.44831197  0.45376408  0.44289928  0.46478885  0.62518777  
9_0_0      0.56569685  0.57207830  0.57207830  0.18916878  0.03357757  0.00000000  0.00000000  0.44289928  0.44289928  0.44831197  0.39082130  0.38580731  0.38580731  0.47597839  0.46478885  0.46478885  0.50470643  0.50470643  0.48733768  0.50470643  0.47597839  0.48163650  0.47597839  0.45376408  0.45376408  0.64611695  
13_0_0     0.56569685  0.57207830  0.57207830  0.18916878  0.03357757  0.00000000  0.00000000  0.44289928  0.44289928  0.44831197  0.39082130  0.38580731  0.38580731  0.47597839  0.46478885  0.46478885  0.50470643  0.50470643  0.48733768  0.50470643  0.47597839  0.48163650  0.47597839  0.45376408  0.45376408  0.64611695  
9_2_0      0.54687250  0.54070143  0.55309485  0.40095115  0.43752543  0.44289928  0.44289928  0.00000000  0.00000000  0.02119263  0.24500245  0.24500245  0.23268262  0.48733768  0.46478885  0.46478885  0.42689207  0.43752543  0.42689207  0.42163149  0.41121992  0.40606793  0.40606793  0.38580731  0.40606793  0.54070143  
13_2_0     0.54687250  0.54070143  0.55309485  0.40095115  0.43752543  0.44289928  0.44289928  0.00000000  0.00000000  0.02119263  0.24500245  0.24500245  0.23268262  0.48733768  0.46478885  0.46478885  0.42689207  0.43752543  0.42689207  0.42163149  0.41121992  0.40606793  0.40606793  0.38580731  0.40606793  0.54070143  
7_2_0      0.56569685  0.55936934  0.57207830  0.38580731  0.44289928  0.44831197  0.44831197  0.02119263  0.02119263  0.00000000  0.22458060  0.22458060  0.21258961  0.48163650  0.45925617  0.45925617  0.43218987  0.44289928  0.42163149  0.41121992  0.40606793  0.40095115  0.40095115  0.38082667  0.40095115  0.54687250  
18_2_0     0.50470643  0.49887196  0.49887196  0.35161914  0.39082130  0.39082130  0.39082130  0.24500245  0.24500245  0.22458060  0.00000000  0.01812814  0.14441657  0.40606793  0.37587894  0.37587894  0.40095115  0.40095115  0.40606793  0.31892407  0.32812076  0.31436775  0.32812076  0.31892407  0.32350829  0.51651354  
8_2_0      0.49887196  0.49308261  0.49308261  0.33743181  0.37587894  0.38580731  0.38580731  0.24500245  0.24500245  0.22458060  0.01812814  0.00000000  0.14441657  0.39586909  0.37587894  0.37587894  0.39586909  0.39586909  0.40095115  0.32812076  0.33743181  0.32350829  0.33743181  0.32812076  0.33276181  0.50470643  
19_2_0     0.51651354  0.51058671  0.52248765  0.37587894  0.38580731  0.38580731  0.38580731  0.23268262  0.23268262  0.21258961  0.14441657  0.14441657  0.00000000  0.42163149  0.41121992  0.41121992  0.39082130  0.40095115  0.38580731  0.36608050  0.36608050  0.36122895  0.36608050  0.31892407  0.32350829  0.51651354  
7_1_0      0.46478885  0.45925617  0.47036272  0.49308261  0.47597839  0.47597839  0.47597839  0.48733768  0.48733768  0.48163650  0.40606793  0.39586909  0.42163149  0.00000000  0.03984772  0.03984772  0.18533556  0.18916878  0.15903878  0.37096369  0.37096369  0.38082667  0.38580731  0.40095115  0.39082130  0.47036272  
13_1_0     0.47597839  0.47036272  0.48163650  0.49308261  0.47597839  0.46478885  0.46478885  0.46478885  0.46478885  0.45925617  0.37587894  0.37587894  0.41121992  0.03984772  0.00000000  0.00000000  0.18533556  0.18916878  0.17395224  0.34686010  0.33743181  0.34686010  0.36122895  0.39082130  0.37096369  0.45925617  
9_1_0      0.47597839  0.47036272  0.48163650  0.49308261  0.47597839  0.46478885  0.46478885  0.46478885  0.46478885  0.45925617  0.37587894  0.37587894  0.41121992  0.03984772  0.00000000  0.00000000  0.18533556  0.18916878  0.17395224  0.34686010  0.33743181  0.34686010  0.36122895  0.39082130  0.37096369  0.45925617  
18_1_0     0.53458081  0.52850982  0.52850982  0.48163650  0.49887196  0.50470643  0.50470643  0.42689207  0.42689207  0.43218987  0.40095115  0.39586909  0.39082130  0.18533556  0.18533556  0.18533556  0.00000000  0.00900921  0.10561836  0.36608050  0.36608050  0.36608050  0.35640863  0.37587894  0.39586909  0.45376408  
8_1_0      0.54687250  0.54070143  0.54070143  0.49308261  0.49887196  0.50470643  0.50470643  0.43752543  0.43752543  0.44289928  0.40095115  0.39586909  0.40095115  0.18916878  0.18916878  0.18916878  0.00900921  0.00000000  0.10906356  0.36608050  0.37587894  0.36608050  0.35640863  0.38580731  0.40606793  0.45376408  
19_1_0     0.51058671  0.50470643  0.51651354  0.49887196  0.49308261  0.48733768  0.48733768  0.42689207  0.42689207  0.42163149  0.40606793  0.40095115  0.38580731  0.15903878  0.17395224  0.17395224  0.10561836  0.10906356  0.00000000  0.37587894  0.37096369  0.38082667  0.38580731  0.36608050  0.36608050  0.43752543  
5_1_0      0.44289928  0.43752543  0.44831197  0.42689207  0.47036272  0.50470643  0.50470643  0.42163149  0.42163149  0.41121992  0.31892407  0.32812076  0.36608050  0.37096369  0.34686010  0.34686010  0.36608050  0.36608050  0.37587894  0.00000000  0.04300260  0.03357757  0.04300260  0.15903878  0.17395224  0.40095115  
10_1_0     0.43752543  0.43218987  0.44289928  0.42163149  0.44289928  0.47597839  0.47597839  0.41121992  0.41121992  0.40606793  0.32812076  0.33743181  0.36608050  0.37096369  0.33743181  0.33743181  0.36608050  0.37587894  0.37096369  0.04300260  0.00000000  0.00900921  0.01812814  0.14441657  0.16645838  0.39586909  
4_1_0      0.43752543  0.43218987  0.44289928  0.41640761  0.44831197  0.48163650  0.48163650  0.40606793  0.40606793  0.40095115  0.31436775  0.32350829  0.36122895  0.38082667  0.34686010  0.34686010  0.36608050  0.36608050  0.38082667  0.03357757  0.00900921  0.00000000  0.00900921  0.15535637  0.17019593  0.39082130  
12_1_0     0.44289928  0.43752543  0.44831197  0.42163149  0.45376408  0.47597839  0.47597839  0.40606793  0.40606793  0.40095115  0.32812076  0.33743181  0.36608050  0.38580731  0.36122895  0.36122895  0.35640863  0.35640863  0.38580731  0.04300260  0.01812814  0.00900921  0.00000000  0.15903878  0.16645838  0.40606793  
17_1_0     0.49308261  0.48733768  0.48733768  0.41640761  0.44289928  0.45376408  0.45376408  0.38580731  0.38580731  0.38082667  0.31892407  0.32812076  0.31892407  0.40095115  0.39082130  0.39082130  0.37587894  0.38580731  0.36608050  0.15903878  0.14441657  0.15535637  0.15903878  0.00000000  0.04935251  0.44831197  
11_1_0     0.47597839  0.47036272  0.47036272  0.43752543  0.46478885  0.45376408  0.45376408  0.40606793  0.40606793  0.40095115  0.32350829  0.33276181  0.32350829  0.39082130  0.37096369  0.37096369  0.39586909  0.40606793  0.36608050  0.17395224  0.16645838  0.17019593  0.16645838  0.04935251  0.00000000  0.43752543  
20_0_0     0.46478885  0.45925617  0.47036272  0.59816225  0.62518777  0.64611695  0.64611695  0.54070143  0.54070143  0.54687250  0.51651354  0.50470643  0.51651354  0.47036272  0.45925617  0.45925617  0.45376408  0.45376408  0.43752543  0.40095115  0.39586909  0.39082130  0.40606793  0.44831197  0.43752543  0.00000000  

