19
15_0_0     0.00000000  0.02592494  0.05278760  0.08779262  0.22953082  0.26507111  0.22090525  0.22090525  0.17921890  0.17115522  0.16317813  0.16317813  0.13209990  0.21237871  0.16317813  0.18737110  0.13974840  0.13209990  0.19561377  
17_0_0     0.02592494  0.00000000  0.06659227  0.10227001  0.24708841  0.28350003  0.22090525  0.22090525  0.19561377  0.18737110  0.17921890  0.15528581  0.13974840  0.22953082  0.17921890  0.20394894  0.15528581  0.14747648  0.19561377  
18_0_0     0.05278760  0.06659227  0.00000000  0.05965787  0.22953082  0.26507111  0.20394894  0.20394894  0.17921890  0.17115522  0.16317813  0.14747648  0.13209990  0.21237871  0.19561377  0.22090525  0.17115522  0.16317813  0.22953082  
14_0_0     0.08779262  0.10227001  0.05965787  0.00000000  0.24708841  0.26507111  0.22090525  0.22090525  0.17115522  0.16317813  0.17115522  0.17115522  0.15528581  0.25602534  0.22953082  0.25602534  0.19561377  0.18737110  0.25602534  
14_3_0     0.22953082  0.24708841  0.22953082  0.24708841  0.00000000  0.02592494  0.05965787  0.05965787  0.24708841  0.23825774  0.22953082  0.20394894  0.18737110  0.25602534  0.15528581  0.17921890  0.19561377  0.20394894  0.17921890  
18_3_0     0.26507111  0.28350003  0.26507111  0.26507111  0.02592494  0.00000000  0.07359203  0.07359203  0.24708841  0.23825774  0.22953082  0.23825774  0.22090525  0.27422841  0.18737110  0.21237871  0.22953082  0.23825774  0.19561377  
17_3_0     0.22090525  0.22090525  0.20394894  0.22090525  0.05965787  0.07359203  0.00000000  0.00000000  0.22090525  0.21237871  0.20394894  0.16317813  0.14747648  0.21237871  0.14747648  0.17115522  0.17115522  0.17921890  0.20394894  
15_3_0     0.22090525  0.22090525  0.20394894  0.22090525  0.05965787  0.07359203  0.00000000  0.00000000  0.22090525  0.21237871  0.20394894  0.16317813  0.14747648  0.21237871  0.14747648  0.17115522  0.17115522  0.17921890  0.20394894  
15_2_0     0.17921890  0.19561377  0.17921890  0.17115522  0.24708841  0.24708841  0.22090525  0.22090525  0.00000000  0.00639689  0.01935838  0.10961592  0.08065839  0.24708841  0.17115522  0.19561377  0.13974840  0.13974840  0.22953082  
15_4_0     0.17115522  0.18737110  0.17115522  0.16317813  0.23825774  0.23825774  0.21237871  0.21237871  0.00639689  0.00000000  0.01284936  0.10227001  0.07359203  0.25602534  0.16317813  0.18737110  0.13209990  0.13209990  0.22090525  
17_2_0     0.16317813  0.17921890  0.16317813  0.17115522  0.22953082  0.22953082  0.20394894  0.20394894  0.01935838  0.01284936  0.00000000  0.09499604  0.06659227  0.24708841  0.15528581  0.17921890  0.12452936  0.12452936  0.21237871  
14_2_0     0.16317813  0.15528581  0.14747648  0.17115522  0.20394894  0.23825774  0.16317813  0.16317813  0.10961592  0.10227001  0.09499604  0.00000000  0.03923483  0.23825774  0.16317813  0.18737110  0.14747648  0.13974840  0.20394894  
18_2_0     0.13209990  0.13974840  0.13209990  0.15528581  0.18737110  0.22090525  0.14747648  0.14747648  0.08065839  0.07359203  0.06659227  0.03923483  0.00000000  0.22090525  0.11703521  0.13974840  0.11703521  0.10961592  0.18737110  
20_0_0     0.21237871  0.22953082  0.21237871  0.25602534  0.25602534  0.27422841  0.21237871  0.21237871  0.24708841  0.25602534  0.24708841  0.23825774  0.22090525  0.00000000  0.15528581  0.18737110  0.15528581  0.17115522  0.22953082  
19_0_0     0.16317813  0.17921890  0.19561377  0.22953082  0.15528581  0.18737110  0.14747648  0.14747648  0.17115522  0.16317813  0.15528581  0.16317813  0.11703521  0.15528581  0.00000000  0.02592494  0.07359203  0.08065839  0.12452936  
13_0_0     0.18737110  0.20394894  0.22090525  0.25602534  0.17921890  0.21237871  0.17115522  0.17115522  0.19561377  0.18737110  0.17921890  0.18737110  0.13974840  0.18737110  0.02592494  0.00000000  0.09499604  0.10227001  0.15528581  
13_1_0     0.13974840  0.15528581  0.17115522  0.19561377  0.19561377  0.22953082  0.17115522  0.17115522  0.13974840  0.13209990  0.12452936  0.14747648  0.11703521  0.15528581  0.07359203  0.09499604  0.00000000  0.01935838  0.11703521  
19_1_0     0.13209990  0.14747648  0.16317813  0.18737110  0.20394894  0.23825774  0.17921890  0.17921890  0.13974840  0.13209990  0.12452936  0.13974840  0.10961592  0.17115522  0.08065839  0.10227001  0.01935838  0.00000000  0.13974840  
16_0_0     0.19561377  0.19561377  0.22953082  0.25602534  0.17921890  0.19561377  0.20394894  0.20394894  0.22953082  0.22090525  0.21237871  0.20394894  0.18737110  0.22953082  0.12452936  0.15528581  0.11703521  0.13974840  0.00000000  

