128
100_0_0    0.00000000  0.16308159  0.11132499  0.15774203  0.17387627  0.18482877  0.28501978  0.26633708  0.28501978  0.46202333  0.53758826  0.63158816  0.52012507  0.54647492  0.55546826  0.55546826  0.58311482  0.56457089  0.62163933  0.44621817  0.57378548  0.51154380  0.50305971  0.49467063  0.51154380  0.50305971  0.54647492  0.45407907  0.50305971  0.48637446  0.47005275  0.48637446  0.46202333  0.50305971  0.45407907  0.47816915  0.56457089  0.54647492  0.55546826  0.56457089  0.52880578  0.47005275  0.47816915  0.47816915  0.59256181  0.49467063  0.55546826  0.53758826  0.52880578  0.48637446  0.49467063  0.48637446  0.44621817  0.45407907  0.43843890  0.56457089  0.43073958  0.47816915  0.51154380  0.49467063  0.47005275  0.47816915  0.50305971  0.51154380  0.49467063  0.45407907  0.46202333  0.44621817  0.53758826  0.52880578  0.52880578  0.53758826  0.52880578  0.57378548  0.53758826  0.52880578  0.50305971  0.53758826  0.48637446  0.50305971  0.48637446  0.47816915  0.50305971  0.52012507  0.48637446  0.58311482  0.58311482  0.53758826  0.51154380  0.54647492  0.52880578  0.50305971  0.50305971  0.51154380  0.51154380  0.52880578  0.51154380  0.50305971  0.50305971  0.49467063  0.49467063  0.49467063  0.49467063  0.47005275  0.43073958  0.47005275  0.45407907  0.47816915  0.46202333  0.43073958  0.44621817  0.51154380  0.51154380  0.56457089  0.51154380  0.52012507  0.52880578  0.51154380  0.51154380  0.50305971  0.67275987  0.63158816  0.62163933  0.47816915  0.47005275  0.53758826  0.50305971  0.47816915  
95_0_0     0.16308159  0.00000000  0.09158372  0.20156374  0.18482877  0.21293175  0.30418035  0.31723185  0.32384387  0.55546826  0.57378548  0.61182088  0.52012507  0.51154380  0.53758826  0.52880578  0.56457089  0.58311482  0.63158816  0.45407907  0.60212946  0.52012507  0.51154380  0.50305971  0.52012507  0.51154380  0.56457089  0.47005275  0.48637446  0.45407907  0.43843890  0.45407907  0.44621817  0.54647492  0.47005275  0.47816915  0.58311482  0.58311482  0.55546826  0.58311482  0.58311482  0.47005275  0.47816915  0.52880578  0.58311482  0.50305971  0.53758826  0.52012507  0.51154380  0.47005275  0.46202333  0.47816915  0.47005275  0.47816915  0.45407907  0.55546826  0.43073958  0.46202333  0.49467063  0.43073958  0.43843890  0.44621817  0.48637446  0.45407907  0.47005275  0.46202333  0.43843890  0.45407907  0.52880578  0.50305971  0.53758826  0.54647492  0.57378548  0.59256181  0.61182088  0.58311482  0.57378548  0.53758826  0.56457089  0.55546826  0.52880578  0.53758826  0.52880578  0.54647492  0.44621817  0.52012507  0.50305971  0.53758826  0.51154380  0.50305971  0.47816915  0.45407907  0.45407907  0.45407907  0.43843890  0.47816915  0.49467063  0.51154380  0.47816915  0.48637446  0.47005275  0.52880578  0.51154380  0.48637446  0.46202333  0.49467063  0.49467063  0.50305971  0.48637446  0.52880578  0.52880578  0.52880578  0.52880578  0.54647492  0.52012507  0.56457089  0.55546826  0.53758826  0.53758826  0.52880578  0.67275987  0.61182088  0.62163933  0.49467063  0.49467063  0.47816915  0.52880578  0.47005275  
93_0_0     0.11132499  0.09158372  0.00000000  0.14717574  0.14194796  0.16308159  0.28501978  0.28501978  0.30418035  0.52880578  0.57378548  0.70519507  0.59256181  0.58311482  0.59256181  0.55546826  0.55546826  0.55546826  0.61182088  0.47005275  0.62163933  0.55546826  0.56457089  0.53758826  0.57378548  0.56457089  0.60212946  0.50305971  0.50305971  0.49467063  0.47816915  0.49467063  0.48637446  0.57378548  0.50305971  0.49467063  0.57378548  0.57378548  0.58311482  0.59256181  0.55546826  0.46202333  0.47005275  0.52012507  0.58311482  0.52012507  0.59256181  0.57378548  0.56457089  0.45407907  0.47005275  0.46202333  0.45407907  0.46202333  0.45407907  0.55546826  0.40071002  0.47005275  0.50305971  0.45407907  0.44621817  0.45407907  0.46202333  0.47816915  0.49467063  0.49467063  0.47005275  0.47005275  0.54647492  0.55546826  0.52012507  0.54647492  0.57378548  0.62163933  0.56457089  0.55546826  0.52880578  0.53758826  0.54647492  0.55546826  0.54647492  0.53758826  0.51154380  0.56457089  0.43073958  0.52012507  0.52012507  0.48637446  0.46202333  0.47005275  0.46202333  0.45407907  0.45407907  0.45407907  0.43843890  0.49467063  0.47816915  0.49467063  0.46202333  0.47005275  0.45407907  0.51154380  0.51154380  0.50305971  0.49467063  0.47816915  0.49467063  0.50305971  0.48637446  0.52880578  0.54647492  0.52880578  0.52880578  0.54647492  0.50305971  0.51154380  0.52012507  0.50305971  0.48637446  0.47816915  0.59256181  0.62163933  0.63158816  0.50305971  0.50305971  0.52012507  0.53758826  0.47816915  
93_11_0    0.15774203  0.20156374  0.14717574  0.00000000  0.09647048  0.11634267  0.26021163  0.27874030  0.25413587  0.47816915  0.50305971  0.59256181  0.57378548  0.56457089  0.55546826  0.59256181  0.51154380  0.49467063  0.65189121  0.54647492  0.62163933  0.53758826  0.59256181  0.60212946  0.62163933  0.61182088  0.61182088  0.52012507  0.38613491  0.48637446  0.45407907  0.47005275  0.46202333  0.51154380  0.52880578  0.53758826  0.58311482  0.58311482  0.57378548  0.54647492  0.58311482  0.48637446  0.49467063  0.51154380  0.52012507  0.49467063  0.52880578  0.51154380  0.52012507  0.46202333  0.44621817  0.43843890  0.48637446  0.49467063  0.49467063  0.55546826  0.40810532  0.47005275  0.52880578  0.47816915  0.52012507  0.51154380  0.52012507  0.49467063  0.52012507  0.47816915  0.48637446  0.45407907  0.45407907  0.46202333  0.51154380  0.52012507  0.49467063  0.53758826  0.56457089  0.53758826  0.52880578  0.57378548  0.56457089  0.54647492  0.56457089  0.54647492  0.52012507  0.55546826  0.40071002  0.47005275  0.47005275  0.45407907  0.43073958  0.45407907  0.45407907  0.43073958  0.44621817  0.46202333  0.46202333  0.50305971  0.50305971  0.52012507  0.50305971  0.49467063  0.49467063  0.50305971  0.53758826  0.52880578  0.51154380  0.54647492  0.52880578  0.53758826  0.53758826  0.49467063  0.51154380  0.45407907  0.45407907  0.58311482  0.52880578  0.55546826  0.54647492  0.52012507  0.58311482  0.57378548  0.64167091  0.55546826  0.56457089  0.50305971  0.50305971  0.52880578  0.56457089  0.51154380  
95_11_0    0.17387627  0.18482877  0.14194796  0.09647048  0.00000000  0.16308159  0.24810899  0.26021163  0.24213021  0.51154380  0.53758826  0.64167091  0.59256181  0.54647492  0.53758826  0.53758826  0.53758826  0.53758826  0.67275987  0.52880578  0.66225287  0.61182088  0.63158816  0.62163933  0.66225287  0.65189121  0.65189121  0.56457089  0.43073958  0.52012507  0.50305971  0.50305971  0.51154380  0.51154380  0.54647492  0.55546826  0.58311482  0.58311482  0.55546826  0.56457089  0.58311482  0.50305971  0.51154380  0.52880578  0.57378548  0.51154380  0.54647492  0.52880578  0.53758826  0.46202333  0.48637446  0.47005275  0.47005275  0.47816915  0.46202333  0.54647492  0.40810532  0.50305971  0.49467063  0.46202333  0.48637446  0.49467063  0.48637446  0.47816915  0.50305971  0.49467063  0.50305971  0.47005275  0.50305971  0.49467063  0.54647492  0.53758826  0.52880578  0.57378548  0.61182088  0.61182088  0.58311482  0.58311482  0.59256181  0.59256181  0.57378548  0.55546826  0.52880578  0.58311482  0.43843890  0.52880578  0.52880578  0.49467063  0.47005275  0.49467063  0.44621817  0.43843890  0.43843890  0.42311859  0.42311859  0.49467063  0.50305971  0.52012507  0.52012507  0.49467063  0.49467063  0.53758826  0.52012507  0.54647492  0.49467063  0.58311482  0.57378548  0.60212946  0.58311482  0.56457089  0.56457089  0.49467063  0.49467063  0.60212946  0.52880578  0.55546826  0.54647492  0.50305971  0.58311482  0.57378548  0.62163933  0.61182088  0.64167091  0.53758826  0.53758826  0.58311482  0.58311482  0.48637446  
100_11_0   0.18482877  0.21293175  0.16308159  0.11634267  0.16308159  0.00000000  0.28501978  0.29773888  0.29135234  0.52880578  0.57378548  0.67275987  0.57378548  0.56457089  0.57378548  0.55546826  0.57378548  0.55546826  0.68341632  0.57378548  0.68341632  0.61182088  0.60212946  0.58311482  0.61182088  0.60212946  0.63158816  0.55546826  0.48637446  0.53758826  0.50305971  0.50305971  0.51154380  0.56457089  0.53758826  0.55546826  0.67275987  0.65189121  0.65189121  0.60212946  0.65189121  0.51154380  0.52012507  0.56457089  0.61182088  0.56457089  0.57378548  0.54647492  0.56457089  0.51154380  0.49467063  0.48637446  0.46202333  0.47005275  0.47816915  0.56457089  0.46202333  0.52880578  0.57378548  0.52012507  0.58311482  0.59256181  0.56457089  0.52012507  0.51154380  0.50305971  0.51154380  0.47816915  0.52880578  0.53758826  0.48637446  0.49467063  0.54647492  0.57378548  0.59256181  0.57378548  0.55546826  0.58311482  0.61182088  0.59256181  0.59256181  0.60212946  0.56457089  0.59256181  0.47005275  0.52012507  0.53758826  0.50305971  0.48637446  0.51154380  0.47816915  0.46202333  0.46202333  0.47816915  0.47816915  0.54647492  0.50305971  0.51154380  0.47816915  0.47005275  0.47005275  0.49467063  0.57378548  0.55546826  0.52880578  0.56457089  0.55546826  0.58311482  0.54647492  0.52880578  0.54647492  0.52012507  0.52012507  0.55546826  0.54647492  0.54647492  0.55546826  0.54647492  0.57378548  0.56457089  0.64167091  0.61182088  0.62163933  0.51154380  0.49467063  0.53758826  0.51154380  0.51154380  
92_0_0     0.28501978  0.30418035  0.28501978  0.26021163  0.24810899  0.28501978  0.00000000  0.03079685  0.02186781  0.57378548  0.52880578  0.67275987  0.59256181  0.54647492  0.55546826  0.52880578  0.60212946  0.60212946  0.64167091  0.60212946  0.62163933  0.63158816  0.63158816  0.62163933  0.62163933  0.61182088  0.68341632  0.57378548  0.47005275  0.51154380  0.49467063  0.51154380  0.50305971  0.52012507  0.52880578  0.52880578  0.62163933  0.60212946  0.61182088  0.54647492  0.59256181  0.51154380  0.52012507  0.55546826  0.65189121  0.60212946  0.58311482  0.57378548  0.57378548  0.56457089  0.53758826  0.55546826  0.50305971  0.49467063  0.49467063  0.52880578  0.47816915  0.58311482  0.60212946  0.62163933  0.62163933  0.61182088  0.62163933  0.57378548  0.54647492  0.55546826  0.54647492  0.52880578  0.60212946  0.59256181  0.52012507  0.52880578  0.53758826  0.52012507  0.59256181  0.65189121  0.58311482  0.60212946  0.59256181  0.60212946  0.54647492  0.53758826  0.58311482  0.53758826  0.49467063  0.52880578  0.51154380  0.55546826  0.52880578  0.52880578  0.50305971  0.47816915  0.49467063  0.52880578  0.52880578  0.53758826  0.56457089  0.58311482  0.53758826  0.52880578  0.54647492  0.53758826  0.52880578  0.61182088  0.53758826  0.57378548  0.52012507  0.54647492  0.52880578  0.56457089  0.56457089  0.50305971  0.50305971  0.56457089  0.53758826  0.58311482  0.57378548  0.58311482  0.57378548  0.56457089  0.52880578  0.57378548  0.59256181  0.54647492  0.56457089  0.60212946  0.52012507  0.52012507  
96_0_0     0.26633708  0.31723185  0.28501978  0.27874030  0.26021163  0.29773888  0.03079685  0.00000000  0.02631903  0.56457089  0.53758826  0.69422656  0.59256181  0.58311482  0.59256181  0.54647492  0.62163933  0.62163933  0.62163933  0.63158816  0.65189121  0.66225287  0.66225287  0.65189121  0.65189121  0.64167091  0.71632657  0.58311482  0.48637446  0.51154380  0.49467063  0.51154380  0.50305971  0.51154380  0.52012507  0.52012507  0.56457089  0.54647492  0.55546826  0.54647492  0.54647492  0.52880578  0.53758826  0.57378548  0.71632657  0.58311482  0.60212946  0.59256181  0.59256181  0.56457089  0.57378548  0.57378548  0.48637446  0.47816915  0.47816915  0.53758826  0.48637446  0.55546826  0.59256181  0.61182088  0.61182088  0.60212946  0.59256181  0.62163933  0.54647492  0.54647492  0.53758826  0.52012507  0.59256181  0.58311482  0.52880578  0.53758826  0.52880578  0.52880578  0.55546826  0.61182088  0.54647492  0.59256181  0.56457089  0.59256181  0.53758826  0.52880578  0.57378548  0.54647492  0.50305971  0.55546826  0.55546826  0.56457089  0.53758826  0.55546826  0.52880578  0.50305971  0.52012507  0.53758826  0.53758826  0.54647492  0.59256181  0.59256181  0.56457089  0.55546826  0.57378548  0.56457089  0.55546826  0.62163933  0.54647492  0.55546826  0.54647492  0.57378548  0.55546826  0.59256181  0.59256181  0.51154380  0.51154380  0.57378548  0.54647492  0.57378548  0.56457089  0.57378548  0.56457089  0.55546826  0.55546826  0.63158816  0.65189121  0.52880578  0.54647492  0.62163933  0.52012507  0.47816915  
98_0_0     0.28501978  0.32384387  0.30418035  0.25413587  0.24213021  0.29135234  0.02186781  0.02631903  0.00000000  0.56457089  0.52012507  0.69422656  0.57378548  0.54647492  0.55546826  0.52880578  0.58311482  0.58311482  0.60212946  0.61182088  0.65189121  0.64167091  0.64167091  0.63158816  0.63158816  0.62163933  0.69422656  0.56457089  0.47005275  0.51154380  0.49467063  0.51154380  0.53758826  0.52012507  0.52880578  0.52880578  0.58311482  0.56457089  0.57378548  0.52880578  0.55546826  0.52880578  0.53758826  0.55546826  0.67275987  0.58311482  0.58311482  0.57378548  0.57378548  0.56457089  0.55546826  0.55546826  0.47005275  0.46202333  0.46202333  0.54647492  0.47816915  0.56457089  0.58311482  0.62163933  0.62163933  0.61182088  0.62163933  0.59256181  0.52012507  0.53758826  0.52880578  0.51154380  0.56457089  0.55546826  0.50305971  0.51154380  0.52012507  0.52012507  0.58311482  0.64167091  0.57378548  0.60212946  0.57378548  0.58311482  0.52880578  0.52880578  0.55546826  0.56457089  0.49467063  0.52880578  0.52880578  0.53758826  0.51154380  0.52880578  0.52012507  0.49467063  0.51154380  0.52880578  0.52880578  0.52012507  0.58311482  0.58311482  0.55546826  0.54647492  0.56457089  0.55546826  0.54647492  0.61182088  0.53758826  0.56457089  0.52012507  0.54647492  0.52880578  0.56457089  0.56457089  0.52012507  0.52012507  0.59256181  0.54647492  0.59256181  0.58311482  0.59256181  0.58311482  0.57378548  0.55546826  0.59256181  0.61182088  0.52880578  0.54647492  0.60212946  0.50305971  0.49467063  
99_0_0     0.46202333  0.55546826  0.52880578  0.47816915  0.51154380  0.52880578  0.57378548  0.56457089  0.56457089  0.00000000  0.11132499  0.53758826  0.55546826  0.58311482  0.55546826  0.53758826  0.54647492  0.56457089  0.55546826  0.49467063  0.51154380  0.56457089  0.52012507  0.51154380  0.52880578  0.52012507  0.52012507  0.49467063  0.48637446  0.50305971  0.50305971  0.52012507  0.50305971  0.54647492  0.52012507  0.52880578  0.60212946  0.63158816  0.64167091  0.65189121  0.61182088  0.58311482  0.59256181  0.54647492  0.61182088  0.57378548  0.58311482  0.58311482  0.57378548  0.53758826  0.54647492  0.52012507  0.52880578  0.52012507  0.56457089  0.54647492  0.47005275  0.52880578  0.51154380  0.53758826  0.52880578  0.53758826  0.52012507  0.47005275  0.50305971  0.53758826  0.53758826  0.52880578  0.48637446  0.49467063  0.58311482  0.59256181  0.61182088  0.62163933  0.64167091  0.62163933  0.65189121  0.64167091  0.63158816  0.63158816  0.66225287  0.66225287  0.69422656  0.67275987  0.58311482  0.57378548  0.57378548  0.56457089  0.57378548  0.57378548  0.61182088  0.56457089  0.58311482  0.59256181  0.61182088  0.60212946  0.52012507  0.52012507  0.53758826  0.52880578  0.52880578  0.53758826  0.59256181  0.56457089  0.52012507  0.59256181  0.56457089  0.54647492  0.55546826  0.52880578  0.53758826  0.54647492  0.54647492  0.57378548  0.53758826  0.59256181  0.58311482  0.55546826  0.55546826  0.57378548  0.67275987  0.55546826  0.53758826  0.58311482  0.56457089  0.52012507  0.56457089  0.62163933  
97_0_0     0.53758826  0.57378548  0.57378548  0.50305971  0.53758826  0.57378548  0.52880578  0.53758826  0.52012507  0.11132499  0.00000000  0.54647492  0.58311482  0.59256181  0.57378548  0.59256181  0.52880578  0.52880578  0.56457089  0.54647492  0.54647492  0.60212946  0.55546826  0.56457089  0.56457089  0.55546826  0.56457089  0.57378548  0.48637446  0.52880578  0.51154380  0.51154380  0.52880578  0.52012507  0.52880578  0.50305971  0.67275987  0.68341632  0.67275987  0.66225287  0.64167091  0.58311482  0.59256181  0.57378548  0.55546826  0.54647492  0.53758826  0.57378548  0.54647492  0.52012507  0.50305971  0.48637446  0.54647492  0.53758826  0.61182088  0.60212946  0.48637446  0.59256181  0.57378548  0.62163933  0.60212946  0.61182088  0.57378548  0.52880578  0.51154380  0.60212946  0.55546826  0.57378548  0.60212946  0.59256181  0.59256181  0.58311482  0.66225287  0.66225287  0.70519507  0.66225287  0.70519507  0.66225287  0.62163933  0.59256181  0.64167091  0.60212946  0.67275987  0.64167091  0.61182088  0.60212946  0.60212946  0.54647492  0.55546826  0.56457089  0.65189121  0.60212946  0.62163933  0.63158816  0.65189121  0.60212946  0.56457089  0.56457089  0.57378548  0.56457089  0.58311482  0.55546826  0.57378548  0.58311482  0.51154380  0.58311482  0.54647492  0.54647492  0.53758826  0.55546826  0.56457089  0.60212946  0.60212946  0.58311482  0.51154380  0.59256181  0.58311482  0.59256181  0.57378548  0.59256181  0.64167091  0.57378548  0.55546826  0.58311482  0.58311482  0.57378548  0.56457089  0.63158816  
8_0_0      0.63158816  0.61182088  0.70519507  0.59256181  0.64167091  0.67275987  0.67275987  0.69422656  0.69422656  0.53758826  0.54647492  0.00000000  0.48637446  0.51154380  0.50305971  0.55546826  0.52012507  0.52012507  0.61182088  0.52880578  0.55546826  0.57378548  0.54647492  0.54647492  0.55546826  0.54647492  0.52012507  0.56457089  0.54647492  0.58311482  0.55546826  0.56457089  0.56457089  0.60212946  0.63158816  0.62163933  0.66225287  0.65189121  0.58311482  0.64167091  0.64167091  0.63158816  0.64167091  0.68341632  0.54647492  0.58311482  0.56457089  0.54647492  0.54647492  0.53758826  0.50305971  0.52012507  0.60212946  0.60212946  0.62163933  0.60212946  0.51154380  0.47816915  0.54647492  0.52880578  0.54647492  0.55546826  0.57378548  0.47816915  0.61182088  0.53758826  0.55546826  0.52880578  0.57378548  0.55546826  0.66225287  0.61182088  0.61182088  0.63158816  0.70519507  0.63158816  0.66225287  0.66225287  0.64167091  0.65189121  0.60212946  0.62163933  0.61182088  0.62163933  0.66225287  0.65189121  0.63158816  0.68341632  0.67275987  0.64167091  0.62163933  0.62163933  0.60212946  0.62163933  0.62163933  0.57378548  0.68341632  0.70519507  0.66225287  0.67275987  0.65189121  0.64167091  0.56457089  0.47816915  0.48637446  0.59256181  0.52880578  0.49467063  0.50305971  0.57378548  0.56457089  0.57378548  0.57378548  0.62163933  0.62163933  0.67275987  0.66225287  0.64167091  0.65189121  0.64167091  0.67275987  0.64167091  0.66225287  0.58311482  0.56457089  0.49467063  0.65189121  0.57378548  
62_2_0     0.52012507  0.52012507  0.59256181  0.57378548  0.59256181  0.57378548  0.59256181  0.59256181  0.57378548  0.55546826  0.58311482  0.48637446  0.00000000  0.03983361  0.05359648  0.15244025  0.26021163  0.26021163  0.32384387  0.27874030  0.36479053  0.33051477  0.27251302  0.27874030  0.27874030  0.27874030  0.31723185  0.21868111  0.37895233  0.32384387  0.31723185  0.33051477  0.35089148  0.37183797  0.39338702  0.38613491  0.42311859  0.40810532  0.35780877  0.36479053  0.40071002  0.38613491  0.39338702  0.35089148  0.46202333  0.42311859  0.43843890  0.43843890  0.43843890  0.37895233  0.37183797  0.36479053  0.43073958  0.43843890  0.41557434  0.45407907  0.37895233  0.41557434  0.40810532  0.42311859  0.43843890  0.44621817  0.45407907  0.35089148  0.35780877  0.38613491  0.35780877  0.35780877  0.37895233  0.37895233  0.39338702  0.40071002  0.49467063  0.52012507  0.47005275  0.43073958  0.43843890  0.49467063  0.37895233  0.45407907  0.37895233  0.40071002  0.43073958  0.42311859  0.45407907  0.44621817  0.46202333  0.46202333  0.45407907  0.43073958  0.46202333  0.45407907  0.43843890  0.43843890  0.43843890  0.40810532  0.43843890  0.43843890  0.45407907  0.46202333  0.47816915  0.42311859  0.39338702  0.40810532  0.35780877  0.40810532  0.44621817  0.45407907  0.44621817  0.42311859  0.40810532  0.46202333  0.46202333  0.53758826  0.55546826  0.60212946  0.61182088  0.62163933  0.60212946  0.59256181  0.70519507  0.58311482  0.54647492  0.46202333  0.46202333  0.47816915  0.56457089  0.52880578  
29_6_0     0.54647492  0.51154380  0.58311482  0.56457089  0.54647492  0.56457089  0.54647492  0.58311482  0.54647492  0.58311482  0.59256181  0.51154380  0.03983361  0.00000000  0.01304394  0.11634267  0.25413587  0.25413587  0.31067768  0.27874030  0.36479053  0.33051477  0.26021163  0.26633708  0.26633708  0.26633708  0.30418035  0.19594378  0.32384387  0.28501978  0.27874030  0.29135234  0.31067768  0.32384387  0.35780877  0.35089148  0.43073958  0.41557434  0.37895233  0.37183797  0.39338702  0.36479053  0.35780877  0.33051477  0.43843890  0.40071002  0.38613491  0.38613491  0.38613491  0.35780877  0.35780877  0.35780877  0.40810532  0.41557434  0.39338702  0.40810532  0.32384387  0.40810532  0.40071002  0.41557434  0.43073958  0.43843890  0.44621817  0.33724561  0.35089148  0.38613491  0.35780877  0.35780877  0.38613491  0.36479053  0.39338702  0.38613491  0.51154380  0.53758826  0.48637446  0.44621817  0.45407907  0.47816915  0.39338702  0.43843890  0.39338702  0.40071002  0.41557434  0.37895233  0.46202333  0.45407907  0.47005275  0.47005275  0.46202333  0.43843890  0.45407907  0.44621817  0.43073958  0.41557434  0.41557434  0.38613491  0.43073958  0.43073958  0.43073958  0.43843890  0.45407907  0.41557434  0.37183797  0.41557434  0.35089148  0.41557434  0.43843890  0.44621817  0.43843890  0.41557434  0.40071002  0.46202333  0.46202333  0.49467063  0.49467063  0.57378548  0.58311482  0.59256181  0.59256181  0.58311482  0.69422656  0.52880578  0.49467063  0.43073958  0.43073958  0.46202333  0.51154380  0.52012507  
29_2_0     0.55546826  0.53758826  0.59256181  0.55546826  0.53758826  0.57378548  0.55546826  0.59256181  0.55546826  0.55546826  0.57378548  0.50305971  0.05359648  0.01304394  0.00000000  0.12139419  0.24810899  0.24810899  0.31067768  0.27251302  0.34403748  0.33724561  0.26633708  0.27251302  0.27251302  0.27251302  0.31067768  0.19036566  0.30418035  0.29135234  0.28501978  0.29773888  0.31723185  0.31723185  0.35089148  0.34403748  0.43843890  0.42311859  0.38613491  0.37895233  0.40071002  0.35780877  0.35089148  0.32384387  0.44621817  0.40810532  0.40810532  0.40810532  0.40810532  0.35089148  0.35089148  0.35089148  0.40071002  0.40810532  0.38613491  0.40071002  0.31723185  0.40071002  0.40810532  0.42311859  0.43843890  0.44621817  0.45407907  0.34403748  0.37183797  0.37895233  0.36479053  0.35089148  0.37895233  0.35780877  0.38613491  0.37895233  0.52012507  0.54647492  0.49467063  0.47005275  0.46202333  0.47005275  0.40071002  0.44621817  0.40071002  0.39338702  0.42311859  0.40071002  0.45407907  0.44621817  0.46202333  0.46202333  0.45407907  0.44621817  0.46202333  0.45407907  0.43843890  0.42311859  0.42311859  0.39338702  0.42311859  0.42311859  0.43843890  0.43073958  0.44621817  0.40810532  0.36479053  0.40810532  0.34403748  0.43843890  0.43843890  0.43073958  0.43843890  0.42311859  0.40810532  0.47005275  0.47005275  0.52012507  0.52012507  0.58311482  0.59256181  0.58311482  0.60212946  0.59256181  0.69422656  0.52880578  0.49467063  0.44621817  0.44621817  0.47816915  0.52880578  0.52880578  
5_2_0      0.55546826  0.52880578  0.55546826  0.59256181  0.53758826  0.55546826  0.52880578  0.54647492  0.52880578  0.53758826  0.59256181  0.55546826  0.15244025  0.11634267  0.12139419  0.00000000  0.32384387  0.32384387  0.30418035  0.32384387  0.37183797  0.39338702  0.33051477  0.31067768  0.32384387  0.31067768  0.35089148  0.25413587  0.35089148  0.35780877  0.33724561  0.33724561  0.34403748  0.39338702  0.37183797  0.34403748  0.46202333  0.44621817  0.42311859  0.43843890  0.39338702  0.36479053  0.35780877  0.38613491  0.46202333  0.43843890  0.42311859  0.42311859  0.43843890  0.37183797  0.40810532  0.38613491  0.41557434  0.42311859  0.39338702  0.44621817  0.32384387  0.43843890  0.40071002  0.41557434  0.43073958  0.43843890  0.43073958  0.35089148  0.37895233  0.39338702  0.39338702  0.37895233  0.43843890  0.44621817  0.41557434  0.43843890  0.51154380  0.54647492  0.52012507  0.52012507  0.49467063  0.53758826  0.43843890  0.52012507  0.50305971  0.49467063  0.51154380  0.47005275  0.47005275  0.48637446  0.50305971  0.46202333  0.45407907  0.46202333  0.45407907  0.46202333  0.43073958  0.43073958  0.43073958  0.41557434  0.42311859  0.42311859  0.37895233  0.38613491  0.40071002  0.43843890  0.35780877  0.40071002  0.36479053  0.37183797  0.44621817  0.43843890  0.44621817  0.47005275  0.45407907  0.47816915  0.47816915  0.52012507  0.51154380  0.61182088  0.62163933  0.63158816  0.63158816  0.60212946  0.69422656  0.49467063  0.47816915  0.44621817  0.44621817  0.41557434  0.51154380  0.53758826  
80_2_0     0.58311482  0.56457089  0.55546826  0.51154380  0.53758826  0.57378548  0.60212946  0.62163933  0.58311482  0.54647492  0.52880578  0.52012507  0.26021163  0.25413587  0.24810899  0.32384387  0.00000000  0.03530160  0.31723185  0.31067768  0.38613491  0.37895233  0.35089148  0.34403748  0.35780877  0.35780877  0.38613491  0.26633708  0.37183797  0.40071002  0.36479053  0.37183797  0.43073958  0.43073958  0.41557434  0.39338702  0.43843890  0.42311859  0.38613491  0.37895233  0.43073958  0.41557434  0.42311859  0.40071002  0.47816915  0.47816915  0.50305971  0.50305971  0.47816915  0.37895233  0.38613491  0.36479053  0.41557434  0.42311859  0.43073958  0.48637446  0.37895233  0.43073958  0.47005275  0.47816915  0.46202333  0.47005275  0.48637446  0.40071002  0.47816915  0.40071002  0.40810532  0.40071002  0.41557434  0.42311859  0.43073958  0.45407907  0.61182088  0.62163933  0.53758826  0.53758826  0.52880578  0.53758826  0.47816915  0.52880578  0.49467063  0.45407907  0.48637446  0.47005275  0.43073958  0.42311859  0.43843890  0.42311859  0.43073958  0.40810532  0.43843890  0.43073958  0.44621817  0.41557434  0.43073958  0.44621817  0.47816915  0.46202333  0.45407907  0.45407907  0.47005275  0.43073958  0.44621817  0.43843890  0.45407907  0.47816915  0.47005275  0.46202333  0.46202333  0.51154380  0.51154380  0.44621817  0.44621817  0.50305971  0.53758826  0.56457089  0.57378548  0.56457089  0.56457089  0.53758826  0.60212946  0.47816915  0.47816915  0.53758826  0.55546826  0.55546826  0.51154380  0.55546826  
16_2_0     0.56457089  0.58311482  0.55546826  0.49467063  0.53758826  0.55546826  0.60212946  0.62163933  0.58311482  0.56457089  0.52880578  0.52012507  0.26021163  0.25413587  0.24810899  0.32384387  0.03530160  0.00000000  0.31723185  0.32384387  0.40071002  0.36479053  0.33724561  0.33051477  0.34403748  0.34403748  0.37183797  0.26633708  0.38613491  0.41557434  0.37895233  0.38613491  0.43073958  0.43073958  0.41557434  0.39338702  0.43843890  0.42311859  0.40071002  0.39338702  0.44621817  0.38613491  0.39338702  0.37895233  0.46202333  0.46202333  0.47005275  0.47005275  0.44621817  0.36479053  0.37183797  0.35089148  0.43073958  0.42311859  0.44621817  0.47816915  0.36479053  0.42311859  0.47005275  0.46202333  0.44621817  0.45407907  0.47005275  0.38613491  0.47816915  0.40071002  0.39338702  0.38613491  0.40071002  0.40810532  0.42311859  0.44621817  0.61182088  0.60212946  0.52012507  0.50305971  0.49467063  0.52880578  0.45407907  0.50305971  0.47005275  0.44621817  0.46202333  0.46202333  0.43073958  0.42311859  0.43843890  0.40810532  0.40071002  0.39338702  0.43843890  0.44621817  0.44621817  0.41557434  0.43073958  0.44621817  0.49467063  0.47816915  0.48637446  0.48637446  0.50305971  0.46202333  0.40071002  0.42311859  0.42311859  0.44621817  0.48637446  0.47816915  0.47816915  0.49467063  0.49467063  0.45407907  0.45407907  0.52012507  0.55546826  0.58311482  0.59256181  0.58311482  0.58311482  0.55546826  0.58311482  0.47816915  0.47816915  0.53758826  0.55546826  0.55546826  0.52880578  0.56457089  
41_2_0     0.62163933  0.63158816  0.61182088  0.65189121  0.67275987  0.68341632  0.64167091  0.62163933  0.60212946  0.55546826  0.56457089  0.61182088  0.32384387  0.31067768  0.31067768  0.30418035  0.31723185  0.31723185  0.00000000  0.24213021  0.34403748  0.31723185  0.27874030  0.26633708  0.27874030  0.27874030  0.29773888  0.25413587  0.35780877  0.36479053  0.33051477  0.33724561  0.36479053  0.36479053  0.40071002  0.37895233  0.42311859  0.43073958  0.42311859  0.43843890  0.40071002  0.33724561  0.33051477  0.32384387  0.43843890  0.37895233  0.46202333  0.46202333  0.43843890  0.32384387  0.37183797  0.35089148  0.40810532  0.41557434  0.41557434  0.43073958  0.33051477  0.36479053  0.43073958  0.41557434  0.37895233  0.37183797  0.41557434  0.38613491  0.37895233  0.36479053  0.33051477  0.35089148  0.37895233  0.38613491  0.41557434  0.42311859  0.54647492  0.58311482  0.43843890  0.47005275  0.44621817  0.48637446  0.38613491  0.41557434  0.39338702  0.40810532  0.45407907  0.46202333  0.47005275  0.44621817  0.46202333  0.42311859  0.41557434  0.41557434  0.52012507  0.52880578  0.51154380  0.46202333  0.44621817  0.42311859  0.44621817  0.43073958  0.46202333  0.47816915  0.47816915  0.47005275  0.37895233  0.42311859  0.36479053  0.39338702  0.41557434  0.40810532  0.41557434  0.42311859  0.43843890  0.48637446  0.48637446  0.53758826  0.49467063  0.54647492  0.55546826  0.53758826  0.49467063  0.48637446  0.69422656  0.51154380  0.49467063  0.52012507  0.50305971  0.52012507  0.47005275  0.55546826  
66_2_0     0.44621817  0.45407907  0.47005275  0.54647492  0.52880578  0.57378548  0.60212946  0.63158816  0.61182088  0.49467063  0.54647492  0.52880578  0.27874030  0.27874030  0.27251302  0.32384387  0.31067768  0.32384387  0.24213021  0.00000000  0.18482877  0.14717574  0.09647048  0.10138933  0.11132499  0.10138933  0.14717574  0.20722618  0.31723185  0.29773888  0.29135234  0.31067768  0.29773888  0.34403748  0.33724561  0.34403748  0.39338702  0.40810532  0.38613491  0.35780877  0.36479053  0.31067768  0.30418035  0.30418035  0.38613491  0.35780877  0.40071002  0.42311859  0.37895233  0.29773888  0.27874030  0.28501978  0.39338702  0.40071002  0.40071002  0.40071002  0.30418035  0.31067768  0.36479053  0.31067768  0.29135234  0.29773888  0.35089148  0.31723185  0.35089148  0.32384387  0.29773888  0.31067768  0.35780877  0.35780877  0.33051477  0.33724561  0.45407907  0.47816915  0.43073958  0.44621817  0.41557434  0.42311859  0.37183797  0.39338702  0.38613491  0.35089148  0.40810532  0.43073958  0.39338702  0.42311859  0.42311859  0.41557434  0.40810532  0.42311859  0.47005275  0.46202333  0.46202333  0.44621817  0.43843890  0.43073958  0.40071002  0.38613491  0.40810532  0.41557434  0.40810532  0.37895233  0.35780877  0.35780877  0.35089148  0.37183797  0.36479053  0.35780877  0.36479053  0.35089148  0.36479053  0.47005275  0.47005275  0.49467063  0.48637446  0.51154380  0.52012507  0.50305971  0.48637446  0.47816915  0.68341632  0.47005275  0.45407907  0.46202333  0.46202333  0.47005275  0.43073958  0.47005275  
84_2_0     0.57378548  0.60212946  0.62163933  0.62163933  0.66225287  0.68341632  0.62163933  0.65189121  0.65189121  0.51154380  0.54647492  0.55546826  0.36479053  0.36479053  0.34403748  0.37183797  0.38613491  0.40071002  0.34403748  0.18482877  0.00000000  0.19594378  0.15774203  0.15244025  0.16308159  0.16308159  0.21868111  0.27251302  0.38613491  0.37895233  0.38613491  0.40810532  0.36479053  0.35089148  0.38613491  0.37183797  0.46202333  0.46202333  0.45407907  0.41557434  0.42311859  0.40071002  0.39338702  0.39338702  0.42311859  0.40810532  0.42311859  0.42311859  0.41557434  0.35780877  0.35089148  0.34403748  0.43843890  0.44621817  0.42311859  0.37183797  0.39338702  0.40810532  0.43073958  0.42311859  0.40071002  0.39338702  0.40810532  0.35780877  0.32384387  0.38613491  0.35780877  0.33051477  0.41557434  0.40810532  0.35089148  0.35780877  0.44621817  0.48637446  0.40810532  0.41557434  0.40071002  0.47816915  0.41557434  0.40810532  0.44621817  0.42311859  0.45407907  0.40071002  0.42311859  0.43073958  0.43073958  0.41557434  0.42311859  0.41557434  0.45407907  0.46202333  0.43073958  0.45407907  0.45407907  0.45407907  0.41557434  0.41557434  0.44621817  0.43843890  0.45407907  0.40071002  0.41557434  0.42311859  0.44621817  0.43843890  0.41557434  0.40071002  0.40810532  0.42311859  0.43843890  0.52880578  0.52880578  0.50305971  0.53758826  0.55546826  0.54647492  0.52012507  0.53758826  0.52880578  0.65189121  0.43073958  0.43073958  0.51154380  0.51154380  0.52012507  0.52880578  0.58311482  
55_2_0     0.51154380  0.52012507  0.55546826  0.53758826  0.61182088  0.61182088  0.63158816  0.66225287  0.64167091  0.56457089  0.60212946  0.57378548  0.33051477  0.33051477  0.33724561  0.39338702  0.37895233  0.36479053  0.31723185  0.14717574  0.19594378  0.00000000  0.06761693  0.08190480  0.08190480  0.07234934  0.12648001  0.25413587  0.40071002  0.39338702  0.38613491  0.39338702  0.37895233  0.36479053  0.37183797  0.36479053  0.40810532  0.40810532  0.43073958  0.40071002  0.40810532  0.33051477  0.33724561  0.35780877  0.41557434  0.42311859  0.40810532  0.43073958  0.41557434  0.33051477  0.32384387  0.33051477  0.40810532  0.41557434  0.44621817  0.42311859  0.36479053  0.37895233  0.41557434  0.40071002  0.39338702  0.38613491  0.41557434  0.38613491  0.37895233  0.35780877  0.33051477  0.33051477  0.40071002  0.39338702  0.38613491  0.39338702  0.51154380  0.55546826  0.40810532  0.42311859  0.39338702  0.45407907  0.38613491  0.40071002  0.41557434  0.42311859  0.42311859  0.40071002  0.40071002  0.39338702  0.39338702  0.41557434  0.39338702  0.40810532  0.40810532  0.41557434  0.40071002  0.43073958  0.42311859  0.41557434  0.43073958  0.44621817  0.46202333  0.47816915  0.48637446  0.43843890  0.39338702  0.40071002  0.38613491  0.37183797  0.37895233  0.38613491  0.37895233  0.37895233  0.37895233  0.47005275  0.47005275  0.47816915  0.52880578  0.53758826  0.54647492  0.54647492  0.51154380  0.48637446  0.70519507  0.50305971  0.48637446  0.49467063  0.49467063  0.51154380  0.49467063  0.53758826  
88_2_0     0.50305971  0.51154380  0.56457089  0.59256181  0.63158816  0.60212946  0.63158816  0.66225287  0.64167091  0.52012507  0.55546826  0.54647492  0.27251302  0.26021163  0.26633708  0.33051477  0.35089148  0.33724561  0.27874030  0.09647048  0.15774203  0.06761693  0.00000000  0.02186781  0.01304394  0.01304394  0.06291423  0.18482877  0.38613491  0.36479053  0.35780877  0.36479053  0.35089148  0.35089148  0.34403748  0.33724561  0.42311859  0.42311859  0.43073958  0.40810532  0.41557434  0.29773888  0.29135234  0.28501978  0.42311859  0.39338702  0.39338702  0.40071002  0.38613491  0.29135234  0.28501978  0.29135234  0.37183797  0.37895233  0.40071002  0.36479053  0.35089148  0.35780877  0.37895233  0.36479053  0.35780877  0.36479053  0.40810532  0.33724561  0.32384387  0.33051477  0.29135234  0.29135234  0.37183797  0.36479053  0.34403748  0.35089148  0.48637446  0.52880578  0.37895233  0.37895233  0.36479053  0.43843890  0.35780877  0.35089148  0.37183797  0.37895233  0.40810532  0.38613491  0.39338702  0.38613491  0.38613491  0.40810532  0.40071002  0.41557434  0.43073958  0.42311859  0.40810532  0.42311859  0.41557434  0.39338702  0.40071002  0.40071002  0.41557434  0.43073958  0.43843890  0.39338702  0.35089148  0.36479053  0.35089148  0.35089148  0.37183797  0.37895233  0.37183797  0.38613491  0.38613491  0.46202333  0.46202333  0.43843890  0.47005275  0.47816915  0.48637446  0.48637446  0.47005275  0.44621817  0.65189121  0.47005275  0.45407907  0.43843890  0.43843890  0.46202333  0.46202333  0.49467063  
90_2_0     0.49467063  0.50305971  0.53758826  0.60212946  0.62163933  0.58311482  0.62163933  0.65189121  0.63158816  0.51154380  0.56457089  0.54647492  0.27874030  0.26633708  0.27251302  0.31067768  0.34403748  0.33051477  0.26633708  0.10138933  0.15244025  0.08190480  0.02186781  0.00000000  0.01744288  0.01744288  0.07711184  0.20156374  0.37895233  0.37183797  0.36479053  0.37183797  0.35780877  0.37183797  0.36479053  0.35780877  0.43073958  0.41557434  0.43843890  0.41557434  0.42311859  0.31723185  0.31067768  0.31723185  0.43073958  0.41557434  0.41557434  0.40071002  0.40810532  0.29773888  0.29135234  0.29773888  0.37895233  0.38613491  0.39338702  0.36479053  0.33051477  0.36479053  0.39338702  0.36479053  0.35780877  0.36479053  0.40810532  0.34403748  0.31723185  0.32384387  0.28501978  0.27251302  0.39338702  0.38613491  0.33724561  0.34403748  0.48637446  0.52880578  0.39338702  0.39338702  0.36479053  0.45407907  0.35780877  0.35089148  0.37183797  0.37895233  0.37895233  0.40071002  0.39338702  0.38613491  0.38613491  0.40071002  0.39338702  0.40071002  0.43073958  0.43843890  0.42311859  0.40810532  0.40071002  0.40810532  0.40810532  0.40810532  0.40810532  0.42311859  0.43073958  0.40071002  0.37183797  0.38613491  0.35780877  0.35780877  0.37895233  0.38613491  0.37895233  0.39338702  0.39338702  0.47005275  0.47005275  0.44621817  0.49467063  0.50305971  0.51154380  0.51154380  0.49467063  0.47005275  0.64167091  0.47816915  0.46202333  0.47816915  0.47816915  0.47005275  0.45407907  0.48637446  
63_7_0     0.51154380  0.52012507  0.57378548  0.62163933  0.66225287  0.61182088  0.62163933  0.65189121  0.63158816  0.52880578  0.56457089  0.55546826  0.27874030  0.26633708  0.27251302  0.32384387  0.35780877  0.34403748  0.27874030  0.11132499  0.16308159  0.08190480  0.01304394  0.01744288  0.00000000  0.00867067  0.07711184  0.20156374  0.38613491  0.36479053  0.35780877  0.36479053  0.35089148  0.37183797  0.36479053  0.35780877  0.44621817  0.43073958  0.45407907  0.43073958  0.43843890  0.30418035  0.29773888  0.30418035  0.44621817  0.41557434  0.41557434  0.41557434  0.40810532  0.31067768  0.30418035  0.31067768  0.37895233  0.38613491  0.39338702  0.37183797  0.35780877  0.37895233  0.39338702  0.37895233  0.37183797  0.37895233  0.42311859  0.34403748  0.33051477  0.33724561  0.29773888  0.29773888  0.39338702  0.38613491  0.35089148  0.35780877  0.50305971  0.54647492  0.39338702  0.39338702  0.37895233  0.45407907  0.35780877  0.35089148  0.37183797  0.37895233  0.40810532  0.40071002  0.40810532  0.40071002  0.40071002  0.41557434  0.40810532  0.41557434  0.44621817  0.43843890  0.42311859  0.43843890  0.43073958  0.40810532  0.42311859  0.42311859  0.42311859  0.43843890  0.44621817  0.40071002  0.37183797  0.38613491  0.35780877  0.35780877  0.37895233  0.38613491  0.37895233  0.39338702  0.39338702  0.48637446  0.48637446  0.43073958  0.49467063  0.50305971  0.51154380  0.51154380  0.49467063  0.47005275  0.64167091  0.47816915  0.46202333  0.46202333  0.46202333  0.47005275  0.45407907  0.49467063  
