145
46_0_0     0.00000000  0.01113219  0.03971022  0.07551142  0.02814760  0.02243266  0.36256397  0.36256397  0.40883140  0.35364443  0.28587820  0.31899376  0.25416748  0.28587820  0.34483004  0.33611836  0.25416748  0.18031888  0.22374724  0.20171777  0.20898904  0.24644559  0.24644559  0.19451654  0.20171777  0.19451654  0.18738401  0.19451654  0.23123705  0.23123705  0.23880265  0.19451654  0.25416748  0.21633172  0.24644559  0.23123705  0.27782354  0.24644559  0.23880265  0.24644559  0.22374724  0.21633172  0.22374724  0.22374724  0.25416748  0.24644559  0.21633172  0.21633172  0.21633172  0.25416748  0.20898904  0.24644559  0.26985473  0.21633172  0.20171777  0.27782354  0.14596136  0.27782354  0.19451654  0.18031888  0.18738401  0.18031888  0.23123705  0.19451654  0.23123705  0.17331990  0.19451654  0.19451654  0.18738401  0.18031888  0.17331990  0.19451654  0.19451654  0.20171777  0.18031888  0.14596136  0.12608005  0.12608005  0.14596136  0.15951549  0.16638583  0.16638583  0.14596136  0.14596136  0.15270771  0.14596136  0.16638583  0.14596136  0.18031888  0.19451654  0.14596136  0.22374724  0.20898904  0.21633172  0.22374724  0.28587820  0.36256397  0.22374724  0.17331990  0.18031888  0.16638583  0.15270771  0.15951549  0.15951549  0.20171777  0.31057634  0.40883140  0.40883140  0.40883140  0.41843868  0.33611836  0.37159123  0.53317073  0.54452966  0.55606383  0.52198181  0.54452966  0.54452966  0.57968016  0.54452966  0.57968016  0.52198181  0.57968016  0.53317073  0.61656520  0.59177410  0.57968016  0.61656520  0.51095787  0.50009412  0.51095787  0.53317073  0.54452966  0.56777875  0.56777875  0.57968016  0.56777875  0.55606383  0.55606383  0.52198181  0.46841912  0.47882905  0.54452966  0.51095787  0.46841912  
23_0_0     0.01113219  0.00000000  0.05145449  0.08783654  0.03971022  0.03390656  0.38072881  0.38072881  0.41843868  0.33611836  0.28587820  0.33611836  0.25416748  0.30225264  0.32750703  0.33611836  0.25416748  0.18031888  0.22374724  0.20171777  0.19451654  0.23123705  0.24644559  0.20898904  0.21633172  0.20898904  0.20171777  0.20898904  0.23123705  0.22374724  0.23880265  0.19451654  0.26985473  0.21633172  0.24644559  0.23123705  0.27782354  0.24644559  0.23880265  0.24644559  0.22374724  0.23123705  0.23880265  0.23880265  0.25416748  0.26196996  0.23123705  0.23123705  0.23123705  0.26985473  0.20898904  0.26196996  0.25416748  0.22374724  0.20898904  0.28587820  0.15951549  0.29402059  0.20898904  0.19451654  0.20171777  0.19451654  0.23123705  0.20898904  0.24644559  0.18738401  0.20898904  0.20898904  0.20171777  0.19451654  0.18738401  0.20898904  0.20898904  0.20171777  0.18738401  0.15951549  0.13927534  0.13927534  0.15951549  0.17331990  0.18031888  0.16638583  0.15951549  0.15951549  0.16638583  0.15951549  0.18031888  0.14596136  0.19451654  0.20898904  0.15951549  0.23880265  0.22374724  0.23123705  0.23880265  0.30225264  0.38072881  0.23880265  0.18738401  0.19451654  0.18031888  0.16638583  0.17331990  0.17331990  0.21633172  0.31057634  0.38997946  0.38997946  0.38997946  0.39934601  0.31899376  0.35364443  0.53317073  0.54452966  0.55606383  0.52198181  0.54452966  0.54452966  0.57968016  0.54452966  0.57968016  0.52198181  0.57968016  0.53317073  0.62927601  0.57968016  0.56777875  0.60406690  0.51095787  0.50009412  0.51095787  0.53317073  0.53317073  0.55606383  0.55606383  0.56777875  0.55606383  0.54452966  0.54452966  0.51095787  0.46841912  0.47882905  0.54452966  0.51095787  0.46841912  
35_0_0     0.03971022  0.05145449  0.00000000  0.09407614  0.06942422  0.06338619  0.35364443  0.37159123  0.38997946  0.35364443  0.28587820  0.32750703  0.26196996  0.32750703  0.35364443  0.34483004  0.27782354  0.18738401  0.23123705  0.22374724  0.23123705  0.25416748  0.23880265  0.21633172  0.20898904  0.21633172  0.20898904  0.21633172  0.22374724  0.25416748  0.23880265  0.20171777  0.31057634  0.20898904  0.26985473  0.25416748  0.28587820  0.25416748  0.26196996  0.28587820  0.23123705  0.25416748  0.23123705  0.26196996  0.26196996  0.23880265  0.22374724  0.22374724  0.22374724  0.24644559  0.24644559  0.28587820  0.26196996  0.22374724  0.22374724  0.25416748  0.13927534  0.25416748  0.17331990  0.17331990  0.20898904  0.20171777  0.25416748  0.21633172  0.22374724  0.16638583  0.18738401  0.18738401  0.16638583  0.15951549  0.16638583  0.17331990  0.18738401  0.18031888  0.18031888  0.15270771  0.15951549  0.15951549  0.15270771  0.15270771  0.18738401  0.18738401  0.15270771  0.15270771  0.15951549  0.15270771  0.15951549  0.15270771  0.18738401  0.18738401  0.13927534  0.21633172  0.21633172  0.22374724  0.21633172  0.30225264  0.38072881  0.26985473  0.18031888  0.18738401  0.18738401  0.18031888  0.16638583  0.16638583  0.18031888  0.30225264  0.41843868  0.41843868  0.41843868  0.46841912  0.34483004  0.38072881  0.50009412  0.51095787  0.52198181  0.48938598  0.51095787  0.51095787  0.54452966  0.51095787  0.54452966  0.48938598  0.54452966  0.52198181  0.64220666  0.59177410  0.60406690  0.59177410  0.53317073  0.52198181  0.55606383  0.57968016  0.56777875  0.61656520  0.61656520  0.62927601  0.54452966  0.53317073  0.55606383  0.52198181  0.45815215  0.48938598  0.55606383  0.52198181  0.43803175  
35_2_0     0.07551142  0.08783654  0.09407614  0.00000000  0.06942422  0.06338619  0.34483004  0.34483004  0.38997946  0.36256397  0.30225264  0.29402059  0.30225264  0.31899376  0.35364443  0.37159123  0.26985473  0.16638583  0.20898904  0.18738401  0.20898904  0.21633172  0.24644559  0.19451654  0.18738401  0.18031888  0.17331990  0.18031888  0.21633172  0.21633172  0.22374724  0.20898904  0.26985473  0.21633172  0.23123705  0.23123705  0.26196996  0.23123705  0.23880265  0.24644559  0.23880265  0.24644559  0.23880265  0.25416748  0.28587820  0.27782354  0.23123705  0.23123705  0.23123705  0.26985473  0.19451654  0.28587820  0.30225264  0.20898904  0.19451654  0.26985473  0.15270771  0.31057634  0.20171777  0.20171777  0.22374724  0.21633172  0.26985473  0.24644559  0.21633172  0.19451654  0.21633172  0.21633172  0.20898904  0.20171777  0.19451654  0.18738401  0.18738401  0.19451654  0.20171777  0.13927534  0.14596136  0.15270771  0.15270771  0.16638583  0.18031888  0.17331990  0.15951549  0.15951549  0.15270771  0.17331990  0.17331990  0.15270771  0.17331990  0.20171777  0.15270771  0.23880265  0.23123705  0.22374724  0.24644559  0.36256397  0.39934601  0.25416748  0.20171777  0.20898904  0.20171777  0.19451654  0.18738401  0.18738401  0.20171777  0.30225264  0.39934601  0.39934601  0.39934601  0.44802427  0.36256397  0.39934601  0.50009412  0.52198181  0.50009412  0.48938598  0.51095787  0.51095787  0.52198181  0.48938598  0.54452966  0.46841912  0.52198181  0.52198181  0.61656520  0.56777875  0.56777875  0.61656520  0.51095787  0.50009412  0.50009412  0.52198181  0.52198181  0.57968016  0.57968016  0.59177410  0.54452966  0.53317073  0.53317073  0.52198181  0.50009412  0.53317073  0.57968016  0.54452966  0.51095787  
23_2_0     0.02814760  0.03971022  0.06942422  0.06942422  0.00000000  0.01676108  0.37159123  0.35364443  0.38072881  0.35364443  0.26196996  0.29402059  0.25416748  0.28587820  0.34483004  0.33611836  0.22374724  0.17331990  0.21633172  0.19451654  0.20171777  0.23123705  0.27782354  0.21633172  0.20898904  0.18738401  0.19451654  0.18738401  0.21633172  0.23880265  0.24644559  0.18738401  0.24644559  0.20898904  0.23880265  0.22374724  0.28587820  0.23880265  0.21633172  0.23880265  0.23123705  0.19451654  0.20171777  0.20171777  0.23123705  0.23880265  0.20898904  0.20898904  0.20898904  0.21633172  0.20171777  0.24644559  0.26196996  0.20898904  0.20898904  0.25416748  0.15270771  0.28587820  0.20171777  0.17331990  0.19451654  0.18738401  0.20898904  0.20171777  0.22374724  0.18031888  0.18738401  0.20171777  0.19451654  0.18738401  0.16638583  0.18738401  0.18738401  0.19451654  0.18738401  0.15270771  0.13264858  0.11956873  0.13927534  0.15270771  0.17331990  0.17331990  0.16638583  0.16638583  0.15951549  0.16638583  0.18738401  0.16638583  0.17331990  0.20171777  0.15270771  0.21633172  0.20171777  0.19451654  0.21633172  0.31057634  0.38997946  0.21633172  0.16638583  0.17331990  0.15951549  0.14596136  0.15270771  0.15270771  0.19451654  0.30225264  0.38997946  0.38997946  0.38997946  0.39934601  0.31899376  0.35364443  0.55606383  0.54452966  0.51095787  0.52198181  0.54452966  0.54452966  0.55606383  0.52198181  0.57968016  0.50009412  0.55606383  0.53317073  0.59177410  0.59177410  0.55606383  0.56777875  0.51095787  0.50009412  0.53317073  0.55606383  0.56777875  0.59177410  0.59177410  0.60406690  0.60406690  0.59177410  0.59177410  0.55606383  0.47882905  0.51095787  0.53317073  0.50009412  0.47882905  
46_2_0     0.02243266  0.03390656  0.06338619  0.06338619  0.01676108  0.00000000  0.37159123  0.35364443  0.38997946  0.37159123  0.28587820  0.31899376  0.25416748  0.28587820  0.34483004  0.33611836  0.23880265  0.18031888  0.20898904  0.20171777  0.20898904  0.24644559  0.26985473  0.20898904  0.20171777  0.19451654  0.18738401  0.19451654  0.23123705  0.23123705  0.23880265  0.19451654  0.25416748  0.21633172  0.24644559  0.23123705  0.27782354  0.24644559  0.23880265  0.24644559  0.22374724  0.21633172  0.22374724  0.22374724  0.25416748  0.24644559  0.21633172  0.21633172  0.21633172  0.23880265  0.20898904  0.25416748  0.27782354  0.21633172  0.20171777  0.26196996  0.14596136  0.29402059  0.19451654  0.18031888  0.18738401  0.18031888  0.23123705  0.19451654  0.23123705  0.17331990  0.19451654  0.19451654  0.18738401  0.18031888  0.17331990  0.18031888  0.18031888  0.18738401  0.18031888  0.14596136  0.12608005  0.12608005  0.14596136  0.15951549  0.16638583  0.18031888  0.15951549  0.15951549  0.16638583  0.15951549  0.18031888  0.15951549  0.18031888  0.20898904  0.14596136  0.20898904  0.20898904  0.20171777  0.22374724  0.30225264  0.38072881  0.22374724  0.17331990  0.18031888  0.16638583  0.15270771  0.15951549  0.15951549  0.20171777  0.31057634  0.39934601  0.39934601  0.39934601  0.40883140  0.32750703  0.36256397  0.54452966  0.55606383  0.54452966  0.53317073  0.55606383  0.55606383  0.56777875  0.53317073  0.59177410  0.51095787  0.56777875  0.54452966  0.59177410  0.61656520  0.53317073  0.56777875  0.50009412  0.48938598  0.52198181  0.54452966  0.56777875  0.61656520  0.61656520  0.62927601  0.59177410  0.57968016  0.57968016  0.54452966  0.51095787  0.52198181  0.56777875  0.53317073  0.48938598  
2_5_0      0.36256397  0.38072881  0.35364443  0.34483004  0.37159123  0.37159123  0.00000000  0.01113219  0.35364443  0.44802427  0.37159123  0.33611836  0.36256397  0.38997946  0.32750703  0.33611836  0.50009412  0.35364443  0.33611836  0.32750703  0.35364443  0.35364443  0.39934601  0.31057634  0.30225264  0.32750703  0.31899376  0.31899376  0.32750703  0.37159123  0.31899376  0.37159123  0.46841912  0.38997946  0.36256397  0.37159123  0.34483004  0.36256397  0.39934601  0.47882905  0.41843868  0.35364443  0.34483004  0.36256397  0.34483004  0.33611836  0.38997946  0.38997946  0.38997946  0.35364443  0.38997946  0.34483004  0.39934601  0.35364443  0.31899376  0.36256397  0.35364443  0.43803175  0.33611836  0.37159123  0.32750703  0.33611836  0.35364443  0.31899376  0.30225264  0.37159123  0.36256397  0.38072881  0.36256397  0.37159123  0.35364443  0.32750703  0.32750703  0.33611836  0.37159123  0.35364443  0.34483004  0.38072881  0.35364443  0.35364443  0.39934601  0.36256397  0.34483004  0.34483004  0.32750703  0.34483004  0.34483004  0.34483004  0.37159123  0.32750703  0.33611836  0.39934601  0.35364443  0.34483004  0.35364443  0.45815215  0.38997946  0.31899376  0.35364443  0.36256397  0.38997946  0.35364443  0.35364443  0.35364443  0.37159123  0.35364443  0.53317073  0.53317073  0.53317073  0.55606383  0.54452966  0.52198181  0.61656520  0.61656520  0.65536491  0.61656520  0.60406690  0.61656520  0.57968016  0.59177410  0.57968016  0.59177410  0.57968016  0.56777875  0.73958359  0.71044376  0.65536491  0.72487171  0.68239722  0.69628898  0.62927601  0.65536491  0.64220666  0.71044376  0.71044376  0.72487171  0.69628898  0.69628898  0.66875889  0.68239722  0.61656520  0.64220666  0.69628898  0.68239722  0.72487171  
2_4_0      0.36256397  0.38072881  0.37159123  0.34483004  0.35364443  0.35364443  0.01113219  0.00000000  0.35364443  0.44802427  0.38997946  0.33611836  0.34483004  0.37159123  0.31057634  0.31899376  0.50009412  0.33611836  0.31899376  0.31057634  0.33611836  0.33611836  0.40883140  0.31057634  0.28587820  0.31057634  0.30225264  0.30225264  0.31057634  0.35364443  0.30225264  0.35364443  0.44802427  0.38997946  0.34483004  0.35364443  0.32750703  0.36256397  0.38072881  0.45815215  0.41843868  0.33611836  0.34483004  0.34483004  0.34483004  0.33611836  0.37159123  0.37159123  0.37159123  0.33611836  0.38997946  0.33611836  0.38997946  0.35364443  0.31899376  0.36256397  0.35364443  0.45815215  0.33611836  0.37159123  0.31057634  0.31899376  0.33611836  0.30225264  0.30225264  0.37159123  0.36256397  0.38072881  0.36256397  0.37159123  0.35364443  0.32750703  0.32750703  0.33611836  0.37159123  0.35364443  0.34483004  0.36256397  0.35364443  0.35364443  0.41843868  0.38072881  0.36256397  0.36256397  0.34483004  0.36256397  0.36256397  0.36256397  0.37159123  0.34483004  0.33611836  0.39934601  0.35364443  0.34483004  0.35364443  0.45815215  0.38997946  0.30225264  0.33611836  0.34483004  0.37159123  0.33611836  0.33611836  0.33611836  0.37159123  0.35364443  0.55606383  0.55606383  0.55606383  0.55606383  0.56777875  0.54452966  0.64220666  0.64220666  0.65536491  0.64220666  0.62927601  0.64220666  0.57968016  0.59177410  0.60406690  0.59177410  0.57968016  0.56777875  0.71044376  0.71044376  0.62927601  0.72487171  0.68239722  0.69628898  0.65536491  0.68239722  0.64220666  0.71044376  0.71044376  0.72487171  0.69628898  0.69628898  0.66875889  0.68239722  0.61656520  0.64220666  0.66875889  0.65536491  0.72487171  
2_0_0      0.40883140  0.41843868  0.38997946  0.38997946  0.38072881  0.38997946  0.35364443  0.35364443  0.00000000  0.43803175  0.48938598  0.46841912  0.48938598  0.47882905  0.46841912  0.46841912  0.42817103  0.46841912  0.46841912  0.45815215  0.48938598  0.46841912  0.44802427  0.43803175  0.42817103  0.46841912  0.46841912  0.46841912  0.41843868  0.48938598  0.44802427  0.43803175  0.46841912  0.46841912  0.45815215  0.45815215  0.46841912  0.44802427  0.45815215  0.47882905  0.45815215  0.41843868  0.39934601  0.42817103  0.38997946  0.37159123  0.45815215  0.45815215  0.45815215  0.42817103  0.47882905  0.50009412  0.46841912  0.44802427  0.42817103  0.39934601  0.40883140  0.51095787  0.39934601  0.41843868  0.41843868  0.38997946  0.40883140  0.40883140  0.33611836  0.41843868  0.41843868  0.42817103  0.41843868  0.41843868  0.41843868  0.41843868  0.43803175  0.41843868  0.44802427  0.38997946  0.39934601  0.40883140  0.38997946  0.38997946  0.45815215  0.45815215  0.42817103  0.42817103  0.41843868  0.40883140  0.37159123  0.43803175  0.38997946  0.42817103  0.38997946  0.42817103  0.43803175  0.42817103  0.43803175  0.43803175  0.43803175  0.39934601  0.38997946  0.41843868  0.42817103  0.38997946  0.38997946  0.38997946  0.42817103  0.48938598  0.50009412  0.53317073  0.54452966  0.68239722  0.55606383  0.56777875  0.69628898  0.66875889  0.66875889  0.68239722  0.66875889  0.69628898  0.69628898  0.66875889  0.68239722  0.64220666  0.69628898  0.71044376  0.72487171  0.72487171  0.61656520  0.69628898  0.71044376  0.75459080  0.72487171  0.68239722  0.64220666  0.72487171  0.72487171  0.73958359  0.62927601  0.61656520  0.65536491  0.69628898  0.69628898  0.76990543  0.68239722  0.66875889  0.64220666  
2_3_0      0.35364443  0.33611836  0.35364443  0.36256397  0.35364443  0.37159123  0.44802427  0.44802427  0.43803175  0.00000000  0.39934601  0.42817103  0.44802427  0.38997946  0.38997946  0.43803175  0.40883140  0.31899376  0.32750703  0.31899376  0.31057634  0.33611836  0.44802427  0.34483004  0.37159123  0.35364443  0.35364443  0.34483004  0.38997946  0.33611836  0.34483004  0.33611836  0.44802427  0.36256397  0.35364443  0.37159123  0.39934601  0.37159123  0.34483004  0.40883140  0.41843868  0.37159123  0.37159123  0.36256397  0.39934601  0.38997946  0.36256397  0.36256397  0.36256397  0.40883140  0.36256397  0.40883140  0.38997946  0.34483004  0.34483004  0.31057634  0.30225264  0.39934601  0.32750703  0.33611836  0.31899376  0.31057634  0.31057634  0.31057634  0.31899376  0.35364443  0.31057634  0.33611836  0.34483004  0.33611836  0.30225264  0.31899376  0.33611836  0.31057634  0.30225264  0.26985473  0.29402059  0.28587820  0.31057634  0.29402059  0.35364443  0.31899376  0.30225264  0.30225264  0.27782354  0.30225264  0.30225264  0.30225264  0.30225264  0.30225264  0.28587820  0.37159123  0.29402059  0.30225264  0.29402059  0.45815215  0.46841912  0.30225264  0.31899376  0.28587820  0.31057634  0.30225264  0.29402059  0.29402059  0.36256397  0.37159123  0.46841912  0.46841912  0.51095787  0.50009412  0.48938598  0.48938598  0.65536491  0.64220666  0.64220666  0.66875889  0.65536491  0.64220666  0.75459080  0.80150924  0.69628898  0.73958359  0.78554035  0.72487171  0.71044376  0.62927601  0.72487171  0.66875889  0.78554035  0.76990543  0.71044376  0.68239722  0.72487171  0.69628898  0.69628898  0.71044376  0.75459080  0.80150924  0.80150924  0.80150924  0.53317073  0.59177410  0.54452966  0.53317073  0.62927601  
1_0_0      0.28587820  0.28587820  0.28587820  0.30225264  0.26196996  0.28587820  0.37159123  0.38997946  0.48938598  0.39934601  0.00000000  0.28587820  0.24644559  0.29402059  0.36256397  0.31057634  0.31899376  0.27782354  0.31899376  0.29402059  0.30225264  0.30225264  0.34483004  0.26985473  0.29402059  0.26985473  0.27782354  0.26985473  0.28587820  0.32750703  0.31057634  0.26985473  0.37159123  0.28587820  0.32750703  0.32750703  0.35364443  0.31057634  0.31057634  0.36256397  0.33611836  0.31057634  0.28587820  0.31899376  0.26196996  0.29402059  0.31899376  0.31899376  0.31899376  0.26985473  0.29402059  0.32750703  0.35364443  0.26985473  0.26985473  0.26985473  0.26985473  0.27782354  0.33611836  0.30225264  0.32750703  0.31899376  0.26985473  0.30225264  0.30225264  0.31057634  0.31899376  0.32750703  0.31057634  0.30225264  0.29402059  0.30225264  0.30225264  0.29402059  0.29402059  0.26196996  0.26196996  0.26985473  0.26985473  0.26985473  0.26985473  0.26985473  0.26196996  0.26196996  0.25416748  0.24644559  0.26985473  0.26196996  0.26985473  0.29402059  0.26196996  0.29402059  0.31057634  0.30225264  0.31057634  0.37159123  0.38997946  0.32750703  0.29402059  0.29402059  0.29402059  0.27782354  0.28587820  0.28587820  0.25416748  0.29402059  0.48938598  0.53317073  0.53317073  0.59177410  0.48938598  0.50009412  0.62927601  0.60406690  0.64220666  0.61656520  0.59177410  0.61656520  0.54452966  0.52198181  0.54452966  0.57968016  0.59177410  0.50009412  0.62927601  0.65536491  0.64220666  0.60406690  0.62927601  0.56777875  0.57968016  0.60406690  0.71044376  0.68239722  0.68239722  0.69628898  0.72487171  0.78554035  0.81782667  0.78554035  0.60406690  0.62927601  0.60406690  0.60406690  0.65536491  
1_23_0     0.31899376  0.33611836  0.32750703  0.29402059  0.29402059  0.31899376  0.33611836  0.33611836  0.46841912  0.42817103  0.28587820  0.00000000  0.30225264  0.35364443  0.34483004  0.33611836  0.30225264  0.26985473  0.31057634  0.28587820  0.31057634  0.32750703  0.34483004  0.27782354  0.26985473  0.24644559  0.25416748  0.24644559  0.29402059  0.31899376  0.31057634  0.26985473  0.32750703  0.26985473  0.26985473  0.28587820  0.30225264  0.26985473  0.26985473  0.31899376  0.31057634  0.29402059  0.28587820  0.30225264  0.26985473  0.29402059  0.31057634  0.31057634  0.31057634  0.27782354  0.27782354  0.35364443  0.36256397  0.27782354  0.27782354  0.31899376  0.21633172  0.29402059  0.25416748  0.22374724  0.29402059  0.26985473  0.26196996  0.26985473  0.27782354  0.24644559  0.25416748  0.26985473  0.27782354  0.26985473  0.23123705  0.24644559  0.26196996  0.25416748  0.26196996  0.20898904  0.22374724  0.22374724  0.23123705  0.21633172  0.26196996  0.26196996  0.24644559  0.24644559  0.22374724  0.26196996  0.24644559  0.25416748  0.22374724  0.28587820  0.22374724  0.26985473  0.27782354  0.28587820  0.29402059  0.39934601  0.41843868  0.29402059  0.28587820  0.29402059  0.29402059  0.29402059  0.28587820  0.28587820  0.24644559  0.33611836  0.60406690  0.60406690  0.60406690  0.65536491  0.57968016  0.62927601  0.64220666  0.62927601  0.60406690  0.64220666  0.60406690  0.62927601  0.59177410  0.57968016  0.64220666  0.60406690  0.64220666  0.64220666  0.76990543  0.71044376  0.68239722  0.68239722  0.68239722  0.69628898  0.62927601  0.65536491  0.66875889  0.72487171  0.72487171  0.71044376  0.65536491  0.69628898  0.69628898  0.71044376  0.62927601  0.65536491  0.66875889  0.60406690  0.62927601  
1_21_0     0.25416748  0.25416748  0.26196996  0.30225264  0.25416748  0.25416748  0.36256397  0.34483004  0.48938598  0.44802427  0.24644559  0.30225264  0.00000000  0.19451654  0.18738401  0.15270771  0.26196996  0.23880265  0.26985473  0.24644559  0.25416748  0.27782354  0.28587820  0.25416748  0.24644559  0.24644559  0.24644559  0.25416748  0.23880265  0.26985473  0.26985473  0.22374724  0.29402059  0.23123705  0.26196996  0.24644559  0.25416748  0.26196996  0.26196996  0.29402059  0.26196996  0.29402059  0.28587820  0.30225264  0.30225264  0.30225264  0.26196996  0.26196996  0.26196996  0.26196996  0.27782354  0.36256397  0.36256397  0.23880265  0.24644559  0.29402059  0.27782354  0.25416748  0.25416748  0.24644559  0.24644559  0.25416748  0.23880265  0.25416748  0.27782354  0.23123705  0.25416748  0.26196996  0.23123705  0.23880265  0.24644559  0.24644559  0.24644559  0.23880265  0.28587820  0.26985473  0.23880265  0.21633172  0.25416748  0.25416748  0.27782354  0.26985473  0.27782354  0.27782354  0.28587820  0.27782354  0.30225264  0.25416748  0.24644559  0.28587820  0.26985473  0.28587820  0.27782354  0.28587820  0.27782354  0.29402059  0.34483004  0.32750703  0.29402059  0.26985473  0.26985473  0.28587820  0.27782354  0.27782354  0.31057634  0.27782354  0.54452966  0.52198181  0.52198181  0.50009412  0.48938598  0.46841912  0.53317073  0.52198181  0.53317073  0.51095787  0.51095787  0.54452966  0.50009412  0.48938598  0.56777875  0.53317073  0.52198181  0.53317073  0.64220666  0.62927601  0.54452966  0.55606383  0.55606383  0.56777875  0.68239722  0.72487171  0.71044376  0.72487171  0.72487171  0.73958359  0.64220666  0.65536491  0.62927601  0.65536491  0.64220666  0.59177410  0.62927601  0.61656520  0.55606383  
1_25_0     0.28587820  0.30225264  0.32750703  0.31899376  0.28587820  0.28587820  0.38997946  0.37159123  0.47882905  0.38997946  0.29402059  0.35364443  0.19451654  0.00000000  0.18738401  0.19451654  0.31899376  0.26985473  0.28587820  0.26985473  0.28587820  0.32750703  0.37159123  0.26196996  0.26985473  0.26196996  0.26196996  0.26985473  0.31899376  0.25416748  0.28587820  0.25416748  0.35364443  0.32750703  0.31057634  0.32750703  0.30225264  0.31057634  0.31057634  0.38997946  0.37159123  0.27782354  0.26985473  0.26985473  0.31057634  0.28587820  0.29402059  0.29402059  0.29402059  0.30225264  0.29402059  0.31057634  0.30225264  0.23880265  0.23880265  0.27782354  0.23880265  0.30225264  0.25416748  0.29402059  0.25416748  0.24644559  0.26196996  0.24644559  0.26196996  0.25416748  0.24644559  0.24644559  0.23880265  0.23123705  0.26985473  0.20898904  0.20898904  0.21633172  0.25416748  0.23123705  0.19451654  0.20171777  0.20898904  0.20898904  0.25416748  0.25416748  0.24644559  0.24644559  0.25416748  0.26196996  0.26985473  0.25416748  0.24644559  0.29402059  0.23123705  0.27782354  0.26985473  0.27782354  0.26985473  0.28587820  0.29402059  0.20171777  0.22374724  0.20171777  0.22374724  0.20171777  0.20898904  0.20898904  0.29402059  0.29402059  0.61656520  0.59177410  0.61656520  0.56777875  0.55606383  0.53317073  0.60406690  0.64220666  0.60406690  0.57968016  0.62927601  0.61656520  0.53317073  0.54452966  0.54452966  0.55606383  0.52198181  0.60406690  0.60406690  0.60406690  0.55606383  0.59177410  0.62927601  0.66875889  0.65536491  0.62927601  0.69628898  0.71044376  0.71044376  0.72487171  0.68239722  0.69628898  0.66875889  0.69628898  0.59177410  0.55606383  0.56777875  0.57968016  0.60406690  
1_27_0     0.34483004  0.32750703  0.35364443  0.35364443  0.34483004  0.34483004  0.32750703  0.31057634  0.46841912  0.38997946  0.36256397  0.34483004  0.18738401  0.18738401  0.00000000  0.08783654  0.37159123  0.22374724  0.26985473  0.27782354  0.26985473  0.26196996  0.35364443  0.28587820  0.26196996  0.26196996  0.26196996  0.26985473  0.26985473  0.21633172  0.20898904  0.22374724  0.31057634  0.26196996  0.23123705  0.24644559  0.22374724  0.24644559  0.23123705  0.29402059  0.26196996  0.24644559  0.23880265  0.25416748  0.31057634  0.27782354  0.26196996  0.26196996  0.26196996  0.31057634  0.26196996  0.35364443  0.31899376  0.21633172  0.23880265  0.30225264  0.25416748  0.34483004  0.27782354  0.33611836  0.26985473  0.26196996  0.27782354  0.27782354  0.30225264  0.29402059  0.29402059  0.29402059  0.26985473  0.27782354  0.30225264  0.23880265  0.22374724  0.23123705  0.28587820  0.26196996  0.24644559  0.23880265  0.24644559  0.24644559  0.30225264  0.26196996  0.29402059  0.29402059  0.28587820  0.29402059  0.28587820  0.30225264  0.29402059  0.26985473  0.23123705  0.31057634  0.25416748  0.26196996  0.26985473  0.38072881  0.36256397  0.26985473  0.25416748  0.23123705  0.26985473  0.25416748  0.23880265  0.23880265  0.31057634  0.31057634  0.54452966  0.52198181  0.56777875  0.50009412  0.51095787  0.48938598  0.52198181  0.53317073  0.54452966  0.52198181  0.50009412  0.53317073  0.59177410  0.57968016  0.59177410  0.57968016  0.56777875  0.60406690  0.66875889  0.53317073  0.54452966  0.60406690  0.55606383  0.64220666  0.59177410  0.61656520  0.71044376  0.73958359  0.73958359  0.75459080  0.69628898  0.73958359  0.65536491  0.68239722  0.61656520  0.59177410  0.61656520  0.62927601  0.62927601  
1_26_0     0.33611836  0.33611836  0.34483004  0.37159123  0.33611836  0.33611836  0.33611836  0.31899376  0.46841912  0.43803175  0.31057634  0.33611836  0.15270771  0.19451654  0.08783654  0.00000000  0.34483004  0.26985473  0.28587820  0.27782354  0.26985473  0.27782354  0.38997946  0.28587820  0.27782354  0.26196996  0.26196996  0.26985473  0.26985473  0.26196996  0.24644559  0.26985473  0.31057634  0.29402059  0.27782354  0.27782354  0.25416748  0.29402059  0.27782354  0.29402059  0.29402059  0.26196996  0.26985473  0.28587820  0.31899376  0.30225264  0.29402059  0.29402059  0.29402059  0.31057634  0.29402059  0.36256397  0.38072881  0.24644559  0.26985473  0.28587820  0.29402059  0.30225264  0.30225264  0.32750703  0.26196996  0.26985473  0.26985473  0.26985473  0.29402059  0.29402059  0.28587820  0.29402059  0.26196996  0.26985473  0.29402059  0.27782354  0.27782354  0.26985473  0.30225264  0.28587820  0.28587820  0.26196996  0.30225264  0.28587820  0.32750703  0.29402059  0.29402059  0.29402059  0.28587820  0.26196996  0.30225264  0.28587820  0.29402059  0.28587820  0.26985473  0.27782354  0.29402059  0.30225264  0.29402059  0.33611836  0.31899376  0.28587820  0.26196996  0.23880265  0.25416748  0.25416748  0.24644559  0.24644559  0.28587820  0.28587820  0.56777875  0.54452966  0.59177410  0.52198181  0.53317073  0.51095787  0.52198181  0.51095787  0.54452966  0.54452966  0.50009412  0.53317073  0.59177410  0.57968016  0.61656520  0.62927601  0.59177410  0.62927601  0.59177410  0.55606383  0.52198181  0.55606383  0.53317073  0.56777875  0.57968016  0.59177410  0.68239722  0.73958359  0.73958359  0.75459080  0.69628898  0.73958359  0.68239722  0.68239722  0.62927601  0.62927601  0.62927601  0.64220666  0.61656520  
53_6_0     0.25416748  0.25416748  0.27782354  0.26985473  0.22374724  0.23880265  0.50009412  0.50009412  0.42817103  0.40883140  0.31899376  0.30225264  0.26196996  0.31899376  0.37159123  0.34483004  0.00000000  0.25416748  0.31899376  0.31057634  0.30225264  0.33611836  0.33611836  0.33611836  0.32750703  0.29402059  0.29402059  0.28587820  0.31899376  0.30225264  0.31899376  0.24644559  0.34483004  0.25416748  0.28587820  0.26985473  0.29402059  0.26985473  0.26196996  0.31899376  0.28587820  0.26196996  0.25416748  0.26985473  0.26196996  0.26196996  0.29402059  0.29402059  0.29402059  0.30225264  0.25416748  0.33611836  0.35364443  0.26985473  0.29402059  0.28587820  0.23123705  0.26985473  0.25416748  0.22374724  0.26196996  0.25416748  0.23880265  0.26985473  0.26196996  0.23880265  0.22374724  0.23880265  0.24644559  0.23880265  0.20171777  0.23880265  0.23880265  0.23123705  0.26985473  0.23123705  0.23123705  0.22374724  0.23880265  0.24644559  0.26985473  0.24644559  0.26196996  0.26196996  0.25416748  0.24644559  0.25416748  0.26196996  0.25416748  0.29402059  0.23123705  0.26985473  0.23880265  0.23123705  0.23880265  0.31899376  0.38997946  0.31057634  0.26196996  0.26196996  0.25416748  0.26985473  0.26196996  0.26196996  0.26196996  0.34483004  0.51095787  0.51095787  0.48938598  0.53317073  0.45815215  0.48938598  0.56777875  0.55606383  0.54452966  0.52198181  0.56777875  0.55606383  0.66875889  0.64220666  0.71044376  0.64220666  0.68239722  0.69628898  0.66875889  0.72487171  0.62927601  0.66875889  0.60406690  0.61656520  0.62927601  0.62927601  0.71044376  0.81782667  0.81782667  0.81782667  0.73958359  0.72487171  0.75459080  0.75459080  0.71044376  0.71044376  0.68239722  0.61656520  0.55606383  
47_9_0     0.18031888  0.18031888  0.18738401  0.16638583  0.17331990  0.18031888  0.35364443  0.33611836  0.46841912  0.31899376  0.27782354  0.26985473  0.23880265  0.26985473  0.22374724  0.26985473  0.25416748  0.00000000  0.06942422  0.07551142  0.08164858  0.10036826  0.18738401  0.10036826  0.08164858  0.06338619  0.06942422  0.07551142  0.08164858  0.08164858  0.07551142  0.03390656  0.20898904  0.07551142  0.06338619  0.07551142  0.10036826  0.07551142  0.09407614  0.12608005  0.13264858  0.11311363  0.10671379  0.10671379  0.14596136  0.13927534  0.06338619  0.06338619  0.06338619  0.12608005  0.06942422  0.24644559  0.22374724  0.13927534  0.16638583  0.22374724  0.12608005  0.27782354  0.18738401  0.18738401  0.19451654  0.18738401  0.22374724  0.20171777  0.21633172  0.20171777  0.20171777  0.20171777  0.18031888  0.17331990  0.18031888  0.15951549  0.17331990  0.15270771  0.15270771  0.11956873  0.13264858  0.11311363  0.12608005  0.12608005  0.20171777  0.11311363  0.13927534  0.13927534  0.13264858  0.15270771  0.14596136  0.14596136  0.15270771  0.16638583  0.10671379  0.15951549  0.13927534  0.14596136  0.15270771  0.29402059  0.30225264  0.17331990  0.13927534  0.13264858  0.15270771  0.13927534  0.12608005  0.12608005  0.15270771  0.20171777  0.52198181  0.50009412  0.47882905  0.51095787  0.47882905  0.47882905  0.56777875  0.56777875  0.53317073  0.56777875  0.55606383  0.57968016  0.57968016  0.56777875  0.57968016  0.54452966  0.57968016  0.60406690  0.65536491  0.61656520  0.56777875  0.59177410  0.53317073  0.56777875  0.59177410  0.62927601  0.60406690  0.71044376  0.71044376  0.72487171  0.56777875  0.60406690  0.60406690  0.60406690  0.52198181  0.53317073  0.60406690  0.56777875  0.57968016  
25_9_0     0.22374724  0.22374724  0.23123705  0.20898904  0.21633172  0.20898904  0.33611836  0.31899376  0.46841912  0.32750703  0.31899376  0.31057634  0.26985473  0.28587820  0.26985473  0.28587820  0.31899376  0.06942422  0.00000000  0.01676108  0.02243266  0.06338619  0.21633172  0.10036826  0.08164858  0.07551142  0.08164858  0.08783654  0.09407614  0.10671379  0.10671379  0.06942422  0.26985473  0.13927534  0.10036826  0.11311363  0.13927534  0.10036826  0.13264858  0.16638583  0.17331990  0.15270771  0.15951549  0.14596136  0.17331990  0.16638583  0.11311363  0.11311363  0.11311363  0.15270771  0.10036826  0.25416748  0.25416748  0.18031888  0.19451654  0.23880265  0.15270771  0.32750703  0.18738401  0.21633172  0.19451654  0.20171777  0.21633172  0.20898904  0.23123705  0.21633172  0.20171777  0.21633172  0.20898904  0.20171777  0.20898904  0.17331990  0.20171777  0.16638583  0.16638583  0.13264858  0.15951549  0.13927534  0.15270771  0.13927534  0.19451654  0.15270771  0.16638583  0.16638583  0.17331990  0.18031888  0.16638583  0.15951549  0.13927534  0.20898904  0.13264858  0.15951549  0.15270771  0.15951549  0.16638583  0.29402059  0.30225264  0.20171777  0.13927534  0.11956873  0.13927534  0.13927534  0.12608005  0.12608005  0.20171777  0.20898904  0.48938598  0.48938598  0.46841912  0.45815215  0.46841912  0.46841912  0.56777875  0.56777875  0.53317073  0.54452966  0.55606383  0.57968016  0.60406690  0.61656520  0.60406690  0.56777875  0.60406690  0.68239722  0.73958359  0.59177410  0.54452966  0.59177410  0.60406690  0.54452966  0.59177410  0.62927601  0.62927601  0.73958359  0.73958359  0.75459080  0.56777875  0.60406690  0.60406690  0.60406690  0.51095787  0.56777875  0.59177410  0.57968016  0.61656520  
7_9_0      0.20171777  0.20171777  0.22374724  0.18738401  0.19451654  0.20171777  0.32750703  0.31057634  0.45815215  0.31899376  0.29402059  0.28587820  0.24644559  0.26985473  0.27782354  0.27782354  0.31057634  0.07551142  0.01676108  0.00000000  0.01676108  0.05739654  0.22374724  0.08164858  0.07551142  0.06942422  0.07551142  0.08164858  0.10036826  0.10036826  0.11311363  0.07551142  0.24644559  0.14596136  0.10671379  0.11956873  0.14596136  0.10671379  0.13927534  0.14596136  0.16638583  0.15951549  0.16638583  0.15270771  0.16638583  0.17331990  0.11956873  0.11956873  0.11956873  0.14596136  0.09407614  0.24644559  0.24644559  0.17331990  0.17331990  0.23123705  0.15951549  0.31899376  0.18031888  0.19451654  0.18738401  0.19451654  0.20898904  0.20171777  0.20898904  0.19451654  0.19451654  0.20898904  0.20171777  0.19451654  0.20171777  0.18031888  0.20898904  0.17331990  0.16638583  0.12608005  0.13927534  0.11956873  0.14596136  0.13264858  0.20171777  0.13264858  0.14596136  0.14596136  0.15270771  0.15951549  0.15951549  0.13927534  0.11956873  0.21633172  0.13927534  0.18031888  0.15951549  0.16638583  0.17331990  0.28587820  0.31057634  0.19451654  0.14596136  0.12608005  0.13264858  0.13927534  0.13264858  0.13264858  0.20898904  0.18738401  0.52198181  0.52198181  0.50009412  0.46841912  0.50009412  0.50009412  0.55606383  0.55606383  0.52198181  0.53317073  0.54452966  0.56777875  0.59177410  0.60406690  0.59177410  0.55606383  0.59177410  0.66875889  0.73958359  0.59177410  0.54452966  0.59177410  0.59177410  0.53317073  0.57968016  0.61656520  0.60406690  0.71044376  0.71044376  0.72487171  0.56777875  0.60406690  0.60406690  0.60406690  0.51095787  0.56777875  0.59177410  0.57968016  0.61656520  
38_9_0     0.20898904  0.19451654  0.23123705  0.20898904  0.20171777  0.20898904  0.35364443  0.33611836  0.48938598  0.31057634  0.30225264  0.31057634  0.25416748  0.28587820  0.26985473  0.26985473  0.30225264  0.08164858  0.02243266  0.01676108  0.00000000  0.05145449  0.23123705  0.10036826  0.09407614  0.07551142  0.08164858  0.08783654  0.10671379  0.10036826  0.11956873  0.08164858  0.25416748  0.13927534  0.11311363  0.11311363  0.15270771  0.11311363  0.14596136  0.15270771  0.17331990  0.15270771  0.15951549  0.14596136  0.17331990  0.16638583  0.11311363  0.11311363  0.11311363  0.15270771  0.10036826  0.23880265  0.25416748  0.18031888  0.19451654  0.22374724  0.16638583  0.32750703  0.20171777  0.20171777  0.18031888  0.20171777  0.20171777  0.19451654  0.23123705  0.20171777  0.18738401  0.20171777  0.19451654  0.18738401  0.19451654  0.18738401  0.21633172  0.18031888  0.15951549  0.13264858  0.15951549  0.13927534  0.16638583  0.15270771  0.20898904  0.15270771  0.16638583  0.16638583  0.17331990  0.16638583  0.18031888  0.15951549  0.13927534  0.20898904  0.14596136  0.18738401  0.15270771  0.15951549  0.16638583  0.29402059  0.30225264  0.20898904  0.15270771  0.13264858  0.13264858  0.14596136  0.13927534  0.13927534  0.20171777  0.19451654  0.50009412  0.50009412  0.47882905  0.44802427  0.47882905  0.47882905  0.54452966  0.54452966  0.51095787  0.54452966  0.53317073  0.55606383  0.60406690  0.61656520  0.60406690  0.56777875  0.60406690  0.68239722  0.75459080  0.57968016  0.53317073  0.57968016  0.59177410  0.51095787  0.57968016  0.61656520  0.60406690  0.68239722  0.68239722  0.69628898  0.56777875  0.60406690  0.60406690  0.57968016  0.51095787  0.56777875  0.56777875  0.55606383  0.59177410  
12_9_0     0.24644559  0.23123705  0.25416748  0.21633172  0.23123705  0.24644559  0.35364443  0.33611836  0.46841912  0.33611836  0.30225264  0.32750703  0.27782354  0.32750703  0.26196996  0.27782354  0.33611836  0.10036826  0.06338619  0.05739654  0.05145449  0.00000000  0.23880265  0.13264858  0.12608005  0.10671379  0.11311363  0.11311363  0.08783654  0.13264858  0.13927534  0.11311363  0.32750703  0.17331990  0.15951549  0.17331990  0.20171777  0.15951549  0.18738401  0.18738401  0.20898904  0.18031888  0.17331990  0.18738401  0.20171777  0.18031888  0.15951549  0.15951549  0.15951549  0.19451654  0.14596136  0.25416748  0.25416748  0.17331990  0.20171777  0.24644559  0.20171777  0.34483004  0.25416748  0.25416748  0.21633172  0.20898904  0.23123705  0.23123705  0.24644559  0.23880265  0.24644559  0.25416748  0.21633172  0.22374724  0.23880265  0.22374724  0.23880265  0.21633172  0.22374724  0.16638583  0.20898904  0.18738401  0.21633172  0.20171777  0.23880265  0.18738401  0.20171777  0.20171777  0.20171777  0.20171777  0.20171777  0.19451654  0.18738401  0.22374724  0.16638583  0.23880265  0.18031888  0.18738401  0.19451654  0.29402059  0.31899376  0.23880265  0.20171777  0.18031888  0.18738401  0.19451654  0.18738401  0.18738401  0.21633172  0.24644559  0.45815215  0.50009412  0.45815215  0.46841912  0.47882905  0.47882905  0.60406690  0.59177410  0.57968016  0.56777875  0.56777875  0.60406690  0.62927601  0.61656520  0.60406690  0.56777875  0.60406690  0.64220666  0.71044376  0.52198181  0.50009412  0.56777875  0.57968016  0.54452966  0.59177410  0.62927601  0.60406690  0.69628898  0.69628898  0.71044376  0.57968016  0.61656520  0.61656520  0.61656520  0.48938598  0.55606383  0.56777875  0.55606383  0.56777875  
