10
14_2_0     0.00000000  0.01422774  0.23148211  0.22175626  0.22175626  0.22175626  0.24134462  0.21216334  0.22175626  0.25134769  
18_2_0     0.01422774  0.00000000  0.25134769  0.22175626  0.22175626  0.22175626  0.24134462  0.23148211  0.24134462  0.25134769  
16_1_0     0.23148211  0.25134769  0.00000000  0.16607202  0.18414699  0.18414699  0.23148211  0.24134462  0.22175626  0.21216334  
20_1_0     0.22175626  0.22175626  0.16607202  0.00000000  0.01422774  0.01422774  0.10624128  0.14845084  0.12282176  0.17505132  
12_1_0     0.22175626  0.22175626  0.18414699  0.01422774  0.00000000  0.00000000  0.10624128  0.14845084  0.12282176  0.17505132  
19_1_0     0.22175626  0.22175626  0.18414699  0.01422774  0.00000000  0.00000000  0.10624128  0.14845084  0.12282176  0.17505132  
13_1_0     0.24134462  0.24134462  0.23148211  0.10624128  0.10624128  0.10624128  0.00000000  0.20269976  0.17505132  0.19336208  
14_1_0     0.21216334  0.23148211  0.24134462  0.14845084  0.14845084  0.14845084  0.20269976  0.00000000  0.02145124  0.17505132  
18_1_0     0.22175626  0.24134462  0.22175626  0.12282176  0.12282176  0.12282176  0.17505132  0.02145124  0.00000000  0.14845084  
15_1_0     0.25134769  0.25134769  0.21216334  0.17505132  0.17505132  0.17505132  0.19336208  0.17505132  0.14845084  0.00000000  

