155
8_1_0      0.00000000  0.13223772  0.14638424  0.14638424  0.11835661  0.12295477  0.13223772  0.32298955  0.29336847  0.32298955  0.29919857  0.29336847  0.25932088  0.27614884  0.28758395  0.31099844  0.32298955  0.29919857  0.29919857  0.33517822  0.31696970  0.29336847  0.28184430  0.35384620  0.34757105  0.31099844  0.32905879  0.30507498  0.30507498  0.26488778  0.29336847  0.31099844  0.32905879  0.32905879  0.34134869  0.31696970  0.29336847  0.31696970  0.29919857  0.28184430  0.31099844  0.30507498  0.29336847  0.36017501  0.36017501  0.32298955  0.29919857  0.31696970  0.32298955  0.32298955  0.32298955  0.23746293  0.24286718  0.23746293  0.27049688  0.28184430  0.28184430  0.29919857  0.30507498  0.27049688  0.25932088  0.25932088  0.25379556  0.24286718  0.25379556  0.28184430  0.29336847  0.28758395  0.25379556  0.29919857  0.28758395  0.25379556  0.24286718  0.25932088  0.24831119  0.24286718  0.28758395  0.29919857  0.24286718  0.24831119  0.22677145  0.22148309  0.41971114  0.41971114  0.39932879  0.40606071  0.42663198  0.41285444  0.36017501  0.35384620  0.37299742  0.37299742  0.41285444  0.32298955  0.31099844  0.32298955  0.34134869  0.35384620  0.33517822  0.32298955  0.34757105  0.32298955  0.38604597  0.32905879  0.34757105  0.34757105  0.34134869  0.33517822  0.32298955  0.34757105  0.30507498  0.29919857  0.29336847  0.27614884  0.27614884  0.27614884  0.28184430  0.29336847  0.29336847  0.29336847  0.30507498  0.31099844  0.29336847  0.31099844  0.31099844  0.32298955  0.29336847  0.25932088  0.27049688  0.27614884  0.29919857  0.24286718  0.28184430  0.25379556  0.25379556  0.25379556  0.28184430  0.27049688  0.27049688  0.29919857  0.31099844  0.30507498  0.30507498  0.30507498  0.29919857  0.30507498  0.31099844  0.33517822  0.31099844  0.31696970  0.31099844  0.37299742  0.32905879  0.39265757  0.38604597  
49_5_0     0.13223772  0.00000000  0.14638424  0.15116050  0.11835661  0.12295477  0.11835661  0.39265757  0.36017501  0.35384620  0.36017501  0.36017501  0.32905879  0.34757105  0.32298955  0.34757105  0.34757105  0.32905879  0.32298955  0.37299742  0.39932879  0.35384620  0.32905879  0.39932879  0.39265757  0.35384620  0.35384620  0.35384620  0.35384620  0.32298955  0.35384620  0.37299742  0.36655844  0.37949293  0.41971114  0.39265757  0.36017501  0.34757105  0.33517822  0.32298955  0.32298955  0.29336847  0.29336847  0.35384620  0.33517822  0.31099844  0.30507498  0.34134869  0.34757105  0.32905879  0.35384620  0.28758395  0.28758395  0.26488778  0.28758395  0.31696970  0.31099844  0.31696970  0.32298955  0.29919857  0.29919857  0.29919857  0.30507498  0.29919857  0.32905879  0.33517822  0.31696970  0.30507498  0.31696970  0.35384620  0.31099844  0.29919857  0.28184430  0.28758395  0.28758395  0.28184430  0.31696970  0.32298955  0.28184430  0.28758395  0.27049688  0.28184430  0.41971114  0.41971114  0.41971114  0.41285444  0.41971114  0.40606071  0.37299742  0.37949293  0.41285444  0.39932879  0.40606071  0.40606071  0.38604597  0.41971114  0.38604597  0.41285444  0.43361816  0.41971114  0.43361816  0.41971114  0.43361816  0.41285444  0.41971114  0.40606071  0.39265757  0.37949293  0.36655844  0.33517822  0.36017501  0.36017501  0.31696970  0.34757105  0.33517822  0.33517822  0.33517822  0.34134869  0.34134869  0.35384620  0.32298955  0.34134869  0.38604597  0.39932879  0.39932879  0.38604597  0.34757105  0.31099844  0.32298955  0.32298955  0.33517822  0.28184430  0.31696970  0.29919857  0.28184430  0.28184430  0.29336847  0.26488778  0.26488778  0.31696970  0.32905879  0.32298955  0.32298955  0.32298955  0.31696970  0.32298955  0.32905879  0.36017501  0.35384620  0.34757105  0.35384620  0.38604597  0.39932879  0.43361816  0.41285444  
51_0_0     0.14638424  0.14638424  0.00000000  0.03601896  0.09135210  0.08694565  0.08694565  0.39932879  0.36017501  0.34134869  0.35384620  0.35384620  0.33517822  0.34134869  0.35384620  0.37299742  0.35384620  0.33517822  0.34134869  0.36017501  0.36017501  0.32298955  0.34134869  0.38604597  0.37949293  0.37949293  0.39265757  0.31696970  0.32905879  0.32298955  0.33517822  0.36655844  0.41285444  0.38604597  0.38604597  0.39932879  0.34134869  0.37299742  0.31696970  0.34134869  0.34757105  0.31696970  0.34134869  0.37299742  0.35384620  0.34757105  0.32905879  0.32905879  0.35384620  0.34134869  0.36017501  0.28758395  0.28184430  0.28758395  0.28758395  0.32298955  0.31696970  0.31696970  0.31099844  0.32905879  0.32905879  0.32905879  0.28184430  0.28758395  0.31696970  0.32298955  0.32298955  0.32298955  0.32298955  0.27614884  0.34134869  0.32298955  0.28184430  0.31099844  0.30507498  0.30507498  0.36017501  0.34757105  0.31099844  0.32905879  0.30507498  0.29919857  0.44067095  0.42663198  0.43361816  0.42663198  0.41971114  0.43361816  0.37299742  0.37949293  0.36017501  0.36017501  0.41285444  0.34757105  0.34757105  0.37299742  0.34757105  0.39265757  0.39932879  0.38604597  0.36017501  0.37299742  0.43361816  0.37949293  0.37299742  0.40606071  0.37299742  0.36655844  0.36655844  0.32298955  0.32298955  0.31696970  0.32905879  0.32298955  0.32298955  0.32298955  0.32905879  0.28758395  0.28758395  0.29919857  0.32298955  0.29336847  0.37299742  0.38604597  0.36017501  0.36655844  0.34134869  0.33517822  0.34757105  0.34134869  0.31099844  0.27049688  0.30507498  0.31099844  0.30507498  0.30507498  0.30507498  0.28758395  0.28758395  0.34134869  0.32905879  0.33517822  0.33517822  0.33517822  0.34134869  0.33517822  0.34134869  0.39932879  0.37949293  0.38604597  0.37949293  0.38604597  0.40606071  0.44067095  0.47698004  
44_0_0     0.14638424  0.15116050  0.03601896  0.00000000  0.08694565  0.09135210  0.08256528  0.38604597  0.37299742  0.35384620  0.36655844  0.36655844  0.34757105  0.36655844  0.36655844  0.37299742  0.36655844  0.34757105  0.34134869  0.38604597  0.38604597  0.33517822  0.35384620  0.37949293  0.37299742  0.39932879  0.39932879  0.33517822  0.36655844  0.36017501  0.34757105  0.36655844  0.39932879  0.38604597  0.37299742  0.37299742  0.33517822  0.36655844  0.31099844  0.32298955  0.32905879  0.31099844  0.32298955  0.39265757  0.37299742  0.32905879  0.32298955  0.32298955  0.36017501  0.34757105  0.34134869  0.28758395  0.28184430  0.27614884  0.29919857  0.33517822  0.31696970  0.34134869  0.33517822  0.31696970  0.31696970  0.31696970  0.28184430  0.28758395  0.32298955  0.31696970  0.32905879  0.34134869  0.32298955  0.29919857  0.32905879  0.31099844  0.29336847  0.31696970  0.30507498  0.30507498  0.34757105  0.33517822  0.29919857  0.31696970  0.29336847  0.29919857  0.42663198  0.41285444  0.41971114  0.41285444  0.41971114  0.41971114  0.37299742  0.37949293  0.36017501  0.36017501  0.41971114  0.36017501  0.34757105  0.39932879  0.37299742  0.39265757  0.39932879  0.38604597  0.36017501  0.38604597  0.43361816  0.38604597  0.36655844  0.40606071  0.39265757  0.37949293  0.36655844  0.33517822  0.31099844  0.30507498  0.30507498  0.31099844  0.32298955  0.31099844  0.31696970  0.28184430  0.28184430  0.29336847  0.30507498  0.29919857  0.34757105  0.36017501  0.36017501  0.34134869  0.31696970  0.29919857  0.31099844  0.31696970  0.34134869  0.28758395  0.28758395  0.29336847  0.29919857  0.29919857  0.27614884  0.29336847  0.29336847  0.32298955  0.32298955  0.32905879  0.32905879  0.32905879  0.32298955  0.32905879  0.32298955  0.38604597  0.37949293  0.38604597  0.37949293  0.40606071  0.42663198  0.45498148  0.47698004  
51_7_0     0.11835661  0.11835661  0.09135210  0.08694565  0.00000000  0.00391660  0.02786184  0.37299742  0.30507498  0.31696970  0.29919857  0.28184430  0.26488778  0.29336847  0.31696970  0.31099844  0.34134869  0.29919857  0.29336847  0.32298955  0.33517822  0.28758395  0.29336847  0.37949293  0.37299742  0.33517822  0.33517822  0.33517822  0.30507498  0.29919857  0.33517822  0.35384620  0.35384620  0.36655844  0.33517822  0.32298955  0.36017501  0.36655844  0.31099844  0.31099844  0.32905879  0.33517822  0.33517822  0.36655844  0.33517822  0.34134869  0.33517822  0.32298955  0.33517822  0.32298955  0.36655844  0.27614884  0.28184430  0.26488778  0.29919857  0.28758395  0.28184430  0.29919857  0.31099844  0.29919857  0.28758395  0.28758395  0.27614884  0.28184430  0.29336847  0.28758395  0.29919857  0.29919857  0.28184430  0.32905879  0.30507498  0.27614884  0.25932088  0.29336847  0.28184430  0.28184430  0.32298955  0.32298955  0.28184430  0.27614884  0.25379556  0.26488778  0.39932879  0.41285444  0.41971114  0.41285444  0.41971114  0.41971114  0.36655844  0.36655844  0.38604597  0.37299742  0.38604597  0.36017501  0.34757105  0.37299742  0.33517822  0.39932879  0.39932879  0.37299742  0.37299742  0.36017501  0.47698004  0.36017501  0.36017501  0.40606071  0.39265757  0.34757105  0.34757105  0.32905879  0.31099844  0.30507498  0.34134869  0.33517822  0.32298955  0.32298955  0.32905879  0.30507498  0.30507498  0.30507498  0.32905879  0.31099844  0.32905879  0.34134869  0.34134869  0.35384620  0.33517822  0.27049688  0.28184430  0.27049688  0.28184430  0.27614884  0.31099844  0.29336847  0.28758395  0.28758395  0.29919857  0.28758395  0.28758395  0.32905879  0.32905879  0.33517822  0.33517822  0.33517822  0.34134869  0.33517822  0.32905879  0.36655844  0.34134869  0.34757105  0.34134869  0.37299742  0.36017501  0.42663198  0.43361816  
51_6_0     0.12295477  0.12295477  0.08694565  0.09135210  0.00391660  0.00000000  0.03192916  0.36655844  0.29919857  0.31099844  0.29336847  0.27614884  0.25932088  0.28758395  0.31099844  0.30507498  0.33517822  0.29336847  0.29919857  0.31696970  0.32905879  0.28184430  0.28758395  0.38604597  0.37949293  0.32905879  0.32905879  0.32905879  0.29919857  0.29336847  0.32905879  0.34757105  0.36017501  0.37299742  0.32905879  0.32905879  0.35384620  0.37299742  0.31696970  0.31696970  0.33517822  0.32905879  0.34134869  0.37299742  0.34134869  0.34757105  0.34134869  0.31696970  0.32905879  0.31696970  0.37299742  0.27049688  0.27614884  0.27049688  0.30507498  0.28184430  0.27614884  0.29336847  0.30507498  0.30507498  0.29336847  0.29336847  0.28184430  0.28758395  0.28758395  0.28184430  0.29336847  0.29336847  0.28758395  0.32298955  0.29919857  0.27049688  0.26488778  0.29919857  0.28758395  0.28758395  0.32905879  0.32905879  0.27614884  0.28184430  0.25932088  0.27049688  0.40606071  0.41971114  0.42663198  0.41971114  0.42663198  0.42663198  0.36017501  0.36017501  0.37949293  0.36655844  0.39265757  0.36655844  0.35384620  0.37949293  0.34134869  0.40606071  0.40606071  0.37949293  0.37949293  0.36655844  0.48446069  0.36655844  0.36655844  0.41285444  0.39932879  0.35384620  0.35384620  0.32298955  0.31696970  0.31099844  0.33517822  0.32905879  0.31696970  0.31696970  0.32298955  0.29919857  0.29919857  0.29919857  0.32298955  0.30507498  0.33517822  0.34757105  0.34757105  0.36017501  0.34134869  0.27614884  0.28758395  0.27614884  0.28758395  0.28184430  0.31696970  0.29919857  0.29336847  0.29336847  0.30507498  0.29336847  0.29336847  0.33517822  0.32298955  0.32905879  0.32905879  0.32905879  0.33517822  0.32905879  0.32298955  0.37299742  0.34757105  0.35384620  0.34757105  0.37299742  0.36017501  0.43361816  0.44067095  
44_6_0     0.13223772  0.11835661  0.08694565  0.08256528  0.02786184  0.03192916  0.00000000  0.36655844  0.32298955  0.31099844  0.29919857  0.29919857  0.27049688  0.28758395  0.29919857  0.29336847  0.32298955  0.29336847  0.31099844  0.34134869  0.32905879  0.29336847  0.29919857  0.36017501  0.35384620  0.36017501  0.36017501  0.32298955  0.33517822  0.32905879  0.35384620  0.38604597  0.37949293  0.40606071  0.32905879  0.34134869  0.35384620  0.37299742  0.32905879  0.31696970  0.32298955  0.31696970  0.31696970  0.36017501  0.34134869  0.32298955  0.31696970  0.32905879  0.32905879  0.32905879  0.36017501  0.28184430  0.26488778  0.25932088  0.28184430  0.29336847  0.28758395  0.30507498  0.31696970  0.31696970  0.30507498  0.30507498  0.28184430  0.28758395  0.31099844  0.30507498  0.30507498  0.30507498  0.29919857  0.32298955  0.29919857  0.29336847  0.27614884  0.32298955  0.31099844  0.31099844  0.32905879  0.32905879  0.26488778  0.28184430  0.24831119  0.27049688  0.41971114  0.41971114  0.41285444  0.40606071  0.39932879  0.41285444  0.37299742  0.37299742  0.37949293  0.36655844  0.40606071  0.35384620  0.32905879  0.36655844  0.34134869  0.39265757  0.39265757  0.37949293  0.35384620  0.37949293  0.44067095  0.37299742  0.36017501  0.39932879  0.39932879  0.32905879  0.32905879  0.29919857  0.31696970  0.32298955  0.34757105  0.34134869  0.32905879  0.32905879  0.34757105  0.31099844  0.31099844  0.32298955  0.33517822  0.31696970  0.34757105  0.36017501  0.34757105  0.37299742  0.34134869  0.29919857  0.29919857  0.28758395  0.30507498  0.25379556  0.29919857  0.28184430  0.27614884  0.27614884  0.29919857  0.27614884  0.27614884  0.35384620  0.33517822  0.32905879  0.32905879  0.32905879  0.34757105  0.34134869  0.36017501  0.35384620  0.34134869  0.34757105  0.34134869  0.38604597  0.36017501  0.42663198  0.46224190  
22_77_0    0.32298955  0.39265757  0.39932879  0.38604597  0.37299742  0.36655844  0.36655844  0.00000000  0.12758168  0.07821069  0.13223772  0.13223772  0.13223772  0.10924515  0.10924515  0.11835661  0.15116050  0.13692323  0.17057999  0.20069973  0.15116050  0.16080653  0.14163861  0.16567712  0.17057999  0.21623226  0.20584109  0.20584109  0.22677145  0.18548660  0.21623226  0.22677145  0.25932088  0.28184430  0.23209788  0.25379556  0.21101843  0.24831119  0.20584109  0.20069973  0.23209788  0.21101843  0.20584109  0.29336847  0.30507498  0.21101843  0.22148309  0.23746293  0.24831119  0.24831119  0.22148309  0.19052297  0.19559385  0.25932088  0.20069973  0.28184430  0.27049688  0.27614884  0.28758395  0.24286718  0.23209788  0.23746293  0.24831119  0.24831119  0.26488778  0.26488778  0.21623226  0.21623226  0.22677145  0.32298955  0.27614884  0.25379556  0.24831119  0.27049688  0.25379556  0.25379556  0.25932088  0.23746293  0.23209788  0.27049688  0.24286718  0.25932088  0.32298955  0.31099844  0.31696970  0.32298955  0.31696970  0.31696970  0.29919857  0.29919857  0.30507498  0.29336847  0.37299742  0.38604597  0.36017501  0.34134869  0.36017501  0.32905879  0.36017501  0.36655844  0.35384620  0.37299742  0.34134869  0.37949293  0.35384620  0.32905879  0.37949293  0.35384620  0.35384620  0.36017501  0.28758395  0.28758395  0.32298955  0.31099844  0.30507498  0.31099844  0.31099844  0.34757105  0.34757105  0.34134869  0.33517822  0.34134869  0.37299742  0.36655844  0.37949293  0.32905879  0.34757105  0.34134869  0.32905879  0.37949293  0.31099844  0.30507498  0.25379556  0.28758395  0.27049688  0.27049688  0.24831119  0.27049688  0.27049688  0.32298955  0.32905879  0.32298955  0.32298955  0.32298955  0.32298955  0.34134869  0.31099844  0.34134869  0.25379556  0.25932088  0.25379556  0.37299742  0.36655844  0.39932879  0.42663198  
22_78_0    0.29336847  0.36017501  0.36017501  0.37299742  0.30507498  0.29919857  0.32298955  0.12758168  0.00000000  0.06957767  0.13223772  0.12295477  0.14638424  0.12295477  0.12758168  0.11835661  0.17551556  0.13692323  0.13692323  0.16080653  0.14638424  0.15596780  0.12295477  0.19052297  0.20069973  0.19559385  0.20584109  0.20069973  0.17057999  0.14638424  0.16080653  0.17551556  0.24286718  0.25379556  0.25379556  0.25379556  0.23209788  0.21623226  0.22677145  0.21101843  0.23746293  0.20069973  0.22148309  0.25932088  0.25932088  0.22677145  0.23746293  0.24286718  0.23746293  0.24286718  0.25932088  0.19559385  0.20069973  0.24831119  0.21101843  0.27049688  0.25932088  0.23746293  0.23746293  0.28184430  0.25932088  0.25379556  0.22677145  0.22677145  0.25379556  0.27614884  0.25932088  0.24831119  0.24831119  0.28184430  0.27049688  0.25379556  0.22148309  0.25379556  0.23209788  0.22677145  0.26488778  0.25379556  0.24286718  0.27049688  0.24286718  0.23746293  0.34134869  0.32905879  0.36017501  0.35384620  0.34757105  0.34757105  0.30507498  0.30507498  0.31099844  0.31099844  0.37949293  0.31696970  0.32298955  0.29919857  0.30507498  0.30507498  0.32905879  0.32298955  0.34757105  0.30507498  0.36017501  0.31696970  0.30507498  0.34134869  0.32905879  0.31696970  0.32905879  0.36655844  0.27049688  0.24831119  0.29336847  0.30507498  0.29919857  0.29336847  0.28184430  0.32298955  0.32298955  0.31696970  0.34134869  0.33517822  0.31099844  0.31696970  0.32905879  0.36655844  0.30507498  0.27049688  0.28184430  0.30507498  0.27614884  0.28184430  0.28184430  0.28184430  0.27049688  0.27049688  0.31099844  0.26488778  0.26488778  0.32298955  0.34757105  0.34134869  0.34134869  0.34134869  0.35384620  0.32298955  0.31696970  0.31099844  0.29336847  0.29919857  0.29336847  0.35384620  0.34757105  0.37299742  0.38604597  
22_67_0    0.32298955  0.35384620  0.34134869  0.35384620  0.31696970  0.31099844  0.31099844  0.07821069  0.06957767  0.00000000  0.07821069  0.09135210  0.11378686  0.08256528  0.07388159  0.08694565  0.12758168  0.08694565  0.10473116  0.12758168  0.10924515  0.10924515  0.09135210  0.15116050  0.15596780  0.19559385  0.19559385  0.18048428  0.17551556  0.14638424  0.19052297  0.20584109  0.24286718  0.25379556  0.22148309  0.24286718  0.18548660  0.20069973  0.20069973  0.17551556  0.19559385  0.17551556  0.18048428  0.24286718  0.22148309  0.17551556  0.18548660  0.23209788  0.24286718  0.23209788  0.21623226  0.18048428  0.17551556  0.22148309  0.16567712  0.24831119  0.23746293  0.22677145  0.22677145  0.23746293  0.21623226  0.22148309  0.20584109  0.21623226  0.24286718  0.26488778  0.21623226  0.19559385  0.21623226  0.27614884  0.25932088  0.25379556  0.22148309  0.25379556  0.24286718  0.23746293  0.25379556  0.23209788  0.19559385  0.25379556  0.22148309  0.22677145  0.31696970  0.30507498  0.33517822  0.32905879  0.31099844  0.32298955  0.29336847  0.29336847  0.27614884  0.27614884  0.36017501  0.36017501  0.34134869  0.34757105  0.34134869  0.31696970  0.35384620  0.36017501  0.36017501  0.35384620  0.38604597  0.36017501  0.33517822  0.36017501  0.36017501  0.31696970  0.32905879  0.35384620  0.29336847  0.29336847  0.27614884  0.26488778  0.25932088  0.26488778  0.26488778  0.31099844  0.31099844  0.31696970  0.32298955  0.30507498  0.32298955  0.31696970  0.31696970  0.33517822  0.31099844  0.30507498  0.29336847  0.32905879  0.27614884  0.28184430  0.22677145  0.24831119  0.23746293  0.23746293  0.27049688  0.22677145  0.22677145  0.31696970  0.31099844  0.31696970  0.31696970  0.31696970  0.32905879  0.31099844  0.29336847  0.33517822  0.27049688  0.27614884  0.27049688  0.35384620  0.36655844  0.36017501  0.39932879  
34_68_0    0.29919857  0.36017501  0.35384620  0.36655844  0.29919857  0.29336847  0.29919857  0.13223772  0.13223772  0.07821069  0.00000000  0.01579235  0.08694565  0.07388159  0.07821069  0.06957767  0.12758168  0.09135210  0.10473116  0.13223772  0.09578496  0.10024454  0.08256528  0.15596780  0.16080653  0.18548660  0.19052297  0.16567712  0.19559385  0.17057999  0.20069973  0.19559385  0.23746293  0.27049688  0.20584109  0.20584109  0.20069973  0.22148309  0.22148309  0.21101843  0.22148309  0.20584109  0.20584109  0.26488778  0.25932088  0.21101843  0.22148309  0.25932088  0.24831119  0.24286718  0.24831119  0.19559385  0.19559385  0.26488778  0.19052297  0.25932088  0.24831119  0.21623226  0.21623226  0.26488778  0.24286718  0.24831119  0.21623226  0.22148309  0.24831119  0.27049688  0.23746293  0.21623226  0.21623226  0.29919857  0.28184430  0.25932088  0.23746293  0.25932088  0.25932088  0.25379556  0.27049688  0.25932088  0.17551556  0.23746293  0.19052297  0.19052297  0.33517822  0.34757105  0.36655844  0.36017501  0.34134869  0.35384620  0.30507498  0.30507498  0.28758395  0.29919857  0.36655844  0.37299742  0.36655844  0.36017501  0.36655844  0.34757105  0.36655844  0.36017501  0.37299742  0.35384620  0.41971114  0.34757105  0.34757105  0.38604597  0.38604597  0.34134869  0.35384620  0.34134869  0.30507498  0.30507498  0.29919857  0.27049688  0.27614884  0.27049688  0.27049688  0.31099844  0.31099844  0.31099844  0.32905879  0.31099844  0.33517822  0.34757105  0.32905879  0.31099844  0.31099844  0.29336847  0.28184430  0.31696970  0.27049688  0.28184430  0.24286718  0.25932088  0.24831119  0.24831119  0.29336847  0.24831119  0.24831119  0.29336847  0.29919857  0.29336847  0.29336847  0.29336847  0.30507498  0.28758395  0.28184430  0.33517822  0.28758395  0.29336847  0.28758395  0.36655844  0.35384620  0.36655844  0.40606071  
34_64_0    0.29336847  0.36017501  0.35384620  0.36655844  0.28184430  0.27614884  0.29919857  0.13223772  0.12295477  0.09135210  0.01579235  0.00000000  0.08694565  0.07388159  0.08256528  0.05260806  0.12758168  0.08694565  0.09578496  0.12295477  0.09578496  0.09135210  0.07388159  0.14638424  0.15596780  0.17551556  0.18048428  0.16567712  0.17551556  0.15116050  0.19052297  0.18548660  0.22677145  0.25932088  0.20584109  0.20584109  0.21623226  0.23746293  0.21101843  0.21623226  0.22677145  0.21101843  0.21101843  0.28184430  0.26488778  0.21623226  0.22677145  0.24831119  0.23746293  0.22148309  0.23746293  0.18548660  0.19052297  0.25932088  0.18548660  0.25379556  0.24286718  0.22677145  0.22677145  0.26488778  0.24286718  0.23746293  0.21623226  0.22148309  0.23746293  0.24831119  0.24831119  0.22677145  0.22677145  0.31099844  0.29919857  0.27049688  0.24831119  0.25932088  0.25379556  0.25379556  0.28184430  0.27049688  0.18048428  0.22148309  0.19559385  0.19559385  0.32298955  0.33517822  0.35384620  0.34757105  0.34134869  0.34134869  0.31696970  0.31696970  0.29919857  0.31099844  0.36017501  0.36017501  0.35384620  0.33517822  0.34134869  0.33517822  0.36655844  0.34757105  0.36017501  0.34134869  0.40606071  0.34134869  0.35384620  0.37299742  0.38604597  0.34757105  0.36017501  0.33517822  0.29336847  0.28184430  0.30507498  0.27614884  0.28184430  0.26488778  0.26488778  0.30507498  0.30507498  0.29919857  0.31696970  0.31099844  0.32298955  0.33517822  0.32905879  0.31099844  0.30507498  0.28184430  0.27049688  0.30507498  0.28184430  0.28758395  0.25932088  0.27614884  0.26488778  0.26488778  0.29336847  0.26488778  0.26488778  0.28758395  0.29336847  0.28758395  0.28758395  0.28758395  0.29919857  0.29336847  0.27614884  0.32298955  0.27614884  0.28184430  0.27614884  0.36655844  0.35384620  0.36655844  0.39265757  
52_64_0    0.25932088  0.32905879  0.33517822  0.34757105  0.26488778  0.25932088  0.27049688  0.13223772  0.14638424  0.11378686  0.08694565  0.08694565  0.00000000  0.07821069  0.06104421  0.08256528  0.14638424  0.10024454  0.13223772  0.15116050  0.12295477  0.12295477  0.11378686  0.18548660  0.19052297  0.20069973  0.20584109  0.19052297  0.18548660  0.15596780  0.20069973  0.20584109  0.22148309  0.25379556  0.23209788  0.25379556  0.19052297  0.23209788  0.20584109  0.19052297  0.20069973  0.19559385  0.20584109  0.24831119  0.24286718  0.20069973  0.21101843  0.19052297  0.19052297  0.20584109  0.20584109  0.17551556  0.18048428  0.22148309  0.18548660  0.22148309  0.22148309  0.23209788  0.24286718  0.23746293  0.22677145  0.23209788  0.22148309  0.21623226  0.26488778  0.27614884  0.23209788  0.22148309  0.20069973  0.29336847  0.25379556  0.23746293  0.22677145  0.23746293  0.23209788  0.23209788  0.24831119  0.24831119  0.19559385  0.22677145  0.19559385  0.20584109  0.28758395  0.29919857  0.29919857  0.29919857  0.30507498  0.30507498  0.27614884  0.27614884  0.29336847  0.28184430  0.31696970  0.32905879  0.31099844  0.31099844  0.31696970  0.31696970  0.31696970  0.31099844  0.32298955  0.31696970  0.34134869  0.30507498  0.31099844  0.32905879  0.35384620  0.32298955  0.31099844  0.29336847  0.28758395  0.28758395  0.32298955  0.31696970  0.29919857  0.31696970  0.31696970  0.29919857  0.29919857  0.29336847  0.28758395  0.29336847  0.32298955  0.33517822  0.34134869  0.32905879  0.34757105  0.30507498  0.30507498  0.34134869  0.24831119  0.25379556  0.24831119  0.24286718  0.23209788  0.23209788  0.25932088  0.24286718  0.24286718  0.29336847  0.29919857  0.29336847  0.29336847  0.29336847  0.30507498  0.31099844  0.28184430  0.33517822  0.32905879  0.33517822  0.32905879  0.37949293  0.36655844  0.37949293  0.40606071  
17_64_0    0.27614884  0.34757105  0.34134869  0.36655844  0.29336847  0.28758395  0.28758395  0.10924515  0.12295477  0.08256528  0.07388159  0.07388159  0.07821069  0.00000000  0.04013149  0.06957767  0.12295477  0.09578496  0.11378686  0.13692323  0.10024454  0.11378686  0.09135210  0.15596780  0.16567712  0.18048428  0.18548660  0.18048428  0.20069973  0.15116050  0.21623226  0.23209788  0.23746293  0.27049688  0.22677145  0.23746293  0.21623226  0.23746293  0.21101843  0.18548660  0.20584109  0.19052297  0.19052297  0.25932088  0.25379556  0.18548660  0.19559385  0.21623226  0.23746293  0.20069973  0.20069973  0.17551556  0.18048428  0.22148309  0.15596780  0.22148309  0.22148309  0.23746293  0.24831119  0.22677145  0.20584109  0.20069973  0.21623226  0.22148309  0.23209788  0.25379556  0.23209788  0.20069973  0.22148309  0.29336847  0.27049688  0.25379556  0.22148309  0.24286718  0.24286718  0.23746293  0.23209788  0.22148309  0.19559385  0.24831119  0.21623226  0.21623226  0.32298955  0.31099844  0.33517822  0.33517822  0.31696970  0.32905879  0.31099844  0.31099844  0.30507498  0.29336847  0.36655844  0.34134869  0.34757105  0.31099844  0.32298955  0.30507498  0.34134869  0.32905879  0.34757105  0.32905879  0.36655844  0.33517822  0.32905879  0.37299742  0.36655844  0.33517822  0.34757105  0.32905879  0.31099844  0.29919857  0.31099844  0.29336847  0.27614884  0.28184430  0.28184430  0.30507498  0.30507498  0.29919857  0.30507498  0.29919857  0.29919857  0.31099844  0.29336847  0.29336847  0.31099844  0.29336847  0.28184430  0.30507498  0.25379556  0.25932088  0.24286718  0.24831119  0.24831119  0.24831119  0.27614884  0.24831119  0.24831119  0.32905879  0.33517822  0.32905879  0.32905879  0.32905879  0.32905879  0.31099844  0.31696970  0.34134869  0.26488778  0.27049688  0.26488778  0.34757105  0.33517822  0.35384620  0.40606071  
17_71_0    0.28758395  0.32298955  0.35384620  0.36655844  0.31696970  0.31099844  0.29919857  0.10924515  0.12758168  0.07388159  0.07821069  0.08256528  0.06104421  0.04013149  0.00000000  0.06104421  0.13223772  0.08694565  0.12295477  0.14638424  0.11835661  0.12758168  0.10024454  0.15116050  0.16080653  0.18048428  0.18548660  0.18048428  0.19052297  0.15116050  0.19559385  0.21101843  0.21623226  0.24831119  0.23746293  0.24831119  0.19559385  0.22677145  0.21101843  0.17551556  0.17551556  0.16080653  0.15116050  0.23209788  0.23746293  0.16567712  0.16567712  0.19559385  0.20584109  0.20069973  0.19052297  0.16567712  0.16080653  0.19052297  0.14638424  0.22677145  0.22677145  0.24286718  0.25379556  0.23746293  0.21623226  0.21101843  0.22148309  0.21623226  0.23746293  0.25932088  0.22677145  0.20584109  0.21623226  0.30507498  0.27049688  0.26488778  0.23209788  0.25379556  0.25379556  0.24831119  0.25379556  0.23746293  0.16567712  0.20584109  0.19559385  0.20584109  0.32298955  0.31099844  0.33517822  0.33517822  0.32905879  0.32905879  0.28758395  0.28758395  0.29336847  0.28184430  0.34134869  0.34757105  0.34134869  0.32905879  0.33517822  0.31099844  0.34757105  0.34134869  0.34134869  0.34757105  0.36017501  0.34757105  0.34134869  0.35384620  0.37299742  0.34134869  0.34134869  0.33517822  0.30507498  0.29336847  0.31099844  0.29336847  0.27614884  0.28184430  0.28184430  0.31099844  0.31099844  0.31696970  0.29919857  0.31696970  0.31099844  0.32298955  0.31696970  0.32905879  0.29919857  0.30507498  0.29336847  0.32905879  0.25932088  0.25379556  0.22677145  0.23209788  0.22148309  0.22148309  0.24831119  0.22148309  0.22148309  0.31099844  0.31696970  0.31099844  0.31099844  0.31099844  0.31099844  0.31696970  0.31099844  0.34134869  0.29919857  0.30507498  0.29919857  0.37299742  0.37299742  0.35384620  0.40606071  
59_73_0    0.31099844  0.34757105  0.37299742  0.37299742  0.31099844  0.30507498  0.29336847  0.11835661  0.11835661  0.08694565  0.06957767  0.05260806  0.08256528  0.06957767  0.06104421  0.00000000  0.12295477  0.09135210  0.10924515  0.12295477  0.10024454  0.10473116  0.07821069  0.14163861  0.15116050  0.16567712  0.17057999  0.15596780  0.16567712  0.14163861  0.18548660  0.19052297  0.23209788  0.27614884  0.22148309  0.23209788  0.21101843  0.23209788  0.18548660  0.18048428  0.19052297  0.16567712  0.17551556  0.26488778  0.23746293  0.17057999  0.18048428  0.22148309  0.22148309  0.20584109  0.21101843  0.15116050  0.15596780  0.22148309  0.16567712  0.22677145  0.21623226  0.22148309  0.23209788  0.23746293  0.21623226  0.21101843  0.21101843  0.21623226  0.22677145  0.23746293  0.22677145  0.20584109  0.22148309  0.31696970  0.27049688  0.26488778  0.25379556  0.24286718  0.23746293  0.23746293  0.26488778  0.25379556  0.18548660  0.20584109  0.20069973  0.21101843  0.30507498  0.29336847  0.31099844  0.30507498  0.31099844  0.29919857  0.29336847  0.29336847  0.28758395  0.27614884  0.33517822  0.36017501  0.32905879  0.32298955  0.32905879  0.31696970  0.35384620  0.34757105  0.34757105  0.35384620  0.35384620  0.36017501  0.34757105  0.34757105  0.37299742  0.33517822  0.32298955  0.31099844  0.27049688  0.27049688  0.31099844  0.30507498  0.29919857  0.29336847  0.30507498  0.32298955  0.32298955  0.31696970  0.31099844  0.31696970  0.30507498  0.31696970  0.32298955  0.32905879  0.31696970  0.29919857  0.28758395  0.31099844  0.28758395  0.28184430  0.25379556  0.27049688  0.25932088  0.25932088  0.27614884  0.27049688  0.27049688  0.31099844  0.29919857  0.29336847  0.29336847  0.29336847  0.29336847  0.29919857  0.28184430  0.33517822  0.28758395  0.29336847  0.28758395  0.39265757  0.37949293  0.37299742  0.41285444  
22_64_0    0.32298955  0.34757105  0.35384620  0.36655844  0.34134869  0.33517822  0.32298955  0.15116050  0.17551556  0.12758168  0.12758168  0.12758168  0.14638424  0.12295477  0.13223772  0.12295477  0.00000000  0.14163861  0.15116050  0.17057999  0.15116050  0.15596780  0.11835661  0.16080653  0.16567712  0.22148309  0.21623226  0.20069973  0.20069973  0.18048428  0.25379556  0.25932088  0.26488778  0.29919857  0.23746293  0.25932088  0.24286718  0.26488778  0.22677145  0.23209788  0.23209788  0.21623226  0.20584109  0.28184430  0.25379556  0.21101843  0.23209788  0.26488778  0.25379556  0.27049688  0.23209788  0.20584109  0.22148309  0.24831119  0.19559385  0.25379556  0.25379556  0.24831119  0.24831119  0.23746293  0.24831119  0.25379556  0.24286718  0.24831119  0.27614884  0.27614884  0.25379556  0.24286718  0.24286718  0.31696970  0.28184430  0.26488778  0.25379556  0.27049688  0.25932088  0.25932088  0.29919857  0.26488778  0.24286718  0.26488778  0.25932088  0.25932088  0.38604597  0.37299742  0.37949293  0.38604597  0.36655844  0.37949293  0.34757105  0.34757105  0.31696970  0.34134869  0.39265757  0.37949293  0.33517822  0.36017501  0.38604597  0.34757105  0.36017501  0.36655844  0.34757105  0.36017501  0.36017501  0.36655844  0.34134869  0.35384620  0.39265757  0.37949293  0.37949293  0.37949293  0.31099844  0.33517822  0.29336847  0.29919857  0.29336847  0.29919857  0.31099844  0.34134869  0.34134869  0.33517822  0.31696970  0.29919857  0.37299742  0.37299742  0.36655844  0.34757105  0.36017501  0.33517822  0.32298955  0.36017501  0.32298955  0.32298955  0.30507498  0.31099844  0.31099844  0.31099844  0.30507498  0.29919857  0.29919857  0.34757105  0.36017501  0.35384620  0.35384620  0.35384620  0.36655844  0.36017501  0.34134869  0.35384620  0.27049688  0.27614884  0.27049688  0.36017501  0.38604597  0.34757105  0.38604597  
22_66_0    0.29919857  0.32905879  0.33517822  0.34757105  0.29919857  0.29336847  0.29336847  0.13692323  0.13692323  0.08694565  0.09135210  0.08694565  0.10024454  0.09578496  0.08694565  0.09135210  0.14163861  0.00000000  0.07388159  0.09578496  0.09578496  0.10024454  0.06104421  0.17551556  0.18548660  0.19052297  0.19052297  0.17551556  0.20069973  0.16080653  0.20584109  0.20069973  0.19559385  0.22677145  0.23746293  0.27049688  0.21101843  0.24286718  0.21623226  0.21101843  0.20069973  0.18048428  0.18548660  0.25932088  0.23746293  0.19052297  0.20069973  0.19559385  0.23746293  0.20584109  0.21101843  0.18048428  0.18548660  0.22677145  0.17551556  0.24831119  0.23746293  0.23209788  0.23209788  0.25379556  0.24286718  0.23746293  0.21623226  0.21623226  0.25932088  0.27049688  0.24286718  0.21101843  0.22677145  0.31696970  0.27614884  0.27049688  0.25932088  0.27049688  0.26488778  0.26488778  0.27049688  0.28184430  0.17551556  0.23209788  0.23209788  0.23746293  0.34757105  0.36017501  0.37949293  0.37299742  0.35384620  0.36655844  0.33517822  0.33517822  0.31696970  0.30507498  0.38604597  0.36017501  0.35384620  0.34757105  0.32298955  0.34134869  0.37949293  0.35384620  0.36017501  0.35384620  0.36655844  0.34757105  0.36017501  0.38604597  0.41285444  0.35384620  0.35384620  0.32905879  0.31696970  0.30507498  0.31696970  0.28184430  0.28758395  0.28184430  0.28184430  0.26488778  0.26488778  0.27049688  0.26488778  0.27049688  0.30507498  0.31099844  0.31099844  0.32905879  0.28758395  0.29919857  0.29919857  0.34757105  0.31099844  0.25932088  0.27049688  0.27049688  0.27049688  0.27049688  0.29336847  0.25932088  0.25932088  0.28758395  0.29336847  0.28758395  0.28758395  0.28758395  0.29919857  0.30507498  0.28758395  0.32905879  0.29336847  0.29919857  0.29336847  0.36655844  0.36655844  0.37949293  0.40606071  
17_70_0    0.29919857  0.32298955  0.34134869  0.34134869  0.29336847  0.29919857  0.31099844  0.17057999  0.13692323  0.10473116  0.10473116  0.09578496  0.13223772  0.11378686  0.12295477  0.10924515  0.15116050  0.07388159  0.00000000  0.07388159  0.08694565  0.10024454  0.07821069  0.16567712  0.16567712  0.19052297  0.19052297  0.17551556  0.19559385  0.18048428  0.20069973  0.17551556  0.20069973  0.21101843  0.24831119  0.24831119  0.24831119  0.25379556  0.22148309  0.22677145  0.22677145  0.22148309  0.21623226  0.27614884  0.21101843  0.20584109  0.21623226  0.23746293  0.25379556  0.21101843  0.23209788  0.19559385  0.21101843  0.22677145  0.18548660  0.26488778  0.25932088  0.23746293  0.23746293  0.25379556  0.22148309  0.21623226  0.21623226  0.22677145  0.27049688  0.29336847  0.25932088  0.23746293  0.24831119  0.30507498  0.29336847  0.26488778  0.24286718  0.24286718  0.24286718  0.23746293  0.25379556  0.24286718  0.20069973  0.23209788  0.22677145  0.23209788  0.34134869  0.35384620  0.36655844  0.36017501  0.36017501  0.36017501  0.33517822  0.33517822  0.31696970  0.32905879  0.39932879  0.37299742  0.35384620  0.34757105  0.34134869  0.34757105  0.38604597  0.36017501  0.39265757  0.36017501  0.40606071  0.36017501  0.37299742  0.39932879  0.39932879  0.37299742  0.36655844  0.34757105  0.32905879  0.32298955  0.28758395  0.26488778  0.28184430  0.26488778  0.26488778  0.30507498  0.30507498  0.29919857  0.28184430  0.27614884  0.29919857  0.30507498  0.30507498  0.29336847  0.29336847  0.27614884  0.27614884  0.31696970  0.31099844  0.28184430  0.27049688  0.28184430  0.28184430  0.28184430  0.31099844  0.27049688  0.27049688  0.28758395  0.31696970  0.31099844  0.31099844  0.31099844  0.32298955  0.30507498  0.29919857  0.34757105  0.27614884  0.28184430  0.27614884  0.35384620  0.37949293  0.36017501  0.37299742  
52_70_0    0.33517822  0.37299742  0.36017501  0.38604597  0.32298955  0.31696970  0.34134869  0.20069973  0.16080653  0.12758168  0.13223772  0.12295477  0.15116050  0.13692323  0.14638424  0.12295477  0.17057999  0.09578496  0.07388159  0.00000000  0.09135210  0.11378686  0.09135210  0.20069973  0.21101843  0.21101843  0.21101843  0.20584109  0.18048428  0.18548660  0.22148309  0.22677145  0.19052297  0.22148309  0.27614884  0.28758395  0.25932088  0.29336847  0.24286718  0.23746293  0.22677145  0.21623226  0.23209788  0.29919857  0.21101843  0.20584109  0.22677145  0.24286718  0.26488778  0.23209788  0.24831119  0.22677145  0.23209788  0.25932088  0.21623226  0.28184430  0.27614884  0.25379556  0.25379556  0.29336847  0.25932088  0.25379556  0.25932088  0.27049688  0.25932088  0.28184430  0.25379556  0.24286718  0.24831119  0.33517822  0.27614884  0.28184430  0.27049688  0.27049688  0.27049688  0.26488778  0.28184430  0.30507498  0.21623226  0.27049688  0.25379556  0.25932088  0.35384620  0.36655844  0.36017501  0.35384620  0.36017501  0.36017501  0.34757105  0.34757105  0.32905879  0.32905879  0.39265757  0.39932879  0.36655844  0.38604597  0.36655844  0.38604597  0.41971114  0.39265757  0.39932879  0.39265757  0.39932879  0.39265757  0.40606071  0.44779161  0.44067095  0.39265757  0.37949293  0.39265757  0.35384620  0.35384620  0.27614884  0.27614884  0.28184430  0.27614884  0.28758395  0.27049688  0.27049688  0.26488778  0.27049688  0.25379556  0.29919857  0.30507498  0.31696970  0.32905879  0.29336847  0.32905879  0.32905879  0.35384620  0.32905879  0.32298955  0.29919857  0.31099844  0.31099844  0.31099844  0.34757105  0.31099844  0.31099844  0.35384620  0.35384620  0.36017501  0.36017501  0.36017501  0.37299742  0.35384620  0.33517822  0.38604597  0.31696970  0.32298955  0.31696970  0.37299742  0.39932879  0.36655844  0.39265757  
17_66_0    0.31696970  0.39932879  0.36017501  0.38604597  0.33517822  0.32905879  0.32905879  0.15116050  0.14638424  0.10924515  0.09578496  0.09578496  0.12295477  0.10024454  0.11835661  0.10024454  0.15116050  0.09578496  0.08694565  0.09135210  0.00000000  0.09578496  0.09135210  0.14163861  0.15116050  0.19559385  0.20584109  0.19052297  0.18048428  0.16567712  0.18548660  0.20069973  0.23209788  0.24286718  0.22148309  0.24286718  0.24831119  0.26488778  0.24286718  0.23746293  0.22677145  0.22148309  0.24286718  0.28758395  0.24286718  0.20584109  0.22677145  0.23209788  0.24286718  0.24286718  0.22677145  0.23746293  0.22677145  0.25379556  0.17057999  0.24831119  0.24286718  0.22148309  0.22148309  0.24286718  0.22148309  0.21623226  0.24286718  0.24286718  0.23209788  0.25379556  0.23746293  0.22677145  0.22677145  0.32298955  0.28758395  0.28184430  0.24831119  0.27049688  0.27049688  0.26488778  0.25932088  0.28184430  0.20069973  0.25932088  0.23746293  0.23209788  0.36017501  0.36017501  0.35384620  0.36017501  0.35384620  0.36655844  0.36017501  0.36017501  0.34134869  0.34134869  0.40606071  0.36655844  0.34757105  0.32905879  0.32298955  0.33517822  0.36017501  0.34757105  0.36655844  0.34757105  0.37949293  0.34134869  0.35384620  0.39932879  0.39265757  0.37299742  0.37299742  0.37299742  0.32905879  0.34134869  0.31696970  0.27049688  0.27614884  0.27049688  0.28184430  0.26488778  0.26488778  0.25932088  0.29919857  0.28184430  0.30507498  0.31099844  0.29919857  0.31099844  0.29919857  0.33517822  0.32298955  0.33517822  0.27614884  0.29336847  0.27049688  0.27049688  0.27049688  0.27049688  0.31696970  0.27049688  0.27049688  0.32298955  0.32298955  0.31696970  0.31696970  0.31696970  0.31696970  0.31099844  0.30507498  0.36655844  0.28184430  0.28758395  0.28184430  0.34134869  0.34134869  0.32905879  0.37949293  
