24
76_25_0    0.00000000  0.02942492  0.06530552  0.04458927  0.07588583  0.08123341  0.08123341  0.07057672  0.09204621  0.10856831  0.13695454  0.13695454  0.13118929  0.13695454  0.16047665  0.34251841  0.37375598  0.31254929  0.32738176  0.29084486  0.29800899  0.31254929  0.34251841  0.20989652  
66_25_0    0.02942492  0.00000000  0.08662001  0.06530552  0.09751259  0.10301975  0.09204621  0.08123341  0.11415890  0.13118929  0.14862190  0.14862190  0.14276517  0.14862190  0.16047665  0.34251841  0.37375598  0.31254929  0.32738176  0.27672188  0.31254929  0.32738176  0.33491129  0.22931668  
89_25_0    0.06530552  0.08662001  0.00000000  0.04971408  0.10301975  0.09751259  0.10856831  0.09751259  0.11979215  0.13695454  0.15452548  0.15452548  0.13695454  0.15452548  0.17862358  0.31992827  0.36582178  0.29084486  0.30524334  0.28374960  0.29084486  0.30524334  0.31992827  0.19722791  
65_25_0    0.04458927  0.06530552  0.04971408  0.00000000  0.09204621  0.07588583  0.09751259  0.08662001  0.09751259  0.12546872  0.16647619  0.16647619  0.16047665  0.16647619  0.19097422  0.35020475  0.38177639  0.30524334  0.31992827  0.28374960  0.30524334  0.30524334  0.31992827  0.19097422  
89_16_0    0.07588583  0.09751259  0.10301975  0.09204621  0.00000000  0.04458927  0.10856831  0.09751259  0.13118929  0.10856831  0.16647619  0.16647619  0.16047665  0.16647619  0.19097422  0.33491129  0.35020475  0.30524334  0.30524334  0.28374960  0.26286406  0.27672188  0.30524334  0.21631330  
65_16_0    0.08123341  0.10301975  0.09751259  0.07588583  0.04458927  0.00000000  0.09204621  0.08123341  0.11415890  0.09204621  0.17252490  0.17252490  0.16647619  0.17252490  0.20989652  0.34251841  0.34251841  0.29800899  0.31254929  0.27672188  0.26976045  0.28374960  0.31254929  0.23590529  
66_24_0    0.08123341  0.09204621  0.10856831  0.09751259  0.10856831  0.09204621  0.00000000  0.00967856  0.07057672  0.04971408  0.17252490  0.17252490  0.16647619  0.17252490  0.20989652  0.35020475  0.35020475  0.29800899  0.31254929  0.26976045  0.27672188  0.29084486  0.30524334  0.22931668  
76_24_0    0.07057672  0.08123341  0.09751259  0.08662001  0.09751259  0.08123341  0.00967856  0.00000000  0.06007170  0.06007170  0.16047665  0.16047665  0.15452548  0.16047665  0.19722791  0.33491129  0.33491129  0.29800899  0.31254929  0.25603150  0.26286406  0.27672188  0.29084486  0.21631330  
89_24_0    0.09204621  0.11415890  0.11979215  0.09751259  0.13118929  0.11415890  0.07057672  0.06007170  0.00000000  0.09204621  0.19722791  0.19722791  0.19097422  0.19722791  0.23590529  0.36582178  0.33491129  0.31992827  0.31992827  0.29800899  0.27672188  0.29084486  0.31992827  0.24926160  
65_24_0    0.10856831  0.13118929  0.13695454  0.12546872  0.10856831  0.09204621  0.04971408  0.06007170  0.09204621  0.00000000  0.20353504  0.20353504  0.19722791  0.20353504  0.24255324  0.37375598  0.35797197  0.32738176  0.34251841  0.30524334  0.29800899  0.31254929  0.34251841  0.22931668  
66_29_0    0.13695454  0.14862190  0.15452548  0.16647619  0.16647619  0.17252490  0.17252490  0.16047665  0.19722791  0.20353504  0.00000000  0.00000000  0.02443859  0.02942492  0.04971408  0.33491129  0.36582178  0.31992827  0.33491129  0.31254929  0.31992827  0.33491129  0.35020475  0.26286406  
76_29_0    0.13695454  0.14862190  0.15452548  0.16647619  0.16647619  0.17252490  0.17252490  0.16047665  0.19722791  0.20353504  0.00000000  0.00000000  0.02443859  0.02942492  0.04971408  0.33491129  0.36582178  0.31992827  0.33491129  0.31254929  0.31992827  0.33491129  0.35020475  0.26286406  
66_19_0    0.13118929  0.14276517  0.13695454  0.16047665  0.16047665  0.16647619  0.16647619  0.15452548  0.19097422  0.19722791  0.02443859  0.02443859  0.00000000  0.01456585  0.06530552  0.31992827  0.35020475  0.30524334  0.31992827  0.29800899  0.30524334  0.31992827  0.33491129  0.25603150  
76_19_0    0.13695454  0.14862190  0.15452548  0.16647619  0.16647619  0.17252490  0.17252490  0.16047665  0.19722791  0.20353504  0.02942492  0.02942492  0.01456585  0.00000000  0.07057672  0.31254929  0.34251841  0.29800899  0.32738176  0.29084486  0.29800899  0.31254929  0.32738176  0.24926160  
89_19_0    0.16047665  0.16047665  0.17862358  0.19097422  0.19097422  0.20989652  0.20989652  0.19722791  0.23590529  0.24255324  0.04971408  0.04971408  0.06530552  0.07057672  0.00000000  0.34251841  0.37375598  0.34251841  0.35797197  0.33491129  0.34251841  0.35797197  0.38177639  0.27672188  
89_22_0    0.34251841  0.34251841  0.31992827  0.35020475  0.33491129  0.34251841  0.35020475  0.33491129  0.36582178  0.37375598  0.33491129  0.33491129  0.31992827  0.31254929  0.34251841  0.00000000  0.09204621  0.09751259  0.09751259  0.09204621  0.08662001  0.09751259  0.10301975  0.28374960  
65_22_0    0.37375598  0.37375598  0.36582178  0.38177639  0.35020475  0.34251841  0.35020475  0.33491129  0.33491129  0.35797197  0.36582178  0.36582178  0.35020475  0.34251841  0.37375598  0.09204621  0.00000000  0.07588583  0.07588583  0.09204621  0.07588583  0.07588583  0.08123341  0.28374960  
66_22_0    0.31254929  0.31254929  0.29084486  0.30524334  0.30524334  0.29800899  0.29800899  0.29800899  0.31992827  0.32738176  0.31992827  0.31992827  0.30524334  0.29800899  0.34251841  0.09751259  0.07588583  0.00000000  0.01948571  0.06530552  0.06007170  0.06007170  0.06530552  0.24255324  
76_22_0    0.32738176  0.32738176  0.30524334  0.31992827  0.30524334  0.31254929  0.31254929  0.31254929  0.31992827  0.34251841  0.33491129  0.33491129  0.31992827  0.32738176  0.35797197  0.09751259  0.07588583  0.01948571  0.00000000  0.07588583  0.06007170  0.06007170  0.06530552  0.25603150  
66_26_0    0.29084486  0.27672188  0.28374960  0.28374960  0.28374960  0.27672188  0.26976045  0.25603150  0.29800899  0.30524334  0.31254929  0.31254929  0.29800899  0.29084486  0.33491129  0.09204621  0.09204621  0.06530552  0.07588583  0.00000000  0.05487472  0.05487472  0.04971408  0.24926160  
89_28_0    0.29800899  0.31254929  0.29084486  0.30524334  0.26286406  0.26976045  0.27672188  0.26286406  0.27672188  0.29800899  0.31992827  0.31992827  0.30524334  0.29800899  0.34251841  0.08662001  0.07588583  0.06007170  0.06007170  0.05487472  0.00000000  0.00967856  0.04458927  0.24926160  
89_26_0    0.31254929  0.32738176  0.30524334  0.30524334  0.27672188  0.28374960  0.29084486  0.27672188  0.29084486  0.31254929  0.33491129  0.33491129  0.31992827  0.31254929  0.35797197  0.09751259  0.07588583  0.06007170  0.06007170  0.05487472  0.00967856  0.00000000  0.04458927  0.24926160  
65_26_0    0.34251841  0.33491129  0.31992827  0.31992827  0.30524334  0.31254929  0.30524334  0.29084486  0.31992827  0.34251841  0.35020475  0.35020475  0.33491129  0.32738176  0.38177639  0.10301975  0.08123341  0.06530552  0.06530552  0.04971408  0.04458927  0.04458927  0.00000000  0.28374960  
65_15_0    0.20989652  0.22931668  0.19722791  0.19097422  0.21631330  0.23590529  0.22931668  0.21631330  0.24926160  0.22931668  0.26286406  0.26286406  0.25603150  0.24926160  0.27672188  0.28374960  0.28374960  0.24255324  0.25603150  0.24926160  0.24926160  0.24926160  0.28374960  0.00000000  

