173
59_1_0     0.00000000  0.07672629  0.07672629  0.13679721  0.17530481  0.17530481  0.28127339  0.27372137  0.27372137  0.35291525  0.30439875  0.31226911  0.32826310  0.28127339  0.28127339  0.28890256  0.28890256  0.32022329  0.32022329  0.30439875  0.30439875  0.32022329  0.30439875  0.32826310  0.33639040  0.30439875  0.31226911  0.28890256  0.28127339  0.29661046  0.28890256  0.32022329  0.32022329  0.31226911  0.28127339  0.29661046  0.32022329  0.29661046  0.29661046  0.30439875  0.30439875  0.33639040  0.32022329  0.27372137  0.21590632  0.20212577  0.25884263  0.24425453  0.28127339  0.25151297  0.32022329  0.29661046  0.28890256  0.32826310  0.29661046  0.26624495  0.26624495  0.28127339  0.31226911  0.31226911  0.31226911  0.32022329  0.32826310  0.35291525  0.29661046  0.30439875  0.31226911  0.34460712  0.30439875  0.35291525  0.35291525  0.34460712  0.35291525  0.33639040  0.32826310  0.32022329  0.32022329  0.32826310  0.32826310  0.35291525  0.34460712  0.34460712  0.33639040  0.31226911  0.29661046  0.30439875  0.32022329  0.33639040  0.32826310  0.28127339  0.27372137  0.31226911  0.25884263  0.26624495  0.26624495  0.35291525  0.34460712  0.27372137  0.33639040  0.32826310  0.36981402  0.41381352  0.47028115  0.35291525  0.35291525  0.32022329  0.28890256  0.28890256  0.28890256  0.31226911  0.28127339  0.32022329  0.34460712  0.32826310  0.32022329  0.32826310  0.31226911  0.32826310  0.32022329  0.39590148  0.33639040  0.32826310  0.33639040  0.35291525  0.36131684  0.38710402  0.37840898  0.36131684  0.34460712  0.36131684  0.32826310  0.33639040  0.35291525  0.33639040  0.33639040  0.31226911  0.34460712  0.34460712  0.32022329  0.35291525  0.35291525  0.37840898  0.36981402  0.37840898  0.41381352  0.39590148  0.33639040  0.32826310  0.31226911  0.36131684  0.36981402  0.37840898  0.34460712  0.30439875  0.30439875  0.30439875  0.34460712  0.35291525  0.39590148  0.30439875  0.32022329  0.30439875  0.29661046  0.27372137  0.28890256  0.28890256  0.27372137  0.27372137  0.29661046  0.29661046  0.28127339  0.27372137  0.28127339  
41_1_0     0.07672629  0.00000000  0.00000000  0.08836015  0.15580285  0.15580285  0.22289314  0.22994593  0.22994593  0.28890256  0.24425453  0.26624495  0.28127339  0.25151297  0.26624495  0.24425453  0.24425453  0.25884263  0.29661046  0.27372137  0.30439875  0.30439875  0.28890256  0.31226911  0.32022329  0.27372137  0.28127339  0.23706597  0.24425453  0.26624495  0.27372137  0.27372137  0.25884263  0.28127339  0.25151297  0.26624495  0.27372137  0.26624495  0.25151297  0.25884263  0.25884263  0.27372137  0.25884263  0.22994593  0.21590632  0.20212577  0.24425453  0.22994593  0.26624495  0.33639040  0.29661046  0.28890256  0.28127339  0.33639040  0.27372137  0.27372137  0.25884263  0.27372137  0.29661046  0.29661046  0.29661046  0.30439875  0.31226911  0.32022329  0.28127339  0.28890256  0.29661046  0.26624495  0.32022329  0.32022329  0.32022329  0.29661046  0.30439875  0.31226911  0.30439875  0.31226911  0.31226911  0.32826310  0.34460712  0.33639040  0.34460712  0.34460712  0.32022329  0.29661046  0.28127339  0.28890256  0.30439875  0.33639040  0.32826310  0.28127339  0.27372137  0.31226911  0.28890256  0.28127339  0.25151297  0.29661046  0.27372137  0.25151297  0.26624495  0.32022329  0.37840898  0.43216574  0.47028115  0.30439875  0.30439875  0.30439875  0.26624495  0.26624495  0.26624495  0.28890256  0.30439875  0.36981402  0.32826310  0.32022329  0.31226911  0.30439875  0.28890256  0.30439875  0.29661046  0.38710402  0.32826310  0.32022329  0.32826310  0.32826310  0.32022329  0.34460712  0.33639040  0.32022329  0.32022329  0.30439875  0.35291525  0.36131684  0.37840898  0.36131684  0.36131684  0.32022329  0.35291525  0.36981402  0.34460712  0.36131684  0.36131684  0.36981402  0.37840898  0.36981402  0.36981402  0.38710402  0.36131684  0.35291525  0.35291525  0.36981402  0.37840898  0.36981402  0.32022329  0.31226911  0.31226911  0.31226911  0.30439875  0.34460712  0.35291525  0.27372137  0.33639040  0.33639040  0.32826310  0.30439875  0.29661046  0.29661046  0.27372137  0.27372137  0.32826310  0.32826310  0.30439875  0.25151297  0.27372137  
64_1_0     0.07672629  0.00000000  0.00000000  0.08836015  0.15580285  0.15580285  0.22289314  0.22994593  0.22994593  0.28890256  0.24425453  0.26624495  0.28127339  0.25151297  0.26624495  0.24425453  0.24425453  0.25884263  0.29661046  0.27372137  0.30439875  0.30439875  0.28890256  0.31226911  0.32022329  0.27372137  0.28127339  0.23706597  0.24425453  0.26624495  0.27372137  0.27372137  0.25884263  0.28127339  0.25151297  0.26624495  0.27372137  0.26624495  0.25151297  0.25884263  0.25884263  0.27372137  0.25884263  0.22994593  0.21590632  0.20212577  0.24425453  0.22994593  0.26624495  0.33639040  0.29661046  0.28890256  0.28127339  0.33639040  0.27372137  0.27372137  0.25884263  0.27372137  0.29661046  0.29661046  0.29661046  0.30439875  0.31226911  0.32022329  0.28127339  0.28890256  0.29661046  0.26624495  0.32022329  0.32022329  0.32022329  0.29661046  0.30439875  0.31226911  0.30439875  0.31226911  0.31226911  0.32826310  0.34460712  0.33639040  0.34460712  0.34460712  0.32022329  0.29661046  0.28127339  0.28890256  0.30439875  0.33639040  0.32826310  0.28127339  0.27372137  0.31226911  0.28890256  0.28127339  0.25151297  0.29661046  0.27372137  0.25151297  0.26624495  0.32022329  0.37840898  0.43216574  0.47028115  0.30439875  0.30439875  0.30439875  0.26624495  0.26624495  0.26624495  0.28890256  0.30439875  0.36981402  0.32826310  0.32022329  0.31226911  0.30439875  0.28890256  0.30439875  0.29661046  0.38710402  0.32826310  0.32022329  0.32826310  0.32826310  0.32022329  0.34460712  0.33639040  0.32022329  0.32022329  0.30439875  0.35291525  0.36131684  0.37840898  0.36131684  0.36131684  0.32022329  0.35291525  0.36981402  0.34460712  0.36131684  0.36131684  0.36981402  0.37840898  0.36981402  0.36981402  0.38710402  0.36131684  0.35291525  0.35291525  0.36981402  0.37840898  0.36981402  0.32022329  0.31226911  0.31226911  0.31226911  0.30439875  0.34460712  0.35291525  0.27372137  0.33639040  0.33639040  0.32826310  0.30439875  0.29661046  0.29661046  0.27372137  0.27372137  0.32826310  0.32826310  0.30439875  0.25151297  0.27372137  
66_1_0     0.13679721  0.08836015  0.08836015  0.00000000  0.18859489  0.18859489  0.27372137  0.23706597  0.23706597  0.31226911  0.29661046  0.32022329  0.28890256  0.28890256  0.28890256  0.28127339  0.28127339  0.28127339  0.32826310  0.31226911  0.32826310  0.31226911  0.31226911  0.33639040  0.34460712  0.32826310  0.32022329  0.28890256  0.29661046  0.30439875  0.29661046  0.31226911  0.28127339  0.28890256  0.28890256  0.28890256  0.31226911  0.28890256  0.27372137  0.28127339  0.28127339  0.29661046  0.28127339  0.25151297  0.25151297  0.25151297  0.29661046  0.28127339  0.28890256  0.39590148  0.33639040  0.32826310  0.32022329  0.36131684  0.31226911  0.29661046  0.29661046  0.31226911  0.33639040  0.30439875  0.30439875  0.31226911  0.32022329  0.36131684  0.33639040  0.32826310  0.32022329  0.30439875  0.32826310  0.31226911  0.31226911  0.28890256  0.28127339  0.36981402  0.36131684  0.35291525  0.35291525  0.35291525  0.35291525  0.36131684  0.35291525  0.35291525  0.32826310  0.33639040  0.32022329  0.32826310  0.34460712  0.38710402  0.39590148  0.28890256  0.28127339  0.35291525  0.32826310  0.32022329  0.27372137  0.28890256  0.29661046  0.30439875  0.30439875  0.37840898  0.46056838  0.45098032  0.48012189  0.35291525  0.35291525  0.33639040  0.28890256  0.30439875  0.28890256  0.31226911  0.31226911  0.38710402  0.36981402  0.33639040  0.32826310  0.29661046  0.29661046  0.29661046  0.28890256  0.36981402  0.34460712  0.33639040  0.34460712  0.28890256  0.31226911  0.32022329  0.31226911  0.29661046  0.29661046  0.26624495  0.34460712  0.35291525  0.35291525  0.38710402  0.38710402  0.31226911  0.34460712  0.37840898  0.35291525  0.33639040  0.33639040  0.37840898  0.40480380  0.37840898  0.39590148  0.39590148  0.38710402  0.36131684  0.36131684  0.34460712  0.36981402  0.41381352  0.36131684  0.32022329  0.32022329  0.32022329  0.27372137  0.35291525  0.37840898  0.29661046  0.32826310  0.38710402  0.36131684  0.33639040  0.32022329  0.32022329  0.28127339  0.28127339  0.32022329  0.32022329  0.32826310  0.30439875  0.29661046  
56_1_0     0.17530481  0.15580285  0.15580285  0.18859489  0.00000000  0.00000000  0.34460712  0.32022329  0.32022329  0.36981402  0.35291525  0.37840898  0.36131684  0.34460712  0.32022329  0.32826310  0.32826310  0.32826310  0.32022329  0.34460712  0.35291525  0.34460712  0.32826310  0.35291525  0.36131684  0.36131684  0.35291525  0.36981402  0.36131684  0.36131684  0.35291525  0.37840898  0.36131684  0.36981402  0.35291525  0.36981402  0.36131684  0.37840898  0.36131684  0.36981402  0.36981402  0.40480380  0.38710402  0.35291525  0.21590632  0.22994593  0.25884263  0.24425453  0.27372137  0.34460712  0.32022329  0.29661046  0.30439875  0.34460712  0.30439875  0.28890256  0.27372137  0.28890256  0.32022329  0.29661046  0.29661046  0.30439875  0.31226911  0.32826310  0.32022329  0.32826310  0.30439875  0.34460712  0.35291525  0.36981402  0.36981402  0.36131684  0.36981402  0.33639040  0.32826310  0.31226911  0.30439875  0.34460712  0.30439875  0.36131684  0.34460712  0.34460712  0.35291525  0.33639040  0.30439875  0.31226911  0.32826310  0.40480380  0.39590148  0.31226911  0.30439875  0.38710402  0.33639040  0.32826310  0.29661046  0.34460712  0.32022329  0.31226911  0.30439875  0.41381352  0.47028115  0.37840898  0.42293326  0.34460712  0.34460712  0.34460712  0.26624495  0.27372137  0.26624495  0.28127339  0.28127339  0.32022329  0.30439875  0.30439875  0.29661046  0.30439875  0.29661046  0.29661046  0.30439875  0.32826310  0.30439875  0.29661046  0.29661046  0.28127339  0.28890256  0.28890256  0.30439875  0.28890256  0.28890256  0.24425453  0.31226911  0.32022329  0.32022329  0.34460712  0.34460712  0.29661046  0.31226911  0.32022329  0.29661046  0.33639040  0.33639040  0.34460712  0.39590148  0.31226911  0.31226911  0.32826310  0.35291525  0.36131684  0.35291525  0.34460712  0.32826310  0.36981402  0.31226911  0.34460712  0.33639040  0.34460712  0.36131684  0.36981402  0.41381352  0.30439875  0.36131684  0.36981402  0.36131684  0.33639040  0.36131684  0.36131684  0.33639040  0.33639040  0.28127339  0.28127339  0.30439875  0.28890256  0.28890256  
10_1_0     0.17530481  0.15580285  0.15580285  0.18859489  0.00000000  0.00000000  0.34460712  0.32022329  0.32022329  0.36981402  0.35291525  0.37840898  0.36131684  0.34460712  0.32022329  0.32826310  0.32826310  0.32826310  0.32022329  0.34460712  0.35291525  0.34460712  0.32826310  0.35291525  0.36131684  0.36131684  0.35291525  0.36981402  0.36131684  0.36131684  0.35291525  0.37840898  0.36131684  0.36981402  0.35291525  0.36981402  0.36131684  0.37840898  0.36131684  0.36981402  0.36981402  0.40480380  0.38710402  0.35291525  0.21590632  0.22994593  0.25884263  0.24425453  0.27372137  0.34460712  0.32022329  0.29661046  0.30439875  0.34460712  0.30439875  0.28890256  0.27372137  0.28890256  0.32022329  0.29661046  0.29661046  0.30439875  0.31226911  0.32826310  0.32022329  0.32826310  0.30439875  0.34460712  0.35291525  0.36981402  0.36981402  0.36131684  0.36981402  0.33639040  0.32826310  0.31226911  0.30439875  0.34460712  0.30439875  0.36131684  0.34460712  0.34460712  0.35291525  0.33639040  0.30439875  0.31226911  0.32826310  0.40480380  0.39590148  0.31226911  0.30439875  0.38710402  0.33639040  0.32826310  0.29661046  0.34460712  0.32022329  0.31226911  0.30439875  0.41381352  0.47028115  0.37840898  0.42293326  0.34460712  0.34460712  0.34460712  0.26624495  0.27372137  0.26624495  0.28127339  0.28127339  0.32022329  0.30439875  0.30439875  0.29661046  0.30439875  0.29661046  0.29661046  0.30439875  0.32826310  0.30439875  0.29661046  0.29661046  0.28127339  0.28890256  0.28890256  0.30439875  0.28890256  0.28890256  0.24425453  0.31226911  0.32022329  0.32022329  0.34460712  0.34460712  0.29661046  0.31226911  0.32022329  0.29661046  0.33639040  0.33639040  0.34460712  0.39590148  0.31226911  0.31226911  0.32826310  0.35291525  0.36131684  0.35291525  0.34460712  0.32826310  0.36981402  0.31226911  0.34460712  0.33639040  0.34460712  0.36131684  0.36981402  0.41381352  0.30439875  0.36131684  0.36981402  0.36131684  0.33639040  0.36131684  0.36131684  0.33639040  0.33639040  0.28127339  0.28127339  0.30439875  0.28890256  0.28890256  
59_6_0     0.28127339  0.22289314  0.22289314  0.27372137  0.34460712  0.34460712  0.00000000  0.03737828  0.03737828  0.07097663  0.08252057  0.13679721  0.10017810  0.11826324  0.10017810  0.11826324  0.10615795  0.11826324  0.16224709  0.15580285  0.18192029  0.18192029  0.13056797  0.14941375  0.15580285  0.11826324  0.14941375  0.16874741  0.17530481  0.16874741  0.16874741  0.16224709  0.14941375  0.14307884  0.15580285  0.16874741  0.17530481  0.16224709  0.14941375  0.15580285  0.15580285  0.18192029  0.18192029  0.14307884  0.30439875  0.28890256  0.32826310  0.32826310  0.30439875  0.34460712  0.34460712  0.33639040  0.34460712  0.35291525  0.32826310  0.32826310  0.32826310  0.32826310  0.34460712  0.32826310  0.31226911  0.32022329  0.29661046  0.32022329  0.28127339  0.27372137  0.29661046  0.31226911  0.35291525  0.35291525  0.35291525  0.38710402  0.37840898  0.32826310  0.33639040  0.33639040  0.34460712  0.31226911  0.36131684  0.36131684  0.35291525  0.35291525  0.33639040  0.30439875  0.28890256  0.29661046  0.31226911  0.37840898  0.36981402  0.32022329  0.31226911  0.32022329  0.31226911  0.30439875  0.32826310  0.34460712  0.33639040  0.37840898  0.32826310  0.37840898  0.41381352  0.44151378  0.43216574  0.35291525  0.35291525  0.29661046  0.38710402  0.36131684  0.36981402  0.39590148  0.43216574  0.50020113  0.49009403  0.37840898  0.36981402  0.35291525  0.32826310  0.34460712  0.33639040  0.40480380  0.34460712  0.35291525  0.36131684  0.40480380  0.39590148  0.44151378  0.43216574  0.39590148  0.43216574  0.41381352  0.41381352  0.42293326  0.44151378  0.43216574  0.43216574  0.36131684  0.39590148  0.41381352  0.40480380  0.44151378  0.44151378  0.41381352  0.41381352  0.42293326  0.40480380  0.42293326  0.42293326  0.45098032  0.42293326  0.43216574  0.47028115  0.39590148  0.37840898  0.37840898  0.38710402  0.37840898  0.44151378  0.47028115  0.36981402  0.31226911  0.32022329  0.32826310  0.35291525  0.36131684  0.33639040  0.33639040  0.32826310  0.32826310  0.33639040  0.33639040  0.36981402  0.32826310  0.32022329  
64_6_0     0.27372137  0.22994593  0.22994593  0.23706597  0.32022329  0.32022329  0.03737828  0.00000000  0.00000000  0.07672629  0.10017810  0.14307884  0.09424575  0.12439027  0.10615795  0.12439027  0.11218607  0.12439027  0.18192029  0.16224709  0.18859489  0.18859489  0.13679721  0.15580285  0.16224709  0.13679721  0.15580285  0.16224709  0.16874741  0.14941375  0.14941375  0.11826324  0.10615795  0.12439027  0.14941375  0.16224709  0.16874741  0.13056797  0.11826324  0.12439027  0.12439027  0.14941375  0.14941375  0.11218607  0.31226911  0.31226911  0.35291525  0.33639040  0.29661046  0.33639040  0.33639040  0.32826310  0.32022329  0.34460712  0.30439875  0.30439875  0.30439875  0.30439875  0.35291525  0.30439875  0.28890256  0.29661046  0.28890256  0.29661046  0.25884263  0.25151297  0.27372137  0.31226911  0.32826310  0.34460712  0.34460712  0.34460712  0.33639040  0.33639040  0.34460712  0.31226911  0.32022329  0.30439875  0.36981402  0.33639040  0.32826310  0.32826310  0.32022329  0.29661046  0.28127339  0.28890256  0.30439875  0.38710402  0.37840898  0.29661046  0.28890256  0.31226911  0.30439875  0.31226911  0.30439875  0.33639040  0.32826310  0.38710402  0.32022329  0.40480380  0.44151378  0.43216574  0.39590148  0.32826310  0.32826310  0.28890256  0.36131684  0.35291525  0.34460712  0.36981402  0.40480380  0.47028115  0.44151378  0.37840898  0.36981402  0.34460712  0.33639040  0.33639040  0.32826310  0.37840898  0.35291525  0.36131684  0.36981402  0.36131684  0.36981402  0.39590148  0.38710402  0.35291525  0.38710402  0.36981402  0.40480380  0.41381352  0.41381352  0.44151378  0.44151378  0.35291525  0.38710402  0.40480380  0.39590148  0.43216574  0.43216574  0.40480380  0.42293326  0.43216574  0.43216574  0.43216574  0.39590148  0.42293326  0.41381352  0.40480380  0.44151378  0.42293326  0.38710402  0.36981402  0.37840898  0.36981402  0.41381352  0.42293326  0.34460712  0.28890256  0.29661046  0.33639040  0.33639040  0.34460712  0.31226911  0.31226911  0.28890256  0.28890256  0.29661046  0.29661046  0.34460712  0.30439875  0.32826310  
41_6_0     0.27372137  0.22994593  0.22994593  0.23706597  0.32022329  0.32022329  0.03737828  0.00000000  0.00000000  0.07672629  0.10017810  0.14307884  0.09424575  0.12439027  0.10615795  0.12439027  0.11218607  0.12439027  0.18192029  0.16224709  0.18859489  0.18859489  0.13679721  0.15580285  0.16224709  0.13679721  0.15580285  0.16224709  0.16874741  0.14941375  0.14941375  0.11826324  0.10615795  0.12439027  0.14941375  0.16224709  0.16874741  0.13056797  0.11826324  0.12439027  0.12439027  0.14941375  0.14941375  0.11218607  0.31226911  0.31226911  0.35291525  0.33639040  0.29661046  0.33639040  0.33639040  0.32826310  0.32022329  0.34460712  0.30439875  0.30439875  0.30439875  0.30439875  0.35291525  0.30439875  0.28890256  0.29661046  0.28890256  0.29661046  0.25884263  0.25151297  0.27372137  0.31226911  0.32826310  0.34460712  0.34460712  0.34460712  0.33639040  0.33639040  0.34460712  0.31226911  0.32022329  0.30439875  0.36981402  0.33639040  0.32826310  0.32826310  0.32022329  0.29661046  0.28127339  0.28890256  0.30439875  0.38710402  0.37840898  0.29661046  0.28890256  0.31226911  0.30439875  0.31226911  0.30439875  0.33639040  0.32826310  0.38710402  0.32022329  0.40480380  0.44151378  0.43216574  0.39590148  0.32826310  0.32826310  0.28890256  0.36131684  0.35291525  0.34460712  0.36981402  0.40480380  0.47028115  0.44151378  0.37840898  0.36981402  0.34460712  0.33639040  0.33639040  0.32826310  0.37840898  0.35291525  0.36131684  0.36981402  0.36131684  0.36981402  0.39590148  0.38710402  0.35291525  0.38710402  0.36981402  0.40480380  0.41381352  0.41381352  0.44151378  0.44151378  0.35291525  0.38710402  0.40480380  0.39590148  0.43216574  0.43216574  0.40480380  0.42293326  0.43216574  0.43216574  0.43216574  0.39590148  0.42293326  0.41381352  0.40480380  0.44151378  0.42293326  0.38710402  0.36981402  0.37840898  0.36981402  0.41381352  0.42293326  0.34460712  0.28890256  0.29661046  0.33639040  0.33639040  0.34460712  0.31226911  0.31226911  0.28890256  0.28890256  0.29661046  0.29661046  0.34460712  0.30439875  0.32826310  
66_6_0     0.35291525  0.28890256  0.28890256  0.31226911  0.36981402  0.36981402  0.07097663  0.07672629  0.07672629  0.00000000  0.10017810  0.11826324  0.09424575  0.10017810  0.10615795  0.12439027  0.11218607  0.12439027  0.17530481  0.16224709  0.14941375  0.16874741  0.12439027  0.14307884  0.13679721  0.14941375  0.18192029  0.16224709  0.16874741  0.16224709  0.17530481  0.16874741  0.16874741  0.17530481  0.14941375  0.16224709  0.15580285  0.15580285  0.14307884  0.14941375  0.14941375  0.17530481  0.17530481  0.13679721  0.32826310  0.34460712  0.35291525  0.35291525  0.31226911  0.38710402  0.35291525  0.34460712  0.33639040  0.36131684  0.33639040  0.36981402  0.35291525  0.35291525  0.36981402  0.33639040  0.32022329  0.32826310  0.30439875  0.34460712  0.28890256  0.29661046  0.32022329  0.36981402  0.38710402  0.37840898  0.37840898  0.41381352  0.40480380  0.32022329  0.32826310  0.32826310  0.33639040  0.35291525  0.40480380  0.37840898  0.36981402  0.36981402  0.36131684  0.29661046  0.31226911  0.30439875  0.30439875  0.40480380  0.39590148  0.34460712  0.33639040  0.36131684  0.36981402  0.36131684  0.35291525  0.36981402  0.34460712  0.36981402  0.33639040  0.42293326  0.42293326  0.46056838  0.43216574  0.36981402  0.36981402  0.29661046  0.37840898  0.35291525  0.36131684  0.38710402  0.45098032  0.49009403  0.49009403  0.41381352  0.40480380  0.36131684  0.36981402  0.38710402  0.37840898  0.39590148  0.40480380  0.41381352  0.42293326  0.43216574  0.42293326  0.45098032  0.42293326  0.40480380  0.44151378  0.42293326  0.42293326  0.43216574  0.45098032  0.44151378  0.44151378  0.35291525  0.38710402  0.42293326  0.37840898  0.43216574  0.43216574  0.40480380  0.40480380  0.39590148  0.39590148  0.39590148  0.43216574  0.48012189  0.45098032  0.42293326  0.44151378  0.45098032  0.41381352  0.42293326  0.43216574  0.42293326  0.46056838  0.46056838  0.37840898  0.28127339  0.29661046  0.32022329  0.29661046  0.32022329  0.31226911  0.31226911  0.32022329  0.32022329  0.31226911  0.31226911  0.36131684  0.35291525  0.34460712  
56_10_0    0.30439875  0.24425453  0.24425453  0.29661046  0.35291525  0.35291525  0.08252057  0.10017810  0.10017810  0.10017810  0.00000000  0.11826324  0.07672629  0.10017810  0.09424575  0.10017810  0.08836015  0.10017810  0.16874741  0.14941375  0.17530481  0.17530481  0.12439027  0.14307884  0.14941375  0.12439027  0.15580285  0.16224709  0.16874741  0.16874741  0.16224709  0.15580285  0.15580285  0.16224709  0.13679721  0.14941375  0.15580285  0.15580285  0.14307884  0.13679721  0.13679721  0.16224709  0.16224709  0.13679721  0.32826310  0.32826310  0.36981402  0.36981402  0.34460712  0.40480380  0.36981402  0.36131684  0.35291525  0.39590148  0.33639040  0.35291525  0.33639040  0.32022329  0.36981402  0.32022329  0.30439875  0.31226911  0.30439875  0.34460712  0.28890256  0.29661046  0.32022329  0.35291525  0.39590148  0.37840898  0.37840898  0.39590148  0.40480380  0.33639040  0.34460712  0.32826310  0.33639040  0.32022329  0.40480380  0.36131684  0.35291525  0.35291525  0.34460712  0.28890256  0.29661046  0.28890256  0.28890256  0.34460712  0.33639040  0.31226911  0.30439875  0.31226911  0.32022329  0.31226911  0.33639040  0.35291525  0.32826310  0.38710402  0.30439875  0.40480380  0.42293326  0.46056838  0.44151378  0.34460712  0.34460712  0.32022329  0.36131684  0.33639040  0.34460712  0.36981402  0.41381352  0.47028115  0.45098032  0.40480380  0.39590148  0.37840898  0.35291525  0.36981402  0.36131684  0.41381352  0.38710402  0.37840898  0.38710402  0.44151378  0.41381352  0.46056838  0.43216574  0.41381352  0.45098032  0.43216574  0.40480380  0.41381352  0.43216574  0.40480380  0.40480380  0.33639040  0.36981402  0.38710402  0.36131684  0.39590148  0.39590148  0.38710402  0.40480380  0.39590148  0.37840898  0.39590148  0.39590148  0.44151378  0.41381352  0.42293326  0.42293326  0.40480380  0.36131684  0.35291525  0.36131684  0.35291525  0.43216574  0.43216574  0.43216574  0.32826310  0.31226911  0.32022329  0.36131684  0.35291525  0.37840898  0.37840898  0.32022329  0.32022329  0.32826310  0.32826310  0.37840898  0.35291525  0.34460712  
19_10_0    0.31226911  0.26624495  0.26624495  0.32022329  0.37840898  0.37840898  0.13679721  0.14307884  0.14307884  0.11826324  0.11826324  0.00000000  0.06527088  0.14307884  0.13679721  0.10615795  0.09424575  0.09424575  0.16224709  0.14307884  0.14307884  0.16224709  0.14307884  0.16224709  0.15580285  0.15580285  0.18859489  0.13679721  0.14307884  0.16874741  0.18192029  0.16224709  0.18859489  0.19532969  0.15580285  0.16874741  0.17530481  0.14941375  0.14941375  0.14307884  0.14307884  0.16874741  0.16874741  0.14307884  0.30439875  0.30439875  0.31226911  0.31226911  0.32022329  0.36131684  0.32826310  0.32022329  0.31226911  0.35291525  0.34460712  0.36131684  0.34460712  0.32826310  0.36131684  0.32826310  0.31226911  0.32022329  0.31226911  0.30439875  0.28127339  0.28890256  0.29661046  0.31226911  0.36131684  0.36981402  0.36981402  0.38710402  0.37840898  0.29661046  0.30439875  0.32022329  0.32826310  0.35291525  0.36131684  0.30439875  0.31226911  0.31226911  0.30439875  0.24425453  0.25884263  0.25151297  0.25151297  0.34460712  0.33639040  0.35291525  0.34460712  0.33639040  0.31226911  0.32022329  0.29661046  0.37840898  0.35291525  0.34460712  0.37840898  0.37840898  0.36131684  0.47028115  0.47028115  0.38710402  0.38710402  0.34460712  0.38710402  0.36131684  0.36981402  0.39590148  0.44151378  0.46056838  0.46056838  0.42293326  0.41381352  0.38710402  0.41381352  0.43216574  0.42293326  0.42293326  0.45098032  0.44151378  0.45098032  0.46056838  0.45098032  0.48012189  0.45098032  0.45098032  0.45098032  0.47028115  0.39590148  0.40480380  0.40480380  0.43216574  0.43216574  0.39590148  0.43216574  0.49009403  0.42293326  0.44151378  0.44151378  0.47028115  0.43216574  0.42293326  0.44151378  0.44151378  0.46056838  0.49009403  0.46056838  0.49009403  0.49009403  0.43216574  0.40480380  0.41381352  0.42293326  0.41381352  0.47028115  0.43216574  0.40480380  0.30439875  0.30439875  0.36131684  0.32022329  0.32826310  0.32022329  0.32022329  0.32826310  0.32826310  0.35291525  0.35291525  0.35291525  0.34460712  0.35291525  
19_14_0    0.32826310  0.28127339  0.28127339  0.28890256  0.36131684  0.36131684  0.10017810  0.09424575  0.09424575  0.09424575  0.07672629  0.06527088  0.00000000  0.11826324  0.11218607  0.09424575  0.08252057  0.08252057  0.14941375  0.13056797  0.14307884  0.14941375  0.11218607  0.13056797  0.12439027  0.13056797  0.16224709  0.13056797  0.13679721  0.14307884  0.14307884  0.14941375  0.16224709  0.15580285  0.14307884  0.15580285  0.14941375  0.14941375  0.13679721  0.13056797  0.13056797  0.15580285  0.15580285  0.13056797  0.33639040  0.35291525  0.34460712  0.34460712  0.32022329  0.41381352  0.32826310  0.33639040  0.32826310  0.35291525  0.32826310  0.32826310  0.32826310  0.31226911  0.37840898  0.34460712  0.32826310  0.33639040  0.32826310  0.32022329  0.29661046  0.30439875  0.31226911  0.36131684  0.37840898  0.40480380  0.40480380  0.42293326  0.41381352  0.31226911  0.32022329  0.33639040  0.34460712  0.36131684  0.39590148  0.35291525  0.34460712  0.34460712  0.33639040  0.27372137  0.28890256  0.28127339  0.28127339  0.39590148  0.38710402  0.33639040  0.32826310  0.35291525  0.34460712  0.35291525  0.32826310  0.35291525  0.34460712  0.36981402  0.33639040  0.43216574  0.45098032  0.47028115  0.45098032  0.36981402  0.36981402  0.32826310  0.40480380  0.37840898  0.38710402  0.41381352  0.40480380  0.47028115  0.44151378  0.42293326  0.41381352  0.38710402  0.39590148  0.41381352  0.40480380  0.40480380  0.39590148  0.38710402  0.39590148  0.40480380  0.41381352  0.44151378  0.41381352  0.39590148  0.43216574  0.43216574  0.39590148  0.40480380  0.42293326  0.43216574  0.43216574  0.36981402  0.40480380  0.44151378  0.39590148  0.37840898  0.37840898  0.44151378  0.40480380  0.41381352  0.43216574  0.43216574  0.41381352  0.44151378  0.43216574  0.42293326  0.44151378  0.42293326  0.39590148  0.38710402  0.39590148  0.38710402  0.45098032  0.43216574  0.42293326  0.28890256  0.25884263  0.31226911  0.33639040  0.34460712  0.32022329  0.32022329  0.31226911  0.31226911  0.30439875  0.30439875  0.33639040  0.36131684  0.33639040  
48_6_0     0.28127339  0.25151297  0.25151297  0.28890256  0.34460712  0.34460712  0.11826324  0.12439027  0.12439027  0.10017810  0.10017810  0.14307884  0.11826324  0.00000000  0.03737828  0.11218607  0.10017810  0.11218607  0.17530481  0.14941375  0.16224709  0.17530481  0.12439027  0.14307884  0.14941375  0.11218607  0.14307884  0.18859489  0.19532969  0.16224709  0.17530481  0.15580285  0.16874741  0.17530481  0.13679721  0.14941375  0.15580285  0.16874741  0.15580285  0.14941375  0.14941375  0.17530481  0.17530481  0.14941375  0.31226911  0.31226911  0.36981402  0.36981402  0.32826310  0.36981402  0.36981402  0.36131684  0.35291525  0.37840898  0.33639040  0.35291525  0.35291525  0.33639040  0.38710402  0.30439875  0.28890256  0.29661046  0.28890256  0.34460712  0.27372137  0.28127339  0.30439875  0.36981402  0.36131684  0.37840898  0.37840898  0.38710402  0.39590148  0.32022329  0.32826310  0.31226911  0.30439875  0.34460712  0.36981402  0.36131684  0.36981402  0.36981402  0.36131684  0.32022329  0.32826310  0.32022329  0.32022329  0.38710402  0.37840898  0.34460712  0.33639040  0.36131684  0.33639040  0.32826310  0.33639040  0.35291525  0.34460712  0.35291525  0.32022329  0.36981402  0.33639040  0.43216574  0.41381352  0.33639040  0.33639040  0.26624495  0.36131684  0.35291525  0.34460712  0.36981402  0.36981402  0.41381352  0.46056838  0.36981402  0.36131684  0.34460712  0.33639040  0.35291525  0.34460712  0.34460712  0.38710402  0.37840898  0.38710402  0.39590148  0.40480380  0.43216574  0.42293326  0.40480380  0.42293326  0.42293326  0.37840898  0.38710402  0.40480380  0.40480380  0.40480380  0.36981402  0.40480380  0.38710402  0.37840898  0.43216574  0.43216574  0.42293326  0.48012189  0.43216574  0.43216574  0.43216574  0.39590148  0.44151378  0.43216574  0.40480380  0.46056838  0.42293326  0.43216574  0.42293326  0.41381352  0.42293326  0.41381352  0.41381352  0.39590148  0.32022329  0.32826310  0.32022329  0.34460712  0.33639040  0.33639040  0.33639040  0.32022329  0.32022329  0.32826310  0.32826310  0.33639040  0.31226911  0.32022329  
48_9_0     0.28127339  0.26624495  0.26624495  0.28890256  0.32022329  0.32022329  0.10017810  0.10615795  0.10615795  0.10615795  0.09424575  0.13679721  0.11218607  0.03737828  0.00000000  0.10615795  0.09424575  0.09424575  0.16224709  0.13056797  0.15580285  0.16874741  0.11826324  0.13679721  0.14307884  0.10615795  0.12439027  0.19532969  0.20212577  0.16874741  0.16874741  0.16224709  0.16224709  0.16874741  0.15580285  0.16874741  0.17530481  0.17530481  0.16224709  0.15580285  0.15580285  0.18192029  0.18192029  0.15580285  0.30439875  0.30439875  0.34460712  0.34460712  0.30439875  0.36131684  0.36131684  0.35291525  0.34460712  0.36981402  0.31226911  0.32826310  0.32826310  0.31226911  0.37840898  0.29661046  0.28127339  0.28890256  0.28127339  0.32022329  0.28127339  0.28890256  0.29661046  0.36131684  0.36981402  0.38710402  0.38710402  0.38710402  0.39590148  0.36131684  0.36981402  0.33639040  0.34460712  0.30439875  0.36131684  0.34460712  0.36981402  0.36981402  0.36131684  0.31226911  0.30439875  0.29661046  0.31226911  0.39590148  0.38710402  0.32022329  0.31226911  0.33639040  0.31226911  0.30439875  0.32826310  0.34460712  0.33639040  0.39590148  0.34460712  0.36131684  0.36131684  0.41381352  0.39590148  0.38710402  0.38710402  0.28127339  0.38710402  0.36131684  0.36981402  0.39590148  0.37840898  0.42293326  0.47028115  0.37840898  0.36981402  0.33639040  0.34460712  0.36131684  0.35291525  0.36981402  0.39590148  0.38710402  0.39590148  0.40480380  0.41381352  0.44151378  0.45098032  0.41381352  0.41381352  0.41381352  0.38710402  0.39590148  0.41381352  0.41381352  0.41381352  0.37840898  0.41381352  0.39590148  0.38710402  0.46056838  0.46056838  0.45098032  0.49009403  0.44151378  0.42293326  0.44151378  0.42293326  0.47028115  0.42293326  0.43216574  0.45098032  0.43216574  0.43216574  0.43216574  0.44151378  0.43216574  0.44151378  0.45098032  0.38710402  0.34460712  0.32022329  0.34460712  0.33639040  0.32826310  0.34460712  0.34460712  0.29661046  0.29661046  0.32022329  0.32022329  0.34460712  0.32022329  0.31226911  
9_6_0      0.28890256  0.24425453  0.24425453  0.28127339  0.32826310  0.32826310  0.11826324  0.12439027  0.12439027  0.12439027  0.10017810  0.10615795  0.09424575  0.11218607  0.10615795  0.00000000  0.01048999  0.02112943  0.10615795  0.08836015  0.12439027  0.11218607  0.08252057  0.10017810  0.10615795  0.10017810  0.11826324  0.14941375  0.15580285  0.17530481  0.16224709  0.18192029  0.18192029  0.20212577  0.17530481  0.18859489  0.19532969  0.18192029  0.16874741  0.14941375  0.14941375  0.18859489  0.18859489  0.16224709  0.28127339  0.28127339  0.32022329  0.32022329  0.31226911  0.36131684  0.34460712  0.35291525  0.34460712  0.38710402  0.34460712  0.36131684  0.34460712  0.32826310  0.38710402  0.32022329  0.30439875  0.31226911  0.30439875  0.36131684  0.32022329  0.32826310  0.33639040  0.33639040  0.37840898  0.37840898  0.37840898  0.37840898  0.36981402  0.31226911  0.32022329  0.28890256  0.29661046  0.28127339  0.40480380  0.36131684  0.36981402  0.36981402  0.36131684  0.30439875  0.31226911  0.30439875  0.30439875  0.40480380  0.39590148  0.34460712  0.33639040  0.37840898  0.33639040  0.32826310  0.33639040  0.29661046  0.27372137  0.34460712  0.32826310  0.34460712  0.36131684  0.46056838  0.44151378  0.32826310  0.32826310  0.27372137  0.32826310  0.30439875  0.31226911  0.33639040  0.36981402  0.40480380  0.42293326  0.36981402  0.36131684  0.34460712  0.33639040  0.35291525  0.34460712  0.32826310  0.35291525  0.34460712  0.35291525  0.39590148  0.38710402  0.37840898  0.36981402  0.36981402  0.38710402  0.36981402  0.35291525  0.36131684  0.37840898  0.38710402  0.38710402  0.33639040  0.36981402  0.40480380  0.36131684  0.39590148  0.39590148  0.40480380  0.38710402  0.39590148  0.39590148  0.41381352  0.41381352  0.42293326  0.41381352  0.38710402  0.40480380  0.42293326  0.36131684  0.33639040  0.34460712  0.33639040  0.41381352  0.41381352  0.39590148  0.32022329  0.31226911  0.35291525  0.36131684  0.35291525  0.32022329  0.32022329  0.33639040  0.33639040  0.35291525  0.35291525  0.35291525  0.33639040  0.36131684  
43_6_0     0.28890256  0.24425453  0.24425453  0.28127339  0.32826310  0.32826310  0.10615795  0.11218607  0.11218607  0.11218607  0.08836015  0.09424575  0.08252057  0.10017810  0.09424575  0.01048999  0.00000000  0.02112943  0.10615795  0.08836015  0.12439027  0.11218607  0.08252057  0.10017810  0.10615795  0.08836015  0.11826324  0.13679721  0.14307884  0.16224709  0.16224709  0.16874741  0.16874741  0.18859489  0.16224709  0.17530481  0.18192029  0.16874741  0.15580285  0.13679721  0.13679721  0.17530481  0.17530481  0.14941375  0.28127339  0.28127339  0.32022329  0.32022329  0.29661046  0.34460712  0.34460712  0.35291525  0.34460712  0.38710402  0.32826310  0.34460712  0.32826310  0.31226911  0.38710402  0.30439875  0.28890256  0.29661046  0.28890256  0.34460712  0.30439875  0.31226911  0.32022329  0.32022329  0.36131684  0.37840898  0.37840898  0.37840898  0.36981402  0.29661046  0.30439875  0.28890256  0.29661046  0.29661046  0.38710402  0.34460712  0.35291525  0.35291525  0.34460712  0.28890256  0.29661046  0.28890256  0.28890256  0.38710402  0.37840898  0.32826310  0.32022329  0.36131684  0.32022329  0.31226911  0.32022329  0.31226911  0.28890256  0.36131684  0.32826310  0.35291525  0.35291525  0.46056838  0.44151378  0.32826310  0.32826310  0.28890256  0.34460712  0.32022329  0.32826310  0.35291525  0.38710402  0.42293326  0.44151378  0.36981402  0.36131684  0.36131684  0.35291525  0.36981402  0.36131684  0.34460712  0.36981402  0.36131684  0.36981402  0.39590148  0.38710402  0.39590148  0.38710402  0.38710402  0.40480380  0.38710402  0.35291525  0.36131684  0.37840898  0.40480380  0.40480380  0.35291525  0.38710402  0.42293326  0.37840898  0.41381352  0.41381352  0.42293326  0.40480380  0.41381352  0.41381352  0.43216574  0.41381352  0.44151378  0.43216574  0.40480380  0.42293326  0.44151378  0.36131684  0.35291525  0.36131684  0.35291525  0.41381352  0.41381352  0.39590148  0.30439875  0.29661046  0.33639040  0.34460712  0.33639040  0.32022329  0.32022329  0.33639040  0.33639040  0.34460712  0.34460712  0.35291525  0.33639040  0.34460712  
58_6_0     0.32022329  0.25884263  0.25884263  0.28127339  0.32826310  0.32826310  0.11826324  0.12439027  0.12439027  0.12439027  0.10017810  0.09424575  0.08252057  0.11218607  0.09424575  0.02112943  0.02112943  0.00000000  0.10615795  0.08836015  0.12439027  0.11218607  0.08252057  0.10017810  0.10615795  0.10017810  0.10615795  0.13679721  0.14307884  0.16224709  0.14941375  0.16874741  0.18192029  0.17530481  0.16224709  0.17530481  0.18192029  0.16874741  0.15580285  0.13679721  0.13679721  0.17530481  0.17530481  0.14941375  0.28127339  0.28127339  0.30439875  0.30439875  0.29661046  0.36981402  0.33639040  0.34460712  0.33639040  0.37840898  0.35291525  0.36981402  0.35291525  0.33639040  0.38710402  0.30439875  0.28890256  0.29661046  0.28890256  0.34460712  0.32022329  0.32826310  0.32022329  0.32022329  0.36131684  0.37840898  0.37840898  0.37840898  0.36981402  0.32022329  0.32826310  0.29661046  0.30439875  0.28127339  0.38710402  0.34460712  0.35291525  0.35291525  0.34460712  0.28890256  0.29661046  0.28890256  0.28890256  0.40480380  0.39590148  0.32826310  0.32022329  0.36131684  0.32022329  0.31226911  0.32022329  0.31226911  0.28890256  0.36131684  0.32826310  0.36131684  0.36131684  0.44151378  0.42293326  0.32826310  0.32826310  0.28890256  0.34460712  0.32022329  0.32826310  0.35291525  0.36981402  0.40480380  0.44151378  0.38710402  0.37840898  0.34460712  0.35291525  0.36981402  0.36131684  0.32826310  0.36981402  0.36131684  0.36981402  0.41381352  0.40480380  0.39590148  0.38710402  0.38710402  0.38710402  0.36981402  0.33639040  0.34460712  0.36131684  0.38710402  0.38710402  0.35291525  0.38710402  0.42293326  0.37840898  0.41381352  0.41381352  0.42293326  0.40480380  0.39590148  0.39590148  0.41381352  0.41381352  0.44151378  0.43216574  0.40480380  0.40480380  0.43216574  0.37840898  0.35291525  0.36131684  0.35291525  0.41381352  0.41381352  0.39590148  0.32022329  0.29661046  0.35291525  0.34460712  0.33639040  0.33639040  0.33639040  0.33639040  0.33639040  0.34460712  0.34460712  0.35291525  0.35291525  0.34460712  
8_6_0      0.32022329  0.29661046  0.29661046  0.32826310  0.32022329  0.32022329  0.16224709  0.18192029  0.18192029  0.17530481  0.16874741  0.16224709  0.14941375  0.17530481  0.16224709  0.10615795  0.10615795  0.10615795  0.00000000  0.03737828  0.05398853  0.03192262  0.08836015  0.10017810  0.10615795  0.11826324  0.13679721  0.22994593  0.23706597  0.23706597  0.21590632  0.24425453  0.24425453  0.26624495  0.21590632  0.22994593  0.23706597  0.22289314  0.23706597  0.21590632  0.21590632  0.24425453  0.24425453  0.22994593  0.28127339  0.29661046  0.30439875  0.32022329  0.28127339  0.32022329  0.34460712  0.33639040  0.34460712  0.36981402  0.32826310  0.34460712  0.32826310  0.31226911  0.38710402  0.30439875  0.28890256  0.29661046  0.28890256  0.33639040  0.30439875  0.29661046  0.30439875  0.36131684  0.39590148  0.40480380  0.40480380  0.43216574  0.42293326  0.33639040  0.34460712  0.31226911  0.32022329  0.32022329  0.35291525  0.36131684  0.34460712  0.34460712  0.32826310  0.32022329  0.31226911  0.30439875  0.32022329  0.40480380  0.39590148  0.34460712  0.33639040  0.36131684  0.30439875  0.29661046  0.32022329  0.33639040  0.31226911  0.34460712  0.32022329  0.35291525  0.36981402  0.42293326  0.42293326  0.32022329  0.32022329  0.29661046  0.30439875  0.29661046  0.28890256  0.31226911  0.36981402  0.36131684  0.40480380  0.33639040  0.32826310  0.32022329  0.31226911  0.32826310  0.32022329  0.30439875  0.32826310  0.32022329  0.32826310  0.35291525  0.34460712  0.36981402  0.34460712  0.34460712  0.36131684  0.36131684  0.32826310  0.33639040  0.35291525  0.37840898  0.36131684  0.36131684  0.37840898  0.41381352  0.35291525  0.36981402  0.36981402  0.39590148  0.36131684  0.36981402  0.37840898  0.38710402  0.39590148  0.40480380  0.39590148  0.36981402  0.36131684  0.40480380  0.35291525  0.34460712  0.35291525  0.34460712  0.42293326  0.39590148  0.46056838  0.36981402  0.32826310  0.36981402  0.37840898  0.35291525  0.33639040  0.33639040  0.40480380  0.40480380  0.37840898  0.37840898  0.36981402  0.36981402  0.36131684  
