20
2_0_0      0.00000000  0.00375595  0.00000000  0.14383556  0.15269579  0.15269579  0.15269579  0.14777558  0.15222347  0.12936078  0.12936078  0.12936078  0.12936078  0.12462875  0.13330278  0.15178016  0.15669969  0.14777558  0.13730932  0.13292663  
3_0_0      0.00375595  0.00000000  0.00375595  0.14825177  0.15716800  0.15716800  0.15716800  0.15222347  0.15669969  0.13370683  0.13370683  0.13370683  0.13370683  0.12895231  0.13768052  0.15626077  0.16120461  0.15222347  0.14171980  0.13730932  
1_0_0      0.00000000  0.00375595  0.00000000  0.14383556  0.15269579  0.15269579  0.15269579  0.14777558  0.15222347  0.12936078  0.12936078  0.12936078  0.12936078  0.12462875  0.13330278  0.15178016  0.15669969  0.14777558  0.13730932  0.13292663  
16_0_0     0.14383556  0.14825177  0.14383556  0.00000000  0.05089406  0.04272144  0.04272144  0.04679082  0.05901966  0.04302145  0.04302145  0.04712516  0.04302145  0.10557213  0.13730932  0.12789271  0.13257854  0.11464354  0.12789271  0.11893385  
7_0_0      0.15269579  0.15716800  0.15269579  0.05089406  0.00000000  0.01521352  0.01521352  0.00754810  0.01133263  0.02677159  0.02677159  0.03071095  0.05089406  0.11924258  0.13665236  0.13196715  0.12732603  0.13257854  0.12732603  0.13225866  
13_0_0     0.15269579  0.15716800  0.15269579  0.04272144  0.01521352  0.00000000  0.00000000  0.01521352  0.02684439  0.03468204  0.03468204  0.03868536  0.04272144  0.12857137  0.13196715  0.12272817  0.11817278  0.12789271  0.12732603  0.11839878  
9_0_0      0.15269579  0.15716800  0.15269579  0.04272144  0.01521352  0.00000000  0.00000000  0.01521352  0.02684439  0.03468204  0.03468204  0.03868536  0.04272144  0.12857137  0.13196715  0.12272817  0.11817278  0.12789271  0.12732603  0.11839878  
17_0_0     0.14777558  0.15222347  0.14777558  0.04679082  0.00754810  0.01521352  0.01521352  0.00000000  0.01133263  0.03071095  0.03071095  0.03468204  0.04679082  0.11924258  0.13665236  0.13196715  0.12732603  0.13257854  0.12732603  0.13225866  
11_0_0     0.15222347  0.15669969  0.15222347  0.05901966  0.01133263  0.02684439  0.02684439  0.01133263  0.00000000  0.03459992  0.03459992  0.03858683  0.05486481  0.12355414  0.13636695  0.14107421  0.13636695  0.14171980  0.13636695  0.14138251  
10_0_0     0.12936078  0.13370683  0.12936078  0.04302145  0.02677159  0.03468204  0.03468204  0.03071095  0.03459992  0.00000000  0.00000000  0.00375961  0.03091129  0.11464354  0.10958227  0.11409655  0.11865252  0.10557213  0.11409655  0.11893385  
12_0_0     0.12936078  0.13370683  0.12936078  0.04302145  0.02677159  0.03468204  0.03468204  0.03071095  0.03459992  0.00000000  0.00000000  0.00375961  0.03091129  0.11464354  0.10958227  0.11409655  0.11865252  0.10557213  0.11409655  0.11893385  
4_0_0      0.12936078  0.13370683  0.12936078  0.04712516  0.03071095  0.03868536  0.03868536  0.03468204  0.03858683  0.00375961  0.00375961  0.00000000  0.03491506  0.11464354  0.10958227  0.10958227  0.11409655  0.10109823  0.10958227  0.11435644  
5_0_0      0.12936078  0.13370683  0.12936078  0.04302145  0.05089406  0.04272144  0.04272144  0.04679082  0.05486481  0.03091129  0.03091129  0.03491506  0.00000000  0.11924258  0.12789271  0.12789271  0.14208591  0.10557213  0.13257854  0.12821812  
19_0_0     0.12462875  0.12895231  0.12462875  0.10557213  0.11924258  0.12857137  0.12857137  0.11924258  0.12355414  0.11464354  0.11464354  0.11464354  0.11924258  0.00000000  0.11994168  0.13330278  0.13808001  0.12462875  0.10557213  0.11495769  
20_0_0     0.13330278  0.13768052  0.13330278  0.13730932  0.13665236  0.13196715  0.13196715  0.13665236  0.13636695  0.10958227  0.10958227  0.10958227  0.12789271  0.11994168  0.00000000  0.04679082  0.04679082  0.04679082  0.02677159  0.03478714  
14_0_0     0.15178016  0.15626077  0.15178016  0.12789271  0.13196715  0.12272817  0.12272817  0.13196715  0.14107421  0.11409655  0.11409655  0.10958227  0.12789271  0.13330278  0.04679082  0.00000000  0.01521352  0.03468204  0.03468204  0.03079978  
15_0_0     0.15669969  0.16120461  0.15669969  0.13257854  0.12732603  0.11817278  0.11817278  0.12732603  0.13636695  0.11865252  0.11865252  0.11409655  0.14208591  0.13808001  0.04679082  0.01521352  0.00000000  0.04679082  0.03468204  0.03079978  
6_0_0      0.14777558  0.15222347  0.14777558  0.11464354  0.13257854  0.12789271  0.12789271  0.13257854  0.14171980  0.10557213  0.10557213  0.10109823  0.10557213  0.12462875  0.04679082  0.03468204  0.04679082  0.00000000  0.04272144  0.04285989  
8_0_0      0.13730932  0.14171980  0.13730932  0.12789271  0.12732603  0.12732603  0.12732603  0.12732603  0.13636695  0.11409655  0.11409655  0.10958227  0.13257854  0.10557213  0.02677159  0.03468204  0.03468204  0.04272144  0.00000000  0.01516508  
18_0_0     0.13292663  0.13730932  0.13292663  0.11893385  0.13225866  0.11839878  0.11839878  0.13225866  0.14138251  0.11893385  0.11893385  0.11435644  0.12821812  0.11495769  0.03478714  0.03079978  0.03079978  0.04285989  0.01516508  0.00000000  

