20
2_0_0      0.00000000  0.01136494  0.00754767  0.14421543  0.14970157  0.15471143  0.15471143  0.13015242  0.13496808  0.14970157  0.14970157  0.14970157  0.14474170  0.13840720  0.14862732  0.15805116  0.16308594  0.17393543  0.16365700  0.18443098  
3_0_0      0.01136494  0.00000000  0.01136494  0.13932888  0.15471143  0.14970157  0.14970157  0.13496808  0.13983086  0.15471143  0.15471143  0.15471143  0.14970157  0.13361519  0.14371678  0.15306689  0.15805116  0.16876964  0.15859643  0.17915549  
1_0_0      0.00754767  0.01136494  0.00000000  0.14421543  0.14970157  0.15471143  0.15471143  0.13983086  0.13496808  0.15977233  0.15977233  0.15977233  0.15471143  0.13840720  0.15859643  0.16817225  0.17331117  0.18443098  0.17393543  0.19515299  
16_0_0     0.14421543  0.13932888  0.14421543  0.00000000  0.05485027  0.05073281  0.05073281  0.06318899  0.05073281  0.05900214  0.05900214  0.05900214  0.05485027  0.10608736  0.15306689  0.16254375  0.14766503  0.15805116  0.15306689  0.15805116  
7_0_0      0.14970157  0.15471143  0.14970157  0.05485027  0.00000000  0.00375950  0.00375950  0.03090393  0.01908858  0.02693418  0.02693418  0.02693418  0.02299590  0.11559198  0.13403892  0.15306689  0.13840720  0.13885429  0.13403892  0.13885429  
13_0_0     0.15471143  0.14970157  0.15471143  0.05073281  0.00375950  0.00000000  0.00000000  0.02693418  0.02299590  0.02299590  0.02299590  0.02299590  0.01908858  0.12024951  0.12926977  0.14813212  0.13361519  0.13403892  0.12926977  0.13403892  
9_0_0      0.15471143  0.14970157  0.15471143  0.05073281  0.00375950  0.00000000  0.00000000  0.02693418  0.02299590  0.02299590  0.02299590  0.02299590  0.01908858  0.12024951  0.12926977  0.14813212  0.13361519  0.13403892  0.12926977  0.13403892  
17_0_0     0.13015242  0.13496808  0.13983086  0.06318899  0.03090393  0.02693418  0.02693418  0.00000000  0.01908858  0.02693418  0.02693418  0.02693418  0.03090393  0.12969763  0.12454595  0.15306689  0.13840720  0.13885429  0.13403892  0.14862732  
11_0_0     0.13496808  0.13983086  0.13496808  0.05073281  0.01908858  0.02299590  0.02299590  0.01908858  0.00000000  0.03090393  0.03090393  0.03090393  0.03490565  0.11559198  0.12926977  0.15805116  0.14324587  0.14371678  0.13885429  0.15358687  
10_0_0     0.14970157  0.15471143  0.15977233  0.05900214  0.02693418  0.02299590  0.02299590  0.02693418  0.03090393  0.00000000  0.00000000  0.00000000  0.01136494  0.12024951  0.11986662  0.13840720  0.13361519  0.13403892  0.11986662  0.13403892  
12_0_0     0.14970157  0.15471143  0.15977233  0.05900214  0.02693418  0.02299590  0.02299590  0.02693418  0.03090393  0.00000000  0.00000000  0.00000000  0.01136494  0.12024951  0.11986662  0.13840720  0.13361519  0.13403892  0.11986662  0.13403892  
4_0_0      0.14970157  0.15471143  0.15977233  0.05900214  0.02693418  0.02299590  0.02299590  0.02693418  0.03090393  0.00000000  0.00000000  0.00000000  0.01136494  0.12024951  0.11986662  0.13840720  0.13361519  0.13403892  0.11986662  0.13403892  
5_0_0      0.14474170  0.14970157  0.15471143  0.05485027  0.02299590  0.01908858  0.01908858  0.03090393  0.03490565  0.01136494  0.01136494  0.01136494  0.00000000  0.12495111  0.12454595  0.15306689  0.13840720  0.13885429  0.13403892  0.13885429  
19_0_0     0.13840720  0.13361519  0.13840720  0.10608736  0.11559198  0.12024951  0.12024951  0.12969763  0.11559198  0.12024951  0.12024951  0.12024951  0.12495111  0.00000000  0.16203057  0.14681573  0.15658757  0.17215102  0.13759609  0.13285014  
20_0_0     0.14862732  0.14371678  0.15859643  0.15306689  0.13403892  0.12926977  0.12926977  0.12454595  0.12926977  0.11986662  0.11986662  0.11986662  0.12454595  0.16203057  0.00000000  0.04693194  0.04284810  0.05541240  0.04710787  0.05541240  
14_0_0     0.15805116  0.15306689  0.16817225  0.16254375  0.15306689  0.14813212  0.14813212  0.15306689  0.15805116  0.13840720  0.13840720  0.13840720  0.15306689  0.14681573  0.04693194  0.00000000  0.03867797  0.04693194  0.03879756  0.04693194  
15_0_0     0.16308594  0.15805116  0.17331117  0.14766503  0.13840720  0.13361519  0.13361519  0.13840720  0.14324587  0.13361519  0.13361519  0.13361519  0.13840720  0.15658757  0.04284810  0.03867797  0.00000000  0.05938877  0.04693194  0.04693194  
6_0_0      0.17393543  0.16876964  0.18443098  0.15805116  0.13885429  0.13403892  0.13403892  0.13885429  0.14371678  0.13403892  0.13403892  0.13403892  0.13885429  0.17215102  0.05541240  0.04693194  0.05938877  0.00000000  0.05541240  0.04710787  
8_0_0      0.16365700  0.15859643  0.17393543  0.15306689  0.13403892  0.12926977  0.12926977  0.13403892  0.13885429  0.11986662  0.11986662  0.11986662  0.13403892  0.13759609  0.04710787  0.03879756  0.04693194  0.05541240  0.00000000  0.02299590  
18_0_0     0.18443098  0.17915549  0.19515299  0.15805116  0.13885429  0.13403892  0.13403892  0.14862732  0.15358687  0.13403892  0.13403892  0.13403892  0.13885429  0.13285014  0.05541240  0.04693194  0.04693194  0.04710787  0.02299590  0.00000000  

