20
2_0_0      0.00000000  0.00000000  0.00000000  0.14412765  0.14363539  0.14853886  0.14853886  0.13924812  0.13924812  0.14412765  0.14412765  0.14905533  0.13924812  0.14412765  0.14412765  0.12962977  0.13488793  0.13974377  0.13488793  0.14464728  
3_0_0      0.00000000  0.00000000  0.00000000  0.14412765  0.14363539  0.14853886  0.14853886  0.13924812  0.13924812  0.14412765  0.14412765  0.14905533  0.13924812  0.14412765  0.14412765  0.12962977  0.13488793  0.13974377  0.13488793  0.14464728  
1_0_0      0.00000000  0.00000000  0.00000000  0.14412765  0.14363539  0.14853886  0.14853886  0.13924812  0.13924812  0.14412765  0.14412765  0.14905533  0.13924812  0.14412765  0.14412765  0.12962977  0.13488793  0.13974377  0.13488793  0.14464728  
16_0_0     0.14412765  0.14412765  0.14412765  0.00000000  0.03845523  0.04243951  0.04243951  0.04250506  0.05060297  0.03059916  0.03059916  0.02669278  0.03453635  0.08002656  0.15460113  0.15965344  0.15017098  0.14026643  0.17582730  0.15519790  
7_0_0      0.14363539  0.14363539  0.14363539  0.03845523  0.00000000  0.00375943  0.00375943  0.01133192  0.01902457  0.02291579  0.02291579  0.01902457  0.01902457  0.08850202  0.14412765  0.15403210  0.15460113  0.13488793  0.17512446  0.16475739  
13_0_0     0.14853886  0.14853886  0.14853886  0.04243951  0.00375943  0.00000000  0.00000000  0.01516344  0.02291579  0.02683756  0.02683756  0.02291579  0.02291579  0.08413450  0.14905533  0.15905897  0.15965344  0.13974377  0.18038982  0.16991402  
9_0_0      0.14853886  0.14853886  0.14853886  0.04243951  0.00375943  0.00000000  0.00000000  0.01516344  0.02291579  0.02683756  0.02683756  0.02291579  0.02291579  0.08413450  0.14905533  0.15905897  0.15965344  0.13974377  0.18038982  0.16991402  
17_0_0     0.13924812  0.13924812  0.13924812  0.04250506  0.01133192  0.01516344  0.01516344  0.00000000  0.00754737  0.01908668  0.01908668  0.01521055  0.01521055  0.08876179  0.13974377  0.15965344  0.16540610  0.14026643  0.17058952  0.17058952  
11_0_0     0.13924812  0.13924812  0.13924812  0.05060297  0.01902457  0.02291579  0.02291579  0.00754737  0.00000000  0.02693037  0.02693037  0.02299313  0.02299313  0.08876179  0.13974377  0.15965344  0.15519790  0.14026643  0.17058952  0.18112059  
10_0_0     0.14412765  0.14412765  0.14412765  0.03059916  0.02291579  0.02683756  0.02683756  0.01908668  0.02693037  0.00000000  0.00000000  0.00375943  0.00375943  0.09318738  0.13974377  0.14959941  0.15519790  0.13055448  0.17058952  0.16027592  
12_0_0     0.14412765  0.14412765  0.14412765  0.03059916  0.02291579  0.02683756  0.02683756  0.01908668  0.02693037  0.00000000  0.00000000  0.00375943  0.00375943  0.09318738  0.13974377  0.14959941  0.15519790  0.13055448  0.17058952  0.16027592  
4_0_0      0.14905533  0.14905533  0.14905533  0.02669278  0.01902457  0.02291579  0.02291579  0.01521055  0.02299313  0.00375943  0.00375943  0.00000000  0.00754737  0.08876179  0.13974377  0.14959941  0.15519790  0.13055448  0.17058952  0.16027592  
5_0_0      0.13924812  0.13924812  0.13924812  0.03453635  0.01902457  0.02291579  0.02291579  0.01521055  0.02299313  0.00375943  0.00375943  0.00754737  0.00000000  0.09765252  0.13488793  0.15460113  0.16027592  0.13538685  0.17582730  0.16540610  
19_0_0     0.14412765  0.14412765  0.14412765  0.08002656  0.08850202  0.08413450  0.08413450  0.08876179  0.08876179  0.09318738  0.09318738  0.08876179  0.09765252  0.00000000  0.15460113  0.14576818  0.14519416  0.15519790  0.17058952  0.18112059  
20_0_0     0.14412765  0.14412765  0.14412765  0.15460113  0.14412765  0.14905533  0.14905533  0.13974377  0.13974377  0.13974377  0.13974377  0.13974377  0.13488793  0.15460113  0.00000000  0.04677087  0.05103771  0.05103771  0.05518757  0.06359218  
14_0_0     0.12962977  0.12962977  0.12962977  0.15965344  0.15403210  0.15905897  0.15905897  0.15965344  0.15965344  0.14959941  0.14959941  0.14959941  0.15460113  0.14576818  0.04677087  0.00000000  0.02683756  0.04284002  0.03879108  0.04692204  
15_0_0     0.13488793  0.13488793  0.13488793  0.15017098  0.15460113  0.15965344  0.15965344  0.16540610  0.15519790  0.15519790  0.15519790  0.15519790  0.16027592  0.14519416  0.05103771  0.02683756  0.00000000  0.03893181  0.04299724  0.03489920  
6_0_0      0.13974377  0.13974377  0.13974377  0.14026643  0.13488793  0.13974377  0.13974377  0.14026643  0.14026643  0.13055448  0.13055448  0.13055448  0.13538685  0.15519790  0.05103771  0.04284002  0.03893181  0.00000000  0.03489920  0.03489920  
8_0_0      0.13488793  0.13488793  0.13488793  0.17582730  0.17512446  0.18038982  0.18038982  0.17058952  0.17058952  0.17058952  0.17058952  0.17058952  0.17582730  0.17058952  0.05518757  0.03879108  0.04299724  0.03489920  0.00000000  0.01521055  
18_0_0     0.14464728  0.14464728  0.14464728  0.15519790  0.16475739  0.16991402  0.16991402  0.17058952  0.18112059  0.16027592  0.16027592  0.16027592  0.16540610  0.18112059  0.06359218  0.04692204  0.03489920  0.03489920  0.01521055  0.00000000  

