13
2_0_0      0.00000000  0.02179421  0.01550068  0.24132501  0.27629188  0.27629188  0.28530146  0.27182841  0.27182841  0.28984826  0.28984826  0.29902761  0.27629188  
3_0_0      0.02179421  0.00000000  0.01237413  0.24991111  0.28078279  0.28078279  0.28984826  0.28078279  0.28078279  0.28984826  0.28984826  0.29902761  0.28984826  
1_0_0      0.01550068  0.01237413  0.00000000  0.24560545  0.27629188  0.27629188  0.28530146  0.27629188  0.27629188  0.28530146  0.28530146  0.29442352  0.27629188  
20_0_0     0.24132501  0.24991111  0.24560545  0.00000000  0.30832375  0.30832375  0.31773969  0.28530146  0.28078279  0.30832375  0.30832375  0.35666584  0.31301655  
9_0_0      0.27629188  0.28078279  0.27629188  0.30832375  0.00000000  0.00000000  0.00616087  0.10187502  0.10540997  0.09835709  0.10540997  0.36168072  0.34182446  
13_0_0     0.27629188  0.28078279  0.27629188  0.30832375  0.00000000  0.00000000  0.00616087  0.10187502  0.10540997  0.09835709  0.10540997  0.36168072  0.34182446  
7_0_0      0.28530146  0.28984826  0.28530146  0.31773969  0.00616087  0.00616087  0.00000000  0.10187502  0.10540997  0.10540997  0.11253159  0.36673025  0.34673817  
19_0_0     0.27182841  0.28078279  0.27629188  0.28530146  0.10187502  0.10187502  0.10187502  0.00000000  0.00307394  0.09137164  0.09137164  0.33694358  0.36168072  
19_1_0     0.27182841  0.28078279  0.27629188  0.28078279  0.10540997  0.10540997  0.10540997  0.00307394  0.00000000  0.09485602  0.09485602  0.33694358  0.36168072  
18_0_0     0.28984826  0.28984826  0.28530146  0.30832375  0.09835709  0.09835709  0.10540997  0.09137164  0.09485602  0.00000000  0.00616087  0.36673025  0.35168514  
8_0_0      0.28984826  0.28984826  0.28530146  0.30832375  0.10540997  0.10540997  0.11253159  0.09137164  0.09485602  0.00616087  0.00000000  0.37181492  0.36168072  
16_0_0     0.29902761  0.29902761  0.29442352  0.35666584  0.36168072  0.36168072  0.36673025  0.33694358  0.33694358  0.36673025  0.37181492  0.00000000  0.14546679  
15_0_0     0.27629188  0.28984826  0.27629188  0.31301655  0.34182446  0.34182446  0.34673817  0.36168072  0.36168072  0.35168514  0.36168072  0.14546679  0.00000000  

