13
2_0_0      0.00000000  0.00926093  0.00616089  0.27633029  0.26301702  0.26301702  0.25863266  0.32733380  0.32254708  0.29907310  0.29907310  0.28534260  0.25863266  
3_0_0      0.00926093  0.00000000  0.00307395  0.27186551  0.26301702  0.26301702  0.25863266  0.31779153  0.31306674  0.29907310  0.28989081  0.27633029  0.24994214  
1_0_0      0.00616089  0.00307395  0.00000000  0.27633029  0.26742787  0.26742787  0.26301702  0.32254708  0.31779153  0.30370792  0.29446752  0.28082254  0.25427447  
20_0_0     0.27633029  0.27186551  0.27633029  0.00000000  0.29907310  0.29907310  0.30370792  0.28989081  0.30370792  0.31779153  0.31779153  0.32733380  0.27186551  
9_0_0      0.26301702  0.26301702  0.26742787  0.29907310  0.00000000  0.00000000  0.00307395  0.11612488  0.10541512  0.09836156  0.09836156  0.28989081  0.25427447  
13_0_0     0.26301702  0.26301702  0.26742787  0.29907310  0.00000000  0.00000000  0.00307395  0.11612488  0.10541512  0.09836156  0.09836156  0.28989081  0.25427447  
7_0_0      0.25863266  0.25863266  0.26301702  0.30370792  0.00307395  0.00307395  0.00000000  0.11972999  0.10896762  0.09836156  0.09836156  0.29446752  0.25863266  
19_0_0     0.32733380  0.31779153  0.32254708  0.28989081  0.11612488  0.11612488  0.11972999  0.00000000  0.00926093  0.10187982  0.09486017  0.32733380  0.28534260  
19_1_0     0.32254708  0.31306674  0.31779153  0.30370792  0.10541512  0.10541512  0.10896762  0.00926093  0.00000000  0.09836156  0.09137548  0.32733380  0.27633029  
18_0_0     0.29907310  0.29907310  0.30370792  0.31779153  0.09836156  0.09836156  0.09836156  0.10187982  0.09836156  0.00000000  0.00616089  0.33215211  0.25863266  
8_0_0      0.29907310  0.28989081  0.29446752  0.31779153  0.09836156  0.09836156  0.09836156  0.09486017  0.09137548  0.00616089  0.00000000  0.32254708  0.25863266  
16_0_0     0.28534260  0.27633029  0.28082254  0.32733380  0.28989081  0.28989081  0.29446752  0.32733380  0.32733380  0.33215211  0.32254708  0.00000000  0.15300289  
15_0_0     0.25863266  0.24994214  0.25427447  0.27186551  0.25427447  0.25427447  0.25863266  0.28534260  0.27633029  0.25863266  0.25863266  0.15300289  0.00000000  

