9
13_0_0     0.00000000  0.05360055  0.05360055  0.05360055  0.06605231  0.05980051  0.09812044  0.09812044  0.12480371  
20_0_0     0.05360055  0.00000000  0.00000000  0.00000000  0.04745159  0.04135280  0.09812044  0.09159582  0.11804308  
19_0_0     0.05360055  0.00000000  0.00000000  0.00000000  0.04745159  0.04135280  0.09812044  0.09159582  0.11804308  
12_0_0     0.05360055  0.00000000  0.00000000  0.00000000  0.04745159  0.04135280  0.09812044  0.09159582  0.11804308  
14_0_0     0.06605231  0.04745159  0.04745159  0.04745159  0.00000000  0.00576933  0.09159582  0.07871497  0.10470250  
18_0_0     0.05980051  0.04135280  0.04135280  0.04135280  0.00576933  0.00000000  0.09812044  0.08512766  0.11134303  
15_0_0     0.09812044  0.09812044  0.09812044  0.09812044  0.09159582  0.09812044  0.00000000  0.09159582  0.11134303  
16_0_0     0.09812044  0.09159582  0.09159582  0.09159582  0.07871497  0.08512766  0.09159582  0.00000000  0.02334937  
17_0_0     0.12480371  0.11804308  0.11804308  0.11804308  0.10470250  0.11134303  0.11134303  0.02334937  0.00000000  

