19
20_0_0     0.00000000  0.51469841  0.52830717  0.52830717  0.42582221  0.42582221  0.51469841  0.41394902  0.42582221  0.45015195  0.42582221  0.42582221  0.43788774  0.46262148  0.41394902  0.40226215  0.36826309  0.48820489  0.46262148  
7_0_0      0.51469841  0.00000000  0.02055121  0.02055121  0.14911349  0.16580801  0.21826151  0.30459418  0.31483484  0.32521827  0.30459418  0.32521827  0.31483484  0.30459418  0.47530335  0.46262148  0.48820489  0.51469841  0.50133386  
9_0_0      0.52830717  0.02055121  0.00000000  0.00000000  0.15741398  0.17429773  0.20925870  0.33574851  0.34642976  0.35726643  0.33574851  0.35726643  0.34642976  0.33574851  0.46262148  0.47530335  0.50133386  0.55629414  0.51469841  
13_0_0     0.52830717  0.02055121  0.00000000  0.00000000  0.15741398  0.17429773  0.20925870  0.33574851  0.34642976  0.35726643  0.33574851  0.35726643  0.34642976  0.33574851  0.46262148  0.47530335  0.50133386  0.55629414  0.51469841  
18_0_0     0.42582221  0.14911349  0.15741398  0.15741398  0.00000000  0.01363761  0.16580801  0.26498403  0.27469084  0.30459418  0.28452582  0.30459418  0.27469084  0.26498403  0.40226215  0.37942455  0.42582221  0.51469841  0.48820489  
8_0_0      0.42582221  0.16580801  0.17429773  0.17429773  0.01363761  0.00000000  0.16580801  0.28452582  0.29449241  0.32521827  0.30459418  0.32521827  0.29449241  0.28452582  0.41394902  0.39075582  0.41394902  0.48820489  0.46262148  
19_0_0     0.51469841  0.21826151  0.20925870  0.20925870  0.16580801  0.16580801  0.00000000  0.36826309  0.33574851  0.30459418  0.32521827  0.32521827  0.33574851  0.32521827  0.45015195  0.40226215  0.40226215  0.61563544  0.45015195  
11_0_0     0.41394902  0.30459418  0.33574851  0.33574851  0.26498403  0.28452582  0.36826309  0.00000000  0.02055121  0.07829951  0.07829951  0.06343728  0.08584334  0.10894441  0.30459418  0.27469084  0.27469084  0.40226215  0.40226215  
17_0_0     0.42582221  0.31483484  0.34642976  0.34642976  0.27469084  0.29449241  0.33574851  0.02055121  0.00000000  0.05611591  0.05611591  0.04168561  0.06343728  0.08584334  0.31483484  0.28452582  0.28452582  0.40226215  0.41394902  
5_0_0      0.45015195  0.32521827  0.35726643  0.35726643  0.30459418  0.32521827  0.30459418  0.07829951  0.05611591  0.00000000  0.01363761  0.01363761  0.02055121  0.04168561  0.33574851  0.30459418  0.28452582  0.42582221  0.39075582  
10_3_0     0.42582221  0.30459418  0.33574851  0.33574851  0.28452582  0.30459418  0.32521827  0.07829951  0.05611591  0.01363761  0.00000000  0.01363761  0.02055121  0.04168561  0.31483484  0.28452582  0.28452582  0.40226215  0.39075582  
10_0_0     0.42582221  0.32521827  0.35726643  0.35726643  0.30459418  0.32521827  0.32521827  0.06343728  0.04168561  0.01363761  0.01363761  0.00000000  0.02055121  0.04168561  0.31483484  0.30459418  0.28452582  0.40226215  0.41394902  
4_0_0      0.43788774  0.31483484  0.34642976  0.34642976  0.27469084  0.29449241  0.33574851  0.08584334  0.06343728  0.02055121  0.02055121  0.02055121  0.00000000  0.02055121  0.32521827  0.31483484  0.29449241  0.41394902  0.40226215  
12_0_0     0.46262148  0.30459418  0.33574851  0.33574851  0.26498403  0.28452582  0.32521827  0.10894441  0.08584334  0.04168561  0.04168561  0.04168561  0.02055121  0.00000000  0.33574851  0.32521827  0.32521827  0.45015195  0.43788774  
15_0_0     0.41394902  0.47530335  0.46262148  0.46262148  0.40226215  0.41394902  0.45015195  0.30459418  0.31483484  0.33574851  0.31483484  0.31483484  0.32521827  0.33574851  0.00000000  0.14911349  0.14090449  0.26498403  0.31483484  
6_0_0      0.40226215  0.46262148  0.47530335  0.47530335  0.37942455  0.39075582  0.40226215  0.27469084  0.28452582  0.30459418  0.28452582  0.30459418  0.31483484  0.32521827  0.14911349  0.00000000  0.07829951  0.30459418  0.32521827  
14_0_0     0.36826309  0.48820489  0.50133386  0.50133386  0.42582221  0.41394902  0.40226215  0.27469084  0.28452582  0.28452582  0.28452582  0.28452582  0.29449241  0.32521827  0.14090449  0.07829951  0.00000000  0.27469084  0.27469084  
16_1_0     0.48820489  0.51469841  0.55629414  0.55629414  0.51469841  0.48820489  0.61563544  0.40226215  0.40226215  0.42582221  0.40226215  0.40226215  0.41394902  0.45015195  0.26498403  0.30459418  0.27469084  0.00000000  0.37942455  
16_2_0     0.46262148  0.50133386  0.51469841  0.51469841  0.48820489  0.46262148  0.45015195  0.40226215  0.41394902  0.39075582  0.39075582  0.41394902  0.40226215  0.43788774  0.31483484  0.32521827  0.27469084  0.37942455  0.00000000  

