105
51_0_0     0.00000000  0.00791576  0.03492366  0.04321996  0.08909184  0.12234454  0.14112556  0.12544214  0.14749219  0.18016472  0.12234454  0.11925972  0.14749219  0.15714495  0.16039042  0.42259759  0.16692392  0.21783416  0.18016472  0.28388705  0.28388705  0.28388705  0.21084253  0.21084253  0.20737107  0.22135465  0.28006032  0.35634442  0.28006032  0.28773347  0.29159978  0.29159978  0.27625306  0.30726805  0.32327164  0.31522704  0.32327164  0.34377010  0.33962521  0.34793809  0.35212944  0.34377010  0.36484631  0.36058328  0.36484631  0.30332010  0.28773347  0.27625306  0.28388705  0.30726805  0.31923852  0.38653379  0.38214569  0.39538801  0.40434831  0.45564630  0.45564630  0.45564630  0.30332010  0.27246509  0.29159978  0.34793809  0.35634442  0.34793809  0.34793809  0.36484631  0.33962521  0.33962521  0.34793809  0.32327164  0.31923852  0.31923852  0.31923852  0.33962521  0.32327164  0.29548618  0.23560470  0.23560470  0.25380781  0.25380781  0.31923852  0.31923852  0.32327164  0.39985474  0.36484631  0.39985474  0.39985474  0.45564630  0.40434831  0.37778318  0.44130337  0.41341729  0.41341729  0.41341729  0.41799335  0.44130337  0.43189199  0.41799335  0.42723035  0.43189199  0.42259759  0.42259759  0.38214569  0.38214569  0.44130337  
49_0_0     0.00791576  0.00000000  0.03492366  0.04321996  0.09801511  0.12855262  0.13481267  0.13167609  0.14749219  0.17683247  0.12544214  0.12234454  0.14749219  0.16039042  0.16365004  0.41341729  0.16692392  0.21084253  0.17351502  0.28006032  0.28006032  0.28006032  0.20737107  0.20737107  0.20391565  0.21433017  0.28006032  0.35212944  0.28388705  0.29159978  0.29548618  0.29548618  0.28006032  0.30332010  0.31522704  0.32327164  0.33140372  0.33550317  0.33962521  0.34793809  0.35212944  0.34377010  0.37344598  0.36913378  0.37344598  0.29548618  0.28388705  0.27246509  0.28006032  0.30332010  0.31923852  0.38653379  0.37778318  0.39094779  0.39985474  0.45564630  0.45564630  0.45564630  0.29939288  0.27246509  0.29939288  0.35212944  0.36058328  0.35212944  0.35212944  0.37344598  0.33962521  0.33962521  0.34793809  0.32327164  0.31123696  0.31923852  0.32732663  0.34377010  0.33550317  0.30332010  0.23201665  0.23560470  0.24647331  0.24647331  0.31123696  0.31123696  0.31522704  0.40434831  0.36058328  0.39985474  0.39985474  0.45564630  0.40434831  0.37778318  0.43658287  0.40434831  0.40886905  0.41799335  0.43189199  0.44605385  0.43189199  0.43189199  0.43189199  0.43658287  0.42723035  0.41799335  0.38214569  0.38214569  0.44605385  
11_0_0     0.03492366  0.03492366  0.00000000  0.01323987  0.09801511  0.12234454  0.15391350  0.13167609  0.15391350  0.18687408  0.13796245  0.13481267  0.15714495  0.16039042  0.16365004  0.39094779  0.17683247  0.21433017  0.19025146  0.31923852  0.31923852  0.31923852  0.21783416  0.21783416  0.21084253  0.22489178  0.28006032  0.36058328  0.28388705  0.29159978  0.29548618  0.29548618  0.28773347  0.31522704  0.31923852  0.32327164  0.33140372  0.32732663  0.32327164  0.33962521  0.34377010  0.33550317  0.36913378  0.36484631  0.36058328  0.29548618  0.28773347  0.26869621  0.27625306  0.30332010  0.31522704  0.38653379  0.37344598  0.38653379  0.39538801  0.46048907  0.46048907  0.46048907  0.30332010  0.28006032  0.29548618  0.33962521  0.34793809  0.33962521  0.33962521  0.35634442  0.34377010  0.34377010  0.35212944  0.32732663  0.30332010  0.31522704  0.32327164  0.34377010  0.32732663  0.30332010  0.23201665  0.22844573  0.23560470  0.23560470  0.31522704  0.31522704  0.31123696  0.41341729  0.38214569  0.39985474  0.39985474  0.45564630  0.39538801  0.36913378  0.41799335  0.39985474  0.39985474  0.42723035  0.43189199  0.44605385  0.42723035  0.41799335  0.42723035  0.42259759  0.43189199  0.41341729  0.36484631  0.36484631  0.45564630  
37_0_0     0.04321996  0.04321996  0.01323987  0.00000000  0.10101335  0.12544214  0.16365004  0.13481267  0.15069595  0.19705235  0.14112556  0.13796245  0.16039042  0.16365004  0.16692392  0.39538801  0.18687408  0.20737107  0.19025146  0.31123696  0.31123696  0.31123696  0.21084253  0.21084253  0.21084253  0.21783416  0.29159978  0.36913378  0.29548618  0.30332010  0.30726805  0.30726805  0.29939288  0.32732663  0.33140372  0.33550317  0.34377010  0.33962521  0.33550317  0.34377010  0.34793809  0.33962521  0.36058328  0.35634442  0.35212944  0.29939288  0.29159978  0.27246509  0.28006032  0.29939288  0.31923852  0.39538801  0.38214569  0.38653379  0.39538801  0.46536341  0.46536341  0.46536341  0.31923852  0.28773347  0.30332010  0.34377010  0.35212944  0.34377010  0.34377010  0.36058328  0.34793809  0.34793809  0.35634442  0.34377010  0.31923852  0.33140372  0.33962521  0.35212944  0.33550317  0.32327164  0.22489178  0.22844573  0.25013157  0.25013157  0.31123696  0.31123696  0.30726805  0.40886905  0.38214569  0.40434831  0.40434831  0.45083469  0.39094779  0.36484631  0.43189199  0.39985474  0.39985474  0.42723035  0.43189199  0.44605385  0.42723035  0.41799335  0.43658287  0.43189199  0.44130337  0.42723035  0.37778318  0.37778318  0.45564630  
50_0_0     0.08909184  0.09801511  0.09801511  0.10101335  0.00000000  0.12855262  0.14430210  0.10704615  0.12234454  0.16039042  0.11925972  0.10402367  0.13481267  0.13167609  0.12855262  0.38653379  0.17021221  0.17683247  0.17683247  0.28773347  0.28773347  0.28773347  0.22489178  0.22489178  0.22135465  0.22844573  0.26121496  0.40434831  0.26121496  0.26121496  0.26494623  0.26494623  0.25750221  0.30332010  0.33550317  0.33962521  0.33962521  0.31123696  0.29939288  0.32732663  0.33550317  0.30726805  0.35634442  0.35212944  0.35634442  0.29548618  0.28773347  0.29548618  0.29548618  0.30726805  0.29548618  0.39538801  0.38214569  0.36913378  0.37778318  0.45083469  0.44130337  0.44130337  0.32732663  0.28388705  0.27246509  0.34377010  0.33550317  0.35212944  0.34377010  0.34377010  0.38214569  0.38214569  0.39094779  0.33140372  0.34377010  0.33140372  0.32327164  0.37778318  0.34377010  0.31123696  0.23201665  0.20391565  0.23921004  0.23921004  0.28388705  0.28388705  0.28006032  0.36913378  0.35634442  0.39985474  0.39985474  0.45564630  0.41799335  0.40886905  0.46536341  0.40886905  0.40434831  0.39538801  0.39985474  0.42259759  0.41341729  0.40886905  0.42259759  0.42723035  0.43658287  0.40886905  0.41341729  0.41341729  0.43189199  
46_0_0     0.12234454  0.12855262  0.12234454  0.12544214  0.12855262  0.00000000  0.10402367  0.08909184  0.11008089  0.16365004  0.11618758  0.10704615  0.11312800  0.12544214  0.12234454  0.39985474  0.15714495  0.19705235  0.17683247  0.27246509  0.27246509  0.27246509  0.19025146  0.19025146  0.20391565  0.19705235  0.29548618  0.37778318  0.29159978  0.30332010  0.29548618  0.29548618  0.28773347  0.31522704  0.32327164  0.33550317  0.33550317  0.36484631  0.34377010  0.36484631  0.37778318  0.35634442  0.32732663  0.32327164  0.31923852  0.29159978  0.28006032  0.28388705  0.29939288  0.33962521  0.33962521  0.35634442  0.34793809  0.36058328  0.36058328  0.48518480  0.48518480  0.48518480  0.28773347  0.31123696  0.28773347  0.36484631  0.37344598  0.36484631  0.36484631  0.34793809  0.36058328  0.35212944  0.36913378  0.33962521  0.33962521  0.34377010  0.34377010  0.33962521  0.35212944  0.31522704  0.20047613  0.20391565  0.21783416  0.21783416  0.30332010  0.30332010  0.29939288  0.35634442  0.36913378  0.41799335  0.41799335  0.45083469  0.40434831  0.39094779  0.44130337  0.41799335  0.43189199  0.44130337  0.44605385  0.47026972  0.45564630  0.44130337  0.43658287  0.43189199  0.44605385  0.46536341  0.38214569  0.38214569  0.42259759  
32_0_0     0.14112556  0.13481267  0.15391350  0.16365004  0.14430210  0.10402367  0.00000000  0.09801511  0.11925972  0.13796245  0.11925972  0.11008089  0.12234454  0.13796245  0.14112556  0.38214569  0.18016472  0.22489178  0.17021221  0.29159978  0.29159978  0.29159978  0.21084253  0.21084253  0.21433017  0.20737107  0.30726805  0.39538801  0.29548618  0.29939288  0.30726805  0.30726805  0.29159978  0.32327164  0.34377010  0.34793809  0.35634442  0.32732663  0.31522704  0.33140372  0.35212944  0.33140372  0.37778318  0.37344598  0.37778318  0.32327164  0.31123696  0.31522704  0.31522704  0.34793809  0.32732663  0.37778318  0.36058328  0.36484631  0.36484631  0.46536341  0.46536341  0.46536341  0.31123696  0.29548618  0.32327164  0.36913378  0.36913378  0.37778318  0.37778318  0.39538801  0.36913378  0.36058328  0.37778318  0.33550317  0.33140372  0.35634442  0.36484631  0.37778318  0.37344598  0.30726805  0.22135465  0.21783416  0.23201665  0.23201665  0.29939288  0.29939288  0.30332010  0.36058328  0.35212944  0.37778318  0.37778318  0.40886905  0.39094779  0.40886905  0.46048907  0.39985474  0.40886905  0.45083469  0.44130337  0.45564630  0.46048907  0.45083469  0.43189199  0.43658287  0.45083469  0.43189199  0.37344598  0.37344598  0.36913378  
55_0_0     0.12544214  0.13167609  0.13167609  0.13481267  0.10704615  0.08909184  0.09801511  0.00000000  0.04044429  0.10402367  0.05725501  0.03767888  0.06009390  0.11618758  0.11312800  0.38214569  0.15391350  0.20047613  0.16039042  0.31923852  0.31923852  0.31923852  0.21783416  0.21783416  0.21783416  0.21783416  0.27246509  0.36913378  0.26869621  0.27246509  0.27246509  0.27246509  0.25750221  0.29159978  0.35634442  0.33140372  0.32327164  0.34793809  0.32732663  0.34377010  0.35634442  0.34377010  0.36913378  0.36484631  0.36913378  0.30332010  0.29939288  0.28773347  0.29548618  0.32732663  0.33140372  0.35634442  0.34793809  0.37344598  0.37344598  0.44605385  0.43658287  0.43658287  0.31522704  0.27625306  0.28006032  0.34793809  0.34377010  0.35634442  0.35634442  0.34377010  0.39094779  0.38214569  0.38214569  0.33550317  0.31923852  0.34793809  0.34793809  0.35634442  0.35634442  0.31522704  0.22489178  0.20047613  0.22489178  0.22489178  0.28773347  0.28773347  0.28388705  0.37778318  0.38214569  0.42723035  0.42723035  0.47520844  0.42259759  0.42723035  0.46536341  0.40434831  0.40434831  0.42723035  0.42259759  0.44605385  0.43658287  0.43189199  0.42723035  0.43189199  0.42723035  0.43189199  0.40434831  0.40434831  0.44605385  
26_0_0     0.14749219  0.14749219  0.15391350  0.15069595  0.12234454  0.11008089  0.11925972  0.04044429  0.00000000  0.09205445  0.08320160  0.06294362  0.06867583  0.12855262  0.12544214  0.38653379  0.16039042  0.20737107  0.18016472  0.29159978  0.29159978  0.29159978  0.22844573  0.22844573  0.23201665  0.23201665  0.29939288  0.38214569  0.30726805  0.30332010  0.31123696  0.31123696  0.29548618  0.31923852  0.37344598  0.35634442  0.36484631  0.35212944  0.34793809  0.34793809  0.36058328  0.35634442  0.39538801  0.39985474  0.40434831  0.33140372  0.32732663  0.31522704  0.31522704  0.33140372  0.35212944  0.36058328  0.35212944  0.36058328  0.36484631  0.45564630  0.44605385  0.44605385  0.34793809  0.31923852  0.32732663  0.35212944  0.35212944  0.36058328  0.36058328  0.35212944  0.40886905  0.39094779  0.39094779  0.35212944  0.34377010  0.37344598  0.37344598  0.35212944  0.36058328  0.32732663  0.24647331  0.23560470  0.23921004  0.23921004  0.30726805  0.30726805  0.30332010  0.38653379  0.38214569  0.41341729  0.41341729  0.46536341  0.40886905  0.41799335  0.46048907  0.39985474  0.39094779  0.42259759  0.42723035  0.44130337  0.42723035  0.44130337  0.42259759  0.42723035  0.44130337  0.41799335  0.41341729  0.41341729  0.46048907  
33_0_0     0.18016472  0.17683247  0.18687408  0.19705235  0.16039042  0.16365004  0.13796245  0.10402367  0.09205445  0.00000000  0.12234454  0.10101335  0.13481267  0.15714495  0.16039042  0.37344598  0.22135465  0.23560470  0.21433017  0.30332010  0.30332010  0.30332010  0.25750221  0.25750221  0.26121496  0.25380781  0.31522704  0.41341729  0.33550317  0.33962521  0.33962521  0.33962521  0.32732663  0.35212944  0.39094779  0.37778318  0.36484631  0.35634442  0.33962521  0.37344598  0.38653379  0.36058328  0.44605385  0.44130337  0.43658287  0.33140372  0.32732663  0.32327164  0.32327164  0.39094779  0.36913378  0.37778318  0.38653379  0.39094779  0.39094779  0.51072400  0.50040343  0.50040343  0.32327164  0.31923852  0.33140372  0.37778318  0.36913378  0.38653379  0.37778318  0.38653379  0.45083469  0.44130337  0.43189199  0.37778318  0.35634442  0.41341729  0.41341729  0.40434831  0.41341729  0.32732663  0.24647331  0.23201665  0.25380781  0.25380781  0.32732663  0.32732663  0.33140372  0.38653379  0.41341729  0.40886905  0.40886905  0.50040343  0.42723035  0.45083469  0.46536341  0.44130337  0.45083469  0.44130337  0.45564630  0.47026972  0.48518480  0.45564630  0.47026972  0.46536341  0.48017998  0.44605385  0.41341729  0.41341729  0.45564630  
1_4_0      0.12234454  0.12544214  0.13796245  0.14112556  0.11925972  0.11618758  0.11925972  0.05725501  0.08320160  0.12234454  0.00000000  0.01860216  0.08320160  0.13481267  0.13167609  0.39538801  0.16039042  0.18016472  0.18016472  0.31522704  0.31522704  0.31522704  0.21433017  0.21433017  0.20737107  0.21084253  0.30332010  0.36484631  0.28388705  0.28773347  0.28006032  0.28006032  0.28773347  0.30726805  0.35212944  0.35634442  0.34793809  0.33962521  0.30332010  0.33140372  0.35212944  0.33140372  0.38653379  0.38214569  0.38653379  0.30726805  0.30332010  0.28388705  0.29159978  0.35212944  0.34377010  0.36913378  0.36058328  0.37778318  0.37778318  0.44605385  0.44605385  0.44605385  0.29939288  0.27246509  0.29548618  0.36913378  0.36058328  0.36913378  0.36058328  0.35212944  0.37344598  0.36484631  0.36484631  0.31123696  0.31522704  0.32732663  0.32732663  0.34793809  0.36913378  0.30332010  0.21433017  0.21433017  0.23921004  0.23921004  0.29159978  0.29159978  0.29548618  0.35212944  0.35212944  0.39538801  0.39538801  0.44130337  0.38214569  0.39094779  0.41799335  0.40434831  0.39985474  0.41799335  0.42259759  0.43658287  0.43658287  0.43189199  0.42723035  0.43189199  0.42723035  0.42259759  0.39985474  0.39985474  0.39094779  
13_4_0     0.11925972  0.12234454  0.13481267  0.13796245  0.10402367  0.10704615  0.11008089  0.03767888  0.06294362  0.10101335  0.01860216  0.00000000  0.06867583  0.13167609  0.12855262  0.38214569  0.15069595  0.19705235  0.17683247  0.31123696  0.31123696  0.31123696  0.21084253  0.21084253  0.21084253  0.21433017  0.29159978  0.36484631  0.28006032  0.28388705  0.28388705  0.28388705  0.27625306  0.29548618  0.35634442  0.35212944  0.34377010  0.34377010  0.31522704  0.33962521  0.36058328  0.33550317  0.37778318  0.37344598  0.37778318  0.30332010  0.29939288  0.28773347  0.29548618  0.34377010  0.33962521  0.37778318  0.36484631  0.38214569  0.38214569  0.45564630  0.44605385  0.44605385  0.30726805  0.27625306  0.28388705  0.36484631  0.35634442  0.37344598  0.36484631  0.34793809  0.38214569  0.37344598  0.37344598  0.31923852  0.30726805  0.33550317  0.33550317  0.34793809  0.36058328  0.30332010  0.21783416  0.21084253  0.23560470  0.23560470  0.28773347  0.28773347  0.29159978  0.36484631  0.36058328  0.40434831  0.40434831  0.46536341  0.39985474  0.40886905  0.43658287  0.39538801  0.39985474  0.41799335  0.42259759  0.44605385  0.44605385  0.43189199  0.43658287  0.44130337  0.42723035  0.42259759  0.40434831  0.40434831  0.40886905  
13_0_0     0.14749219  0.14749219  0.15714495  0.16039042  0.13481267  0.11312800  0.12234454  0.06009390  0.06867583  0.13481267  0.08320160  0.06867583  0.00000000  0.13796245  0.13481267  0.39538801  0.16365004  0.20047613  0.18351187  0.31123696  0.31123696  0.31123696  0.22489178  0.22489178  0.22489178  0.22135465  0.29159978  0.36058328  0.28006032  0.28388705  0.28388705  0.28388705  0.28388705  0.28388705  0.34793809  0.34793809  0.34793809  0.34377010  0.32327164  0.33550317  0.35634442  0.34793809  0.33550317  0.33140372  0.33550317  0.31522704  0.31522704  0.30332010  0.30332010  0.31522704  0.32732663  0.34377010  0.34793809  0.35212944  0.35212944  0.48518480  0.47520844  0.47520844  0.29548618  0.31123696  0.29548618  0.34793809  0.35634442  0.35634442  0.35634442  0.34377010  0.40434831  0.39538801  0.39538801  0.34377010  0.34793809  0.34793809  0.34793809  0.33962521  0.35212944  0.32732663  0.22844573  0.22844573  0.22489178  0.22489178  0.28773347  0.28773347  0.29159978  0.36058328  0.36913378  0.44130337  0.44130337  0.49022334  0.42723035  0.44130337  0.43189199  0.44130337  0.42723035  0.43189199  0.43658287  0.45083469  0.47026972  0.45564630  0.45564630  0.46048907  0.47026972  0.43189199  0.38214569  0.38214569  0.45564630  
6_0_0      0.15714495  0.16039042  0.16039042  0.16365004  0.13167609  0.12544214  0.13796245  0.11618758  0.12855262  0.15714495  0.13481267  0.13167609  0.13796245  0.00000000  0.00262929  0.37778318  0.17683247  0.19364418  0.18016472  0.28388705  0.28388705  0.28388705  0.22844573  0.22844573  0.21783416  0.21433017  0.28388705  0.38653379  0.30726805  0.30332010  0.30332010  0.30332010  0.30332010  0.30332010  0.31923852  0.35212944  0.35212944  0.35212944  0.33140372  0.32732663  0.33962521  0.33140372  0.36484631  0.36913378  0.36484631  0.30726805  0.29548618  0.29159978  0.29159978  0.32732663  0.31522704  0.36058328  0.36913378  0.36484631  0.36484631  0.46048907  0.47026972  0.47026972  0.27625306  0.31522704  0.29548618  0.37344598  0.38214569  0.38214569  0.38214569  0.36913378  0.39094779  0.38214569  0.38214569  0.36058328  0.36058328  0.35634442  0.36484631  0.35212944  0.33962521  0.30726805  0.24647331  0.23560470  0.25013157  0.25013157  0.30726805  0.30726805  0.31123696  0.35634442  0.38653379  0.42723035  0.42723035  0.45564630  0.42259759  0.44605385  0.42723035  0.42723035  0.41341729  0.41341729  0.41799335  0.42259759  0.44130337  0.41341729  0.41799335  0.41341729  0.43658287  0.46048907  0.40886905  0.40886905  0.39985474  
58_0_0     0.16039042  0.16365004  0.16365004  0.16692392  0.12855262  0.12234454  0.14112556  0.11312800  0.12544214  0.16039042  0.13167609  0.12855262  0.13481267  0.00262929  0.00000000  0.38214569  0.17351502  0.19025146  0.18351187  0.28773347  0.28773347  0.28773347  0.22489178  0.22489178  0.21433017  0.21084253  0.28006032  0.39094779  0.30332010  0.29939288  0.29939288  0.29939288  0.29939288  0.29939288  0.31522704  0.35634442  0.35634442  0.35634442  0.33550317  0.32327164  0.33550317  0.32732663  0.36058328  0.36484631  0.36058328  0.30332010  0.29159978  0.28773347  0.28773347  0.32732663  0.31923852  0.35634442  0.36484631  0.36058328  0.36058328  0.45564630  0.46536341  0.46536341  0.28006032  0.31123696  0.29159978  0.36913378  0.37778318  0.37778318  0.37778318  0.36484631  0.39538801  0.38653379  0.38653379  0.35634442  0.35634442  0.35212944  0.36058328  0.34793809  0.33550317  0.31123696  0.24283286  0.23201665  0.24647331  0.24647331  0.30332010  0.30332010  0.30726805  0.36058328  0.38214569  0.43189199  0.43189199  0.46048907  0.42723035  0.45083469  0.43189199  0.42259759  0.40886905  0.40886905  0.41341729  0.41799335  0.43658287  0.40886905  0.41341729  0.40886905  0.43189199  0.45564630  0.41341729  0.41341729  0.40434831  
30_0_0     0.42259759  0.41341729  0.39094779  0.39538801  0.38653379  0.39985474  0.38214569  0.38214569  0.38653379  0.37344598  0.39538801  0.38214569  0.39538801  0.37778318  0.38214569  0.00000000  0.39538801  0.43189199  0.42259759  0.48017998  0.48017998  0.48017998  0.41341729  0.41341729  0.42259759  0.43189199  0.45083469  0.51593820  0.48017998  0.48518480  0.48017998  0.48017998  0.49022334  0.50554591  0.46048907  0.49022334  0.49022334  0.47026972  0.46048907  0.49022334  0.49022334  0.47520844  0.53180254  0.52647694  0.51593820  0.48518480  0.47520844  0.45564630  0.45564630  0.49022334  0.50040343  0.57018302  0.57018302  0.54801073  0.55901471  0.57018302  0.57018302  0.57018302  0.46048907  0.50040343  0.50554591  0.53716633  0.55349248  0.54801073  0.53716633  0.53180254  0.52118901  0.53180254  0.54256888  0.50554591  0.51072400  0.50040343  0.51072400  0.49529606  0.48017998  0.47026972  0.41799335  0.42723035  0.39985474  0.39985474  0.44605385  0.44605385  0.44605385  0.44130337  0.46536341  0.52647694  0.53180254  0.54801073  0.51072400  0.55349248  0.56457801  0.58152066  0.58152066  0.57018302  0.59303283  0.57583035  0.57583035  0.58725459  0.54801073  0.54256888  0.54801073  0.55901471  0.51593820  0.51593820  0.57018302  
2_0_0      0.16692392  0.16692392  0.17683247  0.18687408  0.17021221  0.15714495  0.18016472  0.15391350  0.16039042  0.22135465  0.16039042  0.15069595  0.16365004  0.17683247  0.17351502  0.39538801  0.00000000  0.20047613  0.18351187  0.32732663  0.32732663  0.32732663  0.23921004  0.23921004  0.21783416  0.23921004  0.28006032  0.34793809  0.32327164  0.32327164  0.31522704  0.31123696  0.30726805  0.33140372  0.33962521  0.37344598  0.38214569  0.36913378  0.34377010  0.35634442  0.38214569  0.35634442  0.36913378  0.37344598  0.37778318  0.31522704  0.29939288  0.30332010  0.31522704  0.33140372  0.33550317  0.37344598  0.36484631  0.36913378  0.37778318  0.46048907  0.47026972  0.47026972  0.31123696  0.32327164  0.29548618  0.38214569  0.38214569  0.39094779  0.38214569  0.36484631  0.41341729  0.40434831  0.41341729  0.36058328  0.36058328  0.37778318  0.37778318  0.36484631  0.35634442  0.32327164  0.25013157  0.24283286  0.24647331  0.24647331  0.31522704  0.31522704  0.31522704  0.37778318  0.37344598  0.46048907  0.46048907  0.45083469  0.44130337  0.42259759  0.42723035  0.40434831  0.40886905  0.43658287  0.46048907  0.46536341  0.44605385  0.45564630  0.39985474  0.40434831  0.40434831  0.40886905  0.41341729  0.41341729  0.44605385  
3_0_0      0.21783416  0.21084253  0.21433017  0.20737107  0.17683247  0.19705235  0.22489178  0.20047613  0.20737107  0.23560470  0.18016472  0.19705235  0.20047613  0.19364418  0.19025146  0.43189199  0.20047613  0.00000000  0.10402367  0.23560470  0.23560470  0.23560470  0.18016472  0.18016472  0.16365004  0.15714495  0.28388705  0.36484631  0.30726805  0.30726805  0.29939288  0.29939288  0.30332010  0.31923852  0.31923852  0.36484631  0.34793809  0.33140372  0.31522704  0.34377010  0.35212944  0.33550317  0.36484631  0.36058328  0.36913378  0.29939288  0.28006032  0.26869621  0.28388705  0.29548618  0.31522704  0.36058328  0.36058328  0.35212944  0.36058328  0.45564630  0.45564630  0.45564630  0.30726805  0.29939288  0.29159978  0.33962521  0.34793809  0.33962521  0.33140372  0.33550317  0.35634442  0.35634442  0.36484631  0.31123696  0.34377010  0.31522704  0.31522704  0.36058328  0.36913378  0.30726805  0.20047613  0.18687408  0.21084253  0.21084253  0.25380781  0.25380781  0.25013157  0.35212944  0.36058328  0.40434831  0.40434831  0.40886905  0.39538801  0.39985474  0.40886905  0.36913378  0.36058328  0.38653379  0.38653379  0.40886905  0.39985474  0.38653379  0.34377010  0.34793809  0.33962521  0.37344598  0.38214569  0.38214569  0.39094779  
24_0_0     0.18016472  0.17351502  0.19025146  0.19025146  0.17683247  0.17683247  0.17021221  0.16039042  0.18016472  0.21433017  0.18016472  0.17683247  0.18351187  0.18016472  0.18351187  0.42259759  0.18351187  0.10402367  0.00000000  0.23560470  0.23560470  0.23560470  0.18351187  0.18351187  0.17683247  0.16365004  0.26869621  0.35634442  0.28388705  0.29548618  0.30332010  0.30332010  0.28388705  0.29159978  0.31923852  0.37778318  0.36058328  0.31923852  0.32732663  0.33550317  0.35212944  0.33550317  0.36913378  0.36484631  0.36913378  0.26494623  0.26494623  0.26869621  0.27625306  0.29939288  0.28773347  0.33140372  0.29939288  0.29939288  0.29939288  0.39985474  0.39985474  0.39985474  0.28388705  0.27625306  0.29548618  0.36058328  0.36058328  0.36913378  0.36058328  0.33140372  0.37778318  0.37778318  0.38653379  0.33140372  0.34377010  0.33962521  0.34793809  0.34793809  0.36058328  0.30726805  0.20737107  0.18016472  0.19705235  0.19705235  0.26869621  0.26869621  0.26494623  0.35634442  0.35634442  0.38653379  0.38653379  0.41341729  0.39094779  0.39094779  0.42259759  0.36484631  0.36058328  0.37778318  0.38653379  0.40886905  0.39094779  0.39094779  0.35212944  0.35634442  0.34377010  0.36484631  0.39538801  0.39538801  0.38653379  
29_0_0     0.28388705  0.28006032  0.31923852  0.31123696  0.28773347  0.27246509  0.29159978  0.31923852  0.29159978  0.30332010  0.31522704  0.31123696  0.31123696  0.28388705  0.28773347  0.48017998  0.32732663  0.23560470  0.23560470  0.00000000  0.00000000  0.00000000  0.21084253  0.21084253  0.19364418  0.19364418  0.38214569  0.41799335  0.39094779  0.39094779  0.38214569  0.38214569  0.38214569  0.36913378  0.35212944  0.36484631  0.36484631  0.38214569  0.38653379  0.35212944  0.33550317  0.33140372  0.38653379  0.38214569  0.38653379  0.36913378  0.35212944  0.35634442  0.35634442  0.33962521  0.37778318  0.35634442  0.36484631  0.34377010  0.34377010  0.40886905  0.40886905  0.40886905  0.33140372  0.35634442  0.32327164  0.35634442  0.36484631  0.35634442  0.36484631  0.36058328  0.40886905  0.39985474  0.41799335  0.38214569  0.39094779  0.36913378  0.36913378  0.37778318  0.37778318  0.32327164  0.27246509  0.28388705  0.28773347  0.28773347  0.30726805  0.30726805  0.31123696  0.36484631  0.39985474  0.39538801  0.39538801  0.42259759  0.41799335  0.39094779  0.40886905  0.43658287  0.45083469  0.44605385  0.45564630  0.44605385  0.45083469  0.46536341  0.41799335  0.42259759  0.42259759  0.43189199  0.44130337  0.44130337  0.40434831  
65_0_0     0.28388705  0.28006032  0.31923852  0.31123696  0.28773347  0.27246509  0.29159978  0.31923852  0.29159978  0.30332010  0.31522704  0.31123696  0.31123696  0.28388705  0.28773347  0.48017998  0.32732663  0.23560470  0.23560470  0.00000000  0.00000000  0.00000000  0.21084253  0.21084253  0.19364418  0.19364418  0.38214569  0.41799335  0.39094779  0.39094779  0.38214569  0.38214569  0.38214569  0.36913378  0.35212944  0.36484631  0.36484631  0.38214569  0.38653379  0.35212944  0.33550317  0.33140372  0.38653379  0.38214569  0.38653379  0.36913378  0.35212944  0.35634442  0.35634442  0.33962521  0.37778318  0.35634442  0.36484631  0.34377010  0.34377010  0.40886905  0.40886905  0.40886905  0.33140372  0.35634442  0.32327164  0.35634442  0.36484631  0.35634442  0.36484631  0.36058328  0.40886905  0.39985474  0.41799335  0.38214569  0.39094779  0.36913378  0.36913378  0.37778318  0.37778318  0.32327164  0.27246509  0.28388705  0.28773347  0.28773347  0.30726805  0.30726805  0.31123696  0.36484631  0.39985474  0.39538801  0.39538801  0.42259759  0.41799335  0.39094779  0.40886905  0.43658287  0.45083469  0.44605385  0.45564630  0.44605385  0.45083469  0.46536341  0.41799335  0.42259759  0.42259759  0.43189199  0.44130337  0.44130337  0.40434831  
20_0_0     0.28388705  0.28006032  0.31923852  0.31123696  0.28773347  0.27246509  0.29159978  0.31923852  0.29159978  0.30332010  0.31522704  0.31123696  0.31123696  0.28388705  0.28773347  0.48017998  0.32732663  0.23560470  0.23560470  0.00000000  0.00000000  0.00000000  0.21084253  0.21084253  0.19364418  0.19364418  0.38214569  0.41799335  0.39094779  0.39094779  0.38214569  0.38214569  0.38214569  0.36913378  0.35212944  0.36484631  0.36484631  0.38214569  0.38653379  0.35212944  0.33550317  0.33140372  0.38653379  0.38214569  0.38653379  0.36913378  0.35212944  0.35634442  0.35634442  0.33962521  0.37778318  0.35634442  0.36484631  0.34377010  0.34377010  0.40886905  0.40886905  0.40886905  0.33140372  0.35634442  0.32327164  0.35634442  0.36484631  0.35634442  0.36484631  0.36058328  0.40886905  0.39985474  0.41799335  0.38214569  0.39094779  0.36913378  0.36913378  0.37778318  0.37778318  0.32327164  0.27246509  0.28388705  0.28773347  0.28773347  0.30726805  0.30726805  0.31123696  0.36484631  0.39985474  0.39538801  0.39538801  0.42259759  0.41799335  0.39094779  0.40886905  0.43658287  0.45083469  0.44605385  0.45564630  0.44605385  0.45083469  0.46536341  0.41799335  0.42259759  0.42259759  0.43189199  0.44130337  0.44130337  0.40434831  
4_0_0      0.21084253  0.20737107  0.21783416  0.21084253  0.22489178  0.19025146  0.21084253  0.21783416  0.22844573  0.25750221  0.21433017  0.21084253  0.22489178  0.22844573  0.22489178  0.41341729  0.23921004  0.18016472  0.18351187  0.21084253  0.21084253  0.21084253  0.00000000  0.00000000  0.04044429  0.04044429  0.31522704  0.35634442  0.30332010  0.29939288  0.30726805  0.30726805  0.30726805  0.31123696  0.35634442  0.33962521  0.35634442  0.35212944  0.35634442  0.34793809  0.34793809  0.36058328  0.36058328  0.36484631  0.36058328  0.31923852  0.28773347  0.28388705  0.29159978  0.32732663  0.36058328  0.36484631  0.37344598  0.36484631  0.37344598  0.45564630  0.44605385  0.44605385  0.31923852  0.32732663  0.31123696  0.35212944  0.35212944  0.34377010  0.34377010  0.34377010  0.38653379  0.36913378  0.36913378  0.36484631  0.37344598  0.35634442  0.35634442  0.36484631  0.39538801  0.36484631  0.21783416  0.22844573  0.23921004  0.23921004  0.28773347  0.28773347  0.29159978  0.39538801  0.36913378  0.38653379  0.38653379  0.41341729  0.37344598  0.39094779  0.39538801  0.36484631  0.36913378  0.39985474  0.39985474  0.41341729  0.41799335  0.37778318  0.42259759  0.41799335  0.42259759  0.41341729  0.39538801  0.39538801  0.41341729  
57_0_0     0.21084253  0.20737107  0.21783416  0.21084253  0.22489178  0.19025146  0.21084253  0.21783416  0.22844573  0.25750221  0.21433017  0.21084253  0.22489178  0.22844573  0.22489178  0.41341729  0.23921004  0.18016472  0.18351187  0.21084253  0.21084253  0.21084253  0.00000000  0.00000000  0.04044429  0.04044429  0.31522704  0.35634442  0.30332010  0.29939288  0.30726805  0.30726805  0.30726805  0.31123696  0.35634442  0.33962521  0.35634442  0.35212944  0.35634442  0.34793809  0.34793809  0.36058328  0.36058328  0.36484631  0.36058328  0.31923852  0.28773347  0.28388705  0.29159978  0.32732663  0.36058328  0.36484631  0.37344598  0.36484631  0.37344598  0.45564630  0.44605385  0.44605385  0.31923852  0.32732663  0.31123696  0.35212944  0.35212944  0.34377010  0.34377010  0.34377010  0.38653379  0.36913378  0.36913378  0.36484631  0.37344598  0.35634442  0.35634442  0.36484631  0.39538801  0.36484631  0.21783416  0.22844573  0.23921004  0.23921004  0.28773347  0.28773347  0.29159978  0.39538801  0.36913378  0.38653379  0.38653379  0.41341729  0.37344598  0.39094779  0.39538801  0.36484631  0.36913378  0.39985474  0.39985474  0.41341729  0.41799335  0.37778318  0.42259759  0.41799335  0.42259759  0.41341729  0.39538801  0.39538801  0.41341729  
45_0_0     0.20737107  0.20391565  0.21084253  0.21084253  0.22135465  0.20391565  0.21433017  0.21783416  0.23201665  0.26121496  0.20737107  0.21084253  0.22489178  0.21783416  0.21433017  0.42259759  0.21783416  0.16365004  0.17683247  0.19364418  0.19364418  0.19364418  0.04044429  0.04044429  0.00000000  0.03767888  0.30726805  0.33962521  0.29548618  0.29548618  0.28773347  0.28773347  0.29548618  0.29939288  0.32327164  0.33962521  0.34793809  0.35212944  0.32732663  0.33550317  0.32732663  0.33962521  0.35634442  0.36058328  0.36484631  0.31522704  0.28388705  0.28006032  0.28773347  0.33550317  0.35212944  0.36058328  0.39094779  0.38214569  0.39094779  0.42259759  0.41341729  0.41341729  0.29939288  0.32732663  0.31123696  0.36484631  0.36484631  0.35634442  0.35634442  0.35212944  0.37344598  0.36484631  0.36484631  0.35212944  0.35212944  0.34377010  0.34377010  0.35212944  0.37778318  0.36484631  0.21433017  0.21084253  0.21783416  0.21783416  0.29548618  0.29548618  0.29939288  0.39538801  0.35634442  0.39094779  0.39094779  0.41799335  0.38214569  0.39094779  0.39985474  0.35634442  0.36058328  0.37778318  0.38653379  0.40886905  0.41341729  0.37778318  0.40434831  0.40886905  0.41341729  0.39538801  0.36484631  0.36484631  0.41341729  
47_0_0     0.22135465  0.21433017  0.22489178  0.21783416  0.22844573  0.19705235  0.20737107  0.21783416  0.23201665  0.25380781  0.21084253  0.21433017  0.22135465  0.21433017  0.21084253  0.43189199  0.23921004  0.15714495  0.16365004  0.19364418  0.19364418  0.19364418  0.04044429  0.04044429  0.03767888  0.00000000  0.31123696  0.34793809  0.31123696  0.30332010  0.31123696  0.31123696  0.30332010  0.30332010  0.34377010  0.36058328  0.36913378  0.35634442  0.33962521  0.32327164  0.33962521  0.34377010  0.34793809  0.35212944  0.34793809  0.31522704  0.29159978  0.28773347  0.29548618  0.32327164  0.35212944  0.36913378  0.36913378  0.35212944  0.36058328  0.44130337  0.44130337  0.44130337  0.31123696  0.31522704  0.32327164  0.34793809  0.34793809  0.33140372  0.33140372  0.35212944  0.37344598  0.35634442  0.35634442  0.34793809  0.34377010  0.34793809  0.34793809  0.36484631  0.39094779  0.35212944  0.21433017  0.21084253  0.24647331  0.24647331  0.28388705  0.28388705  0.28773347  0.38214569  0.35212944  0.36913378  0.36913378  0.41341729  0.36058328  0.37778318  0.38653379  0.34793809  0.35212944  0.37778318  0.37778318  0.39094779  0.39985474  0.37344598  0.39538801  0.39094779  0.40434831  0.40886905  0.39538801  0.39538801  0.42259759  
2_1_0      0.28006032  0.28006032  0.28006032  0.29159978  0.26121496  0.29548618  0.30726805  0.27246509  0.29939288  0.31522704  0.30332010  0.29159978  0.29159978  0.28388705  0.28006032  0.45083469  0.28006032  0.28388705  0.26869621  0.38214569  0.38214569  0.38214569  0.31522704  0.31522704  0.30726805  0.31123696  0.00000000  0.27246509  0.11312800  0.11312800  0.09801511  0.10101335  0.09502884  0.16365004  0.15714495  0.17351502  0.16692392  0.15069595  0.15391350  0.14112556  0.14112556  0.14112556  0.23560470  0.23201665  0.22844573  0.16692392  0.16039042  0.15069595  0.15714495  0.18351187  0.21433017  0.30726805  0.30726805  0.31123696  0.31923852  0.36913378  0.37344598  0.37344598  0.19705235  0.19025146  0.15069595  0.26869621  0.25380781  0.26494623  0.26494623  0.23921004  0.27246509  0.27246509  0.27246509  0.25750221  0.26121496  0.26121496  0.26121496  0.26494623  0.23921004  0.22135465  0.29939288  0.26869621  0.26494623  0.26494623  0.34377010  0.34377010  0.34377010  0.36484631  0.43189199  0.40886905  0.40886905  0.42723035  0.39985474  0.39985474  0.40434831  0.39985474  0.40886905  0.45083469  0.47520844  0.46048907  0.46048907  0.45083469  0.39538801  0.39094779  0.38214569  0.46536341  0.43658287  0.43658287  0.45083469  
30_1_0     0.35634442  0.35212944  0.36058328  0.36913378  0.40434831  0.37778318  0.39538801  0.36913378  0.38214569  0.41341729  0.36484631  0.36484631  0.36058328  0.38653379  0.39094779  0.51593820  0.34793809  0.36484631  0.35634442  0.41799335  0.41799335  0.41799335  0.35634442  0.35634442  0.33962521  0.34793809  0.27246509  0.00000000  0.26869621  0.26121496  0.24647331  0.25013157  0.26121496  0.26494623  0.28388705  0.30726805  0.30726805  0.32732663  0.31123696  0.27625306  0.28773347  0.28388705  0.32732663  0.33140372  0.33962521  0.33550317  0.34793809  0.32732663  0.33550317  0.29548618  0.35212944  0.31923852  0.32732663  0.31923852  0.32732663  0.44130337  0.43658287  0.43658287  0.28773347  0.27625306  0.27246509  0.31923852  0.32732663  0.30726805  0.31522704  0.33140372  0.37344598  0.38214569  0.37344598  0.35212944  0.37344598  0.33550317  0.33550317  0.29159978  0.32327164  0.33550317  0.31923852  0.32732663  0.32732663  0.32732663  0.39094779  0.39094779  0.38214569  0.41341729  0.43189199  0.40886905  0.40886905  0.44605385  0.40886905  0.43189199  0.43658287  0.43658287  0.44130337  0.50040343  0.52118901  0.52647694  0.55901471  0.51593820  0.47520844  0.47520844  0.46048907  0.48518480  0.48017998  0.48017998  0.48017998  
51_1_0     0.28006032  0.28388705  0.28388705  0.29548618  0.26121496  0.29159978  0.29548618  0.26869621  0.30726805  0.33550317  0.28388705  0.28006032  0.28006032  0.30726805  0.30332010  0.48017998  0.32327164  0.30726805  0.28388705  0.39094779  0.39094779  0.39094779  0.30332010  0.30332010  0.29548618  0.31123696  0.11312800  0.26869621  0.00000000  0.01057308  0.02400318  0.02129779  0.03217855  0.12855262  0.15714495  0.19364418  0.18687408  0.15069595  0.14112556  0.14430210  0.15714495  0.14430210  0.23560470  0.23201665  0.23201665  0.16692392  0.14112556  0.15069595  0.15069595  0.17683247  0.16365004  0.29939288  0.29159978  0.31123696  0.31123696  0.34793809  0.35212944  0.35212944  0.20047613  0.18351187  0.15069595  0.27246509  0.27246509  0.26869621  0.27625306  0.23560470  0.29548618  0.30332010  0.29548618  0.25750221  0.27246509  0.26869621  0.26121496  0.28006032  0.28388705  0.26121496  0.28006032  0.26121496  0.25750221  0.25750221  0.33962521  0.33962521  0.34793809  0.34793809  0.43189199  0.42259759  0.42259759  0.42259759  0.38653379  0.40886905  0.43658287  0.39538801  0.39094779  0.41799335  0.43189199  0.42723035  0.42723035  0.42259759  0.39094779  0.39094779  0.39538801  0.43189199  0.44130337  0.44130337  0.44605385  
49_1_0     0.28773347  0.29159978  0.29159978  0.30332010  0.26121496  0.30332010  0.29939288  0.27246509  0.30332010  0.33962521  0.28773347  0.28388705  0.28388705  0.30332010  0.29939288  0.48518480  0.32327164  0.30726805  0.29548618  0.39094779  0.39094779  0.39094779  0.29939288  0.29939288  0.29548618  0.30332010  0.11312800  0.26121496  0.01057308  0.00000000  0.02400318  0.02129779  0.03767888  0.11618758  0.16365004  0.18687408  0.18687408  0.15069595  0.14112556  0.13796245  0.15069595  0.14430210  0.22489178  0.22844573  0.22844573  0.17351502  0.14749219  0.15714495  0.15714495  0.17021221  0.16692392  0.30332010  0.29548618  0.31522704  0.31522704  0.33962521  0.34377010  0.34377010  0.19705235  0.17683247  0.15069595  0.25750221  0.25750221  0.25380781  0.26121496  0.22844573  0.29548618  0.29548618  0.28773347  0.25750221  0.27246509  0.26121496  0.25380781  0.28006032  0.27625306  0.25013157  0.28773347  0.26869621  0.26494623  0.26494623  0.33962521  0.33962521  0.34793809  0.33962521  0.42259759  0.43658287  0.43658287  0.42723035  0.39985474  0.42259759  0.45083469  0.39985474  0.39094779  0.41341729  0.42723035  0.42259759  0.42259759  0.41799335  0.39538801  0.39538801  0.40886905  0.44605385  0.44605385  0.44605385  0.44130337  
11_1_0     0.29159978  0.29548618  0.29548618  0.30726805  0.26494623  0.29548618  0.30726805  0.27246509  0.31123696  0.33962521  0.28006032  0.28388705  0.28388705  0.30332010  0.29939288  0.48017998  0.31522704  0.29939288  0.30332010  0.38214569  0.38214569  0.38214569  0.30726805  0.30726805  0.28773347  0.31123696  0.09801511  0.24647331  0.02400318  0.02400318  0.00000000  0.00262929  0.02400318  0.13167609  0.15069595  0.18351187  0.17683247  0.15069595  0.12855262  0.13796245  0.14430210  0.13167609  0.23201665  0.22844573  0.22844573  0.15714495  0.13796245  0.14749219  0.14749219  0.18016472  0.17683247  0.29939288  0.29939288  0.31923852  0.31923852  0.34793809  0.35212944  0.35212944  0.19025146  0.18351187  0.12855262  0.27246509  0.27246509  0.26869621  0.27625306  0.25013157  0.28388705  0.29159978  0.28388705  0.26869621  0.28388705  0.25750221  0.25013157  0.27625306  0.27246509  0.26494623  0.27246509  0.26121496  0.25750221  0.25750221  0.35212944  0.35212944  0.35212944  0.33140372  0.41799335  0.42723035  0.42723035  0.43189199  0.39985474  0.40434831  0.46048907  0.39985474  0.39985474  0.41799335  0.44130337  0.42723035  0.42723035  0.44130337  0.39094779  0.39094779  0.39538801  0.45083469  0.44130337  0.44130337  0.44130337  
