10
12_0_0     0.00000000  0.16664034  0.18556316  0.16664034  0.13018367  0.24541168  0.23509566  0.26648422  0.26648422  0.21488417  
4_0_0      0.16664034  0.00000000  0.17604143  0.20498120  0.18556316  0.20498120  0.21488417  0.23509566  0.27724924  0.18556316  
2_0_0      0.18556316  0.17604143  0.00000000  0.16664034  0.13018367  0.21488417  0.20498120  0.20498120  0.28817274  0.20498120  
1_2_0      0.16664034  0.20498120  0.16664034  0.00000000  0.03046780  0.24541168  0.21488417  0.25587314  0.31051435  0.26648422  
6_2_0      0.13018367  0.18556316  0.13018367  0.03046780  0.00000000  0.21488417  0.17604143  0.21488417  0.26648422  0.22492110  
10_3_0     0.24541168  0.20498120  0.21488417  0.24541168  0.21488417  0.00000000  0.07040080  0.14818813  0.13018367  0.09543465  
12_3_0     0.23509566  0.21488417  0.20498120  0.21488417  0.17604143  0.07040080  0.00000000  0.15735688  0.15735688  0.13913129  
10_1_0     0.26648422  0.23509566  0.20498120  0.25587314  0.21488417  0.14818813  0.15735688  0.00000000  0.13018367  0.15735688  
12_1_0     0.26648422  0.27724924  0.28817274  0.31051435  0.26648422  0.13018367  0.15735688  0.13018367  0.00000000  0.17604143  
11_1_0     0.21488417  0.18556316  0.20498120  0.26648422  0.22492110  0.09543465  0.13913129  0.15735688  0.17604143  0.00000000  

