20
20_0_0     0.00000000  0.46360648  0.39380477  0.35150073  0.33236470  0.33236470  0.33236470  0.41902050  0.41596300  0.42225322  0.56636889  0.42225322  0.42225322  0.40832897  0.34421564  0.36141056  0.31766836  0.31766836  0.31766836  0.31766836  
14_0_0     0.46360648  0.00000000  0.15805319  0.12276971  0.39380477  0.39380477  0.39380477  0.31542813  0.31332175  0.35422093  0.42225322  0.34172329  0.34172329  0.35422093  0.45226916  0.47762818  0.39417233  0.40858848  0.40858848  0.40858848  
6_0_0      0.39380477  0.15805319  0.00000000  0.11541874  0.42603422  0.42603422  0.42603422  0.34172329  0.35150073  0.37010405  0.55697216  0.35708822  0.35708822  0.34441774  0.45666429  0.44994013  0.35663801  0.34359192  0.34359192  0.34359192  
15_0_0     0.35150073  0.12276971  0.11541874  0.00000000  0.42214287  0.42214287  0.42214287  0.28188990  0.28018801  0.29476717  0.43659567  0.30608051  0.30608051  0.27291410  0.35422093  0.37330701  0.28092126  0.29225745  0.29225745  0.29225745  
1_0_0      0.33236470  0.39380477  0.42603422  0.42214287  0.00000000  0.00000000  0.00000000  0.24494796  0.25359694  0.24663939  0.45526230  0.30140233  0.30140233  0.30140233  0.31542813  0.29685164  0.28993583  0.28993583  0.28993583  0.28993583  
3_0_0      0.33236470  0.39380477  0.42603422  0.42214287  0.00000000  0.00000000  0.00000000  0.24494796  0.25359694  0.24663939  0.45526230  0.30140233  0.30140233  0.30140233  0.31542813  0.29685164  0.28993583  0.28993583  0.28993583  0.28993583  
2_0_0      0.33236470  0.39380477  0.42603422  0.42214287  0.00000000  0.00000000  0.00000000  0.24494796  0.25359694  0.24663939  0.45526230  0.30140233  0.30140233  0.30140233  0.31542813  0.29685164  0.28993583  0.28993583  0.28993583  0.28993583  
18_0_0     0.41902050  0.31542813  0.34172329  0.28188990  0.24494796  0.24494796  0.24494796  0.00000000  0.00648362  0.11389463  0.28773851  0.22128895  0.22128895  0.18274447  0.28371565  0.24494796  0.27667610  0.26586414  0.26586414  0.26586414  
8_0_0      0.41596300  0.31332175  0.35150073  0.28018801  0.25359694  0.25359694  0.25359694  0.00648362  0.00000000  0.12126983  0.28566517  0.22964050  0.22964050  0.19071987  0.28188990  0.25359694  0.28566517  0.27473475  0.27473475  0.27473475  
19_0_0     0.42225322  0.35422093  0.37010405  0.29476717  0.24663939  0.24663939  0.24663939  0.11389463  0.12126983  0.00000000  0.28566517  0.20319915  0.20319915  0.16577196  0.27473475  0.23640195  0.19751504  0.21656280  0.21656280  0.21656280  
16_0_0     0.56636889  0.42225322  0.55697216  0.43659567  0.45526230  0.45526230  0.45526230  0.28773851  0.28566517  0.28566517  0.00000000  0.31315092  0.31315092  0.30140233  0.43314187  0.42566258  0.37145646  0.38444217  0.38444217  0.38444217  
9_0_0      0.42225322  0.34172329  0.35708822  0.30608051  0.30140233  0.30140233  0.30140233  0.22128895  0.22964050  0.20319915  0.31315092  0.00000000  0.00000000  0.02652988  0.30830643  0.26779712  0.24663939  0.26779712  0.26779712  0.26779712  
13_0_0     0.42225322  0.34172329  0.35708822  0.30608051  0.30140233  0.30140233  0.30140233  0.22128895  0.22964050  0.20319915  0.31315092  0.00000000  0.00000000  0.02652988  0.30830643  0.26779712  0.24663939  0.26779712  0.26779712  0.26779712  
7_0_0      0.40832897  0.35422093  0.34441774  0.27291410  0.30140233  0.30140233  0.30140233  0.18274447  0.19071987  0.16577196  0.30140233  0.02652988  0.02652988  0.00000000  0.27473475  0.23640195  0.21656280  0.23640195  0.23640195  0.23640195  
17_0_0     0.34421564  0.45226916  0.45666429  0.35422093  0.31542813  0.31542813  0.31542813  0.28371565  0.28188990  0.27473475  0.43314187  0.30830643  0.30830643  0.27473475  0.00000000  0.03305460  0.15297579  0.15297579  0.15297579  0.15297579  
11_0_0     0.36141056  0.47762818  0.44994013  0.37330701  0.29685164  0.29685164  0.29685164  0.24494796  0.25359694  0.23640195  0.42566258  0.26779712  0.26779712  0.23640195  0.03305460  0.00000000  0.14614521  0.14614521  0.14614521  0.14614521  
5_0_0      0.31766836  0.39417233  0.35663801  0.28092126  0.28993583  0.28993583  0.28993583  0.27667610  0.28566517  0.19751504  0.37145646  0.24663939  0.24663939  0.21656280  0.15297579  0.14614521  0.00000000  0.01308074  0.01308074  0.01308074  
4_0_0      0.31766836  0.40858848  0.34359192  0.29225745  0.28993583  0.28993583  0.28993583  0.26586414  0.27473475  0.21656280  0.38444217  0.26779712  0.26779712  0.23640195  0.15297579  0.14614521  0.01308074  0.00000000  0.00000000  0.00000000  
12_0_0     0.31766836  0.40858848  0.34359192  0.29225745  0.28993583  0.28993583  0.28993583  0.26586414  0.27473475  0.21656280  0.38444217  0.26779712  0.26779712  0.23640195  0.15297579  0.14614521  0.01308074  0.00000000  0.00000000  0.00000000  
10_0_0     0.31766836  0.40858848  0.34359192  0.29225745  0.28993583  0.28993583  0.28993583  0.26586414  0.27473475  0.21656280  0.38444217  0.26779712  0.26779712  0.23640195  0.15297579  0.14614521  0.01308074  0.00000000  0.00000000  0.00000000  

