20
20_0_0     0.00000000  0.51518458  0.49368242  0.42916056  0.35559493  0.35559493  0.35559493  0.38659070  0.38659070  0.36805807  0.49368242  0.36805807  0.36805807  0.38086117  0.43952906  0.45460608  0.38364220  0.35801084  0.35801084  0.37065159  
14_0_0     0.51518458  0.00000000  0.11565381  0.17282707  0.35923244  0.35923244  0.35923244  0.35248413  0.35248413  0.37245944  0.42533216  0.38606999  0.38606999  0.37245944  0.41067117  0.39645425  0.35621777  0.44046587  0.44046587  0.42533216  
6_0_0      0.49368242  0.11565381  0.00000000  0.13044397  0.35621777  0.35621777  0.35621777  0.32428331  0.32428331  0.36925043  0.40698783  0.33119019  0.33119019  0.31915965  0.32867899  0.31680943  0.32867899  0.35335835  0.35335835  0.34085649  
15_0_0     0.42916056  0.17282707  0.13044397  0.00000000  0.36620230  0.36620230  0.36620230  0.37245944  0.37245944  0.32867899  0.41767509  0.30523263  0.30523263  0.29393448  0.33119019  0.30742976  0.32631239  0.37632531  0.37632531  0.36331371  
1_0_0      0.35559493  0.35923244  0.35621777  0.36620230  0.00000000  0.01308389  0.01308389  0.19424636  0.19424636  0.15506943  0.28228429  0.21049436  0.21049436  0.22040318  0.39733560  0.41205019  0.28228429  0.28228429  0.28228429  0.27108166  
3_0_0      0.35559493  0.35923244  0.35621777  0.36620230  0.01308389  0.00000000  0.00000000  0.19424636  0.19424636  0.15506943  0.28228429  0.21049436  0.21049436  0.22040318  0.39733560  0.41205019  0.26014018  0.26014018  0.26014018  0.24944793  
2_0_0      0.35559493  0.35923244  0.35621777  0.36620230  0.01308389  0.00000000  0.00000000  0.19424636  0.19424636  0.15506943  0.28228429  0.21049436  0.21049436  0.22040318  0.39733560  0.41205019  0.26014018  0.26014018  0.26014018  0.24944793  
18_0_0     0.38659070  0.35248413  0.32428331  0.37245944  0.19424636  0.19424636  0.19424636  0.00000000  0.00000000  0.09885612  0.25356971  0.15727783  0.15727783  0.14847336  0.29901862  0.31110334  0.20232415  0.18329614  0.18329614  0.19271374  
8_0_0      0.38659070  0.35248413  0.32428331  0.37245944  0.19424636  0.19424636  0.19424636  0.00000000  0.00000000  0.09885612  0.25356971  0.15727783  0.15727783  0.14847336  0.29901862  0.31110334  0.20232415  0.18329614  0.18329614  0.19271374  
19_0_0     0.36805807  0.37245944  0.36925043  0.32867899  0.15506943  0.15506943  0.15506943  0.09885612  0.09885612  0.00000000  0.19936088  0.09772805  0.09772805  0.10550314  0.30552499  0.31759160  0.21875919  0.20895983  0.20895983  0.19936088  
16_0_0     0.49368242  0.42533216  0.40698783  0.41767509  0.28228429  0.28228429  0.28228429  0.25356971  0.25356971  0.19936088  0.00000000  0.18073250  0.18073250  0.18995429  0.39340796  0.42281747  0.30293916  0.31484382  0.31484382  0.30293916  
9_0_0      0.36805807  0.38606999  0.33119019  0.30523263  0.21049436  0.21049436  0.21049436  0.15727783  0.15727783  0.09772805  0.18073250  0.00000000  0.00000000  0.00649636  0.29376082  0.30552499  0.24944793  0.24944793  0.24944793  0.23899383  
13_0_0     0.36805807  0.38606999  0.33119019  0.30523263  0.21049436  0.21049436  0.21049436  0.15727783  0.15727783  0.09772805  0.18073250  0.00000000  0.00000000  0.00649636  0.29376082  0.30552499  0.24944793  0.24944793  0.24944793  0.23899383  
7_0_0      0.38086117  0.37245944  0.31915965  0.29393448  0.22040318  0.22040318  0.22040318  0.14847336  0.14847336  0.10550314  0.18995429  0.00649636  0.00649636  0.00000000  0.28228429  0.29376082  0.26014018  0.26014018  0.26014018  0.24944793  
17_0_0     0.43952906  0.41067117  0.32867899  0.33119019  0.39733560  0.39733560  0.39733560  0.29901862  0.29901862  0.30552499  0.39340796  0.29376082  0.29376082  0.28228429  0.00000000  0.02654296  0.14643633  0.14643633  0.14643633  0.13795915  
11_0_0     0.45460608  0.39645425  0.31680943  0.30742976  0.41205019  0.41205019  0.41205019  0.31110334  0.31110334  0.31759160  0.42281747  0.30552499  0.30552499  0.29376082  0.02654296  0.00000000  0.17282707  0.15506943  0.15506943  0.14643633  
5_0_0      0.38364220  0.35621777  0.32867899  0.32631239  0.28228429  0.26014018  0.26014018  0.20232415  0.20232415  0.21875919  0.30293916  0.24944793  0.24944793  0.26014018  0.14643633  0.17282707  0.00000000  0.04039935  0.04039935  0.03342003  
4_0_0      0.35801084  0.44046587  0.35335835  0.37632531  0.28228429  0.26014018  0.26014018  0.18329614  0.18329614  0.20895983  0.31484382  0.24944793  0.24944793  0.26014018  0.14643633  0.15506943  0.04039935  0.00000000  0.00000000  0.00649636  
12_0_0     0.35801084  0.44046587  0.35335835  0.37632531  0.28228429  0.26014018  0.26014018  0.18329614  0.18329614  0.20895983  0.31484382  0.24944793  0.24944793  0.26014018  0.14643633  0.15506943  0.04039935  0.00000000  0.00000000  0.00649636  
10_0_0     0.37065159  0.42533216  0.34085649  0.36331371  0.27108166  0.24944793  0.24944793  0.19271374  0.19271374  0.19936088  0.30293916  0.23899383  0.23899383  0.24944793  0.13795915  0.14643633  0.03342003  0.00649636  0.00649636  0.00000000  

