20
20_0_0     0.00000000  0.42183968  0.41984576  0.38249834  0.42650531  0.42650531  0.42650531  0.37493743  0.35062450  0.40613613  0.37493743  0.37982688  0.37982688  0.37982688  0.36231093  0.36231093  0.32361017  0.33534055  0.32361017  0.32361017  
14_0_0     0.42183968  0.00000000  0.12922273  0.17093510  0.40917953  0.40917953  0.43741357  0.38087544  0.40611008  0.35267650  0.40611008  0.29607131  0.29607131  0.29607131  0.32361017  0.32361017  0.33317078  0.34504059  0.33317078  0.33317078  
6_0_0      0.41984576  0.12922273  0.00000000  0.07535750  0.36231093  0.36231093  0.38829767  0.33714432  0.36056856  0.28839809  0.28550160  0.25733683  0.25733683  0.25733683  0.27201321  0.27201321  0.28096554  0.24988557  0.26002598  0.26002598  
15_0_0     0.38249834  0.17093510  0.07535750  0.00000000  0.33302973  0.33302973  0.35804004  0.31629701  0.33891010  0.31215668  0.28688841  0.26886870  0.26886870  0.26886870  0.24580225  0.24580225  0.24417758  0.23413325  0.24417758  0.24417758  
1_0_0      0.42650531  0.40917953  0.36231093  0.33302973  0.00000000  0.00000000  0.01307788  0.24740973  0.25733683  0.21343575  0.23021916  0.24266088  0.24266088  0.24266088  0.18898147  0.18898147  0.28867926  0.25617157  0.26676733  0.26676733  
3_0_0      0.42650531  0.40917953  0.36231093  0.33302973  0.00000000  0.00000000  0.01307788  0.24740973  0.25733683  0.21343575  0.23021916  0.24266088  0.24266088  0.24266088  0.18898147  0.18898147  0.28867926  0.25617157  0.26676733  0.26676733  
2_0_0      0.42650531  0.43741357  0.38829767  0.35804004  0.01307788  0.01307788  0.00000000  0.26747127  0.27782188  0.23272231  0.24988557  0.26317035  0.26317035  0.26317035  0.20772499  0.20772499  0.31162764  0.27759963  0.28867926  0.28867926  
18_0_0     0.37493743  0.38087544  0.33714432  0.31629701  0.24740973  0.24740973  0.26747127  0.00000000  0.01307788  0.08243059  0.19176788  0.15139700  0.15139700  0.15139700  0.29757784  0.29757784  0.30687640  0.30687640  0.30687640  0.30687640  
8_0_0      0.35062450  0.40611008  0.36056856  0.33891010  0.25733683  0.25733683  0.27782188  0.01307788  0.00000000  0.08243059  0.20961553  0.15139700  0.15139700  0.15139700  0.31969015  0.31969015  0.30687640  0.30687640  0.30687640  0.30687640  
19_0_0     0.40613613  0.35267650  0.28839809  0.31215668  0.21343575  0.21343575  0.23272231  0.08243059  0.08243059  0.00000000  0.15139700  0.09753212  0.09753212  0.09753212  0.25129093  0.25129093  0.28096554  0.26002598  0.26002598  0.26002598  
16_0_0     0.37493743  0.40611008  0.28550160  0.28688841  0.23021916  0.23021916  0.24988557  0.19176788  0.20961553  0.15139700  0.00000000  0.17882892  0.17882892  0.17882892  0.22912803  0.22912803  0.23995274  0.22067699  0.22067699  0.22067699  
9_0_0      0.37982688  0.29607131  0.25733683  0.26886870  0.24266088  0.24266088  0.26317035  0.15139700  0.15139700  0.09753212  0.17882892  0.00000000  0.00000000  0.00000000  0.25129093  0.25129093  0.30284960  0.28096554  0.28096554  0.28096554  
13_0_0     0.37982688  0.29607131  0.25733683  0.26886870  0.24266088  0.24266088  0.26317035  0.15139700  0.15139700  0.09753212  0.17882892  0.00000000  0.00000000  0.00000000  0.25129093  0.25129093  0.30284960  0.28096554  0.28096554  0.28096554  
7_0_0      0.37982688  0.29607131  0.25733683  0.26886870  0.24266088  0.24266088  0.26317035  0.15139700  0.15139700  0.09753212  0.17882892  0.00000000  0.00000000  0.00000000  0.25129093  0.25129093  0.30284960  0.28096554  0.28096554  0.28096554  
17_0_0     0.36231093  0.32361017  0.27201321  0.24580225  0.18898147  0.18898147  0.20772499  0.29757784  0.31969015  0.25129093  0.22912803  0.25129093  0.25129093  0.25129093  0.00000000  0.00000000  0.09801705  0.09034570  0.08279373  0.08279373  
11_0_0     0.36231093  0.32361017  0.27201321  0.24580225  0.18898147  0.18898147  0.20772499  0.29757784  0.31969015  0.25129093  0.22912803  0.25129093  0.25129093  0.25129093  0.00000000  0.00000000  0.09801705  0.09034570  0.08279373  0.08279373  
5_0_0      0.32361017  0.33317078  0.28096554  0.24417758  0.28867926  0.28867926  0.31162764  0.30687640  0.30687640  0.28096554  0.23995274  0.30284960  0.30284960  0.30284960  0.09801705  0.09801705  0.00000000  0.01975142  0.01307788  0.01307788  
4_0_0      0.33534055  0.34504059  0.24988557  0.23413325  0.25617157  0.25617157  0.27759963  0.30687640  0.30687640  0.26002598  0.22067699  0.28096554  0.28096554  0.28096554  0.09034570  0.09034570  0.01975142  0.00000000  0.00649489  0.00649489  
12_0_0     0.32361017  0.33317078  0.26002598  0.24417758  0.26676733  0.26676733  0.28867926  0.30687640  0.30687640  0.26002598  0.22067699  0.28096554  0.28096554  0.28096554  0.08279373  0.08279373  0.01307788  0.00649489  0.00000000  0.00000000  
10_0_0     0.32361017  0.33317078  0.26002598  0.24417758  0.26676733  0.26676733  0.28867926  0.30687640  0.30687640  0.26002598  0.22067699  0.28096554  0.28096554  0.28096554  0.08279373  0.08279373  0.01307788  0.00649489  0.00000000  0.00000000  

