202
94_68_0    0.00000000  0.09486633  0.07721158  0.23195821  0.42816297  0.43759204  0.43759204  0.52837711  0.55016853  0.55016853  0.53919215  0.51771874  0.56131114  0.56131114  0.58411573  0.55016853  0.53919215  0.50721256  0.60764979  0.55016853  0.60764979  0.58411573  0.58411573  0.53919215  0.50721256  0.50721256  0.52837711  0.57262509  0.43759204  0.47656520  0.46662668  0.44714351  0.46662668  0.44714351  0.43759204  0.44714351  0.43759204  0.45682061  0.51771874  0.52837711  0.51771874  0.51771874  0.51771874  0.55016853  0.57262509  0.56131114  0.57262509  0.57262509  0.56131114  0.69650618  0.58411573  0.60764979  0.58411573  0.59578868  0.60764979  0.52837711  0.53919215  0.53919215  0.53919215  0.52837711  0.56131114  0.56131114  0.47656520  0.47656520  0.48663981  0.55016853  0.53919215  0.57262509  0.61970525  0.61970525  0.58411573  0.59578868  0.57262509  0.58411573  0.61970525  0.47656520  0.55016853  0.50721256  0.55016853  0.51771874  0.51771874  0.56131114  0.55016853  0.51771874  0.50721256  0.51771874  0.58411573  0.55016853  0.58411573  0.61970525  0.56131114  0.58411573  0.58411573  0.56131114  0.60764979  0.58411573  0.59578868  0.59578868  0.61970525  0.56131114  0.55016853  0.58411573  0.51771874  0.58411573  0.58411573  0.56131114  0.53919215  0.53919215  0.55016853  0.45682061  0.47656520  0.47656520  0.57262509  0.60764979  0.52837711  0.56131114  0.50721256  0.56131114  0.51771874  0.56131114  0.55016853  0.56131114  0.55016853  0.55016853  0.51771874  0.51771874  0.53919215  0.55016853  0.53919215  0.49685429  0.59578868  0.55016853  0.58411573  0.53919215  0.53919215  0.52837711  0.50721256  0.51771874  0.47656520  0.45682061  0.45682061  0.48663981  0.45682061  0.51771874  0.50721256  0.47656520  0.52837711  0.51771874  0.48663981  0.56131114  0.53919215  0.53919215  0.52837711  0.51771874  0.52837711  0.51771874  0.52837711  0.57262509  0.56131114  0.49685429  0.49685429  0.49685429  0.50721256  0.59578868  0.53919215  0.48663981  0.50721256  0.49685429  0.56131114  0.56131114  0.55016853  0.49685429  0.50721256  0.46662668  0.50721256  0.48663981  0.51771874  0.50721256  0.50721256  0.47656520  0.55016853  0.51771874  0.53919215  0.47656520  0.48663981  0.64442543  0.61970525  0.63196153  0.52837711  0.60764979  0.48663981  0.46662668  0.46662668  0.48663981  0.49685429  0.47656520  0.60764979  0.60764979  0.67000510  0.56131114  0.56131114  0.55016853  
94_69_0    0.09486633  0.00000000  0.03759345  0.27632507  0.40965977  0.41885321  0.41885321  0.57262509  0.57262509  0.57262509  0.60764979  0.58411573  0.58411573  0.58411573  0.60764979  0.59578868  0.58411573  0.55016853  0.63196153  0.56131114  0.61970525  0.59578868  0.57262509  0.52837711  0.55016853  0.52837711  0.52837711  0.56131114  0.45682061  0.51771874  0.48663981  0.48663981  0.48663981  0.48663981  0.47656520  0.48663981  0.47656520  0.49685429  0.53919215  0.53919215  0.52837711  0.55016853  0.56131114  0.55016853  0.55016853  0.56131114  0.57262509  0.59578868  0.58411573  0.68313633  0.60764979  0.63196153  0.60764979  0.61970525  0.63196153  0.58411573  0.55016853  0.55016853  0.55016853  0.53919215  0.55016853  0.57262509  0.52837711  0.52837711  0.53919215  0.52837711  0.53919215  0.52837711  0.57262509  0.57262509  0.51771874  0.52837711  0.50721256  0.61970525  0.60764979  0.51771874  0.59578868  0.57262509  0.61970525  0.58411573  0.53919215  0.58411573  0.57262509  0.53919215  0.52837711  0.55016853  0.63196153  0.57262509  0.60764979  0.64442543  0.53919215  0.58411573  0.57262509  0.58411573  0.60764979  0.60764979  0.59578868  0.61970525  0.64442543  0.56131114  0.59578868  0.51771874  0.55016853  0.57262509  0.55016853  0.51771874  0.49685429  0.52837711  0.50721256  0.41885321  0.41885321  0.43759204  0.52837711  0.60764979  0.52837711  0.56131114  0.55016853  0.58411573  0.47656520  0.51771874  0.52837711  0.50721256  0.50721256  0.50721256  0.47656520  0.49685429  0.48663981  0.52837711  0.52837711  0.43759204  0.55016853  0.52837711  0.56131114  0.52837711  0.51771874  0.52837711  0.50721256  0.51771874  0.47656520  0.47656520  0.47656520  0.46662668  0.47656520  0.55016853  0.57262509  0.53919215  0.52837711  0.49685429  0.48663981  0.51771874  0.53919215  0.53919215  0.52837711  0.51771874  0.52837711  0.49685429  0.55016853  0.59578868  0.56131114  0.49685429  0.49685429  0.49685429  0.49685429  0.59578868  0.53919215  0.47656520  0.50721256  0.49685429  0.51771874  0.58411573  0.53919215  0.51771874  0.52837711  0.42816297  0.50721256  0.48663981  0.51771874  0.50721256  0.50721256  0.45682061  0.48663981  0.47656520  0.52837711  0.48663981  0.51771874  0.68313633  0.53919215  0.57262509  0.50721256  0.58411573  0.44714351  0.40965977  0.42816297  0.48663981  0.49685429  0.47656520  0.57262509  0.57262509  0.69650618  0.52837711  0.52837711  0.51771874  
94_70_0    0.07721158  0.03759345  0.00000000  0.23916938  0.42816297  0.43759204  0.43759204  0.56131114  0.56131114  0.56131114  0.59578868  0.55016853  0.59578868  0.57262509  0.59578868  0.58411573  0.57262509  0.53919215  0.61970525  0.57262509  0.60764979  0.58411573  0.56131114  0.52837711  0.57262509  0.53919215  0.53919215  0.55016853  0.44714351  0.48663981  0.47656520  0.47656520  0.47656520  0.47656520  0.44714351  0.47656520  0.46662668  0.48663981  0.51771874  0.52837711  0.51771874  0.53919215  0.52837711  0.53919215  0.56131114  0.57262509  0.58411573  0.57262509  0.56131114  0.69650618  0.58411573  0.60764979  0.58411573  0.59578868  0.60764979  0.53919215  0.52837711  0.52837711  0.50721256  0.49685429  0.50721256  0.52837711  0.48663981  0.48663981  0.49685429  0.49685429  0.50721256  0.51771874  0.56131114  0.56131114  0.50721256  0.51771874  0.49685429  0.61970525  0.63196153  0.48663981  0.60764979  0.53919215  0.58411573  0.55016853  0.48663981  0.52837711  0.51771874  0.48663981  0.47656520  0.49685429  0.58411573  0.56131114  0.59578868  0.63196153  0.52837711  0.59578868  0.58411573  0.59578868  0.61970525  0.61970525  0.60764979  0.63196153  0.65710411  0.59578868  0.58411573  0.52837711  0.52837711  0.58411573  0.52837711  0.52837711  0.50721256  0.51771874  0.49685429  0.39161049  0.40965977  0.42816297  0.51771874  0.59578868  0.51771874  0.55016853  0.51771874  0.59578868  0.48663981  0.50721256  0.49685429  0.49685429  0.49685429  0.49685429  0.46662668  0.48663981  0.47656520  0.51771874  0.51771874  0.44714351  0.53919215  0.51771874  0.55016853  0.51771874  0.50721256  0.51771874  0.49685429  0.50721256  0.46662668  0.46662668  0.46662668  0.47656520  0.46662668  0.53919215  0.56131114  0.52837711  0.51771874  0.48663981  0.47656520  0.52837711  0.52837711  0.52837711  0.51771874  0.50721256  0.51771874  0.48663981  0.53919215  0.58411573  0.55016853  0.48663981  0.48663981  0.48663981  0.48663981  0.56131114  0.50721256  0.46662668  0.47656520  0.46662668  0.50721256  0.52837711  0.52837711  0.48663981  0.49685429  0.41885321  0.49685429  0.45682061  0.48663981  0.47656520  0.47656520  0.44714351  0.47656520  0.46662668  0.51771874  0.43759204  0.46662668  0.68313633  0.53919215  0.57262509  0.49685429  0.57262509  0.43759204  0.40057979  0.41885321  0.51771874  0.52837711  0.50721256  0.56131114  0.56131114  0.68313633  0.50721256  0.52837711  0.51771874  
94_34_0    0.23195821  0.27632507  0.23916938  0.00000000  0.45682061  0.46662668  0.44714351  0.52837711  0.56131114  0.56131114  0.55016853  0.51771874  0.53919215  0.53919215  0.53919215  0.55016853  0.53919215  0.50721256  0.58411573  0.64442543  0.60764979  0.58411573  0.59578868  0.53919215  0.60764979  0.47656520  0.49685429  0.52837711  0.46662668  0.48663981  0.47656520  0.49685429  0.49685429  0.49685429  0.46662668  0.47656520  0.48663981  0.48663981  0.53919215  0.45682061  0.45682061  0.46662668  0.49685429  0.52837711  0.52837711  0.45682061  0.46662668  0.49685429  0.48663981  0.55016853  0.48663981  0.52837711  0.52837711  0.51771874  0.52837711  0.53919215  0.50721256  0.52837711  0.52837711  0.51771874  0.52837711  0.52837711  0.50721256  0.50721256  0.49685429  0.49685429  0.48663981  0.52837711  0.56131114  0.55016853  0.51771874  0.50721256  0.48663981  0.60764979  0.64442543  0.52837711  0.59578868  0.53919215  0.53919215  0.50721256  0.57262509  0.57262509  0.56131114  0.51771874  0.50721256  0.51771874  0.69650618  0.49685429  0.55016853  0.58411573  0.60764979  0.69650618  0.69650618  0.65710411  0.68313633  0.57262509  0.58411573  0.63196153  0.67000510  0.61970525  0.56131114  0.59578868  0.47656520  0.56131114  0.47656520  0.45682061  0.47656520  0.47656520  0.51771874  0.46662668  0.48663981  0.46662668  0.55016853  0.55016853  0.56131114  0.61970525  0.53919215  0.55016853  0.51771874  0.57262509  0.56131114  0.57262509  0.57262509  0.56131114  0.55016853  0.55016853  0.51771874  0.49685429  0.50721256  0.50721256  0.53919215  0.51771874  0.50721256  0.50721256  0.47656520  0.46662668  0.44714351  0.45682061  0.43759204  0.45682061  0.45682061  0.46662668  0.45682061  0.51771874  0.48663981  0.48663981  0.49685429  0.47656520  0.47656520  0.45682061  0.56131114  0.49685429  0.50721256  0.51771874  0.48663981  0.47656520  0.44714351  0.46662668  0.47656520  0.43759204  0.43759204  0.41885321  0.43759204  0.53919215  0.43759204  0.42816297  0.42816297  0.44714351  0.50721256  0.46662668  0.47656520  0.41885321  0.45682061  0.47656520  0.50721256  0.51771874  0.50721256  0.51771874  0.49685429  0.52837711  0.51771874  0.48663981  0.48663981  0.43759204  0.46662668  0.64442543  0.59578868  0.58411573  0.50721256  0.48663981  0.44714351  0.46662668  0.44714351  0.55016853  0.56131114  0.53919215  0.56131114  0.56131114  0.61970525  0.52837711  0.59578868  0.58411573  
75_34_0    0.42816297  0.40965977  0.42816297  0.45682061  0.00000000  0.00525432  0.01587688  0.36534054  0.33997627  0.35678826  0.34833425  0.34833425  0.35678826  0.33997627  0.35678826  0.33997627  0.32353985  0.33171216  0.37399339  0.43759204  0.36534054  0.36534054  0.35678826  0.38274921  0.36534054  0.30746259  0.33171216  0.46662668  0.33997627  0.33997627  0.36534054  0.41885321  0.42816297  0.40965977  0.40057979  0.39161049  0.40057979  0.38274921  0.40965977  0.43759204  0.44714351  0.45682061  0.41885321  0.40965977  0.40965977  0.40057979  0.39161049  0.41885321  0.44714351  0.49685429  0.46662668  0.41885321  0.42816297  0.42816297  0.46662668  0.38274921  0.41885321  0.40057979  0.40965977  0.40965977  0.43759204  0.41885321  0.38274921  0.38274921  0.37399339  0.35678826  0.34833425  0.34833425  0.35678826  0.34833425  0.35678826  0.33171216  0.33171216  0.44714351  0.45682061  0.38274921  0.45682061  0.41885321  0.44714351  0.42816297  0.46662668  0.48663981  0.47656520  0.43759204  0.44714351  0.47656520  0.48663981  0.42816297  0.41885321  0.40965977  0.44714351  0.49685429  0.48663981  0.48663981  0.51771874  0.45682061  0.47656520  0.47656520  0.49685429  0.49685429  0.50721256  0.40965977  0.37399339  0.55016853  0.43759204  0.41885321  0.38274921  0.39161049  0.45682061  0.46662668  0.45682061  0.44714351  0.46662668  0.49685429  0.46662668  0.47656520  0.48663981  0.49685429  0.46662668  0.50721256  0.58411573  0.48663981  0.45682061  0.47656520  0.46662668  0.44714351  0.48663981  0.47656520  0.49685429  0.41885321  0.47656520  0.45682061  0.46662668  0.40965977  0.42816297  0.41885321  0.40057979  0.39161049  0.40965977  0.37399339  0.37399339  0.38274921  0.37399339  0.41885321  0.42816297  0.38274921  0.43759204  0.44714351  0.43759204  0.46662668  0.42816297  0.44714351  0.41885321  0.42816297  0.41885321  0.45682061  0.46662668  0.47656520  0.48663981  0.44714351  0.46662668  0.45682061  0.43759204  0.46662668  0.47656520  0.45682061  0.43759204  0.47656520  0.51771874  0.47656520  0.40965977  0.43759204  0.44714351  0.47656520  0.58411573  0.42816297  0.45682061  0.47656520  0.46662668  0.48663981  0.47656520  0.48663981  0.50721256  0.43759204  0.44714351  0.47656520  0.50721256  0.50721256  0.49685429  0.51771874  0.38274921  0.36534054  0.38274921  0.41885321  0.40057979  0.40057979  0.49685429  0.49685429  0.50721256  0.42816297  0.43759204  0.44714351  
65_34_0    0.43759204  0.41885321  0.43759204  0.46662668  0.00525432  0.00000000  0.01054643  0.37399339  0.34833425  0.36534054  0.35678826  0.35678826  0.36534054  0.34833425  0.36534054  0.34833425  0.33171216  0.33997627  0.38274921  0.44714351  0.37399339  0.37399339  0.36534054  0.39161049  0.37399339  0.31545731  0.33997627  0.47656520  0.33171216  0.33171216  0.35678826  0.42816297  0.43759204  0.41885321  0.40965977  0.40057979  0.40965977  0.39161049  0.41885321  0.44714351  0.45682061  0.46662668  0.42816297  0.41885321  0.41885321  0.40965977  0.40057979  0.42816297  0.45682061  0.50721256  0.47656520  0.42816297  0.43759204  0.43759204  0.47656520  0.39161049  0.42816297  0.40965977  0.41885321  0.41885321  0.44714351  0.42816297  0.39161049  0.39161049  0.38274921  0.36534054  0.35678826  0.35678826  0.36534054  0.35678826  0.36534054  0.33997627  0.33997627  0.43759204  0.44714351  0.39161049  0.46662668  0.42816297  0.45682061  0.43759204  0.47656520  0.49685429  0.48663981  0.44714351  0.45682061  0.48663981  0.49685429  0.43759204  0.42816297  0.41885321  0.45682061  0.50721256  0.49685429  0.49685429  0.52837711  0.46662668  0.48663981  0.48663981  0.50721256  0.50721256  0.51771874  0.41885321  0.38274921  0.53919215  0.44714351  0.42816297  0.39161049  0.40057979  0.46662668  0.47656520  0.46662668  0.45682061  0.47656520  0.50721256  0.47656520  0.48663981  0.49685429  0.50721256  0.47656520  0.51771874  0.59578868  0.49685429  0.46662668  0.48663981  0.47656520  0.45682061  0.47656520  0.46662668  0.50721256  0.42816297  0.48663981  0.46662668  0.47656520  0.41885321  0.43759204  0.42816297  0.40965977  0.40057979  0.41885321  0.38274921  0.38274921  0.39161049  0.38274921  0.42816297  0.43759204  0.39161049  0.44714351  0.45682061  0.44714351  0.47656520  0.43759204  0.45682061  0.42816297  0.43759204  0.42816297  0.46662668  0.47656520  0.48663981  0.49685429  0.45682061  0.47656520  0.46662668  0.44714351  0.45682061  0.48663981  0.46662668  0.44714351  0.48663981  0.50721256  0.48663981  0.41885321  0.44714351  0.45682061  0.48663981  0.59578868  0.43759204  0.46662668  0.48663981  0.47656520  0.49685429  0.48663981  0.49685429  0.51771874  0.44714351  0.45682061  0.48663981  0.51771874  0.51771874  0.48663981  0.50721256  0.39161049  0.37399339  0.39161049  0.40965977  0.39161049  0.39161049  0.50721256  0.50721256  0.51771874  0.43759204  0.44714351  0.45682061  
61_90_0    0.43759204  0.41885321  0.43759204  0.44714351  0.01587688  0.01054643  0.00000000  0.37399339  0.34833425  0.36534054  0.35678826  0.35678826  0.36534054  0.34833425  0.36534054  0.34833425  0.33171216  0.33997627  0.38274921  0.44714351  0.37399339  0.37399339  0.36534054  0.39161049  0.39161049  0.31545731  0.33997627  0.49685429  0.33171216  0.33171216  0.35678826  0.40965977  0.41885321  0.40057979  0.39161049  0.38274921  0.39161049  0.37399339  0.41885321  0.44714351  0.45682061  0.46662668  0.42816297  0.41885321  0.41885321  0.40965977  0.40057979  0.42816297  0.45682061  0.50721256  0.47656520  0.44714351  0.45682061  0.45682061  0.47656520  0.40965977  0.42816297  0.40965977  0.43759204  0.43759204  0.42816297  0.42816297  0.40965977  0.40965977  0.40057979  0.36534054  0.35678826  0.37399339  0.38274921  0.37399339  0.38274921  0.35678826  0.35678826  0.43759204  0.44714351  0.40965977  0.48663981  0.44714351  0.45682061  0.45682061  0.49685429  0.51771874  0.50721256  0.46662668  0.45682061  0.48663981  0.51771874  0.41885321  0.42816297  0.41885321  0.45682061  0.48663981  0.47656520  0.47656520  0.50721256  0.46662668  0.48663981  0.48663981  0.50721256  0.50721256  0.51771874  0.40965977  0.38274921  0.53919215  0.42816297  0.40965977  0.37399339  0.38274921  0.44714351  0.45682061  0.44714351  0.43759204  0.45682061  0.48663981  0.47656520  0.48663981  0.47656520  0.48663981  0.45682061  0.49685429  0.57262509  0.47656520  0.46662668  0.46662668  0.47656520  0.43759204  0.45682061  0.44714351  0.48663981  0.44714351  0.48663981  0.46662668  0.47656520  0.40057979  0.41885321  0.40965977  0.39161049  0.38274921  0.40057979  0.36534054  0.36534054  0.37399339  0.36534054  0.40965977  0.41885321  0.37399339  0.44714351  0.45682061  0.44714351  0.45682061  0.43759204  0.45682061  0.42816297  0.43759204  0.42816297  0.44714351  0.45682061  0.46662668  0.47656520  0.43759204  0.45682061  0.44714351  0.42816297  0.45682061  0.46662668  0.44714351  0.42816297  0.46662668  0.48663981  0.46662668  0.40057979  0.42816297  0.44714351  0.47656520  0.57262509  0.43759204  0.44714351  0.48663981  0.45682061  0.49685429  0.48663981  0.49685429  0.51771874  0.42816297  0.43759204  0.48663981  0.51771874  0.51771874  0.46662668  0.48663981  0.39161049  0.37399339  0.39161049  0.40965977  0.39161049  0.39161049  0.52837711  0.52837711  0.53919215  0.43759204  0.46662668  0.47656520  
83_34_0    0.52837711  0.57262509  0.56131114  0.52837711  0.36534054  0.37399339  0.37399339  0.00000000  0.08893422  0.07721158  0.07721158  0.05997053  0.07141955  0.07721158  0.09486633  0.11295515  0.04869692  0.08304955  0.13778682  0.19692583  0.17668006  0.16348589  0.19692583  0.19011515  0.19692583  0.14412793  0.19011515  0.55016853  0.39161049  0.39161049  0.41885321  0.40057979  0.40965977  0.40057979  0.39161049  0.38274921  0.37399339  0.39161049  0.40965977  0.38274921  0.39161049  0.39161049  0.35678826  0.34833425  0.34833425  0.33171216  0.33997627  0.43759204  0.44714351  0.46662668  0.45682061  0.47656520  0.49685429  0.48663981  0.48663981  0.48663981  0.44714351  0.44714351  0.44714351  0.43759204  0.42816297  0.40965977  0.40965977  0.39161049  0.40057979  0.36534054  0.35678826  0.36534054  0.37399339  0.36534054  0.43759204  0.39161049  0.40965977  0.49685429  0.48663981  0.41885321  0.47656520  0.41885321  0.40965977  0.44714351  0.46662668  0.49685429  0.48663981  0.46662668  0.43759204  0.44714351  0.52837711  0.43759204  0.41885321  0.43759204  0.45682061  0.50721256  0.50721256  0.51771874  0.48663981  0.51771874  0.53919215  0.49685429  0.50721256  0.52837711  0.56131114  0.41885321  0.45682061  0.53919215  0.45682061  0.43759204  0.39161049  0.42816297  0.43759204  0.47656520  0.45682061  0.47656520  0.50721256  0.49685429  0.53919215  0.57262509  0.50721256  0.56131114  0.52837711  0.50721256  0.51771874  0.45682061  0.44714351  0.44714351  0.44714351  0.41885321  0.46662668  0.42816297  0.46662668  0.41885321  0.46662668  0.44714351  0.43759204  0.47656520  0.49685429  0.42816297  0.46662668  0.45682061  0.50721256  0.48663981  0.50721256  0.52837711  0.49685429  0.43759204  0.44714351  0.43759204  0.48663981  0.49685429  0.47656520  0.50721256  0.49685429  0.50721256  0.51771874  0.50721256  0.51771874  0.56131114  0.50721256  0.55016853  0.52837711  0.50721256  0.48663981  0.51771874  0.47656520  0.48663981  0.43759204  0.47656520  0.43759204  0.49685429  0.51771874  0.46662668  0.41885321  0.41885321  0.43759204  0.45682061  0.53919215  0.43759204  0.44714351  0.44714351  0.41885321  0.47656520  0.52837711  0.49685429  0.52837711  0.41885321  0.40965977  0.51771874  0.51771874  0.50721256  0.53919215  0.49685429  0.44714351  0.44714351  0.40965977  0.47656520  0.47656520  0.47656520  0.46662668  0.46662668  0.43759204  0.40965977  0.42816297  0.43759204  
82_34_0    0.55016853  0.57262509  0.56131114  0.56131114  0.33997627  0.34833425  0.34833425  0.08893422  0.00000000  0.01054643  0.04312424  0.08304955  0.13149990  0.13778682  0.15697648  0.15052416  0.10687600  0.14412793  0.19011515  0.20380013  0.19692583  0.18336694  0.21774448  0.19011515  0.19011515  0.17005340  0.21774448  0.60764979  0.40057979  0.40057979  0.42816297  0.40965977  0.41885321  0.40965977  0.38274921  0.37399339  0.38274921  0.40057979  0.43759204  0.48663981  0.47656520  0.49685429  0.40057979  0.39161049  0.40965977  0.39161049  0.40057979  0.43759204  0.48663981  0.46662668  0.45682061  0.47656520  0.49685429  0.48663981  0.48663981  0.43759204  0.45682061  0.45682061  0.43759204  0.42816297  0.41885321  0.40057979  0.40057979  0.40057979  0.39161049  0.36534054  0.37399339  0.35678826  0.36534054  0.35678826  0.44714351  0.40057979  0.41885321  0.56131114  0.55016853  0.46662668  0.51771874  0.47656520  0.46662668  0.50721256  0.53919215  0.55016853  0.53919215  0.47656520  0.44714351  0.48663981  0.57262509  0.46662668  0.46662668  0.48663981  0.48663981  0.53919215  0.50721256  0.52837711  0.49685429  0.59578868  0.61970525  0.59578868  0.61970525  0.60764979  0.61970525  0.43759204  0.49685429  0.52837711  0.44714351  0.45682061  0.42816297  0.44714351  0.45682061  0.47656520  0.47656520  0.46662668  0.48663981  0.49685429  0.53919215  0.55016853  0.50721256  0.56131114  0.57262509  0.52837711  0.53919215  0.49685429  0.46662668  0.48663981  0.46662668  0.47656520  0.48663981  0.44714351  0.50721256  0.43759204  0.46662668  0.46662668  0.45682061  0.48663981  0.48663981  0.45682061  0.47656520  0.46662668  0.51771874  0.47656520  0.49685429  0.49685429  0.48663981  0.43759204  0.46662668  0.43759204  0.51771874  0.52837711  0.51771874  0.52837711  0.53919215  0.55016853  0.53919215  0.55016853  0.53919215  0.53919215  0.50721256  0.52837711  0.52837711  0.52837711  0.52837711  0.53919215  0.47656520  0.49685429  0.45682061  0.51771874  0.47656520  0.51771874  0.56131114  0.44714351  0.45682061  0.45682061  0.47656520  0.49685429  0.50721256  0.40057979  0.40965977  0.42816297  0.38274921  0.45682061  0.48663981  0.49685429  0.53919215  0.43759204  0.44714351  0.53919215  0.58411573  0.57262509  0.53919215  0.47656520  0.46662668  0.42816297  0.44714351  0.44714351  0.42816297  0.42816297  0.53919215  0.53919215  0.50721256  0.45682061  0.47656520  0.48663981  
96_34_0    0.55016853  0.57262509  0.56131114  0.56131114  0.35678826  0.36534054  0.36534054  0.07721158  0.01054643  0.00000000  0.03210392  0.07141955  0.11908494  0.12526624  0.14412793  0.13778682  0.09486633  0.13149990  0.17668006  0.20380013  0.19692583  0.18336694  0.21774448  0.19011515  0.19011515  0.17005340  0.21774448  0.58411573  0.41885321  0.41885321  0.44714351  0.40965977  0.41885321  0.40965977  0.40057979  0.37399339  0.38274921  0.40057979  0.41885321  0.46662668  0.47656520  0.47656520  0.38274921  0.37399339  0.39161049  0.39161049  0.40057979  0.43759204  0.48663981  0.46662668  0.45682061  0.47656520  0.49685429  0.48663981  0.48663981  0.45682061  0.45682061  0.45682061  0.43759204  0.42816297  0.41885321  0.40057979  0.40057979  0.40057979  0.39161049  0.38274921  0.39161049  0.35678826  0.38274921  0.37399339  0.44714351  0.40057979  0.41885321  0.56131114  0.52837711  0.44714351  0.49685429  0.45682061  0.44714351  0.48663981  0.51771874  0.52837711  0.51771874  0.47656520  0.44714351  0.46662668  0.55016853  0.46662668  0.46662668  0.48663981  0.46662668  0.53919215  0.50721256  0.52837711  0.49685429  0.59578868  0.61970525  0.59578868  0.60764979  0.60764979  0.61970525  0.43759204  0.47656520  0.50721256  0.44714351  0.45682061  0.40965977  0.42816297  0.47656520  0.47656520  0.47656520  0.46662668  0.48663981  0.49685429  0.56131114  0.55016853  0.50721256  0.56131114  0.57262509  0.52837711  0.53919215  0.47656520  0.44714351  0.46662668  0.44714351  0.45682061  0.48663981  0.44714351  0.50721256  0.43759204  0.46662668  0.46662668  0.45682061  0.49685429  0.49685429  0.46662668  0.48663981  0.47656520  0.52837711  0.48663981  0.50721256  0.50721256  0.49685429  0.43759204  0.48663981  0.45682061  0.52837711  0.51771874  0.51771874  0.52837711  0.53919215  0.55016853  0.53919215  0.55016853  0.53919215  0.53919215  0.50721256  0.55016853  0.52837711  0.52837711  0.52837711  0.56131114  0.47656520  0.47656520  0.45682061  0.49685429  0.45682061  0.51771874  0.56131114  0.44714351  0.45682061  0.45682061  0.47656520  0.47656520  0.50721256  0.38274921  0.39161049  0.40965977  0.36534054  0.43759204  0.48663981  0.47656520  0.51771874  0.43759204  0.42816297  0.53919215  0.56131114  0.55016853  0.53919215  0.47656520  0.44714351  0.40965977  0.42816297  0.44714351  0.42816297  0.42816297  0.53919215  0.53919215  0.48663981  0.43759204  0.45682061  0.46662668  
63_34_0    0.53919215  0.60764979  0.59578868  0.55016853  0.34833425  0.35678826  0.35678826  0.07721158  0.04312424  0.03210392  0.00000000  0.07141955  0.11908494  0.12526624  0.14412793  0.15052416  0.09486633  0.11908494  0.17668006  0.19692583  0.19011515  0.17668006  0.22481702  0.19692583  0.18336694  0.15697648  0.19011515  0.56131114  0.40965977  0.40965977  0.43759204  0.41885321  0.42816297  0.41885321  0.40965977  0.38274921  0.39161049  0.40965977  0.41885321  0.42816297  0.43759204  0.43759204  0.36534054  0.35678826  0.37399339  0.37399339  0.38274921  0.46662668  0.45682061  0.45682061  0.44714351  0.46662668  0.48663981  0.47656520  0.47656520  0.45682061  0.43759204  0.43759204  0.41885321  0.40965977  0.41885321  0.38274921  0.38274921  0.38274921  0.37399339  0.38274921  0.37399339  0.33997627  0.36534054  0.35678826  0.42816297  0.38274921  0.40057979  0.49685429  0.48663981  0.40965977  0.45682061  0.41885321  0.40965977  0.44714351  0.49685429  0.52837711  0.51771874  0.47656520  0.44714351  0.45682061  0.52837711  0.42816297  0.42816297  0.44714351  0.42816297  0.49685429  0.47656520  0.50721256  0.49685429  0.52837711  0.57262509  0.52837711  0.53919215  0.53919215  0.55016853  0.42816297  0.46662668  0.51771874  0.46662668  0.45682061  0.40965977  0.42816297  0.49685429  0.48663981  0.48663981  0.47656520  0.51771874  0.50721256  0.57262509  0.56131114  0.51771874  0.57262509  0.57262509  0.53919215  0.55016853  0.48663981  0.45682061  0.47656520  0.45682061  0.44714351  0.50721256  0.45682061  0.51771874  0.45682061  0.47656520  0.45682061  0.44714351  0.48663981  0.48663981  0.43759204  0.47656520  0.46662668  0.51771874  0.47656520  0.49685429  0.51771874  0.48663981  0.42816297  0.45682061  0.42816297  0.51771874  0.50721256  0.50721256  0.51771874  0.52837711  0.53919215  0.52837711  0.53919215  0.52837711  0.57262509  0.49685429  0.53919215  0.53919215  0.51771874  0.51771874  0.55016853  0.46662668  0.45682061  0.44714351  0.48663981  0.44714351  0.50721256  0.55016853  0.46662668  0.44714351  0.44714351  0.46662668  0.48663981  0.48663981  0.37399339  0.38274921  0.38274921  0.35678826  0.42816297  0.49685429  0.48663981  0.50721256  0.42816297  0.41885321  0.50721256  0.51771874  0.51771874  0.52837711  0.47656520  0.41885321  0.40057979  0.40057979  0.43759204  0.43759204  0.43759204  0.55016853  0.55016853  0.48663981  0.43759204  0.45682061  0.46662668  
63_53_0    0.51771874  0.58411573  0.55016853  0.51771874  0.34833425  0.35678826  0.35678826  0.05997053  0.08304955  0.07141955  0.07141955  0.00000000  0.10084666  0.10687600  0.12526624  0.14412793  0.07721158  0.11295515  0.17005340  0.23195821  0.21073927  0.19692583  0.21774448  0.21073927  0.23195821  0.17005340  0.19011515  0.56131114  0.43759204  0.43759204  0.44714351  0.42816297  0.43759204  0.42816297  0.41885321  0.40965977  0.41885321  0.43759204  0.44714351  0.43759204  0.44714351  0.44714351  0.37399339  0.36534054  0.38274921  0.34833425  0.33997627  0.45682061  0.46662668  0.46662668  0.47656520  0.47656520  0.49685429  0.48663981  0.48663981  0.48663981  0.46662668  0.46662668  0.44714351  0.43759204  0.42816297  0.40965977  0.40965977  0.40965977  0.40057979  0.40057979  0.39161049  0.38274921  0.40965977  0.40057979  0.47656520  0.42816297  0.44714351  0.45682061  0.42816297  0.40965977  0.44714351  0.39161049  0.38274921  0.41885321  0.49685429  0.51771874  0.49685429  0.45682061  0.42816297  0.41885321  0.51771874  0.43759204  0.40965977  0.42816297  0.44714351  0.52837711  0.50721256  0.52837711  0.50721256  0.57262509  0.59578868  0.58411573  0.59578868  0.59578868  0.60764979  0.43759204  0.42816297  0.50721256  0.42816297  0.41885321  0.37399339  0.39161049  0.43759204  0.45682061  0.45682061  0.45682061  0.50721256  0.47656520  0.53919215  0.53919215  0.50721256  0.56131114  0.53919215  0.50721256  0.51771874  0.45682061  0.42816297  0.44714351  0.42816297  0.41885321  0.44714351  0.40965977  0.44714351  0.40057979  0.44714351  0.42816297  0.41885321  0.43759204  0.47656520  0.40965977  0.44714351  0.43759204  0.48663981  0.42816297  0.44714351  0.46662668  0.45682061  0.41885321  0.44714351  0.41885321  0.46662668  0.47656520  0.45682061  0.48663981  0.51771874  0.50721256  0.49685429  0.48663981  0.49685429  0.52837711  0.47656520  0.51771874  0.49685429  0.47656520  0.45682061  0.48663981  0.48663981  0.42816297  0.41885321  0.43759204  0.40057979  0.45682061  0.47656520  0.40965977  0.41885321  0.41885321  0.43759204  0.45682061  0.51771874  0.41885321  0.42816297  0.42816297  0.40057979  0.46662668  0.53919215  0.48663981  0.53919215  0.40057979  0.39161049  0.49685429  0.51771874  0.50721256  0.53919215  0.47656520  0.42816297  0.40965977  0.39161049  0.48663981  0.48663981  0.48663981  0.47656520  0.47656520  0.46662668  0.45682061  0.47656520  0.48663981  
72_34_0    0.56131114  0.58411573  0.59578868  0.53919215  0.35678826  0.36534054  0.36534054  0.07141955  0.13149990  0.11908494  0.11908494  0.10084666  0.00000000  0.04869692  0.06567277  0.08893422  0.05431213  0.08893422  0.14412793  0.20380013  0.19692583  0.18336694  0.19011515  0.21073927  0.21073927  0.12526624  0.16348589  0.50721256  0.39161049  0.42816297  0.41885321  0.40965977  0.41885321  0.40965977  0.40057979  0.37399339  0.38274921  0.40057979  0.40965977  0.38274921  0.39161049  0.39161049  0.37399339  0.34833425  0.34833425  0.33171216  0.33997627  0.42816297  0.41885321  0.40965977  0.39161049  0.44714351  0.46662668  0.45682061  0.44714351  0.45682061  0.42816297  0.42816297  0.42816297  0.41885321  0.40057979  0.39161049  0.38274921  0.38274921  0.37399339  0.41885321  0.40965977  0.38274921  0.39161049  0.36534054  0.42816297  0.38274921  0.40057979  0.52837711  0.47656520  0.42816297  0.45682061  0.40057979  0.40965977  0.39161049  0.47656520  0.50721256  0.49685429  0.47656520  0.46662668  0.45682061  0.55016853  0.42816297  0.40057979  0.41885321  0.45682061  0.48663981  0.48663981  0.47656520  0.46662668  0.52837711  0.55016853  0.50721256  0.53919215  0.51771874  0.52837711  0.42816297  0.40965977  0.53919215  0.46662668  0.42816297  0.37399339  0.41885321  0.44714351  0.48663981  0.46662668  0.46662668  0.48663981  0.47656520  0.51771874  0.55016853  0.51771874  0.53919215  0.52837711  0.49685429  0.51771874  0.43759204  0.42816297  0.42816297  0.45682061  0.41885321  0.45682061  0.41885321  0.44714351  0.40965977  0.45682061  0.43759204  0.42816297  0.43759204  0.48663981  0.40965977  0.44714351  0.43759204  0.46662668  0.47656520  0.48663981  0.50721256  0.47656520  0.44714351  0.46662668  0.44714351  0.46662668  0.47656520  0.46662668  0.46662668  0.47656520  0.46662668  0.49685429  0.46662668  0.47656520  0.51771874  0.46662668  0.50721256  0.50721256  0.46662668  0.44714351  0.47656520  0.43759204  0.46662668  0.41885321  0.45682061  0.40965977  0.47656520  0.49685429  0.47656520  0.45682061  0.40965977  0.42816297  0.42816297  0.50721256  0.42816297  0.41885321  0.45682061  0.42816297  0.48663981  0.47656520  0.42816297  0.47656520  0.42816297  0.41885321  0.49685429  0.47656520  0.48663981  0.53919215  0.52837711  0.43759204  0.43759204  0.40057979  0.41885321  0.41885321  0.43759204  0.47656520  0.47656520  0.46662668  0.42816297  0.43759204  0.44714351  
56_34_0    0.56131114  0.58411573  0.57262509  0.53919215  0.33997627  0.34833425  0.34833425  0.07721158  0.13778682  0.12526624  0.12526624  0.10687600  0.04869692  0.00000000  0.05997053  0.08893422  0.05997053  0.09486633  0.15052416  0.19692583  0.17668006  0.17668006  0.19692583  0.20380013  0.22481702  0.14412793  0.17668006  0.53919215  0.39161049  0.40965977  0.41885321  0.41885321  0.42816297  0.41885321  0.40965977  0.38274921  0.39161049  0.40965977  0.38274921  0.38274921  0.39161049  0.39161049  0.36534054  0.35678826  0.35678826  0.35678826  0.36534054  0.42816297  0.41885321  0.41885321  0.42816297  0.44714351  0.46662668  0.45682061  0.45682061  0.45682061  0.43759204  0.43759204  0.43759204  0.42816297  0.41885321  0.40057979  0.40057979  0.40057979  0.39161049  0.38274921  0.37399339  0.40965977  0.41885321  0.39161049  0.44714351  0.41885321  0.43759204  0.48663981  0.47656520  0.40965977  0.51771874  0.43759204  0.44714351  0.42816297  0.43759204  0.46662668  0.45682061  0.45682061  0.44714351  0.45682061  0.51771874  0.44714351  0.40965977  0.42816297  0.46662668  0.51771874  0.51771874  0.50721256  0.51771874  0.52837711  0.55016853  0.50721256  0.53919215  0.51771874  0.52837711  0.42816297  0.39161049  0.57262509  0.40057979  0.40057979  0.38274921  0.41885321  0.40965977  0.44714351  0.42816297  0.42816297  0.45682061  0.46662668  0.48663981  0.51771874  0.45682061  0.52837711  0.49685429  0.45682061  0.46662668  0.40965977  0.40057979  0.40057979  0.41885321  0.39161049  0.43759204  0.41885321  0.43759204  0.37399339  0.41885321  0.40057979  0.40965977  0.42816297  0.44714351  0.38274921  0.41885321  0.40965977  0.45682061  0.43759204  0.45682061  0.47656520  0.44714351  0.40965977  0.43759204  0.40965977  0.43759204  0.44714351  0.42816297  0.45682061  0.44714351  0.45682061  0.44714351  0.43759204  0.44714351  0.48663981  0.43759204  0.49685429  0.47656520  0.43759204  0.41885321  0.46662668  0.40965977  0.45682061  0.42816297  0.44714351  0.39161049  0.44714351  0.46662668  0.45682061  0.43759204  0.39161049  0.39161049  0.42816297  0.55016853  0.39161049  0.38274921  0.41885321  0.39161049  0.42816297  0.47656520  0.42816297  0.47656520  0.39161049  0.40057979  0.45682061  0.44714351  0.45682061  0.51771874  0.53919215  0.38274921  0.38274921  0.34833425  0.43759204  0.43759204  0.45682061  0.47656520  0.47656520  0.44714351  0.40057979  0.39161049  0.40057979  
74_34_0    0.58411573  0.60764979  0.59578868  0.53919215  0.35678826  0.36534054  0.36534054  0.09486633  0.15697648  0.14412793  0.14412793  0.12526624  0.06567277  0.05997053  0.00000000  0.09486633  0.06567277  0.10084666  0.13149990  0.21774448  0.21073927  0.19692583  0.18336694  0.20380013  0.24645193  0.15052416  0.18336694  0.56131114  0.40965977  0.42816297  0.43759204  0.41885321  0.42816297  0.41885321  0.42816297  0.40057979  0.40965977  0.42816297  0.46662668  0.40965977  0.42816297  0.40057979  0.35678826  0.34833425  0.34833425  0.34833425  0.35678826  0.45682061  0.44714351  0.44714351  0.41885321  0.45682061  0.47656520  0.46662668  0.42816297  0.48663981  0.46662668  0.44714351  0.46662668  0.45682061  0.44714351  0.42816297  0.44714351  0.44714351  0.43759204  0.41885321  0.40965977  0.40965977  0.41885321  0.39161049  0.46662668  0.41885321  0.43759204  0.51771874  0.47656520  0.42816297  0.50721256  0.42816297  0.42816297  0.41885321  0.41885321  0.46662668  0.45682061  0.49685429  0.46662668  0.47656520  0.51771874  0.41885321  0.43759204  0.45682061  0.46662668  0.50721256  0.50721256  0.52837711  0.50721256  0.56131114  0.58411573  0.53919215  0.57262509  0.58411573  0.59578868  0.40965977  0.39161049  0.60764979  0.42816297  0.40965977  0.37399339  0.42816297  0.45682061  0.45682061  0.43759204  0.45682061  0.50721256  0.45682061  0.51771874  0.57262509  0.48663981  0.56131114  0.52837711  0.46662668  0.49685429  0.43759204  0.43759204  0.42816297  0.40965977  0.40057979  0.47656520  0.42816297  0.46662668  0.41885321  0.44714351  0.42816297  0.41885321  0.46662668  0.47656520  0.42816297  0.44714351  0.43759204  0.46662668  0.44714351  0.46662668  0.48663981  0.47656520  0.45682061  0.48663981  0.46662668  0.46662668  0.47656520  0.45682061  0.46662668  0.47656520  0.50721256  0.47656520  0.48663981  0.47656520  0.51771874  0.47656520  0.50721256  0.50721256  0.46662668  0.44714351  0.47656520  0.43759204  0.50721256  0.43759204  0.46662668  0.41885321  0.46662668  0.50721256  0.42816297  0.44714351  0.40965977  0.42816297  0.45682061  0.55016853  0.45682061  0.42816297  0.43759204  0.43759204  0.47656520  0.50721256  0.49685429  0.48663981  0.45682061  0.46662668  0.47656520  0.45682061  0.48663981  0.50721256  0.52837711  0.41885321  0.41885321  0.38274921  0.46662668  0.46662668  0.48663981  0.46662668  0.46662668  0.45682061  0.42816297  0.43759204  0.44714351  
57_34_0    0.55016853  0.59578868  0.58411573  0.55016853  0.33997627  0.34833425  0.34833425  0.11295515  0.15052416  0.13778682  0.15052416  0.14412793  0.08893422  0.08893422  0.09486633  0.00000000  0.08304955  0.11908494  0.17668006  0.18336694  0.16348589  0.17668006  0.19692583  0.19011515  0.22481702  0.13149990  0.16348589  0.55016853  0.40965977  0.40965977  0.43759204  0.41885321  0.42816297  0.41885321  0.42816297  0.38274921  0.39161049  0.37399339  0.42816297  0.39161049  0.40057979  0.40965977  0.39161049  0.38274921  0.38274921  0.36534054  0.37399339  0.40057979  0.42816297  0.44714351  0.41885321  0.43759204  0.43759204  0.42816297  0.44714351  0.44714351  0.48663981  0.46662668  0.48663981  0.47656520  0.44714351  0.44714351  0.42816297  0.42816297  0.41885321  0.37399339  0.36534054  0.36534054  0.39161049  0.36534054  0.40057979  0.39161049  0.39161049  0.55016853  0.53919215  0.40057979  0.46662668  0.40965977  0.40057979  0.41885321  0.44714351  0.45682061  0.46662668  0.50721256  0.47656520  0.48663981  0.50721256  0.40965977  0.40965977  0.42816297  0.45682061  0.48663981  0.48663981  0.49685429  0.46662668  0.58411573  0.60764979  0.60764979  0.61970525  0.57262509  0.58411573  0.43759204  0.42816297  0.58411573  0.46662668  0.46662668  0.42816297  0.48663981  0.51771874  0.53919215  0.51771874  0.49685429  0.50721256  0.49685429  0.53919215  0.55016853  0.50721256  0.53919215  0.57262509  0.55016853  0.56131114  0.47656520  0.46662668  0.46662668  0.48663981  0.41885321  0.52837711  0.48663981  0.50721256  0.45682061  0.50721256  0.48663981  0.47656520  0.49685429  0.52837711  0.46662668  0.48663981  0.47656520  0.50721256  0.48663981  0.48663981  0.50721256  0.47656520  0.47656520  0.48663981  0.47656520  0.50721256  0.51771874  0.49685429  0.52837711  0.51771874  0.48663981  0.51771874  0.48663981  0.51771874  0.51771874  0.48663981  0.52837711  0.50721256  0.48663981  0.46662668  0.49685429  0.45682061  0.53919215  0.49685429  0.47656520  0.49685429  0.53919215  0.56131114  0.50721256  0.46662668  0.47656520  0.47656520  0.48663981  0.53919215  0.42816297  0.43759204  0.47656520  0.42816297  0.48663981  0.49685429  0.44714351  0.49685429  0.45682061  0.46662668  0.45682061  0.48663981  0.47656520  0.49685429  0.53919215  0.41885321  0.41885321  0.38274921  0.42816297  0.42816297  0.40965977  0.51771874  0.51771874  0.50721256  0.36534054  0.40965977  0.41885321  
