18
38_0_0     0.00000000  0.01442784  0.11590445  0.11590445  0.09119914  0.09119914  0.11590445  0.08314702  0.09119914  0.09934138  0.09934138  0.22408145  0.23386645  0.23386645  0.20489765  0.19549218  0.27437818  0.27437818  
24_0_0     0.01442784  0.00000000  0.13285342  0.13285342  0.10757578  0.10757578  0.11590445  0.09934138  0.10757578  0.11590445  0.11590445  0.23386645  0.24378485  0.24378485  0.21442632  0.20489765  0.28486870  0.28486870  
91_0_0     0.11590445  0.13285342  0.00000000  0.00000000  0.04417140  0.04417140  0.02914762  0.03662073  0.02914762  0.05180126  0.03662073  0.23386645  0.24378485  0.25384036  0.24378485  0.21442632  0.28486870  0.30631476  
25_0_0     0.11590445  0.13285342  0.00000000  0.00000000  0.04417140  0.04417140  0.02914762  0.03662073  0.02914762  0.05180126  0.03662073  0.23386645  0.24378485  0.25384036  0.24378485  0.21442632  0.28486870  0.30631476  
15_0_0     0.09119914  0.10757578  0.04417140  0.04417140  0.00000000  0.00000000  0.04417140  0.03662073  0.04417140  0.04417140  0.04417140  0.22408145  0.23386645  0.23386645  0.23386645  0.20489765  0.30631476  0.31727963  
21_0_0     0.09119914  0.10757578  0.04417140  0.04417140  0.00000000  0.00000000  0.04417140  0.03662073  0.04417140  0.04417140  0.04417140  0.22408145  0.23386645  0.23386645  0.23386645  0.20489765  0.30631476  0.31727963  
71_0_0     0.11590445  0.11590445  0.02914762  0.02914762  0.04417140  0.04417140  0.00000000  0.03662073  0.02914762  0.05180126  0.03662073  0.23386645  0.24378485  0.25384036  0.24378485  0.21442632  0.29551270  0.31727963  
89_3_0     0.08314702  0.09934138  0.03662073  0.03662073  0.03662073  0.03662073  0.03662073  0.00000000  0.00717815  0.01442784  0.01442784  0.20489765  0.21442632  0.22408145  0.22408145  0.18620676  0.28486870  0.29551270  
41_3_0     0.09119914  0.10757578  0.02914762  0.02914762  0.04417140  0.04417140  0.02914762  0.00717815  0.00000000  0.02175050  0.00717815  0.20489765  0.21442632  0.22408145  0.22408145  0.18620676  0.28486870  0.30631476  
89_0_0     0.09934138  0.11590445  0.05180126  0.05180126  0.04417140  0.04417140  0.05180126  0.01442784  0.02175050  0.00000000  0.01442784  0.18620676  0.19549218  0.20489765  0.20489765  0.18620676  0.27437818  0.31727963  
41_0_0     0.09934138  0.11590445  0.03662073  0.03662073  0.04417140  0.04417140  0.03662073  0.01442784  0.00717815  0.01442784  0.00000000  0.19549218  0.20489765  0.21442632  0.21442632  0.17703836  0.28486870  0.31727963  
94_10_0    0.22408145  0.23386645  0.23386645  0.23386645  0.22408145  0.22408145  0.23386645  0.20489765  0.20489765  0.18620676  0.19549218  0.00000000  0.05951199  0.06730533  0.02914762  0.07518305  0.20489765  0.30631476  
98_9_0     0.23386645  0.24378485  0.24378485  0.24378485  0.23386645  0.23386645  0.24378485  0.21442632  0.21442632  0.19549218  0.20489765  0.05951199  0.00000000  0.02914762  0.05951199  0.13285342  0.24378485  0.28486870  
98_11_0    0.23386645  0.24378485  0.25384036  0.25384036  0.23386645  0.23386645  0.25384036  0.22408145  0.22408145  0.20489765  0.21442632  0.06730533  0.02914762  0.00000000  0.08314702  0.13285342  0.26403680  0.28486870  
98_8_0     0.20489765  0.21442632  0.24378485  0.24378485  0.23386645  0.23386645  0.24378485  0.22408145  0.22408145  0.20489765  0.21442632  0.02914762  0.05951199  0.08314702  0.00000000  0.09119914  0.19549218  0.27437818  
94_8_0     0.19549218  0.20489765  0.21442632  0.21442632  0.20489765  0.20489765  0.21442632  0.18620676  0.18620676  0.18620676  0.17703836  0.07518305  0.13285342  0.13285342  0.09119914  0.00000000  0.23386645  0.27437818  
98_0_0     0.27437818  0.28486870  0.28486870  0.28486870  0.30631476  0.30631476  0.29551270  0.28486870  0.28486870  0.27437818  0.28486870  0.20489765  0.24378485  0.26403680  0.19549218  0.23386645  0.00000000  0.15020671  
94_0_0     0.27437818  0.28486870  0.30631476  0.30631476  0.31727963  0.31727963  0.31727963  0.29551270  0.30631476  0.31727963  0.31727963  0.30631476  0.28486870  0.28486870  0.27437818  0.27437818  0.15020671  0.00000000  

