20
1_0_0      0.00000000  0.00000000  0.04084338  0.18744990  0.17896398  0.17896398  0.17896398  0.19603441  0.29769833  0.29769833  0.28785602  0.38154582  0.32803718  0.30767351  0.31778520  0.33843341  0.47614020  0.46363216  0.46363216  0.46363216  
2_0_0      0.00000000  0.00000000  0.04084338  0.18744990  0.17896398  0.17896398  0.17896398  0.19603441  0.29769833  0.29769833  0.28785602  0.38154582  0.32803718  0.30767351  0.31778520  0.33843341  0.47614020  0.46363216  0.46363216  0.46363216  
3_0_0      0.04084338  0.04084338  0.00000000  0.20471982  0.21350854  0.21350854  0.21350854  0.19603441  0.31778520  0.31778520  0.30767351  0.38154582  0.32803718  0.32803718  0.33843341  0.35967523  0.55599041  0.54206833  0.51498722  0.51498722  
11_0_0     0.18744990  0.18744990  0.20471982  0.00000000  0.00665237  0.04084338  0.02697656  0.03387744  0.31778520  0.31778520  0.32803718  0.37052961  0.30767351  0.30767351  0.29769833  0.33843341  0.54206833  0.55599041  0.55599041  0.57017983  
6_0_0      0.17896398  0.17896398  0.21350854  0.00665237  0.00000000  0.03387744  0.02013953  0.04084338  0.30767351  0.30767351  0.31778520  0.38154582  0.31778520  0.29769833  0.28785602  0.32803718  0.52840372  0.54206833  0.54206833  0.55599041  
17_0_0     0.17896398  0.17896398  0.21350854  0.04084338  0.03387744  0.00000000  0.01336518  0.06214410  0.30767351  0.30767351  0.31778520  0.38154582  0.31778520  0.29769833  0.29769833  0.32803718  0.50180999  0.51498722  0.51498722  0.52840372  
14_0_0     0.17896398  0.17896398  0.21350854  0.02697656  0.02013953  0.01336518  0.00000000  0.04787562  0.30767351  0.30767351  0.31778520  0.38154582  0.31778520  0.29769833  0.29769833  0.32803718  0.50180999  0.51498722  0.51498722  0.52840372  
5_0_0      0.19603441  0.19603441  0.19603441  0.03387744  0.04084338  0.06214410  0.04787562  0.00000000  0.33843341  0.33843341  0.34897799  0.39272875  0.32803718  0.32803718  0.31778520  0.35967523  0.55599041  0.57017983  0.54206833  0.55599041  
15_0_0     0.29769833  0.29769833  0.31778520  0.31778520  0.30767351  0.30767351  0.30767351  0.33843341  0.00000000  0.00000000  0.02013953  0.11437213  0.04787562  0.03387744  0.04084338  0.06214410  0.42733033  0.41561551  0.43923388  0.45133232  
8_0_0      0.29769833  0.29769833  0.31778520  0.31778520  0.30767351  0.30767351  0.30767351  0.33843341  0.00000000  0.00000000  0.02013953  0.11437213  0.04787562  0.03387744  0.04084338  0.06214410  0.42733033  0.41561551  0.43923388  0.45133232  
20_0_0     0.28785602  0.28785602  0.30767351  0.32803718  0.31778520  0.31778520  0.31778520  0.34897799  0.02013953  0.02013953  0.00000000  0.13793740  0.06938301  0.05497542  0.06214410  0.08407713  0.43923388  0.40408352  0.42733033  0.43923388  
19_0_0     0.38154582  0.38154582  0.38154582  0.37052961  0.38154582  0.38154582  0.38154582  0.39272875  0.11437213  0.11437213  0.13793740  0.00000000  0.10668114  0.10668114  0.11437213  0.14596250  0.41561551  0.40408352  0.42733033  0.43923388  
16_0_0     0.32803718  0.32803718  0.32803718  0.30767351  0.31778520  0.31778520  0.31778520  0.32803718  0.04787562  0.04787562  0.06938301  0.10668114  0.00000000  0.01336518  0.02013953  0.04787562  0.43923388  0.45133232  0.47614020  0.48886363  
7_0_0      0.30767351  0.30767351  0.32803718  0.30767351  0.29769833  0.29769833  0.29769833  0.32803718  0.03387744  0.03387744  0.05497542  0.10668114  0.01336518  0.00000000  0.00665237  0.03387744  0.41561551  0.42733033  0.45133232  0.46363216  
18_0_0     0.31778520  0.31778520  0.33843341  0.29769833  0.28785602  0.29769833  0.29769833  0.31778520  0.04084338  0.04084338  0.06214410  0.11437213  0.02013953  0.00665237  0.00000000  0.04084338  0.41561551  0.42733033  0.45133232  0.46363216  
9_0_0      0.33843341  0.33843341  0.35967523  0.33843341  0.32803718  0.32803718  0.32803718  0.35967523  0.06214410  0.06214410  0.08407713  0.14596250  0.04787562  0.03387744  0.04084338  0.00000000  0.40408352  0.41561551  0.43923388  0.45133232  
12_0_0     0.47614020  0.47614020  0.55599041  0.54206833  0.52840372  0.50180999  0.50180999  0.55599041  0.42733033  0.42733033  0.43923388  0.41561551  0.43923388  0.41561551  0.41561551  0.40408352  0.00000000  0.02013953  0.02013953  0.02697656  
10_0_0     0.46363216  0.46363216  0.54206833  0.55599041  0.54206833  0.51498722  0.51498722  0.57017983  0.41561551  0.41561551  0.40408352  0.40408352  0.45133232  0.42733033  0.42733033  0.41561551  0.02013953  0.00000000  0.01336518  0.02013953  
13_0_0     0.46363216  0.46363216  0.51498722  0.55599041  0.54206833  0.51498722  0.51498722  0.54206833  0.43923388  0.43923388  0.42733033  0.42733033  0.47614020  0.45133232  0.45133232  0.43923388  0.02013953  0.01336518  0.00000000  0.00665237  
4_0_0      0.46363216  0.46363216  0.51498722  0.57017983  0.55599041  0.52840372  0.52840372  0.55599041  0.45133232  0.45133232  0.43923388  0.43923388  0.48886363  0.46363216  0.46363216  0.45133232  0.02697656  0.02013953  0.00665237  0.00000000  

