fastme_mat.p : 0.3795168399810791
fastme.f81 : 0.5009534358978271
ba.exp : 6.514864206314087
pipeline_dl3245068 : 8.071993589401245
