fastme_mat.p : 0.3010744611644745
fastme.f81 : 0.4356057644796371
ba.exp : 5.8626544458103185
