fastme_mat.p : 0.4956998825073242
fastme.f81 : 1.3137423992156982
fastme.f84 : 1.4554200172424316
ba.exp : 22.35442876815796
pipeline_dl1994998 : 23.899962902069092
