fastme_mat.p : 0.4725332260131836
fastme.f81 : 1.368330478668213
ba.exp : 13.328959465026855
pipeline_dl1994998 : 15.877921104431152
