fastme_mat.p : 0.40484787293100355
fastme.f81 : 0.8094627731084824
ba.exp : 8.200467483644964
