fastme_mat.p : 0.42220712955474854
fastme.f81 : 0.7392889631011487
fastme.f84 : 0.9048958753159045
ba.exp : 12.70430408720112
