20
16_0_0     0.00000000  0.17400238  0.21466496  0.20073803  0.20073803  0.18719055  0.19866918  0.18530476  0.10147010  0.12339191  0.11188338  0.11188338  0.16115496  0.16115496  0.21033209  0.21033209  0.22425686  0.21033209  0.18925670  0.21711817  
6_0_0      0.17400238  0.00000000  0.02858378  0.03848886  0.03848886  0.04859526  0.18719055  0.20073803  0.17589030  0.22899319  0.24374656  0.24374656  0.11396892  0.13782040  0.25603715  0.25603715  0.27147640  0.28741040  0.24374656  0.27463515  
14_0_0     0.21466496  0.02858378  0.00000000  0.02858378  0.02858378  0.03848886  0.22899319  0.24374656  0.16287379  0.21466496  0.22899319  0.22899319  0.12575167  0.15018933  0.27147640  0.27147640  0.25603715  0.27147640  0.25895106  0.25895106  
2_0_0      0.20073803  0.03848886  0.02858378  0.00000000  0.00000000  0.00934655  0.21466496  0.20073803  0.17589030  0.18719055  0.20073803  0.20073803  0.13782040  0.16287379  0.28741040  0.28741040  0.30387193  0.28741040  0.27463515  0.27463515  
3_0_0      0.20073803  0.03848886  0.02858378  0.00000000  0.00000000  0.00934655  0.21466496  0.20073803  0.17589030  0.18719055  0.20073803  0.20073803  0.13782040  0.16287379  0.28741040  0.28741040  0.30387193  0.28741040  0.27463515  0.27463515  
1_0_0      0.18719055  0.04859526  0.03848886  0.00934655  0.00934655  0.00000000  0.20073803  0.18719055  0.16287379  0.17400238  0.18719055  0.18719055  0.12575167  0.15018933  0.27147640  0.27147640  0.28741040  0.27147640  0.25895106  0.25895106  
8_0_0      0.19866918  0.18719055  0.22899319  0.21466496  0.21466496  0.20073803  0.00000000  0.02858378  0.16115496  0.19866918  0.19866918  0.19866918  0.14863112  0.14863112  0.22425686  0.22425686  0.23858281  0.25333377  0.14724023  0.17229014  
18_0_0     0.18530476  0.20073803  0.24374656  0.20073803  0.20073803  0.18719055  0.02858378  0.00000000  0.14863112  0.18530476  0.18530476  0.18530476  0.16115496  0.16115496  0.23858281  0.23858281  0.25333377  0.23858281  0.18530476  0.21240271  
19_0_0     0.10147010  0.17589030  0.16287379  0.17589030  0.17589030  0.16287379  0.16115496  0.14863112  0.00000000  0.05839692  0.06882051  0.06882051  0.06944594  0.06944594  0.14724023  0.14724023  0.13517312  0.12339191  0.13641497  0.16115496  
7_0_0      0.12339191  0.22899319  0.21466496  0.18719055  0.18719055  0.17400238  0.19866918  0.18530476  0.05839692  0.00000000  0.00934655  0.00934655  0.11284771  0.11284771  0.17075482  0.17075482  0.18360041  0.17075482  0.18530476  0.18530476  
9_0_0      0.11188338  0.24374656  0.22899319  0.20073803  0.20073803  0.18719055  0.19866918  0.18530476  0.06882051  0.00934655  0.00000000  0.00000000  0.12449173  0.12449173  0.18360041  0.18360041  0.19678664  0.18360041  0.19866918  0.19866918  
13_0_0     0.11188338  0.24374656  0.22899319  0.20073803  0.20073803  0.18719055  0.19866918  0.18530476  0.06882051  0.00934655  0.00000000  0.00000000  0.12449173  0.12449173  0.18360041  0.18360041  0.19678664  0.18360041  0.19866918  0.19866918  
15_0_0     0.16115496  0.11396892  0.12575167  0.13782040  0.13782040  0.12575167  0.14863112  0.16115496  0.06944594  0.11284771  0.12449173  0.12449173  0.00000000  0.01887214  0.14724023  0.14724023  0.15960747  0.17229014  0.12449173  0.14863112  
20_0_0     0.16115496  0.13782040  0.15018933  0.16287379  0.16287379  0.15018933  0.14863112  0.16115496  0.06944594  0.11284771  0.12449173  0.12449173  0.01887214  0.00000000  0.12339191  0.12339191  0.13517312  0.14724023  0.12449173  0.12449173  
5_0_0      0.21033209  0.25603715  0.27147640  0.28741040  0.28741040  0.27147640  0.22425686  0.23858281  0.14724023  0.17075482  0.18360041  0.18360041  0.14724023  0.12339191  0.00000000  0.00000000  0.00934655  0.01887214  0.11107788  0.11107788  
10_0_0     0.21033209  0.25603715  0.27147640  0.28741040  0.28741040  0.27147640  0.22425686  0.23858281  0.14724023  0.17075482  0.18360041  0.18360041  0.14724023  0.12339191  0.00000000  0.00000000  0.00934655  0.01887214  0.11107788  0.11107788  
4_0_0      0.22425686  0.27147640  0.25603715  0.30387193  0.30387193  0.28741040  0.23858281  0.25333377  0.13517312  0.18360041  0.19678664  0.19678664  0.15960747  0.13517312  0.00934655  0.00934655  0.00000000  0.00934655  0.12245405  0.12245405  
12_0_0     0.21033209  0.28741040  0.27147640  0.28741040  0.28741040  0.27147640  0.25333377  0.23858281  0.12339191  0.17075482  0.18360041  0.18360041  0.17229014  0.14724023  0.01887214  0.01887214  0.00934655  0.00000000  0.13409657  0.13409657  
11_0_0     0.18925670  0.24374656  0.25895106  0.27463515  0.27463515  0.25895106  0.14724023  0.18530476  0.13641497  0.18530476  0.19866918  0.19866918  0.12449173  0.12449173  0.11107788  0.11107788  0.12245405  0.13409657  0.00000000  0.01887214  
17_0_0     0.21711817  0.27463515  0.25895106  0.27463515  0.27463515  0.25895106  0.17229014  0.21240271  0.16115496  0.18530476  0.19866918  0.19866918  0.14863112  0.12449173  0.11107788  0.11107788  0.12245405  0.13409657  0.01887214  0.00000000  

