20
16_0_0     0.00000000  0.13801622  0.15042396  0.11295799  0.10256445  0.10256445  0.14741690  0.13531791  0.12462895  0.12255512  0.12350893  0.12350893  0.08969084  0.08969084  0.10256445  0.15042396  0.12591330  0.12591330  0.16139837  0.15982051  
6_0_0      0.13801622  0.00000000  0.04861812  0.12462895  0.11410057  0.11410057  0.14741690  0.15982051  0.14883452  0.15842012  0.15982051  0.15982051  0.17254446  0.17254446  0.18963998  0.16315226  0.16315226  0.16315226  0.14883452  0.17254446  
14_0_0     0.15042396  0.04861812  0.00000000  0.11295799  0.10256445  0.10256445  0.17254446  0.18560575  0.14883452  0.15842012  0.15982051  0.15982051  0.17254446  0.17254446  0.17621814  0.15042396  0.17621814  0.17621814  0.16139837  0.18560575  
2_0_0      0.11295799  0.12462895  0.11295799  0.00000000  0.00932525  0.00932525  0.18386792  0.19710233  0.15982051  0.18231804  0.18386792  0.18386792  0.14617273  0.14617273  0.18753013  0.24435957  0.21512592  0.21512592  0.19902276  0.22468789  
3_0_0      0.10256445  0.11410057  0.10256445  0.00932525  0.00000000  0.00000000  0.17254446  0.18560575  0.14883452  0.17097974  0.17254446  0.17254446  0.13531791  0.13531791  0.17621814  0.23224952  0.20343773  0.20343773  0.18753013  0.21281539  
1_0_0      0.10256445  0.11410057  0.10256445  0.00932525  0.00000000  0.00000000  0.17254446  0.18560575  0.14883452  0.17097974  0.17254446  0.17254446  0.13531791  0.13531791  0.17621814  0.23224952  0.20343773  0.20343773  0.18753013  0.21281539  
8_0_0      0.14741690  0.14741690  0.17254446  0.18386792  0.17254446  0.17254446  0.00000000  0.00934737  0.10155712  0.10001806  0.10070762  0.10070762  0.11197638  0.11197638  0.17254446  0.17254446  0.17254446  0.17254446  0.13422242  0.15719896  
18_0_0     0.13531791  0.15982051  0.18560575  0.19710233  0.18560575  0.18560575  0.00934737  0.00000000  0.11295799  0.11115774  0.11197638  0.11197638  0.12350893  0.12350893  0.15982051  0.15982051  0.15982051  0.15982051  0.14617273  0.14510390  
19_0_0     0.12462895  0.14883452  0.14883452  0.15982051  0.14883452  0.14883452  0.10155712  0.11295799  0.00000000  0.04793342  0.06885679  0.06885679  0.05842183  0.05842183  0.17429102  0.17429102  0.17429102  0.17429102  0.17254446  0.19710233  
7_0_0      0.12255512  0.15842012  0.15842012  0.18231804  0.17097974  0.17097974  0.10001806  0.11115774  0.04793342  0.00000000  0.02838089  0.02838089  0.03819241  0.03819241  0.17097974  0.17097974  0.17097974  0.17097974  0.16959843  0.19384157  
9_0_0      0.12350893  0.15982051  0.15982051  0.18386792  0.17254446  0.17254446  0.10070762  0.11197638  0.06885679  0.02838089  0.00000000  0.00000000  0.02859158  0.02859158  0.17254446  0.17254446  0.17254446  0.17254446  0.17097974  0.19537475  
13_0_0     0.12350893  0.15982051  0.15982051  0.18386792  0.17254446  0.17254446  0.10070762  0.11197638  0.06885679  0.02838089  0.00000000  0.00000000  0.02859158  0.02859158  0.17254446  0.17254446  0.17254446  0.17254446  0.17097974  0.19537475  
15_0_0     0.08969084  0.17254446  0.17254446  0.14617273  0.13531791  0.13531791  0.11197638  0.12350893  0.05842183  0.03819241  0.02859158  0.02859158  0.00000000  0.00000000  0.18560575  0.21281539  0.21281539  0.21281539  0.18386792  0.20878692  
20_0_0     0.08969084  0.17254446  0.17254446  0.14617273  0.13531791  0.13531791  0.11197638  0.12350893  0.05842183  0.03819241  0.02859158  0.02859158  0.00000000  0.00000000  0.18560575  0.21281539  0.21281539  0.21281539  0.18386792  0.20878692  
5_0_0      0.10256445  0.18963998  0.17621814  0.18753013  0.17621814  0.17621814  0.17254446  0.15982051  0.17429102  0.17097974  0.17254446  0.17254446  0.18560575  0.18560575  0.00000000  0.03850310  0.03850310  0.03850310  0.09041411  0.08969084  
10_0_0     0.15042396  0.16315226  0.15042396  0.24435957  0.23224952  0.23224952  0.17254446  0.15982051  0.17429102  0.17097974  0.17254446  0.17254446  0.21281539  0.21281539  0.03850310  0.00000000  0.01887552  0.01887552  0.09041411  0.08969084  
4_0_0      0.12591330  0.16315226  0.17621814  0.21512592  0.20343773  0.20343773  0.17254446  0.15982051  0.17429102  0.17097974  0.17254446  0.17254446  0.21281539  0.21281539  0.03850310  0.01887552  0.00000000  0.00000000  0.09041411  0.08969084  
12_0_0     0.12591330  0.16315226  0.17621814  0.21512592  0.20343773  0.20343773  0.17254446  0.15982051  0.17429102  0.17097974  0.17254446  0.17254446  0.21281539  0.21281539  0.03850310  0.01887552  0.00000000  0.00000000  0.09041411  0.08969084  
11_0_0     0.16139837  0.14883452  0.16139837  0.19902276  0.18753013  0.18753013  0.13422242  0.14617273  0.17254446  0.16959843  0.17097974  0.17097974  0.18386792  0.18386792  0.09041411  0.09041411  0.09041411  0.09041411  0.00000000  0.01876094  
17_0_0     0.15982051  0.17254446  0.18560575  0.22468789  0.21281539  0.21281539  0.15719896  0.14510390  0.19710233  0.19384157  0.19537475  0.19537475  0.20878692  0.20878692  0.08969084  0.08969084  0.08969084  0.08969084  0.01876094  0.00000000  

