20
8_0_0      0.00000000  0.03269404  0.20087658  0.19294877  0.19294877  0.19294877  0.61131128  0.61131128  0.61131128  0.63140682  0.53353559  0.51708628  0.56815695  0.57339725  0.68176087  0.42393859  0.42393859  0.42393859  0.51335347  0.46091111  
18_0_0     0.03269404  0.00000000  0.17429934  0.16660494  0.16660494  0.16660494  0.63140682  0.63140682  0.63140682  0.61131128  0.55054594  0.56815695  0.60536187  0.57339725  0.68176087  0.46693726  0.46693726  0.46693726  0.59715043  0.53702557  
19_0_0     0.20087658  0.17429934  0.00000000  0.16857039  0.16857039  0.16857039  0.51292693  0.51292693  0.51292693  0.52910872  0.57594571  0.55833624  0.54132733  0.70471657  0.79027960  0.55546892  0.55546892  0.55546892  0.54623875  0.52181273  
13_0_0     0.19294877  0.16660494  0.16857039  0.00000000  0.00000000  0.00000000  0.64556726  0.64556726  0.64556726  0.62505957  0.56313788  0.58106461  0.54583316  0.55054594  0.57339725  0.46320335  0.46320335  0.46320335  0.65777949  0.59229866  
9_0_0      0.19294877  0.16660494  0.16857039  0.00000000  0.00000000  0.00000000  0.64556726  0.64556726  0.64556726  0.62505957  0.56313788  0.58106461  0.54583316  0.55054594  0.57339725  0.46320335  0.46320335  0.46320335  0.65777949  0.59229866  
7_0_0      0.19294877  0.16660494  0.16857039  0.00000000  0.00000000  0.00000000  0.64556726  0.64556726  0.64556726  0.62505957  0.56313788  0.58106461  0.54583316  0.55054594  0.57339725  0.46320335  0.46320335  0.46320335  0.65777949  0.59229866  
10_0_0     0.61131128  0.63140682  0.51292693  0.64556726  0.64556726  0.64556726  0.00000000  0.00000000  0.00000000  0.03269404  0.08185951  0.07450367  0.35756376  0.36034682  0.35072750  0.42054222  0.42054222  0.42054222  0.38931421  0.39443462  
4_0_0      0.61131128  0.63140682  0.51292693  0.64556726  0.64556726  0.64556726  0.00000000  0.00000000  0.00000000  0.03269404  0.08185951  0.07450367  0.35756376  0.36034682  0.35072750  0.42054222  0.42054222  0.42054222  0.38931421  0.39443462  
12_0_0     0.61131128  0.63140682  0.51292693  0.64556726  0.64556726  0.64556726  0.00000000  0.00000000  0.00000000  0.03269404  0.08185951  0.07450367  0.35756376  0.36034682  0.35072750  0.42054222  0.42054222  0.42054222  0.38931421  0.39443462  
5_0_0      0.63140682  0.61131128  0.52910872  0.62505957  0.62505957  0.62505957  0.03269404  0.03269404  0.03269404  0.00000000  0.10460122  0.09690486  0.38294196  0.36034682  0.35072750  0.40641655  0.40641655  0.40641655  0.42837769  0.43454845  
17_0_0     0.53353559  0.55054594  0.57594571  0.56313788  0.56313788  0.56313788  0.08185951  0.08185951  0.08185951  0.10460122  0.00000000  0.00636961  0.43420763  0.42360794  0.38605289  0.38929851  0.38929851  0.38929851  0.39180511  0.40465313  
11_0_0     0.51708628  0.56815695  0.55833624  0.58106461  0.58106461  0.58106461  0.07450367  0.07450367  0.07450367  0.09690486  0.00636961  0.00000000  0.42008394  0.43793499  0.39942043  0.40284808  0.40284808  0.40284808  0.37927974  0.39180511  
15_0_0     0.56815695  0.60536187  0.54132733  0.54583316  0.54583316  0.54583316  0.35756376  0.35756376  0.35756376  0.38294196  0.43420763  0.42008394  0.00000000  0.15994242  0.17853372  0.35072750  0.35072750  0.35072750  0.45298849  0.43138679  
6_0_0      0.57339725  0.57339725  0.70471657  0.55054594  0.55054594  0.55054594  0.36034682  0.36034682  0.36034682  0.36034682  0.42360794  0.43793499  0.15994242  0.00000000  0.08185951  0.26227405  0.26227405  0.26227405  0.45623033  0.42081558  
14_0_0     0.68176087  0.68176087  0.79027960  0.57339725  0.57339725  0.57339725  0.35072750  0.35072750  0.35072750  0.35072750  0.38605289  0.39942043  0.17853372  0.08185951  0.00000000  0.28575472  0.28575472  0.28575472  0.45963486  0.45218864  
1_0_0      0.42393859  0.46693726  0.55546892  0.46320335  0.46320335  0.46320335  0.42054222  0.42054222  0.42054222  0.40641655  0.38929851  0.40284808  0.35072750  0.26227405  0.28575472  0.00000000  0.00000000  0.00000000  0.31541010  0.28650033  
3_0_0      0.42393859  0.46693726  0.55546892  0.46320335  0.46320335  0.46320335  0.42054222  0.42054222  0.42054222  0.40641655  0.38929851  0.40284808  0.35072750  0.26227405  0.28575472  0.00000000  0.00000000  0.00000000  0.31541010  0.28650033  
2_0_0      0.42393859  0.46693726  0.55546892  0.46320335  0.46320335  0.46320335  0.42054222  0.42054222  0.42054222  0.40641655  0.38929851  0.40284808  0.35072750  0.26227405  0.28575472  0.00000000  0.00000000  0.00000000  0.31541010  0.28650033  
20_0_0     0.51335347  0.59715043  0.54623875  0.65777949  0.65777949  0.65777949  0.38931421  0.38931421  0.38931421  0.42837769  0.39180511  0.37927974  0.45298849  0.45623033  0.45963486  0.31541010  0.31541010  0.31541010  0.00000000  0.07409092  
16_0_0     0.46091111  0.53702557  0.52181273  0.59229866  0.59229866  0.59229866  0.39443462  0.39443462  0.39443462  0.43454845  0.40465313  0.39180511  0.43138679  0.42081558  0.45218864  0.28650033  0.28650033  0.28650033  0.07409092  0.00000000  

