20
8_0_0      0.00000000  0.01935752  0.12840160  0.19532745  0.19532745  0.19532745  0.57090648  0.62987766  0.62987766  0.55270087  0.57090648  0.55270087  0.58845031  0.53768599  0.53308933  0.52551604  0.46287740  0.49321577  0.51816646  0.55494741  
18_0_0     0.01935752  0.00000000  0.13660017  0.22364618  0.22364618  0.20458983  0.55270087  0.60943742  0.60943742  0.53513535  0.51816646  0.50175498  0.57057206  0.55494741  0.55005741  0.50910494  0.47781635  0.50910494  0.50175498  0.53768599  
19_0_0     0.12840160  0.13660017  0.00000000  0.15238120  0.15238120  0.13570944  0.43032721  0.47451084  0.47451084  0.44462531  0.45934467  0.44462531  0.57543224  0.49321577  0.48921502  0.51354109  0.45186946  0.45186946  0.37690577  0.43427619  
13_0_0     0.19532745  0.22364618  0.15238120  0.00000000  0.00000000  0.02598036  0.54024628  0.59592865  0.59592865  0.55812635  0.59592865  0.57667008  0.57543224  0.63722429  0.63065647  0.58391112  0.51354109  0.53022643  0.54024628  0.63722429  
9_0_0      0.19532745  0.22364618  0.15238120  0.00000000  0.00000000  0.02598036  0.54024628  0.59592865  0.59592865  0.55812635  0.59592865  0.57667008  0.57543224  0.63722429  0.63065647  0.58391112  0.51354109  0.53022643  0.54024628  0.63722429  
7_0_0      0.19532745  0.20458983  0.13570944  0.02598036  0.02598036  0.00000000  0.50629829  0.55812635  0.55812635  0.52298402  0.55812635  0.54024628  0.55786803  0.57825475  0.57282657  0.56536788  0.49739499  0.51354109  0.54024628  0.59714839  
10_0_0     0.57090648  0.55270087  0.43032721  0.54024628  0.54024628  0.50629829  0.00000000  0.02598036  0.02598036  0.02598036  0.10529081  0.11316635  0.54748827  0.43032721  0.43388053  0.47178574  0.47178574  0.47178574  0.47178574  0.42328766  
4_0_0      0.62987766  0.60943742  0.47451084  0.59592865  0.59592865  0.55812635  0.02598036  0.00000000  0.00000000  0.05338608  0.13756635  0.14597186  0.54748827  0.43032721  0.43388053  0.47178574  0.47178574  0.47178574  0.47178574  0.42328766  
12_0_0     0.62987766  0.60943742  0.47451084  0.59592865  0.59592865  0.55812635  0.02598036  0.00000000  0.00000000  0.05338608  0.13756635  0.14597186  0.54748827  0.43032721  0.43388053  0.47178574  0.47178574  0.47178574  0.47178574  0.42328766  
5_0_0      0.55270087  0.53513535  0.44462531  0.55812635  0.55812635  0.52298402  0.02598036  0.05338608  0.05338608  0.00000000  0.12116801  0.12929991  0.51354109  0.43032721  0.43388053  0.47178574  0.47178574  0.47178574  0.47178574  0.42328766  
17_0_0     0.57090648  0.51816646  0.45934467  0.59592865  0.59592865  0.55812635  0.10529081  0.13756635  0.13756635  0.12116801  0.00000000  0.00636954  0.56536788  0.44462531  0.51102777  0.50408822  0.50408822  0.50408822  0.38578867  0.38269494  
11_0_0     0.55270087  0.50175498  0.44462531  0.57667008  0.57667008  0.54024628  0.11316635  0.14597186  0.14597186  0.12929991  0.00636954  0.00000000  0.54748827  0.45934467  0.52799707  0.52105793  0.52105793  0.52105793  0.39913249  0.39586279  
15_0_0     0.58845031  0.57057206  0.57543224  0.57543224  0.57543224  0.55786803  0.54748827  0.54748827  0.54748827  0.51354109  0.56536788  0.54748827  0.00000000  0.13415651  0.13489470  0.28824529  0.33324167  0.33324167  0.47451084  0.51816646  
6_0_0      0.53768599  0.55494741  0.49321577  0.63722429  0.63722429  0.57825475  0.43032721  0.43032721  0.43032721  0.43032721  0.44462531  0.45934467  0.13415651  0.00000000  0.08184918  0.26033218  0.26033218  0.26033218  0.47451084  0.51816646  
14_0_0     0.53308933  0.55005741  0.48921502  0.63065647  0.63065647  0.57282657  0.43388053  0.43388053  0.43388053  0.43388053  0.51102777  0.52799707  0.13489470  0.08184918  0.00000000  0.27269215  0.25184688  0.25184688  0.44838635  0.43032721  
1_0_0      0.52551604  0.50910494  0.51354109  0.58391112  0.58391112  0.56536788  0.47178574  0.47178574  0.47178574  0.47178574  0.50408822  0.52105793  0.28824529  0.26033218  0.27269215  0.00000000  0.02598036  0.03949534  0.36012478  0.39586279  
3_0_0      0.46287740  0.47781635  0.45186946  0.51354109  0.51354109  0.49739499  0.47178574  0.47178574  0.47178574  0.47178574  0.50408822  0.52105793  0.33324167  0.26033218  0.25184688  0.02598036  0.00000000  0.01282133  0.38578867  0.39586279  
2_0_0      0.49321577  0.50910494  0.45186946  0.53022643  0.53022643  0.51354109  0.47178574  0.47178574  0.47178574  0.47178574  0.50408822  0.52105793  0.33324167  0.26033218  0.25184688  0.03949534  0.01282133  0.00000000  0.41284248  0.39586279  
20_0_0     0.51816646  0.50175498  0.37690577  0.54024628  0.54024628  0.54024628  0.47178574  0.47178574  0.47178574  0.47178574  0.38578867  0.39913249  0.47451084  0.47451084  0.44838635  0.36012478  0.38578867  0.41284248  0.00000000  0.10338328  
16_0_0     0.55494741  0.53768599  0.43427619  0.63722429  0.63722429  0.59714839  0.42328766  0.42328766  0.42328766  0.42328766  0.38269494  0.39586279  0.51816646  0.51816646  0.43032721  0.39586279  0.39586279  0.39586279  0.10338328  0.00000000  

