20
8_0_0      0.00000000  0.01923207  0.12357707  0.18580299  0.18580299  0.18580299  0.49210789  0.52965194  0.52965194  0.47999995  0.49210789  0.47999995  0.52965194  0.47999995  0.47999995  0.46808455  0.42223205  0.44480760  0.45635569  0.49210789  
18_0_0     0.01923207  0.00000000  0.13107850  0.21053791  0.21053791  0.19395757  0.47999995  0.51692708  0.51692708  0.46808455  0.45635569  0.44480760  0.51692708  0.49210789  0.49210789  0.45635569  0.43343480  0.45635569  0.44480760  0.47999995  
19_0_0     0.12357707  0.13107850  0.00000000  0.14631051  0.14631051  0.13107850  0.38959505  0.42223205  0.42223205  0.40031686  0.41119433  0.40031686  0.51692708  0.44480760  0.44480760  0.45635569  0.41119433  0.41119433  0.34817922  0.40031686  
13_0_0     0.18580299  0.21053791  0.14631051  0.00000000  0.00000000  0.02575405  0.46808455  0.50441472  0.50441472  0.47999995  0.50441472  0.49210789  0.51692708  0.54259664  0.54259664  0.50441472  0.45635569  0.46808455  0.46808455  0.54259664  
9_0_0      0.18580299  0.21053791  0.14631051  0.00000000  0.00000000  0.02575405  0.46808455  0.50441472  0.50441472  0.47999995  0.50441472  0.49210789  0.51692708  0.54259664  0.54259664  0.50441472  0.45635569  0.46808455  0.46808455  0.54259664  
7_0_0      0.18580299  0.19395757  0.13107850  0.02575405  0.02575405  0.00000000  0.44480760  0.47999995  0.47999995  0.45635569  0.47999995  0.46808455  0.50441472  0.50441472  0.50441472  0.49210789  0.44480760  0.45635569  0.46808455  0.51692708  
10_0_0     0.49210789  0.47999995  0.38959505  0.46808455  0.46808455  0.44480760  0.00000000  0.02575405  0.02575405  0.02575405  0.10151312  0.10879582  0.47999995  0.38959505  0.38959505  0.41119433  0.41119433  0.41119433  0.41119433  0.37902450  
4_0_0      0.52965194  0.51692708  0.42223205  0.50441472  0.50441472  0.47999995  0.02575405  0.00000000  0.00000000  0.05242493  0.13107850  0.13865580  0.47999995  0.38959505  0.38959505  0.41119433  0.41119433  0.41119433  0.41119433  0.37902450  
12_0_0     0.52965194  0.51692708  0.42223205  0.50441472  0.50441472  0.47999995  0.02575405  0.00000000  0.00000000  0.05242493  0.13107850  0.13865580  0.47999995  0.38959505  0.38959505  0.41119433  0.41119433  0.41119433  0.41119433  0.37902450  
5_0_0      0.47999995  0.46808455  0.40031686  0.47999995  0.47999995  0.45635569  0.02575405  0.05242493  0.05242493  0.00000000  0.11614999  0.12357707  0.45635569  0.38959505  0.38959505  0.41119433  0.41119433  0.41119433  0.41119433  0.37902450  
17_0_0     0.49210789  0.45635569  0.41119433  0.50441472  0.50441472  0.47999995  0.10151312  0.13107850  0.13107850  0.11614999  0.00000000  0.00635600  0.49210789  0.40031686  0.44480760  0.43343480  0.43343480  0.43343480  0.34817922  0.34817922  
11_0_0     0.47999995  0.44480760  0.40031686  0.49210789  0.49210789  0.46808455  0.10879582  0.13865580  0.13865580  0.12357707  0.00635600  0.00000000  0.47999995  0.41119433  0.45635569  0.44480760  0.44480760  0.44480760  0.35832054  0.35832054  
15_0_0     0.52965194  0.51692708  0.51692708  0.51692708  0.51692708  0.50441472  0.47999995  0.47999995  0.47999995  0.45635569  0.49210789  0.47999995  0.00000000  0.13107850  0.13107850  0.27164108  0.30893326  0.30893326  0.42223205  0.45635569  
6_0_0      0.47999995  0.49210789  0.44480760  0.54259664  0.54259664  0.50441472  0.38959505  0.38959505  0.38959505  0.38959505  0.40031686  0.41119433  0.13107850  0.00000000  0.08008036  0.24484163  0.24484163  0.24484163  0.42223205  0.45635569  
14_0_0     0.47999995  0.49210789  0.44480760  0.54259664  0.54259664  0.50441472  0.38959505  0.38959505  0.38959505  0.38959505  0.44480760  0.45635569  0.13107850  0.08008036  0.00000000  0.25366870  0.23611734  0.23611734  0.40031686  0.38959505  
1_0_0      0.46808455  0.45635569  0.45635569  0.50441472  0.50441472  0.49210789  0.41119433  0.41119433  0.41119433  0.41119433  0.43343480  0.44480760  0.27164108  0.24484163  0.25366870  0.00000000  0.02575405  0.03897082  0.32829931  0.35832054  
3_0_0      0.42223205  0.43343480  0.41119433  0.45635569  0.45635569  0.44480760  0.41119433  0.41119433  0.41119433  0.41119433  0.43343480  0.44480760  0.30893326  0.24484163  0.23611734  0.02575405  0.00000000  0.01276637  0.34817922  0.35832054  
2_0_0      0.44480760  0.45635569  0.41119433  0.46808455  0.46808455  0.45635569  0.41119433  0.41119433  0.41119433  0.41119433  0.43343480  0.44480760  0.30893326  0.24484163  0.23611734  0.03897082  0.01276637  0.00000000  0.36860101  0.35832054  
20_0_0     0.45635569  0.44480760  0.34817922  0.46808455  0.46808455  0.46808455  0.41119433  0.41119433  0.41119433  0.41119433  0.34817922  0.35832054  0.42223205  0.42223205  0.40031686  0.32829931  0.34817922  0.36860101  0.00000000  0.10151312  
16_0_0     0.49210789  0.47999995  0.40031686  0.54259664  0.54259664  0.51692708  0.37902450  0.37902450  0.37902450  0.37902450  0.34817922  0.35832054  0.45635569  0.45635569  0.38959505  0.35832054  0.35832054  0.35832054  0.10151312  0.00000000  

