20
8_0_0      0.00000000  0.01282216  0.15818269  0.25040069  0.25040069  0.25040069  0.56168996  0.56168996  0.56168996  0.54398679  0.54398679  0.56921201  0.43956179  0.47138850  0.47504585  0.50604243  0.50604243  0.49030261  0.76396495  0.72242088  
18_0_0     0.01282216  0.00000000  0.14162730  0.23053785  0.23053785  0.23053785  0.56168996  0.56168996  0.56168996  0.54398679  0.54398679  0.56921201  0.45353012  0.45680435  0.46024336  0.49030261  0.49030261  0.47504585  0.76396495  0.72242088  
19_0_0     0.15818269  0.14162730  0.00000000  0.15248844  0.15248844  0.15248844  0.56710879  0.56710879  0.56710879  0.58581295  0.53168769  0.52229688  0.47138850  0.46024336  0.51036624  0.39485226  0.39485226  0.38213186  0.55927699  0.58215269  
13_0_0     0.25040069  0.23053785  0.15248844  0.00000000  0.00000000  0.01282216  0.62547460  0.62547460  0.62547460  0.64655869  0.58581295  0.59321504  0.42131316  0.42446675  0.38752647  0.44194446  0.44194446  0.42777145  0.60662177  0.59321504  
9_0_0      0.25040069  0.23053785  0.15248844  0.00000000  0.00000000  0.01282216  0.62547460  0.62547460  0.62547460  0.64655869  0.58581295  0.59321504  0.42131316  0.42446675  0.38752647  0.44194446  0.44194446  0.42777145  0.60662177  0.59321504  
7_0_0      0.25040069  0.23053785  0.15248844  0.01282216  0.01282216  0.00000000  0.58581295  0.58581295  0.58581295  0.60524838  0.54908286  0.55649253  0.42131316  0.39764692  0.38752647  0.41399129  0.41399129  0.40058281  0.56921201  0.55649253  
10_0_0     0.56168996  0.56168996  0.56710879  0.62547460  0.62547460  0.58581295  0.00000000  0.00000000  0.00000000  0.00636974  0.05340079  0.08140925  0.50768274  0.47156339  0.44560755  0.32909121  0.32909121  0.34076839  0.52229688  0.58004685  
4_0_0      0.56168996  0.56168996  0.56710879  0.62547460  0.62547460  0.58581295  0.00000000  0.00000000  0.00000000  0.00636974  0.05340079  0.08140925  0.50768274  0.47156339  0.44560755  0.32909121  0.32909121  0.34076839  0.52229688  0.58004685  
12_0_0     0.56168996  0.56168996  0.56710879  0.62547460  0.62547460  0.58581295  0.00000000  0.00000000  0.00000000  0.00636974  0.05340079  0.08140925  0.50768274  0.47156339  0.44560755  0.32909121  0.32909121  0.34076839  0.52229688  0.58004685  
5_0_0      0.54398679  0.54398679  0.58581295  0.64655869  0.64655869  0.60524838  0.00636974  0.00636974  0.00636974  0.00000000  0.06049798  0.08882336  0.49142235  0.48706197  0.43122842  0.34076839  0.34076839  0.35272643  0.53910077  0.56168996  
17_0_0     0.54398679  0.54398679  0.53168769  0.58581295  0.58581295  0.54908286  0.05340079  0.05340079  0.05340079  0.06049798  0.00000000  0.02576930  0.46041496  0.45653339  0.43122842  0.35272643  0.35272643  0.36497920  0.53910077  0.49437181  
11_0_0     0.56921201  0.56921201  0.52229688  0.59321504  0.59321504  0.55649253  0.08140925  0.08140925  0.08140925  0.08882336  0.02576930  0.00000000  0.49862321  0.49437181  0.46762123  0.35994905  0.35994905  0.37220013  0.52994498  0.48641342  
15_0_0     0.43956179  0.45353012  0.47138850  0.42131316  0.42131316  0.42131316  0.50768274  0.50768274  0.50768274  0.49142235  0.46041496  0.49862321  0.00000000  0.14317706  0.11963752  0.26922848  0.26922848  0.25888543  0.49437181  0.53168769  
6_0_0      0.47138850  0.45680435  0.46024336  0.42446675  0.42446675  0.39764692  0.47156339  0.47156339  0.47156339  0.48706197  0.45653339  0.49437181  0.14317706  0.00000000  0.10463491  0.24037008  0.24037008  0.23053785  0.44586888  0.61892833  
14_0_0     0.47504585  0.46024336  0.51036624  0.38752647  0.38752647  0.38752647  0.44560755  0.44560755  0.44560755  0.43122842  0.43122842  0.46762123  0.11963752  0.10463491  0.00000000  0.25214646  0.25214646  0.24201306  0.42131316  0.54908286  
1_0_0      0.50604243  0.49030261  0.39485226  0.44194446  0.44194446  0.41399129  0.32909121  0.32909121  0.32909121  0.34076839  0.35272643  0.35994905  0.26922848  0.24037008  0.25214646  0.00000000  0.00000000  0.00636974  0.35762767  0.39764692  
3_0_0      0.50604243  0.49030261  0.39485226  0.44194446  0.44194446  0.41399129  0.32909121  0.32909121  0.32909121  0.34076839  0.35272643  0.35994905  0.26922848  0.24037008  0.25214646  0.00000000  0.00000000  0.00636974  0.35762767  0.39764692  
2_0_0      0.49030261  0.47504585  0.38213186  0.42777145  0.42777145  0.40058281  0.34076839  0.34076839  0.34076839  0.35272643  0.36497920  0.37220013  0.25888543  0.23053785  0.24201306  0.00636974  0.00636974  0.00000000  0.36972881  0.41087601  
20_0_0     0.76396495  0.76396495  0.55927699  0.60662177  0.60662177  0.56921201  0.52229688  0.52229688  0.52229688  0.53910077  0.53910077  0.52994498  0.49437181  0.44586888  0.42131316  0.35762767  0.35762767  0.36972881  0.00000000  0.09693335  
16_0_0     0.72242088  0.72242088  0.58215269  0.59321504  0.59321504  0.55649253  0.58004685  0.58004685  0.58004685  0.56168996  0.49437181  0.48641342  0.53168769  0.61892833  0.54908286  0.39764692  0.39764692  0.41087601  0.09693335  0.00000000  

