17
20_0_0     0.00000000  0.16208362  0.15626041  0.20418390  0.21039891  0.21039891  0.15048272  0.14474986  0.15048272  0.14474986  0.19190853  0.23579519  0.23579519  0.24228302  0.24882831  0.25543208  0.25543208  
18_0_0     0.16208362  0.00000000  0.00470981  0.06370118  0.06883647  0.06883647  0.15048272  0.17386954  0.15626041  0.17386954  0.18584648  0.23579519  0.24228302  0.23579519  0.23579519  0.24228302  0.24228302  
8_0_0      0.15626041  0.00470981  0.00000000  0.05860133  0.06370118  0.06370118  0.14474986  0.16795308  0.15048272  0.16795308  0.19190853  0.22936383  0.23579519  0.22936383  0.24228302  0.24882831  0.24882831  
7_0_0      0.20418390  0.06370118  0.05860133  0.00000000  0.00470981  0.00470981  0.18584648  0.19802073  0.17983374  0.19802073  0.21666662  0.29634421  0.30338864  0.29634421  0.24228302  0.24882831  0.24882831  
13_0_0     0.21039891  0.06883647  0.06370118  0.00470981  0.00000000  0.00000000  0.17983374  0.19802073  0.17983374  0.19802073  0.21666662  0.29634421  0.30338864  0.29634421  0.24882831  0.24228302  0.24228302  
9_0_0      0.21039891  0.06883647  0.06370118  0.00470981  0.00000000  0.00000000  0.17983374  0.19802073  0.17983374  0.19802073  0.21666662  0.29634421  0.30338864  0.29634421  0.24882831  0.24228302  0.24228302  
15_0_0     0.15048272  0.15048272  0.14474986  0.18584648  0.17983374  0.17983374  0.00000000  0.05353643  0.05860133  0.07921536  0.14474986  0.20418390  0.21039891  0.19802073  0.22298796  0.21666662  0.21666662  
6_0_0      0.14474986  0.17386954  0.16795308  0.19802073  0.19802073  0.19802073  0.05353643  0.00000000  0.03361701  0.05860133  0.15048272  0.21666662  0.22298796  0.21039891  0.24228302  0.24228302  0.24228302  
14_2_0     0.15048272  0.15626041  0.15048272  0.17983374  0.17983374  0.17983374  0.05860133  0.03361701  0.00000000  0.05860133  0.15626041  0.21666662  0.22298796  0.21039891  0.22298796  0.22298796  0.22298796  
14_0_0     0.14474986  0.17386954  0.16795308  0.19802073  0.19802073  0.19802073  0.07921536  0.05860133  0.05860133  0.00000000  0.12781339  0.21666662  0.22298796  0.21039891  0.21039891  0.21039891  0.21039891  
16_0_0     0.19190853  0.18584648  0.19190853  0.21666662  0.21666662  0.21666662  0.14474986  0.15048272  0.15626041  0.12781339  0.00000000  0.22936383  0.23579519  0.23579519  0.26881936  0.26881936  0.26881936  
3_1_0      0.23579519  0.23579519  0.22936383  0.29634421  0.29634421  0.29634421  0.20418390  0.21666662  0.21666662  0.21666662  0.22936383  0.00000000  0.00470981  0.00470981  0.24228302  0.24228302  0.24228302  
2_1_0      0.23579519  0.24228302  0.23579519  0.30338864  0.30338864  0.30338864  0.21039891  0.22298796  0.22298796  0.22298796  0.23579519  0.00470981  0.00000000  0.00944983  0.24882831  0.24882831  0.24882831  
1_1_0      0.24228302  0.23579519  0.22936383  0.29634421  0.29634421  0.29634421  0.19802073  0.21039891  0.21039891  0.21039891  0.23579519  0.00470981  0.00944983  0.00000000  0.23579519  0.23579519  0.23579519  
1_0_0      0.24882831  0.23579519  0.24228302  0.24228302  0.24882831  0.24882831  0.22298796  0.24228302  0.22298796  0.21039891  0.26881936  0.24228302  0.24882831  0.23579519  0.00000000  0.00470981  0.00470981  
2_0_0      0.25543208  0.24228302  0.24882831  0.24882831  0.24228302  0.24228302  0.21666662  0.24228302  0.22298796  0.21039891  0.26881936  0.24228302  0.24882831  0.23579519  0.00470981  0.00000000  0.00000000  
3_0_0      0.25543208  0.24228302  0.24882831  0.24882831  0.24228302  0.24228302  0.21666662  0.24228302  0.22298796  0.21039891  0.26881936  0.24228302  0.24882831  0.23579519  0.00470981  0.00000000  0.00000000  

