144
9_0_0      0.00000000  0.28034999  0.44116359  0.45018757  0.40611782  0.42343561  0.42343561  0.38087001  0.38087001  0.38919168  0.41472663  0.37263985  0.39760691  0.30986671  0.30986671  0.42343561  0.45932167  0.44116359  0.42343561  0.34847881  0.37263985  0.37263985  0.36449921  0.39760691  0.45018757  0.45932167  0.43224711  0.43224711  0.60049763  0.60049763  0.52658605  0.53670840  0.55737326  0.52658605  0.55737326  0.62302882  0.63455398  0.30986671  0.34847881  0.39760691  0.35644615  0.41472663  0.38919168  0.38087001  0.39760691  0.38919168  0.40611782  0.38919168  0.47793125  0.45018757  0.42343561  0.41472663  0.45018757  0.44116359  0.36449921  0.38919168  0.43224711  0.42343561  0.39760691  0.36449921  0.38919168  0.42343561  0.36449921  0.38919168  0.38087001  0.37263985  0.38919168  0.38919168  0.45018757  0.44116359  0.41472663  0.41472663  0.40611782  0.34847881  0.33279414  0.33279414  0.39760691  0.33279414  0.38087001  0.37263985  0.33279414  0.32507337  0.33279414  0.34847881  0.44116359  0.42343561  0.40611782  0.40611782  0.40611782  0.52658605  0.42343561  0.43224711  0.37263985  0.45018757  0.44116359  0.46856863  0.48741247  0.47793125  0.49701534  0.45932167  0.50674301  0.54696952  0.45932167  0.44116359  0.45932167  0.44116359  0.44116359  0.45932167  0.49701534  0.48741247  0.47793125  0.54696952  0.48741247  0.50674301  0.49701534  0.43224711  0.44116359  0.40611782  0.46856863  0.49701534  0.47793125  0.49701534  0.48741247  0.51659878  0.56792366  0.43224711  0.49701534  0.48741247  0.33279414  0.38087001  0.36449921  0.32507337  0.31743142  0.34847881  0.34847881  0.34847881  0.34059539  0.35644615  0.34059539  0.35644615  0.34059539  0.34059539  0.30986671  0.30986671  
12_0_0     0.28034999  0.00000000  0.28762076  0.30237769  0.32507337  0.32507337  0.28762076  0.28034999  0.28034999  0.26601696  0.40611782  0.28762076  0.33279414  0.21790838  0.22459459  0.28034999  0.27314916  0.30986671  0.29496286  0.25195325  0.27314916  0.29496286  0.28034999  0.30986671  0.34059539  0.40611782  0.31743142  0.37263985  0.43224711  0.44116359  0.38919168  0.38087001  0.45018757  0.40611782  0.46856863  0.53670840  0.48741247  0.21128136  0.28034999  0.33279414  0.21128136  0.24501926  0.21790838  0.21128136  0.21790838  0.21128136  0.22459459  0.23134108  0.43224711  0.38919168  0.36449921  0.27314916  0.29496286  0.29496286  0.28762076  0.31743142  0.27314916  0.28034999  0.22459459  0.26601696  0.26601696  0.30986671  0.25895207  0.31743142  0.29496286  0.28762076  0.28762076  0.28762076  0.31743142  0.31743142  0.28034999  0.28034999  0.27314916  0.23134108  0.21128136  0.21128136  0.23814892  0.24501926  0.22459459  0.25895207  0.28034999  0.27314916  0.26601696  0.28034999  0.28762076  0.28034999  0.26601696  0.26601696  0.29496286  0.46856863  0.38919168  0.38919168  0.38087001  0.38919168  0.39760691  0.38919168  0.38919168  0.38087001  0.39760691  0.35644615  0.45018757  0.44116359  0.35644615  0.35644615  0.34059539  0.38087001  0.38087001  0.38087001  0.40611782  0.42343561  0.38919168  0.38919168  0.38087001  0.39760691  0.38087001  0.36449921  0.38087001  0.38087001  0.39760691  0.41472663  0.41472663  0.34847881  0.34847881  0.44116359  0.46856863  0.35644615  0.43224711  0.44116359  0.25895207  0.27314916  0.27314916  0.28034999  0.22459459  0.23814892  0.25895207  0.28762076  0.25195325  0.25895207  0.25195325  0.25195325  0.23814892  0.24501926  0.23814892  0.22459459  
13_0_0     0.44116359  0.28762076  0.00000000  0.04089830  0.17270612  0.16027720  0.13007894  0.15413929  0.15413929  0.16646586  0.25895207  0.27314916  0.28034999  0.19820080  0.20471250  0.30237769  0.28762076  0.38087001  0.38087001  0.32507337  0.33279414  0.34847881  0.41472663  0.45932167  0.45018757  0.47793125  0.44116359  0.41472663  0.49701534  0.50674301  0.53670840  0.52658605  0.57862491  0.54696952  0.55737326  0.57862491  0.53670840  0.36449921  0.34847881  0.34847881  0.35644615  0.38919168  0.35644615  0.32507337  0.33279414  0.32507337  0.33279414  0.30986671  0.48741247  0.45932167  0.43224711  0.42343561  0.45018757  0.42343561  0.37263985  0.37263985  0.35644615  0.34059539  0.34059539  0.33279414  0.34059539  0.38087001  0.34847881  0.41472663  0.35644615  0.38087001  0.38919168  0.39760691  0.37263985  0.37263985  0.34847881  0.34847881  0.34059539  0.30986671  0.30237769  0.30237769  0.31743142  0.32507337  0.30237769  0.34059539  0.33279414  0.34059539  0.32507337  0.34059539  0.34059539  0.36449921  0.34847881  0.34847881  0.38919168  0.52658605  0.44116359  0.44116359  0.41472663  0.49701534  0.39760691  0.43224711  0.43224711  0.42343561  0.43224711  0.43224711  0.45018757  0.48741247  0.40611782  0.41472663  0.42343561  0.45932167  0.45932167  0.46856863  0.49701534  0.49701534  0.48741247  0.52658605  0.45932167  0.47793125  0.47793125  0.39760691  0.40611782  0.45018757  0.45932167  0.38087001  0.39760691  0.38919168  0.39760691  0.46856863  0.52658605  0.38087001  0.52658605  0.51659878  0.33279414  0.30986671  0.37263985  0.40611782  0.34847881  0.33279414  0.37263985  0.34059539  0.33279414  0.34847881  0.33279414  0.34847881  0.34059539  0.33279414  0.30986671  0.29496286  
10_0_0     0.45018757  0.30237769  0.04089830  0.00000000  0.13007894  0.13007894  0.10676799  0.14201244  0.14201244  0.14201244  0.23134108  0.23814892  0.24501926  0.22459459  0.21790838  0.32507337  0.31743142  0.38087001  0.36449921  0.33279414  0.34059539  0.33279414  0.39760691  0.50674301  0.41472663  0.47793125  0.44116359  0.39760691  0.49701534  0.50674301  0.50674301  0.49701534  0.55737326  0.54696952  0.55737326  0.52658605  0.50674301  0.38919168  0.38919168  0.39760691  0.36449921  0.37263985  0.37263985  0.34059539  0.34847881  0.34059539  0.34847881  0.32507337  0.51659878  0.46856863  0.45018757  0.41472663  0.47793125  0.43224711  0.38087001  0.36449921  0.39760691  0.38087001  0.34847881  0.32507337  0.33279414  0.40611782  0.35644615  0.39760691  0.37263985  0.35644615  0.38087001  0.38919168  0.38087001  0.36449921  0.35644615  0.35644615  0.34847881  0.31743142  0.32507337  0.32507337  0.34059539  0.33279414  0.30986671  0.34847881  0.37263985  0.38087001  0.36449921  0.38087001  0.35644615  0.38087001  0.36449921  0.36449921  0.38087001  0.55737326  0.41472663  0.41472663  0.40611782  0.48741247  0.39760691  0.41472663  0.41472663  0.38919168  0.39760691  0.39760691  0.45018757  0.46856863  0.38919168  0.39760691  0.42343561  0.44116359  0.44116359  0.44116359  0.45932167  0.49701534  0.49701534  0.53670840  0.46856863  0.48741247  0.48741247  0.41472663  0.42343561  0.46856863  0.45018757  0.40611782  0.38919168  0.42343561  0.42343561  0.49701534  0.52658605  0.35644615  0.53670840  0.52658605  0.32507337  0.31743142  0.38087001  0.39760691  0.34059539  0.32507337  0.38087001  0.33279414  0.32507337  0.34059539  0.32507337  0.34059539  0.33279414  0.32507337  0.34847881  0.33279414  
3_0_0      0.40611782  0.32507337  0.17270612  0.13007894  0.00000000  0.02016984  0.08974919  0.16646586  0.16646586  0.17899884  0.22459459  0.23814892  0.24501926  0.24501926  0.23814892  0.36449921  0.37263985  0.41472663  0.39760691  0.36449921  0.38919168  0.37263985  0.37263985  0.47793125  0.38087001  0.47793125  0.38919168  0.36449921  0.56792366  0.57862491  0.49701534  0.50674301  0.58948137  0.55737326  0.58948137  0.55737326  0.51659878  0.34059539  0.34847881  0.31743142  0.34059539  0.34847881  0.38919168  0.35644615  0.36449921  0.35644615  0.33279414  0.32507337  0.47793125  0.43224711  0.43224711  0.45018757  0.47793125  0.45018757  0.36449921  0.37263985  0.38919168  0.38919168  0.38919168  0.38087001  0.38919168  0.46856863  0.39760691  0.41472663  0.35644615  0.34059539  0.33279414  0.36449921  0.38087001  0.36449921  0.34847881  0.34847881  0.34059539  0.30986671  0.29496286  0.29496286  0.35644615  0.31743142  0.33279414  0.33279414  0.33279414  0.34059539  0.35644615  0.35644615  0.39760691  0.38087001  0.36449921  0.36449921  0.34059539  0.56792366  0.41472663  0.42343561  0.44116359  0.48741247  0.39760691  0.38087001  0.39760691  0.38919168  0.41472663  0.39760691  0.40611782  0.43224711  0.38919168  0.38087001  0.40611782  0.47793125  0.47793125  0.46856863  0.48741247  0.52658605  0.53670840  0.60049763  0.48741247  0.48741247  0.50674301  0.42343561  0.45018757  0.44116359  0.38919168  0.39760691  0.39760691  0.43224711  0.43224711  0.56792366  0.53670840  0.38087001  0.57862491  0.56792366  0.30986671  0.37263985  0.38087001  0.33279414  0.30986671  0.30986671  0.35644615  0.32507337  0.32507337  0.34059539  0.32507337  0.34059539  0.33279414  0.34059539  0.33279414  0.34847881  
3_1_0      0.42343561  0.32507337  0.16027720  0.13007894  0.02016984  0.00000000  0.07861458  0.16646586  0.16646586  0.17899884  0.22459459  0.25195325  0.25895207  0.24501926  0.25195325  0.37263985  0.38919168  0.39760691  0.38087001  0.36449921  0.35644615  0.37263985  0.37263985  0.47793125  0.39760691  0.49701534  0.37263985  0.36449921  0.56792366  0.57862491  0.53670840  0.54696952  0.58948137  0.55737326  0.56792366  0.55737326  0.53670840  0.35644615  0.34847881  0.32507337  0.36449921  0.36449921  0.39760691  0.36449921  0.37263985  0.36449921  0.32507337  0.31743142  0.45018757  0.42343561  0.42343561  0.45018757  0.45932167  0.45018757  0.36449921  0.37263985  0.38919168  0.38919168  0.39760691  0.40611782  0.41472663  0.47793125  0.40611782  0.41472663  0.34059539  0.35644615  0.34847881  0.36449921  0.36449921  0.34847881  0.33279414  0.33279414  0.32507337  0.32507337  0.29496286  0.29496286  0.35644615  0.33279414  0.33279414  0.33279414  0.31743142  0.32507337  0.34059539  0.34059539  0.41472663  0.39760691  0.38087001  0.38087001  0.35644615  0.52658605  0.42343561  0.42343561  0.45018757  0.49701534  0.40611782  0.40611782  0.42343561  0.41472663  0.42343561  0.40611782  0.40611782  0.44116359  0.38087001  0.38919168  0.41472663  0.50674301  0.50674301  0.49701534  0.49701534  0.52658605  0.53670840  0.60049763  0.48741247  0.48741247  0.50674301  0.42343561  0.45018757  0.44116359  0.40611782  0.39760691  0.41472663  0.45018757  0.45018757  0.56792366  0.55737326  0.39760691  0.57862491  0.56792366  0.30986671  0.35644615  0.39760691  0.36449921  0.34059539  0.34059539  0.37263985  0.35644615  0.35644615  0.37263985  0.35644615  0.37263985  0.36449921  0.37263985  0.33279414  0.34847881  
6_0_0      0.42343561  0.28762076  0.13007894  0.10676799  0.08974919  0.07861458  0.00000000  0.13602190  0.13602190  0.13602190  0.23814892  0.25895207  0.26601696  0.21128136  0.21790838  0.32507337  0.34059539  0.38919168  0.37263985  0.33279414  0.35644615  0.34847881  0.34847881  0.46856863  0.34847881  0.50674301  0.38919168  0.37263985  0.55737326  0.56792366  0.50674301  0.51659878  0.55737326  0.52658605  0.55737326  0.55737326  0.55737326  0.34847881  0.38919168  0.34059539  0.35644615  0.32507337  0.35644615  0.32507337  0.33279414  0.32507337  0.33279414  0.32507337  0.47793125  0.45018757  0.43224711  0.45932167  0.45018757  0.40611782  0.43224711  0.42343561  0.42343561  0.40611782  0.37263985  0.38087001  0.38919168  0.39760691  0.39760691  0.41472663  0.39760691  0.38087001  0.38919168  0.38919168  0.37263985  0.37263985  0.35644615  0.35644615  0.34847881  0.30986671  0.28762076  0.28762076  0.33279414  0.32507337  0.29496286  0.32507337  0.34847881  0.35644615  0.35644615  0.37263985  0.38087001  0.36449921  0.34847881  0.34847881  0.34059539  0.47793125  0.38919168  0.40611782  0.39760691  0.44116359  0.40611782  0.38919168  0.40611782  0.39760691  0.42343561  0.37263985  0.39760691  0.47793125  0.36449921  0.38919168  0.41472663  0.45932167  0.45932167  0.45018757  0.46856863  0.45932167  0.46856863  0.50674301  0.42343561  0.45932167  0.44116359  0.47793125  0.48741247  0.49701534  0.38919168  0.38087001  0.36449921  0.41472663  0.41472663  0.51659878  0.51659878  0.35644615  0.53670840  0.52658605  0.30986671  0.36449921  0.37263985  0.39760691  0.38087001  0.36449921  0.40611782  0.38919168  0.38087001  0.39760691  0.38087001  0.38087001  0.38919168  0.38087001  0.32507337  0.32507337  
1_0_0      0.38087001  0.28034999  0.15413929  0.14201244  0.16646586  0.16646586  0.13602190  0.00000000  0.00000000  0.03046231  0.28762076  0.25895207  0.26601696  0.25895207  0.25195325  0.30986671  0.30986671  0.41472663  0.39760691  0.34847881  0.37263985  0.31743142  0.33279414  0.48741247  0.35644615  0.45018757  0.38919168  0.34847881  0.60049763  0.61167845  0.52658605  0.53670840  0.56792366  0.53670840  0.58948137  0.61167845  0.61167845  0.38919168  0.39760691  0.34059539  0.34059539  0.36449921  0.33279414  0.28762076  0.30986671  0.30237769  0.34847881  0.32507337  0.49701534  0.43224711  0.45018757  0.39760691  0.45932167  0.45932167  0.40611782  0.37263985  0.40611782  0.40611782  0.32507337  0.32507337  0.33279414  0.37263985  0.36449921  0.37263985  0.38919168  0.35644615  0.37263985  0.38087001  0.39760691  0.38087001  0.31743142  0.33279414  0.32507337  0.30237769  0.30986671  0.30986671  0.32507337  0.29496286  0.30237769  0.30237769  0.34059539  0.34847881  0.36449921  0.36449921  0.35644615  0.33279414  0.33279414  0.33279414  0.32507337  0.56792366  0.38087001  0.38919168  0.38919168  0.42343561  0.40611782  0.39760691  0.40611782  0.36449921  0.37263985  0.38087001  0.43224711  0.45018757  0.38919168  0.38087001  0.40611782  0.45932167  0.45932167  0.40611782  0.46856863  0.45932167  0.49701534  0.51659878  0.45932167  0.46856863  0.46856863  0.39760691  0.40611782  0.40611782  0.42343561  0.37263985  0.38919168  0.44116359  0.44116359  0.51659878  0.49701534  0.37263985  0.58948137  0.58948137  0.30237769  0.36449921  0.38087001  0.38087001  0.32507337  0.33279414  0.38919168  0.35644615  0.34847881  0.35644615  0.34847881  0.33279414  0.34059539  0.33279414  0.30986671  0.30986671  
16_0_0     0.38087001  0.28034999  0.15413929  0.14201244  0.16646586  0.16646586  0.13602190  0.00000000  0.00000000  0.03046231  0.28762076  0.25895207  0.26601696  0.25895207  0.25195325  0.30986671  0.30986671  0.41472663  0.39760691  0.34847881  0.37263985  0.31743142  0.33279414  0.48741247  0.35644615  0.45018757  0.38919168  0.34847881  0.60049763  0.61167845  0.52658605  0.53670840  0.56792366  0.53670840  0.58948137  0.61167845  0.61167845  0.38919168  0.39760691  0.34059539  0.34059539  0.36449921  0.33279414  0.28762076  0.30986671  0.30237769  0.34847881  0.32507337  0.49701534  0.43224711  0.45018757  0.39760691  0.45932167  0.45932167  0.40611782  0.37263985  0.40611782  0.40611782  0.32507337  0.32507337  0.33279414  0.37263985  0.36449921  0.37263985  0.38919168  0.35644615  0.37263985  0.38087001  0.39760691  0.38087001  0.31743142  0.33279414  0.32507337  0.30237769  0.30986671  0.30986671  0.32507337  0.29496286  0.30237769  0.30237769  0.34059539  0.34847881  0.36449921  0.36449921  0.35644615  0.33279414  0.33279414  0.33279414  0.32507337  0.56792366  0.38087001  0.38919168  0.38919168  0.42343561  0.40611782  0.39760691  0.40611782  0.36449921  0.37263985  0.38087001  0.43224711  0.45018757  0.38919168  0.38087001  0.40611782  0.45932167  0.45932167  0.40611782  0.46856863  0.45932167  0.49701534  0.51659878  0.45932167  0.46856863  0.46856863  0.39760691  0.40611782  0.40611782  0.42343561  0.37263985  0.38919168  0.44116359  0.44116359  0.51659878  0.49701534  0.37263985  0.58948137  0.58948137  0.30237769  0.36449921  0.38087001  0.38087001  0.32507337  0.33279414  0.38919168  0.35644615  0.34847881  0.35644615  0.34847881  0.33279414  0.34059539  0.33279414  0.30986671  0.30986671  
14_0_0     0.38919168  0.26601696  0.16646586  0.14201244  0.17899884  0.17899884  0.13602190  0.03046231  0.03046231  0.00000000  0.28762076  0.25895207  0.29496286  0.24501926  0.23814892  0.32507337  0.32507337  0.39760691  0.38087001  0.33279414  0.35644615  0.33279414  0.36449921  0.52658605  0.37263985  0.43224711  0.38919168  0.36449921  0.64625937  0.65815074  0.55737326  0.56792366  0.60049763  0.56792366  0.60049763  0.62302882  0.62302882  0.38919168  0.41472663  0.38919168  0.35644615  0.39760691  0.36449921  0.31743142  0.34059539  0.33279414  0.36449921  0.34059539  0.50674301  0.44116359  0.45932167  0.40611782  0.46856863  0.45018757  0.39760691  0.38087001  0.39760691  0.39760691  0.34059539  0.34059539  0.34847881  0.38919168  0.39760691  0.38087001  0.42343561  0.37263985  0.40611782  0.39760691  0.43224711  0.41472663  0.34847881  0.36449921  0.35644615  0.33279414  0.34059539  0.34059539  0.35644615  0.32507337  0.31743142  0.34059539  0.37263985  0.38087001  0.38087001  0.39760691  0.38919168  0.34847881  0.34847881  0.34847881  0.34059539  0.55737326  0.37263985  0.38087001  0.38087001  0.39760691  0.41472663  0.42343561  0.43224711  0.38919168  0.39760691  0.38919168  0.44116359  0.47793125  0.39760691  0.38919168  0.39760691  0.46856863  0.46856863  0.39760691  0.47793125  0.43224711  0.48741247  0.48741247  0.45018757  0.47793125  0.45932167  0.44116359  0.43224711  0.45018757  0.42343561  0.42343561  0.42343561  0.47793125  0.47793125  0.49701534  0.47793125  0.38919168  0.58948137  0.58948137  0.31743142  0.36449921  0.38087001  0.39760691  0.34059539  0.34847881  0.42343561  0.38919168  0.38087001  0.38919168  0.38087001  0.36449921  0.37263985  0.36449921  0.34059539  0.34059539  
8_0_0      0.41472663  0.40611782  0.25895207  0.23134108  0.22459459  0.22459459  0.23814892  0.28762076  0.28762076  0.28762076  0.00000000  0.32507337  0.34059539  0.27314916  0.27314916  0.38919168  0.45932167  0.42343561  0.40611782  0.41472663  0.42343561  0.42343561  0.44116359  0.56792366  0.51659878  0.61167845  0.43224711  0.47793125  0.62302882  0.63455398  0.60049763  0.61167845  0.67023409  0.65815074  0.62302882  0.62302882  0.60049763  0.41472663  0.42343561  0.42343561  0.42343561  0.44116359  0.44116359  0.40611782  0.41472663  0.40611782  0.43224711  0.44116359  0.55737326  0.53670840  0.50674301  0.45018757  0.53670840  0.47793125  0.51659878  0.51659878  0.51659878  0.49701534  0.49701534  0.47793125  0.48741247  0.51659878  0.45932167  0.44116359  0.48741247  0.41472663  0.45018757  0.45932167  0.47793125  0.47793125  0.46856863  0.46856863  0.45932167  0.38087001  0.38919168  0.38919168  0.44116359  0.40611782  0.42343561  0.41472663  0.42343561  0.43224711  0.41472663  0.43224711  0.48741247  0.45932167  0.44116359  0.44116359  0.43224711  0.55737326  0.42343561  0.44116359  0.44116359  0.50674301  0.44116359  0.50674301  0.49701534  0.49701534  0.52658605  0.45932167  0.56792366  0.55737326  0.46856863  0.46856863  0.50674301  0.58948137  0.58948137  0.60049763  0.57862491  0.57862491  0.63455398  0.62302882  0.55737326  0.58948137  0.57862491  0.50674301  0.53670840  0.50674301  0.51659878  0.49701534  0.50674301  0.51659878  0.51659878  0.62302882  0.63455398  0.53670840  0.56792366  0.55737326  0.38919168  0.45018757  0.45018757  0.41472663  0.41472663  0.42343561  0.47793125  0.44116359  0.42343561  0.44116359  0.42343561  0.42343561  0.43224711  0.44116359  0.41472663  0.43224711  
15_0_0     0.37263985  0.28762076  0.27314916  0.23814892  0.23814892  0.25195325  0.25895207  0.25895207  0.25895207  0.25895207  0.32507337  0.00000000  0.08416118  0.20471250  0.21790838  0.30237769  0.33279414  0.35644615  0.34059539  0.28034999  0.30237769  0.37263985  0.38919168  0.43224711  0.35644615  0.45018757  0.34059539  0.41472663  0.61167845  0.60049763  0.55737326  0.56792366  0.62302882  0.57862491  0.64625937  0.58948137  0.57862491  0.32507337  0.37263985  0.38919168  0.28762076  0.33279414  0.30986671  0.30986671  0.30237769  0.29496286  0.28034999  0.25895207  0.45018757  0.43224711  0.43224711  0.35644615  0.39760691  0.41472663  0.38919168  0.38919168  0.39760691  0.38919168  0.31743142  0.31743142  0.31743142  0.37263985  0.34059539  0.34847881  0.38087001  0.38087001  0.37263985  0.36449921  0.38919168  0.37263985  0.33279414  0.31743142  0.32507337  0.30986671  0.31743142  0.31743142  0.33279414  0.28034999  0.25895207  0.27314916  0.28762076  0.29496286  0.30237769  0.31743142  0.38919168  0.34847881  0.33279414  0.33279414  0.31743142  0.54696952  0.41472663  0.42343561  0.43224711  0.45018757  0.40611782  0.43224711  0.39760691  0.38087001  0.38087001  0.39760691  0.46856863  0.45932167  0.40611782  0.42343561  0.40611782  0.42343561  0.42343561  0.47793125  0.44116359  0.46856863  0.46856863  0.51659878  0.46856863  0.48741247  0.45018757  0.48741247  0.46856863  0.48741247  0.49701534  0.41472663  0.43224711  0.45932167  0.45932167  0.47793125  0.51659878  0.40611782  0.51659878  0.52658605  0.28034999  0.34847881  0.38087001  0.38087001  0.30986671  0.30986671  0.38087001  0.34847881  0.32507337  0.32507337  0.32507337  0.34059539  0.34059539  0.33279414  0.35644615  0.35644615  
2_0_0      0.39760691  0.33279414  0.28034999  0.24501926  0.24501926  0.25895207  0.26601696  0.26601696  0.26601696  0.29496286  0.34059539  0.08416118  0.00000000  0.23814892  0.25195325  0.30237769  0.30986671  0.38919168  0.37263985  0.28034999  0.28762076  0.36449921  0.37263985  0.47793125  0.36449921  0.47793125  0.35644615  0.42343561  0.57862491  0.56792366  0.53670840  0.54696952  0.54696952  0.50674301  0.56792366  0.57862491  0.62302882  0.30986671  0.35644615  0.37263985  0.29496286  0.34847881  0.33279414  0.33279414  0.32507337  0.31743142  0.29496286  0.28762076  0.47793125  0.47793125  0.44116359  0.35644615  0.43224711  0.41472663  0.39760691  0.38919168  0.37263985  0.34847881  0.35644615  0.35644615  0.35644615  0.41472663  0.36449921  0.38087001  0.34059539  0.36449921  0.30986671  0.34847881  0.35644615  0.34059539  0.29496286  0.28762076  0.29496286  0.28762076  0.28034999  0.28034999  0.30237769  0.27314916  0.30237769  0.28762076  0.34059539  0.34847881  0.35644615  0.36449921  0.38087001  0.34059539  0.33279414  0.33279414  0.31743142  0.53670840  0.45932167  0.43224711  0.44116359  0.51659878  0.43224711  0.44116359  0.45932167  0.43224711  0.43224711  0.43224711  0.48741247  0.49701534  0.45018757  0.45932167  0.46856863  0.40611782  0.40611782  0.47793125  0.42343561  0.47793125  0.52658605  0.52658605  0.48741247  0.50674301  0.48741247  0.45018757  0.46856863  0.46856863  0.50674301  0.46856863  0.47793125  0.45018757  0.45018757  0.57862491  0.57862491  0.38919168  0.45018757  0.44116359  0.27314916  0.31743142  0.36449921  0.41472663  0.34847881  0.32507337  0.34847881  0.34847881  0.32507337  0.34059539  0.32507337  0.34059539  0.34059539  0.33279414  0.33279414  0.35644615  
7_0_0      0.30986671  0.21790838  0.19820080  0.22459459  0.24501926  0.24501926  0.21128136  0.25895207  0.25895207  0.24501926  0.27314916  0.20471250  0.23814892  0.00000000  0.05148185  0.21790838  0.25895207  0.34059539  0.34059539  0.25195325  0.28762076  0.33279414  0.33279414  0.38087001  0.38087001  0.41472663  0.34059539  0.39760691  0.51659878  0.52658605  0.49701534  0.50674301  0.52658605  0.47793125  0.52658605  0.56792366  0.51659878  0.27314916  0.30237769  0.32507337  0.23814892  0.30237769  0.27314916  0.25895207  0.26601696  0.25895207  0.24501926  0.23814892  0.43224711  0.44116359  0.39760691  0.35644615  0.37263985  0.36449921  0.35644615  0.36449921  0.34059539  0.32507337  0.31743142  0.31743142  0.31743142  0.30237769  0.32507337  0.35644615  0.34059539  0.37263985  0.36449921  0.34847881  0.36449921  0.38087001  0.34059539  0.32507337  0.33279414  0.31743142  0.30986671  0.30986671  0.29496286  0.24501926  0.27314916  0.27314916  0.27314916  0.26601696  0.25895207  0.27314916  0.32507337  0.30986671  0.29496286  0.29496286  0.29496286  0.48741247  0.30986671  0.29496286  0.28762076  0.32507337  0.33279414  0.37263985  0.36449921  0.35644615  0.38087001  0.34059539  0.42343561  0.40611782  0.32507337  0.34059539  0.33279414  0.39760691  0.39760691  0.44116359  0.42343561  0.44116359  0.45932167  0.45932167  0.39760691  0.43224711  0.41472663  0.44116359  0.44116359  0.46856863  0.41472663  0.39760691  0.40611782  0.38087001  0.39760691  0.44116359  0.51659878  0.41472663  0.48741247  0.47793125  0.29496286  0.29496286  0.33279414  0.34059539  0.28034999  0.26601696  0.30237769  0.30237769  0.29496286  0.31743142  0.29496286  0.30986671  0.30986671  0.31743142  0.30237769  0.31743142  
5_0_0      0.30986671  0.22459459  0.20471250  0.21790838  0.23814892  0.25195325  0.21790838  0.25195325  0.25195325  0.23814892  0.27314916  0.21790838  0.25195325  0.05148185  0.00000000  0.22459459  0.26601696  0.35644615  0.34059539  0.28034999  0.31743142  0.34847881  0.31743142  0.38087001  0.38087001  0.39760691  0.35644615  0.36449921  0.51659878  0.52658605  0.47793125  0.48741247  0.50674301  0.47793125  0.52658605  0.54696952  0.49701534  0.31743142  0.31743142  0.35644615  0.25895207  0.29496286  0.28034999  0.26601696  0.27314916  0.26601696  0.26601696  0.25895207  0.42343561  0.43224711  0.39760691  0.35644615  0.38919168  0.39760691  0.35644615  0.39760691  0.35644615  0.34059539  0.33279414  0.33279414  0.31743142  0.34847881  0.34059539  0.34847881  0.37263985  0.35644615  0.36449921  0.36449921  0.38087001  0.38087001  0.35644615  0.34059539  0.34847881  0.30237769  0.30986671  0.30986671  0.32507337  0.23134108  0.28762076  0.28762076  0.30237769  0.29496286  0.28762076  0.30237769  0.31743142  0.30237769  0.28762076  0.28762076  0.28762076  0.47793125  0.32507337  0.31743142  0.30237769  0.34059539  0.34847881  0.38919168  0.36449921  0.37263985  0.39760691  0.35644615  0.42343561  0.44116359  0.35644615  0.37263985  0.36449921  0.40611782  0.40611782  0.45018757  0.45018757  0.44116359  0.45932167  0.45932167  0.39760691  0.43224711  0.41472663  0.41472663  0.41472663  0.45932167  0.38919168  0.40611782  0.39760691  0.39760691  0.38919168  0.42343561  0.48741247  0.40611782  0.47793125  0.46856863  0.31743142  0.33279414  0.35644615  0.34847881  0.28762076  0.28762076  0.34059539  0.32507337  0.31743142  0.34059539  0.31743142  0.33279414  0.31743142  0.32507337  0.32507337  0.34059539  
18_0_0     0.42343561  0.28034999  0.30237769  0.32507337  0.36449921  0.37263985  0.32507337  0.30986671  0.30986671  0.32507337  0.38919168  0.30237769  0.30237769  0.21790838  0.22459459  0.00000000  0.16027720  0.36449921  0.36449921  0.33279414  0.34059539  0.38087001  0.35644615  0.46856863  0.36449921  0.47793125  0.43224711  0.41472663  0.51659878  0.50674301  0.49701534  0.50674301  0.51659878  0.47793125  0.50674301  0.55737326  0.58948137  0.36449921  0.33279414  0.37263985  0.25895207  0.32507337  0.25195325  0.23814892  0.24501926  0.23814892  0.25195325  0.25895207  0.52658605  0.50674301  0.47793125  0.40611782  0.43224711  0.41472663  0.46856863  0.42343561  0.42343561  0.40611782  0.37263985  0.39760691  0.38087001  0.36449921  0.36449921  0.42343561  0.39760691  0.42343561  0.41472663  0.41472663  0.42343561  0.44116359  0.38919168  0.38919168  0.39760691  0.33279414  0.33279414  0.33279414  0.32507337  0.28762076  0.33279414  0.35644615  0.37263985  0.36449921  0.34847881  0.35644615  0.37263985  0.36449921  0.36449921  0.36449921  0.38087001  0.63455398  0.39760691  0.38919168  0.38919168  0.43224711  0.42343561  0.46856863  0.45018757  0.43224711  0.44116359  0.42343561  0.47793125  0.45932167  0.42343561  0.45018757  0.43224711  0.35644615  0.35644615  0.43224711  0.39760691  0.46856863  0.48741247  0.41472663  0.42343561  0.44116359  0.40611782  0.49701534  0.47793125  0.54696952  0.50674301  0.44116359  0.45932167  0.44116359  0.45018757  0.55737326  0.53670840  0.46856863  0.56792366  0.57862491  0.37263985  0.38087001  0.36449921  0.38087001  0.32507337  0.31743142  0.34847881  0.34059539  0.33279414  0.33279414  0.33279414  0.33279414  0.33279414  0.32507337  0.38087001  0.38087001  
17_0_0     0.45932167  0.27314916  0.28762076  0.31743142  0.37263985  0.38919168  0.34059539  0.30986671  0.30986671  0.32507337  0.45932167  0.33279414  0.30986671  0.25895207  0.26601696  0.16027720  0.00000000  0.44116359  0.44116359  0.37263985  0.38087001  0.38919168  0.38919168  0.42343561  0.38087001  0.39760691  0.36449921  0.38919168  0.49701534  0.46856863  0.45018757  0.44116359  0.47793125  0.42343561  0.46856863  0.52658605  0.52658605  0.35644615  0.35644615  0.37263985  0.29496286  0.34059539  0.28034999  0.26601696  0.27314916  0.26601696  0.30986671  0.31743142  0.55737326  0.52658605  0.52658605  0.34847881  0.40611782  0.37263985  0.38087001  0.38919168  0.34847881  0.34847881  0.32507337  0.34059539  0.32507337  0.36449921  0.34847881  0.40611782  0.37263985  0.41472663  0.34847881  0.37263985  0.39760691  0.41472663  0.34847881  0.33279414  0.34059539  0.28762076  0.28762076  0.28762076  0.29496286  0.28762076  0.28762076  0.32507337  0.34059539  0.34847881  0.33279414  0.34059539  0.32507337  0.29496286  0.28034999  0.28034999  0.30986671  0.57862491  0.45018757  0.42343561  0.43224711  0.46856863  0.43224711  0.42343561  0.43224711  0.43224711  0.44116359  0.41472663  0.50674301  0.51659878  0.42343561  0.42343561  0.41472663  0.39760691  0.39760691  0.45018757  0.41472663  0.46856863  0.46856863  0.41472663  0.42343561  0.45932167  0.42343561  0.43224711  0.42343561  0.48741247  0.46856863  0.44116359  0.44116359  0.39760691  0.40611782  0.57862491  0.52658605  0.41472663  0.48741247  0.47793125  0.38087001  0.36449921  0.35644615  0.38087001  0.36449921  0.35644615  0.34059539  0.33279414  0.35644615  0.35644615  0.35644615  0.35644615  0.34059539  0.31743142  0.41472663  0.39760691  
81_0_0     0.44116359  0.30986671  0.38087001  0.38087001  0.41472663  0.39760691  0.38919168  0.41472663  0.41472663  0.39760691  0.42343561  0.35644615  0.38919168  0.34059539  0.35644615  0.36449921  0.44116359  0.00000000  0.01507619  0.20471250  0.21128136  0.32507337  0.30986671  0.41472663  0.40611782  0.40611782  0.30986671  0.35644615  0.51659878  0.52658605  0.49701534  0.48741247  0.58948137  0.52658605  0.56792366  0.56792366  0.54696952  0.28762076  0.31743142  0.34059539  0.30237769  0.33279414  0.31743142  0.29496286  0.30986671  0.30237769  0.27314916  0.27314916  0.38919168  0.40611782  0.44116359  0.36449921  0.40611782  0.36449921  0.38087001  0.34059539  0.36449921  0.33279414  0.36449921  0.36449921  0.37263985  0.34059539  0.34847881  0.42343561  0.37263985  0.35644615  0.35644615  0.39760691  0.34847881  0.36449921  0.32507337  0.34059539  0.33279414  0.31743142  0.31743142  0.31743142  0.31743142  0.33279414  0.31743142  0.37263985  0.32507337  0.31743142  0.30986671  0.30986671  0.37263985  0.35644615  0.35644615  0.35644615  0.40611782  0.56792366  0.39760691  0.45018757  0.44116359  0.45018757  0.44116359  0.43224711  0.46856863  0.45932167  0.45932167  0.43224711  0.52658605  0.49701534  0.44116359  0.46856863  0.49701534  0.41472663  0.41472663  0.46856863  0.44116359  0.48741247  0.47793125  0.47793125  0.46856863  0.46856863  0.46856863  0.53670840  0.51659878  0.53670840  0.48741247  0.50674301  0.46856863  0.45932167  0.47793125  0.58948137  0.57862491  0.43224711  0.46856863  0.47793125  0.33279414  0.34059539  0.32507337  0.32507337  0.32507337  0.33279414  0.38087001  0.33279414  0.32507337  0.33279414  0.32507337  0.34059539  0.32507337  0.33279414  0.33279414  0.36449921  
100_0_0    0.42343561  0.29496286  0.38087001  0.36449921  0.39760691  0.38087001  0.37263985  0.39760691  0.39760691  0.38087001  0.40611782  0.34059539  0.37263985  0.34059539  0.34059539  0.36449921  0.44116359  0.01507619  0.00000000  0.18534491  0.19174525  0.31743142  0.30237769  0.40611782  0.38087001  0.38087001  0.30237769  0.34847881  0.51659878  0.52658605  0.49701534  0.48741247  0.56792366  0.50674301  0.54696952  0.56792366  0.52658605  0.28034999  0.30986671  0.33279414  0.29496286  0.32507337  0.30986671  0.28762076  0.30237769  0.29496286  0.26601696  0.26601696  0.36449921  0.38087001  0.41472663  0.35644615  0.38087001  0.35644615  0.38919168  0.34847881  0.35644615  0.34059539  0.35644615  0.35644615  0.36449921  0.34847881  0.34059539  0.41472663  0.36449921  0.34847881  0.34847881  0.37263985  0.35644615  0.35644615  0.30237769  0.31743142  0.30986671  0.30986671  0.30986671  0.30986671  0.32507337  0.32507337  0.30986671  0.35644615  0.33279414  0.32507337  0.31743142  0.31743142  0.36449921  0.36449921  0.36449921  0.36449921  0.39760691  0.53670840  0.38087001  0.43224711  0.42343561  0.43224711  0.44116359  0.41472663  0.45018757  0.44116359  0.44116359  0.41472663  0.50674301  0.47793125  0.42343561  0.45018757  0.47793125  0.39760691  0.39760691  0.45018757  0.44116359  0.46856863  0.45932167  0.45932167  0.45018757  0.45018757  0.45018757  0.51659878  0.49701534  0.51659878  0.45932167  0.49701534  0.45932167  0.45018757  0.45018757  0.55737326  0.55737326  0.40611782  0.45932167  0.46856863  0.30986671  0.34847881  0.31743142  0.31743142  0.31743142  0.34059539  0.37263985  0.32507337  0.31743142  0.32507337  0.31743142  0.33279414  0.31743142  0.32507337  0.32507337  0.35644615  
70_0_0     0.34847881  0.25195325  0.32507337  0.33279414  0.36449921  0.36449921  0.33279414  0.34847881  0.34847881  0.33279414  0.41472663  0.28034999  0.28034999  0.25195325  0.28034999  0.33279414  0.37263985  0.20471250  0.18534491  0.00000000  0.02529838  0.25895207  0.25195325  0.28762076  0.26601696  0.28762076  0.29496286  0.31743142  0.45018757  0.44116359  0.42343561  0.43224711  0.50674301  0.42343561  0.47793125  0.47793125  0.47793125  0.17270612  0.19820080  0.24501926  0.19174525  0.21790838  0.19820080  0.21128136  0.20471250  0.19820080  0.23134108  0.22459459  0.31743142  0.32507337  0.35644615  0.28034999  0.30986671  0.28762076  0.32507337  0.31743142  0.27314916  0.25895207  0.27314916  0.28034999  0.28762076  0.25895207  0.25895207  0.31743142  0.24501926  0.25195325  0.27314916  0.24501926  0.27314916  0.25895207  0.23814892  0.25195325  0.24501926  0.21128136  0.19820080  0.19820080  0.21128136  0.22459459  0.21128136  0.17899884  0.24501926  0.23814892  0.24501926  0.25195325  0.29496286  0.28034999  0.29496286  0.29496286  0.28034999  0.44116359  0.34847881  0.34847881  0.35644615  0.34847881  0.38087001  0.39760691  0.41472663  0.41472663  0.43224711  0.38087001  0.48741247  0.48741247  0.39760691  0.40611782  0.40611782  0.33279414  0.33279414  0.39760691  0.38919168  0.35644615  0.38919168  0.34059539  0.35644615  0.35644615  0.34059539  0.51659878  0.49701534  0.47793125  0.42343561  0.38919168  0.40611782  0.41472663  0.41472663  0.45018757  0.47793125  0.38087001  0.38087001  0.38919168  0.19820080  0.23134108  0.29496286  0.33279414  0.24501926  0.28034999  0.28762076  0.25195325  0.25895207  0.26601696  0.25895207  0.25895207  0.25895207  0.25195325  0.21128136  0.22459459  
70_20_0    0.37263985  0.27314916  0.33279414  0.34059539  0.38919168  0.35644615  0.35644615  0.37263985  0.37263985  0.35644615  0.42343561  0.30237769  0.28762076  0.28762076  0.31743142  0.34059539  0.38087001  0.21128136  0.19174525  0.02529838  0.00000000  0.25195325  0.25895207  0.29496286  0.26601696  0.30986671  0.29496286  0.32507337  0.45932167  0.45018757  0.45018757  0.45932167  0.49701534  0.45018757  0.46856863  0.48741247  0.48741247  0.20471250  0.21790838  0.25195325  0.21128136  0.23814892  0.21790838  0.23134108  0.21128136  0.21790838  0.23814892  0.23134108  0.31743142  0.34059539  0.35644615  0.28762076  0.31743142  0.29496286  0.33279414  0.30986671  0.29496286  0.28034999  0.28034999  0.28762076  0.29496286  0.28034999  0.26601696  0.33279414  0.23814892  0.25895207  0.26601696  0.23814892  0.26601696  0.25195325  0.21790838  0.23134108  0.22459459  0.23134108  0.21790838  0.21790838  0.23134108  0.24501926  0.23134108  0.19820080  0.25195325  0.24501926  0.25195325  0.25895207  0.32507337  0.30986671  0.32507337  0.32507337  0.30986671  0.44116359  0.36449921  0.36449921  0.37263985  0.36449921  0.39760691  0.41472663  0.43224711  0.43224711  0.43224711  0.39760691  0.50674301  0.48741247  0.41472663  0.42343561  0.42343561  0.33279414  0.33279414  0.39760691  0.38919168  0.37263985  0.40611782  0.34059539  0.37263985  0.37263985  0.35644615  0.50674301  0.48741247  0.48741247  0.45018757  0.41472663  0.43224711  0.45932167  0.45932167  0.46856863  0.49701534  0.38919168  0.37263985  0.38087001  0.21790838  0.22459459  0.28762076  0.34059539  0.25195325  0.28762076  0.29496286  0.25895207  0.26601696  0.27314916  0.26601696  0.26601696  0.26601696  0.25895207  0.23134108  0.24501926  
86_19_0    0.37263985  0.29496286  0.34847881  0.33279414  0.37263985  0.37263985  0.34847881  0.31743142  0.31743142  0.33279414  0.42343561  0.37263985  0.36449921  0.33279414  0.34847881  0.38087001  0.38919168  0.32507337  0.31743142  0.25895207  0.25195325  0.00000000  0.08974919  0.21790838  0.16646586  0.33279414  0.21128136  0.23814892  0.50674301  0.51659878  0.44116359  0.43224711  0.51659878  0.56792366  0.52658605  0.55737326  0.52658605  0.30237769  0.30237769  0.34059539  0.30986671  0.29496286  0.29496286  0.29496286  0.31743142  0.30986671  0.29496286  0.28034999  0.51659878  0.48741247  0.44116359  0.34059539  0.40611782  0.37263985  0.34059539  0.34059539  0.37263985  0.35644615  0.30237769  0.27314916  0.28034999  0.31743142  0.30237769  0.36449921  0.36449921  0.31743142  0.34847881  0.32507337  0.38919168  0.37263985  0.37263985  0.37263985  0.36449921  0.25195325  0.25895207  0.25895207  0.28762076  0.30237769  0.28762076  0.28034999  0.32507337  0.31743142  0.30237769  0.30237769  0.37263985  0.35644615  0.34059539  0.34059539  0.34059539  0.53670840  0.37263985  0.38087001  0.38087001  0.37263985  0.38087001  0.39760691  0.40611782  0.40611782  0.40611782  0.38087001  0.48741247  0.51659878  0.38087001  0.38919168  0.39760691  0.36449921  0.36449921  0.37263985  0.39760691  0.45018757  0.47793125  0.44116359  0.39760691  0.43224711  0.41472663  0.46856863  0.45932167  0.47793125  0.46856863  0.41472663  0.43224711  0.43224711  0.43224711  0.49701534  0.49701534  0.38087001  0.45018757  0.44116359  0.30237769  0.32507337  0.32507337  0.34059539  0.29496286  0.27314916  0.32507337  0.30237769  0.29496286  0.29496286  0.29496286  0.29496286  0.29496286  0.28762076  0.33279414  0.33279414  
