20
5_0_0      0.00000000  0.01948335  0.02609272  0.02609272  0.06702986  0.06004886  0.20536344  0.20536344  0.21385675  0.19696588  0.18866192  0.18866192  0.29499690  0.27618660  0.26695662  0.28553238  0.26695662  0.36484599  0.36484599  0.36484599  
12_0_0     0.01948335  0.00000000  0.00643800  0.01293212  0.06004886  0.05313268  0.23113953  0.21385675  0.22244802  0.18866192  0.18044951  0.18044951  0.28553238  0.24883283  0.24883283  0.25783961  0.28553238  0.33410538  0.33410538  0.33410538  
4_0_0      0.02609272  0.00643800  0.00000000  0.00643800  0.06702986  0.06004886  0.23993365  0.22244802  0.23113953  0.19696588  0.18866192  0.18866192  0.29499690  0.25783961  0.25783961  0.24883283  0.28553238  0.32413410  0.32413410  0.32413410  
10_0_0     0.02609272  0.01293212  0.00643800  0.00000000  0.06702986  0.06004886  0.23993365  0.22244802  0.23113953  0.20536344  0.19696588  0.19696588  0.29499690  0.26695662  0.26695662  0.25783961  0.28553238  0.33410538  0.33410538  0.33410538  
11_0_0     0.06702986  0.06004886  0.06702986  0.06702986  0.00000000  0.01948335  0.22244802  0.18866192  0.21385675  0.21385675  0.20536344  0.20536344  0.26695662  0.26695662  0.24883283  0.25783961  0.27618660  0.32413410  0.32413410  0.32413410  
17_0_0     0.06004886  0.05313268  0.06004886  0.06004886  0.01948335  0.00000000  0.21385675  0.18044951  0.18866192  0.20536344  0.19696588  0.19696588  0.24883283  0.24883283  0.24883283  0.23993365  0.25783961  0.32413410  0.32413410  0.32413410  
8_0_0      0.20536344  0.23113953  0.23993365  0.23993365  0.22244802  0.21385675  0.00000000  0.02609272  0.07407690  0.14069303  0.13299015  0.13299015  0.25783961  0.26695662  0.28553238  0.29499690  0.25783961  0.33410538  0.33410538  0.33410538  
18_0_0     0.20536344  0.21385675  0.22244802  0.22244802  0.18866192  0.18044951  0.02609272  0.00000000  0.08837420  0.14069303  0.13299015  0.13299015  0.23993365  0.24883283  0.25783961  0.25783961  0.26695662  0.32413410  0.32413410  0.32413410  
19_0_0     0.21385675  0.22244802  0.23113953  0.23113953  0.21385675  0.18866192  0.07407690  0.08837420  0.00000000  0.14069303  0.13299015  0.13299015  0.23993365  0.25783961  0.23993365  0.27618660  0.24883283  0.33410538  0.33410538  0.33410538  
7_0_0      0.19696588  0.18866192  0.19696588  0.20536344  0.21385675  0.20536344  0.14069303  0.14069303  0.14069303  0.00000000  0.00643800  0.00643800  0.28553238  0.25783961  0.26695662  0.29499690  0.25783961  0.39690998  0.39690998  0.39690998  
9_0_0      0.18866192  0.18044951  0.18866192  0.19696588  0.20536344  0.19696588  0.13299015  0.13299015  0.13299015  0.00643800  0.00000000  0.00000000  0.27618660  0.24883283  0.25783961  0.28553238  0.24883283  0.38606791  0.38606791  0.38606791  
13_0_0     0.18866192  0.18044951  0.18866192  0.19696588  0.20536344  0.19696588  0.13299015  0.13299015  0.13299015  0.00643800  0.00000000  0.00000000  0.27618660  0.24883283  0.25783961  0.28553238  0.24883283  0.38606791  0.38606791  0.38606791  
16_0_0     0.29499690  0.28553238  0.29499690  0.29499690  0.26695662  0.24883283  0.25783961  0.23993365  0.23993365  0.28553238  0.27618660  0.27618660  0.00000000  0.11034820  0.15634194  0.11781931  0.31429452  0.29499690  0.29499690  0.29499690  
14_0_0     0.27618660  0.24883283  0.25783961  0.26695662  0.26695662  0.24883283  0.26695662  0.24883283  0.25783961  0.25783961  0.24883283  0.24883283  0.11034820  0.00000000  0.11781931  0.08119125  0.30458322  0.26695662  0.26695662  0.26695662  
6_0_0      0.26695662  0.24883283  0.25783961  0.26695662  0.24883283  0.24883283  0.28553238  0.25783961  0.23993365  0.26695662  0.25783961  0.25783961  0.15634194  0.11781931  0.00000000  0.14847639  0.31429452  0.29499690  0.29499690  0.29499690  
15_0_0     0.28553238  0.25783961  0.24883283  0.25783961  0.25783961  0.23993365  0.29499690  0.25783961  0.27618660  0.29499690  0.28553238  0.28553238  0.11781931  0.08119125  0.14847639  0.00000000  0.34421195  0.29499690  0.29499690  0.29499690  
20_0_0     0.26695662  0.28553238  0.28553238  0.28553238  0.27618660  0.25783961  0.25783961  0.26695662  0.24883283  0.25783961  0.24883283  0.24883283  0.31429452  0.30458322  0.31429452  0.34421195  0.00000000  0.27618660  0.27618660  0.27618660  
3_0_0      0.36484599  0.33410538  0.32413410  0.33410538  0.32413410  0.32413410  0.33410538  0.32413410  0.33410538  0.39690998  0.38606791  0.38606791  0.29499690  0.26695662  0.29499690  0.29499690  0.27618660  0.00000000  0.00000000  0.00000000  
2_0_0      0.36484599  0.33410538  0.32413410  0.33410538  0.32413410  0.32413410  0.33410538  0.32413410  0.33410538  0.39690998  0.38606791  0.38606791  0.29499690  0.26695662  0.29499690  0.29499690  0.27618660  0.00000000  0.00000000  0.00000000  
1_0_0      0.36484599  0.33410538  0.32413410  0.33410538  0.32413410  0.32413410  0.33410538  0.32413410  0.33410538  0.39690998  0.38606791  0.38606791  0.29499690  0.26695662  0.29499690  0.29499690  0.27618660  0.00000000  0.00000000  0.00000000  

