20
14_0_0     0.00000000  0.03150640  0.06505497  0.06505497  0.08312307  0.08312307  0.09533269  0.08919038  0.07712895  0.17366496  0.15954862  0.23451861  0.20849468  0.21614984  0.21614984  0.21614984  0.20849468  0.23727257  0.23056814  0.23056814  
6_0_0      0.03150640  0.00000000  0.07087340  0.07087340  0.08919038  0.07712895  0.08312307  0.07712895  0.07120628  0.16655666  0.15263804  0.21859240  0.20849468  0.20095567  0.20095567  0.20095567  0.19352934  0.22937483  0.22273229  0.22273229  
8_0_0      0.06505497  0.07087340  0.00000000  0.01036374  0.07712895  0.08919038  0.10784988  0.10155187  0.07120628  0.15954862  0.14582225  0.24267731  0.20095567  0.20849468  0.20849468  0.20849468  0.20095567  0.25345489  0.24662058  0.24662058  
18_0_0     0.06505497  0.07087340  0.01036374  0.00000000  0.06535337  0.08919038  0.10784988  0.10155187  0.07120628  0.14582225  0.13246488  0.22649170  0.21614984  0.22392477  0.22392477  0.22392477  0.21614984  0.27018200  0.26320894  0.26320894  
19_0_0     0.08312307  0.08919038  0.07712895  0.06535337  0.00000000  0.08967777  0.10845554  0.10211711  0.09585852  0.16747222  0.16747222  0.22786593  0.24123200  0.26632958  0.26632958  0.26632958  0.25782209  0.26320894  0.25630129  0.25630129  
1_0_0      0.08312307  0.07712895  0.08919038  0.08919038  0.08967777  0.00000000  0.01562781  0.01036374  0.04843998  0.15345482  0.15345482  0.21206554  0.20962637  0.20202937  0.20202937  0.20202937  0.19454677  0.19993991  0.19352934  0.19352934  
2_0_0      0.09533269  0.08312307  0.10784988  0.10784988  0.10845554  0.01562781  0.00000000  0.00515485  0.06569604  0.16041410  0.16041410  0.23595861  0.21734133  0.20962637  0.20962637  0.20962637  0.20202937  0.22273229  0.21614984  0.21614984  
3_0_0      0.08919038  0.07712895  0.10155187  0.10155187  0.10211711  0.01036374  0.00515485  0.00000000  0.05987718  0.16747222  0.16747222  0.22786593  0.20962637  0.20202937  0.20202937  0.20202937  0.19454677  0.21501808  0.20849468  0.20849468  
15_0_0     0.07712895  0.07120628  0.07120628  0.07120628  0.09585852  0.04843998  0.06569604  0.05987718  0.00000000  0.12004944  0.12004944  0.17463204  0.20202937  0.20962637  0.20962637  0.20962637  0.20202937  0.22273229  0.21614984  0.21614984  
11_0_0     0.17366496  0.16655666  0.15954862  0.14582225  0.16747222  0.15345482  0.16041410  0.16747222  0.12004944  0.00000000  0.04243951  0.13982202  0.28037026  0.28917841  0.28917841  0.28917841  0.28037026  0.29468271  0.28749185  0.28749185  
17_0_0     0.15954862  0.15263804  0.14582225  0.13246488  0.16747222  0.15345482  0.16041410  0.16747222  0.12004944  0.04243951  0.00000000  0.12655327  0.28037026  0.27171552  0.27171552  0.27171552  0.26320894  0.28587553  0.27876155  0.27876155  
16_0_0     0.23451861  0.21859240  0.24267731  0.22649170  0.22786593  0.21206554  0.23595861  0.22786593  0.17463204  0.13982202  0.12655327  0.00000000  0.30727742  0.32606066  0.32606066  0.32606066  0.31658030  0.29468271  0.28749185  0.28749185  
20_0_0     0.20849468  0.20849468  0.20095567  0.21614984  0.24123200  0.20962637  0.21734133  0.20962637  0.20202937  0.28037026  0.28037026  0.30727742  0.00000000  0.06569604  0.06569604  0.06569604  0.07158384  0.14659167  0.14059598  0.14059598  
10_0_0     0.21614984  0.20095567  0.20849468  0.22392477  0.26632958  0.20202937  0.20962637  0.20202937  0.20962637  0.28917841  0.27171552  0.32606066  0.06569604  0.00000000  0.00000000  0.00000000  0.00515485  0.16041410  0.15432353  0.15432353  
12_0_0     0.21614984  0.20095567  0.20849468  0.22392477  0.26632958  0.20202937  0.20962637  0.20202937  0.20962637  0.28917841  0.27171552  0.32606066  0.06569604  0.00000000  0.00000000  0.00000000  0.00515485  0.16041410  0.15432353  0.15432353  
4_0_0      0.21614984  0.20095567  0.20849468  0.22392477  0.26632958  0.20202937  0.20962637  0.20202937  0.20962637  0.28917841  0.27171552  0.32606066  0.06569604  0.00000000  0.00000000  0.00000000  0.00515485  0.16041410  0.15432353  0.15432353  
5_0_0      0.20849468  0.19352934  0.20095567  0.21614984  0.25782209  0.19454677  0.20202937  0.19454677  0.20202937  0.28037026  0.26320894  0.31658030  0.07158384  0.00515485  0.00515485  0.00515485  0.00000000  0.16747222  0.16133219  0.16133219  
7_0_0      0.23727257  0.22937483  0.25345489  0.27018200  0.26320894  0.19993991  0.22273229  0.21501808  0.22273229  0.29468271  0.28587553  0.29468271  0.14659167  0.16041410  0.16041410  0.16041410  0.16747222  0.00000000  0.00514809  0.00514809  
9_0_0      0.23056814  0.22273229  0.24662058  0.26320894  0.25630129  0.19352934  0.21614984  0.20849468  0.21614984  0.28749185  0.27876155  0.28749185  0.14059598  0.15432353  0.15432353  0.15432353  0.16133219  0.00514809  0.00000000  0.00000000  
13_0_0     0.23056814  0.22273229  0.24662058  0.26320894  0.25630129  0.19352934  0.21614984  0.20849468  0.21614984  0.28749185  0.27876155  0.28749185  0.14059598  0.15432353  0.15432353  0.15432353  0.16133219  0.00514809  0.00000000  0.00000000  

