20
14_0_0     0.00000000  0.05412342  0.10102704  0.10102704  0.07675729  0.07058316  0.07058316  0.07058316  0.05930200  0.17187613  0.16411766  0.19164566  0.22934274  0.22157124  0.22157124  0.21391932  0.20638337  0.21855694  0.19559363  0.19559363  
6_0_0      0.05412342  0.00000000  0.11362105  0.11362105  0.07675729  0.08235673  0.08235673  0.08235673  0.05361712  0.16487043  0.17107408  0.16341919  0.22934274  0.23723763  0.25341368  0.24525988  0.22157124  0.21855694  0.19559363  0.19559363  
8_0_0      0.10102704  0.11362105  0.00000000  0.01036366  0.12003972  0.12590859  0.12590859  0.12590859  0.11362105  0.22389102  0.23849222  0.22157124  0.23723763  0.23723763  0.23723763  0.22934274  0.22157124  0.23447691  0.22645322  0.22645322  
18_0_0     0.10102704  0.11362105  0.01036366  0.00000000  0.12003972  0.12590859  0.12590859  0.12590859  0.11362105  0.23980958  0.25480166  0.22157124  0.23723763  0.23723763  0.23723763  0.22934274  0.22157124  0.23447691  0.21078408  0.21078408  
19_0_0     0.07675729  0.07675729  0.12003972  0.12003972  0.00000000  0.09441583  0.09441583  0.09441583  0.07087052  0.16487043  0.17812920  0.18443742  0.23723763  0.22157124  0.23723763  0.22934274  0.22157124  0.21855694  0.21078408  0.21078408  
1_0_0      0.07058316  0.08235673  0.12590859  0.12590859  0.09441583  0.00000000  0.00000000  0.00000000  0.05342952  0.17812920  0.17733218  0.19806239  0.25209078  0.22050267  0.23604595  0.22821358  0.20543053  0.21730815  0.20959590  0.20959590  
2_0_0      0.07058316  0.08235673  0.12590859  0.12590859  0.09441583  0.00000000  0.00000000  0.00000000  0.05342952  0.17812920  0.17733218  0.19806239  0.25209078  0.22050267  0.23604595  0.22821358  0.20543053  0.21730815  0.20959590  0.20959590  
3_0_0      0.07058316  0.08235673  0.12590859  0.12590859  0.09441583  0.00000000  0.00000000  0.00000000  0.05342952  0.17812920  0.17733218  0.19806239  0.25209078  0.22050267  0.23604595  0.22821358  0.20543053  0.21730815  0.20959590  0.20959590  
15_0_0     0.05930200  0.05361712  0.11362105  0.11362105  0.07087052  0.05342952  0.05342952  0.05342952  0.00000000  0.17898193  0.17812920  0.18443742  0.26170340  0.22934274  0.24525988  0.23723763  0.21391932  0.22645322  0.20313085  0.20313085  
11_0_0     0.17187613  0.16487043  0.22389102  0.23980958  0.16487043  0.17812920  0.17812920  0.17812920  0.17898193  0.00000000  0.02620628  0.11171445  0.27430542  0.29145552  0.30921829  0.30025760  0.27430542  0.22270075  0.23053381  0.23053381  
17_0_0     0.16411766  0.17107408  0.23849222  0.25480166  0.17812920  0.17733218  0.17733218  0.17733218  0.17812920  0.02620628  0.00000000  0.14325343  0.28997795  0.28997795  0.30758261  0.29870238  0.27297528  0.22934274  0.23723763  0.23723763  
16_0_0     0.19164566  0.16341919  0.22157124  0.22157124  0.18443742  0.19806239  0.19806239  0.19806239  0.18443742  0.11171445  0.14325343  0.00000000  0.25772713  0.29145552  0.30921829  0.30025760  0.29145552  0.25480166  0.23053381  0.23053381  
20_0_0     0.22934274  0.22934274  0.23723763  0.23723763  0.23723763  0.25209078  0.25209078  0.25209078  0.26170340  0.27430542  0.28997795  0.25772713  0.00000000  0.03150604  0.04243870  0.03694232  0.04243870  0.15185926  0.13182665  0.13182665  
10_0_0     0.22157124  0.23723763  0.23723763  0.23723763  0.22157124  0.22050267  0.22050267  0.22050267  0.22934274  0.29145552  0.28997795  0.29145552  0.03150604  0.00000000  0.01036366  0.00515483  0.01036366  0.16567720  0.14509166  0.14509166  
12_0_0     0.22157124  0.25341368  0.23723763  0.23723763  0.23723763  0.23604595  0.23604595  0.23604595  0.24525988  0.30921829  0.30758261  0.30921829  0.04243870  0.01036366  0.00000000  0.00515483  0.02094791  0.17989011  0.15872024  0.15872024  
4_0_0      0.21391932  0.24525988  0.22934274  0.22934274  0.22934274  0.22821358  0.22821358  0.22821358  0.23723763  0.30025760  0.29870238  0.30025760  0.03694232  0.00515483  0.00515483  0.00000000  0.01562762  0.17273288  0.15185926  0.15185926  
5_0_0      0.20638337  0.22157124  0.22157124  0.22157124  0.22157124  0.20543053  0.20543053  0.20543053  0.21391932  0.27430542  0.27297528  0.29145552  0.04243870  0.01036366  0.02094791  0.01562762  0.00000000  0.16567720  0.14509166  0.14509166  
7_0_0      0.21855694  0.21855694  0.23447691  0.23447691  0.21855694  0.21730815  0.21730815  0.21730815  0.22645322  0.22270075  0.22934274  0.25480166  0.15185926  0.16567720  0.17989011  0.17273288  0.16567720  0.00000000  0.01562762  0.01562762  
9_0_0      0.19559363  0.19559363  0.22645322  0.21078408  0.21078408  0.20959590  0.20959590  0.20959590  0.20313085  0.23053381  0.23723763  0.23053381  0.13182665  0.14509166  0.15872024  0.15185926  0.14509166  0.01562762  0.00000000  0.00000000  
13_0_0     0.19559363  0.19559363  0.22645322  0.21078408  0.21078408  0.20959590  0.20959590  0.20959590  0.20313085  0.23053381  0.23723763  0.23053381  0.13182665  0.14509166  0.15872024  0.15185926  0.14509166  0.01562762  0.00000000  0.00000000  

