20
14_0_0     0.00000000  0.04219431  0.08691333  0.08117496  0.07548030  0.08691333  0.09852393  0.09852393  0.06421949  0.09269609  0.11031770  0.14685824  0.17225015  0.19853493  0.19853493  0.19853493  0.19187658  0.19187658  0.19853493  0.19853493  
6_0_0      0.04219431  0.00000000  0.11031770  0.10439756  0.09852393  0.12230052  0.13447854  0.13447854  0.08691333  0.11628510  0.13447854  0.17225015  0.19853493  0.21203221  0.21203221  0.21203221  0.20525311  0.21887334  0.22577766  0.22577766  
8_0_0      0.08691333  0.11031770  0.00000000  0.01554512  0.11031770  0.12230052  0.13447854  0.13447854  0.08691333  0.15312582  0.17225015  0.17225015  0.19187658  0.23274634  0.23274634  0.23274634  0.22577766  0.26859878  0.24688167  0.24688167  
18_0_0     0.08117496  0.10439756  0.01554512  0.00000000  0.11628510  0.12836473  0.14064276  0.14064276  0.09269609  0.14685824  0.16582086  0.16582086  0.19853493  0.23978060  0.23978060  0.23978060  0.23274634  0.26128942  0.23978060  0.23978060  
19_0_0     0.07548030  0.09852393  0.11031770  0.11628510  0.00000000  0.13447854  0.14685824  0.14685824  0.09852393  0.12230052  0.14064276  0.17873521  0.20525311  0.21887334  0.21887334  0.21887334  0.21203221  0.22577766  0.23274634  0.23274634  
1_0_0      0.08691333  0.12230052  0.12230052  0.12836473  0.13447854  0.00000000  0.01032742  0.01032742  0.05312579  0.15312582  0.17225015  0.18527702  0.17873521  0.17873521  0.17873521  0.17873521  0.18527702  0.20525311  0.19853493  0.19853493  
2_0_0      0.09852393  0.13447854  0.13447854  0.14064276  0.14685824  0.01032742  0.00000000  0.02079950  0.06421949  0.16582086  0.18527702  0.19853493  0.18527702  0.18527702  0.18527702  0.18527702  0.19187658  0.21203221  0.20525311  0.20525311  
3_0_0      0.09852393  0.13447854  0.13447854  0.14064276  0.14685824  0.01032742  0.02079950  0.00000000  0.06421949  0.16582086  0.17873521  0.19853493  0.19187658  0.19187658  0.19187658  0.19187658  0.19853493  0.21887334  0.21203221  0.21203221  
15_0_0     0.06421949  0.08691333  0.08691333  0.09269609  0.09852393  0.05312579  0.06421949  0.06421949  0.00000000  0.11628510  0.12230052  0.15944639  0.17873521  0.17873521  0.17873521  0.17873521  0.18527702  0.21203221  0.21887334  0.21887334  
11_0_0     0.09269609  0.11628510  0.15312582  0.14685824  0.12230052  0.15312582  0.16582086  0.16582086  0.11628510  0.00000000  0.02609108  0.08117496  0.16582086  0.19187658  0.19187658  0.19187658  0.19853493  0.17225015  0.17873521  0.17873521  
17_0_0     0.11031770  0.13447854  0.17225015  0.16582086  0.14064276  0.17225015  0.18527702  0.17873521  0.12230052  0.02609108  0.00000000  0.09852393  0.15944639  0.18527702  0.18527702  0.18527702  0.19187658  0.16582086  0.17225015  0.17225015  
16_0_0     0.14685824  0.17225015  0.17225015  0.16582086  0.17873521  0.18527702  0.19853493  0.19853493  0.15944639  0.08117496  0.09852393  0.00000000  0.17873521  0.21887334  0.21887334  0.21887334  0.22577766  0.20525311  0.18527702  0.18527702  
20_0_0     0.17225015  0.19853493  0.19187658  0.19853493  0.20525311  0.17873521  0.18527702  0.19187658  0.17873521  0.16582086  0.15944639  0.17873521  0.00000000  0.05312579  0.05312579  0.05312579  0.05865206  0.09852393  0.09269609  0.09269609  
10_0_0     0.19853493  0.21203221  0.23274634  0.23978060  0.21887334  0.17873521  0.18527702  0.19187658  0.17873521  0.19187658  0.18527702  0.21887334  0.05312579  0.00000000  0.00000000  0.00000000  0.00514588  0.09852393  0.09269609  0.09269609  
12_0_0     0.19853493  0.21203221  0.23274634  0.23978060  0.21887334  0.17873521  0.18527702  0.19187658  0.17873521  0.19187658  0.18527702  0.21887334  0.05312579  0.00000000  0.00000000  0.00000000  0.00514588  0.09852393  0.09269609  0.09269609  
4_0_0      0.19853493  0.21203221  0.23274634  0.23978060  0.21887334  0.17873521  0.18527702  0.19187658  0.17873521  0.19187658  0.18527702  0.21887334  0.05312579  0.00000000  0.00000000  0.00000000  0.00514588  0.09852393  0.09269609  0.09269609  
5_0_0      0.19187658  0.20525311  0.22577766  0.23274634  0.21203221  0.18527702  0.19187658  0.19853493  0.18527702  0.19853493  0.19187658  0.22577766  0.05865206  0.00514588  0.00514588  0.00514588  0.00000000  0.10439756  0.09852393  0.09852393  
7_0_0      0.19187658  0.21887334  0.26859878  0.26128942  0.22577766  0.20525311  0.21203221  0.21887334  0.21203221  0.17225015  0.16582086  0.20525311  0.09852393  0.09852393  0.09852393  0.09852393  0.10439756  0.00000000  0.01554512  0.01554512  
9_0_0      0.19853493  0.22577766  0.24688167  0.23978060  0.23274634  0.19853493  0.20525311  0.21203221  0.21887334  0.17873521  0.17225015  0.18527702  0.09269609  0.09269609  0.09269609  0.09269609  0.09852393  0.01554512  0.00000000  0.00000000  
13_0_0     0.19853493  0.22577766  0.24688167  0.23978060  0.23274634  0.19853493  0.20525311  0.21203221  0.21887334  0.17873521  0.17225015  0.18527702  0.09269609  0.09269609  0.09269609  0.09269609  0.09852393  0.01554512  0.00000000  0.00000000  

