19
6_1_0      0.00000000  0.08226755  0.10759262  0.12718353  0.17506257  0.16105765  0.14731777  0.13383310  0.12718353  0.14731777  0.14054413  0.35917209  0.31498813  0.31498813  0.30646508  0.24945094  0.24945094  0.28971339  0.29804092  
1_1_0      0.08226755  0.00000000  0.10759262  0.11406436  0.14731777  0.14731777  0.12059432  0.10759262  0.10117806  0.12059432  0.11406436  0.36834097  0.30646508  0.30646508  0.29804092  0.23395102  0.23395102  0.25732679  0.24945094  
4_1_0      0.10759262  0.10759262  0.00000000  0.05180506  0.10759262  0.10759262  0.08226755  0.05779617  0.05180506  0.06992876  0.06383712  0.27333952  0.23395102  0.23395102  0.22632340  0.21877509  0.21877509  0.21130445  0.20390990  
5_1_0      0.12718353  0.11406436  0.05180506  0.00000000  0.11406436  0.12718353  0.08851648  0.08851648  0.06992876  0.10117806  0.08226755  0.29804092  0.25732679  0.25732679  0.24945094  0.22632340  0.22632340  0.24945094  0.24165962  
11_1_0     0.17506257  0.14731777  0.10759262  0.11406436  0.00000000  0.01119701  0.03412279  0.08226755  0.08851648  0.10759262  0.08851648  0.29804092  0.25732679  0.25732679  0.24945094  0.24165962  0.24165962  0.24945094  0.24165962  
7_1_0      0.16105765  0.14731777  0.10759262  0.12718353  0.01119701  0.00000000  0.04586299  0.09481967  0.10117806  0.12059432  0.10117806  0.28971339  0.24945094  0.24945094  0.24165962  0.23395102  0.23395102  0.25732679  0.24945094  
10_1_0     0.14731777  0.12059432  0.08226755  0.08851648  0.03412279  0.04586299  0.00000000  0.08226755  0.07607194  0.09481967  0.07607194  0.32361243  0.26528901  0.26528901  0.25732679  0.23395102  0.23395102  0.24165962  0.23395102  
11_3_0     0.13383310  0.10759262  0.05779617  0.08851648  0.08226755  0.09481967  0.08226755  0.00000000  0.01686095  0.03412279  0.05180506  0.27333952  0.21877509  0.21877509  0.21130445  0.21877509  0.21877509  0.21130445  0.20390990  
7_3_0      0.12718353  0.10117806  0.05180506  0.06992876  0.08851648  0.10117806  0.07607194  0.01686095  0.00000000  0.02832312  0.03412279  0.29804092  0.24165962  0.24165962  0.23395102  0.21130445  0.21130445  0.20390990  0.19658990  
10_3_0     0.14731777  0.12059432  0.06992876  0.10117806  0.10759262  0.12059432  0.09481967  0.03412279  0.02832312  0.00000000  0.06383712  0.30646508  0.24945094  0.24945094  0.24165962  0.21877509  0.21877509  0.19658990  0.18934297  
11_2_0     0.14054413  0.11406436  0.06383712  0.08226755  0.08851648  0.10117806  0.07607194  0.05180506  0.03412279  0.06383712  0.00000000  0.26528901  0.22632340  0.22632340  0.23395102  0.21130445  0.21130445  0.20390990  0.19658990  
13_4_0     0.35917209  0.36834097  0.27333952  0.29804092  0.29804092  0.28971339  0.32361243  0.27333952  0.29804092  0.30646508  0.26528901  0.00000000  0.06383712  0.06383712  0.06992876  0.18934297  0.18934297  0.19658990  0.20390990  
20_4_0     0.31498813  0.30646508  0.23395102  0.25732679  0.25732679  0.24945094  0.26528901  0.21877509  0.24165962  0.24945094  0.22632340  0.06383712  0.00000000  0.00000000  0.00557692  0.14054413  0.14054413  0.17506257  0.16802634  
19_4_0     0.31498813  0.30646508  0.23395102  0.25732679  0.25732679  0.24945094  0.26528901  0.21877509  0.24165962  0.24945094  0.22632340  0.06383712  0.00000000  0.00000000  0.00557692  0.14054413  0.14054413  0.17506257  0.16802634  
12_4_0     0.30646508  0.29804092  0.22632340  0.24945094  0.24945094  0.24165962  0.25732679  0.21130445  0.23395102  0.24165962  0.23395102  0.06992876  0.00557692  0.00557692  0.00000000  0.14731777  0.14731777  0.18216766  0.17506257  
17_4_0     0.24945094  0.23395102  0.21877509  0.22632340  0.24165962  0.23395102  0.23395102  0.21877509  0.21130445  0.21877509  0.21130445  0.18934297  0.14054413  0.14054413  0.14731777  0.00000000  0.00000000  0.06383712  0.06992876  
16_4_0     0.24945094  0.23395102  0.21877509  0.22632340  0.24165962  0.23395102  0.23395102  0.21877509  0.21130445  0.21877509  0.21130445  0.18934297  0.14054413  0.14054413  0.14731777  0.00000000  0.00000000  0.06383712  0.06992876  
16_5_0     0.28971339  0.25732679  0.21130445  0.24945094  0.24945094  0.25732679  0.24165962  0.21130445  0.20390990  0.19658990  0.20390990  0.19658990  0.17506257  0.17506257  0.18216766  0.06383712  0.06383712  0.00000000  0.01119701  
17_5_0     0.29804092  0.24945094  0.20390990  0.24165962  0.24165962  0.24945094  0.23395102  0.20390990  0.19658990  0.18934297  0.19658990  0.20390990  0.16802634  0.16802634  0.17506257  0.06992876  0.06992876  0.01119701  0.00000000  

