11
93_2_0     0.00000000  0.18103949  0.26208015  0.25498128  0.22724067  0.22724067  0.24794912  0.23408001  0.23408001  0.22724067  0.25498128  
93_0_0     0.18103949  0.00000000  0.36925908  0.36107298  0.27648317  0.27648317  0.30614854  0.29862122  0.31375236  0.30614854  0.31375236  
81_1_0     0.26208015  0.36925908  0.00000000  0.00504207  0.13151098  0.13151098  0.26208015  0.26208015  0.25498128  0.26208015  0.32143423  
80_1_0     0.25498128  0.36107298  0.00504207  0.00000000  0.12554420  0.12554420  0.25498128  0.25498128  0.24794912  0.25498128  0.31375236  
81_0_0     0.22724067  0.27648317  0.13151098  0.12554420  0.00000000  0.00000000  0.22724067  0.22046328  0.22724067  0.22046328  0.31375236  
80_0_0     0.22724067  0.27648317  0.13151098  0.12554420  0.00000000  0.00000000  0.22724067  0.22046328  0.22724067  0.22046328  0.31375236  
100_0_0    0.24794912  0.30614854  0.26208015  0.25498128  0.22724067  0.22724067  0.00000000  0.04665051  0.05201809  0.04665051  0.25498128  
91_0_0     0.23408001  0.29862122  0.26208015  0.25498128  0.22046328  0.22046328  0.04665051  0.00000000  0.02555713  0.02037540  0.25498128  
88_0_0     0.23408001  0.31375236  0.25498128  0.24794912  0.22724067  0.22724067  0.05201809  0.02555713  0.00000000  0.00504207  0.24794912  
95_0_0     0.22724067  0.30614854  0.26208015  0.25498128  0.22046328  0.22046328  0.04665051  0.02037540  0.00504207  0.00000000  0.25498128  
96_0_0     0.25498128  0.31375236  0.32143423  0.31375236  0.31375236  0.31375236  0.25498128  0.25498128  0.24794912  0.25498128  0.00000000  

