10
7_0_0      0.00000000  0.13543502  0.10938359  0.11452187  0.13543502  0.41496579  0.41496579  0.40730401  0.36291003  0.36291003  
9_0_0      0.13543502  0.00000000  0.18474099  0.18474099  0.18474099  0.44642173  0.44642173  0.41496579  0.39971983  0.39971983  
13_0_0     0.10938359  0.18474099  0.00000000  0.04092100  0.03163224  0.48769605  0.47091236  0.44642173  0.39971983  0.39971983  
14_1_0     0.11452187  0.18474099  0.04092100  0.00000000  0.03626222  0.47091236  0.47925718  0.46265950  0.39221170  0.39221170  
14_0_0     0.13543502  0.18474099  0.03163224  0.03626222  0.00000000  0.48769605  0.47925718  0.44642173  0.42270677  0.42270677  
6_0_0      0.41496579  0.44642173  0.48769605  0.47091236  0.48769605  0.00000000  0.13543502  0.13015172  0.12490544  0.12490544  
10_0_0     0.41496579  0.44642173  0.47091236  0.47925718  0.47925718  0.13543502  0.00000000  0.03626222  0.13015172  0.13015172  
4_0_0      0.40730401  0.41496579  0.44642173  0.46265950  0.44642173  0.13015172  0.03626222  0.00000000  0.11969566  0.11969566  
3_0_0      0.36291003  0.39971983  0.39971983  0.39221170  0.42270677  0.12490544  0.13015172  0.11969566  0.00000000  0.00000000  
8_0_0      0.36291003  0.39971983  0.39971983  0.39221170  0.42270677  0.12490544  0.13015172  0.11969566  0.00000000  0.00000000  

