fastme_mat.p : 0.650179386138916
fastme.f81 : 0.7353482246398926
ba.exp : 7.599968194961548
pipeline_dl4257503 : 10.157798051834106
