fastme_mat.p : 0.3430320929031372
fastme.f81 : 0.5043237602705956
ba.exp : 6.03977103640294
