family_091 : -inf
family_046 : -inf
family_030 : -inf
family_017 : -inf
family_028 : -inf
family_003 : 0.0
family_023 : 0.0
family_004 : 0.0
family_078 : 0.0625
family_021 : 0.071429
family_015 : 0.071429
family_045 : 0.076923
family_061 : 0.1
family_097 : 0.142857
family_049 : 0.153846
family_016 : 0.157895
family_085 : 0.166667
family_027 : 0.166667
family_007 : 0.176471
family_068 : 0.176471
family_037 : 0.2
family_071 : 0.214286
family_083 : 0.25
family_009 : 0.25
family_075 : 0.26087
family_034 : 0.263158
family_080 : 0.272727
family_090 : 0.294118
family_060 : 0.333333
family_010 : 0.333333
family_100 : 0.333333
family_092 : 0.333333
family_043 : 0.346154
family_089 : 0.352941
family_042 : 0.357143
family_036 : 0.363636
family_026 : 0.37037
family_048 : 0.375
family_081 : 0.37931
family_069 : 0.4
family_052 : 0.4
family_044 : 0.405405
family_096 : 0.411765
family_082 : 0.428571
family_076 : 0.4375
family_040 : 0.4375
family_013 : 0.441176
family_079 : 0.444444
family_070 : 0.444444
family_059 : 0.458333
family_035 : 0.461538
family_098 : 0.466667
family_066 : 0.473684
family_029 : 0.48
family_094 : 0.5
family_033 : 0.5
family_002 : 0.5
family_041 : 0.5
family_074 : 0.5
family_095 : 0.516129
family_025 : 0.521739
family_051 : 0.521739
family_054 : 0.538462
family_039 : 0.541667
family_072 : 0.543478
family_084 : 0.545455
family_086 : 0.548387
family_047 : 0.55
family_056 : 0.551724
family_067 : 0.551724
family_020 : 0.555556
family_019 : 0.571429
family_018 : 0.576923
family_014 : 0.580645
family_064 : 0.580645
family_093 : 0.583333
family_032 : 0.588235
family_087 : 0.590909
family_073 : 0.608696
family_001 : 0.611111
family_055 : 0.62069
family_062 : 0.634146
family_008 : 0.636364
family_022 : 0.666667
family_099 : 0.666667
family_024 : 0.666667
family_006 : 0.674419
family_050 : 0.684211
family_005 : 0.705882
family_057 : 0.709677
family_053 : 0.740741
family_012 : 0.74359
family_011 : 0.744681
family_065 : 0.745098
family_077 : 0.763158
family_031 : 0.782609
family_038 : 0.785714
family_088 : 0.796296
family_063 : 1.0
family_058 : 1.0
