family_091 : -inf
family_046 : -inf
family_030 : -inf
family_017 : -inf
family_028 : -inf
family_003 : 0.0
family_061 : 0.05
family_018 : 0.076923
family_057 : 0.096774
family_016 : 0.105263
family_069 : 0.125
family_014 : 0.129032
family_075 : 0.130435
family_067 : 0.137931
family_062 : 0.146341
family_026 : 0.148148
family_037 : 0.15
family_043 : 0.153846
family_034 : 0.157895
family_066 : 0.157895
family_093 : 0.166667
family_007 : 0.176471
family_020 : 0.185185
family_029 : 0.2
family_006 : 0.209302
family_042 : 0.214286
family_073 : 0.217391
family_072 : 0.217391
family_025 : 0.217391
family_053 : 0.222222
family_064 : 0.225806
family_087 : 0.227273
family_035 : 0.230769
family_011 : 0.234043
family_013 : 0.235294
family_081 : 0.241379
family_056 : 0.241379
family_094 : 0.25
family_001 : 0.25
family_083 : 0.25
family_065 : 0.254902
family_095 : 0.258065
family_012 : 0.269231
family_054 : 0.269231
family_080 : 0.272727
family_084 : 0.290909
family_090 : 0.294118
family_044 : 0.297297
family_051 : 0.304348
family_055 : 0.310345
family_050 : 0.315789
family_088 : 0.333333
family_060 : 0.333333
family_047 : 0.35
family_008 : 0.363636
family_096 : 0.411765
family_086 : 0.419355
family_077 : 0.421053
family_097 : 0.428571
family_078 : 0.4375
family_059 : 0.458333
family_039 : 0.458333
family_068 : 0.529412
family_031 : 0.565217
family_038 : 0.625
family_022 : 0.666667
family_021 : 0.714286
family_098 : 0.733333
family_010 : 0.833333
family_027 : 0.833333
family_100 : 0.833333
family_076 : 0.875
family_009 : 0.916667
family_019 : 0.928571
family_082 : 0.928571
family_024 : 0.933333
family_002 : 0.9375
family_040 : 0.9375
family_032 : 0.941176
family_033 : 1.0
family_085 : 1.0
family_089 : 1.0
family_079 : 1.0
family_063 : 1.0
family_048 : 1.0
family_052 : 1.0
family_023 : 1.0
family_004 : 1.0
family_070 : 1.0
family_099 : 1.0
family_071 : 1.0
family_005 : 1.0
family_041 : 1.0
family_015 : 1.0
family_092 : 1.0
family_049 : 1.0
family_074 : 1.0
family_058 : 1.0
family_045 : 1.0
family_036 : 1.0
