family_090 : 0.0
family_033 : 0.0
family_085 : 0.0
family_098 : 0.0
family_009 : 0.0
family_073 : 0.0
family_043 : 0.0
family_067 : 0.0
family_010 : 0.0
family_027 : 0.0
family_016 : 0.0
family_063 : 0.0
family_052 : 0.0
family_023 : 0.0
family_007 : 0.0
family_096 : 0.0
family_004 : 0.0
family_034 : 0.0
family_014 : 0.0
family_071 : 0.0
family_005 : 0.0
family_097 : 0.0
family_092 : 0.0
family_049 : 0.0
family_078 : 0.0
family_003 : 0.0
family_058 : 0.0
family_032 : 0.0
family_056 : 0.0
family_040 : 0.0
family_022 : 0.0
family_045 : 0.0
family_026 : 0.0
family_068 : 0.0
family_061 : 0.0
family_093 : 0.027778
family_042 : 0.035714
family_066 : 0.052632
family_013 : 0.058824
family_002 : 0.0625
family_064 : 0.064516
family_057 : 0.064516
family_060 : 0.066667
family_024 : 0.066667
family_021 : 0.071429
family_015 : 0.071429
family_035 : 0.076923
family_018 : 0.076923
family_029 : 0.08
family_001 : 0.083333
family_062 : 0.097561
family_037 : 0.1
family_074 : 0.1
family_055 : 0.103448
family_020 : 0.111111
family_079 : 0.111111
family_089 : 0.117647
family_048 : 0.125
family_041 : 0.125
family_069 : 0.125
family_076 : 0.125
family_011 : 0.12766
family_075 : 0.130435
family_025 : 0.130435
family_044 : 0.135135
family_080 : 0.136364
family_087 : 0.136364
family_065 : 0.137255
family_019 : 0.142857
family_054 : 0.153846
family_053 : 0.160494
family_095 : 0.16129
family_059 : 0.166667
family_100 : 0.166667
family_072 : 0.173913
family_047 : 0.175
family_036 : 0.181818
family_008 : 0.181818
family_006 : 0.186047
family_094 : 0.1875
family_081 : 0.206897
family_083 : 0.208333
family_012 : 0.230769
family_039 : 0.25
family_051 : 0.26087
family_084 : 0.272727
family_050 : 0.284211
family_082 : 0.285714
family_088 : 0.314815
family_086 : 0.322581
family_077 : 0.342105
family_031 : 0.347826
family_070 : 0.444444
family_038 : 0.607143
family_099 : 0.666667
family_091 : inf
family_046 : inf
family_030 : inf
family_017 : inf
family_028 : inf
