fastme.f81 : 0.44316601753234863
ba.exp : 24.06340479850769
pipeline_dl121873 : 41.1061806678772
raxml.f81 : 53.12501835823059
generax-spr-undateddtl-r5.f81 : 75.72488069534302
pipeline : 134.74725246429443
