fastme.f81 : 0.44316601753234863
ba.exp : 3.6651716232299805
pipeline_dl121873 : 5.465109825134277
raxml.f81 : 53.12501835823059
generax-spr-undateddtl-r5.f81 : 75.72488069534302
pipeline : 134.74725246429443
