fastme.f81 : 0.37987053027820583
ba.exp : 24.001604574448823
raxml.f81 : 53.06317530046916
generax-spr-undateddtl-r5.f81 : 75.7250485420227
