20
16_0_0     0.00000000  0.06817328  0.19652393  0.20021813  0.20393069  0.19284790  0.19284790  0.20393069  0.21896819  0.36531991  0.35613841  0.40809273  0.36531991  0.42791820  0.37930722  0.40809273  0.40809273  0.37461563  0.39837383  0.38877971  
17_0_0     0.06817328  0.00000000  0.21141161  0.21141161  0.19284790  0.19284790  0.19284790  0.20393069  0.21518035  0.39837383  0.37930722  0.41300001  0.36995331  0.42791820  0.38402846  0.39837383  0.39837383  0.39837383  0.40321748  0.40321748  
14_0_0     0.19652393  0.21141161  0.00000000  0.01719347  0.10964855  0.09987097  0.09987097  0.10964855  0.16055293  0.35158962  0.34257428  0.36531991  0.30756282  0.35613841  0.32486351  0.35613841  0.35613841  0.32486351  0.33810708  0.32050064  
18_0_0     0.20021813  0.21141161  0.01719347  0.00000000  0.10964855  0.10637512  0.10637512  0.11623875  0.16760993  0.34257428  0.34257428  0.36531991  0.31185059  0.34706835  0.32050064  0.34706835  0.34706835  0.32925201  0.34257428  0.31616310  
13_0_0     0.20393069  0.19284790  0.10964855  0.10964855  0.00000000  0.04675875  0.04675875  0.05586136  0.15704926  0.36531991  0.34706835  0.36531991  0.32925201  0.40809273  0.36071505  0.32486351  0.32486351  0.36071505  0.36531991  0.36531991  
19_0_0     0.19284790  0.19284790  0.09987097  0.10637512  0.04675875  0.00000000  0.00000000  0.00854728  0.15704926  0.33810708  0.32050064  0.36071505  0.32925201  0.39837383  0.36071505  0.34706835  0.34706835  0.34257428  0.35158962  0.35158962  
12_0_0     0.19284790  0.19284790  0.09987097  0.10637512  0.04675875  0.00000000  0.00000000  0.00854728  0.15704926  0.33810708  0.32050064  0.36071505  0.32925201  0.39837383  0.36071505  0.34706835  0.34706835  0.34257428  0.35158962  0.35158962  
20_0_0     0.20393069  0.20393069  0.10964855  0.11623875  0.05586136  0.00854728  0.00854728  0.00000000  0.16760993  0.34257428  0.32486351  0.37461563  0.34257428  0.40321748  0.36531991  0.35158962  0.35158962  0.35613841  0.35613841  0.36531991  
15_0_0     0.21896819  0.21518035  0.16055293  0.16760993  0.15704926  0.15704926  0.15704926  0.16760993  0.00000000  0.35613841  0.35158962  0.38402846  0.36995331  0.39356137  0.39837383  0.35158962  0.35158962  0.36531991  0.36995331  0.36995331  
7_0_0      0.36531991  0.39837383  0.35158962  0.34257428  0.36531991  0.33810708  0.33810708  0.34257428  0.35613841  0.00000000  0.01719347  0.12288758  0.17473421  0.17832199  0.12959612  0.15356195  0.15356195  0.11955577  0.13636542  0.11955577  
11_0_0     0.35613841  0.37930722  0.34257428  0.34257428  0.34706835  0.32050064  0.32050064  0.32486351  0.35158962  0.01719347  0.00000000  0.12623432  0.16760993  0.17116358  0.12288758  0.15356195  0.15356195  0.11293638  0.13636542  0.11293638  
10_0_0     0.40809273  0.41300001  0.36531991  0.36531991  0.36531991  0.36071505  0.36071505  0.37461563  0.38402846  0.12288758  0.12623432  0.00000000  0.23044830  0.22277533  0.20393069  0.24603474  0.24603474  0.17832199  0.19652393  0.16407310  
6_0_0      0.36531991  0.36995331  0.30756282  0.31185059  0.32925201  0.32925201  0.32925201  0.34257428  0.36995331  0.17473421  0.16760993  0.23044830  0.00000000  0.16760993  0.08069146  0.17473421  0.17116358  0.15704926  0.15704926  0.16407310  
9_0_0      0.42791820  0.42791820  0.35613841  0.34706835  0.40809273  0.39837383  0.39837383  0.40321748  0.39356137  0.17832199  0.17116358  0.22277533  0.16760993  0.00000000  0.11623875  0.19652393  0.20021813  0.18918986  0.18192708  0.18192708  
1_0_0      0.37930722  0.38402846  0.32486351  0.32050064  0.36071505  0.36071505  0.36071505  0.36531991  0.39837383  0.12959612  0.12288758  0.20393069  0.08069146  0.11623875  0.00000000  0.14319662  0.13977321  0.13297310  0.13297310  0.12623432  
2_0_0      0.40809273  0.39837383  0.35613841  0.34706835  0.32486351  0.34706835  0.34706835  0.35158962  0.35158962  0.15356195  0.15356195  0.24603474  0.17473421  0.19652393  0.14319662  0.00000000  0.00283824  0.17116358  0.17832199  0.17473421  
8_0_0      0.40809273  0.39837383  0.35613841  0.34706835  0.32486351  0.34706835  0.34706835  0.35158962  0.35158962  0.15356195  0.15356195  0.24603474  0.17116358  0.20021813  0.13977321  0.00283824  0.00000000  0.17116358  0.17832199  0.17473421  
4_0_0      0.37461563  0.39837383  0.32486351  0.32925201  0.36071505  0.34257428  0.34257428  0.35613841  0.36531991  0.11955577  0.11293638  0.17832199  0.15704926  0.18918986  0.13297310  0.17116358  0.17116358  0.00000000  0.02594087  0.03479190  
3_0_0      0.39837383  0.40321748  0.33810708  0.34257428  0.36531991  0.35158962  0.35158962  0.35613841  0.36995331  0.13636542  0.13636542  0.19652393  0.15704926  0.18192708  0.13297310  0.17832199  0.17832199  0.02594087  0.00000000  0.04978065  
5_0_0      0.38877971  0.40321748  0.32050064  0.31616310  0.36531991  0.35158962  0.35158962  0.36531991  0.36995331  0.11955577  0.11293638  0.16407310  0.16407310  0.18192708  0.12623432  0.17473421  0.17473421  0.03479190  0.04978065  0.00000000  

