20
16_0_0     0.00000000  0.30812308  0.33166947  0.30812308  0.41383613  0.42055225  0.42055225  0.41383613  0.42055225  0.41383613  0.40718056  0.40718056  0.40718056  0.41383613  0.45508106  0.45508106  0.45508106  0.47660109  0.47660109  0.49130438  
6_0_0      0.30812308  0.00000000  0.07633274  0.13810200  0.39404676  0.39404676  0.38756646  0.39404676  0.40058446  0.34983558  0.36846001  0.38756646  0.38756646  0.38114254  0.42055225  0.42055225  0.42055225  0.40058446  0.40058446  0.42055225  
14_0_0     0.33166947  0.07633274  0.00000000  0.13351436  0.40718056  0.38756646  0.38756646  0.39404676  0.40058446  0.38756646  0.40718056  0.40718056  0.40718056  0.40058446  0.42733002  0.42733002  0.41383613  0.39404676  0.39404676  0.40718056  
15_0_0     0.30812308  0.13810200  0.13351436  0.00000000  0.41383613  0.42055225  0.42055225  0.42733002  0.43417060  0.38756646  0.40058446  0.38114254  0.38114254  0.37477404  0.40718056  0.40718056  0.39404676  0.42733002  0.42733002  0.42733002  
20_0_0     0.41383613  0.39404676  0.40718056  0.41383613  0.00000000  0.13351436  0.12895505  0.12442372  0.12895505  0.13810200  0.14271832  0.29662565  0.29094339  0.29094339  0.30235198  0.30235198  0.30235198  0.31393965  0.31393965  0.30235198  
5_0_0      0.42055225  0.39404676  0.38756646  0.42055225  0.13351436  0.00000000  0.01933496  0.01542725  0.01933496  0.09346011  0.08484675  0.29094339  0.28530454  0.29662565  0.30235198  0.30235198  0.29662565  0.31980241  0.31980241  0.31393965  
10_0_0     0.42055225  0.38756646  0.38756646  0.42055225  0.12895505  0.01933496  0.00000000  0.00382669  0.00767333  0.09780476  0.08914087  0.27970842  0.27415441  0.28530454  0.30235198  0.30235198  0.30235198  0.30235198  0.30235198  0.30812308  
12_0_0     0.41383613  0.39404676  0.39404676  0.42733002  0.12442372  0.01542725  0.00382669  0.00000000  0.00382669  0.09346011  0.08484675  0.27415441  0.26864187  0.27970842  0.29662565  0.29662565  0.29662565  0.30812308  0.30812308  0.31393965  
4_0_0      0.42055225  0.40058446  0.40058446  0.43417060  0.12895505  0.01933496  0.00767333  0.00382669  0.00000000  0.08914087  0.08057747  0.27970842  0.27415441  0.28530454  0.29094339  0.29094339  0.29094339  0.31393965  0.31393965  0.30812308  
17_0_0     0.41383613  0.34983558  0.38756646  0.38756646  0.13810200  0.09346011  0.09780476  0.09346011  0.08914087  0.00000000  0.01542725  0.29094339  0.28530454  0.29094339  0.30235198  0.30235198  0.29662565  0.27970842  0.27970842  0.29094339  
11_0_0     0.40718056  0.36846001  0.40718056  0.40058446  0.14271832  0.08484675  0.08914087  0.08484675  0.08057747  0.01542725  0.00000000  0.27970842  0.27415441  0.28530454  0.29094339  0.29094339  0.28530454  0.29094339  0.29094339  0.29094339  
1_0_0      0.40718056  0.38756646  0.40718056  0.38114254  0.29662565  0.29094339  0.27970842  0.27415441  0.27970842  0.29094339  0.27970842  0.00000000  0.00382669  0.00382669  0.29662565  0.29662565  0.29094339  0.31393965  0.31393965  0.33767531  
3_0_0      0.40718056  0.38756646  0.40718056  0.38114254  0.29094339  0.28530454  0.27415441  0.26864187  0.27415441  0.28530454  0.27415441  0.00382669  0.00000000  0.00767333  0.30235198  0.30235198  0.29662565  0.31980241  0.31980241  0.34373041  
2_0_0      0.41383613  0.38114254  0.40058446  0.37477404  0.29094339  0.29662565  0.28530454  0.27970842  0.28530454  0.29094339  0.28530454  0.00382669  0.00767333  0.00000000  0.30235198  0.30235198  0.29662565  0.31393965  0.31393965  0.34373041  
13_0_0     0.45508106  0.42055225  0.42733002  0.40718056  0.30235198  0.30235198  0.30235198  0.29662565  0.29094339  0.30235198  0.29094339  0.29662565  0.30235198  0.30235198  0.00000000  0.00000000  0.01154011  0.19549960  0.19549960  0.17103940  
9_0_0      0.45508106  0.42055225  0.42733002  0.40718056  0.30235198  0.30235198  0.30235198  0.29662565  0.29094339  0.30235198  0.29094339  0.29662565  0.30235198  0.30235198  0.00000000  0.00000000  0.01154011  0.19549960  0.19549960  0.17103940  
7_0_0      0.45508106  0.42055225  0.41383613  0.39404676  0.30235198  0.29662565  0.30235198  0.29662565  0.29094339  0.29662565  0.28530454  0.29094339  0.29662565  0.29662565  0.01154011  0.01154011  0.00000000  0.18072645  0.18072645  0.15674306  
8_0_0      0.47660109  0.40058446  0.39404676  0.42733002  0.31393965  0.31980241  0.30235198  0.30812308  0.31393965  0.27970842  0.29094339  0.31393965  0.31980241  0.31393965  0.19549960  0.19549960  0.18072645  0.00000000  0.00000000  0.13810200  
18_0_0     0.47660109  0.40058446  0.39404676  0.42733002  0.31393965  0.31980241  0.30235198  0.30812308  0.31393965  0.27970842  0.29094339  0.31393965  0.31980241  0.31393965  0.19549960  0.19549960  0.18072645  0.00000000  0.00000000  0.13810200  
19_0_0     0.49130438  0.42055225  0.40718056  0.42733002  0.30235198  0.31393965  0.30812308  0.31393965  0.30812308  0.29094339  0.29094339  0.33767531  0.34373041  0.34373041  0.17103940  0.17103940  0.15674306  0.13810200  0.13810200  0.00000000  

