20
16_0_0     0.00000000  0.44246266  0.48933339  0.44698931  0.42161602  0.42658221  0.38001332  0.38001332  0.38747962  0.45357938  0.40433080  0.51524327  0.50580220  0.50142834  0.58040874  0.58040874  0.58291882  0.53022588  0.52078521  0.48991933  
6_0_0      0.44246266  0.00000000  0.18918360  0.17644297  0.45561579  0.43597258  0.43597258  0.45322716  0.44452540  0.45108925  0.46880250  0.41564398  0.41564398  0.42021372  0.56251841  0.56251841  0.57597362  0.58522842  0.59647616  0.52733876  
14_0_0     0.48933339  0.18918360  0.00000000  0.19318850  0.46228092  0.46439382  0.48242647  0.49169286  0.48242647  0.46228092  0.46228092  0.39814194  0.39814194  0.40275546  0.52512794  0.52512794  0.53712309  0.57597362  0.54468639  0.53956961  
15_0_0     0.44698931  0.17644297  0.19318850  0.00000000  0.43017067  0.39976087  0.39976087  0.39976087  0.40763932  0.44698931  0.40595872  0.36213068  0.35493313  0.35950357  0.55220010  0.55220010  0.56532539  0.61976091  0.60798292  0.54735768  
20_0_0     0.42161602  0.45561579  0.46228092  0.43017067  0.00000000  0.15034230  0.13563325  0.14539102  0.14048832  0.19659737  0.20758937  0.43398248  0.42564381  0.43017067  0.39976238  0.39976238  0.40898864  0.42196898  0.39814194  0.41851306  
5_0_0      0.42658221  0.43597258  0.46439382  0.39976087  0.15034230  0.00000000  0.02745836  0.03558895  0.03150711  0.10859305  0.11798418  0.43597258  0.42756370  0.42377896  0.42487138  0.42487138  0.42658221  0.46656758  0.44045735  0.43661811  
10_0_0     0.38001332  0.43597258  0.48242647  0.39976087  0.13563325  0.02745836  0.00000000  0.00769250  0.00383145  0.10396286  0.11326655  0.41929398  0.41115890  0.40763932  0.39359523  0.39359523  0.39505917  0.44901006  0.42377896  0.42021372  
12_0_0     0.38001332  0.45322716  0.49169286  0.39976087  0.14539102  0.03558895  0.00769250  0.00000000  0.00383145  0.11326655  0.12274677  0.41115890  0.40315414  0.39976087  0.39359523  0.39359523  0.39505917  0.44901006  0.42377896  0.42021372  
4_0_0      0.38747962  0.44452540  0.48242647  0.40763932  0.14048832  0.03150711  0.00383145  0.00383145  0.00000000  0.10859305  0.11798418  0.41929398  0.41115890  0.40763932  0.38607278  0.38607278  0.38747962  0.44045735  0.41564398  0.41220916  
17_0_0     0.45357938  0.45108925  0.46228092  0.44698931  0.19659737  0.10859305  0.10396286  0.11326655  0.10859305  0.00000000  0.03970439  0.41744201  0.40937267  0.40595872  0.40745859  0.40745859  0.40898864  0.49169286  0.48242647  0.46900651  
11_0_0     0.40433080  0.46880250  0.46228092  0.40595872  0.20758937  0.11798418  0.11326655  0.12274677  0.11798418  0.03970439  0.00000000  0.40143157  0.39361469  0.39044556  0.44782490  0.44782490  0.44968413  0.43017067  0.43850924  0.46900651  
1_0_0      0.51524327  0.41564398  0.39814194  0.36213068  0.43398248  0.43597258  0.41929398  0.41115890  0.41929398  0.41744201  0.40143157  0.00000000  0.00383145  0.01543071  0.39976087  0.39976087  0.40937267  0.38311557  0.39087192  0.34604318  
3_0_0      0.50580220  0.41564398  0.39814194  0.35493313  0.42564381  0.42756370  0.41115890  0.40315414  0.41115890  0.40937267  0.39361469  0.00383145  0.00000000  0.01153962  0.39200471  0.39200471  0.40143157  0.37547779  0.38311557  0.33894768  
2_0_0      0.50142834  0.42021372  0.40275546  0.35950357  0.43017067  0.42377896  0.40763932  0.39976087  0.40763932  0.40595872  0.39044556  0.01543071  0.01153962  0.00000000  0.38751935  0.38751935  0.39698751  0.38311557  0.39087192  0.33462209  
13_0_0     0.58040874  0.56251841  0.52512794  0.55220010  0.39976238  0.42487138  0.39359523  0.39359523  0.38607278  0.40745859  0.44782490  0.39976087  0.39200471  0.38751935  0.00000000  0.00000000  0.00767417  0.25617863  0.25004149  0.18173513  
9_0_0      0.58040874  0.56251841  0.52512794  0.55220010  0.39976238  0.42487138  0.39359523  0.39359523  0.38607278  0.40745859  0.44782490  0.39976087  0.39200471  0.38751935  0.00000000  0.00000000  0.00767417  0.25617863  0.25004149  0.18173513  
7_0_0      0.58291882  0.57597362  0.53712309  0.56532539  0.40898864  0.42658221  0.39505917  0.39505917  0.38747962  0.40898864  0.44968413  0.40937267  0.40143157  0.39698751  0.00767417  0.00767417  0.00000000  0.26350078  0.25724843  0.18775239  
8_0_0      0.53022588  0.58522842  0.57597362  0.61976091  0.42196898  0.46656758  0.44901006  0.44901006  0.44045735  0.49169286  0.43017067  0.38311557  0.37547779  0.38311557  0.25617863  0.25617863  0.26350078  0.00000000  0.01158361  0.17372457  
18_0_0     0.52078521  0.59647616  0.54468639  0.60798292  0.39814194  0.44045735  0.42377896  0.42377896  0.41564398  0.48242647  0.43850924  0.39087192  0.38311557  0.39087192  0.25004149  0.25004149  0.25724843  0.01158361  0.00000000  0.16843233  
19_0_0     0.48991933  0.52733876  0.53956961  0.54735768  0.41851306  0.43661811  0.42021372  0.42021372  0.41220916  0.46900651  0.46900651  0.34604318  0.33894768  0.33462209  0.18173513  0.18173513  0.18775239  0.17372457  0.16843233  0.00000000  

