20
16_0_0     0.00000000  0.32128355  0.29810655  0.35608766  0.48977206  0.48554537  0.51323066  0.51323066  0.51323066  0.51323066  0.52525638  0.48071244  0.48762458  0.47665186  0.61378199  0.61378199  0.59161147  0.59963706  0.58879882  0.49362555  
6_0_0      0.32128355  0.00000000  0.12771702  0.16012650  0.36928021  0.44054871  0.44914263  0.44914263  0.44914263  0.41216051  0.39805822  0.41115703  0.41745011  0.41563055  0.58770561  0.58770561  0.61041219  0.50840639  0.51799441  0.47386456  
14_0_0     0.29810655  0.12771702  0.00000000  0.15554298  0.35164215  0.37821360  0.38581515  0.38581515  0.38581515  0.39033969  0.37670903  0.35890952  0.36479455  0.36335324  0.54793035  0.54793035  0.56894732  0.48284309  0.49198811  0.44974971  
15_0_0     0.35608766  0.16012650  0.15554298  0.00000000  0.37385404  0.43210199  0.42379751  0.42379751  0.42379751  0.41216051  0.41386740  0.43210199  0.43857399  0.43665910  0.57085520  0.57085520  0.59255422  0.55274139  0.56313427  0.45266180  
20_0_0     0.48977206  0.36928021  0.35164215  0.37385404  0.00000000  0.18341267  0.18884642  0.18884642  0.18884642  0.19835621  0.20469701  0.38909969  0.39082077  0.38909969  0.50368125  0.50368125  0.48504104  0.50612767  0.51581458  0.45369481  
5_0_0      0.48554537  0.44054871  0.37821360  0.43210199  0.18341267  0.00000000  0.01158540  0.01158540  0.01158540  0.06903274  0.07811731  0.39259456  0.39442123  0.38474706  0.46243855  0.46243855  0.44510340  0.43020018  0.43020018  0.36196162  
10_0_0     0.51323066  0.44914263  0.38581515  0.42379751  0.18884642  0.01158540  0.00000000  0.00000000  0.00000000  0.06469630  0.08259178  0.40056895  0.40246171  0.39259456  0.44510340  0.44510340  0.42835695  0.43020018  0.43020018  0.36196162  
12_0_0     0.51323066  0.44914263  0.38581515  0.42379751  0.18884642  0.01158540  0.00000000  0.00000000  0.00000000  0.06469630  0.08259178  0.40056895  0.40246171  0.39259456  0.44510340  0.44510340  0.42835695  0.43020018  0.43020018  0.36196162  
4_0_0      0.51323066  0.44914263  0.38581515  0.42379751  0.18884642  0.01158540  0.00000000  0.00000000  0.00000000  0.06469630  0.08259178  0.40056895  0.40246171  0.39259456  0.44510340  0.44510340  0.42835695  0.43020018  0.43020018  0.36196162  
17_0_0     0.51323066  0.41216051  0.39033969  0.41216051  0.19835621  0.06903274  0.06469630  0.06469630  0.06469630  0.00000000  0.03140448  0.42963773  0.43170064  0.42125917  0.48504104  0.48504104  0.48504104  0.44317526  0.44317526  0.40425749  
11_0_0     0.52525638  0.39805822  0.37670903  0.41386740  0.20469701  0.07811731  0.08259178  0.08259178  0.08259178  0.03140448  0.00000000  0.42324908  0.42529625  0.41493992  0.50612767  0.50612767  0.50612767  0.46243855  0.46243855  0.42196618  
1_0_0      0.48071244  0.41115703  0.35890952  0.43210199  0.38909969  0.39259456  0.40056895  0.40056895  0.40056895  0.42963773  0.42324908  0.00000000  0.00767441  0.00767892  0.41493992  0.41493992  0.39873014  0.36192707  0.34728001  0.30031932  
3_0_0      0.48762458  0.41745011  0.36479455  0.43857399  0.39082077  0.39442123  0.40246171  0.40246171  0.40246171  0.43170064  0.42529625  0.00767441  0.00000000  0.00767441  0.42529625  0.42529625  0.40867441  0.37105759  0.35607493  0.30816950  
2_0_0      0.47665186  0.41563055  0.36335324  0.43665910  0.38909969  0.38474706  0.39259456  0.39259456  0.39259456  0.42125917  0.41493992  0.00767892  0.00767441  0.00000000  0.42324908  0.42324908  0.40676844  0.36941702  0.35454917  0.30695367  
13_0_0     0.61378199  0.58770561  0.54793035  0.57085520  0.50368125  0.46243855  0.44510340  0.44510340  0.44510340  0.48504104  0.50612767  0.41493992  0.42529625  0.42324908  0.00000000  0.00000000  0.00769328  0.22964929  0.24171473  0.20725594  
9_0_0      0.61378199  0.58770561  0.54793035  0.57085520  0.50368125  0.46243855  0.44510340  0.44510340  0.44510340  0.48504104  0.50612767  0.41493992  0.42529625  0.42324908  0.00000000  0.00000000  0.00769328  0.22964929  0.24171473  0.20725594  
7_0_0      0.59161147  0.61041219  0.56894732  0.59255422  0.48504104  0.44510340  0.42835695  0.42835695  0.42835695  0.48504104  0.50612767  0.39873014  0.40867441  0.40676844  0.00769328  0.00769328  0.00000000  0.22964929  0.24171473  0.20725594  
8_0_0      0.59963706  0.50840639  0.48284309  0.55274139  0.50612767  0.43020018  0.43020018  0.43020018  0.43020018  0.44317526  0.46243855  0.36192707  0.37105759  0.36941702  0.22964929  0.22964929  0.22964929  0.00000000  0.00769328  0.13971373  
18_0_0     0.58879882  0.51799441  0.49198811  0.56313427  0.51581458  0.43020018  0.43020018  0.43020018  0.43020018  0.44317526  0.46243855  0.34728001  0.35607493  0.35454917  0.24171473  0.24171473  0.24171473  0.00769328  0.00000000  0.13971373  
19_0_0     0.49362555  0.47386456  0.44974971  0.45266180  0.45369481  0.36196162  0.36196162  0.36196162  0.36196162  0.40425749  0.42196618  0.30031932  0.30816950  0.30695367  0.20725594  0.20725594  0.20725594  0.13971373  0.13971373  0.00000000  

