fastme_mat.p : 3.207221031188965
fastme.f81 : 4.771313667297363
ba.exp : 30.6845805644989
pipeline_dl9481423 : 39.496936559677124
