fastme_mat.p : 0.9846753521196843
fastme.f81 : 2.188739558978319
ba.exp : 14.587701293714048
