18
2_12_0     0.00000000  0.01363782  0.16163160  0.16584222  0.14914095  0.14502360  0.62400233  0.69793603  0.70662375  0.70662375  0.71541419  0.66416601  0.67246582  0.71541419  0.71541419  0.65595784  0.65595784  0.66416601  
1_12_0     0.01363782  0.00000000  0.17433568  0.17861907  0.16163160  0.15744469  0.62400233  0.69793603  0.70662375  0.70662375  0.71541419  0.66416601  0.67246582  0.71541419  0.71541419  0.64783928  0.64783928  0.65595784  
1_14_0     0.16163160  0.17433568  0.00000000  0.03812301  0.02753048  0.04526948  0.63980842  0.69793603  0.72430979  0.70662375  0.68085932  0.64783928  0.67246582  0.67246582  0.67246582  0.58589745  0.57118598  0.57850533  
2_14_0     0.16584222  0.17861907  0.03812301  0.00000000  0.04526948  0.04886863  0.66416601  0.70662375  0.75165356  0.69793603  0.68934865  0.63980842  0.68085932  0.68085932  0.68085932  0.57850533  0.56393798  0.57118598  
2_7_0      0.14914095  0.16163160  0.02753048  0.04526948  0.00000000  0.03104458  0.61622352  0.68934865  0.69793603  0.68085932  0.65595784  0.62400233  0.64783928  0.66416601  0.66416601  0.56393798  0.54965055  0.57118598  
1_7_0      0.14502360  0.15744469  0.04526948  0.04886863  0.03104458  0.00000000  0.59336380  0.73331311  0.74242679  0.72430979  0.69793603  0.66416601  0.68934865  0.70662375  0.70662375  0.55675995  0.55675995  0.56393798  
3_0_0      0.62400233  0.62400233  0.63980842  0.66416601  0.61622352  0.59336380  0.00000000  0.27969475  0.26991678  0.26991678  0.26991678  0.26991678  0.27478969  0.27969475  0.28960301  0.50836520  0.50836520  0.48855152  
1_9_0      0.69793603  0.69793603  0.69793603  0.70662375  0.68934865  0.73331311  0.27969475  0.00000000  0.02403290  0.03812301  0.03104458  0.05248530  0.03457537  0.10117653  0.10117653  0.47562979  0.46292878  0.48206258  
2_9_0      0.70662375  0.70662375  0.72430979  0.75165356  0.69793603  0.74242679  0.26991678  0.02403290  0.00000000  0.04886863  0.04168766  0.06344205  0.04526948  0.12078709  0.12078709  0.47562979  0.46292878  0.48206258  
1_10_0     0.70662375  0.70662375  0.70662375  0.69793603  0.68085932  0.72430979  0.26991678  0.03812301  0.04886863  0.00000000  0.01363782  0.04168766  0.02403290  0.10895880  0.10895880  0.47562979  0.46292878  0.48206258  
2_10_0     0.71541419  0.71541419  0.68085932  0.68934865  0.65595784  0.69793603  0.26991678  0.03104458  0.04168766  0.01363782  0.00000000  0.03457537  0.01708673  0.10117653  0.10117653  0.46292878  0.45044110  0.46925217  
2_11_0     0.66416601  0.66416601  0.64783928  0.63980842  0.62400233  0.66416601  0.26991678  0.05248530  0.06344205  0.04168766  0.03457537  0.00000000  0.01708673  0.12477204  0.11682338  0.47562979  0.46292878  0.48206258  
1_11_0     0.67246582  0.67246582  0.67246582  0.68085932  0.64783928  0.68934865  0.27478969  0.03457537  0.04526948  0.02403290  0.01708673  0.01708673  0.00000000  0.10505748  0.10505748  0.48206258  0.46925217  0.48855152  
2_8_0      0.71541419  0.71541419  0.67246582  0.68085932  0.66416601  0.70662375  0.27969475  0.10117653  0.12078709  0.10895880  0.10117653  0.12477204  0.10505748  0.00000000  0.02055170  0.47562979  0.46292878  0.48206258  
1_8_0      0.71541419  0.71541419  0.67246582  0.68085932  0.66416601  0.70662375  0.28960301  0.10117653  0.12078709  0.10895880  0.10117653  0.11682338  0.10505748  0.02055170  0.00000000  0.49509759  0.48206258  0.50170180  
2_15_0     0.65595784  0.64783928  0.58589745  0.57850533  0.56393798  0.55675995  0.50836520  0.47562979  0.47562979  0.47562979  0.46292878  0.47562979  0.48206258  0.47562979  0.49509759  0.00000000  0.00678764  0.04168766  
2_6_0      0.65595784  0.64783928  0.57118598  0.56393798  0.54965055  0.55675995  0.50836520  0.46292878  0.46292878  0.46292878  0.45044110  0.46292878  0.46925217  0.46292878  0.48206258  0.00678764  0.00000000  0.04168766  
1_6_0      0.66416601  0.65595784  0.57850533  0.57118598  0.57118598  0.56393798  0.48855152  0.48206258  0.48206258  0.48206258  0.46925217  0.48206258  0.48855152  0.48206258  0.50170180  0.04168766  0.04168766  0.00000000  

