20
14_0_0     0.00000000  0.01791268  0.17921270  0.12495914  0.12495914  0.11456680  0.16804140  0.30123342  0.29463379  0.38535493  0.38535493  0.34914363  0.41564675  0.37065860  0.36341770  0.34914363  0.39281324  0.40795758  0.40034694  0.37797054  
18_0_0     0.01791268  0.00000000  0.18486179  0.13549846  0.13549846  0.12495914  0.15703509  0.28160732  0.29463379  0.39281324  0.39281324  0.37065860  0.43126728  0.39281324  0.37065860  0.35624649  0.38535493  0.40034694  0.39281324  0.37065860  
13_0_0     0.17921270  0.18486179  0.00000000  0.11974486  0.11974486  0.10942448  0.22565189  0.34210783  0.34914363  0.39281324  0.39281324  0.38535493  0.46352631  0.40795758  0.37797054  0.36341770  0.36341770  0.43920207  0.43126728  0.39281324  
20_0_0     0.12495914  0.13549846  0.11974486  0.00000000  0.00890252  0.01791268  0.19055402  0.30789202  0.32823242  0.35624649  0.35624649  0.38535493  0.42341609  0.40795758  0.34210783  0.38535493  0.40034694  0.43126728  0.40795758  0.40034694  
19_0_0     0.12495914  0.13549846  0.11974486  0.00890252  0.00000000  0.00890252  0.17921270  0.29463379  0.31461066  0.35624649  0.35624649  0.37065860  0.40795758  0.40795758  0.34210783  0.38535493  0.40034694  0.43126728  0.40795758  0.40034694  
12_0_0     0.11456680  0.12495914  0.10942448  0.01791268  0.00890252  0.00000000  0.16804140  0.29463379  0.30123342  0.34914363  0.34914363  0.35624649  0.42341609  0.42341609  0.35624649  0.37065860  0.38535493  0.41564675  0.39281324  0.38535493  
15_0_0     0.16804140  0.15703509  0.22565189  0.19055402  0.17921270  0.16804140  0.00000000  0.23166568  0.23772839  0.37797054  0.37797054  0.34210783  0.34210783  0.34914363  0.32823242  0.30123342  0.30123342  0.32823242  0.32139042  0.28809209  
17_0_0     0.30123342  0.28160732  0.34210783  0.30789202  0.29463379  0.29463379  0.23166568  0.00000000  0.06467383  0.43126728  0.43126728  0.39281324  0.40034694  0.40034694  0.39281324  0.41564675  0.38535493  0.37797054  0.37065860  0.34914363  
16_0_0     0.29463379  0.29463379  0.34914363  0.32823242  0.31461066  0.30123342  0.23772839  0.06467383  0.00000000  0.43920207  0.43920207  0.41564675  0.38535493  0.44722225  0.43920207  0.43920207  0.41564675  0.39281324  0.38535493  0.37797054  
2_0_0      0.38535493  0.39281324  0.39281324  0.35624649  0.35624649  0.34914363  0.37797054  0.43126728  0.43920207  0.00000000  0.00000000  0.19055402  0.23772839  0.23772839  0.20789635  0.21968625  0.23772839  0.23166568  0.21376798  0.22565189  
8_0_0      0.38535493  0.39281324  0.39281324  0.35624649  0.35624649  0.34914363  0.37797054  0.43126728  0.43920207  0.00000000  0.00000000  0.19055402  0.23772839  0.23772839  0.20789635  0.21968625  0.23772839  0.23166568  0.21376798  0.22565189  
6_0_0      0.34914363  0.37065860  0.38535493  0.38535493  0.37065860  0.35624649  0.34210783  0.39281324  0.41564675  0.19055402  0.19055402  0.00000000  0.17360612  0.15159230  0.21376798  0.20789635  0.21376798  0.17360612  0.16804140  0.16804140  
9_0_0      0.41564675  0.43126728  0.46352631  0.42341609  0.40795758  0.42341609  0.34210783  0.40034694  0.38535493  0.23772839  0.23772839  0.17360612  0.00000000  0.15159230  0.19629007  0.23166568  0.24384084  0.17921270  0.17360612  0.17360612  
1_0_0      0.37065860  0.39281324  0.40795758  0.40795758  0.40795758  0.42341609  0.34914363  0.40034694  0.44722225  0.23772839  0.23772839  0.15159230  0.15159230  0.00000000  0.18486179  0.17360612  0.19055402  0.20207061  0.19629007  0.19629007  
4_0_0      0.36341770  0.37065860  0.37797054  0.34210783  0.34210783  0.35624649  0.32823242  0.39281324  0.43920207  0.20789635  0.20789635  0.21376798  0.19629007  0.18486179  0.00000000  0.06467383  0.09420704  0.15159230  0.14618898  0.15703509  
3_0_0      0.34914363  0.35624649  0.36341770  0.38535493  0.38535493  0.37065860  0.30123342  0.41564675  0.43920207  0.21968625  0.21968625  0.20789635  0.23166568  0.17360612  0.06467383  0.00000000  0.06951547  0.14618898  0.14082455  0.14618898  
5_0_0      0.39281324  0.38535493  0.36341770  0.40034694  0.40034694  0.38535493  0.30123342  0.38535493  0.41564675  0.23772839  0.23772839  0.21376798  0.24384084  0.19055402  0.09420704  0.06951547  0.00000000  0.20207061  0.19629007  0.17360612  
7_0_0      0.40795758  0.40034694  0.43920207  0.43126728  0.43126728  0.41564675  0.32823242  0.37797054  0.39281324  0.23166568  0.23166568  0.17360612  0.17921270  0.20207061  0.15159230  0.14618898  0.20207061  0.00000000  0.01339399  0.03163554  
11_0_0     0.40034694  0.39281324  0.43126728  0.40795758  0.40795758  0.39281324  0.32139042  0.37065860  0.38535493  0.21376798  0.21376798  0.16804140  0.17360612  0.19629007  0.14618898  0.14082455  0.19629007  0.01339399  0.00000000  0.02703312  
10_0_0     0.37797054  0.37065860  0.39281324  0.40034694  0.40034694  0.38535493  0.28809209  0.34914363  0.37797054  0.22565189  0.22565189  0.16804140  0.17360612  0.19629007  0.15703509  0.14618898  0.17360612  0.03163554  0.02703312  0.00000000  

