151
45_0_0     0.00000000  0.06038654  0.10917515  0.11763120  0.14359959  0.31111405  0.32226617  0.34509159  0.49930682  0.48514434  0.49930682  0.43107668  0.40546554  0.40546554  0.41815949  0.43107668  0.47124977  0.47124977  0.44422509  0.43107668  0.44422509  0.41815949  0.44422509  0.38071738  0.45761315  0.48514434  0.48514434  0.45761315  0.45761315  0.45761315  0.41815949  0.43107668  0.51374773  0.44422509  0.44422509  0.44422509  0.49930682  0.49930682  0.47124977  0.49930682  0.47124977  0.49930682  0.52847825  0.33359023  0.35677592  0.35677592  0.38071738  0.47124977  0.47124977  0.47124977  0.48514434  0.49930682  0.38071738  0.41815949  0.57452978  0.52847825  0.44422509  0.40546554  0.43107668  0.43107668  0.41815949  0.40546554  0.40546554  0.40546554  0.48514434  0.48514434  0.49930682  0.47124977  0.49930682  0.47124977  0.48514434  0.44422509  0.40546554  0.49930682  0.51374773  0.48514434  0.52847825  0.51374773  0.44422509  0.51374773  0.48514434  0.48514434  0.51374773  0.52847825  0.48514434  0.49930682  0.49930682  0.48514434  0.51374773  0.51374773  0.49930682  0.45761315  0.45761315  0.44422509  0.45761315  0.45761315  0.45761315  0.51374773  0.39298724  0.49930682  0.41815949  0.49930682  0.57452978  0.52847825  0.36864911  0.40546554  0.40546554  0.55885628  0.54351024  0.54351024  0.47124977  0.57452978  0.52847825  0.51374773  0.49930682  0.59054503  0.44422509  0.44422509  0.41815949  0.44422509  0.44422509  0.44422509  0.41815949  0.48514434  0.54351024  0.54351024  0.52847825  0.52847825  0.48514434  0.48514434  0.49930682  0.54351024  0.55885628  0.57452978  0.59054503  0.43107668  0.44422509  0.45761315  0.44422509  0.41815949  0.52847825  0.55885628  0.62366273  0.51374773  0.49930682  0.52847825  0.43107668  0.36864911  0.40546554  0.41815949  0.39298724  
62_0_0     0.06038654  0.00000000  0.10917515  0.13484106  0.14359959  0.32226617  0.33359023  0.36864911  0.43107668  0.41815949  0.43107668  0.41815949  0.39298724  0.39298724  0.35677592  0.36864911  0.45761315  0.48514434  0.43107668  0.44422509  0.44422509  0.41815949  0.44422509  0.38071738  0.45761315  0.45761315  0.45761315  0.43107668  0.43107668  0.51374773  0.41815949  0.43107668  0.54351024  0.47124977  0.47124977  0.47124977  0.49930682  0.49930682  0.47124977  0.47124977  0.44422509  0.49930682  0.49930682  0.32226617  0.34509159  0.35677592  0.38071738  0.47124977  0.49930682  0.49930682  0.49930682  0.51374773  0.41815949  0.45761315  0.54351024  0.52847825  0.48514434  0.41815949  0.41815949  0.39298724  0.43107668  0.41815949  0.41815949  0.41815949  0.49930682  0.49930682  0.51374773  0.48514434  0.48514434  0.51374773  0.48514434  0.48514434  0.44422509  0.51374773  0.52847825  0.52847825  0.57452978  0.55885628  0.48514434  0.55885628  0.49930682  0.47124977  0.49930682  0.54351024  0.52847825  0.54351024  0.54351024  0.49930682  0.49930682  0.52847825  0.48514434  0.44422509  0.44422509  0.43107668  0.44422509  0.44422509  0.41815949  0.49930682  0.41815949  0.48514434  0.45761315  0.48514434  0.52847825  0.54351024  0.39298724  0.41815949  0.43107668  0.60691725  0.59054503  0.55885628  0.51374773  0.62366273  0.57452978  0.52847825  0.51374773  0.57452978  0.48514434  0.48514434  0.45761315  0.48514434  0.48514434  0.48514434  0.44422509  0.47124977  0.52847825  0.59054503  0.54351024  0.51374773  0.47124977  0.49930682  0.48514434  0.55885628  0.54351024  0.55885628  0.57452978  0.44422509  0.43107668  0.47124977  0.45761315  0.43107668  0.52847825  0.55885628  0.59054503  0.54351024  0.52847825  0.55885628  0.48514434  0.41815949  0.45761315  0.44422509  0.41815949  
64_0_0     0.10917515  0.10917515  0.00000000  0.05256111  0.06038654  0.25776006  0.24753902  0.31111405  0.45761315  0.44422509  0.45761315  0.38071738  0.35677592  0.35677592  0.41815949  0.39298724  0.48514434  0.52847825  0.52847825  0.41815949  0.41815949  0.36864911  0.36864911  0.35677592  0.38071738  0.48514434  0.48514434  0.48514434  0.48514434  0.43107668  0.32226617  0.33359023  0.43107668  0.41815949  0.41815949  0.41815949  0.40546554  0.40546554  0.38071738  0.40546554  0.38071738  0.43107668  0.48514434  0.34509159  0.36864911  0.32226617  0.35677592  0.44422509  0.47124977  0.47124977  0.48514434  0.49930682  0.43107668  0.47124977  0.51374773  0.47124977  0.49930682  0.44422509  0.41815949  0.39298724  0.40546554  0.39298724  0.39298724  0.39298724  0.43107668  0.43107668  0.48514434  0.48514434  0.48514434  0.48514434  0.49930682  0.48514434  0.39298724  0.45761315  0.47124977  0.47124977  0.51374773  0.49930682  0.43107668  0.49930682  0.44422509  0.41815949  0.44422509  0.43107668  0.41815949  0.43107668  0.43107668  0.47124977  0.41815949  0.49930682  0.51374773  0.45761315  0.49930682  0.48514434  0.49930682  0.49930682  0.41815949  0.49930682  0.44422509  0.48514434  0.43107668  0.43107668  0.47124977  0.45761315  0.43107668  0.45761315  0.47124977  0.60691725  0.62366273  0.59054503  0.51374773  0.55885628  0.51374773  0.52847825  0.51374773  0.52847825  0.40546554  0.40546554  0.38071738  0.38071738  0.38071738  0.38071738  0.39298724  0.44422509  0.49930682  0.52847825  0.48514434  0.48514434  0.44422509  0.47124977  0.45761315  0.49930682  0.54351024  0.55885628  0.54351024  0.41815949  0.40546554  0.45761315  0.44422509  0.41815949  0.49930682  0.52847825  0.55885628  0.51374773  0.47124977  0.49930682  0.45761315  0.41815949  0.43107668  0.39298724  0.36864911  
67_11_0    0.11763120  0.13484106  0.05256111  0.00000000  0.05256111  0.31111405  0.30012871  0.32226617  0.45761315  0.44422509  0.45761315  0.38071738  0.35677592  0.35677592  0.44422509  0.43107668  0.51374773  0.52847825  0.47124977  0.41815949  0.41815949  0.41815949  0.41815949  0.38071738  0.43107668  0.51374773  0.51374773  0.48514434  0.48514434  0.45761315  0.34509159  0.35677592  0.45761315  0.41815949  0.41815949  0.41815949  0.43107668  0.43107668  0.40546554  0.40546554  0.38071738  0.43107668  0.48514434  0.39298724  0.41815949  0.35677592  0.36864911  0.49930682  0.52847825  0.52847825  0.45761315  0.47124977  0.38071738  0.41815949  0.51374773  0.44422509  0.49930682  0.44422509  0.44422509  0.41815949  0.40546554  0.39298724  0.39298724  0.39298724  0.40546554  0.43107668  0.48514434  0.48514434  0.51374773  0.51374773  0.52847825  0.48514434  0.39298724  0.43107668  0.44422509  0.44422509  0.48514434  0.49930682  0.43107668  0.49930682  0.44422509  0.39298724  0.44422509  0.43107668  0.44422509  0.45761315  0.45761315  0.44422509  0.41815949  0.52847825  0.51374773  0.45761315  0.45761315  0.45761315  0.47124977  0.47124977  0.41815949  0.47124977  0.39298724  0.43107668  0.40546554  0.43107668  0.49930682  0.48514434  0.40546554  0.43107668  0.44422509  0.57452978  0.55885628  0.55885628  0.48514434  0.52847825  0.51374773  0.49930682  0.48514434  0.55885628  0.43107668  0.43107668  0.40546554  0.40546554  0.40546554  0.40546554  0.41815949  0.47124977  0.49930682  0.55885628  0.48514434  0.51374773  0.47124977  0.47124977  0.48514434  0.47124977  0.54351024  0.55885628  0.57452978  0.44422509  0.43107668  0.45761315  0.44422509  0.44422509  0.48514434  0.51374773  0.57452978  0.49930682  0.45761315  0.48514434  0.41815949  0.40546554  0.41815949  0.40546554  0.38071738  
67_0_0     0.14359959  0.14359959  0.06038654  0.05256111  0.00000000  0.30012871  0.28930524  0.31111405  0.47124977  0.45761315  0.47124977  0.41815949  0.39298724  0.39298724  0.38071738  0.36864911  0.52847825  0.54351024  0.48514434  0.48514434  0.45761315  0.45761315  0.45761315  0.41815949  0.47124977  0.52847825  0.52847825  0.49930682  0.49930682  0.47124977  0.35677592  0.36864911  0.47124977  0.45761315  0.45761315  0.45761315  0.47124977  0.47124977  0.44422509  0.44422509  0.41815949  0.44422509  0.52847825  0.35677592  0.39298724  0.30012871  0.33359023  0.48514434  0.45761315  0.48514434  0.47124977  0.48514434  0.47124977  0.48514434  0.49930682  0.45761315  0.48514434  0.45761315  0.43107668  0.40546554  0.39298724  0.38071738  0.38071738  0.38071738  0.41815949  0.41815949  0.52847825  0.49930682  0.52847825  0.52847825  0.51374773  0.52847825  0.43107668  0.49930682  0.51374773  0.51374773  0.55885628  0.54351024  0.47124977  0.51374773  0.48514434  0.40546554  0.45761315  0.44422509  0.43107668  0.44422509  0.44422509  0.48514434  0.45761315  0.54351024  0.52847825  0.47124977  0.47124977  0.47124977  0.48514434  0.48514434  0.43107668  0.48514434  0.48514434  0.49930682  0.44422509  0.47124977  0.48514434  0.47124977  0.41815949  0.44422509  0.45761315  0.49930682  0.51374773  0.48514434  0.41815949  0.45761315  0.44422509  0.43107668  0.41815949  0.51374773  0.41815949  0.39298724  0.36864911  0.36864911  0.36864911  0.36864911  0.43107668  0.51374773  0.57452978  0.57452978  0.52847825  0.55885628  0.51374773  0.54351024  0.52847825  0.48514434  0.55885628  0.54351024  0.59054503  0.43107668  0.39298724  0.47124977  0.48514434  0.48514434  0.48514434  0.57452978  0.60691725  0.49930682  0.48514434  0.48514434  0.41815949  0.40546554  0.41815949  0.40546554  0.38071738  
54_0_0     0.31111405  0.32226617  0.25776006  0.31111405  0.30012871  0.00000000  0.13484106  0.35677592  0.52847825  0.51374773  0.52847825  0.49930682  0.52847825  0.52847825  0.48514434  0.48514434  0.52847825  0.41815949  0.59054503  0.39298724  0.43107668  0.48514434  0.48514434  0.49930682  0.49930682  0.47124977  0.47124977  0.49930682  0.52847825  0.39298724  0.40546554  0.39298724  0.47124977  0.43107668  0.43107668  0.43107668  0.38071738  0.38071738  0.40546554  0.45761315  0.43107668  0.35677592  0.43107668  0.40546554  0.41815949  0.36864911  0.43107668  0.59054503  0.59054503  0.52847825  0.48514434  0.49930682  0.48514434  0.41815949  0.49930682  0.51374773  0.47124977  0.47124977  0.44422509  0.43107668  0.44422509  0.45761315  0.45761315  0.45761315  0.51374773  0.48514434  0.54351024  0.51374773  0.45761315  0.51374773  0.49930682  0.48514434  0.47124977  0.57452978  0.55885628  0.55885628  0.52847825  0.55885628  0.51374773  0.52847825  0.47124977  0.47124977  0.52847825  0.52847825  0.51374773  0.52847825  0.52847825  0.48514434  0.45761315  0.52847825  0.48514434  0.49930682  0.44422509  0.45761315  0.44422509  0.44422509  0.49930682  0.43107668  0.43107668  0.52847825  0.39298724  0.41815949  0.49930682  0.51374773  0.48514434  0.51374773  0.51374773  0.49930682  0.48514434  0.48514434  0.40546554  0.43107668  0.41815949  0.43107668  0.44422509  0.60691725  0.39298724  0.39298724  0.39298724  0.39298724  0.39298724  0.39298724  0.43107668  0.48514434  0.51374773  0.54351024  0.52847825  0.49930682  0.48514434  0.51374773  0.49930682  0.48514434  0.43107668  0.41815949  0.45761315  0.48514434  0.49930682  0.47124977  0.47124977  0.45761315  0.49930682  0.52847825  0.49930682  0.41815949  0.40546554  0.40546554  0.41815949  0.43107668  0.43107668  0.38071738  0.38071738  
93_0_0     0.32226617  0.33359023  0.24753902  0.30012871  0.28930524  0.13484106  0.00000000  0.34509159  0.47124977  0.45761315  0.47124977  0.52847825  0.52847825  0.52847825  0.44422509  0.47124977  0.49930682  0.44422509  0.54351024  0.44422509  0.39298724  0.44422509  0.44422509  0.48514434  0.48514434  0.48514434  0.48514434  0.51374773  0.51374773  0.45761315  0.47124977  0.45761315  0.48514434  0.52847825  0.52847825  0.52847825  0.36864911  0.36864911  0.39298724  0.44422509  0.44422509  0.39298724  0.47124977  0.41815949  0.43107668  0.39298724  0.43107668  0.57452978  0.60691725  0.54351024  0.55885628  0.54351024  0.44422509  0.48514434  0.60691725  0.62366273  0.51374773  0.45761315  0.38071738  0.40546554  0.45761315  0.44422509  0.44422509  0.44422509  0.47124977  0.44422509  0.49930682  0.52847825  0.47124977  0.49930682  0.51374773  0.47124977  0.45761315  0.52847825  0.54351024  0.51374773  0.52847825  0.54351024  0.52847825  0.48514434  0.43107668  0.43107668  0.48514434  0.43107668  0.43107668  0.44422509  0.44422509  0.48514434  0.43107668  0.49930682  0.47124977  0.51374773  0.44422509  0.45761315  0.47124977  0.47124977  0.51374773  0.40546554  0.48514434  0.48514434  0.43107668  0.38071738  0.48514434  0.47124977  0.48514434  0.48514434  0.51374773  0.44422509  0.44422509  0.44422509  0.39298724  0.40546554  0.39298724  0.41815949  0.43107668  0.49930682  0.33359023  0.33359023  0.33359023  0.35677592  0.35677592  0.35677592  0.34509159  0.43107668  0.51374773  0.45761315  0.47124977  0.39298724  0.38071738  0.40546554  0.39298724  0.45761315  0.45761315  0.44422509  0.45761315  0.49930682  0.47124977  0.47124977  0.47124977  0.48514434  0.40546554  0.47124977  0.47124977  0.36864911  0.38071738  0.38071738  0.39298724  0.38071738  0.40546554  0.33359023  0.35677592  
57_0_0     0.34509159  0.36864911  0.31111405  0.32226617  0.31111405  0.35677592  0.34509159  0.00000000  0.57452978  0.55885628  0.57452978  0.47124977  0.49930682  0.49930682  0.47124977  0.43107668  0.44422509  0.49930682  0.52847825  0.43107668  0.44422509  0.41815949  0.39298724  0.40546554  0.45761315  0.51374773  0.51374773  0.45761315  0.43107668  0.45761315  0.41815949  0.40546554  0.49930682  0.47124977  0.47124977  0.47124977  0.43107668  0.43107668  0.43107668  0.51374773  0.51374773  0.51374773  0.51374773  0.44422509  0.51374773  0.34509159  0.35677592  0.43107668  0.43107668  0.43107668  0.41815949  0.40546554  0.34509159  0.38071738  0.45761315  0.39298724  0.38071738  0.44422509  0.43107668  0.45761315  0.48514434  0.47124977  0.47124977  0.47124977  0.51374773  0.48514434  0.48514434  0.45761315  0.45761315  0.51374773  0.52847825  0.48514434  0.52847825  0.51374773  0.52847825  0.52847825  0.51374773  0.55885628  0.51374773  0.49930682  0.49930682  0.49930682  0.47124977  0.47124977  0.48514434  0.47124977  0.47124977  0.44422509  0.44422509  0.44422509  0.48514434  0.47124977  0.45761315  0.48514434  0.47124977  0.47124977  0.59054503  0.43107668  0.45761315  0.49930682  0.40546554  0.39298724  0.44422509  0.40546554  0.55885628  0.59054503  0.54351024  0.54351024  0.51374773  0.51374773  0.47124977  0.55885628  0.51374773  0.52847825  0.54351024  0.44422509  0.45761315  0.44422509  0.44422509  0.47124977  0.47124977  0.47124977  0.39298724  0.44422509  0.55885628  0.45761315  0.48514434  0.54351024  0.52847825  0.55885628  0.54351024  0.48514434  0.60691725  0.62366273  0.60691725  0.44422509  0.40546554  0.57452978  0.60691725  0.59054503  0.48514434  0.47124977  0.52847825  0.47124977  0.40546554  0.43107668  0.52847825  0.47124977  0.44422509  0.44422509  0.44422509  
48_0_0     0.49930682  0.43107668  0.45761315  0.45761315  0.47124977  0.52847825  0.47124977  0.57452978  0.00000000  0.00728236  0.00000000  0.27863895  0.26812532  0.26812532  0.28930524  0.27863895  0.38071738  0.31111405  0.25776006  0.25776006  0.35677592  0.38071738  0.38071738  0.34509159  0.41815949  0.41815949  0.41815949  0.36864911  0.39298724  0.48514434  0.40546554  0.41815949  0.41815949  0.40546554  0.40546554  0.40546554  0.40546554  0.40546554  0.43107668  0.40546554  0.40546554  0.38071738  0.40546554  0.40546554  0.45761315  0.41815949  0.35677592  0.59054503  0.55885628  0.55885628  0.39298724  0.40546554  0.43107668  0.48514434  0.49930682  0.47124977  0.51374773  0.48514434  0.44422509  0.43107668  0.43107668  0.44422509  0.44422509  0.44422509  0.47124977  0.47124977  0.39298724  0.39298724  0.34509159  0.38071738  0.36864911  0.36864911  0.41815949  0.52847825  0.51374773  0.51374773  0.55885628  0.55885628  0.48514434  0.49930682  0.52847825  0.34509159  0.52847825  0.44422509  0.48514434  0.49930682  0.49930682  0.45761315  0.40546554  0.49930682  0.45761315  0.49930682  0.47124977  0.44422509  0.45761315  0.45761315  0.44422509  0.49930682  0.49930682  0.43107668  0.59054503  0.44422509  0.41815949  0.43107668  0.57452978  0.57452978  0.60691725  0.54351024  0.59054503  0.55885628  0.57452978  0.54351024  0.49930682  0.60691725  0.59054503  0.54351024  0.59054503  0.55885628  0.55885628  0.52847825  0.52847825  0.52847825  0.57452978  0.51374773  0.55885628  0.55885628  0.51374773  0.47124977  0.45761315  0.45761315  0.44422509  0.49930682  0.51374773  0.49930682  0.49930682  0.48514434  0.47124977  0.43107668  0.43107668  0.41815949  0.44422509  0.44422509  0.39298724  0.47124977  0.45761315  0.45761315  0.54351024  0.49930682  0.52847825  0.55885628  0.49930682  
86_0_0     0.48514434  0.41815949  0.44422509  0.44422509  0.45761315  0.51374773  0.45761315  0.55885628  0.00728236  0.00000000  0.00728236  0.28930524  0.27863895  0.27863895  0.30012871  0.28930524  0.39298724  0.32226617  0.26812532  0.26812532  0.36864911  0.39298724  0.39298724  0.35677592  0.43107668  0.40546554  0.40546554  0.35677592  0.38071738  0.47124977  0.39298724  0.40546554  0.40546554  0.39298724  0.39298724  0.39298724  0.39298724  0.39298724  0.41815949  0.39298724  0.41815949  0.36864911  0.39298724  0.39298724  0.47124977  0.40546554  0.36864911  0.60691725  0.57452978  0.57452978  0.38071738  0.39298724  0.41815949  0.47124977  0.51374773  0.48514434  0.49930682  0.47124977  0.43107668  0.41815949  0.41815949  0.43107668  0.43107668  0.43107668  0.45761315  0.45761315  0.38071738  0.38071738  0.33359023  0.36864911  0.35677592  0.35677592  0.43107668  0.51374773  0.49930682  0.49930682  0.54351024  0.54351024  0.47124977  0.51374773  0.51374773  0.33359023  0.51374773  0.43107668  0.47124977  0.48514434  0.48514434  0.44422509  0.39298724  0.48514434  0.47124977  0.48514434  0.45761315  0.43107668  0.44422509  0.44422509  0.43107668  0.48514434  0.48514434  0.44422509  0.57452978  0.43107668  0.40546554  0.41815949  0.55885628  0.55885628  0.59054503  0.55885628  0.60691725  0.57452978  0.55885628  0.55885628  0.51374773  0.59054503  0.57452978  0.55885628  0.60691725  0.57452978  0.57452978  0.54351024  0.54351024  0.54351024  0.55885628  0.49930682  0.54351024  0.57452978  0.52847825  0.48514434  0.47124977  0.47124977  0.45761315  0.51374773  0.52847825  0.51374773  0.51374773  0.49930682  0.48514434  0.41815949  0.41815949  0.40546554  0.43107668  0.43107668  0.38071738  0.45761315  0.47124977  0.47124977  0.55885628  0.51374773  0.54351024  0.57452978  0.51374773  
69_0_0     0.49930682  0.43107668  0.45761315  0.45761315  0.47124977  0.52847825  0.47124977  0.57452978  0.00000000  0.00728236  0.00000000  0.27863895  0.26812532  0.26812532  0.28930524  0.27863895  0.38071738  0.31111405  0.25776006  0.25776006  0.35677592  0.38071738  0.38071738  0.34509159  0.41815949  0.41815949  0.41815949  0.36864911  0.39298724  0.48514434  0.40546554  0.41815949  0.41815949  0.40546554  0.40546554  0.40546554  0.40546554  0.40546554  0.43107668  0.40546554  0.40546554  0.38071738  0.40546554  0.40546554  0.45761315  0.41815949  0.35677592  0.59054503  0.55885628  0.55885628  0.39298724  0.40546554  0.43107668  0.48514434  0.49930682  0.47124977  0.51374773  0.48514434  0.44422509  0.43107668  0.43107668  0.44422509  0.44422509  0.44422509  0.47124977  0.47124977  0.39298724  0.39298724  0.34509159  0.38071738  0.36864911  0.36864911  0.41815949  0.52847825  0.51374773  0.51374773  0.55885628  0.55885628  0.48514434  0.49930682  0.52847825  0.34509159  0.52847825  0.44422509  0.48514434  0.49930682  0.49930682  0.45761315  0.40546554  0.49930682  0.45761315  0.49930682  0.47124977  0.44422509  0.45761315  0.45761315  0.44422509  0.49930682  0.49930682  0.43107668  0.59054503  0.44422509  0.41815949  0.43107668  0.57452978  0.57452978  0.60691725  0.54351024  0.59054503  0.55885628  0.57452978  0.54351024  0.49930682  0.60691725  0.59054503  0.54351024  0.59054503  0.55885628  0.55885628  0.52847825  0.52847825  0.52847825  0.57452978  0.51374773  0.55885628  0.55885628  0.51374773  0.47124977  0.45761315  0.45761315  0.44422509  0.49930682  0.51374773  0.49930682  0.49930682  0.48514434  0.47124977  0.43107668  0.43107668  0.41815949  0.44422509  0.44422509  0.39298724  0.47124977  0.45761315  0.45761315  0.54351024  0.49930682  0.52847825  0.55885628  0.49930682  
41_0_0     0.43107668  0.41815949  0.38071738  0.38071738  0.41815949  0.49930682  0.52847825  0.47124977  0.27863895  0.28930524  0.27863895  0.00000000  0.02206731  0.02206731  0.25776006  0.17051979  0.23745827  0.26812532  0.28930524  0.25776006  0.32226617  0.34509159  0.30012871  0.31111405  0.33359023  0.45761315  0.45761315  0.36864911  0.43107668  0.30012871  0.31111405  0.32226617  0.31111405  0.25776006  0.25776006  0.25776006  0.41815949  0.41815949  0.44422509  0.43107668  0.40546554  0.48514434  0.44422509  0.47124977  0.48514434  0.34509159  0.38071738  0.45761315  0.54351024  0.54351024  0.43107668  0.44422509  0.39298724  0.44422509  0.48514434  0.48514434  0.52847825  0.48514434  0.48514434  0.49930682  0.47124977  0.45761315  0.45761315  0.45761315  0.48514434  0.45761315  0.44422509  0.44422509  0.47124977  0.43107668  0.49930682  0.44422509  0.55885628  0.55885628  0.57452978  0.60691725  0.59054503  0.62366273  0.57452978  0.55885628  0.55885628  0.49930682  0.52847825  0.57452978  0.59054503  0.60691725  0.60691725  0.62366273  0.55885628  0.52847825  0.54351024  0.62366273  0.59054503  0.52847825  0.51374773  0.51374773  0.49930682  0.44422509  0.41815949  0.47124977  0.49930682  0.41815949  0.34509159  0.35677592  0.62366273  0.62366273  0.64079888  0.44422509  0.45761315  0.45761315  0.47124977  0.47124977  0.45761315  0.49930682  0.48514434  0.47124977  0.45761315  0.41815949  0.41815949  0.41815949  0.41815949  0.41815949  0.44422509  0.49930682  0.48514434  0.52847825  0.48514434  0.54351024  0.49930682  0.49930682  0.51374773  0.52847825  0.45761315  0.47124977  0.47124977  0.49930682  0.47124977  0.44422509  0.44422509  0.45761315  0.54351024  0.45761315  0.54351024  0.49930682  0.45761315  0.48514434  0.45761315  0.49930682  0.49930682  0.39298724  0.41815949  
90_0_0     0.40546554  0.39298724  0.35677592  0.35677592  0.39298724  0.52847825  0.52847825  0.49930682  0.26812532  0.27863895  0.26812532  0.02206731  0.00000000  0.00000000  0.26812532  0.17971699  0.26812532  0.30012871  0.30012871  0.26812532  0.31111405  0.33359023  0.31111405  0.32226617  0.32226617  0.49930682  0.49930682  0.40546554  0.47124977  0.33359023  0.34509159  0.35677592  0.34509159  0.28930524  0.28930524  0.28930524  0.40546554  0.40546554  0.43107668  0.41815949  0.39298724  0.49930682  0.45761315  0.45761315  0.45761315  0.32226617  0.35677592  0.45761315  0.54351024  0.54351024  0.43107668  0.44422509  0.39298724  0.44422509  0.48514434  0.48514434  0.55885628  0.45761315  0.48514434  0.49930682  0.44422509  0.43107668  0.43107668  0.43107668  0.45761315  0.45761315  0.44422509  0.41815949  0.47124977  0.43107668  0.47124977  0.41815949  0.52847825  0.55885628  0.57452978  0.57452978  0.62366273  0.59054503  0.54351024  0.55885628  0.52847825  0.49930682  0.49930682  0.54351024  0.55885628  0.57452978  0.57452978  0.59054503  0.52847825  0.49930682  0.51374773  0.59054503  0.59054503  0.52847825  0.51374773  0.51374773  0.47124977  0.45761315  0.40546554  0.44422509  0.47124977  0.41815949  0.34509159  0.35677592  0.60691725  0.60691725  0.62366273  0.45761315  0.47124977  0.47124977  0.48514434  0.48514434  0.47124977  0.51374773  0.49930682  0.48514434  0.47124977  0.43107668  0.43107668  0.43107668  0.43107668  0.43107668  0.45761315  0.51374773  0.45761315  0.54351024  0.49930682  0.55885628  0.51374773  0.51374773  0.52847825  0.54351024  0.44422509  0.45761315  0.45761315  0.49930682  0.47124977  0.44422509  0.44422509  0.43107668  0.51374773  0.45761315  0.54351024  0.52847825  0.48514434  0.51374773  0.45761315  0.52847825  0.52847825  0.41815949  0.44422509  
26_0_0     0.40546554  0.39298724  0.35677592  0.35677592  0.39298724  0.52847825  0.52847825  0.49930682  0.26812532  0.27863895  0.26812532  0.02206731  0.00000000  0.00000000  0.26812532  0.17971699  0.26812532  0.30012871  0.30012871  0.26812532  0.31111405  0.33359023  0.31111405  0.32226617  0.32226617  0.49930682  0.49930682  0.40546554  0.47124977  0.33359023  0.34509159  0.35677592  0.34509159  0.28930524  0.28930524  0.28930524  0.40546554  0.40546554  0.43107668  0.41815949  0.39298724  0.49930682  0.45761315  0.45761315  0.45761315  0.32226617  0.35677592  0.45761315  0.54351024  0.54351024  0.43107668  0.44422509  0.39298724  0.44422509  0.48514434  0.48514434  0.55885628  0.45761315  0.48514434  0.49930682  0.44422509  0.43107668  0.43107668  0.43107668  0.45761315  0.45761315  0.44422509  0.41815949  0.47124977  0.43107668  0.47124977  0.41815949  0.52847825  0.55885628  0.57452978  0.57452978  0.62366273  0.59054503  0.54351024  0.55885628  0.52847825  0.49930682  0.49930682  0.54351024  0.55885628  0.57452978  0.57452978  0.59054503  0.52847825  0.49930682  0.51374773  0.59054503  0.59054503  0.52847825  0.51374773  0.51374773  0.47124977  0.45761315  0.40546554  0.44422509  0.47124977  0.41815949  0.34509159  0.35677592  0.60691725  0.60691725  0.62366273  0.45761315  0.47124977  0.47124977  0.48514434  0.48514434  0.47124977  0.51374773  0.49930682  0.48514434  0.47124977  0.43107668  0.43107668  0.43107668  0.43107668  0.43107668  0.45761315  0.51374773  0.45761315  0.54351024  0.49930682  0.55885628  0.51374773  0.51374773  0.52847825  0.54351024  0.44422509  0.45761315  0.45761315  0.49930682  0.47124977  0.44422509  0.44422509  0.43107668  0.51374773  0.45761315  0.54351024  0.52847825  0.48514434  0.51374773  0.45761315  0.52847825  0.52847825  0.41815949  0.44422509  
65_0_0     0.41815949  0.35677592  0.41815949  0.44422509  0.38071738  0.48514434  0.44422509  0.47124977  0.28930524  0.30012871  0.28930524  0.25776006  0.26812532  0.26812532  0.00000000  0.10081535  0.22751399  0.23745827  0.27863895  0.40546554  0.44422509  0.44422509  0.41815949  0.38071738  0.45761315  0.45761315  0.45761315  0.36864911  0.43107668  0.52847825  0.49930682  0.51374773  0.54351024  0.47124977  0.47124977  0.47124977  0.54351024  0.54351024  0.51374773  0.54351024  0.51374773  0.51374773  0.48514434  0.36864911  0.43107668  0.38071738  0.36864911  0.48514434  0.45761315  0.48514434  0.44422509  0.45761315  0.43107668  0.48514434  0.49930682  0.52847825  0.49930682  0.54351024  0.43107668  0.43107668  0.49930682  0.51374773  0.51374773  0.51374773  0.51374773  0.48514434  0.35677592  0.38071738  0.38071738  0.41815949  0.51374773  0.45761315  0.57452978  0.57452978  0.62366273  0.62366273  0.64079888  0.60691725  0.52847825  0.64079888  0.60691725  0.47124977  0.49930682  0.52847825  0.57452978  0.55885628  0.55885628  0.60691725  0.57452978  0.51374773  0.47124977  0.49930682  0.48514434  0.48514434  0.49930682  0.49930682  0.51374773  0.40546554  0.45761315  0.41815949  0.49930682  0.38071738  0.40546554  0.41815949  0.48514434  0.49930682  0.54351024  0.51374773  0.52847825  0.52847825  0.49930682  0.47124977  0.43107668  0.49930682  0.51374773  0.51374773  0.48514434  0.44422509  0.44422509  0.41815949  0.41815949  0.41815949  0.47124977  0.55885628  0.54351024  0.49930682  0.51374773  0.57452978  0.55885628  0.59054503  0.57452978  0.52847825  0.49930682  0.48514434  0.48514434  0.48514434  0.41815949  0.36864911  0.39298724  0.38071738  0.51374773  0.54351024  0.51374773  0.62366273  0.60691725  0.51374773  0.51374773  0.49930682  0.55885628  0.47124977  0.49930682  
31_0_0     0.43107668  0.36864911  0.39298724  0.43107668  0.36864911  0.48514434  0.47124977  0.43107668  0.27863895  0.28930524  0.27863895  0.17051979  0.17971699  0.17971699  0.10081535  0.00000000  0.23745827  0.22751399  0.24753902  0.35677592  0.34509159  0.39298724  0.34509159  0.36864911  0.38071738  0.43107668  0.43107668  0.38071738  0.44422509  0.39298724  0.39298724  0.43107668  0.41815949  0.34509159  0.34509159  0.34509159  0.45761315  0.45761315  0.43107668  0.45761315  0.45761315  0.45761315  0.43107668  0.39298724  0.45761315  0.31111405  0.33359023  0.51374773  0.54351024  0.57452978  0.43107668  0.44422509  0.44422509  0.47124977  0.54351024  0.54351024  0.52847825  0.45761315  0.43107668  0.44422509  0.49930682  0.48514434  0.48514434  0.48514434  0.49930682  0.47124977  0.43107668  0.40546554  0.43107668  0.44422509  0.48514434  0.45761315  0.52847825  0.57452978  0.62366273  0.62366273  0.64079888  0.67631922  0.62366273  0.60691725  0.60691725  0.47124977  0.47124977  0.54351024  0.59054503  0.60691725  0.60691725  0.59054503  0.52847825  0.47124977  0.52847825  0.54351024  0.54351024  0.51374773  0.49930682  0.49930682  0.51374773  0.38071738  0.45761315  0.41815949  0.49930682  0.36864911  0.40546554  0.41815949  0.54351024  0.55885628  0.57452978  0.41815949  0.45761315  0.43107668  0.45761315  0.45761315  0.41815949  0.45761315  0.47124977  0.45761315  0.45761315  0.41815949  0.41815949  0.41815949  0.41815949  0.41815949  0.45761315  0.52847825  0.51374773  0.55885628  0.51374773  0.54351024  0.52847825  0.55885628  0.54351024  0.57452978  0.51374773  0.49930682  0.45761315  0.49930682  0.43107668  0.41815949  0.44422509  0.43107668  0.43107668  0.43107668  0.45761315  0.51374773  0.49930682  0.44422509  0.44422509  0.45761315  0.45761315  0.39298724  0.39298724  
81_0_0     0.47124977  0.45761315  0.48514434  0.51374773  0.52847825  0.52847825  0.49930682  0.44422509  0.38071738  0.39298724  0.38071738  0.23745827  0.26812532  0.26812532  0.22751399  0.23745827  0.00000000  0.10917515  0.17971699  0.32226617  0.43107668  0.35677592  0.38071738  0.36864911  0.38071738  0.41815949  0.41815949  0.38071738  0.39298724  0.39298724  0.41815949  0.43107668  0.43107668  0.40546554  0.40546554  0.40546554  0.44422509  0.44422509  0.44422509  0.43107668  0.40546554  0.40546554  0.39298724  0.40546554  0.39298724  0.34509159  0.34509159  0.54351024  0.60691725  0.57452978  0.51374773  0.49930682  0.45761315  0.47124977  0.49930682  0.52847825  0.52847825  0.47124977  0.48514434  0.47124977  0.45761315  0.44422509  0.44422509  0.44422509  0.51374773  0.48514434  0.39298724  0.41815949  0.43107668  0.41815949  0.48514434  0.43107668  0.45761315  0.48514434  0.47124977  0.49930682  0.48514434  0.48514434  0.49930682  0.43107668  0.45761315  0.41815949  0.39298724  0.47124977  0.51374773  0.49930682  0.49930682  0.47124977  0.47124977  0.45761315  0.47124977  0.49930682  0.45761315  0.48514434  0.49930682  0.49930682  0.45761315  0.43107668  0.38071738  0.40546554  0.51374773  0.40546554  0.41815949  0.43107668  0.55885628  0.57452978  0.62366273  0.52847825  0.51374773  0.54351024  0.51374773  0.60691725  0.55885628  0.55885628  0.54351024  0.45761315  0.44422509  0.44422509  0.49930682  0.52847825  0.52847825  0.52847825  0.40546554  0.47124977  0.45761315  0.45761315  0.39298724  0.48514434  0.44422509  0.44422509  0.45761315  0.45761315  0.49930682  0.51374773  0.48514434  0.45761315  0.41815949  0.45761315  0.48514434  0.45761315  0.48514434  0.40546554  0.48514434  0.59054503  0.52847825  0.52847825  0.49930682  0.48514434  0.51374773  0.48514434  0.51374773  
81_12_0    0.47124977  0.48514434  0.52847825  0.52847825  0.54351024  0.41815949  0.44422509  0.49930682  0.31111405  0.32226617  0.31111405  0.26812532  0.30012871  0.30012871  0.23745827  0.22751399  0.10917515  0.00000000  0.12618573  0.23745827  0.43107668  0.40546554  0.40546554  0.41815949  0.43107668  0.39298724  0.39298724  0.40546554  0.41815949  0.39298724  0.45761315  0.49930682  0.41815949  0.40546554  0.40546554  0.40546554  0.41815949  0.41815949  0.41815949  0.39298724  0.36864911  0.34509159  0.32226617  0.35677592  0.39298724  0.39298724  0.33359023  0.64079888  0.64079888  0.60691725  0.49930682  0.51374773  0.44422509  0.45761315  0.57452978  0.54351024  0.52847825  0.44422509  0.48514434  0.49930682  0.45761315  0.47124977  0.47124977  0.47124977  0.52847825  0.49930682  0.40546554  0.40546554  0.39298724  0.40546554  0.44422509  0.39298724  0.39298724  0.49930682  0.48514434  0.48514434  0.47124977  0.52847825  0.48514434  0.44422509  0.49930682  0.43107668  0.43107668  0.49930682  0.51374773  0.52847825  0.52847825  0.41815949  0.44422509  0.44422509  0.45761315  0.48514434  0.47124977  0.49930682  0.51374773  0.51374773  0.41815949  0.43107668  0.36864911  0.48514434  0.51374773  0.36864911  0.52847825  0.51374773  0.54351024  0.57452978  0.57452978  0.49930682  0.48514434  0.51374773  0.48514434  0.54351024  0.52847825  0.52847825  0.51374773  0.60691725  0.52847825  0.47124977  0.49930682  0.49930682  0.49930682  0.49930682  0.49930682  0.51374773  0.49930682  0.47124977  0.40546554  0.44422509  0.40546554  0.40546554  0.41815949  0.49930682  0.52847825  0.51374773  0.48514434  0.47124977  0.45761315  0.40546554  0.43107668  0.40546554  0.48514434  0.41815949  0.44422509  0.43107668  0.40546554  0.40546554  0.40546554  0.34509159  0.39298724  0.36864911  0.36864911  
43_0_0     0.44422509  0.43107668  0.52847825  0.47124977  0.48514434  0.59054503  0.54351024  0.52847825  0.25776006  0.26812532  0.25776006  0.28930524  0.30012871  0.30012871  0.27863895  0.24753902  0.17971699  0.12618573  0.00000000  0.24753902  0.40546554  0.35677592  0.38071738  0.36864911  0.39298724  0.43107668  0.43107668  0.39298724  0.38071738  0.49930682  0.48514434  0.49930682  0.47124977  0.43107668  0.43107668  0.43107668  0.45761315  0.45761315  0.45761315  0.38071738  0.38071738  0.38071738  0.34509159  0.41815949  0.44422509  0.41815949  0.35677592  0.64079888  0.64079888  0.67631922  0.45761315  0.47124977  0.44422509  0.47124977  0.59054503  0.52847825  0.44422509  0.43107668  0.51374773  0.51374773  0.44422509  0.43107668  0.43107668  0.43107668  0.51374773  0.51374773  0.39298724  0.40546554  0.44422509  0.45761315  0.41815949  0.39298724  0.40546554  0.51374773  0.47124977  0.49930682  0.51374773  0.54351024  0.49930682  0.48514434  0.54351024  0.44422509  0.41815949  0.47124977  0.51374773  0.49930682  0.49930682  0.44422509  0.47124977  0.43107668  0.41815949  0.47124977  0.43107668  0.45761315  0.47124977  0.47124977  0.43107668  0.41815949  0.34509159  0.39298724  0.47124977  0.40546554  0.47124977  0.48514434  0.48514434  0.49930682  0.51374773  0.48514434  0.47124977  0.49930682  0.49930682  0.59054503  0.57452978  0.51374773  0.49930682  0.52847825  0.48514434  0.51374773  0.54351024  0.57452978  0.57452978  0.57452978  0.49930682  0.44422509  0.41815949  0.45761315  0.36864911  0.44422509  0.40546554  0.40546554  0.41815949  0.43107668  0.64079888  0.62366273  0.55885628  0.44422509  0.41815949  0.48514434  0.51374773  0.49930682  0.44422509  0.36864911  0.44422509  0.41815949  0.41815949  0.39298724  0.36864911  0.35677592  0.40546554  0.43107668  0.38071738  
66_0_0     0.43107668  0.44422509  0.41815949  0.41815949  0.48514434  0.39298724  0.44422509  0.43107668  0.25776006  0.26812532  0.25776006  0.25776006  0.26812532  0.26812532  0.40546554  0.35677592  0.32226617  0.23745827  0.24753902  0.00000000  0.30012871  0.30012871  0.30012871  0.35677592  0.31111405  0.38071738  0.38071738  0.39298724  0.38071738  0.38071738  0.38071738  0.39298724  0.40546554  0.40546554  0.40546554  0.40546554  0.33359023  0.33359023  0.35677592  0.39298724  0.39298724  0.39298724  0.41815949  0.47124977  0.49930682  0.38071738  0.36864911  0.47124977  0.52847825  0.49930682  0.40546554  0.39298724  0.38071738  0.38071738  0.48514434  0.40546554  0.43107668  0.41815949  0.47124977  0.45761315  0.40546554  0.41815949  0.41815949  0.41815949  0.47124977  0.47124977  0.49930682  0.44422509  0.44422509  0.45761315  0.49930682  0.44422509  0.32226617  0.44422509  0.40546554  0.40546554  0.41815949  0.44422509  0.40546554  0.39298724  0.41815949  0.41815949  0.48514434  0.49930682  0.48514434  0.49930682  0.49930682  0.40546554  0.40546554  0.36864911  0.38071738  0.43107668  0.43107668  0.43107668  0.41815949  0.41815949  0.47124977  0.55885628  0.44422509  0.54351024  0.60691725  0.44422509  0.47124977  0.45761315  0.59054503  0.59054503  0.57452978  0.52847825  0.51374773  0.54351024  0.49930682  0.52847825  0.51374773  0.59054503  0.57452978  0.52847825  0.51374773  0.51374773  0.48514434  0.48514434  0.48514434  0.48514434  0.54351024  0.45761315  0.49930682  0.48514434  0.44422509  0.44422509  0.40546554  0.40546554  0.41815949  0.54351024  0.45761315  0.47124977  0.47124977  0.51374773  0.51374773  0.52847825  0.52847825  0.48514434  0.48514434  0.44422509  0.40546554  0.40546554  0.34509159  0.36864911  0.39298724  0.40546554  0.43107668  0.43107668  0.35677592  
49_0_0     0.44422509  0.44422509  0.41815949  0.41815949  0.45761315  0.43107668  0.39298724  0.44422509  0.35677592  0.36864911  0.35677592  0.32226617  0.31111405  0.31111405  0.44422509  0.34509159  0.43107668  0.43107668  0.40546554  0.30012871  0.00000000  0.09254961  0.10917515  0.15246382  0.11763120  0.33359023  0.33359023  0.39298724  0.35677592  0.43107668  0.38071738  0.39298724  0.44422509  0.40546554  0.40546554  0.40546554  0.38071738  0.38071738  0.40546554  0.41815949  0.39298724  0.44422509  0.44422509  0.40546554  0.45761315  0.40546554  0.39298724  0.47124977  0.52847825  0.49930682  0.41815949  0.40546554  0.39298724  0.41815949  0.44422509  0.47124977  0.52847825  0.55885628  0.49930682  0.52847825  0.57452978  0.55885628  0.55885628  0.55885628  0.51374773  0.54351024  0.59054503  0.54351024  0.54351024  0.55885628  0.54351024  0.51374773  0.49930682  0.59054503  0.57452978  0.55885628  0.60691725  0.60691725  0.60691725  0.52847825  0.52847825  0.44422509  0.52847825  0.60691725  0.64079888  0.65834436  0.65834436  0.54351024  0.49930682  0.45761315  0.48514434  0.51374773  0.52847825  0.47124977  0.45761315  0.45761315  0.59054503  0.41815949  0.45761315  0.36864911  0.49930682  0.45761315  0.52847825  0.52847825  0.57452978  0.52847825  0.59054503  0.44422509  0.45761315  0.43107668  0.44422509  0.41815949  0.43107668  0.43107668  0.44422509  0.44422509  0.39298724  0.39298724  0.38071738  0.40546554  0.40546554  0.40546554  0.41815949  0.47124977  0.54351024  0.47124977  0.54351024  0.45761315  0.47124977  0.47124977  0.45761315  0.44422509  0.39298724  0.38071738  0.44422509  0.44422509  0.41815949  0.52847825  0.52847825  0.51374773  0.45761315  0.47124977  0.48514434  0.51374773  0.49930682  0.49930682  0.47124977  0.54351024  0.54351024  0.44422509  0.49930682  
