20
20_0_0     0.00000000  0.37456813  0.36593893  0.41011503  0.40106887  0.31615315  0.31615315  0.34063238  0.29244885  0.30026721  0.30026721  0.28471128  0.27705284  0.27705284  0.29244885  0.28471128  0.27705284  0.45706142  0.45706142  0.46681449  
15_0_0     0.37456813  0.00000000  0.10128815  0.12578624  0.15111295  0.33238341  0.33238341  0.31615315  0.28471128  0.29244885  0.29244885  0.30816806  0.30026721  0.30026721  0.28471128  0.30816806  0.30026721  0.40106887  0.40106887  0.39213068  
6_0_0      0.36593893  0.10128815  0.00000000  0.12578624  0.15111295  0.33238341  0.33238341  0.32422431  0.29244885  0.30026721  0.30026721  0.29244885  0.28471128  0.28471128  0.29244885  0.30026721  0.30816806  0.40106887  0.40106887  0.39213068  
14_0_0     0.41011503  0.12578624  0.12578624  0.00000000  0.19760659  0.35740804  0.35740804  0.34063238  0.31615315  0.32422431  0.32422431  0.32422431  0.33238341  0.33238341  0.30026721  0.32422431  0.31615315  0.35740804  0.35740804  0.34897324  
16_0_0     0.40106887  0.15111295  0.15111295  0.19760659  0.00000000  0.37456813  0.37456813  0.37456813  0.30816806  0.33238341  0.33238341  0.29244885  0.28471128  0.28471128  0.26947193  0.30816806  0.31615315  0.43792827  0.43792827  0.42854194  
8_0_0      0.31615315  0.33238341  0.33238341  0.35740804  0.37456813  0.00000000  0.01060100  0.08933323  0.14470052  0.15111295  0.15111295  0.23989318  0.23267750  0.23267750  0.26196699  0.17732629  0.18402555  0.46681449  0.46681449  0.47669627  
18_0_0     0.31615315  0.33238341  0.33238341  0.35740804  0.37456813  0.01060100  0.00000000  0.10128815  0.15758076  0.16410493  0.16410493  0.25453652  0.24717906  0.24717906  0.27705284  0.19078528  0.19760659  0.46681449  0.46681449  0.47669627  
19_0_0     0.34063238  0.31615315  0.32422431  0.34063238  0.37456813  0.08933323  0.10128815  0.00000000  0.12578624  0.13203807  0.13203807  0.25453652  0.24717906  0.24717906  0.27705284  0.21845144  0.21143849  0.46681449  0.46681449  0.47669627  
7_0_0      0.29244885  0.28471128  0.29244885  0.31615315  0.30816806  0.14470052  0.15758076  0.12578624  0.00000000  0.01595831  0.01595831  0.27705284  0.26947193  0.26947193  0.26947193  0.22553069  0.21845144  0.37456813  0.37456813  0.38329792  
9_0_0      0.30026721  0.29244885  0.30026721  0.32422431  0.33238341  0.15111295  0.16410493  0.13203807  0.01595831  0.00000000  0.00000000  0.30026721  0.29244885  0.29244885  0.29244885  0.24717906  0.23989318  0.40106887  0.40106887  0.41011503  
13_0_0     0.30026721  0.29244885  0.30026721  0.32422431  0.33238341  0.15111295  0.16410493  0.13203807  0.01595831  0.00000000  0.00000000  0.30026721  0.29244885  0.29244885  0.29244885  0.24717906  0.23989318  0.40106887  0.40106887  0.41011503  
4_0_0      0.28471128  0.30816806  0.29244885  0.32422431  0.29244885  0.23989318  0.25453652  0.25453652  0.27705284  0.30026721  0.30026721  0.00000000  0.00528174  0.00528174  0.02678930  0.11958617  0.12578624  0.47669627  0.47669627  0.46681449  
12_0_0     0.27705284  0.30026721  0.28471128  0.33238341  0.28471128  0.23267750  0.24717906  0.24717906  0.26947193  0.29244885  0.29244885  0.00528174  0.00000000  0.00000000  0.02135422  0.11343702  0.11958617  0.46681449  0.46681449  0.45706142  
10_0_0     0.27705284  0.30026721  0.28471128  0.33238341  0.28471128  0.23267750  0.24717906  0.24717906  0.26947193  0.29244885  0.29244885  0.00528174  0.00000000  0.00000000  0.02135422  0.11343702  0.11958617  0.46681449  0.46681449  0.45706142  
5_0_0      0.29244885  0.28471128  0.29244885  0.30026721  0.26947193  0.26196699  0.27705284  0.27705284  0.26947193  0.29244885  0.29244885  0.02678930  0.02135422  0.02135422  0.00000000  0.12578624  0.13203807  0.43792827  0.43792827  0.42854194  
11_0_0     0.28471128  0.30816806  0.30026721  0.32422431  0.30816806  0.17732629  0.19078528  0.21845144  0.22553069  0.24717906  0.24717906  0.11958617  0.11343702  0.11343702  0.12578624  0.00000000  0.01595831  0.40106887  0.38329792  0.39213068  
17_0_0     0.27705284  0.30026721  0.30816806  0.31615315  0.31615315  0.18402555  0.19760659  0.21143849  0.21845144  0.23989318  0.23989318  0.12578624  0.11958617  0.11958617  0.13203807  0.01595831  0.00000000  0.41011503  0.39213068  0.40106887  
2_0_0      0.45706142  0.40106887  0.40106887  0.35740804  0.43792827  0.46681449  0.46681449  0.46681449  0.37456813  0.40106887  0.40106887  0.47669627  0.46681449  0.46681449  0.43792827  0.40106887  0.41011503  0.00000000  0.01060100  0.00528174  
3_0_0      0.45706142  0.40106887  0.40106887  0.35740804  0.43792827  0.46681449  0.46681449  0.46681449  0.37456813  0.40106887  0.40106887  0.47669627  0.46681449  0.46681449  0.43792827  0.38329792  0.39213068  0.01060100  0.00000000  0.00528174  
1_0_0      0.46681449  0.39213068  0.39213068  0.34897324  0.42854194  0.47669627  0.47669627  0.47669627  0.38329792  0.41011503  0.41011503  0.46681449  0.45706142  0.45706142  0.42854194  0.39213068  0.40106887  0.00528174  0.00528174  0.00000000  

