20
5_0_0      0.00000000  0.19163327  0.18574941  0.16266836  0.15139083  0.52049837  0.47591409  0.47591409  0.45880227  0.44207506  0.41766870  0.47591409  0.41766870  0.44207506  0.44207506  0.44207506  0.42571555  0.50234293  0.52049837  0.55819453  
6_0_0      0.19163327  0.00000000  0.00458028  0.07689875  0.07689875  0.52049837  0.51136529  0.49342863  0.45039167  0.48461984  0.44207506  0.48461984  0.41766870  0.38632410  0.47591409  0.44207506  0.40183140  0.52974493  0.52974493  0.58777501  
11_0_0     0.18574941  0.00458028  0.00000000  0.07185265  0.07185265  0.52974493  0.52049837  0.50234293  0.45880227  0.49342863  0.45039167  0.47591409  0.42571555  0.38632410  0.46730900  0.43385036  0.39403736  0.52049837  0.52049837  0.57778365  
17_0_0     0.16266836  0.07689875  0.07185265  0.00000000  0.01849270  0.48461984  0.45880227  0.45880227  0.43385036  0.48461984  0.39403736  0.45880227  0.41766870  0.39403736  0.44207506  0.40183140  0.39403736  0.46730900  0.46730900  0.58777501  
14_0_0     0.15139083  0.07689875  0.07185265  0.01849270  0.00000000  0.45880227  0.43385036  0.43385036  0.42571555  0.45880227  0.40183140  0.45039167  0.40970793  0.41766870  0.45880227  0.40970793  0.41766870  0.47591409  0.47591409  0.55819453  
20_0_0     0.52049837  0.52049837  0.52974493  0.48461984  0.45880227  0.00000000  0.04227409  0.05691643  0.17411941  0.24045781  0.18574941  0.20354242  0.15700824  0.46730900  0.50234293  0.45880227  0.51136529  0.53910781  0.52049837  0.54858999  
8_0_0      0.47591409  0.51136529  0.52049837  0.45880227  0.43385036  0.04227409  0.00000000  0.02791426  0.13478862  0.19756403  0.13478862  0.16266836  0.11321318  0.45880227  0.47591409  0.43385036  0.50234293  0.53910781  0.52049837  0.54858999  
15_0_0     0.47591409  0.49342863  0.50234293  0.45880227  0.43385036  0.05691643  0.02791426  0.00000000  0.12392272  0.19756403  0.15700824  0.17411941  0.11321318  0.45880227  0.45880227  0.43385036  0.50234293  0.56792464  0.54858999  0.54858999  
16_0_0     0.45880227  0.45039167  0.45880227  0.43385036  0.42571555  0.17411941  0.13478862  0.12392272  0.00000000  0.09224563  0.04712293  0.10265557  0.09224563  0.44207506  0.48461984  0.46730900  0.48461984  0.52974493  0.52974493  0.53910781  
18_0_0     0.44207506  0.48461984  0.49342863  0.48461984  0.45880227  0.24045781  0.19756403  0.19756403  0.09224563  0.00000000  0.10265557  0.14581551  0.14028164  0.46730900  0.50234293  0.49342863  0.49342863  0.54858999  0.54858999  0.50234293  
7_0_0      0.41766870  0.44207506  0.45039167  0.39403736  0.40183140  0.18574941  0.13478862  0.15700824  0.04712293  0.10265557  0.00000000  0.10265557  0.10265557  0.45039167  0.47591409  0.44207506  0.49342863  0.52049837  0.53910781  0.52049837  
9_0_0      0.47591409  0.48461984  0.47591409  0.45880227  0.45039167  0.20354242  0.16266836  0.17411941  0.10265557  0.14581551  0.10265557  0.00000000  0.10791566  0.50234293  0.52049837  0.47591409  0.52049837  0.59790234  0.59790234  0.55819453  
19_0_0     0.41766870  0.41766870  0.42571555  0.41766870  0.40970793  0.15700824  0.11321318  0.11321318  0.09224563  0.14028164  0.10265557  0.10791566  0.00000000  0.46730900  0.50234293  0.47591409  0.51136529  0.56792464  0.54858999  0.52974493  
4_0_0      0.44207506  0.38632410  0.38632410  0.39403736  0.41766870  0.46730900  0.45880227  0.45880227  0.44207506  0.46730900  0.45039167  0.50234293  0.46730900  0.00000000  0.09743240  0.08709476  0.04227409  0.46730900  0.45880227  0.59790234  
12_0_0     0.44207506  0.47591409  0.46730900  0.44207506  0.45880227  0.50234293  0.47591409  0.45880227  0.48461984  0.50234293  0.47591409  0.52049837  0.50234293  0.09743240  0.00000000  0.03267015  0.06186194  0.50234293  0.49342863  0.58777501  
10_0_0     0.44207506  0.44207506  0.43385036  0.40183140  0.40970793  0.45880227  0.43385036  0.43385036  0.46730900  0.49342863  0.44207506  0.47591409  0.47591409  0.08709476  0.03267015  0.00000000  0.06186194  0.49342863  0.48461984  0.57778365  
13_0_0     0.42571555  0.40183140  0.39403736  0.39403736  0.41766870  0.51136529  0.50234293  0.50234293  0.48461984  0.49342863  0.49342863  0.52049837  0.51136529  0.04227409  0.06186194  0.06186194  0.00000000  0.44207506  0.43385036  0.59790234  
2_0_0      0.50234293  0.52974493  0.52049837  0.46730900  0.47591409  0.53910781  0.53910781  0.56792464  0.52974493  0.54858999  0.52049837  0.59790234  0.56792464  0.46730900  0.50234293  0.49342863  0.44207506  0.00000000  0.00918891  0.30636918  
1_0_0      0.52049837  0.52974493  0.52049837  0.46730900  0.47591409  0.52049837  0.52049837  0.54858999  0.52974493  0.54858999  0.53910781  0.59790234  0.54858999  0.45880227  0.49342863  0.48461984  0.43385036  0.00918891  0.00000000  0.32028203  
3_0_0      0.55819453  0.58777501  0.57778365  0.58777501  0.55819453  0.54858999  0.54858999  0.54858999  0.53910781  0.50234293  0.52049837  0.55819453  0.52974493  0.59790234  0.58777501  0.57778365  0.59790234  0.30636918  0.32028203  0.00000000  

