20
5_0_0      0.00000000  0.02979262  0.02368686  0.02979262  0.04830015  0.05441705  0.07481505  0.07481505  0.07481505  0.08159967  0.07481505  0.07481505  0.08698698  0.08698698  0.08698698  0.07435381  0.06770888  0.06681994  0.07435381  0.10074080  
10_0_0     0.02979262  0.00000000  0.00581484  0.00000000  0.02963364  0.05441705  0.06812343  0.06812343  0.06812343  0.07481505  0.06812343  0.06812343  0.08698698  0.08698698  0.08698698  0.07435381  0.06770888  0.07332862  0.07435381  0.08698698  
12_0_0     0.02368686  0.00581484  0.00000000  0.00581484  0.03577684  0.05441705  0.06152229  0.06152229  0.06152229  0.06812343  0.06152229  0.06152229  0.09381546  0.09381546  0.09381546  0.08109044  0.06115319  0.06681994  0.08109044  0.08025271  
4_0_0      0.02979262  0.00000000  0.00581484  0.00000000  0.02963364  0.05441705  0.06812343  0.06812343  0.06812343  0.07481505  0.06812343  0.06812343  0.08698698  0.08698698  0.08698698  0.07435381  0.06770888  0.07332862  0.07435381  0.08698698  
11_0_0     0.04830015  0.02963364  0.03577684  0.02963364  0.00000000  0.02356678  0.08109044  0.08109044  0.06770888  0.08792133  0.08109044  0.08109044  0.10026743  0.10026743  0.10026743  0.08742352  0.08064128  0.09303175  0.08742352  0.10724099  
17_0_0     0.05441705  0.05441705  0.05441705  0.05441705  0.02356678  0.00000000  0.08742352  0.08742352  0.06084223  0.09430132  0.08742352  0.08742352  0.09985781  0.09985781  0.09985781  0.08698698  0.08698698  0.09951252  0.08698698  0.11380313  
8_0_0      0.07481505  0.06812343  0.06152229  0.06812343  0.08109044  0.08742352  0.00000000  0.00000000  0.03597571  0.01765653  0.01169978  0.01169978  0.08025271  0.08025271  0.08025271  0.06770888  0.10187672  0.11431562  0.06770888  0.06705660  
18_0_0     0.07481505  0.06812343  0.06152229  0.06812343  0.08109044  0.08742352  0.00000000  0.00000000  0.03597571  0.01765653  0.01169978  0.01169978  0.08025271  0.08025271  0.08025271  0.06770888  0.10187672  0.11431562  0.06770888  0.06705660  
19_0_0     0.07481505  0.06812343  0.06152229  0.06812343  0.06770888  0.06084223  0.03597571  0.03597571  0.00000000  0.04223812  0.03597571  0.03597571  0.10776581  0.10776581  0.10776581  0.08109044  0.10187672  0.10026743  0.08109044  0.07361006  
7_0_0      0.08159967  0.07481505  0.06812343  0.07481505  0.08792133  0.09430132  0.01765653  0.01765653  0.04223812  0.00000000  0.00581484  0.00581484  0.06705660  0.06705660  0.06705660  0.06115319  0.09484916  0.10026743  0.06115319  0.05420783  
13_0_0     0.07481505  0.06812343  0.06152229  0.06812343  0.08109044  0.08742352  0.01169978  0.01169978  0.03597571  0.00581484  0.00000000  0.00000000  0.06705660  0.06705660  0.06705660  0.05468437  0.10187672  0.10026743  0.05468437  0.06058994  
9_0_0      0.07481505  0.06812343  0.06152229  0.06812343  0.08109044  0.08742352  0.01169978  0.01169978  0.03597571  0.00581484  0.00000000  0.00000000  0.06705660  0.06705660  0.06705660  0.05468437  0.10187672  0.10026743  0.05468437  0.06058994  
2_0_0      0.08698698  0.08698698  0.09381546  0.08698698  0.10026743  0.09985781  0.08025271  0.08025271  0.10776581  0.06705660  0.06705660  0.06705660  0.00000000  0.00000000  0.00000000  0.02350158  0.08064128  0.07361006  0.02953003  0.08605037  
3_0_0      0.08698698  0.08698698  0.09381546  0.08698698  0.10026743  0.09985781  0.08025271  0.08025271  0.10776581  0.06705660  0.06705660  0.06705660  0.00000000  0.00000000  0.00000000  0.02350158  0.08064128  0.07361006  0.02953003  0.08605037  
1_0_0      0.08698698  0.08698698  0.09381546  0.08698698  0.10026743  0.09985781  0.08025271  0.08025271  0.10776581  0.06705660  0.06705660  0.06705660  0.00000000  0.00000000  0.00000000  0.02350158  0.08064128  0.07361006  0.02953003  0.08605037  
15_0_0     0.07435381  0.07435381  0.08109044  0.07435381  0.08742352  0.08698698  0.06770888  0.06770888  0.08109044  0.06115319  0.05468437  0.05468437  0.02350158  0.02350158  0.02350158  0.00000000  0.07481505  0.05420783  0.00581484  0.06681994  
14_0_0     0.06770888  0.06770888  0.06115319  0.06770888  0.08064128  0.08698698  0.10187672  0.10187672  0.10187672  0.09484916  0.10187672  0.10187672  0.08064128  0.08064128  0.08064128  0.07481505  0.00000000  0.08025271  0.06812343  0.09339209  
6_0_0      0.06681994  0.07332862  0.06681994  0.07332862  0.09303175  0.09951252  0.11431562  0.11431562  0.10026743  0.10026743  0.10026743  0.10026743  0.07361006  0.07361006  0.07361006  0.05420783  0.08025271  0.00000000  0.06058994  0.08629983  
16_0_0     0.07435381  0.07435381  0.08109044  0.07435381  0.08742352  0.08698698  0.06770888  0.06770888  0.08109044  0.06115319  0.05468437  0.05468437  0.02953003  0.02953003  0.02953003  0.00581484  0.06812343  0.06058994  0.00000000  0.06681994  
20_0_0     0.10074080  0.08698698  0.08025271  0.08698698  0.10724099  0.11380313  0.06705660  0.06705660  0.07361006  0.05420783  0.06058994  0.06058994  0.08605037  0.08605037  0.08605037  0.06681994  0.09339209  0.08629983  0.06681994  0.00000000  

