20
5_0_0      0.00000000  0.01170476  0.01170476  0.01170476  0.03602366  0.04230452  0.05477605  0.05477605  0.06747559  0.05477605  0.05477605  0.05477605  0.14899676  0.14899676  0.14899676  0.12073909  0.11361962  0.16357371  0.12073909  0.10809436  
10_0_0     0.01170476  0.00000000  0.00000000  0.00000000  0.02370746  0.04230452  0.04204865  0.04204865  0.05448988  0.04204865  0.04204865  0.04204865  0.14899676  0.14899676  0.14899676  0.12073909  0.12796770  0.14843763  0.12073909  0.09405007  
12_0_0     0.01170476  0.00000000  0.00000000  0.00000000  0.02370746  0.04230452  0.04204865  0.04204865  0.05448988  0.04204865  0.04204865  0.04204865  0.14899676  0.14899676  0.14899676  0.12073909  0.12796770  0.14843763  0.12073909  0.09405007  
4_0_0      0.01170476  0.00000000  0.00000000  0.00000000  0.02370746  0.04230452  0.04204865  0.04204865  0.05448988  0.04204865  0.04204865  0.04204865  0.14899676  0.14899676  0.14899676  0.12073909  0.12796770  0.14843763  0.12073909  0.09405007  
11_0_0     0.03602366  0.02370746  0.02370746  0.02370746  0.00000000  0.02982535  0.04204865  0.04204865  0.05448988  0.04204865  0.04204865  0.04204865  0.13421047  0.13421047  0.13421047  0.11361962  0.10660603  0.14104796  0.11361962  0.10101993  
17_0_0     0.04230452  0.04230452  0.04230452  0.04230452  0.02982535  0.00000000  0.04836941  0.04836941  0.07410505  0.04836941  0.04836941  0.04836941  0.11987376  0.11987376  0.11987376  0.09969523  0.09288425  0.12660721  0.09969523  0.10809436  
8_0_0      0.05477605  0.04204865  0.04204865  0.04204865  0.04204865  0.04836941  0.00000000  0.00581607  0.04204865  0.00000000  0.00000000  0.00000000  0.14843763  0.14843763  0.14843763  0.12027055  0.11320718  0.12630070  0.13472285  0.10051070  
18_0_0     0.05477605  0.04204865  0.04204865  0.04204865  0.04204865  0.04836941  0.00581607  0.00000000  0.03581149  0.00581607  0.00581607  0.00581607  0.14843763  0.14843763  0.14843763  0.12027055  0.11320718  0.12630070  0.13472285  0.10051070  
19_0_0     0.06747559  0.05448988  0.05448988  0.05448988  0.05448988  0.07410505  0.04204865  0.03581149  0.00000000  0.04204865  0.04204865  0.04204865  0.13421047  0.13421047  0.13421047  0.12073909  0.10660603  0.14755042  0.10660603  0.08644115  
7_0_0      0.05477605  0.04204865  0.04204865  0.04204865  0.04204865  0.04836941  0.00000000  0.00581607  0.04204865  0.00000000  0.00000000  0.00000000  0.14843763  0.14843763  0.14843763  0.12027055  0.11320718  0.12630070  0.13472285  0.10051070  
13_0_0     0.05477605  0.04204865  0.04204865  0.04204865  0.04204865  0.04836941  0.00000000  0.00581607  0.04204865  0.00000000  0.00000000  0.00000000  0.14843763  0.14843763  0.14843763  0.12027055  0.11320718  0.12630070  0.13472285  0.10051070  
9_0_0      0.05477605  0.04204865  0.04204865  0.04204865  0.04204865  0.04836941  0.00000000  0.00581607  0.04204865  0.00000000  0.00000000  0.00000000  0.14843763  0.14843763  0.14843763  0.12027055  0.11320718  0.12630070  0.13472285  0.10051070  
2_0_0      0.14899676  0.14899676  0.14899676  0.14899676  0.13421047  0.11987376  0.14843763  0.14843763  0.13421047  0.14843763  0.14843763  0.14843763  0.00000000  0.00000000  0.00000000  0.07410505  0.09457168  0.15594494  0.06747559  0.14104796  
3_0_0      0.14899676  0.14899676  0.14899676  0.14899676  0.13421047  0.11987376  0.14843763  0.14843763  0.13421047  0.14843763  0.14843763  0.14843763  0.00000000  0.00000000  0.00000000  0.07410505  0.09457168  0.15594494  0.06747559  0.14104796  
1_0_0      0.14899676  0.14899676  0.14899676  0.14899676  0.13421047  0.11987376  0.14843763  0.14843763  0.13421047  0.14843763  0.14843763  0.14843763  0.00000000  0.00000000  0.00000000  0.07410505  0.09457168  0.15594494  0.06747559  0.14104796  
15_0_0     0.12073909  0.12073909  0.12073909  0.12073909  0.11361962  0.09969523  0.12027055  0.12027055  0.12073909  0.12027055  0.12027055  0.12027055  0.07410505  0.07410505  0.07410505  0.00000000  0.04867018  0.14211856  0.01766792  0.12660721  
14_0_0     0.11361962  0.12796770  0.12796770  0.12796770  0.10660603  0.09288425  0.11320718  0.11320718  0.10660603  0.11320718  0.11320718  0.11320718  0.09457168  0.09457168  0.09457168  0.04867018  0.00000000  0.12744133  0.04230452  0.11259556  
6_0_0      0.16357371  0.14843763  0.14843763  0.14843763  0.14104796  0.12660721  0.12630070  0.12630070  0.14755042  0.12630070  0.12630070  0.12630070  0.15594494  0.15594494  0.15594494  0.14211856  0.12744133  0.00000000  0.13472285  0.16296465  
16_0_0     0.12073909  0.12073909  0.12073909  0.12073909  0.11361962  0.09969523  0.13472285  0.13472285  0.10660603  0.13472285  0.13472285  0.13472285  0.06747559  0.06747559  0.06747559  0.01766792  0.04230452  0.13472285  0.00000000  0.12660721  
20_0_0     0.10809436  0.09405007  0.09405007  0.09405007  0.10101993  0.10809436  0.10051070  0.10051070  0.08644115  0.10051070  0.10051070  0.10051070  0.14104796  0.14104796  0.14104796  0.12660721  0.11259556  0.16296465  0.12660721  0.00000000  

