20
5_0_0      0.00000000  0.01170107  0.01170107  0.01170107  0.05422147  0.06060876  0.10845035  0.11564686  0.09437075  0.10135933  0.10135933  0.10135933  0.06738431  0.06738431  0.06738431  0.07995791  0.09276882  0.09387500  0.08029278  0.11564686  
10_0_0     0.01170107  0.00000000  0.00000000  0.00000000  0.04791742  0.04791742  0.10845035  0.11564686  0.09437075  0.10135933  0.10135933  0.10135933  0.06738431  0.06738431  0.06738431  0.07335405  0.08607656  0.09387500  0.07364205  0.10135933  
12_0_0     0.01170107  0.00000000  0.00000000  0.00000000  0.04791742  0.04791742  0.10845035  0.11564686  0.09437075  0.10135933  0.10135933  0.10135933  0.06738431  0.06738431  0.06738431  0.07335405  0.08607656  0.09387500  0.07364205  0.10135933  
4_0_0      0.01170107  0.00000000  0.00000000  0.00000000  0.04791742  0.04791742  0.10845035  0.11564686  0.09437075  0.10135933  0.10135933  0.10135933  0.06738431  0.06738431  0.06738431  0.07335405  0.08607656  0.09387500  0.07364205  0.10135933  
11_0_0     0.05422147  0.04791742  0.04791742  0.04791742  0.00000000  0.03563965  0.11499127  0.10784961  0.09387500  0.08703622  0.09387500  0.09387500  0.09307349  0.09307349  0.09307349  0.08703622  0.09990913  0.10643764  0.08068937  0.11499127  
17_0_0     0.06060876  0.04791742  0.04791742  0.04791742  0.03563965  0.00000000  0.10081184  0.09387500  0.07364205  0.07364205  0.08029278  0.08029278  0.10684275  0.10684275  0.10684275  0.09307349  0.10609885  0.09955495  0.07335405  0.10784961  
8_0_0      0.10845035  0.10845035  0.10845035  0.10845035  0.11499127  0.10081184  0.00000000  0.00581516  0.06155930  0.02369220  0.01765949  0.01765949  0.08748170  0.08748170  0.08748170  0.10032827  0.12050395  0.11387719  0.09307349  0.10264422  
18_0_0     0.11564686  0.11564686  0.11564686  0.11564686  0.10784961  0.09387500  0.00581516  0.00000000  0.05503868  0.01765949  0.01170107  0.01170107  0.09437075  0.09437075  0.09437075  0.10032827  0.12050395  0.10684275  0.09307349  0.09554982  
19_0_0     0.09437075  0.09437075  0.09437075  0.09437075  0.09387500  0.07364205  0.06155930  0.05503868  0.00000000  0.03598814  0.04225533  0.04225533  0.10845035  0.10845035  0.10845035  0.10032827  0.10643764  0.09990913  0.09990913  0.10264422  
7_0_0      0.10135933  0.10135933  0.10135933  0.10135933  0.08703622  0.07364205  0.02369220  0.01765949  0.03598814  0.00000000  0.00581516  0.00581516  0.08068937  0.08068937  0.08068937  0.08665318  0.10643764  0.10684275  0.07968533  0.10264422  
13_0_0     0.10135933  0.10135933  0.10135933  0.10135933  0.09387500  0.08029278  0.01765949  0.01170107  0.04225533  0.00581516  0.00000000  0.00000000  0.08068937  0.08068937  0.08068937  0.08665318  0.10643764  0.10684275  0.07968533  0.09554982  
9_0_0      0.10135933  0.10135933  0.10135933  0.10135933  0.09387500  0.08029278  0.01765949  0.01170107  0.04225533  0.00581516  0.00000000  0.00000000  0.08068937  0.08068937  0.08068937  0.08665318  0.10643764  0.10684275  0.07968533  0.09554982  
2_0_0      0.06738431  0.06738431  0.06738431  0.06738431  0.09307349  0.10684275  0.08748170  0.09437075  0.10845035  0.08068937  0.08068937  0.08068937  0.00000000  0.00000000  0.00000000  0.04780481  0.07296354  0.10684275  0.05397180  0.10135933  
3_0_0      0.06738431  0.06738431  0.06738431  0.06738431  0.09307349  0.10684275  0.08748170  0.09437075  0.10845035  0.08068937  0.08068937  0.08068937  0.00000000  0.00000000  0.00000000  0.04780481  0.07296354  0.10684275  0.05397180  0.10135933  
1_0_0      0.06738431  0.06738431  0.06738431  0.06738431  0.09307349  0.10684275  0.08748170  0.09437075  0.10845035  0.08068937  0.08068937  0.08068937  0.00000000  0.00000000  0.00000000  0.04780481  0.07296354  0.10684275  0.05397180  0.10135933  
15_0_0     0.07995791  0.07335405  0.07335405  0.07335405  0.08703622  0.09307349  0.10032827  0.10032827  0.10032827  0.08665318  0.08665318  0.08665318  0.04780481  0.04780481  0.04780481  0.00000000  0.04808867  0.10609885  0.02963925  0.10032827  
14_0_0     0.09276882  0.08607656  0.08607656  0.08607656  0.09990913  0.10609885  0.12050395  0.12050395  0.10643764  0.10643764  0.10643764  0.10643764  0.07296354  0.07296354  0.07296354  0.04808867  0.00000000  0.08588419  0.06708151  0.10643764  
6_0_0      0.09387500  0.09387500  0.09387500  0.09387500  0.10643764  0.09955495  0.11387719  0.10684275  0.09990913  0.10684275  0.10684275  0.10684275  0.10684275  0.10684275  0.10684275  0.10609885  0.08588419  0.00000000  0.09276882  0.12101543  
16_0_0     0.08029278  0.07364205  0.07364205  0.07364205  0.08068937  0.07335405  0.09307349  0.09307349  0.09990913  0.07968533  0.07968533  0.07968533  0.05397180  0.05397180  0.05397180  0.02963925  0.06708151  0.09276882  0.00000000  0.09990913  
20_0_0     0.11564686  0.10135933  0.10135933  0.10135933  0.11499127  0.10784961  0.10264422  0.09554982  0.10264422  0.10264422  0.09554982  0.09554982  0.10135933  0.10135933  0.10135933  0.10032827  0.10643764  0.12101543  0.09990913  0.00000000  

