13
100_0_0    0.00000000  0.12642615  0.12642615  0.24784974  0.22489143  0.22489143  0.25566687  0.22489143  0.24011595  0.23246375  0.20263751  0.24011595  0.22489143  
93_1_0     0.12642615  0.00000000  0.00000000  0.23246375  0.21739735  0.21739735  0.23246375  0.21739735  0.23246375  0.22489143  0.18817202  0.23246375  0.21739735  
93_0_0     0.12642615  0.00000000  0.00000000  0.23246375  0.21739735  0.21739735  0.23246375  0.21739735  0.23246375  0.22489143  0.18817202  0.23246375  0.21739735  
98_0_0     0.24784974  0.23246375  0.23246375  0.00000000  0.02816405  0.02816405  0.06347105  0.02816405  0.05151008  0.03393049  0.06347105  0.07563254  0.07563254  
87_4_0     0.22489143  0.21739735  0.21739735  0.02816405  0.00000000  0.00000000  0.03393049  0.00000000  0.03393049  0.00554601  0.05746591  0.06952631  0.06952631  
87_3_0     0.22489143  0.21739735  0.21739735  0.02816405  0.00000000  0.00000000  0.03393049  0.00000000  0.03393049  0.00554601  0.05746591  0.06952631  0.06952631  
85_3_0     0.25566687  0.23246375  0.23246375  0.06347105  0.03393049  0.03393049  0.00000000  0.03393049  0.06952631  0.03974315  0.09426585  0.10695939  0.10695939  
87_0_0     0.22489143  0.21739735  0.21739735  0.02816405  0.00000000  0.00000000  0.03393049  0.00000000  0.03393049  0.00554601  0.05746591  0.06952631  0.06952631  
85_0_0     0.24011595  0.23246375  0.23246375  0.05151008  0.03393049  0.03393049  0.06952631  0.03393049  0.00000000  0.03974315  0.08179062  0.10695939  0.10695939  
77_0_0     0.23246375  0.22489143  0.22489143  0.03393049  0.00554601  0.00554601  0.03974315  0.00554601  0.03974315  0.00000000  0.06347105  0.07563254  0.07563254  
87_2_0     0.20263751  0.18817202  0.18817202  0.06347105  0.05746591  0.05746591  0.09426585  0.05746591  0.08179062  0.06347105  0.00000000  0.08179062  0.08179062  
91_5_0     0.24011595  0.23246375  0.23246375  0.07563254  0.06952631  0.06952631  0.10695939  0.06952631  0.10695939  0.07563254  0.08179062  0.00000000  0.03393049  
91_0_0     0.22489143  0.21739735  0.21739735  0.07563254  0.06952631  0.06952631  0.10695939  0.06952631  0.10695939  0.07563254  0.08179062  0.03393049  0.00000000  

