20
10_0_0     0.00000000  0.13967888  0.13203800  0.15519936  0.15519936  0.16308232  0.22933533  0.22072491  0.20379642  0.17910247  0.17910247  0.23804624  0.29256092  0.29256092  0.27394346  0.27394346  0.27394346  0.30204672  0.30204672  0.31165463  
11_0_0     0.13967888  0.00000000  0.00639676  0.05277807  0.05964565  0.08063584  0.13203800  0.11698695  0.17910247  0.18724336  0.15519936  0.23804624  0.27394346  0.27394346  0.28319415  0.31165463  0.29256092  0.29256092  0.29256092  0.33124959  
4_0_0      0.13203800  0.00639676  0.00000000  0.05964565  0.06657700  0.08776582  0.13967888  0.12447454  0.17104942  0.17910247  0.14739878  0.22933533  0.28319415  0.28319415  0.27394346  0.30204672  0.30204672  0.30204672  0.30204672  0.32138781  
2_0_0      0.15519936  0.05277807  0.05964565  0.00000000  0.00639676  0.08063584  0.13203800  0.11698695  0.22933533  0.22072491  0.22072491  0.25577908  0.29256092  0.29256092  0.30204672  0.33124959  0.31165463  0.29256092  0.29256092  0.32138781  
12_0_0     0.15519936  0.05964565  0.06657700  0.00639676  0.00000000  0.07357333  0.12447454  0.12447454  0.23804624  0.22933533  0.22933533  0.26480602  0.28319415  0.28319415  0.29256092  0.32138781  0.32138781  0.28319415  0.28319415  0.33124959  
5_0_0      0.16308232  0.08063584  0.08776582  0.08063584  0.07357333  0.00000000  0.09496456  0.09496456  0.24686000  0.25577908  0.23804624  0.25577908  0.28319415  0.28319415  0.29256092  0.30204672  0.28319415  0.30204672  0.30204672  0.35137285  
8_0_0      0.22933533  0.13203800  0.13967888  0.13203800  0.12447454  0.09496456  0.00000000  0.01284881  0.27394346  0.28319415  0.25577908  0.32138781  0.29256092  0.29256092  0.28319415  0.29256092  0.33124959  0.29256092  0.29256092  0.38261299  
1_0_0      0.22072491  0.11698695  0.12447454  0.11698695  0.12447454  0.09496456  0.01284881  0.00000000  0.25577908  0.26480602  0.23804624  0.30204672  0.30204672  0.30204672  0.29256092  0.30204672  0.32138781  0.30204672  0.30204672  0.37205366  
3_0_0      0.20379642  0.17910247  0.17104942  0.22933533  0.23804624  0.24686000  0.27394346  0.25577908  0.00000000  0.01935711  0.07357333  0.22933533  0.32138781  0.32138781  0.30204672  0.32138781  0.38261299  0.32138781  0.32138781  0.38261299  
6_0_0      0.17910247  0.18724336  0.17910247  0.22072491  0.22933533  0.25577908  0.28319415  0.26480602  0.01935711  0.00000000  0.06657700  0.22072491  0.35137285  0.35137285  0.33124959  0.35137285  0.35137285  0.31165463  0.31165463  0.37205366  
9_0_0      0.17910247  0.15519936  0.14739878  0.22072491  0.22933533  0.23804624  0.25577908  0.23804624  0.07357333  0.06657700  0.00000000  0.22072491  0.31165463  0.31165463  0.26480602  0.32138781  0.34124341  0.26480602  0.26480602  0.36164163  
7_0_0      0.23804624  0.23804624  0.22933533  0.25577908  0.26480602  0.25577908  0.32138781  0.30204672  0.22933533  0.22072491  0.22072491  0.00000000  0.29256092  0.29256092  0.30204672  0.30204672  0.32138781  0.28319415  0.28319415  0.27394346  
15_0_0     0.29256092  0.27394346  0.28319415  0.29256092  0.28319415  0.28319415  0.29256092  0.30204672  0.32138781  0.35137285  0.31165463  0.29256092  0.00000000  0.00000000  0.03922960  0.05964565  0.23804624  0.17104942  0.17104942  0.16308232  
17_0_0     0.29256092  0.27394346  0.28319415  0.29256092  0.28319415  0.28319415  0.29256092  0.30204672  0.32138781  0.35137285  0.31165463  0.29256092  0.00000000  0.00000000  0.03922960  0.05964565  0.23804624  0.17104942  0.17104942  0.16308232  
14_0_0     0.27394346  0.28319415  0.27394346  0.30204672  0.29256092  0.29256092  0.28319415  0.29256092  0.30204672  0.33124959  0.26480602  0.30204672  0.03922960  0.03922960  0.00000000  0.04597309  0.21221268  0.14739878  0.14739878  0.16308232  
18_0_0     0.27394346  0.31165463  0.30204672  0.33124959  0.32138781  0.30204672  0.29256092  0.30204672  0.32138781  0.35137285  0.32138781  0.30204672  0.05964565  0.05964565  0.04597309  0.00000000  0.23804624  0.17104942  0.17104942  0.17104942  
20_0_0     0.27394346  0.29256092  0.30204672  0.31165463  0.32138781  0.28319415  0.33124959  0.32138781  0.38261299  0.35137285  0.34124341  0.32138781  0.23804624  0.23804624  0.21221268  0.23804624  0.00000000  0.11698695  0.11698695  0.16308232  
13_0_0     0.30204672  0.29256092  0.30204672  0.29256092  0.28319415  0.30204672  0.29256092  0.30204672  0.32138781  0.31165463  0.26480602  0.28319415  0.17104942  0.17104942  0.14739878  0.17104942  0.11698695  0.00000000  0.00000000  0.13203800  
19_0_0     0.30204672  0.29256092  0.30204672  0.29256092  0.28319415  0.30204672  0.29256092  0.30204672  0.32138781  0.31165463  0.26480602  0.28319415  0.17104942  0.17104942  0.14739878  0.17104942  0.11698695  0.00000000  0.00000000  0.13203800  
16_0_0     0.31165463  0.33124959  0.32138781  0.32138781  0.33124959  0.35137285  0.38261299  0.37205366  0.38261299  0.37205366  0.36164163  0.27394346  0.16308232  0.16308232  0.16308232  0.17104942  0.16308232  0.13203800  0.13203800  0.00000000  

