202
65_270_0   0.00000000  0.00764391  0.05115810  0.02710647  0.02710647  0.01536761  0.08876816  0.08876816  0.08024361  0.11051936  0.09306755  0.06763814  0.06763814  0.08876816  0.08876816  0.12388377  0.16074928  0.15603938  0.16548934  0.17025997  0.16074928  0.17025997  0.15603938  0.15603938  0.15603938  0.17506156  0.11494740  0.12839275  0.15135928  0.22487317  0.22487317  0.22487317  0.22487317  0.22487317  0.23525091  0.23525091  0.25109564  0.24577627  0.24577627  0.23525091  0.25109564  0.29508600  0.30077334  0.24577627  0.25645352  0.23004385  0.21973838  0.21463897  0.24049488  0.20957447  0.20957447  0.45934459  0.46645239  0.45934459  0.43157711  0.45230442  0.45934459  0.46645239  0.43157711  0.41141463  0.40481407  0.39827188  0.44533060  0.41141463  0.41141463  0.41141463  0.39827188  0.42479505  0.43842190  0.41141463  0.42479505  0.41141463  0.39827188  0.40481407  0.39178702  0.39178702  0.44533060  0.43157711  0.37898535  0.41141463  0.50305311  0.48819487  0.48819487  0.51059563  0.48819487  0.44533060  0.49558669  0.48819487  0.46645239  0.45934459  0.53369578  0.54155892  0.49558669  0.58217910  0.60766657  0.58217910  0.58217910  0.66143684  0.59907283  0.60766657  0.61636129  0.61636129  0.56566249  0.60766657  0.59907283  0.60766657  0.59907283  0.59057775  0.63406338  0.62515940  0.50305311  0.50305311  0.53369578  0.57387471  0.57387471  0.55754041  0.57387471  0.54950652  0.57387471  0.58217910  0.59057775  0.59907283  0.56566249  0.56566249  0.56566249  0.57387471  0.58217910  0.58217910  0.54950652  0.53369578  0.58217910  0.52591533  0.50305311  0.57387471  0.54950652  0.51059563  0.51821583  0.57387471  0.49558669  0.48819487  0.47362913  0.49558669  0.49558669  0.48819487  0.48819487  0.48087616  0.48087616  0.48087616  0.45934459  0.49558669  0.48087616  0.51821583  0.49558669  0.42479505  0.45934459  0.45230442  0.51059563  0.53369578  0.49558669  0.51059563  0.51059563  0.51821583  0.51821583  0.52591533  0.49558669  0.48087616  0.51821583  0.50305311  0.51821583  0.52591533  0.47362913  0.48087616  0.47362913  0.48087616  0.48819487  0.48819487  0.54155892  0.51821583  0.51821583  0.48819487  0.48087616  0.48819487  0.48087616  0.48087616  0.56566249  0.52591533  0.50305311  0.49558669  0.49558669  0.48819487  0.54155892  0.48087616  0.48087616  0.48087616  0.47362913  0.50305311  0.51821583  0.50305311  0.51821583  0.51059563  0.49558669  0.47362913  
55_270_0   0.00764391  0.00000000  0.04305371  0.01925991  0.01925991  0.00764391  0.08024361  0.08024361  0.08024361  0.11051936  0.08449361  0.05935224  0.05935224  0.08024361  0.08024361  0.12388377  0.16074928  0.15603938  0.16548934  0.17025997  0.16074928  0.17025997  0.15603938  0.15603938  0.15603938  0.16548934  0.10611767  0.11940209  0.15135928  0.21973838  0.21973838  0.21973838  0.21973838  0.21973838  0.23525091  0.23525091  0.24049488  0.23525091  0.23525091  0.22487317  0.24049488  0.29508600  0.28944204  0.23525091  0.24577627  0.21973838  0.20957447  0.20454439  0.24049488  0.20957447  0.20957447  0.45230442  0.45934459  0.45230442  0.42479505  0.44533060  0.45230442  0.45934459  0.42479505  0.39827188  0.40481407  0.39827188  0.43157711  0.39827188  0.39827188  0.39827188  0.38535850  0.41141463  0.42479505  0.39827188  0.41141463  0.39827188  0.38535850  0.40481407  0.37898535  0.37898535  0.43157711  0.41807460  0.36640141  0.41141463  0.51821583  0.50305311  0.50305311  0.51059563  0.50305311  0.43157711  0.49558669  0.48819487  0.46645239  0.44533060  0.53369578  0.54155892  0.49558669  0.59057775  0.61636129  0.59057775  0.59057775  0.67079108  0.60766657  0.61636129  0.62515940  0.62515940  0.57387471  0.61636129  0.60766657  0.61636129  0.60766657  0.59907283  0.64307581  0.63406338  0.48819487  0.48819487  0.51821583  0.55754041  0.55754041  0.54155892  0.55754041  0.53369578  0.55754041  0.56566249  0.59057775  0.58217910  0.54950652  0.54950652  0.56566249  0.55754041  0.56566249  0.56566249  0.53369578  0.51821583  0.56566249  0.51059563  0.50305311  0.57387471  0.53369578  0.51059563  0.50305311  0.55754041  0.51059563  0.50305311  0.48819487  0.51059563  0.51059563  0.50305311  0.50305311  0.49558669  0.49558669  0.49558669  0.45934459  0.49558669  0.48087616  0.51821583  0.49558669  0.42479505  0.44533060  0.43842190  0.51059563  0.53369578  0.49558669  0.51059563  0.52591533  0.51821583  0.51821583  0.52591533  0.49558669  0.48087616  0.51821583  0.50305311  0.51821583  0.54155892  0.48819487  0.49558669  0.48819487  0.49558669  0.48819487  0.48819487  0.55754041  0.53369578  0.53369578  0.48819487  0.48087616  0.48819487  0.49558669  0.49558669  0.56566249  0.54155892  0.51821583  0.51059563  0.51059563  0.50305311  0.55754041  0.48087616  0.48087616  0.48087616  0.47362913  0.50305311  0.51821583  0.50305311  0.51821583  0.51059563  0.49558669  0.47362913  
78_270_0   0.05115810  0.04305371  0.00000000  0.05524383  0.05524383  0.04305371  0.11051936  0.11051936  0.10174201  0.12388377  0.11494740  0.08876816  0.08876816  0.11051936  0.11051936  0.16548934  0.19954828  0.19458568  0.20454439  0.20957447  0.19954828  0.19954828  0.19458568  0.19458568  0.19458568  0.19954828  0.13749400  0.15135928  0.18475922  0.26185048  0.26185048  0.26185048  0.26185048  0.26185048  0.27828165  0.27828165  0.28384081  0.27828165  0.27828165  0.26728710  0.28384081  0.33584717  0.32988486  0.27276395  0.28384081  0.25645352  0.25109564  0.25645352  0.28384081  0.24049488  0.24049488  0.51059563  0.51821583  0.51059563  0.48087616  0.45934459  0.46645239  0.47362913  0.45230442  0.43842190  0.45934459  0.43842190  0.45934459  0.42479505  0.43842190  0.43842190  0.42479505  0.45230442  0.46645239  0.43842190  0.45934459  0.43842190  0.42479505  0.44533060  0.41807460  0.41807460  0.46645239  0.44533060  0.39178702  0.43842190  0.55754041  0.54155892  0.54155892  0.53369578  0.54155892  0.46645239  0.50305311  0.48819487  0.47362913  0.46645239  0.54155892  0.54950652  0.49558669  0.58217910  0.62515940  0.59907283  0.59907283  0.67079108  0.60766657  0.61636129  0.62515940  0.62515940  0.59057775  0.61636129  0.60766657  0.61636129  0.60766657  0.59907283  0.64307581  0.63406338  0.49558669  0.49558669  0.51059563  0.54950652  0.54950652  0.53369578  0.54950652  0.51821583  0.55754041  0.57387471  0.58217910  0.59907283  0.56566249  0.54950652  0.54155892  0.54950652  0.55754041  0.55754041  0.54950652  0.54155892  0.55754041  0.51821583  0.51059563  0.56566249  0.54155892  0.51821583  0.49558669  0.54950652  0.54155892  0.53369578  0.51821583  0.54155892  0.54155892  0.53369578  0.53369578  0.52591533  0.52591533  0.52591533  0.46645239  0.50305311  0.48819487  0.51059563  0.51059563  0.44533060  0.46645239  0.45934459  0.54155892  0.54950652  0.52591533  0.52591533  0.54155892  0.54950652  0.54950652  0.55754041  0.52591533  0.51821583  0.54950652  0.53369578  0.54950652  0.58217910  0.48819487  0.49558669  0.48819487  0.51821583  0.50305311  0.50305311  0.56566249  0.54155892  0.54155892  0.51059563  0.49558669  0.50305311  0.52591533  0.51059563  0.59907283  0.55754041  0.54950652  0.54155892  0.54950652  0.54155892  0.57387471  0.51821583  0.51821583  0.51821583  0.49558669  0.54155892  0.55754041  0.54155892  0.55754041  0.54950652  0.53369578  0.51059563  
78_295_0   0.02710647  0.01925991  0.05524383  0.00000000  0.00000000  0.01925991  0.09306755  0.09306755  0.09306755  0.12388377  0.08876816  0.07181615  0.07181615  0.08449361  0.08449361  0.11940209  0.16548934  0.17025997  0.17025997  0.17506156  0.16548934  0.16548934  0.16074928  0.16074928  0.16074928  0.17025997  0.11051936  0.12388377  0.15603938  0.21463897  0.21463897  0.21463897  0.21463897  0.21463897  0.24049488  0.24049488  0.24577627  0.24049488  0.24049488  0.23004385  0.24577627  0.27828165  0.27276395  0.24049488  0.25109564  0.23525091  0.22487317  0.23004385  0.25645352  0.22487317  0.22487317  0.47362913  0.48087616  0.47362913  0.44533060  0.43842190  0.44533060  0.45230442  0.41807460  0.40481407  0.41141463  0.40481407  0.43842190  0.40481407  0.40481407  0.40481407  0.39178702  0.41807460  0.42479505  0.41807460  0.40481407  0.39178702  0.37898535  0.39827188  0.37266663  0.37266663  0.42479505  0.41141463  0.38535850  0.43157711  0.51821583  0.50305311  0.50305311  0.51059563  0.50305311  0.42479505  0.48819487  0.46645239  0.44533060  0.43842190  0.52591533  0.51821583  0.47362913  0.57387471  0.59907283  0.57387471  0.57387471  0.66143684  0.60766657  0.60766657  0.61636129  0.61636129  0.56566249  0.60766657  0.59907283  0.60766657  0.59907283  0.59057775  0.63406338  0.62515940  0.49558669  0.49558669  0.51059563  0.53369578  0.54950652  0.53369578  0.54950652  0.52591533  0.54950652  0.55754041  0.58217910  0.55754041  0.52591533  0.52591533  0.55754041  0.54950652  0.55754041  0.55754041  0.51821583  0.50305311  0.55754041  0.51821583  0.49558669  0.58217910  0.54155892  0.51821583  0.51059563  0.53369578  0.49558669  0.48819487  0.47362913  0.49558669  0.49558669  0.48819487  0.48819487  0.48087616  0.48087616  0.48087616  0.45934459  0.49558669  0.48087616  0.51821583  0.49558669  0.43842190  0.45934459  0.45230442  0.51059563  0.53369578  0.49558669  0.52591533  0.51059563  0.51821583  0.51821583  0.52591533  0.49558669  0.48087616  0.51821583  0.50305311  0.51821583  0.55754041  0.48087616  0.48819487  0.46645239  0.48819487  0.48087616  0.48087616  0.54950652  0.52591533  0.52591533  0.48087616  0.47362913  0.48087616  0.48819487  0.48819487  0.53369578  0.51059563  0.48819487  0.48087616  0.49558669  0.50305311  0.53369578  0.46645239  0.46645239  0.46645239  0.47362913  0.50305311  0.50305311  0.48819487  0.50305311  0.49558669  0.48087616  0.45934459  
78_284_0   0.02710647  0.01925991  0.05524383  0.00000000  0.00000000  0.01925991  0.09306755  0.09306755  0.09306755  0.12388377  0.08876816  0.07181615  0.07181615  0.08449361  0.08449361  0.11940209  0.16548934  0.17025997  0.17025997  0.17506156  0.16548934  0.16548934  0.16074928  0.16074928  0.16074928  0.17025997  0.11051936  0.12388377  0.15603938  0.21463897  0.21463897  0.21463897  0.21463897  0.21463897  0.24049488  0.24049488  0.24577627  0.24049488  0.24049488  0.23004385  0.24577627  0.27828165  0.27276395  0.24049488  0.25109564  0.23525091  0.22487317  0.23004385  0.25645352  0.22487317  0.22487317  0.47362913  0.48087616  0.47362913  0.44533060  0.43842190  0.44533060  0.45230442  0.41807460  0.40481407  0.41141463  0.40481407  0.43842190  0.40481407  0.40481407  0.40481407  0.39178702  0.41807460  0.42479505  0.41807460  0.40481407  0.39178702  0.37898535  0.39827188  0.37266663  0.37266663  0.42479505  0.41141463  0.38535850  0.43157711  0.51821583  0.50305311  0.50305311  0.51059563  0.50305311  0.42479505  0.48819487  0.46645239  0.44533060  0.43842190  0.52591533  0.51821583  0.47362913  0.57387471  0.59907283  0.57387471  0.57387471  0.66143684  0.60766657  0.60766657  0.61636129  0.61636129  0.56566249  0.60766657  0.59907283  0.60766657  0.59907283  0.59057775  0.63406338  0.62515940  0.49558669  0.49558669  0.51059563  0.53369578  0.54950652  0.53369578  0.54950652  0.52591533  0.54950652  0.55754041  0.58217910  0.55754041  0.52591533  0.52591533  0.55754041  0.54950652  0.55754041  0.55754041  0.51821583  0.50305311  0.55754041  0.51821583  0.49558669  0.58217910  0.54155892  0.51821583  0.51059563  0.53369578  0.49558669  0.48819487  0.47362913  0.49558669  0.49558669  0.48819487  0.48819487  0.48087616  0.48087616  0.48087616  0.45934459  0.49558669  0.48087616  0.51821583  0.49558669  0.43842190  0.45934459  0.45230442  0.51059563  0.53369578  0.49558669  0.52591533  0.51059563  0.51821583  0.51821583  0.52591533  0.49558669  0.48087616  0.51821583  0.50305311  0.51821583  0.55754041  0.48087616  0.48819487  0.46645239  0.48819487  0.48087616  0.48087616  0.54950652  0.52591533  0.52591533  0.48087616  0.47362913  0.48087616  0.48819487  0.48819487  0.53369578  0.51059563  0.48819487  0.48087616  0.49558669  0.50305311  0.53369578  0.46645239  0.46645239  0.46645239  0.47362913  0.50305311  0.50305311  0.48819487  0.50305311  0.49558669  0.48087616  0.45934459  
55_284_0   0.01536761  0.00764391  0.04305371  0.01925991  0.01925991  0.00000000  0.08024361  0.08024361  0.08024361  0.11051936  0.08449361  0.05935224  0.05935224  0.07181615  0.07181615  0.11494740  0.15135928  0.14670859  0.15603938  0.16074928  0.15135928  0.16074928  0.14670859  0.15603938  0.15603938  0.16548934  0.10611767  0.11940209  0.15135928  0.21973838  0.21973838  0.21973838  0.21973838  0.21973838  0.23525091  0.23525091  0.23004385  0.22487317  0.22487317  0.22487317  0.24049488  0.29508600  0.28944204  0.23525091  0.24577627  0.21973838  0.20957447  0.21463897  0.25109564  0.20957447  0.20957447  0.45230442  0.45934459  0.45230442  0.42479505  0.44533060  0.45230442  0.45934459  0.42479505  0.39827188  0.40481407  0.39827188  0.43157711  0.39827188  0.39827188  0.39827188  0.38535850  0.41141463  0.42479505  0.39827188  0.41141463  0.41141463  0.39827188  0.40481407  0.37898535  0.37898535  0.43157711  0.41807460  0.36640141  0.41141463  0.53369578  0.51821583  0.51821583  0.52591533  0.50305311  0.43157711  0.48087616  0.48819487  0.46645239  0.45934459  0.53369578  0.54155892  0.49558669  0.59907283  0.62515940  0.59907283  0.59907283  0.68026510  0.61636129  0.62515940  0.63406338  0.63406338  0.58217910  0.62515940  0.61636129  0.62515940  0.61636129  0.60766657  0.65219938  0.64307581  0.48819487  0.48819487  0.50305311  0.54155892  0.54155892  0.52591533  0.54155892  0.51821583  0.54155892  0.56566249  0.57387471  0.56566249  0.53369578  0.53369578  0.54950652  0.54155892  0.54950652  0.54950652  0.53369578  0.50305311  0.54950652  0.51059563  0.50305311  0.57387471  0.53369578  0.51059563  0.50305311  0.54155892  0.52591533  0.51821583  0.50305311  0.52591533  0.52591533  0.51821583  0.51821583  0.51059563  0.51059563  0.51059563  0.47362913  0.51059563  0.49558669  0.50305311  0.48087616  0.43842190  0.45934459  0.45230442  0.49558669  0.52591533  0.49558669  0.51059563  0.52591533  0.51821583  0.51821583  0.52591533  0.48087616  0.48087616  0.51821583  0.50305311  0.51821583  0.54155892  0.48819487  0.49558669  0.48819487  0.51059563  0.48819487  0.48819487  0.57387471  0.54950652  0.54950652  0.50305311  0.49558669  0.50305311  0.51059563  0.51059563  0.56566249  0.54155892  0.51821583  0.51059563  0.52591533  0.51821583  0.56566249  0.49558669  0.49558669  0.49558669  0.48819487  0.51821583  0.53369578  0.51821583  0.53369578  0.52591533  0.51059563  0.48819487  
47_300_0   0.08876816  0.08024361  0.11051936  0.09306755  0.09306755  0.08024361  0.00000000  0.00000000  0.01536761  0.04709481  0.05115810  0.03503713  0.03503713  0.08876816  0.08876816  0.12388377  0.17989450  0.17506156  0.17506156  0.17989450  0.17025997  0.17989450  0.17506156  0.17506156  0.17506156  0.14670859  0.09739207  0.11051936  0.13292938  0.18965614  0.18965614  0.18965614  0.18965614  0.18965614  0.20454439  0.20454439  0.21973838  0.21463897  0.21463897  0.22487317  0.23004385  0.32988486  0.33584717  0.23004385  0.23004385  0.20957447  0.19458568  0.19954828  0.26185048  0.20957447  0.20957447  0.51059563  0.51821583  0.51059563  0.51059563  0.48819487  0.49558669  0.51821583  0.48087616  0.36640141  0.39827188  0.36640141  0.41141463  0.37898535  0.36640141  0.36640141  0.35402790  0.39178702  0.40481407  0.37898535  0.36640141  0.37898535  0.36640141  0.38535850  0.36018879  0.36018879  0.41807460  0.41807460  0.36018879  0.43157711  0.52591533  0.51821583  0.51821583  0.51059563  0.51821583  0.41807460  0.48087616  0.45230442  0.45934459  0.46645239  0.51821583  0.54155892  0.51059563  0.61636129  0.65219938  0.61636129  0.59907283  0.69958500  0.65219938  0.66143684  0.67079108  0.67079108  0.63406338  0.66143684  0.65219938  0.66143684  0.67079108  0.66143684  0.70943747  0.69958500  0.45934459  0.45934459  0.45934459  0.48087616  0.48087616  0.51059563  0.48087616  0.51059563  0.51821583  0.51821583  0.51059563  0.54155892  0.51059563  0.49558669  0.50305311  0.48087616  0.48819487  0.51059563  0.51821583  0.48819487  0.48819487  0.49558669  0.50305311  0.54155892  0.48819487  0.48087616  0.47362913  0.49558669  0.48819487  0.48087616  0.46645239  0.48819487  0.48819487  0.48819487  0.48819487  0.48087616  0.48087616  0.48087616  0.48819487  0.53369578  0.51059563  0.54950652  0.52591533  0.48819487  0.49558669  0.50305311  0.49558669  0.51821583  0.48087616  0.51059563  0.54950652  0.48819487  0.48819487  0.48087616  0.46645239  0.47362913  0.48819487  0.50305311  0.48819487  0.55754041  0.48087616  0.48819487  0.49558669  0.56566249  0.54155892  0.54155892  0.57387471  0.54950652  0.54950652  0.50305311  0.49558669  0.50305311  0.55754041  0.52591533  0.53369578  0.49558669  0.50305311  0.49558669  0.54155892  0.51059563  0.55754041  0.49558669  0.51059563  0.51059563  0.48819487  0.54155892  0.54155892  0.52591533  0.52591533  0.54155892  0.52591533  0.51821583  
47_283_0   0.08876816  0.08024361  0.11051936  0.09306755  0.09306755  0.08024361  0.00000000  0.00000000  0.01536761  0.04709481  0.05115810  0.03503713  0.03503713  0.08876816  0.08876816  0.12388377  0.17989450  0.17506156  0.17506156  0.17989450  0.17025997  0.17989450  0.17506156  0.17506156  0.17506156  0.14670859  0.09739207  0.11051936  0.13292938  0.18965614  0.18965614  0.18965614  0.18965614  0.18965614  0.20454439  0.20454439  0.21973838  0.21463897  0.21463897  0.22487317  0.23004385  0.32988486  0.33584717  0.23004385  0.23004385  0.20957447  0.19458568  0.19954828  0.26185048  0.20957447  0.20957447  0.51059563  0.51821583  0.51059563  0.51059563  0.48819487  0.49558669  0.51821583  0.48087616  0.36640141  0.39827188  0.36640141  0.41141463  0.37898535  0.36640141  0.36640141  0.35402790  0.39178702  0.40481407  0.37898535  0.36640141  0.37898535  0.36640141  0.38535850  0.36018879  0.36018879  0.41807460  0.41807460  0.36018879  0.43157711  0.52591533  0.51821583  0.51821583  0.51059563  0.51821583  0.41807460  0.48087616  0.45230442  0.45934459  0.46645239  0.51821583  0.54155892  0.51059563  0.61636129  0.65219938  0.61636129  0.59907283  0.69958500  0.65219938  0.66143684  0.67079108  0.67079108  0.63406338  0.66143684  0.65219938  0.66143684  0.67079108  0.66143684  0.70943747  0.69958500  0.45934459  0.45934459  0.45934459  0.48087616  0.48087616  0.51059563  0.48087616  0.51059563  0.51821583  0.51821583  0.51059563  0.54155892  0.51059563  0.49558669  0.50305311  0.48087616  0.48819487  0.51059563  0.51821583  0.48819487  0.48819487  0.49558669  0.50305311  0.54155892  0.48819487  0.48087616  0.47362913  0.49558669  0.48819487  0.48087616  0.46645239  0.48819487  0.48819487  0.48819487  0.48819487  0.48087616  0.48087616  0.48087616  0.48819487  0.53369578  0.51059563  0.54950652  0.52591533  0.48819487  0.49558669  0.50305311  0.49558669  0.51821583  0.48087616  0.51059563  0.54950652  0.48819487  0.48819487  0.48087616  0.46645239  0.47362913  0.48819487  0.50305311  0.48819487  0.55754041  0.48087616  0.48819487  0.49558669  0.56566249  0.54155892  0.54155892  0.57387471  0.54950652  0.54950652  0.50305311  0.49558669  0.50305311  0.55754041  0.52591533  0.53369578  0.49558669  0.50305311  0.49558669  0.54155892  0.51059563  0.55754041  0.49558669  0.51059563  0.51059563  0.48819487  0.54155892  0.54155892  0.52591533  0.52591533  0.54155892  0.52591533  0.51821583  
84_283_0   0.08024361  0.08024361  0.10174201  0.09306755  0.09306755  0.08024361  0.01536761  0.01536761  0.00000000  0.03106117  0.05115810  0.03503713  0.03503713  0.08024361  0.08024361  0.12388377  0.17025997  0.16548934  0.16548934  0.17025997  0.16074928  0.17025997  0.16548934  0.16548934  0.16548934  0.14670859  0.09739207  0.11051936  0.12388377  0.18475922  0.18475922  0.18475922  0.18475922  0.18475922  0.19954828  0.19954828  0.21463897  0.20957447  0.20957447  0.21973838  0.22487317  0.31228088  0.32988486  0.22487317  0.22487317  0.20454439  0.18965614  0.19458568  0.25645352  0.20454439  0.20454439  0.49558669  0.50305311  0.49558669  0.49558669  0.47362913  0.48087616  0.50305311  0.46645239  0.36018879  0.37898535  0.34791789  0.40481407  0.37266663  0.36018879  0.36018879  0.34791789  0.38535850  0.39827188  0.37266663  0.36640141  0.37266663  0.36018879  0.37898535  0.35402790  0.35402790  0.41141463  0.41141463  0.35402790  0.41141463  0.50305311  0.49558669  0.49558669  0.50305311  0.49558669  0.41141463  0.46645239  0.43157711  0.43842190  0.45934459  0.49558669  0.51821583  0.50305311  0.59907283  0.63406338  0.59907283  0.58217910  0.68026510  0.63406338  0.64307581  0.65219938  0.65219938  0.61636129  0.64307581  0.63406338  0.64307581  0.65219938  0.64307581  0.68986200  0.68026510  0.45230442  0.45230442  0.45230442  0.47362913  0.47362913  0.50305311  0.47362913  0.50305311  0.51059563  0.51059563  0.48819487  0.53369578  0.50305311  0.48819487  0.51059563  0.48819487  0.48087616  0.50305311  0.51059563  0.48087616  0.48087616  0.48819487  0.49558669  0.51821583  0.48087616  0.47362913  0.46645239  0.48819487  0.46645239  0.45934459  0.44533060  0.46645239  0.46645239  0.46645239  0.46645239  0.45934459  0.45934459  0.45934459  0.46645239  0.52591533  0.50305311  0.52591533  0.50305311  0.48087616  0.48819487  0.49558669  0.47362913  0.49558669  0.45934459  0.48819487  0.52591533  0.46645239  0.46645239  0.45934459  0.44533060  0.45230442  0.46645239  0.48087616  0.46645239  0.53369578  0.45934459  0.46645239  0.47362913  0.54155892  0.53369578  0.53369578  0.54950652  0.52591533  0.52591533  0.48819487  0.47362913  0.48087616  0.53369578  0.50305311  0.51059563  0.47362913  0.48087616  0.48819487  0.51821583  0.49558669  0.53369578  0.47362913  0.48819487  0.48819487  0.46645239  0.52591533  0.52591533  0.51059563  0.51059563  0.51821583  0.50305311  0.49558669  
87_283_0   0.11051936  0.11051936  0.12388377  0.12388377  0.12388377  0.11051936  0.04709481  0.04709481  0.03106117  0.00000000  0.07601788  0.06763814  0.06763814  0.11494740  0.11494740  0.16074928  0.19954828  0.19458568  0.20454439  0.20957447  0.19954828  0.19954828  0.20454439  0.20454439  0.19458568  0.15603938  0.12388377  0.13749400  0.15135928  0.20454439  0.20454439  0.20454439  0.20454439  0.20454439  0.20957447  0.20957447  0.22487317  0.21973838  0.21973838  0.21463897  0.23004385  0.32397021  0.34185792  0.24049488  0.24049488  0.23525091  0.23004385  0.23525091  0.26728710  0.22487317  0.22487317  0.51821583  0.52591533  0.51821583  0.51821583  0.45230442  0.45934459  0.48087616  0.44533060  0.38535850  0.40481407  0.37266663  0.43157711  0.38535850  0.38535850  0.38535850  0.37266663  0.41141463  0.42479505  0.39827188  0.39178702  0.39827188  0.38535850  0.40481407  0.37898535  0.37898535  0.43842190  0.42479505  0.37898535  0.43157711  0.54950652  0.54155892  0.54155892  0.53369578  0.54155892  0.42479505  0.46645239  0.43157711  0.43842190  0.45934459  0.50305311  0.51059563  0.50305311  0.59057775  0.64307581  0.62515940  0.59057775  0.67079108  0.62515940  0.63406338  0.64307581  0.64307581  0.62515940  0.63406338  0.62515940  0.63406338  0.64307581  0.63406338  0.68026510  0.67079108  0.47362913  0.45934459  0.47362913  0.49558669  0.49558669  0.52591533  0.49558669  0.51059563  0.53369578  0.53369578  0.51059563  0.53369578  0.49558669  0.48087616  0.50305311  0.48087616  0.48819487  0.51059563  0.52591533  0.50305311  0.46645239  0.48819487  0.49558669  0.51059563  0.48087616  0.47362913  0.48087616  0.48819487  0.48819487  0.49558669  0.48087616  0.50305311  0.50305311  0.50305311  0.50305311  0.49558669  0.49558669  0.49558669  0.51821583  0.54950652  0.54155892  0.54950652  0.52591533  0.50305311  0.48819487  0.49558669  0.50305311  0.51059563  0.48819487  0.50305311  0.54950652  0.49558669  0.49558669  0.48819487  0.48819487  0.49558669  0.51059563  0.52591533  0.51059563  0.56566249  0.48087616  0.48819487  0.49558669  0.55754041  0.54950652  0.54950652  0.54950652  0.52591533  0.52591533  0.48819487  0.47362913  0.48087616  0.53369578  0.50305311  0.50305311  0.51059563  0.51821583  0.52591533  0.53369578  0.52591533  0.56566249  0.51821583  0.54950652  0.54950652  0.51059563  0.57387471  0.55754041  0.55754041  0.55754041  0.54950652  0.54950652  0.55754041  
78_283_0   0.09306755  0.08449361  0.11494740  0.08876816  0.08876816  0.08449361  0.05115810  0.05115810  0.05115810  0.07601788  0.00000000  0.04709481  0.04709481  0.09306755  0.09306755  0.13749400  0.19458568  0.18965614  0.17989450  0.18475922  0.17506156  0.18475922  0.18475922  0.16548934  0.17506156  0.16074928  0.11051936  0.12388377  0.14670859  0.21463897  0.21463897  0.21463897  0.21463897  0.21463897  0.20957447  0.20957447  0.22487317  0.21973838  0.21973838  0.23525091  0.23004385  0.30650474  0.31228088  0.23004385  0.23004385  0.23525091  0.21973838  0.22487317  0.26728710  0.22487317  0.22487317  0.50305311  0.51059563  0.50305311  0.50305311  0.45230442  0.45934459  0.48087616  0.44533060  0.38535850  0.39178702  0.38535850  0.41807460  0.39827188  0.38535850  0.38535850  0.37266663  0.41141463  0.41807460  0.39827188  0.39827188  0.38535850  0.37266663  0.40481407  0.36640141  0.36640141  0.42479505  0.43842190  0.37898535  0.45230442  0.52591533  0.51821583  0.51821583  0.51059563  0.51821583  0.43157711  0.49558669  0.45934459  0.46645239  0.47362913  0.51059563  0.53369578  0.49558669  0.62515940  0.66143684  0.62515940  0.60766657  0.70943747  0.66143684  0.67079108  0.68026510  0.68026510  0.62515940  0.67079108  0.64307581  0.65219938  0.66143684  0.65219938  0.68026510  0.68986200  0.46645239  0.46645239  0.45230442  0.48819487  0.47362913  0.48819487  0.48819487  0.51821583  0.52591533  0.52591533  0.51821583  0.52591533  0.48819487  0.46645239  0.51059563  0.48819487  0.48087616  0.49558669  0.48087616  0.46645239  0.48087616  0.47362913  0.49558669  0.53369578  0.48087616  0.45934459  0.46645239  0.51821583  0.48819487  0.48087616  0.46645239  0.48819487  0.48819487  0.49558669  0.49558669  0.48819487  0.47362913  0.47362913  0.48087616  0.52591533  0.50305311  0.53369578  0.51059563  0.46645239  0.48819487  0.49558669  0.47362913  0.49558669  0.45934459  0.48819487  0.52591533  0.48087616  0.48087616  0.48819487  0.44533060  0.45230442  0.48087616  0.49558669  0.48087616  0.56566249  0.45934459  0.46645239  0.47362913  0.51059563  0.48819487  0.48819487  0.53369578  0.52591533  0.52591533  0.48087616  0.48819487  0.48087616  0.51821583  0.51821583  0.55754041  0.50305311  0.49558669  0.50305311  0.54950652  0.54155892  0.56566249  0.53369578  0.53369578  0.53369578  0.48087616  0.55754041  0.55754041  0.54155892  0.54155892  0.54950652  0.53369578  0.52591533  
65_283_0   0.06763814  0.05935224  0.08876816  0.07181615  0.07181615  0.05935224  0.03503713  0.03503713  0.03503713  0.06763814  0.04709481  0.00000000  0.01536761  0.06763814  0.06763814  0.11051936  0.16548934  0.16074928  0.16074928  0.16548934  0.15603938  0.16548934  0.16074928  0.15135928  0.15135928  0.14208695  0.07601788  0.08876816  0.11940209  0.19458568  0.19458568  0.19458568  0.19458568  0.19458568  0.20957447  0.20957447  0.21463897  0.20957447  0.20957447  0.21973838  0.22487317  0.30077334  0.29508600  0.20454439  0.21463897  0.19458568  0.18965614  0.19458568  0.24577627  0.19458568  0.19458568  0.48819487  0.49558669  0.48819487  0.47362913  0.45230442  0.45934459  0.48087616  0.44533060  0.35402790  0.37266663  0.35402790  0.39827188  0.35402790  0.35402790  0.35402790  0.34185792  0.37898535  0.39178702  0.36640141  0.36640141  0.35402790  0.34185792  0.36018879  0.33584717  0.33584717  0.39827188  0.39827188  0.33584717  0.40481407  0.50305311  0.49558669  0.49558669  0.48819487  0.51059563  0.40481407  0.46645239  0.44533060  0.43842190  0.44533060  0.48819487  0.51059563  0.48087616  0.59057775  0.63406338  0.59907283  0.59907283  0.68026510  0.61636129  0.64307581  0.63406338  0.63406338  0.58217910  0.62515940  0.59907283  0.62515940  0.61636129  0.60766657  0.65219938  0.64307581  0.41807460  0.43157711  0.43157711  0.48087616  0.46645239  0.46645239  0.46645239  0.46645239  0.48819487  0.50305311  0.49558669  0.51059563  0.48087616  0.48087616  0.51821583  0.51059563  0.50305311  0.51821583  0.48819487  0.47362913  0.50305311  0.51059563  0.50305311  0.54155892  0.50305311  0.49558669  0.47362913  0.51059563  0.47362913  0.46645239  0.45230442  0.46645239  0.46645239  0.46645239  0.46645239  0.45934459  0.45934459  0.45934459  0.48087616  0.52591533  0.50305311  0.52591533  0.50305311  0.46645239  0.48819487  0.49558669  0.45934459  0.48087616  0.44533060  0.47362913  0.49558669  0.46645239  0.46645239  0.47362913  0.44533060  0.45230442  0.46645239  0.46645239  0.46645239  0.54950652  0.45934459  0.46645239  0.47362913  0.51821583  0.51059563  0.51059563  0.54950652  0.52591533  0.52591533  0.48087616  0.47362913  0.48087616  0.51821583  0.50305311  0.53369578  0.50305311  0.49558669  0.50305311  0.51821583  0.51059563  0.56566249  0.47362913  0.47362913  0.47362913  0.45230442  0.51059563  0.51059563  0.49558669  0.51059563  0.50305311  0.48819487  0.48087616  
55_283_0   0.06763814  0.05935224  0.08876816  0.07181615  0.07181615  0.05935224  0.03503713  0.03503713  0.03503713  0.06763814  0.04709481  0.01536761  0.00000000  0.07601788  0.07601788  0.11940209  0.17506156  0.17025997  0.16074928  0.16548934  0.15603938  0.16548934  0.17025997  0.16074928  0.16074928  0.14208695  0.08449361  0.09739207  0.11940209  0.19458568  0.19458568  0.19458568  0.19458568  0.19458568  0.19954828  0.19954828  0.20454439  0.19954828  0.19954828  0.20957447  0.21463897  0.28944204  0.29508600  0.22487317  0.22487317  0.20454439  0.18965614  0.19458568  0.24577627  0.19458568  0.19458568  0.48819487  0.49558669  0.48819487  0.48819487  0.48087616  0.48819487  0.51059563  0.47362913  0.36640141  0.38535850  0.36640141  0.41141463  0.36640141  0.36640141  0.36640141  0.35402790  0.39178702  0.40481407  0.37898535  0.37898535  0.36640141  0.35402790  0.37266663  0.33584717  0.33584717  0.40481407  0.40481407  0.34791789  0.41807460  0.48087616  0.47362913  0.47362913  0.46645239  0.48819487  0.39178702  0.47362913  0.45230442  0.44533060  0.45230442  0.48819487  0.51059563  0.48087616  0.60766657  0.61636129  0.59907283  0.58217910  0.66143684  0.62515940  0.65219938  0.64307581  0.64307581  0.58217910  0.64307581  0.59907283  0.60766657  0.61636129  0.60766657  0.65219938  0.64307581  0.43157711  0.44533060  0.44533060  0.49558669  0.46645239  0.48087616  0.46645239  0.48087616  0.50305311  0.48819487  0.49558669  0.52591533  0.49558669  0.48087616  0.50305311  0.49558669  0.48819487  0.50305311  0.48819487  0.47362913  0.48819487  0.49558669  0.48819487  0.54155892  0.48819487  0.48087616  0.47362913  0.49558669  0.45934459  0.45230442  0.43842190  0.45230442  0.45230442  0.45230442  0.45230442  0.44533060  0.44533060  0.44533060  0.46645239  0.51059563  0.48819487  0.49558669  0.47362913  0.43842190  0.47362913  0.46645239  0.44533060  0.46645239  0.43157711  0.48819487  0.52591533  0.45230442  0.45230442  0.45934459  0.43157711  0.42479505  0.46645239  0.46645239  0.45230442  0.53369578  0.45934459  0.46645239  0.47362913  0.51821583  0.49558669  0.49558669  0.52591533  0.50305311  0.50305311  0.46645239  0.45934459  0.46645239  0.51821583  0.50305311  0.52591533  0.48819487  0.48087616  0.48819487  0.51821583  0.52591533  0.56566249  0.47362913  0.47362913  0.47362913  0.45230442  0.51059563  0.51059563  0.49558669  0.49558669  0.50305311  0.48819487  0.48087616  
47_282_0   0.08876816  0.08024361  0.11051936  0.08449361  0.08449361  0.07181615  0.08876816  0.08876816  0.08024361  0.11494740  0.09306755  0.06763814  0.07601788  0.00000000  0.00000000  0.04709481  0.16074928  0.15603938  0.14670859  0.15135928  0.14208695  0.15135928  0.13292938  0.14670859  0.14670859  0.15603938  0.08876816  0.10174201  0.13292938  0.19954828  0.19954828  0.19954828  0.19954828  0.19954828  0.19458568  0.19458568  0.18965614  0.19458568  0.18475922  0.19458568  0.20957447  0.31228088  0.30650474  0.20454439  0.21463897  0.18475922  0.18965614  0.18475922  0.21463897  0.18475922  0.18475922  0.51821583  0.52591533  0.51821583  0.50305311  0.46645239  0.47362913  0.49558669  0.45934459  0.39178702  0.38535850  0.39178702  0.42479505  0.39178702  0.39178702  0.39178702  0.37898535  0.43157711  0.41807460  0.40481407  0.41141463  0.40481407  0.39178702  0.36018879  0.37266663  0.37266663  0.42479505  0.41141463  0.38535850  0.45934459  0.45230442  0.43842190  0.43842190  0.44533060  0.45230442  0.41807460  0.49558669  0.47362913  0.45230442  0.45934459  0.48819487  0.52591533  0.49558669  0.58217910  0.59907283  0.59907283  0.59907283  0.66143684  0.60766657  0.62515940  0.59907283  0.59907283  0.58217910  0.60766657  0.59907283  0.60766657  0.59907283  0.59057775  0.63406338  0.62515940  0.42479505  0.42479505  0.42479505  0.47362913  0.45934459  0.45934459  0.47362913  0.48819487  0.51059563  0.49558669  0.48819487  0.49558669  0.48087616  0.48087616  0.51059563  0.50305311  0.51059563  0.51059563  0.50305311  0.46645239  0.51059563  0.50305311  0.49558669  0.54950652  0.51059563  0.48819487  0.51059563  0.50305311  0.48819487  0.48087616  0.48087616  0.48819487  0.48819487  0.48087616  0.48087616  0.47362913  0.47362913  0.47362913  0.46645239  0.51059563  0.48819487  0.51059563  0.47362913  0.45934459  0.48087616  0.48819487  0.47362913  0.48819487  0.47362913  0.49558669  0.49558669  0.49558669  0.49558669  0.50305311  0.43157711  0.45934459  0.48087616  0.48087616  0.49558669  0.56566249  0.45230442  0.45934459  0.48087616  0.47362913  0.43842190  0.43842190  0.52591533  0.50305311  0.50305311  0.45230442  0.43842190  0.45934459  0.46645239  0.48087616  0.52591533  0.48819487  0.46645239  0.47362913  0.51821583  0.49558669  0.53369578  0.43157711  0.44533060  0.44533060  0.43842190  0.49558669  0.51059563  0.49558669  0.51059563  0.48819487  0.48819487  0.48087616  
47_299_0   0.08876816  0.08024361  0.11051936  0.08449361  0.08449361  0.07181615  0.08876816  0.08876816  0.08024361  0.11494740  0.09306755  0.06763814  0.07601788  0.00000000  0.00000000  0.04709481  0.16074928  0.15603938  0.14670859  0.15135928  0.14208695  0.15135928  0.13292938  0.14670859  0.14670859  0.15603938  0.08876816  0.10174201  0.13292938  0.19954828  0.19954828  0.19954828  0.19954828  0.19954828  0.19458568  0.19458568  0.18965614  0.19458568  0.18475922  0.19458568  0.20957447  0.31228088  0.30650474  0.20454439  0.21463897  0.18475922  0.18965614  0.18475922  0.21463897  0.18475922  0.18475922  0.51821583  0.52591533  0.51821583  0.50305311  0.46645239  0.47362913  0.49558669  0.45934459  0.39178702  0.38535850  0.39178702  0.42479505  0.39178702  0.39178702  0.39178702  0.37898535  0.43157711  0.41807460  0.40481407  0.41141463  0.40481407  0.39178702  0.36018879  0.37266663  0.37266663  0.42479505  0.41141463  0.38535850  0.45934459  0.45230442  0.43842190  0.43842190  0.44533060  0.45230442  0.41807460  0.49558669  0.47362913  0.45230442  0.45934459  0.48819487  0.52591533  0.49558669  0.58217910  0.59907283  0.59907283  0.59907283  0.66143684  0.60766657  0.62515940  0.59907283  0.59907283  0.58217910  0.60766657  0.59907283  0.60766657  0.59907283  0.59057775  0.63406338  0.62515940  0.42479505  0.42479505  0.42479505  0.47362913  0.45934459  0.45934459  0.47362913  0.48819487  0.51059563  0.49558669  0.48819487  0.49558669  0.48087616  0.48087616  0.51059563  0.50305311  0.51059563  0.51059563  0.50305311  0.46645239  0.51059563  0.50305311  0.49558669  0.54950652  0.51059563  0.48819487  0.51059563  0.50305311  0.48819487  0.48087616  0.48087616  0.48819487  0.48819487  0.48087616  0.48087616  0.47362913  0.47362913  0.47362913  0.46645239  0.51059563  0.48819487  0.51059563  0.47362913  0.45934459  0.48087616  0.48819487  0.47362913  0.48819487  0.47362913  0.49558669  0.49558669  0.49558669  0.49558669  0.50305311  0.43157711  0.45934459  0.48087616  0.48087616  0.49558669  0.56566249  0.45230442  0.45934459  0.48087616  0.47362913  0.43842190  0.43842190  0.52591533  0.50305311  0.50305311  0.45230442  0.43842190  0.45934459  0.46645239  0.48087616  0.52591533  0.48819487  0.46645239  0.47362913  0.51821583  0.49558669  0.53369578  0.43157711  0.44533060  0.44533060  0.43842190  0.49558669  0.51059563  0.49558669  0.51059563  0.48819487  0.48819487  0.48087616  
87_282_0   0.12388377  0.12388377  0.16548934  0.11940209  0.11940209  0.11494740  0.12388377  0.12388377  0.12388377  0.16074928  0.13749400  0.11051936  0.11940209  0.04709481  0.04709481  0.00000000  0.19954828  0.20454439  0.18965614  0.19458568  0.18475922  0.18475922  0.16548934  0.18965614  0.18965614  0.18965614  0.13292938  0.13749400  0.17989450  0.24049488  0.24049488  0.24049488  0.24049488  0.24049488  0.23004385  0.23004385  0.23525091  0.24049488  0.23004385  0.24049488  0.25645352  0.33584717  0.32988486  0.24577627  0.25645352  0.22487317  0.22487317  0.23004385  0.23525091  0.20454439  0.20454439  0.57387471  0.58217910  0.57387471  0.55754041  0.51059563  0.51821583  0.54155892  0.50305311  0.43842190  0.44533060  0.43842190  0.46645239  0.43842190  0.43842190  0.43842190  0.42479505  0.48087616  0.45230442  0.44533060  0.43157711  0.43842190  0.42479505  0.37898535  0.39178702  0.39178702  0.45230442  0.44533060  0.43157711  0.51059563  0.46645239  0.45230442  0.45230442  0.45934459  0.46645239  0.46645239  0.54155892  0.50305311  0.48819487  0.48087616  0.52591533  0.56566249  0.51821583  0.59907283  0.61636129  0.61636129  0.61636129  0.68986200  0.63406338  0.65219938  0.62515940  0.63406338  0.62515940  0.65219938  0.65219938  0.65219938  0.64307581  0.63406338  0.68026510  0.67079108  0.48819487  0.48819487  0.48819487  0.52591533  0.52591533  0.54155892  0.52591533  0.54155892  0.56566249  0.54950652  0.55754041  0.55754041  0.52591533  0.54155892  0.56566249  0.57387471  0.57387471  0.59057775  0.58217910  0.54155892  0.56566249  0.57387471  0.53369578  0.61636129  0.58217910  0.54155892  0.58217910  0.55754041  0.49558669  0.48819487  0.48819487  0.49558669  0.49558669  0.48819487  0.48819487  0.48087616  0.48087616  0.48087616  0.49558669  0.54155892  0.50305311  0.54950652  0.51059563  0.48819487  0.52591533  0.53369578  0.52591533  0.53369578  0.52591533  0.54950652  0.53369578  0.53369578  0.53369578  0.54155892  0.48087616  0.51059563  0.53369578  0.53369578  0.54950652  0.60766657  0.49558669  0.50305311  0.51059563  0.51821583  0.48087616  0.48087616  0.56566249  0.54155892  0.54155892  0.50305311  0.49558669  0.51821583  0.50305311  0.50305311  0.56566249  0.48819487  0.48819487  0.49558669  0.54155892  0.53369578  0.52591533  0.45934459  0.47362913  0.47362913  0.48087616  0.54155892  0.54155892  0.52591533  0.54155892  0.51821583  0.51821583  0.51059563  
