20
6_0_0      0.00000000  0.09593681  0.07695970  0.19903243  0.26063060  0.26063060  0.21395055  0.20645330  0.20645330  0.20645330  0.21395055  0.44218099  0.37337341  0.39237855  0.41189286  0.41189286  0.44218099  0.44218099  0.40207036  0.38281400  
3_0_0      0.09593681  0.00000000  0.05240228  0.17008261  0.19903243  0.19903243  0.18441371  0.17721292  0.17721292  0.17721292  0.18441371  0.43194438  0.38281400  0.38281400  0.39237855  0.39237855  0.47378335  0.47378335  0.37337341  0.35485154  
9_0_0      0.07695970  0.05240228  0.00000000  0.14223949  0.21395055  0.21395055  0.15602802  0.14910113  0.14910113  0.16302142  0.17008261  0.41189286  0.34576427  0.38281400  0.36405361  0.36405361  0.42184963  0.43194438  0.39237855  0.37337341  
10_0_0     0.19903243  0.17008261  0.14223949  0.00000000  0.08955601  0.09593681  0.03451270  0.04042721  0.04042721  0.06457750  0.07074229  0.27687991  0.35485154  0.39237855  0.36405361  0.36405361  0.43194438  0.46309617  0.41189286  0.40207036  
8_0_0      0.26063060  0.19903243  0.21395055  0.08955601  0.00000000  0.01705197  0.06457750  0.07074229  0.07074229  0.09593681  0.10237399  0.26870995  0.39237855  0.42184963  0.38281400  0.38281400  0.44218099  0.44218099  0.42184963  0.42184963  
1_0_0      0.26063060  0.19903243  0.21395055  0.09593681  0.01705197  0.00000000  0.07074229  0.07695970  0.07695970  0.10237399  0.10886856  0.27687991  0.40207036  0.45256352  0.41189286  0.41189286  0.45256352  0.45256352  0.43194438  0.43194438  
5_0_0      0.21395055  0.18441371  0.15602802  0.03451270  0.06457750  0.07074229  0.00000000  0.00563975  0.00563975  0.05240228  0.05846445  0.29349998  0.33678898  0.39237855  0.32792292  0.32792292  0.41189286  0.45256352  0.39237855  0.39237855  
12_0_0     0.20645330  0.17721292  0.14910113  0.04042721  0.07074229  0.07695970  0.00563975  0.00000000  0.00000000  0.05846445  0.06457750  0.30195442  0.34576427  0.40207036  0.33678898  0.33678898  0.42184963  0.46309617  0.40207036  0.40207036  
2_0_0      0.20645330  0.17721292  0.14910113  0.04042721  0.07074229  0.07695970  0.00563975  0.00000000  0.00000000  0.05846445  0.06457750  0.30195442  0.34576427  0.40207036  0.33678898  0.33678898  0.42184963  0.46309617  0.40207036  0.40207036  
11_0_0     0.20645330  0.17721292  0.16302142  0.06457750  0.09593681  0.10237399  0.05240228  0.05846445  0.05846445  0.00000000  0.00563975  0.29349998  0.31916349  0.33678898  0.35485154  0.35485154  0.39237855  0.43194438  0.35485154  0.35485154  
4_0_0      0.21395055  0.18441371  0.17008261  0.07074229  0.10237399  0.10886856  0.05846445  0.06457750  0.06457750  0.00563975  0.00000000  0.30195442  0.32792292  0.34576427  0.36405361  0.36405361  0.40207036  0.44218099  0.36405361  0.36405361  
7_0_0      0.44218099  0.43194438  0.41189286  0.27687991  0.26870995  0.27687991  0.29349998  0.30195442  0.30195442  0.29349998  0.30195442  0.00000000  0.49563994  0.46309617  0.48462967  0.48462967  0.51817267  0.56544356  0.50681918  0.52970593  
16_0_0     0.37337341  0.38281400  0.34576427  0.35485154  0.39237855  0.40207036  0.33678898  0.34576427  0.34576427  0.31916349  0.32792292  0.49563994  0.00000000  0.12203405  0.07695970  0.07695970  0.08323063  0.11542156  0.17721292  0.18441371  
20_0_0     0.39237855  0.38281400  0.38281400  0.39237855  0.42184963  0.45256352  0.39237855  0.40207036  0.40207036  0.33678898  0.34576427  0.46309617  0.12203405  0.00000000  0.12203405  0.12203405  0.17721292  0.22152577  0.15602802  0.16302142  
13_0_0     0.41189286  0.39237855  0.36405361  0.36405361  0.38281400  0.41189286  0.32792292  0.33678898  0.33678898  0.35485154  0.36405361  0.48462967  0.07695970  0.12203405  0.00000000  0.00000000  0.14223949  0.17008261  0.16302142  0.17008261  
19_0_0     0.41189286  0.39237855  0.36405361  0.36405361  0.38281400  0.41189286  0.32792292  0.33678898  0.33678898  0.35485154  0.36405361  0.48462967  0.07695970  0.12203405  0.00000000  0.00000000  0.14223949  0.17008261  0.16302142  0.17008261  
18_0_0     0.44218099  0.47378335  0.42184963  0.43194438  0.44218099  0.45256352  0.41189286  0.42184963  0.42184963  0.39237855  0.40207036  0.51817267  0.08323063  0.17721292  0.14223949  0.14223949  0.00000000  0.07695970  0.16302142  0.17008261  
14_0_0     0.44218099  0.47378335  0.43194438  0.46309617  0.44218099  0.45256352  0.45256352  0.46309617  0.46309617  0.43194438  0.44218099  0.56544356  0.11542156  0.22152577  0.17008261  0.17008261  0.07695970  0.00000000  0.15602802  0.14910113  
17_0_0     0.40207036  0.37337341  0.39237855  0.41189286  0.42184963  0.43194438  0.39237855  0.40207036  0.40207036  0.35485154  0.36405361  0.50681918  0.17721292  0.15602802  0.16302142  0.16302142  0.16302142  0.15602802  0.00000000  0.02282584  
15_0_0     0.38281400  0.35485154  0.37337341  0.40207036  0.42184963  0.43194438  0.39237855  0.40207036  0.40207036  0.35485154  0.36405361  0.52970593  0.18441371  0.16302142  0.17008261  0.17008261  0.17008261  0.14910113  0.02282584  0.00000000  

