184
49_0_0     0.00000000  0.00511988  0.05838678  0.16526043  0.15889614  0.15889614  0.13397748  0.10987797  0.10987797  0.11582899  0.12182871  0.14633095  0.10987797  0.12787793  0.12787793  0.15258663  0.11582899  0.12787793  0.12787793  0.09811891  0.10987797  0.12182871  0.11582899  0.17168044  0.15889614  0.20465184  0.20465184  0.20465184  0.21142786  0.19793787  0.17815716  0.17168044  0.22517071  0.21142786  0.26801597  0.26069895  0.26801597  0.26801597  0.29803689  0.23917610  0.21826708  0.28287278  0.27540674  0.26801597  0.23917610  0.23213996  0.23917610  0.23917610  0.26069895  0.19128483  0.19128483  0.20465184  0.23213996  0.28287278  0.26069895  0.24628041  0.24628041  0.23917610  0.27540674  0.28287278  0.25345424  0.26069895  0.25345424  0.27540674  0.26069895  0.26069895  0.27540674  0.27540674  0.26069895  0.30573820  0.30573820  0.29041563  0.24628041  0.25345424  0.17815716  0.22517071  0.22517071  0.28287278  0.26069895  0.29041563  0.23917610  0.26069895  0.23917610  0.23917610  0.22517071  0.23917610  0.21826708  0.26069895  0.33737883  0.26069895  0.26069895  0.24628041  0.24628041  0.24628041  0.25345424  0.25345424  0.26801597  0.26801597  0.26069895  0.26069895  0.27540674  0.26069895  0.26801597  0.23917610  0.23213996  0.23213996  0.22517071  0.25345424  0.26069895  0.29041563  0.21142786  0.19793787  0.23917610  0.22517071  0.22517071  0.23213996  0.23917610  0.23917610  0.21826708  0.21142786  0.21142786  0.22517071  0.23213996  0.22517071  0.21826708  0.23917610  0.26801597  0.26069895  0.23213996  0.23213996  0.23213996  0.24628041  0.23213996  0.25345424  0.25345424  0.23917610  0.23917610  0.19793787  0.19793787  0.21142786  0.22517071  0.21826708  0.21142786  0.20465184  0.22517071  0.22517071  0.30573820  0.36203891  0.35372639  0.34550705  0.32933975  0.35372639  0.34550705  0.29041563  0.28287278  0.35372639  0.33737883  0.35372639  0.42302529  0.34550705  0.33737883  0.29041563  0.30573820  0.29041563  0.29041563  0.28287278  0.28287278  0.29803689  0.30573820  0.33737883  0.35372639  0.35372639  0.34550705  0.33737883  0.33737883  0.23917610  0.21142786  0.19128483  0.19793787  0.21826708  0.21826708  0.23213996  0.36203891  0.35372639  
65_0_0     0.00511988  0.00000000  0.06393267  0.17168044  0.16526043  0.16526043  0.14012820  0.11582899  0.11582899  0.12182871  0.12787793  0.15258663  0.11582899  0.13397748  0.13397748  0.15889614  0.12182871  0.13397748  0.13397748  0.10397487  0.11582899  0.12787793  0.12182871  0.17815716  0.16526043  0.19793787  0.19793787  0.19793787  0.20465184  0.20465184  0.18469161  0.17815716  0.21826708  0.20465184  0.26801597  0.26069895  0.26801597  0.26801597  0.29803689  0.23917610  0.22517071  0.29041563  0.28287278  0.27540674  0.24628041  0.22517071  0.23213996  0.24628041  0.25345424  0.18469161  0.18469161  0.19793787  0.22517071  0.29041563  0.26801597  0.25345424  0.25345424  0.24628041  0.26801597  0.29041563  0.26069895  0.26801597  0.26069895  0.26801597  0.25345424  0.25345424  0.26801597  0.26801597  0.25345424  0.29803689  0.29803689  0.28287278  0.23917610  0.24628041  0.18469161  0.23213996  0.23213996  0.29041563  0.26801597  0.28287278  0.24628041  0.26801597  0.24628041  0.24628041  0.23213996  0.24628041  0.22517071  0.26801597  0.32933975  0.26801597  0.26801597  0.25345424  0.25345424  0.25345424  0.26069895  0.26069895  0.27540674  0.27540674  0.26801597  0.26801597  0.28287278  0.26801597  0.27540674  0.24628041  0.23917610  0.22517071  0.21826708  0.24628041  0.25345424  0.28287278  0.21826708  0.20465184  0.24628041  0.23213996  0.23213996  0.23917610  0.24628041  0.24628041  0.22517071  0.21826708  0.21826708  0.23213996  0.23917610  0.23213996  0.22517071  0.24628041  0.27540674  0.26801597  0.23917610  0.23917610  0.23917610  0.25345424  0.23917610  0.26069895  0.26069895  0.24628041  0.24628041  0.20465184  0.20465184  0.21826708  0.23213996  0.22517071  0.21826708  0.21142786  0.23213996  0.23213996  0.31352127  0.37044677  0.36203891  0.35372639  0.33737883  0.36203891  0.33737883  0.29803689  0.29041563  0.36203891  0.34550705  0.36203891  0.43216700  0.35372639  0.34550705  0.29803689  0.31352127  0.29803689  0.29803689  0.29041563  0.29041563  0.30573820  0.31352127  0.34550705  0.36203891  0.36203891  0.35372639  0.34550705  0.34550705  0.23213996  0.21826708  0.19793787  0.20465184  0.22517071  0.22517071  0.23917610  0.37044677  0.36203891  
92_15_0    0.05838678  0.06393267  0.00000000  0.13397748  0.12787793  0.12787793  0.10397487  0.09230936  0.09230936  0.08654548  0.09230936  0.12787793  0.11582899  0.14633095  0.14633095  0.17168044  0.13397748  0.14633095  0.15889614  0.14012820  0.15258663  0.15258663  0.15889614  0.19128483  0.17815716  0.23213996  0.23213996  0.23213996  0.23917610  0.21826708  0.19793787  0.19128483  0.26069895  0.25345424  0.29803689  0.29041563  0.29803689  0.29803689  0.32933975  0.28287278  0.22517071  0.29041563  0.28287278  0.27540674  0.24628041  0.22517071  0.23213996  0.26801597  0.29041563  0.23917610  0.22517071  0.23917610  0.25345424  0.27540674  0.26801597  0.25345424  0.25345424  0.24628041  0.28287278  0.29041563  0.27540674  0.26801597  0.26069895  0.29803689  0.26801597  0.28287278  0.29803689  0.28287278  0.26801597  0.31352127  0.32933975  0.31352127  0.25345424  0.24628041  0.21826708  0.26801597  0.26801597  0.29803689  0.26801597  0.28287278  0.21826708  0.23917610  0.23213996  0.23213996  0.23213996  0.23213996  0.21142786  0.26801597  0.35372639  0.28287278  0.28287278  0.26801597  0.26801597  0.26801597  0.27540674  0.27540674  0.27540674  0.29041563  0.26801597  0.26801597  0.28287278  0.28287278  0.29041563  0.27540674  0.26801597  0.26801597  0.26069895  0.29041563  0.28287278  0.32933975  0.26069895  0.19128483  0.24628041  0.24628041  0.25345424  0.26069895  0.28287278  0.28287278  0.24628041  0.23917610  0.23917610  0.25345424  0.26069895  0.25345424  0.24628041  0.26801597  0.29803689  0.29041563  0.24628041  0.24628041  0.24628041  0.26069895  0.24628041  0.25345424  0.25345424  0.23917610  0.23917610  0.19793787  0.19793787  0.21142786  0.21142786  0.21826708  0.21142786  0.20465184  0.23213996  0.23917610  0.32933975  0.37044677  0.36203891  0.35372639  0.35372639  0.37895216  0.35372639  0.31352127  0.30573820  0.33737883  0.29041563  0.35372639  0.42302529  0.33737883  0.32933975  0.29803689  0.29803689  0.29803689  0.29803689  0.29041563  0.29041563  0.32138785  0.32933975  0.34550705  0.34550705  0.34550705  0.35372639  0.34550705  0.34550705  0.29041563  0.26069895  0.23917610  0.26069895  0.26801597  0.26801597  0.26801597  0.37044677  0.34550705  
75_15_0    0.16526043  0.17168044  0.13397748  0.00000000  0.01546815  0.01546815  0.10397487  0.11582899  0.11582899  0.10987797  0.11582899  0.12787793  0.17815716  0.19128483  0.19128483  0.20465184  0.20465184  0.20465184  0.20465184  0.23213996  0.23213996  0.24628041  0.23917610  0.29041563  0.29041563  0.29041563  0.29041563  0.29041563  0.26801597  0.29041563  0.26801597  0.26069895  0.32933975  0.31352127  0.29803689  0.32138785  0.29803689  0.31352127  0.32933975  0.31352127  0.28287278  0.35372639  0.34550705  0.33737883  0.26069895  0.25345424  0.25345424  0.26801597  0.29041563  0.30573820  0.27540674  0.28287278  0.29041563  0.32138785  0.37895216  0.36203891  0.36203891  0.37044677  0.37895216  0.37044677  0.37044677  0.36203891  0.35372639  0.37895216  0.34550705  0.34550705  0.36203891  0.37895216  0.36203891  0.36203891  0.37895216  0.36203891  0.36203891  0.35372639  0.29803689  0.35372639  0.35372639  0.33737883  0.29803689  0.31352127  0.32138785  0.34550705  0.33737883  0.33737883  0.33737883  0.32138785  0.31352127  0.32933975  0.42302529  0.31352127  0.31352127  0.28287278  0.28287278  0.28287278  0.29041563  0.30573820  0.29041563  0.36203891  0.29041563  0.29041563  0.30573820  0.30573820  0.31352127  0.25345424  0.28287278  0.34550705  0.33737883  0.37044677  0.37895216  0.37044677  0.32138785  0.23917610  0.29803689  0.23917610  0.29803689  0.29041563  0.29803689  0.29803689  0.29041563  0.28287278  0.28287278  0.31352127  0.32138785  0.29803689  0.30573820  0.31352127  0.34550705  0.33737883  0.29041563  0.29041563  0.29041563  0.30573820  0.29041563  0.29041563  0.29041563  0.28287278  0.28287278  0.25345424  0.25345424  0.26801597  0.26801597  0.27540674  0.26801597  0.27540674  0.32933975  0.26801597  0.38755738  0.39626481  0.38755738  0.41399617  0.41399617  0.42302529  0.38755738  0.40507688  0.37895216  0.39626481  0.31352127  0.37895216  0.46029660  0.35372639  0.36203891  0.34550705  0.36203891  0.34550705  0.34550705  0.35372639  0.33737883  0.35372639  0.37895216  0.39626481  0.37895216  0.37895216  0.38755738  0.41399617  0.41399617  0.32933975  0.31352127  0.32138785  0.34550705  0.35372639  0.33737883  0.32138785  0.33737883  0.36203891  
68_15_0    0.15889614  0.16526043  0.12787793  0.01546815  0.00000000  0.01027576  0.09811891  0.10987797  0.10987797  0.10397487  0.10987797  0.12182871  0.17168044  0.18469161  0.18469161  0.19793787  0.19793787  0.19793787  0.19793787  0.22517071  0.22517071  0.23917610  0.23213996  0.28287278  0.28287278  0.28287278  0.28287278  0.28287278  0.26069895  0.28287278  0.26069895  0.25345424  0.32138785  0.30573820  0.29041563  0.31352127  0.29041563  0.30573820  0.32138785  0.30573820  0.27540674  0.34550705  0.33737883  0.32933975  0.25345424  0.24628041  0.24628041  0.26069895  0.28287278  0.29803689  0.26801597  0.27540674  0.28287278  0.31352127  0.37044677  0.35372639  0.35372639  0.36203891  0.37044677  0.36203891  0.36203891  0.35372639  0.34550705  0.37044677  0.33737883  0.33737883  0.33737883  0.37044677  0.35372639  0.38755738  0.40507688  0.38755738  0.35372639  0.34550705  0.29041563  0.34550705  0.34550705  0.32933975  0.30573820  0.30573820  0.31352127  0.33737883  0.32933975  0.32933975  0.32933975  0.31352127  0.30573820  0.30573820  0.41399617  0.30573820  0.30573820  0.27540674  0.27540674  0.27540674  0.28287278  0.29803689  0.28287278  0.35372639  0.28287278  0.28287278  0.29803689  0.29803689  0.30573820  0.24628041  0.27540674  0.33737883  0.32933975  0.36203891  0.37044677  0.36203891  0.31352127  0.23213996  0.29041563  0.23213996  0.29041563  0.28287278  0.29041563  0.29041563  0.28287278  0.27540674  0.27540674  0.30573820  0.31352127  0.29041563  0.29803689  0.30573820  0.33737883  0.32933975  0.28287278  0.28287278  0.28287278  0.29803689  0.28287278  0.28287278  0.28287278  0.27540674  0.27540674  0.24628041  0.24628041  0.26069895  0.26069895  0.26801597  0.26069895  0.26801597  0.32138785  0.26069895  0.39626481  0.40507688  0.39626481  0.40507688  0.40507688  0.41399617  0.37895216  0.39626481  0.37044677  0.38755738  0.30573820  0.37044677  0.46991819  0.34550705  0.35372639  0.32138785  0.33737883  0.32138785  0.32138785  0.32933975  0.31352127  0.32933975  0.35372639  0.38755738  0.37044677  0.37044677  0.36203891  0.38755738  0.38755738  0.30573820  0.29041563  0.29803689  0.32138785  0.32933975  0.31352127  0.29803689  0.31352127  0.33737883  
100_15_0   0.15889614  0.16526043  0.12787793  0.01546815  0.01027576  0.00000000  0.09811891  0.10987797  0.10987797  0.10397487  0.10987797  0.12182871  0.17168044  0.18469161  0.18469161  0.19793787  0.19793787  0.18469161  0.18469161  0.21826708  0.21826708  0.23213996  0.22517071  0.28287278  0.28287278  0.28287278  0.28287278  0.28287278  0.26069895  0.28287278  0.26069895  0.25345424  0.30573820  0.29041563  0.29041563  0.31352127  0.29041563  0.30573820  0.32138785  0.30573820  0.27540674  0.34550705  0.33737883  0.32933975  0.25345424  0.24628041  0.24628041  0.24628041  0.26801597  0.29803689  0.26801597  0.27540674  0.28287278  0.31352127  0.37044677  0.35372639  0.35372639  0.36203891  0.37044677  0.36203891  0.36203891  0.35372639  0.34550705  0.37044677  0.33737883  0.33737883  0.35372639  0.37044677  0.35372639  0.37044677  0.40507688  0.38755738  0.35372639  0.34550705  0.29041563  0.34550705  0.34550705  0.32933975  0.30573820  0.29041563  0.29803689  0.32138785  0.31352127  0.31352127  0.31352127  0.29803689  0.29041563  0.30573820  0.39626481  0.30573820  0.30573820  0.27540674  0.27540674  0.27540674  0.28287278  0.29803689  0.28287278  0.35372639  0.28287278  0.28287278  0.29803689  0.29803689  0.30573820  0.24628041  0.27540674  0.33737883  0.32933975  0.36203891  0.37044677  0.36203891  0.32933975  0.23213996  0.29041563  0.23213996  0.29041563  0.28287278  0.29041563  0.29041563  0.28287278  0.27540674  0.27540674  0.30573820  0.31352127  0.29041563  0.29803689  0.30573820  0.33737883  0.32933975  0.28287278  0.28287278  0.28287278  0.29803689  0.28287278  0.28287278  0.28287278  0.27540674  0.27540674  0.24628041  0.24628041  0.26069895  0.26069895  0.26801597  0.26069895  0.26801597  0.32138785  0.26069895  0.39626481  0.40507688  0.39626481  0.40507688  0.40507688  0.41399617  0.37895216  0.39626481  0.37044677  0.40507688  0.32138785  0.38755738  0.46991819  0.36203891  0.37044677  0.32138785  0.33737883  0.32138785  0.32138785  0.32933975  0.31352127  0.32933975  0.35372639  0.38755738  0.37044677  0.37044677  0.36203891  0.38755738  0.38755738  0.32138785  0.30573820  0.31352127  0.33737883  0.34550705  0.32933975  0.29803689  0.32933975  0.35372639  
78_15_0    0.13397748  0.14012820  0.10397487  0.10397487  0.09811891  0.09811891  0.00000000  0.05288253  0.05288253  0.04741930  0.06393267  0.07515190  0.19793787  0.17168044  0.17168044  0.19793787  0.18469161  0.19793787  0.19793787  0.21142786  0.23213996  0.24628041  0.23917610  0.26801597  0.26801597  0.26801597  0.26801597  0.26801597  0.26069895  0.25345424  0.26069895  0.25345424  0.29041563  0.29041563  0.28287278  0.29803689  0.30573820  0.30573820  0.33737883  0.29803689  0.27540674  0.34550705  0.33737883  0.32933975  0.26801597  0.24628041  0.26069895  0.29041563  0.31352127  0.27540674  0.27540674  0.27540674  0.28287278  0.32933975  0.35372639  0.32138785  0.32138785  0.32933975  0.35372639  0.36203891  0.34550705  0.32138785  0.32933975  0.38755738  0.33737883  0.33737883  0.34550705  0.37044677  0.35372639  0.37044677  0.38755738  0.37044677  0.35372639  0.34550705  0.26069895  0.31352127  0.31352127  0.29803689  0.25345424  0.23917610  0.29803689  0.32138785  0.31352127  0.31352127  0.31352127  0.29803689  0.29041563  0.30573820  0.33737883  0.33737883  0.33737883  0.32138785  0.32138785  0.32138785  0.32933975  0.32933975  0.32138785  0.32138785  0.29041563  0.27540674  0.29041563  0.27540674  0.27540674  0.28287278  0.28287278  0.34550705  0.33737883  0.35372639  0.32933975  0.37044677  0.29803689  0.20465184  0.24628041  0.22517071  0.26801597  0.26069895  0.28287278  0.28287278  0.26069895  0.26801597  0.26801597  0.28287278  0.29041563  0.28287278  0.27540674  0.28287278  0.32138785  0.31352127  0.26801597  0.26801597  0.26801597  0.28287278  0.26801597  0.26801597  0.26801597  0.26069895  0.26069895  0.23213996  0.23213996  0.24628041  0.26069895  0.24628041  0.24628041  0.25345424  0.29041563  0.24628041  0.35372639  0.36203891  0.35372639  0.34550705  0.34550705  0.36203891  0.37044677  0.35372639  0.32933975  0.40507688  0.35372639  0.40507688  0.46991819  0.36203891  0.38755738  0.33737883  0.35372639  0.35372639  0.35372639  0.35372639  0.35372639  0.35372639  0.37895216  0.37895216  0.36203891  0.36203891  0.36203891  0.34550705  0.34550705  0.29803689  0.29803689  0.27540674  0.29803689  0.29041563  0.29041563  0.30573820  0.37895216  0.34550705  
93_15_0    0.10987797  0.11582899  0.09230936  0.11582899  0.10987797  0.10987797  0.05288253  0.00000000  0.02069758  0.01546815  0.03126969  0.07515190  0.17168044  0.18469161  0.18469161  0.21142786  0.17168044  0.17168044  0.19793787  0.17168044  0.19793787  0.21142786  0.20465184  0.23917610  0.23917610  0.25345424  0.25345424  0.25345424  0.27540674  0.23917610  0.26069895  0.25345424  0.29041563  0.29041563  0.30573820  0.28287278  0.29041563  0.29041563  0.30573820  0.29041563  0.26069895  0.31352127  0.32138785  0.31352127  0.26801597  0.26069895  0.27540674  0.27540674  0.29803689  0.26801597  0.26801597  0.26069895  0.29803689  0.32933975  0.35372639  0.32138785  0.32138785  0.32933975  0.35372639  0.36203891  0.32933975  0.32138785  0.32933975  0.35372639  0.33737883  0.33737883  0.34550705  0.37044677  0.35372639  0.37044677  0.38755738  0.37044677  0.30573820  0.29803689  0.26069895  0.31352127  0.31352127  0.29803689  0.27540674  0.24628041  0.26801597  0.29041563  0.26801597  0.26801597  0.26801597  0.25345424  0.26069895  0.29041563  0.37044677  0.30573820  0.30573820  0.29041563  0.29041563  0.29041563  0.29803689  0.29803689  0.31352127  0.32138785  0.26069895  0.26069895  0.27540674  0.26069895  0.26801597  0.25345424  0.30573820  0.33737883  0.32933975  0.36203891  0.35372639  0.36203891  0.25345424  0.20465184  0.25345424  0.23917610  0.25345424  0.24628041  0.26801597  0.26801597  0.24628041  0.26801597  0.26801597  0.28287278  0.29041563  0.28287278  0.27540674  0.28287278  0.29803689  0.29041563  0.26801597  0.26801597  0.26801597  0.26801597  0.26801597  0.26801597  0.26801597  0.26069895  0.26069895  0.21826708  0.21826708  0.23213996  0.24628041  0.23917610  0.23213996  0.23917610  0.27540674  0.24628041  0.35372639  0.34550705  0.33737883  0.32933975  0.32933975  0.35372639  0.38755738  0.35372639  0.32933975  0.42302529  0.35372639  0.40507688  0.47966772  0.33737883  0.34550705  0.31352127  0.31352127  0.31352127  0.31352127  0.35372639  0.35372639  0.33737883  0.36203891  0.37895216  0.36203891  0.36203891  0.37044677  0.36203891  0.36203891  0.29803689  0.29803689  0.27540674  0.28287278  0.29041563  0.29041563  0.30573820  0.37895216  0.37044677  
86_15_0    0.10987797  0.11582899  0.09230936  0.11582899  0.10987797  0.10987797  0.05288253  0.02069758  0.00000000  0.00511988  0.04199647  0.06393267  0.19793787  0.17168044  0.17168044  0.19793787  0.15889614  0.15889614  0.18469161  0.15889614  0.18469161  0.19793787  0.19128483  0.23917610  0.23917610  0.26801597  0.26801597  0.26801597  0.27540674  0.25345424  0.26069895  0.25345424  0.29041563  0.29041563  0.30573820  0.28287278  0.29041563  0.29041563  0.30573820  0.30573820  0.26069895  0.31352127  0.32138785  0.31352127  0.25345424  0.24628041  0.26069895  0.27540674  0.29803689  0.25345424  0.25345424  0.24628041  0.28287278  0.31352127  0.32138785  0.29041563  0.29041563  0.29803689  0.32138785  0.32933975  0.31352127  0.30573820  0.29803689  0.35372639  0.33737883  0.32138785  0.32933975  0.35372639  0.33737883  0.37044677  0.38755738  0.37044677  0.33737883  0.32933975  0.25345424  0.30573820  0.30573820  0.28287278  0.29041563  0.27540674  0.26801597  0.27540674  0.28287278  0.28287278  0.28287278  0.26801597  0.26069895  0.30573820  0.37044677  0.32138785  0.32138785  0.30573820  0.30573820  0.30573820  0.31352127  0.31352127  0.29803689  0.30573820  0.27540674  0.27540674  0.29041563  0.27540674  0.28287278  0.28287278  0.30573820  0.32138785  0.31352127  0.34550705  0.33737883  0.36203891  0.26801597  0.20465184  0.23213996  0.21142786  0.23917610  0.23213996  0.25345424  0.25345424  0.23213996  0.25345424  0.25345424  0.25345424  0.26069895  0.25345424  0.24628041  0.25345424  0.28287278  0.27540674  0.25345424  0.25345424  0.25345424  0.25345424  0.25345424  0.25345424  0.25345424  0.24628041  0.24628041  0.23213996  0.23213996  0.23213996  0.24628041  0.23917610  0.23213996  0.23917610  0.27540674  0.23213996  0.35372639  0.34550705  0.33737883  0.32933975  0.32933975  0.35372639  0.38755738  0.33737883  0.32933975  0.42302529  0.37044677  0.40507688  0.46991819  0.35372639  0.36203891  0.32933975  0.31352127  0.32933975  0.32933975  0.35372639  0.35372639  0.35372639  0.37895216  0.37044677  0.37895216  0.37895216  0.35372639  0.34550705  0.34550705  0.28287278  0.28287278  0.26069895  0.28287278  0.27540674  0.26069895  0.30573820  0.36203891  0.35372639  
70_15_0    0.11582899  0.12182871  0.08654548  0.10987797  0.10397487  0.10397487  0.04741930  0.01546815  0.00511988  0.00000000  0.03661346  0.05838678  0.19128483  0.17815716  0.17815716  0.20465184  0.16526043  0.16526043  0.19128483  0.16526043  0.19128483  0.20465184  0.19793787  0.24628041  0.24628041  0.27540674  0.27540674  0.27540674  0.28287278  0.26069895  0.26801597  0.26069895  0.29803689  0.29803689  0.31352127  0.29041563  0.29803689  0.29803689  0.31352127  0.31352127  0.26801597  0.32138785  0.32933975  0.32138785  0.26069895  0.25345424  0.26801597  0.28287278  0.30573820  0.26069895  0.26069895  0.25345424  0.29041563  0.32138785  0.32933975  0.29803689  0.29803689  0.30573820  0.32933975  0.33737883  0.32138785  0.31352127  0.30573820  0.36203891  0.32933975  0.32933975  0.33737883  0.36203891  0.34550705  0.37895216  0.39626481  0.37895216  0.32933975  0.32138785  0.26069895  0.31352127  0.31352127  0.29041563  0.28287278  0.26801597  0.27540674  0.28287278  0.29041563  0.29041563  0.29041563  0.27540674  0.26801597  0.29803689  0.36203891  0.31352127  0.31352127  0.29803689  0.29803689  0.29803689  0.30573820  0.30573820  0.29041563  0.31352127  0.26801597  0.26801597  0.28287278  0.26801597  0.27540674  0.27540674  0.31352127  0.32933975  0.32138785  0.35372639  0.34550705  0.37044677  0.27540674  0.21142786  0.23917610  0.21826708  0.24628041  0.23917610  0.26069895  0.26069895  0.23917610  0.26069895  0.26069895  0.26069895  0.26801597  0.26069895  0.25345424  0.26069895  0.29041563  0.28287278  0.24628041  0.24628041  0.24628041  0.24628041  0.24628041  0.24628041  0.24628041  0.23917610  0.23917610  0.22517071  0.22517071  0.22517071  0.23917610  0.23213996  0.22517071  0.23213996  0.28287278  0.22517071  0.36203891  0.35372639  0.34550705  0.33737883  0.33737883  0.36203891  0.39626481  0.34550705  0.33737883  0.43216700  0.36203891  0.41399617  0.47966772  0.34550705  0.35372639  0.33737883  0.32138785  0.33737883  0.33737883  0.36203891  0.36203891  0.36203891  0.38755738  0.37895216  0.37044677  0.37044677  0.36203891  0.35372639  0.35372639  0.29041563  0.29041563  0.26801597  0.29041563  0.28287278  0.26801597  0.31352127  0.37044677  0.36203891  
94_15_0    0.12182871  0.12787793  0.09230936  0.11582899  0.10987797  0.10987797  0.06393267  0.03126969  0.04199647  0.03661346  0.00000000  0.07515190  0.18469161  0.19793787  0.19793787  0.22517071  0.18469161  0.19793787  0.21142786  0.18469161  0.21142786  0.22517071  0.21826708  0.26801597  0.26801597  0.25345424  0.25345424  0.25345424  0.27540674  0.25345424  0.27540674  0.26801597  0.32138785  0.32138785  0.32138785  0.29803689  0.30573820  0.30573820  0.33737883  0.30573820  0.27540674  0.34550705  0.33737883  0.32933975  0.28287278  0.27540674  0.29041563  0.29041563  0.31352127  0.26801597  0.26801597  0.27540674  0.29803689  0.34550705  0.35372639  0.32138785  0.32138785  0.32933975  0.35372639  0.36203891  0.34550705  0.32138785  0.32933975  0.38755738  0.33737883  0.33737883  0.34550705  0.37044677  0.35372639  0.38755738  0.40507688  0.38755738  0.32138785  0.31352127  0.27540674  0.31352127  0.31352127  0.32138785  0.29041563  0.27540674  0.29803689  0.32138785  0.29803689  0.29803689  0.29803689  0.28287278  0.29041563  0.32138785  0.39626481  0.33737883  0.33737883  0.32138785  0.32138785  0.32138785  0.32933975  0.32933975  0.32933975  0.35372639  0.30573820  0.30573820  0.32138785  0.30573820  0.31352127  0.29803689  0.32138785  0.38755738  0.37895216  0.41399617  0.40507688  0.41399617  0.29803689  0.21826708  0.28287278  0.26801597  0.28287278  0.27540674  0.29803689  0.29803689  0.27540674  0.28287278  0.28287278  0.29803689  0.30573820  0.29803689  0.29041563  0.29803689  0.31352127  0.30573820  0.28287278  0.28287278  0.28287278  0.29803689  0.28287278  0.28287278  0.28287278  0.27540674  0.27540674  0.21826708  0.21826708  0.23213996  0.24628041  0.23917610  0.23213996  0.23917610  0.30573820  0.26069895  0.40507688  0.39626481  0.38755738  0.37895216  0.37895216  0.40507688  0.42302529  0.38755738  0.36203891  0.46029660  0.38755738  0.46029660  0.52001648  0.35372639  0.36203891  0.31352127  0.31352127  0.31352127  0.31352127  0.35372639  0.35372639  0.33737883  0.36203891  0.37895216  0.36203891  0.36203891  0.37044677  0.36203891  0.36203891  0.28287278  0.28287278  0.26069895  0.28287278  0.29041563  0.27540674  0.29041563  0.37044677  0.36203891  
61_15_0    0.14633095  0.15258663  0.12787793  0.12787793  0.12182871  0.12182871  0.07515190  0.07515190  0.06393267  0.05838678  0.07515190  0.00000000  0.22517071  0.18469161  0.18469161  0.18469161  0.19793787  0.19793787  0.19793787  0.18469161  0.21142786  0.22517071  0.21826708  0.31352127  0.31352127  0.31352127  0.31352127  0.31352127  0.29041563  0.28287278  0.29041563  0.29803689  0.33737883  0.33737883  0.30573820  0.28287278  0.29041563  0.29041563  0.32138785  0.32138785  0.30573820  0.36203891  0.35372639  0.34550705  0.28287278  0.27540674  0.29041563  0.29041563  0.31352127  0.29803689  0.29803689  0.29041563  0.26801597  0.36203891  0.35372639  0.33737883  0.33737883  0.34550705  0.37044677  0.37895216  0.34550705  0.33737883  0.32933975  0.42302529  0.37044677  0.37044677  0.37895216  0.40507688  0.38755738  0.42302529  0.42302529  0.40507688  0.35372639  0.36203891  0.29803689  0.33737883  0.33737883  0.36203891  0.33737883  0.33737883  0.34550705  0.35372639  0.36203891  0.36203891  0.36203891  0.34550705  0.33737883  0.35372639  0.38755738  0.35372639  0.35372639  0.35372639  0.35372639  0.35372639  0.36203891  0.34550705  0.34550705  0.37044677  0.30573820  0.30573820  0.32138785  0.29041563  0.29803689  0.29803689  0.29041563  0.33737883  0.32933975  0.36203891  0.35372639  0.39626481  0.31352127  0.24628041  0.26069895  0.25345424  0.28287278  0.27540674  0.29803689  0.29803689  0.29041563  0.29803689  0.29803689  0.29803689  0.30573820  0.29803689  0.29041563  0.29803689  0.31352127  0.30573820  0.28287278  0.28287278  0.28287278  0.29803689  0.28287278  0.28287278  0.28287278  0.27540674  0.27540674  0.24628041  0.24628041  0.24628041  0.26069895  0.25345424  0.24628041  0.25345424  0.32138785  0.26069895  0.40507688  0.39626481  0.38755738  0.37895216  0.36203891  0.37044677  0.37044677  0.35372639  0.34550705  0.46029660  0.40507688  0.46029660  0.50971922  0.37044677  0.36203891  0.36203891  0.34550705  0.36203891  0.34550705  0.38755738  0.38755738  0.38755738  0.41399617  0.39626481  0.42302529  0.42302529  0.36203891  0.35372639  0.35372639  0.28287278  0.29041563  0.29803689  0.32138785  0.32933975  0.29803689  0.32933975  0.38755738  0.38755738  
92_0_0     0.10987797  0.11582899  0.11582899  0.17815716  0.17168044  0.17168044  0.19793787  0.17168044  0.19793787  0.19128483  0.18469161  0.22517071  0.00000000  0.12787793  0.12787793  0.14012820  0.12787793  0.12787793  0.14012820  0.19793787  0.18469161  0.18469161  0.19128483  0.21142786  0.19793787  0.24628041  0.23213996  0.23213996  0.26801597  0.21142786  0.19128483  0.18469161  0.28287278  0.25345424  0.28287278  0.27540674  0.26801597  0.28287278  0.29803689  0.25345424  0.26069895  0.29803689  0.29041563  0.28287278  0.26801597  0.26069895  0.25345424  0.29803689  0.30573820  0.26069895  0.23213996  0.24628041  0.29041563  0.25345424  0.27540674  0.26069895  0.26069895  0.26801597  0.29041563  0.29803689  0.26801597  0.26069895  0.26801597  0.26801597  0.26069895  0.27540674  0.29041563  0.27540674  0.26069895  0.27540674  0.27540674  0.26069895  0.23213996  0.22517071  0.22517071  0.27540674  0.27540674  0.29041563  0.27540674  0.27540674  0.25345424  0.26069895  0.23917610  0.23917610  0.23917610  0.23917610  0.23213996  0.24628041  0.34550705  0.28287278  0.28287278  0.27540674  0.27540674  0.27540674  0.26801597  0.28287278  0.24628041  0.28287278  0.21826708  0.23213996  0.24628041  0.26069895  0.26801597  0.23213996  0.27540674  0.27540674  0.26801597  0.29803689  0.30573820  0.29041563  0.26801597  0.20465184  0.26069895  0.28287278  0.25345424  0.26069895  0.28287278  0.28287278  0.24628041  0.23917610  0.23917610  0.26801597  0.27540674  0.26801597  0.26069895  0.26801597  0.28287278  0.27540674  0.24628041  0.24628041  0.24628041  0.26069895  0.24628041  0.26801597  0.26801597  0.25345424  0.25345424  0.21142786  0.21142786  0.21142786  0.23213996  0.21826708  0.21142786  0.20465184  0.26801597  0.25345424  0.32138785  0.37895216  0.37044677  0.36203891  0.36203891  0.38755738  0.34550705  0.32138785  0.31352127  0.37044677  0.33737883  0.33737883  0.43216700  0.32138785  0.32933975  0.29041563  0.31352127  0.29803689  0.29803689  0.30573820  0.30573820  0.31352127  0.32138785  0.37044677  0.37044677  0.37044677  0.34550705  0.37044677  0.37044677  0.30573820  0.33737883  0.32138785  0.29803689  0.32138785  0.33737883  0.29803689  0.40507688  0.36203891  
70_0_0     0.12787793  0.13397748  0.14633095  0.19128483  0.18469161  0.18469161  0.17168044  0.18469161  0.17168044  0.17815716  0.19793787  0.18469161  0.12787793  0.00000000  0.01027576  0.03126969  0.02069758  0.03126969  0.03126969  0.17815716  0.19128483  0.19128483  0.19793787  0.26069895  0.24628041  0.26801597  0.25345424  0.25345424  0.26069895  0.20465184  0.21142786  0.20465184  0.27540674  0.27540674  0.25345424  0.27540674  0.26801597  0.26801597  0.28287278  0.27540674  0.25345424  0.26069895  0.25345424  0.24628041  0.23917610  0.21826708  0.22517071  0.29803689  0.32138785  0.25345424  0.25345424  0.29803689  0.28287278  0.30573820  0.29803689  0.28287278  0.28287278  0.29041563  0.29803689  0.29041563  0.26069895  0.26801597  0.26069895  0.31352127  0.31352127  0.31352127  0.32933975  0.29803689  0.29803689  0.32933975  0.32933975  0.31352127  0.28287278  0.27540674  0.22517071  0.27540674  0.27540674  0.33737883  0.32933975  0.32138785  0.30573820  0.29803689  0.32138785  0.32138785  0.30573820  0.30573820  0.29803689  0.32933975  0.35372639  0.31352127  0.31352127  0.29803689  0.29803689  0.29803689  0.29041563  0.29041563  0.27540674  0.28287278  0.28287278  0.29803689  0.31352127  0.31352127  0.32138785  0.27540674  0.26801597  0.28287278  0.27540674  0.27540674  0.28287278  0.29041563  0.31352127  0.21142786  0.21142786  0.20465184  0.28287278  0.29041563  0.29803689  0.29803689  0.27540674  0.26801597  0.26801597  0.26801597  0.27540674  0.26801597  0.26069895  0.26801597  0.29803689  0.29041563  0.26069895  0.26069895  0.26069895  0.27540674  0.26069895  0.26801597  0.26801597  0.25345424  0.25345424  0.23917610  0.23917610  0.25345424  0.26801597  0.26069895  0.25345424  0.23213996  0.26801597  0.26801597  0.35372639  0.41399617  0.40507688  0.37895216  0.37895216  0.39626481  0.36203891  0.32138785  0.34550705  0.32933975  0.34550705  0.29803689  0.40507688  0.37044677  0.36203891  0.31352127  0.32933975  0.29803689  0.29803689  0.32138785  0.32138785  0.35372639  0.36203891  0.35372639  0.37895216  0.37895216  0.37044677  0.36203891  0.36203891  0.29041563  0.32138785  0.32933975  0.30573820  0.32933975  0.32933975  0.28287278  0.41399617  0.40507688  
86_0_0     0.12787793  0.13397748  0.14633095  0.19128483  0.18469161  0.18469161  0.17168044  0.18469161  0.17168044  0.17815716  0.19793787  0.18469161  0.12787793  0.01027576  0.00000000  0.03126969  0.02069758  0.03126969  0.03126969  0.17168044  0.18469161  0.18469161  0.19128483  0.26069895  0.24628041  0.26801597  0.25345424  0.25345424  0.26069895  0.21826708  0.21142786  0.20465184  0.27540674  0.27540674  0.25345424  0.27540674  0.26801597  0.26801597  0.29803689  0.27540674  0.25345424  0.26069895  0.25345424  0.24628041  0.23917610  0.21826708  0.22517071  0.29803689  0.32138785  0.25345424  0.25345424  0.29803689  0.28287278  0.30573820  0.29803689  0.29803689  0.29803689  0.30573820  0.29803689  0.29041563  0.26069895  0.26801597  0.26069895  0.31352127  0.31352127  0.31352127  0.32933975  0.29803689  0.29803689  0.32933975  0.32933975  0.31352127  0.29803689  0.29041563  0.22517071  0.27540674  0.27540674  0.33737883  0.32933975  0.32138785  0.29803689  0.29041563  0.32138785  0.32138785  0.30573820  0.30573820  0.29803689  0.32933975  0.37044677  0.31352127  0.31352127  0.29803689  0.29803689  0.29803689  0.29041563  0.29041563  0.27540674  0.28287278  0.28287278  0.29803689  0.31352127  0.31352127  0.32138785  0.27540674  0.28287278  0.29803689  0.29041563  0.29041563  0.29803689  0.30573820  0.31352127  0.21142786  0.21142786  0.20465184  0.28287278  0.29041563  0.29803689  0.29803689  0.27540674  0.26801597  0.26801597  0.26801597  0.27540674  0.26801597  0.26069895  0.26801597  0.28287278  0.27540674  0.26069895  0.26069895  0.26069895  0.27540674  0.26069895  0.26801597  0.26801597  0.25345424  0.25345424  0.23917610  0.23917610  0.25345424  0.26801597  0.26069895  0.25345424  0.23213996  0.26801597  0.26801597  0.35372639  0.41399617  0.40507688  0.37895216  0.37895216  0.39626481  0.36203891  0.32138785  0.34550705  0.34550705  0.36203891  0.31352127  0.40507688  0.37044677  0.37895216  0.31352127  0.32933975  0.31352127  0.31352127  0.32138785  0.32138785  0.35372639  0.36203891  0.35372639  0.37895216  0.37895216  0.37044677  0.36203891  0.36203891  0.30573820  0.32138785  0.32933975  0.30573820  0.32933975  0.32933975  0.28287278  0.41399617  0.38755738  
93_0_0     0.15258663  0.15889614  0.17168044  0.20465184  0.19793787  0.19793787  0.19793787  0.21142786  0.19793787  0.20465184  0.22517071  0.18469161  0.14012820  0.03126969  0.03126969  0.00000000  0.04199647  0.05288253  0.05288253  0.19128483  0.19128483  0.19128483  0.19793787  0.29041563  0.27540674  0.29803689  0.28287278  0.28287278  0.29041563  0.23213996  0.22517071  0.23213996  0.29041563  0.29041563  0.26801597  0.27540674  0.26801597  0.26801597  0.29803689  0.29041563  0.25345424  0.24628041  0.23917610  0.23213996  0.23917610  0.21826708  0.21142786  0.26801597  0.29041563  0.25345424  0.25345424  0.29803689  0.28287278  0.30573820  0.29803689  0.31352127  0.31352127  0.32138785  0.31352127  0.30573820  0.27540674  0.28287278  0.27540674  0.31352127  0.31352127  0.31352127  0.32933975  0.29803689  0.29803689  0.31352127  0.31352127  0.29803689  0.31352127  0.30573820  0.23917610  0.29041563  0.29041563  0.33737883  0.32933975  0.33737883  0.32138785  0.31352127  0.33737883  0.33737883  0.32138785  0.32138785  0.31352127  0.34550705  0.38755738  0.32933975  0.32933975  0.31352127  0.31352127  0.31352127  0.30573820  0.30573820  0.29041563  0.29803689  0.28287278  0.29803689  0.31352127  0.31352127  0.32138785  0.29041563  0.28287278  0.29803689  0.29041563  0.30573820  0.29803689  0.32138785  0.31352127  0.22517071  0.22517071  0.21826708  0.29041563  0.29803689  0.30573820  0.30573820  0.28287278  0.27540674  0.27540674  0.27540674  0.29803689  0.27540674  0.26801597  0.27540674  0.30573820  0.29803689  0.26069895  0.26069895  0.26069895  0.27540674  0.26069895  0.26801597  0.26801597  0.25345424  0.25345424  0.25345424  0.25345424  0.26801597  0.28287278  0.27540674  0.26801597  0.24628041  0.28287278  0.26801597  0.37044677  0.43216700  0.42302529  0.37895216  0.37895216  0.37895216  0.36203891  0.32138785  0.34550705  0.36203891  0.37895216  0.32933975  0.38755738  0.38755738  0.36203891  0.34550705  0.36203891  0.33737883  0.32933975  0.33737883  0.33737883  0.38755738  0.39626481  0.36203891  0.40507688  0.40507688  0.37895216  0.37044677  0.37044677  0.30573820  0.34550705  0.34550705  0.32138785  0.34550705  0.34550705  0.29803689  0.46991819  0.42302529  
78_0_0     0.11582899  0.12182871  0.13397748  0.20465184  0.19793787  0.19793787  0.18469161  0.17168044  0.15889614  0.16526043  0.18469161  0.19793787  0.12787793  0.02069758  0.02069758  0.04199647  0.00000000  0.03126969  0.03126969  0.16526043  0.17815716  0.17815716  0.18469161  0.23213996  0.21826708  0.25345424  0.23917610  0.23917610  0.26069895  0.20465184  0.19793787  0.19128483  0.26069895  0.26069895  0.25345424  0.26069895  0.26801597  0.25345424  0.28287278  0.26069895  0.22517071  0.23213996  0.22517071  0.23213996  0.22517071  0.20465184  0.21142786  0.28287278  0.30573820  0.22517071  0.22517071  0.26801597  0.26801597  0.30573820  0.28287278  0.28287278  0.28287278  0.29041563  0.28287278  0.27540674  0.24628041  0.25345424  0.24628041  0.29803689  0.29803689  0.29803689  0.31352127  0.28287278  0.28287278  0.29803689  0.29803689  0.28287278  0.28287278  0.27540674  0.21142786  0.26069895  0.26069895  0.30573820  0.31352127  0.30573820  0.27540674  0.26801597  0.29041563  0.29041563  0.27540674  0.27540674  0.26801597  0.29803689  0.35372639  0.28287278  0.28287278  0.26801597  0.26801597  0.26801597  0.26069895  0.26069895  0.26069895  0.25345424  0.28287278  0.29803689  0.31352127  0.31352127  0.32138785  0.27540674  0.29803689  0.29803689  0.29041563  0.29041563  0.29803689  0.30573820  0.28287278  0.22517071  0.21142786  0.21826708  0.26801597  0.27540674  0.26801597  0.26801597  0.26069895  0.25345424  0.25345424  0.25345424  0.26069895  0.25345424  0.24628041  0.25345424  0.28287278  0.27540674  0.24628041  0.24628041  0.24628041  0.26069895  0.24628041  0.25345424  0.25345424  0.23917610  0.23917610  0.22517071  0.22517071  0.23917610  0.25345424  0.24628041  0.23917610  0.21826708  0.25345424  0.25345424  0.33737883  0.39626481  0.38755738  0.36203891  0.36203891  0.37895216  0.36203891  0.30573820  0.32933975  0.32933975  0.34550705  0.29803689  0.40507688  0.35372639  0.36203891  0.29803689  0.31352127  0.29803689  0.29803689  0.30573820  0.30573820  0.33737883  0.34550705  0.33737883  0.36203891  0.36203891  0.35372639  0.34550705  0.34550705  0.29041563  0.30573820  0.29803689  0.27540674  0.29803689  0.29803689  0.26801597  0.41399617  0.38755738  
61_0_0     0.12787793  0.13397748  0.14633095  0.20465184  0.19793787  0.18469161  0.19793787  0.17168044  0.15889614  0.16526043  0.19793787  0.19793787  0.12787793  0.03126969  0.03126969  0.05288253  0.03126969  0.00000000  0.02069758  0.15889614  0.17168044  0.17168044  0.17815716  0.23213996  0.21826708  0.26801597  0.25345424  0.25345424  0.26069895  0.21826708  0.21142786  0.21142786  0.26069895  0.26069895  0.25345424  0.26069895  0.25345424  0.25345424  0.26801597  0.26069895  0.23917610  0.24628041  0.25345424  0.24628041  0.23917610  0.23213996  0.23917610  0.26801597  0.29041563  0.23917610  0.23917610  0.26801597  0.28287278  0.29041563  0.28287278  0.28287278  0.28287278  0.29803689  0.28287278  0.27540674  0.24628041  0.25345424  0.24628041  0.29803689  0.31352127  0.31352127  0.32933975  0.29803689  0.29803689  0.31352127  0.32933975  0.31352127  0.28287278  0.27540674  0.22517071  0.27540674  0.27540674  0.32138785  0.31352127  0.29041563  0.27540674  0.26801597  0.29041563  0.29041563  0.27540674  0.27540674  0.26801597  0.29803689  0.37895216  0.30573820  0.30573820  0.29041563  0.29041563  0.29041563  0.28287278  0.28287278  0.26069895  0.28287278  0.26801597  0.28287278  0.29803689  0.29803689  0.30573820  0.26069895  0.29803689  0.28287278  0.27540674  0.29041563  0.29803689  0.29041563  0.28287278  0.19793787  0.19793787  0.19128483  0.25345424  0.26069895  0.26801597  0.26801597  0.24628041  0.25345424  0.25345424  0.25345424  0.26069895  0.25345424  0.24628041  0.25345424  0.28287278  0.27540674  0.24628041  0.24628041  0.24628041  0.24628041  0.24628041  0.25345424  0.25345424  0.23917610  0.23917610  0.22517071  0.22517071  0.23917610  0.25345424  0.24628041  0.23917610  0.21826708  0.25345424  0.25345424  0.35372639  0.41399617  0.40507688  0.37895216  0.37895216  0.40507688  0.37895216  0.33737883  0.36203891  0.37044677  0.37895216  0.32138785  0.41399617  0.37044677  0.37895216  0.31352127  0.31352127  0.31352127  0.31352127  0.31352127  0.31352127  0.34550705  0.35372639  0.34550705  0.37044677  0.37044677  0.36203891  0.35372639  0.35372639  0.31352127  0.32933975  0.32138785  0.29803689  0.32138785  0.32138785  0.28287278  0.44142413  0.41399617  
