fastme_mat.p : 0.4236128330230713
fastme.f81 : 0.9254858493804932
fastme.f84 : 1.0833015441894531
ba.exp : 15.948482990264893
pipeline_dl2615935 : 17.448415517807007
