fastme_mat.p : 0.42975831031799316
fastme.f81 : 0.9084129333496094
ba.exp : 10.172921180725098
pipeline_dl2615935 : 12.757519483566284
