fastme_mat.p : 0.38439692945671083
fastme.f81 : 0.781340775359869
ba.exp : 8.36505941697049
