fastme_mat.p : 0.38594041165137294
fastme.f81 : 0.7423388727128506
fastme.f84 : 0.8735979437828064
ba.exp : 13.134905705449581
