33
15_3_0     0.00000000  0.08222199  0.06143693  0.05633038  0.04873585  0.34506020  0.15120293  0.14544223  0.16580345  0.16580345  0.16286028  0.15700871  0.43687589  0.39958360  0.43687589  0.42423573  0.39958360  0.42423573  0.44973512  0.42842524  0.42423573  0.43687589  0.45843344  0.41592702  0.39958360  0.39958360  0.39958360  0.39555338  0.39154493  0.39958360  0.40363583  0.39555338  0.41592702  
39_5_0     0.08222199  0.00000000  0.04371567  0.07959180  0.05633038  0.34131478  0.16875835  0.16875835  0.19589572  0.17769432  0.16875835  0.16875835  0.42423573  0.40771031  0.42842524  0.42423573  0.41592702  0.41592702  0.44973512  0.42006974  0.41592702  0.42842524  0.45843344  0.43263853  0.42423573  0.42423573  0.42423573  0.42006974  0.41180729  0.40771031  0.41180729  0.40363583  0.43263853  
29_5_0     0.06143693  0.04371567  0.00000000  0.06400344  0.04121826  0.33758818  0.14544223  0.13972590  0.15992873  0.15992873  0.15120293  0.14544223  0.41592702  0.39154493  0.42006974  0.41592702  0.39958360  0.40771031  0.44113759  0.41180729  0.40771031  0.42006974  0.43263853  0.39154493  0.39154493  0.39154493  0.39154493  0.38755802  0.37964790  0.37572423  0.37964790  0.37182121  0.39958360  
39_3_0     0.05633038  0.07959180  0.06400344  0.00000000  0.03624852  0.31923084  0.18069705  0.17470369  0.19283098  0.18977884  0.19283098  0.18069705  0.42842524  0.39555338  0.40771031  0.40363583  0.39555338  0.43687589  0.45407153  0.42423573  0.42006974  0.40771031  0.42006974  0.39958360  0.39555338  0.39555338  0.39555338  0.39154493  0.40771031  0.40363583  0.40771031  0.39958360  0.40363583  
29_3_0     0.04873585  0.05633038  0.04121826  0.03624852  0.00000000  0.34131478  0.15120293  0.14544223  0.17172507  0.16875835  0.16580345  0.16286028  0.42006974  0.39154493  0.41180729  0.40771031  0.39555338  0.42423573  0.44973512  0.41180729  0.40771031  0.42006974  0.43263853  0.39154493  0.38359242  0.38359242  0.38359242  0.37964790  0.39154493  0.38755802  0.39154493  0.38359242  0.39958360  
4_0_0      0.34506020  0.34131478  0.33758818  0.31923084  0.34131478  0.00000000  0.38755802  0.36407622  0.38755802  0.39154493  0.37964790  0.37964790  0.49428372  0.49428372  0.51288005  0.51288005  0.53195444  0.56656204  0.58708752  0.55650836  0.56151817  0.55153214  0.56656204  0.57164042  0.56656204  0.57164042  0.57164042  0.56151817  0.54658908  0.53680065  0.54167873  0.53195444  0.49888929  
29_0_0     0.15120293  0.16875835  0.14544223  0.18069705  0.15120293  0.38755802  0.00000000  0.03377608  0.06143693  0.07697089  0.06916326  0.07435921  0.39958360  0.37572423  0.40363583  0.38359242  0.39154493  0.43687589  0.45407153  0.41592702  0.41180729  0.43263853  0.46282114  0.42423573  0.41592702  0.41592702  0.41592702  0.41180729  0.39958360  0.39154493  0.39555338  0.38755802  0.39154493  
39_0_0     0.14544223  0.16875835  0.13972590  0.17470369  0.14544223  0.36407622  0.03377608  0.00000000  0.05633038  0.06143693  0.05887926  0.05379022  0.37964790  0.33758818  0.36407622  0.34506020  0.35260823  0.40771031  0.42423573  0.39555338  0.39958360  0.42006974  0.44973512  0.39154493  0.39154493  0.39154493  0.39154493  0.39555338  0.37572423  0.36793861  0.37182121  0.36407622  0.37572423  
15_0_0     0.16580345  0.19589572  0.15992873  0.19283098  0.17172507  0.38755802  0.06143693  0.05633038  0.00000000  0.08751053  0.08222199  0.08222199  0.40363583  0.36407622  0.37572423  0.36407622  0.36407622  0.42423573  0.42423573  0.40363583  0.39958360  0.42842524  0.45407153  0.39958360  0.38359242  0.38359242  0.38359242  0.37964790  0.37572423  0.36793861  0.37182121  0.37182121  0.36407622  
16_0_0     0.16580345  0.17769432  0.15992873  0.18977884  0.16875835  0.39154493  0.07697089  0.06143693  0.08751053  0.00000000  0.01188716  0.02640779  0.41180729  0.34882461  0.37182121  0.35260823  0.34882461  0.42423573  0.42423573  0.41180729  0.40771031  0.44542390  0.47614209  0.40363583  0.40363583  0.40363583  0.40363583  0.40771031  0.40771031  0.38755802  0.39154493  0.38359242  0.37182121  
16_4_0     0.16286028  0.16875835  0.15120293  0.19283098  0.16580345  0.37964790  0.06916326  0.05887926  0.08222199  0.01188716  0.00000000  0.02396787  0.42006974  0.35260823  0.37572423  0.35641123  0.36023383  0.42842524  0.42842524  0.41592702  0.41180729  0.44973512  0.48063608  0.39958360  0.39958360  0.39958360  0.39958360  0.40363583  0.40363583  0.38359242  0.38755802  0.37964790  0.36793861  
28_0_0     0.15700871  0.16875835  0.14544223  0.18069705  0.16286028  0.37964790  0.07435921  0.05379022  0.08222199  0.02640779  0.02396787  0.00000000  0.42842524  0.34131478  0.36407622  0.34506020  0.36407622  0.40771031  0.40771031  0.40363583  0.39958360  0.43687589  0.46723493  0.37964790  0.37964790  0.37964790  0.37964790  0.38359242  0.39154493  0.37182121  0.37572423  0.36793861  0.35641123  
4_1_0      0.43687589  0.42423573  0.41592702  0.42842524  0.42006974  0.49428372  0.39958360  0.37964790  0.40363583  0.41180729  0.42006974  0.42842524  0.00000000  0.36023383  0.36023383  0.35641123  0.34131478  0.36793861  0.36793861  0.37182121  0.37572423  0.36793861  0.35641123  0.35260823  0.37182121  0.37182121  0.37182121  0.37572423  0.36023383  0.35260823  0.35641123  0.35641123  0.33758818  
19_1_0     0.39958360  0.40771031  0.39154493  0.39555338  0.39154493  0.49428372  0.37572423  0.33758818  0.36407622  0.34882461  0.35260823  0.34131478  0.36023383  0.00000000  0.04873585  0.04622151  0.06657887  0.22406338  0.21771084  0.21455485  0.21141223  0.29077223  0.30486511  0.24345397  0.22726016  0.23047077  0.23047077  0.23047077  0.24018681  0.21771084  0.22088031  0.21455485  0.23693397  
17_7_0     0.43687589  0.42842524  0.42006974  0.40771031  0.41180729  0.51288005  0.40363583  0.36407622  0.37572423  0.37182121  0.37572423  0.36407622  0.36023383  0.04873585  0.00000000  0.01669587  0.06657887  0.22088031  0.21455485  0.21771084  0.21455485  0.28729044  0.30131671  0.26000910  0.24345397  0.24673558  0.24673558  0.24673558  0.25003176  0.22726016  0.23047077  0.22406338  0.24018681  
1_7_0      0.42423573  0.42423573  0.41592702  0.40363583  0.40771031  0.51288005  0.38359242  0.34506020  0.36407622  0.35260823  0.35641123  0.34506020  0.35641123  0.04622151  0.01669587  0.00000000  0.06400344  0.23047077  0.22406338  0.22726016  0.22406338  0.28382491  0.31201321  0.25003176  0.24018681  0.24345397  0.24345397  0.24345397  0.24673558  0.22406338  0.22726016  0.22088031  0.23693397  
20_1_0     0.39958360  0.41592702  0.39958360  0.39555338  0.39555338  0.53195444  0.39154493  0.35260823  0.36407622  0.34882461  0.36023383  0.36407622  0.34131478  0.06657887  0.06657887  0.06400344  0.00000000  0.21455485  0.21455485  0.21141223  0.20828286  0.28382491  0.29427044  0.24345397  0.21455485  0.21771084  0.21771084  0.21771084  0.21771084  0.20206344  0.20516664  0.19897317  0.23693397  
27_1_0     0.42423573  0.41592702  0.40771031  0.43687589  0.42423573  0.56656204  0.43687589  0.40771031  0.42423573  0.42423573  0.42842524  0.40771031  0.36793861  0.22406338  0.22088031  0.23047077  0.21455485  0.00000000  0.07175669  0.04371567  0.04622151  0.22088031  0.23369534  0.27694204  0.24018681  0.24345397  0.24345397  0.23693397  0.23369534  0.22726016  0.23047077  0.22406338  0.26000910  
42_1_0     0.44973512  0.44973512  0.44113759  0.45407153  0.44973512  0.58708752  0.45407153  0.42423573  0.42423573  0.42423573  0.42842524  0.40771031  0.36793861  0.21771084  0.21455485  0.22406338  0.21455485  0.07175669  0.00000000  0.05633038  0.05887926  0.23047077  0.23693397  0.26336491  0.23369534  0.23693397  0.23693397  0.23693397  0.25334266  0.24018681  0.24345397  0.23693397  0.26000910  
23_1_0     0.42842524  0.42006974  0.41180729  0.42423573  0.41180729  0.55650836  0.41592702  0.39555338  0.40363583  0.41180729  0.41592702  0.40363583  0.37182121  0.21455485  0.21771084  0.22726016  0.21141223  0.04371567  0.05633038  0.00000000  0.00236225  0.21455485  0.22726016  0.26673597  0.24345397  0.24673558  0.24673558  0.24018681  0.24345397  0.23047077  0.23369534  0.22726016  0.26000910  
8_1_0      0.42423573  0.41592702  0.40771031  0.42006974  0.40771031  0.56151817  0.41180729  0.39958360  0.39958360  0.40771031  0.41180729  0.39958360  0.37572423  0.21141223  0.21455485  0.22406338  0.20828286  0.04622151  0.05887926  0.00236225  0.00000000  0.21771084  0.23047077  0.26673597  0.24345397  0.24673558  0.24673558  0.24018681  0.24345397  0.23047077  0.23369534  0.22726016  0.26000910  
43_1_0     0.43687589  0.42842524  0.42006974  0.40771031  0.42006974  0.55153214  0.43263853  0.42006974  0.42842524  0.44542390  0.44973512  0.43687589  0.36793861  0.29077223  0.28729044  0.28382491  0.28382491  0.22088031  0.23047077  0.21455485  0.21771084  0.00000000  0.04371567  0.28729044  0.26336491  0.26673597  0.26673597  0.26000910  0.27694204  0.27012242  0.26673597  0.26673597  0.29077223  
26_1_0     0.45843344  0.45843344  0.43263853  0.42006974  0.43263853  0.56656204  0.46282114  0.44973512  0.45407153  0.47614209  0.48063608  0.46723493  0.35641123  0.30486511  0.30131671  0.31201321  0.29427044  0.23369534  0.23693397  0.22726016  0.23047077  0.04371567  0.00000000  0.31923084  0.29077223  0.29427044  0.29427044  0.28729044  0.30843055  0.29778521  0.29427044  0.29427044  0.31201321  
13_1_0     0.41592702  0.43263853  0.39154493  0.39958360  0.39154493  0.57164042  0.42423573  0.39154493  0.39958360  0.40363583  0.39958360  0.37964790  0.35260823  0.24345397  0.26000910  0.25003176  0.24345397  0.27694204  0.26336491  0.26673597  0.26673597  0.28729044  0.31923084  0.00000000  0.05379022  0.05633038  0.05633038  0.05633038  0.10632298  0.09283702  0.09551468  0.09551468  0.11729106  
31_1_0     0.39958360  0.42423573  0.39154493  0.39555338  0.38359242  0.56656204  0.41592702  0.39154493  0.38359242  0.40363583  0.39958360  0.37964790  0.37182121  0.22726016  0.24345397  0.24018681  0.21455485  0.24018681  0.23369534  0.24345397  0.24345397  0.26336491  0.29077223  0.05379022  0.00000000  0.00236225  0.00236225  0.00236225  0.07435921  0.05633038  0.05887926  0.05887926  0.10632298  
14_1_0     0.39958360  0.42423573  0.39154493  0.39555338  0.38359242  0.57164042  0.41592702  0.39154493  0.38359242  0.40363583  0.39958360  0.37964790  0.37182121  0.23047077  0.24673558  0.24345397  0.21771084  0.24345397  0.23693397  0.24673558  0.24673558  0.26673597  0.29427044  0.05633038  0.00236225  0.00000000  0.00000000  0.00473204  0.07697089  0.05887926  0.06143693  0.06143693  0.10904984  
33_1_0     0.39958360  0.42423573  0.39154493  0.39555338  0.38359242  0.57164042  0.41592702  0.39154493  0.38359242  0.40363583  0.39958360  0.37964790  0.37182121  0.23047077  0.24673558  0.24345397  0.21771084  0.24345397  0.23693397  0.24673558  0.24673558  0.26673597  0.29427044  0.05633038  0.00236225  0.00000000  0.00000000  0.00473204  0.07697089  0.05887926  0.06143693  0.06143693  0.10904984  
25_1_0     0.39555338  0.42006974  0.38755802  0.39154493  0.37964790  0.56151817  0.41180729  0.39555338  0.37964790  0.40771031  0.40363583  0.38359242  0.37572423  0.23047077  0.24673558  0.24345397  0.21771084  0.23693397  0.23693397  0.24018681  0.24018681  0.26000910  0.28729044  0.05633038  0.00236225  0.00473204  0.00473204  0.00000000  0.07175669  0.05379022  0.05633038  0.05633038  0.10360611  
31_6_0     0.39154493  0.41180729  0.37964790  0.40771031  0.39154493  0.54658908  0.39958360  0.37572423  0.37572423  0.40771031  0.40363583  0.39154493  0.36023383  0.24018681  0.25003176  0.24673558  0.21771084  0.23369534  0.25334266  0.24345397  0.24345397  0.27694204  0.30843055  0.10632298  0.07435921  0.07697089  0.07697089  0.07175669  0.00000000  0.01669587  0.01911196  0.01911196  0.08486155  
14_6_0     0.39958360  0.40771031  0.37572423  0.40363583  0.38755802  0.53680065  0.39154493  0.36793861  0.36793861  0.38755802  0.38359242  0.37182121  0.35260823  0.21771084  0.22726016  0.22406338  0.20206344  0.22726016  0.24018681  0.23047077  0.23047077  0.27012242  0.29778521  0.09283702  0.05633038  0.05887926  0.05887926  0.05379022  0.01669587  0.00000000  0.00236225  0.00236225  0.07175669  
33_6_0     0.40363583  0.41180729  0.37964790  0.40771031  0.39154493  0.54167873  0.39555338  0.37182121  0.37182121  0.39154493  0.38755802  0.37572423  0.35641123  0.22088031  0.23047077  0.22726016  0.20516664  0.23047077  0.24345397  0.23369534  0.23369534  0.26673597  0.29427044  0.09551468  0.05887926  0.06143693  0.06143693  0.05633038  0.01911196  0.00236225  0.00000000  0.00473204  0.07435921  
25_6_0     0.39555338  0.40363583  0.37182121  0.39958360  0.38359242  0.53195444  0.38755802  0.36407622  0.37182121  0.38359242  0.37964790  0.36793861  0.35641123  0.21455485  0.22406338  0.22088031  0.19897317  0.22406338  0.23693397  0.22726016  0.22726016  0.26673597  0.29427044  0.09551468  0.05887926  0.06143693  0.06143693  0.05633038  0.01911196  0.00236225  0.00473204  0.00000000  0.07435921  
13_6_0     0.41592702  0.43263853  0.39958360  0.40363583  0.39958360  0.49888929  0.39154493  0.37572423  0.36407622  0.37182121  0.36793861  0.35641123  0.33758818  0.23693397  0.24018681  0.23693397  0.23693397  0.26000910  0.26000910  0.26000910  0.26000910  0.29077223  0.31201321  0.11729106  0.10632298  0.10904984  0.10904984  0.10360611  0.08486155  0.07175669  0.07435921  0.07435921  0.00000000  

