10
20_0_0     0.00000000  0.08528535  0.07306467  0.08118948  0.07306467  0.08118948  0.08940386  0.08118948  0.08528535  0.08528535  
16_0_0     0.08528535  0.00000000  0.08528535  0.08528535  0.08528535  0.09354525  0.11034489  0.09354525  0.09770979  0.09770979  
18_5_0     0.07306467  0.08528535  0.00000000  0.00736226  0.00000000  0.01479797  0.02989576  0.02989576  0.03371849  0.03371849  
19_5_0     0.08118948  0.08528535  0.00736226  0.00000000  0.00736226  0.02230863  0.03756093  0.03756093  0.04142328  0.04142328  
17_5_0     0.07306467  0.08528535  0.00000000  0.00736226  0.00000000  0.01479797  0.02989576  0.02989576  0.03371849  0.03371849  
17_0_0     0.08118948  0.09354525  0.01479797  0.02230863  0.01479797  0.00000000  0.01479797  0.04530576  0.04920857  0.04920857  
19_0_0     0.08940386  0.11034489  0.02989576  0.03756093  0.02989576  0.01479797  0.00000000  0.06104116  0.06502748  0.06502748  
18_4_0     0.08118948  0.09354525  0.02989576  0.03756093  0.02989576  0.04530576  0.06104116  0.00000000  0.00367204  0.00367204  
15_4_0     0.08528535  0.09770979  0.03371849  0.04142328  0.03371849  0.04920857  0.06502748  0.00367204  0.00000000  0.00000000  
15_6_0     0.08528535  0.09770979  0.03371849  0.04142328  0.03371849  0.04920857  0.06502748  0.00367204  0.00000000  0.00000000  

