172
80_0_0     0.00000000  0.04289530  0.08845219  0.08324850  0.16546256  0.15395423  0.15968585  0.16546256  0.14826699  0.15395423  0.17128506  0.20722409  0.20111079  0.20722409  0.20722409  0.21960549  0.19504796  0.19504796  0.14826699  0.14826699  0.16546256  0.17715410  0.16546256  0.15968585  0.17128506  0.18903477  0.16546256  0.17128506  0.18903477  0.16546256  0.16546256  0.16546256  0.17128506  0.17128506  0.17128506  0.16546256  0.17715410  0.17715410  0.16546256  0.15968585  0.16546256  0.16546256  0.15968585  0.16546256  0.15968585  0.14826699  0.20111079  0.20111079  0.17715410  0.17128506  0.18307041  0.19504796  0.18307041  0.18307041  0.18903477  0.18903477  0.18903477  0.18903477  0.18903477  0.14826699  0.17128506  0.15395423  0.15968585  0.16546256  0.15968585  0.16546256  0.17128506  0.15968585  0.17715410  0.16546256  0.17128506  0.15968585  0.15968585  0.15395423  0.15395423  0.14826699  0.14262345  0.15395423  0.18307041  0.17715410  0.16546256  0.17128506  0.17128506  0.16546256  0.17715410  0.15968585  0.25150420  0.23857799  0.24501266  0.24501266  0.23857799  0.25150420  0.23857799  0.24501266  0.24501266  0.24501266  0.24501266  0.23219921  0.22587536  0.22587536  0.21960549  0.21960549  0.22587536  0.22587536  0.21338870  0.22587536  0.21960549  0.21338870  0.21338870  0.21338870  0.22587536  0.22587536  0.26466199  0.28485152  0.24501266  0.26466199  0.26466199  0.26466199  0.27805982  0.25805363  0.27133036  0.29170661  0.29862628  0.24501266  0.27805982  0.29862628  0.29862628  0.27805982  0.23857799  0.25150420  0.25150420  0.25150420  0.25150420  0.25150420  0.26466199  0.26466199  0.26466199  0.25805363  0.31266435  0.31266435  0.30561177  0.28485152  0.26466199  0.25150420  0.25150420  0.23857799  0.23857799  0.25150420  0.25150420  0.27133036  0.27805982  0.27805982  0.27133036  0.24501266  0.25805363  0.26466199  0.24501266  0.28485152  0.29170661  0.29862628  0.24501266  0.24501266  0.25805363  0.25150420  0.25805363  0.25805363  0.25805363  0.25805363  0.26466199  0.26466199  0.25805363  0.25805363  
9_0_0      0.04289530  0.00000000  0.07295044  0.06785506  0.15968585  0.14826699  0.15395423  0.14826699  0.14262345  0.14826699  0.17715410  0.18903477  0.18307041  0.17715410  0.17715410  0.20111079  0.16546256  0.16546256  0.15395423  0.15395423  0.17128506  0.15968585  0.14826699  0.16546256  0.17128506  0.19504796  0.17128506  0.17715410  0.19504796  0.17128506  0.17128506  0.17128506  0.17715410  0.17715410  0.17715410  0.17128506  0.18307041  0.18307041  0.17128506  0.16546256  0.15968585  0.17128506  0.16546256  0.17128506  0.16546256  0.14262345  0.18307041  0.18307041  0.15968585  0.15395423  0.16546256  0.17715410  0.15395423  0.15395423  0.15968585  0.15968585  0.15968585  0.15968585  0.15968585  0.13146483  0.15395423  0.13702295  0.14262345  0.14826699  0.14262345  0.14826699  0.15395423  0.14262345  0.14826699  0.13702295  0.14262345  0.13146483  0.13146483  0.12594846  0.12594846  0.12047321  0.12594846  0.14826699  0.15395423  0.14826699  0.13702295  0.14262345  0.14262345  0.13702295  0.14826699  0.13146483  0.23219921  0.23219921  0.23857799  0.25150420  0.24501266  0.24501266  0.23219921  0.23857799  0.23857799  0.22587536  0.23857799  0.22587536  0.21960549  0.21960549  0.21338870  0.21338870  0.23219921  0.23219921  0.21960549  0.23219921  0.22587536  0.21960549  0.21960549  0.21960549  0.23219921  0.23219921  0.25805363  0.27805982  0.23857799  0.23219921  0.23219921  0.23219921  0.25805363  0.22587536  0.23857799  0.27133036  0.27805982  0.23857799  0.25805363  0.27805982  0.27805982  0.27133036  0.23219921  0.25805363  0.25805363  0.25805363  0.21960549  0.21960549  0.24501266  0.24501266  0.24501266  0.23857799  0.30561177  0.30561177  0.29862628  0.26466199  0.25805363  0.25805363  0.24501266  0.21960549  0.21960549  0.23219921  0.24501266  0.26466199  0.25805363  0.25805363  0.26466199  0.22587536  0.23857799  0.24501266  0.22587536  0.25150420  0.27133036  0.27805982  0.25150420  0.25150420  0.27805982  0.27133036  0.26466199  0.26466199  0.26466199  0.26466199  0.25805363  0.25805363  0.25150420  0.25150420  
9_83_0     0.08845219  0.07295044  0.00000000  0.09369301  0.18903477  0.17715410  0.18307041  0.18307041  0.18307041  0.18903477  0.22587536  0.23219921  0.21338870  0.20722409  0.20722409  0.23219921  0.21960549  0.21960549  0.18307041  0.18307041  0.21338870  0.20111079  0.18903477  0.18307041  0.19504796  0.22587536  0.18903477  0.19504796  0.21338870  0.18903477  0.18903477  0.18903477  0.19504796  0.19504796  0.19504796  0.18903477  0.20111079  0.20111079  0.18903477  0.18307041  0.18903477  0.18903477  0.18307041  0.18903477  0.18307041  0.17128506  0.22587536  0.22587536  0.20111079  0.19504796  0.21960549  0.20722409  0.21960549  0.21960549  0.22587536  0.22587536  0.22587536  0.22587536  0.22587536  0.17128506  0.18307041  0.17715410  0.18307041  0.18903477  0.18307041  0.18903477  0.19504796  0.19504796  0.19504796  0.20111079  0.20722409  0.19504796  0.18307041  0.17715410  0.17715410  0.17128506  0.16546256  0.17715410  0.18903477  0.17715410  0.16546256  0.17128506  0.17128506  0.15395423  0.15395423  0.17128506  0.25150420  0.23857799  0.24501266  0.25805363  0.25150420  0.23857799  0.23857799  0.24501266  0.24501266  0.24501266  0.25805363  0.24501266  0.23857799  0.23857799  0.23219921  0.23219921  0.25150420  0.25150420  0.23857799  0.25150420  0.24501266  0.23857799  0.23857799  0.23857799  0.23857799  0.23857799  0.29862628  0.30561177  0.25805363  0.29170661  0.29170661  0.29170661  0.29170661  0.28485152  0.29862628  0.32697598  0.33423775  0.27133036  0.30561177  0.32697598  0.32697598  0.31978530  0.26466199  0.30561177  0.30561177  0.30561177  0.26466199  0.26466199  0.29170661  0.29170661  0.29170661  0.28485152  0.31266435  0.31266435  0.30561177  0.29862628  0.30561177  0.27805982  0.29170661  0.25150420  0.25150420  0.26466199  0.26466199  0.27133036  0.27805982  0.27805982  0.28485152  0.25805363  0.25805363  0.26466199  0.24501266  0.29862628  0.30561177  0.31266435  0.25805363  0.25805363  0.28485152  0.27805982  0.27133036  0.27133036  0.27133036  0.27133036  0.26466199  0.26466199  0.27133036  0.27133036  
80_83_0    0.08324850  0.06785506  0.09369301  0.00000000  0.18903477  0.18903477  0.19504796  0.20111079  0.18307041  0.18903477  0.21960549  0.23219921  0.22587536  0.21338870  0.21338870  0.22587536  0.23857799  0.23857799  0.20111079  0.20111079  0.21960549  0.20722409  0.19504796  0.18903477  0.20111079  0.23219921  0.19504796  0.20111079  0.20722409  0.19504796  0.19504796  0.19504796  0.20111079  0.20111079  0.20111079  0.19504796  0.19504796  0.19504796  0.19504796  0.18903477  0.19504796  0.18307041  0.18903477  0.19504796  0.18903477  0.17715410  0.23219921  0.23219921  0.20722409  0.20111079  0.21338870  0.22587536  0.21338870  0.20111079  0.20722409  0.20722409  0.20722409  0.20722409  0.20722409  0.17715410  0.17715410  0.17128506  0.17715410  0.18307041  0.17715410  0.18307041  0.18903477  0.17715410  0.20722409  0.19504796  0.20111079  0.18903477  0.17715410  0.18307041  0.18307041  0.16546256  0.17128506  0.18307041  0.18903477  0.17715410  0.18307041  0.18903477  0.18903477  0.18307041  0.18307041  0.16546256  0.25805363  0.24501266  0.25150420  0.26466199  0.25805363  0.25805363  0.25805363  0.25150420  0.25150420  0.23857799  0.22587536  0.23857799  0.23219921  0.23219921  0.22587536  0.22587536  0.24501266  0.23219921  0.23219921  0.24501266  0.23857799  0.23219921  0.23219921  0.23219921  0.24501266  0.24501266  0.31266435  0.31978530  0.26466199  0.31266435  0.29862628  0.29862628  0.29862628  0.29170661  0.30561177  0.27805982  0.28485152  0.24501266  0.27805982  0.29862628  0.28485152  0.27805982  0.23857799  0.26466199  0.26466199  0.26466199  0.23857799  0.23857799  0.24501266  0.24501266  0.24501266  0.23857799  0.29862628  0.29862628  0.29170661  0.27133036  0.29170661  0.25805363  0.26466199  0.23857799  0.23857799  0.25150420  0.22587536  0.25805363  0.26466199  0.26466199  0.27133036  0.24501266  0.24501266  0.25150420  0.23219921  0.27805982  0.27133036  0.27805982  0.26466199  0.26466199  0.29170661  0.28485152  0.27805982  0.27805982  0.27805982  0.27805982  0.28485152  0.28485152  0.27805982  0.27805982  
31_99_0    0.16546256  0.15968585  0.18903477  0.18903477  0.00000000  0.01402189  0.01875599  0.04289530  0.02831672  0.02352079  0.07808142  0.07808142  0.07295044  0.12594846  0.12594846  0.13146483  0.14262345  0.14262345  0.10428820  0.10428820  0.13146483  0.10964367  0.09897150  0.12594846  0.13702295  0.15395423  0.14262345  0.13702295  0.15395423  0.14262345  0.14262345  0.13146483  0.13702295  0.13702295  0.13702295  0.13146483  0.14262345  0.14262345  0.13146483  0.12594846  0.12047321  0.13146483  0.12594846  0.13146483  0.12594846  0.08845219  0.16546256  0.13146483  0.10964367  0.11503848  0.15395423  0.12047321  0.12594846  0.13702295  0.13146483  0.13146483  0.13146483  0.13146483  0.13146483  0.11503848  0.13146483  0.11503848  0.12047321  0.12594846  0.12047321  0.12594846  0.13146483  0.13146483  0.11503848  0.11503848  0.12047321  0.10964367  0.09897150  0.09369301  0.09369301  0.12047321  0.10428820  0.11503848  0.13702295  0.10964367  0.09897150  0.11503848  0.10428820  0.11503848  0.12594846  0.10428820  0.21338870  0.21338870  0.21960549  0.23219921  0.23219921  0.22587536  0.21338870  0.20722409  0.21960549  0.20722409  0.23219921  0.21960549  0.21338870  0.21338870  0.20722409  0.20722409  0.20722409  0.20722409  0.21338870  0.22587536  0.23219921  0.22587536  0.22587536  0.22587536  0.23857799  0.23857799  0.23219921  0.23857799  0.21960549  0.18903477  0.20722409  0.20722409  0.20111079  0.18903477  0.20111079  0.20722409  0.21338870  0.16546256  0.18307041  0.19504796  0.21338870  0.18307041  0.17128506  0.20722409  0.20722409  0.20722409  0.17715410  0.17715410  0.21338870  0.21338870  0.21338870  0.20722409  0.23857799  0.23857799  0.24501266  0.22587536  0.22587536  0.16546256  0.15395423  0.15968585  0.15968585  0.17715410  0.19504796  0.18903477  0.18307041  0.18307041  0.18903477  0.15968585  0.14826699  0.14262345  0.13702295  0.19504796  0.23857799  0.24501266  0.23857799  0.23857799  0.26466199  0.25805363  0.25150420  0.25150420  0.21338870  0.21338870  0.19504796  0.19504796  0.20111079  0.20111079  
85_99_0    0.15395423  0.14826699  0.17715410  0.18903477  0.01402189  0.00000000  0.00464428  0.02831672  0.01402189  0.00931812  0.06785506  0.06785506  0.06279479  0.12594846  0.12594846  0.14262345  0.13146483  0.13146483  0.09369301  0.09369301  0.12047321  0.09897150  0.08845219  0.11503848  0.12594846  0.14262345  0.13146483  0.12594846  0.14262345  0.13146483  0.13146483  0.12047321  0.12594846  0.12594846  0.12594846  0.12047321  0.13146483  0.13146483  0.12047321  0.11503848  0.10964367  0.12047321  0.11503848  0.12047321  0.11503848  0.07808142  0.16546256  0.11503848  0.09897150  0.10428820  0.14262345  0.10428820  0.11503848  0.12594846  0.12047321  0.12047321  0.12047321  0.12047321  0.12047321  0.10428820  0.11503848  0.09897150  0.10428820  0.10964367  0.10428820  0.10964367  0.11503848  0.11503848  0.09897150  0.09897150  0.10428820  0.09369301  0.08324850  0.07808142  0.07808142  0.11503848  0.08845219  0.09897150  0.12594846  0.09897150  0.08845219  0.10428820  0.09369301  0.10428820  0.11503848  0.09369301  0.20111079  0.20111079  0.20722409  0.21960549  0.21960549  0.21338870  0.20111079  0.19504796  0.20722409  0.19504796  0.21960549  0.20722409  0.20111079  0.20111079  0.19504796  0.19504796  0.18903477  0.18903477  0.20111079  0.21338870  0.21960549  0.21338870  0.21338870  0.21338870  0.22587536  0.22587536  0.21960549  0.22587536  0.20722409  0.17128506  0.19504796  0.19504796  0.18903477  0.17715410  0.18903477  0.20111079  0.20722409  0.15968585  0.18903477  0.20722409  0.21960549  0.18903477  0.17128506  0.20722409  0.20722409  0.20722409  0.17128506  0.17128506  0.20722409  0.20722409  0.20722409  0.20111079  0.24501266  0.24501266  0.23857799  0.22587536  0.21960549  0.15968585  0.14826699  0.15395423  0.15395423  0.17128506  0.18903477  0.18307041  0.17715410  0.17715410  0.18307041  0.15395423  0.14262345  0.13702295  0.13146483  0.20111079  0.22587536  0.23219921  0.22587536  0.22587536  0.25150420  0.24501266  0.23857799  0.23857799  0.20111079  0.20111079  0.18307041  0.18307041  0.18903477  0.18903477  
84_99_0    0.15968585  0.15395423  0.18307041  0.19504796  0.01875599  0.00464428  0.00000000  0.03314416  0.01875599  0.01402189  0.07295044  0.07295044  0.06785506  0.13146483  0.13146483  0.14826699  0.13702295  0.13702295  0.09897150  0.09897150  0.12594846  0.10428820  0.09369301  0.12047321  0.13146483  0.14826699  0.13702295  0.13146483  0.14826699  0.13702295  0.13702295  0.12594846  0.13146483  0.13146483  0.13146483  0.12594846  0.13702295  0.12594846  0.12594846  0.12047321  0.11503848  0.12594846  0.12047321  0.12594846  0.12047321  0.08324850  0.17128506  0.12047321  0.10428820  0.10964367  0.13702295  0.10964367  0.12047321  0.13146483  0.12594846  0.12594846  0.12594846  0.12594846  0.12594846  0.10964367  0.11503848  0.09897150  0.10428820  0.10964367  0.10428820  0.10964367  0.11503848  0.11503848  0.10428820  0.10428820  0.10964367  0.09897150  0.08845219  0.08324850  0.08324850  0.12047321  0.09369301  0.10428820  0.13146483  0.10428820  0.09369301  0.10964367  0.09897150  0.10964367  0.12047321  0.09897150  0.19504796  0.19504796  0.20111079  0.21338870  0.21338870  0.20722409  0.19504796  0.18903477  0.20111079  0.18903477  0.21338870  0.20111079  0.19504796  0.19504796  0.18903477  0.18903477  0.18307041  0.18307041  0.19504796  0.20722409  0.21338870  0.20722409  0.20722409  0.20722409  0.21960549  0.21960549  0.21338870  0.21960549  0.20111079  0.16546256  0.18903477  0.18903477  0.18307041  0.17128506  0.18307041  0.19504796  0.20111079  0.15395423  0.18307041  0.20111079  0.21338870  0.18307041  0.16546256  0.20111079  0.20111079  0.20111079  0.17128506  0.17128506  0.20111079  0.20111079  0.20111079  0.19504796  0.24501266  0.24501266  0.23857799  0.21960549  0.21960549  0.15395423  0.14262345  0.14826699  0.14826699  0.16546256  0.18307041  0.17715410  0.17128506  0.17128506  0.17715410  0.14826699  0.13702295  0.13146483  0.12594846  0.19504796  0.21960549  0.22587536  0.21960549  0.21960549  0.24501266  0.23857799  0.23219921  0.23219921  0.19504796  0.19504796  0.17715410  0.17715410  0.18307041  0.18307041  
68_99_0    0.16546256  0.14826699  0.18307041  0.20111079  0.04289530  0.02831672  0.03314416  0.00000000  0.02352079  0.02831672  0.07808142  0.08845219  0.08324850  0.13702295  0.13702295  0.15395423  0.14262345  0.14262345  0.10428820  0.10428820  0.12047321  0.12047321  0.10964367  0.13702295  0.14826699  0.15395423  0.15395423  0.14826699  0.16546256  0.15395423  0.15395423  0.14262345  0.14826699  0.14826699  0.14826699  0.14262345  0.15395423  0.15395423  0.14262345  0.13702295  0.13146483  0.14262345  0.13702295  0.14262345  0.13702295  0.08845219  0.15968585  0.13702295  0.12047321  0.12594846  0.15395423  0.12594846  0.12594846  0.13702295  0.13146483  0.13146483  0.13146483  0.13146483  0.13146483  0.12594846  0.12594846  0.12047321  0.12594846  0.13146483  0.12594846  0.13146483  0.13702295  0.13702295  0.12047321  0.12047321  0.12594846  0.11503848  0.10428820  0.09897150  0.09897150  0.13702295  0.10964367  0.12047321  0.12594846  0.09897150  0.09897150  0.11503848  0.10428820  0.10964367  0.12047321  0.10428820  0.20111079  0.20111079  0.20722409  0.23219921  0.23219921  0.21338870  0.20111079  0.19504796  0.20722409  0.19504796  0.21960549  0.20722409  0.20111079  0.20111079  0.19504796  0.19504796  0.18903477  0.18903477  0.20111079  0.20111079  0.21960549  0.21338870  0.21338870  0.21338870  0.22587536  0.22587536  0.21960549  0.22587536  0.20722409  0.17128506  0.19504796  0.19504796  0.20111079  0.17715410  0.18903477  0.22587536  0.23219921  0.18307041  0.20111079  0.21960549  0.23219921  0.21338870  0.19504796  0.21960549  0.21960549  0.21960549  0.19504796  0.19504796  0.21960549  0.21960549  0.21960549  0.21338870  0.25805363  0.25805363  0.25150420  0.24501266  0.24501266  0.18307041  0.17128506  0.17715410  0.17715410  0.19504796  0.21338870  0.20722409  0.20111079  0.20111079  0.20722409  0.18903477  0.16546256  0.15968585  0.16546256  0.21338870  0.25150420  0.24501266  0.25150420  0.25150420  0.26466199  0.25805363  0.25150420  0.25150420  0.22587536  0.22587536  0.20722409  0.20722409  0.21338870  0.21338870  
73_99_0    0.14826699  0.14262345  0.18307041  0.18307041  0.02831672  0.01402189  0.01875599  0.02352079  0.00000000  0.01402189  0.07295044  0.07295044  0.06785506  0.13146483  0.13146483  0.14826699  0.13702295  0.13702295  0.09897150  0.09897150  0.12594846  0.10428820  0.09369301  0.12047321  0.13146483  0.13702295  0.13702295  0.13146483  0.14826699  0.13702295  0.13702295  0.12594846  0.13146483  0.13146483  0.13146483  0.12594846  0.13702295  0.13702295  0.12594846  0.12047321  0.11503848  0.12594846  0.12047321  0.12594846  0.12047321  0.06279479  0.15395423  0.12047321  0.10428820  0.09897150  0.14262345  0.10964367  0.10964367  0.12047321  0.11503848  0.11503848  0.11503848  0.11503848  0.11503848  0.10964367  0.10964367  0.09369301  0.09897150  0.10428820  0.09897150  0.10428820  0.10964367  0.10964367  0.10428820  0.10428820  0.10964367  0.09897150  0.08845219  0.08324850  0.08324850  0.12047321  0.09369301  0.10428820  0.13146483  0.10428820  0.09369301  0.10964367  0.09897150  0.10428820  0.11503848  0.09897150  0.20722409  0.20722409  0.21338870  0.22587536  0.21960549  0.21960549  0.20722409  0.20111079  0.21338870  0.20111079  0.22587536  0.21338870  0.20722409  0.20722409  0.20111079  0.20111079  0.19504796  0.19504796  0.20722409  0.20722409  0.21338870  0.20722409  0.20722409  0.20722409  0.21960549  0.21960549  0.22587536  0.23219921  0.21338870  0.16546256  0.17715410  0.17715410  0.18307041  0.17128506  0.18307041  0.20722409  0.21338870  0.15395423  0.18307041  0.20111079  0.21338870  0.18307041  0.16546256  0.20111079  0.18903477  0.18903477  0.16546256  0.16546256  0.21338870  0.21338870  0.21338870  0.20722409  0.23857799  0.23857799  0.23219921  0.23219921  0.23857799  0.16546256  0.15395423  0.14826699  0.14826699  0.16546256  0.18307041  0.18903477  0.18307041  0.18307041  0.18903477  0.17128506  0.14826699  0.14262345  0.14826699  0.20722409  0.23219921  0.23857799  0.23219921  0.23219921  0.24501266  0.23857799  0.23219921  0.23219921  0.20722409  0.20722409  0.20111079  0.20111079  0.20722409  0.20722409  
16_99_0    0.15395423  0.14826699  0.18903477  0.18903477  0.02352079  0.00931812  0.01402189  0.02831672  0.01402189  0.00000000  0.06785506  0.06785506  0.06279479  0.12594846  0.12594846  0.14262345  0.13146483  0.13146483  0.09369301  0.09369301  0.12047321  0.09897150  0.08845219  0.11503848  0.12594846  0.14262345  0.13146483  0.12594846  0.14262345  0.13146483  0.13146483  0.12047321  0.12594846  0.12594846  0.12594846  0.12047321  0.13146483  0.13146483  0.12047321  0.11503848  0.10964367  0.12047321  0.11503848  0.12047321  0.11503848  0.07808142  0.16546256  0.11503848  0.09897150  0.10428820  0.14262345  0.10428820  0.11503848  0.12594846  0.12047321  0.12047321  0.12047321  0.12047321  0.12047321  0.10428820  0.11503848  0.09897150  0.10428820  0.10964367  0.10428820  0.10964367  0.11503848  0.11503848  0.09897150  0.09897150  0.10428820  0.09369301  0.08324850  0.07808142  0.07808142  0.11503848  0.08845219  0.09897150  0.12594846  0.09897150  0.08845219  0.10428820  0.09369301  0.10428820  0.11503848  0.09369301  0.20111079  0.20111079  0.20722409  0.21960549  0.21960549  0.21338870  0.20111079  0.19504796  0.20722409  0.19504796  0.21960549  0.20722409  0.20111079  0.20111079  0.19504796  0.19504796  0.18903477  0.18903477  0.20111079  0.21338870  0.21960549  0.21338870  0.21338870  0.21338870  0.22587536  0.22587536  0.21960549  0.22587536  0.20722409  0.17128506  0.19504796  0.19504796  0.18903477  0.17715410  0.18903477  0.20111079  0.20722409  0.15968585  0.17715410  0.19504796  0.20722409  0.17715410  0.17128506  0.19504796  0.19504796  0.19504796  0.17128506  0.17128506  0.20722409  0.20722409  0.20722409  0.20111079  0.24501266  0.24501266  0.23857799  0.22587536  0.23219921  0.15968585  0.14826699  0.15395423  0.15395423  0.15968585  0.18903477  0.18307041  0.17715410  0.17715410  0.18307041  0.16546256  0.15395423  0.14826699  0.14262345  0.20111079  0.22587536  0.23219921  0.23857799  0.23857799  0.26466199  0.25805363  0.25150420  0.25150420  0.21338870  0.21338870  0.19504796  0.19504796  0.20111079  0.20111079  
65_98_0    0.17128506  0.17715410  0.22587536  0.21960549  0.07808142  0.06785506  0.07295044  0.07808142  0.07295044  0.06785506  0.00000000  0.09897150  0.10428820  0.15968585  0.15968585  0.17715410  0.15968585  0.15968585  0.12594846  0.12594846  0.13146483  0.13146483  0.13146483  0.14826699  0.15968585  0.17715410  0.16546256  0.15968585  0.17715410  0.17128506  0.17128506  0.15968585  0.15968585  0.15968585  0.15968585  0.15395423  0.16546256  0.16546256  0.15395423  0.14826699  0.14262345  0.15395423  0.14826699  0.15395423  0.14826699  0.12047321  0.18903477  0.15968585  0.13146483  0.12594846  0.15968585  0.14826699  0.14262345  0.15395423  0.14826699  0.14826699  0.14826699  0.14826699  0.14826699  0.14826699  0.15968585  0.15395423  0.15968585  0.15395423  0.14826699  0.15395423  0.15968585  0.17128506  0.15395423  0.14826699  0.15395423  0.14826699  0.13702295  0.13146483  0.13146483  0.17128506  0.14262345  0.15395423  0.15968585  0.13146483  0.13146483  0.14826699  0.13702295  0.14826699  0.15968585  0.13702295  0.18307041  0.18307041  0.17715410  0.21338870  0.21338870  0.18307041  0.17128506  0.16546256  0.17715410  0.16546256  0.18903477  0.17715410  0.17128506  0.18307041  0.16546256  0.16546256  0.18307041  0.18307041  0.17128506  0.18307041  0.18903477  0.18307041  0.18307041  0.18307041  0.19504796  0.19504796  0.18903477  0.18307041  0.16546256  0.18903477  0.20111079  0.20111079  0.17128506  0.17128506  0.18307041  0.22587536  0.23219921  0.18307041  0.18903477  0.20722409  0.21960549  0.19504796  0.19504796  0.20722409  0.20722409  0.20722409  0.19504796  0.19504796  0.25805363  0.25805363  0.25805363  0.26466199  0.25805363  0.25805363  0.25150420  0.22587536  0.25805363  0.18307041  0.17128506  0.16546256  0.16546256  0.18307041  0.20111079  0.20722409  0.20111079  0.20111079  0.20722409  0.16546256  0.16546256  0.17128506  0.15395423  0.21338870  0.23857799  0.23219921  0.23857799  0.23857799  0.25150420  0.24501266  0.25150420  0.25150420  0.21338870  0.21338870  0.20111079  0.20111079  0.19504796  0.19504796  
65_97_0    0.20722409  0.18903477  0.23219921  0.23219921  0.07808142  0.06785506  0.07295044  0.08845219  0.07295044  0.06785506  0.09897150  0.00000000  0.04289530  0.16546256  0.16546256  0.17128506  0.14826699  0.14826699  0.14262345  0.14262345  0.15395423  0.12594846  0.12594846  0.12047321  0.14262345  0.15968585  0.14826699  0.14262345  0.15968585  0.15395423  0.15395423  0.14262345  0.13702295  0.13702295  0.13702295  0.13702295  0.14826699  0.14826699  0.13146483  0.13146483  0.12594846  0.13702295  0.13146483  0.13702295  0.13146483  0.11503848  0.19504796  0.15395423  0.13702295  0.13146483  0.17128506  0.15395423  0.12047321  0.13146483  0.12594846  0.12594846  0.12594846  0.12594846  0.12594846  0.14262345  0.16546256  0.14826699  0.15395423  0.15968585  0.15395423  0.15968585  0.15395423  0.15968585  0.13702295  0.13702295  0.13146483  0.14262345  0.13146483  0.12594846  0.12594846  0.15395423  0.12594846  0.13702295  0.17128506  0.14262345  0.11503848  0.12594846  0.11503848  0.13146483  0.14262345  0.13146483  0.21960549  0.21960549  0.21338870  0.21338870  0.22587536  0.21338870  0.20111079  0.18307041  0.20722409  0.18307041  0.21960549  0.20722409  0.20111079  0.20111079  0.19504796  0.19504796  0.19504796  0.20722409  0.20111079  0.21338870  0.21960549  0.21338870  0.21338870  0.21338870  0.22587536  0.22587536  0.22587536  0.21960549  0.21338870  0.20111079  0.21338870  0.21338870  0.18307041  0.18307041  0.18307041  0.20111079  0.20722409  0.15968585  0.17715410  0.18903477  0.20111079  0.18307041  0.14826699  0.18307041  0.18307041  0.18307041  0.17128506  0.17128506  0.19504796  0.19504796  0.19504796  0.20111079  0.23857799  0.23857799  0.23219921  0.21338870  0.25805363  0.18903477  0.17128506  0.17715410  0.17715410  0.19504796  0.21338870  0.20722409  0.20111079  0.20111079  0.20722409  0.18903477  0.17715410  0.17128506  0.17128506  0.21338870  0.22587536  0.23219921  0.25805363  0.25805363  0.28485152  0.27805982  0.27133036  0.27133036  0.21338870  0.21338870  0.20722409  0.20722409  0.20111079  0.21338870  
28_97_0    0.20111079  0.18307041  0.21338870  0.22587536  0.07295044  0.06279479  0.06785506  0.08324850  0.06785506  0.06279479  0.10428820  0.04289530  0.00000000  0.13702295  0.13702295  0.16546256  0.12047321  0.12047321  0.12594846  0.12594846  0.14262345  0.12047321  0.10964367  0.12594846  0.14826699  0.15395423  0.15395423  0.14826699  0.16546256  0.15968585  0.15968585  0.14826699  0.14262345  0.14262345  0.14262345  0.14262345  0.15395423  0.15395423  0.13702295  0.13702295  0.13146483  0.14262345  0.13702295  0.14262345  0.13702295  0.10428820  0.19504796  0.15395423  0.12594846  0.13146483  0.15968585  0.13146483  0.11503848  0.12594846  0.12047321  0.12047321  0.12047321  0.12047321  0.12047321  0.12594846  0.13702295  0.13146483  0.13702295  0.14262345  0.13702295  0.14262345  0.13702295  0.14262345  0.12047321  0.12047321  0.12594846  0.12594846  0.11503848  0.10964367  0.10964367  0.14826699  0.12047321  0.13146483  0.14262345  0.12594846  0.08845219  0.09897150  0.08845219  0.10428820  0.11503848  0.11503848  0.20722409  0.20722409  0.21338870  0.22587536  0.22587536  0.20111079  0.18903477  0.18307041  0.19504796  0.18903477  0.21338870  0.18903477  0.18307041  0.18307041  0.18903477  0.18903477  0.19504796  0.20722409  0.19504796  0.20722409  0.20111079  0.19504796  0.19504796  0.19504796  0.19504796  0.19504796  0.21338870  0.21960549  0.20722409  0.19504796  0.20722409  0.20722409  0.18903477  0.17715410  0.18903477  0.21338870  0.21960549  0.17715410  0.18903477  0.20111079  0.21338870  0.20111079  0.15395423  0.18903477  0.18903477  0.18903477  0.18903477  0.18903477  0.21338870  0.21338870  0.21338870  0.20722409  0.24501266  0.24501266  0.23857799  0.23219921  0.26466199  0.18307041  0.16546256  0.18307041  0.18307041  0.20111079  0.21960549  0.18903477  0.18307041  0.18307041  0.18903477  0.19504796  0.18307041  0.17715410  0.17715410  0.20111079  0.21338870  0.21960549  0.25150420  0.25150420  0.27805982  0.27133036  0.26466199  0.26466199  0.20722409  0.20722409  0.17715410  0.17715410  0.18307041  0.19504796  
41_86_0    0.20722409  0.17715410  0.20722409  0.21338870  0.12594846  0.12594846  0.13146483  0.13702295  0.13146483  0.12594846  0.15968585  0.16546256  0.13702295  0.00000000  0.00000000  0.04781985  0.12594846  0.12594846  0.06785506  0.06785506  0.10428820  0.06279479  0.06279479  0.16546256  0.17715410  0.17128506  0.18307041  0.17128506  0.17715410  0.17715410  0.17715410  0.16546256  0.17128506  0.17128506  0.17128506  0.16546256  0.17715410  0.17715410  0.17128506  0.16546256  0.15968585  0.17128506  0.16546256  0.17128506  0.16546256  0.10428820  0.15968585  0.12047321  0.08845219  0.10428820  0.14262345  0.09369301  0.10964367  0.12047321  0.11503848  0.11503848  0.11503848  0.11503848  0.11503848  0.10964367  0.12047321  0.11503848  0.12047321  0.11503848  0.10964367  0.11503848  0.12047321  0.13146483  0.11503848  0.11503848  0.12047321  0.10964367  0.09897150  0.09369301  0.09369301  0.10964367  0.11503848  0.12594846  0.12047321  0.10428820  0.10428820  0.12047321  0.10964367  0.12047321  0.13146483  0.09897150  0.22587536  0.22587536  0.21960549  0.25805363  0.24501266  0.26466199  0.25150420  0.25805363  0.25805363  0.25150420  0.27805982  0.25150420  0.25805363  0.25805363  0.25150420  0.25150420  0.27133036  0.27133036  0.25805363  0.27133036  0.27805982  0.27133036  0.25805363  0.25805363  0.25805363  0.25805363  0.26466199  0.27133036  0.25150420  0.25150420  0.25150420  0.26466199  0.25805363  0.25150420  0.25150420  0.25805363  0.26466199  0.20111079  0.18903477  0.20722409  0.21960549  0.23219921  0.19504796  0.20722409  0.21960549  0.21960549  0.20111079  0.20111079  0.21960549  0.21960549  0.21960549  0.21338870  0.23857799  0.23857799  0.23219921  0.23857799  0.24501266  0.19504796  0.18307041  0.17128506  0.17128506  0.18903477  0.19504796  0.17715410  0.17128506  0.17128506  0.17715410  0.18903477  0.17715410  0.17128506  0.16546256  0.20722409  0.22587536  0.23219921  0.28485152  0.28485152  0.31266435  0.30561177  0.28485152  0.28485152  0.20111079  0.20111079  0.17128506  0.17128506  0.20111079  0.18903477  
41_91_0    0.20722409  0.17715410  0.20722409  0.21338870  0.12594846  0.12594846  0.13146483  0.13702295  0.13146483  0.12594846  0.15968585  0.16546256  0.13702295  0.00000000  0.00000000  0.04781985  0.12594846  0.12594846  0.06785506  0.06785506  0.10428820  0.06279479  0.06279479  0.16546256  0.17715410  0.17128506  0.18307041  0.17128506  0.17715410  0.17715410  0.17715410  0.16546256  0.17128506  0.17128506  0.17128506  0.16546256  0.17715410  0.17715410  0.17128506  0.16546256  0.15968585  0.17128506  0.16546256  0.17128506  0.16546256  0.10428820  0.15968585  0.12047321  0.08845219  0.10428820  0.14262345  0.09369301  0.10964367  0.12047321  0.11503848  0.11503848  0.11503848  0.11503848  0.11503848  0.10964367  0.12047321  0.11503848  0.12047321  0.11503848  0.10964367  0.11503848  0.12047321  0.13146483  0.11503848  0.11503848  0.12047321  0.10964367  0.09897150  0.09369301  0.09369301  0.10964367  0.11503848  0.12594846  0.12047321  0.10428820  0.10428820  0.12047321  0.10964367  0.12047321  0.13146483  0.09897150  0.22587536  0.22587536  0.21960549  0.25805363  0.24501266  0.26466199  0.25150420  0.25805363  0.25805363  0.25150420  0.27805982  0.25150420  0.25805363  0.25805363  0.25150420  0.25150420  0.27133036  0.27133036  0.25805363  0.27133036  0.27805982  0.27133036  0.25805363  0.25805363  0.25805363  0.25805363  0.26466199  0.27133036  0.25150420  0.25150420  0.25150420  0.26466199  0.25805363  0.25150420  0.25150420  0.25805363  0.26466199  0.20111079  0.18903477  0.20722409  0.21960549  0.23219921  0.19504796  0.20722409  0.21960549  0.21960549  0.20111079  0.20111079  0.21960549  0.21960549  0.21960549  0.21338870  0.23857799  0.23857799  0.23219921  0.23857799  0.24501266  0.19504796  0.18307041  0.17128506  0.17128506  0.18903477  0.19504796  0.17715410  0.17128506  0.17128506  0.17715410  0.18903477  0.17715410  0.17128506  0.16546256  0.20722409  0.22587536  0.23219921  0.28485152  0.28485152  0.31266435  0.30561177  0.28485152  0.28485152  0.20111079  0.20111079  0.17128506  0.17128506  0.20111079  0.18903477  
20_86_0    0.21960549  0.20111079  0.23219921  0.22587536  0.13146483  0.14262345  0.14826699  0.15395423  0.14826699  0.14262345  0.17715410  0.17128506  0.16546256  0.04781985  0.04781985  0.00000000  0.14826699  0.14826699  0.08845219  0.08845219  0.12594846  0.08324850  0.08324850  0.16546256  0.16546256  0.15968585  0.18307041  0.17128506  0.17715410  0.17715410  0.17715410  0.16546256  0.17128506  0.17128506  0.17128506  0.16546256  0.17715410  0.17715410  0.17128506  0.16546256  0.17128506  0.17128506  0.16546256  0.17128506  0.16546256  0.10428820  0.15395423  0.16546256  0.13146483  0.13702295  0.17715410  0.14826699  0.13146483  0.14262345  0.13702295  0.13702295  0.13702295  0.13702295  0.13702295  0.13146483  0.14262345  0.12594846  0.13146483  0.12594846  0.12047321  0.12594846  0.13146483  0.14262345  0.13702295  0.13702295  0.13146483  0.14262345  0.13146483  0.12594846  0.12594846  0.14262345  0.12594846  0.14826699  0.14262345  0.11503848  0.12594846  0.14262345  0.13146483  0.14262345  0.15395423  0.12047321  0.23857799  0.23857799  0.23219921  0.27133036  0.25805363  0.27805982  0.26466199  0.27133036  0.27133036  0.27805982  0.29170661  0.26466199  0.27133036  0.27133036  0.26466199  0.26466199  0.28485152  0.28485152  0.27133036  0.28485152  0.27805982  0.28485152  0.27133036  0.27133036  0.28485152  0.28485152  0.29862628  0.30561177  0.26466199  0.27805982  0.26466199  0.27805982  0.27133036  0.26466199  0.26466199  0.27805982  0.28485152  0.22587536  0.20111079  0.21338870  0.23219921  0.25805363  0.20722409  0.20722409  0.21960549  0.21960549  0.22587536  0.22587536  0.23857799  0.23857799  0.23857799  0.23219921  0.25150420  0.25150420  0.25805363  0.25805363  0.25805363  0.21960549  0.20722409  0.19504796  0.19504796  0.21338870  0.20722409  0.18903477  0.19504796  0.19504796  0.20111079  0.21338870  0.20111079  0.19504796  0.18903477  0.23219921  0.25805363  0.26466199  0.28485152  0.28485152  0.29862628  0.29170661  0.28485152  0.28485152  0.22587536  0.22587536  0.21338870  0.21338870  0.21960549  0.20722409  
41_90_0    0.19504796  0.16546256  0.21960549  0.23857799  0.14262345  0.13146483  0.13702295  0.14262345  0.13702295  0.13146483  0.15968585  0.14826699  0.12047321  0.12594846  0.12594846  0.14826699  0.00000000  0.00000000  0.09369301  0.09369301  0.10964367  0.09369301  0.09369301  0.17128506  0.16546256  0.17715410  0.18903477  0.18307041  0.20111079  0.18307041  0.18307041  0.18307041  0.18307041  0.18307041  0.18307041  0.17715410  0.18903477  0.18903477  0.17715410  0.17128506  0.16546256  0.17715410  0.17128506  0.17715410  0.17128506  0.14262345  0.19504796  0.18307041  0.14826699  0.15395423  0.15395423  0.15395423  0.11503848  0.12594846  0.12047321  0.12047321  0.12047321  0.12047321  0.12047321  0.14826699  0.14826699  0.14262345  0.14826699  0.15395423  0.14826699  0.15395423  0.14826699  0.15968585  0.13146483  0.12047321  0.12594846  0.14826699  0.13702295  0.13146483  0.13146483  0.17128506  0.13702295  0.16546256  0.15968585  0.15395423  0.13146483  0.14826699  0.13702295  0.14826699  0.15395423  0.13702295  0.22587536  0.23857799  0.24501266  0.25150420  0.25150420  0.25150420  0.23857799  0.24501266  0.23857799  0.23857799  0.26466199  0.23857799  0.24501266  0.24501266  0.23857799  0.23857799  0.25805363  0.27133036  0.24501266  0.25805363  0.25150420  0.25805363  0.24501266  0.24501266  0.24501266  0.24501266  0.22587536  0.23219921  0.21338870  0.21338870  0.22587536  0.22587536  0.23857799  0.20722409  0.20722409  0.22587536  0.23219921  0.21338870  0.22587536  0.24501266  0.25805363  0.24501266  0.20722409  0.24501266  0.25805363  0.25805363  0.23219921  0.23219921  0.25805363  0.25805363  0.25805363  0.25150420  0.25805363  0.25805363  0.25150420  0.25805363  0.24501266  0.19504796  0.18307041  0.23219921  0.23219921  0.25150420  0.25805363  0.23857799  0.23219921  0.23219921  0.23857799  0.25150420  0.23857799  0.23219921  0.22587536  0.24501266  0.23857799  0.24501266  0.26466199  0.26466199  0.27805982  0.27133036  0.27805982  0.27805982  0.23219921  0.23219921  0.19504796  0.19504796  0.21338870  0.21338870  
41_81_0    0.19504796  0.16546256  0.21960549  0.23857799  0.14262345  0.13146483  0.13702295  0.14262345  0.13702295  0.13146483  0.15968585  0.14826699  0.12047321  0.12594846  0.12594846  0.14826699  0.00000000  0.00000000  0.09369301  0.09369301  0.10964367  0.09369301  0.09369301  0.17128506  0.16546256  0.17715410  0.18903477  0.18307041  0.20111079  0.18307041  0.18307041  0.18307041  0.18307041  0.18307041  0.18307041  0.17715410  0.18903477  0.18903477  0.17715410  0.17128506  0.16546256  0.17715410  0.17128506  0.17715410  0.17128506  0.14262345  0.19504796  0.18307041  0.14826699  0.15395423  0.15395423  0.15395423  0.11503848  0.12594846  0.12047321  0.12047321  0.12047321  0.12047321  0.12047321  0.14826699  0.14826699  0.14262345  0.14826699  0.15395423  0.14826699  0.15395423  0.14826699  0.15968585  0.13146483  0.12047321  0.12594846  0.14826699  0.13702295  0.13146483  0.13146483  0.17128506  0.13702295  0.16546256  0.15968585  0.15395423  0.13146483  0.14826699  0.13702295  0.14826699  0.15395423  0.13702295  0.22587536  0.23857799  0.24501266  0.25150420  0.25150420  0.25150420  0.23857799  0.24501266  0.23857799  0.23857799  0.26466199  0.23857799  0.24501266  0.24501266  0.23857799  0.23857799  0.25805363  0.27133036  0.24501266  0.25805363  0.25150420  0.25805363  0.24501266  0.24501266  0.24501266  0.24501266  0.22587536  0.23219921  0.21338870  0.21338870  0.22587536  0.22587536  0.23857799  0.20722409  0.20722409  0.22587536  0.23219921  0.21338870  0.22587536  0.24501266  0.25805363  0.24501266  0.20722409  0.24501266  0.25805363  0.25805363  0.23219921  0.23219921  0.25805363  0.25805363  0.25805363  0.25150420  0.25805363  0.25805363  0.25150420  0.25805363  0.24501266  0.19504796  0.18307041  0.23219921  0.23219921  0.25150420  0.25805363  0.23857799  0.23219921  0.23219921  0.23857799  0.25150420  0.23857799  0.23219921  0.22587536  0.24501266  0.23857799  0.24501266  0.26466199  0.26466199  0.27805982  0.27133036  0.27805982  0.27805982  0.23219921  0.23219921  0.19504796  0.19504796  0.21338870  0.21338870  
41_92_0    0.14826699  0.15395423  0.18307041  0.20111079  0.10428820  0.09369301  0.09897150  0.10428820  0.09897150  0.09369301  0.12594846  0.14262345  0.12594846  0.06785506  0.06785506  0.08845219  0.09369301  0.09369301  0.00000000  0.00000000  0.03314416  0.04289530  0.04289530  0.13146483  0.14262345  0.13702295  0.14826699  0.14262345  0.15968585  0.13702295  0.13702295  0.13702295  0.14262345  0.14262345  0.14262345  0.13702295  0.14826699  0.14826699  0.13702295  0.13146483  0.13702295  0.13702295  0.13146483  0.13702295  0.13146483  0.08324850  0.14262345  0.10964367  0.07808142  0.09369301  0.12047321  0.09369301  0.09897150  0.10964367  0.10428820  0.10428820  0.10428820  0.10428820  0.10428820  0.08845219  0.10964367  0.09369301  0.09897150  0.09369301  0.08845219  0.09369301  0.09897150  0.10964367  0.10428820  0.10428820  0.10964367  0.09897150  0.08845219  0.08324850  0.08324850  0.12047321  0.09369301  0.10428820  0.13146483  0.11503848  0.10428820  0.12047321  0.10964367  0.12047321  0.13146483  0.08845219  0.18903477  0.18903477  0.19504796  0.21960549  0.20722409  0.21338870  0.20111079  0.20722409  0.20722409  0.21338870  0.22587536  0.20111079  0.20722409  0.20722409  0.20111079  0.20111079  0.21960549  0.21960549  0.20722409  0.21960549  0.22587536  0.21960549  0.20722409  0.20722409  0.21960549  0.21960549  0.21960549  0.22587536  0.20111079  0.21338870  0.22587536  0.22587536  0.23219921  0.21338870  0.21338870  0.25150420  0.25805363  0.20111079  0.18903477  0.20722409  0.21960549  0.23219921  0.18307041  0.19504796  0.20722409  0.20722409  0.21338870  0.21338870  0.23219921  0.23219921  0.23219921  0.22587536  0.25150420  0.25150420  0.24501266  0.23857799  0.23219921  0.19504796  0.18307041  0.18307041  0.18307041  0.20111079  0.19504796  0.17715410  0.18307041  0.18307041  0.18903477  0.20111079  0.18903477  0.18307041  0.17715410  0.22587536  0.21960549  0.22587536  0.23219921  0.23219921  0.25805363  0.25150420  0.24501266  0.24501266  0.18903477  0.18903477  0.17128506  0.17128506  0.18903477  0.18903477  
