15
6_0_0      0.00000000  0.02419823  0.06203608  0.19636239  0.29566030  0.29566030  0.22801383  0.36034960  0.37991289  0.34128684  0.37006704  0.29566030  0.30456483  0.28686094  0.28686094  
3_0_0      0.02419823  0.00000000  0.07508808  0.18102699  0.27816427  0.27816427  0.21202006  0.34128684  0.37991289  0.32269963  0.35075726  0.29566030  0.30456483  0.30456483  0.30456483  
9_0_0      0.06203608  0.07508808  0.00000000  0.21202006  0.28686094  0.26956794  0.22801383  0.36034960  0.37991289  0.36034960  0.37006704  0.33193528  0.32269963  0.30456483  0.30456483  
10_0_0     0.19636239  0.18102699  0.21202006  0.00000000  0.20415010  0.20415010  0.17347605  0.32269963  0.30456483  0.34128684  0.35075726  0.30456483  0.26106965  0.27816427  0.27816427  
8_0_0      0.29566030  0.27816427  0.28686094  0.20415010  0.00000000  0.06203608  0.26106965  0.37991289  0.36034960  0.40000370  0.38989058  0.33193528  0.34128684  0.34128684  0.32269963  
1_0_0      0.29566030  0.27816427  0.26956794  0.20415010  0.06203608  0.00000000  0.27816427  0.42065128  0.37991289  0.42065128  0.41025597  0.38989058  0.32269963  0.36034960  0.36034960  
7_0_0      0.22801383  0.21202006  0.22801383  0.17347605  0.26106965  0.27816427  0.00000000  0.27816427  0.28686094  0.31357706  0.31357706  0.29566030  0.26956794  0.26956794  0.27816427  
16_0_0     0.36034960  0.34128684  0.36034960  0.32269963  0.37991289  0.42065128  0.27816427  0.00000000  0.05559483  0.06853351  0.06853351  0.15859992  0.15127177  0.13682820  0.13682820  
20_0_0     0.37991289  0.37991289  0.37991289  0.30456483  0.36034960  0.37991289  0.28686094  0.05559483  0.00000000  0.04920878  0.03659858  0.16600086  0.14401499  0.12971007  0.12971007  
19_0_0     0.34128684  0.32269963  0.36034960  0.34128684  0.40000370  0.42065128  0.31357706  0.06853351  0.04920878  0.00000000  0.02419823  0.16600086  0.17347605  0.14401499  0.12971007  
13_0_0     0.37006704  0.35075726  0.37006704  0.35075726  0.38989058  0.41025597  0.31357706  0.06853351  0.03659858  0.02419823  0.00000000  0.18102699  0.17347605  0.14401499  0.14401499  
18_0_0     0.29566030  0.29566030  0.33193528  0.30456483  0.33193528  0.38989058  0.29566030  0.15859992  0.16600086  0.16600086  0.18102699  0.00000000  0.05559483  0.05559483  0.05559483  
14_0_0     0.30456483  0.30456483  0.32269963  0.26106965  0.34128684  0.32269963  0.26956794  0.15127177  0.14401499  0.17347605  0.17347605  0.05559483  0.00000000  0.03659858  0.04920878  
15_0_0     0.28686094  0.30456483  0.30456483  0.27816427  0.34128684  0.36034960  0.26956794  0.13682820  0.12971007  0.14401499  0.14401499  0.05559483  0.03659858  0.00000000  0.01200089  
17_0_0     0.28686094  0.30456483  0.30456483  0.27816427  0.32269963  0.36034960  0.27816427  0.13682820  0.12971007  0.12971007  0.14401499  0.05559483  0.04920878  0.01200089  0.00000000  

