130
20_1_0     0.00000000  0.29386914  0.42826042  0.44317130  0.43567769  0.44317130  0.44317130  0.44317130  0.42826042  0.43567769  0.43567769  0.43567769  0.44317130  0.44317130  0.42091793  0.42826042  0.41364875  0.42091793  0.42091793  0.46612624  0.50606968  0.53113164  0.50606968  0.68166264  0.69218964  0.69218964  0.68166264  0.67128567  0.67128567  0.71371151  0.73588890  0.73588890  0.71371151  0.71371151  0.60251421  0.61194991  0.69218964  0.69218964  0.69218964  0.70287106  0.68166264  0.69218964  0.68166264  0.69218964  0.59319922  0.57491928  0.58400189  0.59319922  0.60251421  0.63119622  0.54833203  0.58400189  0.58400189  0.61194991  0.61194991  0.60251421  0.61194991  0.56594856  0.59319922  0.54833203  0.48982844  0.53113164  0.49790378  0.48184167  0.53113164  0.52268145  0.47394156  0.47394156  0.52268145  0.52268145  0.53113164  0.55708702  0.53113164  0.53113164  0.56594856  0.53968105  0.54833203  0.48184167  0.52268145  0.53113164  0.57491928  0.56594856  0.49790378  0.53968105  0.52268145  0.48184167  0.52268145  0.53113164  0.48982844  0.49790378  0.49790378  0.75876301  0.60251421  0.48982844  0.48982844  0.48982844  0.48982844  0.48982844  0.53113164  0.51432819  0.47394156  0.49790378  0.50606968  0.51432819  0.50606968  0.54833203  0.53968105  0.67128567  0.69218964  0.70287106  0.65096509  0.68166264  0.69218964  0.69218964  0.67128567  0.53968105  0.64101357  0.62150948  0.60251421  0.62150948  0.62150948  0.57491928  0.54833203  0.55708702  0.55708702  0.54833203  0.55708702  0.55708702  0.56594856  0.57491928  
20_5_0     0.29386914  0.00000000  0.40645142  0.40645142  0.42826042  0.43567769  0.43567769  0.43567769  0.42091793  0.39932453  0.39932453  0.39932453  0.40645142  0.40645142  0.46612624  0.45839391  0.45839391  0.46612624  0.38527667  0.41364875  0.45074282  0.44317130  0.44317130  0.58400189  0.57491928  0.57491928  0.60251421  0.59319922  0.55708702  0.70287106  0.68166264  0.68166264  0.66105449  0.66105449  0.53968105  0.54833203  0.63119622  0.63119622  0.67128567  0.62150948  0.66105449  0.63119622  0.63119622  0.63119622  0.55708702  0.53113164  0.53113164  0.52268145  0.54833203  0.54833203  0.48982844  0.53968105  0.50606968  0.52268145  0.54833203  0.60251421  0.57491928  0.58400189  0.56594856  0.56594856  0.47394156  0.48982844  0.48184167  0.48982844  0.54833203  0.45074282  0.48184167  0.48184167  0.48982844  0.49790378  0.48982844  0.53968105  0.45839391  0.45074282  0.45074282  0.48184167  0.48982844  0.45839391  0.46612624  0.45839391  0.51432819  0.46612624  0.45839391  0.47394156  0.45839391  0.44317130  0.45839391  0.48184167  0.43567769  0.44317130  0.40645142  0.65096509  0.53113164  0.52268145  0.52268145  0.53968105  0.53968105  0.53968105  0.50606968  0.48184167  0.45074282  0.50606968  0.50606968  0.47394156  0.46612624  0.50606968  0.49790378  0.50606968  0.53968105  0.59319922  0.58400189  0.62150948  0.65096509  0.61194991  0.63119622  0.50606968  0.53113164  0.54833203  0.52268145  0.53113164  0.54833203  0.49790378  0.59319922  0.58400189  0.58400189  0.48184167  0.47394156  0.47394156  0.49790378  0.49790378  
8_1_0      0.42826042  0.40645142  0.00000000  0.03785225  0.04653793  0.05091993  0.05091993  0.05091993  0.05532847  0.06871650  0.06871650  0.06871650  0.06422642  0.06422642  0.15975246  0.16487419  0.14961583  0.14459994  0.10094710  0.13467065  0.37835308  0.39932453  0.35796874  0.61194991  0.62150948  0.62150948  0.59319922  0.60251421  0.58400189  0.56594856  0.52268145  0.52268145  0.52268145  0.52268145  0.31883603  0.32521384  0.49790378  0.49790378  0.50606968  0.50606968  0.47394156  0.49790378  0.51432819  0.50606968  0.37149470  0.35129882  0.35129882  0.35796874  0.33813953  0.32521384  0.31883603  0.36470031  0.42826042  0.39226673  0.39226673  0.37149470  0.42826042  0.37149470  0.35796874  0.37149470  0.24636547  0.29386914  0.26972999  0.39932453  0.40645142  0.38527667  0.35796874  0.36470031  0.39226673  0.39226673  0.39932453  0.43567769  0.37835308  0.37149470  0.38527667  0.38527667  0.37835308  0.31883603  0.28169954  0.28775891  0.36470031  0.31251359  0.28169954  0.26972999  0.30624558  0.26972999  0.27569017  0.28169954  0.34468945  0.35129882  0.29386914  0.48184167  0.44317130  0.35129882  0.35129882  0.37835308  0.37835308  0.37835308  0.36470031  0.38527667  0.35796874  0.31251359  0.39932453  0.35796874  0.35129882  0.36470031  0.34468945  0.45839391  0.45839391  0.48184167  0.47394156  0.45074282  0.46612624  0.46612624  0.45074282  0.42091793  0.48184167  0.46612624  0.46612624  0.45839391  0.38527667  0.39226673  0.39932453  0.39226673  0.39226673  0.35796874  0.33164800  0.33164800  0.38527667  0.39226673  
8_7_0      0.44317130  0.40645142  0.03785225  0.00000000  0.04653793  0.05091993  0.05091993  0.05091993  0.05532847  0.06871650  0.06871650  0.06871650  0.06422642  0.06422642  0.17003220  0.17522701  0.14961583  0.15466651  0.10094710  0.13467065  0.38527667  0.40645142  0.37835308  0.60251421  0.61194991  0.61194991  0.58400189  0.59319922  0.57491928  0.54833203  0.50606968  0.50606968  0.50606968  0.50606968  0.33813953  0.34468945  0.52268145  0.52268145  0.53113164  0.53113164  0.49790378  0.52268145  0.53968105  0.53113164  0.37835308  0.37149470  0.37149470  0.37835308  0.35796874  0.34468945  0.37149470  0.37835308  0.45839391  0.42091793  0.40645142  0.35796874  0.39932453  0.35796874  0.33164800  0.33164800  0.25795402  0.28169954  0.28169954  0.36470031  0.38527667  0.35129882  0.33813953  0.34468945  0.35796874  0.38527667  0.39226673  0.42091793  0.37149470  0.36470031  0.37835308  0.37835308  0.37149470  0.30003106  0.27569017  0.28775891  0.35796874  0.29386914  0.26381820  0.25213669  0.28775891  0.25213669  0.26972999  0.27569017  0.31251359  0.31883603  0.27569017  0.46612624  0.43567769  0.32521384  0.32521384  0.35129882  0.35129882  0.35129882  0.35129882  0.35796874  0.35796874  0.27569017  0.39932453  0.33164800  0.32521384  0.33813953  0.31883603  0.45839391  0.45839391  0.45839391  0.46612624  0.44317130  0.47394156  0.45839391  0.44317130  0.42091793  0.47394156  0.48982844  0.50606968  0.48184167  0.35796874  0.37835308  0.39932453  0.39226673  0.37835308  0.35796874  0.34468945  0.34468945  0.38527667  0.39226673  
26_6_0     0.43567769  0.42826042  0.04653793  0.04653793  0.00000000  0.00410994  0.00410994  0.00410994  0.00824320  0.03785225  0.03785225  0.03785225  0.03354796  0.03354796  0.14961583  0.15466651  0.13961837  0.13467065  0.08695894  0.10094710  0.35796874  0.37835308  0.35129882  0.59319922  0.60251421  0.60251421  0.57491928  0.58400189  0.56594856  0.53968105  0.49790378  0.49790378  0.49790378  0.49790378  0.34468945  0.35129882  0.53113164  0.53113164  0.54833203  0.53113164  0.50606968  0.53113164  0.54833203  0.53968105  0.38527667  0.36470031  0.36470031  0.37149470  0.35129882  0.33813953  0.36470031  0.37835308  0.42826042  0.40645142  0.37835308  0.32521384  0.37835308  0.32521384  0.32521384  0.33813953  0.22932126  0.27569017  0.25213669  0.36470031  0.38527667  0.35796874  0.31883603  0.31883603  0.35129882  0.35129882  0.35796874  0.39226673  0.33813953  0.34468945  0.35796874  0.35796874  0.35129882  0.28775891  0.27569017  0.28775891  0.33813953  0.27569017  0.25795402  0.24636547  0.26972999  0.24636547  0.25795402  0.25795402  0.31251359  0.31883603  0.27569017  0.48184167  0.44317130  0.33164800  0.33164800  0.35796874  0.35796874  0.35796874  0.33813953  0.35796874  0.33164800  0.28775891  0.35796874  0.33164800  0.32521384  0.32521384  0.31883603  0.41364875  0.43567769  0.48184167  0.46612624  0.45074282  0.46612624  0.47394156  0.45839391  0.44317130  0.49790378  0.45074282  0.46612624  0.43567769  0.39226673  0.39932453  0.39226673  0.39932453  0.38527667  0.33813953  0.33813953  0.33813953  0.36470031  0.37149470  
37_6_0     0.44317130  0.43567769  0.05091993  0.05091993  0.00410994  0.00000000  0.00824320  0.00824320  0.01240007  0.04218214  0.04218214  0.04218214  0.03785225  0.03785225  0.15466651  0.15975246  0.14459994  0.13961837  0.09159187  0.10567018  0.35129882  0.37149470  0.34468945  0.58400189  0.59319922  0.59319922  0.56594856  0.57491928  0.55708702  0.54833203  0.50606968  0.50606968  0.50606968  0.50606968  0.35129882  0.35796874  0.53968105  0.53968105  0.53968105  0.53968105  0.51432819  0.53968105  0.55708702  0.54833203  0.39226673  0.37149470  0.37149470  0.37835308  0.35796874  0.34468945  0.36470031  0.38527667  0.43567769  0.41364875  0.38527667  0.33164800  0.38527667  0.33164800  0.33164800  0.34468945  0.23495845  0.28169954  0.25795402  0.37149470  0.39226673  0.36470031  0.32521384  0.32521384  0.35796874  0.35796874  0.36470031  0.39932453  0.34468945  0.35129882  0.36470031  0.36470031  0.35796874  0.29386914  0.28169954  0.29386914  0.34468945  0.28169954  0.26381820  0.25213669  0.27569017  0.25213669  0.26381820  0.26381820  0.31883603  0.32521384  0.28169954  0.47394156  0.43567769  0.32521384  0.32521384  0.35129882  0.35129882  0.35129882  0.33164800  0.35129882  0.32521384  0.28169954  0.35129882  0.32521384  0.31883603  0.31883603  0.31251359  0.40645142  0.42826042  0.48982844  0.45839391  0.44317130  0.45839391  0.46612624  0.45074282  0.43567769  0.48982844  0.44317130  0.45839391  0.42826042  0.38527667  0.39226673  0.38527667  0.39226673  0.37835308  0.33164800  0.33164800  0.33164800  0.35796874  0.36470031  
10_6_0     0.44317130  0.43567769  0.05091993  0.05091993  0.00410994  0.00824320  0.00000000  0.00000000  0.01240007  0.04218214  0.04218214  0.04218214  0.03785225  0.03785225  0.15466651  0.15975246  0.14459994  0.13961837  0.09159187  0.10567018  0.36470031  0.38527667  0.34468945  0.60251421  0.61194991  0.61194991  0.58400189  0.59319922  0.57491928  0.54833203  0.50606968  0.50606968  0.50606968  0.50606968  0.33813953  0.34468945  0.52268145  0.52268145  0.53968105  0.52268145  0.49790378  0.52268145  0.53968105  0.53113164  0.37835308  0.35796874  0.35796874  0.36470031  0.34468945  0.33164800  0.35796874  0.37149470  0.42091793  0.39932453  0.37149470  0.31883603  0.37149470  0.31883603  0.31883603  0.33164800  0.22372738  0.26972999  0.24636547  0.35796874  0.37835308  0.35129882  0.31251359  0.31251359  0.34468945  0.34468945  0.35129882  0.38527667  0.33164800  0.33813953  0.35129882  0.35129882  0.34468945  0.28169954  0.26972999  0.28169954  0.33164800  0.26972999  0.25213669  0.24063962  0.26381820  0.24063962  0.25213669  0.25213669  0.30624558  0.31251359  0.26972999  0.47394156  0.43567769  0.32521384  0.32521384  0.35129882  0.35129882  0.35129882  0.33164800  0.35129882  0.32521384  0.28169954  0.35129882  0.32521384  0.31883603  0.31883603  0.31251359  0.42091793  0.44317130  0.48184167  0.46612624  0.45074282  0.46612624  0.47394156  0.45839391  0.45074282  0.48982844  0.44317130  0.45839391  0.42826042  0.38527667  0.39226673  0.38527667  0.39226673  0.37835308  0.33164800  0.33164800  0.33164800  0.35796874  0.36470031  
46_6_0     0.44317130  0.43567769  0.05091993  0.05091993  0.00410994  0.00824320  0.00000000  0.00000000  0.01240007  0.04218214  0.04218214  0.04218214  0.03785225  0.03785225  0.15466651  0.15975246  0.14459994  0.13961837  0.09159187  0.10567018  0.36470031  0.38527667  0.34468945  0.60251421  0.61194991  0.61194991  0.58400189  0.59319922  0.57491928  0.54833203  0.50606968  0.50606968  0.50606968  0.50606968  0.33813953  0.34468945  0.52268145  0.52268145  0.53968105  0.52268145  0.49790378  0.52268145  0.53968105  0.53113164  0.37835308  0.35796874  0.35796874  0.36470031  0.34468945  0.33164800  0.35796874  0.37149470  0.42091793  0.39932453  0.37149470  0.31883603  0.37149470  0.31883603  0.31883603  0.33164800  0.22372738  0.26972999  0.24636547  0.35796874  0.37835308  0.35129882  0.31251359  0.31251359  0.34468945  0.34468945  0.35129882  0.38527667  0.33164800  0.33813953  0.35129882  0.35129882  0.34468945  0.28169954  0.26972999  0.28169954  0.33164800  0.26972999  0.25213669  0.24063962  0.26381820  0.24063962  0.25213669  0.25213669  0.30624558  0.31251359  0.26972999  0.47394156  0.43567769  0.32521384  0.32521384  0.35129882  0.35129882  0.35129882  0.33164800  0.35129882  0.32521384  0.28169954  0.35129882  0.32521384  0.31883603  0.31883603  0.31251359  0.42091793  0.44317130  0.48184167  0.46612624  0.45074282  0.46612624  0.47394156  0.45839391  0.45074282  0.48982844  0.44317130  0.45839391  0.42826042  0.38527667  0.39226673  0.38527667  0.39226673  0.37835308  0.33164800  0.33164800  0.33164800  0.35796874  0.36470031  
39_6_0     0.42826042  0.42091793  0.05532847  0.05532847  0.00824320  0.01240007  0.01240007  0.01240007  0.00000000  0.04653793  0.04653793  0.04653793  0.04218214  0.04218214  0.15975246  0.16487419  0.14961583  0.14459994  0.09625446  0.11042409  0.35796874  0.37835308  0.35129882  0.60251421  0.61194991  0.61194991  0.58400189  0.59319922  0.57491928  0.53968105  0.49790378  0.49790378  0.49790378  0.49790378  0.34468945  0.35129882  0.54833203  0.54833203  0.54833203  0.54833203  0.52268145  0.54833203  0.56594856  0.55708702  0.38527667  0.36470031  0.36470031  0.37149470  0.35129882  0.35129882  0.36470031  0.37835308  0.42826042  0.40645142  0.37835308  0.33813953  0.39226673  0.33813953  0.33813953  0.33813953  0.24063962  0.28775891  0.26381820  0.37149470  0.39226673  0.36470031  0.32521384  0.32521384  0.35796874  0.35796874  0.36470031  0.39932453  0.34468945  0.35129882  0.36470031  0.36470031  0.35796874  0.29386914  0.28169954  0.29386914  0.33813953  0.28775891  0.26972999  0.25795402  0.28169954  0.24636547  0.26972999  0.26972999  0.32521384  0.33164800  0.28775891  0.49790378  0.44317130  0.33164800  0.33164800  0.35796874  0.35796874  0.35796874  0.33813953  0.37149470  0.34468945  0.30003106  0.35796874  0.33164800  0.32521384  0.33813953  0.33164800  0.41364875  0.45074282  0.49790378  0.48184167  0.46612624  0.48184167  0.48982844  0.47394156  0.45839391  0.51432819  0.46612624  0.48184167  0.45074282  0.40645142  0.41364875  0.40645142  0.41364875  0.39932453  0.35129882  0.35129882  0.35129882  0.37835308  0.38527667  
39_1_0     0.43567769  0.39932453  0.06871650  0.06871650  0.03785225  0.04218214  0.04218214  0.04218214  0.04653793  0.00000000  0.00000000  0.00000000  0.00410994  0.00410994  0.15466651  0.15466651  0.14459994  0.13961837  0.09159187  0.10094710  0.36470031  0.36470031  0.35796874  0.61194991  0.62150948  0.62150948  0.59319922  0.60251421  0.56594856  0.55708702  0.51432819  0.51432819  0.51432819  0.51432819  0.35796874  0.36470031  0.53113164  0.53113164  0.55708702  0.53113164  0.50606968  0.53113164  0.54833203  0.53968105  0.39932453  0.37835308  0.37835308  0.37835308  0.36470031  0.35129882  0.36470031  0.39932453  0.43567769  0.38527667  0.37149470  0.35796874  0.40645142  0.36470031  0.34468945  0.35796874  0.21817615  0.25795402  0.24063962  0.36470031  0.38527667  0.35796874  0.32521384  0.32521384  0.35796874  0.36470031  0.37149470  0.38527667  0.34468945  0.33813953  0.35129882  0.35796874  0.35129882  0.29386914  0.25795402  0.26972999  0.35129882  0.25213669  0.23495845  0.22372738  0.25795402  0.23495845  0.25213669  0.24063962  0.30003106  0.30624558  0.25795402  0.45839391  0.42091793  0.32521384  0.32521384  0.35129882  0.35129882  0.35129882  0.33813953  0.37149470  0.31883603  0.30003106  0.35129882  0.32521384  0.31883603  0.31883603  0.31251359  0.40645142  0.42091793  0.48982844  0.47394156  0.47394156  0.46612624  0.47394156  0.48184167  0.42091793  0.48982844  0.43567769  0.45074282  0.42091793  0.40645142  0.39226673  0.42091793  0.42826042  0.41364875  0.34468945  0.33813953  0.33813953  0.36470031  0.37149470  
46_1_0     0.43567769  0.39932453  0.06871650  0.06871650  0.03785225  0.04218214  0.04218214  0.04218214  0.04653793  0.00000000  0.00000000  0.00000000  0.00410994  0.00410994  0.15466651  0.15466651  0.14459994  0.13961837  0.09159187  0.10094710  0.36470031  0.36470031  0.35796874  0.61194991  0.62150948  0.62150948  0.59319922  0.60251421  0.56594856  0.55708702  0.51432819  0.51432819  0.51432819  0.51432819  0.35796874  0.36470031  0.53113164  0.53113164  0.55708702  0.53113164  0.50606968  0.53113164  0.54833203  0.53968105  0.39932453  0.37835308  0.37835308  0.37835308  0.36470031  0.35129882  0.36470031  0.39932453  0.43567769  0.38527667  0.37149470  0.35796874  0.40645142  0.36470031  0.34468945  0.35796874  0.21817615  0.25795402  0.24063962  0.36470031  0.38527667  0.35796874  0.32521384  0.32521384  0.35796874  0.36470031  0.37149470  0.38527667  0.34468945  0.33813953  0.35129882  0.35796874  0.35129882  0.29386914  0.25795402  0.26972999  0.35129882  0.25213669  0.23495845  0.22372738  0.25795402  0.23495845  0.25213669  0.24063962  0.30003106  0.30624558  0.25795402  0.45839391  0.42091793  0.32521384  0.32521384  0.35129882  0.35129882  0.35129882  0.33813953  0.37149470  0.31883603  0.30003106  0.35129882  0.32521384  0.31883603  0.31883603  0.31251359  0.40645142  0.42091793  0.48982844  0.47394156  0.47394156  0.46612624  0.47394156  0.48184167  0.42091793  0.48982844  0.43567769  0.45074282  0.42091793  0.40645142  0.39226673  0.42091793  0.42826042  0.41364875  0.34468945  0.33813953  0.33813953  0.36470031  0.37149470  
10_1_0     0.43567769  0.39932453  0.06871650  0.06871650  0.03785225  0.04218214  0.04218214  0.04218214  0.04653793  0.00000000  0.00000000  0.00000000  0.00410994  0.00410994  0.15466651  0.15466651  0.14459994  0.13961837  0.09159187  0.10094710  0.36470031  0.36470031  0.35796874  0.61194991  0.62150948  0.62150948  0.59319922  0.60251421  0.56594856  0.55708702  0.51432819  0.51432819  0.51432819  0.51432819  0.35796874  0.36470031  0.53113164  0.53113164  0.55708702  0.53113164  0.50606968  0.53113164  0.54833203  0.53968105  0.39932453  0.37835308  0.37835308  0.37835308  0.36470031  0.35129882  0.36470031  0.39932453  0.43567769  0.38527667  0.37149470  0.35796874  0.40645142  0.36470031  0.34468945  0.35796874  0.21817615  0.25795402  0.24063962  0.36470031  0.38527667  0.35796874  0.32521384  0.32521384  0.35796874  0.36470031  0.37149470  0.38527667  0.34468945  0.33813953  0.35129882  0.35796874  0.35129882  0.29386914  0.25795402  0.26972999  0.35129882  0.25213669  0.23495845  0.22372738  0.25795402  0.23495845  0.25213669  0.24063962  0.30003106  0.30624558  0.25795402  0.45839391  0.42091793  0.32521384  0.32521384  0.35129882  0.35129882  0.35129882  0.33813953  0.37149470  0.31883603  0.30003106  0.35129882  0.32521384  0.31883603  0.31883603  0.31251359  0.40645142  0.42091793  0.48982844  0.47394156  0.47394156  0.46612624  0.47394156  0.48184167  0.42091793  0.48982844  0.43567769  0.45074282  0.42091793  0.40645142  0.39226673  0.42091793  0.42826042  0.41364875  0.34468945  0.33813953  0.33813953  0.36470031  0.37149470  
26_1_0     0.44317130  0.40645142  0.06422642  0.06422642  0.03354796  0.03785225  0.03785225  0.03785225  0.04218214  0.00410994  0.00410994  0.00410994  0.00000000  0.00000000  0.14961583  0.14961583  0.13961837  0.13467065  0.08695894  0.09625446  0.37149470  0.37149470  0.36470031  0.61194991  0.62150948  0.62150948  0.59319922  0.60251421  0.56594856  0.56594856  0.52268145  0.52268145  0.52268145  0.52268145  0.35129882  0.35796874  0.52268145  0.52268145  0.54833203  0.52268145  0.49790378  0.52268145  0.53968105  0.53113164  0.39226673  0.37149470  0.37149470  0.37149470  0.35796874  0.34468945  0.37149470  0.39226673  0.44317130  0.39226673  0.37835308  0.35129882  0.39932453  0.35796874  0.33813953  0.35796874  0.22372738  0.26381820  0.24636547  0.37149470  0.39226673  0.36470031  0.33164800  0.33164800  0.36470031  0.37149470  0.37835308  0.39226673  0.34468945  0.33813953  0.35129882  0.35129882  0.34468945  0.30003106  0.26381820  0.27569017  0.34468945  0.25795402  0.24063962  0.22932126  0.26381820  0.24063962  0.25795402  0.24636547  0.30624558  0.31251359  0.26381820  0.46612624  0.42826042  0.31883603  0.31883603  0.34468945  0.34468945  0.34468945  0.33164800  0.36470031  0.32521384  0.29386914  0.34468945  0.31883603  0.31251359  0.31251359  0.30624558  0.41364875  0.42826042  0.48184167  0.48184167  0.46612624  0.47394156  0.46612624  0.47394156  0.42826042  0.49790378  0.44317130  0.45839391  0.42826042  0.39932453  0.39932453  0.42826042  0.43567769  0.42091793  0.33813953  0.33164800  0.33164800  0.37149470  0.37835308  
37_1_0     0.44317130  0.40645142  0.06422642  0.06422642  0.03354796  0.03785225  0.03785225  0.03785225  0.04218214  0.00410994  0.00410994  0.00410994  0.00000000  0.00000000  0.14961583  0.14961583  0.13961837  0.13467065  0.08695894  0.09625446  0.37149470  0.37149470  0.36470031  0.61194991  0.62150948  0.62150948  0.59319922  0.60251421  0.56594856  0.56594856  0.52268145  0.52268145  0.52268145  0.52268145  0.35129882  0.35796874  0.52268145  0.52268145  0.54833203  0.52268145  0.49790378  0.52268145  0.53968105  0.53113164  0.39226673  0.37149470  0.37149470  0.37149470  0.35796874  0.34468945  0.37149470  0.39226673  0.44317130  0.39226673  0.37835308  0.35129882  0.39932453  0.35796874  0.33813953  0.35796874  0.22372738  0.26381820  0.24636547  0.37149470  0.39226673  0.36470031  0.33164800  0.33164800  0.36470031  0.37149470  0.37835308  0.39226673  0.34468945  0.33813953  0.35129882  0.35129882  0.34468945  0.30003106  0.26381820  0.27569017  0.34468945  0.25795402  0.24063962  0.22932126  0.26381820  0.24063962  0.25795402  0.24636547  0.30624558  0.31251359  0.26381820  0.46612624  0.42826042  0.31883603  0.31883603  0.34468945  0.34468945  0.34468945  0.33164800  0.36470031  0.32521384  0.29386914  0.34468945  0.31883603  0.31251359  0.31251359  0.30624558  0.41364875  0.42826042  0.48184167  0.48184167  0.46612624  0.47394156  0.46612624  0.47394156  0.42826042  0.49790378  0.44317130  0.45839391  0.42826042  0.39932453  0.39932453  0.42826042  0.43567769  0.42091793  0.33813953  0.33164800  0.33164800  0.37149470  0.37835308  
2_1_0      0.42091793  0.46612624  0.15975246  0.17003220  0.14961583  0.15466651  0.15466651  0.15466651  0.15975246  0.15466651  0.15466651  0.15466651  0.14961583  0.14961583  0.00000000  0.00410994  0.02501496  0.02078567  0.10094710  0.12487493  0.36470031  0.39932453  0.34468945  0.61194991  0.62150948  0.62150948  0.61194991  0.60251421  0.58400189  0.62150948  0.61194991  0.61194991  0.61194991  0.61194991  0.39932453  0.40645142  0.63119622  0.63119622  0.68166264  0.64101357  0.60251421  0.63119622  0.65096509  0.64101357  0.44317130  0.44317130  0.42826042  0.43567769  0.42826042  0.42091793  0.39226673  0.43567769  0.48184167  0.45074282  0.42091793  0.42826042  0.45839391  0.42826042  0.41364875  0.42826042  0.30624558  0.35796874  0.33164800  0.38527667  0.39226673  0.39932453  0.33813953  0.35129882  0.39226673  0.40645142  0.41364875  0.42091793  0.36470031  0.37149470  0.38527667  0.40645142  0.41364875  0.31883603  0.29386914  0.30624558  0.36470031  0.33813953  0.30003106  0.31251359  0.31883603  0.27569017  0.27569017  0.28169954  0.31251359  0.31883603  0.26381820  0.37835308  0.39226673  0.33813953  0.33813953  0.35129882  0.35129882  0.35129882  0.33813953  0.35796874  0.33164800  0.31251359  0.34468945  0.32521384  0.33164800  0.33164800  0.32521384  0.49790378  0.48184167  0.52268145  0.53113164  0.47394156  0.49790378  0.48184167  0.46612624  0.45839391  0.48184167  0.46612624  0.51432819  0.46612624  0.44317130  0.42826042  0.47394156  0.48184167  0.46612624  0.35129882  0.33813953  0.33813953  0.33164800  0.33813953  
47_1_0     0.42826042  0.45839391  0.16487419  0.17522701  0.15466651  0.15975246  0.15975246  0.15975246  0.16487419  0.15466651  0.15466651  0.15466651  0.14961583  0.14961583  0.00410994  0.00000000  0.02926896  0.02501496  0.10567018  0.12002605  0.37149470  0.40645142  0.35129882  0.62150948  0.63119622  0.63119622  0.62150948  0.61194991  0.59319922  0.61194991  0.60251421  0.60251421  0.60251421  0.60251421  0.40645142  0.41364875  0.62150948  0.62150948  0.67128567  0.63119622  0.59319922  0.62150948  0.64101357  0.63119622  0.45074282  0.45074282  0.43567769  0.42826042  0.43567769  0.42826042  0.39932453  0.44317130  0.48982844  0.45074282  0.42826042  0.43567769  0.46612624  0.43567769  0.42091793  0.43567769  0.31251359  0.36470031  0.33813953  0.39226673  0.39932453  0.39226673  0.34468945  0.35796874  0.39932453  0.39932453  0.40645142  0.41364875  0.35796874  0.36470031  0.37835308  0.39932453  0.40645142  0.32521384  0.30003106  0.31251359  0.37149470  0.34468945  0.30624558  0.31883603  0.32521384  0.28169954  0.28169954  0.28775891  0.30624558  0.31251359  0.26972999  0.37149470  0.38527667  0.34468945  0.34468945  0.35796874  0.35796874  0.35796874  0.34468945  0.36470031  0.33813953  0.31883603  0.33813953  0.31883603  0.32521384  0.32521384  0.31883603  0.50606968  0.48982844  0.53113164  0.53968105  0.48184167  0.48982844  0.47394156  0.47394156  0.46612624  0.48982844  0.47394156  0.52268145  0.47394156  0.45074282  0.43567769  0.48184167  0.48982844  0.47394156  0.35796874  0.34468945  0.34468945  0.32521384  0.33164800  
24_1_0     0.41364875  0.45839391  0.14961583  0.14961583  0.13961837  0.14459994  0.14459994  0.14459994  0.14961583  0.14459994  0.14459994  0.14459994  0.13961837  0.13961837  0.02501496  0.02926896  0.00000000  0.00410994  0.09159187  0.11520924  0.36470031  0.39932453  0.34468945  0.61194991  0.62150948  0.62150948  0.61194991  0.60251421  0.58400189  0.60251421  0.59319922  0.59319922  0.59319922  0.59319922  0.38527667  0.39226673  0.61194991  0.61194991  0.66105449  0.62150948  0.58400189  0.61194991  0.63119622  0.62150948  0.41364875  0.42826042  0.42826042  0.43567769  0.41364875  0.40645142  0.37835308  0.42091793  0.48184167  0.45074282  0.42091793  0.40645142  0.45074282  0.40645142  0.39226673  0.39226673  0.28169954  0.33164800  0.30624558  0.34468945  0.37835308  0.35796874  0.30003106  0.31251359  0.35129882  0.37835308  0.38527667  0.38527667  0.35129882  0.34468945  0.35796874  0.37835308  0.38527667  0.28169954  0.28169954  0.29386914  0.35129882  0.32521384  0.28775891  0.30003106  0.31883603  0.26381820  0.26381820  0.26972999  0.28775891  0.29386914  0.26381820  0.38527667  0.37149470  0.33164800  0.33164800  0.34468945  0.34468945  0.34468945  0.33164800  0.35129882  0.32521384  0.30624558  0.32521384  0.31883603  0.32521384  0.32521384  0.31883603  0.47394156  0.45839391  0.50606968  0.49790378  0.45839391  0.48184167  0.46612624  0.45074282  0.42826042  0.46612624  0.45074282  0.49790378  0.45074282  0.42826042  0.41364875  0.42826042  0.43567769  0.42091793  0.35129882  0.33813953  0.33813953  0.34468945  0.35129882  
42_1_0     0.42091793  0.46612624  0.14459994  0.15466651  0.13467065  0.13961837  0.13961837  0.13961837  0.14459994  0.13961837  0.13961837  0.13961837  0.13467065  0.13467065  0.02078567  0.02501496  0.00410994  0.00000000  0.08695894  0.11042409  0.37149470  0.40645142  0.35129882  0.62150948  0.63119622  0.63119622  0.62150948  0.61194991  0.59319922  0.59319922  0.58400189  0.58400189  0.58400189  0.58400189  0.37835308  0.38527667  0.60251421  0.60251421  0.65096509  0.61194991  0.57491928  0.60251421  0.62150948  0.61194991  0.42091793  0.42091793  0.42091793  0.42826042  0.40645142  0.39932453  0.37149470  0.41364875  0.47394156  0.44317130  0.41364875  0.39932453  0.44317130  0.39932453  0.38527667  0.39932453  0.27569017  0.32521384  0.30003106  0.35129882  0.37149470  0.36470031  0.30624558  0.31883603  0.35796874  0.37149470  0.37835308  0.38527667  0.34468945  0.33813953  0.35129882  0.37149470  0.37835308  0.28775891  0.27569017  0.28775891  0.34468945  0.31883603  0.28169954  0.29386914  0.31251359  0.25795402  0.25795402  0.26381820  0.29386914  0.30003106  0.25795402  0.38527667  0.37149470  0.33164800  0.33164800  0.34468945  0.34468945  0.34468945  0.33164800  0.35129882  0.32521384  0.30624558  0.32521384  0.31883603  0.32521384  0.32521384  0.31883603  0.46612624  0.45074282  0.50606968  0.49790378  0.45839391  0.48184167  0.46612624  0.45074282  0.43567769  0.47394156  0.44317130  0.48982844  0.44317130  0.43567769  0.42091793  0.43567769  0.44317130  0.42826042  0.34468945  0.33164800  0.33164800  0.33813953  0.34468945  
28_1_0     0.42091793  0.38527667  0.10094710  0.10094710  0.08695894  0.09159187  0.09159187  0.09159187  0.09625446  0.09159187  0.09159187  0.09159187  0.08695894  0.08695894  0.10094710  0.10567018  0.09159187  0.08695894  0.00000000  0.05532847  0.34468945  0.35129882  0.34468945  0.57491928  0.58400189  0.58400189  0.55708702  0.56594856  0.54833203  0.59319922  0.54833203  0.54833203  0.54833203  0.54833203  0.33164800  0.33813953  0.50606968  0.50606968  0.54833203  0.49790378  0.49790378  0.50606968  0.52268145  0.51432819  0.37149470  0.37835308  0.37835308  0.38527667  0.36470031  0.33813953  0.34468945  0.38527667  0.42826042  0.39932453  0.38527667  0.34468945  0.39932453  0.34468945  0.31883603  0.33813953  0.21817615  0.26381820  0.24063962  0.37149470  0.39932453  0.33164800  0.31251359  0.31251359  0.33164800  0.36470031  0.37149470  0.39226673  0.31883603  0.31251359  0.32521384  0.34468945  0.35129882  0.27569017  0.23495845  0.24636547  0.35129882  0.29386914  0.26972999  0.26972999  0.27569017  0.23495845  0.23495845  0.24063962  0.30624558  0.31251359  0.25795402  0.42826042  0.40645142  0.30624558  0.30624558  0.33164800  0.33164800  0.33164800  0.31883603  0.30003106  0.31251359  0.26972999  0.30003106  0.30624558  0.30003106  0.30003106  0.28169954  0.44317130  0.45839391  0.45839391  0.46612624  0.44317130  0.47394156  0.46612624  0.45074282  0.42826042  0.48184167  0.43567769  0.45074282  0.42091793  0.35796874  0.37835308  0.42091793  0.41364875  0.39932453  0.31251359  0.30003106  0.30003106  0.31883603  0.32521384  
65_1_0     0.46612624  0.41364875  0.13467065  0.13467065  0.10094710  0.10567018  0.10567018  0.10567018  0.11042409  0.10094710  0.10094710  0.10094710  0.09625446  0.09625446  0.12487493  0.12002605  0.11520924  0.11042409  0.05532847  0.00000000  0.35796874  0.37835308  0.37149470  0.59319922  0.60251421  0.60251421  0.57491928  0.58400189  0.56594856  0.56594856  0.52268145  0.52268145  0.53968105  0.53968105  0.36470031  0.37149470  0.55708702  0.55708702  0.61194991  0.53968105  0.53113164  0.55708702  0.57491928  0.56594856  0.39226673  0.39932453  0.39932453  0.39226673  0.38527667  0.34468945  0.39226673  0.42826042  0.45839391  0.42091793  0.39932453  0.37149470  0.40645142  0.35129882  0.34468945  0.38527667  0.22932126  0.26381820  0.24063962  0.39226673  0.42826042  0.35796874  0.33813953  0.33813953  0.36470031  0.36470031  0.35796874  0.37835308  0.31883603  0.31251359  0.32521384  0.34468945  0.35129882  0.30624558  0.27569017  0.28775891  0.36470031  0.28775891  0.26972999  0.25795402  0.27569017  0.25795402  0.25795402  0.26381820  0.30624558  0.31251359  0.26972999  0.42091793  0.39932453  0.31883603  0.31883603  0.34468945  0.34468945  0.34468945  0.32521384  0.33813953  0.33164800  0.28169954  0.31251359  0.31883603  0.31251359  0.31251359  0.30624558  0.41364875  0.42826042  0.47394156  0.48184167  0.45839391  0.47394156  0.46612624  0.46612624  0.42826042  0.48184167  0.43567769  0.44317130  0.42091793  0.39932453  0.39932453  0.42826042  0.43567769  0.42091793  0.33164800  0.33164800  0.33164800  0.31883603  0.32521384  
60_1_0     0.50606968  0.45074282  0.37835308  0.38527667  0.35796874  0.35129882  0.36470031  0.36470031  0.35796874  0.36470031  0.36470031  0.36470031  0.37149470  0.37149470  0.36470031  0.37149470  0.36470031  0.37149470  0.34468945  0.35796874  0.00000000  0.02078567  0.07323445  0.54833203  0.55708702  0.55708702  0.53968105  0.54833203  0.53113164  0.59319922  0.59319922  0.59319922  0.61194991  0.61194991  0.39932453  0.39932453  0.59319922  0.59319922  0.59319922  0.57491928  0.61194991  0.59319922  0.59319922  0.60251421  0.39226673  0.39226673  0.39226673  0.39932453  0.40645142  0.41364875  0.48184167  0.48982844  0.47394156  0.45839391  0.44317130  0.45839391  0.48184167  0.45074282  0.47394156  0.42091793  0.35796874  0.40645142  0.38527667  0.36470031  0.40645142  0.40645142  0.36470031  0.36470031  0.35129882  0.40645142  0.41364875  0.42091793  0.38527667  0.40645142  0.41364875  0.39932453  0.39932453  0.35796874  0.35796874  0.37149470  0.43567769  0.42826042  0.37835308  0.40645142  0.41364875  0.32521384  0.35796874  0.33813953  0.33164800  0.34468945  0.34468945  0.50606968  0.49790378  0.37835308  0.37835308  0.39226673  0.39226673  0.39226673  0.39226673  0.41364875  0.40645142  0.37835308  0.37149470  0.37149470  0.37835308  0.39226673  0.41364875  0.41364875  0.42091793  0.48982844  0.45839391  0.43567769  0.48184167  0.46612624  0.45074282  0.43567769  0.47394156  0.48184167  0.48982844  0.45839391  0.42091793  0.42826042  0.49790378  0.50606968  0.48982844  0.42826042  0.45074282  0.45074282  0.42091793  0.42826042  
34_1_0     0.53113164  0.44317130  0.39932453  0.40645142  0.37835308  0.37149470  0.38527667  0.38527667  0.37835308  0.36470031  0.36470031  0.36470031  0.37149470  0.37149470  0.39932453  0.40645142  0.39932453  0.40645142  0.35129882  0.37835308  0.02078567  0.00000000  0.09625446  0.57491928  0.58400189  0.58400189  0.56594856  0.57491928  0.53968105  0.62150948  0.62150948  0.62150948  0.64101357  0.64101357  0.42091793  0.42091793  0.57491928  0.57491928  0.55708702  0.55708702  0.61194991  0.57491928  0.57491928  0.58400189  0.41364875  0.41364875  0.41364875  0.42091793  0.42826042  0.43567769  0.49790378  0.51432819  0.48184167  0.49790378  0.46612624  0.45074282  0.49790378  0.45839391  0.46612624  0.39932453  0.35129882  0.38527667  0.37835308  0.35796874  0.39226673  0.42826042  0.38527667  0.38527667  0.36470031  0.42091793  0.42826042  0.44317130  0.41364875  0.43567769  0.44317130  0.42091793  0.42091793  0.38527667  0.35129882  0.36470031  0.45839391  0.43567769  0.38527667  0.41364875  0.40645142  0.33164800  0.36470031  0.35796874  0.33813953  0.35129882  0.35129882  0.53113164  0.50606968  0.38527667  0.38527667  0.39932453  0.39932453  0.39932453  0.39932453  0.40645142  0.41364875  0.39932453  0.37835308  0.37835308  0.38527667  0.39932453  0.42091793  0.39226673  0.39932453  0.48184167  0.45074282  0.44317130  0.48982844  0.45839391  0.45839391  0.42826042  0.45074282  0.44317130  0.45074282  0.42091793  0.43567769  0.43567769  0.52268145  0.53113164  0.51432819  0.45074282  0.45839391  0.45839391  0.44317130  0.45074282  
68_1_0     0.50606968  0.44317130  0.35796874  0.37835308  0.35129882  0.34468945  0.34468945  0.34468945  0.35129882  0.35796874  0.35796874  0.35796874  0.36470031  0.36470031  0.34468945  0.35129882  0.34468945  0.35129882  0.34468945  0.37149470  0.07323445  0.09625446  0.00000000  0.50606968  0.51432819  0.51432819  0.51432819  0.50606968  0.50606968  0.61194991  0.61194991  0.61194991  0.61194991  0.61194991  0.37835308  0.37835308  0.53113164  0.52268145  0.54833203  0.53113164  0.53113164  0.53113164  0.53113164  0.53968105  0.37149470  0.39226673  0.37835308  0.38527667  0.39226673  0.41364875  0.45074282  0.45839391  0.45839391  0.42826042  0.44317130  0.42091793  0.45839391  0.42826042  0.43567769  0.40645142  0.34468945  0.40645142  0.37149470  0.37149470  0.39932453  0.38527667  0.33813953  0.33813953  0.36470031  0.42091793  0.42826042  0.43567769  0.41364875  0.43567769  0.42826042  0.41364875  0.39932453  0.33164800  0.33813953  0.34468945  0.41364875  0.40645142  0.35796874  0.37149470  0.40645142  0.29386914  0.33813953  0.30624558  0.30003106  0.31251359  0.31251359  0.48982844  0.47394156  0.36470031  0.36470031  0.37835308  0.37835308  0.37835308  0.37835308  0.39932453  0.39226673  0.36470031  0.37149470  0.35796874  0.36470031  0.36470031  0.38527667  0.44317130  0.45074282  0.51432819  0.47394156  0.43567769  0.48184167  0.46612624  0.45074282  0.46612624  0.52268145  0.53113164  0.53968105  0.50606968  0.39226673  0.40645142  0.47394156  0.48184167  0.48184167  0.44317130  0.46612624  0.46612624  0.43567769  0.44317130  
4_4_0      0.68166264  0.58400189  0.61194991  0.60251421  0.59319922  0.58400189  0.60251421  0.60251421  0.60251421  0.61194991  0.61194991  0.61194991  0.61194991  0.61194991  0.61194991  0.62150948  0.61194991  0.62150948  0.57491928  0.59319922  0.54833203  0.57491928  0.50606968  0.00000000  0.00824320  0.00824320  0.01240007  0.00824320  0.04218214  0.69218964  0.68166264  0.68166264  0.68166264  0.68166264  0.68166264  0.69218964  0.73588890  0.73588890  0.80678675  0.75876301  0.70287106  0.73588890  0.73588890  0.72471577  0.64101357  0.68166264  0.67128567  0.68166264  0.69218964  0.69218964  0.66105449  0.62150948  0.59319922  0.62150948  0.65096509  0.56594856  0.61194991  0.61194991  0.57491928  0.55708702  0.57491928  0.56594856  0.55708702  0.58400189  0.65096509  0.54833203  0.52268145  0.53113164  0.55708702  0.59319922  0.56594856  0.57491928  0.57491928  0.60251421  0.59319922  0.57491928  0.56594856  0.53113164  0.55708702  0.54833203  0.66105449  0.60251421  0.60251421  0.63119622  0.61194991  0.53113164  0.49790378  0.51432819  0.48184167  0.49790378  0.48184167  0.65096509  0.61194991  0.57491928  0.57491928  0.58400189  0.58400189  0.58400189  0.56594856  0.52268145  0.51432819  0.53113164  0.59319922  0.55708702  0.54833203  0.56594856  0.54833203  0.64101357  0.65096509  0.70287106  0.69218964  0.64101357  0.70287106  0.66105449  0.64101357  0.70287106  0.62150948  0.57491928  0.58400189  0.55708702  0.63119622  0.63119622  0.57491928  0.58400189  0.58400189  0.60251421  0.61194991  0.61194991  0.60251421  0.60251421  
71_4_0     0.69218964  0.57491928  0.62150948  0.61194991  0.60251421  0.59319922  0.61194991  0.61194991  0.61194991  0.62150948  0.62150948  0.62150948  0.62150948  0.62150948  0.62150948  0.63119622  0.62150948  0.63119622  0.58400189  0.60251421  0.55708702  0.58400189  0.51432819  0.00824320  0.00000000  0.00000000  0.01240007  0.00824320  0.05091993  0.70287106  0.69218964  0.69218964  0.69218964  0.69218964  0.69218964  0.70287106  0.74723614  0.74723614  0.81930442  0.77047529  0.71371151  0.74723614  0.74723614  0.73588890  0.65096509  0.67128567  0.66105449  0.67128567  0.70287106  0.70287106  0.65096509  0.63119622  0.60251421  0.63119622  0.66105449  0.55708702  0.60251421  0.60251421  0.56594856  0.56594856  0.58400189  0.57491928  0.56594856  0.59319922  0.66105449  0.53968105  0.51432819  0.52268145  0.54833203  0.60251421  0.57491928  0.58400189  0.58400189  0.61194991  0.60251421  0.58400189  0.57491928  0.53968105  0.56594856  0.55708702  0.65096509  0.61194991  0.61194991  0.64101357  0.62150948  0.53968105  0.50606968  0.52268145  0.48982844  0.50606968  0.48982844  0.64101357  0.62150948  0.58400189  0.58400189  0.59319922  0.59319922  0.59319922  0.56594856  0.51432819  0.50606968  0.51432819  0.58400189  0.54833203  0.53968105  0.55708702  0.53968105  0.65096509  0.66105449  0.69218964  0.70287106  0.65096509  0.70287106  0.67128567  0.65096509  0.71371151  0.63119622  0.58400189  0.59319922  0.56594856  0.62150948  0.62150948  0.56594856  0.57491928  0.57491928  0.59319922  0.60251421  0.60251421  0.59319922  0.59319922  
