197
16_1_0     0.00000000  0.00000000  0.07270941  0.05591919  0.07270941  0.24405632  0.20238140  0.20238140  0.23341411  0.23341411  0.24405632  0.27693936  0.23341411  0.26581418  0.26581418  0.23341411  0.23341411  0.24405632  0.29970770  0.32320350  0.29970770  0.22292370  0.23341411  0.26581418  0.26581418  0.24405632  0.27693936  0.26581418  0.26581418  0.23341411  0.23341411  0.22292370  0.22292370  0.22292370  0.33523903  0.32320350  0.32320350  0.32320350  0.34747479  0.31136178  0.29970770  0.33523903  0.29970770  0.27693936  0.27693936  0.28823542  0.28823542  0.27693936  0.34747479  0.35991758  0.37257451  0.37257451  0.42549991  0.35991758  0.39856122  0.39856122  0.39856122  0.42549991  0.42549991  0.42549991  0.42549991  0.42549991  0.34747479  0.33523903  0.33523903  0.34747479  0.39856122  0.39856122  0.35991758  0.33523903  0.33523903  0.32320350  0.32320350  0.34747479  0.33523903  0.33523903  0.34747479  0.39856122  0.35991758  0.34747479  0.34747479  0.33523903  0.27693936  0.34747479  0.33523903  0.33523903  0.42549991  0.28823542  0.31136178  0.32320350  0.29970770  0.29970770  0.29970770  0.28823542  0.33523903  0.33523903  0.34747479  0.34747479  0.33523903  0.34747479  0.35991758  0.33523903  0.39856122  0.39856122  0.33523903  0.37257451  0.37257451  0.37257451  0.37257451  0.34747479  0.33523903  0.34747479  0.34747479  0.31136178  0.29970770  0.31136178  0.33523903  0.33523903  0.31136178  0.35991758  0.37257451  0.33523903  0.34747479  0.37257451  0.34747479  0.35991758  0.35991758  0.35991758  0.39856122  0.31136178  0.34747479  0.33523903  0.29970770  0.31136178  0.37257451  0.37257451  0.37257451  0.38545309  0.35991758  0.34747479  0.34747479  0.35991758  0.35991758  0.38545309  0.37257451  0.35991758  0.35991758  0.29970770  0.28823542  0.28823542  0.28823542  0.28823542  0.32320350  0.32320350  0.37257451  0.42549991  0.38545309  0.37257451  0.41190723  0.33523903  0.37257451  0.37257451  0.39856122  0.38545309  0.37257451  0.35991758  0.37257451  0.32320350  0.32320350  0.37257451  0.39856122  0.39856122  0.39856122  0.39856122  0.41190723  0.41190723  0.42549991  0.39856122  0.39856122  0.39856122  0.39856122  0.41190723  0.41190723  0.38545309  0.39856122  0.43934855  0.42549991  0.38545309  0.41190723  0.42549991  0.39856122  0.38545309  0.37257451  0.37257451  0.39856122  0.34747479  0.59440144  
28_1_0     0.00000000  0.00000000  0.07270941  0.05591919  0.07270941  0.24405632  0.20238140  0.20238140  0.23341411  0.23341411  0.24405632  0.27693936  0.23341411  0.26581418  0.26581418  0.23341411  0.23341411  0.24405632  0.29970770  0.32320350  0.29970770  0.22292370  0.23341411  0.26581418  0.26581418  0.24405632  0.27693936  0.26581418  0.26581418  0.23341411  0.23341411  0.22292370  0.22292370  0.22292370  0.33523903  0.32320350  0.32320350  0.32320350  0.34747479  0.31136178  0.29970770  0.33523903  0.29970770  0.27693936  0.27693936  0.28823542  0.28823542  0.27693936  0.34747479  0.35991758  0.37257451  0.37257451  0.42549991  0.35991758  0.39856122  0.39856122  0.39856122  0.42549991  0.42549991  0.42549991  0.42549991  0.42549991  0.34747479  0.33523903  0.33523903  0.34747479  0.39856122  0.39856122  0.35991758  0.33523903  0.33523903  0.32320350  0.32320350  0.34747479  0.33523903  0.33523903  0.34747479  0.39856122  0.35991758  0.34747479  0.34747479  0.33523903  0.27693936  0.34747479  0.33523903  0.33523903  0.42549991  0.28823542  0.31136178  0.32320350  0.29970770  0.29970770  0.29970770  0.28823542  0.33523903  0.33523903  0.34747479  0.34747479  0.33523903  0.34747479  0.35991758  0.33523903  0.39856122  0.39856122  0.33523903  0.37257451  0.37257451  0.37257451  0.37257451  0.34747479  0.33523903  0.34747479  0.34747479  0.31136178  0.29970770  0.31136178  0.33523903  0.33523903  0.31136178  0.35991758  0.37257451  0.33523903  0.34747479  0.37257451  0.34747479  0.35991758  0.35991758  0.35991758  0.39856122  0.31136178  0.34747479  0.33523903  0.29970770  0.31136178  0.37257451  0.37257451  0.37257451  0.38545309  0.35991758  0.34747479  0.34747479  0.35991758  0.35991758  0.38545309  0.37257451  0.35991758  0.35991758  0.29970770  0.28823542  0.28823542  0.28823542  0.28823542  0.32320350  0.32320350  0.37257451  0.42549991  0.38545309  0.37257451  0.41190723  0.33523903  0.37257451  0.37257451  0.39856122  0.38545309  0.37257451  0.35991758  0.37257451  0.32320350  0.32320350  0.37257451  0.39856122  0.39856122  0.39856122  0.39856122  0.41190723  0.41190723  0.42549991  0.39856122  0.39856122  0.39856122  0.39856122  0.41190723  0.41190723  0.38545309  0.39856122  0.43934855  0.42549991  0.38545309  0.41190723  0.42549991  0.39856122  0.38545309  0.37257451  0.37257451  0.39856122  0.34747479  0.59440144  
5_1_0      0.07270941  0.07270941  0.00000000  0.09863611  0.09863611  0.25485479  0.25485479  0.24405632  0.27693936  0.29970770  0.27693936  0.32320350  0.29970770  0.31136178  0.31136178  0.28823542  0.28823542  0.29970770  0.37257451  0.37257451  0.37257451  0.28823542  0.27693936  0.33523903  0.29970770  0.29970770  0.31136178  0.32320350  0.32320350  0.28823542  0.27693936  0.28823542  0.28823542  0.28823542  0.37257451  0.35991758  0.35991758  0.35991758  0.35991758  0.37257451  0.35991758  0.38545309  0.26581418  0.26581418  0.26581418  0.25485479  0.25485479  0.26581418  0.38545309  0.39856122  0.35991758  0.35991758  0.42549991  0.38545309  0.39856122  0.42549991  0.42549991  0.42549991  0.45346299  0.45346299  0.45346299  0.45346299  0.35991758  0.34747479  0.34747479  0.35991758  0.35991758  0.38545309  0.33523903  0.33523903  0.34747479  0.33523903  0.33523903  0.34747479  0.33523903  0.33523903  0.29970770  0.37257451  0.35991758  0.34747479  0.34747479  0.33523903  0.32320350  0.32320350  0.32320350  0.32320350  0.41190723  0.29970770  0.27693936  0.31136178  0.26581418  0.28823542  0.28823542  0.32320350  0.34747479  0.34747479  0.34747479  0.33523903  0.32320350  0.33523903  0.34747479  0.32320350  0.37257451  0.37257451  0.35991758  0.34747479  0.37257451  0.37257451  0.37257451  0.35991758  0.29970770  0.33523903  0.33523903  0.27693936  0.35991758  0.27693936  0.29970770  0.29970770  0.32320350  0.38545309  0.43934855  0.39856122  0.35991758  0.33523903  0.34747479  0.34747479  0.32320350  0.32320350  0.33523903  0.37257451  0.38545309  0.39856122  0.33523903  0.32320350  0.35991758  0.35991758  0.35991758  0.39856122  0.35991758  0.35991758  0.31136178  0.32320350  0.34747479  0.32320350  0.35991758  0.37257451  0.33523903  0.32320350  0.31136178  0.32320350  0.31136178  0.31136178  0.32320350  0.28823542  0.35991758  0.38545309  0.39856122  0.39856122  0.41190723  0.32320350  0.32320350  0.32320350  0.37257451  0.35991758  0.34747479  0.33523903  0.34747479  0.29970770  0.29970770  0.32320350  0.38545309  0.38545309  0.33523903  0.33523903  0.34747479  0.34747479  0.35991758  0.37257451  0.37257451  0.37257451  0.37257451  0.46785361  0.39856122  0.35991758  0.37257451  0.41190723  0.39856122  0.38545309  0.41190723  0.42549991  0.38545309  0.34747479  0.33523903  0.33523903  0.33523903  0.32320350  0.52840897  
39_1_0     0.05591919  0.05591919  0.09863611  0.00000000  0.04766568  0.25485479  0.21258083  0.21258083  0.24405632  0.26581418  0.25485479  0.26581418  0.23341411  0.26581418  0.26581418  0.24405632  0.24405632  0.25485479  0.28823542  0.28823542  0.28823542  0.25485479  0.24405632  0.27693936  0.29970770  0.25485479  0.28823542  0.28823542  0.28823542  0.24405632  0.24405632  0.25485479  0.25485479  0.25485479  0.33523903  0.32320350  0.32320350  0.32320350  0.38545309  0.32320350  0.31136178  0.32320350  0.29970770  0.29970770  0.28823542  0.28823542  0.28823542  0.29970770  0.41190723  0.42549991  0.41190723  0.41190723  0.45346299  0.41190723  0.42549991  0.45346299  0.45346299  0.48253145  0.48253145  0.48253145  0.48253145  0.48253145  0.37257451  0.35991758  0.35991758  0.37257451  0.39856122  0.42549991  0.38545309  0.35991758  0.35991758  0.34747479  0.34747479  0.37257451  0.38545309  0.38545309  0.37257451  0.45346299  0.38545309  0.37257451  0.37257451  0.35991758  0.29970770  0.34747479  0.34747479  0.34747479  0.41190723  0.32320350  0.32320350  0.33523903  0.33523903  0.31136178  0.31136178  0.28823542  0.34747479  0.34747479  0.34747479  0.35991758  0.33523903  0.34747479  0.37257451  0.34747479  0.35991758  0.35991758  0.34747479  0.35991758  0.35991758  0.35991758  0.35991758  0.35991758  0.32320350  0.32320350  0.32320350  0.29970770  0.32320350  0.29970770  0.32320350  0.32320350  0.33523903  0.39856122  0.41190723  0.34747479  0.35991758  0.37257451  0.34747479  0.35991758  0.35991758  0.35991758  0.39856122  0.34747479  0.38545309  0.37257451  0.33523903  0.32320350  0.35991758  0.35991758  0.35991758  0.37257451  0.33523903  0.33523903  0.31136178  0.32320350  0.32320350  0.34747479  0.33523903  0.32320350  0.32320350  0.33523903  0.32320350  0.32320350  0.29970770  0.29970770  0.31136178  0.31136178  0.37257451  0.39856122  0.38545309  0.37257451  0.41190723  0.37257451  0.41190723  0.41190723  0.43934855  0.42549991  0.41190723  0.39856122  0.38545309  0.35991758  0.35991758  0.41190723  0.39856122  0.39856122  0.37257451  0.37257451  0.38545309  0.38545309  0.39856122  0.42549991  0.42549991  0.42549991  0.42549991  0.43934855  0.42549991  0.38545309  0.39856122  0.46785361  0.45346299  0.41190723  0.41190723  0.42549991  0.43934855  0.42549991  0.41190723  0.41190723  0.41190723  0.38545309  0.57733992  
29_1_0     0.07270941  0.07270941  0.09863611  0.04766568  0.00000000  0.22292370  0.21258083  0.21258083  0.24405632  0.27693936  0.26581418  0.24405632  0.24405632  0.25485479  0.27693936  0.23341411  0.23341411  0.23341411  0.31136178  0.31136178  0.31136178  0.24405632  0.25485479  0.27693936  0.31136178  0.24405632  0.26581418  0.27693936  0.27693936  0.23341411  0.25485479  0.25485479  0.25485479  0.25485479  0.37257451  0.35991758  0.35991758  0.35991758  0.39856122  0.32320350  0.31136178  0.31136178  0.28823542  0.28823542  0.29970770  0.27693936  0.27693936  0.27693936  0.39856122  0.41190723  0.37257451  0.37257451  0.43934855  0.42549991  0.41190723  0.43934855  0.43934855  0.43934855  0.46785361  0.46785361  0.46785361  0.46785361  0.34747479  0.35991758  0.35991758  0.34747479  0.38545309  0.39856122  0.35991758  0.35991758  0.35991758  0.34747479  0.34747479  0.37257451  0.38545309  0.38545309  0.34747479  0.42549991  0.35991758  0.37257451  0.37257451  0.33523903  0.32320350  0.34747479  0.34747479  0.34747479  0.41190723  0.32320350  0.32320350  0.32320350  0.33523903  0.33523903  0.33523903  0.34747479  0.39856122  0.39856122  0.37257451  0.34747479  0.33523903  0.33523903  0.34747479  0.32320350  0.41190723  0.41190723  0.35991758  0.38545309  0.41190723  0.41190723  0.41190723  0.38545309  0.32320350  0.35991758  0.35991758  0.29970770  0.35991758  0.28823542  0.32320350  0.32320350  0.34747479  0.41190723  0.45346299  0.33523903  0.35991758  0.34747479  0.34747479  0.38545309  0.38545309  0.38545309  0.35991758  0.34747479  0.35991758  0.37257451  0.31136178  0.31136178  0.34747479  0.34747479  0.34747479  0.38545309  0.33523903  0.33523903  0.31136178  0.32320350  0.34747479  0.35991758  0.34747479  0.33523903  0.32320350  0.32320350  0.31136178  0.31136178  0.31136178  0.31136178  0.32320350  0.28823542  0.35991758  0.38545309  0.39856122  0.35991758  0.39856122  0.39856122  0.41190723  0.38545309  0.42549991  0.41190723  0.38545309  0.39856122  0.41190723  0.38545309  0.38545309  0.41190723  0.41190723  0.41190723  0.38545309  0.38545309  0.39856122  0.39856122  0.41190723  0.42549991  0.42549991  0.42549991  0.43934855  0.48253145  0.43934855  0.42549991  0.43934855  0.48253145  0.46785361  0.42549991  0.39856122  0.41190723  0.46785361  0.42549991  0.41190723  0.41190723  0.39856122  0.35991758  0.59440144  
41_1_0     0.24405632  0.24405632  0.25485479  0.25485479  0.22292370  0.00000000  0.06426639  0.06426639  0.08125049  0.10748552  0.09863611  0.18239733  0.22292370  0.21258083  0.24405632  0.18239733  0.18239733  0.17260531  0.32320350  0.29970770  0.29970770  0.20238140  0.21258083  0.26581418  0.21258083  0.19232149  0.19232149  0.20238140  0.20238140  0.17260531  0.22292370  0.22292370  0.22292370  0.22292370  0.29970770  0.27693936  0.27693936  0.27693936  0.28823542  0.27693936  0.28823542  0.27693936  0.45346299  0.46785361  0.42549991  0.45346299  0.45346299  0.41190723  0.43934855  0.45346299  0.41190723  0.41190723  0.39856122  0.43934855  0.42549991  0.45346299  0.45346299  0.43934855  0.49750821  0.49750821  0.49750821  0.49750821  0.46785361  0.45346299  0.45346299  0.46785361  0.46785361  0.49750821  0.45346299  0.49750821  0.48253145  0.46785361  0.46785361  0.48253145  0.46785361  0.46785361  0.45346299  0.51279631  0.42549991  0.46785361  0.46785361  0.45346299  0.46785361  0.43934855  0.48253145  0.48253145  0.39856122  0.43934855  0.41190723  0.43934855  0.45346299  0.45346299  0.45346299  0.51279631  0.48253145  0.46785361  0.52840897  0.49750821  0.41190723  0.45346299  0.48253145  0.46785361  0.51279631  0.51279631  0.57733992  0.52840897  0.56066525  0.56066525  0.56066525  0.51279631  0.49750821  0.56066525  0.56066525  0.49750821  0.51279631  0.46785361  0.49750821  0.49750821  0.52840897  0.56066525  0.51279631  0.49750821  0.48253145  0.51279631  0.51279631  0.49750821  0.54436028  0.54436028  0.49750821  0.48253145  0.46785361  0.48253145  0.43934855  0.42549991  0.41190723  0.41190723  0.41190723  0.41190723  0.45346299  0.45346299  0.39856122  0.41190723  0.41190723  0.43934855  0.49750821  0.39856122  0.45346299  0.41190723  0.42549991  0.39856122  0.46785361  0.46785361  0.46785361  0.45346299  0.48253145  0.42549991  0.43934855  0.48253145  0.48253145  0.46785361  0.51279631  0.51279631  0.45346299  0.46785361  0.51279631  0.49750821  0.48253145  0.45346299  0.45346299  0.45346299  0.48253145  0.48253145  0.48253145  0.48253145  0.49750821  0.46785361  0.56066525  0.48253145  0.48253145  0.48253145  0.51279631  0.56066525  0.54436028  0.51279631  0.51279631  0.54436028  0.56066525  0.54436028  0.46785361  0.48253145  0.45346299  0.45346299  0.46785361  0.46785361  0.43934855  0.45346299  0.64809775  
38_9_0     0.20238140  0.20238140  0.25485479  0.21258083  0.21258083  0.06426639  0.00000000  0.01554781  0.04766568  0.10748552  0.11644270  0.19232149  0.19232149  0.21258083  0.21258083  0.20238140  0.20238140  0.17260531  0.24405632  0.24405632  0.22292370  0.19232149  0.20238140  0.21258083  0.22292370  0.18239733  0.20238140  0.19232149  0.19232149  0.16294196  0.19232149  0.17260531  0.17260531  0.17260531  0.29970770  0.27693936  0.27693936  0.27693936  0.29970770  0.25485479  0.26581418  0.32320350  0.45346299  0.43934855  0.41190723  0.45346299  0.45346299  0.38545309  0.46785361  0.48253145  0.48253145  0.48253145  0.43934855  0.42549991  0.46785361  0.46785361  0.46785361  0.46785361  0.51279631  0.51279631  0.51279631  0.51279631  0.46785361  0.45346299  0.45346299  0.46785361  0.51279631  0.48253145  0.46785361  0.49750821  0.48253145  0.46785361  0.46785361  0.45346299  0.49750821  0.49750821  0.46785361  0.56066525  0.43934855  0.48253145  0.48253145  0.48253145  0.39856122  0.43934855  0.46785361  0.46785361  0.42549991  0.39856122  0.41190723  0.43934855  0.42549991  0.41190723  0.41190723  0.45346299  0.42549991  0.41190723  0.51279631  0.48253145  0.43934855  0.48253145  0.51279631  0.49750821  0.49750821  0.49750821  0.52840897  0.52840897  0.54436028  0.54436028  0.54436028  0.46785361  0.49750821  0.54436028  0.54436028  0.49750821  0.49750821  0.46785361  0.49750821  0.49750821  0.48253145  0.51279631  0.52840897  0.46785361  0.45346299  0.51279631  0.49750821  0.48253145  0.49750821  0.49750821  0.49750821  0.42549991  0.42549991  0.42549991  0.39856122  0.43934855  0.42549991  0.42549991  0.42549991  0.41190723  0.42549991  0.41190723  0.41190723  0.42549991  0.43934855  0.45346299  0.46785361  0.39856122  0.43934855  0.41190723  0.42549991  0.39856122  0.41190723  0.41190723  0.43934855  0.46785361  0.43934855  0.43934855  0.41190723  0.46785361  0.51279631  0.48253145  0.51279631  0.54436028  0.46785361  0.51279631  0.52840897  0.51279631  0.51279631  0.43934855  0.43934855  0.51279631  0.49750821  0.49750821  0.49750821  0.49750821  0.51279631  0.51279631  0.57733992  0.42549991  0.42549991  0.42549991  0.45346299  0.49750821  0.48253145  0.46785361  0.49750821  0.51279631  0.49750821  0.49750821  0.46785361  0.48253145  0.42549991  0.46785361  0.48253145  0.48253145  0.42549991  0.43934855  0.66690457  
38_1_0     0.20238140  0.20238140  0.24405632  0.21258083  0.21258083  0.06426639  0.01554781  0.00000000  0.04766568  0.10748552  0.11644270  0.20238140  0.20238140  0.21258083  0.22292370  0.21258083  0.21258083  0.18239733  0.25485479  0.25485479  0.23341411  0.20238140  0.21258083  0.22292370  0.21258083  0.17260531  0.19232149  0.18239733  0.18239733  0.15340393  0.20238140  0.16294196  0.16294196  0.16294196  0.28823542  0.26581418  0.26581418  0.26581418  0.27693936  0.24405632  0.25485479  0.32320350  0.43934855  0.42549991  0.39856122  0.43934855  0.43934855  0.37257451  0.46785361  0.48253145  0.48253145  0.48253145  0.43934855  0.42549991  0.46785361  0.46785361  0.46785361  0.46785361  0.51279631  0.51279631  0.51279631  0.51279631  0.46785361  0.45346299  0.45346299  0.46785361  0.51279631  0.48253145  0.46785361  0.49750821  0.48253145  0.46785361  0.46785361  0.45346299  0.49750821  0.49750821  0.46785361  0.56066525  0.43934855  0.48253145  0.48253145  0.48253145  0.39856122  0.43934855  0.46785361  0.46785361  0.41190723  0.38545309  0.39856122  0.42549991  0.41190723  0.39856122  0.39856122  0.45346299  0.42549991  0.41190723  0.51279631  0.48253145  0.43934855  0.48253145  0.51279631  0.49750821  0.48253145  0.48253145  0.52840897  0.51279631  0.52840897  0.52840897  0.52840897  0.43934855  0.48253145  0.52840897  0.52840897  0.48253145  0.48253145  0.45346299  0.48253145  0.48253145  0.46785361  0.49750821  0.52840897  0.46785361  0.45346299  0.51279631  0.49750821  0.48253145  0.49750821  0.49750821  0.49750821  0.42549991  0.42549991  0.42549991  0.39856122  0.43934855  0.42549991  0.42549991  0.42549991  0.41190723  0.42549991  0.41190723  0.41190723  0.42549991  0.43934855  0.43934855  0.46785361  0.39856122  0.43934855  0.41190723  0.42549991  0.39856122  0.41190723  0.41190723  0.43934855  0.46785361  0.43934855  0.43934855  0.41190723  0.46785361  0.51279631  0.46785361  0.49750821  0.52840897  0.45346299  0.49750821  0.51279631  0.49750821  0.51279631  0.42549991  0.42549991  0.49750821  0.48253145  0.48253145  0.49750821  0.49750821  0.51279631  0.51279631  0.57733992  0.41190723  0.41190723  0.41190723  0.43934855  0.49750821  0.48253145  0.45346299  0.48253145  0.49750821  0.48253145  0.48253145  0.46785361  0.48253145  0.41190723  0.45346299  0.46785361  0.46785361  0.41190723  0.42549991  0.64809775  
45_1_0     0.23341411  0.23341411  0.27693936  0.24405632  0.24405632  0.08125049  0.04766568  0.04766568  0.00000000  0.10748552  0.11644270  0.22292370  0.22292370  0.23341411  0.24405632  0.23341411  0.23341411  0.20238140  0.27693936  0.27693936  0.25485479  0.22292370  0.23341411  0.24405632  0.21258083  0.21258083  0.23341411  0.22292370  0.22292370  0.19232149  0.22292370  0.20238140  0.20238140  0.20238140  0.28823542  0.26581418  0.26581418  0.26581418  0.25485479  0.28823542  0.29970770  0.32320350  0.42549991  0.43934855  0.41190723  0.45346299  0.45346299  0.38545309  0.45346299  0.46785361  0.49750821  0.49750821  0.42549991  0.43934855  0.45346299  0.45346299  0.45346299  0.48253145  0.49750821  0.49750821  0.49750821  0.49750821  0.42549991  0.41190723  0.41190723  0.45346299  0.43934855  0.43934855  0.42549991  0.45346299  0.41190723  0.39856122  0.39856122  0.43934855  0.48253145  0.48253145  0.45346299  0.54436028  0.42549991  0.43934855  0.43934855  0.43934855  0.38545309  0.42549991  0.45346299  0.45346299  0.39856122  0.42549991  0.43934855  0.43934855  0.42549991  0.43934855  0.43934855  0.46785361  0.46785361  0.45346299  0.52840897  0.49750821  0.42549991  0.49750821  0.52840897  0.51279631  0.49750821  0.49750821  0.54436028  0.52840897  0.54436028  0.54436028  0.54436028  0.43934855  0.46785361  0.51279631  0.51279631  0.46785361  0.46785361  0.43934855  0.46785361  0.46785361  0.45346299  0.48253145  0.51279631  0.48253145  0.49750821  0.56066525  0.51279631  0.49750821  0.54436028  0.54436028  0.51279631  0.46785361  0.46785361  0.46785361  0.43934855  0.51279631  0.43934855  0.43934855  0.43934855  0.42549991  0.43934855  0.42549991  0.48253145  0.48253145  0.51279631  0.48253145  0.51279631  0.46785361  0.48253145  0.48253145  0.49750821  0.46785361  0.45346299  0.45346299  0.45346299  0.54436028  0.48253145  0.48253145  0.48253145  0.51279631  0.54436028  0.42549991  0.48253145  0.51279631  0.43934855  0.48253145  0.46785361  0.45346299  0.49750821  0.41190723  0.41190723  0.48253145  0.46785361  0.46785361  0.51279631  0.51279631  0.52840897  0.49750821  0.56066525  0.42549991  0.42549991  0.42549991  0.45346299  0.51279631  0.49750821  0.46785361  0.46785361  0.51279631  0.49750821  0.49750821  0.45346299  0.46785361  0.39856122  0.49750821  0.51279631  0.51279631  0.45346299  0.43934855  0.70602555  
35_1_0     0.23341411  0.23341411  0.29970770  0.26581418  0.27693936  0.10748552  0.10748552  0.10748552  0.10748552  0.00000000  0.03950376  0.15340393  0.15340393  0.16294196  0.17260531  0.16294196  0.16294196  0.17260531  0.26581418  0.26581418  0.24405632  0.19232149  0.18239733  0.23341411  0.18239733  0.18239733  0.20238140  0.17260531  0.17260531  0.18239733  0.21258083  0.21258083  0.21258083  0.21258083  0.31136178  0.28823542  0.28823542  0.28823542  0.27693936  0.26581418  0.27693936  0.27693936  0.39856122  0.41190723  0.41190723  0.42549991  0.42549991  0.41190723  0.41190723  0.42549991  0.46785361  0.46785361  0.41190723  0.38545309  0.42549991  0.42549991  0.42549991  0.45346299  0.43934855  0.43934855  0.43934855  0.43934855  0.48253145  0.46785361  0.46785361  0.45346299  0.51279631  0.51279631  0.45346299  0.48253145  0.46785361  0.45346299  0.45346299  0.43934855  0.45346299  0.45346299  0.45346299  0.48253145  0.48253145  0.45346299  0.45346299  0.43934855  0.43934855  0.48253145  0.51279631  0.51279631  0.46785361  0.37257451  0.35991758  0.38545309  0.39856122  0.38545309  0.38545309  0.46785361  0.41190723  0.39856122  0.49750821  0.49750821  0.48253145  0.43934855  0.46785361  0.45346299  0.52840897  0.52840897  0.56066525  0.54436028  0.56066525  0.56066525  0.56066525  0.46785361  0.46785361  0.48253145  0.48253145  0.49750821  0.43934855  0.49750821  0.46785361  0.46785361  0.48253145  0.46785361  0.43934855  0.45346299  0.43934855  0.49750821  0.48253145  0.43934855  0.46785361  0.46785361  0.51279631  0.41190723  0.41190723  0.41190723  0.38545309  0.45346299  0.46785361  0.46785361  0.46785361  0.45346299  0.49750821  0.48253145  0.43934855  0.43934855  0.43934855  0.45346299  0.48253145  0.41190723  0.42549991  0.48253145  0.49750821  0.41190723  0.42549991  0.42549991  0.43934855  0.46785361  0.45346299  0.45346299  0.42549991  0.52840897  0.49750821  0.38545309  0.41190723  0.43934855  0.42549991  0.41190723  0.46785361  0.45346299  0.49750821  0.37257451  0.37257451  0.41190723  0.41190723  0.41190723  0.48253145  0.48253145  0.46785361  0.46785361  0.52840897  0.48253145  0.48253145  0.48253145  0.48253145  0.51279631  0.52840897  0.49750821  0.49750821  0.51279631  0.52840897  0.49750821  0.49750821  0.49750821  0.39856122  0.41190723  0.42549991  0.42549991  0.42549991  0.43934855  0.62975990  
34_1_0     0.24405632  0.24405632  0.27693936  0.25485479  0.26581418  0.09863611  0.11644270  0.11644270  0.11644270  0.03950376  0.00000000  0.16294196  0.18239733  0.19232149  0.20238140  0.15340393  0.15340393  0.16294196  0.27693936  0.25485479  0.25485479  0.22292370  0.21258083  0.26581418  0.19232149  0.17260531  0.17260531  0.18239733  0.18239733  0.17260531  0.18239733  0.20238140  0.20238140  0.20238140  0.33523903  0.31136178  0.31136178  0.31136178  0.29970770  0.28823542  0.29970770  0.27693936  0.43934855  0.48253145  0.45346299  0.46785361  0.46785361  0.48253145  0.45346299  0.46785361  0.49750821  0.49750821  0.41190723  0.42549991  0.43934855  0.46785361  0.46785361  0.49750821  0.51279631  0.51279631  0.51279631  0.51279631  0.51279631  0.49750821  0.49750821  0.48253145  0.51279631  0.54436028  0.45346299  0.48253145  0.49750821  0.48253145  0.48253145  0.46785361  0.48253145  0.48253145  0.48253145  0.51279631  0.48253145  0.46785361  0.46785361  0.43934855  0.43934855  0.48253145  0.52840897  0.52840897  0.48253145  0.41190723  0.37257451  0.42549991  0.41190723  0.39856122  0.39856122  0.51279631  0.45346299  0.43934855  0.52840897  0.54436028  0.46785361  0.45346299  0.48253145  0.46785361  0.45346299  0.45346299  0.51279631  0.46785361  0.48253145  0.48253145  0.48253145  0.51279631  0.48253145  0.49750821  0.49750821  0.48253145  0.48253145  0.51279631  0.48253145  0.48253145  0.52840897  0.48253145  0.42549991  0.46785361  0.45346299  0.43934855  0.48253145  0.41190723  0.43934855  0.43934855  0.48253145  0.45346299  0.45346299  0.45346299  0.42549991  0.46785361  0.48253145  0.48253145  0.48253145  0.46785361  0.49750821  0.49750821  0.42549991  0.42549991  0.42549991  0.43934855  0.46785361  0.42549991  0.38545309  0.43934855  0.45346299  0.42549991  0.42549991  0.42549991  0.41190723  0.43934855  0.46785361  0.43934855  0.43934855  0.45346299  0.48253145  0.43934855  0.43934855  0.46785361  0.42549991  0.43934855  0.48253145  0.46785361  0.45346299  0.38545309  0.38545309  0.39856122  0.42549991  0.42549991  0.46785361  0.46785361  0.45346299  0.45346299  0.51279631  0.48253145  0.48253145  0.48253145  0.48253145  0.54436028  0.54436028  0.49750821  0.49750821  0.54436028  0.56066525  0.52840897  0.51279631  0.51279631  0.42549991  0.41190723  0.42549991  0.42549991  0.42549991  0.48253145  0.64809775  
20_1_0     0.27693936  0.27693936  0.32320350  0.26581418  0.24405632  0.18239733  0.19232149  0.20238140  0.22292370  0.15340393  0.16294196  0.00000000  0.06426639  0.07270941  0.08125049  0.12551032  0.12551032  0.11644270  0.25485479  0.25485479  0.25485479  0.17260531  0.12551032  0.17260531  0.24405632  0.18239733  0.16294196  0.17260531  0.17260531  0.20238140  0.23341411  0.26581418  0.25485479  0.25485479  0.31136178  0.28823542  0.28823542  0.28823542  0.29970770  0.26581418  0.25485479  0.32320350  0.43934855  0.45346299  0.42549991  0.43934855  0.43934855  0.45346299  0.43934855  0.45346299  0.43934855  0.43934855  0.42549991  0.46785361  0.45346299  0.48253145  0.48253145  0.48253145  0.49750821  0.49750821  0.49750821  0.49750821  0.43934855  0.42549991  0.42549991  0.43934855  0.42549991  0.43934855  0.43934855  0.43934855  0.42549991  0.41190723  0.41190723  0.39856122  0.41190723  0.41190723  0.41190723  0.43934855  0.52840897  0.42549991  0.42549991  0.42549991  0.39856122  0.43934855  0.45346299  0.45346299  0.51279631  0.37257451  0.35991758  0.38545309  0.37257451  0.38545309  0.38545309  0.51279631  0.46785361  0.45346299  0.48253145  0.46785361  0.42549991  0.41190723  0.43934855  0.42549991  0.57733992  0.57733992  0.57733992  0.56066525  0.54436028  0.54436028  0.54436028  0.51279631  0.46785361  0.45346299  0.45346299  0.46785361  0.46785361  0.43934855  0.46785361  0.46785361  0.51279631  0.49750821  0.52840897  0.45346299  0.43934855  0.48253145  0.46785361  0.45346299  0.45346299  0.45346299  0.43934855  0.41190723  0.41190723  0.41190723  0.38545309  0.45346299  0.52840897  0.52840897  0.52840897  0.51279631  0.45346299  0.45346299  0.43934855  0.45346299  0.41190723  0.42549991  0.42549991  0.41190723  0.37257451  0.48253145  0.46785361  0.43934855  0.43934855  0.43934855  0.42549991  0.43934855  0.45346299  0.45346299  0.45346299  0.51279631  0.49750821  0.45346299  0.48253145  0.45346299  0.43934855  0.42549991  0.52840897  0.51279631  0.52840897  0.48253145  0.48253145  0.49750821  0.38545309  0.38545309  0.45346299  0.45346299  0.43934855  0.46785361  0.46785361  0.54436028  0.54436028  0.54436028  0.57733992  0.54436028  0.57733992  0.52840897  0.56066525  0.57733992  0.59440144  0.52840897  0.45346299  0.46785361  0.54436028  0.46785361  0.45346299  0.42549991  0.42549991  0.46785361  0.56066525  
19_1_0     0.23341411  0.23341411  0.29970770  0.23341411  0.24405632  0.22292370  0.19232149  0.20238140  0.22292370  0.15340393  0.18239733  0.06426639  0.00000000  0.02344674  0.03950376  0.15340393  0.15340393  0.15340393  0.25485479  0.27693936  0.25485479  0.21258083  0.14398802  0.19232149  0.27693936  0.24405632  0.22292370  0.23341411  0.23341411  0.24405632  0.23341411  0.23341411  0.23341411  0.23341411  0.31136178  0.28823542  0.28823542  0.28823542  0.32320350  0.31136178  0.29970770  0.34747479  0.43934855  0.43934855  0.43934855  0.45346299  0.45346299  0.43934855  0.45346299  0.46785361  0.48253145  0.48253145  0.49750821  0.48253145  0.52840897  0.52840897  0.52840897  0.49750821  0.51279631  0.51279631  0.51279631  0.51279631  0.46785361  0.45346299  0.45346299  0.46785361  0.42549991  0.46785361  0.46785361  0.46785361  0.45346299  0.43934855  0.43934855  0.42549991  0.43934855  0.43934855  0.43934855  0.46785361  0.48253145  0.45346299  0.45346299  0.42549991  0.39856122  0.46785361  0.46785361  0.46785361  0.45346299  0.41190723  0.39856122  0.39856122  0.38545309  0.42549991  0.42549991  0.49750821  0.48253145  0.45346299  0.52840897  0.51279631  0.42549991  0.43934855  0.51279631  0.45346299  0.59440144  0.59440144  0.52840897  0.51279631  0.52840897  0.52840897  0.52840897  0.49750821  0.51279631  0.45346299  0.45346299  0.51279631  0.45346299  0.48253145  0.51279631  0.51279631  0.49750821  0.48253145  0.48253145  0.48253145  0.46785361  0.49750821  0.52840897  0.48253145  0.48253145  0.48253145  0.48253145  0.42549991  0.42549991  0.42549991  0.39856122  0.46785361  0.54436028  0.54436028  0.54436028  0.51279631  0.46785361  0.45346299  0.49750821  0.51279631  0.46785361  0.48253145  0.45346299  0.41190723  0.42549991  0.49750821  0.48253145  0.45346299  0.45346299  0.45346299  0.46785361  0.45346299  0.42549991  0.48253145  0.45346299  0.49750821  0.48253145  0.45346299  0.48253145  0.48253145  0.46785361  0.45346299  0.56066525  0.54436028  0.56066525  0.45346299  0.45346299  0.49750821  0.39856122  0.39856122  0.46785361  0.46785361  0.45346299  0.48253145  0.48253145  0.51279631  0.51279631  0.51279631  0.54436028  0.51279631  0.56066525  0.52840897  0.56066525  0.54436028  0.56066525  0.52840897  0.45346299  0.46785361  0.57733992  0.49750821  0.48253145  0.48253145  0.45346299  0.51279631  0.59440144  
17_1_0     0.26581418  0.26581418  0.31136178  0.26581418  0.25485479  0.21258083  0.21258083  0.21258083  0.23341411  0.16294196  0.19232149  0.07270941  0.02344674  0.00000000  0.06426639  0.14398802  0.14398802  0.14398802  0.28823542  0.31136178  0.28823542  0.22292370  0.17260531  0.20238140  0.31136178  0.25485479  0.23341411  0.24405632  0.24405632  0.25485479  0.26581418  0.26581418  0.26581418  0.26581418  0.32320350  0.29970770  0.29970770  0.29970770  0.31136178  0.29970770  0.28823542  0.34747479  0.45346299  0.45346299  0.45346299  0.46785361  0.46785361  0.45346299  0.43934855  0.45346299  0.46785361  0.46785361  0.48253145  0.49750821  0.51279631  0.51279631  0.51279631  0.48253145  0.49750821  0.49750821  0.49750821  0.49750821  0.48253145  0.46785361  0.46785361  0.48253145  0.43934855  0.48253145  0.45346299  0.45346299  0.46785361  0.45346299  0.45346299  0.43934855  0.45346299  0.45346299  0.45346299  0.46785361  0.49750821  0.46785361  0.46785361  0.43934855  0.43934855  0.48253145  0.48253145  0.48253145  0.46785361  0.39856122  0.41190723  0.41190723  0.39856122  0.43934855  0.43934855  0.54436028  0.52840897  0.49750821  0.54436028  0.52840897  0.41190723  0.42549991  0.49750821  0.43934855  0.61186820  0.61186820  0.57733992  0.52840897  0.54436028  0.54436028  0.54436028  0.45346299  0.46785361  0.41190723  0.41190723  0.49750821  0.41190723  0.43934855  0.46785361  0.46785361  0.48253145  0.49750821  0.52840897  0.46785361  0.45346299  0.48253145  0.51279631  0.49750821  0.52840897  0.52840897  0.46785361  0.43934855  0.43934855  0.43934855  0.41190723  0.48253145  0.52840897  0.52840897  0.52840897  0.49750821  0.48253145  0.46785361  0.48253145  0.49750821  0.45346299  0.45346299  0.45346299  0.41190723  0.42549991  0.48253145  0.46785361  0.43934855  0.46785361  0.46785361  0.48253145  0.43934855  0.43934855  0.46785361  0.43934855  0.52840897  0.49750821  0.46785361  0.49750821  0.46785361  0.45346299  0.43934855  0.54436028  0.52840897  0.61186820  0.46785361  0.46785361  0.51279631  0.38545309  0.38545309  0.51279631  0.51279631  0.49750821  0.52840897  0.49750821  0.52840897  0.52840897  0.52840897  0.56066525  0.56066525  0.61186820  0.54436028  0.57733992  0.56066525  0.57733992  0.51279631  0.46785361  0.48253145  0.59440144  0.51279631  0.49750821  0.49750821  0.46785361  0.49750821  0.61186820  
1_1_0      0.26581418  0.26581418  0.31136178  0.26581418  0.27693936  0.24405632  0.21258083  0.22292370  0.24405632  0.17260531  0.20238140  0.08125049  0.03950376  0.06426639  0.00000000  0.17260531  0.17260531  0.17260531  0.29970770  0.29970770  0.27693936  0.23341411  0.18239733  0.21258083  0.28823542  0.25485479  0.25485479  0.24405632  0.24405632  0.25485479  0.26581418  0.26581418  0.26581418  0.26581418  0.28823542  0.26581418  0.26581418  0.26581418  0.29970770  0.28823542  0.27693936  0.35991758  0.45346299  0.42549991  0.42549991  0.43934855  0.43934855  0.42549991  0.43934855  0.45346299  0.46785361  0.46785361  0.45346299  0.43934855  0.48253145  0.48253145  0.48253145  0.45346299  0.49750821  0.46785361  0.46785361  0.46785361  0.45346299  0.43934855  0.43934855  0.45346299  0.41190723  0.45346299  0.45346299  0.45346299  0.43934855  0.42549991  0.42549991  0.41190723  0.42549991  0.42549991  0.45346299  0.45346299  0.46785361  0.43934855  0.43934855  0.43934855  0.41190723  0.42549991  0.45346299  0.45346299  0.43934855  0.37257451  0.35991758  0.38545309  0.39856122  0.38545309  0.38545309  0.48253145  0.43934855  0.43934855  0.51279631  0.46785361  0.43934855  0.42549991  0.46785361  0.43934855  0.51279631  0.51279631  0.48253145  0.49750821  0.48253145  0.48253145  0.48253145  0.46785361  0.46785361  0.46785361  0.46785361  0.49750821  0.43934855  0.46785361  0.46785361  0.46785361  0.45346299  0.49750821  0.49750821  0.49750821  0.45346299  0.51279631  0.51279631  0.49750821  0.46785361  0.46785361  0.52840897  0.41190723  0.41190723  0.41190723  0.38545309  0.45346299  0.49750821  0.49750821  0.49750821  0.49750821  0.45346299  0.43934855  0.48253145  0.49750821  0.48253145  0.49750821  0.46785361  0.39856122  0.43934855  0.45346299  0.46785361  0.41190723  0.43934855  0.43934855  0.45346299  0.43934855  0.41190723  0.46785361  0.43934855  0.45346299  0.56066525  0.43934855  0.46785361  0.49750821  0.45346299  0.46785361  0.54436028  0.52840897  0.54436028  0.46785361  0.46785361  0.51279631  0.43934855  0.43934855  0.48253145  0.48253145  0.46785361  0.49750821  0.49750821  0.56066525  0.56066525  0.56066525  0.56066525  0.52840897  0.57733992  0.54436028  0.57733992  0.56066525  0.57733992  0.54436028  0.52840897  0.54436028  0.54436028  0.51279631  0.49750821  0.46785361  0.46785361  0.49750821  0.61186820  
24_1_0     0.23341411  0.23341411  0.28823542  0.24405632  0.23341411  0.18239733  0.20238140  0.21258083  0.23341411  0.16294196  0.15340393  0.12551032  0.15340393  0.14398802  0.17260531  0.00000000  0.00000000  0.03950376  0.29970770  0.27693936  0.27693936  0.24405632  0.22292370  0.26581418  0.26581418  0.21258083  0.22292370  0.22292370  0.22292370  0.21258083  0.25485479  0.29970770  0.29970770  0.29970770  0.29970770  0.29970770  0.29970770  0.29970770  0.33523903  0.31136178  0.29970770  0.28823542  0.48253145  0.49750821  0.49750821  0.48253145  0.48253145  0.52840897  0.49750821  0.51279631  0.51279631  0.51279631  0.48253145  0.51279631  0.49750821  0.52840897  0.52840897  0.51279631  0.56066525  0.56066525  0.56066525  0.56066525  0.48253145  0.46785361  0.46785361  0.48253145  0.51279631  0.56066525  0.52840897  0.49750821  0.54436028  0.52840897  0.52840897  0.54436028  0.54436028  0.54436028  0.54436028  0.56066525  0.52840897  0.49750821  0.49750821  0.45346299  0.48253145  0.48253145  0.52840897  0.52840897  0.51279631  0.41190723  0.39856122  0.46785361  0.43934855  0.42549991  0.42549991  0.52840897  0.49750821  0.48253145  0.51279631  0.52840897  0.45346299  0.43934855  0.46785361  0.45346299  0.61186820  0.61186820  0.57733992  0.56066525  0.57733992  0.57733992  0.57733992  0.49750821  0.46785361  0.48253145  0.48253145  0.49750821  0.46785361  0.49750821  0.46785361  0.46785361  0.54436028  0.59440144  0.57733992  0.42549991  0.43934855  0.45346299  0.48253145  0.49750821  0.52840897  0.52840897  0.49750821  0.48253145  0.48253145  0.48253145  0.45346299  0.48253145  0.49750821  0.49750821  0.49750821  0.51279631  0.52840897  0.52840897  0.43934855  0.45346299  0.46785361  0.52840897  0.52840897  0.43934855  0.45346299  0.48253145  0.49750821  0.43934855  0.51279631  0.51279631  0.49750821  0.41190723  0.48253145  0.48253145  0.48253145  0.52840897  0.54436028  0.51279631  0.51279631  0.51279631  0.49750821  0.54436028  0.56066525  0.54436028  0.49750821  0.48253145  0.48253145  0.49750821  0.46785361  0.46785361  0.51279631  0.51279631  0.49750821  0.52840897  0.49750821  0.66690457  0.66690457  0.66690457  0.66690457  0.64809775  0.64809775  0.62975990  0.64809775  0.68620496  0.70602555  0.59440144  0.52840897  0.52840897  0.57733992  0.54436028  0.52840897  0.52840897  0.52840897  0.54436028  0.76890925  
