20
20_0_0     0.00000000  0.18637369  0.18637369  0.13390303  0.13293751  0.13293751  0.14317239  0.55540266  0.60412485  0.36779525  0.36779525  0.36779525  0.44264936  0.33164567  0.45121066  0.39386676  0.39386676  0.39386676  0.42818582  0.37083314  
18_0_0     0.18637369  0.00000000  0.00000000  0.09525703  0.14424658  0.14424658  0.15481130  0.46506777  0.46506777  0.39602629  0.39602629  0.39602629  0.43895946  0.37408839  0.42818582  0.34349676  0.34349676  0.31468928  0.31468928  0.41591687  
8_0_0      0.18637369  0.00000000  0.00000000  0.09525703  0.14424658  0.14424658  0.15481130  0.46506777  0.46506777  0.39602629  0.39602629  0.39602629  0.43895946  0.37408839  0.42818582  0.34349676  0.34349676  0.31468928  0.31468928  0.41591687  
19_0_0     0.13390303  0.09525703  0.09525703  0.00000000  0.11472627  0.11472627  0.12475635  0.41499519  0.45121066  0.38332081  0.38332081  0.38332081  0.42551627  0.30324634  0.45121066  0.39386676  0.39386676  0.36177742  0.36177742  0.38661014  
7_0_0      0.13293751  0.14424658  0.14424658  0.11472627  0.00000000  0.01613358  0.00800094  0.54828508  0.54828508  0.35015099  0.35015099  0.35015099  0.40584040  0.27440169  0.41072838  0.35855585  0.35855585  0.39012510  0.39012510  0.33813523  
9_0_0      0.13293751  0.14424658  0.14424658  0.11472627  0.01613358  0.00000000  0.00800094  0.54828508  0.54828508  0.35015099  0.35015099  0.35015099  0.39007779  0.27440169  0.37756162  0.32888310  0.32888310  0.35855585  0.35855585  0.33813523  
13_0_0     0.14317239  0.15481130  0.15481130  0.12475635  0.00800094  0.00800094  0.00000000  0.57148006  0.57148006  0.36497448  0.36497448  0.36497448  0.40584040  0.28746926  0.39386676  0.34349676  0.34349676  0.37408839  0.37408839  0.35274272  
17_0_0     0.55540266  0.46506777  0.46506777  0.41499519  0.54828508  0.54828508  0.57148006  0.00000000  0.04087659  0.37408839  0.37408839  0.37408839  0.46923602  0.43760911  0.42425387  0.36885376  0.35306235  0.32291745  0.32291745  0.44628274  
11_0_0     0.60412485  0.46506777  0.46506777  0.45121066  0.54828508  0.54828508  0.57148006  0.04087659  0.00000000  0.37408839  0.37408839  0.37408839  0.43305847  0.40203645  0.38930158  0.33776004  0.32291745  0.29450644  0.29450644  0.44628274  
2_0_0      0.36779525  0.39602629  0.39602629  0.38332081  0.35015099  0.35015099  0.36497448  0.37408839  0.37408839  0.00000000  0.00000000  0.00000000  0.19357154  0.23371742  0.24414989  0.17521411  0.18637369  0.20947871  0.18637369  0.22989703  
3_0_0      0.36779525  0.39602629  0.39602629  0.38332081  0.35015099  0.35015099  0.36497448  0.37408839  0.37408839  0.00000000  0.00000000  0.00000000  0.19357154  0.23371742  0.24414989  0.17521411  0.18637369  0.20947871  0.18637369  0.22989703  
1_0_0      0.36779525  0.39602629  0.39602629  0.38332081  0.35015099  0.35015099  0.36497448  0.37408839  0.37408839  0.00000000  0.00000000  0.00000000  0.19357154  0.23371742  0.24414989  0.17521411  0.18637369  0.20947871  0.18637369  0.22989703  
16_0_0     0.44264936  0.43895946  0.43895946  0.42551627  0.40584040  0.39007779  0.40584040  0.46923602  0.43305847  0.19357154  0.19357154  0.19357154  0.00000000  0.22989703  0.24033075  0.18367716  0.19483314  0.19483314  0.19483314  0.25092038  
15_0_0     0.33164567  0.37408839  0.37408839  0.30324634  0.27440169  0.27440169  0.28746926  0.43760911  0.40203645  0.23371742  0.23371742  0.23371742  0.22989703  0.00000000  0.15612936  0.14677795  0.15757689  0.17990972  0.17990972  0.13390303  
6_0_0      0.45121066  0.42818582  0.42818582  0.45121066  0.41072838  0.37756162  0.39386676  0.42425387  0.38930158  0.24414989  0.24414989  0.24414989  0.24033075  0.15612936  0.00000000  0.13499426  0.12475635  0.12475635  0.12475635  0.14317239  
10_0_0     0.39386676  0.34349676  0.34349676  0.39386676  0.35855585  0.32888310  0.34349676  0.36885376  0.33776004  0.17521411  0.17521411  0.17521411  0.18367716  0.14677795  0.13499426  0.00000000  0.00800094  0.02440232  0.02440232  0.15481130  
4_0_0      0.39386676  0.34349676  0.34349676  0.39386676  0.35855585  0.32888310  0.34349676  0.35306235  0.32291745  0.18637369  0.18637369  0.18637369  0.19483314  0.15757689  0.12475635  0.00800094  0.00000000  0.01613358  0.01613358  0.14424658  
12_0_0     0.39386676  0.31468928  0.31468928  0.36177742  0.39012510  0.35855585  0.37408839  0.32291745  0.29450644  0.20947871  0.20947871  0.20947871  0.19483314  0.17990972  0.12475635  0.02440232  0.01613358  0.00000000  0.01613358  0.16560687  
5_0_0      0.42818582  0.31468928  0.31468928  0.36177742  0.39012510  0.35855585  0.37408839  0.32291745  0.29450644  0.18637369  0.18637369  0.18637369  0.19483314  0.17990972  0.12475635  0.02440232  0.01613358  0.01613358  0.00000000  0.16560687  
14_0_0     0.37083314  0.41591687  0.41591687  0.38661014  0.33813523  0.33813523  0.35274272  0.44628274  0.44628274  0.22989703  0.22989703  0.22989703  0.25092038  0.13390303  0.14317239  0.15481130  0.14424658  0.16560687  0.16560687  0.00000000  

