20
20_0_0     0.00000000  0.26726017  0.25439958  0.23144269  0.22116991  0.16416392  0.16416392  0.38038561  0.38038561  0.60126205  0.55311074  0.55311074  0.47777085  0.41880189  0.40973150  0.48306402  0.46369237  0.46369237  0.48306402  0.34897273  
18_0_0     0.26726017  0.00000000  0.00800052  0.15350698  0.16545119  0.13380815  0.13380815  0.33708220  0.33708220  0.39297175  0.39297175  0.39297175  0.49212064  0.41501893  0.35788623  0.44047089  0.45877122  0.44047089  0.45877122  0.44504717  
8_0_0      0.25439958  0.00800052  0.00000000  0.14307365  0.15467822  0.12369264  0.12369264  0.32231143  0.32231143  0.37675851  0.37675851  0.37675851  0.49212064  0.39854113  0.35788623  0.42282021  0.44047089  0.42282021  0.44047089  0.42707589  
19_0_0     0.23144269  0.15350698  0.14307365  0.00000000  0.15597571  0.14531761  0.14531761  0.37179205  0.37179205  0.48863698  0.48863698  0.48863698  0.56198496  0.42707589  0.37675851  0.44504717  0.42707589  0.42707589  0.40973150  0.48863698  
7_0_0      0.22116991  0.16545119  0.15467822  0.15597571  0.00000000  0.04135554  0.04135554  0.32863174  0.32863174  0.47433384  0.47433384  0.47433384  0.42707589  0.47777085  0.46887846  0.39686897  0.41391751  0.41391751  0.43157137  0.43630959  
9_0_0      0.16416392  0.13380815  0.12369264  0.14531761  0.04135554  0.00000000  0.00000000  0.34385711  0.34385711  0.53744879  0.49449500  0.49449500  0.40973150  0.45877122  0.44987513  0.44987513  0.46887846  0.46887846  0.48863698  0.41833500  
13_0_0     0.16416392  0.13380815  0.12369264  0.14531761  0.04135554  0.00000000  0.00000000  0.34385711  0.34385711  0.53744879  0.49449500  0.49449500  0.40973150  0.45877122  0.44987513  0.44987513  0.46887846  0.46887846  0.48863698  0.41833500  
17_0_0     0.38038561  0.33708220  0.32231143  0.37179205  0.32863174  0.34385711  0.34385711  0.00000000  0.00000000  0.30528724  0.33398040  0.33398040  0.37334222  0.27225820  0.36105724  0.27602457  0.28922484  0.28922484  0.27602457  0.30528724  
11_0_0     0.38038561  0.33708220  0.32231143  0.37179205  0.32863174  0.34385711  0.34385711  0.00000000  0.00000000  0.30528724  0.33398040  0.33398040  0.37334222  0.27225820  0.36105724  0.27602457  0.28922484  0.28922484  0.27602457  0.30528724  
2_0_0      0.60126205  0.39297175  0.37675851  0.48863698  0.47433384  0.53744879  0.53744879  0.30528724  0.30528724  0.00000000  0.01613188  0.01613188  0.32537949  0.22963519  0.24593744  0.24593744  0.25879972  0.25879972  0.24593744  0.26123561  
3_0_0      0.55311074  0.39297175  0.37675851  0.48863698  0.47433384  0.49449500  0.49449500  0.33398040  0.33398040  0.01613188  0.00000000  0.00000000  0.29668212  0.25439958  0.24593744  0.24593744  0.25879972  0.25879972  0.24593744  0.26123561  
1_0_0      0.55311074  0.39297175  0.37675851  0.48863698  0.47433384  0.49449500  0.49449500  0.33398040  0.33398040  0.01613188  0.00000000  0.00000000  0.29668212  0.25439958  0.24593744  0.24593744  0.25879972  0.25879972  0.24593744  0.26123561  
16_0_0     0.47777085  0.49212064  0.49212064  0.56198496  0.42707589  0.40973150  0.40973150  0.37334222  0.37334222  0.32537949  0.29668212  0.29668212  0.00000000  0.30278509  0.24593744  0.20604582  0.21770064  0.24186324  0.22963519  0.21936242  
15_0_0     0.41880189  0.41501893  0.39854113  0.42707589  0.47777085  0.45877122  0.45877122  0.27225820  0.27225820  0.22963519  0.25439958  0.25439958  0.30278509  0.00000000  0.14213863  0.16300648  0.15246310  0.17377827  0.14213863  0.12284160  
6_0_0      0.40973150  0.35788623  0.35788623  0.37675851  0.46887846  0.44987513  0.44987513  0.36105724  0.36105724  0.24593744  0.24593744  0.24593744  0.24593744  0.14213863  0.00000000  0.12369264  0.11377882  0.11377882  0.12369264  0.10483255  
10_0_0     0.48306402  0.44047089  0.42282021  0.44504717  0.39686897  0.44987513  0.44987513  0.27602457  0.27602457  0.24593744  0.24593744  0.24593744  0.20604582  0.16300648  0.12369264  0.00000000  0.00800052  0.02439841  0.01613188  0.12466317  
4_0_0      0.46369237  0.45877122  0.44047089  0.42707589  0.41391751  0.46887846  0.46887846  0.28922484  0.28922484  0.25879972  0.25879972  0.25879972  0.21770064  0.15246310  0.11377882  0.00800052  0.00000000  0.01613188  0.00800052  0.11464901  
12_0_0     0.46369237  0.44047089  0.42282021  0.42707589  0.41391751  0.46887846  0.46887846  0.28922484  0.28922484  0.25879972  0.25879972  0.25879972  0.24186324  0.17377827  0.11377882  0.02439841  0.01613188  0.00000000  0.02439841  0.13488316  
5_0_0      0.48306402  0.45877122  0.44047089  0.40973150  0.43157137  0.48863698  0.48863698  0.27602457  0.27602457  0.24593744  0.24593744  0.24593744  0.22963519  0.14213863  0.12369264  0.01613188  0.00800052  0.02439841  0.00000000  0.12466317  
14_0_0     0.34897273  0.44504717  0.42707589  0.48863698  0.43630959  0.41833500  0.41833500  0.30528724  0.30528724  0.26123561  0.26123561  0.26123561  0.21936242  0.12284160  0.10483255  0.12466317  0.11464901  0.13488316  0.12466317  0.00000000  

