20
20_0_0     0.00000000  0.24706497  0.24706497  0.24706497  0.22014681  0.23233908  0.23233908  0.39579930  0.37928811  0.32730505  0.31319286  0.31319286  0.43949883  0.43949883  0.34474257  0.32998521  0.32998521  0.32998521  0.34474257  0.31566116  
18_0_0     0.24706497  0.00000000  0.01613697  0.16903095  0.14572211  0.13522602  0.13522602  0.39993368  0.41733498  0.35996029  0.34474257  0.34474257  0.40868721  0.44410445  0.34785312  0.27712739  0.27712739  0.27712739  0.29047600  0.36331748  
8_0_0      0.24706497  0.01613697  0.00000000  0.16903095  0.16741702  0.15644898  0.15644898  0.39993368  0.41733498  0.35996029  0.34474257  0.34474257  0.44410445  0.44410445  0.34785312  0.27712739  0.27712739  0.27712739  0.29047600  0.36331748  
19_0_0     0.24706497  0.16903095  0.16903095  0.00000000  0.10502823  0.11488793  0.11488793  0.24088207  0.22869668  0.28821617  0.27505173  0.27505173  0.28821617  0.30174570  0.27712739  0.23914232  0.23914232  0.23914232  0.22711058  0.29047600  
7_0_0      0.22014681  0.14572211  0.16741702  0.10502823  0.00000000  0.00800177  0.00800177  0.31832155  0.30420014  0.27315178  0.26050318  0.26050318  0.28613706  0.37226975  0.31566116  0.30174570  0.30174570  0.30174570  0.28821617  0.31566116  
9_0_0      0.23233908  0.13522602  0.15644898  0.11488793  0.00800177  0.00000000  0.00000000  0.33286392  0.31832155  0.28613706  0.27315178  0.27315178  0.29947743  0.38822859  0.32998521  0.28821617  0.28821617  0.28821617  0.27505173  0.32998521  
13_0_0     0.23233908  0.13522602  0.15644898  0.11488793  0.00800177  0.00000000  0.00000000  0.33286392  0.31832155  0.28613706  0.27315178  0.27315178  0.29947743  0.38822859  0.32998521  0.28821617  0.28821617  0.28821617  0.27505173  0.32998521  
17_0_0     0.39579930  0.39993368  0.39993368  0.24088207  0.31832155  0.33286392  0.33286392  0.00000000  0.00800177  0.32117420  0.30684065  0.30684065  0.29291623  0.26620576  0.30966746  0.30966746  0.30966746  0.30966746  0.29553682  0.33921922  
11_0_0     0.37928811  0.41733498  0.41733498  0.22869668  0.30420014  0.31832155  0.31832155  0.00800177  0.00000000  0.30684065  0.29291623  0.29291623  0.27937822  0.25337962  0.29553682  0.29553682  0.29553682  0.29553682  0.28180396  0.32421962  
2_0_0      0.32730505  0.35996029  0.35996029  0.28821617  0.27315178  0.28613706  0.28613706  0.32117420  0.30684065  0.00000000  0.00800177  0.00800177  0.17702592  0.24484386  0.24706497  0.26007370  0.26007370  0.26007370  0.23439412  0.24706497  
3_0_0      0.31319286  0.34474257  0.34474257  0.27505173  0.26050318  0.27315178  0.27315178  0.30684065  0.29291623  0.00800177  0.00000000  0.00000000  0.16593603  0.23233908  0.23439412  0.24706497  0.24706497  0.24706497  0.22204405  0.23439412  
1_0_0      0.31319286  0.34474257  0.34474257  0.27505173  0.26050318  0.27315178  0.27315178  0.30684065  0.29291623  0.00800177  0.00000000  0.00000000  0.16593603  0.23233908  0.23439412  0.24706497  0.24706497  0.24706497  0.22204405  0.23439412  
16_0_0     0.43949883  0.40868721  0.44410445  0.28821617  0.28613706  0.29947743  0.29947743  0.29291623  0.27937822  0.17702592  0.16593603  0.16593603  0.00000000  0.20825183  0.26007370  0.26007370  0.26007370  0.26007370  0.24706497  0.28718040  
15_0_0     0.43949883  0.44410445  0.44410445  0.30174570  0.37226975  0.38822859  0.38822859  0.26620576  0.25337962  0.24484386  0.23233908  0.23233908  0.20825183  0.00000000  0.21393493  0.17863732  0.17863732  0.17863732  0.15644898  0.14572211  
6_0_0      0.34474257  0.34785312  0.34785312  0.27712739  0.31566116  0.32998521  0.32998521  0.30966746  0.29553682  0.24706497  0.23439412  0.23439412  0.26007370  0.21393493  0.00000000  0.07723135  0.07723135  0.07723135  0.07723135  0.12608683  
10_0_0     0.32998521  0.27712739  0.27712739  0.23914232  0.30174570  0.28821617  0.28821617  0.30966746  0.29553682  0.26007370  0.24706497  0.24706497  0.26007370  0.17863732  0.07723135  0.00000000  0.00000000  0.00000000  0.01613697  0.09619058  
4_0_0      0.32998521  0.27712739  0.27712739  0.23914232  0.30174570  0.28821617  0.28821617  0.30966746  0.29553682  0.26007370  0.24706497  0.24706497  0.26007370  0.17863732  0.07723135  0.00000000  0.00000000  0.00000000  0.01613697  0.09619058  
12_0_0     0.32998521  0.27712739  0.27712739  0.23914232  0.30174570  0.28821617  0.28821617  0.30966746  0.29553682  0.26007370  0.24706497  0.24706497  0.26007370  0.17863732  0.07723135  0.00000000  0.00000000  0.00000000  0.01613697  0.09619058  
5_0_0      0.34474257  0.29047600  0.29047600  0.22711058  0.28821617  0.27505173  0.27505173  0.29553682  0.28180396  0.23439412  0.22204405  0.22204405  0.24706497  0.15644898  0.07723135  0.01613697  0.01613697  0.01613697  0.00000000  0.09619058  
14_0_0     0.31566116  0.36331748  0.36331748  0.29047600  0.31566116  0.32998521  0.32998521  0.33921922  0.32421962  0.24706497  0.23439412  0.23439412  0.28718040  0.14572211  0.12608683  0.09619058  0.09619058  0.09619058  0.09619058  0.00000000  

