20
2_0_0      0.00000000  0.00863328  0.11081583  0.16231275  0.21189766  0.20059150  0.21189766  0.21189766  0.18945355  0.20059150  0.19500181  0.18945355  0.18394610  0.18394610  0.20059150  0.20059150  0.16766277  0.15700070  0.14648836  0.16231275  
1_0_0      0.00863328  0.00000000  0.11081583  0.16766277  0.20622324  0.19500181  0.20622324  0.20622324  0.18394610  0.19500181  0.18945355  0.18394610  0.17847888  0.17847888  0.19500181  0.20622324  0.16766277  0.15700070  0.14648836  0.16231275  
3_0_0      0.11081583  0.11081583  0.00000000  0.19500181  0.21189766  0.19500181  0.22337720  0.20622324  0.21761543  0.21761543  0.22918366  0.20059150  0.20059150  0.18945355  0.19500181  0.21189766  0.19500181  0.20059150  0.18945355  0.20622324  
9_0_0      0.16231275  0.16766277  0.19500181  0.00000000  0.10092828  0.09116961  0.10092828  0.07676606  0.06263441  0.08153652  0.09603305  0.16231275  0.15700070  0.17847888  0.17847888  0.17305129  0.13612158  0.15172608  0.15700070  0.15172608  
16_0_0     0.21189766  0.20622324  0.21189766  0.10092828  0.00000000  0.02620438  0.03514705  0.07202581  0.05335937  0.03965876  0.03514705  0.15172608  0.15700070  0.14648836  0.13099154  0.15172608  0.14648836  0.15172608  0.15700070  0.15700070  
7_0_0      0.20059150  0.19500181  0.19500181  0.09116961  0.02620438  0.00000000  0.02620438  0.05335937  0.04876458  0.04876458  0.04419782  0.15172608  0.15700070  0.15700070  0.14128703  0.15700070  0.14648836  0.15172608  0.15700070  0.15172608  
18_0_0     0.21189766  0.20622324  0.22337720  0.10092828  0.03514705  0.02620438  0.00000000  0.05335937  0.05798252  0.05335937  0.04876458  0.16766277  0.17305129  0.16231275  0.15700070  0.16231275  0.16231275  0.14648836  0.15172608  0.15172608  
19_0_0     0.21189766  0.20622324  0.20622324  0.07676606  0.07202581  0.05335937  0.05335937  0.00000000  0.06731539  0.07202581  0.06731539  0.17305129  0.16766277  0.17305129  0.16766277  0.18945355  0.14128703  0.15700070  0.16231275  0.15700070  
15_0_0     0.18945355  0.18394610  0.21761543  0.06263441  0.05335937  0.04876458  0.05798252  0.06731539  0.00000000  0.03965876  0.04419782  0.17305129  0.16766277  0.17305129  0.16231275  0.18394610  0.12589641  0.14648836  0.15172608  0.13099154  
8_0_0      0.20059150  0.19500181  0.21761543  0.08153652  0.03965876  0.04876458  0.05335937  0.07202581  0.03965876  0.00000000  0.02177279  0.14648836  0.14128703  0.14128703  0.13099154  0.16766277  0.13612158  0.14648836  0.15172608  0.14128703  
20_0_0     0.19500181  0.18945355  0.22918366  0.09603305  0.03514705  0.04419782  0.04876458  0.06731539  0.04419782  0.02177279  0.00000000  0.16766277  0.16231275  0.16231275  0.15172608  0.17847888  0.14128703  0.14128703  0.14648836  0.14648836  
14_0_0     0.18945355  0.18394610  0.20059150  0.16231275  0.15172608  0.15172608  0.16766277  0.17305129  0.17305129  0.14648836  0.16766277  0.00000000  0.00863328  0.02620438  0.03514705  0.06731539  0.16766277  0.17847888  0.16766277  0.16766277  
17_0_0     0.18394610  0.17847888  0.20059150  0.15700070  0.15700070  0.15700070  0.17305129  0.16766277  0.16766277  0.14128703  0.16231275  0.00863328  0.00000000  0.03514705  0.04419782  0.06731539  0.16231275  0.17305129  0.16231275  0.16231275  
11_0_0     0.18394610  0.17847888  0.18945355  0.17847888  0.14648836  0.15700070  0.16231275  0.17305129  0.17305129  0.14128703  0.16231275  0.02620438  0.03514705  0.00000000  0.01736728  0.06731539  0.16231275  0.15172608  0.15172608  0.15700070  
6_0_0      0.20059150  0.19500181  0.19500181  0.17847888  0.13099154  0.14128703  0.15700070  0.16766277  0.16231275  0.13099154  0.15172608  0.03514705  0.04419782  0.01736728  0.00000000  0.07202581  0.15700070  0.16766277  0.16766277  0.16231275  
5_0_0      0.20059150  0.20622324  0.21189766  0.17305129  0.15172608  0.15700070  0.16231275  0.18945355  0.18394610  0.16766277  0.17847888  0.06731539  0.06731539  0.06731539  0.07202581  0.00000000  0.16231275  0.16766277  0.16766277  0.16231275  
4_0_0      0.16766277  0.16766277  0.19500181  0.13612158  0.14648836  0.14648836  0.16231275  0.14128703  0.12589641  0.13612158  0.14128703  0.16766277  0.16231275  0.16231275  0.15700070  0.16231275  0.00000000  0.05335937  0.05335937  0.03965876  
10_0_0     0.15700070  0.15700070  0.20059150  0.15172608  0.15172608  0.15172608  0.14648836  0.15700070  0.14648836  0.14648836  0.14128703  0.17847888  0.17305129  0.15172608  0.16766277  0.16766277  0.05335937  0.00000000  0.00863328  0.03514705  
12_0_0     0.14648836  0.14648836  0.18945355  0.15700070  0.15700070  0.15700070  0.15172608  0.16231275  0.15172608  0.15172608  0.14648836  0.16766277  0.16231275  0.15172608  0.16766277  0.16766277  0.05335937  0.00863328  0.00000000  0.03514705  
13_0_0     0.16231275  0.16231275  0.20622324  0.15172608  0.15700070  0.15172608  0.15172608  0.15700070  0.13099154  0.14128703  0.14648836  0.16766277  0.16231275  0.15700070  0.16231275  0.16231275  0.03965876  0.03514705  0.03514705  0.00000000  

