20
3_0_0      0.00000000  0.16295821  0.19159782  0.50609636  0.52890710  0.64140577  0.60195035  0.58925814  0.50609636  0.52890710  0.60195035  0.60195035  0.68311361  0.66894486  0.65504559  0.66894486  0.75839659  0.75839659  0.74270676  0.74270676  
6_0_0      0.16295821  0.00000000  0.20634983  0.44164843  0.47316216  0.54058515  0.55245287  0.57678261  0.49495256  0.50609636  0.56451649  0.45200274  0.68311361  0.69756253  0.69756253  0.71230289  0.74270676  0.75839659  0.74270676  0.68311361  
9_0_0      0.19159782  0.20634983  0.00000000  0.41143769  0.51741273  0.58925814  0.49495256  0.49495256  0.46250587  0.49495256  0.48397614  0.54058515  0.72734672  0.72734672  0.65504559  0.66894486  0.75839659  0.72734672  0.65504559  0.68311361  
10_0_0     0.50609636  0.44164843  0.41143769  0.00000000  0.39196947  0.49495256  0.44164843  0.46250587  0.42136981  0.49495256  0.43143878  0.43143878  0.84233527  0.84233527  0.80759454  0.80759454  0.66894486  0.71230289  0.84233527  0.79082450  
1_0_0      0.52890710  0.47316216  0.51741273  0.39196947  0.00000000  0.17713773  0.31890239  0.31890239  0.37300646  0.36370635  0.33649574  0.54058515  0.71230289  0.79082450  0.74270676  0.75839659  0.77443069  0.71230289  0.86034526  0.82475848  
8_0_0      0.64140577  0.54058515  0.58925814  0.49495256  0.17713773  0.00000000  0.30172267  0.31890239  0.35452311  0.36370635  0.45200274  0.55245287  0.72734672  0.77443069  0.77443069  0.74270676  0.77443069  0.75839659  0.84233527  0.80759454  
2_0_0      0.60195035  0.55245287  0.49495256  0.44164843  0.31890239  0.30172267  0.00000000  0.01132323  0.17713773  0.19893660  0.31026205  0.58925814  0.80759454  0.82475848  0.80759454  0.75839659  0.89775413  0.89775413  0.86034526  0.87881035  
12_0_0     0.58925814  0.57678261  0.49495256  0.46250587  0.31890239  0.31890239  0.01132323  0.00000000  0.19159782  0.21383903  0.31026205  0.61486690  0.82475848  0.84233527  0.82475848  0.77443069  0.91720208  0.91720208  0.87881035  0.89775413  
4_0_0      0.50609636  0.49495256  0.46250587  0.42136981  0.37300646  0.35452311  0.17713773  0.19159782  0.00000000  0.04042354  0.29328193  0.48397614  0.91720208  0.79082450  0.80759454  0.75839659  0.80759454  0.93718178  0.86034526  0.79082450  
11_0_0     0.52890710  0.50609636  0.49495256  0.49495256  0.36370635  0.36370635  0.19893660  0.21383903  0.04042354  0.00000000  0.30172267  0.48397614  0.91720208  0.79082450  0.84233527  0.79082450  0.77443069  0.87881035  0.87881035  0.80759454  
5_0_0      0.60195035  0.56451649  0.48397614  0.43143878  0.33649574  0.45200274  0.31026205  0.31026205  0.29328193  0.30172267  0.00000000  0.61486690  0.93718178  0.84233527  0.86034526  0.89775413  0.80759454  0.82475848  0.72734672  0.75839659  
7_0_0      0.60195035  0.45200274  0.54058515  0.43143878  0.54058515  0.55245287  0.58925814  0.61486690  0.48397614  0.48397614  0.61486690  0.00000000  0.74270676  0.71230289  0.74270676  0.72734672  0.77443069  0.71230289  0.84233527  0.80759454  
18_0_0     0.68311361  0.68311361  0.72734672  0.84233527  0.71230289  0.72734672  0.80759454  0.82475848  0.91720208  0.91720208  0.93718178  0.74270676  0.00000000  0.08953758  0.12199931  0.12199931  0.28493756  0.35452311  0.33649574  0.35452311  
14_0_0     0.66894486  0.69756253  0.72734672  0.84233527  0.79082450  0.77443069  0.82475848  0.84233527  0.79082450  0.79082450  0.84233527  0.71230289  0.08953758  0.00000000  0.11539058  0.11539058  0.27668741  0.43143878  0.32764612  0.32764612  
17_0_0     0.65504559  0.69756253  0.65504559  0.80759454  0.74270676  0.77443069  0.80759454  0.82475848  0.80759454  0.84233527  0.86034526  0.74270676  0.12199931  0.11539058  0.00000000  0.03451004  0.30172267  0.38242646  0.33649574  0.35452311  
15_0_0     0.66894486  0.71230289  0.66894486  0.80759454  0.75839659  0.74270676  0.75839659  0.77443069  0.75839659  0.79082450  0.89775413  0.72734672  0.12199931  0.11539058  0.03451004  0.00000000  0.31890239  0.38242646  0.35452311  0.37300646  
16_0_0     0.75839659  0.74270676  0.75839659  0.66894486  0.77443069  0.77443069  0.89775413  0.91720208  0.80759454  0.77443069  0.80759454  0.77443069  0.28493756  0.27668741  0.30172267  0.31890239  0.00000000  0.24458779  0.23677846  0.19893660  
20_0_0     0.75839659  0.75839659  0.72734672  0.71230289  0.71230289  0.75839659  0.89775413  0.91720208  0.93718178  0.87881035  0.82475848  0.71230289  0.35452311  0.43143878  0.38242646  0.38242646  0.24458779  0.00000000  0.30172267  0.31026205  
13_0_0     0.74270676  0.74270676  0.65504559  0.84233527  0.86034526  0.84233527  0.86034526  0.87881035  0.86034526  0.87881035  0.72734672  0.84233527  0.33649574  0.32764612  0.33649574  0.35452311  0.23677846  0.30172267  0.00000000  0.02864400  
19_0_0     0.74270676  0.68311361  0.68311361  0.79082450  0.82475848  0.80759454  0.87881035  0.89775413  0.79082450  0.80759454  0.75839659  0.80759454  0.35452311  0.32764612  0.35452311  0.37300646  0.19893660  0.31026205  0.02864400  0.00000000  

