20
16_0_0     0.00000000  0.29931500  0.29125230  0.42286497  0.34711976  0.30746722  0.29752382  0.28777558  0.33007988  0.34309629  0.30119719  0.65193102  0.65193102  0.65193102  0.63352626  0.56605250  0.58208120  0.56605250  0.76394622  0.77949592  
6_0_0      0.29931500  0.00000000  0.29752382  0.39234884  0.37573293  0.35578938  0.36683703  0.37813602  0.29582370  0.31761377  0.30746722  0.64088396  0.64088396  0.64088396  0.65928362  0.58945218  0.60601132  0.62314164  0.77115082  0.78680750  
20_0_0     0.29125230  0.29752382  0.00000000  0.41967520  0.38969805  0.35804679  0.32596148  0.33642796  0.30746722  0.29931500  0.28946942  0.57766043  0.57766043  0.57766043  0.59395003  0.61079206  0.59395003  0.57766043  0.85812613  0.87614130  
15_0_0     0.42286497  0.39234884  0.41967520  0.00000000  0.13564807  0.12173675  0.12904933  0.13647117  0.09408922  0.14400561  0.14400561  0.64479772  0.64479772  0.64479772  0.66391631  0.60863607  0.62638786  0.64479772  0.63201784  0.64479772  
5_0_0      0.34711976  0.37573293  0.38969805  0.13564807  0.00000000  0.08583148  0.07920281  0.08583148  0.09986231  0.14984263  0.13488803  0.61577921  0.61577921  0.61577921  0.63352626  0.58208120  0.59864447  0.61577921  0.63904884  0.65193102  
10_0_0     0.30746722  0.35578938  0.35804679  0.12173675  0.08583148  0.00000000  0.01744569  0.02339980  0.10042364  0.12828167  0.11386875  0.63904884  0.63904884  0.63904884  0.65780373  0.60353865  0.62097646  0.63904884  0.62638786  0.63904884  
4_0_0      0.29752382  0.36683703  0.32596148  0.12904933  0.07920281  0.01744569  0.00000000  0.00574741  0.09351778  0.13564807  0.10681616  0.62097646  0.62097646  0.62097646  0.63904884  0.58669236  0.60353865  0.58669236  0.64479772  0.65780373  
12_0_0     0.28777558  0.37813602  0.33642796  0.13647117  0.08583148  0.02339980  0.00574741  0.00000000  0.10042364  0.14312536  0.11386875  0.60353865  0.60353865  0.60353865  0.62097646  0.57039876  0.58669236  0.57039876  0.66391631  0.67729470  
19_0_0     0.33007988  0.29582370  0.30746722  0.09408922  0.09986231  0.10042364  0.09351778  0.10042364  0.00000000  0.08670662  0.08670662  0.52830556  0.52830556  0.52830556  0.54336576  0.49948954  0.51368860  0.52830556  0.61394055  0.62638786  
11_0_0     0.34309629  0.31761377  0.29931500  0.14400561  0.14984263  0.12828167  0.13564807  0.14312536  0.08670662  0.00000000  0.02339980  0.54757024  0.54757024  0.54757024  0.56335000  0.51743948  0.53227641  0.54757024  0.60169974  0.61394055  
17_0_0     0.30119719  0.30746722  0.28946942  0.14400561  0.13488803  0.11386875  0.10681616  0.11386875  0.08670662  0.02339980  0.00000000  0.57964759  0.57964759  0.57964759  0.59649816  0.54757024  0.56335000  0.54757024  0.63787124  0.65077802  
13_0_0     0.65193102  0.64088396  0.57766043  0.64479772  0.61577921  0.63904884  0.62097646  0.60353865  0.52830556  0.54757024  0.57964759  0.00000000  0.00000000  0.00000000  0.00574741  0.04795678  0.04170277  0.04795678  0.16526152  0.17216284  
9_0_0      0.65193102  0.64088396  0.57766043  0.64479772  0.61577921  0.63904884  0.62097646  0.60353865  0.52830556  0.54757024  0.57964759  0.00000000  0.00000000  0.00000000  0.00574741  0.04795678  0.04170277  0.04795678  0.16526152  0.17216284  
14_0_0     0.65193102  0.64088396  0.57766043  0.64479772  0.61577921  0.63904884  0.62097646  0.60353865  0.52830556  0.54757024  0.57964759  0.00000000  0.00000000  0.00000000  0.00574741  0.04795678  0.04170277  0.04795678  0.16526152  0.17216284  
7_0_0      0.63352626  0.65928362  0.59395003  0.66391631  0.63352626  0.65780373  0.63904884  0.62097646  0.54336576  0.56335000  0.59649816  0.00574741  0.00574741  0.00574741  0.00000000  0.05429054  0.04795678  0.05429054  0.17315426  0.18011832  
3_0_0      0.56605250  0.58945218  0.61079206  0.60863607  0.58208120  0.60353865  0.58669236  0.57039876  0.49948954  0.51743948  0.54757024  0.04795678  0.04795678  0.04795678  0.05429054  0.00000000  0.00574741  0.02339980  0.18117445  0.18820330  
2_0_0      0.58208120  0.60601132  0.59395003  0.62638786  0.59864447  0.62097646  0.60353865  0.58669236  0.51368860  0.53227641  0.56335000  0.04170277  0.04170277  0.04170277  0.04795678  0.00574741  0.00000000  0.01744569  0.17315426  0.18011832  
1_0_0      0.56605250  0.62314164  0.57766043  0.64479772  0.61577921  0.63904884  0.58669236  0.57039876  0.52830556  0.54757024  0.54757024  0.04795678  0.04795678  0.04795678  0.05429054  0.02339980  0.01744569  0.00000000  0.18117445  0.18820330  
18_0_0     0.76394622  0.77115082  0.85812613  0.63201784  0.63904884  0.62638786  0.64479772  0.66391631  0.61394055  0.60169974  0.63787124  0.16526152  0.16526152  0.16526152  0.17315426  0.18117445  0.17315426  0.18117445  0.00000000  0.00573921  
8_0_0      0.77949592  0.78680750  0.87614130  0.64479772  0.65193102  0.63904884  0.65780373  0.67729470  0.62638786  0.61394055  0.65077802  0.17216284  0.17216284  0.17216284  0.18011832  0.18820330  0.18011832  0.18820330  0.00573921  0.00000000  

