20
16_0_0     0.00000000  0.23805480  0.39441000  0.33048125  0.37544482  0.39851372  0.39851372  0.38684573  0.32205421  0.30220359  0.32035558  0.84842265  0.84842265  0.87738803  0.77911593  0.82104951  0.79510265  0.77911593  0.79510265  0.77044076  
6_0_0      0.23805480  0.00000000  0.29688194  0.25578469  0.29406797  0.29406797  0.29406797  0.30379880  0.28452361  0.27515870  0.29256728  0.77911593  0.77911593  0.75504756  0.73997994  0.75504756  0.77911593  0.71753641  0.77911593  0.75504756  
20_0_0     0.39441000  0.29688194  0.00000000  0.36890727  0.30726793  0.32773282  0.32773282  0.33828947  0.38290666  0.39471466  0.34685767  0.62402786  0.62402786  0.64268879  0.59391496  0.62402786  0.64268879  0.62990331  0.55567689  0.60604087  
15_0_0     0.33048125  0.25578469  0.36890727  0.00000000  0.08668719  0.07334491  0.07334491  0.07997138  0.06035072  0.18109149  0.19633008  0.80440661  0.80440661  0.83105044  0.81410194  0.75504756  0.77911593  0.76348268  0.80440661  0.77911593  
5_0_0      0.37544482  0.29406797  0.30726793  0.08668719  0.00000000  0.04794997  0.04794997  0.05428178  0.10101249  0.19876529  0.21449249  0.87045347  0.87045347  0.84148122  0.88220627  0.93400334  0.96910245  0.88220627  0.71753641  0.69606070  
10_0_0     0.39851372  0.29406797  0.32773282  0.07334491  0.04794997  0.00000000  0.00000000  0.00574732  0.08720757  0.19876529  0.21449249  0.87045347  0.87045347  0.84148122  0.88220627  0.87045347  0.90121558  0.88220627  0.71753641  0.69606070  
4_0_0      0.39851372  0.29406797  0.32773282  0.07334491  0.04794997  0.00000000  0.00000000  0.00574732  0.08720757  0.19876529  0.21449249  0.87045347  0.87045347  0.84148122  0.88220627  0.87045347  0.90121558  0.88220627  0.71753641  0.69606070  
12_0_0     0.38684573  0.30379880  0.33828947  0.07997138  0.05428178  0.00574732  0.00574732  0.00000000  0.09406220  0.19041769  0.22320484  0.90121558  0.90121558  0.87045347  0.91395304  0.90121558  0.93400334  0.91395304  0.73997994  0.71753641  
19_0_0     0.32205421  0.28452361  0.38290666  0.06035072  0.10101249  0.08720757  0.08720757  0.09406220  0.00000000  0.15065747  0.16519501  0.78814956  0.78814956  0.81410194  0.79755612  0.73997994  0.76348268  0.74818708  0.78814956  0.76348268  
11_0_0     0.30220359  0.27515870  0.39471466  0.18109149  0.19876529  0.19876529  0.19876529  0.19041769  0.15065747  0.00000000  0.03533713  0.76348268  0.76348268  0.73997994  0.77226019  0.71753641  0.73997994  0.72522400  0.67547278  0.69606070  
17_0_0     0.32035558  0.29256728  0.34685767  0.19633008  0.21449249  0.21449249  0.21449249  0.22320484  0.16519501  0.03533713  0.00000000  0.73208880  0.73208880  0.71014181  0.73997994  0.68912118  0.71014181  0.69606070  0.64956758  0.66895186  
13_0_0     0.84842265  0.77911593  0.62402786  0.80440661  0.87045347  0.87045347  0.87045347  0.90121558  0.78814956  0.76348268  0.73208880  0.00000000  0.00000000  0.00574732  0.01736826  0.05372996  0.06647444  0.04147376  0.18220768  0.20725518  
9_0_0      0.84842265  0.77911593  0.62402786  0.80440661  0.87045347  0.87045347  0.87045347  0.90121558  0.78814956  0.76348268  0.73208880  0.00000000  0.00000000  0.00574732  0.01736826  0.05372996  0.06647444  0.04147376  0.18220768  0.20725518  
14_0_0     0.87738803  0.75504756  0.64268879  0.83105044  0.84148122  0.84148122  0.84148122  0.87045347  0.81410194  0.73997994  0.71014181  0.00574732  0.00574732  0.00000000  0.02328615  0.06006144  0.07297108  0.04768693  0.17413080  0.19876529  
7_0_0      0.77911593  0.73997994  0.59391496  0.81410194  0.88220627  0.88220627  0.88220627  0.91395304  0.79755612  0.77226019  0.73997994  0.01736826  0.01736826  0.02328615  0.00000000  0.04768693  0.06035072  0.03552283  0.15935186  0.18339254  
3_0_0      0.82104951  0.75504756  0.62402786  0.75504756  0.93400334  0.87045347  0.87045347  0.90121558  0.73997994  0.71753641  0.68912118  0.05372996  0.05372996  0.06006144  0.04768693  0.00000000  0.01156172  0.01151986  0.20725518  0.23362925  
2_0_0      0.79510265  0.77911593  0.64268879  0.77911593  0.96910245  0.90121558  0.90121558  0.93400334  0.76348268  0.73997994  0.71014181  0.06647444  0.06647444  0.07297108  0.06035072  0.01156172  0.00000000  0.02328615  0.22468183  0.25202121  
1_0_0      0.77911593  0.71753641  0.62990331  0.76348268  0.88220627  0.88220627  0.88220627  0.91395304  0.74818708  0.72522400  0.69606070  0.04147376  0.04147376  0.04768693  0.03552283  0.01151986  0.02328615  0.00000000  0.19167106  0.21736563  
18_0_0     0.79510265  0.77911593  0.55567689  0.80440661  0.71753641  0.71753641  0.71753641  0.73997994  0.78814956  0.67547278  0.64956758  0.18220768  0.18220768  0.17413080  0.15935186  0.20725518  0.22468183  0.19167106  0.00000000  0.01744481  
8_0_0      0.77044076  0.75504756  0.60604087  0.77911593  0.69606070  0.69606070  0.69606070  0.71753641  0.76348268  0.69606070  0.66895186  0.20725518  0.20725518  0.19876529  0.18339254  0.23362925  0.25202121  0.21736563  0.01744481  0.00000000  

