20
16_0_0     0.00000000  0.28127185  0.27298375  0.37909844  0.32415402  0.28965316  0.28127185  0.27298375  0.30670396  0.31537791  0.28127185  0.57343123  0.57343123  0.57343123  0.56119755  0.51417729  0.52565717  0.51417729  0.63780647  0.65137676  
6_0_0      0.28127185  0.00000000  0.28127185  0.36032992  0.35111999  0.33303470  0.34202249  0.35111999  0.28127185  0.29812979  0.28965316  0.57343123  0.57343123  0.57343123  0.58586909  0.53731665  0.54916145  0.56119755  0.65137676  0.66519873  
20_0_0     0.27298375  0.28127185  0.00000000  0.37909844  0.36032992  0.33303470  0.30670396  0.31537791  0.28965316  0.28127185  0.27298375  0.52565717  0.52565717  0.52565717  0.53731665  0.54916145  0.53731665  0.52565717  0.69363636  0.70827273  
15_0_0     0.37909844  0.36032992  0.37909844  0.00000000  0.13084209  0.11734312  0.12406204  0.13084209  0.09105729  0.13768438  0.13768438  0.56119755  0.56119755  0.56119755  0.57343123  0.53731665  0.54916145  0.56119755  0.54916145  0.56119755  
5_0_0      0.32415402  0.35111999  0.36032992  0.13084209  0.00000000  0.08462819  0.07825407  0.08462819  0.09754234  0.14459008  0.13084209  0.54916145  0.54916145  0.54916145  0.56119755  0.52565717  0.53731665  0.54916145  0.56119755  0.57343123  
10_0_0     0.28965316  0.33303470  0.33303470  0.11734312  0.08462819  0.00000000  0.01734310  0.02321500  0.09754234  0.12406204  0.11068424  0.56119755  0.56119755  0.56119755  0.57343123  0.53731665  0.54916145  0.56119755  0.54916145  0.56119755  
4_0_0      0.28127185  0.34202249  0.30670396  0.12406204  0.07825407  0.01734310  0.00000000  0.00573631  0.09105729  0.13084209  0.10408432  0.54916145  0.54916145  0.54916145  0.56119755  0.52565717  0.53731665  0.52565717  0.56119755  0.57343123  
12_0_0     0.27298375  0.35111999  0.31537791  0.13084209  0.08462819  0.02321500  0.00573631  0.00000000  0.09754234  0.13768438  0.11068424  0.53731665  0.53731665  0.53731665  0.54916145  0.51417729  0.52565717  0.51417729  0.57343123  0.58586909  
19_0_0     0.30670396  0.28127185  0.28965316  0.09105729  0.09754234  0.09754234  0.09105729  0.09754234  0.00000000  0.08462819  0.08462819  0.48076200  0.48076200  0.48076200  0.49173480  0.45928951  0.46994842  0.48076200  0.53731665  0.54916145  
11_0_0     0.31537791  0.29812979  0.28127185  0.13768438  0.14459008  0.12406204  0.13084209  0.13768438  0.08462819  0.00000000  0.02321500  0.49173480  0.49173480  0.49173480  0.50287157  0.46994842  0.48076200  0.49173480  0.52565717  0.53731665  
17_0_0     0.28127185  0.28965316  0.27298375  0.13768438  0.13084209  0.11068424  0.10408432  0.11068424  0.08462819  0.02321500  0.00000000  0.51417729  0.51417729  0.51417729  0.52565717  0.49173480  0.50287157  0.49173480  0.54916145  0.56119755  
13_0_0     0.57343123  0.57343123  0.52565717  0.56119755  0.54916145  0.56119755  0.54916145  0.53731665  0.48076200  0.49173480  0.51417729  0.00000000  0.00000000  0.00000000  0.00573631  0.04717646  0.04111348  0.04717646  0.15859646  0.16569961  
9_0_0      0.57343123  0.57343123  0.52565717  0.56119755  0.54916145  0.56119755  0.54916145  0.53731665  0.48076200  0.49173480  0.51417729  0.00000000  0.00000000  0.00000000  0.00573631  0.04717646  0.04111348  0.04717646  0.15859646  0.16569961  
14_0_0     0.57343123  0.57343123  0.52565717  0.56119755  0.54916145  0.56119755  0.54916145  0.53731665  0.48076200  0.49173480  0.51417729  0.00000000  0.00000000  0.00000000  0.00573631  0.04717646  0.04111348  0.04717646  0.15859646  0.16569961  
7_0_0      0.56119755  0.58586909  0.53731665  0.57343123  0.56119755  0.57343123  0.56119755  0.54916145  0.49173480  0.50287157  0.52565717  0.00573631  0.00573631  0.00573631  0.00000000  0.05328917  0.04717646  0.05328917  0.16569961  0.17287113  
3_0_0      0.51417729  0.53731665  0.54916145  0.53731665  0.52565717  0.53731665  0.52565717  0.51417729  0.45928951  0.46994842  0.49173480  0.04717646  0.04717646  0.04717646  0.05328917  0.00000000  0.00573631  0.02321500  0.17287113  0.18011232  
2_0_0      0.52565717  0.54916145  0.53731665  0.54916145  0.53731665  0.54916145  0.53731665  0.52565717  0.46994842  0.48076200  0.50287157  0.04111348  0.04111348  0.04111348  0.04717646  0.00573631  0.00000000  0.01734310  0.16569961  0.17287113  
1_0_0      0.51417729  0.56119755  0.52565717  0.56119755  0.54916145  0.56119755  0.52565717  0.51417729  0.48076200  0.49173480  0.49173480  0.04717646  0.04717646  0.04717646  0.05328917  0.02321500  0.01734310  0.00000000  0.17287113  0.18011232  
18_0_0     0.63780647  0.65137676  0.69363636  0.54916145  0.56119755  0.54916145  0.56119755  0.57343123  0.53731665  0.52565717  0.54916145  0.15859646  0.15859646  0.15859646  0.16569961  0.17287113  0.16569961  0.17287113  0.00000000  0.00573631  
8_0_0      0.65137676  0.66519873  0.70827273  0.56119755  0.57343123  0.56119755  0.57343123  0.58586909  0.54916145  0.53731665  0.56119755  0.16569961  0.16569961  0.16569961  0.17287113  0.18011232  0.17287113  0.18011232  0.00573631  0.00000000  

