124
92_0_0     0.00000000  0.12437098  0.11936856  0.12437098  0.12437098  0.12940773  0.14472867  0.14472867  0.16037618  0.14990754  0.24404510  0.17636447  0.18177222  0.20942514  0.19823867  0.17636447  0.19823867  0.27419691  0.22653107  0.29290089  0.52057957  0.51201889  0.54687734  0.54687734  0.47065176  0.52924125  0.52924125  0.43915842  0.47065176  0.51201889  0.52057957  0.56494755  0.54687734  0.51201889  0.52057957  0.53800634  0.48691999  0.47874081  0.49519131  0.48691999  0.49519131  0.47874081  0.43149174  0.44690600  0.49519131  0.43149174  0.55585685  0.51201889  0.51201889  0.52057957  0.50355689  0.49519131  0.52057957  0.47065176  0.50355689  0.55585685  0.55585685  0.46265087  0.48691999  0.50355689  0.48691999  0.46265087  0.57415223  0.48691999  0.52057957  0.50355689  0.41639446  0.42390429  0.43149174  0.39431518  0.48691999  0.49519131  0.52924125  0.44690600  0.47065176  0.46265087  0.46265087  0.45473623  0.45473623  0.51201889  0.39431518  0.37995613  0.38710055  0.43915842  0.44690600  0.41639446  0.43915842  0.39431518  0.41639446  0.37995613  0.42390429  0.43915842  0.43915842  0.42390429  0.48691999  0.47065176  0.48691999  0.48691999  0.45473623  0.41639446  0.53800634  0.52924125  0.54687734  0.55585685  0.46265087  0.49519131  0.45473623  0.44690600  0.52924125  0.52057957  0.44690600  0.44690600  0.45473623  0.46265087  0.45473623  0.44690600  0.47874081  0.46265087  0.47065176  0.44690600  0.44690600  0.45473623  0.44690600  0.46265087  
79_0_0     0.12437098  0.00000000  0.13447927  0.13958609  0.15512320  0.16566702  0.18177222  0.18177222  0.17636447  0.17636447  0.26806667  0.20381060  0.22078469  0.24404510  0.23232278  0.21508294  0.24997721  0.26806667  0.21508294  0.29924296  0.51201889  0.54687734  0.57415223  0.54687734  0.54687734  0.56494755  0.57415223  0.51201889  0.56494755  0.51201889  0.48691999  0.53800634  0.56494755  0.50355689  0.46265087  0.51201889  0.52057957  0.51201889  0.49519131  0.47874081  0.43915842  0.43915842  0.43149174  0.43149174  0.49519131  0.44690600  0.58347378  0.52057957  0.52057957  0.49519131  0.54687734  0.49519131  0.52924125  0.50355689  0.55585685  0.57415223  0.57415223  0.49519131  0.50355689  0.52057957  0.53800634  0.49519131  0.61217034  0.46265087  0.57415223  0.55585685  0.49519131  0.50355689  0.52924125  0.45473623  0.48691999  0.47874081  0.50355689  0.43149174  0.45473623  0.45473623  0.45473623  0.44690600  0.44690600  0.47874081  0.40160140  0.41639446  0.40896067  0.37995613  0.38710055  0.43915842  0.43149174  0.40896067  0.40896067  0.41639446  0.43149174  0.44690600  0.47874081  0.46265087  0.47874081  0.47874081  0.47874081  0.46265087  0.51201889  0.45473623  0.54687734  0.53800634  0.52057957  0.53800634  0.47874081  0.49519131  0.45473623  0.46265087  0.52924125  0.52057957  0.43915842  0.51201889  0.48691999  0.46265087  0.47065176  0.44690600  0.47874081  0.44690600  0.45473623  0.44690600  0.44690600  0.45473623  0.43915842  0.43915842  
95_0_0     0.11936856  0.13447927  0.00000000  0.09004936  0.10456261  0.12437098  0.15512320  0.15512320  0.18177222  0.16037618  0.28661314  0.18177222  0.19823867  0.21508294  0.21508294  0.19823867  0.22078469  0.24404510  0.19823867  0.28037878  0.46265087  0.49519131  0.55585685  0.54687734  0.53800634  0.55585685  0.54687734  0.50355689  0.53800634  0.50355689  0.47874081  0.53800634  0.52057957  0.48691999  0.47874081  0.54687734  0.49519131  0.47065176  0.47874081  0.48691999  0.44690600  0.43149174  0.41639446  0.42390429  0.47065176  0.47065176  0.56494755  0.51201889  0.49519131  0.51201889  0.54687734  0.47874081  0.46265087  0.40896067  0.45473623  0.48691999  0.50355689  0.52924125  0.52057957  0.53800634  0.49519131  0.51201889  0.62199066  0.47065176  0.53800634  0.53800634  0.44690600  0.45473623  0.44690600  0.43149174  0.50355689  0.48691999  0.52924125  0.42390429  0.41639446  0.40896067  0.40896067  0.40160140  0.40160140  0.43915842  0.43915842  0.47065176  0.44690600  0.40160140  0.40160140  0.46265087  0.45473623  0.42390429  0.44690600  0.43915842  0.44690600  0.46265087  0.45473623  0.45473623  0.49519131  0.49519131  0.51201889  0.47874081  0.48691999  0.41639446  0.50355689  0.49519131  0.51201889  0.53800634  0.47874081  0.51201889  0.44690600  0.45473623  0.51201889  0.50355689  0.40896067  0.48691999  0.44690600  0.38710055  0.39431518  0.37288058  0.37995613  0.38710055  0.39431518  0.37288058  0.37288058  0.47874081  0.45473623  0.42390429  
64_0_0     0.12437098  0.13958609  0.09004936  0.00000000  0.01282321  0.03027684  0.14990754  0.14990754  0.16037618  0.13958609  0.26806667  0.19270872  0.18722011  0.19270872  0.20381060  0.20381060  0.21508294  0.24997721  0.18722011  0.29290089  0.48691999  0.49519131  0.50355689  0.49519131  0.47065176  0.49519131  0.49519131  0.48691999  0.52057957  0.52057957  0.51201889  0.55585685  0.50355689  0.52057957  0.48691999  0.55585685  0.48691999  0.47874081  0.48691999  0.44690600  0.45473623  0.43915842  0.40896067  0.43149174  0.44690600  0.42390429  0.56494755  0.50355689  0.50355689  0.54687734  0.60247966  0.47874081  0.43915842  0.43149174  0.47874081  0.49519131  0.48691999  0.52057957  0.54687734  0.56494755  0.53800634  0.52057957  0.60247966  0.42390429  0.50355689  0.48691999  0.41639446  0.40896067  0.43149174  0.39431518  0.48691999  0.48691999  0.54687734  0.43915842  0.41639446  0.42390429  0.42390429  0.40160140  0.40160140  0.47065176  0.43149174  0.43149174  0.43915842  0.42390429  0.42390429  0.48691999  0.46265087  0.43149174  0.47065176  0.43149174  0.45473623  0.45473623  0.47874081  0.46265087  0.51201889  0.51201889  0.52924125  0.49519131  0.47065176  0.47065176  0.52924125  0.52057957  0.55585685  0.56494755  0.48691999  0.50355689  0.45473623  0.44690600  0.50355689  0.51201889  0.40160140  0.49519131  0.47065176  0.42390429  0.42390429  0.40896067  0.40896067  0.40896067  0.41639446  0.40896067  0.40896067  0.52057957  0.45473623  0.45473623  
93_0_0     0.12437098  0.15512320  0.10456261  0.01282321  0.00000000  0.03027684  0.14472867  0.14472867  0.17636447  0.15512320  0.28037878  0.20381060  0.18722011  0.19270872  0.20381060  0.19270872  0.20381060  0.24997721  0.18722011  0.29290089  0.48691999  0.50355689  0.49519131  0.47874081  0.45473623  0.48691999  0.48691999  0.47065176  0.50355689  0.52924125  0.52057957  0.54687734  0.49519131  0.51201889  0.47874081  0.54687734  0.47874081  0.47065176  0.47874081  0.45473623  0.47874081  0.46265087  0.41639446  0.45473623  0.45473623  0.43149174  0.56494755  0.50355689  0.50355689  0.55585685  0.61217034  0.48691999  0.43149174  0.43915842  0.47874081  0.50355689  0.49519131  0.52057957  0.54687734  0.56494755  0.53800634  0.52057957  0.58347378  0.43149174  0.48691999  0.47874081  0.43149174  0.42390429  0.45473623  0.40160140  0.50355689  0.50355689  0.54687734  0.44690600  0.40896067  0.43149174  0.43149174  0.40896067  0.40896067  0.47874081  0.43149174  0.41639446  0.43915842  0.43915842  0.43915842  0.48691999  0.46265087  0.41639446  0.47065176  0.41639446  0.45473623  0.45473623  0.46265087  0.46265087  0.51201889  0.49519131  0.51201889  0.49519131  0.47065176  0.47065176  0.52057957  0.51201889  0.54687734  0.55585685  0.49519131  0.51201889  0.44690600  0.43915842  0.50355689  0.51201889  0.40160140  0.47874081  0.47065176  0.41639446  0.41639446  0.41639446  0.40160140  0.41639446  0.42390429  0.40160140  0.40160140  0.52924125  0.46265087  0.46265087  
81_0_0     0.12940773  0.16566702  0.12437098  0.03027684  0.03027684  0.00000000  0.15512320  0.15512320  0.17636447  0.16566702  0.26806667  0.18722011  0.17099626  0.19823867  0.19823867  0.19823867  0.20942514  0.24404510  0.19270872  0.28661314  0.49519131  0.48691999  0.52057957  0.49519131  0.48691999  0.49519131  0.51201889  0.48691999  0.52057957  0.50355689  0.51201889  0.53800634  0.50355689  0.50355689  0.47065176  0.53800634  0.47065176  0.47874081  0.48691999  0.46265087  0.47065176  0.45473623  0.40896067  0.44690600  0.46265087  0.42390429  0.55585685  0.51201889  0.51201889  0.57415223  0.61217034  0.50355689  0.43915842  0.45473623  0.48691999  0.52057957  0.51201889  0.51201889  0.53800634  0.55585685  0.52924125  0.49519131  0.59291522  0.44690600  0.51201889  0.51201889  0.45473623  0.44690600  0.47065176  0.43149174  0.50355689  0.47874081  0.52057957  0.46265087  0.43915842  0.44690600  0.44690600  0.42390429  0.42390429  0.51201889  0.40896067  0.40896067  0.41639446  0.41639446  0.41639446  0.47874081  0.47065176  0.42390429  0.46265087  0.40896067  0.44690600  0.44690600  0.45473623  0.43915842  0.52057957  0.50355689  0.52057957  0.50355689  0.47065176  0.47065176  0.52924125  0.52057957  0.53800634  0.54687734  0.49519131  0.51201889  0.46265087  0.47065176  0.49519131  0.52057957  0.40896067  0.45473623  0.46265087  0.44690600  0.44690600  0.43149174  0.43149174  0.44690600  0.45473623  0.43149174  0.43149174  0.52924125  0.46265087  0.46265087  
67_0_0     0.14472867  0.18177222  0.15512320  0.14990754  0.14472867  0.15512320  0.00000000  0.00000000  0.07581747  0.06648054  0.26198719  0.22653107  0.22078469  0.23816055  0.22653107  0.22653107  0.22653107  0.23232278  0.19823867  0.28037878  0.52924125  0.50355689  0.52057957  0.56494755  0.53800634  0.51201889  0.58347378  0.49519131  0.56494755  0.55585685  0.53800634  0.52924125  0.54687734  0.53800634  0.49519131  0.53800634  0.47874081  0.44690600  0.55585685  0.52924125  0.50355689  0.50355689  0.47065176  0.51201889  0.51201889  0.47065176  0.54687734  0.51201889  0.49519131  0.56494755  0.58347378  0.55585685  0.50355689  0.47065176  0.52057957  0.53800634  0.55585685  0.52057957  0.52924125  0.54687734  0.48691999  0.50355689  0.53800634  0.47874081  0.54687734  0.51201889  0.47065176  0.47874081  0.48691999  0.46265087  0.52057957  0.48691999  0.54687734  0.40160140  0.40896067  0.38710055  0.38710055  0.39431518  0.39431518  0.46265087  0.42390429  0.40896067  0.41639446  0.42390429  0.43149174  0.43149174  0.43915842  0.37995613  0.40896067  0.37995613  0.42390429  0.43915842  0.40896067  0.40896067  0.52057957  0.52057957  0.52057957  0.50355689  0.52057957  0.51201889  0.47874081  0.48691999  0.45473623  0.47874081  0.49519131  0.51201889  0.47874081  0.48691999  0.48691999  0.49519131  0.44690600  0.49519131  0.48691999  0.40896067  0.41639446  0.40896067  0.40896067  0.43149174  0.42390429  0.40160140  0.40160140  0.43149174  0.45473623  0.45473623  
72_0_0     0.14472867  0.18177222  0.15512320  0.14990754  0.14472867  0.15512320  0.00000000  0.00000000  0.07581747  0.06648054  0.26198719  0.22653107  0.22078469  0.23816055  0.22653107  0.22653107  0.22653107  0.23232278  0.19823867  0.28037878  0.52924125  0.50355689  0.52057957  0.56494755  0.53800634  0.51201889  0.58347378  0.49519131  0.56494755  0.55585685  0.53800634  0.52924125  0.54687734  0.53800634  0.49519131  0.53800634  0.47874081  0.44690600  0.55585685  0.52924125  0.50355689  0.50355689  0.47065176  0.51201889  0.51201889  0.47065176  0.54687734  0.51201889  0.49519131  0.56494755  0.58347378  0.55585685  0.50355689  0.47065176  0.52057957  0.53800634  0.55585685  0.52057957  0.52924125  0.54687734  0.48691999  0.50355689  0.53800634  0.47874081  0.54687734  0.51201889  0.47065176  0.47874081  0.48691999  0.46265087  0.52057957  0.48691999  0.54687734  0.40160140  0.40896067  0.38710055  0.38710055  0.39431518  0.39431518  0.46265087  0.42390429  0.40896067  0.41639446  0.42390429  0.43149174  0.43149174  0.43915842  0.37995613  0.40896067  0.37995613  0.42390429  0.43915842  0.40896067  0.40896067  0.52057957  0.52057957  0.52057957  0.50355689  0.52057957  0.51201889  0.47874081  0.48691999  0.45473623  0.47874081  0.49519131  0.51201889  0.47874081  0.48691999  0.48691999  0.49519131  0.44690600  0.49519131  0.48691999  0.40896067  0.41639446  0.40896067  0.40896067  0.43149174  0.42390429  0.40160140  0.40160140  0.43149174  0.45473623  0.45473623  
62_0_0     0.16037618  0.17636447  0.18177222  0.16037618  0.17636447  0.17636447  0.07581747  0.07581747  0.00000000  0.01714787  0.27419691  0.24404510  0.24997721  0.28037878  0.26806667  0.26198719  0.29290089  0.26806667  0.23232278  0.31860469  0.52924125  0.52924125  0.57415223  0.64203439  0.59291522  0.56494755  0.60247966  0.57415223  0.57415223  0.52057957  0.53800634  0.56494755  0.58347378  0.59291522  0.50355689  0.52057957  0.51201889  0.49519131  0.53800634  0.52057957  0.46265087  0.46265087  0.44690600  0.47874081  0.47874081  0.43915842  0.57415223  0.48691999  0.50355689  0.61217034  0.63194412  0.53800634  0.53800634  0.51201889  0.54687734  0.56494755  0.54687734  0.50355689  0.51201889  0.52924125  0.56494755  0.50355689  0.59291522  0.44690600  0.56494755  0.52924125  0.47065176  0.47874081  0.51201889  0.49519131  0.47874081  0.47065176  0.57415223  0.42390429  0.47065176  0.41639446  0.41639446  0.40896067  0.40896067  0.51201889  0.40896067  0.40896067  0.40160140  0.40896067  0.41639446  0.44690600  0.43915842  0.43149174  0.42390429  0.42390429  0.43915842  0.45473623  0.45473623  0.43915842  0.53800634  0.55585685  0.55585685  0.52057957  0.50355689  0.51201889  0.52924125  0.52057957  0.48691999  0.49519131  0.54687734  0.56494755  0.52057957  0.52924125  0.52924125  0.50355689  0.42390429  0.54687734  0.52057957  0.45473623  0.43149174  0.43915842  0.47065176  0.43915842  0.44690600  0.43915842  0.43915842  0.44690600  0.45473623  0.48691999  
63_0_0     0.14990754  0.17636447  0.16037618  0.13958609  0.15512320  0.16566702  0.06648054  0.06648054  0.01714787  0.00000000  0.28661314  0.23232278  0.23816055  0.25595764  0.25595764  0.23816055  0.26806667  0.24404510  0.20942514  0.31860469  0.54687734  0.52924125  0.53800634  0.60247966  0.55585685  0.56494755  0.60247966  0.54687734  0.55585685  0.55585685  0.55585685  0.58347378  0.58347378  0.61217034  0.52057957  0.53800634  0.51201889  0.49519131  0.53800634  0.52924125  0.47065176  0.47065176  0.47065176  0.49519131  0.49519131  0.45473623  0.59291522  0.52057957  0.52057957  0.63194412  0.65226527  0.55585685  0.52057957  0.51201889  0.54687734  0.56494755  0.54687734  0.52057957  0.52924125  0.54687734  0.55585685  0.52057957  0.61217034  0.47874081  0.56494755  0.52924125  0.45473623  0.46265087  0.47874081  0.46265087  0.49519131  0.48691999  0.58347378  0.43149174  0.45473623  0.40160140  0.40160140  0.39431518  0.39431518  0.51201889  0.42390429  0.42390429  0.41639446  0.42390429  0.43149174  0.44690600  0.43915842  0.43149174  0.42390429  0.42390429  0.43915842  0.45473623  0.45473623  0.43915842  0.53800634  0.55585685  0.55585685  0.52057957  0.50355689  0.52924125  0.54687734  0.53800634  0.50355689  0.51201889  0.52924125  0.54687734  0.50355689  0.51201889  0.52924125  0.50355689  0.45473623  0.55585685  0.52924125  0.45473623  0.43149174  0.43915842  0.45473623  0.43915842  0.44690600  0.43915842  0.43915842  0.46265087  0.45473623  0.48691999  
69_0_0     0.24404510  0.26806667  0.28661314  0.26806667  0.28037878  0.26806667  0.26198719  0.26198719  0.27419691  0.28661314  0.00000000  0.23816055  0.22078469  0.20381060  0.21508294  0.19270872  0.22653107  0.26806667  0.21508294  0.30564030  0.52924125  0.50355689  0.55585685  0.57415223  0.52057957  0.55585685  0.55585685  0.52924125  0.54687734  0.51201889  0.48691999  0.52924125  0.52924125  0.52924125  0.50355689  0.53800634  0.48691999  0.52924125  0.55585685  0.59291522  0.56494755  0.52924125  0.49519131  0.51201889  0.53800634  0.52057957  0.49519131  0.47065176  0.48691999  0.62199066  0.61217034  0.55585685  0.55585685  0.54687734  0.56494755  0.58347378  0.58347378  0.52057957  0.52924125  0.54687734  0.55585685  0.54687734  0.53800634  0.54687734  0.54687734  0.52057957  0.51201889  0.50355689  0.55585685  0.56494755  0.59291522  0.47874081  0.50355689  0.46265087  0.47065176  0.47874081  0.47874081  0.47065176  0.47065176  0.52057957  0.47065176  0.48691999  0.46265087  0.41639446  0.40896067  0.47065176  0.48691999  0.46265087  0.49519131  0.46265087  0.47065176  0.47065176  0.47874081  0.47874081  0.50355689  0.52057957  0.53800634  0.50355689  0.54687734  0.57415223  0.60247966  0.61217034  0.58347378  0.59291522  0.48691999  0.47874081  0.47065176  0.51201889  0.50355689  0.48691999  0.48691999  0.53800634  0.52924125  0.49519131  0.50355689  0.47874081  0.51201889  0.49519131  0.48691999  0.50355689  0.50355689  0.44690600  0.47874081  0.49519131  
98_0_0     0.17636447  0.20381060  0.18177222  0.19270872  0.20381060  0.18722011  0.22653107  0.22653107  0.24404510  0.23232278  0.23816055  0.00000000  0.04815554  0.09969291  0.14472867  0.12940773  0.13958609  0.22653107  0.19270872  0.26806667  0.52924125  0.52924125  0.70567425  0.64203439  0.61217034  0.62199066  0.62199066  0.57415223  0.62199066  0.53800634  0.49519131  0.53800634  0.55585685  0.50355689  0.56494755  0.53800634  0.58347378  0.52924125  0.53800634  0.49519131  0.48691999  0.52057957  0.52057957  0.51201889  0.53800634  0.52057957  0.55585685  0.55585685  0.53800634  0.52057957  0.52057957  0.61217034  0.48691999  0.54687734  0.56494755  0.62199066  0.56494755  0.53800634  0.54687734  0.56494755  0.52057957  0.52057957  0.54687734  0.52057957  0.54687734  0.54687734  0.48691999  0.49519131  0.48691999  0.49519131  0.45473623  0.47874081  0.52924125  0.39431518  0.41639446  0.40896067  0.40896067  0.41639446  0.41639446  0.48691999  0.40160140  0.41639446  0.40896067  0.40160140  0.40896067  0.45473623  0.46265087  0.44690600  0.43915842  0.46265087  0.47874081  0.47874081  0.46265087  0.43149174  0.47874081  0.47874081  0.49519131  0.47874081  0.52057957  0.47065176  0.52924125  0.52057957  0.52057957  0.52924125  0.49519131  0.52924125  0.49519131  0.50355689  0.52057957  0.54687734  0.46265087  0.47874081  0.48691999  0.43149174  0.43915842  0.41639446  0.41639446  0.43149174  0.43915842  0.41639446  0.41639446  0.53800634  0.47874081  0.46265087  
86_0_0     0.18177222  0.22078469  0.19823867  0.18722011  0.18722011  0.17099626  0.22078469  0.22078469  0.24997721  0.23816055  0.22078469  0.04815554  0.00000000  0.07581747  0.09969291  0.11439999  0.10456261  0.20942514  0.16566702  0.26806667  0.53800634  0.47065176  0.61217034  0.59291522  0.54687734  0.55585685  0.57415223  0.51201889  0.59291522  0.49519131  0.50355689  0.49519131  0.51201889  0.47874081  0.50355689  0.49519131  0.53800634  0.50355689  0.51201889  0.45473623  0.46265087  0.47874081  0.47874081  0.50355689  0.49519131  0.47874081  0.52924125  0.56494755  0.54687734  0.49519131  0.52924125  0.54687734  0.46265087  0.48691999  0.50355689  0.55585685  0.52057957  0.50355689  0.52924125  0.54687734  0.48691999  0.50355689  0.57415223  0.52924125  0.47065176  0.47065176  0.46265087  0.47065176  0.47874081  0.45473623  0.47874081  0.45473623  0.49519131  0.38710055  0.40896067  0.38710055  0.38710055  0.40896067  0.40896067  0.48691999  0.42390429  0.42390429  0.43149174  0.40896067  0.41639446  0.47874081  0.48691999  0.45473623  0.44690600  0.47065176  0.48691999  0.48691999  0.47065176  0.43915842  0.52057957  0.50355689  0.52057957  0.50355689  0.52924125  0.49519131  0.53800634  0.54687734  0.54687734  0.55585685  0.45473623  0.48691999  0.45473623  0.46265087  0.51201889  0.53800634  0.45473623  0.45473623  0.46265087  0.42390429  0.43149174  0.40896067  0.40896067  0.45473623  0.44690600  0.40896067  0.40896067  0.49519131  0.45473623  0.43915842  
99_0_0     0.20942514  0.24404510  0.21508294  0.19270872  0.19270872  0.19823867  0.23816055  0.23816055  0.28037878  0.25595764  0.20381060  0.09969291  0.07581747  0.00000000  0.09485530  0.10946482  0.13958609  0.22653107  0.22653107  0.31209388  0.53800634  0.50355689  0.65226527  0.59291522  0.56494755  0.59291522  0.61217034  0.52924125  0.58347378  0.60247966  0.55585685  0.56494755  0.52924125  0.49519131  0.52057957  0.54687734  0.55585685  0.57415223  0.49519131  0.50355689  0.47874081  0.47874081  0.51201889  0.48691999  0.47874081  0.47874081  0.52924125  0.54687734  0.54687734  0.50355689  0.53800634  0.55585685  0.46265087  0.53800634  0.52057957  0.57415223  0.53800634  0.51201889  0.55585685  0.57415223  0.52924125  0.52924125  0.60247966  0.52057957  0.48691999  0.48691999  0.45473623  0.44690600  0.47065176  0.41639446  0.50355689  0.44690600  0.53800634  0.43149174  0.45473623  0.43149174  0.43149174  0.45473623  0.45473623  0.47065176  0.47065176  0.45473623  0.47874081  0.45473623  0.46265087  0.50355689  0.51201889  0.49519131  0.50355689  0.51201889  0.53800634  0.53800634  0.52924125  0.52924125  0.52057957  0.52057957  0.53800634  0.50355689  0.58347378  0.58347378  0.57415223  0.58347378  0.58347378  0.59291522  0.49519131  0.51201889  0.46265087  0.50355689  0.56494755  0.59291522  0.52924125  0.53800634  0.54687734  0.43915842  0.44690600  0.43915842  0.42390429  0.43915842  0.43149174  0.42390429  0.42390429  0.51201889  0.48691999  0.50355689  
83_0_0     0.19823867  0.23232278  0.21508294  0.20381060  0.20381060  0.19823867  0.22653107  0.22653107  0.26806667  0.25595764  0.21508294  0.14472867  0.09969291  0.09485530  0.00000000  0.13447927  0.14472867  0.23816055  0.22653107  0.32517375  0.59291522  0.48691999  0.62199066  0.56494755  0.57415223  0.54687734  0.62199066  0.50355689  0.59291522  0.57415223  0.56494755  0.57415223  0.55585685  0.50355689  0.49519131  0.54687734  0.51201889  0.51201889  0.51201889  0.51201889  0.48691999  0.48691999  0.50355689  0.47874081  0.50355689  0.48691999  0.57415223  0.56494755  0.54687734  0.48691999  0.55585685  0.60247966  0.48691999  0.45473623  0.45473623  0.48691999  0.48691999  0.46265087  0.51201889  0.52057957  0.49519131  0.49519131  0.53800634  0.51201889  0.48691999  0.49519131  0.47065176  0.46265087  0.51201889  0.48691999  0.49519131  0.44690600  0.50355689  0.40896067  0.44690600  0.40896067  0.40896067  0.43149174  0.43149174  0.49519131  0.51201889  0.49519131  0.50355689  0.46265087  0.47065176  0.51201889  0.50355689  0.45473623  0.46265087  0.50355689  0.48691999  0.50355689  0.52057957  0.48691999  0.54687734  0.52924125  0.54687734  0.52924125  0.52924125  0.50355689  0.56494755  0.57415223  0.55585685  0.58347378  0.47065176  0.47874081  0.41639446  0.45473623  0.55585685  0.56494755  0.51201889  0.50355689  0.49519131  0.43915842  0.44690600  0.42390429  0.42390429  0.45473623  0.44690600  0.42390429  0.42390429  0.51201889  0.52057957  0.52057957  
73_0_0     0.17636447  0.21508294  0.19823867  0.20381060  0.19270872  0.19823867  0.22653107  0.22653107  0.26198719  0.23816055  0.19270872  0.12940773  0.11439999  0.10946482  0.13447927  0.00000000  0.08053084  0.18177222  0.17099626  0.24997721  0.51201889  0.47874081  0.55585685  0.55585685  0.51201889  0.53800634  0.53800634  0.48691999  0.53800634  0.53800634  0.49519131  0.50355689  0.47065176  0.50355689  0.47874081  0.47874081  0.46265087  0.47065176  0.52924125  0.50355689  0.51201889  0.51201889  0.49519131  0.50355689  0.49519131  0.47874081  0.52057957  0.50355689  0.50355689  0.54687734  0.56494755  0.54687734  0.44690600  0.49519131  0.47874081  0.54687734  0.49519131  0.49519131  0.50355689  0.52057957  0.49519131  0.49519131  0.55585685  0.51201889  0.52924125  0.51201889  0.51201889  0.50355689  0.52924125  0.47065176  0.53800634  0.43915842  0.53800634  0.40896067  0.37288058  0.42390429  0.42390429  0.41639446  0.41639446  0.47065176  0.46265087  0.44690600  0.47065176  0.47874081  0.48691999  0.46265087  0.45473623  0.44690600  0.43149174  0.45473623  0.48691999  0.47065176  0.43915842  0.43915842  0.46265087  0.41639446  0.43149174  0.43149174  0.51201889  0.50355689  0.54687734  0.55585685  0.53800634  0.52924125  0.46265087  0.46265087  0.44690600  0.43915842  0.52924125  0.55585685  0.47065176  0.46265087  0.50355689  0.45473623  0.46265087  0.45473623  0.43915842  0.45473623  0.44690600  0.43915842  0.43915842  0.46265087  0.43915842  0.45473623  
68_0_0     0.19823867  0.24997721  0.22078469  0.21508294  0.20381060  0.20942514  0.22653107  0.22653107  0.29290089  0.26806667  0.22653107  0.13958609  0.10456261  0.13958609  0.14472867  0.08053084  0.00000000  0.22078469  0.18722011  0.27419691  0.54687734  0.47874081  0.52924125  0.52924125  0.50355689  0.51201889  0.54687734  0.47065176  0.54687734  0.48691999  0.46265087  0.47065176  0.45473623  0.43915842  0.46265087  0.44690600  0.44690600  0.45473623  0.47874081  0.52057957  0.49519131  0.49519131  0.46265087  0.50355689  0.47874081  0.47874081  0.50355689  0.50355689  0.48691999  0.52057957  0.53800634  0.54687734  0.43149174  0.47874081  0.51201889  0.54687734  0.52924125  0.48691999  0.47874081  0.49519131  0.43915842  0.45473623  0.50355689  0.49519131  0.47065176  0.45473623  0.47874081  0.47065176  0.49519131  0.47065176  0.52057957  0.43915842  0.51201889  0.37995613  0.40160140  0.39431518  0.39431518  0.40160140  0.40160140  0.44690600  0.47874081  0.46265087  0.48691999  0.47874081  0.48691999  0.47874081  0.47065176  0.43915842  0.43149174  0.45473623  0.48691999  0.47065176  0.43915842  0.42390429  0.49519131  0.44690600  0.46265087  0.46265087  0.47874081  0.47065176  0.56494755  0.57415223  0.55585685  0.56494755  0.42390429  0.43915842  0.43149174  0.45473623  0.52057957  0.52924125  0.44690600  0.44690600  0.47065176  0.45473623  0.44690600  0.45473623  0.45473623  0.47065176  0.46265087  0.43915842  0.43915842  0.47065176  0.43915842  0.42390429  
90_0_0     0.27419691  0.26806667  0.24404510  0.24997721  0.24997721  0.24404510  0.23232278  0.23232278  0.26806667  0.24404510  0.26806667  0.22653107  0.20942514  0.22653107  0.23816055  0.18177222  0.22078469  0.00000000  0.09004936  0.17636447  0.58347378  0.51201889  0.59291522  0.62199066  0.58347378  0.61217034  0.61217034  0.58347378  0.64203439  0.57415223  0.55585685  0.61217034  0.59291522  0.60247966  0.52057957  0.58347378  0.52924125  0.55585685  0.59291522  0.53800634  0.54687734  0.54687734  0.52057957  0.54687734  0.59291522  0.53800634  0.58347378  0.56494755  0.54687734  0.62199066  0.62199066  0.59291522  0.47065176  0.57415223  0.56494755  0.57415223  0.52924125  0.54687734  0.55585685  0.57415223  0.52924125  0.52924125  0.59291522  0.56494755  0.58347378  0.58347378  0.52057957  0.52924125  0.52057957  0.49519131  0.59291522  0.47065176  0.54687734  0.46265087  0.43915842  0.44690600  0.44690600  0.42390429  0.42390429  0.52057957  0.54687734  0.54687734  0.53800634  0.52057957  0.50355689  0.52057957  0.52924125  0.51201889  0.50355689  0.53800634  0.52057957  0.52057957  0.47874081  0.47874081  0.47874081  0.47874081  0.47874081  0.46265087  0.59291522  0.60247966  0.58347378  0.59291522  0.60247966  0.61217034  0.50355689  0.50355689  0.47065176  0.47874081  0.51201889  0.52057957  0.49519131  0.53800634  0.58347378  0.37995613  0.37288058  0.36587256  0.36587256  0.37995613  0.37288058  0.37995613  0.37995613  0.43915842  0.49519131  0.49519131  
88_0_0     0.22653107  0.21508294  0.19823867  0.18722011  0.18722011  0.19270872  0.19823867  0.19823867  0.23232278  0.20942514  0.21508294  0.19270872  0.16566702  0.22653107  0.22653107  0.17099626  0.18722011  0.09004936  0.00000000  0.14472867  0.56494755  0.53800634  0.53800634  0.53800634  0.50355689  0.54687734  0.52924125  0.52057957  0.59291522  0.51201889  0.49519131  0.51201889  0.54687734  0.55585685  0.51201889  0.53800634  0.51201889  0.51201889  0.58347378  0.54687734  0.55585685  0.53800634  0.51201889  0.55585685  0.56494755  0.51201889  0.54687734  0.51201889  0.49519131  0.63194412  0.67316496  0.56494755  0.49519131  0.52924125  0.55585685  0.56494755  0.57415223  0.56494755  0.55585685  0.57415223  0.54687734  0.54687734  0.54687734  0.53800634  0.56494755  0.56494755  0.52057957  0.52924125  0.55585685  0.52924125  0.58347378  0.47874081  0.55585685  0.39431518  0.39431518  0.41639446  0.41639446  0.39431518  0.39431518  0.49519131  0.50355689  0.53800634  0.51201889  0.46265087  0.46265087  0.52924125  0.52057957  0.50355689  0.52924125  0.52924125  0.52924125  0.52924125  0.48691999  0.47065176  0.50355689  0.52057957  0.50355689  0.50355689  0.52057957  0.49519131  0.50355689  0.51201889  0.52924125  0.53800634  0.45473623  0.47065176  0.45473623  0.46265087  0.53800634  0.52924125  0.45473623  0.50355689  0.52057957  0.37995613  0.38710055  0.36587256  0.37995613  0.39431518  0.38710055  0.36587256  0.36587256  0.40896067  0.44690600  0.44690600  
77_0_0     0.29290089  0.29924296  0.28037878  0.29290089  0.29290089  0.28661314  0.28037878  0.28037878  0.31860469  0.31860469  0.30564030  0.26806667  0.26806667  0.31209388  0.32517375  0.24997721  0.27419691  0.17636447  0.14472867  0.00000000  0.50355689  0.60247966  0.56494755  0.55585685  0.53800634  0.52924125  0.51201889  0.51201889  0.56494755  0.52924125  0.49519131  0.51201889  0.57415223  0.59291522  0.53800634  0.51201889  0.61217034  0.56494755  0.58347378  0.59291522  0.57415223  0.59291522  0.54687734  0.55585685  0.64203439  0.54687734  0.58347378  0.55585685  0.53800634  0.62199066  0.61217034  0.54687734  0.59291522  0.55585685  0.56494755  0.59291522  0.58347378  0.63194412  0.64203439  0.66264075  0.62199066  0.61217034  0.57415223  0.59291522  0.60247966  0.61217034  0.57415223  0.58347378  0.58347378  0.58347378  0.60247966  0.52057957  0.51201889  0.40896067  0.41639446  0.43915842  0.43915842  0.41639446  0.41639446  0.47065176  0.47065176  0.48691999  0.44690600  0.47065176  0.45473623  0.51201889  0.50355689  0.48691999  0.51201889  0.49519131  0.48691999  0.48691999  0.47065176  0.45473623  0.45473623  0.47065176  0.45473623  0.46265087  0.57415223  0.55585685  0.53800634  0.54687734  0.54687734  0.55585685  0.54687734  0.58347378  0.56494755  0.55585685  0.55585685  0.54687734  0.49519131  0.56494755  0.58347378  0.48691999  0.51201889  0.48691999  0.51201889  0.50355689  0.49519131  0.47065176  0.47065176  0.40896067  0.49519131  0.46265087  
85_11_0    0.52057957  0.51201889  0.46265087  0.48691999  0.48691999  0.49519131  0.52924125  0.52924125  0.52924125  0.54687734  0.52924125  0.52924125  0.53800634  0.53800634  0.59291522  0.51201889  0.54687734  0.58347378  0.56494755  0.50355689  0.00000000  0.28661314  0.33180213  0.40160140  0.31209388  0.34524117  0.29290089  0.33180213  0.35893081  0.37288058  0.29290089  0.33180213  0.32517375  0.37288058  0.33849090  0.31860469  0.28037878  0.29290089  0.31209388  0.34524117  0.31860469  0.32517375  0.32517375  0.31860469  0.28661314  0.30564030  0.35205408  0.38710055  0.38710055  0.39431518  0.40160140  0.35893081  0.28661314  0.48691999  0.47874081  0.52924125  0.52057957  0.55585685  0.54687734  0.54687734  0.54687734  0.56494755  0.56494755  0.46265087  0.47065176  0.47874081  0.47874081  0.48691999  0.51201889  0.49519131  0.52057957  0.55585685  0.52924125  0.47065176  0.40896067  0.44690600  0.44690600  0.41639446  0.41639446  0.42390429  0.38710055  0.38710055  0.37288058  0.37995613  0.36587256  0.39431518  0.37995613  0.40896067  0.42390429  0.40160140  0.42390429  0.41639446  0.39431518  0.39431518  0.45473623  0.43149174  0.43915842  0.42390429  0.55585685  0.54687734  0.52924125  0.52057957  0.51201889  0.54687734  0.51201889  0.54687734  0.49519131  0.47065176  0.50355689  0.49519131  0.37995613  0.58347378  0.53800634  0.48691999  0.52924125  0.50355689  0.49519131  0.47874081  0.50355689  0.48691999  0.48691999  0.45473623  0.51201889  0.52924125  
100_11_0   0.51201889  0.54687734  0.49519131  0.49519131  0.50355689  0.48691999  0.50355689  0.50355689  0.52924125  0.52924125  0.50355689  0.52924125  0.47065176  0.50355689  0.48691999  0.47874081  0.47874081  0.51201889  0.53800634  0.60247966  0.28661314  0.00000000  0.33180213  0.39431518  0.31860469  0.30564030  0.31209388  0.24404510  0.28037878  0.34524117  0.32517375  0.30564030  0.29924296  0.32517375  0.29924296  0.28037878  0.20381060  0.24997721  0.30564030  0.29290089  0.24404510  0.25595764  0.26198719  0.24997721  0.27419691  0.27419691  0.35893081  0.37995613  0.37995613  0.31860469  0.31209388  0.29290089  0.25595764  0.38710055  0.39431518  0.42390429  0.40160140  0.55585685  0.56494755  0.57415223  0.53800634  0.56494755  0.56494755  0.50355689  0.47874081  0.47065176  0.53800634  0.54687734  0.52057957  0.52924125  0.65226527  0.54687734  0.54687734  0.52924125  0.46265087  0.47065176  0.47065176  0.48691999  0.48691999  0.46265087  0.37995613  0.39431518  0.37995613  0.42390429  0.40896067  0.41639446  0.42390429  0.40160140  0.41639446  0.40160140  0.38710055  0.39431518  0.40896067  0.39431518  0.52057957  0.49519131  0.50355689  0.50355689  0.54687734  0.55585685  0.59291522  0.60247966  0.57415223  0.55585685  0.53800634  0.55585685  0.51201889  0.52924125  0.51201889  0.49519131  0.40160140  0.57415223  0.58347378  0.52924125  0.51201889  0.52924125  0.52057957  0.55585685  0.55585685  0.54687734  0.54687734  0.55585685  0.52924125  0.54687734  
60_13_0    0.54687734  0.57415223  0.55585685  0.50355689  0.49519131  0.52057957  0.52057957  0.52057957  0.57415223  0.53800634  0.55585685  0.70567425  0.61217034  0.65226527  0.62199066  0.55585685  0.52924125  0.59291522  0.53800634  0.56494755  0.33180213  0.33180213  0.00000000  0.15512320  0.11439999  0.13958609  0.13958609  0.23232278  0.28037878  0.31209388  0.28037878  0.24997721  0.27419691  0.27419691  0.24997721  0.24404510  0.20381060  0.19823867  0.30564030  0.30564030  0.30564030  0.28037878  0.28037878  0.31860469  0.25595764  0.26198719  0.32517375  0.35205408  0.35205408  0.36587256  0.41639446  0.33849090  0.29924296  0.40160140  0.43915842  0.43149174  0.45473623  0.57415223  0.56494755  0.58347378  0.55585685  0.56494755  0.55585685  0.59291522  0.51201889  0.47874081  0.55585685  0.56494755  0.54687734  0.54687734  0.65226527  0.56494755  0.56494755  0.50355689  0.46265087  0.50355689  0.50355689  0.48691999  0.48691999  0.52057957  0.50355689  0.48691999  0.47065176  0.47065176  0.45473623  0.48691999  0.46265087  0.45473623  0.48691999  0.44690600  0.46265087  0.47065176  0.47065176  0.43915842  0.48691999  0.47065176  0.45473623  0.47065176  0.51201889  0.55585685  0.55585685  0.56494755  0.58347378  0.56494755  0.53800634  0.55585685  0.51201889  0.50355689  0.57415223  0.58347378  0.43915842  0.52057957  0.51201889  0.41639446  0.43915842  0.43149174  0.43915842  0.45473623  0.46265087  0.44690600  0.44690600  0.52057957  0.45473623  0.45473623  
61_13_0    0.54687734  0.54687734  0.54687734  0.49519131  0.47874081  0.49519131  0.56494755  0.56494755  0.64203439  0.60247966  0.57415223  0.64203439  0.59291522  0.59291522  0.56494755  0.55585685  0.52924125  0.62199066  0.53800634  0.55585685  0.40160140  0.39431518  0.15512320  0.00000000  0.12437098  0.12940773  0.14990754  0.23232278  0.27419691  0.34524117  0.30564030  0.28661314  0.33849090  0.30564030  0.26806667  0.33180213  0.26806667  0.24997721  0.28661314  0.29924296  0.28037878  0.24404510  0.24997721  0.25595764  0.28661314  0.29290089  0.30564030  0.34524117  0.33180213  0.36587256  0.41639446  0.29290089  0.27419691  0.42390429  0.43149174  0.43915842  0.51201889  0.65226527  0.64203439  0.66264075  0.67316496  0.66264075  0.59291522  0.60247966  0.59291522  0.59291522  0.59291522  0.58347378  0.58347378  0.56494755  0.70567425  0.62199066  0.57415223  0.47065176  0.47065176  0.50355689  0.50355689  0.48691999  0.48691999  0.52924125  0.51201889  0.50355689  0.48691999  0.47065176  0.45473623  0.47065176  0.46265087  0.43915842  0.48691999  0.46265087  0.44690600  0.45473623  0.47065176  0.45473623  0.48691999  0.47065176  0.45473623  0.48691999  0.53800634  0.52924125  0.56494755  0.55585685  0.55585685  0.58347378  0.62199066  0.62199066  0.54687734  0.55585685  0.62199066  0.63194412  0.52057957  0.52057957  0.52924125  0.48691999  0.52924125  0.50355689  0.51201889  0.51201889  0.53800634  0.53800634  0.53800634  0.55585685  0.53800634  0.52057957  
61_11_0    0.47065176  0.54687734  0.53800634  0.47065176  0.45473623  0.48691999  0.53800634  0.53800634  0.59291522  0.55585685  0.52057957  0.61217034  0.54687734  0.56494755  0.57415223  0.51201889  0.50355689  0.58347378  0.50355689  0.53800634  0.31209388  0.31860469  0.11439999  0.12437098  0.00000000  0.08527467  0.07581747  0.18177222  0.23816055  0.25595764  0.24997721  0.23232278  0.25595764  0.25595764  0.26198719  0.26198719  0.22078469  0.23816055  0.31209388  0.30564030  0.29290089  0.26806667  0.25595764  0.28037878  0.25595764  0.25595764  0.29924296  0.35205408  0.35205408  0.35205408  0.38710055  0.28661314  0.28661314  0.40896067  0.41639446  0.39431518  0.46265087  0.65226527  0.64203439  0.66264075  0.61217034  0.64203439  0.56494755  0.66264075  0.54687734  0.54687734  0.59291522  0.60247966  0.58347378  0.56494755  0.66264075  0.63194412  0.58347378  0.48691999  0.47065176  0.49519131  0.49519131  0.47874081  0.47874081  0.56494755  0.46265087  0.44690600  0.43149174  0.46265087  0.44690600  0.41639446  0.40896067  0.40160140  0.43149174  0.39431518  0.42390429  0.41639446  0.43149174  0.41639446  0.40160140  0.38710055  0.37288058  0.40160140  0.55585685  0.54687734  0.54687734  0.55585685  0.58347378  0.58347378  0.54687734  0.54687734  0.52924125  0.50355689  0.58347378  0.57415223  0.44690600  0.55585685  0.56494755  0.44690600  0.47065176  0.46265087  0.47065176  0.48691999  0.49519131  0.49519131  0.49519131  0.56494755  0.49519131  0.49519131  
96_11_0    0.52924125  0.56494755  0.55585685  0.49519131  0.48691999  0.49519131  0.51201889  0.51201889  0.56494755  0.56494755  0.55585685  0.62199066  0.55585685  0.59291522  0.54687734  0.53800634  0.51201889  0.61217034  0.54687734  0.52924125  0.34524117  0.30564030  0.13958609  0.12940773  0.08527467  0.00000000  0.05269409  0.18722011  0.26806667  0.22078469  0.24404510  0.20381060  0.24404510  0.22653107  0.22078469  0.22078469  0.22078469  0.20381060  0.30564030  0.27419691  0.26198719  0.22653107  0.23816055  0.22653107  0.23816055  0.23232278  0.29290089  0.34524117  0.33180213  0.32517375  0.35893081  0.27419691  0.24404510  0.34524117  0.37995613  0.34524117  0.40896067  0.63194412  0.64203439  0.66264075  0.61217034  0.64203439  0.50355689  0.60247966  0.53800634  0.52057957  0.61217034  0.60247966  0.58347378  0.58347378  0.66264075  0.59291522  0.52924125  0.47874081  0.46265087  0.48691999  0.48691999  0.47065176  0.47065176  0.52057957  0.42390429  0.40896067  0.39431518  0.42390429  0.40896067  0.39431518  0.38710055  0.39431518  0.42390429  0.38710055  0.40160140  0.40896067  0.42390429  0.37995613  0.43915842  0.42390429  0.40896067  0.43915842  0.56494755  0.55585685  0.52057957  0.52924125  0.53800634  0.57415223  0.52924125  0.54687734  0.51201889  0.50355689  0.54687734  0.53800634  0.47065176  0.51201889  0.52057957  0.45473623  0.46265087  0.47065176  0.49519131  0.47874081  0.47065176  0.47065176  0.47065176  0.52924125  0.48691999  0.47065176  
