20
10_0_0     0.00000000  0.02620461  0.04419849  0.07202760  0.27116884  0.27116884  0.29625014  0.30265406  0.34227309  0.39131335  0.38410773  0.39858903  0.37697084  0.39131335  0.39858903  0.38410773  0.38410773  0.36289808  0.36289808  0.32220139  
12_0_0     0.02620461  0.00000000  0.04876539  0.06731695  0.25893657  0.25893657  0.27736079  0.27736079  0.32883231  0.36289808  0.35595972  0.38410773  0.34908511  0.36289808  0.36990138  0.36990138  0.35595972  0.36990138  0.36990138  0.33552252  
13_0_0     0.04419849  0.04876539  0.00000000  0.07202760  0.28990056  0.28990056  0.31562871  0.31562871  0.36289808  0.39131335  0.38410773  0.39131335  0.37697084  0.39131335  0.39858903  0.38410773  0.37697084  0.38410773  0.36289808  0.33552252  
4_0_0      0.07202760  0.06731695  0.07202760  0.00000000  0.30911326  0.29625014  0.33552252  0.32883231  0.34908511  0.39131335  0.38410773  0.38410773  0.39858903  0.40593615  0.41335613  0.36990138  0.39858903  0.39131335  0.37697084  0.36289808  
17_0_0     0.27116884  0.25893657  0.28990056  0.30911326  0.00000000  0.00863330  0.04876539  0.03965929  0.10585966  0.34227309  0.32220139  0.34908511  0.34908511  0.29625014  0.33552252  0.34227309  0.32220139  0.42842054  0.42842054  0.37697084  
14_0_0     0.27116884  0.25893657  0.28990056  0.29625014  0.00863330  0.00000000  0.04876539  0.03965929  0.09603627  0.33552252  0.31562871  0.34227309  0.34227309  0.30265406  0.32883231  0.33552252  0.32883231  0.41335613  0.41335613  0.39131335  
11_0_0     0.29625014  0.27736079  0.31562871  0.33552252  0.04876539  0.04876539  0.00000000  0.02620461  0.10093184  0.34227309  0.32220139  0.33552252  0.36289808  0.29625014  0.34908511  0.34227309  0.30911326  0.42842054  0.42842054  0.36990138  
6_0_0      0.30265406  0.27736079  0.31562871  0.32883231  0.03965929  0.03965929  0.02620461  0.00000000  0.09117251  0.34227309  0.32220139  0.33552252  0.36289808  0.30911326  0.33552252  0.34227309  0.30911326  0.43606803  0.43606803  0.38410773  
5_0_0      0.34227309  0.32883231  0.36289808  0.34908511  0.10585966  0.09603627  0.10093184  0.09117251  0.00000000  0.32883231  0.33552252  0.33552252  0.39131335  0.32220139  0.34908511  0.34227309  0.32220139  0.45160155  0.45160155  0.40593615  
20_0_0     0.39131335  0.36289808  0.39131335  0.39131335  0.34227309  0.33552252  0.34227309  0.34227309  0.32883231  0.00000000  0.01736738  0.05798368  0.07676810  0.06263576  0.04419849  0.02177295  0.02177295  0.42842054  0.43606803  0.38410773  
8_0_0      0.38410773  0.35595972  0.38410773  0.38410773  0.32220139  0.31562871  0.32220139  0.32220139  0.33552252  0.01736738  0.00000000  0.04876539  0.07676810  0.05336034  0.03514747  0.03066268  0.03066268  0.42085043  0.42842054  0.36990138  
15_0_0     0.39858903  0.38410773  0.39131335  0.38410773  0.34908511  0.34227309  0.33552252  0.33552252  0.33552252  0.05798368  0.04876539  0.00000000  0.13099763  0.10585966  0.08634017  0.05336034  0.06263576  0.43606803  0.42842054  0.38410773  
18_0_0     0.37697084  0.34908511  0.37697084  0.39858903  0.34908511  0.34227309  0.36289808  0.36289808  0.39131335  0.07676810  0.07676810  0.13099763  0.00000000  0.08634017  0.06731695  0.09117251  0.08153883  0.41335613  0.42085043  0.37697084  
7_0_0      0.39131335  0.36289808  0.39131335  0.40593615  0.29625014  0.30265406  0.29625014  0.30911326  0.32220139  0.06263576  0.05336034  0.10585966  0.08634017  0.00000000  0.05336034  0.07676810  0.05798368  0.43606803  0.44379448  0.39858903  
16_0_0     0.39858903  0.36990138  0.39858903  0.41335613  0.33552252  0.32883231  0.34908511  0.33552252  0.34908511  0.04419849  0.03514747  0.08634017  0.06731695  0.05336034  0.00000000  0.05798368  0.04876539  0.42842054  0.43606803  0.39858903  
9_0_0      0.38410773  0.36990138  0.38410773  0.36990138  0.34227309  0.33552252  0.34227309  0.34227309  0.34227309  0.02177295  0.03066268  0.05336034  0.09117251  0.07676810  0.05798368  0.00000000  0.03514747  0.42085043  0.42842054  0.37697084  
19_0_0     0.38410773  0.35595972  0.37697084  0.39858903  0.32220139  0.32883231  0.30911326  0.30911326  0.32220139  0.02177295  0.03066268  0.06263576  0.08153883  0.05798368  0.04876539  0.03514747  0.00000000  0.42842054  0.42085043  0.36990138  
1_0_0      0.36289808  0.36990138  0.38410773  0.39131335  0.42842054  0.41335613  0.42842054  0.43606803  0.45160155  0.42842054  0.42085043  0.43606803  0.41335613  0.43606803  0.42842054  0.42085043  0.42842054  0.00000000  0.01736738  0.19501571  
2_0_0      0.36289808  0.36990138  0.36289808  0.37697084  0.42842054  0.41335613  0.42842054  0.43606803  0.45160155  0.43606803  0.42842054  0.42842054  0.42085043  0.44379448  0.43606803  0.42842054  0.42085043  0.01736738  0.00000000  0.18395840  
3_0_0      0.32220139  0.33552252  0.33552252  0.36289808  0.37697084  0.39131335  0.36990138  0.38410773  0.40593615  0.38410773  0.36990138  0.38410773  0.37697084  0.39858903  0.39858903  0.37697084  0.36990138  0.19501571  0.18395840  0.00000000  

