130
36_0_0     0.00000000  0.19131421  0.18313158  0.20375863  0.27387289  0.19543937  0.28311839  0.29720471  0.28778439  0.30674528  0.22497117  0.22068022  0.22497117  0.20375863  0.24680342  0.24680342  0.25124745  0.25124745  0.24680342  0.26929267  0.27848134  0.25124745  0.23362769  0.26021560  0.29247971  0.25571808  0.26021560  0.26021560  0.26021560  0.23799384  0.22068022  0.22497117  0.20795324  0.24238565  0.23362769  0.22928689  0.27848134  0.26021560  0.24238565  0.42061456  0.42061456  0.42061456  0.33612025  0.33612025  0.33612025  0.34113032  0.43757860  0.37191723  0.36151337  0.38779971  0.36151337  0.37191723  0.37191723  0.37717397  0.37191723  0.37717397  0.38779971  0.40951542  0.39316977  0.39857869  0.35636526  0.35636526  0.39316977  0.37717397  0.35636526  0.31156163  0.28311839  0.32128845  0.32128845  0.32128845  0.26021560  0.28311839  0.26929267  0.24680342  0.24680342  0.24238565  0.28311839  0.27387289  0.26929267  0.26929267  0.26021560  0.26474036  0.25571808  0.25124745  0.24680342  0.30195977  0.30674528  0.28778439  0.29247971  0.29247971  0.29247971  0.31156163  0.25571808  0.30195977  0.30674528  0.26929267  0.27848134  0.24680342  0.30195977  0.31640922  0.30195977  0.30674528  0.32128845  0.34113032  0.33114354  0.36151337  0.34617421  0.31640922  0.34617421  0.35125236  0.33612025  0.34113032  0.33612025  0.34617421  0.36669720  0.36669720  0.32619975  0.25571808  0.25571808  0.27387289  0.26474036  0.28311839  0.31640922  0.26474036  0.27848134  0.24680342  0.24238565  0.26474036  0.26474036  0.26474036  
41_0_0     0.19131421  0.00000000  0.00639672  0.05277570  0.28778439  0.20795324  0.28778439  0.30195977  0.27387289  0.31156163  0.25571808  0.26021560  0.26474036  0.23362769  0.27848134  0.28311839  0.25124745  0.25124745  0.25124745  0.29247971  0.26929267  0.28778439  0.25571808  0.26474036  0.27848134  0.23362769  0.23799384  0.26474036  0.28778439  0.22497117  0.19543937  0.19958742  0.20795324  0.22497117  0.21217153  0.19958742  0.24238565  0.22497117  0.22497117  0.40951542  0.40951542  0.40951542  0.35125236  0.35125236  0.34113032  0.33612025  0.42061456  0.38779971  0.35636526  0.43188103  0.35125236  0.37717397  0.37717397  0.35636526  0.36151337  0.38246795  0.39857869  0.42622657  0.42622657  0.43188103  0.40951542  0.40951542  0.39857869  0.37717397  0.34617421  0.31156163  0.29720471  0.30195977  0.29247971  0.29720471  0.29247971  0.29720471  0.29720471  0.29247971  0.25571808  0.25571808  0.24238565  0.23362769  0.26474036  0.27387289  0.27387289  0.26929267  0.24680342  0.25124745  0.24680342  0.30674528  0.29247971  0.28778439  0.31156163  0.31156163  0.30195977  0.30195977  0.26021560  0.30674528  0.32619975  0.29247971  0.29247971  0.29247971  0.31640922  0.31640922  0.31156163  0.31156163  0.33114354  0.33612025  0.34113032  0.35125236  0.33114354  0.30674528  0.33612025  0.34113032  0.36151337  0.35636526  0.35125236  0.35125236  0.35636526  0.35636526  0.35125236  0.23362769  0.26929267  0.27848134  0.27848134  0.27387289  0.30195977  0.32128845  0.25124745  0.25124745  0.24680342  0.29247971  0.28778439  0.28778439  
17_0_0     0.18313158  0.00639672  0.00000000  0.04597130  0.28778439  0.20795324  0.28778439  0.30195977  0.26474036  0.31156163  0.25571808  0.26021560  0.26474036  0.23362769  0.28778439  0.29247971  0.26021560  0.26021560  0.26021560  0.30195977  0.27848134  0.29720471  0.25571808  0.27387289  0.28778439  0.24238565  0.24680342  0.27387289  0.28778439  0.23362769  0.20375863  0.20795324  0.21641377  0.23362769  0.22068022  0.20795324  0.24238565  0.22497117  0.23362769  0.42061456  0.42061456  0.42061456  0.35125236  0.35125236  0.34113032  0.33612025  0.42061456  0.39857869  0.35636526  0.42061456  0.36151337  0.38779971  0.38779971  0.36669720  0.37191723  0.38246795  0.39857869  0.42622657  0.42622657  0.43188103  0.40951542  0.40951542  0.39857869  0.37717397  0.35636526  0.32128845  0.28778439  0.30195977  0.29247971  0.29720471  0.29247971  0.29720471  0.29720471  0.28311839  0.25571808  0.25571808  0.24238565  0.23362769  0.26474036  0.27387289  0.27387289  0.26929267  0.24680342  0.25124745  0.24680342  0.30674528  0.29247971  0.28778439  0.31156163  0.31156163  0.30195977  0.30195977  0.26021560  0.30674528  0.32619975  0.29247971  0.29247971  0.29247971  0.32619975  0.32619975  0.32128845  0.30195977  0.34113032  0.34617421  0.35125236  0.36151337  0.34113032  0.31640922  0.34617421  0.35125236  0.36151337  0.35636526  0.36151337  0.36151337  0.36669720  0.36669720  0.36151337  0.24238565  0.26929267  0.28778439  0.28778439  0.28311839  0.31156163  0.32128845  0.26021560  0.26021560  0.25571808  0.28778439  0.29720471  0.29720471  
5_0_0      0.20375863  0.05277570  0.04597130  0.00000000  0.32128845  0.22068022  0.31156163  0.31640922  0.29720471  0.32128845  0.26021560  0.26474036  0.26929267  0.24680342  0.30674528  0.31156163  0.27848134  0.27848134  0.27848134  0.30195977  0.30195977  0.32128845  0.28778439  0.30674528  0.32128845  0.23799384  0.24680342  0.26929267  0.26929267  0.24238565  0.20375863  0.20795324  0.22497117  0.25571808  0.22497117  0.23362769  0.24238565  0.22497117  0.24680342  0.42061456  0.42061456  0.42061456  0.35125236  0.35125236  0.35125236  0.34617421  0.43188103  0.39857869  0.35636526  0.45493666  0.35125236  0.38779971  0.38779971  0.36669720  0.37191723  0.37717397  0.38246795  0.41504439  0.42622657  0.44331994  0.42061456  0.42061456  0.38779971  0.36151337  0.37191723  0.33114354  0.30674528  0.31640922  0.31640922  0.32128845  0.28778439  0.28311839  0.29247971  0.27848134  0.25571808  0.25571808  0.26021560  0.25124745  0.28311839  0.28311839  0.28311839  0.27848134  0.24238565  0.24238565  0.24680342  0.30195977  0.29720471  0.28311839  0.31640922  0.31640922  0.31156163  0.31156163  0.26021560  0.30674528  0.31640922  0.28778439  0.28778439  0.30674528  0.33114354  0.30195977  0.31640922  0.31640922  0.33114354  0.37717397  0.37191723  0.37191723  0.36151337  0.31640922  0.33612025  0.34113032  0.34617421  0.34113032  0.37191723  0.37191723  0.36669720  0.36669720  0.37191723  0.26474036  0.26474036  0.28311839  0.28311839  0.28778439  0.31640922  0.31156163  0.26474036  0.27387289  0.26929267  0.28311839  0.28311839  0.28311839  
35_0_0     0.27387289  0.28778439  0.28778439  0.32128845  0.00000000  0.20795324  0.32128845  0.33612025  0.30674528  0.34617421  0.27387289  0.27387289  0.27848134  0.25571808  0.28311839  0.26929267  0.29720471  0.29720471  0.29720471  0.29247971  0.27387289  0.27848134  0.26021560  0.26929267  0.26929267  0.32128845  0.30195977  0.31156163  0.32619975  0.26474036  0.26021560  0.26929267  0.26474036  0.24238565  0.24680342  0.24238565  0.27848134  0.27387289  0.26474036  0.42622657  0.42622657  0.42622657  0.39857869  0.39857869  0.39316977  0.40402705  0.52870522  0.42622657  0.41504439  0.43757860  0.36669720  0.39316977  0.39316977  0.38246795  0.38779971  0.40951542  0.40951542  0.43757860  0.43757860  0.43757860  0.42622657  0.42622657  0.40402705  0.41504439  0.36669720  0.34113032  0.35125236  0.33612025  0.33114354  0.34617421  0.34113032  0.38246795  0.36669720  0.34113032  0.32128845  0.31156163  0.32619975  0.32128845  0.31640922  0.31156163  0.31156163  0.30674528  0.31640922  0.32128845  0.30674528  0.33612025  0.32128845  0.33114354  0.33612025  0.33612025  0.33612025  0.33612025  0.32128845  0.33114354  0.33114354  0.32128845  0.31640922  0.34617421  0.34113032  0.34617421  0.34113032  0.33114354  0.33114354  0.34113032  0.35636526  0.37191723  0.37191723  0.32619975  0.33612025  0.34113032  0.40951542  0.41504439  0.38779971  0.40402705  0.36151337  0.36151337  0.37191723  0.30195977  0.32128845  0.31156163  0.31640922  0.30674528  0.31156163  0.34617421  0.32128845  0.33114354  0.33114354  0.32619975  0.32619975  0.32619975  
23_0_0     0.19543937  0.20795324  0.20795324  0.22068022  0.20795324  0.00000000  0.25571808  0.26474036  0.26021560  0.29720471  0.22497117  0.21217153  0.21641377  0.20795324  0.27387289  0.25571808  0.22928689  0.22928689  0.22497117  0.26474036  0.26929267  0.26021560  0.24680342  0.26474036  0.26021560  0.20795324  0.21217153  0.22497117  0.25124745  0.18721169  0.19131421  0.19543937  0.18313158  0.21217153  0.20375863  0.19543937  0.24680342  0.23799384  0.20795324  0.38246795  0.38246795  0.38246795  0.29247971  0.29247971  0.28311839  0.28778439  0.42622657  0.39857869  0.32128845  0.40951542  0.30674528  0.31640922  0.31640922  0.29247971  0.29720471  0.34113032  0.32619975  0.35636526  0.35636526  0.35125236  0.35636526  0.35636526  0.34617421  0.35636526  0.32128845  0.31640922  0.29247971  0.29720471  0.28778439  0.28311839  0.26021560  0.27387289  0.26929267  0.25124745  0.23362769  0.24680342  0.26021560  0.26474036  0.22497117  0.23799384  0.23362769  0.22928689  0.22928689  0.23799384  0.22928689  0.27387289  0.27848134  0.25571808  0.27387289  0.27387289  0.27387289  0.27387289  0.24238565  0.28311839  0.28311839  0.25571808  0.25571808  0.26929267  0.26929267  0.29247971  0.27848134  0.28311839  0.30195977  0.32619975  0.34617421  0.36151337  0.34113032  0.30195977  0.33612025  0.34113032  0.33114354  0.32619975  0.32619975  0.33612025  0.36669720  0.36669720  0.32128845  0.24680342  0.24680342  0.26474036  0.23799384  0.24680342  0.28778439  0.27387289  0.24238565  0.23362769  0.24238565  0.24238565  0.26474036  0.26474036  
42_0_0     0.28311839  0.28778439  0.28778439  0.31156163  0.32128845  0.25571808  0.00000000  0.01935680  0.02922651  0.07356869  0.25124745  0.25124745  0.24680342  0.26474036  0.32128845  0.29247971  0.29720471  0.29720471  0.28778439  0.32128845  0.31156163  0.32128845  0.30195977  0.33612025  0.29247971  0.27848134  0.29720471  0.27848134  0.30195977  0.30195977  0.28778439  0.29247971  0.30195977  0.26474036  0.26929267  0.26929267  0.28311839  0.28778439  0.25571808  0.45493666  0.45493666  0.45493666  0.34617421  0.34617421  0.33612025  0.35125236  0.42622657  0.40951542  0.34617421  0.37191723  0.35125236  0.35636526  0.35636526  0.35636526  0.35636526  0.35636526  0.36151337  0.37191723  0.36151337  0.36669720  0.39316977  0.39316977  0.38246795  0.39857869  0.34617421  0.33114354  0.36669720  0.39316977  0.38779971  0.39857869  0.35125236  0.34113032  0.37191723  0.34617421  0.32619975  0.35125236  0.37717397  0.36669720  0.31156163  0.30195977  0.33612025  0.33114354  0.31640922  0.31640922  0.30195977  0.35636526  0.35125236  0.36669720  0.35636526  0.35636526  0.36151337  0.35636526  0.32128845  0.33114354  0.32619975  0.32128845  0.32128845  0.31640922  0.33114354  0.34113032  0.32128845  0.33114354  0.32619975  0.35636526  0.35636526  0.40402705  0.36151337  0.31640922  0.31640922  0.31156163  0.33114354  0.33612025  0.32619975  0.32619975  0.34617421  0.34617421  0.33612025  0.26929267  0.28311839  0.30195977  0.28311839  0.26929267  0.30674528  0.29247971  0.25124745  0.25571808  0.26474036  0.27387289  0.26929267  0.26929267  
19_0_0     0.29720471  0.30195977  0.30195977  0.31640922  0.33612025  0.26474036  0.01935680  0.00000000  0.04936576  0.06657322  0.23362769  0.24238565  0.23799384  0.25571808  0.32128845  0.29247971  0.30674528  0.30674528  0.29720471  0.32619975  0.32128845  0.33114354  0.31156163  0.33612025  0.29247971  0.28778439  0.30674528  0.28778439  0.30195977  0.29247971  0.28778439  0.29247971  0.31156163  0.26929267  0.27387289  0.26474036  0.28778439  0.29247971  0.24238565  0.45493666  0.45493666  0.45493666  0.34617421  0.34617421  0.34617421  0.36151337  0.42622657  0.40951542  0.35636526  0.38246795  0.34617421  0.36151337  0.36151337  0.36151337  0.36151337  0.36669720  0.36151337  0.37191723  0.37191723  0.37717397  0.40402705  0.40402705  0.38246795  0.40951542  0.34617421  0.35125236  0.36669720  0.40402705  0.40951542  0.40951542  0.35125236  0.33114354  0.37191723  0.34617421  0.32619975  0.36151337  0.37717397  0.37717397  0.32128845  0.31156163  0.33612025  0.33114354  0.32619975  0.32619975  0.31156163  0.35636526  0.35125236  0.37717397  0.35636526  0.35636526  0.36151337  0.35636526  0.33114354  0.33114354  0.31640922  0.31156163  0.31156163  0.31640922  0.32619975  0.33612025  0.31640922  0.32619975  0.32128845  0.37191723  0.37191723  0.40951542  0.37717397  0.31156163  0.31156163  0.30674528  0.33612025  0.34113032  0.33114354  0.33114354  0.35125236  0.35125236  0.34113032  0.26021560  0.27387289  0.28311839  0.27387289  0.25124745  0.29720471  0.28311839  0.24238565  0.26474036  0.27387289  0.26929267  0.25124745  0.25124745  
15_0_0     0.28778439  0.27387289  0.26474036  0.29720471  0.30674528  0.26021560  0.02922651  0.04936576  0.00000000  0.09134930  0.26474036  0.27387289  0.26929267  0.27848134  0.33612025  0.30674528  0.29720471  0.29720471  0.30674528  0.31156163  0.31156163  0.33114354  0.31156163  0.34617421  0.31156163  0.28311839  0.30195977  0.29247971  0.30674528  0.27848134  0.27387289  0.27848134  0.29720471  0.26929267  0.28311839  0.27387289  0.27848134  0.28311839  0.26929267  0.46673680  0.46673680  0.46673680  0.34617421  0.34617421  0.33612025  0.35125236  0.43188103  0.41504439  0.35636526  0.37191723  0.34113032  0.37717397  0.37717397  0.35636526  0.35636526  0.34617421  0.35125236  0.36669720  0.35636526  0.37191723  0.37191723  0.37191723  0.37191723  0.39316977  0.36669720  0.32619975  0.36669720  0.36669720  0.36669720  0.37191723  0.35636526  0.34617421  0.37191723  0.35125236  0.33114354  0.34617421  0.35125236  0.34113032  0.30674528  0.30674528  0.34113032  0.33612025  0.32128845  0.32128845  0.30674528  0.35125236  0.34617421  0.36151337  0.36151337  0.36151337  0.35636526  0.35125236  0.32619975  0.34617421  0.35125236  0.33612025  0.33612025  0.31156163  0.34113032  0.34113032  0.33612025  0.32128845  0.33114354  0.38246795  0.37717397  0.42061456  0.36669720  0.33114354  0.30195977  0.29720471  0.34617421  0.34113032  0.34113032  0.34113032  0.34113032  0.34113032  0.35125236  0.27387289  0.28778439  0.30674528  0.28778439  0.27387289  0.30195977  0.29720471  0.25571808  0.26929267  0.27848134  0.26474036  0.27387289  0.27387289  
16_0_0     0.30674528  0.31156163  0.31156163  0.32128845  0.34617421  0.29720471  0.07356869  0.06657322  0.09134930  0.00000000  0.27848134  0.28778439  0.28311839  0.29247971  0.33114354  0.31156163  0.31640922  0.31640922  0.32619975  0.33114354  0.33114354  0.34113032  0.31156163  0.31640922  0.29720471  0.29720471  0.31640922  0.28778439  0.29247971  0.30674528  0.29720471  0.30674528  0.32619975  0.27848134  0.28778439  0.26929267  0.31156163  0.31640922  0.25571808  0.43757860  0.43757860  0.43757860  0.34113032  0.34113032  0.34113032  0.35636526  0.42061456  0.40951542  0.40402705  0.39857869  0.36669720  0.38246795  0.38246795  0.38246795  0.38246795  0.38246795  0.38779971  0.40951542  0.39857869  0.40951542  0.40402705  0.40402705  0.38246795  0.41504439  0.32619975  0.34617421  0.36151337  0.39857869  0.40402705  0.39316977  0.35125236  0.33114354  0.36151337  0.33114354  0.32128845  0.36151337  0.37717397  0.37717397  0.31640922  0.31640922  0.34113032  0.33612025  0.32619975  0.32128845  0.30674528  0.35125236  0.34617421  0.37191723  0.36151337  0.36151337  0.35125236  0.34617421  0.31640922  0.34617421  0.33114354  0.34617421  0.34617421  0.32128845  0.31156163  0.32128845  0.32128845  0.33114354  0.29720471  0.35636526  0.35636526  0.38246795  0.34617421  0.30674528  0.28778439  0.28311839  0.33114354  0.33612025  0.32619975  0.32619975  0.33612025  0.33612025  0.33612025  0.26474036  0.30674528  0.29247971  0.30674528  0.29247971  0.32128845  0.31640922  0.29247971  0.30674528  0.31640922  0.29247971  0.27848134  0.27848134  
53_0_0     0.22497117  0.25571808  0.25571808  0.26021560  0.27387289  0.22497117  0.25124745  0.23362769  0.26474036  0.27848134  0.00000000  0.04259220  0.04597130  0.04936576  0.26021560  0.24680342  0.24238565  0.24238565  0.23799384  0.26474036  0.26021560  0.26474036  0.27848134  0.26929267  0.27387289  0.22068022  0.22928689  0.22068022  0.23799384  0.20795324  0.20375863  0.20795324  0.22928689  0.19958742  0.21641377  0.22068022  0.23799384  0.23799384  0.20795324  0.36151337  0.36151337  0.36151337  0.37191723  0.37191723  0.37717397  0.39316977  0.48479386  0.40951542  0.37717397  0.40951542  0.32619975  0.34113032  0.34113032  0.33114354  0.33612025  0.37717397  0.36151337  0.39857869  0.40951542  0.38246795  0.39316977  0.39316977  0.34617421  0.39857869  0.33612025  0.33612025  0.34617421  0.32128845  0.32128845  0.31640922  0.30195977  0.30674528  0.34617421  0.30195977  0.29247971  0.27387289  0.30195977  0.30195977  0.29720471  0.30674528  0.29247971  0.29720471  0.31640922  0.30195977  0.27848134  0.31156163  0.30674528  0.29720471  0.29720471  0.29720471  0.27848134  0.27848134  0.28778439  0.28311839  0.28778439  0.22497117  0.23362769  0.30195977  0.26021560  0.29720471  0.27848134  0.29247971  0.27848134  0.30195977  0.32128845  0.34617421  0.31640922  0.27387289  0.29720471  0.30195977  0.30674528  0.30195977  0.29720471  0.31640922  0.30195977  0.30195977  0.30195977  0.24680342  0.24680342  0.26021560  0.27387289  0.26929267  0.28311839  0.30674528  0.27848134  0.27848134  0.28778439  0.30674528  0.25571808  0.25571808  
7_0_0      0.22068022  0.26021560  0.26021560  0.26474036  0.27387289  0.21217153  0.25124745  0.24238565  0.27387289  0.28778439  0.04259220  0.00000000  0.00319152  0.05277570  0.26929267  0.25571808  0.26929267  0.26929267  0.26021560  0.26929267  0.29720471  0.28311839  0.29720471  0.29720471  0.31156163  0.23362769  0.25124745  0.23362769  0.25124745  0.22068022  0.21641377  0.22068022  0.23799384  0.22497117  0.23362769  0.23799384  0.26474036  0.26474036  0.22497117  0.38779971  0.38779971  0.38779971  0.37717397  0.37717397  0.38246795  0.39857869  0.49707893  0.43188103  0.40402705  0.39857869  0.33612025  0.36151337  0.36151337  0.35125236  0.35636526  0.39316977  0.36669720  0.39857869  0.40951542  0.38246795  0.39316977  0.39316977  0.36151337  0.40402705  0.36151337  0.34113032  0.36669720  0.33612025  0.34113032  0.34113032  0.32128845  0.31640922  0.35636526  0.32128845  0.29247971  0.29247971  0.33114354  0.32128845  0.29720471  0.29720471  0.28311839  0.28778439  0.30674528  0.29247971  0.26929267  0.32128845  0.33612025  0.31640922  0.31156163  0.31156163  0.30195977  0.30195977  0.29720471  0.29720471  0.30195977  0.24680342  0.25571808  0.32128845  0.28311839  0.32128845  0.29720471  0.29720471  0.30195977  0.31640922  0.33612025  0.36151337  0.34113032  0.28778439  0.31156163  0.31640922  0.33114354  0.33612025  0.32128845  0.34113032  0.33612025  0.33612025  0.31640922  0.26474036  0.26021560  0.28311839  0.28778439  0.29247971  0.32619975  0.30195977  0.29247971  0.31156163  0.32128845  0.32619975  0.27848134  0.27848134  
38_0_0     0.22497117  0.26474036  0.26474036  0.26929267  0.27848134  0.21641377  0.24680342  0.23799384  0.26929267  0.28311839  0.04597130  0.00319152  0.00000000  0.05620127  0.27387289  0.26021560  0.27387289  0.27387289  0.26474036  0.27387289  0.30195977  0.28778439  0.30195977  0.30195977  0.31640922  0.23799384  0.25571808  0.23799384  0.25571808  0.21641377  0.22068022  0.22497117  0.24238565  0.22928689  0.23799384  0.24238565  0.26021560  0.26021560  0.22928689  0.39316977  0.39316977  0.39316977  0.38246795  0.38246795  0.38779971  0.40402705  0.50329802  0.43757860  0.40951542  0.40402705  0.34113032  0.36669720  0.36669720  0.35636526  0.36151337  0.39857869  0.37191723  0.39316977  0.41504439  0.38779971  0.39857869  0.39857869  0.36669720  0.40951542  0.36669720  0.33612025  0.37191723  0.33114354  0.33612025  0.33612025  0.32619975  0.32128845  0.36151337  0.32619975  0.29720471  0.29720471  0.33612025  0.32619975  0.30195977  0.30195977  0.28778439  0.29247971  0.31156163  0.29720471  0.27387289  0.32619975  0.34113032  0.32128845  0.31640922  0.31640922  0.30674528  0.30674528  0.30195977  0.30195977  0.30674528  0.25124745  0.26021560  0.31640922  0.27848134  0.31640922  0.29247971  0.29247971  0.29720471  0.32128845  0.33114354  0.35636526  0.33612025  0.28311839  0.30674528  0.31156163  0.32619975  0.33114354  0.31640922  0.33612025  0.33114354  0.33114354  0.31156163  0.26021560  0.25571808  0.27848134  0.28311839  0.28778439  0.32128845  0.29720471  0.28778439  0.30674528  0.31640922  0.32128845  0.27387289  0.27387289  
27_0_0     0.20375863  0.23362769  0.23362769  0.24680342  0.25571808  0.20795324  0.26474036  0.25571808  0.27848134  0.29247971  0.04936576  0.05277570  0.05620127  0.00000000  0.24238565  0.23362769  0.22497117  0.22497117  0.22068022  0.25124745  0.25124745  0.23799384  0.25124745  0.24680342  0.28311839  0.24238565  0.25571808  0.25124745  0.26929267  0.21641377  0.19958742  0.20375863  0.21641377  0.20795324  0.23362769  0.22928689  0.24680342  0.24680342  0.21641377  0.37717397  0.37717397  0.37717397  0.37717397  0.37717397  0.37717397  0.39316977  0.46081344  0.39857869  0.38246795  0.40402705  0.32128845  0.34617421  0.34617421  0.33612025  0.34113032  0.36669720  0.35125236  0.38246795  0.39316977  0.36669720  0.37717397  0.37717397  0.34617421  0.39857869  0.33612025  0.33114354  0.33114354  0.32619975  0.31156163  0.32128845  0.30674528  0.29247971  0.35125236  0.30674528  0.27848134  0.26929267  0.31156163  0.30195977  0.29247971  0.28311839  0.26929267  0.27387289  0.29247971  0.27848134  0.25571808  0.32128845  0.31640922  0.30674528  0.29720471  0.29720471  0.28778439  0.28778439  0.27387289  0.29720471  0.30195977  0.24680342  0.25571808  0.32128845  0.26929267  0.29720471  0.29247971  0.28311839  0.27848134  0.28778439  0.30674528  0.32128845  0.30195977  0.27387289  0.30674528  0.31156163  0.31156163  0.31640922  0.30195977  0.32128845  0.30674528  0.30674528  0.27848134  0.24238565  0.24238565  0.25571808  0.25124745  0.25571808  0.28778439  0.27387289  0.25571808  0.28311839  0.27848134  0.29247971  0.24238565  0.24238565  
59_0_0     0.24680342  0.27848134  0.28778439  0.30674528  0.28311839  0.27387289  0.32128845  0.32128845  0.33612025  0.33114354  0.26021560  0.26929267  0.27387289  0.24238565  0.00000000  0.02922651  0.13966164  0.13966164  0.11697499  0.19131421  0.13202265  0.12823224  0.13966164  0.15910786  0.17907361  0.28311839  0.29247971  0.27848134  0.30195977  0.26474036  0.28778439  0.29720471  0.28311839  0.27848134  0.25571808  0.25124745  0.27387289  0.27387289  0.25124745  0.39316977  0.39316977  0.39316977  0.39316977  0.39316977  0.39316977  0.39857869  0.52870522  0.44910573  0.40402705  0.43757860  0.38246795  0.39857869  0.39857869  0.39857869  0.40402705  0.43757860  0.44910573  0.45493666  0.46081344  0.43757860  0.43188103  0.43188103  0.44331994  0.46081344  0.36669720  0.36151337  0.35125236  0.35636526  0.35636526  0.35125236  0.33612025  0.38779971  0.35125236  0.32128845  0.28311839  0.26929267  0.31640922  0.30674528  0.28311839  0.30195977  0.29720471  0.29720471  0.30195977  0.30674528  0.29720471  0.33114354  0.32619975  0.33612025  0.32619975  0.32619975  0.29247971  0.30195977  0.28778439  0.32619975  0.32128845  0.30195977  0.30674528  0.33114354  0.29247971  0.29247971  0.28311839  0.32619975  0.31640922  0.32619975  0.33612025  0.33114354  0.33612025  0.30195977  0.32128845  0.32619975  0.36669720  0.36669720  0.35636526  0.37191723  0.37191723  0.37191723  0.33114354  0.31640922  0.28778439  0.27387289  0.32128845  0.33612025  0.33612025  0.34617421  0.33612025  0.29247971  0.29247971  0.32619975  0.32619975  0.32619975  
8_0_0      0.24680342  0.28311839  0.29247971  0.31156163  0.26929267  0.25571808  0.29247971  0.29247971  0.30674528  0.31156163  0.24680342  0.25571808  0.26021560  0.23362769  0.02922651  0.00000000  0.10956327  0.10956327  0.09495676  0.17503757  0.10222433  0.09858171  0.10956327  0.12823224  0.14737952  0.25571808  0.27387289  0.24680342  0.27848134  0.24680342  0.26474036  0.27387289  0.25124745  0.23799384  0.21641377  0.21217153  0.24680342  0.24680342  0.22068022  0.39857869  0.39857869  0.39857869  0.38779971  0.38779971  0.38779971  0.39316977  0.52870522  0.46673680  0.40951542  0.42061456  0.36669720  0.38246795  0.38246795  0.38246795  0.38779971  0.42061456  0.44331994  0.44910573  0.43188103  0.42061456  0.40402705  0.40402705  0.43757860  0.44331994  0.36151337  0.34617421  0.34113032  0.35636526  0.35125236  0.34617421  0.32619975  0.37717397  0.34113032  0.31156163  0.28311839  0.25571808  0.30674528  0.29720471  0.25571808  0.27387289  0.27848134  0.27848134  0.29247971  0.28778439  0.27848134  0.32619975  0.32128845  0.32619975  0.30674528  0.30674528  0.28311839  0.28311839  0.26929267  0.30674528  0.30195977  0.29247971  0.29720471  0.32128845  0.28778439  0.27848134  0.27848134  0.31156163  0.30195977  0.30195977  0.31156163  0.33612025  0.31640922  0.28778439  0.29720471  0.30195977  0.33114354  0.33114354  0.32128845  0.33612025  0.34617421  0.34617421  0.30674528  0.28778439  0.27848134  0.26474036  0.30195977  0.31640922  0.33612025  0.31640922  0.31640922  0.27848134  0.27848134  0.29720471  0.30674528  0.30674528  
54_0_0     0.25124745  0.25124745  0.26021560  0.27848134  0.29720471  0.22928689  0.29720471  0.30674528  0.29720471  0.31640922  0.24238565  0.26929267  0.27387289  0.22497117  0.13966164  0.10956327  0.00000000  0.00000000  0.02592210  0.17503757  0.11697499  0.11697499  0.12446095  0.13202265  0.15517793  0.24680342  0.26021560  0.24680342  0.26929267  0.23799384  0.25124745  0.26021560  0.23799384  0.22928689  0.22068022  0.21641377  0.26929267  0.25124745  0.21217153  0.40402705  0.40402705  0.40402705  0.36151337  0.36151337  0.36669720  0.37191723  0.50329802  0.44331994  0.42061456  0.42061456  0.36151337  0.38246795  0.38246795  0.36151337  0.35636526  0.40951542  0.40951542  0.42061456  0.40402705  0.40951542  0.37717397  0.37717397  0.39857869  0.38246795  0.36669720  0.32128845  0.35636526  0.35125236  0.32619975  0.33114354  0.34113032  0.35125236  0.35636526  0.33114354  0.29247971  0.27848134  0.31156163  0.29247971  0.29247971  0.29720471  0.30195977  0.30674528  0.30195977  0.29720471  0.29720471  0.36669720  0.35125236  0.33612025  0.33114354  0.33114354  0.31640922  0.31640922  0.27848134  0.34113032  0.34113032  0.31640922  0.32619975  0.33114354  0.30674528  0.28778439  0.31156163  0.34113032  0.33114354  0.35125236  0.33612025  0.35125236  0.33114354  0.31640922  0.33612025  0.34113032  0.36669720  0.36669720  0.35636526  0.37717397  0.36151337  0.36151337  0.36151337  0.26929267  0.26474036  0.25571808  0.29720471  0.31156163  0.32619975  0.32128845  0.30195977  0.27387289  0.26021560  0.28311839  0.30195977  0.30195977  
9_0_0      0.25124745  0.25124745  0.26021560  0.27848134  0.29720471  0.22928689  0.29720471  0.30674528  0.29720471  0.31640922  0.24238565  0.26929267  0.27387289  0.22497117  0.13966164  0.10956327  0.00000000  0.00000000  0.02592210  0.17503757  0.11697499  0.11697499  0.12446095  0.13202265  0.15517793  0.24680342  0.26021560  0.24680342  0.26929267  0.23799384  0.25124745  0.26021560  0.23799384  0.22928689  0.22068022  0.21641377  0.26929267  0.25124745  0.21217153  0.40402705  0.40402705  0.40402705  0.36151337  0.36151337  0.36669720  0.37191723  0.50329802  0.44331994  0.42061456  0.42061456  0.36151337  0.38246795  0.38246795  0.36151337  0.35636526  0.40951542  0.40951542  0.42061456  0.40402705  0.40951542  0.37717397  0.37717397  0.39857869  0.38246795  0.36669720  0.32128845  0.35636526  0.35125236  0.32619975  0.33114354  0.34113032  0.35125236  0.35636526  0.33114354  0.29247971  0.27848134  0.31156163  0.29247971  0.29247971  0.29720471  0.30195977  0.30674528  0.30195977  0.29720471  0.29720471  0.36669720  0.35125236  0.33612025  0.33114354  0.33114354  0.31640922  0.31640922  0.27848134  0.34113032  0.34113032  0.31640922  0.32619975  0.33114354  0.30674528  0.28778439  0.31156163  0.34113032  0.33114354  0.35125236  0.33612025  0.35125236  0.33114354  0.31640922  0.33612025  0.34113032  0.36669720  0.36669720  0.35636526  0.37717397  0.36151337  0.36151337  0.36151337  0.26929267  0.26474036  0.25571808  0.29720471  0.31156163  0.32619975  0.32128845  0.30195977  0.27387289  0.26021560  0.28311839  0.30195977  0.30195977  
44_0_0     0.24680342  0.25124745  0.26021560  0.27848134  0.29720471  0.22497117  0.28778439  0.29720471  0.30674528  0.32619975  0.23799384  0.26021560  0.26474036  0.22068022  0.11697499  0.09495676  0.02592210  0.02592210  0.00000000  0.16703027  0.10222433  0.10222433  0.10956327  0.13202265  0.14737952  0.23362769  0.24680342  0.24238565  0.27387289  0.23799384  0.24238565  0.25124745  0.22928689  0.22928689  0.22068022  0.21641377  0.25571808  0.23799384  0.22497117  0.38779971  0.38779971  0.38779971  0.36669720  0.36669720  0.36151337  0.36669720  0.49091115  0.44331994  0.39857869  0.39857869  0.36669720  0.36151337  0.36151337  0.36151337  0.36669720  0.41504439  0.41504439  0.41504439  0.40951542  0.40402705  0.39316977  0.39316977  0.40402705  0.36669720  0.35125236  0.32128845  0.33114354  0.34617421  0.32128845  0.32619975  0.31156163  0.33114354  0.33612025  0.31156163  0.26929267  0.25571808  0.29720471  0.27848134  0.27848134  0.28311839  0.28778439  0.29247971  0.27848134  0.28311839  0.28311839  0.34113032  0.32619975  0.31156163  0.31640922  0.31640922  0.29247971  0.30195977  0.26929267  0.31640922  0.31640922  0.29247971  0.30195977  0.32619975  0.28778439  0.28778439  0.30195977  0.33114354  0.32128845  0.34113032  0.34113032  0.34113032  0.33114354  0.29720471  0.33612025  0.34113032  0.34617421  0.34617421  0.33612025  0.35636526  0.35636526  0.35636526  0.34113032  0.26474036  0.27387289  0.26474036  0.30674528  0.32128845  0.33612025  0.33114354  0.30195977  0.26474036  0.25124745  0.29247971  0.30195977  0.30195977  
66_0_0     0.26929267  0.29247971  0.30195977  0.30195977  0.29247971  0.26474036  0.32128845  0.32619975  0.31156163  0.33114354  0.26474036  0.26929267  0.27387289  0.25124745  0.19131421  0.17503757  0.17503757  0.17503757  0.16703027  0.00000000  0.18313158  0.20795324  0.19543937  0.21641377  0.22928689  0.29247971  0.30674528  0.31640922  0.29720471  0.25124745  0.25571808  0.26474036  0.26929267  0.27387289  0.26929267  0.26929267  0.30674528  0.29720471  0.26021560  0.45493666  0.45493666  0.45493666  0.42061456  0.42061456  0.42061456  0.42622657  0.50956931  0.43757860  0.43757860  0.41504439  0.37717397  0.39316977  0.39316977  0.39316977  0.38779971  0.43757860  0.40951542  0.42061456  0.44910573  0.42061456  0.39316977  0.39316977  0.38779971  0.38246795  0.38246795  0.37717397  0.34113032  0.37191723  0.37717397  0.37191723  0.31640922  0.34617421  0.35125236  0.32619975  0.27848134  0.29720471  0.32128845  0.31156163  0.31640922  0.32128845  0.30674528  0.30195977  0.31156163  0.30674528  0.29247971  0.33114354  0.33612025  0.33612025  0.33612025  0.33612025  0.30674528  0.31640922  0.29247971  0.37717397  0.37191723  0.32128845  0.32128845  0.31640922  0.34617421  0.35125236  0.35636526  0.37717397  0.33114354  0.35636526  0.36669720  0.35125236  0.36151337  0.32619975  0.33114354  0.33612025  0.37191723  0.37191723  0.36151337  0.38246795  0.38779971  0.38779971  0.35636526  0.32619975  0.34113032  0.34113032  0.33612025  0.34617421  0.37191723  0.34617421  0.35125236  0.32619975  0.31156163  0.33114354  0.34113032  0.34113032  
22_0_0     0.27848134  0.26929267  0.27848134  0.30195977  0.27387289  0.26929267  0.31156163  0.32128845  0.31156163  0.33114354  0.26021560  0.29720471  0.30195977  0.25124745  0.13202265  0.10222433  0.11697499  0.11697499  0.10222433  0.18313158  0.00000000  0.04259220  0.07356869  0.09495676  0.11325994  0.23799384  0.25124745  0.24680342  0.27848134  0.24680342  0.25571808  0.26474036  0.24238565  0.22068022  0.20795324  0.21641377  0.22928689  0.22928689  0.21641377  0.42061456  0.42061456  0.42061456  0.38779971  0.38779971  0.39316977  0.39857869  0.51589366  0.47270747  0.43188103  0.45493666  0.39316977  0.42061456  0.42061456  0.42061456  0.42622657  0.43188103  0.44331994  0.44331994  0.42622657  0.40951542  0.44331994  0.44331994  0.43188103  0.40402705  0.34617421  0.34617421  0.34617421  0.37717397  0.35125236  0.35636526  0.34113032  0.36151337  0.36151337  0.33114354  0.31156163  0.28778439  0.30195977  0.30195977  0.30195977  0.32128845  0.31640922  0.31640922  0.30674528  0.30195977  0.28778439  0.30674528  0.29247971  0.29720471  0.30195977  0.30195977  0.28778439  0.28778439  0.28778439  0.30195977  0.30195977  0.31156163  0.31640922  0.35636526  0.30674528  0.28311839  0.31156163  0.35125236  0.30195977  0.32128845  0.33114354  0.34113032  0.32128845  0.28778439  0.30195977  0.30674528  0.31640922  0.31640922  0.30674528  0.32128845  0.32619975  0.32619975  0.30195977  0.29720471  0.30674528  0.29247971  0.32619975  0.33114354  0.35636526  0.34113032  0.33114354  0.31156163  0.30674528  0.30674528  0.31640922  0.31640922  
18_0_0     0.25124745  0.28778439  0.29720471  0.32128845  0.27848134  0.26021560  0.32128845  0.33114354  0.33114354  0.34113032  0.26474036  0.28311839  0.28778439  0.23799384  0.12823224  0.09858171  0.11697499  0.11697499  0.10222433  0.20795324  0.04259220  0.00000000  0.06657322  0.09134930  0.11325994  0.23799384  0.26021560  0.24680342  0.27848134  0.25124745  0.26929267  0.27848134  0.24680342  0.23362769  0.21641377  0.22068022  0.25571808  0.25571808  0.22497117  0.41504439  0.41504439  0.41504439  0.39316977  0.39316977  0.39857869  0.40402705  0.51589366  0.47270747  0.43188103  0.44910573  0.40402705  0.42061456  0.42061456  0.42061456  0.42622657  0.43188103  0.44331994  0.44331994  0.42622657  0.42622657  0.43188103  0.43188103  0.44331994  0.41504439  0.36669720  0.35125236  0.35125236  0.37191723  0.35636526  0.35125236  0.32619975  0.34617421  0.35125236  0.31640922  0.29247971  0.27848134  0.30674528  0.30674528  0.28311839  0.29720471  0.29247971  0.29720471  0.29720471  0.29247971  0.27848134  0.29720471  0.29247971  0.29720471  0.29720471  0.29720471  0.28311839  0.28311839  0.26021560  0.27848134  0.27848134  0.28778439  0.29720471  0.36151337  0.30195977  0.27848134  0.29720471  0.33612025  0.30674528  0.32128845  0.33114354  0.34113032  0.32128845  0.31156163  0.33612025  0.34113032  0.34113032  0.34113032  0.33114354  0.34617421  0.33612025  0.33612025  0.30674528  0.29720471  0.30195977  0.29720471  0.32619975  0.33114354  0.35636526  0.33114354  0.32128845  0.31156163  0.30674528  0.30674528  0.32619975  0.32619975  
61_0_0     0.23362769  0.25571808  0.25571808  0.28778439  0.26021560  0.24680342  0.30195977  0.31156163  0.31156163  0.31156163  0.27848134  0.29720471  0.30195977  0.25124745  0.13966164  0.10956327  0.12446095  0.12446095  0.10956327  0.19543937  0.07356869  0.06657322  0.00000000  0.04597130  0.08063025  0.25124745  0.26474036  0.26021560  0.26021560  0.26474036  0.25571808  0.26474036  0.23799384  0.23799384  0.23362769  0.22497117  0.25571808  0.25571808  0.22928689  0.42061456  0.42061456  0.42061456  0.40951542  0.40951542  0.41504439  0.42061456  0.50956931  0.47270747  0.46081344  0.43757860  0.42061456  0.42061456  0.42061456  0.43188103  0.43757860  0.43188103  0.44910573  0.44331994  0.43188103  0.43188103  0.44331994  0.44331994  0.44331994  0.43188103  0.40402705  0.34617421  0.31156163  0.33612025  0.31156163  0.31640922  0.30674528  0.33114354  0.32619975  0.28778439  0.27387289  0.25571808  0.29247971  0.29247971  0.26474036  0.26929267  0.27387289  0.27848134  0.27848134  0.27387289  0.25571808  0.30195977  0.28778439  0.30195977  0.29720471  0.29720471  0.27848134  0.27848134  0.25571808  0.28311839  0.28311839  0.27387289  0.28311839  0.34113032  0.31640922  0.28778439  0.32128845  0.35125236  0.29720471  0.31640922  0.33114354  0.35636526  0.33114354  0.29247971  0.32619975  0.33114354  0.33612025  0.33612025  0.33612025  0.34113032  0.33114354  0.33114354  0.30674528  0.29247971  0.30195977  0.30674528  0.32619975  0.32619975  0.36151337  0.33114354  0.30195977  0.30195977  0.29720471  0.31156163  0.31640922  0.31640922  
10_0_0     0.26021560  0.26474036  0.27387289  0.30674528  0.26929267  0.26474036  0.33612025  0.33612025  0.34617421  0.31640922  0.26929267  0.29720471  0.30195977  0.24680342  0.15910786  0.12823224  0.13202265  0.13202265  0.13202265  0.21641377  0.09495676  0.09134930  0.04597130  0.00000000  0.07356869  0.27848134  0.29247971  0.28778439  0.29720471  0.25571808  0.28311839  0.29247971  0.26474036  0.22928689  0.22497117  0.21641377  0.27387289  0.27387289  0.22068022  0.38246795  0.38246795  0.38246795  0.39857869  0.39857869  0.40402705  0.40951542  0.51589366  0.47270747  0.47872623  0.45493666  0.39316977  0.40951542  0.40951542  0.40951542  0.41504439  0.42061456  0.43188103  0.43188103  0.42061456  0.42622657  0.41504439  0.41504439  0.40402705  0.42061456  0.39316977  0.36669720  0.34113032  0.35125236  0.32619975  0.32128845  0.32619975  0.34113032  0.35636526  0.31640922  0.30674528  0.28778439  0.30674528  0.31640922  0.29720471  0.30195977  0.30674528  0.31156163  0.30674528  0.30195977  0.28311839  0.33612025  0.32128845  0.33612025  0.33114354  0.33114354  0.31156163  0.31156163  0.29720471  0.32619975  0.31640922  0.30674528  0.30674528  0.33612025  0.31640922  0.28778439  0.32619975  0.36151337  0.29247971  0.31156163  0.32619975  0.34617421  0.32619975  0.30674528  0.33114354  0.33612025  0.34113032  0.34113032  0.34113032  0.34617421  0.32619975  0.32619975  0.31156163  0.30195977  0.31156163  0.30674528  0.34113032  0.33114354  0.36669720  0.35636526  0.31640922  0.32619975  0.32128845  0.32128845  0.31156163  0.31156163  
25_0_0     0.29247971  0.27848134  0.28778439  0.32128845  0.26929267  0.26021560  0.29247971  0.29247971  0.31156163  0.29720471  0.27387289  0.31156163  0.31640922  0.28311839  0.17907361  0.14737952  0.15517793  0.15517793  0.14737952  0.22928689  0.11325994  0.11325994  0.08063025  0.07356869  0.00000000  0.26474036  0.27387289  0.27387289  0.27848134  0.25124745  0.26021560  0.26929267  0.25124745  0.23362769  0.22068022  0.21217153  0.27387289  0.27387289  0.22497117  0.40951542  0.40951542  0.40951542  0.38246795  0.38246795  0.38246795  0.37717397  0.54174024  0.45493666  0.44331994  0.47270747  0.39316977  0.38779971  0.38779971  0.39857869  0.40402705  0.44331994  0.44910573  0.45493666  0.43188103  0.42622657  0.42061456  0.42061456  0.42061456  0.44331994  0.36669720  0.39316977  0.32619975  0.34113032  0.31640922  0.33114354  0.33114354  0.33114354  0.34617421  0.32619975  0.32128845  0.30195977  0.30195977  0.31156163  0.29247971  0.31640922  0.32128845  0.31640922  0.31156163  0.30674528  0.28778439  0.30195977  0.28778439  0.31156163  0.30674528  0.30674528  0.29720471  0.29720471  0.29247971  0.29247971  0.29247971  0.30195977  0.30195977  0.36669720  0.34113032  0.31156163  0.35125236  0.38779971  0.32619975  0.32619975  0.34113032  0.36151337  0.34113032  0.33114354  0.35125236  0.35636526  0.36669720  0.36669720  0.35636526  0.35636526  0.35125236  0.35125236  0.33612025  0.27848134  0.29720471  0.29247971  0.32619975  0.31640922  0.34113032  0.34113032  0.29720471  0.31156163  0.31156163  0.30674528  0.30674528  0.30674528  
