20
16_0_0     0.00000000  0.19060050  0.13349906  0.13403852  0.26055769  0.24717357  0.23586897  0.24242805  0.23586897  0.24907628  0.33692994  0.30788229  0.30788229  0.30788229  0.30744050  0.30744050  0.32189297  0.33565568  0.33565568  0.32087806  
15_0_0     0.19060050  0.00000000  0.09737032  0.08256070  0.25865887  0.26539469  0.26738964  0.26055769  0.25381985  0.26738964  0.28730164  0.26055769  0.26055769  0.26055769  0.27975685  0.27975685  0.26648127  0.30840280  0.32296518  0.29426147  
6_0_0      0.13349906  0.09737032  0.00000000  0.05844358  0.24629280  0.25289326  0.24149906  0.24810144  0.24149906  0.25479418  0.28617729  0.25958401  0.25958401  0.25958401  0.29259836  0.29259836  0.27904893  0.32189297  0.33678553  0.28653226  
14_0_0     0.13403852  0.08256070  0.05844358  0.00000000  0.23414597  0.24061640  0.23586897  0.21670353  0.22300893  0.23586897  0.26636756  0.21523294  0.21523294  0.21523294  0.27975685  0.27975685  0.26648127  0.30840280  0.32296518  0.26714928  
11_0_0     0.26055769  0.25865887  0.24629280  0.23414597  0.00000000  0.02175324  0.06298636  0.05821278  0.05348533  0.06298636  0.29716017  0.30053975  0.30053975  0.30053975  0.36800417  0.36800417  0.35214581  0.40309070  0.41187533  0.34052929  
17_0_0     0.24717357  0.26539469  0.25289326  0.24061640  0.02175324  0.00000000  0.06298636  0.05821278  0.05348533  0.06298636  0.29008655  0.28617729  0.28617729  0.28617729  0.36800417  0.36800417  0.36800417  0.38598107  0.39446107  0.35626835  
5_0_0      0.23586897  0.26738964  0.24149906  0.23586897  0.06298636  0.06298636  0.00000000  0.02175324  0.01732451  0.02622244  0.29935999  0.28847743  0.28847743  0.28847743  0.34696552  0.34696552  0.34696552  0.38935251  0.39798544  0.34052929  
10_0_0     0.24242805  0.26055769  0.24810144  0.21670353  0.05821278  0.05821278  0.02175324  0.00000000  0.00427394  0.01293551  0.32155396  0.26055769  0.26055769  0.26055769  0.33160000  0.33160000  0.33160000  0.37253075  0.38086932  0.34052929  
4_0_0      0.23586897  0.25381985  0.24149906  0.22300893  0.05348533  0.05348533  0.01732451  0.00427394  0.00000000  0.00858555  0.31404351  0.26738964  0.26738964  0.26738964  0.33922243  0.33922243  0.33922243  0.38086932  0.38935251  0.34833551  
12_0_0     0.24907628  0.26738964  0.25479418  0.23586897  0.06298636  0.06298636  0.02622244  0.01293551  0.00858555  0.00000000  0.31404351  0.27431837  0.27431837  0.27431837  0.33160000  0.33160000  0.33160000  0.38935251  0.39798544  0.35626835  
20_0_0     0.33692994  0.28730164  0.28617729  0.26636756  0.29716017  0.29008655  0.29935999  0.32155396  0.31404351  0.31404351  0.00000000  0.29448363  0.29448363  0.29448363  0.29259836  0.29259836  0.29951647  0.30942057  0.30942057  0.32189297  
2_0_0      0.30788229  0.26055769  0.25958401  0.21523294  0.30053975  0.28617729  0.28847743  0.26055769  0.26738964  0.27431837  0.29448363  0.00000000  0.00000000  0.00000000  0.23879521  0.23879521  0.23879521  0.24660521  0.25344337  0.23986134  
3_0_0      0.30788229  0.26055769  0.25958401  0.21523294  0.30053975  0.28617729  0.28847743  0.26055769  0.26738964  0.27431837  0.29448363  0.00000000  0.00000000  0.00000000  0.23879521  0.23879521  0.23879521  0.24660521  0.25344337  0.23986134  
1_0_0      0.30788229  0.26055769  0.25958401  0.21523294  0.30053975  0.28617729  0.28847743  0.26055769  0.26738964  0.27431837  0.29448363  0.00000000  0.00000000  0.00000000  0.23879521  0.23879521  0.23879521  0.24660521  0.25344337  0.23986134  
9_0_0      0.30744050  0.27975685  0.29259836  0.27975685  0.36800417  0.36800417  0.34696552  0.33160000  0.33922243  0.33160000  0.29259836  0.23879521  0.23879521  0.23879521  0.00000000  0.00000000  0.00858555  0.14455347  0.16161814  0.10690904  
13_0_0     0.30744050  0.27975685  0.29259836  0.27975685  0.36800417  0.36800417  0.34696552  0.33160000  0.33922243  0.33160000  0.29259836  0.23879521  0.23879521  0.23879521  0.00000000  0.00000000  0.00858555  0.14455347  0.16161814  0.10690904  
7_0_0      0.32189297  0.26648127  0.27904893  0.26648127  0.35214581  0.36800417  0.34696552  0.33160000  0.33922243  0.33160000  0.29951647  0.23879521  0.23879521  0.23879521  0.00858555  0.00858555  0.00000000  0.15586351  0.17333458  0.10690904  
8_0_0      0.33565568  0.30840280  0.32189297  0.30840280  0.40309070  0.38598107  0.38935251  0.37253075  0.38086932  0.38935251  0.30942057  0.24660521  0.24660521  0.24660521  0.14455347  0.14455347  0.15586351  0.00000000  0.01293551  0.12316707  
18_0_0     0.33565568  0.32296518  0.33678553  0.32296518  0.41187533  0.39446107  0.39798544  0.38086932  0.38935251  0.39798544  0.30942057  0.25344337  0.25344337  0.25344337  0.16161814  0.16161814  0.17333458  0.01293551  0.00000000  0.12857259  
19_0_0     0.32087806  0.29426147  0.28653226  0.26714928  0.34052929  0.35626835  0.34052929  0.34052929  0.34833551  0.35626835  0.32189297  0.23986134  0.23986134  0.23986134  0.10690904  0.10690904  0.10690904  0.12316707  0.12857259  0.00000000  

