13
39_0_0     0.00000000  0.30203671  0.28269227  0.28269227  0.30203671  0.20136121  0.20136121  0.51622071  0.40708615  0.41845300  0.44171996  0.52939444  0.52939444  
72_0_0     0.30203671  0.00000000  0.01318780  0.01318780  0.29230178  0.13583349  0.13583349  0.42999576  0.35271359  0.40708615  0.45363139  0.47804056  0.46573613  
90_0_0     0.28269227  0.01318780  0.00000000  0.00000000  0.27320499  0.12031314  0.12031314  0.42999576  0.33202787  0.40708615  0.42999576  0.50327563  0.49055138  
62_0_0     0.28269227  0.01318780  0.00000000  0.00000000  0.27320499  0.12031314  0.12031314  0.42999576  0.33202787  0.40708615  0.42999576  0.50327563  0.49055138  
85_0_0     0.30203671  0.29230178  0.27320499  0.27320499  0.00000000  0.22749845  0.22749845  0.50327563  0.41845300  0.51622071  0.52939444  0.57037196  0.55646115  
66_0_0     0.20136121  0.13583349  0.12031314  0.12031314  0.22749845  0.00000000  0.01318780  0.41845300  0.33202787  0.39588992  0.39588992  0.47804056  0.47804056  
84_0_0     0.20136121  0.13583349  0.12031314  0.12031314  0.22749845  0.01318780  0.00000000  0.42999576  0.33202787  0.39588992  0.39588992  0.47804056  0.47804056  
6_0_0      0.51622071  0.42999576  0.42999576  0.42999576  0.50327563  0.41845300  0.42999576  0.00000000  0.10510916  0.31190038  0.34229902  0.32189623  0.31190038  
19_0_0     0.40708615  0.35271359  0.33202787  0.33202787  0.41845300  0.33202787  0.33202787  0.10510916  0.00000000  0.24544639  0.23641843  0.26383687  0.25458495  
32_0_0     0.41845300  0.40708615  0.40708615  0.40708615  0.51622071  0.39588992  0.39588992  0.31190038  0.24544639  0.00000000  0.09020891  0.26383687  0.25458495  
1_0_0      0.44171996  0.45363139  0.42999576  0.42999576  0.52939444  0.39588992  0.39588992  0.34229902  0.23641843  0.09020891  0.00000000  0.25458495  0.24544639  
4_0_0      0.52939444  0.47804056  0.50327563  0.50327563  0.57037196  0.47804056  0.47804056  0.32189623  0.26383687  0.26383687  0.25458495  0.00000000  0.00656475  
3_0_0      0.52939444  0.46573613  0.49055138  0.49055138  0.55646115  0.47804056  0.47804056  0.31190038  0.25458495  0.25458495  0.24544639  0.00656475  0.00000000  

