20
7_0_0      0.00000000  0.59138750  0.53663032  0.55186210  0.52913156  0.52170879  0.54420662  0.48568281  0.55959842  0.52913156  0.59138750  0.63316762  0.84050063  0.77504342  0.72463630  0.76468071  0.77504342  0.77504342  0.78555482  0.76468071  
5_0_0      0.59138750  0.00000000  0.29487771  0.30579617  0.28947891  0.29487771  0.30579617  0.24766361  0.43149032  0.38715246  0.39954899  0.40582681  0.73444407  0.91238541  0.81802542  0.87556167  0.71495810  0.72463630  0.79621924  0.76468071  
12_0_0     0.53663032  0.29487771  0.00000000  0.00728245  0.15698433  0.13487609  0.30031660  0.28411959  0.52170879  0.40582681  0.41215890  0.45134570  0.72463630  0.96455267  0.76468071  0.79621924  0.67747534  0.66839682  0.65057047  0.75446254  
2_0_0      0.55186210  0.30579617  0.00728245  0.00000000  0.15698433  0.13487609  0.28947891  0.28411959  0.50708513  0.41854620  0.42498967  0.45134570  0.72463630  0.93800479  0.76468071  0.79621924  0.69597702  0.68666777  0.63316762  0.77504342  
4_0_0      0.52913156  0.28947891  0.15698433  0.15698433  0.00000000  0.04868382  0.33382619  0.28947891  0.49988132  0.39332450  0.45134570  0.45134570  0.74438493  0.77504342  0.78555482  0.82917684  0.72463630  0.67747534  0.73444407  0.80704120  
11_0_0     0.52170879  0.29487771  0.13487609  0.13487609  0.04868382  0.00000000  0.32813373  0.26827296  0.48568281  0.39332450  0.41854620  0.43804917  0.76468071  0.80704120  0.75446254  0.76468071  0.72463630  0.66839682  0.68666777  0.75446254  
8_0_0      0.54420662  0.30579617  0.30031660  0.28947891  0.33382619  0.32813373  0.00000000  0.19380675  0.41854620  0.42498967  0.40582681  0.44466727  0.78555482  0.80704120  0.75446254  0.74438493  0.70540609  0.69597702  0.65057047  0.75446254  
1_0_0      0.48568281  0.24766361  0.28411959  0.28411959  0.28947891  0.26827296  0.19380675  0.00000000  0.45134570  0.33382619  0.30579617  0.35704893  0.71495810  0.75446254  0.66839682  0.71495810  0.74438493  0.73444407  0.64181737  0.69597702  
10_0_0     0.55959842  0.43149032  0.52170879  0.50708513  0.49988132  0.48568281  0.41854620  0.45134570  0.00000000  0.51436047  0.52170879  0.54420662  0.76468071  0.76468071  0.75446254  0.78555482  0.78555482  0.77504342  0.77504342  0.76468071  
6_0_0      0.52913156  0.38715246  0.40582681  0.41854620  0.39332450  0.39332450  0.42498967  0.33382619  0.51436047  0.00000000  0.15250898  0.15250898  0.64181737  0.73444407  0.70540609  0.73444407  0.67747534  0.69597702  0.73444407  0.70540609  
3_0_0      0.59138750  0.39954899  0.41215890  0.42498967  0.45134570  0.41854620  0.40582681  0.30579617  0.52170879  0.15250898  0.00000000  0.19854247  0.75446254  0.79621924  0.68666777  0.70540609  0.79621924  0.75446254  0.73444407  0.72463630  
9_0_0      0.63316762  0.40582681  0.45134570  0.45134570  0.45134570  0.43804917  0.44466727  0.35704893  0.54420662  0.15250898  0.19854247  0.00000000  0.65942943  0.73444407  0.63316762  0.64181737  0.78555482  0.78555482  0.74438493  0.74438493  
16_0_0     0.84050063  0.73444407  0.72463630  0.72463630  0.74438493  0.76468071  0.78555482  0.71495810  0.76468071  0.64181737  0.75446254  0.65942943  0.00000000  0.34534555  0.23257838  0.23757236  0.37496221  0.36297149  0.45134570  0.39954899  
20_0_0     0.77504342  0.91238541  0.96455267  0.93800479  0.77504342  0.80704120  0.80704120  0.75446254  0.76468071  0.73444407  0.79621924  0.73444407  0.34534555  0.00000000  0.26306601  0.27351718  0.43149032  0.40582681  0.45134570  0.40582681  
13_0_0     0.72463630  0.81802542  0.76468071  0.76468071  0.78555482  0.75446254  0.75446254  0.66839682  0.75446254  0.70540609  0.68666777  0.63316762  0.23257838  0.26306601  0.00000000  0.03335670  0.38103198  0.36894232  0.43804917  0.36297149  
19_0_0     0.76468071  0.87556167  0.79621924  0.79621924  0.82917684  0.76468071  0.74438493  0.71495810  0.78555482  0.73444407  0.70540609  0.64181737  0.23757236  0.27351718  0.03335670  0.00000000  0.42498967  0.41215890  0.41854620  0.36894232  
17_0_0     0.77504342  0.71495810  0.67747534  0.69597702  0.72463630  0.72463630  0.70540609  0.74438493  0.78555482  0.67747534  0.79621924  0.78555482  0.37496221  0.43149032  0.38103198  0.42498967  0.00000000  0.03335670  0.19380675  0.14363949  
15_0_0     0.77504342  0.72463630  0.66839682  0.68666777  0.67747534  0.66839682  0.69597702  0.73444407  0.77504342  0.69597702  0.75446254  0.78555482  0.36297149  0.40582681  0.36894232  0.41215890  0.03335670  0.00000000  0.19854247  0.14363949  
14_0_0     0.78555482  0.79621924  0.65057047  0.63316762  0.73444407  0.68666777  0.65057047  0.64181737  0.77504342  0.73444407  0.73444407  0.74438493  0.45134570  0.45134570  0.43804917  0.41854620  0.19380675  0.19854247  0.00000000  0.15250898  
18_0_0     0.76468071  0.76468071  0.75446254  0.77504342  0.80704120  0.75446254  0.75446254  0.69597702  0.76468071  0.70540609  0.72463630  0.74438493  0.39954899  0.40582681  0.36297149  0.36894232  0.14363949  0.14363949  0.15250898  0.00000000  

