122
77_0_0     0.00000000  0.11782048  0.20824531  0.21942549  0.32844297  0.42097266  0.52105324  0.52105324  0.45629276  0.47196050  0.46147865  0.46147865  0.50432532  0.50985947  0.46670106  0.49883215  0.45114287  0.50432532  0.56759832  0.54396071  0.54979986  0.52105324  0.54396071  0.54396071  0.57362734  0.59824580  0.58583443  0.57362734  0.59824580  0.57362734  0.61086841  0.70580823  0.72042040  0.67048976  0.65007878  0.57970577  0.61726120  0.65682022  0.67048976  0.65682022  0.61086841  0.55568535  0.62370957  0.61726120  0.68441598  0.69147839  0.65007878  0.75053783  0.75826224  0.73532625  0.74289304  0.72783588  0.74289304  0.72783588  0.72783588  0.72783588  0.70580823  0.74289304  0.78193022  0.73532625  0.61086841  0.68441598  0.67048976  0.63677699  0.63677699  0.69860870  0.65007878  0.65682022  0.66362349  0.64339806  0.69147839  0.65007878  0.64339806  0.64339806  0.65682022  0.69860870  0.65682022  0.75053783  0.73532625  0.63677699  0.61086841  0.65007878  0.65007878  0.64339806  0.63677699  0.67048976  0.67048976  0.68441598  0.68441598  0.62370957  0.75053783  0.72783588  0.68441598  0.72042040  0.75826224  0.73532625  0.68441598  0.70580823  0.70580823  0.70580823  0.70580823  0.72042040  0.73532625  0.74289304  0.73532625  0.73532625  0.73532625  0.71307833  0.72042040  0.70580823  0.67048976  0.61086841  0.71307833  0.69860870  0.69147839  0.69147839  0.69860870  0.77395667  0.78193022  0.72042040  0.78999041  0.67742018  
97_0_0     0.11782048  0.00000000  0.16165566  0.17215029  0.32844297  0.37790070  0.52671411  0.52671411  0.46670106  0.46147865  0.45114287  0.45114287  0.48259262  0.49883215  0.46147865  0.47725751  0.43089365  0.49883215  0.59824580  0.55568535  0.56161791  0.54396071  0.57362734  0.55568535  0.57970577  0.61726120  0.61726120  0.61726120  0.59201415  0.59201415  0.63677699  0.67742018  0.68441598  0.63677699  0.63021450  0.60453025  0.59824580  0.61726120  0.72783588  0.71307833  0.59824580  0.59201415  0.65007878  0.58583443  0.63021450  0.66362349  0.67742018  0.71307833  0.73532625  0.71307833  0.76606794  0.72783588  0.72042040  0.74289304  0.77395667  0.77395667  0.72042040  0.74289304  0.70580823  0.75826224  0.59824580  0.62370957  0.63677699  0.61086841  0.63677699  0.64339806  0.69860870  0.65007878  0.65682022  0.63021450  0.69860870  0.65007878  0.63677699  0.65007878  0.66362349  0.72042040  0.64339806  0.80637845  0.77395667  0.66362349  0.63021450  0.63677699  0.62370957  0.65682022  0.65007878  0.67742018  0.69147839  0.73532625  0.65007878  0.65007878  0.73532625  0.69860870  0.69147839  0.68441598  0.78999041  0.75053783  0.69147839  0.72783588  0.71307833  0.71307833  0.69147839  0.69860870  0.75053783  0.75826224  0.76606794  0.74289304  0.78999041  0.76606794  0.71307833  0.72783588  0.67742018  0.68441598  0.68441598  0.67742018  0.67048976  0.70580823  0.69860870  0.77395667  0.81471029  0.79813917  0.83166015  0.72783588  
89_0_0     0.20824531  0.16165566  0.00000000  0.01409966  0.36408187  0.46147865  0.53816717  0.53816717  0.49883215  0.50985947  0.49883215  0.49883215  0.50985947  0.53816717  0.53241853  0.49883215  0.45629276  0.56759832  0.62370957  0.55568535  0.57362734  0.53241853  0.59824580  0.57970577  0.59201415  0.68441598  0.61726120  0.60453025  0.60453025  0.56759832  0.63677699  0.75053783  0.74289304  0.66362349  0.70580823  0.63021450  0.63677699  0.64339806  0.75826224  0.74289304  0.59824580  0.61726120  0.72783588  0.68441598  0.64339806  0.68441598  0.68441598  0.77395667  0.75053783  0.72783588  0.76606794  0.75826224  0.75826224  0.69860870  0.71307833  0.71307833  0.70580823  0.75053783  0.67742018  0.75053783  0.59201415  0.63021450  0.66362349  0.64339806  0.61726120  0.63677699  0.68441598  0.68441598  0.69860870  0.69860870  0.72042040  0.67742018  0.67048976  0.67048976  0.70580823  0.67048976  0.69147839  0.82313680  0.79813917  0.65682022  0.65682022  0.65682022  0.64339806  0.65682022  0.67742018  0.72042040  0.73532625  0.75053783  0.67742018  0.68441598  0.72042040  0.71307833  0.69860870  0.72042040  0.79813917  0.78999041  0.72783588  0.75826224  0.74289304  0.74289304  0.72042040  0.77395667  0.83166015  0.84028258  0.84900645  0.80637845  0.84028258  0.81471029  0.76606794  0.73532625  0.72783588  0.71307833  0.71307833  0.72783588  0.72042040  0.72042040  0.75826224  0.85783414  0.86676818  0.80637845  0.89423474  0.78999041  
92_0_0     0.21942549  0.17215029  0.01409966  0.00000000  0.37326576  0.46147865  0.53816717  0.53816717  0.49883215  0.50985947  0.49883215  0.49883215  0.52105324  0.54979986  0.53241853  0.48796638  0.45629276  0.56759832  0.62370957  0.55568535  0.57362734  0.53241853  0.59824580  0.57970577  0.59201415  0.68441598  0.61726120  0.60453025  0.60453025  0.56759832  0.63677699  0.72783588  0.72042040  0.65682022  0.69860870  0.61086841  0.62370957  0.63677699  0.75053783  0.73532625  0.57970577  0.62370957  0.70580823  0.66362349  0.65682022  0.69860870  0.71307833  0.77395667  0.72042040  0.69860870  0.73532625  0.74289304  0.74289304  0.69860870  0.71307833  0.71307833  0.72042040  0.75053783  0.69147839  0.72042040  0.59201415  0.63021450  0.66362349  0.64339806  0.60453025  0.62370957  0.68441598  0.69860870  0.71307833  0.69860870  0.72042040  0.67742018  0.68441598  0.68441598  0.72042040  0.67048976  0.70580823  0.82313680  0.81471029  0.67048976  0.67048976  0.66362349  0.65007878  0.66362349  0.68441598  0.74289304  0.74289304  0.76606794  0.68441598  0.70580823  0.72042040  0.71307833  0.69860870  0.73532625  0.80637845  0.79813917  0.72042040  0.75053783  0.73532625  0.73532625  0.71307833  0.75053783  0.82313680  0.83166015  0.84028258  0.79813917  0.83166015  0.80637845  0.75826224  0.72783588  0.72042040  0.70580823  0.72042040  0.71307833  0.70580823  0.70580823  0.74289304  0.83166015  0.85783414  0.81471029  0.91312766  0.79813917  
96_0_0     0.32844297  0.32844297  0.36408187  0.37326576  0.00000000  0.44094916  0.59201415  0.57970577  0.43590436  0.47196050  0.47725751  0.47725751  0.50985947  0.52105324  0.57362734  0.54979986  0.54396071  0.55568535  0.62370957  0.66362349  0.65682022  0.61086841  0.66362349  0.61726120  0.66362349  0.72042040  0.69147839  0.70580823  0.66362349  0.66362349  0.75826224  0.79813917  0.81471029  0.72783588  0.71307833  0.67742018  0.65007878  0.65007878  0.69860870  0.68441598  0.61726120  0.66362349  0.75053783  0.66362349  0.72042040  0.68441598  0.70580823  0.72783588  0.68441598  0.65007878  0.71307833  0.71307833  0.83166015  0.72042040  0.69147839  0.70580823  0.65007878  0.70580823  0.72783588  0.75826224  0.61726120  0.66362349  0.72783588  0.69147839  0.63021450  0.72042040  0.71307833  0.78999041  0.80637845  0.75826224  0.72783588  0.69860870  0.74289304  0.73532625  0.72783588  0.76606794  0.75826224  0.81471029  0.81471029  0.70580823  0.63677699  0.72042040  0.72042040  0.68441598  0.67742018  0.69147839  0.66362349  0.69860870  0.65007878  0.70580823  0.68441598  0.67742018  0.63021450  0.63677699  0.80637845  0.79813917  0.88496574  0.87581115  0.85783414  0.78193022  0.81471029  0.81471029  0.84900645  0.84028258  0.84900645  0.77395667  0.75053783  0.72042040  0.69860870  0.74289304  0.72042040  0.68441598  0.79813917  0.66362349  0.65682022  0.69860870  0.72042040  0.85783414  0.86676818  0.71307833  0.75826224  0.75826224  
93_0_0     0.42097266  0.37790070  0.46147865  0.46147865  0.44094916  0.00000000  0.56161791  0.54979986  0.46147865  0.47196050  0.47196050  0.47196050  0.48796638  0.48796638  0.47196050  0.45629276  0.43089365  0.46147865  0.55568535  0.51543524  0.50985947  0.47725751  0.53816717  0.53816717  0.52105324  0.65682022  0.58583443  0.59201415  0.57362734  0.56759832  0.58583443  0.60453025  0.61086841  0.60453025  0.58583443  0.58583443  0.60453025  0.61086841  0.64339806  0.65007878  0.57362734  0.55568535  0.61086841  0.62370957  0.72042040  0.67742018  0.63021450  0.62370957  0.65007878  0.65682022  0.66362349  0.65682022  0.68441598  0.64339806  0.65682022  0.65682022  0.65007878  0.59824580  0.69860870  0.72783588  0.69147839  0.73532625  0.72042040  0.67742018  0.69147839  0.69860870  0.74289304  0.69147839  0.69860870  0.61726120  0.63021450  0.62370957  0.64339806  0.67048976  0.65007878  0.65007878  0.62370957  0.79813917  0.73532625  0.63677699  0.63677699  0.67048976  0.64339806  0.63021450  0.59824580  0.62370957  0.62370957  0.63677699  0.60453025  0.64339806  0.74289304  0.71307833  0.63021450  0.63677699  0.73532625  0.78999041  0.72783588  0.69147839  0.69147839  0.68441598  0.72783588  0.69147839  0.71307833  0.70580823  0.71307833  0.65682022  0.68441598  0.65682022  0.63677699  0.65682022  0.66362349  0.65682022  0.67048976  0.62370957  0.61726120  0.63021450  0.65007878  0.69147839  0.75826224  0.75826224  0.72042040  0.72042040  
81_0_0     0.52105324  0.52671411  0.53816717  0.53816717  0.59201415  0.56161791  0.00000000  0.01125820  0.43590436  0.43590436  0.44602850  0.44602850  0.49337937  0.47725751  0.52671411  0.43590436  0.42591657  0.67742018  0.65682022  0.72042040  0.72783588  0.72783588  0.65682022  0.65007878  0.59824580  0.77395667  0.75053783  0.73532625  0.70580823  0.72042040  0.78193022  0.66362349  0.67742018  0.67048976  0.69860870  0.72783588  0.72783588  0.75053783  0.77395667  0.78193022  0.74289304  0.67048976  0.73532625  0.67048976  0.72042040  0.68441598  0.75053783  0.84028258  0.84028258  0.79813917  0.84900645  0.85783414  0.78193022  0.75826224  0.76606794  0.75053783  0.71307833  0.76606794  0.78193022  0.78193022  0.74289304  0.78193022  0.82313680  0.83166015  0.75826224  0.69860870  0.76606794  0.69860870  0.69860870  0.70580823  0.67742018  0.69147839  0.77395667  0.78193022  0.75053783  0.75053783  0.72783588  0.80637845  0.83166015  0.72042040  0.76606794  0.66362349  0.67742018  0.69147839  0.68441598  0.76606794  0.77395667  0.75053783  0.72042040  0.71307833  0.84900645  0.83166015  0.86676818  0.76606794  0.88496574  0.88496574  0.78999041  0.87581115  0.87581115  0.81471029  0.84900645  0.78999041  0.88496574  0.89423474  0.91312766  0.88496574  0.77395667  0.78193022  0.78999041  0.75053783  0.77395667  0.72042040  0.69860870  0.70580823  0.69860870  0.75826224  0.72783588  0.77395667  0.78193022  0.89423474  0.97287798  0.73532625  
80_0_0     0.52105324  0.52671411  0.53816717  0.53816717  0.57970577  0.54979986  0.01125820  0.00000000  0.42591657  0.42591657  0.43590436  0.43590436  0.49337937  0.47725751  0.53816717  0.43590436  0.43590436  0.67742018  0.65682022  0.73532625  0.74289304  0.74289304  0.67048976  0.66362349  0.59824580  0.77395667  0.76606794  0.75053783  0.72042040  0.73532625  0.79813917  0.66362349  0.67742018  0.67048976  0.69860870  0.72783588  0.72783588  0.75053783  0.77395667  0.78193022  0.74289304  0.67048976  0.73532625  0.67048976  0.72042040  0.67048976  0.75053783  0.82313680  0.82313680  0.78193022  0.83166015  0.84028258  0.76606794  0.75826224  0.76606794  0.75053783  0.69860870  0.75053783  0.76606794  0.76606794  0.74289304  0.77395667  0.82313680  0.83166015  0.75826224  0.68441598  0.78193022  0.69860870  0.69860870  0.70580823  0.67742018  0.67742018  0.78999041  0.79813917  0.76606794  0.75053783  0.73532625  0.80637845  0.83166015  0.71307833  0.75053783  0.68441598  0.68441598  0.67742018  0.67048976  0.76606794  0.77395667  0.75053783  0.70580823  0.69860870  0.85783414  0.84028258  0.85783414  0.75826224  0.85783414  0.85783414  0.78999041  0.89423474  0.89423474  0.81471029  0.84900645  0.78999041  0.87581115  0.88496574  0.90362104  0.85783414  0.76606794  0.77395667  0.78193022  0.74289304  0.75053783  0.71307833  0.67742018  0.68441598  0.67742018  0.73532625  0.70580823  0.75826224  0.76606794  0.86676818  0.94240128  0.74289304  
100_0_0    0.45629276  0.46670106  0.49883215  0.49883215  0.43590436  0.46147865  0.43590436  0.42591657  0.00000000  0.09524791  0.09843081  0.09843081  0.44602850  0.41606149  0.43089365  0.46670106  0.40152013  0.55568535  0.57970577  0.58583443  0.57970577  0.58583443  0.61086841  0.56759832  0.57970577  0.63677699  0.68441598  0.65682022  0.61726120  0.61086841  0.72042040  0.66362349  0.65682022  0.60453025  0.63021450  0.67742018  0.67048976  0.72042040  0.59824580  0.60453025  0.66362349  0.56759832  0.62370957  0.67048976  0.60453025  0.65682022  0.66362349  0.67048976  0.64339806  0.65007878  0.63021450  0.64339806  0.75053783  0.74289304  0.69147839  0.69147839  0.65007878  0.67048976  0.70580823  0.69147839  0.63021450  0.63677699  0.64339806  0.62370957  0.61726120  0.65007878  0.66362349  0.77395667  0.78999041  0.77395667  0.78999041  0.75053783  0.77395667  0.78193022  0.78999041  0.81471029  0.82313680  0.82313680  0.76606794  0.69147839  0.66362349  0.71307833  0.69860870  0.66362349  0.65682022  0.72042040  0.65007878  0.65682022  0.66362349  0.78193022  0.72783588  0.73532625  0.73532625  0.67048976  0.74289304  0.79813917  0.67048976  0.74289304  0.75826224  0.68441598  0.69860870  0.66362349  0.62370957  0.69860870  0.69860870  0.69147839  0.64339806  0.65682022  0.69860870  0.69860870  0.66362349  0.67742018  0.76606794  0.65007878  0.64339806  0.72783588  0.71307833  0.82313680  0.79813917  0.76606794  0.77395667  0.72783588  
91_0_0     0.47196050  0.46147865  0.50985947  0.50985947  0.47196050  0.47196050  0.43590436  0.42591657  0.09524791  0.00000000  0.00842759  0.00842759  0.45114287  0.42591657  0.44094916  0.44094916  0.38725841  0.56759832  0.56161791  0.61086841  0.60453025  0.62370957  0.59201415  0.52671411  0.56161791  0.62370957  0.63677699  0.63677699  0.59824580  0.59201415  0.72783588  0.63677699  0.62370957  0.57362734  0.58583443  0.72042040  0.69860870  0.76606794  0.62370957  0.63021450  0.69147839  0.60453025  0.65682022  0.68441598  0.63021450  0.65682022  0.69860870  0.66362349  0.67048976  0.66362349  0.63021450  0.65007878  0.76606794  0.72783588  0.70580823  0.71307833  0.66362349  0.69860870  0.70580823  0.67742018  0.61086841  0.61086841  0.65007878  0.61726120  0.62370957  0.67048976  0.67742018  0.77395667  0.78999041  0.69860870  0.72783588  0.69860870  0.77395667  0.76606794  0.74289304  0.79813917  0.77395667  0.75053783  0.75826224  0.67742018  0.68441598  0.70580823  0.70580823  0.63021450  0.63677699  0.70580823  0.67742018  0.67048976  0.63021450  0.71307833  0.74289304  0.76606794  0.72042040  0.67048976  0.75053783  0.84028258  0.64339806  0.71307833  0.72783588  0.68441598  0.65682022  0.65007878  0.62370957  0.68441598  0.69860870  0.66362349  0.63021450  0.65007878  0.69147839  0.67742018  0.64339806  0.67048976  0.67048976  0.69860870  0.70580823  0.75053783  0.75053783  0.75826224  0.75053783  0.71307833  0.75826224  0.71307833  
95_0_0     0.46147865  0.45114287  0.49883215  0.49883215  0.47725751  0.47196050  0.44602850  0.43590436  0.09843081  0.00842759  0.00000000  0.00000000  0.46670106  0.43089365  0.43089365  0.45629276  0.39198191  0.57362734  0.56759832  0.60453025  0.59824580  0.61726120  0.59824580  0.53241853  0.56759832  0.61086841  0.63021450  0.63021450  0.58583443  0.57970577  0.72783588  0.63677699  0.62370957  0.57362734  0.58583443  0.71307833  0.69147839  0.75826224  0.62370957  0.63021450  0.68441598  0.59824580  0.65007878  0.69147839  0.63021450  0.65007878  0.69147839  0.67742018  0.68441598  0.67742018  0.64339806  0.66362349  0.76606794  0.72042040  0.70580823  0.71307833  0.67742018  0.70580823  0.70580823  0.67048976  0.60453025  0.60453025  0.64339806  0.61086841  0.61726120  0.66362349  0.67048976  0.77395667  0.78999041  0.71307833  0.72783588  0.69860870  0.75826224  0.75053783  0.72783588  0.79813917  0.77395667  0.74289304  0.75053783  0.67742018  0.67742018  0.72042040  0.72042040  0.63021450  0.63677699  0.69147839  0.66362349  0.67048976  0.61726120  0.71307833  0.76606794  0.78999041  0.72783588  0.67742018  0.75053783  0.84028258  0.63021450  0.71307833  0.72783588  0.67048976  0.64339806  0.63677699  0.63021450  0.67048976  0.68441598  0.65007878  0.64339806  0.65007878  0.69147839  0.69147839  0.64339806  0.67048976  0.67048976  0.69860870  0.70580823  0.73532625  0.75053783  0.75053783  0.73532625  0.71307833  0.75826224  0.72042040  
88_0_0     0.46147865  0.45114287  0.49883215  0.49883215  0.47725751  0.47196050  0.44602850  0.43590436  0.09843081  0.00842759  0.00000000  0.00000000  0.46670106  0.43089365  0.43089365  0.45629276  0.39198191  0.57362734  0.56759832  0.60453025  0.59824580  0.61726120  0.59824580  0.53241853  0.56759832  0.61086841  0.63021450  0.63021450  0.58583443  0.57970577  0.72783588  0.63677699  0.62370957  0.57362734  0.58583443  0.71307833  0.69147839  0.75826224  0.62370957  0.63021450  0.68441598  0.59824580  0.65007878  0.69147839  0.63021450  0.65007878  0.69147839  0.67742018  0.68441598  0.67742018  0.64339806  0.66362349  0.76606794  0.72042040  0.70580823  0.71307833  0.67742018  0.70580823  0.70580823  0.67048976  0.60453025  0.60453025  0.64339806  0.61086841  0.61726120  0.66362349  0.67048976  0.77395667  0.78999041  0.71307833  0.72783588  0.69860870  0.75826224  0.75053783  0.72783588  0.79813917  0.77395667  0.74289304  0.75053783  0.67742018  0.67742018  0.72042040  0.72042040  0.63021450  0.63677699  0.69147839  0.66362349  0.67048976  0.61726120  0.71307833  0.76606794  0.78999041  0.72783588  0.67742018  0.75053783  0.84028258  0.63021450  0.71307833  0.72783588  0.67048976  0.64339806  0.63677699  0.63021450  0.67048976  0.68441598  0.65007878  0.64339806  0.65007878  0.69147839  0.69147839  0.64339806  0.67048976  0.67048976  0.69860870  0.70580823  0.73532625  0.75053783  0.75053783  0.73532625  0.71307833  0.75826224  0.72042040  
86_0_0     0.50432532  0.48259262  0.50985947  0.52105324  0.50985947  0.48796638  0.49337937  0.49337937  0.44602850  0.45114287  0.46670106  0.46670106  0.00000000  0.03430063  0.14110166  0.16863556  0.20088441  0.54979986  0.61726120  0.60453025  0.61086841  0.61086841  0.57970577  0.57362734  0.55568535  0.65007878  0.67048976  0.67048976  0.65007878  0.64339806  0.63021450  0.69147839  0.68441598  0.67048976  0.62370957  0.67742018  0.65682022  0.69860870  0.72783588  0.72042040  0.70580823  0.69147839  0.75053783  0.67742018  0.68441598  0.68441598  0.70580823  0.73532625  0.70580823  0.73532625  0.73532625  0.72042040  0.74289304  0.71307833  0.69860870  0.69860870  0.67048976  0.72042040  0.66362349  0.74289304  0.69860870  0.75053783  0.75826224  0.75053783  0.67742018  0.69147839  0.71307833  0.72042040  0.73532625  0.69860870  0.73532625  0.68441598  0.74289304  0.74289304  0.75053783  0.69147839  0.78999041  0.77395667  0.77395667  0.67048976  0.66362349  0.74289304  0.72783588  0.75053783  0.71307833  0.71307833  0.68441598  0.70580823  0.72783588  0.78193022  0.75826224  0.78193022  0.70580823  0.66362349  0.81471029  0.84028258  0.78193022  0.75826224  0.75826224  0.78193022  0.75053783  0.72042040  0.75826224  0.76606794  0.75826224  0.72042040  0.77395667  0.81471029  0.70580823  0.77395667  0.69860870  0.72042040  0.77395667  0.65682022  0.66362349  0.67048976  0.67048976  0.70580823  0.75053783  0.76606794  0.77395667  0.73532625  
84_0_0     0.50985947  0.49883215  0.53816717  0.54979986  0.52105324  0.48796638  0.47725751  0.47725751  0.41606149  0.42591657  0.43089365  0.43089365  0.03430063  0.00000000  0.14110166  0.17568177  0.18637821  0.54979986  0.58583443  0.61086841  0.61086841  0.60453025  0.57362734  0.56759832  0.53816717  0.65682022  0.65682022  0.65682022  0.65007878  0.64339806  0.65007878  0.69147839  0.69147839  0.66362349  0.63677699  0.67048976  0.66362349  0.72042040  0.71307833  0.71307833  0.68441598  0.68441598  0.72783588  0.68441598  0.65682022  0.65682022  0.69147839  0.72042040  0.69860870  0.71307833  0.74289304  0.69147839  0.76606794  0.72042040  0.69147839  0.69147839  0.65682022  0.70580823  0.65682022  0.71307833  0.71307833  0.75826224  0.77395667  0.76606794  0.70580823  0.69147839  0.72783588  0.72783588  0.74289304  0.70580823  0.72783588  0.67742018  0.72042040  0.72042040  0.71307833  0.71307833  0.76606794  0.78999041  0.75826224  0.63021450  0.63677699  0.70580823  0.70580823  0.71307833  0.69147839  0.69147839  0.66362349  0.68441598  0.70580823  0.75826224  0.75053783  0.78999041  0.76606794  0.70580823  0.78999041  0.81471029  0.74289304  0.73532625  0.73532625  0.72783588  0.71307833  0.68441598  0.73532625  0.74289304  0.73532625  0.71307833  0.77395667  0.81471029  0.69147839  0.76606794  0.69147839  0.71307833  0.74289304  0.65007878  0.65682022  0.59201415  0.59201415  0.71307833  0.74289304  0.76606794  0.74289304  0.71307833  
82_0_0     0.46670106  0.46147865  0.53241853  0.53241853  0.57362734  0.47196050  0.52671411  0.53816717  0.43089365  0.44094916  0.43089365  0.43089365  0.14110166  0.14110166  0.00000000  0.20824531  0.21195334  0.51543524  0.59201415  0.59201415  0.59201415  0.59824580  0.61086841  0.61726120  0.62370957  0.65007878  0.68441598  0.68441598  0.67048976  0.67048976  0.67742018  0.72783588  0.72042040  0.72042040  0.66362349  0.63677699  0.61726120  0.67742018  0.74289304  0.74289304  0.69860870  0.67742018  0.73532625  0.79813917  0.65007878  0.66362349  0.67048976  0.75053783  0.69860870  0.74289304  0.72783588  0.75826224  0.81471029  0.69860870  0.68441598  0.68441598  0.77395667  0.75826224  0.69147839  0.77395667  0.67742018  0.76606794  0.72783588  0.72042040  0.67048976  0.72783588  0.67742018  0.74289304  0.74289304  0.69147839  0.71307833  0.69860870  0.69147839  0.70580823  0.71307833  0.72783588  0.74289304  0.82313680  0.82313680  0.64339806  0.65007878  0.72783588  0.74289304  0.72042040  0.71307833  0.66362349  0.67742018  0.69860870  0.70580823  0.75053783  0.79813917  0.78999041  0.69147839  0.67048976  0.83166015  0.84028258  0.72042040  0.72042040  0.72042040  0.78193022  0.72042040  0.72042040  0.71307833  0.75053783  0.74289304  0.73532625  0.79813917  0.78193022  0.66362349  0.78193022  0.73532625  0.73532625  0.75826224  0.67742018  0.65682022  0.64339806  0.67048976  0.77395667  0.77395667  0.81471029  0.82313680  0.73532625  
94_0_0     0.49883215  0.47725751  0.49883215  0.48796638  0.54979986  0.45629276  0.43590436  0.43590436  0.46670106  0.44094916  0.45629276  0.45629276  0.16863556  0.17568177  0.20824531  0.00000000  0.10162742  0.58583443  0.59201415  0.57970577  0.57970577  0.61726120  0.49337937  0.49337937  0.53816717  0.68441598  0.66362349  0.66362349  0.64339806  0.61726120  0.62370957  0.65007878  0.63677699  0.60453025  0.61086841  0.70580823  0.67048976  0.66362349  0.66362349  0.66362349  0.63021450  0.65007878  0.71307833  0.67048976  0.67048976  0.69147839  0.69860870  0.67742018  0.69147839  0.69147839  0.68441598  0.72042040  0.74289304  0.65682022  0.64339806  0.64339806  0.65007878  0.66362349  0.67742018  0.70580823  0.64339806  0.78193022  0.76606794  0.75826224  0.68441598  0.61726120  0.66362349  0.68441598  0.69860870  0.67742018  0.69860870  0.69860870  0.69860870  0.71307833  0.72783588  0.70580823  0.72783588  0.77395667  0.80637845  0.58583443  0.63021450  0.69147839  0.69147839  0.72783588  0.72042040  0.75826224  0.69147839  0.69860870  0.65682022  0.73532625  0.72042040  0.75053783  0.67742018  0.63677699  0.71307833  0.72783588  0.67048976  0.67048976  0.67048976  0.69860870  0.67742018  0.65007878  0.67742018  0.70580823  0.70580823  0.64339806  0.67742018  0.69147839  0.64339806  0.69147839  0.65007878  0.63021450  0.67048976  0.61726120  0.62370957  0.61086841  0.60453025  0.75053783  0.75053783  0.70580823  0.69147839  0.69147839  
99_0_0     0.45114287  0.43089365  0.45629276  0.45629276  0.54396071  0.43089365  0.42591657  0.43590436  0.40152013  0.38725841  0.39198191  0.39198191  0.20088441  0.18637821  0.21195334  0.10162742  0.00000000  0.53816717  0.57362734  0.52671411  0.52671411  0.54979986  0.50432532  0.49337937  0.56161791  0.58583443  0.59201415  0.57970577  0.56161791  0.55568535  0.63021450  0.63677699  0.62370957  0.57362734  0.59201415  0.60453025  0.61086841  0.60453025  0.70580823  0.70580823  0.61086841  0.61086841  0.67048976  0.63677699  0.66362349  0.66362349  0.68441598  0.69860870  0.69147839  0.69860870  0.71307833  0.73532625  0.72783588  0.59824580  0.59824580  0.59824580  0.65682022  0.64339806  0.67048976  0.74289304  0.59824580  0.67742018  0.69147839  0.67048976  0.63021450  0.62370957  0.67742018  0.69860870  0.71307833  0.65682022  0.68441598  0.65682022  0.65682022  0.67048976  0.68441598  0.70580823  0.66362349  0.78193022  0.78193022  0.58583443  0.61726120  0.64339806  0.64339806  0.67742018  0.65682022  0.69860870  0.62370957  0.65682022  0.61086841  0.68441598  0.72783588  0.77395667  0.72042040  0.66362349  0.70580823  0.73532625  0.62370957  0.65007878  0.65007878  0.70580823  0.64339806  0.63021450  0.67048976  0.70580823  0.69147839  0.64339806  0.64339806  0.67742018  0.66362349  0.67742018  0.65682022  0.67742018  0.67048976  0.67742018  0.67048976  0.63021450  0.62370957  0.75826224  0.75826224  0.75826224  0.75826224  0.71307833  
90_0_0     0.50432532  0.49883215  0.56759832  0.56759832  0.55568535  0.46147865  0.67742018  0.67742018  0.55568535  0.56759832  0.57362734  0.57362734  0.54979986  0.54979986  0.51543524  0.58583443  0.53816717  0.00000000  0.23459948  0.19359584  0.19723117  0.19359584  0.37790070  0.37326576  0.43590436  0.62370957  0.66362349  0.67742018  0.66362349  0.68441598  0.67742018  0.69860870  0.72783588  0.69860870  0.64339806  0.63021450  0.66362349  0.70580823  0.72042040  0.70580823  0.64339806  0.70580823  0.72042040  0.69860870  0.71307833  0.71307833  0.70580823  0.67742018  0.65682022  0.65682022  0.76606794  0.69860870  0.75053783  0.68441598  0.69860870  0.69860870  0.64339806  0.69860870  0.73532625  0.69860870  0.63021450  0.63021450  0.64339806  0.61726120  0.63021450  0.70580823  0.69147839  0.80637845  0.82313680  0.71307833  0.73532625  0.72783588  0.73532625  0.76606794  0.78999041  0.70580823  0.72042040  0.78193022  0.71307833  0.70580823  0.65682022  0.71307833  0.68441598  0.71307833  0.69147839  0.71307833  0.69860870  0.67048976  0.69147839  0.75826224  0.78999041  0.77395667  0.66362349  0.65682022  0.77395667  0.75053783  0.73532625  0.74289304  0.75826224  0.72783588  0.75053783  0.75053783  0.69860870  0.71307833  0.70580823  0.71307833  0.65007878  0.65007878  0.68441598  0.70580823  0.69860870  0.69147839  0.70580823  0.69860870  0.67742018  0.69860870  0.70580823  0.71307833  0.80637845  0.81471029  0.82313680  0.67048976  
85_0_0     0.56759832  0.59824580  0.62370957  0.62370957  0.62370957  0.55568535  0.65682022  0.65682022  0.57970577  0.56161791  0.56759832  0.56759832  0.61726120  0.58583443  0.59201415  0.59201415  0.57362734  0.23459948  0.00000000  0.33280529  0.34604837  0.33280529  0.41606149  0.39198191  0.44602850  0.67048976  0.72783588  0.74289304  0.69860870  0.71307833  0.69860870  0.76606794  0.76606794  0.74289304  0.73532625  0.71307833  0.68441598  0.72042040  0.70580823  0.70580823  0.65007878  0.75053783  0.75826224  0.79813917  0.82313680  0.84028258  0.86676818  0.75053783  0.75053783  0.78193022  0.80637845  0.76606794  0.79813917  0.65007878  0.66362349  0.65007878  0.70580823  0.72042040  0.73532625  0.69860870  0.71307833  0.69860870  0.75826224  0.72783588  0.69860870  0.73532625  0.72042040  0.83166015  0.84900645  0.75053783  0.73532625  0.73532625  0.69860870  0.72042040  0.73532625  0.74289304  0.75826224  0.69860870  0.63677699  0.72783588  0.69147839  0.76606794  0.76606794  0.73532625  0.72783588  0.79813917  0.75826224  0.73532625  0.72042040  0.76606794  0.75053783  0.78193022  0.75826224  0.76606794  0.84900645  0.82313680  0.79813917  0.82313680  0.84028258  0.75053783  0.82313680  0.82313680  0.84900645  0.83166015  0.85783414  0.79813917  0.80637845  0.80637845  0.78999041  0.74289304  0.72042040  0.68441598  0.67048976  0.72042040  0.71307833  0.77395667  0.76606794  0.78999041  0.80637845  0.86676818  0.89423474  0.72042040  
78_0_0     0.54396071  0.55568535  0.55568535  0.55568535  0.66362349  0.51543524  0.72042040  0.73532625  0.58583443  0.61086841  0.60453025  0.60453025  0.60453025  0.61086841  0.59201415  0.57970577  0.52671411  0.19359584  0.33280529  0.00000000  0.00842759  0.05506727  0.43089365  0.41118262  0.44602850  0.67742018  0.68441598  0.69860870  0.67048976  0.67048976  0.65007878  0.72042040  0.74289304  0.68441598  0.67048976  0.69147839  0.73532625  0.73532625  0.81471029  0.81471029  0.72042040  0.77395667  0.78999041  0.78999041  0.73532625  0.75053783  0.74289304  0.72783588  0.71307833  0.70580823  0.77395667  0.75826224  0.75826224  0.74289304  0.74289304  0.74289304  0.74289304  0.81471029  0.82313680  0.78999041  0.72042040  0.71307833  0.72783588  0.70580823  0.75826224  0.77395667  0.70580823  0.78193022  0.78193022  0.75053783  0.77395667  0.76606794  0.72783588  0.72783588  0.79813917  0.67742018  0.77395667  0.79813917  0.72783588  0.72783588  0.72042040  0.75826224  0.72783588  0.74289304  0.73532625  0.72042040  0.70580823  0.74289304  0.72783588  0.79813917  0.79813917  0.82313680  0.72042040  0.74289304  0.81471029  0.78999041  0.73532625  0.75053783  0.76606794  0.81471029  0.76606794  0.75826224  0.79813917  0.75826224  0.75053783  0.74289304  0.75053783  0.72042040  0.73532625  0.77395667  0.72042040  0.68441598  0.75826224  0.69860870  0.67742018  0.69147839  0.69860870  0.75053783  0.84900645  0.84900645  0.80637845  0.65682022  
79_0_0     0.54979986  0.56161791  0.57362734  0.57362734  0.65682022  0.50985947  0.72783588  0.74289304  0.57970577  0.60453025  0.59824580  0.59824580  0.61086841  0.61086841  0.59201415  0.57970577  0.52671411  0.19723117  0.34604837  0.00842759  0.00000000  0.06414840  0.44602850  0.42591657  0.45114287  0.69147839  0.69860870  0.71307833  0.67742018  0.67742018  0.66362349  0.72783588  0.75053783  0.69860870  0.67048976  0.69860870  0.72783588  0.74289304  0.81471029  0.79813917  0.72042040  0.75826224  0.78193022  0.78999041  0.72042040  0.73532625  0.72783588  0.73532625  0.72042040  0.71307833  0.78193022  0.76606794  0.78193022  0.76606794  0.76606794  0.76606794  0.73532625  0.80637845  0.83166015  0.79813917  0.71307833  0.72042040  0.72042040  0.69860870  0.75053783  0.76606794  0.69147839  0.78193022  0.78193022  0.75053783  0.77395667  0.76606794  0.72783588  0.72783588  0.79813917  0.69147839  0.75826224  0.78193022  0.72042040  0.71307833  0.70580823  0.78193022  0.75053783  0.75053783  0.73532625  0.72042040  0.71307833  0.75053783  0.73532625  0.79813917  0.80637845  0.83166015  0.71307833  0.72783588  0.83166015  0.81471029  0.74289304  0.75826224  0.77395667  0.82313680  0.77395667  0.76606794  0.80637845  0.76606794  0.75826224  0.75053783  0.73532625  0.70580823  0.72042040  0.78193022  0.72783588  0.69147839  0.75053783  0.70580823  0.68441598  0.68441598  0.69147839  0.76606794  0.87581115  0.85783414  0.81471029  0.66362349  
76_0_0     0.52105324  0.54396071  0.53241853  0.53241853  0.61086841  0.47725751  0.72783588  0.74289304  0.58583443  0.62370957  0.61726120  0.61726120  0.61086841  0.60453025  0.59824580  0.61726120  0.54979986  0.19359584  0.33280529  0.05506727  0.06414840  0.00000000  0.43089365  0.41118262  0.43590436  0.70580823  0.65682022  0.67048976  0.65682022  0.64339806  0.69147839  0.75053783  0.75826224  0.72783588  0.72783588  0.67048976  0.74289304  0.72042040  0.75826224  0.75826224  0.65682022  0.78193022  0.79813917  0.75826224  0.73532625  0.76606794  0.78999041  0.74289304  0.69147839  0.68441598  0.75053783  0.73532625  0.78999041  0.76606794  0.75053783  0.75053783  0.78193022  0.82313680  0.81471029  0.78999041  0.74289304  0.69860870  0.76606794  0.71307833  0.78193022  0.79813917  0.72042040  0.76606794  0.78193022  0.69860870  0.71307833  0.71307833  0.67048976  0.67048976  0.73532625  0.65682022  0.78193022  0.76606794  0.71307833  0.72042040  0.69147839  0.72783588  0.69860870  0.71307833  0.70580823  0.72042040  0.69147839  0.74289304  0.72783588  0.76606794  0.78999041  0.83166015  0.72042040  0.74289304  0.82313680  0.79813917  0.75053783  0.76606794  0.78193022  0.76606794  0.78193022  0.79813917  0.79813917  0.78999041  0.78193022  0.75826224  0.75053783  0.72042040  0.74289304  0.76606794  0.75826224  0.72042040  0.75826224  0.71307833  0.69147839  0.67742018  0.69860870  0.75053783  0.84900645  0.89423474  0.81471029  0.68441598  
87_0_0     0.54396071  0.57362734  0.59824580  0.59824580  0.66362349  0.53816717  0.65682022  0.67048976  0.61086841  0.59201415  0.59824580  0.59824580  0.57970577  0.57362734  0.61086841  0.49337937  0.50432532  0.37790070  0.41606149  0.43089365  0.44602850  0.43089365  0.00000000  0.04312952  0.17215029  0.65682022  0.65682022  0.66362349  0.67048976  0.66362349  0.66362349  0.65682022  0.63677699  0.65007878  0.63021450  0.72042040  0.71307833  0.71307833  0.72042040  0.72783588  0.74289304  0.69147839  0.70580823  0.72042040  0.75053783  0.76606794  0.73532625  0.66362349  0.68441598  0.72042040  0.72042040  0.71307833  0.75053783  0.62370957  0.63677699  0.63677699  0.68441598  0.62370957  0.71307833  0.66362349  0.72042040  0.70580823  0.75053783  0.72042040  0.72783588  0.66362349  0.72042040  0.75053783  0.76606794  0.65007878  0.67742018  0.66362349  0.69147839  0.70580823  0.69147839  0.59201415  0.66362349  0.66362349  0.67742018  0.65007878  0.67048976  0.63021450  0.63021450  0.66362349  0.65682022  0.68441598  0.69147839  0.67742018  0.65007878  0.63021450  0.65007878  0.68441598  0.70580823  0.68441598  0.65007878  0.63021450  0.59824580  0.68441598  0.68441598  0.56161791  0.57362734  0.59201415  0.58583443  0.55568535  0.58583443  0.60453025  0.62370957  0.62370957  0.61726120  0.61726120  0.58583443  0.56161791  0.61726120  0.55568535  0.56161791  0.61086841  0.59201415  0.73532625  0.70580823  0.69147839  0.72042040  0.59201415  
98_0_0     0.54396071  0.55568535  0.57970577  0.57970577  0.61726120  0.53816717  0.65007878  0.66362349  0.56759832  0.52671411  0.53241853  0.53241853  0.57362734  0.56759832  0.61726120  0.49337937  0.49337937  0.37326576  0.39198191  0.41118262  0.42591657  0.41118262  0.04312952  0.00000000  0.16863556  0.64339806  0.65007878  0.67048976  0.65682022  0.66362349  0.65682022  0.65007878  0.61726120  0.61726120  0.63677699  0.71307833  0.69147839  0.70580823  0.64339806  0.65007878  0.70580823  0.68441598  0.67048976  0.69147839  0.72783588  0.75826224  0.76606794  0.63677699  0.65682022  0.67742018  0.70580823  0.69860870  0.72042040  0.62370957  0.62370957  0.62370957  0.67048976  0.64339806  0.65682022  0.63677699  0.70580823  0.67048976  0.72783588  0.67742018  0.71307833  0.71307833  0.71307833  0.71307833  0.72783588  0.66362349  0.65682022  0.65682022  0.67048976  0.68441598  0.67048976  0.63021450  0.67048976  0.65682022  0.67048976  0.59824580  0.62370957  0.67048976  0.67048976  0.71307833  0.70580823  0.72783588  0.71307833  0.69860870  0.67742018  0.67048976  0.65007878  0.69860870  0.65682022  0.62370957  0.64339806  0.65007878  0.57970577  0.67048976  0.67048976  0.53816717  0.57362734  0.57970577  0.58583443  0.55568535  0.57362734  0.59201415  0.61086841  0.62370957  0.60453025  0.58583443  0.55568535  0.54979986  0.56759832  0.55568535  0.56161791  0.57362734  0.57970577  0.67742018  0.70580823  0.65682022  0.69860870  0.61726120  
83_0_0     0.57362734  0.57970577  0.59201415  0.59201415  0.66362349  0.52105324  0.59824580  0.59824580  0.57970577  0.56161791  0.56759832  0.56759832  0.55568535  0.53816717  0.62370957  0.53816717  0.56161791  0.43590436  0.44602850  0.44602850  0.45114287  0.43590436  0.17215029  0.16863556  0.00000000  0.71307833  0.70580823  0.71307833  0.67048976  0.66362349  0.66362349  0.65007878  0.62370957  0.64339806  0.64339806  0.69860870  0.72042040  0.72042040  0.69147839  0.68441598  0.69860870  0.72042040  0.73532625  0.67742018  0.75053783  0.76606794  0.77395667  0.65682022  0.69147839  0.69860870  0.65682022  0.65682022  0.75826224  0.78193022  0.75053783  0.75053783  0.71307833  0.71307833  0.72783588  0.73532625  0.77395667  0.67742018  0.73532625  0.72042040  0.71307833  0.65682022  0.76606794  0.71307833  0.72783588  0.69860870  0.69860870  0.68441598  0.64339806  0.64339806  0.68441598  0.64339806  0.61086841  0.71307833  0.71307833  0.62370957  0.67742018  0.75053783  0.76606794  0.67048976  0.67742018  0.75826224  0.78999041  0.77395667  0.76606794  0.73532625  0.66362349  0.68441598  0.70580823  0.64339806  0.64339806  0.65007878  0.63021450  0.67048976  0.68441598  0.54396071  0.56161791  0.56759832  0.63677699  0.57970577  0.61086841  0.58583443  0.64339806  0.63021450  0.67048976  0.68441598  0.62370957  0.63021450  0.62370957  0.60453025  0.61086841  0.59824580  0.57970577  0.65007878  0.71307833  0.75053783  0.79813917  0.70580823  
59_0_0     0.59824580  0.61726120  0.68441598  0.68441598  0.72042040  0.65682022  0.77395667  0.77395667  0.63677699  0.62370957  0.61086841  0.61086841  0.65007878  0.65682022  0.65007878  0.68441598  0.58583443  0.62370957  0.67048976  0.67742018  0.69147839  0.70580823  0.65682022  0.64339806  0.71307833  0.00000000  0.18637821  0.20088441  0.16513740  0.20088441  0.21942549  0.33719343  0.32844297  0.34604837  0.32410615  0.37326576  0.41606149  0.39198191  0.42591657  0.44602850  0.40633564  0.44094916  0.47196050  0.39673569  0.57970577  0.52671411  0.53816717  0.50985947  0.45114287  0.46147865  0.50432532  0.48259262  0.49337937  0.44094916  0.45114287  0.46147865  0.46147865  0.49337937  0.46670106  0.47725751  0.41118262  0.41606149  0.40152013  0.41118262  0.39673569  0.44602850  0.44602850  0.55568535  0.56161791  0.59201415  0.59824580  0.54979986  0.57362734  0.59201415  0.54979986  0.50985947  0.56759832  0.67048976  0.58583443  0.63021450  0.60453025  0.61726120  0.59201415  0.58583443  0.58583443  0.55568535  0.49337937  0.50432532  0.52105324  0.59201415  0.66362349  0.65007878  0.58583443  0.57970577  0.57970577  0.60453025  0.57362734  0.65007878  0.65007878  0.66362349  0.65007878  0.61726120  0.59201415  0.62370957  0.63677699  0.62370957  0.57362734  0.56759832  0.54396071  0.54979986  0.52671411  0.53241853  0.53816717  0.54396071  0.52671411  0.57362734  0.56759832  0.64339806  0.66362349  0.59824580  0.65007878  0.58583443  
30_0_0     0.58583443  0.61726120  0.61726120  0.61726120  0.69147839  0.58583443  0.75053783  0.76606794  0.68441598  0.63677699  0.63021450  0.63021450  0.67048976  0.65682022  0.68441598  0.66362349  0.59201415  0.66362349  0.72783588  0.68441598  0.69860870  0.65682022  0.65682022  0.65007878  0.70580823  0.18637821  0.00000000  0.01125820  0.09524791  0.11130077  0.21568001  0.28617536  0.29029535  0.29443837  0.29029535  0.35953222  0.41118262  0.37326576  0.42591657  0.42591657  0.35051580  0.40152013  0.46670106  0.38256480  0.51543524  0.50985947  0.49337937  0.49337937  0.45114287  0.45114287  0.48796638  0.46670106  0.48259262  0.46147865  0.44094916  0.45114287  0.49883215  0.52105324  0.47725751  0.49883215  0.43590436  0.42097266  0.42097266  0.42591657  0.39673569  0.45629276  0.47725751  0.50432532  0.49883215  0.56161791  0.55568535  0.50432532  0.50432532  0.52105324  0.53241853  0.47725751  0.50985947  0.58583443  0.55568535  0.55568535  0.56161791  0.59824580  0.59824580  0.54979986  0.58583443  0.56161791  0.54396071  0.57362734  0.61726120  0.56759832  0.63021450  0.59201415  0.58583443  0.61726120  0.61726120  0.61726120  0.52671411  0.59201415  0.60453025  0.57362734  0.57362734  0.54396071  0.57970577  0.57970577  0.59201415  0.53816717  0.55568535  0.53816717  0.53241853  0.52671411  0.52671411  0.53241853  0.54396071  0.56161791  0.56759832  0.61086841  0.63021450  0.56759832  0.58583443  0.63021450  0.66362349  0.57362734  
