15
70_2_0     0.00000000  0.02495434  0.04423606  0.05077614  0.28877108  0.27088892  0.29787620  0.58506495  0.61253597  0.54567400  0.57170121  0.62666206  0.54567400  0.53299455  0.54567400  
70_5_0     0.02495434  0.00000000  0.05737430  0.05077614  0.27977620  0.26210671  0.28877108  0.61253597  0.64106197  0.54567400  0.59867349  0.62666206  0.52052787  0.50826696  0.57170121  
17_2_0     0.04423606  0.05737430  0.00000000  0.04423606  0.27977620  0.29787620  0.27088892  0.58506495  0.58506495  0.55857363  0.59867349  0.65574653  0.54567400  0.53299455  0.58506495  
11_2_0     0.05077614  0.05077614  0.04423606  0.00000000  0.27088892  0.27088892  0.27977620  0.58506495  0.61253597  0.54567400  0.57170121  0.59867349  0.52052787  0.50826696  0.53299455  
70_4_0     0.28877108  0.27977620  0.27977620  0.27088892  0.00000000  0.03775305  0.04423606  0.53299455  0.55857363  0.48433599  0.54567400  0.57170121  0.49620512  0.49620512  0.52052787  
17_4_0     0.27088892  0.26210671  0.29787620  0.27088892  0.03775305  0.00000000  0.03132613  0.52052787  0.54567400  0.50826696  0.58506495  0.58506495  0.48433599  0.48433599  0.53299455  
11_4_0     0.29787620  0.28877108  0.27088892  0.27977620  0.04423606  0.03132613  0.00000000  0.50826696  0.53299455  0.48433599  0.57170121  0.57170121  0.47265352  0.47265352  0.53299455  
76_10_0    0.58506495  0.61253597  0.58506495  0.58506495  0.53299455  0.52052787  0.50826696  0.00000000  0.05077614  0.09824347  0.29787620  0.26210671  0.17956219  0.20337703  0.17179059  
76_0_0     0.61253597  0.64106197  0.58506495  0.61253597  0.55857363  0.54567400  0.53299455  0.05077614  0.00000000  0.14149254  0.34515499  0.28877108  0.19535362  0.21968858  0.19535362  
96_0_0     0.54567400  0.54567400  0.55857363  0.54567400  0.48433599  0.50826696  0.48433599  0.09824347  0.14149254  0.00000000  0.25342711  0.22798065  0.16409945  0.15648712  0.18741595  
77_7_0     0.57170121  0.59867349  0.59867349  0.57170121  0.54567400  0.58506495  0.57170121  0.29787620  0.34515499  0.25342711  0.00000000  0.07752788  0.26210671  0.27088892  0.27977620  
77_0_0     0.62666206  0.62666206  0.65574653  0.59867349  0.57170121  0.58506495  0.57170121  0.26210671  0.28877108  0.22798065  0.07752788  0.00000000  0.22798065  0.25342711  0.28877108  
91_8_0     0.54567400  0.52052787  0.54567400  0.52052787  0.49620512  0.48433599  0.47265352  0.17956219  0.19535362  0.16409945  0.26210671  0.22798065  0.00000000  0.04423606  0.23636633  
91_9_0     0.53299455  0.50826696  0.53299455  0.50826696  0.49620512  0.48433599  0.47265352  0.20337703  0.21968858  0.15648712  0.27088892  0.25342711  0.04423606  0.00000000  0.26210671  
79_0_0     0.54567400  0.57170121  0.58506495  0.53299455  0.52052787  0.53299455  0.53299455  0.17179059  0.19535362  0.18741595  0.27977620  0.28877108  0.23636633  0.26210671  0.00000000  

