29
79_6_0     0.00000000  0.00000000  0.05237831  0.03323702  0.06017776  0.06806153  0.06017776  0.13440186  0.12149461  0.11724247  0.06806153  0.06806153  0.08004932  0.23177827  0.23177827  0.21220020  0.20260481  0.22192354  0.23177827  0.20260481  0.26216763  0.27258550  0.22192354  0.41717543  0.45660320  0.45660320  0.43662289  0.52745841  0.52745841  
93_6_0     0.00000000  0.00000000  0.05237831  0.03323702  0.06017776  0.06806153  0.06017776  0.13440186  0.12149461  0.11724247  0.06806153  0.06806153  0.08004932  0.23177827  0.23177827  0.21220020  0.20260481  0.22192354  0.23177827  0.20260481  0.26216763  0.27258550  0.22192354  0.41717543  0.45660320  0.45660320  0.43662289  0.52745841  0.52745841  
57_6_0     0.05237831  0.05237831  0.00000000  0.02571900  0.09223748  0.09634589  0.08815208  0.16998161  0.15643497  0.15197477  0.10047758  0.10047758  0.10463280  0.24681466  0.24681466  0.23177827  0.22192354  0.22683426  0.23675603  0.21704566  0.28315436  0.29387865  0.22192354  0.43662289  0.47714641  0.47714641  0.45660320  0.55013073  0.55013073  
57_10_0    0.03323702  0.03323702  0.02571900  0.00000000  0.07603145  0.08004932  0.07203560  0.15643497  0.13440186  0.13007401  0.08004932  0.08004932  0.08408945  0.24176801  0.24176801  0.21704566  0.20738672  0.22192354  0.23177827  0.20260481  0.27785079  0.28849679  0.21704566  0.43662289  0.47714641  0.47714641  0.45660320  0.55013073  0.55013073  
64_7_0     0.06017776  0.06017776  0.09223748  0.07603145  0.00000000  0.01091155  0.00361907  0.13007401  0.13007401  0.12577170  0.10881185  0.10881185  0.10881185  0.22192354  0.22192354  0.21704566  0.20738672  0.23177827  0.23675603  0.22192354  0.25189649  0.25189649  0.22683426  0.42360047  0.44988209  0.44988209  0.44322235  0.52005495  0.52005495  
64_6_0     0.06806153  0.06806153  0.09634589  0.08004932  0.01091155  0.00000000  0.00725620  0.13875555  0.13875555  0.13440186  0.11724247  0.11724247  0.11301497  0.22683426  0.22683426  0.22192354  0.21220020  0.23675603  0.24176801  0.22683426  0.25701398  0.25701398  0.23177827  0.43008261  0.45660320  0.45660320  0.44988209  0.52745841  0.52745841  
84_6_0     0.06017776  0.06017776  0.08815208  0.07203560  0.00361907  0.00725620  0.00000000  0.13007401  0.13007401  0.12577170  0.10881185  0.10881185  0.10463280  0.21704566  0.21704566  0.21220020  0.20260481  0.22683426  0.23177827  0.21704566  0.24681466  0.24681466  0.22192354  0.41717543  0.44322235  0.44322235  0.43662289  0.51272590  0.51272590  
47_6_0     0.13440186  0.13440186  0.16998161  0.15643497  0.13007401  0.13875555  0.13007401  0.00000000  0.05626761  0.05626761  0.14754168  0.14754168  0.16092261  0.27785079  0.27785079  0.27258550  0.27258550  0.28849679  0.30476301  0.29387865  0.31581228  0.34419087  0.28849679  0.45660320  0.49117059  0.47714641  0.47023417  0.54249470  0.54249470  
51_6_0     0.12149461  0.12149461  0.15643497  0.13440186  0.13007401  0.13875555  0.13007401  0.05626761  0.00000000  0.00725620  0.14313538  0.14313538  0.15643497  0.28849679  0.28849679  0.27258550  0.27258550  0.29930052  0.31581228  0.29387865  0.32703155  0.35585892  0.29930052  0.49828514  0.53493780  0.52005495  0.51272590  0.57353061  0.57353061  
51_8_0     0.11724247  0.11724247  0.15197477  0.13007401  0.12577170  0.13440186  0.12577170  0.05626761  0.00725620  0.00000000  0.13875555  0.13875555  0.15197477  0.28315436  0.28315436  0.26735796  0.26735796  0.29387865  0.31026672  0.28849679  0.32140034  0.35000156  0.29387865  0.48412479  0.52005495  0.52005495  0.49828514  0.55784756  0.55784756  
71_6_0     0.06806153  0.06806153  0.10047758  0.08004932  0.10881185  0.11724247  0.10881185  0.14754168  0.14313538  0.13875555  0.00000000  0.00000000  0.01091155  0.26216763  0.26216763  0.25189649  0.24176801  0.25189649  0.25189649  0.23177827  0.29387865  0.31581228  0.22192354  0.44322235  0.48412479  0.48412479  0.46338684  0.53493780  0.53493780  
98_6_0     0.06806153  0.06806153  0.10047758  0.08004932  0.10881185  0.11724247  0.10881185  0.14754168  0.14313538  0.13875555  0.00000000  0.00000000  0.01091155  0.26216763  0.26216763  0.25189649  0.24176801  0.25189649  0.25189649  0.23177827  0.29387865  0.31581228  0.22192354  0.44322235  0.48412479  0.48412479  0.46338684  0.53493780  0.53493780  
53_6_0     0.08004932  0.08004932  0.10463280  0.08408945  0.10881185  0.11301497  0.10463280  0.16092261  0.15643497  0.15197477  0.01091155  0.01091155  0.00000000  0.26216763  0.26216763  0.25701398  0.24681466  0.25701398  0.25701398  0.23675603  0.28849679  0.31581228  0.22683426  0.43662289  0.47714641  0.47714641  0.45660320  0.52745841  0.52745841  
79_4_0     0.23177827  0.23177827  0.24681466  0.24176801  0.22192354  0.22683426  0.21704566  0.27785079  0.28849679  0.28315436  0.26216763  0.26216763  0.26216763  0.00000000  0.00000000  0.07603145  0.07603145  0.07603145  0.10881185  0.08408945  0.13440186  0.13007401  0.08815208  0.51272590  0.54249470  0.52005495  0.52005495  0.55784756  0.55784756  
93_4_0     0.23177827  0.23177827  0.24681466  0.24176801  0.22192354  0.22683426  0.21704566  0.27785079  0.28849679  0.28315436  0.26216763  0.26216763  0.26216763  0.00000000  0.00000000  0.07603145  0.07603145  0.07603145  0.10881185  0.08408945  0.13440186  0.13007401  0.08815208  0.51272590  0.54249470  0.52005495  0.52005495  0.55784756  0.55784756  
57_9_0     0.21220020  0.21220020  0.23177827  0.21704566  0.21704566  0.22192354  0.21220020  0.27258550  0.27258550  0.26735796  0.25189649  0.25189649  0.25701398  0.07603145  0.07603145  0.00000000  0.02198885  0.06806153  0.09223748  0.06017776  0.12149461  0.13440186  0.08815208  0.52005495  0.53493780  0.50546977  0.51272590  0.55013073  0.55013073  
57_4_0     0.20260481  0.20260481  0.22192354  0.20738672  0.20738672  0.21220020  0.20260481  0.27258550  0.27258550  0.26735796  0.24176801  0.24176801  0.24681466  0.07603145  0.07603145  0.02198885  0.00000000  0.06017776  0.08408945  0.05237831  0.11301497  0.12577170  0.08004932  0.50546977  0.52005495  0.49828514  0.49828514  0.56564692  0.56564692  
53_4_0     0.22192354  0.22192354  0.22683426  0.22192354  0.23177827  0.23675603  0.22683426  0.28849679  0.29930052  0.29387865  0.25189649  0.25189649  0.25701398  0.07603145  0.07603145  0.06806153  0.06017776  0.00000000  0.05237831  0.02198885  0.10047758  0.12149461  0.05237831  0.49117059  0.52005495  0.49828514  0.49828514  0.58150045  0.58150045  
98_4_0     0.23177827  0.23177827  0.23675603  0.23177827  0.23675603  0.24176801  0.23177827  0.30476301  0.31581228  0.31026672  0.25189649  0.25189649  0.25701398  0.10881185  0.10881185  0.09223748  0.08408945  0.05237831  0.00000000  0.04466140  0.10047758  0.12149461  0.07603145  0.49117059  0.50546977  0.48412479  0.48412479  0.56564692  0.56564692  
71_4_0     0.20260481  0.20260481  0.21704566  0.20260481  0.22192354  0.22683426  0.21704566  0.29387865  0.29387865  0.28849679  0.23177827  0.23177827  0.23675603  0.08408945  0.08408945  0.06017776  0.05237831  0.02198885  0.04466140  0.00000000  0.09223748  0.11301497  0.05237831  0.49828514  0.51272590  0.49117059  0.49117059  0.57353061  0.57353061  
51_4_0     0.26216763  0.26216763  0.28315436  0.27785079  0.25189649  0.25701398  0.24681466  0.31581228  0.32703155  0.32140034  0.29387865  0.29387865  0.28849679  0.13440186  0.13440186  0.12149461  0.11301497  0.10047758  0.10047758  0.09223748  0.00000000  0.04083335  0.10881185  0.49828514  0.50546977  0.49117059  0.49828514  0.57353061  0.57353061  
47_4_0     0.27258550  0.27258550  0.29387865  0.28849679  0.25189649  0.25701398  0.24681466  0.34419087  0.35585892  0.35000156  0.31581228  0.31581228  0.31581228  0.13007401  0.13007401  0.13440186  0.12577170  0.12149461  0.12149461  0.11301497  0.04083335  0.00000000  0.13875555  0.54249470  0.52745841  0.52005495  0.54249470  0.57353061  0.57353061  
64_4_0     0.22192354  0.22192354  0.22192354  0.21704566  0.22683426  0.23177827  0.22192354  0.28849679  0.29930052  0.29387865  0.22192354  0.22192354  0.22683426  0.08815208  0.08815208  0.08815208  0.08004932  0.05237831  0.07603145  0.05237831  0.10881185  0.13875555  0.00000000  0.49117059  0.50546977  0.48412479  0.48412479  0.58150045  0.58150045  
65_0_0     0.41717543  0.41717543  0.43662289  0.43662289  0.42360047  0.43008261  0.41717543  0.45660320  0.49828514  0.48412479  0.44322235  0.44322235  0.43662289  0.51272590  0.51272590  0.52005495  0.50546977  0.49117059  0.49117059  0.49828514  0.49828514  0.54249470  0.49117059  0.00000000  0.03702530  0.05237831  0.03702530  0.09634589  0.09634589  
74_0_0     0.45660320  0.45660320  0.47714641  0.47714641  0.44988209  0.45660320  0.44322235  0.49117059  0.53493780  0.52005495  0.48412479  0.48412479  0.47714641  0.54249470  0.54249470  0.53493780  0.52005495  0.52005495  0.50546977  0.51272590  0.50546977  0.52745841  0.50546977  0.03702530  0.00000000  0.04466140  0.05237831  0.08815208  0.08815208  
78_0_0     0.45660320  0.45660320  0.47714641  0.47714641  0.44988209  0.45660320  0.44322235  0.47714641  0.52005495  0.52005495  0.48412479  0.48412479  0.47714641  0.52005495  0.52005495  0.50546977  0.49828514  0.49828514  0.48412479  0.49117059  0.49117059  0.52005495  0.48412479  0.05237831  0.04466140  0.00000000  0.04466140  0.09634589  0.09634589  
60_0_0     0.43662289  0.43662289  0.45660320  0.45660320  0.44322235  0.44988209  0.43662289  0.47023417  0.51272590  0.49828514  0.46338684  0.46338684  0.45660320  0.52005495  0.52005495  0.51272590  0.49828514  0.49828514  0.48412479  0.49117059  0.49828514  0.54249470  0.48412479  0.03702530  0.05237831  0.04466140  0.00000000  0.09634589  0.09634589  
59_0_0     0.52745841  0.52745841  0.55013073  0.55013073  0.52005495  0.52745841  0.51272590  0.54249470  0.57353061  0.55784756  0.53493780  0.53493780  0.52745841  0.55784756  0.55784756  0.55013073  0.56564692  0.58150045  0.56564692  0.57353061  0.57353061  0.57353061  0.58150045  0.09634589  0.08815208  0.09634589  0.09634589  0.00000000  0.00000000  
69_0_0     0.52745841  0.52745841  0.55013073  0.55013073  0.52005495  0.52745841  0.51272590  0.54249470  0.57353061  0.55784756  0.53493780  0.53493780  0.52745841  0.55784756  0.55784756  0.55013073  0.56564692  0.58150045  0.56564692  0.57353061  0.57353061  0.57353061  0.58150045  0.09634589  0.08815208  0.09634589  0.09634589  0.00000000  0.00000000  

