20
2_0_0      0.00000000  0.00339758  0.01023967  0.24229072  0.24229072  0.23761006  0.23761006  0.23761006  0.23295868  0.25651209  0.27101073  0.27101073  0.24229072  0.23761006  0.24229072  0.22374230  0.22833622  0.21463875  0.18362625  0.21012842  
3_0_0      0.00339758  0.00000000  0.01368446  0.24229072  0.24229072  0.23761006  0.23761006  0.23761006  0.23295868  0.25651209  0.27101073  0.27101073  0.24229072  0.23761006  0.24229072  0.21917659  0.22374230  0.21012842  0.17929961  0.21463875  
1_0_0      0.01023967  0.01368446  0.00000000  0.24700102  0.24700102  0.24229072  0.23761006  0.23761006  0.23761006  0.26131363  0.27590712  0.27590712  0.24700102  0.24229072  0.24700102  0.22833622  0.23295868  0.21917659  0.19235579  0.21463875  
17_0_0     0.24229072  0.24229072  0.24700102  0.00000000  0.02062229  0.07482791  0.08236329  0.08236329  0.08615981  0.22374230  0.22833622  0.22833622  0.19235579  0.21012842  0.21463875  0.25174135  0.25174135  0.27101073  0.29079273  0.27590712  
11_0_0     0.24229072  0.24229072  0.24700102  0.02062229  0.00000000  0.05998240  0.06736811  0.06736811  0.07108865  0.23761006  0.23295868  0.23295868  0.21012842  0.21917659  0.22374230  0.26614638  0.26614638  0.28579768  0.28579768  0.27590712  
10_0_0     0.23761006  0.23761006  0.24229072  0.07482791  0.05998240  0.00000000  0.00681075  0.00681075  0.01714529  0.18797821  0.19235579  0.19235579  0.17929961  0.18362625  0.18797821  0.25174135  0.22833622  0.23761006  0.24700102  0.23761006  
12_0_0     0.23761006  0.23761006  0.23761006  0.08236329  0.06736811  0.00681075  0.00000000  0.00000000  0.02411563  0.19675928  0.20118901  0.20118901  0.18797821  0.19235579  0.19675928  0.24700102  0.22833622  0.23761006  0.24700102  0.24700102  
4_0_0      0.23761006  0.23761006  0.23761006  0.08236329  0.06736811  0.00681075  0.00000000  0.00000000  0.02411563  0.19675928  0.20118901  0.20118901  0.18797821  0.19235579  0.19675928  0.24700102  0.22833622  0.23761006  0.24700102  0.24700102  
5_0_0      0.23295868  0.23295868  0.23761006  0.08615981  0.07108865  0.01714529  0.02411563  0.02411563  0.00000000  0.19675928  0.20118901  0.20118901  0.19235579  0.18362625  0.18797821  0.25651209  0.24229072  0.23295868  0.24229072  0.24229072  
7_0_0      0.25651209  0.25651209  0.26131363  0.22374230  0.23761006  0.18797821  0.19675928  0.19675928  0.19675928  0.00000000  0.02762546  0.02762546  0.10154273  0.13329740  0.13736379  0.26131363  0.21012842  0.21012842  0.21463875  0.25174135  
9_0_0      0.27101073  0.27101073  0.27590712  0.22833622  0.23295868  0.19235579  0.20118901  0.20118901  0.20118901  0.02762546  0.00000000  0.00000000  0.11329241  0.12925312  0.13329740  0.25651209  0.21463875  0.21012842  0.20118901  0.26131363  
13_0_0     0.27101073  0.27101073  0.27590712  0.22833622  0.23295868  0.19235579  0.20118901  0.20118901  0.20118901  0.02762546  0.00000000  0.00000000  0.11329241  0.12925312  0.13329740  0.25651209  0.21463875  0.21012842  0.20118901  0.26131363  
19_0_0     0.24229072  0.24229072  0.24700102  0.19235579  0.21012842  0.17929961  0.18797821  0.18797821  0.19235579  0.10154273  0.11329241  0.11329241  0.00000000  0.05998240  0.06366609  0.21917659  0.18362625  0.21463875  0.21463875  0.28083595  
8_0_0      0.23761006  0.23761006  0.24229072  0.21012842  0.21917659  0.18362625  0.19235579  0.19235579  0.18362625  0.13329740  0.12925312  0.12925312  0.05998240  0.00000000  0.00339758  0.24700102  0.21917659  0.21012842  0.19675928  0.29079273  
18_0_0     0.24229072  0.24229072  0.24700102  0.21463875  0.22374230  0.18797821  0.19675928  0.19675928  0.18797821  0.13736379  0.13329740  0.13329740  0.06366609  0.00339758  0.00000000  0.25174135  0.22374230  0.21463875  0.20118901  0.29582155  
16_0_0     0.22374230  0.21917659  0.22833622  0.25174135  0.26614638  0.25174135  0.24700102  0.24700102  0.25651209  0.26131363  0.25651209  0.25651209  0.21917659  0.24700102  0.25174135  0.00000000  0.10543870  0.11725059  0.14145255  0.26131363  
15_0_0     0.22833622  0.22374230  0.23295868  0.25174135  0.26614638  0.22833622  0.22833622  0.22833622  0.24229072  0.21012842  0.21463875  0.21463875  0.18362625  0.21917659  0.22374230  0.10543870  0.00000000  0.08997581  0.10543870  0.26131363  
14_0_0     0.21463875  0.21012842  0.21917659  0.27101073  0.28579768  0.23761006  0.23761006  0.23761006  0.23295868  0.21012842  0.21012842  0.21012842  0.21463875  0.21012842  0.21463875  0.11725059  0.08997581  0.00000000  0.07108865  0.24229072  
6_0_0      0.18362625  0.17929961  0.19235579  0.29079273  0.28579768  0.24700102  0.24700102  0.24700102  0.24229072  0.21463875  0.20118901  0.20118901  0.21463875  0.19675928  0.20118901  0.14145255  0.10543870  0.07108865  0.00000000  0.26614638  
20_0_0     0.21012842  0.21463875  0.21463875  0.27590712  0.27590712  0.23761006  0.24700102  0.24700102  0.24229072  0.25174135  0.26131363  0.26131363  0.28083595  0.29079273  0.29582155  0.26131363  0.26131363  0.24229072  0.26614638  0.00000000  

