20
2_0_0      0.00000000  0.00681083  0.01023983  0.25663028  0.26143657  0.20125983  0.21020600  0.21471987  0.19242026  0.27604513  0.28594646  0.28594646  0.25185493  0.24711011  0.24711011  0.25663028  0.25185493  0.27604513  0.26627420  0.27114358  
3_0_0      0.00681083  0.00000000  0.01023983  0.25663028  0.26143657  0.20125983  0.21020600  0.21471987  0.19242026  0.28097928  0.29094713  0.29094713  0.24711011  0.25185493  0.25185493  0.25663028  0.24239545  0.27604513  0.26627420  0.26143657  
1_0_0      0.01023983  0.01023983  0.00000000  0.25185493  0.25663028  0.19682688  0.20571943  0.21020600  0.18803965  0.28594646  0.29598173  0.29598173  0.26143657  0.25663028  0.25663028  0.26143657  0.25663028  0.28097928  0.27114358  0.26627420  
17_0_0     0.25663028  0.25663028  0.25185493  0.00000000  0.02062298  0.11331396  0.12525719  0.12928138  0.12525719  0.25663028  0.27114358  0.27114358  0.23305508  0.24239545  0.23771057  0.26627420  0.27604513  0.27604513  0.29598173  0.31646890  
11_0_0     0.26143657  0.26143657  0.25663028  0.02062298  0.00000000  0.12525719  0.13739584  0.14148659  0.12928138  0.23771057  0.26143657  0.26143657  0.23771057  0.23771057  0.23305508  0.27604513  0.29598173  0.29598173  0.29598173  0.31129383  
10_0_0     0.20125983  0.20125983  0.19682688  0.11331396  0.12525719  0.00000000  0.01023983  0.01368476  0.02411657  0.22842862  0.23771057  0.23771057  0.17505093  0.19682688  0.19242026  0.24239545  0.21471987  0.23771057  0.26627420  0.26627420  
12_0_0     0.21020600  0.21020600  0.20571943  0.12525719  0.13739584  0.01023983  0.00000000  0.00339760  0.02762669  0.21471987  0.22383083  0.22383083  0.17077140  0.19242026  0.18803965  0.25663028  0.22842862  0.25185493  0.28097928  0.27114358  
4_0_0      0.21471987  0.21471987  0.21020600  0.12928138  0.14148659  0.01368476  0.00339760  0.00000000  0.03115350  0.21926136  0.22842862  0.22842862  0.17505093  0.19682688  0.19242026  0.26143657  0.22383083  0.24711011  0.28594646  0.27604513  
5_0_0      0.19242026  0.19242026  0.18803965  0.12525719  0.12928138  0.02411657  0.02762669  0.03115350  0.00000000  0.22842862  0.23771057  0.23771057  0.17077140  0.19242026  0.18803965  0.23771057  0.21926136  0.25185493  0.25185493  0.25185493  
7_0_0      0.27604513  0.28097928  0.28594646  0.25663028  0.23771057  0.22842862  0.21471987  0.21926136  0.22842862  0.00000000  0.04543082  0.04543082  0.14973639  0.14148659  0.14560003  0.28097928  0.32168033  0.32168033  0.33221430  0.32168033  
9_0_0      0.28594646  0.29094713  0.29598173  0.27114358  0.26143657  0.23771057  0.22383083  0.22842862  0.23771057  0.04543082  0.00000000  0.00000000  0.16228570  0.16651642  0.17935529  0.30105073  0.31129383  0.33221430  0.34290001  0.32692862  
13_0_0     0.28594646  0.29094713  0.29598173  0.27114358  0.26143657  0.23771057  0.22383083  0.22842862  0.23771057  0.04543082  0.00000000  0.00000000  0.16228570  0.16651642  0.17935529  0.30105073  0.31129383  0.33221430  0.34290001  0.32692862  
19_0_0     0.25185493  0.24711011  0.26143657  0.23305508  0.23771057  0.17505093  0.17077140  0.17505093  0.17077140  0.14973639  0.16228570  0.16228570  0.00000000  0.07859626  0.08237452  0.28097928  0.28097928  0.30105073  0.31646890  0.33753792  
8_0_0      0.24711011  0.25185493  0.25663028  0.24239545  0.23771057  0.19682688  0.19242026  0.19682688  0.19242026  0.14148659  0.16651642  0.16651642  0.07859626  0.00000000  0.01714576  0.28097928  0.26143657  0.29094713  0.30105073  0.32692862  
18_0_0     0.24711011  0.25185493  0.25663028  0.23771057  0.23305508  0.19242026  0.18803965  0.19242026  0.18803965  0.14560003  0.17935529  0.17935529  0.08237452  0.01714576  0.00000000  0.26627420  0.25663028  0.28594646  0.29598173  0.31129383  
16_0_0     0.25663028  0.25663028  0.26143657  0.26627420  0.27604513  0.24239545  0.25663028  0.26143657  0.23771057  0.28097928  0.30105073  0.30105073  0.28097928  0.28097928  0.26627420  0.00000000  0.13332751  0.15389595  0.16228570  0.29598173  
15_0_0     0.25185493  0.24239545  0.25663028  0.27604513  0.29598173  0.21471987  0.22842862  0.22383083  0.21926136  0.32168033  0.31129383  0.31129383  0.28097928  0.26143657  0.25663028  0.13332751  0.00000000  0.08617212  0.11727372  0.30615460  
14_0_0     0.27604513  0.27604513  0.28097928  0.27604513  0.29598173  0.23771057  0.25185493  0.24711011  0.25185493  0.32168033  0.33221430  0.33221430  0.30105073  0.29094713  0.28594646  0.15389595  0.08617212  0.00000000  0.08617212  0.30615460  
6_0_0      0.26627420  0.26627420  0.27114358  0.29598173  0.29598173  0.26627420  0.28097928  0.28594646  0.25185493  0.33221430  0.34290001  0.34290001  0.31646890  0.30105073  0.29598173  0.16228570  0.11727372  0.08617212  0.00000000  0.32692862  
20_0_0     0.27114358  0.26143657  0.26627420  0.31646890  0.31129383  0.26627420  0.27114358  0.27604513  0.25185493  0.32168033  0.32692862  0.32692862  0.33753792  0.32692862  0.31129383  0.29598173  0.30615460  0.30615460  0.32692862  0.00000000  

