20
90_0_0     0.00000000  0.07228490  0.08225686  0.15241425  0.14145657  0.14509111  0.19404243  0.20186973  0.14874361  0.14874361  0.16353684  0.15981068  0.15981068  0.17863225  0.17863225  0.10952591  0.23403523  0.23815617  0.23815617  0.23403523  
84_0_0     0.07228490  0.00000000  0.05919488  0.14509111  0.12709458  0.12354728  0.17104600  0.17863225  0.14145657  0.14874361  0.17863225  0.17104600  0.16728188  0.18245477  0.18245477  0.09236521  0.23815617  0.25065868  0.27197802  0.22180852  
80_0_0     0.08225686  0.05919488  0.00000000  0.15610321  0.12709458  0.12354728  0.17863225  0.18629717  0.14145657  0.13424069  0.16353684  0.15610321  0.15241425  0.19015966  0.19015966  0.12001692  0.25487363  0.25065868  0.26337634  0.24646763  
75_0_0     0.15241425  0.14509111  0.15610321  0.00000000  0.14874361  0.14509111  0.19794572  0.21376834  0.19404243  0.18629717  0.20581468  0.18245477  0.17863225  0.19404243  0.19404243  0.13065900  0.24646763  0.24646763  0.24230022  0.25065868  
95_1_0     0.14145657  0.12709458  0.12709458  0.14874361  0.00000000  0.02126100  0.10261374  0.11300639  0.08561097  0.09236521  0.12354728  0.11650334  0.11650334  0.14509111  0.14509111  0.07559396  0.20978081  0.21777750  0.21777750  0.19404243  
95_0_0     0.14509111  0.12354728  0.12354728  0.14509111  0.02126100  0.00000000  0.09918174  0.10952591  0.08225686  0.08898037  0.12709458  0.11650334  0.11300639  0.14145657  0.14145657  0.07891790  0.20978081  0.21777750  0.21777750  0.21376834  
86_0_0     0.19404243  0.17104600  0.17863225  0.19794572  0.10261374  0.09918174  0.00000000  0.01512376  0.14145657  0.14145657  0.17863225  0.16728188  0.16353684  0.17863225  0.17863225  0.12001692  0.24646763  0.25487363  0.24230022  0.24646763  
83_0_0     0.20186973  0.17863225  0.18629717  0.21376834  0.11300639  0.10952591  0.01512376  0.00000000  0.14509111  0.14509111  0.19015966  0.17863225  0.17482939  0.19015966  0.19015966  0.13065900  0.25911276  0.26766467  0.26337634  0.25487363  
93_0_0     0.14874361  0.14145657  0.14145657  0.19404243  0.08561097  0.08225686  0.14145657  0.14509111  0.00000000  0.01207415  0.05919488  0.05595829  0.05273580  0.07891790  0.07891790  0.11650334  0.23815617  0.24230022  0.25065868  0.22993715  
88_0_0     0.14874361  0.14874361  0.13424069  0.18629717  0.09236521  0.08898037  0.14145657  0.14509111  0.01207415  0.00000000  0.04633269  0.04952731  0.04633269  0.07228490  0.07228490  0.11300639  0.24646763  0.24230022  0.25065868  0.24230022  
68_0_0     0.16353684  0.17863225  0.16353684  0.20581468  0.12354728  0.12709458  0.17863225  0.19015966  0.05919488  0.04633269  0.00000000  0.07228490  0.06899060  0.08898037  0.08898037  0.13783983  0.26766467  0.26337634  0.26337634  0.27197802  
78_0_0     0.15981068  0.17104600  0.15610321  0.18245477  0.11650334  0.11650334  0.16728188  0.17863225  0.05595829  0.04952731  0.07228490  0.00000000  0.00601241  0.04315182  0.04315182  0.14509111  0.24230022  0.23815617  0.24646763  0.25065868  
94_0_0     0.15981068  0.16728188  0.15241425  0.17863225  0.11650334  0.11300639  0.16353684  0.17482939  0.05273580  0.04633269  0.06899060  0.00601241  0.00000000  0.03683085  0.03683085  0.14509111  0.24646763  0.24230022  0.25065868  0.24646763  
67_0_0     0.17863225  0.18245477  0.19015966  0.19404243  0.14509111  0.14145657  0.17863225  0.19015966  0.07891790  0.07228490  0.08898037  0.04315182  0.03683085  0.00000000  0.00000000  0.14874361  0.26337634  0.26766467  0.26337634  0.24230022  
82_0_0     0.17863225  0.18245477  0.19015966  0.19404243  0.14509111  0.14145657  0.17863225  0.19015966  0.07891790  0.07228490  0.08898037  0.04315182  0.03683085  0.00000000  0.00000000  0.14874361  0.26337634  0.26766467  0.26337634  0.24230022  
100_2_0    0.10952591  0.09236521  0.12001692  0.13065900  0.07559396  0.07891790  0.12001692  0.13065900  0.11650334  0.11300639  0.13783983  0.14509111  0.14509111  0.14874361  0.14874361  0.00000000  0.20581468  0.22586166  0.22586166  0.20186973  
97_0_0     0.23403523  0.23815617  0.25487363  0.24646763  0.20978081  0.20978081  0.24646763  0.25911276  0.23815617  0.24646763  0.26766467  0.24230022  0.24646763  0.26337634  0.26337634  0.20581468  0.00000000  0.02126100  0.04315182  0.29840058  
70_0_0     0.23815617  0.25065868  0.25065868  0.24646763  0.21777750  0.21777750  0.25487363  0.26766467  0.24230022  0.24230022  0.26337634  0.23815617  0.24230022  0.26766467  0.26766467  0.22586166  0.02126100  0.00000000  0.02744963  0.29840058  
79_0_0     0.23815617  0.27197802  0.26337634  0.24230022  0.21777750  0.21777750  0.24230022  0.26337634  0.25065868  0.25065868  0.26337634  0.24646763  0.25065868  0.26337634  0.26337634  0.22586166  0.04315182  0.02744963  0.00000000  0.29840058  
89_0_0     0.23403523  0.22180852  0.24646763  0.25065868  0.19404243  0.21376834  0.24646763  0.25487363  0.22993715  0.24230022  0.27197802  0.25065868  0.24646763  0.24230022  0.24230022  0.20186973  0.29840058  0.29840058  0.29840058  0.00000000  

