20
3_0_0      0.00000000  0.08808177  0.07543217  0.26510782  0.27053619  0.27053619  0.24905869  0.37578141  0.38846055  0.40136179  0.40136179  0.40136179  0.27053619  0.29265884  0.27600487  0.29829490  0.28151446  0.26510782  0.27053619  0.27053619  
1_0_0      0.08808177  0.00000000  0.01911380  0.23855031  0.23855031  0.25436963  0.22818975  0.37578141  0.38846055  0.41449303  0.41449303  0.38846055  0.27053619  0.28706557  0.27600487  0.28706557  0.27600487  0.26510782  0.27053619  0.27053619  
2_0_0      0.07543217  0.01911380  0.00000000  0.23855031  0.24905869  0.25436963  0.22818975  0.35716277  0.36952276  0.39488292  0.39488292  0.35716277  0.27600487  0.29265884  0.28151446  0.29265884  0.28151446  0.27053619  0.27600487  0.27600487  
10_0_0     0.26510782  0.23855031  0.23855031  0.00000000  0.01525115  0.03477020  0.06299616  0.36952276  0.38209370  0.38209370  0.38209370  0.35716277  0.20789584  0.23855031  0.21291714  0.24378576  0.21797290  0.20290855  0.21291714  0.20789584  
12_0_0     0.27053619  0.23855031  0.24905869  0.01525115  0.00000000  0.03477020  0.06299616  0.36952276  0.38209370  0.38209370  0.38209370  0.35716277  0.20789584  0.23855031  0.21291714  0.24378576  0.21797290  0.20290855  0.21291714  0.20789584  
13_0_0     0.27053619  0.25436963  0.25436963  0.03477020  0.03477020  0.00000000  0.02690040  0.36952276  0.36952276  0.35716277  0.36952276  0.33900320  0.18329035  0.20290855  0.18814613  0.21797290  0.19303413  0.18814613  0.18814613  0.18329035  
4_0_0      0.24905869  0.22818975  0.22818975  0.06299616  0.06299616  0.02690040  0.00000000  0.33900320  0.33900320  0.32714087  0.33900320  0.30969809  0.17367378  0.19303413  0.17846637  0.19795479  0.18329035  0.17846637  0.17846637  0.17367378  
17_0_0     0.37578141  0.37578141  0.35716277  0.36952276  0.36952276  0.36952276  0.33900320  0.00000000  0.01911380  0.03082479  0.03082479  0.06299616  0.35716277  0.40136179  0.37578141  0.34500678  0.36952276  0.35716277  0.37578141  0.36331684  
14_0_0     0.38846055  0.38846055  0.36952276  0.38209370  0.38209370  0.36952276  0.33900320  0.01911380  0.00000000  0.02690040  0.02690040  0.06711821  0.35716277  0.40136179  0.37578141  0.34500678  0.38209370  0.36952276  0.37578141  0.36331684  
11_0_0     0.40136179  0.41449303  0.39488292  0.38209370  0.38209370  0.35716277  0.32714087  0.03082479  0.02690040  0.00000000  0.00758610  0.07126346  0.35716277  0.38846055  0.37578141  0.34500678  0.38209370  0.36952276  0.37578141  0.36331684  
6_0_0      0.40136179  0.41449303  0.39488292  0.38209370  0.38209370  0.36952276  0.33900320  0.03082479  0.02690040  0.00758610  0.00000000  0.07126346  0.35716277  0.38846055  0.37578141  0.34500678  0.38209370  0.36952276  0.37578141  0.36331684  
5_0_0      0.40136179  0.38846055  0.35716277  0.35716277  0.35716277  0.33900320  0.30969809  0.06299616  0.06711821  0.07126346  0.07126346  0.00000000  0.32128059  0.36331684  0.33900320  0.32128059  0.34500678  0.33304816  0.33900320  0.32714087  
19_0_0     0.27053619  0.27053619  0.27600487  0.20789584  0.20789584  0.18329035  0.17367378  0.35716277  0.35716277  0.35716277  0.35716277  0.32128059  0.00000000  0.05076663  0.02690040  0.03477020  0.02299681  0.01140866  0.01911380  0.00758610  
9_0_0      0.29265884  0.28706557  0.29265884  0.23855031  0.23855031  0.20290855  0.19303413  0.40136179  0.40136179  0.38846055  0.38846055  0.36331684  0.05076663  0.00000000  0.05482062  0.06299616  0.04272499  0.05482062  0.05482062  0.05076663  
7_0_0      0.27600487  0.27600487  0.28151446  0.21291714  0.21291714  0.18814613  0.17846637  0.37578141  0.37578141  0.37578141  0.37578141  0.33900320  0.02690040  0.05482062  0.00000000  0.03873685  0.02690040  0.03082479  0.03873685  0.02690040  
18_0_0     0.29829490  0.28706557  0.29265884  0.24378576  0.24378576  0.21797290  0.19795479  0.34500678  0.34500678  0.34500678  0.34500678  0.32128059  0.03477020  0.06299616  0.03873685  0.00000000  0.03477020  0.03873685  0.04673484  0.03477020  
16_0_0     0.28151446  0.27600487  0.28151446  0.21797290  0.21797290  0.19303413  0.18329035  0.36952276  0.38209370  0.38209370  0.38209370  0.34500678  0.02299681  0.04272499  0.02690040  0.03477020  0.00000000  0.01911380  0.03477020  0.02299681  
8_0_0      0.26510782  0.26510782  0.27053619  0.20290855  0.20290855  0.18814613  0.17846637  0.35716277  0.36952276  0.36952276  0.36952276  0.33304816  0.01140866  0.05482062  0.03082479  0.03873685  0.01911380  0.00000000  0.01525115  0.00378328  
20_0_0     0.27053619  0.27053619  0.27600487  0.21291714  0.21291714  0.18814613  0.17846637  0.37578141  0.37578141  0.37578141  0.37578141  0.33900320  0.01911380  0.05482062  0.03873685  0.04673484  0.03477020  0.01525115  0.00000000  0.01140866  
15_0_0     0.27053619  0.27053619  0.27600487  0.20789584  0.20789584  0.18329035  0.17367378  0.36331684  0.36331684  0.36331684  0.36331684  0.32714087  0.00758610  0.05076663  0.02690040  0.03477020  0.02299681  0.00378328  0.01140866  0.00000000  

