17
53_0_0     0.00000000  0.04187531  0.07332767  0.39023307  0.47423611  0.42061353  0.49683809  0.48544969  0.39023307  0.46319207  0.47423611  0.43102776  0.32390379  0.30600850  0.34224851  0.29722261  0.32390379  
49_0_0     0.04187531  0.00000000  0.04187531  0.40022016  0.52016177  0.39023307  0.49683809  0.46319207  0.41034568  0.47423611  0.47423611  0.43102776  0.32390379  0.28854113  0.32390379  0.29722261  0.29722261  
24_0_0     0.07332767  0.04187531  0.00000000  0.42061353  0.52016177  0.39023307  0.56916961  0.53210896  0.43102776  0.49683809  0.54425479  0.49683809  0.30600850  0.30600850  0.32390379  0.27996162  0.31490135  
16_0_0     0.39023307  0.40022016  0.42061353  0.00000000  0.07978398  0.36106581  0.37065941  0.32390379  0.33301857  0.41034568  0.35159657  0.34224851  0.31490135  0.28854113  0.35159657  0.30600850  0.35159657  
68_0_0     0.47423611  0.52016177  0.52016177  0.07978398  0.00000000  0.36106581  0.31490135  0.28854113  0.34224851  0.42061353  0.31490135  0.32390379  0.29722261  0.30600850  0.40022016  0.32390379  0.39023307  
98_0_0     0.42061353  0.39023307  0.39023307  0.36106581  0.36106581  0.00000000  0.36106581  0.31490135  0.36106581  0.42061353  0.28854113  0.28854113  0.27996162  0.32390379  0.38038068  0.38038068  0.34224851  
68_3_0     0.49683809  0.49683809  0.56916961  0.37065941  0.31490135  0.36106581  0.00000000  0.15484586  0.27996162  0.26309910  0.18417367  0.15484586  0.34224851  0.31490135  0.39023307  0.38038068  0.35159657  
16_3_0     0.48544969  0.46319207  0.53210896  0.32390379  0.28854113  0.31490135  0.15484586  0.00000000  0.27148170  0.27996162  0.18417367  0.12665020  0.27996162  0.25481159  0.40022016  0.41034568  0.38038068  
68_4_0     0.39023307  0.41034568  0.43102776  0.33301857  0.34224851  0.36106581  0.27996162  0.27148170  0.00000000  0.25481159  0.22257097  0.24661706  0.33301857  0.34224851  0.37065941  0.32390379  0.40022016  
16_4_0     0.46319207  0.47423611  0.49683809  0.41034568  0.42061353  0.42061353  0.26309910  0.27996162  0.25481159  0.00000000  0.26309910  0.23049871  0.35159657  0.38038068  0.47423611  0.43102776  0.47423611  
68_2_0     0.47423611  0.47423611  0.54425479  0.35159657  0.31490135  0.28854113  0.18417367  0.18417367  0.22257097  0.26309910  0.00000000  0.14061200  0.32390379  0.28854113  0.36106581  0.35159657  0.30600850  
16_2_0     0.43102776  0.43102776  0.49683809  0.34224851  0.32390379  0.28854113  0.15484586  0.12665020  0.24661706  0.23049871  0.14061200  0.00000000  0.27996162  0.28854113  0.35159657  0.39023307  0.38038068  
98_2_0     0.32390379  0.32390379  0.30600850  0.31490135  0.29722261  0.27996162  0.34224851  0.27996162  0.33301857  0.35159657  0.32390379  0.27996162  0.00000000  0.23049871  0.36106581  0.32390379  0.35159657  
95_0_0     0.30600850  0.28854113  0.30600850  0.28854113  0.30600850  0.32390379  0.31490135  0.25481159  0.34224851  0.38038068  0.28854113  0.28854113  0.23049871  0.00000000  0.27148170  0.17673059  0.20696903  
32_0_0     0.34224851  0.32390379  0.32390379  0.35159657  0.40022016  0.38038068  0.39023307  0.40022016  0.37065941  0.47423611  0.36106581  0.35159657  0.36106581  0.27148170  0.00000000  0.24661706  0.31490135  
29_0_0     0.29722261  0.29722261  0.27996162  0.30600850  0.32390379  0.38038068  0.38038068  0.41034568  0.32390379  0.43102776  0.35159657  0.39023307  0.32390379  0.17673059  0.24661706  0.00000000  0.10619543  
76_0_0     0.32390379  0.29722261  0.31490135  0.35159657  0.39023307  0.34224851  0.35159657  0.38038068  0.40022016  0.47423611  0.30600850  0.38038068  0.35159657  0.20696903  0.31490135  0.10619543  0.00000000  

