18
10_0_0     0.00000000  0.05614345  0.05614345  0.11692953  0.12329386  0.14272410  0.11692953  0.22602504  0.22602504  0.38089684  0.33687637  0.33687637  0.33687637  0.44731819  0.35416969  0.35416969  0.35416969  0.34547220  
7_0_0      0.05614345  0.00000000  0.01089105  0.11692953  0.11061980  0.14272410  0.11692953  0.22602504  0.22602504  0.36297126  0.32837984  0.32837984  0.32837984  0.43745420  0.39927025  0.38089684  0.39002617  0.39927025  
11_0_0     0.05614345  0.01089105  0.00000000  0.11692953  0.11061980  0.14272410  0.11692953  0.22602504  0.22602504  0.34547220  0.33687637  0.33687637  0.33687637  0.44731819  0.40863200  0.39002617  0.39002617  0.39927025  
3_0_0      0.11692953  0.11692953  0.11692953  0.00000000  0.00542537  0.03316927  0.04456665  0.18319585  0.18319585  0.38089684  0.33687637  0.33687637  0.33687637  0.43745420  0.39002617  0.37187944  0.37187944  0.38089684  
4_0_0      0.12329386  0.11061980  0.11061980  0.00542537  0.00000000  0.03884588  0.05033227  0.17629400  0.17629400  0.37187944  0.32837984  0.32837984  0.32837984  0.42772076  0.38089684  0.36297126  0.38089684  0.39002617  
5_0_0      0.14272410  0.14272410  0.14272410  0.03316927  0.03884588  0.00000000  0.06790538  0.19719694  0.19719694  0.36297126  0.36297126  0.36297126  0.36297126  0.43745420  0.39002617  0.37187944  0.40863200  0.41811445  
6_0_0      0.11692953  0.11692953  0.11692953  0.04456665  0.05033227  0.06790538  0.00000000  0.16268162  0.16268162  0.35416969  0.34547220  0.34547220  0.34547220  0.43745420  0.41811445  0.39927025  0.37187944  0.38089684  
8_0_0      0.22602504  0.22602504  0.22602504  0.18319585  0.17629400  0.19719694  0.16268162  0.00000000  0.00000000  0.41811445  0.47772964  0.47772964  0.47772964  0.53138860  0.50945304  0.53138860  0.44731819  0.43745420  
2_0_0      0.22602504  0.22602504  0.22602504  0.18319585  0.17629400  0.19719694  0.16268162  0.00000000  0.00000000  0.41811445  0.47772964  0.47772964  0.47772964  0.53138860  0.50945304  0.53138860  0.44731819  0.43745420  
15_0_0     0.38089684  0.36297126  0.34547220  0.38089684  0.37187944  0.36297126  0.35416969  0.41811445  0.41811445  0.00000000  0.21871139  0.21871139  0.21871139  0.26372568  0.22602504  0.21146975  0.20429873  0.21146975  
12_0_0     0.33687637  0.32837984  0.33687637  0.33687637  0.32837984  0.36297126  0.34547220  0.47772964  0.47772964  0.21871139  0.00000000  0.00000000  0.00000000  0.19719694  0.13619015  0.11061980  0.20429873  0.21146975  
19_0_0     0.33687637  0.32837984  0.33687637  0.33687637  0.32837984  0.36297126  0.34547220  0.47772964  0.47772964  0.21871139  0.00000000  0.00000000  0.00000000  0.19719694  0.13619015  0.11061980  0.20429873  0.21146975  
20_0_0     0.33687637  0.32837984  0.33687637  0.33687637  0.32837984  0.36297126  0.34547220  0.47772964  0.47772964  0.21871139  0.00000000  0.00000000  0.00000000  0.19719694  0.13619015  0.11061980  0.20429873  0.21146975  
13_0_0     0.44731819  0.43745420  0.44731819  0.43745420  0.42772076  0.43745420  0.43745420  0.53138860  0.53138860  0.26372568  0.19719694  0.19719694  0.19719694  0.00000000  0.21146975  0.18319585  0.24087420  0.24841275  
18_0_0     0.35416969  0.39927025  0.40863200  0.39002617  0.38089684  0.39002617  0.41811445  0.50945304  0.50945304  0.22602504  0.13619015  0.13619015  0.13619015  0.21146975  0.00000000  0.02194581  0.21146975  0.20429873  
14_0_0     0.35416969  0.38089684  0.39002617  0.37187944  0.36297126  0.37187944  0.39927025  0.53138860  0.53138860  0.21146975  0.11061980  0.11061980  0.11061980  0.18319585  0.02194581  0.00000000  0.19719694  0.20429873  
16_0_0     0.35416969  0.39002617  0.39002617  0.37187944  0.38089684  0.40863200  0.37187944  0.44731819  0.44731819  0.20429873  0.20429873  0.20429873  0.20429873  0.24087420  0.21146975  0.19719694  0.00000000  0.00542537  
17_0_0     0.34547220  0.39927025  0.39927025  0.38089684  0.39002617  0.41811445  0.38089684  0.43745420  0.43745420  0.21146975  0.21146975  0.21146975  0.21146975  0.24841275  0.20429873  0.20429873  0.00542537  0.00000000  

