7
5_0_0      0.00000000  0.04841130  0.06527210  0.10916939  0.29277371  0.28701396  0.27562609  
4_0_0      0.04841130  0.00000000  0.03601099  0.11370450  0.29277371  0.28701396  0.28701396  
1_0_0      0.06527210  0.03601099  0.00000000  0.09129956  0.28701396  0.28129831  0.28129831  
6_0_0      0.10916939  0.11370450  0.09129956  0.00000000  0.29277371  0.29857824  0.31032448  
17_0_0     0.29277371  0.29277371  0.28701396  0.29277371  0.00000000  0.01579083  0.08252252  
16_0_0     0.28701396  0.28701396  0.28129831  0.29857824  0.01579083  0.00000000  0.08252252  
15_0_0     0.27562609  0.28701396  0.28129831  0.31032448  0.08252252  0.08252252  0.00000000  

