140
55_6_0     0.00000000  0.02131392  0.00845168  0.02131392  0.10844837  0.11333292  0.11825010  0.11825010  0.17996946  0.14846332  0.15362161  0.14334090  0.16931692  0.17996946  0.15881630  0.15362161  0.22991019  0.22419099  0.21851587  0.22419099  0.23567416  0.22991019  0.23567416  0.27123890  0.27123890  0.26519087  0.26519087  0.27733701  0.26519087  0.22419099  0.24733925  0.24148360  0.24733925  0.24148360  0.23567416  0.22991019  0.25324183  0.24733925  0.24733925  0.24733925  0.24148360  0.25324183  0.24148360  0.21288415  0.21288415  0.22419099  0.21851587  0.22419099  0.23567416  0.24148360  0.22991019  0.27733701  0.25919211  0.28968687  0.24148360  0.25324183  0.24733925  0.22991019  0.22991019  0.22991019  0.21288415  0.21288415  0.20729518  0.25324183  0.23567416  0.24148360  0.25324183  0.28348605  0.27733701  0.30860893  0.26519087  0.20174831  0.20174831  0.20174831  0.19624291  0.19624291  0.21851587  0.21288415  0.22991019  0.22419099  0.23567416  0.24148360  0.24733925  0.25324183  0.24148360  0.24733925  0.34126806  0.22991019  0.22991019  0.22991019  0.22991019  0.22419099  0.21288415  0.22991019  0.22991019  0.24148360  0.22419099  0.25324183  0.25919211  0.22991019  0.24733925  0.24733925  0.22991019  0.21288415  0.19624291  0.19624291  0.19624291  0.19624291  0.19624291  0.19624291  0.19624291  0.19624291  0.22991019  0.24148360  0.24148360  0.21851587  0.24148360  0.24148360  0.23567416  0.34797738  0.34126806  0.27733701  0.27733701  0.28968687  0.27733701  0.28968687  0.27733701  0.29594035  0.28968687  0.29594035  0.34126806  0.33461933  0.32149929  0.28968687  0.25324183  0.25919211  0.24733925  0.28968687  0.28968687  0.28968687  
36_6_0     0.02131392  0.00000000  0.01271418  0.02565175  0.12320033  0.12818406  0.13320176  0.13320176  0.18535408  0.15362161  0.15881630  0.14846332  0.16404789  0.17462393  0.17462393  0.16931692  0.21851587  0.21288415  0.20729518  0.21288415  0.22419099  0.21851587  0.22419099  0.25919211  0.25919211  0.26519087  0.25324183  0.26519087  0.25324183  0.21288415  0.24733925  0.24148360  0.24733925  0.24148360  0.23567416  0.22991019  0.25324183  0.23567416  0.24733925  0.24733925  0.24148360  0.24148360  0.24148360  0.20174831  0.20174831  0.21288415  0.20729518  0.22991019  0.23567416  0.25324183  0.23567416  0.28348605  0.26519087  0.28968687  0.24733925  0.25919211  0.25324183  0.22419099  0.22419099  0.23567416  0.21851587  0.19624291  0.20174831  0.25324183  0.23567416  0.25324183  0.25324183  0.29594035  0.28968687  0.31502590  0.28348605  0.20174831  0.20174831  0.20174831  0.19624291  0.19624291  0.21851587  0.22419099  0.24148360  0.23567416  0.24733925  0.25324183  0.25919211  0.26519087  0.25324183  0.25919211  0.35474840  0.22991019  0.22991019  0.22991019  0.22991019  0.23567416  0.21851587  0.24148360  0.22991019  0.25324183  0.23567416  0.27733701  0.28348605  0.24148360  0.25919211  0.25919211  0.24148360  0.22419099  0.20729518  0.20729518  0.18535408  0.18535408  0.19624291  0.19624291  0.19624291  0.19624291  0.20729518  0.21851587  0.21851587  0.21851587  0.25324183  0.25324183  0.24733925  0.33461933  0.31502590  0.28968687  0.27733701  0.27733701  0.27733701  0.30224739  0.27123890  0.28968687  0.28348605  0.28968687  0.32149929  0.34126806  0.32149929  0.27733701  0.22991019  0.23567416  0.22419099  0.26519087  0.26519087  0.26519087  
49_6_0     0.00845168  0.01271418  0.00000000  0.01271418  0.10844837  0.11333292  0.11825010  0.11825010  0.17996946  0.14846332  0.15362161  0.14334090  0.15881630  0.16931692  0.16931692  0.16404789  0.21851587  0.21288415  0.20729518  0.21288415  0.22419099  0.21851587  0.22419099  0.25919211  0.25919211  0.25324183  0.25324183  0.26519087  0.25324183  0.21288415  0.24733925  0.24148360  0.24733925  0.24148360  0.23567416  0.22991019  0.25324183  0.23567416  0.23567416  0.23567416  0.22991019  0.24148360  0.22991019  0.20174831  0.20174831  0.21288415  0.20729518  0.21851587  0.22419099  0.24148360  0.22991019  0.27733701  0.25919211  0.28968687  0.24148360  0.25324183  0.24733925  0.21851587  0.21851587  0.21851587  0.20174831  0.20174831  0.19624291  0.24733925  0.22991019  0.23567416  0.24733925  0.27733701  0.27123890  0.31502590  0.27123890  0.19624291  0.19624291  0.19624291  0.19077837  0.19077837  0.21288415  0.20729518  0.22419099  0.21851587  0.22991019  0.23567416  0.24148360  0.24733925  0.23567416  0.24148360  0.34797738  0.23567416  0.23567416  0.23567416  0.23567416  0.22991019  0.21288415  0.22991019  0.22991019  0.24148360  0.22419099  0.26519087  0.27123890  0.22991019  0.24733925  0.24733925  0.22991019  0.21288415  0.19624291  0.19624291  0.19624291  0.19624291  0.19624291  0.19624291  0.19624291  0.19624291  0.21851587  0.22991019  0.22991019  0.20729518  0.24148360  0.24148360  0.23567416  0.33461933  0.32803009  0.27733701  0.27733701  0.28968687  0.27733701  0.28968687  0.27733701  0.29594035  0.28968687  0.29594035  0.32803009  0.34797738  0.32149929  0.28968687  0.24148360  0.24733925  0.23567416  0.27733701  0.27733701  0.27733701  
22_6_0     0.02131392  0.02565175  0.01271418  0.00000000  0.11333292  0.11825010  0.12320033  0.12320033  0.17462393  0.15362161  0.15881630  0.14846332  0.16404789  0.17462393  0.17462393  0.16931692  0.20174831  0.19624291  0.19077837  0.19624291  0.20729518  0.20174831  0.20729518  0.25324183  0.25324183  0.24733925  0.24733925  0.25919211  0.24733925  0.20729518  0.24148360  0.23567416  0.24148360  0.23567416  0.22991019  0.22419099  0.24733925  0.21851587  0.22991019  0.22991019  0.22419099  0.23567416  0.22419099  0.18535408  0.18535408  0.19624291  0.19077837  0.21288415  0.21851587  0.23567416  0.22419099  0.27123890  0.25324183  0.28348605  0.23567416  0.24733925  0.24148360  0.21288415  0.21288415  0.21288415  0.19624291  0.19624291  0.19077837  0.24148360  0.23567416  0.24148360  0.25324183  0.25919211  0.27733701  0.32149929  0.27733701  0.20174831  0.20174831  0.20174831  0.19624291  0.19624291  0.21851587  0.20174831  0.21851587  0.21288415  0.22419099  0.22991019  0.23567416  0.24148360  0.22991019  0.23567416  0.34126806  0.22991019  0.22991019  0.22991019  0.22991019  0.22419099  0.21851587  0.23567416  0.23567416  0.24733925  0.22991019  0.25919211  0.26519087  0.22419099  0.22991019  0.24148360  0.22419099  0.20729518  0.20174831  0.20174831  0.20174831  0.20174831  0.20174831  0.20174831  0.19077837  0.19077837  0.22419099  0.23567416  0.22419099  0.20174831  0.23567416  0.23567416  0.22991019  0.32803009  0.32149929  0.27123890  0.27123890  0.28348605  0.27123890  0.28348605  0.28348605  0.28968687  0.30860893  0.31502590  0.33461933  0.35474840  0.32803009  0.29594035  0.24733925  0.25324183  0.24148360  0.28348605  0.28348605  0.28348605  
55_7_0     0.10844837  0.12320033  0.10844837  0.11333292  0.00000000  0.02565175  0.03882070  0.03001528  0.15881630  0.12818406  0.12320033  0.13825388  0.15881630  0.15881630  0.14334090  0.14846332  0.23567416  0.24733925  0.23567416  0.25324183  0.24148360  0.25919211  0.25324183  0.27123890  0.27123890  0.25324183  0.26519087  0.26519087  0.28968687  0.22991019  0.26519087  0.25919211  0.27733701  0.25919211  0.26519087  0.25919211  0.26519087  0.28348605  0.25919211  0.24733925  0.25324183  0.25324183  0.24148360  0.22991019  0.22991019  0.24148360  0.23567416  0.27123890  0.29594035  0.31502590  0.24733925  0.28348605  0.26519087  0.28968687  0.25919211  0.25919211  0.25324183  0.23567416  0.23567416  0.23567416  0.22991019  0.22991019  0.22419099  0.25324183  0.23567416  0.24148360  0.24148360  0.24148360  0.28348605  0.32803009  0.29594035  0.21851587  0.21851587  0.21851587  0.22419099  0.22419099  0.21288415  0.24148360  0.24148360  0.23567416  0.24733925  0.25324183  0.23567416  0.24148360  0.22991019  0.23567416  0.33461933  0.23567416  0.23567416  0.24148360  0.24148360  0.22991019  0.21851587  0.22419099  0.23567416  0.24148360  0.22419099  0.25324183  0.24733925  0.25919211  0.24733925  0.27123890  0.27733701  0.21288415  0.21288415  0.21288415  0.19077837  0.19077837  0.19077837  0.19077837  0.22419099  0.19624291  0.24148360  0.21851587  0.22991019  0.24733925  0.23567416  0.22991019  0.24148360  0.32149929  0.33461933  0.30224739  0.28968687  0.31502590  0.30860893  0.30224739  0.30224739  0.32803009  0.32149929  0.32803009  0.34797738  0.37544323  0.32803009  0.28348605  0.26519087  0.27123890  0.25919211  0.30860893  0.29594035  0.28968687  
22_7_0     0.11333292  0.12818406  0.11333292  0.11825010  0.02565175  0.00000000  0.02131392  0.01271418  0.16404789  0.13320176  0.12818406  0.14334090  0.16404789  0.15362161  0.13825388  0.14334090  0.23567416  0.22991019  0.22991019  0.24733925  0.24148360  0.24148360  0.23567416  0.28348605  0.28348605  0.26519087  0.27733701  0.27733701  0.30224739  0.21851587  0.25324183  0.24733925  0.26519087  0.24733925  0.25324183  0.25919211  0.27733701  0.26519087  0.24148360  0.22991019  0.23567416  0.23567416  0.23567416  0.22419099  0.22419099  0.22419099  0.21851587  0.26519087  0.29594035  0.29594035  0.24733925  0.28348605  0.26519087  0.28968687  0.25919211  0.25919211  0.25324183  0.24733925  0.24733925  0.22991019  0.22419099  0.22419099  0.22419099  0.26519087  0.25919211  0.26519087  0.27733701  0.25324183  0.29594035  0.31502590  0.27123890  0.25324183  0.25324183  0.25324183  0.25324183  0.25324183  0.24733925  0.26519087  0.25324183  0.24733925  0.25919211  0.26519087  0.24733925  0.25324183  0.24148360  0.24733925  0.32803009  0.23567416  0.23567416  0.24148360  0.24148360  0.25324183  0.21851587  0.22991019  0.22419099  0.25324183  0.23567416  0.27123890  0.26519087  0.25919211  0.24733925  0.27123890  0.27733701  0.22419099  0.21851587  0.21851587  0.19624291  0.19624291  0.19624291  0.19624291  0.22991019  0.20174831  0.24733925  0.23567416  0.23567416  0.25324183  0.22991019  0.22419099  0.23567416  0.31502590  0.31502590  0.29594035  0.28348605  0.30860893  0.30224739  0.29594035  0.30860893  0.34797738  0.28968687  0.30860893  0.32803009  0.35474840  0.34126806  0.28968687  0.26519087  0.27123890  0.27123890  0.30224739  0.30224739  0.30860893  
49_7_0     0.11825010  0.13320176  0.11825010  0.12320033  0.03882070  0.02131392  0.00000000  0.01700149  0.16404789  0.13320176  0.12818406  0.14334090  0.16404789  0.16404789  0.15362161  0.16404789  0.25324183  0.24733925  0.24733925  0.26519087  0.25919211  0.25919211  0.25324183  0.31502590  0.31502590  0.29594035  0.30860893  0.30860893  0.32149929  0.22419099  0.27123890  0.26519087  0.28348605  0.26519087  0.27123890  0.27733701  0.29594035  0.27123890  0.25919211  0.24733925  0.25324183  0.25324183  0.25324183  0.24148360  0.24148360  0.24148360  0.23567416  0.27123890  0.30224739  0.31502590  0.25324183  0.30224739  0.28348605  0.30860893  0.27733701  0.27733701  0.27123890  0.25324183  0.25324183  0.23567416  0.22991019  0.22991019  0.22991019  0.29594035  0.27733701  0.28348605  0.29594035  0.28348605  0.32803009  0.30860893  0.27733701  0.25919211  0.25919211  0.25919211  0.25919211  0.25919211  0.25324183  0.27123890  0.25919211  0.25324183  0.26519087  0.27123890  0.25324183  0.25919211  0.24733925  0.25324183  0.36158225  0.24148360  0.24148360  0.24733925  0.24733925  0.25919211  0.24148360  0.24148360  0.24733925  0.25919211  0.24148360  0.27733701  0.27123890  0.25919211  0.25324183  0.27733701  0.29594035  0.21851587  0.21288415  0.21288415  0.20174831  0.20174831  0.20174831  0.20174831  0.22991019  0.21851587  0.24148360  0.22991019  0.22991019  0.25919211  0.23567416  0.22991019  0.24148360  0.33461933  0.34797738  0.30224739  0.30224739  0.31502590  0.30860893  0.30224739  0.29594035  0.34797738  0.28968687  0.30860893  0.32803009  0.35474840  0.33461933  0.30860893  0.27123890  0.27733701  0.27733701  0.30860893  0.32149929  0.32803009  
36_7_0     0.11825010  0.13320176  0.11825010  0.12320033  0.03001528  0.01271418  0.01700149  0.00000000  0.16931692  0.13825388  0.13320176  0.14846332  0.16931692  0.16931692  0.14846332  0.15881630  0.24148360  0.23567416  0.23567416  0.25324183  0.24733925  0.24733925  0.24148360  0.30224739  0.30224739  0.28348605  0.29594035  0.29594035  0.30860893  0.22419099  0.25919211  0.25324183  0.27123890  0.25324183  0.25919211  0.26519087  0.28348605  0.27123890  0.24733925  0.23567416  0.24148360  0.24148360  0.24148360  0.22991019  0.22991019  0.22991019  0.22419099  0.27123890  0.30224739  0.30224739  0.25324183  0.28968687  0.27123890  0.29594035  0.26519087  0.26519087  0.25919211  0.25324183  0.25324183  0.23567416  0.22991019  0.22991019  0.22991019  0.27123890  0.25324183  0.25919211  0.27123890  0.25919211  0.30224739  0.30860893  0.27733701  0.24733925  0.24733925  0.24733925  0.24733925  0.24733925  0.24148360  0.25919211  0.24733925  0.24148360  0.25324183  0.25919211  0.24148360  0.24733925  0.23567416  0.24148360  0.33461933  0.22991019  0.22991019  0.23567416  0.23567416  0.24733925  0.21851587  0.22991019  0.22419099  0.24148360  0.22419099  0.25919211  0.25324183  0.24733925  0.23567416  0.25919211  0.27733701  0.20729518  0.20174831  0.20174831  0.19077837  0.19077837  0.19077837  0.19077837  0.22419099  0.19624291  0.22991019  0.21851587  0.21851587  0.24733925  0.22419099  0.21851587  0.22991019  0.30860893  0.32149929  0.28968687  0.27733701  0.30224739  0.29594035  0.28968687  0.28968687  0.34126806  0.28348605  0.30224739  0.32149929  0.34797738  0.32149929  0.28348605  0.25919211  0.26519087  0.26519087  0.29594035  0.29594035  0.30224739  
23_7_0     0.17996946  0.18535408  0.17996946  0.17462393  0.15881630  0.16404789  0.16404789  0.16931692  0.00000000  0.03882070  0.03440483  0.05222947  0.12818406  0.11825010  0.19077837  0.20729518  0.27123890  0.30224739  0.29594035  0.30224739  0.29594035  0.27123890  0.27123890  0.34797738  0.34797738  0.32803009  0.34126806  0.32803009  0.32149929  0.29594035  0.30860893  0.30224739  0.29594035  0.28968687  0.29594035  0.31502590  0.32803009  0.30860893  0.30860893  0.30860893  0.30224739  0.27733701  0.27733701  0.28348605  0.28348605  0.28348605  0.27733701  0.27733701  0.32803009  0.34797738  0.28348605  0.33461933  0.30860893  0.32149929  0.29594035  0.29594035  0.30224739  0.28348605  0.28348605  0.28348605  0.26519087  0.26519087  0.29594035  0.30224739  0.28348605  0.30224739  0.30224739  0.29594035  0.29594035  0.33461933  0.30860893  0.25919211  0.25919211  0.25919211  0.25324183  0.25324183  0.26519087  0.31502590  0.30224739  0.29594035  0.30860893  0.31502590  0.28968687  0.29594035  0.29594035  0.28968687  0.38957013  0.28968687  0.28968687  0.29594035  0.29594035  0.30224739  0.28968687  0.30224739  0.27733701  0.28348605  0.26519087  0.30224739  0.30860893  0.27123890  0.27733701  0.28968687  0.32803009  0.27123890  0.28348605  0.28348605  0.27123890  0.27123890  0.27123890  0.27123890  0.28348605  0.26519087  0.28968687  0.27733701  0.28968687  0.32149929  0.28348605  0.27733701  0.28968687  0.36848013  0.38957013  0.34126806  0.33461933  0.34797738  0.32149929  0.34126806  0.30224739  0.39673654  0.36848013  0.34797738  0.34126806  0.33461933  0.37544323  0.29594035  0.31502590  0.32149929  0.32149929  0.33461933  0.33461933  0.34126806  
70_9_0     0.14846332  0.15362161  0.14846332  0.15362161  0.12818406  0.13320176  0.13320176  0.13825388  0.03882070  0.00000000  0.00421371  0.02131392  0.09398615  0.09398615  0.16404789  0.17996946  0.26519087  0.27733701  0.27733701  0.28348605  0.27733701  0.26519087  0.26519087  0.32149929  0.32149929  0.30224739  0.31502590  0.30224739  0.29594035  0.27733701  0.30224739  0.29594035  0.30224739  0.28348605  0.28968687  0.30860893  0.30860893  0.30224739  0.28968687  0.28968687  0.28348605  0.27123890  0.25919211  0.27733701  0.27733701  0.27733701  0.27123890  0.27123890  0.33461933  0.35474840  0.25919211  0.31502590  0.30224739  0.31502590  0.27733701  0.27733701  0.28348605  0.27123890  0.27123890  0.25919211  0.24148360  0.24148360  0.27123890  0.29594035  0.27733701  0.29594035  0.29594035  0.29594035  0.29594035  0.33461933  0.30860893  0.26519087  0.26519087  0.26519087  0.25919211  0.25919211  0.25919211  0.30224739  0.30224739  0.29594035  0.30860893  0.31502590  0.27733701  0.28348605  0.28348605  0.28968687  0.38957013  0.28968687  0.28968687  0.29594035  0.29594035  0.31502590  0.28348605  0.29594035  0.28968687  0.28348605  0.26519087  0.28968687  0.29594035  0.25324183  0.27123890  0.28348605  0.29594035  0.27733701  0.26519087  0.26519087  0.25324183  0.25324183  0.25324183  0.25324183  0.27733701  0.25919211  0.28348605  0.27123890  0.28348605  0.28968687  0.27733701  0.27123890  0.28348605  0.37544323  0.38247280  0.33461933  0.33461933  0.34797738  0.31502590  0.34797738  0.28348605  0.38957013  0.34797738  0.32803009  0.33461933  0.34797738  0.38247280  0.31502590  0.32803009  0.33461933  0.33461933  0.34797738  0.34797738  0.34126806  
70_7_0     0.15362161  0.15881630  0.15362161  0.15881630  0.12320033  0.12818406  0.12818406  0.13320176  0.03440483  0.00421371  0.00000000  0.02565175  0.09877540  0.08922785  0.15881630  0.17462393  0.27123890  0.28348605  0.28348605  0.28968687  0.28348605  0.27123890  0.27123890  0.31502590  0.31502590  0.29594035  0.30860893  0.29594035  0.28968687  0.27123890  0.29594035  0.28968687  0.29594035  0.27733701  0.28348605  0.30224739  0.31502590  0.29594035  0.28348605  0.28348605  0.27733701  0.26519087  0.25324183  0.27123890  0.27123890  0.27123890  0.26519087  0.27733701  0.32803009  0.34797738  0.26519087  0.32149929  0.30860893  0.32149929  0.28348605  0.28348605  0.28968687  0.27733701  0.27733701  0.26519087  0.24733925  0.24733925  0.27733701  0.29594035  0.27733701  0.29594035  0.29594035  0.28968687  0.30224739  0.34126806  0.30224739  0.25919211  0.25919211  0.25919211  0.25324183  0.25324183  0.26519087  0.30860893  0.29594035  0.28968687  0.30224739  0.30860893  0.28348605  0.28968687  0.27733701  0.28348605  0.38247280  0.28348605  0.28348605  0.28968687  0.28968687  0.30860893  0.27733701  0.28968687  0.28348605  0.27733701  0.25919211  0.28348605  0.28968687  0.25919211  0.26519087  0.27733701  0.30224739  0.27123890  0.27123890  0.27123890  0.24733925  0.24733925  0.24733925  0.24733925  0.27123890  0.26519087  0.27733701  0.26519087  0.27733701  0.29594035  0.27123890  0.26519087  0.27733701  0.38247280  0.38957013  0.34126806  0.34126806  0.35474840  0.32149929  0.34126806  0.28968687  0.38247280  0.34126806  0.32149929  0.32803009  0.34126806  0.37544323  0.30860893  0.32149929  0.32803009  0.32803009  0.34126806  0.34126806  0.34797738  
29_7_0     0.14334090  0.14846332  0.14334090  0.14846332  0.13825388  0.14334090  0.14334090  0.14846332  0.05222947  0.02131392  0.02565175  0.00000000  0.08922785  0.08922785  0.16404789  0.16931692  0.27123890  0.27123890  0.27123890  0.27733701  0.27733701  0.25919211  0.26519087  0.32803009  0.32803009  0.30860893  0.32149929  0.30860893  0.29594035  0.28968687  0.28968687  0.28348605  0.28968687  0.27123890  0.27733701  0.29594035  0.30224739  0.29594035  0.29594035  0.29594035  0.28968687  0.27733701  0.26519087  0.27733701  0.27733701  0.27733701  0.27123890  0.27733701  0.32803009  0.34797738  0.25919211  0.30860893  0.30224739  0.33461933  0.28348605  0.28348605  0.28968687  0.27123890  0.27123890  0.25919211  0.25324183  0.24148360  0.27123890  0.28348605  0.26519087  0.28348605  0.28348605  0.29594035  0.29594035  0.33461933  0.30860893  0.26519087  0.26519087  0.26519087  0.25919211  0.25919211  0.25919211  0.30860893  0.30860893  0.30224739  0.30224739  0.30860893  0.27123890  0.27733701  0.27733701  0.28348605  0.38247280  0.28348605  0.28348605  0.28968687  0.28968687  0.30224739  0.27123890  0.29594035  0.28968687  0.27123890  0.25324183  0.28968687  0.29594035  0.24733925  0.26519087  0.27733701  0.27733701  0.27733701  0.25324183  0.25324183  0.25324183  0.25324183  0.25324183  0.25324183  0.25919211  0.25919211  0.29594035  0.28348605  0.29594035  0.27123890  0.27123890  0.26519087  0.27733701  0.37544323  0.37544323  0.32803009  0.32803009  0.34126806  0.32149929  0.34797738  0.28348605  0.38247280  0.34126806  0.32149929  0.34126806  0.35474840  0.38247280  0.30860893  0.31502590  0.32149929  0.32149929  0.34797738  0.33461933  0.32803009  
34_7_0     0.16931692  0.16404789  0.15881630  0.16404789  0.15881630  0.16404789  0.16404789  0.16931692  0.12818406  0.09398615  0.09877540  0.08922785  0.00000000  0.01700149  0.20174831  0.18535408  0.27733701  0.27123890  0.25324183  0.27123890  0.28348605  0.26519087  0.27123890  0.34126806  0.34126806  0.33461933  0.33461933  0.33461933  0.29594035  0.28348605  0.30860893  0.30224739  0.30860893  0.30224739  0.29594035  0.31502590  0.31502590  0.28968687  0.28968687  0.27733701  0.28348605  0.29594035  0.27123890  0.28348605  0.28348605  0.28348605  0.27733701  0.24148360  0.32803009  0.33461933  0.27733701  0.28968687  0.30860893  0.32149929  0.30224739  0.30224739  0.29594035  0.26519087  0.26519087  0.25324183  0.23567416  0.23567416  0.26519087  0.31502590  0.29594035  0.31502590  0.32803009  0.32803009  0.32803009  0.38957013  0.34126806  0.26519087  0.26519087  0.26519087  0.25919211  0.25919211  0.27123890  0.31502590  0.27733701  0.27123890  0.27123890  0.27733701  0.26519087  0.26519087  0.25919211  0.26519087  0.37544323  0.28348605  0.28348605  0.28968687  0.28968687  0.30224739  0.27733701  0.30224739  0.30224739  0.31502590  0.28348605  0.28968687  0.28348605  0.26519087  0.28348605  0.27123890  0.26519087  0.29594035  0.27123890  0.27123890  0.24733925  0.24733925  0.24733925  0.24733925  0.28968687  0.28968687  0.30224739  0.27733701  0.28968687  0.28348605  0.30224739  0.30860893  0.30860893  0.35474840  0.34126806  0.34126806  0.35474840  0.35474840  0.34797738  0.37544323  0.34126806  0.36848013  0.36848013  0.36158225  0.36848013  0.41128204  0.38247280  0.33461933  0.29594035  0.30224739  0.30224739  0.35474840  0.34126806  0.33461933  
60_7_0     0.17996946  0.17462393  0.16931692  0.17462393  0.15881630  0.15362161  0.16404789  0.16931692  0.11825010  0.09398615  0.08922785  0.08922785  0.01700149  0.00000000  0.19077837  0.18535408  0.27733701  0.27123890  0.26519087  0.28348605  0.28348605  0.26519087  0.27123890  0.32803009  0.32803009  0.32149929  0.32149929  0.32149929  0.29594035  0.28348605  0.28348605  0.27733701  0.28348605  0.27733701  0.27123890  0.28968687  0.31502590  0.27733701  0.27733701  0.26519087  0.27123890  0.27123890  0.24733925  0.27123890  0.27123890  0.27123890  0.26519087  0.25324183  0.31502590  0.33461933  0.30224739  0.31502590  0.32149929  0.33461933  0.31502590  0.30224739  0.30860893  0.27733701  0.27733701  0.25324183  0.24733925  0.24733925  0.27733701  0.29594035  0.28968687  0.30860893  0.32149929  0.31502590  0.32803009  0.40397338  0.32803009  0.27733701  0.27733701  0.27733701  0.27123890  0.27123890  0.29594035  0.32803009  0.27733701  0.27123890  0.27123890  0.27733701  0.27733701  0.27733701  0.25919211  0.26519087  0.36158225  0.29594035  0.29594035  0.30224739  0.30224739  0.31502590  0.27123890  0.29594035  0.29594035  0.30860893  0.28968687  0.29594035  0.28968687  0.28348605  0.28968687  0.27733701  0.28348605  0.30224739  0.28968687  0.28968687  0.25324183  0.25324183  0.25324183  0.25324183  0.29594035  0.30860893  0.30860893  0.28348605  0.29594035  0.30224739  0.30860893  0.31502590  0.31502590  0.38247280  0.35474840  0.35474840  0.36848013  0.36848013  0.36158225  0.37544323  0.35474840  0.36848013  0.36848013  0.34797738  0.35474840  0.39673654  0.39673654  0.33461933  0.28348605  0.28968687  0.28968687  0.34126806  0.32803009  0.33461933  
34_8_0     0.15881630  0.17462393  0.16931692  0.17462393  0.14334090  0.13825388  0.15362161  0.14846332  0.19077837  0.16404789  0.15881630  0.16404789  0.20174831  0.19077837  0.00000000  0.03001528  0.28968687  0.25324183  0.26519087  0.25919211  0.24733925  0.26519087  0.25919211  0.28348605  0.28348605  0.27733701  0.27733701  0.28968687  0.31502590  0.24733925  0.29594035  0.28968687  0.29594035  0.27733701  0.28348605  0.30224739  0.30224739  0.30224739  0.30224739  0.30224739  0.29594035  0.27123890  0.28348605  0.23567416  0.23567416  0.23567416  0.22991019  0.27733701  0.29594035  0.30224739  0.25324183  0.32803009  0.30860893  0.36158225  0.32803009  0.32149929  0.32803009  0.24733925  0.24733925  0.25919211  0.25919211  0.25919211  0.27733701  0.32149929  0.31502590  0.30860893  0.32149929  0.32149929  0.35474840  0.34797738  0.30860893  0.30860893  0.30860893  0.30860893  0.30224739  0.30224739  0.34126806  0.30860893  0.32149929  0.31502590  0.32803009  0.33461933  0.30860893  0.31502590  0.28968687  0.29594035  0.40397338  0.27123890  0.27123890  0.26519087  0.26519087  0.29594035  0.27123890  0.27733701  0.27123890  0.30860893  0.27733701  0.29594035  0.30224739  0.27733701  0.28968687  0.27733701  0.30224739  0.27733701  0.27123890  0.27123890  0.24148360  0.24148360  0.25324183  0.25324183  0.24148360  0.28348605  0.30224739  0.30224739  0.30224739  0.31502590  0.26519087  0.28348605  0.27123890  0.41128204  0.39673654  0.36158225  0.36158225  0.37544323  0.38247280  0.36158225  0.35474840  0.36848013  0.33461933  0.32149929  0.34797738  0.36158225  0.32803009  0.30860893  0.32149929  0.32803009  0.32803009  0.34126806  0.34126806  0.36158225  
60_8_0     0.15362161  0.16931692  0.16404789  0.16931692  0.14846332  0.14334090  0.16404789  0.15881630  0.20729518  0.17996946  0.17462393  0.16931692  0.18535408  0.18535408  0.03001528  0.00000000  0.28348605  0.25919211  0.25324183  0.24733925  0.25324183  0.27123890  0.26519087  0.28348605  0.28348605  0.28968687  0.27733701  0.28968687  0.31502590  0.25324183  0.30224739  0.29594035  0.30224739  0.29594035  0.28968687  0.30860893  0.30860893  0.28968687  0.28968687  0.28968687  0.28348605  0.28348605  0.28348605  0.24148360  0.24148360  0.23567416  0.23567416  0.28348605  0.30224739  0.29594035  0.25324183  0.32803009  0.32149929  0.37544323  0.34126806  0.34797738  0.34126806  0.25919211  0.25919211  0.26519087  0.25919211  0.25919211  0.27733701  0.32803009  0.32149929  0.31502590  0.32803009  0.34126806  0.37544323  0.36158225  0.32149929  0.29594035  0.29594035  0.29594035  0.28968687  0.28968687  0.32803009  0.32803009  0.32803009  0.32149929  0.32149929  0.32803009  0.31502590  0.32149929  0.29594035  0.30224739  0.39673654  0.26519087  0.26519087  0.25919211  0.25919211  0.27733701  0.24148360  0.25919211  0.25324183  0.28968687  0.25919211  0.27733701  0.28348605  0.27123890  0.28348605  0.27123890  0.26519087  0.27123890  0.25324183  0.25324183  0.22991019  0.22991019  0.24148360  0.24148360  0.21851587  0.27123890  0.29594035  0.29594035  0.29594035  0.28968687  0.26519087  0.28348605  0.27123890  0.38247280  0.37544323  0.35474840  0.35474840  0.36848013  0.37544323  0.34126806  0.35474840  0.35474840  0.33461933  0.33461933  0.36158225  0.37544323  0.33461933  0.29594035  0.30224739  0.30860893  0.30860893  0.34797738  0.33461933  0.35474840  
5_1_0      0.22991019  0.21851587  0.21851587  0.20174831  0.23567416  0.23567416  0.25324183  0.24148360  0.27123890  0.26519087  0.27123890  0.27123890  0.27733701  0.27733701  0.28968687  0.28348605  0.00000000  0.07513471  0.06130625  0.05675387  0.06588694  0.06130625  0.06588694  0.13320176  0.14334090  0.13825388  0.12818406  0.11825010  0.13825388  0.07513471  0.13825388  0.13320176  0.12818406  0.13320176  0.12818406  0.14334090  0.15881630  0.08922785  0.08922785  0.08922785  0.08450011  0.10359600  0.09398615  0.06588694  0.06588694  0.06588694  0.06130625  0.15362161  0.13320176  0.13320176  0.29594035  0.30860893  0.30860893  0.32149929  0.28968687  0.30224739  0.29594035  0.29594035  0.29594035  0.28348605  0.29594035  0.28348605  0.29594035  0.28348605  0.28968687  0.27733701  0.26519087  0.32803009  0.30224739  0.36848013  0.34797738  0.28968687  0.28968687  0.28968687  0.29594035  0.29594035  0.29594035  0.28348605  0.31502590  0.30860893  0.31502590  0.30860893  0.28968687  0.29594035  0.30860893  0.30224739  0.46458069  0.29594035  0.29594035  0.30224739  0.30224739  0.30224739  0.25324183  0.25919211  0.26519087  0.34126806  0.32149929  0.34797738  0.35474840  0.30224739  0.30224739  0.31502590  0.33461933  0.28348605  0.27733701  0.27733701  0.30224739  0.30224739  0.31502590  0.31502590  0.29594035  0.30224739  0.27123890  0.28348605  0.28348605  0.30224739  0.32149929  0.30224739  0.31502590  0.35474840  0.34797738  0.38247280  0.38957013  0.38247280  0.37544323  0.39673654  0.37544323  0.34797738  0.41128204  0.43365365  0.41866398  0.41866398  0.38957013  0.35474840  0.30860893  0.31502590  0.31502590  0.35474840  0.34797738  0.31502590  
19_1_0     0.22419099  0.21288415  0.21288415  0.19624291  0.24733925  0.22991019  0.24733925  0.23567416  0.30224739  0.27733701  0.28348605  0.27123890  0.27123890  0.27123890  0.25324183  0.25919211  0.07513471  0.00000000  0.02131392  0.02565175  0.06130625  0.04773269  0.05222947  0.13320176  0.14334090  0.13320176  0.12818406  0.12818406  0.14846332  0.07513471  0.12320033  0.11825010  0.12320033  0.11333292  0.11333292  0.12818406  0.14334090  0.08922785  0.09877540  0.08922785  0.09398615  0.09877540  0.10359600  0.04326322  0.04326322  0.03882070  0.03882070  0.16404789  0.12320033  0.13825388  0.28968687  0.30224739  0.30224739  0.33461933  0.30860893  0.29594035  0.30224739  0.26519087  0.26519087  0.26519087  0.26519087  0.25324183  0.27733701  0.31502590  0.32149929  0.30224739  0.30224739  0.32149929  0.34126806  0.38957013  0.34126806  0.32149929  0.32149929  0.32149929  0.31502590  0.31502590  0.32803009  0.28348605  0.30224739  0.30860893  0.30224739  0.29594035  0.27123890  0.27733701  0.27733701  0.28348605  0.47251977  0.32149929  0.32149929  0.32803009  0.32803009  0.34126806  0.25919211  0.27733701  0.26519087  0.37544323  0.35474840  0.38247280  0.37544323  0.32149929  0.30860893  0.33461933  0.33461933  0.30224739  0.28968687  0.28968687  0.28968687  0.28968687  0.30224739  0.30224739  0.30860893  0.30224739  0.28348605  0.29594035  0.28348605  0.30224739  0.31502590  0.29594035  0.30860893  0.35474840  0.32803009  0.37544323  0.38957013  0.38247280  0.38247280  0.40397338  0.33461933  0.33461933  0.34126806  0.34797738  0.35474840  0.38957013  0.39673654  0.33461933  0.29594035  0.30224739  0.30224739  0.32149929  0.31502590  0.29594035  
31_1_0     0.21851587  0.20729518  0.20729518  0.19077837  0.23567416  0.22991019  0.24733925  0.23567416  0.29594035  0.27733701  0.28348605  0.27123890  0.25324183  0.26519087  0.26519087  0.25324183  0.06130625  0.02131392  0.00000000  0.01271418  0.05675387  0.04326322  0.04773269  0.13825388  0.14846332  0.14334090  0.13320176  0.13320176  0.15362161  0.07513471  0.13320176  0.12818406  0.13320176  0.12818406  0.12320033  0.13825388  0.14334090  0.08450011  0.09398615  0.08450011  0.08922785  0.10844837  0.09877540  0.04773269  0.04773269  0.04326322  0.04326322  0.15881630  0.13320176  0.13320176  0.28348605  0.30224739  0.30224739  0.33461933  0.30860893  0.30860893  0.30224739  0.27123890  0.27123890  0.24733925  0.25919211  0.24733925  0.27123890  0.31502590  0.32149929  0.30224739  0.30224739  0.30860893  0.34126806  0.40397338  0.35474840  0.30860893  0.30860893  0.30860893  0.30224739  0.30224739  0.31502590  0.29594035  0.30860893  0.31502590  0.30860893  0.30224739  0.28348605  0.28968687  0.28968687  0.29594035  0.47251977  0.30224739  0.30224739  0.30860893  0.30860893  0.32149929  0.24148360  0.25919211  0.24733925  0.34126806  0.32149929  0.34797738  0.34126806  0.30224739  0.28968687  0.32803009  0.31502590  0.30224739  0.29594035  0.29594035  0.29594035  0.29594035  0.30860893  0.30860893  0.31502590  0.29594035  0.28968687  0.28968687  0.28968687  0.30860893  0.32803009  0.30860893  0.32149929  0.36848013  0.34126806  0.38957013  0.40397338  0.39673654  0.39673654  0.41866398  0.36158225  0.31502590  0.34126806  0.36158225  0.36848013  0.38957013  0.41128204  0.36158225  0.30224739  0.30860893  0.30860893  0.34797738  0.34126806  0.30860893  
33_1_0     0.22419099  0.21288415  0.21288415  0.19624291  0.25324183  0.24733925  0.26519087  0.25324183  0.30224739  0.28348605  0.28968687  0.27733701  0.27123890  0.28348605  0.25919211  0.24733925  0.05675387  0.02565175  0.01271418  0.00000000  0.04326322  0.03882070  0.04326322  0.12320033  0.13320176  0.12818406  0.11825010  0.11825010  0.13825388  0.07049631  0.12818406  0.12320033  0.12818406  0.12320033  0.11825010  0.13320176  0.13825388  0.07980252  0.08922785  0.08922785  0.08450011  0.10359600  0.09398615  0.04326322  0.04326322  0.03882070  0.03882070  0.16404789  0.12818406  0.12818406  0.27733701  0.30860893  0.30860893  0.34797738  0.31502590  0.32803009  0.32149929  0.27733701  0.27733701  0.25324183  0.26519087  0.25324183  0.27733701  0.30860893  0.31502590  0.29594035  0.29594035  0.32803009  0.33461933  0.38247280  0.34797738  0.30224739  0.30224739  0.30224739  0.29594035  0.29594035  0.30860893  0.28968687  0.31502590  0.32149929  0.31502590  0.30860893  0.28968687  0.29594035  0.29594035  0.30224739  0.47251977  0.30860893  0.30860893  0.31502590  0.31502590  0.32803009  0.24733925  0.26519087  0.25324183  0.33461933  0.31502590  0.34126806  0.34797738  0.30860893  0.29594035  0.30860893  0.30860893  0.28348605  0.27733701  0.27733701  0.28968687  0.28968687  0.30224739  0.30224739  0.29594035  0.31502590  0.28348605  0.29594035  0.29594035  0.30224739  0.33461933  0.31502590  0.32803009  0.36158225  0.33461933  0.38247280  0.39673654  0.38957013  0.37544323  0.39673654  0.34126806  0.32149929  0.34797738  0.36848013  0.37544323  0.38247280  0.38957013  0.35474840  0.30860893  0.31502590  0.31502590  0.32803009  0.32149929  0.28968687  
32_2_0     0.23567416  0.22419099  0.22419099  0.20729518  0.24148360  0.24148360  0.25919211  0.24733925  0.29594035  0.27733701  0.28348605  0.27733701  0.28348605  0.28348605  0.24733925  0.25324183  0.06588694  0.06130625  0.05675387  0.04326322  0.00000000  0.03882070  0.03440483  0.10359600  0.11333292  0.10844837  0.09877540  0.09877540  0.12818406  0.06130625  0.12320033  0.11825010  0.12320033  0.11825010  0.11333292  0.12818406  0.12320033  0.09398615  0.10359600  0.10359600  0.09877540  0.09877540  0.08922785  0.03440483  0.03440483  0.03440483  0.03001528  0.17996946  0.11825010  0.13825388  0.26519087  0.30860893  0.29594035  0.33461933  0.31502590  0.31502590  0.32149929  0.25324183  0.25324183  0.25324183  0.26519087  0.25324183  0.26519087  0.27733701  0.28348605  0.27123890  0.27123890  0.29594035  0.30224739  0.36158225  0.32803009  0.28348605  0.28348605  0.28348605  0.28968687  0.28968687  0.28968687  0.25324183  0.28348605  0.28968687  0.28348605  0.28968687  0.25919211  0.26519087  0.26519087  0.27123890  0.46458069  0.30224739  0.30224739  0.30860893  0.30860893  0.30860893  0.25919211  0.26519087  0.26519087  0.33461933  0.31502590  0.32803009  0.33461933  0.30860893  0.29594035  0.30860893  0.32803009  0.28348605  0.27733701  0.27733701  0.28968687  0.28968687  0.30224739  0.30224739  0.30860893  0.30860893  0.27733701  0.28968687  0.28968687  0.30860893  0.34126806  0.32149929  0.33461933  0.37544323  0.34126806  0.38957013  0.40397338  0.39673654  0.38247280  0.38957013  0.34126806  0.34126806  0.37544323  0.38247280  0.38247280  0.39673654  0.38247280  0.34797738  0.29594035  0.30224739  0.31502590  0.34126806  0.33461933  0.30224739  
74_2_0     0.22991019  0.21851587  0.21851587  0.20174831  0.25919211  0.24148360  0.25919211  0.24733925  0.27123890  0.26519087  0.27123890  0.25919211  0.26519087  0.26519087  0.26519087  0.27123890  0.06130625  0.04773269  0.04326322  0.03882070  0.03882070  0.00000000  0.00421371  0.11825010  0.12818406  0.12320033  0.11333292  0.11333292  0.12320033  0.06588694  0.11825010  0.11333292  0.11825010  0.11333292  0.10844837  0.12320033  0.12818406  0.07980252  0.08922785  0.08922785  0.08450011  0.08450011  0.08450011  0.03001528  0.03001528  0.03001528  0.02565175  0.14334090  0.12320033  0.12320033  0.28348605  0.31502590  0.31502590  0.32803009  0.30860893  0.30860893  0.31502590  0.27123890  0.27123890  0.25919211  0.27123890  0.25919211  0.28348605  0.28348605  0.28968687  0.28968687  0.28968687  0.30224739  0.30860893  0.38247280  0.33461933  0.30224739  0.30224739  0.30224739  0.29594035  0.29594035  0.30860893  0.28348605  0.28968687  0.29594035  0.28968687  0.28348605  0.26519087  0.27123890  0.27123890  0.27733701  0.43365365  0.29594035  0.29594035  0.30224739  0.30224739  0.32803009  0.26519087  0.28348605  0.25919211  0.34126806  0.32149929  0.34797738  0.35474840  0.28968687  0.28968687  0.30224739  0.32149929  0.27733701  0.28348605  0.28348605  0.29594035  0.29594035  0.30860893  0.30860893  0.30224739  0.28968687  0.27123890  0.28348605  0.28348605  0.28968687  0.32149929  0.30224739  0.31502590  0.34797738  0.32803009  0.37544323  0.38957013  0.38247280  0.36848013  0.38957013  0.34797738  0.34797738  0.35474840  0.36158225  0.36158225  0.37544323  0.38957013  0.34126806  0.31502590  0.32149929  0.32149929  0.34797738  0.34126806  0.30860893  
13_2_0     0.23567416  0.22419099  0.22419099  0.20729518  0.25324183  0.23567416  0.25324183  0.24148360  0.27123890  0.26519087  0.27123890  0.26519087  0.27123890  0.27123890  0.25919211  0.26519087  0.06588694  0.05222947  0.04773269  0.04326322  0.03440483  0.00421371  0.00000000  0.11333292  0.12320033  0.11825010  0.10844837  0.10844837  0.12818406  0.06130625  0.12320033  0.11825010  0.12320033  0.11825010  0.11333292  0.12818406  0.12320033  0.08450011  0.09398615  0.09398615  0.08922785  0.08922785  0.08922785  0.02565175  0.02565175  0.02565175  0.02131392  0.14846332  0.12818406  0.12818406  0.27733701  0.32149929  0.30860893  0.33461933  0.31502590  0.31502590  0.32149929  0.26519087  0.26519087  0.25324183  0.26519087  0.25324183  0.27733701  0.27733701  0.28348605  0.28348605  0.28348605  0.29594035  0.30224739  0.37544323  0.32803009  0.29594035  0.29594035  0.29594035  0.28968687  0.28968687  0.30224739  0.28968687  0.29594035  0.30224739  0.29594035  0.28968687  0.27123890  0.27733701  0.27733701  0.28348605  0.44126449  0.30224739  0.30224739  0.30860893  0.30860893  0.32149929  0.25919211  0.27733701  0.25324183  0.33461933  0.31502590  0.34126806  0.34797738  0.29594035  0.29594035  0.30860893  0.32803009  0.27123890  0.27733701  0.27733701  0.28968687  0.28968687  0.30224739  0.30224739  0.30860893  0.28348605  0.26519087  0.27733701  0.27733701  0.29594035  0.32803009  0.30860893  0.32149929  0.34126806  0.33461933  0.38247280  0.39673654  0.38957013  0.37544323  0.38247280  0.34126806  0.35474840  0.36158225  0.36848013  0.36848013  0.38247280  0.38247280  0.34797738  0.30860893  0.31502590  0.31502590  0.34126806  0.33461933  0.30224739  
