144
1_2_0      0.00000000  0.43686410  0.57059852  0.58294678  0.53477228  0.55845787  0.60829542  0.62131142  0.58294678  0.62131142  0.64806915  0.60829542  0.58294678  0.59550988  0.58294678  0.58294678  0.58294678  0.59550988  0.59550988  0.52321459  0.51183898  0.50063979  0.50063979  0.50063979  0.85136778  0.64806915  0.62131142  0.66182925  0.70475638  0.41679863  0.47874939  0.43686410  0.60829542  0.47874939  0.51183898  0.47874939  0.42676167  0.43686410  0.53477228  0.50063979  0.54651797  0.70475638  0.54651797  0.55845787  0.54651797  0.55845787  0.52321459  0.51183898  0.51183898  0.55845787  0.50063979  0.47874939  0.48961164  0.48961164  0.50063979  0.43686410  0.50063979  0.47874939  0.47874939  0.51183898  0.45750310  0.45750310  0.48961164  0.63456635  0.62131142  0.54651797  0.48961164  0.48961164  0.47874939  0.47874939  0.47874939  0.43686410  0.58294678  0.52321459  0.53477228  0.54651797  0.55845787  0.55845787  0.52321459  0.54651797  0.54651797  0.54651797  0.52321459  0.63456635  0.59550988  0.58294678  0.54651797  0.66182925  0.57059852  0.57059852  0.51183898  0.53477228  0.50063979  0.51183898  0.47874939  0.48961164  0.51183898  0.52321459  0.57059852  0.62131142  0.55845787  0.51183898  0.51183898  0.52321459  0.48961164  0.48961164  0.50063979  0.50063979  0.52321459  0.51183898  0.55845787  0.55845787  0.46804810  0.47874939  0.53477228  0.52321459  0.46804810  0.60829542  0.58294678  0.53477228  0.54651797  0.54651797  0.52321459  0.45750310  0.51183898  0.59550988  0.59550988  0.60829542  0.52321459  0.52321459  0.69016195  0.53477228  0.48961164  0.48961164  0.57059852  0.47874939  0.59550988  0.69016195  0.58294678  0.63456635  0.54651797  0.55845787  0.53477228  0.58294678  
1_1_0      0.43686410  0.00000000  0.59550988  0.60829542  0.58294678  0.60829542  0.67585665  0.69016195  0.67585665  0.63456635  0.66182925  0.69016195  0.69016195  0.67585665  0.63456635  0.69016195  0.69016195  0.70475638  0.63456635  0.59550988  0.57059852  0.48961164  0.58294678  0.51183898  0.63456635  0.60829542  0.60829542  0.69016195  0.78251080  0.39727569  0.50063979  0.48961164  0.58294678  0.48961164  0.47874939  0.47874939  0.47874939  0.46804810  0.43686410  0.42676167  0.57059852  0.64806915  0.44710986  0.44710986  0.45750310  0.44710986  0.48961164  0.50063979  0.47874939  0.52321459  0.48961164  0.51183898  0.50063979  0.50063979  0.48961164  0.44710986  0.43686410  0.39727569  0.41679863  0.44710986  0.37826671  0.38770865  0.42676167  0.53477228  0.52321459  0.43686410  0.42676167  0.42676167  0.39727569  0.39727569  0.53477228  0.48961164  0.66182925  0.57059852  0.59550988  0.57059852  0.59550988  0.55845787  0.54651797  0.55845787  0.59550988  0.55845787  0.59550988  0.58294678  0.60829542  0.59550988  0.53477228  0.59550988  0.57059852  0.55845787  0.57059852  0.57059852  0.55845787  0.58294678  0.58294678  0.57059852  0.59550988  0.58294678  0.71965187  0.63456635  0.62131142  0.64806915  0.64806915  0.63456635  0.54651797  0.54651797  0.55845787  0.60829542  0.50063979  0.46804810  0.52321459  0.51183898  0.53477228  0.50063979  0.47874939  0.48961164  0.46804810  0.70475638  0.70475638  0.62131142  0.69016195  0.69016195  0.64806915  0.52321459  0.51183898  0.62131142  0.64806915  0.60829542  0.54651797  0.54651797  0.62131142  0.55845787  0.58294678  0.58294678  0.57059852  0.48961164  0.58294678  0.67585665  0.58294678  0.59550988  0.59550988  0.58294678  0.62131142  0.66182925  
59_0_0     0.57059852  0.59550988  0.00000000  0.03997524  0.08854698  0.05780898  0.11411562  0.12065178  0.15425064  0.15425064  0.16814048  0.06385280  0.08229381  0.08854698  0.08854698  0.09485476  0.07609433  0.06994763  0.30687149  0.05780898  0.10763808  0.31541930  0.41679863  0.35065976  0.83352827  0.58294678  0.58294678  0.59550988  0.58294678  0.37826671  0.47874939  0.50063979  0.54651797  0.45750310  0.40697119  0.46804810  0.44710986  0.44710986  0.46804810  0.50063979  0.53477228  0.46804810  0.41679863  0.39727569  0.37826671  0.38770865  0.42676167  0.41679863  0.43686410  0.44710986  0.41679863  0.43686410  0.42676167  0.42676167  0.41679863  0.42676167  0.43686410  0.39727569  0.44710986  0.43686410  0.44710986  0.42676167  0.43686410  0.53477228  0.54651797  0.39727569  0.37826671  0.37826671  0.39727569  0.39727569  0.46804810  0.40697119  0.48961164  0.35065976  0.51183898  0.48961164  0.50063979  0.50063979  0.47874939  0.46804810  0.50063979  0.46804810  0.45750310  0.48961164  0.38770865  0.37826671  0.38770865  0.45750310  0.38770865  0.36894663  0.40697119  0.42676167  0.41679863  0.37826671  0.39727569  0.36894663  0.38770865  0.39727569  0.45750310  0.43686410  0.44710986  0.47874939  0.47874939  0.46804810  0.48961164  0.48961164  0.47874939  0.46804810  0.46804810  0.42676167  0.48961164  0.46804810  0.46804810  0.47874939  0.44710986  0.45750310  0.37826671  0.57059852  0.58294678  0.50063979  0.53477228  0.53477228  0.50063979  0.52321459  0.48961164  0.53477228  0.58294678  0.54651797  0.55845787  0.53477228  0.57059852  0.55845787  0.58294678  0.58294678  0.58294678  0.46804810  0.57059852  0.75039758  0.60829542  0.66182925  0.51183898  0.52321459  0.69016195  0.67585665  
61_0_0     0.58294678  0.60829542  0.03997524  0.00000000  0.06994763  0.03997524  0.07609433  0.08229381  0.12065178  0.12065178  0.13390433  0.04587102  0.06385280  0.06994763  0.05780898  0.07609433  0.05780898  0.05181533  0.29007357  0.05181533  0.10121814  0.29007357  0.36894663  0.32406950  0.78251080  0.52321459  0.52321459  0.53477228  0.52321459  0.35065976  0.40697119  0.44710986  0.50063979  0.46804810  0.39727569  0.47874939  0.39727569  0.39727569  0.45750310  0.46804810  0.54651797  0.47874939  0.40697119  0.38770865  0.35065976  0.35974531  0.44710986  0.42676167  0.44710986  0.47874939  0.44710986  0.46804810  0.45750310  0.45750310  0.44710986  0.43686410  0.46804810  0.42676167  0.47874939  0.46804810  0.47874939  0.45750310  0.46804810  0.48961164  0.50063979  0.42676167  0.40697119  0.40697119  0.42676167  0.42676167  0.41679863  0.37826671  0.43686410  0.32406950  0.45750310  0.43686410  0.44710986  0.44710986  0.42676167  0.41679863  0.44710986  0.41679863  0.40697119  0.47874939  0.36894663  0.35974531  0.34168711  0.40697119  0.34168711  0.32406950  0.35974531  0.37826671  0.38770865  0.33282457  0.35065976  0.32406950  0.34168711  0.35065976  0.46804810  0.40697119  0.39727569  0.40697119  0.40697119  0.39727569  0.41679863  0.41679863  0.40697119  0.41679863  0.45750310  0.41679863  0.45750310  0.45750310  0.41679863  0.42676167  0.41679863  0.42676167  0.35065976  0.59550988  0.60829542  0.47874939  0.51183898  0.51183898  0.47874939  0.48961164  0.50063979  0.54651797  0.52321459  0.48961164  0.52321459  0.50063979  0.54651797  0.52321459  0.57059852  0.57059852  0.54651797  0.41679863  0.54651797  0.70475638  0.58294678  0.60829542  0.45750310  0.46804810  0.75039758  0.70475638  
34_0_0     0.53477228  0.58294678  0.08854698  0.06994763  0.00000000  0.02832616  0.14062293  0.14740464  0.14740464  0.14740464  0.16116216  0.09485476  0.10121814  0.10763808  0.09485476  0.11411562  0.09485476  0.08854698  0.29007357  0.08854698  0.14062293  0.25760642  0.31541930  0.29842369  0.73486111  0.50063979  0.50063979  0.54651797  0.53477228  0.31541930  0.38770865  0.40697119  0.51183898  0.45750310  0.40697119  0.45750310  0.37826671  0.37826671  0.41679863  0.42676167  0.48961164  0.46804810  0.35974531  0.35974531  0.32406950  0.33282457  0.41679863  0.41679863  0.41679863  0.44710986  0.41679863  0.43686410  0.42676167  0.42676167  0.41679863  0.37826671  0.40697119  0.36894663  0.41679863  0.40697119  0.41679863  0.39727569  0.41679863  0.50063979  0.51183898  0.41679863  0.35065976  0.35065976  0.36894663  0.36894663  0.39727569  0.34168711  0.44710986  0.30687149  0.41679863  0.39727569  0.42676167  0.40697119  0.40697119  0.37826671  0.40697119  0.37826671  0.36894663  0.43686410  0.38770865  0.37826671  0.30687149  0.40697119  0.34168711  0.32406950  0.32406950  0.34168711  0.35065976  0.31541930  0.31541930  0.30687149  0.30687149  0.31541930  0.47874939  0.43686410  0.42676167  0.40697119  0.40697119  0.41679863  0.43686410  0.43686410  0.44710986  0.41679863  0.43686410  0.39727569  0.46804810  0.41679863  0.38770865  0.38770865  0.41679863  0.42676167  0.36894663  0.59550988  0.58294678  0.50063979  0.51183898  0.51183898  0.47874939  0.46804810  0.50063979  0.52321459  0.59550988  0.55845787  0.50063979  0.47874939  0.57059852  0.48961164  0.55845787  0.55845787  0.51183898  0.38770865  0.51183898  0.71965187  0.54651797  0.57059852  0.43686410  0.44710986  0.70475638  0.69016195  
21_0_0     0.55845787  0.60829542  0.05780898  0.03997524  0.02832616  0.00000000  0.10763808  0.11411562  0.12724765  0.12724765  0.14062293  0.06385280  0.08229381  0.08854698  0.07609433  0.09485476  0.07609433  0.06994763  0.26558738  0.05780898  0.10763808  0.29007357  0.35065976  0.32406950  0.71965187  0.50063979  0.50063979  0.53477228  0.52321459  0.33282457  0.40697119  0.42676167  0.52321459  0.45750310  0.39727569  0.45750310  0.37826671  0.37826671  0.43686410  0.44710986  0.50063979  0.50063979  0.40697119  0.40697119  0.35065976  0.35974531  0.42676167  0.42676167  0.42676167  0.45750310  0.42676167  0.44710986  0.43686410  0.43686410  0.42676167  0.41679863  0.44710986  0.40697119  0.45750310  0.44710986  0.45750310  0.43686410  0.44710986  0.48961164  0.50063979  0.42676167  0.38770865  0.38770865  0.40697119  0.40697119  0.41679863  0.35974531  0.43686410  0.32406950  0.43686410  0.41679863  0.42676167  0.42676167  0.40697119  0.39727569  0.42676167  0.39727569  0.38770865  0.45750310  0.40697119  0.39727569  0.32406950  0.39727569  0.34168711  0.32406950  0.34168711  0.35974531  0.36894663  0.31541930  0.33282457  0.30687149  0.32406950  0.33282457  0.46804810  0.40697119  0.41679863  0.42676167  0.42676167  0.41679863  0.43686410  0.43686410  0.42676167  0.41679863  0.43686410  0.41679863  0.43686410  0.45750310  0.41679863  0.42676167  0.43686410  0.44710986  0.38770865  0.55845787  0.57059852  0.48961164  0.52321459  0.52321459  0.48961164  0.47874939  0.48961164  0.53477228  0.55845787  0.52321459  0.51183898  0.48961164  0.55845787  0.51183898  0.58294678  0.58294678  0.53477228  0.39727569  0.50063979  0.67585665  0.53477228  0.58294678  0.46804810  0.47874939  0.71965187  0.70475638  
93_0_0     0.60829542  0.67585665  0.11411562  0.07609433  0.14062293  0.10763808  0.00000000  0.00557704  0.19674832  0.19674832  0.19674832  0.11411562  0.13390433  0.12724765  0.12724765  0.14740464  0.12724765  0.12065178  0.28181891  0.12065178  0.16116216  0.36894663  0.37826671  0.40697119  0.73486111  0.48961164  0.48961164  0.57059852  0.55845787  0.38770865  0.45750310  0.50063979  0.52321459  0.51183898  0.43686410  0.53477228  0.42676167  0.42676167  0.52321459  0.54651797  0.53477228  0.52321459  0.48961164  0.46804810  0.43686410  0.44710986  0.45750310  0.44710986  0.46804810  0.46804810  0.45750310  0.47874939  0.46804810  0.46804810  0.45750310  0.44710986  0.46804810  0.44710986  0.48961164  0.50063979  0.45750310  0.47874939  0.50063979  0.53477228  0.52321459  0.50063979  0.44710986  0.44710986  0.46804810  0.46804810  0.44710986  0.42676167  0.46804810  0.40697119  0.58294678  0.55845787  0.57059852  0.54651797  0.54651797  0.53477228  0.57059852  0.53477228  0.52321459  0.51183898  0.45750310  0.44710986  0.40697119  0.45750310  0.40697119  0.38770865  0.42676167  0.44710986  0.45750310  0.41679863  0.41679863  0.40697119  0.40697119  0.41679863  0.48961164  0.43686410  0.42676167  0.43686410  0.43686410  0.42676167  0.44710986  0.44710986  0.43686410  0.46804810  0.52321459  0.47874939  0.51183898  0.52321459  0.44710986  0.45750310  0.50063979  0.51183898  0.38770865  0.59550988  0.60829542  0.50063979  0.55845787  0.55845787  0.50063979  0.52321459  0.57059852  0.62131142  0.60829542  0.57059852  0.58294678  0.55845787  0.55845787  0.57059852  0.60829542  0.60829542  0.59550988  0.46804810  0.57059852  0.79911934  0.60829542  0.63456635  0.48961164  0.50063979  0.70475638  0.69016195  
86_0_0     0.62131142  0.69016195  0.12065178  0.08229381  0.14740464  0.11411562  0.00557704  0.00000000  0.20408094  0.20408094  0.20408094  0.12065178  0.14062293  0.13390433  0.13390433  0.15425064  0.13390433  0.12724765  0.29007357  0.12724765  0.16814048  0.37826671  0.38770865  0.41679863  0.75039758  0.50063979  0.50063979  0.58294678  0.57059852  0.39727569  0.46804810  0.51183898  0.53477228  0.52321459  0.44710986  0.54651797  0.43686410  0.43686410  0.53477228  0.55845787  0.54651797  0.53477228  0.50063979  0.47874939  0.44710986  0.45750310  0.46804810  0.45750310  0.47874939  0.47874939  0.46804810  0.48961164  0.47874939  0.47874939  0.46804810  0.45750310  0.47874939  0.45750310  0.50063979  0.51183898  0.46804810  0.48961164  0.51183898  0.54651797  0.53477228  0.51183898  0.45750310  0.45750310  0.47874939  0.47874939  0.45750310  0.43686410  0.47874939  0.41679863  0.59550988  0.57059852  0.58294678  0.55845787  0.55845787  0.54651797  0.58294678  0.54651797  0.53477228  0.52321459  0.46804810  0.45750310  0.41679863  0.44710986  0.39727569  0.39727569  0.43686410  0.45750310  0.46804810  0.42676167  0.42676167  0.41679863  0.41679863  0.42676167  0.50063979  0.44710986  0.43686410  0.44710986  0.44710986  0.43686410  0.45750310  0.45750310  0.44710986  0.47874939  0.53477228  0.48961164  0.52321459  0.53477228  0.45750310  0.46804810  0.51183898  0.52321459  0.39727569  0.58294678  0.59550988  0.51183898  0.57059852  0.57059852  0.51183898  0.51183898  0.58294678  0.63456635  0.62131142  0.58294678  0.59550988  0.57059852  0.57059852  0.58294678  0.62131142  0.62131142  0.60829542  0.47874939  0.58294678  0.81611887  0.62131142  0.64806915  0.48961164  0.50063979  0.71965187  0.70475638  
15_0_0     0.58294678  0.67585665  0.15425064  0.12065178  0.14740464  0.12724765  0.19674832  0.20408094  0.00000000  0.02257134  0.03412721  0.13390433  0.12724765  0.13390433  0.14740464  0.14062293  0.13390433  0.12724765  0.35974531  0.12724765  0.18948941  0.33282457  0.40697119  0.35974531  0.71965187  0.62131142  0.62131142  0.54651797  0.53477228  0.45750310  0.50063979  0.44710986  0.51183898  0.48961164  0.51183898  0.48961164  0.42676167  0.44710986  0.48961164  0.50063979  0.59550988  0.50063979  0.47874939  0.45750310  0.45750310  0.46804810  0.47874939  0.45750310  0.47874939  0.51183898  0.47874939  0.50063979  0.48961164  0.48961164  0.47874939  0.48961164  0.47874939  0.47874939  0.53477228  0.50063979  0.51183898  0.50063979  0.50063979  0.52321459  0.53477228  0.52321459  0.45750310  0.45750310  0.47874939  0.47874939  0.44710986  0.44710986  0.50063979  0.40697119  0.46804810  0.46804810  0.45750310  0.47874939  0.45750310  0.44710986  0.47874939  0.46804810  0.45750310  0.55845787  0.41679863  0.40697119  0.43686410  0.52321459  0.41679863  0.41679863  0.46804810  0.48961164  0.50063979  0.43686410  0.45750310  0.42676167  0.44710986  0.45750310  0.52321459  0.50063979  0.42676167  0.43686410  0.43686410  0.44710986  0.48961164  0.48961164  0.47874939  0.42676167  0.53477228  0.46804810  0.53477228  0.53477228  0.50063979  0.51183898  0.44710986  0.43686410  0.42676167  0.63456635  0.62131142  0.53477228  0.47874939  0.47874939  0.48961164  0.47874939  0.58294678  0.57059852  0.48961164  0.47874939  0.53477228  0.51183898  0.66182925  0.51183898  0.55845787  0.55845787  0.53477228  0.46804810  0.53477228  0.62131142  0.54651797  0.62131142  0.48961164  0.50063979  0.78251080  0.70475638  
4_0_0      0.62131142  0.63456635  0.15425064  0.12065178  0.14740464  0.12724765  0.19674832  0.20408094  0.02257134  0.00000000  0.02257134  0.14740464  0.15425064  0.16116216  0.14740464  0.16814048  0.14740464  0.14062293  0.37826671  0.12724765  0.18948941  0.33282457  0.42676167  0.35974531  0.70475638  0.64806915  0.64806915  0.57059852  0.55845787  0.43686410  0.50063979  0.46804810  0.51183898  0.48961164  0.51183898  0.48961164  0.40697119  0.42676167  0.48961164  0.50063979  0.59550988  0.50063979  0.50063979  0.47874939  0.45750310  0.46804810  0.47874939  0.45750310  0.47874939  0.51183898  0.47874939  0.50063979  0.48961164  0.48961164  0.47874939  0.48961164  0.47874939  0.47874939  0.53477228  0.50063979  0.51183898  0.50063979  0.50063979  0.52321459  0.53477228  0.52321459  0.45750310  0.45750310  0.47874939  0.47874939  0.44710986  0.44710986  0.54651797  0.42676167  0.46804810  0.46804810  0.47874939  0.47874939  0.45750310  0.44710986  0.47874939  0.46804810  0.47874939  0.53477228  0.43686410  0.42676167  0.41679863  0.53477228  0.39727569  0.39727569  0.46804810  0.46804810  0.47874939  0.43686410  0.45750310  0.42676167  0.44710986  0.45750310  0.47874939  0.47874939  0.42676167  0.43686410  0.43686410  0.44710986  0.48961164  0.48961164  0.47874939  0.42676167  0.53477228  0.44710986  0.53477228  0.51183898  0.47874939  0.48961164  0.44710986  0.45750310  0.42676167  0.66182925  0.64806915  0.58294678  0.50063979  0.50063979  0.51183898  0.47874939  0.58294678  0.54651797  0.51183898  0.47874939  0.53477228  0.51183898  0.66182925  0.51183898  0.60829542  0.60829542  0.53477228  0.46804810  0.51183898  0.62131142  0.52321459  0.59550988  0.48961164  0.47874939  0.71965187  0.67585665  
30_0_0     0.64806915  0.66182925  0.16814048  0.13390433  0.16116216  0.14062293  0.19674832  0.20408094  0.03412721  0.02257134  0.00000000  0.16116216  0.16814048  0.16116216  0.16116216  0.18230274  0.16116216  0.15425064  0.37826671  0.14062293  0.20408094  0.36894663  0.44710986  0.39727569  0.73486111  0.64806915  0.64806915  0.57059852  0.55845787  0.47874939  0.52321459  0.48961164  0.50063979  0.51183898  0.53477228  0.48961164  0.42676167  0.44710986  0.50063979  0.52321459  0.62131142  0.52321459  0.52321459  0.50063979  0.47874939  0.48961164  0.47874939  0.45750310  0.47874939  0.51183898  0.47874939  0.50063979  0.48961164  0.48961164  0.47874939  0.51183898  0.50063979  0.52321459  0.58294678  0.54651797  0.55845787  0.54651797  0.54651797  0.54651797  0.55845787  0.57059852  0.50063979  0.50063979  0.52321459  0.52321459  0.48961164  0.48961164  0.54651797  0.44710986  0.51183898  0.51183898  0.50063979  0.52321459  0.50063979  0.48961164  0.52321459  0.51183898  0.50063979  0.58294678  0.45750310  0.44710986  0.43686410  0.52321459  0.41679863  0.41679863  0.48961164  0.51183898  0.52321459  0.45750310  0.47874939  0.44710986  0.46804810  0.47874939  0.52321459  0.47874939  0.44710986  0.45750310  0.45750310  0.46804810  0.48961164  0.48961164  0.47874939  0.44710986  0.55845787  0.46804810  0.58294678  0.51183898  0.50063979  0.51183898  0.44710986  0.45750310  0.42676167  0.71965187  0.70475638  0.60829542  0.52321459  0.52321459  0.53477228  0.52321459  0.63456635  0.57059852  0.55845787  0.52321459  0.55845787  0.53477228  0.66182925  0.53477228  0.58294678  0.58294678  0.53477228  0.51183898  0.52321459  0.60829542  0.51183898  0.55845787  0.48961164  0.50063979  0.76627569  0.71965187  
95_0_0     0.60829542  0.69016195  0.06385280  0.04587102  0.09485476  0.06385280  0.11411562  0.12065178  0.13390433  0.14740464  0.16116216  0.00000000  0.01686202  0.02257134  0.03412721  0.02832616  0.01119748  0.00557704  0.25760642  0.06385280  0.12065178  0.32406950  0.40697119  0.35974531  0.75039758  0.50063979  0.50063979  0.55845787  0.52321459  0.40697119  0.44710986  0.47874939  0.51183898  0.50063979  0.41679863  0.50063979  0.41679863  0.43686410  0.50063979  0.51183898  0.54651797  0.50063979  0.42676167  0.40697119  0.38770865  0.39727569  0.42676167  0.40697119  0.42676167  0.45750310  0.42676167  0.44710986  0.43686410  0.43686410  0.42676167  0.43686410  0.51183898  0.46804810  0.52321459  0.51183898  0.50063979  0.48961164  0.51183898  0.55845787  0.57059852  0.48961164  0.44710986  0.44710986  0.46804810  0.46804810  0.45750310  0.41679863  0.45750310  0.32406950  0.45750310  0.43686410  0.44710986  0.44710986  0.42676167  0.41679863  0.44710986  0.43686410  0.40697119  0.45750310  0.36894663  0.35974531  0.35065976  0.37826671  0.35065976  0.33282457  0.37826671  0.39727569  0.40697119  0.35065976  0.36894663  0.35974531  0.35974531  0.36894663  0.44710986  0.42676167  0.41679863  0.42676167  0.42676167  0.41679863  0.43686410  0.43686410  0.42676167  0.43686410  0.47874939  0.47874939  0.45750310  0.47874939  0.47874939  0.48961164  0.47874939  0.46804810  0.40697119  0.59550988  0.60829542  0.50063979  0.55845787  0.55845787  0.52321459  0.53477228  0.54651797  0.54651797  0.54651797  0.53477228  0.59550988  0.57059852  0.57059852  0.59550988  0.59550988  0.59550988  0.62131142  0.47874939  0.59550988  0.78251080  0.63456635  0.63456635  0.50063979  0.51183898  0.75039758  0.70475638  
84_0_0     0.58294678  0.69016195  0.08229381  0.06385280  0.10121814  0.08229381  0.13390433  0.14062293  0.12724765  0.15425064  0.16814048  0.01686202  0.00000000  0.00557704  0.02832616  0.01119748  0.00557704  0.01119748  0.24971270  0.08229381  0.14062293  0.31541930  0.39727569  0.35974531  0.73486111  0.46804810  0.46804810  0.52321459  0.48961164  0.41679863  0.45750310  0.46804810  0.50063979  0.48961164  0.42676167  0.51183898  0.42676167  0.44710986  0.51183898  0.50063979  0.53477228  0.46804810  0.39727569  0.37826671  0.35974531  0.36894663  0.39727569  0.37826671  0.39727569  0.44710986  0.39727569  0.41679863  0.40697119  0.40697119  0.39727569  0.40697119  0.47874939  0.43686410  0.48961164  0.47874939  0.46804810  0.45750310  0.47874939  0.57059852  0.58294678  0.47874939  0.41679863  0.41679863  0.43686410  0.43686410  0.44710986  0.40697119  0.44710986  0.31541930  0.44710986  0.42676167  0.43686410  0.43686410  0.41679863  0.40697119  0.43686410  0.42676167  0.39727569  0.44710986  0.34168711  0.33282457  0.34168711  0.38770865  0.34168711  0.32406950  0.36894663  0.38770865  0.39727569  0.34168711  0.35974531  0.35065976  0.35065976  0.35974531  0.45750310  0.43686410  0.40697119  0.41679863  0.41679863  0.42676167  0.44710986  0.44710986  0.43686410  0.44710986  0.48961164  0.46804810  0.44710986  0.48961164  0.46804810  0.47874939  0.48961164  0.47874939  0.41679863  0.58294678  0.57059852  0.51183898  0.57059852  0.57059852  0.53477228  0.50063979  0.53477228  0.53477228  0.53477228  0.52321459  0.55845787  0.55845787  0.55845787  0.58294678  0.55845787  0.55845787  0.58294678  0.44710986  0.60829542  0.73486111  0.64806915  0.64806915  0.46804810  0.47874939  0.76627569  0.69016195  
80_0_0     0.59550988  0.67585665  0.08854698  0.06994763  0.10763808  0.08854698  0.12724765  0.13390433  0.13390433  0.16116216  0.16116216  0.02257134  0.00557704  0.00000000  0.03412721  0.01686202  0.01119748  0.01686202  0.24190434  0.08854698  0.14740464  0.32406950  0.40697119  0.36894663  0.71965187  0.45750310  0.45750310  0.53477228  0.50063979  0.42676167  0.44710986  0.45750310  0.48961164  0.47874939  0.43686410  0.50063979  0.41679863  0.43686410  0.50063979  0.48961164  0.52321459  0.45750310  0.40697119  0.38770865  0.36894663  0.37826671  0.38770865  0.36894663  0.38770865  0.43686410  0.38770865  0.40697119  0.39727569  0.39727569  0.38770865  0.41679863  0.48961164  0.44710986  0.50063979  0.48961164  0.47874939  0.46804810  0.48961164  0.55845787  0.57059852  0.48961164  0.42676167  0.42676167  0.44710986  0.44710986  0.45750310  0.41679863  0.45750310  0.32406950  0.45750310  0.43686410  0.44710986  0.44710986  0.42676167  0.41679863  0.44710986  0.43686410  0.40697119  0.45750310  0.33282457  0.32406950  0.33282457  0.37826671  0.33282457  0.31541930  0.37826671  0.39727569  0.40697119  0.35065976  0.36894663  0.35974531  0.35974531  0.36894663  0.46804810  0.42676167  0.41679863  0.42676167  0.42676167  0.43686410  0.43686410  0.43686410  0.42676167  0.45750310  0.50063979  0.47874939  0.45750310  0.50063979  0.45750310  0.46804810  0.47874939  0.46804810  0.40697119  0.59550988  0.58294678  0.52321459  0.58294678  0.58294678  0.54651797  0.51183898  0.54651797  0.54651797  0.54651797  0.53477228  0.57059852  0.57059852  0.54651797  0.59550988  0.57059852  0.57059852  0.59550988  0.45750310  0.60829542  0.73486111  0.64806915  0.64806915  0.45750310  0.46804810  0.76627569  0.69016195  
57_0_0     0.58294678  0.63456635  0.08854698  0.05780898  0.09485476  0.07609433  0.12724765  0.13390433  0.14740464  0.14740464  0.16116216  0.03412721  0.02832616  0.03412721  0.00000000  0.02832616  0.02257134  0.02832616  0.22653644  0.08854698  0.14740464  0.30687149  0.40697119  0.35065976  0.76627569  0.45750310  0.45750310  0.51183898  0.47874939  0.40697119  0.44710986  0.47874939  0.48961164  0.52321459  0.43686410  0.52321459  0.43686410  0.45750310  0.52321459  0.51183898  0.54651797  0.47874939  0.42676167  0.40697119  0.36894663  0.37826671  0.42676167  0.40697119  0.42676167  0.47874939  0.42676167  0.44710986  0.43686410  0.43686410  0.42676167  0.43686410  0.51183898  0.46804810  0.52321459  0.51183898  0.50063979  0.48961164  0.51183898  0.58294678  0.59550988  0.51183898  0.44710986  0.44710986  0.46804810  0.46804810  0.47874939  0.41679863  0.47874939  0.34168711  0.45750310  0.43686410  0.44710986  0.44710986  0.42676167  0.41679863  0.44710986  0.43686410  0.40697119  0.41679863  0.38770865  0.37826671  0.33282457  0.37826671  0.33282457  0.31541930  0.35974531  0.37826671  0.38770865  0.33282457  0.35065976  0.34168711  0.34168711  0.35065976  0.46804810  0.42676167  0.43686410  0.42676167  0.42676167  0.43686410  0.45750310  0.45750310  0.44710986  0.45750310  0.50063979  0.45750310  0.45750310  0.47874939  0.45750310  0.46804810  0.47874939  0.48961164  0.40697119  0.59550988  0.58294678  0.52321459  0.55845787  0.55845787  0.52321459  0.48961164  0.50063979  0.50063979  0.52321459  0.48961164  0.54651797  0.54651797  0.54651797  0.57059852  0.57059852  0.57059852  0.57059852  0.43686410  0.57059852  0.73486111  0.60829542  0.60829542  0.45750310  0.46804810  0.71965187  0.67585665  
76_0_0     0.58294678  0.69016195  0.09485476  0.07609433  0.11411562  0.09485476  0.14740464  0.15425064  0.14062293  0.16814048  0.18230274  0.02832616  0.01119748  0.01686202  0.02832616  0.00000000  0.01686202  0.02257134  0.24971270  0.09485476  0.15425064  0.31541930  0.41679863  0.35974531  0.76627569  0.48961164  0.48961164  0.54651797  0.51183898  0.43686410  0.47874939  0.48961164  0.51183898  0.51183898  0.43686410  0.53477228  0.44710986  0.46804810  0.53477228  0.52321459  0.55845787  0.47874939  0.41679863  0.39727569  0.37826671  0.38770865  0.41679863  0.39727569  0.41679863  0.46804810  0.41679863  0.43686410  0.42676167  0.42676167  0.41679863  0.42676167  0.50063979  0.45750310  0.51183898  0.50063979  0.48961164  0.47874939  0.50063979  0.59550988  0.60829542  0.50063979  0.43686410  0.43686410  0.45750310  0.45750310  0.46804810  0.42676167  0.43686410  0.33282457  0.46804810  0.44710986  0.45750310  0.45750310  0.43686410  0.42676167  0.45750310  0.44710986  0.41679863  0.46804810  0.35065976  0.34168711  0.35974531  0.40697119  0.35974531  0.34168711  0.37826671  0.39727569  0.40697119  0.35065976  0.36894663  0.35974531  0.35974531  0.36894663  0.47874939  0.43686410  0.42676167  0.43686410  0.43686410  0.44710986  0.46804810  0.46804810  0.45750310  0.46804810  0.51183898  0.48961164  0.46804810  0.51183898  0.48961164  0.50063979  0.51183898  0.50063979  0.43686410  0.55845787  0.54651797  0.51183898  0.57059852  0.57059852  0.53477228  0.48961164  0.52321459  0.52321459  0.52321459  0.51183898  0.55845787  0.55845787  0.55845787  0.58294678  0.55845787  0.55845787  0.58294678  0.44710986  0.63456635  0.76627569  0.67585665  0.67585665  0.48961164  0.50063979  0.79911934  0.71965187  
75_0_0     0.58294678  0.69016195  0.07609433  0.05780898  0.09485476  0.07609433  0.12724765  0.13390433  0.13390433  0.14740464  0.16116216  0.01119748  0.00557704  0.01119748  0.02257134  0.01686202  0.00000000  0.00557704  0.24190434  0.07609433  0.13390433  0.32406950  0.40697119  0.36894663  0.75039758  0.47874939  0.47874939  0.53477228  0.50063979  0.40697119  0.44710986  0.47874939  0.48961164  0.50063979  0.41679863  0.50063979  0.41679863  0.43686410  0.52321459  0.51183898  0.54651797  0.47874939  0.40697119  0.38770865  0.36894663  0.37826671  0.40697119  0.38770865  0.40697119  0.45750310  0.40697119  0.42676167  0.41679863  0.41679863  0.40697119  0.41679863  0.48961164  0.44710986  0.50063979  0.48961164  0.47874939  0.46804810  0.48961164  0.58294678  0.59550988  0.48961164  0.42676167  0.42676167  0.44710986  0.44710986  0.45750310  0.41679863  0.45750310  0.32406950  0.45750310  0.43686410  0.44710986  0.44710986  0.42676167  0.41679863  0.44710986  0.43686410  0.40697119  0.43686410  0.35065976  0.34168711  0.33282457  0.37826671  0.33282457  0.31541930  0.35974531  0.37826671  0.38770865  0.33282457  0.35065976  0.34168711  0.34168711  0.35065976  0.44710986  0.42676167  0.41679863  0.42676167  0.42676167  0.43686410  0.45750310  0.45750310  0.44710986  0.45750310  0.50063979  0.45750310  0.45750310  0.47874939  0.45750310  0.46804810  0.47874939  0.46804810  0.40697119  0.59550988  0.58294678  0.52321459  0.55845787  0.55845787  0.52321459  0.51183898  0.54651797  0.52321459  0.54651797  0.53477228  0.57059852  0.57059852  0.57059852  0.59550988  0.57059852  0.57059852  0.59550988  0.45750310  0.59550988  0.75039758  0.63456635  0.63456635  0.47874939  0.48961164  0.75039758  0.70475638  
97_0_0     0.59550988  0.70475638  0.06994763  0.05181533  0.08854698  0.06994763  0.12065178  0.12724765  0.12724765  0.14062293  0.15425064  0.00557704  0.01119748  0.01686202  0.02832616  0.02257134  0.00557704  0.00000000  0.24971270  0.06994763  0.12724765  0.31541930  0.39727569  0.35974531  0.76627569  0.48961164  0.48961164  0.54651797  0.51183898  0.41679863  0.45750310  0.48961164  0.50063979  0.51183898  0.42676167  0.51183898  0.42676167  0.44710986  0.51183898  0.52321459  0.55845787  0.48961164  0.41679863  0.39727569  0.37826671  0.38770865  0.41679863  0.39727569  0.41679863  0.44710986  0.41679863  0.43686410  0.42676167  0.42676167  0.41679863  0.42676167  0.50063979  0.45750310  0.51183898  0.50063979  0.48961164  0.47874939  0.50063979  0.57059852  0.58294678  0.50063979  0.43686410  0.43686410  0.45750310  0.45750310  0.46804810  0.42676167  0.46804810  0.31541930  0.44710986  0.42676167  0.43686410  0.43686410  0.41679863  0.40697119  0.43686410  0.42676167  0.39727569  0.44710986  0.35974531  0.35065976  0.34168711  0.38770865  0.34168711  0.32406950  0.36894663  0.38770865  0.39727569  0.34168711  0.35974531  0.35065976  0.35065976  0.35974531  0.43686410  0.43686410  0.40697119  0.41679863  0.41679863  0.42676167  0.44710986  0.44710986  0.43686410  0.44710986  0.48961164  0.46804810  0.46804810  0.46804810  0.46804810  0.47874939  0.48961164  0.47874939  0.41679863  0.60829542  0.59550988  0.51183898  0.54651797  0.54651797  0.51183898  0.52321459  0.55845787  0.53477228  0.55845787  0.54651797  0.58294678  0.55845787  0.58294678  0.58294678  0.58294678  0.58294678  0.60829542  0.46804810  0.58294678  0.76627569  0.62131142  0.62131142  0.48961164  0.50063979  0.76627569  0.71965187  
71_0_0     0.59550988  0.63456635  0.30687149  0.29007357  0.29007357  0.26558738  0.28181891  0.29007357  0.35974531  0.37826671  0.37826671  0.25760642  0.24971270  0.24190434  0.22653644  0.24971270  0.24190434  0.24971270  0.00000000  0.33282457  0.33282457  0.45750310  0.46804810  0.44710986  0.73486111  0.54651797  0.54651797  0.55845787  0.57059852  0.48961164  0.54651797  0.57059852  0.57059852  0.53477228  0.47874939  0.55845787  0.54651797  0.52321459  0.59550988  0.59550988  0.52321459  0.55845787  0.54651797  0.55845787  0.51183898  0.51183898  0.55845787  0.55845787  0.55845787  0.55845787  0.54651797  0.53477228  0.55845787  0.55845787  0.54651797  0.55845787  0.58294678  0.58294678  0.55845787  0.54651797  0.54651797  0.54651797  0.63456635  0.69016195  0.67585665  0.66182925  0.63456635  0.63456635  0.60829542  0.60829542  0.51183898  0.51183898  0.52321459  0.44710986  0.66182925  0.63456635  0.64806915  0.63456635  0.59550988  0.60829542  0.64806915  0.60829542  0.59550988  0.45750310  0.50063979  0.48961164  0.45750310  0.52321459  0.47874939  0.45750310  0.42676167  0.42676167  0.43686410  0.41679863  0.43686410  0.44710986  0.44710986  0.45750310  0.63456635  0.59550988  0.58294678  0.59550988  0.59550988  0.60829542  0.55845787  0.55845787  0.54651797  0.63456635  0.52321459  0.50063979  0.48961164  0.47874939  0.51183898  0.52321459  0.59550988  0.58294678  0.55845787  0.73486111  0.71965187  0.57059852  0.58294678  0.60829542  0.54651797  0.60829542  0.60829542  0.67585665  0.63456635  0.63456635  0.59550988  0.59550988  0.57059852  0.69016195  0.62131142  0.62131142  0.69016195  0.58294678  0.55845787  0.76627569  0.59550988  0.59550988  0.53477228  0.54651797  0.70475638  0.73486111  
42_0_0     0.52321459  0.59550988  0.05780898  0.05181533  0.08854698  0.05780898  0.12065178  0.12724765  0.12724765  0.12724765  0.14062293  0.06385280  0.08229381  0.08854698  0.08854698  0.09485476  0.07609433  0.06994763  0.33282457  0.00000000  0.05181533  0.28181891  0.37826671  0.31541930  0.76627569  0.53477228  0.53477228  0.50063979  0.53477228  0.34168711  0.43686410  0.40697119  0.53477228  0.44710986  0.40697119  0.48961164  0.36894663  0.38770865  0.42676167  0.43686410  0.48961164  0.51183898  0.41679863  0.41679863  0.37826671  0.38770865  0.43686410  0.41679863  0.43686410  0.46804810  0.43686410  0.45750310  0.44710986  0.44710986  0.43686410  0.38770865  0.43686410  0.39727569  0.44710986  0.43686410  0.42676167  0.41679863  0.41679863  0.50063979  0.51183898  0.39727569  0.35974531  0.35974531  0.37826671  0.37826671  0.40697119  0.38770865  0.44710986  0.33282457  0.45750310  0.44710986  0.43686410  0.45750310  0.43686410  0.42676167  0.45750310  0.44710986  0.41679863  0.46804810  0.43686410  0.42676167  0.35974531  0.42676167  0.35974531  0.34168711  0.38770865  0.40697119  0.41679863  0.35974531  0.37826671  0.35065976  0.36894663  0.37826671  0.43686410  0.39727569  0.38770865  0.43686410  0.43686410  0.42676167  0.44710986  0.44710986  0.43686410  0.42676167  0.46804810  0.42676167  0.46804810  0.48961164  0.42676167  0.43686410  0.42676167  0.43686410  0.35974531  0.60829542  0.59550988  0.51183898  0.54651797  0.54651797  0.51183898  0.45750310  0.46804810  0.48961164  0.53477228  0.50063979  0.51183898  0.48961164  0.58294678  0.53477228  0.60829542  0.60829542  0.55845787  0.40697119  0.53477228  0.67585665  0.57059852  0.62131142  0.45750310  0.46804810  0.70475638  0.69016195  
48_0_0     0.51183898  0.57059852  0.10763808  0.10121814  0.14062293  0.10763808  0.16116216  0.16814048  0.18948941  0.18948941  0.20408094  0.12065178  0.14062293  0.14740464  0.14740464  0.15425064  0.13390433  0.12724765  0.33282457  0.05181533  0.00000000  0.31541930  0.41679863  0.33282457  0.79911934  0.52321459  0.52321459  0.46804810  0.54651797  0.35974531  0.45750310  0.40697119  0.55845787  0.51183898  0.44710986  0.51183898  0.38770865  0.39727569  0.40697119  0.41679863  0.48961164  0.50063979  0.42676167  0.43686410  0.41679863  0.40697119  0.47874939  0.45750310  0.47874939  0.48961164  0.47874939  0.45750310  0.46804810  0.46804810  0.45750310  0.39727569  0.43686410  0.39727569  0.42676167  0.41679863  0.41679863  0.39727569  0.43686410  0.52321459  0.53477228  0.41679863  0.35974531  0.35974531  0.37826671  0.37826671  0.40697119  0.38770865  0.46804810  0.36894663  0.51183898  0.50063979  0.48961164  0.47874939  0.46804810  0.47874939  0.51183898  0.48961164  0.46804810  0.54651797  0.50063979  0.48961164  0.41679863  0.48961164  0.41679863  0.39727569  0.44710986  0.46804810  0.47874939  0.41679863  0.39727569  0.38770865  0.40697119  0.41679863  0.46804810  0.41679863  0.40697119  0.46804810  0.46804810  0.45750310  0.44710986  0.44710986  0.43686410  0.45750310  0.44710986  0.42676167  0.46804810  0.48961164  0.44710986  0.43686410  0.43686410  0.44710986  0.38770865  0.64806915  0.66182925  0.48961164  0.54651797  0.54651797  0.48961164  0.46804810  0.47874939  0.52321459  0.58294678  0.54651797  0.51183898  0.48961164  0.60829542  0.53477228  0.60829542  0.60829542  0.58294678  0.44710986  0.53477228  0.71965187  0.57059852  0.62131142  0.47874939  0.48961164  0.64806915  0.69016195  
20_0_0     0.50063979  0.48961164  0.31541930  0.29007357  0.25760642  0.29007357  0.36894663  0.37826671  0.33282457  0.33282457  0.36894663  0.32406950  0.31541930  0.32406950  0.30687149  0.31541930  0.32406950  0.31541930  0.45750310  0.28181891  0.31541930  0.00000000  0.14062293  0.06385280  0.69016195  0.46804810  0.44710986  0.45750310  0.53477228  0.24971270  0.31541930  0.31541930  0.50063979  0.41679863  0.41679863  0.32406950  0.31541930  0.31541930  0.35974531  0.36894663  0.51183898  0.42676167  0.37826671  0.38770865  0.37826671  0.36894663  0.35974531  0.32406950  0.34168711  0.36894663  0.34168711  0.36894663  0.35065976  0.35065976  0.35974531  0.29007357  0.33282457  0.31541930  0.36894663  0.37826671  0.35065976  0.35065976  0.35974531  0.42676167  0.43686410  0.37826671  0.34168711  0.34168711  0.29842369  0.29842369  0.29842369  0.28181891  0.39727569  0.29007357  0.32406950  0.31541930  0.34168711  0.34168711  0.35974531  0.29842369  0.30687149  0.31541930  0.32406950  0.34168711  0.44710986  0.43686410  0.32406950  0.40697119  0.32406950  0.32406950  0.35065976  0.35065976  0.34168711  0.35974531  0.34168711  0.33282457  0.33282457  0.34168711  0.46804810  0.46804810  0.38770865  0.36894663  0.36894663  0.37826671  0.36894663  0.36894663  0.37826671  0.35974531  0.41679863  0.34168711  0.42676167  0.35065976  0.35974531  0.35065976  0.36894663  0.37826671  0.30687149  0.53477228  0.48961164  0.42676167  0.43686410  0.45750310  0.40697119  0.29842369  0.38770865  0.46804810  0.44710986  0.41679863  0.33282457  0.31541930  0.47874939  0.33282457  0.40697119  0.40697119  0.35974531  0.28181891  0.54651797  0.75039758  0.53477228  0.55845787  0.41679863  0.40697119  0.53477228  0.50063979  
