135
57_0_0     0.00000000  0.03172317  0.19004806  0.49270685  0.48075355  0.54901057  0.57547171  0.56876761  0.58223681  0.52345893  0.51720591  0.54253986  0.54253986  0.54253986  0.53612499  0.54253986  0.52976499  0.35055649  0.32128188  0.33091257  0.32608163  0.46898939  0.46898939  0.33091257  0.33091257  0.33091257  0.52976499  0.39147350  0.45168498  0.44036848  0.44600520  0.45168498  0.41280865  0.41280865  0.41280865  0.42922166  0.41823949  0.40741719  0.31651292  0.37586455  0.37586455  0.37073355  0.37073355  0.36057657  0.34559664  0.36057657  0.36057657  0.36563771  0.32128188  0.33577511  0.33577511  0.34066965  0.54901057  0.59595454  0.56876761  0.56876761  0.51100505  0.54901057  0.54901057  0.55553809  0.56876761  0.34066965  0.31651292  0.37073355  0.31177435  0.32608163  0.33577511  0.34559664  0.34559664  0.34066965  0.35055649  0.38623402  0.38623402  0.38623402  0.38623402  0.38103120  0.38103120  0.41280865  0.32128188  0.46898939  0.35055649  0.30238687  0.32128188  0.32128188  0.36057657  0.36057657  0.36057657  0.36563771  0.35055649  0.39147350  0.35554965  0.35554965  0.30706579  0.30706579  0.30238687  0.39675016  0.38103120  0.34066965  0.34559664  0.35554965  0.35554965  0.35554965  0.36563771  0.39675016  0.39675016  0.39675016  0.41823949  0.38623402  0.38103120  0.38103120  0.38623402  0.37586455  0.52345893  0.38623402  0.39147350  0.38103120  0.35554965  0.35055649  0.34559664  0.37073355  0.41823949  0.47484820  0.52345893  0.56212342  0.40741719  0.49875635  0.49875635  0.49875635  0.60993013  0.60290950  0.61701770  0.63869503  0.60993013  0.60993013  0.58223681  
62_0_0     0.03172317  0.00000000  0.17417812  0.49270685  0.48075355  0.54901057  0.58906404  0.58223681  0.59595454  0.54253986  0.53612499  0.54901057  0.53612499  0.53612499  0.52976499  0.54901057  0.52345893  0.34066965  0.31651292  0.30238687  0.30706579  0.43477418  0.43477418  0.32128188  0.32128188  0.32128188  0.54901057  0.40741719  0.43477418  0.42371030  0.42922166  0.43477418  0.40741719  0.41823949  0.41823949  0.43477418  0.42371030  0.42371030  0.30706579  0.37586455  0.37586455  0.37073355  0.37073355  0.36057657  0.35554965  0.36057657  0.36057657  0.36563771  0.31177435  0.32608163  0.32608163  0.33091257  0.52345893  0.55553809  0.54253986  0.54253986  0.49875635  0.51100505  0.51100505  0.52976499  0.54253986  0.33091257  0.31651292  0.36057657  0.31177435  0.31651292  0.33577511  0.34559664  0.34559664  0.34066965  0.35055649  0.37073355  0.39147350  0.39147350  0.39147350  0.38623402  0.38623402  0.41823949  0.31177435  0.48075355  0.36563771  0.30706579  0.31651292  0.31177435  0.36057657  0.36057657  0.36057657  0.36563771  0.35055649  0.39147350  0.35055649  0.35055649  0.29773720  0.29773720  0.30238687  0.37586455  0.38623402  0.33091257  0.33577511  0.35554965  0.35554965  0.35554965  0.36563771  0.39675016  0.39675016  0.39675016  0.41280865  0.37586455  0.36057657  0.36057657  0.36563771  0.35554965  0.51720591  0.36057657  0.37586455  0.36563771  0.32608163  0.32128188  0.31651292  0.34066965  0.38623402  0.46317638  0.51720591  0.53612499  0.37586455  0.50485547  0.50485547  0.50485547  0.60993013  0.60290950  0.61701770  0.63869503  0.60993013  0.60993013  0.56876761  
39_0_0     0.19004806  0.17417812  0.00000000  0.49270685  0.50485547  0.53612499  0.54901057  0.55553809  0.55553809  0.48670617  0.49270685  0.51720591  0.49270685  0.49270685  0.54253986  0.54253986  0.51100505  0.31651292  0.31177435  0.28852421  0.29311644  0.39675016  0.39675016  0.29773720  0.29773720  0.29773720  0.53612499  0.37073355  0.41823949  0.40741719  0.42371030  0.42922166  0.39147350  0.39147350  0.39147350  0.40741719  0.38623402  0.41823949  0.28396018  0.34559664  0.34559664  0.34066965  0.34066965  0.33091257  0.32608163  0.33091257  0.32128188  0.32608163  0.27491531  0.25277315  0.25277315  0.26597916  0.51100505  0.50485547  0.51720591  0.52976499  0.47484820  0.52345893  0.52345893  0.50485547  0.51720591  0.29773720  0.27491531  0.32128188  0.27942399  0.28396018  0.26597916  0.30238687  0.27491531  0.27043381  0.27043381  0.35554965  0.34066965  0.34066965  0.34066965  0.35554965  0.36563771  0.37586455  0.33091257  0.50485547  0.31651292  0.27942399  0.26155104  0.26597916  0.32608163  0.32608163  0.32608163  0.33091257  0.32608163  0.33577511  0.35055649  0.35055649  0.26155104  0.26155104  0.26597916  0.35055649  0.29773720  0.28396018  0.28852421  0.29773720  0.29773720  0.29773720  0.30706579  0.33577511  0.33577511  0.33577511  0.40741719  0.34559664  0.33091257  0.34066965  0.33577511  0.33577511  0.44600520  0.31651292  0.33091257  0.33091257  0.33577511  0.31177435  0.32608163  0.35055649  0.36563771  0.40741719  0.47484820  0.49270685  0.37073355  0.44036848  0.44036848  0.44036848  0.63869503  0.64606357  0.61701770  0.59595454  0.60993013  0.63869503  0.60993013  
33_0_0     0.49270685  0.49270685  0.49270685  0.00000000  0.04480140  0.08547581  0.14719563  0.15099084  0.15099084  0.56212342  0.56876761  0.54901057  0.56212342  0.56212342  0.52976499  0.49270685  0.52976499  0.34066965  0.34066965  0.32608163  0.33091257  0.44036848  0.44036848  0.37073355  0.37073355  0.37073355  0.42922166  0.41280865  0.46317638  0.48075355  0.46898939  0.46898939  0.44036848  0.44036848  0.44036848  0.44036848  0.43477418  0.44600520  0.35055649  0.40206455  0.40206455  0.39675016  0.39675016  0.39147350  0.38103120  0.39147350  0.39147350  0.39675016  0.36563771  0.39147350  0.39147350  0.39675016  0.62417348  0.65350587  0.63139880  0.61701770  0.56876761  0.63139880  0.63139880  0.58223681  0.58223681  0.36057657  0.45740848  0.46317638  0.44036848  0.39675016  0.42922166  0.41280865  0.45168498  0.43477418  0.43477418  0.39147350  0.43477418  0.43477418  0.43477418  0.43477418  0.43477418  0.41280865  0.45740848  0.62417348  0.42371030  0.37586455  0.38623402  0.37586455  0.41823949  0.41823949  0.41823949  0.41823949  0.42922166  0.44036848  0.41823949  0.41823949  0.33577511  0.33577511  0.32128188  0.42371030  0.46317638  0.41823949  0.41280865  0.38623402  0.38623402  0.38623402  0.40206455  0.39147350  0.38103120  0.39147350  0.44036848  0.44036848  0.44036848  0.45168498  0.45740848  0.44600520  0.48670617  0.44600520  0.44036848  0.43477418  0.42922166  0.42371030  0.42922166  0.45740848  0.45740848  0.41823949  0.49270685  0.51100505  0.45740848  0.46317638  0.46317638  0.46317638  0.57547171  0.58223681  0.56876761  0.58223681  0.58906404  0.57547171  0.60290950  
56_0_0     0.48075355  0.48075355  0.50485547  0.04480140  0.00000000  0.12115821  0.17811396  0.18207074  0.18207074  0.55553809  0.56212342  0.55553809  0.56876761  0.56876761  0.56212342  0.50485547  0.54901057  0.35554965  0.36563771  0.35055649  0.35554965  0.47484820  0.47484820  0.39675016  0.39675016  0.39675016  0.46317638  0.41823949  0.44600520  0.46317638  0.45168498  0.45168498  0.43477418  0.43477418  0.43477418  0.44600520  0.44036848  0.44036848  0.35554965  0.38103120  0.38103120  0.37586455  0.37586455  0.37073355  0.36057657  0.37073355  0.37073355  0.37586455  0.38103120  0.39675016  0.39675016  0.40206455  0.60993013  0.65350587  0.61701770  0.60290950  0.56876761  0.60290950  0.60290950  0.58223681  0.58223681  0.37073355  0.43477418  0.44036848  0.42922166  0.39675016  0.44036848  0.40206455  0.46317638  0.44600520  0.44600520  0.42922166  0.44600520  0.44600520  0.44600520  0.44600520  0.45740848  0.42371030  0.47484820  0.60993013  0.44036848  0.39675016  0.39675016  0.40206455  0.41280865  0.41280865  0.41280865  0.41280865  0.42371030  0.44600520  0.41823949  0.41823949  0.36057657  0.36057657  0.34559664  0.45740848  0.48670617  0.45168498  0.44600520  0.38623402  0.38623402  0.38623402  0.41280865  0.40206455  0.40206455  0.40206455  0.43477418  0.43477418  0.43477418  0.43477418  0.44036848  0.43477418  0.47484820  0.46317638  0.46898939  0.46317638  0.42371030  0.44036848  0.43477418  0.45168498  0.45168498  0.45740848  0.49875635  0.54253986  0.46317638  0.51720591  0.51720591  0.51720591  0.58223681  0.58906404  0.57547171  0.62417348  0.59595454  0.58223681  0.60993013  
55_0_0     0.54901057  0.54901057  0.53612499  0.08547581  0.12115821  0.00000000  0.19406905  0.19811190  0.19811190  0.60290950  0.60993013  0.60290950  0.60290950  0.60290950  0.59595454  0.55553809  0.59595454  0.39675016  0.37586455  0.37073355  0.37586455  0.45740848  0.45740848  0.40741719  0.40741719  0.40741719  0.41823949  0.45168498  0.48670617  0.49875635  0.48670617  0.49270685  0.48075355  0.48075355  0.48075355  0.48075355  0.47484820  0.48670617  0.40741719  0.42371030  0.42371030  0.42922166  0.41823949  0.41280865  0.40206455  0.41280865  0.41280865  0.41823949  0.41280865  0.42922166  0.42922166  0.42371030  0.66861778  0.66102343  0.66102343  0.64606357  0.58223681  0.63139880  0.63139880  0.59595454  0.58223681  0.41823949  0.48670617  0.49270685  0.45740848  0.42371030  0.46898939  0.44036848  0.49270685  0.47484820  0.47484820  0.38623402  0.41823949  0.41823949  0.41823949  0.40741719  0.40741719  0.39675016  0.46317638  0.56876761  0.44036848  0.42371030  0.42371030  0.41823949  0.41280865  0.41280865  0.41280865  0.41280865  0.42371030  0.42371030  0.44600520  0.44600520  0.37073355  0.37073355  0.34559664  0.46317638  0.45740848  0.45740848  0.45168498  0.42371030  0.42371030  0.42371030  0.42922166  0.44036848  0.44036848  0.45168498  0.44600520  0.40741719  0.41823949  0.41823949  0.42371030  0.43477418  0.48075355  0.45740848  0.40741719  0.40206455  0.41823949  0.42371030  0.41823949  0.43477418  0.42922166  0.43477418  0.51100505  0.55553809  0.45168498  0.45740848  0.45740848  0.45740848  0.61701770  0.62417348  0.63869503  0.62417348  0.61701770  0.61701770  0.63139880  
75_0_0     0.57547171  0.58906404  0.54901057  0.14719563  0.17811396  0.19406905  0.00000000  0.00311209  0.00311209  0.54253986  0.53612499  0.55553809  0.55553809  0.55553809  0.58906404  0.56212342  0.58906404  0.43477418  0.43477418  0.42371030  0.42922166  0.45168498  0.45168498  0.47484820  0.47484820  0.47484820  0.52345893  0.44036848  0.50485547  0.53612499  0.52345893  0.52345893  0.45740848  0.44600520  0.44600520  0.44600520  0.44036848  0.45168498  0.42922166  0.45740848  0.45740848  0.45168498  0.45168498  0.45168498  0.45168498  0.45168498  0.44036848  0.44600520  0.41280865  0.44600520  0.44600520  0.45168498  0.54253986  0.60993013  0.57547171  0.54901057  0.56876761  0.57547171  0.57547171  0.54253986  0.55553809  0.45168498  0.46898939  0.48670617  0.48670617  0.45168498  0.47484820  0.46317638  0.49875635  0.48075355  0.48075355  0.49875635  0.48670617  0.48670617  0.48670617  0.52976499  0.52976499  0.49270685  0.49270685  0.64606357  0.45740848  0.45168498  0.45740848  0.44036848  0.49270685  0.49270685  0.49270685  0.49270685  0.50485547  0.49875635  0.48075355  0.48075355  0.43477418  0.43477418  0.41823949  0.50485547  0.56212342  0.49270685  0.48670617  0.46317638  0.46317638  0.46317638  0.48670617  0.48075355  0.46898939  0.48075355  0.46898939  0.46898939  0.48075355  0.49270685  0.49875635  0.49875635  0.54253986  0.51100505  0.51100505  0.50485547  0.48670617  0.48670617  0.49875635  0.51100505  0.50485547  0.47484820  0.62417348  0.58906404  0.48670617  0.51100505  0.51100505  0.51100505  0.63869503  0.65350587  0.65350587  0.65350587  0.64606357  0.66102343  0.63869503  
43_0_0     0.56876761  0.58223681  0.55553809  0.15099084  0.18207074  0.19811190  0.00311209  0.00000000  0.00623727  0.53612499  0.52976499  0.54901057  0.54901057  0.54901057  0.58223681  0.55553809  0.58223681  0.42922166  0.42922166  0.41823949  0.42371030  0.44600520  0.44600520  0.46898939  0.46898939  0.46898939  0.51720591  0.44600520  0.49875635  0.52976499  0.51720591  0.51720591  0.46317638  0.45168498  0.45168498  0.45168498  0.44600520  0.44600520  0.43477418  0.46317638  0.46317638  0.45740848  0.45740848  0.45740848  0.45740848  0.45740848  0.44600520  0.45168498  0.41823949  0.45168498  0.45168498  0.45740848  0.54901057  0.61701770  0.58223681  0.55553809  0.57547171  0.58223681  0.58223681  0.54901057  0.56212342  0.44600520  0.47484820  0.49270685  0.49270685  0.45740848  0.48075355  0.46898939  0.50485547  0.48670617  0.48670617  0.50485547  0.49270685  0.49270685  0.49270685  0.53612499  0.53612499  0.49875635  0.49875635  0.65350587  0.46317638  0.44600520  0.45168498  0.44600520  0.49875635  0.49875635  0.49875635  0.49875635  0.51100505  0.50485547  0.48670617  0.48670617  0.44036848  0.44036848  0.42371030  0.51100505  0.56876761  0.49875635  0.49270685  0.46898939  0.46898939  0.46898939  0.49270685  0.48670617  0.47484820  0.48670617  0.47484820  0.47484820  0.48670617  0.49875635  0.50485547  0.50485547  0.54901057  0.51720591  0.51720591  0.51100505  0.49270685  0.49270685  0.50485547  0.51720591  0.51100505  0.48075355  0.63139880  0.59595454  0.49270685  0.51720591  0.51720591  0.51720591  0.64606357  0.66102343  0.66102343  0.66102343  0.65350587  0.66861778  0.63139880  
34_0_0     0.58223681  0.59595454  0.55553809  0.15099084  0.18207074  0.19811190  0.00311209  0.00623727  0.00000000  0.53612499  0.52976499  0.54901057  0.54901057  0.54901057  0.59595454  0.56876761  0.59595454  0.44036848  0.44036848  0.42922166  0.43477418  0.45740848  0.45740848  0.48075355  0.48075355  0.48075355  0.52345893  0.44036848  0.50485547  0.53612499  0.52345893  0.52345893  0.45740848  0.44600520  0.44600520  0.44600520  0.44036848  0.45168498  0.43477418  0.46317638  0.46317638  0.45740848  0.45740848  0.45740848  0.45740848  0.45740848  0.44600520  0.45168498  0.41823949  0.45168498  0.45168498  0.45740848  0.54901057  0.61701770  0.58223681  0.55553809  0.57547171  0.58223681  0.58223681  0.54901057  0.56212342  0.45740848  0.47484820  0.49270685  0.49270685  0.45740848  0.48075355  0.46898939  0.50485547  0.48670617  0.48670617  0.50485547  0.49270685  0.49270685  0.49270685  0.53612499  0.53612499  0.49875635  0.49875635  0.65350587  0.46317638  0.45740848  0.46317638  0.44600520  0.49875635  0.49875635  0.49875635  0.49875635  0.51100505  0.50485547  0.48670617  0.48670617  0.44036848  0.44036848  0.42371030  0.51100505  0.56876761  0.49875635  0.49270685  0.46898939  0.46898939  0.46898939  0.49270685  0.48670617  0.47484820  0.48670617  0.47484820  0.47484820  0.48670617  0.49875635  0.50485547  0.50485547  0.54901057  0.51720591  0.51720591  0.51100505  0.49270685  0.49270685  0.50485547  0.51720591  0.51100505  0.48075355  0.63139880  0.59595454  0.49270685  0.51720591  0.51720591  0.51720591  0.64606357  0.66102343  0.66102343  0.66102343  0.65350587  0.66861778  0.64606357  
65_0_0     0.52345893  0.54253986  0.48670617  0.56212342  0.55553809  0.60290950  0.54253986  0.53612499  0.53612499  0.00000000  0.00311209  0.02848924  0.02848924  0.02848924  0.13966286  0.11751191  0.12850489  0.49270685  0.46317638  0.49270685  0.47484820  0.51100505  0.51100505  0.50485547  0.50485547  0.50485547  0.59595454  0.47484820  0.51100505  0.51720591  0.52345893  0.53612499  0.48075355  0.46898939  0.46898939  0.49270685  0.47484820  0.46317638  0.48670617  0.46898939  0.46898939  0.46898939  0.46317638  0.49270685  0.49270685  0.49270685  0.48075355  0.48670617  0.46317638  0.45168498  0.45168498  0.44036848  0.69979551  0.70779860  0.70779860  0.70779860  0.66102343  0.69187765  0.69187765  0.66102343  0.64606357  0.52976499  0.46317638  0.44600520  0.47484820  0.49875635  0.48075355  0.45168498  0.48670617  0.48670617  0.48670617  0.49270685  0.48075355  0.48075355  0.48075355  0.51100505  0.52345893  0.48670617  0.54901057  0.59595454  0.54253986  0.50485547  0.49875635  0.45168498  0.46898939  0.46898939  0.46898939  0.46317638  0.45740848  0.48075355  0.49875635  0.49875635  0.45168498  0.45168498  0.45168498  0.50485547  0.49875635  0.49875635  0.50485547  0.45168498  0.45168498  0.45168498  0.43477418  0.49875635  0.50485547  0.51720591  0.44036848  0.44600520  0.44600520  0.46317638  0.45740848  0.45740848  0.52976499  0.50485547  0.48075355  0.49270685  0.46898939  0.48075355  0.44036848  0.44036848  0.52345893  0.56876761  0.62417348  0.66102343  0.51100505  0.55553809  0.55553809  0.55553809  0.63139880  0.63869503  0.61701770  0.66102343  0.63869503  0.63869503  0.63139880  
50_0_0     0.51720591  0.53612499  0.49270685  0.56876761  0.56212342  0.60993013  0.53612499  0.52976499  0.52976499  0.00311209  0.00000000  0.03172317  0.03172317  0.03172317  0.13592490  0.12115821  0.13220564  0.48670617  0.45740848  0.49875635  0.48075355  0.50485547  0.50485547  0.51100505  0.51100505  0.51100505  0.58906404  0.46898939  0.51720591  0.52345893  0.52976499  0.54253986  0.47484820  0.46317638  0.46317638  0.48670617  0.46898939  0.45740848  0.49270685  0.47484820  0.47484820  0.47484820  0.46898939  0.49875635  0.49875635  0.49875635  0.48670617  0.49270685  0.46898939  0.45740848  0.45740848  0.44600520  0.69187765  0.69979551  0.69979551  0.69979551  0.65350587  0.68404323  0.68404323  0.66861778  0.65350587  0.53612499  0.45740848  0.45168498  0.46898939  0.49270685  0.48670617  0.45740848  0.49270685  0.49270685  0.49270685  0.49875635  0.47484820  0.47484820  0.47484820  0.50485547  0.51720591  0.48075355  0.54253986  0.58906404  0.53612499  0.49875635  0.50485547  0.45740848  0.47484820  0.47484820  0.47484820  0.46898939  0.46317638  0.48670617  0.50485547  0.50485547  0.45740848  0.45740848  0.45740848  0.49875635  0.49270685  0.49270685  0.49875635  0.45740848  0.45740848  0.45740848  0.44036848  0.50485547  0.51100505  0.52345893  0.43477418  0.45168498  0.45168498  0.46898939  0.46317638  0.46317638  0.52345893  0.51100505  0.48670617  0.49875635  0.47484820  0.48670617  0.44600520  0.43477418  0.52976499  0.56212342  0.61701770  0.65350587  0.51720591  0.56212342  0.56212342  0.56212342  0.63869503  0.64606357  0.62417348  0.66861778  0.64606357  0.64606357  0.62417348  
44_0_0     0.54253986  0.54901057  0.51720591  0.54901057  0.55553809  0.60290950  0.55553809  0.54901057  0.54901057  0.02848924  0.03172317  0.00000000  0.01887102  0.01887102  0.12850489  0.11388341  0.11751191  0.47484820  0.45740848  0.48670617  0.46898939  0.52976499  0.52976499  0.49875635  0.49875635  0.49875635  0.61701770  0.46898939  0.51720591  0.52345893  0.52976499  0.52976499  0.46317638  0.46317638  0.46317638  0.47484820  0.46898939  0.45740848  0.45740848  0.46898939  0.46898939  0.45740848  0.46317638  0.48075355  0.48075355  0.48075355  0.48075355  0.48670617  0.44600520  0.44600520  0.44600520  0.43477418  0.69979551  0.70779860  0.69187765  0.69187765  0.66102343  0.69187765  0.69187765  0.64606357  0.64606357  0.53612499  0.49270685  0.46317638  0.49270685  0.49270685  0.47484820  0.44600520  0.48075355  0.48075355  0.48075355  0.49875635  0.47484820  0.47484820  0.47484820  0.50485547  0.51720591  0.48075355  0.52976499  0.59595454  0.51100505  0.49875635  0.49270685  0.44600520  0.46898939  0.46898939  0.46898939  0.46317638  0.46898939  0.48075355  0.51100505  0.51100505  0.44600520  0.44600520  0.44600520  0.51100505  0.49270685  0.51100505  0.51720591  0.43477418  0.43477418  0.43477418  0.44036848  0.50485547  0.51100505  0.52345893  0.44600520  0.44036848  0.44036848  0.45740848  0.45168498  0.45168498  0.53612499  0.49875635  0.47484820  0.48670617  0.46317638  0.47484820  0.44600520  0.44600520  0.52976499  0.58906404  0.63139880  0.65350587  0.52976499  0.57547171  0.57547171  0.57547171  0.65350587  0.66102343  0.63869503  0.66861778  0.66102343  0.64606357  0.65350587  
5_0_0      0.54253986  0.53612499  0.49270685  0.56212342  0.56876761  0.60290950  0.55553809  0.54901057  0.54901057  0.02848924  0.03172317  0.01887102  0.00000000  0.00000000  0.12115821  0.11388341  0.11027253  0.49875635  0.46898939  0.49875635  0.48075355  0.54253986  0.54253986  0.51100505  0.51100505  0.51100505  0.60993013  0.48075355  0.52976499  0.52345893  0.52976499  0.52976499  0.45168498  0.45168498  0.45168498  0.46317638  0.45740848  0.44600520  0.45740848  0.49270685  0.49270685  0.49270685  0.48670617  0.49270685  0.49270685  0.49270685  0.49270685  0.49875635  0.44600520  0.43477418  0.43477418  0.42371030  0.69187765  0.69979551  0.69979551  0.69979551  0.66861778  0.68404323  0.68404323  0.65350587  0.65350587  0.53612499  0.50485547  0.47484820  0.50485547  0.50485547  0.48670617  0.45740848  0.49270685  0.49270685  0.49270685  0.50485547  0.49875635  0.49875635  0.49875635  0.51720591  0.52976499  0.50485547  0.55553809  0.62417348  0.53612499  0.48670617  0.49270685  0.44600520  0.46898939  0.46898939  0.46898939  0.46317638  0.45740848  0.46898939  0.51720591  0.51720591  0.45740848  0.45740848  0.46898939  0.48670617  0.48075355  0.50485547  0.51100505  0.44600520  0.44600520  0.44600520  0.45168498  0.48075355  0.48670617  0.49875635  0.45740848  0.47484820  0.46317638  0.48075355  0.47484820  0.47484820  0.54901057  0.51100505  0.49875635  0.51100505  0.48670617  0.49875635  0.44600520  0.45740848  0.54253986  0.58906404  0.63139880  0.66861778  0.52976499  0.57547171  0.57547171  0.57547171  0.66102343  0.66861778  0.64606357  0.67629050  0.66861778  0.65350587  0.66102343  
47_0_0     0.54253986  0.53612499  0.49270685  0.56212342  0.56876761  0.60290950  0.55553809  0.54901057  0.54901057  0.02848924  0.03172317  0.01887102  0.00000000  0.00000000  0.12115821  0.11388341  0.11027253  0.49875635  0.46898939  0.49875635  0.48075355  0.54253986  0.54253986  0.51100505  0.51100505  0.51100505  0.60993013  0.48075355  0.52976499  0.52345893  0.52976499  0.52976499  0.45168498  0.45168498  0.45168498  0.46317638  0.45740848  0.44600520  0.45740848  0.49270685  0.49270685  0.49270685  0.48670617  0.49270685  0.49270685  0.49270685  0.49270685  0.49875635  0.44600520  0.43477418  0.43477418  0.42371030  0.69187765  0.69979551  0.69979551  0.69979551  0.66861778  0.68404323  0.68404323  0.65350587  0.65350587  0.53612499  0.50485547  0.47484820  0.50485547  0.50485547  0.48670617  0.45740848  0.49270685  0.49270685  0.49270685  0.50485547  0.49875635  0.49875635  0.49875635  0.51720591  0.52976499  0.50485547  0.55553809  0.62417348  0.53612499  0.48670617  0.49270685  0.44600520  0.46898939  0.46898939  0.46898939  0.46317638  0.45740848  0.46898939  0.51720591  0.51720591  0.45740848  0.45740848  0.46898939  0.48670617  0.48075355  0.50485547  0.51100505  0.44600520  0.44600520  0.44600520  0.45168498  0.48075355  0.48670617  0.49875635  0.45740848  0.47484820  0.46317638  0.48075355  0.47484820  0.47484820  0.54901057  0.51100505  0.49875635  0.51100505  0.48670617  0.49875635  0.44600520  0.45740848  0.54253986  0.58906404  0.63139880  0.66861778  0.52976499  0.57547171  0.57547171  0.57547171  0.66102343  0.66861778  0.64606357  0.67629050  0.66861778  0.65350587  0.66102343  
16_0_0     0.53612499  0.52976499  0.54253986  0.52976499  0.56212342  0.59595454  0.58906404  0.58223681  0.59595454  0.13966286  0.13592490  0.12850489  0.12115821  0.12115821  0.00000000  0.04480140  0.01569240  0.52976499  0.49875635  0.50485547  0.49875635  0.58223681  0.58223681  0.50485547  0.50485547  0.50485547  0.58223681  0.47484820  0.52976499  0.52976499  0.53612499  0.53612499  0.49875635  0.49875635  0.49875635  0.49875635  0.50485547  0.48075355  0.45740848  0.48670617  0.48670617  0.48670617  0.48075355  0.48670617  0.49875635  0.48670617  0.48670617  0.49270685  0.45168498  0.46898939  0.46898939  0.46317638  0.69979551  0.72406796  0.72406796  0.72406796  0.69187765  0.67629050  0.67629050  0.67629050  0.67629050  0.52345893  0.55553809  0.51100505  0.54253986  0.50485547  0.46317638  0.47484820  0.46898939  0.46898939  0.48075355  0.46317638  0.54901057  0.54901057  0.54901057  0.54253986  0.54253986  0.55553809  0.57547171  0.55553809  0.50485547  0.48075355  0.52345893  0.46317638  0.46317638  0.46317638  0.46317638  0.45740848  0.46317638  0.49270685  0.49875635  0.49875635  0.46317638  0.46317638  0.48670617  0.49875635  0.49270685  0.45740848  0.46317638  0.44036848  0.44036848  0.44036848  0.45740848  0.51100505  0.50485547  0.51100505  0.46898939  0.51720591  0.50485547  0.49875635  0.50485547  0.50485547  0.54253986  0.50485547  0.49270685  0.49270685  0.48075355  0.50485547  0.45168498  0.45168498  0.56212342  0.54901057  0.61701770  0.60993013  0.53612499  0.56876761  0.56876761  0.56876761  0.65350587  0.66102343  0.63139880  0.68404323  0.66861778  0.65350587  0.63869503  
52_0_0     0.54253986  0.54901057  0.54253986  0.49270685  0.50485547  0.55553809  0.56212342  0.55553809  0.56876761  0.11751191  0.12115821  0.11388341  0.11388341  0.11388341  0.04480140  0.00000000  0.03497122  0.51100505  0.48075355  0.48670617  0.48075355  0.56212342  0.56212342  0.49875635  0.49875635  0.49875635  0.58906404  0.46898939  0.52345893  0.52345893  0.52976499  0.54253986  0.49270685  0.48075355  0.48075355  0.50485547  0.48670617  0.46317638  0.46898939  0.49270685  0.49270685  0.49270685  0.48670617  0.49270685  0.48075355  0.49270685  0.49270685  0.49875635  0.48075355  0.48670617  0.48670617  0.48075355  0.71588878  0.72406796  0.72406796  0.72406796  0.71588878  0.70779860  0.70779860  0.67629050  0.67629050  0.51720591  0.56212342  0.50485547  0.54901057  0.52345893  0.46898939  0.46898939  0.47484820  0.47484820  0.48670617  0.45168498  0.56876761  0.56876761  0.56876761  0.56212342  0.57547171  0.57547171  0.57547171  0.56876761  0.49875635  0.48670617  0.52976499  0.45740848  0.46898939  0.46898939  0.46898939  0.46317638  0.46898939  0.49875635  0.50485547  0.50485547  0.45740848  0.45740848  0.46898939  0.51100505  0.49875635  0.48670617  0.49270685  0.42371030  0.42371030  0.42371030  0.42922166  0.52976499  0.52345893  0.52976499  0.49875635  0.52345893  0.52345893  0.52976499  0.53612499  0.52345893  0.53612499  0.51100505  0.48670617  0.48670617  0.51100505  0.52345893  0.46898939  0.48075355  0.58223681  0.56876761  0.63869503  0.64606357  0.55553809  0.52976499  0.52976499  0.52976499  0.64606357  0.65350587  0.62417348  0.67629050  0.66102343  0.64606357  0.64606357  
74_0_0     0.52976499  0.52345893  0.51100505  0.52976499  0.54901057  0.59595454  0.58906404  0.58223681  0.59595454  0.12850489  0.13220564  0.11751191  0.11027253  0.11027253  0.01569240  0.03497122  0.00000000  0.51100505  0.49270685  0.47484820  0.48075355  0.56212342  0.56212342  0.48670617  0.48670617  0.48670617  0.60290950  0.48670617  0.52976499  0.52976499  0.53612499  0.53612499  0.49875635  0.49875635  0.49875635  0.49875635  0.50485547  0.48075355  0.44036848  0.48075355  0.48075355  0.48075355  0.47484820  0.48075355  0.49270685  0.48075355  0.48075355  0.48670617  0.43477418  0.45168498  0.45168498  0.44600520  0.69979551  0.72406796  0.72406796  0.72406796  0.69187765  0.67629050  0.67629050  0.66102343  0.66102343  0.49270685  0.54901057  0.49270685  0.53612499  0.48670617  0.43477418  0.44600520  0.44036848  0.44036848  0.45168498  0.45740848  0.56876761  0.56876761  0.56876761  0.56212342  0.57547171  0.57547171  0.57547171  0.56876761  0.48670617  0.48670617  0.51720591  0.43477418  0.44600520  0.44600520  0.44600520  0.44036848  0.44600520  0.47484820  0.49270685  0.49270685  0.43477418  0.43477418  0.45740848  0.51720591  0.48670617  0.45168498  0.45740848  0.41280865  0.41280865  0.41280865  0.42922166  0.49270685  0.48670617  0.49270685  0.47484820  0.49875635  0.48670617  0.49270685  0.49875635  0.48670617  0.53612499  0.49875635  0.48670617  0.48670617  0.47484820  0.48670617  0.43477418  0.44600520  0.56876761  0.56876761  0.62417348  0.61701770  0.52976499  0.53612499  0.53612499  0.53612499  0.64606357  0.65350587  0.62417348  0.68404323  0.66102343  0.64606357  0.64606357  
38_0_0     0.35055649  0.34066965  0.31651292  0.34066965  0.35554965  0.39675016  0.43477418  0.42922166  0.44036848  0.49270685  0.48670617  0.47484820  0.49875635  0.49875635  0.52976499  0.51100505  0.51100505  0.00000000  0.04810722  0.05142781  0.04810722  0.20217685  0.20217685  0.08547581  0.08547581  0.08547581  0.37073355  0.30238687  0.30706579  0.32608163  0.32128188  0.32128188  0.30238687  0.29311644  0.29311644  0.27942399  0.28852421  0.29773720  0.14719563  0.19406905  0.19406905  0.19811190  0.19004806  0.18207074  0.19406905  0.18207074  0.19004806  0.18604870  0.14341971  0.16249408  0.16249408  0.15863986  0.51100505  0.54253986  0.51720591  0.51720591  0.45740848  0.52976499  0.52976499  0.49270685  0.49270685  0.21866264  0.20626416  0.23979763  0.18604870  0.16636840  0.22284185  0.23552229  0.22704468  0.22284185  0.22284185  0.24842277  0.20217685  0.20217685  0.20217685  0.23127140  0.23979763  0.20217685  0.22704468  0.44600520  0.21450680  0.19406905  0.18604870  0.13220564  0.21866264  0.21866264  0.21866264  0.22284185  0.22704468  0.25277315  0.27043381  0.27043381  0.09954394  0.09954394  0.09954394  0.27942399  0.24409769  0.21866264  0.22284185  0.16636840  0.16636840  0.16636840  0.17811396  0.24842277  0.24842277  0.24842277  0.34066965  0.32128188  0.33091257  0.35055649  0.34559664  0.33577511  0.43477418  0.32608163  0.35554965  0.35554965  0.34559664  0.32128188  0.31651292  0.31177435  0.29311644  0.33091257  0.42922166  0.43477418  0.30706579  0.37586455  0.37586455  0.37586455  0.56876761  0.57547171  0.58906404  0.58223681  0.56876761  0.57547171  0.58906404  
41_0_0     0.32128188  0.31651292  0.31177435  0.34066965  0.36563771  0.37586455  0.43477418  0.42922166  0.44036848  0.46317638  0.45740848  0.45740848  0.46898939  0.46898939  0.49875635  0.48075355  0.49270685  0.04810722  0.00000000  0.03497122  0.02526932  0.18207074  0.18207074  0.06147950  0.06147950  0.06147950  0.37586455  0.25277315  0.29773720  0.30238687  0.29773720  0.30706579  0.27942399  0.27043381  0.27043381  0.26597916  0.26597916  0.27491531  0.12115821  0.18207074  0.18207074  0.19406905  0.17811396  0.17026300  0.18207074  0.17026300  0.17811396  0.17417812  0.12482248  0.15863986  0.15863986  0.14719563  0.52345893  0.54253986  0.51720591  0.51720591  0.48075355  0.51720591  0.51720591  0.49270685  0.49270685  0.19811190  0.20217685  0.22704468  0.17417812  0.14719563  0.20217685  0.21450680  0.21037405  0.20626416  0.21450680  0.20626416  0.17811396  0.17811396  0.17811396  0.20626416  0.21450680  0.19004806  0.21037405  0.40741719  0.21037405  0.15099084  0.16636840  0.11388341  0.18207074  0.18207074  0.18207074  0.18604870  0.19004806  0.22284185  0.23552229  0.23552229  0.07509670  0.07509670  0.08199998  0.24842277  0.20626416  0.22284185  0.22704468  0.14719563  0.14719563  0.14719563  0.14341971  0.25277315  0.24409769  0.23979763  0.28852421  0.30706579  0.31651292  0.32608163  0.33091257  0.32128188  0.39675016  0.28396018  0.31177435  0.30238687  0.34066965  0.31651292  0.30238687  0.31651292  0.26597916  0.31177435  0.40741719  0.44600520  0.28852421  0.37073355  0.37073355  0.37073355  0.54253986  0.54901057  0.57547171  0.55553809  0.54253986  0.54901057  0.55553809  
37_0_0     0.33091257  0.30238687  0.28852421  0.32608163  0.35055649  0.37073355  0.42371030  0.41823949  0.42922166  0.49270685  0.49875635  0.48670617  0.49875635  0.49875635  0.50485547  0.48670617  0.47484820  0.05142781  0.03497122  0.00000000  0.00937564  0.17026300  0.17026300  0.04480140  0.04480140  0.04480140  0.35554965  0.26597916  0.27043381  0.28852421  0.28396018  0.29311644  0.28396018  0.28396018  0.28396018  0.27942399  0.27942399  0.28852421  0.11751191  0.18604870  0.18604870  0.19004806  0.18207074  0.17417812  0.18604870  0.17417812  0.18207074  0.17811396  0.11388341  0.13966286  0.13966286  0.13592490  0.50485547  0.52976499  0.51100505  0.51100505  0.47484820  0.49875635  0.49875635  0.47484820  0.47484820  0.18604870  0.20626416  0.22284185  0.17811396  0.13592490  0.18207074  0.19406905  0.19004806  0.18604870  0.19406905  0.20626416  0.20626416  0.20626416  0.20626416  0.23552229  0.24409769  0.20217685  0.20626416  0.43477418  0.19004806  0.15480551  0.15480551  0.09600187  0.17026300  0.17026300  0.17026300  0.17417812  0.17811396  0.21866264  0.21450680  0.21450680  0.05811381  0.05811381  0.07166894  0.26155104  0.21866264  0.20217685  0.20626416  0.14341971  0.14341971  0.14341971  0.14719563  0.24842277  0.23979763  0.23552229  0.29773720  0.28852421  0.28852421  0.29773720  0.30238687  0.29311644  0.42922166  0.26597916  0.30238687  0.29311644  0.30238687  0.27942399  0.27491531  0.27942399  0.26597916  0.33091257  0.39675016  0.40206455  0.27491531  0.34559664  0.34559664  0.34559664  0.51100505  0.51720591  0.54253986  0.52976499  0.51100505  0.51720591  0.53612499  
12_0_0     0.32608163  0.30706579  0.29311644  0.33091257  0.35554965  0.37586455  0.42922166  0.42371030  0.43477418  0.47484820  0.48075355  0.46898939  0.48075355  0.48075355  0.49875635  0.48075355  0.48075355  0.04810722  0.02526932  0.00937564  0.00000000  0.18207074  0.18207074  0.03497122  0.03497122  0.03497122  0.35055649  0.26597916  0.27043381  0.28852421  0.28396018  0.29311644  0.28396018  0.28396018  0.28396018  0.27942399  0.27942399  0.28852421  0.11388341  0.18207074  0.18207074  0.18604870  0.17811396  0.17026300  0.18207074  0.17026300  0.17811396  0.17417812  0.11027253  0.13592490  0.13592490  0.13220564  0.51720591  0.54253986  0.52345893  0.52345893  0.48670617  0.51100505  0.51100505  0.48670617  0.48670617  0.18207074  0.19406905  0.21866264  0.16636840  0.13220564  0.18604870  0.19811190  0.19406905  0.19004806  0.19811190  0.20217685  0.19406905  0.19406905  0.19406905  0.22284185  0.23127140  0.19004806  0.20217685  0.42922166  0.19406905  0.14341971  0.14341971  0.09247660  0.16636840  0.16636840  0.16636840  0.17026300  0.17417812  0.21450680  0.21450680  0.21450680  0.05476330  0.05476330  0.06825692  0.24842277  0.21450680  0.19811190  0.20217685  0.14719563  0.14719563  0.14719563  0.14341971  0.23552229  0.22704468  0.22284185  0.29773720  0.29773720  0.29773720  0.30706579  0.31177435  0.30238687  0.42922166  0.26597916  0.30238687  0.29311644  0.31177435  0.28852421  0.28396018  0.28852421  0.26155104  0.32608163  0.40206455  0.41823949  0.27942399  0.36057657  0.36057657  0.36057657  0.52976499  0.53612499  0.56212342  0.54253986  0.52976499  0.53612499  0.55553809  
46_0_0     0.46898939  0.43477418  0.39675016  0.44036848  0.47484820  0.45740848  0.45168498  0.44600520  0.45740848  0.51100505  0.50485547  0.52976499  0.54253986  0.54253986  0.58223681  0.56212342  0.56212342  0.20217685  0.18207074  0.17026300  0.18207074  0.00000000  0.00000000  0.21037405  0.21037405  0.21037405  0.47484820  0.35055649  0.32608163  0.33577511  0.34066965  0.35055649  0.37073355  0.36057657  0.36057657  0.35554965  0.35554965  0.36563771  0.27491531  0.31651292  0.31651292  0.30706579  0.31177435  0.30238687  0.31651292  0.30238687  0.30238687  0.29773720  0.25277315  0.28396018  0.28396018  0.29773720  0.51720591  0.54253986  0.52345893  0.51100505  0.50485547  0.52345893  0.52345893  0.50485547  0.49270685  0.31177435  0.27043381  0.26155104  0.28396018  0.27942399  0.30706579  0.30238687  0.31651292  0.31177435  0.32128188  0.34066965  0.29311644  0.29311644  0.29311644  0.33577511  0.34559664  0.30706579  0.31651292  0.48670617  0.31651292  0.29773720  0.30706579  0.27043381  0.32128188  0.32128188  0.32128188  0.32608163  0.33091257  0.31177435  0.33091257  0.33091257  0.22704468  0.22704468  0.23552229  0.34066965  0.28852421  0.33091257  0.32608163  0.25714914  0.25714914  0.25714914  0.25277315  0.35055649  0.34066965  0.34559664  0.37073355  0.37073355  0.38103120  0.38103120  0.38623402  0.37586455  0.45168498  0.37073355  0.39675016  0.38623402  0.37586455  0.36057657  0.35554965  0.36563771  0.32608163  0.40741719  0.42371030  0.45168498  0.32128188  0.36057657  0.36057657  0.36057657  0.59595454  0.60290950  0.63139880  0.63139880  0.58223681  0.58906404  0.58223681  
61_0_0     0.46898939  0.43477418  0.39675016  0.44036848  0.47484820  0.45740848  0.45168498  0.44600520  0.45740848  0.51100505  0.50485547  0.52976499  0.54253986  0.54253986  0.58223681  0.56212342  0.56212342  0.20217685  0.18207074  0.17026300  0.18207074  0.00000000  0.00000000  0.21037405  0.21037405  0.21037405  0.47484820  0.35055649  0.32608163  0.33577511  0.34066965  0.35055649  0.37073355  0.36057657  0.36057657  0.35554965  0.35554965  0.36563771  0.27491531  0.31651292  0.31651292  0.30706579  0.31177435  0.30238687  0.31651292  0.30238687  0.30238687  0.29773720  0.25277315  0.28396018  0.28396018  0.29773720  0.51720591  0.54253986  0.52345893  0.51100505  0.50485547  0.52345893  0.52345893  0.50485547  0.49270685  0.31177435  0.27043381  0.26155104  0.28396018  0.27942399  0.30706579  0.30238687  0.31651292  0.31177435  0.32128188  0.34066965  0.29311644  0.29311644  0.29311644  0.33577511  0.34559664  0.30706579  0.31651292  0.48670617  0.31651292  0.29773720  0.30706579  0.27043381  0.32128188  0.32128188  0.32128188  0.32608163  0.33091257  0.31177435  0.33091257  0.33091257  0.22704468  0.22704468  0.23552229  0.34066965  0.28852421  0.33091257  0.32608163  0.25714914  0.25714914  0.25714914  0.25277315  0.35055649  0.34066965  0.34559664  0.37073355  0.37073355  0.38103120  0.38103120  0.38623402  0.37586455  0.45168498  0.37073355  0.39675016  0.38623402  0.37586455  0.36057657  0.35554965  0.36563771  0.32608163  0.40741719  0.42371030  0.45168498  0.32128188  0.36057657  0.36057657  0.36057657  0.59595454  0.60290950  0.63139880  0.63139880  0.58223681  0.58906404  0.58223681  
10_0_0     0.33091257  0.32128188  0.29773720  0.37073355  0.39675016  0.40741719  0.47484820  0.46898939  0.48075355  0.50485547  0.51100505  0.49875635  0.51100505  0.51100505  0.50485547  0.49875635  0.48670617  0.08547581  0.06147950  0.04480140  0.03497122  0.21037405  0.21037405  0.00000000  0.00000000  0.00000000  0.34559664  0.28852421  0.29311644  0.30238687  0.30706579  0.31177435  0.31651292  0.31651292  0.31651292  0.31177435  0.31177435  0.32128188  0.13966286  0.19811190  0.19811190  0.20217685  0.19406905  0.18604870  0.19004806  0.18604870  0.19406905  0.19004806  0.13592490  0.17026300  0.17026300  0.16636840  0.54253986  0.54901057  0.54901057  0.54901057  0.51100505  0.53612499  0.53612499  0.49875635  0.49875635  0.21037405  0.21450680  0.23979763  0.18604870  0.15863986  0.22284185  0.23552229  0.23127140  0.22704468  0.23552229  0.23979763  0.23127140  0.23127140  0.23127140  0.25277315  0.26155104  0.22704468  0.22284185  0.44600520  0.20626416  0.17026300  0.17026300  0.12482248  0.18604870  0.18604870  0.18604870  0.19004806  0.19406905  0.23979763  0.23552229  0.23552229  0.08547581  0.08547581  0.09954394  0.27043381  0.21866264  0.20217685  0.20626416  0.17417812  0.17417812  0.17417812  0.17026300  0.24842277  0.23979763  0.23552229  0.30238687  0.31177435  0.31177435  0.32128188  0.32608163  0.31651292  0.42371030  0.27043381  0.30706579  0.29773720  0.31651292  0.29311644  0.30706579  0.31177435  0.28396018  0.33091257  0.38623402  0.42371030  0.30238687  0.34559664  0.34559664  0.34559664  0.54901057  0.55553809  0.58223681  0.56212342  0.54901057  0.55553809  0.56212342  
