20
2_0_0      0.00000000  0.00583725  0.01172161  0.47458040  0.45262223  0.43130600  0.42087709  0.42087709  0.44188623  0.27158368  0.28007051  0.24670020  0.24670020  0.24670020  0.24670020  0.40045635  0.30614027  0.30614027  0.32405273  0.30614027  
3_0_0      0.00583725  0.00000000  0.00583725  0.46351867  0.44188623  0.42087709  0.41059524  0.41059524  0.43130600  0.26319448  0.27158368  0.23859089  0.25490070  0.25490070  0.23859089  0.41059524  0.29734638  0.29734638  0.31504150  0.31504150  
1_0_0      0.01172161  0.00583725  0.00000000  0.47458040  0.45262223  0.43130600  0.42087709  0.42087709  0.44188623  0.27158368  0.28007051  0.24670020  0.26319448  0.26319448  0.24670020  0.42087709  0.30614027  0.30614027  0.32405273  0.32405273  
8_0_0      0.47458040  0.46351867  0.47458040  0.00000000  0.01172161  0.16210264  0.19174228  0.19174228  0.21479041  0.39045650  0.38059193  0.41059524  0.41059524  0.41059524  0.41059524  0.49722038  0.46351867  0.44188623  0.52058586  0.46351867  
18_0_0     0.45262223  0.44188623  0.45262223  0.01172161  0.00000000  0.17677188  0.19174228  0.19174228  0.21479041  0.41059524  0.40045635  0.41059524  0.41059524  0.43130600  0.41059524  0.52058586  0.48581253  0.46351867  0.54472489  0.48581253  
19_0_0     0.43130600  0.42087709  0.43130600  0.16210264  0.17677188  0.00000000  0.18421866  0.18421866  0.19174228  0.32405273  0.33317672  0.36125432  0.36125432  0.36125432  0.34241631  0.48581253  0.46351867  0.48581253  0.50880953  0.48581253  
9_0_0      0.42087709  0.41059524  0.42087709  0.19174228  0.19174228  0.18421866  0.00000000  0.00000000  0.01765385  0.34241631  0.33317672  0.39045650  0.39045650  0.41059524  0.41059524  0.49722038  0.45262223  0.48581253  0.47458040  0.49722038  
13_0_0     0.42087709  0.41059524  0.42087709  0.19174228  0.19174228  0.18421866  0.00000000  0.00000000  0.01765385  0.34241631  0.33317672  0.39045650  0.39045650  0.41059524  0.41059524  0.49722038  0.45262223  0.48581253  0.47458040  0.49722038  
7_0_0      0.44188623  0.43130600  0.44188623  0.21479041  0.21479041  0.19174228  0.01765385  0.01765385  0.00000000  0.36125432  0.35177449  0.39045650  0.39045650  0.41059524  0.41059524  0.47458040  0.43130600  0.48581253  0.47458040  0.49722038  
17_0_0     0.27158368  0.26319448  0.27158368  0.39045650  0.41059524  0.32405273  0.34241631  0.34241631  0.36125432  0.00000000  0.02966508  0.12667090  0.12667090  0.12667090  0.14063769  0.24670020  0.25490070  0.28865729  0.34241631  0.32405273  
11_0_0     0.28007051  0.27158368  0.28007051  0.38059193  0.40045635  0.33317672  0.33317672  0.33317672  0.35177449  0.02966508  0.00000000  0.14772270  0.14772270  0.13362086  0.14772270  0.28865729  0.26319448  0.28865729  0.35177449  0.31504150  
10_0_0     0.24670020  0.23859089  0.24670020  0.41059524  0.41059524  0.36125432  0.39045650  0.39045650  0.39045650  0.12667090  0.14772270  0.00000000  0.01172161  0.02363473  0.04806125  0.27158368  0.30614027  0.35177449  0.36125432  0.34241631  
4_0_0      0.24670020  0.25490070  0.26319448  0.41059524  0.41059524  0.36125432  0.39045650  0.39045650  0.39045650  0.12667090  0.14772270  0.01172161  0.00000000  0.01172161  0.04806125  0.27158368  0.32405273  0.37085902  0.38059193  0.34241631  
12_0_0     0.24670020  0.25490070  0.26319448  0.41059524  0.43130600  0.36125432  0.41059524  0.41059524  0.41059524  0.12667090  0.13362086  0.02363473  0.01172161  0.00000000  0.04806125  0.27158368  0.32405273  0.35177449  0.36125432  0.32405273  
5_0_0      0.24670020  0.23859089  0.24670020  0.41059524  0.41059524  0.34241631  0.41059524  0.41059524  0.41059524  0.14063769  0.14772270  0.04806125  0.04806125  0.04806125  0.00000000  0.30614027  0.32405273  0.35177449  0.40045635  0.36125432  
16_0_0     0.40045635  0.41059524  0.42087709  0.49722038  0.52058586  0.48581253  0.49722038  0.49722038  0.47458040  0.24670020  0.28865729  0.27158368  0.27158368  0.27158368  0.30614027  0.00000000  0.28865729  0.30614027  0.36125432  0.37085902  
15_0_0     0.30614027  0.29734638  0.30614027  0.46351867  0.48581253  0.46351867  0.45262223  0.45262223  0.43130600  0.25490070  0.26319448  0.30614027  0.32405273  0.32405273  0.32405273  0.28865729  0.00000000  0.10620985  0.12667090  0.36125432  
6_0_0      0.30614027  0.29734638  0.30614027  0.44188623  0.46351867  0.48581253  0.48581253  0.48581253  0.48581253  0.28865729  0.28865729  0.35177449  0.37085902  0.35177449  0.35177449  0.30614027  0.10620985  0.00000000  0.09288131  0.39045650  
14_0_0     0.32405273  0.31504150  0.32405273  0.52058586  0.54472489  0.50880953  0.47458040  0.47458040  0.47458040  0.34241631  0.35177449  0.36125432  0.38059193  0.36125432  0.40045635  0.36125432  0.12667090  0.09288131  0.00000000  0.43130600  
20_0_0     0.30614027  0.31504150  0.32405273  0.46351867  0.48581253  0.48581253  0.49722038  0.49722038  0.49722038  0.32405273  0.31504150  0.34241631  0.34241631  0.32405273  0.36125432  0.37085902  0.36125432  0.39045650  0.43130600  0.00000000  

