20
4_0_0      0.00000000  0.12654835  0.13919200  0.12030594  0.48086379  0.51172362  0.49100929  0.53302926  0.54391456  0.54391456  0.53302926  0.52230042  0.55496096  0.53302926  0.54391456  0.54391456  0.57755663  0.39527248  0.39527248  0.38634099  
13_0_0     0.12654835  0.00000000  0.04357562  0.06059547  0.48086379  0.55496096  0.53302926  0.53302926  0.54391456  0.51172362  0.48086379  0.49100929  0.51172362  0.51172362  0.51172362  0.50129460  0.52230042  0.34321961  0.34321961  0.31849404  
12_0_0     0.13919200  0.04357562  0.00000000  0.04920589  0.48086379  0.54391456  0.52230042  0.52230042  0.53302926  0.51172362  0.48086379  0.51172362  0.51172362  0.51172362  0.49100929  0.50129460  0.52230042  0.35164689  0.35164689  0.37751511  
10_0_0     0.12030594  0.06059547  0.04920589  0.00000000  0.47085434  0.54391456  0.52230042  0.52230042  0.53302926  0.56617330  0.53302926  0.54391456  0.54391456  0.52230042  0.54391456  0.53302926  0.60085774  0.34321961  0.34321961  0.36879238  
5_0_0      0.48086379  0.48086379  0.48086379  0.47085434  0.00000000  0.10797560  0.09584564  0.10188598  0.09584564  0.60085774  0.62490976  0.64976270  0.56617330  0.56617330  0.57755663  0.56617330  0.70209799  0.57755663  0.60085774  0.56617330  
6_0_0      0.51172362  0.55496096  0.54391456  0.54391456  0.10797560  0.00000000  0.03244091  0.04920589  0.04357562  0.61278688  0.61278688  0.61278688  0.56617330  0.56617330  0.63723280  0.61278688  0.71577597  0.61278688  0.61278688  0.60085774  
11_0_0     0.49100929  0.53302926  0.52230042  0.52230042  0.09584564  0.03244091  0.00000000  0.06059547  0.06635610  0.62490976  0.62490976  0.62490976  0.55496096  0.57755663  0.60085774  0.57755663  0.67547175  0.64976270  0.64976270  0.58911627  
17_0_0     0.53302926  0.53302926  0.52230042  0.52230042  0.10188598  0.04920589  0.06059547  0.00000000  0.01604422  0.66250654  0.66250654  0.66250654  0.61278688  0.61278688  0.63723280  0.61278688  0.70209799  0.56617330  0.56617330  0.61278688  
14_0_0     0.54391456  0.54391456  0.53302926  0.53302926  0.09584564  0.04357562  0.06635610  0.01604422  0.00000000  0.62490976  0.62490976  0.62490976  0.57755663  0.57755663  0.62490976  0.60085774  0.68866615  0.57755663  0.57755663  0.60085774  
20_0_0     0.54391456  0.51172362  0.51172362  0.56617330  0.60085774  0.61278688  0.62490976  0.66250654  0.62490976  0.00000000  0.02693523  0.06635610  0.08390965  0.14559506  0.08985378  0.07801248  0.13919200  0.53302926  0.52230042  0.49100929  
8_0_0      0.53302926  0.48086379  0.48086379  0.53302926  0.62490976  0.61278688  0.62490976  0.66250654  0.62490976  0.02693523  0.00000000  0.07216154  0.07801248  0.12654835  0.08390965  0.08390965  0.13284341  0.50129460  0.49100929  0.48086379  
15_0_0     0.52230042  0.49100929  0.51172362  0.54391456  0.64976270  0.61278688  0.62490976  0.66250654  0.62490976  0.06635610  0.07216154  0.00000000  0.09584564  0.15856836  0.10797560  0.09584564  0.14559506  0.51172362  0.48086379  0.43210714  
19_0_0     0.55496096  0.51172362  0.51172362  0.54391456  0.56617330  0.56617330  0.55496096  0.61278688  0.57755663  0.08390965  0.07801248  0.09584564  0.00000000  0.12654835  0.07216154  0.06059547  0.13284341  0.54391456  0.54391456  0.46097734  
9_0_0      0.53302926  0.51172362  0.51172362  0.52230042  0.56617330  0.56617330  0.57755663  0.61278688  0.57755663  0.14559506  0.12654835  0.15856836  0.12654835  0.00000000  0.09584564  0.08390965  0.17177114  0.52230042  0.54391456  0.49100929  
16_0_0     0.54391456  0.51172362  0.49100929  0.54391456  0.57755663  0.63723280  0.60085774  0.63723280  0.62490976  0.08985378  0.08390965  0.10797560  0.07216154  0.09584564  0.00000000  0.01065774  0.06635610  0.56617330  0.56617330  0.48086379  
7_0_0      0.54391456  0.50129460  0.50129460  0.53302926  0.56617330  0.61278688  0.57755663  0.61278688  0.60085774  0.07801248  0.08390965  0.09584564  0.06059547  0.08390965  0.01065774  0.00000000  0.07801248  0.55496096  0.55496096  0.47085434  
18_0_0     0.57755663  0.52230042  0.52230042  0.60085774  0.70209799  0.71577597  0.67547175  0.70209799  0.68866615  0.13919200  0.13284341  0.14559506  0.13284341  0.17177114  0.06635610  0.07801248  0.00000000  0.58911627  0.58911627  0.54391456  
2_0_0      0.39527248  0.34321961  0.35164689  0.34321961  0.57755663  0.61278688  0.64976270  0.56617330  0.57755663  0.53302926  0.50129460  0.51172362  0.54391456  0.52230042  0.56617330  0.55496096  0.58911627  0.00000000  0.02146986  0.22704941  
1_0_0      0.39527248  0.34321961  0.35164689  0.34321961  0.60085774  0.61278688  0.64976270  0.56617330  0.57755663  0.52230042  0.49100929  0.48086379  0.54391456  0.54391456  0.56617330  0.55496096  0.58911627  0.02146986  0.00000000  0.21991156  
3_0_0      0.38634099  0.31849404  0.37751511  0.36879238  0.56617330  0.60085774  0.58911627  0.61278688  0.60085774  0.49100929  0.48086379  0.43210714  0.46097734  0.49100929  0.48086379  0.47085434  0.54391456  0.22704941  0.21991156  0.00000000  

