20
10_0_0     0.00000000  0.16016822  0.17017175  0.24426587  0.24426587  0.25548429  0.23321521  0.25548429  0.29019903  0.27844533  0.27844533  0.50924106  0.52535064  0.55866319  0.55866319  0.55866319  0.57590006  0.57590006  0.49347519  0.49347519  
11_0_0     0.16016822  0.00000000  0.00804362  0.24426587  0.24426587  0.26687564  0.14055846  0.20102141  0.30214271  0.29019903  0.27844533  0.49347519  0.49347519  0.47803864  0.47803864  0.47803864  0.44810046  0.44810046  0.44810046  0.46291796  
7_0_0      0.17017175  0.00804362  0.00000000  0.24426587  0.24426587  0.25548429  0.13094532  0.19059444  0.31428259  0.27844533  0.26687564  0.50924106  0.50924106  0.46291796  0.46291796  0.46291796  0.43357424  0.43357424  0.43357424  0.44810046  
2_0_0      0.24426587  0.24426587  0.24426587  0.00000000  0.00000000  0.29019903  0.21159761  0.27844533  0.25548429  0.27844533  0.29019903  0.59354858  0.55866319  0.64917332  0.64917332  0.64917332  0.64917332  0.66868591  0.61162892  0.57590006  
8_0_0      0.24426587  0.24426587  0.24426587  0.00000000  0.00000000  0.29019903  0.21159761  0.27844533  0.25548429  0.27844533  0.29019903  0.59354858  0.55866319  0.64917332  0.64917332  0.64917332  0.64917332  0.66868591  0.61162892  0.57590006  
6_0_0      0.25548429  0.26687564  0.25548429  0.29019903  0.29019903  0.00000000  0.15029830  0.21159761  0.32662523  0.31428259  0.31428259  0.55866319  0.54181922  0.55866319  0.54181922  0.54181922  0.59354858  0.61162892  0.47803864  0.46291796  
1_0_0      0.23321521  0.14055846  0.13094532  0.21159761  0.21159761  0.15029830  0.00000000  0.07575331  0.26687564  0.25548429  0.24426587  0.54181922  0.52535064  0.54181922  0.54181922  0.54181922  0.47803864  0.59354858  0.49347519  0.44810046  
9_0_0      0.25548429  0.20102141  0.19059444  0.27844533  0.27844533  0.21159761  0.07575331  0.00000000  0.36494043  0.35194672  0.32662523  0.54181922  0.52535064  0.50924106  0.50924106  0.52535064  0.52535064  0.59354858  0.49347519  0.41932805  
4_0_0      0.29019903  0.30214271  0.31428259  0.25548429  0.25548429  0.32662523  0.26687564  0.36494043  0.00000000  0.04112326  0.15029830  0.54181922  0.50924106  0.61162892  0.61162892  0.61162892  0.57590006  0.50924106  0.49347519  0.55866319  
3_0_0      0.27844533  0.29019903  0.27844533  0.27844533  0.27844533  0.31428259  0.25548429  0.35194672  0.04112326  0.00000000  0.12145563  0.54181922  0.57590006  0.64917332  0.64917332  0.64917332  0.57590006  0.52535064  0.49347519  0.55866319  
5_0_0      0.27844533  0.27844533  0.26687564  0.29019903  0.29019903  0.31428259  0.24426587  0.32662523  0.15029830  0.12145563  0.00000000  0.50924106  0.50924106  0.63016272  0.63016272  0.63016272  0.64917332  0.54181922  0.59354858  0.59354858  
14_0_0     0.50924106  0.49347519  0.50924106  0.59354858  0.59354858  0.55866319  0.54181922  0.54181922  0.54181922  0.54181922  0.50924106  0.00000000  0.04962983  0.19059444  0.21159761  0.22232737  0.26687564  0.32662523  0.33917753  0.26687564  
18_0_0     0.52535064  0.49347519  0.50924106  0.55866319  0.55866319  0.54181922  0.52535064  0.52535064  0.50924106  0.57590006  0.50924106  0.04962983  0.00000000  0.13094532  0.15029830  0.16016822  0.24426587  0.26687564  0.30214271  0.24426587  
20_0_0     0.55866319  0.47803864  0.46291796  0.64917332  0.64917332  0.55866319  0.54181922  0.50924106  0.61162892  0.64917332  0.63016272  0.19059444  0.13094532  0.00000000  0.01617575  0.02439836  0.14055846  0.29019903  0.29019903  0.26687564  
19_0_0     0.55866319  0.47803864  0.46291796  0.64917332  0.64917332  0.54181922  0.54181922  0.50924106  0.61162892  0.64917332  0.63016272  0.21159761  0.15029830  0.01617575  0.00000000  0.00804362  0.14055846  0.30214271  0.30214271  0.27844533  
12_0_0     0.55866319  0.47803864  0.46291796  0.64917332  0.64917332  0.54181922  0.54181922  0.52535064  0.61162892  0.64917332  0.63016272  0.22232737  0.16016822  0.02439836  0.00804362  0.00000000  0.13094532  0.31428259  0.29019903  0.29019903  
13_0_0     0.57590006  0.44810046  0.43357424  0.64917332  0.64917332  0.59354858  0.47803864  0.52535064  0.57590006  0.57590006  0.64917332  0.26687564  0.24426587  0.14055846  0.14055846  0.13094532  0.00000000  0.35194672  0.32662523  0.27844533  
15_0_0     0.57590006  0.44810046  0.43357424  0.66868591  0.66868591  0.61162892  0.59354858  0.59354858  0.50924106  0.52535064  0.54181922  0.32662523  0.26687564  0.29019903  0.30214271  0.31428259  0.35194672  0.00000000  0.27844533  0.31428259  
17_0_0     0.49347519  0.44810046  0.43357424  0.61162892  0.61162892  0.47803864  0.49347519  0.49347519  0.49347519  0.49347519  0.59354858  0.33917753  0.30214271  0.29019903  0.30214271  0.29019903  0.32662523  0.27844533  0.00000000  0.11208626  
16_0_0     0.49347519  0.46291796  0.44810046  0.57590006  0.57590006  0.46291796  0.44810046  0.41932805  0.55866319  0.55866319  0.59354858  0.26687564  0.24426587  0.26687564  0.27844533  0.29019903  0.27844533  0.31428259  0.11208626  0.00000000  

