20
18_0_0     0.00000000  0.00000000  0.00557680  0.00557680  0.06382134  0.07604941  0.21111919  0.21111919  0.21111919  0.19643066  0.18919576  0.19643066  0.33185462  0.33185462  0.33185462  0.33185462  0.33185462  0.32315378  0.34957372  0.30605716  
17_0_0     0.00000000  0.00000000  0.00557680  0.00557680  0.06382134  0.07604941  0.21111919  0.21111919  0.21111919  0.19643066  0.18919576  0.19643066  0.33185462  0.33185462  0.33185462  0.33185462  0.33185462  0.32315378  0.34957372  0.30605716  
19_0_0     0.00557680  0.00557680  0.00000000  0.01119654  0.05778327  0.06990977  0.20373799  0.20373799  0.20373799  0.18919576  0.18203186  0.18919576  0.32315378  0.32315378  0.32315378  0.32315378  0.32315378  0.31455542  0.34066041  0.29765670  
15_0_0     0.00557680  0.00557680  0.01119654  0.00000000  0.06990977  0.08224112  0.20373799  0.20373799  0.20373799  0.18919576  0.18203186  0.18919576  0.32315378  0.32315378  0.32315378  0.32315378  0.32315378  0.31455542  0.34066041  0.29765670  
16_0_0     0.06382134  0.06382134  0.05778327  0.06990977  0.00000000  0.04585492  0.21857580  0.21857580  0.21857580  0.21857580  0.21111919  0.21857580  0.36773363  0.36773363  0.36773363  0.36773363  0.36773363  0.35859721  0.38635684  0.34066041  
20_0_0     0.07604941  0.07604941  0.06990977  0.08224112  0.04585492  0.00000000  0.26498936  0.26498936  0.26498936  0.26498936  0.25704594  0.26498936  0.37698585  0.37698585  0.37698585  0.37698585  0.37698585  0.36773363  0.39584969  0.34957372  
11_0_0     0.21111919  0.21111919  0.20373799  0.20373799  0.21857580  0.26498936  0.00000000  0.00000000  0.00000000  0.03411834  0.02832006  0.03411834  0.33185462  0.33185462  0.33185462  0.33185462  0.33185462  0.34066041  0.34957372  0.28935180  
2_0_0      0.21111919  0.21111919  0.20373799  0.20373799  0.21857580  0.26498936  0.00000000  0.00000000  0.00000000  0.03411834  0.02832006  0.03411834  0.33185462  0.33185462  0.33185462  0.33185462  0.33185462  0.34066041  0.34957372  0.28935180  
14_0_0     0.21111919  0.21111919  0.20373799  0.20373799  0.21857580  0.26498936  0.00000000  0.00000000  0.00000000  0.03411834  0.02832006  0.03411834  0.33185462  0.33185462  0.33185462  0.33185462  0.33185462  0.34066041  0.34957372  0.28935180  
6_0_0      0.19643066  0.19643066  0.18919576  0.18919576  0.21857580  0.26498936  0.03411834  0.03411834  0.03411834  0.00000000  0.00557680  0.01119654  0.28935180  0.28935180  0.28935180  0.28935180  0.28935180  0.29765670  0.30605716  0.24918802  
3_0_0      0.18919576  0.18919576  0.18203186  0.18203186  0.21111919  0.25704594  0.02832006  0.02832006  0.02832006  0.00557680  0.00000000  0.00557680  0.28935180  0.28935180  0.28935180  0.28935180  0.28935180  0.29765670  0.30605716  0.24918802  
13_0_0     0.19643066  0.19643066  0.18919576  0.18919576  0.21857580  0.26498936  0.03411834  0.03411834  0.03411834  0.01119654  0.00557680  0.00000000  0.29765670  0.29765670  0.29765670  0.29765670  0.29765670  0.30605716  0.31455542  0.25704594  
1_0_0      0.33185462  0.33185462  0.32315378  0.32315378  0.36773363  0.37698585  0.33185462  0.33185462  0.33185462  0.28935180  0.28935180  0.29765670  0.00000000  0.00557680  0.00000000  0.00000000  0.00000000  0.00557680  0.01685987  0.04585492  
5_0_0      0.33185462  0.33185462  0.32315378  0.32315378  0.36773363  0.37698585  0.33185462  0.33185462  0.33185462  0.28935180  0.28935180  0.29765670  0.00557680  0.00000000  0.00557680  0.00557680  0.00557680  0.01119654  0.02256748  0.05179473  
10_0_0     0.33185462  0.33185462  0.32315378  0.32315378  0.36773363  0.37698585  0.33185462  0.33185462  0.33185462  0.28935180  0.28935180  0.29765670  0.00000000  0.00557680  0.00000000  0.00000000  0.00000000  0.00557680  0.01685987  0.04585492  
7_0_0      0.33185462  0.33185462  0.32315378  0.32315378  0.36773363  0.37698585  0.33185462  0.33185462  0.33185462  0.28935180  0.28935180  0.29765670  0.00000000  0.00557680  0.00000000  0.00000000  0.00000000  0.00557680  0.01685987  0.04585492  
12_0_0     0.33185462  0.33185462  0.32315378  0.32315378  0.36773363  0.37698585  0.33185462  0.33185462  0.33185462  0.28935180  0.28935180  0.29765670  0.00000000  0.00557680  0.00000000  0.00000000  0.00000000  0.00557680  0.01685987  0.04585492  
4_0_0      0.32315378  0.32315378  0.31455542  0.31455542  0.35859721  0.36773363  0.34066041  0.34066041  0.34066041  0.29765670  0.29765670  0.30605716  0.00557680  0.01119654  0.00557680  0.00557680  0.00557680  0.00000000  0.02256748  0.05179473  
8_0_0      0.34957372  0.34957372  0.34066041  0.34066041  0.38635684  0.39584969  0.34957372  0.34957372  0.34957372  0.30605716  0.30605716  0.31455542  0.01685987  0.02256748  0.01685987  0.01685987  0.01685987  0.02256748  0.00000000  0.03996304  
9_0_0      0.30605716  0.30605716  0.29765670  0.29765670  0.34066041  0.34957372  0.28935180  0.28935180  0.28935180  0.24918802  0.24918802  0.25704594  0.04585492  0.05179473  0.04585492  0.04585492  0.04585492  0.05179473  0.03996304  0.00000000  

