164
90_0_0     0.00000000  0.35658436  0.33650281  0.27933161  0.27021780  0.38776588  0.50234480  0.47796723  0.39845839  0.38776588  0.40930751  0.34647553  0.27933161  0.29790268  0.37722552  0.36683304  0.37722552  0.34647553  0.37722552  0.35658436  0.34647553  0.34647553  0.37722552  0.43149440  0.38776588  0.34647553  0.31695134  0.39845839  0.35658436  0.38776588  0.37722552  0.34647553  0.36683304  0.36683304  0.36683304  0.36683304  0.35658436  0.34647553  0.34647553  0.34647553  0.39845839  0.39845839  0.42031789  0.42031789  0.42031789  0.40930751  0.37722552  0.37722552  0.46607284  0.49005574  0.50234480  0.50234480  0.50234480  0.32666257  0.42031789  0.43149440  0.40930751  0.39845839  0.31695134  0.35658436  0.28855894  0.27021780  0.44284214  0.45436642  0.47796723  0.40930751  0.40930751  0.46607284  0.43149440  0.43149440  0.44284214  0.42031789  0.35658436  0.35658436  0.35658436  0.36683304  0.34647553  0.35658436  0.34647553  0.35658436  0.38776588  0.38776588  0.43149440  0.40930751  0.40930751  0.42031789  0.32666257  0.32666257  0.34647553  0.35658436  0.35658436  0.35658436  0.34647553  0.35658436  0.37722552  0.32666257  0.31695134  0.37722552  0.34647553  0.33650281  0.37722552  0.37722552  0.38776588  0.37722552  0.38776588  0.37722552  0.38776588  0.35658436  0.35658436  0.40930751  0.39845839  0.44284214  0.42031789  0.51484118  0.49005574  0.47796723  0.45436642  0.45436642  0.43149440  0.42031789  0.44284214  0.40930751  0.42031789  0.42031789  0.33650281  0.42031789  0.42031789  0.43149440  0.43149440  0.42031789  0.39845839  0.40930751  0.44284214  0.27021780  0.27021780  0.34647553  0.30736578  0.31695134  0.31695134  0.31695134  0.35658436  0.35658436  0.31695134  0.31695134  0.27933161  0.27933161  0.28855894  0.30736578  0.31695134  0.31695134  0.43149440  0.44284214  0.47796723  0.56704801  0.56704801  0.58069561  0.50234480  0.47796723  0.49005574  0.52755201  0.55364732  0.55364732  0.56704801  0.56704801  
51_0_0     0.35658436  0.00000000  0.01268664  0.27021780  0.26121476  0.39845839  0.43149440  0.42031789  0.39845839  0.38776588  0.47796723  0.44284214  0.35658436  0.39845839  0.37722552  0.37722552  0.38776588  0.38776588  0.45436642  0.42031789  0.43149440  0.37722552  0.47796723  0.54048476  0.40930751  0.43149440  0.40930751  0.46607284  0.43149440  0.45436642  0.39845839  0.39845839  0.44284214  0.44284214  0.44284214  0.43149440  0.47796723  0.50234480  0.50234480  0.50234480  0.51484118  0.52755201  0.45436642  0.45436642  0.45436642  0.46607284  0.50234480  0.49005574  0.56704801  0.50234480  0.51484118  0.51484118  0.51484118  0.46607284  0.50234480  0.49005574  0.47796723  0.45436642  0.42031789  0.39845839  0.43149440  0.40930751  0.51484118  0.58069561  0.54048476  0.52755201  0.52755201  0.52755201  0.50234480  0.50234480  0.49005574  0.51484118  0.44284214  0.46607284  0.46607284  0.49005574  0.43149440  0.44284214  0.45436642  0.44284214  0.49005574  0.49005574  0.47796723  0.47796723  0.49005574  0.47796723  0.43149440  0.44284214  0.45436642  0.39845839  0.39845839  0.39845839  0.40930751  0.40930751  0.40930751  0.40930751  0.45436642  0.46607284  0.43149440  0.46607284  0.44284214  0.44284214  0.43149440  0.44284214  0.43149440  0.44284214  0.44284214  0.37722552  0.39845839  0.47796723  0.46607284  0.50234480  0.49005574  0.44284214  0.51484118  0.58069561  0.44284214  0.51484118  0.56704801  0.54048476  0.47796723  0.44284214  0.45436642  0.46607284  0.42031789  0.50234480  0.50234480  0.54048476  0.52755201  0.52755201  0.37722552  0.36683304  0.44284214  0.39845839  0.39845839  0.49005574  0.36683304  0.37722552  0.37722552  0.35658436  0.36683304  0.37722552  0.35658436  0.39845839  0.37722552  0.37722552  0.36683304  0.36683304  0.34647553  0.43149440  0.39845839  0.42031789  0.51484118  0.55364732  0.62321522  0.68399337  0.58069561  0.54048476  0.54048476  0.51484118  0.54048476  0.52755201  0.51484118  0.58069561  
49_0_0     0.33650281  0.01268664  0.00000000  0.27021780  0.26121476  0.37722552  0.43149440  0.42031789  0.39845839  0.36683304  0.46607284  0.43149440  0.37722552  0.42031789  0.36683304  0.37722552  0.37722552  0.36683304  0.43149440  0.39845839  0.40930751  0.35658436  0.49005574  0.55364732  0.39845839  0.43149440  0.40930751  0.46607284  0.43149440  0.45436642  0.39845839  0.39845839  0.46607284  0.46607284  0.46607284  0.45436642  0.47796723  0.50234480  0.50234480  0.50234480  0.51484118  0.52755201  0.45436642  0.45436642  0.45436642  0.46607284  0.50234480  0.49005574  0.56704801  0.50234480  0.51484118  0.51484118  0.51484118  0.46607284  0.50234480  0.49005574  0.47796723  0.45436642  0.44284214  0.42031789  0.45436642  0.43149440  0.49005574  0.55364732  0.54048476  0.50234480  0.50234480  0.52755201  0.47796723  0.47796723  0.46607284  0.49005574  0.44284214  0.44284214  0.44284214  0.46607284  0.43149440  0.44284214  0.45436642  0.44284214  0.46607284  0.46607284  0.47796723  0.47796723  0.49005574  0.47796723  0.40930751  0.42031789  0.43149440  0.42031789  0.39845839  0.42031789  0.43149440  0.43149440  0.43149440  0.40930751  0.43149440  0.44284214  0.40930751  0.44284214  0.42031789  0.42031789  0.40930751  0.42031789  0.40930751  0.42031789  0.42031789  0.37722552  0.37722552  0.45436642  0.44284214  0.47796723  0.46607284  0.42031789  0.49005574  0.55364732  0.46607284  0.51484118  0.54048476  0.51484118  0.47796723  0.44284214  0.45436642  0.46607284  0.42031789  0.47796723  0.47796723  0.51484118  0.50234480  0.50234480  0.39845839  0.38776588  0.42031789  0.39845839  0.39845839  0.49005574  0.34647553  0.37722552  0.37722552  0.35658436  0.36683304  0.37722552  0.33650281  0.37722552  0.35658436  0.35658436  0.34647553  0.34647553  0.32666257  0.40930751  0.39845839  0.42031789  0.54048476  0.55364732  0.65298111  0.68399337  0.60876913  0.56704801  0.56704801  0.54048476  0.56704801  0.55364732  0.54048476  0.60876913  
85_0_0     0.27933161  0.27021780  0.27021780  0.00000000  0.05210481  0.28855894  0.35658436  0.34647553  0.29790268  0.25231984  0.38776588  0.31695134  0.25231984  0.32666257  0.32666257  0.31695134  0.30736578  0.33650281  0.27933161  0.36683304  0.36683304  0.31695134  0.36683304  0.37722552  0.36683304  0.37722552  0.37722552  0.36683304  0.34647553  0.35658436  0.35658436  0.33650281  0.39845839  0.39845839  0.39845839  0.42031789  0.38776588  0.43149440  0.43149440  0.40930751  0.43149440  0.43149440  0.44284214  0.44284214  0.44284214  0.44284214  0.40930751  0.42031789  0.39845839  0.50234480  0.49005574  0.49005574  0.49005574  0.37722552  0.35658436  0.32666257  0.34647553  0.35658436  0.38776588  0.33650281  0.36683304  0.35658436  0.43149440  0.42031789  0.45436642  0.44284214  0.42031789  0.44284214  0.47796723  0.49005574  0.46607284  0.47796723  0.33650281  0.35658436  0.35658436  0.35658436  0.37722552  0.38776588  0.39845839  0.38776588  0.31695134  0.31695134  0.33650281  0.33650281  0.34647553  0.32666257  0.31695134  0.30736578  0.30736578  0.31695134  0.33650281  0.29790268  0.30736578  0.29790268  0.31695134  0.28855894  0.32666257  0.35658436  0.30736578  0.29790268  0.37722552  0.37722552  0.36683304  0.37722552  0.36683304  0.37722552  0.36683304  0.33650281  0.33650281  0.42031789  0.46607284  0.43149440  0.42031789  0.42031789  0.45436642  0.49005574  0.50234480  0.51484118  0.45436642  0.49005574  0.38776588  0.40930751  0.38776588  0.40930751  0.40930751  0.46607284  0.46607284  0.46607284  0.47796723  0.37722552  0.38776588  0.35658436  0.39845839  0.34647553  0.34647553  0.39845839  0.30736578  0.30736578  0.30736578  0.30736578  0.31695134  0.31695134  0.34647553  0.32666257  0.34647553  0.34647553  0.33650281  0.33650281  0.29790268  0.30736578  0.31695134  0.37722552  0.42031789  0.46607284  0.54048476  0.56704801  0.45436642  0.44284214  0.44284214  0.51484118  0.56704801  0.56704801  0.55364732  0.51484118  
55_0_0     0.27021780  0.26121476  0.26121476  0.05210481  0.00000000  0.31695134  0.38776588  0.37722552  0.28855894  0.26121476  0.39845839  0.30736578  0.24353046  0.30736578  0.31695134  0.30736578  0.29790268  0.34647553  0.31695134  0.40930751  0.40930751  0.35658436  0.33650281  0.38776588  0.37722552  0.37722552  0.31695134  0.36683304  0.30736578  0.33650281  0.33650281  0.31695134  0.38776588  0.38776588  0.38776588  0.38776588  0.35658436  0.37722552  0.37722552  0.35658436  0.39845839  0.40930751  0.40930751  0.40930751  0.40930751  0.40930751  0.35658436  0.37722552  0.43149440  0.52755201  0.51484118  0.51484118  0.51484118  0.37722552  0.39845839  0.36683304  0.36683304  0.37722552  0.36683304  0.33650281  0.34647553  0.33650281  0.40930751  0.39845839  0.43149440  0.39845839  0.40930751  0.42031789  0.43149440  0.44284214  0.46607284  0.43149440  0.31695134  0.33650281  0.33650281  0.33650281  0.33650281  0.34647553  0.35658436  0.34647553  0.27933161  0.27933161  0.32666257  0.32666257  0.33650281  0.29790268  0.30736578  0.29790268  0.29790268  0.31695134  0.33650281  0.31695134  0.32666257  0.31695134  0.33650281  0.27933161  0.33650281  0.32666257  0.29790268  0.29790268  0.39845839  0.39845839  0.38776588  0.39845839  0.38776588  0.39845839  0.38776588  0.35658436  0.35658436  0.35658436  0.39845839  0.36683304  0.37722552  0.40930751  0.39845839  0.45436642  0.43149440  0.44284214  0.38776588  0.42031789  0.38776588  0.36683304  0.36683304  0.38776588  0.38776588  0.42031789  0.42031789  0.44284214  0.43149440  0.37722552  0.36683304  0.35658436  0.39845839  0.32666257  0.32666257  0.42031789  0.28855894  0.28855894  0.28855894  0.28855894  0.32666257  0.32666257  0.30736578  0.28855894  0.30736578  0.30736578  0.29790268  0.29790268  0.24353046  0.29790268  0.32666257  0.34647553  0.42031789  0.46607284  0.52755201  0.55364732  0.45436642  0.46607284  0.46607284  0.55364732  0.56704801  0.56704801  0.55364732  0.51484118  
90_3_0     0.38776588  0.39845839  0.37722552  0.28855894  0.31695134  0.00000000  0.24353046  0.24353046  0.27021780  0.19287783  0.35658436  0.28855894  0.36683304  0.33650281  0.27933161  0.29790268  0.29790268  0.27933161  0.32666257  0.34647553  0.35658436  0.30736578  0.42031789  0.42031789  0.35658436  0.36683304  0.38776588  0.38776588  0.35658436  0.31695134  0.37722552  0.38776588  0.45436642  0.44284214  0.44284214  0.43149440  0.44284214  0.50234480  0.50234480  0.47796723  0.40930751  0.42031789  0.38776588  0.38776588  0.38776588  0.38776588  0.35658436  0.36683304  0.37722552  0.44284214  0.43149440  0.42031789  0.43149440  0.34647553  0.37722552  0.36683304  0.38776588  0.37722552  0.37722552  0.35658436  0.39845839  0.40930751  0.37722552  0.37722552  0.37722552  0.36683304  0.40930751  0.39845839  0.38776588  0.40930751  0.39845839  0.39845839  0.32666257  0.30736578  0.30736578  0.29790268  0.31695134  0.32666257  0.33650281  0.32666257  0.31695134  0.31695134  0.30736578  0.31695134  0.32666257  0.35658436  0.30736578  0.28855894  0.27021780  0.33650281  0.31695134  0.32666257  0.33650281  0.32666257  0.30736578  0.30736578  0.26121476  0.24353046  0.25231984  0.32666257  0.32666257  0.32666257  0.31695134  0.32666257  0.31695134  0.32666257  0.31695134  0.27933161  0.29790268  0.42031789  0.40930751  0.43149440  0.42031789  0.40930751  0.37722552  0.39845839  0.44284214  0.50234480  0.42031789  0.43149440  0.38776588  0.40930751  0.38776588  0.38776588  0.40930751  0.35658436  0.35658436  0.35658436  0.36683304  0.32666257  0.32666257  0.34647553  0.35658436  0.35658436  0.37722552  0.34647553  0.27933161  0.31695134  0.31695134  0.31695134  0.29790268  0.30736578  0.28855894  0.28855894  0.27933161  0.27933161  0.27021780  0.30736578  0.29790268  0.27021780  0.26121476  0.35658436  0.42031789  0.44284214  0.51484118  0.50234480  0.44284214  0.45436642  0.37722552  0.34647553  0.44284214  0.44284214  0.45436642  0.45436642  
49_3_0     0.50234480  0.43149440  0.43149440  0.35658436  0.38776588  0.24353046  0.00000000  0.02559436  0.27933161  0.21777127  0.54048476  0.44284214  0.42031789  0.40930751  0.39845839  0.43149440  0.42031789  0.33650281  0.40930751  0.37722552  0.38776588  0.37722552  0.44284214  0.45436642  0.42031789  0.50234480  0.51484118  0.49005574  0.45436642  0.50234480  0.47796723  0.43149440  0.50234480  0.49005574  0.49005574  0.47796723  0.52755201  0.55364732  0.55364732  0.52755201  0.51484118  0.52755201  0.47796723  0.47796723  0.47796723  0.47796723  0.45436642  0.45436642  0.51484118  0.51484118  0.51484118  0.51484118  0.51484118  0.49005574  0.44284214  0.40930751  0.47796723  0.49005574  0.44284214  0.40930751  0.45436642  0.44284214  0.44284214  0.45436642  0.46607284  0.45436642  0.46607284  0.44284214  0.51484118  0.51484118  0.49005574  0.49005574  0.47796723  0.47796723  0.47796723  0.46607284  0.45436642  0.46607284  0.47796723  0.46607284  0.51484118  0.51484118  0.46607284  0.45436642  0.44284214  0.46607284  0.36683304  0.35658436  0.34647553  0.44284214  0.44284214  0.40930751  0.42031789  0.40930751  0.40930751  0.39845839  0.36683304  0.37722552  0.35658436  0.45436642  0.42031789  0.42031789  0.40930751  0.42031789  0.40930751  0.42031789  0.43149440  0.36683304  0.34647553  0.51484118  0.54048476  0.49005574  0.50234480  0.49005574  0.54048476  0.52755201  0.47796723  0.51484118  0.47796723  0.46607284  0.42031789  0.40930751  0.40930751  0.38776588  0.44284214  0.47796723  0.47796723  0.49005574  0.50234480  0.43149440  0.43149440  0.40930751  0.40930751  0.46607284  0.46607284  0.44284214  0.37722552  0.37722552  0.37722552  0.35658436  0.35658436  0.36683304  0.36683304  0.39845839  0.37722552  0.37722552  0.36683304  0.36683304  0.37722552  0.38776588  0.40930751  0.46607284  0.49005574  0.46607284  0.60876913  0.63794866  0.51484118  0.50234480  0.47796723  0.52755201  0.62321522  0.62321522  0.60876913  0.54048476  
51_3_0     0.47796723  0.42031789  0.42031789  0.34647553  0.37722552  0.24353046  0.02559436  0.00000000  0.26121476  0.20108304  0.50234480  0.39845839  0.39845839  0.38776588  0.38776588  0.42031789  0.38776588  0.29790268  0.37722552  0.35658436  0.34647553  0.33650281  0.43149440  0.46607284  0.37722552  0.47796723  0.49005574  0.46607284  0.43149440  0.47796723  0.45436642  0.40930751  0.47796723  0.46607284  0.46607284  0.45436642  0.50234480  0.52755201  0.52755201  0.50234480  0.49005574  0.50234480  0.47796723  0.47796723  0.47796723  0.47796723  0.43149440  0.43149440  0.46607284  0.49005574  0.49005574  0.49005574  0.49005574  0.46607284  0.39845839  0.36683304  0.43149440  0.44284214  0.42031789  0.40930751  0.43149440  0.42031789  0.44284214  0.45436642  0.44284214  0.45436642  0.46607284  0.46607284  0.49005574  0.49005574  0.49005574  0.49005574  0.43149440  0.43149440  0.43149440  0.42031789  0.40930751  0.42031789  0.43149440  0.42031789  0.46607284  0.46607284  0.42031789  0.43149440  0.42031789  0.44284214  0.36683304  0.35658436  0.34647553  0.44284214  0.44284214  0.40930751  0.39845839  0.40930751  0.40930751  0.37722552  0.32666257  0.33650281  0.31695134  0.45436642  0.37722552  0.37722552  0.36683304  0.37722552  0.36683304  0.37722552  0.38776588  0.34647553  0.32666257  0.49005574  0.51484118  0.46607284  0.47796723  0.49005574  0.54048476  0.52755201  0.47796723  0.51484118  0.47796723  0.46607284  0.39845839  0.38776588  0.38776588  0.36683304  0.44284214  0.45436642  0.45436642  0.46607284  0.47796723  0.40930751  0.40930751  0.38776588  0.39845839  0.42031789  0.42031789  0.39845839  0.35658436  0.35658436  0.35658436  0.33650281  0.35658436  0.36683304  0.36683304  0.39845839  0.37722552  0.37722552  0.36683304  0.36683304  0.35658436  0.34647553  0.38776588  0.44284214  0.51484118  0.51484118  0.58069561  0.60876913  0.51484118  0.47796723  0.47796723  0.52755201  0.59459938  0.59459938  0.58069561  0.51484118  
85_3_0     0.39845839  0.39845839  0.39845839  0.29790268  0.28855894  0.27021780  0.27933161  0.26121476  0.00000000  0.16879384  0.39845839  0.37722552  0.27933161  0.31695134  0.31695134  0.31695134  0.30736578  0.33650281  0.39845839  0.35658436  0.34647553  0.37722552  0.44284214  0.47796723  0.42031789  0.47796723  0.39845839  0.44284214  0.43149440  0.40930751  0.39845839  0.38776588  0.45436642  0.45436642  0.45436642  0.44284214  0.46607284  0.51484118  0.51484118  0.51484118  0.47796723  0.49005574  0.47796723  0.47796723  0.47796723  0.46607284  0.39845839  0.40930751  0.51484118  0.55364732  0.56704801  0.55364732  0.56704801  0.42031789  0.42031789  0.42031789  0.39845839  0.43149440  0.43149440  0.42031789  0.47796723  0.45436642  0.37722552  0.40930751  0.40930751  0.36683304  0.43149440  0.36683304  0.37722552  0.39845839  0.42031789  0.37722552  0.37722552  0.39845839  0.39845839  0.38776588  0.40930751  0.42031789  0.40930751  0.42031789  0.36683304  0.36683304  0.40930751  0.42031789  0.40930751  0.39845839  0.42031789  0.43149440  0.43149440  0.42031789  0.44284214  0.43149440  0.42031789  0.40930751  0.43149440  0.37722552  0.38776588  0.39845839  0.36683304  0.47796723  0.47796723  0.47796723  0.46607284  0.47796723  0.49005574  0.47796723  0.46607284  0.40930751  0.43149440  0.44284214  0.45436642  0.45436642  0.46607284  0.45436642  0.45436642  0.43149440  0.44284214  0.49005574  0.49005574  0.43149440  0.30736578  0.30736578  0.30736578  0.32666257  0.43149440  0.39845839  0.39845839  0.40930751  0.42031789  0.39845839  0.36683304  0.35658436  0.45436642  0.40930751  0.37722552  0.38776588  0.34647553  0.32666257  0.32666257  0.30736578  0.32666257  0.33650281  0.33650281  0.34647553  0.36683304  0.36683304  0.35658436  0.36683304  0.33650281  0.29790268  0.42031789  0.47796723  0.47796723  0.51484118  0.52755201  0.52755201  0.44284214  0.46607284  0.47796723  0.43149440  0.44284214  0.42031789  0.42031789  0.51484118  
55_3_0     0.38776588  0.38776588  0.36683304  0.25231984  0.26121476  0.19287783  0.21777127  0.20108304  0.16879384  0.00000000  0.34647553  0.30736578  0.27933161  0.29790268  0.22625853  0.24353046  0.23484415  0.28855894  0.30736578  0.32666257  0.29790268  0.27021780  0.42031789  0.45436642  0.31695134  0.39845839  0.34647553  0.33650281  0.30736578  0.34647553  0.35658436  0.34647553  0.37722552  0.36683304  0.36683304  0.37722552  0.37722552  0.42031789  0.42031789  0.39845839  0.35658436  0.37722552  0.38776588  0.38776588  0.38776588  0.37722552  0.33650281  0.33650281  0.39845839  0.46607284  0.45436642  0.46607284  0.45436642  0.34647553  0.34647553  0.33650281  0.33650281  0.34647553  0.40930751  0.39845839  0.42031789  0.40930751  0.39845839  0.37722552  0.38776588  0.38776588  0.40930751  0.43149440  0.42031789  0.40930751  0.44284214  0.42031789  0.39845839  0.37722552  0.37722552  0.36683304  0.34647553  0.35658436  0.36683304  0.35658436  0.33650281  0.33650281  0.33650281  0.34647553  0.33650281  0.35658436  0.30736578  0.29790268  0.29790268  0.33650281  0.33650281  0.34647553  0.33650281  0.36683304  0.36683304  0.31695134  0.30736578  0.28855894  0.26121476  0.33650281  0.32666257  0.32666257  0.31695134  0.32666257  0.31695134  0.32666257  0.33650281  0.32666257  0.32666257  0.39845839  0.42031789  0.37722552  0.40930751  0.38776588  0.42031789  0.42031789  0.42031789  0.46607284  0.39845839  0.40930751  0.32666257  0.28855894  0.30736578  0.30736578  0.37722552  0.38776588  0.38776588  0.42031789  0.40930751  0.36683304  0.35658436  0.35658436  0.39845839  0.38776588  0.36683304  0.39845839  0.28855894  0.28855894  0.28855894  0.27021780  0.29790268  0.30736578  0.26121476  0.27021780  0.28855894  0.28855894  0.27933161  0.29790268  0.29790268  0.25231984  0.28855894  0.36683304  0.40930751  0.46607284  0.52755201  0.52755201  0.44284214  0.47796723  0.45436642  0.44284214  0.47796723  0.50234480  0.49005574  0.42031789  
90_4_0     0.40930751  0.47796723  0.46607284  0.38776588  0.39845839  0.35658436  0.54048476  0.50234480  0.39845839  0.34647553  0.00000000  0.10815394  0.35658436  0.29790268  0.32666257  0.33650281  0.27933161  0.30736578  0.32666257  0.36683304  0.35658436  0.29790268  0.45436642  0.51484118  0.44284214  0.44284214  0.47796723  0.47796723  0.44284214  0.52755201  0.45436642  0.46607284  0.56704801  0.56704801  0.56704801  0.59459938  0.50234480  0.56704801  0.56704801  0.54048476  0.49005574  0.50234480  0.50234480  0.50234480  0.50234480  0.50234480  0.49005574  0.52755201  0.58069561  0.65298111  0.63794866  0.62321522  0.63794866  0.44284214  0.51484118  0.47796723  0.49005574  0.47796723  0.40930751  0.49005574  0.45436642  0.44284214  0.45436642  0.45436642  0.44284214  0.45436642  0.47796723  0.45436642  0.47796723  0.46607284  0.46607284  0.49005574  0.38776588  0.39845839  0.39845839  0.42031789  0.40930751  0.39845839  0.38776588  0.39845839  0.40930751  0.40930751  0.40930751  0.40930751  0.40930751  0.44284214  0.45436642  0.43149440  0.43149440  0.45436642  0.44284214  0.45436642  0.44284214  0.45436642  0.46607284  0.43149440  0.38776588  0.43149440  0.40930751  0.44284214  0.38776588  0.38776588  0.39845839  0.38776588  0.39845839  0.38776588  0.39845839  0.37722552  0.38776588  0.42031789  0.40930751  0.42031789  0.42031789  0.45436642  0.43149440  0.49005574  0.46607284  0.50234480  0.45436642  0.46607284  0.49005574  0.49005574  0.50234480  0.50234480  0.56704801  0.52755201  0.52755201  0.55364732  0.55364732  0.47796723  0.49005574  0.42031789  0.43149440  0.38776588  0.42031789  0.47796723  0.38776588  0.43149440  0.43149440  0.40930751  0.39845839  0.40930751  0.36683304  0.38776588  0.38776588  0.38776588  0.37722552  0.42031789  0.37722552  0.38776588  0.43149440  0.47796723  0.58069561  0.56704801  0.56704801  0.62321522  0.58069561  0.56704801  0.54048476  0.55364732  0.52755201  0.52755201  0.54048476  0.54048476  
90_2_0     0.34647553  0.44284214  0.43149440  0.31695134  0.30736578  0.28855894  0.44284214  0.39845839  0.37722552  0.30736578  0.10815394  0.00000000  0.28855894  0.24353046  0.27933161  0.28855894  0.26121476  0.27021780  0.30736578  0.30736578  0.31695134  0.27021780  0.37722552  0.45436642  0.37722552  0.39845839  0.43149440  0.47796723  0.42031789  0.46607284  0.44284214  0.44284214  0.54048476  0.52755201  0.52755201  0.52755201  0.45436642  0.47796723  0.47796723  0.45436642  0.47796723  0.49005574  0.44284214  0.44284214  0.44284214  0.44284214  0.43149440  0.46607284  0.52755201  0.62321522  0.60876913  0.59459938  0.60876913  0.42031789  0.47796723  0.44284214  0.49005574  0.47796723  0.37722552  0.43149440  0.37722552  0.36683304  0.39845839  0.40930751  0.38776588  0.37722552  0.37722552  0.42031789  0.39845839  0.42031789  0.40930751  0.40930751  0.30736578  0.31695134  0.31695134  0.33650281  0.33650281  0.32666257  0.31695134  0.32666257  0.36683304  0.36683304  0.36683304  0.37722552  0.37722552  0.39845839  0.33650281  0.31695134  0.31695134  0.44284214  0.43149440  0.42031789  0.40930751  0.42031789  0.43149440  0.37722552  0.29790268  0.32666257  0.31695134  0.38776588  0.33650281  0.33650281  0.34647553  0.33650281  0.34647553  0.33650281  0.32666257  0.34647553  0.33650281  0.33650281  0.34647553  0.36683304  0.36683304  0.38776588  0.38776588  0.46607284  0.44284214  0.45436642  0.40930751  0.42031789  0.47796723  0.47796723  0.46607284  0.49005574  0.52755201  0.43149440  0.43149440  0.45436642  0.45436642  0.39845839  0.44284214  0.40930751  0.39845839  0.31695134  0.34647553  0.42031789  0.31695134  0.37722552  0.37722552  0.35658436  0.32666257  0.33650281  0.32666257  0.34647553  0.32666257  0.32666257  0.33650281  0.37722552  0.30736578  0.31695134  0.37722552  0.42031789  0.46607284  0.51484118  0.55364732  0.58069561  0.54048476  0.52755201  0.50234480  0.46607284  0.49005574  0.49005574  0.50234480  0.49005574  
55_2_0     0.27933161  0.35658436  0.37722552  0.25231984  0.24353046  0.36683304  0.42031789  0.39845839  0.27933161  0.27933161  0.35658436  0.28855894  0.00000000  0.12285490  0.28855894  0.26121476  0.27933161  0.32666257  0.38776588  0.34647553  0.35658436  0.28855894  0.36683304  0.42031789  0.40930751  0.34647553  0.31695134  0.36683304  0.33650281  0.33650281  0.32666257  0.34647553  0.36683304  0.35658436  0.35658436  0.36683304  0.37722552  0.36683304  0.36683304  0.36683304  0.38776588  0.39845839  0.44284214  0.44284214  0.44284214  0.43149440  0.42031789  0.40930751  0.43149440  0.54048476  0.52755201  0.51484118  0.52755201  0.32666257  0.46607284  0.43149440  0.40930751  0.42031789  0.34647553  0.39845839  0.36683304  0.33650281  0.43149440  0.46607284  0.43149440  0.42031789  0.42031789  0.42031789  0.44284214  0.44284214  0.46607284  0.43149440  0.30736578  0.32666257  0.32666257  0.32666257  0.35658436  0.36683304  0.37722552  0.36683304  0.30736578  0.30736578  0.34647553  0.33650281  0.33650281  0.33650281  0.29790268  0.29790268  0.29790268  0.33650281  0.35658436  0.32666257  0.31695134  0.32666257  0.34647553  0.31695134  0.31695134  0.35658436  0.32666257  0.37722552  0.37722552  0.37722552  0.38776588  0.37722552  0.36683304  0.37722552  0.36683304  0.38776588  0.38776588  0.35658436  0.38776588  0.36683304  0.35658436  0.42031789  0.38776588  0.42031789  0.34647553  0.34647553  0.36683304  0.35658436  0.35658436  0.37722552  0.35658436  0.37722552  0.35658436  0.40930751  0.40930751  0.39845839  0.43149440  0.36683304  0.36683304  0.34647553  0.35658436  0.27933161  0.27021780  0.33650281  0.24353046  0.27933161  0.27933161  0.26121476  0.24353046  0.23484415  0.27933161  0.27933161  0.27933161  0.27933161  0.28855894  0.28855894  0.31695134  0.27021780  0.39845839  0.39845839  0.39845839  0.51484118  0.47796723  0.51484118  0.38776588  0.44284214  0.39845839  0.46607284  0.43149440  0.43149440  0.42031789  0.46607284  
85_2_0     0.29790268  0.39845839  0.42031789  0.32666257  0.30736578  0.33650281  0.40930751  0.38776588  0.31695134  0.29790268  0.29790268  0.24353046  0.12285490  0.00000000  0.32666257  0.29790268  0.28855894  0.29790268  0.30736578  0.33650281  0.32666257  0.26121476  0.37722552  0.44284214  0.43149440  0.43149440  0.39845839  0.38776588  0.32666257  0.40930751  0.33650281  0.34647553  0.42031789  0.40930751  0.40930751  0.40930751  0.39845839  0.40930751  0.40930751  0.38776588  0.39845839  0.40930751  0.45436642  0.45436642  0.45436642  0.44284214  0.40930751  0.44284214  0.47796723  0.55364732  0.56704801  0.55364732  0.56704801  0.34647553  0.46607284  0.43149440  0.43149440  0.44284214  0.33650281  0.38776588  0.35658436  0.32666257  0.44284214  0.46607284  0.46607284  0.43149440  0.40930751  0.43149440  0.46607284  0.45436642  0.47796723  0.44284214  0.31695134  0.33650281  0.33650281  0.33650281  0.34647553  0.33650281  0.34647553  0.33650281  0.33650281  0.33650281  0.35658436  0.34647553  0.34647553  0.32666257  0.30736578  0.28855894  0.30736578  0.31695134  0.33650281  0.31695134  0.30736578  0.31695134  0.33650281  0.30736578  0.32666257  0.37722552  0.30736578  0.35658436  0.33650281  0.33650281  0.34647553  0.33650281  0.32666257  0.33650281  0.34647553  0.34647553  0.34647553  0.40930751  0.39845839  0.40930751  0.39845839  0.45436642  0.44284214  0.45436642  0.35658436  0.37722552  0.37722552  0.38776588  0.38776588  0.37722552  0.37722552  0.37722552  0.37722552  0.38776588  0.38776588  0.37722552  0.40930751  0.37722552  0.36683304  0.37722552  0.37722552  0.24353046  0.25231984  0.34647553  0.28855894  0.27933161  0.27933161  0.26121476  0.27021780  0.26121476  0.28855894  0.29790268  0.28855894  0.28855894  0.29790268  0.33650281  0.29790268  0.33650281  0.38776588  0.43149440  0.42031789  0.45436642  0.47796723  0.51484118  0.45436642  0.45436642  0.46607284  0.42031789  0.43149440  0.43149440  0.42031789  0.49005574  
53_1_0     0.37722552  0.37722552  0.36683304  0.32666257  0.31695134  0.27933161  0.39845839  0.38776588  0.31695134  0.22625853  0.32666257  0.27933161  0.28855894  0.32666257  0.00000000  0.02559436  0.05210481  0.28855894  0.32666257  0.29790268  0.30736578  0.24353046  0.43149440  0.43149440  0.34647553  0.35658436  0.32666257  0.40930751  0.36683304  0.34647553  0.34647553  0.36683304  0.35658436  0.34647553  0.34647553  0.36683304  0.40930751  0.39845839  0.39845839  0.37722552  0.36683304  0.37722552  0.42031789  0.42031789  0.42031789  0.40930751  0.38776588  0.40930751  0.43149440  0.49005574  0.47796723  0.49005574  0.47796723  0.37722552  0.46607284  0.43149440  0.45436642  0.42031789  0.45436642  0.45436642  0.43149440  0.42031789  0.38776588  0.38776588  0.33650281  0.36683304  0.34647553  0.38776588  0.38776588  0.36683304  0.42031789  0.39845839  0.32666257  0.31695134  0.31695134  0.32666257  0.30736578  0.31695134  0.30736578  0.31695134  0.33650281  0.33650281  0.37722552  0.38776588  0.38776588  0.40930751  0.30736578  0.30736578  0.30736578  0.36683304  0.35658436  0.32666257  0.31695134  0.34647553  0.34647553  0.31695134  0.25231984  0.32666257  0.29790268  0.37722552  0.29790268  0.29790268  0.28855894  0.29790268  0.30736578  0.29790268  0.28855894  0.33650281  0.32666257  0.30736578  0.33650281  0.31695134  0.32666257  0.35658436  0.37722552  0.43149440  0.42031789  0.45436642  0.38776588  0.39845839  0.39845839  0.38776588  0.38776588  0.40930751  0.36683304  0.37722552  0.37722552  0.40930751  0.39845839  0.36683304  0.40930751  0.39845839  0.36683304  0.30736578  0.32666257  0.36683304  0.26121476  0.32666257  0.32666257  0.30736578  0.29790268  0.30736578  0.25231984  0.25231984  0.27933161  0.27933161  0.27021780  0.28855894  0.34647553  0.27021780  0.36683304  0.43149440  0.43149440  0.50234480  0.52755201  0.59459938  0.46607284  0.54048476  0.47796723  0.46607284  0.45436642  0.47796723  0.46607284  0.43149440  
81_1_0     0.36683304  0.37722552  0.37722552  0.31695134  0.30736578  0.29790268  0.43149440  0.42031789  0.31695134  0.24353046  0.33650281  0.28855894  0.26121476  0.29790268  0.02559436  0.00000000  0.04538772  0.28855894  0.31695134  0.30736578  0.29790268  0.24353046  0.43149440  0.43149440  0.35658436  0.35658436  0.32666257  0.39845839  0.35658436  0.31695134  0.34647553  0.36683304  0.34647553  0.33650281  0.33650281  0.35658436  0.39845839  0.38776588  0.38776588  0.36683304  0.35658436  0.36683304  0.40930751  0.40930751  0.40930751  0.39845839  0.37722552  0.39845839  0.42031789  0.47796723  0.46607284  0.45436642  0.46607284  0.35658436  0.43149440  0.42031789  0.42031789  0.40930751  0.45436642  0.45436642  0.43149440  0.42031789  0.39845839  0.42031789  0.34647553  0.37722552  0.37722552  0.39845839  0.39845839  0.39845839  0.43149440  0.40930751  0.33650281  0.32666257  0.32666257  0.32666257  0.32666257  0.33650281  0.32666257  0.33650281  0.33650281  0.33650281  0.34647553  0.35658436  0.35658436  0.37722552  0.32666257  0.32666257  0.32666257  0.35658436  0.36683304  0.33650281  0.32666257  0.35658436  0.35658436  0.31695134  0.27021780  0.32666257  0.29790268  0.37722552  0.31695134  0.31695134  0.30736578  0.31695134  0.32666257  0.31695134  0.30736578  0.33650281  0.32666257  0.30736578  0.33650281  0.31695134  0.32666257  0.37722552  0.37722552  0.40930751  0.40930751  0.43149440  0.38776588  0.39845839  0.37722552  0.38776588  0.38776588  0.40930751  0.36683304  0.35658436  0.35658436  0.38776588  0.37722552  0.36683304  0.37722552  0.38776588  0.36683304  0.30736578  0.30736578  0.35658436  0.24353046  0.30736578  0.30736578  0.28855894  0.27933161  0.28855894  0.24353046  0.24353046  0.26121476  0.26121476  0.25231984  0.27021780  0.33650281  0.26121476  0.34647553  0.40930751  0.40930751  0.49005574  0.50234480  0.56704801  0.44284214  0.51484118  0.45436642  0.46607284  0.45436642  0.47796723  0.46607284  0.45436642  
97_1_0     0.37722552  0.38776588  0.37722552  0.30736578  0.29790268  0.29790268  0.42031789  0.38776588  0.30736578  0.23484415  0.27933161  0.26121476  0.27933161  0.28855894  0.05210481  0.04538772  0.00000000  0.26121476  0.27021780  0.29790268  0.27021780  0.25231984  0.42031789  0.44284214  0.33650281  0.37722552  0.34647553  0.37722552  0.33650281  0.31695134  0.31695134  0.34647553  0.36683304  0.35658436  0.35658436  0.37722552  0.39845839  0.40930751  0.40930751  0.38776588  0.35658436  0.36683304  0.40930751  0.40930751  0.40930751  0.40930751  0.35658436  0.39845839  0.42031789  0.47796723  0.46607284  0.45436642  0.46607284  0.33650281  0.40930751  0.39845839  0.39845839  0.38776588  0.40930751  0.43149440  0.43149440  0.42031789  0.37722552  0.39845839  0.35658436  0.37722552  0.37722552  0.37722552  0.40930751  0.39845839  0.42031789  0.40930751  0.32666257  0.31695134  0.31695134  0.33650281  0.30736578  0.31695134  0.30736578  0.31695134  0.30736578  0.30736578  0.32666257  0.33650281  0.33650281  0.33650281  0.33650281  0.31695134  0.31695134  0.36683304  0.37722552  0.34647553  0.33650281  0.36683304  0.36683304  0.31695134  0.27933161  0.31695134  0.28855894  0.40930751  0.28855894  0.28855894  0.27933161  0.28855894  0.29790268  0.28855894  0.29790268  0.30736578  0.29790268  0.33650281  0.36683304  0.33650281  0.34647553  0.40930751  0.36683304  0.39845839  0.40930751  0.43149440  0.37722552  0.38776588  0.38776588  0.37722552  0.39845839  0.39845839  0.37722552  0.38776588  0.38776588  0.42031789  0.40930751  0.37722552  0.34647553  0.35658436  0.32666257  0.29790268  0.29790268  0.34647553  0.25231984  0.29790268  0.29790268  0.27933161  0.30736578  0.31695134  0.23484415  0.23484415  0.27021780  0.27021780  0.26121476  0.27933161  0.30736578  0.27021780  0.34647553  0.40930751  0.45436642  0.50234480  0.47796723  0.54048476  0.44284214  0.51484118  0.45436642  0.49005574  0.45436642  0.47796723  0.46607284  0.50234480  
55_1_0     0.34647553  0.38776588  0.36683304  0.33650281  0.34647553  0.27933161  0.33650281  0.29790268  0.33650281  0.28855894  0.30736578  0.27021780  0.32666257  0.29790268  0.28855894  0.28855894  0.26121476  0.00000000  0.17673515  0.10091144  0.09373907  0.12285490  0.42031789  0.47796723  0.34647553  0.36683304  0.39845839  0.37722552  0.31695134  0.33650281  0.31695134  0.33650281  0.39845839  0.38776588  0.38776588  0.36683304  0.35658436  0.37722552  0.37722552  0.36683304  0.36683304  0.36683304  0.35658436  0.35658436  0.35658436  0.37722552  0.33650281  0.36683304  0.51484118  0.52755201  0.54048476  0.52755201  0.54048476  0.42031789  0.36683304  0.33650281  0.35658436  0.36683304  0.35658436  0.38776588  0.37722552  0.36683304  0.33650281  0.38776588  0.40930751  0.33650281  0.37722552  0.37722552  0.36683304  0.35658436  0.35658436  0.36683304  0.32666257  0.30736578  0.30736578  0.30736578  0.31695134  0.32666257  0.31695134  0.32666257  0.38776588  0.38776588  0.38776588  0.39845839  0.39845839  0.39845839  0.29790268  0.29790268  0.29790268  0.37722552  0.35658436  0.37722552  0.36683304  0.35658436  0.37722552  0.32666257  0.24353046  0.33650281  0.28855894  0.37722552  0.27933161  0.27933161  0.28855894  0.27933161  0.28855894  0.27933161  0.28855894  0.28855894  0.27021780  0.33650281  0.30736578  0.31695134  0.32666257  0.34647553  0.37722552  0.40930751  0.39845839  0.39845839  0.37722552  0.36683304  0.38776588  0.37722552  0.37722552  0.37722552  0.39845839  0.38776588  0.38776588  0.39845839  0.40930751  0.35658436  0.42031789  0.38776588  0.34647553  0.34647553  0.34647553  0.47796723  0.28855894  0.36683304  0.36683304  0.34647553  0.32666257  0.33650281  0.32666257  0.32666257  0.33650281  0.33650281  0.32666257  0.33650281  0.28855894  0.27933161  0.31695134  0.32666257  0.54048476  0.45436642  0.51484118  0.54048476  0.51484118  0.49005574  0.50234480  0.46607284  0.54048476  0.54048476  0.55364732  0.54048476  
85_1_0     0.37722552  0.45436642  0.43149440  0.27933161  0.31695134  0.32666257  0.40930751  0.37722552  0.39845839  0.30736578  0.32666257  0.30736578  0.38776588  0.30736578  0.32666257  0.31695134  0.27021780  0.17673515  0.00000000  0.21777127  0.19287783  0.16093676  0.50234480  0.50234480  0.39845839  0.47796723  0.51484118  0.44284214  0.39845839  0.43149440  0.43149440  0.40930751  0.43149440  0.43149440  0.43149440  0.45436642  0.39845839  0.44284214  0.44284214  0.43149440  0.42031789  0.42031789  0.45436642  0.45436642  0.45436642  0.47796723  0.42031789  0.45436642  0.50234480  0.59459938  0.58069561  0.56704801  0.58069561  0.42031789  0.42031789  0.38776588  0.39845839  0.40930751  0.42031789  0.47796723  0.40930751  0.38776588  0.45436642  0.45436642  0.44284214  0.45436642  0.45436642  0.47796723  0.49005574  0.50234480  0.47796723  0.49005574  0.36683304  0.34647553  0.34647553  0.36683304  0.35658436  0.34647553  0.35658436  0.34647553  0.40930751  0.40930751  0.38776588  0.39845839  0.40930751  0.44284214  0.36683304  0.34647553  0.34647553  0.42031789  0.42031789  0.39845839  0.38776588  0.39845839  0.42031789  0.34647553  0.33650281  0.37722552  0.31695134  0.31695134  0.33650281  0.33650281  0.34647553  0.33650281  0.32666257  0.33650281  0.34647553  0.34647553  0.30736578  0.44284214  0.47796723  0.42031789  0.43149440  0.42031789  0.44284214  0.45436642  0.47796723  0.47796723  0.42031789  0.46607284  0.46607284  0.47796723  0.47796723  0.47796723  0.54048476  0.39845839  0.39845839  0.42031789  0.43149440  0.36683304  0.46607284  0.40930751  0.39845839  0.38776588  0.39845839  0.46607284  0.33650281  0.40930751  0.40930751  0.39845839  0.38776588  0.39845839  0.35658436  0.36683304  0.36683304  0.36683304  0.35658436  0.36683304  0.32666257  0.34647553  0.36683304  0.39845839  0.51484118  0.46607284  0.60876913  0.63794866  0.58069561  0.51484118  0.54048476  0.54048476  0.56704801  0.59459938  0.60876913  0.58069561  
49_1_0     0.35658436  0.42031789  0.39845839  0.36683304  0.40930751  0.34647553  0.37722552  0.35658436  0.35658436  0.32666257  0.36683304  0.30736578  0.34647553  0.33650281  0.29790268  0.30736578  0.29790268  0.10091144  0.21777127  0.00000000  0.01911238  0.19287783  0.43149440  0.51484118  0.42031789  0.45436642  0.44284214  0.44284214  0.39845839  0.39845839  0.39845839  0.36683304  0.46607284  0.45436642  0.45436642  0.43149440  0.44284214  0.44284214  0.44284214  0.43149440  0.47796723  0.47796723  0.44284214  0.44284214  0.44284214  0.47796723  0.44284214  0.45436642  0.56704801  0.58069561  0.59459938  0.58069561  0.59459938  0.51484118  0.43149440  0.39845839  0.42031789  0.43149440  0.46607284  0.47796723  0.49005574  0.45436642  0.38776588  0.43149440  0.43149440  0.36683304  0.40930751  0.42031789  0.40930751  0.40930751  0.39845839  0.39845839  0.39845839  0.37722552  0.37722552  0.39845839  0.40930751  0.42031789  0.40930751  0.42031789  0.45436642  0.45436642  0.42031789  0.40930751  0.40930751  0.43149440  0.32666257  0.34647553  0.34647553  0.42031789  0.39845839  0.42031789  0.40930751  0.39845839  0.42031789  0.40930751  0.34647553  0.43149440  0.35658436  0.43149440  0.33650281  0.33650281  0.34647553  0.33650281  0.34647553  0.33650281  0.32666257  0.35658436  0.33650281  0.38776588  0.37722552  0.37722552  0.38776588  0.37722552  0.38776588  0.44284214  0.40930751  0.43149440  0.40930751  0.39845839  0.42031789  0.43149440  0.40930751  0.43149440  0.40930751  0.42031789  0.42031789  0.43149440  0.44284214  0.38776588  0.47796723  0.44284214  0.38776588  0.36683304  0.36683304  0.43149440  0.31695134  0.39845839  0.39845839  0.37722552  0.33650281  0.34647553  0.35658436  0.37722552  0.36683304  0.36683304  0.37722552  0.38776588  0.40930751  0.33650281  0.37722552  0.43149440  0.49005574  0.43149440  0.58069561  0.63794866  0.52755201  0.52755201  0.51484118  0.45436642  0.55364732  0.55364732  0.54048476  0.56704801  
