6
15_0_0     0.00000000  0.05013002  0.06320644  0.05013002  0.05013002  0.05663961  
28_0_0     0.05013002  0.00000000  0.01222064  0.06320644  0.05013002  0.05663961  
16_0_0     0.06320644  0.01222064  0.00000000  0.06320644  0.06320644  0.05663961  
5_0_0      0.05013002  0.06320644  0.06320644  0.00000000  0.05013002  0.04367667  
39_0_0     0.05013002  0.05013002  0.06320644  0.05013002  0.00000000  0.01840676  
29_0_0     0.05663961  0.05663961  0.05663961  0.04367667  0.01840676  0.00000000  

