20
1_0_0      0.00000000  0.02256171  0.11515594  0.35869825  0.35152661  0.35869825  0.38809860  0.35152661  0.51005627  0.47552543  0.49259004  0.48400869  0.48400869  0.45064238  0.50127177  0.51005627  0.53705140  0.50127177  0.48400869  0.46713804  
2_0_0      0.02256171  0.00000000  0.12036461  0.33738793  0.33041834  0.33738793  0.36593987  0.31667248  0.53705140  0.48400869  0.51894599  0.49259004  0.51005627  0.47552543  0.51005627  0.50127177  0.51005627  0.49259004  0.47552543  0.45884438  
3_0_0      0.11515594  0.12036461  0.00000000  0.35869825  0.36593987  0.38809860  0.40324739  0.38063861  0.54627248  0.51005627  0.54627248  0.54627248  0.51005627  0.49259004  0.56506563  0.54627248  0.51894599  0.51894599  0.51894599  0.51894599  
17_0_0     0.35869825  0.33738793  0.35869825  0.00000000  0.02715754  0.05534672  0.06498617  0.08964720  0.67790752  0.65607328  0.70040363  0.63486309  0.61424226  0.59417892  0.60414280  0.64539242  0.57464372  0.60414280  0.60414280  0.62448106  
14_0_0     0.35152661  0.33041834  0.36593987  0.02715754  0.00000000  0.03643547  0.04583086  0.07968424  0.68907034  0.66691011  0.71191267  0.64539242  0.62448106  0.60414280  0.63486309  0.65607328  0.54627248  0.57464372  0.57464372  0.59417892  
6_0_0      0.35869825  0.33738793  0.38809860  0.05534672  0.03643547  0.00000000  0.01799417  0.06985325  0.70040363  0.70040363  0.74755105  0.65607328  0.65607328  0.63486309  0.62448106  0.66691011  0.54627248  0.55560957  0.57464372  0.58434705  
11_0_0     0.38809860  0.36593987  0.40324739  0.06498617  0.04583086  0.01799417  0.00000000  0.06498617  0.72360301  0.73548044  0.75982122  0.64539242  0.65607328  0.65607328  0.64539242  0.67790752  0.55560957  0.56506563  0.58434705  0.59417892  
5_0_0      0.35152661  0.31667248  0.38063861  0.08964720  0.07968424  0.06985325  0.06498617  0.00000000  0.67790752  0.65607328  0.70040363  0.63486309  0.63486309  0.59417892  0.58434705  0.64539242  0.52794349  0.53705140  0.53705140  0.52794349  
15_0_0     0.51005627  0.53705140  0.54627248  0.67790752  0.68907034  0.70040363  0.72360301  0.67790752  0.00000000  0.06498617  0.04583086  0.07968424  0.11515594  0.12561010  0.06498617  0.15788627  0.67790752  0.63486309  0.63486309  0.65607328  
20_0_0     0.47552543  0.48400869  0.51005627  0.65607328  0.66691011  0.70040363  0.73548044  0.65607328  0.06498617  0.00000000  0.05057354  0.10484700  0.14697083  0.15240848  0.10484700  0.18021089  0.72360301  0.67790752  0.67790752  0.65607328  
8_0_0      0.49259004  0.51894599  0.54627248  0.70040363  0.71191267  0.74755105  0.75982122  0.70040363  0.04583086  0.05057354  0.00000000  0.08964720  0.12561010  0.14697083  0.09467929  0.13621362  0.71191267  0.66691011  0.64539242  0.64539242  
19_0_0     0.48400869  0.49259004  0.54627248  0.63486309  0.64539242  0.65607328  0.64539242  0.63486309  0.07968424  0.10484700  0.08964720  0.00000000  0.09974573  0.12036461  0.06015079  0.09467929  0.63486309  0.61424226  0.61424226  0.65607328  
18_0_0     0.48400869  0.51005627  0.51005627  0.61424226  0.62448106  0.65607328  0.65607328  0.63486309  0.11515594  0.14697083  0.12561010  0.09974573  0.00000000  0.09467929  0.08464900  0.15788627  0.61424226  0.61424226  0.62448106  0.65607328  
7_0_0      0.45064238  0.47552543  0.49259004  0.59417892  0.60414280  0.63486309  0.65607328  0.59417892  0.12561010  0.15240848  0.14697083  0.12036461  0.09467929  0.00000000  0.11515594  0.19163018  0.62448106  0.60414280  0.61424226  0.68907034  
16_0_0     0.50127177  0.51005627  0.56506563  0.60414280  0.63486309  0.62448106  0.64539242  0.58434705  0.06498617  0.10484700  0.09467929  0.06015079  0.08464900  0.11515594  0.00000000  0.12561010  0.58434705  0.56506563  0.56506563  0.62448106  
9_0_0      0.51005627  0.50127177  0.54627248  0.64539242  0.65607328  0.66691011  0.67790752  0.64539242  0.15788627  0.18021089  0.13621362  0.09467929  0.15788627  0.19163018  0.12561010  0.00000000  0.66691011  0.67790752  0.65607328  0.70040363  
13_0_0     0.53705140  0.51005627  0.51894599  0.57464372  0.54627248  0.54627248  0.55560957  0.52794349  0.67790752  0.72360301  0.71191267  0.63486309  0.61424226  0.62448106  0.58434705  0.66691011  0.00000000  0.06498617  0.09467929  0.10998357  
10_0_0     0.50127177  0.49259004  0.51894599  0.60414280  0.57464372  0.55560957  0.56506563  0.53705140  0.63486309  0.67790752  0.66691011  0.61424226  0.61424226  0.60414280  0.56506563  0.67790752  0.06498617  0.00000000  0.04111830  0.11515594  
12_0_0     0.48400869  0.47552543  0.51894599  0.60414280  0.57464372  0.57464372  0.58434705  0.53705140  0.63486309  0.67790752  0.64539242  0.61424226  0.62448106  0.61424226  0.56506563  0.65607328  0.09467929  0.04111830  0.00000000  0.10998357  
4_0_0      0.46713804  0.45884438  0.51894599  0.62448106  0.59417892  0.58434705  0.59417892  0.52794349  0.65607328  0.65607328  0.64539242  0.65607328  0.65607328  0.68907034  0.62448106  0.70040363  0.10998357  0.11515594  0.10998357  0.00000000  

