20
15_0_0     0.00000000  0.01041794  0.01041794  0.03531349  0.10347111  0.14844657  0.49759198  0.56851785  0.56111088  0.57599983  0.56851785  0.57599983  0.60670935  0.56111088  0.44537930  0.42059460  0.42671326  0.41452621  0.41452621  0.42671326  
18_0_0     0.01041794  0.00000000  0.00692894  0.03170520  0.10744851  0.15267435  0.51124284  0.58355836  0.56111088  0.57599983  0.56851785  0.57599983  0.60670935  0.56111088  0.44537930  0.42059460  0.42671326  0.41452621  0.41452621  0.42671326  
17_0_0     0.01041794  0.00692894  0.00000000  0.03170520  0.10744851  0.15267435  0.51124284  0.58355836  0.56111088  0.57599983  0.56851785  0.57599983  0.60670935  0.56111088  0.44537930  0.42059460  0.42671326  0.41452621  0.41452621  0.42671326  
19_0_0     0.03531349  0.03170520  0.03170520  0.00000000  0.11951081  0.16550482  0.52515070  0.58355836  0.56111088  0.57599983  0.56851785  0.57599983  0.60670935  0.56111088  0.45170761  0.42671326  0.43288302  0.43288302  0.43288302  0.44537930  
20_0_0     0.10347111  0.10744851  0.10744851  0.11951081  0.00000000  0.12357575  0.53932542  0.62255648  0.60670935  0.60670935  0.59891146  0.62255648  0.61459042  0.61459042  0.48418880  0.45170761  0.45809060  0.46452923  0.46452923  0.46452923  
16_0_0     0.14844657  0.15267435  0.15267435  0.16550482  0.12357575  0.00000000  0.57599983  0.65530854  0.64698339  0.64698339  0.63875102  0.66372857  0.68958026  0.66372857  0.47102446  0.43910474  0.44537930  0.46452923  0.46452923  0.46452923  
9_0_0      0.49759198  0.51124284  0.51124284  0.52515070  0.53932542  0.57599983  0.00000000  0.16983164  0.17856207  0.17418396  0.19633867  0.17856207  0.24755209  0.22383230  0.43910474  0.43910474  0.42059460  0.43288302  0.43288302  0.44537930  
8_0_0      0.56851785  0.58355836  0.58355836  0.58355836  0.62255648  0.65530854  0.16983164  0.00000000  0.06860655  0.08004622  0.08389915  0.06107734  0.11144743  0.11951081  0.45809060  0.46452923  0.44537930  0.47102446  0.47102446  0.45809060  
7_0_0      0.56111088  0.56111088  0.56111088  0.56111088  0.60670935  0.64698339  0.17856207  0.06860655  0.00000000  0.01744576  0.02098490  0.00692894  0.08004622  0.06107734  0.41452621  0.42059460  0.41452621  0.42671326  0.42671326  0.42671326  
10_0_0     0.57599983  0.57599983  0.57599983  0.57599983  0.60670935  0.64698339  0.17418396  0.08004622  0.01744576  0.00000000  0.03170520  0.01744576  0.09166582  0.08004622  0.42059460  0.42671326  0.40850725  0.44537930  0.44537930  0.44537930  
5_0_0      0.56851785  0.56851785  0.56851785  0.56851785  0.59891146  0.63875102  0.19633867  0.08389915  0.02098490  0.03170520  0.00000000  0.02098490  0.08004622  0.08389915  0.42059460  0.42671326  0.40850725  0.43288302  0.43288302  0.42059460  
1_0_0      0.57599983  0.57599983  0.57599983  0.57599983  0.62255648  0.66372857  0.17856207  0.06107734  0.00692894  0.01744576  0.02098490  0.00000000  0.08004622  0.06860655  0.42671326  0.43288302  0.41452621  0.43910474  0.43910474  0.42671326  
4_0_0      0.60670935  0.60670935  0.60670935  0.60670935  0.61459042  0.68958026  0.24755209  0.11144743  0.08004622  0.09166582  0.08004622  0.08004622  0.00000000  0.12357575  0.47757731  0.48418880  0.46452923  0.49085999  0.49085999  0.47757731  
12_0_0     0.56111088  0.56111088  0.56111088  0.56111088  0.61459042  0.66372857  0.22383230  0.11951081  0.06107734  0.08004622  0.08389915  0.06860655  0.12357575  0.00000000  0.47757731  0.45809060  0.47757731  0.48418880  0.48418880  0.49085999  
13_0_0     0.44537930  0.44537930  0.44537930  0.45170761  0.48418880  0.47102446  0.43910474  0.45809060  0.41452621  0.42059460  0.42059460  0.42671326  0.47757731  0.47757731  0.00000000  0.03170520  0.02811445  0.05362410  0.05362410  0.08004622  
6_0_0      0.42059460  0.42059460  0.42059460  0.42671326  0.45170761  0.43910474  0.43910474  0.46452923  0.42059460  0.42671326  0.42671326  0.43288302  0.48418880  0.45809060  0.03170520  0.00000000  0.01041794  0.06483235  0.06483235  0.09166582  
3_0_0      0.42671326  0.42671326  0.42671326  0.43288302  0.45809060  0.44537930  0.42059460  0.44537930  0.41452621  0.40850725  0.40850725  0.41452621  0.46452923  0.47757731  0.02811445  0.01041794  0.00000000  0.06107734  0.06107734  0.08777228  
2_0_0      0.41452621  0.41452621  0.41452621  0.43288302  0.46452923  0.46452923  0.43288302  0.47102446  0.42671326  0.44537930  0.43288302  0.43910474  0.49085999  0.48418880  0.05362410  0.06483235  0.06107734  0.00000000  0.00000000  0.03893948  
14_0_0     0.41452621  0.41452621  0.41452621  0.43288302  0.46452923  0.46452923  0.43288302  0.47102446  0.42671326  0.44537930  0.43288302  0.43910474  0.49085999  0.48418880  0.05362410  0.06483235  0.06107734  0.00000000  0.00000000  0.03893948  
11_0_0     0.42671326  0.42671326  0.42671326  0.44537930  0.46452923  0.46452923  0.44537930  0.45809060  0.42671326  0.44537930  0.42059460  0.42671326  0.47757731  0.49085999  0.08004622  0.09166582  0.08777228  0.03893948  0.03893948  0.00000000  

