132
48_0_0     0.00000000  0.14958315  0.13422001  0.20319624  0.08044008  0.08044008  0.08517269  0.09472857  0.09472857  0.12415024  0.10440795  0.16000315  0.09955262  0.08993539  0.18670557  0.14442701  0.13422001  0.12916820  0.27917480  0.27304870  0.31702243  0.13422001  0.13422001  0.20319624  0.16526802  0.30419288  0.29157939  0.30419288  0.31058018  0.24903340  0.27304870  0.27917480  0.24314798  0.25496542  0.27917480  0.27917480  0.30419288  0.31058018  0.26697230  0.23730846  0.23730846  0.23730846  0.24314798  0.24314798  0.26697230  0.23151410  0.26094480  0.26094480  0.24903340  0.24903340  0.29157939  0.26697230  0.45908197  0.46694434  0.27304870  0.26094480  0.25496542  0.24903340  0.24903340  0.24903340  0.39180474  0.49924609  0.27304870  0.27304870  0.27917480  0.27917480  0.28535141  0.29785958  0.24903340  0.24903340  0.27304870  0.28535141  0.26697230  0.22576423  0.49103912  0.44360057  0.44360057  0.42843269  0.43597824  0.44360057  0.38468929  0.35688477  0.31702243  0.35688477  0.34336022  0.35009197  0.31058018  0.30419288  0.31058018  0.36373973  0.36373973  0.36373973  0.39898844  0.37764080  0.37065802  0.37065802  0.33007556  0.33007556  0.31058018  0.23151410  0.23730846  0.26697230  0.24903340  0.24314798  0.29157939  0.26697230  0.24314798  0.24314798  0.24314798  0.27304870  0.29157939  0.30419288  0.28535141  0.28535141  0.30419288  0.31058018  0.28535141  0.29157939  0.29157939  0.29157939  0.29157939  0.31702243  0.44360057  0.47489012  0.46694434  0.45908197  0.40624170  0.42096241  0.44360057  0.48292110  0.48292110  0.45130127  
9_0_0      0.14958315  0.00000000  0.01282097  0.10929495  0.11421405  0.11421405  0.10929495  0.11916566  0.12415024  0.20877481  0.18670557  0.31702243  0.18670557  0.17591010  0.25496542  0.21439524  0.20877481  0.20319624  0.33668844  0.28535141  0.37065802  0.20877481  0.22005817  0.26697230  0.24903340  0.29785958  0.28535141  0.33668844  0.33668844  0.27304870  0.28535141  0.31702243  0.29157939  0.29785958  0.31058018  0.31702243  0.33668844  0.33007556  0.33007556  0.27917480  0.27917480  0.27917480  0.28535141  0.28535141  0.33007556  0.29157939  0.30419288  0.30419288  0.29157939  0.28535141  0.31702243  0.32352056  0.51593483  0.54168657  0.33668844  0.36373973  0.36373973  0.35009197  0.35009197  0.35009197  0.40624170  0.50754398  0.36373973  0.36373973  0.35688477  0.36373973  0.35009197  0.38468929  0.33668844  0.33668844  0.35009197  0.35009197  0.34336022  0.31702243  0.49924609  0.51593483  0.51593483  0.49924609  0.50754398  0.51593483  0.39180474  0.36373973  0.33007556  0.37065802  0.37065802  0.37065802  0.35009197  0.33007556  0.33668844  0.36373973  0.36373973  0.36373973  0.39180474  0.39898844  0.39180474  0.39180474  0.35009197  0.35009197  0.35009197  0.25496542  0.26094480  0.28535141  0.28535141  0.31058018  0.35688477  0.32352056  0.30419288  0.28535141  0.27917480  0.31058018  0.32352056  0.36373973  0.34336022  0.32352056  0.34336022  0.33007556  0.32352056  0.33007556  0.33007556  0.33668844  0.33668844  0.34336022  0.49103912  0.49924609  0.45130127  0.43597824  0.43597824  0.43597824  0.44360057  0.50754398  0.50754398  0.47489012  
63_0_0     0.13422001  0.01282097  0.00000000  0.09955262  0.09955262  0.09955262  0.09472857  0.10440795  0.10929495  0.19216222  0.17591010  0.29785958  0.17057016  0.16000315  0.25496542  0.21439524  0.19216222  0.18670557  0.32352056  0.27304870  0.38468929  0.19765891  0.20319624  0.25496542  0.23730846  0.29785958  0.28535141  0.33668844  0.33668844  0.26697230  0.27917480  0.31702243  0.30419288  0.28535141  0.32352056  0.33007556  0.35009197  0.34336022  0.32352056  0.27304870  0.27304870  0.27304870  0.27917480  0.27917480  0.31702243  0.27304870  0.31058018  0.31058018  0.30419288  0.29785958  0.31702243  0.32352056  0.50754398  0.55047107  0.32352056  0.34336022  0.34336022  0.33007556  0.33007556  0.33007556  0.40624170  0.48292110  0.35688477  0.35688477  0.35009197  0.36373973  0.35009197  0.38468929  0.33668844  0.33668844  0.34336022  0.35009197  0.33668844  0.31058018  0.50754398  0.50754398  0.50754398  0.49103912  0.49924609  0.50754398  0.39898844  0.37065802  0.32352056  0.37065802  0.36373973  0.37065802  0.35009197  0.33007556  0.33668844  0.37065802  0.37065802  0.37065802  0.39180474  0.39898844  0.39180474  0.39180474  0.35009197  0.35009197  0.35009197  0.25496542  0.26094480  0.28535141  0.27917480  0.31058018  0.35688477  0.32352056  0.30419288  0.28535141  0.27304870  0.30419288  0.33007556  0.35688477  0.35009197  0.33007556  0.35009197  0.33668844  0.33007556  0.33668844  0.33668844  0.34336022  0.34336022  0.35009197  0.49103912  0.51593483  0.45908197  0.44360057  0.44360057  0.43597824  0.45908197  0.52442075  0.52442075  0.49103912  
59_0_0     0.20319624  0.10929495  0.09955262  0.00000000  0.18128838  0.18128838  0.17591010  0.17591010  0.17057016  0.24314798  0.24903340  0.31058018  0.25496542  0.25496542  0.31058018  0.25496542  0.24314798  0.23730846  0.35009197  0.29785958  0.37065802  0.26094480  0.23730846  0.32352056  0.29157939  0.33668844  0.32352056  0.36373973  0.36373973  0.30419288  0.29785958  0.31058018  0.35009197  0.34336022  0.37065802  0.36373973  0.37065802  0.36373973  0.36373973  0.31058018  0.31058018  0.31058018  0.31702243  0.31702243  0.35688477  0.29157939  0.35688477  0.35688477  0.32352056  0.31702243  0.31702243  0.33668844  0.50754398  0.55935981  0.37764080  0.37764080  0.37764080  0.37764080  0.37764080  0.37764080  0.41356589  0.54168657  0.36373973  0.36373973  0.37065802  0.37065802  0.35688477  0.37764080  0.32352056  0.32352056  0.34336022  0.33668844  0.34336022  0.35688477  0.53300391  0.54168657  0.54168657  0.54168657  0.53300391  0.54168657  0.46694434  0.43597824  0.37065802  0.39898844  0.39180474  0.42843269  0.40624170  0.37065802  0.37764080  0.40624170  0.40624170  0.40624170  0.45130127  0.40624170  0.39898844  0.39898844  0.37764080  0.37764080  0.37764080  0.28535141  0.29157939  0.34336022  0.32352056  0.33668844  0.33668844  0.34336022  0.33007556  0.29785958  0.31702243  0.37065802  0.34336022  0.37764080  0.37065802  0.35688477  0.37764080  0.36373973  0.35688477  0.36373973  0.36373973  0.35688477  0.35688477  0.36373973  0.53300391  0.53300391  0.49924609  0.49924609  0.47489012  0.47489012  0.46694434  0.51593483  0.54168657  0.49924609  
69_0_0     0.08044008  0.11421405  0.09955262  0.18128838  0.00000000  0.00000000  0.00424932  0.03026429  0.03914069  0.11916566  0.11421405  0.22576423  0.08993539  0.08993539  0.21439524  0.18128838  0.16000315  0.15477503  0.27917480  0.26697230  0.31058018  0.16000315  0.15477503  0.20877481  0.18670557  0.29785958  0.29157939  0.33007556  0.33007556  0.24314798  0.24903340  0.27304870  0.27304870  0.26094480  0.28535141  0.27304870  0.28535141  0.29157939  0.26094480  0.23151410  0.23151410  0.23151410  0.23730846  0.23730846  0.28535141  0.23151410  0.29157939  0.29157939  0.26697230  0.28535141  0.33668844  0.28535141  0.45908197  0.49103912  0.26094480  0.26094480  0.26697230  0.24903340  0.24903340  0.24903340  0.36373973  0.49103912  0.28535141  0.28535141  0.27917480  0.29157939  0.29785958  0.30419288  0.27917480  0.27917480  0.31058018  0.31058018  0.29785958  0.24314798  0.52442075  0.49924609  0.49924609  0.48292110  0.49103912  0.49924609  0.38468929  0.37065802  0.30419288  0.34336022  0.34336022  0.34336022  0.33007556  0.32352056  0.33007556  0.34336022  0.34336022  0.34336022  0.34336022  0.35688477  0.35009197  0.35009197  0.34336022  0.34336022  0.32352056  0.23730846  0.24314798  0.27304870  0.25496542  0.29157939  0.33668844  0.30419288  0.30419288  0.27917480  0.26094480  0.31058018  0.30419288  0.29157939  0.28535141  0.27917480  0.29785958  0.30419288  0.27917480  0.28535141  0.28535141  0.28535141  0.28535141  0.29157939  0.45130127  0.45908197  0.42843269  0.42843269  0.39898844  0.42843269  0.49103912  0.50754398  0.55047107  0.49924609  
45_0_0     0.08044008  0.11421405  0.09955262  0.18128838  0.00000000  0.00000000  0.00424932  0.03026429  0.03914069  0.11916566  0.11421405  0.22576423  0.08993539  0.08993539  0.21439524  0.18128838  0.16000315  0.15477503  0.27917480  0.26697230  0.31058018  0.16000315  0.15477503  0.20877481  0.18670557  0.29785958  0.29157939  0.33007556  0.33007556  0.24314798  0.24903340  0.27304870  0.27304870  0.26094480  0.28535141  0.27304870  0.28535141  0.29157939  0.26094480  0.23151410  0.23151410  0.23151410  0.23730846  0.23730846  0.28535141  0.23151410  0.29157939  0.29157939  0.26697230  0.28535141  0.33668844  0.28535141  0.45908197  0.49103912  0.26094480  0.26094480  0.26697230  0.24903340  0.24903340  0.24903340  0.36373973  0.49103912  0.28535141  0.28535141  0.27917480  0.29157939  0.29785958  0.30419288  0.27917480  0.27917480  0.31058018  0.31058018  0.29785958  0.24314798  0.52442075  0.49924609  0.49924609  0.48292110  0.49103912  0.49924609  0.38468929  0.37065802  0.30419288  0.34336022  0.34336022  0.34336022  0.33007556  0.32352056  0.33007556  0.34336022  0.34336022  0.34336022  0.34336022  0.35688477  0.35009197  0.35009197  0.34336022  0.34336022  0.32352056  0.23730846  0.24314798  0.27304870  0.25496542  0.29157939  0.33668844  0.30419288  0.30419288  0.27917480  0.26094480  0.31058018  0.30419288  0.29157939  0.28535141  0.27917480  0.29785958  0.30419288  0.27917480  0.28535141  0.28535141  0.28535141  0.28535141  0.29157939  0.45130127  0.45908197  0.42843269  0.42843269  0.39898844  0.42843269  0.49103912  0.50754398  0.55047107  0.49924609  
62_0_0     0.08517269  0.10929495  0.09472857  0.17591010  0.00424932  0.00424932  0.00000000  0.02586523  0.03468934  0.11421405  0.10929495  0.22005817  0.09472857  0.09472857  0.20877481  0.17591010  0.15477503  0.14958315  0.27304870  0.26094480  0.30419288  0.15477503  0.14958315  0.20319624  0.19216222  0.29157939  0.28535141  0.32352056  0.32352056  0.23730846  0.25496542  0.27917480  0.26697230  0.25496542  0.27917480  0.26697230  0.27917480  0.28535141  0.26697230  0.23730846  0.23730846  0.23730846  0.24314798  0.24314798  0.29157939  0.23730846  0.28535141  0.28535141  0.26094480  0.27917480  0.33007556  0.29157939  0.45130127  0.49924609  0.26697230  0.26697230  0.27304870  0.25496542  0.25496542  0.25496542  0.35688477  0.48292110  0.29157939  0.29157939  0.28535141  0.29785958  0.30419288  0.31058018  0.28535141  0.28535141  0.31702243  0.31702243  0.30419288  0.24903340  0.51593483  0.50754398  0.50754398  0.49103912  0.49924609  0.50754398  0.37764080  0.36373973  0.29785958  0.33668844  0.33668844  0.33668844  0.32352056  0.31702243  0.32352056  0.35009197  0.35009197  0.35009197  0.35009197  0.36373973  0.35688477  0.35688477  0.33668844  0.33668844  0.31702243  0.23151410  0.23730846  0.26697230  0.24903340  0.29157939  0.33668844  0.30419288  0.30419288  0.27917480  0.26094480  0.31058018  0.30419288  0.29785958  0.29157939  0.28535141  0.30419288  0.29785958  0.28535141  0.29157939  0.29157939  0.29157939  0.29157939  0.29785958  0.45908197  0.46694434  0.42096241  0.42096241  0.40624170  0.42096241  0.48292110  0.51593483  0.54168657  0.49103912  
7_0_0      0.09472857  0.11916566  0.10440795  0.17591010  0.03026429  0.03026429  0.02586523  0.00000000  0.00852288  0.12415024  0.10929495  0.20877481  0.09472857  0.09472857  0.22576423  0.18670557  0.16526802  0.16000315  0.26094480  0.27304870  0.29157939  0.18670557  0.16000315  0.20877481  0.20319624  0.28535141  0.28535141  0.32352056  0.32352056  0.23730846  0.26697230  0.27917480  0.27917480  0.25496542  0.30419288  0.29157939  0.29157939  0.29785958  0.25496542  0.24903340  0.24903340  0.24903340  0.25496542  0.25496542  0.30419288  0.23730846  0.27304870  0.27304870  0.24903340  0.26697230  0.30419288  0.26697230  0.44360057  0.49103912  0.24314798  0.24314798  0.24903340  0.24314798  0.24314798  0.24314798  0.39180474  0.47489012  0.28535141  0.28535141  0.27917480  0.29157939  0.29785958  0.31058018  0.26697230  0.26697230  0.29785958  0.29785958  0.32352056  0.24314798  0.49103912  0.48292110  0.48292110  0.48292110  0.47489012  0.48292110  0.39180474  0.37764080  0.31058018  0.33668844  0.35009197  0.35009197  0.31058018  0.31702243  0.32352056  0.36373973  0.36373973  0.36373973  0.37764080  0.37764080  0.37065802  0.37065802  0.35009197  0.35009197  0.31702243  0.25496542  0.24903340  0.29157939  0.26094480  0.30419288  0.36373973  0.33007556  0.31702243  0.30419288  0.27304870  0.31058018  0.33007556  0.29785958  0.29157939  0.28535141  0.29157939  0.29785958  0.28535141  0.29157939  0.29157939  0.30419288  0.30419288  0.31702243  0.44360057  0.45908197  0.40624170  0.40624170  0.39180474  0.42096241  0.48292110  0.51593483  0.54168657  0.49103912  
67_0_0     0.09472857  0.12415024  0.10929495  0.17057016  0.03914069  0.03914069  0.03468934  0.00852288  0.00000000  0.13422001  0.11916566  0.19765891  0.10440795  0.10440795  0.21439524  0.19765891  0.17591010  0.17057016  0.27304870  0.27304870  0.29157939  0.18670557  0.16000315  0.20877481  0.20319624  0.28535141  0.28535141  0.31058018  0.31058018  0.24903340  0.27304870  0.26697230  0.26697230  0.25496542  0.30419288  0.29157939  0.30419288  0.31058018  0.26697230  0.26094480  0.26094480  0.26094480  0.26697230  0.26697230  0.31058018  0.23151410  0.28535141  0.28535141  0.26094480  0.27917480  0.29785958  0.27917480  0.45130127  0.49924609  0.25496542  0.25496542  0.24903340  0.25496542  0.25496542  0.25496542  0.37764080  0.48292110  0.28535141  0.28535141  0.27917480  0.29157939  0.29785958  0.31058018  0.26697230  0.26697230  0.29785958  0.31058018  0.32352056  0.25496542  0.48292110  0.47489012  0.47489012  0.47489012  0.46694434  0.47489012  0.39180474  0.37764080  0.31058018  0.33668844  0.35009197  0.34336022  0.31702243  0.31058018  0.31702243  0.35688477  0.35688477  0.35688477  0.38468929  0.37065802  0.36373973  0.36373973  0.34336022  0.34336022  0.32352056  0.26697230  0.26094480  0.29157939  0.26094480  0.31702243  0.36373973  0.34336022  0.31702243  0.29157939  0.27304870  0.31058018  0.31702243  0.28535141  0.27917480  0.28535141  0.29157939  0.29785958  0.28535141  0.29157939  0.29157939  0.30419288  0.30419288  0.31702243  0.45908197  0.46694434  0.42096241  0.40624170  0.37764080  0.43597824  0.49103912  0.50754398  0.55047107  0.49924609  
52_0_0     0.12415024  0.20877481  0.19216222  0.24314798  0.11916566  0.11916566  0.11421405  0.12415024  0.13422001  0.00000000  0.04361865  0.16526802  0.07106363  0.07106363  0.19765891  0.19216222  0.19765891  0.19216222  0.30419288  0.28535141  0.27917480  0.18670557  0.17057016  0.24903340  0.22576423  0.29157939  0.28535141  0.31702243  0.31702243  0.27304870  0.27917480  0.28535141  0.29157939  0.29785958  0.29157939  0.27917480  0.25496542  0.26094480  0.29785958  0.30419288  0.30419288  0.30419288  0.31058018  0.31058018  0.30419288  0.25496542  0.29157939  0.29157939  0.27917480  0.28535141  0.33668844  0.30419288  0.46694434  0.49103912  0.27917480  0.29785958  0.30419288  0.27917480  0.27917480  0.27917480  0.33668844  0.45908197  0.29785958  0.29785958  0.29157939  0.29157939  0.29785958  0.31702243  0.29157939  0.29157939  0.32352056  0.31702243  0.34336022  0.25496542  0.48292110  0.46694434  0.46694434  0.45130127  0.45908197  0.46694434  0.39898844  0.38468929  0.35009197  0.36373973  0.35009197  0.36373973  0.32352056  0.31702243  0.32352056  0.38468929  0.38468929  0.38468929  0.39180474  0.38468929  0.37764080  0.37764080  0.32352056  0.32352056  0.30419288  0.22576423  0.22005817  0.28535141  0.24314798  0.31058018  0.32352056  0.31058018  0.31702243  0.29785958  0.27917480  0.33668844  0.31702243  0.35009197  0.33007556  0.33007556  0.34336022  0.33007556  0.32352056  0.33007556  0.33668844  0.31058018  0.31058018  0.35009197  0.47489012  0.48292110  0.45908197  0.47489012  0.44360057  0.45908197  0.45130127  0.49924609  0.49103912  0.44360057  
40_0_0     0.10440795  0.18670557  0.17591010  0.24903340  0.11421405  0.11421405  0.10929495  0.10929495  0.11916566  0.04361865  0.00000000  0.17057016  0.05265570  0.04361865  0.18670557  0.17591010  0.17591010  0.17057016  0.27917480  0.29157939  0.29785958  0.18670557  0.16526802  0.23730846  0.19765891  0.29157939  0.27917480  0.31702243  0.31702243  0.27917480  0.30419288  0.26094480  0.26094480  0.26094480  0.27917480  0.27917480  0.26697230  0.27304870  0.27304870  0.27917480  0.27917480  0.27917480  0.28535141  0.28535141  0.29785958  0.26094480  0.27917480  0.27917480  0.25496542  0.27304870  0.32352056  0.29157939  0.45130127  0.47489012  0.26094480  0.27917480  0.28535141  0.26697230  0.26697230  0.26697230  0.34336022  0.45130127  0.27917480  0.27917480  0.27304870  0.26094480  0.26697230  0.29157939  0.27304870  0.27304870  0.32352056  0.31058018  0.37065802  0.24903340  0.48292110  0.45130127  0.45130127  0.43597824  0.44360057  0.45130127  0.39898844  0.38468929  0.33668844  0.35009197  0.35009197  0.35688477  0.33007556  0.32352056  0.33007556  0.36373973  0.36373973  0.36373973  0.39898844  0.37764080  0.37065802  0.37065802  0.33007556  0.33007556  0.31058018  0.23730846  0.23151410  0.27304870  0.25496542  0.29785958  0.33007556  0.31058018  0.29785958  0.28535141  0.27304870  0.31702243  0.31058018  0.37065802  0.35009197  0.33668844  0.35688477  0.33668844  0.33007556  0.33668844  0.34336022  0.33668844  0.33668844  0.37764080  0.45908197  0.49924609  0.48292110  0.49924609  0.46694434  0.46694434  0.46694434  0.49924609  0.47489012  0.45908197  
17_0_0     0.16000315  0.31702243  0.29785958  0.31058018  0.22576423  0.22576423  0.22005817  0.20877481  0.19765891  0.16526802  0.17057016  0.00000000  0.16526802  0.16526802  0.22005817  0.23730846  0.23730846  0.23151410  0.35009197  0.33668844  0.33668844  0.24314798  0.23151410  0.26094480  0.27304870  0.37065802  0.35688477  0.37065802  0.37065802  0.33007556  0.37065802  0.37065802  0.29157939  0.33668844  0.36373973  0.35009197  0.33668844  0.34336022  0.35688477  0.37764080  0.36373973  0.36373973  0.37065802  0.37065802  0.39180474  0.32352056  0.35009197  0.35009197  0.33668844  0.33007556  0.33668844  0.33668844  0.56835531  0.49103912  0.38468929  0.37065802  0.36373973  0.35688477  0.35688477  0.35688477  0.44360057  0.43597824  0.35688477  0.35688477  0.36373973  0.36373973  0.37065802  0.37764080  0.34336022  0.34336022  0.37065802  0.38468929  0.36373973  0.31702243  0.53300391  0.49924609  0.51593483  0.49924609  0.50754398  0.51593483  0.39898844  0.41356589  0.42843269  0.41356589  0.37065802  0.36373973  0.33007556  0.31058018  0.31702243  0.39180474  0.39180474  0.39180474  0.42843269  0.38468929  0.37764080  0.37764080  0.34336022  0.34336022  0.32352056  0.28535141  0.27917480  0.31058018  0.29157939  0.35009197  0.37764080  0.36373973  0.35009197  0.32352056  0.34336022  0.34336022  0.34336022  0.38468929  0.35688477  0.39898844  0.37764080  0.39898844  0.39180474  0.38468929  0.39180474  0.35009197  0.35009197  0.38468929  0.50754398  0.52442075  0.49103912  0.51593483  0.46694434  0.48292110  0.49103912  0.50754398  0.50754398  0.49103912  
57_0_0     0.09955262  0.18670557  0.17057016  0.25496542  0.08993539  0.08993539  0.09472857  0.09472857  0.10440795  0.07106363  0.05265570  0.16526802  0.00000000  0.00852288  0.17057016  0.18128838  0.17591010  0.17057016  0.27304870  0.27304870  0.30419288  0.19216222  0.17057016  0.23151410  0.19216222  0.30419288  0.29785958  0.33668844  0.33668844  0.25496542  0.26697230  0.23730846  0.28535141  0.27304870  0.29157939  0.27917480  0.26697230  0.27304870  0.26094480  0.27917480  0.27917480  0.27917480  0.27304870  0.27304870  0.29157939  0.23730846  0.26094480  0.26094480  0.24903340  0.26697230  0.31702243  0.26697230  0.44360057  0.46694434  0.25496542  0.25496542  0.26094480  0.24314798  0.24314798  0.24314798  0.35688477  0.45130127  0.26094480  0.26094480  0.25496542  0.25496542  0.26094480  0.28535141  0.27304870  0.27304870  0.30419288  0.30419288  0.33007556  0.21439524  0.47489012  0.44360057  0.44360057  0.42843269  0.43597824  0.44360057  0.39898844  0.37065802  0.33007556  0.35688477  0.33007556  0.35688477  0.31702243  0.31058018  0.31702243  0.35688477  0.35688477  0.35688477  0.37065802  0.35688477  0.35009197  0.35009197  0.30419288  0.30419288  0.28535141  0.22005817  0.21439524  0.25496542  0.22576423  0.31058018  0.34336022  0.32352056  0.31058018  0.28535141  0.26094480  0.30419288  0.31058018  0.33668844  0.33007556  0.33007556  0.35009197  0.33007556  0.32352056  0.33007556  0.33668844  0.33007556  0.33007556  0.33007556  0.44360057  0.45908197  0.44360057  0.47489012  0.42843269  0.46694434  0.49103912  0.49103912  0.49924609  0.46694434  
3_0_0      0.08993539  0.17591010  0.16000315  0.25496542  0.08993539  0.08993539  0.09472857  0.09472857  0.10440795  0.07106363  0.04361865  0.16526802  0.00852288  0.00000000  0.17591010  0.17057016  0.16526802  0.16000315  0.26094480  0.26094480  0.30419288  0.18128838  0.16000315  0.23151410  0.18128838  0.30419288  0.29157939  0.33007556  0.33007556  0.25496542  0.27917480  0.24903340  0.27304870  0.26094480  0.27917480  0.27917480  0.26697230  0.27304870  0.24903340  0.26697230  0.26697230  0.26697230  0.26094480  0.26094480  0.29157939  0.23730846  0.26094480  0.26094480  0.24903340  0.26697230  0.31702243  0.26697230  0.45908197  0.48292110  0.26094480  0.26094480  0.26697230  0.24903340  0.24903340  0.24903340  0.35688477  0.45908197  0.26094480  0.26094480  0.25496542  0.25496542  0.26094480  0.28535141  0.27304870  0.27304870  0.30419288  0.30419288  0.34336022  0.22576423  0.48292110  0.45130127  0.45130127  0.43597824  0.44360057  0.45130127  0.39180474  0.36373973  0.32352056  0.35009197  0.32352056  0.36373973  0.31058018  0.30419288  0.31058018  0.35688477  0.35688477  0.35688477  0.37764080  0.37065802  0.36373973  0.36373973  0.31058018  0.31058018  0.29157939  0.22005817  0.21439524  0.25496542  0.22576423  0.29785958  0.33007556  0.31058018  0.29785958  0.27304870  0.24903340  0.29157939  0.29785958  0.33668844  0.33007556  0.33007556  0.35009197  0.33007556  0.32352056  0.33007556  0.33668844  0.33007556  0.33007556  0.34336022  0.44360057  0.46694434  0.45130127  0.48292110  0.43597824  0.46694434  0.47489012  0.49103912  0.49924609  0.46694434  
61_0_0     0.18670557  0.25496542  0.25496542  0.31058018  0.21439524  0.21439524  0.20877481  0.22576423  0.21439524  0.19765891  0.18670557  0.22005817  0.17057016  0.17591010  0.00000000  0.22576423  0.24903340  0.23730846  0.36373973  0.33668844  0.35009197  0.24314798  0.24314798  0.29157939  0.25496542  0.35688477  0.33007556  0.34336022  0.34336022  0.35688477  0.35688477  0.31702243  0.32352056  0.28535141  0.32352056  0.31058018  0.33668844  0.33007556  0.33007556  0.32352056  0.31058018  0.31058018  0.31702243  0.31702243  0.39898844  0.33007556  0.33007556  0.33007556  0.31702243  0.30419288  0.33668844  0.35009197  0.52442075  0.50754398  0.33007556  0.35688477  0.35009197  0.34336022  0.34336022  0.34336022  0.44360057  0.50754398  0.33007556  0.33007556  0.32352056  0.32352056  0.31702243  0.32352056  0.34336022  0.34336022  0.38468929  0.38468929  0.33668844  0.29157939  0.55047107  0.49103912  0.50754398  0.49103912  0.49924609  0.50754398  0.45130127  0.42096241  0.44360057  0.43597824  0.39180474  0.42843269  0.37764080  0.37764080  0.38468929  0.46694434  0.45908197  0.46694434  0.49103912  0.46694434  0.45908197  0.45908197  0.39180474  0.39180474  0.39898844  0.28535141  0.29785958  0.31702243  0.31702243  0.33668844  0.36373973  0.34336022  0.32352056  0.33007556  0.36373973  0.35009197  0.35009197  0.35688477  0.34336022  0.35009197  0.37065802  0.37764080  0.37065802  0.36373973  0.35688477  0.39180474  0.39180474  0.39898844  0.49924609  0.49103912  0.49924609  0.51593483  0.45908197  0.51593483  0.49924609  0.45130127  0.49103912  0.45908197  
25_0_0     0.14442701  0.21439524  0.21439524  0.25496542  0.18128838  0.18128838  0.17591010  0.18670557  0.19765891  0.19216222  0.17591010  0.23730846  0.18128838  0.17057016  0.22576423  0.00000000  0.05721545  0.06180312  0.22576423  0.21439524  0.20877481  0.06641906  0.06180312  0.11421405  0.07106363  0.25496542  0.23151410  0.23730846  0.23730846  0.20877481  0.22005817  0.23151410  0.16526802  0.19216222  0.21439524  0.21439524  0.21439524  0.20877481  0.19216222  0.19216222  0.18670557  0.18670557  0.18670557  0.18670557  0.24314798  0.18670557  0.17057016  0.17057016  0.16000315  0.15477503  0.23151410  0.17057016  0.40624170  0.39180474  0.24903340  0.22576423  0.23151410  0.22005817  0.22005817  0.22005817  0.29785958  0.43597824  0.23730846  0.23730846  0.24314798  0.24314798  0.24314798  0.25496542  0.22576423  0.22576423  0.26697230  0.24903340  0.24314798  0.19765891  0.43597824  0.43597824  0.45130127  0.43597824  0.44360057  0.45130127  0.30419288  0.29157939  0.23730846  0.25496542  0.25496542  0.26697230  0.23151410  0.23730846  0.24314798  0.32352056  0.32352056  0.32352056  0.33668844  0.32352056  0.31702243  0.31702243  0.24903340  0.24903340  0.24903340  0.14442701  0.16000315  0.18128838  0.18128838  0.15477503  0.19765891  0.15477503  0.15477503  0.16526802  0.19765891  0.18670557  0.19765891  0.26094480  0.23730846  0.24903340  0.25496542  0.26697230  0.24903340  0.25496542  0.25496542  0.23730846  0.23730846  0.28535141  0.39898844  0.39898844  0.39898844  0.42843269  0.42096241  0.39180474  0.33007556  0.37764080  0.38468929  0.35009197  
16_0_0     0.13422001  0.20877481  0.19216222  0.24314798  0.16000315  0.16000315  0.15477503  0.16526802  0.17591010  0.19765891  0.17591010  0.23730846  0.17591010  0.16526802  0.24903340  0.05721545  0.00000000  0.00852288  0.20319624  0.21439524  0.22005817  0.07573718  0.06641906  0.13930612  0.10440795  0.26094480  0.23730846  0.25496542  0.25496542  0.19216222  0.21439524  0.22576423  0.19216222  0.18128838  0.22576423  0.22576423  0.22576423  0.22005817  0.20877481  0.19765891  0.19216222  0.19216222  0.20319624  0.20319624  0.25496542  0.18128838  0.20877481  0.20877481  0.20877481  0.21439524  0.23730846  0.17591010  0.35688477  0.39180474  0.24903340  0.19765891  0.20319624  0.20319624  0.20319624  0.20319624  0.30419288  0.42843269  0.23730846  0.23730846  0.24314798  0.25496542  0.25496542  0.26094480  0.24314798  0.24314798  0.25496542  0.26094480  0.26697230  0.21439524  0.50754398  0.47489012  0.49103912  0.47489012  0.48292110  0.49103912  0.29157939  0.27917480  0.23730846  0.27917480  0.27304870  0.28535141  0.24903340  0.25496542  0.26094480  0.31058018  0.31058018  0.31058018  0.35009197  0.31702243  0.31058018  0.31058018  0.27917480  0.27917480  0.27917480  0.14442701  0.15477503  0.17057016  0.17057016  0.18670557  0.20877481  0.18670557  0.17591010  0.16526802  0.19216222  0.22005817  0.20877481  0.27304870  0.26094480  0.24903340  0.26697230  0.27917480  0.26094480  0.26697230  0.25496542  0.26697230  0.26697230  0.28535141  0.41356589  0.45908197  0.39898844  0.41356589  0.40624170  0.37764080  0.37065802  0.44360057  0.41356589  0.39898844  
53_0_0     0.12916820  0.20319624  0.18670557  0.23730846  0.15477503  0.15477503  0.14958315  0.16000315  0.17057016  0.19216222  0.17057016  0.23151410  0.17057016  0.16000315  0.23730846  0.06180312  0.00852288  0.00000000  0.19765891  0.20877481  0.22576423  0.08044008  0.07106363  0.14442701  0.10929495  0.26697230  0.24314798  0.26094480  0.26094480  0.19765891  0.22005817  0.22005817  0.18670557  0.17057016  0.22005817  0.22005817  0.22005817  0.21439524  0.20319624  0.19216222  0.18670557  0.18670557  0.19765891  0.19765891  0.26094480  0.18670557  0.20319624  0.20319624  0.20319624  0.20877481  0.22576423  0.18128838  0.37065802  0.39180474  0.24314798  0.20319624  0.20877481  0.20877481  0.20877481  0.20877481  0.29785958  0.41356589  0.23151410  0.23151410  0.23730846  0.24903340  0.24903340  0.25496542  0.23730846  0.23730846  0.24903340  0.25496542  0.26094480  0.20877481  0.51593483  0.46694434  0.48292110  0.46694434  0.47489012  0.48292110  0.28535141  0.27304870  0.24314798  0.28535141  0.27917480  0.29157939  0.25496542  0.26094480  0.26697230  0.31702243  0.31702243  0.31702243  0.35009197  0.32352056  0.31702243  0.31702243  0.28535141  0.28535141  0.27304870  0.13930612  0.14958315  0.16526802  0.16526802  0.19216222  0.21439524  0.19216222  0.18128838  0.17057016  0.19765891  0.21439524  0.21439524  0.26697230  0.25496542  0.24903340  0.26697230  0.27917480  0.26094480  0.26697230  0.25496542  0.26094480  0.26094480  0.27917480  0.40624170  0.45130127  0.39180474  0.40624170  0.39898844  0.37764080  0.38468929  0.42843269  0.39898844  0.38468929  
11_0_0     0.27917480  0.33668844  0.32352056  0.35009197  0.27917480  0.27917480  0.27304870  0.26094480  0.27304870  0.30419288  0.27917480  0.35009197  0.27304870  0.26094480  0.36373973  0.22576423  0.20319624  0.19765891  0.00000000  0.13930612  0.17591010  0.24314798  0.22005817  0.29785958  0.24903340  0.27917480  0.26094480  0.26697230  0.26697230  0.26094480  0.26697230  0.30419288  0.27917480  0.22576423  0.29785958  0.29785958  0.28535141  0.29157939  0.26697230  0.27917480  0.27304870  0.27304870  0.28535141  0.28535141  0.29785958  0.31058018  0.27304870  0.27304870  0.28535141  0.30419288  0.29785958  0.26094480  0.43597824  0.45908197  0.26697230  0.25496542  0.26094480  0.26094480  0.26094480  0.26094480  0.39180474  0.46694434  0.29785958  0.29785958  0.30419288  0.27917480  0.29157939  0.29785958  0.25496542  0.25496542  0.27917480  0.27304870  0.28535141  0.25496542  0.52442075  0.49103912  0.49924609  0.49924609  0.49103912  0.49924609  0.39898844  0.34336022  0.33668844  0.35688477  0.39180474  0.39180474  0.33668844  0.34336022  0.34336022  0.37065802  0.37065802  0.37065802  0.42843269  0.37065802  0.37065802  0.37065802  0.34336022  0.34336022  0.35009197  0.29157939  0.27917480  0.29157939  0.27917480  0.31702243  0.34336022  0.33007556  0.32352056  0.29785958  0.31058018  0.31702243  0.34336022  0.31702243  0.33007556  0.35009197  0.37065802  0.36373973  0.35688477  0.35009197  0.35688477  0.33007556  0.33007556  0.33007556  0.40624170  0.46694434  0.40624170  0.41356589  0.45908197  0.47489012  0.42096241  0.43597824  0.43597824  0.40624170  
27_0_0     0.27304870  0.28535141  0.27304870  0.29785958  0.26697230  0.26697230  0.26094480  0.27304870  0.27304870  0.28535141  0.29157939  0.33668844  0.27304870  0.26094480  0.33668844  0.21439524  0.21439524  0.20877481  0.13930612  0.00000000  0.17591010  0.22005817  0.23151410  0.27917480  0.24314798  0.29785958  0.28535141  0.30419288  0.30419288  0.31058018  0.28535141  0.32352056  0.27917480  0.23730846  0.30419288  0.31058018  0.31058018  0.30419288  0.31058018  0.29785958  0.29157939  0.29157939  0.29157939  0.29157939  0.28535141  0.29785958  0.31058018  0.31058018  0.29785958  0.30419288  0.30419288  0.27304870  0.49924609  0.46694434  0.32352056  0.33007556  0.32352056  0.32352056  0.32352056  0.32352056  0.32352056  0.49924609  0.32352056  0.32352056  0.33007556  0.33007556  0.31702243  0.32352056  0.27304870  0.27304870  0.29785958  0.29157939  0.26697230  0.30419288  0.51593483  0.54168657  0.55047107  0.55047107  0.54168657  0.55047107  0.41356589  0.37065802  0.36373973  0.39180474  0.36373973  0.39180474  0.35688477  0.35009197  0.35009197  0.37764080  0.37764080  0.37764080  0.41356589  0.39898844  0.39180474  0.39180474  0.32352056  0.32352056  0.33007556  0.25496542  0.25496542  0.26697230  0.26697230  0.31702243  0.31702243  0.29157939  0.28535141  0.27304870  0.29157939  0.30419288  0.31702243  0.29157939  0.29157939  0.33668844  0.34336022  0.31058018  0.33007556  0.33007556  0.33007556  0.27304870  0.27304870  0.28535141  0.37065802  0.40624170  0.39898844  0.37764080  0.40624170  0.43597824  0.42843269  0.44360057  0.45130127  0.40624170  
1_0_0      0.31702243  0.37065802  0.38468929  0.37065802  0.31058018  0.31058018  0.30419288  0.29157939  0.29157939  0.27917480  0.29785958  0.33668844  0.30419288  0.30419288  0.35009197  0.20877481  0.22005817  0.22576423  0.17591010  0.17591010  0.00000000  0.22576423  0.20319624  0.26697230  0.24314798  0.26697230  0.27917480  0.27304870  0.27304870  0.27917480  0.30419288  0.27917480  0.26094480  0.27304870  0.28535141  0.27304870  0.24903340  0.25496542  0.27917480  0.29785958  0.29157939  0.29157939  0.30419288  0.30419288  0.28535141  0.27917480  0.27304870  0.27304870  0.27917480  0.28535141  0.27304870  0.24314798  0.43597824  0.40624170  0.36373973  0.31058018  0.31702243  0.31702243  0.31702243  0.31702243  0.33007556  0.47489012  0.32352056  0.32352056  0.33007556  0.30419288  0.31702243  0.31058018  0.24314798  0.24314798  0.27304870  0.26697230  0.28535141  0.26094480  0.55047107  0.52442075  0.53300391  0.55047107  0.54168657  0.53300391  0.36373973  0.35009197  0.34336022  0.37065802  0.37764080  0.36373973  0.31702243  0.31058018  0.31058018  0.37764080  0.37764080  0.37764080  0.41356589  0.36373973  0.35688477  0.35688477  0.32352056  0.32352056  0.32352056  0.26697230  0.26697230  0.30419288  0.29785958  0.31702243  0.31058018  0.29785958  0.31058018  0.28535141  0.32352056  0.34336022  0.33007556  0.30419288  0.28535141  0.34336022  0.32352056  0.34336022  0.33668844  0.33007556  0.33668844  0.29157939  0.29157939  0.30419288  0.43597824  0.45908197  0.40624170  0.41356589  0.42843269  0.49924609  0.46694434  0.45908197  0.48292110  0.43597824  
58_0_0     0.13422001  0.20877481  0.19765891  0.26094480  0.16000315  0.16000315  0.15477503  0.18670557  0.18670557  0.18670557  0.18670557  0.24314798  0.19216222  0.18128838  0.24314798  0.06641906  0.07573718  0.08044008  0.24314798  0.22005817  0.22576423  0.00000000  0.05265570  0.13930612  0.09955262  0.26697230  0.25496542  0.24903340  0.24903340  0.19765891  0.22576423  0.24903340  0.18670557  0.21439524  0.22005817  0.22005817  0.23151410  0.22576423  0.23151410  0.20319624  0.19765891  0.19765891  0.20877481  0.20877481  0.27304870  0.19216222  0.19765891  0.19765891  0.18670557  0.19216222  0.24314798  0.20319624  0.37065802  0.38468929  0.28535141  0.24314798  0.23730846  0.23730846  0.23730846  0.23730846  0.30419288  0.44360057  0.25496542  0.25496542  0.26094480  0.27304870  0.27304870  0.27304870  0.23730846  0.23730846  0.25496542  0.27304870  0.23730846  0.20877481  0.49924609  0.44360057  0.45130127  0.43597824  0.44360057  0.45130127  0.29157939  0.29157939  0.23730846  0.28535141  0.26697230  0.27304870  0.24903340  0.23151410  0.23730846  0.31058018  0.31058018  0.31058018  0.34336022  0.31058018  0.30419288  0.30419288  0.25496542  0.25496542  0.26697230  0.16526802  0.17591010  0.19216222  0.18128838  0.20319624  0.21439524  0.19216222  0.17057016  0.16526802  0.17591010  0.22576423  0.21439524  0.27917480  0.26094480  0.26094480  0.26697230  0.28535141  0.25496542  0.26094480  0.26697230  0.24903340  0.24903340  0.29157939  0.41356589  0.42843269  0.39180474  0.40624170  0.39898844  0.42096241  0.38468929  0.45908197  0.42096241  0.39898844  
66_0_0     0.13422001  0.22005817  0.20319624  0.23730846  0.15477503  0.15477503  0.14958315  0.16000315  0.16000315  0.17057016  0.16526802  0.23151410  0.17057016  0.16000315  0.24314798  0.06180312  0.06641906  0.07106363  0.22005817  0.23151410  0.20319624  0.05265570  0.00000000  0.14442701  0.09955262  0.21439524  0.19765891  0.20319624  0.20319624  0.18670557  0.19765891  0.22576423  0.16000315  0.19216222  0.22576423  0.22576423  0.22576423  0.23151410  0.19765891  0.20319624  0.19765891  0.19765891  0.20877481  0.20877481  0.25496542  0.17591010  0.20319624  0.20319624  0.18128838  0.18670557  0.22576423  0.18128838  0.35688477  0.39180474  0.26094480  0.20877481  0.21439524  0.21439524  0.21439524  0.21439524  0.29157939  0.44360057  0.22005817  0.22005817  0.22576423  0.22576423  0.23730846  0.24314798  0.21439524  0.21439524  0.23151410  0.23730846  0.23730846  0.18128838  0.45908197  0.44360057  0.45130127  0.43597824  0.44360057  0.45130127  0.31058018  0.29785958  0.23730846  0.27304870  0.27304870  0.27917480  0.26697230  0.24903340  0.25496542  0.28535141  0.28535141  0.28535141  0.34336022  0.28535141  0.27917480  0.27917480  0.24314798  0.24314798  0.26697230  0.16526802  0.17591010  0.20319624  0.19216222  0.18670557  0.20877481  0.19765891  0.17591010  0.17057016  0.19216222  0.23151410  0.20877481  0.27304870  0.25496542  0.26697230  0.27304870  0.29157939  0.26094480  0.26697230  0.27304870  0.27304870  0.27304870  0.30419288  0.39180474  0.42096241  0.37764080  0.41356589  0.37065802  0.40624170  0.38468929  0.42843269  0.43597824  0.39898844  
72_0_0     0.20319624  0.26697230  0.25496542  0.32352056  0.20877481  0.20877481  0.20319624  0.20877481  0.20877481  0.24903340  0.23730846  0.26094480  0.23151410  0.23151410  0.29157939  0.11421405  0.13930612  0.14442701  0.29785958  0.27917480  0.26697230  0.13930612  0.14442701  0.00000000  0.05721545  0.29157939  0.29157939  0.29785958  0.29785958  0.24903340  0.25496542  0.25496542  0.22005817  0.23151410  0.24314798  0.23151410  0.24314798  0.23730846  0.27304870  0.27304870  0.26697230  0.26697230  0.27917480  0.27917480  0.31058018  0.19765891  0.24903340  0.24903340  0.22576423  0.24314798  0.29785958  0.21439524  0.44360057  0.42843269  0.29157939  0.25496542  0.24903340  0.23730846  0.23730846  0.23730846  0.35009197  0.49103912  0.29157939  0.29157939  0.29785958  0.29785958  0.29785958  0.29785958  0.26697230  0.26697230  0.31702243  0.31058018  0.29785958  0.24903340  0.52442075  0.49924609  0.51593483  0.49924609  0.50754398  0.51593483  0.35688477  0.37065802  0.29785958  0.31702243  0.33007556  0.31058018  0.26697230  0.27304870  0.27917480  0.35688477  0.35688477  0.35688477  0.38468929  0.34336022  0.33668844  0.33668844  0.30419288  0.30419288  0.30419288  0.22576423  0.24314798  0.23151410  0.24314798  0.27304870  0.30419288  0.26697230  0.24903340  0.23151410  0.25496542  0.27304870  0.25496542  0.30419288  0.29157939  0.30419288  0.29785958  0.33668844  0.30419288  0.31058018  0.31058018  0.28535141  0.28535141  0.33007556  0.46694434  0.45908197  0.41356589  0.43597824  0.43597824  0.41356589  0.42096241  0.45908197  0.47489012  0.42096241  
14_0_0     0.16526802  0.24903340  0.23730846  0.29157939  0.18670557  0.18670557  0.19216222  0.20319624  0.20319624  0.22576423  0.19765891  0.27304870  0.19216222  0.18128838  0.25496542  0.07106363  0.10440795  0.10929495  0.24903340  0.24314798  0.24314798  0.09955262  0.09955262  0.05721545  0.00000000  0.27304870  0.24903340  0.24314798  0.24314798  0.23730846  0.22576423  0.21439524  0.19216222  0.19765891  0.20877481  0.20877481  0.22005817  0.21439524  0.20877481  0.20877481  0.20319624  0.20319624  0.21439524  0.21439524  0.24903340  0.17057016  0.19765891  0.19765891  0.17591010  0.19216222  0.26094480  0.17591010  0.42096241  0.42096241  0.24314798  0.22005817  0.21439524  0.20319624  0.20319624  0.20319624  0.31058018  0.45130127  0.23730846  0.23730846  0.24314798  0.24314798  0.24314798  0.24903340  0.21439524  0.21439524  0.26697230  0.26094480  0.24903340  0.20877481  0.49103912  0.44360057  0.45908197  0.44360057  0.45130127  0.45908197  0.35688477  0.33007556  0.27304870  0.27917480  0.30419288  0.30419288  0.25496542  0.26094480  0.26697230  0.33007556  0.33007556  0.33007556  0.35688477  0.33007556  0.32352056  0.32352056  0.27917480  0.27917480  0.27917480  0.20319624  0.22005817  0.22005817  0.22005817  0.22005817  0.24314798  0.22005817  0.19765891  0.20877481  0.22005817  0.24314798  0.23151410  0.28535141  0.26094480  0.27304870  0.27917480  0.31702243  0.27304870  0.27917480  0.27917480  0.26094480  0.26094480  0.31058018  0.42843269  0.42096241  0.41356589  0.44360057  0.43597824  0.45130127  0.41356589  0.42843269  0.45130127  0.41356589  
