128
95_8_0     0.00000000  0.26501189  0.31368014  0.31999257  0.24754806  0.24754806  0.24181626  0.30121291  0.30121291  0.30742054  0.28289335  0.24754806  0.32635875  0.28289335  0.28895014  0.28289335  0.29505639  0.27092500  0.27688523  0.28289335  0.37933888  0.28289335  0.23048280  0.40730647  0.37933888  0.37250742  0.35902892  0.38623332  0.25332414  0.24181626  0.27688523  0.28895014  0.33925605  0.33277960  0.33277960  0.33925605  0.33925605  0.33277960  0.35902892  0.35237970  0.35237970  0.33925605  0.34578909  0.33925605  0.33277960  0.30742054  0.31368014  0.42899074  0.26501189  0.27092500  0.26501189  0.27688523  0.28895014  0.35902892  0.37933888  0.34578909  0.34578909  0.29505639  0.37250742  0.33277960  0.37250742  0.35237970  0.34578909  0.35237970  0.33277960  0.33277960  0.33925605  0.34578909  0.33277960  0.33925605  0.35237970  0.37250742  0.36573780  0.38623332  0.37250742  0.39319193  0.40730647  0.43636086  0.36573780  0.37933888  0.38623332  0.37250742  0.42169256  0.57423675  0.36573780  0.35902892  0.38623332  0.37250742  0.45891734  0.43636086  0.43636086  0.46658995  0.49009174  0.47434210  0.59226473  0.55663319  0.56538317  0.49809273  0.43636086  0.35902892  0.38623332  0.40730647  0.39319193  0.37250742  0.39319193  0.39319193  0.40730647  0.37933888  0.40021589  0.43636086  0.42899074  0.47434210  0.44380434  0.44380434  0.44380434  0.44380434  0.42169256  0.42169256  0.38623332  0.37933888  0.37250742  0.35237970  0.31999257  0.34578909  0.32635875  0.34578909  0.34578909  0.33925605  
98_8_0     0.26501189  0.00000000  0.25332414  0.27688523  0.17104489  0.17104489  0.21931855  0.20831854  0.21379832  0.21379832  0.18150627  0.16586857  0.23048280  0.23048280  0.20287862  0.20831854  0.21931855  0.21379832  0.21379832  0.20831854  0.25914518  0.20831854  0.18679237  0.32635875  0.33277960  0.29505639  0.29505639  0.29505639  0.24754806  0.23612806  0.21379832  0.21379832  0.27092500  0.25332414  0.25332414  0.25332414  0.24181626  0.24754806  0.30121291  0.29505639  0.29505639  0.28289335  0.27688523  0.27092500  0.25914518  0.28895014  0.27092500  0.37250742  0.26501189  0.25914518  0.25914518  0.25914518  0.27092500  0.33925605  0.34578909  0.33277960  0.33277960  0.28895014  0.35237970  0.35902892  0.40730647  0.38623332  0.37933888  0.37250742  0.37250742  0.37250742  0.37250742  0.37933888  0.37250742  0.37933888  0.38623332  0.36573780  0.37250742  0.36573780  0.36573780  0.39319193  0.38623332  0.40730647  0.36573780  0.37933888  0.36573780  0.32635875  0.38623332  0.44380434  0.33925605  0.32635875  0.35237970  0.34578909  0.33925605  0.33925605  0.36573780  0.35902892  0.35902892  0.34578909  0.48217546  0.44380434  0.47434210  0.35902892  0.37933888  0.36573780  0.38623332  0.35902892  0.33925605  0.33277960  0.33925605  0.31999257  0.32635875  0.32635875  0.33277960  0.37250742  0.34578909  0.37250742  0.32635875  0.37933888  0.36573780  0.36573780  0.36573780  0.36573780  0.31368014  0.29505639  0.30742054  0.35237970  0.31999257  0.34578909  0.32635875  0.31999257  0.31999257  0.31999257  
68_8_0     0.31368014  0.25332414  0.00000000  0.20831854  0.17104489  0.17104489  0.23612806  0.23048280  0.22487984  0.22487984  0.22487984  0.18679237  0.19211610  0.24754806  0.23612806  0.23048280  0.24181626  0.24181626  0.24181626  0.23612806  0.31368014  0.23612806  0.19747800  0.35237970  0.35237970  0.33277960  0.31999257  0.30742054  0.21931855  0.23048280  0.25332414  0.24181626  0.34578909  0.28289335  0.28289335  0.28289335  0.29505639  0.28895014  0.31368014  0.30121291  0.30121291  0.31368014  0.30742054  0.30121291  0.30121291  0.30742054  0.30121291  0.40021589  0.28895014  0.29505639  0.30742054  0.29505639  0.30742054  0.32635875  0.32635875  0.29505639  0.30121291  0.27092500  0.36573780  0.37250742  0.44380434  0.40021589  0.39319193  0.39319193  0.33925605  0.33925605  0.34578909  0.33925605  0.33925605  0.34578909  0.37933888  0.38623332  0.39319193  0.39319193  0.38623332  0.35902892  0.37250742  0.41446492  0.37250742  0.40021589  0.35902892  0.35237970  0.43636086  0.44380434  0.40730647  0.39319193  0.39319193  0.38623332  0.40021589  0.39319193  0.37933888  0.39319193  0.39319193  0.39319193  0.58319641  0.56538317  0.56538317  0.45891734  0.51435621  0.38623332  0.37933888  0.35237970  0.36573780  0.37933888  0.35237970  0.37250742  0.36573780  0.36573780  0.37250742  0.43636086  0.39319193  0.37933888  0.36573780  0.37933888  0.40021589  0.40021589  0.39319193  0.39319193  0.35902892  0.36573780  0.35237970  0.35237970  0.35902892  0.31368014  0.33925605  0.30121291  0.30121291  0.31368014  
16_8_0     0.31999257  0.27688523  0.20831854  0.00000000  0.24754806  0.24754806  0.26501189  0.25914518  0.27688523  0.25332414  0.25914518  0.25914518  0.26501189  0.29505639  0.28895014  0.28289335  0.29505639  0.28289335  0.29505639  0.26501189  0.31999257  0.28895014  0.27092500  0.44380434  0.37933888  0.34578909  0.31999257  0.33277960  0.31999257  0.29505639  0.27688523  0.31999257  0.36573780  0.35237970  0.35237970  0.33925605  0.35237970  0.34578909  0.41446492  0.42169256  0.40730647  0.42169256  0.41446492  0.31368014  0.31368014  0.33277960  0.31368014  0.42899074  0.33925605  0.33277960  0.34578909  0.35902892  0.35902892  0.39319193  0.39319193  0.34578909  0.35237970  0.28289335  0.35237970  0.35237970  0.42899074  0.40730647  0.40021589  0.40730647  0.38623332  0.38623332  0.38623332  0.37933888  0.38623332  0.39319193  0.43636086  0.36573780  0.37250742  0.37250742  0.36573780  0.37933888  0.40730647  0.38623332  0.37250742  0.37250742  0.35902892  0.43636086  0.42899074  0.45132266  0.48217546  0.45891734  0.47434210  0.46658995  0.50618026  0.49009174  0.48217546  0.50618026  0.49809273  0.51435621  0.59226473  0.59226473  0.56538317  0.51435621  0.52262255  0.40021589  0.41446492  0.40021589  0.38623332  0.40730647  0.38623332  0.39319193  0.40021589  0.40021589  0.40730647  0.42899074  0.42899074  0.42169256  0.39319193  0.44380434  0.40730647  0.40730647  0.45132266  0.45132266  0.39319193  0.38623332  0.37250742  0.38623332  0.39319193  0.35237970  0.39319193  0.36573780  0.39319193  0.39319193  
46_8_0     0.24754806  0.17104489  0.17104489  0.24754806  0.00000000  0.00000000  0.11117554  0.18150627  0.18679237  0.17625729  0.14551435  0.11117554  0.16586857  0.18150627  0.17104489  0.16586857  0.17625729  0.16072784  0.16072784  0.16586857  0.27092500  0.17104489  0.10639623  0.33925605  0.33925605  0.27092500  0.27092500  0.27092500  0.19211610  0.18150627  0.19747800  0.18150627  0.25914518  0.25332414  0.25332414  0.22487984  0.23612806  0.23048280  0.26501189  0.26501189  0.25332414  0.26501189  0.25914518  0.24181626  0.24181626  0.24754806  0.23048280  0.37933888  0.23048280  0.23612806  0.23048280  0.23048280  0.24181626  0.28289335  0.28895014  0.26501189  0.26501189  0.25332414  0.31999257  0.30121291  0.35237970  0.34578909  0.33925605  0.35902892  0.28289335  0.28289335  0.28895014  0.29505639  0.28289335  0.28895014  0.30742054  0.31999257  0.32635875  0.33277960  0.31999257  0.31999257  0.33277960  0.37933888  0.36573780  0.39319193  0.33277960  0.27688523  0.37250742  0.40021589  0.33277960  0.31368014  0.33925605  0.31999257  0.36573780  0.35902892  0.35902892  0.37250742  0.40021589  0.37250742  0.53943452  0.48217546  0.48217546  0.41446492  0.45132266  0.30121291  0.31999257  0.31368014  0.30121291  0.30121291  0.28895014  0.28895014  0.30121291  0.28895014  0.30742054  0.38623332  0.31999257  0.38623332  0.36573780  0.35902892  0.33925605  0.33925605  0.35237970  0.35237970  0.28895014  0.27092500  0.28289335  0.28289335  0.26501189  0.26501189  0.28895014  0.23048280  0.23612806  0.23612806  
39_8_0     0.24754806  0.17104489  0.17104489  0.24754806  0.00000000  0.00000000  0.11117554  0.18150627  0.18679237  0.17625729  0.14551435  0.11117554  0.16586857  0.18150627  0.17104489  0.16586857  0.17625729  0.16072784  0.16072784  0.16586857  0.27092500  0.17104489  0.10639623  0.33925605  0.33925605  0.27092500  0.27092500  0.27092500  0.19211610  0.18150627  0.19747800  0.18150627  0.25914518  0.25332414  0.25332414  0.22487984  0.23612806  0.23048280  0.26501189  0.26501189  0.25332414  0.26501189  0.25914518  0.24181626  0.24181626  0.24754806  0.23048280  0.37933888  0.23048280  0.23612806  0.23048280  0.23048280  0.24181626  0.28289335  0.28895014  0.26501189  0.26501189  0.25332414  0.31999257  0.30121291  0.35237970  0.34578909  0.33925605  0.35902892  0.28289335  0.28289335  0.28895014  0.29505639  0.28289335  0.28895014  0.30742054  0.31999257  0.32635875  0.33277960  0.31999257  0.31999257  0.33277960  0.37933888  0.36573780  0.39319193  0.33277960  0.27688523  0.37250742  0.40021589  0.33277960  0.31368014  0.33925605  0.31999257  0.36573780  0.35902892  0.35902892  0.37250742  0.40021589  0.37250742  0.53943452  0.48217546  0.48217546  0.41446492  0.45132266  0.30121291  0.31999257  0.31368014  0.30121291  0.30121291  0.28895014  0.28895014  0.30121291  0.28895014  0.30742054  0.38623332  0.31999257  0.38623332  0.36573780  0.35902892  0.33925605  0.33925605  0.35237970  0.35237970  0.28895014  0.27092500  0.28289335  0.28289335  0.26501189  0.26501189  0.28895014  0.23048280  0.23612806  0.23612806  
95_0_0     0.24181626  0.21931855  0.23612806  0.26501189  0.11117554  0.11117554  0.00000000  0.16586857  0.18150627  0.16072784  0.14551435  0.10164727  0.17625729  0.23612806  0.18150627  0.17625729  0.17625729  0.18150627  0.18150627  0.16586857  0.29505639  0.18150627  0.11598559  0.34578909  0.35237970  0.24181626  0.23048280  0.24181626  0.17104489  0.17104489  0.18150627  0.18150627  0.25332414  0.23612806  0.23612806  0.23048280  0.23048280  0.22487984  0.25332414  0.25332414  0.24181626  0.23048280  0.23612806  0.22487984  0.23612806  0.23612806  0.23048280  0.37250742  0.23612806  0.24181626  0.23612806  0.22487984  0.23612806  0.28895014  0.29505639  0.25914518  0.25914518  0.25332414  0.29505639  0.27688523  0.35237970  0.33277960  0.32635875  0.35902892  0.27092500  0.27092500  0.27688523  0.28289335  0.27092500  0.27688523  0.30121291  0.34578909  0.35237970  0.33277960  0.33277960  0.31999257  0.34578909  0.37250742  0.31999257  0.33277960  0.30742054  0.28289335  0.39319193  0.45132266  0.31368014  0.31999257  0.34578909  0.32635875  0.40730647  0.41446492  0.40021589  0.39319193  0.41446492  0.40021589  0.53943452  0.50618026  0.52262255  0.42169256  0.42169256  0.30121291  0.30121291  0.30742054  0.30121291  0.30742054  0.30121291  0.30121291  0.30121291  0.30121291  0.31999257  0.41446492  0.33277960  0.35902892  0.33277960  0.35237970  0.33277960  0.33277960  0.35237970  0.35237970  0.30742054  0.28895014  0.30121291  0.27688523  0.25914518  0.24754806  0.28289335  0.23612806  0.24181626  0.24181626  
46_0_0     0.30121291  0.20831854  0.23048280  0.25914518  0.18150627  0.18150627  0.16586857  0.00000000  0.02095196  0.00414369  0.16072784  0.13554131  0.16072784  0.25332414  0.21931855  0.21379832  0.21379832  0.21931855  0.21931855  0.20287862  0.27688523  0.21931855  0.16072784  0.34578909  0.32635875  0.24754806  0.21931855  0.22487984  0.20287862  0.20287862  0.18150627  0.18150627  0.28895014  0.24181626  0.24181626  0.23048280  0.23048280  0.22487984  0.30121291  0.29505639  0.28289335  0.29505639  0.28895014  0.22487984  0.22487984  0.23048280  0.22487984  0.36573780  0.28289335  0.28895014  0.26501189  0.25914518  0.27092500  0.30121291  0.30742054  0.28289335  0.28289335  0.24181626  0.33277960  0.33277960  0.37933888  0.34578909  0.33925605  0.33925605  0.28289335  0.28289335  0.28289335  0.28895014  0.28289335  0.28895014  0.31999257  0.33277960  0.33925605  0.31999257  0.31999257  0.30742054  0.33277960  0.35902892  0.37933888  0.39319193  0.33925605  0.29505639  0.37933888  0.38623332  0.37250742  0.35902892  0.37250742  0.36573780  0.36573780  0.37933888  0.36573780  0.40730647  0.39319193  0.40730647  0.53098129  0.52262255  0.52262255  0.42169256  0.48217546  0.31999257  0.35237970  0.33277960  0.30121291  0.30742054  0.31368014  0.30742054  0.30121291  0.30121291  0.30742054  0.41446492  0.37250742  0.34578909  0.33277960  0.30121291  0.28895014  0.28895014  0.32635875  0.32635875  0.28289335  0.28895014  0.27688523  0.29505639  0.29505639  0.25332414  0.30742054  0.24181626  0.27688523  0.26501189  
46_9_0     0.30121291  0.21379832  0.22487984  0.27688523  0.18679237  0.18679237  0.18150627  0.02095196  0.00000000  0.01671434  0.17625729  0.15055120  0.16586857  0.23612806  0.22487984  0.21931855  0.21931855  0.22487984  0.21379832  0.20831854  0.27092500  0.21931855  0.16586857  0.35237970  0.34578909  0.27688523  0.24754806  0.25332414  0.19211610  0.19211610  0.18679237  0.18679237  0.30121291  0.24754806  0.24754806  0.23612806  0.23612806  0.23048280  0.30742054  0.30121291  0.28895014  0.30121291  0.29505639  0.23048280  0.21931855  0.22487984  0.21931855  0.36573780  0.27688523  0.28289335  0.27092500  0.25332414  0.26501189  0.30742054  0.31368014  0.28895014  0.28895014  0.22487984  0.34578909  0.34578909  0.37933888  0.34578909  0.33925605  0.33925605  0.28289335  0.28289335  0.28289335  0.28895014  0.28289335  0.28895014  0.31999257  0.34578909  0.35237970  0.33277960  0.33277960  0.31999257  0.33277960  0.37250742  0.37933888  0.39319193  0.35237970  0.28895014  0.38623332  0.39319193  0.39319193  0.36573780  0.37933888  0.38623332  0.38623332  0.38623332  0.37250742  0.41446492  0.40021589  0.41446492  0.53943452  0.51435621  0.53098129  0.44380434  0.49009174  0.32635875  0.35902892  0.33925605  0.31999257  0.31368014  0.30742054  0.31368014  0.30742054  0.30742054  0.31368014  0.42899074  0.36573780  0.37933888  0.36573780  0.31368014  0.30742054  0.30742054  0.33277960  0.33277960  0.28895014  0.29505639  0.28289335  0.31368014  0.31368014  0.27092500  0.32635875  0.25914518  0.29505639  0.28289335  
39_0_0     0.30742054  0.21379832  0.22487984  0.25332414  0.17625729  0.17625729  0.16072784  0.00414369  0.01671434  0.00000000  0.15562221  0.13060422  0.15562221  0.24754806  0.21379832  0.20831854  0.20831854  0.21379832  0.21379832  0.19747800  0.27092500  0.21379832  0.15562221  0.35237970  0.33277960  0.25332414  0.22487984  0.23048280  0.19747800  0.19747800  0.18679237  0.18679237  0.29505639  0.24754806  0.24754806  0.23612806  0.23612806  0.23048280  0.30742054  0.30121291  0.28895014  0.30121291  0.29505639  0.21931855  0.21931855  0.22487984  0.21931855  0.35902892  0.27688523  0.28289335  0.27092500  0.25332414  0.26501189  0.29505639  0.30121291  0.27688523  0.27688523  0.23612806  0.32635875  0.32635875  0.37250742  0.33925605  0.33277960  0.34578909  0.28895014  0.28895014  0.28895014  0.29505639  0.28895014  0.29505639  0.32635875  0.33925605  0.34578909  0.32635875  0.32635875  0.31368014  0.33925605  0.36573780  0.38623332  0.40021589  0.34578909  0.30121291  0.38623332  0.37933888  0.37933888  0.36573780  0.37933888  0.37250742  0.37250742  0.38623332  0.37250742  0.41446492  0.40021589  0.41446492  0.53943452  0.51435621  0.51435621  0.42899074  0.49009174  0.32635875  0.35902892  0.33925605  0.30742054  0.31368014  0.30742054  0.31368014  0.30742054  0.30742054  0.31368014  0.42169256  0.36573780  0.35237970  0.33925605  0.30121291  0.29505639  0.29505639  0.33277960  0.33277960  0.28895014  0.29505639  0.28289335  0.30121291  0.30121291  0.25914518  0.31368014  0.24754806  0.28289335  0.27092500  
16_0_0     0.28289335  0.18150627  0.22487984  0.25914518  0.14551435  0.14551435  0.14551435  0.16072784  0.17625729  0.15562221  0.00000000  0.05574626  0.13554131  0.19747800  0.16586857  0.17104489  0.17104489  0.15562221  0.16586857  0.16072784  0.28289335  0.17625729  0.13554131  0.36573780  0.37250742  0.31368014  0.28895014  0.27688523  0.20287862  0.21379832  0.19747800  0.19747800  0.27092500  0.27688523  0.27688523  0.24754806  0.24754806  0.24181626  0.33925605  0.31999257  0.30742054  0.30742054  0.30121291  0.23048280  0.23048280  0.24754806  0.24181626  0.33277960  0.27092500  0.26501189  0.26501189  0.26501189  0.26501189  0.24181626  0.24754806  0.23048280  0.23612806  0.25914518  0.33925605  0.30742054  0.37933888  0.37250742  0.36573780  0.39319193  0.32635875  0.32635875  0.32635875  0.31999257  0.31368014  0.31999257  0.33925605  0.34578909  0.35237970  0.34578909  0.33277960  0.35902892  0.37250742  0.36573780  0.34578909  0.35902892  0.31368014  0.30742054  0.37933888  0.37933888  0.33277960  0.31999257  0.33277960  0.32635875  0.39319193  0.38623332  0.38623332  0.38623332  0.41446492  0.40021589  0.55663319  0.51435621  0.49809273  0.38623332  0.45891734  0.30742054  0.32635875  0.31368014  0.29505639  0.31368014  0.29505639  0.29505639  0.29505639  0.30742054  0.30121291  0.42169256  0.37933888  0.37933888  0.35902892  0.37933888  0.33277960  0.33277960  0.34578909  0.34578909  0.31368014  0.30742054  0.29505639  0.31368014  0.30742054  0.27092500  0.30742054  0.26501189  0.27688523  0.27688523  
68_0_0     0.24754806  0.16586857  0.18679237  0.25914518  0.11117554  0.11117554  0.10164727  0.13554131  0.15055120  0.13060422  0.05574626  0.00000000  0.11598559  0.19211610  0.14051120  0.13554131  0.13554131  0.14051120  0.14051120  0.12569952  0.25332414  0.14051120  0.10164727  0.31999257  0.31368014  0.27092500  0.24754806  0.23612806  0.17625729  0.17625729  0.17104489  0.18150627  0.25332414  0.25914518  0.25914518  0.25332414  0.25332414  0.24754806  0.28895014  0.27092500  0.27092500  0.27092500  0.26501189  0.21379832  0.21379832  0.21931855  0.21379832  0.33925605  0.24181626  0.24754806  0.23048280  0.21931855  0.24181626  0.26501189  0.27092500  0.23612806  0.23612806  0.26501189  0.30742054  0.28895014  0.35902892  0.32635875  0.31999257  0.37250742  0.29505639  0.29505639  0.30121291  0.30742054  0.28289335  0.28895014  0.30742054  0.32635875  0.33277960  0.31368014  0.31368014  0.31368014  0.33925605  0.36573780  0.34578909  0.37250742  0.30121291  0.30742054  0.40730647  0.41446492  0.31999257  0.31999257  0.33277960  0.32635875  0.38623332  0.37933888  0.39319193  0.39319193  0.40730647  0.39319193  0.59226473  0.54798441  0.53098129  0.43636086  0.48217546  0.29505639  0.29505639  0.28895014  0.27092500  0.27688523  0.27092500  0.27092500  0.28289335  0.27092500  0.28895014  0.40021589  0.32635875  0.32635875  0.30742054  0.33925605  0.30121291  0.30121291  0.34578909  0.34578909  0.28895014  0.28289335  0.27092500  0.30742054  0.30121291  0.27688523  0.30121291  0.24754806  0.25914518  0.25914518  
98_0_0     0.32635875  0.23048280  0.19211610  0.26501189  0.16586857  0.16586857  0.17625729  0.16072784  0.16586857  0.15562221  0.13554131  0.11598559  0.00000000  0.22487984  0.21379832  0.20831854  0.20831854  0.20287862  0.20287862  0.19747800  0.31999257  0.21379832  0.17104489  0.37250742  0.34578909  0.27688523  0.26501189  0.26501189  0.21931855  0.20831854  0.21379832  0.23048280  0.27688523  0.25332414  0.25332414  0.24754806  0.25914518  0.25332414  0.32635875  0.32635875  0.32635875  0.31368014  0.30742054  0.24754806  0.24754806  0.26501189  0.24754806  0.33925605  0.28895014  0.29505639  0.28895014  0.27688523  0.27688523  0.30121291  0.30742054  0.28289335  0.28289335  0.23612806  0.31368014  0.30121291  0.35902892  0.35237970  0.34578909  0.32635875  0.28289335  0.28289335  0.28289335  0.28289335  0.28289335  0.28895014  0.29505639  0.33925605  0.34578909  0.33925605  0.32635875  0.31999257  0.32635875  0.37250742  0.35237970  0.37933888  0.33925605  0.32635875  0.42169256  0.42899074  0.34578909  0.32635875  0.33925605  0.34578909  0.40021589  0.37933888  0.39319193  0.40730647  0.42169256  0.42169256  0.52262255  0.49809273  0.49809273  0.40021589  0.49809273  0.35237970  0.35902892  0.33925605  0.31999257  0.33925605  0.31999257  0.32635875  0.31999257  0.33277960  0.32635875  0.45132266  0.38623332  0.37250742  0.35902892  0.37250742  0.36573780  0.36573780  0.36573780  0.36573780  0.32635875  0.33277960  0.30742054  0.31368014  0.30742054  0.27688523  0.30121291  0.25914518  0.28895014  0.28895014  
89_0_0     0.28289335  0.23048280  0.24754806  0.29505639  0.18150627  0.18150627  0.23612806  0.25332414  0.23612806  0.24754806  0.19747800  0.19211610  0.22487984  0.00000000  0.06021162  0.06470382  0.07376998  0.06922316  0.06922316  0.07376998  0.18150627  0.06470382  0.18150627  0.30742054  0.37250742  0.28289335  0.26501189  0.26501189  0.21931855  0.23048280  0.23612806  0.24754806  0.27092500  0.27092500  0.27092500  0.25332414  0.26501189  0.25914518  0.32635875  0.31999257  0.30742054  0.31999257  0.31368014  0.26501189  0.25332414  0.24754806  0.23048280  0.34578909  0.28895014  0.29505639  0.28289335  0.29505639  0.29505639  0.29505639  0.28895014  0.26501189  0.26501189  0.24754806  0.34578909  0.32635875  0.33925605  0.33277960  0.32635875  0.36573780  0.33277960  0.33277960  0.33277960  0.32635875  0.33277960  0.33925605  0.33925605  0.33925605  0.34578909  0.34578909  0.34578909  0.34578909  0.35902892  0.35902892  0.34578909  0.35902892  0.36573780  0.33277960  0.41446492  0.51435621  0.40730647  0.36573780  0.37933888  0.38623332  0.36573780  0.35237970  0.35237970  0.38623332  0.40021589  0.38623332  0.53943452  0.47434210  0.49009174  0.40730647  0.51435621  0.35237970  0.34578909  0.33277960  0.30121291  0.30742054  0.28895014  0.28895014  0.30121291  0.30121291  0.30742054  0.44380434  0.37250742  0.39319193  0.35237970  0.39319193  0.35237970  0.35237970  0.34578909  0.34578909  0.33277960  0.32635875  0.31368014  0.33925605  0.33277960  0.30121291  0.33925605  0.28895014  0.30121291  0.30121291  
51_0_0     0.28895014  0.20287862  0.23612806  0.28895014  0.17104489  0.17104489  0.18150627  0.21931855  0.22487984  0.21379832  0.16586857  0.14051120  0.21379832  0.06021162  0.00000000  0.00414369  0.01250060  0.02521374  0.02521374  0.02095196  0.13060422  0.00831047  0.13554131  0.29505639  0.32635875  0.23612806  0.19747800  0.19747800  0.18150627  0.19211610  0.20287862  0.20287862  0.23612806  0.25914518  0.25914518  0.24181626  0.24181626  0.23612806  0.28895014  0.28289335  0.27092500  0.27092500  0.26501189  0.23048280  0.23048280  0.24754806  0.23048280  0.30742054  0.27688523  0.28289335  0.25914518  0.27092500  0.27092500  0.29505639  0.28895014  0.27688523  0.27688523  0.23612806  0.30121291  0.29505639  0.31999257  0.31368014  0.30742054  0.35902892  0.30121291  0.30121291  0.30742054  0.30121291  0.30121291  0.30742054  0.30742054  0.30742054  0.31368014  0.30121291  0.31368014  0.31368014  0.32635875  0.35902892  0.34578909  0.35902892  0.33925605  0.30121291  0.40021589  0.47434210  0.34578909  0.34578909  0.33277960  0.32635875  0.35902892  0.36573780  0.35237970  0.35902892  0.35902892  0.34578909  0.53943452  0.47434210  0.47434210  0.38623332  0.45891734  0.32635875  0.30742054  0.30121291  0.27688523  0.28289335  0.26501189  0.27688523  0.27688523  0.27688523  0.28289335  0.42169256  0.34578909  0.36573780  0.33925605  0.36573780  0.32635875  0.32635875  0.33277960  0.33277960  0.31999257  0.31368014  0.30121291  0.27688523  0.28289335  0.25914518  0.28289335  0.24754806  0.25914518  0.25914518  
89_7_0     0.28289335  0.20831854  0.23048280  0.28289335  0.16586857  0.16586857  0.17625729  0.21379832  0.21931855  0.20831854  0.17104489  0.13554131  0.20831854  0.06470382  0.00414369  0.00000000  0.00831047  0.02095196  0.02095196  0.01671434  0.12569952  0.00414369  0.14051120  0.29505639  0.32635875  0.24181626  0.20287862  0.20287862  0.18679237  0.18679237  0.20831854  0.20831854  0.24181626  0.26501189  0.26501189  0.24754806  0.24754806  0.24181626  0.29505639  0.28895014  0.27688523  0.27688523  0.27092500  0.23612806  0.23612806  0.25332414  0.23612806  0.31368014  0.28289335  0.28895014  0.26501189  0.27688523  0.27688523  0.30121291  0.29505639  0.28289335  0.28289335  0.24181626  0.30742054  0.30121291  0.32635875  0.31999257  0.31368014  0.36573780  0.30742054  0.30742054  0.31368014  0.30742054  0.30742054  0.31368014  0.31368014  0.31368014  0.31999257  0.30742054  0.31999257  0.31999257  0.33277960  0.35237970  0.33925605  0.35237970  0.34578909  0.30742054  0.40730647  0.46658995  0.35237970  0.35237970  0.33925605  0.33277960  0.36573780  0.37250742  0.35902892  0.36573780  0.36573780  0.35237970  0.54798441  0.48217546  0.48217546  0.39319193  0.46658995  0.31999257  0.30121291  0.29505639  0.27092500  0.27688523  0.25914518  0.27092500  0.27092500  0.27092500  0.27688523  0.41446492  0.33925605  0.35902892  0.33277960  0.35902892  0.32635875  0.32635875  0.33925605  0.33925605  0.31368014  0.30742054  0.29505639  0.28289335  0.28895014  0.26501189  0.28895014  0.25332414  0.26501189  0.26501189  
51_7_0     0.29505639  0.21931855  0.24181626  0.29505639  0.17625729  0.17625729  0.17625729  0.21379832  0.21931855  0.20831854  0.17104489  0.13554131  0.20831854  0.07376998  0.01250060  0.00831047  0.00000000  0.02949994  0.02949994  0.02521374  0.13554131  0.01250060  0.14051120  0.30121291  0.33277960  0.24181626  0.20287862  0.20287862  0.19747800  0.19747800  0.20831854  0.21931855  0.25332414  0.26501189  0.26501189  0.24754806  0.24754806  0.24181626  0.29505639  0.28895014  0.27688523  0.27688523  0.27092500  0.23612806  0.23612806  0.25332414  0.23612806  0.31368014  0.29505639  0.30121291  0.27688523  0.27688523  0.28895014  0.29505639  0.28895014  0.27688523  0.27688523  0.25332414  0.30742054  0.30121291  0.33925605  0.33277960  0.32635875  0.36573780  0.30742054  0.30742054  0.31368014  0.30742054  0.30742054  0.31368014  0.31368014  0.32635875  0.33277960  0.30742054  0.31999257  0.31999257  0.33277960  0.36573780  0.35237970  0.36573780  0.34578909  0.31999257  0.42169256  0.46658995  0.35237970  0.36573780  0.35237970  0.34578909  0.37933888  0.38623332  0.37250742  0.37933888  0.37933888  0.36573780  0.53943452  0.48217546  0.48217546  0.40730647  0.48217546  0.31999257  0.30121291  0.29505639  0.27092500  0.27688523  0.25914518  0.27092500  0.27092500  0.27092500  0.27688523  0.41446492  0.33925605  0.35237970  0.33277960  0.35237970  0.32635875  0.32635875  0.33925605  0.33925605  0.31368014  0.30742054  0.29505639  0.29505639  0.30121291  0.27688523  0.30121291  0.26501189  0.27688523  0.27688523  
28_0_0     0.27092500  0.21379832  0.24181626  0.28289335  0.16072784  0.16072784  0.18150627  0.21931855  0.22487984  0.21379832  0.15562221  0.14051120  0.20287862  0.06922316  0.02521374  0.02095196  0.02949994  0.00000000  0.01671434  0.02095196  0.15055120  0.02521374  0.13554131  0.31368014  0.32635875  0.27092500  0.23048280  0.21931855  0.20287862  0.20287862  0.21379832  0.21379832  0.25914518  0.27092500  0.27092500  0.25332414  0.25332414  0.24754806  0.32635875  0.30742054  0.29505639  0.29505639  0.28895014  0.24181626  0.24181626  0.25914518  0.24181626  0.31999257  0.27688523  0.28289335  0.25914518  0.27092500  0.27092500  0.29505639  0.30121291  0.28895014  0.28895014  0.24754806  0.30121291  0.30742054  0.35902892  0.33925605  0.33277960  0.37250742  0.31368014  0.31368014  0.31999257  0.31368014  0.31368014  0.31999257  0.31368014  0.31999257  0.32635875  0.33925605  0.32635875  0.32635875  0.33925605  0.35902892  0.34578909  0.35902892  0.36573780  0.30742054  0.43636086  0.48217546  0.36573780  0.35237970  0.35237970  0.34578909  0.38623332  0.37933888  0.36573780  0.38623332  0.40021589  0.37250742  0.54798441  0.49809273  0.49809273  0.41446492  0.48217546  0.31368014  0.30121291  0.29505639  0.28895014  0.29505639  0.27688523  0.27688523  0.28895014  0.28895014  0.29505639  0.42169256  0.35902892  0.36573780  0.33925605  0.36573780  0.33277960  0.33277960  0.34578909  0.34578909  0.30742054  0.30121291  0.28895014  0.31368014  0.30742054  0.27092500  0.29505639  0.25914518  0.27092500  0.27092500  
91_0_0     0.27688523  0.21379832  0.24181626  0.29505639  0.16072784  0.16072784  0.18150627  0.21931855  0.21379832  0.21379832  0.16586857  0.14051120  0.20287862  0.06922316  0.02521374  0.02095196  0.02949994  0.01671434  0.00000000  0.02095196  0.15055120  0.02521374  0.14551435  0.30121291  0.33925605  0.27092500  0.23048280  0.21931855  0.19747800  0.19747800  0.21379832  0.21379832  0.25914518  0.27092500  0.27092500  0.24181626  0.24181626  0.23612806  0.32635875  0.30742054  0.29505639  0.29505639  0.28895014  0.24181626  0.24181626  0.25914518  0.24181626  0.31999257  0.28895014  0.29505639  0.27092500  0.28289335  0.28289335  0.29505639  0.30121291  0.30121291  0.30121291  0.24754806  0.31368014  0.31999257  0.35902892  0.33925605  0.33277960  0.37250742  0.31368014  0.31368014  0.31999257  0.31368014  0.31368014  0.31999257  0.31368014  0.31999257  0.32635875  0.32635875  0.32635875  0.32635875  0.33925605  0.35902892  0.33277960  0.34578909  0.36573780  0.31368014  0.42899074  0.47434210  0.35902892  0.34578909  0.34578909  0.33925605  0.38623332  0.39319193  0.37933888  0.40021589  0.40021589  0.38623332  0.54798441  0.49809273  0.49809273  0.41446492  0.46658995  0.32635875  0.31368014  0.30742054  0.30121291  0.30742054  0.28895014  0.28895014  0.30121291  0.30121291  0.30742054  0.42169256  0.35902892  0.37933888  0.35237970  0.37933888  0.31999257  0.31999257  0.34578909  0.34578909  0.31999257  0.31368014  0.30121291  0.31368014  0.30742054  0.28289335  0.30742054  0.27092500  0.28289335  0.28289335  
90_0_0     0.28289335  0.20831854  0.23612806  0.26501189  0.16586857  0.16586857  0.16586857  0.20287862  0.20831854  0.19747800  0.16072784  0.12569952  0.19747800  0.07376998  0.02095196  0.01671434  0.02521374  0.02095196  0.02095196  0.00000000  0.14551435  0.02095196  0.13060422  0.29505639  0.31999257  0.24181626  0.20287862  0.20287862  0.19211610  0.19211610  0.19747800  0.19747800  0.25332414  0.26501189  0.26501189  0.24754806  0.24754806  0.24181626  0.31999257  0.30121291  0.28895014  0.28895014  0.28289335  0.22487984  0.22487984  0.24181626  0.22487984  0.30742054  0.27092500  0.27688523  0.24181626  0.26501189  0.26501189  0.28895014  0.29505639  0.28289335  0.28289335  0.23048280  0.31999257  0.31368014  0.35237970  0.33277960  0.32635875  0.37933888  0.31999257  0.31999257  0.32635875  0.31999257  0.31999257  0.32635875  0.31999257  0.32635875  0.33277960  0.33277960  0.33277960  0.33277960  0.34578909  0.35237970  0.33925605  0.35237970  0.33277960  0.29505639  0.42169256  0.45132266  0.36573780  0.35237970  0.35237970  0.34578909  0.36573780  0.37250742  0.35902892  0.37933888  0.37933888  0.36573780  0.55663319  0.50618026  0.48217546  0.40730647  0.45891734  0.30742054  0.28289335  0.27688523  0.28289335  0.28895014  0.27092500  0.27092500  0.28289335  0.28289335  0.28895014  0.41446492  0.33925605  0.34578909  0.31999257  0.37250742  0.31368014  0.31368014  0.35237970  0.35237970  0.30121291  0.29505639  0.28289335  0.30742054  0.30121291  0.26501189  0.28895014  0.25332414  0.26501189  0.26501189  
43_0_0     0.37933888  0.25914518  0.31368014  0.31999257  0.27092500  0.27092500  0.29505639  0.27688523  0.27092500  0.27092500  0.28289335  0.25332414  0.31999257  0.18150627  0.13060422  0.12569952  0.13554131  0.15055120  0.15055120  0.14551435  0.00000000  0.12569952  0.25914518  0.37250742  0.41446492  0.32635875  0.29505639  0.30742054  0.27688523  0.27688523  0.27688523  0.28895014  0.28895014  0.32635875  0.32635875  0.30742054  0.29505639  0.30121291  0.35237970  0.36573780  0.35237970  0.35237970  0.34578909  0.25914518  0.24754806  0.27688523  0.27092500  0.37250742  0.33925605  0.33277960  0.32635875  0.33925605  0.33925605  0.42169256  0.42899074  0.40021589  0.40021589  0.29505639  0.41446492  0.39319193  0.41446492  0.37933888  0.37250742  0.45891734  0.37933888  0.37933888  0.37933888  0.37250742  0.38623332  0.39319193  0.42899074  0.37250742  0.37933888  0.36573780  0.37933888  0.38623332  0.40730647  0.40021589  0.39319193  0.39319193  0.38623332  0.39319193  0.42899074  0.47434210  0.39319193  0.41446492  0.40021589  0.40730647  0.39319193  0.40021589  0.39319193  0.41446492  0.41446492  0.42899074  0.52262255  0.49009174  0.50618026  0.41446492  0.49009174  0.41446492  0.37933888  0.36573780  0.33925605  0.34578909  0.32635875  0.33925605  0.33925605  0.33925605  0.34578909  0.42899074  0.40021589  0.44380434  0.39319193  0.40730647  0.37250742  0.37250742  0.40021589  0.40021589  0.39319193  0.38623332  0.38623332  0.36573780  0.35902892  0.35237970  0.38623332  0.32635875  0.36573780  0.36573780  
83_0_0     0.28289335  0.20831854  0.23612806  0.28895014  0.17104489  0.17104489  0.18150627  0.21931855  0.21931855  0.21379832  0.17625729  0.14051120  0.21379832  0.06470382  0.00831047  0.00414369  0.01250060  0.02521374  0.02521374  0.02095196  0.12569952  0.00000000  0.14551435  0.30121291  0.33277960  0.24754806  0.20831854  0.20831854  0.18679237  0.18679237  0.20831854  0.20831854  0.24181626  0.26501189  0.26501189  0.24754806  0.24754806  0.24181626  0.29505639  0.28895014  0.27688523  0.27688523  0.27092500  0.24181626  0.23612806  0.25332414  0.23612806  0.30742054  0.28289335  0.28895014  0.26501189  0.27688523  0.27688523  0.30742054  0.30121291  0.28895014  0.28895014  0.24181626  0.30121291  0.29505639  0.31999257  0.31368014  0.30742054  0.35902892  0.30121291  0.30121291  0.30742054  0.30121291  0.30121291  0.30742054  0.30742054  0.30742054  0.31368014  0.30121291  0.31368014  0.31368014  0.32635875  0.35237970  0.33925605  0.35237970  0.34578909  0.30742054  0.40730647  0.47434210  0.35902892  0.35237970  0.33925605  0.33925605  0.37250742  0.37250742  0.35902892  0.36573780  0.36573780  0.35237970  0.54798441  0.48217546  0.49009174  0.39319193  0.46658995  0.32635875  0.30742054  0.30121291  0.27092500  0.27688523  0.25914518  0.27092500  0.27092500  0.27092500  0.27688523  0.41446492  0.33925605  0.36573780  0.33925605  0.35902892  0.32635875  0.32635875  0.33925605  0.33925605  0.31368014  0.30742054  0.29505639  0.28895014  0.29505639  0.27092500  0.29505639  0.25914518  0.27092500  0.27092500  
32_0_0     0.23048280  0.18679237  0.19747800  0.27092500  0.10639623  0.10639623  0.11598559  0.16072784  0.16586857  0.15562221  0.13554131  0.10164727  0.17104489  0.18150627  0.13554131  0.14051120  0.14051120  0.13554131  0.14551435  0.13060422  0.25914518  0.14551435  0.00000000  0.31368014  0.31999257  0.27688523  0.22487984  0.23048280  0.16072784  0.16072784  0.15562221  0.16586857  0.27092500  0.23048280  0.23048280  0.22487984  0.22487984  0.21931855  0.27092500  0.25332414  0.24181626  0.25332414  0.24754806  0.20831854  0.20831854  0.21931855  0.20287862  0.30742054  0.19747800  0.20287862  0.19211610  0.18150627  0.20287862  0.24754806  0.24181626  0.21931855  0.21931855  0.23612806  0.26501189  0.25914518  0.33277960  0.33925605  0.33277960  0.31368014  0.25332414  0.25332414  0.25914518  0.26501189  0.25332414  0.25914518  0.24181626  0.29505639  0.30121291  0.29505639  0.28289335  0.28289335  0.29505639  0.37933888  0.34578909  0.37250742  0.31368014  0.25914518  0.35902892  0.42169256  0.29505639  0.29505639  0.30121291  0.28895014  0.33277960  0.33925605  0.32635875  0.34578909  0.37250742  0.34578909  0.53098129  0.48217546  0.48217546  0.38623332  0.40021589  0.29505639  0.28895014  0.27092500  0.26501189  0.24754806  0.25332414  0.25332414  0.26501189  0.25332414  0.27092500  0.37250742  0.28289335  0.33925605  0.33925605  0.33925605  0.29505639  0.29505639  0.30121291  0.30121291  0.27688523  0.25914518  0.25914518  0.27092500  0.25914518  0.23048280  0.25914518  0.20831854  0.21379832  0.21379832  
76_0_0     0.40730647  0.32635875  0.35237970  0.44380434  0.33925605  0.33925605  0.34578909  0.34578909  0.35237970  0.35237970  0.36573780  0.31999257  0.37250742  0.30742054  0.29505639  0.29505639  0.30121291  0.31368014  0.30121291  0.29505639  0.37250742  0.30121291  0.31368014  0.00000000  0.17104489  0.33925605  0.31999257  0.31368014  0.29505639  0.33277960  0.30742054  0.30742054  0.37250742  0.27688523  0.27688523  0.27092500  0.27092500  0.26501189  0.28289335  0.26501189  0.26501189  0.25332414  0.24754806  0.28895014  0.30121291  0.31999257  0.30121291  0.44380434  0.35902892  0.35237970  0.32635875  0.32635875  0.35237970  0.35902892  0.37250742  0.37250742  0.37250742  0.31999257  0.41446492  0.40730647  0.38623332  0.42169256  0.41446492  0.44380434  0.32635875  0.32635875  0.32635875  0.33277960  0.32635875  0.33277960  0.40730647  0.35902892  0.36573780  0.35902892  0.35902892  0.35237970  0.36573780  0.42899074  0.42899074  0.40021589  0.49809273  0.36573780  0.41446492  0.48217546  0.37933888  0.40021589  0.40021589  0.38623332  0.42169256  0.45891734  0.48217546  0.44380434  0.44380434  0.44380434  0.57423675  0.56538317  0.60144438  0.49809273  0.47434210  0.42899074  0.44380434  0.40021589  0.40021589  0.38623332  0.40021589  0.40021589  0.37250742  0.38623332  0.39319193  0.42169256  0.42169256  0.37250742  0.39319193  0.42899074  0.45891734  0.45891734  0.44380434  0.44380434  0.38623332  0.37933888  0.38623332  0.39319193  0.41446492  0.37250742  0.37250742  0.34578909  0.35237970  0.33925605  
29_0_0     0.37933888  0.33277960  0.35237970  0.37933888  0.33925605  0.33925605  0.35237970  0.32635875  0.34578909  0.33277960  0.37250742  0.31368014  0.34578909  0.37250742  0.32635875  0.32635875  0.33277960  0.32635875  0.33925605  0.31999257  0.41446492  0.33277960  0.31999257  0.17104489  0.00000000  0.36573780  0.35237970  0.33277960  0.34578909  0.37250742  0.31368014  0.31999257  0.42169256  0.37933888  0.37933888  0.37250742  0.37250742  0.36573780  0.31999257  0.31368014  0.31368014  0.32635875  0.31999257  0.38623332  0.40021589  0.39319193  0.38623332  0.48217546  0.40021589  0.40730647  0.37933888  0.39319193  0.37933888  0.40021589  0.41446492  0.41446492  0.41446492  0.37250742  0.40730647  0.40021589  0.45132266  0.42899074  0.43636086  0.43636086  0.34578909  0.34578909  0.35237970  0.35902892  0.34578909  0.35237970  0.38623332  0.38623332  0.39319193  0.40021589  0.38623332  0.37250742  0.35902892  0.43636086  0.45132266  0.43636086  0.47434210  0.38623332  0.47434210  0.50618026  0.42169256  0.42169256  0.42899074  0.41446492  0.47434210  0.45891734  0.46658995  0.46658995  0.46658995  0.45132266  0.56538317  0.60144438  0.62014881  0.53943452  0.53943452  0.42899074  0.42169256  0.40730647  0.42169256  0.40730647  0.42169256  0.42899074  0.40730647  0.40730647  0.41446492  0.46658995  0.44380434  0.42169256  0.43636086  0.43636086  0.47434210  0.47434210  0.45132266  0.45132266  0.37250742  0.37933888  0.39319193  0.37933888  0.40021589  0.38623332  0.39319193  0.37250742  0.37933888  0.37933888  
