181
17_0_0     0.00000000  0.00874854  0.05415905  0.10262473  0.16544409  0.32386631  0.52722693  0.52722693  0.50937634  0.50937634  0.58359575  0.62378387  0.56431205  0.54553095  0.56431205  0.52722693  0.60340969  0.62378387  0.62378387  0.62378387  0.68860889  0.68860889  0.66634629  0.62378387  0.62378387  0.64475089  0.71158125  0.60340969  0.56431205  0.60340969  0.58359575  0.58359575  0.49195726  0.64475089  0.60340969  0.56431205  0.78524891  0.66634629  0.66634629  0.83890783  0.62378387  0.66634629  0.64475089  0.58359575  0.68860889  0.71158125  0.60340969  0.64475089  0.60340969  0.52722693  0.58359575  0.62378387  0.54553095  0.64475089  0.78524891  0.75984701  0.75984701  0.83890783  0.81157904  0.92772376  0.92772376  0.92772376  0.89688605  0.86731401  0.86731401  0.99366485  0.95994032  0.92772376  0.92772376  0.92772376  0.89688605  0.81157904  0.81157904  1.06625328  0.95994032  0.68860889  0.71158125  0.78524891  0.73531012  0.73531012  0.81157904  0.66634629  0.71158125  0.71158125  0.86731401  0.78524891  0.78524891  0.78524891  0.68860889  0.81157904  0.78524891  0.75984701  0.68860889  0.62378387  0.71158125  0.66634629  0.66634629  0.68860889  0.64475089  0.99366485  0.89688605  0.86731401  0.92772376  0.75984701  0.75984701  0.71158125  0.75984701  0.86731401  0.86731401  0.81157904  0.73531012  1.06625328  0.86731401  0.86731401  0.86731401  0.89688605  0.86731401  0.73531012  0.81157904  0.73531012  0.56431205  0.81157904  0.75984701  0.81157904  0.95994032  0.92772376  0.95994032  0.86731401  1.02904547  0.95994032  0.95994032  1.02904547  0.99366485  1.10548732  1.10548732  1.14698105  1.10548732  1.06625328  0.99366485  1.14698105  1.14698105  0.75984701  0.68860889  0.68860889  0.81157904  0.71158125  0.75984701  0.73531012  0.71158125  0.81157904  0.86731401  0.78524891  0.75984701  0.83890783  0.60340969  0.60340969  0.68860889  0.68860889  0.68860889  0.78524891  0.89688605  0.89688605  0.89688605  0.83890783  0.75984701  0.75984701  0.83890783  0.95994032  0.73531012  0.83890783  0.83890783  1.02904547  0.81157904  0.81157904  0.81157904  0.78524891  0.78524891  0.75984701  0.66634629  0.66634629  0.75984701  
9_0_0      0.00874854  0.00000000  0.06359492  0.11272165  0.17646778  0.33762650  0.54553095  0.54553095  0.52722693  0.52722693  0.60340969  0.64475089  0.58359575  0.56431205  0.58359575  0.54553095  0.62378387  0.64475089  0.64475089  0.64475089  0.71158125  0.71158125  0.68860889  0.64475089  0.64475089  0.66634629  0.73531012  0.62378387  0.58359575  0.62378387  0.60340969  0.60340969  0.50937634  0.66634629  0.62378387  0.58359575  0.81157904  0.68860889  0.68860889  0.86731401  0.64475089  0.68860889  0.66634629  0.60340969  0.71158125  0.73531012  0.62378387  0.66634629  0.62378387  0.54553095  0.60340969  0.64475089  0.56431205  0.66634629  0.81157904  0.78524891  0.78524891  0.86731401  0.83890783  0.95994032  0.95994032  0.95994032  0.92772376  0.89688605  0.89688605  1.02904547  0.99366485  0.95994032  0.95994032  0.95994032  0.92772376  0.83890783  0.83890783  1.10548732  0.99366485  0.71158125  0.73531012  0.81157904  0.75984701  0.75984701  0.83890783  0.68860889  0.73531012  0.73531012  0.89688605  0.81157904  0.81157904  0.81157904  0.71158125  0.83890783  0.81157904  0.78524891  0.71158125  0.64475089  0.73531012  0.68860889  0.68860889  0.71158125  0.66634629  1.02904547  0.92772376  0.89688605  0.95994032  0.78524891  0.78524891  0.73531012  0.78524891  0.89688605  0.89688605  0.83890783  0.75984701  1.10548732  0.89688605  0.89688605  0.89688605  0.92772376  0.89688605  0.75984701  0.83890783  0.75984701  0.58359575  0.83890783  0.78524891  0.83890783  0.92772376  0.95994032  0.99366485  0.89688605  1.06625328  0.99366485  0.99366485  1.06625328  1.02904547  1.14698105  1.14698105  1.19101077  1.14698105  1.10548732  1.02904547  1.19101077  1.10548732  0.73531012  0.66634629  0.66634629  0.83890783  0.73531012  0.78524891  0.75984701  0.73531012  0.83890783  0.89688605  0.81157904  0.78524891  0.86731401  0.62378387  0.62378387  0.71158125  0.71158125  0.71158125  0.75984701  0.86731401  0.86731401  0.86731401  0.81157904  0.73531012  0.73531012  0.81157904  0.92772376  0.75984701  0.86731401  0.86731401  1.06625328  0.83890783  0.83890783  0.83890783  0.81157904  0.81157904  0.78524891  0.68860889  0.68860889  0.78524891  
20_0_0     0.05415905  0.06359492  0.00000000  0.08284562  0.14389008  0.27131157  0.56431205  0.52722693  0.50937634  0.47494932  0.62378387  0.66634629  0.60340969  0.62378387  0.64475089  0.60340969  0.64475089  0.66634629  0.66634629  0.66634629  0.73531012  0.73531012  0.66634629  0.66634629  0.66634629  0.73531012  0.71158125  0.64475089  0.56431205  0.60340969  0.62378387  0.62378387  0.49195726  0.64475089  0.56431205  0.52722693  0.78524891  0.66634629  0.66634629  0.73531012  0.62378387  0.66634629  0.64475089  0.58359575  0.64475089  0.66634629  0.56431205  0.60340969  0.54553095  0.50937634  0.54553095  0.54553095  0.47494932  0.56431205  0.73531012  0.71158125  0.66634629  0.81157904  0.81157904  0.75984701  0.92772376  0.92772376  0.89688605  0.86731401  0.86731401  0.92772376  0.89688605  0.92772376  0.92772376  0.86731401  0.86731401  0.78524891  0.78524891  0.95994032  0.92772376  0.68860889  0.71158125  0.78524891  0.73531012  0.78524891  0.81157904  0.71158125  0.71158125  0.71158125  0.75984701  0.78524891  0.83890783  0.83890783  0.71158125  0.78524891  0.75984701  0.78524891  0.71158125  0.60340969  0.68860889  0.64475089  0.64475089  0.66634629  0.62378387  0.86731401  0.78524891  0.75984701  0.81157904  0.71158125  0.71158125  0.66634629  0.71158125  0.86731401  0.86731401  0.81157904  0.68860889  1.06625328  0.86731401  0.75984701  0.81157904  0.83890783  0.81157904  0.68860889  0.75984701  0.73531012  0.60340969  0.81157904  0.75984701  0.92772376  0.83890783  0.92772376  0.99366485  0.86731401  1.02904547  1.02904547  0.95994032  0.95994032  0.92772376  1.10548732  1.10548732  1.14698105  1.10548732  1.14698105  0.99366485  1.14698105  1.06625328  0.66634629  0.60340969  0.60340969  0.81157904  0.71158125  0.75984701  0.73531012  0.66634629  0.81157904  0.86731401  0.83890783  0.81157904  0.89688605  0.68860889  0.68860889  0.68860889  0.68860889  0.73531012  0.78524891  0.95994032  0.95994032  0.95994032  0.78524891  0.66634629  0.66634629  0.89688605  0.95994032  0.73531012  0.83890783  0.83890783  1.10548732  0.86731401  0.86731401  0.86731401  0.83890783  0.83890783  0.73531012  0.81157904  0.81157904  0.75984701  
18_0_0     0.10262473  0.11272165  0.08284562  0.00000000  0.17646778  0.28409532  0.50937634  0.50937634  0.49195726  0.49195726  0.60340969  0.64475089  0.54553095  0.56431205  0.58359575  0.54553095  0.62378387  0.64475089  0.64475089  0.64475089  0.66634629  0.66634629  0.56431205  0.60340969  0.60340969  0.62378387  0.64475089  0.54553095  0.58359575  0.66634629  0.60340969  0.60340969  0.50937634  0.64475089  0.60340969  0.56431205  0.75984701  0.62378387  0.62378387  0.73531012  0.64475089  0.64475089  0.62378387  0.60340969  0.66634629  0.68860889  0.58359575  0.62378387  0.54553095  0.60340969  0.64475089  0.64475089  0.60340969  0.66634629  0.75984701  0.73531012  0.64475089  0.73531012  0.73531012  0.78524891  1.06625328  1.06625328  1.02904547  0.92772376  0.99366485  1.02904547  1.06625328  1.10548732  1.10548732  0.95994032  0.92772376  0.83890783  0.83890783  0.95994032  0.99366485  0.62378387  0.60340969  0.75984701  0.71158125  0.81157904  0.83890783  0.75984701  0.81157904  0.81157904  0.71158125  0.83890783  0.83890783  0.89688605  0.75984701  0.73531012  0.75984701  0.83890783  0.58359575  0.60340969  0.68860889  0.73531012  0.73531012  0.75984701  0.68860889  1.06625328  0.95994032  0.92772376  0.99366485  0.81157904  0.81157904  0.75984701  0.81157904  0.92772376  0.92772376  0.86731401  0.73531012  1.06625328  0.86731401  0.81157904  0.81157904  0.83890783  0.86731401  0.78524891  0.86731401  0.83890783  0.64475089  0.81157904  0.68860889  0.89688605  0.81157904  0.89688605  0.99366485  0.89688605  1.06625328  0.92772376  0.99366485  0.99366485  0.95994032  0.99366485  0.92772376  0.95994032  0.92772376  0.95994032  0.83890783  0.95994032  1.02904547  0.60340969  0.54553095  0.54553095  0.73531012  0.64475089  0.68860889  0.66634629  0.56431205  0.78524891  0.73531012  0.75984701  0.68860889  0.75984701  0.66634629  0.66634629  0.66634629  0.66634629  0.71158125  0.71158125  0.92772376  0.92772376  0.92772376  0.66634629  0.56431205  0.56431205  0.75984701  0.95994032  0.62378387  0.86731401  0.86731401  0.99366485  0.73531012  0.73531012  0.73531012  0.71158125  0.71158125  0.75984701  0.83890783  0.73531012  0.68860889  
7_0_0      0.16544409  0.17646778  0.14389008  0.17646778  0.00000000  0.28409532  0.58359575  0.58359575  0.60340969  0.52722693  0.64475089  0.64475089  0.62378387  0.64475089  0.66634629  0.62378387  0.64475089  0.66634629  0.66634629  0.66634629  0.78524891  0.78524891  0.75984701  0.71158125  0.71158125  0.83890783  0.73531012  0.68860889  0.60340969  0.73531012  0.68860889  0.68860889  0.54553095  0.64475089  0.52722693  0.54553095  0.68860889  0.60340969  0.60340969  0.75984701  0.62378387  0.66634629  0.64475089  0.58359575  0.64475089  0.66634629  0.56431205  0.60340969  0.68860889  0.60340969  0.56431205  0.56431205  0.56431205  0.54553095  0.86731401  0.83890783  0.83890783  0.92772376  0.81157904  0.99366485  0.78524891  0.78524891  0.81157904  0.83890783  0.78524891  1.06625328  0.89688605  0.99366485  0.99366485  0.92772376  1.19101077  1.02904547  1.02904547  1.19101077  1.23790675  0.83890783  0.86731401  0.89688605  0.89688605  0.92772376  0.99366485  0.78524891  0.64475089  0.64475089  0.68860889  0.75984701  0.71158125  0.71158125  0.78524891  0.81157904  0.78524891  0.75984701  0.83890783  0.75984701  0.86731401  0.68860889  0.68860889  0.62378387  0.71158125  0.92772376  0.95994032  0.86731401  0.92772376  0.75984701  0.75984701  0.71158125  0.71158125  0.75984701  0.75984701  0.75984701  0.64475089  0.99366485  0.86731401  0.71158125  0.75984701  0.78524891  0.86731401  0.73531012  0.81157904  0.78524891  0.68860889  0.81157904  0.71158125  1.06625328  1.10548732  0.95994032  0.92772376  0.83890783  0.92772376  0.81157904  0.86731401  0.86731401  0.83890783  0.92772376  0.99366485  1.02904547  0.92772376  1.02904547  0.89688605  1.02904547  0.86731401  0.62378387  0.60340969  0.60340969  0.92772376  0.66634629  0.71158125  0.73531012  0.62378387  0.86731401  0.92772376  0.89688605  0.86731401  0.89688605  0.66634629  0.66634629  0.66634629  0.66634629  0.71158125  0.92772376  0.83890783  0.83890783  0.95994032  0.68860889  0.71158125  0.71158125  0.68860889  0.89688605  0.78524891  0.89688605  0.89688605  1.02904547  0.81157904  0.81157904  0.81157904  0.78524891  0.78524891  0.73531012  0.81157904  0.86731401  0.75984701  
19_0_0     0.32386631  0.33762650  0.27131157  0.28409532  0.28409532  0.00000000  0.56431205  0.54553095  0.52722693  0.68860889  0.75984701  0.75984701  0.78524891  0.75984701  0.64475089  0.66634629  0.60340969  0.62378387  0.62378387  0.71158125  0.68860889  0.68860889  0.56431205  0.62378387  0.62378387  0.62378387  0.62378387  0.66634629  0.56431205  0.68860889  0.64475089  0.64475089  0.64475089  0.66634629  0.52722693  0.52722693  0.68860889  0.56431205  0.56431205  0.54553095  0.73531012  0.78524891  0.75984701  0.73531012  0.58359575  0.60340969  0.66634629  0.66634629  0.56431205  0.60340969  0.54553095  0.54553095  0.54553095  0.56431205  0.81157904  0.78524891  0.73531012  0.73531012  0.66634629  0.64475089  0.73531012  0.73531012  0.81157904  0.83890783  0.78524891  0.92772376  0.75984701  0.95994032  0.95994032  0.89688605  1.02904547  0.92772376  0.92772376  0.95994032  1.06625328  0.56431205  0.58359575  0.71158125  0.68860889  0.75984701  0.75984701  0.75984701  0.66634629  0.66634629  0.52722693  0.68860889  0.73531012  0.73531012  0.78524891  0.78524891  0.78524891  0.78524891  0.73531012  0.75984701  0.75984701  0.73531012  0.73531012  0.71158125  0.66634629  0.81157904  0.81157904  0.78524891  0.78524891  0.73531012  0.71158125  0.66634629  0.71158125  0.86731401  0.86731401  0.92772376  0.78524891  0.75984701  0.83890783  0.68860889  0.83890783  0.81157904  0.89688605  0.78524891  0.86731401  0.89688605  0.64475089  0.73531012  0.68860889  0.95994032  0.81157904  0.92772376  0.86731401  0.75984701  0.83890783  0.89688605  0.81157904  0.78524891  0.75984701  0.73531012  0.78524891  0.75984701  0.73531012  0.78524891  0.73531012  0.83890783  0.73531012  0.60340969  0.62378387  0.62378387  0.73531012  0.62378387  0.60340969  0.62378387  0.54553095  0.73531012  0.78524891  0.75984701  0.73531012  0.73531012  0.60340969  0.60340969  0.60340969  0.60340969  0.64475089  0.78524891  0.81157904  0.81157904  0.92772376  0.73531012  0.71158125  0.71158125  0.81157904  0.95994032  0.62378387  0.71158125  0.71158125  0.83890783  0.75984701  0.71158125  0.71158125  0.73531012  0.68860889  0.60340969  0.62378387  0.66634629  0.66634629  
3_0_0      0.52722693  0.54553095  0.56431205  0.50937634  0.58359575  0.56431205  0.00000000  0.15458650  0.16544409  0.36596113  0.44209228  0.41066827  0.49195726  0.44209228  0.39545562  0.39545562  0.66634629  0.64475089  0.64475089  0.64475089  0.66634629  0.66634629  0.52722693  0.62378387  0.62378387  0.68860889  0.58359575  0.49195726  0.56431205  0.36596113  0.42620901  0.42620901  0.41066827  0.58359575  0.56431205  0.58359575  0.60340969  0.56431205  0.56431205  0.68860889  0.81157904  0.81157904  0.78524891  0.73531012  0.68860889  0.71158125  0.68860889  0.68860889  0.68860889  0.54553095  0.49195726  0.49195726  0.45833355  0.50937634  0.68860889  0.66634629  0.66634629  0.64475089  0.71158125  0.75984701  0.60340969  0.60340969  0.58359575  0.52722693  0.60340969  0.68860889  0.78524891  0.75984701  0.75984701  0.66634629  0.71158125  0.64475089  0.64475089  0.78524891  0.75984701  0.56431205  0.58359575  0.68860889  0.58359575  0.71158125  0.64475089  0.62378387  0.60340969  0.60340969  0.62378387  0.62378387  0.62378387  0.62378387  0.73531012  0.78524891  0.78524891  0.71158125  0.68860889  0.71158125  0.71158125  0.81157904  0.86731401  0.81157904  0.68860889  0.78524891  0.73531012  0.71158125  0.71158125  0.54553095  0.54553095  0.50937634  0.47494932  0.66634629  0.66634629  0.66634629  0.60340969  0.68860889  0.60340969  0.64475089  0.56431205  0.58359575  0.68860889  0.60340969  0.62378387  0.64475089  0.56431205  0.64475089  0.78524891  0.86731401  0.92772376  0.78524891  0.73531012  0.71158125  0.68860889  0.83890783  0.66634629  0.75984701  0.78524891  0.78524891  0.73531012  0.75984701  0.73531012  0.68860889  0.68860889  0.66634629  0.81157904  0.58359575  0.60340969  0.60340969  0.89688605  0.86731401  0.83890783  0.86731401  0.81157904  0.92772376  0.81157904  0.83890783  0.81157904  0.83890783  0.75984701  0.75984701  0.81157904  0.81157904  0.75984701  0.64475089  0.73531012  0.73531012  0.83890783  0.99366485  0.89688605  0.89688605  0.95994032  0.99366485  0.81157904  0.83890783  0.83890783  0.86731401  0.73531012  0.68860889  0.68860889  0.71158125  0.71158125  0.83890783  0.73531012  0.73531012  0.83890783  
1_0_0      0.52722693  0.54553095  0.52722693  0.50937634  0.58359575  0.54553095  0.15458650  0.00000000  0.00874854  0.36596113  0.38055749  0.41066827  0.44209228  0.39545562  0.38055749  0.35165456  0.71158125  0.68860889  0.68860889  0.68860889  0.64475089  0.64475089  0.54553095  0.64475089  0.64475089  0.71158125  0.60340969  0.52722693  0.56431205  0.44209228  0.54553095  0.54553095  0.45833355  0.60340969  0.56431205  0.50937634  0.64475089  0.62378387  0.62378387  0.73531012  0.66634629  0.66634629  0.64475089  0.66634629  0.66634629  0.68860889  0.71158125  0.68860889  0.75984701  0.45833355  0.44209228  0.42620901  0.45833355  0.47494932  0.71158125  0.68860889  0.68860889  0.81157904  0.78524891  0.78524891  0.66634629  0.66634629  0.68860889  0.62378387  0.66634629  0.75984701  0.81157904  0.89688605  0.89688605  0.73531012  0.81157904  0.73531012  0.73531012  0.83890783  0.81157904  0.71158125  0.73531012  0.86731401  0.78524891  0.92772376  0.78524891  0.62378387  0.64475089  0.64475089  0.62378387  0.71158125  0.71158125  0.71158125  0.68860889  0.73531012  0.73531012  0.66634629  0.73531012  0.71158125  0.71158125  0.81157904  0.81157904  0.75984701  0.68860889  0.73531012  0.64475089  0.62378387  0.62378387  0.64475089  0.64475089  0.60340969  0.56431205  0.71158125  0.71158125  0.64475089  0.62378387  0.66634629  0.58359575  0.66634629  0.58359575  0.60340969  0.66634629  0.58359575  0.60340969  0.66634629  0.56431205  0.56431205  0.83890783  0.86731401  0.86731401  0.68860889  0.68860889  0.71158125  0.64475089  0.78524891  0.66634629  0.81157904  0.78524891  0.71158125  0.75984701  0.73531012  0.71158125  0.68860889  0.64475089  0.68860889  0.83890783  0.64475089  0.62378387  0.62378387  0.86731401  0.83890783  0.86731401  0.89688605  0.78524891  0.89688605  0.78524891  0.83890783  0.81157904  0.78524891  0.81157904  0.81157904  0.86731401  0.86731401  0.86731401  0.66634629  0.71158125  0.71158125  0.75984701  0.89688605  0.86731401  0.86731401  0.86731401  0.83890783  0.81157904  1.02904547  1.02904547  0.89688605  0.83890783  0.78524891  0.78524891  0.81157904  0.81157904  0.86731401  0.75984701  0.81157904  0.86731401  
11_0_0     0.50937634  0.52722693  0.50937634  0.49195726  0.60340969  0.52722693  0.16544409  0.00874854  0.00000000  0.38055749  0.39545562  0.42620901  0.45833355  0.41066827  0.39545562  0.36596113  0.73531012  0.71158125  0.71158125  0.71158125  0.66634629  0.66634629  0.52722693  0.66634629  0.66634629  0.68860889  0.62378387  0.54553095  0.54553095  0.42620901  0.52722693  0.52722693  0.47494932  0.58359575  0.58359575  0.52722693  0.66634629  0.64475089  0.64475089  0.75984701  0.68860889  0.68860889  0.66634629  0.68860889  0.68860889  0.71158125  0.73531012  0.71158125  0.78524891  0.47494932  0.45833355  0.44209228  0.44209228  0.49195726  0.73531012  0.71158125  0.66634629  0.83890783  0.81157904  0.75984701  0.68860889  0.68860889  0.71158125  0.64475089  0.68860889  0.78524891  0.83890783  0.92772376  0.92772376  0.75984701  0.83890783  0.75984701  0.75984701  0.86731401  0.83890783  0.73531012  0.75984701  0.89688605  0.78524891  0.92772376  0.75984701  0.60340969  0.66634629  0.66634629  0.64475089  0.73531012  0.73531012  0.73531012  0.71158125  0.75984701  0.75984701  0.68860889  0.75984701  0.68860889  0.68860889  0.83890783  0.83890783  0.78524891  0.66634629  0.75984701  0.66634629  0.64475089  0.64475089  0.66634629  0.66634629  0.62378387  0.58359575  0.73531012  0.73531012  0.66634629  0.64475089  0.68860889  0.60340969  0.68860889  0.60340969  0.62378387  0.68860889  0.60340969  0.62378387  0.68860889  0.58359575  0.58359575  0.81157904  0.89688605  0.83890783  0.66634629  0.66634629  0.73531012  0.66634629  0.75984701  0.64475089  0.78524891  0.75984701  0.68860889  0.73531012  0.71158125  0.68860889  0.66634629  0.62378387  0.66634629  0.81157904  0.66634629  0.64475089  0.64475089  0.83890783  0.86731401  0.89688605  0.92772376  0.81157904  0.92772376  0.81157904  0.86731401  0.83890783  0.81157904  0.83890783  0.83890783  0.89688605  0.89688605  0.89688605  0.64475089  0.73531012  0.73531012  0.78524891  0.92772376  0.89688605  0.89688605  0.89688605  0.86731401  0.78524891  1.06625328  1.06625328  0.92772376  0.86731401  0.81157904  0.81157904  0.83890783  0.83890783  0.89688605  0.78524891  0.83890783  0.89688605  
13_0_0     0.50937634  0.52722693  0.47494932  0.49195726  0.52722693  0.68860889  0.36596113  0.36596113  0.38055749  0.00000000  0.45833355  0.49195726  0.41066827  0.39545562  0.44209228  0.44209228  0.75984701  0.73531012  0.73531012  0.64475089  0.75984701  0.75984701  0.62378387  0.68860889  0.68860889  0.68860889  0.64475089  0.62378387  0.62378387  0.64475089  0.73531012  0.73531012  0.62378387  0.78524891  0.62378387  0.64475089  0.58359575  0.58359575  0.58359575  0.60340969  0.64475089  0.64475089  0.62378387  0.58359575  0.66634629  0.68860889  0.62378387  0.58359575  0.68860889  0.71158125  0.66634629  0.62378387  0.60340969  0.56431205  0.71158125  0.68860889  0.71158125  0.71158125  0.66634629  0.81157904  0.68860889  0.68860889  0.66634629  0.60340969  0.64475089  0.73531012  0.68860889  0.71158125  0.71158125  0.71158125  0.68860889  0.62378387  0.62378387  0.71158125  0.68860889  0.58359575  0.60340969  0.66634629  0.73531012  0.83890783  0.92772376  0.66634629  0.56431205  0.56431205  0.71158125  0.62378387  0.62378387  0.62378387  0.68860889  0.75984701  0.71158125  0.68860889  0.68860889  0.66634629  0.75984701  0.64475089  0.68860889  0.68860889  0.60340969  0.66634629  0.62378387  0.60340969  0.64475089  0.50937634  0.50937634  0.47494932  0.45833355  0.64475089  0.64475089  0.62378387  0.58359575  0.71158125  0.56431205  0.58359575  0.60340969  0.62378387  0.64475089  0.64475089  0.62378387  0.64475089  0.54553095  0.64475089  0.89688605  0.66634629  0.86731401  0.60340969  0.62378387  0.66634629  0.60340969  0.62378387  0.60340969  0.64475089  0.62378387  0.81157904  0.73531012  0.71158125  0.81157904  0.73531012  0.73531012  0.73531012  0.92772376  0.75984701  0.73531012  0.73531012  0.95994032  0.92772376  0.89688605  0.92772376  0.92772376  1.06625328  1.06625328  0.99366485  0.95994032  0.99366485  0.86731401  0.86731401  0.92772376  0.92772376  0.86731401  0.83890783  0.81157904  0.81157904  0.78524891  0.92772376  0.95994032  0.95994032  0.92772376  0.89688605  0.92772376  1.23790675  1.23790675  0.89688605  0.86731401  0.92772376  0.92772376  0.89688605  0.89688605  0.86731401  0.92772376  1.06625328  0.92772376  
6_0_0      0.58359575  0.60340969  0.62378387  0.60340969  0.64475089  0.75984701  0.44209228  0.38055749  0.39545562  0.45833355  0.00000000  0.03565007  0.10262473  0.09266731  0.15458650  0.14389008  0.81157904  0.78524891  0.78524891  0.68860889  0.66634629  0.66634629  0.64475089  0.66634629  0.66634629  0.73531012  0.66634629  0.64475089  0.54553095  0.54553095  0.58359575  0.58359575  0.54553095  0.62378387  0.66634629  0.66634629  0.60340969  0.52722693  0.52722693  0.64475089  0.58359575  0.58359575  0.60340969  0.64475089  0.64475089  0.62378387  0.64475089  0.60340969  0.66634629  0.47494932  0.54553095  0.52722693  0.45833355  0.50937634  0.54553095  0.52722693  0.62378387  0.58359575  0.52722693  0.66634629  0.64475089  0.64475089  0.62378387  0.64475089  0.64475089  0.68860889  0.60340969  0.58359575  0.58359575  0.62378387  0.54553095  0.60340969  0.60340969  0.62378387  0.60340969  0.66634629  0.68860889  0.56431205  0.50937634  0.60340969  0.62378387  0.83890783  0.64475089  0.64475089  0.71158125  0.68860889  0.68860889  0.64475089  0.89688605  0.78524891  0.73531012  0.83890783  0.64475089  0.75984701  0.81157904  0.75984701  0.81157904  0.78524891  0.89688605  0.86731401  0.71158125  0.68860889  0.68860889  0.71158125  0.71158125  0.71158125  0.68860889  0.71158125  0.71158125  0.62378387  0.75984701  0.83890783  0.64475089  0.71158125  0.71158125  0.73531012  0.64475089  0.64475089  0.62378387  0.64475089  0.73531012  0.62378387  0.66634629  0.66634629  0.81157904  0.86731401  0.81157904  0.75984701  0.75984701  0.78524891  0.71158125  0.86731401  0.83890783  0.83890783  0.86731401  0.89688605  0.83890783  0.86731401  0.86731401  0.81157904  0.89688605  0.71158125  0.89688605  0.89688605  0.81157904  0.95994032  1.06625328  1.02904547  0.89688605  0.81157904  0.75984701  0.86731401  0.83890783  0.75984701  0.81157904  0.81157904  0.81157904  0.81157904  0.86731401  0.78524891  0.71158125  0.71158125  0.73531012  0.89688605  0.92772376  0.92772376  0.64475089  0.92772376  0.68860889  0.73531012  0.73531012  0.78524891  0.64475089  0.64475089  0.64475089  0.66634629  0.66634629  0.81157904  0.68860889  0.83890783  0.89688605  
10_0_0     0.62378387  0.64475089  0.66634629  0.64475089  0.64475089  0.75984701  0.41066827  0.41066827  0.42620901  0.49195726  0.03565007  0.00000000  0.14389008  0.13335010  0.19903433  0.18766272  0.81157904  0.78524891  0.78524891  0.68860889  0.66634629  0.66634629  0.64475089  0.66634629  0.66634629  0.73531012  0.66634629  0.64475089  0.50937634  0.50937634  0.52722693  0.52722693  0.52722693  0.54553095  0.62378387  0.60340969  0.54553095  0.56431205  0.56431205  0.64475089  0.58359575  0.58359575  0.60340969  0.64475089  0.60340969  0.58359575  0.64475089  0.60340969  0.62378387  0.47494932  0.47494932  0.45833355  0.39545562  0.44209228  0.50937634  0.49195726  0.58359575  0.58359575  0.52722693  0.71158125  0.64475089  0.64475089  0.62378387  0.64475089  0.64475089  0.68860889  0.64475089  0.58359575  0.58359575  0.62378387  0.50937634  0.56431205  0.56431205  0.58359575  0.56431205  0.62378387  0.64475089  0.56431205  0.47494932  0.56431205  0.58359575  0.83890783  0.68860889  0.68860889  0.75984701  0.73531012  0.73531012  0.68860889  0.89688605  0.83890783  0.83890783  0.89688605  0.68860889  0.81157904  0.86731401  0.81157904  0.86731401  0.83890783  0.95994032  0.81157904  0.75984701  0.73531012  0.73531012  0.73531012  0.73531012  0.73531012  0.66634629  0.73531012  0.73531012  0.64475089  0.78524891  0.92772376  0.66634629  0.73531012  0.73531012  0.75984701  0.66634629  0.62378387  0.64475089  0.66634629  0.78524891  0.66634629  0.62378387  0.68860889  0.86731401  0.86731401  0.75984701  0.75984701  0.71158125  0.73531012  0.66634629  0.81157904  0.78524891  0.83890783  0.86731401  0.89688605  0.78524891  0.81157904  0.86731401  0.81157904  0.78524891  0.66634629  0.89688605  0.89688605  0.86731401  1.02904547  1.14698105  1.10548732  0.95994032  0.86731401  0.81157904  0.92772376  0.89688605  0.86731401  0.81157904  0.81157904  0.81157904  0.81157904  0.86731401  0.81157904  0.75984701  0.75984701  0.78524891  0.95994032  0.86731401  0.86731401  0.64475089  0.92772376  0.68860889  0.68860889  0.68860889  0.81157904  0.68860889  0.68860889  0.68860889  0.71158125  0.71158125  0.86731401  0.73531012  0.89688605  0.95994032  
10_10_0    0.56431205  0.58359575  0.60340969  0.54553095  0.62378387  0.78524891  0.49195726  0.44209228  0.45833355  0.41066827  0.10262473  0.14389008  0.00000000  0.02657085  0.14389008  0.13335010  0.71158125  0.68860889  0.68860889  0.58359575  0.68860889  0.68860889  0.66634629  0.64475089  0.64475089  0.66634629  0.68860889  0.71158125  0.52722693  0.60340969  0.60340969  0.60340969  0.56431205  0.60340969  0.64475089  0.68860889  0.62378387  0.50937634  0.50937634  0.71158125  0.54553095  0.54553095  0.52722693  0.56431205  0.56431205  0.54553095  0.56431205  0.56431205  0.71158125  0.44209228  0.58359575  0.60340969  0.56431205  0.58359575  0.54553095  0.52722693  0.58359575  0.64475089  0.56431205  0.66634629  0.68860889  0.68860889  0.62378387  0.56431205  0.64475089  0.73531012  0.60340969  0.58359575  0.58359575  0.66634629  0.62378387  0.68860889  0.68860889  0.66634629  0.64475089  0.62378387  0.64475089  0.60340969  0.60340969  0.62378387  0.66634629  0.83890783  0.64475089  0.64475089  0.66634629  0.64475089  0.64475089  0.60340969  0.81157904  0.71158125  0.66634629  0.71158125  0.62378387  0.66634629  0.71158125  0.64475089  0.68860889  0.71158125  0.75984701  0.75984701  0.62378387  0.64475089  0.64475089  0.66634629  0.66634629  0.66634629  0.64475089  0.71158125  0.71158125  0.62378387  0.71158125  0.78524891  0.60340969  0.66634629  0.66634629  0.68860889  0.56431205  0.60340969  0.58359575  0.56431205  0.75984701  0.62378387  0.73531012  0.64475089  0.73531012  0.86731401  0.81157904  0.75984701  0.75984701  0.73531012  0.71158125  0.81157904  0.78524891  0.89688605  0.86731401  0.89688605  0.89688605  0.81157904  0.81157904  0.75984701  0.73531012  0.71158125  0.78524891  0.78524891  0.66634629  0.73531012  0.86731401  0.83890783  0.78524891  0.75984701  0.71158125  0.71158125  0.73531012  0.71158125  0.66634629  0.66634629  0.66634629  0.66634629  0.75984701  0.78524891  0.71158125  0.71158125  0.68860889  0.73531012  0.81157904  0.81157904  0.64475089  0.81157904  0.68860889  0.68860889  0.68860889  0.68860889  0.68860889  0.73531012  0.73531012  0.71158125  0.66634629  0.81157904  0.68860889  0.83890783  0.78524891  
6_10_0     0.54553095  0.56431205  0.62378387  0.56431205  0.64475089  0.75984701  0.44209228  0.39545562  0.41066827  0.39545562  0.09266731  0.13335010  0.02657085  0.00000000  0.11272165  0.10262473  0.71158125  0.68860889  0.68860889  0.56431205  0.62378387  0.62378387  0.60340969  0.58359575  0.58359575  0.64475089  0.62378387  0.64475089  0.50937634  0.54553095  0.62378387  0.62378387  0.58359575  0.62378387  0.66634629  0.66634629  0.64475089  0.52722693  0.52722693  0.73531012  0.56431205  0.56431205  0.54553095  0.58359575  0.62378387  0.60340969  0.62378387  0.62378387  0.68860889  0.45833355  0.56431205  0.62378387  0.54553095  0.60340969  0.60340969  0.58359575  0.64475089  0.66634629  0.58359575  0.68860889  0.66634629  0.66634629  0.60340969  0.54553095  0.62378387  0.75984701  0.62378387  0.56431205  0.56431205  0.68860889  0.60340969  0.66634629  0.66634629  0.73531012  0.66634629  0.64475089  0.66634629  0.62378387  0.66634629  0.64475089  0.68860889  0.86731401  0.66634629  0.66634629  0.73531012  0.66634629  0.66634629  0.62378387  0.75984701  0.71158125  0.66634629  0.66634629  0.62378387  0.66634629  0.71158125  0.68860889  0.73531012  0.71158125  0.75984701  0.83890783  0.68860889  0.71158125  0.71158125  0.73531012  0.73531012  0.73531012  0.71158125  0.78524891  0.78524891  0.68860889  0.78524891  0.75984701  0.62378387  0.73531012  0.73531012  0.75984701  0.62378387  0.66634629  0.64475089  0.62378387  0.71158125  0.64475089  0.71158125  0.66634629  0.81157904  0.83890783  0.78524891  0.78524891  0.73531012  0.75984701  0.68860889  0.78524891  0.75984701  0.86731401  0.83890783  0.86731401  0.86731401  0.78524891  0.83890783  0.73531012  0.81157904  0.68860889  0.81157904  0.81157904  0.64475089  0.71158125  0.83890783  0.81157904  0.75984701  0.73531012  0.68860889  0.68860889  0.71158125  0.68860889  0.64475089  0.64475089  0.68860889  0.68860889  0.73531012  0.81157904  0.68860889  0.68860889  0.66634629  0.81157904  0.89688605  0.89688605  0.71158125  0.83890783  0.71158125  0.71158125  0.71158125  0.75984701  0.71158125  0.71158125  0.71158125  0.73531012  0.68860889  0.81157904  0.66634629  0.81157904  0.75984701  
8_0_0      0.56431205  0.58359575  0.64475089  0.58359575  0.66634629  0.64475089  0.39545562  0.38055749  0.39545562  0.44209228  0.15458650  0.19903433  0.14389008  0.11272165  0.00000000  0.04484514  0.73531012  0.71158125  0.71158125  0.62378387  0.64475089  0.64475089  0.62378387  0.56431205  0.56431205  0.66634629  0.60340969  0.73531012  0.52722693  0.56431205  0.56431205  0.56431205  0.56431205  0.60340969  0.73531012  0.68860889  0.62378387  0.50937634  0.50937634  0.71158125  0.54553095  0.54553095  0.52722693  0.56431205  0.56431205  0.54553095  0.56431205  0.56431205  0.73531012  0.45833355  0.54553095  0.60340969  0.56431205  0.62378387  0.71158125  0.68860889  0.71158125  0.71158125  0.60340969  0.75984701  0.78524891  0.78524891  0.75984701  0.68860889  0.83890783  0.68860889  0.78524891  0.71158125  0.71158125  0.86731401  0.71158125  0.78524891  0.78524891  0.81157904  0.73531012  0.62378387  0.64475089  0.68860889  0.73531012  0.62378387  0.71158125  0.83890783  0.60340969  0.60340969  0.66634629  0.64475089  0.64475089  0.64475089  0.66634629  0.66634629  0.62378387  0.71158125  0.58359575  0.66634629  0.66634629  0.81157904  0.86731401  0.81157904  0.81157904  0.92772376  0.81157904  0.83890783  0.78524891  0.75984701  0.71158125  0.71158125  0.73531012  0.86731401  0.86731401  0.81157904  0.81157904  0.78524891  0.68860889  0.71158125  0.71158125  0.73531012  0.64475089  0.68860889  0.66634629  0.64475089  0.68860889  0.66634629  0.68860889  0.73531012  0.73531012  0.75984701  0.71158125  0.71158125  0.66634629  0.73531012  0.71158125  0.75984701  0.73531012  0.83890783  0.81157904  0.83890783  0.78524891  0.68860889  0.73531012  0.68860889  0.95994032  0.71158125  0.83890783  0.83890783  0.71158125  0.78524891  0.99366485  0.95994032  0.83890783  0.71158125  0.66634629  0.75984701  0.73531012  0.71158125  0.68860889  0.68860889  0.68860889  0.68860889  0.73531012  0.78524891  0.62378387  0.62378387  0.64475089  0.95994032  0.99366485  0.99366485  0.68860889  0.83890783  0.83890783  0.89688605  0.89688605  0.78524891  0.73531012  0.73531012  0.73531012  0.75984701  0.75984701  0.89688605  0.68860889  0.83890783  0.78524891  
12_0_0     0.52722693  0.54553095  0.60340969  0.54553095  0.62378387  0.66634629  0.39545562  0.35165456  0.36596113  0.44209228  0.14389008  0.18766272  0.13335010  0.10262473  0.04484514  0.00000000  0.64475089  0.62378387  0.62378387  0.54553095  0.62378387  0.62378387  0.60340969  0.54553095  0.54553095  0.64475089  0.62378387  0.64475089  0.54553095  0.58359575  0.66634629  0.66634629  0.58359575  0.58359575  0.66634629  0.71158125  0.68860889  0.52722693  0.52722693  0.68860889  0.54553095  0.54553095  0.52722693  0.56431205  0.56431205  0.54553095  0.56431205  0.56431205  0.71158125  0.44209228  0.52722693  0.58359575  0.54553095  0.60340969  0.78524891  0.75984701  0.78524891  0.73531012  0.66634629  0.78524891  0.75984701  0.75984701  0.73531012  0.66634629  0.75984701  0.71158125  0.75984701  0.73531012  0.73531012  0.83890783  0.68860889  0.75984701  0.75984701  0.83890783  0.75984701  0.64475089  0.66634629  0.71158125  0.75984701  0.64475089  0.64475089  0.75984701  0.62378387  0.62378387  0.68860889  0.71158125  0.71158125  0.71158125  0.71158125  0.66634629  0.62378387  0.66634629  0.62378387  0.71158125  0.71158125  0.75984701  0.81157904  0.75984701  0.75984701  0.89688605  0.78524891  0.75984701  0.75984701  0.78524891  0.73531012  0.73531012  0.71158125  0.83890783  0.83890783  0.78524891  0.73531012  0.75984701  0.62378387  0.68860889  0.68860889  0.71158125  0.62378387  0.62378387  0.64475089  0.62378387  0.66634629  0.56431205  0.66634629  0.75984701  0.81157904  0.71158125  0.68860889  0.64475089  0.64475089  0.71158125  0.68860889  0.73531012  0.71158125  0.81157904  0.78524891  0.81157904  0.75984701  0.68860889  0.73531012  0.68860889  0.92772376  0.64475089  0.75984701  0.75984701  0.73531012  0.75984701  0.95994032  0.92772376  0.81157904  0.68860889  0.64475089  0.73531012  0.71158125  0.73531012  0.68860889  0.68860889  0.68860889  0.68860889  0.73531012  0.71158125  0.64475089  0.64475089  0.66634629  0.81157904  0.83890783  0.83890783  0.68860889  0.81157904  0.75984701  0.81157904  0.81157904  0.75984701  0.71158125  0.71158125  0.71158125  0.73531012  0.73531012  0.81157904  0.62378387  0.75984701  0.71158125  
20_1_0     0.60340969  0.62378387  0.64475089  0.62378387  0.64475089  0.60340969  0.66634629  0.71158125  0.73531012  0.75984701  0.81157904  0.81157904  0.71158125  0.71158125  0.73531012  0.64475089  0.00000000  0.00874854  0.00874854  0.06359492  0.36596113  0.36596113  0.39545562  0.31036396  0.31036396  0.38055749  0.41066827  0.38055749  0.52722693  0.50937634  0.52722693  0.52722693  0.45833355  0.66634629  0.50937634  0.52722693  0.66634629  0.50937634  0.50937634  0.50937634  0.56431205  0.56431205  0.54553095  0.60340969  0.60340969  0.58359575  0.54553095  0.50937634  0.71158125  0.50937634  0.62378387  0.58359575  0.62378387  0.58359575  0.86731401  0.83890783  0.81157904  0.68860889  0.71158125  0.60340969  0.89688605  0.89688605  0.86731401  0.83890783  0.83890783  0.83890783  0.86731401  0.92772376  0.92772376  0.86731401  0.75984701  0.81157904  0.81157904  0.78524891  0.78524891  0.71158125  0.68860889  0.62378387  0.73531012  0.73531012  0.66634629  1.14698105  0.78524891  0.78524891  0.71158125  0.71158125  0.75984701  0.75984701  0.71158125  0.75984701  0.75984701  0.71158125  0.86731401  0.86731401  0.81157904  0.66634629  0.68860889  0.81157904  0.75984701  0.71158125  0.81157904  0.73531012  0.75984701  1.02904547  0.95994032  1.02904547  0.86731401  0.86731401  0.86731401  0.99366485  0.73531012  0.89688605  0.86731401  0.83890783  0.86731401  0.89688605  0.92772376  0.89688605  0.92772376  0.89688605  0.78524891  0.75984701  0.62378387  0.86731401  0.83890783  0.73531012  0.78524891  0.78524891  0.71158125  0.78524891  0.81157904  0.75984701  0.78524891  0.78524891  0.81157904  0.83890783  0.78524891  0.71158125  0.66634629  0.64475089  0.86731401  0.83890783  0.78524891  0.78524891  0.66634629  0.56431205  0.62378387  0.64475089  0.64475089  0.66634629  0.66634629  0.64475089  0.66634629  0.64475089  0.60340969  0.60340969  0.62378387  0.64475089  0.68860889  0.83890783  0.71158125  0.71158125  0.73531012  0.62378387  0.68860889  0.68860889  0.81157904  0.73531012  0.92772376  0.62378387  0.62378387  0.73531012  0.60340969  0.60340969  0.60340969  0.58359575  0.56431205  0.60340969  0.62378387  0.58359575  0.54553095  
9_1_0      0.62378387  0.64475089  0.66634629  0.64475089  0.66634629  0.62378387  0.64475089  0.68860889  0.71158125  0.73531012  0.78524891  0.78524891  0.68860889  0.68860889  0.71158125  0.62378387  0.00874854  0.00000000  0.00000000  0.05415905  0.35165456  0.35165456  0.38055749  0.29710995  0.29710995  0.36596113  0.39545562  0.36596113  0.50937634  0.49195726  0.50937634  0.50937634  0.44209228  0.64475089  0.49195726  0.50937634  0.68860889  0.50937634  0.50937634  0.49195726  0.54553095  0.54553095  0.52722693  0.58359575  0.58359575  0.56431205  0.52722693  0.49195726  0.68860889  0.49195726  0.60340969  0.56431205  0.60340969  0.56431205  0.83890783  0.81157904  0.78524891  0.66634629  0.68860889  0.62378387  0.86731401  0.86731401  0.83890783  0.81157904  0.81157904  0.81157904  0.89688605  0.89688605  0.89688605  0.89688605  0.73531012  0.78524891  0.78524891  0.75984701  0.75984701  0.73531012  0.71158125  0.60340969  0.71158125  0.71158125  0.64475089  1.10548732  0.75984701  0.75984701  0.68860889  0.68860889  0.73531012  0.73531012  0.68860889  0.73531012  0.73531012  0.68860889  0.83890783  0.83890783  0.78524891  0.64475089  0.66634629  0.78524891  0.73531012  0.68860889  0.78524891  0.71158125  0.73531012  0.99366485  0.92772376  0.99366485  0.83890783  0.83890783  0.83890783  0.95994032  0.75984701  0.86731401  0.83890783  0.81157904  0.83890783  0.86731401  0.89688605  0.86731401  0.89688605  0.86731401  0.75984701  0.73531012  0.64475089  0.83890783  0.81157904  0.71158125  0.75984701  0.75984701  0.68860889  0.75984701  0.78524891  0.75984701  0.78524891  0.75984701  0.78524891  0.81157904  0.75984701  0.68860889  0.64475089  0.62378387  0.83890783  0.81157904  0.75984701  0.75984701  0.68860889  0.58359575  0.64475089  0.66634629  0.66634629  0.68860889  0.68860889  0.66634629  0.68860889  0.66634629  0.58359575  0.58359575  0.60340969  0.62378387  0.66634629  0.81157904  0.68860889  0.68860889  0.71158125  0.64475089  0.71158125  0.71158125  0.78524891  0.71158125  0.89688605  0.60340969  0.60340969  0.75984701  0.58359575  0.58359575  0.58359575  0.56431205  0.54553095  0.58359575  0.64475089  0.60340969  0.52722693  
