20
14_0_0     0.00000000  0.05441298  0.00580577  0.10722496  0.10722496  0.10722496  0.18534218  0.19247954  0.16787804  0.18301265  0.19848946  0.19848946  0.19848946  0.30099185  0.31146967  0.26118996  0.14445458  0.31544121  0.31544121  0.31544121  
8_0_0      0.05441298  0.00000000  0.04829614  0.14365281  0.14365281  0.14365281  0.23813058  0.20096284  0.20959583  0.24404704  0.26118996  0.26118996  0.26118996  0.31146967  0.32217679  0.30099185  0.14445458  0.31544121  0.31544121  0.31544121  
18_0_0     0.00580577  0.04829614  0.00000000  0.10072515  0.10072515  0.10072515  0.18661644  0.19375413  0.16894009  0.18414084  0.19968817  0.19968817  0.19968817  0.30320157  0.31379530  0.26298152  0.14532404  0.31758603  0.31758603  0.31758603  
7_0_0      0.10722496  0.14365281  0.10072515  0.00000000  0.00000000  0.00000000  0.23484768  0.19015385  0.18195789  0.23189238  0.24858764  0.24858764  0.24858764  0.33922938  0.35042102  0.29685969  0.16596669  0.30131115  0.30131115  0.30131115  
9_0_0      0.10722496  0.14365281  0.10072515  0.00000000  0.00000000  0.00000000  0.23484768  0.19015385  0.18195789  0.23189238  0.24858764  0.24858764  0.24858764  0.33922938  0.35042102  0.29685969  0.16596669  0.30131115  0.30131115  0.30131115  
13_0_0     0.10722496  0.14365281  0.10072515  0.00000000  0.00000000  0.00000000  0.23484768  0.19015385  0.18195789  0.23189238  0.24858764  0.24858764  0.24858764  0.33922938  0.35042102  0.29685969  0.16596669  0.30131115  0.30131115  0.30131115  
16_0_0     0.18534218  0.23813058  0.18661644  0.23484768  0.23484768  0.23484768  0.00000000  0.13857430  0.11621375  0.16094075  0.17594187  0.17594187  0.17594187  0.23644821  0.24573680  0.20959583  0.13857430  0.23189238  0.23189238  0.23189238  
11_0_0     0.19247954  0.20096284  0.19375413  0.19015385  0.19015385  0.19015385  0.13857430  0.00000000  0.02979056  0.08107738  0.09428579  0.09428579  0.09428579  0.17707240  0.18534218  0.15307009  0.13019042  0.29685969  0.29685969  0.29685969  
17_0_0     0.16787804  0.20959583  0.16894009  0.18195789  0.18195789  0.18195789  0.11621375  0.02979056  0.00000000  0.06114629  0.07394331  0.07394331  0.07394331  0.15307009  0.16094075  0.14532404  0.12279561  0.29685969  0.29685969  0.29685969  
5_0_0      0.18301265  0.24404704  0.18414084  0.23189238  0.23189238  0.23189238  0.16094075  0.08107738  0.06114629  0.00000000  0.01165453  0.01165453  0.01165453  0.23644821  0.24573680  0.18414084  0.20096284  0.34790501  0.34790501  0.34790501  
10_0_0     0.19848946  0.26118996  0.19968817  0.24858764  0.24858764  0.24858764  0.17594187  0.09428579  0.07394331  0.01165453  0.00000000  0.00000000  0.00000000  0.25342269  0.26298152  0.18301265  0.21695216  0.36813115  0.36813115  0.36813115  
4_0_0      0.19848946  0.26118996  0.19968817  0.24858764  0.24858764  0.24858764  0.17594187  0.09428579  0.07394331  0.01165453  0.00000000  0.00000000  0.00000000  0.25342269  0.26298152  0.18301265  0.21695216  0.36813115  0.36813115  0.36813115  
12_0_0     0.19848946  0.26118996  0.19968817  0.24858764  0.24858764  0.24858764  0.17594187  0.09428579  0.07394331  0.01165453  0.00000000  0.00000000  0.00000000  0.25342269  0.26298152  0.18301265  0.21695216  0.36813115  0.36813115  0.36813115  
15_0_0     0.30099185  0.31146967  0.30320157  0.33922938  0.33922938  0.33922938  0.23644821  0.17707240  0.15307009  0.23644821  0.25342269  0.25342269  0.25342269  0.00000000  0.01765581  0.20231326  0.24404704  0.44308719  0.44308719  0.44308719  
20_0_0     0.31146967  0.32217679  0.31379530  0.35042102  0.35042102  0.35042102  0.24573680  0.18534218  0.16094075  0.24573680  0.26298152  0.26298152  0.26298152  0.01765581  0.00000000  0.22892745  0.25342269  0.45677738  0.45677738  0.45677738  
6_0_0      0.26118996  0.30099185  0.26298152  0.29685969  0.29685969  0.29685969  0.20959583  0.15307009  0.14532404  0.18414084  0.18301265  0.18301265  0.18301265  0.20231326  0.22892745  0.00000000  0.23484768  0.31339638  0.31339638  0.31339638  
19_0_0     0.14445458  0.14445458  0.14532404  0.16596669  0.16596669  0.16596669  0.13857430  0.13019042  0.12279561  0.20096284  0.21695216  0.21695216  0.21695216  0.24404704  0.25342269  0.23484768  0.00000000  0.23053787  0.23053787  0.23053787  
2_0_0      0.31544121  0.31544121  0.31758603  0.30131115  0.30131115  0.30131115  0.23189238  0.29685969  0.29685969  0.34790501  0.36813115  0.36813115  0.36813115  0.44308719  0.45677738  0.31339638  0.23053787  0.00000000  0.00000000  0.00000000  
3_0_0      0.31544121  0.31544121  0.31758603  0.30131115  0.30131115  0.30131115  0.23189238  0.29685969  0.29685969  0.34790501  0.36813115  0.36813115  0.36813115  0.44308719  0.45677738  0.31339638  0.23053787  0.00000000  0.00000000  0.00000000  
1_0_0      0.31544121  0.31544121  0.31758603  0.30131115  0.30131115  0.30131115  0.23189238  0.29685969  0.29685969  0.34790501  0.36813115  0.36813115  0.36813115  0.44308719  0.45677738  0.31339638  0.23053787  0.00000000  0.00000000  0.00000000  

