20
20_0_0     0.00000000  0.10880171  0.10880171  0.17359907  0.19652172  0.19652172  0.18880177  0.21220720  0.43205501  0.39058048  0.40073351  0.41102759  0.40073351  0.42146671  0.39058048  0.37068250  0.40073351  0.38056470  0.42146671  0.51073907  
19_0_0     0.10880171  0.00000000  0.00000000  0.15136434  0.18116143  0.18116143  0.18880177  0.16611311  0.45369665  0.39058048  0.40073351  0.39058048  0.38056470  0.42146671  0.41102759  0.37068250  0.39058048  0.37068250  0.39058048  0.48739254  
13_0_0     0.10880171  0.00000000  0.00000000  0.15136434  0.18116143  0.18116143  0.18880177  0.16611311  0.45369665  0.39058048  0.40073351  0.39058048  0.38056470  0.42146671  0.41102759  0.37068250  0.39058048  0.37068250  0.39058048  0.48739254  
16_0_0     0.17359907  0.15136434  0.15136434  0.00000000  0.15136434  0.15136434  0.15870203  0.18116143  0.49897385  0.41102759  0.42146671  0.41102759  0.38056470  0.48739254  0.45369665  0.43205501  0.41102759  0.36093038  0.34180294  0.45369665  
15_0_0     0.19652172  0.18116143  0.18116143  0.15136434  0.00000000  0.00000000  0.05560679  0.06205102  0.51073907  0.41102759  0.42146671  0.44279682  0.41102759  0.47598946  0.46475922  0.42146671  0.45369665  0.41102759  0.39058048  0.46475922  
17_0_0     0.19652172  0.18116143  0.18116143  0.15136434  0.00000000  0.00000000  0.05560679  0.06205102  0.51073907  0.41102759  0.42146671  0.44279682  0.41102759  0.47598946  0.46475922  0.42146671  0.45369665  0.41102759  0.39058048  0.46475922  
14_0_0     0.18880177  0.18880177  0.18880177  0.15870203  0.05560679  0.05560679  0.00000000  0.06855179  0.55976212  0.44279682  0.45369665  0.43205501  0.42146671  0.53484523  0.47598946  0.43205501  0.47598946  0.43205501  0.41102759  0.48739254  
18_0_0     0.21220720  0.16611311  0.16611311  0.18116143  0.06205102  0.06205102  0.06855179  0.00000000  0.55976212  0.41102759  0.42146671  0.42146671  0.41102759  0.49897385  0.44279682  0.42146671  0.45369665  0.41102759  0.39058048  0.48739254  
5_0_0      0.43205501  0.45369665  0.45369665  0.49897385  0.51073907  0.51073907  0.55976212  0.55976212  0.00000000  0.17359907  0.18116143  0.20432295  0.19652172  0.24461089  0.22823192  0.35130494  0.31400691  0.35130494  0.33242126  0.38056470  
12_0_0     0.39058048  0.39058048  0.39058048  0.41102759  0.41102759  0.41102759  0.44279682  0.41102759  0.17359907  0.00000000  0.00597642  0.06855179  0.06205102  0.18880177  0.15870203  0.27849675  0.29603912  0.26987890  0.25293818  0.33242126  
2_0_0      0.40073351  0.40073351  0.40073351  0.42146671  0.42146671  0.42146671  0.45369665  0.42146671  0.18116143  0.00597642  0.00000000  0.07511010  0.06855179  0.19652172  0.16611311  0.28721602  0.30496855  0.27849675  0.26136012  0.34180294  
11_0_0     0.41102759  0.39058048  0.39058048  0.41102759  0.44279682  0.44279682  0.43205501  0.42146671  0.20432295  0.06855179  0.07511010  0.00000000  0.04288408  0.19652172  0.18116143  0.27849675  0.27849675  0.27849675  0.26136012  0.35130494  
4_0_0      0.40073351  0.38056470  0.38056470  0.38056470  0.41102759  0.41102759  0.42146671  0.41102759  0.19652172  0.06205102  0.06855179  0.04288408  0.00000000  0.17359907  0.17359907  0.26987890  0.28721602  0.26136012  0.24461089  0.32315688  
8_0_0      0.42146671  0.42146671  0.42146671  0.48739254  0.47598946  0.47598946  0.53484523  0.49897385  0.24461089  0.18880177  0.19652172  0.19652172  0.17359907  0.00000000  0.10193972  0.24461089  0.29603912  0.28721602  0.28721602  0.40073351  
1_0_0      0.39058048  0.41102759  0.41102759  0.45369665  0.46475922  0.46475922  0.47598946  0.44279682  0.22823192  0.15870203  0.16611311  0.18116143  0.17359907  0.10193972  0.00000000  0.23637615  0.26136012  0.25293818  0.25293818  0.35130494  
10_0_0     0.37068250  0.37068250  0.37068250  0.43205501  0.42146671  0.42146671  0.43205501  0.42146671  0.35130494  0.27849675  0.28721602  0.27849675  0.26987890  0.24461089  0.23637615  0.00000000  0.27849675  0.28721602  0.32315688  0.41102759  
9_0_0      0.40073351  0.39058048  0.39058048  0.41102759  0.45369665  0.45369665  0.47598946  0.45369665  0.31400691  0.29603912  0.30496855  0.27849675  0.28721602  0.29603912  0.26136012  0.27849675  0.00000000  0.07511010  0.08840348  0.42146671  
3_0_0      0.38056470  0.37068250  0.37068250  0.36093038  0.41102759  0.41102759  0.43205501  0.41102759  0.35130494  0.26987890  0.27849675  0.27849675  0.26136012  0.28721602  0.25293818  0.28721602  0.07511010  0.00000000  0.03660371  0.39058048  
6_0_0      0.42146671  0.39058048  0.39058048  0.34180294  0.39058048  0.39058048  0.41102759  0.39058048  0.33242126  0.25293818  0.26136012  0.26136012  0.24461089  0.28721602  0.25293818  0.32315688  0.08840348  0.03660371  0.00000000  0.37068250  
7_0_0      0.51073907  0.48739254  0.48739254  0.45369665  0.46475922  0.46475922  0.48739254  0.48739254  0.38056470  0.33242126  0.34180294  0.35130494  0.32315688  0.40073351  0.35130494  0.41102759  0.42146671  0.39058048  0.37068250  0.00000000  

