163
36_29_0    0.00000000  0.00705109  0.16000127  0.16000127  0.12179074  0.11766460  0.12179074  0.15565674  0.15565674  0.16000127  0.15565674  0.23323139  0.23323139  0.23323139  0.22843556  0.25273224  0.26267917  0.24780855  0.26770332  0.29858766  0.28298410  0.28298410  0.28298410  0.28298410  0.28814875  0.27276187  0.29334976  0.27276187  0.27785530  0.29334976  0.29858766  0.30386296  0.30386296  0.29858766  0.29334976  0.34188411  0.35311669  0.32534914  0.38196889  0.39383288  0.39383288  0.39983710  0.38787707  0.38196889  0.38196889  0.39383288  0.38787707  0.27276187  0.27785530  0.33633123  0.35311669  0.26770332  0.27785530  0.27276187  0.31991873  0.33081978  0.34747905  0.30917620  0.30917620  0.32534914  0.31991873  0.31991873  0.33633123  0.35879768  0.33081978  0.45619119  0.44329129  0.41814824  0.43061280  0.46272660  0.44971308  0.46932036  0.46932036  0.29334976  0.31452794  0.34747905  0.26770332  0.26770332  0.27276187  0.29334976  0.35311669  0.30917620  0.31452794  0.31991873  0.32534914  0.30386296  0.29334976  0.34747905  0.34188411  0.35879768  0.34747905  0.34747905  0.33633123  0.33081978  0.34188411  0.30386296  0.27785530  0.27785530  0.35311669  0.26267917  0.26770332  0.26770332  0.39383288  0.37610759  0.31452794  0.33081978  0.34188411  0.31991873  0.33633123  0.34747905  0.31452794  0.28814875  0.37610759  0.37029244  0.37029244  0.36452270  0.34747905  0.30917620  0.31991873  0.31991873  0.31991873  0.32534914  0.33633123  0.33081978  0.33081978  0.35879768  0.34188411  0.34747905  0.37029244  0.34188411  0.34747905  0.35879768  0.36452270  0.35879768  0.37029244  0.37610759  0.37610759  0.31991873  0.31991873  0.33081978  0.32534914  0.33633123  0.31991873  0.32534914  0.37610759  0.38787707  0.38196889  0.37610759  0.38196889  0.35311669  0.34188411  0.31991873  0.34188411  0.35311669  0.35311669  0.30386296  0.28814875  0.28814875  0.28298410  0.30917620  0.30917620  0.31991873  0.30917620  
96_29_0    0.00705109  0.00000000  0.15133760  0.15133760  0.11356138  0.10948083  0.11356138  0.14704357  0.14704357  0.15133760  0.14704357  0.22843556  0.22843556  0.22843556  0.22367067  0.24780855  0.25768896  0.24291746  0.25768896  0.28814875  0.27276187  0.27276187  0.27276187  0.27276187  0.27785530  0.26267917  0.28298410  0.26267917  0.26770332  0.28298410  0.28814875  0.29334976  0.29334976  0.28814875  0.28298410  0.33081978  0.34188411  0.31452794  0.37610759  0.38787707  0.38787707  0.40589052  0.39383288  0.37610759  0.37610759  0.38787707  0.38196889  0.26267917  0.26770332  0.32534914  0.34188411  0.26770332  0.27785530  0.26267917  0.30917620  0.31991873  0.33633123  0.29858766  0.29858766  0.31452794  0.30917620  0.30917620  0.32534914  0.34747905  0.31991873  0.44329129  0.43061280  0.40589052  0.41814824  0.44971308  0.43692484  0.45619119  0.45619119  0.28298410  0.30386296  0.34747905  0.26770332  0.26770332  0.27276187  0.29334976  0.34188411  0.29858766  0.30386296  0.30917620  0.31452794  0.29334976  0.28298410  0.33633123  0.33081978  0.34747905  0.33633123  0.33633123  0.32534914  0.31991873  0.33081978  0.29334976  0.27785530  0.26770332  0.34188411  0.25273224  0.25768896  0.25768896  0.39383288  0.36452270  0.30386296  0.31991873  0.33081978  0.30917620  0.32534914  0.33633123  0.30386296  0.27785530  0.36452270  0.37029244  0.35879768  0.35311669  0.33633123  0.29858766  0.30917620  0.30917620  0.30917620  0.32534914  0.32534914  0.31991873  0.31991873  0.35879768  0.34188411  0.34747905  0.37029244  0.34188411  0.34747905  0.35879768  0.36452270  0.35879768  0.37029244  0.37610759  0.37610759  0.31991873  0.31991873  0.33081978  0.32534914  0.33633123  0.31991873  0.32534914  0.37610759  0.38787707  0.38196889  0.37610759  0.38196889  0.35311669  0.34188411  0.30917620  0.33081978  0.34188411  0.35311669  0.29334976  0.27785530  0.27785530  0.27276187  0.29858766  0.29858766  0.30917620  0.29858766  
36_27_0    0.16000127  0.15133760  0.00000000  0.00000000  0.14277436  0.13852968  0.14277436  0.19570927  0.19570927  0.18211570  0.17763953  0.27785530  0.27785530  0.27276187  0.27276187  0.28298410  0.28298410  0.29858766  0.27276187  0.28298410  0.28814875  0.28298410  0.30386296  0.30386296  0.29858766  0.27785530  0.29858766  0.26770332  0.29334976  0.28298410  0.28298410  0.28814875  0.29858766  0.29334976  0.33633123  0.35311669  0.35311669  0.33633123  0.38787707  0.38787707  0.37610759  0.37610759  0.37610759  0.38196889  0.38196889  0.39983710  0.39383288  0.27276187  0.28298410  0.34188411  0.35879768  0.34747905  0.34747905  0.34188411  0.29334976  0.30386296  0.33081978  0.31991873  0.33081978  0.35311669  0.34747905  0.34747905  0.36452270  0.35311669  0.35311669  0.44971308  0.44971308  0.42435423  0.44971308  0.45619119  0.46932036  0.47597350  0.47597350  0.31991873  0.34188411  0.38196889  0.29858766  0.29858766  0.29334976  0.29858766  0.32534914  0.28814875  0.29334976  0.28814875  0.30386296  0.28298410  0.28298410  0.31991873  0.38196889  0.38196889  0.36452270  0.36452270  0.37610759  0.37029244  0.37029244  0.31991873  0.30386296  0.29334976  0.31991873  0.28814875  0.29334976  0.28298410  0.39383288  0.36452270  0.33081978  0.32534914  0.34747905  0.32534914  0.33633123  0.34188411  0.31452794  0.33081978  0.35311669  0.36452270  0.37029244  0.34747905  0.35311669  0.33633123  0.34747905  0.34747905  0.34747905  0.36452270  0.36452270  0.35879768  0.35879768  0.37610759  0.35879768  0.36452270  0.37610759  0.38787707  0.37610759  0.38787707  0.38196889  0.39383288  0.37610759  0.41199396  0.38196889  0.39383288  0.38196889  0.39383288  0.38787707  0.40589052  0.37610759  0.37610759  0.39383288  0.41814824  0.42435423  0.40589052  0.41199396  0.37610759  0.37610759  0.33633123  0.31991873  0.34188411  0.34747905  0.35311669  0.34747905  0.34747905  0.33633123  0.33081978  0.33081978  0.34188411  0.33081978  
96_27_0    0.16000127  0.15133760  0.00000000  0.00000000  0.14277436  0.13852968  0.14277436  0.19570927  0.19570927  0.18211570  0.17763953  0.27785530  0.27785530  0.27276187  0.27276187  0.28298410  0.28298410  0.29858766  0.27276187  0.28298410  0.28814875  0.28298410  0.30386296  0.30386296  0.29858766  0.27785530  0.29858766  0.26770332  0.29334976  0.28298410  0.28298410  0.28814875  0.29858766  0.29334976  0.33633123  0.35311669  0.35311669  0.33633123  0.38787707  0.38787707  0.37610759  0.37610759  0.37610759  0.38196889  0.38196889  0.39983710  0.39383288  0.27276187  0.28298410  0.34188411  0.35879768  0.34747905  0.34747905  0.34188411  0.29334976  0.30386296  0.33081978  0.31991873  0.33081978  0.35311669  0.34747905  0.34747905  0.36452270  0.35311669  0.35311669  0.44971308  0.44971308  0.42435423  0.44971308  0.45619119  0.46932036  0.47597350  0.47597350  0.31991873  0.34188411  0.38196889  0.29858766  0.29858766  0.29334976  0.29858766  0.32534914  0.28814875  0.29334976  0.28814875  0.30386296  0.28298410  0.28298410  0.31991873  0.38196889  0.38196889  0.36452270  0.36452270  0.37610759  0.37029244  0.37029244  0.31991873  0.30386296  0.29334976  0.31991873  0.28814875  0.29334976  0.28298410  0.39383288  0.36452270  0.33081978  0.32534914  0.34747905  0.32534914  0.33633123  0.34188411  0.31452794  0.33081978  0.35311669  0.36452270  0.37029244  0.34747905  0.35311669  0.33633123  0.34747905  0.34747905  0.34747905  0.36452270  0.36452270  0.35879768  0.35879768  0.37610759  0.35879768  0.36452270  0.37610759  0.38787707  0.37610759  0.38787707  0.38196889  0.39383288  0.37610759  0.41199396  0.38196889  0.39383288  0.38196889  0.39383288  0.38787707  0.40589052  0.37610759  0.37610759  0.39383288  0.41814824  0.42435423  0.40589052  0.41199396  0.37610759  0.37610759  0.33633123  0.31991873  0.34188411  0.34747905  0.35311669  0.34747905  0.34747905  0.33633123  0.33081978  0.33081978  0.34188411  0.33081978  
96_30_0    0.12179074  0.11356138  0.14277436  0.14277436  0.00000000  0.00705109  0.01060203  0.16876776  0.16876776  0.17319033  0.16876776  0.25273224  0.25273224  0.24780855  0.25768896  0.30386296  0.28814875  0.28814875  0.26770332  0.29858766  0.30917620  0.29334976  0.29858766  0.29858766  0.31991873  0.28298410  0.31452794  0.27276187  0.26770332  0.28814875  0.27276187  0.27785530  0.28814875  0.28298410  0.31452794  0.36452270  0.34747905  0.31991873  0.36452270  0.36452270  0.36452270  0.37029244  0.35879768  0.37029244  0.37029244  0.38196889  0.37610759  0.28814875  0.29858766  0.35879768  0.34747905  0.31991873  0.33081978  0.29858766  0.33081978  0.34188411  0.35311669  0.34747905  0.33633123  0.33633123  0.34188411  0.34188411  0.37610759  0.35879768  0.32534914  0.43061280  0.41814824  0.43061280  0.42435423  0.44971308  0.44329129  0.43692484  0.43692484  0.30386296  0.31452794  0.36452270  0.33633123  0.33633123  0.33081978  0.34747905  0.31991873  0.31452794  0.31991873  0.32534914  0.33633123  0.31991873  0.31991873  0.36452270  0.37610759  0.38787707  0.38787707  0.35311669  0.36452270  0.35879768  0.35879768  0.34188411  0.33633123  0.32534914  0.35879768  0.28298410  0.28814875  0.27785530  0.38787707  0.33633123  0.29858766  0.29858766  0.32534914  0.30917620  0.32534914  0.34747905  0.33633123  0.32534914  0.38196889  0.39983710  0.35879768  0.32534914  0.31991873  0.33081978  0.34188411  0.34188411  0.34188411  0.34747905  0.33633123  0.34188411  0.34188411  0.38196889  0.35879768  0.36452270  0.37029244  0.36452270  0.38787707  0.38196889  0.38787707  0.37610759  0.37610759  0.38787707  0.37029244  0.34747905  0.35311669  0.35879768  0.36452270  0.35879768  0.36452270  0.35311669  0.40589052  0.41814824  0.41199396  0.40589052  0.41199396  0.38787707  0.38787707  0.35311669  0.35879768  0.35879768  0.35879768  0.32534914  0.31991873  0.31991873  0.33081978  0.35879768  0.35879768  0.37029244  0.35879768  
36_32_0    0.11766460  0.10948083  0.13852968  0.13852968  0.00705109  0.00000000  0.00351713  0.16437151  0.16437151  0.16876776  0.16437151  0.25273224  0.25273224  0.24780855  0.26267917  0.30917620  0.28814875  0.29334976  0.26267917  0.29334976  0.30386296  0.28814875  0.28814875  0.28814875  0.30917620  0.27785530  0.30917620  0.26770332  0.25768896  0.27785530  0.26267917  0.26770332  0.27785530  0.27276187  0.30386296  0.35311669  0.33633123  0.30917620  0.35879768  0.35879768  0.35879768  0.36452270  0.35311669  0.36452270  0.36452270  0.37610759  0.37029244  0.28298410  0.29334976  0.35311669  0.34188411  0.31452794  0.32534914  0.29334976  0.32534914  0.33633123  0.34188411  0.34188411  0.33081978  0.33081978  0.33633123  0.33633123  0.37029244  0.35311669  0.31991873  0.41814824  0.40589052  0.41814824  0.41199396  0.44329129  0.43061280  0.42435423  0.42435423  0.29858766  0.30917620  0.35311669  0.33081978  0.33081978  0.32534914  0.34188411  0.32534914  0.30917620  0.31452794  0.31991873  0.33081978  0.31452794  0.31452794  0.35311669  0.36452270  0.37610759  0.37610759  0.34188411  0.35311669  0.34747905  0.34747905  0.33633123  0.33081978  0.31991873  0.34747905  0.27276187  0.27785530  0.26770332  0.38196889  0.32534914  0.29334976  0.29334976  0.31991873  0.30386296  0.31991873  0.34188411  0.33081978  0.31452794  0.37610759  0.39383288  0.35311669  0.31991873  0.31452794  0.32534914  0.33633123  0.33633123  0.33633123  0.34188411  0.33081978  0.33633123  0.33633123  0.37029244  0.35311669  0.35879768  0.35879768  0.35311669  0.38196889  0.37610759  0.37610759  0.37610759  0.36452270  0.37610759  0.35879768  0.33633123  0.34188411  0.34747905  0.35311669  0.34747905  0.35311669  0.34188411  0.39383288  0.40589052  0.39983710  0.39383288  0.39983710  0.37610759  0.37610759  0.34747905  0.35311669  0.35311669  0.35311669  0.32534914  0.31991873  0.31991873  0.31991873  0.34747905  0.34747905  0.35879768  0.34747905  
36_30_0    0.12179074  0.11356138  0.14277436  0.14277436  0.01060203  0.00351713  0.00000000  0.16876776  0.16876776  0.17319033  0.16876776  0.25768896  0.25768896  0.25273224  0.26770332  0.31452794  0.29334976  0.29858766  0.26770332  0.29858766  0.30917620  0.29334976  0.29334976  0.29334976  0.31452794  0.28298410  0.31452794  0.27276187  0.25768896  0.27785530  0.26267917  0.26770332  0.27785530  0.27276187  0.30917620  0.35879768  0.34188411  0.31452794  0.36452270  0.36452270  0.36452270  0.37029244  0.35879768  0.37029244  0.37029244  0.38196889  0.37610759  0.28814875  0.29858766  0.35879768  0.34747905  0.31991873  0.33081978  0.29858766  0.33081978  0.34188411  0.34747905  0.34747905  0.33633123  0.33633123  0.34188411  0.34188411  0.37610759  0.35879768  0.32534914  0.42435423  0.41199396  0.42435423  0.41814824  0.44971308  0.43692484  0.43061280  0.43061280  0.30386296  0.31452794  0.35879768  0.33633123  0.33633123  0.33081978  0.34747905  0.33081978  0.31452794  0.31991873  0.32534914  0.33633123  0.31991873  0.31991873  0.35879768  0.37029244  0.38196889  0.38196889  0.34747905  0.35879768  0.35311669  0.35311669  0.34188411  0.33633123  0.32534914  0.34188411  0.27785530  0.28298410  0.27276187  0.38787707  0.33081978  0.29858766  0.29858766  0.32534914  0.30917620  0.32534914  0.34747905  0.33633123  0.31991873  0.38196889  0.39983710  0.35879768  0.32534914  0.31991873  0.33081978  0.34188411  0.34188411  0.34188411  0.34747905  0.33633123  0.34188411  0.34188411  0.37610759  0.35879768  0.36452270  0.36452270  0.35879768  0.38787707  0.38196889  0.38196889  0.38196889  0.37029244  0.38196889  0.36452270  0.34188411  0.34747905  0.35311669  0.35879768  0.35311669  0.35879768  0.34747905  0.39983710  0.41199396  0.40589052  0.39983710  0.40589052  0.38196889  0.38196889  0.35311669  0.35879768  0.35879768  0.35879768  0.33081978  0.32534914  0.32534914  0.32534914  0.35311669  0.35311669  0.36452270  0.35311669  
36_0_0     0.15565674  0.14704357  0.19570927  0.19570927  0.16876776  0.16437151  0.16876776  0.00000000  0.00000000  0.01775554  0.02135845  0.16437151  0.16437151  0.16876776  0.17319033  0.20955768  0.19115023  0.19570927  0.23323139  0.27276187  0.26770332  0.25273224  0.26267917  0.27276187  0.24780855  0.24780855  0.24291746  0.24780855  0.23805855  0.27785530  0.28814875  0.29334976  0.28814875  0.28814875  0.29334976  0.30917620  0.30917620  0.29334976  0.33081978  0.34188411  0.33081978  0.33081978  0.31991873  0.32534914  0.32534914  0.34188411  0.33633123  0.24780855  0.26267917  0.30917620  0.33633123  0.29858766  0.30917620  0.28298410  0.31991873  0.30917620  0.34747905  0.32534914  0.32534914  0.37610759  0.37029244  0.37029244  0.37029244  0.33081978  0.31452794  0.38787707  0.37029244  0.34747905  0.33633123  0.36452270  0.35311669  0.39383288  0.39383288  0.27276187  0.29334976  0.34188411  0.29334976  0.29334976  0.28814875  0.30917620  0.35311669  0.31452794  0.33081978  0.32534914  0.33081978  0.29858766  0.31452794  0.33633123  0.34188411  0.35311669  0.33633123  0.34188411  0.34188411  0.32534914  0.33633123  0.29858766  0.27276187  0.25768896  0.32534914  0.26267917  0.25768896  0.25768896  0.37029244  0.30917620  0.27785530  0.29334976  0.30386296  0.28298410  0.29858766  0.28814875  0.28814875  0.27276187  0.33081978  0.33081978  0.33081978  0.34188411  0.33633123  0.26267917  0.27276187  0.27276187  0.27276187  0.26770332  0.27785530  0.26267917  0.26267917  0.35311669  0.35879768  0.36452270  0.37610759  0.37029244  0.36452270  0.36452270  0.39983710  0.37610759  0.36452270  0.38196889  0.37029244  0.36452270  0.37610759  0.37610759  0.38196889  0.38787707  0.36452270  0.37029244  0.35311669  0.35879768  0.35879768  0.34747905  0.35311669  0.32534914  0.32534914  0.29858766  0.33633123  0.31452794  0.33633123  0.25768896  0.26267917  0.26267917  0.26267917  0.27785530  0.27785530  0.28814875  0.27785530  
96_0_0     0.15565674  0.14704357  0.19570927  0.19570927  0.16876776  0.16437151  0.16876776  0.00000000  0.00000000  0.01775554  0.02135845  0.16437151  0.16437151  0.16876776  0.17319033  0.20955768  0.19115023  0.19570927  0.23323139  0.27276187  0.26770332  0.25273224  0.26267917  0.27276187  0.24780855  0.24780855  0.24291746  0.24780855  0.23805855  0.27785530  0.28814875  0.29334976  0.28814875  0.28814875  0.29334976  0.30917620  0.30917620  0.29334976  0.33081978  0.34188411  0.33081978  0.33081978  0.31991873  0.32534914  0.32534914  0.34188411  0.33633123  0.24780855  0.26267917  0.30917620  0.33633123  0.29858766  0.30917620  0.28298410  0.31991873  0.30917620  0.34747905  0.32534914  0.32534914  0.37610759  0.37029244  0.37029244  0.37029244  0.33081978  0.31452794  0.38787707  0.37029244  0.34747905  0.33633123  0.36452270  0.35311669  0.39383288  0.39383288  0.27276187  0.29334976  0.34188411  0.29334976  0.29334976  0.28814875  0.30917620  0.35311669  0.31452794  0.33081978  0.32534914  0.33081978  0.29858766  0.31452794  0.33633123  0.34188411  0.35311669  0.33633123  0.34188411  0.34188411  0.32534914  0.33633123  0.29858766  0.27276187  0.25768896  0.32534914  0.26267917  0.25768896  0.25768896  0.37029244  0.30917620  0.27785530  0.29334976  0.30386296  0.28298410  0.29858766  0.28814875  0.28814875  0.27276187  0.33081978  0.33081978  0.33081978  0.34188411  0.33633123  0.26267917  0.27276187  0.27276187  0.27276187  0.26770332  0.27785530  0.26267917  0.26267917  0.35311669  0.35879768  0.36452270  0.37610759  0.37029244  0.36452270  0.36452270  0.39983710  0.37610759  0.36452270  0.38196889  0.37029244  0.36452270  0.37610759  0.37610759  0.38196889  0.38787707  0.36452270  0.37029244  0.35311669  0.35879768  0.35879768  0.34747905  0.35311669  0.32534914  0.32534914  0.29858766  0.33633123  0.31452794  0.33633123  0.25768896  0.26267917  0.26267917  0.26267917  0.27785530  0.27785530  0.28814875  0.27785530  
36_31_0    0.16000127  0.15133760  0.18211570  0.18211570  0.17319033  0.16876776  0.17319033  0.01775554  0.01775554  0.00000000  0.00351713  0.16876776  0.16876776  0.17319033  0.17763953  0.20491264  0.20491264  0.20955768  0.22843556  0.26770332  0.27276187  0.24780855  0.25768896  0.26770332  0.23323139  0.24291746  0.24780855  0.24291746  0.26267917  0.28298410  0.30386296  0.30917620  0.30386296  0.30386296  0.29334976  0.29334976  0.30386296  0.28814875  0.34747905  0.35879768  0.33633123  0.34747905  0.33633123  0.34188411  0.34188411  0.35879768  0.35311669  0.24780855  0.26267917  0.29858766  0.33633123  0.30917620  0.30917620  0.28298410  0.31991873  0.30917620  0.34747905  0.32534914  0.32534914  0.37610759  0.37029244  0.37029244  0.37029244  0.34188411  0.32534914  0.38196889  0.37029244  0.34747905  0.33633123  0.36452270  0.35311669  0.39383288  0.39383288  0.26770332  0.28814875  0.34747905  0.29858766  0.29858766  0.29334976  0.31452794  0.34747905  0.29858766  0.31452794  0.30917620  0.31452794  0.28298410  0.29858766  0.33081978  0.34747905  0.34747905  0.34188411  0.34747905  0.34747905  0.33081978  0.34188411  0.30386296  0.27785530  0.26267917  0.31991873  0.26770332  0.26267917  0.26267917  0.38196889  0.31991873  0.28814875  0.30386296  0.31452794  0.29334976  0.30917620  0.29334976  0.28298410  0.29334976  0.34747905  0.34747905  0.33633123  0.35879768  0.34188411  0.27785530  0.28814875  0.28814875  0.28814875  0.28298410  0.29334976  0.27785530  0.27785530  0.34747905  0.34188411  0.34747905  0.37029244  0.37610759  0.35879768  0.35879768  0.38787707  0.37029244  0.37029244  0.38787707  0.37610759  0.35879768  0.38196889  0.37029244  0.37610759  0.37029244  0.35879768  0.36452270  0.35879768  0.36452270  0.36452270  0.35311669  0.35879768  0.33081978  0.33081978  0.30386296  0.33081978  0.30386296  0.33081978  0.25273224  0.25768896  0.25768896  0.25768896  0.27276187  0.27276187  0.28298410  0.27276187  
96_31_0    0.15565674  0.14704357  0.17763953  0.17763953  0.16876776  0.16437151  0.16876776  0.02135845  0.02135845  0.00351713  0.00000000  0.16437151  0.16437151  0.16876776  0.17319033  0.20029662  0.20029662  0.20491264  0.22367067  0.26267917  0.26770332  0.24291746  0.25273224  0.26267917  0.23805855  0.23805855  0.24291746  0.23805855  0.25768896  0.27785530  0.29858766  0.30386296  0.29858766  0.29858766  0.28814875  0.29858766  0.30917620  0.29334976  0.34188411  0.35311669  0.33081978  0.35311669  0.34188411  0.33633123  0.33633123  0.35311669  0.34747905  0.25273224  0.26770332  0.29334976  0.33081978  0.30386296  0.30386296  0.27785530  0.31452794  0.30386296  0.34188411  0.31991873  0.31991873  0.37029244  0.36452270  0.36452270  0.36452270  0.33633123  0.31991873  0.38787707  0.37610759  0.35311669  0.34188411  0.37029244  0.35879768  0.39983710  0.39983710  0.27276187  0.29334976  0.35311669  0.29334976  0.29334976  0.28814875  0.30917620  0.34188411  0.29334976  0.30917620  0.30386296  0.30917620  0.27785530  0.29334976  0.32534914  0.34188411  0.34188411  0.33633123  0.34188411  0.34188411  0.32534914  0.33633123  0.29858766  0.27276187  0.25768896  0.31452794  0.26267917  0.25768896  0.25768896  0.38787707  0.32534914  0.29334976  0.30917620  0.31991873  0.29858766  0.31452794  0.29858766  0.28814875  0.29858766  0.35311669  0.35311669  0.34188411  0.35311669  0.33633123  0.28298410  0.29334976  0.29334976  0.29334976  0.28814875  0.29858766  0.28298410  0.28298410  0.34188411  0.33633123  0.34188411  0.36452270  0.37029244  0.35311669  0.35311669  0.38196889  0.36452270  0.36452270  0.38196889  0.37029244  0.35311669  0.37610759  0.36452270  0.37029244  0.36452270  0.35311669  0.35879768  0.35311669  0.35879768  0.35879768  0.34747905  0.35311669  0.32534914  0.32534914  0.30917620  0.33633123  0.30917620  0.33633123  0.25768896  0.26267917  0.26267917  0.26267917  0.27785530  0.27785530  0.28814875  0.27785530  
75_0_0     0.23323139  0.22843556  0.27785530  0.27785530  0.25273224  0.25273224  0.25768896  0.16437151  0.16437151  0.16876776  0.16437151  0.00000000  0.00000000  0.03227380  0.02135845  0.08545984  0.05838826  0.08545984  0.33081978  0.36452270  0.33633123  0.35879768  0.37610759  0.37610759  0.35879768  0.35879768  0.37029244  0.33633123  0.31452794  0.31991873  0.34747905  0.35311669  0.34747905  0.34747905  0.35311669  0.35879768  0.39383288  0.37029244  0.36452270  0.41199396  0.39983710  0.41199396  0.39983710  0.41814824  0.42435423  0.43692484  0.41814824  0.35311669  0.33633123  0.31991873  0.33081978  0.32534914  0.33633123  0.31452794  0.35311669  0.34188411  0.32534914  0.34188411  0.35311669  0.38196889  0.38787707  0.38787707  0.38196889  0.36452270  0.33633123  0.39983710  0.39983710  0.38787707  0.37610759  0.40589052  0.39383288  0.41199396  0.41199396  0.32534914  0.33633123  0.37029244  0.35879768  0.35879768  0.35311669  0.36452270  0.38196889  0.34747905  0.34188411  0.35879768  0.34188411  0.34188411  0.35879768  0.38196889  0.36452270  0.38196889  0.37029244  0.37610759  0.37610759  0.37029244  0.37029244  0.32534914  0.31452794  0.31991873  0.34188411  0.30386296  0.30917620  0.30917620  0.41814824  0.35879768  0.37029244  0.37610759  0.37610759  0.36452270  0.37610759  0.34188411  0.31452794  0.30386296  0.39983710  0.39983710  0.37610759  0.39383288  0.38787707  0.31991873  0.33081978  0.33081978  0.33081978  0.33081978  0.33633123  0.32534914  0.32534914  0.33081978  0.33081978  0.33633123  0.33633123  0.35311669  0.35879768  0.35879768  0.37610759  0.34747905  0.37029244  0.35879768  0.40589052  0.38196889  0.39383288  0.39383288  0.39983710  0.37610759  0.39383288  0.39383288  0.37029244  0.36452270  0.36452270  0.35311669  0.35879768  0.34188411  0.33081978  0.33081978  0.35879768  0.35311669  0.34188411  0.29858766  0.31452794  0.31452794  0.31452794  0.30917620  0.30917620  0.31991873  0.30917620  
93_0_0     0.23323139  0.22843556  0.27785530  0.27785530  0.25273224  0.25273224  0.25768896  0.16437151  0.16437151  0.16876776  0.16437151  0.00000000  0.00000000  0.03227380  0.02135845  0.08545984  0.05838826  0.08545984  0.33081978  0.36452270  0.33633123  0.35879768  0.37610759  0.37610759  0.35879768  0.35879768  0.37029244  0.33633123  0.31452794  0.31991873  0.34747905  0.35311669  0.34747905  0.34747905  0.35311669  0.35879768  0.39383288  0.37029244  0.36452270  0.41199396  0.39983710  0.41199396  0.39983710  0.41814824  0.42435423  0.43692484  0.41814824  0.35311669  0.33633123  0.31991873  0.33081978  0.32534914  0.33633123  0.31452794  0.35311669  0.34188411  0.32534914  0.34188411  0.35311669  0.38196889  0.38787707  0.38787707  0.38196889  0.36452270  0.33633123  0.39983710  0.39983710  0.38787707  0.37610759  0.40589052  0.39383288  0.41199396  0.41199396  0.32534914  0.33633123  0.37029244  0.35879768  0.35879768  0.35311669  0.36452270  0.38196889  0.34747905  0.34188411  0.35879768  0.34188411  0.34188411  0.35879768  0.38196889  0.36452270  0.38196889  0.37029244  0.37610759  0.37610759  0.37029244  0.37029244  0.32534914  0.31452794  0.31991873  0.34188411  0.30386296  0.30917620  0.30917620  0.41814824  0.35879768  0.37029244  0.37610759  0.37610759  0.36452270  0.37610759  0.34188411  0.31452794  0.30386296  0.39983710  0.39983710  0.37610759  0.39383288  0.38787707  0.31991873  0.33081978  0.33081978  0.33081978  0.33081978  0.33633123  0.32534914  0.32534914  0.33081978  0.33081978  0.33633123  0.33633123  0.35311669  0.35879768  0.35879768  0.37610759  0.34747905  0.37029244  0.35879768  0.40589052  0.38196889  0.39383288  0.39383288  0.39983710  0.37610759  0.39383288  0.39383288  0.37029244  0.36452270  0.36452270  0.35311669  0.35879768  0.34188411  0.33081978  0.33081978  0.35879768  0.35311669  0.34188411  0.29858766  0.31452794  0.31452794  0.31452794  0.30917620  0.30917620  0.31991873  0.30917620  
43_0_0     0.23323139  0.22843556  0.27276187  0.27276187  0.24780855  0.24780855  0.25273224  0.16876776  0.16876776  0.17319033  0.16876776  0.03227380  0.03227380  0.00000000  0.03964135  0.08153120  0.06986911  0.08940949  0.32534914  0.35879768  0.34188411  0.34188411  0.35879768  0.35879768  0.33081978  0.35311669  0.35879768  0.33081978  0.30917620  0.32534914  0.35311669  0.35879768  0.35311669  0.35311669  0.33633123  0.36452270  0.37610759  0.35311669  0.35879768  0.40589052  0.39383288  0.39383288  0.38196889  0.42435423  0.43061280  0.43692484  0.41814824  0.33633123  0.34188411  0.32534914  0.31991873  0.33081978  0.34188411  0.33081978  0.33633123  0.32534914  0.30917620  0.33633123  0.34747905  0.39383288  0.38787707  0.38787707  0.38787707  0.37029244  0.33081978  0.41199396  0.41199396  0.41199396  0.38787707  0.43061280  0.40589052  0.42435423  0.42435423  0.33081978  0.32534914  0.38787707  0.34188411  0.34188411  0.33633123  0.35879768  0.37029244  0.34188411  0.33633123  0.35311669  0.34747905  0.33633123  0.35311669  0.41814824  0.40589052  0.42435423  0.41199396  0.40589052  0.40589052  0.39983710  0.39983710  0.33633123  0.31991873  0.32534914  0.32534914  0.30917620  0.31452794  0.31452794  0.43692484  0.37610759  0.37610759  0.39383288  0.39383288  0.38196889  0.39383288  0.35879768  0.31991873  0.31991873  0.42435423  0.42435423  0.39983710  0.39383288  0.39983710  0.32534914  0.33633123  0.33633123  0.33633123  0.34747905  0.35311669  0.34188411  0.34188411  0.33633123  0.32534914  0.33081978  0.33081978  0.35879768  0.37610759  0.37610759  0.39383288  0.37610759  0.37610759  0.35311669  0.39983710  0.38787707  0.39983710  0.39983710  0.40589052  0.38196889  0.38787707  0.39383288  0.37610759  0.38196889  0.38196889  0.37029244  0.37610759  0.37029244  0.35879768  0.34747905  0.36452270  0.35879768  0.34747905  0.30386296  0.30917620  0.30917620  0.31991873  0.32534914  0.32534914  0.33633123  0.32534914  
43_33_0    0.22843556  0.22367067  0.27276187  0.27276187  0.25768896  0.26267917  0.26770332  0.17319033  0.17319033  0.17763953  0.17319033  0.02135845  0.02135845  0.03964135  0.00000000  0.08545984  0.07373605  0.08545984  0.30386296  0.33633123  0.30917620  0.33081978  0.35879768  0.35879768  0.34188411  0.33081978  0.34747905  0.30917620  0.31452794  0.31452794  0.34188411  0.34747905  0.34188411  0.34188411  0.37029244  0.37610759  0.41199396  0.38787707  0.33633123  0.38196889  0.37029244  0.39383288  0.38196889  0.41199396  0.41814824  0.43061280  0.41199396  0.35879768  0.34188411  0.31991873  0.33081978  0.33633123  0.34747905  0.32534914  0.35311669  0.34188411  0.33633123  0.34188411  0.35311669  0.38787707  0.38787707  0.38787707  0.38196889  0.36452270  0.33633123  0.41814824  0.40589052  0.41814824  0.39383288  0.41199396  0.41199396  0.43061280  0.43061280  0.31991873  0.33081978  0.38787707  0.36452270  0.36452270  0.35879768  0.37029244  0.37610759  0.34188411  0.33633123  0.35311669  0.33633123  0.33633123  0.35311669  0.41199396  0.38787707  0.41814824  0.40589052  0.41199396  0.41199396  0.40589052  0.40589052  0.33633123  0.31991873  0.32534914  0.34747905  0.31991873  0.32534914  0.32534914  0.42435423  0.38196889  0.37610759  0.39383288  0.39383288  0.38196889  0.39383288  0.33633123  0.30917620  0.30917620  0.40589052  0.39383288  0.38196889  0.38787707  0.38196889  0.31452794  0.32534914  0.32534914  0.32534914  0.33633123  0.34188411  0.33081978  0.33081978  0.34747905  0.33633123  0.34188411  0.35311669  0.37029244  0.35311669  0.35311669  0.38196889  0.35311669  0.38787707  0.37610759  0.41199396  0.39983710  0.41199396  0.41199396  0.41814824  0.39383288  0.41199396  0.41199396  0.38787707  0.38196889  0.38196889  0.37029244  0.37610759  0.35879768  0.34747905  0.33081978  0.34747905  0.35311669  0.34188411  0.31452794  0.33081978  0.33081978  0.33081978  0.32534914  0.32534914  0.33633123  0.32534914  
48_0_0     0.25273224  0.24780855  0.28298410  0.28298410  0.30386296  0.30917620  0.31452794  0.20955768  0.20955768  0.20491264  0.20029662  0.08545984  0.08545984  0.08153120  0.08545984  0.00000000  0.10138674  0.09737271  0.32534914  0.33633123  0.29858766  0.33633123  0.34747905  0.33633123  0.33081978  0.33081978  0.34747905  0.31991873  0.33633123  0.31991873  0.36452270  0.37029244  0.36452270  0.36452270  0.39383288  0.39983710  0.43061280  0.40589052  0.36452270  0.40589052  0.39383288  0.40589052  0.40589052  0.42435423  0.44329129  0.43692484  0.41814824  0.38196889  0.37610759  0.37029244  0.38787707  0.37029244  0.38196889  0.37029244  0.38787707  0.37610759  0.37029244  0.38787707  0.39983710  0.45619119  0.44971308  0.44971308  0.41199396  0.40589052  0.39983710  0.46272660  0.43692484  0.42435423  0.42435423  0.44329129  0.44329129  0.47597350  0.47597350  0.40589052  0.41814824  0.42435423  0.37610759  0.37610759  0.37029244  0.39383288  0.40589052  0.37610759  0.37029244  0.38787707  0.38196889  0.37029244  0.37610759  0.44329129  0.46272660  0.46272660  0.44329129  0.43061280  0.43061280  0.41199396  0.42435423  0.37029244  0.34188411  0.33633123  0.39983710  0.37610759  0.38196889  0.38196889  0.46272660  0.42435423  0.41199396  0.41814824  0.39383288  0.40589052  0.41814824  0.41199396  0.35311669  0.34188411  0.43061280  0.44329129  0.43061280  0.43692484  0.41814824  0.34747905  0.35879768  0.35879768  0.35879768  0.35879768  0.36452270  0.35311669  0.35311669  0.37029244  0.35879768  0.36452270  0.36452270  0.40589052  0.37610759  0.38787707  0.40589052  0.38787707  0.43692484  0.39983710  0.42435423  0.41199396  0.42435423  0.41199396  0.40589052  0.42435423  0.39983710  0.40589052  0.38787707  0.38787707  0.38196889  0.37029244  0.37610759  0.36452270  0.34747905  0.37610759  0.39983710  0.38787707  0.40589052  0.34747905  0.35311669  0.35311669  0.35311669  0.35879768  0.35879768  0.37029244  0.35879768  
92_0_0     0.26267917  0.25768896  0.28298410  0.28298410  0.28814875  0.28814875  0.29334976  0.19115023  0.19115023  0.20491264  0.20029662  0.05838826  0.05838826  0.06986911  0.07373605  0.10138674  0.00000000  0.03964135  0.34188411  0.36452270  0.32534914  0.34747905  0.35311669  0.34188411  0.32534914  0.35879768  0.38196889  0.33633123  0.31452794  0.33081978  0.33633123  0.34188411  0.33081978  0.33633123  0.34188411  0.37029244  0.38196889  0.35879768  0.38787707  0.43692484  0.42435423  0.39983710  0.39983710  0.41814824  0.42435423  0.43061280  0.41199396  0.35879768  0.36452270  0.33633123  0.35879768  0.32534914  0.33633123  0.32534914  0.35879768  0.34747905  0.31991873  0.35879768  0.35879768  0.41814824  0.39983710  0.39983710  0.37610759  0.38196889  0.35311669  0.43692484  0.43061280  0.40589052  0.40589052  0.42435423  0.42435423  0.44329129  0.44329129  0.38196889  0.38196889  0.39983710  0.36452270  0.36452270  0.35879768  0.37029244  0.38787707  0.33633123  0.33081978  0.34747905  0.33081978  0.33081978  0.35879768  0.38787707  0.37029244  0.37610759  0.36452270  0.37610759  0.37610759  0.38196889  0.37029244  0.33633123  0.33633123  0.32534914  0.35879768  0.33081978  0.33633123  0.33633123  0.45619119  0.39383288  0.41814824  0.42435423  0.39983710  0.41199396  0.42435423  0.38196889  0.35311669  0.33081978  0.39983710  0.39983710  0.41199396  0.40589052  0.39983710  0.34747905  0.35879768  0.35879768  0.35879768  0.35879768  0.37029244  0.35311669  0.35311669  0.35879768  0.37029244  0.37610759  0.36452270  0.38196889  0.38787707  0.39983710  0.40589052  0.38787707  0.41199396  0.39383288  0.40589052  0.41199396  0.41199396  0.41199396  0.40589052  0.41199396  0.39983710  0.39983710  0.36452270  0.37610759  0.36452270  0.35879768  0.36452270  0.33633123  0.32534914  0.36452270  0.40589052  0.38196889  0.36452270  0.33081978  0.34747905  0.34747905  0.34747905  0.35311669  0.35311669  0.36452270  0.35311669  
61_0_0     0.24780855  0.24291746  0.29858766  0.29858766  0.28814875  0.29334976  0.29858766  0.19570927  0.19570927  0.20955768  0.20491264  0.08545984  0.08545984  0.08940949  0.08545984  0.09737271  0.03964135  0.00000000  0.33081978  0.35311669  0.31452794  0.33633123  0.35311669  0.34188411  0.32534914  0.34747905  0.37610759  0.32534914  0.32534914  0.33081978  0.33081978  0.33633123  0.32534914  0.33081978  0.34747905  0.36452270  0.39983710  0.37610759  0.39983710  0.43692484  0.43692484  0.41199396  0.41199396  0.43692484  0.44329129  0.44971308  0.43061280  0.36452270  0.38196889  0.32534914  0.35879768  0.32534914  0.33633123  0.32534914  0.35879768  0.34747905  0.34188411  0.35879768  0.35879768  0.40589052  0.39383288  0.39383288  0.36452270  0.37029244  0.34188411  0.44971308  0.43061280  0.41814824  0.40589052  0.41199396  0.42435423  0.44329129  0.44329129  0.38196889  0.38196889  0.39983710  0.35879768  0.35879768  0.35311669  0.36452270  0.41814824  0.36452270  0.35879768  0.37610759  0.35879768  0.35879768  0.37029244  0.39983710  0.40589052  0.41814824  0.38787707  0.39983710  0.39983710  0.40589052  0.39383288  0.34747905  0.34188411  0.33081978  0.37610759  0.34747905  0.35311669  0.35311669  0.44329129  0.39383288  0.40589052  0.42435423  0.39983710  0.41199396  0.42435423  0.38196889  0.34747905  0.33633123  0.40589052  0.40589052  0.41814824  0.41814824  0.39983710  0.35311669  0.36452270  0.36452270  0.36452270  0.35311669  0.35311669  0.34747905  0.34747905  0.37610759  0.37610759  0.38196889  0.39383288  0.39983710  0.40589052  0.41814824  0.43692484  0.40589052  0.45619119  0.39983710  0.39983710  0.40589052  0.40589052  0.40589052  0.39983710  0.41814824  0.39383288  0.39383288  0.38196889  0.39383288  0.38196889  0.37610759  0.38196889  0.35311669  0.34188411  0.37029244  0.41199396  0.38787707  0.38196889  0.34188411  0.35879768  0.35879768  0.35879768  0.37610759  0.37610759  0.38787707  0.37610759  
30_0_0     0.26770332  0.25768896  0.27276187  0.27276187  0.26770332  0.26267917  0.26770332  0.23323139  0.23323139  0.22843556  0.22367067  0.33081978  0.33081978  0.32534914  0.30386296  0.32534914  0.34188411  0.33081978  0.00000000  0.03594839  0.05838826  0.03594839  0.06986911  0.08153120  0.06986911  0.01775554  0.04708312  0.03227380  0.27276187  0.29334976  0.28814875  0.29334976  0.29334976  0.29858766  0.33633123  0.31991873  0.33633123  0.33081978  0.34747905  0.35879768  0.35879768  0.35311669  0.36452270  0.37610759  0.38787707  0.38196889  0.37610759  0.25768896  0.24780855  0.33081978  0.34188411  0.34747905  0.35879768  0.33633123  0.31991873  0.33081978  0.37029244  0.35311669  0.34188411  0.41814824  0.39983710  0.39983710  0.35311669  0.37610759  0.35311669  0.35311669  0.34747905  0.37029244  0.34188411  0.37029244  0.35879768  0.36452270  0.36452270  0.23805855  0.27785530  0.30917620  0.30917620  0.30917620  0.30386296  0.31452794  0.29858766  0.28814875  0.28298410  0.28814875  0.29858766  0.28298410  0.28814875  0.30386296  0.35311669  0.37029244  0.34188411  0.35311669  0.35311669  0.33633123  0.34747905  0.26267917  0.24291746  0.23323139  0.31452794  0.22843556  0.23323139  0.23323139  0.37029244  0.31991873  0.28814875  0.29858766  0.30386296  0.29858766  0.31452794  0.29858766  0.29334976  0.29858766  0.37610759  0.37029244  0.38196889  0.34188411  0.35311669  0.27276187  0.28298410  0.28298410  0.28298410  0.30386296  0.30386296  0.29858766  0.29858766  0.35879768  0.33081978  0.32534914  0.35879768  0.36452270  0.33633123  0.35311669  0.35311669  0.35311669  0.35311669  0.33633123  0.29334976  0.34188411  0.30917620  0.34188411  0.34747905  0.35311669  0.34188411  0.34747905  0.34188411  0.35311669  0.34747905  0.35311669  0.34747905  0.33081978  0.34747905  0.31452794  0.28298410  0.31452794  0.29858766  0.27785530  0.26267917  0.26267917  0.26267917  0.28298410  0.28298410  0.29334976  0.28298410  
72_25_0    0.29858766  0.28814875  0.28298410  0.28298410  0.29858766  0.29334976  0.29858766  0.27276187  0.27276187  0.26770332  0.26267917  0.36452270  0.36452270  0.35879768  0.33633123  0.33633123  0.36452270  0.35311669  0.03594839  0.00000000  0.05083231  0.06602230  0.10138674  0.09737271  0.10948083  0.04708312  0.07762334  0.06219542  0.30917620  0.30917620  0.31452794  0.31991873  0.31991873  0.32534914  0.35879768  0.34747905  0.36452270  0.35879768  0.37029244  0.38196889  0.38196889  0.37029244  0.38196889  0.38787707  0.39983710  0.40589052  0.39983710  0.29858766  0.28814875  0.34747905  0.35879768  0.35879768  0.37029244  0.34747905  0.34747905  0.35879768  0.38787707  0.37029244  0.35879768  0.43061280  0.41199396  0.41199396  0.37029244  0.39383288  0.38196889  0.36452270  0.34747905  0.37029244  0.35311669  0.38196889  0.37029244  0.37610759  0.37610759  0.27276187  0.31452794  0.33633123  0.32534914  0.32534914  0.31991873  0.33081978  0.31452794  0.30386296  0.29858766  0.30386296  0.31452794  0.29858766  0.29334976  0.30917620  0.38196889  0.39383288  0.36452270  0.37610759  0.37610759  0.35879768  0.37029244  0.27785530  0.25768896  0.24780855  0.33633123  0.26267917  0.26770332  0.26770332  0.38196889  0.35311669  0.31991873  0.33081978  0.32534914  0.33081978  0.34747905  0.33081978  0.33633123  0.31452794  0.38196889  0.39383288  0.39983710  0.37610759  0.37610759  0.30386296  0.31452794  0.31452794  0.31452794  0.33633123  0.33633123  0.33081978  0.33081978  0.38787707  0.35879768  0.35311669  0.38787707  0.39383288  0.36452270  0.37029244  0.38196889  0.38196889  0.37029244  0.36452270  0.31452794  0.34747905  0.31452794  0.34747905  0.33633123  0.37029244  0.34747905  0.35311669  0.37029244  0.38196889  0.37610759  0.38196889  0.37610759  0.35879768  0.36452270  0.34188411  0.31991873  0.34188411  0.32534914  0.31452794  0.29858766  0.29858766  0.29858766  0.29858766  0.29858766  0.30917620  0.29858766  
