20
14_0_0     0.00000000  0.01119613  0.02256583  0.02256583  0.02831746  0.08221862  0.23352641  0.27274898  0.26473487  0.37644203  0.38578301  0.28085163  0.23352641  0.22592746  0.32276454  0.33144240  0.33144240  0.24896466  0.24896466  0.24896466  
18_0_0     0.01119613  0.00000000  0.03411456  0.03411456  0.02831746  0.08221862  0.24896466  0.25680738  0.26473487  0.35810956  0.36721852  0.29733050  0.24896466  0.24120492  0.32276454  0.34911234  0.34911234  0.26473487  0.26473487  0.26473487  
12_0_0     0.02256583  0.03411456  0.00000000  0.00000000  0.00557670  0.05777229  0.22592746  0.24896466  0.24120492  0.36721852  0.37644203  0.27274898  0.24120492  0.23352641  0.33144240  0.34022416  0.34022416  0.26473487  0.26473487  0.25680738  
19_0_0     0.02256583  0.03411456  0.00000000  0.00000000  0.00557670  0.05777229  0.22592746  0.24896466  0.24120492  0.36721852  0.37644203  0.27274898  0.24120492  0.23352641  0.33144240  0.34022416  0.34022416  0.26473487  0.26473487  0.25680738  
20_0_0     0.02831746  0.02831746  0.00557670  0.00557670  0.00000000  0.05178593  0.23352641  0.24120492  0.23352641  0.35810956  0.36721852  0.28085163  0.24896466  0.24120492  0.34022416  0.34911234  0.34911234  0.27274898  0.27274898  0.26473487  
13_0_0     0.08221862  0.08221862  0.05777229  0.05777229  0.05178593  0.00000000  0.25680738  0.23352641  0.24120492  0.38578301  0.39524449  0.33144240  0.30571090  0.29733050  0.35810956  0.38578301  0.38578301  0.32276454  0.32276454  0.30571090  
15_0_0     0.23352641  0.24896466  0.22592746  0.22592746  0.23352641  0.25680738  0.00000000  0.28904479  0.28904479  0.37644203  0.38578301  0.36721852  0.30571090  0.32276454  0.39524449  0.37644203  0.38578301  0.31418815  0.31418815  0.32276454  
17_0_0     0.27274898  0.25680738  0.24896466  0.24896466  0.24120492  0.23352641  0.28904479  0.00000000  0.05178593  0.43436034  0.44447418  0.39524449  0.38578301  0.35810956  0.42438407  0.41454168  0.43436034  0.38578301  0.38578301  0.40482963  
16_0_0     0.26473487  0.26473487  0.24120492  0.24120492  0.23352641  0.24120492  0.28904479  0.05178593  0.00000000  0.44447418  0.45472943  0.38578301  0.35810956  0.34911234  0.44447418  0.42438407  0.43436034  0.39524449  0.39524449  0.41454168  
8_0_0      0.37644203  0.35810956  0.36721852  0.36721852  0.35810956  0.38578301  0.37644203  0.43436034  0.44447418  0.00000000  0.00557670  0.20359187  0.15397762  0.13370050  0.25680738  0.21840643  0.20359187  0.20359187  0.20359187  0.16086317  
2_0_0      0.38578301  0.36721852  0.37644203  0.37644203  0.36721852  0.39524449  0.38578301  0.44447418  0.45472943  0.00557670  0.00000000  0.21096175  0.16086317  0.14039744  0.26473487  0.22592746  0.21096175  0.21096175  0.21096175  0.16781399  
6_0_0      0.28085163  0.29733050  0.27274898  0.27274898  0.28085163  0.33144240  0.36721852  0.39524449  0.38578301  0.20359187  0.21096175  0.00000000  0.08845968  0.08221862  0.19629531  0.18907062  0.19629531  0.14715610  0.14715610  0.14715610  
9_0_0      0.23352641  0.24896466  0.24120492  0.24120492  0.24896466  0.30571090  0.30571090  0.38578301  0.35810956  0.15397762  0.16086317  0.08845968  0.00000000  0.02831746  0.20359187  0.16781399  0.16781399  0.12706415  0.12706415  0.10110340  
1_0_0      0.22592746  0.24120492  0.23352641  0.23352641  0.24120492  0.29733050  0.32276454  0.35810956  0.34911234  0.13370050  0.14039744  0.08221862  0.02831746  0.00000000  0.17483130  0.13370050  0.13370050  0.10750795  0.10750795  0.08845968  
5_0_0      0.32276454  0.32276454  0.33144240  0.33144240  0.34022416  0.35810956  0.39524449  0.42438407  0.44447418  0.25680738  0.26473487  0.19629531  0.20359187  0.17483130  0.00000000  0.10110340  0.09475429  0.19629531  0.19629531  0.21096175  
3_0_0      0.33144240  0.34911234  0.34022416  0.34022416  0.34911234  0.38578301  0.37644203  0.41454168  0.42438407  0.21840643  0.22592746  0.18907062  0.16781399  0.13370050  0.10110340  0.00000000  0.02256583  0.15397762  0.15397762  0.17483130  
4_0_0      0.33144240  0.34911234  0.34022416  0.34022416  0.34911234  0.38578301  0.38578301  0.43436034  0.43436034  0.20359187  0.21096175  0.19629531  0.16781399  0.13370050  0.09475429  0.02256583  0.00000000  0.16086317  0.16086317  0.16781399  
7_0_0      0.24896466  0.26473487  0.26473487  0.26473487  0.27274898  0.32276454  0.31418815  0.38578301  0.39524449  0.20359187  0.21096175  0.14715610  0.12706415  0.10750795  0.19629531  0.15397762  0.16086317  0.00000000  0.00000000  0.06380791  
11_0_0     0.24896466  0.26473487  0.26473487  0.26473487  0.27274898  0.32276454  0.31418815  0.38578301  0.39524449  0.20359187  0.21096175  0.14715610  0.12706415  0.10750795  0.19629531  0.15397762  0.16086317  0.00000000  0.00000000  0.06380791  
10_0_0     0.24896466  0.26473487  0.25680738  0.25680738  0.26473487  0.30571090  0.32276454  0.40482963  0.41454168  0.16086317  0.16781399  0.14715610  0.10110340  0.08845968  0.21096175  0.17483130  0.16781399  0.06380791  0.06380791  0.00000000  

