17
22_0_0     0.00000000  0.07136594  0.07136594  0.50602104  0.56712102  0.52582021  0.52582021  0.53592663  0.53592663  0.54617614  0.52582021  0.51585294  0.53592663  0.54617614  0.58868997  0.56712102  0.43183209  
18_0_0     0.07136594  0.00000000  0.05024783  0.50602104  0.56712102  0.52582021  0.52582021  0.53592663  0.53592663  0.56712102  0.54617614  0.51585294  0.53592663  0.54617614  0.61092132  0.58868997  0.44967882  
47_0_0     0.07136594  0.05024783  0.00000000  0.50602104  0.58868997  0.52582021  0.54617614  0.53592663  0.53592663  0.55657284  0.53592663  0.53592663  0.53592663  0.54617614  0.58868997  0.58868997  0.46797664  
42_0_0     0.50602104  0.50602104  0.50602104  0.00000000  0.07674315  0.01968263  0.03991538  0.03480393  0.03480393  0.20000771  0.18732140  0.15054416  0.20000771  0.20643522  0.13868885  0.12126216  0.28837588  
7_0_0      0.56712102  0.56712102  0.58868997  0.07674315  0.00000000  0.05546989  0.05546989  0.06602838  0.06602838  0.23273159  0.23273159  0.16259683  0.22606741  0.21946402  0.18106064  0.16259683  0.33310883  
48_0_0     0.52582021  0.52582021  0.52582021  0.01968263  0.05546989  0.00000000  0.01968263  0.01471158  0.01471158  0.17485357  0.17485357  0.13868885  0.20000771  0.19363677  0.11554525  0.09866050  0.28837588  
60_0_0     0.52582021  0.52582021  0.54617614  0.03991538  0.05546989  0.01968263  0.00000000  0.02468805  0.02468805  0.18732140  0.18732140  0.15054416  0.18732140  0.18106064  0.12702457  0.10987313  0.27405874  
53_0_0     0.53592663  0.53592663  0.53592663  0.03480393  0.06602838  0.01471158  0.02468805  0.00000000  0.00000000  0.19363677  0.19363677  0.15654541  0.21946402  0.21292031  0.13283322  0.11554525  0.31039691  
29_0_0     0.53592663  0.53592663  0.53592663  0.03480393  0.06602838  0.01471158  0.02468805  0.00000000  0.00000000  0.19363677  0.19363677  0.15654541  0.21946402  0.21292031  0.13283322  0.11554525  0.31039691  
15_0_0     0.54617614  0.56712102  0.55657284  0.20000771  0.23273159  0.17485357  0.18732140  0.19363677  0.19363677  0.00000000  0.00977443  0.30298189  0.31788866  0.32545875  0.26001925  0.23273159  0.41441476  
9_0_0      0.52582021  0.54617614  0.53592663  0.18732140  0.23273159  0.17485357  0.18732140  0.19363677  0.19363677  0.00977443  0.00000000  0.28837588  0.31788866  0.32545875  0.26001925  0.23273159  0.39740664  
34_0_0     0.51585294  0.51585294  0.53592663  0.15054416  0.16259683  0.13868885  0.15054416  0.15654541  0.15654541  0.30298189  0.28837588  0.00000000  0.12126216  0.11554525  0.22606741  0.20643522  0.33310883  
49_1_0     0.53592663  0.53592663  0.53592663  0.20000771  0.22606741  0.20000771  0.18732140  0.21946402  0.21946402  0.31788866  0.31788866  0.12126216  0.00000000  0.01471158  0.28118192  0.27405874  0.36454414  
49_0_0     0.54617614  0.54617614  0.54617614  0.20643522  0.21946402  0.19363677  0.18106064  0.21292031  0.21292031  0.32545875  0.32545875  0.11554525  0.01471158  0.00000000  0.27405874  0.26700496  0.37262098  
43_0_0     0.58868997  0.61092132  0.58868997  0.13868885  0.18106064  0.11554525  0.12702457  0.13283322  0.13283322  0.26001925  0.26001925  0.22606741  0.28118192  0.27405874  0.00000000  0.07136594  0.29564205  
13_0_0     0.56712102  0.58868997  0.58868997  0.12126216  0.16259683  0.09866050  0.10987313  0.11554525  0.11554525  0.23273159  0.23273159  0.20643522  0.27405874  0.26700496  0.07136594  0.00000000  0.28837588  
40_0_0     0.43183209  0.44967882  0.46797664  0.28837588  0.33310883  0.28837588  0.27405874  0.31039691  0.31039691  0.41441476  0.39740664  0.33310883  0.36454414  0.37262098  0.29564205  0.28837588  0.00000000  

