fastme_mat.p : 1.9543192386627197
fastme.f81 : 9.613272428512573
ba.exp : 73.17108273506165
pipeline_dl7132734 : 85.67064595222473
