fastme_mat.p : 1.1061129997196197
fastme.f81 : 3.893532771961212
ba.exp : 32.58624753413391
