118
79_0_0     0.00000000  0.36014580  0.38001299  0.31576401  0.30963561  0.29154924  0.28561738  0.53638683  0.53638683  0.52814119  0.34719132  0.36014580  0.41435850  0.55315901  0.48050869  0.47285976  0.46528910  0.36014580  0.38001299  0.38001299  0.38001299  0.38675573  0.38001299  0.35364021  0.35364021  0.36670910  0.36014580  0.34079816  0.68259457  0.60588507  0.66265881  0.69276758  0.64324613  0.64324613  0.70308241  0.69276758  0.81500750  0.85217593  0.82719069  0.80302168  0.81500750  0.74584284  0.70308241  0.73491882  0.75693055  0.66265881  0.65288881  0.65288881  0.73491882  0.73491882  0.71354307  0.69276758  0.58788898  0.60588507  0.57032024  0.57905247  0.60588507  0.59683231  0.51998643  0.51998643  0.59683231  0.59683231  0.52814119  0.52814119  0.55315901  0.57905247  0.54472540  0.54472540  0.55315901  0.54472540  0.51192057  0.52814119  0.51998643  0.49604794  0.53638683  0.48050869  0.51192057  0.51998643  0.58788898  0.67255955  0.63372752  0.66265881  0.66265881  0.58788898  0.60588507  0.74584284  0.73491882  0.77961727  0.73491882  0.73491882  0.62432981  0.61504996  0.52814119  0.59683231  0.55315901  0.59683231  0.58788898  0.49604794  0.54472540  0.51998643  0.60588507  0.61504996  0.59683231  0.54472540  0.55315901  0.52814119  0.52814119  0.45779511  0.50394169  0.57905247  0.85217593  0.79122694  0.67255955  0.44303108  0.44303108  0.48050869  0.43575810  0.51998643  
85_0_0     0.36014580  0.00000000  0.23980056  0.21254198  0.20720874  0.19143586  0.18625208  0.40736067  0.40736067  0.38675573  0.22877633  0.23426791  0.23980056  0.48050869  0.38675573  0.43575810  0.44303108  0.23980056  0.26235438  0.25099153  0.22877633  0.27389446  0.26235438  0.22877633  0.20191366  0.21254198  0.23980056  0.21254198  0.51998643  0.52814119  0.55315901  0.51192057  0.51998643  0.53638683  0.55315901  0.57032024  0.74584284  0.76818696  0.76818696  0.75693055  0.73491882  0.71354307  0.70308241  0.67255955  0.67255955  0.71354307  0.69276758  0.69276758  0.75693055  0.72415376  0.71354307  0.70308241  0.51192057  0.50394169  0.50394169  0.49604794  0.50394169  0.50394169  0.45037627  0.42855591  0.46528910  0.45779511  0.40042840  0.40042840  0.40042840  0.44303108  0.41435850  0.41435850  0.42855591  0.42142315  0.42855591  0.43575810  0.42142315  0.46528910  0.48823752  0.47285976  0.47285976  0.49604794  0.52814119  0.66265881  0.58788898  0.65288881  0.67255955  0.52814119  0.50394169  0.59683231  0.63372752  0.62432981  0.60588507  0.61504996  0.53638683  0.54472540  0.51192057  0.51192057  0.48823752  0.52814119  0.51192057  0.39356048  0.41435850  0.42855591  0.53638683  0.48823752  0.45037627  0.41435850  0.44303108  0.40042840  0.41435850  0.37333114  0.35364021  0.43575810  0.74584284  0.71354307  0.58788898  0.40042840  0.40042840  0.45779511  0.42142315  0.51192057  
93_0_0     0.38001299  0.23980056  0.00000000  0.13150608  0.12672432  0.11725254  0.11256173  0.34719132  0.34719132  0.35364021  0.19665621  0.19143586  0.20191366  0.44303108  0.29154924  0.30355757  0.32194358  0.18110437  0.14116331  0.13150608  0.17091515  0.17599222  0.17091515  0.16086436  0.21791395  0.22877633  0.20191366  0.19665621  0.45779511  0.46528910  0.49604794  0.45779511  0.49604794  0.49604794  0.53638683  0.53638683  0.69276758  0.73491882  0.79122694  0.67255955  0.68259457  0.67255955  0.58788898  0.70308241  0.68259457  0.60588507  0.59683231  0.59683231  0.70308241  0.65288881  0.64324613  0.63372752  0.48823752  0.57032024  0.51192057  0.50394169  0.48823752  0.47285976  0.42142315  0.44303108  0.40736067  0.40736067  0.38001299  0.38001299  0.40042840  0.44303108  0.42855591  0.42855591  0.38675573  0.38001299  0.36014580  0.36670910  0.35364021  0.46528910  0.47285976  0.48050869  0.50394169  0.50394169  0.48050869  0.55315901  0.43575810  0.61504996  0.61504996  0.49604794  0.48823752  0.65288881  0.67255955  0.60588507  0.61504996  0.60588507  0.51192057  0.48050869  0.48050869  0.44303108  0.47285976  0.46528910  0.46528910  0.33445976  0.33445976  0.36014580  0.40042840  0.38001299  0.46528910  0.42855591  0.36670910  0.39356048  0.39356048  0.34719132  0.34719132  0.45779511  0.76818696  0.75693055  0.61504996  0.45779511  0.45779511  0.40736067  0.40042840  0.42855591  
71_8_0     0.31576401  0.21254198  0.13150608  0.00000000  0.01214737  0.03284696  0.02866045  0.36014580  0.36014580  0.34719132  0.15094826  0.13631894  0.16587269  0.38675573  0.27973270  0.29752904  0.30355757  0.18625208  0.17091515  0.16086436  0.14603961  0.17599222  0.16587269  0.13631894  0.18625208  0.19665621  0.17599222  0.16587269  0.49604794  0.46528910  0.45037627  0.47285976  0.48823752  0.48823752  0.55315901  0.55315901  0.63372752  0.65288881  0.68259457  0.61504996  0.64324613  0.66265881  0.59683231  0.65288881  0.65288881  0.60588507  0.59683231  0.59683231  0.70308241  0.65288881  0.62432981  0.61504996  0.44303108  0.52814119  0.49604794  0.48823752  0.48823752  0.47285976  0.41435850  0.40042840  0.44303108  0.43575810  0.42855591  0.42855591  0.45037627  0.49604794  0.46528910  0.46528910  0.43575810  0.42855591  0.39356048  0.40042840  0.40042840  0.46528910  0.48823752  0.46528910  0.48050869  0.50394169  0.48823752  0.57032024  0.48823752  0.62432981  0.60588507  0.48050869  0.47285976  0.65288881  0.63372752  0.62432981  0.64324613  0.65288881  0.54472540  0.52814119  0.47285976  0.48050869  0.51998643  0.52814119  0.53638683  0.33445976  0.36670910  0.34079816  0.48823752  0.47285976  0.45037627  0.41435850  0.36670910  0.41435850  0.40042840  0.34079816  0.32817521  0.38675573  0.71354307  0.72415376  0.57032024  0.43575810  0.44303108  0.42142315  0.36670910  0.36670910  
80_8_0     0.30963561  0.20720874  0.12672432  0.01214737  0.00000000  0.02866045  0.02449750  0.34079816  0.34079816  0.32817521  0.15094826  0.13631894  0.16587269  0.39356048  0.28561738  0.30355757  0.30963561  0.18110437  0.16587269  0.15588970  0.14116331  0.17091515  0.16086436  0.13150608  0.18110437  0.19143586  0.18110437  0.16086436  0.48823752  0.45779511  0.47285976  0.48050869  0.49604794  0.49604794  0.52814119  0.52814119  0.62432981  0.66265881  0.69276758  0.62432981  0.63372752  0.67255955  0.60588507  0.64324613  0.64324613  0.61504996  0.60588507  0.60588507  0.70308241  0.66265881  0.63372752  0.62432981  0.45037627  0.53638683  0.48823752  0.48050869  0.48050869  0.46528910  0.39356048  0.39356048  0.42142315  0.42855591  0.40736067  0.40736067  0.42855591  0.47285976  0.44303108  0.44303108  0.41435850  0.40736067  0.37333114  0.39356048  0.38001299  0.45779511  0.48050869  0.45779511  0.47285976  0.49604794  0.48050869  0.56168987  0.47285976  0.61504996  0.59683231  0.47285976  0.46528910  0.64324613  0.64324613  0.61504996  0.63372752  0.64324613  0.52814119  0.51998643  0.46528910  0.47285976  0.51192057  0.51998643  0.52814119  0.34079816  0.36014580  0.34719132  0.48050869  0.46528910  0.45779511  0.42142315  0.37333114  0.42142315  0.40736067  0.35364021  0.33445976  0.39356048  0.72415376  0.73491882  0.56168987  0.42855591  0.43575810  0.42142315  0.36670910  0.36670910  
71_0_0     0.29154924  0.19143586  0.11725254  0.03284696  0.02866045  0.00000000  0.00402700  0.37333114  0.37333114  0.35364021  0.15588970  0.14116331  0.16086436  0.38675573  0.26810192  0.29752904  0.29154924  0.15588970  0.14603961  0.13631894  0.13631894  0.17091515  0.17091515  0.12672432  0.17599222  0.18625208  0.19143586  0.16587269  0.48823752  0.45779511  0.47285976  0.47285976  0.48050869  0.48050869  0.53638683  0.53638683  0.63372752  0.67255955  0.70308241  0.63372752  0.64324613  0.68259457  0.59683231  0.66265881  0.66265881  0.61504996  0.60588507  0.60588507  0.69276758  0.66265881  0.63372752  0.62432981  0.42855591  0.48050869  0.46528910  0.45779511  0.44303108  0.43575810  0.36670910  0.38675573  0.40736067  0.40736067  0.38675573  0.38675573  0.39356048  0.44303108  0.41435850  0.41435850  0.40042840  0.39356048  0.36014580  0.38001299  0.36670910  0.42142315  0.44303108  0.42142315  0.43575810  0.45779511  0.48050869  0.57905247  0.48823752  0.61504996  0.59683231  0.48050869  0.45779511  0.60588507  0.60588507  0.59683231  0.60588507  0.60588507  0.49604794  0.49604794  0.43575810  0.45037627  0.48050869  0.50394169  0.50394169  0.31576401  0.33445976  0.33445976  0.45037627  0.43575810  0.45779511  0.42142315  0.39356048  0.39356048  0.39356048  0.34079816  0.30963561  0.40042840  0.68259457  0.69276758  0.53638683  0.41435850  0.42142315  0.41435850  0.34719132  0.36670910  
80_0_0     0.28561738  0.18625208  0.11256173  0.02866045  0.02449750  0.00402700  0.00000000  0.36670910  0.36670910  0.36014580  0.16086436  0.14603961  0.16587269  0.39356048  0.27389446  0.30355757  0.29752904  0.16086436  0.15094826  0.14116331  0.14116331  0.17599222  0.17599222  0.13150608  0.17091515  0.18110437  0.18625208  0.16086436  0.49604794  0.46528910  0.46528910  0.46528910  0.48823752  0.48823752  0.54472540  0.54472540  0.64324613  0.68259457  0.71354307  0.64324613  0.65288881  0.69276758  0.60588507  0.67255955  0.67255955  0.62432981  0.61504996  0.61504996  0.70308241  0.67255955  0.64324613  0.63372752  0.43575810  0.48823752  0.47285976  0.46528910  0.45037627  0.44303108  0.37333114  0.39356048  0.41435850  0.41435850  0.39356048  0.39356048  0.40042840  0.45037627  0.42142315  0.42142315  0.40736067  0.40042840  0.36670910  0.38675573  0.37333114  0.42855591  0.45037627  0.42855591  0.44303108  0.46528910  0.48823752  0.58788898  0.48050869  0.62432981  0.60588507  0.47285976  0.46528910  0.61504996  0.61504996  0.60588507  0.61504996  0.61504996  0.50394169  0.50394169  0.44303108  0.45779511  0.48823752  0.51192057  0.51192057  0.32194358  0.34079816  0.34079816  0.45779511  0.44303108  0.46528910  0.42855591  0.40042840  0.40042840  0.40042840  0.34719132  0.31576401  0.39356048  0.69276758  0.70308241  0.54472540  0.40736067  0.41435850  0.40736067  0.35364021  0.37333114  
75_0_0     0.53638683  0.40736067  0.34719132  0.36014580  0.34079816  0.37333114  0.36670910  0.00000000  0.00000000  0.08954367  0.34719132  0.35364021  0.38001299  0.55315901  0.47285976  0.46528910  0.48050869  0.35364021  0.37333114  0.36014580  0.36670910  0.40042840  0.38001299  0.36670910  0.35364021  0.35364021  0.34719132  0.33445976  0.63372752  0.70308241  0.67255955  0.66265881  0.66265881  0.68259457  0.77961727  0.76818696  0.65288881  0.66265881  0.66265881  0.65288881  0.64324613  0.69276758  0.76818696  0.73491882  0.71354307  0.75693055  0.79122694  0.79122694  0.83957785  0.85217593  0.81500750  0.80302168  0.56168987  0.61504996  0.58788898  0.57905247  0.62432981  0.63372752  0.57905247  0.53638683  0.60588507  0.61504996  0.57032024  0.57032024  0.56168987  0.57905247  0.54472540  0.54472540  0.51192057  0.51998643  0.54472540  0.53638683  0.51998643  0.57032024  0.60588507  0.59683231  0.58788898  0.63372752  0.68259457  0.75693055  0.63372752  0.80302168  0.82719069  0.74584284  0.75693055  0.86499224  0.83957785  0.83957785  0.82719069  0.79122694  0.60588507  0.71354307  0.75693055  0.64324613  0.64324613  0.65288881  0.62432981  0.55315901  0.56168987  0.57032024  0.54472540  0.52814119  0.62432981  0.61504996  0.57032024  0.58788898  0.61504996  0.58788898  0.52814119  0.60588507  0.77961727  0.76818696  0.71354307  0.62432981  0.59683231  0.52814119  0.53638683  0.55315901  
68_0_0     0.53638683  0.40736067  0.34719132  0.36014580  0.34079816  0.37333114  0.36670910  0.00000000  0.00000000  0.08954367  0.34719132  0.35364021  0.38001299  0.55315901  0.47285976  0.46528910  0.48050869  0.35364021  0.37333114  0.36014580  0.36670910  0.40042840  0.38001299  0.36670910  0.35364021  0.35364021  0.34719132  0.33445976  0.63372752  0.70308241  0.67255955  0.66265881  0.66265881  0.68259457  0.77961727  0.76818696  0.65288881  0.66265881  0.66265881  0.65288881  0.64324613  0.69276758  0.76818696  0.73491882  0.71354307  0.75693055  0.79122694  0.79122694  0.83957785  0.85217593  0.81500750  0.80302168  0.56168987  0.61504996  0.58788898  0.57905247  0.62432981  0.63372752  0.57905247  0.53638683  0.60588507  0.61504996  0.57032024  0.57032024  0.56168987  0.57905247  0.54472540  0.54472540  0.51192057  0.51998643  0.54472540  0.53638683  0.51998643  0.57032024  0.60588507  0.59683231  0.58788898  0.63372752  0.68259457  0.75693055  0.63372752  0.80302168  0.82719069  0.74584284  0.75693055  0.86499224  0.83957785  0.83957785  0.82719069  0.79122694  0.60588507  0.71354307  0.75693055  0.64324613  0.64324613  0.65288881  0.62432981  0.55315901  0.56168987  0.57032024  0.54472540  0.52814119  0.62432981  0.61504996  0.57032024  0.58788898  0.61504996  0.58788898  0.52814119  0.60588507  0.77961727  0.76818696  0.71354307  0.62432981  0.59683231  0.52814119  0.53638683  0.55315901  
96_0_0     0.52814119  0.38675573  0.35364021  0.34719132  0.32817521  0.35364021  0.36014580  0.08954367  0.08954367  0.00000000  0.36014580  0.36670910  0.38001299  0.52814119  0.46528910  0.44303108  0.45779511  0.37333114  0.40042840  0.38675573  0.38675573  0.42142315  0.40042840  0.38001299  0.35364021  0.36670910  0.36014580  0.34719132  0.60588507  0.65288881  0.68259457  0.67255955  0.67255955  0.69276758  0.69276758  0.69276758  0.63372752  0.64324613  0.65288881  0.63372752  0.62432981  0.69276758  0.73491882  0.71354307  0.69276758  0.69276758  0.70308241  0.70308241  0.80302168  0.81500750  0.77961727  0.76818696  0.55315901  0.59683231  0.57905247  0.57032024  0.60588507  0.61504996  0.59683231  0.55315901  0.62432981  0.63372752  0.57032024  0.57032024  0.56168987  0.60588507  0.57032024  0.57032024  0.52814119  0.53638683  0.57905247  0.57905247  0.55315901  0.57905247  0.61504996  0.62432981  0.59683231  0.62432981  0.63372752  0.75693055  0.60588507  0.75693055  0.77961727  0.76818696  0.71354307  0.80302168  0.82719069  0.77961727  0.79122694  0.75693055  0.60588507  0.67255955  0.70308241  0.60588507  0.64324613  0.61504996  0.60588507  0.48823752  0.54472540  0.51192057  0.53638683  0.50394169  0.57905247  0.55315901  0.51998643  0.55315901  0.57032024  0.55315901  0.50394169  0.56168987  0.80302168  0.77961727  0.70308241  0.61504996  0.60588507  0.51192057  0.50394169  0.51192057  
73_0_0     0.34719132  0.22877633  0.19665621  0.15094826  0.15094826  0.15588970  0.16086436  0.34719132  0.34719132  0.36014580  0.00000000  0.02449750  0.07606891  0.38001299  0.29154924  0.30963561  0.31576401  0.18110437  0.16587269  0.16587269  0.15588970  0.20720874  0.19143586  0.15094826  0.18110437  0.18110437  0.17599222  0.17599222  0.48050869  0.49604794  0.48823752  0.47285976  0.48050869  0.48050869  0.51998643  0.51998643  0.64324613  0.65288881  0.67255955  0.66265881  0.63372752  0.65288881  0.64324613  0.61504996  0.61504996  0.63372752  0.65288881  0.65288881  0.70308241  0.68259457  0.65288881  0.64324613  0.53638683  0.56168987  0.55315901  0.54472540  0.54472540  0.52814119  0.42142315  0.48050869  0.45779511  0.44303108  0.43575810  0.43575810  0.45779511  0.45779511  0.42855591  0.42855591  0.44303108  0.43575810  0.42855591  0.40736067  0.42142315  0.48050869  0.47285976  0.49604794  0.48823752  0.52814119  0.48823752  0.59683231  0.48050869  0.63372752  0.63372752  0.49604794  0.48823752  0.59683231  0.61504996  0.57905247  0.59683231  0.60588507  0.51998643  0.57905247  0.44303108  0.45037627  0.48050869  0.49604794  0.46528910  0.38675573  0.38001299  0.36670910  0.45779511  0.42142315  0.47285976  0.43575810  0.40042840  0.39356048  0.39356048  0.35364021  0.34079816  0.42855591  0.77961727  0.74584284  0.65288881  0.41435850  0.41435850  0.38675573  0.36014580  0.38675573  
95_0_0     0.36014580  0.23426791  0.19143586  0.13631894  0.13631894  0.14116331  0.14603961  0.35364021  0.35364021  0.36670910  0.02449750  0.00000000  0.07606891  0.39356048  0.28561738  0.29154924  0.29752904  0.20191366  0.17599222  0.16587269  0.14603961  0.19665621  0.18110437  0.14116331  0.19143586  0.19143586  0.19665621  0.17599222  0.49604794  0.49604794  0.46528910  0.45779511  0.46528910  0.46528910  0.51192057  0.51192057  0.68259457  0.71354307  0.73491882  0.70308241  0.69276758  0.68259457  0.65288881  0.64324613  0.66265881  0.64324613  0.64324613  0.64324613  0.73491882  0.69276758  0.66265881  0.65288881  0.51192057  0.55315901  0.52814119  0.51998643  0.51998643  0.50394169  0.44303108  0.50394169  0.46528910  0.45037627  0.44303108  0.44303108  0.46528910  0.46528910  0.43575810  0.43575810  0.46528910  0.45779511  0.42142315  0.42855591  0.42855591  0.47285976  0.46528910  0.48823752  0.46528910  0.51998643  0.46528910  0.58788898  0.46528910  0.64324613  0.62432981  0.47285976  0.46528910  0.59683231  0.61504996  0.59683231  0.60588507  0.61504996  0.55315901  0.55315901  0.44303108  0.43575810  0.46528910  0.48050869  0.46528910  0.38001299  0.37333114  0.36014580  0.43575810  0.41435850  0.46528910  0.41435850  0.39356048  0.41435850  0.41435850  0.35364021  0.33445976  0.42855591  0.76818696  0.75693055  0.64324613  0.39356048  0.39356048  0.39356048  0.34079816  0.37333114  
66_0_0     0.41435850  0.23980056  0.20191366  0.16587269  0.16587269  0.16086436  0.16587269  0.38001299  0.38001299  0.38001299  0.07606891  0.07606891  0.00000000  0.37333114  0.29752904  0.32817521  0.32194358  0.20720874  0.16587269  0.16587269  0.16587269  0.20720874  0.20191366  0.16086436  0.22332520  0.22332520  0.23980056  0.21791395  0.48823752  0.50394169  0.45037627  0.45037627  0.45779511  0.45779511  0.51192057  0.51192057  0.64324613  0.67255955  0.69276758  0.62432981  0.63372752  0.59683231  0.62432981  0.61504996  0.61504996  0.65288881  0.65288881  0.65288881  0.70308241  0.64324613  0.63372752  0.62432981  0.56168987  0.57905247  0.57905247  0.57032024  0.55315901  0.54472540  0.45779511  0.51192057  0.48823752  0.47285976  0.40736067  0.40736067  0.41435850  0.44303108  0.42855591  0.42855591  0.45779511  0.45037627  0.42855591  0.42142315  0.42142315  0.46528910  0.45779511  0.48050869  0.45779511  0.46528910  0.52814119  0.64324613  0.49604794  0.61504996  0.61504996  0.52814119  0.50394169  0.57032024  0.61504996  0.54472540  0.57905247  0.58788898  0.56168987  0.56168987  0.47285976  0.47285976  0.50394169  0.51998643  0.50394169  0.38001299  0.40042840  0.40042840  0.44303108  0.43575810  0.47285976  0.45037627  0.40042840  0.38675573  0.38675573  0.35364021  0.37333114  0.44303108  0.71354307  0.70308241  0.67255955  0.43575810  0.43575810  0.38001299  0.35364021  0.38675573  
83_0_0     0.55315901  0.48050869  0.44303108  0.38675573  0.39356048  0.38675573  0.39356048  0.55315901  0.55315901  0.52814119  0.38001299  0.39356048  0.37333114  0.00000000  0.53638683  0.56168987  0.55315901  0.42855591  0.45779511  0.46528910  0.44303108  0.47285976  0.46528910  0.45779511  0.44303108  0.44303108  0.44303108  0.45779511  0.62432981  0.63372752  0.57905247  0.63372752  0.59683231  0.61504996  0.65288881  0.64324613  0.80302168  0.80302168  0.80302168  0.74584284  0.76818696  0.70308241  0.70308241  0.70308241  0.70308241  0.76818696  0.80302168  0.80302168  0.80302168  0.72415376  0.70308241  0.71354307  0.62432981  0.61504996  0.63372752  0.62432981  0.56168987  0.54472540  0.71354307  0.63372752  0.57032024  0.56168987  0.59683231  0.59683231  0.60588507  0.60588507  0.59683231  0.59683231  0.58788898  0.57905247  0.57032024  0.55315901  0.57905247  0.61504996  0.64324613  0.61504996  0.60588507  0.61504996  0.77961727  0.75693055  0.67255955  0.81500750  0.75693055  0.73491882  0.68259457  0.72415376  0.73491882  0.70308241  0.68259457  0.72415376  0.67255955  0.68259457  0.62432981  0.67255955  0.64324613  0.67255955  0.66265881  0.60588507  0.67255955  0.61504996  0.60588507  0.57032024  0.63372752  0.62432981  0.58788898  0.64324613  0.64324613  0.57032024  0.55315901  0.67255955  0.73491882  0.73491882  0.72415376  0.57032024  0.60588507  0.57905247  0.53638683  0.53638683  
84_0_0     0.48050869  0.38675573  0.29154924  0.27973270  0.28561738  0.26810192  0.27389446  0.47285976  0.47285976  0.46528910  0.29154924  0.28561738  0.29752904  0.53638683  0.00000000  0.04129171  0.03705729  0.36014580  0.27973270  0.27973270  0.30355757  0.31576401  0.31576401  0.30355757  0.34719132  0.36014580  0.37333114  0.34719132  0.56168987  0.54472540  0.52814119  0.57905247  0.51192057  0.51192057  0.65288881  0.65288881  0.71354307  0.76818696  0.74584284  0.71354307  0.72415376  0.65288881  0.66265881  0.70308241  0.68259457  0.61504996  0.62432981  0.62432981  0.67255955  0.67255955  0.66265881  0.66265881  0.60588507  0.59683231  0.58788898  0.59683231  0.54472540  0.52814119  0.48823752  0.55315901  0.53638683  0.51192057  0.50394169  0.50394169  0.51998643  0.53638683  0.53638683  0.53638683  0.51192057  0.50394169  0.48050869  0.48050869  0.45779511  0.58788898  0.59683231  0.58788898  0.57032024  0.59683231  0.60588507  0.65288881  0.57905247  0.76818696  0.77961727  0.54472540  0.55315901  0.65288881  0.69276758  0.68259457  0.66265881  0.63372752  0.57905247  0.55315901  0.62432981  0.57905247  0.65288881  0.59683231  0.58788898  0.47285976  0.47285976  0.49604794  0.51192057  0.55315901  0.58788898  0.57905247  0.48823752  0.48050869  0.47285976  0.45779511  0.48823752  0.49604794  0.87803448  0.86499224  0.67255955  0.54472540  0.50394169  0.51192057  0.43575810  0.51998643  
100_0_0    0.47285976  0.43575810  0.30355757  0.29752904  0.30355757  0.29752904  0.30355757  0.46528910  0.46528910  0.44303108  0.30963561  0.29154924  0.32817521  0.56168987  0.04129171  0.00000000  0.01214737  0.38001299  0.27389446  0.27389446  0.32194358  0.32194358  0.32194358  0.30963561  0.36014580  0.37333114  0.37333114  0.34719132  0.55315901  0.53638683  0.51192057  0.56168987  0.49604794  0.50394169  0.63372752  0.63372752  0.69276758  0.74584284  0.72415376  0.69276758  0.70308241  0.64324613  0.62432981  0.68259457  0.67255955  0.57905247  0.58788898  0.58788898  0.63372752  0.65288881  0.64324613  0.64324613  0.59683231  0.58788898  0.57905247  0.58788898  0.57905247  0.54472540  0.48823752  0.53638683  0.54472540  0.51998643  0.48823752  0.48823752  0.51998643  0.52814119  0.52814119  0.52814119  0.50394169  0.49604794  0.46528910  0.48050869  0.45779511  0.55315901  0.56168987  0.55315901  0.53638683  0.56168987  0.64324613  0.68259457  0.61504996  0.74584284  0.73491882  0.57905247  0.58788898  0.68259457  0.72415376  0.68259457  0.69276758  0.67255955  0.63372752  0.59683231  0.65288881  0.58788898  0.66265881  0.60588507  0.58788898  0.48050869  0.49604794  0.50394169  0.50394169  0.54472540  0.59683231  0.58788898  0.48050869  0.50394169  0.51192057  0.44303108  0.49604794  0.49604794  0.87803448  0.86499224  0.68259457  0.59683231  0.55315901  0.51998643  0.47285976  0.54472540  
99_0_0     0.46528910  0.44303108  0.32194358  0.30355757  0.30963561  0.29154924  0.29752904  0.48050869  0.48050869  0.45779511  0.31576401  0.29752904  0.32194358  0.55315901  0.03705729  0.01214737  0.00000000  0.38675573  0.29154924  0.29154924  0.34079816  0.34079816  0.34079816  0.32817521  0.36670910  0.38001299  0.39356048  0.36670910  0.57032024  0.55315901  0.52814119  0.57905247  0.51192057  0.51998643  0.65288881  0.65288881  0.69276758  0.74584284  0.72415376  0.69276758  0.70308241  0.63372752  0.63372752  0.65288881  0.64324613  0.57032024  0.57905247  0.57905247  0.62432981  0.62432981  0.61504996  0.61504996  0.60588507  0.57905247  0.58788898  0.59683231  0.57032024  0.53638683  0.48823752  0.54472540  0.57032024  0.54472540  0.51192057  0.51192057  0.52814119  0.52814119  0.52814119  0.52814119  0.52814119  0.51998643  0.48823752  0.50394169  0.48050869  0.56168987  0.57032024  0.56168987  0.54472540  0.55315901  0.65288881  0.69276758  0.62432981  0.77961727  0.76818696  0.57032024  0.57905247  0.65288881  0.71354307  0.70308241  0.66265881  0.64324613  0.60588507  0.57032024  0.62432981  0.59683231  0.67255955  0.61504996  0.59683231  0.48823752  0.50394169  0.49604794  0.49604794  0.53638683  0.60588507  0.59683231  0.48823752  0.49604794  0.50394169  0.45037627  0.50394169  0.48823752  0.83957785  0.82719069  0.66265881  0.58788898  0.54472540  0.51192057  0.45037627  0.53638683  
88_7_0     0.36014580  0.23980056  0.18110437  0.18625208  0.18110437  0.15588970  0.16086436  0.35364021  0.35364021  0.37333114  0.18110437  0.20191366  0.20720874  0.42855591  0.36014580  0.38001299  0.38675573  0.00000000  0.09409035  0.08502476  0.08954367  0.08502476  0.08502476  0.08502476  0.20191366  0.20191366  0.20720874  0.17599222  0.48823752  0.53638683  0.56168987  0.55315901  0.57032024  0.57032024  0.59683231  0.59683231  0.57032024  0.60588507  0.65288881  0.55315901  0.54472540  0.66265881  0.61504996  0.57032024  0.57032024  0.58788898  0.60588507  0.60588507  0.68259457  0.63372752  0.62432981  0.61504996  0.47285976  0.48823752  0.49604794  0.48823752  0.49604794  0.50394169  0.40042840  0.44303108  0.43575810  0.42142315  0.39356048  0.39356048  0.41435850  0.42855591  0.41435850  0.41435850  0.38001299  0.38675573  0.38001299  0.37333114  0.37333114  0.42855591  0.43575810  0.41435850  0.44303108  0.48050869  0.52814119  0.65288881  0.50394169  0.59683231  0.57905247  0.56168987  0.54472540  0.61504996  0.63372752  0.59683231  0.62432981  0.60588507  0.48050869  0.58788898  0.42142315  0.44303108  0.43575810  0.47285976  0.46528910  0.38001299  0.38675573  0.38675573  0.45037627  0.41435850  0.43575810  0.40736067  0.38675573  0.34079816  0.35364021  0.33445976  0.33445976  0.43575810  0.68259457  0.65288881  0.52814119  0.47285976  0.47285976  0.40736067  0.40736067  0.45037627  
89_7_0     0.38001299  0.26235438  0.14116331  0.17091515  0.16587269  0.14603961  0.15094826  0.37333114  0.37333114  0.40042840  0.16587269  0.17599222  0.16587269  0.45779511  0.27973270  0.27389446  0.29154924  0.09409035  0.00000000  0.00807604  0.07163131  0.07606891  0.07606891  0.05847600  0.17091515  0.17091515  0.17599222  0.15588970  0.45037627  0.46528910  0.46528910  0.47285976  0.48050869  0.48050869  0.51998643  0.51998643  0.57905247  0.63372752  0.65288881  0.57032024  0.57032024  0.59683231  0.57032024  0.60588507  0.60588507  0.52814119  0.54472540  0.54472540  0.62432981  0.61504996  0.62432981  0.61504996  0.51192057  0.54472540  0.51998643  0.51192057  0.53638683  0.52814119  0.41435850  0.42142315  0.40042840  0.40042840  0.38675573  0.38675573  0.42142315  0.38001299  0.39356048  0.39356048  0.37333114  0.36670910  0.34719132  0.35364021  0.34079816  0.42142315  0.41435850  0.40736067  0.44303108  0.44303108  0.52814119  0.61504996  0.45779511  0.61504996  0.60588507  0.56168987  0.56168987  0.58788898  0.60588507  0.52814119  0.58788898  0.58788898  0.52814119  0.55315901  0.47285976  0.46528910  0.51192057  0.51192057  0.48823752  0.39356048  0.41435850  0.41435850  0.42855591  0.40736067  0.48050869  0.46528910  0.38001299  0.37333114  0.40042840  0.36014580  0.35364021  0.42855591  0.72415376  0.71354307  0.56168987  0.44303108  0.44303108  0.39356048  0.39356048  0.46528910  
91_7_0     0.38001299  0.25099153  0.13150608  0.16086436  0.15588970  0.13631894  0.14116331  0.36014580  0.36014580  0.38675573  0.16587269  0.16587269  0.16587269  0.46528910  0.27973270  0.27389446  0.29154924  0.08502476  0.00807604  0.00000000  0.06283517  0.06722017  0.06722017  0.04983397  0.18110437  0.18110437  0.18625208  0.15588970  0.46528910  0.48050869  0.48050869  0.48823752  0.49604794  0.49604794  0.53638683  0.53638683  0.57905247  0.63372752  0.67255955  0.57032024  0.57032024  0.59683231  0.57032024  0.60588507  0.60588507  0.54472540  0.56168987  0.56168987  0.64324613  0.63372752  0.62432981  0.61504996  0.49604794  0.52814119  0.50394169  0.49604794  0.53638683  0.52814119  0.42855591  0.43575810  0.41435850  0.41435850  0.40042840  0.40042840  0.43575810  0.39356048  0.39356048  0.39356048  0.38675573  0.38001299  0.36014580  0.36670910  0.35364021  0.43575810  0.42855591  0.42142315  0.44303108  0.45779511  0.52814119  0.61504996  0.45779511  0.59683231  0.60588507  0.56168987  0.56168987  0.57032024  0.58788898  0.52814119  0.57032024  0.57032024  0.51192057  0.53638683  0.47285976  0.45037627  0.49604794  0.49604794  0.47285976  0.38001299  0.40042840  0.40042840  0.41435850  0.39356048  0.48050869  0.45037627  0.36670910  0.36670910  0.39356048  0.35364021  0.34079816  0.42855591  0.70308241  0.69276758  0.54472540  0.44303108  0.44303108  0.40736067  0.39356048  0.45037627  
88_6_0     0.38001299  0.22877633  0.17091515  0.14603961  0.14116331  0.13631894  0.14116331  0.36670910  0.36670910  0.38675573  0.15588970  0.14603961  0.16587269  0.44303108  0.30355757  0.32194358  0.34079816  0.08954367  0.07163131  0.06283517  0.00000000  0.06283517  0.05414237  0.02866045  0.15588970  0.15588970  0.18110437  0.13150608  0.51998643  0.51998643  0.51192057  0.51192057  0.51192057  0.51192057  0.54472540  0.54472540  0.59683231  0.65288881  0.70308241  0.58788898  0.58788898  0.61504996  0.64324613  0.63372752  0.63372752  0.57905247  0.57905247  0.57905247  0.71354307  0.68259457  0.67255955  0.66265881  0.52814119  0.57905247  0.52814119  0.51998643  0.53638683  0.54472540  0.42142315  0.42142315  0.41435850  0.40042840  0.42142315  0.42142315  0.44303108  0.44303108  0.42855591  0.42855591  0.40736067  0.40042840  0.38001299  0.38675573  0.37333114  0.45779511  0.45037627  0.44303108  0.45779511  0.49604794  0.51998643  0.63372752  0.46528910  0.61504996  0.59683231  0.51192057  0.51192057  0.56168987  0.59683231  0.55315901  0.59683231  0.57905247  0.54472540  0.59683231  0.47285976  0.42142315  0.48050869  0.48050869  0.46528910  0.35364021  0.37333114  0.36014580  0.40736067  0.40042840  0.46528910  0.42142315  0.37333114  0.37333114  0.37333114  0.32817521  0.31576401  0.43575810  0.68259457  0.71354307  0.57032024  0.47285976  0.45779511  0.40736067  0.38001299  0.45779511  
91_6_0     0.38675573  0.27389446  0.17599222  0.17599222  0.17091515  0.17091515  0.17599222  0.40042840  0.40042840  0.42142315  0.20720874  0.19665621  0.20720874  0.47285976  0.31576401  0.32194358  0.34079816  0.08502476  0.07606891  0.06722017  0.06283517  0.00000000  0.01624122  0.05847600  0.21254198  0.21254198  0.21791395  0.17599222  0.48823752  0.50394169  0.53638683  0.52814119  0.53638683  0.53638683  0.54472540  0.54472540  0.61504996  0.66265881  0.71354307  0.59683231  0.60588507  0.60588507  0.57032024  0.57905247  0.58788898  0.52814119  0.52814119  0.52814119  0.63372752  0.60588507  0.59683231  0.58788898  0.52814119  0.56168987  0.51998643  0.51192057  0.53638683  0.52814119  0.42855591  0.44303108  0.43575810  0.43575810  0.38675573  0.38675573  0.42142315  0.42142315  0.40736067  0.40736067  0.37333114  0.36670910  0.34719132  0.35364021  0.34079816  0.45037627  0.44303108  0.43575810  0.43575810  0.47285976  0.52814119  0.62432981  0.47285976  0.64324613  0.60588507  0.54472540  0.54472540  0.64324613  0.66265881  0.59683231  0.64324613  0.64324613  0.53638683  0.57032024  0.49604794  0.43575810  0.48050869  0.46528910  0.48050869  0.40042840  0.42142315  0.40736067  0.45779511  0.43575810  0.48823752  0.44303108  0.39356048  0.40042840  0.41435850  0.36014580  0.36014580  0.42142315  0.67255955  0.66265881  0.55315901  0.43575810  0.43575810  0.41435850  0.40042840  0.45037627  
89_6_0     0.38001299  0.26235438  0.17091515  0.16587269  0.16086436  0.17091515  0.17599222  0.38001299  0.38001299  0.40042840  0.19143586  0.18110437  0.20191366  0.46528910  0.31576401  0.32194358  0.34079816  0.08502476  0.07606891  0.06722017  0.05414237  0.01624122  0.00000000  0.04983397  0.20191366  0.20191366  0.20720874  0.16587269  0.49604794  0.51192057  0.53638683  0.52814119  0.53638683  0.53638683  0.54472540  0.54472540  0.59683231  0.64324613  0.69276758  0.57905247  0.58788898  0.59683231  0.57032024  0.58788898  0.58788898  0.52814119  0.52814119  0.52814119  0.65288881  0.62432981  0.61504996  0.60588507  0.52814119  0.57905247  0.51998643  0.51192057  0.53638683  0.52814119  0.42855591  0.42855591  0.43575810  0.43575810  0.40042840  0.40042840  0.43575810  0.43575810  0.42142315  0.42142315  0.37333114  0.36670910  0.34719132  0.35364021  0.34079816  0.42855591  0.42142315  0.41435850  0.42855591  0.46528910  0.50394169  0.61504996  0.46528910  0.63372752  0.61504996  0.52814119  0.52814119  0.63372752  0.65288881  0.58788898  0.63372752  0.63372752  0.52814119  0.56168987  0.47285976  0.42142315  0.46528910  0.45037627  0.46528910  0.38001299  0.40042840  0.38675573  0.43575810  0.41435850  0.47285976  0.42855591  0.38001299  0.38675573  0.40042840  0.36014580  0.34719132  0.40736067  0.67255955  0.66265881  0.56168987  0.46528910  0.46528910  0.39356048  0.38001299  0.42855591  
86_6_0     0.35364021  0.22877633  0.16086436  0.13631894  0.13150608  0.12672432  0.13150608  0.36670910  0.36670910  0.38001299  0.15094826  0.14116331  0.16086436  0.45779511  0.30355757  0.30963561  0.32817521  0.08502476  0.05847600  0.04983397  0.02866045  0.05847600  0.04983397  0.00000000  0.14603961  0.15094826  0.16587269  0.11725254  0.51998643  0.51998643  0.51192057  0.52814119  0.51192057  0.51192057  0.56168987  0.56168987  0.59683231  0.65288881  0.70308241  0.57032024  0.58788898  0.61504996  0.62432981  0.61504996  0.61504996  0.56168987  0.56168987  0.56168987  0.69276758  0.66265881  0.65288881  0.64324613  0.52814119  0.57905247  0.53638683  0.52814119  0.52814119  0.53638683  0.41435850  0.43575810  0.43575810  0.42142315  0.40736067  0.40736067  0.44303108  0.45037627  0.43575810  0.43575810  0.40042840  0.39356048  0.37333114  0.38001299  0.36670910  0.45037627  0.44303108  0.43575810  0.45037627  0.48823752  0.51192057  0.62432981  0.45779511  0.60588507  0.58788898  0.51998643  0.51998643  0.58788898  0.60588507  0.56168987  0.60588507  0.58788898  0.53638683  0.58788898  0.46528910  0.43575810  0.49604794  0.49604794  0.48050869  0.35364021  0.36014580  0.36014580  0.43575810  0.41435850  0.47285976  0.42855591  0.38001299  0.38001299  0.38001299  0.33445976  0.32817521  0.43575810  0.67255955  0.66265881  0.55315901  0.44303108  0.45779511  0.39356048  0.36670910  0.42855591  
89_0_0     0.35364021  0.20191366  0.21791395  0.18625208  0.18110437  0.17599222  0.17091515  0.35364021  0.35364021  0.35364021  0.18110437  0.19143586  0.22332520  0.44303108  0.34719132  0.36014580  0.36670910  0.20191366  0.17091515  0.18110437  0.15588970  0.21254198  0.20191366  0.14603961  0.00000000  0.00807604  0.06722017  0.04129171  0.51192057  0.49604794  0.49604794  0.48823752  0.45779511  0.47285976  0.51998643  0.51192057  0.69276758  0.73491882  0.74584284  0.70308241  0.68259457  0.61504996  0.71354307  0.65288881  0.63372752  0.61504996  0.63372752  0.63372752  0.68259457  0.69276758  0.70308241  0.67255955  0.54472540  0.60588507  0.55315901  0.54472540  0.51998643  0.49604794  0.43575810  0.45037627  0.45779511  0.45779511  0.47285976  0.47285976  0.46528910  0.45037627  0.43575810  0.43575810  0.44303108  0.43575810  0.45779511  0.45037627  0.45037627  0.45779511  0.46528910  0.44303108  0.45779511  0.48050869  0.56168987  0.64324613  0.50394169  0.65288881  0.63372752  0.48050869  0.48823752  0.65288881  0.68259457  0.71354307  0.69276758  0.66265881  0.54472540  0.60588507  0.47285976  0.53638683  0.56168987  0.54472540  0.49604794  0.40042840  0.40736067  0.40736067  0.51192057  0.50394169  0.47285976  0.45037627  0.46528910  0.42142315  0.40736067  0.40042840  0.38001299  0.43575810  0.77961727  0.74584284  0.60588507  0.42855591  0.42855591  0.37333114  0.36014580  0.48050869  
91_0_0     0.36670910  0.21254198  0.22877633  0.19665621  0.19143586  0.18625208  0.18110437  0.35364021  0.35364021  0.36670910  0.18110437  0.19143586  0.22332520  0.44303108  0.36014580  0.37333114  0.38001299  0.20191366  0.17091515  0.18110437  0.15588970  0.21254198  0.20191366  0.15094826  0.00807604  0.00000000  0.06722017  0.04129171  0.51998643  0.50394169  0.50394169  0.49604794  0.46528910  0.48050869  0.52814119  0.51998643  0.70308241  0.74584284  0.75693055  0.71354307  0.69276758  0.62432981  0.72415376  0.64324613  0.63372752  0.62432981  0.64324613  0.64324613  0.69276758  0.70308241  0.71354307  0.68259457  0.52814119  0.58788898  0.53638683  0.52814119  0.51998643  0.49604794  0.43575810  0.46528910  0.45779511  0.45779511  0.48823752  0.48823752  0.48050869  0.45037627  0.43575810  0.43575810  0.44303108  0.43575810  0.45779511  0.45037627  0.45037627  0.45779511  0.46528910  0.44303108  0.45779511  0.48050869  0.57032024  0.65288881  0.51192057  0.65288881  0.63372752  0.48823752  0.49604794  0.64324613  0.67255955  0.70308241  0.68259457  0.65288881  0.53638683  0.61504996  0.47285976  0.51998643  0.54472540  0.52814119  0.48050869  0.39356048  0.40042840  0.40042840  0.51192057  0.50394169  0.46528910  0.44303108  0.47285976  0.40736067  0.39356048  0.40042840  0.36670910  0.44303108  0.79122694  0.75693055  0.60588507  0.42855591  0.42855591  0.37333114  0.36014580  0.46528910  
88_0_0     0.36014580  0.23980056  0.20191366  0.17599222  0.18110437  0.19143586  0.18625208  0.34719132  0.34719132  0.36014580  0.17599222  0.19665621  0.23980056  0.44303108  0.37333114  0.37333114  0.39356048  0.20720874  0.17599222  0.18625208  0.18110437  0.21791395  0.20720874  0.16587269  0.06722017  0.06722017  0.00000000  0.04983397  0.50394169  0.50394169  0.51998643  0.47285976  0.49604794  0.51192057  0.56168987  0.55315901  0.69276758  0.71354307  0.72415376  0.68259457  0.68259457  0.62432981  0.68259457  0.65288881  0.63372752  0.63372752  0.65288881  0.65288881  0.70308241  0.66265881  0.67255955  0.64324613  0.49604794  0.60588507  0.50394169  0.49604794  0.51998643  0.48050869  0.44303108  0.45779511  0.41435850  0.42142315  0.45779511  0.45779511  0.46528910  0.45037627  0.43575810  0.43575810  0.41435850  0.40736067  0.42855591  0.40736067  0.43575810  0.45779511  0.45037627  0.44303108  0.46528910  0.48823752  0.50394169  0.57905247  0.46528910  0.57905247  0.56168987  0.45779511  0.48050869  0.69276758  0.72415376  0.72415376  0.71354307  0.70308241  0.51192057  0.55315901  0.45779511  0.50394169  0.49604794  0.49604794  0.48823752  0.39356048  0.38675573  0.40042840  0.54472540  0.51998643  0.49604794  0.45779511  0.44303108  0.41435850  0.40042840  0.39356048  0.39356048  0.42855591  0.82719069  0.79122694  0.60588507  0.44303108  0.45779511  0.38001299  0.38001299  0.46528910  
86_0_0     0.34079816  0.21254198  0.19665621  0.16587269  0.16086436  0.16587269  0.16086436  0.33445976  0.33445976  0.34719132  0.17599222  0.17599222  0.21791395  0.45779511  0.34719132  0.34719132  0.36670910  0.17599222  0.15588970  0.15588970  0.13150608  0.17599222  0.16587269  0.11725254  0.04129171  0.04129171  0.04983397  0.00000000  0.50394169  0.50394169  0.51998643  0.51192057  0.48050869  0.49604794  0.55315901  0.54472540  0.68259457  0.72415376  0.73491882  0.67255955  0.67255955  0.63372752  0.71354307  0.66265881  0.64324613  0.62432981  0.62432981  0.62432981  0.71354307  0.71354307  0.72415376  0.69276758  0.50394169  0.57905247  0.51192057  0.50394169  0.51192057  0.48823752  0.42855591  0.45037627  0.43575810  0.43575810  0.45037627  0.45037627  0.45779511  0.42855591  0.41435850  0.41435850  0.39356048  0.40042840  0.42142315  0.41435850  0.41435850  0.42142315  0.42855591  0.40736067  0.40736067  0.44303108  0.49604794  0.60588507  0.45037627  0.58788898  0.57032024  0.46528910  0.45779511  0.64324613  0.67255955  0.69276758  0.68259457  0.66265881  0.50394169  0.56168987  0.44303108  0.49604794  0.50394169  0.48823752  0.47285976  0.39356048  0.38675573  0.40042840  0.49604794  0.47285976  0.48050869  0.45779511  0.44303108  0.40736067  0.39356048  0.39356048  0.36670910  0.42855591  0.74584284  0.71354307  0.57905247  0.42855591  0.44303108  0.38001299  0.36670910  0.45779511  
