20
1_0_0      0.00000000  0.00574760  0.00574760  0.10581386  0.06582562  0.07866079  0.07866079  0.09856145  0.08520566  0.10631166  0.08585809  0.09258228  0.09155685  0.07241086  0.07241086  0.07891319  0.07241086  0.05374431  0.04748802  0.05984098  
2_0_0      0.00574760  0.00000000  0.01156286  0.09895010  0.06582562  0.07866079  0.07866079  0.09856145  0.08520566  0.09939927  0.07922422  0.08585809  0.09155685  0.07891319  0.07891319  0.08550226  0.06599301  0.04748802  0.04130999  0.05984098  
3_0_0      0.00574760  0.01156286  0.00000000  0.10581386  0.07220151  0.07220151  0.07220151  0.09183841  0.09183841  0.09939927  0.09258228  0.08585809  0.09155685  0.07241086  0.07241086  0.07891319  0.07241086  0.05374431  0.04748802  0.06621792  
16_0_0     0.10581386  0.09895010  0.10581386  0.00000000  0.11097499  0.10425426  0.10425426  0.09762375  0.09108106  0.08479255  0.09133633  0.08479255  0.09155685  0.10581386  0.11277434  0.10581386  0.10581386  0.09218041  0.09895010  0.10468984  
7_0_0      0.06582562  0.06582562  0.07220151  0.11097499  0.00000000  0.01744741  0.01744741  0.03553375  0.01744741  0.04748802  0.04748802  0.04130999  0.04118975  0.08479255  0.08479255  0.07833433  0.07833433  0.07220151  0.07866079  0.09304347  
9_0_0      0.07866079  0.07866079  0.07220151  0.10425426  0.01744741  0.00000000  0.00000000  0.04171275  0.03553375  0.03520828  0.06008085  0.04130999  0.04732891  0.09133633  0.09133633  0.08479255  0.08479255  0.07866079  0.08520566  0.08627262  
13_0_0     0.07866079  0.07866079  0.07220151  0.10425426  0.01744741  0.00000000  0.00000000  0.04171275  0.03553375  0.03520828  0.06008085  0.04130999  0.04732891  0.09133633  0.09133633  0.08479255  0.08479255  0.07866079  0.08520566  0.08627262  
18_0_0     0.09856145  0.09856145  0.09183841  0.09762375  0.03553375  0.04171275  0.04171275  0.00000000  0.01744741  0.04130999  0.05374431  0.03520828  0.04732891  0.09796796  0.09796796  0.09133633  0.09133633  0.08520566  0.09183841  0.10687015  
8_0_0      0.08520566  0.08520566  0.09183841  0.09108106  0.01744741  0.03553375  0.03553375  0.01744741  0.00000000  0.04130999  0.04130999  0.03520828  0.03512597  0.09133633  0.09133633  0.08479255  0.08479255  0.07866079  0.08520566  0.08627262  
19_0_0     0.10631166  0.09939927  0.09939927  0.08479255  0.04748802  0.03520828  0.03520828  0.04130999  0.04130999  0.00000000  0.03553375  0.02943109  0.04118975  0.07220151  0.07220151  0.06582562  0.07220151  0.06621792  0.07267826  0.11277434  
14_0_0     0.08585809  0.07922422  0.09258228  0.09133633  0.04748802  0.06008085  0.06008085  0.05374431  0.04130999  0.03553375  0.00000000  0.01744741  0.02321725  0.08520566  0.08520566  0.07866079  0.08520566  0.07922422  0.07267826  0.10581386  
6_0_0      0.09258228  0.08585809  0.08585809  0.08479255  0.04130999  0.04130999  0.04130999  0.03520828  0.03520828  0.02943109  0.01744741  0.00000000  0.02913572  0.08520566  0.08520566  0.07866079  0.07220151  0.06621792  0.07267826  0.11277434  
15_0_0     0.09155685  0.09155685  0.09155685  0.09155685  0.04118975  0.04732891  0.04732891  0.04732891  0.03512597  0.04118975  0.02321725  0.02913572  0.00000000  0.08496888  0.09155685  0.08496888  0.09155685  0.07891319  0.07241086  0.10537725  
4_0_0      0.07241086  0.07891319  0.07241086  0.10581386  0.08479255  0.09133633  0.09133633  0.09796796  0.09133633  0.07220151  0.08520566  0.08520566  0.08496888  0.00000000  0.00574760  0.01156286  0.01744741  0.02918102  0.03520828  0.07866079  
12_0_0     0.07241086  0.07891319  0.07241086  0.11277434  0.08479255  0.09133633  0.09133633  0.09796796  0.09133633  0.07220151  0.08520566  0.08520566  0.09155685  0.00574760  0.00000000  0.00574760  0.01156286  0.03520828  0.04130999  0.07866079  
10_0_0     0.07891319  0.08550226  0.07891319  0.10581386  0.07833433  0.08479255  0.08479255  0.09133633  0.08479255  0.06582562  0.07866079  0.07866079  0.08496888  0.01156286  0.00574760  0.00000000  0.01744741  0.04130999  0.04748802  0.08520566  
5_0_0      0.07241086  0.06599301  0.07241086  0.10581386  0.07833433  0.08479255  0.08479255  0.09133633  0.08479255  0.07220151  0.08520566  0.07220151  0.09155685  0.01744741  0.01156286  0.01744741  0.00000000  0.02322643  0.02918102  0.07220151  
17_0_0     0.05374431  0.04748802  0.05374431  0.09218041  0.07220151  0.07866079  0.07866079  0.08520566  0.07866079  0.06621792  0.07922422  0.06621792  0.07891319  0.02918102  0.03520828  0.04130999  0.02322643  0.00000000  0.00574760  0.05984098  
11_0_0     0.04748802  0.04130999  0.04748802  0.09895010  0.07866079  0.08520566  0.08520566  0.09183841  0.08520566  0.07267826  0.07267826  0.07267826  0.07241086  0.03520828  0.04130999  0.04748802  0.02918102  0.00574760  0.00000000  0.05354533  
20_0_0     0.05984098  0.05984098  0.06621792  0.10468984  0.09304347  0.08627262  0.08627262  0.10687015  0.08627262  0.11277434  0.10581386  0.11277434  0.10537725  0.07866079  0.07866079  0.08520566  0.07220151  0.05984098  0.05354533  0.00000000  

