20
13_0_0     0.00000000  0.01422023  0.01902166  0.04850330  0.04350743  0.04350743  0.17383263  0.22292583  0.21034392  0.21660814  0.20413227  0.21034392  0.21660814  0.22292583  0.24874999  0.24220900  0.24220900  0.24874999  0.24220900  0.23572530  
3_0_0      0.01422023  0.00000000  0.00470979  0.03361572  0.02871899  0.02871899  0.16791874  0.22292583  0.19186318  0.19797231  0.19797231  0.19186318  0.21660814  0.22292583  0.24220900  0.23572530  0.23572530  0.24220900  0.22929790  0.22929790  
6_0_0      0.01902166  0.00470979  0.00000000  0.03854505  0.03361572  0.03361572  0.16205172  0.21660814  0.18580407  0.19186318  0.19186318  0.18580407  0.21034392  0.21660814  0.23572530  0.22929790  0.22929790  0.23572530  0.23572530  0.22292583  
11_0_0     0.04850330  0.03361572  0.03854505  0.00000000  0.00470979  0.00470979  0.18580407  0.21034392  0.21034392  0.21660814  0.21660814  0.21034392  0.23572530  0.22292583  0.21034392  0.21660814  0.22929790  0.21034392  0.23572530  0.24220900  
2_0_0      0.04350743  0.02871899  0.03361572  0.00470979  0.00000000  0.00000000  0.17979415  0.21034392  0.20413227  0.21034392  0.21034392  0.20413227  0.22929790  0.21660814  0.21660814  0.22292583  0.23572530  0.21660814  0.22929790  0.23572530  
14_0_0     0.04350743  0.02871899  0.03361572  0.00470979  0.00000000  0.00000000  0.17979415  0.21034392  0.20413227  0.21034392  0.21034392  0.20413227  0.22929790  0.21660814  0.21660814  0.22292583  0.23572530  0.21660814  0.22929790  0.23572530  
9_0_0      0.17383263  0.16791874  0.16205172  0.18580407  0.17979415  0.17979415  0.00000000  0.06369647  0.04850330  0.05353312  0.05353312  0.04850330  0.10040905  0.06883096  0.28235110  0.27550775  0.27550775  0.28235110  0.30326915  0.28925831  
8_0_0      0.22292583  0.22292583  0.21660814  0.21034392  0.21034392  0.21034392  0.06369647  0.00000000  0.03361572  0.03854505  0.03854505  0.03854505  0.09505159  0.04350743  0.25534930  0.26200797  0.26200797  0.25534930  0.27550775  0.29623058  
1_0_0      0.21034392  0.19186318  0.18580407  0.21034392  0.20413227  0.20413227  0.04850330  0.03361572  0.00000000  0.00470979  0.01422023  0.00470979  0.08973263  0.03854505  0.26872709  0.26200797  0.26200797  0.26872709  0.26872709  0.28925831  
7_0_0      0.21660814  0.19797231  0.19186318  0.21660814  0.21034392  0.21034392  0.05353312  0.03854505  0.00470979  0.00000000  0.01902166  0.00944973  0.08445162  0.04350743  0.27550775  0.26872709  0.26872709  0.27550775  0.27550775  0.29623058  
5_0_0      0.20413227  0.19797231  0.19186318  0.21660814  0.21034392  0.21034392  0.05353312  0.03854505  0.01422023  0.01902166  0.00000000  0.01902166  0.09505159  0.04350743  0.28235110  0.27550775  0.27550775  0.28235110  0.28235110  0.30326915  
10_0_0     0.21034392  0.19186318  0.18580407  0.21034392  0.20413227  0.20413227  0.04850330  0.03854505  0.00470979  0.00944973  0.01902166  0.00000000  0.09505159  0.04350743  0.26872709  0.26200797  0.26200797  0.26872709  0.26872709  0.28925831  
12_0_0     0.21660814  0.21660814  0.21034392  0.23572530  0.22929790  0.22929790  0.10040905  0.09505159  0.08973263  0.08445162  0.09505159  0.09505159  0.00000000  0.08973263  0.33950233  0.33211242  0.33211242  0.33950233  0.33211242  0.31037528  
4_0_0      0.22292583  0.22292583  0.21660814  0.22292583  0.21660814  0.21660814  0.06883096  0.04350743  0.03854505  0.04350743  0.04350743  0.04350743  0.08973263  0.00000000  0.28235110  0.27550775  0.27550775  0.28235110  0.29623058  0.30326915  
18_0_0     0.24874999  0.24220900  0.23572530  0.21034392  0.21660814  0.21660814  0.28235110  0.25534930  0.26872709  0.27550775  0.28235110  0.26872709  0.33950233  0.28235110  0.00000000  0.00470979  0.01422023  0.00000000  0.07920802  0.08973263  
17_0_0     0.24220900  0.23572530  0.22929790  0.21660814  0.22292583  0.22292583  0.27550775  0.26200797  0.26200797  0.26872709  0.27550775  0.26200797  0.33211242  0.27550775  0.00470979  0.00000000  0.00944973  0.00470979  0.08445162  0.08445162  
19_0_0     0.24220900  0.23572530  0.22929790  0.22929790  0.23572530  0.23572530  0.27550775  0.26200797  0.26200797  0.26872709  0.27550775  0.26200797  0.33211242  0.27550775  0.01422023  0.00944973  0.00000000  0.01422023  0.08445162  0.09505159  
15_0_0     0.24874999  0.24220900  0.23572530  0.21034392  0.21660814  0.21660814  0.28235110  0.25534930  0.26872709  0.27550775  0.28235110  0.26872709  0.33950233  0.28235110  0.00000000  0.00470979  0.01422023  0.00000000  0.07920802  0.08973263  
20_0_0     0.24220900  0.22929790  0.23572530  0.23572530  0.22929790  0.22929790  0.30326915  0.27550775  0.26872709  0.27550775  0.28235110  0.26872709  0.33211242  0.29623058  0.07920802  0.08445162  0.08445162  0.07920802  0.00000000  0.08445162  
16_0_0     0.23572530  0.22929790  0.22292583  0.24220900  0.23572530  0.23572530  0.28925831  0.29623058  0.28925831  0.29623058  0.30326915  0.28925831  0.31037528  0.30326915  0.08973263  0.08445162  0.09505159  0.08973263  0.08445162  0.00000000  

