184
40_33_0    0.00000000  0.00697782  0.30636071  0.28549546  0.28549546  0.24547979  0.24547979  0.24547979  0.27528318  0.23581077  0.27528318  0.36130430  0.30636071  0.29585324  0.29585324  0.25527913  0.27528318  0.28549546  0.28549546  0.29585324  0.26521236  0.28549546  0.26521236  0.25527913  0.40845936  0.44594788  0.39638078  0.42074200  0.37280945  0.34997839  0.42074200  0.39638078  0.39638078  0.38449960  0.37280945  0.37280945  0.38449960  0.37280945  0.36130430  0.38449960  0.40845936  0.40845936  0.39638078  0.33882620  0.33882620  0.32784250  0.28549546  0.29585324  0.23581077  0.25527913  0.25527913  0.27528318  0.26521236  0.26521236  0.26521236  0.42074200  0.40845936  0.29585324  0.28549546  0.24547979  0.23581077  0.29585324  0.32784250  0.40845936  0.38449960  0.36130430  0.30636071  0.30636071  0.25527913  0.25527913  0.26521236  0.25527913  0.26521236  0.43323571  0.27528318  0.30636071  0.32784250  0.32784250  0.33882620  0.31702227  0.32784250  0.38449960  0.38449960  0.37280945  0.34997839  0.33882620  0.34997839  0.34997839  0.25527913  0.42074200  0.37280945  0.38449960  0.42074200  0.40845936  0.45888627  0.42074200  0.44594788  0.31702227  0.34997839  0.34997839  0.27528318  0.31702227  0.31702227  0.28549546  0.31702227  0.27528318  0.33882620  0.30636071  0.23581077  0.24547979  0.51307315  0.66937564  0.57162620  0.57162620  0.55653994  0.51307315  0.52727528  0.49914313  0.49914313  0.45888627  0.43323571  0.42074200  0.44594788  0.39638078  0.42074200  0.42074200  0.43323571  0.52727528  0.51307315  0.51307315  0.51307315  0.44594788  0.44594788  0.43323571  0.40845936  0.39638078  0.39638078  0.40845936  0.47205910  0.47205910  0.45888627  0.57162620  0.40845936  0.37280945  0.34997839  0.34997839  0.33882620  0.32784250  0.32784250  0.31702227  0.31702227  0.37280945  0.43323571  0.37280945  0.37280945  0.36130430  0.39638078  0.38449960  0.45888627  0.47205910  0.39638078  0.43323571  0.44594788  0.43323571  0.42074200  0.34997839  0.32784250  0.33882620  0.30636071  0.31702227  0.38449960  0.29585324  0.33882620  0.34997839  0.32784250  0.32784250  0.37280945  0.34997839  0.36130430  0.37280945  0.37280945  0.38449960  0.37280945  0.37280945  
40_0_0     0.00697782  0.00000000  0.31702227  0.29585324  0.29585324  0.23581077  0.23581077  0.23581077  0.26521236  0.22626866  0.26521236  0.34997839  0.29585324  0.28549546  0.28549546  0.26521236  0.28549546  0.29585324  0.29585324  0.30636071  0.27528318  0.27528318  0.27528318  0.26521236  0.39638078  0.45888627  0.38449960  0.40845936  0.36130430  0.33882620  0.40845936  0.38449960  0.38449960  0.37280945  0.36130430  0.36130430  0.37280945  0.36130430  0.34997839  0.37280945  0.39638078  0.39638078  0.38449960  0.32784250  0.34997839  0.33882620  0.29585324  0.30636071  0.24547979  0.26521236  0.26521236  0.28549546  0.27528318  0.27528318  0.27528318  0.43323571  0.42074200  0.30636071  0.29585324  0.25527913  0.24547979  0.30636071  0.33882620  0.42074200  0.39638078  0.37280945  0.31702227  0.31702227  0.26521236  0.26521236  0.27528318  0.26521236  0.27528318  0.42074200  0.28549546  0.29585324  0.33882620  0.33882620  0.34997839  0.32784250  0.33882620  0.37280945  0.37280945  0.38449960  0.36130430  0.34997839  0.36130430  0.36130430  0.26521236  0.43323571  0.38449960  0.39638078  0.43323571  0.42074200  0.47205910  0.43323571  0.45888627  0.32784250  0.36130430  0.36130430  0.28549546  0.32784250  0.32784250  0.29585324  0.32784250  0.28549546  0.34997839  0.31702227  0.24547979  0.25527913  0.51307315  0.68702569  0.55653994  0.55653994  0.54176038  0.49914313  0.51307315  0.48547500  0.48547500  0.44594788  0.42074200  0.43323571  0.45888627  0.40845936  0.43323571  0.43323571  0.43323571  0.54176038  0.52727528  0.52727528  0.52727528  0.45888627  0.45888627  0.44594788  0.42074200  0.40845936  0.40845936  0.42074200  0.48547500  0.48547500  0.47205910  0.58703214  0.42074200  0.36130430  0.36130430  0.36130430  0.34997839  0.33882620  0.33882620  0.32784250  0.32784250  0.38449960  0.44594788  0.38449960  0.38449960  0.37280945  0.40845936  0.39638078  0.45888627  0.47205910  0.40845936  0.44594788  0.45888627  0.44594788  0.43323571  0.36130430  0.33882620  0.34997839  0.31702227  0.32784250  0.39638078  0.30636071  0.34997839  0.33882620  0.31702227  0.31702227  0.38449960  0.36130430  0.37280945  0.38449960  0.38449960  0.39638078  0.38449960  0.38449960  
63_34_0    0.30636071  0.31702227  0.00000000  0.01402326  0.06535102  0.30636071  0.30636071  0.30636071  0.33882620  0.30636071  0.33882620  0.40845936  0.37280945  0.38449960  0.36130430  0.37280945  0.38449960  0.39638078  0.44594788  0.43323571  0.40845936  0.42074200  0.40845936  0.39638078  0.47205910  0.54176038  0.47205910  0.44594788  0.45888627  0.44594788  0.47205910  0.44594788  0.47205910  0.44594788  0.43323571  0.43323571  0.42074200  0.40845936  0.40845936  0.40845936  0.42074200  0.42074200  0.43323571  0.42074200  0.37280945  0.36130430  0.36130430  0.36130430  0.39638078  0.37280945  0.38449960  0.40845936  0.39638078  0.39638078  0.39638078  0.51307315  0.55653994  0.38449960  0.34997839  0.33882620  0.34997839  0.36130430  0.39638078  0.43323571  0.43323571  0.38449960  0.34997839  0.34997839  0.26521236  0.26521236  0.31702227  0.31702227  0.31702227  0.61885938  0.34997839  0.38449960  0.33882620  0.36130430  0.34997839  0.39638078  0.43323571  0.47205910  0.47205910  0.38449960  0.38449960  0.38449960  0.38449960  0.38449960  0.31702227  0.34997839  0.33882620  0.34997839  0.34997839  0.33882620  0.45888627  0.47205910  0.45888627  0.43323571  0.43323571  0.34997839  0.39638078  0.44594788  0.45888627  0.42074200  0.49914313  0.47205910  0.49914313  0.43323571  0.37280945  0.38449960  0.48547500  0.65214393  0.54176038  0.54176038  0.60277161  0.54176038  0.55653994  0.55653994  0.52727528  0.49914313  0.49914313  0.48547500  0.43323571  0.44594788  0.44594788  0.44594788  0.47205910  0.54176038  0.54176038  0.54176038  0.54176038  0.49914313  0.49914313  0.51307315  0.48547500  0.47205910  0.47205910  0.48547500  0.52727528  0.52727528  0.57162620  0.54176038  0.39638078  0.42074200  0.37280945  0.37280945  0.39638078  0.38449960  0.38449960  0.37280945  0.36130430  0.39638078  0.42074200  0.44594788  0.39638078  0.36130430  0.42074200  0.42074200  0.52727528  0.55653994  0.55653994  0.49914313  0.40845936  0.39638078  0.45888627  0.43323571  0.43323571  0.42074200  0.42074200  0.42074200  0.45888627  0.43323571  0.47205910  0.52727528  0.48547500  0.44594788  0.43323571  0.45888627  0.47205910  0.45888627  0.45888627  0.44594788  0.44594788  0.44594788  
43_34_0    0.28549546  0.29585324  0.01402326  0.00000000  0.05031249  0.30636071  0.30636071  0.30636071  0.33882620  0.30636071  0.33882620  0.38449960  0.37280945  0.38449960  0.36130430  0.37280945  0.38449960  0.39638078  0.43323571  0.42074200  0.38449960  0.39638078  0.38449960  0.37280945  0.45888627  0.54176038  0.45888627  0.43323571  0.44594788  0.42074200  0.45888627  0.42074200  0.44594788  0.44594788  0.43323571  0.43323571  0.42074200  0.40845936  0.40845936  0.40845936  0.42074200  0.42074200  0.40845936  0.39638078  0.37280945  0.36130430  0.33882620  0.34997839  0.37280945  0.34997839  0.36130430  0.38449960  0.37280945  0.37280945  0.38449960  0.48547500  0.52727528  0.38449960  0.34997839  0.33882620  0.34997839  0.34997839  0.38449960  0.43323571  0.43323571  0.37280945  0.33882620  0.33882620  0.26521236  0.26521236  0.30636071  0.30636071  0.30636071  0.63531120  0.34997839  0.38449960  0.33882620  0.36130430  0.34997839  0.38449960  0.42074200  0.45888627  0.45888627  0.39638078  0.39638078  0.39638078  0.39638078  0.39638078  0.29585324  0.36130430  0.34997839  0.36130430  0.36130430  0.34997839  0.47205910  0.47205910  0.47205910  0.43323571  0.44594788  0.34997839  0.38449960  0.43323571  0.44594788  0.43323571  0.48547500  0.45888627  0.48547500  0.44594788  0.38449960  0.39638078  0.48547500  0.65214393  0.52727528  0.52727528  0.60277161  0.54176038  0.55653994  0.55653994  0.52727528  0.48547500  0.48547500  0.47205910  0.42074200  0.43323571  0.43323571  0.43323571  0.45888627  0.54176038  0.54176038  0.54176038  0.54176038  0.48547500  0.48547500  0.49914313  0.47205910  0.45888627  0.45888627  0.47205910  0.51307315  0.51307315  0.55653994  0.52727528  0.40845936  0.43323571  0.38449960  0.38449960  0.40845936  0.39638078  0.39638078  0.38449960  0.37280945  0.40845936  0.43323571  0.45888627  0.40845936  0.37280945  0.43323571  0.43323571  0.51307315  0.54176038  0.54176038  0.48547500  0.39638078  0.38449960  0.44594788  0.40845936  0.40845936  0.39638078  0.39638078  0.40845936  0.43323571  0.40845936  0.44594788  0.49914313  0.45888627  0.44594788  0.40845936  0.43323571  0.44594788  0.43323571  0.43323571  0.42074200  0.42074200  0.42074200  
21_34_0    0.28549546  0.29585324  0.06535102  0.05031249  0.00000000  0.30636071  0.30636071  0.30636071  0.33882620  0.30636071  0.33882620  0.38449960  0.34997839  0.36130430  0.33882620  0.36130430  0.38449960  0.39638078  0.48547500  0.49914313  0.43323571  0.47205910  0.45888627  0.44594788  0.45888627  0.54176038  0.45888627  0.43323571  0.44594788  0.42074200  0.48547500  0.44594788  0.47205910  0.47205910  0.45888627  0.48547500  0.44594788  0.43323571  0.45888627  0.43323571  0.44594788  0.44594788  0.38449960  0.39638078  0.39638078  0.38449960  0.36130430  0.37280945  0.40845936  0.39638078  0.38449960  0.40845936  0.42074200  0.39638078  0.45888627  0.49914313  0.51307315  0.38449960  0.37280945  0.33882620  0.34997839  0.34997839  0.38449960  0.45888627  0.45888627  0.42074200  0.36130430  0.36130430  0.30636071  0.30636071  0.34997839  0.34997839  0.34997839  0.61885938  0.37280945  0.40845936  0.36130430  0.38449960  0.37280945  0.44594788  0.48547500  0.52727528  0.52727528  0.43323571  0.43323571  0.43323571  0.45888627  0.45888627  0.31702227  0.40845936  0.39638078  0.40845936  0.40845936  0.39638078  0.49914313  0.49914313  0.49914313  0.48547500  0.52727528  0.42074200  0.43323571  0.45888627  0.47205910  0.44594788  0.44594788  0.44594788  0.49914313  0.44594788  0.40845936  0.42074200  0.48547500  0.61885938  0.54176038  0.54176038  0.61885938  0.55653994  0.57162620  0.54176038  0.54176038  0.49914313  0.49914313  0.47205910  0.43323571  0.45888627  0.43323571  0.43323571  0.45888627  0.57162620  0.57162620  0.57162620  0.57162620  0.47205910  0.49914313  0.47205910  0.44594788  0.43323571  0.43323571  0.44594788  0.51307315  0.51307315  0.55653994  0.54176038  0.44594788  0.47205910  0.42074200  0.42074200  0.42074200  0.40845936  0.40845936  0.39638078  0.38449960  0.44594788  0.47205910  0.47205910  0.44594788  0.40845936  0.45888627  0.45888627  0.49914313  0.52727528  0.55653994  0.52727528  0.40845936  0.39638078  0.45888627  0.43323571  0.42074200  0.39638078  0.42074200  0.43323571  0.45888627  0.43323571  0.44594788  0.47205910  0.48547500  0.47205910  0.42074200  0.44594788  0.43323571  0.44594788  0.44594788  0.43323571  0.43323571  0.43323571  
63_32_0    0.24547979  0.23581077  0.30636071  0.30636071  0.30636071  0.00000000  0.00000000  0.00000000  0.03557874  0.03557874  0.03557874  0.34997839  0.28549546  0.27528318  0.25527913  0.29585324  0.31702227  0.30636071  0.40845936  0.42074200  0.34997839  0.34997839  0.37280945  0.33882620  0.43323571  0.48547500  0.38449960  0.37280945  0.40845936  0.34997839  0.38449960  0.37280945  0.37280945  0.39638078  0.38449960  0.33882620  0.33882620  0.34997839  0.34997839  0.32784250  0.37280945  0.37280945  0.37280945  0.36130430  0.30636071  0.29585324  0.25527913  0.28549546  0.28549546  0.28549546  0.27528318  0.29585324  0.29585324  0.33882620  0.40845936  0.40845936  0.43323571  0.26521236  0.25527913  0.25527913  0.26521236  0.34997839  0.36130430  0.42074200  0.38449960  0.39638078  0.36130430  0.36130430  0.36130430  0.36130430  0.39638078  0.38449960  0.37280945  0.49914313  0.30636071  0.29585324  0.29585324  0.31702227  0.32784250  0.39638078  0.43323571  0.42074200  0.42074200  0.37280945  0.37280945  0.34997839  0.33882620  0.33882620  0.29585324  0.42074200  0.43323571  0.44594788  0.40845936  0.42074200  0.47205910  0.49914313  0.48547500  0.47205910  0.42074200  0.40845936  0.38449960  0.37280945  0.37280945  0.38449960  0.44594788  0.44594788  0.49914313  0.48547500  0.39638078  0.38449960  0.57162620  0.76225069  0.52727528  0.52727528  0.61885938  0.57162620  0.58703214  0.52727528  0.55653994  0.51307315  0.52727528  0.51307315  0.47205910  0.44594788  0.44594788  0.44594788  0.45888627  0.49914313  0.57162620  0.57162620  0.57162620  0.48547500  0.51307315  0.47205910  0.45888627  0.44594788  0.44594788  0.45888627  0.48547500  0.48547500  0.47205910  0.58703214  0.40845936  0.39638078  0.37280945  0.37280945  0.43323571  0.44594788  0.44594788  0.43323571  0.40845936  0.38449960  0.40845936  0.38449960  0.39638078  0.39638078  0.43323571  0.45888627  0.47205910  0.51307315  0.61885938  0.60277161  0.47205910  0.48547500  0.49914313  0.39638078  0.38449960  0.36130430  0.39638078  0.40845936  0.37280945  0.38449960  0.44594788  0.39638078  0.44594788  0.39638078  0.51307315  0.44594788  0.43323571  0.44594788  0.44594788  0.43323571  0.44594788  0.44594788  
43_36_0    0.24547979  0.23581077  0.30636071  0.30636071  0.30636071  0.00000000  0.00000000  0.00000000  0.03557874  0.03557874  0.03557874  0.34997839  0.28549546  0.27528318  0.25527913  0.29585324  0.31702227  0.30636071  0.40845936  0.42074200  0.34997839  0.34997839  0.37280945  0.33882620  0.43323571  0.48547500  0.38449960  0.37280945  0.40845936  0.34997839  0.38449960  0.37280945  0.37280945  0.39638078  0.38449960  0.33882620  0.33882620  0.34997839  0.34997839  0.32784250  0.37280945  0.37280945  0.37280945  0.36130430  0.30636071  0.29585324  0.25527913  0.28549546  0.28549546  0.28549546  0.27528318  0.29585324  0.29585324  0.33882620  0.40845936  0.40845936  0.43323571  0.26521236  0.25527913  0.25527913  0.26521236  0.34997839  0.36130430  0.42074200  0.38449960  0.39638078  0.36130430  0.36130430  0.36130430  0.36130430  0.39638078  0.38449960  0.37280945  0.49914313  0.30636071  0.29585324  0.29585324  0.31702227  0.32784250  0.39638078  0.43323571  0.42074200  0.42074200  0.37280945  0.37280945  0.34997839  0.33882620  0.33882620  0.29585324  0.42074200  0.43323571  0.44594788  0.40845936  0.42074200  0.47205910  0.49914313  0.48547500  0.47205910  0.42074200  0.40845936  0.38449960  0.37280945  0.37280945  0.38449960  0.44594788  0.44594788  0.49914313  0.48547500  0.39638078  0.38449960  0.57162620  0.76225069  0.52727528  0.52727528  0.61885938  0.57162620  0.58703214  0.52727528  0.55653994  0.51307315  0.52727528  0.51307315  0.47205910  0.44594788  0.44594788  0.44594788  0.45888627  0.49914313  0.57162620  0.57162620  0.57162620  0.48547500  0.51307315  0.47205910  0.45888627  0.44594788  0.44594788  0.45888627  0.48547500  0.48547500  0.47205910  0.58703214  0.40845936  0.39638078  0.37280945  0.37280945  0.43323571  0.44594788  0.44594788  0.43323571  0.40845936  0.38449960  0.40845936  0.38449960  0.39638078  0.39638078  0.43323571  0.45888627  0.47205910  0.51307315  0.61885938  0.60277161  0.47205910  0.48547500  0.49914313  0.39638078  0.38449960  0.36130430  0.39638078  0.40845936  0.37280945  0.38449960  0.44594788  0.39638078  0.44594788  0.39638078  0.51307315  0.44594788  0.43323571  0.44594788  0.44594788  0.43323571  0.44594788  0.44594788  
43_32_0    0.24547979  0.23581077  0.30636071  0.30636071  0.30636071  0.00000000  0.00000000  0.00000000  0.03557874  0.03557874  0.03557874  0.34997839  0.28549546  0.27528318  0.25527913  0.29585324  0.31702227  0.30636071  0.40845936  0.42074200  0.34997839  0.34997839  0.37280945  0.33882620  0.43323571  0.48547500  0.38449960  0.37280945  0.40845936  0.34997839  0.38449960  0.37280945  0.37280945  0.39638078  0.38449960  0.33882620  0.33882620  0.34997839  0.34997839  0.32784250  0.37280945  0.37280945  0.37280945  0.36130430  0.30636071  0.29585324  0.25527913  0.28549546  0.28549546  0.28549546  0.27528318  0.29585324  0.29585324  0.33882620  0.40845936  0.40845936  0.43323571  0.26521236  0.25527913  0.25527913  0.26521236  0.34997839  0.36130430  0.42074200  0.38449960  0.39638078  0.36130430  0.36130430  0.36130430  0.36130430  0.39638078  0.38449960  0.37280945  0.49914313  0.30636071  0.29585324  0.29585324  0.31702227  0.32784250  0.39638078  0.43323571  0.42074200  0.42074200  0.37280945  0.37280945  0.34997839  0.33882620  0.33882620  0.29585324  0.42074200  0.43323571  0.44594788  0.40845936  0.42074200  0.47205910  0.49914313  0.48547500  0.47205910  0.42074200  0.40845936  0.38449960  0.37280945  0.37280945  0.38449960  0.44594788  0.44594788  0.49914313  0.48547500  0.39638078  0.38449960  0.57162620  0.76225069  0.52727528  0.52727528  0.61885938  0.57162620  0.58703214  0.52727528  0.55653994  0.51307315  0.52727528  0.51307315  0.47205910  0.44594788  0.44594788  0.44594788  0.45888627  0.49914313  0.57162620  0.57162620  0.57162620  0.48547500  0.51307315  0.47205910  0.45888627  0.44594788  0.44594788  0.45888627  0.48547500  0.48547500  0.47205910  0.58703214  0.40845936  0.39638078  0.37280945  0.37280945  0.43323571  0.44594788  0.44594788  0.43323571  0.40845936  0.38449960  0.40845936  0.38449960  0.39638078  0.39638078  0.43323571  0.45888627  0.47205910  0.51307315  0.61885938  0.60277161  0.47205910  0.48547500  0.49914313  0.39638078  0.38449960  0.36130430  0.39638078  0.40845936  0.37280945  0.38449960  0.44594788  0.39638078  0.44594788  0.39638078  0.51307315  0.44594788  0.43323571  0.44594788  0.44594788  0.43323571  0.44594788  0.44594788  
31_32_0    0.27528318  0.26521236  0.33882620  0.33882620  0.33882620  0.03557874  0.03557874  0.03557874  0.00000000  0.02832234  0.02832234  0.36130430  0.29585324  0.28549546  0.26521236  0.30636071  0.30636071  0.31702227  0.42074200  0.43323571  0.36130430  0.36130430  0.38449960  0.34997839  0.44594788  0.48547500  0.40845936  0.39638078  0.43323571  0.36130430  0.39638078  0.38449960  0.38449960  0.40845936  0.39638078  0.34997839  0.32784250  0.33882620  0.33882620  0.31702227  0.36130430  0.36130430  0.40845936  0.37280945  0.31702227  0.30636071  0.26521236  0.29585324  0.29585324  0.29585324  0.28549546  0.28549546  0.30636071  0.34997839  0.39638078  0.43323571  0.44594788  0.29585324  0.28549546  0.28549546  0.29585324  0.36130430  0.37280945  0.40845936  0.39638078  0.38449960  0.34997839  0.34997839  0.37280945  0.39638078  0.40845936  0.39638078  0.38449960  0.48547500  0.31702227  0.30636071  0.30636071  0.32784250  0.33882620  0.43323571  0.42074200  0.40845936  0.40845936  0.40845936  0.40845936  0.38449960  0.37280945  0.37280945  0.32784250  0.45888627  0.47205910  0.48547500  0.44594788  0.45888627  0.48547500  0.51307315  0.49914313  0.48547500  0.40845936  0.42074200  0.42074200  0.40845936  0.40845936  0.39638078  0.45888627  0.45888627  0.48547500  0.49914313  0.43323571  0.42074200  0.61885938  0.82426248  0.57162620  0.57162620  0.57162620  0.52727528  0.54176038  0.51307315  0.54176038  0.52727528  0.54176038  0.52727528  0.48547500  0.48547500  0.45888627  0.45888627  0.47205910  0.49914313  0.60277161  0.60277161  0.60277161  0.51307315  0.54176038  0.47205910  0.45888627  0.47205910  0.47205910  0.48547500  0.47205910  0.47205910  0.45888627  0.60277161  0.37280945  0.38449960  0.36130430  0.36130430  0.42074200  0.43323571  0.43323571  0.42074200  0.39638078  0.39638078  0.39638078  0.37280945  0.40845936  0.38449960  0.44594788  0.47205910  0.45888627  0.49914313  0.61885938  0.60277161  0.48547500  0.49914313  0.51307315  0.43323571  0.42074200  0.39638078  0.43323571  0.44594788  0.40845936  0.42074200  0.43323571  0.38449960  0.43323571  0.38449960  0.49914313  0.43323571  0.42074200  0.43323571  0.43323571  0.42074200  0.43323571  0.43323571  
21_37_0    0.23581077  0.22626866  0.30636071  0.30636071  0.30636071  0.03557874  0.03557874  0.03557874  0.02832234  0.00000000  0.02832234  0.31702227  0.25527913  0.24547979  0.22626866  0.26521236  0.26521236  0.27528318  0.37280945  0.38449960  0.31702227  0.31702227  0.33882620  0.30636071  0.39638078  0.45888627  0.39638078  0.38449960  0.39638078  0.31702227  0.39638078  0.33882620  0.36130430  0.36130430  0.34997839  0.32784250  0.30636071  0.29585324  0.31702227  0.29585324  0.31702227  0.31702227  0.36130430  0.32784250  0.29585324  0.28549546  0.24547979  0.27528318  0.25527913  0.25527913  0.25527913  0.25527913  0.28549546  0.32784250  0.34997839  0.40845936  0.44594788  0.27528318  0.26521236  0.24547979  0.25527913  0.32784250  0.33882620  0.38449960  0.37280945  0.33882620  0.30636071  0.30636071  0.32784250  0.34997839  0.36130430  0.34997839  0.36130430  0.43323571  0.29585324  0.28549546  0.28549546  0.30636071  0.31702227  0.40845936  0.39638078  0.38449960  0.38449960  0.38449960  0.38449960  0.38449960  0.37280945  0.37280945  0.30636071  0.43323571  0.42074200  0.43323571  0.42074200  0.43323571  0.43323571  0.45888627  0.44594788  0.43323571  0.38449960  0.37280945  0.39638078  0.37280945  0.38449960  0.37280945  0.40845936  0.40845936  0.43323571  0.44594788  0.38449960  0.39638078  0.57162620  0.76225069  0.55653994  0.55653994  0.58703214  0.54176038  0.55653994  0.51307315  0.54176038  0.48547500  0.49914313  0.49914313  0.44594788  0.47205910  0.42074200  0.42074200  0.43323571  0.48547500  0.58703214  0.58703214  0.58703214  0.47205910  0.49914313  0.43323571  0.42074200  0.43323571  0.43323571  0.44594788  0.44594788  0.44594788  0.45888627  0.60277161  0.37280945  0.38449960  0.36130430  0.36130430  0.39638078  0.40845936  0.40845936  0.39638078  0.37280945  0.42074200  0.42074200  0.39638078  0.43323571  0.40845936  0.47205910  0.48547500  0.48547500  0.52727528  0.57162620  0.55653994  0.51307315  0.49914313  0.54176038  0.40845936  0.39638078  0.37280945  0.40845936  0.42074200  0.40845936  0.39638078  0.40845936  0.36130430  0.40845936  0.36130430  0.45888627  0.40845936  0.39638078  0.40845936  0.40845936  0.39638078  0.38449960  0.38449960  
21_32_0    0.27528318  0.26521236  0.33882620  0.33882620  0.33882620  0.03557874  0.03557874  0.03557874  0.02832234  0.02832234  0.00000000  0.36130430  0.29585324  0.28549546  0.26521236  0.30636071  0.30636071  0.31702227  0.42074200  0.43323571  0.36130430  0.36130430  0.38449960  0.34997839  0.44594788  0.48547500  0.40845936  0.39638078  0.43323571  0.36130430  0.39638078  0.38449960  0.38449960  0.40845936  0.39638078  0.34997839  0.32784250  0.33882620  0.33882620  0.31702227  0.36130430  0.36130430  0.40845936  0.37280945  0.31702227  0.30636071  0.26521236  0.29585324  0.29585324  0.29585324  0.28549546  0.28549546  0.30636071  0.34997839  0.39638078  0.43323571  0.44594788  0.29585324  0.28549546  0.28549546  0.29585324  0.36130430  0.37280945  0.40845936  0.39638078  0.38449960  0.34997839  0.34997839  0.37280945  0.39638078  0.40845936  0.39638078  0.38449960  0.48547500  0.31702227  0.30636071  0.30636071  0.32784250  0.33882620  0.43323571  0.42074200  0.40845936  0.40845936  0.40845936  0.40845936  0.38449960  0.37280945  0.37280945  0.32784250  0.43323571  0.47205910  0.48547500  0.44594788  0.45888627  0.48547500  0.51307315  0.49914313  0.48547500  0.40845936  0.42074200  0.42074200  0.40845936  0.40845936  0.37280945  0.43323571  0.43323571  0.45888627  0.49914313  0.43323571  0.42074200  0.61885938  0.82426248  0.57162620  0.57162620  0.60277161  0.55653994  0.57162620  0.54176038  0.57162620  0.52727528  0.54176038  0.52727528  0.48547500  0.48547500  0.45888627  0.45888627  0.47205910  0.52727528  0.60277161  0.60277161  0.60277161  0.51307315  0.54176038  0.47205910  0.45888627  0.47205910  0.47205910  0.48547500  0.48547500  0.48547500  0.47205910  0.63531120  0.39638078  0.40845936  0.36130430  0.36130430  0.44594788  0.45888627  0.45888627  0.44594788  0.42074200  0.42074200  0.42074200  0.39638078  0.43323571  0.40845936  0.47205910  0.49914313  0.48547500  0.52727528  0.63531120  0.61885938  0.51307315  0.52727528  0.54176038  0.43323571  0.42074200  0.39638078  0.43323571  0.44594788  0.40845936  0.42074200  0.43323571  0.38449960  0.43323571  0.38449960  0.47205910  0.43323571  0.42074200  0.43323571  0.43323571  0.42074200  0.43323571  0.43323571  
48_30_0    0.36130430  0.34997839  0.40845936  0.38449960  0.38449960  0.34997839  0.34997839  0.34997839  0.36130430  0.31702227  0.36130430  0.00000000  0.14559662  0.13716158  0.13716158  0.18930533  0.18930533  0.18035084  0.43323571  0.43323571  0.40845936  0.38449960  0.40845936  0.42074200  0.48547500  0.48547500  0.45888627  0.44594788  0.45888627  0.38449960  0.43323571  0.39638078  0.42074200  0.44594788  0.43323571  0.40845936  0.38449960  0.37280945  0.40845936  0.39638078  0.38449960  0.38449960  0.40845936  0.40845936  0.39638078  0.43323571  0.34997839  0.36130430  0.37280945  0.37280945  0.39638078  0.37280945  0.37280945  0.34997839  0.42074200  0.48547500  0.49914313  0.39638078  0.43323571  0.40845936  0.42074200  0.38449960  0.39638078  0.48547500  0.45888627  0.37280945  0.38449960  0.38449960  0.42074200  0.42074200  0.45888627  0.44594788  0.45888627  0.45888627  0.43323571  0.43323571  0.37280945  0.39638078  0.37280945  0.49914313  0.51307315  0.51307315  0.51307315  0.48547500  0.48547500  0.48547500  0.47205910  0.47205910  0.36130430  0.42074200  0.42074200  0.40845936  0.40845936  0.40845936  0.52727528  0.57162620  0.54176038  0.44594788  0.43323571  0.40845936  0.48547500  0.51307315  0.45888627  0.58703214  0.54176038  0.51307315  0.49914313  0.45888627  0.47205910  0.48547500  0.60277161  0.78233928  0.63531120  0.63531120  0.58703214  0.57162620  0.58703214  0.61885938  0.57162620  0.58703214  0.63531120  0.54176038  0.52727528  0.51307315  0.49914313  0.49914313  0.51307315  0.70511491  0.63531120  0.63531120  0.63531120  0.55653994  0.55653994  0.49914313  0.49914313  0.51307315  0.51307315  0.49914313  0.55653994  0.55653994  0.60277161  0.61885938  0.43323571  0.49914313  0.49914313  0.49914313  0.51307315  0.47205910  0.48547500  0.48547500  0.48547500  0.51307315  0.49914313  0.58703214  0.55653994  0.55653994  0.55653994  0.57162620  0.55653994  0.57162620  0.54176038  0.55653994  0.54176038  0.52727528  0.54176038  0.49914313  0.55653994  0.54176038  0.51307315  0.52727528  0.49914313  0.51307315  0.47205910  0.55653994  0.47205910  0.45888627  0.43323571  0.43323571  0.44594788  0.40845936  0.40845936  0.42074200  0.40845936  0.40845936  
28_30_0    0.30636071  0.29585324  0.37280945  0.37280945  0.34997839  0.28549546  0.28549546  0.28549546  0.29585324  0.25527913  0.29585324  0.14559662  0.00000000  0.02113765  0.03557874  0.15413067  0.15413067  0.16276608  0.44594788  0.47205910  0.42074200  0.39638078  0.42074200  0.38449960  0.47205910  0.47205910  0.49914313  0.48547500  0.48547500  0.38449960  0.51307315  0.44594788  0.47205910  0.44594788  0.43323571  0.40845936  0.38449960  0.37280945  0.38449960  0.40845936  0.40845936  0.40845936  0.44594788  0.43323571  0.42074200  0.40845936  0.38449960  0.37280945  0.33882620  0.36130430  0.36130430  0.36130430  0.34997839  0.36130430  0.40845936  0.52727528  0.54176038  0.38449960  0.37280945  0.34997839  0.36130430  0.37280945  0.38449960  0.48547500  0.45888627  0.38449960  0.37280945  0.37280945  0.40845936  0.40845936  0.47205910  0.45888627  0.47205910  0.39638078  0.43323571  0.39638078  0.42074200  0.44594788  0.44594788  0.48547500  0.51307315  0.48547500  0.48547500  0.51307315  0.54176038  0.54176038  0.49914313  0.49914313  0.36130430  0.42074200  0.38449960  0.39638078  0.42074200  0.39638078  0.49914313  0.52727528  0.51307315  0.47205910  0.47205910  0.44594788  0.51307315  0.54176038  0.51307315  0.51307315  0.55653994  0.52727528  0.54176038  0.52727528  0.48547500  0.49914313  0.55653994  0.72366571  0.66937564  0.66937564  0.54176038  0.55653994  0.54176038  0.58703214  0.52727528  0.52727528  0.54176038  0.57162620  0.49914313  0.52727528  0.47205910  0.47205910  0.48547500  0.61885938  0.68702569  0.68702569  0.68702569  0.51307315  0.51307315  0.49914313  0.49914313  0.51307315  0.51307315  0.49914313  0.58703214  0.58703214  0.63531120  0.52727528  0.40845936  0.44594788  0.44594788  0.44594788  0.43323571  0.47205910  0.45888627  0.45888627  0.45888627  0.51307315  0.47205910  0.49914313  0.49914313  0.49914313  0.52727528  0.54176038  0.52727528  0.54176038  0.52727528  0.54176038  0.48547500  0.47205910  0.51307315  0.47205910  0.49914313  0.48547500  0.51307315  0.52727528  0.55653994  0.47205910  0.42074200  0.49914313  0.44594788  0.42074200  0.52727528  0.49914313  0.51307315  0.49914313  0.49914313  0.48547500  0.47205910  0.47205910  
56_31_0    0.29585324  0.28549546  0.38449960  0.38449960  0.36130430  0.27528318  0.27528318  0.27528318  0.28549546  0.24547979  0.28549546  0.13716158  0.02113765  0.00000000  0.01402326  0.14559662  0.14559662  0.13716158  0.43323571  0.45888627  0.40845936  0.38449960  0.40845936  0.37280945  0.47205910  0.44594788  0.45888627  0.44594788  0.44594788  0.34997839  0.47205910  0.40845936  0.43323571  0.40845936  0.39638078  0.37280945  0.34997839  0.33882620  0.34997839  0.39638078  0.37280945  0.37280945  0.40845936  0.39638078  0.40845936  0.42074200  0.34997839  0.33882620  0.32784250  0.34997839  0.34997839  0.32784250  0.33882620  0.34997839  0.39638078  0.51307315  0.52727528  0.37280945  0.36130430  0.33882620  0.34997839  0.38449960  0.39638078  0.44594788  0.42074200  0.37280945  0.33882620  0.33882620  0.37280945  0.37280945  0.43323571  0.42074200  0.43323571  0.39638078  0.39638078  0.36130430  0.43323571  0.45888627  0.43323571  0.44594788  0.47205910  0.44594788  0.44594788  0.47205910  0.49914313  0.49914313  0.45888627  0.45888627  0.34997839  0.43323571  0.39638078  0.40845936  0.43323571  0.40845936  0.51307315  0.54176038  0.52727528  0.43323571  0.44594788  0.43323571  0.47205910  0.49914313  0.47205910  0.52727528  0.54176038  0.51307315  0.52727528  0.51307315  0.47205910  0.48547500  0.57162620  0.68702569  0.63531120  0.63531120  0.54176038  0.55653994  0.54176038  0.58703214  0.52727528  0.49914313  0.54176038  0.54176038  0.49914313  0.49914313  0.47205910  0.47205910  0.48547500  0.61885938  0.68702569  0.68702569  0.68702569  0.51307315  0.51307315  0.47205910  0.47205910  0.48547500  0.48547500  0.47205910  0.55653994  0.55653994  0.60277161  0.57162620  0.43323571  0.47205910  0.44594788  0.44594788  0.45888627  0.47205910  0.48547500  0.48547500  0.48547500  0.48547500  0.44594788  0.49914313  0.49914313  0.49914313  0.52727528  0.54176038  0.52727528  0.54176038  0.49914313  0.51307315  0.48547500  0.47205910  0.51307315  0.45888627  0.48547500  0.47205910  0.49914313  0.51307315  0.51307315  0.45888627  0.40845936  0.48547500  0.43323571  0.39638078  0.48547500  0.45888627  0.47205910  0.45888627  0.45888627  0.44594788  0.43323571  0.43323571  
56_30_0    0.29585324  0.28549546  0.36130430  0.36130430  0.33882620  0.25527913  0.25527913  0.25527913  0.26521236  0.22626866  0.26521236  0.13716158  0.03557874  0.01402326  0.00000000  0.16276608  0.16276608  0.15413067  0.44594788  0.47205910  0.42074200  0.39638078  0.42074200  0.38449960  0.44594788  0.44594788  0.43323571  0.42074200  0.42074200  0.32784250  0.47205910  0.40845936  0.43323571  0.38449960  0.37280945  0.37280945  0.34997839  0.33882620  0.34997839  0.39638078  0.37280945  0.37280945  0.38449960  0.37280945  0.40845936  0.42074200  0.34997839  0.33882620  0.34997839  0.34997839  0.32784250  0.30636071  0.33882620  0.32784250  0.42074200  0.48547500  0.49914313  0.37280945  0.33882620  0.31702227  0.32784250  0.38449960  0.39638078  0.44594788  0.42074200  0.34997839  0.31702227  0.31702227  0.37280945  0.39638078  0.40845936  0.39638078  0.40845936  0.40845936  0.37280945  0.36130430  0.40845936  0.43323571  0.40845936  0.45888627  0.48547500  0.45888627  0.45888627  0.45888627  0.48547500  0.48547500  0.44594788  0.44594788  0.34997839  0.43323571  0.42074200  0.43323571  0.45888627  0.43323571  0.54176038  0.57162620  0.55653994  0.45888627  0.47205910  0.40845936  0.44594788  0.47205910  0.44594788  0.54176038  0.51307315  0.48547500  0.49914313  0.49914313  0.45888627  0.47205910  0.60277161  0.70511491  0.65214393  0.65214393  0.57162620  0.55653994  0.57162620  0.58703214  0.55653994  0.52727528  0.57162620  0.57162620  0.49914313  0.52727528  0.49914313  0.49914313  0.51307315  0.61885938  0.72366571  0.72366571  0.72366571  0.54176038  0.54176038  0.49914313  0.49914313  0.51307315  0.51307315  0.49914313  0.57162620  0.57162620  0.58703214  0.57162620  0.43323571  0.47205910  0.44594788  0.44594788  0.45888627  0.47205910  0.48547500  0.48547500  0.45888627  0.48547500  0.44594788  0.49914313  0.49914313  0.47205910  0.52727528  0.54176038  0.52727528  0.54176038  0.49914313  0.51307315  0.48547500  0.47205910  0.51307315  0.48547500  0.48547500  0.47205910  0.49914313  0.51307315  0.51307315  0.45888627  0.43323571  0.48547500  0.45888627  0.42074200  0.51307315  0.48547500  0.49914313  0.48547500  0.48547500  0.47205910  0.45888627  0.45888627  
48_29_0    0.25527913  0.26521236  0.37280945  0.37280945  0.36130430  0.29585324  0.29585324  0.29585324  0.30636071  0.26521236  0.30636071  0.18930533  0.15413067  0.14559662  0.16276608  0.00000000  0.05779287  0.06535102  0.38449960  0.39638078  0.34997839  0.37280945  0.34997839  0.36130430  0.44594788  0.39638078  0.49914313  0.48547500  0.45888627  0.37280945  0.40845936  0.37280945  0.39638078  0.42074200  0.40845936  0.36130430  0.34997839  0.32784250  0.38449960  0.38449960  0.37280945  0.37280945  0.44594788  0.42074200  0.36130430  0.34997839  0.32784250  0.33882620  0.26521236  0.28549546  0.28549546  0.28549546  0.28549546  0.28549546  0.31702227  0.49914313  0.48547500  0.29585324  0.37280945  0.32784250  0.33882620  0.34997839  0.38449960  0.51307315  0.47205910  0.43323571  0.37280945  0.37280945  0.38449960  0.38449960  0.42074200  0.40845936  0.42074200  0.42074200  0.39638078  0.40845936  0.36130430  0.36130430  0.36130430  0.47205910  0.49914313  0.51307315  0.51307315  0.44594788  0.47205910  0.47205910  0.43323571  0.43323571  0.30636071  0.44594788  0.44594788  0.43323571  0.43323571  0.43323571  0.48547500  0.52727528  0.49914313  0.42074200  0.44594788  0.43323571  0.44594788  0.45888627  0.42074200  0.47205910  0.48547500  0.51307315  0.52727528  0.40845936  0.42074200  0.43323571  0.55653994  0.74270226  0.60277161  0.60277161  0.55653994  0.57162620  0.52727528  0.54176038  0.48547500  0.54176038  0.55653994  0.45888627  0.49914313  0.47205910  0.39638078  0.39638078  0.43323571  0.58703214  0.57162620  0.57162620  0.57162620  0.48547500  0.45888627  0.47205910  0.44594788  0.45888627  0.45888627  0.44594788  0.48547500  0.48547500  0.55653994  0.66937564  0.39638078  0.45888627  0.40845936  0.40845936  0.44594788  0.43323571  0.42074200  0.42074200  0.42074200  0.47205910  0.43323571  0.49914313  0.45888627  0.48547500  0.48547500  0.49914313  0.54176038  0.55653994  0.47205910  0.47205910  0.49914313  0.48547500  0.51307315  0.42074200  0.44594788  0.43323571  0.40845936  0.42074200  0.48547500  0.43323571  0.39638078  0.48547500  0.43323571  0.38449960  0.45888627  0.45888627  0.47205910  0.43323571  0.43323571  0.44594788  0.43323571  0.43323571  
28_29_0    0.27528318  0.28549546  0.38449960  0.38449960  0.38449960  0.31702227  0.31702227  0.31702227  0.30636071  0.26521236  0.30636071  0.18930533  0.15413067  0.14559662  0.16276608  0.05779287  0.00000000  0.02113765  0.33882620  0.36130430  0.31702227  0.33882620  0.31702227  0.32784250  0.42074200  0.40845936  0.51307315  0.49914313  0.49914313  0.37280945  0.42074200  0.38449960  0.40845936  0.42074200  0.40845936  0.36130430  0.36130430  0.34997839  0.38449960  0.38449960  0.36130430  0.36130430  0.47205910  0.39638078  0.36130430  0.34997839  0.32784250  0.33882620  0.24547979  0.26521236  0.30636071  0.30636071  0.27528318  0.28549546  0.32784250  0.47205910  0.48547500  0.31702227  0.34997839  0.32784250  0.33882620  0.37280945  0.40845936  0.45888627  0.44594788  0.38449960  0.37280945  0.37280945  0.36130430  0.36130430  0.42074200  0.40845936  0.42074200  0.37280945  0.39638078  0.40845936  0.34997839  0.34997839  0.34997839  0.45888627  0.45888627  0.47205910  0.47205910  0.44594788  0.47205910  0.45888627  0.42074200  0.42074200  0.32784250  0.45888627  0.43323571  0.42074200  0.44594788  0.44594788  0.44594788  0.48547500  0.48547500  0.37280945  0.40845936  0.37280945  0.42074200  0.43323571  0.39638078  0.45888627  0.49914313  0.52727528  0.51307315  0.42074200  0.43323571  0.44594788  0.57162620  0.63531120  0.65214393  0.65214393  0.57162620  0.58703214  0.54176038  0.57162620  0.54176038  0.57162620  0.58703214  0.42074200  0.45888627  0.43323571  0.40845936  0.40845936  0.44594788  0.58703214  0.57162620  0.57162620  0.57162620  0.51307315  0.48547500  0.49914313  0.47205910  0.48547500  0.48547500  0.47205910  0.49914313  0.49914313  0.57162620  0.63531120  0.36130430  0.39638078  0.37280945  0.37280945  0.36130430  0.37280945  0.36130430  0.36130430  0.36130430  0.43323571  0.42074200  0.42074200  0.42074200  0.47205910  0.47205910  0.45888627  0.48547500  0.54176038  0.48547500  0.48547500  0.45888627  0.44594788  0.49914313  0.44594788  0.44594788  0.45888627  0.42074200  0.43323571  0.48547500  0.43323571  0.37280945  0.45888627  0.40845936  0.40845936  0.40845936  0.40845936  0.42074200  0.38449960  0.38449960  0.39638078  0.40845936  0.40845936  
56_29_0    0.28549546  0.29585324  0.39638078  0.39638078  0.39638078  0.30636071  0.30636071  0.30636071  0.31702227  0.27528318  0.31702227  0.18035084  0.16276608  0.13716158  0.15413067  0.06535102  0.02113765  0.00000000  0.34997839  0.37280945  0.32784250  0.34997839  0.32784250  0.33882620  0.45888627  0.39638078  0.51307315  0.49914313  0.49914313  0.38449960  0.43323571  0.39638078  0.42074200  0.43323571  0.42074200  0.37280945  0.37280945  0.36130430  0.39638078  0.42074200  0.37280945  0.37280945  0.45888627  0.40845936  0.37280945  0.38449960  0.33882620  0.34997839  0.27528318  0.29585324  0.33882620  0.31702227  0.30636071  0.31702227  0.36130430  0.48547500  0.49914313  0.32784250  0.36130430  0.33882620  0.34997839  0.38449960  0.42074200  0.47205910  0.43323571  0.39638078  0.38449960  0.38449960  0.34997839  0.34997839  0.40845936  0.39638078  0.40845936  0.39638078  0.40845936  0.42074200  0.38449960  0.38449960  0.36130430  0.42074200  0.44594788  0.45888627  0.45888627  0.40845936  0.43323571  0.42074200  0.38449960  0.38449960  0.31702227  0.44594788  0.42074200  0.40845936  0.40845936  0.43323571  0.45888627  0.49914313  0.49914313  0.38449960  0.42074200  0.38449960  0.40845936  0.39638078  0.36130430  0.49914313  0.51307315  0.54176038  0.52727528  0.40845936  0.42074200  0.43323571  0.58703214  0.61885938  0.60277161  0.60277161  0.61885938  0.63531120  0.58703214  0.58703214  0.55653994  0.55653994  0.60277161  0.43323571  0.49914313  0.42074200  0.42074200  0.42074200  0.45888627  0.61885938  0.60277161  0.60277161  0.60277161  0.51307315  0.48547500  0.49914313  0.47205910  0.48547500  0.48547500  0.47205910  0.51307315  0.51307315  0.58703214  0.61885938  0.39638078  0.43323571  0.40845936  0.40845936  0.39638078  0.38449960  0.39638078  0.39638078  0.39638078  0.42074200  0.40845936  0.45888627  0.43323571  0.48547500  0.48547500  0.47205910  0.47205910  0.52727528  0.47205910  0.47205910  0.47205910  0.45888627  0.51307315  0.45888627  0.45888627  0.47205910  0.43323571  0.44594788  0.47205910  0.44594788  0.40845936  0.47205910  0.44594788  0.43323571  0.39638078  0.39638078  0.40845936  0.37280945  0.37280945  0.38449960  0.39638078  0.39638078  
