20
8_0_0      0.00000000  0.00702686  0.19082541  0.33076556  0.33076556  0.34187277  0.40010694  0.40010694  0.40010694  0.40010694  0.40010694  0.36460970  0.53277013  0.57779876  0.49036897  0.62580214  0.45030549  0.46341615  0.46341615  0.46341615  
18_0_0     0.00702686  0.00000000  0.18178940  0.31982554  0.31982554  0.33076556  0.38808088  0.38808088  0.38808088  0.38808088  0.38808088  0.35315233  0.51835983  0.56247718  0.47676764  0.64253457  0.46341615  0.45030549  0.45030549  0.45030549  
19_0_0     0.19082541  0.18178940  0.00000000  0.24753568  0.24753568  0.25743296  0.35315233  0.30904773  0.33076556  0.33076556  0.30904773  0.31982554  0.59345027  0.45030549  0.46341615  0.50422967  0.37625056  0.40010694  0.40010694  0.40010694  
13_0_0     0.33076556  0.31982554  0.24753568  0.00000000  0.00000000  0.00702686  0.45030549  0.45030549  0.45030549  0.45030549  0.43742712  0.43742712  0.51835983  0.57779876  0.53277013  0.57779876  0.50422967  0.45030549  0.45030549  0.45030549  
9_0_0      0.33076556  0.31982554  0.24753568  0.00000000  0.00000000  0.00702686  0.45030549  0.45030549  0.45030549  0.45030549  0.43742712  0.43742712  0.51835983  0.57779876  0.53277013  0.57779876  0.50422967  0.45030549  0.45030549  0.45030549  
7_0_0      0.34187277  0.33076556  0.25743296  0.00702686  0.00702686  0.00000000  0.46341615  0.46341615  0.46341615  0.46341615  0.45030549  0.45030549  0.53277013  0.59345027  0.54747190  0.59345027  0.49036897  0.43742712  0.43742712  0.43742712  
10_0_0     0.40010694  0.38808088  0.35315233  0.45030549  0.45030549  0.46341615  0.00000000  0.02852447  0.01412232  0.01412232  0.17286434  0.18178940  0.43742712  0.46341615  0.47676764  0.56247718  0.43742712  0.31982554  0.31982554  0.31982554  
4_0_0      0.40010694  0.38808088  0.30904773  0.45030549  0.45030549  0.46341615  0.02852447  0.00000000  0.01412232  0.01412232  0.17286434  0.18178940  0.49036897  0.43742712  0.45030549  0.50422967  0.43742712  0.29842739  0.29842739  0.29842739  
12_0_0     0.40010694  0.38808088  0.33076556  0.45030549  0.45030549  0.46341615  0.01412232  0.01412232  0.00000000  0.00000000  0.17286434  0.16404755  0.46341615  0.43742712  0.47676764  0.53277013  0.43742712  0.31982554  0.31982554  0.31982554  
5_0_0      0.40010694  0.38808088  0.33076556  0.45030549  0.45030549  0.46341615  0.01412232  0.01412232  0.00000000  0.00000000  0.17286434  0.16404755  0.46341615  0.43742712  0.47676764  0.53277013  0.43742712  0.31982554  0.31982554  0.31982554  
11_0_0     0.40010694  0.38808088  0.30904773  0.43742712  0.43742712  0.45030549  0.17286434  0.17286434  0.17286434  0.17286434  0.00000000  0.06583006  0.45030549  0.41233533  0.41233533  0.50422967  0.47676764  0.29842739  0.29842739  0.29842739  
17_0_0     0.36460970  0.35315233  0.31982554  0.43742712  0.43742712  0.45030549  0.18178940  0.18178940  0.16404755  0.16404755  0.06583006  0.00000000  0.46341615  0.41233533  0.43742712  0.56247718  0.47676764  0.31982554  0.31982554  0.31982554  
16_0_0     0.53277013  0.51835983  0.59345027  0.51835983  0.51835983  0.53277013  0.43742712  0.49036897  0.46341615  0.46341615  0.45030549  0.46341615  0.00000000  0.45030549  0.28796000  0.41233533  0.59345027  0.46341615  0.46341615  0.46341615  
15_0_0     0.57779876  0.56247718  0.45030549  0.57779876  0.57779876  0.59345027  0.46341615  0.43742712  0.43742712  0.43742712  0.41233533  0.41233533  0.45030549  0.00000000  0.21862762  0.34187277  0.57779876  0.51835983  0.51835983  0.51835983  
14_0_0     0.49036897  0.47676764  0.46341615  0.53277013  0.53277013  0.54747190  0.47676764  0.45030549  0.47676764  0.47676764  0.41233533  0.43742712  0.28796000  0.21862762  0.00000000  0.18178940  0.54747190  0.46341615  0.46341615  0.46341615  
6_0_0      0.62580214  0.64253457  0.50422967  0.57779876  0.57779876  0.59345027  0.56247718  0.50422967  0.53277013  0.53277013  0.50422967  0.56247718  0.41233533  0.34187277  0.18178940  0.00000000  0.59345027  0.59345027  0.59345027  0.59345027  
20_0_0     0.45030549  0.46341615  0.37625056  0.50422967  0.50422967  0.49036897  0.43742712  0.43742712  0.43742712  0.43742712  0.47676764  0.47676764  0.59345027  0.57779876  0.54747190  0.59345027  0.00000000  0.36460970  0.36460970  0.36460970  
1_0_0      0.46341615  0.45030549  0.40010694  0.45030549  0.45030549  0.43742712  0.31982554  0.29842739  0.31982554  0.31982554  0.29842739  0.31982554  0.46341615  0.51835983  0.46341615  0.59345027  0.36460970  0.00000000  0.00000000  0.00000000  
2_0_0      0.46341615  0.45030549  0.40010694  0.45030549  0.45030549  0.43742712  0.31982554  0.29842739  0.31982554  0.31982554  0.29842739  0.31982554  0.46341615  0.51835983  0.46341615  0.59345027  0.36460970  0.00000000  0.00000000  0.00000000  
3_0_0      0.46341615  0.45030549  0.40010694  0.45030549  0.45030549  0.43742712  0.31982554  0.29842739  0.31982554  0.31982554  0.29842739  0.31982554  0.46341615  0.51835983  0.46341615  0.59345027  0.36460970  0.00000000  0.00000000  0.00000000  

