20
2_0_0      0.00000000  0.02353968  0.14464030  0.44208212  0.47822614  0.47822614  0.47822614  0.50079942  0.47822614  0.48567365  0.50848088  0.54003724  0.48567365  0.42810881  0.44916986  0.47822614  0.47822614  0.46355415  0.47822614  0.46355415  
1_0_0      0.02353968  0.00000000  0.14464030  0.44208212  0.47822614  0.47822614  0.47822614  0.50079942  0.46355415  0.48567365  0.49319755  0.52408940  0.50079942  0.44208212  0.44916986  0.49319755  0.49319755  0.47822614  0.49319755  0.47822614  
3_0_0      0.14464030  0.14464030  0.00000000  0.38771820  0.41439669  0.40093618  0.40093618  0.56462850  0.53201998  0.55633949  0.56462850  0.52408940  0.50079942  0.45632675  0.46355415  0.47822614  0.49319755  0.46355415  0.47822614  0.47822614  
4_0_0      0.44208212  0.44208212  0.38771820  0.00000000  0.10349377  0.09465525  0.08592195  0.36197595  0.34943582  0.34324524  0.34943582  0.33101861  0.38119746  0.36832732  0.36197595  0.31305247  0.33710645  0.33710645  0.34324524  0.35567909  
13_0_0     0.47822614  0.47822614  0.41439669  0.10349377  0.00000000  0.03155714  0.02353968  0.38771820  0.36197595  0.35567909  0.38771820  0.33101861  0.38771820  0.38771820  0.36832732  0.35567909  0.36197595  0.32498088  0.32498088  0.36197595  
12_0_0     0.47822614  0.47822614  0.40093618  0.09465525  0.03155714  0.00000000  0.00776294  0.38771820  0.37473417  0.35567909  0.38771820  0.31899243  0.38119746  0.39429742  0.37473417  0.33710645  0.37473417  0.34324524  0.33710645  0.37473417  
10_0_0     0.47822614  0.47822614  0.40093618  0.08592195  0.02353968  0.00776294  0.00000000  0.37473417  0.36197595  0.34324524  0.37473417  0.31899243  0.38771820  0.40093618  0.38119746  0.34324524  0.38119746  0.33710645  0.34324524  0.38119746  
11_0_0     0.50079942  0.50079942  0.56462850  0.36197595  0.38771820  0.38771820  0.37473417  0.00000000  0.03155714  0.03966319  0.04375005  0.09027560  0.41439669  0.44208212  0.43506219  0.41439669  0.44916986  0.43506219  0.47085346  0.42810881  
6_0_0      0.47822614  0.46355415  0.53201998  0.34943582  0.36197595  0.37473417  0.36197595  0.03155714  0.00000000  0.03966319  0.04375005  0.09027560  0.41439669  0.44208212  0.43506219  0.42810881  0.42810881  0.42122072  0.44208212  0.40093618  
14_0_0     0.48567365  0.48567365  0.55633949  0.34324524  0.35567909  0.35567909  0.34324524  0.03966319  0.03966319  0.00000000  0.01956357  0.09027560  0.42122072  0.46355415  0.44208212  0.42122072  0.44916986  0.41439669  0.43506219  0.40763556  
17_0_0     0.50848088  0.49319755  0.56462850  0.34943582  0.38771820  0.38771820  0.37473417  0.04375005  0.04375005  0.01956357  0.00000000  0.09465525  0.41439669  0.47085346  0.44916986  0.42810881  0.45632675  0.42122072  0.42810881  0.40093618  
5_0_0      0.54003724  0.52408940  0.52408940  0.33101861  0.33101861  0.31899243  0.31899243  0.09027560  0.09027560  0.09027560  0.09465525  0.00000000  0.38771820  0.45632675  0.42122072  0.39429742  0.41439669  0.40763556  0.44208212  0.40093618  
16_0_0     0.48567365  0.50079942  0.50079942  0.38119746  0.38771820  0.38119746  0.38771820  0.41439669  0.41439669  0.42122072  0.41439669  0.38771820  0.00000000  0.06876120  0.08159398  0.06453301  0.06876120  0.12149682  0.12149682  0.09465525  
7_0_0      0.42810881  0.44208212  0.45632675  0.36832732  0.38771820  0.39429742  0.40093618  0.44208212  0.44208212  0.46355415  0.47085346  0.45632675  0.06876120  0.00000000  0.05199271  0.07729140  0.07729140  0.12606748  0.10795328  0.08159398  
18_0_0     0.44916986  0.44916986  0.46355415  0.36197595  0.36832732  0.37473417  0.38119746  0.43506219  0.43506219  0.44208212  0.44916986  0.42122072  0.08159398  0.05199271  0.00000000  0.09906120  0.08592195  0.16853773  0.14935791  0.11244007  
9_0_0      0.47822614  0.49319755  0.47822614  0.31305247  0.35567909  0.33710645  0.34324524  0.41439669  0.42810881  0.42122072  0.42810881  0.39429742  0.06453301  0.07729140  0.09906120  0.00000000  0.07301390  0.12149682  0.12149682  0.10349377  
19_0_0     0.47822614  0.49319755  0.49319755  0.33710645  0.36197595  0.37473417  0.38119746  0.44916986  0.42810881  0.44916986  0.45632675  0.41439669  0.06876120  0.07729140  0.08592195  0.07301390  0.00000000  0.12606748  0.09906120  0.09027560  
20_0_0     0.46355415  0.47822614  0.46355415  0.33710645  0.32498088  0.34324524  0.33710645  0.43506219  0.42122072  0.41439669  0.42122072  0.40763556  0.12149682  0.12606748  0.16853773  0.12149682  0.12606748  0.00000000  0.04785980  0.08159398  
8_0_0      0.47822614  0.49319755  0.47822614  0.34324524  0.32498088  0.33710645  0.34324524  0.47085346  0.44208212  0.43506219  0.42810881  0.44208212  0.12149682  0.10795328  0.14935791  0.12149682  0.09906120  0.04785980  0.00000000  0.03966319  
15_0_0     0.46355415  0.47822614  0.47822614  0.35567909  0.36197595  0.37473417  0.38119746  0.42810881  0.40093618  0.40763556  0.40093618  0.40093618  0.09465525  0.08159398  0.11244007  0.10349377  0.09027560  0.08159398  0.03966319  0.00000000  

