20
4_0_0      0.00000000  0.00000000  0.00000000  0.08022402  0.22364236  0.21435009  0.22664087  0.40568694  0.47577103  0.51721445  0.54929624  0.57869942  0.60954087  0.63399709  0.63399709  0.61487151  0.53324449  0.55299329  0.53696250  0.53696250  
12_0_0     0.00000000  0.00000000  0.00000000  0.08022402  0.22364236  0.21435009  0.22664087  0.40568694  0.47577103  0.51721445  0.54929624  0.57869942  0.60954087  0.63399709  0.63399709  0.61487151  0.53324449  0.55299329  0.53696250  0.53696250  
10_0_0     0.00000000  0.00000000  0.00000000  0.08022402  0.22364236  0.21435009  0.22664087  0.40568694  0.47577103  0.51721445  0.54929624  0.57869942  0.60954087  0.63399709  0.63399709  0.61487151  0.53324449  0.55299329  0.53696250  0.53696250  
5_0_0      0.08022402  0.08022402  0.08022402  0.00000000  0.21435009  0.20522865  0.25618952  0.36741117  0.49084264  0.63995034  0.68142203  0.69624004  0.66809696  0.74254568  0.74254568  0.71885284  0.58215568  0.60444939  0.58669776  0.58669776  
11_0_0     0.22364236  0.22364236  0.22364236  0.21435009  0.00000000  0.07302040  0.13202835  0.30070812  0.43740608  0.43726356  0.43726356  0.50312569  0.51466581  0.47473109  0.47473109  0.46112080  0.48065386  0.44342028  0.45632010  0.45632010  
17_0_0     0.21435009  0.21435009  0.21435009  0.20522865  0.07302040  0.00000000  0.12413825  0.30070812  0.42415111  0.47756578  0.47756578  0.53324449  0.50005498  0.44787392  0.44787392  0.43497154  0.40508194  0.39493423  0.40661881  0.40661881  
14_0_0     0.22664087  0.22664087  0.22664087  0.25618952  0.13202835  0.12413825  0.00000000  0.28337726  0.42998547  0.51341879  0.51341879  0.62830205  0.56955938  0.48056859  0.48056859  0.46657138  0.44556822  0.46112080  0.47473109  0.47473109  
6_0_0      0.40568694  0.40568694  0.40568694  0.36741117  0.30070812  0.30070812  0.28337726  0.00000000  0.59645590  0.51795658  0.54901848  0.59496789  0.59057092  0.52972000  0.52972000  0.54524530  0.56616654  0.58639924  0.58639924  0.58639924  
15_0_0     0.47577103  0.47577103  0.47577103  0.49084264  0.43740608  0.42415111  0.42998547  0.59645590  0.00000000  0.42261695  0.45105495  0.34344185  0.45784679  0.47687662  0.47687662  0.46179804  0.45761338  0.44693546  0.46114379  0.46114379  
8_0_0      0.51721445  0.51721445  0.51721445  0.63995034  0.43726356  0.47756578  0.51341879  0.51795658  0.42261695  0.00000000  0.01250187  0.16197915  0.23165550  0.18747394  0.18747394  0.17882930  0.23594372  0.22783198  0.23712161  0.23712161  
18_0_0     0.54929624  0.54929624  0.54929624  0.68142203  0.43726356  0.47756578  0.51341879  0.54901848  0.45105495  0.01250187  0.00000000  0.16197915  0.23165550  0.18747394  0.18747394  0.17882930  0.23594372  0.22783198  0.23712161  0.23712161  
19_0_0     0.57869942  0.57869942  0.57869942  0.69624004  0.50312569  0.53324449  0.62830205  0.59496789  0.34344185  0.16197915  0.16197915  0.00000000  0.20292310  0.22227605  0.22227605  0.21307064  0.25623953  0.24795196  0.25769852  0.25769852  
16_0_0     0.60954087  0.60954087  0.60954087  0.66809696  0.51466581  0.50005498  0.56955938  0.59057092  0.45784679  0.23165550  0.23165550  0.20292310  0.00000000  0.19627188  0.19627188  0.20522865  0.27174779  0.28314466  0.29339220  0.29339220  
1_0_0      0.63399709  0.63399709  0.63399709  0.74254568  0.47473109  0.44787392  0.48056859  0.52972000  0.47687662  0.18747394  0.18747394  0.22227605  0.19627188  0.00000000  0.00000000  0.00621156  0.25361388  0.22674091  0.23594372  0.23594372  
2_0_0      0.63399709  0.63399709  0.63399709  0.74254568  0.47473109  0.44787392  0.48056859  0.52972000  0.47687662  0.18747394  0.18747394  0.22227605  0.19627188  0.00000000  0.00000000  0.00621156  0.25361388  0.22674091  0.23594372  0.23594372  
3_0_0      0.61487151  0.61487151  0.61487151  0.71885284  0.46112080  0.43497154  0.46657138  0.54524530  0.46179804  0.17882930  0.17882930  0.21307064  0.20522865  0.00621156  0.00621156  0.00000000  0.26326349  0.23594372  0.24532046  0.24532046  
7_0_0      0.53324449  0.53324449  0.53324449  0.58215568  0.48065386  0.40508194  0.44556822  0.56616654  0.45761338  0.23594372  0.23594372  0.25623953  0.27174779  0.25361388  0.25361388  0.26326349  0.00000000  0.03827216  0.04494272  0.04494272  
20_0_0     0.55299329  0.55299329  0.55299329  0.60444939  0.44342028  0.39493423  0.46112080  0.58639924  0.44693546  0.22783198  0.22783198  0.24795196  0.28314466  0.22674091  0.22674091  0.23594372  0.03827216  0.00000000  0.00621156  0.00621156  
13_0_0     0.53696250  0.53696250  0.53696250  0.58669776  0.45632010  0.40661881  0.47473109  0.58639924  0.46114379  0.23712161  0.23712161  0.25769852  0.29339220  0.23594372  0.23594372  0.24532046  0.04494272  0.00621156  0.00000000  0.00000000  
9_0_0      0.53696250  0.53696250  0.53696250  0.58669776  0.45632010  0.40661881  0.47473109  0.58639924  0.46114379  0.23712161  0.23712161  0.25769852  0.29339220  0.23594372  0.23594372  0.24532046  0.04494272  0.00621156  0.00000000  0.00000000  

