20
4_0_0      0.00000000  0.00619869  0.00619869  0.07804274  0.22972503  0.22135645  0.18087491  0.27304700  0.56441041  0.48905403  0.51333131  0.51333131  0.43162769  0.56441041  0.55130681  0.56441041  0.57774988  0.57774988  0.59133385  0.59133385  
12_0_0     0.00619869  0.00000000  0.00000000  0.07121595  0.22135645  0.21308131  0.18879625  0.28202379  0.57774988  0.50109326  0.52577484  0.52577484  0.44276248  0.55130681  0.53843088  0.55130681  0.56441041  0.56441041  0.57774988  0.57774988  
10_0_0     0.00619869  0.00000000  0.00000000  0.07121595  0.22135645  0.21308131  0.18879625  0.28202379  0.57774988  0.50109326  0.52577484  0.52577484  0.44276248  0.55130681  0.53843088  0.55130681  0.56441041  0.56441041  0.57774988  0.57774988  
5_0_0      0.07804274  0.07121595  0.07121595  0.00000000  0.24675115  0.23818920  0.22972503  0.30962561  0.63364681  0.55130681  0.57774988  0.55130681  0.44276248  0.57774988  0.56441041  0.57774988  0.64830556  0.64830556  0.66326012  0.66326012  
11_0_0     0.22972503  0.22135645  0.22135645  0.24675115  0.00000000  0.04452076  0.08493301  0.18087491  0.60517147  0.55130681  0.52577484  0.44276248  0.39919323  0.47720725  0.44276248  0.46554687  0.55130681  0.55130681  0.56441041  0.56441041  
17_0_0     0.22135645  0.21308131  0.21308131  0.23818920  0.04452076  0.00000000  0.09188795  0.17303734  0.60517147  0.52577484  0.50109326  0.39919323  0.42065772  0.47720725  0.46554687  0.48905403  0.55130681  0.55130681  0.56441041  0.56441041  
14_0_0     0.18087491  0.18879625  0.18879625  0.22972503  0.08493301  0.09188795  0.00000000  0.17303734  0.56441041  0.52577484  0.50109326  0.47720725  0.37833295  0.48905403  0.47720725  0.50109326  0.55130681  0.55130681  0.56441041  0.56441041  
6_0_0      0.27304700  0.28202379  0.28202379  0.30962561  0.18087491  0.17303734  0.17303734  0.00000000  0.53843088  0.47720725  0.45406712  0.52577484  0.42065772  0.47720725  0.47720725  0.47720725  0.52577484  0.52577484  0.51333131  0.51333131  
15_0_0     0.56441041  0.57774988  0.57774988  0.63364681  0.60517147  0.60517147  0.56441041  0.53843088  0.00000000  0.43162769  0.42065772  0.40984777  0.46554687  0.42065772  0.40984777  0.43162769  0.44276248  0.47720725  0.46554687  0.46554687  
8_0_0      0.48905403  0.50109326  0.50109326  0.55130681  0.55130681  0.52577484  0.52577484  0.47720725  0.43162769  0.00000000  0.01875381  0.23818920  0.22135645  0.17303734  0.18087491  0.16528180  0.20489755  0.21308131  0.22135645  0.22135645  
18_0_0     0.51333131  0.52577484  0.52577484  0.57774988  0.52577484  0.50109326  0.50109326  0.45406712  0.42065772  0.01875381  0.00000000  0.22972503  0.21308131  0.16528180  0.17303734  0.15760657  0.19680317  0.20489755  0.21308131  0.21308131  
19_0_0     0.51333131  0.52577484  0.52577484  0.55130681  0.44276248  0.39919323  0.47720725  0.52577484  0.40984777  0.23818920  0.22972503  0.00000000  0.26417764  0.30962561  0.31905948  0.30031031  0.29111065  0.30031031  0.30962561  0.30962561  
16_0_0     0.43162769  0.44276248  0.44276248  0.44276248  0.39919323  0.42065772  0.37833295  0.42065772  0.46554687  0.22135645  0.21308131  0.26417764  0.00000000  0.24675115  0.22972503  0.22135645  0.26417764  0.27304700  0.28202379  0.28202379  
1_0_0      0.56441041  0.55130681  0.55130681  0.57774988  0.47720725  0.47720725  0.48905403  0.47720725  0.42065772  0.17303734  0.16528180  0.30962561  0.24675115  0.00000000  0.01875381  0.01875381  0.19680317  0.20489755  0.21308131  0.21308131  
2_0_0      0.55130681  0.53843088  0.53843088  0.56441041  0.44276248  0.46554687  0.47720725  0.47720725  0.40984777  0.18087491  0.17303734  0.31905948  0.22972503  0.01875381  0.00000000  0.01244967  0.18879625  0.19680317  0.20489755  0.20489755  
3_0_0      0.56441041  0.55130681  0.55130681  0.57774988  0.46554687  0.48905403  0.50109326  0.47720725  0.43162769  0.16528180  0.15760657  0.30031031  0.22135645  0.01875381  0.01244967  0.00000000  0.17303734  0.18087491  0.18879625  0.18879625  
7_0_0      0.57774988  0.56441041  0.56441041  0.64830556  0.55130681  0.55130681  0.55130681  0.52577484  0.44276248  0.20489755  0.19680317  0.29111065  0.26417764  0.19680317  0.18879625  0.17303734  0.00000000  0.01875381  0.02511205  0.02511205  
20_0_0     0.57774988  0.56441041  0.56441041  0.64830556  0.55130681  0.55130681  0.55130681  0.52577484  0.47720725  0.21308131  0.20489755  0.30031031  0.27304700  0.20489755  0.19680317  0.18087491  0.01875381  0.00000000  0.00619869  0.00619869  
13_0_0     0.59133385  0.57774988  0.57774988  0.66326012  0.56441041  0.56441041  0.56441041  0.51333131  0.46554687  0.22135645  0.21308131  0.30962561  0.28202379  0.21308131  0.20489755  0.18879625  0.02511205  0.00619869  0.00000000  0.00000000  
9_0_0      0.59133385  0.57774988  0.57774988  0.66326012  0.56441041  0.56441041  0.56441041  0.51333131  0.46554687  0.22135645  0.21308131  0.30962561  0.28202379  0.21308131  0.20489755  0.18879625  0.02511205  0.00619869  0.00000000  0.00000000  

