142
33_0_0     0.00000000  0.16939039  0.15228271  0.24847378  0.38180776  0.45448321  0.35166840  0.33704756  0.32984422  0.31564485  0.32984422  0.35908877  0.32271042  0.28129627  0.25492267  0.25492267  0.29484469  0.29484469  0.32984422  0.34432182  0.32984422  0.32984422  0.31564485  0.30864620  0.30171322  0.30171322  0.28803943  0.30171322  0.26799180  0.26142834  0.26142834  0.26142834  0.25492267  0.24847378  0.24847378  0.29484469  0.27461409  0.27461409  0.27461409  0.27461409  0.22322677  0.29484469  0.28803943  0.30171322  0.26799180  0.26142834  0.25492267  0.26142834  0.42129763  0.55426868  0.55426868  0.57395356  0.41322900  0.42129763  0.44604604  0.42945534  0.42945534  0.45448321  0.46301783  0.46301783  0.32984422  0.35908877  0.41322900  0.35166840  0.42129763  0.47165220  0.41322900  0.43770412  0.42129763  0.42129763  0.41322900  0.36658442  0.34432182  0.38953869  0.38953869  0.35166840  0.42129763  0.38953869  0.35908877  0.35908877  0.44604604  0.38953869  0.42129763  0.32984422  0.35908877  0.33704756  0.35166840  0.34432182  0.33704756  0.38180776  0.37415688  0.30171322  0.30171322  0.32271042  0.41322900  0.38953869  0.36658442  0.31564485  0.34432182  0.29484469  0.25492267  0.24847378  0.26799180  0.32271042  0.28129627  0.28803943  0.48922965  0.40524754  0.44604604  0.39735137  0.38953869  0.40524754  0.50723547  0.40524754  0.34432182  0.27461409  0.28129627  0.26799180  0.28803943  0.30171322  0.27461409  0.28129627  0.30864620  0.28129627  0.32984422  0.32271042  0.30864620  0.32271042  0.30864620  0.32271042  0.31564485  0.33704756  0.39735137  0.39735137  0.42129763  0.35908877  0.33704756  0.56404557  0.56404557  0.53509465  0.55426868  0.55426868  
32_0_0     0.16939039  0.00000000  0.01389123  0.20484200  0.30864620  0.42945534  0.30864620  0.21091957  0.20484200  0.22945811  0.20484200  0.25492267  0.22322677  0.18690359  0.16364371  0.16364371  0.21091957  0.21091957  0.24208070  0.25492267  0.24208070  0.24208070  0.24847378  0.25492267  0.24847378  0.27461409  0.21704755  0.26799180  0.23574245  0.24847378  0.22945811  0.22945811  0.17518213  0.14666705  0.14666705  0.21091957  0.20484200  0.20484200  0.20484200  0.20484200  0.11384094  0.16364371  0.19881401  0.18690359  0.16364371  0.18101962  0.18690359  0.15228271  0.35166840  0.43770412  0.43770412  0.45448321  0.42129763  0.42945534  0.45448321  0.43770412  0.42129763  0.46301783  0.45448321  0.45448321  0.26799180  0.27461409  0.34432182  0.27461409  0.48038865  0.50723547  0.47165220  0.49817771  0.48038865  0.43770412  0.46301783  0.43770412  0.38180776  0.36658442  0.38180776  0.37415688  0.42945534  0.39735137  0.38180776  0.37415688  0.43770412  0.44604604  0.48038865  0.38180776  0.35166840  0.34432182  0.34432182  0.33704756  0.35908877  0.33704756  0.33704756  0.29484469  0.30864620  0.29484469  0.44604604  0.39735137  0.35908877  0.30864620  0.34432182  0.23574245  0.18690359  0.18101962  0.19881401  0.22322677  0.20484200  0.22322677  0.42945534  0.44604604  0.43770412  0.40524754  0.36658442  0.34432182  0.43770412  0.37415688  0.30171322  0.28129627  0.28803943  0.27461409  0.30864620  0.30864620  0.28803943  0.28803943  0.29484469  0.26142834  0.24208070  0.24847378  0.23574245  0.24847378  0.23574245  0.26142834  0.24208070  0.29484469  0.37415688  0.37415688  0.39735137  0.30171322  0.34432182  0.53509465  0.56404557  0.50723547  0.48922965  0.47165220  
57_0_0     0.15228271  0.01389123  0.00000000  0.18690359  0.30864620  0.40524754  0.28803943  0.21704755  0.21091957  0.23574245  0.21091957  0.26142834  0.22945811  0.19283480  0.15794137  0.15794137  0.20484200  0.20484200  0.23574245  0.24847378  0.23574245  0.23574245  0.24208070  0.24847378  0.22945811  0.25492267  0.19881401  0.26142834  0.21704755  0.22945811  0.22322677  0.22322677  0.16939039  0.14109376  0.14109376  0.19283480  0.18690359  0.18690359  0.18690359  0.18690359  0.10850896  0.15794137  0.20484200  0.18101962  0.15794137  0.17518213  0.18101962  0.15794137  0.34432182  0.42945534  0.42945534  0.44604604  0.43770412  0.44604604  0.45448321  0.45448321  0.43770412  0.48038865  0.47165220  0.47165220  0.26142834  0.28129627  0.35166840  0.26799180  0.48922965  0.52569106  0.48038865  0.48922965  0.47165220  0.44604604  0.47165220  0.41322900  0.35908877  0.37415688  0.37415688  0.35166840  0.40524754  0.40524754  0.37415688  0.36658442  0.42945534  0.43770412  0.47165220  0.38953869  0.34432182  0.32271042  0.32271042  0.31564485  0.33704756  0.32984422  0.34432182  0.28803943  0.30171322  0.30171322  0.43770412  0.38953869  0.35166840  0.30171322  0.35166840  0.22945811  0.18101962  0.17518213  0.19283480  0.22945811  0.19881401  0.21704755  0.42129763  0.43770412  0.42945534  0.39735137  0.34432182  0.33704756  0.46301783  0.35166840  0.29484469  0.27461409  0.28129627  0.26799180  0.30171322  0.30171322  0.26799180  0.26799180  0.27461409  0.25492267  0.26142834  0.25492267  0.24208070  0.25492267  0.24208070  0.25492267  0.24847378  0.27461409  0.36658442  0.35166840  0.37415688  0.28129627  0.32271042  0.52569106  0.55426868  0.49817771  0.46301783  0.46301783  
38_0_0     0.24847378  0.20484200  0.18690359  0.00000000  0.17518213  0.43770412  0.38953869  0.30171322  0.29484469  0.32271042  0.29484469  0.35166840  0.30171322  0.26142834  0.28129627  0.26799180  0.32271042  0.32271042  0.33704756  0.33704756  0.32984422  0.32984422  0.33704756  0.32984422  0.33704756  0.35908877  0.28803943  0.31564485  0.28129627  0.28129627  0.28803943  0.28803943  0.25492267  0.23574245  0.23574245  0.29484469  0.27461409  0.27461409  0.27461409  0.27461409  0.24847378  0.26799180  0.30171322  0.31564485  0.26142834  0.28129627  0.24847378  0.26799180  0.43770412  0.57395356  0.57395356  0.59417727  0.46301783  0.47165220  0.49817771  0.49817771  0.42945534  0.50723547  0.51640564  0.51640564  0.33704756  0.34432182  0.41322900  0.35908877  0.47165220  0.51640564  0.47165220  0.49817771  0.48038865  0.46301783  0.46301783  0.42945534  0.38180776  0.42945534  0.42945534  0.38953869  0.43770412  0.42945534  0.39735137  0.40524754  0.50723547  0.43770412  0.49817771  0.41322900  0.42945534  0.42129763  0.43770412  0.42945534  0.42945534  0.42129763  0.41322900  0.31564485  0.34432182  0.32984422  0.41322900  0.42945534  0.36658442  0.38953869  0.40524754  0.34432182  0.27461409  0.26799180  0.27461409  0.30171322  0.29484469  0.29484469  0.48922965  0.49817771  0.47165220  0.50723547  0.38180776  0.42129763  0.49817771  0.41322900  0.37415688  0.35908877  0.36658442  0.35166840  0.35908877  0.35908877  0.32984422  0.34432182  0.35166840  0.28803943  0.32984422  0.32271042  0.32271042  0.33704756  0.32271042  0.33704756  0.32984422  0.32271042  0.35908877  0.35908877  0.38180776  0.35908877  0.40524754  0.55426868  0.56404557  0.52569106  0.48922965  0.48922965  
65_0_0     0.38180776  0.30864620  0.30864620  0.17518213  0.00000000  0.51640564  0.45448321  0.34432182  0.33704756  0.36658442  0.33704756  0.38180776  0.32984422  0.30171322  0.34432182  0.31564485  0.37415688  0.37415688  0.41322900  0.41322900  0.40524754  0.40524754  0.41322900  0.42129763  0.43770412  0.50723547  0.38180776  0.40524754  0.36658442  0.36658442  0.39735137  0.39735137  0.28129627  0.30171322  0.30171322  0.38953869  0.37415688  0.37415688  0.37415688  0.37415688  0.31564485  0.32271042  0.35908877  0.39735137  0.35908877  0.33704756  0.30171322  0.28129627  0.58399622  0.61497013  0.61497013  0.61497013  0.52569106  0.53509465  0.55426868  0.56404557  0.54461947  0.59417727  0.60450056  0.60450056  0.47165220  0.45448321  0.52569106  0.46301783  0.50723547  0.54461947  0.51640564  0.52569106  0.50723547  0.51640564  0.53509465  0.53509465  0.50723547  0.51640564  0.52569106  0.49817771  0.52569106  0.53509465  0.51640564  0.52569106  0.63636512  0.57395356  0.61497013  0.51640564  0.56404557  0.56404557  0.59417727  0.58399622  0.57395356  0.52569106  0.50723547  0.48038865  0.50723547  0.47165220  0.47165220  0.50723547  0.48922965  0.51640564  0.56404557  0.40524754  0.38180776  0.38953869  0.36658442  0.38953869  0.38953869  0.41322900  0.52569106  0.54461947  0.51640564  0.57395356  0.44604604  0.48038865  0.54461947  0.46301783  0.48922965  0.48038865  0.48922965  0.47165220  0.48038865  0.48038865  0.42945534  0.44604604  0.44604604  0.38953869  0.44604604  0.45448321  0.43770412  0.42129763  0.43770412  0.42945534  0.44604604  0.42945534  0.47165220  0.45448321  0.48038865  0.48038865  0.48922965  0.66966604  0.70453895  0.74113966  0.68110843  0.69273082  
15_0_0     0.45448321  0.42945534  0.40524754  0.43770412  0.51640564  0.00000000  0.32271042  0.30171322  0.29484469  0.27461409  0.29484469  0.30864620  0.29484469  0.30171322  0.43770412  0.43770412  0.46301783  0.46301783  0.46301783  0.48038865  0.48038865  0.48038865  0.42945534  0.42129763  0.44604604  0.43770412  0.42945534  0.39735137  0.38180776  0.36658442  0.39735137  0.39735137  0.40524754  0.38180776  0.38180776  0.39735137  0.38953869  0.38953869  0.38953869  0.38953869  0.37415688  0.36658442  0.37415688  0.38180776  0.36658442  0.37415688  0.39735137  0.37415688  0.63636512  0.56404557  0.56404557  0.58399622  0.55426868  0.54461947  0.54461947  0.55426868  0.57395356  0.62559019  0.61497013  0.61497013  0.48038865  0.48922965  0.48038865  0.47165220  0.60450056  0.62559019  0.59417727  0.60450056  0.60450056  0.54461947  0.56404557  0.57395356  0.51640564  0.50723547  0.52569106  0.50723547  0.53509465  0.55426868  0.52569106  0.52569106  0.57395356  0.48922965  0.46301783  0.51640564  0.45448321  0.42945534  0.42129763  0.42945534  0.42945534  0.46301783  0.46301783  0.44604604  0.47165220  0.50723547  0.54461947  0.48922965  0.48038865  0.50723547  0.48038865  0.45448321  0.43770412  0.44604604  0.45448321  0.48038865  0.49817771  0.48038865  0.60450056  0.58399622  0.56404557  0.57395356  0.49817771  0.51640564  0.58399622  0.49817771  0.51640564  0.49817771  0.50723547  0.48922965  0.51640564  0.51640564  0.44604604  0.43770412  0.45448321  0.52569106  0.51640564  0.52569106  0.53509465  0.52569106  0.53509465  0.52569106  0.54461947  0.48922965  0.62559019  0.56404557  0.59417727  0.48038865  0.43770412  0.69273082  0.70453895  0.56404557  0.58399622  0.58399622  
95_0_0     0.35166840  0.30864620  0.28803943  0.38953869  0.45448321  0.32271042  0.00000000  0.22945811  0.22322677  0.25492267  0.22322677  0.28803943  0.22322677  0.19283480  0.33704756  0.31564485  0.37415688  0.37415688  0.38953869  0.40524754  0.38953869  0.38953869  0.33704756  0.34432182  0.33704756  0.36658442  0.34432182  0.43770412  0.33704756  0.32984422  0.37415688  0.37415688  0.31564485  0.28129627  0.28129627  0.30171322  0.30171322  0.30171322  0.30171322  0.29484469  0.28129627  0.34432182  0.34432182  0.36658442  0.33704756  0.35908877  0.34432182  0.30171322  0.47165220  0.50723547  0.50723547  0.52569106  0.53509465  0.54461947  0.48038865  0.49817771  0.55426868  0.57395356  0.56404557  0.56404557  0.46301783  0.47165220  0.54461947  0.45448321  0.56404557  0.60450056  0.61497013  0.64729951  0.62559019  0.48922965  0.49817771  0.48922965  0.46301783  0.49817771  0.52569106  0.50723547  0.53509465  0.53509465  0.49817771  0.51640564  0.54461947  0.48038865  0.46301783  0.46301783  0.50723547  0.49817771  0.48922965  0.48038865  0.48922965  0.43770412  0.45448321  0.38180776  0.36658442  0.40524754  0.48038865  0.46301783  0.36658442  0.39735137  0.46301783  0.44604604  0.38953869  0.38180776  0.38953869  0.41322900  0.39735137  0.42945534  0.48922965  0.43770412  0.48038865  0.46301783  0.43770412  0.40524754  0.52569106  0.42129763  0.41322900  0.41322900  0.40524754  0.40524754  0.39735137  0.41322900  0.37415688  0.38180776  0.40524754  0.41322900  0.46301783  0.45448321  0.43770412  0.42945534  0.43770412  0.42945534  0.44604604  0.43770412  0.55426868  0.55426868  0.58399622  0.42945534  0.42129763  0.68110843  0.66966604  0.65839814  0.63636512  0.65839814  
69_0_0     0.33704756  0.21091957  0.21704755  0.30171322  0.34432182  0.30171322  0.22945811  0.00000000  0.00460145  0.03282871  0.00460145  0.06217731  0.04248263  0.04735730  0.27461409  0.24208070  0.28129627  0.28129627  0.32271042  0.32271042  0.32271042  0.32271042  0.30171322  0.30864620  0.32984422  0.38953869  0.28129627  0.34432182  0.32984422  0.34432182  0.33704756  0.33704756  0.24847378  0.22322677  0.22322677  0.28129627  0.26142834  0.26142834  0.26142834  0.26142834  0.22322677  0.26799180  0.26142834  0.30171322  0.28129627  0.31564485  0.30864620  0.24208070  0.42945534  0.48922965  0.48922965  0.52569106  0.43770412  0.42945534  0.43770412  0.47165220  0.43770412  0.51640564  0.50723547  0.50723547  0.42129763  0.39735137  0.46301783  0.41322900  0.51640564  0.53509465  0.52569106  0.53509465  0.51640564  0.51640564  0.53509465  0.51640564  0.47165220  0.45448321  0.43770412  0.42945534  0.50723547  0.48922965  0.45448321  0.47165220  0.52569106  0.52569106  0.47165220  0.43770412  0.49817771  0.50723547  0.52569106  0.51640564  0.49817771  0.45448321  0.42945534  0.41322900  0.41322900  0.42129763  0.47165220  0.42129763  0.40524754  0.44604604  0.47165220  0.35166840  0.35166840  0.35908877  0.35166840  0.35908877  0.35908877  0.36658442  0.47165220  0.50723547  0.48038865  0.53509465  0.40524754  0.37415688  0.44604604  0.45448321  0.41322900  0.43770412  0.44604604  0.42945534  0.43770412  0.43770412  0.41322900  0.41322900  0.44604604  0.35908877  0.34432182  0.35166840  0.35166840  0.35908877  0.35166840  0.37415688  0.35908877  0.38180776  0.45448321  0.47165220  0.49817771  0.38953869  0.42945534  0.56404557  0.57395356  0.62559019  0.62559019  0.60450056  
78_0_0     0.32984422  0.20484200  0.21091957  0.29484469  0.33704756  0.29484469  0.22322677  0.00460145  0.00000000  0.02804864  0.00000000  0.05720421  0.03763990  0.04248263  0.26799180  0.23574245  0.27461409  0.27461409  0.31564485  0.31564485  0.32984422  0.32984422  0.29484469  0.30171322  0.32271042  0.38180776  0.27461409  0.33704756  0.32271042  0.33704756  0.32984422  0.32984422  0.24208070  0.21704755  0.21704755  0.27461409  0.25492267  0.25492267  0.25492267  0.25492267  0.21704755  0.26142834  0.26799180  0.29484469  0.27461409  0.30864620  0.30171322  0.23574245  0.42129763  0.48038865  0.48038865  0.51640564  0.44604604  0.43770412  0.44604604  0.48038865  0.44604604  0.52569106  0.51640564  0.51640564  0.42945534  0.40524754  0.47165220  0.42129763  0.52569106  0.54461947  0.53509465  0.54461947  0.52569106  0.52569106  0.54461947  0.52569106  0.48038865  0.46301783  0.44604604  0.43770412  0.51640564  0.49817771  0.46301783  0.46301783  0.53509465  0.53509465  0.48038865  0.44604604  0.48922965  0.49817771  0.51640564  0.50723547  0.48922965  0.44604604  0.42129763  0.40524754  0.40524754  0.41322900  0.46301783  0.42945534  0.39735137  0.45448321  0.46301783  0.34432182  0.34432182  0.35166840  0.34432182  0.35166840  0.35166840  0.35908877  0.46301783  0.49817771  0.47165220  0.52569106  0.39735137  0.36658442  0.43770412  0.44604604  0.40524754  0.42945534  0.43770412  0.42129763  0.42945534  0.42945534  0.40524754  0.40524754  0.43770412  0.35166840  0.33704756  0.34432182  0.34432182  0.35166840  0.34432182  0.36658442  0.35166840  0.37415688  0.44604604  0.46301783  0.48922965  0.38180776  0.42129763  0.55426868  0.56404557  0.61497013  0.61497013  0.59417727  
41_0_0     0.31564485  0.22945811  0.23574245  0.32271042  0.36658442  0.27461409  0.25492267  0.03282871  0.02804864  0.00000000  0.02804864  0.07730067  0.06718412  0.07222508  0.28803943  0.26799180  0.28803943  0.28803943  0.34432182  0.34432182  0.35908877  0.35908877  0.32271042  0.32984422  0.35166840  0.41322900  0.30171322  0.35166840  0.33704756  0.35166840  0.34432182  0.34432182  0.27461409  0.24847378  0.24847378  0.30864620  0.28803943  0.28803943  0.28803943  0.28803943  0.24847378  0.30171322  0.28803943  0.30171322  0.26799180  0.31564485  0.32271042  0.26142834  0.43770412  0.48922965  0.48922965  0.52569106  0.42945534  0.42129763  0.44604604  0.48038865  0.46301783  0.52569106  0.51640564  0.51640564  0.44604604  0.42945534  0.46301783  0.43770412  0.49817771  0.49817771  0.48922965  0.49817771  0.48038865  0.52569106  0.52569106  0.52569106  0.49817771  0.44604604  0.44604604  0.43770412  0.53509465  0.49817771  0.46301783  0.44604604  0.53509465  0.50723547  0.47165220  0.44604604  0.47165220  0.48038865  0.49817771  0.48922965  0.48038865  0.42945534  0.38953869  0.40524754  0.40524754  0.42945534  0.48922965  0.43770412  0.40524754  0.45448321  0.45448321  0.34432182  0.34432182  0.35166840  0.34432182  0.36658442  0.36658442  0.35908877  0.47165220  0.48922965  0.46301783  0.51640564  0.41322900  0.38180776  0.47165220  0.44604604  0.41322900  0.40524754  0.41322900  0.39735137  0.42129763  0.42129763  0.38180776  0.38180776  0.41322900  0.37415688  0.35908877  0.36658442  0.36658442  0.37415688  0.36658442  0.38953869  0.37415688  0.37415688  0.46301783  0.48038865  0.50723547  0.38953869  0.40524754  0.53509465  0.55426868  0.60450056  0.58399622  0.58399622  
73_0_0     0.32984422  0.20484200  0.21091957  0.29484469  0.33704756  0.29484469  0.22322677  0.00460145  0.00000000  0.02804864  0.00000000  0.05720421  0.03763990  0.04248263  0.26799180  0.23574245  0.27461409  0.27461409  0.31564485  0.31564485  0.32984422  0.32984422  0.29484469  0.30171322  0.32271042  0.38180776  0.27461409  0.33704756  0.32271042  0.33704756  0.32984422  0.32984422  0.24208070  0.21704755  0.21704755  0.27461409  0.25492267  0.25492267  0.25492267  0.25492267  0.21704755  0.26142834  0.26799180  0.29484469  0.27461409  0.30864620  0.30171322  0.23574245  0.42129763  0.48038865  0.48038865  0.51640564  0.44604604  0.43770412  0.44604604  0.48038865  0.44604604  0.52569106  0.51640564  0.51640564  0.42945534  0.40524754  0.47165220  0.42129763  0.52569106  0.54461947  0.53509465  0.54461947  0.52569106  0.52569106  0.54461947  0.52569106  0.48038865  0.46301783  0.44604604  0.43770412  0.51640564  0.49817771  0.46301783  0.46301783  0.53509465  0.53509465  0.48038865  0.44604604  0.48922965  0.49817771  0.51640564  0.50723547  0.48922965  0.44604604  0.42129763  0.40524754  0.40524754  0.41322900  0.46301783  0.42945534  0.39735137  0.45448321  0.46301783  0.34432182  0.34432182  0.35166840  0.34432182  0.35166840  0.35166840  0.35908877  0.46301783  0.49817771  0.47165220  0.52569106  0.39735137  0.36658442  0.43770412  0.44604604  0.40524754  0.42945534  0.43770412  0.42129763  0.42945534  0.42945534  0.40524754  0.40524754  0.43770412  0.35166840  0.33704756  0.34432182  0.34432182  0.35166840  0.34432182  0.36658442  0.35166840  0.37415688  0.44604604  0.46301783  0.48922965  0.38180776  0.42129763  0.55426868  0.56404557  0.61497013  0.61497013  0.59417727  
39_0_0     0.35908877  0.25492267  0.26142834  0.35166840  0.38180776  0.30864620  0.28803943  0.06217731  0.05720421  0.07730067  0.05720421  0.00000000  0.09795905  0.10321517  0.32271042  0.28803943  0.32984422  0.32984422  0.37415688  0.37415688  0.36658442  0.36658442  0.35166840  0.35908877  0.38180776  0.41322900  0.32984422  0.38953869  0.35908877  0.35908877  0.35166840  0.35166840  0.29484469  0.28129627  0.28129627  0.31564485  0.28129627  0.28129627  0.28129627  0.28129627  0.25492267  0.28803943  0.31564485  0.32271042  0.31564485  0.33704756  0.34432182  0.28803943  0.42129763  0.51640564  0.51640564  0.53509465  0.42945534  0.43770412  0.44604604  0.46301783  0.44604604  0.52569106  0.51640564  0.51640564  0.51640564  0.48922965  0.52569106  0.50723547  0.56404557  0.62559019  0.59417727  0.58399622  0.58399622  0.51640564  0.55426868  0.58399622  0.52569106  0.50723547  0.48922965  0.46301783  0.56404557  0.54461947  0.50723547  0.50723547  0.56404557  0.52569106  0.48922965  0.45448321  0.49817771  0.50723547  0.51640564  0.52569106  0.49817771  0.47165220  0.43770412  0.42129763  0.43770412  0.41322900  0.46301783  0.42945534  0.42945534  0.47165220  0.49817771  0.37415688  0.40524754  0.41322900  0.40524754  0.43770412  0.42945534  0.43770412  0.46301783  0.49817771  0.47165220  0.54461947  0.46301783  0.42945534  0.44604604  0.48038865  0.45448321  0.47165220  0.48038865  0.46301783  0.47165220  0.47165220  0.48038865  0.44604604  0.48038865  0.42945534  0.41322900  0.40524754  0.42129763  0.42945534  0.42129763  0.44604604  0.42945534  0.42129763  0.46301783  0.44604604  0.47165220  0.42945534  0.43770412  0.51640564  0.55426868  0.61497013  0.63636512  0.59417727  
48_0_0     0.32271042  0.22322677  0.22945811  0.30171322  0.32984422  0.29484469  0.22322677  0.04248263  0.03763990  0.06718412  0.03763990  0.09795905  0.00000000  0.03282871  0.27461409  0.24208070  0.29484469  0.29484469  0.32271042  0.32271042  0.32271042  0.32271042  0.31564485  0.32271042  0.34432182  0.40524754  0.30864620  0.33704756  0.31564485  0.32984422  0.33704756  0.33704756  0.24847378  0.22322677  0.22322677  0.28803943  0.26799180  0.26799180  0.26799180  0.26799180  0.22322677  0.24208070  0.27461409  0.27461409  0.29484469  0.30171322  0.29484469  0.25492267  0.41322900  0.49817771  0.49817771  0.53509465  0.45448321  0.44604604  0.45448321  0.48922965  0.47165220  0.53509465  0.52569106  0.52569106  0.46301783  0.40524754  0.45448321  0.43770412  0.53509465  0.53509465  0.52569106  0.53509465  0.51640564  0.52569106  0.54461947  0.50723547  0.49817771  0.48038865  0.48038865  0.45448321  0.53509465  0.50723547  0.48038865  0.48038865  0.51640564  0.51640564  0.46301783  0.44604604  0.48038865  0.48922965  0.50723547  0.49817771  0.48038865  0.46301783  0.39735137  0.39735137  0.41322900  0.40524754  0.47165220  0.43770412  0.37415688  0.44604604  0.43770412  0.38180776  0.33704756  0.34432182  0.35166840  0.35908877  0.35908877  0.37415688  0.45448321  0.48922965  0.46301783  0.51640564  0.40524754  0.37415688  0.44604604  0.45448321  0.41322900  0.45448321  0.46301783  0.44604604  0.45448321  0.47165220  0.39735137  0.41322900  0.44604604  0.35908877  0.32984422  0.35166840  0.35166840  0.35908877  0.35166840  0.37415688  0.35908877  0.37415688  0.44604604  0.46301783  0.48922965  0.41322900  0.44604604  0.58399622  0.59417727  0.62559019  0.62559019  0.62559019  
85_0_0     0.28129627  0.18690359  0.19283480  0.26142834  0.30171322  0.30171322  0.19283480  0.04735730  0.04248263  0.07222508  0.04248263  0.10321517  0.03282871  0.00000000  0.24847378  0.21704755  0.26799180  0.26799180  0.29484469  0.29484469  0.28129627  0.28129627  0.27461409  0.28129627  0.30171322  0.37415688  0.26799180  0.31564485  0.28803943  0.30171322  0.30864620  0.30864620  0.22322677  0.19881401  0.19881401  0.26142834  0.24208070  0.24208070  0.24208070  0.24208070  0.19881401  0.22945811  0.24847378  0.26142834  0.26799180  0.27461409  0.26799180  0.22945811  0.40524754  0.49817771  0.49817771  0.53509465  0.42129763  0.41322900  0.42129763  0.45448321  0.43770412  0.49817771  0.48922965  0.48922965  0.42945534  0.38953869  0.43770412  0.40524754  0.51640564  0.53509465  0.52569106  0.51640564  0.49817771  0.50723547  0.52569106  0.48922965  0.46301783  0.46301783  0.44604604  0.42129763  0.49817771  0.48038865  0.44604604  0.44604604  0.49817771  0.49817771  0.46301783  0.42945534  0.46301783  0.47165220  0.48922965  0.48038865  0.46301783  0.42945534  0.38180776  0.36658442  0.36658442  0.37415688  0.45448321  0.42129763  0.35908877  0.39735137  0.40524754  0.35166840  0.30864620  0.30171322  0.32271042  0.32984422  0.32984422  0.34432182  0.43770412  0.47165220  0.44604604  0.49817771  0.37415688  0.34432182  0.41322900  0.40524754  0.36658442  0.40524754  0.41322900  0.39735137  0.40524754  0.42129763  0.35166840  0.36658442  0.39735137  0.32984422  0.31564485  0.32271042  0.32271042  0.32984422  0.32271042  0.34432182  0.32984422  0.34432182  0.39735137  0.41322900  0.43770412  0.38180776  0.42945534  0.57395356  0.58399622  0.61497013  0.61497013  0.61497013  
8_0_0      0.25492267  0.16364371  0.15794137  0.28129627  0.34432182  0.43770412  0.33704756  0.27461409  0.26799180  0.28803943  0.26799180  0.32271042  0.27461409  0.24847378  0.00000000  0.02804864  0.19881401  0.19881401  0.19881401  0.21091957  0.22322677  0.22322677  0.21704755  0.22322677  0.21704755  0.28129627  0.18690359  0.30864620  0.24847378  0.26142834  0.24208070  0.24208070  0.17518213  0.15794137  0.15794137  0.22322677  0.20484200  0.20484200  0.20484200  0.20484200  0.13556218  0.21091957  0.24847378  0.22322677  0.20484200  0.17518213  0.18101962  0.19881401  0.36658442  0.42945534  0.42945534  0.42945534  0.42945534  0.43770412  0.48038865  0.48038865  0.44604604  0.48922965  0.48038865  0.48038865  0.30864620  0.31564485  0.37415688  0.31564485  0.48922965  0.50723547  0.48038865  0.47165220  0.45448321  0.44604604  0.48038865  0.42945534  0.41322900  0.44604604  0.44604604  0.40524754  0.48038865  0.48038865  0.44604604  0.43770412  0.55426868  0.49817771  0.53509465  0.46301783  0.38953869  0.39735137  0.42945534  0.42129763  0.39735137  0.35908877  0.35908877  0.38180776  0.35166840  0.37415688  0.43770412  0.42945534  0.39735137  0.39735137  0.37415688  0.32984422  0.27461409  0.28129627  0.28803943  0.30171322  0.30864620  0.30171322  0.51640564  0.48038865  0.48922965  0.45448321  0.39735137  0.37415688  0.52569106  0.42129763  0.32984422  0.32984422  0.33704756  0.32271042  0.35908877  0.35908877  0.30864620  0.32271042  0.34432182  0.30171322  0.30864620  0.29484469  0.30171322  0.31564485  0.30171322  0.32984422  0.30864620  0.30864620  0.40524754  0.42129763  0.43770412  0.30171322  0.32271042  0.61497013  0.64729951  0.56404557  0.56404557  0.58399622  
84_0_0     0.25492267  0.16364371  0.15794137  0.26799180  0.31564485  0.43770412  0.31564485  0.24208070  0.23574245  0.26799180  0.23574245  0.28803943  0.24208070  0.21704755  0.02804864  0.00000000  0.19881401  0.19881401  0.21091957  0.21091957  0.23574245  0.23574245  0.22945811  0.23574245  0.22945811  0.30864620  0.19881401  0.30864620  0.24847378  0.26142834  0.24208070  0.24208070  0.16364371  0.14666705  0.14666705  0.19881401  0.18101962  0.18101962  0.18101962  0.18101962  0.12462174  0.19881401  0.24847378  0.23574245  0.20484200  0.17518213  0.18101962  0.17518213  0.38180776  0.45448321  0.45448321  0.47165220  0.43770412  0.44604604  0.45448321  0.47165220  0.43770412  0.49817771  0.48922965  0.48922965  0.32271042  0.32984422  0.40524754  0.32984422  0.48922965  0.50723547  0.49817771  0.48922965  0.47165220  0.44604604  0.48038865  0.42945534  0.41322900  0.44604604  0.42945534  0.38953869  0.46301783  0.46301783  0.42945534  0.43770412  0.51640564  0.48038865  0.51640564  0.44604604  0.40524754  0.41322900  0.44604604  0.43770412  0.40524754  0.38953869  0.37415688  0.38180776  0.35166840  0.35908877  0.41322900  0.41322900  0.41322900  0.41322900  0.38953869  0.32984422  0.27461409  0.28129627  0.27461409  0.31564485  0.29484469  0.30171322  0.49817771  0.48038865  0.48922965  0.45448321  0.39735137  0.37415688  0.50723547  0.42129763  0.32271042  0.32271042  0.32984422  0.31564485  0.33704756  0.33704756  0.30171322  0.31564485  0.33704756  0.28129627  0.30171322  0.28803943  0.29484469  0.29484469  0.29484469  0.30864620  0.30171322  0.30864620  0.37415688  0.38953869  0.40524754  0.31564485  0.35166840  0.61497013  0.64729951  0.56404557  0.58399622  0.58399622  
88_0_0     0.29484469  0.21091957  0.20484200  0.32271042  0.37415688  0.46301783  0.37415688  0.28129627  0.27461409  0.28803943  0.27461409  0.32984422  0.29484469  0.26799180  0.19881401  0.19881401  0.00000000  0.00000000  0.15228271  0.15228271  0.15794137  0.15794137  0.13556218  0.14109376  0.12462174  0.19881401  0.08755766  0.30171322  0.31564485  0.31564485  0.32271042  0.32271042  0.26799180  0.24208070  0.24208070  0.28129627  0.26142834  0.26142834  0.26142834  0.26142834  0.21704755  0.27461409  0.28129627  0.28803943  0.23574245  0.26142834  0.28129627  0.22322677  0.47165220  0.50723547  0.50723547  0.50723547  0.47165220  0.48038865  0.50723547  0.50723547  0.50723547  0.50723547  0.49817771  0.49817771  0.35166840  0.37415688  0.40524754  0.34432182  0.52569106  0.53509465  0.51640564  0.49817771  0.48038865  0.50723547  0.52569106  0.47165220  0.45448321  0.47165220  0.47165220  0.45448321  0.48038865  0.50723547  0.48922965  0.48038865  0.56404557  0.50723547  0.52569106  0.47165220  0.40524754  0.38180776  0.41322900  0.40524754  0.39735137  0.39735137  0.43770412  0.39735137  0.38180776  0.40524754  0.48922965  0.44604604  0.43770412  0.36658442  0.47165220  0.30864620  0.28129627  0.28803943  0.26799180  0.30171322  0.28803943  0.28129627  0.46301783  0.44604604  0.42129763  0.42129763  0.40524754  0.41322900  0.59417727  0.46301783  0.40524754  0.36658442  0.37415688  0.35908877  0.39735137  0.38180776  0.35166840  0.36658442  0.35908877  0.32271042  0.35908877  0.35166840  0.35166840  0.33704756  0.35166840  0.33704756  0.35908877  0.30864620  0.43770412  0.43770412  0.45448321  0.35166840  0.37415688  0.55426868  0.59417727  0.51640564  0.48038865  0.49817771  
4_0_0      0.29484469  0.21091957  0.20484200  0.32271042  0.37415688  0.46301783  0.37415688  0.28129627  0.27461409  0.28803943  0.27461409  0.32984422  0.29484469  0.26799180  0.19881401  0.19881401  0.00000000  0.00000000  0.15228271  0.15228271  0.15794137  0.15794137  0.13556218  0.14109376  0.12462174  0.19881401  0.08755766  0.30171322  0.31564485  0.31564485  0.32271042  0.32271042  0.26799180  0.24208070  0.24208070  0.28129627  0.26142834  0.26142834  0.26142834  0.26142834  0.21704755  0.27461409  0.28129627  0.28803943  0.23574245  0.26142834  0.28129627  0.22322677  0.47165220  0.50723547  0.50723547  0.50723547  0.47165220  0.48038865  0.50723547  0.50723547  0.50723547  0.50723547  0.49817771  0.49817771  0.35166840  0.37415688  0.40524754  0.34432182  0.52569106  0.53509465  0.51640564  0.49817771  0.48038865  0.50723547  0.52569106  0.47165220  0.45448321  0.47165220  0.47165220  0.45448321  0.48038865  0.50723547  0.48922965  0.48038865  0.56404557  0.50723547  0.52569106  0.47165220  0.40524754  0.38180776  0.41322900  0.40524754  0.39735137  0.39735137  0.43770412  0.39735137  0.38180776  0.40524754  0.48922965  0.44604604  0.43770412  0.36658442  0.47165220  0.30864620  0.28129627  0.28803943  0.26799180  0.30171322  0.28803943  0.28129627  0.46301783  0.44604604  0.42129763  0.42129763  0.40524754  0.41322900  0.59417727  0.46301783  0.40524754  0.36658442  0.37415688  0.35908877  0.39735137  0.38180776  0.35166840  0.36658442  0.35908877  0.32271042  0.35908877  0.35166840  0.35166840  0.33704756  0.35166840  0.33704756  0.35908877  0.30864620  0.43770412  0.43770412  0.45448321  0.35166840  0.37415688  0.55426868  0.59417727  0.51640564  0.48038865  0.49817771  
68_0_0     0.32984422  0.24208070  0.23574245  0.33704756  0.41322900  0.46301783  0.38953869  0.32271042  0.31564485  0.34432182  0.31564485  0.37415688  0.32271042  0.29484469  0.19881401  0.21091957  0.15228271  0.15228271  0.00000000  0.03763990  0.10850896  0.10850896  0.07222508  0.07730067  0.08241137  0.15228271  0.06718412  0.28129627  0.28129627  0.29484469  0.27461409  0.27461409  0.23574245  0.22322677  0.22322677  0.33704756  0.31564485  0.31564485  0.31564485  0.31564485  0.22322677  0.24208070  0.32271042  0.26799180  0.28129627  0.25492267  0.26142834  0.25492267  0.42945534  0.43770412  0.43770412  0.43770412  0.58399622  0.59417727  0.62559019  0.58399622  0.58399622  0.60450056  0.59417727  0.59417727  0.40524754  0.39735137  0.46301783  0.39735137  0.56404557  0.58399622  0.55426868  0.55426868  0.53509465  0.50723547  0.51640564  0.48038865  0.48922965  0.53509465  0.51640564  0.53509465  0.50723547  0.54461947  0.51640564  0.50723547  0.65839814  0.56404557  0.55426868  0.51640564  0.43770412  0.42945534  0.46301783  0.45448321  0.42945534  0.41322900  0.43770412  0.41322900  0.36658442  0.40524754  0.45448321  0.42945534  0.40524754  0.44604604  0.40524754  0.37415688  0.32984422  0.32271042  0.34432182  0.35166840  0.35166840  0.34432182  0.56404557  0.54461947  0.55426868  0.53509465  0.39735137  0.38953869  0.54461947  0.43770412  0.41322900  0.38953869  0.39735137  0.38180776  0.42129763  0.40524754  0.35908877  0.37415688  0.38953869  0.33704756  0.37415688  0.38180776  0.35166840  0.35166840  0.35166840  0.35166840  0.34432182  0.33704756  0.43770412  0.43770412  0.45448321  0.38180776  0.38953869  0.59417727  0.58399622  0.55426868  0.51640564  0.53509465  
26_0_0     0.34432182  0.25492267  0.24847378  0.33704756  0.41322900  0.48038865  0.40524754  0.32271042  0.31564485  0.34432182  0.31564485  0.37415688  0.32271042  0.29484469  0.21091957  0.21091957  0.15228271  0.15228271  0.03763990  0.00000000  0.13007171  0.13007171  0.08241137  0.08755766  0.09274006  0.17518213  0.07730067  0.32271042  0.32271042  0.33704756  0.31564485  0.31564485  0.27461409  0.26142834  0.26142834  0.33704756  0.31564485  0.31564485  0.31564485  0.31564485  0.24847378  0.26799180  0.32271042  0.29484469  0.30864620  0.26799180  0.28803943  0.26799180  0.43770412  0.42945534  0.42945534  0.44604604  0.56404557  0.57395356  0.58399622  0.58399622  0.56404557  0.58399622  0.57395356  0.57395356  0.42129763  0.41322900  0.49817771  0.41322900  0.54461947  0.54461947  0.53509465  0.53509465  0.51640564  0.50723547  0.52569106  0.49817771  0.50723547  0.55426868  0.53509465  0.51640564  0.48922965  0.54461947  0.53509465  0.50723547  0.63636512  0.56404557  0.57395356  0.53509465  0.47165220  0.46301783  0.49817771  0.48922965  0.46301783  0.42945534  0.43770412  0.44604604  0.38180776  0.42945534  0.48038865  0.42945534  0.45448321  0.46301783  0.47165220  0.38953869  0.35908877  0.35166840  0.34432182  0.38180776  0.35166840  0.35908877  0.52569106  0.54461947  0.53509465  0.51640564  0.41322900  0.40524754  0.52569106  0.43770412  0.43770412  0.41322900  0.42129763  0.40524754  0.44604604  0.42945534  0.36658442  0.38180776  0.39735137  0.33704756  0.37415688  0.38180776  0.36658442  0.36658442  0.36658442  0.38180776  0.37415688  0.35908877  0.44604604  0.44604604  0.46301783  0.38953869  0.39735137  0.59417727  0.58399622  0.61497013  0.55426868  0.59417727  
94_0_0     0.32984422  0.24208070  0.23574245  0.32984422  0.40524754  0.48038865  0.38953869  0.32271042  0.32984422  0.35908877  0.32984422  0.36658442  0.32271042  0.28129627  0.22322677  0.23574245  0.15794137  0.15794137  0.10850896  0.13007171  0.00000000  0.00000000  0.06718412  0.07222508  0.07730067  0.13556218  0.09274006  0.30171322  0.30864620  0.30864620  0.31564485  0.31564485  0.28803943  0.27461409  0.27461409  0.36658442  0.34432182  0.34432182  0.34432182  0.34432182  0.24847378  0.25492267  0.34432182  0.26799180  0.28129627  0.30864620  0.31564485  0.25492267  0.41322900  0.48922965  0.48922965  0.47165220  0.54461947  0.55426868  0.60450056  0.58399622  0.59417727  0.56404557  0.55426868  0.55426868  0.38953869  0.38180776  0.41322900  0.36658442  0.55426868  0.57395356  0.54461947  0.54461947  0.52569106  0.50723547  0.51640564  0.44604604  0.43770412  0.47165220  0.45448321  0.50723547  0.48038865  0.48922965  0.45448321  0.48038865  0.56404557  0.52569106  0.52569106  0.47165220  0.42945534  0.43770412  0.45448321  0.44604604  0.43770412  0.43770412  0.45448321  0.40524754  0.35908877  0.37415688  0.45448321  0.36658442  0.39735137  0.38953869  0.38180776  0.40524754  0.32984422  0.32271042  0.35908877  0.35166840  0.35166840  0.36658442  0.49817771  0.49817771  0.47165220  0.48922965  0.37415688  0.35166840  0.48038865  0.41322900  0.39735137  0.35908877  0.36658442  0.35166840  0.38953869  0.38953869  0.32984422  0.32984422  0.33704756  0.35908877  0.35166840  0.32984422  0.32984422  0.32984422  0.32984422  0.34432182  0.33704756  0.32984422  0.38953869  0.37415688  0.38953869  0.38953869  0.40524754  0.62559019  0.63636512  0.58399622  0.54461947  0.56404557  
67_0_0     0.32984422  0.24208070  0.23574245  0.32984422  0.40524754  0.48038865  0.38953869  0.32271042  0.32984422  0.35908877  0.32984422  0.36658442  0.32271042  0.28129627  0.22322677  0.23574245  0.15794137  0.15794137  0.10850896  0.13007171  0.00000000  0.00000000  0.06718412  0.07222508  0.07730067  0.13556218  0.09274006  0.30171322  0.30864620  0.30864620  0.31564485  0.31564485  0.28803943  0.27461409  0.27461409  0.36658442  0.34432182  0.34432182  0.34432182  0.34432182  0.24847378  0.25492267  0.34432182  0.26799180  0.28129627  0.30864620  0.31564485  0.25492267  0.41322900  0.48922965  0.48922965  0.47165220  0.54461947  0.55426868  0.60450056  0.58399622  0.59417727  0.56404557  0.55426868  0.55426868  0.38953869  0.38180776  0.41322900  0.36658442  0.55426868  0.57395356  0.54461947  0.54461947  0.52569106  0.50723547  0.51640564  0.44604604  0.43770412  0.47165220  0.45448321  0.50723547  0.48038865  0.48922965  0.45448321  0.48038865  0.56404557  0.52569106  0.52569106  0.47165220  0.42945534  0.43770412  0.45448321  0.44604604  0.43770412  0.43770412  0.45448321  0.40524754  0.35908877  0.37415688  0.45448321  0.36658442  0.39735137  0.38953869  0.38180776  0.40524754  0.32984422  0.32271042  0.35908877  0.35166840  0.35166840  0.36658442  0.49817771  0.49817771  0.47165220  0.48922965  0.37415688  0.35166840  0.48038865  0.41322900  0.39735137  0.35908877  0.36658442  0.35166840  0.38953869  0.38953869  0.32984422  0.32984422  0.33704756  0.35908877  0.35166840  0.32984422  0.32984422  0.32984422  0.32984422  0.34432182  0.33704756  0.32984422  0.38953869  0.37415688  0.38953869  0.38953869  0.40524754  0.62559019  0.63636512  0.58399622  0.54461947  0.56404557  
13_0_0     0.31564485  0.24847378  0.24208070  0.33704756  0.41322900  0.42945534  0.33704756  0.30171322  0.29484469  0.32271042  0.29484469  0.35166840  0.31564485  0.27461409  0.21704755  0.22945811  0.13556218  0.13556218  0.07222508  0.08241137  0.06718412  0.06718412  0.00000000  0.00460145  0.02804864  0.10321517  0.05226435  0.28803943  0.30171322  0.30171322  0.29484469  0.29484469  0.26799180  0.24208070  0.24208070  0.31564485  0.29484469  0.29484469  0.29484469  0.28803943  0.22945811  0.27461409  0.34432182  0.28803943  0.30171322  0.30171322  0.30864620  0.23574245  0.40524754  0.48038865  0.48038865  0.48038865  0.53509465  0.54461947  0.57395356  0.53509465  0.55426868  0.55426868  0.54461947  0.54461947  0.39735137  0.42129763  0.43770412  0.38953869  0.56404557  0.58399622  0.55426868  0.53509465  0.51640564  0.49817771  0.50723547  0.47165220  0.46301783  0.50723547  0.48922965  0.50723547  0.48038865  0.52569106  0.48922965  0.49817771  0.60450056  0.54461947  0.52569106  0.48922965  0.42945534  0.43770412  0.45448321  0.44604604  0.43770412  0.38953869  0.42945534  0.39735137  0.35166840  0.38953869  0.42945534  0.37415688  0.40524754  0.39735137  0.42129763  0.36658442  0.33704756  0.32984422  0.36658442  0.35908877  0.35908877  0.36658442  0.52569106  0.48922965  0.48038865  0.48038865  0.37415688  0.35166840  0.49817771  0.41322900  0.45448321  0.36658442  0.37415688  0.35908877  0.39735137  0.38180776  0.33704756  0.33704756  0.35166840  0.36658442  0.37415688  0.36658442  0.35166840  0.35166840  0.35166840  0.36658442  0.35908877  0.34432182  0.42945534  0.41322900  0.42945534  0.40524754  0.36658442  0.61497013  0.58399622  0.55426868  0.51640564  0.53509465  
