176
69_67_0    0.00000000  0.35473305  0.34778632  0.25674128  0.25064237  0.27534155  0.23263781  0.25674128  0.27534155  0.41275385  0.49222861  0.49222861  0.48389107  0.40525085  0.39782222  0.45143845  0.44354017  0.45143845  0.45942084  0.61000850  0.54430055  0.54430055  0.50918716  0.50065993  0.58113994  0.58113994  0.59063979  0.68203454  0.60026159  0.59063979  0.55334205  0.59063979  0.61988382  0.57175897  0.59063979  0.60026159  0.59063979  0.60026159  0.69291309  0.67131161  0.67131161  0.70395184  0.61988382  0.71515559  0.64003355  0.64003355  0.61000850  0.62989098  0.64003355  0.57175897  0.57175897  0.58113994  0.57175897  0.61000850  0.61000850  0.61988382  0.62989098  0.61988382  0.60026159  0.96779345  0.60026159  0.60026159  0.61000850  0.68203454  0.61000850  0.60026159  0.62989098  0.60026159  0.61988382  0.62989098  0.61000850  0.57175897  0.59063979  0.58113994  0.83749638  0.87846281  0.82432376  0.79865327  0.77383286  0.77383286  0.78614034  0.77383286  0.78614034  0.79865327  0.76172419  0.83749638  0.81137863  0.82432376  0.82432376  0.87846281  0.74980802  0.72652933  0.77383286  0.71515559  0.74980802  0.74980802  0.73807831  0.77383286  0.61000850  0.65031523  0.60026159  0.60026159  0.61000850  0.65031523  0.67131161  0.68203454  0.73807831  0.72652933  0.77383286  0.85090462  0.81137863  0.74980802  0.82432376  0.79865327  0.77383286  0.79865327  0.76172419  0.81137863  0.79865327  0.79865327  0.87846281  0.81137863  0.79865327  0.79865327  0.74980802  0.77383286  0.73807831  0.73807831  0.85090462  0.83749638  0.72652933  0.76172419  0.76172419  0.74980802  0.69291309  0.81137863  0.76172419  0.78614034  0.76172419  0.77383286  0.77383286  0.74980802  0.85090462  0.81137863  0.78614034  0.77383286  0.77383286  0.78614034  0.82432376  0.79865327  0.85090462  0.79865327  0.79865327  0.82432376  0.87846281  0.85090462  0.89263139  0.89263139  0.77383286  0.70395184  0.69291309  0.69291309  0.70395184  0.61000850  0.66073991  0.81137863  0.77383286  0.71515559  0.76172419  0.62989098  0.65031523  0.66073991  0.65031523  0.71515559  0.92179821  0.85090462  
78_67_0    0.35473305  0.00000000  0.04941997  0.26289023  0.24459267  0.28164563  0.29441512  0.24459267  0.35473305  0.48389107  0.53536680  0.50065993  0.51781251  0.47564525  0.46748915  0.53536680  0.53536680  0.48389107  0.53536680  0.65031523  0.68203454  0.68203454  0.65031523  0.61988382  0.64003355  0.61000850  0.61988382  0.59063979  0.61988382  0.60026159  0.60026159  0.65031523  0.61000850  0.66073991  0.69291309  0.64003355  0.62989098  0.66073991  0.69291309  0.67131161  0.67131161  0.74980802  0.66073991  0.62989098  0.65031523  0.65031523  0.64003355  0.69291309  0.66073991  0.73807831  0.73807831  0.64003355  0.57175897  0.58113994  0.66073991  0.65031523  0.68203454  0.66073991  0.66073991  0.96779345  0.59063979  0.59063979  0.61988382  0.72652933  0.58113994  0.60026159  0.64003355  0.65031523  0.66073991  0.67131161  0.65031523  0.71515559  0.70395184  0.68203454  0.89263139  0.89263139  0.89263139  0.83749638  0.79865327  0.83749638  0.82432376  0.68203454  0.73807831  0.72652933  0.81137863  0.72652933  0.74980802  0.76172419  0.73807831  0.90707295  0.82432376  0.78614034  0.81137863  0.77383286  0.83749638  0.82432376  0.82432376  0.81137863  0.76172419  0.76172419  0.73807831  0.74980802  0.76172419  0.72652933  0.77383286  0.73807831  0.67131161  0.90707295  0.89263139  0.87846281  0.92179821  0.77383286  0.77383286  0.76172419  0.79865327  0.82432376  0.87846281  0.86455708  0.89263139  0.89263139  0.73807831  0.92179821  0.87846281  0.73807831  0.77383286  0.74980802  0.74980802  0.77383286  0.78614034  0.78614034  0.81137863  0.71515559  0.74980802  0.81137863  0.76172419  0.96779345  0.83749638  0.81137863  0.78614034  0.74980802  0.81137863  0.81137863  0.78614034  0.82432376  0.83749638  0.77383286  0.78614034  0.77383286  0.76172419  0.79865327  0.89263139  0.83749638  0.89263139  0.89263139  0.82432376  0.87846281  0.82432376  0.86455708  0.74980802  0.67131161  0.66073991  0.68203454  0.66073991  0.67131161  0.76172419  0.74980802  0.72652933  0.78614034  0.81137863  0.65031523  0.67131161  0.67131161  0.68203454  0.79865327  0.82432376  0.76172419  
78_73_0    0.34778632  0.04941997  0.00000000  0.25674128  0.21505559  0.30088237  0.30088237  0.25064237  0.34090338  0.49222861  0.54430055  0.45942084  0.47564525  0.46748915  0.45942084  0.51781251  0.51781251  0.46748915  0.50065993  0.65031523  0.68203454  0.68203454  0.65031523  0.64003355  0.64003355  0.59063979  0.60026159  0.61000850  0.60026159  0.60026159  0.60026159  0.65031523  0.61988382  0.65031523  0.70395184  0.62989098  0.61988382  0.65031523  0.65031523  0.67131161  0.67131161  0.70395184  0.65031523  0.64003355  0.66073991  0.66073991  0.61000850  0.64003355  0.65031523  0.67131161  0.67131161  0.62989098  0.58113994  0.57175897  0.62989098  0.61988382  0.69291309  0.61000850  0.69291309  0.95214602  0.51781251  0.51781251  0.54430055  0.71515559  0.58113994  0.58113994  0.64003355  0.65031523  0.60026159  0.61000850  0.59063979  0.65031523  0.64003355  0.61988382  0.92179821  0.92179821  0.92179821  0.87846281  0.76172419  0.79865327  0.78614034  0.61988382  0.68203454  0.72652933  0.82432376  0.76172419  0.78614034  0.82432376  0.79865327  0.90707295  0.86455708  0.79865327  0.79865327  0.78614034  0.82432376  0.81137863  0.81137863  0.79865327  0.72652933  0.74980802  0.77383286  0.78614034  0.70395184  0.76172419  0.73807831  0.70395184  0.66073991  0.87846281  0.83749638  0.90707295  0.92179821  0.85090462  0.85090462  0.83749638  0.78614034  0.81137863  0.90707295  0.83749638  0.89263139  0.89263139  0.70395184  0.93681854  0.92179821  0.76172419  0.86455708  0.83749638  0.77383286  0.78614034  0.78614034  0.78614034  0.79865327  0.72652933  0.77383286  0.82432376  0.78614034  1.01679654  0.87846281  0.81137863  0.78614034  0.77383286  0.81137863  0.81137863  0.83749638  0.85090462  0.83749638  0.79865327  0.81137863  0.79865327  0.78614034  0.79865327  0.89263139  0.83749638  0.95214602  0.95214602  0.85090462  0.87846281  0.83749638  0.87846281  0.74980802  0.67131161  0.66073991  0.68203454  0.68203454  0.68203454  0.72652933  0.76172419  0.71515559  0.74980802  0.77383286  0.64003355  0.70395184  0.70395184  0.71515559  0.79865327  0.79865327  0.73807831  
64_67_0    0.25674128  0.26289023  0.25674128  0.00000000  0.09736227  0.20355912  0.21505559  0.14858162  0.25674128  0.42033270  0.51781251  0.43572424  0.44354017  0.46748915  0.44354017  0.50065993  0.49222861  0.45143845  0.51781251  0.69291309  0.65031523  0.65031523  0.66073991  0.59063979  0.70395184  0.64003355  0.65031523  0.60026159  0.57175897  0.60026159  0.61988382  0.71515559  0.61988382  0.58113994  0.61988382  0.61000850  0.60026159  0.57175897  0.61000850  0.67131161  0.67131161  0.68203454  0.61000850  0.60026159  0.60026159  0.60026159  0.59063979  0.60026159  0.64003355  0.60026159  0.60026159  0.58113994  0.60026159  0.58113994  0.53536680  0.52653827  0.61000850  0.56249395  0.59063979  0.93681854  0.61000850  0.61988382  0.64003355  0.64003355  0.58113994  0.57175897  0.54430055  0.53536680  0.54430055  0.53536680  0.53536680  0.58113994  0.57175897  0.57175897  0.83749638  0.83749638  0.85090462  0.81137863  0.73807831  0.83749638  0.85090462  0.72652933  0.71515559  0.65031523  0.73807831  0.70395184  0.70395184  0.76172419  0.76172419  0.82432376  0.83749638  0.82432376  0.81137863  0.77383286  0.76172419  0.82432376  0.79865327  0.83749638  0.72652933  0.72652933  0.61988382  0.66073991  0.76172419  0.72652933  0.74980802  0.78614034  0.81137863  0.82432376  0.79865327  0.92179821  0.90707295  0.85090462  0.86455708  0.86455708  0.79865327  0.82432376  0.74980802  0.73807831  0.78614034  0.78614034  0.77383286  0.87846281  0.92179821  0.89263139  0.69291309  0.67131161  0.68203454  0.71515559  0.82432376  0.83749638  0.81137863  0.72652933  0.81137863  0.78614034  0.71515559  0.82432376  0.78614034  0.81137863  0.81137863  0.72652933  0.77383286  0.72652933  0.77383286  0.79865327  0.76172419  0.72652933  0.74980802  0.73807831  0.74980802  0.76172419  0.96779345  0.83749638  0.90707295  0.90707295  0.79865327  0.90707295  0.86455708  0.92179821  0.72652933  0.61988382  0.62989098  0.62989098  0.65031523  0.68203454  0.64003355  0.70395184  0.72652933  0.67131161  0.67131161  0.59063979  0.59063979  0.58113994  0.57175897  0.68203454  0.82432376  0.74980802  
84_67_0    0.25064237  0.24459267  0.21505559  0.09736227  0.00000000  0.23263781  0.18663840  0.16465568  0.20928531  0.41275385  0.50918716  0.47564525  0.48389107  0.44354017  0.43572424  0.50065993  0.50918716  0.46748915  0.53536680  0.66073991  0.61988382  0.61988382  0.61000850  0.55334205  0.67131161  0.59063979  0.60026159  0.57175897  0.56249395  0.58113994  0.60026159  0.67131161  0.61000850  0.53536680  0.60026159  0.56249395  0.55334205  0.52653827  0.57175897  0.56249395  0.56249395  0.62989098  0.54430055  0.61000850  0.57175897  0.57175897  0.52653827  0.56249395  0.62989098  0.54430055  0.54430055  0.49222861  0.53536680  0.50918716  0.47564525  0.46748915  0.60026159  0.57175897  0.56249395  0.83749638  0.61000850  0.59063979  0.64003355  0.62989098  0.64003355  0.58113994  0.60026159  0.59063979  0.55334205  0.50918716  0.52653827  0.59063979  0.58113994  0.58113994  0.82432376  0.85090462  0.86455708  0.76172419  0.70395184  0.78614034  0.77383286  0.62989098  0.69291309  0.65031523  0.72652933  0.64003355  0.64003355  0.71515559  0.71515559  0.74980802  0.83749638  0.78614034  0.86455708  0.79865327  0.77383286  0.85090462  0.83749638  0.87846281  0.69291309  0.69291309  0.65031523  0.65031523  0.64003355  0.65031523  0.70395184  0.74980802  0.77383286  0.77383286  0.77383286  0.86455708  0.85090462  0.85090462  0.82432376  0.79865327  0.74980802  0.77383286  0.76172419  0.78614034  0.86455708  0.86455708  0.73807831  0.89263139  0.90707295  0.81137863  0.72652933  0.70395184  0.73807831  0.70395184  0.83749638  0.85090462  0.73807831  0.76172419  0.85090462  0.73807831  0.70395184  0.92179821  0.78614034  0.81137863  0.78614034  0.76172419  0.83749638  0.78614034  0.79865327  0.81137863  0.81137863  0.76172419  0.76172419  0.77383286  0.77383286  0.76172419  0.93681854  0.87846281  0.96779345  0.96779345  0.87846281  0.92179821  0.85090462  0.92179821  0.72652933  0.65031523  0.66073991  0.66073991  0.71515559  0.71515559  0.68203454  0.73807831  0.71515559  0.67131161  0.67131161  0.61000850  0.62989098  0.60026159  0.61000850  0.69291309  0.73807831  0.72652933  
73_67_0    0.27534155  0.28164563  0.30088237  0.20355912  0.23263781  0.00000000  0.14329930  0.15390143  0.26909004  0.39782222  0.50065993  0.44354017  0.43572424  0.43572424  0.41275385  0.50065993  0.50065993  0.45942084  0.49222861  0.60026159  0.61988382  0.61988382  0.62989098  0.58113994  0.64003355  0.60026159  0.61000850  0.57175897  0.61000850  0.58113994  0.58113994  0.69291309  0.61000850  0.61000850  0.61988382  0.58113994  0.59063979  0.64003355  0.68203454  0.61988382  0.61988382  0.71515559  0.66073991  0.61000850  0.62989098  0.62989098  0.64003355  0.68203454  0.65031523  0.67131161  0.67131161  0.62989098  0.60026159  0.60026159  0.61000850  0.60026159  0.59063979  0.53536680  0.64003355  0.87846281  0.68203454  0.68203454  0.70395184  0.64003355  0.61000850  0.66073991  0.62989098  0.64003355  0.68203454  0.65031523  0.62989098  0.71515559  0.69291309  0.68203454  0.76172419  0.76172419  0.77383286  0.74980802  0.77383286  0.78614034  0.79865327  0.65031523  0.71515559  0.67131161  0.60026159  0.60026159  0.62989098  0.66073991  0.66073991  0.69291309  0.68203454  0.69291309  0.61988382  0.66073991  0.67131161  0.68203454  0.71515559  0.71515559  0.60026159  0.61988382  0.54430055  0.58113994  0.56249395  0.58113994  0.70395184  0.71515559  0.64003355  0.79865327  0.71515559  0.89263139  0.86455708  0.79865327  0.85090462  0.82432376  0.77383286  0.77383286  0.73807831  0.58113994  0.66073991  0.67131161  0.66073991  0.76172419  0.72652933  0.78614034  0.72652933  0.70395184  0.74980802  0.73807831  0.78614034  0.77383286  0.73807831  0.68203454  0.77383286  0.76172419  0.71515559  0.81137863  0.83749638  0.76172419  0.76172419  0.74980802  0.77383286  0.79865327  0.79865327  0.89263139  0.79865327  0.76172419  0.78614034  0.79865327  0.79865327  0.79865327  0.79865327  0.77383286  0.78614034  0.77383286  0.74980802  0.89263139  0.89263139  0.90707295  0.69291309  0.70395184  0.71515559  0.74980802  0.71515559  0.70395184  0.71515559  0.73807831  0.72652933  0.67131161  0.62989098  0.62989098  0.66073991  0.66073991  0.65031523  0.71515559  0.77383286  0.74980802  
95_67_0    0.23263781  0.29441512  0.30088237  0.21505559  0.18663840  0.14329930  0.00000000  0.15390143  0.26289023  0.39046648  0.48389107  0.45143845  0.44354017  0.41275385  0.40525085  0.42798897  0.43572424  0.43572424  0.46748915  0.57175897  0.61000850  0.61000850  0.56249395  0.57175897  0.60026159  0.60026159  0.57175897  0.56249395  0.60026159  0.52653827  0.52653827  0.62989098  0.54430055  0.58113994  0.59063979  0.61000850  0.60026159  0.59063979  0.66073991  0.58113994  0.58113994  0.66073991  0.62989098  0.68203454  0.54430055  0.54430055  0.57175897  0.55334205  0.60026159  0.62989098  0.62989098  0.57175897  0.58113994  0.61000850  0.50065993  0.50918716  0.58113994  0.60026159  0.54430055  0.89263139  0.60026159  0.58113994  0.62989098  0.55334205  0.58113994  0.60026159  0.57175897  0.56249395  0.59063979  0.58113994  0.58113994  0.60026159  0.60026159  0.59063979  0.85090462  0.87846281  0.89263139  0.74980802  0.76172419  0.79865327  0.78614034  0.64003355  0.70395184  0.70395184  0.68203454  0.64003355  0.64003355  0.67131161  0.67131161  0.68203454  0.74980802  0.72652933  0.71515559  0.70395184  0.76172419  0.76172419  0.77383286  0.78614034  0.64003355  0.61988382  0.56249395  0.58113994  0.54430055  0.59063979  0.66073991  0.73807831  0.69291309  0.82432376  0.76172419  0.89263139  0.87846281  0.79865327  0.82432376  0.79865327  0.71515559  0.71515559  0.74980802  0.66073991  0.69291309  0.70395184  0.76172419  0.79865327  0.78614034  0.73807831  0.72652933  0.74980802  0.78614034  0.72652933  0.85090462  0.83749638  0.70395184  0.76172419  0.76172419  0.73807831  0.73807831  0.78614034  0.74980802  0.89263139  0.86455708  0.77383286  0.86455708  0.85090462  0.83749638  0.82432376  0.82432376  0.77383286  0.77383286  0.83749638  0.82432376  0.85090462  0.85090462  0.81137863  0.79865327  0.79865327  0.89263139  1.05134060  0.98377450  0.98377450  0.68203454  0.71515559  0.70395184  0.72652933  0.70395184  0.65031523  0.66073991  0.69291309  0.71515559  0.68203454  0.67131161  0.64003355  0.68203454  0.67131161  0.66073991  0.70395184  0.73807831  0.71515559  
58_67_0    0.25674128  0.24459267  0.25064237  0.14858162  0.16465568  0.15390143  0.15390143  0.00000000  0.26909004  0.35473305  0.49222861  0.48389107  0.47564525  0.42033270  0.39782222  0.45942084  0.47564525  0.43572424  0.43572424  0.60026159  0.60026159  0.60026159  0.56249395  0.55334205  0.64003355  0.56249395  0.59063979  0.51781251  0.52653827  0.57175897  0.57175897  0.57175897  0.58113994  0.61000850  0.61988382  0.60026159  0.61000850  0.59063979  0.62989098  0.60026159  0.60026159  0.61988382  0.60026159  0.62989098  0.62989098  0.62989098  0.58113994  0.65031523  0.65031523  0.65031523  0.65031523  0.61988382  0.59063979  0.60026159  0.52653827  0.51781251  0.61000850  0.59063979  0.58113994  0.93681854  0.62989098  0.62989098  0.66073991  0.61000850  0.55334205  0.52653827  0.55334205  0.54430055  0.57175897  0.56249395  0.54430055  0.60026159  0.58113994  0.57175897  0.82432376  0.83749638  0.83749638  0.76172419  0.73807831  0.83749638  0.86455708  0.68203454  0.69291309  0.64003355  0.65031523  0.62989098  0.62989098  0.70395184  0.70395184  0.77383286  0.76172419  0.71515559  0.69291309  0.64003355  0.71515559  0.71515559  0.72652933  0.73807831  0.65031523  0.62989098  0.56249395  0.58113994  0.66073991  0.61988382  0.73807831  0.71515559  0.67131161  0.77383286  0.76172419  1.01679654  1.00010369  0.90707295  0.96779345  0.93681854  0.73807831  0.76172419  0.73807831  0.70395184  0.70395184  0.72652933  0.70395184  0.76172419  0.74980802  0.69291309  0.61000850  0.59063979  0.69291309  0.65031523  0.78614034  0.77383286  0.73807831  0.74980802  0.85090462  0.78614034  0.71515559  0.78614034  0.79865327  0.79865327  0.77383286  0.76172419  0.82432376  0.78614034  0.78614034  0.83749638  0.83749638  0.78614034  0.81137863  0.79865327  0.76172419  0.78614034  0.85090462  0.85090462  0.85090462  0.85090462  0.86455708  0.90707295  0.90707295  0.89263139  0.65031523  0.69291309  0.68203454  0.72652933  0.67131161  0.71515559  0.67131161  0.73807831  0.76172419  0.71515559  0.68203454  0.65031523  0.61000850  0.61988382  0.61000850  0.70395184  0.82432376  0.83749638  
82_75_0    0.27534155  0.35473305  0.34090338  0.25674128  0.20928531  0.26909004  0.26289023  0.26909004  0.00000000  0.43572424  0.50065993  0.48389107  0.47564525  0.42033270  0.44354017  0.42798897  0.43572424  0.43572424  0.51781251  0.60026159  0.58113994  0.58113994  0.60026159  0.56249395  0.62989098  0.60026159  0.61000850  0.58113994  0.62989098  0.59063979  0.59063979  0.66073991  0.56249395  0.51781251  0.53536680  0.53536680  0.54430055  0.50065993  0.52653827  0.55334205  0.55334205  0.59063979  0.52653827  0.61988382  0.55334205  0.55334205  0.52653827  0.53536680  0.58113994  0.56249395  0.56249395  0.52653827  0.51781251  0.56249395  0.50918716  0.50065993  0.55334205  0.52653827  0.50918716  0.86455708  0.59063979  0.58113994  0.61988382  0.67131161  0.71515559  0.50065993  0.50918716  0.50065993  0.57175897  0.56249395  0.56249395  0.61000850  0.61000850  0.59063979  0.71515559  0.71515559  0.72652933  0.68203454  0.79865327  0.89263139  0.85090462  0.69291309  0.77383286  0.72652933  0.78614034  0.71515559  0.67131161  0.69291309  0.69291309  0.74980802  0.76172419  0.76172419  0.74980802  0.72652933  0.74980802  0.79865327  0.77383286  0.77383286  0.60026159  0.59063979  0.53536680  0.53536680  0.56249395  0.54430055  0.64003355  0.67131161  0.68203454  0.71515559  0.76172419  0.87846281  0.89263139  0.74980802  0.74980802  0.78614034  0.73807831  0.71515559  0.71515559  0.68203454  0.78614034  0.81137863  0.71515559  0.79865327  0.82432376  0.72652933  0.69291309  0.69291309  0.69291309  0.71515559  0.73807831  0.72652933  0.78614034  0.73807831  0.76172419  0.74980802  0.77383286  0.87846281  0.78614034  0.70395184  0.70395184  0.74980802  0.74980802  0.77383286  0.85090462  0.82432376  0.77383286  0.73807831  0.73807831  0.76172419  0.78614034  0.78614034  0.90707295  0.81137863  0.86455708  0.89263139  0.77383286  0.93681854  0.81137863  0.92179821  0.69291309  0.70395184  0.71515559  0.71515559  0.71515559  0.72652933  0.71515559  0.74980802  0.71515559  0.79865327  0.79865327  0.68203454  0.68203454  0.70395184  0.69291309  0.62989098  0.69291309  0.68203454  
69_0_0     0.41275385  0.48389107  0.49222861  0.42033270  0.41275385  0.39782222  0.39046648  0.35473305  0.43572424  0.00000000  0.48389107  0.43572424  0.43572424  0.37596806  0.35473305  0.39046648  0.38318222  0.37596806  0.40525085  0.49222861  0.47564525  0.47564525  0.51781251  0.47564525  0.51781251  0.49222861  0.50065993  0.50918716  0.50918716  0.47564525  0.46748915  0.47564525  0.60026159  0.68203454  0.69291309  0.69291309  0.68203454  0.67131161  0.66073991  0.65031523  0.65031523  0.65031523  0.61000850  0.77383286  0.62989098  0.62989098  0.64003355  0.57175897  0.64003355  0.55334205  0.55334205  0.61988382  0.58113994  0.59063979  0.61988382  0.62989098  0.65031523  0.60026159  0.64003355  0.90707295  0.57175897  0.57175897  0.56249395  0.66073991  0.65031523  0.50918716  0.52653827  0.51781251  0.54430055  0.55334205  0.53536680  0.52653827  0.51781251  0.52653827  0.85090462  0.87846281  0.85090462  0.78614034  0.70395184  0.82432376  0.86455708  0.87846281  0.72652933  0.74980802  0.73807831  0.67131161  0.67131161  0.68203454  0.71515559  0.83749638  0.79865327  0.71515559  0.78614034  0.71515559  0.78614034  0.69291309  0.73807831  0.76172419  0.76172419  0.79865327  0.73807831  0.76172419  0.78614034  0.79865327  0.69291309  0.69291309  0.73807831  0.77383286  0.82432376  0.95214602  0.92179821  0.87846281  0.93681854  0.93681854  0.77383286  0.77383286  0.76172419  0.77383286  0.78614034  0.76172419  0.72652933  0.83749638  0.79865327  0.81137863  0.74980802  0.72652933  0.89263139  0.72652933  0.76172419  0.74980802  0.74980802  0.86455708  0.87846281  0.72652933  0.72652933  0.76172419  0.76172419  0.78614034  0.77383286  0.81137863  0.79865327  0.79865327  0.86455708  0.79865327  0.76172419  0.79865327  0.77383286  0.77383286  0.86455708  0.83749638  0.81137863  0.90707295  0.83749638  0.82432376  0.90707295  0.82432376  0.85090462  0.78614034  0.73807831  0.77383286  0.76172419  0.78614034  0.79865327  0.83749638  0.86455708  0.87846281  0.82432376  0.89263139  0.87846281  0.81137863  0.74980802  0.77383286  0.76172419  0.70395184  0.85090462  0.78614034  
80_64_0    0.49222861  0.53536680  0.54430055  0.51781251  0.50918716  0.50065993  0.48389107  0.49222861  0.50065993  0.48389107  0.00000000  0.32062582  0.30088237  0.25674128  0.26909004  0.30740591  0.29441512  0.27534155  0.26289023  0.55334205  0.61000850  0.61000850  0.57175897  0.58113994  0.62989098  0.59063979  0.57175897  0.57175897  0.59063979  0.56249395  0.59063979  0.57175897  0.60026159  0.61000850  0.66073991  0.60026159  0.61000850  0.60026159  0.61988382  0.60026159  0.60026159  0.55334205  0.56249395  0.65031523  0.53536680  0.53536680  0.54430055  0.54430055  0.55334205  0.79865327  0.79865327  0.67131161  0.72652933  0.61988382  0.58113994  0.59063979  0.58113994  0.58113994  0.61000850  0.87846281  0.57175897  0.56249395  0.55334205  0.59063979  0.42798897  0.49222861  0.53536680  0.51781251  0.50065993  0.50918716  0.52653827  0.49222861  0.51781251  0.50918716  0.82432376  0.85090462  0.86455708  0.83749638  0.95214602  0.90707295  0.93681854  0.74980802  0.70395184  0.71515559  0.74980802  0.65031523  0.67131161  0.67131161  0.66073991  0.72652933  0.90707295  0.90707295  0.82432376  0.81137863  0.71515559  0.70395184  0.74980802  0.76172419  0.77383286  0.79865327  0.85090462  0.81137863  0.83749638  0.85090462  0.82432376  0.83749638  0.73807831  0.67131161  0.73807831  0.90707295  0.95214602  0.93681854  0.96779345  0.96779345  0.81137863  0.79865327  0.69291309  0.82432376  0.72652933  0.74980802  0.85090462  0.95214602  0.95214602  0.86455708  0.95214602  0.93681854  0.98377450  0.86455708  0.81137863  0.79865327  0.85090462  0.82432376  0.83749638  0.90707295  0.81137863  0.78614034  0.87846281  0.95214602  1.00010369  0.89263139  0.92179821  0.92179821  0.86455708  0.89263139  0.85090462  0.93681854  0.93681854  0.93681854  0.92179821  0.89263139  0.90707295  0.87846281  0.96779345  0.96779345  0.98377450  1.03386960  0.95214602  0.98377450  0.82432376  0.70395184  0.69291309  0.73807831  0.68203454  0.77383286  0.79865327  0.81137863  0.79865327  0.78614034  0.74980802  0.68203454  0.71515559  0.71515559  0.70395184  0.78614034  0.79865327  0.72652933  
86_64_0    0.49222861  0.50065993  0.45942084  0.43572424  0.47564525  0.44354017  0.45143845  0.48389107  0.48389107  0.43572424  0.32062582  0.00000000  0.01759623  0.29441512  0.30088237  0.30740591  0.30088237  0.23263781  0.29441512  0.60026159  0.61000850  0.61000850  0.60026159  0.58113994  0.55334205  0.54430055  0.53536680  0.55334205  0.54430055  0.51781251  0.51781251  0.62989098  0.61000850  0.59063979  0.55334205  0.60026159  0.59063979  0.58113994  0.62989098  0.62989098  0.62989098  0.60026159  0.68203454  0.65031523  0.55334205  0.55334205  0.57175897  0.53536680  0.55334205  0.61988382  0.61988382  0.64003355  0.57175897  0.61988382  0.58113994  0.57175897  0.65031523  0.58113994  0.60026159  0.86455708  0.55334205  0.54430055  0.58113994  0.66073991  0.50918716  0.47564525  0.45143845  0.47564525  0.42798897  0.42798897  0.42798897  0.44354017  0.43572424  0.42798897  0.89263139  0.92179821  0.90707295  0.86455708  0.81137863  0.71515559  0.73807831  0.70395184  0.70395184  0.72652933  0.74980802  0.70395184  0.71515559  0.71515559  0.69291309  0.71515559  0.81137863  0.78614034  0.78614034  0.74980802  0.72652933  0.74980802  0.74980802  0.74980802  0.65031523  0.69291309  0.78614034  0.82432376  0.69291309  0.76172419  0.67131161  0.72652933  0.76172419  0.77383286  0.78614034  0.85090462  0.85090462  0.79865327  0.85090462  0.82432376  0.90707295  0.86455708  0.68203454  0.72652933  0.71515559  0.71515559  0.70395184  0.87846281  0.90707295  0.82432376  0.81137863  0.82432376  0.92179821  0.87846281  0.85090462  0.83749638  0.79865327  0.86455708  0.95214602  0.82432376  0.71515559  0.85090462  0.76172419  0.83749638  0.82432376  0.82432376  0.77383286  0.78614034  0.87846281  0.85090462  0.78614034  0.79865327  0.74980802  0.78614034  0.83749638  0.81137863  0.86455708  0.78614034  0.89263139  0.87846281  0.78614034  0.92179821  0.89263139  0.92179821  0.72652933  0.71515559  0.72652933  0.72652933  0.74980802  0.74980802  0.79865327  0.72652933  0.73807831  0.76172419  0.83749638  0.71515559  0.77383286  0.78614034  0.77383286  0.78614034  0.69291309  0.76172419  
98_64_0    0.48389107  0.51781251  0.47564525  0.44354017  0.48389107  0.43572424  0.44354017  0.47564525  0.47564525  0.43572424  0.30088237  0.01759623  0.00000000  0.27534155  0.28164563  0.29441512  0.28800318  0.22087063  0.28164563  0.59063979  0.59063979  0.59063979  0.59063979  0.57175897  0.54430055  0.53536680  0.52653827  0.54430055  0.55334205  0.52653827  0.52653827  0.60026159  0.58113994  0.58113994  0.54430055  0.59063979  0.60026159  0.59063979  0.61988382  0.61988382  0.61988382  0.59063979  0.65031523  0.65031523  0.54430055  0.54430055  0.56249395  0.52653827  0.53536680  0.62989098  0.62989098  0.65031523  0.58113994  0.62989098  0.55334205  0.56249395  0.64003355  0.57175897  0.61000850  0.87846281  0.57175897  0.56249395  0.60026159  0.67131161  0.48389107  0.47564525  0.45143845  0.45942084  0.44354017  0.44354017  0.44354017  0.44354017  0.45143845  0.44354017  0.89263139  0.92179821  0.90707295  0.85090462  0.83749638  0.73807831  0.76172419  0.72652933  0.71515559  0.71515559  0.73807831  0.69291309  0.70395184  0.72652933  0.70395184  0.70395184  0.83749638  0.81137863  0.81137863  0.77383286  0.73807831  0.77383286  0.77383286  0.77383286  0.64003355  0.68203454  0.77383286  0.81137863  0.70395184  0.77383286  0.68203454  0.73807831  0.74980802  0.77383286  0.81137863  0.85090462  0.85090462  0.79865327  0.85090462  0.82432376  0.86455708  0.82432376  0.69291309  0.76172419  0.72652933  0.74980802  0.71515559  0.83749638  0.86455708  0.81137863  0.83749638  0.85090462  0.90707295  0.89263139  0.89263139  0.87846281  0.78614034  0.85090462  0.96779345  0.85090462  0.72652933  0.83749638  0.79865327  0.82432376  0.81137863  0.83749638  0.78614034  0.79865327  0.86455708  0.86455708  0.79865327  0.81137863  0.76172419  0.79865327  0.85090462  0.82432376  0.87846281  0.79865327  0.87846281  0.86455708  0.83749638  0.93681854  0.86455708  0.93681854  0.71515559  0.69291309  0.70395184  0.72652933  0.71515559  0.77383286  0.79865327  0.74980802  0.76172419  0.78614034  0.83749638  0.73807831  0.77383286  0.78614034  0.77383286  0.78614034  0.72652933  0.76172419  
98_0_0     0.40525085  0.47564525  0.46748915  0.46748915  0.44354017  0.43572424  0.41275385  0.42033270  0.42033270  0.37596806  0.25674128  0.29441512  0.27534155  0.00000000  0.01315829  0.21505559  0.21505559  0.18663840  0.22673113  0.44354017  0.45143845  0.45143845  0.47564525  0.47564525  0.45942084  0.47564525  0.46748915  0.44354017  0.49222861  0.42798897  0.42798897  0.48389107  0.51781251  0.59063979  0.56249395  0.60026159  0.61000850  0.60026159  0.55334205  0.55334205  0.55334205  0.59063979  0.51781251  0.59063979  0.50065993  0.50065993  0.53536680  0.61000850  0.57175897  0.59063979  0.59063979  0.64003355  0.66073991  0.61000850  0.52653827  0.53536680  0.57175897  0.53536680  0.50918716  0.79865327  0.54430055  0.55334205  0.53536680  0.57175897  0.49222861  0.47564525  0.43572424  0.44354017  0.51781251  0.53536680  0.53536680  0.46748915  0.47564525  0.48389107  0.68203454  0.69291309  0.71515559  0.65031523  0.77383286  0.82432376  0.82432376  0.65031523  0.68203454  0.66073991  0.70395184  0.65031523  0.64003355  0.64003355  0.61988382  0.71515559  0.83749638  0.79865327  0.73807831  0.72652933  0.79865327  0.78614034  0.78614034  0.76172419  0.65031523  0.67131161  0.68203454  0.65031523  0.67131161  0.66073991  0.67131161  0.65031523  0.68203454  0.68203454  0.73807831  0.95214602  0.95214602  0.83749638  0.89263139  0.89263139  0.74980802  0.73807831  0.74980802  0.83749638  0.73807831  0.76172419  0.76172419  0.85090462  0.78614034  0.82432376  0.83749638  0.83749638  0.93681854  0.89263139  0.96779345  0.95214602  0.79865327  0.86455708  0.86455708  0.89263139  0.85090462  0.93681854  0.92179821  0.83749638  0.85090462  0.73807831  0.76172419  0.76172419  0.69291309  0.76172419  0.74980802  0.81137863  0.76172419  0.78614034  0.82432376  0.79865327  0.83749638  0.73807831  0.81137863  0.82432376  0.92179821  0.89263139  0.85090462  0.83749638  0.74980802  0.78614034  0.77383286  0.77383286  0.73807831  0.82432376  0.82432376  0.79865327  0.74980802  0.81137863  0.81137863  0.82432376  0.78614034  0.79865327  0.78614034  0.92179821  0.89263139  0.85090462  
86_0_0     0.39782222  0.46748915  0.45942084  0.44354017  0.43572424  0.41275385  0.40525085  0.39782222  0.44354017  0.35473305  0.26909004  0.30088237  0.28164563  0.01315829  0.00000000  0.20355912  0.22087063  0.18663840  0.22087063  0.45143845  0.45143845  0.45143845  0.47564525  0.46748915  0.45942084  0.47564525  0.46748915  0.44354017  0.48389107  0.42798897  0.42798897  0.48389107  0.51781251  0.59063979  0.56249395  0.60026159  0.61000850  0.60026159  0.53536680  0.55334205  0.55334205  0.61000850  0.50065993  0.59063979  0.51781251  0.51781251  0.55334205  0.61000850  0.55334205  0.59063979  0.59063979  0.66073991  0.66073991  0.59063979  0.52653827  0.53536680  0.55334205  0.53536680  0.52653827  0.79865327  0.54430055  0.57175897  0.53536680  0.57175897  0.47564525  0.48389107  0.42798897  0.43572424  0.52653827  0.52653827  0.52653827  0.45942084  0.46748915  0.47564525  0.70395184  0.71515559  0.71515559  0.67131161  0.76172419  0.81137863  0.82432376  0.65031523  0.70395184  0.66073991  0.70395184  0.62989098  0.64003355  0.64003355  0.64003355  0.73807831  0.83749638  0.79865327  0.76172419  0.72652933  0.77383286  0.76172419  0.76172419  0.76172419  0.64003355  0.66073991  0.67131161  0.64003355  0.68203454  0.67131161  0.67131161  0.65031523  0.68203454  0.68203454  0.71515559  0.95214602  0.92179821  0.83749638  0.92179821  0.89263139  0.76172419  0.74980802  0.74980802  0.83749638  0.73807831  0.76172419  0.77383286  0.86455708  0.79865327  0.83749638  0.85090462  0.85090462  0.93681854  0.87846281  0.96779345  0.95214602  0.81137863  0.86455708  0.86455708  0.87846281  0.83749638  0.92179821  0.93681854  0.83749638  0.82432376  0.73807831  0.78614034  0.76172419  0.67131161  0.76172419  0.74980802  0.81137863  0.76172419  0.78614034  0.82432376  0.77383286  0.86455708  0.76172419  0.78614034  0.79865327  0.95214602  0.86455708  0.87846281  0.83749638  0.72652933  0.77383286  0.76172419  0.76172419  0.74980802  0.85090462  0.79865327  0.77383286  0.74980802  0.81137863  0.81137863  0.79865327  0.77383286  0.78614034  0.77383286  0.89263139  0.92179821  0.82432376  
92_66_0    0.45143845  0.53536680  0.51781251  0.50065993  0.50065993  0.50065993  0.42798897  0.45942084  0.42798897  0.39046648  0.30740591  0.30740591  0.29441512  0.21505559  0.20355912  0.00000000  0.09242768  0.08265490  0.15390143  0.40525085  0.40525085  0.40525085  0.39782222  0.42798897  0.40525085  0.41275385  0.42033270  0.45143845  0.46748915  0.39046648  0.40525085  0.45143845  0.50065993  0.52653827  0.54430055  0.55334205  0.55334205  0.55334205  0.51781251  0.50065993  0.50065993  0.51781251  0.53536680  0.58113994  0.49222861  0.49222861  0.48389107  0.50065993  0.51781251  0.56249395  0.56249395  0.59063979  0.61000850  0.55334205  0.54430055  0.55334205  0.50918716  0.52653827  0.52653827  0.73807831  0.50918716  0.53536680  0.50065993  0.50065993  0.51781251  0.40525085  0.39782222  0.39046648  0.44354017  0.44354017  0.44354017  0.41275385  0.40525085  0.41275385  0.82432376  0.83749638  0.82432376  0.73807831  0.77383286  0.74980802  0.76172419  0.72652933  0.74980802  0.76172419  0.74980802  0.66073991  0.64003355  0.66073991  0.66073991  0.73807831  0.85090462  0.82432376  0.85090462  0.81137863  0.79865327  0.81137863  0.81137863  0.81137863  0.64003355  0.64003355  0.69291309  0.66073991  0.71515559  0.68203454  0.70395184  0.71515559  0.74980802  0.57175897  0.60026159  0.82432376  0.85090462  0.79865327  0.81137863  0.77383286  0.81137863  0.76172419  0.69291309  0.78614034  0.74980802  0.76172419  0.70395184  0.95214602  0.95214602  0.78614034  0.82432376  0.82432376  0.92179821  0.85090462  0.82432376  0.81137863  0.78614034  0.76172419  0.79865327  0.83749638  0.83749638  0.83749638  0.81137863  0.78614034  0.78614034  0.78614034  0.79865327  0.76172419  0.77383286  0.76172419  0.79865327  0.77383286  0.74980802  0.77383286  0.81137863  0.79865327  0.79865327  0.76172419  0.85090462  0.86455708  0.83749638  0.98377450  0.96779345  0.95214602  0.73807831  0.72652933  0.71515559  0.70395184  0.72652933  0.76172419  0.77383286  0.77383286  0.81137863  0.83749638  0.79865327  0.79865327  0.83749638  0.85090462  0.83749638  0.76172419  0.76172419  0.77383286  
92_65_0    0.44354017  0.53536680  0.51781251  0.49222861  0.50918716  0.50065993  0.43572424  0.47564525  0.43572424  0.38318222  0.29441512  0.30088237  0.28800318  0.21505559  0.22087063  0.09242768  0.00000000  0.11236398  0.15925927  0.48389107  0.45942084  0.45942084  0.49222861  0.50065993  0.49222861  0.48389107  0.49222861  0.52653827  0.53536680  0.44354017  0.47564525  0.48389107  0.53536680  0.55334205  0.58113994  0.58113994  0.58113994  0.58113994  0.54430055  0.54430055  0.54430055  0.51781251  0.53536680  0.57175897  0.49222861  0.49222861  0.45143845  0.47564525  0.56249395  0.61988382  0.61988382  0.67131161  0.65031523  0.61988382  0.56249395  0.57175897  0.58113994  0.52653827  0.54430055  0.73807831  0.50918716  0.50918716  0.50065993  0.54430055  0.53536680  0.46748915  0.45942084  0.45143845  0.44354017  0.46748915  0.45942084  0.42798897  0.42033270  0.42798897  0.78614034  0.77383286  0.76172419  0.68203454  0.74980802  0.79865327  0.82432376  0.68203454  0.72652933  0.73807831  0.78614034  0.65031523  0.61000850  0.67131161  0.65031523  0.74980802  0.89263139  0.86455708  0.83749638  0.76172419  0.82432376  0.76172419  0.79865327  0.77383286  0.61000850  0.62989098  0.76172419  0.72652933  0.71515559  0.72652933  0.71515559  0.74980802  0.69291309  0.62989098  0.72652933  0.90707295  0.93681854  0.86455708  0.87846281  0.86455708  0.83749638  0.78614034  0.67131161  0.77383286  0.71515559  0.72652933  0.72652933  0.89263139  0.86455708  0.77383286  0.82432376  0.82432376  0.90707295  0.87846281  0.82432376  0.81137863  0.81137863  0.83749638  0.82432376  0.83749638  0.86455708  0.89263139  0.82432376  0.82432376  0.82432376  0.79865327  0.81137863  0.79865327  0.81137863  0.83749638  0.78614034  0.86455708  0.83749638  0.83749638  0.83749638  0.79865327  0.86455708  0.79865327  0.83749638  0.85090462  0.85090462  0.98377450  0.95214602  0.92179821  0.74980802  0.72652933  0.71515559  0.70395184  0.73807831  0.77383286  0.81137863  0.83749638  0.87846281  0.89263139  0.87846281  0.87846281  0.87846281  0.89263139  0.87846281  0.69291309  0.76172419  0.76172419  
92_0_0     0.45143845  0.48389107  0.46748915  0.45143845  0.46748915  0.45942084  0.43572424  0.43572424  0.43572424  0.37596806  0.27534155  0.23263781  0.22087063  0.18663840  0.18663840  0.08265490  0.11236398  0.00000000  0.12253456  0.45143845  0.48389107  0.48389107  0.47564525  0.45143845  0.49222861  0.47564525  0.48389107  0.49222861  0.52653827  0.43572424  0.45143845  0.49222861  0.52653827  0.51781251  0.55334205  0.51781251  0.51781251  0.53536680  0.50065993  0.49222861  0.49222861  0.48389107  0.51781251  0.54430055  0.50065993  0.50065993  0.49222861  0.50918716  0.48389107  0.60026159  0.60026159  0.60026159  0.57175897  0.56249395  0.57175897  0.58113994  0.52653827  0.51781251  0.50918716  0.77383286  0.50065993  0.50918716  0.50918716  0.52653827  0.45942084  0.39046648  0.42798897  0.42033270  0.45942084  0.45942084  0.45942084  0.42798897  0.45143845  0.44354017  0.74980802  0.78614034  0.77383286  0.69291309  0.76172419  0.71515559  0.73807831  0.72652933  0.69291309  0.70395184  0.70395184  0.67131161  0.67131161  0.65031523  0.62989098  0.74980802  0.90707295  0.87846281  0.81137863  0.77383286  0.81137863  0.82432376  0.82432376  0.79865327  0.61000850  0.61000850  0.73807831  0.70395184  0.72652933  0.72652933  0.71515559  0.71515559  0.73807831  0.67131161  0.69291309  0.89263139  0.95214602  0.86455708  0.87846281  0.86455708  0.85090462  0.79865327  0.67131161  0.81137863  0.79865327  0.81137863  0.73807831  0.89263139  0.92179821  0.82432376  0.83749638  0.83749638  0.93681854  0.87846281  0.81137863  0.79865327  0.82432376  0.77383286  0.83749638  0.82432376  0.85090462  0.86455708  0.82432376  0.81137863  0.81137863  0.76172419  0.79865327  0.76172419  0.76172419  0.78614034  0.76172419  0.79865327  0.77383286  0.79865327  0.78614034  0.77383286  0.79865327  0.76172419  0.82432376  0.81137863  0.83749638  1.00010369  0.92179821  0.90707295  0.76172419  0.69291309  0.68203454  0.67131161  0.67131161  0.77383286  0.81137863  0.77383286  0.77383286  0.86455708  0.87846281  0.86455708  0.85090462  0.86455708  0.85090462  0.78614034  0.72652933  0.79865327  
