20
4_0_0      0.00000000  0.00000000  0.02294159  0.02294159  0.16727584  0.16727584  0.32090312  0.32090312  0.32090312  0.41194526  0.39548716  0.33489872  0.39659140  0.48426275  0.51844997  0.35758617  0.41215258  0.49473903  0.49473903  0.47688386  
12_0_0     0.00000000  0.00000000  0.02294159  0.02294159  0.16727584  0.16727584  0.32090312  0.32090312  0.32090312  0.41194526  0.39548716  0.33489872  0.39659140  0.48426275  0.51844997  0.35758617  0.41215258  0.49473903  0.49473903  0.47688386  
10_0_0     0.02294159  0.02294159  0.00000000  0.00000000  0.15681327  0.15681327  0.32090312  0.32090312  0.32090312  0.41194526  0.39548716  0.33489872  0.39659140  0.48426275  0.51844997  0.37244365  0.42853980  0.44309674  0.44309674  0.42707642  
5_0_0      0.02294159  0.02294159  0.00000000  0.00000000  0.15681327  0.15681327  0.32090312  0.32090312  0.32090312  0.41194526  0.39548716  0.33489872  0.39659140  0.48426275  0.51844997  0.37244365  0.42853980  0.44309674  0.44309674  0.42707642  
17_0_0     0.16727584  0.16727584  0.15681327  0.15681327  0.00000000  0.03084584  0.37590530  0.37590530  0.37590530  0.45979274  0.44176843  0.39152218  0.34491473  0.45979274  0.45475993  0.35459044  0.50616677  0.43024553  0.43024553  0.41447865  
11_0_0     0.16727584  0.16727584  0.15681327  0.15681327  0.03084584  0.00000000  0.40767854  0.40767854  0.40767854  0.45979274  0.44176843  0.39152218  0.37576848  0.49806921  0.49222245  0.38428390  0.45000462  0.48101020  0.48101020  0.46346930  
13_0_0     0.32090312  0.32090312  0.32090312  0.32090312  0.37590530  0.40767854  0.00000000  0.00000000  0.00000000  0.16307364  0.17339943  0.15297089  0.68202640  0.58561528  0.67937611  0.52898037  0.52898037  0.60540947  0.60540947  0.62849992  
9_0_0      0.32090312  0.32090312  0.32090312  0.32090312  0.37590530  0.40767854  0.00000000  0.00000000  0.00000000  0.16307364  0.17339943  0.15297089  0.68202640  0.58561528  0.67937611  0.52898037  0.52898037  0.60540947  0.60540947  0.62849992  
7_0_0      0.32090312  0.32090312  0.32090312  0.32090312  0.37590530  0.40767854  0.00000000  0.00000000  0.00000000  0.16307364  0.17339943  0.15297089  0.68202640  0.58561528  0.67937611  0.52898037  0.52898037  0.60540947  0.60540947  0.62849992  
8_0_0      0.41194526  0.41194526  0.41194526  0.41194526  0.45979274  0.45979274  0.16307364  0.16307364  0.16307364  0.00000000  0.00752286  0.09775178  0.42900364  0.53294873  0.61798252  0.48145633  0.49923464  0.72526100  0.72526100  0.75604544  
18_0_0     0.39548716  0.39548716  0.39548716  0.39548716  0.44176843  0.44176843  0.17339943  0.17339943  0.17339943  0.00752286  0.00000000  0.10688073  0.44670776  0.55472377  0.64395287  0.46314420  0.51819803  0.69637814  0.69637814  0.72526100  
19_0_0     0.33489872  0.33489872  0.33489872  0.33489872  0.39152218  0.39152218  0.15297089  0.15297089  0.15297089  0.09775178  0.10688073  0.00000000  0.56984306  0.51214247  0.59337860  0.50051470  0.44656249  0.66037551  0.66037551  0.68767570  
16_0_0     0.39659140  0.39659140  0.39659140  0.39659140  0.34491473  0.37576848  0.68202640  0.68202640  0.68202640  0.42900364  0.44670776  0.56984306  0.00000000  0.25286786  0.25059399  0.24847931  0.42100725  0.47688386  0.47688386  0.45968529  
6_0_0      0.48426275  0.48426275  0.48426275  0.48426275  0.45979274  0.49806921  0.58561528  0.58561528  0.58561528  0.53294873  0.55472377  0.51214247  0.25286786  0.00000000  0.09852259  0.17631948  0.42100725  0.56239028  0.56239028  0.54227882  
14_0_0     0.51844997  0.51844997  0.51844997  0.51844997  0.45475993  0.49222245  0.67937611  0.67937611  0.67937611  0.61798252  0.64395287  0.59337860  0.25059399  0.09852259  0.00000000  0.17479324  0.46753484  0.57773491  0.57773491  0.55720923  
15_0_0     0.35758617  0.35758617  0.37244365  0.37244365  0.35459044  0.38428390  0.52898037  0.52898037  0.52898037  0.48145633  0.46314420  0.50051470  0.24847931  0.17631948  0.17479324  0.00000000  0.42100725  0.46950467  0.46950467  0.45295220  
20_0_0     0.41215258  0.41215258  0.42853980  0.42853980  0.50616677  0.45000462  0.52898037  0.52898037  0.52898037  0.49923464  0.51819803  0.44656249  0.42100725  0.42100725  0.46753484  0.42100725  0.00000000  0.42707642  0.42707642  0.44309674  
1_0_0      0.49473903  0.49473903  0.44309674  0.44309674  0.43024553  0.48101020  0.60540947  0.60540947  0.60540947  0.72526100  0.69637814  0.66037551  0.47688386  0.56239028  0.57773491  0.46950467  0.42707642  0.00000000  0.00000000  0.00752286  
2_0_0      0.49473903  0.49473903  0.44309674  0.44309674  0.43024553  0.48101020  0.60540947  0.60540947  0.60540947  0.72526100  0.69637814  0.66037551  0.47688386  0.56239028  0.57773491  0.46950467  0.42707642  0.00000000  0.00000000  0.00752286  
3_0_0      0.47688386  0.47688386  0.42707642  0.42707642  0.41447865  0.46346930  0.62849992  0.62849992  0.62849992  0.75604544  0.72526100  0.68767570  0.45968529  0.54227882  0.55720923  0.45295220  0.44309674  0.00752286  0.00752286  0.00000000  

