20
4_0_0      0.00000000  0.00000000  0.05486555  0.05486555  0.15597639  0.13594746  0.34016565  0.34016565  0.35420610  0.39895677  0.42728214  0.42733570  0.42733570  0.53549770  0.41877895  0.41058964  0.36025785  0.41877895  0.41877895  0.43550324  
12_0_0     0.00000000  0.00000000  0.05486555  0.05486555  0.15597639  0.13594746  0.34016565  0.34016565  0.35420610  0.39895677  0.42728214  0.42733570  0.42733570  0.53549770  0.41877895  0.41058964  0.36025785  0.41877895  0.41877895  0.43550324  
10_0_0     0.05486555  0.05486555  0.00000000  0.00000000  0.16488339  0.18599904  0.42728214  0.42728214  0.41113802  0.44398472  0.47452225  0.42294150  0.47594758  0.43550324  0.39895677  0.36025785  0.38697374  0.48420764  0.48420764  0.46591086  
5_0_0      0.05486555  0.05486555  0.00000000  0.00000000  0.16488339  0.18599904  0.42728214  0.42728214  0.41113802  0.44398472  0.47452225  0.42294150  0.47594758  0.43550324  0.39895677  0.36025785  0.38697374  0.48420764  0.48420764  0.46591086  
17_0_0     0.15597639  0.15597639  0.16488339  0.16488339  0.00000000  0.03081326  0.36571157  0.36571157  0.38038398  0.33764004  0.36295650  0.29185719  0.43997180  0.47079669  0.44828212  0.39058328  0.37182369  0.44828212  0.44828212  0.43127433  
11_0_0     0.13594746  0.13594746  0.18599904  0.18599904  0.03081326  0.00000000  0.38038398  0.38038398  0.39551621  0.32419342  0.34893135  0.33172483  0.47594758  0.50887448  0.48420764  0.45762474  0.40261454  0.44828212  0.44828212  0.46591086  
13_0_0     0.34016565  0.34016565  0.42728214  0.42728214  0.36571157  0.38038398  0.00000000  0.00000000  0.01516090  0.15889857  0.17790346  0.21410053  0.38928109  0.44893977  0.37462540  0.41999840  0.46590270  0.44532513  0.44532513  0.46198444  
9_0_0      0.34016565  0.34016565  0.42728214  0.42728214  0.36571157  0.38038398  0.00000000  0.00000000  0.01516090  0.15889857  0.17790346  0.21410053  0.38928109  0.44893977  0.37462540  0.41999840  0.46590270  0.44532513  0.44532513  0.46198444  
7_0_0      0.35420610  0.35420610  0.41113802  0.41113802  0.38038398  0.39551621  0.01516090  0.01516090  0.00000000  0.16868242  0.18799003  0.21410053  0.37462540  0.43255255  0.34658447  0.40439554  0.46590270  0.44532513  0.44532513  0.46198444  
8_0_0      0.39895677  0.39895677  0.44398472  0.44398472  0.33764004  0.32419342  0.15889857  0.15889857  0.16868242  0.00000000  0.02278192  0.12434698  0.41113802  0.45691763  0.39551621  0.41113802  0.52068950  0.44532513  0.44532513  0.46198444  
18_0_0     0.42728214  0.42728214  0.47452225  0.47452225  0.36295650  0.34893135  0.17790346  0.17790346  0.18799003  0.02278192  0.00000000  0.13298882  0.43993230  0.48800005  0.42352417  0.40765530  0.51571597  0.44195757  0.44195757  0.45832395  
19_0_0     0.42733570  0.42733570  0.42294150  0.42294150  0.29185719  0.33172483  0.21410053  0.21410053  0.21410053  0.12434698  0.13298882  0.00000000  0.38357446  0.39551621  0.39895677  0.41484525  0.48800005  0.44893977  0.44893977  0.43255255  
16_0_0     0.42733570  0.42733570  0.47594758  0.47594758  0.43997180  0.47594758  0.38928109  0.38928109  0.37462540  0.41113802  0.43993230  0.38357446  0.00000000  0.19871315  0.17532581  0.17854224  0.47008102  0.50172813  0.50172813  0.48348326  
6_0_0      0.53549770  0.53549770  0.43550324  0.43550324  0.47079669  0.50887448  0.44893977  0.44893977  0.43255255  0.45691763  0.48800005  0.39551621  0.19871315  0.00000000  0.06323095  0.15597639  0.54042594  0.51571597  0.51571597  0.49713319  
14_0_0     0.41877895  0.41877895  0.39895677  0.39895677  0.44828212  0.48420764  0.37462540  0.37462540  0.34658447  0.39551621  0.42352417  0.39895677  0.17532581  0.06323095  0.00000000  0.14465253  0.47923909  0.51104014  0.51104014  0.52997359  
15_0_0     0.41058964  0.41058964  0.36025785  0.36025785  0.39058328  0.45762474  0.41999840  0.41999840  0.40439554  0.41113802  0.40765530  0.41484525  0.17854224  0.15597639  0.14465253  0.00000000  0.45280321  0.56100353  0.56100353  0.54042594  
20_0_0     0.36025785  0.36025785  0.38697374  0.38697374  0.37182369  0.40261454  0.46590270  0.46590270  0.46590270  0.52068950  0.51571597  0.48800005  0.47008102  0.54042594  0.47923909  0.45280321  0.00000000  0.41113802  0.41113802  0.39551621  
1_0_0      0.41877895  0.41877895  0.48420764  0.48420764  0.44828212  0.44828212  0.44532513  0.44532513  0.44532513  0.44532513  0.44195757  0.44893977  0.50172813  0.51571597  0.51104014  0.56100353  0.41113802  0.00000000  0.00000000  0.00752095  
2_0_0      0.41877895  0.41877895  0.48420764  0.48420764  0.44828212  0.44828212  0.44532513  0.44532513  0.44532513  0.44532513  0.44195757  0.44893977  0.50172813  0.51571597  0.51104014  0.56100353  0.41113802  0.00000000  0.00000000  0.00752095  
3_0_0      0.43550324  0.43550324  0.46591086  0.46591086  0.43127433  0.46591086  0.46198444  0.46198444  0.46198444  0.46198444  0.45832395  0.43255255  0.48348326  0.49713319  0.52997359  0.54042594  0.39551621  0.00752095  0.00752095  0.00000000  

