20
4_0_0      0.00000000  0.00000000  0.03878731  0.03878731  0.14309167  0.14309167  0.28624586  0.28624586  0.29681534  0.30935121  0.32221124  0.32023650  0.36291553  0.42295267  0.46454465  0.40407159  0.46118808  0.49433561  0.51166734  0.52962492  
12_0_0     0.00000000  0.00000000  0.03878731  0.03878731  0.14309167  0.14309167  0.28624586  0.28624586  0.29681534  0.30935121  0.32221124  0.32023650  0.36291553  0.42295267  0.46454465  0.40407159  0.46118808  0.49433561  0.51166734  0.52962492  
10_0_0     0.03878731  0.03878731  0.00000000  0.01515391  0.18358709  0.18358709  0.27416587  0.27416587  0.28458767  0.29681534  0.30935121  0.33326402  0.40725041  0.43916688  0.52054663  0.41952848  0.44470975  0.52962492  0.54825523  0.56761065  
5_0_0      0.03878731  0.03878731  0.01515391  0.00000000  0.18358709  0.18358709  0.29862657  0.29862657  0.30935121  0.32221124  0.33541263  0.36038973  0.37725915  0.40725041  0.48252034  0.41952848  0.41330571  0.52962492  0.54825523  0.56761065  
17_0_0     0.14309167  0.14309167  0.18358709  0.18358709  0.00000000  0.00000000  0.30935121  0.30935121  0.32023650  0.32023650  0.33326402  0.30589518  0.36963099  0.41330571  0.48666020  0.39574129  0.50149148  0.48553199  0.50199813  0.51902814  
11_0_0     0.14309167  0.14309167  0.18358709  0.18358709  0.00000000  0.00000000  0.30935121  0.30935121  0.32023650  0.32023650  0.33326402  0.30589518  0.36963099  0.41330571  0.48666020  0.39574129  0.50149148  0.48553199  0.50199813  0.51902814  
13_0_0     0.28624586  0.28624586  0.27416587  0.29862657  0.30935121  0.30935121  0.00000000  0.00000000  0.01508116  0.16083835  0.18107538  0.21164615  0.48252034  0.48252034  0.42199792  0.49608027  0.41063121  0.49172031  0.50968513  0.49172031  
9_0_0      0.28624586  0.28624586  0.27416587  0.29862657  0.30935121  0.30935121  0.00000000  0.00000000  0.01508116  0.16083835  0.18107538  0.21164615  0.48252034  0.48252034  0.42199792  0.49608027  0.41063121  0.49172031  0.50968513  0.49172031  
7_0_0      0.29681534  0.29681534  0.28458767  0.30935121  0.32023650  0.32023650  0.01508116  0.01508116  0.00000000  0.16182557  0.16182557  0.21306394  0.46012076  0.46012076  0.40204497  0.47327277  0.40725041  0.48781337  0.50545772  0.48781337  
8_0_0      0.30935121  0.30935121  0.29681534  0.32221124  0.32023650  0.32023650  0.16083835  0.16083835  0.16182557  0.00000000  0.01515391  0.17085395  0.42658676  0.48666020  0.53484371  0.47327277  0.51893364  0.41330571  0.42875991  0.44470975  
18_0_0     0.32221124  0.32221124  0.30935121  0.33541263  0.33326402  0.33326402  0.18107538  0.18107538  0.16182557  0.01515391  0.00000000  0.19151129  0.42658676  0.48666020  0.53484371  0.47327277  0.51893364  0.41330571  0.42875991  0.44470975  
19_0_0     0.32023650  0.32023650  0.33326402  0.36038973  0.30589518  0.30589518  0.21164615  0.21164615  0.21306394  0.17085395  0.19151129  0.00000000  0.50029163  0.50029163  0.52926301  0.46118808  0.55292269  0.45119981  0.48415637  0.50149148  
16_0_0     0.36291553  0.36291553  0.40725041  0.37725915  0.36963099  0.36963099  0.48252034  0.48252034  0.46012076  0.42658676  0.42658676  0.50029163  0.00000000  0.19032581  0.21460902  0.18107538  0.49172031  0.58305187  0.60450141  0.62691786  
6_0_0      0.42295267  0.42295267  0.43916688  0.40725041  0.41330571  0.41330571  0.48252034  0.48252034  0.46012076  0.48666020  0.48666020  0.50029163  0.19032581  0.00000000  0.14410617  0.17085395  0.51893364  0.73821117  0.76714126  0.73821117  
14_0_0     0.46454465  0.46454465  0.52054663  0.48252034  0.48666020  0.48666020  0.42199792  0.42199792  0.40204497  0.53484371  0.53484371  0.52926301  0.21460902  0.14410617  0.00000000  0.15291063  0.47327277  0.60450141  0.62691786  0.60450141  
15_0_0     0.40407159  0.40407159  0.41952848  0.41952848  0.39574129  0.39574129  0.49608027  0.49608027  0.47327277  0.47327277  0.47327277  0.46118808  0.18107538  0.17085395  0.15291063  0.00000000  0.52396123  0.70286322  0.78736695  0.75757499  
20_0_0     0.46118808  0.46118808  0.44470975  0.41330571  0.50149148  0.50149148  0.41063121  0.41063121  0.40725041  0.51893364  0.51893364  0.55292269  0.49172031  0.51893364  0.47327277  0.52396123  0.00000000  0.49172031  0.45762748  0.49172031  
1_0_0      0.49433561  0.49433561  0.52962492  0.52962492  0.48553199  0.48553199  0.49172031  0.49172031  0.48781337  0.41330571  0.41330571  0.45119981  0.58305187  0.73821117  0.60450141  0.70286322  0.49172031  0.00000000  0.02290759  0.03078408  
2_0_0      0.51166734  0.51166734  0.54825523  0.54825523  0.50199813  0.50199813  0.50968513  0.50968513  0.50545772  0.42875991  0.42875991  0.48415637  0.60450141  0.76714126  0.62691786  0.78736695  0.45762748  0.02290759  0.00000000  0.02290759  
3_0_0      0.52962492  0.52962492  0.56761065  0.56761065  0.51902814  0.51902814  0.49172031  0.49172031  0.48781337  0.44470975  0.44470975  0.50149148  0.62691786  0.73821117  0.60450141  0.75757499  0.49172031  0.03078408  0.02290759  0.00000000  

