26
97_3_0     0.00000000  0.29512358  0.29512358  0.30131292  0.30131292  0.28290000  0.43757700  0.44510555  0.41544586  0.35951094  0.35951094  0.34617156  0.51659912  0.49198244  0.49198244  0.52499250  0.55956470  0.54207414  0.64390765  0.63404083  0.53348341  0.49198244  0.49198244  0.49198244  0.49198244  0.49198244  
27_7_0     0.29512358  0.00000000  0.00000000  0.03800869  0.03800869  0.06001146  0.32020186  0.35281081  0.33959209  0.26493970  0.26493970  0.31385114  0.51659912  0.50009620  0.43757700  0.43757700  0.48395779  0.48395779  0.51659912  0.53348341  0.48395779  0.50830107  0.49198244  0.49198244  0.50830107  0.50830107  
76_7_0     0.29512358  0.00000000  0.00000000  0.03800869  0.03800869  0.06001146  0.32020186  0.35281081  0.33959209  0.26493970  0.26493970  0.31385114  0.51659912  0.50009620  0.43757700  0.43757700  0.48395779  0.48395779  0.51659912  0.53348341  0.48395779  0.50830107  0.49198244  0.49198244  0.50830107  0.50830107  
76_3_0     0.30131292  0.03800869  0.03800869  0.00000000  0.00000000  0.04673045  0.32020186  0.32660827  0.32660827  0.26493970  0.26493970  0.31385114  0.52499250  0.50830107  0.44510555  0.44510555  0.49198244  0.49198244  0.51659912  0.55076709  0.48395779  0.54207414  0.52499250  0.52499250  0.54207414  0.52499250  
27_3_0     0.30131292  0.03800869  0.03800869  0.00000000  0.00000000  0.04673045  0.32020186  0.32660827  0.32660827  0.26493970  0.26493970  0.31385114  0.52499250  0.50830107  0.44510555  0.44510555  0.49198244  0.49198244  0.51659912  0.55076709  0.48395779  0.54207414  0.52499250  0.52499250  0.54207414  0.52499250  
41_3_0     0.28290000  0.06001146  0.06001146  0.04673045  0.04673045  0.00000000  0.27087755  0.28898623  0.28898623  0.23029159  0.23029159  0.28898623  0.51659912  0.50009620  0.43757700  0.43757700  0.50009620  0.48395779  0.48395779  0.56846953  0.48395779  0.50009620  0.49198244  0.49198244  0.50830107  0.50830107  
91_4_0     0.43757700  0.32020186  0.32020186  0.32020186  0.32020186  0.27087755  0.00000000  0.02087140  0.09665497  0.12539633  0.11568972  0.19184186  0.43012523  0.42274868  0.37309838  0.39396538  0.43012523  0.37998805  0.40105561  0.49198244  0.46039945  0.40821531  0.41544586  0.41544586  0.43757700  0.45271249  
100_4_0    0.44510555  0.35281081  0.35281081  0.32660827  0.32660827  0.28898623  0.02087140  0.00000000  0.11088434  0.12052690  0.11088434  0.19184186  0.41544586  0.40821531  0.37309838  0.39396538  0.43012523  0.37998805  0.40821531  0.48395779  0.46039945  0.41544586  0.42274868  0.42274868  0.44510555  0.44510555  
46_4_0     0.41544586  0.33959209  0.33959209  0.32660827  0.32660827  0.28898623  0.09665497  0.11088434  0.00000000  0.11568972  0.10611036  0.18121787  0.42274868  0.43012523  0.37309838  0.40105561  0.41544586  0.37998805  0.37309838  0.46039945  0.39396538  0.35281081  0.37309838  0.37309838  0.37998805  0.39396538  
72_4_0     0.35951094  0.26493970  0.26493970  0.26493970  0.26493970  0.23029159  0.12539633  0.12052690  0.11568972  0.00000000  0.01664916  0.14520517  0.40105561  0.40821531  0.36627308  0.37998805  0.40821531  0.37309838  0.37998805  0.41544586  0.43757700  0.35281081  0.35951094  0.35951094  0.36627308  0.35281081  
59_4_0     0.35951094  0.26493970  0.26493970  0.26493970  0.26493970  0.23029159  0.11568972  0.11088434  0.10611036  0.01664916  0.00000000  0.14520517  0.41544586  0.42274868  0.37998805  0.39396538  0.40821531  0.38694329  0.37998805  0.44510555  0.43757700  0.36627308  0.37309838  0.37309838  0.37998805  0.36627308  
42_3_0     0.34617156  0.31385114  0.31385114  0.31385114  0.31385114  0.28898623  0.19184186  0.19184186  0.18121787  0.14520517  0.14520517  0.00000000  0.42274868  0.41544586  0.37998805  0.40821531  0.40821531  0.37998805  0.43757700  0.48395779  0.46039945  0.35281081  0.35281081  0.35281081  0.35951094  0.35951094  
100_0_0    0.51659912  0.51659912  0.51659912  0.52499250  0.52499250  0.51659912  0.43012523  0.41544586  0.42274868  0.40105561  0.41544586  0.42274868  0.00000000  0.03800869  0.07810353  0.06900150  0.12539633  0.09197277  0.28898623  0.27087755  0.19184186  0.19184186  0.18121787  0.18121787  0.19721235  0.20262260  
91_0_0     0.49198244  0.50009620  0.50009620  0.50830107  0.50830107  0.50009620  0.42274868  0.40821531  0.43012523  0.40821531  0.42274868  0.41544586  0.03800869  0.00000000  0.06449265  0.05555758  0.13029842  0.09665497  0.28290000  0.27686405  0.18651056  0.19184186  0.18121787  0.18121787  0.18651056  0.20262260  
72_0_0     0.49198244  0.43757700  0.43757700  0.44510555  0.44510555  0.43757700  0.37309838  0.37309838  0.37309838  0.36627308  0.37998805  0.37998805  0.07810353  0.06449265  0.00000000  0.01664916  0.11568972  0.08269742  0.24165938  0.28290000  0.21356479  0.19721235  0.18651056  0.18651056  0.20262260  0.20807321  
59_0_0     0.52499250  0.43757700  0.43757700  0.44510555  0.44510555  0.43757700  0.39396538  0.39396538  0.40105561  0.37998805  0.39396538  0.40821531  0.06900150  0.05555758  0.01664916  0.00000000  0.10611036  0.08269742  0.24165938  0.27087755  0.21356479  0.19721235  0.18651056  0.18651056  0.20262260  0.19721235  
42_5_0     0.55956470  0.48395779  0.48395779  0.49198244  0.49198244  0.50009620  0.43012523  0.43012523  0.41544586  0.40821531  0.40821531  0.40821531  0.12539633  0.13029842  0.11568972  0.10611036  0.00000000  0.04673045  0.31385114  0.28898623  0.23595338  0.19184186  0.19184186  0.19184186  0.19721235  0.19184186  
42_0_0     0.54207414  0.48395779  0.48395779  0.49198244  0.49198244  0.48395779  0.37998805  0.37998805  0.37998805  0.37309838  0.38694329  0.37998805  0.09197277  0.09665497  0.08269742  0.08269742  0.04673045  0.00000000  0.27686405  0.27686405  0.19721235  0.17074615  0.17074615  0.17074615  0.17596325  0.18121787  
41_6_0     0.64390765  0.51659912  0.51659912  0.51659912  0.51659912  0.48395779  0.40105561  0.40821531  0.37309838  0.37998805  0.37998805  0.43757700  0.28898623  0.28290000  0.24165938  0.24165938  0.31385114  0.27686405  0.00000000  0.23029159  0.30755513  0.27087755  0.25904971  0.25904971  0.27686405  0.28898623  
97_6_0     0.63404083  0.53348341  0.53348341  0.55076709  0.55076709  0.56846953  0.49198244  0.48395779  0.46039945  0.41544586  0.44510555  0.48395779  0.27087755  0.27686405  0.28290000  0.27087755  0.28898623  0.27686405  0.23029159  0.00000000  0.31385114  0.25904971  0.27087755  0.27087755  0.26493970  0.26493970  
41_0_0     0.53348341  0.48395779  0.48395779  0.48395779  0.48395779  0.48395779  0.46039945  0.46039945  0.39396538  0.43757700  0.43757700  0.46039945  0.19184186  0.18651056  0.21356479  0.21356479  0.23595338  0.19721235  0.30755513  0.31385114  0.00000000  0.20262260  0.20262260  0.20262260  0.20807321  0.21909795  
29_0_0     0.49198244  0.50830107  0.50830107  0.54207414  0.54207414  0.50009620  0.40821531  0.41544586  0.35281081  0.35281081  0.36627308  0.35281081  0.19184186  0.19184186  0.19721235  0.19721235  0.19184186  0.17074615  0.27087755  0.25904971  0.20262260  0.00000000  0.01664916  0.01664916  0.02087140  0.02938980  
39_0_0     0.49198244  0.49198244  0.49198244  0.52499250  0.52499250  0.49198244  0.41544586  0.42274868  0.37309838  0.35951094  0.37309838  0.35281081  0.18121787  0.18121787  0.18651056  0.18651056  0.19184186  0.17074615  0.25904971  0.27087755  0.20262260  0.01664916  0.00000000  0.00000000  0.02087140  0.02938980  
26_0_0     0.49198244  0.49198244  0.49198244  0.52499250  0.52499250  0.49198244  0.41544586  0.42274868  0.37309838  0.35951094  0.37309838  0.35281081  0.18121787  0.18121787  0.18651056  0.18651056  0.19184186  0.17074615  0.25904971  0.27087755  0.20262260  0.01664916  0.00000000  0.00000000  0.02087140  0.02938980  
38_0_0     0.49198244  0.50830107  0.50830107  0.54207414  0.54207414  0.50830107  0.43757700  0.44510555  0.37998805  0.36627308  0.37998805  0.35951094  0.19721235  0.18651056  0.20262260  0.20262260  0.19721235  0.17596325  0.27686405  0.26493970  0.20807321  0.02087140  0.02087140  0.02087140  0.00000000  0.01664916  
61_0_0     0.49198244  0.50830107  0.50830107  0.52499250  0.52499250  0.50830107  0.45271249  0.44510555  0.39396538  0.35281081  0.36627308  0.35951094  0.20262260  0.20262260  0.20807321  0.19721235  0.19184186  0.18121787  0.28898623  0.26493970  0.21909795  0.02938980  0.02938980  0.02938980  0.01664916  0.00000000  

