6
7_0_0      0.00000000  0.00000000  0.00604859  0.03705087  0.04340921  0.03074633  
8_0_0      0.00000000  0.00000000  0.00604859  0.03705087  0.04340921  0.03074633  
4_0_0      0.00604859  0.00604859  0.00000000  0.03074633  0.03705087  0.02449471  
1_0_0      0.03705087  0.03705087  0.03074633  0.00000000  0.01829511  0.00604859  
5_0_0      0.04340921  0.04340921  0.03705087  0.01829511  0.00000000  0.01214668  
2_0_0      0.03074633  0.03074633  0.02449471  0.00604859  0.01214668  0.00000000  

