20
8_0_0      0.00000000  0.01011799  0.07639567  0.24236793  0.29696822  0.29696822  0.31639232  0.48855550  0.34117377  0.29764122  0.31216180  0.29764122  0.21677693  0.21677693  0.21677693  0.23249394  0.26576207  0.30181851  0.24880667  0.42479252  
18_0_0     0.01011799  0.00000000  0.06461622  0.22560555  0.27798808  0.27798808  0.29764122  0.46293441  0.32104651  0.27967300  0.29386451  0.27967300  0.20161365  0.20161365  0.20161365  0.21677693  0.24880667  0.28341286  0.23249394  0.40081839  
19_0_0     0.07639567  0.06461622  0.00000000  0.29696822  0.35951472  0.35951472  0.26242489  0.35368343  0.32104651  0.21447625  0.22758453  0.21447625  0.23249394  0.23249394  0.23249394  0.28341286  0.21677693  0.24880667  0.23249394  0.35653872  
7_0_0      0.24236793  0.22560555  0.29696822  0.00000000  0.03109673  0.03109673  0.54563083  0.69529573  0.52550896  0.51508475  0.53483659  0.51508475  0.44208912  0.44208912  0.49586931  0.37224159  0.52550896  0.59171767  0.55734155  0.45981525  
13_0_0     0.29696822  0.27798808  0.35951472  0.03109673  0.00000000  0.00000000  0.65292685  0.73862066  0.55734155  0.54563083  0.56634632  0.54563083  0.52550896  0.52550896  0.59171767  0.44208912  0.55734155  0.62907938  0.59171767  0.54563083  
9_0_0      0.29696822  0.27798808  0.35951472  0.03109673  0.00000000  0.00000000  0.65292685  0.73862066  0.55734155  0.54563083  0.56634632  0.54563083  0.52550896  0.52550896  0.59171767  0.44208912  0.55734155  0.62907938  0.59171767  0.54563083  
15_0_0     0.31639232  0.29764122  0.26242489  0.54563083  0.65292685  0.65292685  0.00000000  0.18381547  0.30181851  0.31639232  0.33127155  0.31639232  0.26576207  0.26576207  0.26576207  0.32104651  0.30181851  0.34117377  0.30181851  0.37810941  
16_0_0     0.48855550  0.46293441  0.35368343  0.69529573  0.73862066  0.73862066  0.18381547  0.00000000  0.42153529  0.39412005  0.41074295  0.39412005  0.39915343  0.39915343  0.35760503  0.42153529  0.42153529  0.44514510  0.42153529  0.40472302  
14_0_0     0.34117377  0.32104651  0.32104651  0.52550896  0.55734155  0.55734155  0.30181851  0.42153529  0.00000000  0.17658853  0.18898736  0.17658853  0.13679135  0.13679135  0.13679135  0.20947155  0.11083954  0.16440882  0.16440882  0.40790509  
1_0_0      0.29764122  0.27967300  0.21447625  0.51508475  0.54563083  0.54563083  0.31639232  0.39412005  0.17658853  0.00000000  0.01007940  0.00000000  0.07540096  0.07540096  0.07540096  0.11219937  0.07540096  0.12519946  0.12519946  0.47716164  
2_0_0      0.31216180  0.29386451  0.22758453  0.53483659  0.56634632  0.56634632  0.33127155  0.41074295  0.18898736  0.01007940  0.00000000  0.01007940  0.08636385  0.08636385  0.08636385  0.12361989  0.08636385  0.13679135  0.13679135  0.49586931  
3_0_0      0.29764122  0.27967300  0.21447625  0.51508475  0.54563083  0.54563083  0.31639232  0.39412005  0.17658853  0.00000000  0.01007940  0.00000000  0.07540096  0.07540096  0.07540096  0.11219937  0.07540096  0.12519946  0.12519946  0.47716164  
4_0_0      0.21677693  0.20161365  0.23249394  0.44208912  0.52550896  0.52550896  0.26576207  0.39915343  0.13679135  0.07540096  0.08636385  0.07540096  0.00000000  0.00000000  0.02047956  0.05315056  0.06461622  0.08850658  0.08850658  0.45893539  
12_0_0     0.21677693  0.20161365  0.23249394  0.44208912  0.52550896  0.52550896  0.26576207  0.39915343  0.13679135  0.07540096  0.08636385  0.07540096  0.00000000  0.00000000  0.02047956  0.05315056  0.06461622  0.08850658  0.08850658  0.45893539  
10_0_0     0.21677693  0.20161365  0.23249394  0.49586931  0.59171767  0.59171767  0.26576207  0.35760503  0.13679135  0.07540096  0.08636385  0.07540096  0.02047956  0.02047956  0.00000000  0.07639567  0.06461622  0.08850658  0.08850658  0.45893539  
5_0_0      0.23249394  0.21677693  0.28341286  0.37224159  0.44208912  0.44208912  0.32104651  0.42153529  0.20947155  0.11219937  0.12361989  0.11219937  0.05315056  0.05315056  0.07639567  0.00000000  0.12702877  0.15476953  0.12702877  0.43266444  
6_0_0      0.26576207  0.24880667  0.21677693  0.52550896  0.55734155  0.55734155  0.30181851  0.42153529  0.11083954  0.07540096  0.08636385  0.07540096  0.06461622  0.06461622  0.06461622  0.12702877  0.00000000  0.04198242  0.04198242  0.51683972  
17_0_0     0.30181851  0.28341286  0.24880667  0.59171767  0.62907938  0.62907938  0.34117377  0.44514510  0.16440882  0.12519946  0.13679135  0.12519946  0.08850658  0.08850658  0.08850658  0.15476953  0.04198242  0.00000000  0.06461622  0.40790509  
11_0_0     0.24880667  0.23249394  0.23249394  0.55734155  0.59171767  0.59171767  0.30181851  0.42153529  0.16440882  0.12519946  0.13679135  0.12519946  0.08850658  0.08850658  0.08850658  0.12702877  0.04198242  0.06461622  0.00000000  0.45893539  
20_0_0     0.42479252  0.40081839  0.35653872  0.45981525  0.54563083  0.54563083  0.37810941  0.40472302  0.40790509  0.47716164  0.49586931  0.47716164  0.45893539  0.45893539  0.45893539  0.43266444  0.51683972  0.40790509  0.45893539  0.00000000  

