127
12_2_0     0.00000000  0.16529182  0.32122164  0.32122164  0.32122164  0.34237446  0.32820498  0.24223210  0.28726926  0.27411670  0.28726926  0.22374645  0.22985669  0.32820498  0.36415583  0.30745142  0.28066348  0.30066211  0.60647839  0.59629317  0.45839444  0.49270640  0.51953720  0.50154134  0.51953720  0.53798598  0.54738745  0.53798598  0.54738745  0.56656003  0.56656003  0.59629317  0.60647839  0.56656003  0.50154134  0.55691106  0.54738745  0.47534969  0.47534969  0.47534969  0.55691106  0.51953720  0.50154134  0.61680712  0.48397668  0.52870356  0.53798598  0.59629317  0.63791168  0.63791168  0.60647839  0.50154134  0.54738745  0.49270640  0.52870356  0.46682305  0.48397668  0.50154134  0.51953720  0.47534969  0.47534969  0.54738745  0.50154134  0.50154134  0.55691106  0.56656003  0.56656003  0.57633769  0.52870356  0.60647839  0.60647839  0.46682305  0.51048405  0.50154134  0.51048405  0.51048405  0.62728345  0.65964188  0.45839444  0.50154134  0.48397668  0.48397668  0.52870356  0.51953720  0.52870356  0.51048405  0.48397668  0.49270640  0.47534969  0.48397668  0.49270640  0.56656003  0.54738745  0.51953720  0.51048405  0.53798598  0.53798598  0.53798598  0.51953720  0.47534969  0.47534969  0.56656003  0.50154134  0.46682305  0.47534969  0.47534969  0.48397668  0.48397668  0.52870356  0.49270640  0.52870356  0.55691106  0.57633769  0.51048405  0.43367493  0.45839444  0.46682305  0.45839444  0.47534969  0.48397668  0.45006164  0.50154134  0.43367493  0.45006164  0.46682305  0.48397668  0.50154134  
12_0_0     0.16529182  0.00000000  0.30066211  0.29393510  0.31430420  0.31430420  0.32122164  0.25482002  0.29393510  0.27411670  0.28726926  0.24849904  0.23601828  0.32820498  0.34956325  0.32122164  0.29393510  0.29393510  0.57633769  0.56656003  0.45006164  0.50154134  0.53798598  0.53798598  0.54738745  0.51048405  0.52870356  0.51953720  0.51048405  0.53798598  0.53798598  0.54738745  0.54738745  0.53798598  0.54738745  0.53798598  0.53798598  0.50154134  0.51048405  0.55691106  0.58624753  0.48397668  0.48397668  0.60647839  0.47534969  0.53798598  0.54738745  0.51953720  0.67075340  0.68203595  0.58624753  0.50154134  0.58624753  0.54738745  0.58624753  0.50154134  0.52870356  0.54738745  0.59629317  0.45839444  0.45839444  0.47534969  0.48397668  0.47534969  0.53798598  0.51953720  0.51953720  0.51048405  0.49270640  0.51953720  0.58624753  0.51953720  0.56656003  0.56656003  0.51953720  0.51048405  0.56656003  0.61680712  0.47534969  0.43367493  0.47534969  0.45839444  0.53798598  0.51048405  0.53798598  0.56656003  0.50154134  0.51953720  0.50154134  0.50154134  0.49270640  0.55691106  0.54738745  0.56656003  0.50154134  0.50154134  0.54738745  0.54738745  0.55691106  0.52870356  0.52870356  0.51048405  0.50154134  0.50154134  0.49270640  0.49270640  0.53798598  0.49270640  0.49270640  0.47534969  0.51953720  0.51953720  0.58624753  0.54738745  0.47534969  0.45839444  0.46682305  0.46682305  0.47534969  0.48397668  0.45006164  0.50154134  0.51048405  0.51048405  0.51048405  0.56656003  0.57633769  
10_1_0     0.32122164  0.30066211  0.00000000  0.03208202  0.05106535  0.20571551  0.19393665  0.14315550  0.14315550  0.15414011  0.16529182  0.12698118  0.13772432  0.22374645  0.19980242  0.31430420  0.30066211  0.22985669  0.48397668  0.47534969  0.43367493  0.50154134  0.45006164  0.45006164  0.46682305  0.47534969  0.43367493  0.47534969  0.46682305  0.51953720  0.51953720  0.49270640  0.49270640  0.51953720  0.48397668  0.50154134  0.43367493  0.44182250  0.50154134  0.48397668  0.51048405  0.45839444  0.44182250  0.51953720  0.40196108  0.57633769  0.60647839  0.52870356  0.56656003  0.53798598  0.52870356  0.44182250  0.51048405  0.51048405  0.50154134  0.49270640  0.48397668  0.45839444  0.51048405  0.43367493  0.43367493  0.40196108  0.39424245  0.39424245  0.39424245  0.45006164  0.45006164  0.44182250  0.43367493  0.40976185  0.53798598  0.45839444  0.46682305  0.46682305  0.45006164  0.40196108  0.50154134  0.49270640  0.44182250  0.42561692  0.44182250  0.40976185  0.41764652  0.40976185  0.48397668  0.44182250  0.37904480  0.44182250  0.44182250  0.39424245  0.39424245  0.52870356  0.48397668  0.47534969  0.45839444  0.46682305  0.48397668  0.51048405  0.54738745  0.45006164  0.45006164  0.38660424  0.44182250  0.42561692  0.44182250  0.46682305  0.45839444  0.45006164  0.47534969  0.44182250  0.46682305  0.45006164  0.53798598  0.46682305  0.43367493  0.35682323  0.36415583  0.37156251  0.37156251  0.38660424  0.34956325  0.33525549  0.47534969  0.49270640  0.49270640  0.55691106  0.51048405  
21_1_0     0.32122164  0.29393510  0.03208202  0.00000000  0.03208202  0.20571551  0.19393665  0.13233307  0.13772432  0.14862723  0.15969476  0.11639322  0.13772432  0.20571551  0.18234406  0.31430420  0.29393510  0.22985669  0.48397668  0.47534969  0.41764652  0.48397668  0.45006164  0.43367493  0.43367493  0.51048405  0.44182250  0.49270640  0.48397668  0.51953720  0.51953720  0.49270640  0.51953720  0.51953720  0.48397668  0.51953720  0.46682305  0.45006164  0.50154134  0.50154134  0.51953720  0.45839444  0.44182250  0.51953720  0.41764652  0.54738745  0.57633769  0.51953720  0.55691106  0.54738745  0.53798598  0.45839444  0.52870356  0.51953720  0.51048405  0.50154134  0.47534969  0.46682305  0.51048405  0.43367493  0.43367493  0.38660424  0.39424245  0.39424245  0.39424245  0.45839444  0.45839444  0.45006164  0.44182250  0.41764652  0.54738745  0.45839444  0.46682305  0.47534969  0.45006164  0.40196108  0.51953720  0.51048405  0.41764652  0.39424245  0.45839444  0.42561692  0.43367493  0.41764652  0.46682305  0.45839444  0.38660424  0.42561692  0.42561692  0.39424245  0.39424245  0.49270640  0.48397668  0.45839444  0.45839444  0.46682305  0.48397668  0.51048405  0.51953720  0.44182250  0.44182250  0.36415583  0.46682305  0.43367493  0.44182250  0.47534969  0.44182250  0.45006164  0.47534969  0.45839444  0.48397668  0.45839444  0.51953720  0.44182250  0.41764652  0.37156251  0.37904480  0.38660424  0.38660424  0.39424245  0.36415583  0.35682323  0.45839444  0.45839444  0.47534969  0.52870356  0.51953720  
19_1_0     0.32122164  0.31430420  0.05106535  0.03208202  0.00000000  0.21768673  0.19393665  0.15969476  0.15969476  0.17093194  0.18234406  0.14315550  0.14315550  0.21768673  0.19393665  0.28726926  0.26119597  0.25482002  0.50154134  0.49270640  0.45006164  0.51048405  0.43367493  0.43367493  0.45006164  0.51953720  0.45839444  0.48397668  0.50154134  0.51048405  0.51048405  0.48397668  0.51953720  0.51048405  0.49270640  0.54738745  0.47534969  0.45006164  0.49270640  0.49270640  0.54738745  0.44182250  0.42561692  0.51953720  0.40196108  0.55691106  0.58624753  0.53798598  0.59629317  0.58624753  0.55691106  0.46682305  0.54738745  0.51048405  0.51953720  0.49270640  0.46682305  0.46682305  0.52870356  0.44182250  0.44182250  0.39424245  0.40196108  0.40196108  0.38660424  0.45006164  0.45006164  0.44182250  0.43367493  0.42561692  0.53798598  0.50154134  0.47534969  0.51048405  0.49270640  0.39424245  0.51048405  0.50154134  0.41764652  0.40196108  0.43367493  0.40196108  0.42561692  0.41764652  0.47534969  0.45006164  0.38660424  0.43367493  0.43367493  0.38660424  0.38660424  0.51048405  0.50154134  0.45839444  0.47534969  0.48397668  0.48397668  0.51048405  0.51048405  0.45006164  0.45006164  0.38660424  0.47534969  0.46682305  0.46682305  0.51048405  0.46682305  0.45839444  0.50154134  0.46682305  0.49270640  0.47534969  0.54738745  0.49270640  0.41764652  0.39424245  0.40196108  0.39424245  0.39424245  0.40196108  0.37156251  0.34956325  0.44182250  0.44182250  0.44182250  0.52870356  0.49270640  
18_1_0     0.34237446  0.31430420  0.20571551  0.20571551  0.21768673  0.00000000  0.02277157  0.17661579  0.20571551  0.19393665  0.20571551  0.18234406  0.15969476  0.27411670  0.27411670  0.36415583  0.34956325  0.25482002  0.52870356  0.51953720  0.42561692  0.46682305  0.39424245  0.40196108  0.42561692  0.40976185  0.38660424  0.44182250  0.45839444  0.45839444  0.45839444  0.46682305  0.50154134  0.45006164  0.50154134  0.53798598  0.54738745  0.57633769  0.53798598  0.58624753  0.57633769  0.47534969  0.47534969  0.54738745  0.43367493  0.59629317  0.58624753  0.57633769  0.59629317  0.58624753  0.62728345  0.53798598  0.56656003  0.53798598  0.53798598  0.49270640  0.47534969  0.51048405  0.53798598  0.41764652  0.41764652  0.51048405  0.48397668  0.45006164  0.51048405  0.47534969  0.47534969  0.48397668  0.49270640  0.47534969  0.63791168  0.49270640  0.52870356  0.51048405  0.49270640  0.40976185  0.47534969  0.46682305  0.41764652  0.39424245  0.42561692  0.38660424  0.40976185  0.42561692  0.44182250  0.42561692  0.41764652  0.44182250  0.44182250  0.42561692  0.40976185  0.50154134  0.49270640  0.45839444  0.45839444  0.43367493  0.47534969  0.48397668  0.45839444  0.40976185  0.40976185  0.40196108  0.42561692  0.40976185  0.38660424  0.47534969  0.45006164  0.48397668  0.47534969  0.45006164  0.48397668  0.45839444  0.47534969  0.47534969  0.45006164  0.49270640  0.50154134  0.47534969  0.47534969  0.49270640  0.46682305  0.45006164  0.48397668  0.48397668  0.46682305  0.50154134  0.53798598  
7_1_0      0.32820498  0.32122164  0.19393665  0.19393665  0.19393665  0.02277157  0.00000000  0.16529182  0.19393665  0.18234406  0.19393665  0.17093194  0.13772432  0.26119597  0.26119597  0.34956325  0.33525549  0.25482002  0.49270640  0.48397668  0.41764652  0.45839444  0.38660424  0.39424245  0.41764652  0.40976185  0.38660424  0.42561692  0.45839444  0.44182250  0.44182250  0.45006164  0.48397668  0.43367493  0.47534969  0.52870356  0.51953720  0.54738745  0.54738745  0.54738745  0.58624753  0.46682305  0.46682305  0.51953720  0.45839444  0.59629317  0.60647839  0.59629317  0.57633769  0.56656003  0.62728345  0.51048405  0.57633769  0.53798598  0.53798598  0.49270640  0.47534969  0.51048405  0.53798598  0.42561692  0.42561692  0.50154134  0.47534969  0.45839444  0.48397668  0.50154134  0.50154134  0.51048405  0.50154134  0.50154134  0.61680712  0.49270640  0.52870356  0.51048405  0.49270640  0.39424245  0.46682305  0.47534969  0.43367493  0.40976185  0.44182250  0.40196108  0.39424245  0.42561692  0.44182250  0.40976185  0.40976185  0.43367493  0.43367493  0.41764652  0.40196108  0.50154134  0.49270640  0.45839444  0.45839444  0.43367493  0.45839444  0.47534969  0.42561692  0.39424245  0.39424245  0.40196108  0.39424245  0.39424245  0.37156251  0.47534969  0.43367493  0.45006164  0.44182250  0.44182250  0.47534969  0.42561692  0.45839444  0.47534969  0.45006164  0.49270640  0.50154134  0.47534969  0.47534969  0.49270640  0.46682305  0.45839444  0.48397668  0.48397668  0.45006164  0.50154134  0.51953720  
13_1_0     0.24223210  0.25482002  0.14315550  0.13233307  0.15969476  0.17661579  0.16529182  0.00000000  0.09057363  0.07055337  0.08049516  0.05106535  0.04151224  0.24849904  0.22374645  0.28726926  0.26119597  0.22985669  0.47534969  0.46682305  0.38660424  0.44182250  0.38660424  0.37156251  0.37904480  0.40976185  0.37156251  0.40976185  0.43367493  0.43367493  0.43367493  0.45839444  0.49270640  0.43367493  0.40196108  0.49270640  0.46682305  0.44182250  0.47534969  0.45006164  0.51953720  0.41764652  0.41764652  0.48397668  0.37904480  0.53798598  0.52870356  0.51953720  0.51953720  0.54738745  0.51048405  0.45006164  0.48397668  0.45839444  0.46682305  0.45006164  0.45006164  0.45006164  0.47534969  0.34237446  0.34237446  0.41764652  0.37904480  0.34956325  0.40196108  0.40976185  0.40976185  0.41764652  0.40976185  0.41764652  0.51048405  0.42561692  0.45006164  0.45839444  0.45006164  0.41764652  0.51048405  0.53798598  0.39424245  0.37156251  0.42561692  0.39424245  0.39424245  0.37156251  0.36415583  0.40196108  0.32820498  0.34237446  0.34237446  0.31430420  0.31430420  0.44182250  0.43367493  0.43367493  0.43367493  0.44182250  0.43367493  0.45006164  0.45839444  0.39424245  0.39424245  0.40196108  0.37156251  0.34956325  0.35682323  0.40976185  0.41764652  0.43367493  0.40196108  0.40976185  0.44182250  0.43367493  0.52870356  0.42561692  0.43367493  0.45006164  0.45839444  0.45006164  0.46682305  0.47534969  0.44182250  0.49270640  0.45006164  0.46682305  0.46682305  0.49270640  0.51048405  
1_1_0      0.28726926  0.29393510  0.14315550  0.13772432  0.15969476  0.20571551  0.19393665  0.09057363  0.00000000  0.03678197  0.04627323  0.06563258  0.07550741  0.26762787  0.24223210  0.31430420  0.30066211  0.24223210  0.49270640  0.48397668  0.44182250  0.48397668  0.44182250  0.42561692  0.43367493  0.45839444  0.43367493  0.47534969  0.45006164  0.48397668  0.50154134  0.50154134  0.52870356  0.50154134  0.49270640  0.54738745  0.51048405  0.50154134  0.56656003  0.50154134  0.55691106  0.46682305  0.45006164  0.52870356  0.47534969  0.55691106  0.56656003  0.52870356  0.58624753  0.57633769  0.56656003  0.50154134  0.53798598  0.54738745  0.53798598  0.53798598  0.50154134  0.51048405  0.52870356  0.45839444  0.45839444  0.44182250  0.43367493  0.40196108  0.45839444  0.45006164  0.45006164  0.45839444  0.45006164  0.45839444  0.53798598  0.45006164  0.49270640  0.46682305  0.47534969  0.45006164  0.52870356  0.51953720  0.38660424  0.42561692  0.43367493  0.41764652  0.37156251  0.34956325  0.40196108  0.40976185  0.34956325  0.37904480  0.36415583  0.36415583  0.36415583  0.52870356  0.51953720  0.47534969  0.44182250  0.43367493  0.44182250  0.46682305  0.44182250  0.40196108  0.40196108  0.39424245  0.44182250  0.39424245  0.41764652  0.42561692  0.46682305  0.48397668  0.44182250  0.40196108  0.45006164  0.40976185  0.56656003  0.48397668  0.47534969  0.47534969  0.48397668  0.47534969  0.47534969  0.48397668  0.45006164  0.48397668  0.51953720  0.53798598  0.53798598  0.55691106  0.58624753  
14_1_0     0.27411670  0.27411670  0.15414011  0.14862723  0.17093194  0.19393665  0.18234406  0.07055337  0.03678197  0.00000000  0.00902392  0.04627323  0.06563258  0.27411670  0.26119597  0.31430420  0.30066211  0.25482002  0.47534969  0.46682305  0.42561692  0.46682305  0.42561692  0.39424245  0.41764652  0.42561692  0.40196108  0.45839444  0.43367493  0.46682305  0.46682305  0.48397668  0.51048405  0.46682305  0.45839444  0.51953720  0.51048405  0.48397668  0.52870356  0.49270640  0.55691106  0.46682305  0.45006164  0.53798598  0.45839444  0.55691106  0.52870356  0.51048405  0.52870356  0.53798598  0.52870356  0.46682305  0.49270640  0.49270640  0.50154134  0.50154134  0.48397668  0.47534969  0.49270640  0.42561692  0.42561692  0.42561692  0.41764652  0.38660424  0.44182250  0.45006164  0.45006164  0.45839444  0.45006164  0.44182250  0.51048405  0.43367493  0.47534969  0.46682305  0.47534969  0.45006164  0.52870356  0.53798598  0.37156251  0.40976185  0.41764652  0.41764652  0.40196108  0.37904480  0.41764652  0.44182250  0.34956325  0.40976185  0.39424245  0.37904480  0.37904480  0.50154134  0.49270640  0.47534969  0.44182250  0.43367493  0.44182250  0.45006164  0.47534969  0.41764652  0.41764652  0.40976185  0.40976185  0.36415583  0.38660424  0.40976185  0.43367493  0.46682305  0.42561692  0.40196108  0.43367493  0.40976185  0.59629317  0.48397668  0.47534969  0.49270640  0.50154134  0.47534969  0.49270640  0.50154134  0.46682305  0.48397668  0.51048405  0.52870356  0.52870356  0.54738745  0.57633769  
20_1_0     0.28726926  0.28726926  0.16529182  0.15969476  0.18234406  0.20571551  0.19393665  0.08049516  0.04627323  0.00902392  0.00000000  0.05588900  0.07550741  0.28726926  0.27411670  0.32122164  0.30745142  0.26119597  0.47534969  0.46682305  0.42561692  0.46682305  0.42561692  0.39424245  0.43367493  0.42561692  0.40196108  0.45839444  0.43367493  0.46682305  0.46682305  0.48397668  0.51048405  0.46682305  0.45839444  0.51953720  0.51048405  0.48397668  0.52870356  0.49270640  0.55691106  0.46682305  0.45006164  0.54738745  0.45839444  0.57633769  0.54738745  0.50154134  0.52870356  0.55691106  0.52870356  0.48397668  0.51048405  0.51048405  0.51953720  0.51953720  0.50154134  0.49270640  0.51048405  0.44182250  0.44182250  0.42561692  0.43367493  0.40196108  0.45839444  0.46682305  0.46682305  0.47534969  0.46682305  0.45839444  0.49270640  0.45006164  0.49270640  0.48397668  0.49270640  0.46682305  0.54738745  0.55691106  0.38660424  0.42561692  0.43367493  0.43367493  0.41764652  0.39424245  0.43367493  0.44182250  0.36415583  0.42561692  0.40976185  0.39424245  0.39424245  0.50154134  0.49270640  0.49270640  0.45839444  0.45006164  0.45839444  0.46682305  0.49270640  0.43367493  0.43367493  0.42561692  0.42561692  0.37904480  0.40196108  0.42561692  0.45006164  0.48397668  0.41764652  0.41764652  0.45006164  0.42561692  0.61680712  0.50154134  0.48397668  0.50154134  0.51048405  0.48397668  0.50154134  0.51048405  0.47534969  0.49270640  0.51953720  0.53798598  0.53798598  0.55691106  0.58624753  
4_1_0      0.22374645  0.24849904  0.12698118  0.11639322  0.14315550  0.18234406  0.17093194  0.05106535  0.06563258  0.04627323  0.05588900  0.00000000  0.04627323  0.25482002  0.22985669  0.30066211  0.27411670  0.22985669  0.46682305  0.45839444  0.38660424  0.44182250  0.40196108  0.37156251  0.39424245  0.41764652  0.39424245  0.41764652  0.42561692  0.45839444  0.45839444  0.47534969  0.51953720  0.45839444  0.43367493  0.47534969  0.46682305  0.45839444  0.47534969  0.46682305  0.51048405  0.42561692  0.40976185  0.51953720  0.42561692  0.55691106  0.54738745  0.51953720  0.56656003  0.57633769  0.52870356  0.48397668  0.50154134  0.49270640  0.50154134  0.48397668  0.46682305  0.48397668  0.51048405  0.38660424  0.38660424  0.40196108  0.37904480  0.36415583  0.41764652  0.42561692  0.42561692  0.43367493  0.42561692  0.45006164  0.51953720  0.40976185  0.45006164  0.45839444  0.45006164  0.41764652  0.51048405  0.51953720  0.37904480  0.40196108  0.39424245  0.37904480  0.39424245  0.38660424  0.39424245  0.41764652  0.36415583  0.39424245  0.37904480  0.36415583  0.36415583  0.48397668  0.47534969  0.48397668  0.45006164  0.45839444  0.46682305  0.47534969  0.49270640  0.40196108  0.40196108  0.40196108  0.41764652  0.38660424  0.39424245  0.43367493  0.44182250  0.47534969  0.44182250  0.42561692  0.45839444  0.45006164  0.53798598  0.44182250  0.43367493  0.45006164  0.45839444  0.45006164  0.46682305  0.47534969  0.44182250  0.47534969  0.47534969  0.49270640  0.51048405  0.51953720  0.53798598  
24_1_0     0.22985669  0.23601828  0.13772432  0.13772432  0.14315550  0.15969476  0.13772432  0.04151224  0.07550741  0.06563258  0.07550741  0.04627323  0.00000000  0.24223210  0.21768673  0.27411670  0.24849904  0.22985669  0.45006164  0.44182250  0.39424245  0.43367493  0.39424245  0.37904480  0.40196108  0.41764652  0.39424245  0.41764652  0.44182250  0.44182250  0.44182250  0.45006164  0.50154134  0.44182250  0.41764652  0.50154134  0.45839444  0.48397668  0.50154134  0.47534969  0.56656003  0.40976185  0.40976185  0.49270640  0.41764652  0.56656003  0.55691106  0.51048405  0.55691106  0.56656003  0.53798598  0.46682305  0.49270640  0.48397668  0.49270640  0.47534969  0.45839444  0.47534969  0.51953720  0.39424245  0.39424245  0.45839444  0.41764652  0.38660424  0.42561692  0.45006164  0.45006164  0.45839444  0.45006164  0.45839444  0.51048405  0.45006164  0.49270640  0.48397668  0.47534969  0.39424245  0.48397668  0.51048405  0.40196108  0.39424245  0.40196108  0.38660424  0.35682323  0.34956325  0.37156251  0.37904480  0.34956325  0.37904480  0.36415583  0.33525549  0.33525549  0.45839444  0.45006164  0.44182250  0.43367493  0.44182250  0.41764652  0.42561692  0.44182250  0.37904480  0.37904480  0.37156251  0.37904480  0.36415583  0.35682323  0.40976185  0.43367493  0.45006164  0.39424245  0.40196108  0.43367493  0.42561692  0.52870356  0.45006164  0.43367493  0.45006164  0.45839444  0.45006164  0.46682305  0.47534969  0.44182250  0.49270640  0.45006164  0.46682305  0.45006164  0.49270640  0.51048405  
6_1_0      0.32820498  0.32820498  0.22374645  0.20571551  0.21768673  0.27411670  0.26119597  0.24849904  0.26762787  0.27411670  0.28726926  0.25482002  0.24223210  0.00000000  0.03678197  0.30066211  0.29393510  0.30745142  0.45839444  0.48397668  0.38660424  0.45006164  0.42561692  0.42561692  0.43367493  0.49270640  0.44182250  0.48397668  0.48397668  0.51048405  0.51048405  0.49270640  0.51953720  0.49270640  0.51953720  0.50154134  0.48397668  0.45006164  0.47534969  0.47534969  0.51048405  0.50154134  0.50154134  0.59629317  0.44182250  0.45839444  0.50154134  0.50154134  0.54738745  0.54738745  0.52870356  0.45006164  0.47534969  0.46682305  0.47534969  0.46682305  0.43367493  0.40976185  0.48397668  0.48397668  0.48397668  0.50154134  0.47534969  0.49270640  0.53798598  0.54738745  0.54738745  0.53798598  0.51048405  0.50154134  0.53798598  0.52870356  0.56656003  0.54738745  0.52870356  0.40976185  0.49270640  0.52870356  0.43367493  0.42561692  0.47534969  0.44182250  0.45839444  0.42561692  0.47534969  0.47534969  0.40196108  0.43367493  0.43367493  0.40976185  0.40976185  0.49270640  0.48397668  0.46682305  0.42561692  0.45006164  0.45839444  0.48397668  0.49270640  0.50154134  0.50154134  0.45839444  0.49270640  0.44182250  0.44182250  0.47534969  0.47534969  0.46682305  0.46682305  0.45006164  0.50154134  0.48397668  0.47534969  0.48397668  0.46682305  0.51048405  0.50154134  0.51048405  0.49270640  0.50154134  0.48397668  0.48397668  0.46682305  0.46682305  0.48397668  0.56656003  0.54738745  
22_1_0     0.36415583  0.34956325  0.19980242  0.18234406  0.19393665  0.27411670  0.26119597  0.22374645  0.24223210  0.26119597  0.27411670  0.22985669  0.21768673  0.03678197  0.00000000  0.28726926  0.28066348  0.32820498  0.45839444  0.48397668  0.38660424  0.44182250  0.40976185  0.40976185  0.40196108  0.49270640  0.44182250  0.50154134  0.50154134  0.52870356  0.52870356  0.51048405  0.53798598  0.51048405  0.53798598  0.50154134  0.47534969  0.46682305  0.50154134  0.51048405  0.52870356  0.48397668  0.48397668  0.58624753  0.39424245  0.46682305  0.51048405  0.49270640  0.55691106  0.56656003  0.51953720  0.45839444  0.48397668  0.47534969  0.50154134  0.47534969  0.44182250  0.42561692  0.49270640  0.45006164  0.45006164  0.45006164  0.42561692  0.42561692  0.46682305  0.49270640  0.49270640  0.48397668  0.45839444  0.45006164  0.51953720  0.49270640  0.51953720  0.50154134  0.46682305  0.40196108  0.46682305  0.50154134  0.44182250  0.41764652  0.43367493  0.41764652  0.45006164  0.40196108  0.45839444  0.45839444  0.38660424  0.43367493  0.43367493  0.37904480  0.37904480  0.47534969  0.46682305  0.44182250  0.40976185  0.45006164  0.44182250  0.48397668  0.48397668  0.49270640  0.49270640  0.42561692  0.43367493  0.37904480  0.37904480  0.43367493  0.41764652  0.44182250  0.45839444  0.40196108  0.43367493  0.43367493  0.50154134  0.46682305  0.44182250  0.48397668  0.47534969  0.48397668  0.46682305  0.47534969  0.45839444  0.45839444  0.42561692  0.42561692  0.45839444  0.52870356  0.51953720  
12_4_0     0.30745142  0.32122164  0.31430420  0.31430420  0.28726926  0.36415583  0.34956325  0.28726926  0.31430420  0.31430420  0.32122164  0.30066211  0.27411670  0.30066211  0.28726926  0.00000000  0.01816031  0.24223210  0.50154134  0.51048405  0.48397668  0.49270640  0.45006164  0.48397668  0.46682305  0.48397668  0.51048405  0.53798598  0.51048405  0.56656003  0.56656003  0.54738745  0.55691106  0.54738745  0.51048405  0.55691106  0.53798598  0.50154134  0.51953720  0.52870356  0.57633769  0.44182250  0.44182250  0.52870356  0.45839444  0.50154134  0.53798598  0.50154134  0.53798598  0.55691106  0.49270640  0.47534969  0.47534969  0.45839444  0.47534969  0.44182250  0.45839444  0.45006164  0.47534969  0.53798598  0.53798598  0.57633769  0.54738745  0.57633769  0.59629317  0.55691106  0.55691106  0.58624753  0.55691106  0.56656003  0.57633769  0.55691106  0.55691106  0.53798598  0.54738745  0.45006164  0.51048405  0.53798598  0.44182250  0.44182250  0.45839444  0.45839444  0.50154134  0.44182250  0.49270640  0.49270640  0.42561692  0.40196108  0.41764652  0.44182250  0.44182250  0.42561692  0.46682305  0.43367493  0.45006164  0.47534969  0.45006164  0.46682305  0.45839444  0.47534969  0.47534969  0.45006164  0.46682305  0.41764652  0.44182250  0.48397668  0.45839444  0.47534969  0.51048405  0.45839444  0.47534969  0.51953720  0.53798598  0.51048405  0.50154134  0.50154134  0.51048405  0.46682305  0.50154134  0.51048405  0.47534969  0.46682305  0.48397668  0.46682305  0.48397668  0.55691106  0.53798598  
12_3_0     0.28066348  0.29393510  0.30066211  0.29393510  0.26119597  0.34956325  0.33525549  0.26119597  0.30066211  0.30066211  0.30745142  0.27411670  0.24849904  0.29393510  0.28066348  0.01816031  0.00000000  0.24223210  0.50154134  0.51048405  0.48397668  0.49270640  0.45006164  0.48397668  0.46682305  0.47534969  0.51953720  0.51048405  0.50154134  0.54738745  0.54738745  0.52870356  0.55691106  0.52870356  0.48397668  0.52870356  0.51048405  0.49270640  0.49270640  0.50154134  0.56656003  0.45006164  0.45006164  0.54738745  0.46682305  0.49270640  0.51048405  0.51953720  0.56656003  0.58624753  0.51953720  0.48397668  0.50154134  0.46682305  0.48397668  0.45006164  0.46682305  0.46682305  0.50154134  0.51048405  0.51048405  0.56656003  0.53798598  0.54738745  0.56656003  0.56656003  0.56656003  0.57633769  0.54738745  0.55691106  0.54738745  0.52870356  0.52870356  0.54738745  0.53798598  0.44182250  0.50154134  0.52870356  0.43367493  0.41764652  0.43367493  0.43367493  0.48397668  0.44182250  0.46682305  0.48397668  0.43367493  0.39424245  0.40976185  0.41764652  0.41764652  0.43367493  0.45839444  0.44182250  0.45839444  0.48397668  0.45839444  0.46682305  0.45006164  0.46682305  0.46682305  0.45839444  0.45839444  0.42561692  0.43367493  0.47534969  0.45006164  0.46682305  0.48397668  0.45006164  0.48397668  0.51048405  0.51048405  0.49270640  0.47534969  0.49270640  0.50154134  0.45839444  0.49270640  0.50154134  0.46682305  0.47534969  0.45839444  0.45839444  0.45839444  0.55691106  0.54738745  
12_1_0     0.30066211  0.29393510  0.22985669  0.22985669  0.25482002  0.25482002  0.25482002  0.22985669  0.24223210  0.25482002  0.26119597  0.22985669  0.22985669  0.30745142  0.32820498  0.24223210  0.24223210  0.00000000  0.45839444  0.45006164  0.48397668  0.51953720  0.43367493  0.45006164  0.46682305  0.50154134  0.44182250  0.43367493  0.44182250  0.50154134  0.50154134  0.49270640  0.48397668  0.51953720  0.53798598  0.47534969  0.48397668  0.47534969  0.50154134  0.47534969  0.56656003  0.44182250  0.44182250  0.52870356  0.47534969  0.49270640  0.48397668  0.49270640  0.54738745  0.53798598  0.51048405  0.45839444  0.46682305  0.46682305  0.44182250  0.43367493  0.43367493  0.47534969  0.43367493  0.40976185  0.40976185  0.48397668  0.45839444  0.44182250  0.49270640  0.48397668  0.48397668  0.49270640  0.50154134  0.49270640  0.53798598  0.45839444  0.46682305  0.40976185  0.45006164  0.41764652  0.51953720  0.49270640  0.35682323  0.37156251  0.46682305  0.41764652  0.40976185  0.43367493  0.41764652  0.40196108  0.45006164  0.41764652  0.40196108  0.44182250  0.43367493  0.45839444  0.43367493  0.45839444  0.46682305  0.45839444  0.49270640  0.50154134  0.47534969  0.45006164  0.45006164  0.42561692  0.49270640  0.45839444  0.48397668  0.45839444  0.54738745  0.46682305  0.51953720  0.42561692  0.52870356  0.47534969  0.47534969  0.42561692  0.40196108  0.38660424  0.39424245  0.40196108  0.39424245  0.40976185  0.37904480  0.39424245  0.49270640  0.49270640  0.45839444  0.48397668  0.54738745  
81_0_0     0.60647839  0.57633769  0.48397668  0.48397668  0.50154134  0.52870356  0.49270640  0.47534969  0.49270640  0.47534969  0.47534969  0.46682305  0.45006164  0.45839444  0.45839444  0.50154134  0.50154134  0.45839444  0.00000000  0.01816031  0.26762787  0.32122164  0.30745142  0.27411670  0.33525549  0.29393510  0.22374645  0.26762787  0.29393510  0.28726926  0.28726926  0.28066348  0.28726926  0.30745142  0.37156251  0.43367493  0.41764652  0.37904480  0.41764652  0.40976185  0.37156251  0.34237446  0.34237446  0.43367493  0.43367493  0.49270640  0.51953720  0.46682305  0.45839444  0.46682305  0.47534969  0.40196108  0.43367493  0.40196108  0.39424245  0.41764652  0.38660424  0.40196108  0.40196108  0.51048405  0.51048405  0.43367493  0.39424245  0.41764652  0.43367493  0.51953720  0.51953720  0.51048405  0.50154134  0.48397668  0.45006164  0.43367493  0.45839444  0.38660424  0.36415583  0.34237446  0.42561692  0.41764652  0.37904480  0.37156251  0.37904480  0.36415583  0.37156251  0.35682323  0.45839444  0.36415583  0.39424245  0.38660424  0.40196108  0.39424245  0.38660424  0.43367493  0.42561692  0.36415583  0.37904480  0.40196108  0.38660424  0.40976185  0.46682305  0.44182250  0.44182250  0.40976185  0.40976185  0.40196108  0.39424245  0.40976185  0.44182250  0.43367493  0.43367493  0.37156251  0.45006164  0.36415583  0.47534969  0.45839444  0.45839444  0.46682305  0.47534969  0.50154134  0.50154134  0.51048405  0.47534969  0.51953720  0.43367493  0.45006164  0.40976185  0.48397668  0.47534969  
78_0_0     0.59629317  0.56656003  0.47534969  0.47534969  0.49270640  0.51953720  0.48397668  0.46682305  0.48397668  0.46682305  0.46682305  0.45839444  0.44182250  0.48397668  0.48397668  0.51048405  0.51048405  0.45006164  0.01816031  0.00000000  0.28726926  0.34237446  0.31430420  0.28066348  0.32820498  0.28066348  0.21167668  0.25482002  0.28066348  0.28066348  0.28066348  0.28726926  0.29393510  0.30066211  0.35682323  0.43367493  0.40196108  0.36415583  0.39424245  0.38660424  0.38660424  0.34237446  0.34237446  0.41764652  0.42561692  0.51048405  0.51953720  0.46682305  0.43367493  0.45839444  0.45839444  0.40196108  0.43367493  0.40196108  0.39424245  0.42561692  0.38660424  0.40196108  0.40196108  0.49270640  0.49270640  0.43367493  0.39424245  0.40196108  0.41764652  0.49270640  0.49270640  0.48397668  0.47534969  0.45839444  0.45006164  0.41764652  0.45839444  0.37156251  0.34956325  0.32820498  0.43367493  0.42561692  0.38660424  0.37904480  0.37904480  0.37156251  0.36415583  0.34956325  0.45006164  0.35682323  0.39424245  0.38660424  0.40196108  0.39424245  0.38660424  0.45006164  0.44182250  0.36415583  0.39424245  0.41764652  0.40196108  0.42561692  0.46682305  0.44182250  0.44182250  0.40976185  0.40976185  0.40196108  0.39424245  0.40976185  0.45839444  0.43367493  0.43367493  0.37156251  0.45006164  0.36415583  0.48397668  0.46682305  0.46682305  0.45839444  0.46682305  0.49270640  0.49270640  0.50154134  0.46682305  0.51048405  0.42561692  0.44182250  0.40196108  0.47534969  0.46682305  
70_24_0    0.45839444  0.45006164  0.43367493  0.41764652  0.45006164  0.42561692  0.41764652  0.38660424  0.44182250  0.42561692  0.42561692  0.38660424  0.39424245  0.38660424  0.38660424  0.48397668  0.48397668  0.48397668  0.26762787  0.28726926  0.00000000  0.07550741  0.12698118  0.10079260  0.15969476  0.18234406  0.14315550  0.22985669  0.27411670  0.21768673  0.21768673  0.22985669  0.26119597  0.18811744  0.33525549  0.43367493  0.41764652  0.31430420  0.37156251  0.38660424  0.40196108  0.34237446  0.32820498  0.38660424  0.30745142  0.47534969  0.49270640  0.45839444  0.51048405  0.50154134  0.44182250  0.40976185  0.43367493  0.43367493  0.42561692  0.40976185  0.37904480  0.39424245  0.41764652  0.40976185  0.40976185  0.34237446  0.32122164  0.33525549  0.37156251  0.42561692  0.42561692  0.45006164  0.45006164  0.45839444  0.44182250  0.37904480  0.40196108  0.40196108  0.40196108  0.33525549  0.46682305  0.44182250  0.33525549  0.35682323  0.33525549  0.33525549  0.34956325  0.32122164  0.39424245  0.31430420  0.30745142  0.33525549  0.33525549  0.32820498  0.30745142  0.37904480  0.37156251  0.34956325  0.33525549  0.37156251  0.34956325  0.40196108  0.41764652  0.37904480  0.37904480  0.40196108  0.37156251  0.32820498  0.32820498  0.38660424  0.35682323  0.38660424  0.39424245  0.37156251  0.41764652  0.34956325  0.45839444  0.39424245  0.45006164  0.47534969  0.48397668  0.49270640  0.47534969  0.48397668  0.46682305  0.50154134  0.39424245  0.37904480  0.43367493  0.44182250  0.44182250  
78_24_0    0.49270640  0.50154134  0.50154134  0.48397668  0.51048405  0.46682305  0.45839444  0.44182250  0.48397668  0.46682305  0.46682305  0.44182250  0.43367493  0.45006164  0.44182250  0.49270640  0.49270640  0.51953720  0.32122164  0.34237446  0.07550741  0.00000000  0.15414011  0.14862723  0.18811744  0.22374645  0.19980242  0.30066211  0.32820498  0.28726926  0.28726926  0.28726926  0.30745142  0.25482002  0.37904480  0.47534969  0.47534969  0.38660424  0.45839444  0.44182250  0.43367493  0.41764652  0.41764652  0.45006164  0.33525549  0.50154134  0.50154134  0.47534969  0.49270640  0.50154134  0.46682305  0.45839444  0.45006164  0.48397668  0.45006164  0.43367493  0.41764652  0.43367493  0.45006164  0.48397668  0.48397668  0.42561692  0.39424245  0.40976185  0.45006164  0.48397668  0.48397668  0.51048405  0.51048405  0.51953720  0.44182250  0.44182250  0.45839444  0.45839444  0.44182250  0.37904480  0.51953720  0.49270640  0.40976185  0.41764652  0.37156251  0.40976185  0.38660424  0.35682323  0.40196108  0.35682323  0.37904480  0.40196108  0.38660424  0.38660424  0.36415583  0.45839444  0.44182250  0.34237446  0.36415583  0.39424245  0.38660424  0.42561692  0.41764652  0.43367493  0.43367493  0.43367493  0.43367493  0.39424245  0.39424245  0.41764652  0.41764652  0.43367493  0.42561692  0.40976185  0.42561692  0.37904480  0.48397668  0.41764652  0.45839444  0.52870356  0.53798598  0.51953720  0.51953720  0.52870356  0.51048405  0.51953720  0.42561692  0.40976185  0.46682305  0.45839444  0.46682305  
70_25_0    0.51953720  0.53798598  0.45006164  0.45006164  0.43367493  0.39424245  0.38660424  0.38660424  0.44182250  0.42561692  0.42561692  0.40196108  0.39424245  0.42561692  0.40976185  0.45006164  0.45006164  0.43367493  0.30745142  0.31430420  0.12698118  0.15414011  0.00000000  0.04151224  0.07550741  0.23601828  0.18234406  0.28066348  0.32820498  0.24223210  0.24223210  0.26119597  0.26119597  0.23601828  0.40976185  0.42561692  0.41764652  0.35682323  0.40196108  0.41764652  0.43367493  0.34956325  0.34956325  0.42561692  0.35682323  0.51048405  0.49270640  0.45006164  0.51953720  0.52870356  0.45006164  0.45839444  0.46682305  0.45006164  0.44182250  0.44182250  0.42561692  0.41764652  0.43367493  0.40196108  0.40196108  0.40976185  0.37156251  0.35682323  0.38660424  0.42561692  0.42561692  0.45006164  0.45006164  0.45839444  0.49270640  0.38660424  0.40976185  0.41764652  0.43367493  0.33525549  0.44182250  0.43367493  0.34237446  0.36415583  0.35682323  0.34237446  0.36415583  0.36415583  0.39424245  0.32820498  0.36415583  0.33525549  0.34956325  0.34237446  0.34956325  0.44182250  0.41764652  0.32820498  0.35682323  0.37904480  0.38660424  0.40976185  0.40196108  0.41764652  0.41764652  0.40196108  0.37904480  0.33525549  0.34956325  0.39424245  0.40976185  0.44182250  0.45006164  0.38660424  0.41764652  0.37156251  0.51048405  0.45006164  0.42561692  0.47534969  0.48397668  0.47534969  0.49270640  0.51048405  0.46682305  0.46682305  0.43367493  0.41764652  0.45839444  0.43367493  0.48397668  
81_25_0    0.50154134  0.53798598  0.45006164  0.43367493  0.43367493  0.40196108  0.39424245  0.37156251  0.42561692  0.39424245  0.39424245  0.37156251  0.37904480  0.42561692  0.40976185  0.48397668  0.48397668  0.45006164  0.27411670  0.28066348  0.10079260  0.14862723  0.04151224  0.00000000  0.07055337  0.22374645  0.17093194  0.26119597  0.30745142  0.23601828  0.23601828  0.25482002  0.25482002  0.21768673  0.35682323  0.43367493  0.40976185  0.32122164  0.37904480  0.39424245  0.42561692  0.34237446  0.32820498  0.41764652  0.33525549  0.51048405  0.49270640  0.45006164  0.50154134  0.49270640  0.45006164  0.42561692  0.45006164  0.45006164  0.42561692  0.40976185  0.39424245  0.38660424  0.41764652  0.40196108  0.40196108  0.37156251  0.34956325  0.33525549  0.36415583  0.42561692  0.42561692  0.45006164  0.45006164  0.47534969  0.46682305  0.37904480  0.40196108  0.39424245  0.40976185  0.31430420  0.43367493  0.39424245  0.32122164  0.35682323  0.33525549  0.33525549  0.34237446  0.34237446  0.40196108  0.32122164  0.34237446  0.34237446  0.34237446  0.33525549  0.34237446  0.45006164  0.42561692  0.34237446  0.35682323  0.39424245  0.38660424  0.40976185  0.42561692  0.40976185  0.40976185  0.38660424  0.37156251  0.32820498  0.32820498  0.37156251  0.38660424  0.40196108  0.45839444  0.37904480  0.40976185  0.36415583  0.49270640  0.45006164  0.43367493  0.46682305  0.47534969  0.45006164  0.46682305  0.47534969  0.44182250  0.47534969  0.37904480  0.36415583  0.41764652  0.39424245  0.42561692  
78_25_0    0.51953720  0.54738745  0.46682305  0.43367493  0.45006164  0.42561692  0.41764652  0.37904480  0.43367493  0.41764652  0.43367493  0.39424245  0.40196108  0.43367493  0.40196108  0.46682305  0.46682305  0.46682305  0.33525549  0.32820498  0.15969476  0.18811744  0.07550741  0.07055337  0.00000000  0.29393510  0.23601828  0.33525549  0.35682323  0.29393510  0.29393510  0.31430420  0.30745142  0.27411670  0.37904480  0.46682305  0.44182250  0.36415583  0.41764652  0.41764652  0.40976185  0.35682323  0.35682323  0.42561692  0.34956325  0.52870356  0.51048405  0.50154134  0.47534969  0.49270640  0.45006164  0.41764652  0.42561692  0.44182250  0.42561692  0.40196108  0.40196108  0.37156251  0.37904480  0.40976185  0.40976185  0.40976185  0.37156251  0.35682323  0.38660424  0.40196108  0.40196108  0.42561692  0.42561692  0.45006164  0.45839444  0.42561692  0.45006164  0.42561692  0.42561692  0.31430420  0.40976185  0.40196108  0.34956325  0.35682323  0.34956325  0.36415583  0.38660424  0.37156251  0.41764652  0.37904480  0.37156251  0.31430420  0.32820498  0.33525549  0.34237446  0.40196108  0.42561692  0.34956325  0.34237446  0.37904480  0.38660424  0.40976185  0.39424245  0.42561692  0.42561692  0.39424245  0.36415583  0.31430420  0.32820498  0.37156251  0.37156251  0.40196108  0.44182250  0.40976185  0.37904480  0.36415583  0.50154134  0.42561692  0.42561692  0.45006164  0.45839444  0.43367493  0.45006164  0.45839444  0.44182250  0.47534969  0.40976185  0.39424245  0.45006164  0.43367493  0.45839444  
36_0_0     0.53798598  0.51048405  0.47534969  0.51048405  0.51953720  0.40976185  0.40976185  0.40976185  0.45839444  0.42561692  0.42561692  0.41764652  0.41764652  0.49270640  0.49270640  0.48397668  0.47534969  0.50154134  0.29393510  0.28066348  0.18234406  0.22374645  0.23601828  0.22374645  0.29393510  0.00000000  0.08049516  0.16529182  0.19980242  0.17093194  0.17093194  0.19393665  0.20571551  0.16529182  0.31430420  0.43367493  0.44182250  0.34956325  0.35682323  0.35682323  0.43367493  0.34956325  0.34956325  0.40196108  0.32820498  0.45839444  0.46682305  0.45006164  0.44182250  0.45006164  0.45006164  0.37904480  0.38660424  0.40976185  0.39424245  0.41764652  0.39424245  0.40976185  0.40976185  0.43367493  0.43367493  0.37904480  0.34237446  0.35682323  0.37904480  0.38660424  0.38660424  0.40976185  0.38660424  0.38660424  0.44182250  0.37904480  0.41764652  0.37156251  0.36415583  0.35682323  0.46682305  0.44182250  0.39424245  0.38660424  0.32122164  0.35682323  0.34237446  0.31430420  0.37904480  0.31430420  0.34956325  0.35682323  0.34237446  0.34956325  0.32820498  0.41764652  0.39424245  0.37904480  0.32122164  0.35682323  0.34237446  0.39424245  0.40976185  0.36415583  0.36415583  0.41764652  0.33525549  0.34237446  0.33525549  0.36415583  0.37156251  0.40196108  0.39424245  0.32122164  0.37904480  0.32820498  0.42561692  0.41764652  0.43367493  0.48397668  0.49270640  0.48397668  0.46682305  0.48397668  0.45839444  0.49270640  0.39424245  0.39424245  0.43367493  0.43367493  0.41764652  
