128
6_1_0      0.00000000  0.67876945  0.71136885  0.79981947  0.90039517  0.87914837  0.78125691  0.74548218  0.74548218  0.87914837  0.87914837  0.90039517  1.06930454  1.04266435  1.06930454  1.12567066  0.87914837  1.06930454  1.28901693  1.18672327  1.06930454  1.06930454  0.90039517  0.85849877  1.12567066  1.12567066  1.01695643  1.04266435  1.12567066  1.28901693  1.06930454  1.12567066  1.15556297  1.28901693  1.28901693  1.28901693  1.32654507  1.32654507  1.40789323  1.36609382  1.15556297  1.21926393  1.18672327  1.15556297  1.12567066  1.12567066  1.09694718  1.28901693  1.25331293  1.15556297  1.25331293  1.21926393  1.21926393  1.21926393  1.36609382  1.12567066  1.18672327  1.21926393  1.09694718  1.25331293  1.36609382  1.36609382  0.94482600  0.99211774  1.18672327  1.18672327  1.04266435  1.04266435  1.04266435  0.99211774  1.01695643  0.96809142  0.87914837  0.83841374  0.90039517  0.96809142  1.01695643  1.12567066  0.96809142  0.99211774  1.04266435  1.06930454  0.96809142  0.96809142  1.06930454  0.90039517  0.90039517  0.92227476  0.96809142  0.96809142  0.96809142  0.90039517  0.90039517  0.92227476  0.96809142  0.76315182  0.96809142  1.15556297  0.96809142  1.15556297  0.92227476  0.85849877  0.85849877  0.71136885  0.81886321  0.90039517  0.85849877  1.04266435  1.18672327  0.92227476  0.87914837  0.76315182  0.72822754  0.83841374  0.83841374  0.83841374  0.81886321  0.81886321  1.09694718  1.01695643  1.01695643  0.99211774  0.96809142  0.87914837  0.96809142  0.92227476  0.81886321  0.69488836  
3_0_0      0.67876945  0.00000000  0.12379121  0.99211774  0.96809142  1.06930454  1.06930454  1.01695643  0.96809142  0.83841374  0.83841374  0.81886321  0.94482600  1.01695643  1.01695643  0.92227476  1.04266435  1.09694718  0.92227476  1.15556297  1.09694718  1.04266435  0.94482600  1.04266435  0.90039517  0.90039517  0.96809142  0.90039517  1.01695643  1.09694718  1.28901693  1.15556297  0.85849877  1.06930454  1.01695643  1.18672327  1.21926393  1.21926393  1.12567066  1.18672327  0.90039517  1.18672327  0.99211774  0.90039517  0.87914837  0.90039517  0.92227476  1.18672327  1.18672327  1.15556297  1.25331293  1.09694718  1.09694718  1.12567066  1.15556297  1.09694718  1.04266435  1.18672327  1.21926393  1.15556297  1.06930454  1.06930454  0.90039517  0.94482600  1.18672327  1.21926393  1.09694718  1.09694718  1.09694718  1.32654507  1.28901693  0.99211774  1.21926393  1.28901693  1.32654507  1.40789323  0.90039517  1.09694718  1.21926393  1.06930454  0.96809142  0.96809142  1.25331293  1.18672327  1.09694718  1.04266435  1.06930454  1.04266435  1.40789323  1.09694718  1.12567066  1.25331293  1.25331293  1.01695643  0.96809142  0.99211774  0.99211774  1.04266435  0.96809142  1.18672327  0.99211774  1.12567066  0.92227476  0.96809142  0.92227476  0.94482600  1.04266435  0.85849877  0.83841374  0.83841374  0.85849877  0.96809142  0.96809142  1.40789323  1.54978867  1.54978867  1.54978867  1.54978867  1.15556297  1.06930454  0.99211774  1.28901693  1.09694718  0.99211774  0.99211774  1.04266435  1.01695643  0.99211774  
6_0_0      0.71136885  0.12379121  0.00000000  0.90039517  0.96809142  0.99211774  1.06930454  0.96809142  0.96809142  0.83841374  0.83841374  0.81886321  0.92227476  0.99211774  1.04266435  0.96809142  1.01695643  1.15556297  0.96809142  0.99211774  1.06930454  1.01695643  0.92227476  1.06930454  0.87914837  0.87914837  0.94482600  0.87914837  0.94482600  1.09694718  1.15556297  0.99211774  0.79981947  1.01695643  0.96809142  1.04266435  1.01695643  1.01695643  0.92227476  1.09694718  0.85849877  1.04266435  0.85849877  0.79981947  0.81886321  0.79981947  0.85849877  1.06930454  1.25331293  0.94482600  1.01695643  0.96809142  0.96809142  0.96809142  0.96809142  0.96809142  0.90039517  1.04266435  1.09694718  1.04266435  1.04266435  1.04266435  0.92227476  0.96809142  0.94482600  0.96809142  1.01695643  1.01695643  0.99211774  1.06930454  1.09694718  0.87914837  1.15556297  1.15556297  1.21926393  1.28901693  0.94482600  0.99211774  1.12567066  1.01695643  0.94482600  0.94482600  1.18672327  1.18672327  0.94482600  0.99211774  1.06930454  0.99211774  1.25331293  1.12567066  1.15556297  1.21926393  1.21926393  1.06930454  1.01695643  0.87914837  1.01695643  1.15556297  0.87914837  1.21926393  0.99211774  0.96809142  0.83841374  0.87914837  0.92227476  0.85849877  0.92227476  0.83841374  0.79981947  0.87914837  0.79981947  0.96809142  0.96809142  1.28901693  1.32654507  1.32654507  1.32654507  1.32654507  1.09694718  1.06930454  1.04266435  1.04266435  0.99211774  0.99211774  0.99211774  0.99211774  0.99211774  0.94482600  
88_0_0     0.79981947  0.99211774  0.90039517  0.00000000  0.13892734  0.09442350  0.20279736  0.17819088  0.20279736  0.57487127  0.57487127  0.53447961  0.58884417  0.57487127  0.66299661  0.74548218  0.67876945  0.69488836  0.74548218  0.67876945  0.67876945  0.61761341  0.60308798  0.67876945  0.56115916  0.56115916  0.63243183  0.61761341  0.60308798  0.79981947  0.67876945  0.81886321  0.76315182  0.81886321  0.69488836  0.85849877  0.85849877  0.83841374  0.72822754  0.60308798  0.57487127  0.69488836  0.69488836  0.61761341  0.60308798  0.60308798  0.60308798  0.71136885  0.87914837  0.69488836  0.71136885  0.66299661  0.66299661  0.71136885  0.74548218  0.57487127  0.69488836  0.69488836  0.74548218  0.78125691  0.76315182  0.76315182  0.54769828  0.56115916  0.60308798  0.64755528  0.69488836  0.67876945  0.67876945  0.58884417  0.56115916  0.52149457  0.56115916  0.56115916  0.63243183  0.60308798  0.49619334  0.79981947  0.63243183  0.66299661  0.66299661  0.61761341  0.66299661  0.71136885  0.60308798  0.66299661  0.61761341  0.56115916  0.56115916  0.64755528  0.63243183  0.63243183  0.63243183  0.61761341  0.63243183  0.53447961  0.85849877  0.72822754  0.69488836  0.63243183  0.66299661  0.58884417  0.57487127  0.64755528  0.54769828  0.64755528  0.57487127  0.54769828  0.60308798  0.52149457  0.48386214  0.58884417  0.58884417  0.81886321  0.85849877  0.87914837  0.83841374  0.83841374  0.76315182  0.69488836  0.72822754  0.71136885  0.61761341  0.58884417  0.57487127  0.54769828  0.58884417  0.60308798  
73_0_0     0.90039517  0.96809142  0.96809142  0.13892734  0.00000000  0.11633850  0.19450329  0.22825662  0.25462988  0.57487127  0.57487127  0.54769828  0.64755528  0.54769828  0.69488836  0.74548218  0.67876945  0.60308798  0.60308798  0.67876945  0.63243183  0.57487127  0.60308798  0.60308798  0.63243183  0.63243183  0.60308798  0.58884417  0.66299661  0.71136885  0.58884417  0.72822754  0.67876945  0.71136885  0.61761341  0.76315182  0.72822754  0.74548218  0.74548218  0.63243183  0.61761341  0.74548218  0.74548218  0.71136885  0.64755528  0.66299661  0.53447961  0.64755528  0.74548218  0.71136885  0.69488836  0.72822754  0.72822754  0.67876945  0.71136885  0.66299661  0.72822754  0.74548218  0.74548218  0.72822754  0.79981947  0.79981947  0.58884417  0.60308798  0.67876945  0.69488836  0.64755528  0.66299661  0.64755528  0.60308798  0.60308798  0.53447961  0.53447961  0.56115916  0.60308798  0.69488836  0.49619334  0.74548218  0.64755528  0.58884417  0.58884417  0.54769828  0.58884417  0.63243183  0.57487127  0.60308798  0.58884417  0.56115916  0.56115916  0.61761341  0.60308798  0.63243183  0.63243183  0.58884417  0.61761341  0.52149457  0.72822754  0.56115916  0.64755528  0.71136885  0.63243183  0.57487127  0.49619334  0.54769828  0.50873504  0.58884417  0.54769828  0.58884417  0.61761341  0.49619334  0.47173451  0.50873504  0.50873504  0.79981947  0.74548218  0.76315182  0.76315182  0.76315182  0.66299661  0.66299661  0.67876945  0.71136885  0.66299661  0.66299661  0.61761341  0.61761341  0.60308798  0.57487127  
19_0_0     0.87914837  1.06930454  0.99211774  0.09442350  0.11633850  0.00000000  0.14661397  0.16223279  0.18630181  0.54769828  0.54769828  0.53447961  0.60308798  0.53447961  0.66299661  0.69488836  0.66299661  0.69488836  0.67876945  0.64755528  0.67876945  0.61761341  0.64755528  0.64755528  0.52149457  0.52149457  0.63243183  0.63243183  0.67876945  0.81886321  0.66299661  0.79981947  0.72822754  0.74548218  0.72822754  0.83841374  0.83841374  0.81886321  0.71136885  0.71136885  0.58884417  0.74548218  0.74548218  0.67876945  0.66299661  0.66299661  0.64755528  0.71136885  0.79981947  0.76315182  0.71136885  0.71136885  0.71136885  0.74548218  0.72822754  0.60308798  0.72822754  0.76315182  0.79981947  0.81886321  0.79981947  0.79981947  0.57487127  0.58884417  0.64755528  0.63243183  0.72822754  0.74548218  0.66299661  0.58884417  0.56115916  0.48386214  0.49619334  0.49619334  0.60308798  0.63243183  0.54769828  0.74548218  0.61761341  0.64755528  0.61761341  0.54769828  0.61761341  0.63243183  0.57487127  0.58884417  0.54769828  0.58884417  0.56115916  0.66299661  0.64755528  0.67876945  0.67876945  0.54769828  0.56115916  0.52149457  0.79981947  0.69488836  0.71136885  0.66299661  0.60308798  0.57487127  0.53447961  0.56115916  0.53447961  0.60308798  0.58884417  0.54769828  0.60308798  0.56115916  0.47173451  0.53447961  0.56115916  0.79981947  0.71136885  0.72822754  0.72822754  0.72822754  0.79981947  0.69488836  0.72822754  0.69488836  0.61761341  0.64755528  0.61761341  0.58884417  0.61761341  0.61761341  
48_0_0     0.78125691  1.06930454  1.06930454  0.20279736  0.19450329  0.14661397  0.00000000  0.15438188  0.17016851  0.61761341  0.61761341  0.58884417  0.53447961  0.52149457  0.64755528  0.81886321  0.64755528  0.61761341  0.74548218  0.66299661  0.74548218  0.67876945  0.64755528  0.57487127  0.56115916  0.56115916  0.57487127  0.56115916  0.64755528  0.71136885  0.57487127  0.71136885  0.76315182  0.72822754  0.60308798  0.72822754  0.72822754  0.71136885  0.71136885  0.66299661  0.58884417  0.64755528  0.67876945  0.63243183  0.58884417  0.58884417  0.57487127  0.57487127  0.67876945  0.69488836  0.67876945  0.69488836  0.69488836  0.61761341  0.69488836  0.63243183  0.60308798  0.69488836  0.72822754  0.76315182  0.71136885  0.71136885  0.49619334  0.53447961  0.69488836  0.64755528  0.66299661  0.67876945  0.60308798  0.58884417  0.60308798  0.54769828  0.50873504  0.50873504  0.57487127  0.60308798  0.57487127  0.71136885  0.60308798  0.60308798  0.54769828  0.49619334  0.58884417  0.60308798  0.49619334  0.61761341  0.50873504  0.52149457  0.57487127  0.63243183  0.58884417  0.64755528  0.64755528  0.53447961  0.54769828  0.53447961  0.67876945  0.69488836  0.72822754  0.60308798  0.60308798  0.54769828  0.58884417  0.49619334  0.52149457  0.60308798  0.54769828  0.54769828  0.60308798  0.61761341  0.49619334  0.52149457  0.54769828  0.74548218  0.69488836  0.71136885  0.67876945  0.67876945  0.71136885  0.64755528  0.67876945  0.66299661  0.64755528  0.69488836  0.74548218  0.74548218  0.60308798  0.57487127  
78_0_0     0.74548218  1.01695643  0.96809142  0.17819088  0.22825662  0.16223279  0.15438188  0.00000000  0.02576293  0.57487127  0.57487127  0.56115916  0.61761341  0.52149457  0.57487127  0.79981947  0.54769828  0.58884417  0.69488836  0.64755528  0.60308798  0.54769828  0.58884417  0.63243183  0.58884417  0.58884417  0.52149457  0.53447961  0.63243183  0.71136885  0.66299661  0.67876945  0.79981947  0.81886321  0.66299661  0.64755528  0.64755528  0.63243183  0.74548218  0.63243183  0.60308798  0.69488836  0.69488836  0.63243183  0.61761341  0.61761341  0.52149457  0.64755528  0.76315182  0.78125691  0.76315182  0.67876945  0.67876945  0.67876945  0.71136885  0.57487127  0.64755528  0.64755528  0.71136885  0.79981947  0.71136885  0.71136885  0.45980381  0.49619334  0.69488836  0.67876945  0.74548218  0.76315182  0.56115916  0.52149457  0.52149457  0.45980381  0.48386214  0.48386214  0.49619334  0.56115916  0.56115916  0.61761341  0.57487127  0.56115916  0.50873504  0.45980381  0.53447961  0.54769828  0.48386214  0.60308798  0.52149457  0.60308798  0.57487127  0.56115916  0.52149457  0.58884417  0.58884417  0.52149457  0.53447961  0.49619334  0.76315182  0.71136885  0.61761341  0.53447961  0.53447961  0.52149457  0.52149457  0.53447961  0.52149457  0.63243183  0.52149457  0.53447961  0.56115916  0.58884417  0.45980381  0.53447961  0.53447961  0.76315182  0.74548218  0.72822754  0.72822754  0.72822754  0.76315182  0.67876945  0.71136885  0.67876945  0.63243183  0.61761341  0.63243183  0.63243183  0.60308798  0.58884417  
20_0_0     0.74548218  0.96809142  0.96809142  0.20279736  0.25462988  0.18630181  0.17016851  0.02576293  0.00000000  0.54769828  0.54769828  0.56115916  0.66299661  0.53447961  0.57487127  0.78125691  0.58884417  0.58884417  0.66299661  0.61761341  0.57487127  0.54769828  0.58884417  0.60308798  0.60308798  0.60308798  0.50873504  0.52149457  0.58884417  0.66299661  0.64755528  0.66299661  0.81886321  0.81886321  0.69488836  0.67876945  0.71136885  0.69488836  0.78125691  0.69488836  0.60308798  0.67876945  0.69488836  0.66299661  0.64755528  0.64755528  0.50873504  0.66299661  0.71136885  0.76315182  0.78125691  0.67876945  0.67876945  0.72822754  0.76315182  0.61761341  0.66299661  0.66299661  0.72822754  0.81886321  0.76315182  0.76315182  0.47173451  0.50873504  0.67876945  0.66299661  0.72822754  0.74548218  0.56115916  0.52149457  0.52149457  0.45980381  0.47173451  0.47173451  0.50873504  0.52149457  0.54769828  0.60308798  0.61761341  0.56115916  0.49619334  0.47173451  0.54769828  0.56115916  0.49619334  0.58884417  0.50873504  0.58884417  0.61761341  0.57487127  0.53447961  0.57487127  0.57487127  0.50873504  0.52149457  0.50873504  0.72822754  0.72822754  0.61761341  0.58884417  0.49619334  0.56115916  0.53447961  0.57487127  0.50873504  0.64755528  0.56115916  0.56115916  0.58884417  0.57487127  0.47173451  0.53447961  0.53447961  0.78125691  0.72822754  0.71136885  0.71136885  0.71136885  0.78125691  0.69488836  0.72822754  0.69488836  0.64755528  0.66299661  0.67876945  0.67876945  0.56115916  0.60308798  
43_3_0     0.87914837  0.83841374  0.83841374  0.57487127  0.57487127  0.54769828  0.61761341  0.57487127  0.54769828  0.00000000  0.00000000  0.05246220  0.60308798  0.45980381  0.39202282  0.48386214  0.52149457  0.64755528  0.63243183  0.58884417  0.56115916  0.52149457  0.47173451  0.47173451  0.53447961  0.53447961  0.61761341  0.63243183  0.61761341  0.61761341  0.54769828  0.54769828  0.61761341  0.56115916  0.60308798  0.64755528  0.67876945  0.66299661  0.61761341  0.61761341  0.52149457  0.57487127  0.54769828  0.54769828  0.52149457  0.50873504  0.52149457  0.71136885  0.64755528  0.60308798  0.67876945  0.67876945  0.67876945  0.76315182  0.78125691  0.66299661  0.61761341  0.61761341  0.74548218  0.72822754  0.64755528  0.64755528  0.44806377  0.42513193  0.56115916  0.57487127  0.50873504  0.52149457  0.58884417  0.60308798  0.57487127  0.49619334  0.48386214  0.50873504  0.58884417  0.54769828  0.48386214  0.53447961  0.57487127  0.54769828  0.47173451  0.49619334  0.57487127  0.57487127  0.57487127  0.41392895  0.45980381  0.48386214  0.54769828  0.49619334  0.50873504  0.50873504  0.50873504  0.44806377  0.47173451  0.42513193  0.53447961  0.56115916  0.56115916  0.58884417  0.47173451  0.54769828  0.52149457  0.57487127  0.48386214  0.50873504  0.57487127  0.58884417  0.66299661  0.49619334  0.45980381  0.45980381  0.45980381  0.85849877  0.90039517  0.92227476  0.92227476  0.92227476  0.85849877  0.81886321  0.81886321  0.72822754  0.67876945  0.74548218  0.72822754  0.74548218  0.67876945  0.72822754  
41_3_0     0.87914837  0.83841374  0.83841374  0.57487127  0.57487127  0.54769828  0.61761341  0.57487127  0.54769828  0.00000000  0.00000000  0.05246220  0.60308798  0.45980381  0.39202282  0.48386214  0.52149457  0.64755528  0.63243183  0.58884417  0.56115916  0.52149457  0.47173451  0.47173451  0.53447961  0.53447961  0.61761341  0.63243183  0.61761341  0.61761341  0.54769828  0.54769828  0.61761341  0.56115916  0.60308798  0.64755528  0.67876945  0.66299661  0.61761341  0.61761341  0.52149457  0.57487127  0.54769828  0.54769828  0.52149457  0.50873504  0.52149457  0.71136885  0.64755528  0.60308798  0.67876945  0.67876945  0.67876945  0.76315182  0.78125691  0.66299661  0.61761341  0.61761341  0.74548218  0.72822754  0.64755528  0.64755528  0.44806377  0.42513193  0.56115916  0.57487127  0.50873504  0.52149457  0.58884417  0.60308798  0.57487127  0.49619334  0.48386214  0.50873504  0.58884417  0.54769828  0.48386214  0.53447961  0.57487127  0.54769828  0.47173451  0.49619334  0.57487127  0.57487127  0.57487127  0.41392895  0.45980381  0.48386214  0.54769828  0.49619334  0.50873504  0.50873504  0.50873504  0.44806377  0.47173451  0.42513193  0.53447961  0.56115916  0.56115916  0.58884417  0.47173451  0.54769828  0.52149457  0.57487127  0.48386214  0.50873504  0.57487127  0.58884417  0.66299661  0.49619334  0.45980381  0.45980381  0.45980381  0.85849877  0.90039517  0.92227476  0.92227476  0.92227476  0.85849877  0.81886321  0.81886321  0.72822754  0.67876945  0.74548218  0.72822754  0.74548218  0.67876945  0.72822754  
68_3_0     0.90039517  0.81886321  0.81886321  0.53447961  0.54769828  0.53447961  0.58884417  0.56115916  0.56115916  0.05246220  0.05246220  0.00000000  0.57487127  0.43650838  0.42513193  0.43650838  0.49619334  0.57487127  0.58884417  0.60308798  0.57487127  0.53447961  0.45980381  0.49619334  0.50873504  0.50873504  0.58884417  0.60308798  0.61761341  0.58884417  0.53447961  0.53447961  0.54769828  0.52149457  0.54769828  0.60308798  0.63243183  0.61761341  0.56115916  0.54769828  0.49619334  0.52149457  0.53447961  0.49619334  0.49619334  0.48386214  0.49619334  0.66299661  0.61761341  0.58884417  0.63243183  0.69488836  0.69488836  0.71136885  0.79981947  0.64755528  0.60308798  0.63243183  0.72822754  0.74548218  0.60308798  0.60308798  0.40289424  0.38130992  0.58884417  0.63243183  0.50873504  0.52149457  0.58884417  0.53447961  0.50873504  0.50873504  0.49619334  0.52149457  0.60308798  0.56115916  0.47173451  0.57487127  0.56115916  0.53447961  0.49619334  0.47173451  0.54769828  0.54769828  0.54769828  0.43650838  0.48386214  0.48386214  0.53447961  0.49619334  0.50873504  0.53447961  0.53447961  0.47173451  0.47173451  0.41392895  0.54769828  0.54769828  0.54769828  0.60308798  0.43650838  0.56115916  0.45980381  0.52149457  0.43650838  0.44806377  0.54769828  0.57487127  0.56115916  0.48386214  0.41392895  0.48386214  0.48386214  0.85849877  0.94482600  0.96809142  0.92227476  0.92227476  0.79981947  0.79981947  0.76315182  0.71136885  0.66299661  0.69488836  0.67876945  0.69488836  0.69488836  0.67876945  
55_3_0     1.06930454  0.94482600  0.92227476  0.58884417  0.64755528  0.60308798  0.53447961  0.61761341  0.66299661  0.60308798  0.60308798  0.57487127  0.00000000  0.30080489  0.37075099  0.38130992  0.49619334  0.66299661  0.69488836  0.69488836  0.81886321  0.78125691  0.63243183  0.69488836  0.60308798  0.60308798  0.64755528  0.58884417  0.67876945  0.76315182  0.67876945  0.76315182  0.76315182  0.66299661  0.61761341  0.78125691  0.78125691  0.76315182  0.71136885  0.64755528  0.56115916  0.79981947  0.64755528  0.69488836  0.66299661  0.66299661  0.58884417  0.66299661  0.76315182  0.74548218  0.71136885  0.72822754  0.72822754  0.61761341  0.72822754  0.81886321  0.61761341  0.67876945  0.76315182  0.71136885  0.69488836  0.69488836  0.47173451  0.52149457  0.58884417  0.57487127  0.58884417  0.57487127  0.63243183  0.67876945  0.67876945  0.61761341  0.67876945  0.66299661  0.61761341  0.63243183  0.60308798  0.63243183  0.61761341  0.72822754  0.71136885  0.67876945  0.66299661  0.64755528  0.45980381  0.58884417  0.66299661  0.56115916  0.72822754  0.69488836  0.74548218  0.66299661  0.66299661  0.64755528  0.63243183  0.64755528  0.83841374  0.72822754  0.67876945  0.76315182  0.67876945  0.58884417  0.64755528  0.64755528  0.74548218  0.69488836  0.63243183  0.63243183  0.67876945  0.58884417  0.56115916  0.64755528  0.64755528  0.90039517  0.85849877  0.87914837  0.85849877  0.85849877  0.69488836  0.67876945  0.71136885  0.72822754  0.69488836  0.71136885  0.71136885  0.69488836  0.69488836  0.64755528  
55_29_0    1.04266435  1.01695643  0.99211774  0.57487127  0.54769828  0.53447961  0.52149457  0.52149457  0.53447961  0.45980381  0.45980381  0.43650838  0.30080489  0.00000000  0.23694294  0.31039864  0.27275315  0.43650838  0.56115916  0.57487127  0.54769828  0.56115916  0.57487127  0.61761341  0.45980381  0.45980381  0.57487127  0.54769828  0.57487127  0.63243183  0.61761341  0.60308798  0.53447961  0.52149457  0.48386214  0.56115916  0.58884417  0.57487127  0.64755528  0.57487127  0.52149457  0.66299661  0.58884417  0.50873504  0.54769828  0.54769828  0.47173451  0.54769828  0.60308798  0.54769828  0.52149457  0.61761341  0.61761341  0.53447961  0.60308798  0.58884417  0.57487127  0.56115916  0.63243183  0.60308798  0.71136885  0.71136885  0.47173451  0.52149457  0.54769828  0.50873504  0.60308798  0.58884417  0.50873504  0.56115916  0.54769828  0.44806377  0.44806377  0.44806377  0.54769828  0.50873504  0.48386214  0.52149457  0.43650838  0.49619334  0.53447961  0.52149457  0.49619334  0.50873504  0.47173451  0.50873504  0.49619334  0.50873504  0.53447961  0.47173451  0.49619334  0.54769828  0.54769828  0.49619334  0.50873504  0.48386214  0.66299661  0.60308798  0.45980381  0.72822754  0.42513193  0.40289424  0.42513193  0.54769828  0.53447961  0.56115916  0.47173451  0.60308798  0.61761341  0.47173451  0.38130992  0.45980381  0.45980381  0.96809142  0.71136885  0.72822754  0.71136885  0.71136885  0.48386214  0.49619334  0.57487127  0.52149457  0.56115916  0.71136885  0.64755528  0.63243183  0.66299661  0.61761341  
100_3_0    1.06930454  1.01695643  1.04266435  0.66299661  0.69488836  0.66299661  0.64755528  0.57487127  0.57487127  0.39202282  0.39202282  0.42513193  0.37075099  0.23694294  0.00000000  0.30080489  0.31039864  0.54769828  0.66299661  0.49619334  0.53447961  0.49619334  0.49619334  0.52149457  0.50873504  0.50873504  0.58884417  0.58884417  0.69488836  0.61761341  0.67876945  0.61761341  0.64755528  0.58884417  0.58884417  0.60308798  0.63243183  0.61761341  0.66299661  0.63243183  0.64755528  0.60308798  0.61761341  0.63243183  0.61761341  0.61761341  0.56115916  0.54769828  0.58884417  0.60308798  0.57487127  0.57487127  0.57487127  0.63243183  0.72822754  0.69488836  0.63243183  0.57487127  0.63243183  0.67876945  0.64755528  0.64755528  0.39202282  0.37075099  0.64755528  0.66299661  0.69488836  0.71136885  0.63243183  0.71136885  0.71136885  0.56115916  0.50873504  0.53447961  0.56115916  0.50873504  0.54769828  0.53447961  0.50873504  0.61761341  0.52149457  0.54769828  0.50873504  0.54769828  0.54769828  0.53447961  0.50873504  0.56115916  0.58884417  0.54769828  0.56115916  0.47173451  0.47173451  0.49619334  0.50873504  0.63243183  0.71136885  0.64755528  0.56115916  0.61761341  0.45980381  0.49619334  0.50873504  0.60308798  0.45980381  0.47173451  0.56115916  0.67876945  0.78125691  0.49619334  0.44806377  0.53447961  0.53447961  0.92227476  0.90039517  0.87914837  0.85849877  0.85849877  0.69488836  0.67876945  0.61761341  0.69488836  0.66299661  0.74548218  0.71136885  0.72822754  0.78125691  0.87914837  
25_27_0    1.12567066  0.92227476  0.96809142  0.74548218  0.74548218  0.69488836  0.81886321  0.79981947  0.78125691  0.48386214  0.48386214  0.43650838  0.38130992  0.31039864  0.30080489  0.00000000  0.36034166  0.61761341  0.60308798  0.66299661  0.58884417  0.60308798  0.56115916  0.63243183  0.57487127  0.57487127  0.61761341  0.58884417  0.67876945  0.57487127  0.69488836  0.58884417  0.61761341  0.63243183  0.66299661  0.63243183  0.66299661  0.64755528  0.66299661  0.74548218  0.57487127  0.72822754  0.64755528  0.61761341  0.64755528  0.64755528  0.57487127  0.67876945  0.66299661  0.63243183  0.63243183  0.69488836  0.69488836  0.78125691  0.85849877  0.78125691  0.74548218  0.79981947  0.79981947  0.81886321  0.71136885  0.71136885  0.54769828  0.56115916  0.67876945  0.72822754  0.66299661  0.64755528  0.57487127  0.69488836  0.69488836  0.66299661  0.72822754  0.72822754  0.67876945  0.66299661  0.67876945  0.63243183  0.54769828  0.64755528  0.69488836  0.66299661  0.66299661  0.71136885  0.58884417  0.56115916  0.60308798  0.53447961  0.69488836  0.64755528  0.64755528  0.57487127  0.57487127  0.56115916  0.54769828  0.64755528  0.66299661  0.53447961  0.56115916  0.78125691  0.52149457  0.60308798  0.58884417  0.76315182  0.58884417  0.57487127  0.60308798  0.76315182  0.74548218  0.53447961  0.52149457  0.60308798  0.60308798  0.85849877  0.81886321  0.79981947  0.81886321  0.81886321  0.66299661  0.63243183  0.64755528  0.64755528  0.63243183  0.67876945  0.61761341  0.63243183  0.71136885  0.72822754  
100_27_0   0.87914837  1.04266435  1.01695643  0.67876945  0.67876945  0.66299661  0.64755528  0.54769828  0.58884417  0.52149457  0.52149457  0.49619334  0.49619334  0.27275315  0.31039864  0.36034166  0.00000000  0.60308798  0.72822754  0.57487127  0.54769828  0.54769828  0.53447961  0.52149457  0.66299661  0.66299661  0.67876945  0.61761341  0.66299661  0.69488836  0.69488836  0.60308798  0.61761341  0.60308798  0.63243183  0.66299661  0.63243183  0.64755528  0.76315182  0.63243183  0.67876945  0.63243183  0.66299661  0.57487127  0.57487127  0.57487127  0.57487127  0.61761341  0.67876945  0.66299661  0.66299661  0.76315182  0.76315182  0.74548218  0.83841374  0.63243183  0.64755528  0.74548218  0.79981947  0.79981947  0.76315182  0.76315182  0.52149457  0.49619334  0.78125691  0.72822754  0.76315182  0.78125691  0.67876945  0.60308798  0.60308798  0.54769828  0.58884417  0.57487127  0.61761341  0.54769828  0.49619334  0.61761341  0.48386214  0.57487127  0.63243183  0.60308798  0.57487127  0.58884417  0.60308798  0.61761341  0.57487127  0.61761341  0.61761341  0.58884417  0.56115916  0.64755528  0.64755528  0.64755528  0.66299661  0.61761341  0.79981947  0.63243183  0.76315182  0.81886321  0.54769828  0.60308798  0.53447961  0.58884417  0.66299661  0.64755528  0.52149457  0.74548218  0.71136885  0.53447961  0.56115916  0.57487127  0.60308798  0.81886321  0.79981947  0.78125691  0.76315182  0.76315182  0.78125691  0.67876945  0.69488836  0.64755528  0.69488836  0.74548218  0.67876945  0.66299661  0.83841374  0.71136885  
77_8_0     1.06930454  1.09694718  1.15556297  0.69488836  0.60308798  0.69488836  0.61761341  0.58884417  0.58884417  0.64755528  0.64755528  0.57487127  0.66299661  0.43650838  0.54769828  0.61761341  0.60308798  0.00000000  0.23694294  0.33995527  0.17819088  0.21967180  0.29133480  0.30080489  0.35007776  0.35007776  0.28198523  0.28198523  0.39202282  0.38130992  0.33995527  0.49619334  0.43650838  0.44806377  0.40289424  0.47173451  0.47173451  0.48386214  0.43650838  0.44806377  0.40289424  0.58884417  0.47173451  0.43650838  0.45980381  0.44806377  0.35007776  0.39202282  0.52149457  0.38130992  0.39202282  0.47173451  0.47173451  0.38130992  0.39202282  0.43650838  0.39202282  0.36034166  0.35007776  0.38130992  0.49619334  0.50873504  0.31039864  0.33995527  0.66299661  0.63243183  0.57487127  0.56115916  0.64755528  0.58884417  0.60308798  0.56115916  0.57487127  0.57487127  0.60308798  0.60308798  0.57487127  0.67876945  0.56115916  0.47173451  0.60308798  0.56115916  0.63243183  0.60308798  0.50873504  0.57487127  0.60308798  0.64755528  0.63243183  0.64755528  0.64755528  0.67876945  0.67876945  0.67876945  0.69488836  0.56115916  0.61761341  0.60308798  0.53447961  0.74548218  0.47173451  0.52149457  0.50873504  0.53447961  0.48386214  0.56115916  0.56115916  0.57487127  0.54769828  0.60308798  0.50873504  0.56115916  0.57487127  0.79981947  0.79981947  0.78125691  0.78125691  0.78125691  0.58884417  0.64755528  0.63243183  0.72822754  0.74548218  0.74548218  0.71136885  0.72822754  0.71136885  0.60308798  
11_18_0    1.28901693  0.92227476  0.96809142  0.74548218  0.60308798  0.67876945  0.74548218  0.69488836  0.66299661  0.63243183  0.63243183  0.58884417  0.69488836  0.56115916  0.66299661  0.60308798  0.72822754  0.23694294  0.00000000  0.38130992  0.31039864  0.31039864  0.37075099  0.40289424  0.43650838  0.43650838  0.38130992  0.37075099  0.47173451  0.38130992  0.41392895  0.54769828  0.49619334  0.56115916  0.53447961  0.64755528  0.64755528  0.66299661  0.50873504  0.50873504  0.43650838  0.60308798  0.50873504  0.50873504  0.50873504  0.49619334  0.40289424  0.52149457  0.56115916  0.53447961  0.54769828  0.58884417  0.58884417  0.56115916  0.53447961  0.54769828  0.54769828  0.52149457  0.52149457  0.50873504  0.53447961  0.54769828  0.43650838  0.42513193  0.71136885  0.72822754  0.61761341  0.63243183  0.69488836  0.57487127  0.60308798  0.60308798  0.60308798  0.63243183  0.64755528  0.60308798  0.63243183  0.76315182  0.79981947  0.57487127  0.64755528  0.60308798  0.76315182  0.72822754  0.57487127  0.58884417  0.63243183  0.54769828  0.61761341  0.66299661  0.69488836  0.67876945  0.67876945  0.61761341  0.63243183  0.57487127  0.76315182  0.61761341  0.53447961  0.87914837  0.63243183  0.69488836  0.56115916  0.64755528  0.58884417  0.63243183  0.72822754  0.67876945  0.66299661  0.61761341  0.60308798  0.66299661  0.67876945  0.94482600  0.81886321  0.83841374  0.87914837  0.87914837  0.66299661  0.72822754  0.67876945  0.78125691  0.81886321  0.71136885  0.66299661  0.67876945  0.69488836  0.69488836  
11_8_0     1.18672327  1.15556297  0.99211774  0.67876945  0.67876945  0.64755528  0.66299661  0.64755528  0.61761341  0.58884417  0.58884417  0.60308798  0.69488836  0.57487127  0.49619334  0.66299661  0.57487127  0.33995527  0.38130992  0.00000000  0.24573319  0.23694294  0.33995527  0.32011933  0.42513193  0.42513193  0.44806377  0.45980381  0.43650838  0.47173451  0.43650838  0.57487127  0.50873504  0.49619334  0.40289424  0.58884417  0.58884417  0.57487127  0.45980381  0.49619334  0.49619334  0.57487127  0.57487127  0.47173451  0.47173451  0.45980381  0.48386214  0.43650838  0.64755528  0.52149457  0.50873504  0.54769828  0.54769828  0.54769828  0.58884417  0.56115916  0.54769828  0.52149457  0.57487127  0.61761341  0.56115916  0.57487127  0.43650838  0.41392895  0.61761341  0.60308798  0.60308798  0.61761341  0.79981947  0.60308798  0.61761341  0.48386214  0.53447961  0.56115916  0.58884417  0.52149457  0.49619334  0.69488836  0.53447961  0.53447961  0.53447961  0.54769828  0.61761341  0.61761341  0.54769828  0.56115916  0.58884417  0.58884417  0.53447961  0.60308798  0.58884417  0.63243183  0.63243183  0.60308798  0.61761341  0.56115916  0.67876945  0.74548218  0.64755528  0.78125691  0.52149457  0.61761341  0.58884417  0.56115916  0.56115916  0.63243183  0.60308798  0.81886321  0.83841374  0.64755528  0.57487127  0.56115916  0.57487127  0.79981947  0.76315182  0.74548218  0.74548218  0.74548218  0.85849877  0.94482600  0.92227476  0.78125691  0.85849877  0.81886321  0.78125691  0.74548218  0.76315182  0.85849877  
34_8_0     1.06930454  1.09694718  1.06930454  0.67876945  0.63243183  0.67876945  0.74548218  0.60308798  0.57487127  0.56115916  0.56115916  0.57487127  0.81886321  0.54769828  0.53447961  0.58884417  0.54769828  0.17819088  0.31039864  0.24573319  0.00000000  0.04569587  0.29133480  0.30080489  0.31039864  0.31039864  0.25462988  0.27275315  0.33995527  0.37075099  0.36034166  0.45980381  0.41392895  0.45980381  0.42513193  0.43650838  0.43650838  0.44806377  0.39202282  0.44806377  0.41392895  0.54769828  0.45980381  0.41392895  0.41392895  0.42513193  0.36034166  0.42513193  0.52149457  0.39202282  0.40289424  0.41392895  0.41392895  0.43650838  0.45980381  0.44806377  0.48386214  0.41392895  0.44806377  0.43650838  0.50873504  0.49619334  0.39202282  0.40289424  0.60308798  0.60308798  0.60308798  0.58884417  0.64755528  0.54769828  0.56115916  0.45980381  0.53447961  0.53447961  0.60308798  0.54769828  0.54769828  0.66299661  0.56115916  0.44806377  0.54769828  0.53447961  0.64755528  0.64755528  0.50873504  0.54769828  0.56115916  0.57487127  0.67876945  0.66299661  0.60308798  0.57487127  0.57487127  0.57487127  0.58884417  0.48386214  0.52149457  0.56115916  0.47173451  0.66299661  0.44806377  0.57487127  0.49619334  0.57487127  0.47173451  0.53447961  0.48386214  0.67876945  0.64755528  0.53447961  0.48386214  0.56115916  0.57487127  0.79981947  0.76315182  0.74548218  0.78125691  0.78125691  0.79981947  0.87914837  0.81886321  0.87914837  0.87914837  0.72822754  0.69488836  0.66299661  0.72822754  0.69488836  
34_20_0    1.06930454  1.04266435  1.01695643  0.61761341  0.57487127  0.61761341  0.67876945  0.54769828  0.54769828  0.52149457  0.52149457  0.53447961  0.78125691  0.56115916  0.49619334  0.60308798  0.54769828  0.21967180  0.31039864  0.23694294  0.04569587  0.00000000  0.25462988  0.32011933  0.30080489  0.30080489  0.27275315  0.29133480  0.36034166  0.36034166  0.40289424  0.45980381  0.44806377  0.50873504  0.47173451  0.48386214  0.48386214  0.49619334  0.41392895  0.47173451  0.47173451  0.52149457  0.48386214  0.43650838  0.41392895  0.42513193  0.36034166  0.44806377  0.57487127  0.43650838  0.42513193  0.45980381  0.45980381  0.43650838  0.48386214  0.42513193  0.50873504  0.43650838  0.47173451  0.45980381  0.45980381  0.44806377  0.35007776  0.33995527  0.60308798  0.60308798  0.60308798  0.61761341  0.67876945  0.54769828  0.56115916  0.43650838  0.53447961  0.56115916  0.66299661  0.60308798  0.52149457  0.63243183  0.56115916  0.49619334  0.52149457  0.50873504  0.67876945  0.67876945  0.50873504  0.57487127  0.57487127  0.56115916  0.60308798  0.61761341  0.58884417  0.56115916  0.56115916  0.56115916  0.57487127  0.45980381  0.57487127  0.56115916  0.47173451  0.67876945  0.49619334  0.60308798  0.47173451  0.53447961  0.44806377  0.50873504  0.50873504  0.61761341  0.64755528  0.53447961  0.48386214  0.54769828  0.56115916  0.92227476  0.83841374  0.81886321  0.85849877  0.85849877  0.79981947  0.87914837  0.81886321  0.92227476  0.90039517  0.72822754  0.69488836  0.66299661  0.76315182  0.69488836  
44_8_0     0.90039517  0.94482600  0.92227476  0.60308798  0.60308798  0.64755528  0.64755528  0.58884417  0.58884417  0.47173451  0.47173451  0.45980381  0.63243183  0.57487127  0.49619334  0.56115916  0.53447961  0.29133480  0.37075099  0.33995527  0.29133480  0.25462988  0.00000000  0.17819088  0.35007776  0.35007776  0.29133480  0.29133480  0.28198523  0.32997036  0.37075099  0.42513193  0.47173451  0.42513193  0.41392895  0.44806377  0.44806377  0.45980381  0.42513193  0.39202282  0.40289424  0.54769828  0.39202282  0.33995527  0.32011933  0.32997036  0.33995527  0.47173451  0.50873504  0.42513193  0.43650838  0.43650838  0.43650838  0.48386214  0.49619334  0.41392895  0.47173451  0.42513193  0.42513193  0.47173451  0.49619334  0.48386214  0.32011933  0.31039864  0.61761341  0.61761341  0.57487127  0.58884417  0.63243183  0.61761341  0.63243183  0.45980381  0.58884417  0.58884417  0.57487127  0.57487127  0.49619334  0.60308798  0.56115916  0.57487127  0.58884417  0.57487127  0.69488836  0.69488836  0.50873504  0.56115916  0.63243183  0.54769828  0.66299661  0.58884417  0.58884417  0.56115916  0.56115916  0.53447961  0.52149457  0.57487127  0.56115916  0.54769828  0.63243183  0.69488836  0.49619334  0.61761341  0.50873504  0.53447961  0.47173451  0.49619334  0.58884417  0.64755528  0.64755528  0.49619334  0.42513193  0.52149457  0.53447961  0.79981947  0.81886321  0.79981947  0.83841374  0.83841374  0.69488836  0.66299661  0.67876945  0.76315182  0.79981947  0.74548218  0.67876945  0.66299661  0.67876945  0.66299661  
44_16_0    0.85849877  1.04266435  1.06930454  0.67876945  0.60308798  0.64755528  0.57487127  0.63243183  0.60308798  0.47173451  0.47173451  0.49619334  0.69488836  0.61761341  0.52149457  0.63243183  0.52149457  0.30080489  0.40289424  0.32011933  0.30080489  0.32011933  0.17819088  0.00000000  0.39202282  0.39202282  0.30080489  0.30080489  0.36034166  0.41392895  0.32997036  0.40289424  0.52149457  0.44806377  0.42513193  0.42513193  0.42513193  0.43650838  0.38130992  0.38130992  0.43650838  0.61761341  0.42513193  0.38130992  0.36034166  0.35007776  0.38130992  0.42513193  0.42513193  0.38130992  0.43650838  0.47173451  0.47173451  0.50873504  0.44806377  0.47173451  0.44806377  0.44806377  0.43650838  0.49619334  0.45980381  0.47173451  0.36034166  0.36034166  0.79981947  0.76315182  0.64755528  0.66299661  0.69488836  0.67876945  0.69488836  0.54769828  0.52149457  0.54769828  0.53447961  0.57487127  0.52149457  0.71136885  0.66299661  0.52149457  0.60308798  0.58884417  0.66299661  0.66299661  0.58884417  0.49619334  0.49619334  0.53447961  0.58884417  0.57487127  0.57487127  0.54769828  0.54769828  0.49619334  0.52149457  0.58884417  0.54769828  0.56115916  0.67876945  0.66299661  0.48386214  0.54769828  0.50873504  0.53447961  0.49619334  0.58884417  0.52149457  0.72822754  0.72822754  0.49619334  0.50873504  0.61761341  0.63243183  0.72822754  0.87914837  0.90039517  0.90039517  0.90039517  0.79981947  0.78125691  0.78125691  0.79981947  0.85849877  0.78125691  0.71136885  0.69488836  0.69488836  0.72822754  
31_8_0     1.12567066  0.90039517  0.87914837  0.56115916  0.63243183  0.52149457  0.56115916  0.58884417  0.60308798  0.53447961  0.53447961  0.50873504  0.60308798  0.45980381  0.50873504  0.57487127  0.66299661  0.35007776  0.43650838  0.42513193  0.31039864  0.30080489  0.35007776  0.39202282  0.00000000  0.00000000  0.18630181  0.20279736  0.28198523  0.43650838  0.43650838  0.42513193  0.43650838  0.50873504  0.49619334  0.42513193  0.44806377  0.43650838  0.49619334  0.49619334  0.42513193  0.52149457  0.49619334  0.41392895  0.41392895  0.42513193  0.48386214  0.53447961  0.60308798  0.48386214  0.43650838  0.48386214  0.48386214  0.48386214  0.44806377  0.50873504  0.45980381  0.45980381  0.60308798  0.54769828  0.50873504  0.49619334  0.28198523  0.32011933  0.60308798  0.60308798  0.58884417  0.57487127  0.61761341  0.66299661  0.67876945  0.50873504  0.60308798  0.60308798  0.57487127  0.57487127  0.56115916  0.66299661  0.49619334  0.72822754  0.56115916  0.52149457  0.71136885  0.67876945  0.57487127  0.58884417  0.64755528  0.60308798  0.71136885  0.64755528  0.64755528  0.61761341  0.61761341  0.57487127  0.56115916  0.47173451  0.63243183  0.57487127  0.56115916  0.61761341  0.44806377  0.47173451  0.41392895  0.53447961  0.52149457  0.50873504  0.52149457  0.58884417  0.64755528  0.54769828  0.42513193  0.52149457  0.53447961  0.87914837  0.83841374  0.85849877  0.83841374  0.83841374  0.74548218  0.76315182  0.79981947  0.74548218  0.71136885  0.74548218  0.69488836  0.67876945  0.72822754  0.78125691  
