20
16_0_0     0.00000000  0.04837225  0.28830091  0.14028347  0.14028347  0.13514726  0.17188142  0.16119649  0.16651946  0.27578956  0.26961318  0.26961318  0.33385569  0.32054818  0.34740962  0.31398407  0.31398407  0.34060128  0.35428189  0.33385569  
17_0_0     0.04837225  0.00000000  0.32054818  0.15066529  0.15066529  0.14545597  0.20490521  0.18272464  0.17728295  0.26348847  0.25741460  0.25741460  0.30747830  0.30747830  0.33385569  0.32717169  0.32717169  0.34060128  0.35428189  0.32054818  
15_0_0     0.28830091  0.32054818  0.00000000  0.18820709  0.18820709  0.19373091  0.21625276  0.22777899  0.21055700  0.32717169  0.36121928  0.36121928  0.34740962  0.38964571  0.38964571  0.38964571  0.38964571  0.40428393  0.38243494  0.38243494  
19_0_0     0.14028347  0.15066529  0.18820709  0.00000000  0.00000000  0.00426774  0.07616969  0.10506462  0.10016889  0.23361090  0.25139071  0.26348847  0.28201851  0.28201851  0.28830091  0.31398407  0.31398407  0.30747830  0.30747830  0.28830091  
12_0_0     0.14028347  0.15066529  0.18820709  0.00000000  0.00000000  0.00426774  0.07616969  0.10506462  0.10016889  0.23361090  0.25139071  0.26348847  0.28201851  0.28201851  0.28830091  0.31398407  0.31398407  0.30747830  0.30747830  0.28830091  
20_0_0     0.13514726  0.14545597  0.19373091  0.00426774  0.00426774  0.00000000  0.07146286  0.10999331  0.10506462  0.22777899  0.24541599  0.25741460  0.27578956  0.27578956  0.28201851  0.30747830  0.30747830  0.30102985  0.30102985  0.28201851  
13_0_0     0.17188142  0.20490521  0.21625276  0.07616969  0.07616969  0.07146286  0.00000000  0.15066529  0.13514726  0.25139071  0.26961318  0.26961318  0.30747830  0.32054818  0.30747830  0.29463771  0.29463771  0.29463771  0.30747830  0.32054818  
14_0_0     0.16119649  0.18272464  0.22777899  0.10506462  0.10506462  0.10999331  0.15066529  0.00000000  0.01287859  0.25741460  0.25139071  0.25139071  0.28830091  0.29463771  0.29463771  0.30102985  0.30102985  0.31398407  0.32054818  0.32054818  
18_0_0     0.16651946  0.17728295  0.21055700  0.10016889  0.10016889  0.10506462  0.13514726  0.01287859  0.00000000  0.25741460  0.26348847  0.26348847  0.27578956  0.29463771  0.29463771  0.31398407  0.31398407  0.31398407  0.32054818  0.32054818  
10_0_0     0.27578956  0.26348847  0.32717169  0.23361090  0.23361090  0.22777899  0.25139071  0.25741460  0.25741460  0.00000000  0.04837225  0.06678609  0.14028347  0.13514726  0.14545597  0.15591195  0.15591195  0.14545597  0.15066529  0.14545597  
7_0_0      0.26961318  0.25741460  0.36121928  0.25139071  0.25139071  0.24541599  0.26961318  0.25139071  0.26348847  0.04837225  0.00000000  0.01722231  0.13514726  0.11995140  0.13004684  0.14028347  0.14028347  0.14028347  0.13514726  0.13004684  
11_0_0     0.26961318  0.25741460  0.36121928  0.26348847  0.26348847  0.25741460  0.26961318  0.25139071  0.26348847  0.06678609  0.01722231  0.00000000  0.15591195  0.14028347  0.15066529  0.14028347  0.14028347  0.14028347  0.13514726  0.13004684  
6_0_0      0.33385569  0.30747830  0.34740962  0.28201851  0.28201851  0.27578956  0.30747830  0.28830091  0.27578956  0.14028347  0.13514726  0.15591195  0.00000000  0.08567516  0.10016889  0.15591195  0.15591195  0.15591195  0.14545597  0.15066529  
1_0_0      0.32054818  0.30747830  0.38964571  0.28201851  0.28201851  0.27578956  0.32054818  0.29463771  0.29463771  0.13514726  0.11995140  0.14028347  0.08567516  0.00000000  0.04837225  0.11995140  0.11995140  0.14028347  0.12498172  0.13004684  
9_0_0      0.34740962  0.33385569  0.38964571  0.28830091  0.28830091  0.28201851  0.30747830  0.29463771  0.29463771  0.14545597  0.13004684  0.15066529  0.10016889  0.04837225  0.00000000  0.14545597  0.14545597  0.16119649  0.14545597  0.15066529  
2_0_0      0.31398407  0.32717169  0.38964571  0.31398407  0.31398407  0.30747830  0.29463771  0.30102985  0.31398407  0.15591195  0.14028347  0.14028347  0.15591195  0.11995140  0.14545597  0.00000000  0.00000000  0.13004684  0.13514726  0.13004684  
8_0_0      0.31398407  0.32717169  0.38964571  0.31398407  0.31398407  0.30747830  0.29463771  0.30102985  0.31398407  0.15591195  0.14028347  0.14028347  0.15591195  0.11995140  0.14545597  0.00000000  0.00000000  0.13004684  0.13514726  0.13004684  
5_0_0      0.34060128  0.34060128  0.40428393  0.30747830  0.30747830  0.30102985  0.29463771  0.31398407  0.31398407  0.14545597  0.14028347  0.14028347  0.15591195  0.14028347  0.16119649  0.13004684  0.13004684  0.00000000  0.07616969  0.10999331  
3_0_0      0.35428189  0.35428189  0.38243494  0.30747830  0.30747830  0.30102985  0.30747830  0.32054818  0.32054818  0.15066529  0.13514726  0.13514726  0.14545597  0.12498172  0.14545597  0.13514726  0.13514726  0.07616969  0.00000000  0.04837225  
4_0_0      0.33385569  0.32054818  0.38243494  0.28830091  0.28830091  0.28201851  0.32054818  0.32054818  0.32054818  0.14545597  0.13004684  0.13004684  0.15066529  0.13004684  0.15066529  0.13004684  0.13004684  0.10999331  0.04837225  0.00000000  

