163
47_4_0     0.00000000  0.09268246  0.09268246  0.09789464  0.08236610  0.07726093  0.08236610  0.07219047  0.17496876  0.14651943  0.16919143  0.16919143  0.15776930  0.15776930  0.15776930  0.16919143  0.22908276  0.21671363  0.21671363  0.22287256  0.22287256  0.24802974  0.19257416  0.16919143  0.20454625  0.22287256  0.21060513  0.21060513  0.19853619  0.21671363  0.21060513  0.19853619  0.25445387  0.24802974  0.25445387  0.25445387  0.18079118  0.22908276  0.22287256  0.19257416  0.19257416  0.19257416  0.19853619  0.19853619  0.18079118  0.19853619  0.30104199  0.30794147  0.30104199  0.28743157  0.28071837  0.28743157  0.30104199  0.29420574  0.27406504  0.27406504  0.28071837  0.28071837  0.27406504  0.26093381  0.26093381  0.27406504  0.26747053  0.26747053  0.21060513  0.25445387  0.26093381  0.28743157  0.28071837  0.30104199  0.29420574  0.29420574  0.34342983  0.33619580  0.35073469  0.34342983  0.28071837  0.27406504  0.26093381  0.26747053  0.27406504  0.28743157  0.28743157  0.32903126  0.32903126  0.33619580  0.29420574  0.28743157  0.31490536  0.20454625  0.19853619  0.19853619  0.23534510  0.23534510  0.22908276  0.26093381  0.24802974  0.24802974  0.25445387  0.25445387  0.24166046  0.26093381  0.26093381  0.26747053  0.24802974  0.23534510  0.23534510  0.24166046  0.24802974  0.25445387  0.24802974  0.26093381  0.26093381  0.26093381  0.24802974  0.25445387  0.28743157  0.26093381  0.26093381  0.27406504  0.26093381  0.24802974  0.24802974  0.24166046  0.24166046  0.22908276  0.22287256  0.25445387  0.26093381  0.24802974  0.23534510  0.24802974  0.25445387  0.24166046  0.22908276  0.23534510  0.24166046  0.24802974  0.23534510  0.24166046  0.22908276  0.24802974  0.18079118  0.20454625  0.23534510  0.21671363  0.22287256  0.19853619  0.21060513  0.37308855  0.36556259  0.38069122  0.38837217  0.39613303  0.35811180  0.35811180  0.34342983  0.35073469  0.34342983  0.37308855  0.37308855  0.22908276  0.24166046  
47_5_0     0.09268246  0.00000000  0.02804353  0.03282168  0.07219047  0.05718264  0.06215178  0.06715424  0.19257416  0.18079118  0.14651943  0.14651943  0.13543671  0.13543671  0.15776930  0.16919143  0.25445387  0.26747053  0.26747053  0.22908276  0.24802974  0.22908276  0.19853619  0.17496876  0.23534510  0.21671363  0.22287256  0.24166046  0.23534510  0.24166046  0.24166046  0.23534510  0.26093381  0.25445387  0.26093381  0.26093381  0.21060513  0.24166046  0.23534510  0.18665941  0.18665941  0.18665941  0.19257416  0.18079118  0.20454625  0.19853619  0.30104199  0.30794147  0.30794147  0.30104199  0.30104199  0.30794147  0.30794147  0.31490536  0.32193487  0.30794147  0.31490536  0.29420574  0.30104199  0.28071837  0.30104199  0.29420574  0.28071837  0.28743157  0.28071837  0.26093381  0.28071837  0.28071837  0.27406504  0.32903126  0.32193487  0.33619580  0.30104199  0.39613303  0.39613303  0.40397549  0.27406504  0.27406504  0.25445387  0.26093381  0.28071837  0.28071837  0.28071837  0.35811180  0.35811180  0.36556259  0.33619580  0.32903126  0.33619580  0.24802974  0.23534510  0.23534510  0.26093381  0.26093381  0.24166046  0.25445387  0.28743157  0.28743157  0.24802974  0.24802974  0.25445387  0.25445387  0.26747053  0.27406504  0.26747053  0.25445387  0.28743157  0.26747053  0.28743157  0.23534510  0.22908276  0.23534510  0.23534510  0.23534510  0.22287256  0.23534510  0.25445387  0.27406504  0.26747053  0.28071837  0.27406504  0.26747053  0.25445387  0.25445387  0.27406504  0.27406504  0.21060513  0.24166046  0.26093381  0.23534510  0.24802974  0.24802974  0.24166046  0.22287256  0.22287256  0.21671363  0.24802974  0.22908276  0.23534510  0.23534510  0.23534510  0.22908276  0.23534510  0.26093381  0.26747053  0.28743157  0.28071837  0.24166046  0.25445387  0.38837217  0.38069122  0.42801004  0.43619677  0.39613303  0.34342983  0.39613303  0.38069122  0.38837217  0.36556259  0.40397549  0.40397549  0.22908276  0.24166046  
47_7_0     0.09268246  0.02804353  0.00000000  0.04247081  0.08236610  0.06715424  0.06215178  0.07726093  0.19257416  0.18079118  0.14651943  0.14651943  0.13543671  0.13543671  0.14651943  0.15776930  0.24802974  0.26093381  0.26093381  0.22287256  0.24166046  0.24802974  0.17496876  0.15212316  0.22908276  0.21060513  0.22908276  0.23534510  0.22908276  0.24166046  0.23534510  0.24166046  0.25445387  0.26093381  0.25445387  0.25445387  0.20454625  0.24802974  0.24166046  0.18079118  0.18079118  0.18079118  0.17496876  0.16345850  0.21060513  0.20454625  0.31490536  0.32193487  0.33619580  0.32193487  0.30794147  0.31490536  0.31490536  0.33619580  0.30104199  0.30104199  0.29420574  0.28743157  0.28071837  0.28071837  0.30104199  0.28743157  0.29420574  0.28743157  0.27406504  0.26093381  0.29420574  0.29420574  0.28743157  0.32193487  0.31490536  0.34342983  0.29420574  0.38837217  0.40397549  0.41190127  0.28071837  0.28071837  0.27406504  0.28071837  0.28743157  0.29420574  0.29420574  0.36556259  0.36556259  0.37308855  0.32903126  0.32193487  0.32903126  0.23534510  0.22287256  0.22287256  0.28071837  0.28071837  0.24166046  0.24166046  0.26093381  0.26093381  0.26747053  0.26747053  0.26093381  0.24802974  0.24802974  0.26747053  0.26093381  0.24802974  0.27406504  0.25445387  0.28071837  0.24166046  0.23534510  0.24166046  0.24166046  0.24166046  0.24166046  0.25445387  0.26093381  0.26093381  0.26747053  0.28071837  0.28743157  0.26747053  0.26093381  0.26093381  0.28743157  0.28743157  0.22908276  0.26093381  0.28743157  0.26093381  0.24802974  0.24802974  0.26093381  0.24166046  0.24166046  0.23534510  0.25445387  0.24802974  0.25445387  0.25445387  0.25445387  0.24802974  0.24802974  0.26093381  0.26747053  0.28743157  0.28071837  0.22908276  0.24166046  0.39613303  0.38837217  0.40397549  0.41190127  0.37308855  0.33619580  0.39613303  0.38069122  0.38837217  0.38069122  0.41991217  0.41991217  0.24166046  0.25445387  
47_6_0     0.09789464  0.03282168  0.04247081  0.00000000  0.05718264  0.05224639  0.05718264  0.07219047  0.18665941  0.16919143  0.14095749  0.14095749  0.14095749  0.14095749  0.15212316  0.16345850  0.25445387  0.25445387  0.25445387  0.22287256  0.24166046  0.21671363  0.18665941  0.16345850  0.21671363  0.21060513  0.21671363  0.22287256  0.21671363  0.21671363  0.22287256  0.21671363  0.24166046  0.23534510  0.25445387  0.25445387  0.19257416  0.22287256  0.21671363  0.17496876  0.17496876  0.17496876  0.18079118  0.16919143  0.21671363  0.21060513  0.30794147  0.31490536  0.30794147  0.29420574  0.28071837  0.28743157  0.30104199  0.29420574  0.30104199  0.28743157  0.29420574  0.27406504  0.28071837  0.30104199  0.32193487  0.31490536  0.28743157  0.30794147  0.29420574  0.26093381  0.28071837  0.28743157  0.28071837  0.32903126  0.32193487  0.33619580  0.30104199  0.38069122  0.38069122  0.38837217  0.30104199  0.30104199  0.28071837  0.28743157  0.26747053  0.27406504  0.27406504  0.36556259  0.36556259  0.37308855  0.28743157  0.28071837  0.28743157  0.23534510  0.21060513  0.21060513  0.26747053  0.26747053  0.23534510  0.23534510  0.28071837  0.28071837  0.25445387  0.25445387  0.26093381  0.26093381  0.26093381  0.28071837  0.26093381  0.24802974  0.27406504  0.25445387  0.28071837  0.24166046  0.23534510  0.24166046  0.24166046  0.24166046  0.22908276  0.24166046  0.27406504  0.27406504  0.25445387  0.26747053  0.27406504  0.28071837  0.26093381  0.26093381  0.27406504  0.27406504  0.20454625  0.23534510  0.25445387  0.22908276  0.23534510  0.23534510  0.23534510  0.21671363  0.21671363  0.21060513  0.24802974  0.22287256  0.24166046  0.22908276  0.24166046  0.22287256  0.24802974  0.26093381  0.28071837  0.27406504  0.26747053  0.21671363  0.22908276  0.37308855  0.36556259  0.41190127  0.41991217  0.38069122  0.34342983  0.38837217  0.37308855  0.38069122  0.38069122  0.38069122  0.38069122  0.21671363  0.22908276  
15_2_0     0.08236610  0.07219047  0.08236610  0.05718264  0.00000000  0.02329578  0.02804353  0.04734259  0.16919143  0.15212316  0.14095749  0.14095749  0.12995648  0.12995648  0.12995648  0.14095749  0.25445387  0.24166046  0.24166046  0.21671363  0.24166046  0.20454625  0.18079118  0.14651943  0.21671363  0.19853619  0.18665941  0.22287256  0.21671363  0.20454625  0.21060513  0.21060513  0.24166046  0.23534510  0.25445387  0.25445387  0.19257416  0.22287256  0.21671363  0.16919143  0.16919143  0.16919143  0.17496876  0.16345850  0.19853619  0.20454625  0.28743157  0.29420574  0.30794147  0.30794147  0.29420574  0.28743157  0.28743157  0.28071837  0.28743157  0.27406504  0.28071837  0.26747053  0.27406504  0.25445387  0.28743157  0.29420574  0.25445387  0.28071837  0.24802974  0.26093381  0.29420574  0.26747053  0.26093381  0.30794147  0.30104199  0.31490536  0.30104199  0.35811180  0.36556259  0.35811180  0.26747053  0.28071837  0.25445387  0.26093381  0.25445387  0.25445387  0.25445387  0.38069122  0.38069122  0.38837217  0.30104199  0.30794147  0.30794147  0.20454625  0.19853619  0.19853619  0.22908276  0.22908276  0.23534510  0.22908276  0.25445387  0.25445387  0.24166046  0.24166046  0.25445387  0.22908276  0.24166046  0.25445387  0.24166046  0.22908276  0.22908276  0.23534510  0.26747053  0.22287256  0.21671363  0.21671363  0.21671363  0.21671363  0.20454625  0.22287256  0.26747053  0.26747053  0.25445387  0.26747053  0.23534510  0.23534510  0.21671363  0.23534510  0.26093381  0.26093381  0.19853619  0.22287256  0.23534510  0.22287256  0.21671363  0.22908276  0.22908276  0.21060513  0.19853619  0.20454625  0.22287256  0.21671363  0.20454625  0.21060513  0.19853619  0.20454625  0.22287256  0.23534510  0.24802974  0.22908276  0.23534510  0.21671363  0.21671363  0.37308855  0.38069122  0.41190127  0.41991217  0.38069122  0.35811180  0.40397549  0.40397549  0.39613303  0.38837217  0.37308855  0.37308855  0.19853619  0.21060513  
23_2_0     0.07726093  0.05718264  0.06715424  0.05224639  0.02329578  0.00000000  0.01388999  0.03282168  0.14651943  0.12995648  0.14651943  0.14651943  0.13543671  0.13543671  0.14651943  0.15776930  0.23534510  0.23534510  0.23534510  0.21060513  0.24802974  0.21671363  0.16919143  0.13543671  0.21671363  0.19853619  0.18665941  0.21060513  0.20454625  0.19257416  0.19853619  0.19853619  0.22908276  0.22287256  0.25445387  0.25445387  0.18079118  0.21060513  0.20454625  0.16345850  0.16345850  0.16345850  0.16919143  0.15776930  0.19853619  0.20454625  0.29420574  0.30104199  0.29420574  0.29420574  0.29420574  0.28743157  0.30104199  0.29420574  0.28743157  0.27406504  0.28071837  0.26747053  0.27406504  0.25445387  0.30104199  0.29420574  0.25445387  0.26747053  0.26093381  0.26093381  0.28071837  0.25445387  0.24802974  0.29420574  0.28743157  0.30104199  0.28743157  0.35811180  0.36556259  0.37308855  0.26747053  0.28071837  0.24166046  0.24802974  0.24166046  0.24166046  0.24166046  0.38069122  0.38069122  0.38837217  0.29420574  0.30104199  0.30104199  0.20454625  0.18665941  0.18665941  0.22908276  0.22908276  0.22287256  0.21671363  0.25445387  0.25445387  0.23534510  0.23534510  0.24802974  0.22908276  0.24166046  0.24802974  0.22908276  0.21671363  0.22908276  0.22287256  0.25445387  0.22287256  0.21671363  0.21671363  0.21671363  0.21671363  0.20454625  0.21060513  0.26747053  0.26747053  0.25445387  0.26747053  0.23534510  0.23534510  0.22908276  0.24802974  0.24802974  0.24802974  0.19853619  0.21060513  0.24802974  0.22287256  0.22908276  0.22908276  0.22908276  0.21060513  0.21060513  0.20454625  0.21671363  0.21671363  0.21671363  0.22287256  0.19853619  0.20454625  0.22287256  0.23534510  0.24802974  0.22908276  0.23534510  0.21671363  0.21671363  0.36556259  0.37308855  0.40397549  0.41190127  0.37308855  0.35073469  0.38069122  0.38069122  0.37308855  0.38069122  0.36556259  0.36556259  0.19257416  0.20454625  
38_2_0     0.08236610  0.06215178  0.06215178  0.05718264  0.02804353  0.01388999  0.00000000  0.03763065  0.15212316  0.13543671  0.15212316  0.15212316  0.14095749  0.14095749  0.14095749  0.15212316  0.24166046  0.22908276  0.22908276  0.20454625  0.22908276  0.22287256  0.17496876  0.14095749  0.22287256  0.19257416  0.19257416  0.21671363  0.21060513  0.19853619  0.20454625  0.20454625  0.22287256  0.22908276  0.26093381  0.26093381  0.19853619  0.21671363  0.21060513  0.17496876  0.17496876  0.17496876  0.16919143  0.15776930  0.20454625  0.21060513  0.28743157  0.29420574  0.28743157  0.28743157  0.30104199  0.29420574  0.30794147  0.30104199  0.28071837  0.28071837  0.27406504  0.26093381  0.26747053  0.24802974  0.30104199  0.28743157  0.27406504  0.27406504  0.24166046  0.24166046  0.27406504  0.26093381  0.25445387  0.30104199  0.29420574  0.32193487  0.29420574  0.35073469  0.35811180  0.36556259  0.24802974  0.27406504  0.24802974  0.25445387  0.23534510  0.23534510  0.23534510  0.38069122  0.38069122  0.38837217  0.30104199  0.30794147  0.30794147  0.19853619  0.19257416  0.19257416  0.24802974  0.24802974  0.22908276  0.21060513  0.26093381  0.26093381  0.22908276  0.22908276  0.24166046  0.23534510  0.24802974  0.25445387  0.23534510  0.22287256  0.23534510  0.22908276  0.26093381  0.21671363  0.21060513  0.21060513  0.21060513  0.21060513  0.21060513  0.22908276  0.24802974  0.24802974  0.24802974  0.26093381  0.25445387  0.25445387  0.23534510  0.25445387  0.25445387  0.25445387  0.20454625  0.22908276  0.25445387  0.22908276  0.22287256  0.22287256  0.23534510  0.21671363  0.21671363  0.21060513  0.23534510  0.22287256  0.22287256  0.22908276  0.20454625  0.21060513  0.22908276  0.24166046  0.24166046  0.23534510  0.24166046  0.22287256  0.22287256  0.37308855  0.36556259  0.38069122  0.38837217  0.35073469  0.34342983  0.38069122  0.38069122  0.37308855  0.38069122  0.36556259  0.36556259  0.19853619  0.21060513  
52_2_0     0.07219047  0.06715424  0.07726093  0.07219047  0.04734259  0.03282168  0.03763065  0.00000000  0.15212316  0.12451623  0.16345850  0.16345850  0.15212316  0.15212316  0.16345850  0.17496876  0.24166046  0.22908276  0.22908276  0.25445387  0.26747053  0.22287256  0.19853619  0.16345850  0.22287256  0.20454625  0.19257416  0.20454625  0.20454625  0.19853619  0.20454625  0.20454625  0.23534510  0.22908276  0.24802974  0.24802974  0.18665941  0.21671363  0.21060513  0.19257416  0.19257416  0.19257416  0.19853619  0.19853619  0.16919143  0.17496876  0.29420574  0.30104199  0.28071837  0.28071837  0.28071837  0.27406504  0.28743157  0.28071837  0.28071837  0.26747053  0.27406504  0.26093381  0.26747053  0.29420574  0.29420574  0.29420574  0.28743157  0.28071837  0.23534510  0.26093381  0.29420574  0.26747053  0.26093381  0.29420574  0.28743157  0.30104199  0.28743157  0.34342983  0.35073469  0.35811180  0.26093381  0.27406504  0.23534510  0.24166046  0.24166046  0.24166046  0.24166046  0.35811180  0.35811180  0.36556259  0.30794147  0.28743157  0.30104199  0.22287256  0.19257416  0.19257416  0.21671363  0.21671363  0.22287256  0.24166046  0.25445387  0.25445387  0.26747053  0.26747053  0.26747053  0.27406504  0.27406504  0.26747053  0.24802974  0.23534510  0.24802974  0.24166046  0.26093381  0.24166046  0.23534510  0.23534510  0.23534510  0.23534510  0.22287256  0.24166046  0.28743157  0.28743157  0.26093381  0.27406504  0.25445387  0.25445387  0.26093381  0.26747053  0.25445387  0.26747053  0.21671363  0.24166046  0.26747053  0.24166046  0.24802974  0.24802974  0.24802974  0.22908276  0.22908276  0.22287256  0.24802974  0.23534510  0.21060513  0.24166046  0.21671363  0.22287256  0.22908276  0.22908276  0.24166046  0.22287256  0.22908276  0.19853619  0.19853619  0.36556259  0.37308855  0.37308855  0.38069122  0.37308855  0.33619580  0.35811180  0.35811180  0.35073469  0.36556259  0.35811180  0.35811180  0.21060513  0.22287256  
50_8_0     0.17496876  0.19257416  0.19257416  0.18665941  0.16919143  0.14651943  0.15212316  0.15212316  0.00000000  0.02329578  0.21060513  0.21060513  0.19853619  0.19853619  0.20454625  0.20454625  0.28743157  0.26747053  0.26747053  0.28071837  0.32193487  0.28071837  0.21060513  0.19853619  0.26093381  0.26747053  0.25445387  0.21671363  0.22287256  0.23534510  0.22908276  0.23534510  0.24802974  0.24166046  0.26747053  0.26747053  0.23534510  0.26747053  0.26093381  0.22908276  0.22908276  0.22908276  0.23534510  0.23534510  0.22287256  0.23534510  0.41190127  0.41991217  0.32903126  0.32903126  0.35073469  0.34342983  0.36556259  0.36556259  0.32193487  0.30104199  0.31490536  0.34342983  0.33619580  0.32903126  0.32903126  0.34342983  0.33619580  0.31490536  0.30794147  0.32903126  0.35811180  0.33619580  0.32193487  0.35811180  0.35073469  0.35811180  0.35811180  0.37308855  0.39613303  0.40397549  0.34342983  0.35811180  0.31490536  0.32193487  0.32193487  0.30794147  0.30794147  0.39613303  0.39613303  0.40397549  0.38837217  0.38069122  0.39613303  0.24802974  0.26093381  0.24802974  0.26747053  0.26747053  0.28743157  0.28743157  0.30104199  0.30104199  0.26747053  0.26747053  0.28071837  0.32193487  0.30794147  0.30104199  0.28071837  0.26747053  0.28071837  0.27406504  0.30794147  0.32903126  0.32193487  0.32193487  0.32193487  0.32193487  0.30794147  0.30104199  0.35811180  0.36556259  0.30794147  0.33619580  0.32193487  0.32903126  0.32193487  0.31490536  0.29420574  0.30104199  0.30104199  0.31490536  0.33619580  0.32193487  0.32193487  0.32193487  0.31490536  0.31490536  0.31490536  0.32193487  0.34342983  0.33619580  0.30794147  0.32903126  0.30794147  0.32193487  0.24802974  0.28743157  0.26747053  0.30794147  0.31490536  0.26747053  0.28071837  0.35811180  0.35073469  0.37308855  0.38069122  0.41190127  0.34342983  0.38069122  0.36556259  0.37308855  0.36556259  0.41190127  0.41190127  0.24166046  0.24802974  
50_2_0     0.14651943  0.18079118  0.18079118  0.16919143  0.15212316  0.12995648  0.13543671  0.12451623  0.02329578  0.00000000  0.21060513  0.21060513  0.19853619  0.19853619  0.20454625  0.21671363  0.28743157  0.26093381  0.26093381  0.29420574  0.30794147  0.30104199  0.20454625  0.19257416  0.25445387  0.24802974  0.23534510  0.21060513  0.21060513  0.22908276  0.22287256  0.22908276  0.24166046  0.23534510  0.26747053  0.26747053  0.22908276  0.24802974  0.24166046  0.22287256  0.22287256  0.22287256  0.22908276  0.22908276  0.21060513  0.22287256  0.41991217  0.42801004  0.33619580  0.33619580  0.35811180  0.35073469  0.38069122  0.37308855  0.34342983  0.32193487  0.33619580  0.35073469  0.34342983  0.32193487  0.32193487  0.33619580  0.32193487  0.30794147  0.27406504  0.32903126  0.35811180  0.33619580  0.32193487  0.32193487  0.31490536  0.32193487  0.35811180  0.35811180  0.38069122  0.38837217  0.34342983  0.35811180  0.31490536  0.32193487  0.30104199  0.28743157  0.28743157  0.38069122  0.38069122  0.38837217  0.38069122  0.37308855  0.38837217  0.25445387  0.24166046  0.24166046  0.26747053  0.26747053  0.29420574  0.28743157  0.30794147  0.30794147  0.26093381  0.26093381  0.26093381  0.30794147  0.29420574  0.28743157  0.26093381  0.24802974  0.26093381  0.25445387  0.28743157  0.30794147  0.30104199  0.30104199  0.30104199  0.30104199  0.28743157  0.29420574  0.34342983  0.34342983  0.30104199  0.32903126  0.32903126  0.32903126  0.31490536  0.30794147  0.28743157  0.28743157  0.28071837  0.29420574  0.31490536  0.30104199  0.30104199  0.30104199  0.29420574  0.29420574  0.29420574  0.28743157  0.30794147  0.30104199  0.27406504  0.30794147  0.27406504  0.28743157  0.24802974  0.26747053  0.26747053  0.28743157  0.29420574  0.24802974  0.26093381  0.35073469  0.34342983  0.35073469  0.35811180  0.38837217  0.32193487  0.36556259  0.35073469  0.35811180  0.35073469  0.38837217  0.38837217  0.23534510  0.24166046  
51_2_0     0.16919143  0.14651943  0.14651943  0.14095749  0.14095749  0.14651943  0.15212316  0.16345850  0.21060513  0.21060513  0.00000000  0.00000000  0.00923119  0.00923119  0.02804353  0.03763065  0.26747053  0.26747053  0.26747053  0.26093381  0.28743157  0.20454625  0.19257416  0.18665941  0.24802974  0.28071837  0.26747053  0.24166046  0.23534510  0.24802974  0.24802974  0.25445387  0.24802974  0.24166046  0.26093381  0.26093381  0.23534510  0.26747053  0.26093381  0.18665941  0.18665941  0.18665941  0.19257416  0.18079118  0.25445387  0.24802974  0.35073469  0.35811180  0.37308855  0.35811180  0.31490536  0.32193487  0.30104199  0.30794147  0.34342983  0.31490536  0.33619580  0.32193487  0.32903126  0.35811180  0.30794147  0.38837217  0.32193487  0.33619580  0.34342983  0.34342983  0.33619580  0.35073469  0.32903126  0.38837217  0.38069122  0.38069122  0.31490536  0.41190127  0.38069122  0.37308855  0.32903126  0.34342983  0.32903126  0.33619580  0.30794147  0.30104199  0.30104199  0.38069122  0.38069122  0.38837217  0.32193487  0.32903126  0.32903126  0.27406504  0.28071837  0.28071837  0.29420574  0.29420574  0.27406504  0.28743157  0.30104199  0.30104199  0.32903126  0.32903126  0.32193487  0.29420574  0.28071837  0.31490536  0.32903126  0.31490536  0.32903126  0.32193487  0.32193487  0.28071837  0.27406504  0.28743157  0.28743157  0.29420574  0.28071837  0.28071837  0.30104199  0.28743157  0.27406504  0.28743157  0.32193487  0.30104199  0.27406504  0.29420574  0.30794147  0.29420574  0.22908276  0.29420574  0.26747053  0.26747053  0.26093381  0.27406504  0.26093381  0.25445387  0.24166046  0.24802974  0.24802974  0.25445387  0.26093381  0.25445387  0.29420574  0.27406504  0.26747053  0.30794147  0.30794147  0.31490536  0.30794147  0.28743157  0.28743157  0.41991217  0.41190127  0.44447436  0.45284482  0.41190127  0.38837217  0.41991217  0.41991217  0.41190127  0.39613303  0.45284482  0.45284482  0.24166046  0.24166046  
21_2_0     0.16919143  0.14651943  0.14651943  0.14095749  0.14095749  0.14651943  0.15212316  0.16345850  0.21060513  0.21060513  0.00000000  0.00000000  0.00923119  0.00923119  0.02804353  0.03763065  0.26747053  0.26747053  0.26747053  0.26093381  0.28743157  0.20454625  0.19257416  0.18665941  0.24802974  0.28071837  0.26747053  0.24166046  0.23534510  0.24802974  0.24802974  0.25445387  0.24802974  0.24166046  0.26093381  0.26093381  0.23534510  0.26747053  0.26093381  0.18665941  0.18665941  0.18665941  0.19257416  0.18079118  0.25445387  0.24802974  0.35073469  0.35811180  0.37308855  0.35811180  0.31490536  0.32193487  0.30104199  0.30794147  0.34342983  0.31490536  0.33619580  0.32193487  0.32903126  0.35811180  0.30794147  0.38837217  0.32193487  0.33619580  0.34342983  0.34342983  0.33619580  0.35073469  0.32903126  0.38837217  0.38069122  0.38069122  0.31490536  0.41190127  0.38069122  0.37308855  0.32903126  0.34342983  0.32903126  0.33619580  0.30794147  0.30104199  0.30104199  0.38069122  0.38069122  0.38837217  0.32193487  0.32903126  0.32903126  0.27406504  0.28071837  0.28071837  0.29420574  0.29420574  0.27406504  0.28743157  0.30104199  0.30104199  0.32903126  0.32903126  0.32193487  0.29420574  0.28071837  0.31490536  0.32903126  0.31490536  0.32903126  0.32193487  0.32193487  0.28071837  0.27406504  0.28743157  0.28743157  0.29420574  0.28071837  0.28071837  0.30104199  0.28743157  0.27406504  0.28743157  0.32193487  0.30104199  0.27406504  0.29420574  0.30794147  0.29420574  0.22908276  0.29420574  0.26747053  0.26747053  0.26093381  0.27406504  0.26093381  0.25445387  0.24166046  0.24802974  0.24802974  0.25445387  0.26093381  0.25445387  0.29420574  0.27406504  0.26747053  0.30794147  0.30794147  0.31490536  0.30794147  0.28743157  0.28743157  0.41991217  0.41190127  0.44447436  0.45284482  0.41190127  0.38837217  0.41991217  0.41991217  0.41190127  0.39613303  0.45284482  0.45284482  0.24166046  0.24166046  
45_18_0    0.15776930  0.13543671  0.13543671  0.14095749  0.12995648  0.13543671  0.14095749  0.15212316  0.19853619  0.19853619  0.00923119  0.00923119  0.00000000  0.00000000  0.01857806  0.02804353  0.26747053  0.26747053  0.26747053  0.26093381  0.30104199  0.21060513  0.19257416  0.18665941  0.24802974  0.26747053  0.25445387  0.24166046  0.23534510  0.24802974  0.24802974  0.25445387  0.24802974  0.24166046  0.26093381  0.26093381  0.23534510  0.26747053  0.26093381  0.18665941  0.18665941  0.18665941  0.19257416  0.18079118  0.24166046  0.23534510  0.35811180  0.36556259  0.38069122  0.36556259  0.32193487  0.32903126  0.30794147  0.31490536  0.35073469  0.32193487  0.34342983  0.32903126  0.33619580  0.34342983  0.29420574  0.37308855  0.32193487  0.33619580  0.34342983  0.35811180  0.35073469  0.36556259  0.34342983  0.38837217  0.38069122  0.36556259  0.32903126  0.41991217  0.38837217  0.38069122  0.32903126  0.34342983  0.32903126  0.33619580  0.32193487  0.31490536  0.31490536  0.39613303  0.39613303  0.40397549  0.33619580  0.34342983  0.34342983  0.26093381  0.28071837  0.28071837  0.29420574  0.29420574  0.27406504  0.28743157  0.30104199  0.30104199  0.31490536  0.31490536  0.30794147  0.28071837  0.28071837  0.30104199  0.31490536  0.30104199  0.31490536  0.30794147  0.30794147  0.26747053  0.26093381  0.27406504  0.27406504  0.28071837  0.26747053  0.26747053  0.28743157  0.27406504  0.27406504  0.28743157  0.32193487  0.30104199  0.26093381  0.28071837  0.29420574  0.29420574  0.22908276  0.29420574  0.26747053  0.26747053  0.26093381  0.27406504  0.26093381  0.25445387  0.24166046  0.24802974  0.24802974  0.25445387  0.24802974  0.25445387  0.28071837  0.27406504  0.25445387  0.29420574  0.29420574  0.31490536  0.30794147  0.28743157  0.28743157  0.41991217  0.41190127  0.44447436  0.45284482  0.41190127  0.37308855  0.43619677  0.43619677  0.42801004  0.39613303  0.46987292  0.46987292  0.22908276  0.22908276  
45_17_0    0.15776930  0.13543671  0.13543671  0.14095749  0.12995648  0.13543671  0.14095749  0.15212316  0.19853619  0.19853619  0.00923119  0.00923119  0.00000000  0.00000000  0.01857806  0.02804353  0.26747053  0.26747053  0.26747053  0.26093381  0.30104199  0.21060513  0.19257416  0.18665941  0.24802974  0.26747053  0.25445387  0.24166046  0.23534510  0.24802974  0.24802974  0.25445387  0.24802974  0.24166046  0.26093381  0.26093381  0.23534510  0.26747053  0.26093381  0.18665941  0.18665941  0.18665941  0.19257416  0.18079118  0.24166046  0.23534510  0.35811180  0.36556259  0.38069122  0.36556259  0.32193487  0.32903126  0.30794147  0.31490536  0.35073469  0.32193487  0.34342983  0.32903126  0.33619580  0.34342983  0.29420574  0.37308855  0.32193487  0.33619580  0.34342983  0.35811180  0.35073469  0.36556259  0.34342983  0.38837217  0.38069122  0.36556259  0.32903126  0.41991217  0.38837217  0.38069122  0.32903126  0.34342983  0.32903126  0.33619580  0.32193487  0.31490536  0.31490536  0.39613303  0.39613303  0.40397549  0.33619580  0.34342983  0.34342983  0.26093381  0.28071837  0.28071837  0.29420574  0.29420574  0.27406504  0.28743157  0.30104199  0.30104199  0.31490536  0.31490536  0.30794147  0.28071837  0.28071837  0.30104199  0.31490536  0.30104199  0.31490536  0.30794147  0.30794147  0.26747053  0.26093381  0.27406504  0.27406504  0.28071837  0.26747053  0.26747053  0.28743157  0.27406504  0.27406504  0.28743157  0.32193487  0.30104199  0.26093381  0.28071837  0.29420574  0.29420574  0.22908276  0.29420574  0.26747053  0.26747053  0.26093381  0.27406504  0.26093381  0.25445387  0.24166046  0.24802974  0.24802974  0.25445387  0.24802974  0.25445387  0.28071837  0.27406504  0.25445387  0.29420574  0.29420574  0.31490536  0.30794147  0.28743157  0.28743157  0.41991217  0.41190127  0.44447436  0.45284482  0.41190127  0.37308855  0.43619677  0.43619677  0.42801004  0.39613303  0.46987292  0.46987292  0.22908276  0.22908276  
21_17_0    0.15776930  0.15776930  0.14651943  0.15212316  0.12995648  0.14651943  0.14095749  0.16345850  0.20454625  0.20454625  0.02804353  0.02804353  0.01857806  0.01857806  0.00000000  0.00923119  0.26747053  0.28071837  0.28071837  0.25445387  0.28071837  0.22908276  0.18665941  0.18079118  0.25445387  0.27406504  0.27406504  0.24802974  0.24166046  0.25445387  0.24166046  0.24802974  0.24166046  0.24802974  0.26747053  0.26747053  0.24166046  0.27406504  0.26747053  0.19257416  0.19257416  0.19257416  0.18665941  0.17496876  0.23534510  0.24166046  0.35073469  0.35811180  0.39613303  0.38069122  0.32193487  0.32903126  0.30794147  0.31490536  0.33619580  0.32193487  0.32903126  0.31490536  0.32193487  0.32903126  0.28743157  0.35811180  0.32193487  0.32193487  0.32903126  0.34342983  0.33619580  0.36556259  0.34342983  0.37308855  0.36556259  0.36556259  0.32903126  0.41190127  0.38069122  0.37308855  0.31490536  0.32903126  0.32903126  0.33619580  0.30794147  0.31490536  0.31490536  0.38837217  0.38837217  0.39613303  0.31490536  0.32193487  0.32193487  0.25445387  0.27406504  0.27406504  0.30104199  0.30104199  0.28071837  0.28071837  0.29420574  0.29420574  0.30104199  0.30104199  0.30104199  0.27406504  0.27406504  0.30794147  0.30794147  0.29420574  0.29420574  0.30104199  0.30104199  0.27406504  0.26747053  0.28071837  0.28071837  0.28743157  0.28743157  0.28743157  0.28071837  0.26747053  0.26747053  0.28071837  0.31490536  0.29420574  0.28071837  0.30104199  0.28743157  0.30104199  0.24802974  0.31490536  0.28743157  0.28743157  0.26747053  0.28071837  0.28071837  0.27406504  0.26093381  0.26747053  0.27406504  0.27406504  0.26747053  0.27406504  0.28743157  0.29420574  0.26093381  0.28743157  0.28743157  0.29420574  0.30104199  0.28071837  0.28071837  0.42801004  0.41991217  0.43619677  0.44447436  0.40397549  0.38069122  0.44447436  0.44447436  0.43619677  0.38837217  0.47853498  0.47853498  0.23534510  0.23534510  
51_17_0    0.16919143  0.16919143  0.15776930  0.16345850  0.14095749  0.15776930  0.15212316  0.17496876  0.20454625  0.21671363  0.03763065  0.03763065  0.02804353  0.02804353  0.00923119  0.00000000  0.26747053  0.28071837  0.28071837  0.25445387  0.28071837  0.22287256  0.19257416  0.18665941  0.25445387  0.27406504  0.27406504  0.24802974  0.24166046  0.25445387  0.24166046  0.24802974  0.24166046  0.24802974  0.26747053  0.26747053  0.24166046  0.27406504  0.26747053  0.20454625  0.20454625  0.20454625  0.19853619  0.18665941  0.24166046  0.24802974  0.35073469  0.35811180  0.39613303  0.38069122  0.32193487  0.32903126  0.30794147  0.31490536  0.33619580  0.32193487  0.32903126  0.31490536  0.32193487  0.34342983  0.30104199  0.37308855  0.32903126  0.32903126  0.34342983  0.34342983  0.33619580  0.36556259  0.34342983  0.38837217  0.38069122  0.38069122  0.34342983  0.42801004  0.39613303  0.38837217  0.32903126  0.34342983  0.34342983  0.35073469  0.32193487  0.32903126  0.32903126  0.38837217  0.38837217  0.39613303  0.31490536  0.32193487  0.32193487  0.25445387  0.28743157  0.27406504  0.30104199  0.30104199  0.28071837  0.28071837  0.29420574  0.29420574  0.30104199  0.30104199  0.30104199  0.28743157  0.28743157  0.32193487  0.32193487  0.30794147  0.30794147  0.31490536  0.31490536  0.27406504  0.26747053  0.28071837  0.28071837  0.28743157  0.28743157  0.28743157  0.28071837  0.26747053  0.26747053  0.28071837  0.31490536  0.29420574  0.28071837  0.30104199  0.28743157  0.30104199  0.26093381  0.31490536  0.28743157  0.28743157  0.26747053  0.28071837  0.28071837  0.27406504  0.26093381  0.28071837  0.28743157  0.28743157  0.28071837  0.27406504  0.30104199  0.30794147  0.26093381  0.28743157  0.28743157  0.29420574  0.30104199  0.29420574  0.29420574  0.44447436  0.43619677  0.45284482  0.46131028  0.41991217  0.39613303  0.46131028  0.46131028  0.45284482  0.38837217  0.49616683  0.49616683  0.23534510  0.23534510  
61_1_0     0.22908276  0.25445387  0.24802974  0.25445387  0.25445387  0.23534510  0.24166046  0.24166046  0.28743157  0.28743157  0.26747053  0.26747053  0.26747053  0.26747053  0.26747053  0.26747053  0.00000000  0.03763065  0.03763065  0.14651943  0.19257416  0.21060513  0.19853619  0.18665941  0.23534510  0.24166046  0.24166046  0.21671363  0.20454625  0.21060513  0.23534510  0.21671363  0.21671363  0.22287256  0.24166046  0.24166046  0.19853619  0.20454625  0.21060513  0.22908276  0.22908276  0.22908276  0.22287256  0.21060513  0.23534510  0.24166046  0.31490536  0.31490536  0.36556259  0.36556259  0.32193487  0.32903126  0.35811180  0.36556259  0.31490536  0.33619580  0.31490536  0.31490536  0.30794147  0.32193487  0.33619580  0.35073469  0.28743157  0.26747053  0.30104199  0.30794147  0.28743157  0.30794147  0.28743157  0.34342983  0.35073469  0.35073469  0.31490536  0.42801004  0.46131028  0.46987292  0.30104199  0.30794147  0.29420574  0.30104199  0.35073469  0.32193487  0.32193487  0.34342983  0.34342983  0.34342983  0.32903126  0.32903126  0.32903126  0.22287256  0.21060513  0.19853619  0.24802974  0.24802974  0.24166046  0.23534510  0.23534510  0.23534510  0.27406504  0.27406504  0.26747053  0.29420574  0.29420574  0.22908276  0.21671363  0.20454625  0.24166046  0.22287256  0.23534510  0.22287256  0.22908276  0.24166046  0.24166046  0.25445387  0.25445387  0.21060513  0.24166046  0.25445387  0.22908276  0.22908276  0.28071837  0.28071837  0.29420574  0.28743157  0.26093381  0.23534510  0.24802974  0.23534510  0.25445387  0.22908276  0.22908276  0.22908276  0.21671363  0.22287256  0.23534510  0.22908276  0.24802974  0.24166046  0.24166046  0.23534510  0.22287256  0.22908276  0.16919143  0.18665941  0.20454625  0.26093381  0.25445387  0.19853619  0.19853619  0.36556259  0.35811180  0.37308855  0.38069122  0.38069122  0.38069122  0.36556259  0.36556259  0.35811180  0.35811180  0.32903126  0.32903126  0.22908276  0.21671363  
51_1_0     0.21671363  0.26747053  0.26093381  0.25445387  0.24166046  0.23534510  0.22908276  0.22908276  0.26747053  0.26093381  0.26747053  0.26747053  0.26747053  0.26747053  0.28071837  0.28071837  0.03763065  0.00000000  0.00000000  0.16345850  0.19853619  0.17496876  0.22287256  0.21060513  0.19853619  0.19257416  0.19257416  0.19257416  0.18079118  0.19853619  0.21060513  0.19257416  0.19257416  0.19853619  0.21671363  0.21671363  0.18665941  0.19257416  0.19853619  0.22287256  0.22287256  0.22287256  0.21671363  0.21671363  0.22908276  0.23534510  0.30794147  0.30794147  0.32193487  0.32193487  0.33619580  0.34342983  0.35811180  0.35073469  0.32903126  0.35073469  0.32903126  0.32903126  0.32193487  0.33619580  0.35073469  0.38069122  0.30104199  0.29420574  0.28743157  0.31490536  0.30794147  0.32193487  0.30104199  0.34342983  0.35073469  0.35073469  0.34342983  0.41991217  0.45284482  0.44447436  0.30104199  0.32193487  0.29420574  0.30104199  0.33619580  0.29420574  0.29420574  0.34342983  0.34342983  0.34342983  0.34342983  0.32903126  0.34342983  0.21060513  0.22287256  0.21060513  0.24802974  0.24802974  0.24166046  0.23534510  0.24802974  0.24802974  0.26747053  0.26747053  0.26093381  0.32193487  0.32193487  0.24166046  0.24166046  0.22908276  0.25445387  0.24802974  0.26093381  0.23534510  0.24166046  0.25445387  0.25445387  0.26747053  0.26747053  0.22287256  0.25445387  0.25445387  0.25445387  0.25445387  0.28071837  0.29420574  0.29420574  0.27406504  0.24802974  0.24802974  0.26093381  0.23534510  0.24166046  0.22908276  0.21671363  0.22908276  0.21671363  0.23534510  0.23534510  0.24166046  0.24802974  0.25445387  0.24166046  0.23534510  0.23534510  0.24166046  0.16919143  0.18665941  0.20454625  0.26093381  0.25445387  0.19853619  0.19853619  0.36556259  0.34342983  0.34342983  0.35073469  0.36556259  0.35073469  0.35811180  0.35811180  0.35073469  0.32903126  0.31490536  0.31490536  0.22287256  0.21060513  
21_1_0     0.21671363  0.26747053  0.26093381  0.25445387  0.24166046  0.23534510  0.22908276  0.22908276  0.26747053  0.26093381  0.26747053  0.26747053  0.26747053  0.26747053  0.28071837  0.28071837  0.03763065  0.00000000  0.00000000  0.16345850  0.19853619  0.17496876  0.22287256  0.21060513  0.19853619  0.19257416  0.19257416  0.19257416  0.18079118  0.19853619  0.21060513  0.19257416  0.19257416  0.19853619  0.21671363  0.21671363  0.18665941  0.19257416  0.19853619  0.22287256  0.22287256  0.22287256  0.21671363  0.21671363  0.22908276  0.23534510  0.30794147  0.30794147  0.32193487  0.32193487  0.33619580  0.34342983  0.35811180  0.35073469  0.32903126  0.35073469  0.32903126  0.32903126  0.32193487  0.33619580  0.35073469  0.38069122  0.30104199  0.29420574  0.28743157  0.31490536  0.30794147  0.32193487  0.30104199  0.34342983  0.35073469  0.35073469  0.34342983  0.41991217  0.45284482  0.44447436  0.30104199  0.32193487  0.29420574  0.30104199  0.33619580  0.29420574  0.29420574  0.34342983  0.34342983  0.34342983  0.34342983  0.32903126  0.34342983  0.21060513  0.22287256  0.21060513  0.24802974  0.24802974  0.24166046  0.23534510  0.24802974  0.24802974  0.26747053  0.26747053  0.26093381  0.32193487  0.32193487  0.24166046  0.24166046  0.22908276  0.25445387  0.24802974  0.26093381  0.23534510  0.24166046  0.25445387  0.25445387  0.26747053  0.26747053  0.22287256  0.25445387  0.25445387  0.25445387  0.25445387  0.28071837  0.29420574  0.29420574  0.27406504  0.24802974  0.24802974  0.26093381  0.23534510  0.24166046  0.22908276  0.21671363  0.22908276  0.21671363  0.23534510  0.23534510  0.24166046  0.24802974  0.25445387  0.24166046  0.23534510  0.23534510  0.24166046  0.16919143  0.18665941  0.20454625  0.26093381  0.25445387  0.19853619  0.19853619  0.36556259  0.34342983  0.34342983  0.35073469  0.36556259  0.35073469  0.35811180  0.35811180  0.35073469  0.32903126  0.31490536  0.31490536  0.22287256  0.21060513  
50_9_0     0.22287256  0.22908276  0.22287256  0.22287256  0.21671363  0.21060513  0.20454625  0.25445387  0.28071837  0.29420574  0.26093381  0.26093381  0.26093381  0.26093381  0.25445387  0.25445387  0.14651943  0.16345850  0.16345850  0.00000000  0.13543671  0.18079118  0.17496876  0.17496876  0.22908276  0.19853619  0.21060513  0.21671363  0.21060513  0.20454625  0.22287256  0.20454625  0.22287256  0.22908276  0.23534510  0.23534510  0.19853619  0.23534510  0.22908276  0.21060513  0.21060513  0.21060513  0.20454625  0.19257416  0.24166046  0.24802974  0.29420574  0.29420574  0.31490536  0.31490536  0.33619580  0.34342983  0.35073469  0.34342983  0.32903126  0.34342983  0.32903126  0.29420574  0.30104199  0.26747053  0.35811180  0.33619580  0.29420574  0.27406504  0.29420574  0.30104199  0.28071837  0.26747053  0.27406504  0.33619580  0.34342983  0.38069122  0.33619580  0.44447436  0.45284482  0.45284482  0.29420574  0.29420574  0.28071837  0.28743157  0.32193487  0.30104199  0.30104199  0.41991217  0.41991217  0.42801004  0.36556259  0.38069122  0.38069122  0.19257416  0.21671363  0.20454625  0.23534510  0.23534510  0.20454625  0.21060513  0.20454625  0.20454625  0.21671363  0.21671363  0.21060513  0.26093381  0.27406504  0.23534510  0.22287256  0.22287256  0.22908276  0.22908276  0.21671363  0.26747053  0.27406504  0.26093381  0.26093381  0.27406504  0.27406504  0.26747053  0.26093381  0.27406504  0.28743157  0.28743157  0.28743157  0.26747053  0.29420574  0.30104199  0.27406504  0.28071837  0.27406504  0.25445387  0.27406504  0.25445387  0.25445387  0.26093381  0.24166046  0.26747053  0.27406504  0.27406504  0.28071837  0.28743157  0.29420574  0.27406504  0.26747053  0.27406504  0.22287256  0.22908276  0.24166046  0.26747053  0.26093381  0.24166046  0.24166046  0.44447436  0.41991217  0.41991217  0.42801004  0.38069122  0.39613303  0.38069122  0.38069122  0.37308855  0.35811180  0.40397549  0.40397549  0.20454625  0.20454625  
