12
4_2_0      0.00000000  0.00399475  0.12084320  0.10233311  0.14950007  0.60508223  0.61411032  0.59616220  0.68056864  0.65135790  0.62324913  0.70069865  
4_1_0      0.00399475  0.00000000  0.12554347  0.10691770  0.15438521  0.60508223  0.61411032  0.59616220  0.68056864  0.65135790  0.62324913  0.70069865  
10_1_0     0.12084320  0.12554347  0.00000000  0.02429619  0.08874616  0.68056864  0.67070395  0.59616220  0.72138757  0.71097131  0.67070395  0.70069865  
12_1_0     0.10233311  0.10691770  0.02429619  0.00000000  0.07100720  0.62324913  0.61411032  0.59616220  0.67070395  0.66096815  0.64187001  0.64187001  
13_1_0     0.14950007  0.15438521  0.08874616  0.07100720  0.00000000  0.59616220  0.60508223  0.60508223  0.67070395  0.65135790  0.66096815  0.70069865  
20_0_0     0.60508223  0.60508223  0.68056864  0.62324913  0.59616220  0.00000000  0.03674795  0.18438835  0.21565035  0.16425264  0.17930319  0.30007464  
8_0_0      0.61411032  0.61411032  0.67070395  0.61411032  0.60508223  0.03674795  0.00000000  0.18950845  0.21034809  0.16923579  0.17425249  0.29413885  
19_0_0     0.59616220  0.59616220  0.59616220  0.59616220  0.60508223  0.18438835  0.18950845  0.00000000  0.24828151  0.18950845  0.17425249  0.28240725  
16_0_0     0.68056864  0.68056864  0.72138757  0.67070395  0.67070395  0.21565035  0.21034809  0.24828151  0.00000000  0.13982481  0.16425264  0.26514905  
18_0_0     0.65135790  0.65135790  0.71097131  0.66096815  0.65135790  0.16425264  0.16923579  0.18950845  0.13982481  0.00000000  0.05797471  0.24274279  
7_0_0      0.62324913  0.62324913  0.67070395  0.64187001  0.66096815  0.17930319  0.17425249  0.17425249  0.16425264  0.05797471  0.00000000  0.24274279  
9_0_0      0.70069865  0.70069865  0.70069865  0.64187001  0.70069865  0.30007464  0.29413885  0.28240725  0.26514905  0.24274279  0.24274279  0.00000000  

