20
20_0_0     0.00000000  0.55508803  0.55508803  0.52347278  0.46050638  0.45658154  0.51064324  0.54425542  0.52698120  0.54425542  0.61444451  0.47247275  0.45774702  0.80788066  0.80952014  0.70057561  0.83832214  0.64724617  0.68551673  0.64724617  
9_0_0      0.55508803  0.00000000  0.00000000  0.04930848  0.18226527  0.20038862  0.14553458  0.73449113  0.73449113  0.73449113  0.77918910  0.70940366  0.70940366  0.62591085  0.58261534  0.60266707  0.60545003  0.70185240  0.74364282  0.75205716  
13_0_0     0.55508803  0.00000000  0.00000000  0.04930848  0.18226527  0.20038862  0.14553458  0.73449113  0.73449113  0.73449113  0.77918910  0.70940366  0.70940366  0.62591085  0.58261534  0.60266707  0.60545003  0.70185240  0.74364282  0.75205716  
7_0_0      0.52347278  0.04930848  0.04930848  0.00000000  0.19067415  0.20899239  0.14474976  0.73564854  0.73564854  0.73564854  0.77955578  0.81719857  0.81719857  0.66272067  0.63856840  0.61723172  0.64092016  0.71855724  0.76137973  0.77005583  
18_0_0     0.46050638  0.18226527  0.18226527  0.19067415  0.00000000  0.01373445  0.12966875  0.70057561  0.70057561  0.70057561  0.74307218  0.80952014  0.75208214  0.66953408  0.62355795  0.74356132  0.71733703  0.58579482  0.62003189  0.62591085  
8_0_0      0.45658154  0.20038862  0.20038862  0.20899239  0.01373445  0.00000000  0.14641061  0.71733703  0.71733703  0.71733703  0.76090622  0.77020633  0.71733703  0.70940366  0.66085780  0.73440130  0.76090622  0.58070740  0.61444451  0.62003189  
19_0_0     0.51064324  0.14553458  0.14553458  0.14474976  0.12966875  0.14641061  0.00000000  0.70940366  0.70940366  0.70940366  0.80788066  0.70940366  0.70940366  0.64724617  0.77145710  0.83241067  0.60545003  0.58579482  0.62003189  0.58579482  
10_0_0     0.54425542  0.73449113  0.73449113  0.73564854  0.70057561  0.71733703  0.70940366  0.00000000  0.00684949  0.00000000  0.02782047  0.17517613  0.15647255  0.78114584  0.78943387  0.94765140  1.06621724  0.75205716  0.79794462  0.75205716  
12_0_0     0.52698120  0.73449113  0.73449113  0.73564854  0.70057561  0.71733703  0.70940366  0.00684949  0.00000000  0.00684949  0.03501538  0.16573676  0.14737712  0.78114584  0.78943387  0.94765140  1.06621724  0.77918910  0.82748394  0.77918910  
4_0_0      0.54425542  0.73449113  0.73449113  0.73564854  0.70057561  0.71733703  0.70940366  0.00000000  0.00684949  0.00000000  0.02782047  0.17517613  0.15647255  0.78114584  0.78943387  0.94765140  1.06621724  0.75205716  0.79794462  0.75205716  
5_0_0      0.61444451  0.77918910  0.77918910  0.77955578  0.74307218  0.76090622  0.80788066  0.02782047  0.03501538  0.02782047  0.00000000  0.21321331  0.19319764  0.85713459  0.80827118  0.97170508  1.20152999  0.78879734  0.83832214  0.84973978  
17_0_0     0.47247275  0.70940366  0.70940366  0.81719857  0.80952014  0.77020633  0.70940366  0.17517613  0.16573676  0.17517613  0.21321331  0.00000000  0.02798050  0.81877508  0.79972129  0.79972129  0.99314458  0.67852447  0.71855724  0.67852447  
11_0_0     0.45774702  0.70940366  0.70940366  0.81719857  0.75208214  0.71733703  0.70940366  0.15647255  0.14737712  0.15647255  0.19319764  0.02798050  0.00000000  0.81877508  0.74823462  0.79972129  1.07715838  0.65623804  0.69467202  0.65623804  
16_0_0     0.80788066  0.62591085  0.62591085  0.66272067  0.66953408  0.70940366  0.64724617  0.78114584  0.78114584  0.78114584  0.85713459  0.81877508  0.81877508  0.00000000  0.29754349  0.30960492  0.39289775  0.77331455  0.79165195  0.74823462  
15_0_0     0.80952014  0.58261534  0.58261534  0.63856840  0.62355795  0.66085780  0.77145710  0.78943387  0.78943387  0.78943387  0.80827118  0.79972129  0.74823462  0.29754349  0.00000000  0.08106968  0.18348289  0.64423491  0.65958704  0.66556751  
14_0_0     0.70057561  0.60266707  0.60266707  0.61723172  0.74356132  0.73440130  0.83241067  0.94765140  0.94765140  0.94765140  0.97170508  0.79972129  0.79972129  0.30960492  0.08106968  0.00000000  0.21321331  0.56699678  0.58082499  0.58521521  
6_0_0      0.83832214  0.60545003  0.60545003  0.64092016  0.71733703  0.76090622  0.60545003  1.06621724  1.06621724  1.06621724  1.20152999  0.99314458  1.07715838  0.39289775  0.18348289  0.21321331  0.00000000  0.66947378  0.68534739  0.64858943  
2_0_0      0.64724617  0.70185240  0.70185240  0.71855724  0.58579482  0.58070740  0.58579482  0.75205716  0.77918910  0.75205716  0.78879734  0.67852447  0.65623804  0.77331455  0.64423491  0.56699678  0.66947378  0.00000000  0.01373445  0.01379426  
3_0_0      0.68551673  0.74364282  0.74364282  0.76137973  0.62003189  0.61444451  0.62003189  0.79794462  0.82748394  0.79794462  0.83832214  0.71855724  0.69467202  0.79165195  0.65958704  0.58082499  0.68534739  0.01373445  0.00000000  0.01373445  
1_0_0      0.64724617  0.75205716  0.75205716  0.77005583  0.62591085  0.62003189  0.58579482  0.75205716  0.77918910  0.75205716  0.84973978  0.67852447  0.65623804  0.74823462  0.66556751  0.58521521  0.64858943  0.01379426  0.01373445  0.00000000  

