20
20_0_0     0.00000000  0.41586793  0.41586793  0.40148475  0.50737117  0.54346206  0.44221766  0.51548454  0.51548454  0.51548454  0.51548454  0.61772573  0.59047872  0.53764833  0.53764833  0.55932165  0.69755034  0.47360598  0.47360598  0.47360598  
9_0_0      0.41586793  0.00000000  0.00000000  0.03523462  0.08855005  0.10496740  0.08855005  0.43435754  0.43435754  0.43435754  0.46587274  0.36616617  0.32515278  0.61119058  0.62222786  0.49896409  0.58256327  0.57370834  0.57370834  0.57370834  
13_0_0     0.41586793  0.00000000  0.00000000  0.03523462  0.08855005  0.10496740  0.08855005  0.43435754  0.43435754  0.43435754  0.46587274  0.36616617  0.32515278  0.61119058  0.62222786  0.49896409  0.58256327  0.57370834  0.57370834  0.57370834  
7_0_0      0.40148475  0.03523462  0.03523462  0.00000000  0.11338422  0.13065832  0.11338422  0.41931958  0.41931958  0.41931958  0.44986516  0.37976403  0.33756033  0.57305923  0.68838298  0.56865350  0.62222786  0.59314947  0.59314947  0.59314947  
18_0_0     0.50737117  0.08855005  0.08855005  0.11338422  0.00000000  0.01379531  0.07223497  0.46169995  0.46169995  0.46169995  0.49478737  0.41931958  0.38750649  0.60611251  0.59673884  0.51163531  0.70485702  0.56865350  0.56865350  0.56865350  
8_0_0      0.54346206  0.10496740  0.10496740  0.13065832  0.01379531  0.00000000  0.08799993  0.49478737  0.49478737  0.49478737  0.53023788  0.41931958  0.38750649  0.64657028  0.59673884  0.47964092  0.70485702  0.60754590  0.60754590  0.60754590  
19_0_0     0.44221766  0.08855005  0.08855005  0.11338422  0.07223497  0.08799993  0.00000000  0.46169995  0.46169995  0.46169995  0.49478737  0.43435754  0.41586793  0.62592947  0.61656076  0.56385910  0.68126800  0.57902765  0.57902765  0.57902765  
10_0_0     0.51548454  0.43435754  0.43435754  0.41931958  0.46169995  0.49478737  0.46169995  0.00000000  0.00684975  0.00684975  0.02083939  0.22379754  0.28138935  0.70485702  0.69586682  0.75592433  0.78319925  0.94966157  0.94966157  0.94966157  
12_0_0     0.51548454  0.43435754  0.43435754  0.41931958  0.46169995  0.49478737  0.46169995  0.00684975  0.00000000  0.00000000  0.01379531  0.22379754  0.26970530  0.68126800  0.67227078  0.72914199  0.78319925  0.94966157  0.94966157  0.94966157  
4_0_0      0.51548454  0.43435754  0.43435754  0.41931958  0.46169995  0.49478737  0.46169995  0.00684975  0.00000000  0.00000000  0.01379531  0.22379754  0.26970530  0.68126800  0.67227078  0.72914199  0.78319925  0.94966157  0.94966157  0.94966157  
5_0_0      0.51548454  0.46587274  0.46587274  0.44986516  0.49478737  0.53023788  0.49478737  0.02083939  0.01379531  0.01379531  0.00000000  0.20331963  0.24713098  0.63720694  0.62819747  0.78423396  0.78319925  1.03582775  1.03582775  1.03582775  
17_0_0     0.61772573  0.36616617  0.36616617  0.37976403  0.41931958  0.41931958  0.43435754  0.22379754  0.22379754  0.22379754  0.20331963  0.00000000  0.04232331  0.75662445  0.54583397  0.78319925  0.63141366  0.92577490  0.92577490  0.92577490  
11_0_0     0.59047872  0.32515278  0.32515278  0.33756033  0.38750649  0.38750649  0.41586793  0.28138935  0.26970530  0.26970530  0.24713098  0.04232331  0.00000000  0.79251746  0.53258725  0.76472633  0.62592947  0.91160557  0.91160557  0.91160557  
16_0_0     0.53764833  0.61119058  0.61119058  0.57305923  0.60611251  0.64657028  0.62592947  0.70485702  0.68126800  0.68126800  0.63720694  0.75662445  0.79251746  0.00000000  0.23698066  0.24894998  0.42386339  0.59259279  0.59259279  0.59259279  
15_0_0     0.53764833  0.62222786  0.62222786  0.68838298  0.59673884  0.59673884  0.61656076  0.69586682  0.67227078  0.67227078  0.62819747  0.54583397  0.53258725  0.23698066  0.00000000  0.13764555  0.25810522  0.62074923  0.62074923  0.62074923  
14_0_0     0.55932165  0.49896409  0.49896409  0.56865350  0.51163531  0.47964092  0.56385910  0.75592433  0.72914199  0.72914199  0.78423396  0.78319925  0.76472633  0.24894998  0.13764555  0.00000000  0.29802050  0.58705615  0.58705615  0.58705615  
6_0_0      0.69755034  0.58256327  0.58256327  0.62222786  0.70485702  0.70485702  0.68126800  0.78319925  0.78319925  0.78319925  0.78319925  0.63141366  0.62592947  0.42386339  0.25810522  0.29802050  0.00000000  0.60132239  0.60132239  0.60132239  
2_0_0      0.47360598  0.57370834  0.57370834  0.59314947  0.56865350  0.60754590  0.57902765  0.94966157  0.94966157  0.94966157  1.03582775  0.92577490  0.91160557  0.59259279  0.62074923  0.58705615  0.60132239  0.00000000  0.00684975  0.00000000  
3_0_0      0.47360598  0.57370834  0.57370834  0.59314947  0.56865350  0.60754590  0.57902765  0.94966157  0.94966157  0.94966157  1.03582775  0.92577490  0.91160557  0.59259279  0.62074923  0.58705615  0.60132239  0.00684975  0.00000000  0.00684975  
1_0_0      0.47360598  0.57370834  0.57370834  0.59314947  0.56865350  0.60754590  0.57902765  0.94966157  0.94966157  0.94966157  1.03582775  0.92577490  0.91160557  0.59259279  0.62074923  0.58705615  0.60132239  0.00000000  0.00684975  0.00000000  

