180
20_0_0     0.00000000  0.27043431  0.24137104  0.27788072  0.22029396  0.23427891  0.42646085  0.39954845  0.50337418  0.43565202  0.43565202  0.45438154  0.47359389  0.52391000  0.51357136  0.51357136  0.41738164  0.39954845  0.41738164  0.43565202  0.42646085  0.43565202  0.46392582  0.45438154  0.54502773  0.39078935  0.45438154  0.45438154  0.44495795  0.46392582  0.47359389  0.41738164  0.51357136  0.43565202  0.43565202  0.42646085  0.46392582  0.43565202  0.43565202  0.43565202  0.40841171  0.45438154  0.40841171  0.40841171  0.39954845  0.44495795  0.42646085  0.56676129  0.44495795  0.50337418  0.52391000  0.53439408  0.48338903  0.48338903  0.60059820  0.57787044  0.47359389  0.46392582  0.44495795  0.46392582  0.46392582  0.41738164  0.52391000  0.49331462  0.47359389  0.49331462  0.47359389  0.45438154  0.50337418  0.43565202  0.46392582  0.48338903  0.47359389  0.49331462  0.42646085  0.48338903  0.42646085  0.39954845  0.39954845  0.40841171  0.53439408  0.54502773  0.45438154  0.52391000  0.51357136  0.58914769  0.50337418  0.48338903  0.49331462  0.57787044  0.60059820  0.54502773  0.50337418  0.51357136  0.51357136  0.51357136  0.46392582  0.45438154  0.51357136  0.51357136  0.52391000  0.50337418  0.47359389  0.47359389  0.52391000  0.44495795  0.53439408  0.42646085  0.42646085  0.41738164  0.42646085  0.45438154  0.39954845  0.45438154  0.43565202  0.43565202  0.41738164  0.40841171  0.40841171  0.41738164  0.49331462  0.46392582  0.48338903  0.53439408  0.54502773  0.53439408  0.53439408  0.53439408  0.49331462  0.50337418  0.52391000  0.50337418  0.46392582  0.47359389  0.58914769  0.43565202  0.45438154  0.44495795  0.46392582  0.48338903  0.51357136  0.51357136  0.49331462  0.53439408  0.54502773  0.53439408  0.40841171  0.41738164  0.45438154  0.46392582  0.45438154  0.46392582  0.46392582  0.55581529  0.60059820  0.50337418  0.46392582  0.48338903  0.49331462  0.54502773  0.91096850  0.86023745  0.84406647  0.49331462  0.52391000  0.47359389  0.50337418  0.48338903  0.51357136  0.46392582  0.49331462  0.49331462  0.60059820  0.45438154  0.52391000  0.43565202  0.46392582  0.44495795  0.48338903  0.66064820  
17_36_0    0.27043431  0.00000000  0.14148407  0.21339867  0.14774247  0.14774247  0.37357404  0.36511324  0.42646085  0.43565202  0.44495795  0.46392582  0.46392582  0.49331462  0.50337418  0.50337418  0.46392582  0.47359389  0.41738164  0.46392582  0.39078935  0.38213199  0.36511324  0.36511324  0.52391000  0.39954845  0.39954845  0.51357136  0.52391000  0.51357136  0.54502773  0.43565202  0.43565202  0.43565202  0.43565202  0.50337418  0.52391000  0.51357136  0.47359389  0.48338903  0.49331462  0.51357136  0.50337418  0.47359389  0.44495795  0.43565202  0.47359389  0.50337418  0.42646085  0.43565202  0.47359389  0.50337418  0.47359389  0.49331462  0.53439408  0.57787044  0.56676129  0.46392582  0.45438154  0.47359389  0.47359389  0.43565202  0.43565202  0.54502773  0.51357136  0.51357136  0.53439408  0.52391000  0.53439408  0.52391000  0.52391000  0.50337418  0.55581529  0.54502773  0.53439408  0.62404087  0.52391000  0.48338903  0.50337418  0.49331462  0.56676129  0.57787044  0.50337418  0.53439408  0.54502773  0.49331462  0.48338903  0.49331462  0.49331462  0.60059820  0.60059820  0.51357136  0.52391000  0.49331462  0.49331462  0.47359389  0.49331462  0.50337418  0.50337418  0.52391000  0.53439408  0.50337418  0.49331462  0.40841171  0.49331462  0.51357136  0.49331462  0.50337418  0.50337418  0.49331462  0.50337418  0.51357136  0.47359389  0.50337418  0.52391000  0.53439408  0.50337418  0.43565202  0.45438154  0.48338903  0.49331462  0.48338903  0.50337418  0.48338903  0.47359389  0.50337418  0.50337418  0.51357136  0.49331462  0.50337418  0.46392582  0.48338903  0.49331462  0.50337418  0.58914769  0.49331462  0.53439408  0.43565202  0.45438154  0.46392582  0.47359389  0.45438154  0.43565202  0.47359389  0.47359389  0.44495795  0.39954845  0.42646085  0.42646085  0.39954845  0.39078935  0.41738164  0.50337418  0.50337418  0.47359389  0.43565202  0.45438154  0.41738164  0.42646085  0.52391000  1.00404096  0.98447341  0.92867634  0.51357136  0.45438154  0.46392582  0.47359389  0.46392582  0.47359389  0.41738164  0.40841171  0.40841171  0.46392582  0.39954845  0.42646085  0.39954845  0.41738164  0.39954845  0.41738164  0.48338903  
17_37_0    0.24137104  0.14148407  0.00000000  0.12912277  0.09322333  0.15405385  0.28540229  0.26306155  0.37357404  0.37357404  0.39078935  0.39954845  0.39954845  0.40841171  0.41738164  0.41738164  0.43565202  0.43565202  0.38213199  0.36511324  0.35674741  0.36511324  0.38213199  0.38213199  0.50337418  0.38213199  0.39078935  0.45438154  0.44495795  0.45438154  0.47359389  0.43565202  0.42646085  0.39954845  0.36511324  0.44495795  0.46392582  0.44495795  0.46392582  0.46392582  0.41738164  0.41738164  0.47359389  0.41738164  0.39078935  0.38213199  0.41738164  0.45438154  0.35674741  0.36511324  0.39954845  0.43565202  0.37357404  0.39078935  0.54502773  0.52391000  0.48338903  0.46392582  0.44495795  0.48338903  0.46392582  0.42646085  0.44495795  0.53439408  0.40841171  0.49331462  0.47359389  0.48338903  0.43565202  0.41738164  0.46392582  0.46392582  0.43565202  0.45438154  0.46392582  0.52391000  0.39078935  0.37357404  0.37357404  0.38213199  0.48338903  0.49331462  0.43565202  0.43565202  0.47359389  0.41738164  0.39078935  0.38213199  0.38213199  0.55581529  0.54502773  0.42646085  0.44495795  0.41738164  0.41738164  0.41738164  0.41738164  0.41738164  0.43565202  0.51357136  0.52391000  0.45438154  0.47359389  0.44495795  0.49331462  0.46392582  0.47359389  0.46392582  0.46392582  0.45438154  0.46392582  0.40841171  0.40841171  0.44495795  0.44495795  0.44495795  0.42646085  0.42646085  0.40841171  0.39954845  0.43565202  0.42646085  0.44495795  0.42646085  0.41738164  0.45438154  0.42646085  0.50337418  0.48338903  0.49331462  0.43565202  0.45438154  0.46392582  0.47359389  0.56676129  0.47359389  0.51357136  0.39954845  0.41738164  0.43565202  0.44495795  0.40841171  0.44495795  0.42646085  0.48338903  0.45438154  0.39078935  0.43565202  0.45438154  0.40841171  0.41738164  0.44495795  0.40841171  0.41738164  0.43565202  0.39954845  0.39954845  0.39954845  0.39078935  0.45438154  0.98447341  1.00404096  0.98447341  0.48338903  0.41738164  0.44495795  0.49331462  0.47359389  0.44495795  0.42646085  0.44495795  0.44495795  0.43565202  0.37357404  0.46392582  0.34029230  0.33219900  0.31627138  0.34847444  0.43565202  
17_35_0    0.27788072  0.21339867  0.12912277  0.00000000  0.11095693  0.19308749  0.34847444  0.35674741  0.39078935  0.41738164  0.38213199  0.42646085  0.40841171  0.45438154  0.46392582  0.46392582  0.39078935  0.39078935  0.39078935  0.37357404  0.36511324  0.35674741  0.39078935  0.40841171  0.54502773  0.37357404  0.34847444  0.39954845  0.39078935  0.41738164  0.42646085  0.40841171  0.39078935  0.37357404  0.38213199  0.41738164  0.42646085  0.39954845  0.44495795  0.44495795  0.41738164  0.41738164  0.43565202  0.41738164  0.44495795  0.43565202  0.43565202  0.45438154  0.37357404  0.43565202  0.47359389  0.43565202  0.39078935  0.42646085  0.58914769  0.51357136  0.50337418  0.47359389  0.43565202  0.49331462  0.45438154  0.50337418  0.44495795  0.47359389  0.43565202  0.47359389  0.49331462  0.52391000  0.46392582  0.42646085  0.49331462  0.49331462  0.44495795  0.46392582  0.49331462  0.53439408  0.43565202  0.45438154  0.43565202  0.40841171  0.54502773  0.60059820  0.45438154  0.50337418  0.52391000  0.50337418  0.41738164  0.42646085  0.42646085  0.52391000  0.54502773  0.46392582  0.48338903  0.45438154  0.45438154  0.45438154  0.45438154  0.43565202  0.44495795  0.47359389  0.48338903  0.46392582  0.44495795  0.47359389  0.45438154  0.40841171  0.42646085  0.51357136  0.51357136  0.50337418  0.51357136  0.45438154  0.47359389  0.51357136  0.51357136  0.49331462  0.51357136  0.41738164  0.41738164  0.42646085  0.42646085  0.45438154  0.43565202  0.46392582  0.45438154  0.47359389  0.42646085  0.47359389  0.45438154  0.46392582  0.47359389  0.49331462  0.47359389  0.46392582  0.54502773  0.47359389  0.49331462  0.45438154  0.45438154  0.39954845  0.42646085  0.39078935  0.42646085  0.40841171  0.44495795  0.39954845  0.39078935  0.38213199  0.39954845  0.37357404  0.38213199  0.40841171  0.40841171  0.44495795  0.52391000  0.45438154  0.47359389  0.47359389  0.44495795  0.52391000  0.98447341  0.96540648  1.02413612  0.51357136  0.46392582  0.53439408  0.56676129  0.56676129  0.51357136  0.42646085  0.42646085  0.42646085  0.47359389  0.45438154  0.48338903  0.39078935  0.41738164  0.39954845  0.41738164  0.43565202  
17_31_0    0.22029396  0.14774247  0.09322333  0.11095693  0.00000000  0.10499872  0.31627138  0.30843342  0.35674741  0.39078935  0.37357404  0.35674741  0.35674741  0.39954845  0.39078935  0.39078935  0.37357404  0.37357404  0.35674741  0.34029230  0.36511324  0.37357404  0.39078935  0.40841171  0.51357136  0.35674741  0.34847444  0.39078935  0.38213199  0.40841171  0.39078935  0.39078935  0.43565202  0.37357404  0.37357404  0.40841171  0.43565202  0.39954845  0.39954845  0.39954845  0.37357404  0.39078935  0.39078935  0.37357404  0.39954845  0.39078935  0.40841171  0.47359389  0.38213199  0.42646085  0.44495795  0.44495795  0.43565202  0.45438154  0.55581529  0.45438154  0.45438154  0.41738164  0.38213199  0.43565202  0.39954845  0.41738164  0.42646085  0.47359389  0.40841171  0.47359389  0.45438154  0.48338903  0.44495795  0.41738164  0.46392582  0.48338903  0.43565202  0.45438154  0.44495795  0.49331462  0.37357404  0.37357404  0.37357404  0.36511324  0.49331462  0.54502773  0.39954845  0.43565202  0.45438154  0.41738164  0.39078935  0.38213199  0.38213199  0.49331462  0.53439408  0.42646085  0.44495795  0.41738164  0.41738164  0.41738164  0.43565202  0.39954845  0.43565202  0.48338903  0.49331462  0.39954845  0.45438154  0.42646085  0.45438154  0.42646085  0.47359389  0.44495795  0.44495795  0.43565202  0.44495795  0.42646085  0.42646085  0.46392582  0.48338903  0.46392582  0.46392582  0.39078935  0.39078935  0.38213199  0.41738164  0.40841171  0.40841171  0.47359389  0.46392582  0.50337418  0.43565202  0.50337418  0.46392582  0.47359389  0.48338903  0.46392582  0.43565202  0.44495795  0.54502773  0.45438154  0.47359389  0.38213199  0.38213199  0.44495795  0.47359389  0.41738164  0.41738164  0.43565202  0.47359389  0.44495795  0.41738164  0.42646085  0.44495795  0.41738164  0.40841171  0.41738164  0.43565202  0.46392582  0.52391000  0.49331462  0.49331462  0.49331462  0.48338903  0.53439408  0.96540648  0.94681517  0.96540648  0.49331462  0.42646085  0.42646085  0.47359389  0.46392582  0.42646085  0.39954845  0.41738164  0.41738164  0.44495795  0.43565202  0.48338903  0.36511324  0.37357404  0.35674741  0.40841171  0.46392582  
17_33_0    0.23427891  0.14774247  0.15405385  0.19308749  0.10499872  0.00000000  0.37357404  0.36511324  0.41738164  0.41738164  0.36511324  0.37357404  0.37357404  0.41738164  0.40841171  0.40841171  0.38213199  0.41738164  0.34029230  0.34847444  0.39954845  0.40841171  0.38213199  0.38213199  0.49331462  0.33219900  0.35674741  0.44495795  0.43565202  0.42646085  0.42646085  0.42646085  0.41738164  0.40841171  0.39078935  0.45438154  0.45438154  0.44495795  0.41738164  0.45438154  0.39954845  0.41738164  0.42646085  0.40841171  0.43565202  0.40841171  0.42646085  0.47359389  0.39078935  0.44495795  0.46392582  0.44495795  0.43565202  0.44495795  0.53439408  0.47359389  0.49331462  0.48338903  0.46392582  0.48338903  0.46392582  0.47359389  0.47359389  0.51357136  0.49331462  0.49331462  0.43565202  0.47359389  0.45438154  0.42646085  0.48338903  0.46392582  0.49331462  0.53439408  0.46392582  0.51357136  0.42646085  0.39078935  0.39078935  0.39954845  0.54502773  0.60059820  0.43565202  0.47359389  0.45438154  0.49331462  0.44495795  0.43565202  0.43565202  0.53439408  0.54502773  0.43565202  0.48338903  0.45438154  0.45438154  0.43565202  0.44495795  0.45438154  0.47359389  0.48338903  0.49331462  0.40841171  0.43565202  0.40841171  0.45438154  0.40841171  0.45438154  0.40841171  0.40841171  0.41738164  0.40841171  0.40841171  0.39954845  0.41738164  0.45438154  0.45438154  0.41738164  0.38213199  0.36511324  0.37357404  0.43565202  0.42646085  0.42646085  0.45438154  0.44495795  0.50337418  0.49331462  0.49331462  0.47359389  0.48338903  0.46392582  0.44495795  0.42646085  0.41738164  0.52391000  0.41738164  0.45438154  0.42646085  0.43565202  0.43565202  0.46392582  0.42646085  0.39954845  0.43565202  0.48338903  0.45438154  0.44495795  0.49331462  0.49331462  0.46392582  0.45438154  0.48338903  0.43565202  0.51357136  0.53439408  0.41738164  0.40841171  0.43565202  0.40841171  0.47359389  1.00404096  0.94681517  0.96540648  0.50337418  0.43565202  0.39954845  0.44495795  0.41738164  0.39954845  0.42646085  0.40841171  0.40841171  0.47359389  0.42646085  0.44495795  0.38213199  0.40841171  0.39078935  0.41738164  0.45438154  
90_0_0     0.42646085  0.37357404  0.28540229  0.34847444  0.31627138  0.37357404  0.00000000  0.07590188  0.24137104  0.16041914  0.37357404  0.30843342  0.29300053  0.31627138  0.32419265  0.32419265  0.33219900  0.31627138  0.30067703  0.29300053  0.30067703  0.30843342  0.35674741  0.35674741  0.40841171  0.34029230  0.34847444  0.36511324  0.34847444  0.39078935  0.42646085  0.37357404  0.42646085  0.38213199  0.35674741  0.44495795  0.43565202  0.40841171  0.44495795  0.40841171  0.39954845  0.36511324  0.43565202  0.39954845  0.37357404  0.39078935  0.39078935  0.42646085  0.32419265  0.40841171  0.39078935  0.41738164  0.39078935  0.39954845  0.58914769  0.49331462  0.51357136  0.42646085  0.44495795  0.40841171  0.43565202  0.40841171  0.40841171  0.42646085  0.45438154  0.49331462  0.47359389  0.46392582  0.46392582  0.50337418  0.52391000  0.51357136  0.48338903  0.49331462  0.49331462  0.50337418  0.44495795  0.43565202  0.43565202  0.46392582  0.50337418  0.49331462  0.45438154  0.55581529  0.57787044  0.53439408  0.44495795  0.44495795  0.45438154  0.50337418  0.52391000  0.48338903  0.45438154  0.42646085  0.42646085  0.44495795  0.43565202  0.41738164  0.48338903  0.52391000  0.51357136  0.45438154  0.50337418  0.46392582  0.52391000  0.56676129  0.54502773  0.51357136  0.51357136  0.50337418  0.51357136  0.48338903  0.41738164  0.42646085  0.41738164  0.43565202  0.41738164  0.41738164  0.43565202  0.42646085  0.47359389  0.46392582  0.48338903  0.51357136  0.50337418  0.50337418  0.44495795  0.57787044  0.53439408  0.54502773  0.52391000  0.49331462  0.41738164  0.40841171  0.56676129  0.45438154  0.49331462  0.45438154  0.48338903  0.35674741  0.39954845  0.40841171  0.44495795  0.40841171  0.48338903  0.48338903  0.46392582  0.44495795  0.48338903  0.46392582  0.45438154  0.46392582  0.42646085  0.43565202  0.43565202  0.43565202  0.39954845  0.43565202  0.42646085  0.46392582  1.15761723  1.11041701  1.15761723  0.34847444  0.34029230  0.44495795  0.42646085  0.41738164  0.37357404  0.47359389  0.49331462  0.49331462  0.45438154  0.43565202  0.33219900  0.31627138  0.32419265  0.30843342  0.27043431  0.41738164  
52_53_0    0.39954845  0.36511324  0.26306155  0.35674741  0.30843342  0.36511324  0.07590188  0.00000000  0.23427891  0.16041914  0.36511324  0.30843342  0.30843342  0.31627138  0.32419265  0.32419265  0.38213199  0.36511324  0.30067703  0.34029230  0.31627138  0.32419265  0.37357404  0.37357404  0.44495795  0.30843342  0.30843342  0.39078935  0.36511324  0.42646085  0.46392582  0.39078935  0.44495795  0.41738164  0.39078935  0.44495795  0.43565202  0.44495795  0.48338903  0.44495795  0.41738164  0.39954845  0.45438154  0.41738164  0.37357404  0.42646085  0.40841171  0.42646085  0.31627138  0.34847444  0.34847444  0.37357404  0.36511324  0.35674741  0.55581529  0.49331462  0.52391000  0.47359389  0.49331462  0.47359389  0.48338903  0.42646085  0.45438154  0.49331462  0.42646085  0.46392582  0.46392582  0.45438154  0.43565202  0.43565202  0.49331462  0.48338903  0.45438154  0.46392582  0.48338903  0.53439408  0.41738164  0.42646085  0.39078935  0.41738164  0.43565202  0.44495795  0.46392582  0.52391000  0.58914769  0.50337418  0.43565202  0.43565202  0.44495795  0.55581529  0.56676129  0.45438154  0.42646085  0.38213199  0.38213199  0.39954845  0.42646085  0.39078935  0.49331462  0.55581529  0.54502773  0.46392582  0.55581529  0.51357136  0.56676129  0.57787044  0.57787044  0.52391000  0.52391000  0.51357136  0.52391000  0.47359389  0.43565202  0.46392582  0.43565202  0.45438154  0.43565202  0.44495795  0.44495795  0.43565202  0.48338903  0.45438154  0.47359389  0.46392582  0.45438154  0.49331462  0.41738164  0.54502773  0.52391000  0.51357136  0.49331462  0.48338903  0.42646085  0.41738164  0.54502773  0.44495795  0.48338903  0.46392582  0.49331462  0.41738164  0.42646085  0.41738164  0.43565202  0.41738164  0.49331462  0.47359389  0.41738164  0.43565202  0.47359389  0.43565202  0.44495795  0.45438154  0.42646085  0.46392582  0.46392582  0.48338903  0.44495795  0.46392582  0.47359389  0.50337418  1.00404096  0.98447341  0.98447341  0.36511324  0.34029230  0.46392582  0.45438154  0.45438154  0.40841171  0.47359389  0.49331462  0.49331462  0.45438154  0.47359389  0.37357404  0.30067703  0.30843342  0.27788072  0.29300053  0.40841171  
52_54_0    0.50337418  0.42646085  0.37357404  0.39078935  0.35674741  0.41738164  0.24137104  0.23427891  0.00000000  0.22029396  0.41738164  0.36511324  0.36511324  0.37357404  0.38213199  0.38213199  0.44495795  0.44495795  0.39078935  0.41738164  0.33219900  0.32419265  0.30843342  0.30067703  0.51357136  0.35674741  0.34847444  0.37357404  0.36511324  0.35674741  0.35674741  0.39078935  0.41738164  0.35674741  0.37357404  0.46392582  0.44495795  0.47359389  0.44495795  0.43565202  0.44495795  0.39954845  0.43565202  0.45438154  0.47359389  0.47359389  0.43565202  0.48338903  0.39954845  0.47359389  0.46392582  0.50337418  0.49331462  0.50337418  0.63604464  0.54502773  0.58914769  0.55581529  0.49331462  0.53439408  0.52391000  0.58914769  0.52391000  0.52391000  0.53439408  0.49331462  0.48338903  0.47359389  0.45438154  0.46392582  0.49331462  0.50337418  0.48338903  0.47359389  0.48338903  0.53439408  0.48338903  0.48338903  0.48338903  0.47359389  0.54502773  0.54502773  0.52391000  0.50337418  0.50337418  0.50337418  0.45438154  0.43565202  0.44495795  0.51357136  0.55581529  0.54502773  0.49331462  0.45438154  0.45438154  0.47359389  0.49331462  0.45438154  0.50337418  0.56676129  0.55581529  0.49331462  0.53439408  0.48338903  0.48338903  0.56676129  0.51357136  0.48338903  0.48338903  0.49331462  0.48338903  0.53439408  0.46392582  0.49331462  0.46392582  0.46392582  0.50337418  0.49331462  0.47359389  0.49331462  0.50337418  0.49331462  0.49331462  0.57787044  0.56676129  0.58914769  0.58914769  0.60059820  0.57787044  0.56676129  0.62404087  0.57787044  0.41738164  0.40841171  0.58914769  0.44495795  0.50337418  0.51357136  0.52391000  0.43565202  0.44495795  0.43565202  0.44495795  0.42646085  0.52391000  0.53439408  0.56676129  0.54502773  0.58914769  0.54502773  0.52391000  0.56676129  0.43565202  0.57787044  0.56676129  0.53439408  0.55581529  0.53439408  0.52391000  0.57787044  1.18238775  1.20800991  1.15761723  0.43565202  0.41738164  0.45438154  0.47359389  0.46392582  0.42646085  0.55581529  0.57787044  0.57787044  0.57787044  0.56676129  0.44495795  0.42646085  0.41738164  0.39078935  0.39078935  0.48338903  
52_0_0     0.43565202  0.43565202  0.37357404  0.41738164  0.39078935  0.41738164  0.16041914  0.16041914  0.22029396  0.00000000  0.40841171  0.34847444  0.33219900  0.37357404  0.38213199  0.38213199  0.39078935  0.39078935  0.39078935  0.39954845  0.39954845  0.40841171  0.37357404  0.37357404  0.49331462  0.34847444  0.38213199  0.39954845  0.39954845  0.39078935  0.44495795  0.42646085  0.47359389  0.43565202  0.37357404  0.52391000  0.49331462  0.45438154  0.52391000  0.52391000  0.49331462  0.46392582  0.52391000  0.49331462  0.48338903  0.53439408  0.48338903  0.48338903  0.37357404  0.47359389  0.46392582  0.43565202  0.44495795  0.41738164  0.58914769  0.49331462  0.55581529  0.52391000  0.50337418  0.49331462  0.53439408  0.51357136  0.51357136  0.50337418  0.48338903  0.47359389  0.43565202  0.42646085  0.43565202  0.41738164  0.52391000  0.50337418  0.48338903  0.52391000  0.45438154  0.51357136  0.42646085  0.40841171  0.40841171  0.43565202  0.48338903  0.49331462  0.45438154  0.51357136  0.53439408  0.58914769  0.47359389  0.47359389  0.48338903  0.46392582  0.49331462  0.42646085  0.40841171  0.39078935  0.39078935  0.40841171  0.36511324  0.38213199  0.43565202  0.51357136  0.50337418  0.47359389  0.43565202  0.48338903  0.45438154  0.48338903  0.48338903  0.50337418  0.50337418  0.49331462  0.50337418  0.48338903  0.41738164  0.44495795  0.42646085  0.42646085  0.40841171  0.39954845  0.39954845  0.39078935  0.45438154  0.45438154  0.46392582  0.48338903  0.49331462  0.51357136  0.49331462  0.62404087  0.57787044  0.56676129  0.55581529  0.53439408  0.44495795  0.39954845  0.56676129  0.49331462  0.51357136  0.50337418  0.53439408  0.44495795  0.50337418  0.48338903  0.49331462  0.47359389  0.51357136  0.49331462  0.50337418  0.54502773  0.58914769  0.54502773  0.53439408  0.56676129  0.42646085  0.53439408  0.49331462  0.49331462  0.45438154  0.49331462  0.48338903  0.49331462  1.04478813  1.02413612  1.06602874  0.37357404  0.38213199  0.47359389  0.47359389  0.46392582  0.40841171  0.54502773  0.54502773  0.54502773  0.48338903  0.50337418  0.42646085  0.34029230  0.36511324  0.34029230  0.32419265  0.51357136  
36_0_0     0.43565202  0.44495795  0.39078935  0.38213199  0.37357404  0.36511324  0.37357404  0.36511324  0.41738164  0.40841171  0.00000000  0.08740467  0.08740467  0.14148407  0.13527780  0.13527780  0.14148407  0.16683926  0.20656659  0.20656659  0.30067703  0.29300053  0.34029230  0.35674741  0.57787044  0.31627138  0.31627138  0.34847444  0.32419265  0.35674741  0.33219900  0.41738164  0.42646085  0.39078935  0.42646085  0.40841171  0.35674741  0.39954845  0.35674741  0.35674741  0.34847444  0.38213199  0.38213199  0.33219900  0.37357404  0.43565202  0.34847444  0.45438154  0.39078935  0.49331462  0.53439408  0.48338903  0.46392582  0.45438154  0.45438154  0.55581529  0.49331462  0.48338903  0.46392582  0.50337418  0.43565202  0.46392582  0.46392582  0.45438154  0.46392582  0.44495795  0.46392582  0.52391000  0.49331462  0.45438154  0.44495795  0.45438154  0.42646085  0.45438154  0.40841171  0.42646085  0.39954845  0.41738164  0.39954845  0.37357404  0.48338903  0.53439408  0.43565202  0.40841171  0.41738164  0.47359389  0.44495795  0.46392582  0.45438154  0.50337418  0.51357136  0.42646085  0.47359389  0.44495795  0.44495795  0.47359389  0.40841171  0.37357404  0.46392582  0.54502773  0.53439408  0.51357136  0.48338903  0.46392582  0.47359389  0.55581529  0.51357136  0.55581529  0.55581529  0.56676129  0.55581529  0.51357136  0.47359389  0.49331462  0.43565202  0.45438154  0.45438154  0.38213199  0.41738164  0.41738164  0.46392582  0.45438154  0.45438154  0.52391000  0.51357136  0.55581529  0.52391000  0.56676129  0.53439408  0.53439408  0.52391000  0.51357136  0.40841171  0.40841171  0.54502773  0.39078935  0.41738164  0.54502773  0.55581529  0.35674741  0.36511324  0.38213199  0.37357404  0.39078935  0.45438154  0.46392582  0.49331462  0.51357136  0.51357136  0.47359389  0.48338903  0.49331462  0.38213199  0.44495795  0.50337418  0.49331462  0.50337418  0.49331462  0.50337418  0.57787044  1.04478813  1.04478813  1.02413612  0.41738164  0.39954845  0.49331462  0.43565202  0.46392582  0.42646085  0.50337418  0.52391000  0.52391000  0.54502773  0.48338903  0.39078935  0.34029230  0.38213199  0.34847444  0.37357404  0.42646085  
48_0_0     0.45438154  0.46392582  0.39954845  0.42646085  0.35674741  0.37357404  0.30843342  0.30843342  0.36511324  0.34847444  0.08740467  0.00000000  0.01038124  0.05897387  0.05341557  0.05341557  0.11696315  0.14148407  0.17984783  0.16041914  0.28540229  0.27788072  0.30843342  0.32419265  0.62404087  0.30067703  0.31627138  0.33219900  0.30843342  0.34029230  0.31627138  0.37357404  0.36511324  0.34847444  0.34847444  0.41738164  0.39954845  0.42646085  0.39954845  0.39954845  0.37357404  0.40841171  0.37357404  0.37357404  0.39954845  0.48338903  0.39078935  0.34847444  0.32419265  0.39954845  0.39954845  0.37357404  0.37357404  0.37357404  0.48338903  0.48338903  0.47359389  0.46392582  0.46392582  0.46392582  0.41738164  0.43565202  0.39954845  0.43565202  0.42646085  0.43565202  0.48338903  0.52391000  0.49331462  0.46392582  0.49331462  0.48338903  0.47359389  0.47359389  0.47359389  0.42646085  0.41738164  0.43565202  0.41738164  0.39078935  0.45438154  0.50337418  0.42646085  0.37357404  0.38213199  0.44495795  0.43565202  0.45438154  0.44495795  0.44495795  0.47359389  0.40841171  0.43565202  0.44495795  0.44495795  0.46392582  0.41738164  0.40841171  0.47359389  0.53439408  0.52391000  0.48338903  0.45438154  0.48338903  0.45438154  0.58914769  0.57787044  0.51357136  0.51357136  0.52391000  0.51357136  0.48338903  0.45438154  0.47359389  0.41738164  0.43565202  0.43565202  0.43565202  0.43565202  0.42646085  0.42646085  0.41738164  0.41738164  0.54502773  0.55581529  0.57787044  0.54502773  0.51357136  0.46392582  0.46392582  0.54502773  0.54502773  0.40841171  0.40841171  0.61222737  0.39954845  0.42646085  0.52391000  0.52391000  0.37357404  0.38213199  0.43565202  0.42646085  0.42646085  0.50337418  0.52391000  0.50337418  0.52391000  0.53439408  0.50337418  0.49331462  0.48338903  0.41738164  0.45438154  0.49331462  0.46392582  0.50337418  0.46392582  0.47359389  0.54502773  1.00404096  1.04478813  0.98447341  0.35674741  0.32419265  0.40841171  0.33219900  0.34847444  0.34029230  0.50337418  0.54502773  0.54502773  0.57787044  0.48338903  0.34847444  0.28540229  0.29300053  0.27788072  0.30067703  0.39954845  
4_0_0      0.47359389  0.46392582  0.39954845  0.40841171  0.35674741  0.37357404  0.29300053  0.30843342  0.36511324  0.33219900  0.08740467  0.01038124  0.00000000  0.05897387  0.05341557  0.05341557  0.10499872  0.12912277  0.17984783  0.14774247  0.27043431  0.26306155  0.30843342  0.32419265  0.60059820  0.30067703  0.31627138  0.33219900  0.30843342  0.34029230  0.31627138  0.37357404  0.36511324  0.36511324  0.36511324  0.39954845  0.38213199  0.40841171  0.38213199  0.38213199  0.35674741  0.39078935  0.35674741  0.35674741  0.38213199  0.46392582  0.37357404  0.36511324  0.32419265  0.39954845  0.39954845  0.37357404  0.37357404  0.37357404  0.46392582  0.48338903  0.49331462  0.46392582  0.46392582  0.46392582  0.41738164  0.44495795  0.38213199  0.41738164  0.44495795  0.45438154  0.50337418  0.54502773  0.51357136  0.48338903  0.51357136  0.50337418  0.49331462  0.47359389  0.47359389  0.42646085  0.43565202  0.45438154  0.43565202  0.40841171  0.47359389  0.52391000  0.44495795  0.39078935  0.39954845  0.44495795  0.45438154  0.47359389  0.46392582  0.44495795  0.47359389  0.42646085  0.45438154  0.46392582  0.46392582  0.48338903  0.41738164  0.40841171  0.45438154  0.51357136  0.50337418  0.48338903  0.45438154  0.48338903  0.46392582  0.57787044  0.56676129  0.51357136  0.51357136  0.52391000  0.51357136  0.50337418  0.45438154  0.47359389  0.41738164  0.43565202  0.43565202  0.43565202  0.45438154  0.44495795  0.44495795  0.43565202  0.43565202  0.54502773  0.55581529  0.57787044  0.54502773  0.53439408  0.48338903  0.48338903  0.54502773  0.54502773  0.39078935  0.39078935  0.58914769  0.41738164  0.44495795  0.54502773  0.54502773  0.37357404  0.38213199  0.43565202  0.42646085  0.42646085  0.50337418  0.52391000  0.52391000  0.54502773  0.55581529  0.52391000  0.51357136  0.50337418  0.41738164  0.45438154  0.49331462  0.44495795  0.48338903  0.44495795  0.45438154  0.52391000  1.00404096  1.04478813  1.02413612  0.35674741  0.34029230  0.42646085  0.34847444  0.36511324  0.35674741  0.48338903  0.54502773  0.54502773  0.55581529  0.48338903  0.34847444  0.28540229  0.29300053  0.27788072  0.28540229  0.39954845  
50_0_0     0.52391000  0.49331462  0.40841171  0.45438154  0.39954845  0.41738164  0.31627138  0.31627138  0.37357404  0.37357404  0.14148407  0.05897387  0.05897387  0.00000000  0.01562659  0.01562659  0.16041914  0.18643826  0.21339867  0.17984783  0.29300053  0.28540229  0.31627138  0.33219900  0.61222737  0.30843342  0.32419265  0.35674741  0.33219900  0.38213199  0.34029230  0.39954845  0.39078935  0.39078935  0.39078935  0.44495795  0.44495795  0.47359389  0.42646085  0.42646085  0.41738164  0.41738164  0.41738164  0.41738164  0.42646085  0.53439408  0.43565202  0.36511324  0.34029230  0.39954845  0.39954845  0.39078935  0.37357404  0.37357404  0.53439408  0.51357136  0.54502773  0.51357136  0.51357136  0.51357136  0.46392582  0.49331462  0.45438154  0.48338903  0.49331462  0.52391000  0.55581529  0.60059820  0.52391000  0.53439408  0.57787044  0.56676129  0.54502773  0.54502773  0.52391000  0.45438154  0.48338903  0.48338903  0.48338903  0.47359389  0.50337418  0.55581529  0.49331462  0.43565202  0.44495795  0.51357136  0.48338903  0.48338903  0.49331462  0.49331462  0.50337418  0.45438154  0.48338903  0.49331462  0.49331462  0.51357136  0.46392582  0.45438154  0.52391000  0.56676129  0.55581529  0.55581529  0.50337418  0.49331462  0.48338903  0.63604464  0.61222737  0.56676129  0.56676129  0.57787044  0.56676129  0.53439408  0.54502773  0.56676129  0.48338903  0.50337418  0.50337418  0.50337418  0.52391000  0.51357136  0.49331462  0.46392582  0.46392582  0.55581529  0.56676129  0.58914769  0.51357136  0.52391000  0.47359389  0.47359389  0.55581529  0.55581529  0.43565202  0.43565202  0.62404087  0.44495795  0.47359389  0.58914769  0.58914769  0.38213199  0.37357404  0.42646085  0.43565202  0.41738164  0.46392582  0.48338903  0.50337418  0.52391000  0.53439408  0.50337418  0.49331462  0.48338903  0.40841171  0.42646085  0.44495795  0.45438154  0.49331462  0.47359389  0.46392582  0.51357136  1.08789247  1.13364354  1.11041701  0.40841171  0.36511324  0.44495795  0.39078935  0.39078935  0.38213199  0.55581529  0.60059820  0.60059820  0.57787044  0.53439408  0.35674741  0.31627138  0.30843342  0.29300053  0.32419265  0.42646085  
69_0_0     0.51357136  0.50337418  0.41738164  0.46392582  0.39078935  0.40841171  0.32419265  0.32419265  0.38213199  0.38213199  0.13527780  0.05341557  0.05341557  0.01562659  0.00000000  0.00000000  0.14148407  0.16683926  0.22029396  0.18643826  0.28540229  0.27788072  0.30843342  0.32419265  0.64824490  0.30067703  0.32419265  0.34847444  0.32419265  0.37357404  0.33219900  0.39078935  0.38213199  0.38213199  0.38213199  0.41738164  0.41738164  0.46392582  0.41738164  0.41738164  0.39078935  0.40841171  0.39078935  0.39078935  0.39954845  0.50337418  0.40841171  0.35674741  0.34847444  0.39078935  0.39078935  0.36511324  0.36511324  0.36511324  0.50337418  0.48338903  0.51357136  0.48338903  0.48338903  0.48338903  0.43565202  0.46392582  0.42646085  0.45438154  0.48338903  0.51357136  0.54502773  0.58914769  0.53439408  0.54502773  0.54502773  0.55581529  0.55581529  0.55581529  0.51357136  0.46392582  0.47359389  0.49331462  0.47359389  0.46392582  0.49331462  0.54502773  0.48338903  0.42646085  0.43565202  0.48338903  0.49331462  0.49331462  0.50337418  0.48338903  0.49331462  0.44495795  0.47359389  0.48338903  0.48338903  0.50337418  0.45438154  0.44495795  0.53439408  0.53439408  0.52391000  0.54502773  0.49331462  0.50337418  0.49331462  0.60059820  0.58914769  0.53439408  0.53439408  0.54502773  0.53439408  0.52391000  0.51357136  0.53439408  0.45438154  0.47359389  0.47359389  0.49331462  0.49331462  0.48338903  0.48338903  0.45438154  0.45438154  0.54502773  0.55581529  0.57787044  0.50337418  0.51357136  0.46392582  0.46392582  0.54502773  0.54502773  0.42646085  0.42646085  0.61222737  0.43565202  0.46392582  0.57787044  0.57787044  0.39078935  0.36511324  0.43565202  0.42646085  0.42646085  0.49331462  0.51357136  0.51357136  0.53439408  0.54502773  0.51357136  0.50337418  0.49331462  0.39954845  0.43565202  0.45438154  0.46392582  0.50337418  0.46392582  0.47359389  0.52391000  1.06602874  1.11041701  1.08789247  0.39954845  0.35674741  0.43565202  0.38213199  0.38213199  0.37357404  0.54502773  0.61222737  0.61222737  0.56676129  0.52391000  0.38213199  0.32419265  0.31627138  0.30067703  0.33219900  0.41738164  
71_0_0     0.51357136  0.50337418  0.41738164  0.46392582  0.39078935  0.40841171  0.32419265  0.32419265  0.38213199  0.38213199  0.13527780  0.05341557  0.05341557  0.01562659  0.00000000  0.00000000  0.14148407  0.16683926  0.22029396  0.18643826  0.28540229  0.27788072  0.30843342  0.32419265  0.64824490  0.30067703  0.32419265  0.34847444  0.32419265  0.37357404  0.33219900  0.39078935  0.38213199  0.38213199  0.38213199  0.41738164  0.41738164  0.46392582  0.41738164  0.41738164  0.39078935  0.40841171  0.39078935  0.39078935  0.39954845  0.50337418  0.40841171  0.35674741  0.34847444  0.39078935  0.39078935  0.36511324  0.36511324  0.36511324  0.50337418  0.48338903  0.51357136  0.48338903  0.48338903  0.48338903  0.43565202  0.46392582  0.42646085  0.45438154  0.48338903  0.51357136  0.54502773  0.58914769  0.53439408  0.54502773  0.54502773  0.55581529  0.55581529  0.55581529  0.51357136  0.46392582  0.47359389  0.49331462  0.47359389  0.46392582  0.49331462  0.54502773  0.48338903  0.42646085  0.43565202  0.48338903  0.49331462  0.49331462  0.50337418  0.48338903  0.49331462  0.44495795  0.47359389  0.48338903  0.48338903  0.50337418  0.45438154  0.44495795  0.53439408  0.53439408  0.52391000  0.54502773  0.49331462  0.50337418  0.49331462  0.60059820  0.58914769  0.53439408  0.53439408  0.54502773  0.53439408  0.52391000  0.51357136  0.53439408  0.45438154  0.47359389  0.47359389  0.49331462  0.49331462  0.48338903  0.48338903  0.45438154  0.45438154  0.54502773  0.55581529  0.57787044  0.50337418  0.51357136  0.46392582  0.46392582  0.54502773  0.54502773  0.42646085  0.42646085  0.61222737  0.43565202  0.46392582  0.57787044  0.57787044  0.39078935  0.36511324  0.43565202  0.42646085  0.42646085  0.49331462  0.51357136  0.51357136  0.53439408  0.54502773  0.51357136  0.50337418  0.49331462  0.39954845  0.43565202  0.45438154  0.46392582  0.50337418  0.46392582  0.47359389  0.52391000  1.06602874  1.11041701  1.08789247  0.39954845  0.35674741  0.43565202  0.38213199  0.38213199  0.37357404  0.54502773  0.61222737  0.61222737  0.56676129  0.52391000  0.38213199  0.32419265  0.31627138  0.30067703  0.33219900  0.41738164  
36_56_0    0.41738164  0.46392582  0.43565202  0.39078935  0.37357404  0.38213199  0.33219900  0.38213199  0.44495795  0.39078935  0.14148407  0.11696315  0.10499872  0.16041914  0.14148407  0.14148407  0.00000000  0.04242181  0.14148407  0.11696315  0.28540229  0.27788072  0.29300053  0.30843342  0.56676129  0.31627138  0.34847444  0.34847444  0.32419265  0.35674741  0.34847444  0.35674741  0.37357404  0.35674741  0.37357404  0.42646085  0.40841171  0.44495795  0.37357404  0.37357404  0.34029230  0.37357404  0.38213199  0.34847444  0.37357404  0.47359389  0.36511324  0.44495795  0.35674741  0.41738164  0.41738164  0.40841171  0.39078935  0.38213199  0.49331462  0.50337418  0.48338903  0.46392582  0.45438154  0.47359389  0.44495795  0.43565202  0.42646085  0.40841171  0.51357136  0.52391000  0.54502773  0.58914769  0.58914769  0.55581529  0.52391000  0.51357136  0.50337418  0.48338903  0.50337418  0.49331462  0.48338903  0.48338903  0.48338903  0.45438154  0.53439408  0.61222737  0.45438154  0.47359389  0.46392582  0.47359389  0.52391000  0.52391000  0.53439408  0.55581529  0.57787044  0.47359389  0.49331462  0.52391000  0.52391000  0.54502773  0.43565202  0.44495795  0.47359389  0.54502773  0.53439408  0.47359389  0.46392582  0.45438154  0.47359389  0.50337418  0.55581529  0.49331462  0.49331462  0.50337418  0.49331462  0.52391000  0.48338903  0.50337418  0.44495795  0.46392582  0.46392582  0.44495795  0.44495795  0.45438154  0.50337418  0.49331462  0.47359389  0.52391000  0.53439408  0.51357136  0.45438154  0.49331462  0.44495795  0.44495795  0.49331462  0.47359389  0.39954845  0.39954845  0.61222737  0.38213199  0.42646085  0.51357136  0.53439408  0.34847444  0.34029230  0.42646085  0.41738164  0.43565202  0.49331462  0.49331462  0.50337418  0.47359389  0.48338903  0.47359389  0.46392582  0.47359389  0.44495795  0.46392582  0.48338903  0.49331462  0.49331462  0.49331462  0.50337418  0.51357136  1.06602874  1.06602874  1.13364354  0.40841171  0.44495795  0.53439408  0.46392582  0.45438154  0.43565202  0.48338903  0.54502773  0.54502773  0.53439408  0.52391000  0.36511324  0.30843342  0.33219900  0.31627138  0.32419265  0.46392582  
48_56_0    0.39954845  0.47359389  0.43565202  0.39078935  0.37357404  0.41738164  0.31627138  0.36511324  0.44495795  0.39078935  0.16683926  0.14148407  0.12912277  0.18643826  0.16683926  0.16683926  0.04242181  0.00000000  0.14148407  0.11696315  0.27043431  0.27788072  0.30843342  0.32419265  0.58914769  0.31627138  0.33219900  0.34847444  0.32419265  0.34029230  0.36511324  0.34029230  0.40841171  0.35674741  0.37357404  0.40841171  0.44495795  0.43565202  0.39078935  0.37357404  0.35674741  0.39078935  0.41738164  0.36511324  0.35674741  0.45438154  0.38213199  0.46392582  0.35674741  0.44495795  0.44495795  0.39954845  0.39954845  0.39078935  0.50337418  0.47359389  0.49331462  0.45438154  0.44495795  0.46392582  0.43565202  0.44495795  0.43565202  0.39954845  0.47359389  0.48338903  0.52391000  0.52391000  0.56676129  0.53439408  0.50337418  0.49331462  0.50337418  0.45438154  0.50337418  0.49331462  0.46392582  0.48338903  0.48338903  0.47359389  0.53439408  0.58914769  0.43565202  0.47359389  0.44495795  0.45438154  0.48338903  0.48338903  0.49331462  0.55581529  0.57787044  0.47359389  0.47359389  0.50337418  0.50337418  0.52391000  0.41738164  0.42646085  0.44495795  0.48338903  0.47359389  0.47359389  0.44495795  0.45438154  0.45438154  0.46392582  0.53439408  0.49331462  0.49331462  0.50337418  0.49331462  0.52391000  0.46392582  0.48338903  0.46392582  0.48338903  0.46392582  0.42646085  0.44495795  0.45438154  0.48338903  0.49331462  0.47359389  0.51357136  0.52391000  0.50337418  0.46392582  0.46392582  0.41738164  0.41738164  0.46392582  0.44495795  0.41738164  0.43565202  0.63604464  0.38213199  0.42646085  0.48338903  0.50337418  0.31627138  0.30843342  0.35674741  0.35674741  0.37357404  0.45438154  0.45438154  0.46392582  0.41738164  0.42646085  0.41738164  0.40841171  0.41738164  0.40841171  0.44495795  0.46392582  0.51357136  0.49331462  0.51357136  0.52391000  0.55581529  0.91096850  0.91096850  0.96540648  0.46392582  0.44495795  0.51357136  0.46392582  0.47359389  0.43565202  0.46392582  0.48338903  0.48338903  0.49331462  0.48338903  0.34029230  0.32419265  0.34847444  0.33219900  0.32419265  0.46392582  
