112
92_0_0     0.00000000  0.08527525  0.28484742  0.27639007  0.31082685  0.28911330  0.28911330  0.29340440  0.28484742  0.31082685  0.29772099  0.30206339  0.31082685  0.31969734  0.31082685  0.31082685  0.31524855  0.29340440  0.35162599  0.21205855  0.38502293  0.39981976  0.34235941  0.34235941  0.35630399  0.41492429  0.25976519  0.25566775  0.22761519  0.23155698  0.24351233  0.23155698  0.22761519  0.26388587  0.26388587  0.25159330  0.25976519  0.26803007  0.25159330  0.22761519  0.23155698  0.24351233  0.26388587  0.24351233  0.38015689  0.38015689  0.37532323  0.37052153  0.38502293  0.38502293  0.39485391  0.39981976  0.38992179  0.39981976  0.39485391  0.37052153  0.27219804  0.26803007  0.27639007  0.21205855  0.18933101  0.18561127  0.18933101  0.29772099  0.29340440  0.28911330  0.27639007  0.32417354  0.31969734  0.25159330  0.27639007  0.23552027  0.24754157  0.24754157  0.26388587  0.35162599  0.30643190  0.30643190  0.31082685  0.32417354  0.27219804  0.35630399  0.31969734  0.30643190  0.23552027  0.29772099  0.32417354  0.31969734  0.31524855  0.33320956  0.27639007  0.28911330  0.25566775  0.23552027  0.23155698  0.23155698  0.24754157  0.24754157  0.27219804  0.22761519  0.21205855  0.20822089  0.48426998  0.47869421  0.47869421  0.47869421  0.47316092  0.47869421  0.44610964  0.63280645  0.64667251  0.65370608  
92_6_0     0.08527525  0.00000000  0.26388587  0.25566775  0.31524855  0.29340440  0.29340440  0.29772099  0.28911330  0.31524855  0.30206339  0.31969734  0.32867750  0.33777008  0.31969734  0.31969734  0.32417354  0.28911330  0.35630399  0.23552027  0.38015689  0.40481978  0.35630399  0.33320956  0.34697792  0.39981976  0.28484742  0.28060643  0.26803007  0.27219804  0.28911330  0.27219804  0.26803007  0.29340440  0.29340440  0.27639007  0.27219804  0.29772099  0.28060643  0.25976519  0.27639007  0.28060643  0.29772099  0.28060643  0.42002976  0.42002976  0.42517136  0.42002976  0.42517136  0.40985447  0.37532323  0.38015689  0.37052153  0.38502293  0.37532323  0.35162599  0.28484742  0.28060643  0.28911330  0.22369468  0.22369468  0.21979522  0.22369468  0.32867750  0.31082685  0.31082685  0.29340440  0.33320956  0.32867750  0.28060643  0.31969734  0.27639007  0.27639007  0.26388587  0.28060643  0.37532323  0.33777008  0.32867750  0.33320956  0.35630399  0.25566775  0.35630399  0.29772099  0.27639007  0.25566775  0.31524855  0.31969734  0.32417354  0.31969734  0.35630399  0.30206339  0.33320956  0.28911330  0.28060643  0.27639007  0.22761519  0.24351233  0.24351233  0.29772099  0.22761519  0.21205855  0.20822089  0.49555158  0.48988887  0.48988887  0.48988887  0.48426998  0.46766947  0.42517136  0.64667251  0.65370608  0.66080843  
80_0_0     0.28484742  0.26388587  0.00000000  0.01158617  0.12512713  0.10492791  0.09831777  0.11159876  0.08205089  0.09503512  0.07884078  0.12172134  0.13198699  0.14239980  0.12854896  0.12854896  0.14590418  0.11159876  0.17091996  0.32867750  0.40985447  0.41492429  0.41492429  0.40481978  0.42517136  0.43034962  0.42002976  0.43556506  0.38502293  0.38502293  0.38992179  0.39485391  0.39981976  0.39981976  0.38015689  0.37532323  0.37052153  0.37532323  0.36575136  0.37052153  0.35630399  0.36101232  0.37052153  0.36575136  0.48988887  0.48988887  0.48988887  0.48426998  0.49555158  0.47869421  0.47316092  0.47869421  0.47316092  0.47869421  0.46766947  0.46221922  0.37052153  0.36575136  0.36101232  0.31969734  0.30643190  0.29772099  0.31082685  0.43034962  0.39981976  0.39981976  0.35630399  0.41492429  0.40985447  0.34697792  0.36575136  0.34235941  0.33777008  0.32417354  0.37052153  0.44610964  0.45143990  0.45680957  0.45143990  0.47316092  0.37532323  0.46766947  0.42002976  0.38015689  0.35162599  0.38992179  0.42002976  0.43556506  0.43034962  0.39485391  0.39981976  0.39981976  0.38015689  0.32417354  0.31969734  0.34697792  0.40985447  0.40985447  0.39981976  0.32867750  0.31524855  0.31969734  0.54251638  0.55474790  0.54860640  0.55474790  0.56094177  0.53647701  0.49555158  0.73593492  0.68254192  0.68993338  
78_0_0     0.27639007  0.25566775  0.01158617  0.00000000  0.11159876  0.09176724  0.08527525  0.09831777  0.06929470  0.08205089  0.07246281  0.10825568  0.11833145  0.12854896  0.11495731  0.11495731  0.13198699  0.09831777  0.16368425  0.31969734  0.40985447  0.41492429  0.41492429  0.40481978  0.42517136  0.43034962  0.39981976  0.41492429  0.36575136  0.36575136  0.38015689  0.37532323  0.38015689  0.38015689  0.37052153  0.35630399  0.36101232  0.35630399  0.34697792  0.36101232  0.33777008  0.34235941  0.37052153  0.35630399  0.48988887  0.48988887  0.48988887  0.48426998  0.49555158  0.46766947  0.46221922  0.46766947  0.46221922  0.46766947  0.45680957  0.46221922  0.35162599  0.34697792  0.34235941  0.30206339  0.28911330  0.28060643  0.29340440  0.41492429  0.38502293  0.38502293  0.34235941  0.39981976  0.39485391  0.32867750  0.34697792  0.32417354  0.31969734  0.30643190  0.37052153  0.44610964  0.44081821  0.44610964  0.44081821  0.46221922  0.37532323  0.45680957  0.39981976  0.36101232  0.33320956  0.38992179  0.40985447  0.42517136  0.42002976  0.39485391  0.38992179  0.39981976  0.37052153  0.31524855  0.31082685  0.32867750  0.38992179  0.38992179  0.38015689  0.31969734  0.30643190  0.31082685  0.53048744  0.54251638  0.53647701  0.54251638  0.54860640  0.53647701  0.49555158  0.74389328  0.68993338  0.69740082  
50_0_0     0.31082685  0.31524855  0.12512713  0.11159876  0.00000000  0.10161532  0.09503512  0.11495731  0.08205089  0.10161532  0.09831777  0.14942554  0.16009324  0.16368425  0.14942554  0.14942554  0.16729309  0.14239980  0.20440341  0.39485391  0.42517136  0.46221922  0.43034962  0.42517136  0.44610964  0.50125877  0.40481978  0.42002976  0.39485391  0.39485391  0.40985447  0.40481978  0.42002976  0.39981976  0.39485391  0.39485391  0.42002976  0.38992179  0.38502293  0.41492429  0.38502293  0.38992179  0.41492429  0.39485391  0.49555158  0.49555158  0.49555158  0.48988887  0.50125877  0.48426998  0.48988887  0.49555158  0.48988887  0.48426998  0.48426998  0.49555158  0.41492429  0.40985447  0.40985447  0.35162599  0.33320956  0.32417354  0.33777008  0.49555158  0.46766947  0.46766947  0.38992179  0.43034962  0.41492429  0.39485391  0.41492429  0.38015689  0.38502293  0.38015689  0.41492429  0.47869421  0.45143990  0.49555158  0.48988887  0.46766947  0.44081821  0.52454685  0.46221922  0.42002976  0.35162599  0.40985447  0.44081821  0.42517136  0.42002976  0.41492429  0.38992179  0.38015689  0.36575136  0.33777008  0.33320956  0.35630399  0.41492429  0.41492429  0.39485391  0.33777008  0.32417354  0.32867750  0.53647701  0.52454685  0.54860640  0.52454685  0.53048744  0.55474790  0.50125877  0.70494583  0.65370608  0.66080843  
64_0_0     0.28911330  0.29340440  0.10492791  0.09176724  0.10161532  0.00000000  0.00576998  0.05057088  0.02039872  0.05057088  0.04749663  0.16009324  0.17091996  0.16729309  0.15296406  0.15296406  0.15651991  0.14590418  0.18191049  0.35162599  0.43556506  0.44610964  0.42517136  0.39981976  0.43034962  0.48426998  0.39485391  0.40985447  0.38015689  0.38015689  0.39485391  0.38992179  0.39485391  0.38502293  0.37532323  0.36575136  0.38015689  0.37052153  0.36575136  0.38015689  0.36101232  0.37052153  0.41492429  0.39485391  0.46221922  0.46221922  0.46766947  0.46221922  0.46766947  0.45143990  0.45680957  0.46221922  0.45680957  0.45143990  0.45143990  0.45680957  0.38992179  0.38502293  0.38992179  0.30206339  0.29340440  0.28484742  0.29772099  0.46766947  0.43556506  0.43556506  0.36101232  0.39981976  0.39485391  0.36575136  0.38502293  0.36101232  0.35630399  0.35162599  0.37052153  0.47869421  0.43556506  0.44081821  0.43556506  0.44081821  0.37052153  0.46221922  0.39981976  0.37052153  0.34235941  0.41492429  0.43556506  0.44081821  0.43556506  0.42517136  0.41492429  0.40481978  0.37532323  0.33777008  0.33320956  0.35162599  0.40481978  0.40481978  0.38992179  0.34235941  0.32867750  0.33320956  0.53647701  0.52454685  0.53048744  0.52454685  0.51865446  0.52454685  0.50701117  0.72806282  0.67522493  0.68254192  
49_0_0     0.28911330  0.29340440  0.09831777  0.08527525  0.09503512  0.00576998  0.00000000  0.04443534  0.01451182  0.04443534  0.04138690  0.15296406  0.16368425  0.16009324  0.14590418  0.14590418  0.15651991  0.13891225  0.17822847  0.36101232  0.43556506  0.45143990  0.42517136  0.40985447  0.44081821  0.48426998  0.40481978  0.42002976  0.38992179  0.38992179  0.40481978  0.39981976  0.40481978  0.39485391  0.38502293  0.37532323  0.38992179  0.38015689  0.37532323  0.38992179  0.37052153  0.38015689  0.42517136  0.40481978  0.47316092  0.47316092  0.47869421  0.47316092  0.47869421  0.46221922  0.45680957  0.46221922  0.45680957  0.45143990  0.45143990  0.45680957  0.38992179  0.38502293  0.38992179  0.31082685  0.30206339  0.29340440  0.30643190  0.46766947  0.43556506  0.43556506  0.36101232  0.39981976  0.39485391  0.36575136  0.38502293  0.36101232  0.35630399  0.35162599  0.38015689  0.46766947  0.44610964  0.45143990  0.44610964  0.45143990  0.37052153  0.46221922  0.39981976  0.37052153  0.34235941  0.40481978  0.42517136  0.43034962  0.42517136  0.42517136  0.40481978  0.39485391  0.36575136  0.33777008  0.33320956  0.34235941  0.39485391  0.39485391  0.38015689  0.33320956  0.31969734  0.32417354  0.52454685  0.51280948  0.51865446  0.51280948  0.51865446  0.53647701  0.51865446  0.74389328  0.68993338  0.69740082  
99_0_0     0.29340440  0.29772099  0.11159876  0.09831777  0.11495731  0.05057088  0.04443534  0.00000000  0.03532814  0.06614035  0.06299964  0.15296406  0.16368425  0.16009324  0.14590418  0.14590418  0.15651991  0.14590418  0.18561127  0.38992179  0.46221922  0.47869421  0.45143990  0.43556506  0.46766947  0.50701117  0.42002976  0.43556506  0.39981976  0.39981976  0.41492429  0.39981976  0.41492429  0.39485391  0.39485391  0.38502293  0.42002976  0.39981976  0.39485391  0.39981976  0.38992179  0.38015689  0.42517136  0.40481978  0.50701117  0.50701117  0.52454685  0.51865446  0.51280948  0.49555158  0.47869421  0.48426998  0.47869421  0.47316092  0.47316092  0.47869421  0.39485391  0.38992179  0.39485391  0.32417354  0.31524855  0.31524855  0.32867750  0.47316092  0.44081821  0.44081821  0.38015689  0.42002976  0.41492429  0.37532323  0.40481978  0.38015689  0.37532323  0.37052153  0.38992179  0.45680957  0.46221922  0.46766947  0.46221922  0.46766947  0.38502293  0.47869421  0.42002976  0.38502293  0.37052153  0.40481978  0.42517136  0.40985447  0.40481978  0.43034962  0.40481978  0.39981976  0.36575136  0.36575136  0.36101232  0.38015689  0.39485391  0.39485391  0.38992179  0.35162599  0.33777008  0.34235941  0.55474790  0.54251638  0.54860640  0.54251638  0.54860640  0.56094177  0.54251638  0.72027512  0.66798092  0.67522493  
84_0_0     0.28484742  0.28911330  0.08205089  0.06929470  0.08205089  0.02039872  0.01451182  0.03532814  0.00000000  0.02931950  0.02633371  0.13544136  0.14590418  0.14239980  0.12854896  0.12854896  0.13891225  0.12172134  0.16009324  0.36101232  0.43556506  0.45143990  0.42517136  0.39981976  0.43034962  0.47316092  0.40481978  0.42002976  0.38015689  0.38015689  0.39485391  0.38992179  0.39485391  0.38502293  0.37532323  0.36575136  0.38015689  0.37052153  0.36575136  0.38992179  0.36101232  0.37052153  0.41492429  0.39485391  0.47316092  0.47316092  0.47869421  0.47316092  0.47869421  0.46221922  0.44610964  0.45143990  0.44610964  0.44081821  0.44081821  0.44610964  0.38992179  0.38502293  0.38015689  0.30206339  0.29340440  0.28484742  0.29772099  0.45680957  0.42517136  0.42517136  0.35162599  0.38992179  0.38502293  0.35630399  0.37532323  0.35162599  0.34697792  0.34235941  0.37532323  0.46221922  0.45143990  0.45680957  0.45143990  0.45680957  0.36575136  0.45680957  0.40481978  0.36575136  0.33320956  0.40481978  0.42517136  0.43034962  0.42517136  0.42517136  0.40481978  0.39485391  0.36575136  0.32867750  0.32417354  0.33320956  0.38502293  0.38502293  0.38015689  0.32417354  0.31082685  0.31524855  0.53048744  0.51865446  0.52454685  0.51865446  0.52454685  0.53647701  0.51865446  0.75193980  0.69740082  0.70494583  
47_0_0     0.31082685  0.31524855  0.09503512  0.08205089  0.10161532  0.05057088  0.04443534  0.06614035  0.02931950  0.00000000  0.02039872  0.13544136  0.14590418  0.14239980  0.12854896  0.12854896  0.13198699  0.12172134  0.16729309  0.37052153  0.42517136  0.44081821  0.41492429  0.39981976  0.43034962  0.47869421  0.43556506  0.45143990  0.37052153  0.37052153  0.38502293  0.38015689  0.38502293  0.38502293  0.37532323  0.36575136  0.37052153  0.36101232  0.36575136  0.38015689  0.35162599  0.36101232  0.41492429  0.39485391  0.50125877  0.50125877  0.50701117  0.50125877  0.50701117  0.48988887  0.47316092  0.47869421  0.47316092  0.46766947  0.46766947  0.47316092  0.39981976  0.39485391  0.38015689  0.31082685  0.29340440  0.29340440  0.30643190  0.45680957  0.44081821  0.44081821  0.37052153  0.39981976  0.39485391  0.34697792  0.36575136  0.34235941  0.33777008  0.34235941  0.37532323  0.46221922  0.44081821  0.44610964  0.44081821  0.45143990  0.37532323  0.44610964  0.40481978  0.36575136  0.32417354  0.41492429  0.43556506  0.43034962  0.42517136  0.42002976  0.39981976  0.39485391  0.37532323  0.31969734  0.31524855  0.35162599  0.40481978  0.40481978  0.39981976  0.34235941  0.32867750  0.33320956  0.53647701  0.52454685  0.53048744  0.52454685  0.53048744  0.52454685  0.51280948  0.76830529  0.71257004  0.72027512  
61_0_0     0.29772099  0.30206339  0.07884078  0.07246281  0.09831777  0.04749663  0.04138690  0.06299964  0.02633371  0.02039872  0.00000000  0.12512713  0.13544136  0.13891225  0.12512713  0.12512713  0.13544136  0.11833145  0.16368425  0.35630399  0.42517136  0.44081821  0.41492429  0.39981976  0.43034962  0.45680957  0.41492429  0.43034962  0.37532323  0.37532323  0.38992179  0.38502293  0.38992179  0.38502293  0.37532323  0.36101232  0.36575136  0.35630399  0.36101232  0.37532323  0.34697792  0.36575136  0.39981976  0.38015689  0.47316092  0.47316092  0.47869421  0.47316092  0.47869421  0.46221922  0.45680957  0.46221922  0.45680957  0.45143990  0.45143990  0.45680957  0.38992179  0.38502293  0.37532323  0.31524855  0.28911330  0.28911330  0.30206339  0.44610964  0.42002976  0.42002976  0.35162599  0.38992179  0.38502293  0.34235941  0.36101232  0.33777008  0.33320956  0.32867750  0.38015689  0.46766947  0.44610964  0.45143990  0.44610964  0.45680957  0.36575136  0.44610964  0.39485391  0.35630399  0.34697792  0.40985447  0.43034962  0.43556506  0.43034962  0.41492429  0.40481978  0.39981976  0.38015689  0.31524855  0.31082685  0.34697792  0.39981976  0.39981976  0.39485391  0.33777008  0.32417354  0.32867750  0.52454685  0.52454685  0.51865446  0.52454685  0.53048744  0.51865446  0.50125877  0.74389328  0.70494583  0.71257004  
61_4_0     0.30206339  0.31969734  0.12172134  0.10825568  0.14942554  0.16009324  0.15296406  0.15296406  0.13544136  0.13544136  0.12512713  0.00000000  0.00867226  0.03532814  0.02336015  0.02336015  0.03835121  0.04443534  0.10492791  0.38992179  0.44081821  0.43556506  0.45680957  0.43556506  0.46221922  0.50701117  0.44610964  0.45143990  0.38015689  0.38992179  0.39485391  0.38992179  0.38992179  0.39485391  0.37532323  0.38015689  0.40481978  0.38992179  0.38502293  0.39981976  0.37052153  0.37532323  0.44081821  0.41492429  0.55474790  0.55474790  0.56718892  0.56094177  0.56094177  0.54860640  0.50125877  0.50701117  0.50125877  0.50125877  0.50701117  0.50125877  0.40985447  0.40985447  0.40481978  0.38015689  0.36101232  0.35162599  0.36575136  0.46221922  0.44081821  0.44081821  0.39485391  0.44081821  0.44610964  0.38992179  0.40985447  0.38502293  0.38015689  0.37532323  0.39981976  0.46766947  0.45680957  0.46766947  0.46221922  0.46766947  0.43034962  0.47869421  0.46221922  0.44081821  0.36575136  0.43034962  0.44610964  0.46221922  0.45680957  0.42002976  0.42517136  0.42517136  0.40985447  0.36101232  0.35630399  0.37532323  0.44610964  0.44610964  0.42517136  0.35162599  0.34697792  0.35162599  0.53647701  0.53647701  0.54251638  0.53647701  0.54251638  0.56718892  0.53647701  0.74389328  0.69740082  0.70494583  
47_4_0     0.31082685  0.32867750  0.13198699  0.11833145  0.16009324  0.17091996  0.16368425  0.16368425  0.14590418  0.14590418  0.13544136  0.00867226  0.00000000  0.04443534  0.03231761  0.03231761  0.04749663  0.05365819  0.11159876  0.39981976  0.44081821  0.44610964  0.46766947  0.44610964  0.47316092  0.51865446  0.45680957  0.46221922  0.38992179  0.39981976  0.40481978  0.39981976  0.39981976  0.40481978  0.38502293  0.38992179  0.41492429  0.39981976  0.39485391  0.40985447  0.38015689  0.38502293  0.45143990  0.42517136  0.55474790  0.55474790  0.56718892  0.56094177  0.56094177  0.54860640  0.50125877  0.50701117  0.50125877  0.50125877  0.50701117  0.50125877  0.42002976  0.42002976  0.41492429  0.38992179  0.37052153  0.36101232  0.37532323  0.47316092  0.45143990  0.45143990  0.40481978  0.45143990  0.45680957  0.39981976  0.42002976  0.39485391  0.38992179  0.38502293  0.40985447  0.47869421  0.46766947  0.47869421  0.47316092  0.47869421  0.44081821  0.48988887  0.47316092  0.45143990  0.37532323  0.44081821  0.45680957  0.47316092  0.46766947  0.43034962  0.43556506  0.43556506  0.42002976  0.37052153  0.36575136  0.38502293  0.45680957  0.45680957  0.43556506  0.36101232  0.35630399  0.36101232  0.53647701  0.53647701  0.54251638  0.53647701  0.54251638  0.57984675  0.54860640  0.74389328  0.69740082  0.70494583  
84_4_0     0.31969734  0.33777008  0.14239980  0.12854896  0.16368425  0.16729309  0.16009324  0.16009324  0.14239980  0.14239980  0.13891225  0.03532814  0.04443534  0.00000000  0.01158617  0.01158617  0.02633371  0.05057088  0.10825568  0.42517136  0.46766947  0.47316092  0.48426998  0.46221922  0.48988887  0.53647701  0.45680957  0.46221922  0.40481978  0.41492429  0.43034962  0.41492429  0.41492429  0.41492429  0.42002976  0.42002976  0.42517136  0.42002976  0.41492429  0.41492429  0.38992179  0.39485391  0.46221922  0.43556506  0.56094177  0.56094177  0.56094177  0.55474790  0.56718892  0.54251638  0.48988887  0.49555158  0.49555158  0.48426998  0.50125877  0.51865446  0.43034962  0.43034962  0.41492429  0.38502293  0.37532323  0.37532323  0.38992179  0.51865446  0.49555158  0.49555158  0.43556506  0.46221922  0.46766947  0.42002976  0.45143990  0.42517136  0.42002976  0.41492429  0.44081821  0.50701117  0.47869421  0.50125877  0.49555158  0.50125877  0.45143990  0.48426998  0.47869421  0.45680957  0.38992179  0.43556506  0.45143990  0.46766947  0.46221922  0.45680957  0.42002976  0.43034962  0.41492429  0.36575136  0.36101232  0.37532323  0.44610964  0.44610964  0.40481978  0.38015689  0.35630399  0.36101232  0.57349027  0.56094177  0.57984675  0.56094177  0.56718892  0.60584403  0.55474790  0.78504804  0.74389328  0.75193980  
49_4_0     0.31082685  0.31969734  0.12854896  0.11495731  0.14942554  0.15296406  0.14590418  0.14590418  0.12854896  0.12854896  0.12512713  0.02336015  0.03231761  0.01158617  0.00000000  0.00000000  0.01451182  0.03835121  0.09831777  0.41492429  0.45143990  0.45680957  0.46766947  0.44610964  0.47316092  0.51865446  0.45680957  0.46221922  0.39485391  0.40481978  0.40985447  0.40481978  0.40481978  0.40985447  0.39981976  0.40985447  0.42517136  0.40985447  0.40481978  0.41492429  0.38992179  0.39485391  0.46221922  0.43556506  0.55474790  0.55474790  0.56718892  0.56094177  0.56094177  0.54860640  0.49555158  0.50125877  0.49555158  0.48426998  0.50125877  0.50701117  0.42002976  0.42002976  0.42002976  0.38502293  0.36575136  0.36575136  0.38015689  0.49555158  0.47316092  0.47316092  0.41492429  0.45143990  0.45680957  0.39981976  0.43034962  0.40481978  0.39981976  0.39485391  0.42002976  0.48988887  0.46766947  0.47869421  0.47316092  0.47869421  0.43034962  0.47869421  0.46221922  0.44081821  0.37532323  0.44081821  0.44610964  0.47316092  0.46766947  0.45143990  0.42517136  0.43556506  0.42002976  0.37052153  0.36575136  0.36575136  0.43556506  0.43556506  0.41492429  0.36101232  0.34697792  0.35162599  0.57349027  0.56094177  0.57984675  0.56094177  0.56718892  0.57984675  0.53647701  0.77662842  0.72806282  0.73593492  
64_4_0     0.31082685  0.31969734  0.12854896  0.11495731  0.14942554  0.15296406  0.14590418  0.14590418  0.12854896  0.12854896  0.12512713  0.02336015  0.03231761  0.01158617  0.00000000  0.00000000  0.01451182  0.03835121  0.09831777  0.41492429  0.45143990  0.45680957  0.46766947  0.44610964  0.47316092  0.51865446  0.45680957  0.46221922  0.39485391  0.40481978  0.40985447  0.40481978  0.40481978  0.40985447  0.39981976  0.40985447  0.42517136  0.40985447  0.40481978  0.41492429  0.38992179  0.39485391  0.46221922  0.43556506  0.55474790  0.55474790  0.56718892  0.56094177  0.56094177  0.54860640  0.49555158  0.50125877  0.49555158  0.48426998  0.50125877  0.50701117  0.42002976  0.42002976  0.42002976  0.38502293  0.36575136  0.36575136  0.38015689  0.49555158  0.47316092  0.47316092  0.41492429  0.45143990  0.45680957  0.39981976  0.43034962  0.40481978  0.39981976  0.39485391  0.42002976  0.48988887  0.46766947  0.47869421  0.47316092  0.47869421  0.43034962  0.47869421  0.46221922  0.44081821  0.37532323  0.44081821  0.44610964  0.47316092  0.46766947  0.45143990  0.42517136  0.43556506  0.42002976  0.37052153  0.36575136  0.36575136  0.43556506  0.43556506  0.41492429  0.36101232  0.34697792  0.35162599  0.57349027  0.56094177  0.57984675  0.56094177  0.56718892  0.57984675  0.53647701  0.77662842  0.72806282  0.73593492  
99_4_0     0.31524855  0.32417354  0.14590418  0.13198699  0.16729309  0.15651991  0.15651991  0.15651991  0.13891225  0.13198699  0.13544136  0.03835121  0.04749663  0.02633371  0.01451182  0.01451182  0.00000000  0.04749663  0.11159876  0.42002976  0.43556506  0.44081821  0.46221922  0.44081821  0.46766947  0.52454685  0.47316092  0.47869421  0.39981976  0.40985447  0.41492429  0.40985447  0.40985447  0.41492429  0.40481978  0.41492429  0.43034962  0.40481978  0.40985447  0.42002976  0.39485391  0.39981976  0.46766947  0.44081821  0.54860640  0.54860640  0.56094177  0.55474790  0.55474790  0.54251638  0.50125877  0.50701117  0.50125877  0.48988887  0.50701117  0.51280948  0.42517136  0.42517136  0.43556506  0.38992179  0.37052153  0.37052153  0.38502293  0.47869421  0.45680957  0.45680957  0.40985447  0.44610964  0.45143990  0.39485391  0.42517136  0.39981976  0.39485391  0.38992179  0.40481978  0.49555158  0.46221922  0.47316092  0.46766947  0.47316092  0.41492429  0.47316092  0.45680957  0.43556506  0.37052153  0.43556506  0.44081821  0.46766947  0.46221922  0.46221922  0.42002976  0.44081821  0.42517136  0.36575136  0.36101232  0.38015689  0.44610964  0.44610964  0.43034962  0.37532323  0.36101232  0.36575136  0.57984675  0.56718892  0.58625936  0.56718892  0.56094177  0.57349027  0.55474790  0.76830529  0.73593492  0.74389328  
50_4_0     0.29340440  0.28911330  0.11159876  0.09831777  0.14239980  0.14590418  0.13891225  0.14590418  0.12172134  0.12172134  0.11833145  0.04443534  0.05365819  0.05057088  0.03835121  0.03835121  0.04749663  0.00000000  0.08205089  0.40481978  0.45143990  0.46766947  0.45680957  0.42517136  0.45143990  0.49555158  0.42517136  0.43034962  0.39485391  0.39485391  0.40985447  0.40481978  0.40985447  0.42002976  0.39981976  0.40985447  0.42517136  0.41492429  0.40481978  0.41492429  0.38992179  0.39485391  0.44081821  0.42517136  0.54860640  0.54860640  0.56094177  0.55474790  0.55474790  0.54251638  0.48988887  0.49555158  0.48988887  0.47869421  0.49555158  0.48988887  0.43034962  0.43034962  0.40985447  0.37532323  0.34697792  0.34697792  0.36101232  0.48988887  0.47316092  0.47316092  0.41492429  0.45143990  0.45680957  0.42002976  0.44081821  0.41492429  0.40985447  0.40481978  0.40985447  0.48426998  0.46221922  0.47316092  0.46766947  0.47316092  0.43034962  0.47316092  0.45680957  0.43556506  0.37532323  0.43556506  0.44081821  0.46221922  0.45680957  0.43556506  0.42002976  0.42517136  0.40985447  0.35162599  0.34697792  0.37052153  0.43556506  0.43556506  0.41492429  0.36101232  0.34697792  0.35162599  0.56718892  0.56718892  0.58625936  0.56718892  0.57349027  0.55474790  0.50701117  0.73593492  0.70494583  0.71257004  
50_5_0     0.35162599  0.35630399  0.17091996  0.16368425  0.20440341  0.18191049  0.17822847  0.18561127  0.16009324  0.16729309  0.16368425  0.10492791  0.11159876  0.10825568  0.09831777  0.09831777  0.11159876  0.08205089  0.00000000  0.44081821  0.47869421  0.47869421  0.45680957  0.43556506  0.44081821  0.51865446  0.47316092  0.47869421  0.43034962  0.43034962  0.44081821  0.44081821  0.44610964  0.44610964  0.43556506  0.43556506  0.44081821  0.43034962  0.43034962  0.46221922  0.42517136  0.44081821  0.47869421  0.47316092  0.53048744  0.53048744  0.55474790  0.54860640  0.53647701  0.53647701  0.51280948  0.51865446  0.52454685  0.52454685  0.51865446  0.53647701  0.45680957  0.45680957  0.45680957  0.39485391  0.37052153  0.37532323  0.38015689  0.50125877  0.47869421  0.47869421  0.44081821  0.46221922  0.46766947  0.43556506  0.46221922  0.44081821  0.44610964  0.42002976  0.44081821  0.51865446  0.50125877  0.48988887  0.49555158  0.50125877  0.45143990  0.50125877  0.45680957  0.45680957  0.39981976  0.45143990  0.45680957  0.47316092  0.46766947  0.45143990  0.47316092  0.45680957  0.45143990  0.37532323  0.37052153  0.40985447  0.46221922  0.46221922  0.44081821  0.38015689  0.37532323  0.37052153  0.62597143  0.62597143  0.64667251  0.62597143  0.62597143  0.58625936  0.54860640  0.79356639  0.73593492  0.74389328  
90_0_0     0.21205855  0.23552027  0.32867750  0.31969734  0.39485391  0.35162599  0.36101232  0.38992179  0.36101232  0.37052153  0.35630399  0.38992179  0.39981976  0.42517136  0.41492429  0.41492429  0.42002976  0.40481978  0.44081821  0.00000000  0.36101232  0.37052153  0.27219804  0.27219804  0.27639007  0.32867750  0.22761519  0.23155698  0.20822089  0.21979522  0.21979522  0.21205855  0.21591658  0.25566775  0.23950530  0.23155698  0.24754157  0.23552027  0.22369468  0.23552027  0.22761519  0.23155698  0.20822089  0.19306989  0.31524855  0.31524855  0.30643190  0.30206339  0.31524855  0.32867750  0.31524855  0.31969734  0.31082685  0.32417354  0.30643190  0.29772099  0.19682811  0.19682811  0.22369468  0.14239980  0.13198699  0.12854896  0.13198699  0.25566775  0.25159330  0.24754157  0.21591658  0.27219804  0.25976519  0.19682811  0.22369468  0.19682811  0.19306989  0.20822089  0.25566775  0.35162599  0.31082685  0.28911330  0.29340440  0.31524855  0.26388587  0.27639007  0.28060643  0.27639007  0.20822089  0.25159330  0.25976519  0.25566775  0.25159330  0.28484742  0.29772099  0.27219804  0.26388587  0.22369468  0.21979522  0.20822089  0.25159330  0.25159330  0.27219804  0.19306989  0.18933101  0.19306989  0.51865446  0.51865446  0.50701117  0.51865446  0.50701117  0.44081821  0.46766947  0.68993338  0.66798092  0.67522493  
87_0_0     0.38502293  0.38015689  0.40985447  0.40985447  0.42517136  0.43556506  0.43556506  0.46221922  0.43556506  0.42517136  0.42517136  0.44081821  0.44081821  0.46766947  0.45143990  0.45143990  0.43556506  0.45143990  0.47869421  0.36101232  0.00000000  0.04749663  0.10825568  0.14942554  0.16368425  0.24351233  0.37532323  0.38992179  0.38015689  0.38502293  0.38015689  0.39485391  0.38502293  0.38502293  0.37052153  0.37532323  0.38992179  0.37052153  0.37532323  0.39485391  0.37052153  0.36575136  0.42517136  0.40985447  0.40985447  0.40985447  0.42517136  0.42002976  0.40985447  0.38502293  0.45143990  0.47316092  0.45680957  0.46221922  0.44081821  0.44081821  0.33777008  0.33777008  0.38502293  0.34697792  0.31969734  0.31969734  0.33320956  0.43556506  0.39981976  0.40481978  0.43034962  0.47316092  0.46766947  0.43034962  0.45143990  0.39981976  0.40985447  0.38992179  0.45143990  0.46221922  0.48988887  0.49555158  0.48988887  0.51865446  0.43034962  0.49555158  0.42002976  0.43556506  0.40985447  0.46221922  0.48426998  0.48426998  0.47869421  0.50125877  0.45143990  0.47316092  0.46766947  0.36101232  0.36101232  0.41492429  0.47316092  0.47316092  0.45143990  0.37532323  0.37052153  0.37532323  0.60584403  0.59925696  0.57984675  0.59925696  0.59272909  0.58625936  0.56718892  0.64667251  0.59925696  0.60584403  
71_0_0     0.39981976  0.40481978  0.41492429  0.41492429  0.46221922  0.44610964  0.45143990  0.47869421  0.45143990  0.44081821  0.44081821  0.43556506  0.44610964  0.47316092  0.45680957  0.45680957  0.44081821  0.46766947  0.47869421  0.37052153  0.04749663  0.00000000  0.11495731  0.14590418  0.17456502  0.22761519  0.37052153  0.38502293  0.36101232  0.36575136  0.37052153  0.38502293  0.36575136  0.37532323  0.36101232  0.35630399  0.36101232  0.36101232  0.36575136  0.38992179  0.36101232  0.36575136  0.40985447  0.39981976  0.42517136  0.42517136  0.44081821  0.43556506  0.42517136  0.39981976  0.45680957  0.47869421  0.46221922  0.47869421  0.45680957  0.44610964  0.35162599  0.35162599  0.37532323  0.33777008  0.32867750  0.31082685  0.33320956  0.43034962  0.38502293  0.38992179  0.40481978  0.45680957  0.46221922  0.41492429  0.42517136  0.38502293  0.39485391  0.36575136  0.44610964  0.45680957  0.47869421  0.48426998  0.47869421  0.51865446  0.44610964  0.52454685  0.43556506  0.45143990  0.39485391  0.45680957  0.48988887  0.47869421  0.47316092  0.51280948  0.48988887  0.48988887  0.48426998  0.37532323  0.37532323  0.40481978  0.46221922  0.46221922  0.45680957  0.38502293  0.38015689  0.37532323  0.61249139  0.60584403  0.58625936  0.60584403  0.59925696  0.63970639  0.60584403  0.69740082  0.65370608  0.66080843  
29_0_0     0.34235941  0.35630399  0.41492429  0.41492429  0.43034962  0.42517136  0.42517136  0.45143990  0.42517136  0.41492429  0.41492429  0.45680957  0.46766947  0.48426998  0.46766947  0.46766947  0.46221922  0.45680957  0.45680957  0.27219804  0.10825568  0.11495731  0.00000000  0.07884078  0.09176724  0.16729309  0.29340440  0.30643190  0.27639007  0.28911330  0.28484742  0.29772099  0.28060643  0.29340440  0.28911330  0.29340440  0.28911330  0.30206339  0.29772099  0.30206339  0.28911330  0.29340440  0.31082685  0.29772099  0.39485391  0.39485391  0.39981976  0.39485391  0.39981976  0.38992179  0.39485391  0.41492429  0.40985447  0.41492429  0.40481978  0.40481978  0.29340440  0.29340440  0.30206339  0.24351233  0.20440341  0.20440341  0.21591658  0.41492429  0.37052153  0.37532323  0.34235941  0.38015689  0.37532323  0.35162599  0.38015689  0.33320956  0.34235941  0.33320956  0.40985447  0.43556506  0.41492429  0.40985447  0.40481978  0.43556506  0.38502293  0.40481978  0.35630399  0.38992179  0.32867750  0.38992179  0.42002976  0.41492429  0.40985447  0.42517136  0.42517136  0.38992179  0.38992179  0.32417354  0.31969734  0.33320956  0.37052153  0.37052153  0.38502293  0.28484742  0.28060643  0.27639007  0.60584403  0.59925696  0.59272909  0.59925696  0.59272909  0.56094177  0.55474790  0.68993338  0.63970639  0.64667251  
40_0_0     0.34235941  0.33320956  0.40481978  0.40481978  0.42517136  0.39981976  0.40985447  0.43556506  0.39981976  0.39981976  0.39981976  0.43556506  0.44610964  0.46221922  0.44610964  0.44610964  0.44081821  0.42517136  0.43556506  0.27219804  0.14942554  0.14590418  0.07884078  0.00000000  0.02931950  0.13198699  0.28484742  0.29772099  0.28911330  0.30206339  0.29772099  0.30206339  0.29340440  0.30206339  0.30206339  0.29772099  0.28484742  0.30206339  0.29772099  0.31524855  0.31082685  0.29772099  0.31082685  0.30643190  0.39485391  0.39485391  0.39981976  0.39485391  0.39981976  0.39485391  0.39981976  0.42002976  0.40481978  0.40985447  0.40985447  0.40481978  0.33320956  0.33320956  0.32417354  0.25566775  0.23552027  0.23552027  0.24754157  0.44081821  0.38992179  0.39485391  0.36575136  0.39981976  0.39485391  0.38502293  0.42002976  0.37052153  0.37052153  0.36575136  0.38992179  0.44081821  0.42002976  0.42517136  0.42002976  0.44081821  0.38992179  0.40985447  0.35630399  0.38015689  0.33777008  0.40985447  0.44081821  0.43556506  0.43034962  0.40985447  0.44610964  0.40985447  0.40985447  0.34235941  0.33777008  0.35162599  0.37532323  0.37532323  0.42002976  0.29340440  0.28911330  0.29340440  0.61249139  0.60584403  0.59925696  0.60584403  0.59925696  0.54251638  0.53048744  0.73593492  0.68993338  0.69740082  
36_0_0     0.35630399  0.34697792  0.42517136  0.42517136  0.44610964  0.43034962  0.44081821  0.46766947  0.43034962  0.43034962  0.43034962  0.46221922  0.47316092  0.48988887  0.47316092  0.47316092  0.46766947  0.45143990  0.44081821  0.27639007  0.16368425  0.17456502  0.09176724  0.02931950  0.00000000  0.14590418  0.30643190  0.31969734  0.31524855  0.31969734  0.31524855  0.31969734  0.31969734  0.32867750  0.32867750  0.32417354  0.31969734  0.31082685  0.31524855  0.33320956  0.31969734  0.30643190  0.31969734  0.31524855  0.38502293  0.38502293  0.39981976  0.39485391  0.38992179  0.39485391  0.38502293  0.40481978  0.39981976  0.40481978  0.40481978  0.39981976  0.32867750  0.32867750  0.34697792  0.27639007  0.25976519  0.25976519  0.26388587  0.44081821  0.38992179  0.39485391  0.35630399  0.38992179  0.38502293  0.37532323  0.40985447  0.36101232  0.36101232  0.35630399  0.40985447  0.46221922  0.45143990  0.45680957  0.45143990  0.47316092  0.38015689  0.40985447  0.36575136  0.39981976  0.35630399  0.40985447  0.44081821  0.43556506  0.43034962  0.42002976  0.46766947  0.43034962  0.43034962  0.35162599  0.34697792  0.35162599  0.38502293  0.38502293  0.42002976  0.30206339  0.29772099  0.30206339  0.63280645  0.62597143  0.61920014  0.62597143  0.61920014  0.56094177  0.54860640  0.75193980  0.69740082  0.70494583  
53_0_0     0.41492429  0.39981976  0.43034962  0.43034962  0.50125877  0.48426998  0.48426998  0.50701117  0.47316092  0.47869421  0.45680957  0.50701117  0.51865446  0.53647701  0.51865446  0.51865446  0.52454685  0.49555158  0.51865446  0.32867750  0.24351233  0.22761519  0.16729309  0.13198699  0.14590418  0.00000000  0.36575136  0.38015689  0.38502293  0.39981976  0.38502293  0.39981976  0.38015689  0.38502293  0.36575136  0.37052153  0.35162599  0.37052153  0.36575136  0.40481978  0.37532323  0.38015689  0.37532323  0.37532323  0.46221922  0.46221922  0.46766947  0.46221922  0.46221922  0.47869421  0.47869421  0.50125877  0.48426998  0.50125877  0.47869421  0.48426998  0.37052153  0.36575136  0.37532323  0.33320956  0.31969734  0.31082685  0.32417354  0.48426998  0.45143990  0.44610964  0.41492429  0.45680957  0.44081821  0.42517136  0.43034962  0.41492429  0.40481978  0.40481978  0.45680957  0.49555158  0.51280948  0.51280948  0.50701117  0.53647701  0.42517136  0.44610964  0.39485391  0.42002976  0.39981976  0.46221922  0.48988887  0.50125877  0.49555158  0.47869421  0.53647701  0.47869421  0.47869421  0.39485391  0.38992179  0.40481978  0.43034962  0.43034962  0.46766947  0.35630399  0.35162599  0.35630399  0.70494583  0.69740082  0.68993338  0.69740082  0.68993338  0.66798092  0.63280645  0.79356639  0.75193980  0.76007645  
98_0_0     0.25976519  0.28484742  0.42002976  0.39981976  0.40481978  0.39485391  0.40481978  0.42002976  0.40481978  0.43556506  0.41492429  0.44610964  0.45680957  0.45680957  0.45680957  0.45680957  0.47316092  0.42517136  0.47316092  0.22761519  0.37532323  0.37052153  0.29340440  0.28484742  0.30643190  0.36575136  0.00000000  0.00867226  0.21591658  0.21979522  0.23155698  0.21979522  0.21591658  0.25976519  0.24351233  0.23950530  0.23950530  0.26803007  0.25976519  0.24351233  0.23155698  0.22369468  0.22369468  0.20822089  0.36101232  0.36101232  0.36101232  0.35630399  0.36575136  0.33777008  0.37052153  0.37532323  0.36575136  0.36575136  0.37052153  0.38502293  0.25159330  0.24754157  0.28060643  0.19306989  0.17456502  0.17456502  0.17456502  0.35630399  0.32417354  0.31969734  0.28484742  0.31969734  0.31524855  0.28060643  0.31969734  0.28484742  0.28060643  0.27219804  0.36101232  0.44610964  0.36575136  0.38992179  0.38502293  0.39485391  0.34235941  0.36101232  0.32417354  0.33777008  0.28060643  0.31082685  0.34697792  0.31524855  0.31082685  0.33320956  0.32417354  0.31082685  0.27639007  0.25159330  0.24754157  0.25566775  0.28911330  0.28911330  0.35162599  0.25976519  0.23950530  0.24351233  0.52454685  0.51865446  0.52454685  0.51865446  0.51280948  0.51865446  0.49555158  0.63970639  0.64667251  0.65370608  
48_0_0     0.25566775  0.28060643  0.43556506  0.41492429  0.42002976  0.40985447  0.42002976  0.43556506  0.42002976  0.45143990  0.43034962  0.45143990  0.46221922  0.46221922  0.46221922  0.46221922  0.47869421  0.43034962  0.47869421  0.23155698  0.38992179  0.38502293  0.30643190  0.29772099  0.31969734  0.38015689  0.00867226  0.00000000  0.21205855  0.21591658  0.22761519  0.21591658  0.21205855  0.25566775  0.24754157  0.24351233  0.24351233  0.27219804  0.26388587  0.24754157  0.23950530  0.23155698  0.22761519  0.21205855  0.37532323  0.37532323  0.37532323  0.37052153  0.38015689  0.35162599  0.38015689  0.38502293  0.37532323  0.37532323  0.38015689  0.39485391  0.25566775  0.25159330  0.28484742  0.19682811  0.17822847  0.17822847  0.17822847  0.36101232  0.32867750  0.32417354  0.29772099  0.32417354  0.31969734  0.28484742  0.33320956  0.28911330  0.28484742  0.28484742  0.36575136  0.45143990  0.37052153  0.39485391  0.38992179  0.39981976  0.33777008  0.37532323  0.33777008  0.35162599  0.29340440  0.32417354  0.36101232  0.32867750  0.32417354  0.34697792  0.33777008  0.32417354  0.28911330  0.26388587  0.25976519  0.25976519  0.29340440  0.29340440  0.35630399  0.27219804  0.25159330  0.25566775  0.53647701  0.53048744  0.53647701  0.53048744  0.52454685  0.53048744  0.50701117  0.63970639  0.66080843  0.66798092  
76_0_0     0.22761519  0.26803007  0.38502293  0.36575136  0.39485391  0.38015689  0.38992179  0.39981976  0.38015689  0.37052153  0.37532323  0.38015689  0.38992179  0.40481978  0.39485391  0.39485391  0.39981976  0.39485391  0.43034962  0.20822089  0.38015689  0.36101232  0.27639007  0.28911330  0.31524855  0.38502293  0.21591658  0.21205855  0.00000000  0.01451182  0.03532814  0.02039872  0.02336015  0.12854896  0.13544136  0.12512713  0.11495731  0.17091996  0.16009324  0.12854896  0.11495731  0.12512713  0.14239980  0.12854896  0.33777008  0.33777008  0.33320956  0.32867750  0.34235941  0.33777008  0.33777008  0.34235941  0.33320956  0.34235941  0.33777008  0.33777008  0.26388587  0.25976519  0.24754157  0.15296406  0.14590418  0.14590418  0.14942554  0.33320956  0.29772099  0.30206339  0.24351233  0.27219804  0.27219804  0.25566775  0.28484742  0.26388587  0.25159330  0.25159330  0.29772099  0.36575136  0.30206339  0.31082685  0.30643190  0.30643190  0.29340440  0.35162599  0.30206339  0.31524855  0.23552027  0.32867750  0.35162599  0.33777008  0.33320956  0.32417354  0.31524855  0.32867750  0.31524855  0.24351233  0.23950530  0.23552027  0.27639007  0.27639007  0.30206339  0.24754157  0.23552027  0.23155698  0.50125877  0.48988887  0.48988887  0.48988887  0.48426998  0.48426998  0.47316092  0.64667251  0.63970639  0.64667251  
