20
1_0_0      0.00000000  0.00000000  0.00545510  0.22773641  0.30601778  0.27369169  0.24273585  0.25035269  0.24273585  0.24273585  0.23519763  0.21303882  0.21303882  0.20579946  0.21303882  0.22035065  0.24273585  0.23519763  0.23519763  0.25804979  
2_0_0      0.00000000  0.00000000  0.00545510  0.22773641  0.30601778  0.27369169  0.24273585  0.25035269  0.24273585  0.24273585  0.23519763  0.21303882  0.21303882  0.20579946  0.21303882  0.22035065  0.24273585  0.23519763  0.23519763  0.25804979  
3_0_0      0.00545510  0.00545510  0.00000000  0.23519763  0.31432790  0.28164008  0.25035269  0.25804979  0.25035269  0.25035269  0.24273585  0.22035065  0.22035065  0.21303882  0.22035065  0.22773641  0.25035269  0.24273585  0.24273585  0.26582887  
20_0_0     0.22773641  0.22773641  0.23519763  0.00000000  0.20579946  0.21303882  0.19863114  0.21303882  0.27369169  0.27369169  0.28164008  0.23519763  0.22035065  0.22773641  0.14368470  0.13709817  0.17064136  0.16380835  0.16380835  0.18450219  
16_0_0     0.30601778  0.30601778  0.31432790  0.20579946  0.00000000  0.14368470  0.17064136  0.16380835  0.30601778  0.30601778  0.28164008  0.28164008  0.28967591  0.29780114  0.24273585  0.23519763  0.25804979  0.25035269  0.25035269  0.26582887  
14_0_0     0.27369169  0.27369169  0.28164008  0.21303882  0.14368470  0.00000000  0.05062783  0.05647604  0.23519763  0.23519763  0.24273585  0.20579946  0.19863114  0.20579946  0.15703868  0.15033117  0.18450219  0.17753889  0.17753889  0.19153250  
6_0_0      0.24273585  0.24273585  0.25035269  0.19863114  0.17064136  0.05062783  0.00000000  0.02769230  0.23519763  0.23519763  0.22773641  0.17064136  0.17753889  0.18450219  0.13057050  0.12410066  0.15703868  0.15033117  0.15033117  0.15033117  
15_0_0     0.25035269  0.25035269  0.25804979  0.21303882  0.16380835  0.05647604  0.02769230  0.00000000  0.24273585  0.24273585  0.23519763  0.17753889  0.18450219  0.19153250  0.14368470  0.13709817  0.17064136  0.16380835  0.16380835  0.16380835  
9_0_0      0.24273585  0.24273585  0.25035269  0.27369169  0.30601778  0.23519763  0.23519763  0.24273585  0.00000000  0.00000000  0.01648908  0.16380835  0.16380835  0.15703868  0.18450219  0.19153250  0.22773641  0.22035065  0.22035065  0.23519763  
13_0_0     0.24273585  0.24273585  0.25035269  0.27369169  0.30601778  0.23519763  0.23519763  0.24273585  0.00000000  0.00000000  0.01648908  0.16380835  0.16380835  0.15703868  0.18450219  0.19153250  0.22773641  0.22035065  0.22035065  0.23519763  
7_0_0      0.23519763  0.23519763  0.24273585  0.28164008  0.28164008  0.24273585  0.22773641  0.23519763  0.01648908  0.01648908  0.00000000  0.16380835  0.16380835  0.15703868  0.17753889  0.18450219  0.22035065  0.21303882  0.21303882  0.22773641  
19_0_0     0.21303882  0.21303882  0.22035065  0.23519763  0.28164008  0.20579946  0.17064136  0.17753889  0.16380835  0.16380835  0.16380835  0.00000000  0.04482607  0.05062783  0.14368470  0.13709817  0.17064136  0.16380835  0.16380835  0.17064136  
18_0_0     0.21303882  0.21303882  0.22035065  0.22035065  0.28967591  0.19863114  0.17753889  0.18450219  0.16380835  0.16380835  0.16380835  0.04482607  0.00000000  0.00545510  0.13057050  0.12410066  0.15703868  0.15033117  0.15033117  0.15703868  
8_0_0      0.20579946  0.20579946  0.21303882  0.22773641  0.29780114  0.20579946  0.18450219  0.19153250  0.15703868  0.15703868  0.15703868  0.05062783  0.00545510  0.00000000  0.12410066  0.13057050  0.16380835  0.15703868  0.15703868  0.16380835  
17_0_0     0.21303882  0.21303882  0.22035065  0.14368470  0.24273585  0.15703868  0.13057050  0.14368470  0.18450219  0.18450219  0.17753889  0.14368470  0.13057050  0.12410066  0.00000000  0.00545510  0.06831483  0.06237145  0.06237145  0.08034868  
11_0_0     0.22035065  0.22035065  0.22773641  0.13709817  0.23519763  0.15033117  0.12410066  0.13709817  0.19153250  0.19153250  0.18450219  0.13709817  0.12410066  0.13057050  0.00545510  0.00000000  0.06237145  0.05647604  0.05647604  0.07430697  
12_0_0     0.24273585  0.24273585  0.25035269  0.17064136  0.25804979  0.18450219  0.15703868  0.17064136  0.22773641  0.22773641  0.22035065  0.17064136  0.15703868  0.16380835  0.06831483  0.06237145  0.00000000  0.00545510  0.00545510  0.03335902  
4_0_0      0.23519763  0.23519763  0.24273585  0.16380835  0.25035269  0.17753889  0.15033117  0.16380835  0.22035065  0.22035065  0.21303882  0.16380835  0.15033117  0.15703868  0.06237145  0.05647604  0.00545510  0.00000000  0.00000000  0.02769230  
10_0_0     0.23519763  0.23519763  0.24273585  0.16380835  0.25035269  0.17753889  0.15033117  0.16380835  0.22035065  0.22035065  0.21303882  0.16380835  0.15033117  0.15703868  0.06237145  0.05647604  0.00545510  0.00000000  0.00000000  0.02769230  
5_0_0      0.25804979  0.25804979  0.26582887  0.18450219  0.26582887  0.19153250  0.15033117  0.16380835  0.23519763  0.23519763  0.22773641  0.17064136  0.15703868  0.16380835  0.08034868  0.07430697  0.03335902  0.02769230  0.02769230  0.00000000  

