20
1_0_0      0.00000000  0.02206756  0.01648816  0.24251419  0.29745859  0.21287046  0.19848579  0.17053549  0.25779744  0.25779744  0.24251419  0.17742392  0.15024978  0.19139780  0.19139780  0.18437760  0.21287046  0.21287046  0.19139780  0.19848579  
2_0_0      0.02206756  0.00000000  0.00545500  0.24251419  0.28133606  0.21287046  0.19848579  0.17053549  0.27340569  0.27340569  0.25779744  0.19139780  0.17742392  0.22016992  0.19139780  0.18437760  0.21287046  0.21287046  0.19139780  0.19848579  
3_0_0      0.01648816  0.00545500  0.00000000  0.23499027  0.28935306  0.20564289  0.19139780  0.16371110  0.26556008  0.26556008  0.25011604  0.18437760  0.17053549  0.21287046  0.18437760  0.17742392  0.20564289  0.20564289  0.18437760  0.19139780  
20_0_0     0.24251419  0.24251419  0.23499027  0.00000000  0.29745859  0.19848579  0.17053549  0.16371110  0.26556008  0.26556008  0.30565462  0.19848579  0.19139780  0.21287046  0.17742392  0.18437760  0.17053549  0.17053549  0.17742392  0.17742392  
16_0_0     0.29745859  0.28133606  0.28935306  0.29745859  0.00000000  0.25011604  0.23499027  0.22016992  0.34806649  0.34806649  0.33938580  0.27340569  0.27340569  0.32232647  0.23499027  0.22754269  0.26556008  0.26556008  0.25779744  0.26556008  
14_0_0     0.21287046  0.21287046  0.20564289  0.19848579  0.25011604  0.00000000  0.03335522  0.03335522  0.25011604  0.25011604  0.23499027  0.17053549  0.19139780  0.19139780  0.14361058  0.13703089  0.17053549  0.17053549  0.16371110  0.17053549  
6_0_0      0.19848579  0.19848579  0.19139780  0.17053549  0.23499027  0.03335522  0.00000000  0.02206756  0.25011604  0.25011604  0.23499027  0.15694958  0.17742392  0.17742392  0.13050966  0.12404586  0.15694958  0.15694958  0.15024978  0.15694958  
15_0_0     0.17053549  0.17053549  0.16371110  0.16371110  0.22016992  0.03335522  0.02206756  0.00000000  0.25011604  0.25011604  0.23499027  0.14361058  0.15024978  0.16371110  0.11763848  0.11128656  0.14361058  0.14361058  0.13703089  0.14361058  
9_0_0      0.25779744  0.27340569  0.26556008  0.26556008  0.34806649  0.25011604  0.25011604  0.25011604  0.00000000  0.00000000  0.04481918  0.16371110  0.19139780  0.19139780  0.19139780  0.18437760  0.23499027  0.23499027  0.22754269  0.23499027  
13_0_0     0.25779744  0.27340569  0.26556008  0.26556008  0.34806649  0.25011604  0.25011604  0.25011604  0.00000000  0.00000000  0.04481918  0.16371110  0.19139780  0.19139780  0.19139780  0.18437760  0.23499027  0.23499027  0.22754269  0.23499027  
7_0_0      0.24251419  0.25779744  0.25011604  0.30565462  0.33938580  0.23499027  0.23499027  0.23499027  0.04481918  0.04481918  0.00000000  0.17742392  0.17742392  0.17742392  0.18437760  0.17742392  0.22754269  0.22754269  0.22016992  0.22754269  
19_0_0     0.17742392  0.19139780  0.18437760  0.19848579  0.27340569  0.17053549  0.15694958  0.14361058  0.16371110  0.16371110  0.17742392  0.00000000  0.05646504  0.06829865  0.12404586  0.11763848  0.16371110  0.16371110  0.15694958  0.15024978  
18_0_0     0.15024978  0.17742392  0.17053549  0.19139780  0.27340569  0.19139780  0.17742392  0.15024978  0.19139780  0.19139780  0.17742392  0.05646504  0.00000000  0.03335522  0.12404586  0.13050966  0.16371110  0.16371110  0.15694958  0.17742392  
8_0_0      0.19139780  0.22016992  0.21287046  0.21287046  0.32232647  0.19139780  0.17742392  0.16371110  0.19139780  0.19139780  0.17742392  0.06829865  0.03335522  0.00000000  0.12404586  0.13050966  0.16371110  0.16371110  0.15694958  0.17742392  
17_0_0     0.19139780  0.19139780  0.18437760  0.17742392  0.23499027  0.14361058  0.13050966  0.11763848  0.19139780  0.19139780  0.18437760  0.12404586  0.12404586  0.12404586  0.00000000  0.00545500  0.08032617  0.08032617  0.06235799  0.08032617  
11_0_0     0.18437760  0.18437760  0.17742392  0.18437760  0.22754269  0.13703089  0.12404586  0.11128656  0.18437760  0.18437760  0.17742392  0.11763848  0.13050966  0.13050966  0.00545500  0.00000000  0.08641466  0.08641466  0.06829865  0.08641466  
12_0_0     0.21287046  0.21287046  0.20564289  0.17053549  0.26556008  0.17053549  0.15694958  0.14361058  0.23499027  0.23499027  0.22754269  0.16371110  0.16371110  0.16371110  0.08032617  0.08641466  0.00000000  0.00000000  0.01648816  0.05646504  
4_0_0      0.21287046  0.21287046  0.20564289  0.17053549  0.26556008  0.17053549  0.15694958  0.14361058  0.23499027  0.23499027  0.22754269  0.16371110  0.16371110  0.16371110  0.08032617  0.08641466  0.00000000  0.00000000  0.01648816  0.05646504  
10_0_0     0.19139780  0.19139780  0.18437760  0.17742392  0.25779744  0.16371110  0.15024978  0.13703089  0.22754269  0.22754269  0.22016992  0.15694958  0.15694958  0.15694958  0.06235799  0.06829865  0.01648816  0.01648816  0.00000000  0.03906482  
5_0_0      0.19848579  0.19848579  0.19139780  0.17742392  0.26556008  0.17053549  0.15694958  0.14361058  0.23499027  0.23499027  0.22754269  0.15024978  0.17742392  0.17742392  0.08032617  0.08641466  0.05646504  0.05646504  0.03906482  0.00000000  

