197
100_2_0    0.00000000  0.09695111  0.20842956  0.26610447  0.25617664  0.35068171  0.32862056  0.35068171  0.36196214  0.35068171  0.38504858  0.38504858  0.47199671  0.49882354  0.49882354  0.51260804  0.51260804  0.52665233  0.55556084  0.58563624  0.52665233  0.48528941  0.47199671  0.48528941  0.52665233  0.58563624  0.57044682  0.58563624  0.55556084  0.55556084  0.55556084  0.54096641  0.48528941  0.52665233  0.45893698  0.45893698  0.52665233  0.52665233  0.55556084  0.55556084  0.52665233  0.52665233  0.54096641  0.54096641  0.45893698  0.48528941  0.48528941  0.51260804  0.44610219  0.52665233  0.52665233  0.42107735  0.42107735  0.54096641  0.47199671  0.48528941  0.49882354  0.51260804  0.55556084  0.61697672  0.57044682  0.66660664  0.68391269  0.68391269  0.68391269  0.55556084  0.64969339  0.66660664  0.66660664  0.63315552  0.49882354  0.49882354  0.48528941  0.52665233  0.47199671  0.52665233  0.52665233  0.57044682  0.58563624  0.57044682  0.45893698  0.48528941  0.48528941  0.45893698  0.48528941  0.48528941  0.49882354  0.48528941  0.63315552  0.61697672  0.60114173  0.51260804  0.51260804  0.51260804  0.51260804  0.52665233  0.54096641  0.54096641  0.55556084  0.55556084  0.55556084  0.55556084  0.54096641  0.54096641  0.52665233  0.57044682  0.54096641  0.61697672  0.61697672  0.58563624  0.58563624  0.54096641  0.52665233  0.47199671  0.48528941  0.48528941  0.52665233  0.52665233  0.44610219  0.47199671  0.45893698  0.68391269  0.70163024  0.54096641  0.54096641  0.49882354  0.64969339  0.70163024  0.70163024  0.58563624  0.55556084  0.52665233  0.52665233  0.55556084  0.66660664  0.68391269  0.64969339  0.64969339  0.68391269  0.57044682  0.63315552  0.60114173  0.58563624  0.61697672  0.60114173  0.63315552  0.55556084  0.54096641  0.54096641  0.64969339  0.61697672  0.58563624  0.57044682  0.51260804  0.57044682  0.55556084  0.51260804  0.61697672  0.47199671  0.47199671  0.47199671  0.64969339  0.52665233  0.54096641  0.52665233  0.55556084  0.57044682  0.54096641  0.51260804  0.60114173  0.54096641  0.63315552  0.66660664  0.61697672  0.61697672  0.61697672  0.61697672  0.58563624  0.60114173  0.57044682  0.58563624  0.68391269  0.57044682  0.55556084  0.55556084  0.58563624  0.60114173  0.57044682  0.61697672  0.63315552  0.66660664  0.66660664  0.61697672  0.61697672  0.61697672  0.63315552  0.68391269  
25_2_0     0.09695111  0.00000000  0.19923659  0.25617664  0.30719381  0.35068171  0.37341596  0.35068171  0.36196214  0.35068171  0.42107735  0.42107735  0.51260804  0.51260804  0.52665233  0.54096641  0.54096641  0.52665233  0.61697672  0.64969339  0.54096641  0.55556084  0.51260804  0.52665233  0.54096641  0.60114173  0.58563624  0.60114173  0.63315552  0.63315552  0.63315552  0.58563624  0.61697672  0.54096641  0.52665233  0.52665233  0.54096641  0.54096641  0.54096641  0.54096641  0.54096641  0.54096641  0.52665233  0.52665233  0.47199671  0.51260804  0.54096641  0.54096641  0.52665233  0.52665233  0.52665233  0.45893698  0.45893698  0.55556084  0.54096641  0.45893698  0.47199671  0.51260804  0.60114173  0.64969339  0.57044682  0.75745993  0.73838148  0.73838148  0.68391269  0.57044682  0.63315552  0.66660664  0.70163024  0.70163024  0.51260804  0.54096641  0.52665233  0.54096641  0.51260804  0.54096641  0.57044682  0.52665233  0.54096641  0.52665233  0.55556084  0.52665233  0.55556084  0.52665233  0.55556084  0.42107735  0.43348473  0.44610219  0.55556084  0.57044682  0.63315552  0.54096641  0.54096641  0.54096641  0.54096641  0.55556084  0.64969339  0.64969339  0.66660664  0.57044682  0.57044682  0.57044682  0.55556084  0.55556084  0.54096641  0.55556084  0.55556084  0.60114173  0.60114173  0.57044682  0.57044682  0.58563624  0.57044682  0.51260804  0.55556084  0.55556084  0.55556084  0.55556084  0.47199671  0.49882354  0.45893698  0.70163024  0.71977932  0.52665233  0.55556084  0.55556084  0.61697672  0.66660664  0.66660664  0.57044682  0.51260804  0.51260804  0.51260804  0.54096641  0.61697672  0.63315552  0.60114173  0.58563624  0.61697672  0.58563624  0.58563624  0.58563624  0.57044682  0.57044682  0.52665233  0.54096641  0.52665233  0.60114173  0.60114173  0.63315552  0.63315552  0.57044682  0.55556084  0.52665233  0.58563624  0.57044682  0.49882354  0.60114173  0.51260804  0.51260804  0.51260804  0.63315552  0.54096641  0.52665233  0.54096641  0.51260804  0.52665233  0.55556084  0.52665233  0.61697672  0.55556084  0.64969339  0.61697672  0.57044682  0.57044682  0.57044682  0.60114173  0.64969339  0.60114173  0.60114173  0.61697672  0.68391269  0.60114173  0.58563624  0.58563624  0.58563624  0.60114173  0.57044682  0.61697672  0.61697672  0.63315552  0.60114173  0.63315552  0.58563624  0.61697672  0.61697672  0.63315552  
55_2_0     0.20842956  0.19923659  0.00000000  0.31783018  0.32862056  0.32862056  0.31783018  0.39686567  0.38504858  0.37341596  0.49882354  0.49882354  0.43348473  0.49882354  0.47199671  0.48528941  0.48528941  0.52665233  0.58563624  0.55556084  0.49882354  0.51260804  0.52665233  0.54096641  0.57044682  0.55556084  0.54096641  0.55556084  0.55556084  0.55556084  0.55556084  0.60114173  0.52665233  0.51260804  0.49882354  0.49882354  0.51260804  0.51260804  0.54096641  0.54096641  0.47199671  0.47199671  0.45893698  0.45893698  0.51260804  0.49882354  0.45893698  0.44610219  0.54096641  0.57044682  0.61697672  0.51260804  0.51260804  0.48528941  0.55556084  0.52665233  0.54096641  0.47199671  0.48528941  0.60114173  0.57044682  0.64969339  0.63315552  0.63315552  0.75745993  0.60114173  0.73838148  0.64969339  0.68391269  0.68391269  0.54096641  0.55556084  0.55556084  0.57044682  0.48528941  0.57044682  0.60114173  0.61697672  0.61697672  0.61697672  0.54096641  0.49882354  0.51260804  0.51260804  0.51260804  0.45893698  0.47199671  0.48528941  0.52665233  0.55556084  0.64969339  0.64969339  0.64969339  0.64969339  0.64969339  0.64969339  0.49882354  0.49882354  0.54096641  0.40887318  0.40887318  0.40887318  0.39686567  0.39686567  0.40887318  0.44610219  0.47199671  0.51260804  0.51260804  0.49882354  0.44610219  0.43348473  0.42107735  0.45893698  0.48528941  0.44610219  0.45893698  0.43348473  0.40887318  0.40887318  0.39686567  0.66660664  0.64969339  0.43348473  0.45893698  0.45893698  0.52665233  0.52665233  0.52665233  0.60114173  0.57044682  0.54096641  0.54096641  0.54096641  0.60114173  0.61697672  0.61697672  0.64969339  0.70163024  0.51260804  0.55556084  0.52665233  0.51260804  0.66660664  0.55556084  0.52665233  0.49882354  0.57044682  0.57044682  0.63315552  0.58563624  0.58563624  0.57044682  0.54096641  0.57044682  0.55556084  0.48528941  0.51260804  0.47199671  0.47199671  0.47199671  0.52665233  0.58563624  0.57044682  0.58563624  0.58563624  0.57044682  0.57044682  0.57044682  0.66660664  0.55556084  0.61697672  0.60114173  0.58563624  0.58563624  0.58563624  0.58563624  0.57044682  0.55556084  0.54096641  0.51260804  0.61697672  0.51260804  0.54096641  0.48528941  0.54096641  0.58563624  0.55556084  0.57044682  0.57044682  0.58563624  0.55556084  0.57044682  0.54096641  0.55556084  0.58563624  0.63315552  
14_2_0     0.26610447  0.25617664  0.31783018  0.00000000  0.05815544  0.32862056  0.30719381  0.31783018  0.32862056  0.31783018  0.40887318  0.40887318  0.51260804  0.44610219  0.42107735  0.44610219  0.44610219  0.38504858  0.45893698  0.61697672  0.55556084  0.47199671  0.60114173  0.52665233  0.61697672  0.58563624  0.60114173  0.58563624  0.55556084  0.55556084  0.55556084  0.54096641  0.44610219  0.47199671  0.45893698  0.45893698  0.49882354  0.49882354  0.51260804  0.45893698  0.43348473  0.43348473  0.47199671  0.47199671  0.44610219  0.44610219  0.51260804  0.48528941  0.54096641  0.45893698  0.45893698  0.43348473  0.43348473  0.48528941  0.40887318  0.47199671  0.42107735  0.45893698  0.48528941  0.49882354  0.45893698  0.61697672  0.63315552  0.63315552  0.60114173  0.51260804  0.57044682  0.52665233  0.55556084  0.52665233  0.54096641  0.52665233  0.52665233  0.48528941  0.51260804  0.51260804  0.54096641  0.57044682  0.58563624  0.57044682  0.45893698  0.48528941  0.49882354  0.49882354  0.49882354  0.43348473  0.44610219  0.39686567  0.43348473  0.47199671  0.55556084  0.58563624  0.58563624  0.58563624  0.58563624  0.60114173  0.61697672  0.58563624  0.57044682  0.52665233  0.52665233  0.52665233  0.51260804  0.48528941  0.49882354  0.54096641  0.51260804  0.47199671  0.47199671  0.44610219  0.47199671  0.49882354  0.48528941  0.47199671  0.45893698  0.47199671  0.51260804  0.51260804  0.51260804  0.54096641  0.49882354  0.70163024  0.71977932  0.52665233  0.58563624  0.51260804  0.64969339  0.70163024  0.70163024  0.61697672  0.57044682  0.54096641  0.54096641  0.54096641  0.64969339  0.66660664  0.63315552  0.70163024  0.70163024  0.54096641  0.55556084  0.55556084  0.52665233  0.60114173  0.49882354  0.49882354  0.52665233  0.54096641  0.54096641  0.58563624  0.64969339  0.61697672  0.63315552  0.60114173  0.58563624  0.58563624  0.57044682  0.61697672  0.55556084  0.55556084  0.55556084  0.60114173  0.57044682  0.55556084  0.57044682  0.54096641  0.51260804  0.60114173  0.66660664  0.64969339  0.58563624  0.55556084  0.58563624  0.55556084  0.57044682  0.57044682  0.57044682  0.61697672  0.57044682  0.54096641  0.58563624  0.57044682  0.52665233  0.57044682  0.55556084  0.52665233  0.54096641  0.54096641  0.52665233  0.55556084  0.64969339  0.60114173  0.60114173  0.61697672  0.58563624  0.61697672  0.60114173  
74_2_0     0.25617664  0.30719381  0.32862056  0.05815544  0.00000000  0.33956950  0.31783018  0.26610447  0.27616635  0.28636596  0.36196214  0.36196214  0.47199671  0.45893698  0.40887318  0.43348473  0.43348473  0.39686567  0.44610219  0.55556084  0.51260804  0.48528941  0.61697672  0.51260804  0.63315552  0.54096641  0.55556084  0.54096641  0.54096641  0.54096641  0.54096641  0.52665233  0.40887318  0.40887318  0.39686567  0.39686567  0.43348473  0.45893698  0.47199671  0.39686567  0.44610219  0.44610219  0.45893698  0.45893698  0.40887318  0.38504858  0.42107735  0.42107735  0.47199671  0.48528941  0.47199671  0.39686567  0.39686567  0.52665233  0.42107735  0.48528941  0.45893698  0.49882354  0.49882354  0.45893698  0.47199671  0.58563624  0.60114173  0.60114173  0.64969339  0.48528941  0.54096641  0.49882354  0.52665233  0.49882354  0.54096641  0.52665233  0.52665233  0.48528941  0.54096641  0.54096641  0.54096641  0.57044682  0.58563624  0.57044682  0.48528941  0.54096641  0.52665233  0.52665233  0.52665233  0.45893698  0.47199671  0.45893698  0.47199671  0.48528941  0.57044682  0.54096641  0.54096641  0.54096641  0.54096641  0.55556084  0.55556084  0.52665233  0.54096641  0.44610219  0.44610219  0.44610219  0.43348473  0.40887318  0.42107735  0.43348473  0.43348473  0.44610219  0.44610219  0.42107735  0.44610219  0.44610219  0.43348473  0.42107735  0.40887318  0.42107735  0.44610219  0.47199671  0.42107735  0.44610219  0.43348473  0.61697672  0.63315552  0.54096641  0.54096641  0.47199671  0.66660664  0.68391269  0.68391269  0.60114173  0.64969339  0.55556084  0.55556084  0.55556084  0.60114173  0.61697672  0.61697672  0.70163024  0.70163024  0.49882354  0.57044682  0.57044682  0.51260804  0.58563624  0.52665233  0.54096641  0.48528941  0.49882354  0.49882354  0.61697672  0.64969339  0.63315552  0.61697672  0.58563624  0.57044682  0.57044682  0.55556084  0.57044682  0.51260804  0.51260804  0.51260804  0.55556084  0.55556084  0.54096641  0.55556084  0.52665233  0.49882354  0.55556084  0.61697672  0.66660664  0.57044682  0.55556084  0.58563624  0.52665233  0.54096641  0.54096641  0.54096641  0.63315552  0.61697672  0.55556084  0.60114173  0.61697672  0.48528941  0.55556084  0.57044682  0.54096641  0.55556084  0.55556084  0.54096641  0.58563624  0.66660664  0.64969339  0.54096641  0.57044682  0.57044682  0.58563624  0.57044682  
35_2_0     0.35068171  0.35068171  0.32862056  0.32862056  0.33956950  0.00000000  0.07343220  0.12951084  0.12123657  0.09695111  0.32862056  0.32862056  0.44610219  0.44610219  0.39686567  0.38504858  0.38504858  0.43348473  0.45893698  0.44610219  0.52665233  0.47199671  0.51260804  0.48528941  0.48528941  0.48528941  0.47199671  0.48528941  0.45893698  0.45893698  0.45893698  0.49882354  0.43348473  0.44610219  0.48528941  0.48528941  0.47199671  0.47199671  0.48528941  0.52665233  0.45893698  0.45893698  0.47199671  0.47199671  0.36196214  0.37341596  0.48528941  0.39686567  0.47199671  0.42107735  0.42107735  0.44610219  0.44610219  0.45893698  0.43348473  0.45893698  0.43348473  0.42107735  0.43348473  0.49882354  0.38504858  0.68391269  0.70163024  0.70163024  0.66660664  0.63315552  0.63315552  0.66660664  0.66660664  0.68391269  0.49882354  0.48528941  0.48528941  0.51260804  0.48528941  0.49882354  0.52665233  0.54096641  0.52665233  0.51260804  0.52665233  0.51260804  0.49882354  0.52665233  0.49882354  0.40887318  0.42107735  0.37341596  0.40887318  0.40887318  0.47199671  0.52665233  0.52665233  0.52665233  0.52665233  0.54096641  0.51260804  0.51260804  0.49882354  0.33956950  0.33956950  0.36196214  0.35068171  0.35068171  0.36196214  0.43348473  0.40887318  0.42107735  0.42107735  0.42107735  0.39686567  0.43348473  0.42107735  0.43348473  0.42107735  0.37341596  0.37341596  0.35068171  0.31783018  0.31783018  0.31783018  0.51260804  0.49882354  0.40887318  0.38504858  0.39686567  0.61697672  0.64969339  0.64969339  0.61697672  0.55556084  0.55556084  0.55556084  0.52665233  0.58563624  0.57044682  0.58563624  0.55556084  0.55556084  0.51260804  0.60114173  0.58563624  0.51260804  0.60114173  0.55556084  0.61697672  0.47199671  0.58563624  0.58563624  0.63315552  0.58563624  0.58563624  0.54096641  0.48528941  0.52665233  0.52665233  0.51260804  0.52665233  0.55556084  0.55556084  0.55556084  0.54096641  0.57044682  0.55556084  0.57044682  0.57044682  0.55556084  0.55556084  0.60114173  0.64969339  0.57044682  0.64969339  0.55556084  0.57044682  0.57044682  0.57044682  0.60114173  0.55556084  0.52665233  0.52665233  0.51260804  0.60114173  0.54096641  0.51260804  0.45893698  0.48528941  0.52665233  0.49882354  0.54096641  0.55556084  0.58563624  0.55556084  0.47199671  0.48528941  0.51260804  0.49882354  0.51260804  
54_2_0     0.32862056  0.37341596  0.31783018  0.30719381  0.31783018  0.07343220  0.00000000  0.15489963  0.14634023  0.12123657  0.33956950  0.33956950  0.48528941  0.49882354  0.43348473  0.42107735  0.42107735  0.43348473  0.51260804  0.51260804  0.57044682  0.54096641  0.55556084  0.55556084  0.49882354  0.55556084  0.54096641  0.55556084  0.52665233  0.52665233  0.52665233  0.57044682  0.44610219  0.51260804  0.52665233  0.52665233  0.51260804  0.51260804  0.55556084  0.58563624  0.47199671  0.47199671  0.48528941  0.48528941  0.39686567  0.40887318  0.44610219  0.43348473  0.48528941  0.45893698  0.48528941  0.45893698  0.45893698  0.49882354  0.44610219  0.49882354  0.47199671  0.48528941  0.44610219  0.45893698  0.42107735  0.61697672  0.63315552  0.63315552  0.63315552  0.55556084  0.57044682  0.63315552  0.63315552  0.64969339  0.54096641  0.52665233  0.52665233  0.57044682  0.49882354  0.54096641  0.57044682  0.61697672  0.60114173  0.58563624  0.48528941  0.49882354  0.51260804  0.54096641  0.51260804  0.39686567  0.40887318  0.32862056  0.43348473  0.45893698  0.48528941  0.49882354  0.49882354  0.49882354  0.49882354  0.51260804  0.47199671  0.47199671  0.45893698  0.30719381  0.30719381  0.30719381  0.31783018  0.29670712  0.30719381  0.39686567  0.37341596  0.38504858  0.38504858  0.38504858  0.38504858  0.40887318  0.42107735  0.40887318  0.40887318  0.37341596  0.38504858  0.36196214  0.35068171  0.35068171  0.35068171  0.52665233  0.51260804  0.37341596  0.37341596  0.38504858  0.60114173  0.63315552  0.63315552  0.61697672  0.57044682  0.55556084  0.55556084  0.52665233  0.58563624  0.60114173  0.61697672  0.57044682  0.60114173  0.55556084  0.60114173  0.54096641  0.51260804  0.60114173  0.58563624  0.52665233  0.42107735  0.51260804  0.51260804  0.61697672  0.54096641  0.58563624  0.54096641  0.48528941  0.52665233  0.52665233  0.51260804  0.54096641  0.55556084  0.55556084  0.55556084  0.51260804  0.54096641  0.52665233  0.54096641  0.54096641  0.55556084  0.54096641  0.61697672  0.61697672  0.49882354  0.64969339  0.58563624  0.57044682  0.57044682  0.57044682  0.57044682  0.54096641  0.48528941  0.48528941  0.44610219  0.54096641  0.48528941  0.45893698  0.47199671  0.47199671  0.48528941  0.45893698  0.49882354  0.51260804  0.54096641  0.51260804  0.48528941  0.51260804  0.51260804  0.48528941  0.52665233  
43_2_0     0.35068171  0.35068171  0.39686567  0.31783018  0.26610447  0.12951084  0.15489963  0.00000000  0.00702603  0.02851054  0.31783018  0.31783018  0.47199671  0.52665233  0.44610219  0.40887318  0.40887318  0.45893698  0.48528941  0.47199671  0.52665233  0.55556084  0.52665233  0.54096641  0.52665233  0.54096641  0.52665233  0.54096641  0.54096641  0.54096641  0.54096641  0.55556084  0.43348473  0.47199671  0.51260804  0.51260804  0.44610219  0.47199671  0.47199671  0.52665233  0.44610219  0.44610219  0.44610219  0.44610219  0.42107735  0.45893698  0.47199671  0.42107735  0.48528941  0.40887318  0.44610219  0.47199671  0.47199671  0.54096641  0.47199671  0.45893698  0.44610219  0.45893698  0.44610219  0.42107735  0.39686567  0.75745993  0.77703970  0.77703970  0.73838148  0.55556084  0.60114173  0.60114173  0.63315552  0.63315552  0.55556084  0.54096641  0.54096641  0.55556084  0.55556084  0.52665233  0.58563624  0.60114173  0.58563624  0.57044682  0.55556084  0.60114173  0.58563624  0.61697672  0.58563624  0.40887318  0.42107735  0.36196214  0.40887318  0.43348473  0.40887318  0.40887318  0.40887318  0.40887318  0.40887318  0.42107735  0.48528941  0.45893698  0.44610219  0.33956950  0.36196214  0.36196214  0.35068171  0.35068171  0.36196214  0.33956950  0.31783018  0.42107735  0.42107735  0.42107735  0.42107735  0.43348473  0.42107735  0.45893698  0.42107735  0.42107735  0.35068171  0.37341596  0.31783018  0.33956950  0.31783018  0.45893698  0.44610219  0.40887318  0.40887318  0.39686567  0.68391269  0.70163024  0.70163024  0.55556084  0.60114173  0.48528941  0.48528941  0.48528941  0.55556084  0.57044682  0.55556084  0.60114173  0.61697672  0.49882354  0.55556084  0.58563624  0.49882354  0.58563624  0.51260804  0.58563624  0.45893698  0.47199671  0.47199671  0.63315552  0.51260804  0.47199671  0.48528941  0.40887318  0.44610219  0.44610219  0.45893698  0.45893698  0.47199671  0.47199671  0.47199671  0.47199671  0.45893698  0.44610219  0.45893698  0.43348473  0.44610219  0.47199671  0.48528941  0.61697672  0.49882354  0.60114173  0.48528941  0.47199671  0.47199671  0.47199671  0.49882354  0.57044682  0.51260804  0.51260804  0.52665233  0.54096641  0.44610219  0.49882354  0.49882354  0.47199671  0.51260804  0.48528941  0.49882354  0.51260804  0.54096641  0.54096641  0.44610219  0.43348473  0.48528941  0.47199671  0.48528941  
41_2_0     0.36196214  0.36196214  0.38504858  0.32862056  0.27616635  0.12123657  0.14634023  0.00702603  0.00000000  0.02127999  0.32862056  0.32862056  0.48528941  0.51260804  0.45893698  0.42107735  0.42107735  0.47199671  0.49882354  0.48528941  0.54096641  0.57044682  0.51260804  0.55556084  0.54096641  0.55556084  0.54096641  0.55556084  0.55556084  0.55556084  0.55556084  0.57044682  0.44610219  0.45893698  0.52665233  0.52665233  0.45893698  0.48528941  0.48528941  0.54096641  0.45893698  0.45893698  0.45893698  0.45893698  0.40887318  0.44610219  0.45893698  0.40887318  0.49882354  0.42107735  0.45893698  0.48528941  0.48528941  0.52665233  0.45893698  0.45893698  0.44610219  0.45893698  0.45893698  0.43348473  0.40887318  0.73838148  0.75745993  0.75745993  0.71977932  0.57044682  0.61697672  0.61697672  0.64969339  0.64969339  0.57044682  0.55556084  0.55556084  0.57044682  0.57044682  0.54096641  0.60114173  0.61697672  0.60114173  0.58563624  0.57044682  0.61697672  0.60114173  0.63315552  0.60114173  0.42107735  0.43348473  0.37341596  0.42107735  0.42107735  0.42107735  0.42107735  0.42107735  0.42107735  0.42107735  0.43348473  0.47199671  0.44610219  0.43348473  0.32862056  0.35068171  0.35068171  0.33956950  0.33956950  0.35068171  0.32862056  0.30719381  0.40887318  0.40887318  0.40887318  0.40887318  0.42107735  0.40887318  0.44610219  0.43348473  0.40887318  0.36196214  0.36196214  0.32862056  0.32862056  0.32862056  0.44610219  0.43348473  0.39686567  0.39686567  0.38504858  0.66660664  0.68391269  0.68391269  0.54096641  0.58563624  0.49882354  0.49882354  0.47199671  0.54096641  0.55556084  0.54096641  0.58563624  0.60114173  0.48528941  0.54096641  0.57044682  0.48528941  0.57044682  0.49882354  0.57044682  0.44610219  0.48528941  0.48528941  0.61697672  0.52665233  0.48528941  0.49882354  0.42107735  0.45893698  0.45893698  0.44610219  0.44610219  0.45893698  0.45893698  0.45893698  0.45893698  0.47199671  0.45893698  0.47199671  0.44610219  0.45893698  0.48528941  0.49882354  0.63315552  0.51260804  0.58563624  0.47199671  0.45893698  0.45893698  0.45893698  0.48528941  0.55556084  0.49882354  0.49882354  0.51260804  0.52665233  0.43348473  0.48528941  0.48528941  0.45893698  0.49882354  0.47199671  0.48528941  0.49882354  0.52665233  0.52665233  0.43348473  0.42107735  0.47199671  0.45893698  0.47199671  
68_2_0     0.35068171  0.35068171  0.37341596  0.31783018  0.28636596  0.09695111  0.12123657  0.02851054  0.02127999  0.00000000  0.31783018  0.31783018  0.47199671  0.49882354  0.44610219  0.40887318  0.40887318  0.43348473  0.48528941  0.48528941  0.52665233  0.55556084  0.49882354  0.54096641  0.52665233  0.54096641  0.52665233  0.54096641  0.57044682  0.57044682  0.57044682  0.58563624  0.43348473  0.47199671  0.54096641  0.54096641  0.47199671  0.49882354  0.49882354  0.55556084  0.44610219  0.44610219  0.44610219  0.44610219  0.38504858  0.42107735  0.47199671  0.42107735  0.51260804  0.43348473  0.47199671  0.47199671  0.47199671  0.51260804  0.47199671  0.48528941  0.43348473  0.44610219  0.45893698  0.42107735  0.39686567  0.71977932  0.73838148  0.73838148  0.73838148  0.58563624  0.61697672  0.63315552  0.63315552  0.63315552  0.55556084  0.54096641  0.54096641  0.55556084  0.55556084  0.52665233  0.58563624  0.60114173  0.58563624  0.57044682  0.58563624  0.60114173  0.58563624  0.61697672  0.58563624  0.43348473  0.44610219  0.36196214  0.40887318  0.40887318  0.43348473  0.43348473  0.43348473  0.43348473  0.43348473  0.44610219  0.43348473  0.43348473  0.42107735  0.29670712  0.31783018  0.31783018  0.30719381  0.30719381  0.31783018  0.31783018  0.29670712  0.37341596  0.37341596  0.37341596  0.37341596  0.40887318  0.39686567  0.43348473  0.42107735  0.39686567  0.35068171  0.35068171  0.31783018  0.31783018  0.31783018  0.48528941  0.47199671  0.38504858  0.38504858  0.37341596  0.64969339  0.66660664  0.66660664  0.55556084  0.60114173  0.51260804  0.51260804  0.48528941  0.52665233  0.54096641  0.52665233  0.57044682  0.58563624  0.49882354  0.52665233  0.55556084  0.47199671  0.55556084  0.48528941  0.55556084  0.43348473  0.49882354  0.49882354  0.63315552  0.52665233  0.52665233  0.51260804  0.43348473  0.49882354  0.49882354  0.43348473  0.45893698  0.47199671  0.47199671  0.47199671  0.48528941  0.48528941  0.47199671  0.48528941  0.45893698  0.47199671  0.49882354  0.54096641  0.61697672  0.52665233  0.60114173  0.45893698  0.47199671  0.47199671  0.47199671  0.49882354  0.54096641  0.51260804  0.51260804  0.52665233  0.52665233  0.47199671  0.47199671  0.49882354  0.47199671  0.51260804  0.48528941  0.52665233  0.54096641  0.54096641  0.54096641  0.47199671  0.45893698  0.48528941  0.49882354  0.51260804  
61_2_0     0.38504858  0.42107735  0.49882354  0.40887318  0.36196214  0.32862056  0.33956950  0.31783018  0.32862056  0.31783018  0.00000000  0.00000000  0.42107735  0.42107735  0.38504858  0.33956950  0.33956950  0.36196214  0.36196214  0.44610219  0.45893698  0.48528941  0.52665233  0.43348473  0.44610219  0.47199671  0.48528941  0.47199671  0.47199671  0.47199671  0.47199671  0.43348473  0.37341596  0.40887318  0.39686567  0.39686567  0.38504858  0.38504858  0.49882354  0.40887318  0.36196214  0.36196214  0.35068171  0.35068171  0.42107735  0.39686567  0.44610219  0.52665233  0.45893698  0.49882354  0.48528941  0.35068171  0.35068171  0.58563624  0.49882354  0.39686567  0.37341596  0.42107735  0.35068171  0.33956950  0.35068171  0.54096641  0.55556084  0.55556084  0.54096641  0.54096641  0.49882354  0.54096641  0.54096641  0.52665233  0.51260804  0.51260804  0.49882354  0.52665233  0.47199671  0.49882354  0.52665233  0.52665233  0.57044682  0.55556084  0.51260804  0.51260804  0.49882354  0.49882354  0.49882354  0.33956950  0.35068171  0.40887318  0.42107735  0.40887318  0.54096641  0.44610219  0.44610219  0.44610219  0.44610219  0.45893698  0.55556084  0.58563624  0.57044682  0.42107735  0.39686567  0.39686567  0.38504858  0.38504858  0.39686567  0.40887318  0.38504858  0.43348473  0.43348473  0.40887318  0.40887318  0.42107735  0.40887318  0.47199671  0.43348473  0.43348473  0.40887318  0.43348473  0.38504858  0.38504858  0.37341596  0.49882354  0.51260804  0.47199671  0.47199671  0.45893698  0.51260804  0.55556084  0.55556084  0.58563624  0.66660664  0.63315552  0.63315552  0.61697672  0.58563624  0.60114173  0.57044682  0.64969339  0.70163024  0.51260804  0.51260804  0.51260804  0.48528941  0.51260804  0.58563624  0.54096641  0.48528941  0.60114173  0.60114173  0.51260804  0.58563624  0.52665233  0.45893698  0.51260804  0.48528941  0.47199671  0.58563624  0.54096641  0.54096641  0.54096641  0.54096641  0.47199671  0.47199671  0.45893698  0.47199671  0.54096641  0.54096641  0.48528941  0.54096641  0.61697672  0.43348473  0.47199671  0.48528941  0.47199671  0.44610219  0.44610219  0.47199671  0.49882354  0.44610219  0.43348473  0.45893698  0.48528941  0.43348473  0.42107735  0.45893698  0.43348473  0.44610219  0.44610219  0.45893698  0.49882354  0.49882354  0.49882354  0.43348473  0.44610219  0.49882354  0.44610219  0.48528941  
16_2_0     0.38504858  0.42107735  0.49882354  0.40887318  0.36196214  0.32862056  0.33956950  0.31783018  0.32862056  0.31783018  0.00000000  0.00000000  0.42107735  0.42107735  0.38504858  0.33956950  0.33956950  0.36196214  0.36196214  0.44610219  0.45893698  0.48528941  0.52665233  0.43348473  0.44610219  0.47199671  0.48528941  0.47199671  0.47199671  0.47199671  0.47199671  0.43348473  0.37341596  0.40887318  0.39686567  0.39686567  0.38504858  0.38504858  0.49882354  0.40887318  0.36196214  0.36196214  0.35068171  0.35068171  0.42107735  0.39686567  0.44610219  0.52665233  0.45893698  0.49882354  0.48528941  0.35068171  0.35068171  0.58563624  0.49882354  0.39686567  0.37341596  0.42107735  0.35068171  0.33956950  0.35068171  0.54096641  0.55556084  0.55556084  0.54096641  0.54096641  0.49882354  0.54096641  0.54096641  0.52665233  0.51260804  0.51260804  0.49882354  0.52665233  0.47199671  0.49882354  0.52665233  0.52665233  0.57044682  0.55556084  0.51260804  0.51260804  0.49882354  0.49882354  0.49882354  0.33956950  0.35068171  0.40887318  0.42107735  0.40887318  0.54096641  0.44610219  0.44610219  0.44610219  0.44610219  0.45893698  0.55556084  0.58563624  0.57044682  0.42107735  0.39686567  0.39686567  0.38504858  0.38504858  0.39686567  0.40887318  0.38504858  0.43348473  0.43348473  0.40887318  0.40887318  0.42107735  0.40887318  0.47199671  0.43348473  0.43348473  0.40887318  0.43348473  0.38504858  0.38504858  0.37341596  0.49882354  0.51260804  0.47199671  0.47199671  0.45893698  0.51260804  0.55556084  0.55556084  0.58563624  0.66660664  0.63315552  0.63315552  0.61697672  0.58563624  0.60114173  0.57044682  0.64969339  0.70163024  0.51260804  0.51260804  0.51260804  0.48528941  0.51260804  0.58563624  0.54096641  0.48528941  0.60114173  0.60114173  0.51260804  0.58563624  0.52665233  0.45893698  0.51260804  0.48528941  0.47199671  0.58563624  0.54096641  0.54096641  0.54096641  0.54096641  0.47199671  0.47199671  0.45893698  0.47199671  0.54096641  0.54096641  0.48528941  0.54096641  0.61697672  0.43348473  0.47199671  0.48528941  0.47199671  0.44610219  0.44610219  0.47199671  0.49882354  0.44610219  0.43348473  0.45893698  0.48528941  0.43348473  0.42107735  0.45893698  0.43348473  0.44610219  0.44610219  0.45893698  0.49882354  0.49882354  0.49882354  0.43348473  0.44610219  0.49882354  0.44610219  0.48528941  
44_4_0     0.47199671  0.51260804  0.43348473  0.51260804  0.47199671  0.44610219  0.48528941  0.47199671  0.48528941  0.47199671  0.42107735  0.42107735  0.00000000  0.18118403  0.15489963  0.15489963  0.15489963  0.20842956  0.19015565  0.25617664  0.21773736  0.19923659  0.25617664  0.19015565  0.30719381  0.19015565  0.19923659  0.19015565  0.21773736  0.21773736  0.21773736  0.22716289  0.16355849  0.20842956  0.24637933  0.24637933  0.23670917  0.27616635  0.27616635  0.24637933  0.24637933  0.24637933  0.26610447  0.26610447  0.27616635  0.27616635  0.33956950  0.33956950  0.31783018  0.35068171  0.37341596  0.33956950  0.33956950  0.42107735  0.38504858  0.33956950  0.32862056  0.37341596  0.40887318  0.40887318  0.33956950  0.52665233  0.51260804  0.51260804  0.66660664  0.66660664  0.71977932  0.68391269  0.71977932  0.68391269  0.47199671  0.48528941  0.48528941  0.49882354  0.47199671  0.47199671  0.48528941  0.51260804  0.52665233  0.51260804  0.42107735  0.37341596  0.40887318  0.42107735  0.39686567  0.38504858  0.37341596  0.37341596  0.42107735  0.37341596  0.43348473  0.38504858  0.38504858  0.38504858  0.38504858  0.39686567  0.42107735  0.44610219  0.43348473  0.30719381  0.28636596  0.28636596  0.27616635  0.29670712  0.28636596  0.32862056  0.32862056  0.40887318  0.40887318  0.40887318  0.36196214  0.39686567  0.38504858  0.39686567  0.36196214  0.37341596  0.35068171  0.37341596  0.27616635  0.29670712  0.28636596  0.55556084  0.54096641  0.38504858  0.38504858  0.36196214  0.40887318  0.47199671  0.47199671  0.60114173  0.51260804  0.55556084  0.55556084  0.60114173  0.52665233  0.51260804  0.54096641  0.58563624  0.61697672  0.42107735  0.48528941  0.47199671  0.51260804  0.58563624  0.49882354  0.58563624  0.45893698  0.47199671  0.47199671  0.58563624  0.45893698  0.49882354  0.42107735  0.44610219  0.45893698  0.45893698  0.54096641  0.55556084  0.55556084  0.55556084  0.55556084  0.57044682  0.51260804  0.51260804  0.51260804  0.55556084  0.51260804  0.52665233  0.60114173  0.60114173  0.45893698  0.42107735  0.42107735  0.43348473  0.42107735  0.42107735  0.44610219  0.40887318  0.49882354  0.47199671  0.52665233  0.51260804  0.47199671  0.47199671  0.48528941  0.54096641  0.51260804  0.51260804  0.52665233  0.54096641  0.55556084  0.54096641  0.52665233  0.57044682  0.52665233  0.54096641  0.58563624  
50_4_0     0.49882354  0.51260804  0.49882354  0.44610219  0.45893698  0.44610219  0.49882354  0.52665233  0.51260804  0.49882354  0.42107735  0.42107735  0.18118403  0.00000000  0.12951084  0.13787803  0.13787803  0.14634023  0.14634023  0.28636596  0.20842956  0.16355849  0.29670712  0.17231915  0.31783018  0.19015565  0.19923659  0.19015565  0.21773736  0.21773736  0.21773736  0.20842956  0.12951084  0.17231915  0.20842956  0.20842956  0.20842956  0.22716289  0.23670917  0.20842956  0.32862056  0.32862056  0.35068171  0.35068171  0.27616635  0.27616635  0.32862056  0.32862056  0.35068171  0.36196214  0.36196214  0.37341596  0.37341596  0.43348473  0.39686567  0.33956950  0.32862056  0.36196214  0.40887318  0.35068171  0.37341596  0.48528941  0.49882354  0.49882354  0.58563624  0.66660664  0.66660664  0.61697672  0.61697672  0.61697672  0.48528941  0.48528941  0.47199671  0.48528941  0.45893698  0.52665233  0.48528941  0.47199671  0.51260804  0.49882354  0.43348473  0.38504858  0.39686567  0.38504858  0.38504858  0.37341596  0.38504858  0.39686567  0.43348473  0.36196214  0.52665233  0.47199671  0.47199671  0.47199671  0.47199671  0.48528941  0.47199671  0.47199671  0.45893698  0.39686567  0.35068171  0.37341596  0.36196214  0.36196214  0.37341596  0.39686567  0.37341596  0.43348473  0.43348473  0.40887318  0.43348473  0.40887318  0.39686567  0.38504858  0.39686567  0.36196214  0.43348473  0.40887318  0.37341596  0.37341596  0.38504858  0.57044682  0.58563624  0.42107735  0.47199671  0.40887318  0.44610219  0.54096641  0.54096641  0.54096641  0.47199671  0.51260804  0.51260804  0.49882354  0.61697672  0.60114173  0.57044682  0.60114173  0.60114173  0.44610219  0.52665233  0.49882354  0.48528941  0.58563624  0.45893698  0.54096641  0.39686567  0.66660664  0.66660664  0.60114173  0.54096641  0.61697672  0.57044682  0.54096641  0.58563624  0.58563624  0.61697672  0.55556084  0.63315552  0.63315552  0.63315552  0.64969339  0.63315552  0.61697672  0.63315552  0.61697672  0.58563624  0.61697672  0.70163024  0.68391269  0.57044682  0.39686567  0.47199671  0.48528941  0.47199671  0.47199671  0.48528941  0.43348473  0.47199671  0.47199671  0.49882354  0.54096641  0.49882354  0.49882354  0.45893698  0.48528941  0.48528941  0.48528941  0.47199671  0.47199671  0.51260804  0.48528941  0.55556084  0.60114173  0.55556084  0.57044682  0.58563624  
45_4_0     0.49882354  0.52665233  0.47199671  0.42107735  0.40887318  0.39686567  0.43348473  0.44610219  0.45893698  0.44610219  0.38504858  0.38504858  0.15489963  0.12951084  0.00000000  0.14634023  0.14634023  0.15489963  0.15489963  0.25617664  0.19923659  0.17231915  0.25617664  0.18118403  0.25617664  0.16355849  0.17231915  0.16355849  0.19015565  0.19015565  0.19015565  0.19015565  0.12951084  0.16355849  0.19015565  0.19015565  0.19923659  0.21773736  0.24637933  0.19923659  0.26610447  0.26610447  0.28636596  0.28636596  0.28636596  0.26610447  0.31783018  0.29670712  0.26610447  0.30719381  0.32862056  0.32862056  0.32862056  0.37341596  0.36196214  0.32862056  0.27616635  0.30719381  0.33956950  0.32862056  0.28636596  0.48528941  0.49882354  0.49882354  0.66660664  0.60114173  0.60114173  0.57044682  0.57044682  0.55556084  0.44610219  0.43348473  0.43348473  0.45893698  0.45893698  0.40887318  0.42107735  0.45893698  0.47199671  0.45893698  0.32862056  0.32862056  0.31783018  0.32862056  0.30719381  0.39686567  0.40887318  0.33956950  0.39686567  0.35068171  0.47199671  0.40887318  0.40887318  0.40887318  0.40887318  0.42107735  0.45893698  0.45893698  0.47199671  0.30719381  0.26610447  0.28636596  0.29670712  0.29670712  0.30719381  0.35068171  0.32862056  0.33956950  0.33956950  0.33956950  0.36196214  0.31783018  0.32862056  0.31783018  0.28636596  0.27616635  0.32862056  0.35068171  0.25617664  0.27616635  0.26610447  0.57044682  0.55556084  0.35068171  0.39686567  0.33956950  0.47199671  0.51260804  0.51260804  0.54096641  0.48528941  0.48528941  0.48528941  0.52665233  0.45893698  0.44610219  0.47199671  0.51260804  0.54096641  0.40887318  0.57044682  0.52665233  0.48528941  0.60114173  0.49882354  0.47199671  0.43348473  0.51260804  0.51260804  0.58563624  0.45893698  0.51260804  0.49882354  0.47199671  0.51260804  0.51260804  0.63315552  0.58563624  0.64969339  0.64969339  0.64969339  0.58563624  0.54096641  0.52665233  0.54096641  0.54096641  0.51260804  0.52665233  0.64969339  0.63315552  0.51260804  0.43348473  0.45893698  0.47199671  0.45893698  0.45893698  0.48528941  0.40887318  0.42107735  0.42107735  0.47199671  0.48528941  0.44610219  0.44610219  0.48528941  0.48528941  0.45893698  0.45893698  0.44610219  0.47199671  0.51260804  0.45893698  0.47199671  0.54096641  0.49882354  0.51260804  0.52665233  
31_4_0     0.51260804  0.54096641  0.48528941  0.44610219  0.43348473  0.38504858  0.42107735  0.40887318  0.42107735  0.40887318  0.33956950  0.33956950  0.15489963  0.13787803  0.14634023  0.00000000  0.00000000  0.08902871  0.08902871  0.17231915  0.20842956  0.18118403  0.29670712  0.19015565  0.27616635  0.17231915  0.18118403  0.17231915  0.19923659  0.19923659  0.19923659  0.19015565  0.12123657  0.17231915  0.23670917  0.23670917  0.20842956  0.20842956  0.23670917  0.20842956  0.23670917  0.23670917  0.25617664  0.25617664  0.25617664  0.25617664  0.29670712  0.27616635  0.33956950  0.30719381  0.31783018  0.39686567  0.39686567  0.40887318  0.35068171  0.35068171  0.35068171  0.40887318  0.36196214  0.31783018  0.29670712  0.42107735  0.43348473  0.43348473  0.49882354  0.61697672  0.58563624  0.61697672  0.58563624  0.58563624  0.39686567  0.38504858  0.38504858  0.39686567  0.39686567  0.40887318  0.40887318  0.40887318  0.42107735  0.40887318  0.33956950  0.31783018  0.35068171  0.36196214  0.33956950  0.29670712  0.30719381  0.35068171  0.44610219  0.37341596  0.42107735  0.39686567  0.39686567  0.39686567  0.39686567  0.40887318  0.39686567  0.39686567  0.38504858  0.31783018  0.27616635  0.29670712  0.28636596  0.28636596  0.29670712  0.33956950  0.31783018  0.37341596  0.37341596  0.37341596  0.37341596  0.37341596  0.36196214  0.37341596  0.35068171  0.32862056  0.33956950  0.36196214  0.32862056  0.35068171  0.33956950  0.52665233  0.51260804  0.36196214  0.40887318  0.37341596  0.43348473  0.49882354  0.49882354  0.55556084  0.51260804  0.49882354  0.49882354  0.51260804  0.51260804  0.49882354  0.49882354  0.52665233  0.60114173  0.45893698  0.49882354  0.52665233  0.52665233  0.54096641  0.47199671  0.49882354  0.40887318  0.60114173  0.60114173  0.55556084  0.44610219  0.51260804  0.47199671  0.44610219  0.48528941  0.48528941  0.54096641  0.49882354  0.55556084  0.55556084  0.55556084  0.52665233  0.51260804  0.49882354  0.51260804  0.51260804  0.48528941  0.48528941  0.60114173  0.60114173  0.45893698  0.40887318  0.40887318  0.42107735  0.40887318  0.40887318  0.43348473  0.43348473  0.49882354  0.47199671  0.49882354  0.48528941  0.47199671  0.49882354  0.47199671  0.48528941  0.45893698  0.45893698  0.44610219  0.45893698  0.49882354  0.48528941  0.47199671  0.52665233  0.51260804  0.48528941  0.49882354  
