16
35_13_0    0.00000000  0.07052626  0.06264430  0.06788971  0.06526242  0.24190900  0.22548899  0.21580704  0.22548899  0.22548899  0.26551907  0.25193661  0.23529774  0.28285101  0.29701125  0.25869705  
35_9_0     0.07052626  0.00000000  0.08924660  0.08385002  0.08654345  0.22548899  0.19681070  0.21902047  0.21260734  0.20624865  0.25530920  0.26895352  0.25530920  0.26895352  0.32988586  0.24523664  
16_9_0     0.06264430  0.08924660  0.00000000  0.00482319  0.00724648  0.25530920  0.22548899  0.22874432  0.22548899  0.23529774  0.23859607  0.24857913  0.22548899  0.25869705  0.32988586  0.27240379  
16_14_0    0.06788971  0.08385002  0.00482319  0.00000000  0.00724648  0.24857913  0.21902047  0.23201386  0.21902047  0.22874432  0.23529774  0.24523664  0.22874432  0.26210029  0.32988586  0.27587003  
1_9_0      0.06526242  0.08654345  0.00724648  0.00724648  0.00000000  0.25193661  0.22224775  0.22224775  0.22224775  0.23201386  0.24523664  0.25530920  0.23201386  0.26551907  0.32616106  0.27240379  
62_7_0     0.24190900  0.22548899  0.25530920  0.24857913  0.25193661  0.00000000  0.17220922  0.17524057  0.20308943  0.19994348  0.31144435  0.31876656  0.32988586  0.32245468  0.34497313  0.32988586  
62_6_0     0.22548899  0.19681070  0.22548899  0.21902047  0.22224775  0.17220922  0.00000000  0.17828425  0.16618306  0.17220922  0.28989767  0.28989767  0.29701125  0.31144435  0.34497313  0.27587003  
62_0_0     0.21580704  0.21902047  0.22874432  0.23201386  0.22224775  0.17524057  0.17828425  0.00000000  0.14839015  0.14546533  0.26895352  0.27935239  0.26895352  0.27240379  0.31876656  0.25869705  
57_0_0     0.22548899  0.21260734  0.22548899  0.21902047  0.22224775  0.20308943  0.16618306  0.14839015  0.00000000  0.01456375  0.25869705  0.27240379  0.28636605  0.32245468  0.32988586  0.27935239  
34_0_0     0.22548899  0.20624865  0.23529774  0.22874432  0.23201386  0.19994348  0.17220922  0.14546533  0.01456375  0.00000000  0.25530920  0.27240379  0.28989767  0.31144435  0.32988586  0.27240379  
6_0_0      0.26551907  0.25530920  0.23859607  0.23529774  0.24523664  0.31144435  0.28989767  0.26895352  0.25869705  0.25530920  0.00000000  0.06003531  0.10015783  0.17220922  0.20942124  0.15132644  
32_0_0     0.25193661  0.26895352  0.24857913  0.24523664  0.25530920  0.31876656  0.28989767  0.27935239  0.27240379  0.27240379  0.06003531  0.00000000  0.11402427  0.17220922  0.21260734  0.14839015  
32_1_0     0.23529774  0.25530920  0.22548899  0.22874432  0.23201386  0.32988586  0.29701125  0.26895352  0.28636605  0.28989767  0.10015783  0.11402427  0.00000000  0.13964973  0.20942124  0.15132644  
32_3_0     0.28285101  0.26895352  0.25869705  0.26210029  0.26551907  0.32245468  0.31144435  0.27240379  0.32245468  0.31144435  0.17220922  0.17220922  0.13964973  0.00000000  0.21580704  0.19994348  
6_1_0      0.29701125  0.32988586  0.32988586  0.32988586  0.32616106  0.34497313  0.34497313  0.31876656  0.32988586  0.32988586  0.20942124  0.21260734  0.20942124  0.21580704  0.00000000  0.22548899  
22_0_0     0.25869705  0.24523664  0.27240379  0.27587003  0.27240379  0.32988586  0.27587003  0.25869705  0.27935239  0.27240379  0.15132644  0.14839015  0.15132644  0.19994348  0.22548899  0.00000000  

