10
36_11_0    0.00000000  0.03572702  0.03572702  0.02965224  0.03572702  0.05425441  0.03572702  0.03572702  0.04185176  0.06053406  
24_11_0    0.03572702  0.00000000  0.06053406  0.05425441  0.04802727  0.07325444  0.05425441  0.06053406  0.04185176  0.07325444  
4_11_0     0.03572702  0.06053406  0.00000000  0.06686709  0.07325444  0.09275185  0.06686709  0.06686709  0.06686709  0.07969704  
22_16_0    0.02965224  0.05425441  0.06686709  0.00000000  0.02965224  0.02362660  0.06686709  0.05425441  0.06053406  0.09275185  
13_11_0    0.03572702  0.04802727  0.07325444  0.02965224  0.00000000  0.03572702  0.07325444  0.07325444  0.06686709  0.08619584  
22_11_0    0.05425441  0.07325444  0.09275185  0.02362660  0.03572702  0.00000000  0.07969704  0.06686709  0.07969704  0.09936608  
22_15_0    0.03572702  0.05425441  0.06686709  0.06686709  0.07325444  0.07969704  0.00000000  0.02965224  0.07325444  0.06686709  
13_15_0    0.03572702  0.06053406  0.06686709  0.05425441  0.07325444  0.06686709  0.02965224  0.00000000  0.06686709  0.07325444  
46_13_0    0.04185176  0.04185176  0.06686709  0.06053406  0.06686709  0.07969704  0.07325444  0.06686709  0.00000000  0.04185176  
46_14_0    0.06053406  0.07325444  0.07969704  0.09275185  0.08619584  0.09936608  0.06686709  0.07325444  0.04185176  0.00000000  

