20
11_0_0     0.00000000  0.02609534  0.04628844  0.04628844  0.06006297  0.50354318  0.52928649  0.55595681  0.56966094  0.52928649  0.54250162  0.52928649  0.51630300  0.68950742  0.70594939  0.73997048  0.65767947  0.56966094  0.62716297  0.62716297  
6_0_0      0.02609534  0.00000000  0.06006297  0.06006297  0.07409851  0.51630300  0.54250162  0.56966094  0.58362339  0.51630300  0.58362339  0.54250162  0.52928649  0.73997048  0.75758552  0.79412441  0.70594939  0.56966094  0.64226407  0.64226407  
14_0_0     0.04628844  0.06006297  0.00000000  0.01293276  0.03276539  0.49099944  0.49099944  0.54250162  0.52928649  0.47866459  0.51630300  0.52928649  0.51630300  0.68950742  0.70594939  0.79412441  0.67342251  0.56966094  0.62716297  0.62716297  
17_0_0     0.04628844  0.06006297  0.01293276  0.00000000  0.03949606  0.47866459  0.47866459  0.52928649  0.51630300  0.47866459  0.51630300  0.52928649  0.51630300  0.70594939  0.72276463  0.79412441  0.67342251  0.56966094  0.62716297  0.62716297  
5_0_0      0.06006297  0.07409851  0.03276539  0.03949606  0.00000000  0.50354318  0.50354318  0.50354318  0.54250162  0.47866459  0.49099944  0.50354318  0.51630300  0.62716297  0.64226407  0.73997048  0.65767947  0.54250162  0.62716297  0.62716297  
9_0_0      0.50354318  0.51630300  0.49099944  0.47866459  0.50354318  0.00000000  0.19712767  0.23136599  0.18058425  0.26726393  0.17244907  0.19712767  0.18058425  0.72276463  0.73997048  0.65767947  0.65767947  0.93839827  0.87309898  0.87309898  
18_0_0     0.52928649  0.54250162  0.49099944  0.47866459  0.50354318  0.19712767  0.00000000  0.09566345  0.10299357  0.20554002  0.14856625  0.17244907  0.15644194  0.72276463  0.73997048  0.72276463  0.68950742  0.87309898  0.81309278  0.77562969  
7_0_0      0.55595681  0.56966094  0.54250162  0.52928649  0.50354318  0.23136599  0.09566345  0.00000000  0.13306172  0.21404902  0.17244907  0.19712767  0.19712767  0.62716297  0.64226407  0.68950742  0.65767947  0.83255968  0.85255203  0.81309278  
16_0_0     0.56966094  0.58362339  0.52928649  0.51630300  0.54250162  0.18058425  0.10299357  0.13306172  0.00000000  0.21404902  0.15644194  0.18058425  0.18058425  0.65767947  0.70594939  0.68950742  0.67342251  0.75758552  0.83255968  0.79412441  
19_0_0     0.52928649  0.51630300  0.47866459  0.47866459  0.47866459  0.26726393  0.20554002  0.21404902  0.21404902  0.00000000  0.16440227  0.18880978  0.17244907  0.73997048  0.75758552  0.81309278  0.70594939  0.73997048  0.73997048  0.73997048  
15_0_0     0.54250162  0.58362339  0.51630300  0.51630300  0.49099944  0.17244907  0.14856625  0.17244907  0.15644194  0.16440227  0.00000000  0.03276539  0.03276539  0.70594939  0.68950742  0.70594939  0.67342251  0.68950742  0.77562969  0.77562969  
20_0_0     0.52928649  0.54250162  0.52928649  0.52928649  0.50354318  0.19712767  0.17244907  0.19712767  0.18058425  0.18880978  0.03276539  0.00000000  0.01293276  0.75758552  0.73997048  0.75758552  0.72276463  0.68950742  0.77562969  0.77562969  
8_0_0      0.51630300  0.52928649  0.51630300  0.51630300  0.51630300  0.18058425  0.15644194  0.19712767  0.18058425  0.17244907  0.03276539  0.01293276  0.00000000  0.77562969  0.75758552  0.77562969  0.70594939  0.72276463  0.73997048  0.73997048  
10_0_0     0.68950742  0.73997048  0.68950742  0.70594939  0.62716297  0.72276463  0.72276463  0.62716297  0.65767947  0.73997048  0.70594939  0.75758552  0.77562969  0.00000000  0.02609534  0.07409851  0.08840515  0.72276463  0.73997048  0.72276463  
12_0_0     0.70594939  0.75758552  0.70594939  0.72276463  0.64226407  0.73997048  0.73997048  0.64226407  0.70594939  0.75758552  0.68950742  0.73997048  0.75758552  0.02609534  0.00000000  0.08840515  0.10299357  0.73997048  0.77562969  0.75758552  
13_0_0     0.73997048  0.79412441  0.79412441  0.79412441  0.73997048  0.65767947  0.72276463  0.68950742  0.68950742  0.81309278  0.70594939  0.75758552  0.77562969  0.07409851  0.08840515  0.00000000  0.10299357  0.75758552  0.72276463  0.73997048  
4_0_0      0.65767947  0.70594939  0.67342251  0.67342251  0.65767947  0.65767947  0.68950742  0.65767947  0.67342251  0.70594939  0.67342251  0.72276463  0.70594939  0.08840515  0.10299357  0.10299357  0.00000000  0.72276463  0.65767947  0.64226407  
3_0_0      0.56966094  0.56966094  0.56966094  0.56966094  0.54250162  0.93839827  0.87309898  0.83255968  0.75758552  0.73997048  0.68950742  0.68950742  0.72276463  0.72276463  0.73997048  0.75758552  0.72276463  0.00000000  0.26726393  0.24909751  
2_0_0      0.62716297  0.64226407  0.62716297  0.62716297  0.62716297  0.87309898  0.81309278  0.85255203  0.83255968  0.73997048  0.77562969  0.77562969  0.73997048  0.73997048  0.77562969  0.72276463  0.65767947  0.26726393  0.00000000  0.01293276  
1_0_0      0.62716297  0.64226407  0.62716297  0.62716297  0.62716297  0.87309898  0.77562969  0.81309278  0.79412441  0.73997048  0.77562969  0.77562969  0.73997048  0.72276463  0.75758552  0.73997048  0.64226407  0.24909751  0.01293276  0.00000000  

