151
43_0_0     0.00000000  0.09100484  0.08592294  0.10127552  0.20676868  0.21276452  0.20676868  0.23725041  0.10646530  0.19492205  0.18326372  0.23725041  0.21880979  0.22490529  0.20676868  0.20676868  0.22490529  0.21276452  0.19492205  0.23105188  0.21276452  0.26258205  0.22490529  0.33002526  0.35152980  0.37368393  0.38121988  0.37368393  0.38121988  0.24350178  0.26905405  0.28881994  0.38121988  0.34429134  0.35152980  0.35152980  0.35152980  0.35884041  0.28881994  0.28881994  0.31603136  0.25616665  0.24980688  0.27558368  0.24350178  0.26905405  0.23725041  0.24350178  0.26905405  0.26258205  0.26258205  0.25616665  0.26905405  0.28217195  0.26905405  0.26905405  0.28217195  0.47826318  0.55091607  0.55091607  0.57026222  0.52282122  0.48696087  0.46966743  0.58013007  0.48696087  0.48696087  0.50467191  0.50467191  0.50467191  0.50467191  0.50467191  0.51369043  0.49576293  0.53206711  0.49576293  0.50467191  0.53206711  0.51369043  0.49576293  0.52282122  0.51369043  0.54143104  0.53206711  0.54143104  0.54143104  0.58013007  0.60027322  0.58013007  0.57026222  0.49576293  0.51369043  0.50467191  0.50467191  0.50467191  0.54143104  0.55091607  0.53206711  0.52282122  0.49576293  0.49576293  0.53206711  0.53206711  0.59013250  0.57026222  0.62098521  0.60027322  0.56052536  0.61055611  0.58013007  0.62098521  0.61055611  0.61055611  0.34429134  0.32299494  0.36622463  0.26905405  0.26258205  0.28217195  0.28217195  0.28217195  0.26905405  0.26258205  0.25616665  0.24980688  0.18326372  0.21880979  0.21276452  0.20676868  0.24350178  0.23105188  0.23105188  0.21276452  0.24350178  0.24350178  0.23725041  0.24350178  0.20676868  0.21276452  0.21276452  0.24350178  0.24980688  0.25616665  0.26258205  0.26905405  0.26258205  0.19492205  0.19492205  0.19492205  0.19492205  0.21880979  
72_0_0     0.09100484  0.00000000  0.01824302  0.06594027  0.17178781  0.16611649  0.17178781  0.19492205  0.09612220  0.18326372  0.14936099  0.21880979  0.20082144  0.20676868  0.20676868  0.19492205  0.21276452  0.20082144  0.18326372  0.23105188  0.22490529  0.27558368  0.23725041  0.28881994  0.29552874  0.33002526  0.32299494  0.33002526  0.33712361  0.22490529  0.23105188  0.25616665  0.38121988  0.34429134  0.35152980  0.35152980  0.35152980  0.35884041  0.28217195  0.28217195  0.28217195  0.23105188  0.22490529  0.23725041  0.21880979  0.24350178  0.21880979  0.22490529  0.24980688  0.24980688  0.24980688  0.24350178  0.24350178  0.25616665  0.24350178  0.24350178  0.26905405  0.42010673  0.50467191  0.50467191  0.52282122  0.42010673  0.43625771  0.40430374  0.55091607  0.45277236  0.45277236  0.46966743  0.46966743  0.47826318  0.47826318  0.47826318  0.48696087  0.48696087  0.51369043  0.46966743  0.46117125  0.47826318  0.46117125  0.51369043  0.50467191  0.49576293  0.48696087  0.47826318  0.48696087  0.48696087  0.55091607  0.57026222  0.57026222  0.56052536  0.46966743  0.48696087  0.47826318  0.47826318  0.47826318  0.51369043  0.52282122  0.50467191  0.49576293  0.47826318  0.47826318  0.51369043  0.50467191  0.50467191  0.52282122  0.59013250  0.55091607  0.53206711  0.58013007  0.53206711  0.58013007  0.59013250  0.59013250  0.31603136  0.28881994  0.36622463  0.21880979  0.21276452  0.23105188  0.24350178  0.22490529  0.21880979  0.21880979  0.22490529  0.20676868  0.14936099  0.18906972  0.17178781  0.17178781  0.18906972  0.18326372  0.18326372  0.16611649  0.21880979  0.19492205  0.18906972  0.19492205  0.17178781  0.16611649  0.16611649  0.22490529  0.21276452  0.21880979  0.23725041  0.23105188  0.22490529  0.18326372  0.18326372  0.18326372  0.18326372  0.17178781  
63_0_0     0.08592294  0.01824302  0.00000000  0.06594027  0.16048869  0.16611649  0.16048869  0.18326372  0.08592294  0.18326372  0.13839959  0.21880979  0.20082144  0.20676868  0.20676868  0.19492205  0.21276452  0.20082144  0.18326372  0.20676868  0.20082144  0.24980688  0.21276452  0.28881994  0.29552874  0.33002526  0.32299494  0.33002526  0.33712361  0.22490529  0.23105188  0.26905405  0.38121988  0.34429134  0.35152980  0.35152980  0.35152980  0.35884041  0.28217195  0.26905405  0.26905405  0.24350178  0.23725041  0.24980688  0.23105188  0.25616665  0.23105188  0.23725041  0.26258205  0.24980688  0.24980688  0.24350178  0.24350178  0.25616665  0.24350178  0.24350178  0.26905405  0.43625771  0.52282122  0.50467191  0.52282122  0.43625771  0.43625771  0.42010673  0.56052536  0.46117125  0.46117125  0.47826318  0.47826318  0.46966743  0.46966743  0.46966743  0.47826318  0.47826318  0.50467191  0.46117125  0.46966743  0.49576293  0.46966743  0.50467191  0.49576293  0.48696087  0.47826318  0.46966743  0.47826318  0.47826318  0.54143104  0.56052536  0.56052536  0.55091607  0.44446856  0.46117125  0.45277236  0.45277236  0.45277236  0.48696087  0.49576293  0.47826318  0.46966743  0.45277236  0.45277236  0.48696087  0.47826318  0.51369043  0.51369043  0.56052536  0.52282122  0.52282122  0.57026222  0.52282122  0.56052536  0.57026222  0.57026222  0.31603136  0.28881994  0.35152980  0.22490529  0.21880979  0.22490529  0.24980688  0.23105188  0.22490529  0.19492205  0.20082144  0.19492205  0.13839959  0.18906972  0.17178781  0.17178781  0.20082144  0.18326372  0.18326372  0.16611649  0.21880979  0.19492205  0.18906972  0.19492205  0.17178781  0.16611649  0.16611649  0.21276452  0.21276452  0.21880979  0.22490529  0.23105188  0.22490529  0.17178781  0.17178781  0.17178781  0.17178781  0.17178781  
84_34_0    0.10127552  0.06594027  0.06594027  0.00000000  0.16048869  0.16611649  0.16048869  0.18326372  0.07586356  0.19492205  0.12759960  0.18326372  0.17750332  0.17178781  0.17178781  0.16048869  0.17750332  0.17750332  0.14936099  0.19492205  0.18906972  0.21276452  0.20082144  0.27558368  0.28217195  0.31603136  0.32299494  0.31603136  0.32299494  0.17750332  0.23105188  0.21880979  0.35152980  0.33002526  0.33712361  0.33712361  0.33712361  0.33002526  0.26905405  0.26905405  0.28217195  0.24350178  0.23725041  0.23725041  0.23105188  0.25616665  0.19492205  0.20082144  0.22490529  0.23725041  0.23725041  0.23105188  0.23105188  0.24350178  0.23105188  0.23105188  0.25616665  0.43625771  0.48696087  0.50467191  0.52282122  0.43625771  0.45277236  0.43625771  0.55091607  0.45277236  0.45277236  0.46966743  0.46966743  0.47826318  0.47826318  0.47826318  0.48696087  0.48696087  0.51369043  0.46966743  0.48696087  0.48696087  0.49576293  0.51369043  0.48696087  0.47826318  0.50467191  0.49576293  0.50467191  0.50467191  0.55091607  0.55091607  0.57026222  0.56052536  0.48696087  0.48696087  0.47826318  0.47826318  0.47826318  0.51369043  0.52282122  0.50467191  0.49576293  0.46117125  0.46117125  0.53206711  0.48696087  0.50467191  0.52282122  0.59013250  0.53206711  0.55091607  0.52282122  0.53206711  0.55091607  0.56052536  0.56052536  0.31603136  0.30229947  0.33002526  0.20676868  0.21276452  0.21880979  0.23105188  0.21276452  0.19492205  0.21880979  0.22490529  0.20676868  0.14936099  0.18906972  0.18326372  0.19492205  0.21276452  0.20676868  0.20676868  0.17750332  0.20676868  0.19492205  0.18906972  0.19492205  0.19492205  0.18906972  0.18906972  0.21276452  0.21276452  0.21880979  0.23725041  0.23105188  0.22490529  0.18326372  0.18326372  0.18326372  0.18326372  0.19492205  
62_0_0     0.20676868  0.17178781  0.16048869  0.16048869  0.00000000  0.04170400  0.04648761  0.06594027  0.16048869  0.26905405  0.22490529  0.29552874  0.28881994  0.29552874  0.29552874  0.28217195  0.27558368  0.30229947  0.28217195  0.31603136  0.31603136  0.33002526  0.31603136  0.32299494  0.33002526  0.33712361  0.35884041  0.35152980  0.35152980  0.26905405  0.28881994  0.32299494  0.45277236  0.43625771  0.44446856  0.44446856  0.44446856  0.43625771  0.35152980  0.32299494  0.33712361  0.30913328  0.31603136  0.31603136  0.30913328  0.32299494  0.26258205  0.26905405  0.29552874  0.28881994  0.28881994  0.29552874  0.28217195  0.29552874  0.28217195  0.28217195  0.30913328  0.52282122  0.59013250  0.59013250  0.61055611  0.51369043  0.47826318  0.51369043  0.56052536  0.56052536  0.56052536  0.56052536  0.54143104  0.59013250  0.59013250  0.59013250  0.60027322  0.60027322  0.57026222  0.58013007  0.63156475  0.62098521  0.61055611  0.59013250  0.54143104  0.53206711  0.59013250  0.57026222  0.58013007  0.58013007  0.58013007  0.62098521  0.62098521  0.61055611  0.56052536  0.58013007  0.57026222  0.57026222  0.55091607  0.59013250  0.60027322  0.56052536  0.55091607  0.55091607  0.55091607  0.64229912  0.60027322  0.64229912  0.64229912  0.67547829  0.63156475  0.62098521  0.67547829  0.63156475  0.65319292  0.64229912  0.64229912  0.33712361  0.30913328  0.36622463  0.26905405  0.27558368  0.29552874  0.30913328  0.28881994  0.29552874  0.28881994  0.28881994  0.26258205  0.21276452  0.28881994  0.29552874  0.29552874  0.31603136  0.30913328  0.30229947  0.27558368  0.30229947  0.31603136  0.29552874  0.31603136  0.27558368  0.25616665  0.24980688  0.31603136  0.30913328  0.30229947  0.32299494  0.31603136  0.30913328  0.23725041  0.23725041  0.23725041  0.23725041  0.26258205  
68_0_0     0.21276452  0.16611649  0.16611649  0.16611649  0.04170400  0.00000000  0.03222937  0.05130262  0.18906972  0.24980688  0.24980688  0.31603136  0.30913328  0.31603136  0.31603136  0.30229947  0.30913328  0.32299494  0.30229947  0.33712361  0.33712361  0.36622463  0.33712361  0.35152980  0.35884041  0.36622463  0.38883406  0.38121988  0.38121988  0.30913328  0.33002526  0.33002526  0.50467191  0.43625771  0.44446856  0.44446856  0.44446856  0.43625771  0.38883406  0.35884041  0.37368393  0.33002526  0.33712361  0.33712361  0.33002526  0.33002526  0.28217195  0.28881994  0.31603136  0.32299494  0.32299494  0.31603136  0.31603136  0.33002526  0.31603136  0.31603136  0.31603136  0.54143104  0.60027322  0.60027322  0.62098521  0.52282122  0.48696087  0.52282122  0.57026222  0.54143104  0.54143104  0.54143104  0.52282122  0.59013250  0.59013250  0.59013250  0.60027322  0.60027322  0.57026222  0.58013007  0.62098521  0.62098521  0.60027322  0.59013250  0.56052536  0.55091607  0.59013250  0.57026222  0.58013007  0.58013007  0.60027322  0.62098521  0.66425097  0.65319292  0.54143104  0.56052536  0.55091607  0.55091607  0.53206711  0.57026222  0.58013007  0.54143104  0.53206711  0.53206711  0.53206711  0.61055611  0.58013007  0.62098521  0.64229912  0.67547829  0.63156475  0.60027322  0.64229912  0.60027322  0.66425097  0.65319292  0.65319292  0.31603136  0.28881994  0.34429134  0.26905405  0.27558368  0.29552874  0.30913328  0.28881994  0.29552874  0.30913328  0.30913328  0.26905405  0.22490529  0.30913328  0.30229947  0.30229947  0.30913328  0.31603136  0.30913328  0.29552874  0.33002526  0.34429134  0.30913328  0.34429134  0.30229947  0.27558368  0.26258205  0.34429134  0.31603136  0.30913328  0.34429134  0.32299494  0.31603136  0.26258205  0.26258205  0.26258205  0.26258205  0.28881994  
95_0_0     0.20676868  0.17178781  0.16048869  0.16048869  0.04648761  0.03222937  0.00000000  0.03695138  0.17178781  0.24350178  0.24350178  0.28217195  0.27558368  0.28217195  0.29552874  0.28217195  0.28881994  0.30229947  0.28217195  0.31603136  0.30229947  0.33002526  0.31603136  0.35884041  0.35152980  0.35884041  0.38121988  0.37368393  0.37368393  0.27558368  0.30913328  0.35152980  0.46117125  0.41216267  0.42010673  0.42010673  0.42010673  0.41216267  0.35152980  0.32299494  0.33712361  0.32299494  0.33002526  0.33002526  0.32299494  0.33712361  0.27558368  0.28217195  0.30913328  0.30229947  0.30229947  0.29552874  0.29552874  0.30913328  0.29552874  0.29552874  0.29552874  0.52282122  0.58013007  0.58013007  0.60027322  0.52282122  0.50467191  0.54143104  0.59013250  0.53206711  0.53206711  0.53206711  0.51369043  0.54143104  0.56052536  0.56052536  0.57026222  0.57026222  0.56052536  0.55091607  0.60027322  0.59013250  0.57026222  0.56052536  0.49576293  0.48696087  0.54143104  0.54143104  0.53206711  0.53206711  0.55091607  0.59013250  0.60027322  0.60027322  0.53206711  0.53206711  0.52282122  0.52282122  0.50467191  0.54143104  0.55091607  0.51369043  0.50467191  0.50467191  0.50467191  0.56052536  0.53206711  0.61055611  0.61055611  0.60027322  0.58013007  0.57026222  0.63156475  0.57026222  0.63156475  0.62098521  0.62098521  0.29552874  0.26905405  0.33712361  0.25616665  0.26258205  0.28217195  0.29552874  0.27558368  0.28217195  0.31603136  0.31603136  0.27558368  0.23105188  0.28881994  0.28217195  0.28217195  0.31603136  0.29552874  0.28881994  0.27558368  0.30913328  0.32299494  0.28881994  0.32299494  0.29552874  0.26905405  0.25616665  0.30913328  0.32299494  0.31603136  0.32299494  0.31603136  0.30913328  0.25616665  0.25616665  0.25616665  0.25616665  0.28217195  
95_33_0    0.23725041  0.19492205  0.18326372  0.18326372  0.06594027  0.05130262  0.03695138  0.00000000  0.18326372  0.26905405  0.25616665  0.30913328  0.31603136  0.30913328  0.30913328  0.29552874  0.30229947  0.31603136  0.29552874  0.33002526  0.33002526  0.34429134  0.33002526  0.37368393  0.38121988  0.38883406  0.41216267  0.40430374  0.40430374  0.30229947  0.33712361  0.36622463  0.49576293  0.44446856  0.45277236  0.45277236  0.45277236  0.44446856  0.41216267  0.36622463  0.38121988  0.35152980  0.35884041  0.35884041  0.35152980  0.36622463  0.30229947  0.30913328  0.33712361  0.33002526  0.33002526  0.32299494  0.32299494  0.33712361  0.32299494  0.32299494  0.32299494  0.57026222  0.59013250  0.57026222  0.59013250  0.55091607  0.47826318  0.49576293  0.58013007  0.54143104  0.54143104  0.54143104  0.52282122  0.55091607  0.55091607  0.55091607  0.56052536  0.56052536  0.55091607  0.54143104  0.61055611  0.60027322  0.58013007  0.57026222  0.52282122  0.51369043  0.57026222  0.56052536  0.55091607  0.56052536  0.54143104  0.58013007  0.60027322  0.59013250  0.54143104  0.54143104  0.53206711  0.53206711  0.51369043  0.55091607  0.56052536  0.52282122  0.51369043  0.51369043  0.51369043  0.59013250  0.54143104  0.62098521  0.62098521  0.63156475  0.59013250  0.58013007  0.60027322  0.58013007  0.63156475  0.62098521  0.62098521  0.32299494  0.29552874  0.35152980  0.29552874  0.30229947  0.30913328  0.33002526  0.30229947  0.30913328  0.34429134  0.34429134  0.31603136  0.26905405  0.33712361  0.33002526  0.33002526  0.35152980  0.34429134  0.33712361  0.32299494  0.34429134  0.35884041  0.32299494  0.35884041  0.33002526  0.30229947  0.28881994  0.34429134  0.35884041  0.35152980  0.37368393  0.36622463  0.35884041  0.28881994  0.28881994  0.28881994  0.28881994  0.31603136  
47_0_0     0.10646530  0.09612220  0.08592294  0.07586356  0.16048869  0.18906972  0.17178781  0.18326372  0.00000000  0.13839959  0.09100484  0.20676868  0.20082144  0.19492205  0.14936099  0.16048869  0.16611649  0.16611649  0.14936099  0.18326372  0.17750332  0.20082144  0.17750332  0.27558368  0.26905405  0.31603136  0.32299494  0.31603136  0.30913328  0.20082144  0.20676868  0.23105188  0.33712361  0.33002526  0.33712361  0.33712361  0.33712361  0.33002526  0.25616665  0.25616665  0.28217195  0.20676868  0.20082144  0.20082144  0.19492205  0.21880979  0.18326372  0.18906972  0.21276452  0.21276452  0.21276452  0.21880979  0.19492205  0.20676868  0.19492205  0.19492205  0.23105188  0.45277236  0.52282122  0.50467191  0.52282122  0.45277236  0.46966743  0.45277236  0.57026222  0.45277236  0.45277236  0.46966743  0.45277236  0.49576293  0.49576293  0.49576293  0.50467191  0.50467191  0.47826318  0.48696087  0.48696087  0.47826318  0.48696087  0.47826318  0.48696087  0.47826318  0.50467191  0.51369043  0.50467191  0.50467191  0.53206711  0.51369043  0.59013250  0.56052536  0.48696087  0.50467191  0.49576293  0.49576293  0.47826318  0.53206711  0.52282122  0.52282122  0.51369043  0.47826318  0.47826318  0.51369043  0.50467191  0.60027322  0.60027322  0.59013250  0.57026222  0.57026222  0.58013007  0.57026222  0.57026222  0.58013007  0.58013007  0.28217195  0.27558368  0.30229947  0.21276452  0.21880979  0.21276452  0.21276452  0.20676868  0.20082144  0.22490529  0.21880979  0.20676868  0.13839959  0.18906972  0.18326372  0.17178781  0.21276452  0.19492205  0.19492205  0.17750332  0.17750332  0.20676868  0.18906972  0.19492205  0.17178781  0.17750332  0.18906972  0.21276452  0.23725041  0.24350178  0.23725041  0.24350178  0.23725041  0.16048869  0.16048869  0.16048869  0.16048869  0.19492205  
96_0_0     0.19492205  0.18326372  0.18326372  0.19492205  0.26905405  0.24980688  0.24350178  0.26905405  0.13839959  0.00000000  0.21880979  0.28881994  0.29552874  0.30229947  0.24980688  0.24980688  0.24350178  0.25616665  0.23725041  0.28881994  0.28217195  0.29552874  0.26905405  0.41216267  0.38883406  0.44446856  0.45277236  0.44446856  0.44446856  0.30229947  0.30913328  0.32299494  0.39652812  0.35884041  0.36622463  0.36622463  0.36622463  0.37368393  0.32299494  0.32299494  0.32299494  0.26258205  0.24350178  0.25616665  0.24980688  0.27558368  0.24350178  0.24980688  0.26258205  0.30229947  0.30229947  0.30913328  0.28217195  0.29552874  0.28217195  0.28217195  0.30229947  0.45277236  0.54143104  0.52282122  0.54143104  0.48696087  0.49576293  0.47826318  0.58013007  0.45277236  0.45277236  0.46966743  0.45277236  0.51369043  0.51369043  0.51369043  0.52282122  0.52282122  0.49576293  0.52282122  0.48696087  0.48696087  0.46966743  0.49576293  0.54143104  0.55091607  0.56052536  0.55091607  0.54143104  0.56052536  0.54143104  0.54143104  0.57026222  0.54143104  0.48696087  0.50467191  0.49576293  0.49576293  0.47826318  0.58013007  0.59013250  0.55091607  0.54143104  0.49576293  0.49576293  0.50467191  0.52282122  0.58013007  0.58013007  0.59013250  0.57026222  0.55091607  0.60027322  0.59013250  0.64229912  0.67547829  0.67547829  0.35152980  0.32299494  0.35152980  0.31603136  0.32299494  0.30229947  0.30229947  0.31603136  0.30913328  0.32299494  0.31603136  0.32299494  0.20676868  0.27558368  0.25616665  0.24350178  0.23725041  0.23105188  0.23105188  0.24980688  0.24350178  0.24980688  0.24980688  0.26905405  0.28217195  0.25616665  0.26258205  0.23725041  0.23105188  0.22490529  0.24350178  0.23725041  0.23105188  0.21276452  0.21276452  0.21276452  0.21276452  0.24350178  
96_35_0    0.18326372  0.14936099  0.13839959  0.12759960  0.22490529  0.24980688  0.24350178  0.25616665  0.09100484  0.21880979  0.00000000  0.24350178  0.23725041  0.23105188  0.21276452  0.21276452  0.20676868  0.21880979  0.18906972  0.24350178  0.22490529  0.25616665  0.23105188  0.29552874  0.30229947  0.32299494  0.33002526  0.32299494  0.31603136  0.23725041  0.24350178  0.28217195  0.39652812  0.38883406  0.39652812  0.39652812  0.39652812  0.38883406  0.30913328  0.32299494  0.33712361  0.28881994  0.28217195  0.28217195  0.27558368  0.28881994  0.24980688  0.25616665  0.28217195  0.25616665  0.25616665  0.26258205  0.23725041  0.26258205  0.23725041  0.23725041  0.26258205  0.46117125  0.55091607  0.53206711  0.55091607  0.50467191  0.52282122  0.48696087  0.54143104  0.46966743  0.46966743  0.48696087  0.46966743  0.48696087  0.48696087  0.48696087  0.49576293  0.49576293  0.51369043  0.47826318  0.50467191  0.49576293  0.50467191  0.46966743  0.51369043  0.52282122  0.53206711  0.54143104  0.55091607  0.53206711  0.54143104  0.52282122  0.59013250  0.56052536  0.47826318  0.49576293  0.48696087  0.48696087  0.47826318  0.52282122  0.51369043  0.51369043  0.50467191  0.46966743  0.46966743  0.50467191  0.49576293  0.56052536  0.56052536  0.58013007  0.56052536  0.58013007  0.57026222  0.56052536  0.54143104  0.55091607  0.55091607  0.33002526  0.33712361  0.38121988  0.30229947  0.30913328  0.30229947  0.31603136  0.29552874  0.28881994  0.26905405  0.27558368  0.24980688  0.17750332  0.21880979  0.22490529  0.22490529  0.26905405  0.23725041  0.23725041  0.21880979  0.23105188  0.23725041  0.22490529  0.23725041  0.22490529  0.21276452  0.23105188  0.26905405  0.27558368  0.28217195  0.26258205  0.28217195  0.27558368  0.21276452  0.21276452  0.21276452  0.21276452  0.23725041  
52_22_0    0.23725041  0.21880979  0.21880979  0.18326372  0.29552874  0.31603136  0.28217195  0.30913328  0.20676868  0.28881994  0.24350178  0.00000000  0.01363955  0.00906479  0.11695633  0.10646530  0.10646530  0.12759960  0.11695633  0.19492205  0.17750332  0.21276452  0.16611649  0.21276452  0.21276452  0.25616665  0.26258205  0.25616665  0.25616665  0.12759960  0.15490374  0.16611649  0.29552874  0.29552874  0.28881994  0.28881994  0.28881994  0.28217195  0.18906972  0.20082144  0.21276452  0.20676868  0.20082144  0.21276452  0.19492205  0.21880979  0.16611649  0.17178781  0.18326372  0.16048869  0.16048869  0.14385982  0.16611649  0.19492205  0.16611649  0.16611649  0.21276452  0.44446856  0.42813776  0.44446856  0.46117125  0.42813776  0.51369043  0.48696087  0.62098521  0.50467191  0.50467191  0.51369043  0.54143104  0.51369043  0.51369043  0.51369043  0.54143104  0.54143104  0.52282122  0.50467191  0.55091607  0.56052536  0.52282122  0.55091607  0.52282122  0.51369043  0.56052536  0.60027322  0.59013250  0.55091607  0.60027322  0.64229912  0.60027322  0.59013250  0.53206711  0.53206711  0.52282122  0.52282122  0.50467191  0.56052536  0.57026222  0.55091607  0.54143104  0.52282122  0.52282122  0.58013007  0.55091607  0.60027322  0.60027322  0.62098521  0.59013250  0.55091607  0.56052536  0.55091607  0.61055611  0.58013007  0.58013007  0.45277236  0.42010673  0.46966743  0.31603136  0.32299494  0.33002526  0.34429134  0.30913328  0.31603136  0.33712361  0.33002526  0.33712361  0.25616665  0.29552874  0.29552874  0.29552874  0.34429134  0.29552874  0.29552874  0.27558368  0.33712361  0.32299494  0.31603136  0.32299494  0.29552874  0.27558368  0.28881994  0.28217195  0.31603136  0.30913328  0.33002526  0.32299494  0.33002526  0.26905405  0.26905405  0.26905405  0.26905405  0.29552874  
61_22_0    0.21880979  0.20082144  0.20082144  0.17750332  0.28881994  0.30913328  0.27558368  0.31603136  0.20082144  0.29552874  0.23725041  0.01363955  0.00000000  0.00451839  0.11169206  0.10127552  0.11169206  0.12225866  0.11169206  0.18906972  0.17178781  0.20676868  0.16048869  0.21880979  0.21880979  0.26258205  0.26905405  0.26258205  0.25616665  0.12225866  0.14936099  0.16048869  0.28881994  0.28881994  0.28217195  0.28217195  0.28217195  0.27558368  0.18326372  0.19492205  0.20676868  0.20082144  0.19492205  0.20676868  0.18906972  0.21276452  0.17178781  0.17750332  0.20082144  0.15490374  0.15490374  0.13839959  0.16048869  0.18906972  0.16048869  0.16048869  0.20676868  0.45277236  0.45277236  0.46966743  0.48696087  0.43625771  0.52282122  0.49576293  0.62098521  0.51369043  0.51369043  0.52282122  0.55091607  0.52282122  0.52282122  0.52282122  0.55091607  0.55091607  0.55091607  0.51369043  0.54143104  0.57026222  0.53206711  0.56052536  0.53206711  0.52282122  0.57026222  0.61055611  0.60027322  0.56052536  0.61055611  0.65319292  0.61055611  0.60027322  0.52282122  0.52282122  0.51369043  0.51369043  0.49576293  0.55091607  0.56052536  0.54143104  0.53206711  0.53206711  0.53206711  0.57026222  0.56052536  0.59013250  0.59013250  0.61055611  0.58013007  0.56052536  0.57026222  0.54143104  0.62098521  0.59013250  0.59013250  0.44446856  0.41216267  0.47826318  0.30913328  0.31603136  0.32299494  0.33712361  0.31603136  0.32299494  0.31603136  0.30913328  0.31603136  0.23725041  0.27558368  0.27558368  0.27558368  0.33712361  0.28881994  0.28881994  0.25616665  0.31603136  0.31603136  0.30913328  0.31603136  0.27558368  0.25616665  0.26905405  0.27558368  0.30913328  0.31603136  0.32299494  0.31603136  0.32299494  0.24980688  0.24980688  0.24980688  0.24980688  0.27558368  
92_22_0    0.22490529  0.20676868  0.20676868  0.17178781  0.29552874  0.31603136  0.28217195  0.30913328  0.19492205  0.30229947  0.23105188  0.00906479  0.00451839  0.00000000  0.10646530  0.09612220  0.10646530  0.11695633  0.10646530  0.18326372  0.16611649  0.20082144  0.15490374  0.21276452  0.21276452  0.25616665  0.26258205  0.25616665  0.24980688  0.11695633  0.14385982  0.15490374  0.28217195  0.28217195  0.27558368  0.27558368  0.27558368  0.26905405  0.18906972  0.20082144  0.21276452  0.19492205  0.18906972  0.20082144  0.18326372  0.20676868  0.16611649  0.17178781  0.19492205  0.14936099  0.14936099  0.13297972  0.15490374  0.18326372  0.15490374  0.15490374  0.20082144  0.46117125  0.44446856  0.46117125  0.47826318  0.44446856  0.53206711  0.48696087  0.62098521  0.50467191  0.50467191  0.51369043  0.54143104  0.51369043  0.51369043  0.51369043  0.54143104  0.54143104  0.54143104  0.50467191  0.53206711  0.56052536  0.52282122  0.55091607  0.52282122  0.51369043  0.56052536  0.60027322  0.59013250  0.55091607  0.60027322  0.64229912  0.60027322  0.59013250  0.53206711  0.53206711  0.52282122  0.52282122  0.50467191  0.56052536  0.57026222  0.55091607  0.54143104  0.52282122  0.52282122  0.58013007  0.55091607  0.60027322  0.60027322  0.62098521  0.59013250  0.57026222  0.56052536  0.55091607  0.61055611  0.58013007  0.58013007  0.43625771  0.42010673  0.46966743  0.31603136  0.32299494  0.33002526  0.34429134  0.30913328  0.31603136  0.32299494  0.31603136  0.32299494  0.24350178  0.28217195  0.28217195  0.28217195  0.34429134  0.29552874  0.29552874  0.26258205  0.32299494  0.30913328  0.30229947  0.30913328  0.28217195  0.26258205  0.27558368  0.28217195  0.31603136  0.32299494  0.33002526  0.32299494  0.33002526  0.25616665  0.25616665  0.25616665  0.25616665  0.28217195  
86_23_0    0.20676868  0.20676868  0.20676868  0.17178781  0.29552874  0.31603136  0.29552874  0.30913328  0.14936099  0.24980688  0.21276452  0.11695633  0.11169206  0.10646530  0.00000000  0.00906479  0.05130262  0.04170400  0.04170400  0.17750332  0.16048869  0.17750332  0.16048869  0.26258205  0.24980688  0.29552874  0.30229947  0.29552874  0.26258205  0.15490374  0.15490374  0.18906972  0.33002526  0.28881994  0.29552874  0.29552874  0.29552874  0.28881994  0.20082144  0.22490529  0.23725041  0.22490529  0.20676868  0.21880979  0.21276452  0.23725041  0.16611649  0.17178781  0.19492205  0.14936099  0.14936099  0.14936099  0.16611649  0.18326372  0.16611649  0.16611649  0.20082144  0.49576293  0.47826318  0.47826318  0.49576293  0.47826318  0.58013007  0.50467191  0.59013250  0.46117125  0.46117125  0.46117125  0.48696087  0.47826318  0.47826318  0.47826318  0.50467191  0.50467191  0.49576293  0.48696087  0.49576293  0.50467191  0.49576293  0.48696087  0.52282122  0.51369043  0.53206711  0.53206711  0.52282122  0.52282122  0.58013007  0.58013007  0.62098521  0.59013250  0.50467191  0.52282122  0.51369043  0.51369043  0.49576293  0.54143104  0.53206711  0.55091607  0.54143104  0.49576293  0.49576293  0.55091607  0.52282122  0.59013250  0.59013250  0.63156475  0.58013007  0.53206711  0.53206711  0.52282122  0.59013250  0.56052536  0.56052536  0.37368393  0.38121988  0.42813776  0.32299494  0.33002526  0.30913328  0.30913328  0.30229947  0.30913328  0.29552874  0.27558368  0.28881994  0.21880979  0.23725041  0.23725041  0.23725041  0.29552874  0.24980688  0.26258205  0.24350178  0.26905405  0.27558368  0.26905405  0.27558368  0.26905405  0.25616665  0.25616665  0.28881994  0.30229947  0.30913328  0.30229947  0.30229947  0.30229947  0.22490529  0.22490529  0.22490529  0.22490529  0.24980688  
100_23_0   0.20676868  0.19492205  0.19492205  0.16048869  0.28217195  0.30229947  0.28217195  0.29552874  0.16048869  0.24980688  0.21276452  0.10646530  0.10127552  0.09612220  0.00906479  0.00000000  0.04170400  0.04170400  0.03222937  0.17750332  0.16048869  0.17750332  0.16048869  0.26258205  0.24980688  0.29552874  0.30229947  0.29552874  0.26258205  0.14385982  0.14385982  0.17750332  0.33002526  0.28881994  0.29552874  0.29552874  0.29552874  0.28881994  0.20082144  0.22490529  0.23725041  0.21276452  0.19492205  0.20676868  0.20082144  0.22490529  0.16611649  0.17178781  0.19492205  0.13839959  0.13839959  0.13839959  0.15490374  0.17178781  0.15490374  0.15490374  0.18906972  0.49576293  0.47826318  0.47826318  0.49576293  0.47826318  0.58013007  0.50467191  0.60027322  0.45277236  0.45277236  0.45277236  0.47826318  0.46966743  0.46966743  0.46966743  0.49576293  0.49576293  0.48696087  0.47826318  0.48696087  0.51369043  0.48696087  0.49576293  0.51369043  0.50467191  0.52282122  0.52282122  0.51369043  0.51369043  0.57026222  0.59013250  0.61055611  0.58013007  0.49576293  0.51369043  0.50467191  0.50467191  0.48696087  0.53206711  0.54143104  0.54143104  0.53206711  0.48696087  0.48696087  0.56052536  0.51369043  0.58013007  0.58013007  0.62098521  0.57026222  0.52282122  0.52282122  0.51369043  0.60027322  0.57026222  0.57026222  0.36622463  0.36622463  0.42813776  0.30913328  0.31603136  0.29552874  0.30913328  0.28881994  0.29552874  0.28881994  0.28217195  0.28881994  0.20676868  0.23725041  0.23725041  0.24980688  0.29552874  0.24980688  0.26258205  0.23105188  0.26258205  0.26258205  0.25616665  0.26258205  0.25616665  0.24350178  0.24350178  0.27558368  0.28881994  0.29552874  0.28881994  0.28881994  0.28881994  0.22490529  0.22490529  0.22490529  0.22490529  0.23725041  
99_22_0    0.22490529  0.21276452  0.21276452  0.17750332  0.27558368  0.30913328  0.28881994  0.30229947  0.16611649  0.24350178  0.20676868  0.10646530  0.11169206  0.10646530  0.05130262  0.04170400  0.00000000  0.02753756  0.03222937  0.18326372  0.15490374  0.17750332  0.15490374  0.27558368  0.25616665  0.28881994  0.29552874  0.28881994  0.27558368  0.16611649  0.17178781  0.18326372  0.32299494  0.33002526  0.32299494  0.32299494  0.32299494  0.31603136  0.20676868  0.23105188  0.24350178  0.23105188  0.21276452  0.22490529  0.21880979  0.24350178  0.17178781  0.17750332  0.17750332  0.16048869  0.16048869  0.16611649  0.17750332  0.19492205  0.17750332  0.17750332  0.21276452  0.48696087  0.46966743  0.46966743  0.48696087  0.43625771  0.53206711  0.47826318  0.62098521  0.45277236  0.45277236  0.46117125  0.46966743  0.49576293  0.47826318  0.47826318  0.50467191  0.50467191  0.49576293  0.48696087  0.50467191  0.51369043  0.48696087  0.49576293  0.50467191  0.49576293  0.51369043  0.53206711  0.52282122  0.50467191  0.54143104  0.58013007  0.60027322  0.55091607  0.51369043  0.53206711  0.52282122  0.52282122  0.50467191  0.55091607  0.56052536  0.56052536  0.55091607  0.50467191  0.50467191  0.57026222  0.53206711  0.61055611  0.61055611  0.65319292  0.60027322  0.53206711  0.54143104  0.53206711  0.58013007  0.55091607  0.55091607  0.36622463  0.35152980  0.42813776  0.30229947  0.30913328  0.28881994  0.30229947  0.28217195  0.28881994  0.29552874  0.28881994  0.29552874  0.20082144  0.24350178  0.24980688  0.26258205  0.30913328  0.26258205  0.27558368  0.24350178  0.24980688  0.26258205  0.25616665  0.26258205  0.26258205  0.24350178  0.25616665  0.27558368  0.27558368  0.26905405  0.28881994  0.29552874  0.28881994  0.22490529  0.22490529  0.22490529  0.22490529  0.23725041  
94_22_0    0.21276452  0.20082144  0.20082144  0.17750332  0.30229947  0.32299494  0.30229947  0.31603136  0.16611649  0.25616665  0.21880979  0.12759960  0.12225866  0.11695633  0.04170400  0.04170400  0.02753756  0.00000000  0.04170400  0.17178781  0.15490374  0.17750332  0.15490374  0.30229947  0.28217195  0.31603136  0.30913328  0.31603136  0.29552874  0.17750332  0.17178781  0.20676868  0.33712361  0.31603136  0.32299494  0.32299494  0.32299494  0.31603136  0.20676868  0.23105188  0.24350178  0.24350178  0.22490529  0.23725041  0.23105188  0.25616665  0.18326372  0.18906972  0.18906972  0.17178781  0.17178781  0.16611649  0.18906972  0.20676868  0.18906972  0.18906972  0.22490529  0.46966743  0.45277236  0.45277236  0.46966743  0.43625771  0.53206711  0.46117125  0.62098521  0.46117125  0.46117125  0.46966743  0.49576293  0.50467191  0.48696087  0.48696087  0.51369043  0.51369043  0.50467191  0.49576293  0.50467191  0.53206711  0.50467191  0.52282122  0.53206711  0.52282122  0.52282122  0.52282122  0.51369043  0.51369043  0.55091607  0.57026222  0.61055611  0.56052536  0.48696087  0.50467191  0.49576293  0.49576293  0.47826318  0.52282122  0.53206711  0.53206711  0.52282122  0.49576293  0.49576293  0.54143104  0.50467191  0.58013007  0.58013007  0.62098521  0.57026222  0.52282122  0.51369043  0.50467191  0.61055611  0.58013007  0.58013007  0.35152980  0.35152980  0.41216267  0.30229947  0.30913328  0.28881994  0.28881994  0.28217195  0.28881994  0.28217195  0.26258205  0.28217195  0.18906972  0.23105188  0.23725041  0.23725041  0.29552874  0.24980688  0.26258205  0.23105188  0.23725041  0.24980688  0.24350178  0.24980688  0.24980688  0.23105188  0.23105188  0.26258205  0.26258205  0.26905405  0.27558368  0.28217195  0.27558368  0.21276452  0.21276452  0.21276452  0.21276452  0.22490529  
99_24_0    0.19492205  0.18326372  0.18326372  0.14936099  0.28217195  0.30229947  0.28217195  0.29552874  0.14936099  0.23725041  0.18906972  0.11695633  0.11169206  0.10646530  0.04170400  0.03222937  0.03222937  0.04170400  0.00000000  0.17750332  0.14936099  0.16048869  0.14936099  0.26258205  0.24980688  0.29552874  0.30229947  0.29552874  0.28217195  0.14936099  0.16611649  0.18906972  0.32299494  0.30229947  0.29552874  0.29552874  0.29552874  0.28881994  0.21276452  0.23725041  0.24980688  0.22490529  0.20676868  0.21880979  0.21276452  0.23725041  0.18906972  0.19492205  0.20676868  0.15490374  0.15490374  0.16048869  0.17178781  0.18906972  0.17178781  0.17178781  0.19492205  0.52282122  0.50467191  0.50467191  0.52282122  0.45277236  0.55091607  0.47826318  0.63156475  0.46117125  0.46117125  0.45277236  0.47826318  0.46966743  0.46966743  0.46966743  0.49576293  0.49576293  0.48696087  0.47826318  0.48696087  0.51369043  0.48696087  0.51369043  0.49576293  0.48696087  0.49576293  0.52282122  0.51369043  0.49576293  0.52282122  0.56052536  0.56052536  0.53206711  0.50467191  0.52282122  0.51369043  0.51369043  0.49576293  0.56052536  0.57026222  0.55091607  0.54143104  0.49576293  0.49576293  0.55091607  0.52282122  0.58013007  0.58013007  0.62098521  0.57026222  0.52282122  0.53206711  0.52282122  0.59013250  0.58013007  0.58013007  0.35884041  0.34429134  0.42010673  0.28217195  0.28881994  0.26905405  0.28217195  0.27558368  0.26905405  0.26258205  0.26905405  0.27558368  0.18326372  0.23725041  0.23105188  0.23105188  0.27558368  0.23105188  0.24350178  0.21276452  0.23105188  0.23105188  0.22490529  0.23105188  0.23105188  0.21276452  0.22490529  0.25616665  0.26905405  0.27558368  0.26905405  0.28881994  0.26905405  0.20676868  0.20676868  0.20676868  0.20676868  0.21276452  
94_19_0    0.23105188  0.23105188  0.20676868  0.19492205  0.31603136  0.33712361  0.31603136  0.33002526  0.18326372  0.28881994  0.24350178  0.19492205  0.18906972  0.18326372  0.17750332  0.17750332  0.18326372  0.17178781  0.17750332  0.00000000  0.03695138  0.11169206  0.05614945  0.28217195  0.27558368  0.32299494  0.33002526  0.33712361  0.31603136  0.18326372  0.20082144  0.20082144  0.33002526  0.30913328  0.31603136  0.31603136  0.31603136  0.30913328  0.20676868  0.21880979  0.24350178  0.23725041  0.23105188  0.24350178  0.23725041  0.24980688  0.20676868  0.21276452  0.22490529  0.17750332  0.17750332  0.18326372  0.18326372  0.21276452  0.18326372  0.18326372  0.21880979  0.52282122  0.49576293  0.46966743  0.48696087  0.49576293  0.48696087  0.46117125  0.60027322  0.55091607  0.55091607  0.54143104  0.57026222  0.52282122  0.52282122  0.52282122  0.55091607  0.54143104  0.56052536  0.53206711  0.51369043  0.52282122  0.53206711  0.57026222  0.55091607  0.54143104  0.57026222  0.60027322  0.59013250  0.57026222  0.55091607  0.57026222  0.61055611  0.58013007  0.48696087  0.50467191  0.49576293  0.49576293  0.51369043  0.54143104  0.55091607  0.53206711  0.54143104  0.51369043  0.51369043  0.54143104  0.50467191  0.60027322  0.60027322  0.57026222  0.57026222  0.56052536  0.54143104  0.53206711  0.56052536  0.55091607  0.55091607  0.38121988  0.36622463  0.38121988  0.32299494  0.33002526  0.29552874  0.30913328  0.33002526  0.30913328  0.29552874  0.28881994  0.31603136  0.23105188  0.31603136  0.30913328  0.29552874  0.33002526  0.30913328  0.32299494  0.30229947  0.32299494  0.30913328  0.31603136  0.33712361  0.29552874  0.28881994  0.30229947  0.31603136  0.30913328  0.31603136  0.30913328  0.31603136  0.30913328  0.26905405  0.26905405  0.26905405  0.26905405  0.29552874  
99_19_0    0.21276452  0.22490529  0.20082144  0.18906972  0.31603136  0.33712361  0.30229947  0.33002526  0.17750332  0.28217195  0.22490529  0.17750332  0.17178781  0.16611649  0.16048869  0.16048869  0.15490374  0.15490374  0.14936099  0.03695138  0.00000000  0.08087600  0.02753756  0.26258205  0.24350178  0.28881994  0.30913328  0.30229947  0.29552874  0.16611649  0.19492205  0.18326372  0.30229947  0.29552874  0.30229947  0.30229947  0.30229947  0.29552874  0.18326372  0.19492205  0.21880979  0.21880979  0.21276452  0.22490529  0.21880979  0.23105188  0.18906972  0.19492205  0.19492205  0.16048869  0.16048869  0.16611649  0.17750332  0.20676868  0.17750332  0.17750332  0.21276452  0.51369043  0.48696087  0.46117125  0.47826318  0.48696087  0.49576293  0.45277236  0.58013007  0.51369043  0.51369043  0.52282122  0.53206711  0.46966743  0.48696087  0.48696087  0.51369043  0.50467191  0.52282122  0.49576293  0.47826318  0.50467191  0.49576293  0.53206711  0.49576293  0.48696087  0.53206711  0.56052536  0.55091607  0.53206711  0.53206711  0.57026222  0.58013007  0.56052536  0.48696087  0.50467191  0.49576293  0.49576293  0.51369043  0.54143104  0.55091607  0.53206711  0.54143104  0.47826318  0.47826318  0.53206711  0.48696087  0.60027322  0.60027322  0.56052536  0.57026222  0.54143104  0.54143104  0.52282122  0.52282122  0.51369043  0.51369043  0.35152980  0.33712361  0.38121988  0.31603136  0.32299494  0.28881994  0.30229947  0.32299494  0.30229947  0.27558368  0.26905405  0.30229947  0.21276452  0.28217195  0.27558368  0.26258205  0.32299494  0.27558368  0.28881994  0.26905405  0.30229947  0.27558368  0.28217195  0.30229947  0.27558368  0.26905405  0.28217195  0.29552874  0.28881994  0.29552874  0.27558368  0.28217195  0.27558368  0.23725041  0.23725041  0.23725041  0.23725041  0.27558368  
