13
19_0_0     0.00000000  0.05920631  0.08433541  0.06540616  0.08433541  0.04696579  0.05920631  0.18733079  0.18733079  0.18733079  0.23308332  0.16550888  0.16550888  
18_3_0     0.05920631  0.00000000  0.02898968  0.01145503  0.06540616  0.01725220  0.07166032  0.20225826  0.20225826  0.20225826  0.25710806  0.17270901  0.17270901  
18_0_0     0.08433541  0.02898968  0.00000000  0.04092333  0.08433541  0.04696579  0.09075834  0.20225826  0.20225826  0.19475552  0.23308332  0.15132285  0.15132285  
7_0_0      0.06540616  0.01145503  0.04092333  0.00000000  0.07166032  0.02309683  0.06540616  0.20984067  0.20984067  0.20984067  0.24900967  0.17998247  0.17998247  
16_0_0     0.08433541  0.06540616  0.08433541  0.07166032  0.00000000  0.05920631  0.11704388  0.20225826  0.20225826  0.20225826  0.28196937  0.17998247  0.17998247  
9_0_0      0.04696579  0.01725220  0.04696579  0.02309683  0.05920631  0.00000000  0.05920631  0.19475552  0.19475552  0.19475552  0.24100209  0.15132285  0.15132285  
15_0_0     0.05920631  0.07166032  0.09075834  0.06540616  0.11704388  0.05920631  0.00000000  0.19475552  0.19475552  0.19475552  0.23308332  0.15132285  0.15132285  
2_0_0      0.18733079  0.20225826  0.20225826  0.20984067  0.20225826  0.19475552  0.19475552  0.00000000  0.00000000  0.00570454  0.23308332  0.09723957  0.09723957  
1_0_0      0.18733079  0.20225826  0.20225826  0.20984067  0.20225826  0.19475552  0.19475552  0.00000000  0.00000000  0.00570454  0.23308332  0.09723957  0.09723957  
3_0_0      0.18733079  0.20225826  0.19475552  0.20984067  0.20225826  0.19475552  0.19475552  0.00570454  0.00570454  0.00000000  0.22525141  0.09075834  0.09075834  
3_1_0      0.23308332  0.25710806  0.23308332  0.24900967  0.28196937  0.24100209  0.23308332  0.23308332  0.23308332  0.22525141  0.00000000  0.15132285  0.15132285  
1_1_0      0.16550888  0.17270901  0.15132285  0.17998247  0.17998247  0.15132285  0.15132285  0.09723957  0.09723957  0.09075834  0.15132285  0.00000000  0.00000000  
2_1_0      0.16550888  0.17270901  0.15132285  0.17998247  0.17998247  0.15132285  0.15132285  0.09723957  0.09723957  0.09075834  0.15132285  0.00000000  0.00000000  

