fastme_mat.p : 0.4812314510345459
fastme.f81 : 3.7249205112457275
ba.exp : 32.13552474975586
pipeline_dl9724682 : 37.516390562057495
