fastme_mat.p : 0.3899060685157776
fastme.f81 : 1.0839124138569831
ba.exp : 11.452978138757228
