12
6_0_0      0.00000000  0.00000000  0.00722980  0.00722980  0.00722980  0.00722980  0.26594890  0.24554930  0.24554930  0.23555865  0.24554930  0.28693288  
3_0_0      0.00000000  0.00000000  0.00722980  0.00722980  0.00722980  0.00722980  0.26594890  0.24554930  0.24554930  0.23555865  0.24554930  0.28693288  
13_0_0     0.00722980  0.00722980  0.00000000  0.01453167  0.01453167  0.01453167  0.27636576  0.25567810  0.25567810  0.24554930  0.25567810  0.29765467  
14_0_0     0.00722980  0.00722980  0.01453167  0.00000000  0.00000000  0.00000000  0.25567810  0.23555865  0.23555865  0.22570242  0.23555865  0.27636576  
2_0_0      0.00722980  0.00722980  0.01453167  0.00000000  0.00000000  0.00000000  0.25567810  0.23555865  0.23555865  0.22570242  0.23555865  0.27636576  
11_0_0     0.00722980  0.00722980  0.01453167  0.00000000  0.00000000  0.00000000  0.25567810  0.23555865  0.23555865  0.22570242  0.23555865  0.27636576  
19_0_0     0.26594890  0.26594890  0.27636576  0.25567810  0.25567810  0.25567810  0.00000000  0.01453167  0.01453167  0.02190706  0.07572487  0.10835164  
17_0_0     0.24554930  0.24554930  0.25567810  0.23555865  0.23555865  0.23555865  0.01453167  0.00000000  0.00000000  0.00722980  0.05994072  0.10835164  
18_0_0     0.24554930  0.24554930  0.25567810  0.23555865  0.23555865  0.23555865  0.01453167  0.00000000  0.00000000  0.00722980  0.05994072  0.10835164  
15_0_0     0.23555865  0.23555865  0.24554930  0.22570242  0.22570242  0.22570242  0.02190706  0.00722980  0.00722980  0.00000000  0.06779028  0.11674055  
16_0_0     0.24554930  0.24554930  0.25567810  0.23555865  0.23555865  0.23555865  0.07572487  0.05994072  0.05994072  0.06779028  0.00000000  0.07572487  
20_0_0     0.28693288  0.28693288  0.29765467  0.27636576  0.27636576  0.27636576  0.10835164  0.10835164  0.10835164  0.11674055  0.07572487  0.00000000  

