110
96_0_0     0.00000000  0.38615739  0.36828304  0.44251807  0.44251807  0.40447284  0.35950474  0.42325171  0.39525862  0.47238906  0.47238906  0.35950474  0.84780108  0.78329315  0.81484652  0.79890217  0.78329315  0.79890217  0.78329315  0.78329315  0.78329315  0.79890217  0.72394622  0.73834403  0.88228708  0.88228708  0.76800565  0.75302668  0.79890217  0.61783375  0.68235633  0.68235633  0.86484380  0.73834403  0.78329315  0.79890217  0.78329315  0.88228708  0.90015019  0.90015019  0.91845384  0.90015019  0.72394622  0.66899527  0.73834403  0.68235633  0.69596232  0.75302668  0.73834403  0.69596232  0.63029733  0.69596232  0.69596232  0.64297377  0.63029733  0.55847441  0.59351743  0.91845384  0.90015019  0.84780108  0.95647362  0.91845384  0.81484652  0.93722032  0.93722032  0.72394622  0.76800565  0.69596232  0.78329315  0.93722032  0.78329315  0.84780108  0.75302668  0.83114091  0.76800565  0.83114091  0.78329315  0.76800565  0.79890217  0.78329315  0.65587049  0.76800565  0.75302668  0.75302668  0.63029733  0.64297377  0.69596232  0.76800565  0.69596232  0.72394622  0.76800565  0.70982239  0.72394622  0.72394622  0.73834403  0.75302668  0.75302668  0.75302668  0.69596232  0.68235633  0.68235633  0.70982239  0.69596232  0.69596232  0.75302668  0.76800565  0.81484652  0.75302668  0.78329315  0.72394622  
68_0_0     0.38615739  0.00000000  0.27699925  0.42325171  0.43282238  0.41380289  0.33377610  0.42325171  0.41380289  0.52501158  0.58165164  0.56997256  0.86484380  0.81484652  0.81484652  0.78329315  0.81484652  0.97623969  0.95647362  0.91845384  1.01742475  1.08383268  0.91845384  0.88228708  0.86484380  0.83114091  0.81484652  0.79890217  0.76800565  0.75302668  0.79890217  0.84780108  0.79890217  0.75302668  0.78329315  0.83114091  0.79890217  0.88228708  0.90015019  0.91845384  0.88228708  0.83114091  0.81484652  0.83114091  0.84780108  0.79890217  0.81484652  0.78329315  0.81484652  0.73834403  0.60557602  0.61783375  0.73834403  0.64297377  0.70982239  0.69596232  0.70982239  0.95647362  1.03890725  0.97623969  1.29695193  1.06103010  1.06103010  1.15677139  1.13165359  0.69596232  0.68235633  0.68235633  0.99654659  1.20971056  0.95647362  0.90015019  0.93722032  0.97623969  0.88228708  0.90015019  0.75302668  0.76800565  0.86484380  0.81484652  0.76800565  0.91845384  0.93722032  0.93722032  0.79890217  0.79890217  0.81484652  0.86484380  0.88228708  0.83114091  0.76800565  0.68235633  0.76800565  0.83114091  0.81484652  0.73834403  0.79890217  0.86484380  0.79890217  0.83114091  0.83114091  0.81484652  0.84780108  0.83114091  0.83114091  0.83114091  0.88228708  0.90015019  0.84780108  0.78329315  
95_0_0     0.36828304  0.27699925  0.00000000  0.37716641  0.35950474  0.36828304  0.30890952  0.39525862  0.44251807  0.45234210  0.48261932  0.49299256  0.86484380  0.91845384  0.76800565  0.84780108  0.83114091  0.90015019  0.84780108  0.84780108  0.86484380  0.90015019  0.76800565  0.86484380  0.90015019  0.86484380  0.84780108  0.97623969  0.91845384  0.88228708  0.90015019  0.84780108  0.86484380  0.83114091  0.84780108  0.88228708  0.86484380  0.90015019  0.90015019  0.91845384  0.88228708  0.97623969  0.83114091  0.76800565  0.75302668  0.84780108  0.78329315  0.83114091  0.73834403  0.83114091  0.55847441  0.60557602  0.70982239  0.58165164  0.66899527  0.69596232  0.65587049  0.99654659  0.97623969  0.97623969  1.06103010  0.95647362  0.83114091  1.01742475  1.01742475  0.72394622  0.65587049  0.70982239  1.08383268  1.15677139  0.99654659  0.91845384  0.97623969  0.93722032  1.03890725  1.03890725  1.01742475  0.95647362  0.91845384  0.90015019  0.81484652  0.91845384  0.93722032  0.93722032  0.66899527  0.69596232  0.78329315  0.88228708  0.76800565  0.76800565  0.79890217  0.78329315  0.78329315  0.76800565  0.73834403  0.83114091  0.84780108  0.81484652  0.84780108  0.86484380  0.86484380  0.93722032  0.84780108  0.83114091  0.86484380  0.84780108  0.84780108  0.83114091  0.76800565  0.86484380  
84_0_0     0.44251807  0.42325171  0.37716641  0.00000000  0.03862208  0.36828304  0.30890952  0.44251807  0.39525862  0.46229790  0.46229790  0.53599908  0.93722032  0.90015019  0.78329315  0.76800565  1.03890725  1.06103010  0.99654659  0.99654659  0.93722032  0.97623969  0.86484380  0.93722032  1.01742475  1.06103010  0.83114091  0.79890217  0.83114091  0.69596232  0.70982239  0.72394622  0.81484652  0.78329315  0.83114091  0.79890217  0.81484652  0.90015019  0.91845384  0.90015019  0.90015019  0.90015019  0.90015019  0.95647362  0.91845384  0.79890217  0.76800565  0.81484652  0.70982239  0.88228708  0.61783375  0.64297377  0.73834403  0.70982239  0.66899527  0.68235633  0.64297377  0.86484380  0.88228708  0.86484380  0.97623969  0.83114091  0.95647362  0.95647362  1.03890725  0.93722032  0.83114091  0.81484652  1.15677139  1.13165359  1.15677139  1.20971056  1.06103010  1.08383268  0.86484380  1.01742475  0.95647362  0.86484380  0.81484652  0.79890217  0.91845384  0.76800565  0.81484652  0.81484652  0.76800565  0.83114091  0.90015019  1.08383268  0.90015019  0.93722032  0.78329315  0.69596232  0.83114091  0.86484380  0.84780108  0.84780108  0.88228708  0.83114091  0.81484652  0.78329315  0.78329315  0.81484652  0.91845384  0.93722032  0.95647362  0.83114091  0.86484380  0.86484380  0.95647362  0.86484380  
84_5_0     0.44251807  0.43282238  0.35950474  0.03862208  0.00000000  0.35950474  0.31710616  0.40447284  0.35082905  0.43282238  0.45234210  0.50351283  0.86484380  0.86484380  0.75302668  0.83114091  0.95647362  0.97623969  0.95647362  0.95647362  0.90015019  0.90015019  0.83114091  0.90015019  0.93722032  0.97623969  0.81484652  0.78329315  0.84780108  0.68235633  0.69596232  0.70982239  0.76800565  0.76800565  0.81484652  0.78329315  0.83114091  0.81484652  0.83114091  0.84780108  0.81484652  0.88228708  0.86484380  0.91845384  0.90015019  0.81484652  0.81484652  0.86484380  0.78329315  0.93722032  0.64297377  0.66899527  0.79890217  0.76800565  0.72394622  0.69596232  0.60557602  0.88228708  0.91845384  0.90015019  0.88228708  0.84780108  0.97623969  1.01742475  1.06103010  0.90015019  0.79890217  0.79890217  1.18276908  1.15677139  1.18276908  1.20971056  0.93722032  1.13165359  0.88228708  0.95647362  0.90015019  0.81484652  0.81484652  0.79890217  0.91845384  0.76800565  0.81484652  0.81484652  0.73834403  0.79890217  0.90015019  0.95647362  0.84780108  0.91845384  0.75302668  0.68235633  0.84780108  0.84780108  0.86484380  0.86484380  0.88228708  0.81484652  0.86484380  0.83114091  0.83114091  0.86484380  0.93722032  0.91845384  0.91845384  0.81484652  0.78329315  0.81484652  0.88228708  0.84780108  
43_0_0     0.40447284  0.41380289  0.36828304  0.36828304  0.35950474  0.00000000  0.09142845  0.15487604  0.17501842  0.35082905  0.38615739  0.35950474  0.91845384  0.90015019  0.79890217  0.81484652  0.83114091  0.88228708  0.86484380  0.83114091  0.90015019  0.93722032  0.90015019  0.93722032  0.88228708  0.88228708  0.88228708  0.97623969  0.99654659  0.75302668  0.76800565  0.78329315  0.90015019  0.79890217  0.81484652  0.81484652  0.79890217  0.84780108  0.86484380  0.84780108  0.84780108  1.01742475  0.78329315  0.86484380  0.84780108  0.73834403  0.69596232  0.68235633  0.68235633  0.78329315  0.64297377  0.69596232  0.69596232  0.61783375  0.61783375  0.70982239  0.70982239  0.90015019  0.90015019  0.91845384  0.90015019  0.86484380  0.90015019  0.84780108  0.91845384  0.68235633  0.63029733  0.55847441  1.15677139  1.10735806  1.15677139  1.18276908  0.78329315  0.79890217  0.86484380  0.90015019  0.91845384  0.86484380  0.76800565  0.73834403  0.73834403  0.78329315  0.76800565  0.76800565  0.83114091  0.83114091  0.88228708  0.90015019  0.90015019  0.90015019  0.68235633  0.66899527  0.72394622  0.65587049  0.65587049  0.70982239  0.69596232  0.66899527  0.73834403  0.78329315  0.78329315  0.78329315  0.68235633  0.70982239  0.75302668  0.68235633  0.75302668  0.73834403  0.75302668  0.73834403  
79_0_0     0.35950474  0.33377610  0.30890952  0.30890952  0.31710616  0.09142845  0.00000000  0.16824338  0.16152961  0.32539433  0.38615739  0.41380289  0.91845384  0.97623969  0.84780108  0.86484380  0.83114091  0.84780108  0.83114091  0.79890217  0.86484380  0.93722032  0.86484380  0.90015019  0.88228708  0.88228708  0.81484652  0.86484380  0.84780108  0.75302668  0.73834403  0.78329315  0.83114091  0.70982239  0.72394622  0.75302668  0.73834403  0.79890217  0.81484652  0.79890217  0.79890217  0.91845384  0.78329315  0.83114091  0.75302668  0.76800565  0.68235633  0.69596232  0.64297377  0.78329315  0.58165164  0.63029733  0.65587049  0.58165164  0.58165164  0.60557602  0.58165164  0.95647362  0.95647362  0.97623969  0.88228708  0.88228708  0.84780108  0.86484380  0.90015019  0.70982239  0.65587049  0.63029733  1.13165359  1.23766692  1.13165359  1.10735806  0.86484380  0.84780108  0.81484652  0.95647362  0.90015019  0.84780108  0.84780108  0.81484652  0.76800565  0.76800565  0.75302668  0.75302668  0.76800565  0.76800565  0.81484652  0.93722032  0.86484380  0.83114091  0.66899527  0.68235633  0.76800565  0.72394622  0.69596232  0.75302668  0.75302668  0.73834403  0.72394622  0.70982239  0.70982239  0.76800565  0.72394622  0.69596232  0.76800565  0.69596232  0.73834403  0.72394622  0.73834403  0.72394622  
72_0_0     0.42325171  0.42325171  0.39525862  0.44251807  0.40447284  0.15487604  0.16824338  0.00000000  0.16152961  0.39525862  0.43282238  0.43282238  0.84780108  0.88228708  0.90015019  0.93722032  0.86484380  0.81484652  0.83114091  0.79890217  0.88228708  0.88228708  0.91845384  0.88228708  0.86484380  0.86484380  0.86484380  0.91845384  0.93722032  0.75302668  0.73834403  0.81484652  0.86484380  0.90015019  0.91845384  0.91845384  0.93722032  0.88228708  0.90015019  0.90015019  0.88228708  1.06103010  0.81484652  0.86484380  0.79890217  0.79890217  0.88228708  0.84780108  0.90015019  0.86484380  0.63029733  0.68235633  0.73834403  0.61783375  0.66899527  0.68235633  0.68235633  0.97623969  0.97623969  0.99654659  0.81484652  0.88228708  0.88228708  0.99654659  1.03890725  0.68235633  0.68235633  0.65587049  1.10735806  1.20971056  1.15677139  1.08383268  0.81484652  0.91845384  0.90015019  0.93722032  0.95647362  0.86484380  0.86484380  0.86484380  0.83114091  0.81484652  0.83114091  0.83114091  0.97623969  0.97623969  0.99654659  0.97623969  0.97623969  0.90015019  0.78329315  0.73834403  0.83114091  0.78329315  0.78329315  0.88228708  0.83114091  0.83114091  0.84780108  0.84780108  0.84780108  0.88228708  0.79890217  0.83114091  0.75302668  0.88228708  0.93722032  0.88228708  0.84780108  0.84780108  
63_0_0     0.39525862  0.41380289  0.44251807  0.39525862  0.35082905  0.17501842  0.16152961  0.16152961  0.00000000  0.32539433  0.36828304  0.47238906  0.79890217  0.90015019  0.79890217  0.84780108  0.86484380  0.90015019  0.95647362  0.91845384  0.86484380  0.90015019  0.90015019  0.93722032  0.90015019  0.90015019  0.91845384  0.83114091  0.91845384  0.69596232  0.72394622  0.78329315  0.81484652  0.73834403  0.75302668  0.72394622  0.76800565  0.91845384  0.93722032  0.91845384  0.95647362  1.03890725  0.68235633  0.81484652  0.78329315  0.73834403  0.73834403  0.76800565  0.79890217  0.72394622  0.69596232  0.66899527  0.79890217  0.65587049  0.60557602  0.68235633  0.63029733  0.95647362  0.99654659  0.97623969  0.79890217  0.97623969  0.88228708  0.99654659  0.99654659  0.73834403  0.76800565  0.68235633  1.08383268  1.29695193  1.13165359  1.01742475  0.91845384  0.93722032  0.86484380  0.90015019  0.88228708  0.83114091  0.83114091  0.79890217  0.81484652  0.75302668  0.70982239  0.70982239  0.90015019  0.91845384  0.86484380  0.83114091  0.81484652  0.84780108  0.63029733  0.70982239  0.86484380  0.78329315  0.84780108  0.88228708  0.86484380  0.83114091  0.75302668  0.75302668  0.75302668  0.75302668  0.79890217  0.79890217  0.76800565  0.78329315  0.75302668  0.73834403  0.75302668  0.72394622  
56_0_0     0.47238906  0.52501158  0.45234210  0.46229790  0.43282238  0.35082905  0.32539433  0.39525862  0.32539433  0.00000000  0.07936475  0.56997256  0.91845384  0.95647362  0.84780108  0.90015019  1.06103010  1.08383268  1.15677139  1.10735806  1.03890725  1.01742475  1.03890725  1.06103010  1.06103010  1.03890725  0.75302668  0.93722032  0.93722032  0.79890217  0.81484652  0.84780108  0.79890217  0.81484652  0.86484380  0.79890217  0.83114091  1.03890725  1.06103010  1.03890725  1.03890725  1.10735806  0.93722032  0.93722032  1.01742475  0.86484380  0.76800565  0.76800565  0.75302668  0.84780108  0.78329315  0.81484652  0.93722032  0.78329315  0.70982239  0.84780108  0.83114091  0.91845384  0.91845384  0.81484652  1.06103010  1.18276908  1.03890725  1.08383268  1.03890725  0.93722032  0.86484380  0.83114091  1.20971056  1.32847029  1.15677139  1.29695193  0.97623969  0.99654659  1.10735806  1.03890725  0.97623969  0.93722032  1.06103010  1.03890725  1.01742475  0.93722032  0.88228708  0.88228708  0.95647362  0.97623969  0.97623969  0.97623969  0.91845384  0.91845384  0.78329315  0.78329315  0.84780108  0.83114091  0.86484380  0.91845384  0.91845384  0.83114091  0.86484380  0.91845384  0.93722032  0.91845384  0.91845384  0.90015019  0.78329315  0.81484652  0.91845384  0.88228708  0.86484380  0.86484380  
48_0_0     0.47238906  0.58165164  0.48261932  0.46229790  0.45234210  0.38615739  0.38615739  0.43282238  0.36828304  0.07936475  0.00000000  0.58165164  0.90015019  0.90015019  0.83114091  0.84780108  0.95647362  1.01742475  1.08383268  1.08383268  0.97623969  0.95647362  0.93722032  0.97623969  0.99654659  0.97623969  0.83114091  0.97623969  0.90015019  0.78329315  0.76800565  0.79890217  0.84780108  0.86484380  0.91845384  0.84780108  0.88228708  1.01742475  1.03890725  1.01742475  1.01742475  1.10735806  0.97623969  0.88228708  0.95647362  0.95647362  0.83114091  0.84780108  0.84780108  0.91845384  0.83114091  0.86484380  0.99654659  0.79890217  0.69596232  0.86484380  0.88228708  0.95647362  0.99654659  0.90015019  1.01742475  1.20971056  1.08383268  1.08383268  1.03890725  0.91845384  0.91845384  0.83114091  1.13165359  1.29695193  1.08383268  1.20971056  0.97623969  0.99654659  1.15677139  1.08383268  1.06103010  0.97623969  1.06103010  1.03890725  1.06103010  0.95647362  0.95647362  0.95647362  0.93722032  0.95647362  0.95647362  0.97623969  0.86484380  0.93722032  0.79890217  0.75302668  0.91845384  0.90015019  0.90015019  0.95647362  0.97623969  0.86484380  0.79890217  0.88228708  0.86484380  0.88228708  0.88228708  0.86484380  0.76800565  0.84780108  0.88228708  0.88228708  0.86484380  0.84780108  
91_0_0     0.35950474  0.56997256  0.49299256  0.53599908  0.50351283  0.35950474  0.41380289  0.43282238  0.47238906  0.56997256  0.58165164  0.00000000  0.68235633  0.63029733  0.64297377  0.70982239  0.66899527  0.66899527  0.65587049  0.68235633  0.65587049  0.66899527  0.65587049  0.66899527  0.66899527  0.66899527  0.84780108  0.81484652  0.90015019  0.72394622  0.72394622  0.73834403  0.81484652  0.84780108  0.86484380  0.81484652  0.78329315  0.93722032  0.93722032  0.90015019  0.91845384  0.88228708  0.68235633  0.73834403  0.76800565  0.72394622  0.70982239  0.75302668  0.75302668  0.73834403  0.66899527  0.69596232  0.60557602  0.59351743  0.63029733  0.68235633  0.65587049  0.99654659  0.95647362  0.88228708  0.99654659  0.83114091  0.84780108  0.79890217  0.76800565  0.72394622  0.63029733  0.68235633  0.99654659  0.93722032  0.99654659  1.06103010  0.88228708  0.86484380  0.76800565  0.76800565  0.79890217  0.72394622  0.72394622  0.68235633  0.68235633  0.79890217  0.81484652  0.81484652  0.72394622  0.73834403  0.73834403  0.79890217  0.72394622  0.75302668  0.75302668  0.65587049  0.68235633  0.64297377  0.69596232  0.70982239  0.65587049  0.70982239  0.81484652  0.88228708  0.88228708  0.84780108  0.79890217  0.84780108  0.75302668  0.72394622  0.76800565  0.79890217  0.90015019  0.75302668  
99_0_0     0.84780108  0.86484380  0.86484380  0.93722032  0.86484380  0.91845384  0.91845384  0.84780108  0.79890217  0.91845384  0.90015019  0.68235633  0.00000000  0.10369147  0.09142845  0.12884262  0.63029733  0.63029733  0.64297377  0.64297377  0.58165164  0.56997256  0.56997256  0.48261932  0.54715167  0.54715167  0.38615739  0.29278291  0.35950474  0.39525862  0.36828304  0.39525862  0.39525862  0.39525862  0.41380289  0.41380289  0.38615739  0.52501158  0.51418437  0.51418437  0.50351283  0.47238906  0.54715167  0.63029733  0.55847441  0.73834403  0.72394622  0.66899527  0.76800565  0.73834403  0.59351743  0.52501158  0.64297377  0.68235633  0.69596232  0.60557602  0.70982239  0.79890217  0.76800565  0.78329315  0.88228708  0.90015019  0.73834403  0.91845384  0.88228708  0.69596232  0.66899527  0.70982239  0.64297377  0.81484652  0.65587049  0.69596232  0.88228708  0.93722032  0.63029733  0.64297377  0.73834403  0.66899527  0.60557602  0.58165164  0.56997256  0.72394622  0.70982239  0.70982239  0.69596232  0.68235633  0.72394622  0.75302668  0.66899527  0.69596232  0.83114091  0.63029733  0.66899527  0.64297377  0.66899527  0.63029733  0.69596232  0.66899527  0.64297377  0.65587049  0.64297377  0.63029733  0.69596232  0.84780108  0.69596232  0.75302668  0.72394622  0.75302668  0.81484652  0.66899527  
94_0_0     0.78329315  0.81484652  0.91845384  0.90015019  0.86484380  0.90015019  0.97623969  0.88228708  0.90015019  0.95647362  0.90015019  0.63029733  0.10369147  0.00000000  0.10369147  0.12884262  0.60557602  0.58165164  0.56997256  0.56997256  0.58165164  0.56997256  0.56997256  0.50351283  0.52501158  0.54715167  0.41380289  0.30080242  0.33377610  0.38615739  0.37716641  0.37716641  0.35950474  0.38615739  0.39525862  0.39525862  0.36828304  0.56997256  0.55847441  0.55847441  0.54715167  0.44251807  0.60557602  0.58165164  0.59351743  0.72394622  0.75302668  0.70982239  0.78329315  0.72394622  0.63029733  0.55847441  0.61783375  0.69596232  0.69596232  0.56997256  0.66899527  0.75302668  0.78329315  0.73834403  0.91845384  0.84780108  0.79890217  0.79890217  0.88228708  0.73834403  0.73834403  0.72394622  0.66899527  0.81484652  0.68235633  0.73834403  0.81484652  0.90015019  0.64297377  0.68235633  0.75302668  0.70982239  0.65587049  0.63029733  0.63029733  0.73834403  0.69596232  0.69596232  0.70982239  0.69596232  0.73834403  0.75302668  0.69596232  0.73834403  0.81484652  0.59351743  0.61783375  0.66899527  0.66899527  0.60557602  0.66899527  0.65587049  0.66899527  0.70982239  0.69596232  0.66899527  0.72394622  0.83114091  0.68235633  0.75302668  0.72394622  0.81484652  0.88228708  0.78329315  
100_0_0    0.81484652  0.81484652  0.76800565  0.78329315  0.75302668  0.79890217  0.84780108  0.90015019  0.79890217  0.84780108  0.83114091  0.64297377  0.09142845  0.10369147  0.00000000  0.05003643  0.54715167  0.56997256  0.56997256  0.56997256  0.51418437  0.51418437  0.48261932  0.45234210  0.44251807  0.46229790  0.36828304  0.30080242  0.34225360  0.39525862  0.38615739  0.36828304  0.38615739  0.36828304  0.37716641  0.37716641  0.34225360  0.52501158  0.51418437  0.49299256  0.50351283  0.44251807  0.55847441  0.61783375  0.56997256  0.68235633  0.68235633  0.63029733  0.69596232  0.70982239  0.56997256  0.52501158  0.58165164  0.66899527  0.66899527  0.63029733  0.69596232  0.75302668  0.73834403  0.75302668  0.91845384  0.86484380  0.76800565  0.76800565  0.81484652  0.73834403  0.73834403  0.72394622  0.68235633  0.83114091  0.66899527  0.70982239  0.90015019  0.93722032  0.63029733  0.63029733  0.75302668  0.68235633  0.59351743  0.56997256  0.59351743  0.72394622  0.70982239  0.70982239  0.65587049  0.64297377  0.72394622  0.81484652  0.70982239  0.68235633  0.76800565  0.60557602  0.58165164  0.60557602  0.60557602  0.55847441  0.65587049  0.59351743  0.61783375  0.68235633  0.66899527  0.65587049  0.73834403  0.88228708  0.66899527  0.72394622  0.73834403  0.75302668  0.79890217  0.73834403  
86_0_0     0.79890217  0.78329315  0.84780108  0.76800565  0.83114091  0.81484652  0.86484380  0.93722032  0.84780108  0.90015019  0.84780108  0.70982239  0.12884262  0.12884262  0.05003643  0.00000000  0.59351743  0.59351743  0.56997256  0.56997256  0.55847441  0.58165164  0.52501158  0.45234210  0.46229790  0.48261932  0.36828304  0.30890952  0.35082905  0.40447284  0.38615739  0.36828304  0.40447284  0.35950474  0.36828304  0.36828304  0.35082905  0.55847441  0.54715167  0.52501158  0.53599908  0.48261932  0.60557602  0.60557602  0.58165164  0.78329315  0.75302668  0.69596232  0.73834403  0.78329315  0.60557602  0.56997256  0.59351743  0.70982239  0.70982239  0.64297377  0.78329315  0.81484652  0.81484652  0.86484380  1.03890725  0.90015019  0.86484380  0.76800565  0.88228708  0.79890217  0.84780108  0.79890217  0.72394622  0.84780108  0.73834403  0.78329315  0.97623969  0.97623969  0.61783375  0.63029733  0.75302668  0.69596232  0.61783375  0.59351743  0.61783375  0.70982239  0.69596232  0.69596232  0.69596232  0.68235633  0.79890217  0.90015019  0.78329315  0.75302668  0.79890217  0.63029733  0.56997256  0.59351743  0.59351743  0.55847441  0.66899527  0.58165164  0.59351743  0.68235633  0.66899527  0.63029733  0.72394622  0.83114091  0.70982239  0.81484652  0.79890217  0.79890217  0.84780108  0.76800565  
88_4_0     0.78329315  0.81484652  0.83114091  1.03890725  0.95647362  0.83114091  0.83114091  0.86484380  0.86484380  1.06103010  0.95647362  0.66899527  0.63029733  0.60557602  0.54715167  0.59351743  0.00000000  0.14828158  0.14828158  0.15487604  0.20985357  0.23156746  0.18875692  0.16824338  0.14828158  0.14828158  0.59351743  0.61783375  0.60557602  0.69596232  0.75302668  0.73834403  0.66899527  0.73834403  0.75302668  0.72394622  0.70982239  0.75302668  0.75302668  0.75302668  0.73834403  0.75302668  0.70982239  0.75302668  0.81484652  0.76800565  0.84780108  0.88228708  0.88228708  0.91845384  0.72394622  0.69596232  0.79890217  0.86484380  0.83114091  0.84780108  0.81484652  1.08383268  1.10735806  1.08383268  1.23766692  0.91845384  1.08383268  1.01742475  1.15677139  0.90015019  0.83114091  0.83114091  0.90015019  0.97623969  0.93722032  1.01742475  1.01742475  1.15677139  0.91845384  0.86484380  0.91845384  0.91845384  0.90015019  0.86484380  0.86484380  1.03890725  1.08383268  1.08383268  0.90015019  0.88228708  0.86484380  0.78329315  0.81484652  0.91845384  0.86484380  0.91845384  0.90015019  0.81484652  0.84780108  0.86484380  0.86484380  0.83114091  0.90015019  0.93722032  0.91845384  0.93722032  0.88228708  0.83114091  0.91845384  0.88228708  0.83114091  0.86484380  0.79890217  0.91845384  
46_4_0     0.79890217  0.97623969  0.90015019  1.06103010  0.97623969  0.88228708  0.84780108  0.81484652  0.90015019  1.08383268  1.01742475  0.66899527  0.63029733  0.58165164  0.56997256  0.59351743  0.14828158  0.00000000  0.02182308  0.03862208  0.20275452  0.20985357  0.18185588  0.17501842  0.18185588  0.18185588  0.55847441  0.64297377  0.60557602  0.69596232  0.64297377  0.65587049  0.72394622  0.76800565  0.78329315  0.78329315  0.75302668  0.68235633  0.68235633  0.68235633  0.68235633  0.75302668  0.73834403  0.81484652  0.84780108  0.83114091  0.90015019  0.90015019  0.93722032  0.99654659  0.79890217  0.84780108  0.69596232  0.78329315  0.81484652  0.84780108  0.88228708  1.18276908  1.20971056  1.18276908  1.08383268  0.95647362  0.99654659  0.93722032  1.03890725  0.86484380  0.86484380  0.81484652  0.86484380  0.95647362  0.90015019  1.01742475  1.13165359  1.29695193  0.95647362  0.79890217  0.88228708  0.88228708  0.83114091  0.79890217  0.78329315  0.95647362  0.99654659  0.99654659  0.88228708  0.90015019  0.83114091  0.86484380  0.81484652  0.88228708  0.95647362  0.97623969  0.88228708  0.79890217  0.76800565  0.93722032  0.90015019  0.81484652  0.86484380  0.93722032  0.91845384  0.93722032  0.86484380  0.84780108  0.88228708  1.06103010  0.88228708  0.91845384  0.84780108  0.97623969  
45_4_0     0.78329315  0.95647362  0.84780108  0.99654659  0.95647362  0.86484380  0.83114091  0.83114091  0.95647362  1.15677139  1.08383268  0.65587049  0.64297377  0.56997256  0.56997256  0.56997256  0.14828158  0.02182308  0.00000000  0.01630686  0.18875692  0.20985357  0.16824338  0.16152961  0.18185588  0.18185588  0.55847441  0.61783375  0.60557602  0.69596232  0.66899527  0.65587049  0.72394622  0.75302668  0.76800565  0.76800565  0.73834403  0.69596232  0.69596232  0.69596232  0.69596232  0.75302668  0.76800565  0.79890217  0.84780108  0.83114091  0.90015019  0.90015019  0.90015019  0.99654659  0.78329315  0.83114091  0.72394622  0.79890217  0.83114091  0.84780108  0.91845384  1.18276908  1.20971056  1.18276908  1.18276908  0.91845384  0.99654659  0.90015019  1.03890725  0.90015019  0.90015019  0.84780108  0.90015019  0.95647362  0.93722032  1.06103010  1.13165359  1.23766692  0.95647362  0.86484380  0.95647362  0.95647362  0.90015019  0.86484380  0.84780108  0.95647362  0.99654659  0.99654659  0.88228708  0.90015019  0.90015019  0.91845384  0.88228708  0.95647362  1.01742475  1.01742475  0.84780108  0.76800565  0.73834403  0.90015019  0.90015019  0.78329315  0.90015019  0.97623969  0.95647362  0.97623969  0.86484380  0.83114091  0.95647362  1.06103010  0.88228708  0.91845384  0.84780108  1.06103010  
73_4_0     0.78329315  0.91845384  0.84780108  0.99654659  0.95647362  0.83114091  0.79890217  0.79890217  0.91845384  1.10735806  1.08383268  0.68235633  0.64297377  0.56997256  0.56997256  0.56997256  0.15487604  0.03862208  0.01630686  0.00000000  0.20985357  0.23156746  0.18875692  0.16824338  0.20275452  0.20275452  0.55847441  0.61783375  0.60557602  0.66899527  0.64297377  0.65587049  0.69596232  0.72394622  0.73834403  0.73834403  0.70982239  0.69596232  0.69596232  0.69596232  0.69596232  0.75302668  0.73834403  0.76800565  0.81484652  0.79890217  0.86484380  0.86484380  0.86484380  0.95647362  0.78329315  0.83114091  0.72394622  0.79890217  0.79890217  0.84780108  0.91845384  1.18276908  1.20971056  1.18276908  1.15677139  0.90015019  0.97623969  0.90015019  1.03890725  0.90015019  0.90015019  0.81484652  0.84780108  0.93722032  0.88228708  0.99654659  1.10735806  1.15677139  0.93722032  0.84780108  0.93722032  0.93722032  0.88228708  0.88228708  0.83114091  0.93722032  0.97623969  0.97623969  0.90015019  0.88228708  0.91845384  0.93722032  0.93722032  0.97623969  0.95647362  0.99654659  0.79890217  0.75302668  0.72394622  0.88228708  0.88228708  0.76800565  0.88228708  0.95647362  0.93722032  0.95647362  0.81484652  0.78329315  0.90015019  1.01742475  0.83114091  0.90015019  0.83114091  1.03890725  
45_0_0     0.78329315  1.01742475  0.86484380  0.93722032  0.90015019  0.90015019  0.86484380  0.88228708  0.86484380  1.03890725  0.97623969  0.65587049  0.58165164  0.58165164  0.51418437  0.55847441  0.20985357  0.20275452  0.18875692  0.20985357  0.00000000  0.02738061  0.05003643  0.12884262  0.16824338  0.16824338  0.47238906  0.48261932  0.51418437  0.64297377  0.66899527  0.65587049  0.72394622  0.72394622  0.70982239  0.76800565  0.70982239  0.78329315  0.78329315  0.75302668  0.78329315  0.73834403  0.68235633  0.83114091  0.76800565  0.90015019  0.90015019  0.93722032  0.91845384  0.99654659  0.68235633  0.69596232  0.73834403  0.76800565  0.81484652  0.90015019  0.81484652  1.18276908  1.15677139  1.18276908  1.06103010  0.88228708  0.86484380  0.91845384  1.01742475  0.83114091  0.86484380  0.84780108  0.91845384  0.88228708  0.91845384  0.93722032  1.15677139  1.18276908  0.90015019  0.91845384  1.06103010  1.01742475  1.03890725  0.99654659  0.97623969  0.97623969  0.97623969  0.97623969  0.91845384  0.93722032  0.90015019  0.93722032  0.83114091  0.91845384  0.99654659  1.01742475  0.93722032  0.84780108  0.88228708  0.99654659  0.99654659  0.83114091  0.93722032  0.97623969  0.95647362  0.97623969  0.93722032  0.91845384  0.91845384  1.01742475  0.86484380  0.88228708  0.86484380  1.10735806  
73_0_0     0.79890217  1.08383268  0.90015019  0.97623969  0.90015019  0.93722032  0.93722032  0.88228708  0.90015019  1.01742475  0.95647362  0.66899527  0.56997256  0.56997256  0.51418437  0.58165164  0.23156746  0.20985357  0.20985357  0.23156746  0.02738061  0.00000000  0.07936475  0.14828158  0.18875692  0.18875692  0.47238906  0.48261932  0.51418437  0.61783375  0.64297377  0.63029733  0.69596232  0.75302668  0.73834403  0.79890217  0.73834403  0.79890217  0.79890217  0.76800565  0.79890217  0.75302668  0.69596232  0.83114091  0.78329315  0.91845384  0.91845384  0.95647362  0.97623969  1.01742475  0.70982239  0.72394622  0.76800565  0.79890217  0.84780108  0.93722032  0.84780108  1.18276908  1.15677139  1.18276908  1.06103010  0.95647362  0.93722032  0.99654659  1.10735806  0.79890217  0.86484380  0.81484652  0.90015019  0.90015019  0.90015019  0.95647362  1.13165359  1.26671766  0.95647362  0.93722032  1.01742475  0.99654659  1.06103010  1.01742475  0.99654659  1.03890725  1.03890725  1.03890725  0.88228708  0.90015019  0.91845384  0.99654659  0.84780108  0.91845384  1.06103010  0.99654659  0.99654659  0.90015019  0.93722032  1.06103010  1.03890725  0.88228708  0.99654659  0.99654659  0.97623969  0.99654659  0.95647362  0.93722032  0.93722032  1.03890725  0.91845384  0.93722032  0.91845384  1.13165359  
46_0_0     0.72394622  0.91845384  0.76800565  0.86484380  0.83114091  0.90015019  0.86484380  0.91845384  0.90015019  1.03890725  0.93722032  0.65587049  0.56997256  0.56997256  0.48261932  0.52501158  0.18875692  0.18185588  0.16824338  0.18875692  0.05003643  0.07936475  0.00000000  0.08537209  0.12884262  0.12884262  0.47238906  0.48261932  0.49299256  0.65587049  0.65587049  0.66899527  0.76800565  0.73834403  0.72394622  0.78329315  0.72394622  0.75302668  0.75302668  0.72394622  0.75302668  0.73834403  0.66899527  0.78329315  0.75302668  0.83114091  0.90015019  0.93722032  0.91845384  0.91845384  0.66899527  0.68235633  0.69596232  0.72394622  0.76800565  0.88228708  0.83114091  1.10735806  1.08383268  1.10735806  1.13165359  0.91845384  0.88228708  0.88228708  0.97623969  0.81484652  0.84780108  0.79890217  0.84780108  0.88228708  0.84780108  0.86484380  1.18276908  1.23766692  0.91845384  0.93722032  1.13165359  1.08383268  0.97623969  0.93722032  0.91845384  0.93722032  0.97623969  0.97623969  0.83114091  0.84780108  0.84780108  0.91845384  0.78329315  0.90015019  0.97623969  0.97623969  0.84780108  0.76800565  0.79890217  0.90015019  0.93722032  0.75302668  0.84780108  0.91845384  0.90015019  0.91845384  0.88228708  0.86484380  0.90015019  0.97623969  0.86484380  0.84780108  0.83114091  1.06103010  
88_0_0     0.73834403  0.88228708  0.86484380  0.93722032  0.90015019  0.93722032  0.90015019  0.88228708  0.93722032  1.06103010  0.97623969  0.66899527  0.48261932  0.50351283  0.45234210  0.45234210  0.16824338  0.17501842  0.16152961  0.16824338  0.12884262  0.14828158  0.08537209  0.00000000  0.13526587  0.13526587  0.49299256  0.48261932  0.51418437  0.61783375  0.61783375  0.63029733  0.69596232  0.69596232  0.70982239  0.73834403  0.68235633  0.66899527  0.66899527  0.64297377  0.66899527  0.75302668  0.68235633  0.81484652  0.81484652  0.79890217  0.90015019  0.90015019  0.95647362  0.95647362  0.68235633  0.68235633  0.70982239  0.76800565  0.79890217  0.81484652  0.86484380  1.08383268  1.08383268  1.18276908  1.10735806  0.93722032  0.93722032  0.95647362  1.01742475  0.78329315  0.78329315  0.79890217  0.79890217  0.86484380  0.83114091  0.95647362  1.15677139  1.18276908  0.86484380  0.81484652  0.93722032  0.90015019  0.84780108  0.84780108  0.79890217  0.91845384  0.95647362  0.95647362  0.81484652  0.83114091  0.79890217  0.86484380  0.76800565  0.81484652  0.97623969  0.93722032  0.81484652  0.76800565  0.79890217  0.86484380  0.86484380  0.75302668  0.84780108  0.88228708  0.86484380  0.88228708  0.75302668  0.76800565  0.86484380  0.93722032  0.86484380  0.84780108  0.78329315  1.01742475  
60_0_0     0.88228708  0.86484380  0.90015019  1.01742475  0.93722032  0.88228708  0.88228708  0.86484380  0.90015019  1.06103010  0.99654659  0.66899527  0.54715167  0.52501158  0.44251807  0.46229790  0.14828158  0.18185588  0.18185588  0.20275452  0.16824338  0.18875692  0.12884262  0.13526587  0.00000000  0.01083134  0.46229790  0.50351283  0.47238906  0.63029733  0.63029733  0.61783375  0.66899527  0.69596232  0.68235633  0.73834403  0.68235633  0.70982239  0.70982239  0.68235633  0.69596232  0.69596232  0.69596232  0.66899527  0.73834403  0.88228708  0.91845384  0.95647362  1.01742475  0.97623969  0.73834403  0.70982239  0.72394622  0.84780108  0.86484380  0.78329315  0.75302668  1.10735806  1.08383268  1.10735806  1.23766692  0.93722032  0.95647362  0.91845384  1.10735806  0.88228708  0.88228708  0.90015019  0.86484380  0.93722032  0.93722032  0.99654659  0.99654659  1.13165359  0.90015019  0.84780108  0.90015019  0.90015019  0.84780108  0.81484652  0.83114091  0.88228708  0.91845384  0.91845384  0.83114091  0.84780108  0.91845384  0.88228708  0.81484652  0.90015019  1.03890725  0.95647362  0.83114091  0.81484652  0.81484652  0.78329315  0.84780108  0.76800565  0.88228708  0.99654659  0.97623969  0.95647362  0.95647362  0.95647362  0.90015019  0.93722032  0.84780108  0.84780108  0.86484380  0.95647362  
58_0_0     0.88228708  0.83114091  0.86484380  1.06103010  0.97623969  0.88228708  0.88228708  0.86484380  0.90015019  1.03890725  0.97623969  0.66899527  0.54715167  0.54715167  0.46229790  0.48261932  0.14828158  0.18185588  0.18185588  0.20275452  0.16824338  0.18875692  0.12884262  0.13526587  0.01083134  0.00000000  0.48261932  0.52501158  0.47238906  0.61783375  0.61783375  0.60557602  0.65587049  0.68235633  0.66899527  0.72394622  0.66899527  0.69596232  0.69596232  0.66899527  0.68235633  0.68235633  0.66899527  0.69596232  0.76800565  0.91845384  0.95647362  0.99654659  1.06103010  0.97623969  0.70982239  0.68235633  0.75302668  0.81484652  0.86484380  0.78329315  0.78329315  1.15677139  1.13165359  1.15677139  1.23766692  0.97623969  0.95647362  0.93722032  1.08383268  0.88228708  0.84780108  0.90015019  0.86484380  0.90015019  0.93722032  0.95647362  1.03890725  1.08383268  0.93722032  0.88228708  0.93722032  0.93722032  0.84780108  0.81484652  0.83114091  0.91845384  0.95647362  0.95647362  0.83114091  0.84780108  0.91845384  0.91845384  0.81484652  0.90015019  1.08383268  0.91845384  0.83114091  0.78329315  0.78329315  0.78329315  0.84780108  0.76800565  0.88228708  0.99654659  0.97623969  0.95647362  0.91845384  0.91845384  0.93722032  0.97623969  0.88228708  0.88228708  0.86484380  0.91845384  
80_0_0     0.76800565  0.81484652  0.84780108  0.83114091  0.81484652  0.88228708  0.81484652  0.86484380  0.91845384  0.75302668  0.83114091  0.84780108  0.38615739  0.41380289  0.36828304  0.36828304  0.59351743  0.55847441  0.55847441  0.55847441  0.47238906  0.47238906  0.47238906  0.49299256  0.46229790  0.48261932  0.00000000  0.15487604  0.23894892  0.36828304  0.39525862  0.39525862  0.47238906  0.47238906  0.47238906  0.51418437  0.46229790  0.65587049  0.64297377  0.64297377  0.63029733  0.53599908  0.66899527  0.68235633  0.66899527  0.66899527  0.68235633  0.65587049  0.70982239  0.64297377  0.64297377  0.64297377  0.68235633  0.72394622  0.78329315  0.60557602  0.64297377  0.88228708  0.83114091  0.78329315  1.01742475  0.84780108  0.81484652  0.79890217  0.97623969  0.86484380  0.97623969  0.90015019  0.88228708  0.93722032  0.90015019  0.84780108  0.91845384  1.20971056  0.88228708  0.79890217  0.91845384  0.90015019  0.84780108  0.84780108  0.73834403  0.86484380  0.84780108  0.84780108  0.69596232  0.70982239  0.78329315  0.79890217  0.88228708  0.84780108  0.93722032  0.84780108  0.73834403  0.73834403  0.73834403  0.75302668  0.75302668  0.68235633  0.73834403  0.75302668  0.76800565  0.76800565  0.84780108  0.84780108  0.73834403  0.79890217  0.86484380  0.84780108  0.86484380  0.79890217  
52_0_0     0.75302668  0.79890217  0.97623969  0.79890217  0.78329315  0.97623969  0.86484380  0.91845384  0.83114091  0.93722032  0.97623969  0.81484652  0.29278291  0.30080242  0.30080242  0.30890952  0.61783375  0.64297377  0.61783375  0.61783375  0.48261932  0.48261932  0.48261932  0.48261932  0.50351283  0.52501158  0.15487604  0.00000000  0.12884262  0.33377610  0.35950474  0.37716641  0.37716641  0.35950474  0.35950474  0.37716641  0.36828304  0.58165164  0.56997256  0.56997256  0.55847441  0.46229790  0.58165164  0.53599908  0.50351283  0.64297377  0.66899527  0.63029733  0.68235633  0.55847441  0.54715167  0.52501158  0.68235633  0.69596232  0.72394622  0.55847441  0.63029733  0.83114091  0.84780108  0.76800565  0.95647362  0.88228708  0.84780108  0.83114091  0.99654659  0.72394622  0.81484652  0.72394622  0.79890217  0.91845384  0.78329315  0.86484380  0.93722032  1.10735806  0.68235633  0.78329315  0.72394622  0.70982239  0.78329315  0.73834403  0.69596232  0.83114091  0.78329315  0.78329315  0.69596232  0.73834403  0.78329315  0.78329315  0.88228708  0.78329315  0.88228708  0.73834403  0.76800565  0.79890217  0.79890217  0.72394622  0.78329315  0.73834403  0.79890217  0.75302668  0.76800565  0.76800565  0.88228708  0.91845384  0.83114091  0.84780108  0.84780108  0.86484380  0.95647362  0.83114091  
61_0_0     0.79890217  0.76800565  0.91845384  0.83114091  0.84780108  0.99654659  0.84780108  0.93722032  0.91845384  0.93722032  0.90015019  0.90015019  0.35950474  0.33377610  0.34225360  0.35082905  0.60557602  0.60557602  0.60557602  0.60557602  0.51418437  0.51418437  0.49299256  0.51418437  0.47238906  0.47238906  0.23894892  0.12884262  0.00000000  0.40447284  0.39525862  0.42325171  0.46229790  0.46229790  0.46229790  0.46229790  0.45234210  0.63029733  0.61783375  0.61783375  0.60557602  0.53599908  0.59351743  0.54715167  0.53599908  0.72394622  0.78329315  0.76800565  0.78329315  0.70982239  0.56997256  0.52501158  0.61783375  0.63029733  0.66899527  0.64297377  0.66899527  0.91845384  0.93722032  0.84780108  0.88228708  0.90015019  0.76800565  0.81484652  0.90015019  0.75302668  0.79890217  0.70982239  0.76800565  0.90015019  0.81484652  0.79890217  1.01742475  1.13165359  0.72394622  0.83114091  0.83114091  0.78329315  0.73834403  0.75302668  0.72394622  0.97623969  0.95647362  0.95647362  0.75302668  0.79890217  0.79890217  0.90015019  0.90015019  0.86484380  0.99654659  0.76800565  0.76800565  0.83114091  0.73834403  0.66899527  0.70982239  0.70982239  0.76800565  0.81484652  0.79890217  0.76800565  0.91845384  0.88228708  0.79890217  0.93722032  0.91845384  0.95647362  0.97623969  0.86484380  
67_0_0     0.61783375  0.75302668  0.88228708  0.69596232  0.68235633  0.75302668  0.75302668  0.75302668  0.69596232  0.79890217  0.78329315  0.72394622  0.39525862  0.38615739  0.39525862  0.40447284  0.69596232  0.69596232  0.69596232  0.66899527  0.64297377  0.61783375  0.65587049  0.61783375  0.63029733  0.61783375  0.36828304  0.33377610  0.40447284  0.00000000  0.05581011  0.06749399  0.30080242  0.31710616  0.32539433  0.30890952  0.30080242  0.40447284  0.39525862  0.39525862  0.38615739  0.33377610  0.61783375  0.63029733  0.68235633  0.75302668  0.75302668  0.76800565  0.83114091  0.70982239  0.65587049  0.70982239  0.72394622  0.72394622  0.70982239  0.63029733  0.64297377  0.83114091  0.78329315  0.75302668  0.91845384  0.97623969  0.93722032  0.79890217  0.84780108  0.73834403  0.83114091  0.76800565  0.88228708  0.97623969  0.91845384  0.88228708  0.95647362  1.06103010  0.70982239  0.76800565  0.81484652  0.76800565  0.78329315  0.73834403  0.76800565  0.75302668  0.72394622  0.72394622  0.66899527  0.70982239  0.78329315  0.79890217  0.83114091  0.73834403  0.81484652  0.65587049  0.65587049  0.68235633  0.65587049  0.66899527  0.70982239  0.69596232  0.63029733  0.64297377  0.65587049  0.61783375  0.70982239  0.76800565  0.70982239  0.70982239  0.72394622  0.78329315  0.79890217  0.58165164  
