20
15_0_0     0.00000000  0.03040069  0.03040069  0.02158713  0.09038718  0.08559695  0.11481276  0.11481276  0.11481276  0.10986300  0.11979572  0.10986300  0.47117039  0.49563555  0.45529661  0.45529661  0.46319111  0.46319111  0.47923628  0.45529661  
19_0_0     0.03040069  0.00000000  0.00000000  0.01721925  0.10494598  0.10006129  0.12986301  0.12986301  0.12986301  0.12481232  0.13494827  0.12481232  0.48739068  0.51240491  0.47117039  0.47117039  0.47923628  0.47923628  0.49563555  0.47117039  
17_0_0     0.03040069  0.00000000  0.00000000  0.01721925  0.10494598  0.10006129  0.12986301  0.12986301  0.12986301  0.12481232  0.13494827  0.12481232  0.48739068  0.51240491  0.47117039  0.47117039  0.47923628  0.47923628  0.49563555  0.47117039  
18_0_0     0.02158713  0.01721925  0.01721925  0.00000000  0.09520849  0.09038718  0.10986300  0.10986300  0.10986300  0.10494598  0.11481276  0.10494598  0.47923628  0.50397293  0.46319111  0.46319111  0.47117039  0.47117039  0.48739068  0.46319111  
20_0_0     0.09038718  0.10494598  0.10494598  0.09520849  0.00000000  0.01287688  0.14522439  0.14522439  0.14522439  0.14006856  0.15041623  0.14006856  0.45529661  0.47923628  0.42453144  0.42453144  0.43210415  0.44748508  0.43975482  0.43975482  
16_0_0     0.08559695  0.10006129  0.10006129  0.09038718  0.01287688  0.00000000  0.15041623  0.15041623  0.15041623  0.14522439  0.15564460  0.14522439  0.46319111  0.48739068  0.43210415  0.43210415  0.43975482  0.45529661  0.44748508  0.44748508  
11_0_0     0.11481276  0.12986301  0.12986301  0.10986300  0.14522439  0.15041623  0.00000000  0.00000000  0.00000000  0.01287688  0.02158713  0.01287688  0.46319111  0.47117039  0.43210415  0.43210415  0.43975482  0.45529661  0.44748508  0.44748508  
2_0_0      0.11481276  0.12986301  0.12986301  0.10986300  0.14522439  0.15041623  0.00000000  0.00000000  0.00000000  0.01287688  0.02158713  0.01287688  0.46319111  0.47117039  0.43210415  0.43210415  0.43975482  0.45529661  0.44748508  0.44748508  
14_0_0     0.11481276  0.12986301  0.12986301  0.10986300  0.14522439  0.15041623  0.00000000  0.00000000  0.00000000  0.01287688  0.02158713  0.01287688  0.46319111  0.47117039  0.43210415  0.43210415  0.43975482  0.45529661  0.44748508  0.44748508  
13_0_0     0.10986300  0.12481232  0.12481232  0.10494598  0.14006856  0.14522439  0.01287688  0.01287688  0.01287688  0.00000000  0.00855975  0.00000000  0.48739068  0.47923628  0.43975482  0.43975482  0.44748508  0.46319111  0.45529661  0.43975482  
6_0_0      0.11979572  0.13494827  0.13494827  0.11481276  0.15041623  0.15564460  0.02158713  0.02158713  0.02158713  0.00855975  0.00000000  0.00855975  0.47923628  0.47117039  0.43210415  0.43210415  0.43975482  0.45529661  0.44748508  0.44748508  
3_0_0      0.10986300  0.12481232  0.12481232  0.10494598  0.14006856  0.14522439  0.01287688  0.01287688  0.01287688  0.00000000  0.00855975  0.00000000  0.48739068  0.47923628  0.43975482  0.43975482  0.44748508  0.46319111  0.45529661  0.43975482  
4_0_0      0.47117039  0.48739068  0.48739068  0.47923628  0.45529661  0.46319111  0.46319111  0.46319111  0.46319111  0.48739068  0.47923628  0.48739068  0.00000000  0.05290305  0.03932003  0.03932003  0.03484698  0.03484698  0.05748646  0.11481276  
12_0_0     0.49563555  0.51240491  0.51240491  0.50397293  0.47923628  0.48739068  0.47117039  0.47117039  0.47117039  0.47923628  0.47117039  0.47923628  0.05290305  0.00000000  0.03040069  0.03040069  0.02598084  0.03484698  0.04834773  0.09520849  
1_0_0      0.45529661  0.47117039  0.47117039  0.46319111  0.42453144  0.43210415  0.43210415  0.43210415  0.43210415  0.43975482  0.43210415  0.43975482  0.03932003  0.03040069  0.00000000  0.00855975  0.00426755  0.01287688  0.01721925  0.09038718  
7_0_0      0.45529661  0.47117039  0.47117039  0.46319111  0.42453144  0.43210415  0.43210415  0.43210415  0.43210415  0.43975482  0.43210415  0.43975482  0.03932003  0.03040069  0.00855975  0.00000000  0.00426755  0.01287688  0.02598084  0.09038718  
10_0_0     0.46319111  0.47923628  0.47923628  0.47117039  0.43210415  0.43975482  0.43975482  0.43975482  0.43975482  0.44748508  0.43975482  0.44748508  0.03484698  0.02598084  0.00426755  0.00426755  0.00000000  0.00855975  0.02158713  0.08559695  
5_0_0      0.46319111  0.47923628  0.47923628  0.47117039  0.44748508  0.45529661  0.45529661  0.45529661  0.45529661  0.46319111  0.45529661  0.46319111  0.03484698  0.03484698  0.01287688  0.01287688  0.00855975  0.00000000  0.03040069  0.09520849  
8_0_0      0.47923628  0.49563555  0.49563555  0.48739068  0.43975482  0.44748508  0.44748508  0.44748508  0.44748508  0.45529661  0.44748508  0.45529661  0.05748646  0.04834773  0.01721925  0.02598084  0.02158713  0.03040069  0.00000000  0.10006129  
9_0_0      0.45529661  0.47117039  0.47117039  0.46319111  0.43975482  0.44748508  0.44748508  0.44748508  0.44748508  0.43975482  0.44748508  0.43975482  0.11481276  0.09520849  0.09038718  0.09038718  0.08559695  0.09520849  0.10006129  0.00000000  

