20
1_0_0      0.00000000  0.00499179  0.00000000  0.43281126  0.44175385  0.44175385  0.38129708  0.37304702  0.38129708  0.38963943  0.36488723  0.36488723  0.38963943  0.32537614  0.32537614  0.42397463  0.41524149  0.38963943  0.38129708  0.38129708  
3_0_0      0.00499179  0.00000000  0.00499179  0.42397463  0.43281126  0.43281126  0.38963943  0.38129708  0.38963943  0.38129708  0.35681576  0.35681576  0.38129708  0.31771906  0.31771906  0.43281126  0.41524149  0.39807616  0.38963943  0.38963943  
2_0_0      0.00000000  0.00499179  0.00000000  0.43281126  0.44175385  0.44175385  0.38129708  0.37304702  0.38129708  0.38963943  0.36488723  0.36488723  0.38963943  0.32537614  0.32537614  0.42397463  0.41524149  0.38963943  0.38129708  0.38129708  
18_0_0     0.43281126  0.42397463  0.43281126  0.00000000  0.03566530  0.01507676  0.21140251  0.21803764  0.27335767  0.48814979  0.46924364  0.46924364  0.49778570  0.53762490  0.52746380  0.56896631  0.47863680  0.49778570  0.49778570  0.49778570  
8_0_0      0.44175385  0.43281126  0.44175385  0.03566530  0.00000000  0.04090249  0.19830675  0.21803764  0.27335767  0.50754775  0.48814979  0.48814979  0.51743929  0.51743929  0.50754775  0.59061714  0.45080499  0.50754775  0.50754775  0.50754775  
16_0_0     0.44175385  0.43281126  0.44175385  0.01507676  0.04090249  0.00000000  0.21803764  0.21803764  0.25913820  0.49778570  0.47863680  0.47863680  0.50754775  0.53762490  0.52746380  0.55837214  0.48814979  0.50754775  0.50754775  0.50754775  
14_0_0     0.38129708  0.38963943  0.38129708  0.21140251  0.19830675  0.21803764  0.00000000  0.09540263  0.17908448  0.46924364  0.43281126  0.43281126  0.44175385  0.50754775  0.49778570  0.54792637  0.45080499  0.48814979  0.50754775  0.50754775  
6_0_0      0.37304702  0.38129708  0.37304702  0.21803764  0.21803764  0.21803764  0.09540263  0.00000000  0.19184412  0.44175385  0.40660944  0.40660944  0.41524149  0.47863680  0.46924364  0.53762490  0.44175385  0.46924364  0.48814979  0.48814979  
15_0_0     0.38129708  0.38963943  0.38129708  0.27335767  0.27335767  0.25913820  0.17908448  0.19184412  0.00000000  0.42397463  0.42397463  0.42397463  0.40660944  0.40660944  0.39807616  0.55837214  0.48814979  0.51743929  0.51743929  0.51743929  
5_0_0      0.38963943  0.38129708  0.38963943  0.48814979  0.50754775  0.49778570  0.46924364  0.44175385  0.42397463  0.00000000  0.04090249  0.04090249  0.03566530  0.13607038  0.13012315  0.37304702  0.45996733  0.41524149  0.42397463  0.42397463  
4_0_0      0.36488723  0.35681576  0.36488723  0.46924364  0.48814979  0.47863680  0.43281126  0.40660944  0.42397463  0.04090249  0.00000000  0.00000000  0.02529998  0.17278561  0.15420207  0.38963943  0.45996733  0.40660944  0.40660944  0.40660944  
12_0_0     0.36488723  0.35681576  0.36488723  0.46924364  0.48814979  0.47863680  0.43281126  0.40660944  0.42397463  0.04090249  0.00000000  0.00000000  0.02529998  0.17278561  0.15420207  0.38963943  0.45996733  0.40660944  0.40660944  0.40660944  
10_0_0     0.38963943  0.38129708  0.38963943  0.49778570  0.51743929  0.50754775  0.44175385  0.41524149  0.40660944  0.03566530  0.02529998  0.02529998  0.00000000  0.15420207  0.14810906  0.38129708  0.47863680  0.44175385  0.44175385  0.44175385  
17_0_0     0.32537614  0.31771906  0.32537614  0.53762490  0.51743929  0.53762490  0.50754775  0.47863680  0.40660944  0.13607038  0.17278561  0.17278561  0.15420207  0.00000000  0.01507676  0.39807616  0.44175385  0.47863680  0.46924364  0.46924364  
11_0_0     0.32537614  0.31771906  0.32537614  0.52746380  0.50754775  0.52746380  0.49778570  0.46924364  0.39807616  0.13012315  0.15420207  0.15420207  0.14810906  0.01507676  0.00000000  0.39807616  0.45996733  0.45996733  0.45080499  0.45080499  
20_0_0     0.42397463  0.43281126  0.42397463  0.56896631  0.59061714  0.55837214  0.54792637  0.53762490  0.55837214  0.37304702  0.38963943  0.38963943  0.38129708  0.39807616  0.39807616  0.00000000  0.49778570  0.49778570  0.49778570  0.49778570  
19_0_0     0.41524149  0.41524149  0.41524149  0.47863680  0.45080499  0.48814979  0.45080499  0.44175385  0.48814979  0.45996733  0.45996733  0.45996733  0.47863680  0.44175385  0.45996733  0.49778570  0.00000000  0.19184412  0.18543701  0.18543701  
7_0_0      0.38963943  0.39807616  0.38963943  0.49778570  0.50754775  0.50754775  0.48814979  0.46924364  0.51743929  0.41524149  0.40660944  0.40660944  0.44175385  0.47863680  0.45996733  0.49778570  0.19184412  0.00000000  0.01507676  0.01507676  
13_0_0     0.38129708  0.38963943  0.38129708  0.49778570  0.50754775  0.50754775  0.50754775  0.48814979  0.51743929  0.42397463  0.40660944  0.40660944  0.44175385  0.46924364  0.45080499  0.49778570  0.18543701  0.01507676  0.00000000  0.00000000  
9_0_0      0.38129708  0.38963943  0.38129708  0.49778570  0.50754775  0.50754775  0.50754775  0.48814979  0.51743929  0.42397463  0.40660944  0.40660944  0.44175385  0.46924364  0.45080499  0.49778570  0.18543701  0.01507676  0.00000000  0.00000000  

