20
15_0_0     0.00000000  0.08489311  0.08489311  0.05772994  0.14237528  0.20465227  0.37742565  0.37742565  0.39817296  0.39817296  0.38772728  0.38772728  0.44148069  0.40876679  0.40876679  0.43041611  0.40876679  0.46411401  0.43041611  0.39817296  
19_0_0     0.08489311  0.00000000  0.00000000  0.02510865  0.11308142  0.15746457  0.38772728  0.40876679  0.38772728  0.38772728  0.37742565  0.37742565  0.44148069  0.41951302  0.41951302  0.41951302  0.41951302  0.45271163  0.46411401  0.39817296  
17_0_0     0.08489311  0.00000000  0.00000000  0.02510865  0.11308142  0.15746457  0.38772728  0.40876679  0.38772728  0.38772728  0.37742565  0.37742565  0.44148069  0.41951302  0.41951302  0.41951302  0.41951302  0.45271163  0.46411401  0.39817296  
18_0_0     0.05772994  0.02510865  0.02510865  0.00000000  0.09885431  0.15746457  0.38772728  0.38772728  0.38772728  0.38772728  0.37742565  0.37742565  0.43041611  0.40876679  0.40876679  0.40876679  0.40876679  0.44148069  0.45271163  0.37742565  
20_0_0     0.14237528  0.11308142  0.11308142  0.09885431  0.00000000  0.11308142  0.41951302  0.41951302  0.41951302  0.40876679  0.40876679  0.40876679  0.43041611  0.40876679  0.41951302  0.39817296  0.41951302  0.37742565  0.41951302  0.37742565  
16_0_0     0.20465227  0.15746457  0.15746457  0.15746457  0.11308142  0.00000000  0.40876679  0.43041611  0.40876679  0.41951302  0.41951302  0.41951302  0.47569313  0.44148069  0.45271163  0.45271163  0.45271163  0.40876679  0.45271163  0.43041611  
3_0_0      0.37742565  0.38772728  0.38772728  0.38772728  0.41951302  0.40876679  0.00000000  0.02510865  0.01244884  0.03798673  0.03151994  0.02510865  0.31843214  0.26375851  0.25502299  0.27259739  0.25502299  0.27259739  0.31843214  0.21281504  
6_0_0      0.37742565  0.40876679  0.40876679  0.38772728  0.41951302  0.43041611  0.02510865  0.00000000  0.03798673  0.05109072  0.04450999  0.03798673  0.31843214  0.28154211  0.27259739  0.29059523  0.27259739  0.29059523  0.31843214  0.22941314  
13_0_0     0.39817296  0.38772728  0.38772728  0.38772728  0.41951302  0.40876679  0.01244884  0.03798673  0.00000000  0.03798673  0.03151994  0.02510865  0.33758361  0.28154211  0.27259739  0.27259739  0.27259739  0.27259739  0.31843214  0.21281504  
11_0_0     0.39817296  0.38772728  0.38772728  0.38772728  0.40876679  0.41951302  0.03798673  0.05109072  0.03798673  0.00000000  0.01875193  0.01244884  0.34734668  0.29059523  0.28154211  0.28154211  0.28154211  0.28154211  0.31843214  0.22106799  
14_0_0     0.38772728  0.37742565  0.37742565  0.37742565  0.40876679  0.41951302  0.03151994  0.04450999  0.03151994  0.01875193  0.00000000  0.00619849  0.35723903  0.29975942  0.29059523  0.29059523  0.29059523  0.29059523  0.32794650  0.21281504  
2_0_0      0.38772728  0.37742565  0.37742565  0.37742565  0.40876679  0.41951302  0.02510865  0.03798673  0.02510865  0.01244884  0.00619849  0.00000000  0.34734668  0.29059523  0.28154211  0.28154211  0.28154211  0.28154211  0.31843214  0.22106799  
8_0_0      0.44148069  0.44148069  0.44148069  0.43041611  0.43041611  0.47569313  0.31843214  0.31843214  0.33758361  0.34734668  0.35723903  0.34734668  0.00000000  0.06442870  0.06442870  0.07800916  0.06442870  0.16512508  0.11308142  0.17286496  
1_0_0      0.40876679  0.41951302  0.41951302  0.40876679  0.40876679  0.44148069  0.26375851  0.28154211  0.28154211  0.29059523  0.29975942  0.29059523  0.06442870  0.00000000  0.01244884  0.01875193  0.01244884  0.11308142  0.09184110  0.11308142  
10_0_0     0.40876679  0.41951302  0.41951302  0.40876679  0.41951302  0.45271163  0.25502299  0.27259739  0.27259739  0.28154211  0.29059523  0.28154211  0.06442870  0.01244884  0.00000000  0.01244884  0.00000000  0.12029789  0.09885431  0.10593400  
5_0_0      0.43041611  0.41951302  0.41951302  0.40876679  0.39817296  0.45271163  0.27259739  0.29059523  0.27259739  0.28154211  0.29059523  0.28154211  0.07800916  0.01875193  0.01244884  0.00000000  0.01244884  0.10593400  0.09885431  0.10593400  
7_0_0      0.40876679  0.41951302  0.41951302  0.40876679  0.41951302  0.45271163  0.25502299  0.27259739  0.27259739  0.28154211  0.29059523  0.28154211  0.06442870  0.01244884  0.00000000  0.01244884  0.00000000  0.12029789  0.09885431  0.10593400  
4_0_0      0.46411401  0.45271163  0.45271163  0.44148069  0.37742565  0.40876679  0.27259739  0.29059523  0.27259739  0.28154211  0.29059523  0.28154211  0.16512508  0.11308142  0.12029789  0.10593400  0.12029789  0.00000000  0.12758476  0.12758476  
12_0_0     0.43041611  0.46411401  0.46411401  0.45271163  0.41951302  0.45271163  0.31843214  0.31843214  0.31843214  0.31843214  0.32794650  0.31843214  0.11308142  0.09184110  0.09885431  0.09885431  0.09885431  0.12758476  0.00000000  0.16512508  
9_0_0      0.39817296  0.39817296  0.39817296  0.37742565  0.37742565  0.43041611  0.21281504  0.22941314  0.21281504  0.22106799  0.21281504  0.22106799  0.17286496  0.11308142  0.10593400  0.10593400  0.10593400  0.12758476  0.16512508  0.00000000  

