20
16_0_0     0.00000000  0.12883101  0.12883101  0.14407934  0.16491684  0.16491684  0.19732783  0.18094319  0.29149513  0.27289241  0.26679497  0.26074784  0.26074784  0.25475019  0.25475019  0.27289241  0.32358902  0.29149513  0.31058234  0.29149513  
19_0_0     0.12883101  0.00000000  0.00000000  0.09443884  0.16491684  0.16491684  0.17556204  0.18094319  0.29780246  0.29149513  0.26679497  0.26074784  0.26074784  0.26679497  0.26679497  0.26074784  0.30416455  0.29780246  0.29780246  0.29780246  
13_0_0     0.12883101  0.00000000  0.00000000  0.09443884  0.16491684  0.16491684  0.17556204  0.18094319  0.29780246  0.29149513  0.26679497  0.26074784  0.26074784  0.26679497  0.26679497  0.26074784  0.30416455  0.29780246  0.29780246  0.29780246  
20_0_0     0.14407934  0.09443884  0.09443884  0.00000000  0.16491684  0.16491684  0.15442404  0.15965166  0.27904100  0.29149513  0.26679497  0.25475019  0.25475019  0.26074784  0.26074784  0.27904100  0.29149513  0.27289241  0.31058234  0.28524161  
15_0_0     0.16491684  0.16491684  0.16491684  0.16491684  0.00000000  0.00000000  0.04345737  0.05246684  0.31058234  0.27289241  0.26074784  0.27289241  0.27289241  0.27904100  0.27904100  0.29149513  0.33017996  0.29149513  0.28524161  0.29149513  
17_0_0     0.16491684  0.16491684  0.16491684  0.16491684  0.00000000  0.00000000  0.04345737  0.05246684  0.31058234  0.27289241  0.26074784  0.27289241  0.27289241  0.27904100  0.27904100  0.29149513  0.33017996  0.29149513  0.28524161  0.29149513  
14_0_0     0.19732783  0.17556204  0.17556204  0.15442404  0.04345737  0.04345737  0.00000000  0.05246684  0.28524161  0.28524161  0.28524161  0.27904100  0.27904100  0.28524161  0.29149513  0.32358902  0.32358902  0.30416455  0.30416455  0.29780246  
18_0_0     0.18094319  0.18094319  0.18094319  0.15965166  0.05246684  0.05246684  0.05246684  0.00000000  0.27904100  0.27289241  0.29149513  0.29149513  0.29149513  0.29780246  0.29780246  0.32358902  0.33683071  0.31058234  0.31705683  0.31058234  
7_0_0      0.29149513  0.29780246  0.29780246  0.27904100  0.31058234  0.31058234  0.28524161  0.27904100  0.00000000  0.23123868  0.20287180  0.18636414  0.18636414  0.21408715  0.20845802  0.22547679  0.23123868  0.20287180  0.24880123  0.22547679  
10_0_0     0.27289241  0.29149513  0.29149513  0.29149513  0.27289241  0.27289241  0.28524161  0.27289241  0.23123868  0.00000000  0.20287180  0.19732783  0.19732783  0.20845802  0.21408715  0.19182549  0.22547679  0.20845802  0.19182549  0.21408715  
5_0_0      0.26679497  0.26679497  0.26679497  0.26679497  0.26074784  0.26074784  0.28524161  0.29149513  0.20287180  0.20287180  0.00000000  0.05701345  0.05701345  0.08017943  0.07548728  0.09443884  0.13896123  0.17022011  0.20845802  0.19182549  
2_0_0      0.26074784  0.26074784  0.26074784  0.25475019  0.27289241  0.27289241  0.27904100  0.29149513  0.18636414  0.19732783  0.05701345  0.00000000  0.00000000  0.04345737  0.04794826  0.09443884  0.12883101  0.18094319  0.20287180  0.18636414  
12_0_0     0.26074784  0.26074784  0.26074784  0.25475019  0.27289241  0.27289241  0.27904100  0.29149513  0.18636414  0.19732783  0.05701345  0.00000000  0.00000000  0.04345737  0.04794826  0.09443884  0.12883101  0.18094319  0.20287180  0.18636414  
11_0_0     0.25475019  0.26679497  0.26679497  0.26074784  0.27904100  0.27904100  0.28524161  0.29780246  0.21408715  0.20845802  0.08017943  0.04345737  0.04345737  0.00000000  0.00423160  0.11389347  0.13896123  0.19732783  0.20845802  0.19182549  
4_0_0      0.25475019  0.26679497  0.26679497  0.26074784  0.27904100  0.27904100  0.29149513  0.29780246  0.20845802  0.21408715  0.07548728  0.04794826  0.04794826  0.00423160  0.00000000  0.11883890  0.14407934  0.19182549  0.21408715  0.19732783  
1_0_0      0.27289241  0.26074784  0.26074784  0.27904100  0.29149513  0.29149513  0.32358902  0.32358902  0.22547679  0.19182549  0.09443884  0.09443884  0.09443884  0.11389347  0.11883890  0.00000000  0.08017943  0.19182549  0.20287180  0.19732783  
8_0_0      0.32358902  0.30416455  0.30416455  0.29149513  0.33017996  0.33017996  0.32358902  0.33683071  0.23123868  0.22547679  0.13896123  0.12883101  0.12883101  0.13896123  0.14407934  0.08017943  0.00000000  0.19182549  0.21975985  0.21975985  
9_0_0      0.29149513  0.29780246  0.29780246  0.27289241  0.29149513  0.29149513  0.30416455  0.31058234  0.20287180  0.20845802  0.17022011  0.18094319  0.18094319  0.19732783  0.19182549  0.19182549  0.19182549  0.00000000  0.05246684  0.03455731  
6_0_0      0.31058234  0.29780246  0.29780246  0.31058234  0.28524161  0.28524161  0.30416455  0.31705683  0.24880123  0.19182549  0.20845802  0.20287180  0.20287180  0.20845802  0.21408715  0.20287180  0.21975985  0.05246684  0.00000000  0.03455731  
3_0_0      0.29149513  0.29780246  0.29780246  0.28524161  0.29149513  0.29149513  0.29780246  0.31058234  0.22547679  0.21408715  0.19182549  0.18636414  0.18636414  0.19182549  0.19732783  0.19732783  0.21975985  0.03455731  0.03455731  0.00000000  

