177
39_2_0     0.00000000  0.00949519  0.00473222  0.21181857  0.20554816  0.21814307  0.23095816  0.33495666  0.32754511  0.33495666  0.34244391  0.32754511  0.32754511  0.34244391  0.32754511  0.32020774  0.28458369  0.29862626  0.30574972  0.29862626  0.32020774  0.32754511  0.32020774  0.34244391  0.32754511  0.29862626  0.32020774  0.28458369  0.26401169  0.28458369  0.26401169  0.25728068  0.25061091  0.28458369  0.28458369  0.35000842  0.33495666  0.29862626  0.29862626  0.31294309  0.27080508  0.29862626  0.29157135  0.29862626  0.27080508  0.31294309  0.31294309  0.31294309  0.31294309  0.31294309  0.33495666  0.30574972  0.30574972  0.32020774  0.32020774  0.27766201  0.30574972  0.25061091  0.25061091  0.24400128  0.25728068  0.25061091  0.26401169  0.24400128  0.24400128  0.30574972  0.35000842  0.27080508  0.28458369  0.25728068  0.25061091  0.26401169  0.26401169  0.25728068  0.32020774  0.29862626  0.30574972  0.32020774  0.31294309  0.32754511  0.33495666  0.29862626  0.35000842  0.32020774  0.33495666  0.34244391  0.34244391  0.34244391  0.35000842  0.36537574  0.37318191  0.34244391  0.34244391  0.29157135  0.30574972  0.31294309  0.29862626  0.30574972  0.24400128  0.27766201  0.26401169  0.28458369  0.27080508  0.27080508  0.27080508  0.29157135  0.30574972  0.32020774  0.31294309  0.32754511  0.28458369  0.28458369  0.29157135  0.28458369  0.28458369  0.27766201  0.32020774  0.29862626  0.33495666  0.33495666  0.34244391  0.35000842  0.30574972  0.29157135  0.32020774  0.30574972  0.23745071  0.23095816  0.24400128  0.23745071  0.24400128  0.24400128  0.23095816  0.23745071  0.24400128  0.24400128  0.25728068  0.27766201  0.35765181  0.29862626  0.31294309  0.28458369  0.41351061  0.39711194  0.37318191  0.38107211  0.39711194  0.39711194  0.40526542  0.36537574  0.38107211  0.35765181  0.42184959  0.42184959  0.42184959  0.41351061  0.40526542  0.40526542  0.39711194  0.39711194  0.40526542  0.40526542  0.41351061  0.41351061  0.44745126  0.43881764  0.44745126  0.44745126  0.43028452  0.46502968  0.43028452  0.43881764  0.43881764  0.43881764  0.34244391  0.33495666  0.33495666  
46_2_0     0.00949519  0.00000000  0.00473222  0.21181857  0.20554816  0.21814307  0.21814307  0.32020774  0.31294309  0.32020774  0.32754511  0.31294309  0.31294309  0.32754511  0.31294309  0.30574972  0.27080508  0.28458369  0.29157135  0.28458369  0.30574972  0.31294309  0.30574972  0.32754511  0.31294309  0.29862626  0.32020774  0.27080508  0.25061091  0.27080508  0.25061091  0.24400128  0.23745071  0.27080508  0.27080508  0.36537574  0.33495666  0.31294309  0.29862626  0.31294309  0.27080508  0.29862626  0.27766201  0.29862626  0.27080508  0.31294309  0.31294309  0.31294309  0.31294309  0.31294309  0.33495666  0.30574972  0.30574972  0.32020774  0.32020774  0.29157135  0.30574972  0.25061091  0.25061091  0.24400128  0.25728068  0.25061091  0.26401169  0.24400128  0.24400128  0.29157135  0.35000842  0.25728068  0.27080508  0.24400128  0.23745071  0.25061091  0.25061091  0.24400128  0.30574972  0.29157135  0.29157135  0.30574972  0.29862626  0.31294309  0.32020774  0.28458369  0.34244391  0.31294309  0.32754511  0.33495666  0.33495666  0.33495666  0.34244391  0.35765181  0.36537574  0.33495666  0.33495666  0.28458369  0.29862626  0.30574972  0.29157135  0.29862626  0.23095816  0.27080508  0.26401169  0.28458369  0.27080508  0.27080508  0.27080508  0.29157135  0.30574972  0.30574972  0.29862626  0.31294309  0.27080508  0.27080508  0.27766201  0.27080508  0.27080508  0.27766201  0.30574972  0.28458369  0.32020774  0.32020774  0.32754511  0.33495666  0.30574972  0.29157135  0.32020774  0.29157135  0.23745071  0.24400128  0.24400128  0.25061091  0.25728068  0.24400128  0.23095816  0.22452261  0.23095816  0.23095816  0.24400128  0.26401169  0.37318191  0.29862626  0.29862626  0.28458369  0.39711194  0.38107211  0.35765181  0.36537574  0.38107211  0.38107211  0.40526542  0.36537574  0.36537574  0.35765181  0.42184959  0.42184959  0.42184959  0.41351061  0.40526542  0.40526542  0.39711194  0.39711194  0.40526542  0.40526542  0.41351061  0.41351061  0.44745126  0.43881764  0.44745126  0.44745126  0.43028452  0.46502968  0.43028452  0.43881764  0.43881764  0.43881764  0.33495666  0.32754511  0.32754511  
11_2_0     0.00473222  0.00473222  0.00000000  0.20554816  0.19933094  0.21181857  0.22452261  0.32754511  0.32020774  0.32754511  0.33495666  0.32020774  0.32020774  0.33495666  0.32020774  0.31294309  0.27766201  0.29157135  0.29862626  0.29157135  0.31294309  0.32020774  0.31294309  0.33495666  0.32020774  0.29157135  0.31294309  0.27766201  0.25728068  0.27766201  0.25728068  0.25061091  0.24400128  0.27766201  0.27766201  0.35765181  0.32754511  0.30574972  0.29157135  0.30574972  0.26401169  0.29157135  0.28458369  0.29157135  0.26401169  0.30574972  0.30574972  0.30574972  0.30574972  0.30574972  0.32754511  0.29862626  0.29862626  0.31294309  0.31294309  0.28458369  0.29862626  0.24400128  0.24400128  0.23745071  0.25061091  0.24400128  0.25728068  0.23745071  0.23745071  0.29862626  0.34244391  0.26401169  0.27766201  0.25061091  0.24400128  0.25728068  0.25728068  0.25061091  0.31294309  0.29157135  0.29862626  0.31294309  0.30574972  0.32020774  0.32754511  0.29157135  0.35000842  0.32020774  0.33495666  0.34244391  0.34244391  0.34244391  0.35000842  0.36537574  0.37318191  0.34244391  0.34244391  0.29157135  0.30574972  0.31294309  0.29862626  0.30574972  0.23745071  0.27080508  0.27080508  0.29157135  0.27766201  0.27766201  0.27766201  0.29862626  0.31294309  0.31294309  0.30574972  0.32020774  0.27766201  0.27766201  0.28458369  0.27766201  0.27766201  0.28458369  0.31294309  0.29157135  0.32754511  0.32754511  0.33495666  0.34244391  0.29862626  0.28458369  0.31294309  0.29862626  0.23095816  0.23745071  0.25061091  0.24400128  0.25061091  0.23745071  0.22452261  0.23095816  0.23745071  0.23745071  0.25061091  0.27080508  0.36537574  0.29157135  0.30574972  0.29157135  0.40526542  0.38904816  0.36537574  0.37318191  0.38904816  0.38904816  0.41351061  0.37318191  0.37318191  0.36537574  0.43028452  0.43028452  0.43028452  0.42184959  0.41351061  0.41351061  0.40526542  0.40526542  0.41351061  0.41351061  0.42184959  0.42184959  0.45618778  0.44745126  0.45618778  0.45618778  0.43881764  0.47397952  0.43881764  0.44745126  0.44745126  0.44745126  0.33495666  0.32754511  0.32754511  
34_1_0     0.21181857  0.21181857  0.20554816  0.00000000  0.00949519  0.00473222  0.02397265  0.18705248  0.18098952  0.18705248  0.19316600  0.19316600  0.19316600  0.20554816  0.20554816  0.19316600  0.16901199  0.16901199  0.16309583  0.16901199  0.19933094  0.18098952  0.17497629  0.18705248  0.18098952  0.18098952  0.17497629  0.17497629  0.15722703  0.16309583  0.15722703  0.13989738  0.19316600  0.18705248  0.18705248  0.25061091  0.22452261  0.21181857  0.17497629  0.18705248  0.18098952  0.17497629  0.20554816  0.17497629  0.15140484  0.20554816  0.19316600  0.19316600  0.19316600  0.18098952  0.19933094  0.18705248  0.18705248  0.18705248  0.18705248  0.18705248  0.18705248  0.13421069  0.12296797  0.12856778  0.12856778  0.11189507  0.13421069  0.11741061  0.11741061  0.18098952  0.21181857  0.15140484  0.16309583  0.15140484  0.12856778  0.14562853  0.14562853  0.15140484  0.21181857  0.19933094  0.20554816  0.23745071  0.21814307  0.21814307  0.21181857  0.18098952  0.19316600  0.18098952  0.18098952  0.17497629  0.17497629  0.17497629  0.19316600  0.19933094  0.19933094  0.18705248  0.18705248  0.18098952  0.18098952  0.19933094  0.18705248  0.16901199  0.21814307  0.18705248  0.23745071  0.27080508  0.23095816  0.23095816  0.24400128  0.21814307  0.20554816  0.18098952  0.18705248  0.18705248  0.18705248  0.18705248  0.19316600  0.16901199  0.16901199  0.17497629  0.19316600  0.18705248  0.19316600  0.21814307  0.21181857  0.21814307  0.18705248  0.19933094  0.21181857  0.15140484  0.13989738  0.13421069  0.14562853  0.13989738  0.14562853  0.13421069  0.12296797  0.15722703  0.13989738  0.16309583  0.15140484  0.16901199  0.24400128  0.15140484  0.16901199  0.14562853  0.21814307  0.26401169  0.25728068  0.25061091  0.27766201  0.27766201  0.30574972  0.30574972  0.29157135  0.31294309  0.26401169  0.26401169  0.26401169  0.25728068  0.25061091  0.25061091  0.25728068  0.25728068  0.25061091  0.25061091  0.28458369  0.28458369  0.28458369  0.27766201  0.32020774  0.32020774  0.27080508  0.29862626  0.27080508  0.27766201  0.28458369  0.27766201  0.21181857  0.21814307  0.21814307  
17_1_0     0.20554816  0.20554816  0.19933094  0.00949519  0.00000000  0.01428931  0.03378561  0.19316600  0.18705248  0.19316600  0.19933094  0.19933094  0.19933094  0.21181857  0.21181857  0.19933094  0.17497629  0.17497629  0.16901199  0.17497629  0.20554816  0.18705248  0.18098952  0.19316600  0.18705248  0.18705248  0.18098952  0.17497629  0.15722703  0.16309583  0.15722703  0.13421069  0.19316600  0.18705248  0.18705248  0.25061091  0.21814307  0.21181857  0.18705248  0.19933094  0.19316600  0.18705248  0.21181857  0.18705248  0.15140484  0.20554816  0.19316600  0.19316600  0.19316600  0.18098952  0.19933094  0.18705248  0.18705248  0.18705248  0.18705248  0.18705248  0.18705248  0.13421069  0.13421069  0.13989738  0.13989738  0.12296797  0.14562853  0.12856778  0.12856778  0.19316600  0.21181857  0.16309583  0.17497629  0.16309583  0.13989738  0.15722703  0.15722703  0.16309583  0.21181857  0.19933094  0.21814307  0.25061091  0.23095816  0.23095816  0.22452261  0.19316600  0.19933094  0.18705248  0.18705248  0.18098952  0.18098952  0.18098952  0.19933094  0.20554816  0.20554816  0.19316600  0.19316600  0.17497629  0.17497629  0.19316600  0.18098952  0.16309583  0.21181857  0.18705248  0.23745071  0.27080508  0.24400128  0.24400128  0.24400128  0.21814307  0.21814307  0.19316600  0.19933094  0.19933094  0.19933094  0.19933094  0.20554816  0.18098952  0.18098952  0.18705248  0.20554816  0.19933094  0.20554816  0.22452261  0.22452261  0.23095816  0.19933094  0.21181857  0.22452261  0.16309583  0.15140484  0.14562853  0.15722703  0.15140484  0.15722703  0.14562853  0.13421069  0.16901199  0.15140484  0.16309583  0.16309583  0.18098952  0.25728068  0.16309583  0.18098952  0.14562853  0.23095816  0.27766201  0.27080508  0.26401169  0.29157135  0.29157135  0.31294309  0.31294309  0.29862626  0.30574972  0.27080508  0.27080508  0.27080508  0.26401169  0.25728068  0.25728068  0.26401169  0.26401169  0.25728068  0.25728068  0.29157135  0.29157135  0.29157135  0.28458369  0.32754511  0.32754511  0.27766201  0.30574972  0.27766201  0.28458369  0.29157135  0.28458369  0.22452261  0.23095816  0.23095816  
44_1_0     0.21814307  0.21814307  0.21181857  0.00473222  0.01428931  0.00000000  0.02886271  0.19316600  0.18705248  0.19316600  0.19933094  0.19933094  0.19933094  0.21181857  0.21181857  0.19933094  0.17497629  0.17497629  0.16901199  0.17497629  0.20554816  0.18705248  0.18098952  0.19316600  0.18705248  0.18705248  0.18098952  0.18098952  0.16309583  0.16901199  0.16309583  0.14562853  0.19933094  0.19316600  0.19316600  0.25728068  0.23095816  0.21814307  0.18098952  0.19316600  0.18705248  0.18098952  0.21181857  0.18098952  0.15722703  0.21181857  0.19933094  0.19933094  0.19933094  0.18705248  0.20554816  0.19316600  0.19316600  0.19316600  0.19316600  0.19316600  0.19316600  0.13989738  0.12856778  0.13421069  0.13421069  0.11741061  0.13989738  0.12296797  0.12296797  0.17497629  0.20554816  0.15722703  0.16901199  0.15722703  0.13421069  0.15140484  0.15140484  0.15722703  0.20554816  0.19316600  0.21181857  0.24400128  0.22452261  0.21181857  0.20554816  0.18705248  0.19933094  0.18705248  0.18705248  0.18098952  0.18098952  0.18098952  0.19933094  0.20554816  0.20554816  0.19316600  0.19316600  0.18705248  0.18705248  0.19316600  0.18098952  0.17497629  0.22452261  0.19316600  0.24400128  0.27766201  0.23745071  0.23745071  0.25061091  0.22452261  0.21181857  0.18705248  0.19316600  0.19316600  0.19316600  0.19316600  0.19933094  0.17497629  0.17497629  0.18098952  0.18705248  0.18098952  0.18705248  0.21181857  0.20554816  0.21181857  0.18098952  0.19316600  0.20554816  0.14562853  0.14562853  0.13989738  0.15140484  0.14562853  0.15140484  0.13989738  0.12856778  0.16309583  0.14562853  0.16901199  0.15722703  0.17497629  0.25061091  0.15722703  0.17497629  0.14562853  0.22452261  0.27080508  0.26401169  0.25728068  0.28458369  0.28458369  0.31294309  0.31294309  0.28458369  0.32020774  0.27080508  0.27080508  0.27080508  0.26401169  0.25728068  0.25728068  0.26401169  0.26401169  0.25728068  0.25728068  0.29157135  0.29157135  0.29157135  0.28458369  0.32754511  0.32754511  0.27766201  0.30574972  0.27766201  0.28458369  0.29157135  0.28458369  0.21814307  0.22452261  0.22452261  
36_1_0     0.23095816  0.21814307  0.22452261  0.02397265  0.03378561  0.02886271  0.00000000  0.18098952  0.17497629  0.18098952  0.19933094  0.18705248  0.18705248  0.19933094  0.19933094  0.18705248  0.16309583  0.16309583  0.15722703  0.16309583  0.19316600  0.18705248  0.18098952  0.19316600  0.18705248  0.19933094  0.19316600  0.18098952  0.16309583  0.16901199  0.16309583  0.14562853  0.19933094  0.19316600  0.19316600  0.27080508  0.24400128  0.21814307  0.18098952  0.19316600  0.17497629  0.18098952  0.19933094  0.19316600  0.16901199  0.22452261  0.21181857  0.21181857  0.21181857  0.19933094  0.21814307  0.20554816  0.20554816  0.20554816  0.19316600  0.19316600  0.20554816  0.13989738  0.12856778  0.13421069  0.13421069  0.12856778  0.15140484  0.12296797  0.12296797  0.17497629  0.21181857  0.13421069  0.14562853  0.13421069  0.11189507  0.12856778  0.12856778  0.13421069  0.20554816  0.19933094  0.19933094  0.23095816  0.21181857  0.21181857  0.21814307  0.17497629  0.18705248  0.17497629  0.16309583  0.16901199  0.16901199  0.16901199  0.18705248  0.19316600  0.19316600  0.18098952  0.18098952  0.17497629  0.17497629  0.19316600  0.18098952  0.16309583  0.23745071  0.19933094  0.22452261  0.25728068  0.21814307  0.21814307  0.23095816  0.20554816  0.19933094  0.17497629  0.18098952  0.18098952  0.18098952  0.18098952  0.18705248  0.17497629  0.17497629  0.18098952  0.18705248  0.18098952  0.18705248  0.21181857  0.20554816  0.21181857  0.19316600  0.20554816  0.21814307  0.14562853  0.15722703  0.15140484  0.15140484  0.15722703  0.16309583  0.15140484  0.13989738  0.15140484  0.13421069  0.15722703  0.14562853  0.16309583  0.27766201  0.18098952  0.17497629  0.15140484  0.19933094  0.25728068  0.26401169  0.25728068  0.28458369  0.28458369  0.29862626  0.28458369  0.27766201  0.29157135  0.25728068  0.25728068  0.25728068  0.25061091  0.24400128  0.24400128  0.25061091  0.25061091  0.24400128  0.23095816  0.26401169  0.26401169  0.27766201  0.27080508  0.29862626  0.29862626  0.25061091  0.27766201  0.25061091  0.25728068  0.26401169  0.25728068  0.21181857  0.21814307  0.21814307  
5_4_0      0.33495666  0.32020774  0.32754511  0.18705248  0.19316600  0.19316600  0.18098952  0.00000000  0.00473222  0.00000000  0.06920390  0.05381463  0.05381463  0.06403816  0.06403816  0.05381463  0.09023875  0.09023875  0.08492318  0.09023875  0.08492318  0.13421069  0.12856778  0.14562853  0.13989738  0.12856778  0.12296797  0.24400128  0.23745071  0.23745071  0.23095816  0.21181857  0.25728068  0.25061091  0.25061091  0.28458369  0.24400128  0.24400128  0.23745071  0.24400128  0.25728068  0.23745071  0.25728068  0.25061091  0.23745071  0.25728068  0.24400128  0.24400128  0.23095816  0.21814307  0.23745071  0.22452261  0.22452261  0.23745071  0.25061091  0.22452261  0.21181857  0.21814307  0.20554816  0.21181857  0.21181857  0.21814307  0.23095816  0.19933094  0.19933094  0.24400128  0.28458369  0.19316600  0.19933094  0.19933094  0.20554816  0.18098952  0.18098952  0.18705248  0.25061091  0.25061091  0.26401169  0.25061091  0.24400128  0.24400128  0.23745071  0.20554816  0.20554816  0.24400128  0.22452261  0.21814307  0.21814307  0.21814307  0.23745071  0.25061091  0.21814307  0.24400128  0.24400128  0.23095816  0.23095816  0.25061091  0.23745071  0.21814307  0.27080508  0.25061091  0.27766201  0.29862626  0.27080508  0.27080508  0.28458369  0.25728068  0.25728068  0.23745071  0.23095816  0.24400128  0.21814307  0.21814307  0.22452261  0.21181857  0.21181857  0.21814307  0.22452261  0.21814307  0.21181857  0.25061091  0.24400128  0.25728068  0.23745071  0.25061091  0.26401169  0.23095816  0.23095816  0.23745071  0.23745071  0.23095816  0.22452261  0.23745071  0.22452261  0.23095816  0.21181857  0.23745071  0.22452261  0.23095816  0.29862626  0.21814307  0.23745071  0.25061091  0.26401169  0.34244391  0.36537574  0.34244391  0.32754511  0.32754511  0.32020774  0.29862626  0.32754511  0.33495666  0.29157135  0.29157135  0.29157135  0.28458369  0.27766201  0.29157135  0.29862626  0.29862626  0.29157135  0.27766201  0.28458369  0.28458369  0.28458369  0.29157135  0.37318191  0.37318191  0.31294309  0.34244391  0.31294309  0.32020774  0.32020774  0.32020774  0.25728068  0.25061091  0.25061091  
32_4_0     0.32754511  0.31294309  0.32020774  0.18098952  0.18705248  0.18705248  0.17497629  0.00473222  0.00000000  0.00473222  0.06403816  0.04875583  0.04875583  0.05890857  0.05890857  0.04875583  0.08492318  0.08492318  0.07964588  0.08492318  0.07964588  0.12856778  0.12296797  0.13989738  0.13421069  0.12296797  0.11741061  0.24400128  0.23745071  0.23095816  0.22452261  0.20554816  0.25061091  0.24400128  0.24400128  0.27766201  0.23745071  0.23745071  0.23095816  0.23745071  0.25061091  0.23095816  0.25061091  0.24400128  0.23095816  0.25061091  0.23745071  0.23745071  0.22452261  0.21181857  0.23095816  0.21814307  0.21814307  0.23095816  0.24400128  0.21814307  0.20554816  0.22452261  0.21181857  0.21814307  0.21814307  0.22452261  0.23745071  0.20554816  0.20554816  0.25061091  0.29157135  0.19933094  0.20554816  0.20554816  0.21181857  0.18705248  0.18705248  0.19316600  0.24400128  0.24400128  0.25728068  0.24400128  0.23745071  0.23745071  0.23095816  0.19933094  0.21181857  0.25061091  0.23095816  0.22452261  0.22452261  0.22452261  0.24400128  0.25728068  0.22452261  0.25061091  0.25061091  0.23745071  0.23745071  0.25728068  0.24400128  0.22452261  0.26401169  0.24400128  0.28458369  0.30574972  0.27766201  0.27766201  0.29157135  0.26401169  0.26401169  0.24400128  0.23745071  0.25061091  0.21181857  0.21181857  0.21814307  0.20554816  0.20554816  0.21181857  0.21814307  0.21181857  0.20554816  0.24400128  0.23745071  0.25061091  0.23095816  0.24400128  0.25728068  0.22452261  0.22452261  0.23095816  0.23095816  0.22452261  0.21814307  0.23095816  0.21814307  0.22452261  0.20554816  0.23095816  0.21814307  0.22452261  0.30574972  0.22452261  0.24400128  0.24400128  0.25728068  0.33495666  0.35765181  0.33495666  0.32020774  0.32020774  0.31294309  0.29157135  0.32020774  0.32754511  0.28458369  0.28458369  0.28458369  0.27766201  0.27080508  0.28458369  0.29157135  0.29157135  0.28458369  0.27080508  0.27766201  0.27766201  0.27766201  0.28458369  0.36537574  0.36537574  0.30574972  0.33495666  0.30574972  0.31294309  0.31294309  0.31294309  0.25061091  0.24400128  0.24400128  
13_4_0     0.33495666  0.32020774  0.32754511  0.18705248  0.19316600  0.19316600  0.18098952  0.00000000  0.00473222  0.00000000  0.06920390  0.05381463  0.05381463  0.06403816  0.06403816  0.05381463  0.09023875  0.09023875  0.08492318  0.09023875  0.08492318  0.13421069  0.12856778  0.14562853  0.13989738  0.12856778  0.12296797  0.24400128  0.23745071  0.23745071  0.23095816  0.21181857  0.25728068  0.25061091  0.25061091  0.28458369  0.24400128  0.24400128  0.23745071  0.24400128  0.25728068  0.23745071  0.25728068  0.25061091  0.23745071  0.25728068  0.24400128  0.24400128  0.23095816  0.21814307  0.23745071  0.22452261  0.22452261  0.23745071  0.25061091  0.22452261  0.21181857  0.21814307  0.20554816  0.21181857  0.21181857  0.21814307  0.23095816  0.19933094  0.19933094  0.24400128  0.28458369  0.19316600  0.19933094  0.19933094  0.20554816  0.18098952  0.18098952  0.18705248  0.25061091  0.25061091  0.26401169  0.25061091  0.24400128  0.24400128  0.23745071  0.20554816  0.20554816  0.24400128  0.22452261  0.21814307  0.21814307  0.21814307  0.23745071  0.25061091  0.21814307  0.24400128  0.24400128  0.23095816  0.23095816  0.25061091  0.23745071  0.21814307  0.27080508  0.25061091  0.27766201  0.29862626  0.27080508  0.27080508  0.28458369  0.25728068  0.25728068  0.23745071  0.23095816  0.24400128  0.21814307  0.21814307  0.22452261  0.21181857  0.21181857  0.21814307  0.22452261  0.21814307  0.21181857  0.25061091  0.24400128  0.25728068  0.23745071  0.25061091  0.26401169  0.23095816  0.23095816  0.23745071  0.23745071  0.23095816  0.22452261  0.23745071  0.22452261  0.23095816  0.21181857  0.23745071  0.22452261  0.23095816  0.29862626  0.21814307  0.23745071  0.25061091  0.26401169  0.34244391  0.36537574  0.34244391  0.32754511  0.32754511  0.32020774  0.29862626  0.32754511  0.33495666  0.29157135  0.29157135  0.29157135  0.28458369  0.27766201  0.29157135  0.29862626  0.29862626  0.29157135  0.27766201  0.28458369  0.28458369  0.28458369  0.29157135  0.37318191  0.37318191  0.31294309  0.34244391  0.31294309  0.32020774  0.32020774  0.32020774  0.25728068  0.25061091  0.25061091  
29_4_0     0.34244391  0.32754511  0.33495666  0.19316600  0.19933094  0.19933094  0.19933094  0.06920390  0.06403816  0.06920390  0.00000000  0.06403816  0.06403816  0.07440630  0.07440630  0.06403816  0.10098694  0.10098694  0.09559315  0.10098694  0.10642071  0.14562853  0.13989738  0.13421069  0.12856778  0.12856778  0.12296797  0.23745071  0.23095816  0.22452261  0.21814307  0.19933094  0.27080508  0.25728068  0.25728068  0.30574972  0.26401169  0.27080508  0.25061091  0.26401169  0.27080508  0.26401169  0.27080508  0.26401169  0.25061091  0.24400128  0.23095816  0.23095816  0.23095816  0.20554816  0.22452261  0.21181857  0.21181857  0.22452261  0.23745071  0.21181857  0.21181857  0.22452261  0.19933094  0.20554816  0.20554816  0.22452261  0.25061091  0.20554816  0.20554816  0.26401169  0.27766201  0.21181857  0.21814307  0.21814307  0.22452261  0.19933094  0.19933094  0.20554816  0.27080508  0.25061091  0.24400128  0.25728068  0.25061091  0.25061091  0.24400128  0.22452261  0.21814307  0.23745071  0.25061091  0.23095816  0.23095816  0.23095816  0.25061091  0.26401169  0.23095816  0.25728068  0.25728068  0.23745071  0.25061091  0.27080508  0.25728068  0.23095816  0.29157135  0.25728068  0.29157135  0.32754511  0.28458369  0.28458369  0.29862626  0.28458369  0.27766201  0.25728068  0.25061091  0.26401169  0.22452261  0.22452261  0.23095816  0.20554816  0.20554816  0.21181857  0.25728068  0.25061091  0.24400128  0.27080508  0.25728068  0.27766201  0.25728068  0.25728068  0.27080508  0.25061091  0.22452261  0.23095816  0.23095816  0.23745071  0.23095816  0.22452261  0.23095816  0.23745071  0.21814307  0.24400128  0.23095816  0.23745071  0.27766201  0.21181857  0.23095816  0.25728068  0.25061091  0.32754511  0.35000842  0.32754511  0.31294309  0.31294309  0.26401169  0.24400128  0.29862626  0.32020774  0.27080508  0.28458369  0.28458369  0.27766201  0.27080508  0.28458369  0.29157135  0.29157135  0.28458369  0.28458369  0.27766201  0.27766201  0.27766201  0.28458369  0.37318191  0.37318191  0.29157135  0.32020774  0.29157135  0.29862626  0.28458369  0.29862626  0.23095816  0.22452261  0.22452261  
13_24_0    0.32754511  0.31294309  0.32020774  0.19316600  0.19933094  0.19933094  0.18705248  0.05381463  0.04875583  0.05381463  0.06403816  0.00000000  0.00000000  0.00949519  0.01911499  0.00949519  0.08492318  0.08492318  0.07964588  0.08492318  0.09023875  0.15140484  0.14562853  0.13989738  0.13421069  0.13421069  0.11741061  0.23095816  0.22452261  0.23095816  0.21181857  0.20554816  0.27766201  0.25061091  0.25061091  0.29157135  0.25061091  0.25061091  0.24400128  0.25728068  0.26401169  0.25728068  0.27766201  0.25728068  0.25728068  0.25061091  0.23745071  0.23745071  0.22452261  0.19933094  0.21814307  0.20554816  0.20554816  0.21814307  0.23095816  0.21814307  0.20554816  0.23745071  0.22452261  0.23095816  0.23095816  0.23745071  0.26401169  0.21814307  0.21814307  0.26401169  0.29157135  0.21181857  0.21814307  0.21814307  0.22452261  0.19933094  0.19933094  0.20554816  0.28458369  0.25728068  0.25728068  0.25728068  0.25061091  0.25061091  0.24400128  0.21181857  0.23745071  0.26401169  0.26401169  0.25728068  0.25728068  0.25728068  0.27766201  0.29157135  0.24400128  0.28458369  0.28458369  0.25061091  0.26401169  0.28458369  0.27080508  0.24400128  0.27766201  0.27080508  0.27080508  0.30574972  0.26401169  0.26401169  0.27766201  0.26401169  0.27766201  0.24400128  0.23745071  0.25061091  0.19933094  0.19933094  0.20554816  0.21814307  0.21814307  0.22452261  0.24400128  0.23745071  0.23095816  0.24400128  0.23745071  0.25061091  0.23095816  0.24400128  0.25728068  0.22452261  0.22452261  0.23095816  0.24400128  0.23745071  0.23095816  0.24400128  0.23095816  0.23745071  0.21814307  0.24400128  0.21814307  0.22452261  0.32754511  0.25061091  0.25728068  0.25728068  0.28458369  0.36537574  0.38904816  0.36537574  0.35000842  0.35000842  0.29862626  0.27766201  0.32020774  0.32754511  0.27080508  0.27080508  0.28458369  0.27766201  0.27080508  0.29862626  0.29157135  0.29157135  0.28458369  0.27080508  0.29157135  0.29157135  0.27766201  0.28458369  0.36537574  0.36537574  0.30574972  0.33495666  0.30574972  0.31294309  0.31294309  0.31294309  0.26401169  0.25728068  0.24400128  
5_24_0     0.32754511  0.31294309  0.32020774  0.19316600  0.19933094  0.19933094  0.18705248  0.05381463  0.04875583  0.05381463  0.06403816  0.00000000  0.00000000  0.00949519  0.01911499  0.00949519  0.08492318  0.08492318  0.07964588  0.08492318  0.09023875  0.15140484  0.14562853  0.13989738  0.13421069  0.13421069  0.11741061  0.23095816  0.22452261  0.23095816  0.21181857  0.20554816  0.27766201  0.25061091  0.25061091  0.29157135  0.25061091  0.25061091  0.24400128  0.25728068  0.26401169  0.25728068  0.27766201  0.25728068  0.25728068  0.25061091  0.23745071  0.23745071  0.22452261  0.19933094  0.21814307  0.20554816  0.20554816  0.21814307  0.23095816  0.21814307  0.20554816  0.23745071  0.22452261  0.23095816  0.23095816  0.23745071  0.26401169  0.21814307  0.21814307  0.26401169  0.29157135  0.21181857  0.21814307  0.21814307  0.22452261  0.19933094  0.19933094  0.20554816  0.28458369  0.25728068  0.25728068  0.25728068  0.25061091  0.25061091  0.24400128  0.21181857  0.23745071  0.26401169  0.26401169  0.25728068  0.25728068  0.25728068  0.27766201  0.29157135  0.24400128  0.28458369  0.28458369  0.25061091  0.26401169  0.28458369  0.27080508  0.24400128  0.27766201  0.27080508  0.27080508  0.30574972  0.26401169  0.26401169  0.27766201  0.26401169  0.27766201  0.24400128  0.23745071  0.25061091  0.19933094  0.19933094  0.20554816  0.21814307  0.21814307  0.22452261  0.24400128  0.23745071  0.23095816  0.24400128  0.23745071  0.25061091  0.23095816  0.24400128  0.25728068  0.22452261  0.22452261  0.23095816  0.24400128  0.23745071  0.23095816  0.24400128  0.23095816  0.23745071  0.21814307  0.24400128  0.21814307  0.22452261  0.32754511  0.25061091  0.25728068  0.25728068  0.28458369  0.36537574  0.38904816  0.36537574  0.35000842  0.35000842  0.29862626  0.27766201  0.32020774  0.32754511  0.27080508  0.27080508  0.28458369  0.27766201  0.27080508  0.29862626  0.29157135  0.29157135  0.28458369  0.27080508  0.29157135  0.29157135  0.27766201  0.28458369  0.36537574  0.36537574  0.30574972  0.33495666  0.30574972  0.31294309  0.31294309  0.31294309  0.26401169  0.25728068  0.24400128  
32_24_0    0.34244391  0.32754511  0.33495666  0.20554816  0.21181857  0.21181857  0.19933094  0.06403816  0.05890857  0.06403816  0.07440630  0.00949519  0.00949519  0.00000000  0.02886271  0.01911499  0.09559315  0.09559315  0.09023875  0.09559315  0.10098694  0.16309583  0.15722703  0.15140484  0.14562853  0.14562853  0.12856778  0.24400128  0.23745071  0.24400128  0.22452261  0.20554816  0.29157135  0.26401169  0.26401169  0.29157135  0.25061091  0.26401169  0.25728068  0.27080508  0.27766201  0.27080508  0.27766201  0.27080508  0.27080508  0.25061091  0.23745071  0.23745071  0.22452261  0.21181857  0.23095816  0.21814307  0.21814307  0.23095816  0.23095816  0.23095816  0.21814307  0.25061091  0.23745071  0.24400128  0.24400128  0.25061091  0.27766201  0.23095816  0.23095816  0.26401169  0.30574972  0.21181857  0.21814307  0.21814307  0.23745071  0.21181857  0.21181857  0.21814307  0.28458369  0.25728068  0.24400128  0.25728068  0.25061091  0.25061091  0.24400128  0.22452261  0.23745071  0.26401169  0.27766201  0.25728068  0.25728068  0.25728068  0.27766201  0.29157135  0.24400128  0.28458369  0.28458369  0.25061091  0.26401169  0.28458369  0.27080508  0.24400128  0.29157135  0.27766201  0.28458369  0.32020774  0.27766201  0.27766201  0.29157135  0.26401169  0.28458369  0.25728068  0.25061091  0.26401169  0.21181857  0.21181857  0.20554816  0.23095816  0.23095816  0.23745071  0.25728068  0.25061091  0.24400128  0.25728068  0.25061091  0.26401169  0.24400128  0.25728068  0.27080508  0.23745071  0.22452261  0.23095816  0.25728068  0.25061091  0.24400128  0.25728068  0.24400128  0.23745071  0.21814307  0.24400128  0.21814307  0.22452261  0.32754511  0.25061091  0.25728068  0.27080508  0.29157135  0.35765181  0.39711194  0.37318191  0.35765181  0.35765181  0.30574972  0.28458369  0.32754511  0.33495666  0.27766201  0.27766201  0.29157135  0.28458369  0.27766201  0.30574972  0.29862626  0.29862626  0.29157135  0.27766201  0.28458369  0.28458369  0.27080508  0.27766201  0.35765181  0.35765181  0.31294309  0.34244391  0.31294309  0.32020774  0.32020774  0.32020774  0.25061091  0.25728068  0.24400128  
32_26_0    0.32754511  0.31294309  0.32020774  0.20554816  0.21181857  0.21181857  0.19933094  0.06403816  0.05890857  0.06403816  0.07440630  0.01911499  0.01911499  0.02886271  0.00000000  0.00949519  0.09023875  0.09023875  0.08492318  0.09023875  0.09559315  0.16309583  0.15722703  0.15140484  0.14562853  0.14562853  0.12856778  0.24400128  0.23745071  0.24400128  0.22452261  0.21814307  0.28458369  0.25728068  0.25728068  0.30574972  0.26401169  0.27766201  0.25061091  0.26401169  0.27080508  0.26401169  0.28458369  0.27766201  0.27080508  0.26401169  0.25061091  0.25061091  0.23745071  0.21181857  0.23095816  0.21814307  0.21814307  0.23095816  0.25728068  0.23095816  0.21814307  0.23745071  0.22452261  0.23095816  0.23095816  0.23745071  0.26401169  0.21814307  0.21814307  0.25728068  0.30574972  0.21181857  0.21814307  0.21814307  0.22452261  0.19933094  0.19933094  0.20554816  0.27766201  0.25728068  0.25728068  0.27080508  0.26401169  0.26401169  0.25728068  0.22452261  0.23745071  0.27766201  0.27766201  0.27080508  0.27080508  0.27080508  0.29157135  0.30574972  0.25728068  0.29862626  0.29862626  0.26401169  0.27766201  0.29862626  0.28458369  0.25728068  0.27766201  0.26401169  0.27080508  0.30574972  0.26401169  0.26401169  0.27766201  0.26401169  0.27766201  0.24400128  0.25061091  0.25061091  0.22452261  0.22452261  0.23095816  0.22452261  0.22452261  0.23095816  0.25061091  0.24400128  0.23745071  0.25061091  0.24400128  0.25728068  0.23745071  0.25061091  0.26401169  0.23745071  0.23745071  0.24400128  0.25728068  0.25061091  0.24400128  0.25728068  0.24400128  0.25061091  0.23095816  0.25728068  0.24400128  0.24400128  0.32020774  0.25728068  0.26401169  0.27766201  0.29862626  0.37318191  0.40526542  0.38107211  0.35765181  0.35765181  0.31294309  0.29157135  0.33495666  0.34244391  0.29862626  0.29862626  0.29862626  0.29157135  0.28458369  0.31294309  0.30574972  0.30574972  0.29862626  0.28458369  0.30574972  0.30574972  0.29157135  0.29862626  0.38107211  0.38107211  0.32020774  0.35000842  0.32020774  0.32754511  0.32754511  0.32754511  0.27766201  0.27080508  0.25728068  
13_26_0    0.32020774  0.30574972  0.31294309  0.19316600  0.19933094  0.19933094  0.18705248  0.05381463  0.04875583  0.05381463  0.06403816  0.00949519  0.00949519  0.01911499  0.00949519  0.00000000  0.07964588  0.07964588  0.07440630  0.07964588  0.08492318  0.15140484  0.14562853  0.13989738  0.13421069  0.13421069  0.11741061  0.23095816  0.22452261  0.23095816  0.21181857  0.20554816  0.27080508  0.24400128  0.24400128  0.30574972  0.26401169  0.26401169  0.23745071  0.25061091  0.25728068  0.25061091  0.27080508  0.26401169  0.25728068  0.25061091  0.23745071  0.23745071  0.22452261  0.19933094  0.21814307  0.20554816  0.20554816  0.21814307  0.24400128  0.21814307  0.20554816  0.23745071  0.22452261  0.23095816  0.23095816  0.23745071  0.26401169  0.21814307  0.21814307  0.25728068  0.29157135  0.21181857  0.21814307  0.21814307  0.22452261  0.19933094  0.19933094  0.20554816  0.27766201  0.25728068  0.25728068  0.27080508  0.26401169  0.26401169  0.25728068  0.22452261  0.23745071  0.26401169  0.26401169  0.25728068  0.25728068  0.25728068  0.27766201  0.29157135  0.24400128  0.28458369  0.28458369  0.26401169  0.27766201  0.29862626  0.28458369  0.25728068  0.27766201  0.26401169  0.27080508  0.30574972  0.26401169  0.26401169  0.27766201  0.26401169  0.27766201  0.24400128  0.23745071  0.25061091  0.21181857  0.21181857  0.21814307  0.21181857  0.21181857  0.21814307  0.23745071  0.23095816  0.22452261  0.23745071  0.23095816  0.24400128  0.22452261  0.23745071  0.25061091  0.22452261  0.22452261  0.23095816  0.24400128  0.23745071  0.23095816  0.24400128  0.23095816  0.23745071  0.21814307  0.24400128  0.23095816  0.23095816  0.32754511  0.25061091  0.25728068  0.26401169  0.28458369  0.35765181  0.38904816  0.36537574  0.34244391  0.34244391  0.29862626  0.27766201  0.32020774  0.32754511  0.28458369  0.28458369  0.28458369  0.27766201  0.27080508  0.29862626  0.29157135  0.29157135  0.28458369  0.27080508  0.29157135  0.29157135  0.27766201  0.28458369  0.36537574  0.36537574  0.30574972  0.33495666  0.30574972  0.31294309  0.31294309  0.31294309  0.26401169  0.25728068  0.24400128  
8_4_0      0.28458369  0.27080508  0.27766201  0.16901199  0.17497629  0.17497629  0.16309583  0.09023875  0.08492318  0.09023875  0.10098694  0.08492318  0.08492318  0.09559315  0.09023875  0.07964588  0.00000000  0.01911499  0.01428931  0.01911499  0.04373171  0.17497629  0.16901199  0.15140484  0.14562853  0.15722703  0.15140484  0.23095816  0.22452261  0.23095816  0.21181857  0.19316600  0.23745071  0.21181857  0.21181857  0.32020774  0.26401169  0.25061091  0.21814307  0.22452261  0.23745071  0.21814307  0.25061091  0.24400128  0.24400128  0.25061091  0.23745071  0.23745071  0.23745071  0.21181857  0.23095816  0.21814307  0.21814307  0.23095816  0.23095816  0.21814307  0.21814307  0.22452261  0.21181857  0.20554816  0.21814307  0.22452261  0.25061091  0.20554816  0.20554816  0.25061091  0.29157135  0.21181857  0.23095816  0.21814307  0.22452261  0.21181857  0.21181857  0.20554816  0.25728068  0.28458369  0.25728068  0.25728068  0.26401169  0.26401169  0.25728068  0.23745071  0.23745071  0.25061091  0.24400128  0.24400128  0.24400128  0.24400128  0.26401169  0.27766201  0.25728068  0.27080508  0.27080508  0.25061091  0.26401169  0.27080508  0.25728068  0.24400128  0.25061091  0.24400128  0.27080508  0.29157135  0.26401169  0.26401169  0.27766201  0.26401169  0.26401169  0.21814307  0.22452261  0.22452261  0.21181857  0.21181857  0.21814307  0.18098952  0.18098952  0.18705248  0.21814307  0.21181857  0.21814307  0.23095816  0.22452261  0.23745071  0.19933094  0.21181857  0.22452261  0.19933094  0.20554816  0.21181857  0.23745071  0.23095816  0.22452261  0.22452261  0.21181857  0.21814307  0.19933094  0.22452261  0.21181857  0.23095816  0.29157135  0.27766201  0.27080508  0.23095816  0.25728068  0.32020774  0.35765181  0.33495666  0.31294309  0.31294309  0.32754511  0.30574972  0.30574972  0.31294309  0.31294309  0.31294309  0.31294309  0.30574972  0.29862626  0.31294309  0.30574972  0.30574972  0.29862626  0.28458369  0.30574972  0.30574972  0.30574972  0.31294309  0.38107211  0.38107211  0.32020774  0.35000842  0.32020774  0.32754511  0.32754511  0.32754511  0.27766201  0.27080508  0.27080508  
27_4_0     0.29862626  0.28458369  0.29157135  0.16901199  0.17497629  0.17497629  0.16309583  0.09023875  0.08492318  0.09023875  0.10098694  0.08492318  0.08492318  0.09559315  0.09023875  0.07964588  0.01911499  0.00000000  0.00473222  0.00949519  0.04373171  0.17497629  0.16901199  0.15140484  0.14562853  0.15722703  0.15140484  0.23095816  0.22452261  0.23095816  0.21181857  0.19316600  0.23745071  0.22452261  0.22452261  0.32020774  0.26401169  0.25061091  0.21814307  0.22452261  0.23745071  0.21814307  0.25061091  0.24400128  0.24400128  0.26401169  0.25061091  0.25061091  0.25061091  0.22452261  0.24400128  0.23095816  0.23095816  0.24400128  0.23095816  0.23095816  0.23095816  0.22452261  0.21181857  0.21814307  0.21814307  0.22452261  0.25061091  0.20554816  0.20554816  0.25061091  0.29157135  0.19933094  0.21814307  0.20554816  0.21181857  0.19933094  0.19933094  0.19316600  0.25728068  0.28458369  0.27080508  0.27080508  0.26401169  0.26401169  0.25728068  0.23745071  0.22452261  0.23745071  0.23095816  0.23095816  0.23095816  0.23095816  0.25061091  0.26401169  0.23095816  0.25728068  0.25728068  0.23745071  0.25061091  0.25728068  0.24400128  0.23095816  0.23745071  0.24400128  0.29862626  0.32020774  0.29157135  0.29157135  0.30574972  0.27766201  0.27766201  0.21814307  0.22452261  0.22452261  0.23745071  0.23745071  0.24400128  0.18098952  0.18098952  0.18705248  0.23095816  0.22452261  0.23095816  0.21814307  0.21181857  0.22452261  0.22452261  0.23745071  0.25061091  0.21181857  0.20554816  0.21181857  0.23745071  0.23095816  0.22452261  0.22452261  0.21181857  0.21814307  0.19933094  0.22452261  0.21181857  0.23095816  0.32020774  0.27766201  0.27080508  0.24400128  0.25728068  0.32020774  0.35765181  0.33495666  0.29862626  0.29862626  0.32754511  0.29157135  0.30574972  0.31294309  0.31294309  0.31294309  0.31294309  0.30574972  0.29862626  0.32754511  0.32020774  0.32020774  0.31294309  0.29862626  0.30574972  0.30574972  0.30574972  0.31294309  0.38107211  0.38107211  0.32020774  0.35000842  0.32020774  0.32754511  0.32754511  0.32754511  0.27766201  0.27080508  0.28458369  
