21
12_5_0     0.00000000  0.10942687  0.07830245  0.07830245  0.21173113  0.20134114  0.17103649  0.12783174  0.10942687  0.20651751  0.16610672  0.16121028  0.16121028  0.16610672  0.17600004  0.14194892  0.13250696  0.17600004  0.18099783  0.18099783  0.17103649  
9_5_0      0.10942687  0.00000000  0.09147808  0.10489781  0.22227233  0.22227233  0.18603035  0.14671646  0.12783174  0.20651751  0.17103649  0.18603035  0.18099783  0.18603035  0.19620150  0.16121028  0.16121028  0.19620150  0.20134114  0.20134114  0.19109807  
12_0_0     0.07830245  0.09147808  0.00000000  0.05686204  0.20134114  0.19620150  0.14671646  0.11398443  0.09592376  0.19109807  0.16121028  0.15634671  0.14671646  0.15151558  0.16121028  0.13721256  0.13721256  0.17103649  0.17600004  0.17600004  0.16610672  
9_0_0      0.07830245  0.10489781  0.05686204  0.00000000  0.21173113  0.20651751  0.16610672  0.12318650  0.10489781  0.20134114  0.16121028  0.15634671  0.15634671  0.16121028  0.17103649  0.13721256  0.12783174  0.17103649  0.17600004  0.17600004  0.16610672  
15_0_0     0.21173113  0.22227233  0.20134114  0.21173113  0.00000000  0.00785494  0.23296919  0.16121028  0.14194892  0.17600004  0.18099783  0.18603035  0.17600004  0.18099783  0.18099783  0.16610672  0.16610672  0.21173113  0.21698255  0.21698255  0.20651751  
15_1_0     0.20134114  0.22227233  0.19620150  0.20651751  0.00785494  0.00000000  0.23296919  0.15151558  0.13250696  0.17600004  0.18099783  0.17600004  0.16610672  0.17103649  0.17103649  0.15634671  0.15634671  0.20134114  0.20651751  0.20651751  0.19620150  
17_0_0     0.17103649  0.18603035  0.14671646  0.16610672  0.23296919  0.23296919  0.00000000  0.12318650  0.10489781  0.21698255  0.15634671  0.18603035  0.17600004  0.18099783  0.19109807  0.16610672  0.16610672  0.19109807  0.19620150  0.19620150  0.18603035  
7_0_0      0.12783174  0.14671646  0.11398443  0.12318650  0.16121028  0.15151558  0.12318650  0.00000000  0.01579598  0.13721256  0.10942687  0.09592376  0.07830245  0.08266775  0.09147808  0.07830245  0.08705952  0.11857085  0.12318650  0.12318650  0.11398443  
5_0_0      0.10942687  0.12783174  0.09592376  0.10489781  0.14194892  0.13250696  0.10489781  0.01579598  0.00000000  0.11857085  0.09147808  0.07830245  0.06109965  0.06536220  0.07396330  0.06964998  0.06964998  0.10039688  0.10489781  0.10489781  0.09592376  
18_2_0     0.20651751  0.20651751  0.19109807  0.20134114  0.17600004  0.17600004  0.21698255  0.13721256  0.11857085  0.00000000  0.08266775  0.15634671  0.15151558  0.14671646  0.15634671  0.17103649  0.17103649  0.19620150  0.20134114  0.20134114  0.19109807  
17_2_0     0.16610672  0.17103649  0.16121028  0.16121028  0.18099783  0.18099783  0.15634671  0.10942687  0.09147808  0.08266775  0.00000000  0.13250696  0.12318650  0.11857085  0.12783174  0.13250696  0.13250696  0.14671646  0.15151558  0.15151558  0.14194892  
7_2_0      0.16121028  0.18603035  0.15634671  0.15634671  0.18603035  0.17600004  0.18603035  0.09592376  0.07830245  0.15634671  0.13250696  0.00000000  0.02382505  0.01979939  0.02787321  0.11857085  0.12783174  0.15151558  0.15634671  0.15634671  0.14671646  
5_3_0      0.16121028  0.18099783  0.14671646  0.15634671  0.17600004  0.16610672  0.17600004  0.07830245  0.06109965  0.15151558  0.12318650  0.02382505  0.00000000  0.00391682  0.01181458  0.10039688  0.10942687  0.14194892  0.14671646  0.14671646  0.13721256  
5_2_0      0.16610672  0.18603035  0.15151558  0.16121028  0.18099783  0.17103649  0.18099783  0.08266775  0.06536220  0.14671646  0.11857085  0.01979939  0.00391682  0.00000000  0.00785494  0.10489781  0.11398443  0.13721256  0.14194892  0.14194892  0.13250696  
5_4_0      0.17600004  0.19620150  0.16121028  0.17103649  0.18099783  0.17103649  0.19109807  0.09147808  0.07396330  0.15634671  0.12783174  0.02787321  0.01181458  0.00785494  0.00000000  0.10489781  0.11398443  0.13721256  0.14194892  0.14194892  0.13250696  
3_0_0      0.14194892  0.16121028  0.13721256  0.13721256  0.16610672  0.15634671  0.16610672  0.07830245  0.06964998  0.17103649  0.13250696  0.11857085  0.10039688  0.10489781  0.10489781  0.00000000  0.01579598  0.04429594  0.04846046  0.04846046  0.04015522  
11_0_0     0.13250696  0.16121028  0.13721256  0.12783174  0.16610672  0.15634671  0.16610672  0.08705952  0.06964998  0.17103649  0.13250696  0.12783174  0.10942687  0.11398443  0.11398443  0.01579598  0.00000000  0.04429594  0.04846046  0.04846046  0.04015522  
14_0_0     0.17600004  0.19620150  0.17103649  0.17103649  0.21173113  0.20134114  0.19109807  0.11857085  0.10039688  0.19620150  0.14671646  0.15151558  0.14194892  0.13721256  0.13721256  0.04429594  0.04429594  0.00000000  0.00391682  0.00391682  0.00391682  
16_0_0     0.18099783  0.20134114  0.17600004  0.17600004  0.21698255  0.20651751  0.19620150  0.12318650  0.10489781  0.20134114  0.15151558  0.15634671  0.14671646  0.14194892  0.14194892  0.04846046  0.04846046  0.00391682  0.00000000  0.00000000  0.00785494  
1_0_0      0.18099783  0.20134114  0.17600004  0.17600004  0.21698255  0.20651751  0.19620150  0.12318650  0.10489781  0.20134114  0.15151558  0.15634671  0.14671646  0.14194892  0.14194892  0.04846046  0.04846046  0.00391682  0.00000000  0.00000000  0.00785494  
4_0_0      0.17103649  0.19109807  0.16610672  0.16610672  0.20651751  0.19620150  0.18603035  0.11398443  0.09592376  0.19109807  0.14194892  0.14671646  0.13721256  0.13250696  0.13250696  0.04015522  0.04015522  0.00391682  0.00785494  0.00785494  0.00000000  

