20
20_0_0     0.00000000  0.02081775  0.02614706  0.02081775  0.01554862  0.33614703  0.41098622  0.44316483  0.41098622  0.41098622  0.37317899  0.37798172  0.37798172  0.36747932  0.36747932  0.36747932  0.36747932  0.37798172  0.43230305  0.40857042  
2_0_0      0.02081775  0.00000000  0.00515659  0.00000000  0.00515659  0.30715337  0.42252763  0.45545604  0.39972336  0.39972336  0.37317899  0.37798172  0.37798172  0.36747932  0.36747932  0.36747932  0.36747932  0.37798172  0.40857042  0.38598655  
3_0_0      0.02614706  0.00515659  0.00000000  0.00515659  0.01037080  0.31661918  0.43436175  0.46807977  0.41098622  0.41098622  0.36292290  0.38872594  0.38872594  0.37798172  0.37798172  0.37798172  0.37798172  0.38872594  0.42028588  0.39714188  
1_0_0      0.02081775  0.00000000  0.00515659  0.00000000  0.00515659  0.30715337  0.42252763  0.45545604  0.39972336  0.39972336  0.37317899  0.37798172  0.37798172  0.36747932  0.36747932  0.36747932  0.36747932  0.37798172  0.40857042  0.38598655  
6_0_0      0.01554862  0.00515659  0.01037080  0.00515659  0.00000000  0.31661918  0.42252763  0.45545604  0.41098622  0.41098622  0.36292290  0.38872594  0.38872594  0.37798172  0.37798172  0.37798172  0.37798172  0.38872594  0.42028588  0.39714188  
14_0_0     0.33614703  0.30715337  0.31661918  0.30715337  0.31661918  0.00000000  0.21757427  0.21632006  0.24184263  0.24184263  0.24444933  0.23361215  0.23361215  0.24184263  0.29061143  0.29061143  0.29061143  0.29980380  0.32568900  0.32568900  
11_0_0     0.41098622  0.42252763  0.43436175  0.42252763  0.42252763  0.21757427  0.00000000  0.01557339  0.08917657  0.08917657  0.17973696  0.09535219  0.09535219  0.10161063  0.29603348  0.29603348  0.31457817  0.32413439  0.35652787  0.35652787  
17_0_0     0.44316483  0.45545604  0.46807977  0.45545604  0.45545604  0.21632006  0.01557339  0.00000000  0.10736742  0.10736742  0.18607263  0.10106959  0.10106959  0.10736742  0.30336157  0.30336157  0.32207977  0.33172816  0.37509166  0.38598655  
19_0_0     0.41098622  0.39972336  0.41098622  0.39972336  0.41098622  0.24184263  0.08917657  0.10736742  0.00000000  0.00000000  0.14622086  0.07795858  0.07795858  0.07193699  0.29603348  0.29603348  0.31457817  0.30521371  0.41175124  0.41175124  
16_0_0     0.41098622  0.39972336  0.41098622  0.39972336  0.41098622  0.24184263  0.08917657  0.10736742  0.00000000  0.00000000  0.14622086  0.07795858  0.07795858  0.07193699  0.29603348  0.29603348  0.31457817  0.30521371  0.41175124  0.41175124  
5_0_0      0.37317899  0.37317899  0.36292290  0.37317899  0.36292290  0.24444933  0.17973696  0.18607263  0.14622086  0.14622086  0.00000000  0.08832270  0.08832270  0.09441233  0.29832785  0.29832785  0.31646378  0.30730772  0.38872594  0.38872594  
4_0_0      0.37798172  0.37798172  0.38872594  0.37798172  0.38872594  0.23361215  0.09535219  0.10106959  0.07795858  0.07795858  0.08832270  0.00000000  0.00000000  0.00515659  0.27819765  0.27819765  0.29603348  0.28703036  0.35652787  0.35652787  
12_0_0     0.37798172  0.37798172  0.38872594  0.37798172  0.38872594  0.23361215  0.09535219  0.10106959  0.07795858  0.07795858  0.08832270  0.00000000  0.00000000  0.00515659  0.27819765  0.27819765  0.29603348  0.28703036  0.35652787  0.35652787  
10_0_0     0.36747932  0.36747932  0.37798172  0.36747932  0.37798172  0.24184263  0.10161063  0.10736742  0.07193699  0.07193699  0.09441233  0.00515659  0.00515659  0.00000000  0.27819765  0.27819765  0.29603348  0.28703036  0.34622620  0.34622620  
9_0_0      0.36747932  0.36747932  0.37798172  0.36747932  0.37798172  0.29061143  0.29603348  0.30336157  0.29603348  0.29603348  0.29832785  0.27819765  0.27819765  0.27819765  0.00000000  0.00000000  0.01037080  0.02637237  0.15229600  0.15229600  
13_0_0     0.36747932  0.36747932  0.37798172  0.36747932  0.37798172  0.29061143  0.29603348  0.30336157  0.29603348  0.29603348  0.29832785  0.27819765  0.27819765  0.27819765  0.00000000  0.00000000  0.01037080  0.02637237  0.15229600  0.15229600  
7_0_0      0.36747932  0.36747932  0.37798172  0.36747932  0.37798172  0.29061143  0.31457817  0.32207977  0.31457817  0.31457817  0.31646378  0.29603348  0.29603348  0.29603348  0.01037080  0.01037080  0.00000000  0.02637237  0.15924391  0.15924391  
15_0_0     0.37798172  0.37798172  0.38872594  0.37798172  0.38872594  0.29980380  0.32413439  0.33172816  0.30521371  0.30521371  0.30730772  0.28703036  0.28703036  0.28703036  0.02637237  0.02637237  0.02637237  0.00000000  0.16629683  0.16629683  
8_0_0      0.43230305  0.40857042  0.42028588  0.40857042  0.42028588  0.32568900  0.35652787  0.37509166  0.41175124  0.41175124  0.38872594  0.35652787  0.35652787  0.34622620  0.15229600  0.15229600  0.15924391  0.16629683  0.00000000  0.01037080  
18_0_0     0.40857042  0.38598655  0.39714188  0.38598655  0.39714188  0.32568900  0.35652787  0.38598655  0.41175124  0.41175124  0.38872594  0.35652787  0.35652787  0.34622620  0.15229600  0.15229600  0.15924391  0.16629683  0.01037080  0.00000000  

