20
20_0_0     0.00000000  0.04263780  0.04263780  0.04263780  0.04263780  0.25920075  0.36822875  0.41655835  0.37004334  0.35101054  0.46154543  0.38138801  0.38138801  0.39304673  0.39170068  0.39170068  0.39544093  0.32758140  0.37508551  0.33040762  
2_0_0      0.04263780  0.00000000  0.01038336  0.01038336  0.02102920  0.28275669  0.39652489  0.42127019  0.36424129  0.34558272  0.45313689  0.39815108  0.39815108  0.41008947  0.34599617  0.34599617  0.34900895  0.30719145  0.41655835  0.36822875  
3_0_0      0.04263780  0.01038336  0.00000000  0.01038336  0.02102920  0.26410370  0.37315318  0.39652489  0.35351875  0.33523511  0.44015073  0.38654180  0.38654180  0.39815108  0.32487861  0.32487861  0.32758140  0.28774323  0.39170068  0.34599617  
1_0_0      0.04263780  0.01038336  0.01038336  0.00000000  0.02102920  0.26410370  0.38467694  0.40871583  0.36424129  0.34558272  0.45313689  0.39815108  0.39815108  0.41008947  0.32487861  0.32487861  0.32758140  0.28774323  0.39170068  0.34599617  
6_0_0      0.04263780  0.02102920  0.02102920  0.02102920  0.00000000  0.30227424  0.39652489  0.42127019  0.37524396  0.35619099  0.49468594  0.41008947  0.41008947  0.42237616  0.34599617  0.34599617  0.34900895  0.32758140  0.41655835  0.36822875  
14_0_0     0.25920075  0.28275669  0.26410370  0.26410370  0.30227424  0.00000000  0.19955640  0.23259843  0.25316508  0.25507813  0.24963196  0.20330644  0.20330644  0.21121702  0.32229771  0.32229771  0.32487861  0.26722113  0.37158539  0.37158539  
11_0_0     0.36822875  0.39652489  0.37315318  0.38467694  0.39652489  0.19955640  0.00000000  0.03195113  0.07117690  0.08995570  0.14036024  0.07716305  0.07716305  0.08323550  0.44402653  0.44402653  0.43503210  0.41008947  0.40151677  0.37824442  
17_0_0     0.41655835  0.42127019  0.39652489  0.40871583  0.42127019  0.23259843  0.03195113  0.00000000  0.08323550  0.10266516  0.15439766  0.10199656  0.10199656  0.10844068  0.47089782  0.47089782  0.46154543  0.46154543  0.45231547  0.42615069  
19_0_0     0.37004334  0.36424129  0.35351875  0.36424129  0.37524396  0.25316508  0.07117690  0.08323550  0.00000000  0.02090455  0.11426671  0.07761857  0.07761857  0.07158293  0.42074139  0.42074139  0.41203506  0.38351022  0.37004334  0.34823157  
16_0_0     0.35101054  0.34558272  0.33523511  0.34558272  0.35619099  0.25507813  0.08995570  0.10266516  0.02090455  0.00000000  0.12838663  0.09057747  0.09057747  0.08431039  0.41203506  0.41203506  0.40343470  0.36966441  0.36707337  0.36707337  
5_0_0      0.46154543  0.45313689  0.44015073  0.45313689  0.49468594  0.24963196  0.14036024  0.15439766  0.11426671  0.12838663  0.00000000  0.07761857  0.07761857  0.07158293  0.47709903  0.47709903  0.46767940  0.44188454  0.48037596  0.48037596  
4_0_0      0.38138801  0.39815108  0.38654180  0.39815108  0.41008947  0.20330644  0.07716305  0.10199656  0.07761857  0.09057747  0.07761857  0.00000000  0.00000000  0.00515968  0.44545875  0.44545875  0.43644923  0.38895893  0.39815108  0.39815108  
12_0_0     0.38138801  0.39815108  0.38654180  0.39815108  0.41008947  0.20330644  0.07716305  0.10199656  0.07761857  0.09057747  0.07761857  0.00000000  0.00000000  0.00515968  0.44545875  0.44545875  0.43644923  0.38895893  0.39815108  0.39815108  
10_0_0     0.39304673  0.41008947  0.39815108  0.41008947  0.42237616  0.21121702  0.08323550  0.10844068  0.07158293  0.08431039  0.07158293  0.00515968  0.00515968  0.00000000  0.43291877  0.43291877  0.42406526  0.37787831  0.41008947  0.41008947  
9_0_0      0.39170068  0.34599617  0.32487861  0.32487861  0.34599617  0.32229771  0.44402653  0.47089782  0.42074139  0.41203506  0.47709903  0.44545875  0.44545875  0.43291877  0.00000000  0.00000000  0.00514922  0.06527465  0.31470407  0.28557703  
13_0_0     0.39170068  0.34599617  0.32487861  0.32487861  0.34599617  0.32229771  0.44402653  0.47089782  0.42074139  0.41203506  0.47709903  0.44545875  0.44545875  0.43291877  0.00000000  0.00000000  0.00514922  0.06527465  0.31470407  0.28557703  
7_0_0      0.39544093  0.34900895  0.32758140  0.32758140  0.34900895  0.32487861  0.43503210  0.46154543  0.41203506  0.40343470  0.46767940  0.43644923  0.43644923  0.42406526  0.00514922  0.00514922  0.00000000  0.05976511  0.31726304  0.28774323  
15_0_0     0.32758140  0.30719145  0.28774323  0.28774323  0.32758140  0.26722113  0.41008947  0.46154543  0.38351022  0.36966441  0.44188454  0.38895893  0.38895893  0.37787831  0.06527465  0.06527465  0.05976511  0.00000000  0.27332694  0.24624192  
8_0_0      0.37508551  0.41655835  0.39170068  0.39170068  0.41655835  0.37158539  0.40151677  0.45231547  0.37004334  0.36707337  0.48037596  0.39815108  0.39815108  0.41008947  0.31470407  0.31470407  0.31726304  0.27332694  0.00000000  0.02102920  
18_0_0     0.33040762  0.36822875  0.34599617  0.34599617  0.36822875  0.37158539  0.37824442  0.42615069  0.34823157  0.36707337  0.48037596  0.39815108  0.39815108  0.41008947  0.28557703  0.28557703  0.28774323  0.24624192  0.02102920  0.00000000  

