20
20_0_0     0.00000000  0.02635092  0.02096380  0.01563643  0.01563643  0.21105763  0.33745605  0.33745605  0.44182460  0.45783233  0.42116539  0.39818914  0.39818914  0.39818914  0.32761283  0.32761283  0.32761283  0.30851171  0.35529274  0.35529274  
2_0_0      0.02635092  0.00000000  0.01563643  0.02096380  0.02096380  0.20334016  0.29923870  0.29923870  0.39531159  0.40953987  0.37626215  0.35529274  0.35529274  0.35529274  0.33745605  0.33745605  0.33745605  0.33745605  0.36566300  0.36566300  
3_0_0      0.02096380  0.01563643  0.00000000  0.01563643  0.01563643  0.19574475  0.31796731  0.31796731  0.41800520  0.43307932  0.39818914  0.37626215  0.37626215  0.37626215  0.32761283  0.32761283  0.32761283  0.30851171  0.37626215  0.37626215  
1_0_0      0.01563643  0.02096380  0.01563643  0.00000000  0.01036752  0.20334016  0.32761283  0.32761283  0.40652436  0.42116539  0.40953987  0.38710051  0.38710051  0.38710051  0.31796731  0.31796731  0.31796731  0.29923870  0.36566300  0.36566300  
6_0_0      0.01563643  0.02096380  0.01563643  0.01036752  0.00000000  0.20334016  0.32761283  0.32761283  0.42976724  0.44529636  0.40953987  0.38710051  0.38710051  0.38710051  0.31796731  0.31796731  0.31796731  0.29923870  0.34514169  0.34514169  
14_0_0     0.21105763  0.20334016  0.19574475  0.20334016  0.20334016  0.00000000  0.18722065  0.18722065  0.22297184  0.23217463  0.22420631  0.19359282  0.19359282  0.19359282  0.28121314  0.28121314  0.28121314  0.26383976  0.29199374  0.29199374  
11_0_0     0.33745605  0.29923870  0.31796731  0.32761283  0.32761283  0.18722065  0.00000000  0.00000000  0.09511851  0.10189969  0.08945228  0.07136595  0.07136595  0.07136595  0.38170853  0.38170853  0.38170853  0.40361498  0.45419250  0.45419250  
17_0_0     0.33745605  0.29923870  0.31796731  0.32761283  0.32761283  0.18722065  0.00000000  0.00000000  0.09511851  0.10189969  0.08945228  0.07136595  0.07136595  0.07136595  0.38170853  0.38170853  0.38170853  0.40361498  0.45419250  0.45419250  
19_0_0     0.44182460  0.39531159  0.41800520  0.40652436  0.42976724  0.22297184  0.09511851  0.09511851  0.00000000  0.03711679  0.08334751  0.05393612  0.05393612  0.05393612  0.46870008  0.46870008  0.46870008  0.52227419  0.62185715  0.62185715  
16_0_0     0.45783233  0.40953987  0.43307932  0.42116539  0.44529636  0.23217463  0.10189969  0.10189969  0.03711679  0.00000000  0.08997771  0.06000798  0.06000798  0.06000798  0.48533852  0.48533852  0.48533852  0.54128782  0.59358370  0.59358370  
5_0_0      0.42116539  0.37626215  0.39818914  0.40953987  0.40953987  0.22420631  0.08945228  0.08945228  0.08334751  0.08997771  0.00000000  0.03730993  0.03730993  0.03730993  0.44727755  0.44727755  0.44727755  0.49872670  0.53123304  0.53123304  
4_0_0      0.39818914  0.35529274  0.37626215  0.38710051  0.38710051  0.19359282  0.07136595  0.07136595  0.05393612  0.06000798  0.03730993  0.00000000  0.00000000  0.00000000  0.44727755  0.44727755  0.44727755  0.49872670  0.50285206  0.50285206  
12_0_0     0.39818914  0.35529274  0.37626215  0.38710051  0.38710051  0.19359282  0.07136595  0.07136595  0.05393612  0.06000798  0.03730993  0.00000000  0.00000000  0.00000000  0.44727755  0.44727755  0.44727755  0.49872670  0.50285206  0.50285206  
10_0_0     0.39818914  0.35529274  0.37626215  0.38710051  0.38710051  0.19359282  0.07136595  0.07136595  0.05393612  0.06000798  0.03730993  0.00000000  0.00000000  0.00000000  0.44727755  0.44727755  0.44727755  0.49872670  0.50285206  0.50285206  
9_0_0      0.32761283  0.33745605  0.32761283  0.31796731  0.31796731  0.28121314  0.38170853  0.38170853  0.46870008  0.48533852  0.44727755  0.44727755  0.44727755  0.44727755  0.00000000  0.00000000  0.00000000  0.03179917  0.18722065  0.18722065  
13_0_0     0.32761283  0.33745605  0.32761283  0.31796731  0.31796731  0.28121314  0.38170853  0.38170853  0.46870008  0.48533852  0.44727755  0.44727755  0.44727755  0.44727755  0.00000000  0.00000000  0.00000000  0.03179917  0.18722065  0.18722065  
7_0_0      0.32761283  0.33745605  0.32761283  0.31796731  0.31796731  0.28121314  0.38170853  0.38170853  0.46870008  0.48533852  0.44727755  0.44727755  0.44727755  0.44727755  0.00000000  0.00000000  0.00000000  0.03179917  0.18722065  0.18722065  
15_0_0     0.30851171  0.33745605  0.30851171  0.29923870  0.29923870  0.26383976  0.40361498  0.40361498  0.52227419  0.54128782  0.49872670  0.49872670  0.49872670  0.49872670  0.03179917  0.03179917  0.03179917  0.00000000  0.17272163  0.17272163  
8_0_0      0.35529274  0.36566300  0.37626215  0.36566300  0.34514169  0.29199374  0.45419250  0.45419250  0.62185715  0.59358370  0.53123304  0.50285206  0.50285206  0.50285206  0.18722065  0.18722065  0.18722065  0.17272163  0.00000000  0.00000000  
18_0_0     0.35529274  0.36566300  0.37626215  0.36566300  0.34514169  0.29199374  0.45419250  0.45419250  0.62185715  0.59358370  0.53123304  0.50285206  0.50285206  0.50285206  0.18722065  0.18722065  0.18722065  0.17272163  0.00000000  0.00000000  

