20
20_0_0     0.00000000  0.45841742  0.47561724  0.47561724  0.47561724  0.47989134  0.46269525  0.48424271  0.52569943  0.49974560  0.52746533  0.45003707  0.45003707  0.45003707  0.49535754  0.53706217  0.47557171  0.55403464  0.56412031  0.55403464  
16_0_0     0.45841742  0.00000000  0.24741831  0.25327296  0.25327296  0.28127399  0.22854054  0.26306323  0.42823449  0.52053460  0.53004021  0.41278840  0.41278840  0.41278840  0.48871929  0.60225652  0.48213954  0.64658904  0.65849032  0.67068554  
12_0_0     0.47561724  0.24741831  0.00000000  0.00364982  0.00364982  0.04537270  0.07341336  0.09032312  0.46910572  0.58493150  0.57441627  0.45234914  0.45234914  0.45234914  0.46311046  0.56861671  0.47349958  0.72739541  0.71386794  0.66318485  
4_0_0      0.47561724  0.25327296  0.00364982  0.00000000  0.00000000  0.04143196  0.07341336  0.08604108  0.46910572  0.58493150  0.57441627  0.45234914  0.45234914  0.45234914  0.46311046  0.56861671  0.47349958  0.72739541  0.71386794  0.66318485  
10_0_0     0.47561724  0.25327296  0.00364982  0.00000000  0.00000000  0.04143196  0.07341336  0.08604108  0.46910572  0.58493150  0.57441627  0.45234914  0.45234914  0.45234914  0.46311046  0.56861671  0.47349958  0.72739541  0.71386794  0.66318485  
5_0_0      0.47989134  0.28127399  0.04537270  0.04143196  0.04143196  0.00000000  0.08556388  0.10716230  0.44857846  0.58942243  0.57891000  0.46505202  0.46505202  0.46505202  0.52014208  0.56861671  0.49531257  0.74606735  0.73216370  0.70547846  
11_0_0     0.46269525  0.22854054  0.07341336  0.07341336  0.07341336  0.08556388  0.00000000  0.03364361  0.41278840  0.57441627  0.56412031  0.41278840  0.41278840  0.41278840  0.48000502  0.54865229  0.48209418  0.68016168  0.66797396  0.64446546  
17_0_0     0.48424271  0.26306323  0.09032312  0.08604108  0.08604108  0.10716230  0.03364361  0.00000000  0.46505202  0.62237317  0.61114350  0.45674654  0.45674654  0.45674654  0.52946378  0.60473763  0.53192842  0.73703036  0.72351211  0.69753762  
19_0_0     0.52569943  0.42823449  0.46910572  0.46910572  0.46910572  0.44857846  0.41278840  0.46505202  0.00000000  0.14809990  0.15290165  0.15241209  0.15241209  0.15241209  0.38635354  0.47148549  0.40964958  0.70070118  0.68787641  0.72739541  
18_0_0     0.49974560  0.52053460  0.58493150  0.58493150  0.58493150  0.58942243  0.57441627  0.62237317  0.14809990  0.00000000  0.01103140  0.23890542  0.23890542  0.23890542  0.39938951  0.50876918  0.45129809  0.65761575  0.66936311  0.70638127  
8_0_0      0.52746533  0.53004021  0.57441627  0.57441627  0.57441627  0.57891000  0.56412031  0.61114350  0.15290165  0.01103140  0.00000000  0.23328525  0.23328525  0.23328525  0.39938951  0.49112562  0.43548879  0.69373102  0.70638127  0.71936414  
7_0_0      0.45003707  0.41278840  0.45234914  0.45234914  0.45234914  0.46505202  0.41278840  0.45674654  0.15241209  0.23890542  0.23328525  0.00000000  0.00000000  0.00000000  0.38635354  0.47148549  0.37356671  0.63966937  0.62831867  0.63966937  
13_0_0     0.45003707  0.41278840  0.45234914  0.45234914  0.45234914  0.46505202  0.41278840  0.45674654  0.15241209  0.23890542  0.23328525  0.00000000  0.00000000  0.00000000  0.38635354  0.47148549  0.37356671  0.63966937  0.62831867  0.63966937  
9_0_0      0.45003707  0.41278840  0.45234914  0.45234914  0.45234914  0.46505202  0.41278840  0.45674654  0.15241209  0.23890542  0.23328525  0.00000000  0.00000000  0.00000000  0.38635354  0.47148549  0.37356671  0.63966937  0.62831867  0.63966937  
14_0_0     0.49535754  0.48871929  0.46311046  0.46311046  0.46311046  0.52014208  0.48000502  0.52946378  0.38635354  0.39938951  0.39938951  0.38635354  0.38635354  0.38635354  0.00000000  0.11607332  0.09435437  0.62512809  0.61415725  0.59292079  
6_0_0      0.53706217  0.60225652  0.56861671  0.56861671  0.56861671  0.56861671  0.54865229  0.60473763  0.47148549  0.50876918  0.49112562  0.47148549  0.47148549  0.47148549  0.11607332  0.00000000  0.13781996  0.59866576  0.58815890  0.56779298  
15_0_0     0.47557171  0.48213954  0.47349958  0.47349958  0.47349958  0.49531257  0.48209418  0.53192842  0.40964958  0.45129809  0.43548879  0.37356671  0.37356671  0.37356671  0.09435437  0.13781996  0.00000000  0.62202547  0.61117666  0.59016891  
2_0_0      0.55403464  0.64658904  0.72739541  0.72739541  0.72739541  0.74606735  0.68016168  0.73703036  0.70070118  0.65761575  0.69373102  0.63966937  0.63966937  0.63966937  0.62512809  0.59866576  0.62202547  0.00000000  0.00364982  0.02231488  
3_0_0      0.56412031  0.65849032  0.71386794  0.71386794  0.71386794  0.73216370  0.66797396  0.72351211  0.68787641  0.66936311  0.70638127  0.62831867  0.62831867  0.62831867  0.61415725  0.58815890  0.61117666  0.00364982  0.00000000  0.01852500  
1_0_0      0.55403464  0.67068554  0.66318485  0.66318485  0.66318485  0.70547846  0.64446546  0.69753762  0.72739541  0.70638127  0.71936414  0.63966937  0.63966937  0.63966937  0.59292079  0.56779298  0.59016891  0.02231488  0.01852500  0.00000000  

