148
6_1_0      0.00000000  0.03706833  0.10335683  0.12685898  0.24030978  0.34187944  0.34187944  0.29833558  0.55633724  0.60980675  0.56498174  0.56498174  0.55633724  0.54779373  0.55633724  0.56498174  0.54779373  0.55633724  0.64775634  0.54779373  0.60061926  0.60980675  0.60980675  0.54779373  0.56498174  0.51458409  0.53100042  0.53100042  0.49852819  0.75225794  0.57372964  0.62853542  0.62853542  0.62853542  0.63808273  0.63808273  0.60980675  0.67756943  0.66749609  0.67756943  0.63808273  0.62853542  0.60980675  0.63808273  0.63808273  0.60980675  0.62853542  0.61911113  0.66749609  0.70864971  0.68778346  0.55633724  0.66749609  0.69814217  0.66749609  0.73012883  0.71931042  0.79863226  0.79863226  0.76357876  0.79863226  0.73012883  0.73012883  0.76357876  0.68778346  0.68778346  0.69814217  0.75225794  0.74110969  0.81070034  0.79863226  0.66749609  0.66749609  0.68778346  0.68778346  0.70864971  0.69814217  0.61911113  0.62853542  0.60061926  0.59154575  0.59154575  0.57372964  0.60980675  0.57372964  0.60061926  0.63808273  0.63808273  0.63808273  0.61911113  0.61911113  0.61911113  0.65755962  0.61911113  0.64775634  0.67756943  0.64775634  0.64775634  0.67756943  0.67756943  0.56498174  0.53100042  0.52274620  0.66749609  0.62853542  0.57372964  0.60980675  0.64775634  0.63808273  0.62853542  0.62853542  0.62853542  0.60980675  0.62853542  0.63808273  0.63808273  0.53934888  0.53934888  0.53934888  0.76357876  0.66749609  0.71931042  0.68778346  0.70864971  0.71931042  0.66749609  0.64775634  0.73012883  0.65755962  0.65755962  0.66749609  0.63808273  0.62853542  0.62853542  0.68778346  0.68778346  0.71931042  0.69814217  0.67756943  0.71931042  0.69814217  0.63808273  0.86106846  0.84814750  0.86106846  0.84814750  0.78676009  0.79863226  
10_1_0     0.03706833  0.00000000  0.11736730  0.13647547  0.26297068  0.36136515  0.36136515  0.32917155  0.57372964  0.61911113  0.60061926  0.59154575  0.58258345  0.56498174  0.59154575  0.60061926  0.56498174  0.57372964  0.67756943  0.59154575  0.63808273  0.65755962  0.65755962  0.57372964  0.57372964  0.53934888  0.54779373  0.54779373  0.51458409  0.75225794  0.59154575  0.63808273  0.63808273  0.63808273  0.64775634  0.64775634  0.61911113  0.73012883  0.68778346  0.67756943  0.65755962  0.62853542  0.60980675  0.65755962  0.63808273  0.59154575  0.62853542  0.61911113  0.68778346  0.73012883  0.70864971  0.59154575  0.64775634  0.69814217  0.66749609  0.71931042  0.73012883  0.78676009  0.78676009  0.75225794  0.78676009  0.75225794  0.77507758  0.84814750  0.74110969  0.75225794  0.76357876  0.82297091  0.81070034  0.84814750  0.83545087  0.70864971  0.70864971  0.70864971  0.70864971  0.73012883  0.70864971  0.65755962  0.66749609  0.65755962  0.64775634  0.62853542  0.62853542  0.64775634  0.60980675  0.64775634  0.67756943  0.67756943  0.67756943  0.65755962  0.65755962  0.65755962  0.74110969  0.69814217  0.68778346  0.71931042  0.68778346  0.70864971  0.71931042  0.71931042  0.60980675  0.57372964  0.56498174  0.71931042  0.67756943  0.60061926  0.61911113  0.65755962  0.64775634  0.65755962  0.63808273  0.65755962  0.63808273  0.65755962  0.66749609  0.66749609  0.57372964  0.57372964  0.57372964  0.82297091  0.71931042  0.75225794  0.71931042  0.76357876  0.77507758  0.74110969  0.71931042  0.78676009  0.68778346  0.68778346  0.71931042  0.66749609  0.65755962  0.65755962  0.69814217  0.69814217  0.77507758  0.75225794  0.70864971  0.73012883  0.75225794  0.68778346  0.90126024  0.86106846  0.90126024  0.86106846  0.82297091  0.86106846  
12_1_0     0.10335683  0.11736730  0.00000000  0.04130545  0.28043938  0.38138428  0.39504144  0.37465016  0.62853542  0.65755962  0.60980675  0.64775634  0.61911113  0.54779373  0.61911113  0.66749609  0.56498174  0.57372964  0.65755962  0.58258345  0.69814217  0.67756943  0.67756943  0.63808273  0.58258345  0.57372964  0.60980675  0.58258345  0.55633724  0.78676009  0.61911113  0.62853542  0.63808273  0.62853542  0.63808273  0.63808273  0.60980675  0.76357876  0.67756943  0.68778346  0.64775634  0.58258345  0.60061926  0.59154575  0.64775634  0.61911113  0.60980675  0.60980675  0.64775634  0.70864971  0.64775634  0.54779373  0.60061926  0.63808273  0.61911113  0.74110969  0.75225794  0.83545087  0.83545087  0.76357876  0.83545087  0.77507758  0.78676009  0.79863226  0.76357876  0.77507758  0.78676009  0.81070034  0.82297091  0.81070034  0.79863226  0.68778346  0.68778346  0.71931042  0.71931042  0.75225794  0.70864971  0.68778346  0.69814217  0.66749609  0.65755962  0.65755962  0.65755962  0.68778346  0.66749609  0.70864971  0.73012883  0.73012883  0.73012883  0.70864971  0.70864971  0.70864971  0.70864971  0.64775634  0.67756943  0.73012883  0.74110969  0.74110969  0.75225794  0.75225794  0.58258345  0.56498174  0.55633724  0.66749609  0.65755962  0.59154575  0.62853542  0.64775634  0.63808273  0.64775634  0.66749609  0.64775634  0.66749609  0.64775634  0.65755962  0.65755962  0.60980675  0.60980675  0.60980675  0.81070034  0.70864971  0.78676009  0.75225794  0.77507758  0.78676009  0.76357876  0.74110969  0.71931042  0.76357876  0.74110969  0.73012883  0.65755962  0.66749609  0.64775634  0.73012883  0.73012883  0.75225794  0.73012883  0.71931042  0.74110969  0.69814217  0.67756943  0.82297091  0.78676009  0.81070034  0.79863226  0.84814750  0.84814750  
8_1_0      0.12685898  0.13647547  0.04130545  0.00000000  0.30439964  0.40196686  0.41601761  0.39504144  0.62853542  0.68778346  0.63808273  0.66749609  0.63808273  0.58258345  0.65755962  0.68778346  0.59154575  0.60061926  0.70864971  0.61911113  0.69814217  0.67756943  0.67756943  0.66749609  0.60061926  0.60980675  0.61911113  0.62853542  0.59154575  0.83545087  0.61911113  0.63808273  0.64775634  0.63808273  0.64775634  0.64775634  0.63808273  0.79863226  0.69814217  0.70864971  0.66749609  0.63808273  0.65755962  0.62853542  0.68778346  0.64775634  0.65755962  0.65755962  0.70864971  0.75225794  0.70864971  0.58258345  0.64775634  0.67756943  0.63808273  0.76357876  0.79863226  0.82297091  0.82297091  0.79863226  0.82297091  0.74110969  0.76357876  0.78676009  0.75225794  0.73012883  0.74110969  0.76357876  0.77507758  0.77507758  0.76357876  0.69814217  0.69814217  0.70864971  0.70864971  0.74110969  0.70864971  0.73012883  0.74110969  0.70864971  0.69814217  0.67756943  0.71931042  0.75225794  0.73012883  0.77507758  0.77507758  0.77507758  0.77507758  0.73012883  0.73012883  0.73012883  0.73012883  0.66749609  0.74110969  0.75225794  0.75225794  0.76357876  0.73012883  0.73012883  0.63808273  0.61911113  0.60980675  0.68778346  0.67756943  0.60980675  0.65755962  0.67756943  0.66749609  0.67756943  0.67756943  0.65755962  0.67756943  0.67756943  0.69814217  0.68778346  0.63808273  0.63808273  0.65755962  0.81070034  0.74110969  0.77507758  0.75225794  0.78676009  0.77507758  0.75225794  0.75225794  0.73012883  0.79863226  0.77507758  0.74110969  0.68778346  0.67756943  0.67756943  0.75225794  0.70864971  0.75225794  0.73012883  0.73012883  0.75225794  0.67756943  0.68778346  0.88761608  0.84814750  0.84814750  0.83545087  0.88761608  0.83545087  
13_1_0     0.24030978  0.26297068  0.28043938  0.30439964  0.00000000  0.25155246  0.25155246  0.27457000  0.55633724  0.56498174  0.53100042  0.49852819  0.49852819  0.51458409  0.46743668  0.53934888  0.56498174  0.49852819  0.57372964  0.53934888  0.59154575  0.56498174  0.56498174  0.53934888  0.55633724  0.55633724  0.59154575  0.58258345  0.58258345  0.76357876  0.53934888  0.60061926  0.56498174  0.57372964  0.58258345  0.59154575  0.57372964  0.59154575  0.65755962  0.62853542  0.62853542  0.60061926  0.62853542  0.60980675  0.61911113  0.59154575  0.62853542  0.62853542  0.65755962  0.67756943  0.64775634  0.60980675  0.64775634  0.63808273  0.64775634  0.64775634  0.67756943  0.71931042  0.74110969  0.67756943  0.74110969  0.60061926  0.58258345  0.63808273  0.62853542  0.59154575  0.60061926  0.64775634  0.65755962  0.73012883  0.71931042  0.63808273  0.63808273  0.64775634  0.64775634  0.66749609  0.66749609  0.60980675  0.61911113  0.59154575  0.58258345  0.54779373  0.58258345  0.59154575  0.58258345  0.60061926  0.58258345  0.58258345  0.58258345  0.60980675  0.60980675  0.60061926  0.65755962  0.60980675  0.61911113  0.65755962  0.62853542  0.64775634  0.62853542  0.62853542  0.56498174  0.55633724  0.55633724  0.60061926  0.59154575  0.53934888  0.58258345  0.58258345  0.57372964  0.55633724  0.63808273  0.62853542  0.62853542  0.64775634  0.60980675  0.60980675  0.53934888  0.54779373  0.61911113  0.75225794  0.67756943  0.68778346  0.69814217  0.74110969  0.74110969  0.69814217  0.67756943  0.71931042  0.64775634  0.63808273  0.64775634  0.65755962  0.63808273  0.63808273  0.68778346  0.67756943  0.69814217  0.71931042  0.71931042  0.71931042  0.73012883  0.75225794  0.86106846  0.87422182  0.83545087  0.82297091  0.73012883  0.87422182  
1_0_0      0.34187944  0.36136515  0.38138428  0.40196686  0.25155246  0.00000000  0.01214854  0.10799723  0.55633724  0.52274620  0.53100042  0.56498174  0.55633724  0.55633724  0.59154575  0.60061926  0.60061926  0.54779373  0.63808273  0.57372964  0.65755962  0.62853542  0.62853542  0.55633724  0.53100042  0.60061926  0.54779373  0.58258345  0.52274620  0.74110969  0.59154575  0.61911113  0.56498174  0.56498174  0.60061926  0.60061926  0.60061926  0.65755962  0.65755962  0.69814217  0.68778346  0.64775634  0.65755962  0.63808273  0.67756943  0.63808273  0.64775634  0.65755962  0.66749609  0.68778346  0.66749609  0.62853542  0.67756943  0.69814217  0.68778346  0.73012883  0.79863226  0.75225794  0.77507758  0.68778346  0.74110969  0.67756943  0.67756943  0.68778346  0.66749609  0.64775634  0.65755962  0.68778346  0.69814217  0.77507758  0.77507758  0.71931042  0.71931042  0.69814217  0.69814217  0.71931042  0.70864971  0.68778346  0.69814217  0.64775634  0.67756943  0.61911113  0.68778346  0.66749609  0.65755962  0.62853542  0.62853542  0.62853542  0.62853542  0.67756943  0.67756943  0.64775634  0.74110969  0.68778346  0.65755962  0.70864971  0.63808273  0.66749609  0.64775634  0.64775634  0.59154575  0.58258345  0.56498174  0.63808273  0.60980675  0.59154575  0.62853542  0.64775634  0.64775634  0.63808273  0.68778346  0.68778346  0.65755962  0.64775634  0.66749609  0.64775634  0.59154575  0.60980675  0.60061926  0.74110969  0.75225794  0.66749609  0.67756943  0.73012883  0.70864971  0.70864971  0.68778346  0.75225794  0.68778346  0.69814217  0.66749609  0.71931042  0.73012883  0.74110969  0.70864971  0.69814217  0.77507758  0.77507758  0.74110969  0.76357876  0.75225794  0.69814217  0.78676009  0.79863226  0.77507758  0.77507758  0.79863226  0.82297091  
11_0_0     0.34187944  0.36136515  0.39504144  0.41601761  0.25155246  0.01214854  0.00000000  0.09874570  0.55633724  0.52274620  0.53100042  0.56498174  0.55633724  0.55633724  0.60061926  0.60980675  0.60061926  0.54779373  0.63808273  0.58258345  0.66749609  0.61911113  0.61911113  0.56498174  0.53934888  0.60980675  0.55633724  0.59154575  0.53100042  0.75225794  0.60980675  0.63808273  0.58258345  0.58258345  0.60061926  0.60061926  0.61911113  0.67756943  0.64775634  0.68778346  0.67756943  0.65755962  0.64775634  0.62853542  0.66749609  0.62853542  0.63808273  0.64775634  0.64775634  0.68778346  0.66749609  0.61911113  0.68778346  0.68778346  0.67756943  0.74110969  0.78676009  0.76357876  0.78676009  0.69814217  0.75225794  0.68778346  0.68778346  0.69814217  0.67756943  0.65755962  0.66749609  0.69814217  0.68778346  0.78676009  0.78676009  0.73012883  0.73012883  0.69814217  0.69814217  0.71931042  0.71931042  0.68778346  0.69814217  0.64775634  0.67756943  0.60980675  0.67756943  0.67756943  0.66749609  0.63808273  0.63808273  0.63808273  0.63808273  0.68778346  0.68778346  0.65755962  0.75225794  0.69814217  0.65755962  0.71931042  0.64775634  0.67756943  0.65755962  0.65755962  0.59154575  0.58258345  0.56498174  0.63808273  0.62853542  0.60980675  0.64775634  0.66749609  0.66749609  0.65755962  0.70864971  0.70864971  0.67756943  0.66749609  0.66749609  0.64775634  0.60980675  0.62853542  0.60061926  0.76357876  0.77507758  0.66749609  0.67756943  0.70864971  0.70864971  0.68778346  0.66749609  0.77507758  0.66749609  0.67756943  0.64775634  0.69814217  0.70864971  0.71931042  0.73012883  0.69814217  0.77507758  0.77507758  0.76357876  0.76357876  0.75225794  0.69814217  0.79863226  0.81070034  0.78676009  0.78676009  0.81070034  0.83545087  
3_0_0      0.29833558  0.32917155  0.37465016  0.39504144  0.27457000  0.10799723  0.09874570  0.00000000  0.54779373  0.56498174  0.50651208  0.53934888  0.53100042  0.59154575  0.63808273  0.62853542  0.61911113  0.60061926  0.58258345  0.53934888  0.70864971  0.61911113  0.61911113  0.58258345  0.55633724  0.61911113  0.56498174  0.56498174  0.50651208  0.71931042  0.65755962  0.64775634  0.60980675  0.59154575  0.60980675  0.60980675  0.64775634  0.65755962  0.64775634  0.68778346  0.64775634  0.62853542  0.60980675  0.59154575  0.62853542  0.59154575  0.58258345  0.59154575  0.62853542  0.67756943  0.65755962  0.57372964  0.62853542  0.62853542  0.62853542  0.69814217  0.73012883  0.82297091  0.84814750  0.75225794  0.78676009  0.65755962  0.67756943  0.66749609  0.67756943  0.64775634  0.65755962  0.68778346  0.67756943  0.71931042  0.73012883  0.70864971  0.70864971  0.71931042  0.71931042  0.74110969  0.76357876  0.62853542  0.63808273  0.60980675  0.61911113  0.58258345  0.62853542  0.59154575  0.58258345  0.59154575  0.57372964  0.57372964  0.57372964  0.61911113  0.61911113  0.59154575  0.68778346  0.63808273  0.60061926  0.63808273  0.57372964  0.60061926  0.61911113  0.61911113  0.64775634  0.62853542  0.61911113  0.65755962  0.64775634  0.60980675  0.61911113  0.64775634  0.63808273  0.60061926  0.64775634  0.64775634  0.61911113  0.62853542  0.61911113  0.61911113  0.62853542  0.62853542  0.62853542  0.76357876  0.74110969  0.67756943  0.67756943  0.75225794  0.71931042  0.71931042  0.69814217  0.71931042  0.63808273  0.63808273  0.66749609  0.69814217  0.69814217  0.69814217  0.71931042  0.68778346  0.76357876  0.74110969  0.74110969  0.74110969  0.74110969  0.70864971  0.78676009  0.79863226  0.81070034  0.81070034  0.76357876  0.81070034  
59_0_0     0.55633724  0.57372964  0.62853542  0.62853542  0.55633724  0.55633724  0.55633724  0.54779373  0.00000000  0.06286729  0.07167323  0.06725701  0.07167323  0.15609633  0.24590952  0.20758296  0.21833000  0.15609633  0.31051440  0.21293674  0.32289947  0.25155246  0.25155246  0.29833558  0.24590952  0.24030978  0.26874734  0.28635626  0.28635626  0.57372964  0.37465016  0.37465016  0.36797749  0.37465016  0.38138428  0.38818098  0.41601761  0.38818098  0.51458409  0.51458409  0.48281722  0.43761324  0.42314554  0.44495586  0.45237295  0.41601761  0.45237295  0.44495586  0.52274620  0.53100042  0.49063051  0.42314554  0.39504144  0.45986603  0.44495586  0.53100042  0.45237295  0.45986603  0.48281722  0.49063051  0.49063051  0.41601761  0.39504144  0.43034361  0.40196686  0.38138428  0.37465016  0.37465016  0.37465016  0.45986603  0.45237295  0.42314554  0.42314554  0.42314554  0.42314554  0.41601761  0.44495586  0.46743668  0.46743668  0.43761324  0.45986603  0.41601761  0.43761324  0.42314554  0.42314554  0.43761324  0.43034361  0.43034361  0.43034361  0.43761324  0.43761324  0.43034361  0.49852819  0.51458409  0.47508651  0.50651208  0.42314554  0.43034361  0.44495586  0.44495586  0.32917155  0.34187944  0.31668071  0.51458409  0.50651208  0.34831716  0.38138428  0.40196686  0.39504144  0.36136515  0.36797749  0.37465016  0.37465016  0.36136515  0.36797749  0.36797749  0.36797749  0.38138428  0.39504144  0.46743668  0.48281722  0.44495586  0.46743668  0.48281722  0.49063051  0.48281722  0.46743668  0.50651208  0.47508651  0.45986603  0.49063051  0.49063051  0.48281722  0.47508651  0.50651208  0.53100042  0.46743668  0.48281722  0.48281722  0.46743668  0.51458409  0.53934888  0.61911113  0.60980675  0.60061926  0.59154575  0.55633724  0.57372964  
72_0_0     0.60980675  0.61911113  0.65755962  0.68778346  0.56498174  0.52274620  0.52274620  0.56498174  0.06286729  0.00000000  0.08960973  0.09416345  0.09874570  0.15609633  0.22376332  0.19699157  0.19699157  0.15609633  0.31051440  0.21293674  0.30439964  0.24030978  0.24030978  0.32289947  0.25155246  0.28043938  0.26297068  0.30439964  0.29833558  0.57372964  0.36797749  0.36136515  0.36136515  0.36136515  0.36797749  0.37465016  0.40895849  0.36797749  0.51458409  0.53100042  0.51458409  0.46743668  0.45237295  0.47508651  0.46743668  0.45237295  0.47508651  0.46743668  0.53934888  0.54779373  0.49063051  0.46743668  0.42314554  0.46743668  0.46743668  0.50651208  0.48281722  0.47508651  0.49852819  0.50651208  0.50651208  0.40895849  0.38138428  0.42314554  0.39504144  0.38138428  0.37465016  0.40196686  0.38818098  0.48281722  0.47508651  0.46743668  0.46743668  0.46743668  0.46743668  0.45986603  0.45986603  0.46743668  0.46743668  0.45237295  0.47508651  0.41601761  0.45986603  0.41601761  0.41601761  0.41601761  0.40196686  0.40196686  0.40196686  0.40895849  0.40895849  0.40196686  0.50651208  0.50651208  0.47508651  0.50651208  0.43761324  0.45237295  0.45237295  0.45237295  0.32917155  0.33549789  0.31668071  0.53100042  0.52274620  0.35481205  0.39504144  0.43034361  0.40895849  0.36136515  0.39504144  0.40196686  0.40196686  0.38818098  0.39504144  0.39504144  0.40196686  0.41601761  0.41601761  0.47508651  0.48281722  0.45986603  0.46743668  0.49852819  0.51458409  0.50651208  0.49063051  0.52274620  0.49852819  0.49852819  0.52274620  0.51458409  0.52274620  0.53100042  0.54779373  0.58258345  0.52274620  0.53934888  0.51458409  0.49852819  0.55633724  0.56498174  0.62853542  0.61911113  0.60061926  0.59154575  0.60061926  0.60061926  
46_0_0     0.56498174  0.60061926  0.60980675  0.63808273  0.53100042  0.53100042  0.53100042  0.50651208  0.07167323  0.08960973  0.00000000  0.06286729  0.05850376  0.18138665  0.25723929  0.22923732  0.21833000  0.17625814  0.30439964  0.22376332  0.32289947  0.24590952  0.24590952  0.31051440  0.24590952  0.28043938  0.26874734  0.28635626  0.28635626  0.56498174  0.40196686  0.41601761  0.41601761  0.38818098  0.38138428  0.38818098  0.45986603  0.38818098  0.53934888  0.53934888  0.50651208  0.47508651  0.44495586  0.45237295  0.45237295  0.44495586  0.47508651  0.46743668  0.51458409  0.55633724  0.49852819  0.45986603  0.43034361  0.48281722  0.49063051  0.49063051  0.46743668  0.49063051  0.51458409  0.52274620  0.53100042  0.40895849  0.39504144  0.43761324  0.40196686  0.39504144  0.38818098  0.39504144  0.40196686  0.45986603  0.45237295  0.40196686  0.40196686  0.40895849  0.40895849  0.40196686  0.42314554  0.42314554  0.42314554  0.39504144  0.40196686  0.39504144  0.43761324  0.42314554  0.42314554  0.44495586  0.40895849  0.40895849  0.40895849  0.41601761  0.41601761  0.39504144  0.45986603  0.47508651  0.45986603  0.49063051  0.41601761  0.41601761  0.43034361  0.43034361  0.34187944  0.35481205  0.32917155  0.52274620  0.51458409  0.35481205  0.36797749  0.38818098  0.38138428  0.33549789  0.35481205  0.36136515  0.36136515  0.36136515  0.36797749  0.36797749  0.38818098  0.40196686  0.39504144  0.44495586  0.45986603  0.45986603  0.46743668  0.49852819  0.49852819  0.49852819  0.48281722  0.50651208  0.45237295  0.43761324  0.49063051  0.46743668  0.47508651  0.45237295  0.50651208  0.53100042  0.49063051  0.50651208  0.48281722  0.46743668  0.52274620  0.53100042  0.64775634  0.64775634  0.59154575  0.58258345  0.54779373  0.56498174  
100_0_0    0.56498174  0.59154575  0.64775634  0.66749609  0.49852819  0.56498174  0.56498174  0.53934888  0.06725701  0.09416345  0.06286729  0.00000000  0.04985405  0.18138665  0.23475259  0.19699157  0.21833000  0.18138665  0.30439964  0.21833000  0.29833558  0.26297068  0.26297068  0.31668071  0.22923732  0.26297068  0.25155246  0.25723929  0.28043938  0.55633724  0.39504144  0.40895849  0.39504144  0.39504144  0.38818098  0.39504144  0.44495586  0.38138428  0.49852819  0.49852819  0.48281722  0.45986603  0.43034361  0.43761324  0.43034361  0.43034361  0.45237295  0.44495586  0.50651208  0.52274620  0.48281722  0.43034361  0.40895849  0.43034361  0.44495586  0.53100042  0.49063051  0.50651208  0.53100042  0.53100042  0.54779373  0.40895849  0.38818098  0.42314554  0.42314554  0.40895849  0.40196686  0.41601761  0.41601761  0.48281722  0.47508651  0.44495586  0.44495586  0.44495586  0.44495586  0.45237295  0.45237295  0.44495586  0.44495586  0.41601761  0.42314554  0.38818098  0.45237295  0.40196686  0.40196686  0.43761324  0.40895849  0.40895849  0.40895849  0.42314554  0.42314554  0.40895849  0.47508651  0.49063051  0.47508651  0.52274620  0.40895849  0.40895849  0.42314554  0.42314554  0.33549789  0.36136515  0.34831716  0.50651208  0.49852819  0.33549789  0.36797749  0.38818098  0.38138428  0.34831716  0.35481205  0.36136515  0.36136515  0.36136515  0.36797749  0.36797749  0.36797749  0.38138428  0.40196686  0.43761324  0.46743668  0.43761324  0.45237295  0.49063051  0.49852819  0.48281722  0.46743668  0.49063051  0.44495586  0.43034361  0.45986603  0.44495586  0.43761324  0.43034361  0.47508651  0.49852819  0.45237295  0.46743668  0.44495586  0.43034361  0.51458409  0.53934888  0.63808273  0.62853542  0.61911113  0.59154575  0.50651208  0.58258345  
91_0_0     0.55633724  0.58258345  0.61911113  0.63808273  0.49852819  0.55633724  0.55633724  0.53100042  0.07167323  0.09874570  0.05850376  0.04985405  0.00000000  0.17625814  0.22923732  0.20226809  0.19699157  0.16108491  0.27457000  0.20226809  0.29833558  0.23475259  0.23475259  0.28043938  0.23475259  0.26874734  0.25723929  0.28635626  0.28635626  0.53934888  0.38138428  0.38818098  0.37465016  0.37465016  0.36797749  0.37465016  0.43034361  0.36797749  0.49063051  0.49063051  0.47508651  0.44495586  0.41601761  0.42314554  0.43761324  0.42314554  0.44495586  0.45237295  0.53100042  0.54779373  0.50651208  0.43761324  0.41601761  0.48281722  0.48281722  0.50651208  0.45986603  0.49063051  0.51458409  0.51458409  0.53100042  0.41601761  0.38138428  0.43034361  0.40895849  0.38818098  0.38138428  0.39504144  0.39504144  0.47508651  0.46743668  0.43761324  0.43761324  0.44495586  0.44495586  0.45237295  0.43034361  0.46743668  0.46743668  0.43761324  0.44495586  0.42314554  0.42314554  0.40895849  0.40895849  0.43761324  0.38818098  0.38818098  0.38818098  0.42314554  0.42314554  0.40895849  0.47508651  0.49063051  0.47508651  0.50651208  0.39504144  0.40895849  0.40895849  0.40895849  0.31051440  0.33549789  0.31051440  0.49852819  0.49063051  0.34831716  0.36797749  0.38818098  0.38138428  0.33549789  0.35481205  0.36136515  0.36136515  0.36136515  0.35481205  0.36797749  0.35481205  0.36797749  0.38818098  0.45237295  0.45237295  0.41601761  0.43761324  0.49852819  0.49852819  0.48281722  0.46743668  0.49852819  0.44495586  0.43034361  0.49063051  0.45986603  0.45237295  0.44495586  0.46743668  0.49063051  0.46743668  0.48281722  0.47508651  0.45986603  0.52274620  0.54779373  0.60980675  0.60061926  0.60061926  0.57372964  0.53934888  0.56498174  
46_7_0     0.54779373  0.56498174  0.54779373  0.58258345  0.51458409  0.55633724  0.55633724  0.59154575  0.15609633  0.15609633  0.18138665  0.18138665  0.17625814  0.00000000  0.14133156  0.14133156  0.11266726  0.04985405  0.29232139  0.20226809  0.31051440  0.22923732  0.22923732  0.27457000  0.26297068  0.26297068  0.27457000  0.28635626  0.29232139  0.61911113  0.37465016  0.34831716  0.36136515  0.36136515  0.36797749  0.37465016  0.36136515  0.42314554  0.51458409  0.48281722  0.51458409  0.43034361  0.41601761  0.45237295  0.43034361  0.42314554  0.44495586  0.44495586  0.51458409  0.55633724  0.49852819  0.43034361  0.43034361  0.49063051  0.45237295  0.53934888  0.52274620  0.50651208  0.53100042  0.52274620  0.52274620  0.43034361  0.43761324  0.44495586  0.43761324  0.41601761  0.40895849  0.44495586  0.43034361  0.52274620  0.51458409  0.45237295  0.45237295  0.46743668  0.46743668  0.45986603  0.46743668  0.45237295  0.45237295  0.42314554  0.44495586  0.38818098  0.40196686  0.38138428  0.37465016  0.43034361  0.39504144  0.39504144  0.39504144  0.38818098  0.38818098  0.36136515  0.42314554  0.42314554  0.43034361  0.47508651  0.43761324  0.45237295  0.39504144  0.39504144  0.28635626  0.28635626  0.27457000  0.53100042  0.53100042  0.32917155  0.38138428  0.40196686  0.38138428  0.36136515  0.39504144  0.40196686  0.40196686  0.38818098  0.39504144  0.39504144  0.38138428  0.39504144  0.39504144  0.49063051  0.49063051  0.46743668  0.49063051  0.49852819  0.53100042  0.49852819  0.48281722  0.45237295  0.49852819  0.49852819  0.47508651  0.45237295  0.45986603  0.45237295  0.53934888  0.57372964  0.57372964  0.57372964  0.51458409  0.49852819  0.53100042  0.52274620  0.57372964  0.54779373  0.59154575  0.58258345  0.57372964  0.58258345  
100_7_0    0.55633724  0.59154575  0.61911113  0.65755962  0.46743668  0.59154575  0.60061926  0.63808273  0.24590952  0.22376332  0.25723929  0.23475259  0.22923732  0.14133156  0.00000000  0.08508420  0.18138665  0.13165142  0.30439964  0.23475259  0.33549789  0.25723929  0.25723929  0.33549789  0.31668071  0.29232139  0.31668071  0.32289947  0.33549789  0.64775634  0.35481205  0.34187944  0.36797749  0.38138428  0.39504144  0.40196686  0.37465016  0.39504144  0.52274620  0.51458409  0.52274620  0.43761324  0.41601761  0.43761324  0.38818098  0.40196686  0.43034361  0.42314554  0.51458409  0.52274620  0.46743668  0.38818098  0.43034361  0.43034361  0.40895849  0.54779373  0.53934888  0.51458409  0.52274620  0.50651208  0.54779373  0.50651208  0.45237295  0.50651208  0.49063051  0.47508651  0.45986603  0.50651208  0.49063051  0.53934888  0.53100042  0.50651208  0.50651208  0.52274620  0.52274620  0.51458409  0.53934888  0.50651208  0.51458409  0.49852819  0.49063051  0.45237295  0.41601761  0.40196686  0.40196686  0.46743668  0.43761324  0.43761324  0.43761324  0.44495586  0.44495586  0.43034361  0.45986603  0.44495586  0.50651208  0.51458409  0.46743668  0.48281722  0.45237295  0.45237295  0.33549789  0.32917155  0.30439964  0.53934888  0.52274620  0.34831716  0.39504144  0.38818098  0.38138428  0.37465016  0.43034361  0.42314554  0.42314554  0.42314554  0.39504144  0.42314554  0.40196686  0.40196686  0.43034361  0.47508651  0.45986603  0.43034361  0.43761324  0.48281722  0.49852819  0.45986603  0.44495586  0.45986603  0.44495586  0.43034361  0.43034361  0.43761324  0.44495586  0.43761324  0.47508651  0.52274620  0.49063051  0.49852819  0.46743668  0.47508651  0.50651208  0.49063051  0.61911113  0.59154575  0.61911113  0.60980675  0.57372964  0.62853542  
91_7_0     0.56498174  0.60061926  0.66749609  0.68778346  0.53934888  0.60061926  0.60980675  0.62853542  0.20758296  0.19699157  0.22923732  0.19699157  0.20226809  0.14133156  0.08508420  0.00000000  0.17625814  0.14133156  0.29232139  0.24030978  0.31668071  0.25723929  0.25723929  0.32289947  0.32289947  0.30439964  0.31668071  0.32289947  0.31051440  0.60061926  0.38818098  0.37465016  0.38818098  0.40895849  0.40196686  0.40895849  0.42314554  0.39504144  0.53100042  0.53100042  0.53100042  0.48281722  0.45237295  0.49063051  0.42314554  0.43761324  0.47508651  0.48281722  0.53934888  0.53934888  0.50651208  0.43761324  0.49063051  0.50651208  0.48281722  0.59154575  0.59154575  0.53934888  0.54779373  0.53934888  0.58258345  0.53100042  0.47508651  0.51458409  0.51458409  0.49852819  0.49063051  0.53100042  0.51458409  0.52274620  0.51458409  0.48281722  0.48281722  0.49852819  0.49852819  0.49063051  0.53100042  0.53100042  0.52274620  0.50651208  0.49852819  0.46743668  0.44495586  0.39504144  0.39504144  0.46743668  0.43034361  0.43034361  0.43034361  0.42314554  0.42314554  0.43761324  0.49063051  0.47508651  0.51458409  0.53100042  0.43761324  0.45237295  0.43761324  0.43761324  0.34187944  0.34831716  0.32289947  0.54779373  0.56498174  0.36797749  0.38818098  0.40895849  0.38818098  0.36797749  0.40196686  0.40196686  0.39504144  0.39504144  0.38138428  0.40895849  0.38818098  0.38818098  0.40196686  0.47508651  0.45986603  0.43034361  0.45986603  0.50651208  0.53100042  0.48281722  0.46743668  0.50651208  0.44495586  0.43761324  0.43761324  0.45986603  0.45237295  0.45986603  0.46743668  0.49852819  0.48281722  0.52274620  0.48281722  0.49063051  0.54779373  0.53934888  0.65755962  0.62853542  0.67756943  0.64775634  0.60980675  0.64775634  
72_7_0     0.54779373  0.56498174  0.56498174  0.59154575  0.56498174  0.60061926  0.60061926  0.61911113  0.21833000  0.19699157  0.21833000  0.21833000  0.19699157  0.11266726  0.18138665  0.17625814  0.00000000  0.05850376  0.25723929  0.17625814  0.31051440  0.24030978  0.24030978  0.25723929  0.24030978  0.25155246  0.23475259  0.24590952  0.24590952  0.62853542  0.38138428  0.32289947  0.34831716  0.34187944  0.33549789  0.34187944  0.35481205  0.40895849  0.51458409  0.50651208  0.51458409  0.40196686  0.38818098  0.43761324  0.41601761  0.40196686  0.40895849  0.40895849  0.53934888  0.54779373  0.49063051  0.45237295  0.45237295  0.48281722  0.45237295  0.55633724  0.53934888  0.52274620  0.54779373  0.53934888  0.55633724  0.52274620  0.48281722  0.49852819  0.49063051  0.49063051  0.48281722  0.52274620  0.50651208  0.56498174  0.55633724  0.54779373  0.54779373  0.52274620  0.52274620  0.51458409  0.53100042  0.49063051  0.49063051  0.45986603  0.48281722  0.43034361  0.45237295  0.40196686  0.40196686  0.43034361  0.38818098  0.38818098  0.38818098  0.40196686  0.40196686  0.36136515  0.43034361  0.41601761  0.46743668  0.51458409  0.43761324  0.45237295  0.40895849  0.40895849  0.28043938  0.28043938  0.26874734  0.54779373  0.54779373  0.32289947  0.41601761  0.43761324  0.41601761  0.39504144  0.43761324  0.43034361  0.43034361  0.41601761  0.43034361  0.43034361  0.42314554  0.43761324  0.45986603  0.51458409  0.49852819  0.47508651  0.49063051  0.53100042  0.57372964  0.53100042  0.51458409  0.43761324  0.50651208  0.49063051  0.49852819  0.47508651  0.48281722  0.47508651  0.51458409  0.55633724  0.54779373  0.54779373  0.48281722  0.48281722  0.55633724  0.54779373  0.58258345  0.55633724  0.60061926  0.59154575  0.59154575  0.63808273  
59_7_0     0.55633724  0.57372964  0.57372964  0.60061926  0.49852819  0.54779373  0.54779373  0.60061926  0.15609633  0.15609633  0.17625814  0.18138665  0.16108491  0.04985405  0.13165142  0.14133156  0.05850376  0.00000000  0.26874734  0.17116534  0.29232139  0.20758296  0.20758296  0.25723929  0.24030978  0.23475259  0.24030978  0.24590952  0.25155246  0.62853542  0.36136515  0.32917155  0.35481205  0.34831716  0.35481205  0.36136515  0.34831716  0.39504144  0.49063051  0.45986603  0.47508651  0.41601761  0.40196686  0.45237295  0.42314554  0.41601761  0.42314554  0.42314554  0.50651208  0.54779373  0.49063051  0.42314554  0.42314554  0.46743668  0.43034361  0.53100042  0.51458409  0.51458409  0.53934888  0.53100042  0.54779373  0.46743668  0.45986603  0.45986603  0.45237295  0.43761324  0.43034361  0.46743668  0.45237295  0.51458409  0.50651208  0.47508651  0.47508651  0.46743668  0.46743668  0.45986603  0.49852819  0.46743668  0.46743668  0.43761324  0.45986603  0.40196686  0.45237295  0.38818098  0.38138428  0.41601761  0.38138428  0.38138428  0.38138428  0.39504144  0.39504144  0.36136515  0.42314554  0.42314554  0.47508651  0.50651208  0.44495586  0.45986603  0.41601761  0.41601761  0.26297068  0.26297068  0.25155246  0.50651208  0.50651208  0.29833558  0.36136515  0.38138428  0.36136515  0.35481205  0.40196686  0.39504144  0.39504144  0.38138428  0.38818098  0.38818098  0.36797749  0.38138428  0.40895849  0.52274620  0.50651208  0.46743668  0.49852819  0.51458409  0.54779373  0.51458409  0.49852819  0.44495586  0.49852819  0.48281722  0.47508651  0.46743668  0.47508651  0.45237295  0.52274620  0.56498174  0.53934888  0.55633724  0.49063051  0.49063051  0.56498174  0.55633724  0.59154575  0.56498174  0.60061926  0.59154575  0.58258345  0.58258345  
42_0_0     0.64775634  0.67756943  0.65755962  0.70864971  0.57372964  0.63808273  0.63808273  0.58258345  0.31051440  0.31051440  0.30439964  0.30439964  0.27457000  0.29232139  0.30439964  0.29232139  0.25723929  0.26874734  0.00000000  0.31051440  0.38138428  0.34831716  0.34831716  0.38138428  0.34831716  0.36797749  0.40196686  0.39504144  0.40895849  0.70864971  0.43761324  0.43761324  0.44495586  0.43034361  0.40196686  0.40196686  0.47508651  0.43761324  0.54779373  0.56498174  0.53934888  0.45986603  0.45986603  0.44495586  0.44495586  0.49852819  0.45986603  0.45986603  0.52274620  0.55633724  0.53100042  0.43761324  0.46743668  0.48281722  0.47508651  0.59154575  0.56498174  0.60980675  0.63808273  0.60061926  0.62853542  0.59154575  0.53934888  0.53934888  0.55633724  0.54779373  0.53934888  0.56498174  0.54779373  0.60980675  0.61911113  0.63808273  0.63808273  0.60980675  0.60980675  0.60061926  0.63808273  0.60061926  0.60980675  0.59154575  0.60061926  0.56498174  0.54779373  0.47508651  0.48281722  0.52274620  0.48281722  0.48281722  0.48281722  0.51458409  0.51458409  0.51458409  0.51458409  0.51458409  0.51458409  0.56498174  0.52274620  0.50651208  0.49852819  0.49852819  0.43761324  0.43761324  0.40895849  0.64775634  0.64775634  0.51458409  0.47508651  0.49063051  0.46743668  0.44495586  0.49852819  0.49063051  0.48281722  0.49063051  0.46743668  0.48281722  0.55633724  0.55633724  0.55633724  0.62853542  0.56498174  0.52274620  0.55633724  0.60061926  0.61911113  0.61911113  0.60061926  0.60061926  0.57372964  0.56498174  0.57372964  0.55633724  0.54779373  0.54779373  0.62853542  0.61911113  0.60061926  0.62853542  0.60980675  0.60061926  0.63808273  0.64775634  0.71931042  0.68778346  0.73012883  0.70864971  0.75225794  0.73012883  
74_0_0     0.54779373  0.59154575  0.58258345  0.61911113  0.53934888  0.57372964  0.58258345  0.53934888  0.21293674  0.21293674  0.22376332  0.21833000  0.20226809  0.20226809  0.23475259  0.24030978  0.17625814  0.17116534  0.31051440  0.00000000  0.25155246  0.16108491  0.16108491  0.25723929  0.22923732  0.26297068  0.24590952  0.25723929  0.24590952  0.63808273  0.37465016  0.31051440  0.32917155  0.33549789  0.32917155  0.33549789  0.35481205  0.34831716  0.49063051  0.49852819  0.49063051  0.39504144  0.40196686  0.42314554  0.40196686  0.42314554  0.44495586  0.43761324  0.52274620  0.52274620  0.46743668  0.43034361  0.40895849  0.45986603  0.44495586  0.46743668  0.45237295  0.46743668  0.49063051  0.45986603  0.49063051  0.45986603  0.40895849  0.41601761  0.43034361  0.43034361  0.42314554  0.45237295  0.44495586  0.48281722  0.47508651  0.48281722  0.48281722  0.50651208  0.50651208  0.49852819  0.50651208  0.47508651  0.47508651  0.46743668  0.49063051  0.44495586  0.45986603  0.36136515  0.38138428  0.38138428  0.40196686  0.40196686  0.40196686  0.40196686  0.40196686  0.36797749  0.40196686  0.38818098  0.44495586  0.45237295  0.38818098  0.38818098  0.38818098  0.38818098  0.27457000  0.27457000  0.25723929  0.49063051  0.49063051  0.31668071  0.39504144  0.41601761  0.39504144  0.36136515  0.40196686  0.39504144  0.40196686  0.38138428  0.37465016  0.37465016  0.39504144  0.39504144  0.44495586  0.53934888  0.50651208  0.45986603  0.47508651  0.53934888  0.58258345  0.57372964  0.55633724  0.46743668  0.52274620  0.50651208  0.53100042  0.52274620  0.53100042  0.51458409  0.53100042  0.59154575  0.53934888  0.54779373  0.51458409  0.50651208  0.57372964  0.55633724  0.62853542  0.60061926  0.64775634  0.61911113  0.60980675  0.60061926  
41_0_0     0.60061926  0.63808273  0.69814217  0.69814217  0.59154575  0.65755962  0.66749609  0.70864971  0.32289947  0.30439964  0.32289947  0.29833558  0.29833558  0.31051440  0.33549789  0.31668071  0.31051440  0.29232139  0.38138428  0.25155246  0.00000000  0.18655138  0.18655138  0.36797749  0.31668071  0.34831716  0.30439964  0.36797749  0.35481205  0.66749609  0.42314554  0.43034361  0.43761324  0.44495586  0.45986603  0.46743668  0.45237295  0.48281722  0.60061926  0.62853542  0.61911113  0.52274620  0.52274620  0.51458409  0.48281722  0.53934888  0.53100042  0.49852819  0.59154575  0.60061926  0.57372964  0.52274620  0.51458409  0.60061926  0.58258345  0.60980675  0.54779373  0.60980675  0.61911113  0.59154575  0.61911113  0.54779373  0.52274620  0.53100042  0.53934888  0.52274620  0.51458409  0.55633724  0.54779373  0.61911113  0.60980675  0.54779373  0.54779373  0.60061926  0.60061926  0.60980675  0.55633724  0.62853542  0.62853542  0.57372964  0.57372964  0.53934888  0.58258345  0.46743668  0.47508651  0.47508651  0.46743668  0.46743668  0.46743668  0.46743668  0.46743668  0.46743668  0.47508651  0.46743668  0.48281722  0.51458409  0.48281722  0.45986603  0.46743668  0.46743668  0.34187944  0.38138428  0.36136515  0.56498174  0.59154575  0.37465016  0.46743668  0.50651208  0.49852819  0.42314554  0.48281722  0.49063051  0.47508651  0.50651208  0.46743668  0.48281722  0.44495586  0.45986603  0.47508651  0.52274620  0.51458409  0.50651208  0.48281722  0.53100042  0.56498174  0.57372964  0.55633724  0.55633724  0.51458409  0.52274620  0.51458409  0.49063051  0.50651208  0.49063051  0.54779373  0.58258345  0.53100042  0.53100042  0.51458409  0.53100042  0.58258345  0.53934888  0.76357876  0.73012883  0.77507758  0.75225794  0.67756943  0.63808273  
27_0_0     0.60980675  0.65755962  0.67756943  0.67756943  0.56498174  0.62853542  0.61911113  0.61911113  0.25155246  0.24030978  0.24590952  0.26297068  0.23475259  0.22923732  0.25723929  0.25723929  0.24030978  0.20758296  0.34831716  0.16108491  0.18655138  0.00000000  0.00000000  0.33549789  0.28043938  0.29232139  0.27457000  0.33549789  0.31051440  0.66749609  0.38138428  0.36797749  0.37465016  0.40196686  0.38818098  0.39504144  0.41601761  0.39504144  0.58258345  0.58258345  0.57372964  0.49063051  0.48281722  0.50651208  0.44495586  0.46743668  0.49852819  0.49852819  0.52274620  0.60061926  0.55633724  0.48281722  0.49063051  0.51458409  0.47508651  0.52274620  0.47508651  0.46743668  0.48281722  0.49063051  0.49063051  0.49852819  0.48281722  0.46743668  0.48281722  0.46743668  0.45986603  0.46743668  0.45237295  0.51458409  0.50651208  0.49063051  0.49063051  0.51458409  0.51458409  0.50651208  0.51458409  0.54779373  0.54779373  0.52274620  0.54779373  0.44495586  0.50651208  0.41601761  0.41601761  0.44495586  0.44495586  0.44495586  0.44495586  0.42314554  0.42314554  0.42314554  0.43034361  0.42314554  0.45986603  0.45237295  0.44495586  0.45237295  0.41601761  0.41601761  0.32917155  0.32917155  0.31051440  0.44495586  0.47508651  0.32917155  0.38138428  0.39504144  0.38138428  0.33549789  0.37465016  0.39504144  0.38138428  0.37465016  0.38818098  0.36797749  0.36797749  0.38138428  0.40895849  0.47508651  0.47508651  0.43761324  0.46743668  0.47508651  0.53100042  0.51458409  0.51458409  0.46743668  0.47508651  0.47508651  0.49852819  0.49063051  0.49852819  0.47508651  0.53100042  0.55633724  0.58258345  0.60061926  0.55633724  0.54779373  0.59154575  0.53934888  0.68778346  0.65755962  0.62853542  0.59154575  0.60061926  0.60980675  
