179
72_57_0    0.00000000  0.00785466  0.00785466  0.20630978  0.18586342  0.17585133  0.23809644  0.23809644  0.36816884  0.29436257  0.33033211  0.35533716  0.33033211  0.30615633  0.31814401  0.33033211  0.31814401  0.33033211  0.31814401  0.35533716  0.35533716  0.38123041  0.35533716  0.30615633  0.33033211  0.34272743  0.30615633  0.29436257  0.33033211  0.33033211  0.34272743  0.40807728  0.40807728  0.31814401  0.35533716  0.33033211  0.33033211  0.33033211  0.33033211  0.31814401  0.31814401  0.36816884  0.39453027  0.35533716  0.35533716  0.35533716  0.33033211  0.30615633  0.30615633  0.35533716  0.39453027  0.34272743  0.38123041  0.35533716  0.38123041  0.38123041  0.36816884  0.29436257  0.29436257  0.30615633  0.28275658  0.27133245  0.27133245  0.27133245  0.38123041  0.38123041  0.38123041  0.38123041  0.39453027  0.39453027  0.35533716  0.35533716  0.40807728  0.38123041  0.43595071  0.34272743  0.31814401  0.31814401  0.34272743  0.33033211  0.34272743  0.38123041  0.38123041  0.35533716  0.31814401  0.31814401  0.31814401  0.29436257  0.34272743  0.34272743  0.30615633  0.31814401  0.31814401  0.29436257  0.29436257  0.29436257  0.28275658  0.33033211  0.38123041  0.31814401  0.31814401  0.31814401  0.34272743  0.31814401  0.36816884  0.35533716  0.39453027  0.39453027  0.46493233  0.51068660  0.51068660  0.49511393  0.51068660  0.49511393  0.51068660  0.52659919  0.51068660  0.51068660  0.51068660  0.47986695  0.51068660  0.49511393  0.35533716  0.34272743  0.34272743  0.34272743  0.30615633  0.30615633  0.29436257  0.33033211  0.36816884  0.38123041  0.35533716  0.34272743  0.36816884  0.36816884  0.36816884  0.33033211  0.34272743  0.34272743  0.42188079  0.34272743  0.34272743  0.33033211  0.36816884  0.39453027  0.28275658  0.51068660  0.30615633  0.30615633  0.33033211  0.49511393  0.49511393  0.57653343  0.55950582  0.46493233  0.52659919  0.47986695  0.46493233  0.43595071  0.42188079  0.42188079  0.43595071  0.43595071  0.43595071  0.45029751  0.42188079  0.47986695  0.47986695  0.43595071  0.43595071  0.43595071  0.42188079  0.42188079  0.46493233  0.45029751  0.45029751  0.43595071  0.43595071  
90_57_0    0.00785466  0.00000000  0.00000000  0.19601492  0.17585133  0.16597488  0.22734615  0.22734615  0.35533716  0.28275658  0.31814401  0.34272743  0.31814401  0.29436257  0.30615633  0.31814401  0.30615633  0.31814401  0.30615633  0.34272743  0.34272743  0.36816884  0.34272743  0.29436257  0.31814401  0.33033211  0.29436257  0.28275658  0.31814401  0.31814401  0.33033211  0.39453027  0.39453027  0.30615633  0.34272743  0.31814401  0.31814401  0.31814401  0.31814401  0.30615633  0.30615633  0.35533716  0.38123041  0.34272743  0.34272743  0.34272743  0.31814401  0.29436257  0.29436257  0.34272743  0.38123041  0.33033211  0.36816884  0.34272743  0.36816884  0.36816884  0.35533716  0.30615633  0.30615633  0.31814401  0.29436257  0.28275658  0.28275658  0.28275658  0.36816884  0.36816884  0.36816884  0.36816884  0.38123041  0.38123041  0.34272743  0.34272743  0.39453027  0.36816884  0.42188079  0.33033211  0.30615633  0.30615633  0.33033211  0.31814401  0.33033211  0.36816884  0.36816884  0.34272743  0.30615633  0.30615633  0.30615633  0.28275658  0.33033211  0.33033211  0.29436257  0.30615633  0.30615633  0.28275658  0.28275658  0.28275658  0.27133245  0.31814401  0.36816884  0.30615633  0.30615633  0.30615633  0.33033211  0.30615633  0.35533716  0.34272743  0.38123041  0.38123041  0.45029751  0.49511393  0.49511393  0.47986695  0.49511393  0.47986695  0.49511393  0.51068660  0.49511393  0.49511393  0.49511393  0.46493233  0.49511393  0.47986695  0.34272743  0.33033211  0.33033211  0.33033211  0.29436257  0.29436257  0.28275658  0.31814401  0.35533716  0.36816884  0.34272743  0.33033211  0.35533716  0.35533716  0.35533716  0.31814401  0.33033211  0.33033211  0.40807728  0.33033211  0.33033211  0.31814401  0.35533716  0.38123041  0.27133245  0.49511393  0.29436257  0.29436257  0.31814401  0.49511393  0.49511393  0.57653343  0.55950582  0.46493233  0.52659919  0.47986695  0.45029751  0.42188079  0.40807728  0.40807728  0.42188079  0.42188079  0.42188079  0.43595071  0.40807728  0.46493233  0.46493233  0.42188079  0.42188079  0.42188079  0.40807728  0.40807728  0.45029751  0.43595071  0.43595071  0.42188079  0.42188079  
62_57_0    0.00785466  0.00000000  0.00000000  0.19601492  0.17585133  0.16597488  0.22734615  0.22734615  0.35533716  0.28275658  0.31814401  0.34272743  0.31814401  0.29436257  0.30615633  0.31814401  0.30615633  0.31814401  0.30615633  0.34272743  0.34272743  0.36816884  0.34272743  0.29436257  0.31814401  0.33033211  0.29436257  0.28275658  0.31814401  0.31814401  0.33033211  0.39453027  0.39453027  0.30615633  0.34272743  0.31814401  0.31814401  0.31814401  0.31814401  0.30615633  0.30615633  0.35533716  0.38123041  0.34272743  0.34272743  0.34272743  0.31814401  0.29436257  0.29436257  0.34272743  0.38123041  0.33033211  0.36816884  0.34272743  0.36816884  0.36816884  0.35533716  0.30615633  0.30615633  0.31814401  0.29436257  0.28275658  0.28275658  0.28275658  0.36816884  0.36816884  0.36816884  0.36816884  0.38123041  0.38123041  0.34272743  0.34272743  0.39453027  0.36816884  0.42188079  0.33033211  0.30615633  0.30615633  0.33033211  0.31814401  0.33033211  0.36816884  0.36816884  0.34272743  0.30615633  0.30615633  0.30615633  0.28275658  0.33033211  0.33033211  0.29436257  0.30615633  0.30615633  0.28275658  0.28275658  0.28275658  0.27133245  0.31814401  0.36816884  0.30615633  0.30615633  0.30615633  0.33033211  0.30615633  0.35533716  0.34272743  0.38123041  0.38123041  0.45029751  0.49511393  0.49511393  0.47986695  0.49511393  0.47986695  0.49511393  0.51068660  0.49511393  0.49511393  0.49511393  0.46493233  0.49511393  0.47986695  0.34272743  0.33033211  0.33033211  0.33033211  0.29436257  0.29436257  0.28275658  0.31814401  0.35533716  0.36816884  0.34272743  0.33033211  0.35533716  0.35533716  0.35533716  0.31814401  0.33033211  0.33033211  0.40807728  0.33033211  0.33033211  0.31814401  0.35533716  0.38123041  0.27133245  0.49511393  0.29436257  0.29436257  0.31814401  0.49511393  0.49511393  0.57653343  0.55950582  0.46493233  0.52659919  0.47986695  0.45029751  0.42188079  0.40807728  0.40807728  0.42188079  0.42188079  0.42188079  0.43595071  0.40807728  0.46493233  0.46493233  0.42188079  0.42188079  0.42188079  0.40807728  0.40807728  0.45029751  0.43595071  0.43595071  0.42188079  0.42188079  
72_0_0     0.20630978  0.19601492  0.19601492  0.00000000  0.07393826  0.06534272  0.15623044  0.15623044  0.28275658  0.26008458  0.23809644  0.23809644  0.23809644  0.23809644  0.23809644  0.22734615  0.23809644  0.24900761  0.26008458  0.24900761  0.24900761  0.30615633  0.24900761  0.22734615  0.24900761  0.21675209  0.21675209  0.20630978  0.21675209  0.23809644  0.29436257  0.39453027  0.38123041  0.27133245  0.26008458  0.26008458  0.27133245  0.27133245  0.27133245  0.28275658  0.28275658  0.28275658  0.29436257  0.27133245  0.27133245  0.28275658  0.24900761  0.24900761  0.24900761  0.27133245  0.28275658  0.26008458  0.27133245  0.29436257  0.30615633  0.30615633  0.28275658  0.24900761  0.24900761  0.26008458  0.26008458  0.21675209  0.23809644  0.23809644  0.24900761  0.26008458  0.29436257  0.29436257  0.20630978  0.20630978  0.21675209  0.21675209  0.28275658  0.26008458  0.34272743  0.28275658  0.27133245  0.24900761  0.22734615  0.21675209  0.24900761  0.22734615  0.22734615  0.27133245  0.23809644  0.26008458  0.29436257  0.31814401  0.26008458  0.26008458  0.27133245  0.26008458  0.26008458  0.26008458  0.27133245  0.24900761  0.26008458  0.28275658  0.33033211  0.26008458  0.26008458  0.26008458  0.27133245  0.31814401  0.31814401  0.38123041  0.30615633  0.30615633  0.40807728  0.43595071  0.43595071  0.42188079  0.43595071  0.42188079  0.46493233  0.45029751  0.43595071  0.45029751  0.45029751  0.40807728  0.43595071  0.43595071  0.31814401  0.33033211  0.36816884  0.30615633  0.26008458  0.26008458  0.24900761  0.29436257  0.30615633  0.29436257  0.27133245  0.27133245  0.28275658  0.28275658  0.28275658  0.27133245  0.28275658  0.28275658  0.31814401  0.31814401  0.31814401  0.33033211  0.35533716  0.35533716  0.24900761  0.46493233  0.18586342  0.18586342  0.20630978  0.42188079  0.42188079  0.47986695  0.46493233  0.40807728  0.42188079  0.40807728  0.39453027  0.39453027  0.40807728  0.40807728  0.39453027  0.39453027  0.39453027  0.40807728  0.38123041  0.38123041  0.38123041  0.39453027  0.39453027  0.39453027  0.38123041  0.38123041  0.42188079  0.43595071  0.43595071  0.39453027  0.39453027  
62_0_0     0.18586342  0.17585133  0.17585133  0.07393826  0.00000000  0.00785466  0.13712380  0.13712380  0.31814401  0.23809644  0.27133245  0.29436257  0.27133245  0.27133245  0.24900761  0.26008458  0.24900761  0.26008458  0.27133245  0.28275658  0.28275658  0.31814401  0.28275658  0.23809644  0.23809644  0.24900761  0.22734615  0.21675209  0.22734615  0.27133245  0.30615633  0.40807728  0.39453027  0.27133245  0.26008458  0.27133245  0.26008458  0.26008458  0.26008458  0.22734615  0.24900761  0.29436257  0.31814401  0.26008458  0.24900761  0.26008458  0.22734615  0.23809644  0.23809644  0.28275658  0.27133245  0.24900761  0.28275658  0.26008458  0.29436257  0.29436257  0.27133245  0.27133245  0.27133245  0.28275658  0.28275658  0.24900761  0.27133245  0.27133245  0.30615633  0.29436257  0.29436257  0.29436257  0.26008458  0.26008458  0.22734615  0.22734615  0.29436257  0.27133245  0.35533716  0.29436257  0.27133245  0.28275658  0.23809644  0.24900761  0.26008458  0.26008458  0.26008458  0.26008458  0.22734615  0.22734615  0.26008458  0.26008458  0.24900761  0.24900761  0.26008458  0.24900761  0.24900761  0.24900761  0.19601492  0.21675209  0.20630978  0.24900761  0.26008458  0.24900761  0.27133245  0.27133245  0.30615633  0.27133245  0.29436257  0.31814401  0.31814401  0.31814401  0.40807728  0.45029751  0.45029751  0.43595071  0.45029751  0.43595071  0.45029751  0.46493233  0.45029751  0.43595071  0.43595071  0.42188079  0.45029751  0.42188079  0.31814401  0.30615633  0.33033211  0.29436257  0.24900761  0.26008458  0.24900761  0.31814401  0.33033211  0.35533716  0.33033211  0.33033211  0.33033211  0.33033211  0.33033211  0.29436257  0.30615633  0.30615633  0.35533716  0.33033211  0.33033211  0.29436257  0.31814401  0.34272743  0.26008458  0.45029751  0.23809644  0.23809644  0.21675209  0.39453027  0.39453027  0.43595071  0.42188079  0.39453027  0.40807728  0.36816884  0.36816884  0.34272743  0.38123041  0.38123041  0.34272743  0.34272743  0.34272743  0.35533716  0.33033211  0.38123041  0.38123041  0.34272743  0.34272743  0.34272743  0.33033211  0.33033211  0.36816884  0.38123041  0.38123041  0.34272743  0.34272743  
90_0_0     0.17585133  0.16597488  0.16597488  0.06534272  0.00785466  0.00000000  0.12775504  0.12775504  0.30615633  0.23809644  0.26008458  0.28275658  0.26008458  0.26008458  0.23809644  0.24900761  0.23809644  0.24900761  0.26008458  0.27133245  0.27133245  0.30615633  0.27133245  0.22734615  0.22734615  0.23809644  0.21675209  0.20630978  0.21675209  0.26008458  0.29436257  0.39453027  0.38123041  0.27133245  0.26008458  0.26008458  0.24900761  0.24900761  0.24900761  0.21675209  0.23809644  0.28275658  0.30615633  0.24900761  0.24900761  0.26008458  0.22734615  0.22734615  0.22734615  0.27133245  0.26008458  0.23809644  0.27133245  0.24900761  0.28275658  0.28275658  0.26008458  0.26008458  0.26008458  0.27133245  0.27133245  0.23809644  0.26008458  0.26008458  0.29436257  0.28275658  0.28275658  0.28275658  0.24900761  0.24900761  0.21675209  0.21675209  0.28275658  0.26008458  0.34272743  0.28275658  0.27133245  0.27133245  0.22734615  0.23809644  0.24900761  0.24900761  0.24900761  0.24900761  0.21675209  0.21675209  0.24900761  0.24900761  0.23809644  0.23809644  0.24900761  0.23809644  0.23809644  0.23809644  0.18586342  0.20630978  0.19601492  0.23809644  0.26008458  0.23809644  0.26008458  0.26008458  0.29436257  0.26008458  0.28275658  0.30615633  0.30615633  0.30615633  0.39453027  0.45029751  0.45029751  0.43595071  0.45029751  0.43595071  0.45029751  0.46493233  0.45029751  0.43595071  0.43595071  0.42188079  0.45029751  0.42188079  0.31814401  0.30615633  0.33033211  0.28275658  0.24900761  0.24900761  0.23809644  0.30615633  0.31814401  0.34272743  0.31814401  0.31814401  0.31814401  0.31814401  0.31814401  0.29436257  0.30615633  0.30615633  0.35533716  0.31814401  0.31814401  0.28275658  0.30615633  0.33033211  0.24900761  0.43595071  0.22734615  0.22734615  0.20630978  0.39453027  0.39453027  0.43595071  0.42188079  0.38123041  0.40807728  0.36816884  0.35533716  0.33033211  0.36816884  0.36816884  0.33033211  0.33033211  0.33033211  0.34272743  0.31814401  0.36816884  0.36816884  0.33033211  0.33033211  0.33033211  0.31814401  0.31814401  0.35533716  0.36816884  0.36816884  0.33033211  0.33033211  
39_58_0    0.23809644  0.22734615  0.22734615  0.15623044  0.13712380  0.12775504  0.00000000  0.00000000  0.27133245  0.24900761  0.27133245  0.26008458  0.27133245  0.29436257  0.23809644  0.24900761  0.23809644  0.24900761  0.26008458  0.27133245  0.27133245  0.30615633  0.26008458  0.24900761  0.24900761  0.23809644  0.19601492  0.20630978  0.19601492  0.26008458  0.27133245  0.34272743  0.33033211  0.26008458  0.24900761  0.22734615  0.21675209  0.21675209  0.21675209  0.21675209  0.19601492  0.23809644  0.26008458  0.22734615  0.26008458  0.27133245  0.26008458  0.20630978  0.20630978  0.22734615  0.23809644  0.22734615  0.24900761  0.21675209  0.26008458  0.26008458  0.24900761  0.20630978  0.22734615  0.21675209  0.21675209  0.22734615  0.20630978  0.20630978  0.23809644  0.29436257  0.22734615  0.22734615  0.21675209  0.21675209  0.19601492  0.19601492  0.23809644  0.21675209  0.33033211  0.23809644  0.24900761  0.24900761  0.21675209  0.18586342  0.22734615  0.26008458  0.26008458  0.23809644  0.23809644  0.23809644  0.26008458  0.26008458  0.19601492  0.19601492  0.20630978  0.19601492  0.19601492  0.20630978  0.22734615  0.22734615  0.21675209  0.22734615  0.24900761  0.22734615  0.26008458  0.26008458  0.36816884  0.24900761  0.27133245  0.29436257  0.24900761  0.24900761  0.34272743  0.47986695  0.47986695  0.46493233  0.45029751  0.46493233  0.47986695  0.49511393  0.47986695  0.46493233  0.46493233  0.47986695  0.45029751  0.45029751  0.38123041  0.36816884  0.36816884  0.24900761  0.22734615  0.22734615  0.21675209  0.26008458  0.27133245  0.30615633  0.28275658  0.28275658  0.30615633  0.30615633  0.30615633  0.29436257  0.28275658  0.28275658  0.36816884  0.28275658  0.28275658  0.28275658  0.34272743  0.35533716  0.22734615  0.36816884  0.20630978  0.20630978  0.20630978  0.36816884  0.36816884  0.43595071  0.42188079  0.38123041  0.38123041  0.36816884  0.36816884  0.34272743  0.35533716  0.35533716  0.34272743  0.34272743  0.35533716  0.36816884  0.36816884  0.39453027  0.39453027  0.34272743  0.34272743  0.35533716  0.36816884  0.36816884  0.38123041  0.39453027  0.39453027  0.35533716  0.35533716  
39_0_0     0.23809644  0.22734615  0.22734615  0.15623044  0.13712380  0.12775504  0.00000000  0.00000000  0.27133245  0.24900761  0.27133245  0.26008458  0.27133245  0.29436257  0.23809644  0.24900761  0.23809644  0.24900761  0.26008458  0.27133245  0.27133245  0.30615633  0.26008458  0.24900761  0.24900761  0.23809644  0.19601492  0.20630978  0.19601492  0.26008458  0.27133245  0.34272743  0.33033211  0.26008458  0.24900761  0.22734615  0.21675209  0.21675209  0.21675209  0.21675209  0.19601492  0.23809644  0.26008458  0.22734615  0.26008458  0.27133245  0.26008458  0.20630978  0.20630978  0.22734615  0.23809644  0.22734615  0.24900761  0.21675209  0.26008458  0.26008458  0.24900761  0.20630978  0.22734615  0.21675209  0.21675209  0.22734615  0.20630978  0.20630978  0.23809644  0.29436257  0.22734615  0.22734615  0.21675209  0.21675209  0.19601492  0.19601492  0.23809644  0.21675209  0.33033211  0.23809644  0.24900761  0.24900761  0.21675209  0.18586342  0.22734615  0.26008458  0.26008458  0.23809644  0.23809644  0.23809644  0.26008458  0.26008458  0.19601492  0.19601492  0.20630978  0.19601492  0.19601492  0.20630978  0.22734615  0.22734615  0.21675209  0.22734615  0.24900761  0.22734615  0.26008458  0.26008458  0.36816884  0.24900761  0.27133245  0.29436257  0.24900761  0.24900761  0.34272743  0.47986695  0.47986695  0.46493233  0.45029751  0.46493233  0.47986695  0.49511393  0.47986695  0.46493233  0.46493233  0.47986695  0.45029751  0.45029751  0.38123041  0.36816884  0.36816884  0.24900761  0.22734615  0.22734615  0.21675209  0.26008458  0.27133245  0.30615633  0.28275658  0.28275658  0.30615633  0.30615633  0.30615633  0.29436257  0.28275658  0.28275658  0.36816884  0.28275658  0.28275658  0.28275658  0.34272743  0.35533716  0.22734615  0.36816884  0.20630978  0.20630978  0.20630978  0.36816884  0.36816884  0.43595071  0.42188079  0.38123041  0.38123041  0.36816884  0.36816884  0.34272743  0.35533716  0.35533716  0.34272743  0.34272743  0.35533716  0.36816884  0.36816884  0.39453027  0.39453027  0.34272743  0.34272743  0.35533716  0.36816884  0.36816884  0.38123041  0.39453027  0.39453027  0.35533716  0.35533716  
52_22_0    0.36816884  0.35533716  0.35533716  0.28275658  0.31814401  0.30615633  0.27133245  0.27133245  0.00000000  0.15623044  0.11850515  0.13712380  0.11850515  0.12775504  0.08263634  0.09143946  0.09143946  0.09143946  0.10035018  0.10937115  0.10937115  0.14661453  0.10035018  0.09143946  0.09143946  0.10035018  0.10035018  0.10937115  0.13712380  0.10937115  0.14661453  0.28275658  0.29436257  0.23809644  0.20630978  0.20630978  0.19601492  0.19601492  0.19601492  0.21675209  0.21675209  0.27133245  0.28275658  0.22734615  0.19601492  0.20630978  0.22734615  0.18586342  0.18586342  0.22734615  0.19601492  0.15623044  0.18586342  0.21675209  0.19601492  0.19601492  0.20630978  0.20630978  0.22734615  0.21675209  0.19601492  0.21675209  0.19601492  0.19601492  0.22734615  0.21675209  0.19601492  0.19601492  0.17585133  0.17585133  0.19601492  0.19601492  0.17585133  0.15623044  0.27133245  0.22734615  0.21675209  0.19601492  0.17585133  0.16597488  0.17585133  0.17585133  0.17585133  0.20630978  0.18586342  0.19601492  0.19601492  0.19601492  0.19601492  0.19601492  0.21675209  0.18586342  0.16597488  0.18586342  0.20630978  0.20630978  0.19601492  0.18586342  0.21675209  0.21675209  0.16597488  0.16597488  0.30615633  0.26008458  0.29436257  0.26008458  0.27133245  0.27133245  0.29436257  0.36816884  0.36816884  0.33033211  0.34272743  0.33033211  0.36816884  0.35533716  0.34272743  0.33033211  0.33033211  0.34272743  0.34272743  0.31814401  0.31814401  0.33033211  0.31814401  0.21675209  0.20630978  0.18586342  0.18586342  0.16597488  0.17585133  0.24900761  0.24900761  0.27133245  0.27133245  0.27133245  0.24900761  0.23809644  0.24900761  0.24900761  0.21675209  0.22734615  0.22734615  0.27133245  0.28275658  0.28275658  0.14661453  0.42188079  0.26008458  0.26008458  0.31814401  0.46493233  0.46493233  0.51068660  0.52659919  0.47986695  0.46493233  0.46493233  0.43595071  0.43595071  0.45029751  0.45029751  0.42188079  0.42188079  0.40807728  0.42188079  0.42188079  0.39453027  0.39453027  0.39453027  0.39453027  0.40807728  0.42188079  0.42188079  0.38123041  0.39453027  0.39453027  0.40807728  0.40807728  
89_0_0     0.29436257  0.28275658  0.28275658  0.26008458  0.23809644  0.23809644  0.24900761  0.24900761  0.15623044  0.00000000  0.10937115  0.13712380  0.10937115  0.13712380  0.09143946  0.10035018  0.09143946  0.10937115  0.11850515  0.13712380  0.13712380  0.15623044  0.14661453  0.09143946  0.10035018  0.10937115  0.09143946  0.10035018  0.12775504  0.12775504  0.15623044  0.24900761  0.26008458  0.18586342  0.18586342  0.17585133  0.16597488  0.16597488  0.16597488  0.16597488  0.16597488  0.23809644  0.24900761  0.18586342  0.15623044  0.16597488  0.16597488  0.14661453  0.14661453  0.18586342  0.20630978  0.17585133  0.20630978  0.20630978  0.23809644  0.23809644  0.19601492  0.20630978  0.22734615  0.21675209  0.19601492  0.22734615  0.20630978  0.20630978  0.21675209  0.24900761  0.17585133  0.17585133  0.18586342  0.18586342  0.15623044  0.15623044  0.17585133  0.14661453  0.33033211  0.20630978  0.18586342  0.18586342  0.12775504  0.13712380  0.12775504  0.14661453  0.14661453  0.13712380  0.13712380  0.11850515  0.14661453  0.14661453  0.11850515  0.11850515  0.12775504  0.11850515  0.11850515  0.10937115  0.13712380  0.13712380  0.12775504  0.13712380  0.15623044  0.16597488  0.12775504  0.12775504  0.23809644  0.19601492  0.21675209  0.21675209  0.24900761  0.24900761  0.29436257  0.33033211  0.33033211  0.29436257  0.30615633  0.29436257  0.33033211  0.31814401  0.30615633  0.29436257  0.29436257  0.30615633  0.30615633  0.28275658  0.21675209  0.22734615  0.22734615  0.18586342  0.13712380  0.15623044  0.14661453  0.14661453  0.15623044  0.18586342  0.18586342  0.20630978  0.23809644  0.23809644  0.21675209  0.19601492  0.20630978  0.20630978  0.22734615  0.23809644  0.23809644  0.26008458  0.24900761  0.27133245  0.12775504  0.36816884  0.23809644  0.23809644  0.28275658  0.36816884  0.36816884  0.43595071  0.42188079  0.40807728  0.35533716  0.35533716  0.40807728  0.38123041  0.42188079  0.42188079  0.36816884  0.36816884  0.33033211  0.34272743  0.34272743  0.34272743  0.34272743  0.34272743  0.34272743  0.33033211  0.33033211  0.33033211  0.35533716  0.36816884  0.36816884  0.33033211  0.33033211  
74_30_0    0.33033211  0.31814401  0.31814401  0.23809644  0.27133245  0.26008458  0.27133245  0.27133245  0.11850515  0.10937115  0.00000000  0.03193954  0.00000000  0.05684735  0.03193954  0.02382251  0.04014795  0.04844984  0.05684735  0.05684735  0.05684735  0.09143946  0.06534272  0.05684735  0.05684735  0.06534272  0.06534272  0.05684735  0.08263634  0.05684735  0.10035018  0.26008458  0.24900761  0.18586342  0.18586342  0.15623044  0.16597488  0.16597488  0.16597488  0.16597488  0.16597488  0.21675209  0.22734615  0.16597488  0.14661453  0.15623044  0.17585133  0.14661453  0.14661453  0.16597488  0.19601492  0.16597488  0.18586342  0.19601492  0.20630978  0.20630978  0.18586342  0.18586342  0.18586342  0.19601492  0.17585133  0.18586342  0.18586342  0.18586342  0.21675209  0.22734615  0.15623044  0.15623044  0.14661453  0.14661453  0.16597488  0.16597488  0.15623044  0.12775504  0.28275658  0.15623044  0.16597488  0.14661453  0.10937115  0.11850515  0.09143946  0.12775504  0.12775504  0.13712380  0.14661453  0.12775504  0.14661453  0.14661453  0.12775504  0.12775504  0.14661453  0.11850515  0.11850515  0.13712380  0.11850515  0.10035018  0.10937115  0.13712380  0.16597488  0.14661453  0.11850515  0.11850515  0.20630978  0.21675209  0.20630978  0.22734615  0.21675209  0.21675209  0.29436257  0.30615633  0.30615633  0.29436257  0.30615633  0.29436257  0.33033211  0.31814401  0.30615633  0.31814401  0.31814401  0.30615633  0.30615633  0.30615633  0.21675209  0.22734615  0.22734615  0.16597488  0.11850515  0.10035018  0.10035018  0.16597488  0.17585133  0.19601492  0.19601492  0.21675209  0.20630978  0.20630978  0.18586342  0.15623044  0.16597488  0.16597488  0.18586342  0.19601492  0.17585133  0.19601492  0.20630978  0.22734615  0.08263634  0.38123041  0.24900761  0.24900761  0.30615633  0.40807728  0.40807728  0.46493233  0.45029751  0.42188079  0.39453027  0.39453027  0.45029751  0.42188079  0.46493233  0.46493233  0.40807728  0.40807728  0.36816884  0.35533716  0.35533716  0.38123041  0.38123041  0.38123041  0.38123041  0.36816884  0.38123041  0.38123041  0.39453027  0.40807728  0.40807728  0.36816884  0.36816884  
60_30_0    0.35533716  0.34272743  0.34272743  0.23809644  0.29436257  0.28275658  0.26008458  0.26008458  0.13712380  0.13712380  0.03193954  0.00000000  0.03193954  0.07393826  0.04844984  0.04014795  0.04014795  0.06534272  0.07393826  0.07393826  0.07393826  0.12775504  0.08263634  0.07393826  0.07393826  0.08263634  0.08263634  0.07393826  0.09143946  0.05684735  0.10035018  0.27133245  0.26008458  0.19601492  0.19601492  0.13712380  0.14661453  0.14661453  0.14661453  0.17585133  0.18586342  0.22734615  0.23809644  0.17585133  0.15623044  0.16597488  0.20630978  0.15623044  0.15623044  0.17585133  0.20630978  0.19601492  0.17585133  0.22734615  0.21675209  0.21675209  0.21675209  0.17585133  0.17585133  0.18586342  0.16597488  0.17585133  0.17585133  0.17585133  0.20630978  0.22734615  0.15623044  0.15623044  0.15623044  0.15623044  0.17585133  0.17585133  0.16597488  0.13712380  0.29436257  0.19601492  0.20630978  0.18586342  0.10937115  0.11850515  0.10937115  0.11850515  0.11850515  0.15623044  0.15623044  0.14661453  0.16597488  0.16597488  0.16597488  0.16597488  0.15623044  0.12775504  0.13712380  0.13712380  0.13712380  0.11850515  0.12775504  0.13712380  0.18586342  0.16597488  0.13712380  0.13712380  0.22734615  0.23809644  0.22734615  0.26008458  0.23809644  0.23809644  0.30615633  0.30615633  0.30615633  0.29436257  0.30615633  0.29436257  0.33033211  0.31814401  0.30615633  0.31814401  0.31814401  0.30615633  0.30615633  0.30615633  0.22734615  0.23809644  0.26008458  0.14661453  0.15623044  0.13712380  0.11850515  0.17585133  0.18586342  0.19601492  0.18586342  0.20630978  0.21675209  0.21675209  0.20630978  0.17585133  0.18586342  0.18586342  0.19601492  0.19601492  0.17585133  0.21675209  0.22734615  0.22734615  0.11850515  0.39453027  0.24900761  0.24900761  0.30615633  0.43595071  0.43595071  0.49511393  0.47986695  0.45029751  0.42188079  0.42188079  0.46493233  0.43595071  0.47986695  0.47986695  0.42188079  0.42188079  0.39453027  0.38123041  0.38123041  0.40807728  0.40807728  0.40807728  0.40807728  0.39453027  0.40807728  0.40807728  0.42188079  0.43595071  0.43595071  0.39453027  0.39453027  
36_30_0    0.33033211  0.31814401  0.31814401  0.23809644  0.27133245  0.26008458  0.27133245  0.27133245  0.11850515  0.10937115  0.00000000  0.03193954  0.00000000  0.05684735  0.03193954  0.02382251  0.04014795  0.04844984  0.05684735  0.05684735  0.05684735  0.09143946  0.06534272  0.05684735  0.05684735  0.06534272  0.06534272  0.05684735  0.08263634  0.05684735  0.10035018  0.26008458  0.24900761  0.18586342  0.18586342  0.15623044  0.16597488  0.16597488  0.16597488  0.16597488  0.16597488  0.21675209  0.22734615  0.16597488  0.14661453  0.15623044  0.17585133  0.14661453  0.14661453  0.16597488  0.19601492  0.16597488  0.18586342  0.19601492  0.20630978  0.20630978  0.18586342  0.18586342  0.18586342  0.19601492  0.17585133  0.18586342  0.18586342  0.18586342  0.21675209  0.22734615  0.15623044  0.15623044  0.14661453  0.14661453  0.16597488  0.16597488  0.15623044  0.12775504  0.28275658  0.15623044  0.16597488  0.14661453  0.10937115  0.11850515  0.09143946  0.12775504  0.12775504  0.13712380  0.14661453  0.12775504  0.14661453  0.14661453  0.12775504  0.12775504  0.14661453  0.11850515  0.11850515  0.13712380  0.11850515  0.10035018  0.10937115  0.13712380  0.16597488  0.14661453  0.11850515  0.11850515  0.20630978  0.21675209  0.20630978  0.22734615  0.21675209  0.21675209  0.29436257  0.30615633  0.30615633  0.29436257  0.30615633  0.29436257  0.33033211  0.31814401  0.30615633  0.31814401  0.31814401  0.30615633  0.30615633  0.30615633  0.21675209  0.22734615  0.22734615  0.16597488  0.11850515  0.10035018  0.10035018  0.16597488  0.17585133  0.19601492  0.19601492  0.21675209  0.20630978  0.20630978  0.18586342  0.15623044  0.16597488  0.16597488  0.18586342  0.19601492  0.17585133  0.19601492  0.20630978  0.22734615  0.08263634  0.38123041  0.24900761  0.24900761  0.30615633  0.40807728  0.40807728  0.46493233  0.45029751  0.42188079  0.39453027  0.39453027  0.45029751  0.42188079  0.46493233  0.46493233  0.40807728  0.40807728  0.36816884  0.35533716  0.35533716  0.38123041  0.38123041  0.38123041  0.38123041  0.36816884  0.38123041  0.38123041  0.39453027  0.40807728  0.40807728  0.36816884  0.36816884  
63_30_0    0.30615633  0.29436257  0.29436257  0.23809644  0.27133245  0.26008458  0.29436257  0.29436257  0.12775504  0.13712380  0.05684735  0.07393826  0.05684735  0.00000000  0.04014795  0.04844984  0.04844984  0.05684735  0.04844984  0.08263634  0.08263634  0.13712380  0.09143946  0.04844984  0.04844984  0.05684735  0.07393826  0.06534272  0.10937115  0.08263634  0.12775504  0.29436257  0.30615633  0.19601492  0.19601492  0.14661453  0.15623044  0.15623044  0.15623044  0.17585133  0.17585133  0.24900761  0.26008458  0.19601492  0.15623044  0.16597488  0.18586342  0.15623044  0.15623044  0.19601492  0.20630978  0.19601492  0.17585133  0.20630978  0.19601492  0.19601492  0.19601492  0.19601492  0.19601492  0.20630978  0.18586342  0.19601492  0.19601492  0.19601492  0.20630978  0.19601492  0.15623044  0.15623044  0.17585133  0.17585133  0.19601492  0.19601492  0.18586342  0.15623044  0.29436257  0.18586342  0.19601492  0.17585133  0.15623044  0.16597488  0.15623044  0.17585133  0.17585133  0.20630978  0.15623044  0.17585133  0.17585133  0.17585133  0.17585133  0.17585133  0.19601492  0.16597488  0.16597488  0.16597488  0.14661453  0.14661453  0.13712380  0.14661453  0.17585133  0.15623044  0.16597488  0.16597488  0.28275658  0.26008458  0.28275658  0.28275658  0.29436257  0.29436257  0.31814401  0.36816884  0.36816884  0.33033211  0.34272743  0.33033211  0.36816884  0.35533716  0.34272743  0.35533716  0.35533716  0.31814401  0.34272743  0.34272743  0.24900761  0.26008458  0.24900761  0.17585133  0.15623044  0.13712380  0.13712380  0.16597488  0.19601492  0.24900761  0.24900761  0.27133245  0.26008458  0.26008458  0.23809644  0.18586342  0.19601492  0.19601492  0.22734615  0.20630978  0.20630978  0.24900761  0.26008458  0.26008458  0.10937115  0.40807728  0.26008458  0.26008458  0.31814401  0.40807728  0.40807728  0.46493233  0.45029751  0.42188079  0.42188079  0.42188079  0.45029751  0.42188079  0.46493233  0.46493233  0.40807728  0.40807728  0.36816884  0.38123041  0.35533716  0.38123041  0.38123041  0.38123041  0.38123041  0.36816884  0.38123041  0.38123041  0.39453027  0.40807728  0.40807728  0.36816884  0.36816884  
86_30_0    0.31814401  0.30615633  0.30615633  0.23809644  0.24900761  0.23809644  0.23809644  0.23809644  0.08263634  0.09143946  0.03193954  0.04844984  0.03193954  0.04014795  0.00000000  0.00785466  0.00785466  0.01579487  0.02382251  0.04014795  0.04014795  0.09143946  0.04844984  0.02382251  0.02382251  0.03193954  0.03193954  0.02382251  0.06534272  0.04014795  0.08263634  0.26008458  0.27133245  0.16597488  0.16597488  0.13712380  0.12775504  0.12775504  0.12775504  0.14661453  0.14661453  0.21675209  0.22734615  0.14661453  0.12775504  0.13712380  0.15623044  0.12775504  0.12775504  0.16597488  0.15623044  0.14661453  0.14661453  0.17585133  0.16597488  0.16597488  0.16597488  0.16597488  0.16597488  0.17585133  0.15623044  0.16597488  0.16597488  0.16597488  0.17585133  0.18586342  0.12775504  0.12775504  0.12775504  0.12775504  0.14661453  0.14661453  0.13712380  0.10937115  0.28275658  0.15623044  0.16597488  0.14661453  0.10937115  0.11850515  0.10937115  0.12775504  0.12775504  0.15623044  0.10937115  0.12775504  0.14661453  0.14661453  0.12775504  0.12775504  0.14661453  0.11850515  0.11850515  0.11850515  0.11850515  0.11850515  0.10937115  0.11850515  0.14661453  0.14661453  0.11850515  0.11850515  0.24900761  0.20630978  0.22734615  0.22734615  0.23809644  0.23809644  0.28275658  0.34272743  0.34272743  0.30615633  0.31814401  0.30615633  0.34272743  0.33033211  0.31814401  0.30615633  0.30615633  0.31814401  0.31814401  0.29436257  0.23809644  0.24900761  0.23809644  0.14661453  0.12775504  0.10937115  0.10937115  0.13712380  0.14661453  0.19601492  0.19601492  0.21675209  0.22734615  0.22734615  0.20630978  0.19601492  0.20630978  0.20630978  0.21675209  0.17585133  0.17585133  0.21675209  0.22734615  0.22734615  0.10035018  0.39453027  0.22734615  0.22734615  0.28275658  0.39453027  0.39453027  0.46493233  0.45029751  0.42188079  0.39453027  0.39453027  0.42188079  0.39453027  0.43595071  0.43595071  0.38123041  0.38123041  0.34272743  0.35533716  0.33033211  0.35533716  0.35533716  0.35533716  0.35533716  0.34272743  0.35533716  0.35533716  0.36816884  0.38123041  0.38123041  0.34272743  0.34272743  
38_34_0    0.33033211  0.31814401  0.31814401  0.22734615  0.26008458  0.24900761  0.24900761  0.24900761  0.09143946  0.10035018  0.02382251  0.04014795  0.02382251  0.04844984  0.00785466  0.00000000  0.01579487  0.02382251  0.03193954  0.03193954  0.03193954  0.08263634  0.04014795  0.03193954  0.03193954  0.04014795  0.04014795  0.03193954  0.07393826  0.03193954  0.07393826  0.24900761  0.26008458  0.15623044  0.15623044  0.14661453  0.13712380  0.13712380  0.13712380  0.15623044  0.15623044  0.20630978  0.21675209  0.15623044  0.13712380  0.14661453  0.16597488  0.13712380  0.13712380  0.15623044  0.16597488  0.15623044  0.15623044  0.18586342  0.17585133  0.17585133  0.17585133  0.15623044  0.15623044  0.16597488  0.14661453  0.15623044  0.15623044  0.15623044  0.18586342  0.19601492  0.13712380  0.13712380  0.11850515  0.11850515  0.15623044  0.15623044  0.14661453  0.11850515  0.27133245  0.14661453  0.15623044  0.13712380  0.10035018  0.10937115  0.10035018  0.11850515  0.11850515  0.14661453  0.11850515  0.13712380  0.15623044  0.15623044  0.13712380  0.13712380  0.15623044  0.12775504  0.12775504  0.12775504  0.12775504  0.10937115  0.11850515  0.12775504  0.15623044  0.15623044  0.12775504  0.12775504  0.23809644  0.21675209  0.21675209  0.23809644  0.22734615  0.22734615  0.28275658  0.34272743  0.34272743  0.30615633  0.31814401  0.30615633  0.34272743  0.33033211  0.31814401  0.30615633  0.30615633  0.31814401  0.31814401  0.29436257  0.22734615  0.23809644  0.23809644  0.15623044  0.12775504  0.10937115  0.10937115  0.14661453  0.15623044  0.18586342  0.18586342  0.20630978  0.21675209  0.21675209  0.19601492  0.18586342  0.19601492  0.19601492  0.20630978  0.16597488  0.16597488  0.20630978  0.21675209  0.21675209  0.10937115  0.38123041  0.21675209  0.21675209  0.27133245  0.39453027  0.39453027  0.46493233  0.45029751  0.42188079  0.39453027  0.39453027  0.42188079  0.39453027  0.43595071  0.43595071  0.38123041  0.38123041  0.34272743  0.35533716  0.33033211  0.35533716  0.35533716  0.35533716  0.35533716  0.34272743  0.35533716  0.35533716  0.36816884  0.38123041  0.38123041  0.34272743  0.34272743  
38_30_0    0.31814401  0.30615633  0.30615633  0.23809644  0.24900761  0.23809644  0.23809644  0.23809644  0.09143946  0.09143946  0.04014795  0.04014795  0.04014795  0.04844984  0.00785466  0.01579487  0.00000000  0.02382251  0.03193954  0.04844984  0.04844984  0.10035018  0.05684735  0.03193954  0.03193954  0.04014795  0.04014795  0.03193954  0.07393826  0.03193954  0.07393826  0.26008458  0.27133245  0.16597488  0.16597488  0.12775504  0.11850515  0.11850515  0.11850515  0.13712380  0.13712380  0.20630978  0.21675209  0.13712380  0.11850515  0.12775504  0.16597488  0.11850515  0.11850515  0.15623044  0.16597488  0.15623044  0.13712380  0.18586342  0.17585133  0.17585133  0.17585133  0.15623044  0.15623044  0.16597488  0.14661453  0.15623044  0.15623044  0.15623044  0.16597488  0.17585133  0.11850515  0.11850515  0.13712380  0.13712380  0.13712380  0.13712380  0.12775504  0.10035018  0.29436257  0.16597488  0.17585133  0.15623044  0.10035018  0.10937115  0.10035018  0.11850515  0.11850515  0.14661453  0.11850515  0.11850515  0.13712380  0.13712380  0.13712380  0.13712380  0.13712380  0.10937115  0.10937115  0.10937115  0.10937115  0.10937115  0.10035018  0.10937115  0.15623044  0.15623044  0.10937115  0.10937115  0.23809644  0.19601492  0.21675209  0.23809644  0.24900761  0.24900761  0.29436257  0.33033211  0.33033211  0.29436257  0.30615633  0.29436257  0.33033211  0.31814401  0.30615633  0.29436257  0.29436257  0.30615633  0.30615633  0.28275658  0.22734615  0.23809644  0.24900761  0.13712380  0.13712380  0.11850515  0.10035018  0.12775504  0.13712380  0.18586342  0.18586342  0.20630978  0.21675209  0.21675209  0.19601492  0.18586342  0.19601492  0.19601492  0.22734615  0.16597488  0.16597488  0.20630978  0.21675209  0.21675209  0.10937115  0.38123041  0.22734615  0.22734615  0.28275658  0.39453027  0.39453027  0.46493233  0.45029751  0.42188079  0.39453027  0.39453027  0.42188079  0.39453027  0.43595071  0.43595071  0.38123041  0.38123041  0.34272743  0.35533716  0.33033211  0.35533716  0.35533716  0.35533716  0.35533716  0.34272743  0.35533716  0.35533716  0.36816884  0.38123041  0.38123041  0.34272743  0.34272743  
38_31_0    0.33033211  0.31814401  0.31814401  0.24900761  0.26008458  0.24900761  0.24900761  0.24900761  0.09143946  0.10937115  0.04844984  0.06534272  0.04844984  0.05684735  0.01579487  0.02382251  0.02382251  0.00000000  0.00785466  0.05684735  0.05684735  0.10937115  0.06534272  0.04014795  0.04014795  0.04844984  0.04844984  0.04014795  0.08263634  0.05684735  0.10035018  0.26008458  0.27133245  0.16597488  0.16597488  0.14661453  0.13712380  0.13712380  0.13712380  0.15623044  0.15623044  0.22734615  0.23809644  0.13712380  0.11850515  0.12775504  0.14661453  0.11850515  0.11850515  0.15623044  0.14661453  0.14661453  0.13712380  0.16597488  0.15623044  0.15623044  0.15623044  0.17585133  0.17585133  0.18586342  0.16597488  0.17585133  0.17585133  0.17585133  0.18586342  0.19601492  0.13712380  0.13712380  0.13712380  0.13712380  0.15623044  0.15623044  0.14661453  0.11850515  0.29436257  0.16597488  0.17585133  0.15623044  0.11850515  0.12775504  0.11850515  0.13712380  0.13712380  0.16597488  0.11850515  0.13712380  0.15623044  0.15623044  0.13712380  0.13712380  0.15623044  0.12775504  0.12775504  0.12775504  0.12775504  0.12775504  0.11850515  0.12775504  0.15623044  0.15623044  0.12775504  0.12775504  0.26008458  0.21675209  0.22734615  0.23809644  0.24900761  0.24900761  0.29436257  0.33033211  0.33033211  0.29436257  0.30615633  0.29436257  0.33033211  0.31814401  0.30615633  0.29436257  0.29436257  0.30615633  0.30615633  0.28275658  0.24900761  0.26008458  0.24900761  0.15623044  0.13712380  0.11850515  0.11850515  0.14661453  0.15623044  0.20630978  0.20630978  0.22734615  0.23809644  0.23809644  0.21675209  0.20630978  0.21675209  0.21675209  0.22734615  0.18586342  0.18586342  0.22734615  0.23809644  0.23809644  0.10937115  0.40807728  0.23809644  0.23809644  0.29436257  0.40807728  0.40807728  0.47986695  0.46493233  0.43595071  0.40807728  0.40807728  0.43595071  0.40807728  0.45029751  0.45029751  0.39453027  0.39453027  0.35533716  0.36816884  0.34272743  0.36816884  0.36816884  0.36816884  0.36816884  0.35533716  0.36816884  0.36816884  0.38123041  0.39453027  0.39453027  0.35533716  0.35533716  
