195
34_26_0    0.00000000  0.13835602  0.16042949  0.14930998  0.26241573  0.57918010  0.52207183  0.52207183  0.53128734  0.54061974  0.50398001  0.53128734  0.55964734  0.57918010  0.56934891  0.51297031  0.52207183  0.43575808  0.45222975  0.42765849  0.42765849  0.53128734  0.53128734  0.51297031  0.53128734  0.51297031  0.60948732  0.60948732  0.52207183  0.70870654  0.70870654  0.70870654  0.70870654  0.68547277  0.74499355  0.64109675  0.64109675  0.75749811  0.77021886  0.73269796  0.74499355  0.74499355  0.77021886  0.77021886  0.78316342  0.77021886  0.77021886  0.70870654  0.66295026  0.67412534  0.70870654  0.67412534  0.67412534  0.65194237  0.63040867  0.67412534  0.68547277  0.68547277  0.66295026  0.66295026  0.68547277  0.68547277  0.72060446  0.70870654  0.73269796  0.75749811  0.77021886  0.73269796  0.73269796  0.67412534  0.79633980  0.80975646  0.66295026  0.74499355  0.72060446  0.69699795  0.72060446  0.72060446  0.54061974  0.58914444  0.60948732  0.61987364  0.57918010  0.64109675  0.64109675  0.65194237  0.60948732  0.58914444  0.58914444  0.58914444  0.56934891  0.60948732  0.60948732  0.60948732  0.56934891  0.59924557  0.57918010  0.57918010  0.56934891  0.57918010  0.57918010  0.56934891  0.57918010  0.55964734  0.54061974  0.53128734  0.56934891  0.56934891  0.56934891  0.54061974  0.55007204  0.55007204  0.55964734  0.56934891  0.56934891  0.61987364  0.64109675  0.65194237  0.60948732  0.64109675  0.64109675  0.64109675  0.59924557  0.63040867  0.58914444  0.55007204  0.57918010  0.66295026  0.66295026  0.60948732  0.53128734  0.54061974  0.56934891  0.57918010  0.58914444  0.58914444  0.68547277  0.72060446  0.72060446  0.73269796  0.72060446  0.64109675  0.65194237  0.80975646  0.83734680  0.73269796  0.73269796  0.72060446  0.72060446  0.72060446  0.70870654  0.73269796  0.72060446  0.75749811  0.82342231  0.80975646  0.79633980  0.83734680  0.83734680  0.78316342  0.70870654  0.72060446  0.67412534  0.69699795  0.72060446  0.67412534  0.73269796  0.67412534  0.70870654  0.68547277  0.68547277  0.67412534  0.72060446  0.67412534  0.67412534  0.65194237  0.66295026  0.67412534  0.63040867  0.60948732  0.66295026  0.67412534  0.66295026  0.69699795  0.67412534  0.66295026  0.67412534  0.69699795  0.64109675  0.74499355  0.68547277  0.67412534  0.68547277  0.68547277  0.68547277  
34_24_0    0.13835602  0.00000000  0.14930998  0.14930998  0.24965727  0.67412534  0.58914444  0.58914444  0.59924557  0.60948732  0.46060596  0.50398001  0.51297031  0.60948732  0.61987364  0.48632239  0.48632239  0.41172200  0.44394782  0.43575808  0.43575808  0.54061974  0.54061974  0.50398001  0.53128734  0.51297031  0.59924557  0.59924557  0.58914444  0.69699795  0.74499355  0.74499355  0.68547277  0.66295026  0.70870654  0.65194237  0.63040867  0.79633980  0.80975646  0.77021886  0.78316342  0.78316342  0.80975646  0.80975646  0.77021886  0.79633980  0.79633980  0.75749811  0.70870654  0.72060446  0.72060446  0.72060446  0.72060446  0.69699795  0.68547277  0.68547277  0.70870654  0.70870654  0.73269796  0.73269796  0.75749811  0.77021886  0.78316342  0.77021886  0.82342231  0.82342231  0.83734680  0.73269796  0.78316342  0.72060446  0.75749811  0.79633980  0.67412534  0.73269796  0.70870654  0.69699795  0.72060446  0.72060446  0.56934891  0.56934891  0.56934891  0.64109675  0.61987364  0.63040867  0.66295026  0.67412534  0.59924557  0.60948732  0.60948732  0.59924557  0.65194237  0.64109675  0.64109675  0.56934891  0.55007204  0.57918010  0.60948732  0.60948732  0.58914444  0.59924557  0.60948732  0.60948732  0.61987364  0.58914444  0.58914444  0.57918010  0.55007204  0.55007204  0.53128734  0.54061974  0.51297031  0.53128734  0.54061974  0.54061974  0.54061974  0.59924557  0.61987364  0.64109675  0.58914444  0.65194237  0.65194237  0.65194237  0.60948732  0.57918010  0.54061974  0.52207183  0.55964734  0.60948732  0.60948732  0.57918010  0.50398001  0.51297031  0.54061974  0.56934891  0.59924557  0.55964734  0.64109675  0.67412534  0.67412534  0.72060446  0.69699795  0.59924557  0.60948732  0.78316342  0.78316342  0.72060446  0.69699795  0.60948732  0.66295026  0.64109675  0.60948732  0.61987364  0.63040867  0.65194237  0.73269796  0.78316342  0.72060446  0.75749811  0.79633980  0.72060446  0.74499355  0.70870654  0.69699795  0.68547277  0.68547277  0.67412534  0.67412534  0.61987364  0.64109675  0.63040867  0.70870654  0.69699795  0.73269796  0.70870654  0.70870654  0.68547277  0.67412534  0.70870654  0.55007204  0.54061974  0.57918010  0.56934891  0.57918010  0.60948732  0.58914444  0.63040867  0.72060446  0.70870654  0.61987364  0.69699795  0.64109675  0.61987364  0.63040867  0.63040867  0.64109675  
43_24_0    0.16042949  0.14930998  0.00000000  0.00906462  0.24965727  0.60948732  0.53128734  0.53128734  0.53128734  0.55007204  0.49509823  0.51297031  0.51297031  0.50398001  0.54061974  0.46907862  0.45222975  0.39612337  0.38844634  0.43575808  0.43575808  0.48632239  0.48632239  0.46907862  0.46907862  0.45222975  0.60948732  0.60948732  0.59924557  0.68547277  0.69699795  0.69699795  0.67412534  0.65194237  0.72060446  0.64109675  0.63040867  0.75749811  0.77021886  0.73269796  0.74499355  0.74499355  0.77021886  0.77021886  0.75749811  0.73269796  0.77021886  0.68547277  0.65194237  0.66295026  0.67412534  0.68547277  0.68547277  0.65194237  0.66295026  0.68547277  0.67412534  0.67412534  0.67412534  0.67412534  0.67412534  0.68547277  0.64109675  0.63040867  0.72060446  0.74499355  0.75749811  0.73269796  0.70870654  0.65194237  0.69699795  0.73269796  0.59924557  0.67412534  0.65194237  0.64109675  0.66295026  0.66295026  0.55007204  0.59924557  0.58914444  0.60948732  0.58914444  0.60948732  0.58914444  0.61987364  0.58914444  0.55007204  0.55007204  0.55007204  0.60948732  0.57918010  0.57918010  0.50398001  0.50398001  0.60948732  0.55964734  0.55964734  0.56934891  0.57918010  0.56934891  0.55964734  0.59924557  0.60948732  0.54061974  0.53128734  0.50398001  0.50398001  0.48632239  0.56934891  0.56934891  0.50398001  0.51297031  0.50398001  0.52207183  0.55007204  0.59924557  0.56934891  0.59924557  0.59924557  0.59924557  0.56934891  0.56934891  0.54061974  0.55007204  0.51297031  0.52207183  0.54061974  0.61987364  0.58914444  0.44394782  0.51297031  0.47764999  0.50398001  0.55007204  0.51297031  0.61987364  0.66295026  0.66295026  0.67412534  0.67412534  0.58914444  0.59924557  0.61987364  0.69699795  0.66295026  0.69699795  0.66295026  0.59924557  0.63040867  0.58914444  0.56934891  0.67412534  0.59924557  0.73269796  0.68547277  0.72060446  0.75749811  0.80975646  0.69699795  0.64109675  0.65194237  0.60948732  0.61987364  0.61987364  0.57918010  0.65194237  0.63040867  0.60948732  0.61987364  0.63040867  0.61987364  0.68547277  0.66295026  0.66295026  0.64109675  0.61987364  0.64109675  0.55007204  0.54061974  0.57918010  0.58914444  0.55964734  0.58914444  0.58914444  0.61987364  0.63040867  0.59924557  0.55007204  0.64109675  0.58914444  0.55964734  0.57918010  0.57918010  0.58914444  
75_24_0    0.14930998  0.14930998  0.00906462  0.00000000  0.23711627  0.59924557  0.52207183  0.52207183  0.52207183  0.54061974  0.48632239  0.50398001  0.50398001  0.49509823  0.53128734  0.46060596  0.44394782  0.38844634  0.38084859  0.42765849  0.42765849  0.49509823  0.49509823  0.47764999  0.47764999  0.46060596  0.61987364  0.61987364  0.60948732  0.67412534  0.68547277  0.68547277  0.68547277  0.66295026  0.72060446  0.63040867  0.61987364  0.77021886  0.78316342  0.74499355  0.75749811  0.75749811  0.78316342  0.78316342  0.77021886  0.74499355  0.78316342  0.69699795  0.66295026  0.67412534  0.68547277  0.69699795  0.69699795  0.66295026  0.67412534  0.69699795  0.68547277  0.68547277  0.68547277  0.68547277  0.68547277  0.69699795  0.65194237  0.64109675  0.73269796  0.75749811  0.77021886  0.74499355  0.72060446  0.66295026  0.70870654  0.74499355  0.60948732  0.68547277  0.66295026  0.65194237  0.67412534  0.67412534  0.55964734  0.60948732  0.59924557  0.61987364  0.59924557  0.61987364  0.59924557  0.63040867  0.59924557  0.54061974  0.55964734  0.55964734  0.61987364  0.58914444  0.58914444  0.51297031  0.51297031  0.59924557  0.55007204  0.55007204  0.55964734  0.56934891  0.55964734  0.55007204  0.58914444  0.59924557  0.53128734  0.52207183  0.51297031  0.51297031  0.49509823  0.57918010  0.57918010  0.51297031  0.52207183  0.51297031  0.53128734  0.55964734  0.60948732  0.57918010  0.58914444  0.60948732  0.60948732  0.57918010  0.57918010  0.55007204  0.55964734  0.52207183  0.53128734  0.55007204  0.63040867  0.59924557  0.45222975  0.52207183  0.48632239  0.51297031  0.55964734  0.52207183  0.63040867  0.67412534  0.67412534  0.68547277  0.68547277  0.57918010  0.58914444  0.64109675  0.69699795  0.66295026  0.72060446  0.66295026  0.58914444  0.64109675  0.57918010  0.55964734  0.66295026  0.58914444  0.72060446  0.67412534  0.70870654  0.74499355  0.79633980  0.70870654  0.65194237  0.66295026  0.61987364  0.63040867  0.63040867  0.58914444  0.66295026  0.64109675  0.61987364  0.63040867  0.63040867  0.61987364  0.67412534  0.65194237  0.65194237  0.63040867  0.60948732  0.63040867  0.54061974  0.53128734  0.56934891  0.57918010  0.55007204  0.57918010  0.57918010  0.60948732  0.64109675  0.60948732  0.54061974  0.63040867  0.57918010  0.55964734  0.56934891  0.56934891  0.57918010  
34_0_0     0.26241573  0.24965727  0.24965727  0.23711627  0.00000000  0.51297031  0.47764999  0.47764999  0.45222975  0.46060596  0.53128734  0.52207183  0.53128734  0.48632239  0.51297031  0.42765849  0.43575808  0.38084859  0.37332849  0.41964710  0.40388135  0.51297031  0.51297031  0.46060596  0.48632239  0.50398001  0.55007204  0.57918010  0.52207183  0.68547277  0.68547277  0.68547277  0.70870654  0.69699795  0.73269796  0.64109675  0.68547277  0.79633980  0.80975646  0.77021886  0.75749811  0.75749811  0.80975646  0.80975646  0.83734680  0.83734680  0.77021886  0.69699795  0.69699795  0.68547277  0.73269796  0.68547277  0.68547277  0.73269796  0.72060446  0.70870654  0.75749811  0.77021886  0.74499355  0.74499355  0.74499355  0.78316342  0.73269796  0.72060446  0.77021886  0.79633980  0.78316342  0.77021886  0.75749811  0.68547277  0.67412534  0.75749811  0.68547277  0.72060446  0.69699795  0.66295026  0.66295026  0.66295026  0.54061974  0.57918010  0.58914444  0.55964734  0.55007204  0.56934891  0.58914444  0.56934891  0.52207183  0.59924557  0.61987364  0.61987364  0.56934891  0.63040867  0.63040867  0.57918010  0.55964734  0.55007204  0.55007204  0.55007204  0.53128734  0.54061974  0.54061974  0.54061974  0.54061974  0.55007204  0.53128734  0.52207183  0.54061974  0.54061974  0.54061974  0.52207183  0.56934891  0.50398001  0.51297031  0.50398001  0.47764999  0.56934891  0.64109675  0.63040867  0.59924557  0.57918010  0.57918010  0.59924557  0.61987364  0.56934891  0.49509823  0.47764999  0.49509823  0.50398001  0.60948732  0.56934891  0.55007204  0.54061974  0.55964734  0.55007204  0.55964734  0.53128734  0.63040867  0.68547277  0.66295026  0.63040867  0.64109675  0.66295026  0.64109675  0.69699795  0.69699795  0.65194237  0.68547277  0.66295026  0.68547277  0.72060446  0.63040867  0.69699795  0.67412534  0.65194237  0.72060446  0.69699795  0.72060446  0.77021886  0.78316342  0.70870654  0.64109675  0.63040867  0.61987364  0.60948732  0.63040867  0.61987364  0.59924557  0.58914444  0.60948732  0.59924557  0.67412534  0.66295026  0.65194237  0.66295026  0.66295026  0.64109675  0.67412534  0.64109675  0.52207183  0.47764999  0.51297031  0.52207183  0.52207183  0.53128734  0.53128734  0.55007204  0.65194237  0.66295026  0.58914444  0.59924557  0.57918010  0.60948732  0.59924557  0.59924557  0.60948732  
34_22_0    0.57918010  0.67412534  0.60948732  0.59924557  0.51297031  0.00000000  0.17743033  0.17171962  0.17743033  0.16605290  0.36588447  0.35851502  0.34399391  0.37332849  0.36588447  0.42765849  0.44394782  0.38084859  0.38844634  0.38844634  0.41172200  0.53128734  0.53128734  0.48632239  0.48632239  0.49509823  0.56934891  0.57918010  0.50398001  0.78316342  0.74499355  0.74499355  0.72060446  0.73269796  0.82342231  0.72060446  0.77021886  0.77021886  0.75749811  0.74499355  0.74499355  0.74499355  0.75749811  0.75749811  0.83734680  0.78316342  0.70870654  0.73269796  0.68547277  0.68547277  0.73269796  0.69699795  0.69699795  0.75749811  0.74499355  0.70870654  0.77021886  0.75749811  0.73269796  0.73269796  0.80975646  0.79633980  0.72060446  0.70870654  0.72060446  0.70870654  0.69699795  0.72060446  0.69699795  0.64109675  0.67412534  0.73269796  0.61987364  0.67412534  0.67412534  0.64109675  0.66295026  0.66295026  0.52207183  0.58914444  0.60948732  0.59924557  0.60948732  0.60948732  0.55964734  0.59924557  0.55007204  0.68547277  0.73269796  0.69699795  0.73269796  0.74499355  0.74499355  0.68547277  0.66295026  0.68547277  0.57918010  0.56934891  0.61987364  0.64109675  0.61987364  0.61987364  0.57918010  0.64109675  0.65194237  0.64109675  0.60948732  0.60948732  0.61987364  0.64109675  0.66295026  0.56934891  0.56934891  0.57918010  0.58914444  0.61987364  0.65194237  0.72060446  0.64109675  0.66295026  0.66295026  0.66295026  0.60948732  0.61987364  0.57918010  0.65194237  0.60948732  0.59924557  0.67412534  0.65194237  0.64109675  0.66295026  0.64109675  0.60948732  0.60948732  0.60948732  0.59924557  0.69699795  0.66295026  0.67412534  0.63040867  0.66295026  0.67412534  0.72060446  0.73269796  0.77021886  0.68547277  0.67412534  0.69699795  0.75749811  0.66295026  0.79633980  0.79633980  0.79633980  0.63040867  0.63040867  0.67412534  0.72060446  0.73269796  0.57918010  0.61987364  0.63040867  0.57918010  0.69699795  0.70870654  0.69699795  0.73269796  0.72060446  0.73269796  0.72060446  0.65194237  0.65194237  0.67412534  0.63040867  0.63040867  0.61987364  0.61987364  0.60948732  0.59924557  0.60948732  0.58914444  0.59924557  0.58914444  0.59924557  0.59924557  0.55964734  0.61987364  0.64109675  0.86601218  0.89583977  0.88077484  0.94297873  0.89583977  0.89583977  0.88077484  
75_22_0    0.52207183  0.58914444  0.53128734  0.52207183  0.47764999  0.17743033  0.00000000  0.00451835  0.01824230  0.00906462  0.32975385  0.32975385  0.31578417  0.37332849  0.33683943  0.38084859  0.38844634  0.36588447  0.35851502  0.38084859  0.41964710  0.50398001  0.50398001  0.47764999  0.47764999  0.49509823  0.57918010  0.56934891  0.53128734  0.68547277  0.67412534  0.67412534  0.67412534  0.66295026  0.72060446  0.70870654  0.73269796  0.77021886  0.75749811  0.74499355  0.72060446  0.72060446  0.77021886  0.77021886  0.79633980  0.75749811  0.69699795  0.77021886  0.72060446  0.72060446  0.74499355  0.73269796  0.73269796  0.77021886  0.75749811  0.78316342  0.77021886  0.75749811  0.74499355  0.74499355  0.88077484  0.83734680  0.79633980  0.78316342  0.73269796  0.72060446  0.73269796  0.75749811  0.68547277  0.65194237  0.70870654  0.75749811  0.60948732  0.68547277  0.68547277  0.63040867  0.67412534  0.67412534  0.53128734  0.60948732  0.59924557  0.64109675  0.60948732  0.64109675  0.56934891  0.63040867  0.57918010  0.55964734  0.57918010  0.58914444  0.60948732  0.61987364  0.61987364  0.54061974  0.50398001  0.63040867  0.51297031  0.51297031  0.53128734  0.53128734  0.55007204  0.54061974  0.53128734  0.55007204  0.55007204  0.54061974  0.52207183  0.52207183  0.51297031  0.55964734  0.57918010  0.50398001  0.52207183  0.46907862  0.54061974  0.57918010  0.60948732  0.63040867  0.56934891  0.63040867  0.63040867  0.65194237  0.58914444  0.60948732  0.55964734  0.55964734  0.55007204  0.52207183  0.61987364  0.60948732  0.58914444  0.63040867  0.55007204  0.55007204  0.52207183  0.54061974  0.58914444  0.63040867  0.57918010  0.58914444  0.57918010  0.60948732  0.61987364  0.63040867  0.67412534  0.65194237  0.64109675  0.59924557  0.64109675  0.69699795  0.64109675  0.59924557  0.65194237  0.66295026  0.59924557  0.60948732  0.64109675  0.68547277  0.65194237  0.55007204  0.54061974  0.54061974  0.55007204  0.63040867  0.61987364  0.63040867  0.63040867  0.63040867  0.61987364  0.65194237  0.67412534  0.65194237  0.63040867  0.64109675  0.64109675  0.59924557  0.60948732  0.63040867  0.52207183  0.53128734  0.53128734  0.54061974  0.53128734  0.55007204  0.54061974  0.54061974  0.60948732  0.57918010  0.79633980  0.82342231  0.80975646  0.83734680  0.82342231  0.82342231  0.78316342  
43_22_0    0.52207183  0.58914444  0.53128734  0.52207183  0.47764999  0.17171962  0.00451835  0.00000000  0.02287444  0.01363915  0.33683943  0.33683943  0.32273586  0.37332849  0.33683943  0.38844634  0.39612337  0.37332849  0.36588447  0.38844634  0.41172200  0.50398001  0.50398001  0.47764999  0.47764999  0.49509823  0.57918010  0.56934891  0.53128734  0.68547277  0.67412534  0.67412534  0.67412534  0.66295026  0.72060446  0.70870654  0.73269796  0.77021886  0.75749811  0.74499355  0.72060446  0.72060446  0.77021886  0.77021886  0.79633980  0.75749811  0.69699795  0.77021886  0.72060446  0.72060446  0.74499355  0.73269796  0.73269796  0.77021886  0.75749811  0.78316342  0.77021886  0.75749811  0.74499355  0.74499355  0.88077484  0.83734680  0.79633980  0.78316342  0.73269796  0.72060446  0.73269796  0.75749811  0.68547277  0.65194237  0.70870654  0.75749811  0.60948732  0.68547277  0.68547277  0.63040867  0.67412534  0.67412534  0.53128734  0.60948732  0.59924557  0.64109675  0.60948732  0.64109675  0.56934891  0.63040867  0.57918010  0.55964734  0.57918010  0.58914444  0.60948732  0.61987364  0.61987364  0.54061974  0.50398001  0.63040867  0.51297031  0.51297031  0.53128734  0.53128734  0.55007204  0.54061974  0.53128734  0.55007204  0.55007204  0.54061974  0.52207183  0.52207183  0.51297031  0.55964734  0.57918010  0.50398001  0.52207183  0.46907862  0.54061974  0.57918010  0.60948732  0.63040867  0.56934891  0.63040867  0.63040867  0.65194237  0.58914444  0.60948732  0.55964734  0.55964734  0.55007204  0.52207183  0.61987364  0.60948732  0.58914444  0.63040867  0.55007204  0.55007204  0.52207183  0.54061974  0.58914444  0.63040867  0.57918010  0.58914444  0.57918010  0.60948732  0.61987364  0.63040867  0.67412534  0.65194237  0.64109675  0.59924557  0.64109675  0.69699795  0.64109675  0.59924557  0.65194237  0.66295026  0.59924557  0.60948732  0.64109675  0.68547277  0.65194237  0.55007204  0.54061974  0.54061974  0.55007204  0.63040867  0.61987364  0.63040867  0.63040867  0.63040867  0.61987364  0.65194237  0.67412534  0.65194237  0.63040867  0.64109675  0.64109675  0.59924557  0.60948732  0.63040867  0.52207183  0.53128734  0.53128734  0.54061974  0.53128734  0.55007204  0.54061974  0.54061974  0.60948732  0.58914444  0.79633980  0.82342231  0.80975646  0.83734680  0.82342231  0.82342231  0.78316342  
43_25_0    0.53128734  0.59924557  0.53128734  0.52207183  0.45222975  0.17743033  0.01824230  0.02287444  0.00000000  0.00906462  0.31578417  0.31578417  0.31578417  0.37332849  0.33683943  0.38844634  0.39612337  0.35851502  0.36588447  0.36588447  0.40388135  0.51297031  0.51297031  0.48632239  0.48632239  0.50398001  0.57918010  0.58914444  0.55007204  0.68547277  0.69699795  0.69699795  0.65194237  0.66295026  0.72060446  0.68547277  0.75749811  0.74499355  0.73269796  0.72060446  0.72060446  0.72060446  0.74499355  0.74499355  0.77021886  0.73269796  0.69699795  0.77021886  0.69699795  0.69699795  0.77021886  0.73269796  0.73269796  0.77021886  0.75749811  0.78316342  0.78316342  0.78316342  0.77021886  0.77021886  0.85153990  0.83734680  0.77021886  0.75749811  0.73269796  0.72060446  0.70870654  0.73269796  0.68547277  0.65194237  0.67412534  0.75749811  0.63040867  0.73269796  0.70870654  0.65194237  0.67412534  0.67412534  0.53128734  0.60948732  0.59924557  0.64109675  0.59924557  0.65194237  0.57918010  0.61987364  0.58914444  0.55964734  0.59924557  0.58914444  0.60948732  0.61987364  0.61987364  0.54061974  0.50398001  0.65194237  0.51297031  0.51297031  0.53128734  0.53128734  0.55007204  0.54061974  0.53128734  0.58914444  0.56934891  0.55964734  0.55964734  0.55964734  0.55007204  0.55007204  0.58914444  0.52207183  0.54061974  0.50398001  0.55964734  0.55964734  0.63040867  0.60948732  0.56934891  0.63040867  0.63040867  0.65194237  0.58914444  0.60948732  0.55964734  0.55964734  0.55007204  0.52207183  0.60948732  0.61987364  0.58914444  0.61987364  0.56934891  0.55007204  0.54061974  0.55964734  0.61987364  0.66295026  0.60948732  0.61987364  0.58914444  0.59924557  0.60948732  0.64109675  0.66295026  0.66295026  0.65194237  0.63040867  0.61987364  0.69699795  0.61987364  0.61987364  0.67412534  0.64109675  0.59924557  0.58914444  0.66295026  0.70870654  0.65194237  0.55007204  0.55964734  0.55964734  0.56934891  0.63040867  0.61987364  0.63040867  0.63040867  0.63040867  0.61987364  0.65194237  0.65194237  0.63040867  0.60948732  0.61987364  0.61987364  0.59924557  0.58914444  0.60948732  0.52207183  0.51297031  0.51297031  0.52207183  0.51297031  0.53128734  0.52207183  0.53128734  0.58914444  0.57918010  0.75749811  0.78316342  0.77021886  0.82342231  0.78316342  0.78316342  0.79633980  
75_25_0    0.54061974  0.60948732  0.55007204  0.54061974  0.46060596  0.16605290  0.00906462  0.01363915  0.00906462  0.00000000  0.32975385  0.32975385  0.31578417  0.37332849  0.33683943  0.38084859  0.38844634  0.36588447  0.37332849  0.37332849  0.41172200  0.52207183  0.52207183  0.49509823  0.49509823  0.51297031  0.55964734  0.56934891  0.53128734  0.68547277  0.67412534  0.67412534  0.67412534  0.68547277  0.72060446  0.70870654  0.75749811  0.77021886  0.75749811  0.74499355  0.72060446  0.72060446  0.77021886  0.77021886  0.79633980  0.75749811  0.69699795  0.79633980  0.72060446  0.72060446  0.77021886  0.73269796  0.73269796  0.79633980  0.78316342  0.78316342  0.79633980  0.78316342  0.77021886  0.77021886  0.88077484  0.86601218  0.79633980  0.78316342  0.75749811  0.74499355  0.73269796  0.75749811  0.70870654  0.67412534  0.68547277  0.75749811  0.63040867  0.70870654  0.70870654  0.65194237  0.67412534  0.67412534  0.51297031  0.58914444  0.57918010  0.61987364  0.58914444  0.63040867  0.55964734  0.61987364  0.56934891  0.55964734  0.59924557  0.58914444  0.60948732  0.61987364  0.61987364  0.54061974  0.50398001  0.65194237  0.51297031  0.51297031  0.53128734  0.53128734  0.55007204  0.54061974  0.53128734  0.56934891  0.56934891  0.55964734  0.54061974  0.54061974  0.53128734  0.54061974  0.57918010  0.50398001  0.52207183  0.48632239  0.54061974  0.55964734  0.60948732  0.60948732  0.55007204  0.63040867  0.63040867  0.65194237  0.58914444  0.58914444  0.54061974  0.55964734  0.55007204  0.50398001  0.60948732  0.59924557  0.58914444  0.60948732  0.55007204  0.55007204  0.52207183  0.54061974  0.59924557  0.64109675  0.58914444  0.59924557  0.58914444  0.61987364  0.63040867  0.64109675  0.66295026  0.66295026  0.63040867  0.60948732  0.64109675  0.69699795  0.61987364  0.61987364  0.67412534  0.66295026  0.59924557  0.58914444  0.66295026  0.70870654  0.65194237  0.55007204  0.55964734  0.55964734  0.56934891  0.63040867  0.61987364  0.63040867  0.63040867  0.63040867  0.61987364  0.65194237  0.65194237  0.63040867  0.60948732  0.61987364  0.61987364  0.59924557  0.58914444  0.60948732  0.52207183  0.51297031  0.51297031  0.52207183  0.51297031  0.53128734  0.52207183  0.52207183  0.58914444  0.57918010  0.77021886  0.79633980  0.78316342  0.83734680  0.79633980  0.79633980  0.78316342  
55_22_0    0.50398001  0.46060596  0.49509823  0.48632239  0.53128734  0.36588447  0.32975385  0.33683943  0.31578417  0.32975385  0.00000000  0.06593071  0.06593071  0.35851502  0.38084859  0.41172200  0.42765849  0.32273586  0.36588447  0.37332849  0.36588447  0.47764999  0.47764999  0.47764999  0.45222975  0.46907862  0.57918010  0.63040867  0.57918010  0.58914444  0.63040867  0.63040867  0.61987364  0.61987364  0.68547277  0.61987364  0.65194237  0.60948732  0.59924557  0.56934891  0.58914444  0.58914444  0.57918010  0.57918010  0.59924557  0.63040867  0.58914444  0.66295026  0.64109675  0.64109675  0.68547277  0.64109675  0.64109675  0.64109675  0.63040867  0.64109675  0.66295026  0.66295026  0.68547277  0.68547277  0.64109675  0.68547277  0.69699795  0.68547277  0.67412534  0.65194237  0.64109675  0.66295026  0.67412534  0.63040867  0.66295026  0.72060446  0.67412534  0.68547277  0.66295026  0.67412534  0.67412534  0.67412534  0.53128734  0.50398001  0.46907862  0.57918010  0.53128734  0.56934891  0.58914444  0.56934891  0.55007204  0.58914444  0.59924557  0.56934891  0.66295026  0.63040867  0.63040867  0.47764999  0.45222975  0.61987364  0.51297031  0.50398001  0.50398001  0.52207183  0.55007204  0.55007204  0.55964734  0.55964734  0.55964734  0.55007204  0.50398001  0.50398001  0.49509823  0.55964734  0.55007204  0.52207183  0.52207183  0.55964734  0.58914444  0.60948732  0.61987364  0.59924557  0.60948732  0.65194237  0.65194237  0.63040867  0.56934891  0.60948732  0.56934891  0.55964734  0.55964734  0.56934891  0.55964734  0.55964734  0.55007204  0.54061974  0.63040867  0.60948732  0.57918010  0.55964734  0.63040867  0.66295026  0.67412534  0.69699795  0.64109675  0.51297031  0.57918010  0.69699795  0.65194237  0.68547277  0.67412534  0.64109675  0.55007204  0.59924557  0.58914444  0.55007204  0.59924557  0.56934891  0.67412534  0.63040867  0.72060446  0.72060446  0.69699795  0.51297031  0.55007204  0.54061974  0.53128734  0.64109675  0.63040867  0.63040867  0.61987364  0.59924557  0.60948732  0.59924557  0.56934891  0.55007204  0.51297031  0.52207183  0.52207183  0.48632239  0.52207183  0.51297031  0.49509823  0.54061974  0.50398001  0.50398001  0.52207183  0.53128734  0.51297031  0.50398001  0.53128734  0.47764999  0.72060446  0.77021886  0.77021886  0.74499355  0.75749811  0.75749811  0.79633980  
33_22_0    0.53128734  0.50398001  0.51297031  0.50398001  0.52207183  0.35851502  0.32975385  0.33683943  0.31578417  0.32975385  0.06593071  0.00000000  0.02753592  0.34399391  0.36588447  0.41172200  0.42765849  0.35121864  0.38844634  0.42765849  0.43575808  0.49509823  0.49509823  0.45222975  0.45222975  0.46907862  0.57918010  0.58914444  0.57918010  0.58914444  0.61987364  0.61987364  0.58914444  0.58914444  0.66295026  0.61987364  0.65194237  0.63040867  0.61987364  0.60948732  0.58914444  0.58914444  0.59924557  0.59924557  0.63040867  0.66295026  0.61987364  0.70870654  0.67412534  0.68547277  0.73269796  0.69699795  0.69699795  0.68547277  0.67412534  0.68547277  0.70870654  0.70870654  0.73269796  0.73269796  0.72060446  0.75749811  0.74499355  0.73269796  0.72060446  0.69699795  0.68547277  0.68547277  0.73269796  0.67412534  0.63040867  0.68547277  0.65194237  0.65194237  0.63040867  0.64109675  0.64109675  0.64109675  0.53128734  0.49509823  0.48632239  0.56934891  0.52207183  0.56934891  0.56934891  0.56934891  0.54061974  0.59924557  0.61987364  0.57918010  0.69699795  0.64109675  0.64109675  0.47764999  0.46907862  0.60948732  0.50398001  0.49509823  0.48632239  0.50398001  0.53128734  0.53128734  0.55964734  0.54061974  0.57918010  0.56934891  0.52207183  0.52207183  0.51297031  0.61987364  0.58914444  0.53128734  0.53128734  0.56934891  0.59924557  0.59924557  0.63040867  0.60948732  0.60948732  0.69699795  0.69699795  0.66295026  0.60948732  0.57918010  0.57918010  0.61987364  0.59924557  0.61987364  0.57918010  0.60948732  0.63040867  0.59924557  0.66295026  0.66295026  0.58914444  0.55964734  0.68547277  0.69699795  0.70870654  0.79633980  0.75749811  0.54061974  0.58914444  0.67412534  0.66295026  0.67412534  0.63040867  0.63040867  0.54061974  0.60948732  0.57918010  0.55007204  0.57918010  0.58914444  0.67412534  0.58914444  0.70870654  0.75749811  0.70870654  0.57918010  0.64109675  0.63040867  0.59924557  0.64109675  0.65194237  0.64109675  0.65194237  0.65194237  0.64109675  0.64109675  0.60948732  0.60948732  0.57918010  0.58914444  0.58914444  0.55007204  0.58914444  0.57918010  0.55964734  0.60948732  0.56934891  0.56934891  0.56934891  0.59924557  0.57918010  0.54061974  0.54061974  0.50398001  0.72060446  0.74499355  0.74499355  0.72060446  0.73269796  0.73269796  0.77021886  
56_22_0    0.55964734  0.51297031  0.51297031  0.50398001  0.53128734  0.34399391  0.31578417  0.32273586  0.31578417  0.31578417  0.06593071  0.02753592  0.00000000  0.33683943  0.37332849  0.38844634  0.40388135  0.32975385  0.36588447  0.39612337  0.40388135  0.48632239  0.48632239  0.46060596  0.44394782  0.46060596  0.59924557  0.60948732  0.59924557  0.60948732  0.61987364  0.61987364  0.63040867  0.63040867  0.66295026  0.65194237  0.67412534  0.65194237  0.64109675  0.60948732  0.58914444  0.58914444  0.61987364  0.61987364  0.65194237  0.68547277  0.61987364  0.72060446  0.67412534  0.69699795  0.72060446  0.68547277  0.68547277  0.72060446  0.72060446  0.69699795  0.73269796  0.72060446  0.74499355  0.74499355  0.73269796  0.77021886  0.75749811  0.75749811  0.73269796  0.70870654  0.69699795  0.69699795  0.73269796  0.67412534  0.63040867  0.67412534  0.66295026  0.66295026  0.64109675  0.65194237  0.65194237  0.65194237  0.55007204  0.51297031  0.49509823  0.58914444  0.55007204  0.58914444  0.56934891  0.60948732  0.54061974  0.61987364  0.64109675  0.59924557  0.72060446  0.66295026  0.66295026  0.48632239  0.48632239  0.67412534  0.54061974  0.53128734  0.52207183  0.54061974  0.55007204  0.55007204  0.57918010  0.55964734  0.57918010  0.56934891  0.49509823  0.49509823  0.48632239  0.63040867  0.59924557  0.52207183  0.52207183  0.55964734  0.60948732  0.56934891  0.59924557  0.59924557  0.59924557  0.70870654  0.70870654  0.67412534  0.60948732  0.56934891  0.55007204  0.58914444  0.56934891  0.56934891  0.55007204  0.55964734  0.59924557  0.55964734  0.61987364  0.61987364  0.55964734  0.53128734  0.66295026  0.67412534  0.69699795  0.74499355  0.73269796  0.54061974  0.58914444  0.68547277  0.68547277  0.69699795  0.65194237  0.63040867  0.54061974  0.58914444  0.58914444  0.54061974  0.58914444  0.59924557  0.69699795  0.57918010  0.72060446  0.74499355  0.73269796  0.55007204  0.60948732  0.59924557  0.56934891  0.63040867  0.64109675  0.63040867  0.64109675  0.64109675  0.63040867  0.63040867  0.60948732  0.60948732  0.56934891  0.57918010  0.57918010  0.55007204  0.57918010  0.56934891  0.54061974  0.58914444  0.55007204  0.55007204  0.55007204  0.57918010  0.55964734  0.53128734  0.55964734  0.50398001  0.72060446  0.74499355  0.74499355  0.72060446  0.73269796  0.73269796  0.77021886  
33_23_0    0.57918010  0.60948732  0.50398001  0.49509823  0.48632239  0.37332849  0.37332849  0.37332849  0.37332849  0.37332849  0.35851502  0.34399391  0.33683943  0.00000000  0.05614255  0.38084859  0.38844634  0.33683943  0.35851502  0.38084859  0.38844634  0.46060596  0.46060596  0.42765849  0.43575808  0.45222975  0.52207183  0.53128734  0.59924557  0.68547277  0.72060446  0.72060446  0.72060446  0.72060446  0.80975646  0.70870654  0.77021886  0.79633980  0.78316342  0.74499355  0.74499355  0.74499355  0.74499355  0.74499355  0.75749811  0.77021886  0.74499355  0.68547277  0.69699795  0.69699795  0.69699795  0.66295026  0.66295026  0.73269796  0.74499355  0.73269796  0.75749811  0.75749811  0.75749811  0.75749811  0.74499355  0.75749811  0.69699795  0.70870654  0.70870654  0.68547277  0.67412534  0.79633980  0.72060446  0.67412534  0.72060446  0.78316342  0.72060446  0.69699795  0.69699795  0.66295026  0.67412534  0.67412534  0.56934891  0.61987364  0.64109675  0.63040867  0.60948732  0.67412534  0.67412534  0.64109675  0.58914444  0.64109675  0.66295026  0.61987364  0.70870654  0.69699795  0.69699795  0.50398001  0.52207183  0.67412534  0.54061974  0.53128734  0.59924557  0.58914444  0.60948732  0.60948732  0.59924557  0.64109675  0.66295026  0.65194237  0.52207183  0.52207183  0.53128734  0.63040867  0.60948732  0.48632239  0.50398001  0.49509823  0.51297031  0.54061974  0.56934891  0.58914444  0.58914444  0.61987364  0.61987364  0.60948732  0.55007204  0.57918010  0.56934891  0.55964734  0.55964734  0.58914444  0.55964734  0.55964734  0.55964734  0.59924557  0.57918010  0.58914444  0.52207183  0.52207183  0.66295026  0.66295026  0.63040867  0.66295026  0.65194237  0.60948732  0.64109675  0.63040867  0.69699795  0.66295026  0.61987364  0.66295026  0.59924557  0.67412534  0.61987364  0.64109675  0.68547277  0.63040867  0.65194237  0.66295026  0.68547277  0.69699795  0.69699795  0.60948732  0.60948732  0.63040867  0.55964734  0.67412534  0.64109675  0.72060446  0.68547277  0.69699795  0.70870654  0.72060446  0.59924557  0.57918010  0.57918010  0.58914444  0.58914444  0.55007204  0.53128734  0.53128734  0.55964734  0.55964734  0.55964734  0.54061974  0.54061974  0.55007204  0.53128734  0.54061974  0.63040867  0.60948732  0.85153990  0.86601218  0.85153990  0.86601218  0.86601218  0.86601218  0.85153990  
56_23_0    0.56934891  0.61987364  0.54061974  0.53128734  0.51297031  0.36588447  0.33683943  0.33683943  0.33683943  0.33683943  0.38084859  0.36588447  0.37332849  0.05614255  0.00000000  0.38844634  0.38844634  0.37332849  0.38084859  0.37332849  0.38084859  0.46907862  0.46907862  0.42765849  0.45222975  0.45222975  0.52207183  0.53128734  0.60948732  0.72060446  0.75749811  0.75749811  0.73269796  0.73269796  0.85153990  0.74499355  0.83734680  0.79633980  0.78316342  0.74499355  0.77021886  0.77021886  0.74499355  0.74499355  0.75749811  0.78316342  0.77021886  0.65194237  0.67412534  0.67412534  0.65194237  0.61987364  0.61987364  0.68547277  0.69699795  0.68547277  0.70870654  0.70870654  0.68547277  0.68547277  0.70870654  0.70870654  0.65194237  0.66295026  0.65194237  0.61987364  0.60948732  0.74499355  0.67412534  0.65194237  0.70870654  0.73269796  0.69699795  0.66295026  0.66295026  0.63040867  0.64109675  0.64109675  0.55007204  0.63040867  0.64109675  0.64109675  0.64109675  0.68547277  0.69699795  0.64109675  0.59924557  0.66295026  0.68547277  0.64109675  0.72060446  0.72060446  0.72060446  0.54061974  0.55964734  0.68547277  0.55007204  0.54061974  0.57918010  0.55964734  0.60948732  0.60948732  0.58914444  0.63040867  0.63040867  0.61987364  0.53128734  0.53128734  0.54061974  0.60948732  0.58914444  0.48632239  0.50398001  0.49509823  0.50398001  0.55964734  0.61987364  0.61987364  0.57918010  0.61987364  0.61987364  0.64109675  0.57918010  0.57918010  0.58914444  0.58914444  0.58914444  0.57918010  0.57918010  0.56934891  0.57918010  0.63040867  0.60948732  0.59924557  0.55007204  0.55007204  0.67412534  0.65194237  0.59924557  0.65194237  0.64109675  0.58914444  0.64109675  0.64109675  0.68547277  0.69699795  0.61987364  0.66295026  0.60948732  0.69699795  0.58914444  0.65194237  0.70870654  0.64109675  0.69699795  0.70870654  0.75749811  0.77021886  0.74499355  0.63040867  0.63040867  0.63040867  0.58914444  0.68547277  0.65194237  0.73269796  0.69699795  0.70870654  0.72060446  0.73269796  0.63040867  0.60948732  0.58914444  0.59924557  0.59924557  0.57918010  0.55964734  0.56934891  0.56934891  0.56934891  0.56934891  0.55007204  0.55007204  0.55964734  0.54061974  0.55007204  0.63040867  0.60948732  0.92692783  0.91121962  0.92692783  0.94297873  0.94297873  0.94297873  0.92692783  
62_27_0    0.51297031  0.48632239  0.46907862  0.46060596  0.42765849  0.42765849  0.38084859  0.38844634  0.38844634  0.38084859  0.41172200  0.41172200  0.38844634  0.38084859  0.38844634  0.00000000  0.02753592  0.10643989  0.16605290  0.17171962  0.18898645  0.45222975  0.45222975  0.41172200  0.40388135  0.40388135  0.48632239  0.45222975  0.46060596  0.63040867  0.66295026  0.66295026  0.73269796  0.70870654  0.68547277  0.64109675  0.65194237  0.68547277  0.67412534  0.64109675  0.65194237  0.65194237  0.67412534  0.67412534  0.66295026  0.67412534  0.64109675  0.69699795  0.69699795  0.70870654  0.69699795  0.69699795  0.69699795  0.73269796  0.69699795  0.69699795  0.74499355  0.74499355  0.72060446  0.72060446  0.78316342  0.74499355  0.69699795  0.68547277  0.69699795  0.69699795  0.70870654  0.68547277  0.68547277  0.64109675  0.57918010  0.59924557  0.55964734  0.54061974  0.55964734  0.53128734  0.55007204  0.55007204  0.54061974  0.51297031  0.48632239  0.53128734  0.51297031  0.55964734  0.53128734  0.56934891  0.49509823  0.47764999  0.50398001  0.48632239  0.55007204  0.55007204  0.55007204  0.45222975  0.43575808  0.56934891  0.53128734  0.52207183  0.47764999  0.49509823  0.51297031  0.52207183  0.54061974  0.53128734  0.51297031  0.50398001  0.47764999  0.47764999  0.47764999  0.53128734  0.51297031  0.49509823  0.49509823  0.46907862  0.56934891  0.51297031  0.55964734  0.55007204  0.53128734  0.55007204  0.55007204  0.52207183  0.51297031  0.55964734  0.53128734  0.50398001  0.44394782  0.50398001  0.50398001  0.48632239  0.50398001  0.46060596  0.46907862  0.45222975  0.50398001  0.47764999  0.52207183  0.55007204  0.55007204  0.56934891  0.55007204  0.50398001  0.51297031  0.55964734  0.55007204  0.55007204  0.57918010  0.58914444  0.56934891  0.57918010  0.54061974  0.55964734  0.61987364  0.54061974  0.54061974  0.54061974  0.52207183  0.53128734  0.65194237  0.53128734  0.54061974  0.54061974  0.54061974  0.54061974  0.53128734  0.56934891  0.54061974  0.55007204  0.55964734  0.54061974  0.56934891  0.56934891  0.55007204  0.55964734  0.55964734  0.57918010  0.55964734  0.55007204  0.48632239  0.49509823  0.49509823  0.48632239  0.46907862  0.49509823  0.49509823  0.44394782  0.57918010  0.56934891  0.60948732  0.63040867  0.57918010  0.63040867  0.59924557  0.59924557  0.56934891  
57_27_0    0.52207183  0.48632239  0.45222975  0.44394782  0.43575808  0.44394782  0.38844634  0.39612337  0.39612337  0.38844634  0.42765849  0.42765849  0.40388135  0.38844634  0.38844634  0.02753592  0.00000000  0.11692552  0.17743033  0.18318570  0.20072698  0.43575808  0.43575808  0.42765849  0.40388135  0.40388135  0.51297031  0.47764999  0.48632239  0.61987364  0.65194237  0.65194237  0.69699795  0.67412534  0.68547277  0.63040867  0.64109675  0.73269796  0.72060446  0.68547277  0.69699795  0.69699795  0.72060446  0.72060446  0.69699795  0.69699795  0.66295026  0.69699795  0.69699795  0.70870654  0.69699795  0.69699795  0.69699795  0.73269796  0.74499355  0.69699795  0.74499355  0.74499355  0.72060446  0.72060446  0.78316342  0.77021886  0.72060446  0.70870654  0.72060446  0.72060446  0.73269796  0.72060446  0.68547277  0.64109675  0.58914444  0.60948732  0.56934891  0.55007204  0.56934891  0.55007204  0.57918010  0.57918010  0.55007204  0.54061974  0.51297031  0.55964734  0.55007204  0.56934891  0.53128734  0.57918010  0.50398001  0.49509823  0.52207183  0.51297031  0.55964734  0.57918010  0.57918010  0.47764999  0.46060596  0.59924557  0.56934891  0.55964734  0.51297031  0.51297031  0.55007204  0.55964734  0.57918010  0.56934891  0.53128734  0.52207183  0.46907862  0.46907862  0.46907862  0.55007204  0.53128734  0.51297031  0.51297031  0.48632239  0.55964734  0.53128734  0.57918010  0.56934891  0.55007204  0.56934891  0.56934891  0.55964734  0.55007204  0.55964734  0.55007204  0.52207183  0.46060596  0.49509823  0.53128734  0.50398001  0.52207183  0.49509823  0.48632239  0.46907862  0.52207183  0.47764999  0.53128734  0.55964734  0.56934891  0.57918010  0.57918010  0.53128734  0.54061974  0.59924557  0.58914444  0.57918010  0.55007204  0.58914444  0.56934891  0.58914444  0.52207183  0.55964734  0.61987364  0.52207183  0.58914444  0.56934891  0.55007204  0.55964734  0.68547277  0.53128734  0.54061974  0.54061974  0.54061974  0.52207183  0.51297031  0.53128734  0.52207183  0.53128734  0.52207183  0.52207183  0.53128734  0.53128734  0.52207183  0.52207183  0.52207183  0.54061974  0.52207183  0.53128734  0.47764999  0.50398001  0.48632239  0.47764999  0.46060596  0.48632239  0.48632239  0.44394782  0.54061974  0.55007204  0.60948732  0.63040867  0.57918010  0.60948732  0.57918010  0.57918010  0.56934891  
