16
18_1_0     0.00000000  0.20897242  0.21487931  0.19152766  0.26390029  0.42599844  0.31637552  0.31637552  0.48325626  0.41041603  0.44191375  0.38763700  0.41816650  0.41816650  0.41816650  0.42599844  
9_1_0      0.20897242  0.00000000  0.00445775  0.04111389  0.28967597  0.41816650  0.33009291  0.33009291  0.50920982  0.40274537  0.50045779  0.38763700  0.36553385  0.35115453  0.49180738  0.44191375  
17_1_0     0.21487931  0.00445775  0.00000000  0.03643202  0.29626169  0.41041603  0.33704750  0.33704750  0.51806590  0.41041603  0.50920982  0.38019618  0.35830949  0.34406762  0.50045779  0.43391359  
20_1_0     0.19152766  0.04111389  0.03643202  0.00000000  0.25759335  0.41041603  0.32320264  0.32320264  0.48325626  0.43391359  0.49180738  0.38019618  0.37282894  0.37282894  0.48325626  0.41816650  
7_1_0      0.26390029  0.28967597  0.29626169  0.25759335  0.00000000  0.38763700  0.34406762  0.34406762  0.49180738  0.42599844  0.41816650  0.41816650  0.38019618  0.35830949  0.41041603  0.36553385  
7_2_0      0.42599844  0.41816650  0.41041603  0.41041603  0.38763700  0.00000000  0.35115453  0.35115453  0.59298081  0.45817649  0.47480218  0.51806590  0.48325626  0.45000074  0.48325626  0.43391359  
16_1_0     0.31637552  0.33009291  0.33704750  0.32320264  0.34406762  0.35115453  0.00000000  0.00000000  0.21487931  0.30961039  0.35830949  0.47480218  0.40274537  0.41041603  0.44191375  0.39515289  
4_1_0      0.31637552  0.33009291  0.33704750  0.32320264  0.34406762  0.35115453  0.00000000  0.00000000  0.21487931  0.30961039  0.35830949  0.47480218  0.40274537  0.41041603  0.44191375  0.39515289  
14_1_0     0.48325626  0.50920982  0.51806590  0.48325626  0.49180738  0.59298081  0.21487931  0.21487931  0.00000000  0.39515289  0.41816650  0.56399782  0.54528388  0.55458209  0.52702852  0.50920982  
2_1_0      0.41041603  0.40274537  0.41041603  0.43391359  0.42599844  0.45817649  0.30961039  0.30961039  0.39515289  0.00000000  0.36553385  0.50045779  0.46644295  0.37282894  0.43391359  0.49180738  
15_1_0     0.44191375  0.50045779  0.50920982  0.49180738  0.41816650  0.47480218  0.35830949  0.35830949  0.41816650  0.36553385  0.00000000  0.51806590  0.45000074  0.50045779  0.41816650  0.45817649  
19_3_0     0.38763700  0.38763700  0.38019618  0.38019618  0.41816650  0.51806590  0.47480218  0.47480218  0.56399782  0.50045779  0.51806590  0.00000000  0.17448205  0.27026109  0.51806590  0.44191375  
19_5_0     0.41816650  0.36553385  0.35830949  0.37282894  0.38019618  0.48325626  0.40274537  0.40274537  0.54528388  0.46644295  0.45000074  0.17448205  0.00000000  0.30290614  0.59298081  0.46644295  
19_4_0     0.41816650  0.35115453  0.34406762  0.37282894  0.35830949  0.45000074  0.41041603  0.41041603  0.55458209  0.37282894  0.50045779  0.27026109  0.30290614  0.00000000  0.47480218  0.48325626  
19_1_0     0.41816650  0.49180738  0.50045779  0.48325626  0.41041603  0.48325626  0.44191375  0.44191375  0.52702852  0.43391359  0.41816650  0.51806590  0.59298081  0.47480218  0.00000000  0.37282894  
5_1_0      0.42599844  0.44191375  0.43391359  0.41816650  0.36553385  0.43391359  0.39515289  0.39515289  0.50920982  0.49180738  0.45817649  0.44191375  0.46644295  0.48325626  0.37282894  0.00000000  

