13
98_10_0    0.00000000  0.03729003  0.17918410  0.19086511  0.17918410  0.19086511  0.15076571  0.12879347  0.15076571  0.22706011  0.22706011  0.26512216  0.29163307  
94_10_0    0.03729003  0.00000000  0.19086511  0.17918410  0.16768510  0.18500150  0.14521102  0.17341221  0.18500150  0.22706011  0.22706011  0.29841231  0.31913187  
98_17_0    0.17918410  0.19086511  0.00000000  0.07656491  0.09701498  0.08671912  0.20874074  0.17341221  0.17918410  0.23326903  0.23326903  0.30525441  0.30525441  
94_17_0    0.19086511  0.17918410  0.07656491  0.00000000  0.11804788  0.13422551  0.20273396  0.19086511  0.17341221  0.23326903  0.25864060  0.35501198  0.33327529  
98_12_0    0.17918410  0.16768510  0.09701498  0.11804788  0.00000000  0.10221728  0.20273396  0.20273396  0.17341221  0.25864060  0.27166115  0.33327529  0.30525441  
94_19_0    0.19086511  0.18500150  0.08671912  0.13422551  0.10221728  0.00000000  0.23326903  0.22090299  0.22706011  0.27825858  0.27825858  0.36240218  0.32616970  
98_18_0    0.15076571  0.14521102  0.20874074  0.20273396  0.20273396  0.23326903  0.00000000  0.09701498  0.12879347  0.28491553  0.29841231  0.34044996  0.33327529  
98_11_0    0.12879347  0.17341221  0.17341221  0.19086511  0.20273396  0.22090299  0.09701498  0.00000000  0.07153972  0.26512216  0.27825858  0.29163307  0.27825858  
98_21_0    0.15076571  0.18500150  0.17918410  0.17341221  0.17341221  0.22706011  0.12879347  0.07153972  0.00000000  0.25221547  0.25221547  0.25221547  0.24584579  
94_20_0    0.22706011  0.22706011  0.23326903  0.23326903  0.25864060  0.27825858  0.28491553  0.26512216  0.25221547  0.00000000  0.03252443  0.26512216  0.28491553  
94_7_0     0.22706011  0.22706011  0.23326903  0.25864060  0.27166115  0.27825858  0.29841231  0.27825858  0.25221547  0.03252443  0.00000000  0.27166115  0.29163307  
98_1_0     0.26512216  0.29841231  0.30525441  0.35501198  0.33327529  0.36240218  0.34044996  0.29163307  0.25221547  0.26512216  0.27166115  0.00000000  0.06159084  
94_1_0     0.29163307  0.31913187  0.30525441  0.33327529  0.30525441  0.32616970  0.33327529  0.27825858  0.24584579  0.28491553  0.29163307  0.06159084  0.00000000  

