20
7_0_0      0.00000000  0.00000000  0.00000000  0.04419683  0.02159797  0.00709359  0.08371971  0.08371971  0.08371971  0.08371971  0.03654694  0.03654694  0.24196698  0.24196698  0.24196698  0.04419683  0.11582261  0.05986624  0.05196861  0.11904937  
9_0_0      0.00000000  0.00000000  0.00000000  0.04419683  0.02159797  0.00709359  0.08371971  0.08371971  0.08371971  0.08371971  0.03654694  0.03654694  0.24196698  0.24196698  0.24196698  0.04419683  0.11582261  0.05986624  0.05196861  0.11904937  
13_0_0     0.00000000  0.00000000  0.00000000  0.04419683  0.02159797  0.00709359  0.08371971  0.08371971  0.08371971  0.08371971  0.03654694  0.03654694  0.24196698  0.24196698  0.24196698  0.04419683  0.11582261  0.05986624  0.05196861  0.11904937  
19_0_0     0.04419683  0.04419683  0.04419683  0.00000000  0.05196861  0.03654694  0.11809892  0.11809892  0.11809892  0.11809892  0.06789385  0.06789385  0.28865158  0.28865158  0.28865158  0.07605581  0.14252576  0.09280126  0.08435667  0.13736723  
8_0_0      0.02159797  0.02159797  0.02159797  0.05196861  0.00000000  0.01429187  0.09209001  0.09209001  0.09209001  0.09209001  0.04419683  0.04419683  0.25322593  0.25322593  0.25322593  0.05196861  0.10723684  0.06789385  0.05986624  0.11014212  
18_0_0     0.00709359  0.00709359  0.00709359  0.03654694  0.01429187  0.00000000  0.07549063  0.07549063  0.07549063  0.07549063  0.02901519  0.02901519  0.25322593  0.25322593  0.25322593  0.03654694  0.10723684  0.05196861  0.04419683  0.11014212  
12_0_0     0.08371971  0.08371971  0.08371971  0.11809892  0.09209001  0.07549063  0.00000000  0.00000000  0.00000000  0.00000000  0.05943763  0.04389619  0.28632834  0.28632834  0.28632834  0.06739809  0.16018346  0.08371971  0.07549063  0.16478878  
4_0_0      0.08371971  0.08371971  0.08371971  0.11809892  0.09209001  0.07549063  0.00000000  0.00000000  0.00000000  0.00000000  0.05943763  0.04389619  0.28632834  0.28632834  0.28632834  0.06739809  0.16018346  0.08371971  0.07549063  0.16478878  
10_0_0     0.08371971  0.08371971  0.08371971  0.11809892  0.09209001  0.07549063  0.00000000  0.00000000  0.00000000  0.00000000  0.05943763  0.04389619  0.28632834  0.28632834  0.28632834  0.06739809  0.16018346  0.08371971  0.07549063  0.16478878  
5_0_0      0.08371971  0.08371971  0.08371971  0.11809892  0.09209001  0.07549063  0.00000000  0.00000000  0.00000000  0.00000000  0.05943763  0.04389619  0.28632834  0.28632834  0.28632834  0.06739809  0.16018346  0.08371971  0.07549063  0.16478878  
17_0_0     0.03654694  0.03654694  0.03654694  0.06789385  0.04419683  0.02901519  0.05943763  0.05943763  0.05943763  0.05943763  0.00000000  0.01429187  0.23096207  0.23096207  0.23096207  0.03654694  0.10723684  0.05196861  0.04419683  0.09280126  
11_0_0     0.03654694  0.03654694  0.03654694  0.06789385  0.04419683  0.02901519  0.04389619  0.04389619  0.04389619  0.04389619  0.01429187  0.00000000  0.23096207  0.23096207  0.23096207  0.03654694  0.10723684  0.05196861  0.04419683  0.11014212  
3_0_0      0.24196698  0.24196698  0.24196698  0.28865158  0.25322593  0.25322593  0.28632834  0.28632834  0.28632834  0.28632834  0.23096207  0.23096207  0.00000000  0.00000000  0.00000000  0.26475094  0.31645742  0.28865158  0.27655487  0.32685319  
2_0_0      0.24196698  0.24196698  0.24196698  0.28865158  0.25322593  0.25322593  0.28632834  0.28632834  0.28632834  0.28632834  0.23096207  0.23096207  0.00000000  0.00000000  0.00000000  0.26475094  0.31645742  0.28865158  0.27655487  0.32685319  
1_0_0      0.24196698  0.24196698  0.24196698  0.28865158  0.25322593  0.25322593  0.28632834  0.28632834  0.28632834  0.28632834  0.23096207  0.23096207  0.00000000  0.00000000  0.00000000  0.26475094  0.31645742  0.28865158  0.27655487  0.32685319  
16_0_0     0.04419683  0.04419683  0.04419683  0.07605581  0.05196861  0.03654694  0.06739809  0.06739809  0.06739809  0.06739809  0.03654694  0.03654694  0.26475094  0.26475094  0.26475094  0.00000000  0.08235074  0.01429187  0.00709359  0.08435667  
14_0_0     0.11582261  0.11582261  0.11582261  0.14252576  0.10723684  0.10723684  0.16018346  0.16018346  0.16018346  0.16018346  0.10723684  0.10723684  0.31645742  0.31645742  0.31645742  0.08235074  0.00000000  0.08235074  0.07432976  0.12456222  
6_0_0      0.05986624  0.05986624  0.05986624  0.09280126  0.06789385  0.05196861  0.08371971  0.08371971  0.08371971  0.08371971  0.05196861  0.05196861  0.28865158  0.28865158  0.28865158  0.01429187  0.08235074  0.00000000  0.00709359  0.08435667  
15_0_0     0.05196861  0.05196861  0.05196861  0.08435667  0.05986624  0.04419683  0.07549063  0.07549063  0.07549063  0.07549063  0.04419683  0.04419683  0.27655487  0.27655487  0.27655487  0.00709359  0.07432976  0.00709359  0.00000000  0.07605581  
20_0_0     0.11904937  0.11904937  0.11904937  0.13736723  0.11014212  0.11014212  0.16478878  0.16478878  0.16478878  0.16478878  0.09280126  0.11014212  0.32685319  0.32685319  0.32685319  0.08435667  0.12456222  0.08435667  0.07605581  0.00000000  

