20
7_0_0      0.00000000  0.00000000  0.00000000  0.03628972  0.05156361  0.05938002  0.14408025  0.14408025  0.13489334  0.13489334  0.04386807  0.04386807  0.27735712  0.27735712  0.27735712  0.11701317  0.11701317  0.08359401  0.05938002  0.10904666  
9_0_0      0.00000000  0.00000000  0.00000000  0.03628972  0.05156361  0.05938002  0.14408025  0.14408025  0.13489334  0.13489334  0.04386807  0.04386807  0.27735712  0.27735712  0.27735712  0.11701317  0.11701317  0.08359401  0.05938002  0.10904666  
13_0_0     0.00000000  0.00000000  0.00000000  0.03628972  0.05156361  0.05938002  0.14408025  0.14408025  0.13489334  0.13489334  0.04386807  0.04386807  0.27735712  0.27735712  0.27735712  0.11701317  0.11701317  0.08359401  0.05938002  0.10904666  
19_0_0     0.03628972  0.03628972  0.03628972  0.00000000  0.05905347  0.06693148  0.15238531  0.15238531  0.14311319  0.14311319  0.05129823  0.05129823  0.26351496  0.26351496  0.26351496  0.12507165  0.09193442  0.09134260  0.06693148  0.11701317  
8_0_0      0.05156361  0.05156361  0.05156361  0.05905347  0.00000000  0.00709255  0.11629037  0.11629037  0.10766135  0.12507165  0.06693148  0.06693148  0.26351496  0.26351496  0.26351496  0.10766135  0.12507165  0.10830835  0.09975318  0.09975318  
18_0_0     0.05938002  0.05938002  0.05938002  0.06693148  0.00709255  0.00000000  0.10766135  0.10766135  0.09917940  0.11629037  0.07493621  0.07493621  0.25212080  0.25212080  0.25212080  0.11629037  0.13401067  0.11701317  0.10830835  0.10830835  
12_0_0     0.14408025  0.14408025  0.14408025  0.15238531  0.11629037  0.10766135  0.00000000  0.00000000  0.00709255  0.02158831  0.09193442  0.09193442  0.27312431  0.27312431  0.27312431  0.18997071  0.18005219  0.20152899  0.17146447  0.20152899  
4_0_0      0.14408025  0.14408025  0.14408025  0.15238531  0.11629037  0.10766135  0.00000000  0.00000000  0.00709255  0.02158831  0.09193442  0.09193442  0.27312431  0.27312431  0.27312431  0.18997071  0.18005219  0.20152899  0.17146447  0.20152899  
10_0_0     0.13489334  0.13489334  0.13489334  0.14311319  0.10766135  0.09917940  0.00709255  0.00709255  0.00000000  0.02899766  0.10041699  0.10041699  0.26159877  0.26159877  0.26159877  0.18005219  0.18997071  0.19130434  0.16183346  0.19130434  
5_0_0      0.13489334  0.13489334  0.13489334  0.14311319  0.12507165  0.11629037  0.02158831  0.02158831  0.02899766  0.00000000  0.08359401  0.08359401  0.28492311  0.28492311  0.28492311  0.18005219  0.17032749  0.19130434  0.16183346  0.21196812  
17_0_0     0.04386807  0.04386807  0.04386807  0.05129823  0.06693148  0.07493621  0.09193442  0.09193442  0.10041699  0.08359401  0.00000000  0.00000000  0.27517612  0.27517612  0.27517612  0.13401067  0.11629037  0.09975318  0.09134260  0.12587296  
11_0_0     0.04386807  0.04386807  0.04386807  0.05129823  0.06693148  0.07493621  0.09193442  0.09193442  0.10041699  0.08359401  0.00000000  0.00000000  0.27517612  0.27517612  0.27517612  0.13401067  0.11629037  0.09975318  0.09134260  0.12587296  
3_0_0      0.27735712  0.27735712  0.27735712  0.26351496  0.26351496  0.25212080  0.27312431  0.27312431  0.26159877  0.28492311  0.27517612  0.27517612  0.00000000  0.00000000  0.00000000  0.32209688  0.33513191  0.35153949  0.33797056  0.36548879  
2_0_0      0.27735712  0.27735712  0.27735712  0.26351496  0.26351496  0.25212080  0.27312431  0.27312431  0.26159877  0.28492311  0.27517612  0.27517612  0.00000000  0.00000000  0.00000000  0.32209688  0.33513191  0.35153949  0.33797056  0.36548879  
1_0_0      0.27735712  0.27735712  0.27735712  0.26351496  0.26351496  0.25212080  0.27312431  0.27312431  0.26159877  0.28492311  0.27517612  0.27517612  0.00000000  0.00000000  0.00000000  0.32209688  0.33513191  0.35153949  0.33797056  0.36548879  
16_0_0     0.11701317  0.11701317  0.11701317  0.12507165  0.10766135  0.11629037  0.18997071  0.18997071  0.18005219  0.18005219  0.13401067  0.13401067  0.32209688  0.32209688  0.32209688  0.00000000  0.10830835  0.10904666  0.10041699  0.11782862  
14_0_0     0.11701317  0.11701317  0.11701317  0.09193442  0.12507165  0.13401067  0.18005219  0.18005219  0.18997071  0.17032749  0.11629037  0.11629037  0.33513191  0.33513191  0.33513191  0.10830835  0.00000000  0.07539107  0.06732116  0.11782862  
6_0_0      0.08359401  0.08359401  0.08359401  0.09134260  0.10830835  0.11701317  0.20152899  0.20152899  0.19130434  0.19130434  0.09975318  0.09975318  0.35153949  0.35153949  0.35153949  0.10904666  0.07539107  0.00000000  0.05191151  0.06779535  
15_0_0     0.05938002  0.05938002  0.05938002  0.06693148  0.09975318  0.10830835  0.17146447  0.17146447  0.16183346  0.16183346  0.09134260  0.09134260  0.33797056  0.33797056  0.33797056  0.10041699  0.06732116  0.05191151  0.00000000  0.07593152  
20_0_0     0.10904666  0.10904666  0.10904666  0.11701317  0.09975318  0.10830835  0.20152899  0.20152899  0.19130434  0.21196812  0.12587296  0.12587296  0.36548879  0.36548879  0.36548879  0.11782862  0.11782862  0.06779535  0.07593152  0.00000000  

