fastme_mat.p : 0.41042637825012207
fastme.f81 : 0.9298677444458008
fastme.f84 : 1.0929784774780273
ba.exp : 16.27626395225525
pipeline_dl2620431 : 17.756027221679688
