fastme_mat.p : 0.4082050323486328
fastme.f81 : 0.8760976791381836
ba.exp : 10.774949312210083
pipeline_dl2620431 : 12.866645574569702
