fastme_mat.p : 0.35137934212088584
fastme.f81 : 0.6628107716865539
fastme.f84 : 0.8333039104304314
ba.exp : 12.621558476975443
