fastme_mat.p : 0.33818326352787015
fastme.f81 : 0.6627518937349319
ba.exp : 8.398341824614286
