20
16_0_0     0.00000000  0.17653042  0.16076823  0.16076823  0.16076823  0.16860778  0.48823031  0.48823031  0.50041513  0.53820877  0.51280189  0.59177009  0.76258153  0.74533613  0.81684189  0.76258153  0.76258153  0.76258153  0.71199499  0.76258153  
20_0_0     0.17653042  0.00000000  0.16860778  0.16860778  0.16860778  0.17653042  0.44138528  0.44138528  0.43011880  0.51280189  0.51280189  0.53820877  0.72847967  0.74533613  0.78023424  0.72847967  0.72847967  0.72847967  0.71199499  0.72847967  
15_0_0     0.16076823  0.16860778  0.00000000  0.05208799  0.03872175  0.04537499  0.44138528  0.46444086  0.45282417  0.46444086  0.44138528  0.48823031  0.85533522  0.79831397  0.83584078  0.81684189  0.81684189  0.81684189  0.76258153  0.81684189  
19_0_0     0.16076823  0.16860778  0.05208799  0.00000000  0.01268566  0.01911015  0.41901963  0.44138528  0.43011880  0.48823031  0.46444086  0.48823031  0.89591911  0.76258153  0.76258153  0.74533613  0.74533613  0.78023424  0.76258153  0.78023424  
17_0_0     0.16076823  0.16860778  0.03872175  0.01268566  0.00000000  0.00631592  0.44138528  0.46444086  0.45282417  0.48823031  0.46444086  0.48823031  0.89591911  0.76258153  0.79831397  0.78023424  0.78023424  0.81684189  0.76258153  0.78023424  
18_0_0     0.16860778  0.17653042  0.04537499  0.01911015  0.00631592  0.00000000  0.43011880  0.45282417  0.44138528  0.47624094  0.45282417  0.47624094  0.87535175  0.74533613  0.78023424  0.76258153  0.76258153  0.79831397  0.74533613  0.76258153  
13_0_0     0.48823031  0.44138528  0.44138528  0.41901963  0.44138528  0.43011880  0.00000000  0.02559035  0.03212721  0.15301005  0.15301005  0.20908848  0.46444086  0.50041513  0.51280189  0.51280189  0.53820877  0.51280189  0.53820877  0.53820877  
3_0_0      0.48823031  0.44138528  0.46444086  0.44138528  0.46444086  0.45282417  0.02559035  0.00000000  0.01911015  0.15301005  0.15301005  0.22591526  0.48823031  0.52539738  0.53820877  0.53820877  0.56450976  0.53820877  0.56450976  0.56450976  
6_0_0      0.50041513  0.43011880  0.45282417  0.43011880  0.45282417  0.44138528  0.03212721  0.01911015  0.00000000  0.17653042  0.17653042  0.25188774  0.50041513  0.53820877  0.55124359  0.55124359  0.57801566  0.55124359  0.57801566  0.57801566  
2_0_0      0.53820877  0.51280189  0.46444086  0.48823031  0.48823031  0.47624094  0.15301005  0.15301005  0.17653042  0.00000000  0.01268566  0.07259648  0.64946790  0.62006239  0.66461616  0.63462055  0.66461616  0.63462055  0.63462055  0.66461616  
14_0_0     0.51280189  0.51280189  0.44138528  0.46444086  0.46444086  0.45282417  0.15301005  0.15301005  0.17653042  0.01268566  0.00000000  0.08658826  0.68007780  0.62006239  0.66461616  0.63462055  0.66461616  0.63462055  0.63462055  0.66461616  
11_0_0     0.59177009  0.53820877  0.48823031  0.48823031  0.48823031  0.47624094  0.20908848  0.22591526  0.25188774  0.07259648  0.08658826  0.00000000  0.64946790  0.62006239  0.64946790  0.64946790  0.68007780  0.68007780  0.64946790  0.64946790  
9_0_0      0.76258153  0.72847967  0.85533522  0.89591911  0.89591911  0.87535175  0.46444086  0.48823031  0.50041513  0.64946790  0.68007780  0.64946790  0.00000000  0.14533157  0.20908848  0.20908848  0.20908848  0.19263219  0.17653042  0.17653042  
8_0_0      0.74533613  0.74533613  0.79831397  0.76258153  0.76258153  0.74533613  0.50041513  0.52539738  0.53820877  0.62006239  0.62006239  0.62006239  0.14533157  0.00000000  0.06569761  0.06569761  0.06569761  0.06569761  0.05208799  0.05208799  
1_0_0      0.81684189  0.78023424  0.83584078  0.76258153  0.79831397  0.78023424  0.51280189  0.53820877  0.55124359  0.66461616  0.66461616  0.64946790  0.20908848  0.06569761  0.00000000  0.02559035  0.02559035  0.02559035  0.05208799  0.06569761  
5_0_0      0.76258153  0.72847967  0.81684189  0.74533613  0.78023424  0.76258153  0.51280189  0.53820877  0.55124359  0.63462055  0.63462055  0.64946790  0.20908848  0.06569761  0.02559035  0.00000000  0.01268566  0.01268566  0.05208799  0.06569761  
10_0_0     0.76258153  0.72847967  0.81684189  0.74533613  0.78023424  0.76258153  0.53820877  0.56450976  0.57801566  0.66461616  0.66461616  0.68007780  0.20908848  0.06569761  0.02559035  0.01268566  0.00000000  0.01268566  0.05208799  0.06569761  
7_0_0      0.76258153  0.72847967  0.81684189  0.78023424  0.81684189  0.79831397  0.51280189  0.53820877  0.55124359  0.63462055  0.63462055  0.68007780  0.19263219  0.06569761  0.02559035  0.01268566  0.01268566  0.00000000  0.03872175  0.06569761  
12_0_0     0.71199499  0.71199499  0.76258153  0.76258153  0.76258153  0.74533613  0.53820877  0.56450976  0.57801566  0.63462055  0.63462055  0.64946790  0.17653042  0.05208799  0.05208799  0.05208799  0.05208799  0.03872175  0.00000000  0.03872175  
4_0_0      0.76258153  0.72847967  0.81684189  0.78023424  0.78023424  0.76258153  0.53820877  0.56450976  0.57801566  0.66461616  0.66461616  0.64946790  0.17653042  0.05208799  0.06569761  0.06569761  0.06569761  0.06569761  0.03872175  0.00000000  

