family_047 : 0.117647
family_056 : 0.176471
family_033 : 0.235294
family_003 : 0.294118
family_046 : 0.294118
family_073 : 0.411765
family_035 : 0.411765
