fastme.f81 : 0.3412003517150879
ba.exp : 2.682288646697998
pipeline : 15.579835891723633
raxml.f81 : 27.504159450531006
generax-spr-undateddtl-r5.f81 : 35.56297779083252
