fastme.f81 : 0.3412003517150879
ba.exp : 1.4478528499603271
pipeline : 3.307925224304199
raxml.f81 : 27.504159450531006
generax-spr-undateddtl-r5.f81 : 35.56297779083252
