fastme.f81 : 0.3412003517150879
ba.exp : 2.6612977981567383
pipeline : 10.776288986206055
raxml.f81 : 27.504159450531006
generax-spr-undateddtl-r5.f81 : 35.56297779083252
