raxml.f81 : 0.02742314338684082
fastme.f81 : 0.3480565547943115
ba.exp : 0.8763432502746582
pipeline_ne19732311 : 2.8604934215545654
pipeline : 15.579835891723633
generax-spr-undateddtl-r5.f81 : 35.56297779083252
