fastme.f81 : 0.2767497988228798
ba.exp : 1.3819135227680206
raxml.f81 : 27.435304195158004
generax-spr-undateddtl-r5.f81 : 35.56312680244446
