raxml.f81 : 0.010357707738876343
fastme.f81 : 0.285663182516098
ba.exp : 0.8136292373752594
generax-spr-undateddtl-r5.f81 : 35.56312680244446
