8
17_0_0     0.00000000  0.07072333  0.19904474  0.19904474  0.17354778  0.16358915  0.15865946  0.16855177  
16_0_0     0.07072333  0.00000000  0.19904474  0.18874068  0.18874068  0.16855177  0.16358915  0.17354778  
18_0_0     0.19904474  0.19904474  0.00000000  0.02419954  0.12974936  0.10648860  0.11108283  0.11570567  
14_0_0     0.19904474  0.18874068  0.02419954  0.00000000  0.12035745  0.11570567  0.12035745  0.12503856  
13_0_0     0.17354778  0.18874068  0.12974936  0.12035745  0.00000000  0.07950448  0.07510092  0.08393429  
19_0_0     0.16358915  0.16855177  0.10648860  0.11570567  0.07950448  0.00000000  0.00397889  0.02011113  
12_0_0     0.15865946  0.16358915  0.11108283  0.12035745  0.07510092  0.00397889  0.00000000  0.01604510  
20_0_0     0.16855177  0.17354778  0.11570567  0.12503856  0.08393429  0.02011113  0.01604510  0.00000000  

