14
68_0_0     0.00000000  0.26735048  0.26735048  0.24551075  0.42734866  0.49931214  0.56232189  0.49931214  0.53015402  0.48435514  0.51457419  0.51457419  0.56232189  0.48435514  
84_0_0     0.26735048  0.00000000  0.00000000  0.01566674  0.33697606  0.57893969  0.54606512  0.49931214  0.51457419  0.48435514  0.59593492  0.54606512  0.53015402  0.53015402  
71_0_0     0.26735048  0.00000000  0.00000000  0.01566674  0.33697606  0.57893969  0.54606512  0.49931214  0.51457419  0.48435514  0.59593492  0.54606512  0.53015402  0.53015402  
74_0_0     0.24551075  0.01566674  0.01566674  0.00000000  0.33697606  0.61332512  0.57893969  0.49931214  0.51457419  0.48435514  0.57893969  0.53015402  0.54606512  0.51457419  
60_0_0     0.42734866  0.33697606  0.33697606  0.33697606  0.00000000  0.57893969  0.61332512  0.54606512  0.54606512  0.56232189  0.63112908  0.70690965  0.59593492  0.54606512  
75_1_0     0.49931214  0.57893969  0.57893969  0.61332512  0.57893969  0.00000000  0.14495882  0.26735048  0.30135379  0.27851412  0.37437919  0.37437919  0.30135379  0.31304048  
88_1_0     0.56232189  0.54606512  0.54606512  0.57893969  0.61332512  0.14495882  0.00000000  0.30135379  0.33697606  0.31304048  0.40039535  0.37437919  0.36170262  0.34923722  
57_2_0     0.49931214  0.49931214  0.49931214  0.49931214  0.54606512  0.26735048  0.30135379  0.00000000  0.03979955  0.00779237  0.30135379  0.33697606  0.25635094  0.25635094  
57_1_0     0.53015402  0.51457419  0.51457419  0.51457419  0.54606512  0.30135379  0.33697606  0.03979955  0.00000000  0.03166850  0.31304048  0.34923722  0.28984682  0.28984682  
64_1_0     0.48435514  0.48435514  0.48435514  0.48435514  0.56232189  0.27851412  0.31304048  0.00779237  0.03166850  0.00000000  0.28984682  0.32491257  0.26735048  0.26735048  
64_0_0     0.51457419  0.59593492  0.59593492  0.57893969  0.63112908  0.37437919  0.40039535  0.30135379  0.31304048  0.28984682  0.00000000  0.04801993  0.16401727  0.16401727  
57_0_0     0.51457419  0.54606512  0.54606512  0.53015402  0.70690965  0.37437919  0.37437919  0.33697606  0.34923722  0.32491257  0.04801993  0.00000000  0.14495882  0.17373166  
88_0_0     0.56232189  0.53015402  0.53015402  0.54606512  0.59593492  0.30135379  0.36170262  0.25635094  0.28984682  0.26735048  0.16401727  0.14495882  0.00000000  0.12637374  
75_0_0     0.48435514  0.53015402  0.53015402  0.51457419  0.54606512  0.31304048  0.34923722  0.25635094  0.28984682  0.26735048  0.16401727  0.17373166  0.12637374  0.00000000  

