201
48_0_0     0.00000000  0.02661592  0.02661592  0.17624746  0.18458425  0.17624746  0.37467668  0.38559103  0.47922346  0.31236408  0.28306783  0.26416104  0.28306783  0.27355416  0.27355416  0.21017235  0.23667533  0.23667533  0.23667533  0.24572447  0.25488544  0.26416104  0.26416104  0.25488544  0.27355416  0.29270518  0.29270518  0.29270518  0.32239254  0.28306783  0.28306783  0.28306783  0.27355416  0.31236408  0.30246947  0.28306783  0.30246947  0.27355416  0.26416104  0.27355416  0.26416104  0.38559103  0.38559103  0.38559103  0.38559103  0.37467668  0.54438136  0.34286586  0.25488544  0.31236408  0.30246947  0.30246947  0.31236408  0.33255853  0.34286586  0.33255853  0.31236408  0.32239254  0.34286586  0.34286586  0.33255853  0.34286586  0.35331853  0.31236408  0.31236408  0.34286586  0.33255853  0.32239254  0.32239254  0.32239254  0.34286586  0.34286586  0.33255853  0.33255853  0.29270518  0.34286586  0.29270518  0.31236408  0.32239254  0.28306783  0.31236408  0.30246947  0.31236408  0.31236408  0.36392069  0.28306783  0.31236408  0.33255853  0.34286586  0.34286586  0.35331853  0.41933264  0.33255853  0.34286586  0.29270518  0.30246947  0.32239254  0.33255853  0.35331853  0.35331853  0.31236408  0.28306783  0.28306783  0.32239254  0.30246947  0.32239254  0.28306783  0.26416104  0.28306783  0.34286586  0.34286586  0.35331853  0.33255853  0.33255853  0.33255853  0.33255853  0.33255853  0.33255853  0.34286586  0.33255853  0.32239254  0.32239254  0.34286586  0.29270518  0.29270518  0.31236408  0.37467668  0.37467668  0.35331853  0.35331853  0.35331853  0.35331853  0.31236408  0.32239254  0.34286586  0.31236408  0.33255853  0.35331853  0.36392069  0.32239254  0.32239254  0.34286586  0.32239254  0.33255853  0.30246947  0.38559103  0.38559103  0.39666847  0.38559103  0.41933264  0.45468353  0.44271162  0.43092997  0.36392069  0.34286586  0.36392069  0.35331853  0.37467668  0.34286586  0.37467668  0.39666847  0.39666847  0.38559103  0.37467668  0.39666847  0.38559103  0.41933264  0.38559103  0.46685196  0.36392069  0.38559103  0.38559103  0.39666847  0.43092997  0.38559103  0.38559103  0.34286586  0.34286586  0.37467668  0.36392069  0.36392069  0.40791395  0.35331853  0.34286586  0.36392069  0.36392069  0.30246947  0.26416104  0.28306783  0.28306783  0.34286586  0.37467668  0.49180493  0.50460361  0.50460361  0.47922346  0.43092997  0.40791395  0.43092997  0.43092997  0.31236408  
79_0_0     0.02661592  0.00000000  0.04029101  0.19301586  0.20154448  0.19301586  0.40791395  0.39666847  0.47922346  0.31236408  0.28306783  0.30246947  0.32239254  0.31236408  0.29270518  0.22773531  0.25488544  0.25488544  0.25488544  0.26416104  0.27355416  0.28306783  0.28306783  0.27355416  0.29270518  0.31236408  0.31236408  0.31236408  0.32239254  0.30246947  0.30246947  0.30246947  0.29270518  0.31236408  0.32239254  0.30246947  0.32239254  0.29270518  0.28306783  0.29270518  0.28306783  0.37467668  0.37467668  0.37467668  0.35331853  0.36392069  0.54438136  0.36392069  0.25488544  0.31236408  0.30246947  0.30246947  0.33255853  0.35331853  0.35331853  0.34286586  0.33255853  0.34286586  0.34286586  0.34286586  0.35331853  0.36392069  0.37467668  0.33255853  0.33255853  0.36392069  0.35331853  0.34286586  0.34286586  0.34286586  0.36392069  0.36392069  0.35331853  0.35331853  0.31236408  0.36392069  0.31236408  0.33255853  0.34286586  0.30246947  0.33255853  0.34286586  0.33255853  0.33255853  0.38559103  0.30246947  0.32239254  0.35331853  0.34286586  0.34286586  0.37467668  0.39666847  0.35331853  0.34286586  0.31236408  0.30246947  0.33255853  0.34286586  0.37467668  0.37467668  0.33255853  0.30246947  0.30246947  0.36392069  0.34286586  0.36392069  0.30246947  0.26416104  0.28306783  0.35331853  0.35331853  0.34286586  0.34286586  0.34286586  0.34286586  0.34286586  0.34286586  0.34286586  0.33255853  0.32239254  0.33255853  0.33255853  0.33255853  0.32239254  0.32239254  0.34286586  0.39666847  0.37467668  0.35331853  0.35331853  0.35331853  0.35331853  0.31236408  0.32239254  0.32239254  0.31236408  0.33255853  0.35331853  0.36392069  0.29270518  0.29270518  0.31236408  0.32239254  0.33255853  0.30246947  0.38559103  0.38559103  0.43092997  0.41933264  0.44271162  0.45468353  0.46685196  0.45468353  0.36392069  0.34286586  0.35331853  0.35331853  0.39666847  0.36392069  0.38559103  0.40791395  0.40791395  0.39666847  0.38559103  0.38559103  0.39666847  0.41933264  0.38559103  0.44271162  0.36392069  0.40791395  0.40791395  0.38559103  0.43092997  0.40791395  0.40791395  0.36392069  0.36392069  0.39666847  0.38559103  0.36392069  0.40791395  0.39666847  0.34286586  0.36392069  0.38559103  0.32239254  0.28306783  0.30246947  0.30246947  0.34286586  0.36392069  0.50460361  0.49180493  0.49180493  0.49180493  0.43092997  0.43092997  0.43092997  0.43092997  0.35331853  
95_0_0     0.02661592  0.04029101  0.00000000  0.17624746  0.18458425  0.17624746  0.37467668  0.43092997  0.50460361  0.33255853  0.30246947  0.30246947  0.32239254  0.31236408  0.29270518  0.24572447  0.27355416  0.27355416  0.27355416  0.28306783  0.25488544  0.28306783  0.28306783  0.27355416  0.29270518  0.31236408  0.31236408  0.31236408  0.32239254  0.30246947  0.28306783  0.28306783  0.31236408  0.31236408  0.32239254  0.30246947  0.30246947  0.29270518  0.28306783  0.29270518  0.28306783  0.38559103  0.38559103  0.40791395  0.36392069  0.37467668  0.60097318  0.34286586  0.29270518  0.31236408  0.30246947  0.30246947  0.31236408  0.31236408  0.32239254  0.31236408  0.29270518  0.30246947  0.34286586  0.34286586  0.33255853  0.34286586  0.35331853  0.35331853  0.33255853  0.33255853  0.33255853  0.32239254  0.32239254  0.34286586  0.36392069  0.36392069  0.35331853  0.35331853  0.29270518  0.32239254  0.27355416  0.31236408  0.32239254  0.28306783  0.31236408  0.34286586  0.35331853  0.33255853  0.38559103  0.32239254  0.35331853  0.35331853  0.36392069  0.36392069  0.35331853  0.43092997  0.35331853  0.32239254  0.27355416  0.29270518  0.32239254  0.33255853  0.35331853  0.35331853  0.31236408  0.26416104  0.26416104  0.32239254  0.30246947  0.30246947  0.26416104  0.24572447  0.26416104  0.34286586  0.34286586  0.35331853  0.33255853  0.33255853  0.33255853  0.33255853  0.33255853  0.33255853  0.32239254  0.31236408  0.32239254  0.32239254  0.32239254  0.30246947  0.30246947  0.32239254  0.37467668  0.35331853  0.33255853  0.33255853  0.33255853  0.33255853  0.31236408  0.32239254  0.34286586  0.31236408  0.33255853  0.35331853  0.36392069  0.32239254  0.32239254  0.34286586  0.32239254  0.33255853  0.30246947  0.38559103  0.38559103  0.41933264  0.40791395  0.44271162  0.45468353  0.46685196  0.45468353  0.36392069  0.34286586  0.36392069  0.35331853  0.37467668  0.34286586  0.37467668  0.39666847  0.39666847  0.38559103  0.37467668  0.41933264  0.40791395  0.41933264  0.38559103  0.44271162  0.38559103  0.43092997  0.43092997  0.40791395  0.45468353  0.40791395  0.40791395  0.38559103  0.38559103  0.39666847  0.38559103  0.38559103  0.43092997  0.39666847  0.38559103  0.36392069  0.38559103  0.32239254  0.26416104  0.28306783  0.28306783  0.34286586  0.37467668  0.51762714  0.53088357  0.53088357  0.53088357  0.43092997  0.43092997  0.40791395  0.40791395  0.35331853  
79_33_0    0.17624746  0.19301586  0.17624746  0.00000000  0.04029101  0.05422312  0.40791395  0.43092997  0.46685196  0.44271162  0.41933264  0.36392069  0.36392069  0.35331853  0.36392069  0.33255853  0.32239254  0.34286586  0.36392069  0.37467668  0.39666847  0.37467668  0.37467668  0.36392069  0.38559103  0.40791395  0.40791395  0.40791395  0.39666847  0.40791395  0.39666847  0.39666847  0.36392069  0.38559103  0.37467668  0.37467668  0.37467668  0.36392069  0.35331853  0.36392069  0.35331853  0.43092997  0.43092997  0.45468353  0.40791395  0.44271162  0.63097615  0.38559103  0.36392069  0.36392069  0.37467668  0.37467668  0.31236408  0.41933264  0.45468353  0.44271162  0.40791395  0.41933264  0.43092997  0.43092997  0.41933264  0.40791395  0.41933264  0.41933264  0.41933264  0.44271162  0.44271162  0.43092997  0.43092997  0.40791395  0.40791395  0.45468353  0.44271162  0.44271162  0.39666847  0.43092997  0.39666847  0.40791395  0.41933264  0.34286586  0.37467668  0.38559103  0.39666847  0.45468353  0.46685196  0.38559103  0.39666847  0.43092997  0.46685196  0.46685196  0.50460361  0.45468353  0.43092997  0.37467668  0.34286586  0.41933264  0.43092997  0.41933264  0.44271162  0.44271162  0.39666847  0.35331853  0.33255853  0.36392069  0.37467668  0.38559103  0.37467668  0.29270518  0.31236408  0.41933264  0.41933264  0.40791395  0.35331853  0.35331853  0.36392069  0.36392069  0.36392069  0.37467668  0.40791395  0.40791395  0.41933264  0.41933264  0.37467668  0.35331853  0.35331853  0.38559103  0.36392069  0.39666847  0.49180493  0.49180493  0.49180493  0.49180493  0.41933264  0.38559103  0.37467668  0.36392069  0.38559103  0.39666847  0.40791395  0.36392069  0.36392069  0.37467668  0.34286586  0.35331853  0.32239254  0.50460361  0.49180493  0.45468353  0.44271162  0.50460361  0.50460361  0.53088357  0.51762714  0.37467668  0.37467668  0.41933264  0.40791395  0.38559103  0.39666847  0.45468353  0.44271162  0.44271162  0.43092997  0.43092997  0.50460361  0.49180493  0.53088357  0.46685196  0.51762714  0.37467668  0.40791395  0.40791395  0.38559103  0.47922346  0.45468353  0.45468353  0.37467668  0.37467668  0.38559103  0.39666847  0.39666847  0.41933264  0.36392069  0.41933264  0.38559103  0.37467668  0.34286586  0.32239254  0.34286586  0.34286586  0.43092997  0.50460361  0.51762714  0.55812948  0.55812948  0.58641509  0.54438136  0.51762714  0.54438136  0.54438136  0.41933264  
48_33_0    0.18458425  0.20154448  0.18458425  0.04029101  0.00000000  0.01318852  0.40791395  0.44271162  0.46685196  0.40791395  0.40791395  0.37467668  0.35331853  0.34286586  0.33255853  0.32239254  0.31236408  0.33255853  0.35331853  0.34286586  0.39666847  0.36392069  0.36392069  0.35331853  0.37467668  0.39666847  0.39666847  0.39666847  0.38559103  0.39666847  0.38559103  0.38559103  0.37467668  0.35331853  0.34286586  0.34286586  0.34286586  0.33255853  0.34286586  0.35331853  0.34286586  0.38559103  0.40791395  0.40791395  0.36392069  0.41933264  0.63097615  0.37467668  0.35331853  0.35331853  0.36392069  0.36392069  0.30246947  0.40791395  0.46685196  0.45468353  0.39666847  0.40791395  0.41933264  0.41933264  0.43092997  0.41933264  0.43092997  0.40791395  0.40791395  0.43092997  0.43092997  0.41933264  0.41933264  0.41933264  0.39666847  0.44271162  0.43092997  0.43092997  0.38559103  0.41933264  0.38559103  0.39666847  0.40791395  0.33255853  0.36392069  0.35331853  0.38559103  0.41933264  0.40791395  0.37467668  0.38559103  0.41933264  0.43092997  0.43092997  0.44271162  0.43092997  0.40791395  0.35331853  0.34286586  0.37467668  0.40791395  0.39666847  0.44271162  0.44271162  0.39666847  0.32239254  0.30246947  0.35331853  0.36392069  0.37467668  0.36392069  0.26416104  0.28306783  0.36392069  0.36392069  0.35331853  0.34286586  0.34286586  0.35331853  0.35331853  0.35331853  0.36392069  0.37467668  0.37467668  0.38559103  0.38559103  0.34286586  0.36392069  0.36392069  0.38559103  0.34286586  0.41933264  0.46685196  0.46685196  0.46685196  0.46685196  0.41933264  0.38559103  0.37467668  0.36392069  0.38559103  0.39666847  0.40791395  0.36392069  0.36392069  0.37467668  0.36392069  0.35331853  0.31236408  0.50460361  0.49180493  0.43092997  0.41933264  0.47922346  0.47922346  0.50460361  0.49180493  0.37467668  0.37467668  0.41933264  0.40791395  0.38559103  0.39666847  0.45468353  0.41933264  0.41933264  0.40791395  0.40791395  0.50460361  0.49180493  0.53088357  0.46685196  0.51762714  0.39666847  0.40791395  0.40791395  0.36392069  0.47922346  0.44271162  0.44271162  0.37467668  0.37467668  0.38559103  0.39666847  0.39666847  0.41933264  0.36392069  0.41933264  0.39666847  0.36392069  0.35331853  0.33255853  0.35331853  0.35331853  0.43092997  0.49180493  0.53088357  0.54438136  0.54438136  0.57213739  0.51762714  0.49180493  0.51762714  0.51762714  0.39666847  
95_33_0    0.17624746  0.19301586  0.17624746  0.05422312  0.01318852  0.00000000  0.43092997  0.45468353  0.45468353  0.43092997  0.39666847  0.38559103  0.36392069  0.35331853  0.33255853  0.32239254  0.31236408  0.33255853  0.34286586  0.33255853  0.40791395  0.37467668  0.37467668  0.36392069  0.38559103  0.40791395  0.40791395  0.40791395  0.39666847  0.40791395  0.39666847  0.39666847  0.38559103  0.36392069  0.35331853  0.33255853  0.35331853  0.34286586  0.35331853  0.36392069  0.35331853  0.36392069  0.38559103  0.38559103  0.36392069  0.41933264  0.63097615  0.36392069  0.34286586  0.34286586  0.35331853  0.35331853  0.29270518  0.39666847  0.45468353  0.44271162  0.38559103  0.39666847  0.40791395  0.40791395  0.41933264  0.40791395  0.41933264  0.39666847  0.39666847  0.41933264  0.41933264  0.40791395  0.40791395  0.40791395  0.38559103  0.43092997  0.41933264  0.41933264  0.37467668  0.40791395  0.37467668  0.38559103  0.39666847  0.32239254  0.35331853  0.34286586  0.37467668  0.40791395  0.39666847  0.36392069  0.37467668  0.39666847  0.41933264  0.41933264  0.43092997  0.41933264  0.39666847  0.34286586  0.33255853  0.36392069  0.39666847  0.38559103  0.43092997  0.43092997  0.38559103  0.31236408  0.29270518  0.35331853  0.36392069  0.37467668  0.35331853  0.25488544  0.27355416  0.35331853  0.35331853  0.34286586  0.33255853  0.33255853  0.34286586  0.34286586  0.34286586  0.35331853  0.36392069  0.36392069  0.37467668  0.37467668  0.33255853  0.35331853  0.35331853  0.37467668  0.36392069  0.43092997  0.46685196  0.46685196  0.46685196  0.46685196  0.44271162  0.40791395  0.37467668  0.36392069  0.38559103  0.39666847  0.40791395  0.37467668  0.37467668  0.38559103  0.37467668  0.36392069  0.31236408  0.49180493  0.47922346  0.41933264  0.40791395  0.46685196  0.47922346  0.49180493  0.47922346  0.39666847  0.39666847  0.41933264  0.40791395  0.40791395  0.41933264  0.46685196  0.43092997  0.43092997  0.41933264  0.41933264  0.51762714  0.50460361  0.54438136  0.47922346  0.53088357  0.40791395  0.41933264  0.41933264  0.37467668  0.49180493  0.44271162  0.44271162  0.38559103  0.38559103  0.39666847  0.40791395  0.40791395  0.43092997  0.37467668  0.41933264  0.41933264  0.38559103  0.37467668  0.35331853  0.37467668  0.37467668  0.43092997  0.47922346  0.51762714  0.55812948  0.55812948  0.58641509  0.51762714  0.49180493  0.51762714  0.51762714  0.40791395  
50_23_0    0.37467668  0.40791395  0.37467668  0.40791395  0.40791395  0.43092997  0.00000000  0.44271162  0.51762714  0.26416104  0.34286586  0.38559103  0.36392069  0.35331853  0.31236408  0.32239254  0.31236408  0.29270518  0.34286586  0.33255853  0.31236408  0.37467668  0.35331853  0.35331853  0.34286586  0.36392069  0.36392069  0.36392069  0.37467668  0.37467668  0.33255853  0.32239254  0.30246947  0.35331853  0.28306783  0.26416104  0.27355416  0.27355416  0.30246947  0.31236408  0.30246947  0.45468353  0.47922346  0.51762714  0.47922346  0.49180493  0.58641509  0.57213739  0.54438136  0.46685196  0.44271162  0.44271162  0.47922346  0.51762714  0.50460361  0.51762714  0.50460361  0.51762714  0.49180493  0.49180493  0.54438136  0.55812948  0.57213739  0.45468353  0.44271162  0.46685196  0.46685196  0.47922346  0.47922346  0.45468353  0.45468353  0.47922346  0.46685196  0.46685196  0.49180493  0.54438136  0.50460361  0.51762714  0.53088357  0.45468353  0.46685196  0.53088357  0.53088357  0.51762714  0.46685196  0.53088357  0.50460361  0.51762714  0.54438136  0.54438136  0.51762714  0.54438136  0.45468353  0.45468353  0.45468353  0.55812948  0.55812948  0.54438136  0.53088357  0.51762714  0.53088357  0.38559103  0.38559103  0.43092997  0.38559103  0.43092997  0.45468353  0.45468353  0.47922346  0.57213739  0.57213739  0.55812948  0.54438136  0.54438136  0.50460361  0.50460361  0.50460361  0.53088357  0.49180493  0.46685196  0.44271162  0.44271162  0.47922346  0.44271162  0.44271162  0.46685196  0.44271162  0.49180493  0.61582289  0.57213739  0.57213739  0.60097318  0.54438136  0.46685196  0.54438136  0.51762714  0.51762714  0.54438136  0.55812948  0.37467668  0.37467668  0.43092997  0.40791395  0.41933264  0.39666847  0.46685196  0.47922346  0.40791395  0.41933264  0.44271162  0.45468353  0.40791395  0.41933264  0.55812948  0.51762714  0.55812948  0.54438136  0.47922346  0.45468353  0.43092997  0.40791395  0.40791395  0.39666847  0.38559103  0.49180493  0.47922346  0.54438136  0.50460361  0.47922346  0.54438136  0.51762714  0.51762714  0.49180493  0.57213739  0.54438136  0.54438136  0.43092997  0.43092997  0.44271162  0.43092997  0.45468353  0.45468353  0.43092997  0.44271162  0.53088357  0.49180493  0.46685196  0.44271162  0.45468353  0.45468353  0.46685196  0.50460361  0.57213739  0.58641509  0.58641509  0.55812948  0.55812948  0.53088357  0.54438136  0.53088357  0.51762714  
50_20_0    0.38559103  0.39666847  0.43092997  0.43092997  0.44271162  0.45468353  0.44271162  0.00000000  0.12810453  0.36392069  0.34286586  0.41933264  0.39666847  0.38559103  0.40791395  0.34286586  0.34286586  0.35331853  0.34286586  0.35331853  0.40791395  0.33255853  0.33255853  0.33255853  0.32239254  0.35331853  0.35331853  0.35331853  0.34286586  0.34286586  0.35331853  0.35331853  0.35331853  0.37467668  0.38559103  0.38559103  0.37467668  0.33255853  0.35331853  0.36392069  0.35331853  0.46685196  0.46685196  0.50460361  0.46685196  0.44271162  0.67838801  0.54438136  0.53088357  0.49180493  0.50460361  0.50460361  0.49180493  0.58641509  0.60097318  0.58641509  0.58641509  0.57213739  0.57213739  0.57213739  0.58641509  0.57213739  0.58641509  0.55812948  0.55812948  0.60097318  0.57213739  0.57213739  0.57213739  0.51762714  0.55812948  0.57213739  0.55812948  0.55812948  0.58641509  0.58641509  0.61582289  0.64644562  0.63097615  0.49180493  0.55812948  0.50460361  0.47922346  0.51762714  0.57213739  0.51762714  0.50460361  0.57213739  0.54438136  0.54438136  0.57213739  0.57213739  0.51762714  0.50460361  0.50460361  0.55812948  0.46685196  0.49180493  0.47922346  0.45468353  0.45468353  0.45468353  0.43092997  0.46685196  0.47922346  0.45468353  0.53088357  0.45468353  0.45468353  0.50460361  0.50460361  0.47922346  0.46685196  0.46685196  0.44271162  0.44271162  0.44271162  0.46685196  0.51762714  0.49180493  0.51762714  0.51762714  0.50460361  0.47922346  0.47922346  0.45468353  0.46685196  0.54438136  0.60097318  0.60097318  0.60097318  0.57213739  0.49180493  0.46685196  0.54438136  0.51762714  0.51762714  0.51762714  0.53088357  0.40791395  0.40791395  0.43092997  0.43092997  0.44271162  0.44271162  0.44271162  0.44271162  0.43092997  0.44271162  0.51762714  0.55812948  0.45468353  0.46685196  0.57213739  0.60097318  0.64644562  0.63097615  0.60097318  0.58641509  0.45468353  0.45468353  0.45468353  0.46685196  0.47922346  0.72904053  0.74672412  0.67838801  0.69489061  0.76483987  0.57213739  0.61582289  0.61582289  0.60097318  0.64644562  0.60097318  0.60097318  0.55812948  0.55812948  0.60097318  0.61582289  0.63097615  0.63097615  0.58641509  0.49180493  0.54438136  0.53088357  0.47922346  0.47922346  0.50460361  0.50460361  0.58641509  0.63097615  0.64644562  0.64644562  0.64644562  0.64644562  0.58641509  0.57213739  0.54438136  0.55812948  0.49180493  
50_25_0    0.47922346  0.47922346  0.50460361  0.46685196  0.46685196  0.45468353  0.51762714  0.12810453  0.00000000  0.41933264  0.37467668  0.44271162  0.43092997  0.41933264  0.40791395  0.39666847  0.35331853  0.36392069  0.37467668  0.37467668  0.43092997  0.38559103  0.40791395  0.40791395  0.39666847  0.43092997  0.43092997  0.43092997  0.41933264  0.41933264  0.43092997  0.45468353  0.38559103  0.38559103  0.45468353  0.45468353  0.44271162  0.38559103  0.38559103  0.37467668  0.36392069  0.51762714  0.50460361  0.58641509  0.54438136  0.53088357  0.71176894  0.55812948  0.58641509  0.57213739  0.57213739  0.57213739  0.60097318  0.67838801  0.69489061  0.67838801  0.67838801  0.66224479  0.63097615  0.63097615  0.61582289  0.60097318  0.58641509  0.61582289  0.61582289  0.63097615  0.60097318  0.60097318  0.60097318  0.60097318  0.61582289  0.63097615  0.61582289  0.61582289  0.67838801  0.67838801  0.71176894  0.74672412  0.72904053  0.57213739  0.64644562  0.61582289  0.58641509  0.63097615  0.61582289  0.63097615  0.55812948  0.58641509  0.66224479  0.66224479  0.66224479  0.57213739  0.63097615  0.54438136  0.55812948  0.60097318  0.57213739  0.60097318  0.61582289  0.55812948  0.55812948  0.55812948  0.53088357  0.53088357  0.58641509  0.60097318  0.61582289  0.53088357  0.54438136  0.55812948  0.55812948  0.53088357  0.54438136  0.54438136  0.54438136  0.54438136  0.54438136  0.54438136  0.61582289  0.58641509  0.58641509  0.58641509  0.57213739  0.47922346  0.47922346  0.50460361  0.54438136  0.55812948  0.64644562  0.64644562  0.64644562  0.61582289  0.57213739  0.57213739  0.61582289  0.58641509  0.58641509  0.53088357  0.54438136  0.39666847  0.39666847  0.41933264  0.46685196  0.45468353  0.41933264  0.51762714  0.51762714  0.43092997  0.44271162  0.46685196  0.53088357  0.43092997  0.44271162  0.55812948  0.58641509  0.57213739  0.58641509  0.55812948  0.54438136  0.51762714  0.47922346  0.47922346  0.50460361  0.50460361  0.58641509  0.60097318  0.66224479  0.61582289  0.67838801  0.61582289  0.60097318  0.60097318  0.60097318  0.69489061  0.64644562  0.64644562  0.63097615  0.63097615  0.67838801  0.69489061  0.69489061  0.67838801  0.54438136  0.50460361  0.51762714  0.50460361  0.58641509  0.50460361  0.53088357  0.53088357  0.57213739  0.63097615  0.61582289  0.67838801  0.67838801  0.67838801  0.66224479  0.64644562  0.61582289  0.60097318  0.61582289  
77_20_0    0.31236408  0.31236408  0.33255853  0.44271162  0.40791395  0.43092997  0.26416104  0.36392069  0.41933264  0.00000000  0.15984997  0.35331853  0.33255853  0.32239254  0.30246947  0.27355416  0.30246947  0.30246947  0.32239254  0.31236408  0.32239254  0.23667533  0.24572447  0.24572447  0.23667533  0.27355416  0.25488544  0.25488544  0.26416104  0.28306783  0.28306783  0.26416104  0.31236408  0.29270518  0.27355416  0.27355416  0.24572447  0.26416104  0.26416104  0.27355416  0.26416104  0.40791395  0.43092997  0.47922346  0.40791395  0.44271162  0.67838801  0.45468353  0.43092997  0.41933264  0.39666847  0.39666847  0.41933264  0.41933264  0.39666847  0.39666847  0.40791395  0.39666847  0.43092997  0.43092997  0.45468353  0.46685196  0.47922346  0.41933264  0.41933264  0.41933264  0.40791395  0.41933264  0.41933264  0.44271162  0.41933264  0.44271162  0.43092997  0.43092997  0.39666847  0.43092997  0.41933264  0.44271162  0.43092997  0.40791395  0.40791395  0.46685196  0.44271162  0.43092997  0.45468353  0.44271162  0.43092997  0.40791395  0.43092997  0.43092997  0.38559103  0.49180493  0.38559103  0.46685196  0.46685196  0.47922346  0.43092997  0.44271162  0.53088357  0.53088357  0.49180493  0.29270518  0.29270518  0.35331853  0.36392069  0.35331853  0.37467668  0.38559103  0.36392069  0.45468353  0.45468353  0.44271162  0.43092997  0.43092997  0.40791395  0.40791395  0.40791395  0.41933264  0.36392069  0.34286586  0.31236408  0.31236408  0.34286586  0.41933264  0.41933264  0.43092997  0.41933264  0.46685196  0.41933264  0.46685196  0.46685196  0.44271162  0.43092997  0.39666847  0.47922346  0.45468353  0.47922346  0.47922346  0.46685196  0.29270518  0.29270518  0.30246947  0.33255853  0.32239254  0.30246947  0.39666847  0.39666847  0.37467668  0.38559103  0.38559103  0.39666847  0.39666847  0.38559103  0.43092997  0.41933264  0.44271162  0.45468353  0.44271162  0.39666847  0.45468353  0.41933264  0.41933264  0.43092997  0.41933264  0.40791395  0.41933264  0.47922346  0.44271162  0.50460361  0.44271162  0.43092997  0.43092997  0.41933264  0.46685196  0.44271162  0.44271162  0.34286586  0.34286586  0.37467668  0.36392069  0.40791395  0.41933264  0.47922346  0.40791395  0.43092997  0.41933264  0.39666847  0.38559103  0.39666847  0.39666847  0.43092997  0.51762714  0.51762714  0.53088357  0.53088357  0.50460361  0.55812948  0.53088357  0.49180493  0.50460361  0.45468353  
87_20_0    0.28306783  0.28306783  0.30246947  0.41933264  0.40791395  0.39666847  0.34286586  0.34286586  0.37467668  0.15984997  0.00000000  0.33255853  0.35331853  0.34286586  0.32239254  0.26416104  0.30246947  0.30246947  0.29270518  0.30246947  0.29270518  0.26416104  0.26416104  0.25488544  0.25488544  0.25488544  0.25488544  0.25488544  0.27355416  0.28306783  0.30246947  0.28306783  0.26416104  0.26416104  0.23667533  0.25488544  0.23667533  0.26416104  0.24572447  0.25488544  0.24572447  0.36392069  0.36392069  0.44271162  0.38559103  0.37467668  0.63097615  0.41933264  0.36392069  0.44271162  0.43092997  0.43092997  0.41933264  0.43092997  0.38559103  0.40791395  0.41933264  0.40791395  0.39666847  0.39666847  0.41933264  0.43092997  0.44271162  0.40791395  0.40791395  0.40791395  0.39666847  0.40791395  0.40791395  0.40791395  0.40791395  0.43092997  0.41933264  0.41933264  0.40791395  0.45468353  0.40791395  0.45468353  0.44271162  0.38559103  0.40791395  0.39666847  0.38559103  0.40791395  0.43092997  0.39666847  0.38559103  0.43092997  0.43092997  0.43092997  0.40791395  0.47922346  0.35331853  0.43092997  0.43092997  0.47922346  0.44271162  0.50460361  0.54438136  0.54438136  0.51762714  0.29270518  0.31236408  0.34286586  0.33255853  0.34286586  0.33255853  0.35331853  0.31236408  0.39666847  0.39666847  0.37467668  0.37467668  0.37467668  0.36392069  0.36392069  0.36392069  0.37467668  0.30246947  0.28306783  0.31236408  0.31236408  0.31236408  0.35331853  0.35331853  0.34286586  0.36392069  0.43092997  0.40791395  0.43092997  0.43092997  0.40791395  0.41933264  0.37467668  0.40791395  0.40791395  0.38559103  0.34286586  0.35331853  0.28306783  0.28306783  0.27355416  0.30246947  0.29270518  0.29270518  0.37467668  0.37467668  0.34286586  0.35331853  0.35331853  0.38559103  0.36392069  0.35331853  0.37467668  0.35331853  0.35331853  0.36392069  0.38559103  0.38559103  0.38559103  0.38559103  0.38559103  0.39666847  0.38559103  0.39666847  0.40791395  0.44271162  0.43092997  0.45468353  0.38559103  0.37467668  0.37467668  0.37467668  0.47922346  0.43092997  0.43092997  0.33255853  0.33255853  0.34286586  0.33255853  0.43092997  0.41933264  0.43092997  0.30246947  0.36392069  0.36392069  0.34286586  0.35331853  0.36392069  0.36392069  0.34286586  0.49180493  0.40791395  0.46685196  0.46685196  0.46685196  0.57213739  0.50460361  0.46685196  0.47922346  0.47922346  
25_0_0     0.26416104  0.30246947  0.30246947  0.36392069  0.37467668  0.38559103  0.38559103  0.41933264  0.44271162  0.35331853  0.33255853  0.00000000  0.04029101  0.03342193  0.15984997  0.12810453  0.12810453  0.12810453  0.15178526  0.15984997  0.22773531  0.24572447  0.22773531  0.23667533  0.23667533  0.23667533  0.23667533  0.23667533  0.25488544  0.23667533  0.22773531  0.22773531  0.18458425  0.24572447  0.23667533  0.22773531  0.23667533  0.20154448  0.21017235  0.21890182  0.21017235  0.49180493  0.46685196  0.45468353  0.47922346  0.46685196  0.60097318  0.36392069  0.35331853  0.35331853  0.36392069  0.36392069  0.34286586  0.44271162  0.44271162  0.46685196  0.43092997  0.44271162  0.40791395  0.40791395  0.39666847  0.40791395  0.39666847  0.38559103  0.38559103  0.40791395  0.39666847  0.38559103  0.38559103  0.40791395  0.43092997  0.40791395  0.39666847  0.39666847  0.41933264  0.46685196  0.44271162  0.46685196  0.45468353  0.35331853  0.40791395  0.39666847  0.38559103  0.40791395  0.43092997  0.38559103  0.34286586  0.40791395  0.40791395  0.40791395  0.41933264  0.49180493  0.43092997  0.49180493  0.41933264  0.41933264  0.45468353  0.45468353  0.46685196  0.46685196  0.44271162  0.32239254  0.31236408  0.28306783  0.29270518  0.32239254  0.33255853  0.34286586  0.34286586  0.34286586  0.34286586  0.34286586  0.45468353  0.45468353  0.43092997  0.43092997  0.43092997  0.44271162  0.38559103  0.36392069  0.35331853  0.35331853  0.39666847  0.34286586  0.34286586  0.36392069  0.45468353  0.41933264  0.44271162  0.41933264  0.41933264  0.44271162  0.38559103  0.34286586  0.41933264  0.39666847  0.40791395  0.40791395  0.41933264  0.40791395  0.40791395  0.44271162  0.44271162  0.43092997  0.41933264  0.50460361  0.53088357  0.47922346  0.46685196  0.51762714  0.53088357  0.53088357  0.51762714  0.38559103  0.40791395  0.44271162  0.43092997  0.40791395  0.40791395  0.45468353  0.50460361  0.50460361  0.49180493  0.47922346  0.41933264  0.40791395  0.49180493  0.43092997  0.49180493  0.39666847  0.40791395  0.40791395  0.49180493  0.46685196  0.43092997  0.43092997  0.38559103  0.38559103  0.41933264  0.40791395  0.41933264  0.38559103  0.34286586  0.37467668  0.47922346  0.45468353  0.41933264  0.38559103  0.39666847  0.39666847  0.43092997  0.46685196  0.61582289  0.61582289  0.61582289  0.58641509  0.51762714  0.49180493  0.50460361  0.51762714  0.44271162  
89_0_0     0.28306783  0.32239254  0.32239254  0.36392069  0.35331853  0.36392069  0.36392069  0.39666847  0.43092997  0.33255853  0.35331853  0.04029101  0.00000000  0.00656493  0.12810453  0.11272745  0.11272745  0.11272745  0.13591436  0.12810453  0.22773531  0.25488544  0.23667533  0.24572447  0.24572447  0.24572447  0.24572447  0.24572447  0.26416104  0.24572447  0.23667533  0.23667533  0.18458425  0.22773531  0.20154448  0.19301586  0.20154448  0.20154448  0.21017235  0.21890182  0.21017235  0.41933264  0.44271162  0.40791395  0.40791395  0.41933264  0.58641509  0.36392069  0.39666847  0.37467668  0.38559103  0.38559103  0.36392069  0.46685196  0.46685196  0.49180493  0.45468353  0.46685196  0.43092997  0.43092997  0.41933264  0.40791395  0.41933264  0.40791395  0.40791395  0.43092997  0.41933264  0.40791395  0.40791395  0.43092997  0.45468353  0.43092997  0.41933264  0.41933264  0.46685196  0.49180493  0.49180493  0.51762714  0.50460361  0.37467668  0.43092997  0.41933264  0.40791395  0.43092997  0.43092997  0.40791395  0.36392069  0.43092997  0.43092997  0.43092997  0.41933264  0.51762714  0.45468353  0.49180493  0.44271162  0.46685196  0.45468353  0.45468353  0.46685196  0.49180493  0.44271162  0.34286586  0.33255853  0.28306783  0.29270518  0.34286586  0.35331853  0.36392069  0.34286586  0.36392069  0.36392069  0.36392069  0.45468353  0.45468353  0.43092997  0.43092997  0.43092997  0.44271162  0.40791395  0.38559103  0.37467668  0.37467668  0.39666847  0.35331853  0.35331853  0.36392069  0.45468353  0.44271162  0.44271162  0.41933264  0.41933264  0.44271162  0.40791395  0.34286586  0.41933264  0.39666847  0.40791395  0.40791395  0.41933264  0.38559103  0.38559103  0.41933264  0.41933264  0.40791395  0.38559103  0.47922346  0.50460361  0.43092997  0.41933264  0.46685196  0.47922346  0.47922346  0.46685196  0.38559103  0.40791395  0.44271162  0.43092997  0.40791395  0.40791395  0.45468353  0.47922346  0.47922346  0.46685196  0.45468353  0.45468353  0.44271162  0.47922346  0.41933264  0.53088357  0.40791395  0.41933264  0.41933264  0.47922346  0.47922346  0.44271162  0.44271162  0.37467668  0.37467668  0.40791395  0.41933264  0.40791395  0.37467668  0.35331853  0.38559103  0.49180493  0.44271162  0.43092997  0.39666847  0.40791395  0.40791395  0.43092997  0.43092997  0.57213739  0.57213739  0.57213739  0.54438136  0.46685196  0.46685196  0.45468353  0.46685196  0.41933264  
28_0_0     0.27355416  0.31236408  0.31236408  0.35331853  0.34286586  0.35331853  0.35331853  0.38559103  0.41933264  0.32239254  0.34286586  0.03342193  0.00656493  0.00000000  0.12037612  0.10515689  0.10515689  0.10515689  0.12810453  0.12037612  0.21890182  0.24572447  0.22773531  0.23667533  0.23667533  0.23667533  0.23667533  0.23667533  0.25488544  0.23667533  0.22773531  0.22773531  0.17624746  0.21890182  0.19301586  0.18458425  0.19301586  0.19301586  0.20154448  0.21017235  0.20154448  0.43092997  0.45468353  0.41933264  0.41933264  0.43092997  0.60097318  0.35331853  0.38559103  0.36392069  0.37467668  0.37467668  0.35331853  0.45468353  0.45468353  0.47922346  0.44271162  0.45468353  0.41933264  0.41933264  0.43092997  0.41933264  0.43092997  0.39666847  0.39666847  0.41933264  0.40791395  0.39666847  0.39666847  0.41933264  0.44271162  0.41933264  0.40791395  0.40791395  0.45468353  0.50460361  0.47922346  0.50460361  0.49180493  0.36392069  0.41933264  0.40791395  0.39666847  0.41933264  0.41933264  0.39666847  0.35331853  0.41933264  0.41933264  0.41933264  0.40791395  0.50460361  0.44271162  0.47922346  0.43092997  0.45468353  0.44271162  0.44271162  0.45468353  0.47922346  0.43092997  0.33255853  0.32239254  0.29270518  0.30246947  0.33255853  0.34286586  0.35331853  0.33255853  0.35331853  0.35331853  0.35331853  0.44271162  0.44271162  0.41933264  0.41933264  0.41933264  0.43092997  0.39666847  0.37467668  0.36392069  0.36392069  0.38559103  0.34286586  0.34286586  0.35331853  0.44271162  0.43092997  0.43092997  0.40791395  0.40791395  0.43092997  0.39666847  0.33255853  0.40791395  0.38559103  0.39666847  0.39666847  0.40791395  0.37467668  0.37467668  0.40791395  0.40791395  0.39666847  0.37467668  0.46685196  0.49180493  0.41933264  0.40791395  0.45468353  0.46685196  0.46685196  0.45468353  0.37467668  0.39666847  0.43092997  0.41933264  0.39666847  0.39666847  0.44271162  0.46685196  0.46685196  0.45468353  0.44271162  0.44271162  0.43092997  0.46685196  0.40791395  0.51762714  0.39666847  0.40791395  0.40791395  0.46685196  0.46685196  0.43092997  0.43092997  0.36392069  0.36392069  0.39666847  0.40791395  0.39666847  0.36392069  0.34286586  0.37467668  0.47922346  0.43092997  0.41933264  0.38559103  0.39666847  0.39666847  0.41933264  0.41933264  0.55812948  0.55812948  0.55812948  0.53088357  0.47922346  0.47922346  0.46685196  0.47922346  0.43092997  
77_0_0     0.27355416  0.29270518  0.29270518  0.36392069  0.33255853  0.33255853  0.31236408  0.40791395  0.40791395  0.30246947  0.32239254  0.15984997  0.12810453  0.12037612  0.00000000  0.06128860  0.04722434  0.04722434  0.08289830  0.07562485  0.18458425  0.21890182  0.20154448  0.21017235  0.21017235  0.21017235  0.22773531  0.22773531  0.24572447  0.19301586  0.18458425  0.20154448  0.20154448  0.20154448  0.15984997  0.14380734  0.15984997  0.16800338  0.19301586  0.18458425  0.17624746  0.36392069  0.38559103  0.35331853  0.36392069  0.37467668  0.53088357  0.36392069  0.39666847  0.34286586  0.29270518  0.29270518  0.33255853  0.41933264  0.41933264  0.44271162  0.40791395  0.41933264  0.40791395  0.40791395  0.43092997  0.41933264  0.43092997  0.36392069  0.38559103  0.39666847  0.39666847  0.38559103  0.38559103  0.40791395  0.43092997  0.40791395  0.39666847  0.39666847  0.39666847  0.44271162  0.41933264  0.41933264  0.40791395  0.33255853  0.38559103  0.44271162  0.40791395  0.40791395  0.40791395  0.43092997  0.33255853  0.35331853  0.36392069  0.36392069  0.35331853  0.47922346  0.35331853  0.38559103  0.40791395  0.45468353  0.40791395  0.39666847  0.38559103  0.40791395  0.40791395  0.33255853  0.31236408  0.30246947  0.31236408  0.34286586  0.33255853  0.31236408  0.31236408  0.39666847  0.39666847  0.37467668  0.38559103  0.38559103  0.35331853  0.35331853  0.35331853  0.37467668  0.36392069  0.34286586  0.33255853  0.33255853  0.35331853  0.32239254  0.32239254  0.38559103  0.40791395  0.32239254  0.43092997  0.43092997  0.43092997  0.43092997  0.37467668  0.33255853  0.40791395  0.37467668  0.39666847  0.41933264  0.40791395  0.36392069  0.36392069  0.38559103  0.36392069  0.35331853  0.33255853  0.43092997  0.45468353  0.37467668  0.38559103  0.37467668  0.39666847  0.40791395  0.39666847  0.37467668  0.39666847  0.41933264  0.40791395  0.38559103  0.38559103  0.41933264  0.44271162  0.44271162  0.43092997  0.41933264  0.41933264  0.43092997  0.46685196  0.40791395  0.41933264  0.38559103  0.39666847  0.39666847  0.50460361  0.47922346  0.44271162  0.44271162  0.39666847  0.39666847  0.38559103  0.39666847  0.43092997  0.35331853  0.34286586  0.33255853  0.39666847  0.39666847  0.36392069  0.33255853  0.33255853  0.33255853  0.33255853  0.40791395  0.54438136  0.53088357  0.53088357  0.50460361  0.41933264  0.41933264  0.43092997  0.41933264  0.43092997  
22_0_0     0.21017235  0.22773531  0.24572447  0.33255853  0.32239254  0.32239254  0.32239254  0.34286586  0.39666847  0.27355416  0.26416104  0.12810453  0.11272745  0.10515689  0.06128860  0.00000000  0.02661592  0.02661592  0.03342193  0.04029101  0.13591436  0.15178526  0.13591436  0.14380734  0.14380734  0.14380734  0.15984997  0.15984997  0.19301586  0.14380734  0.13591436  0.15178526  0.15178526  0.15178526  0.14380734  0.12810453  0.15984997  0.12037612  0.12810453  0.12037612  0.11272745  0.34286586  0.34286586  0.37467668  0.34286586  0.33255853  0.51762714  0.35331853  0.35331853  0.36392069  0.31236408  0.31236408  0.31236408  0.39666847  0.39666847  0.41933264  0.38559103  0.39666847  0.36392069  0.36392069  0.37467668  0.36392069  0.37467668  0.34286586  0.36392069  0.38559103  0.37467668  0.36392069  0.36392069  0.38559103  0.40791395  0.38559103  0.37467668  0.37467668  0.35331853  0.41933264  0.37467668  0.39666847  0.38559103  0.31236408  0.36392069  0.37467668  0.34286586  0.37467668  0.39666847  0.36392069  0.33255853  0.37467668  0.38559103  0.38559103  0.39666847  0.45468353  0.33255853  0.38559103  0.36392069  0.38559103  0.38559103  0.37467668  0.38559103  0.40791395  0.38559103  0.31236408  0.29270518  0.30246947  0.29270518  0.32239254  0.29270518  0.31236408  0.33255853  0.37467668  0.37467668  0.37467668  0.36392069  0.36392069  0.33255853  0.33255853  0.33255853  0.35331853  0.38559103  0.36392069  0.35331853  0.35331853  0.37467668  0.31236408  0.31236408  0.36392069  0.38559103  0.34286586  0.38559103  0.36392069  0.36392069  0.38559103  0.33255853  0.29270518  0.34286586  0.31236408  0.33255853  0.35331853  0.36392069  0.33255853  0.33255853  0.34286586  0.32239254  0.31236408  0.31236408  0.37467668  0.39666847  0.37467668  0.38559103  0.38559103  0.38559103  0.41933264  0.40791395  0.32239254  0.32239254  0.34286586  0.33255853  0.35331853  0.35331853  0.40791395  0.45468353  0.45468353  0.44271162  0.43092997  0.40791395  0.41933264  0.45468353  0.39666847  0.44271162  0.37467668  0.38559103  0.38559103  0.41933264  0.41933264  0.38559103  0.38559103  0.36392069  0.36392069  0.39666847  0.40791395  0.37467668  0.34286586  0.33255853  0.34286586  0.35331853  0.34286586  0.35331853  0.30246947  0.29270518  0.29270518  0.34286586  0.39666847  0.50460361  0.49180493  0.49180493  0.46685196  0.40791395  0.40791395  0.39666847  0.40791395  0.39666847  
