20
2_0_0      0.00000000  0.00000000  0.00000000  0.55297946  0.48234349  0.56544901  0.49365000  0.55297946  0.55297946  0.63122033  0.71890346  0.70353576  0.70353576  0.49365000  0.49365000  0.51680434  0.51680434  0.51680434  0.55297946  0.60419402  
3_0_0      0.00000000  0.00000000  0.00000000  0.55297946  0.48234349  0.56544901  0.49365000  0.55297946  0.55297946  0.63122033  0.71890346  0.70353576  0.70353576  0.49365000  0.49365000  0.51680434  0.51680434  0.51680434  0.55297946  0.60419402  
1_0_0      0.00000000  0.00000000  0.00000000  0.55297946  0.48234349  0.56544901  0.49365000  0.55297946  0.55297946  0.63122033  0.71890346  0.70353576  0.70353576  0.49365000  0.49365000  0.51680434  0.51680434  0.51680434  0.55297946  0.60419402  
16_0_0     0.55297946  0.55297946  0.55297946  0.00000000  0.29540208  0.30413058  0.22910667  0.43879715  0.43879715  0.48234349  0.36835167  0.38779249  0.38779249  0.37800713  0.35882270  0.34013130  0.34013130  0.34013130  0.33096270  0.50513504  
14_0_0     0.48234349  0.48234349  0.48234349  0.29540208  0.00000000  0.18307181  0.16110280  0.41796416  0.41796416  0.40776724  0.40776724  0.40776724  0.40776724  0.23707060  0.25326491  0.22122901  0.22122901  0.23707060  0.24512268  0.49365000  
6_0_0      0.56544901  0.56544901  0.56544901  0.30413058  0.18307181  0.00000000  0.16835232  0.42830607  0.42830607  0.43879715  0.36835167  0.36835167  0.36835167  0.27825319  0.26149932  0.27825319  0.27825319  0.29540208  0.28677710  0.51680434  
15_0_0     0.49365000  0.49365000  0.49365000  0.22910667  0.16110280  0.16835232  0.00000000  0.32190823  0.32190823  0.36835167  0.34013130  0.34013130  0.34013130  0.25326491  0.23707060  0.26982801  0.26982801  0.26982801  0.27825319  0.47121006  
18_0_0     0.55297946  0.55297946  0.55297946  0.43879715  0.41796416  0.42830607  0.32190823  0.00000000  0.00000000  0.07289821  0.18307181  0.16110280  0.16110280  0.36835167  0.33096270  0.38779249  0.38779249  0.36835167  0.37800713  0.51680434  
8_0_0      0.55297946  0.55297946  0.55297946  0.43879715  0.41796416  0.42830607  0.32190823  0.00000000  0.00000000  0.07289821  0.18307181  0.16110280  0.16110280  0.36835167  0.33096270  0.38779249  0.38779249  0.36835167  0.37800713  0.51680434  
19_0_0     0.63122033  0.63122033  0.63122033  0.48234349  0.40776724  0.43879715  0.36835167  0.07289821  0.07289821  0.00000000  0.24512268  0.22122901  0.22122901  0.40776724  0.36835167  0.42830607  0.42830607  0.40776724  0.41796416  0.52866392  
7_0_0      0.71890346  0.71890346  0.71890346  0.36835167  0.40776724  0.36835167  0.34013130  0.18307181  0.18307181  0.24512268  0.00000000  0.01755110  0.01755110  0.40776724  0.36835167  0.40776724  0.40776724  0.40776724  0.37800713  0.52866392  
9_0_0      0.70353576  0.70353576  0.70353576  0.38779249  0.40776724  0.36835167  0.34013130  0.16110280  0.16110280  0.22122901  0.01755110  0.00000000  0.00000000  0.40776724  0.36835167  0.40776724  0.40776724  0.40776724  0.37800713  0.52866392  
13_0_0     0.70353576  0.70353576  0.70353576  0.38779249  0.40776724  0.36835167  0.34013130  0.16110280  0.16110280  0.22122901  0.01755110  0.00000000  0.00000000  0.40776724  0.36835167  0.40776724  0.40776724  0.40776724  0.37800713  0.52866392  
11_0_0     0.49365000  0.49365000  0.49365000  0.37800713  0.23707060  0.27825319  0.25326491  0.36835167  0.36835167  0.40776724  0.40776724  0.40776724  0.40776724  0.00000000  0.02349686  0.04777820  0.04777820  0.07289821  0.06653641  0.50513504  
17_0_0     0.49365000  0.49365000  0.49365000  0.35882270  0.25326491  0.26149932  0.23707060  0.33096270  0.33096270  0.36835167  0.36835167  0.36835167  0.36835167  0.02349686  0.00000000  0.07289821  0.07289821  0.08579122  0.09232445  0.50513504  
4_0_0      0.51680434  0.51680434  0.51680434  0.34013130  0.22122901  0.27825319  0.26982801  0.38779249  0.38779249  0.42830607  0.40776724  0.40776724  0.40776724  0.04777820  0.07289821  0.00000000  0.00000000  0.02349686  0.01755110  0.51680434  
12_0_0     0.51680434  0.51680434  0.51680434  0.34013130  0.22122901  0.27825319  0.26982801  0.38779249  0.38779249  0.42830607  0.40776724  0.40776724  0.40776724  0.04777820  0.07289821  0.00000000  0.00000000  0.02349686  0.01755110  0.51680434  
10_0_0     0.51680434  0.51680434  0.51680434  0.34013130  0.23707060  0.29540208  0.26982801  0.36835167  0.36835167  0.40776724  0.40776724  0.40776724  0.40776724  0.07289821  0.08579122  0.02349686  0.02349686  0.00000000  0.02949163  0.54072008  
5_0_0      0.55297946  0.55297946  0.55297946  0.33096270  0.24512268  0.28677710  0.27825319  0.37800713  0.37800713  0.41796416  0.37800713  0.37800713  0.37800713  0.06653641  0.09232445  0.01755110  0.01755110  0.02949163  0.00000000  0.51680434  
20_0_0     0.60419402  0.60419402  0.60419402  0.50513504  0.49365000  0.51680434  0.47121006  0.51680434  0.51680434  0.52866392  0.52866392  0.52866392  0.52866392  0.50513504  0.50513504  0.51680434  0.51680434  0.54072008  0.51680434  0.00000000  

