27
3_0_0      0.00000000  0.02272940  0.06628019  0.28210495  0.30979813  0.35037327  0.35635336  0.38076282  0.37458549  0.29859772  0.35037327  0.33271418  0.33271418  0.36238157  0.35635336  0.31546176  0.31546176  0.34444054  0.47306219  0.39327242  0.41893626  0.36845868  0.36238157  0.32116854  0.32116854  0.36845868  0.36238157  
6_0_0      0.02272940  0.00000000  0.06628019  0.28210495  0.29859772  0.33855441  0.34444054  0.35635336  0.36238157  0.28756230  0.38076282  0.34444054  0.32116854  0.36845868  0.36238157  0.30979813  0.30979813  0.35037327  0.48011139  0.39960643  0.42549198  0.37458549  0.36845868  0.32691912  0.32691912  0.37458549  0.36845868  
9_0_0      0.06628019  0.06628019  0.00000000  0.26596745  0.32691912  0.35635336  0.36238157  0.35037327  0.36845868  0.28756230  0.35037327  0.32691912  0.35037327  0.37458549  0.36845868  0.32691912  0.32691912  0.36845868  0.48011139  0.40599445  0.43210557  0.36845868  0.36238157  0.32116854  0.32116854  0.36845868  0.36238157  
8_0_0      0.28210495  0.28210495  0.26596745  0.00000000  0.09962331  0.21954134  0.22455999  0.23982085  0.23469928  0.20960379  0.25017025  0.34444054  0.34444054  0.34444054  0.33855441  0.32116854  0.32116854  0.35635336  0.40599445  0.34444054  0.39327242  0.32691912  0.33271418  0.29305969  0.29305969  0.33855441  0.34444054  
1_0_0      0.30979813  0.29859772  0.32691912  0.09962331  0.00000000  0.19494034  0.19979634  0.22455999  0.21954134  0.19979634  0.29305969  0.38076282  0.36845868  0.36238157  0.35635336  0.36238157  0.36238157  0.36845868  0.47306219  0.38699151  0.42549198  0.35635336  0.36238157  0.32691912  0.32691912  0.35635336  0.35037327  
4_0_0      0.35037327  0.33855441  0.35635336  0.21954134  0.19494034  0.00000000  0.00374067  0.06221474  0.06628019  0.18055840  0.35635336  0.39960643  0.37458549  0.36845868  0.37458549  0.40599445  0.40599445  0.40599445  0.46607870  0.41893626  0.45230403  0.37458549  0.38076282  0.36845868  0.36845868  0.38699151  0.38076282  
11_0_0     0.35635336  0.34444054  0.36238157  0.22455999  0.19979634  0.00374067  0.00000000  0.05817123  0.06221474  0.18532177  0.36238157  0.39327242  0.36845868  0.36238157  0.36845868  0.41243741  0.41243741  0.41243741  0.45915971  0.42549198  0.45915971  0.36845868  0.37458549  0.36238157  0.36238157  0.38076282  0.37458549  
2_0_0      0.38076282  0.35635336  0.35037327  0.23982085  0.22455999  0.06221474  0.05817123  0.00000000  0.01127850  0.21455609  0.35635336  0.41893626  0.39327242  0.38699151  0.39327242  0.39960643  0.39960643  0.42549198  0.47306219  0.41893626  0.46607870  0.39327242  0.38699151  0.37458549  0.37458549  0.39327242  0.38699151  
12_0_0     0.37458549  0.36238157  0.36845868  0.23469928  0.21954134  0.06628019  0.06221474  0.01127850  0.00000000  0.21954134  0.35037327  0.41243741  0.39960643  0.38076282  0.38699151  0.39327242  0.39327242  0.41893626  0.46607870  0.41243741  0.45915971  0.38699151  0.38076282  0.36845868  0.36845868  0.38699151  0.38076282  
5_0_0      0.29859772  0.28756230  0.28756230  0.20960379  0.19979634  0.18055840  0.18532177  0.21455609  0.21954134  0.00000000  0.28210495  0.32116854  0.31546176  0.32691912  0.32116854  0.34444054  0.34444054  0.35635336  0.40599445  0.36845868  0.38699151  0.33271418  0.33271418  0.32116854  0.32116854  0.32691912  0.32116854  
7_0_0      0.35037327  0.38076282  0.35037327  0.25017025  0.29305969  0.35635336  0.36238157  0.35635336  0.35037327  0.28210495  0.00000000  0.38699151  0.39960643  0.39327242  0.38699151  0.36845868  0.36845868  0.39960643  0.45915971  0.37458549  0.43210557  0.39327242  0.38699151  0.40599445  0.40599445  0.38699151  0.38076282  
18_0_0     0.33271418  0.34444054  0.32691912  0.34444054  0.38076282  0.39960643  0.39327242  0.41893626  0.41243741  0.32116854  0.38699151  0.00000000  0.03046173  0.03827470  0.03435803  0.12564213  0.12564213  0.13899843  0.18055840  0.19011562  0.15718552  0.11686840  0.11251977  0.11251977  0.11251977  0.09114738  0.09537336  
14_0_0     0.33271418  0.32116854  0.35037327  0.34444054  0.36845868  0.37458549  0.36845868  0.39327242  0.39960643  0.31546176  0.39960643  0.03046173  0.00000000  0.03827470  0.03435803  0.13451982  0.13451982  0.14803679  0.19979634  0.20960379  0.16644735  0.11686840  0.11251977  0.11251977  0.11251977  0.09114738  0.09537336  
15_0_0     0.36238157  0.36845868  0.37458549  0.34444054  0.36238157  0.36845868  0.36238157  0.38699151  0.38076282  0.32691912  0.39327242  0.03827470  0.03827470  0.00000000  0.00374067  0.13899843  0.13899843  0.14803679  0.19979634  0.19011562  0.16180212  0.12124242  0.11686840  0.12564213  0.12564213  0.10389751  0.10819624  
17_0_0     0.35635336  0.36238157  0.36845868  0.33855441  0.35635336  0.37458549  0.36845868  0.39327242  0.38699151  0.32116854  0.38699151  0.03435803  0.03435803  0.00374067  0.00000000  0.13451982  0.13451982  0.14350398  0.19494034  0.19494034  0.15718552  0.12564213  0.12124242  0.12124242  0.12124242  0.09962331  0.10389751  
13_3_0     0.31546176  0.30979813  0.32691912  0.32116854  0.36238157  0.40599445  0.41243741  0.39960643  0.39327242  0.34444054  0.36845868  0.12564213  0.13451982  0.13899843  0.13451982  0.00000000  0.00000000  0.09537336  0.20468402  0.14803679  0.16180212  0.13006782  0.12564213  0.13451982  0.13451982  0.10389751  0.09962331  
19_3_0     0.31546176  0.30979813  0.32691912  0.32116854  0.36238157  0.40599445  0.41243741  0.39960643  0.39327242  0.34444054  0.36845868  0.12564213  0.13451982  0.13899843  0.13451982  0.00000000  0.00000000  0.09537336  0.20468402  0.14803679  0.16180212  0.13006782  0.12564213  0.13451982  0.13451982  0.10389751  0.09962331  
20_3_0     0.34444054  0.35037327  0.36845868  0.35635336  0.36845868  0.40599445  0.41243741  0.42549198  0.41893626  0.35635336  0.39960643  0.13899843  0.14803679  0.14803679  0.14350398  0.09537336  0.09537336  0.00000000  0.21455609  0.19494034  0.20960379  0.13899843  0.13451982  0.14350398  0.14350398  0.12124242  0.11686840  
16_0_0     0.47306219  0.48011139  0.48011139  0.40599445  0.47306219  0.46607870  0.45915971  0.47306219  0.46607870  0.40599445  0.45915971  0.18055840  0.19979634  0.19979634  0.19494034  0.20468402  0.20468402  0.21455609  0.00000000  0.20960379  0.21954134  0.17582512  0.18055840  0.19979634  0.19979634  0.15259719  0.15718552  
16_7_0     0.39327242  0.39960643  0.40599445  0.34444054  0.38699151  0.41893626  0.42549198  0.41893626  0.41243741  0.36845868  0.37458549  0.19011562  0.20960379  0.19011562  0.19494034  0.14803679  0.14803679  0.19494034  0.20960379  0.00000000  0.23982085  0.19494034  0.19011562  0.20960379  0.20960379  0.17112157  0.17582512  
20_0_0     0.41893626  0.42549198  0.43210557  0.39327242  0.42549198  0.45230403  0.45915971  0.46607870  0.45915971  0.38699151  0.43210557  0.15718552  0.16644735  0.16180212  0.15718552  0.16180212  0.16180212  0.20960379  0.21954134  0.23982085  0.00000000  0.17112157  0.16644735  0.16644735  0.16644735  0.15259719  0.15718552  
19_5_0     0.36845868  0.37458549  0.36845868  0.32691912  0.35635336  0.37458549  0.36845868  0.39327242  0.38699151  0.33271418  0.39327242  0.11686840  0.11686840  0.12124242  0.12564213  0.13006782  0.13006782  0.13899843  0.17582512  0.19494034  0.17112157  0.00000000  0.00374067  0.04221196  0.04221196  0.03827470  0.04221196  
13_5_0     0.36238157  0.36845868  0.36238157  0.33271418  0.36238157  0.38076282  0.37458549  0.38699151  0.38076282  0.33271418  0.38699151  0.11251977  0.11251977  0.11686840  0.12124242  0.12564213  0.12564213  0.13451982  0.18055840  0.19011562  0.16644735  0.00374067  0.00000000  0.03827470  0.03827470  0.03435803  0.03827470  
19_4_0     0.32116854  0.32691912  0.32116854  0.29305969  0.32691912  0.36845868  0.36238157  0.37458549  0.36845868  0.32116854  0.40599445  0.11251977  0.11251977  0.12564213  0.12124242  0.13451982  0.13451982  0.14350398  0.19979634  0.20960379  0.16644735  0.04221196  0.03827470  0.00000000  0.00000000  0.05817123  0.06221474  
13_4_0     0.32116854  0.32691912  0.32116854  0.29305969  0.32691912  0.36845868  0.36238157  0.37458549  0.36845868  0.32116854  0.40599445  0.11251977  0.11251977  0.12564213  0.12124242  0.13451982  0.13451982  0.14350398  0.19979634  0.20960379  0.16644735  0.04221196  0.03827470  0.00000000  0.00000000  0.05817123  0.06221474  
19_0_0     0.36845868  0.37458549  0.36845868  0.33855441  0.35635336  0.38699151  0.38076282  0.39327242  0.38699151  0.32691912  0.38699151  0.09114738  0.09114738  0.10389751  0.09962331  0.10389751  0.10389751  0.12124242  0.15259719  0.17112157  0.15259719  0.03827470  0.03435803  0.05817123  0.05817123  0.00000000  0.00750010  
13_0_0     0.36238157  0.36845868  0.36238157  0.34444054  0.35037327  0.38076282  0.37458549  0.38699151  0.38076282  0.32116854  0.38076282  0.09537336  0.09537336  0.10819624  0.10389751  0.09962331  0.09962331  0.11686840  0.15718552  0.17582512  0.15718552  0.04221196  0.03827470  0.06221474  0.06221474  0.00750010  0.00000000  

