20
16_0_0     0.00000000  0.07282863  0.11796583  0.05659798  0.05659798  0.05659798  0.63962663  0.62781258  0.62781258  0.68889711  0.65163541  0.65163541  0.74174281  0.68889711  0.70175355  0.70175355  0.70175355  0.74174281  0.72816771  0.78405510  
20_0_0     0.07282863  0.00000000  0.12970102  0.05659798  0.05659798  0.05659798  0.60474410  0.58238368  0.58238368  0.63962663  0.60474410  0.60474410  0.75557566  0.70175355  0.71484093  0.71484093  0.71484093  0.72816771  0.74174281  0.79872347  
19_0_0     0.11796583  0.12970102  0.00000000  0.08942911  0.08942911  0.08942911  0.68889711  0.66384545  0.66384545  0.70175355  0.66384545  0.66384545  0.76967624  0.71484093  0.75557566  0.75557566  0.72816771  0.71484093  0.75557566  0.81369324  
17_0_0     0.05659798  0.05659798  0.08942911  0.00000000  0.00000000  0.00000000  0.66384545  0.63962663  0.63962663  0.67626361  0.66384545  0.66384545  0.78405510  0.70175355  0.74174281  0.74174281  0.74174281  0.75557566  0.76967624  0.82897705  
18_0_0     0.05659798  0.05659798  0.08942911  0.00000000  0.00000000  0.00000000  0.66384545  0.63962663  0.63962663  0.67626361  0.66384545  0.66384545  0.78405510  0.70175355  0.74174281  0.74174281  0.74174281  0.75557566  0.76967624  0.82897705  
15_0_0     0.05659798  0.05659798  0.08942911  0.00000000  0.00000000  0.00000000  0.66384545  0.63962663  0.63962663  0.67626361  0.66384545  0.66384545  0.78405510  0.70175355  0.74174281  0.74174281  0.74174281  0.75557566  0.76967624  0.82897705  
11_0_0     0.63962663  0.60474410  0.68889711  0.66384545  0.66384545  0.66384545  0.00000000  0.02518272  0.02518272  0.06196812  0.04597500  0.04597500  0.24480477  0.28029254  0.25879314  0.25879314  0.26588935  0.35691676  0.28760234  0.25879314  
14_0_0     0.62781258  0.58238368  0.66384545  0.63962663  0.63962663  0.63962663  0.02518272  0.00000000  0.00000000  0.04597500  0.03032543  0.03032543  0.24480477  0.27305535  0.25879314  0.25879314  0.25176538  0.33307169  0.27305535  0.24480477  
2_0_0      0.62781258  0.58238368  0.66384545  0.63962663  0.63962663  0.63962663  0.02518272  0.00000000  0.00000000  0.04597500  0.03032543  0.03032543  0.24480477  0.27305535  0.25879314  0.25879314  0.25176538  0.33307169  0.27305535  0.24480477  
13_0_0     0.68889711  0.63962663  0.70175355  0.67626361  0.67626361  0.67626361  0.06196812  0.04597500  0.04597500  0.00000000  0.03032543  0.03032543  0.25879314  0.28760234  0.27305535  0.27305535  0.28029254  0.34888138  0.30244571  0.27305535  
6_0_0      0.65163541  0.60474410  0.66384545  0.66384545  0.66384545  0.66384545  0.04597500  0.03032543  0.03032543  0.03032543  0.00000000  0.00000000  0.25176538  0.28029254  0.26588935  0.26588935  0.27305535  0.34093365  0.29498622  0.26588935  
3_0_0      0.65163541  0.60474410  0.66384545  0.66384545  0.66384545  0.66384545  0.04597500  0.03032543  0.03032543  0.03032543  0.00000000  0.00000000  0.25176538  0.28029254  0.26588935  0.26588935  0.27305535  0.34093365  0.29498622  0.26588935  
8_0_0      0.74174281  0.75557566  0.76967624  0.78405510  0.78405510  0.78405510  0.24480477  0.24480477  0.24480477  0.25879314  0.25176538  0.25176538  0.00000000  0.03550469  0.02518272  0.02518272  0.02518272  0.12380980  0.04072104  0.04597500  
5_0_0      0.68889711  0.70175355  0.71484093  0.70175355  0.70175355  0.70175355  0.28029254  0.27305535  0.27305535  0.28760234  0.28029254  0.28029254  0.03550469  0.00000000  0.02007606  0.02007606  0.03032543  0.11796583  0.04597500  0.08385349  
10_0_0     0.70175355  0.71484093  0.75557566  0.74174281  0.74174281  0.74174281  0.25879314  0.25879314  0.25879314  0.27305535  0.26588935  0.26588935  0.02518272  0.02007606  0.00000000  0.00996888  0.02007606  0.11796583  0.03550469  0.07282863  
7_0_0      0.70175355  0.71484093  0.75557566  0.74174281  0.74174281  0.74174281  0.25879314  0.25879314  0.25879314  0.27305535  0.26588935  0.26588935  0.02518272  0.02007606  0.00996888  0.00000000  0.02007606  0.10641667  0.03550469  0.06196812  
1_0_0      0.70175355  0.71484093  0.72816771  0.74174281  0.74174281  0.74174281  0.26588935  0.25176538  0.25176538  0.28029254  0.27305535  0.27305535  0.02518272  0.03032543  0.02007606  0.02007606  0.00000000  0.10641667  0.02518272  0.06196812  
4_0_0      0.74174281  0.72816771  0.71484093  0.75557566  0.75557566  0.75557566  0.35691676  0.33307169  0.33307169  0.34888138  0.34093365  0.34093365  0.12380980  0.11796583  0.11796583  0.10641667  0.10641667  0.00000000  0.11216837  0.14162833  
12_0_0     0.72816771  0.74174281  0.75557566  0.76967624  0.76967624  0.76967624  0.28760234  0.27305535  0.27305535  0.30244571  0.29498622  0.29498622  0.04072104  0.04597500  0.03550469  0.03550469  0.02518272  0.11216837  0.00000000  0.07832020  
9_0_0      0.78405510  0.79872347  0.81369324  0.82897705  0.82897705  0.82897705  0.25879314  0.24480477  0.24480477  0.27305535  0.26588935  0.26588935  0.04597500  0.08385349  0.07282863  0.06196812  0.06196812  0.14162833  0.07832020  0.00000000  

