20
6_0_0      0.00000000  0.06100286  0.17681534  0.13673516  0.15609560  0.14220142  0.14220142  0.14220142  0.14157100  0.15536437  0.24052283  0.23221384  0.26021974  0.26021974  0.27756346  0.27756346  0.29729580  0.26163670  0.28987361  0.29359202  
14_0_0     0.06100286  0.00000000  0.23650680  0.17039762  0.17598353  0.16168682  0.16168682  0.16168682  0.18982975  0.18982975  0.30855581  0.29912518  0.34943703  0.34943703  0.37007790  0.37007790  0.36192475  0.32188703  0.34821687  0.34821687  
16_0_0     0.17681534  0.23650680  0.00000000  0.25177400  0.26605238  0.25761034  0.25761034  0.25761034  0.26478603  0.26478603  0.34943703  0.33943547  0.37167922  0.37167922  0.39274374  0.39274374  0.35338639  0.36348371  0.38666104  0.38073575  
20_0_0     0.13673516  0.17039762  0.25177400  0.00000000  0.12387693  0.11063633  0.11063633  0.11063633  0.09726895  0.11007245  0.24200234  0.23362007  0.27914013  0.27914013  0.27914013  0.27914013  0.26312833  0.22960872  0.23087668  0.23362007  
5_0_0      0.15609560  0.17598353  0.26605238  0.12387693  0.00000000  0.01064168  0.01064168  0.01064168  0.05539408  0.06726568  0.30103562  0.29169312  0.30663377  0.30663377  0.30663377  0.30663377  0.29912518  0.27188132  0.30663377  0.31056075  
12_0_0     0.14220142  0.16168682  0.25761034  0.11063633  0.01064168  0.00000000  0.00000000  0.00000000  0.04380485  0.05539408  0.30103562  0.29169312  0.30663377  0.30663377  0.30663377  0.30663377  0.29912518  0.27188132  0.30663377  0.31056075  
4_0_0      0.14220142  0.16168682  0.25761034  0.11063633  0.01064168  0.00000000  0.00000000  0.00000000  0.04380485  0.05539408  0.30103562  0.29169312  0.30663377  0.30663377  0.30663377  0.30663377  0.29912518  0.27188132  0.30663377  0.31056075  
10_0_0     0.14220142  0.16168682  0.25761034  0.11063633  0.01064168  0.00000000  0.00000000  0.00000000  0.04380485  0.05539408  0.30103562  0.29169312  0.30663377  0.30663377  0.30663377  0.30663377  0.29912518  0.27188132  0.30663377  0.31056075  
11_0_0     0.14157100  0.18982975  0.26478603  0.09726895  0.05539408  0.04380485  0.04380485  0.04380485  0.00000000  0.01064168  0.28079443  0.27188132  0.28647245  0.28647245  0.28647245  0.28647245  0.29729580  0.27030983  0.30479449  0.30855581  
17_0_0     0.15536437  0.18982975  0.26478603  0.11007245  0.06726568  0.05539408  0.05539408  0.05539408  0.01064168  0.00000000  0.29912518  0.28987361  0.30479449  0.30479449  0.30479449  0.30479449  0.31615420  0.28813341  0.32383246  0.32798293  
2_0_0      0.24052283  0.30855581  0.34943703  0.24200234  0.30103562  0.30103562  0.30103562  0.30103562  0.28079443  0.29912518  0.00000000  0.00529179  0.07836921  0.07836921  0.09060788  0.09060788  0.10362865  0.06665895  0.08518792  0.07372776  
3_0_0      0.23221384  0.29912518  0.33943547  0.23362007  0.29169312  0.29169312  0.29169312  0.29169312  0.27188132  0.28987361  0.00529179  0.00000000  0.07836921  0.07836921  0.09060788  0.09060788  0.10362865  0.06665895  0.07902819  0.06764301  
1_0_0      0.26021974  0.34943703  0.37167922  0.27914013  0.30663377  0.30663377  0.30663377  0.30663377  0.28647245  0.30479449  0.07836921  0.07836921  0.00000000  0.00000000  0.01064168  0.01064168  0.07867320  0.05493380  0.10238945  0.09060788  
7_0_0      0.26021974  0.34943703  0.37167922  0.27914013  0.30663377  0.30663377  0.30663377  0.30663377  0.28647245  0.30479449  0.07836921  0.07836921  0.00000000  0.00000000  0.01064168  0.01064168  0.07867320  0.05493380  0.10238945  0.09060788  
9_0_0      0.27756346  0.37007790  0.39274374  0.27914013  0.30663377  0.30663377  0.30663377  0.30663377  0.28647245  0.30479449  0.09060788  0.09060788  0.01064168  0.01064168  0.00000000  0.00000000  0.09099118  0.06665895  0.11510310  0.10316189  
13_0_0     0.27756346  0.37007790  0.39274374  0.27914013  0.30663377  0.30663377  0.30663377  0.30663377  0.28647245  0.30479449  0.09060788  0.09060788  0.01064168  0.01064168  0.00000000  0.00000000  0.09099118  0.06665895  0.11510310  0.10316189  
15_0_0     0.29729580  0.36192475  0.35338639  0.26312833  0.29912518  0.29912518  0.29912518  0.29912518  0.29729580  0.31615420  0.10362865  0.10362865  0.07867320  0.07867320  0.09099118  0.09099118  0.00000000  0.05513960  0.10910628  0.10362865  
19_0_0     0.26163670  0.32188703  0.36348371  0.22960872  0.27188132  0.27188132  0.27188132  0.27188132  0.27030983  0.28813341  0.06665895  0.06665895  0.05493380  0.05493380  0.06665895  0.06665895  0.05513960  0.00000000  0.06042682  0.05493380  
18_0_0     0.28987361  0.34821687  0.38666104  0.23087668  0.30663377  0.30663377  0.30663377  0.30663377  0.30479449  0.32383246  0.08518792  0.07902819  0.10238945  0.10238945  0.11510310  0.11510310  0.10910628  0.06042682  0.00000000  0.01061249  
8_0_0      0.29359202  0.34821687  0.38073575  0.23362007  0.31056075  0.31056075  0.31056075  0.31056075  0.30855581  0.32798293  0.07372776  0.06764301  0.09060788  0.09060788  0.10316189  0.10316189  0.10362865  0.05493380  0.01061249  0.00000000  

