20
6_0_0      0.00000000  0.07941080  0.18406584  0.15400678  0.20575615  0.19811495  0.19059129  0.19059129  0.22028103  0.24453046  0.26714790  0.26714790  0.31965724  0.31965724  0.31965724  0.31965724  0.30270598  0.27579801  0.25864811  0.25029352  
14_0_0     0.07941080  0.00000000  0.22385824  0.21146356  0.25288834  0.24453046  0.23631300  0.23631300  0.28617582  0.31385111  0.26581190  0.26581190  0.32738042  0.32738042  0.32738042  0.32738042  0.30104231  0.27438446  0.27438446  0.24910478  
16_0_0     0.18406584  0.22385824  0.00000000  0.21464548  0.29324398  0.28401306  0.27495313  0.27495313  0.31017432  0.33982700  0.25029352  0.25029352  0.32923730  0.32923730  0.32923730  0.32923730  0.26714790  0.24207924  0.25864811  0.25029352  
20_0_0     0.15400678  0.21146356  0.21464548  0.00000000  0.11782117  0.13822015  0.13132553  0.13132553  0.15854722  0.16579844  0.19911671  0.19911671  0.23757381  0.23757381  0.23757381  0.23757381  0.23068350  0.20681947  0.19911671  0.19153338  
5_0_0      0.20575615  0.25288834  0.29324398  0.11782117  0.00000000  0.01604996  0.01064124  0.01064124  0.11782117  0.12452674  0.24030385  0.24030385  0.31017432  0.31017432  0.31017432  0.31017432  0.26605798  0.24030385  0.24030385  0.21583826  
12_0_0     0.19811495  0.24453046  0.28401306  0.13822015  0.01604996  0.00000000  0.00529168  0.00529168  0.12452674  0.14521335  0.26605798  0.26605798  0.33982700  0.33982700  0.33982700  0.33982700  0.29324398  0.26605798  0.26605798  0.24030385  
4_0_0      0.19059129  0.23631300  0.27495313  0.13132553  0.01064124  0.00529168  0.00000000  0.00000000  0.11782117  0.13822015  0.25732172  0.25732172  0.32974170  0.32974170  0.32974170  0.32974170  0.28401306  0.25732172  0.25732172  0.23201192  
10_0_0     0.19059129  0.23631300  0.27495313  0.13132553  0.01064124  0.00529168  0.00000000  0.00000000  0.11782117  0.13822015  0.25732172  0.25732172  0.32974170  0.32974170  0.32974170  0.32974170  0.28401306  0.25732172  0.25732172  0.23201192  
11_0_0     0.22028103  0.28617582  0.31017432  0.15854722  0.11782117  0.12452674  0.11782117  0.11782117  0.00000000  0.01604996  0.26442905  0.26442905  0.28049766  0.28049766  0.28049766  0.28049766  0.29135976  0.26442905  0.26442905  0.25577189  
17_0_0     0.24453046  0.31385111  0.33982700  0.16579844  0.12452674  0.14521335  0.13822015  0.13822015  0.01604996  0.00000000  0.27324222  0.27324222  0.25429408  0.25429408  0.25429408  0.25429408  0.28221710  0.27324222  0.27324222  0.26442905  
2_0_0      0.26714790  0.26581190  0.25029352  0.19911671  0.24030385  0.26605798  0.25732172  0.25732172  0.26442905  0.27324222  0.00000000  0.00000000  0.11120629  0.11120629  0.12452674  0.12452674  0.05568449  0.03830357  0.06161816  0.04402885  
3_0_0      0.26714790  0.26581190  0.25029352  0.19911671  0.24030385  0.26605798  0.25732172  0.25732172  0.26442905  0.27324222  0.00000000  0.00000000  0.11120629  0.11120629  0.12452674  0.12452674  0.05568449  0.03830357  0.06161816  0.04402885  
1_0_0      0.31965724  0.32738042  0.32923730  0.23757381  0.31017432  0.33982700  0.32974170  0.32974170  0.28049766  0.25429408  0.11120629  0.11120629  0.00000000  0.00000000  0.01064124  0.01064124  0.07941080  0.08560669  0.10467969  0.09823903  
7_0_0      0.31965724  0.32738042  0.32923730  0.23757381  0.31017432  0.33982700  0.32974170  0.32974170  0.28049766  0.25429408  0.11120629  0.11120629  0.00000000  0.00000000  0.01064124  0.01064124  0.07941080  0.08560669  0.10467969  0.09823903  
9_0_0      0.31965724  0.32738042  0.32923730  0.23757381  0.31017432  0.33982700  0.32974170  0.32974170  0.28049766  0.25429408  0.12452674  0.12452674  0.01064124  0.01064124  0.00000000  0.00000000  0.09188208  0.09823903  0.11782117  0.11120629  
13_0_0     0.31965724  0.32738042  0.32923730  0.23757381  0.31017432  0.33982700  0.32974170  0.32974170  0.28049766  0.25429408  0.12452674  0.12452674  0.01064124  0.01064124  0.00000000  0.00000000  0.09188208  0.09823903  0.11782117  0.11120629  
15_0_0     0.30270598  0.30104231  0.26714790  0.23068350  0.26605798  0.29324398  0.28401306  0.28401306  0.29135976  0.28221710  0.05568449  0.05568449  0.07941080  0.07941080  0.09188208  0.09188208  0.00000000  0.01604996  0.06161816  0.05568449  
19_0_0     0.27579801  0.27438446  0.24207924  0.20681947  0.24030385  0.26605798  0.25732172  0.25732172  0.26442905  0.27324222  0.03830357  0.03830357  0.08560669  0.08560669  0.09823903  0.09823903  0.01604996  0.00000000  0.04402885  0.03830357  
18_0_0     0.25864811  0.27438446  0.25864811  0.19911671  0.24030385  0.26605798  0.25732172  0.25732172  0.26442905  0.27324222  0.06161816  0.06161816  0.10467969  0.10467969  0.11782117  0.11782117  0.06161816  0.04402885  0.00000000  0.01604996  
8_0_0      0.25029352  0.24910478  0.25029352  0.19153338  0.21583826  0.24030385  0.23201192  0.23201192  0.25577189  0.26442905  0.04402885  0.04402885  0.09823903  0.09823903  0.11120629  0.11120629  0.05568449  0.03830357  0.01604996  0.00000000  

