170
98_40_0    0.00000000  0.04086987  0.05502373  0.48062770  0.53408929  0.43085187  0.43085187  0.41892601  0.43085187  0.59182645  0.56238112  0.44297796  0.44297796  0.46785848  0.39564923  0.39564923  0.40719386  0.43085187  0.44297796  0.43085187  0.43085187  0.48062770  0.45531109  0.48062770  0.53408929  0.52034837  0.43085187  0.49362672  0.46785848  0.48062770  0.46785848  0.46785848  0.49362672  0.49362672  0.44297796  0.57695375  0.52034837  0.46785848  0.45531109  0.44297796  0.49362672  0.49362672  0.48062770  0.52034837  0.45531109  0.40719386  0.41892601  0.40719386  0.46785848  0.41892601  0.38428622  0.36208282  0.29929576  0.34054164  0.33000727  0.33000727  0.37309921  0.35123193  0.43085187  0.31962433  0.49362672  0.49362672  0.43085187  0.45531109  0.44297796  0.37309921  0.37309921  0.36208282  0.37309921  0.35123193  0.59182645  0.60701185  0.62252336  0.59182645  0.54809669  0.41892601  0.50686398  0.46785848  0.46785848  0.48062770  0.50686398  0.48062770  0.48062770  0.46785848  0.44297796  0.44297796  0.45531109  0.43085187  0.44297796  0.45531109  0.48062770  0.54809669  0.53408929  0.54809669  0.50686398  0.37309921  0.40719386  0.48062770  0.45531109  0.45531109  0.45531109  0.46785848  0.46785848  0.46785848  0.35123193  0.35123193  0.34054164  0.35123193  0.37309921  0.37309921  0.38428622  0.38428622  0.44297796  0.34054164  0.34054164  0.34054164  0.34054164  0.37309921  0.37309921  0.37309921  0.36208282  0.48062770  0.43085187  0.36208282  0.43085187  0.39564923  0.36208282  0.36208282  0.41892601  0.43085187  0.37309921  0.34054164  0.38428622  0.38428622  0.34054164  0.34054164  0.40719386  0.37309921  0.35123193  0.35123193  0.35123193  0.29929576  0.34054164  0.30938853  0.33000727  0.35123193  0.35123193  0.38428622  0.33000727  0.31962433  0.31962433  0.37309921  0.41892601  0.43085187  0.44297796  0.48062770  0.40719386  0.38428622  0.40719386  0.45531109  0.48062770  0.44297796  0.43085187  0.40719386  0.40719386  0.40719386  0.41892601  0.41892601  0.43085187  0.44297796  
98_0_0     0.04086987  0.00000000  0.06946050  0.45531109  0.50686398  0.38428622  0.40719386  0.44297796  0.45531109  0.62252336  0.59182645  0.48062770  0.48062770  0.50686398  0.40719386  0.40719386  0.41892601  0.38428622  0.39564923  0.38428622  0.38428622  0.45531109  0.41892601  0.46785848  0.52034837  0.50686398  0.41892601  0.48062770  0.45531109  0.46785848  0.45531109  0.48062770  0.48062770  0.48062770  0.45531109  0.56238112  0.50686398  0.48062770  0.44297796  0.45531109  0.50686398  0.48062770  0.44297796  0.48062770  0.44297796  0.39564923  0.40719386  0.39564923  0.45531109  0.40719386  0.39564923  0.37309921  0.30938853  0.33000727  0.31962433  0.31962433  0.36208282  0.34054164  0.44297796  0.33000727  0.49362672  0.46785848  0.43085187  0.43085187  0.45531109  0.40719386  0.40719386  0.37309921  0.38428622  0.38428622  0.57695375  0.59182645  0.60701185  0.60701185  0.53408929  0.44297796  0.52034837  0.45531109  0.45531109  0.46785848  0.49362672  0.54809669  0.49362672  0.48062770  0.40719386  0.40719386  0.41892601  0.39564923  0.40719386  0.41892601  0.44297796  0.50686398  0.49362672  0.50686398  0.46785848  0.34054164  0.44297796  0.54809669  0.52034837  0.45531109  0.45531109  0.46785848  0.49362672  0.43085187  0.36208282  0.36208282  0.35123193  0.36208282  0.40719386  0.40719386  0.40719386  0.41892601  0.40719386  0.33000727  0.33000727  0.33000727  0.35123193  0.38428622  0.36208282  0.36208282  0.35123193  0.44297796  0.43085187  0.39564923  0.46785848  0.43085187  0.37309921  0.37309921  0.40719386  0.41892601  0.38428622  0.35123193  0.37309921  0.37309921  0.33000727  0.33000727  0.39564923  0.36208282  0.34054164  0.34054164  0.34054164  0.28934207  0.33000727  0.29929576  0.31962433  0.36208282  0.36208282  0.39564923  0.36208282  0.33000727  0.33000727  0.36208282  0.40719386  0.41892601  0.43085187  0.46785848  0.41892601  0.41892601  0.44297796  0.46785848  0.49362672  0.45531109  0.44297796  0.41892601  0.41892601  0.41892601  0.43085187  0.43085187  0.49362672  0.50686398  
60_0_0     0.05502373  0.06946050  0.00000000  0.44297796  0.49362672  0.39564923  0.39564923  0.43085187  0.44297796  0.57695375  0.54809669  0.44297796  0.44297796  0.46785848  0.46785848  0.46785848  0.48062770  0.44297796  0.45531109  0.44297796  0.41892601  0.46785848  0.46785848  0.45531109  0.50686398  0.52034837  0.45531109  0.43085187  0.40719386  0.41892601  0.40719386  0.48062770  0.45531109  0.45531109  0.40719386  0.53408929  0.45531109  0.43085187  0.41892601  0.43085187  0.45531109  0.43085187  0.41892601  0.45531109  0.41892601  0.39564923  0.38428622  0.37309921  0.43085187  0.38428622  0.37309921  0.35123193  0.30938853  0.30938853  0.31962433  0.29929576  0.34054164  0.31962433  0.44297796  0.30938853  0.52034837  0.49362672  0.38428622  0.40719386  0.45531109  0.40719386  0.40719386  0.37309921  0.38428622  0.40719386  0.60701185  0.62252336  0.63837532  0.60701185  0.54809669  0.41892601  0.50686398  0.46785848  0.46785848  0.48062770  0.50686398  0.52034837  0.49362672  0.50686398  0.38428622  0.38428622  0.41892601  0.39564923  0.40719386  0.41892601  0.43085187  0.59182645  0.57695375  0.59182645  0.54809669  0.36208282  0.46785848  0.54809669  0.52034837  0.45531109  0.45531109  0.46785848  0.49362672  0.48062770  0.38428622  0.38428622  0.37309921  0.36208282  0.43085187  0.40719386  0.40719386  0.44297796  0.41892601  0.30938853  0.30938853  0.30938853  0.35123193  0.38428622  0.29929576  0.31962433  0.28934207  0.46785848  0.41892601  0.34054164  0.43085187  0.39564923  0.38428622  0.38428622  0.35123193  0.36208282  0.35123193  0.34054164  0.34054164  0.34054164  0.27952369  0.27952369  0.31962433  0.30938853  0.30938853  0.30938853  0.28934207  0.24153275  0.27952369  0.26983699  0.28934207  0.30938853  0.30938853  0.34054164  0.30938853  0.27952369  0.27952369  0.30938853  0.37309921  0.36208282  0.37309921  0.43085187  0.36208282  0.34054164  0.38428622  0.38428622  0.40719386  0.41892601  0.40719386  0.38428622  0.38428622  0.40719386  0.39564923  0.39564923  0.43085187  0.44297796  
51_41_0    0.48062770  0.45531109  0.44297796  0.00000000  0.15447387  0.13027862  0.07678855  0.07678855  0.06946050  0.22326126  0.18804901  0.43085187  0.43085187  0.44297796  0.44297796  0.44297796  0.44297796  0.26027847  0.27952369  0.24153275  0.26027847  0.37309921  0.36208282  0.29929576  0.34054164  0.38428622  0.30938853  0.52034837  0.52034837  0.53408929  0.52034837  0.56238112  0.57695375  0.54809669  0.53408929  0.53408929  0.63837532  0.40719386  0.38428622  0.41892601  0.48062770  0.38428622  0.37309921  0.38428622  0.37309921  0.45531109  0.43085187  0.41892601  0.45531109  0.45531109  0.48062770  0.41892601  0.46785848  0.37309921  0.38428622  0.38428622  0.40719386  0.40719386  0.49362672  0.35123193  0.52034837  0.57695375  0.52034837  0.52034837  0.63837532  0.56238112  0.56238112  0.54809669  0.56238112  0.56238112  0.54809669  0.54809669  0.56238112  0.59182645  0.49362672  0.38428622  0.48062770  0.45531109  0.45531109  0.48062770  0.48062770  0.54809669  0.45531109  0.52034837  0.45531109  0.45531109  0.45531109  0.46785848  0.45531109  0.48062770  0.46785848  0.50686398  0.49362672  0.50686398  0.46785848  0.43085187  0.43085187  0.49362672  0.52034837  0.54809669  0.54809669  0.53408929  0.57695375  0.45531109  0.44297796  0.44297796  0.43085187  0.41892601  0.53408929  0.48062770  0.48062770  0.57695375  0.45531109  0.39564923  0.39564923  0.39564923  0.38428622  0.37309921  0.38428622  0.39564923  0.37309921  0.45531109  0.44297796  0.36208282  0.39564923  0.39564923  0.35123193  0.36208282  0.36208282  0.36208282  0.33000727  0.36208282  0.40719386  0.40719386  0.41892601  0.44297796  0.38428622  0.41892601  0.38428622  0.38428622  0.40719386  0.36208282  0.36208282  0.35123193  0.37309921  0.36208282  0.36208282  0.31962433  0.39564923  0.35123193  0.35123193  0.33000727  0.45531109  0.41892601  0.43085187  0.46785848  0.40719386  0.43085187  0.45531109  0.46785848  0.44297796  0.48062770  0.45531109  0.40719386  0.40719386  0.44297796  0.45531109  0.45531109  0.60701185  0.60701185  
99_41_0    0.53408929  0.50686398  0.49362672  0.15447387  0.00000000  0.18804901  0.14631840  0.13825399  0.14631840  0.30938853  0.28934207  0.53408929  0.53408929  0.54809669  0.53408929  0.53408929  0.54809669  0.41892601  0.44297796  0.39564923  0.41892601  0.46785848  0.50686398  0.43085187  0.39564923  0.41892601  0.41892601  0.54809669  0.54809669  0.53408929  0.54809669  0.59182645  0.56238112  0.54809669  0.57695375  0.57695375  0.59182645  0.50686398  0.48062770  0.49362672  0.50686398  0.43085187  0.41892601  0.45531109  0.41892601  0.52034837  0.49362672  0.48062770  0.52034837  0.52034837  0.54809669  0.46785848  0.49362672  0.40719386  0.46785848  0.44297796  0.41892601  0.41892601  0.41892601  0.39564923  0.50686398  0.52034837  0.49362672  0.52034837  0.65458299  0.59182645  0.59182645  0.56238112  0.57695375  0.59182645  0.53408929  0.53408929  0.54809669  0.57695375  0.48062770  0.46785848  0.46785848  0.45531109  0.45531109  0.53408929  0.52034837  0.62252336  0.59182645  0.59182645  0.56238112  0.56238112  0.54809669  0.57695375  0.59182645  0.59182645  0.57695375  0.59182645  0.60701185  0.62252336  0.57695375  0.46785848  0.52034837  0.46785848  0.49362672  0.56238112  0.56238112  0.54809669  0.59182645  0.48062770  0.46785848  0.46785848  0.45531109  0.44297796  0.53408929  0.50686398  0.53408929  0.63837532  0.49362672  0.41892601  0.44297796  0.44297796  0.44297796  0.40719386  0.41892601  0.43085187  0.40719386  0.49362672  0.41892601  0.38428622  0.38428622  0.43085187  0.43085187  0.44297796  0.41892601  0.44297796  0.39564923  0.40719386  0.45531109  0.45531109  0.46785848  0.46785848  0.41892601  0.46785848  0.41892601  0.39564923  0.44297796  0.40719386  0.40719386  0.39564923  0.43085187  0.43085187  0.43085187  0.38428622  0.44297796  0.44297796  0.44297796  0.39564923  0.52034837  0.48062770  0.49362672  0.53408929  0.48062770  0.50686398  0.53408929  0.54809669  0.53408929  0.56238112  0.56238112  0.50686398  0.50686398  0.52034837  0.53408929  0.53408929  0.70550948  0.70550948  
88_41_0    0.43085187  0.38428622  0.39564923  0.13027862  0.18804901  0.00000000  0.04791213  0.10686765  0.11458730  0.26027847  0.24153275  0.45531109  0.45531109  0.44297796  0.43085187  0.43085187  0.43085187  0.30938853  0.33000727  0.30938853  0.33000727  0.37309921  0.39564923  0.33000727  0.34054164  0.36208282  0.35123193  0.48062770  0.48062770  0.49362672  0.48062770  0.56238112  0.50686398  0.48062770  0.46785848  0.54809669  0.59182645  0.41892601  0.37309921  0.38428622  0.43085187  0.38428622  0.31962433  0.35123193  0.31962433  0.44297796  0.41892601  0.38428622  0.41892601  0.41892601  0.45531109  0.37309921  0.45531109  0.36208282  0.37309921  0.35123193  0.37309921  0.36208282  0.48062770  0.34054164  0.46785848  0.49362672  0.45531109  0.45531109  0.63837532  0.49362672  0.49362672  0.49362672  0.50686398  0.50686398  0.53408929  0.53408929  0.54809669  0.57695375  0.44297796  0.39564923  0.39564923  0.38428622  0.38428622  0.43085187  0.40719386  0.62252336  0.48062770  0.50686398  0.45531109  0.45531109  0.45531109  0.45531109  0.44297796  0.46785848  0.45531109  0.54809669  0.53408929  0.54809669  0.50686398  0.34054164  0.45531109  0.43085187  0.43085187  0.53408929  0.53408929  0.52034837  0.56238112  0.46785848  0.37309921  0.37309921  0.36208282  0.35123193  0.46785848  0.41892601  0.41892601  0.52034837  0.40719386  0.31962433  0.34054164  0.34054164  0.35123193  0.34054164  0.37309921  0.38428622  0.36208282  0.44297796  0.41892601  0.29929576  0.35123193  0.37309921  0.35123193  0.36208282  0.35123193  0.36208282  0.30938853  0.34054164  0.38428622  0.38428622  0.37309921  0.37309921  0.34054164  0.37309921  0.35123193  0.33000727  0.35123193  0.30938853  0.33000727  0.31962433  0.34054164  0.36208282  0.36208282  0.34054164  0.34054164  0.35123193  0.35123193  0.31962433  0.40719386  0.39564923  0.40719386  0.44297796  0.43085187  0.45531109  0.48062770  0.49362672  0.46785848  0.45531109  0.43085187  0.43085187  0.43085187  0.46785848  0.48062770  0.48062770  0.53408929  0.54809669  
74_41_0    0.43085187  0.40719386  0.39564923  0.07678855  0.14631840  0.04791213  0.00000000  0.05502373  0.06220604  0.23233923  0.21429596  0.43085187  0.43085187  0.44297796  0.44297796  0.44297796  0.44297796  0.30938853  0.33000727  0.30938853  0.33000727  0.37309921  0.37309921  0.28934207  0.34054164  0.38428622  0.33000727  0.48062770  0.48062770  0.49362672  0.48062770  0.53408929  0.53408929  0.50686398  0.49362672  0.54809669  0.62252336  0.37309921  0.35123193  0.36208282  0.40719386  0.36208282  0.31962433  0.35123193  0.31962433  0.44297796  0.41892601  0.40719386  0.44297796  0.44297796  0.45531109  0.39564923  0.48062770  0.36208282  0.37309921  0.37309921  0.37309921  0.36208282  0.46785848  0.34054164  0.46785848  0.54809669  0.48062770  0.48062770  0.60701185  0.52034837  0.52034837  0.52034837  0.53408929  0.50686398  0.50686398  0.50686398  0.52034837  0.54809669  0.41892601  0.37309921  0.39564923  0.38428622  0.38428622  0.43085187  0.40719386  0.56238112  0.45531109  0.50686398  0.45531109  0.45531109  0.45531109  0.45531109  0.44297796  0.46785848  0.45531109  0.52034837  0.50686398  0.52034837  0.48062770  0.38428622  0.43085187  0.45531109  0.45531109  0.50686398  0.50686398  0.49362672  0.53408929  0.44297796  0.41892601  0.41892601  0.40719386  0.39564923  0.48062770  0.45531109  0.45531109  0.56238112  0.43085187  0.34054164  0.36208282  0.36208282  0.37309921  0.36208282  0.37309921  0.38428622  0.36208282  0.44297796  0.40719386  0.31962433  0.37309921  0.39564923  0.35123193  0.36208282  0.37309921  0.38428622  0.30938853  0.34054164  0.38428622  0.38428622  0.39564923  0.39564923  0.36208282  0.39564923  0.37309921  0.35123193  0.37309921  0.33000727  0.35123193  0.34054164  0.36208282  0.36208282  0.36208282  0.34054164  0.34054164  0.35123193  0.35123193  0.34054164  0.40719386  0.39564923  0.40719386  0.44297796  0.40719386  0.43085187  0.45531109  0.46785848  0.44297796  0.45531109  0.43085187  0.40719386  0.40719386  0.44297796  0.45531109  0.45531109  0.56238112  0.57695375  
88_42_0    0.41892601  0.44297796  0.43085187  0.07678855  0.13825399  0.10686765  0.05502373  0.00000000  0.00665306  0.23233923  0.19669245  0.41892601  0.41892601  0.43085187  0.41892601  0.41892601  0.44297796  0.31962433  0.34054164  0.31962433  0.34054164  0.43085187  0.39564923  0.34054164  0.36208282  0.37309921  0.33000727  0.52034837  0.52034837  0.50686398  0.52034837  0.52034837  0.53408929  0.50686398  0.50686398  0.46785848  0.65458299  0.38428622  0.38428622  0.39564923  0.48062770  0.37309921  0.37309921  0.40719386  0.37309921  0.45531109  0.43085187  0.41892601  0.48062770  0.45531109  0.45531109  0.39564923  0.44297796  0.35123193  0.36208282  0.36208282  0.38428622  0.37309921  0.45531109  0.31962433  0.46785848  0.50686398  0.48062770  0.48062770  0.62252336  0.50686398  0.50686398  0.52034837  0.53408929  0.50686398  0.48062770  0.48062770  0.49362672  0.52034837  0.48062770  0.36208282  0.40719386  0.41892601  0.41892601  0.44297796  0.44297796  0.53408929  0.41892601  0.46785848  0.46785848  0.46785848  0.46785848  0.49362672  0.50686398  0.50686398  0.49362672  0.49362672  0.48062770  0.49362672  0.45531109  0.39564923  0.38428622  0.41892601  0.44297796  0.54809669  0.54809669  0.53408929  0.54809669  0.48062770  0.40719386  0.40719386  0.39564923  0.38428622  0.44297796  0.44297796  0.48062770  0.52034837  0.44297796  0.35123193  0.37309921  0.37309921  0.34054164  0.33000727  0.36208282  0.37309921  0.35123193  0.43085187  0.39564923  0.30938853  0.35123193  0.35123193  0.33000727  0.34054164  0.38428622  0.38428622  0.30938853  0.34054164  0.39564923  0.39564923  0.40719386  0.43085187  0.37309921  0.43085187  0.36208282  0.34054164  0.38428622  0.35123193  0.35123193  0.34054164  0.36208282  0.37309921  0.37309921  0.33000727  0.36208282  0.36208282  0.36208282  0.35123193  0.45531109  0.41892601  0.43085187  0.46785848  0.37309921  0.39564923  0.41892601  0.45531109  0.43085187  0.44297796  0.41892601  0.39564923  0.39564923  0.43085187  0.44297796  0.44297796  0.50686398  0.52034837  
74_42_0    0.43085187  0.45531109  0.44297796  0.06946050  0.14631840  0.11458730  0.06220604  0.00665306  0.00000000  0.24153275  0.20544058  0.43085187  0.43085187  0.44297796  0.43085187  0.43085187  0.45531109  0.30938853  0.33000727  0.30938853  0.33000727  0.41892601  0.38428622  0.35123193  0.37309921  0.38428622  0.34054164  0.53408929  0.53408929  0.52034837  0.53408929  0.53408929  0.54809669  0.52034837  0.52034837  0.48062770  0.67116270  0.39564923  0.39564923  0.40719386  0.49362672  0.38428622  0.38428622  0.39564923  0.38428622  0.46785848  0.44297796  0.43085187  0.49362672  0.46785848  0.46785848  0.40719386  0.45531109  0.36208282  0.37309921  0.37309921  0.39564923  0.38428622  0.46785848  0.33000727  0.48062770  0.52034837  0.49362672  0.49362672  0.60701185  0.49362672  0.49362672  0.50686398  0.52034837  0.49362672  0.46785848  0.46785848  0.48062770  0.50686398  0.46785848  0.36208282  0.40719386  0.40719386  0.40719386  0.43085187  0.43085187  0.52034837  0.40719386  0.45531109  0.45531109  0.45531109  0.45531109  0.48062770  0.49362672  0.49362672  0.48062770  0.48062770  0.46785848  0.48062770  0.44297796  0.40719386  0.39564923  0.43085187  0.45531109  0.56238112  0.56238112  0.54809669  0.56238112  0.49362672  0.41892601  0.41892601  0.40719386  0.39564923  0.45531109  0.45531109  0.49362672  0.53408929  0.45531109  0.36208282  0.38428622  0.38428622  0.35123193  0.34054164  0.37309921  0.38428622  0.36208282  0.44297796  0.40719386  0.31962433  0.36208282  0.36208282  0.34054164  0.35123193  0.37309921  0.37309921  0.31962433  0.35123193  0.40719386  0.40719386  0.41892601  0.44297796  0.38428622  0.44297796  0.37309921  0.35123193  0.39564923  0.36208282  0.36208282  0.35123193  0.37309921  0.38428622  0.38428622  0.34054164  0.37309921  0.37309921  0.37309921  0.36208282  0.46785848  0.43085187  0.44297796  0.48062770  0.38428622  0.40719386  0.43085187  0.46785848  0.44297796  0.45531109  0.43085187  0.40719386  0.40719386  0.44297796  0.45531109  0.45531109  0.52034837  0.53408929  
88_0_0     0.59182645  0.62252336  0.57695375  0.22326126  0.30938853  0.26027847  0.23233923  0.23233923  0.24153275  0.00000000  0.04086987  0.49362672  0.49362672  0.48062770  0.49362672  0.49362672  0.48062770  0.31962433  0.31962433  0.31962433  0.31962433  0.43085187  0.43085187  0.44297796  0.38428622  0.43085187  0.37309921  0.63837532  0.62252336  0.63837532  0.62252336  0.60701185  0.67116270  0.67116270  0.57695375  0.62252336  0.67116270  0.52034837  0.49362672  0.48062770  0.57695375  0.48062770  0.48062770  0.48062770  0.48062770  0.59182645  0.56238112  0.54809669  0.54809669  0.56238112  0.57695375  0.50686398  0.50686398  0.43085187  0.44297796  0.41892601  0.41892601  0.44297796  0.56238112  0.46785848  0.49362672  0.53408929  0.49362672  0.48062770  0.63837532  0.62252336  0.62252336  0.67116270  0.68813195  0.59182645  0.65458299  0.65458299  0.67116270  0.70550948  0.60701185  0.50686398  0.53408929  0.59182645  0.59182645  0.57695375  0.57695375  0.60701185  0.57695375  0.57695375  0.57695375  0.57695375  0.56238112  0.60701185  0.60701185  0.60701185  0.60701185  0.62252336  0.60701185  0.62252336  0.57695375  0.50686398  0.46785848  0.43085187  0.45531109  0.60701185  0.60701185  0.62252336  0.57695375  0.53408929  0.52034837  0.52034837  0.53408929  0.52034837  0.56238112  0.50686398  0.54809669  0.53408929  0.53408929  0.43085187  0.43085187  0.43085187  0.46785848  0.46785848  0.41892601  0.43085187  0.40719386  0.54809669  0.50686398  0.41892601  0.45531109  0.48062770  0.46785848  0.50686398  0.54809669  0.56238112  0.45531109  0.46785848  0.57695375  0.57695375  0.43085187  0.45531109  0.40719386  0.40719386  0.49362672  0.49362672  0.41892601  0.46785848  0.52034837  0.50686398  0.52034837  0.45531109  0.45531109  0.44297796  0.40719386  0.44297796  0.44297796  0.39564923  0.53408929  0.46785848  0.48062770  0.52034837  0.54809669  0.49362672  0.53408929  0.54809669  0.60701185  0.56238112  0.48062770  0.48062770  0.48062770  0.54809669  0.56238112  0.56238112  0.63837532  0.60701185  
74_0_0     0.56238112  0.59182645  0.54809669  0.18804901  0.28934207  0.24153275  0.21429596  0.19669245  0.20544058  0.04086987  0.00000000  0.44297796  0.44297796  0.43085187  0.50686398  0.50686398  0.49362672  0.34054164  0.36208282  0.31962433  0.31962433  0.45531109  0.45531109  0.44297796  0.40719386  0.45531109  0.37309921  0.63837532  0.62252336  0.63837532  0.62252336  0.60701185  0.67116270  0.67116270  0.60701185  0.62252336  0.67116270  0.54809669  0.49362672  0.50686398  0.60701185  0.48062770  0.48062770  0.45531109  0.48062770  0.62252336  0.59182645  0.52034837  0.57695375  0.54809669  0.57695375  0.52034837  0.56238112  0.45531109  0.46785848  0.44297796  0.46785848  0.46785848  0.60701185  0.44297796  0.46785848  0.53408929  0.49362672  0.48062770  0.72331541  0.67116270  0.67116270  0.72331541  0.74157141  0.67116270  0.63837532  0.63837532  0.65458299  0.68813195  0.62252336  0.49362672  0.54809669  0.63837532  0.63837532  0.59182645  0.62252336  0.62252336  0.59182645  0.59182645  0.59182645  0.59182645  0.57695375  0.59182645  0.59182645  0.62252336  0.62252336  0.63837532  0.62252336  0.63837532  0.59182645  0.53408929  0.44297796  0.43085187  0.45531109  0.60701185  0.60701185  0.59182645  0.60701185  0.53408929  0.49362672  0.49362672  0.48062770  0.46785848  0.56238112  0.50686398  0.54809669  0.52034837  0.53408929  0.45531109  0.45531109  0.45531109  0.49362672  0.46785848  0.44297796  0.45531109  0.43085187  0.57695375  0.48062770  0.41892601  0.45531109  0.45531109  0.41892601  0.45531109  0.53408929  0.53408929  0.45531109  0.46785848  0.57695375  0.57695375  0.48062770  0.50686398  0.45531109  0.45531109  0.46785848  0.46785848  0.46785848  0.46785848  0.46785848  0.50686398  0.52034837  0.48062770  0.48062770  0.46785848  0.45531109  0.46785848  0.46785848  0.41892601  0.59182645  0.54809669  0.56238112  0.57695375  0.56238112  0.52034837  0.56238112  0.57695375  0.60701185  0.59182645  0.50686398  0.50686398  0.50686398  0.57695375  0.59182645  0.59182645  0.57695375  0.57695375  
97_0_0     0.44297796  0.48062770  0.44297796  0.43085187  0.53408929  0.45531109  0.43085187  0.41892601  0.43085187  0.49362672  0.44297796  0.00000000  0.00000000  0.01336798  0.21429596  0.21429596  0.22326126  0.44297796  0.41892601  0.40719386  0.43085187  0.41892601  0.41892601  0.49362672  0.49362672  0.56238112  0.52034837  0.59182645  0.60701185  0.59182645  0.60701185  0.63837532  0.56238112  0.56238112  0.56238112  0.50686398  0.59182645  0.54809669  0.56238112  0.57695375  0.56238112  0.52034837  0.52034837  0.52034837  0.52034837  0.48062770  0.48062770  0.49362672  0.53408929  0.49362672  0.50686398  0.49362672  0.45531109  0.50686398  0.54809669  0.54809669  0.56238112  0.56238112  0.60701185  0.53408929  0.65458299  0.49362672  0.52034837  0.53408929  0.62252336  0.54809669  0.54809669  0.56238112  0.57695375  0.54809669  0.70550948  0.72331541  0.70550948  0.70550948  0.72331541  0.62252336  0.62252336  0.65458299  0.65458299  0.59182645  0.62252336  0.62252336  0.65458299  0.63837532  0.62252336  0.62252336  0.63837532  0.65458299  0.65458299  0.65458299  0.67116270  0.77952884  0.76030082  0.77952884  0.72331541  0.54809669  0.52034837  0.56238112  0.56238112  0.56238112  0.56238112  0.54809669  0.57695375  0.60701185  0.50686398  0.50686398  0.49362672  0.48062770  0.49362672  0.49362672  0.49362672  0.63837532  0.62252336  0.46785848  0.46785848  0.46785848  0.52034837  0.54809669  0.49362672  0.52034837  0.48062770  0.52034837  0.53408929  0.43085187  0.46785848  0.44297796  0.49362672  0.50686398  0.53408929  0.53408929  0.50686398  0.48062770  0.60701185  0.60701185  0.40719386  0.38428622  0.43085187  0.43085187  0.37309921  0.37309921  0.41892601  0.40719386  0.43085187  0.44297796  0.46785848  0.36208282  0.36208282  0.40719386  0.34054164  0.35123193  0.35123193  0.37309921  0.48062770  0.44297796  0.45531109  0.46785848  0.53408929  0.44297796  0.43085187  0.46785848  0.46785848  0.56238112  0.53408929  0.48062770  0.48062770  0.48062770  0.46785848  0.46785848  0.57695375  0.56238112  
95_0_0     0.44297796  0.48062770  0.44297796  0.43085187  0.53408929  0.45531109  0.43085187  0.41892601  0.43085187  0.49362672  0.44297796  0.00000000  0.00000000  0.01336798  0.21429596  0.21429596  0.22326126  0.44297796  0.41892601  0.40719386  0.43085187  0.41892601  0.41892601  0.49362672  0.49362672  0.56238112  0.52034837  0.59182645  0.60701185  0.59182645  0.60701185  0.63837532  0.56238112  0.56238112  0.56238112  0.50686398  0.59182645  0.54809669  0.56238112  0.57695375  0.56238112  0.52034837  0.52034837  0.52034837  0.52034837  0.48062770  0.48062770  0.49362672  0.53408929  0.49362672  0.50686398  0.49362672  0.45531109  0.50686398  0.54809669  0.54809669  0.56238112  0.56238112  0.60701185  0.53408929  0.65458299  0.49362672  0.52034837  0.53408929  0.62252336  0.54809669  0.54809669  0.56238112  0.57695375  0.54809669  0.70550948  0.72331541  0.70550948  0.70550948  0.72331541  0.62252336  0.62252336  0.65458299  0.65458299  0.59182645  0.62252336  0.62252336  0.65458299  0.63837532  0.62252336  0.62252336  0.63837532  0.65458299  0.65458299  0.65458299  0.67116270  0.77952884  0.76030082  0.77952884  0.72331541  0.54809669  0.52034837  0.56238112  0.56238112  0.56238112  0.56238112  0.54809669  0.57695375  0.60701185  0.50686398  0.50686398  0.49362672  0.48062770  0.49362672  0.49362672  0.49362672  0.63837532  0.62252336  0.46785848  0.46785848  0.46785848  0.52034837  0.54809669  0.49362672  0.52034837  0.48062770  0.52034837  0.53408929  0.43085187  0.46785848  0.44297796  0.49362672  0.50686398  0.53408929  0.53408929  0.50686398  0.48062770  0.60701185  0.60701185  0.40719386  0.38428622  0.43085187  0.43085187  0.37309921  0.37309921  0.41892601  0.40719386  0.43085187  0.44297796  0.46785848  0.36208282  0.36208282  0.40719386  0.34054164  0.35123193  0.35123193  0.37309921  0.48062770  0.44297796  0.45531109  0.46785848  0.53408929  0.44297796  0.43085187  0.46785848  0.46785848  0.56238112  0.53408929  0.48062770  0.48062770  0.48062770  0.46785848  0.46785848  0.57695375  0.56238112  
62_0_0     0.46785848  0.50686398  0.46785848  0.44297796  0.54809669  0.44297796  0.44297796  0.43085187  0.44297796  0.48062770  0.43085187  0.01336798  0.01336798  0.00000000  0.22326126  0.22326126  0.23233923  0.41892601  0.39564923  0.40719386  0.43085187  0.44297796  0.44297796  0.49362672  0.49362672  0.53408929  0.54809669  0.59182645  0.60701185  0.59182645  0.60701185  0.63837532  0.53408929  0.53408929  0.53408929  0.48062770  0.59182645  0.54809669  0.56238112  0.57695375  0.56238112  0.52034837  0.52034837  0.52034837  0.52034837  0.48062770  0.48062770  0.49362672  0.53408929  0.49362672  0.53408929  0.49362672  0.48062770  0.50686398  0.52034837  0.52034837  0.59182645  0.59182645  0.62252336  0.53408929  0.62252336  0.46785848  0.52034837  0.50686398  0.65458299  0.54809669  0.54809669  0.56238112  0.57695375  0.54809669  0.72331541  0.74157141  0.72331541  0.72331541  0.72331541  0.62252336  0.59182645  0.65458299  0.65458299  0.59182645  0.62252336  0.65458299  0.65458299  0.67116270  0.65458299  0.65458299  0.67116270  0.68813195  0.68813195  0.68813195  0.70550948  0.81959215  0.79928276  0.81959215  0.76030082  0.52034837  0.52034837  0.53408929  0.53408929  0.59182645  0.59182645  0.57695375  0.60701185  0.60701185  0.48062770  0.48062770  0.46785848  0.45531109  0.49362672  0.49362672  0.49362672  0.63837532  0.59182645  0.46785848  0.46785848  0.46785848  0.52034837  0.53408929  0.49362672  0.52034837  0.48062770  0.54809669  0.53408929  0.43085187  0.44297796  0.41892601  0.49362672  0.50686398  0.50686398  0.50686398  0.50686398  0.48062770  0.60701185  0.60701185  0.43085187  0.40719386  0.45531109  0.45531109  0.39564923  0.39564923  0.44297796  0.43085187  0.43085187  0.44297796  0.46785848  0.38428622  0.38428622  0.40719386  0.36208282  0.37309921  0.37309921  0.39564923  0.48062770  0.44297796  0.45531109  0.46785848  0.53408929  0.44297796  0.43085187  0.46785848  0.46785848  0.56238112  0.50686398  0.48062770  0.48062770  0.50686398  0.49362672  0.49362672  0.54809669  0.53408929  
52_0_0     0.39564923  0.40719386  0.46785848  0.44297796  0.53408929  0.43085187  0.44297796  0.41892601  0.43085187  0.49362672  0.50686398  0.21429596  0.21429596  0.22326126  0.00000000  0.00000000  0.02014590  0.36208282  0.35123193  0.38428622  0.40719386  0.50686398  0.33000727  0.49362672  0.46785848  0.44297796  0.45531109  0.54809669  0.57695375  0.57695375  0.57695375  0.53408929  0.49362672  0.49362672  0.44297796  0.50686398  0.57695375  0.59182645  0.60701185  0.59182645  0.57695375  0.54809669  0.53408929  0.57695375  0.50686398  0.41892601  0.41892601  0.41892601  0.45531109  0.44297796  0.49362672  0.41892601  0.48062770  0.49362672  0.46785848  0.46785848  0.52034837  0.50686398  0.49362672  0.49362672  0.59182645  0.44297796  0.46785848  0.48062770  0.68813195  0.48062770  0.48062770  0.49362672  0.50686398  0.48062770  0.62252336  0.63837532  0.62252336  0.62252336  0.72331541  0.65458299  0.67116270  0.65458299  0.65458299  0.62252336  0.62252336  0.56238112  0.57695375  0.59182645  0.57695375  0.57695375  0.57695375  0.65458299  0.62252336  0.60701185  0.62252336  0.70550948  0.68813195  0.70550948  0.65458299  0.46785848  0.56238112  0.59182645  0.62252336  0.50686398  0.50686398  0.52034837  0.52034837  0.54809669  0.41892601  0.41892601  0.40719386  0.41892601  0.39564923  0.39564923  0.41892601  0.48062770  0.57695375  0.48062770  0.48062770  0.48062770  0.49362672  0.46785848  0.46785848  0.44297796  0.48062770  0.52034837  0.60701185  0.41892601  0.44297796  0.45531109  0.39564923  0.40719386  0.50686398  0.52034837  0.52034837  0.50686398  0.54809669  0.54809669  0.37309921  0.39564923  0.39564923  0.39564923  0.38428622  0.38428622  0.38428622  0.37309921  0.43085187  0.41892601  0.44297796  0.39564923  0.39564923  0.43085187  0.38428622  0.38428622  0.38428622  0.38428622  0.40719386  0.36208282  0.37309921  0.40719386  0.49362672  0.46785848  0.44297796  0.48062770  0.48062770  0.52034837  0.45531109  0.44297796  0.44297796  0.40719386  0.41892601  0.41892601  0.53408929  0.53408929  
96_0_0     0.39564923  0.40719386  0.46785848  0.44297796  0.53408929  0.43085187  0.44297796  0.41892601  0.43085187  0.49362672  0.50686398  0.21429596  0.21429596  0.22326126  0.00000000  0.00000000  0.02014590  0.36208282  0.35123193  0.38428622  0.40719386  0.50686398  0.33000727  0.49362672  0.46785848  0.44297796  0.45531109  0.54809669  0.57695375  0.57695375  0.57695375  0.53408929  0.49362672  0.49362672  0.44297796  0.50686398  0.57695375  0.59182645  0.60701185  0.59182645  0.57695375  0.54809669  0.53408929  0.57695375  0.50686398  0.41892601  0.41892601  0.41892601  0.45531109  0.44297796  0.49362672  0.41892601  0.48062770  0.49362672  0.46785848  0.46785848  0.52034837  0.50686398  0.49362672  0.49362672  0.59182645  0.44297796  0.46785848  0.48062770  0.68813195  0.48062770  0.48062770  0.49362672  0.50686398  0.48062770  0.62252336  0.63837532  0.62252336  0.62252336  0.72331541  0.65458299  0.67116270  0.65458299  0.65458299  0.62252336  0.62252336  0.56238112  0.57695375  0.59182645  0.57695375  0.57695375  0.57695375  0.65458299  0.62252336  0.60701185  0.62252336  0.70550948  0.68813195  0.70550948  0.65458299  0.46785848  0.56238112  0.59182645  0.62252336  0.50686398  0.50686398  0.52034837  0.52034837  0.54809669  0.41892601  0.41892601  0.40719386  0.41892601  0.39564923  0.39564923  0.41892601  0.48062770  0.57695375  0.48062770  0.48062770  0.48062770  0.49362672  0.46785848  0.46785848  0.44297796  0.48062770  0.52034837  0.60701185  0.41892601  0.44297796  0.45531109  0.39564923  0.40719386  0.50686398  0.52034837  0.52034837  0.50686398  0.54809669  0.54809669  0.37309921  0.39564923  0.39564923  0.39564923  0.38428622  0.38428622  0.38428622  0.37309921  0.43085187  0.41892601  0.44297796  0.39564923  0.39564923  0.43085187  0.38428622  0.38428622  0.38428622  0.38428622  0.40719386  0.36208282  0.37309921  0.40719386  0.49362672  0.46785848  0.44297796  0.48062770  0.48062770  0.52034837  0.45531109  0.44297796  0.44297796  0.40719386  0.41892601  0.41892601  0.53408929  0.53408929  
92_0_0     0.40719386  0.41892601  0.48062770  0.44297796  0.54809669  0.43085187  0.44297796  0.44297796  0.45531109  0.48062770  0.49362672  0.22326126  0.22326126  0.23233923  0.02014590  0.02014590  0.00000000  0.36208282  0.35123193  0.38428622  0.40719386  0.50686398  0.33000727  0.49362672  0.46785848  0.45531109  0.45531109  0.56238112  0.59182645  0.59182645  0.59182645  0.54809669  0.50686398  0.50686398  0.44297796  0.52034837  0.59182645  0.60701185  0.62252336  0.60701185  0.60701185  0.56238112  0.54809669  0.59182645  0.52034837  0.43085187  0.43085187  0.43085187  0.46785848  0.45531109  0.50686398  0.43085187  0.49362672  0.50686398  0.48062770  0.48062770  0.53408929  0.52034837  0.52034837  0.50686398  0.57695375  0.45531109  0.48062770  0.49362672  0.70550948  0.49362672  0.49362672  0.50686398  0.52034837  0.49362672  0.63837532  0.65458299  0.63837532  0.63837532  0.74157141  0.67116270  0.68813195  0.67116270  0.67116270  0.63837532  0.63837532  0.57695375  0.59182645  0.60701185  0.59182645  0.59182645  0.59182645  0.67116270  0.63837532  0.62252336  0.63837532  0.72331541  0.70550948  0.68813195  0.67116270  0.48062770  0.57695375  0.60701185  0.63837532  0.52034837  0.52034837  0.53408929  0.53408929  0.56238112  0.43085187  0.43085187  0.41892601  0.43085187  0.40719386  0.40719386  0.43085187  0.49362672  0.59182645  0.49362672  0.49362672  0.49362672  0.50686398  0.48062770  0.48062770  0.45531109  0.49362672  0.53408929  0.62252336  0.41892601  0.44297796  0.45531109  0.39564923  0.40719386  0.50686398  0.52034837  0.52034837  0.50686398  0.54809669  0.54809669  0.37309921  0.39564923  0.39564923  0.39564923  0.38428622  0.38428622  0.38428622  0.37309921  0.43085187  0.41892601  0.44297796  0.39564923  0.39564923  0.43085187  0.38428622  0.38428622  0.38428622  0.38428622  0.39564923  0.35123193  0.36208282  0.39564923  0.48062770  0.45531109  0.43085187  0.46785848  0.46785848  0.50686398  0.44297796  0.43085187  0.43085187  0.39564923  0.40719386  0.40719386  0.52034837  0.52034837  
56_0_0     0.43085187  0.38428622  0.44297796  0.26027847  0.41892601  0.30938853  0.30938853  0.31962433  0.30938853  0.31962433  0.34054164  0.44297796  0.44297796  0.41892601  0.36208282  0.36208282  0.36208282  0.00000000  0.01336798  0.04086987  0.05502373  0.26983699  0.18804901  0.31962433  0.30938853  0.34054164  0.29929576  0.52034837  0.52034837  0.53408929  0.52034837  0.52034837  0.48062770  0.48062770  0.46785848  0.49362672  0.60701185  0.38428622  0.37309921  0.40719386  0.45531109  0.45531109  0.38428622  0.41892601  0.38428622  0.37309921  0.37309921  0.36208282  0.39564923  0.40719386  0.44297796  0.37309921  0.38428622  0.33000727  0.27952369  0.27952369  0.34054164  0.34054164  0.40719386  0.33000727  0.46785848  0.45531109  0.45531109  0.41892601  0.52034837  0.45531109  0.45531109  0.53408929  0.54809669  0.46785848  0.53408929  0.54809669  0.56238112  0.56238112  0.56238112  0.46785848  0.56238112  0.49362672  0.49362672  0.46785848  0.49362672  0.52034837  0.38428622  0.39564923  0.37309921  0.37309921  0.37309921  0.43085187  0.39564923  0.39564923  0.38428622  0.48062770  0.46785848  0.48062770  0.44297796  0.31962433  0.45531109  0.45531109  0.45531109  0.49362672  0.49362672  0.50686398  0.49362672  0.41892601  0.39564923  0.39564923  0.40719386  0.41892601  0.50686398  0.43085187  0.44297796  0.49362672  0.48062770  0.31962433  0.31962433  0.31962433  0.38428622  0.26983699  0.28934207  0.30938853  0.27952369  0.38428622  0.40719386  0.38428622  0.43085187  0.41892601  0.37309921  0.38428622  0.40719386  0.37309921  0.40719386  0.41892601  0.34054164  0.34054164  0.36208282  0.38428622  0.37309921  0.36208282  0.33000727  0.33000727  0.33000727  0.37309921  0.38428622  0.35123193  0.37309921  0.39564923  0.39564923  0.39564923  0.41892601  0.38428622  0.38428622  0.34054164  0.46785848  0.44297796  0.45531109  0.49362672  0.50686398  0.49362672  0.46785848  0.48062770  0.50686398  0.49362672  0.41892601  0.44297796  0.44297796  0.44297796  0.48062770  0.48062770  0.56238112  0.54809669  
59_0_0     0.44297796  0.39564923  0.45531109  0.27952369  0.44297796  0.33000727  0.33000727  0.34054164  0.33000727  0.31962433  0.36208282  0.41892601  0.41892601  0.39564923  0.35123193  0.35123193  0.35123193  0.01336798  0.00000000  0.05502373  0.06946050  0.26983699  0.18804901  0.34054164  0.33000727  0.36208282  0.31962433  0.54809669  0.54809669  0.56238112  0.54809669  0.54809669  0.50686398  0.50686398  0.49362672  0.49362672  0.60701185  0.40719386  0.39564923  0.43085187  0.48062770  0.48062770  0.40719386  0.44297796  0.40719386  0.36208282  0.36208282  0.37309921  0.38428622  0.39564923  0.45531109  0.38428622  0.37309921  0.35123193  0.29929576  0.29929576  0.34054164  0.36208282  0.40719386  0.35123193  0.49362672  0.43085187  0.45531109  0.41892601  0.52034837  0.48062770  0.48062770  0.52034837  0.53408929  0.46785848  0.56238112  0.57695375  0.59182645  0.59182645  0.56238112  0.49362672  0.56238112  0.49362672  0.49362672  0.44297796  0.46785848  0.54809669  0.40719386  0.41892601  0.39564923  0.39564923  0.39564923  0.45531109  0.41892601  0.41892601  0.40719386  0.50686398  0.49362672  0.50686398  0.46785848  0.34054164  0.48062770  0.48062770  0.48062770  0.52034837  0.52034837  0.53408929  0.52034837  0.44297796  0.39564923  0.39564923  0.40719386  0.41892601  0.50686398  0.43085187  0.44297796  0.52034837  0.48062770  0.29929576  0.29929576  0.29929576  0.38428622  0.28934207  0.28934207  0.30938853  0.27952369  0.38428622  0.43085187  0.40719386  0.45531109  0.44297796  0.39564923  0.38428622  0.43085187  0.39564923  0.43085187  0.44297796  0.36208282  0.36208282  0.34054164  0.36208282  0.37309921  0.36208282  0.35123193  0.35123193  0.33000727  0.39564923  0.40719386  0.37309921  0.39564923  0.37309921  0.37309921  0.37309921  0.39564923  0.36208282  0.36208282  0.34054164  0.49362672  0.44297796  0.45531109  0.49362672  0.52034837  0.49362672  0.46785848  0.48062770  0.50686398  0.49362672  0.41892601  0.44297796  0.44297796  0.44297796  0.48062770  0.48062770  0.56238112  0.52034837  
