20
16_0_0     0.00000000  0.20316671  0.26089477  0.21436220  0.42082185  0.42082185  0.33660211  0.33660211  0.33660211  0.34999803  0.42082185  0.40611173  0.40611173  0.32344135  0.33660211  0.34999803  0.33660211  0.40611173  0.40611173  0.40611173  
14_0_0     0.20316671  0.00000000  0.20316671  0.12915667  0.55021486  0.55021486  0.43582637  0.43582637  0.43582637  0.42082185  0.45113731  0.43582637  0.43582637  0.40611173  0.42082185  0.46676746  0.40611173  0.42082185  0.42082185  0.42082185  
6_0_0      0.26089477  0.20316671  0.00000000  0.19213594  0.51571360  0.51571360  0.43582637  0.43582637  0.43582637  0.42082185  0.55021486  0.53276579  0.53276579  0.45113731  0.46676746  0.51571360  0.40611173  0.43582637  0.43582637  0.43582637  
15_0_0     0.21436220  0.12915667  0.19213594  0.00000000  0.53276579  0.53276579  0.45113731  0.45113731  0.45113731  0.43582637  0.40611173  0.39168469  0.39168469  0.43582637  0.45113731  0.46676746  0.36363766  0.36363766  0.36363766  0.36363766  
17_0_0     0.42082185  0.55021486  0.51571360  0.53276579  0.00000000  0.01714367  0.10928677  0.10928677  0.10928677  0.13929265  0.23726754  0.22572740  0.22572740  0.24898809  0.23726754  0.15998521  0.29779325  0.40611173  0.40611173  0.40611173  
11_0_0     0.42082185  0.55021486  0.51571360  0.53276579  0.01714367  0.00000000  0.12915667  0.12915667  0.12915667  0.15998521  0.23726754  0.24898809  0.24898809  0.27299361  0.26089477  0.18126512  0.32344135  0.43582637  0.43582637  0.43582637  
10_0_0     0.33660211  0.43582637  0.43582637  0.45113731  0.10928677  0.12915667  0.00000000  0.00000000  0.00000000  0.02586479  0.20316671  0.19213594  0.19213594  0.18126512  0.14956754  0.11915589  0.23726754  0.33660211  0.33660211  0.33660211  
12_0_0     0.33660211  0.43582637  0.43582637  0.45113731  0.10928677  0.12915667  0.00000000  0.00000000  0.00000000  0.02586479  0.20316671  0.19213594  0.19213594  0.18126512  0.14956754  0.11915589  0.23726754  0.33660211  0.33660211  0.33660211  
4_0_0      0.33660211  0.43582637  0.43582637  0.45113731  0.10928677  0.12915667  0.00000000  0.00000000  0.00000000  0.02586479  0.20316671  0.19213594  0.19213594  0.18126512  0.14956754  0.11915589  0.23726754  0.33660211  0.33660211  0.33660211  
5_0_0      0.34999803  0.42082185  0.42082185  0.43582637  0.13929265  0.15998521  0.02586479  0.02586479  0.02586479  0.00000000  0.21436220  0.20316671  0.20316671  0.19213594  0.15998521  0.14956754  0.22572740  0.33660211  0.33660211  0.33660211  
7_0_0      0.42082185  0.45113731  0.55021486  0.40611173  0.23726754  0.23726754  0.20316671  0.20316671  0.20316671  0.21436220  0.00000000  0.00852284  0.00852284  0.22572740  0.19213594  0.18126512  0.37753003  0.42082185  0.42082185  0.42082185  
13_0_0     0.40611173  0.43582637  0.53276579  0.39168469  0.22572740  0.24898809  0.19213594  0.19213594  0.19213594  0.20316671  0.00852284  0.00000000  0.00000000  0.21436220  0.18126512  0.17054967  0.36363766  0.40611173  0.40611173  0.40611173  
9_0_0      0.40611173  0.43582637  0.53276579  0.39168469  0.22572740  0.24898809  0.19213594  0.19213594  0.19213594  0.20316671  0.00852284  0.00000000  0.00000000  0.21436220  0.18126512  0.17054967  0.36363766  0.40611173  0.40611173  0.40611173  
8_0_0      0.32344135  0.40611173  0.45113731  0.43582637  0.24898809  0.27299361  0.18126512  0.18126512  0.18126512  0.19213594  0.22572740  0.21436220  0.21436220  0.00000000  0.02586479  0.08992990  0.31050763  0.40611173  0.40611173  0.40611173  
18_0_0     0.33660211  0.42082185  0.46676746  0.45113731  0.23726754  0.26089477  0.14956754  0.14956754  0.14956754  0.15998521  0.19213594  0.18126512  0.18126512  0.02586479  0.00000000  0.06180056  0.29779325  0.39168469  0.39168469  0.39168469  
19_0_0     0.34999803  0.46676746  0.51571360  0.46676746  0.15998521  0.18126512  0.11915589  0.11915589  0.11915589  0.14956754  0.18126512  0.17054967  0.17054967  0.08992990  0.06180056  0.00000000  0.28529089  0.34999803  0.34999803  0.34999803  
20_0_0     0.33660211  0.40611173  0.40611173  0.36363766  0.29779325  0.32344135  0.23726754  0.23726754  0.23726754  0.22572740  0.37753003  0.36363766  0.36363766  0.31050763  0.29779325  0.28529089  0.00000000  0.23726754  0.23726754  0.23726754  
1_0_0      0.40611173  0.42082185  0.43582637  0.36363766  0.40611173  0.43582637  0.33660211  0.33660211  0.33660211  0.33660211  0.42082185  0.40611173  0.40611173  0.40611173  0.39168469  0.34999803  0.23726754  0.00000000  0.00000000  0.00000000  
3_0_0      0.40611173  0.42082185  0.43582637  0.36363766  0.40611173  0.43582637  0.33660211  0.33660211  0.33660211  0.33660211  0.42082185  0.40611173  0.40611173  0.40611173  0.39168469  0.34999803  0.23726754  0.00000000  0.00000000  0.00000000  
2_0_0      0.40611173  0.42082185  0.43582637  0.36363766  0.40611173  0.43582637  0.33660211  0.33660211  0.33660211  0.33660211  0.42082185  0.40611173  0.40611173  0.40611173  0.39168469  0.34999803  0.23726754  0.00000000  0.00000000  0.00000000  

