126
2_0_0      0.00000000  0.09964023  0.20851658  0.25567008  0.29131986  0.36831192  0.35224995  0.36831192  0.36023675  0.40153696  0.38473537  0.39308781  0.42748769  0.39308781  0.39308781  0.40153696  0.36023675  0.41008508  0.36831192  0.36831192  0.38473537  0.36831192  0.42748769  0.46358968  0.42748769  0.37647744  0.41873451  0.39308781  0.39308781  0.39308781  0.36023675  0.41008508  0.37647744  0.42748769  0.39308781  0.37647744  0.36023675  0.38473537  0.36023675  0.36023675  0.44531546  0.42748769  0.41008508  0.41873451  0.40153696  0.40153696  0.41008508  0.41008508  0.42748769  0.43634714  0.42748769  0.43634714  0.37647744  0.41873451  0.42748769  0.42748769  0.36023675  0.39308781  0.43634714  0.43634714  0.36023675  0.36831192  0.35224995  0.36023675  0.35224995  0.36023675  0.46358968  0.48233328  0.41873451  0.39308781  0.52132965  0.47290130  0.43634714  0.44531546  0.57320164  0.47290130  0.52132965  0.49188876  0.39308781  0.40153696  0.41873451  0.42748769  0.56252808  0.54163818  0.46358968  0.45439537  0.46358968  0.36023675  0.30608213  0.33653391  0.39308781  0.42748769  0.45439537  0.51138346  0.51138346  0.36023675  0.37647744  0.46358968  0.47290130  0.40153696  0.37647744  0.54163818  0.44531546  0.44531546  0.51138346  0.40153696  0.41008508  0.36831192  0.39308781  0.37647744  0.35224995  0.36831192  0.39308781  0.36831192  0.39308781  0.34434962  0.36831192  0.44531546  0.50157102  0.50157102  0.48233328  0.47290130  0.39308781  0.44531546  0.43634714  0.46358968  
5_0_0      0.09964023  0.00000000  0.16422583  0.26266207  0.26972171  0.29866367  0.31357678  0.31357678  0.30608213  0.34434962  0.32880101  0.33653391  0.41008508  0.40153696  0.38473537  0.34434962  0.37647744  0.36023675  0.33653391  0.36831192  0.38473537  0.36831192  0.41873451  0.45439537  0.43634714  0.38473537  0.37647744  0.33653391  0.33653391  0.33653391  0.36023675  0.38473537  0.33653391  0.35224995  0.39308781  0.37647744  0.35224995  0.37647744  0.35224995  0.33653391  0.42748769  0.38473537  0.38473537  0.40153696  0.36831192  0.38473537  0.40153696  0.41873451  0.45439537  0.41008508  0.43634714  0.41008508  0.37647744  0.42748769  0.41873451  0.43634714  0.36023675  0.41873451  0.41873451  0.42748769  0.41008508  0.40153696  0.38473537  0.37647744  0.36831192  0.37647744  0.40153696  0.41008508  0.38473537  0.38473537  0.43634714  0.45439537  0.43634714  0.44531546  0.51138346  0.44531546  0.50157102  0.49188876  0.42748769  0.37647744  0.37647744  0.40153696  0.50157102  0.52132965  0.41008508  0.38473537  0.37647744  0.34434962  0.30608213  0.30608213  0.40153696  0.40153696  0.46358968  0.47290130  0.47290130  0.32880101  0.36023675  0.43634714  0.44531546  0.32114919  0.31357678  0.50157102  0.48233328  0.48233328  0.49188876  0.36831192  0.38473537  0.35224995  0.36023675  0.34434962  0.35224995  0.32880101  0.35224995  0.39308781  0.35224995  0.33653391  0.37647744  0.40153696  0.46358968  0.46358968  0.38473537  0.37647744  0.36831192  0.40153696  0.37647744  0.38473537  
12_0_0     0.20851658  0.16422583  0.00000000  0.26972171  0.28404922  0.33653391  0.36831192  0.30608213  0.34434962  0.36831192  0.36831192  0.36023675  0.44531546  0.40153696  0.40153696  0.36023675  0.36023675  0.35224995  0.35224995  0.32114919  0.33653391  0.32114919  0.39308781  0.39308781  0.41873451  0.43634714  0.42748769  0.37647744  0.37647744  0.37647744  0.41008508  0.41008508  0.39308781  0.37647744  0.40153696  0.38473537  0.37647744  0.40153696  0.37647744  0.34434962  0.42748769  0.37647744  0.37647744  0.41008508  0.37647744  0.39308781  0.33653391  0.43634714  0.43634714  0.36831192  0.38473537  0.39308781  0.38473537  0.37647744  0.36831192  0.43634714  0.41008508  0.40153696  0.40153696  0.41873451  0.42748769  0.39308781  0.36831192  0.37647744  0.36831192  0.37647744  0.36831192  0.40153696  0.39308781  0.40153696  0.41008508  0.42748769  0.42748769  0.43634714  0.47290130  0.42748769  0.51138346  0.50157102  0.47290130  0.40153696  0.40153696  0.39308781  0.47290130  0.51138346  0.45439537  0.42748769  0.41873451  0.38473537  0.36023675  0.37647744  0.42748769  0.44531546  0.45439537  0.41008508  0.41008508  0.36023675  0.34434962  0.36831192  0.37647744  0.38473537  0.39308781  0.48233328  0.47290130  0.47290130  0.49188876  0.40153696  0.35224995  0.32114919  0.32880101  0.38473537  0.37647744  0.38473537  0.38473537  0.40153696  0.36831192  0.34434962  0.33653391  0.42748769  0.46358968  0.46358968  0.39308781  0.40153696  0.45439537  0.42748769  0.41008508  0.36831192  
1_0_0      0.25567008  0.26266207  0.26972171  0.00000000  0.09404265  0.33653391  0.33653391  0.27685030  0.32880101  0.34434962  0.31357678  0.33653391  0.41873451  0.35224995  0.36831192  0.31357678  0.36831192  0.36831192  0.38473537  0.32880101  0.31357678  0.32880101  0.41873451  0.41873451  0.41008508  0.41008508  0.39308781  0.36831192  0.36831192  0.36831192  0.34434962  0.36831192  0.38473537  0.38473537  0.34434962  0.34434962  0.35224995  0.36023675  0.35224995  0.35224995  0.39308781  0.35224995  0.36831192  0.38473537  0.38473537  0.39308781  0.33653391  0.36023675  0.39308781  0.37647744  0.33653391  0.39308781  0.36023675  0.38473537  0.37647744  0.38473537  0.32880101  0.40153696  0.38473537  0.35224995  0.43634714  0.44531546  0.42748769  0.41008508  0.41873451  0.41008508  0.38473537  0.39308781  0.36831192  0.34434962  0.44531546  0.41873451  0.44531546  0.45439537  0.47290130  0.49188876  0.45439537  0.45439537  0.40153696  0.34434962  0.36023675  0.37647744  0.53141327  0.50157102  0.33653391  0.36023675  0.35224995  0.32880101  0.32114919  0.31357678  0.35224995  0.36831192  0.36831192  0.44531546  0.44531546  0.32114919  0.32880101  0.32880101  0.33653391  0.33653391  0.32114919  0.44531546  0.41008508  0.42748769  0.46358968  0.38473537  0.37647744  0.36831192  0.39308781  0.36023675  0.30608213  0.30608213  0.32114919  0.33653391  0.36023675  0.29131986  0.29131986  0.32880101  0.46358968  0.46358968  0.37647744  0.38473537  0.36831192  0.36831192  0.35224995  0.34434962  
11_0_0     0.29131986  0.26972171  0.28404922  0.09404265  0.00000000  0.30608213  0.32114919  0.29131986  0.31357678  0.31357678  0.31357678  0.30608213  0.38473537  0.33653391  0.32114919  0.29866367  0.36831192  0.40153696  0.35224995  0.31357678  0.31357678  0.31357678  0.41008508  0.45439537  0.40153696  0.38473537  0.41008508  0.40153696  0.40153696  0.40153696  0.42748769  0.33653391  0.35224995  0.38473537  0.36023675  0.32880101  0.33653391  0.34434962  0.33653391  0.33653391  0.40153696  0.32114919  0.33653391  0.42748769  0.41008508  0.43634714  0.36023675  0.35224995  0.35224995  0.36831192  0.36023675  0.35224995  0.34434962  0.33653391  0.34434962  0.37647744  0.30608213  0.34434962  0.37647744  0.34434962  0.41008508  0.40153696  0.40153696  0.36831192  0.36023675  0.36831192  0.35224995  0.36831192  0.34434962  0.36023675  0.41873451  0.41873451  0.41008508  0.41873451  0.49188876  0.47290130  0.49188876  0.47290130  0.48233328  0.38473537  0.38473537  0.34434962  0.47290130  0.48233328  0.35224995  0.37647744  0.36831192  0.36831192  0.35224995  0.30608213  0.35224995  0.35224995  0.35224995  0.43634714  0.43634714  0.32880101  0.33653391  0.41873451  0.41008508  0.31357678  0.29866367  0.46358968  0.50157102  0.50157102  0.52132965  0.41873451  0.41008508  0.43634714  0.42748769  0.41873451  0.32114919  0.29131986  0.32114919  0.38473537  0.36023675  0.32114919  0.38473537  0.36023675  0.44531546  0.44531546  0.41873451  0.42748769  0.42748769  0.41008508  0.39308781  0.40153696  
22_2_0     0.36831192  0.29866367  0.33653391  0.33653391  0.30608213  0.00000000  0.04550750  0.09964023  0.03002088  0.08297467  0.07750300  0.07207205  0.15204984  0.12247004  0.12247004  0.09404265  0.11669528  0.17660844  0.15811244  0.11669528  0.12829086  0.11669528  0.16422583  0.21506911  0.18287943  0.17039087  0.19558543  0.17039087  0.17039087  0.17039087  0.19558543  0.20202237  0.18287943  0.19558543  0.23508728  0.20851658  0.18920478  0.18287943  0.18920478  0.18920478  0.22168101  0.12247004  0.12247004  0.27685030  0.29131986  0.29131986  0.28404922  0.27685030  0.26972171  0.29866367  0.29866367  0.25567008  0.28404922  0.26972171  0.24874444  0.27685030  0.22835336  0.26972171  0.28404922  0.25567008  0.30608213  0.27685030  0.25567008  0.26972171  0.26266207  0.26972171  0.27685030  0.26972171  0.24188391  0.28404922  0.22835336  0.29131986  0.28404922  0.27685030  0.35224995  0.27685030  0.42748769  0.38473537  0.36831192  0.28404922  0.27685030  0.27685030  0.31357678  0.40153696  0.26266207  0.24874444  0.24188391  0.29131986  0.32114919  0.24188391  0.28404922  0.26972171  0.40153696  0.39308781  0.39308781  0.23508728  0.24874444  0.29131986  0.29866367  0.26266207  0.24874444  0.41008508  0.41008508  0.41008508  0.41873451  0.32880101  0.33653391  0.32880101  0.31357678  0.28404922  0.32880101  0.30608213  0.31357678  0.34434962  0.29866367  0.24188391  0.22835336  0.36831192  0.33653391  0.33653391  0.33653391  0.32880101  0.37647744  0.38473537  0.25567008  0.27685030  
44_2_0     0.35224995  0.31357678  0.36831192  0.33653391  0.32114919  0.04550750  0.00000000  0.10528107  0.01485608  0.08848767  0.09404265  0.07750300  0.14603718  0.11669528  0.14007366  0.09964023  0.11669528  0.17039087  0.15811244  0.11669528  0.12829086  0.11669528  0.15811244  0.23508728  0.17660844  0.17660844  0.20202237  0.15204984  0.15204984  0.15204984  0.18920478  0.20851658  0.18920478  0.20202237  0.24874444  0.22168101  0.19558543  0.18920478  0.19558543  0.19558543  0.24188391  0.11669528  0.11669528  0.26266207  0.27685030  0.27685030  0.29866367  0.30608213  0.29866367  0.32114919  0.32880101  0.27685030  0.33653391  0.29866367  0.29131986  0.31357678  0.26972171  0.32114919  0.29866367  0.28404922  0.30608213  0.26266207  0.25567008  0.25567008  0.24874444  0.25567008  0.29131986  0.29866367  0.26972171  0.29866367  0.25567008  0.26972171  0.29131986  0.28404922  0.36831192  0.30608213  0.41873451  0.39308781  0.36023675  0.30608213  0.29866367  0.27685030  0.34434962  0.38473537  0.28404922  0.26972171  0.27685030  0.32114919  0.31357678  0.26266207  0.27685030  0.27685030  0.38473537  0.40153696  0.40153696  0.25567008  0.25567008  0.29866367  0.30608213  0.30608213  0.25567008  0.41008508  0.41008508  0.42748769  0.43634714  0.34434962  0.38473537  0.32880101  0.34434962  0.32114919  0.29131986  0.29866367  0.29131986  0.32114919  0.30608213  0.23508728  0.24874444  0.38473537  0.34434962  0.34434962  0.34434962  0.33653391  0.35224995  0.37647744  0.23508728  0.28404922  
44_3_0     0.36831192  0.31357678  0.30608213  0.27685030  0.29131986  0.09964023  0.10528107  0.00000000  0.09964023  0.12247004  0.12829086  0.13415848  0.20202237  0.15204984  0.16422583  0.12829086  0.15811244  0.19558543  0.20202237  0.15811244  0.17039087  0.15811244  0.22168101  0.24874444  0.18920478  0.20202237  0.26266207  0.20851658  0.20851658  0.20851658  0.22168101  0.26266207  0.25567008  0.25567008  0.29866367  0.26972171  0.24188391  0.24874444  0.24188391  0.22168101  0.24188391  0.14007366  0.14007366  0.29866367  0.31357678  0.29866367  0.28404922  0.30608213  0.31357678  0.34434962  0.32880101  0.26972171  0.29131986  0.29131986  0.28404922  0.29866367  0.27685030  0.30608213  0.28404922  0.29131986  0.36831192  0.33653391  0.32880101  0.32114919  0.31357678  0.32114919  0.32114919  0.32880101  0.29866367  0.26972171  0.29866367  0.29866367  0.30608213  0.31357678  0.36023675  0.33653391  0.45439537  0.44531546  0.33653391  0.33653391  0.32880101  0.31357678  0.38473537  0.41873451  0.29866367  0.31357678  0.30608213  0.30608213  0.30608213  0.26972171  0.30608213  0.30608213  0.37647744  0.37647744  0.37647744  0.24874444  0.26266207  0.30608213  0.31357678  0.30608213  0.26972171  0.41873451  0.43634714  0.45439537  0.44531546  0.38473537  0.36831192  0.34434962  0.37647744  0.26266207  0.33653391  0.28404922  0.29131986  0.33653391  0.34434962  0.29131986  0.29131986  0.40153696  0.36023675  0.36023675  0.34434962  0.33653391  0.35224995  0.35224995  0.26972171  0.28404922  
22_3_0     0.36023675  0.30608213  0.34434962  0.32880101  0.31357678  0.03002088  0.01485608  0.09964023  0.00000000  0.07207205  0.07750300  0.06132992  0.14007366  0.11096586  0.12247004  0.08297467  0.11096586  0.16422583  0.15204984  0.11096586  0.12247004  0.11096586  0.14007366  0.21506911  0.17039087  0.17039087  0.19558543  0.14603718  0.14603718  0.14603718  0.18287943  0.21506911  0.18287943  0.18287943  0.24188391  0.21506911  0.18920478  0.18287943  0.18920478  0.18920478  0.22168101  0.11096586  0.11096586  0.26266207  0.27685030  0.27685030  0.28404922  0.30608213  0.28404922  0.30608213  0.31357678  0.26266207  0.32114919  0.28404922  0.27685030  0.29866367  0.25567008  0.30608213  0.29131986  0.27685030  0.31357678  0.26972171  0.26266207  0.26266207  0.25567008  0.26266207  0.26972171  0.29131986  0.26266207  0.30608213  0.23508728  0.25567008  0.27685030  0.26972171  0.36023675  0.28404922  0.41008508  0.36831192  0.34434962  0.29131986  0.28404922  0.25567008  0.33653391  0.37647744  0.27685030  0.24874444  0.25567008  0.31357678  0.32114919  0.25567008  0.28404922  0.28404922  0.36831192  0.38473537  0.38473537  0.26266207  0.26266207  0.28404922  0.29131986  0.28404922  0.24874444  0.41008508  0.41008508  0.42748769  0.43634714  0.32880101  0.36831192  0.32880101  0.32880101  0.31357678  0.29866367  0.30608213  0.29866367  0.32880101  0.29866367  0.24188391  0.25567008  0.37647744  0.33653391  0.33653391  0.32114919  0.31357678  0.34434962  0.36831192  0.21506911  0.26266207  
16_2_0     0.40153696  0.34434962  0.36831192  0.34434962  0.31357678  0.08297467  0.08848767  0.12247004  0.07207205  0.00000000  0.04550750  0.01987608  0.14007366  0.11096586  0.11096586  0.05074362  0.13415848  0.17660844  0.16422583  0.12247004  0.13415848  0.12247004  0.16422583  0.22835336  0.18287943  0.18287943  0.18920478  0.15204984  0.15204984  0.15204984  0.17660844  0.21506911  0.20851658  0.19558543  0.25567008  0.24188391  0.22168101  0.20202237  0.22168101  0.20202237  0.24874444  0.15811244  0.15811244  0.29866367  0.31357678  0.31357678  0.26266207  0.29866367  0.27685030  0.29866367  0.33653391  0.25567008  0.26266207  0.24188391  0.23508728  0.29866367  0.26972171  0.29131986  0.29131986  0.29131986  0.31357678  0.31357678  0.27685030  0.29131986  0.28404922  0.29131986  0.25567008  0.26266207  0.27685030  0.27685030  0.23508728  0.26972171  0.27685030  0.26972171  0.36023675  0.29866367  0.41008508  0.38473537  0.39308781  0.30608213  0.28404922  0.27685030  0.33653391  0.36831192  0.26972171  0.25567008  0.26266207  0.32114919  0.35224995  0.28404922  0.26266207  0.26266207  0.35224995  0.40153696  0.40153696  0.26972171  0.25567008  0.28404922  0.27685030  0.25567008  0.25567008  0.35224995  0.38473537  0.38473537  0.41008508  0.35224995  0.34434962  0.32880101  0.31357678  0.32114919  0.30608213  0.29131986  0.30608213  0.32880101  0.29131986  0.24874444  0.29131986  0.38473537  0.31357678  0.31357678  0.26972171  0.27685030  0.33653391  0.33653391  0.27685030  0.29866367  
55_2_0     0.38473537  0.32880101  0.36831192  0.31357678  0.31357678  0.07750300  0.09404265  0.12829086  0.07750300  0.04550750  0.00000000  0.03514666  0.11669528  0.09404265  0.09404265  0.04550750  0.14603718  0.17660844  0.16422583  0.11096586  0.11096586  0.11096586  0.16422583  0.22168101  0.18287943  0.17039087  0.20202237  0.16422583  0.16422583  0.16422583  0.16422583  0.23508728  0.20202237  0.18920478  0.22835336  0.22835336  0.19558543  0.17660844  0.19558543  0.17039087  0.24874444  0.15204984  0.15204984  0.29131986  0.30608213  0.29131986  0.26972171  0.29131986  0.26972171  0.30608213  0.31357678  0.26972171  0.24874444  0.24874444  0.22835336  0.26972171  0.23508728  0.30608213  0.27685030  0.26266207  0.32114919  0.30608213  0.28404922  0.29866367  0.29131986  0.29866367  0.26972171  0.29131986  0.26266207  0.26266207  0.23508728  0.25567008  0.27685030  0.26972171  0.36831192  0.28404922  0.37647744  0.35224995  0.36023675  0.26972171  0.26266207  0.25567008  0.36023675  0.42748769  0.31357678  0.28404922  0.27685030  0.32114919  0.34434962  0.29866367  0.29131986  0.27685030  0.36831192  0.40153696  0.40153696  0.25567008  0.26972171  0.29866367  0.29131986  0.28404922  0.27685030  0.38473537  0.38473537  0.38473537  0.39308781  0.39308781  0.37647744  0.36023675  0.34434962  0.32114919  0.34434962  0.32880101  0.34434962  0.35224995  0.29866367  0.25567008  0.24188391  0.36831192  0.32880101  0.32880101  0.29131986  0.29866367  0.32880101  0.31357678  0.25567008  0.27685030  
75_2_0     0.39308781  0.33653391  0.36023675  0.33653391  0.30608213  0.07207205  0.07750300  0.13415848  0.06132992  0.01987608  0.03514666  0.00000000  0.12829086  0.09964023  0.09964023  0.05074362  0.13415848  0.16422583  0.16422583  0.11096586  0.12247004  0.11096586  0.14007366  0.21506911  0.18287943  0.17039087  0.18287943  0.15811244  0.15811244  0.15811244  0.17039087  0.20202237  0.19558543  0.19558543  0.22835336  0.22835336  0.21506911  0.19558543  0.21506911  0.18920478  0.22168101  0.14603718  0.14603718  0.28404922  0.31357678  0.31357678  0.27685030  0.29866367  0.26266207  0.28404922  0.30608213  0.24188391  0.26266207  0.25567008  0.24874444  0.28404922  0.25567008  0.29131986  0.30608213  0.27685030  0.29866367  0.29866367  0.24874444  0.26266207  0.26972171  0.26266207  0.24188391  0.26266207  0.27685030  0.29131986  0.22168101  0.24188391  0.26266207  0.25567008  0.35224995  0.29866367  0.39308781  0.36831192  0.37647744  0.29131986  0.26972171  0.26266207  0.33653391  0.37647744  0.26972171  0.26972171  0.27685030  0.31357678  0.36023675  0.29131986  0.27685030  0.26266207  0.36831192  0.38473537  0.38473537  0.28404922  0.26972171  0.29866367  0.29131986  0.24188391  0.25567008  0.36023675  0.39308781  0.39308781  0.41873451  0.35224995  0.35224995  0.33653391  0.32114919  0.32114919  0.29131986  0.32114919  0.32114919  0.32880101  0.30608213  0.23508728  0.26266207  0.38473537  0.31357678  0.31357678  0.26972171  0.27685030  0.32114919  0.32114919  0.24874444  0.26972171  
23_2_0     0.42748769  0.41008508  0.44531546  0.41873451  0.38473537  0.15204984  0.14603718  0.20202237  0.14007366  0.14007366  0.11669528  0.12829086  0.00000000  0.08848767  0.09964023  0.12829086  0.18287943  0.22835336  0.24188391  0.15811244  0.15811244  0.15811244  0.23508728  0.29866367  0.23508728  0.22168101  0.25567008  0.21506911  0.21506911  0.21506911  0.22168101  0.27685030  0.22835336  0.21506911  0.25567008  0.26972171  0.20202237  0.18287943  0.20202237  0.21506911  0.30608213  0.20202237  0.20202237  0.31357678  0.31357678  0.30608213  0.29131986  0.33653391  0.28404922  0.34434962  0.34434962  0.32114919  0.29866367  0.29131986  0.28404922  0.29866367  0.24874444  0.31357678  0.32880101  0.29866367  0.31357678  0.31357678  0.32114919  0.32880101  0.32114919  0.32880101  0.36831192  0.36023675  0.32114919  0.32880101  0.30608213  0.31357678  0.32880101  0.32114919  0.38473537  0.31357678  0.36831192  0.37647744  0.34434962  0.33653391  0.32114919  0.32880101  0.36023675  0.41873451  0.36831192  0.33653391  0.34434962  0.41008508  0.39308781  0.35224995  0.33653391  0.32880101  0.40153696  0.44531546  0.44531546  0.31357678  0.29866367  0.36831192  0.36023675  0.36831192  0.36023675  0.45439537  0.41008508  0.39308781  0.42748769  0.41873451  0.40153696  0.35224995  0.35224995  0.38473537  0.40153696  0.40153696  0.40153696  0.38473537  0.36831192  0.32114919  0.29866367  0.41008508  0.36831192  0.36831192  0.39308781  0.38473537  0.39308781  0.38473537  0.29866367  0.36023675  
45_2_0     0.39308781  0.40153696  0.40153696  0.35224995  0.33653391  0.12247004  0.11669528  0.15204984  0.11096586  0.11096586  0.09404265  0.09964023  0.08848767  0.00000000  0.03002088  0.13415848  0.14603718  0.18920478  0.18920478  0.15811244  0.15811244  0.15811244  0.21506911  0.27685030  0.19558543  0.19558543  0.23508728  0.17039087  0.17039087  0.17039087  0.15811244  0.21506911  0.18287943  0.22168101  0.22168101  0.20851658  0.16422583  0.14603718  0.16422583  0.16422583  0.22835336  0.17039087  0.17039087  0.32114919  0.33653391  0.32114919  0.23508728  0.29131986  0.26972171  0.32114919  0.34434962  0.27685030  0.29131986  0.31357678  0.29131986  0.27685030  0.25567008  0.28404922  0.29131986  0.26972171  0.32880101  0.29866367  0.29131986  0.29866367  0.29131986  0.29866367  0.29131986  0.29866367  0.26972171  0.28404922  0.29131986  0.27685030  0.29866367  0.29131986  0.38473537  0.32114919  0.40153696  0.39308781  0.36023675  0.35224995  0.34434962  0.31357678  0.32114919  0.40153696  0.36831192  0.35224995  0.34434962  0.33653391  0.35224995  0.29131986  0.28404922  0.29866367  0.38473537  0.41008508  0.41008508  0.26972171  0.28404922  0.34434962  0.33653391  0.32114919  0.33653391  0.43634714  0.38473537  0.40153696  0.46358968  0.37647744  0.37647744  0.34434962  0.36023675  0.31357678  0.31357678  0.31357678  0.32880101  0.34434962  0.34434962  0.29866367  0.28404922  0.41008508  0.33653391  0.33653391  0.36831192  0.36023675  0.39308781  0.33653391  0.29131986  0.30608213  
69_2_0     0.39308781  0.38473537  0.40153696  0.36831192  0.32114919  0.12247004  0.14007366  0.16422583  0.12247004  0.11096586  0.09404265  0.09964023  0.09964023  0.03002088  0.00000000  0.13415848  0.17039087  0.22835336  0.20202237  0.17039087  0.17039087  0.17039087  0.22835336  0.29131986  0.23508728  0.22168101  0.23508728  0.18287943  0.18287943  0.18287943  0.17039087  0.24188391  0.18920478  0.23508728  0.22835336  0.21506911  0.18920478  0.17039087  0.18920478  0.16422583  0.24188391  0.19558543  0.19558543  0.34434962  0.34434962  0.34434962  0.25567008  0.29866367  0.27685030  0.36023675  0.36831192  0.28404922  0.28404922  0.29131986  0.28404922  0.28404922  0.24874444  0.26266207  0.32114919  0.28404922  0.32880101  0.31357678  0.30608213  0.31357678  0.30608213  0.31357678  0.29131986  0.32114919  0.29131986  0.29131986  0.27685030  0.26972171  0.26972171  0.26266207  0.38473537  0.30608213  0.41008508  0.39308781  0.34434962  0.36023675  0.35224995  0.31357678  0.33653391  0.41873451  0.39308781  0.36023675  0.35224995  0.37647744  0.35224995  0.32880101  0.31357678  0.31357678  0.39308781  0.41008508  0.41008508  0.28404922  0.29866367  0.36023675  0.35224995  0.31357678  0.32114919  0.46358968  0.42748769  0.42748769  0.46358968  0.39308781  0.37647744  0.39308781  0.37647744  0.31357678  0.34434962  0.31357678  0.34434962  0.36023675  0.34434962  0.32880101  0.31357678  0.43634714  0.36023675  0.36023675  0.36831192  0.36023675  0.42748769  0.36831192  0.29131986  0.32114919  
41_2_0     0.40153696  0.34434962  0.36023675  0.31357678  0.29866367  0.09404265  0.09964023  0.12829086  0.08297467  0.05074362  0.04550750  0.05074362  0.12829086  0.13415848  0.13415848  0.00000000  0.14603718  0.17660844  0.16422583  0.11096586  0.11096586  0.11096586  0.16422583  0.20851658  0.15811244  0.18287943  0.17039087  0.15811244  0.15811244  0.15811244  0.18287943  0.22835336  0.22168101  0.17039087  0.25567008  0.24188391  0.23508728  0.21506911  0.23508728  0.21506911  0.26972171  0.15811244  0.15811244  0.25567008  0.26266207  0.26972171  0.27685030  0.28404922  0.27685030  0.29131986  0.30608213  0.26972171  0.26266207  0.21506911  0.20851658  0.28404922  0.24188391  0.29131986  0.29131986  0.27685030  0.32114919  0.30608213  0.28404922  0.29131986  0.28404922  0.29131986  0.28404922  0.27685030  0.27685030  0.24874444  0.22835336  0.24874444  0.25567008  0.24874444  0.36831192  0.27685030  0.36831192  0.34434962  0.36023675  0.28404922  0.26266207  0.24874444  0.36023675  0.38473537  0.28404922  0.26972171  0.27685030  0.34434962  0.33653391  0.30608213  0.26266207  0.24874444  0.32880101  0.42748769  0.42748769  0.25567008  0.25567008  0.29131986  0.28404922  0.26972171  0.26266207  0.37647744  0.42748769  0.42748769  0.43634714  0.36023675  0.36831192  0.35224995  0.33653391  0.32880101  0.32880101  0.33653391  0.36023675  0.32880101  0.30608213  0.24188391  0.26972171  0.36831192  0.34434962  0.34434962  0.28404922  0.29131986  0.31357678  0.32880101  0.26266207  0.29866367  
70_2_0     0.36023675  0.37647744  0.36023675  0.36831192  0.36831192  0.11669528  0.11669528  0.15811244  0.11096586  0.13415848  0.14603718  0.13415848  0.18287943  0.14603718  0.17039087  0.14603718  0.00000000  0.07207205  0.08848767  0.05074362  0.06132992  0.05074362  0.17660844  0.22168101  0.18920478  0.20202237  0.19558543  0.16422583  0.16422583  0.16422583  0.16422583  0.25567008  0.27685030  0.25567008  0.29866367  0.26972171  0.23508728  0.21506911  0.23508728  0.22835336  0.27685030  0.17660844  0.17660844  0.26972171  0.28404922  0.28404922  0.29131986  0.29866367  0.29866367  0.29131986  0.31357678  0.26972171  0.32114919  0.27685030  0.26266207  0.29131986  0.29131986  0.28404922  0.29131986  0.27685030  0.29131986  0.26266207  0.26972171  0.26972171  0.26266207  0.26972171  0.29131986  0.29866367  0.28404922  0.28404922  0.29866367  0.31357678  0.33653391  0.32880101  0.36831192  0.33653391  0.41008508  0.38473537  0.41008508  0.32880101  0.32114919  0.28404922  0.38473537  0.44531546  0.32880101  0.31357678  0.31357678  0.33653391  0.33653391  0.27685030  0.32114919  0.32114919  0.35224995  0.42748769  0.42748769  0.26972171  0.27685030  0.32114919  0.31357678  0.33653391  0.30608213  0.42748769  0.40153696  0.41873451  0.41008508  0.32880101  0.35224995  0.34434962  0.34434962  0.34434962  0.32114919  0.35224995  0.32880101  0.29866367  0.30608213  0.26266207  0.26266207  0.40153696  0.33653391  0.33653391  0.36831192  0.36023675  0.36831192  0.43634714  0.26266207  0.29131986  
76_2_0     0.41008508  0.36023675  0.35224995  0.36831192  0.40153696  0.17660844  0.17039087  0.19558543  0.16422583  0.17660844  0.17660844  0.16422583  0.22835336  0.18920478  0.22835336  0.17660844  0.07207205  0.00000000  0.13415848  0.09404265  0.10528107  0.09404265  0.21506911  0.22835336  0.22835336  0.25567008  0.20202237  0.19558543  0.19558543  0.19558543  0.19558543  0.28404922  0.31357678  0.24874444  0.31357678  0.31357678  0.26972171  0.24874444  0.26972171  0.24874444  0.26266207  0.18920478  0.18920478  0.28404922  0.29866367  0.29866367  0.27685030  0.30608213  0.30608213  0.26972171  0.32114919  0.29866367  0.32880101  0.29866367  0.28404922  0.29131986  0.29866367  0.34434962  0.30608213  0.29131986  0.28404922  0.26972171  0.27685030  0.28404922  0.29131986  0.28404922  0.25567008  0.26972171  0.28404922  0.28404922  0.35224995  0.36023675  0.36831192  0.36023675  0.36831192  0.37647744  0.41873451  0.39308781  0.45439537  0.35224995  0.34434962  0.30608213  0.41008508  0.46358968  0.32114919  0.30608213  0.30608213  0.28404922  0.29866367  0.28404922  0.33653391  0.32114919  0.35224995  0.41873451  0.41873451  0.26972171  0.26266207  0.29131986  0.28404922  0.33653391  0.31357678  0.44531546  0.41873451  0.43634714  0.43634714  0.35224995  0.36023675  0.33653391  0.33653391  0.36831192  0.29866367  0.34434962  0.32114919  0.32114919  0.32880101  0.24188391  0.27685030  0.42748769  0.35224995  0.35224995  0.37647744  0.36831192  0.34434962  0.39308781  0.31357678  0.30608213  
49_2_0     0.36831192  0.33653391  0.35224995  0.38473537  0.35224995  0.15811244  0.15811244  0.20202237  0.15204984  0.16422583  0.16422583  0.16422583  0.24188391  0.18920478  0.20202237  0.16422583  0.08848767  0.13415848  0.00000000  0.09964023  0.11096586  0.09964023  0.26266207  0.28404922  0.24874444  0.27685030  0.20202237  0.19558543  0.19558543  0.19558543  0.19558543  0.26972171  0.27685030  0.26972171  0.33653391  0.30608213  0.27685030  0.26972171  0.27685030  0.24188391  0.26972171  0.22835336  0.22835336  0.29866367  0.31357678  0.31357678  0.34434962  0.36831192  0.36831192  0.32880101  0.36831192  0.32880101  0.37647744  0.31357678  0.29866367  0.33653391  0.36831192  0.32880101  0.33653391  0.38473537  0.34434962  0.31357678  0.32114919  0.31357678  0.30608213  0.31357678  0.32114919  0.33653391  0.33653391  0.32880101  0.32880101  0.32880101  0.36023675  0.35224995  0.41873451  0.38473537  0.40153696  0.36023675  0.44531546  0.39308781  0.40153696  0.32880101  0.41873451  0.41873451  0.34434962  0.31357678  0.31357678  0.36023675  0.32880101  0.31357678  0.33653391  0.33653391  0.40153696  0.44531546  0.44531546  0.27685030  0.28404922  0.36831192  0.36023675  0.32880101  0.32880101  0.43634714  0.42748769  0.44531546  0.43634714  0.33653391  0.36023675  0.33653391  0.32114919  0.35224995  0.29866367  0.36023675  0.35224995  0.32114919  0.29866367  0.24874444  0.26266207  0.41008508  0.36831192  0.36831192  0.38473537  0.37647744  0.40153696  0.45439537  0.29866367  0.32114919  
28_2_0     0.36831192  0.36831192  0.32114919  0.32880101  0.31357678  0.11669528  0.11669528  0.15811244  0.11096586  0.12247004  0.11096586  0.11096586  0.15811244  0.15811244  0.17039087  0.11096586  0.05074362  0.09404265  0.09964023  0.00000000  0.00987037  0.00000000  0.19558543  0.22835336  0.20851658  0.20851658  0.20202237  0.19558543  0.19558543  0.19558543  0.18287943  0.24188391  0.26266207  0.25567008  0.29866367  0.28404922  0.24188391  0.22168101  0.24188391  0.24188391  0.26972171  0.17660844  0.17660844  0.27685030  0.29131986  0.29131986  0.30608213  0.31357678  0.31357678  0.32114919  0.31357678  0.29866367  0.28404922  0.24188391  0.22835336  0.32114919  0.27685030  0.29866367  0.32114919  0.27685030  0.27685030  0.26266207  0.26972171  0.26972171  0.26266207  0.26972171  0.32114919  0.31357678  0.28404922  0.31357678  0.27685030  0.29131986  0.31357678  0.30608213  0.36023675  0.32880101  0.37647744  0.35224995  0.36831192  0.32880101  0.32114919  0.26266207  0.41008508  0.46358968  0.34434962  0.31357678  0.31357678  0.36023675  0.34434962  0.31357678  0.30608213  0.29131986  0.32880101  0.39308781  0.39308781  0.24188391  0.23508728  0.31357678  0.30608213  0.32880101  0.32114919  0.37647744  0.38473537  0.38473537  0.37647744  0.36023675  0.36831192  0.31357678  0.29866367  0.38473537  0.32114919  0.36831192  0.36023675  0.32114919  0.32114919  0.26266207  0.24874444  0.37647744  0.35224995  0.35224995  0.36831192  0.37647744  0.36831192  0.42748769  0.29131986  0.32114919  
65_2_0     0.38473537  0.38473537  0.33653391  0.31357678  0.31357678  0.12829086  0.12829086  0.17039087  0.12247004  0.13415848  0.11096586  0.12247004  0.15811244  0.15811244  0.17039087  0.11096586  0.06132992  0.10528107  0.11096586  0.00987037  0.00000000  0.00987037  0.20851658  0.22168101  0.22168101  0.22168101  0.18920478  0.18287943  0.18287943  0.18287943  0.17039087  0.24188391  0.26266207  0.25567008  0.28404922  0.28404922  0.24188391  0.22168101  0.24188391  0.24188391  0.28404922  0.18920478  0.18920478  0.26266207  0.27685030  0.27685030  0.29131986  0.29866367  0.29866367  0.30608213  0.29866367  0.29866367  0.26972171  0.22835336  0.21506911  0.30608213  0.26266207  0.28404922  0.30608213  0.26266207  0.29131986  0.27685030  0.28404922  0.28404922  0.27685030  0.28404922  0.32114919  0.29866367  0.26972171  0.29866367  0.26266207  0.27685030  0.29866367  0.29131986  0.34434962  0.32880101  0.36023675  0.33653391  0.35224995  0.32114919  0.31357678  0.25567008  0.41873451  0.47290130  0.33653391  0.30608213  0.30608213  0.36023675  0.35224995  0.31357678  0.29866367  0.28404922  0.32880101  0.39308781  0.39308781  0.24874444  0.24188391  0.30608213  0.29866367  0.32114919  0.32114919  0.37647744  0.38473537  0.38473537  0.37647744  0.36023675  0.36831192  0.32880101  0.31357678  0.38473537  0.32114919  0.36831192  0.36023675  0.31357678  0.31357678  0.27685030  0.24874444  0.38473537  0.33653391  0.33653391  0.38473537  0.39308781  0.36831192  0.42748769  0.29131986  0.32114919  
31_2_0     0.36831192  0.36831192  0.32114919  0.32880101  0.31357678  0.11669528  0.11669528  0.15811244  0.11096586  0.12247004  0.11096586  0.11096586  0.15811244  0.15811244  0.17039087  0.11096586  0.05074362  0.09404265  0.09964023  0.00000000  0.00987037  0.00000000  0.19558543  0.22835336  0.20851658  0.20851658  0.20202237  0.19558543  0.19558543  0.19558543  0.18287943  0.24188391  0.26266207  0.25567008  0.29866367  0.28404922  0.24188391  0.22168101  0.24188391  0.24188391  0.26972171  0.17660844  0.17660844  0.27685030  0.29131986  0.29131986  0.30608213  0.31357678  0.31357678  0.32114919  0.31357678  0.29866367  0.28404922  0.24188391  0.22835336  0.32114919  0.27685030  0.29866367  0.32114919  0.27685030  0.27685030  0.26266207  0.26972171  0.26972171  0.26266207  0.26972171  0.32114919  0.31357678  0.28404922  0.31357678  0.27685030  0.29131986  0.31357678  0.30608213  0.36023675  0.32880101  0.37647744  0.35224995  0.36831192  0.32880101  0.32114919  0.26266207  0.41008508  0.46358968  0.34434962  0.31357678  0.31357678  0.36023675  0.34434962  0.31357678  0.30608213  0.29131986  0.32880101  0.39308781  0.39308781  0.24188391  0.23508728  0.31357678  0.30608213  0.32880101  0.32114919  0.37647744  0.38473537  0.38473537  0.37647744  0.36023675  0.36831192  0.31357678  0.29866367  0.38473537  0.32114919  0.36831192  0.36023675  0.32114919  0.32114919  0.26266207  0.24874444  0.37647744  0.35224995  0.35224995  0.36831192  0.37647744  0.36831192  0.42748769  0.29131986  0.32114919  
53_2_0     0.42748769  0.41873451  0.39308781  0.41873451  0.41008508  0.16422583  0.15811244  0.22168101  0.14007366  0.16422583  0.16422583  0.14007366  0.23508728  0.21506911  0.22835336  0.16422583  0.17660844  0.21506911  0.26266207  0.19558543  0.20851658  0.19558543  0.00000000  0.08297467  0.09964023  0.09964023  0.24874444  0.20202237  0.20202237  0.20202237  0.21506911  0.23508728  0.25567008  0.24874444  0.26972171  0.26266207  0.21506911  0.20851658  0.21506911  0.22168101  0.28404922  0.18287943  0.18287943  0.36023675  0.38473537  0.38473537  0.37647744  0.37647744  0.34434962  0.34434962  0.33653391  0.28404922  0.36831192  0.32114919  0.32880101  0.35224995  0.29866367  0.39308781  0.36023675  0.32880101  0.30608213  0.29866367  0.29131986  0.33653391  0.34434962  0.33653391  0.30608213  0.32880101  0.31357678  0.35224995  0.35224995  0.34434962  0.38473537  0.37647744  0.47290130  0.37647744  0.52132965  0.48233328  0.43634714  0.33653391  0.32880101  0.28404922  0.37647744  0.43634714  0.37647744  0.36831192  0.37647744  0.37647744  0.43634714  0.36023675  0.36831192  0.35224995  0.34434962  0.44531546  0.44531546  0.32114919  0.33653391  0.29866367  0.29131986  0.31357678  0.30608213  0.48233328  0.49188876  0.50157102  0.46358968  0.37647744  0.44531546  0.41873451  0.40153696  0.39308781  0.36023675  0.41873451  0.37647744  0.38473537  0.37647744  0.30608213  0.29866367  0.43634714  0.41873451  0.41873451  0.37647744  0.38473537  0.41873451  0.47290130  0.27685030  0.35224995  
86_2_0     0.46358968  0.45439537  0.39308781  0.41873451  0.45439537  0.21506911  0.23508728  0.24874444  0.21506911  0.22835336  0.22168101  0.21506911  0.29866367  0.27685030  0.29131986  0.20851658  0.22168101  0.22835336  0.28404922  0.22835336  0.22168101  0.22835336  0.08297467  0.00000000  0.13415848  0.13415848  0.26972171  0.23508728  0.23508728  0.23508728  0.20851658  0.24188391  0.32114919  0.26972171  0.26972171  0.29131986  0.26972171  0.26266207  0.26972171  0.28404922  0.29866367  0.24188391  0.22835336  0.36831192  0.37647744  0.37647744  0.36831192  0.40153696  0.43634714  0.36023675  0.37647744  0.31357678  0.36831192  0.31357678  0.29131986  0.35224995  0.32114919  0.37647744  0.36023675  0.37647744  0.35224995  0.34434962  0.33653391  0.40153696  0.41008508  0.40153696  0.33653391  0.32880101  0.34434962  0.35224995  0.36023675  0.35224995  0.37647744  0.36831192  0.43634714  0.36831192  0.51138346  0.47290130  0.44531546  0.36831192  0.36023675  0.32114919  0.42748769  0.47290130  0.36831192  0.36023675  0.35224995  0.36831192  0.45439537  0.35224995  0.34434962  0.36023675  0.37647744  0.43634714  0.43634714  0.33653391  0.35224995  0.29131986  0.28404922  0.31357678  0.33653391  0.48233328  0.47290130  0.48233328  0.44531546  0.37647744  0.42748769  0.45439537  0.43634714  0.40153696  0.36023675  0.43634714  0.41008508  0.34434962  0.38473537  0.32114919  0.29131986  0.41873451  0.44531546  0.44531546  0.38473537  0.39308781  0.38473537  0.45439537  0.35224995  0.38473537  
20_2_0     0.42748769  0.43634714  0.41873451  0.41008508  0.40153696  0.18287943  0.17660844  0.18920478  0.17039087  0.18287943  0.18287943  0.18287943  0.23508728  0.19558543  0.23508728  0.15811244  0.18920478  0.22835336  0.24874444  0.20851658  0.22168101  0.20851658  0.09964023  0.13415848  0.00000000  0.05074362  0.27685030  0.22835336  0.22835336  0.22835336  0.22835336  0.24188391  0.26266207  0.26972171  0.31357678  0.29131986  0.24188391  0.24874444  0.24188391  0.24188391  0.30608213  0.20202237  0.18920478  0.36831192  0.36831192  0.37647744  0.39308781  0.36831192  0.35224995  0.36023675  0.40153696  0.35224995  0.34434962  0.29866367  0.29131986  0.35224995  0.29131986  0.37647744  0.36023675  0.35224995  0.38473537  0.36023675  0.35224995  0.36831192  0.36023675  0.36831192  0.36023675  0.38473537  0.36831192  0.32880101  0.40153696  0.37647744  0.37647744  0.36831192  0.50157102  0.41008508  0.48233328  0.48233328  0.47290130  0.39308781  0.36831192  0.36023675  0.41873451  0.50157102  0.35224995  0.36023675  0.35224995  0.41008508  0.43634714  0.34434962  0.34434962  0.36023675  0.36023675  0.51138346  0.51138346  0.33653391  0.35224995  0.36023675  0.35224995  0.37647744  0.31357678  0.44531546  0.49188876  0.50157102  0.47290130  0.40153696  0.42748769  0.41873451  0.43634714  0.40153696  0.39308781  0.40153696  0.39308781  0.37647744  0.41873451  0.32114919  0.31357678  0.43634714  0.42748769  0.42748769  0.37647744  0.36831192  0.40153696  0.41008508  0.30608213  0.35224995  
33_2_0     0.37647744  0.38473537  0.43634714  0.41008508  0.38473537  0.17039087  0.17660844  0.20202237  0.17039087  0.18287943  0.17039087  0.17039087  0.22168101  0.19558543  0.22168101  0.18287943  0.20202237  0.25567008  0.27685030  0.20851658  0.22168101  0.20851658  0.09964023  0.13415848  0.05074362  0.00000000  0.26972171  0.23508728  0.23508728  0.23508728  0.22168101  0.24188391  0.24874444  0.25567008  0.31357678  0.29131986  0.22168101  0.21506911  0.22168101  0.22835336  0.32114919  0.21506911  0.20202237  0.35224995  0.36023675  0.36023675  0.37647744  0.33653391  0.35224995  0.37647744  0.38473537  0.35224995  0.32880101  0.31357678  0.30608213  0.33653391  0.26266207  0.34434962  0.34434962  0.32114919  0.37647744  0.35224995  0.36023675  0.36831192  0.36023675  0.36831192  0.37647744  0.36831192  0.33653391  0.31357678  0.36831192  0.38473537  0.36023675  0.35224995  0.50157102  0.38473537  0.46358968  0.46358968  0.44531546  0.36023675  0.33653391  0.34434962  0.39308781  0.45439537  0.37647744  0.36831192  0.36023675  0.39308781  0.43634714  0.32880101  0.35224995  0.35224995  0.41873451  0.52132965  0.52132965  0.33653391  0.35224995  0.36023675  0.35224995  0.31357678  0.34434962  0.43634714  0.48233328  0.49188876  0.43634714  0.40153696  0.44531546  0.40153696  0.41873451  0.41873451  0.36023675  0.39308781  0.37647744  0.36831192  0.38473537  0.32114919  0.29866367  0.40153696  0.40153696  0.40153696  0.42748769  0.41873451  0.37647744  0.43634714  0.32880101  0.39308781  
