141
6_5_0      0.00000000  0.22958482  0.26017585  0.63199446  0.59818435  0.49081016  0.51991626  0.53491494  0.51991626  0.56586658  0.66744142  0.59818435  0.59818435  0.59818435  0.61489430  0.64950349  0.66744142  0.66744142  0.56586658  0.58184720  0.59818435  0.59818435  0.59818435  0.63199446  0.68582980  0.66744142  0.64950349  0.61489430  0.59818435  0.56586658  0.58184720  0.58184720  0.58184720  0.64950349  0.64950349  0.72405255  0.68582980  0.51991626  0.68582980  0.64950349  0.63199446  0.59818435  0.61489430  0.76438072  0.58184720  0.63199446  0.58184720  0.59818435  0.68582980  0.66744142  0.66744142  0.63199446  0.63199446  0.64950349  0.66744142  0.68582980  0.59818435  0.59818435  0.58184720  0.55022725  0.50521862  0.56586658  0.58184720  0.55022725  0.56586658  0.58184720  0.53491494  0.53491494  0.53491494  0.74393906  0.63199446  0.64950349  0.63199446  0.66744142  0.55022725  0.56586658  0.68582980  0.58184720  0.61489430  0.56586658  0.59818435  0.58184720  0.74393906  0.70469183  0.51991626  0.51991626  0.56586658  0.58184720  0.55022725  0.56586658  0.59818435  0.58184720  0.58184720  0.61489430  0.58184720  0.58184720  0.53491494  0.53491494  0.55022725  0.55022725  0.58184720  0.58184720  0.59818435  0.59818435  0.63199446  0.61489430  0.61489430  0.59818435  0.63199446  0.59818435  0.64950349  0.64950349  0.55022725  0.58184720  0.56586658  0.56586658  0.58184720  0.58184720  0.56586658  0.58184720  0.59818435  0.59818435  0.53491494  0.53491494  0.51991626  0.50521862  0.56586658  0.56586658  0.59818435  0.64950349  0.64950349  0.64950349  0.49081016  0.46281682  0.61489430  0.74393906  0.68582980  0.80705984  0.78540941  0.64950349  0.72405255  
2_6_0      0.22958482  0.00000000  0.21966534  0.63199446  0.61489430  0.55022725  0.58184720  0.56586658  0.56586658  0.59818435  0.64950349  0.55022725  0.55022725  0.51991626  0.53491494  0.59818435  0.61489430  0.55022725  0.61489430  0.58184720  0.61489430  0.61489430  0.58184720  0.58184720  0.61489430  0.61489430  0.70469183  0.55022725  0.50521862  0.53491494  0.51991626  0.51991626  0.61489430  0.51991626  0.56586658  0.61489430  0.68582980  0.55022725  0.64950349  0.59818435  0.61489430  0.56586658  0.58184720  0.72405255  0.51991626  0.59818435  0.51991626  0.53491494  0.55022725  0.53491494  0.50521862  0.55022725  0.82936991  0.80705984  0.78540941  0.80705984  0.78540941  0.76438072  0.76438072  0.53491494  0.55022725  0.56586658  0.58184720  0.58184720  0.49081016  0.49081016  0.46281682  0.46281682  0.51991626  0.72405255  0.74393906  0.76438072  0.74393906  0.70469183  0.59818435  0.61489430  0.80705984  0.61489430  0.56586658  0.59818435  0.64950349  0.63199446  0.63199446  0.59818435  0.49081016  0.49081016  0.53491494  0.51991626  0.49081016  0.47667974  0.46281682  0.47667974  0.49081016  0.53491494  0.56586658  0.47667974  0.50521862  0.50521862  0.49081016  0.49081016  0.50521862  0.50521862  0.51991626  0.51991626  0.58184720  0.59818435  0.59818435  0.56586658  0.55022725  0.51991626  0.59818435  0.56586658  0.50521862  0.55022725  0.53491494  0.55022725  0.55022725  0.53491494  0.59818435  0.64950349  0.59818435  0.64950349  0.56586658  0.59818435  0.63199446  0.55022725  0.63199446  0.68582980  0.64950349  0.74393906  0.70469183  0.70469183  0.63199446  0.63199446  0.64950349  0.72405255  0.63199446  0.78540941  0.76438072  0.70469183  0.92609964  
1_7_0      0.26017585  0.21966534  0.00000000  0.64950349  0.70469183  0.64950349  0.68582980  0.63199446  0.63199446  0.70469183  0.74393906  0.64950349  0.64950349  0.68582980  0.66744142  0.66744142  0.66744142  0.74393906  0.63199446  0.66744142  0.68582980  0.68582980  0.70469183  0.72405255  0.63199446  0.68582980  0.82936991  0.70469183  0.70469183  0.66744142  0.68582980  0.68582980  0.68582980  0.63199446  0.70469183  0.74393906  0.76438072  0.70469183  0.56586658  0.63199446  0.74393906  0.70469183  0.68582980  0.80705984  0.70469183  0.70469183  0.70469183  0.72405255  0.70469183  0.68582980  0.68582980  0.70469183  0.68582980  0.66744142  0.68582980  0.70469183  0.68582980  0.66744142  0.70469183  0.63199446  0.63199446  0.74393906  0.74393906  0.66744142  0.59818435  0.59818435  0.59818435  0.59818435  0.58184720  0.80705984  0.66744142  0.68582980  0.66744142  0.70469183  0.63199446  0.61489430  0.85238107  0.59818435  0.64950349  0.56586658  0.66744142  0.61489430  0.72405255  0.68582980  0.63199446  0.63199446  0.58184720  0.59818435  0.63199446  0.64950349  0.66744142  0.64950349  0.66744142  0.68582980  0.70469183  0.63199446  0.63199446  0.63199446  0.61489430  0.61489430  0.56586658  0.59818435  0.61489430  0.61489430  0.61489430  0.59818435  0.63199446  0.66744142  0.53491494  0.50521862  0.61489430  0.59818435  0.53491494  0.56586658  0.59818435  0.58184720  0.58184720  0.56586658  0.64950349  0.70469183  0.63199446  0.64950349  0.56586658  0.59818435  0.63199446  0.58184720  0.64950349  0.74393906  0.70469183  0.76438072  0.72405255  0.76438072  0.61489430  0.61489430  0.72405255  0.76438072  0.66744142  0.74393906  0.72405255  0.58184720  0.80705984  
37_23_0    0.63199446  0.63199446  0.64950349  0.00000000  0.04515988  0.11006125  0.11859379  0.07689181  0.08504439  0.13596304  0.27066358  0.15375429  0.15375429  0.15375429  0.14480464  0.30305926  0.38473615  0.34861093  0.29210069  0.30305926  0.32548097  0.32548097  0.30305926  0.34861093  0.33695463  0.64950349  0.68582980  0.51991626  0.53491494  0.53491494  0.55022725  0.55022725  0.63199446  0.59818435  0.53491494  0.51991626  0.46281682  0.56586658  0.51991626  0.50521862  0.50521862  0.55022725  0.50521862  0.68582980  0.47667974  0.50521862  0.44921146  0.46281682  0.44921146  0.46281682  0.46281682  0.51991626  0.63199446  0.66744142  0.59818435  0.63199446  0.61489430  0.59818435  0.61489430  0.50521862  0.53491494  0.61489430  0.61489430  0.51991626  0.50521862  0.50521862  0.50521862  0.50521862  0.39718506  0.47667974  0.68582980  0.66744142  0.68582980  0.63199446  0.53491494  0.49081016  0.56586658  0.46281682  0.53491494  0.50521862  0.47667974  0.50521862  0.49081016  0.50521862  0.53491494  0.53491494  0.53491494  0.55022725  0.55022725  0.49081016  0.53491494  0.51991626  0.53491494  0.58184720  0.56586658  0.46281682  0.44921146  0.42273634  0.43585426  0.44921146  0.44921146  0.44921146  0.46281682  0.46281682  0.51991626  0.53491494  0.49081016  0.51991626  0.44921146  0.44921146  0.47667974  0.46281682  0.49081016  0.49081016  0.50521862  0.46281682  0.46281682  0.47667974  0.66744142  0.66744142  0.59818435  0.49081016  0.51991626  0.55022725  0.55022725  0.58184720  0.56586658  0.56586658  0.59818435  0.63199446  0.59818435  0.59818435  0.64950349  0.61489430  0.66744142  0.70469183  0.64950349  0.78540941  0.74393906  0.66744142  0.72405255  
37_22_0    0.59818435  0.61489430  0.70469183  0.04515988  0.00000000  0.07689181  0.08504439  0.04515988  0.05296489  0.10162698  0.30305926  0.13596304  0.13596304  0.13596304  0.12722692  0.32548097  0.38473615  0.34861093  0.31418430  0.30305926  0.30305926  0.30305926  0.28130370  0.30305926  0.37249533  0.63199446  0.68582980  0.50521862  0.51991626  0.51991626  0.53491494  0.53491494  0.61489430  0.58184720  0.51991626  0.50521862  0.47667974  0.51991626  0.47667974  0.46281682  0.49081016  0.53491494  0.49081016  0.68582980  0.43585426  0.51991626  0.40984927  0.42273634  0.46281682  0.47667974  0.47667974  0.53491494  0.59818435  0.59818435  0.56586658  0.59818435  0.58184720  0.56586658  0.58184720  0.47667974  0.53491494  0.58184720  0.58184720  0.53491494  0.50521862  0.50521862  0.50521862  0.50521862  0.42273634  0.46281682  0.63199446  0.61489430  0.63199446  0.61489430  0.55022725  0.50521862  0.58184720  0.46281682  0.50521862  0.50521862  0.44921146  0.47667974  0.49081016  0.50521862  0.50521862  0.50521862  0.53491494  0.55022725  0.51991626  0.46281682  0.50521862  0.49081016  0.50521862  0.55022725  0.56586658  0.46281682  0.42273634  0.42273634  0.43585426  0.43585426  0.47667974  0.44921146  0.46281682  0.46281682  0.51991626  0.53491494  0.51991626  0.47667974  0.44921146  0.47667974  0.47667974  0.43585426  0.44921146  0.43585426  0.44921146  0.40984927  0.40984927  0.42273634  0.59818435  0.64950349  0.56586658  0.51991626  0.51991626  0.51991626  0.51991626  0.51991626  0.53491494  0.53491494  0.56586658  0.59818435  0.56586658  0.53491494  0.64950349  0.61489430  0.58184720  0.64950349  0.63199446  0.76438072  0.72405255  0.68582980  0.72405255  
19_9_0     0.49081016  0.55022725  0.64950349  0.11006125  0.07689181  0.00000000  0.02979507  0.02979507  0.03743718  0.09328875  0.30305926  0.11859379  0.11859379  0.13596304  0.12722692  0.32548097  0.38473615  0.29210069  0.30305926  0.30305926  0.28130370  0.28130370  0.28130370  0.30305926  0.38473615  0.59818435  0.66744142  0.53491494  0.55022725  0.55022725  0.56586658  0.56586658  0.61489430  0.61489430  0.51991626  0.53491494  0.50521862  0.46281682  0.51991626  0.53491494  0.44921146  0.46281682  0.47667974  0.61489430  0.47667974  0.56586658  0.44921146  0.46281682  0.47667974  0.51991626  0.49081016  0.55022725  0.59818435  0.63199446  0.59818435  0.63199446  0.55022725  0.53491494  0.55022725  0.43585426  0.51991626  0.56586658  0.56586658  0.51991626  0.46281682  0.46281682  0.46281682  0.46281682  0.42273634  0.53491494  0.61489430  0.59818435  0.61489430  0.56586658  0.55022725  0.50521862  0.59818435  0.44921146  0.55022725  0.49081016  0.43585426  0.46281682  0.50521862  0.51991626  0.50521862  0.50521862  0.53491494  0.58184720  0.51991626  0.50521862  0.53491494  0.51991626  0.53491494  0.58184720  0.53491494  0.51991626  0.47667974  0.47667974  0.49081016  0.49081016  0.50521862  0.50521862  0.51991626  0.51991626  0.55022725  0.56586658  0.55022725  0.46281682  0.51991626  0.51991626  0.51991626  0.47667974  0.46281682  0.47667974  0.46281682  0.44921146  0.44921146  0.46281682  0.59818435  0.64950349  0.53491494  0.51991626  0.56586658  0.56586658  0.53491494  0.56586658  0.55022725  0.53491494  0.56586658  0.59818435  0.59818435  0.56586658  0.58184720  0.55022725  0.56586658  0.66744142  0.66744142  0.74393906  0.70469183  0.63199446  0.70469183  
45_9_0     0.51991626  0.58184720  0.68582980  0.11859379  0.08504439  0.02979507  0.00000000  0.04515988  0.05296489  0.07689181  0.30305926  0.13596304  0.13596304  0.15375429  0.14480464  0.34861093  0.40984927  0.33695463  0.32548097  0.32548097  0.30305926  0.30305926  0.30305926  0.32548097  0.38473615  0.59818435  0.68582980  0.53491494  0.55022725  0.55022725  0.56586658  0.56586658  0.64950349  0.61489430  0.51991626  0.53491494  0.50521862  0.49081016  0.50521862  0.51991626  0.44921146  0.47667974  0.46281682  0.63199446  0.47667974  0.56586658  0.46281682  0.47667974  0.47667974  0.51991626  0.49081016  0.55022725  0.63199446  0.66744142  0.63199446  0.64950349  0.58184720  0.56586658  0.56586658  0.44921146  0.55022725  0.59818435  0.59818435  0.55022725  0.49081016  0.49081016  0.49081016  0.49081016  0.44921146  0.53491494  0.64950349  0.63199446  0.64950349  0.59818435  0.55022725  0.50521862  0.59818435  0.47667974  0.58184720  0.51991626  0.46281682  0.49081016  0.51991626  0.53491494  0.53491494  0.53491494  0.56586658  0.61489430  0.55022725  0.53491494  0.56586658  0.55022725  0.56586658  0.61489430  0.56586658  0.51991626  0.47667974  0.47667974  0.49081016  0.49081016  0.50521862  0.50521862  0.51991626  0.51991626  0.55022725  0.56586658  0.58184720  0.49081016  0.55022725  0.55022725  0.55022725  0.50521862  0.49081016  0.50521862  0.49081016  0.47667974  0.47667974  0.49081016  0.63199446  0.68582980  0.56586658  0.55022725  0.56586658  0.56586658  0.53491494  0.56586658  0.59818435  0.55022725  0.58184720  0.61489430  0.61489430  0.58184720  0.59818435  0.56586658  0.58184720  0.66744142  0.64950349  0.76438072  0.72405255  0.68582980  0.70469183  
19_24_0    0.53491494  0.56586658  0.63199446  0.07689181  0.04515988  0.02979507  0.04515988  0.00000000  0.00733589  0.06085399  0.28130370  0.08504439  0.08504439  0.10162698  0.09328875  0.28130370  0.36045576  0.29210069  0.28130370  0.29210069  0.27066358  0.27066358  0.27066358  0.29210069  0.36045576  0.61489430  0.66744142  0.51991626  0.53491494  0.53491494  0.55022725  0.55022725  0.63199446  0.56586658  0.47667974  0.51991626  0.49081016  0.47667974  0.47667974  0.49081016  0.46281682  0.50521862  0.46281682  0.63199446  0.46281682  0.55022725  0.43585426  0.44921146  0.46281682  0.50521862  0.47667974  0.53491494  0.61489430  0.64950349  0.61489430  0.64950349  0.59818435  0.58184720  0.59818435  0.44921146  0.53491494  0.58184720  0.58184720  0.56586658  0.47667974  0.47667974  0.47667974  0.47667974  0.46281682  0.49081016  0.63199446  0.61489430  0.63199446  0.58184720  0.50521862  0.46281682  0.55022725  0.43585426  0.53491494  0.47667974  0.42273634  0.44921146  0.49081016  0.50521862  0.51991626  0.51991626  0.55022725  0.59818435  0.56586658  0.50521862  0.55022725  0.53491494  0.55022725  0.59818435  0.55022725  0.50521862  0.46281682  0.46281682  0.47667974  0.47667974  0.49081016  0.49081016  0.50521862  0.50521862  0.53491494  0.55022725  0.56586658  0.46281682  0.49081016  0.49081016  0.51991626  0.47667974  0.43585426  0.44921146  0.46281682  0.42273634  0.42273634  0.43585426  0.58184720  0.63199446  0.51991626  0.50521862  0.51991626  0.51991626  0.51991626  0.51991626  0.53491494  0.50521862  0.53491494  0.59818435  0.56586658  0.53491494  0.59818435  0.56586658  0.55022725  0.64950349  0.61489430  0.74393906  0.70469183  0.66744142  0.70469183  
45_24_0    0.51991626  0.56586658  0.63199446  0.08504439  0.05296489  0.03743718  0.05296489  0.00733589  0.00000000  0.06882900  0.27066358  0.07689181  0.07689181  0.09328875  0.08504439  0.27066358  0.34861093  0.29210069  0.28130370  0.29210069  0.27066358  0.27066358  0.27066358  0.29210069  0.36045576  0.61489430  0.66744142  0.51991626  0.53491494  0.53491494  0.55022725  0.55022725  0.63199446  0.56586658  0.47667974  0.51991626  0.49081016  0.47667974  0.47667974  0.47667974  0.46281682  0.50521862  0.46281682  0.63199446  0.46281682  0.55022725  0.43585426  0.44921146  0.46281682  0.50521862  0.47667974  0.53491494  0.61489430  0.64950349  0.61489430  0.64950349  0.59818435  0.58184720  0.59818435  0.43585426  0.51991626  0.56586658  0.56586658  0.55022725  0.47667974  0.47667974  0.47667974  0.47667974  0.46281682  0.49081016  0.61489430  0.59818435  0.61489430  0.58184720  0.49081016  0.44921146  0.55022725  0.43585426  0.53491494  0.47667974  0.42273634  0.44921146  0.49081016  0.50521862  0.51991626  0.51991626  0.55022725  0.59818435  0.55022725  0.50521862  0.55022725  0.53491494  0.55022725  0.59818435  0.55022725  0.50521862  0.46281682  0.46281682  0.47667974  0.47667974  0.49081016  0.49081016  0.50521862  0.50521862  0.53491494  0.55022725  0.56586658  0.46281682  0.49081016  0.49081016  0.51991626  0.47667974  0.43585426  0.44921146  0.46281682  0.42273634  0.42273634  0.43585426  0.58184720  0.63199446  0.51991626  0.50521862  0.51991626  0.51991626  0.51991626  0.51991626  0.53491494  0.50521862  0.53491494  0.59818435  0.56586658  0.53491494  0.58184720  0.55022725  0.55022725  0.64950349  0.61489430  0.74393906  0.70469183  0.66744142  0.70469183  
37_9_0     0.56586658  0.59818435  0.70469183  0.13596304  0.10162698  0.09328875  0.07689181  0.06085399  0.06882900  0.00000000  0.31418430  0.13596304  0.13596304  0.15375429  0.14480464  0.32548097  0.40984927  0.37249533  0.32548097  0.32548097  0.30305926  0.30305926  0.30305926  0.32548097  0.36045576  0.64950349  0.63199446  0.53491494  0.55022725  0.55022725  0.56586658  0.56586658  0.66744142  0.61489430  0.49081016  0.58184720  0.53491494  0.50521862  0.51991626  0.51991626  0.49081016  0.51991626  0.47667974  0.64950349  0.49081016  0.58184720  0.47667974  0.49081016  0.47667974  0.51991626  0.49081016  0.55022725  0.64950349  0.68582980  0.64950349  0.68582980  0.63199446  0.61489430  0.64950349  0.47667974  0.59818435  0.63199446  0.63199446  0.61489430  0.50521862  0.50521862  0.50521862  0.50521862  0.51991626  0.51991626  0.61489430  0.59818435  0.61489430  0.56586658  0.55022725  0.50521862  0.53491494  0.44921146  0.55022725  0.49081016  0.46281682  0.49081016  0.56586658  0.58184720  0.53491494  0.53491494  0.59818435  0.64950349  0.61489430  0.55022725  0.56586658  0.58184720  0.59818435  0.64950349  0.59818435  0.56586658  0.55022725  0.55022725  0.56586658  0.56586658  0.58184720  0.58184720  0.59818435  0.59818435  0.61489430  0.63199446  0.64950349  0.49081016  0.51991626  0.51991626  0.55022725  0.50521862  0.46281682  0.47667974  0.49081016  0.44921146  0.44921146  0.46281682  0.66744142  0.61489430  0.53491494  0.53491494  0.55022725  0.55022725  0.53491494  0.59818435  0.61489430  0.58184720  0.61489430  0.68582980  0.64950349  0.61489430  0.64950349  0.61489430  0.58184720  0.68582980  0.61489430  0.76438072  0.72405255  0.70469183  0.72405255  
45_17_0    0.66744142  0.64950349  0.74393906  0.27066358  0.30305926  0.30305926  0.30305926  0.28130370  0.27066358  0.31418430  0.00000000  0.23964051  0.23964051  0.22958482  0.22958482  0.37249533  0.44921146  0.42273634  0.46281682  0.44921146  0.44921146  0.44921146  0.44921146  0.49081016  0.47667974  0.64950349  0.76438072  0.66744142  0.68582980  0.68582980  0.66744142  0.66744142  0.70469183  0.70469183  0.70469183  0.70469183  0.64950349  0.59818435  0.61489430  0.53491494  0.58184720  0.59818435  0.55022725  0.76438072  0.66744142  0.70469183  0.66744142  0.68582980  0.66744142  0.72405255  0.68582980  0.66744142  0.82936991  0.85238107  0.80705984  0.85238107  0.78540941  0.85238107  0.82936991  0.63199446  0.76438072  0.74393906  0.74393906  0.72405255  0.70469183  0.74393906  0.70469183  0.70469183  0.64950349  0.63199446  0.80705984  0.82936991  0.80705984  0.78540941  0.72405255  0.70469183  0.82936991  0.70469183  0.68582980  0.68582980  0.63199446  0.66744142  0.72405255  0.70469183  0.76438072  0.76438072  0.74393906  0.76438072  0.74393906  0.70469183  0.70469183  0.72405255  0.78540941  0.80705984  0.74393906  0.66744142  0.68582980  0.64950349  0.66744142  0.66744142  0.64950349  0.68582980  0.70469183  0.70469183  0.76438072  0.78540941  0.74393906  0.61489430  0.59818435  0.56586658  0.61489430  0.58184720  0.61489430  0.61489430  0.63199446  0.58184720  0.58184720  0.59818435  0.92609964  0.90069325  0.76438072  0.72405255  0.76438072  0.80705984  0.72405255  0.76438072  0.85238107  0.76438072  0.76438072  0.80705984  0.80705984  0.80705984  0.70469183  0.66744142  0.74393906  0.72405255  0.68582980  0.80705984  0.76438072  0.74393906  0.87613883  
54_15_0    0.59818435  0.55022725  0.64950349  0.15375429  0.13596304  0.11859379  0.13596304  0.08504439  0.07689181  0.13596304  0.23964051  0.00000000  0.00000000  0.01474601  0.00733589  0.28130370  0.33695463  0.28130370  0.27066358  0.26017585  0.23964051  0.23964051  0.23964051  0.26017585  0.30305926  0.56586658  0.68582980  0.51991626  0.53491494  0.53491494  0.55022725  0.55022725  0.63199446  0.56586658  0.47667974  0.58184720  0.55022725  0.47667974  0.55022725  0.53491494  0.46281682  0.50521862  0.46281682  0.59818435  0.46281682  0.55022725  0.43585426  0.44921146  0.47667974  0.51991626  0.49081016  0.49081016  0.68582980  0.72405255  0.64950349  0.68582980  0.66744142  0.68582980  0.66744142  0.43585426  0.55022725  0.59818435  0.59818435  0.58184720  0.44921146  0.44921146  0.44921146  0.44921146  0.51991626  0.47667974  0.58184720  0.56586658  0.58184720  0.58184720  0.55022725  0.50521862  0.61489430  0.46281682  0.56586658  0.50521862  0.44921146  0.47667974  0.51991626  0.50521862  0.58184720  0.58184720  0.58184720  0.63199446  0.58184720  0.56586658  0.55022725  0.56586658  0.61489430  0.63199446  0.55022725  0.50521862  0.49081016  0.49081016  0.50521862  0.50521862  0.51991626  0.51991626  0.53491494  0.53491494  0.53491494  0.55022725  0.56586658  0.47667974  0.47667974  0.47667974  0.50521862  0.46281682  0.39718506  0.43585426  0.44921146  0.40984927  0.40984927  0.42273634  0.64950349  0.70469183  0.58184720  0.56586658  0.61489430  0.61489430  0.58184720  0.58184720  0.63199446  0.56586658  0.56586658  0.63199446  0.59818435  0.56586658  0.61489430  0.61489430  0.56586658  0.63199446  0.59818435  0.72405255  0.68582980  0.61489430  0.78540941  
42_15_0    0.59818435  0.55022725  0.64950349  0.15375429  0.13596304  0.11859379  0.13596304  0.08504439  0.07689181  0.13596304  0.23964051  0.00000000  0.00000000  0.01474601  0.00733589  0.28130370  0.33695463  0.28130370  0.27066358  0.26017585  0.23964051  0.23964051  0.23964051  0.26017585  0.30305926  0.56586658  0.68582980  0.51991626  0.53491494  0.53491494  0.55022725  0.55022725  0.63199446  0.56586658  0.47667974  0.58184720  0.55022725  0.47667974  0.55022725  0.53491494  0.46281682  0.50521862  0.46281682  0.59818435  0.46281682  0.55022725  0.43585426  0.44921146  0.47667974  0.51991626  0.49081016  0.49081016  0.68582980  0.72405255  0.64950349  0.68582980  0.66744142  0.68582980  0.66744142  0.43585426  0.55022725  0.59818435  0.59818435  0.58184720  0.44921146  0.44921146  0.44921146  0.44921146  0.51991626  0.47667974  0.58184720  0.56586658  0.58184720  0.58184720  0.55022725  0.50521862  0.61489430  0.46281682  0.56586658  0.50521862  0.44921146  0.47667974  0.51991626  0.50521862  0.58184720  0.58184720  0.58184720  0.63199446  0.58184720  0.56586658  0.55022725  0.56586658  0.61489430  0.63199446  0.55022725  0.50521862  0.49081016  0.49081016  0.50521862  0.50521862  0.51991626  0.51991626  0.53491494  0.53491494  0.53491494  0.55022725  0.56586658  0.47667974  0.47667974  0.47667974  0.50521862  0.46281682  0.39718506  0.43585426  0.44921146  0.40984927  0.40984927  0.42273634  0.64950349  0.70469183  0.58184720  0.56586658  0.61489430  0.61489430  0.58184720  0.58184720  0.63199446  0.56586658  0.56586658  0.63199446  0.59818435  0.56586658  0.61489430  0.61489430  0.56586658  0.63199446  0.59818435  0.72405255  0.68582980  0.61489430  0.78540941  
54_16_0    0.59818435  0.51991626  0.68582980  0.15375429  0.13596304  0.13596304  0.15375429  0.10162698  0.09328875  0.15375429  0.22958482  0.01474601  0.01474601  0.00000000  0.00733589  0.28130370  0.33695463  0.29210069  0.29210069  0.26017585  0.23964051  0.23964051  0.23964051  0.26017585  0.30305926  0.59818435  0.70469183  0.51991626  0.53491494  0.53491494  0.55022725  0.55022725  0.66744142  0.59818435  0.50521862  0.58184720  0.58184720  0.50521862  0.58184720  0.53491494  0.49081016  0.53491494  0.49081016  0.63199446  0.46281682  0.53491494  0.43585426  0.44921146  0.47667974  0.51991626  0.49081016  0.49081016  0.68582980  0.72405255  0.64950349  0.68582980  0.70469183  0.72405255  0.70469183  0.46281682  0.58184720  0.63199446  0.63199446  0.55022725  0.47667974  0.47667974  0.47667974  0.47667974  0.51991626  0.47667974  0.61489430  0.59818435  0.61489430  0.61489430  0.58184720  0.53491494  0.64950349  0.49081016  0.56586658  0.53491494  0.47667974  0.50521862  0.55022725  0.53491494  0.61489430  0.61489430  0.61489430  0.63199446  0.58184720  0.56586658  0.55022725  0.56586658  0.61489430  0.63199446  0.55022725  0.50521862  0.49081016  0.49081016  0.50521862  0.50521862  0.51991626  0.51991626  0.53491494  0.53491494  0.56586658  0.58184720  0.56586658  0.50521862  0.47667974  0.47667974  0.50521862  0.46281682  0.39718506  0.43585426  0.44921146  0.40984927  0.40984927  0.42273634  0.68582980  0.74393906  0.61489430  0.56586658  0.61489430  0.61489430  0.58184720  0.58184720  0.66744142  0.59818435  0.59818435  0.66744142  0.63199446  0.59818435  0.64950349  0.64950349  0.59818435  0.63199446  0.63199446  0.72405255  0.68582980  0.63199446  0.76438072  
42_16_0    0.61489430  0.53491494  0.66744142  0.14480464  0.12722692  0.12722692  0.14480464  0.09328875  0.08504439  0.14480464  0.22958482  0.00733589  0.00733589  0.00733589  0.00000000  0.27066358  0.32548097  0.28130370  0.28130370  0.24983620  0.22958482  0.22958482  0.22958482  0.24983620  0.29210069  0.58184720  0.70469183  0.50521862  0.51991626  0.51991626  0.53491494  0.53491494  0.64950349  0.58184720  0.49081016  0.56586658  0.56586658  0.49081016  0.56586658  0.51991626  0.47667974  0.51991626  0.47667974  0.61489430  0.44921146  0.53491494  0.42273634  0.43585426  0.46281682  0.50521862  0.47667974  0.47667974  0.66744142  0.70469183  0.63199446  0.66744142  0.68582980  0.70469183  0.68582980  0.44921146  0.56586658  0.61489430  0.61489430  0.56586658  0.46281682  0.46281682  0.46281682  0.46281682  0.50521862  0.46281682  0.59818435  0.58184720  0.59818435  0.59818435  0.56586658  0.51991626  0.63199446  0.47667974  0.55022725  0.51991626  0.46281682  0.49081016  0.53491494  0.51991626  0.59818435  0.59818435  0.59818435  0.61489430  0.56586658  0.55022725  0.53491494  0.55022725  0.59818435  0.61489430  0.53491494  0.49081016  0.47667974  0.47667974  0.49081016  0.49081016  0.50521862  0.50521862  0.51991626  0.51991626  0.55022725  0.56586658  0.55022725  0.49081016  0.46281682  0.46281682  0.49081016  0.44921146  0.38473615  0.42273634  0.43585426  0.39718506  0.39718506  0.40984927  0.66744142  0.72405255  0.59818435  0.55022725  0.59818435  0.59818435  0.56586658  0.56586658  0.64950349  0.58184720  0.58184720  0.64950349  0.61489430  0.58184720  0.63199446  0.63199446  0.58184720  0.61489430  0.61489430  0.72405255  0.68582980  0.61489430  0.78540941  
14_13_0    0.64950349  0.59818435  0.66744142  0.30305926  0.32548097  0.32548097  0.34861093  0.28130370  0.27066358  0.32548097  0.37249533  0.28130370  0.28130370  0.28130370  0.27066358  0.00000000  0.17198856  0.21966534  0.24983620  0.26017585  0.23964051  0.23964051  0.26017585  0.30305926  0.28130370  0.51991626  0.72405255  0.40984927  0.39718506  0.42273634  0.43585426  0.43585426  0.64950349  0.61489430  0.53491494  0.58184720  0.50521862  0.47667974  0.56586658  0.46281682  0.53491494  0.55022725  0.50521862  0.49081016  0.47667974  0.47667974  0.47667974  0.46281682  0.42273634  0.42273634  0.44921146  0.44921146  0.61489430  0.68582980  0.64950349  0.68582980  0.66744142  0.63199446  0.66744142  0.49081016  0.39718506  0.46281682  0.46281682  0.51991626  0.43585426  0.43585426  0.43585426  0.43585426  0.42273634  0.46281682  0.72405255  0.74393906  0.72405255  0.68582980  0.64950349  0.63199446  0.61489430  0.43585426  0.42273634  0.44921146  0.47667974  0.47667974  0.66744142  0.66744142  0.55022725  0.55022725  0.56586658  0.55022725  0.56586658  0.51991626  0.51991626  0.53491494  0.55022725  0.53491494  0.53491494  0.46281682  0.44921146  0.44921146  0.49081016  0.47667974  0.44921146  0.47667974  0.49081016  0.49081016  0.61489430  0.59818435  0.58184720  0.51991626  0.51991626  0.47667974  0.47667974  0.46281682  0.42273634  0.44921146  0.47667974  0.43585426  0.43585426  0.44921146  0.63199446  0.58184720  0.66744142  0.61489430  0.55022725  0.55022725  0.55022725  0.56586658  0.55022725  0.55022725  0.58184720  0.61489430  0.61489430  0.61489430  0.53491494  0.56586658  0.63199446  0.61489430  0.66744142  0.64950349  0.68582980  0.61489430  0.72405255  
14_14_0    0.66744142  0.61489430  0.66744142  0.38473615  0.38473615  0.38473615  0.40984927  0.36045576  0.34861093  0.40984927  0.44921146  0.33695463  0.33695463  0.33695463  0.32548097  0.17198856  0.00000000  0.23964051  0.23964051  0.20987843  0.22958482  0.22958482  0.20987843  0.24983620  0.24983620  0.55022725  0.78540941  0.50521862  0.49081016  0.49081016  0.53491494  0.53491494  0.59818435  0.68582980  0.61489430  0.68582980  0.49081016  0.55022725  0.59818435  0.50521862  0.55022725  0.50521862  0.49081016  0.50521862  0.50521862  0.47667974  0.51991626  0.50521862  0.47667974  0.47667974  0.47667974  0.44921146  0.56586658  0.64950349  0.55022725  0.58184720  0.63199446  0.63199446  0.66744142  0.49081016  0.43585426  0.44921146  0.44921146  0.56586658  0.43585426  0.40984927  0.44921146  0.44921146  0.40984927  0.51991626  0.61489430  0.63199446  0.61489430  0.61489430  0.70469183  0.68582980  0.72405255  0.47667974  0.51991626  0.47667974  0.46281682  0.44921146  0.55022725  0.55022725  0.58184720  0.58184720  0.63199446  0.61489430  0.59818435  0.56586658  0.61489430  0.59818435  0.58184720  0.53491494  0.51991626  0.46281682  0.46281682  0.46281682  0.50521862  0.49081016  0.43585426  0.46281682  0.47667974  0.47667974  0.53491494  0.55022725  0.55022725  0.51991626  0.55022725  0.50521862  0.50521862  0.51991626  0.49081016  0.49081016  0.51991626  0.47667974  0.50521862  0.49081016  0.61489430  0.63199446  0.59818435  0.61489430  0.53491494  0.53491494  0.53491494  0.50521862  0.56586658  0.61489430  0.61489430  0.61489430  0.61489430  0.58184720  0.51991626  0.55022725  0.66744142  0.59818435  0.64950349  0.63199446  0.66744142  0.63199446  0.87613883  
14_11_0    0.66744142  0.55022725  0.74393906  0.34861093  0.34861093  0.29210069  0.33695463  0.29210069  0.29210069  0.37249533  0.42273634  0.28130370  0.28130370  0.29210069  0.28130370  0.21966534  0.23964051  0.00000000  0.22958482  0.20987843  0.19068847  0.19068847  0.19068847  0.22958482  0.32548097  0.59818435  0.72405255  0.51991626  0.50521862  0.53491494  0.55022725  0.55022725  0.61489430  0.56586658  0.55022725  0.61489430  0.51991626  0.58184720  0.63199446  0.61489430  0.56586658  0.58184720  0.56586658  0.59818435  0.53491494  0.50521862  0.50521862  0.51991626  0.47667974  0.44921146  0.42273634  0.44921146  0.64950349  0.72405255  0.61489430  0.64950349  0.61489430  0.61489430  0.61489430  0.46281682  0.50521862  0.55022725  0.56586658  0.56586658  0.51991626  0.51991626  0.49081016  0.49081016  0.40984927  0.59818435  0.74393906  0.72405255  0.74393906  0.66744142  0.72405255  0.70469183  0.76438072  0.49081016  0.53491494  0.53491494  0.47667974  0.47667974  0.58184720  0.58184720  0.47667974  0.47667974  0.53491494  0.50521862  0.49081016  0.43585426  0.46281682  0.44921146  0.49081016  0.47667974  0.49081016  0.46281682  0.47667974  0.44921146  0.46281682  0.47667974  0.47667974  0.47667974  0.49081016  0.49081016  0.51991626  0.53491494  0.50521862  0.51991626  0.55022725  0.50521862  0.51991626  0.51991626  0.44921146  0.47667974  0.50521862  0.46281682  0.46281682  0.47667974  0.50521862  0.59818435  0.63199446  0.59818435  0.53491494  0.56586658  0.53491494  0.49081016  0.55022725  0.58184720  0.58184720  0.63199446  0.61489430  0.58184720  0.56586658  0.56586658  0.72405255  0.78540941  0.72405255  0.72405255  0.76438072  0.61489430  0.92609964  
37_11_0    0.56586658  0.61489430  0.63199446  0.29210069  0.31418430  0.30305926  0.32548097  0.28130370  0.28130370  0.32548097  0.46281682  0.27066358  0.27066358  0.29210069  0.28130370  0.24983620  0.23964051  0.22958482  0.00000000  0.06882900  0.10162698  0.10162698  0.06882900  0.10162698  0.17198856  0.56586658  0.61489430  0.47667974  0.46281682  0.46281682  0.50521862  0.50521862  0.50521862  0.59818435  0.50521862  0.59818435  0.46281682  0.50521862  0.56586658  0.53491494  0.43585426  0.43585426  0.42273634  0.50521862  0.40984927  0.43585426  0.40984927  0.39718506  0.46281682  0.43585426  0.40984927  0.40984927  0.53491494  0.59818435  0.56586658  0.59818435  0.55022725  0.55022725  0.55022725  0.46281682  0.43585426  0.50521862  0.50521862  0.49081016  0.39718506  0.39718506  0.39718506  0.39718506  0.38473615  0.51991626  0.58184720  0.56586658  0.58184720  0.51991626  0.59818435  0.58184720  0.59818435  0.37249533  0.46281682  0.40984927  0.40984927  0.38473615  0.49081016  0.49081016  0.51991626  0.51991626  0.51991626  0.56586658  0.61489430  0.53491494  0.55022725  0.53491494  0.55022725  0.56586658  0.49081016  0.47667974  0.40984927  0.40984927  0.44921146  0.43585426  0.40984927  0.43585426  0.44921146  0.44921146  0.50521862  0.51991626  0.49081016  0.51991626  0.46281682  0.44921146  0.44921146  0.46281682  0.39718506  0.43585426  0.44921146  0.40984927  0.40984927  0.42273634  0.53491494  0.55022725  0.58184720  0.51991626  0.51991626  0.51991626  0.55022725  0.50521862  0.50521862  0.53491494  0.53491494  0.56586658  0.56586658  0.56586658  0.46281682  0.49081016  0.70469183  0.70469183  0.63199446  0.80705984  0.80705984  0.68582980  0.92609964  
45_25_0    0.58184720  0.58184720  0.66744142  0.30305926  0.30305926  0.30305926  0.32548097  0.29210069  0.29210069  0.32548097  0.44921146  0.26017585  0.26017585  0.26017585  0.24983620  0.26017585  0.20987843  0.20987843  0.06882900  0.00000000  0.04515988  0.04515988  0.01474601  0.04515988  0.14480464  0.59818435  0.58184720  0.42273634  0.40984927  0.40984927  0.44921146  0.44921146  0.49081016  0.55022725  0.47667974  0.59818435  0.49081016  0.49081016  0.55022725  0.49081016  0.46281682  0.43585426  0.42273634  0.51991626  0.38473615  0.39718506  0.38473615  0.37249533  0.44921146  0.42273634  0.39718506  0.37249533  0.53491494  0.59818435  0.53491494  0.56586658  0.58184720  0.58184720  0.58184720  0.46281682  0.44921146  0.53491494  0.53491494  0.44921146  0.40984927  0.38473615  0.40984927  0.40984927  0.38473615  0.47667974  0.56586658  0.55022725  0.56586658  0.53491494  0.63199446  0.58184720  0.66744142  0.42273634  0.49081016  0.46281682  0.46281682  0.43585426  0.50521862  0.50521862  0.50521862  0.50521862  0.50521862  0.51991626  0.55022725  0.49081016  0.53491494  0.51991626  0.50521862  0.51991626  0.46281682  0.46281682  0.42273634  0.42273634  0.46281682  0.44921146  0.44921146  0.44921146  0.46281682  0.46281682  0.53491494  0.55022725  0.44921146  0.50521862  0.43585426  0.42273634  0.42273634  0.43585426  0.34861093  0.38473615  0.39718506  0.36045576  0.38473615  0.37249533  0.51991626  0.56586658  0.58184720  0.51991626  0.51991626  0.51991626  0.50521862  0.46281682  0.53491494  0.56586658  0.56586658  0.58184720  0.59818435  0.59818435  0.47667974  0.50521862  0.64950349  0.61489430  0.59818435  0.68582980  0.68582980  0.58184720  0.90069325  
19_26_0    0.59818435  0.61489430  0.68582980  0.32548097  0.30305926  0.28130370  0.30305926  0.27066358  0.27066358  0.30305926  0.44921146  0.23964051  0.23964051  0.23964051  0.22958482  0.23964051  0.22958482  0.19068847  0.10162698  0.04515988  0.00000000  0.00000000  0.02979507  0.06085399  0.20022059  0.58184720  0.56586658  0.43585426  0.42273634  0.42273634  0.46281682  0.46281682  0.53491494  0.56586658  0.46281682  0.58184720  0.51991626  0.47667974  0.53491494  0.50521862  0.50521862  0.47667974  0.46281682  0.47667974  0.38473615  0.37249533  0.38473615  0.37249533  0.47667974  0.44921146  0.44921146  0.39718506  0.51991626  0.58184720  0.49081016  0.51991626  0.53491494  0.53491494  0.53491494  0.44921146  0.42273634  0.47667974  0.47667974  0.47667974  0.40984927  0.40984927  0.40984927  0.40984927  0.40984927  0.47667974  0.63199446  0.61489430  0.63199446  0.59818435  0.66744142  0.61489430  0.66744142  0.39718506  0.46281682  0.43585426  0.40984927  0.38473615  0.56586658  0.56586658  0.50521862  0.50521862  0.53491494  0.51991626  0.55022725  0.49081016  0.50521862  0.49081016  0.50521862  0.49081016  0.43585426  0.49081016  0.42273634  0.42273634  0.46281682  0.44921146  0.44921146  0.44921146  0.46281682  0.46281682  0.56586658  0.55022725  0.47667974  0.55022725  0.46281682  0.44921146  0.44921146  0.46281682  0.37249533  0.39718506  0.42273634  0.38473615  0.38473615  0.39718506  0.53491494  0.58184720  0.59818435  0.53491494  0.50521862  0.50521862  0.49081016  0.47667974  0.55022725  0.58184720  0.58184720  0.59818435  0.61489430  0.58184720  0.49081016  0.51991626  0.68582980  0.64950349  0.63199446  0.64950349  0.68582980  0.58184720  0.87613883  
19_25_0    0.59818435  0.61489430  0.68582980  0.32548097  0.30305926  0.28130370  0.30305926  0.27066358  0.27066358  0.30305926  0.44921146  0.23964051  0.23964051  0.23964051  0.22958482  0.23964051  0.22958482  0.19068847  0.10162698  0.04515988  0.00000000  0.00000000  0.02979507  0.06085399  0.20022059  0.58184720  0.56586658  0.43585426  0.42273634  0.42273634  0.46281682  0.46281682  0.53491494  0.56586658  0.46281682  0.58184720  0.51991626  0.47667974  0.53491494  0.50521862  0.50521862  0.47667974  0.46281682  0.47667974  0.38473615  0.37249533  0.38473615  0.37249533  0.47667974  0.44921146  0.44921146  0.39718506  0.51991626  0.58184720  0.49081016  0.51991626  0.53491494  0.53491494  0.53491494  0.44921146  0.42273634  0.47667974  0.47667974  0.47667974  0.40984927  0.40984927  0.40984927  0.40984927  0.40984927  0.47667974  0.63199446  0.61489430  0.63199446  0.59818435  0.66744142  0.61489430  0.66744142  0.39718506  0.46281682  0.43585426  0.40984927  0.38473615  0.56586658  0.56586658  0.50521862  0.50521862  0.53491494  0.51991626  0.55022725  0.49081016  0.50521862  0.49081016  0.50521862  0.49081016  0.43585426  0.49081016  0.42273634  0.42273634  0.46281682  0.44921146  0.44921146  0.44921146  0.46281682  0.46281682  0.56586658  0.55022725  0.47667974  0.55022725  0.46281682  0.44921146  0.44921146  0.46281682  0.37249533  0.39718506  0.42273634  0.38473615  0.38473615  0.39718506  0.53491494  0.58184720  0.59818435  0.53491494  0.50521862  0.50521862  0.49081016  0.47667974  0.55022725  0.58184720  0.58184720  0.59818435  0.61489430  0.58184720  0.49081016  0.51991626  0.68582980  0.64950349  0.63199446  0.64950349  0.68582980  0.58184720  0.87613883  
19_11_0    0.59818435  0.58184720  0.70469183  0.30305926  0.28130370  0.28130370  0.30305926  0.27066358  0.27066358  0.30305926  0.44921146  0.23964051  0.23964051  0.23964051  0.22958482  0.26017585  0.20987843  0.19068847  0.06882900  0.01474601  0.02979507  0.02979507  0.00000000  0.02979507  0.16281467  0.58184720  0.56586658  0.43585426  0.42273634  0.42273634  0.46281682  0.46281682  0.50521862  0.56586658  0.46281682  0.58184720  0.47667974  0.47667974  0.53491494  0.47667974  0.44921146  0.42273634  0.40984927  0.50521862  0.37249533  0.38473615  0.37249533  0.36045576  0.46281682  0.43585426  0.40984927  0.38473615  0.53491494  0.59818435  0.50521862  0.53491494  0.55022725  0.55022725  0.55022725  0.43585426  0.44921146  0.50521862  0.50521862  0.47667974  0.40984927  0.40984927  0.40984927  0.40984927  0.38473615  0.47667974  0.59818435  0.58184720  0.59818435  0.56586658  0.66744142  0.61489430  0.66744142  0.42273634  0.49081016  0.46281682  0.43585426  0.40984927  0.53491494  0.53491494  0.50521862  0.50521862  0.53491494  0.55022725  0.55022725  0.49081016  0.50521862  0.49081016  0.50521862  0.51991626  0.43585426  0.46281682  0.39718506  0.39718506  0.43585426  0.42273634  0.42273634  0.42273634  0.43585426  0.43585426  0.50521862  0.51991626  0.44921146  0.51991626  0.46281682  0.44921146  0.44921146  0.46281682  0.37249533  0.40984927  0.42273634  0.38473615  0.38473615  0.39718506  0.51991626  0.56586658  0.58184720  0.51991626  0.51991626  0.51991626  0.50521862  0.46281682  0.53491494  0.56586658  0.56586658  0.58184720  0.59818435  0.56586658  0.47667974  0.50521862  0.64950349  0.61489430  0.59818435  0.68582980  0.68582980  0.61489430  0.92609964  
