21
76_0_0     0.00000000  0.09849254  0.09849254  0.12674261  0.12100586  0.14422400  0.25876427  0.25876427  0.23173868  0.24512839  0.19296155  0.19928525  0.24512839  0.27969999  0.27969999  0.25191499  0.28681197  0.42808242  0.45448360  0.45448360  0.46349704  
56_0_0     0.09849254  0.00000000  0.00000000  0.12100586  0.11531314  0.21209673  0.27969999  0.27969999  0.23173868  0.27265555  0.23173868  0.25191499  0.29399282  0.31596216  0.31596216  0.29399282  0.29399282  0.46349704  0.49121384  0.46349704  0.49121384  
63_0_0     0.09849254  0.00000000  0.00000000  0.12100586  0.11531314  0.21209673  0.27969999  0.27969999  0.23173868  0.27265555  0.23173868  0.25191499  0.29399282  0.31596216  0.31596216  0.29399282  0.29399282  0.46349704  0.49121384  0.46349704  0.49121384  
90_0_0     0.12674261  0.12100586  0.12100586  0.00000000  0.04502896  0.19928525  0.28681197  0.28681197  0.28681197  0.31596216  0.25876427  0.27265555  0.31596216  0.36990567  0.36990567  0.34630505  0.35408878  0.51028440  0.51028440  0.50068783  0.51028440  
81_0_0     0.12100586  0.11531314  0.11531314  0.04502896  0.00000000  0.18047364  0.23840332  0.23840332  0.25191499  0.29399282  0.26567739  0.27265555  0.30856650  0.33097844  0.33097844  0.30124387  0.32343230  0.47262137  0.50068783  0.46349704  0.49121384  
37_0_0     0.14422400  0.21209673  0.21209673  0.19928525  0.18047364  0.00000000  0.25876427  0.25876427  0.21858642  0.31596216  0.22513340  0.23840332  0.29399282  0.30856650  0.30856650  0.27265555  0.27969999  0.43677881  0.43677881  0.43677881  0.49121384  
95_0_0     0.25876427  0.27969999  0.27969999  0.28681197  0.23840332  0.25876427  0.00000000  0.00000000  0.08748707  0.35408878  0.30124387  0.27265555  0.40258881  0.39428201  0.39428201  0.37794243  0.37794243  0.43677881  0.47262137  0.41098969  0.41948682  
42_0_0     0.25876427  0.27969999  0.27969999  0.28681197  0.23840332  0.25876427  0.00000000  0.00000000  0.08748707  0.35408878  0.30124387  0.27265555  0.40258881  0.39428201  0.39428201  0.37794243  0.37794243  0.43677881  0.47262137  0.41098969  0.41948682  
38_0_0     0.23173868  0.23173868  0.23173868  0.28681197  0.25191499  0.21858642  0.08748707  0.08748707  0.00000000  0.35408878  0.29399282  0.32343230  0.38606723  0.39428201  0.39428201  0.40258881  0.39428201  0.46349704  0.52985826  0.49121384  0.52000676  
62_5_0     0.24512839  0.27265555  0.27265555  0.31596216  0.29399282  0.31596216  0.35408878  0.35408878  0.35408878  0.00000000  0.19296155  0.18047364  0.25191499  0.23840332  0.23840332  0.27969999  0.25191499  0.47262137  0.51028440  0.49121384  0.50068783  
76_4_0     0.19296155  0.23173868  0.23173868  0.25876427  0.26567739  0.22513340  0.30124387  0.30124387  0.29399282  0.19296155  0.00000000  0.03988860  0.18669132  0.22513340  0.22513340  0.17430766  0.18669132  0.38606723  0.42808242  0.45448360  0.47262137  
76_6_0     0.19928525  0.25191499  0.25191499  0.27265555  0.27265555  0.23840332  0.27265555  0.27265555  0.32343230  0.18047364  0.03988860  0.00000000  0.18669132  0.22513340  0.22513340  0.14422400  0.15611144  0.40258881  0.46349704  0.45448360  0.47262137  
38_4_0     0.24512839  0.29399282  0.29399282  0.31596216  0.30856650  0.29399282  0.40258881  0.40258881  0.38606723  0.25191499  0.18669132  0.18669132  0.00000000  0.11531314  0.11531314  0.22513340  0.25191499  0.46349704  0.50068783  0.52000676  0.54996274  
42_4_0     0.27969999  0.31596216  0.31596216  0.36990567  0.33097844  0.30856650  0.39428201  0.39428201  0.39428201  0.23840332  0.22513340  0.22513340  0.11531314  0.00000000  0.00000000  0.22513340  0.25876427  0.46349704  0.54996274  0.52985826  0.56022310  
95_4_0     0.27969999  0.31596216  0.31596216  0.36990567  0.33097844  0.30856650  0.39428201  0.39428201  0.39428201  0.23840332  0.22513340  0.22513340  0.11531314  0.00000000  0.00000000  0.22513340  0.25876427  0.46349704  0.54996274  0.52985826  0.56022310  
37_7_0     0.25191499  0.29399282  0.29399282  0.34630505  0.30124387  0.27265555  0.37794243  0.37794243  0.40258881  0.27969999  0.17430766  0.14422400  0.22513340  0.22513340  0.22513340  0.00000000  0.06595424  0.49121384  0.50068783  0.51028440  0.53984238  
37_4_0     0.28681197  0.29399282  0.29399282  0.35408878  0.32343230  0.27969999  0.37794243  0.37794243  0.39428201  0.25191499  0.18669132  0.15611144  0.25191499  0.25876427  0.25876427  0.06595424  0.00000000  0.44557838  0.52985826  0.50068783  0.54996274  
77_0_0     0.42808242  0.46349704  0.46349704  0.51028440  0.47262137  0.43677881  0.43677881  0.43677881  0.46349704  0.47262137  0.38606723  0.40258881  0.46349704  0.46349704  0.46349704  0.49121384  0.44557838  0.00000000  0.16819252  0.16819252  0.18669132  
77_2_0     0.45448360  0.49121384  0.49121384  0.51028440  0.50068783  0.43677881  0.47262137  0.47262137  0.52985826  0.51028440  0.42808242  0.46349704  0.50068783  0.54996274  0.54996274  0.50068783  0.52985826  0.16819252  0.00000000  0.07127912  0.06595424  
55_3_0     0.45448360  0.46349704  0.46349704  0.50068783  0.46349704  0.43677881  0.41098969  0.41098969  0.49121384  0.49121384  0.45448360  0.45448360  0.52000676  0.52985826  0.52985826  0.51028440  0.50068783  0.16819252  0.07127912  0.00000000  0.05541781  
55_2_0     0.46349704  0.49121384  0.49121384  0.51028440  0.49121384  0.49121384  0.41948682  0.41948682  0.52000676  0.50068783  0.47262137  0.47262137  0.54996274  0.56022310  0.56022310  0.53984238  0.54996274  0.18669132  0.06595424  0.05541781  0.00000000  

