8
33_0_0     0.00000000  0.08181939  0.10208489  0.21287104  0.22089370  0.23720975  0.22089370  0.19708667  
38_0_0     0.08181939  0.00000000  0.01808023  0.21287104  0.20493599  0.23720975  0.22089370  0.21287104  
49_0_0     0.10208489  0.01808023  0.00000000  0.20493599  0.19708667  0.22900593  0.21287104  0.20493599  
8_2_0      0.21287104  0.21287104  0.20493599  0.00000000  0.00597690  0.03038860  0.01808023  0.02420835  
30_2_0     0.22089370  0.20493599  0.19708667  0.00597690  0.00000000  0.03662186  0.02420835  0.03038860  
39_2_0     0.23720975  0.23720975  0.22900593  0.03038860  0.03662186  0.00000000  0.01200336  0.04290906  
39_3_0     0.22089370  0.22089370  0.21287104  0.01808023  0.02420835  0.01200336  0.00000000  0.03038860  
43_2_0     0.19708667  0.21287104  0.20493599  0.02420835  0.03038860  0.04290906  0.03038860  0.00000000  

