132
40_0_0     0.00000000  0.09696349  0.00000000  0.01434193  0.15063826  0.15063826  0.24707406  0.20848980  0.21604819  0.20473922  0.21225939  0.20473922  0.20848980  0.20100746  0.20473922  0.20473922  0.21985638  0.22753176  0.22368417  0.20848980  0.20473922  0.24312431  0.22368417  0.21225939  0.22753176  0.21604819  0.27945067  0.27532568  0.27532568  0.28776993  0.21985638  0.22368417  0.24312431  0.25104490  0.23919542  0.24312431  0.25104490  0.25503705  0.24707406  0.28776993  0.29618330  0.24312431  0.23139936  0.23528717  0.23528717  0.23139936  0.23919542  0.24312431  0.23139936  0.23528717  0.24707406  0.25104490  0.25503705  0.27532568  0.26714370  0.27532568  0.23919542  0.24312431  0.24707406  0.27945067  0.27945067  0.27532568  0.26308621  0.26308621  0.27945067  0.27532568  0.22753176  0.20848980  0.29618330  0.33082201  0.31764273  0.21604819  0.20848980  0.21604819  0.22368417  0.21604819  0.21604819  0.22368417  0.21604819  0.21225939  0.22368417  0.22368417  0.22368417  0.22368417  0.21985638  0.22368417  0.22753176  0.20848980  0.23139936  0.22368417  0.23919542  0.22753176  0.23139936  0.22753176  0.22753176  0.20848980  0.20848980  0.20848980  0.21604819  0.20100746  0.21604819  0.21225939  0.21225939  0.22368417  0.23919542  0.20473922  0.34876570  0.31764273  0.33526751  0.23919542  0.25104490  0.29196472  0.31330102  0.28776993  0.30469292  0.28359867  0.28359867  0.31764273  0.31764273  0.32200993  0.30042594  0.27945067  0.27532568  0.29196472  0.29618330  0.30042594  0.30042594  0.28359867  0.28776993  0.29196472  0.28776993  0.30042594  
27_0_0     0.09696349  0.00000000  0.09696349  0.11002343  0.23528717  0.23528717  0.28359867  0.23919542  0.26714370  0.24312431  0.25104490  0.25104490  0.26308621  0.26308621  0.24707406  0.24707406  0.26714370  0.27532568  0.27122344  0.24707406  0.25104490  0.29196472  0.27122344  0.25503705  0.26308621  0.25905074  0.32640292  0.32200993  0.32200993  0.33526751  0.26308621  0.26714370  0.31764273  0.31330102  0.30042594  0.32200993  0.32200993  0.32640292  0.31764273  0.35790253  0.35332009  0.32200993  0.30042594  0.30469292  0.30469292  0.30042594  0.30042594  0.30469292  0.30898452  0.31330102  0.32640292  0.32200993  0.32640292  0.33082201  0.33526751  0.33526751  0.31330102  0.29618330  0.29618330  0.33082201  0.33082201  0.32640292  0.33082201  0.33082201  0.33082201  0.34876570  0.29196472  0.25905074  0.40535018  0.43025954  0.41521404  0.26308621  0.26714370  0.27945067  0.27532568  0.27532568  0.27532568  0.27945067  0.27532568  0.25503705  0.27122344  0.27122344  0.27122344  0.27122344  0.26714370  0.27122344  0.27532568  0.27122344  0.28776993  0.27945067  0.30469292  0.28359867  0.28776993  0.29196472  0.28359867  0.27122344  0.27122344  0.27122344  0.26308621  0.25503705  0.26714370  0.26714370  0.27122344  0.27122344  0.27945067  0.25503705  0.40046687  0.37182174  0.38600642  0.30469292  0.32640292  0.35790253  0.37182174  0.35332009  0.36715300  0.34423903  0.34423903  0.36715300  0.36715300  0.37182174  0.34876570  0.34876570  0.35332009  0.37651997  0.38124807  0.38600642  0.38600642  0.35332009  0.34876570  0.35332009  0.34876570  0.36715300  
29_0_0     0.00000000  0.09696349  0.00000000  0.01434193  0.15063826  0.15063826  0.24707406  0.20848980  0.21604819  0.20473922  0.21225939  0.20473922  0.20848980  0.20100746  0.20473922  0.20473922  0.21985638  0.22753176  0.22368417  0.20848980  0.20473922  0.24312431  0.22368417  0.21225939  0.22753176  0.21604819  0.27945067  0.27532568  0.27532568  0.28776993  0.21985638  0.22368417  0.24312431  0.25104490  0.23919542  0.24312431  0.25104490  0.25503705  0.24707406  0.28776993  0.29618330  0.24312431  0.23139936  0.23528717  0.23528717  0.23139936  0.23919542  0.24312431  0.23139936  0.23528717  0.24707406  0.25104490  0.25503705  0.27532568  0.26714370  0.27532568  0.23919542  0.24312431  0.24707406  0.27945067  0.27945067  0.27532568  0.26308621  0.26308621  0.27945067  0.27532568  0.22753176  0.20848980  0.29618330  0.33082201  0.31764273  0.21604819  0.20848980  0.21604819  0.22368417  0.21604819  0.21604819  0.22368417  0.21604819  0.21225939  0.22368417  0.22368417  0.22368417  0.22368417  0.21985638  0.22368417  0.22753176  0.20848980  0.23139936  0.22368417  0.23919542  0.22753176  0.23139936  0.22753176  0.22753176  0.20848980  0.20848980  0.20848980  0.21604819  0.20100746  0.21604819  0.21225939  0.21225939  0.22368417  0.23919542  0.20473922  0.34876570  0.31764273  0.33526751  0.23919542  0.25104490  0.29196472  0.31330102  0.28776993  0.30469292  0.28359867  0.28359867  0.31764273  0.31764273  0.32200993  0.30042594  0.27945067  0.27532568  0.29196472  0.29618330  0.30042594  0.30042594  0.28359867  0.28776993  0.29196472  0.28776993  0.30042594  
87_0_0     0.01434193  0.11002343  0.01434193  0.00000000  0.16823827  0.16823827  0.24707406  0.21604819  0.22368417  0.21225939  0.21985638  0.20473922  0.21604819  0.20848980  0.21225939  0.21225939  0.22753176  0.23528717  0.23139936  0.21604819  0.21225939  0.25104490  0.23139936  0.21985638  0.22753176  0.22368417  0.28776993  0.28359867  0.28359867  0.28776993  0.22753176  0.23139936  0.25503705  0.26308621  0.25104490  0.25503705  0.26308621  0.26714370  0.25905074  0.30042594  0.30898452  0.25503705  0.24312431  0.24707406  0.24707406  0.24312431  0.25104490  0.25503705  0.24312431  0.23919542  0.26714370  0.27122344  0.27532568  0.29618330  0.28776993  0.29618330  0.25905074  0.25503705  0.26714370  0.30042594  0.30042594  0.29618330  0.27532568  0.27532568  0.29196472  0.27945067  0.23139936  0.21225939  0.29196472  0.32640292  0.32200993  0.21225939  0.20473922  0.21985638  0.21985638  0.21225939  0.21225939  0.21985638  0.21225939  0.20848980  0.21985638  0.21985638  0.21985638  0.21985638  0.21604819  0.21985638  0.22368417  0.20473922  0.22753176  0.22753176  0.24312431  0.23139936  0.23528717  0.23139936  0.23139936  0.20473922  0.20473922  0.20473922  0.21225939  0.19729432  0.21225939  0.20848980  0.21604819  0.21985638  0.23528717  0.20100746  0.35332009  0.32200993  0.33973974  0.25104490  0.24707406  0.29196472  0.31330102  0.28776993  0.30469292  0.28359867  0.28359867  0.32640292  0.31764273  0.32200993  0.30469292  0.28359867  0.27945067  0.31330102  0.31764273  0.32200993  0.32200993  0.29618330  0.29196472  0.29618330  0.29196472  0.30469292  
50_0_0     0.15063826  0.23528717  0.15063826  0.16823827  0.00000000  0.01145134  0.23139936  0.19359963  0.20848980  0.18992320  0.18992320  0.18992320  0.20100746  0.17900171  0.18992320  0.18262442  0.18992320  0.18992320  0.19359963  0.19359963  0.18992320  0.22368417  0.20848980  0.18992320  0.20473922  0.20848980  0.23528717  0.23139936  0.23139936  0.24312431  0.20473922  0.20848980  0.21985638  0.21985638  0.21604819  0.21985638  0.22753176  0.23139936  0.22368417  0.23528717  0.24707406  0.21225939  0.20848980  0.21225939  0.21225939  0.20848980  0.21225939  0.20848980  0.20848980  0.21225939  0.20473922  0.20848980  0.20473922  0.23139936  0.21604819  0.23139936  0.20848980  0.23528717  0.23139936  0.25503705  0.25104490  0.25104490  0.23139936  0.23139936  0.23919542  0.20848980  0.20848980  0.18626486  0.26714370  0.33526751  0.29618330  0.21604819  0.20473922  0.19729432  0.20473922  0.19729432  0.19729432  0.20473922  0.19729432  0.19359963  0.21225939  0.20473922  0.20473922  0.20473922  0.20848980  0.22753176  0.25104490  0.21985638  0.23919542  0.23139936  0.24707406  0.23528717  0.23919542  0.24312431  0.24312431  0.20848980  0.20848980  0.20848980  0.21604819  0.19359963  0.20100746  0.20473922  0.21225939  0.22368417  0.23139936  0.17900171  0.32200993  0.30898452  0.31764273  0.23139936  0.24312431  0.28359867  0.29618330  0.26714370  0.27532568  0.27945067  0.27122344  0.28776993  0.28359867  0.30042594  0.29618330  0.26308621  0.26714370  0.31330102  0.30898452  0.31330102  0.31330102  0.28776993  0.27122344  0.25905074  0.25503705  0.26308621  
34_0_0     0.15063826  0.23528717  0.15063826  0.16823827  0.01145134  0.00000000  0.22368417  0.19359963  0.20848980  0.18992320  0.18992320  0.18992320  0.20100746  0.17900171  0.18992320  0.18262442  0.18992320  0.18992320  0.19359963  0.19359963  0.18992320  0.21604819  0.20848980  0.18992320  0.20473922  0.20848980  0.23919542  0.23528717  0.23528717  0.24707406  0.20473922  0.20848980  0.21225939  0.21225939  0.20848980  0.21225939  0.21985638  0.22368417  0.21604819  0.22753176  0.23919542  0.20473922  0.20100746  0.20473922  0.20473922  0.20100746  0.20473922  0.20100746  0.20100746  0.20473922  0.19729432  0.20100746  0.19729432  0.22368417  0.20848980  0.22368417  0.20100746  0.22753176  0.23139936  0.25503705  0.25104490  0.25104490  0.22368417  0.22368417  0.23139936  0.20473922  0.20848980  0.18626486  0.25503705  0.32200993  0.28359867  0.20848980  0.19729432  0.18992320  0.19729432  0.18992320  0.18992320  0.19729432  0.18992320  0.18626486  0.20473922  0.19729432  0.19729432  0.19729432  0.20100746  0.21985638  0.24707406  0.21225939  0.23139936  0.22368417  0.23919542  0.22753176  0.23139936  0.23528717  0.23528717  0.20100746  0.20100746  0.20100746  0.20848980  0.18626486  0.19359963  0.19729432  0.20473922  0.21604819  0.22368417  0.17180880  0.31330102  0.30042594  0.30898452  0.22368417  0.23528717  0.27945067  0.29196472  0.26308621  0.27122344  0.27532568  0.26714370  0.28359867  0.28359867  0.29618330  0.29196472  0.25503705  0.25905074  0.30469292  0.30042594  0.30469292  0.30469292  0.27945067  0.26308621  0.25104490  0.24707406  0.25104490  
97_0_0     0.24707406  0.28359867  0.24707406  0.24707406  0.23139936  0.22368417  0.00000000  0.10020704  0.11664042  0.08412891  0.08412891  0.08412891  0.08731685  0.11332457  0.08412891  0.09051851  0.08412891  0.09051851  0.10020704  0.08095457  0.08412891  0.12667760  0.09373402  0.09696349  0.09051851  0.10020704  0.13685209  0.13344510  0.13344510  0.13685209  0.08412891  0.08095457  0.30469292  0.29618330  0.29196472  0.30042594  0.30898452  0.31330102  0.30469292  0.34876570  0.37182174  0.29196472  0.27122344  0.27532568  0.27532568  0.27122344  0.30469292  0.30042594  0.28776993  0.28359867  0.29618330  0.29196472  0.28776993  0.29196472  0.32200993  0.32200993  0.31764273  0.30898452  0.31764273  0.35332009  0.34876570  0.34876570  0.30898452  0.30898452  0.29618330  0.31330102  0.27945067  0.24707406  0.31330102  0.38124807  0.35332009  0.27122344  0.28776993  0.29618330  0.28359867  0.27945067  0.27945067  0.28359867  0.27945067  0.27122344  0.28776993  0.27945067  0.27945067  0.27945067  0.28359867  0.28776993  0.29196472  0.29196472  0.30469292  0.30469292  0.32640292  0.30898452  0.29618330  0.30469292  0.30898452  0.28776993  0.28776993  0.28776993  0.27945067  0.27945067  0.28359867  0.29196472  0.28776993  0.28359867  0.29618330  0.26308621  0.39561541  0.40046687  0.40046687  0.32640292  0.33082201  0.36715300  0.37182174  0.34876570  0.36251339  0.36715300  0.34423903  0.36715300  0.36715300  0.38124807  0.39561541  0.37651997  0.39079540  0.35332009  0.35790253  0.36251339  0.36251339  0.37182174  0.36251339  0.37182174  0.37651997  0.36715300  
83_0_0     0.20848980  0.23919542  0.20848980  0.21604819  0.19359963  0.19359963  0.10020704  0.00000000  0.05297918  0.03192547  0.03788025  0.03192547  0.04087562  0.05910564  0.03192547  0.03788025  0.06528297  0.07779372  0.08095457  0.07464625  0.07151204  0.10020704  0.06839099  0.07151204  0.07151204  0.08095457  0.11664042  0.11332457  0.11332457  0.12331680  0.06528297  0.06218789  0.27945067  0.27122344  0.26714370  0.27122344  0.27532568  0.27945067  0.27532568  0.32200993  0.33526751  0.26714370  0.24707406  0.25104490  0.25104490  0.24707406  0.27945067  0.28359867  0.26308621  0.26714370  0.27122344  0.26714370  0.27122344  0.26714370  0.28359867  0.30042594  0.28359867  0.29196472  0.27532568  0.30042594  0.30469292  0.29618330  0.30042594  0.30042594  0.29618330  0.30469292  0.27945067  0.23919542  0.29618330  0.35790253  0.33526751  0.26308621  0.27945067  0.29618330  0.28359867  0.27122344  0.27122344  0.27532568  0.27122344  0.26308621  0.27945067  0.27122344  0.27122344  0.27122344  0.27532568  0.29618330  0.29196472  0.27532568  0.30898452  0.30898452  0.33526751  0.31330102  0.30042594  0.30042594  0.31330102  0.26714370  0.26714370  0.26714370  0.26714370  0.26714370  0.27945067  0.27945067  0.29196472  0.26714370  0.27532568  0.24312431  0.41026576  0.39561541  0.41521404  0.30469292  0.31764273  0.33526751  0.33973974  0.32640292  0.34876570  0.33526751  0.30469292  0.33973974  0.33973974  0.35332009  0.36251339  0.35332009  0.35790253  0.32640292  0.33082201  0.33082201  0.33526751  0.32640292  0.33973974  0.33973974  0.34423903  0.34876570  
94_0_0     0.21604819  0.26714370  0.21604819  0.22368417  0.20848980  0.20848980  0.11664042  0.05297918  0.00000000  0.04087562  0.04690278  0.04087562  0.04388309  0.05603610  0.04087562  0.04087562  0.08095457  0.09373402  0.09696349  0.08412891  0.08095457  0.11664042  0.09051851  0.08731685  0.08731685  0.09696349  0.12667760  0.12331680  0.12331680  0.12667760  0.08731685  0.08412891  0.27945067  0.27945067  0.27532568  0.27122344  0.27945067  0.28359867  0.27532568  0.33082201  0.34423903  0.26714370  0.24707406  0.25104490  0.25104490  0.24707406  0.27945067  0.28359867  0.26308621  0.26714370  0.27945067  0.27532568  0.27122344  0.28359867  0.28359867  0.30898452  0.28359867  0.29196472  0.28359867  0.31764273  0.32200993  0.31330102  0.29196472  0.29196472  0.28776993  0.30042594  0.27122344  0.23919542  0.29618330  0.35332009  0.32640292  0.25905074  0.27532568  0.29196472  0.27945067  0.26714370  0.26714370  0.27122344  0.26714370  0.25905074  0.27532568  0.26714370  0.26714370  0.26714370  0.27122344  0.28359867  0.28776993  0.27122344  0.29618330  0.30469292  0.31330102  0.30042594  0.30469292  0.29618330  0.30042594  0.26308621  0.26308621  0.26308621  0.25503705  0.26308621  0.26714370  0.27532568  0.28776993  0.26714370  0.27122344  0.24707406  0.39079540  0.40535018  0.41521404  0.30898452  0.32200993  0.33526751  0.34876570  0.32200993  0.34423903  0.33973974  0.30898452  0.32200993  0.32200993  0.33526751  0.35790253  0.34876570  0.35332009  0.32640292  0.33082201  0.32640292  0.33526751  0.33082201  0.33526751  0.33526751  0.34423903  0.34423903  
99_0_0     0.20473922  0.24312431  0.20473922  0.21225939  0.18992320  0.18992320  0.08412891  0.03192547  0.04087562  0.00000000  0.01145134  0.01145134  0.02015705  0.02601798  0.01145134  0.01724381  0.04993478  0.06218789  0.06528297  0.05910564  0.05603610  0.09051851  0.05910564  0.06218789  0.05603610  0.06528297  0.10020704  0.09696349  0.09696349  0.10020704  0.05603610  0.05297918  0.27532568  0.26714370  0.26308621  0.25905074  0.26714370  0.27122344  0.26308621  0.31764273  0.32200993  0.25503705  0.23528717  0.23919542  0.23919542  0.23528717  0.25905074  0.26308621  0.25104490  0.25503705  0.26714370  0.26308621  0.25905074  0.26308621  0.27122344  0.29618330  0.27122344  0.27945067  0.27122344  0.30469292  0.30898452  0.30042594  0.27945067  0.27945067  0.26714370  0.28359867  0.25503705  0.22368417  0.28776993  0.34423903  0.31764273  0.23528717  0.25905074  0.27532568  0.26308621  0.25104490  0.25104490  0.25503705  0.25104490  0.24312431  0.25905074  0.25104490  0.25104490  0.25104490  0.25503705  0.27532568  0.27945067  0.25503705  0.28776993  0.29618330  0.31330102  0.29196472  0.28776993  0.28776993  0.29196472  0.25503705  0.25503705  0.25503705  0.24707406  0.24707406  0.25905074  0.25905074  0.27122344  0.25503705  0.24707406  0.23139936  0.38124807  0.38600642  0.39561541  0.30042594  0.31330102  0.32200993  0.32640292  0.31330102  0.33526751  0.32200993  0.29196472  0.32200993  0.32200993  0.33526751  0.34876570  0.33973974  0.34423903  0.31330102  0.31764273  0.32200993  0.32200993  0.31764273  0.32640292  0.32640292  0.33526751  0.32640292  
61_0_0     0.21225939  0.25104490  0.21225939  0.21985638  0.18992320  0.18992320  0.08412891  0.03788025  0.04690278  0.01145134  0.00000000  0.01145134  0.02601798  0.03788025  0.01724381  0.02308174  0.05603610  0.06839099  0.07151204  0.06528297  0.06218789  0.08731685  0.06218789  0.06839099  0.06218789  0.07151204  0.10020704  0.09696349  0.09696349  0.10020704  0.06218789  0.05910564  0.27532568  0.26714370  0.26308621  0.25905074  0.25905074  0.26308621  0.25503705  0.31764273  0.33082201  0.24707406  0.23528717  0.23919542  0.23919542  0.23528717  0.27532568  0.27122344  0.25104490  0.25503705  0.26714370  0.26308621  0.25905074  0.26308621  0.26714370  0.29196472  0.27122344  0.27122344  0.27945067  0.31330102  0.30898452  0.30898452  0.27945067  0.27945067  0.26714370  0.27532568  0.26308621  0.23919542  0.28776993  0.34423903  0.30898452  0.24312431  0.25905074  0.27532568  0.26308621  0.25104490  0.25104490  0.25503705  0.25104490  0.23528717  0.25104490  0.24312431  0.24312431  0.24312431  0.24707406  0.26714370  0.27945067  0.26308621  0.28359867  0.29196472  0.30469292  0.28359867  0.27945067  0.27945067  0.28359867  0.24707406  0.24707406  0.24707406  0.23919542  0.24707406  0.25905074  0.25104490  0.26308621  0.25503705  0.24707406  0.23139936  0.37182174  0.37651997  0.38600642  0.30898452  0.32200993  0.33973974  0.33526751  0.33082201  0.35332009  0.33973974  0.30898452  0.32200993  0.33082201  0.33526751  0.35790253  0.34876570  0.35332009  0.32200993  0.32640292  0.33082201  0.33082201  0.31764273  0.33526751  0.33526751  0.34423903  0.34423903  
61_15_0    0.20473922  0.25104490  0.20473922  0.20473922  0.18992320  0.18992320  0.08412891  0.03192547  0.04087562  0.01145134  0.01145134  0.00000000  0.02015705  0.03788025  0.01145134  0.01724381  0.04993478  0.06218789  0.06528297  0.05910564  0.05603610  0.08731685  0.05603610  0.06218789  0.05603610  0.06528297  0.10020704  0.09696349  0.09696349  0.09373402  0.05603610  0.05297918  0.27532568  0.26714370  0.26308621  0.25104490  0.25905074  0.26308621  0.25503705  0.31764273  0.33082201  0.24707406  0.23528717  0.23919542  0.23919542  0.23528717  0.26714370  0.27122344  0.25104490  0.25503705  0.26714370  0.26308621  0.25905074  0.26308621  0.26714370  0.29196472  0.27122344  0.27945067  0.27122344  0.30469292  0.30898452  0.30042594  0.27945067  0.27945067  0.27532568  0.27532568  0.26308621  0.23139936  0.28776993  0.34423903  0.30898452  0.24312431  0.25905074  0.27532568  0.26308621  0.25104490  0.25104490  0.25503705  0.25104490  0.24312431  0.25905074  0.25104490  0.25104490  0.25104490  0.25503705  0.27532568  0.27945067  0.25503705  0.28359867  0.29196472  0.30469292  0.28359867  0.27945067  0.27945067  0.28359867  0.24707406  0.24707406  0.24707406  0.23919542  0.24707406  0.25905074  0.25104490  0.26308621  0.25503705  0.25503705  0.23139936  0.38124807  0.38600642  0.39561541  0.30042594  0.31330102  0.33082201  0.32640292  0.32200993  0.34423903  0.33082201  0.30042594  0.32200993  0.33082201  0.33526751  0.35790253  0.34876570  0.35332009  0.33082201  0.33526751  0.33973974  0.33973974  0.33526751  0.33526751  0.33526751  0.34423903  0.34423903  
89_0_0     0.20848980  0.26308621  0.20848980  0.21604819  0.20100746  0.20100746  0.08731685  0.04087562  0.04388309  0.02015705  0.02601798  0.02015705  0.00000000  0.03489690  0.01434193  0.02015705  0.05297918  0.06528297  0.06839099  0.06218789  0.05910564  0.08731685  0.05603610  0.06528297  0.05910564  0.06839099  0.10346480  0.10020704  0.10020704  0.10346480  0.05910564  0.05603610  0.26714370  0.25905074  0.25503705  0.24312431  0.25104490  0.25503705  0.24707406  0.30898452  0.32200993  0.24707406  0.22753176  0.23139936  0.23139936  0.22753176  0.25905074  0.26308621  0.24312431  0.24707406  0.25905074  0.25503705  0.25104490  0.25503705  0.26308621  0.28776993  0.26308621  0.27122344  0.26308621  0.27945067  0.29196472  0.28359867  0.27122344  0.27122344  0.26714370  0.27532568  0.26714370  0.23528717  0.28359867  0.33082201  0.31330102  0.24707406  0.26308621  0.27945067  0.26714370  0.25503705  0.25503705  0.25905074  0.25503705  0.24707406  0.26308621  0.25503705  0.25503705  0.25503705  0.25905074  0.27122344  0.27532568  0.25905074  0.28359867  0.29196472  0.30042594  0.28776993  0.28359867  0.28359867  0.28776993  0.25104490  0.25104490  0.25104490  0.24312431  0.25104490  0.26308621  0.26308621  0.27532568  0.25905074  0.25104490  0.23528717  0.37651997  0.39079540  0.41026576  0.29618330  0.30898452  0.33082201  0.32640292  0.31764273  0.33973974  0.32640292  0.29618330  0.32640292  0.32640292  0.33973974  0.35332009  0.34423903  0.34876570  0.32640292  0.33082201  0.33526751  0.33526751  0.33082201  0.33082201  0.33082201  0.33973974  0.33973974  
92_0_0     0.20100746  0.26308621  0.20100746  0.20848980  0.17900171  0.17900171  0.11332457  0.05910564  0.05603610  0.02601798  0.03788025  0.03788025  0.03489690  0.00000000  0.03192547  0.03788025  0.07151204  0.08412891  0.08731685  0.08095457  0.07779372  0.11332457  0.08095457  0.08412891  0.07779372  0.08095457  0.12331680  0.11997112  0.11997112  0.12331680  0.07779372  0.07464625  0.26714370  0.26714370  0.26308621  0.25104490  0.25905074  0.26308621  0.25503705  0.30898452  0.31330102  0.24707406  0.23528717  0.23919542  0.23919542  0.23528717  0.24312431  0.24707406  0.24312431  0.24707406  0.25905074  0.25503705  0.25104490  0.26308621  0.25503705  0.27945067  0.26308621  0.27122344  0.27122344  0.29618330  0.30042594  0.29196472  0.27122344  0.27122344  0.25905074  0.27532568  0.25104490  0.21985638  0.26714370  0.33082201  0.29618330  0.23139936  0.24707406  0.26308621  0.25104490  0.23919542  0.23919542  0.24312431  0.23919542  0.23919542  0.24707406  0.23919542  0.23919542  0.23919542  0.24312431  0.25503705  0.25905074  0.24312431  0.26714370  0.27532568  0.29196472  0.27122344  0.27532568  0.26714370  0.27122344  0.23528717  0.23528717  0.23528717  0.23528717  0.23528717  0.24707406  0.24707406  0.25905074  0.25104490  0.24312431  0.21985638  0.37651997  0.38124807  0.40046687  0.28776993  0.30042594  0.32200993  0.32640292  0.30898452  0.33082201  0.31330102  0.28776993  0.31764273  0.31764273  0.33082201  0.35332009  0.32640292  0.32200993  0.30042594  0.30469292  0.30898452  0.30898452  0.30469292  0.31330102  0.31330102  0.31330102  0.31330102  
38_0_0     0.20473922  0.24707406  0.20473922  0.21225939  0.18992320  0.18992320  0.08412891  0.03192547  0.04087562  0.01145134  0.01724381  0.01145134  0.01434193  0.03192547  0.00000000  0.00570363  0.04993478  0.06218789  0.06528297  0.05910564  0.05603610  0.09051851  0.05910564  0.05603610  0.04993478  0.05910564  0.09373402  0.09051851  0.09051851  0.09373402  0.04993478  0.04690278  0.26714370  0.25104490  0.24707406  0.25104490  0.25905074  0.26308621  0.25503705  0.30898452  0.32200993  0.24707406  0.22753176  0.23139936  0.23139936  0.22753176  0.25905074  0.26308621  0.24312431  0.24707406  0.25104490  0.24707406  0.24312431  0.24707406  0.25503705  0.27945067  0.26308621  0.27122344  0.26308621  0.29618330  0.30042594  0.29196472  0.27122344  0.27122344  0.26714370  0.27532568  0.25503705  0.22368417  0.27945067  0.32640292  0.30898452  0.23528717  0.24707406  0.26714370  0.25503705  0.24312431  0.24312431  0.24707406  0.24312431  0.23528717  0.25104490  0.24312431  0.24312431  0.24312431  0.24707406  0.26714370  0.27122344  0.24707406  0.27945067  0.28776993  0.30469292  0.28359867  0.27945067  0.27945067  0.28359867  0.24707406  0.24707406  0.24707406  0.23919542  0.23919542  0.25104490  0.25104490  0.26308621  0.24707406  0.24707406  0.22368417  0.38124807  0.38600642  0.40535018  0.29196472  0.30469292  0.32200993  0.32640292  0.31330102  0.33526751  0.32200993  0.29196472  0.32200993  0.32200993  0.33526751  0.35790253  0.33973974  0.34423903  0.32200993  0.32640292  0.33082201  0.33082201  0.32640292  0.32640292  0.32640292  0.33526751  0.33526751  
28_0_0     0.20473922  0.24707406  0.20473922  0.21225939  0.18262442  0.18262442  0.09051851  0.03788025  0.04087562  0.01724381  0.02308174  0.01724381  0.02015705  0.03788025  0.00570363  0.00000000  0.05603610  0.06839099  0.07151204  0.05910564  0.05603610  0.09051851  0.06528297  0.05603610  0.05603610  0.06528297  0.10020704  0.09696349  0.09696349  0.10020704  0.05603610  0.05297918  0.27122344  0.25503705  0.25104490  0.25503705  0.26308621  0.26714370  0.25905074  0.31330102  0.32640292  0.25104490  0.23139936  0.23528717  0.23528717  0.23139936  0.26308621  0.26714370  0.24707406  0.25104490  0.25503705  0.25104490  0.24707406  0.25104490  0.25905074  0.28359867  0.26714370  0.27532568  0.26714370  0.30042594  0.30469292  0.29618330  0.27532568  0.27532568  0.27122344  0.28359867  0.25905074  0.22753176  0.28359867  0.33082201  0.31330102  0.23919542  0.25104490  0.26308621  0.25905074  0.24707406  0.24707406  0.25104490  0.24707406  0.23919542  0.25503705  0.24707406  0.24707406  0.24707406  0.25104490  0.27122344  0.27532568  0.25104490  0.28359867  0.29196472  0.30898452  0.28776993  0.28359867  0.28359867  0.28776993  0.25104490  0.25104490  0.25104490  0.24312431  0.24312431  0.25503705  0.25503705  0.26714370  0.25104490  0.24312431  0.22753176  0.37651997  0.38124807  0.40046687  0.29618330  0.30898452  0.32640292  0.33082201  0.30898452  0.33082201  0.32640292  0.29618330  0.32640292  0.32640292  0.33973974  0.36251339  0.34423903  0.34876570  0.32640292  0.33082201  0.33526751  0.33526751  0.33082201  0.33082201  0.33082201  0.33973974  0.33973974  
58_0_0     0.21985638  0.26714370  0.21985638  0.22753176  0.18992320  0.18992320  0.08412891  0.06528297  0.08095457  0.04993478  0.05603610  0.04993478  0.05297918  0.07151204  0.04993478  0.05603610  0.00000000  0.01145134  0.02015705  0.01434193  0.01145134  0.04993478  0.01434193  0.05297918  0.04690278  0.06218789  0.09051851  0.08731685  0.08731685  0.09696349  0.04087562  0.03788025  0.27532568  0.26714370  0.26308621  0.26714370  0.27532568  0.27945067  0.27122344  0.32640292  0.34876570  0.25503705  0.23528717  0.23919542  0.23919542  0.23528717  0.27122344  0.27532568  0.25905074  0.26308621  0.26714370  0.26308621  0.25905074  0.26308621  0.27532568  0.28776993  0.28776993  0.28776993  0.28776993  0.31330102  0.31764273  0.30898452  0.28776993  0.28776993  0.28359867  0.28776993  0.27532568  0.23528717  0.28359867  0.36715300  0.32200993  0.24707406  0.26308621  0.27122344  0.25104490  0.25503705  0.25503705  0.25905074  0.25503705  0.24707406  0.26308621  0.25503705  0.25503705  0.25503705  0.25905074  0.26308621  0.28359867  0.25905074  0.29196472  0.29196472  0.31764273  0.29618330  0.30042594  0.30042594  0.30469292  0.25905074  0.25905074  0.25905074  0.25104490  0.25104490  0.26308621  0.26308621  0.27532568  0.25905074  0.25104490  0.22753176  0.41026576  0.41521404  0.40535018  0.30042594  0.31330102  0.34423903  0.33973974  0.33526751  0.34876570  0.33973974  0.31330102  0.34423903  0.35332009  0.35790253  0.37182174  0.35332009  0.36715300  0.36251339  0.36715300  0.37182174  0.37182174  0.35790253  0.36715300  0.35790253  0.36251339  0.36715300  
96_0_0     0.22753176  0.27532568  0.22753176  0.23528717  0.18992320  0.18992320  0.09051851  0.07779372  0.09373402  0.06218789  0.06839099  0.06218789  0.06528297  0.08412891  0.06218789  0.06839099  0.01145134  0.00000000  0.01434193  0.02015705  0.01724381  0.06218789  0.02601798  0.05910564  0.05910564  0.07464625  0.10346480  0.10020704  0.10020704  0.10346480  0.05297918  0.04993478  0.26714370  0.26714370  0.25503705  0.26714370  0.27532568  0.27945067  0.27122344  0.32200993  0.34423903  0.25503705  0.23528717  0.23919542  0.23919542  0.23528717  0.27122344  0.27532568  0.25905074  0.26308621  0.26714370  0.26308621  0.25905074  0.26308621  0.27532568  0.28776993  0.28776993  0.28776993  0.28776993  0.31330102  0.31764273  0.30898452  0.28776993  0.28776993  0.29196472  0.28776993  0.28359867  0.24312431  0.30042594  0.38600642  0.33973974  0.24707406  0.26714370  0.27532568  0.25503705  0.25905074  0.25905074  0.26308621  0.25905074  0.25104490  0.26714370  0.25905074  0.25905074  0.25905074  0.26308621  0.26714370  0.28776993  0.26308621  0.29196472  0.29196472  0.31764273  0.29618330  0.30042594  0.30042594  0.30469292  0.25905074  0.25905074  0.25905074  0.25104490  0.25104490  0.26308621  0.26308621  0.27532568  0.25905074  0.25905074  0.23528717  0.42019547  0.42521048  0.41521404  0.30898452  0.32200993  0.35332009  0.34876570  0.34423903  0.35790253  0.34876570  0.33082201  0.35332009  0.36251339  0.36715300  0.38124807  0.36251339  0.37651997  0.37182174  0.37651997  0.38124807  0.38124807  0.37651997  0.37651997  0.36715300  0.37182174  0.37651997  
76_0_0     0.22368417  0.27122344  0.22368417  0.23139936  0.19359963  0.19359963  0.10020704  0.08095457  0.09696349  0.06528297  0.07151204  0.06528297  0.06839099  0.08731685  0.06528297  0.07151204  0.02015705  0.01434193  0.00000000  0.02308174  0.02015705  0.06528297  0.02308174  0.06218789  0.06218789  0.07151204  0.10020704  0.09696349  0.09696349  0.10673689  0.04993478  0.04690278  0.27122344  0.27122344  0.25905074  0.27122344  0.27945067  0.28359867  0.27532568  0.32640292  0.34876570  0.25905074  0.23919542  0.24312431  0.24312431  0.23919542  0.27945067  0.28359867  0.26308621  0.26714370  0.27122344  0.26714370  0.26308621  0.26714370  0.28776993  0.30042594  0.29196472  0.29196472  0.29196472  0.31764273  0.32200993  0.31330102  0.29196472  0.29196472  0.29196472  0.28359867  0.29618330  0.25503705  0.30469292  0.37182174  0.34423903  0.25104490  0.27945067  0.27945067  0.26714370  0.27122344  0.27122344  0.27532568  0.27122344  0.26308621  0.27945067  0.27122344  0.27122344  0.27122344  0.27532568  0.27945067  0.29196472  0.27532568  0.29618330  0.29618330  0.32200993  0.30042594  0.30469292  0.29618330  0.30042594  0.27122344  0.27122344  0.27122344  0.26308621  0.25503705  0.26714370  0.26714370  0.27945067  0.26308621  0.26308621  0.25503705  0.40535018  0.41026576  0.41026576  0.32200993  0.33526751  0.35790253  0.35332009  0.35790253  0.37182174  0.35332009  0.32640292  0.35790253  0.36715300  0.37182174  0.38600642  0.37182174  0.38600642  0.37182174  0.37651997  0.38124807  0.38124807  0.36715300  0.37651997  0.37651997  0.38124807  0.39561541  
77_0_0     0.20848980  0.24707406  0.20848980  0.21604819  0.19359963  0.19359963  0.08095457  0.07464625  0.08412891  0.05910564  0.06528297  0.05910564  0.06218789  0.08095457  0.05910564  0.05910564  0.01434193  0.02015705  0.02308174  0.00000000  0.00284635  0.05297918  0.02308174  0.05603610  0.06218789  0.07151204  0.10020704  0.09696349  0.09696349  0.10673689  0.04993478  0.04690278  0.25905074  0.25905074  0.24707406  0.25905074  0.26714370  0.27122344  0.26308621  0.31764273  0.33973974  0.24707406  0.22753176  0.23139936  0.23139936  0.22753176  0.26714370  0.27122344  0.25104490  0.25503705  0.25905074  0.25503705  0.25104490  0.25503705  0.28359867  0.28776993  0.27945067  0.27945067  0.27945067  0.30469292  0.30898452  0.30042594  0.27945067  0.27945067  0.27532568  0.28359867  0.28359867  0.24312431  0.29196472  0.36715300  0.33082201  0.24707406  0.26714370  0.27532568  0.25503705  0.25905074  0.25905074  0.26308621  0.25905074  0.25104490  0.26714370  0.25905074  0.25905074  0.25905074  0.26308621  0.25905074  0.27122344  0.26308621  0.28359867  0.28359867  0.30898452  0.28776993  0.29196472  0.28359867  0.28776993  0.25905074  0.25905074  0.25905074  0.25104490  0.25104490  0.26308621  0.26308621  0.26714370  0.25905074  0.25104490  0.23528717  0.40046687  0.40535018  0.40535018  0.30042594  0.31330102  0.35332009  0.34876570  0.34423903  0.35790253  0.34876570  0.32200993  0.35332009  0.36251339  0.36715300  0.38124807  0.36251339  0.37651997  0.36251339  0.36715300  0.37182174  0.37182174  0.35790253  0.36715300  0.36715300  0.37182174  0.37651997  
77_13_0    0.20473922  0.25104490  0.20473922  0.21225939  0.18992320  0.18992320  0.08412891  0.07151204  0.08095457  0.05603610  0.06218789  0.05603610  0.05910564  0.07779372  0.05603610  0.05603610  0.01145134  0.01724381  0.02015705  0.00284635  0.00000000  0.04993478  0.02015705  0.05297918  0.05910564  0.06839099  0.09696349  0.09373402  0.09373402  0.10346480  0.04690278  0.04388309  0.26308621  0.26308621  0.25104490  0.26308621  0.27122344  0.27532568  0.26714370  0.32200993  0.34423903  0.25104490  0.23139936  0.23528717  0.23528717  0.23139936  0.27122344  0.27532568  0.25503705  0.25905074  0.26308621  0.25905074  0.25503705  0.25905074  0.27945067  0.29196472  0.28359867  0.28359867  0.28359867  0.30898452  0.31330102  0.30469292  0.28359867  0.28359867  0.27945067  0.28776993  0.27945067  0.23919542  0.28776993  0.36251339  0.32640292  0.24312431  0.26308621  0.27122344  0.25104490  0.25503705  0.25503705  0.25905074  0.25503705  0.24707406  0.26308621  0.25503705  0.25503705  0.25503705  0.25905074  0.26308621  0.27532568  0.25905074  0.28776993  0.28776993  0.31330102  0.29196472  0.29618330  0.28776993  0.29196472  0.25503705  0.25503705  0.25503705  0.24707406  0.24707406  0.25905074  0.25905074  0.27122344  0.25503705  0.24707406  0.23139936  0.40535018  0.41026576  0.41026576  0.30469292  0.31764273  0.34876570  0.34423903  0.33973974  0.35332009  0.34423903  0.31764273  0.34876570  0.35790253  0.36251339  0.37651997  0.35790253  0.37182174  0.35790253  0.36251339  0.36715300  0.36715300  0.35332009  0.36251339  0.36251339  0.36715300  0.37182174  
39_0_0     0.24312431  0.29196472  0.24312431  0.25104490  0.22368417  0.21604819  0.12667760  0.10020704  0.11664042  0.09051851  0.08731685  0.08731685  0.08731685  0.11332457  0.09051851  0.09051851  0.04993478  0.06218789  0.06528297  0.05297918  0.04993478  0.00000000  0.04087562  0.09051851  0.09696349  0.10673689  0.12331680  0.11997112  0.11997112  0.13005366  0.08412891  0.08095457  0.29196472  0.28359867  0.27945067  0.27945067  0.28776993  0.29196472  0.28359867  0.33526751  0.34876570  0.26714370  0.25905074  0.26308621  0.26308621  0.25905074  0.30042594  0.29618330  0.27532568  0.27945067  0.28359867  0.27945067  0.28359867  0.27945067  0.30469292  0.31764273  0.30469292  0.30469292  0.33082201  0.34876570  0.34423903  0.34423903  0.29618330  0.29618330  0.30042594  0.30469292  0.30898452  0.27532568  0.32200993  0.39079540  0.35790253  0.28776993  0.29618330  0.30469292  0.28359867  0.28776993  0.28776993  0.29196472  0.28776993  0.27945067  0.29618330  0.28776993  0.28776993  0.28776993  0.29196472  0.29618330  0.30898452  0.30042594  0.32640292  0.32640292  0.34423903  0.33082201  0.32640292  0.32640292  0.33082201  0.28776993  0.28776993  0.28776993  0.27945067  0.28359867  0.29618330  0.29196472  0.30469292  0.30042594  0.29196472  0.26714370  0.39561541  0.40046687  0.41026576  0.33526751  0.34876570  0.36715300  0.35790253  0.35790253  0.37182174  0.36251339  0.33526751  0.36251339  0.36715300  0.37651997  0.38124807  0.36251339  0.37651997  0.36715300  0.37182174  0.37651997  0.37651997  0.36251339  0.36715300  0.36715300  0.37182174  0.38600642  
63_0_0     0.22368417  0.27122344  0.22368417  0.23139936  0.20848980  0.20848980  0.09373402  0.06839099  0.09051851  0.05910564  0.06218789  0.05603610  0.05603610  0.08095457  0.05910564  0.06528297  0.01434193  0.02601798  0.02308174  0.02308174  0.02015705  0.04087562  0.00000000  0.06218789  0.05603610  0.06528297  0.09373402  0.09051851  0.09051851  0.10020704  0.04388309  0.04087562  0.27122344  0.26308621  0.25905074  0.25104490  0.25905074  0.26308621  0.25503705  0.32200993  0.34423903  0.24707406  0.23139936  0.23528717  0.23528717  0.23139936  0.27122344  0.27532568  0.25503705  0.25905074  0.26308621  0.25905074  0.26308621  0.25905074  0.27532568  0.28776993  0.28359867  0.28359867  0.28359867  0.30042594  0.30469292  0.29618330  0.28359867  0.28359867  0.27945067  0.27945067  0.28776993  0.24707406  0.29618330  0.36251339  0.33082201  0.25905074  0.27532568  0.28359867  0.26308621  0.26714370  0.26714370  0.27122344  0.26714370  0.25905074  0.27532568  0.26714370  0.26714370  0.26714370  0.27122344  0.27532568  0.27945067  0.27122344  0.30042594  0.30042594  0.31764273  0.30469292  0.30042594  0.30042594  0.30469292  0.27532568  0.27532568  0.27532568  0.26714370  0.26308621  0.27532568  0.27122344  0.28359867  0.27122344  0.26308621  0.24707406  0.40046687  0.40535018  0.41521404  0.30469292  0.31764273  0.34876570  0.33973974  0.34876570  0.36251339  0.34423903  0.31764273  0.34423903  0.35790253  0.35790253  0.36715300  0.35790253  0.37182174  0.35790253  0.36251339  0.36715300  0.36715300  0.35332009  0.36251339  0.36251339  0.36715300  0.38124807  
98_0_0     0.21225939  0.25503705  0.21225939  0.21985638  0.18992320  0.18992320  0.09696349  0.07151204  0.08731685  0.06218789  0.06839099  0.06218789  0.06528297  0.08412891  0.05603610  0.05603610  0.05297918  0.05910564  0.06218789  0.05603610  0.05297918  0.09051851  0.06218789  0.00000000  0.02308174  0.03192547  0.09051851  0.08731685  0.08731685  0.09696349  0.02896586  0.02601798  0.26308621  0.24707406  0.24312431  0.25503705  0.25905074  0.26308621  0.25905074  0.31330102  0.33526751  0.25104490  0.23139936  0.23528717  0.23528717  0.23139936  0.25503705  0.25905074  0.24707406  0.25104490  0.24707406  0.25104490  0.24707406  0.25905074  0.27122344  0.28776993  0.27532568  0.26714370  0.26714370  0.28359867  0.28776993  0.27945067  0.26714370  0.26714370  0.29618330  0.30042594  0.26308621  0.22753176  0.27532568  0.33082201  0.31330102  0.24707406  0.25905074  0.27122344  0.25905074  0.25503705  0.25503705  0.25905074  0.25503705  0.24707406  0.27122344  0.25503705  0.25503705  0.25503705  0.25905074  0.27122344  0.26714370  0.25905074  0.29196472  0.29196472  0.31764273  0.29618330  0.29196472  0.29618330  0.29618330  0.25104490  0.25104490  0.25104490  0.25104490  0.25104490  0.26308621  0.26308621  0.27532568  0.25905074  0.25905074  0.22753176  0.40046687  0.39561541  0.40535018  0.30042594  0.31330102  0.34876570  0.34423903  0.33973974  0.35332009  0.34876570  0.31764273  0.35790253  0.35790253  0.37182174  0.35790253  0.34876570  0.36251339  0.33973974  0.34423903  0.34876570  0.34876570  0.33526751  0.34423903  0.34423903  0.34876570  0.35332009  
56_0_0     0.22753176  0.26308621  0.22753176  0.22753176  0.20473922  0.20473922  0.09051851  0.07151204  0.08731685  0.05603610  0.06218789  0.05603610  0.05910564  0.07779372  0.04993478  0.05603610  0.04690278  0.05910564  0.06218789  0.06218789  0.05910564  0.09696349  0.05603610  0.02308174  0.00000000  0.02015705  0.08412891  0.08095457  0.08095457  0.08412891  0.02308174  0.02015705  0.27532568  0.25905074  0.25503705  0.25905074  0.26308621  0.26714370  0.26308621  0.31764273  0.33973974  0.25503705  0.23528717  0.23919542  0.23919542  0.23528717  0.25503705  0.25905074  0.25104490  0.24707406  0.25905074  0.25503705  0.25104490  0.26308621  0.25905074  0.28359867  0.27945067  0.27122344  0.27122344  0.28776993  0.29196472  0.28359867  0.26308621  0.26308621  0.27532568  0.29196472  0.24707406  0.21604819  0.26308621  0.32200993  0.30042594  0.22753176  0.23919542  0.25905074  0.23919542  0.23528717  0.23528717  0.23919542  0.23528717  0.22753176  0.24312431  0.23528717  0.23528717  0.23528717  0.23919542  0.25104490  0.25503705  0.23919542  0.27122344  0.27945067  0.29618330  0.27532568  0.27122344  0.28359867  0.28359867  0.23919542  0.23919542  0.23919542  0.23919542  0.23139936  0.24312431  0.24312431  0.25503705  0.23919542  0.24707406  0.22368417  0.39561541  0.39079540  0.39079540  0.28776993  0.29196472  0.33526751  0.33082201  0.33526751  0.34876570  0.33526751  0.30469292  0.34423903  0.34423903  0.35790253  0.34423903  0.33526751  0.34876570  0.34423903  0.34876570  0.35332009  0.35332009  0.33973974  0.33973974  0.33082201  0.33973974  0.34876570  
