fastme_mat.p : 0.8907203674316406
fastme.f81 : 1.1558291912078857
ba.exp : 7.601177215576172
pipeline_dl5536663 : 10.828850269317627
