fastme_mat.p : 0.39805351234078407
fastme.f81 : 0.6628619239544868
ba.exp : 6.8304217009484764
