10
3_0_0      0.00000000  0.01017103  0.01017103  0.34886579  0.24319928  0.25026347  0.26459876  0.24319928  0.24319928  0.25026347  
2_0_0      0.01017103  0.00000000  0.01017103  0.34886579  0.25739618  0.25026347  0.26459876  0.25739618  0.25739618  0.26459876  
1_0_0      0.01017103  0.01017103  0.00000000  0.33280867  0.25739618  0.23620232  0.25026347  0.25739618  0.25739618  0.26459876  
16_0_0     0.34886579  0.34886579  0.33280867  0.00000000  0.34886579  0.34886579  0.36528140  0.38207188  0.38207188  0.39061313  
19_0_0     0.24319928  0.25739618  0.25739618  0.34886579  0.00000000  0.07434169  0.08560316  0.08560316  0.08560316  0.07434169  
18_0_0     0.25026347  0.25026347  0.23620232  0.34886579  0.07434169  0.00000000  0.01017103  0.11453537  0.11453537  0.11453537  
8_0_0      0.26459876  0.26459876  0.25026347  0.36528140  0.08560316  0.01017103  0.00000000  0.11453537  0.11453537  0.11453537  
9_0_0      0.24319928  0.25739618  0.25739618  0.38207188  0.08560316  0.11453537  0.11453537  0.00000000  0.00000000  0.02048473  
13_0_0     0.24319928  0.25739618  0.25739618  0.38207188  0.08560316  0.11453537  0.11453537  0.00000000  0.00000000  0.02048473  
7_0_0      0.25026347  0.26459876  0.26459876  0.39061313  0.07434169  0.11453537  0.11453537  0.02048473  0.02048473  0.00000000  

