10
3_0_0      0.00000000  0.01017157  0.00506806  0.35780539  0.23652293  0.25062587  0.24354033  0.25062587  0.25062587  0.26500672  
2_0_0      0.01017157  0.00000000  0.00506806  0.35780539  0.23652293  0.25062587  0.24354033  0.25062587  0.25062587  0.26500672  
1_0_0      0.00506806  0.00506806  0.00000000  0.34960521  0.22957237  0.24354033  0.23652293  0.24354033  0.24354033  0.25778087  
16_0_0     0.35780539  0.35780539  0.34960521  0.00000000  0.36609875  0.40904108  0.43607418  0.34149615  0.34149615  0.35780539  
19_0_0     0.23652293  0.23652293  0.22957237  0.36609875  0.00000000  0.10872096  0.11460648  0.05233773  0.05233773  0.03623857  
18_0_0     0.25062587  0.25062587  0.24354033  0.40904108  0.10872096  0.00000000  0.02048691  0.12652186  0.12652186  0.13255331  
8_0_0      0.24354033  0.24354033  0.23652293  0.43607418  0.11460648  0.02048691  0.00000000  0.14476784  0.14476784  0.13863502  
9_0_0      0.25062587  0.25062587  0.24354033  0.34149615  0.05233773  0.12652186  0.14476784  0.00000000  0.00000000  0.01531101  
13_0_0     0.25062587  0.25062587  0.24354033  0.34149615  0.05233773  0.12652186  0.14476784  0.00000000  0.00000000  0.01531101  
7_0_0      0.26500672  0.26500672  0.25778087  0.35780539  0.03623857  0.13255331  0.13863502  0.01531101  0.01531101  0.00000000  

