204
74_14_0    0.00000000  0.02295092  0.07734938  0.07110395  0.09000053  0.06491076  0.11597037  0.11597037  0.12930505  0.11597037  0.12260769  0.10287160  0.10939202  0.10939202  0.10939202  0.10939202  0.13606354  0.11597037  0.12930505  0.09000053  0.10939202  0.11597037  0.09640809  0.09640809  0.10287160  0.08364793  0.08364793  0.06491076  0.05876894  0.08364793  0.08364793  0.09640809  0.12260769  0.12260769  0.14288429  0.09000053  0.09640809  0.09640809  0.09640809  0.09640809  0.10287160  0.09000053  0.11597037  0.09000053  0.08364793  0.08364793  0.04663606  0.05876894  0.10939202  0.09000053  0.12260769  0.10287160  0.12930505  0.12930505  0.04064337  0.04663606  0.07110395  0.07110395  0.07734938  0.07734938  0.08364793  0.09640809  0.07734938  0.09640809  0.10287160  0.10287160  0.09000053  0.09000053  0.09000053  0.08364793  0.05876894  0.06491076  0.07734938  0.08364793  0.09000053  0.07734938  0.09000053  0.07734938  0.08364793  0.10939202  0.10939202  0.09640809  0.10939202  0.10287160  0.09000053  0.09000053  0.10287160  0.09000053  0.08364793  0.09000053  0.09000053  0.08364793  0.09000053  0.13606354  0.13606354  0.13606354  0.12260769  0.12930505  0.10287160  0.10287160  0.10287160  0.12930505  0.11597037  0.10939202  0.09640809  0.09640809  0.09000053  0.11597037  0.13606354  0.12260769  0.10287160  0.10287160  0.09640809  0.10939202  0.08364793  0.10287160  0.10287160  0.14288429  0.14288429  0.13606354  0.10939202  0.11597037  0.15671722  0.13606354  0.13606354  0.12930505  0.13606354  0.13606354  0.13606354  0.13606354  0.12260769  0.10939202  0.13606354  0.13606354  0.13606354  0.16373182  0.16373182  0.17081351  0.17081351  0.14976845  0.15671722  0.15671722  0.15671722  0.19983766  0.17081351  0.22237766  0.18518338  0.19247426  0.17081351  0.17796358  0.18518338  0.21478783  0.17796358  0.15671722  0.17796358  0.17796358  0.17081351  0.17796358  0.17081351  0.17796358  0.19247426  0.12260769  0.20727501  0.17796358  0.19983766  0.19247426  0.19247426  0.20727501  0.21478783  0.19983766  0.19983766  0.19247426  0.20727501  0.17081351  0.19983766  0.20727501  0.21478783  0.18518338  0.19247426  0.19247426  0.14976845  0.14976845  0.14288429  0.15671722  0.14288429  0.15671722  0.15671722  0.15671722  0.14976845  0.19247426  0.21478783  0.21478783  0.16373182  0.23779478  0.23779478  0.26153959  0.25353974  0.25353974  0.26153959  0.24562541  0.26153959  0.25353974  0.25353974  0.25353974  
83_14_0    0.02295092  0.00000000  0.06491076  0.05876894  0.09000053  0.06491076  0.11597037  0.11597037  0.12930505  0.11597037  0.12260769  0.10287160  0.12260769  0.12260769  0.12260769  0.12260769  0.13606354  0.12930505  0.12930505  0.09000053  0.10939202  0.10287160  0.09640809  0.09640809  0.10287160  0.09640809  0.09640809  0.06491076  0.05876894  0.07734938  0.08364793  0.09640809  0.13606354  0.12260769  0.14288429  0.09000053  0.09640809  0.10939202  0.10939202  0.09640809  0.11597037  0.09000053  0.11597037  0.09000053  0.07110395  0.07110395  0.05876894  0.07110395  0.09640809  0.07734938  0.10939202  0.09000053  0.12930505  0.12930505  0.05267765  0.05876894  0.07110395  0.07110395  0.07734938  0.07734938  0.08364793  0.09640809  0.07734938  0.09640809  0.10287160  0.10287160  0.09000053  0.09000053  0.09000053  0.08364793  0.07110395  0.06491076  0.07734938  0.08364793  0.09000053  0.07734938  0.07734938  0.06491076  0.07110395  0.12260769  0.12260769  0.09640809  0.09640809  0.10287160  0.07734938  0.07734938  0.09000053  0.09000053  0.08364793  0.07734938  0.07734938  0.08364793  0.09000053  0.13606354  0.13606354  0.13606354  0.12260769  0.12930505  0.11597037  0.11597037  0.11597037  0.12930505  0.11597037  0.10939202  0.10939202  0.10939202  0.10287160  0.11597037  0.12260769  0.10939202  0.09000053  0.09000053  0.08364793  0.10939202  0.09640809  0.10287160  0.10287160  0.14288429  0.14288429  0.13606354  0.12930505  0.13606354  0.14288429  0.13606354  0.13606354  0.12930505  0.14976845  0.13606354  0.13606354  0.13606354  0.12260769  0.12260769  0.14976845  0.14976845  0.14976845  0.14976845  0.14976845  0.17081351  0.17081351  0.17796358  0.17081351  0.18518338  0.17081351  0.19983766  0.17081351  0.22237766  0.17081351  0.17796358  0.17081351  0.16373182  0.17081351  0.19983766  0.16373182  0.17081351  0.19247426  0.19247426  0.18518338  0.19247426  0.18518338  0.19247426  0.20727501  0.12260769  0.20727501  0.19247426  0.18518338  0.19247426  0.19247426  0.20727501  0.21478783  0.21478783  0.21478783  0.19247426  0.19247426  0.17081351  0.19983766  0.20727501  0.21478783  0.18518338  0.19247426  0.19247426  0.16373182  0.16373182  0.15671722  0.17081351  0.14288429  0.15671722  0.15671722  0.15671722  0.16373182  0.22237766  0.21478783  0.19983766  0.19247426  0.25353974  0.25353974  0.27780333  0.26962681  0.26962681  0.27780333  0.26153959  0.26153959  0.25353974  0.26962681  0.26153959  
65_34_0    0.07734938  0.06491076  0.00000000  0.01138654  0.03469879  0.02880156  0.11597037  0.11597037  0.13606354  0.13606354  0.12930505  0.12930505  0.16373182  0.15671722  0.11597037  0.11597037  0.14288429  0.14976845  0.13606354  0.09640809  0.11597037  0.10287160  0.09640809  0.09640809  0.10287160  0.10287160  0.09000053  0.09640809  0.09000053  0.11597037  0.12260769  0.12260769  0.14288429  0.17081351  0.17796358  0.12260769  0.12930505  0.13606354  0.13606354  0.12930505  0.13606354  0.13606354  0.16373182  0.13606354  0.10287160  0.10287160  0.09000053  0.10287160  0.09000053  0.09000053  0.09640809  0.08364793  0.10287160  0.10287160  0.08364793  0.09000053  0.09000053  0.10287160  0.09640809  0.09640809  0.09000053  0.10287160  0.07110395  0.10287160  0.10939202  0.08364793  0.09640809  0.09640809  0.09640809  0.09000053  0.10287160  0.10939202  0.09640809  0.09000053  0.10939202  0.09640809  0.09640809  0.09640809  0.10287160  0.16373182  0.14976845  0.12260769  0.12260769  0.11597037  0.10939202  0.10939202  0.10939202  0.10939202  0.10287160  0.08364793  0.08364793  0.10287160  0.09640809  0.12930505  0.12930505  0.12930505  0.11597037  0.12260769  0.13606354  0.12930505  0.12260769  0.10939202  0.10939202  0.11597037  0.12930505  0.12930505  0.12260769  0.13606354  0.12930505  0.12930505  0.09640809  0.08364793  0.10287160  0.12260769  0.10939202  0.12260769  0.12260769  0.15671722  0.15671722  0.16373182  0.10939202  0.10287160  0.12930505  0.15671722  0.15671722  0.14976845  0.12930505  0.11597037  0.11597037  0.10287160  0.10287160  0.10939202  0.14288429  0.15671722  0.15671722  0.12930505  0.12930505  0.14976845  0.14976845  0.17796358  0.17081351  0.17796358  0.14976845  0.17796358  0.14976845  0.18518338  0.16373182  0.17081351  0.19247426  0.17081351  0.16373182  0.18518338  0.17081351  0.19983766  0.18518338  0.18518338  0.19247426  0.19983766  0.19247426  0.18518338  0.20727501  0.12930505  0.18518338  0.19247426  0.17796358  0.19983766  0.19983766  0.21478783  0.22237766  0.22237766  0.22237766  0.19983766  0.15671722  0.16373182  0.17796358  0.18518338  0.19247426  0.17796358  0.17796358  0.17796358  0.18518338  0.18518338  0.17796358  0.18518338  0.16373182  0.14976845  0.14976845  0.14976845  0.15671722  0.19983766  0.21478783  0.16373182  0.21478783  0.22237766  0.22237766  0.24562541  0.23779478  0.25353974  0.26153959  0.24562541  0.23004609  0.22237766  0.25353974  0.23004609  
65_14_0    0.07110395  0.05876894  0.01138654  0.00000000  0.03469879  0.02880156  0.11597037  0.11597037  0.13606354  0.13606354  0.12930505  0.12930505  0.15671722  0.15671722  0.11597037  0.11597037  0.13606354  0.14288429  0.12930505  0.09000053  0.10939202  0.09640809  0.09000053  0.09000053  0.09640809  0.09640809  0.08364793  0.09000053  0.08364793  0.10939202  0.11597037  0.12260769  0.13606354  0.16373182  0.17081351  0.11597037  0.12260769  0.12930505  0.12930505  0.12930505  0.13606354  0.12930505  0.15671722  0.12930505  0.09640809  0.09640809  0.08364793  0.09640809  0.09000053  0.08364793  0.09000053  0.08364793  0.10287160  0.10287160  0.07734938  0.08364793  0.08364793  0.09640809  0.09000053  0.09000053  0.08364793  0.09640809  0.07110395  0.09640809  0.10287160  0.09640809  0.09000053  0.09000053  0.09000053  0.08364793  0.09640809  0.10287160  0.09000053  0.08364793  0.10287160  0.09000053  0.09640809  0.09000053  0.09640809  0.14976845  0.13606354  0.11597037  0.11597037  0.10939202  0.10287160  0.10287160  0.10287160  0.10939202  0.10287160  0.08364793  0.08364793  0.10287160  0.09640809  0.12930505  0.12930505  0.12930505  0.11597037  0.12260769  0.13606354  0.12260769  0.12260769  0.12260769  0.12260769  0.11597037  0.12930505  0.12930505  0.12260769  0.13606354  0.12930505  0.12930505  0.09640809  0.09640809  0.10287160  0.12260769  0.10287160  0.12260769  0.12260769  0.16373182  0.16373182  0.17081351  0.12260769  0.11597037  0.12930505  0.14976845  0.14976845  0.14288429  0.12930505  0.11597037  0.11597037  0.11597037  0.10287160  0.10287160  0.13606354  0.14976845  0.14976845  0.13606354  0.13606354  0.15671722  0.15671722  0.17796358  0.17081351  0.19247426  0.14288429  0.17081351  0.14288429  0.19247426  0.16373182  0.17081351  0.18518338  0.17081351  0.16373182  0.18518338  0.17081351  0.19247426  0.18518338  0.18518338  0.19247426  0.19983766  0.19247426  0.18518338  0.20727501  0.12260769  0.18518338  0.19247426  0.17796358  0.19247426  0.19247426  0.20727501  0.21478783  0.21478783  0.21478783  0.19247426  0.15671722  0.15671722  0.17796358  0.18518338  0.19247426  0.17081351  0.16373182  0.16373182  0.18518338  0.18518338  0.17796358  0.18518338  0.16373182  0.14976845  0.14976845  0.14976845  0.15671722  0.19247426  0.21478783  0.17081351  0.20727501  0.23779478  0.23779478  0.26153959  0.25353974  0.26962681  0.27780333  0.26153959  0.24562541  0.23779478  0.26962681  0.24562541  
65_33_0    0.09000053  0.09000053  0.03469879  0.03469879  0.00000000  0.05267765  0.12930505  0.12930505  0.16373182  0.16373182  0.15671722  0.15671722  0.17796358  0.17081351  0.11597037  0.11597037  0.15671722  0.16373182  0.14976845  0.10939202  0.12930505  0.12930505  0.10939202  0.10939202  0.11597037  0.10287160  0.09640809  0.12260769  0.11597037  0.11597037  0.11597037  0.11597037  0.15671722  0.19983766  0.20727501  0.13606354  0.14288429  0.13606354  0.13606354  0.14288429  0.14976845  0.14976845  0.16373182  0.14976845  0.12930505  0.12930505  0.10287160  0.11597037  0.11597037  0.11597037  0.12260769  0.10939202  0.12930505  0.12930505  0.10939202  0.11597037  0.11597037  0.12930505  0.12260769  0.12260769  0.11597037  0.12260769  0.09640809  0.12930505  0.13606354  0.12260769  0.12260769  0.12260769  0.12260769  0.11597037  0.10287160  0.12260769  0.12260769  0.11597037  0.13606354  0.12260769  0.12260769  0.10939202  0.10287160  0.14976845  0.16373182  0.13606354  0.14976845  0.14288429  0.13606354  0.13606354  0.13606354  0.11597037  0.10939202  0.10287160  0.10287160  0.12260769  0.11597037  0.14288429  0.15671722  0.14288429  0.12930505  0.13606354  0.16373182  0.15671722  0.14976845  0.12930505  0.14976845  0.14288429  0.14288429  0.14288429  0.14976845  0.16373182  0.15671722  0.15671722  0.11597037  0.12260769  0.12930505  0.14976845  0.12260769  0.14976845  0.14976845  0.18518338  0.18518338  0.19247426  0.11597037  0.10939202  0.12930505  0.17081351  0.15671722  0.16373182  0.14288429  0.14288429  0.14288429  0.11597037  0.11597037  0.12260769  0.15671722  0.17081351  0.17081351  0.15671722  0.15671722  0.17796358  0.17796358  0.17796358  0.18518338  0.19247426  0.14976845  0.17796358  0.14976845  0.18518338  0.19247426  0.19983766  0.20727501  0.19983766  0.19247426  0.18518338  0.19983766  0.23004609  0.19983766  0.19983766  0.20727501  0.21478783  0.20727501  0.19983766  0.22237766  0.15671722  0.21478783  0.22237766  0.20727501  0.21478783  0.21478783  0.23004609  0.23779478  0.23779478  0.23779478  0.21478783  0.17081351  0.17796358  0.19247426  0.19983766  0.20727501  0.20727501  0.20727501  0.20727501  0.18518338  0.18518338  0.17796358  0.18518338  0.19247426  0.17081351  0.17081351  0.17081351  0.17796358  0.20727501  0.23779478  0.19247426  0.23004609  0.26962681  0.26962681  0.27780333  0.27780333  0.30288904  0.31144343  0.29443235  0.27780333  0.26962681  0.30288904  0.27780333  
49_14_0    0.06491076  0.06491076  0.02880156  0.02880156  0.05267765  0.00000000  0.11597037  0.11597037  0.12930505  0.12260769  0.12260769  0.10287160  0.13606354  0.12930505  0.12260769  0.12260769  0.13606354  0.14288429  0.12930505  0.10287160  0.13606354  0.10939202  0.10287160  0.10287160  0.10939202  0.09000053  0.08364793  0.07110395  0.06491076  0.09640809  0.10287160  0.10287160  0.14976845  0.15671722  0.16373182  0.12260769  0.12930505  0.14976845  0.14976845  0.12930505  0.12260769  0.12260769  0.14976845  0.12260769  0.10287160  0.10287160  0.08364793  0.09640809  0.09640809  0.09640809  0.10287160  0.09000053  0.09000053  0.09000053  0.05876894  0.06491076  0.08364793  0.09000053  0.09000053  0.09000053  0.08364793  0.09640809  0.07734938  0.09640809  0.10287160  0.09000053  0.09000053  0.09000053  0.09000053  0.08364793  0.08364793  0.09000053  0.07734938  0.07110395  0.09000053  0.07734938  0.09640809  0.08364793  0.09000053  0.13606354  0.13606354  0.10287160  0.11597037  0.09640809  0.09640809  0.09640809  0.09640809  0.08364793  0.07734938  0.07734938  0.07734938  0.08364793  0.08364793  0.10939202  0.10939202  0.10939202  0.09640809  0.10287160  0.10939202  0.11597037  0.10939202  0.11597037  0.11597037  0.10939202  0.10939202  0.10939202  0.10287160  0.13606354  0.12930505  0.12930505  0.10287160  0.10287160  0.09640809  0.12260769  0.10939202  0.09640809  0.09640809  0.14288429  0.14288429  0.14976845  0.12260769  0.11597037  0.12930505  0.12930505  0.12930505  0.12260769  0.10939202  0.09640809  0.09640809  0.09640809  0.09640809  0.09000053  0.12260769  0.13606354  0.13606354  0.12930505  0.12930505  0.15671722  0.15671722  0.17796358  0.17081351  0.19247426  0.15671722  0.19983766  0.17081351  0.19983766  0.17081351  0.17796358  0.19983766  0.17796358  0.17081351  0.20727501  0.17796358  0.17796358  0.19247426  0.19247426  0.18518338  0.19247426  0.18518338  0.17796358  0.20727501  0.13606354  0.19247426  0.19247426  0.18518338  0.20727501  0.20727501  0.20727501  0.21478783  0.19983766  0.19983766  0.19247426  0.16373182  0.14976845  0.14976845  0.15671722  0.16373182  0.14976845  0.14976845  0.14976845  0.17081351  0.17081351  0.16373182  0.17081351  0.14976845  0.15671722  0.15671722  0.15671722  0.14976845  0.17796358  0.19983766  0.19983766  0.21478783  0.23779478  0.23779478  0.26153959  0.25353974  0.26153959  0.26962681  0.25353974  0.26153959  0.25353974  0.26962681  0.25353974  
69_14_0    0.11597037  0.11597037  0.11597037  0.11597037  0.12930505  0.11597037  0.00000000  0.00000000  0.22237766  0.19247426  0.19983766  0.19247426  0.21478783  0.19983766  0.17796358  0.17796358  0.21478783  0.21478783  0.20727501  0.13606354  0.16373182  0.17081351  0.14976845  0.14976845  0.15671722  0.14976845  0.16373182  0.13606354  0.12930505  0.14976845  0.14976845  0.14976845  0.19247426  0.19247426  0.20727501  0.14976845  0.15671722  0.17081351  0.17081351  0.18518338  0.18518338  0.16373182  0.19247426  0.16373182  0.12930505  0.12930505  0.13606354  0.12260769  0.15671722  0.14976845  0.17081351  0.15671722  0.15671722  0.15671722  0.14288429  0.14976845  0.16373182  0.16373182  0.17081351  0.17081351  0.17796358  0.19247426  0.15671722  0.19247426  0.17796358  0.17081351  0.17081351  0.17081351  0.17081351  0.17796358  0.14288429  0.16373182  0.14288429  0.14976845  0.14288429  0.14288429  0.14976845  0.14976845  0.15671722  0.19247426  0.17796358  0.18518338  0.17081351  0.18518338  0.16373182  0.16373182  0.17796358  0.15671722  0.13606354  0.14288429  0.14288429  0.14976845  0.14288429  0.15671722  0.15671722  0.16373182  0.15671722  0.14976845  0.15671722  0.17796358  0.15671722  0.19247426  0.19247426  0.18518338  0.17081351  0.17081351  0.18518338  0.17796358  0.16373182  0.17081351  0.16373182  0.16373182  0.14288429  0.18518338  0.18518338  0.14976845  0.14976845  0.23004609  0.23004609  0.22237766  0.19247426  0.19247426  0.19247426  0.18518338  0.19983766  0.19247426  0.17796358  0.19247426  0.19247426  0.19247426  0.16373182  0.17081351  0.18518338  0.19983766  0.19983766  0.21478783  0.21478783  0.23779478  0.23779478  0.23004609  0.23779478  0.23779478  0.23779478  0.23779478  0.23779478  0.20727501  0.19983766  0.20727501  0.21478783  0.19983766  0.18518338  0.21478783  0.20727501  0.20727501  0.21478783  0.21478783  0.22237766  0.21478783  0.20727501  0.20727501  0.21478783  0.18518338  0.23004609  0.24562541  0.20727501  0.23004609  0.23004609  0.23004609  0.23779478  0.23779478  0.23779478  0.21478783  0.20727501  0.21478783  0.21478783  0.22237766  0.23004609  0.21478783  0.19983766  0.19983766  0.18518338  0.19983766  0.19247426  0.18518338  0.19247426  0.19983766  0.19983766  0.19983766  0.20727501  0.23779478  0.20727501  0.23004609  0.23004609  0.26962681  0.26962681  0.29443235  0.28607116  0.28607116  0.29443235  0.27780333  0.26962681  0.26962681  0.30288904  0.27780333  
76_14_0    0.11597037  0.11597037  0.11597037  0.11597037  0.12930505  0.11597037  0.00000000  0.00000000  0.22237766  0.19247426  0.19983766  0.19247426  0.21478783  0.19983766  0.17796358  0.17796358  0.21478783  0.21478783  0.20727501  0.13606354  0.16373182  0.17081351  0.14976845  0.14976845  0.15671722  0.14976845  0.16373182  0.13606354  0.12930505  0.14976845  0.14976845  0.14976845  0.19247426  0.19247426  0.20727501  0.14976845  0.15671722  0.17081351  0.17081351  0.18518338  0.18518338  0.16373182  0.19247426  0.16373182  0.12930505  0.12930505  0.13606354  0.12260769  0.15671722  0.14976845  0.17081351  0.15671722  0.15671722  0.15671722  0.14288429  0.14976845  0.16373182  0.16373182  0.17081351  0.17081351  0.17796358  0.19247426  0.15671722  0.19247426  0.17796358  0.17081351  0.17081351  0.17081351  0.17081351  0.17796358  0.14288429  0.16373182  0.14288429  0.14976845  0.14288429  0.14288429  0.14976845  0.14976845  0.15671722  0.19247426  0.17796358  0.18518338  0.17081351  0.18518338  0.16373182  0.16373182  0.17796358  0.15671722  0.13606354  0.14288429  0.14288429  0.14976845  0.14288429  0.15671722  0.15671722  0.16373182  0.15671722  0.14976845  0.15671722  0.17796358  0.15671722  0.19247426  0.19247426  0.18518338  0.17081351  0.17081351  0.18518338  0.17796358  0.16373182  0.17081351  0.16373182  0.16373182  0.14288429  0.18518338  0.18518338  0.14976845  0.14976845  0.23004609  0.23004609  0.22237766  0.19247426  0.19247426  0.19247426  0.18518338  0.19983766  0.19247426  0.17796358  0.19247426  0.19247426  0.19247426  0.16373182  0.17081351  0.18518338  0.19983766  0.19983766  0.21478783  0.21478783  0.23779478  0.23779478  0.23004609  0.23779478  0.23779478  0.23779478  0.23779478  0.23779478  0.20727501  0.19983766  0.20727501  0.21478783  0.19983766  0.18518338  0.21478783  0.20727501  0.20727501  0.21478783  0.21478783  0.22237766  0.21478783  0.20727501  0.20727501  0.21478783  0.18518338  0.23004609  0.24562541  0.20727501  0.23004609  0.23004609  0.23004609  0.23779478  0.23779478  0.23779478  0.21478783  0.20727501  0.21478783  0.21478783  0.22237766  0.23004609  0.21478783  0.19983766  0.19983766  0.18518338  0.19983766  0.19247426  0.18518338  0.19247426  0.19983766  0.19983766  0.19983766  0.20727501  0.23779478  0.20727501  0.23004609  0.23004609  0.26962681  0.26962681  0.29443235  0.28607116  0.28607116  0.29443235  0.27780333  0.26962681  0.26962681  0.30288904  0.27780333  
50_19_0    0.12930505  0.12930505  0.13606354  0.13606354  0.16373182  0.12930505  0.22237766  0.22237766  0.00000000  0.02295092  0.01714615  0.03469879  0.05267765  0.04064337  0.15671722  0.15671722  0.14288429  0.14976845  0.13606354  0.10939202  0.11597037  0.11597037  0.11597037  0.11597037  0.12260769  0.13606354  0.12260769  0.12260769  0.12930505  0.15671722  0.14976845  0.13606354  0.16373182  0.16373182  0.18518338  0.18518338  0.19247426  0.21478783  0.21478783  0.15671722  0.17081351  0.18518338  0.19983766  0.18518338  0.16373182  0.16373182  0.15671722  0.17081351  0.14976845  0.14976845  0.18518338  0.14288429  0.12930505  0.12930505  0.13606354  0.14288429  0.12930505  0.14288429  0.13606354  0.13606354  0.10287160  0.10287160  0.10939202  0.11597037  0.10939202  0.10939202  0.10939202  0.10939202  0.10939202  0.10287160  0.15671722  0.16373182  0.14976845  0.15671722  0.14288429  0.13606354  0.14976845  0.16373182  0.17081351  0.17081351  0.15671722  0.15671722  0.17081351  0.13606354  0.13606354  0.13606354  0.14976845  0.13606354  0.12930505  0.12260769  0.12260769  0.13606354  0.12260769  0.16373182  0.14976845  0.16373182  0.16373182  0.17081351  0.17796358  0.15671722  0.16373182  0.16373182  0.13606354  0.14288429  0.15671722  0.14288429  0.14976845  0.17796358  0.17081351  0.17081351  0.13606354  0.13606354  0.14288429  0.16373182  0.16373182  0.19247426  0.19247426  0.20727501  0.19983766  0.19983766  0.17081351  0.16373182  0.16373182  0.18518338  0.18518338  0.17796358  0.17081351  0.14288429  0.14288429  0.15671722  0.14288429  0.14976845  0.19983766  0.18518338  0.18518338  0.18518338  0.18518338  0.14976845  0.14976845  0.23779478  0.22237766  0.23779478  0.20727501  0.23779478  0.22237766  0.26153959  0.23779478  0.24562541  0.26962681  0.24562541  0.23779478  0.25353974  0.21478783  0.19983766  0.18518338  0.18518338  0.17796358  0.18518338  0.17796358  0.17081351  0.19247426  0.21478783  0.25353974  0.23779478  0.20727501  0.22237766  0.22237766  0.22237766  0.23779478  0.21478783  0.21478783  0.23779478  0.23004609  0.23004609  0.22237766  0.21478783  0.23004609  0.22237766  0.23779478  0.23779478  0.22237766  0.20727501  0.21478783  0.23004609  0.20727501  0.23004609  0.23004609  0.23004609  0.22237766  0.23004609  0.25353974  0.26153959  0.19983766  0.28607116  0.28607116  0.31144343  0.30288904  0.30288904  0.31144343  0.31144343  0.30288904  0.30288904  0.30288904  0.30288904  
58_19_0    0.11597037  0.11597037  0.13606354  0.13606354  0.16373182  0.12260769  0.19247426  0.19247426  0.02295092  0.00000000  0.00567138  0.02295092  0.04064337  0.02880156  0.15671722  0.15671722  0.14288429  0.14976845  0.13606354  0.09640809  0.11597037  0.11597037  0.11597037  0.11597037  0.12260769  0.11597037  0.12930505  0.10287160  0.10939202  0.16373182  0.15671722  0.14288429  0.17081351  0.15671722  0.17796358  0.16373182  0.17081351  0.19247426  0.19247426  0.15671722  0.15671722  0.16373182  0.17796358  0.16373182  0.14288429  0.14288429  0.15671722  0.17081351  0.14976845  0.14976845  0.18518338  0.14288429  0.11597037  0.11597037  0.12260769  0.12930505  0.12930505  0.12930505  0.13606354  0.13606354  0.10287160  0.10287160  0.10939202  0.11597037  0.10939202  0.10939202  0.10939202  0.10939202  0.10939202  0.10287160  0.14288429  0.16373182  0.14976845  0.15671722  0.14288429  0.14976845  0.13606354  0.13606354  0.14288429  0.15671722  0.14288429  0.15671722  0.17081351  0.13606354  0.12260769  0.12260769  0.13606354  0.12260769  0.11597037  0.12260769  0.12260769  0.12260769  0.09640809  0.16373182  0.14976845  0.16373182  0.16373182  0.17081351  0.16373182  0.14288429  0.14976845  0.14976845  0.12260769  0.12930505  0.14288429  0.12930505  0.14288429  0.16373182  0.15671722  0.15671722  0.13606354  0.13606354  0.14288429  0.14976845  0.16373182  0.17796358  0.16373182  0.19983766  0.19247426  0.19247426  0.15671722  0.14976845  0.16373182  0.15671722  0.15671722  0.14976845  0.15671722  0.12930505  0.12930505  0.14288429  0.12930505  0.13606354  0.18518338  0.17081351  0.17081351  0.17081351  0.17081351  0.14976845  0.14976845  0.23004609  0.21478783  0.23004609  0.20727501  0.25353974  0.22237766  0.25353974  0.22237766  0.23004609  0.25353974  0.23779478  0.22237766  0.23779478  0.19983766  0.20727501  0.18518338  0.18518338  0.19247426  0.18518338  0.17796358  0.17081351  0.19247426  0.21478783  0.25353974  0.21478783  0.22237766  0.23004609  0.23004609  0.21478783  0.23004609  0.20727501  0.20727501  0.24562541  0.23779478  0.21478783  0.19247426  0.18518338  0.19983766  0.19247426  0.20727501  0.20727501  0.20727501  0.19247426  0.19983766  0.21478783  0.19247426  0.23004609  0.23004609  0.23004609  0.22237766  0.23004609  0.22237766  0.26153959  0.18518338  0.29443235  0.29443235  0.32009781  0.31144343  0.29443235  0.30288904  0.30288904  0.31144343  0.31144343  0.31144343  0.31144343  
79_19_0    0.12260769  0.12260769  0.12930505  0.12930505  0.15671722  0.12260769  0.19983766  0.19983766  0.01714615  0.00567138  0.00000000  0.02880156  0.04663606  0.03469879  0.14976845  0.14976845  0.13606354  0.14288429  0.12930505  0.09000053  0.10939202  0.10939202  0.10939202  0.10939202  0.11597037  0.12260769  0.12260769  0.10939202  0.11597037  0.16373182  0.15671722  0.14288429  0.16373182  0.16373182  0.18518338  0.17081351  0.17796358  0.19983766  0.19983766  0.16373182  0.16373182  0.17081351  0.18518338  0.17081351  0.14976845  0.14976845  0.14976845  0.16373182  0.14288429  0.14288429  0.17796358  0.13606354  0.11597037  0.11597037  0.12930505  0.13606354  0.12260769  0.13606354  0.12930505  0.12930505  0.09640809  0.09640809  0.10287160  0.10939202  0.10287160  0.10287160  0.10287160  0.10287160  0.10287160  0.09640809  0.13606354  0.15671722  0.14288429  0.14976845  0.13606354  0.14288429  0.14288429  0.14288429  0.14976845  0.16373182  0.14976845  0.14976845  0.16373182  0.12930505  0.12930505  0.12930505  0.14288429  0.12930505  0.12260769  0.11597037  0.11597037  0.12930505  0.10287160  0.15671722  0.14288429  0.15671722  0.15671722  0.16373182  0.17081351  0.14976845  0.15671722  0.14288429  0.11597037  0.12260769  0.13606354  0.12260769  0.13606354  0.17081351  0.16373182  0.16373182  0.12930505  0.12930505  0.13606354  0.14288429  0.15671722  0.18518338  0.17081351  0.19983766  0.19247426  0.19247426  0.16373182  0.15671722  0.17081351  0.16373182  0.16373182  0.15671722  0.14976845  0.12260769  0.12260769  0.13606354  0.12260769  0.12930505  0.17796358  0.16373182  0.16373182  0.17796358  0.17796358  0.14288429  0.14288429  0.23779478  0.22237766  0.23779478  0.19983766  0.24562541  0.21478783  0.25353974  0.21478783  0.22237766  0.24562541  0.23004609  0.21478783  0.23004609  0.19247426  0.19983766  0.17796358  0.17796358  0.18518338  0.17796358  0.17081351  0.16373182  0.18518338  0.20727501  0.24562541  0.21478783  0.21478783  0.22237766  0.22237766  0.20727501  0.22237766  0.19983766  0.19983766  0.23779478  0.23004609  0.22237766  0.19983766  0.19247426  0.20727501  0.19983766  0.21478783  0.21478783  0.21478783  0.19983766  0.20727501  0.22237766  0.19983766  0.22237766  0.22237766  0.22237766  0.21478783  0.22237766  0.23004609  0.25353974  0.19247426  0.28607116  0.28607116  0.31144343  0.30288904  0.30288904  0.31144343  0.31144343  0.30288904  0.30288904  0.30288904  0.30288904  
79_25_0    0.10287160  0.10287160  0.12930505  0.12930505  0.15671722  0.10287160  0.19247426  0.19247426  0.03469879  0.02295092  0.02880156  0.00000000  0.02880156  0.02880156  0.15671722  0.15671722  0.14288429  0.14976845  0.13606354  0.10939202  0.12930505  0.11597037  0.11597037  0.11597037  0.12260769  0.12260769  0.12260769  0.10939202  0.10287160  0.14976845  0.14288429  0.12930505  0.18518338  0.17081351  0.17796358  0.17796358  0.18518338  0.19247426  0.19247426  0.17081351  0.17796358  0.16373182  0.17796358  0.16373182  0.15671722  0.15671722  0.14288429  0.15671722  0.14288429  0.14976845  0.17796358  0.13606354  0.11597037  0.11597037  0.10939202  0.11597037  0.11597037  0.11597037  0.12260769  0.12260769  0.10287160  0.10287160  0.10939202  0.11597037  0.10939202  0.10939202  0.10939202  0.10939202  0.10939202  0.10287160  0.14288429  0.14976845  0.13606354  0.13606354  0.14288429  0.13606354  0.13606354  0.12930505  0.13606354  0.15671722  0.15671722  0.12930505  0.14288429  0.10939202  0.10939202  0.10939202  0.11597037  0.10939202  0.10287160  0.10939202  0.10939202  0.10939202  0.10939202  0.16373182  0.14976845  0.16373182  0.14976845  0.15671722  0.14976845  0.14288429  0.14976845  0.16373182  0.13606354  0.14288429  0.14288429  0.12930505  0.13606354  0.16373182  0.15671722  0.15671722  0.13606354  0.13606354  0.12930505  0.15671722  0.14976845  0.15671722  0.15671722  0.17796358  0.17081351  0.17796358  0.14976845  0.14288429  0.16373182  0.16373182  0.16373182  0.15671722  0.16373182  0.13606354  0.13606354  0.14976845  0.13606354  0.12930505  0.19983766  0.18518338  0.18518338  0.16373182  0.16373182  0.16373182  0.16373182  0.21478783  0.21478783  0.24562541  0.21478783  0.26153959  0.23004609  0.26153959  0.21478783  0.22237766  0.24562541  0.23004609  0.21478783  0.23779478  0.19247426  0.19247426  0.19983766  0.19983766  0.17796358  0.18518338  0.17796358  0.17081351  0.19983766  0.19247426  0.24562541  0.22237766  0.19983766  0.20727501  0.20727501  0.20727501  0.22237766  0.19983766  0.19983766  0.22237766  0.21478783  0.19247426  0.18518338  0.17796358  0.19247426  0.18518338  0.19983766  0.19983766  0.19247426  0.17796358  0.18518338  0.19247426  0.17796358  0.21478783  0.21478783  0.21478783  0.20727501  0.20727501  0.22237766  0.26962681  0.21478783  0.29443235  0.29443235  0.32009781  0.31144343  0.29443235  0.30288904  0.30288904  0.32885453  0.31144343  0.31144343  0.31144343  
58_25_0    0.10939202  0.12260769  0.16373182  0.15671722  0.17796358  0.13606354  0.21478783  0.21478783  0.05267765  0.04064337  0.04663606  0.02880156  0.00000000  0.03469879  0.17796358  0.17796358  0.14976845  0.15671722  0.14288429  0.11597037  0.12260769  0.13606354  0.12260769  0.12260769  0.12930505  0.12930505  0.12930505  0.11597037  0.12260769  0.16373182  0.14976845  0.14976845  0.19247426  0.17796358  0.19983766  0.19983766  0.20727501  0.19983766  0.19983766  0.19247426  0.19983766  0.18518338  0.19983766  0.18518338  0.17796358  0.17796358  0.14976845  0.14976845  0.17796358  0.17796358  0.19247426  0.17081351  0.13606354  0.13606354  0.12930505  0.13606354  0.12260769  0.12260769  0.12930505  0.12930505  0.12260769  0.12260769  0.14288429  0.13606354  0.12930505  0.14288429  0.12930505  0.12930505  0.12930505  0.12260769  0.14976845  0.14976845  0.14288429  0.14288429  0.14976845  0.14288429  0.17081351  0.14976845  0.15671722  0.15671722  0.15671722  0.14976845  0.16373182  0.12930505  0.12930505  0.12930505  0.13606354  0.14288429  0.13606354  0.14288429  0.14288429  0.14288429  0.14288429  0.18518338  0.17081351  0.18518338  0.18518338  0.19247426  0.18518338  0.17081351  0.18518338  0.19983766  0.17081351  0.17796358  0.14976845  0.13606354  0.17081351  0.19983766  0.19247426  0.19247426  0.17081351  0.17081351  0.16373182  0.19247426  0.15671722  0.19247426  0.19247426  0.17081351  0.17796358  0.17081351  0.17796358  0.17081351  0.18518338  0.17081351  0.17081351  0.16373182  0.17081351  0.15671722  0.15671722  0.17081351  0.14288429  0.14288429  0.17796358  0.16373182  0.16373182  0.17081351  0.17081351  0.17081351  0.17081351  0.22237766  0.22237766  0.23779478  0.22237766  0.26962681  0.23779478  0.27780333  0.24562541  0.25353974  0.24562541  0.26153959  0.24562541  0.26962681  0.22237766  0.19983766  0.20727501  0.20727501  0.18518338  0.19247426  0.18518338  0.17796358  0.20727501  0.19983766  0.25353974  0.23004609  0.22237766  0.19983766  0.19983766  0.19983766  0.21478783  0.19247426  0.19247426  0.21478783  0.23779478  0.19983766  0.20727501  0.19983766  0.21478783  0.19247426  0.21478783  0.21478783  0.19983766  0.18518338  0.19247426  0.19983766  0.19983766  0.23779478  0.23779478  0.23779478  0.23004609  0.18518338  0.24562541  0.27780333  0.19247426  0.33771606  0.33771606  0.34668493  0.33771606  0.32009781  0.32885453  0.32885453  0.33771606  0.33771606  0.33771606  0.33771606  
50_25_0    0.10939202  0.12260769  0.15671722  0.15671722  0.17081351  0.12930505  0.19983766  0.19983766  0.04064337  0.02880156  0.03469879  0.02880156  0.03469879  0.00000000  0.16373182  0.16373182  0.15671722  0.16373182  0.14976845  0.11597037  0.12260769  0.13606354  0.12260769  0.12260769  0.12930505  0.13606354  0.13606354  0.11597037  0.12260769  0.16373182  0.14976845  0.13606354  0.19247426  0.17796358  0.19983766  0.19983766  0.20727501  0.21478783  0.21478783  0.17796358  0.18518338  0.18518338  0.19983766  0.18518338  0.17796358  0.17796358  0.14976845  0.16373182  0.15671722  0.17081351  0.19247426  0.16373182  0.14288429  0.14288429  0.12930505  0.13606354  0.13606354  0.12260769  0.12930505  0.12930505  0.12260769  0.12260769  0.12930505  0.13606354  0.12930505  0.12930505  0.12930505  0.12930505  0.12930505  0.12260769  0.13606354  0.14288429  0.14288429  0.14976845  0.16373182  0.15671722  0.14976845  0.13606354  0.14288429  0.14976845  0.14288429  0.16373182  0.17796358  0.14288429  0.12930505  0.12930505  0.14288429  0.12930505  0.12260769  0.12930505  0.12930505  0.12930505  0.12930505  0.17081351  0.15671722  0.17081351  0.17081351  0.17796358  0.17081351  0.16373182  0.17081351  0.18518338  0.15671722  0.16373182  0.14976845  0.13606354  0.15671722  0.18518338  0.17796358  0.17796358  0.15671722  0.15671722  0.14976845  0.16373182  0.16373182  0.18518338  0.18518338  0.19247426  0.18518338  0.18518338  0.17081351  0.16373182  0.18518338  0.17796358  0.17796358  0.17081351  0.14288429  0.13606354  0.13606354  0.16373182  0.13606354  0.14288429  0.17796358  0.16373182  0.16373182  0.17796358  0.17796358  0.17081351  0.17081351  0.22237766  0.22237766  0.22237766  0.23004609  0.26962681  0.24562541  0.26153959  0.23779478  0.23779478  0.24562541  0.23779478  0.23004609  0.26153959  0.20727501  0.19983766  0.19247426  0.19247426  0.17081351  0.17796358  0.17081351  0.16373182  0.18518338  0.20727501  0.26962681  0.24562541  0.21478783  0.20727501  0.20727501  0.20727501  0.22237766  0.19983766  0.19983766  0.22237766  0.23779478  0.21478783  0.20727501  0.19983766  0.21478783  0.20727501  0.22237766  0.22237766  0.19247426  0.17796358  0.18518338  0.19983766  0.19247426  0.23779478  0.23779478  0.23779478  0.23004609  0.21478783  0.23779478  0.27780333  0.19983766  0.30288904  0.30288904  0.32885453  0.32009781  0.30288904  0.31144343  0.31144343  0.32009781  0.32009781  0.32009781  0.32009781  
69_19_0    0.10939202  0.12260769  0.11597037  0.11597037  0.11597037  0.12260769  0.17796358  0.17796358  0.15671722  0.15671722  0.14976845  0.15671722  0.17796358  0.16373182  0.00000000  0.00000000  0.12260769  0.14288429  0.12930505  0.09000053  0.10939202  0.11597037  0.09640809  0.09640809  0.09000053  0.08364793  0.07734938  0.10287160  0.09640809  0.15671722  0.15671722  0.15671722  0.19247426  0.20727501  0.20727501  0.15671722  0.16373182  0.16373182  0.16373182  0.17796358  0.15671722  0.18518338  0.18518338  0.18518338  0.14976845  0.14976845  0.09640809  0.10939202  0.16373182  0.14976845  0.17081351  0.14288429  0.16373182  0.16373182  0.11597037  0.12260769  0.13606354  0.14976845  0.14288429  0.14288429  0.13606354  0.14288429  0.11597037  0.14976845  0.15671722  0.14288429  0.14288429  0.14288429  0.14288429  0.13606354  0.12260769  0.14288429  0.15671722  0.16373182  0.17081351  0.15671722  0.12930505  0.15671722  0.16373182  0.17081351  0.18518338  0.16373182  0.17081351  0.14288429  0.17081351  0.17081351  0.18518338  0.14288429  0.12260769  0.14288429  0.14288429  0.13606354  0.14288429  0.15671722  0.17081351  0.15671722  0.14288429  0.14976845  0.17081351  0.17796358  0.14288429  0.16373182  0.15671722  0.14976845  0.14976845  0.13606354  0.15671722  0.17796358  0.17081351  0.17081351  0.14976845  0.15671722  0.14976845  0.17081351  0.15671722  0.17081351  0.17081351  0.19247426  0.19247426  0.18518338  0.15671722  0.16373182  0.19247426  0.22237766  0.22237766  0.23004609  0.19247426  0.19247426  0.19247426  0.19247426  0.17796358  0.17081351  0.19247426  0.19247426  0.19247426  0.22237766  0.22237766  0.19983766  0.19983766  0.23779478  0.24562541  0.24562541  0.20727501  0.23779478  0.22237766  0.24562541  0.26153959  0.26962681  0.27780333  0.25353974  0.24562541  0.24562541  0.23779478  0.26153959  0.20727501  0.20727501  0.21478783  0.22237766  0.21478783  0.20727501  0.21478783  0.22237766  0.24562541  0.25353974  0.22237766  0.26153959  0.26153959  0.27780333  0.28607116  0.26962681  0.26962681  0.26153959  0.23004609  0.25353974  0.25353974  0.26153959  0.26962681  0.26962681  0.25353974  0.25353974  0.22237766  0.23779478  0.23004609  0.24562541  0.21478783  0.23779478  0.23779478  0.23779478  0.23004609  0.23004609  0.25353974  0.26962681  0.25353974  0.29443235  0.29443235  0.31144343  0.30288904  0.32885453  0.33771606  0.32009781  0.32009781  0.31144343  0.31144343  0.31144343  
76_19_0    0.10939202  0.12260769  0.11597037  0.11597037  0.11597037  0.12260769  0.17796358  0.17796358  0.15671722  0.15671722  0.14976845  0.15671722  0.17796358  0.16373182  0.00000000  0.00000000  0.12260769  0.14288429  0.12930505  0.09000053  0.10939202  0.11597037  0.09640809  0.09640809  0.09000053  0.08364793  0.07734938  0.10287160  0.09640809  0.15671722  0.15671722  0.15671722  0.19247426  0.20727501  0.20727501  0.15671722  0.16373182  0.16373182  0.16373182  0.17796358  0.15671722  0.18518338  0.18518338  0.18518338  0.14976845  0.14976845  0.09640809  0.10939202  0.16373182  0.14976845  0.17081351  0.14288429  0.16373182  0.16373182  0.11597037  0.12260769  0.13606354  0.14976845  0.14288429  0.14288429  0.13606354  0.14288429  0.11597037  0.14976845  0.15671722  0.14288429  0.14288429  0.14288429  0.14288429  0.13606354  0.12260769  0.14288429  0.15671722  0.16373182  0.17081351  0.15671722  0.12930505  0.15671722  0.16373182  0.17081351  0.18518338  0.16373182  0.17081351  0.14288429  0.17081351  0.17081351  0.18518338  0.14288429  0.12260769  0.14288429  0.14288429  0.13606354  0.14288429  0.15671722  0.17081351  0.15671722  0.14288429  0.14976845  0.17081351  0.17796358  0.14288429  0.16373182  0.15671722  0.14976845  0.14976845  0.13606354  0.15671722  0.17796358  0.17081351  0.17081351  0.14976845  0.15671722  0.14976845  0.17081351  0.15671722  0.17081351  0.17081351  0.19247426  0.19247426  0.18518338  0.15671722  0.16373182  0.19247426  0.22237766  0.22237766  0.23004609  0.19247426  0.19247426  0.19247426  0.19247426  0.17796358  0.17081351  0.19247426  0.19247426  0.19247426  0.22237766  0.22237766  0.19983766  0.19983766  0.23779478  0.24562541  0.24562541  0.20727501  0.23779478  0.22237766  0.24562541  0.26153959  0.26962681  0.27780333  0.25353974  0.24562541  0.24562541  0.23779478  0.26153959  0.20727501  0.20727501  0.21478783  0.22237766  0.21478783  0.20727501  0.21478783  0.22237766  0.24562541  0.25353974  0.22237766  0.26153959  0.26153959  0.27780333  0.28607116  0.26962681  0.26962681  0.26153959  0.23004609  0.25353974  0.25353974  0.26153959  0.26962681  0.26962681  0.25353974  0.25353974  0.22237766  0.23779478  0.23004609  0.24562541  0.21478783  0.23779478  0.23779478  0.23779478  0.23004609  0.23004609  0.25353974  0.26962681  0.25353974  0.29443235  0.29443235  0.31144343  0.30288904  0.32885453  0.33771606  0.32009781  0.32009781  0.31144343  0.31144343  0.31144343  
