172
93_0_0     0.00000000  0.22073285  0.25217262  0.24577363  0.23943114  0.23943114  0.44238776  0.44238776  0.44238776  0.45081288  0.46796546  0.45933798  0.52202630  0.51272891  0.51272891  0.50355031  0.48553759  0.48553759  0.49448750  0.51272891  0.50355031  0.48553759  0.49448750  0.46796546  0.51272891  0.47669780  0.50355031  0.51272891  0.50355031  0.51272891  0.45933798  0.45933798  0.45081288  0.45933798  0.49448750  0.54099000  0.52202630  0.54099000  0.59071210  0.56046787  0.50355031  0.50355031  0.44238776  0.45933798  0.46796546  0.47669780  0.47669780  0.46796546  0.49448750  0.48553759  0.45933798  0.46796546  0.45933798  0.46796546  0.45933798  0.46796546  0.47669780  0.46796546  0.49448750  0.45933798  0.45081288  0.45933798  0.45081288  0.47669780  0.46796546  0.46796546  0.45081288  0.42582825  0.41768946  0.45081288  0.45081288  0.50355031  0.51272891  0.46796546  0.48553759  0.49448750  0.50355031  0.50355031  0.52202630  0.51272891  0.52202630  0.55066293  0.55066293  0.56046787  0.49448750  0.45933798  0.44238776  0.46796546  0.47669780  0.45081288  0.46796546  0.45933798  0.47669780  0.47669780  0.45933798  0.45933798  0.46796546  0.45081288  0.43406029  0.46796546  0.45081288  0.45933798  0.47669780  0.44238776  0.46796546  0.44238776  0.47669780  0.46796546  0.43406029  0.42582825  0.45081288  0.45081288  0.45081288  0.46796546  0.52202630  0.44238776  0.45933798  0.48553759  0.46796546  0.49448750  0.51272891  0.49448750  0.47669780  0.49448750  0.48553759  0.46796546  0.45081288  0.43406029  0.47669780  0.43406029  0.46796546  0.45081288  0.54099000  0.55066293  0.45933798  0.45081288  0.46796546  0.49448750  0.47669780  0.43406029  0.44238776  0.45933798  0.45081288  0.49448750  0.49448750  0.49448750  0.46796546  0.49448750  0.41768946  0.40964184  0.45933798  0.45081288  0.45081288  0.49448750  0.48553759  0.47669780  0.45933798  0.45081288  0.49448750  0.49448750  0.40964184  0.39381209  0.37832363  0.42582825  0.40964184  0.42582825  0.39381209  0.48553759  0.49448750  0.47669780  0.49448750  0.45933798  
99_60_0    0.22073285  0.00000000  0.02298833  0.02767560  0.01370454  0.01370454  0.45081288  0.45081288  0.40168337  0.39381209  0.44238776  0.42582825  0.51272891  0.52202630  0.53144558  0.58048857  0.55066293  0.55066293  0.53144558  0.55066293  0.61160625  0.53144558  0.51272891  0.52202630  0.51272891  0.50355031  0.50355031  0.53144558  0.50355031  0.51272891  0.44238776  0.46796546  0.45933798  0.41768946  0.44238776  0.48553759  0.45933798  0.47669780  0.47669780  0.47669780  0.50355031  0.52202630  0.46796546  0.47669780  0.46796546  0.44238776  0.45081288  0.44238776  0.43406029  0.47669780  0.46796546  0.45933798  0.43406029  0.44238776  0.46796546  0.45933798  0.45933798  0.45933798  0.45081288  0.45933798  0.45081288  0.44238776  0.46796546  0.45081288  0.43406029  0.43406029  0.37070284  0.43406029  0.41768946  0.43406029  0.42582825  0.54099000  0.55066293  0.51272891  0.48553759  0.49448750  0.51272891  0.52202630  0.52202630  0.53144558  0.56046787  0.51272891  0.59071210  0.60108322  0.46796546  0.50355031  0.50355031  0.49448750  0.50355031  0.50355031  0.44238776  0.49448750  0.50355031  0.50355031  0.45933798  0.47669780  0.48553759  0.45933798  0.48553759  0.46796546  0.47669780  0.50355031  0.56046787  0.45081288  0.54099000  0.51272891  0.52202630  0.50355031  0.50355031  0.51272891  0.50355031  0.52202630  0.53144558  0.50355031  0.52202630  0.60108322  0.59071210  0.49448750  0.49448750  0.52202630  0.50355031  0.52202630  0.43406029  0.46796546  0.44238776  0.42582825  0.50355031  0.46796546  0.54099000  0.45933798  0.46796546  0.46796546  0.56046787  0.56046787  0.44238776  0.49448750  0.53144558  0.55066293  0.51272891  0.50355031  0.49448750  0.49448750  0.42582825  0.50355031  0.50355031  0.52202630  0.49448750  0.53144558  0.52202630  0.53144558  0.49448750  0.46796546  0.46796546  0.47669780  0.47669780  0.44238776  0.41768946  0.42582825  0.49448750  0.49448750  0.45933798  0.44238776  0.46796546  0.47669780  0.45081288  0.45933798  0.40168337  0.47669780  0.46796546  0.45933798  0.48553759  0.46796546  
95_60_0    0.25217262  0.02298833  0.00000000  0.04192375  0.02767560  0.02767560  0.45933798  0.45933798  0.40964184  0.39381209  0.45933798  0.45081288  0.51272891  0.52202630  0.52202630  0.58048857  0.57040849  0.55066293  0.56046787  0.57040849  0.61160625  0.55066293  0.51272891  0.54099000  0.54099000  0.53144558  0.53144558  0.55066293  0.52202630  0.53144558  0.46796546  0.49448750  0.50355031  0.45081288  0.45933798  0.52202630  0.47669780  0.47669780  0.45933798  0.45933798  0.49448750  0.50355031  0.47669780  0.48553759  0.50355031  0.47669780  0.48553759  0.47669780  0.46796546  0.51272891  0.49448750  0.48553759  0.45933798  0.47669780  0.51272891  0.48553759  0.48553759  0.45933798  0.45933798  0.47669780  0.46796546  0.45933798  0.48553759  0.45933798  0.43406029  0.43406029  0.40168337  0.46796546  0.45081288  0.45081288  0.45933798  0.54099000  0.55066293  0.53144558  0.50355031  0.51272891  0.56046787  0.57040849  0.57040849  0.55066293  0.58048857  0.51272891  0.59071210  0.58048857  0.48553759  0.52202630  0.50355031  0.50355031  0.52202630  0.50355031  0.46796546  0.50355031  0.55066293  0.53144558  0.50355031  0.48553759  0.48553759  0.48553759  0.53144558  0.51272891  0.48553759  0.51272891  0.56046787  0.46796546  0.54099000  0.51272891  0.50355031  0.50355031  0.53144558  0.54099000  0.52202630  0.54099000  0.55066293  0.53144558  0.53144558  0.61160625  0.60108322  0.48553759  0.50355031  0.51272891  0.49448750  0.50355031  0.41768946  0.45081288  0.42582825  0.41768946  0.50355031  0.47669780  0.55066293  0.47669780  0.46796546  0.47669780  0.54099000  0.54099000  0.46796546  0.52202630  0.56046787  0.57040849  0.53144558  0.54099000  0.49448750  0.51272891  0.42582825  0.48553759  0.48553759  0.52202630  0.49448750  0.53144558  0.51272891  0.54099000  0.48553759  0.47669780  0.47669780  0.48553759  0.48553759  0.45933798  0.43406029  0.44238776  0.53144558  0.53144558  0.48553759  0.46796546  0.47669780  0.48553759  0.45933798  0.46796546  0.40964184  0.48553759  0.50355031  0.50355031  0.50355031  0.48553759  
96_60_0    0.24577363  0.02767560  0.04192375  0.00000000  0.03239366  0.03239366  0.48553759  0.48553759  0.43406029  0.39381209  0.44238776  0.42582825  0.55066293  0.52202630  0.49448750  0.56046787  0.55066293  0.54099000  0.51272891  0.53144558  0.57040849  0.52202630  0.49448750  0.50355031  0.51272891  0.52202630  0.52202630  0.51272891  0.50355031  0.51272891  0.42582825  0.45081288  0.45933798  0.41768946  0.44238776  0.48553759  0.47669780  0.49448750  0.47669780  0.47669780  0.48553759  0.50355031  0.46796546  0.45933798  0.46796546  0.44238776  0.45081288  0.44238776  0.43406029  0.47669780  0.46796546  0.45933798  0.43406029  0.44238776  0.46796546  0.45933798  0.45933798  0.44238776  0.43406029  0.47669780  0.46796546  0.45933798  0.48553759  0.46796546  0.45081288  0.45081288  0.40168337  0.43406029  0.43406029  0.43406029  0.44238776  0.54099000  0.55066293  0.53144558  0.50355031  0.51272891  0.53144558  0.54099000  0.54099000  0.51272891  0.54099000  0.49448750  0.57040849  0.58048857  0.46796546  0.48553759  0.48553759  0.51272891  0.50355031  0.50355031  0.49448750  0.49448750  0.50355031  0.50355031  0.47669780  0.51272891  0.52202630  0.49448750  0.50355031  0.50355031  0.49448750  0.50355031  0.56046787  0.46796546  0.52202630  0.51272891  0.52202630  0.52202630  0.54099000  0.55066293  0.52202630  0.54099000  0.53144558  0.52202630  0.54099000  0.59071210  0.58048857  0.49448750  0.51272891  0.50355031  0.51272891  0.53144558  0.45081288  0.46796546  0.45933798  0.44238776  0.51272891  0.46796546  0.51272891  0.46796546  0.47669780  0.47669780  0.54099000  0.54099000  0.47669780  0.51272891  0.53144558  0.52202630  0.50355031  0.51272891  0.48553759  0.48553759  0.41768946  0.51272891  0.51272891  0.49448750  0.48553759  0.52202630  0.51272891  0.52202630  0.48553759  0.45933798  0.45933798  0.46796546  0.48553759  0.48553759  0.44238776  0.45081288  0.52202630  0.52202630  0.48553759  0.46796546  0.47669780  0.46796546  0.45933798  0.43406029  0.40964184  0.46796546  0.47669780  0.48553759  0.50355031  0.48553759  
94_60_0    0.23943114  0.01370454  0.02767560  0.03239366  0.00000000  0.00000000  0.45933798  0.45933798  0.40964184  0.38602612  0.45081288  0.41768946  0.52202630  0.53144558  0.52202630  0.59071210  0.56046787  0.56046787  0.54099000  0.56046787  0.60108322  0.54099000  0.50355031  0.53144558  0.52202630  0.51272891  0.51272891  0.54099000  0.51272891  0.52202630  0.45081288  0.47669780  0.48553759  0.44238776  0.46796546  0.51272891  0.46796546  0.48553759  0.48553759  0.48553759  0.51272891  0.53144558  0.47669780  0.48553759  0.47669780  0.45081288  0.45933798  0.45081288  0.44238776  0.48553759  0.47669780  0.46796546  0.44238776  0.45081288  0.47669780  0.46796546  0.46796546  0.46796546  0.45933798  0.48553759  0.47669780  0.46796546  0.49448750  0.47669780  0.45933798  0.45933798  0.39381209  0.45933798  0.44238776  0.45933798  0.45081288  0.56046787  0.57040849  0.52202630  0.49448750  0.50355031  0.52202630  0.53144558  0.53144558  0.54099000  0.58048857  0.52202630  0.60108322  0.61160625  0.47669780  0.51272891  0.51272891  0.50355031  0.51272891  0.51272891  0.46796546  0.50355031  0.53144558  0.51272891  0.46796546  0.50355031  0.51272891  0.48553759  0.51272891  0.49448750  0.48553759  0.51272891  0.57040849  0.47669780  0.55066293  0.54099000  0.53144558  0.53144558  0.53144558  0.54099000  0.53144558  0.55066293  0.56046787  0.53144558  0.55066293  0.63312632  0.62228571  0.50355031  0.52202630  0.53144558  0.51272891  0.53144558  0.44238776  0.47669780  0.45081288  0.43406029  0.51272891  0.47669780  0.55066293  0.46796546  0.47669780  0.47669780  0.55066293  0.55066293  0.45081288  0.50355031  0.54099000  0.54099000  0.50355031  0.51272891  0.48553759  0.48553759  0.41768946  0.49448750  0.49448750  0.51272891  0.48553759  0.52202630  0.53144558  0.52202630  0.50355031  0.47669780  0.47669780  0.48553759  0.48553759  0.46796546  0.44238776  0.45081288  0.52202630  0.52202630  0.46796546  0.45081288  0.45933798  0.48553759  0.45933798  0.46796546  0.42582825  0.50355031  0.49448750  0.48553759  0.51272891  0.49448750  
98_60_0    0.23943114  0.01370454  0.02767560  0.03239366  0.00000000  0.00000000  0.45933798  0.45933798  0.40964184  0.38602612  0.45081288  0.41768946  0.52202630  0.53144558  0.52202630  0.59071210  0.56046787  0.56046787  0.54099000  0.56046787  0.60108322  0.54099000  0.50355031  0.53144558  0.52202630  0.51272891  0.51272891  0.54099000  0.51272891  0.52202630  0.45081288  0.47669780  0.48553759  0.44238776  0.46796546  0.51272891  0.46796546  0.48553759  0.48553759  0.48553759  0.51272891  0.53144558  0.47669780  0.48553759  0.47669780  0.45081288  0.45933798  0.45081288  0.44238776  0.48553759  0.47669780  0.46796546  0.44238776  0.45081288  0.47669780  0.46796546  0.46796546  0.46796546  0.45933798  0.48553759  0.47669780  0.46796546  0.49448750  0.47669780  0.45933798  0.45933798  0.39381209  0.45933798  0.44238776  0.45933798  0.45081288  0.56046787  0.57040849  0.52202630  0.49448750  0.50355031  0.52202630  0.53144558  0.53144558  0.54099000  0.58048857  0.52202630  0.60108322  0.61160625  0.47669780  0.51272891  0.51272891  0.50355031  0.51272891  0.51272891  0.46796546  0.50355031  0.53144558  0.51272891  0.46796546  0.50355031  0.51272891  0.48553759  0.51272891  0.49448750  0.48553759  0.51272891  0.57040849  0.47669780  0.55066293  0.54099000  0.53144558  0.53144558  0.53144558  0.54099000  0.53144558  0.55066293  0.56046787  0.53144558  0.55066293  0.63312632  0.62228571  0.50355031  0.52202630  0.53144558  0.51272891  0.53144558  0.44238776  0.47669780  0.45081288  0.43406029  0.51272891  0.47669780  0.55066293  0.46796546  0.47669780  0.47669780  0.55066293  0.55066293  0.45081288  0.50355031  0.54099000  0.54099000  0.50355031  0.51272891  0.48553759  0.48553759  0.41768946  0.49448750  0.49448750  0.51272891  0.48553759  0.52202630  0.53144558  0.52202630  0.50355031  0.47669780  0.47669780  0.48553759  0.48553759  0.46796546  0.44238776  0.45081288  0.52202630  0.52202630  0.46796546  0.45081288  0.45933798  0.48553759  0.45933798  0.46796546  0.42582825  0.50355031  0.49448750  0.48553759  0.51272891  0.49448750  
80_0_0     0.44238776  0.45081288  0.45933798  0.48553759  0.45933798  0.45933798  0.00000000  0.00000000  0.04192375  0.27171882  0.31950745  0.31248279  0.31248279  0.32660149  0.26514415  0.23314414  0.22073285  0.22691169  0.23943114  0.29863621  0.27835421  0.27171882  0.27171882  0.31950745  0.25217262  0.25862911  0.26514415  0.31950745  0.29181172  0.29863621  0.31248279  0.30552614  0.29863621  0.29863621  0.26514415  0.30552614  0.31248279  0.29863621  0.30552614  0.31248279  0.35569957  0.35569957  0.34100322  0.34100322  0.27171882  0.28505146  0.27835421  0.26514415  0.27171882  0.26514415  0.22691169  0.23943114  0.25217262  0.25862911  0.22691169  0.22691169  0.22073285  0.24577363  0.20853232  0.24577363  0.24577363  0.25217262  0.23314414  0.23943114  0.20853232  0.20853232  0.27171882  0.24577363  0.25862911  0.23943114  0.23943114  0.37832363  0.37070284  0.31950745  0.31950745  0.33376627  0.39381209  0.41768946  0.40168337  0.47669780  0.47669780  0.45933798  0.37832363  0.37832363  0.38602612  0.36316204  0.40964184  0.39381209  0.40168337  0.40964184  0.34100322  0.31950745  0.38602612  0.34831382  0.36316204  0.32660149  0.34831382  0.34100322  0.34100322  0.31248279  0.34100322  0.34831382  0.36316204  0.41768946  0.41768946  0.34100322  0.39381209  0.38602612  0.37832363  0.37070284  0.34831382  0.34100322  0.34831382  0.37832363  0.35569957  0.37832363  0.36316204  0.34100322  0.33376627  0.34100322  0.37070284  0.34831382  0.33376627  0.34100322  0.34100322  0.34100322  0.33376627  0.34100322  0.34100322  0.36316204  0.40168337  0.38602612  0.33376627  0.34100322  0.36316204  0.37070284  0.38602612  0.42582825  0.37070284  0.35569957  0.38602612  0.36316204  0.36316204  0.33376627  0.33376627  0.34831382  0.36316204  0.39381209  0.31248279  0.30552614  0.33376627  0.36316204  0.37070284  0.35569957  0.36316204  0.39381209  0.39381209  0.38602612  0.42582825  0.42582825  0.32660149  0.32660149  0.34831382  0.37832363  0.38602612  0.34100322  0.33376627  0.29181172  0.34100322  0.31248279  0.41768946  0.38602612  
80_52_0    0.44238776  0.45081288  0.45933798  0.48553759  0.45933798  0.45933798  0.00000000  0.00000000  0.04192375  0.27171882  0.31950745  0.31248279  0.31248279  0.32660149  0.26514415  0.23314414  0.22073285  0.22691169  0.23943114  0.29863621  0.27835421  0.27171882  0.27171882  0.31950745  0.25217262  0.25862911  0.26514415  0.31950745  0.29181172  0.29863621  0.31248279  0.30552614  0.29863621  0.29863621  0.26514415  0.30552614  0.31248279  0.29863621  0.30552614  0.31248279  0.35569957  0.35569957  0.34100322  0.34100322  0.27171882  0.28505146  0.27835421  0.26514415  0.27171882  0.26514415  0.22691169  0.23943114  0.25217262  0.25862911  0.22691169  0.22691169  0.22073285  0.24577363  0.20853232  0.24577363  0.24577363  0.25217262  0.23314414  0.23943114  0.20853232  0.20853232  0.27171882  0.24577363  0.25862911  0.23943114  0.23943114  0.37832363  0.37070284  0.31950745  0.31950745  0.33376627  0.39381209  0.41768946  0.40168337  0.47669780  0.47669780  0.45933798  0.37832363  0.37832363  0.38602612  0.36316204  0.40964184  0.39381209  0.40168337  0.40964184  0.34100322  0.31950745  0.38602612  0.34831382  0.36316204  0.32660149  0.34831382  0.34100322  0.34100322  0.31248279  0.34100322  0.34831382  0.36316204  0.41768946  0.41768946  0.34100322  0.39381209  0.38602612  0.37832363  0.37070284  0.34831382  0.34100322  0.34831382  0.37832363  0.35569957  0.37832363  0.36316204  0.34100322  0.33376627  0.34100322  0.37070284  0.34831382  0.33376627  0.34100322  0.34100322  0.34100322  0.33376627  0.34100322  0.34100322  0.36316204  0.40168337  0.38602612  0.33376627  0.34100322  0.36316204  0.37070284  0.38602612  0.42582825  0.37070284  0.35569957  0.38602612  0.36316204  0.36316204  0.33376627  0.33376627  0.34831382  0.36316204  0.39381209  0.31248279  0.30552614  0.33376627  0.36316204  0.37070284  0.35569957  0.36316204  0.39381209  0.39381209  0.38602612  0.42582825  0.42582825  0.32660149  0.32660149  0.34831382  0.37832363  0.38602612  0.34100322  0.33376627  0.29181172  0.34100322  0.31248279  0.41768946  0.38602612  
91_0_0     0.44238776  0.40168337  0.40964184  0.43406029  0.40964184  0.40964184  0.04192375  0.04192375  0.00000000  0.26514415  0.31248279  0.29181172  0.31950745  0.33376627  0.25862911  0.22691169  0.21460669  0.22073285  0.23314414  0.27835421  0.27171882  0.25217262  0.26514415  0.29863621  0.24577363  0.26514415  0.24577363  0.32660149  0.28505146  0.29181172  0.29863621  0.29181172  0.28505146  0.25217262  0.21460669  0.26514415  0.28505146  0.27171882  0.26514415  0.27171882  0.34100322  0.34100322  0.34100322  0.34100322  0.24577363  0.25217262  0.23943114  0.23943114  0.23314414  0.23943114  0.21460669  0.21460669  0.22691169  0.23314414  0.20250889  0.20250889  0.19653554  0.22073285  0.18473579  0.22073285  0.22073285  0.22691169  0.20853232  0.25862911  0.20250889  0.20250889  0.23943114  0.23943114  0.26514415  0.20853232  0.23314414  0.37070284  0.36316204  0.31248279  0.29863621  0.32660149  0.37070284  0.39381209  0.38602612  0.45081288  0.45081288  0.43406029  0.40168337  0.40168337  0.37832363  0.34100322  0.39381209  0.35569957  0.36316204  0.37070284  0.30552614  0.31248279  0.36316204  0.35569957  0.35569957  0.31950745  0.33376627  0.33376627  0.31950745  0.31950745  0.33376627  0.34100322  0.33376627  0.37832363  0.39381209  0.33376627  0.37070284  0.36316204  0.38602612  0.36316204  0.35569957  0.34831382  0.35569957  0.37070284  0.34831382  0.35569957  0.34100322  0.33376627  0.31248279  0.33376627  0.33376627  0.31248279  0.31248279  0.31950745  0.31950745  0.31950745  0.31248279  0.31950745  0.31950745  0.34100322  0.36316204  0.36316204  0.35569957  0.36316204  0.37832363  0.36316204  0.40168337  0.40964184  0.37070284  0.35569957  0.37070284  0.36316204  0.33376627  0.33376627  0.33376627  0.33376627  0.34831382  0.37832363  0.29181172  0.29863621  0.32660149  0.32660149  0.33376627  0.31950745  0.32660149  0.38602612  0.37070284  0.36316204  0.41768946  0.41768946  0.31248279  0.32660149  0.34100322  0.34100322  0.33376627  0.30552614  0.31248279  0.29863621  0.33376627  0.30552614  0.41768946  0.37070284  
80_50_0    0.45081288  0.39381209  0.39381209  0.39381209  0.38602612  0.38602612  0.27171882  0.27171882  0.26514415  0.00000000  0.08644638  0.10715586  0.33376627  0.32660149  0.31950745  0.33376627  0.31950745  0.31248279  0.34100322  0.34100322  0.34100322  0.30552614  0.23314414  0.25862911  0.29863621  0.29863621  0.29181172  0.35569957  0.34100322  0.33376627  0.34100322  0.35569957  0.36316204  0.28505146  0.26514415  0.26514415  0.29181172  0.29863621  0.27835421  0.27171882  0.29181172  0.30552614  0.34831382  0.34831382  0.26514415  0.27835421  0.26514415  0.24577363  0.25217262  0.27171882  0.27171882  0.25862911  0.25862911  0.24577363  0.24577363  0.23314414  0.24577363  0.21460669  0.22691169  0.21460669  0.21460669  0.21460669  0.22691169  0.23943114  0.25217262  0.25862911  0.23943114  0.24577363  0.23943114  0.23943114  0.24577363  0.37832363  0.38602612  0.34831382  0.34831382  0.34831382  0.41768946  0.40168337  0.45081288  0.42582825  0.44238776  0.40964184  0.37832363  0.37070284  0.34100322  0.36316204  0.41768946  0.34831382  0.35569957  0.33376627  0.31248279  0.27835421  0.30552614  0.28505146  0.30552614  0.30552614  0.31248279  0.30552614  0.31248279  0.32660149  0.32660149  0.32660149  0.37832363  0.38602612  0.35569957  0.34831382  0.37070284  0.34100322  0.35569957  0.37832363  0.37832363  0.36316204  0.37832363  0.39381209  0.38602612  0.42582825  0.43406029  0.35569957  0.37832363  0.37070284  0.34831382  0.31950745  0.31248279  0.31950745  0.31248279  0.31248279  0.34100322  0.31248279  0.34831382  0.29181172  0.29181172  0.30552614  0.34100322  0.35569957  0.33376627  0.37070284  0.39381209  0.32660149  0.32660149  0.30552614  0.32660149  0.31248279  0.28505146  0.30552614  0.30552614  0.34831382  0.31950745  0.35569957  0.35569957  0.33376627  0.34831382  0.34831382  0.35569957  0.34831382  0.36316204  0.35569957  0.34831382  0.34100322  0.42582825  0.42582825  0.37070284  0.37070284  0.37832363  0.39381209  0.37832363  0.31950745  0.34100322  0.32660149  0.31950745  0.31950745  0.43406029  0.41768946  
80_49_0    0.46796546  0.44238776  0.45933798  0.44238776  0.45081288  0.45081288  0.31950745  0.31950745  0.31248279  0.08644638  0.00000000  0.07631128  0.40168337  0.39381209  0.29863621  0.30552614  0.29181172  0.30552614  0.29863621  0.34100322  0.35569957  0.29181172  0.23314414  0.25217262  0.29181172  0.30552614  0.29863621  0.35569957  0.33376627  0.33376627  0.34100322  0.37832363  0.37070284  0.31248279  0.27835421  0.25862911  0.29863621  0.31248279  0.31950745  0.32660149  0.30552614  0.30552614  0.37832363  0.37832363  0.27835421  0.29181172  0.27835421  0.25862911  0.27835421  0.28505146  0.29863621  0.28505146  0.27835421  0.28505146  0.27171882  0.24577363  0.28505146  0.23943114  0.23943114  0.23943114  0.23943114  0.23943114  0.23943114  0.24577363  0.25862911  0.25217262  0.23314414  0.25217262  0.23314414  0.25862911  0.25217262  0.37832363  0.38602612  0.31248279  0.31950745  0.31950745  0.41768946  0.41768946  0.46796546  0.42582825  0.43406029  0.40964184  0.37832363  0.37070284  0.34100322  0.36316204  0.44238776  0.32660149  0.31950745  0.34831382  0.34831382  0.30552614  0.31950745  0.28505146  0.31248279  0.31950745  0.34100322  0.35569957  0.31248279  0.33376627  0.31950745  0.34100322  0.40964184  0.40964184  0.36316204  0.34831382  0.37070284  0.34100322  0.36316204  0.37832363  0.37832363  0.37832363  0.37832363  0.37832363  0.40964184  0.41768946  0.43406029  0.37070284  0.37832363  0.37070284  0.33376627  0.30552614  0.30552614  0.31248279  0.31950745  0.33376627  0.31950745  0.32660149  0.34831382  0.27835421  0.28505146  0.29863621  0.34100322  0.35569957  0.34831382  0.37070284  0.39381209  0.34100322  0.32660149  0.31950745  0.32660149  0.34100322  0.31950745  0.31950745  0.31950745  0.34100322  0.33376627  0.37070284  0.37832363  0.37070284  0.40168337  0.37070284  0.36316204  0.33376627  0.34100322  0.37070284  0.36316204  0.36316204  0.45081288  0.45081288  0.41768946  0.41768946  0.42582825  0.37070284  0.37832363  0.31248279  0.36316204  0.37070284  0.31950745  0.33376627  0.46796546  0.46796546  
91_49_0    0.45933798  0.42582825  0.45081288  0.42582825  0.41768946  0.41768946  0.31248279  0.31248279  0.29181172  0.10715586  0.07631128  0.00000000  0.43406029  0.42582825  0.35569957  0.37070284  0.35569957  0.33376627  0.36316204  0.37070284  0.39381209  0.34100322  0.30552614  0.31248279  0.34100322  0.35569957  0.33376627  0.44238776  0.40168337  0.40168337  0.38602612  0.40964184  0.40168337  0.31950745  0.29863621  0.29181172  0.33376627  0.34100322  0.37070284  0.36316204  0.33376627  0.34831382  0.34100322  0.35569957  0.27835421  0.29181172  0.27835421  0.25862911  0.26514415  0.28505146  0.29863621  0.28505146  0.27835421  0.29863621  0.28505146  0.25862911  0.29863621  0.24577363  0.24577363  0.25862911  0.25862911  0.25862911  0.25862911  0.28505146  0.30552614  0.29863621  0.29181172  0.29863621  0.27835421  0.25862911  0.27835421  0.41768946  0.42582825  0.37832363  0.38602612  0.38602612  0.40964184  0.41768946  0.44238776  0.43406029  0.45933798  0.41768946  0.40168337  0.40964184  0.39381209  0.40168337  0.46796546  0.36316204  0.37070284  0.38602612  0.35569957  0.32660149  0.31248279  0.31950745  0.36316204  0.35569957  0.37070284  0.39381209  0.34831382  0.38602612  0.37070284  0.37832363  0.44238776  0.43406029  0.37832363  0.41768946  0.41768946  0.38602612  0.40964184  0.40964184  0.42582825  0.42582825  0.42582825  0.42582825  0.40964184  0.43406029  0.45081288  0.39381209  0.40168337  0.39381209  0.38602612  0.38602612  0.37070284  0.37832363  0.38602612  0.38602612  0.38602612  0.37832363  0.37070284  0.35569957  0.36316204  0.36316204  0.38602612  0.40168337  0.38602612  0.42582825  0.39381209  0.35569957  0.37070284  0.34831382  0.35569957  0.35569957  0.33376627  0.37832363  0.37832363  0.38602612  0.37832363  0.41768946  0.40964184  0.40168337  0.43406029  0.40168337  0.40964184  0.39381209  0.40964184  0.37832363  0.37070284  0.35569957  0.45933798  0.45933798  0.39381209  0.39381209  0.40168337  0.35569957  0.37832363  0.34100322  0.37832363  0.40964184  0.38602612  0.38602612  0.43406029  0.46796546  
73_47_0    0.52202630  0.51272891  0.51272891  0.55066293  0.52202630  0.52202630  0.31248279  0.31248279  0.31950745  0.33376627  0.40168337  0.43406029  0.00000000  0.02298833  0.33376627  0.37070284  0.36316204  0.37070284  0.35569957  0.43406029  0.36316204  0.36316204  0.29863621  0.37070284  0.34831382  0.33376627  0.35569957  0.37832363  0.35569957  0.35569957  0.40168337  0.40168337  0.40964184  0.41768946  0.34100322  0.33376627  0.39381209  0.38602612  0.36316204  0.37070284  0.37070284  0.38602612  0.34831382  0.34100322  0.29863621  0.34831382  0.31950745  0.28505146  0.29181172  0.28505146  0.29181172  0.29863621  0.29863621  0.29863621  0.31248279  0.30552614  0.31950745  0.27835421  0.27171882  0.33376627  0.30552614  0.31248279  0.30552614  0.33376627  0.34831382  0.34100322  0.35569957  0.35569957  0.31950745  0.32660149  0.31248279  0.49448750  0.48553759  0.42582825  0.41768946  0.40168337  0.44238776  0.46796546  0.46796546  0.48553759  0.47669780  0.46796546  0.44238776  0.42582825  0.40964184  0.43406029  0.45081288  0.40964184  0.41768946  0.42582825  0.37070284  0.34831382  0.41768946  0.37070284  0.38602612  0.37832363  0.38602612  0.36316204  0.40964184  0.41768946  0.40964184  0.39381209  0.42582825  0.45081288  0.45081288  0.42582825  0.42582825  0.40964184  0.40168337  0.40964184  0.39381209  0.39381209  0.38602612  0.45081288  0.44238776  0.44238776  0.45081288  0.39381209  0.38602612  0.39381209  0.37070284  0.37070284  0.35569957  0.38602612  0.37070284  0.37070284  0.38602612  0.40964184  0.45933798  0.40964184  0.41768946  0.43406029  0.45933798  0.46796546  0.39381209  0.39381209  0.45081288  0.41768946  0.45933798  0.42582825  0.46796546  0.42582825  0.43406029  0.40168337  0.40168337  0.43406029  0.42582825  0.44238776  0.40168337  0.39381209  0.41768946  0.39381209  0.40168337  0.40168337  0.39381209  0.50355031  0.49448750  0.48553759  0.53144558  0.53144558  0.38602612  0.37070284  0.37832363  0.45081288  0.45933798  0.41768946  0.39381209  0.35569957  0.38602612  0.39381209  0.52202630  0.50355031  
88_47_0    0.51272891  0.52202630  0.52202630  0.52202630  0.53144558  0.53144558  0.32660149  0.32660149  0.33376627  0.32660149  0.39381209  0.42582825  0.02298833  0.00000000  0.32660149  0.36316204  0.37070284  0.34831382  0.34831382  0.40964184  0.35569957  0.36316204  0.29181172  0.34831382  0.35569957  0.34100322  0.36316204  0.37070284  0.34831382  0.34831382  0.39381209  0.39381209  0.40168337  0.42582825  0.34831382  0.31248279  0.40168337  0.40168337  0.37070284  0.37832363  0.36316204  0.36316204  0.34100322  0.33376627  0.30552614  0.35569957  0.32660149  0.29181172  0.29863621  0.29181172  0.29863621  0.30552614  0.30552614  0.30552614  0.31950745  0.31248279  0.32660149  0.25862911  0.26514415  0.32660149  0.31248279  0.31950745  0.31248279  0.32660149  0.34100322  0.33376627  0.34831382  0.34831382  0.31248279  0.31950745  0.33376627  0.49448750  0.48553759  0.43406029  0.42582825  0.40964184  0.46796546  0.49448750  0.49448750  0.44238776  0.43406029  0.44238776  0.43406029  0.41768946  0.41768946  0.42582825  0.42582825  0.41768946  0.42582825  0.43406029  0.39381209  0.34100322  0.39381209  0.36316204  0.37832363  0.37070284  0.37832363  0.37832363  0.40168337  0.42582825  0.43406029  0.38602612  0.45081288  0.47669780  0.44238776  0.41768946  0.43406029  0.41768946  0.40964184  0.41768946  0.38602612  0.38602612  0.37832363  0.44238776  0.45081288  0.44238776  0.45081288  0.41768946  0.40964184  0.40168337  0.39381209  0.39381209  0.37832363  0.39381209  0.39381209  0.39381209  0.40964184  0.41768946  0.41768946  0.40168337  0.42582825  0.44238776  0.46796546  0.47669780  0.41768946  0.41768946  0.45933798  0.39381209  0.41768946  0.41768946  0.45933798  0.41768946  0.42582825  0.39381209  0.39381209  0.42582825  0.41768946  0.43406029  0.39381209  0.38602612  0.44238776  0.41768946  0.42582825  0.40964184  0.40168337  0.52202630  0.52202630  0.51272891  0.56046787  0.56046787  0.40964184  0.39381209  0.40168337  0.45933798  0.49448750  0.39381209  0.38602612  0.36316204  0.39381209  0.38602612  0.51272891  0.51272891  
61_0_0     0.51272891  0.53144558  0.52202630  0.49448750  0.52202630  0.52202630  0.26514415  0.26514415  0.25862911  0.31950745  0.29863621  0.35569957  0.33376627  0.32660149  0.00000000  0.09156805  0.09156805  0.11242787  0.10192225  0.12848007  0.11773885  0.09156805  0.11242787  0.16170226  0.11242787  0.16170226  0.17890781  0.20250889  0.16170226  0.16170226  0.36316204  0.37832363  0.38602612  0.41768946  0.33376627  0.29863621  0.34100322  0.33376627  0.34100322  0.36316204  0.32660149  0.32660149  0.45081288  0.43406029  0.33376627  0.36316204  0.34831382  0.32660149  0.33376627  0.34100322  0.32660149  0.32660149  0.34100322  0.37070284  0.32660149  0.32660149  0.33376627  0.29863621  0.28505146  0.33376627  0.31950745  0.32660149  0.30552614  0.33376627  0.28505146  0.27835421  0.32660149  0.28505146  0.31248279  0.31950745  0.32660149  0.40168337  0.40964184  0.35569957  0.35569957  0.34831382  0.50355031  0.52202630  0.51272891  0.52202630  0.51272891  0.48553759  0.42582825  0.40168337  0.45081288  0.44238776  0.45933798  0.45081288  0.45081288  0.41768946  0.44238776  0.37070284  0.42582825  0.36316204  0.37070284  0.37832363  0.40964184  0.37832363  0.35569957  0.40964184  0.41768946  0.39381209  0.44238776  0.45081288  0.41768946  0.37070284  0.40168337  0.40168337  0.40964184  0.41768946  0.43406029  0.41768946  0.39381209  0.38602612  0.43406029  0.38602612  0.38602612  0.39381209  0.40168337  0.37832363  0.35569957  0.34100322  0.35569957  0.35569957  0.35569957  0.35569957  0.34831382  0.39381209  0.37070284  0.36316204  0.40168337  0.38602612  0.40964184  0.41768946  0.40168337  0.39381209  0.45933798  0.40168337  0.37832363  0.40168337  0.36316204  0.40168337  0.40168337  0.37070284  0.37070284  0.38602612  0.39381209  0.40964184  0.37070284  0.37832363  0.36316204  0.36316204  0.37070284  0.37832363  0.38602612  0.45081288  0.48553759  0.49448750  0.48553759  0.48553759  0.43406029  0.41768946  0.44238776  0.39381209  0.43406029  0.38602612  0.37832363  0.31950745  0.35569957  0.35569957  0.45081288  0.46796546  
4_0_0      0.50355031  0.58048857  0.58048857  0.56046787  0.59071210  0.59071210  0.23314414  0.23314414  0.22691169  0.33376627  0.30552614  0.37070284  0.37070284  0.36316204  0.09156805  0.00000000  0.01833144  0.05646020  0.08644638  0.10715586  0.10192225  0.07631128  0.13391151  0.17890781  0.12308939  0.15045663  0.15605745  0.20250889  0.15045663  0.14489915  0.37832363  0.35569957  0.34831382  0.34100322  0.29863621  0.30552614  0.32660149  0.31950745  0.31248279  0.31950745  0.34831382  0.33376627  0.42582825  0.42582825  0.33376627  0.33376627  0.33376627  0.32660149  0.34831382  0.32660149  0.30552614  0.29181172  0.30552614  0.30552614  0.27171882  0.29863621  0.29181172  0.27835421  0.27835421  0.29181172  0.29181172  0.29863621  0.27835421  0.29181172  0.23943114  0.24577363  0.29181172  0.24577363  0.27835421  0.27171882  0.27835421  0.40168337  0.39381209  0.33376627  0.36316204  0.36316204  0.53144558  0.55066293  0.50355031  0.52202630  0.51272891  0.49448750  0.43406029  0.43406029  0.48553759  0.42582825  0.40964184  0.45081288  0.43406029  0.41768946  0.40964184  0.37070284  0.44238776  0.39381209  0.34831382  0.37070284  0.34100322  0.37070284  0.30552614  0.35569957  0.38602612  0.37832363  0.41768946  0.38602612  0.40964184  0.35569957  0.40964184  0.36316204  0.41768946  0.40964184  0.40964184  0.37832363  0.38602612  0.40168337  0.40168337  0.37070284  0.38602612  0.38602612  0.37832363  0.37070284  0.40168337  0.34831382  0.34831382  0.33376627  0.33376627  0.34831382  0.34100322  0.38602612  0.36316204  0.39381209  0.40168337  0.40168337  0.40964184  0.41768946  0.44238776  0.41768946  0.46796546  0.38602612  0.37832363  0.38602612  0.35569957  0.38602612  0.40168337  0.37832363  0.37832363  0.35569957  0.37070284  0.39381209  0.40168337  0.40964184  0.41768946  0.40168337  0.40964184  0.39381209  0.38602612  0.42582825  0.45081288  0.44238776  0.45933798  0.45933798  0.45081288  0.43406029  0.45081288  0.37832363  0.40168337  0.37070284  0.39381209  0.31248279  0.32660149  0.35569957  0.41768946  0.43406029  
4_55_0     0.48553759  0.55066293  0.57040849  0.55066293  0.56046787  0.56046787  0.22073285  0.22073285  0.21460669  0.31950745  0.29181172  0.35569957  0.36316204  0.37070284  0.09156805  0.01833144  0.00000000  0.05646020  0.09672650  0.10715586  0.10192225  0.07129685  0.12848007  0.17890781  0.12308939  0.16170226  0.16739178  0.19653554  0.14489915  0.13938432  0.36316204  0.34100322  0.33376627  0.33376627  0.29863621  0.29863621  0.29863621  0.30552614  0.31248279  0.33376627  0.36316204  0.34831382  0.44238776  0.42582825  0.32660149  0.32660149  0.32660149  0.31950745  0.34100322  0.31950745  0.29181172  0.29181172  0.30552614  0.29181172  0.25862911  0.29863621  0.27835421  0.29181172  0.27835421  0.30552614  0.30552614  0.31248279  0.29181172  0.26514415  0.22691169  0.23314414  0.26514415  0.23314414  0.26514415  0.27171882  0.26514415  0.40168337  0.39381209  0.31950745  0.33376627  0.33376627  0.50355031  0.52202630  0.47669780  0.51272891  0.50355031  0.50355031  0.40964184  0.42582825  0.45933798  0.41768946  0.40168337  0.42582825  0.40964184  0.39381209  0.38602612  0.34831382  0.43406029  0.37070284  0.33376627  0.35569957  0.34100322  0.34100322  0.30552614  0.32660149  0.37070284  0.37832363  0.38602612  0.35569957  0.40964184  0.35569957  0.40964184  0.37832363  0.40168337  0.39381209  0.41768946  0.38602612  0.39381209  0.40168337  0.38602612  0.37832363  0.37832363  0.38602612  0.37832363  0.38602612  0.38602612  0.33376627  0.33376627  0.33376627  0.31950745  0.33376627  0.31248279  0.37070284  0.36316204  0.36316204  0.38602612  0.38602612  0.40964184  0.41768946  0.42582825  0.41768946  0.45933798  0.38602612  0.36316204  0.35569957  0.32660149  0.35569957  0.37070284  0.36316204  0.36316204  0.34100322  0.35569957  0.37070284  0.38602612  0.37832363  0.38602612  0.37070284  0.37832363  0.36316204  0.35569957  0.40964184  0.43406029  0.42582825  0.43406029  0.43406029  0.41768946  0.40168337  0.41768946  0.36316204  0.38602612  0.37070284  0.39381209  0.31248279  0.32660149  0.34100322  0.40168337  0.41768946  
58_0_0     0.48553759  0.55066293  0.55066293  0.54099000  0.56046787  0.56046787  0.22691169  0.22691169  0.22073285  0.31248279  0.30552614  0.33376627  0.37070284  0.34831382  0.11242787  0.05646020  0.05646020  0.00000000  0.09672650  0.13391151  0.13938432  0.10192225  0.16170226  0.20250889  0.15045663  0.15605745  0.16170226  0.23943114  0.20250889  0.20250889  0.41768946  0.40964184  0.40168337  0.35569957  0.29181172  0.29863621  0.32660149  0.32660149  0.34100322  0.34831382  0.36316204  0.33376627  0.41768946  0.41768946  0.34100322  0.35569957  0.35569957  0.33376627  0.35569957  0.33376627  0.31248279  0.29863621  0.31248279  0.32660149  0.29181172  0.29181172  0.29863621  0.26514415  0.27835421  0.30552614  0.30552614  0.31248279  0.29181172  0.29181172  0.24577363  0.23943114  0.29863621  0.24577363  0.27835421  0.25862911  0.27835421  0.40964184  0.40168337  0.37070284  0.38602612  0.38602612  0.51272891  0.51272891  0.48553759  0.47669780  0.46796546  0.46796546  0.42582825  0.40964184  0.45933798  0.45081288  0.41768946  0.44238776  0.42582825  0.42582825  0.41768946  0.37832363  0.43406029  0.38602612  0.35569957  0.37832363  0.34831382  0.38602612  0.34100322  0.37832363  0.40964184  0.40168337  0.40964184  0.41768946  0.41768946  0.39381209  0.45081288  0.41768946  0.40964184  0.41768946  0.41768946  0.40168337  0.40168337  0.45081288  0.45933798  0.37832363  0.40964184  0.39381209  0.38602612  0.39381209  0.42582825  0.38602612  0.35569957  0.37070284  0.35569957  0.37070284  0.37832363  0.42582825  0.38602612  0.38602612  0.42582825  0.42582825  0.40964184  0.41768946  0.45081288  0.40964184  0.45933798  0.40168337  0.37070284  0.37070284  0.34831382  0.37070284  0.37070284  0.36316204  0.36316204  0.34831382  0.34831382  0.37070284  0.40168337  0.40964184  0.41768946  0.41768946  0.42582825  0.39381209  0.39381209  0.43406029  0.45081288  0.45933798  0.48553759  0.48553759  0.45933798  0.44238776  0.45081288  0.41768946  0.42582825  0.37832363  0.40168337  0.34831382  0.35569957  0.36316204  0.46796546  0.44238776  
65_0_0     0.49448750  0.53144558  0.56046787  0.51272891  0.54099000  0.54099000  0.23943114  0.23943114  0.23314414  0.34100322  0.29863621  0.36316204  0.35569957  0.34831382  0.10192225  0.08644638  0.09672650  0.09672650  0.00000000  0.15045663  0.15605745  0.10715586  0.13938432  0.16170226  0.12308939  0.13938432  0.15605745  0.19061144  0.18473579  0.18473579  0.36316204  0.37070284  0.36316204  0.34831382  0.29181172  0.30552614  0.37070284  0.36316204  0.34100322  0.34831382  0.34100322  0.35569957  0.41768946  0.41768946  0.34100322  0.35569957  0.34100322  0.33376627  0.35569957  0.33376627  0.32660149  0.31248279  0.32660149  0.34100322  0.30552614  0.29181172  0.31248279  0.29863621  0.27171882  0.32660149  0.31248279  0.31950745  0.29863621  0.33376627  0.28505146  0.27835421  0.32660149  0.27835421  0.31248279  0.29181172  0.29181172  0.39381209  0.38602612  0.35569957  0.38602612  0.38602612  0.47669780  0.47669780  0.50355031  0.48553759  0.47669780  0.45933798  0.42582825  0.40964184  0.45933798  0.42582825  0.46796546  0.47669780  0.47669780  0.47669780  0.40168337  0.36316204  0.43406029  0.38602612  0.35569957  0.36316204  0.36316204  0.37832363  0.31248279  0.36316204  0.37832363  0.37070284  0.42582825  0.41768946  0.41768946  0.39381209  0.43406029  0.38602612  0.40964184  0.40168337  0.40168337  0.37070284  0.37070284  0.41768946  0.44238776  0.37070284  0.38602612  0.37832363  0.37070284  0.36316204  0.37070284  0.36316204  0.34100322  0.34100322  0.35569957  0.35569957  0.36316204  0.39381209  0.38602612  0.40168337  0.40964184  0.39381209  0.37832363  0.37070284  0.38602612  0.36316204  0.44238776  0.43406029  0.40964184  0.40168337  0.39381209  0.40168337  0.41768946  0.36316204  0.36316204  0.37832363  0.39381209  0.41768946  0.40964184  0.41768946  0.40964184  0.39381209  0.38602612  0.40964184  0.40168337  0.42582825  0.44238776  0.46796546  0.51272891  0.51272891  0.40168337  0.40168337  0.45933798  0.34831382  0.38602612  0.32660149  0.33376627  0.34100322  0.36316204  0.36316204  0.45081288  0.43406029  
