173
97_14_0    0.00000000  0.25380229  0.20631755  0.35893707  0.36840596  0.35893707  0.38771231  0.38771231  0.33123122  0.34035259  0.32222010  0.32222010  0.32222010  0.38771231  0.24567517  0.24567517  0.24567517  0.23763569  0.24567517  0.24567517  0.24567517  0.23763569  0.23763569  0.23763569  0.24567517  0.23763569  0.25380229  0.25380229  0.26201897  0.26201897  0.24567517  0.26201897  0.26201897  0.26201897  0.25380229  0.33123122  0.32222010  0.32222010  0.31331657  0.32222010  0.32222010  0.35893707  0.16893373  0.42789275  0.41764283  0.42789275  0.39755625  0.41764283  0.39755625  0.37799665  0.44882527  0.34958693  0.35893707  0.38771231  0.37799665  0.35893707  0.34958693  0.38771231  0.34958693  0.38771231  0.37799665  0.38771231  0.36840596  0.38771231  0.43828555  0.43828555  0.43828555  0.43828555  0.44882527  0.44882527  0.42789275  0.42789275  0.40753190  0.43828555  0.42789275  0.37799665  0.37799665  0.53897901  0.48136896  0.42789275  0.39755625  0.34958693  0.40753190  0.40753190  0.37799665  0.43828555  0.43828555  0.41764283  0.36840596  0.37799665  0.34958693  0.41764283  0.37799665  0.37799665  0.48136896  0.38771231  0.40753190  0.40753190  0.43828555  0.39755625  0.43828555  0.40753190  0.40753190  0.39755625  0.39755625  0.44882527  0.38771231  0.35893707  0.40753190  0.44882527  0.44882527  0.42789275  0.47036248  0.48136896  0.49254035  0.47036248  0.44882527  0.49254035  0.49254035  0.45951611  0.45951611  0.45951611  0.43828555  0.48136896  0.45951611  0.44882527  0.40753190  0.40753190  0.40753190  0.37799665  0.40753190  0.44882527  0.38771231  0.35893707  0.37799665  0.37799665  0.32222010  0.32222010  0.29582228  0.33123122  0.37799665  0.36840596  0.35893707  0.35893707  0.35893707  0.34958693  0.34035259  0.32222010  0.28722670  0.35893707  0.35893707  0.34958693  0.34958693  0.35893707  0.32222010  0.27032721  0.31331657  0.30451812  0.34035259  0.27032721  0.33123122  0.36840596  0.34958693  0.36840596  0.33123122  0.38771231  0.37799665  0.35893707  0.35893707  0.35893707  0.28722670  0.28722670  0.34035259  
100_14_0   0.25380229  0.00000000  0.27032721  0.44882527  0.45951611  0.47036248  0.45951611  0.45951611  0.41764283  0.42789275  0.40753190  0.40753190  0.40753190  0.42789275  0.31331657  0.31331657  0.32222010  0.33123122  0.32222010  0.33123122  0.33123122  0.34035259  0.32222010  0.32222010  0.34958693  0.34035259  0.32222010  0.34035259  0.33123122  0.34958693  0.32222010  0.32222010  0.32222010  0.34035259  0.33123122  0.34958693  0.37799665  0.37799665  0.36840596  0.39755625  0.38771231  0.40753190  0.26201897  0.47036248  0.48136896  0.43828555  0.44882527  0.43828555  0.45951611  0.47036248  0.49254035  0.40753190  0.41764283  0.43828555  0.48136896  0.45951611  0.40753190  0.43828555  0.41764283  0.44882527  0.43828555  0.41764283  0.45951611  0.48136896  0.53897901  0.53897901  0.51539819  0.56333003  0.60141596  0.52709538  0.52709538  0.53897901  0.41764283  0.45951611  0.44882527  0.42789275  0.42789275  0.49254035  0.48136896  0.50388168  0.49254035  0.40753190  0.45951611  0.45951611  0.41764283  0.50388168  0.50388168  0.45951611  0.43828555  0.40753190  0.42789275  0.48136896  0.42789275  0.41764283  0.51539819  0.49254035  0.47036248  0.49254035  0.53897901  0.55105511  0.58850327  0.56333003  0.47036248  0.48136896  0.48136896  0.52709538  0.49254035  0.50388168  0.51539819  0.51539819  0.51539819  0.47036248  0.49254035  0.55105511  0.47036248  0.48136896  0.49254035  0.53897901  0.53897901  0.49254035  0.49254035  0.45951611  0.45951611  0.45951611  0.51539819  0.50388168  0.48136896  0.48136896  0.48136896  0.40753190  0.42789275  0.48136896  0.43828555  0.41764283  0.43828555  0.45951611  0.45951611  0.43828555  0.40753190  0.41764283  0.43828555  0.44882527  0.42789275  0.43828555  0.43828555  0.43828555  0.40753190  0.39755625  0.44882527  0.44882527  0.37799665  0.39755625  0.39755625  0.40753190  0.37799665  0.38771231  0.39755625  0.43828555  0.38771231  0.37799665  0.44882527  0.42789275  0.41764283  0.41764283  0.41764283  0.41764283  0.40753190  0.45951611  0.47036248  0.40753190  0.35893707  0.37799665  0.41764283  
100_21_0   0.20631755  0.27032721  0.00000000  0.34958693  0.35893707  0.36840596  0.37799665  0.37799665  0.27872908  0.28722670  0.27032721  0.28722670  0.28722670  0.43828555  0.31331657  0.31331657  0.30451812  0.29582228  0.32222010  0.30451812  0.30451812  0.29582228  0.29582228  0.29582228  0.30451812  0.29582228  0.29582228  0.27032721  0.27872908  0.26201897  0.27032721  0.27032721  0.27032721  0.27032721  0.26201897  0.30451812  0.33123122  0.35893707  0.34958693  0.33123122  0.32222010  0.37799665  0.28722670  0.48136896  0.44882527  0.47036248  0.41764283  0.45951611  0.41764283  0.44882527  0.41764283  0.35893707  0.35893707  0.41764283  0.42789275  0.43828555  0.32222010  0.34958693  0.33123122  0.36840596  0.37799665  0.37799665  0.38771231  0.42789275  0.45951611  0.45951611  0.43828555  0.43828555  0.44882527  0.40753190  0.38771231  0.44882527  0.35893707  0.35893707  0.36840596  0.37799665  0.37799665  0.48136896  0.45951611  0.50388168  0.48136896  0.42789275  0.49254035  0.47036248  0.43828555  0.47036248  0.47036248  0.45951611  0.39755625  0.30451812  0.43828555  0.47036248  0.45951611  0.43828555  0.50388168  0.45951611  0.45951611  0.45951611  0.50388168  0.45951611  0.48136896  0.47036248  0.42789275  0.41764283  0.41764283  0.51539819  0.43828555  0.40753190  0.45951611  0.47036248  0.44882527  0.42789275  0.49254035  0.48136896  0.49254035  0.45951611  0.44882527  0.47036248  0.47036248  0.44882527  0.44882527  0.43828555  0.41764283  0.43828555  0.47036248  0.43828555  0.42789275  0.42789275  0.42789275  0.39755625  0.39755625  0.44882527  0.43828555  0.40753190  0.41764283  0.48136896  0.38771231  0.41764283  0.40753190  0.44882527  0.44882527  0.44882527  0.42789275  0.43828555  0.43828555  0.44882527  0.41764283  0.39755625  0.39755625  0.37799665  0.38771231  0.38771231  0.38771231  0.39755625  0.39755625  0.39755625  0.40753190  0.38771231  0.40753190  0.35893707  0.42789275  0.43828555  0.38771231  0.43828555  0.38771231  0.38771231  0.39755625  0.40753190  0.41764283  0.40753190  0.34035259  0.35893707  0.43828555  
96_15_0    0.35893707  0.44882527  0.34958693  0.00000000  0.00583674  0.01171953  0.01764911  0.01764911  0.17626204  0.17626204  0.16893373  0.17626204  0.16893373  0.47036248  0.35893707  0.35893707  0.34958693  0.34035259  0.36840596  0.34035259  0.34035259  0.34958693  0.33123122  0.33123122  0.35893707  0.34958693  0.33123122  0.29582228  0.32222010  0.32222010  0.29582228  0.33123122  0.31331657  0.31331657  0.30451812  0.40753190  0.47036248  0.44882527  0.45951611  0.44882527  0.45951611  0.56333003  0.40753190  0.71365696  0.65542638  0.69866744  0.58850327  0.64155258  0.52709538  0.57581042  0.57581042  0.47036248  0.45951611  0.47036248  0.55105511  0.58850327  0.47036248  0.49254035  0.48136896  0.43828555  0.47036248  0.49254035  0.41764283  0.48136896  0.50388168  0.52709538  0.52709538  0.44882527  0.41764283  0.45951611  0.49254035  0.48136896  0.39755625  0.40753190  0.39755625  0.38771231  0.38771231  0.51539819  0.50388168  0.50388168  0.49254035  0.51539819  0.51539819  0.53897901  0.50388168  0.47036248  0.47036248  0.56333003  0.42789275  0.39755625  0.43828555  0.52709538  0.47036248  0.47036248  0.57581042  0.50388168  0.56333003  0.56333003  0.56333003  0.56333003  0.53897901  0.58850327  0.47036248  0.45951611  0.45951611  0.52709538  0.47036248  0.47036248  0.44882527  0.50388168  0.52709538  0.44882527  0.50388168  0.50388168  0.52709538  0.48136896  0.51539819  0.58850327  0.58850327  0.49254035  0.49254035  0.56333003  0.51539819  0.51539819  0.53897901  0.51539819  0.50388168  0.50388168  0.50388168  0.56333003  0.49254035  0.48136896  0.49254035  0.45951611  0.52709538  0.53897901  0.48136896  0.48136896  0.47036248  0.52709538  0.42789275  0.41764283  0.42789275  0.42789275  0.42789275  0.45951611  0.45951611  0.44882527  0.44882527  0.42789275  0.45951611  0.47036248  0.47036248  0.45951611  0.45951611  0.44882527  0.45951611  0.43828555  0.40753190  0.40753190  0.43828555  0.43828555  0.42789275  0.43828555  0.40753190  0.42789275  0.43828555  0.47036248  0.47036248  0.43828555  0.44882527  0.44882527  0.51539819  
95_15_0    0.36840596  0.45951611  0.35893707  0.00583674  0.00000000  0.00583674  0.01171953  0.01171953  0.18366310  0.18366310  0.17626204  0.18366310  0.17626204  0.45951611  0.36840596  0.36840596  0.35893707  0.34958693  0.37799665  0.34958693  0.34958693  0.35893707  0.34035259  0.34035259  0.36840596  0.35893707  0.34035259  0.30451812  0.33123122  0.33123122  0.30451812  0.34035259  0.32222010  0.32222010  0.31331657  0.39755625  0.45951611  0.43828555  0.44882527  0.43828555  0.44882527  0.55105511  0.41764283  0.72895402  0.66956325  0.71365696  0.57581042  0.62793222  0.51539819  0.56333003  0.56333003  0.45951611  0.44882527  0.45951611  0.53897901  0.57581042  0.48136896  0.50388168  0.49254035  0.44882527  0.48136896  0.50388168  0.42789275  0.47036248  0.49254035  0.51539819  0.51539819  0.43828555  0.40753190  0.44882527  0.48136896  0.47036248  0.38771231  0.39755625  0.38771231  0.39755625  0.39755625  0.50388168  0.49254035  0.49254035  0.48136896  0.50388168  0.50388168  0.52709538  0.49254035  0.48136896  0.48136896  0.57581042  0.43828555  0.40753190  0.42789275  0.51539819  0.48136896  0.48136896  0.58850327  0.49254035  0.55105511  0.55105511  0.55105511  0.55105511  0.52709538  0.57581042  0.48136896  0.47036248  0.47036248  0.51539819  0.45951611  0.45951611  0.43828555  0.49254035  0.51539819  0.43828555  0.49254035  0.51539819  0.51539819  0.49254035  0.50388168  0.57581042  0.57581042  0.48136896  0.48136896  0.57581042  0.52709538  0.52709538  0.52709538  0.50388168  0.51539819  0.51539819  0.51539819  0.57581042  0.48136896  0.47036248  0.50388168  0.44882527  0.51539819  0.52709538  0.49254035  0.47036248  0.45951611  0.53897901  0.43828555  0.42789275  0.43828555  0.43828555  0.43828555  0.47036248  0.47036248  0.45951611  0.45951611  0.43828555  0.47036248  0.48136896  0.48136896  0.47036248  0.47036248  0.45951611  0.47036248  0.44882527  0.41764283  0.41764283  0.44882527  0.44882527  0.41764283  0.42789275  0.41764283  0.43828555  0.44882527  0.45951611  0.45951611  0.44882527  0.45951611  0.45951611  0.52709538  
99_15_0    0.35893707  0.47036248  0.36840596  0.01171953  0.00583674  0.00000000  0.01764911  0.01764911  0.19113836  0.19113836  0.18366310  0.19113836  0.18366310  0.47036248  0.35893707  0.35893707  0.34958693  0.34035259  0.36840596  0.35893707  0.35893707  0.36840596  0.34958693  0.34958693  0.37799665  0.36840596  0.34958693  0.31331657  0.34035259  0.34035259  0.31331657  0.34958693  0.33123122  0.33123122  0.32222010  0.40753190  0.47036248  0.44882527  0.45951611  0.44882527  0.45951611  0.53897901  0.40753190  0.74457150  0.68397335  0.72895402  0.58850327  0.64155258  0.52709538  0.57581042  0.57581042  0.47036248  0.45951611  0.47036248  0.55105511  0.58850327  0.49254035  0.51539819  0.50388168  0.45951611  0.49254035  0.51539819  0.43828555  0.48136896  0.50388168  0.52709538  0.52709538  0.42789275  0.39755625  0.45951611  0.49254035  0.48136896  0.39755625  0.40753190  0.39755625  0.40753190  0.40753190  0.49254035  0.48136896  0.50388168  0.47036248  0.49254035  0.49254035  0.51539819  0.48136896  0.47036248  0.47036248  0.56333003  0.44882527  0.41764283  0.43828555  0.52709538  0.49254035  0.49254035  0.60141596  0.48136896  0.53897901  0.53897901  0.53897901  0.53897901  0.51539819  0.56333003  0.47036248  0.45951611  0.45951611  0.50388168  0.45951611  0.45951611  0.43828555  0.50388168  0.52709538  0.44882527  0.50388168  0.52709538  0.52709538  0.50388168  0.51539819  0.58850327  0.58850327  0.49254035  0.49254035  0.58850327  0.53897901  0.53897901  0.53897901  0.51539819  0.52709538  0.52709538  0.52709538  0.58850327  0.49254035  0.48136896  0.51539819  0.45951611  0.52709538  0.53897901  0.50388168  0.45951611  0.44882527  0.55105511  0.44882527  0.43828555  0.44882527  0.44882527  0.44882527  0.48136896  0.48136896  0.47036248  0.44882527  0.44882527  0.48136896  0.49254035  0.49254035  0.48136896  0.48136896  0.47036248  0.45951611  0.45951611  0.42789275  0.42789275  0.45951611  0.45951611  0.42789275  0.43828555  0.42789275  0.44882527  0.45951611  0.47036248  0.47036248  0.45951611  0.47036248  0.47036248  0.53897901  
98_15_0    0.38771231  0.45951611  0.37799665  0.01764911  0.01171953  0.01764911  0.00000000  0.00000000  0.19868933  0.19868933  0.19113836  0.19868933  0.19113836  0.45951611  0.36840596  0.36840596  0.35893707  0.34958693  0.37799665  0.36840596  0.36840596  0.37799665  0.35893707  0.35893707  0.38771231  0.37799665  0.35893707  0.32222010  0.34958693  0.34958693  0.32222010  0.35893707  0.34035259  0.34035259  0.33123122  0.41764283  0.48136896  0.45951611  0.47036248  0.45951611  0.47036248  0.57581042  0.43828555  0.72895402  0.66956325  0.71365696  0.60141596  0.62793222  0.53897901  0.58850327  0.53897901  0.48136896  0.47036248  0.48136896  0.56333003  0.60141596  0.50388168  0.52709538  0.51539819  0.47036248  0.50388168  0.52709538  0.44882527  0.49254035  0.51539819  0.53897901  0.53897901  0.45951611  0.42789275  0.47036248  0.50388168  0.49254035  0.40753190  0.41764283  0.40753190  0.41764283  0.41764283  0.52709538  0.51539819  0.51539819  0.48136896  0.52709538  0.50388168  0.52709538  0.49254035  0.48136896  0.48136896  0.55105511  0.45951611  0.42789275  0.44882527  0.53897901  0.50388168  0.50388168  0.61455622  0.51539819  0.57581042  0.57581042  0.57581042  0.57581042  0.55105511  0.60141596  0.50388168  0.49254035  0.49254035  0.53897901  0.48136896  0.48136896  0.45951611  0.51539819  0.53897901  0.45951611  0.51539819  0.53897901  0.53897901  0.51539819  0.52709538  0.60141596  0.60141596  0.50388168  0.50388168  0.60141596  0.55105511  0.55105511  0.55105511  0.52709538  0.53897901  0.53897901  0.53897901  0.57581042  0.48136896  0.47036248  0.50388168  0.47036248  0.53897901  0.53897901  0.50388168  0.48136896  0.47036248  0.55105511  0.44882527  0.43828555  0.44882527  0.44882527  0.44882527  0.45951611  0.48136896  0.47036248  0.47036248  0.43828555  0.49254035  0.50388168  0.50388168  0.49254035  0.49254035  0.48136896  0.49254035  0.47036248  0.43828555  0.43828555  0.47036248  0.44882527  0.43828555  0.44882527  0.43828555  0.43828555  0.44882527  0.48136896  0.48136896  0.44882527  0.48136896  0.48136896  0.55105511  
94_15_0    0.38771231  0.45951611  0.37799665  0.01764911  0.01171953  0.01764911  0.00000000  0.00000000  0.19868933  0.19868933  0.19113836  0.19868933  0.19113836  0.45951611  0.36840596  0.36840596  0.35893707  0.34958693  0.37799665  0.36840596  0.36840596  0.37799665  0.35893707  0.35893707  0.38771231  0.37799665  0.35893707  0.32222010  0.34958693  0.34958693  0.32222010  0.35893707  0.34035259  0.34035259  0.33123122  0.41764283  0.48136896  0.45951611  0.47036248  0.45951611  0.47036248  0.57581042  0.43828555  0.72895402  0.66956325  0.71365696  0.60141596  0.62793222  0.53897901  0.58850327  0.53897901  0.48136896  0.47036248  0.48136896  0.56333003  0.60141596  0.50388168  0.52709538  0.51539819  0.47036248  0.50388168  0.52709538  0.44882527  0.49254035  0.51539819  0.53897901  0.53897901  0.45951611  0.42789275  0.47036248  0.50388168  0.49254035  0.40753190  0.41764283  0.40753190  0.41764283  0.41764283  0.52709538  0.51539819  0.51539819  0.48136896  0.52709538  0.50388168  0.52709538  0.49254035  0.48136896  0.48136896  0.55105511  0.45951611  0.42789275  0.44882527  0.53897901  0.50388168  0.50388168  0.61455622  0.51539819  0.57581042  0.57581042  0.57581042  0.57581042  0.55105511  0.60141596  0.50388168  0.49254035  0.49254035  0.53897901  0.48136896  0.48136896  0.45951611  0.51539819  0.53897901  0.45951611  0.51539819  0.53897901  0.53897901  0.51539819  0.52709538  0.60141596  0.60141596  0.50388168  0.50388168  0.60141596  0.55105511  0.55105511  0.55105511  0.52709538  0.53897901  0.53897901  0.53897901  0.57581042  0.48136896  0.47036248  0.50388168  0.47036248  0.53897901  0.53897901  0.50388168  0.48136896  0.47036248  0.55105511  0.44882527  0.43828555  0.44882527  0.44882527  0.44882527  0.45951611  0.48136896  0.47036248  0.47036248  0.43828555  0.49254035  0.50388168  0.50388168  0.49254035  0.49254035  0.48136896  0.49254035  0.47036248  0.43828555  0.43828555  0.47036248  0.44882527  0.43828555  0.44882527  0.43828555  0.43828555  0.44882527  0.48136896  0.48136896  0.44882527  0.48136896  0.48136896  0.55105511  
95_18_0    0.33123122  0.41764283  0.27872908  0.17626204  0.18366310  0.19113836  0.19868933  0.19868933  0.00000000  0.02362622  0.00583674  0.02362622  0.01764911  0.41764283  0.37799665  0.37799665  0.36840596  0.35893707  0.38771231  0.34035259  0.34035259  0.33123122  0.33123122  0.33123122  0.34035259  0.33123122  0.33123122  0.24567517  0.27032721  0.25380229  0.24567517  0.25380229  0.25380229  0.26201897  0.25380229  0.40753190  0.48136896  0.44882527  0.44882527  0.45951611  0.47036248  0.47036248  0.36840596  0.71365696  0.65542638  0.69866744  0.60141596  0.64155258  0.53897901  0.57581042  0.53897901  0.48136896  0.49254035  0.51539819  0.50388168  0.56333003  0.47036248  0.47036248  0.45951611  0.43828555  0.44882527  0.47036248  0.44882527  0.51539819  0.48136896  0.50388168  0.50388168  0.44882527  0.45951611  0.51539819  0.53897901  0.49254035  0.42789275  0.41764283  0.40753190  0.39755625  0.39755625  0.52709538  0.51539819  0.56333003  0.51539819  0.51539819  0.52709538  0.56333003  0.51539819  0.48136896  0.48136896  0.51539819  0.52709538  0.43828555  0.48136896  0.56333003  0.45951611  0.50388168  0.55105511  0.48136896  0.55105511  0.52709538  0.52709538  0.53897901  0.52709538  0.56333003  0.49254035  0.48136896  0.48136896  0.51539819  0.49254035  0.44882527  0.48136896  0.49254035  0.49254035  0.43828555  0.51539819  0.56333003  0.53897901  0.48136896  0.50388168  0.53897901  0.53897901  0.49254035  0.49254035  0.52709538  0.52709538  0.50388168  0.50388168  0.50388168  0.49254035  0.49254035  0.49254035  0.48136896  0.43828555  0.44882527  0.49254035  0.44882527  0.48136896  0.49254035  0.42789275  0.42789275  0.42789275  0.47036248  0.38771231  0.39755625  0.39755625  0.39755625  0.39755625  0.44882527  0.45951611  0.43828555  0.40753190  0.36840596  0.47036248  0.47036248  0.49254035  0.48136896  0.47036248  0.47036248  0.44882527  0.45951611  0.42789275  0.39755625  0.42789275  0.43828555  0.41764283  0.43828555  0.41764283  0.48136896  0.49254035  0.49254035  0.49254035  0.42789275  0.41764283  0.41764283  0.49254035  
99_18_0    0.34035259  0.42789275  0.28722670  0.17626204  0.18366310  0.19113836  0.19868933  0.19868933  0.02362622  0.00000000  0.01764911  0.03572614  0.02965163  0.42789275  0.38771231  0.38771231  0.37799665  0.36840596  0.39755625  0.36840596  0.36840596  0.35893707  0.35893707  0.35893707  0.36840596  0.35893707  0.35893707  0.25380229  0.27872908  0.26201897  0.25380229  0.26201897  0.26201897  0.27032721  0.26201897  0.41764283  0.51539819  0.48136896  0.48136896  0.49254035  0.50388168  0.50388168  0.37799665  0.69866744  0.64155258  0.68397335  0.57581042  0.61455622  0.51539819  0.55105511  0.55105511  0.47036248  0.48136896  0.50388168  0.49254035  0.55105511  0.45951611  0.45951611  0.44882527  0.40753190  0.41764283  0.43828555  0.41764283  0.50388168  0.47036248  0.49254035  0.49254035  0.45951611  0.47036248  0.50388168  0.52709538  0.50388168  0.41764283  0.40753190  0.39755625  0.38771231  0.38771231  0.49254035  0.48136896  0.52709538  0.48136896  0.48136896  0.51539819  0.52709538  0.48136896  0.44882527  0.44882527  0.48136896  0.51539819  0.42789275  0.47036248  0.55105511  0.47036248  0.49254035  0.56333003  0.47036248  0.53897901  0.53897901  0.53897901  0.55105511  0.53897901  0.57581042  0.48136896  0.47036248  0.47036248  0.50388168  0.50388168  0.45951611  0.49254035  0.49254035  0.49254035  0.43828555  0.51539819  0.53897901  0.53897901  0.48136896  0.51539819  0.55105511  0.55105511  0.50388168  0.50388168  0.53897901  0.51539819  0.51539819  0.51539819  0.51539819  0.50388168  0.50388168  0.50388168  0.49254035  0.44882527  0.45951611  0.51539819  0.48136896  0.51539819  0.51539819  0.45951611  0.45951611  0.45951611  0.50388168  0.41764283  0.42789275  0.42789275  0.42789275  0.42789275  0.48136896  0.49254035  0.47036248  0.43828555  0.37799665  0.45951611  0.45951611  0.48136896  0.47036248  0.45951611  0.45951611  0.43828555  0.44882527  0.41764283  0.40753190  0.43828555  0.44882527  0.40753190  0.42789275  0.38771231  0.47036248  0.48136896  0.48136896  0.48136896  0.42789275  0.42789275  0.42789275  0.49254035  
96_18_0    0.32222010  0.40753190  0.27032721  0.16893373  0.17626204  0.18366310  0.19113836  0.19113836  0.00583674  0.01764911  0.00000000  0.01764911  0.01171953  0.40753190  0.36840596  0.36840596  0.35893707  0.34958693  0.37799665  0.34958693  0.34958693  0.34035259  0.34035259  0.34035259  0.34958693  0.34035259  0.34035259  0.23763569  0.26201897  0.24567517  0.23763569  0.24567517  0.24567517  0.25380229  0.24567517  0.39755625  0.49254035  0.45951611  0.45951611  0.47036248  0.48136896  0.48136896  0.35893707  0.69866744  0.64155258  0.68397335  0.58850327  0.62793222  0.52709538  0.56333003  0.55105511  0.47036248  0.48136896  0.50388168  0.49254035  0.55105511  0.45951611  0.45951611  0.44882527  0.42789275  0.43828555  0.45951611  0.43828555  0.50388168  0.47036248  0.49254035  0.49254035  0.45951611  0.47036248  0.50388168  0.52709538  0.50388168  0.41764283  0.40753190  0.39755625  0.38771231  0.38771231  0.51539819  0.50388168  0.55105511  0.50388168  0.50388168  0.53897901  0.55105511  0.50388168  0.47036248  0.47036248  0.50388168  0.51539819  0.42789275  0.47036248  0.55105511  0.47036248  0.49254035  0.56333003  0.47036248  0.53897901  0.53897901  0.53897901  0.55105511  0.53897901  0.57581042  0.48136896  0.47036248  0.47036248  0.52709538  0.50388168  0.45951611  0.49254035  0.50388168  0.50388168  0.44882527  0.52709538  0.55105511  0.55105511  0.49254035  0.51539819  0.55105511  0.55105511  0.50388168  0.50388168  0.53897901  0.51539819  0.51539819  0.51539819  0.51539819  0.50388168  0.50388168  0.50388168  0.49254035  0.44882527  0.45951611  0.50388168  0.45951611  0.49254035  0.50388168  0.43828555  0.43828555  0.43828555  0.48136896  0.39755625  0.40753190  0.40753190  0.40753190  0.40753190  0.45951611  0.47036248  0.44882527  0.41764283  0.37799665  0.45951611  0.45951611  0.48136896  0.47036248  0.45951611  0.45951611  0.43828555  0.44882527  0.41764283  0.40753190  0.43828555  0.44882527  0.40753190  0.42789275  0.40753190  0.47036248  0.48136896  0.48136896  0.48136896  0.43828555  0.42789275  0.42789275  0.48136896  
94_18_0    0.32222010  0.40753190  0.28722670  0.17626204  0.18366310  0.19113836  0.19868933  0.19868933  0.02362622  0.03572614  0.01764911  0.00000000  0.00583674  0.40753190  0.34958693  0.34958693  0.35893707  0.34958693  0.35893707  0.33123122  0.33123122  0.32222010  0.34035259  0.34035259  0.34958693  0.32222010  0.32222010  0.23763569  0.26201897  0.24567517  0.23763569  0.24567517  0.24567517  0.25380229  0.24567517  0.41764283  0.49254035  0.45951611  0.45951611  0.47036248  0.48136896  0.47036248  0.37799665  0.71365696  0.65542638  0.69866744  0.57581042  0.61455622  0.51539819  0.52709538  0.56333003  0.45951611  0.47036248  0.48136896  0.49254035  0.53897901  0.42789275  0.42789275  0.41764283  0.42789275  0.43828555  0.45951611  0.40753190  0.51539819  0.47036248  0.49254035  0.49254035  0.47036248  0.48136896  0.52709538  0.55105511  0.52709538  0.42789275  0.41764283  0.40753190  0.39755625  0.39755625  0.50388168  0.51539819  0.52709538  0.49254035  0.49254035  0.52709538  0.53897901  0.49254035  0.45951611  0.45951611  0.51539819  0.50388168  0.43828555  0.45951611  0.55105511  0.45951611  0.48136896  0.57581042  0.45951611  0.55105511  0.55105511  0.55105511  0.56333003  0.55105511  0.58850327  0.49254035  0.48136896  0.48136896  0.53897901  0.49254035  0.44882527  0.48136896  0.49254035  0.49254035  0.47036248  0.55105511  0.55105511  0.57581042  0.51539819  0.51539819  0.53897901  0.53897901  0.50388168  0.50388168  0.53897901  0.51539819  0.50388168  0.50388168  0.50388168  0.47036248  0.47036248  0.47036248  0.51539819  0.45951611  0.47036248  0.48136896  0.43828555  0.47036248  0.48136896  0.43828555  0.45951611  0.43828555  0.45951611  0.37799665  0.38771231  0.38771231  0.38771231  0.38771231  0.43828555  0.44882527  0.42789275  0.39755625  0.37799665  0.45951611  0.45951611  0.45951611  0.44882527  0.43828555  0.43828555  0.41764283  0.42789275  0.39755625  0.39755625  0.41764283  0.42789275  0.40753190  0.42789275  0.40753190  0.48136896  0.49254035  0.49254035  0.49254035  0.43828555  0.42789275  0.42789275  0.48136896  
98_18_0    0.32222010  0.40753190  0.28722670  0.16893373  0.17626204  0.18366310  0.19113836  0.19113836  0.01764911  0.02965163  0.01171953  0.00583674  0.00000000  0.40753190  0.34958693  0.34958693  0.35893707  0.34958693  0.35893707  0.33123122  0.33123122  0.32222010  0.34035259  0.34035259  0.34958693  0.32222010  0.32222010  0.23763569  0.26201897  0.24567517  0.23763569  0.24567517  0.24567517  0.25380229  0.24567517  0.41764283  0.49254035  0.45951611  0.45951611  0.47036248  0.48136896  0.48136896  0.37799665  0.72895402  0.66956325  0.71365696  0.58850327  0.62793222  0.52709538  0.53897901  0.57581042  0.47036248  0.48136896  0.49254035  0.50388168  0.55105511  0.43828555  0.43828555  0.42789275  0.42789275  0.43828555  0.45951611  0.41764283  0.52709538  0.47036248  0.49254035  0.49254035  0.48136896  0.49254035  0.52709538  0.55105511  0.52709538  0.43828555  0.42789275  0.41764283  0.40753190  0.40753190  0.51539819  0.52709538  0.52709538  0.50388168  0.50388168  0.53897901  0.55105511  0.50388168  0.47036248  0.47036248  0.52709538  0.51539819  0.44882527  0.47036248  0.55105511  0.47036248  0.49254035  0.58850327  0.47036248  0.56333003  0.56333003  0.56333003  0.57581042  0.56333003  0.60141596  0.50388168  0.49254035  0.49254035  0.55105511  0.50388168  0.45951611  0.49254035  0.50388168  0.50388168  0.47036248  0.55105511  0.55105511  0.57581042  0.51539819  0.51539819  0.55105511  0.55105511  0.50388168  0.50388168  0.53897901  0.51539819  0.51539819  0.51539819  0.51539819  0.48136896  0.48136896  0.48136896  0.51539819  0.47036248  0.48136896  0.48136896  0.43828555  0.47036248  0.48136896  0.43828555  0.45951611  0.43828555  0.45951611  0.37799665  0.38771231  0.38771231  0.38771231  0.38771231  0.43828555  0.44882527  0.42789275  0.39755625  0.37799665  0.45951611  0.45951611  0.45951611  0.44882527  0.43828555  0.43828555  0.41764283  0.42789275  0.39755625  0.40753190  0.41764283  0.42789275  0.40753190  0.42789275  0.40753190  0.49254035  0.50388168  0.50388168  0.50388168  0.43828555  0.42789275  0.42789275  0.49254035  
93_15_0    0.38771231  0.42789275  0.43828555  0.47036248  0.45951611  0.47036248  0.45951611  0.45951611  0.41764283  0.42789275  0.40753190  0.40753190  0.40753190  0.00000000  0.38771231  0.38771231  0.35893707  0.34958693  0.35893707  0.40753190  0.40753190  0.39755625  0.39755625  0.39755625  0.40753190  0.39755625  0.39755625  0.40753190  0.41764283  0.39755625  0.40753190  0.40753190  0.42789275  0.42789275  0.41764283  0.40753190  0.47036248  0.42789275  0.43828555  0.45951611  0.47036248  0.57581042  0.43828555  0.52709538  0.50388168  0.49254035  0.45951611  0.49254035  0.50388168  0.45951611  0.55105511  0.43828555  0.43828555  0.49254035  0.43828555  0.44882527  0.45951611  0.44882527  0.47036248  0.44882527  0.44882527  0.45951611  0.48136896  0.50388168  0.50388168  0.45951611  0.48136896  0.52709538  0.52709538  0.55105511  0.53897901  0.53897901  0.56333003  0.51539819  0.51539819  0.50388168  0.50388168  0.55105511  0.50388168  0.56333003  0.48136896  0.47036248  0.50388168  0.52709538  0.49254035  0.52709538  0.52709538  0.52709538  0.50388168  0.44882527  0.55105511  0.60141596  0.49254035  0.52709538  0.53897901  0.50388168  0.51539819  0.51539819  0.51539819  0.55105511  0.56333003  0.57581042  0.51539819  0.51539819  0.51539819  0.57581042  0.52709538  0.52709538  0.51539819  0.56333003  0.56333003  0.56333003  0.60141596  0.60141596  0.57581042  0.52709538  0.61455622  0.64155258  0.64155258  0.53897901  0.53897901  0.57581042  0.57581042  0.60141596  0.56333003  0.56333003  0.60141596  0.60141596  0.60141596  0.45951611  0.57581042  0.56333003  0.44882527  0.51539819  0.49254035  0.51539819  0.52709538  0.49254035  0.49254035  0.51539819  0.51539819  0.50388168  0.50388168  0.50388168  0.50388168  0.51539819  0.52709538  0.52709538  0.52709538  0.38771231  0.39755625  0.45951611  0.43828555  0.42789275  0.45951611  0.45951611  0.48136896  0.48136896  0.45951611  0.49254035  0.49254035  0.47036248  0.49254035  0.45951611  0.48136896  0.48136896  0.47036248  0.41764283  0.45951611  0.43828555  0.48136896  0.48136896  0.44882527  
94_14_0    0.24567517  0.31331657  0.31331657  0.35893707  0.36840596  0.35893707  0.36840596  0.36840596  0.37799665  0.38771231  0.36840596  0.34958693  0.34958693  0.38771231  0.00000000  0.00000000  0.01764911  0.02362622  0.01764911  0.13333515  0.13333515  0.14032019  0.14032019  0.14032019  0.14737129  0.14032019  0.14032019  0.22968197  0.22181220  0.23763569  0.24567517  0.24567517  0.24567517  0.24567517  0.23763569  0.34958693  0.33123122  0.31331657  0.30451812  0.30451812  0.31331657  0.47036248  0.27872908  0.47036248  0.47036248  0.44882527  0.38771231  0.36840596  0.41764283  0.37799665  0.48136896  0.30451812  0.31331657  0.34035259  0.39755625  0.39755625  0.33123122  0.35893707  0.35893707  0.35893707  0.35893707  0.37799665  0.30451812  0.34958693  0.35893707  0.35893707  0.35893707  0.34958693  0.34958693  0.37799665  0.36840596  0.36840596  0.43828555  0.40753190  0.41764283  0.37799665  0.37799665  0.39755625  0.36840596  0.45951611  0.35893707  0.40753190  0.40753190  0.48136896  0.44882527  0.30451812  0.30451812  0.35893707  0.36840596  0.36840596  0.33123122  0.36840596  0.33123122  0.37799665  0.43828555  0.40753190  0.41764283  0.41764283  0.43828555  0.48136896  0.48136896  0.49254035  0.44882527  0.44882527  0.44882527  0.48136896  0.44882527  0.47036248  0.41764283  0.51539819  0.53897901  0.41764283  0.41764283  0.42789275  0.45951611  0.49254035  0.44882527  0.47036248  0.47036248  0.39755625  0.39755625  0.38771231  0.38771231  0.40753190  0.38771231  0.37799665  0.37799665  0.37799665  0.37799665  0.37799665  0.40753190  0.41764283  0.43828555  0.38771231  0.38771231  0.47036248  0.41764283  0.42789275  0.40753190  0.42789275  0.37799665  0.39755625  0.39755625  0.38771231  0.38771231  0.39755625  0.38771231  0.36840596  0.37799665  0.36840596  0.36840596  0.35893707  0.34035259  0.34958693  0.37799665  0.35893707  0.35893707  0.35893707  0.34958693  0.42789275  0.43828555  0.43828555  0.38771231  0.41764283  0.42789275  0.39755625  0.38771231  0.45951611  0.43828555  0.37799665  0.43828555  0.43828555  0.39755625  
98_14_0    0.24567517  0.31331657  0.31331657  0.35893707  0.36840596  0.35893707  0.36840596  0.36840596  0.37799665  0.38771231  0.36840596  0.34958693  0.34958693  0.38771231  0.00000000  0.00000000  0.01764911  0.02362622  0.01764911  0.13333515  0.13333515  0.14032019  0.14032019  0.14032019  0.14737129  0.14032019  0.14032019  0.22968197  0.22181220  0.23763569  0.24567517  0.24567517  0.24567517  0.24567517  0.23763569  0.34958693  0.33123122  0.31331657  0.30451812  0.30451812  0.31331657  0.47036248  0.27872908  0.47036248  0.47036248  0.44882527  0.38771231  0.36840596  0.41764283  0.37799665  0.48136896  0.30451812  0.31331657  0.34035259  0.39755625  0.39755625  0.33123122  0.35893707  0.35893707  0.35893707  0.35893707  0.37799665  0.30451812  0.34958693  0.35893707  0.35893707  0.35893707  0.34958693  0.34958693  0.37799665  0.36840596  0.36840596  0.43828555  0.40753190  0.41764283  0.37799665  0.37799665  0.39755625  0.36840596  0.45951611  0.35893707  0.40753190  0.40753190  0.48136896  0.44882527  0.30451812  0.30451812  0.35893707  0.36840596  0.36840596  0.33123122  0.36840596  0.33123122  0.37799665  0.43828555  0.40753190  0.41764283  0.41764283  0.43828555  0.48136896  0.48136896  0.49254035  0.44882527  0.44882527  0.44882527  0.48136896  0.44882527  0.47036248  0.41764283  0.51539819  0.53897901  0.41764283  0.41764283  0.42789275  0.45951611  0.49254035  0.44882527  0.47036248  0.47036248  0.39755625  0.39755625  0.38771231  0.38771231  0.40753190  0.38771231  0.37799665  0.37799665  0.37799665  0.37799665  0.37799665  0.40753190  0.41764283  0.43828555  0.38771231  0.38771231  0.47036248  0.41764283  0.42789275  0.40753190  0.42789275  0.37799665  0.39755625  0.39755625  0.38771231  0.38771231  0.39755625  0.38771231  0.36840596  0.37799665  0.36840596  0.36840596  0.35893707  0.34035259  0.34958693  0.37799665  0.35893707  0.35893707  0.35893707  0.34958693  0.42789275  0.43828555  0.43828555  0.38771231  0.41764283  0.42789275  0.39755625  0.38771231  0.45951611  0.43828555  0.37799665  0.43828555  0.43828555  0.39755625  
95_14_0    0.24567517  0.32222010  0.30451812  0.34958693  0.35893707  0.34958693  0.35893707  0.35893707  0.36840596  0.37799665  0.35893707  0.35893707  0.35893707  0.35893707  0.01764911  0.01764911  0.00000000  0.00583674  0.01171953  0.12641494  0.12641494  0.13333515  0.11955837  0.11955837  0.14032019  0.13333515  0.13333515  0.23763569  0.24567517  0.24567517  0.25380229  0.25380229  0.25380229  0.25380229  0.24567517  0.32222010  0.35893707  0.34035259  0.33123122  0.33123122  0.34035259  0.45951611  0.28722670  0.48136896  0.45951611  0.45951611  0.35893707  0.34035259  0.38771231  0.36840596  0.47036248  0.31331657  0.30451812  0.35893707  0.41764283  0.40753190  0.35893707  0.36840596  0.36840596  0.36840596  0.36840596  0.38771231  0.31331657  0.35893707  0.36840596  0.36840596  0.36840596  0.35893707  0.35893707  0.38771231  0.37799665  0.37799665  0.42789275  0.39755625  0.40753190  0.36840596  0.36840596  0.42789275  0.37799665  0.47036248  0.36840596  0.41764283  0.41764283  0.47036248  0.43828555  0.31331657  0.31331657  0.36840596  0.37799665  0.35893707  0.34035259  0.37799665  0.34035259  0.37799665  0.40753190  0.39755625  0.40753190  0.40753190  0.42789275  0.47036248  0.47036248  0.48136896  0.43828555  0.43828555  0.43828555  0.49254035  0.41764283  0.43828555  0.38771231  0.51539819  0.53897901  0.42789275  0.42789275  0.45951611  0.47036248  0.48136896  0.48136896  0.50388168  0.50388168  0.42789275  0.42789275  0.41764283  0.41764283  0.43828555  0.41764283  0.40753190  0.40753190  0.40753190  0.40753190  0.36840596  0.41764283  0.42789275  0.42789275  0.37799665  0.39755625  0.49254035  0.41764283  0.42789275  0.40753190  0.44882527  0.39755625  0.41764283  0.41764283  0.40753190  0.40753190  0.41764283  0.40753190  0.38771231  0.39755625  0.35893707  0.35893707  0.38771231  0.36840596  0.37799665  0.40753190  0.38771231  0.38771231  0.36840596  0.37799665  0.43828555  0.44882527  0.44882527  0.41764283  0.44882527  0.43828555  0.40753190  0.39755625  0.47036248  0.44882527  0.38771231  0.42789275  0.44882527  0.38771231  
99_14_0    0.23763569  0.33123122  0.29582228  0.34035259  0.34958693  0.34035259  0.34958693  0.34958693  0.35893707  0.36840596  0.34958693  0.34958693  0.34958693  0.34958693  0.02362622  0.02362622  0.00583674  0.00000000  0.01764911  0.13333515  0.13333515  0.14032019  0.12641494  0.12641494  0.14737129  0.14032019  0.14032019  0.22968197  0.23763569  0.23763569  0.24567517  0.24567517  0.24567517  0.24567517  0.23763569  0.31331657  0.36840596  0.34958693  0.34035259  0.34035259  0.34958693  0.44882527  0.27872908  0.47036248  0.44882527  0.44882527  0.34958693  0.34958693  0.37799665  0.35893707  0.48136896  0.32222010  0.29582228  0.34958693  0.42789275  0.41764283  0.34958693  0.37799665  0.37799665  0.35893707  0.35893707  0.37799665  0.32222010  0.36840596  0.37799665  0.37799665  0.37799665  0.34958693  0.34958693  0.38771231  0.37799665  0.37799665  0.41764283  0.38771231  0.39755625  0.35893707  0.35893707  0.43828555  0.38771231  0.45951611  0.35893707  0.40753190  0.40753190  0.45951611  0.42789275  0.30451812  0.30451812  0.37799665  0.36840596  0.34958693  0.33123122  0.36840596  0.33123122  0.36840596  0.41764283  0.38771231  0.39755625  0.39755625  0.41764283  0.48136896  0.48136896  0.49254035  0.42789275  0.42789275  0.42789275  0.48136896  0.40753190  0.42789275  0.37799665  0.50388168  0.52709538  0.41764283  0.43828555  0.44882527  0.45951611  0.49254035  0.47036248  0.49254035  0.49254035  0.41764283  0.41764283  0.42789275  0.42789275  0.44882527  0.42789275  0.41764283  0.41764283  0.41764283  0.41764283  0.35893707  0.40753190  0.41764283  0.41764283  0.36840596  0.40753190  0.48136896  0.40753190  0.41764283  0.39755625  0.43828555  0.40753190  0.40753190  0.40753190  0.39755625  0.39755625  0.40753190  0.39755625  0.37799665  0.38771231  0.36840596  0.36840596  0.39755625  0.37799665  0.38771231  0.39755625  0.37799665  0.37799665  0.35893707  0.36840596  0.42789275  0.43828555  0.43828555  0.40753190  0.43828555  0.42789275  0.39755625  0.38771231  0.45951611  0.43828555  0.37799665  0.41764283  0.43828555  0.39755625  
96_14_0    0.24567517  0.32222010  0.32222010  0.36840596  0.37799665  0.36840596  0.37799665  0.37799665  0.38771231  0.39755625  0.37799665  0.35893707  0.35893707  0.35893707  0.01764911  0.01764911  0.01171953  0.01764911  0.00000000  0.12641494  0.12641494  0.13333515  0.13333515  0.13333515  0.14032019  0.13333515  0.13333515  0.23763569  0.24567517  0.24567517  0.25380229  0.25380229  0.25380229  0.25380229  0.24567517  0.34035259  0.35893707  0.34035259  0.33123122  0.33123122  0.34035259  0.45951611  0.28722670  0.48136896  0.45951611  0.45951611  0.35893707  0.34035259  0.38771231  0.34958693  0.47036248  0.33123122  0.32222010  0.36840596  0.42789275  0.42789275  0.35893707  0.34958693  0.34958693  0.36840596  0.36840596  0.38771231  0.31331657  0.37799665  0.38771231  0.38771231  0.38771231  0.37799665  0.37799665  0.38771231  0.37799665  0.37799665  0.44882527  0.41764283  0.42789275  0.38771231  0.38771231  0.42789275  0.39755625  0.47036248  0.38771231  0.41764283  0.41764283  0.47036248  0.43828555  0.31331657  0.31331657  0.36840596  0.37799665  0.35893707  0.35893707  0.39755625  0.35893707  0.39755625  0.40753190  0.39755625  0.40753190  0.40753190  0.42789275  0.47036248  0.47036248  0.48136896  0.43828555  0.43828555  0.43828555  0.49254035  0.41764283  0.43828555  0.38771231  0.49254035  0.51539819  0.44882527  0.44882527  0.45951611  0.49254035  0.50388168  0.45951611  0.48136896  0.48136896  0.40753190  0.40753190  0.39755625  0.39755625  0.41764283  0.39755625  0.38771231  0.38771231  0.38771231  0.38771231  0.36840596  0.41764283  0.42789275  0.42789275  0.35893707  0.37799665  0.47036248  0.39755625  0.42789275  0.40753190  0.42789275  0.37799665  0.39755625  0.39755625  0.38771231  0.38771231  0.39755625  0.38771231  0.36840596  0.37799665  0.34035259  0.35893707  0.38771231  0.36840596  0.37799665  0.38771231  0.36840596  0.36840596  0.34958693  0.35893707  0.43828555  0.42789275  0.42789275  0.39755625  0.42789275  0.43828555  0.42789275  0.41764283  0.47036248  0.44882527  0.38771231  0.42789275  0.44882527  0.38771231  
