8
10_12_0    0.00000000  0.00678782  0.04169441  0.05249606  0.04887795  0.09735351  0.10121744  0.08968571  
10_15_0    0.00678782  0.00000000  0.04887795  0.05978584  0.05613197  0.10510167  0.10900642  0.09735351  
13_12_0    0.04169441  0.04887795  0.00000000  0.07458464  0.07085708  0.12084593  0.12483495  0.11293189  
13_10_0    0.05249606  0.05978584  0.07458464  0.00000000  0.03812865  0.08588143  0.08968571  0.07833109  
4_10_0     0.04887795  0.05613197  0.07085708  0.03812865  0.00000000  0.07085708  0.07458464  0.06345786  
12_14_0    0.09735351  0.10510167  0.12084593  0.08588143  0.07085708  0.00000000  0.00338612  0.01363854  
12_9_0     0.10121744  0.10900642  0.12483495  0.08968571  0.07458464  0.00338612  0.00000000  0.01708785  
10_9_0     0.08968571  0.09735351  0.11293189  0.07833109  0.06345786  0.01363854  0.01708785  0.00000000  

