15
8_0_0      0.00000000  0.00000000  0.12490499  0.12490499  0.13015123  0.11969524  0.13015123  0.15151163  0.15694831  0.11969524  0.13543448  0.10938324  0.14611414  0.16242474  0.13543448  
2_0_0      0.00000000  0.00000000  0.12490499  0.12490499  0.13015123  0.11969524  0.13015123  0.15151163  0.15694831  0.11969524  0.13543448  0.10938324  0.14611414  0.16242474  0.13543448  
1_2_0      0.12490499  0.12490499  0.00000000  0.00890226  0.08917569  0.18473997  0.19615200  0.18473997  0.15151163  0.11969524  0.15151163  0.13543448  0.17349924  0.17349924  0.13543448  
1_0_0      0.12490499  0.12490499  0.00890226  0.00000000  0.07927279  0.17349924  0.18473997  0.17349924  0.14075527  0.11969524  0.15151163  0.13543448  0.16242474  0.16242474  0.12490499  
9_0_0      0.13015123  0.13015123  0.08917569  0.07927279  0.00000000  0.18473997  0.19615200  0.20774063  0.17349924  0.15151163  0.19615200  0.16794152  0.17349924  0.17909851  0.15694831  
5_3_0      0.11969524  0.11969524  0.18473997  0.17349924  0.18473997  0.00000000  0.00890226  0.17909851  0.17909851  0.16242474  0.18473997  0.16794152  0.19615200  0.21951142  0.15151163  
5_4_0      0.13015123  0.13015123  0.19615200  0.18473997  0.19615200  0.00890226  0.00000000  0.19042424  0.19042424  0.17349924  0.18473997  0.16794152  0.19615200  0.21951142  0.15151163  
3_3_0      0.15151163  0.15151163  0.18473997  0.17349924  0.20774063  0.17909851  0.19042424  0.00000000  0.06465972  0.17909851  0.15694831  0.14075527  0.20192390  0.19042424  0.14075527  
4_3_0      0.15694831  0.15694831  0.15151163  0.14075527  0.17349924  0.17909851  0.19042424  0.06465972  0.00000000  0.17909851  0.15694831  0.15151163  0.17909851  0.15694831  0.14075527  
5_0_0      0.11969524  0.11969524  0.11969524  0.11969524  0.15151163  0.16242474  0.17349924  0.17909851  0.17909851  0.00000000  0.09417669  0.10428000  0.16242474  0.15694831  0.10428000  
4_0_0      0.13543448  0.13543448  0.15151163  0.15151163  0.19615200  0.18473997  0.18473997  0.15694831  0.15694831  0.09417669  0.00000000  0.04560888  0.15151163  0.15694831  0.12490499  
3_0_0      0.10938324  0.10938324  0.13543448  0.13543448  0.16794152  0.16794152  0.16794152  0.14075527  0.15151163  0.10428000  0.04560888  0.00000000  0.15694831  0.16242474  0.11969524  
11_0_0     0.14611414  0.14611414  0.17349924  0.16242474  0.17349924  0.19615200  0.19615200  0.20192390  0.17909851  0.16242474  0.15151163  0.15694831  0.00000000  0.06949913  0.07927279  
7_0_0      0.16242474  0.16242474  0.17349924  0.16242474  0.17909851  0.21951142  0.21951142  0.19042424  0.15694831  0.15694831  0.15694831  0.16242474  0.06949913  0.00000000  0.09417669  
10_0_0     0.13543448  0.13543448  0.13543448  0.12490499  0.15694831  0.15151163  0.15151163  0.14075527  0.14075527  0.10428000  0.12490499  0.11969524  0.07927279  0.09417669  0.00000000  

