fastme_mat.p : 0.9817216396331787
fastme.f81 : 17.662906646728516
ba.exp : 74.55401802062988
pipeline_dl4040147 : 93.93125534057617
