fastme_mat.p : 0.5065119086437225
fastme.f81 : 3.1780518751044275
ba.exp : 20.086397684998513
