20
9_0_0      0.00000000  0.11665996  0.10828248  0.10828248  0.10828248  0.10828248  0.11665996  0.10828248  0.24517078  0.24517078  0.28640581  0.29708457  0.30791999  0.30791999  0.36461789  0.36461789  0.38857455  0.41333433  0.38857455  0.40085070  
8_0_0      0.11665996  0.00000000  0.00722951  0.00722951  0.00722951  0.01453048  0.02935256  0.02190434  0.27587924  0.27587924  0.31891673  0.33007967  0.33007967  0.33007967  0.35292478  0.37649910  0.41333433  0.43895298  0.43895298  0.42603259  
10_0_0     0.10828248  0.00722951  0.00000000  0.00000000  0.00000000  0.00722951  0.02190434  0.01453048  0.26550058  0.26550058  0.30791999  0.31891673  0.31891673  0.31891673  0.34141391  0.36461789  0.40085070  0.42603259  0.42603259  0.41333433  
5_0_0      0.10828248  0.00722951  0.00000000  0.00000000  0.00000000  0.00722951  0.02190434  0.01453048  0.26550058  0.26550058  0.30791999  0.31891673  0.31891673  0.31891673  0.34141391  0.36461789  0.40085070  0.42603259  0.42603259  0.41333433  
7_0_0      0.10828248  0.00722951  0.00000000  0.00000000  0.00000000  0.00722951  0.02190434  0.01453048  0.26550058  0.26550058  0.30791999  0.31891673  0.31891673  0.31891673  0.34141391  0.36461789  0.40085070  0.42603259  0.42603259  0.41333433  
1_0_0      0.10828248  0.01453048  0.00722951  0.00722951  0.00722951  0.00000000  0.02935256  0.02190434  0.26550058  0.26550058  0.30791999  0.31891673  0.31891673  0.31891673  0.34141391  0.36461789  0.40085070  0.42603259  0.42603259  0.41333433  
12_0_0     0.11665996  0.02935256  0.02190434  0.02190434  0.02190434  0.02935256  0.00000000  0.02190434  0.27587924  0.27587924  0.31891673  0.33007967  0.33007967  0.33007967  0.35292478  0.37649910  0.38857455  0.41333433  0.41333433  0.40085070  
4_0_0      0.10828248  0.02190434  0.01453048  0.01453048  0.01453048  0.02190434  0.02190434  0.00000000  0.28640581  0.28640581  0.33007967  0.34141391  0.34141391  0.34141391  0.36461789  0.38857455  0.42603259  0.42603259  0.45210340  0.43895298  
6_0_0      0.24517078  0.27587924  0.26550058  0.26550058  0.26550058  0.26550058  0.27587924  0.28640581  0.00000000  0.00000000  0.02935256  0.05215874  0.05992001  0.05992001  0.23521194  0.19666735  0.22538559  0.24517078  0.24517078  0.23521194  
3_0_0      0.24517078  0.27587924  0.26550058  0.26550058  0.26550058  0.26550058  0.27587924  0.28640581  0.00000000  0.00000000  0.02935256  0.05215874  0.05992001  0.05992001  0.23521194  0.19666735  0.22538559  0.24517078  0.24517078  0.23521194  
13_0_0     0.28640581  0.31891673  0.30791999  0.30791999  0.30791999  0.30791999  0.31891673  0.33007967  0.02935256  0.02935256  0.00000000  0.03687665  0.04447817  0.04447817  0.21568824  0.17812400  0.20611657  0.22538559  0.22538559  0.21568824  
11_0_0     0.29708457  0.33007967  0.31891673  0.31891673  0.31891673  0.31891673  0.33007967  0.34141391  0.05215874  0.05215874  0.03687665  0.00000000  0.00722951  0.00722951  0.22538559  0.20611657  0.21568824  0.23521194  0.23521194  0.22538559  
2_0_0      0.30791999  0.33007967  0.31891673  0.31891673  0.31891673  0.31891673  0.33007967  0.34141391  0.05992001  0.05992001  0.04447817  0.00722951  0.00000000  0.00000000  0.23521194  0.21568824  0.22538559  0.24517078  0.24517078  0.23521194  
14_0_0     0.30791999  0.33007967  0.31891673  0.31891673  0.31891673  0.31891673  0.33007967  0.34141391  0.05992001  0.05992001  0.04447817  0.00722951  0.00000000  0.00000000  0.23521194  0.21568824  0.22538559  0.24517078  0.24517078  0.23521194  
20_0_0     0.36461789  0.35292478  0.34141391  0.34141391  0.34141391  0.34141391  0.35292478  0.36461789  0.23521194  0.23521194  0.21568824  0.22538559  0.23521194  0.23521194  0.00000000  0.05992001  0.09180730  0.10828248  0.10828248  0.09999896  
16_0_0     0.36461789  0.37649910  0.36461789  0.36461789  0.36461789  0.36461789  0.37649910  0.38857455  0.19666735  0.19666735  0.17812400  0.20611657  0.21568824  0.21568824  0.05992001  0.00000000  0.07569159  0.09180730  0.09180730  0.08370549  
15_0_0     0.38857455  0.41333433  0.40085070  0.40085070  0.40085070  0.40085070  0.38857455  0.42603259  0.22538559  0.22538559  0.20611657  0.21568824  0.22538559  0.22538559  0.09180730  0.07569159  0.00000000  0.01453048  0.01453048  0.00722951  
17_0_0     0.41333433  0.43895298  0.42603259  0.42603259  0.42603259  0.42603259  0.41333433  0.42603259  0.24517078  0.24517078  0.22538559  0.23521194  0.24517078  0.24517078  0.10828248  0.09180730  0.01453048  0.00000000  0.01453048  0.00722951  
19_0_0     0.38857455  0.43895298  0.42603259  0.42603259  0.42603259  0.42603259  0.41333433  0.45210340  0.24517078  0.24517078  0.22538559  0.23521194  0.24517078  0.24517078  0.10828248  0.09180730  0.01453048  0.01453048  0.00000000  0.00722951  
18_0_0     0.40085070  0.42603259  0.41333433  0.41333433  0.41333433  0.41333433  0.40085070  0.43895298  0.23521194  0.23521194  0.21568824  0.22538559  0.23521194  0.23521194  0.09999896  0.08370549  0.00722951  0.00722951  0.00722951  0.00000000  

