129
42_1_0     0.00000000  0.64633523  0.58282099  0.33469753  0.33469753  0.33469753  0.23915430  0.23915430  0.26522860  0.24558805  0.23915430  0.23277548  0.24558805  0.33469753  0.27861517  0.37970755  0.43589444  0.28539950  0.37970755  0.37201502  0.37201502  0.40327214  0.37970755  0.37970755  0.42760435  0.38748011  0.46133145  0.36440090  0.36440090  0.38748011  0.38748011  0.36440090  0.39533440  0.37201502  0.39533440  0.37970755  0.37970755  0.37201502  0.36440090  0.37201502  0.37970755  0.37970755  0.34940159  0.34940159  0.41129514  0.37970755  0.32745263  0.37201502  0.37970755  0.37201502  0.42760435  0.41129514  0.40327214  0.38748011  0.34940159  0.35686360  0.37970755  0.39533440  0.35686360  0.34940159  0.34940159  0.37970755  0.37970755  0.37970755  0.38748011  0.32027731  0.33469753  0.32745263  0.34201338  0.33469753  0.36440090  0.32745263  0.34940159  0.31317026  0.32745263  0.34201338  0.37970755  0.31317026  0.39533440  0.37201502  0.45275585  0.48766522  0.40327214  0.37201502  0.34940159  0.34201338  0.34940159  0.36440090  0.45275585  0.44427757  0.46133145  0.47000664  0.48766522  0.47878375  0.50575135  0.47878375  0.47878375  0.49665355  0.45275585  0.43589444  0.45275585  0.45275585  0.47000664  0.53372904  0.54329273  0.48766522  0.47878375  0.43589444  0.44427757  0.44427757  0.41940524  0.41940524  0.45275585  0.39533440  0.38748011  0.41129514  0.40327214  0.40327214  0.47878375  0.46133145  0.36440090  0.39533440  0.31317026  0.38748011  0.37970755  0.38748011  0.31317026  0.29915584  0.36440090  
21_6_0     0.64633523  0.00000000  0.33469753  0.58282099  0.58282099  0.58282099  0.61390331  0.59303874  0.60339818  0.62455827  0.61390331  0.62455827  0.63536740  0.52428624  0.60339818  0.60339818  0.59303874  0.65746650  0.59303874  0.61390331  0.61390331  0.52428624  0.53372904  0.68023932  0.64633523  0.61390331  0.62455827  0.62455827  0.65746650  0.65746650  0.69189146  0.63536740  0.70372824  0.65746650  0.63536740  0.63536740  0.66876613  0.69189146  0.64633523  0.69189146  0.69189146  0.66876613  0.69189146  0.62455827  0.70372824  0.69189146  0.74040729  0.66876613  0.59303874  0.68023932  0.69189146  0.70372824  0.70372824  0.72797976  0.64633523  0.64633523  0.61390331  0.62455827  0.62455827  0.68023932  0.68023932  0.66876613  0.66876613  0.68023932  0.69189146  0.68023932  0.63536740  0.62455827  0.64633523  0.65746650  0.66876613  0.69189146  0.70372824  0.71575559  0.69189146  0.68023932  0.65746650  0.65746650  0.72797976  0.75304506  0.64633523  0.64633523  0.72797976  0.69189146  0.76590032  0.54329273  0.52428624  0.52428624  0.62455827  0.65746650  0.59303874  0.55298045  0.52428624  0.56279545  0.54329273  0.56279545  0.56279545  0.57274112  0.61390331  0.57274112  0.57274112  0.52428624  0.52428624  0.68023932  0.69189146  0.65746650  0.69189146  0.64633523  0.65746650  0.66876613  0.60339818  0.59303874  0.54329273  0.56279545  0.58282099  0.57274112  0.60339818  0.60339818  0.62455827  0.68023932  0.58282099  0.61390331  0.58282099  0.59303874  0.60339818  0.62455827  0.58282099  0.61390331  0.62455827  
21_2_0     0.58282099  0.33469753  0.00000000  0.59303874  0.59303874  0.59303874  0.58282099  0.60339818  0.64633523  0.63536740  0.65746650  0.64633523  0.64633523  0.59303874  0.68023932  0.70372824  0.66876613  0.72797976  0.62455827  0.60339818  0.60339818  0.63536740  0.60339818  0.70372824  0.66876613  0.69189146  0.77898067  0.58282099  0.59303874  0.62455827  0.61390331  0.59303874  0.62455827  0.62455827  0.66876613  0.66876613  0.61390331  0.61390331  0.61390331  0.70372824  0.65746650  0.61390331  0.55298045  0.58282099  0.62455827  0.58282099  0.61390331  0.56279545  0.56279545  0.59303874  0.60339818  0.70372824  0.68023932  0.76590032  0.64633523  0.63536740  0.66876613  0.64633523  0.65746650  0.63536740  0.61390331  0.59303874  0.66876613  0.68023932  0.64633523  0.56279545  0.60339818  0.59303874  0.61390331  0.61390331  0.61390331  0.63536740  0.63536740  0.61390331  0.60339818  0.62455827  0.56279545  0.62455827  0.64633523  0.66876613  0.60339818  0.62455827  0.63536740  0.62455827  0.61390331  0.57274112  0.56279545  0.60339818  0.68023932  0.74040729  0.57274112  0.56279545  0.54329273  0.55298045  0.57274112  0.50575135  0.50575135  0.51496131  0.57274112  0.55298045  0.54329273  0.52428624  0.54329273  0.77898067  0.79229414  0.75304506  0.74040729  0.62455827  0.63536740  0.60339818  0.61390331  0.62455827  0.60339818  0.57274112  0.65746650  0.65746650  0.68023932  0.64633523  0.74040729  0.69189146  0.58282099  0.59303874  0.53372904  0.65746650  0.66876613  0.61390331  0.54329273  0.54329273  0.54329273  
1_2_0      0.33469753  0.58282099  0.59303874  0.00000000  0.00936073  0.00936073  0.16019816  0.16019816  0.20779134  0.18958673  0.22645068  0.23277548  0.23277548  0.30613019  0.19560578  0.24558805  0.27861517  0.18958673  0.40327214  0.41129514  0.41129514  0.40327214  0.37201502  0.37970755  0.41129514  0.44427757  0.41940524  0.42760435  0.41129514  0.44427757  0.41129514  0.42760435  0.42760435  0.44427757  0.45275585  0.40327214  0.44427757  0.42760435  0.43589444  0.39533440  0.42760435  0.42760435  0.45275585  0.44427757  0.43589444  0.42760435  0.45275585  0.41940524  0.45275585  0.38748011  0.39533440  0.44427757  0.41129514  0.44427757  0.35686360  0.35686360  0.38748011  0.39533440  0.37201502  0.34201338  0.38748011  0.37201502  0.36440090  0.41940524  0.48766522  0.38748011  0.39533440  0.40327214  0.41129514  0.38748011  0.40327214  0.39533440  0.40327214  0.40327214  0.38748011  0.37201502  0.41940524  0.38748011  0.37970755  0.34201338  0.47000664  0.47878375  0.40327214  0.35686360  0.37970755  0.36440090  0.35686360  0.37201502  0.45275585  0.44427757  0.42760435  0.47000664  0.47878375  0.46133145  0.47000664  0.41129514  0.41129514  0.41940524  0.43589444  0.41940524  0.42760435  0.43589444  0.42760435  0.51496131  0.53372904  0.52428624  0.51496131  0.39533440  0.37970755  0.38748011  0.34940159  0.37201502  0.41129514  0.40327214  0.42760435  0.43589444  0.37201502  0.38748011  0.39533440  0.40327214  0.34940159  0.34940159  0.33469753  0.37970755  0.37970755  0.42760435  0.34201338  0.33469753  0.33469753  
20_4_0     0.33469753  0.58282099  0.59303874  0.00936073  0.00000000  0.00000000  0.16019816  0.16019816  0.20779134  0.18958673  0.21395948  0.22017897  0.22017897  0.29224601  0.19560578  0.24558805  0.26522860  0.18958673  0.40327214  0.39533440  0.39533440  0.38748011  0.35686360  0.36440090  0.41129514  0.44427757  0.40327214  0.43589444  0.42760435  0.46133145  0.42760435  0.43589444  0.43589444  0.43589444  0.46133145  0.41129514  0.45275585  0.43589444  0.44427757  0.37970755  0.41129514  0.42760435  0.45275585  0.42760435  0.41940524  0.41129514  0.45275585  0.41940524  0.43589444  0.37201502  0.37970755  0.42760435  0.41129514  0.42760435  0.34940159  0.35686360  0.38748011  0.39533440  0.35686360  0.34201338  0.37201502  0.37201502  0.36440090  0.41940524  0.48766522  0.38748011  0.40327214  0.41129514  0.41129514  0.38748011  0.40327214  0.39533440  0.38748011  0.40327214  0.37201502  0.35686360  0.41129514  0.38748011  0.36440090  0.34201338  0.45275585  0.46133145  0.40327214  0.35686360  0.37970755  0.37201502  0.36440090  0.37970755  0.45275585  0.44427757  0.41129514  0.45275585  0.46133145  0.44427757  0.45275585  0.41129514  0.41129514  0.41940524  0.41940524  0.41940524  0.42760435  0.41940524  0.41129514  0.51496131  0.54329273  0.53372904  0.52428624  0.38748011  0.37201502  0.37970755  0.35686360  0.37970755  0.41940524  0.39533440  0.43589444  0.42760435  0.37201502  0.39533440  0.39533440  0.41129514  0.34940159  0.34940159  0.32027731  0.37201502  0.37201502  0.42760435  0.34201338  0.32027731  0.33469753  
20_2_0     0.33469753  0.58282099  0.59303874  0.00936073  0.00000000  0.00000000  0.16019816  0.16019816  0.20779134  0.18958673  0.21395948  0.22017897  0.22017897  0.29224601  0.19560578  0.24558805  0.26522860  0.18958673  0.40327214  0.39533440  0.39533440  0.38748011  0.35686360  0.36440090  0.41129514  0.44427757  0.40327214  0.43589444  0.42760435  0.46133145  0.42760435  0.43589444  0.43589444  0.43589444  0.46133145  0.41129514  0.45275585  0.43589444  0.44427757  0.37970755  0.41129514  0.42760435  0.45275585  0.42760435  0.41940524  0.41129514  0.45275585  0.41940524  0.43589444  0.37201502  0.37970755  0.42760435  0.41129514  0.42760435  0.34940159  0.35686360  0.38748011  0.39533440  0.35686360  0.34201338  0.37201502  0.37201502  0.36440090  0.41940524  0.48766522  0.38748011  0.40327214  0.41129514  0.41129514  0.38748011  0.40327214  0.39533440  0.38748011  0.40327214  0.37201502  0.35686360  0.41129514  0.38748011  0.36440090  0.34201338  0.45275585  0.46133145  0.40327214  0.35686360  0.37970755  0.37201502  0.36440090  0.37970755  0.45275585  0.44427757  0.41129514  0.45275585  0.46133145  0.44427757  0.45275585  0.41129514  0.41129514  0.41940524  0.41940524  0.41940524  0.42760435  0.41940524  0.41129514  0.51496131  0.54329273  0.53372904  0.52428624  0.38748011  0.37201502  0.37970755  0.35686360  0.37970755  0.41940524  0.39533440  0.43589444  0.42760435  0.37201502  0.39533440  0.39533440  0.41129514  0.34940159  0.34940159  0.32027731  0.37201502  0.37201502  0.42760435  0.34201338  0.32027731  0.33469753  
12_2_0     0.23915430  0.61390331  0.58282099  0.16019816  0.16019816  0.16019816  0.00000000  0.01884024  0.13749235  0.11545637  0.16598411  0.17181522  0.16019816  0.22017897  0.13749235  0.23277548  0.27189190  0.14310443  0.34201338  0.34201338  0.34201338  0.37201502  0.35686360  0.34201338  0.37201502  0.41129514  0.42760435  0.39533440  0.39533440  0.39533440  0.39533440  0.38748011  0.39533440  0.39533440  0.37970755  0.41129514  0.40327214  0.40327214  0.40327214  0.41129514  0.45275585  0.38748011  0.34940159  0.34201338  0.39533440  0.38748011  0.38748011  0.42760435  0.42760435  0.34201338  0.36440090  0.41940524  0.40327214  0.42760435  0.34940159  0.30613019  0.37201502  0.36440090  0.34940159  0.33469753  0.36440090  0.34940159  0.34201338  0.37201502  0.39533440  0.34201338  0.34940159  0.34201338  0.37201502  0.33469753  0.36440090  0.34201338  0.34940159  0.33469753  0.37201502  0.37970755  0.41129514  0.32745263  0.38748011  0.38748011  0.49665355  0.49665355  0.41940524  0.37201502  0.33469753  0.35686360  0.35686360  0.34940159  0.44427757  0.38748011  0.42760435  0.45275585  0.46133145  0.47878375  0.47000664  0.40327214  0.40327214  0.41940524  0.45275585  0.43589444  0.44427757  0.40327214  0.41129514  0.51496131  0.52428624  0.51496131  0.52428624  0.38748011  0.37970755  0.40327214  0.41129514  0.41129514  0.40327214  0.41129514  0.41129514  0.41940524  0.41129514  0.41129514  0.43589444  0.43589444  0.37201502  0.37201502  0.32745263  0.32745263  0.32745263  0.42760435  0.27861517  0.27189190  0.36440090  
47_2_0     0.23915430  0.59303874  0.60339818  0.16019816  0.16019816  0.16019816  0.01884024  0.00000000  0.12639311  0.10467743  0.15445668  0.14875900  0.14875900  0.21395948  0.13749235  0.21395948  0.25207769  0.14310443  0.32745263  0.33469753  0.33469753  0.35686360  0.34201338  0.35686360  0.37201502  0.39533440  0.41129514  0.41940524  0.41940524  0.40327214  0.41940524  0.41129514  0.41940524  0.41940524  0.40327214  0.41940524  0.42760435  0.41940524  0.42760435  0.43589444  0.47878375  0.41129514  0.37201502  0.36440090  0.41940524  0.40327214  0.41129514  0.43589444  0.43589444  0.36440090  0.38748011  0.43589444  0.42760435  0.45275585  0.35686360  0.29915584  0.37970755  0.37201502  0.37201502  0.34201338  0.37201502  0.37201502  0.36440090  0.39533440  0.40327214  0.36440090  0.37201502  0.36440090  0.39533440  0.35686360  0.38748011  0.36440090  0.37201502  0.35686360  0.39533440  0.40327214  0.43589444  0.34940159  0.41129514  0.41129514  0.50575135  0.48766522  0.42760435  0.36440090  0.35686360  0.34201338  0.32745263  0.33469753  0.46133145  0.38748011  0.44427757  0.47000664  0.47878375  0.47878375  0.48766522  0.41940524  0.41940524  0.43589444  0.41940524  0.40327214  0.41129514  0.41940524  0.42760435  0.51496131  0.52428624  0.51496131  0.52428624  0.38748011  0.39533440  0.40327214  0.41129514  0.41129514  0.38748011  0.39533440  0.39533440  0.40327214  0.41129514  0.39533440  0.43589444  0.43589444  0.37201502  0.37201502  0.32745263  0.33469753  0.33469753  0.41129514  0.26522860  0.25862421  0.37970755  
15_3_0     0.26522860  0.60339818  0.64633523  0.20779134  0.20779134  0.20779134  0.13749235  0.12639311  0.00000000  0.05800904  0.14875900  0.15445668  0.14310443  0.21395948  0.11004746  0.18958673  0.20167371  0.11545637  0.37970755  0.37201502  0.37201502  0.37201502  0.34201338  0.31317026  0.40327214  0.39533440  0.39533440  0.41940524  0.39533440  0.41129514  0.41129514  0.40327214  0.39533440  0.39533440  0.38748011  0.39533440  0.40327214  0.41129514  0.41940524  0.40327214  0.43589444  0.37201502  0.34940159  0.37970755  0.40327214  0.43589444  0.37201502  0.41129514  0.42760435  0.40327214  0.44427757  0.39533440  0.36440090  0.38748011  0.41129514  0.36440090  0.36440090  0.38748011  0.39533440  0.33469753  0.37201502  0.39533440  0.38748011  0.39533440  0.37970755  0.37970755  0.40327214  0.41129514  0.36440090  0.35686360  0.35686360  0.36440090  0.37201502  0.34201338  0.37970755  0.37201502  0.37201502  0.36440090  0.37201502  0.39533440  0.41940524  0.40327214  0.41129514  0.32745263  0.34940159  0.32745263  0.34940159  0.34940159  0.40327214  0.42760435  0.42760435  0.45275585  0.47000664  0.46133145  0.47000664  0.40327214  0.41940524  0.41940524  0.41129514  0.39533440  0.40327214  0.43589444  0.42760435  0.52428624  0.51496131  0.48766522  0.47878375  0.37201502  0.41129514  0.38748011  0.37970755  0.36440090  0.39533440  0.37970755  0.40327214  0.41129514  0.42760435  0.43589444  0.38748011  0.40327214  0.32745263  0.32745263  0.31317026  0.29915584  0.29915584  0.39533440  0.26522860  0.25862421  0.35686360  
15_2_0     0.24558805  0.62455827  0.63536740  0.18958673  0.18958673  0.18958673  0.11545637  0.10467743  0.05800904  0.00000000  0.13192212  0.13749235  0.13749235  0.23915430  0.11545637  0.17769221  0.22645068  0.11545637  0.32745263  0.31317026  0.31317026  0.33469753  0.30613019  0.29915584  0.39533440  0.39533440  0.36440090  0.39533440  0.40327214  0.41129514  0.41129514  0.40327214  0.40327214  0.37201502  0.38748011  0.37970755  0.37970755  0.40327214  0.40327214  0.37201502  0.41129514  0.34201338  0.34201338  0.37201502  0.38748011  0.42760435  0.35686360  0.39533440  0.41129514  0.37201502  0.41129514  0.41940524  0.38748011  0.41129514  0.38748011  0.34940159  0.37201502  0.39533440  0.37201502  0.34201338  0.36440090  0.37970755  0.38748011  0.37970755  0.37970755  0.35686360  0.36440090  0.37201502  0.34201338  0.34940159  0.34940159  0.34201338  0.33469753  0.32027731  0.35686360  0.34940159  0.34201338  0.34201338  0.37201502  0.36440090  0.40327214  0.40327214  0.40327214  0.31317026  0.33469753  0.31317026  0.32027731  0.32027731  0.38748011  0.39533440  0.39533440  0.45275585  0.47000664  0.44427757  0.47000664  0.39533440  0.41129514  0.41129514  0.38748011  0.37201502  0.39533440  0.38748011  0.37970755  0.51496131  0.50575135  0.47000664  0.46133145  0.37970755  0.39533440  0.38748011  0.36440090  0.34940159  0.36440090  0.35686360  0.37970755  0.37201502  0.39533440  0.37201502  0.39533440  0.40327214  0.34201338  0.34201338  0.32027731  0.29915584  0.29915584  0.37201502  0.25862421  0.25207769  0.32027731  
33_2_0     0.23915430  0.61390331  0.65746650  0.22645068  0.21395948  0.21395948  0.16598411  0.15445668  0.14875900  0.13192212  0.00000000  0.00466570  0.01408545  0.23277548  0.14875900  0.22645068  0.27189190  0.16598411  0.37970755  0.37970755  0.37970755  0.35686360  0.34201338  0.27189190  0.37201502  0.41129514  0.44427757  0.38748011  0.38748011  0.41129514  0.41129514  0.38748011  0.36440090  0.37201502  0.43589444  0.39533440  0.41940524  0.39533440  0.41940524  0.41129514  0.45275585  0.44427757  0.41129514  0.41129514  0.41940524  0.38748011  0.41129514  0.43589444  0.44427757  0.44427757  0.48766522  0.46133145  0.43589444  0.41129514  0.42760435  0.37970755  0.42760435  0.43589444  0.39533440  0.39533440  0.38748011  0.44427757  0.43589444  0.44427757  0.42760435  0.37970755  0.40327214  0.39533440  0.39533440  0.38748011  0.41940524  0.41129514  0.41940524  0.37201502  0.34940159  0.36440090  0.36440090  0.39533440  0.37201502  0.39533440  0.47878375  0.47000664  0.43589444  0.34940159  0.37201502  0.38748011  0.41129514  0.41129514  0.46133145  0.45275585  0.45275585  0.47878375  0.47878375  0.46133145  0.48766522  0.43589444  0.43589444  0.45275585  0.42760435  0.42760435  0.43589444  0.39533440  0.40327214  0.56279545  0.55298045  0.52428624  0.53372904  0.42760435  0.40327214  0.41129514  0.41940524  0.41940524  0.50575135  0.47000664  0.41940524  0.42760435  0.43589444  0.45275585  0.47000664  0.47878375  0.42760435  0.42760435  0.36440090  0.34201338  0.34201338  0.39533440  0.35686360  0.32027731  0.38748011  
31_2_0     0.23277548  0.62455827  0.64633523  0.23277548  0.22017897  0.22017897  0.17181522  0.14875900  0.15445668  0.13749235  0.00466570  0.00000000  0.01884024  0.23277548  0.15445668  0.22017897  0.26522860  0.17181522  0.37201502  0.37201502  0.37201502  0.34940159  0.33469753  0.27861517  0.36440090  0.40327214  0.43589444  0.38748011  0.38748011  0.41129514  0.41129514  0.38748011  0.36440090  0.37201502  0.43589444  0.39533440  0.41940524  0.39533440  0.41940524  0.41129514  0.45275585  0.44427757  0.41129514  0.41129514  0.41940524  0.38748011  0.41129514  0.43589444  0.44427757  0.44427757  0.48766522  0.45275585  0.43589444  0.41129514  0.42760435  0.37970755  0.42760435  0.43589444  0.39533440  0.39533440  0.38748011  0.44427757  0.43589444  0.44427757  0.42760435  0.37970755  0.40327214  0.39533440  0.39533440  0.38748011  0.41940524  0.41129514  0.41940524  0.37201502  0.34940159  0.36440090  0.36440090  0.39533440  0.37201502  0.39533440  0.47878375  0.47000664  0.43589444  0.34940159  0.37201502  0.39533440  0.40327214  0.41940524  0.47000664  0.44427757  0.46133145  0.48766522  0.48766522  0.47000664  0.49665355  0.44427757  0.44427757  0.46133145  0.41940524  0.41940524  0.42760435  0.40327214  0.41129514  0.55298045  0.54329273  0.51496131  0.52428624  0.41940524  0.39533440  0.40327214  0.41129514  0.41129514  0.49665355  0.46133145  0.41129514  0.41940524  0.44427757  0.44427757  0.47878375  0.48766522  0.43589444  0.43589444  0.37201502  0.34940159  0.34940159  0.38748011  0.34940159  0.31317026  0.39533440  
3_2_0      0.24558805  0.63536740  0.64633523  0.23277548  0.22017897  0.22017897  0.16019816  0.14875900  0.14310443  0.13749235  0.01408545  0.01884024  0.00000000  0.22645068  0.13192212  0.23277548  0.26522860  0.16019816  0.35686360  0.38748011  0.38748011  0.34940159  0.33469753  0.27861517  0.37970755  0.41129514  0.44427757  0.39533440  0.37970755  0.40327214  0.40327214  0.39533440  0.37201502  0.37970755  0.46133145  0.37201502  0.41129514  0.38748011  0.41129514  0.41940524  0.44427757  0.43589444  0.40327214  0.40327214  0.39533440  0.36440090  0.42760435  0.41940524  0.42760435  0.44427757  0.48766522  0.45275585  0.42760435  0.38748011  0.41940524  0.37201502  0.41940524  0.42760435  0.38748011  0.40327214  0.37970755  0.43589444  0.44427757  0.43589444  0.41940524  0.37201502  0.39533440  0.38748011  0.40327214  0.37970755  0.41129514  0.41940524  0.41129514  0.36440090  0.35686360  0.38748011  0.37201502  0.40327214  0.37201502  0.39533440  0.47878375  0.47000664  0.43589444  0.34201338  0.36440090  0.37970755  0.40327214  0.40327214  0.43589444  0.46133145  0.46133145  0.48766522  0.48766522  0.48766522  0.51496131  0.46133145  0.46133145  0.47878375  0.40327214  0.41940524  0.42760435  0.40327214  0.41129514  0.56279545  0.55298045  0.52428624  0.53372904  0.42760435  0.40327214  0.41129514  0.43589444  0.43589444  0.50575135  0.47000664  0.41940524  0.42760435  0.43589444  0.45275585  0.45275585  0.45275585  0.41940524  0.41940524  0.35686360  0.34940159  0.34940159  0.40327214  0.34940159  0.31317026  0.39533440  
6_2_0      0.33469753  0.52428624  0.59303874  0.30613019  0.29224601  0.29224601  0.22017897  0.21395948  0.21395948  0.23915430  0.23277548  0.23277548  0.22645068  0.00000000  0.21395948  0.30613019  0.29224601  0.22017897  0.43589444  0.44427757  0.44427757  0.35686360  0.37201502  0.46133145  0.45275585  0.43589444  0.41940524  0.44427757  0.42760435  0.42760435  0.39533440  0.36440090  0.37201502  0.39533440  0.45275585  0.42760435  0.40327214  0.41940524  0.40327214  0.41940524  0.41940524  0.45275585  0.36440090  0.37970755  0.38748011  0.37970755  0.43589444  0.53372904  0.54329273  0.50575135  0.49665355  0.42760435  0.41129514  0.46133145  0.44427757  0.44427757  0.40327214  0.38748011  0.37970755  0.41940524  0.41940524  0.46133145  0.43589444  0.43589444  0.44427757  0.39533440  0.40327214  0.41129514  0.39533440  0.40327214  0.41129514  0.40327214  0.41129514  0.41129514  0.40327214  0.40327214  0.44427757  0.42760435  0.46133145  0.49665355  0.43589444  0.43589444  0.42760435  0.42760435  0.40327214  0.45275585  0.43589444  0.46133145  0.45275585  0.51496131  0.45275585  0.46133145  0.45275585  0.44427757  0.47000664  0.44427757  0.44427757  0.44427757  0.44427757  0.42760435  0.43589444  0.47000664  0.46133145  0.50575135  0.51496131  0.51496131  0.54329273  0.42760435  0.39533440  0.41129514  0.45275585  0.43589444  0.41940524  0.40327214  0.38748011  0.39533440  0.45275585  0.44427757  0.45275585  0.47000664  0.41129514  0.41129514  0.33469753  0.39533440  0.41129514  0.38748011  0.36440090  0.37201502  0.47000664  
40_2_0     0.27861517  0.60339818  0.68023932  0.19560578  0.19560578  0.19560578  0.13749235  0.13749235  0.11004746  0.11545637  0.14875900  0.15445668  0.13192212  0.21395948  0.00000000  0.20167371  0.22017897  0.07324351  0.32027731  0.37201502  0.37201502  0.34201338  0.34201338  0.34201338  0.39533440  0.37201502  0.34201338  0.40327214  0.40327214  0.41129514  0.39533440  0.43589444  0.39533440  0.41129514  0.40327214  0.40327214  0.37970755  0.40327214  0.40327214  0.33469753  0.37201502  0.30613019  0.34201338  0.35686360  0.35686360  0.40327214  0.39533440  0.40327214  0.45275585  0.41940524  0.45275585  0.46133145  0.38748011  0.41129514  0.40327214  0.35686360  0.35686360  0.36440090  0.38748011  0.38748011  0.41129514  0.37201502  0.39533440  0.38748011  0.41940524  0.37201502  0.38748011  0.37970755  0.37970755  0.37201502  0.40327214  0.39533440  0.38748011  0.38748011  0.39533440  0.41940524  0.40327214  0.39533440  0.36440090  0.37201502  0.46133145  0.46133145  0.39533440  0.34940159  0.35686360  0.36440090  0.37201502  0.36440090  0.39533440  0.46133145  0.45275585  0.46133145  0.47878375  0.48766522  0.51496131  0.43589444  0.43589444  0.45275585  0.44427757  0.44427757  0.45275585  0.43589444  0.44427757  0.52428624  0.51496131  0.47000664  0.49665355  0.42760435  0.38748011  0.41129514  0.44427757  0.42760435  0.43589444  0.41940524  0.40327214  0.42760435  0.43589444  0.44427757  0.41940524  0.44427757  0.37970755  0.36440090  0.39533440  0.34940159  0.34940159  0.41129514  0.32745263  0.32027731  0.37970755  
17_2_0     0.37970755  0.60339818  0.70372824  0.24558805  0.24558805  0.24558805  0.23277548  0.21395948  0.18958673  0.17769221  0.22645068  0.22017897  0.23277548  0.30613019  0.20167371  0.00000000  0.06813076  0.15445668  0.34940159  0.35686360  0.35686360  0.37970755  0.34940159  0.38748011  0.37970755  0.37201502  0.39533440  0.41129514  0.41940524  0.45275585  0.42760435  0.44427757  0.44427757  0.41129514  0.41129514  0.43589444  0.47878375  0.45275585  0.47878375  0.44427757  0.45275585  0.41940524  0.42760435  0.47000664  0.43589444  0.41940524  0.46133145  0.40327214  0.43589444  0.42760435  0.44427757  0.43589444  0.41129514  0.46133145  0.44427757  0.41940524  0.44427757  0.47000664  0.44427757  0.41940524  0.44427757  0.44427757  0.45275585  0.48766522  0.44427757  0.38748011  0.41129514  0.41940524  0.38748011  0.41129514  0.42760435  0.43589444  0.42760435  0.41129514  0.39533440  0.41940524  0.39533440  0.41129514  0.42760435  0.46133145  0.47878375  0.44427757  0.45275585  0.37970755  0.42760435  0.37970755  0.37970755  0.38748011  0.40327214  0.39533440  0.47878375  0.54329273  0.53372904  0.47878375  0.51496131  0.47000664  0.47000664  0.46133145  0.49665355  0.44427757  0.45275585  0.48766522  0.47878375  0.56279545  0.57274112  0.52428624  0.53372904  0.41940524  0.47000664  0.46133145  0.41129514  0.44427757  0.39533440  0.47000664  0.41129514  0.42760435  0.46133145  0.49665355  0.45275585  0.47878375  0.41129514  0.41129514  0.33469753  0.44427757  0.44427757  0.37201502  0.27861517  0.29915584  0.35686360  
36_2_0     0.43589444  0.59303874  0.66876613  0.27861517  0.26522860  0.26522860  0.27189190  0.25207769  0.20167371  0.22645068  0.27189190  0.26522860  0.26522860  0.29224601  0.22017897  0.06813076  0.00000000  0.17181522  0.37201502  0.36440090  0.36440090  0.36440090  0.34940159  0.39533440  0.40327214  0.38748011  0.37201502  0.45275585  0.43589444  0.43589444  0.44427757  0.43589444  0.46133145  0.42760435  0.43589444  0.46133145  0.44427757  0.44427757  0.47000664  0.41129514  0.43589444  0.42760435  0.42760435  0.45275585  0.42760435  0.41129514  0.49665355  0.43589444  0.41940524  0.44427757  0.42760435  0.41940524  0.38748011  0.41940524  0.42760435  0.45275585  0.42760435  0.47000664  0.41940524  0.42760435  0.45275585  0.43589444  0.46133145  0.47878375  0.43589444  0.41940524  0.43589444  0.43589444  0.41940524  0.42760435  0.41129514  0.43589444  0.41129514  0.44427757  0.41940524  0.41940524  0.40327214  0.41940524  0.43589444  0.47000664  0.45275585  0.41940524  0.44427757  0.38748011  0.43589444  0.36440090  0.34940159  0.37201502  0.43589444  0.42760435  0.47000664  0.51496131  0.50575135  0.48766522  0.50575135  0.45275585  0.45275585  0.46133145  0.48766522  0.47000664  0.46133145  0.50575135  0.50575135  0.59303874  0.60339818  0.53372904  0.52428624  0.38748011  0.43589444  0.41129514  0.42760435  0.44427757  0.38748011  0.44427757  0.42760435  0.42760435  0.47000664  0.49665355  0.41940524  0.44427757  0.41940524  0.40327214  0.35686360  0.41940524  0.43589444  0.40327214  0.30613019  0.31317026  0.38748011  
22_2_0     0.28539950  0.65746650  0.72797976  0.18958673  0.18958673  0.18958673  0.14310443  0.14310443  0.11545637  0.11545637  0.16598411  0.17181522  0.16019816  0.22017897  0.07324351  0.15445668  0.17181522  0.00000000  0.31317026  0.31317026  0.31317026  0.32027731  0.30613019  0.32027731  0.36440090  0.36440090  0.33469753  0.41940524  0.40327214  0.38748011  0.37201502  0.39533440  0.41940524  0.42760435  0.39533440  0.37201502  0.43589444  0.42760435  0.42760435  0.36440090  0.40327214  0.36440090  0.34940159  0.36440090  0.39533440  0.42760435  0.41129514  0.40327214  0.46133145  0.39533440  0.43589444  0.42760435  0.39533440  0.46133145  0.39533440  0.34940159  0.40327214  0.37970755  0.37970755  0.37201502  0.41940524  0.40327214  0.39533440  0.41129514  0.41129514  0.34940159  0.34940159  0.34201338  0.34201338  0.33469753  0.34940159  0.35686360  0.33469753  0.33469753  0.35686360  0.33469753  0.38748011  0.34940159  0.36440090  0.35686360  0.42760435  0.42760435  0.37201502  0.34201338  0.34940159  0.38748011  0.37970755  0.39533440  0.39533440  0.42760435  0.46133145  0.48766522  0.49665355  0.48766522  0.49665355  0.44427757  0.44427757  0.46133145  0.47000664  0.48766522  0.49665355  0.45275585  0.46133145  0.53372904  0.54329273  0.48766522  0.49665355  0.41129514  0.39533440  0.41940524  0.46133145  0.46133145  0.46133145  0.44427757  0.46133145  0.47000664  0.45275585  0.46133145  0.43589444  0.44427757  0.35686360  0.34201338  0.34201338  0.34940159  0.34940159  0.41129514  0.33469753  0.32745263  0.37201502  
19_0_0     0.37970755  0.59303874  0.62455827  0.40327214  0.40327214  0.40327214  0.34201338  0.32745263  0.37970755  0.32745263  0.37970755  0.37201502  0.35686360  0.43589444  0.32027731  0.34940159  0.37201502  0.31317026  0.00000000  0.06305275  0.06305275  0.07839150  0.07324351  0.34201338  0.30613019  0.39533440  0.40327214  0.41129514  0.40327214  0.41940524  0.41129514  0.42760435  0.46133145  0.44427757  0.41129514  0.41940524  0.42760435  0.43589444  0.41129514  0.41129514  0.42760435  0.38748011  0.43589444  0.42760435  0.37970755  0.38748011  0.45275585  0.41940524  0.41940524  0.37201502  0.40327214  0.41129514  0.45275585  0.45275585  0.37970755  0.31317026  0.41129514  0.37201502  0.38748011  0.38748011  0.39533440  0.37201502  0.38748011  0.41129514  0.37970755  0.37201502  0.35686360  0.34940159  0.38748011  0.37970755  0.41129514  0.41129514  0.38748011  0.38748011  0.39533440  0.41129514  0.38748011  0.39533440  0.40327214  0.39533440  0.43589444  0.42760435  0.40327214  0.37201502  0.40327214  0.41129514  0.39533440  0.40327214  0.41940524  0.39533440  0.48766522  0.51496131  0.51496131  0.53372904  0.51496131  0.46133145  0.45275585  0.47000664  0.43589444  0.44427757  0.43589444  0.47878375  0.49665355  0.47878375  0.48766522  0.44427757  0.45275585  0.41129514  0.44427757  0.44427757  0.38748011  0.40327214  0.41940524  0.41940524  0.41129514  0.41940524  0.40327214  0.41129514  0.40327214  0.44427757  0.39533440  0.36440090  0.39533440  0.39533440  0.40327214  0.44427757  0.34201338  0.35686360  0.35686360  
20_0_0     0.37201502  0.61390331  0.60339818  0.41129514  0.39533440  0.39533440  0.34201338  0.33469753  0.37201502  0.31317026  0.37970755  0.37201502  0.38748011  0.44427757  0.37201502  0.35686360  0.36440090  0.31317026  0.06305275  0.00000000  0.00000000  0.10467743  0.09934573  0.34940159  0.34201338  0.41940524  0.41129514  0.46133145  0.46133145  0.46133145  0.44427757  0.46133145  0.50575135  0.47000664  0.41129514  0.43589444  0.48766522  0.47000664  0.46133145  0.44427757  0.43589444  0.39533440  0.45275585  0.42760435  0.41940524  0.43589444  0.45275585  0.45275585  0.46133145  0.37201502  0.40327214  0.40327214  0.45275585  0.47000664  0.40327214  0.34940159  0.44427757  0.40327214  0.39533440  0.38748011  0.37970755  0.40327214  0.38748011  0.42760435  0.40327214  0.37970755  0.36440090  0.35686360  0.37970755  0.38748011  0.41940524  0.40327214  0.36440090  0.39533440  0.35686360  0.35686360  0.35686360  0.38748011  0.39533440  0.43589444  0.40327214  0.41129514  0.40327214  0.39533440  0.43589444  0.43589444  0.41940524  0.42760435  0.43589444  0.41129514  0.44427757  0.45275585  0.45275585  0.46133145  0.45275585  0.43589444  0.42760435  0.44427757  0.44427757  0.45275585  0.44427757  0.47000664  0.47000664  0.51496131  0.52428624  0.48766522  0.47878375  0.39533440  0.42760435  0.41940524  0.39533440  0.41129514  0.41940524  0.39533440  0.41129514  0.40327214  0.41129514  0.41940524  0.43589444  0.45275585  0.41940524  0.38748011  0.37201502  0.38748011  0.39533440  0.47000664  0.34201338  0.34201338  0.34201338  
1_0_0      0.37201502  0.61390331  0.60339818  0.41129514  0.39533440  0.39533440  0.34201338  0.33469753  0.37201502  0.31317026  0.37970755  0.37201502  0.38748011  0.44427757  0.37201502  0.35686360  0.36440090  0.31317026  0.06305275  0.00000000  0.00000000  0.10467743  0.09934573  0.34940159  0.34201338  0.41940524  0.41129514  0.46133145  0.46133145  0.46133145  0.44427757  0.46133145  0.50575135  0.47000664  0.41129514  0.43589444  0.48766522  0.47000664  0.46133145  0.44427757  0.43589444  0.39533440  0.45275585  0.42760435  0.41940524  0.43589444  0.45275585  0.45275585  0.46133145  0.37201502  0.40327214  0.40327214  0.45275585  0.47000664  0.40327214  0.34940159  0.44427757  0.40327214  0.39533440  0.38748011  0.37970755  0.40327214  0.38748011  0.42760435  0.40327214  0.37970755  0.36440090  0.35686360  0.37970755  0.38748011  0.41940524  0.40327214  0.36440090  0.39533440  0.35686360  0.35686360  0.35686360  0.38748011  0.39533440  0.43589444  0.40327214  0.41129514  0.40327214  0.39533440  0.43589444  0.43589444  0.41940524  0.42760435  0.43589444  0.41129514  0.44427757  0.45275585  0.45275585  0.46133145  0.45275585  0.43589444  0.42760435  0.44427757  0.44427757  0.45275585  0.44427757  0.47000664  0.47000664  0.51496131  0.52428624  0.48766522  0.47878375  0.39533440  0.42760435  0.41940524  0.39533440  0.41129514  0.41940524  0.39533440  0.41129514  0.40327214  0.41129514  0.41940524  0.43589444  0.45275585  0.41940524  0.38748011  0.37201502  0.38748011  0.39533440  0.47000664  0.34201338  0.34201338  0.34201338  
47_0_0     0.40327214  0.52428624  0.63536740  0.40327214  0.38748011  0.38748011  0.37201502  0.35686360  0.37201502  0.33469753  0.35686360  0.34940159  0.34940159  0.35686360  0.34201338  0.37970755  0.36440090  0.32027731  0.07839150  0.10467743  0.10467743  0.00000000  0.02844159  0.34940159  0.33469753  0.39533440  0.38748011  0.47000664  0.44427757  0.42760435  0.40327214  0.43589444  0.45275585  0.41940524  0.43589444  0.41940524  0.43589444  0.39533440  0.40327214  0.40327214  0.41940524  0.45275585  0.47878375  0.45275585  0.40327214  0.39533440  0.47878375  0.44427757  0.44427757  0.42760435  0.41940524  0.40327214  0.44427757  0.46133145  0.42760435  0.37201502  0.39533440  0.37970755  0.37970755  0.42760435  0.41940524  0.39533440  0.39533440  0.40327214  0.36440090  0.44427757  0.39533440  0.38748011  0.41129514  0.40327214  0.45275585  0.41940524  0.41129514  0.45275585  0.40327214  0.40327214  0.37201502  0.43589444  0.41940524  0.44427757  0.42760435  0.41940524  0.40327214  0.37970755  0.42760435  0.39533440  0.37970755  0.37201502  0.43589444  0.38748011  0.48766522  0.47878375  0.49665355  0.50575135  0.48766522  0.45275585  0.44427757  0.46133145  0.40327214  0.43589444  0.41940524  0.41940524  0.43589444  0.47000664  0.47878375  0.47000664  0.49665355  0.40327214  0.40327214  0.41940524  0.39533440  0.41129514  0.44427757  0.39533440  0.43589444  0.42760435  0.42760435  0.43589444  0.38748011  0.43589444  0.37201502  0.35686360  0.36440090  0.35686360  0.37201502  0.37201502  0.35686360  0.34201338  0.36440090  
12_0_0     0.37970755  0.53372904  0.60339818  0.37201502  0.35686360  0.35686360  0.35686360  0.34201338  0.34201338  0.30613019  0.34201338  0.33469753  0.33469753  0.37201502  0.34201338  0.34940159  0.34940159  0.30613019  0.07324351  0.09934573  0.09934573  0.02844159  0.00000000  0.35686360  0.33469753  0.37970755  0.37201502  0.45275585  0.41129514  0.42760435  0.40327214  0.40327214  0.47000664  0.40327214  0.41129514  0.39533440  0.42760435  0.40327214  0.40327214  0.40327214  0.41940524  0.41129514  0.44427757  0.45275585  0.40327214  0.39533440  0.47878375  0.40327214  0.40327214  0.39533440  0.41940524  0.38748011  0.42760435  0.44427757  0.37970755  0.34201338  0.39533440  0.37970755  0.36440090  0.39533440  0.38748011  0.41129514  0.39533440  0.40327214  0.36440090  0.41129514  0.37970755  0.37201502  0.39533440  0.38748011  0.42760435  0.39533440  0.38748011  0.40327214  0.37201502  0.37201502  0.35686360  0.40327214  0.40327214  0.42760435  0.39533440  0.38748011  0.38748011  0.34940159  0.39533440  0.37970755  0.36440090  0.37201502  0.41940524  0.39533440  0.48766522  0.51496131  0.51496131  0.52428624  0.52428624  0.43589444  0.42760435  0.44427757  0.37970755  0.41129514  0.41129514  0.41129514  0.42760435  0.47000664  0.47878375  0.47000664  0.47878375  0.38748011  0.40327214  0.40327214  0.36440090  0.37970755  0.42760435  0.37970755  0.41940524  0.41129514  0.41129514  0.41940524  0.38748011  0.42760435  0.37201502  0.37201502  0.34940159  0.34201338  0.34201338  0.40327214  0.34201338  0.34201338  0.34940159  
21_5_0     0.37970755  0.68023932  0.70372824  0.37970755  0.36440090  0.36440090  0.34201338  0.35686360  0.31317026  0.29915584  0.27189190  0.27861517  0.27861517  0.46133145  0.34201338  0.38748011  0.39533440  0.32027731  0.34201338  0.34940159  0.34940159  0.34940159  0.35686360  0.00000000  0.17769221  0.36440090  0.41129514  0.39533440  0.40327214  0.37970755  0.39533440  0.38748011  0.40327214  0.38748011  0.39533440  0.39533440  0.41129514  0.39533440  0.40327214  0.36440090  0.41940524  0.41940524  0.41940524  0.41129514  0.41129514  0.37970755  0.41129514  0.41940524  0.42760435  0.37201502  0.40327214  0.38748011  0.38748011  0.40327214  0.39533440  0.36440090  0.43589444  0.40327214  0.40327214  0.38748011  0.37970755  0.37201502  0.40327214  0.36440090  0.39533440  0.41129514  0.40327214  0.41129514  0.41129514  0.39533440  0.38748011  0.40327214  0.37201502  0.37970755  0.35686360  0.37970755  0.37201502  0.38748011  0.36440090  0.39533440  0.41129514  0.43589444  0.40327214  0.37201502  0.36440090  0.35686360  0.37970755  0.36440090  0.55298045  0.44427757  0.44427757  0.42760435  0.41940524  0.47000664  0.44427757  0.41940524  0.40327214  0.41940524  0.47878375  0.50575135  0.50575135  0.46133145  0.46133145  0.50575135  0.51496131  0.52428624  0.51496131  0.43589444  0.42760435  0.44427757  0.44427757  0.42760435  0.47878375  0.51496131  0.45275585  0.43589444  0.41129514  0.40327214  0.42760435  0.46133145  0.41129514  0.41129514  0.37201502  0.32745263  0.33469753  0.41129514  0.33469753  0.32745263  0.35686360  
21_0_0     0.42760435  0.64633523  0.66876613  0.41129514  0.41129514  0.41129514  0.37201502  0.37201502  0.40327214  0.39533440  0.37201502  0.36440090  0.37970755  0.45275585  0.39533440  0.37970755  0.40327214  0.36440090  0.30613019  0.34201338  0.34201338  0.33469753  0.33469753  0.17769221  0.00000000  0.32027731  0.37970755  0.43589444  0.45275585  0.44427757  0.44427757  0.44427757  0.45275585  0.45275585  0.43589444  0.47878375  0.47000664  0.47878375  0.47000664  0.38748011  0.41940524  0.47000664  0.45275585  0.45275585  0.47000664  0.44427757  0.52428624  0.44427757  0.46133145  0.49665355  0.50575135  0.43589444  0.44427757  0.48766522  0.43589444  0.39533440  0.47000664  0.41940524  0.42760435  0.42760435  0.46133145  0.41129514  0.41940524  0.41940524  0.44427757  0.35686360  0.37970755  0.37201502  0.37201502  0.37201502  0.39533440  0.37970755  0.37970755  0.38748011  0.36440090  0.38748011  0.41129514  0.38748011  0.41129514  0.43589444  0.41129514  0.42760435  0.36440090  0.39533440  0.40327214  0.37970755  0.36440090  0.38748011  0.53372904  0.40327214  0.55298045  0.59303874  0.53372904  0.54329273  0.51496131  0.44427757  0.42760435  0.44427757  0.51496131  0.48766522  0.48766522  0.49665355  0.51496131  0.51496131  0.50575135  0.50575135  0.51496131  0.41940524  0.39533440  0.41129514  0.39533440  0.42760435  0.48766522  0.53372904  0.44427757  0.45275585  0.38748011  0.41129514  0.48766522  0.50575135  0.42760435  0.40327214  0.37201502  0.38748011  0.39533440  0.40327214  0.30613019  0.32745263  0.45275585  
