20
5_0_0      0.00000000  0.07472267  0.06912717  0.24447564  0.24447564  0.30330734  0.25874995  0.21672915  0.24447564  0.20323736  0.19658280  0.60094424  0.56735400  0.51455805  0.51455805  0.51455805  0.54578052  0.54578052  0.54578052  0.52481954  
4_0_0      0.07472267  0.00000000  0.02582720  0.23047206  0.23047206  0.25874995  0.26599195  0.20995244  0.24447564  0.18998769  0.20323736  0.58957685  0.55648847  0.54578052  0.54578052  0.54578052  0.60094424  0.57838182  0.55648847  0.52481954  
3_0_0      0.06912717  0.02582720  0.00000000  0.23744065  0.23744065  0.27330568  0.26599195  0.20995244  0.23744065  0.19658280  0.20995244  0.58957685  0.55648847  0.54578052  0.54578052  0.54578052  0.57838182  0.60094424  0.57838182  0.54578052  
2_0_0      0.24447564  0.23047206  0.23744065  0.00000000  0.00000000  0.20323736  0.18345096  0.13924592  0.18998769  0.14540119  0.15786784  0.47488142  0.48460249  0.49445325  0.49445325  0.49445325  0.51455805  0.47488142  0.47488142  0.50443722  
8_0_0      0.24447564  0.23047206  0.23744065  0.00000000  0.00000000  0.20323736  0.18345096  0.13924592  0.18998769  0.14540119  0.15786784  0.47488142  0.48460249  0.49445325  0.49445325  0.49445325  0.51455805  0.47488142  0.47488142  0.50443722  
6_0_0      0.30330734  0.25874995  0.27330568  0.20323736  0.20323736  0.00000000  0.25874995  0.17697160  0.25157830  0.24447564  0.25874995  0.64824914  0.63613576  0.58957685  0.58957685  0.58957685  0.60094424  0.53522565  0.53522565  0.53522565  
9_0_0      0.25874995  0.26599195  0.26599195  0.18345096  0.18345096  0.25874995  0.00000000  0.10921653  0.19658280  0.17054860  0.17054860  0.51455805  0.50443722  0.54578052  0.54578052  0.54578052  0.54578052  0.45581502  0.47488142  0.48460249  
1_0_0      0.21672915  0.20995244  0.20995244  0.13924592  0.13924592  0.17697160  0.10921653  0.00000000  0.17697160  0.15160820  0.16418099  0.54578052  0.55648847  0.54578052  0.52481954  0.52481954  0.55648847  0.51455805  0.49445325  0.52481954  
10_0_0     0.24447564  0.24447564  0.23744065  0.18998769  0.18998769  0.25157830  0.19658280  0.17697160  0.00000000  0.06912717  0.08036089  0.51455805  0.52481954  0.47488142  0.47488142  0.47488142  0.42810796  0.47488142  0.45581502  0.50443722  
7_0_0      0.20323736  0.18998769  0.19658280  0.14540119  0.14540119  0.24447564  0.17054860  0.15160820  0.06912717  0.00000000  0.01022273  0.50443722  0.50443722  0.50443722  0.50443722  0.50443722  0.52481954  0.48460249  0.48460249  0.53522565  
11_0_0     0.19658280  0.20323736  0.20995244  0.15786784  0.15786784  0.25874995  0.17054860  0.16418099  0.08036089  0.01022273  0.00000000  0.52481954  0.52481954  0.51455805  0.51455805  0.51455805  0.53522565  0.49445325  0.49445325  0.54578052  
16_0_0     0.60094424  0.58957685  0.58957685  0.47488142  0.47488142  0.64824914  0.51455805  0.54578052  0.51455805  0.50443722  0.52481954  0.00000000  0.04176860  0.33457989  0.31877806  0.31877806  0.34260946  0.30330734  0.30330734  0.29569186  
17_0_0     0.56735400  0.55648847  0.55648847  0.48460249  0.48460249  0.63613576  0.50443722  0.55648847  0.52481954  0.50443722  0.52481954  0.04176860  0.00000000  0.29569186  0.28069258  0.28069258  0.31877806  0.25157830  0.25157830  0.27330568  
20_0_0     0.51455805  0.54578052  0.54578052  0.49445325  0.49445325  0.58957685  0.54578052  0.54578052  0.47488142  0.50443722  0.51455805  0.33457989  0.29569186  0.00000000  0.01022273  0.01022273  0.10335448  0.14540119  0.13314154  0.20323736  
12_0_0     0.51455805  0.54578052  0.54578052  0.49445325  0.49445325  0.58957685  0.54578052  0.52481954  0.47488142  0.50443722  0.51455805  0.31877806  0.28069258  0.01022273  0.00000000  0.00000000  0.09176818  0.13314154  0.12108213  0.20323736  
19_0_0     0.51455805  0.54578052  0.54578052  0.49445325  0.49445325  0.58957685  0.54578052  0.52481954  0.47488142  0.50443722  0.51455805  0.31877806  0.28069258  0.01022273  0.00000000  0.00000000  0.09176818  0.13314154  0.12108213  0.20323736  
13_0_0     0.54578052  0.60094424  0.57838182  0.51455805  0.51455805  0.60094424  0.54578052  0.55648847  0.42810796  0.52481954  0.53522565  0.34260946  0.31877806  0.10335448  0.09176818  0.09176818  0.00000000  0.16418099  0.16418099  0.20995244  
18_0_0     0.54578052  0.57838182  0.60094424  0.47488142  0.47488142  0.53522565  0.45581502  0.51455805  0.47488142  0.48460249  0.49445325  0.30330734  0.25157830  0.14540119  0.13314154  0.13314154  0.16418099  0.00000000  0.03110285  0.18345096  
14_0_0     0.54578052  0.55648847  0.57838182  0.47488142  0.47488142  0.53522565  0.47488142  0.49445325  0.45581502  0.48460249  0.49445325  0.30330734  0.25157830  0.13314154  0.12108213  0.12108213  0.16418099  0.03110285  0.00000000  0.19658280  
15_0_0     0.52481954  0.52481954  0.54578052  0.50443722  0.50443722  0.53522565  0.48460249  0.52481954  0.50443722  0.53522565  0.54578052  0.29569186  0.27330568  0.20323736  0.20323736  0.20323736  0.20995244  0.18345096  0.19658280  0.00000000  

