20
5_0_0      0.00000000  0.01685680  0.01685680  0.00557647  0.14698255  0.15378701  0.44265244  0.44265244  0.44265244  0.49490801  0.39383782  0.38444896  0.39383782  0.26414172  0.28017899  0.27211700  0.46311498  0.34803886  0.35697517  0.35697517  
4_0_0      0.01685680  0.00000000  0.00000000  0.01119519  0.16758614  0.17458320  0.43262908  0.43262908  0.43262908  0.50581597  0.40334708  0.39383782  0.40334708  0.25625129  0.30490452  0.28017899  0.47356194  0.37517748  0.38444896  0.38444896  
12_0_0     0.01685680  0.00000000  0.00000000  0.01119519  0.16758614  0.17458320  0.43262908  0.43262908  0.43262908  0.50581597  0.40334708  0.39383782  0.40334708  0.25625129  0.30490452  0.28017899  0.47356194  0.37517748  0.38444896  0.38444896  
10_0_0     0.00557647  0.01119519  0.01119519  0.00000000  0.15378701  0.16065448  0.43262908  0.43262908  0.43262908  0.48415818  0.38444896  0.37517748  0.40334708  0.25625129  0.28832958  0.28017899  0.47356194  0.35697517  0.36602048  0.36602048  
11_0_0     0.14698255  0.16758614  0.16758614  0.15378701  0.00000000  0.01685680  0.45281314  0.45281314  0.45281314  0.48415818  0.38444896  0.39383782  0.35697517  0.25625129  0.28017899  0.22550323  0.48415818  0.34803886  0.33920894  0.33920894  
17_0_0     0.15378701  0.17458320  0.17458320  0.16065448  0.01685680  0.00000000  0.45281314  0.45281314  0.45281314  0.50581597  0.40334708  0.41297985  0.38444896  0.28017899  0.30490452  0.24844393  0.51688676  0.33920894  0.33048293  0.34803886  
9_0_0      0.44265244  0.43262908  0.43262908  0.43262908  0.45281314  0.45281314  0.00000000  0.00000000  0.00000000  0.24844393  0.18164691  0.18877855  0.52812533  0.36602048  0.38444896  0.38444896  0.57486434  0.47356194  0.46311498  0.45281314  
13_0_0     0.44265244  0.43262908  0.43262908  0.43262908  0.45281314  0.45281314  0.00000000  0.00000000  0.00000000  0.24844393  0.18164691  0.18877855  0.52812533  0.36602048  0.38444896  0.38444896  0.57486434  0.47356194  0.46311498  0.45281314  
7_0_0      0.44265244  0.43262908  0.43262908  0.43262908  0.45281314  0.45281314  0.00000000  0.00000000  0.00000000  0.24844393  0.18164691  0.18877855  0.52812533  0.36602048  0.38444896  0.38444896  0.57486434  0.47356194  0.46311498  0.45281314  
19_0_0     0.49490801  0.50581597  0.50581597  0.48415818  0.48415818  0.50581597  0.24844393  0.24844393  0.24844393  0.00000000  0.14023995  0.14698255  0.46311498  0.42273939  0.36602048  0.43262908  0.52812533  0.39383782  0.38444896  0.37517748  
8_0_0      0.39383782  0.40334708  0.40334708  0.38444896  0.38444896  0.40334708  0.18164691  0.18164691  0.18164691  0.14023995  0.00000000  0.00557647  0.48415818  0.35697517  0.35697517  0.36602048  0.47356194  0.41297985  0.40334708  0.39383782  
18_0_0     0.38444896  0.39383782  0.39383782  0.37517748  0.39383782  0.41297985  0.18877855  0.18877855  0.18877855  0.14698255  0.00557647  0.00000000  0.49490801  0.34803886  0.36602048  0.37517748  0.48415818  0.42273939  0.41297985  0.40334708  
16_0_0     0.39383782  0.40334708  0.40334708  0.40334708  0.35697517  0.38444896  0.52812533  0.52812533  0.52812533  0.46311498  0.48415818  0.49490801  0.00000000  0.24071791  0.25625129  0.23307155  0.46311498  0.46311498  0.46311498  0.45281314  
15_0_0     0.26414172  0.25625129  0.25625129  0.25625129  0.25625129  0.28017899  0.36602048  0.36602048  0.36602048  0.42273939  0.35697517  0.34803886  0.24071791  0.00000000  0.15378701  0.12037237  0.40334708  0.40334708  0.41297985  0.40334708  
14_0_0     0.28017899  0.30490452  0.30490452  0.28832958  0.28017899  0.30490452  0.38444896  0.38444896  0.38444896  0.36602048  0.35697517  0.36602048  0.25625129  0.15378701  0.00000000  0.13355811  0.41297985  0.35697517  0.34803886  0.33920894  
6_0_0      0.27211700  0.28017899  0.28017899  0.28017899  0.22550323  0.24844393  0.38444896  0.38444896  0.38444896  0.43262908  0.36602048  0.37517748  0.23307155  0.12037237  0.13355811  0.00000000  0.39383782  0.41297985  0.42273939  0.41297985  
20_0_0     0.46311498  0.47356194  0.47356194  0.47356194  0.48415818  0.51688676  0.57486434  0.57486434  0.57486434  0.52812533  0.47356194  0.48415818  0.46311498  0.40334708  0.41297985  0.39383782  0.00000000  0.40334708  0.41297985  0.39383782  
2_1_0      0.34803886  0.37517748  0.37517748  0.35697517  0.34803886  0.33920894  0.47356194  0.47356194  0.47356194  0.39383782  0.41297985  0.42273939  0.46311498  0.40334708  0.35697517  0.41297985  0.40334708  0.00000000  0.00557647  0.01685680  
3_1_0      0.35697517  0.38444896  0.38444896  0.36602048  0.33920894  0.33048293  0.46311498  0.46311498  0.46311498  0.38444896  0.40334708  0.41297985  0.46311498  0.41297985  0.34803886  0.42273939  0.41297985  0.00557647  0.00000000  0.01119519  
1_1_0      0.35697517  0.38444896  0.38444896  0.36602048  0.33920894  0.34803886  0.45281314  0.45281314  0.45281314  0.37517748  0.39383782  0.40334708  0.45281314  0.40334708  0.33920894  0.41297985  0.39383782  0.01685680  0.01119519  0.00000000  

