20
19_0_0     0.00000000  0.06335688  0.08082518  0.08842210  0.09741055  0.04698625  0.04698625  0.04698625  0.09632893  0.09679472  0.08792554  0.08792554  0.09679472  0.08792554  0.11514526  0.11514526  0.11514526  0.10586486  0.11443096  0.08842210  
11_0_0     0.06335688  0.00000000  0.06465179  0.06260765  0.07102887  0.05537161  0.05537161  0.05537161  0.09741055  0.08015675  0.08906497  0.08906497  0.09817594  0.08906497  0.13437750  0.13437750  0.13437750  0.12464590  0.13339042  0.11601651  
17_0_0     0.08082518  0.06465179  0.00000000  0.06260765  0.05435993  0.04698625  0.04698625  0.04698625  0.08842210  0.07144244  0.09817594  0.09817594  0.10749908  0.09817594  0.09679472  0.09679472  0.09679472  0.10586486  0.11443096  0.10660545  
18_0_0     0.08842210  0.06260765  0.06260765  0.00000000  0.00753312  0.07144244  0.07144244  0.08015675  0.10456577  0.09601387  0.10484436  0.10484436  0.11387403  0.10484436  0.13256833  0.13256833  0.13256833  0.13256833  0.13191154  0.11443096  
8_0_0      0.09741055  0.07102887  0.05435993  0.00753312  0.00000000  0.08015675  0.08015675  0.07144244  0.11347509  0.08737395  0.11387403  0.11387403  0.12311207  0.11387403  0.12311207  0.12311207  0.12311207  0.12311207  0.12258720  0.12379846  
13_0_0     0.04698625  0.05537161  0.04698625  0.07144244  0.08015675  0.00000000  0.00000000  0.01521071  0.07075571  0.07102887  0.07963103  0.07963103  0.08842210  0.07963103  0.08842210  0.08842210  0.08842210  0.09741055  0.08792554  0.11704453  
9_0_0      0.04698625  0.05537161  0.04698625  0.07144244  0.08015675  0.00000000  0.00000000  0.01521071  0.07075571  0.07102887  0.07963103  0.07963103  0.08842210  0.07963103  0.08842210  0.08842210  0.08842210  0.09741055  0.08792554  0.11704453  
7_0_0      0.04698625  0.05537161  0.04698625  0.08015675  0.07144244  0.01521071  0.01521071  0.00000000  0.08792554  0.07102887  0.07963103  0.07963103  0.08842210  0.07963103  0.08842210  0.08842210  0.08842210  0.07963103  0.08792554  0.11704453  
15_0_0     0.09632893  0.09741055  0.08842210  0.10456577  0.11347509  0.07075571  0.07075571  0.08792554  0.00000000  0.05537161  0.03072474  0.03072474  0.03072474  0.03072474  0.05456302  0.05456302  0.05456302  0.06291378  0.07102887  0.09632893  
6_0_0      0.09679472  0.08015675  0.07144244  0.09601387  0.08737395  0.07102887  0.07102887  0.07102887  0.05537161  0.00000000  0.03916851  0.03916851  0.04748400  0.03916851  0.08985372  0.08985372  0.08985372  0.09909059  0.08906497  0.11514526  
14_0_0     0.08792554  0.08906497  0.09817594  0.10484436  0.11387403  0.07963103  0.07963103  0.07963103  0.03072474  0.03916851  0.00000000  0.00000000  0.00753312  0.00000000  0.08082518  0.08082518  0.08082518  0.07199576  0.09817594  0.08792554  
1_0_0      0.08792554  0.08906497  0.09817594  0.10484436  0.11387403  0.07963103  0.07963103  0.07963103  0.03072474  0.03916851  0.00000000  0.00000000  0.00753312  0.00000000  0.08082518  0.08082518  0.08082518  0.07199576  0.09817594  0.08792554  
3_0_0      0.09679472  0.09817594  0.10749908  0.11387403  0.12311207  0.08842210  0.08842210  0.08842210  0.03072474  0.04748400  0.00753312  0.00753312  0.00000000  0.00753312  0.07199576  0.07199576  0.07199576  0.06335688  0.08906497  0.07924858  
2_0_0      0.08792554  0.08906497  0.09817594  0.10484436  0.11387403  0.07963103  0.07963103  0.07963103  0.03072474  0.03916851  0.00000000  0.00000000  0.00753312  0.00000000  0.08082518  0.08082518  0.08082518  0.07199576  0.09817594  0.08792554  
10_0_0     0.11514526  0.13437750  0.09679472  0.13256833  0.12311207  0.08842210  0.08842210  0.08842210  0.05456302  0.08985372  0.08082518  0.08082518  0.07199576  0.08082518  0.00000000  0.00000000  0.00000000  0.00753312  0.01509805  0.12464590  
12_0_0     0.11514526  0.13437750  0.09679472  0.13256833  0.12311207  0.08842210  0.08842210  0.08842210  0.05456302  0.08985372  0.08082518  0.08082518  0.07199576  0.08082518  0.00000000  0.00000000  0.00000000  0.00753312  0.01509805  0.12464590  
4_0_0      0.11514526  0.13437750  0.09679472  0.13256833  0.12311207  0.08842210  0.08842210  0.08842210  0.05456302  0.08985372  0.08082518  0.08082518  0.07199576  0.08082518  0.00000000  0.00000000  0.00000000  0.00753312  0.01509805  0.12464590  
5_0_0      0.10586486  0.12464590  0.10586486  0.13256833  0.12311207  0.09741055  0.09741055  0.07963103  0.06291378  0.09909059  0.07199576  0.07199576  0.06335688  0.07199576  0.00753312  0.00753312  0.00753312  0.00000000  0.02283516  0.11514526  
16_0_0     0.11443096  0.13339042  0.11443096  0.13191154  0.12258720  0.08792554  0.08792554  0.08792554  0.07102887  0.08906497  0.09817594  0.09817594  0.08906497  0.09817594  0.01509805  0.01509805  0.01509805  0.02283516  0.00000000  0.14321784  
20_0_0     0.08842210  0.11601651  0.10660545  0.11443096  0.12379846  0.11704453  0.11704453  0.11704453  0.09632893  0.11514526  0.08792554  0.08792554  0.07924858  0.08792554  0.12464590  0.12464590  0.12464590  0.11514526  0.14321784  0.00000000  

