92
57_16_0    0.00000000  0.28455392  0.27905915  0.30695312  0.31266120  0.41716316  0.43049429  0.41058716  0.30128902  0.29566822  0.33005623  0.29566822  0.40406946  0.26281701  0.29009007  0.88004657  0.95846827  0.94480325  0.94480325  0.77616708  0.85566078  0.88004657  0.85566078  0.97239209  1.03088434  0.93138758  0.89254964  0.94480325  0.95846827  0.89254964  0.90526902  0.93138758  0.90526902  0.86775258  0.88004657  0.90526902  0.89254964  0.88004657  0.89254964  0.98658470  0.97239209  1.00105668  0.98658470  1.03088434  0.97239209  0.95846827  0.88004657  0.95846827  1.03088434  1.03088434  1.00105668  0.98658470  0.88004657  0.88004657  0.89254964  0.94480325  0.90526902  0.90526902  0.91821232  0.90526902  0.97239209  0.95846827  0.89254964  0.93138758  1.24084977  1.12839715  1.12839715  1.12839715  1.09443542  1.14598501  1.12839715  1.06197344  1.20142332  0.98658470  0.95846827  0.93138758  0.93138758  0.93138758  0.86775258  0.88004657  0.89254964  0.97239209  0.97239209  0.97239209  0.94480325  0.94480325  1.07802529  0.97239209  1.04626458  1.04626458  0.88004657  0.95846827  
89_16_0    0.28455392  0.00000000  0.31266120  0.34188586  0.37232043  0.45790439  0.49366967  0.41716316  0.36613190  0.35999501  0.42379851  0.38485601  0.48637607  0.35999501  0.34787282  0.89254964  0.88004657  0.89254964  0.89254964  0.83205791  0.91821232  0.90526902  0.97239209  1.00105668  1.06197344  0.86775258  0.93138758  0.86775258  0.90526902  0.88004657  0.89254964  0.90526902  0.90526902  0.85566078  0.88004657  0.91821232  0.93138758  0.91821232  0.89254964  1.22087230  1.14598501  1.14598501  1.11122020  1.09443542  1.16400394  1.11122020  1.00105668  1.11122020  1.00105668  0.98658470  0.94480325  1.00105668  0.85566078  0.85566078  0.98658470  1.03088434  0.98658470  0.97239209  0.97239209  0.91821232  1.04626458  0.97239209  0.91821232  1.00105668  1.16400394  1.09443542  1.09443542  1.03088434  1.04626458  1.03088434  1.01581926  1.09443542  1.12839715  0.98658470  0.98658470  0.94480325  1.00105668  0.97239209  0.98658470  0.98658470  0.94480325  1.01581926  0.97239209  0.97239209  0.98658470  0.98658470  1.04626458  1.01581926  1.06197344  1.06197344  0.95846827  0.93138758  
39_16_0    0.27905915  0.31266120  0.00000000  0.32421204  0.34787282  0.41058716  0.41716316  0.41058716  0.33594725  0.29566822  0.34188586  0.31266120  0.39760902  0.29566822  0.31841393  0.82053467  0.84376463  0.88004657  0.89254964  0.85566078  0.82053467  0.86775258  0.86775258  0.90526902  0.86775258  0.76548126  0.74456454  0.83205791  0.79801625  0.82053467  0.83205791  0.79801625  0.83205791  0.78701051  0.80918925  0.83205791  0.78701051  0.77616708  0.73432519  1.11122020  1.11122020  1.03088434  1.03088434  1.01581926  0.97239209  1.03088434  1.01581926  1.09443542  0.98658470  0.98658470  0.90526902  0.97239209  0.84376463  0.85566078  0.93138758  0.97239209  0.98658470  0.98658470  0.93138758  0.93138758  0.94480325  0.94480325  0.85566078  0.91821232  1.00105668  1.12839715  1.12839715  1.11122020  1.11122020  1.07802529  1.04626458  1.09443542  1.07802529  0.98658470  0.91821232  0.88004657  0.90526902  0.93138758  0.91821232  0.89254964  0.90526902  0.95846827  1.03088434  1.03088434  0.97239209  0.97239209  1.00105668  0.94480325  0.98658470  0.98658470  0.82053467  0.91821232  
57_18_0    0.30695312  0.34188586  0.32421204  0.00000000  0.07900293  0.26819128  0.29566822  0.24692593  0.10878955  0.18177709  0.23137108  0.22625840  0.36613190  0.21113031  0.21613850  0.78701051  0.79801625  0.80918925  0.80918925  0.77616708  0.75494852  0.86775258  0.84376463  0.93138758  1.01581926  0.85566078  0.86775258  0.82053467  0.86775258  0.88004657  0.89254964  0.88004657  0.86775258  0.84376463  0.79801625  0.83205791  0.89254964  0.88004657  0.84376463  1.11122020  1.11122020  1.11122020  1.11122020  1.03088434  1.07802529  1.12839715  0.97239209  1.11122020  0.98658470  1.00105668  0.95846827  1.01581926  0.88004657  0.89254964  0.98658470  0.97239209  0.98658470  0.95846827  0.97239209  0.94480325  0.94480325  0.94480325  0.84376463  0.91821232  1.03088434  1.00105668  1.00105668  0.95846827  0.93138758  0.93138758  0.94480325  0.94480325  1.03088434  1.00105668  0.98658470  0.97239209  0.97239209  0.97239209  0.85566078  0.85566078  0.80918925  0.83205791  0.82053467  0.82053467  0.82053467  0.82053467  0.85566078  0.86775258  0.88004657  0.88004657  0.85566078  0.79801625  
57_17_0    0.31266120  0.37232043  0.34787282  0.07900293  0.00000000  0.26819128  0.30128902  0.26819128  0.11752647  0.22118104  0.27360514  0.27905915  0.35999501  0.24170433  0.23651955  0.82053467  0.88004657  0.89254964  0.89254964  0.78701051  0.77616708  0.89254964  0.86775258  1.04626458  1.11122020  0.86775258  0.93138758  0.83205791  0.86775258  0.91821232  0.93138758  0.89254964  0.85566078  0.88004657  0.85566078  0.89254964  0.95846827  0.94480325  0.88004657  1.12839715  1.12839715  1.14598501  1.18247560  0.97239209  1.06197344  1.16400394  1.03088434  1.07802529  0.98658470  1.03088434  0.98658470  1.01581926  0.89254964  0.90526902  0.95846827  0.95846827  0.95846827  0.94480325  0.95846827  0.95846827  0.90526902  0.90526902  0.88004657  0.95846827  1.04626458  1.01581926  1.01581926  1.00105668  0.97239209  1.00105668  0.98658470  0.90526902  1.09443542  0.98658470  1.01581926  0.95846827  0.95846827  0.95846827  0.83205791  0.85566078  0.83205791  0.78701051  0.79801625  0.79801625  0.78701051  0.78701051  0.80918925  0.79801625  0.84376463  0.84376463  0.79801625  0.76548126  
89_21_0    0.41716316  0.45790439  0.41058716  0.26819128  0.26819128  0.00000000  0.08318499  0.31266120  0.20615600  0.27360514  0.36613190  0.31266120  0.51599490  0.30695312  0.29009007  0.97239209  0.94480325  0.95846827  0.95846827  0.76548126  0.80918925  0.95846827  0.86775258  0.86775258  1.00105668  0.90526902  0.91821232  0.89254964  0.90526902  1.03088434  1.01581926  0.98658470  0.91821232  0.91821232  0.86775258  0.95846827  0.94480325  0.94480325  0.93138758  1.20142332  1.22087230  1.14598501  1.14598501  1.18247560  1.45030509  1.22087230  1.28251087  1.30426148  1.00105668  1.01581926  0.97239209  1.00105668  0.95846827  1.01581926  1.03088434  1.01581926  1.06197344  1.04626458  1.03088434  1.06197344  1.22087230  1.20142332  0.93138758  1.04626458  1.20142332  1.11122020  1.11122020  1.16400394  1.16400394  1.18247560  1.16400394  1.12839715  1.22087230  1.26138527  1.22087230  1.11122020  1.18247560  1.14598501  1.06197344  1.04626458  1.06197344  0.94480325  0.94480325  0.94480325  0.91821232  0.91821232  0.94480325  0.93138758  0.95846827  0.95846827  0.86775258  0.90526902  
89_17_0    0.43049429  0.49366967  0.41716316  0.29566822  0.30128902  0.08318499  0.00000000  0.33005623  0.21113031  0.30695312  0.35999501  0.30695312  0.53901932  0.31841393  0.31266120  0.98658470  0.98658470  0.98658470  0.98658470  0.78701051  0.85566078  1.03088434  0.90526902  0.98658470  1.07802529  0.97239209  1.01581926  0.97239209  0.97239209  1.12839715  1.11122020  1.06197344  0.95846827  0.98658470  0.94480325  1.06197344  0.94480325  0.94480325  0.98658470  1.20142332  1.20142332  1.18247560  1.18247560  1.26138527  1.47773697  1.32667523  1.30426148  1.37366301  1.03088434  1.01581926  1.03088434  1.03088434  0.94480325  1.00105668  1.00105668  1.01581926  1.06197344  1.04626458  1.03088434  1.06197344  1.30426148  1.26138527  0.91821232  1.04626458  1.30426148  1.18247560  1.18247560  1.20142332  1.16400394  1.18247560  1.16400394  1.26138527  1.30426148  1.34979381  1.22087230  1.16400394  1.24084977  1.18247560  1.09443542  1.07802529  1.09443542  1.01581926  1.01581926  1.01581926  0.98658470  0.98658470  1.01581926  1.00105668  1.03088434  1.03088434  0.89254964  1.00105668  
39_17_0    0.41058716  0.41716316  0.41058716  0.24692593  0.26819128  0.31266120  0.33005623  0.00000000  0.17699684  0.29009007  0.31841393  0.32421204  0.46491961  0.31266120  0.26819128  0.83205791  0.84376463  0.82053467  0.82053467  0.82053467  0.85566078  0.86775258  0.84376463  1.01581926  1.04626458  0.85566078  0.91821232  0.91821232  0.89254964  0.94480325  0.93138758  0.89254964  0.80918925  0.83205791  0.83205791  0.86775258  0.86775258  0.85566078  0.82053467  1.09443542  1.12839715  1.09443542  1.06197344  1.06197344  1.18247560  1.09443542  1.04626458  1.04626458  0.94480325  1.01581926  0.94480325  0.97239209  0.91821232  0.91821232  0.89254964  0.89254964  1.03088434  0.97239209  0.94480325  0.88004657  1.03088434  1.07802529  0.86775258  0.80918925  1.03088434  1.09443542  1.09443542  0.98658470  0.98658470  0.91821232  0.95846827  1.06197344  1.16400394  1.03088434  1.01581926  1.03088434  1.06197344  1.00105668  0.95846827  0.91821232  0.91821232  0.83205791  0.83205791  0.83205791  0.83205791  0.83205791  0.86775258  0.84376463  0.86775258  0.86775258  0.77616708  0.86775258  
49_17_0    0.30128902  0.36613190  0.33594725  0.10878955  0.11752647  0.20615600  0.21113031  0.17699684  0.00000000  0.14895015  0.19630722  0.17224746  0.34787282  0.17699684  0.14895015  0.79801625  0.80918925  0.82053467  0.82053467  0.76548126  0.72422648  0.86775258  0.75494852  0.93138758  0.98658470  0.85566078  0.85566078  0.79801625  0.85566078  0.94480325  0.93138758  0.89254964  0.86775258  0.86775258  0.83205791  0.89254964  0.90526902  0.89254964  0.86775258  1.14598501  1.14598501  1.09443542  1.09443542  1.07802529  1.14598501  1.09443542  1.07802529  1.09443542  0.91821232  0.98658470  0.94480325  0.94480325  0.88004657  0.91821232  0.90526902  0.90526902  1.00105668  0.93138758  0.91821232  0.91821232  0.94480325  0.94480325  0.84376463  0.86775258  1.11122020  1.01581926  1.01581926  0.98658470  0.97239209  0.95846827  0.97239209  0.93138758  1.00105668  1.01581926  0.98658470  0.97239209  0.97239209  0.93138758  0.79801625  0.78701051  0.79801625  0.83205791  0.82053467  0.82053467  0.85566078  0.85566078  0.85566078  0.89254964  0.90526902  0.90526902  0.80918925  0.79801625  
49_0_0     0.29566822  0.35999501  0.29566822  0.18177709  0.22118104  0.27360514  0.30695312  0.29009007  0.14895015  0.00000000  0.15818068  0.12193417  0.29566822  0.10445972  0.08318499  0.79801625  0.77616708  0.80918925  0.80918925  0.79801625  0.77616708  0.94480325  0.80918925  1.00105668  1.06197344  0.86775258  0.82053467  0.86775258  0.89254964  0.91821232  0.93138758  0.89254964  0.86775258  0.84376463  0.82053467  0.90526902  0.82053467  0.80918925  0.80918925  1.16400394  1.11122020  1.06197344  1.06197344  1.11122020  1.16400394  1.11122020  1.12839715  1.14598501  1.00105668  1.03088434  1.01581926  0.98658470  0.86775258  0.89254964  0.89254964  0.93138758  0.93138758  0.91821232  0.90526902  0.95846827  1.00105668  0.98658470  0.86775258  0.80918925  1.11122020  1.00105668  1.00105668  1.00105668  0.97239209  1.01581926  1.00105668  0.98658470  1.07802529  0.93138758  0.93138758  0.86775258  0.86775258  0.93138758  0.84376463  0.82053467  0.83205791  0.83205791  0.88004657  0.88004657  0.85566078  0.85566078  0.88004657  0.86775258  0.88004657  0.88004657  0.78701051  0.79801625  
57_0_0     0.33005623  0.42379851  0.34188586  0.23137108  0.27360514  0.36613190  0.35999501  0.31841393  0.19630722  0.15818068  0.00000000  0.16752857  0.32421204  0.16752857  0.17224746  0.79801625  0.82053467  0.83205791  0.83205791  0.77616708  0.77616708  0.80918925  0.79801625  0.93138758  0.93138758  0.79801625  0.80918925  0.83205791  0.84376463  0.85566078  0.86775258  0.80918925  0.79801625  0.77616708  0.73432519  0.76548126  0.79801625  0.78701051  0.74456454  1.04626458  1.01581926  1.03088434  1.03088434  1.04626458  1.09443542  1.07802529  1.04626458  1.14598501  1.00105668  1.04626458  0.98658470  1.07802529  0.88004657  0.91821232  0.95846827  0.94480325  0.93138758  0.95846827  0.97239209  0.95846827  1.04626458  1.07802529  0.84376463  0.85566078  1.06197344  0.98658470  0.98658470  0.94480325  0.91821232  0.94480325  0.91821232  1.00105668  1.06197344  0.97239209  0.95846827  0.88004657  0.90526902  0.93138758  0.91821232  0.89254964  0.91821232  0.90526902  0.84376463  0.84376463  0.89254964  0.89254964  0.90526902  0.88004657  0.89254964  0.89254964  0.80918925  0.88004657  
39_19_0    0.29566822  0.38485601  0.31266120  0.22625840  0.27905915  0.31266120  0.30695312  0.32421204  0.17224746  0.12193417  0.16752857  0.00000000  0.30128902  0.13082965  0.14437799  0.73432519  0.76548126  0.75494852  0.76548126  0.78701051  0.76548126  0.85566078  0.76548126  0.90526902  0.91821232  0.90526902  0.85566078  0.91821232  0.94480325  0.94480325  0.95846827  0.89254964  0.84376463  0.82053467  0.80918925  0.85566078  0.84376463  0.83205791  0.85566078  1.07802529  1.06197344  1.04626458  1.01581926  1.09443542  1.22087230  1.12839715  1.09443542  1.07802529  1.01581926  1.00105668  1.03088434  1.00105668  0.90526902  0.91821232  0.93138758  0.97239209  1.00105668  0.94480325  0.94480325  0.95846827  0.98658470  0.93138758  0.89254964  0.82053467  1.11122020  0.98658470  0.98658470  1.00105668  0.97239209  0.97239209  0.95846827  0.97239209  1.11122020  0.95846827  0.86775258  0.88004657  0.85566078  0.88004657  0.80918925  0.75494852  0.77616708  0.79801625  0.78701051  0.78701051  0.79801625  0.79801625  0.83205791  0.83205791  0.86775258  0.86775258  0.82053467  0.78701051  
89_19_0    0.40406946  0.48637607  0.39760902  0.36613190  0.35999501  0.51599490  0.53901932  0.46491961  0.34787282  0.29566822  0.32421204  0.30128902  0.00000000  0.29566822  0.27360514  0.82053467  0.86775258  0.88004657  0.89254964  0.90526902  0.80918925  0.88004657  0.88004657  0.97239209  0.93138758  1.06197344  0.97239209  1.07802529  1.04626458  1.04626458  1.06197344  1.01581926  1.00105668  1.01581926  1.03088434  1.00105668  1.00105668  0.98658470  1.00105668  1.24084977  1.28251087  1.34979381  1.39833320  1.20142332  1.20142332  1.16400394  1.20142332  1.20142332  1.14598501  1.11122020  1.12839715  1.11122020  1.01581926  1.06197344  1.04626458  1.03088434  1.07802529  1.04626458  1.07802529  0.98658470  0.97239209  1.04626458  1.01581926  0.98658470  1.12839715  1.06197344  1.06197344  1.03088434  1.00105668  1.01581926  1.00105668  1.00105668  1.16400394  0.94480325  0.93138758  0.91821232  0.84376463  0.84376463  0.88004657  0.89254964  0.88004657  0.93138758  0.90526902  0.90526902  0.94480325  0.94480325  0.90526902  0.91821232  0.97239209  0.97239209  0.89254964  0.90526902  
89_0_0     0.26281701  0.35999501  0.29566822  0.21113031  0.24170433  0.30695312  0.31841393  0.31266120  0.17699684  0.10445972  0.16752857  0.13082965  0.29566822  0.00000000  0.10445972  0.82053467  0.80918925  0.84376463  0.84376463  0.84376463  0.83205791  0.94480325  0.84376463  0.97239209  1.03088434  0.88004657  0.85566078  0.94480325  0.94480325  0.93138758  0.94480325  0.85566078  0.89254964  0.80918925  0.82053467  0.90526902  0.86775258  0.85566078  0.82053467  1.06197344  1.11122020  1.06197344  1.09443542  1.11122020  1.16400394  1.14598501  1.11122020  1.22087230  1.03088434  1.06197344  1.07802529  1.01581926  0.85566078  0.89254964  0.91821232  0.95846827  0.98658470  0.91821232  0.93138758  0.97239209  0.95846827  0.90526902  0.89254964  0.88004657  1.14598501  1.06197344  1.06197344  1.00105668  1.00105668  1.00105668  0.98658470  1.03088434  1.12839715  0.91821232  0.91821232  0.86775258  0.89254964  0.89254964  0.89254964  0.83205791  0.88004657  0.86775258  0.86775258  0.86775258  0.88004657  0.88004657  0.91821232  0.88004657  0.94480325  0.94480325  0.85566078  0.89254964  
39_0_0     0.29009007  0.34787282  0.31841393  0.21613850  0.23651955  0.29009007  0.31266120  0.26819128  0.14895015  0.08318499  0.17224746  0.14437799  0.27360514  0.10445972  0.00000000  0.80918925  0.80918925  0.82053467  0.82053467  0.80918925  0.79801625  0.94480325  0.84376463  0.90526902  0.95846827  0.86775258  0.82053467  0.85566078  0.88004657  0.90526902  0.89254964  0.88004657  0.90526902  0.84376463  0.82053467  0.88004657  0.84376463  0.83205791  0.86775258  1.09443542  1.14598501  1.09443542  1.06197344  1.12839715  1.34979381  1.16400394  1.12839715  1.26138527  1.03088434  1.04626458  1.04626458  0.98658470  0.86775258  0.88004657  0.88004657  0.89254964  0.91821232  0.90526902  0.90526902  0.88004657  0.90526902  0.97239209  0.84376463  0.78701051  1.12839715  0.93138758  0.93138758  0.90526902  0.90526902  0.91821232  0.90526902  0.89254964  1.03088434  0.90526902  0.86775258  0.80918925  0.83205791  0.85566078  0.85566078  0.83205791  0.84376463  0.80918925  0.84376463  0.84376463  0.83205791  0.83205791  0.88004657  0.86775258  0.88004657  0.88004657  0.80918925  0.82053467  
93_0_0     0.88004657  0.89254964  0.82053467  0.78701051  0.82053467  0.97239209  0.98658470  0.83205791  0.79801625  0.79801625  0.79801625  0.73432519  0.82053467  0.82053467  0.80918925  0.00000000  0.09587581  0.07484452  0.07484452  0.32421204  0.27360514  0.35390893  0.30695312  0.49366967  0.46491961  0.43049429  0.41058716  0.50103634  0.45790439  0.47915412  0.49366967  0.43725161  0.41716316  0.38485601  0.37232043  0.39760902  0.42379851  0.41716316  0.41716316  0.64807282  0.67571438  0.64807282  0.64807282  0.63020608  0.68516410  0.63020608  0.69473686  0.71426460  0.62143293  0.63908518  0.59572464  0.57907198  0.51599490  0.51599490  0.57907198  0.57907198  0.57907198  0.59572464  0.58735116  0.56278816  0.66638458  0.72422648  0.50103634  0.41716316  0.66638458  0.73432519  0.73432519  0.70443590  0.68516410  0.70443590  0.69473686  0.70443590  0.89254964  0.54685720  0.51599490  0.53901932  0.52358987  0.50103634  0.53126412  0.50847758  0.51599490  0.44407161  0.47200242  0.47200242  0.47915412  0.47915412  0.43049429  0.45095547  0.45790439  0.45790439  0.45095547  0.48637607  
90_0_0     0.95846827  0.88004657  0.84376463  0.79801625  0.88004657  0.94480325  0.98658470  0.84376463  0.80918925  0.77616708  0.82053467  0.76548126  0.86775258  0.80918925  0.80918925  0.09587581  0.00000000  0.02669608  0.02669608  0.35999501  0.30128902  0.33005623  0.29566822  0.50103634  0.46491961  0.43049429  0.41716316  0.52358987  0.46491961  0.50847758  0.52358987  0.47915412  0.45790439  0.43725161  0.42379851  0.43049429  0.45790439  0.46491961  0.44407161  0.63908518  0.66638458  0.59572464  0.59572464  0.63908518  0.77616708  0.72422648  0.67571438  0.71426460  0.65717169  0.65717169  0.62143293  0.59572464  0.48637607  0.50847758  0.56278816  0.57088499  0.57907198  0.56278816  0.56278816  0.56278816  0.71426460  0.74456454  0.49366967  0.39120486  0.64807282  0.75494852  0.75494852  0.70443590  0.68516410  0.68516410  0.69473686  0.74456454  0.86775258  0.59572464  0.57907198  0.58735116  0.57088499  0.56278816  0.51599490  0.47915412  0.48637607  0.45095547  0.47200242  0.47200242  0.48637607  0.48637607  0.43725161  0.47200242  0.48637607  0.48637607  0.44407161  0.47915412  
59_0_0     0.94480325  0.89254964  0.88004657  0.80918925  0.89254964  0.95846827  0.98658470  0.82053467  0.82053467  0.80918925  0.83205791  0.75494852  0.88004657  0.84376463  0.82053467  0.07484452  0.02669608  0.00000000  0.00752906  0.35390893  0.29566822  0.34188586  0.31841393  0.48637607  0.46491961  0.42379851  0.39760902  0.48637607  0.44407161  0.48637607  0.50103634  0.45790439  0.42379851  0.41716316  0.37856150  0.41058716  0.43725161  0.44407161  0.44407161  0.63020608  0.65717169  0.60419458  0.58735116  0.62143293  0.75494852  0.69473686  0.68516410  0.70443590  0.63020608  0.63020608  0.59572464  0.58735116  0.49366967  0.50103634  0.54685720  0.55477953  0.58735116  0.56278816  0.56278816  0.56278816  0.69473686  0.72422648  0.45790439  0.40406946  0.68516410  0.75494852  0.75494852  0.70443590  0.68516410  0.68516410  0.69473686  0.74456454  0.88004657  0.57907198  0.57088499  0.57907198  0.57907198  0.53901932  0.52358987  0.48637607  0.49366967  0.43049429  0.45790439  0.45790439  0.46491961  0.46491961  0.41716316  0.45095547  0.46491961  0.46491961  0.43725161  0.48637607  
59_24_0    0.94480325  0.89254964  0.89254964  0.80918925  0.89254964  0.95846827  0.98658470  0.82053467  0.82053467  0.80918925  0.83205791  0.76548126  0.89254964  0.84376463  0.82053467  0.07484452  0.02669608  0.00752906  0.00000000  0.34787282  0.29009007  0.34188586  0.31841393  0.47200242  0.46491961  0.41716316  0.39120486  0.49366967  0.43725161  0.47915412  0.49366967  0.45095547  0.41716316  0.41058716  0.38485601  0.40406946  0.43049429  0.43725161  0.43725161  0.62143293  0.64807282  0.59572464  0.57907198  0.60419458  0.73432519  0.67571438  0.66638458  0.68516410  0.62143293  0.61276323  0.57907198  0.57907198  0.47915412  0.48637607  0.53126412  0.53901932  0.57907198  0.54685720  0.54685720  0.55477953  0.69473686  0.72422648  0.45790439  0.39120486  0.66638458  0.76548126  0.76548126  0.71426460  0.69473686  0.69473686  0.70443590  0.75494852  0.86775258  0.57907198  0.56278816  0.57088499  0.57088499  0.53126412  0.51599490  0.47915412  0.48637607  0.41716316  0.45095547  0.45095547  0.45790439  0.45790439  0.41058716  0.44407161  0.45790439  0.45790439  0.42379851  0.47200242  
54_23_0    0.77616708  0.83205791  0.85566078  0.77616708  0.78701051  0.76548126  0.78701051  0.82053467  0.76548126  0.79801625  0.77616708  0.78701051  0.90526902  0.84376463  0.80918925  0.32421204  0.35999501  0.35390893  0.34787282  0.00000000  0.07900293  0.23651955  0.17224746  0.45095547  0.47200242  0.46491961  0.48637607  0.48637607  0.47915412  0.49366967  0.49366967  0.47915412  0.45790439  0.45095547  0.44407161  0.47915412  0.46491961  0.46491961  0.45095547  0.71426460  0.69473686  0.70443590  0.70443590  0.74456454  0.85566078  0.76548126  0.78701051  0.68516410  0.69473686  0.73432519  0.67571438  0.65717169  0.56278816  0.55477953  0.63908518  0.68516410  0.58735116  0.65717169  0.63908518  0.75494852  0.80918925  0.80918925  0.59572464  0.53901932  0.71426460  0.72422648  0.72422648  0.72422648  0.70443590  0.72422648  0.71426460  0.77616708  0.93138758  0.63908518  0.61276323  0.62143293  0.63020608  0.63908518  0.61276323  0.61276323  0.57907198  0.50103634  0.47915412  0.47915412  0.51599490  0.51599490  0.50103634  0.50847758  0.47915412  0.47915412  0.54685720  0.53126412  
76_23_0    0.85566078  0.91821232  0.82053467  0.75494852  0.77616708  0.80918925  0.85566078  0.85566078  0.72422648  0.77616708  0.77616708  0.76548126  0.80918925  0.83205791  0.79801625  0.27360514  0.30128902  0.29566822  0.29009007  0.07900293  0.00000000  0.22625840  0.15355093  0.45095547  0.47200242  0.45790439  0.46491961  0.50103634  0.49366967  0.50847758  0.50847758  0.47915412  0.43725161  0.42379851  0.39120486  0.42379851  0.42379851  0.42379851  0.42379851  0.75494852  0.75494852  0.78701051  0.76548126  0.76548126  0.83205791  0.77616708  0.79801625  0.68516410  0.74456454  0.77616708  0.72422648  0.69473686  0.58735116  0.57907198  0.65717169  0.67571438  0.65717169  0.68516410  0.64807282  0.73432519  0.78701051  0.80918925  0.60419458  0.53126412  0.69473686  0.76548126  0.76548126  0.76548126  0.74456454  0.74456454  0.75494852  0.76548126  0.90526902  0.59572464  0.57088499  0.57907198  0.58735116  0.57907198  0.61276323  0.58735116  0.59572464  0.47200242  0.47915412  0.47915412  0.50103634  0.50103634  0.45790439  0.47915412  0.45095547  0.45095547  0.52358987  0.52358987  
54_22_0    0.88004657  0.90526902  0.86775258  0.86775258  0.89254964  0.95846827  1.03088434  0.86775258  0.86775258  0.94480325  0.80918925  0.85566078  0.88004657  0.94480325  0.94480325  0.35390893  0.33005623  0.34188586  0.34188586  0.23651955  0.22625840  0.00000000  0.08318499  0.47200242  0.47200242  0.53901932  0.57088499  0.53126412  0.54685720  0.56278816  0.57907198  0.55477953  0.51599490  0.59572464  0.57088499  0.57907198  0.57907198  0.57907198  0.57907198  0.79801625  0.78701051  0.76548126  0.74456454  0.78701051  0.94480325  0.88004657  0.80918925  0.80918925  0.78701051  0.73432519  0.76548126  0.72422648  0.57088499  0.56278816  0.67571438  0.64807282  0.61276323  0.63908518  0.64807282  0.66638458  0.73432519  0.75494852  0.59572464  0.52358987  0.69473686  0.68516410  0.68516410  0.69473686  0.68516410  0.68516410  0.67571438  0.75494852  0.88004657  0.67571438  0.63908518  0.65717169  0.66638458  0.63908518  0.60419458  0.60419458  0.60419458  0.51599490  0.50847758  0.50847758  0.53126412  0.53126412  0.48637607  0.52358987  0.50847758  0.50847758  0.58735116  0.53901932  
76_22_0    0.85566078  0.97239209  0.86775258  0.84376463  0.86775258  0.86775258  0.90526902  0.84376463  0.75494852  0.80918925  0.79801625  0.76548126  0.88004657  0.84376463  0.84376463  0.30695312  0.29566822  0.31841393  0.31841393  0.17224746  0.15355093  0.08318499  0.00000000  0.45790439  0.45095547  0.48637607  0.50103634  0.52358987  0.53901932  0.53901932  0.55477953  0.51599490  0.49366967  0.50103634  0.49366967  0.50103634  0.48637607  0.48637607  0.47915412  0.76548126  0.75494852  0.72422648  0.72422648  0.77616708  0.86775258  0.79801625  0.78701051  0.74456454  0.70443590  0.69473686  0.70443590  0.66638458  0.53901932  0.53901932  0.65717169  0.64807282  0.63020608  0.65717169  0.64807282  0.66638458  0.68516410  0.72422648  0.57088499  0.43725161  0.65717169  0.69473686  0.69473686  0.71426460  0.69473686  0.70443590  0.69473686  0.73432519  0.79801625  0.60419458  0.58735116  0.57088499  0.59572464  0.57907198  0.54685720  0.53126412  0.54685720  0.46491961  0.45790439  0.45790439  0.47915412  0.47915412  0.43725161  0.46491961  0.45790439  0.45790439  0.51599490  0.49366967  
76_0_0     0.97239209  1.00105668  0.90526902  0.93138758  1.04626458  0.86775258  0.98658470  1.01581926  0.93138758  1.00105668  0.93138758  0.90526902  0.97239209  0.97239209  0.90526902  0.49366967  0.50103634  0.48637607  0.47200242  0.45095547  0.45095547  0.47200242  0.45790439  0.00000000  0.09587581  0.61276323  0.57088499  0.65717169  0.57907198  0.57907198  0.59572464  0.58735116  0.67571438  0.61276323  0.58735116  0.60419458  0.64807282  0.64807282  0.64807282  0.72422648  0.74456454  0.73432519  0.74456454  0.73432519  0.82053467  0.75494852  0.78701051  0.74456454  0.72422648  0.69473686  0.67571438  0.77616708  0.58735116  0.58735116  0.63020608  0.63020608  0.66638458  0.63020608  0.63020608  0.66638458  0.83205791  0.86775258  0.54685720  0.63020608  0.89254964  0.88004657  0.88004657  0.83205791  0.83205791  0.80918925  0.82053467  0.85566078  0.89254964  0.88004657  0.76548126  0.75494852  0.77616708  0.77616708  0.67571438  0.67571438  0.65717169  0.60419458  0.54685720  0.54685720  0.62143293  0.62143293  0.58735116  0.63020608  0.63020608  0.63020608  0.70443590  0.63908518  
54_0_0     1.03088434  1.06197344  0.86775258  1.01581926  1.11122020  1.00105668  1.07802529  1.04626458  0.98658470  1.06197344  0.93138758  0.91821232  0.93138758  1.03088434  0.95846827  0.46491961  0.46491961  0.46491961  0.46491961  0.47200242  0.47200242  0.47200242  0.45095547  0.09587581  0.00000000  0.65717169  0.59572464  0.72422648  0.63908518  0.60419458  0.62143293  0.61276323  0.66638458  0.62143293  0.62143293  0.63908518  0.66638458  0.65717169  0.65717169  0.72422648  0.71426460  0.72422648  0.73432519  0.68516410  0.75494852  0.71426460  0.78701051  0.75494852  0.67571438  0.67571438  0.63908518  0.68516410  0.59572464  0.61276323  0.60419458  0.63908518  0.63020608  0.62143293  0.62143293  0.62143293  0.83205791  0.86775258  0.56278816  0.64807282  0.84376463  0.80918925  0.80918925  0.74456454  0.74456454  0.72422648  0.71426460  0.84376463  0.91821232  0.78701051  0.70443590  0.70443590  0.71426460  0.69473686  0.69473686  0.66638458  0.65717169  0.63908518  0.59572464  0.59572464  0.65717169  0.65717169  0.60419458  0.64807282  0.62143293  0.62143293  0.71426460  0.65717169  
61_26_0    0.93138758  0.86775258  0.76548126  0.85566078  0.86775258  0.90526902  0.97239209  0.85566078  0.85566078  0.86775258  0.79801625  0.90526902  1.06197344  0.88004657  0.86775258  0.43049429  0.43049429  0.42379851  0.41716316  0.46491961  0.45790439  0.53901932  0.48637607  0.61276323  0.65717169  0.00000000  0.06250859  0.09162115  0.05037623  0.09162115  0.10015524  0.06659762  0.20121512  0.13983408  0.18658863  0.16752857  0.15818068  0.14895015  0.13983408  0.74456454  0.74456454  0.73432519  0.74456454  0.62143293  0.67571438  0.64807282  0.67571438  0.66638458  0.67571438  0.66638458  0.68516410  0.68516410  0.56278816  0.54685720  0.64807282  0.65717169  0.65717169  0.66638458  0.64807282  0.69473686  0.70443590  0.74456454  0.57907198  0.53901932  0.64807282  0.75494852  0.75494852  0.70443590  0.70443590  0.71426460  0.69473686  0.74456454  0.84376463  0.65717169  0.64807282  0.59572464  0.65717169  0.64807282  0.57907198  0.56278816  0.57088499  0.51599490  0.53901932  0.53901932  0.57088499  0.57088499  0.51599490  0.53126412  0.52358987  0.52358987  0.55477953  0.56278816  
70_26_0    0.89254964  0.93138758  0.74456454  0.86775258  0.93138758  0.91821232  1.01581926  0.91821232  0.85566078  0.82053467  0.80918925  0.85566078  0.97239209  0.85566078  0.82053467  0.41058716  0.41716316  0.39760902  0.39120486  0.48637607  0.46491961  0.57088499  0.50103634  0.57088499  0.59572464  0.06250859  0.00000000  0.11752647  0.07484452  0.12636846  0.13531808  0.10878955  0.21113031  0.16752857  0.18658863  0.17699684  0.17699684  0.16752857  0.15818068  0.74456454  0.74456454  0.68516410  0.67571438  0.60419458  0.64807282  0.61276323  0.64807282  0.63020608  0.68516410  0.69473686  0.63908518  0.68516410  0.54685720  0.53126412  0.63020608  0.63020608  0.70443590  0.65717169  0.63908518  0.63908518  0.69473686  0.75494852  0.57907198  0.54685720  0.69473686  0.78701051  0.78701051  0.75494852  0.75494852  0.77616708  0.75494852  0.84376463  0.83205791  0.64807282  0.62143293  0.55477953  0.61276323  0.58735116  0.58735116  0.56278816  0.57907198  0.51599490  0.55477953  0.55477953  0.57088499  0.57088499  0.51599490  0.53126412  0.52358987  0.52358987  0.53126412  0.53901932  
92_26_0    0.94480325  0.86775258  0.83205791  0.82053467  0.83205791  0.89254964  0.97239209  0.91821232  0.79801625  0.86775258  0.83205791  0.91821232  1.07802529  0.94480325  0.85566078  0.50103634  0.52358987  0.48637607  0.49366967  0.48637607  0.50103634  0.53126412  0.52358987  0.65717169  0.72422648  0.09162115  0.11752647  0.00000000  0.07070951  0.12636846  0.13531808  0.12193417  0.23651955  0.21613850  0.23137108  0.21613850  0.20121512  0.19143187  0.20121512  0.73432519  0.72422648  0.71426460  0.68516410  0.60419458  0.66638458  0.62143293  0.62143293  0.60419458  0.67571438  0.65717169  0.72422648  0.67571438  0.51599490  0.50847758  0.63020608  0.62143293  0.69473686  0.63908518  0.63020608  0.67571438  0.72422648  0.73432519  0.53126412  0.56278816  0.70443590  0.73432519  0.73432519  0.71426460  0.71426460  0.72422648  0.70443590  0.75494852  0.86775258  0.72422648  0.68516410  0.66638458  0.69473686  0.68516410  0.60419458  0.62143293  0.57907198  0.50847758  0.53126412  0.53126412  0.55477953  0.55477953  0.50103634  0.53901932  0.50847758  0.50847758  0.57907198  0.55477953  
56_26_0    0.95846827  0.90526902  0.79801625  0.86775258  0.86775258  0.90526902  0.97239209  0.89254964  0.85566078  0.89254964  0.84376463  0.94480325  1.04626458  0.94480325  0.88004657  0.45790439  0.46491961  0.44407161  0.43725161  0.47915412  0.49366967  0.54685720  0.53901932  0.57907198  0.63908518  0.05037623  0.07484452  0.07070951  0.00000000  0.10445972  0.11314503  0.07900293  0.18658863  0.16283977  0.19143187  0.18177709  0.16752857  0.15818068  0.14437799  0.69473686  0.69473686  0.68516410  0.67571438  0.58735116  0.64807282  0.63908518  0.63908518  0.61276323  0.63020608  0.62143293  0.62143293  0.63908518  0.51599490  0.50847758  0.58735116  0.59572464  0.62143293  0.60419458  0.58735116  0.63020608  0.73432519  0.77616708  0.53126412  0.52358987  0.71426460  0.78701051  0.78701051  0.73432519  0.73432519  0.74456454  0.72422648  0.80918925  0.89254964  0.71426460  0.68516410  0.63020608  0.67571438  0.66638458  0.57907198  0.59572464  0.57088499  0.47200242  0.49366967  0.49366967  0.52358987  0.52358987  0.47200242  0.50103634  0.47915412  0.47915412  0.54685720  0.53901932  
58_26_0    0.89254964  0.88004657  0.82053467  0.88004657  0.91821232  1.03088434  1.12839715  0.94480325  0.94480325  0.91821232  0.85566078  0.94480325  1.04626458  0.93138758  0.90526902  0.47915412  0.50847758  0.48637607  0.47915412  0.49366967  0.50847758  0.56278816  0.53901932  0.57907198  0.60419458  0.09162115  0.12636846  0.12636846  0.10445972  0.00000000  0.00752906  0.03059019  0.19630722  0.16752857  0.19630722  0.18177709  0.15818068  0.14895015  0.15818068  0.73432519  0.71426460  0.72422648  0.71426460  0.59572464  0.65717169  0.63908518  0.64807282  0.63908518  0.63020608  0.64807282  0.63908518  0.63908518  0.50103634  0.50103634  0.60419458  0.60419458  0.60419458  0.63020608  0.60419458  0.63020608  0.69473686  0.71426460  0.50103634  0.54685720  0.67571438  0.72422648  0.72422648  0.67571438  0.67571438  0.69473686  0.67571438  0.79801625  0.85566078  0.63020608  0.67571438  0.60419458  0.68516410  0.67571438  0.55477953  0.57088499  0.56278816  0.50847758  0.49366967  0.49366967  0.53901932  0.53901932  0.49366967  0.49366967  0.46491961  0.46491961  0.55477953  0.51599490  
55_26_0    0.90526902  0.89254964  0.83205791  0.89254964  0.93138758  1.01581926  1.11122020  0.93138758  0.93138758  0.93138758  0.86775258  0.95846827  1.06197344  0.94480325  0.89254964  0.49366967  0.52358987  0.50103634  0.49366967  0.49366967  0.50847758  0.57907198  0.55477953  0.59572464  0.62143293  0.10015524  0.13531808  0.13531808  0.11314503  0.00752906  0.00000000  0.03844083  0.20615600  0.17699684  0.20615600  0.19143187  0.16283977  0.15355093  0.16752857  0.73432519  0.71426460  0.72422648  0.71426460  0.61276323  0.67571438  0.63908518  0.64807282  0.65717169  0.63020608  0.64807282  0.62143293  0.62143293  0.51599490  0.51599490  0.62143293  0.62143293  0.60419458  0.64807282  0.62143293  0.64807282  0.70443590  0.72422648  0.51599490  0.53126412  0.68516410  0.74456454  0.74456454  0.69473686  0.69473686  0.71426460  0.69473686  0.79801625  0.85566078  0.64807282  0.69473686  0.62143293  0.70443590  0.69473686  0.56278816  0.57907198  0.57907198  0.50847758  0.49366967  0.49366967  0.53901932  0.53901932  0.49366967  0.49366967  0.46491961  0.46491961  0.53901932  0.50103634  
44_26_0    0.93138758  0.90526902  0.79801625  0.88004657  0.89254964  0.98658470  1.06197344  0.89254964  0.89254964  0.89254964  0.80918925  0.89254964  1.01581926  0.85566078  0.88004657  0.43725161  0.47915412  0.45790439  0.45095547  0.47915412  0.47915412  0.55477953  0.51599490  0.58735116  0.61276323  0.06659762  0.10878955  0.12193417  0.07900293  0.03059019  0.03844083  0.00000000  0.17699684  0.13983408  0.16752857  0.16283977  0.14895015  0.13983408  0.13082965  0.74456454  0.74456454  0.72422648  0.73432519  0.58735116  0.66638458  0.64807282  0.65717169  0.66638458  0.64807282  0.65717169  0.65717169  0.65717169  0.53126412  0.53126412  0.61276323  0.61276323  0.61276323  0.64807282  0.61276323  0.63908518  0.68516410  0.70443590  0.52358987  0.50847758  0.66638458  0.72422648  0.72422648  0.67571438  0.67571438  0.68516410  0.66638458  0.75494852  0.84376463  0.63908518  0.64807282  0.57907198  0.65717169  0.64807282  0.53901932  0.55477953  0.54685720  0.48637607  0.48637607  0.48637607  0.53901932  0.53901932  0.48637607  0.48637607  0.47200242  0.47200242  0.54685720  0.52358987  
61_0_0     0.90526902  0.90526902  0.83205791  0.86775258  0.85566078  0.91821232  0.95846827  0.80918925  0.86775258  0.86775258  0.79801625  0.84376463  1.00105668  0.89254964  0.90526902  0.41716316  0.45790439  0.42379851  0.41716316  0.45790439  0.43725161  0.51599490  0.49366967  0.67571438  0.66638458  0.20121512  0.21113031  0.23651955  0.18658863  0.19630722  0.20615600  0.17699684  0.00000000  0.07484452  0.10015524  0.10445972  0.09162115  0.09162115  0.09587581  0.73432519  0.73432519  0.73432519  0.72422648  0.59572464  0.64807282  0.65717169  0.66638458  0.59572464  0.63908518  0.64807282  0.65717169  0.65717169  0.51599490  0.51599490  0.55477953  0.55477953  0.58735116  0.57907198  0.56278816  0.61276323  0.72422648  0.74456454  0.53901932  0.47915412  0.68516410  0.68516410  0.68516410  0.66638458  0.67571438  0.63908518  0.63908518  0.78701051  0.86775258  0.57907198  0.64807282  0.57088499  0.63908518  0.60419458  0.55477953  0.58735116  0.56278816  0.45790439  0.47915412  0.47915412  0.47915412  0.47915412  0.43049429  0.43049429  0.41716316  0.41716316  0.47915412  0.50847758  
70_0_0     0.86775258  0.85566078  0.78701051  0.84376463  0.88004657  0.91821232  0.98658470  0.83205791  0.86775258  0.84376463  0.77616708  0.82053467  1.01581926  0.80918925  0.84376463  0.38485601  0.43725161  0.41716316  0.41058716  0.45095547  0.42379851  0.59572464  0.50103634  0.61276323  0.62143293  0.13983408  0.16752857  0.21613850  0.16283977  0.16752857  0.17699684  0.13983408  0.07484452  0.00000000  0.06659762  0.05844219  0.08318499  0.08318499  0.07900293  0.71426460  0.73432519  0.73432519  0.74456454  0.60419458  0.63908518  0.63908518  0.65717169  0.63908518  0.63908518  0.63908518  0.63908518  0.63020608  0.52358987  0.51599490  0.57907198  0.61276323  0.62143293  0.60419458  0.58735116  0.64807282  0.74456454  0.75494852  0.57907198  0.47915412  0.66638458  0.67571438  0.67571438  0.63908518  0.64807282  0.64807282  0.63020608  0.71426460  0.84376463  0.57907198  0.64807282  0.59572464  0.65717169  0.62143293  0.57907198  0.57907198  0.58735116  0.50847758  0.50847758  0.50847758  0.53126412  0.53126412  0.47915412  0.46491961  0.46491961  0.46491961  0.51599490  0.53901932  
56_0_0     0.88004657  0.88004657  0.80918925  0.79801625  0.85566078  0.86775258  0.94480325  0.83205791  0.83205791  0.82053467  0.73432519  0.80918925  1.03088434  0.82053467  0.82053467  0.37232043  0.42379851  0.37856150  0.38485601  0.44407161  0.39120486  0.57088499  0.49366967  0.58735116  0.62143293  0.18658863  0.18658863  0.23137108  0.19143187  0.19630722  0.20615600  0.16752857  0.10015524  0.06659762  0.00000000  0.07070951  0.10445972  0.10445972  0.09162115  0.72422648  0.74456454  0.74456454  0.73432519  0.60419458  0.68516410  0.68516410  0.68516410  0.67571438  0.65717169  0.65717169  0.63020608  0.68516410  0.52358987  0.51599490  0.57088499  0.57088499  0.58735116  0.59572464  0.57907198  0.60419458  0.74456454  0.76548126  0.49366967  0.50103634  0.65717169  0.68516410  0.68516410  0.66638458  0.67571438  0.63908518  0.65717169  0.74456454  0.82053467  0.58735116  0.64807282  0.57907198  0.66638458  0.63908518  0.55477953  0.55477953  0.56278816  0.48637607  0.48637607  0.48637607  0.50847758  0.50847758  0.47200242  0.45790439  0.45790439  0.45790439  0.53901932  0.54685720  
