179
44_0_0     0.00000000  0.17727174  0.17202056  0.17727174  0.18256037  0.17727174  0.17727174  0.16162843  0.24336958  0.20958451  0.14630830  0.13626792  0.11658600  0.34179920  0.32232091  0.31594020  0.34840733  0.34840733  0.32875699  0.34179920  0.32875699  0.31594020  0.32875699  0.34179920  0.35507488  0.36180292  0.37544492  0.38934259  0.37544492  0.37544492  0.37544492  0.33524942  0.34179920  0.46302854  0.46302854  0.41794453  0.47081638  0.47868688  0.34840733  0.34840733  0.38236120  0.37544492  0.34179920  0.36859255  0.39639032  0.27876756  0.28483504  0.39639032  0.43267009  0.41794453  0.44769398  0.47081638  0.44769398  0.27876756  0.27876756  0.35507488  0.29712099  0.30334115  0.29712099  0.29712099  0.28483504  0.25498218  0.29712099  0.27274931  0.26677951  0.30334115  0.30961392  0.29095257  0.30961392  0.27876756  0.33524942  0.27274931  0.36859255  0.36859255  0.36859255  0.40350568  0.41068996  0.39639032  0.38934259  0.40350568  0.41794453  0.37544492  0.34840733  0.34840733  0.34179920  0.34840733  0.36859255  0.36859255  0.36859255  0.37544492  0.35507488  0.34179920  0.44014399  0.43267009  0.32875699  0.33524942  0.41794453  0.41068996  0.41068996  0.41068996  0.42527076  0.46302854  0.44014399  0.51934328  0.55355354  0.55355354  0.56235850  0.51934328  0.55355354  0.56235850  0.56235850  0.56235850  0.34840733  0.42527076  0.35507488  0.40350568  0.34840733  0.31594020  0.31594020  0.34179920  0.36180292  0.41794453  0.32875699  0.36859255  0.35507488  0.36180292  0.37544492  0.36859255  0.37544492  0.34179920  0.34840733  0.36859255  0.44014399  0.45532162  0.45532162  0.47868688  0.45532162  0.39639032  0.40350568  0.38934259  0.39639032  0.42527076  0.40350568  0.40350568  0.38934259  0.41794453  0.37544492  0.38236120  0.38236120  0.38934259  0.38934259  0.39639032  0.38934259  0.41794453  0.36859255  0.48664180  0.48664180  0.37544492  0.42527076  0.43267009  0.38236120  0.43267009  0.41794453  0.41068996  0.40350568  0.37544492  0.38236120  0.38236120  0.37544492  0.38934259  0.39639032  0.44014399  0.36180292  0.37544492  0.38236120  0.34840733  0.36180292  0.50281231  0.50281231  
60_7_0     0.17727174  0.00000000  0.00416103  0.00834554  0.01255379  0.02532375  0.07412334  0.11174606  0.17727174  0.23763076  0.17202056  0.16162843  0.14127112  0.33524942  0.34840733  0.34179920  0.32875699  0.32875699  0.32232091  0.33524942  0.34179920  0.32232091  0.34179920  0.31594020  0.33524942  0.34179920  0.35507488  0.36859255  0.34179920  0.34179920  0.34179920  0.33524942  0.34840733  0.38934259  0.38934259  0.43267009  0.51934328  0.51103174  0.35507488  0.35507488  0.37544492  0.38236120  0.36180292  0.36180292  0.35507488  0.26677951  0.28483504  0.39639032  0.44014399  0.41794453  0.47868688  0.47081638  0.46302854  0.31594020  0.31594020  0.34179920  0.32232091  0.32875699  0.32232091  0.32232091  0.30961392  0.30334115  0.32232091  0.30334115  0.30961392  0.30334115  0.31594020  0.32875699  0.31594020  0.34840733  0.31594020  0.29095257  0.35507488  0.35507488  0.35507488  0.41068996  0.41068996  0.41068996  0.41794453  0.40350568  0.41068996  0.38236120  0.34840733  0.33524942  0.31594020  0.33524942  0.35507488  0.35507488  0.36859255  0.36180292  0.32875699  0.36180292  0.45532162  0.45532162  0.33524942  0.36859255  0.45532162  0.44769398  0.44769398  0.44769398  0.46302854  0.47081638  0.47868688  0.47868688  0.51103174  0.51103174  0.50281231  0.54485189  0.51103174  0.51934328  0.51934328  0.53625116  0.32232091  0.37544492  0.30334115  0.39639032  0.34179920  0.32232091  0.33524942  0.36180292  0.36180292  0.40350568  0.33524942  0.37544492  0.36180292  0.36859255  0.38934259  0.33524942  0.34179920  0.32875699  0.34840733  0.36180292  0.49468298  0.51934328  0.51934328  0.47081638  0.45532162  0.42527076  0.43267009  0.41794453  0.42527076  0.41068996  0.43267009  0.45532162  0.43267009  0.44769398  0.36859255  0.37544492  0.36859255  0.39639032  0.39639032  0.37544492  0.38236120  0.42527076  0.40350568  0.44014399  0.44014399  0.38934259  0.41068996  0.40350568  0.38236120  0.36859255  0.38934259  0.38934259  0.38236120  0.34179920  0.34840733  0.35507488  0.34840733  0.38236120  0.38934259  0.38934259  0.32875699  0.34179920  0.33524942  0.30961392  0.32232091  0.47868688  0.47868688  
60_0_0     0.17202056  0.00416103  0.00000000  0.01255379  0.01678606  0.02962974  0.07872311  0.10693751  0.17202056  0.24336958  0.17727174  0.16680629  0.14630830  0.34179920  0.35507488  0.34840733  0.33524942  0.33524942  0.32875699  0.34179920  0.34840733  0.32875699  0.34840733  0.32232091  0.34179920  0.34840733  0.36180292  0.37544492  0.34840733  0.34840733  0.34840733  0.32875699  0.35507488  0.39639032  0.39639032  0.44014399  0.51934328  0.51103174  0.36180292  0.36180292  0.38236120  0.38934259  0.36859255  0.36859255  0.36180292  0.27274931  0.29095257  0.40350568  0.44769398  0.42527076  0.48664180  0.47868688  0.45532162  0.30961392  0.30961392  0.33524942  0.31594020  0.32232091  0.31594020  0.31594020  0.30334115  0.29712099  0.31594020  0.29712099  0.30334115  0.29712099  0.30961392  0.32232091  0.30961392  0.34179920  0.32232091  0.28483504  0.36180292  0.36180292  0.36180292  0.40350568  0.40350568  0.40350568  0.41068996  0.39639032  0.40350568  0.37544492  0.35507488  0.34179920  0.32232091  0.34179920  0.36180292  0.36180292  0.37544492  0.36859255  0.33524942  0.35507488  0.44769398  0.46302854  0.32875699  0.36180292  0.44769398  0.44014399  0.44014399  0.44014399  0.45532162  0.46302854  0.47081638  0.48664180  0.51934328  0.51934328  0.51103174  0.53625116  0.51934328  0.52774904  0.52774904  0.54485189  0.31594020  0.36859255  0.29712099  0.38934259  0.33524942  0.31594020  0.32875699  0.35507488  0.35507488  0.41068996  0.32875699  0.36859255  0.35507488  0.36180292  0.38236120  0.34179920  0.34840733  0.32232091  0.34179920  0.35507488  0.48664180  0.51103174  0.51103174  0.47868688  0.44769398  0.41794453  0.42527076  0.41068996  0.41794453  0.40350568  0.42527076  0.44769398  0.42527076  0.44014399  0.37544492  0.38236120  0.37544492  0.40350568  0.40350568  0.38236120  0.38934259  0.43267009  0.39639032  0.44769398  0.44769398  0.39639032  0.40350568  0.39639032  0.37544492  0.37544492  0.38236120  0.38236120  0.37544492  0.34840733  0.35507488  0.36180292  0.34179920  0.37544492  0.38236120  0.39639032  0.33524942  0.34840733  0.34179920  0.31594020  0.32875699  0.47081638  0.47081638  
13_0_0     0.17727174  0.00834554  0.01255379  0.00000000  0.00416103  0.01678606  0.07412334  0.11174606  0.17727174  0.23763076  0.16162843  0.16162843  0.14127112  0.32232091  0.34840733  0.34179920  0.32875699  0.32875699  0.32232091  0.33524942  0.34179920  0.32232091  0.34179920  0.31594020  0.33524942  0.34179920  0.35507488  0.36859255  0.34179920  0.34179920  0.34179920  0.33524942  0.34840733  0.40350568  0.40350568  0.41794453  0.51934328  0.51103174  0.35507488  0.35507488  0.37544492  0.38236120  0.36180292  0.36180292  0.35507488  0.26677951  0.28483504  0.38236120  0.42527076  0.40350568  0.46302854  0.45532162  0.44769398  0.31594020  0.31594020  0.34179920  0.32232091  0.32875699  0.32232091  0.32232091  0.30961392  0.30334115  0.32232091  0.30334115  0.30961392  0.30334115  0.31594020  0.32875699  0.31594020  0.34840733  0.30334115  0.29095257  0.35507488  0.35507488  0.35507488  0.41068996  0.41068996  0.41068996  0.41794453  0.40350568  0.41068996  0.36859255  0.33524942  0.32232091  0.30334115  0.32232091  0.34179920  0.34179920  0.35507488  0.34840733  0.31594020  0.36180292  0.45532162  0.45532162  0.33524942  0.36859255  0.45532162  0.44769398  0.44769398  0.44769398  0.46302854  0.47081638  0.47868688  0.49468298  0.52774904  0.52774904  0.51934328  0.56235850  0.52774904  0.53625116  0.53625116  0.55355354  0.32232091  0.38934259  0.29095257  0.38236120  0.34179920  0.32232091  0.33524942  0.36180292  0.36180292  0.40350568  0.33524942  0.37544492  0.36180292  0.36859255  0.38934259  0.33524942  0.34179920  0.32875699  0.34840733  0.36180292  0.49468298  0.51934328  0.51934328  0.48664180  0.47081638  0.42527076  0.42527076  0.41794453  0.42527076  0.41068996  0.43267009  0.44014399  0.43267009  0.44769398  0.35507488  0.37544492  0.36859255  0.39639032  0.39639032  0.37544492  0.38236120  0.41068996  0.38934259  0.44014399  0.44014399  0.37544492  0.39639032  0.38934259  0.36859255  0.35507488  0.37544492  0.37544492  0.36859255  0.32875699  0.33524942  0.34179920  0.33524942  0.36859255  0.37544492  0.37544492  0.32875699  0.34179920  0.33524942  0.30961392  0.32232091  0.46302854  0.46302854  
64_0_0     0.18256037  0.01255379  0.01678606  0.00416103  0.00000000  0.01255379  0.07872311  0.11658600  0.18256037  0.23193602  0.16680629  0.16680629  0.14630830  0.31594020  0.34179920  0.33524942  0.32232091  0.32232091  0.31594020  0.32875699  0.34840733  0.32875699  0.33524942  0.30961392  0.32875699  0.33524942  0.34840733  0.36180292  0.34840733  0.34840733  0.34840733  0.32875699  0.34179920  0.39639032  0.39639032  0.41068996  0.52774904  0.51934328  0.34840733  0.34840733  0.36859255  0.37544492  0.35507488  0.35507488  0.36180292  0.26085739  0.27876756  0.37544492  0.41794453  0.39639032  0.45532162  0.44769398  0.44014399  0.32232091  0.32232091  0.34840733  0.32875699  0.33524942  0.32875699  0.32875699  0.31594020  0.30961392  0.32875699  0.29712099  0.30334115  0.29712099  0.30961392  0.32232091  0.30961392  0.34179920  0.30961392  0.28483504  0.34840733  0.34840733  0.34840733  0.41794453  0.40350568  0.40350568  0.41068996  0.39639032  0.40350568  0.36180292  0.32875699  0.31594020  0.29712099  0.31594020  0.33524942  0.33524942  0.34840733  0.34179920  0.30961392  0.36859255  0.44769398  0.44769398  0.33524942  0.36859255  0.46302854  0.45532162  0.45532162  0.45532162  0.47081638  0.47868688  0.48664180  0.49468298  0.52774904  0.52774904  0.51934328  0.56235850  0.52774904  0.53625116  0.53625116  0.55355354  0.31594020  0.38236120  0.28483504  0.37544492  0.33524942  0.31594020  0.32875699  0.35507488  0.35507488  0.41068996  0.32875699  0.36859255  0.35507488  0.36180292  0.38236120  0.32875699  0.33524942  0.32232091  0.34179920  0.35507488  0.50281231  0.52774904  0.52774904  0.47868688  0.46302854  0.43267009  0.43267009  0.42527076  0.43267009  0.41794453  0.44014399  0.43267009  0.44014399  0.44014399  0.36180292  0.38236120  0.37544492  0.40350568  0.40350568  0.38236120  0.38934259  0.41794453  0.39639032  0.44769398  0.44769398  0.38236120  0.40350568  0.39639032  0.37544492  0.36180292  0.38236120  0.36859255  0.36180292  0.32232091  0.32875699  0.33524942  0.34179920  0.37544492  0.38236120  0.38236120  0.33524942  0.34840733  0.34179920  0.31594020  0.32875699  0.47081638  0.47081638  
23_0_0     0.17727174  0.02532375  0.02962974  0.01678606  0.01255379  0.00000000  0.09269614  0.12145773  0.17727174  0.24915315  0.16162843  0.17202056  0.16162843  0.30334115  0.32875699  0.32232091  0.30961392  0.30961392  0.30334115  0.31594020  0.33524942  0.31594020  0.32232091  0.30961392  0.31594020  0.32232091  0.33524942  0.34840733  0.34840733  0.34840733  0.34840733  0.31594020  0.34179920  0.39639032  0.39639032  0.42527076  0.51103174  0.50281231  0.34179920  0.34179920  0.36180292  0.36859255  0.34840733  0.36180292  0.36180292  0.26085739  0.27876756  0.38934259  0.43267009  0.41068996  0.47081638  0.46302854  0.45532162  0.32232091  0.32232091  0.34840733  0.31594020  0.32232091  0.31594020  0.32875699  0.31594020  0.30961392  0.32875699  0.29712099  0.30334115  0.30961392  0.30961392  0.32232091  0.30961392  0.34179920  0.30961392  0.28483504  0.34840733  0.34840733  0.34840733  0.41794453  0.38934259  0.40350568  0.41068996  0.39639032  0.40350568  0.36180292  0.32875699  0.31594020  0.29712099  0.31594020  0.33524942  0.33524942  0.34840733  0.34179920  0.30961392  0.38236120  0.43267009  0.46302854  0.33524942  0.36859255  0.46302854  0.45532162  0.45532162  0.45532162  0.47081638  0.47868688  0.48664180  0.48664180  0.51934328  0.51934328  0.51103174  0.55355354  0.51934328  0.52774904  0.52774904  0.54485189  0.32875699  0.39639032  0.29712099  0.37544492  0.33524942  0.31594020  0.32875699  0.35507488  0.35507488  0.41068996  0.32875699  0.36859255  0.36859255  0.37544492  0.38236120  0.34179920  0.34840733  0.30961392  0.32875699  0.34179920  0.49468298  0.51934328  0.51934328  0.46302854  0.44769398  0.43267009  0.43267009  0.42527076  0.43267009  0.41794453  0.44014399  0.43267009  0.44014399  0.44014399  0.36180292  0.38236120  0.37544492  0.40350568  0.40350568  0.38236120  0.38934259  0.41794453  0.39639032  0.44769398  0.44769398  0.38236120  0.40350568  0.39639032  0.38934259  0.36180292  0.38236120  0.36859255  0.36180292  0.32232091  0.32875699  0.33524942  0.34179920  0.37544492  0.38236120  0.38236120  0.34840733  0.36180292  0.35507488  0.31594020  0.32875699  0.47081638  0.47081638  
38_0_0     0.17727174  0.07412334  0.07872311  0.07412334  0.07872311  0.09269614  0.00000000  0.09269614  0.13626792  0.20958451  0.15137993  0.12145773  0.11174606  0.31594020  0.30334115  0.29712099  0.30961392  0.32232091  0.29095257  0.29095257  0.32232091  0.31594020  0.32232091  0.30961392  0.31594020  0.32232091  0.33524942  0.34840733  0.34840733  0.34840733  0.34840733  0.32875699  0.35507488  0.41068996  0.41068996  0.38934259  0.50281231  0.49468298  0.32232091  0.32232091  0.34179920  0.33524942  0.31594020  0.31594020  0.33524942  0.26085739  0.27876756  0.39639032  0.42527076  0.40350568  0.44014399  0.43267009  0.41794453  0.29712099  0.29712099  0.33524942  0.30334115  0.30961392  0.31594020  0.30334115  0.30334115  0.29712099  0.30334115  0.27274931  0.29095257  0.29712099  0.29712099  0.29712099  0.28483504  0.34179920  0.29712099  0.27274931  0.36180292  0.36180292  0.36180292  0.39639032  0.41068996  0.39639032  0.41794453  0.40350568  0.38934259  0.36180292  0.33524942  0.32232091  0.30334115  0.32232091  0.35507488  0.32875699  0.32875699  0.33524942  0.32875699  0.34179920  0.41068996  0.44014399  0.32875699  0.36180292  0.44769398  0.44014399  0.44014399  0.44014399  0.45532162  0.46302854  0.47081638  0.48664180  0.50281231  0.50281231  0.49468298  0.54485189  0.50281231  0.51103174  0.51103174  0.51103174  0.34179920  0.41068996  0.30961392  0.41068996  0.34840733  0.35507488  0.36859255  0.39639032  0.38236120  0.38236120  0.36859255  0.39639032  0.38236120  0.38934259  0.36859255  0.32875699  0.33524942  0.34840733  0.36859255  0.39639032  0.46302854  0.47081638  0.47081638  0.48664180  0.47868688  0.39639032  0.40350568  0.38934259  0.39639032  0.39639032  0.41794453  0.42527076  0.39639032  0.41794453  0.33524942  0.35507488  0.34179920  0.36180292  0.36180292  0.34179920  0.34840733  0.41794453  0.38236120  0.45532162  0.45532162  0.36859255  0.38934259  0.39639032  0.37544492  0.36180292  0.38236120  0.41068996  0.40350568  0.37544492  0.38236120  0.37544492  0.34179920  0.39639032  0.40350568  0.40350568  0.33524942  0.34840733  0.34179920  0.32875699  0.34179920  0.47081638  0.47081638  
79_0_0     0.16162843  0.11174606  0.10693751  0.11174606  0.11658600  0.12145773  0.09269614  0.00000000  0.10215994  0.23763076  0.14630830  0.13626792  0.10693751  0.32875699  0.34179920  0.33524942  0.32875699  0.32875699  0.31594020  0.32875699  0.34840733  0.32875699  0.34840733  0.33524942  0.32875699  0.33524942  0.34840733  0.33524942  0.36180292  0.36180292  0.36180292  0.32875699  0.34179920  0.38236120  0.38236120  0.39639032  0.54485189  0.53625116  0.30961392  0.30961392  0.32875699  0.33524942  0.32875699  0.34179920  0.38236120  0.25498218  0.28483504  0.40350568  0.41794453  0.39639032  0.44014399  0.44769398  0.45532162  0.24915315  0.24915315  0.29712099  0.26677951  0.27274931  0.27876756  0.26677951  0.26677951  0.26085739  0.26677951  0.27274931  0.27876756  0.29712099  0.29712099  0.28483504  0.28483504  0.34179920  0.30961392  0.26085739  0.34840733  0.34840733  0.34840733  0.38934259  0.40350568  0.38934259  0.38236120  0.38236120  0.38934259  0.36180292  0.35507488  0.34179920  0.32232091  0.34179920  0.37544492  0.34840733  0.34840733  0.35507488  0.33524942  0.35507488  0.45532162  0.46302854  0.33524942  0.34179920  0.42527076  0.43267009  0.43267009  0.43267009  0.44769398  0.45532162  0.44769398  0.51103174  0.56235850  0.56235850  0.55355354  0.59866252  0.56235850  0.57126925  0.57126925  0.58941855  0.31594020  0.42527076  0.30961392  0.40350568  0.33524942  0.31594020  0.32875699  0.35507488  0.35507488  0.40350568  0.34179920  0.37544492  0.34840733  0.36859255  0.41068996  0.35507488  0.34840733  0.32232091  0.32875699  0.34179920  0.46302854  0.47081638  0.47081638  0.45532162  0.42527076  0.44014399  0.44769398  0.43267009  0.44014399  0.44014399  0.44769398  0.46302854  0.42527076  0.46302854  0.38934259  0.39639032  0.38236120  0.40350568  0.40350568  0.38236120  0.41794453  0.46302854  0.41068996  0.44014399  0.44014399  0.36859255  0.38934259  0.39639032  0.40350568  0.36180292  0.38934259  0.39639032  0.38934259  0.40350568  0.39639032  0.38934259  0.35507488  0.39639032  0.40350568  0.44769398  0.34840733  0.36180292  0.34179920  0.32875699  0.34179920  0.44014399  0.44014399  
69_0_0     0.24336958  0.17727174  0.17202056  0.17727174  0.18256037  0.17727174  0.13626792  0.10215994  0.00000000  0.29095257  0.18256037  0.17202056  0.17202056  0.33524942  0.33524942  0.32875699  0.35507488  0.35507488  0.32232091  0.32232091  0.34840733  0.34179920  0.35507488  0.35507488  0.36180292  0.35507488  0.36859255  0.36859255  0.39639032  0.39639032  0.39639032  0.34840733  0.40350568  0.38934259  0.38934259  0.41068996  0.50281231  0.49468298  0.34179920  0.34179920  0.34840733  0.36859255  0.32232091  0.34840733  0.37544492  0.29712099  0.30334115  0.44769398  0.46302854  0.42527076  0.46302854  0.47081638  0.47868688  0.30334115  0.30334115  0.35507488  0.28483504  0.29095257  0.29712099  0.29712099  0.29712099  0.30334115  0.29712099  0.30334115  0.32232091  0.32875699  0.34179920  0.31594020  0.30334115  0.36180292  0.36859255  0.29095257  0.42527076  0.42527076  0.42527076  0.43267009  0.41794453  0.44769398  0.44014399  0.44014399  0.44014399  0.39639032  0.42527076  0.41068996  0.38934259  0.41068996  0.43267009  0.41794453  0.41794453  0.42527076  0.38934259  0.38934259  0.43267009  0.43267009  0.35507488  0.37544492  0.41794453  0.42527076  0.42527076  0.42527076  0.44014399  0.43267009  0.44014399  0.48664180  0.57126925  0.57126925  0.56235850  0.56235850  0.57126925  0.58028838  0.58028838  0.56235850  0.34840733  0.46302854  0.35507488  0.44769398  0.35507488  0.34840733  0.36180292  0.38934259  0.32232091  0.35507488  0.30961392  0.38236120  0.39639032  0.40350568  0.36180292  0.36180292  0.35507488  0.31594020  0.33524942  0.36180292  0.49468298  0.51934328  0.51934328  0.45532162  0.42527076  0.41794453  0.42527076  0.41068996  0.41794453  0.44769398  0.44014399  0.46302854  0.41794453  0.44014399  0.36859255  0.37544492  0.36180292  0.39639032  0.39639032  0.38934259  0.41068996  0.44769398  0.38934259  0.46302854  0.46302854  0.41794453  0.35507488  0.36180292  0.36859255  0.35507488  0.37544492  0.40350568  0.41068996  0.39639032  0.38934259  0.38236120  0.34840733  0.36859255  0.37544492  0.40350568  0.35507488  0.36859255  0.36180292  0.33524942  0.34840733  0.53625116  0.53625116  
44_6_0     0.20958451  0.23763076  0.24336958  0.23763076  0.23193602  0.24915315  0.20958451  0.23763076  0.29095257  0.00000000  0.23193602  0.19865640  0.19865640  0.35507488  0.32232091  0.32875699  0.38934259  0.38934259  0.34179920  0.34179920  0.37544492  0.36859255  0.36180292  0.36180292  0.36859255  0.37544492  0.38236120  0.40350568  0.37544492  0.37544492  0.37544492  0.35507488  0.36859255  0.41794453  0.41794453  0.37544492  0.48664180  0.47868688  0.34179920  0.34179920  0.37544492  0.36180292  0.34840733  0.36859255  0.46302854  0.33524942  0.38236120  0.44769398  0.48664180  0.47868688  0.49468298  0.48664180  0.48664180  0.39639032  0.39639032  0.40350568  0.41068996  0.41794453  0.41068996  0.41068996  0.39639032  0.40350568  0.41068996  0.34179920  0.34840733  0.34840733  0.35507488  0.34840733  0.38934259  0.38934259  0.41068996  0.35507488  0.41068996  0.41068996  0.41068996  0.45532162  0.46302854  0.43267009  0.43267009  0.42527076  0.43267009  0.41794453  0.35507488  0.36180292  0.34179920  0.34840733  0.36180292  0.34840733  0.34840733  0.35507488  0.35507488  0.41068996  0.54485189  0.44014399  0.36859255  0.36180292  0.45532162  0.44769398  0.44769398  0.44769398  0.49468298  0.51934328  0.47868688  0.50281231  0.53625116  0.53625116  0.52774904  0.51934328  0.53625116  0.54485189  0.54485189  0.56235850  0.41068996  0.47081638  0.41794453  0.49468298  0.41068996  0.40350568  0.38934259  0.42527076  0.45532162  0.46302854  0.41068996  0.44014399  0.41068996  0.41794453  0.41794453  0.36859255  0.36180292  0.41068996  0.43267009  0.44014399  0.47081638  0.48664180  0.48664180  0.47868688  0.48664180  0.46302854  0.47081638  0.45532162  0.46302854  0.47868688  0.48664180  0.45532162  0.40350568  0.44014399  0.35507488  0.38934259  0.38934259  0.40350568  0.40350568  0.38236120  0.38934259  0.44014399  0.37544492  0.48664180  0.48664180  0.43267009  0.47868688  0.47081638  0.44769398  0.43267009  0.51103174  0.48664180  0.47868688  0.42527076  0.41794453  0.42527076  0.46302854  0.47081638  0.47868688  0.46302854  0.38236120  0.39639032  0.36859255  0.40350568  0.39639032  0.58941855  0.58941855  
79_6_0     0.14630830  0.17202056  0.17727174  0.16162843  0.16680629  0.16162843  0.15137993  0.14630830  0.18256037  0.23193602  0.00000000  0.02532375  0.06049275  0.26085739  0.29095257  0.28483504  0.31594020  0.31594020  0.27876756  0.29095257  0.32232091  0.30334115  0.32232091  0.30961392  0.31594020  0.32232091  0.33524942  0.34840733  0.32875699  0.32875699  0.32875699  0.32232091  0.36859255  0.36859255  0.36859255  0.34179920  0.49468298  0.48664180  0.28483504  0.28483504  0.31594020  0.30961392  0.29095257  0.31594020  0.35507488  0.27876756  0.29712099  0.38236120  0.41068996  0.37544492  0.38934259  0.39639032  0.40350568  0.24336958  0.24336958  0.34179920  0.24915315  0.25498218  0.26085739  0.26085739  0.26085739  0.26677951  0.26085739  0.24915315  0.25498218  0.26677951  0.29712099  0.28483504  0.28483504  0.31594020  0.29712099  0.23763076  0.34179920  0.34179920  0.34179920  0.42527076  0.43267009  0.41794453  0.41068996  0.42527076  0.44014399  0.34840733  0.32875699  0.34179920  0.33524942  0.32875699  0.36859255  0.34179920  0.34179920  0.34840733  0.32875699  0.33524942  0.42527076  0.38934259  0.34179920  0.34840733  0.45532162  0.46302854  0.46302854  0.46302854  0.49468298  0.50281231  0.47868688  0.48664180  0.51103174  0.51103174  0.50281231  0.53625116  0.51103174  0.51934328  0.51934328  0.51934328  0.27274931  0.37544492  0.29095257  0.42527076  0.30961392  0.33524942  0.33524942  0.36180292  0.33524942  0.36859255  0.30961392  0.36180292  0.36180292  0.35507488  0.37544492  0.30334115  0.32232091  0.29095257  0.29712099  0.31594020  0.44769398  0.46302854  0.46302854  0.44769398  0.44014399  0.38934259  0.38934259  0.38236120  0.38934259  0.38934259  0.39639032  0.44014399  0.40350568  0.42527076  0.36180292  0.38236120  0.36859255  0.38934259  0.38934259  0.38236120  0.40350568  0.38934259  0.37544492  0.45532162  0.45532162  0.32875699  0.36180292  0.36859255  0.33524942  0.33524942  0.36180292  0.35507488  0.34840733  0.32875699  0.33524942  0.32875699  0.32232091  0.36180292  0.36859255  0.36859255  0.29712099  0.30961392  0.29095257  0.32232091  0.30961392  0.50281231  0.50281231  
69_6_0     0.13626792  0.16162843  0.16680629  0.16162843  0.16680629  0.17202056  0.12145773  0.13626792  0.17202056  0.19865640  0.02532375  0.00000000  0.05154291  0.26677951  0.27274931  0.26677951  0.30961392  0.30961392  0.27274931  0.27274931  0.30334115  0.29712099  0.31594020  0.30334115  0.30961392  0.31594020  0.32875699  0.34179920  0.32232091  0.32232091  0.32232091  0.31594020  0.34840733  0.36180292  0.36180292  0.32232091  0.49468298  0.48664180  0.26677951  0.26677951  0.29712099  0.29095257  0.26085739  0.28483504  0.34840733  0.26085739  0.27876756  0.36859255  0.39639032  0.36180292  0.38934259  0.38236120  0.38934259  0.23763076  0.23763076  0.32232091  0.25498218  0.26085739  0.26677951  0.25498218  0.25498218  0.26085739  0.25498218  0.24336958  0.24915315  0.26085739  0.29095257  0.27876756  0.27876756  0.29712099  0.30334115  0.23193602  0.32232091  0.32232091  0.32232091  0.40350568  0.42527076  0.39639032  0.40350568  0.40350568  0.41068996  0.32875699  0.32232091  0.33524942  0.32875699  0.32232091  0.34840733  0.32232091  0.32232091  0.32875699  0.32232091  0.32875699  0.41068996  0.36180292  0.32232091  0.32875699  0.42527076  0.43267009  0.43267009  0.43267009  0.46302854  0.47081638  0.44769398  0.47081638  0.49468298  0.49468298  0.48664180  0.51103174  0.49468298  0.50281231  0.50281231  0.50281231  0.26677951  0.38236120  0.28483504  0.43267009  0.29095257  0.32875699  0.32875699  0.35507488  0.32875699  0.34840733  0.30334115  0.35507488  0.34179920  0.33524942  0.35507488  0.29712099  0.31594020  0.29712099  0.30334115  0.32232091  0.41794453  0.43267009  0.43267009  0.44014399  0.43267009  0.39639032  0.40350568  0.38934259  0.39639032  0.39639032  0.41794453  0.46302854  0.39639032  0.40350568  0.34179920  0.34840733  0.33524942  0.36859255  0.36859255  0.34840733  0.36859255  0.38236120  0.35507488  0.43267009  0.43267009  0.33524942  0.36859255  0.37544492  0.34179920  0.34179920  0.36859255  0.37544492  0.36859255  0.34840733  0.35507488  0.34840733  0.32875699  0.36859255  0.37544492  0.37544492  0.29095257  0.30334115  0.28483504  0.31594020  0.30334115  0.49468298  0.49468298  
38_6_0     0.11658600  0.14127112  0.14630830  0.14127112  0.14630830  0.16162843  0.11174606  0.10693751  0.17202056  0.19865640  0.06049275  0.05154291  0.00000000  0.27274931  0.29095257  0.28483504  0.30334115  0.30334115  0.26677951  0.27876756  0.30961392  0.29095257  0.29712099  0.29712099  0.29095257  0.29712099  0.30961392  0.32232091  0.30334115  0.30334115  0.30334115  0.29712099  0.31594020  0.36859255  0.36859255  0.34179920  0.49468298  0.50281231  0.27876756  0.27876756  0.32232091  0.31594020  0.28483504  0.30334115  0.34179920  0.25498218  0.27274931  0.34179920  0.37544492  0.34840733  0.38236120  0.37544492  0.39639032  0.23193602  0.23193602  0.31594020  0.24915315  0.25498218  0.26085739  0.24915315  0.24915315  0.25498218  0.24915315  0.22628467  0.22067606  0.24336958  0.28483504  0.24915315  0.24915315  0.30334115  0.29095257  0.20410032  0.32232091  0.32232091  0.32232091  0.38236120  0.40350568  0.37544492  0.36859255  0.38236120  0.38236120  0.33524942  0.30334115  0.31594020  0.29712099  0.30334115  0.34179920  0.31594020  0.31594020  0.32232091  0.30334115  0.32232091  0.42527076  0.37544492  0.32875699  0.32232091  0.42527076  0.43267009  0.43267009  0.43267009  0.46302854  0.45532162  0.43267009  0.44769398  0.50281231  0.50281231  0.51103174  0.52774904  0.50281231  0.51103174  0.51103174  0.49468298  0.27274931  0.36180292  0.29095257  0.44014399  0.30961392  0.30961392  0.30961392  0.33524942  0.33524942  0.34179920  0.30961392  0.33524942  0.33524942  0.30334115  0.34840733  0.30334115  0.32232091  0.26677951  0.28483504  0.31594020  0.40350568  0.43267009  0.43267009  0.41794453  0.41068996  0.38236120  0.38934259  0.37544492  0.38236120  0.39639032  0.38934259  0.41794453  0.39639032  0.41794453  0.33524942  0.35507488  0.34179920  0.37544492  0.37544492  0.36859255  0.38934259  0.40350568  0.37544492  0.44014399  0.44014399  0.33524942  0.38236120  0.38934259  0.35507488  0.36180292  0.37544492  0.36859255  0.36180292  0.33524942  0.34179920  0.32875699  0.32232091  0.36180292  0.36859255  0.38236120  0.28483504  0.29712099  0.27876756  0.30961392  0.29712099  0.45532162  0.45532162  
34_0_0     0.34179920  0.33524942  0.34179920  0.32232091  0.31594020  0.30334115  0.31594020  0.32875699  0.33524942  0.35507488  0.26085739  0.26677951  0.27274931  0.00000000  0.03831747  0.03396088  0.06049275  0.06049275  0.03831747  0.04710817  0.10693751  0.10693751  0.06500850  0.07412334  0.07412334  0.06955191  0.09741294  0.08800915  0.12636167  0.12636167  0.12636167  0.10693751  0.12636167  0.17727174  0.17727174  0.18256037  0.27274931  0.26677951  0.13129826  0.13129826  0.17202056  0.16680629  0.13626792  0.15648648  0.19325215  0.15648648  0.16162843  0.24915315  0.27274931  0.24336958  0.28483504  0.26677951  0.29095257  0.12145773  0.12145773  0.17727174  0.10693751  0.11174606  0.11658600  0.11658600  0.12636167  0.14127112  0.12145773  0.12145773  0.12145773  0.13129826  0.19325215  0.13129826  0.14630830  0.17727174  0.16680629  0.10693751  0.21510955  0.21510955  0.21510955  0.26677951  0.29712099  0.27274931  0.29712099  0.29095257  0.27876756  0.20958451  0.18256037  0.18788699  0.19325215  0.17727174  0.20410032  0.19325215  0.20410032  0.19865640  0.15648648  0.22067606  0.24915315  0.20410032  0.20410032  0.18788699  0.33524942  0.34179920  0.34179920  0.34179920  0.35507488  0.36180292  0.34179920  0.42527076  0.45532162  0.45532162  0.44769398  0.48664180  0.43267009  0.44769398  0.44769398  0.40350568  0.15648648  0.30334115  0.18788699  0.29712099  0.19325215  0.17727174  0.17727174  0.23193602  0.19865640  0.25498218  0.20410032  0.17727174  0.18788699  0.19325215  0.22628467  0.17202056  0.18788699  0.16162843  0.16680629  0.17202056  0.29095257  0.30334115  0.30334115  0.29712099  0.28483504  0.28483504  0.28483504  0.29095257  0.28483504  0.27274931  0.27876756  0.32875699  0.29095257  0.27876756  0.20958451  0.22067606  0.20410032  0.23763076  0.23763076  0.24915315  0.25498218  0.24336958  0.19865640  0.30961392  0.30961392  0.29095257  0.30334115  0.30961392  0.29712099  0.30961392  0.29712099  0.29712099  0.30334115  0.26085739  0.26677951  0.26085739  0.24336958  0.29095257  0.29712099  0.29712099  0.17727174  0.18788699  0.17202056  0.17202056  0.15648648  0.36180292  0.36180292  
7_0_0      0.32232091  0.34840733  0.35507488  0.34840733  0.34179920  0.32875699  0.30334115  0.34179920  0.33524942  0.32232091  0.29095257  0.27274931  0.29095257  0.03831747  0.00000000  0.00416103  0.05600433  0.06500850  0.04269979  0.04269979  0.10215994  0.11174606  0.07412334  0.07872311  0.07872311  0.07412334  0.10215994  0.10215994  0.13129826  0.13129826  0.13129826  0.10215994  0.11174606  0.18256037  0.18256037  0.18256037  0.27274931  0.26677951  0.14127112  0.14127112  0.17202056  0.17727174  0.13626792  0.16680629  0.20410032  0.16162843  0.15648648  0.26085739  0.27274931  0.25498218  0.28483504  0.26677951  0.29095257  0.14630830  0.14630830  0.18256037  0.13129826  0.13626792  0.14127112  0.14127112  0.15137993  0.14630830  0.14630830  0.13626792  0.12636167  0.15648648  0.18788699  0.12636167  0.14127112  0.17202056  0.17727174  0.12145773  0.24336958  0.24336958  0.24336958  0.27876756  0.28483504  0.27274931  0.29712099  0.29095257  0.28483504  0.19325215  0.22067606  0.21510955  0.22067606  0.21510955  0.23193602  0.22067606  0.22067606  0.22628467  0.19325215  0.21510955  0.22067606  0.18788699  0.20958451  0.19325215  0.32875699  0.33524942  0.33524942  0.33524942  0.34840733  0.34179920  0.33524942  0.38934259  0.43267009  0.43267009  0.42527076  0.44769398  0.41068996  0.42527076  0.42527076  0.36859255  0.18256037  0.30334115  0.20410032  0.29712099  0.17727174  0.18788699  0.18788699  0.22067606  0.20410032  0.26677951  0.19325215  0.18788699  0.19865640  0.21510955  0.22067606  0.17727174  0.18256037  0.18788699  0.19325215  0.19865640  0.29095257  0.30334115  0.30334115  0.31594020  0.32232091  0.25498218  0.26085739  0.26085739  0.25498218  0.25498218  0.26085739  0.29712099  0.24915315  0.24915315  0.20958451  0.19865640  0.18256037  0.21510955  0.21510955  0.22067606  0.22628467  0.23193602  0.18788699  0.33524942  0.33524942  0.28483504  0.32232091  0.32875699  0.30334115  0.29095257  0.30334115  0.32875699  0.33524942  0.30334115  0.30961392  0.30334115  0.26085739  0.30961392  0.31594020  0.31594020  0.18256037  0.19325215  0.18788699  0.18788699  0.17202056  0.36859255  0.36859255  
49_0_0     0.31594020  0.34179920  0.34840733  0.34179920  0.33524942  0.32232091  0.29712099  0.33524942  0.32875699  0.32875699  0.28483504  0.26677951  0.28483504  0.03396088  0.00416103  0.00000000  0.05154291  0.06049275  0.03831747  0.03831747  0.09741294  0.10693751  0.06955191  0.07412334  0.07412334  0.06955191  0.09741294  0.09741294  0.12636167  0.12636167  0.12636167  0.09741294  0.11658600  0.18788699  0.18788699  0.18788699  0.27876756  0.27274931  0.13626792  0.13626792  0.17727174  0.17202056  0.13129826  0.16162843  0.20958451  0.15648648  0.15137993  0.26677951  0.27876756  0.26085739  0.29095257  0.27274931  0.29712099  0.14127112  0.14127112  0.17727174  0.12636167  0.13129826  0.13626792  0.13626792  0.14630830  0.14127112  0.14127112  0.13129826  0.12145773  0.15137993  0.19325215  0.13129826  0.13626792  0.16680629  0.17202056  0.11658600  0.23763076  0.23763076  0.23763076  0.27274931  0.27876756  0.26677951  0.29095257  0.28483504  0.27876756  0.19865640  0.21510955  0.20958451  0.21510955  0.20958451  0.22628467  0.21510955  0.21510955  0.22067606  0.18788699  0.20958451  0.21510955  0.19325215  0.20410032  0.18788699  0.32232091  0.32875699  0.32875699  0.32875699  0.34179920  0.33524942  0.32875699  0.39639032  0.44014399  0.44014399  0.43267009  0.45532162  0.41794453  0.43267009  0.43267009  0.37544492  0.17727174  0.29712099  0.19865640  0.29095257  0.17202056  0.18256037  0.18256037  0.21510955  0.19865640  0.26085739  0.19865640  0.18256037  0.19325215  0.20958451  0.21510955  0.17202056  0.17727174  0.18256037  0.18788699  0.19325215  0.28483504  0.29712099  0.29712099  0.30961392  0.31594020  0.24915315  0.25498218  0.25498218  0.24915315  0.24915315  0.25498218  0.30334115  0.24336958  0.24336958  0.20410032  0.19325215  0.17727174  0.20958451  0.20958451  0.21510955  0.22067606  0.23763076  0.18256037  0.32875699  0.32875699  0.27876756  0.31594020  0.32232091  0.29712099  0.29712099  0.30961392  0.32232091  0.32875699  0.29712099  0.30334115  0.29712099  0.25498218  0.30334115  0.30961392  0.30961392  0.17727174  0.18788699  0.18256037  0.18256037  0.16680629  0.36180292  0.36180292  
92_0_0     0.34840733  0.32875699  0.33524942  0.32875699  0.32232091  0.30961392  0.30961392  0.32875699  0.35507488  0.38934259  0.31594020  0.30961392  0.30334115  0.06049275  0.05600433  0.05154291  0.00000000  0.00834554  0.06500850  0.07412334  0.12636167  0.13626792  0.08800915  0.10215994  0.10215994  0.09741294  0.12636167  0.12145773  0.15137993  0.15137993  0.15137993  0.11658600  0.14127112  0.19865640  0.19865640  0.23763076  0.29712099  0.30334115  0.17727174  0.17727174  0.23193602  0.21510955  0.19325215  0.21510955  0.23763076  0.16162843  0.15648648  0.27876756  0.29095257  0.27274931  0.31594020  0.29712099  0.32232091  0.15648648  0.15648648  0.18256037  0.14630830  0.15137993  0.15648648  0.15648648  0.16680629  0.16162843  0.16162843  0.14127112  0.14127112  0.16162843  0.21510955  0.16162843  0.15648648  0.20410032  0.18788699  0.13626792  0.26085739  0.26085739  0.26085739  0.28483504  0.30334115  0.29095257  0.31594020  0.30961392  0.29712099  0.23193602  0.22628467  0.22067606  0.22628467  0.22067606  0.24915315  0.23763076  0.24915315  0.24336958  0.20958451  0.24336958  0.24915315  0.23763076  0.22628467  0.22067606  0.36180292  0.36859255  0.36859255  0.36859255  0.38236120  0.37544492  0.36859255  0.45532162  0.47081638  0.47081638  0.47868688  0.49468298  0.44769398  0.46302854  0.46302854  0.41794453  0.18788699  0.30961392  0.19865640  0.32232091  0.21510955  0.20410032  0.20410032  0.23763076  0.23193602  0.28483504  0.22067606  0.21510955  0.22628467  0.23193602  0.24915315  0.20410032  0.20958451  0.19325215  0.19865640  0.20410032  0.31594020  0.32875699  0.32875699  0.32875699  0.32232091  0.30961392  0.31594020  0.31594020  0.30961392  0.30961392  0.30334115  0.34179920  0.30334115  0.30334115  0.24336958  0.23763076  0.22067606  0.25498218  0.25498218  0.26085739  0.26677951  0.26085739  0.22628467  0.34840733  0.34840733  0.31594020  0.32875699  0.33524942  0.33524942  0.33524942  0.30961392  0.32232091  0.32875699  0.30334115  0.30961392  0.29712099  0.26677951  0.31594020  0.32232091  0.32232091  0.20958451  0.22067606  0.21510955  0.20410032  0.18788699  0.36859255  0.36859255  
50_0_0     0.34840733  0.32875699  0.33524942  0.32875699  0.32232091  0.30961392  0.32232091  0.32875699  0.35507488  0.38934259  0.31594020  0.30961392  0.30334115  0.06049275  0.06500850  0.06049275  0.00834554  0.00000000  0.07412334  0.08335160  0.13626792  0.14630830  0.09741294  0.11174606  0.11174606  0.10693751  0.13626792  0.13129826  0.16162843  0.16162843  0.16162843  0.12636167  0.14127112  0.18788699  0.18788699  0.22628467  0.30961392  0.31594020  0.17727174  0.17727174  0.23193602  0.21510955  0.19325215  0.21510955  0.22628467  0.16162843  0.15648648  0.27876756  0.30334115  0.27274931  0.31594020  0.29712099  0.32232091  0.15648648  0.15648648  0.18256037  0.14630830  0.15137993  0.15648648  0.15648648  0.16680629  0.16162843  0.16162843  0.14127112  0.14127112  0.16162843  0.21510955  0.16162843  0.16680629  0.20410032  0.18788699  0.13626792  0.26085739  0.26085739  0.26085739  0.28483504  0.29712099  0.29095257  0.31594020  0.30961392  0.29712099  0.23193602  0.22628467  0.22067606  0.22628467  0.22067606  0.24915315  0.23763076  0.24915315  0.24336958  0.20958451  0.25498218  0.24915315  0.23193602  0.22628467  0.22067606  0.34840733  0.35507488  0.35507488  0.35507488  0.36859255  0.37544492  0.35507488  0.45532162  0.48664180  0.48664180  0.49468298  0.51103174  0.46302854  0.47868688  0.47868688  0.43267009  0.18788699  0.30961392  0.20958451  0.30961392  0.21510955  0.20410032  0.20410032  0.24915315  0.23193602  0.27274931  0.22067606  0.21510955  0.22628467  0.23193602  0.24915315  0.20410032  0.19865640  0.19325215  0.19865640  0.20410032  0.31594020  0.32875699  0.32875699  0.33524942  0.32232091  0.30961392  0.31594020  0.31594020  0.30961392  0.30961392  0.30334115  0.34179920  0.30334115  0.30334115  0.25498218  0.24915315  0.23193602  0.26677951  0.26677951  0.27274931  0.27876756  0.27274931  0.23763076  0.36180292  0.36180292  0.31594020  0.32875699  0.33524942  0.33524942  0.32232091  0.29712099  0.30961392  0.31594020  0.29095257  0.29712099  0.28483504  0.25498218  0.30334115  0.30961392  0.30961392  0.20958451  0.22067606  0.21510955  0.20410032  0.18788699  0.38236120  0.38236120  
