160
18_1_0     0.00000000  0.01145330  0.11021326  0.09064580  0.40833826  0.41836554  0.44930407  0.49271443  0.53887971  0.50398409  0.48161665  0.50398409  0.48161665  0.51543103  0.51543103  0.43884439  0.51543103  0.48161665  0.53887971  0.51543103  0.37905975  0.35091386  0.34176873  0.31500335  0.35091386  0.33273710  0.33273710  0.34176873  0.36017538  0.34176873  0.35091386  0.36955631  0.37905975  0.41836554  0.36017538  0.32381620  0.33273710  0.33273710  0.34176873  0.44930407  0.45991630  0.45991630  0.42853292  0.43884439  0.43884439  0.41836554  0.42853292  0.45991630  0.45991630  0.41836554  0.39844729  0.37905975  0.41836554  0.41836554  0.39844729  0.43884439  0.40833826  0.44930407  0.42853292  0.38868895  0.39844729  0.41836554  0.39844729  0.48161665  0.51543103  0.48161665  0.48161665  0.45991630  0.52706092  0.52706092  0.52706092  0.52706092  0.49271443  0.42853292  0.42853292  0.49271443  0.45991630  0.50398409  0.50398409  0.50398409  0.49271443  0.45991630  0.51543103  0.49271443  0.41836554  0.40833826  0.39844729  0.37905975  0.35091386  0.40833826  0.36017538  0.35091386  0.35091386  0.36955631  0.36955631  0.33273710  0.36955631  0.38868895  0.37905975  0.36955631  0.37905975  0.37905975  0.37905975  0.50398409  0.51543103  0.52706092  0.44930407  0.47068558  0.36955631  0.38868895  0.40833826  0.47068558  0.43884439  0.39844729  0.51543103  0.43884439  0.36955631  0.36017538  0.38868895  0.37905975  0.50398409  0.45991630  0.41836554  0.41836554  0.41836554  0.42853292  0.38868895  0.38868895  0.39844729  0.35091386  0.36955631  0.36955631  0.35091386  0.37905975  0.44930407  0.47068558  0.45991630  0.43884439  0.40833826  0.38868895  0.38868895  0.41836554  0.40833826  0.44930407  0.40833826  0.34176873  0.38868895  0.35091386  0.35091386  0.37905975  0.36955631  0.35091386  0.35091386  0.36017538  0.34176873  0.33273710  0.36017538  0.36017538  0.34176873  0.34176873  
58_1_0     0.01145330  0.00000000  0.11021326  0.09064580  0.40833826  0.39844729  0.42853292  0.49271443  0.53887971  0.50398409  0.48161665  0.50398409  0.48161665  0.51543103  0.51543103  0.43884439  0.51543103  0.48161665  0.51543103  0.49271443  0.37905975  0.35091386  0.34176873  0.31500335  0.35091386  0.33273710  0.33273710  0.34176873  0.34176873  0.34176873  0.35091386  0.36955631  0.37905975  0.40833826  0.36017538  0.32381620  0.33273710  0.33273710  0.34176873  0.42853292  0.43884439  0.43884439  0.40833826  0.43884439  0.43884439  0.41836554  0.42853292  0.45991630  0.45991630  0.41836554  0.39844729  0.37905975  0.41836554  0.41836554  0.39844729  0.43884439  0.40833826  0.44930407  0.42853292  0.38868895  0.39844729  0.41836554  0.39844729  0.48161665  0.51543103  0.48161665  0.48161665  0.45991630  0.52706092  0.52706092  0.52706092  0.52706092  0.49271443  0.42853292  0.42853292  0.49271443  0.45991630  0.50398409  0.50398409  0.50398409  0.49271443  0.45991630  0.51543103  0.49271443  0.41836554  0.40833826  0.39844729  0.37905975  0.35091386  0.40833826  0.34176873  0.33273710  0.35091386  0.36955631  0.36955631  0.33273710  0.36955631  0.38868895  0.37905975  0.36955631  0.37905975  0.37905975  0.37905975  0.49271443  0.50398409  0.51543103  0.43884439  0.45991630  0.37905975  0.39844729  0.41836554  0.45991630  0.42853292  0.40833826  0.50398409  0.44930407  0.37905975  0.36955631  0.36955631  0.37905975  0.48161665  0.43884439  0.39844729  0.39844729  0.41836554  0.40833826  0.38868895  0.36955631  0.37905975  0.33273710  0.35091386  0.35091386  0.35091386  0.37905975  0.42853292  0.44930407  0.43884439  0.41836554  0.38868895  0.36955631  0.36955631  0.39844729  0.38868895  0.42853292  0.38868895  0.34176873  0.36955631  0.33273710  0.35091386  0.36017538  0.36955631  0.33273710  0.33273710  0.34176873  0.32381620  0.31500335  0.34176873  0.34176873  0.32381620  0.32381620  
18_0_0     0.11021326  0.11021326  0.00000000  0.02897852  0.36955631  0.43884439  0.44930407  0.50398409  0.52706092  0.51543103  0.51543103  0.51543103  0.49271443  0.52706092  0.45991630  0.42853292  0.49271443  0.45991630  0.45991630  0.43884439  0.41836554  0.39844729  0.38868895  0.36017538  0.39844729  0.37905975  0.39844729  0.40833826  0.42853292  0.40833826  0.41836554  0.39844729  0.40833826  0.42853292  0.40833826  0.40833826  0.41836554  0.41836554  0.42853292  0.48161665  0.49271443  0.49271443  0.45991630  0.44930407  0.44930407  0.44930407  0.45991630  0.53887971  0.51543103  0.44930407  0.42853292  0.47068558  0.47068558  0.47068558  0.44930407  0.49271443  0.48161665  0.37905975  0.36017538  0.43884439  0.44930407  0.42853292  0.44930407  0.44930407  0.48161665  0.42853292  0.41836554  0.40833826  0.44930407  0.44930407  0.44930407  0.44930407  0.41836554  0.39844729  0.39844729  0.41836554  0.38868895  0.43884439  0.43884439  0.44930407  0.45991630  0.40833826  0.43884439  0.39844729  0.42853292  0.41836554  0.40833826  0.38868895  0.32381620  0.36017538  0.38868895  0.36017538  0.34176873  0.36017538  0.36017538  0.36017538  0.39844729  0.37905975  0.39844729  0.39844729  0.40833826  0.40833826  0.40833826  0.49271443  0.45991630  0.44930407  0.48161665  0.48161665  0.39844729  0.41836554  0.43884439  0.43884439  0.44930407  0.44930407  0.47068558  0.44930407  0.39844729  0.38868895  0.40833826  0.37905975  0.49271443  0.45991630  0.40833826  0.43884439  0.38868895  0.39844729  0.37905975  0.37905975  0.41836554  0.36017538  0.34176873  0.32381620  0.36017538  0.36017538  0.40833826  0.42853292  0.41836554  0.39844729  0.44930407  0.42853292  0.42853292  0.50398409  0.44930407  0.44930407  0.42853292  0.36955631  0.47068558  0.44930407  0.40833826  0.41836554  0.41836554  0.38868895  0.38868895  0.39844729  0.39844729  0.38868895  0.44930407  0.44930407  0.41836554  0.41836554  
58_0_0     0.09064580  0.09064580  0.02897852  0.00000000  0.35091386  0.43884439  0.47068558  0.47068558  0.49271443  0.48161665  0.48161665  0.48161665  0.48161665  0.49271443  0.42853292  0.41836554  0.50398409  0.47068558  0.44930407  0.42853292  0.36955631  0.35091386  0.34176873  0.31500335  0.35091386  0.33273710  0.35091386  0.37905975  0.39844729  0.36017538  0.36955631  0.35091386  0.36017538  0.39844729  0.39844729  0.36017538  0.36955631  0.36955631  0.37905975  0.43884439  0.44930407  0.44930407  0.41836554  0.43884439  0.43884439  0.41836554  0.42853292  0.48161665  0.45991630  0.39844729  0.37905975  0.41836554  0.41836554  0.41836554  0.39844729  0.43884439  0.42853292  0.36955631  0.36955631  0.38868895  0.39844729  0.39844729  0.39844729  0.45991630  0.49271443  0.39844729  0.40833826  0.39844729  0.43884439  0.43884439  0.43884439  0.43884439  0.42853292  0.38868895  0.38868895  0.40833826  0.37905975  0.40833826  0.40833826  0.41836554  0.42853292  0.37905975  0.42853292  0.40833826  0.39844729  0.38868895  0.37905975  0.36017538  0.31500335  0.35091386  0.36017538  0.35091386  0.33273710  0.33273710  0.33273710  0.35091386  0.36955631  0.35091386  0.36017538  0.35091386  0.36017538  0.36017538  0.36017538  0.49271443  0.45991630  0.47068558  0.45991630  0.48161665  0.37905975  0.39844729  0.41836554  0.43884439  0.44930407  0.42853292  0.44930407  0.42853292  0.37905975  0.36955631  0.39844729  0.38868895  0.50398409  0.47068558  0.39844729  0.42853292  0.37905975  0.38868895  0.38868895  0.35091386  0.38868895  0.36955631  0.36955631  0.35091386  0.33273710  0.38868895  0.39844729  0.41836554  0.40833826  0.38868895  0.45991630  0.43884439  0.43884439  0.47068558  0.45991630  0.45991630  0.43884439  0.39844729  0.48161665  0.45991630  0.41836554  0.40833826  0.40833826  0.37905975  0.37905975  0.38868895  0.40833826  0.37905975  0.44930407  0.44930407  0.40833826  0.40833826  
43_0_0     0.40833826  0.40833826  0.36955631  0.35091386  0.00000000  0.35091386  0.38868895  0.34176873  0.34176873  0.35091386  0.35091386  0.36017538  0.36017538  0.34176873  0.36017538  0.34176873  0.38868895  0.36955631  0.43884439  0.36017538  0.33273710  0.31500335  0.30629595  0.32381620  0.33273710  0.31500335  0.33273710  0.32381620  0.34176873  0.34176873  0.32381620  0.34176873  0.33273710  0.33273710  0.36955631  0.36017538  0.36955631  0.36955631  0.37905975  0.36955631  0.37905975  0.37905975  0.36955631  0.40833826  0.40833826  0.36017538  0.36017538  0.45991630  0.45991630  0.33273710  0.31500335  0.35091386  0.35091386  0.35091386  0.33273710  0.36017538  0.38868895  0.36017538  0.36955631  0.44930407  0.43884439  0.41836554  0.44930407  0.38868895  0.40833826  0.38868895  0.40833826  0.40833826  0.43884439  0.43884439  0.40833826  0.41836554  0.45991630  0.34176873  0.37905975  0.36017538  0.34176873  0.40833826  0.40833826  0.40833826  0.36017538  0.39844729  0.40833826  0.42853292  0.38868895  0.37905975  0.38868895  0.36955631  0.37905975  0.36017538  0.33273710  0.32381620  0.33273710  0.30629595  0.30629595  0.36017538  0.36017538  0.37905975  0.38868895  0.35091386  0.36017538  0.36017538  0.36017538  0.48161665  0.42853292  0.43884439  0.47068558  0.43884439  0.43884439  0.43884439  0.44930407  0.45991630  0.43884439  0.42853292  0.45991630  0.45991630  0.41836554  0.42853292  0.35091386  0.36955631  0.47068558  0.43884439  0.39844729  0.42853292  0.39844729  0.38868895  0.41836554  0.31500335  0.33273710  0.35091386  0.33273710  0.33273710  0.33273710  0.36955631  0.42853292  0.44930407  0.41836554  0.41836554  0.41836554  0.39844729  0.37905975  0.43884439  0.39844729  0.39844729  0.41836554  0.45991630  0.31500335  0.36955631  0.36017538  0.35091386  0.36017538  0.36955631  0.36955631  0.37905975  0.40833826  0.38868895  0.42853292  0.42853292  0.42853292  0.42853292  
13_0_0     0.41836554  0.39844729  0.43884439  0.43884439  0.35091386  0.00000000  0.04693625  0.50398409  0.50398409  0.47068558  0.49271443  0.47068558  0.43884439  0.43884439  0.45991630  0.45991630  0.50398409  0.52706092  0.44930407  0.47068558  0.39844729  0.40833826  0.41836554  0.42853292  0.44930407  0.44930407  0.40833826  0.39844729  0.37905975  0.48161665  0.45991630  0.47068558  0.44930407  0.45991630  0.44930407  0.43884439  0.44930407  0.44930407  0.43884439  0.35091386  0.36017538  0.36017538  0.36955631  0.52706092  0.52706092  0.39844729  0.40833826  0.41836554  0.39844729  0.39844729  0.37905975  0.40833826  0.40833826  0.41836554  0.37905975  0.35091386  0.40833826  0.39844729  0.40833826  0.50398409  0.52706092  0.49271443  0.49271443  0.45991630  0.44930407  0.43884439  0.47068558  0.49271443  0.47068558  0.47068558  0.48161665  0.44930407  0.48161665  0.44930407  0.41836554  0.48161665  0.49271443  0.47068558  0.47068558  0.47068558  0.42853292  0.52706092  0.47068558  0.43884439  0.41836554  0.40833826  0.41836554  0.39844729  0.38868895  0.36017538  0.36017538  0.36017538  0.36955631  0.43884439  0.43884439  0.41836554  0.43884439  0.35091386  0.32381620  0.36017538  0.35091386  0.35091386  0.35091386  0.44930407  0.43884439  0.43884439  0.48161665  0.44930407  0.42853292  0.44930407  0.50398409  0.48161665  0.47068558  0.49271443  0.56310924  0.51543103  0.52706092  0.53887971  0.37905975  0.39844729  0.38868895  0.45991630  0.41836554  0.38868895  0.43884439  0.40833826  0.36017538  0.36955631  0.36955631  0.38868895  0.41836554  0.40833826  0.36017538  0.37905975  0.42853292  0.43884439  0.42853292  0.40833826  0.43884439  0.41836554  0.39844729  0.40833826  0.39844729  0.39844729  0.38868895  0.42853292  0.45991630  0.40833826  0.44930407  0.45991630  0.43884439  0.47068558  0.47068558  0.48161665  0.50398409  0.44930407  0.47068558  0.47068558  0.42853292  0.42853292  
12_0_0     0.44930407  0.42853292  0.44930407  0.47068558  0.38868895  0.04693625  0.00000000  0.47068558  0.47068558  0.43884439  0.45991630  0.43884439  0.40833826  0.40833826  0.42853292  0.40833826  0.44930407  0.47068558  0.45991630  0.45991630  0.40833826  0.41836554  0.42853292  0.43884439  0.45991630  0.45991630  0.41836554  0.40833826  0.40833826  0.47068558  0.47068558  0.47068558  0.43884439  0.42853292  0.41836554  0.47068558  0.48161665  0.48161665  0.47068558  0.37905975  0.38868895  0.38868895  0.39844729  0.49271443  0.49271443  0.38868895  0.39844729  0.42853292  0.40833826  0.40833826  0.38868895  0.41836554  0.43884439  0.44930407  0.44930407  0.39844729  0.43884439  0.40833826  0.39844729  0.51543103  0.53887971  0.52706092  0.48161665  0.44930407  0.43884439  0.44930407  0.43884439  0.48161665  0.45991630  0.45991630  0.44930407  0.43884439  0.47068558  0.41836554  0.38868895  0.44930407  0.45991630  0.45991630  0.45991630  0.45991630  0.41836554  0.51543103  0.45991630  0.42853292  0.44930407  0.43884439  0.44930407  0.42853292  0.41836554  0.38868895  0.36955631  0.35091386  0.36017538  0.42853292  0.42853292  0.40833826  0.44930407  0.36017538  0.35091386  0.37905975  0.36955631  0.36955631  0.36955631  0.49271443  0.48161665  0.48161665  0.47068558  0.45991630  0.43884439  0.45991630  0.53887971  0.51543103  0.50398409  0.52706092  0.55089363  0.52706092  0.53887971  0.55089363  0.35091386  0.36955631  0.37905975  0.44930407  0.40833826  0.37905975  0.42853292  0.39844729  0.35091386  0.36017538  0.38868895  0.37905975  0.40833826  0.39844729  0.36955631  0.38868895  0.45991630  0.47068558  0.45991630  0.45991630  0.47068558  0.44930407  0.42853292  0.41836554  0.42853292  0.42853292  0.41836554  0.43884439  0.49271443  0.43884439  0.47068558  0.47068558  0.44930407  0.50398409  0.50398409  0.49271443  0.51543103  0.48161665  0.47068558  0.47068558  0.45991630  0.45991630  
34_0_0     0.49271443  0.49271443  0.50398409  0.47068558  0.34176873  0.50398409  0.47068558  0.00000000  0.02308976  0.02308976  0.02308976  0.04693625  0.04090097  0.03491533  0.22451367  0.24015130  0.26425649  0.25613238  0.31500335  0.33273710  0.39844729  0.37905975  0.35091386  0.39844729  0.37905975  0.36017538  0.40833826  0.38868895  0.40833826  0.32381620  0.32381620  0.38868895  0.36955631  0.34176873  0.36017538  0.39844729  0.38868895  0.38868895  0.39844729  0.35091386  0.36017538  0.36017538  0.35091386  0.33273710  0.35091386  0.28918763  0.29769151  0.36017538  0.38868895  0.30629595  0.32381620  0.33273710  0.32381620  0.34176873  0.33273710  0.31500335  0.32381620  0.38868895  0.37905975  0.37905975  0.40833826  0.40833826  0.37905975  0.37905975  0.40833826  0.35091386  0.36017538  0.33273710  0.36955631  0.36955631  0.37905975  0.38868895  0.37905975  0.31500335  0.33273710  0.34176873  0.33273710  0.36955631  0.36955631  0.36955631  0.36017538  0.35091386  0.38868895  0.39844729  0.39844729  0.38868895  0.38868895  0.37905975  0.38868895  0.36955631  0.36955631  0.37905975  0.37905975  0.34176873  0.34176873  0.35091386  0.36017538  0.41836554  0.42853292  0.39844729  0.40833826  0.40833826  0.40833826  0.52706092  0.49271443  0.52706092  0.47068558  0.57553342  0.42853292  0.44930407  0.49271443  0.49271443  0.47068558  0.42853292  0.43884439  0.48161665  0.40833826  0.39844729  0.32381620  0.34176873  0.37905975  0.38868895  0.36017538  0.37905975  0.36017538  0.37905975  0.35091386  0.33273710  0.41836554  0.37905975  0.39844729  0.37905975  0.35091386  0.37905975  0.48161665  0.48161665  0.50398409  0.48161665  0.45991630  0.45991630  0.43884439  0.45991630  0.43884439  0.45991630  0.48161665  0.42853292  0.40833826  0.42853292  0.42853292  0.36017538  0.32381620  0.40833826  0.40833826  0.41836554  0.47068558  0.40833826  0.44930407  0.44930407  0.45991630  0.45991630  
40_0_0     0.53887971  0.53887971  0.52706092  0.49271443  0.34176873  0.50398409  0.47068558  0.02308976  0.00000000  0.03491533  0.04693625  0.03491533  0.04090097  0.03491533  0.20166981  0.27247232  0.26425649  0.27247232  0.29769151  0.29769151  0.39844729  0.37905975  0.35091386  0.39844729  0.37905975  0.36017538  0.42853292  0.36955631  0.38868895  0.34176873  0.34176873  0.38868895  0.35091386  0.34176873  0.36017538  0.39844729  0.38868895  0.38868895  0.37905975  0.35091386  0.36017538  0.36017538  0.35091386  0.31500335  0.31500335  0.32381620  0.33273710  0.34176873  0.36955631  0.30629595  0.32381620  0.33273710  0.32381620  0.34176873  0.33273710  0.33273710  0.30629595  0.38868895  0.37905975  0.39844729  0.42853292  0.42853292  0.39844729  0.36017538  0.40833826  0.35091386  0.34176873  0.33273710  0.36955631  0.36955631  0.36017538  0.38868895  0.39844729  0.31500335  0.33273710  0.34176873  0.33273710  0.35091386  0.35091386  0.33273710  0.34176873  0.35091386  0.36955631  0.37905975  0.39844729  0.38868895  0.38868895  0.37905975  0.38868895  0.35091386  0.36955631  0.37905975  0.37905975  0.32381620  0.32381620  0.33273710  0.34176873  0.41836554  0.40833826  0.39844729  0.40833826  0.40833826  0.40833826  0.48161665  0.49271443  0.52706092  0.44930407  0.57553342  0.42853292  0.42853292  0.53887971  0.51543103  0.49271443  0.44930407  0.39844729  0.48161665  0.42853292  0.43884439  0.34176873  0.37905975  0.36017538  0.36955631  0.34176873  0.36955631  0.34176873  0.36017538  0.35091386  0.35091386  0.38868895  0.37905975  0.37905975  0.36017538  0.36955631  0.39844729  0.45991630  0.45991630  0.48161665  0.45991630  0.48161665  0.45991630  0.45991630  0.45991630  0.45991630  0.45991630  0.50398409  0.47068558  0.38868895  0.42853292  0.40833826  0.36017538  0.34176873  0.36955631  0.36955631  0.37905975  0.47068558  0.40833826  0.47068558  0.47068558  0.48161665  0.48161665  
28_0_0     0.50398409  0.50398409  0.51543103  0.48161665  0.35091386  0.47068558  0.43884439  0.02308976  0.03491533  0.00000000  0.01145330  0.05915910  0.05302201  0.04693625  0.21681909  0.24809797  0.27247232  0.26425649  0.32381620  0.34176873  0.38868895  0.36955631  0.34176873  0.38868895  0.36955631  0.35091386  0.39844729  0.37905975  0.39844729  0.31500335  0.31500335  0.39844729  0.36017538  0.33273710  0.35091386  0.38868895  0.37905975  0.37905975  0.36955631  0.34176873  0.35091386  0.35091386  0.36017538  0.30629595  0.32381620  0.28078198  0.28918763  0.32381620  0.36017538  0.29769151  0.31500335  0.32381620  0.31500335  0.33273710  0.32381620  0.30629595  0.29769151  0.37905975  0.36955631  0.40833826  0.43884439  0.43884439  0.40833826  0.38868895  0.41836554  0.36017538  0.35091386  0.34176873  0.37905975  0.37905975  0.38868895  0.39844729  0.38868895  0.32381620  0.34176873  0.36955631  0.36017538  0.36017538  0.36017538  0.36017538  0.35091386  0.32381620  0.37905975  0.38868895  0.40833826  0.39844729  0.39844729  0.38868895  0.39844729  0.36017538  0.37905975  0.38868895  0.38868895  0.34176873  0.34176873  0.33273710  0.36017538  0.40833826  0.41836554  0.38868895  0.39844729  0.39844729  0.39844729  0.50398409  0.47068558  0.50398409  0.48161665  0.56310924  0.41836554  0.43884439  0.50398409  0.48161665  0.45991630  0.41836554  0.44930407  0.47068558  0.41836554  0.40833826  0.33273710  0.35091386  0.36955631  0.41836554  0.36955631  0.36955631  0.35091386  0.38868895  0.34176873  0.32381620  0.41836554  0.35091386  0.38868895  0.36955631  0.34176873  0.36955631  0.44930407  0.44930407  0.47068558  0.44930407  0.44930407  0.44930407  0.42853292  0.42853292  0.42853292  0.44930407  0.47068558  0.43884439  0.39844729  0.43884439  0.43884439  0.35091386  0.31500335  0.39844729  0.39844729  0.40833826  0.45991630  0.39844729  0.45991630  0.45991630  0.47068558  0.47068558  
11_0_0     0.48161665  0.48161665  0.51543103  0.48161665  0.35091386  0.49271443  0.45991630  0.02308976  0.04693625  0.01145330  0.00000000  0.07159077  0.06534839  0.05915910  0.23229048  0.24809797  0.26425649  0.25613238  0.33273710  0.34176873  0.36955631  0.35091386  0.32381620  0.36955631  0.35091386  0.33273710  0.37905975  0.36017538  0.37905975  0.29769151  0.29769151  0.37905975  0.34176873  0.31500335  0.33273710  0.36955631  0.36017538  0.36017538  0.36955631  0.34176873  0.35091386  0.35091386  0.36017538  0.30629595  0.32381620  0.28078198  0.28918763  0.34176873  0.37905975  0.29769151  0.31500335  0.30629595  0.31500335  0.33273710  0.32381620  0.30629595  0.29769151  0.37905975  0.36955631  0.40833826  0.43884439  0.43884439  0.40833826  0.38868895  0.41836554  0.36017538  0.36955631  0.32381620  0.37905975  0.37905975  0.38868895  0.39844729  0.38868895  0.32381620  0.34176873  0.36955631  0.36017538  0.37905975  0.37905975  0.37905975  0.36955631  0.34176873  0.39844729  0.40833826  0.38868895  0.37905975  0.37905975  0.36955631  0.37905975  0.36017538  0.36017538  0.36955631  0.36955631  0.36017538  0.36017538  0.33273710  0.36017538  0.40833826  0.39844729  0.36955631  0.37905975  0.37905975  0.37905975  0.52706092  0.49271443  0.52706092  0.48161665  0.56310924  0.41836554  0.43884439  0.48161665  0.50398409  0.45991630  0.41836554  0.44930407  0.47068558  0.39844729  0.38868895  0.32381620  0.34176873  0.36955631  0.39844729  0.36955631  0.36955631  0.36955631  0.38868895  0.36017538  0.34176873  0.42853292  0.35091386  0.40833826  0.38868895  0.34176873  0.36955631  0.47068558  0.47068558  0.49271443  0.47068558  0.44930407  0.44930407  0.42853292  0.42853292  0.42853292  0.47068558  0.49271443  0.41836554  0.39844729  0.41836554  0.41836554  0.35091386  0.31500335  0.39844729  0.39844729  0.40833826  0.45991630  0.39844729  0.43884439  0.43884439  0.44930407  0.44930407  
48_0_0     0.50398409  0.50398409  0.51543103  0.48161665  0.36017538  0.47068558  0.43884439  0.04693625  0.03491533  0.05915910  0.07159077  0.00000000  0.06534839  0.04693625  0.20166981  0.25613238  0.24809797  0.27247232  0.29769151  0.28078198  0.40833826  0.38868895  0.36017538  0.38868895  0.38868895  0.36955631  0.41836554  0.36017538  0.37905975  0.33273710  0.33273710  0.37905975  0.34176873  0.33273710  0.36955631  0.36955631  0.36017538  0.36017538  0.35091386  0.37905975  0.38868895  0.38868895  0.37905975  0.32381620  0.32381620  0.29769151  0.30629595  0.31500335  0.34176873  0.29769151  0.31500335  0.32381620  0.31500335  0.33273710  0.33273710  0.30629595  0.29769151  0.37905975  0.36955631  0.38868895  0.41836554  0.43884439  0.40833826  0.35091386  0.39844729  0.36017538  0.33273710  0.34176873  0.36017538  0.36017538  0.33273710  0.36017538  0.36955631  0.30629595  0.32381620  0.35091386  0.32381620  0.34176873  0.34176873  0.32381620  0.33273710  0.32381620  0.36017538  0.36955631  0.42853292  0.41836554  0.41836554  0.40833826  0.41836554  0.37905975  0.34176873  0.35091386  0.36955631  0.35091386  0.35091386  0.36017538  0.35091386  0.42853292  0.41836554  0.42853292  0.43884439  0.43884439  0.43884439  0.49271443  0.50398409  0.53887971  0.43884439  0.53887971  0.41836554  0.41836554  0.50398409  0.50398409  0.50398409  0.45991630  0.38868895  0.44930407  0.39844729  0.40833826  0.36955631  0.36955631  0.37905975  0.36955631  0.34176873  0.36017538  0.34176873  0.36017538  0.33273710  0.36017538  0.41836554  0.38868895  0.40833826  0.38868895  0.37905975  0.40833826  0.42853292  0.44930407  0.44930407  0.42853292  0.43884439  0.41836554  0.41836554  0.41836554  0.41836554  0.43884439  0.45991630  0.47068558  0.36955631  0.40833826  0.39844729  0.37905975  0.32381620  0.36955631  0.36955631  0.37905975  0.47068558  0.40833826  0.44930407  0.44930407  0.45991630  0.45991630  
24_0_0     0.48161665  0.48161665  0.49271443  0.48161665  0.36017538  0.43884439  0.40833826  0.04090097  0.04090097  0.05302201  0.06534839  0.06534839  0.00000000  0.04090097  0.21681909  0.24809797  0.28918763  0.29769151  0.29769151  0.34176873  0.40833826  0.38868895  0.36017538  0.40833826  0.38868895  0.36955631  0.41836554  0.39844729  0.41836554  0.35091386  0.35091386  0.39844729  0.37905975  0.35091386  0.36955631  0.42853292  0.41836554  0.41836554  0.40833826  0.32381620  0.33273710  0.33273710  0.32381620  0.36017538  0.36017538  0.31500335  0.32381620  0.36955631  0.39844729  0.33273710  0.35091386  0.36017538  0.35091386  0.36955631  0.36017538  0.34176873  0.33273710  0.37905975  0.36955631  0.38868895  0.41836554  0.39844729  0.38868895  0.35091386  0.37905975  0.37905975  0.35091386  0.34176873  0.37905975  0.37905975  0.38868895  0.39844729  0.42853292  0.32381620  0.32381620  0.35091386  0.34176873  0.37905975  0.37905975  0.37905975  0.36955631  0.37905975  0.37905975  0.38868895  0.40833826  0.39844729  0.39844729  0.38868895  0.37905975  0.34176873  0.36017538  0.36955631  0.36955631  0.31500335  0.31500335  0.32381620  0.33273710  0.38868895  0.38868895  0.36955631  0.37905975  0.37905975  0.37905975  0.44930407  0.45991630  0.51543103  0.45991630  0.51543103  0.39844729  0.41836554  0.50398409  0.48161665  0.45991630  0.41836554  0.40833826  0.47068558  0.41836554  0.42853292  0.35091386  0.36955631  0.36955631  0.39844729  0.35091386  0.36955631  0.35091386  0.40833826  0.34176873  0.34176873  0.41836554  0.38868895  0.38868895  0.36955631  0.39844729  0.38868895  0.47068558  0.47068558  0.49271443  0.47068558  0.44930407  0.44930407  0.42853292  0.47068558  0.42853292  0.44930407  0.47068558  0.43884439  0.39844729  0.41836554  0.48161665  0.38868895  0.36955631  0.41836554  0.41836554  0.42853292  0.50398409  0.43884439  0.50398409  0.50398409  0.49271443  0.49271443  
8_0_0      0.51543103  0.51543103  0.52706092  0.49271443  0.34176873  0.43884439  0.40833826  0.03491533  0.03491533  0.04693625  0.05915910  0.04693625  0.04090097  0.00000000  0.20920503  0.25613238  0.28078198  0.28918763  0.31500335  0.33273710  0.41836554  0.39844729  0.36955631  0.39844729  0.39844729  0.37905975  0.40833826  0.38868895  0.40833826  0.34176873  0.34176873  0.40833826  0.38868895  0.36017538  0.37905975  0.37905975  0.36955631  0.36955631  0.36017538  0.36955631  0.37905975  0.37905975  0.36955631  0.36955631  0.36955631  0.30629595  0.31500335  0.36017538  0.36955631  0.32381620  0.34176873  0.35091386  0.34176873  0.36017538  0.35091386  0.33273710  0.32381620  0.38868895  0.37905975  0.39844729  0.42853292  0.42853292  0.39844729  0.37905975  0.38868895  0.36955631  0.36017538  0.35091386  0.36955631  0.36955631  0.37905975  0.36955631  0.41836554  0.33273710  0.35091386  0.34176873  0.35091386  0.36955631  0.36955631  0.36955631  0.34176873  0.35091386  0.38868895  0.39844729  0.43884439  0.42853292  0.42853292  0.41836554  0.42853292  0.38868895  0.36955631  0.37905975  0.37905975  0.34176873  0.34176873  0.35091386  0.36017538  0.41836554  0.44930407  0.41836554  0.42853292  0.42853292  0.42853292  0.50398409  0.50398409  0.51543103  0.42853292  0.52706092  0.38868895  0.40833826  0.49271443  0.47068558  0.47068558  0.42853292  0.41836554  0.43884439  0.40833826  0.41836554  0.30629595  0.32381620  0.34176873  0.36955631  0.32381620  0.34176873  0.32381620  0.36017538  0.29769151  0.29769151  0.38868895  0.36017538  0.39844729  0.37905975  0.35091386  0.37905975  0.41836554  0.41836554  0.43884439  0.41836554  0.47068558  0.47068558  0.44930407  0.47068558  0.44930407  0.44930407  0.47068558  0.45991630  0.39844729  0.43884439  0.43884439  0.38868895  0.35091386  0.41836554  0.41836554  0.42853292  0.50398409  0.43884439  0.50398409  0.50398409  0.49271443  0.49271443  
55_2_0     0.51543103  0.51543103  0.45991630  0.42853292  0.36017538  0.45991630  0.42853292  0.22451367  0.20166981  0.21681909  0.23229048  0.20166981  0.21681909  0.20920503  0.00000000  0.13714962  0.23229048  0.25613238  0.32381620  0.33273710  0.35091386  0.32381620  0.29769151  0.36017538  0.34176873  0.34176873  0.36017538  0.31500335  0.34176873  0.34176873  0.32381620  0.36955631  0.34176873  0.30629595  0.35091386  0.40833826  0.39844729  0.39844729  0.38868895  0.37905975  0.38868895  0.38868895  0.37905975  0.39844729  0.37905975  0.36017538  0.36955631  0.40833826  0.40833826  0.38868895  0.37905975  0.38868895  0.40833826  0.42853292  0.38868895  0.38868895  0.38868895  0.35091386  0.34176873  0.42853292  0.43884439  0.45991630  0.42853292  0.36955631  0.39844729  0.36955631  0.36017538  0.36955631  0.36955631  0.36955631  0.35091386  0.36955631  0.36017538  0.35091386  0.36955631  0.33273710  0.34176873  0.35091386  0.35091386  0.35091386  0.35091386  0.35091386  0.36955631  0.36017538  0.39844729  0.38868895  0.38868895  0.37905975  0.38868895  0.36955631  0.32381620  0.31500335  0.31500335  0.29769151  0.29769151  0.33273710  0.30629595  0.31500335  0.36955631  0.36955631  0.36017538  0.36017538  0.36017538  0.50398409  0.45991630  0.49271443  0.45991630  0.50398409  0.43884439  0.44930407  0.52706092  0.52706092  0.52706092  0.50398409  0.39844729  0.43884439  0.39844729  0.40833826  0.34176873  0.34176873  0.43884439  0.41836554  0.34176873  0.40833826  0.35091386  0.40833826  0.35091386  0.40833826  0.47068558  0.35091386  0.36017538  0.35091386  0.37905975  0.40833826  0.44930407  0.47068558  0.47068558  0.42853292  0.45991630  0.44930407  0.43884439  0.40833826  0.44930407  0.43884439  0.48161665  0.55089363  0.45991630  0.52706092  0.50398409  0.39844729  0.38868895  0.43884439  0.43884439  0.44930407  0.47068558  0.47068558  0.51543103  0.51543103  0.51543103  0.51543103  
55_0_0     0.43884439  0.43884439  0.42853292  0.41836554  0.34176873  0.45991630  0.40833826  0.24015130  0.27247232  0.24809797  0.24809797  0.25613238  0.24809797  0.25613238  0.13714962  0.00000000  0.20166981  0.20920503  0.37905975  0.32381620  0.36017538  0.33273710  0.30629595  0.35091386  0.35091386  0.35091386  0.35091386  0.32381620  0.34176873  0.32381620  0.32381620  0.36955631  0.35091386  0.30629595  0.36017538  0.38868895  0.37905975  0.37905975  0.38868895  0.37905975  0.38868895  0.36955631  0.37905975  0.38868895  0.38868895  0.28918763  0.29769151  0.39844729  0.39844729  0.35091386  0.35091386  0.35091386  0.36955631  0.38868895  0.35091386  0.35091386  0.38868895  0.33273710  0.32381620  0.37905975  0.40833826  0.40833826  0.39844729  0.36017538  0.37905975  0.38868895  0.36017538  0.35091386  0.33273710  0.33273710  0.36017538  0.35091386  0.32381620  0.29769151  0.31500335  0.33273710  0.32381620  0.37905975  0.37905975  0.37905975  0.35091386  0.33273710  0.36955631  0.37905975  0.34176873  0.33273710  0.31500335  0.30629595  0.29769151  0.35091386  0.33273710  0.32381620  0.28918763  0.30629595  0.30629595  0.34176873  0.31500335  0.32381620  0.37905975  0.36955631  0.36017538  0.36017538  0.36017538  0.52706092  0.49271443  0.52706092  0.45991630  0.47068558  0.47068558  0.47068558  0.47068558  0.47068558  0.47068558  0.44930407  0.42853292  0.49271443  0.42853292  0.41836554  0.33273710  0.33273710  0.51543103  0.48161665  0.36955631  0.42853292  0.39844729  0.44930407  0.39844729  0.36017538  0.48161665  0.43884439  0.41836554  0.42853292  0.35091386  0.39844729  0.42853292  0.44930407  0.43884439  0.39844729  0.45991630  0.48161665  0.45991630  0.45991630  0.45991630  0.50398409  0.50398409  0.40833826  0.47068558  0.49271443  0.56310924  0.45991630  0.41836554  0.57553342  0.57553342  0.56310924  0.49271443  0.47068558  0.52706092  0.52706092  0.52706092  0.52706092  
52_0_0     0.51543103  0.51543103  0.49271443  0.50398409  0.38868895  0.50398409  0.44930407  0.26425649  0.26425649  0.27247232  0.26425649  0.24809797  0.28918763  0.28078198  0.23229048  0.20166981  0.00000000  0.02897852  0.32381620  0.30629595  0.40833826  0.37905975  0.36955631  0.37905975  0.39844729  0.39844729  0.43884439  0.38868895  0.40833826  0.36955631  0.38868895  0.43884439  0.41836554  0.36955631  0.40833826  0.43884439  0.42853292  0.42853292  0.43884439  0.47068558  0.45991630  0.43884439  0.47068558  0.34176873  0.34176873  0.33273710  0.34176873  0.41836554  0.41836554  0.36955631  0.36955631  0.34176873  0.36955631  0.38868895  0.37905975  0.36017538  0.36017538  0.35091386  0.36017538  0.44930407  0.48161665  0.50398409  0.47068558  0.37905975  0.36955631  0.36955631  0.34176873  0.30629595  0.33273710  0.33273710  0.32381620  0.33273710  0.30629595  0.31500335  0.33273710  0.36017538  0.33273710  0.33273710  0.33273710  0.33273710  0.32381620  0.31500335  0.32381620  0.30629595  0.36955631  0.37905975  0.37905975  0.38868895  0.37905975  0.43884439  0.33273710  0.32381620  0.32381620  0.36017538  0.36017538  0.31500335  0.32381620  0.39844729  0.38868895  0.43884439  0.42853292  0.42853292  0.42853292  0.57553342  0.53887971  0.52706092  0.47068558  0.51543103  0.45991630  0.48161665  0.52706092  0.53887971  0.52706092  0.50398409  0.39844729  0.55089363  0.47068558  0.48161665  0.34176873  0.36017538  0.44930407  0.38868895  0.34176873  0.40833826  0.38868895  0.38868895  0.37905975  0.42853292  0.45991630  0.42853292  0.44930407  0.47068558  0.42853292  0.42853292  0.36955631  0.38868895  0.38868895  0.38868895  0.39844729  0.39844729  0.39844729  0.43884439  0.39844729  0.42853292  0.47068558  0.40833826  0.40833826  0.40833826  0.36955631  0.39844729  0.36017538  0.45991630  0.45991630  0.43884439  0.38868895  0.36955631  0.45991630  0.45991630  0.48161665  0.48161665  
25_0_0     0.48161665  0.48161665  0.45991630  0.47068558  0.36955631  0.52706092  0.47068558  0.25613238  0.27247232  0.26425649  0.25613238  0.27247232  0.29769151  0.28918763  0.25613238  0.20920503  0.02897852  0.00000000  0.32381620  0.30629595  0.39844729  0.36955631  0.36017538  0.38868895  0.38868895  0.36955631  0.42853292  0.37905975  0.39844729  0.36017538  0.37905975  0.44930407  0.42853292  0.39844729  0.41836554  0.44930407  0.43884439  0.43884439  0.44930407  0.48161665  0.47068558  0.44930407  0.48161665  0.36017538  0.37905975  0.36017538  0.36955631  0.47068558  0.47068558  0.41836554  0.41836554  0.38868895  0.41836554  0.41836554  0.41836554  0.40833826  0.40833826  0.37905975  0.38868895  0.41836554  0.42853292  0.44930407  0.41836554  0.35091386  0.36017538  0.37905975  0.35091386  0.29769151  0.36017538  0.36017538  0.35091386  0.36017538  0.31500335  0.30629595  0.32381620  0.35091386  0.32381620  0.34176873  0.34176873  0.34176873  0.33273710  0.30629595  0.33273710  0.33273710  0.35091386  0.36017538  0.36017538  0.36955631  0.36017538  0.41836554  0.37905975  0.35091386  0.33273710  0.36955631  0.36955631  0.32381620  0.33273710  0.40833826  0.41836554  0.44930407  0.43884439  0.43884439  0.43884439  0.64105057  0.55089363  0.53887971  0.48161665  0.55089363  0.45991630  0.48161665  0.48161665  0.51543103  0.50398409  0.48161665  0.42853292  0.56310924  0.48161665  0.47068558  0.31500335  0.35091386  0.44930407  0.38868895  0.34176873  0.40833826  0.38868895  0.38868895  0.37905975  0.39844729  0.48161665  0.39844729  0.43884439  0.43884439  0.45991630  0.45991630  0.41836554  0.43884439  0.43884439  0.43884439  0.42853292  0.40833826  0.40833826  0.44930407  0.40833826  0.43884439  0.48161665  0.40833826  0.41836554  0.41836554  0.37905975  0.40833826  0.38868895  0.47068558  0.47068558  0.44930407  0.37905975  0.36017538  0.47068558  0.47068558  0.49271443  0.49271443  
46_0_0     0.53887971  0.51543103  0.45991630  0.44930407  0.43884439  0.44930407  0.45991630  0.31500335  0.29769151  0.32381620  0.33273710  0.29769151  0.29769151  0.31500335  0.32381620  0.37905975  0.32381620  0.32381620  0.00000000  0.11685445  0.39844729  0.38868895  0.39844729  0.44930407  0.42853292  0.41836554  0.42853292  0.39844729  0.39844729  0.44930407  0.42853292  0.44930407  0.42853292  0.42853292  0.48161665  0.49271443  0.48161665  0.48161665  0.47068558  0.45991630  0.44930407  0.47068558  0.43884439  0.40833826  0.38868895  0.38868895  0.39844729  0.40833826  0.42853292  0.37905975  0.39844729  0.38868895  0.41836554  0.41836554  0.39844729  0.37905975  0.39844729  0.33273710  0.35091386  0.41836554  0.42853292  0.44930407  0.45991630  0.42853292  0.43884439  0.40833826  0.36017538  0.34176873  0.37905975  0.37905975  0.36017538  0.36017538  0.38868895  0.37905975  0.38868895  0.35091386  0.35091386  0.39844729  0.39844729  0.39844729  0.41836554  0.40833826  0.38868895  0.38868895  0.41836554  0.40833826  0.39844729  0.39844729  0.41836554  0.36955631  0.36017538  0.35091386  0.35091386  0.38868895  0.38868895  0.39844729  0.36955631  0.34176873  0.36955631  0.36955631  0.36017538  0.36017538  0.36017538  0.48161665  0.50398409  0.53887971  0.44930407  0.49271443  0.43884439  0.45991630  0.45991630  0.45991630  0.45991630  0.47068558  0.36955631  0.45991630  0.43884439  0.44930407  0.34176873  0.36017538  0.31500335  0.34176873  0.26425649  0.30629595  0.33273710  0.32381620  0.33273710  0.36017538  0.36017538  0.33273710  0.36955631  0.35091386  0.37905975  0.39844729  0.39844729  0.41836554  0.41836554  0.39844729  0.40833826  0.40833826  0.38868895  0.43884439  0.37905975  0.39844729  0.40833826  0.44930407  0.38868895  0.40833826  0.45991630  0.36955631  0.37905975  0.41836554  0.41836554  0.42853292  0.42853292  0.38868895  0.45991630  0.45991630  0.45991630  0.45991630  
19_0_0     0.51543103  0.49271443  0.43884439  0.42853292  0.36017538  0.47068558  0.45991630  0.33273710  0.29769151  0.34176873  0.34176873  0.28078198  0.34176873  0.33273710  0.33273710  0.32381620  0.30629595  0.30629595  0.11685445  0.00000000  0.38868895  0.36955631  0.37905975  0.40833826  0.38868895  0.39844729  0.40833826  0.34176873  0.34176873  0.43884439  0.41836554  0.37905975  0.36955631  0.36955631  0.39844729  0.39844729  0.38868895  0.38868895  0.37905975  0.45991630  0.47068558  0.47068558  0.45991630  0.34176873  0.32381620  0.38868895  0.37905975  0.41836554  0.43884439  0.38868895  0.40833826  0.38868895  0.38868895  0.38868895  0.37905975  0.37905975  0.39844729  0.35091386  0.34176873  0.42853292  0.41836554  0.39844729  0.44930407  0.40833826  0.45991630  0.41836554  0.36955631  0.37905975  0.36955631  0.36955631  0.34176873  0.35091386  0.37905975  0.36017538  0.39844729  0.34176873  0.32381620  0.38868895  0.38868895  0.36955631  0.37905975  0.35091386  0.36017538  0.39844729  0.35091386  0.34176873  0.33273710  0.33273710  0.32381620  0.32381620  0.37905975  0.36955631  0.36955631  0.35091386  0.35091386  0.35091386  0.32381620  0.35091386  0.35091386  0.37905975  0.36955631  0.36955631  0.36955631  0.44930407  0.45991630  0.47068558  0.47068558  0.50398409  0.48161665  0.45991630  0.45991630  0.45991630  0.44930407  0.44930407  0.37905975  0.48161665  0.49271443  0.50398409  0.35091386  0.36955631  0.31500335  0.30629595  0.28078198  0.30629595  0.33273710  0.29769151  0.32381620  0.33273710  0.32381620  0.30629595  0.33273710  0.29769151  0.36017538  0.39844729  0.36955631  0.38868895  0.38868895  0.35091386  0.40833826  0.36955631  0.36955631  0.36017538  0.36017538  0.40833826  0.42853292  0.38868895  0.34176873  0.37905975  0.41836554  0.36955631  0.35091386  0.36955631  0.36955631  0.36017538  0.42853292  0.38868895  0.45991630  0.45991630  0.43884439  0.43884439  
