133
26_0_0     0.00000000  0.36640390  0.34010365  0.25089076  0.54723214  0.51388967  0.51388967  0.54723214  0.44143034  0.47162825  0.51388967  0.43162961  0.44143034  0.35753390  0.45136133  0.50309813  0.45136133  0.37538046  0.44143034  0.43162961  0.44143034  0.42195577  0.43162961  0.41240557  0.44143034  0.43162961  0.45136133  0.46142608  0.47162825  0.52483934  0.45136133  0.45136133  0.46142608  0.44143034  0.39366371  0.43162961  0.45136133  0.46142608  0.42195577  0.40297588  0.40297588  0.48197164  0.48197164  0.48197164  0.47162825  0.45136133  0.45136133  0.45136133  0.45136133  0.55868531  0.61874241  0.63135558  0.61874241  0.50309813  0.34876795  0.34876795  0.38446617  0.35753390  0.38446617  0.34876795  0.30641744  0.30641744  0.34010365  0.41240557  0.36640390  0.36640390  0.38446617  0.32307073  0.38446617  0.41240557  0.38446617  0.41240557  0.38446617  0.39366371  0.45136133  0.41240557  0.37538046  0.38446617  0.41240557  0.47162825  0.43162961  0.44143034  0.42195577  0.47162825  0.44143034  0.45136133  0.46142608  0.37538046  0.37538046  0.36640390  0.40297588  0.46142608  0.48197164  0.42195577  0.45136133  0.44143034  0.44143034  0.44143034  0.40297588  0.41240557  0.42195577  0.47162825  0.47162825  0.47162825  0.46142608  0.41240557  0.43162961  0.48197164  0.41240557  0.38446617  0.43162961  0.43162961  0.45136133  0.38446617  0.42195577  0.39366371  0.34010365  0.37538046  0.35753390  0.35753390  0.32307073  0.36640390  0.31469769  0.41240557  0.41240557  0.41240557  0.47162825  0.48197164  0.48197164  0.54723214  0.52483934  0.54723214  0.47162825  
26_15_0    0.36640390  0.00000000  0.06863124  0.35753390  0.52483934  0.52483934  0.52483934  0.53595186  0.50309813  0.52483934  0.64418531  0.63135558  0.51388967  0.55868531  0.55868531  0.58213216  0.49246022  0.41240557  0.46142608  0.48197164  0.47162825  0.45136133  0.46142608  0.46142608  0.47162825  0.47162825  0.54723214  0.53595186  0.52483934  0.50309813  0.45136133  0.45136133  0.46142608  0.43162961  0.47162825  0.44143034  0.44143034  0.47162825  0.47162825  0.52483934  0.52483934  0.60633862  0.60633862  0.54723214  0.54723214  0.53595186  0.53595186  0.54723214  0.54723214  0.54723214  0.55868531  0.54723214  0.53595186  0.52483934  0.45136133  0.44143034  0.43162961  0.47162825  0.41240557  0.50309813  0.43162961  0.43162961  0.47162825  0.53595186  0.48197164  0.47162825  0.54723214  0.44143034  0.48197164  0.49246022  0.50309813  0.48197164  0.51388967  0.52483934  0.52483934  0.49246022  0.47162825  0.47162825  0.49246022  0.57031677  0.54723214  0.57031677  0.57031677  0.57031677  0.53595186  0.57031677  0.42195577  0.39366371  0.44143034  0.41240557  0.52483934  0.48197164  0.49246022  0.51388967  0.53595186  0.57031677  0.57031677  0.60633862  0.61874241  0.63135558  0.57031677  0.55868531  0.53595186  0.54723214  0.55868531  0.57031677  0.57031677  0.55868531  0.58213216  0.59413737  0.55868531  0.55868531  0.58213216  0.53595186  0.55868531  0.57031677  0.51388967  0.53595186  0.50309813  0.51388967  0.51388967  0.49246022  0.44143034  0.41240557  0.43162961  0.43162961  0.53595186  0.49246022  0.50309813  0.61874241  0.61874241  0.61874241  0.52483934  
26_13_0    0.34010365  0.06863124  0.00000000  0.29822793  0.54723214  0.52483934  0.52483934  0.53595186  0.48197164  0.50309813  0.53595186  0.57031677  0.51388967  0.49246022  0.49246022  0.54723214  0.46142608  0.39366371  0.40297588  0.46142608  0.45136133  0.43162961  0.40297588  0.42195577  0.45136133  0.45136133  0.48197164  0.47162825  0.46142608  0.48197164  0.44143034  0.44143034  0.45136133  0.42195577  0.45136133  0.46142608  0.45136133  0.47162825  0.47162825  0.53595186  0.53595186  0.61874241  0.61874241  0.53595186  0.53595186  0.52483934  0.52483934  0.53595186  0.53595186  0.54723214  0.55868531  0.54723214  0.53595186  0.52483934  0.43162961  0.42195577  0.41240557  0.47162825  0.45136133  0.49246022  0.41240557  0.41240557  0.45136133  0.51388967  0.42195577  0.43162961  0.49246022  0.42195577  0.46142608  0.50309813  0.51388967  0.51388967  0.54723214  0.53595186  0.53595186  0.51388967  0.45136133  0.47162825  0.48197164  0.53595186  0.51388967  0.52483934  0.54723214  0.51388967  0.52483934  0.53595186  0.45136133  0.38446617  0.41240557  0.40297588  0.48197164  0.53595186  0.54723214  0.52483934  0.51388967  0.52483934  0.52483934  0.53595186  0.57031677  0.58213216  0.52483934  0.53595186  0.49246022  0.52483934  0.53595186  0.52483934  0.53595186  0.51388967  0.54723214  0.55868531  0.52483934  0.52483934  0.54723214  0.50309813  0.54723214  0.53595186  0.45136133  0.49246022  0.44143034  0.45136133  0.44143034  0.43162961  0.43162961  0.40297588  0.42195577  0.40297588  0.50309813  0.46142608  0.49246022  0.60633862  0.58213216  0.58213216  0.51388967  
26_14_0    0.25089076  0.35753390  0.29822793  0.00000000  0.54723214  0.52483934  0.52483934  0.51388967  0.52483934  0.53595186  0.50309813  0.53595186  0.48197164  0.49246022  0.48197164  0.54723214  0.58213216  0.47162825  0.48197164  0.44143034  0.45136133  0.43162961  0.48197164  0.44143034  0.48197164  0.61874241  0.52483934  0.51388967  0.52483934  0.55868531  0.54723214  0.54723214  0.55868531  0.49246022  0.47162825  0.46142608  0.51388967  0.53595186  0.48197164  0.50309813  0.50309813  0.54723214  0.54723214  0.53595186  0.53595186  0.57031677  0.57031677  0.55868531  0.55868531  0.58213216  0.65723918  0.61874241  0.63135558  0.58213216  0.45136133  0.46142608  0.48197164  0.48197164  0.52483934  0.52483934  0.46142608  0.48197164  0.46142608  0.48197164  0.44143034  0.44143034  0.47162825  0.40297588  0.48197164  0.55868531  0.57031677  0.57031677  0.54723214  0.55868531  0.60633862  0.59413737  0.47162825  0.43162961  0.51388967  0.44143034  0.45136133  0.42195577  0.40297588  0.50309813  0.49246022  0.46142608  0.54723214  0.49246022  0.48197164  0.45136133  0.44143034  0.48197164  0.48197164  0.45136133  0.51388967  0.51388967  0.49246022  0.48197164  0.52483934  0.53595186  0.53595186  0.48197164  0.48197164  0.53595186  0.54723214  0.51388967  0.52483934  0.50309813  0.51388967  0.50309813  0.51388967  0.51388967  0.53595186  0.47162825  0.50309813  0.47162825  0.43162961  0.45136133  0.41240557  0.41240557  0.40297588  0.47162825  0.48197164  0.48197164  0.50309813  0.48197164  0.45136133  0.45136133  0.44143034  0.50309813  0.50309813  0.50309813  0.44143034  
25_16_0    0.54723214  0.52483934  0.54723214  0.54723214  0.00000000  0.03926517  0.03926517  0.02218399  0.23575544  0.22092062  0.31469769  0.24328478  0.17810538  0.40297588  0.41240557  0.44143034  0.53595186  0.49246022  0.57031677  0.46142608  0.45136133  0.45136133  0.54723214  0.51388967  0.58213216  0.60633862  0.52483934  0.51388967  0.52483934  0.52483934  0.60633862  0.60633862  0.59413737  0.53595186  0.58213216  0.50309813  0.55868531  0.58213216  0.53595186  0.61874241  0.61874241  0.68405165  0.68405165  0.68405165  0.69782752  0.63135558  0.63135558  0.67052516  0.67052516  0.63135558  0.55868531  0.52483934  0.53595186  0.61874241  0.46142608  0.46142608  0.49246022  0.49246022  0.50309813  0.49246022  0.50309813  0.48197164  0.51388967  0.42195577  0.46142608  0.47162825  0.46142608  0.41240557  0.60633862  0.58213216  0.58213216  0.57031677  0.52483934  0.53595186  0.54723214  0.61874241  0.50309813  0.41240557  0.43162961  0.47162825  0.45136133  0.50309813  0.48197164  0.46142608  0.50309813  0.48197164  0.50309813  0.45136133  0.46142608  0.47162825  0.43162961  0.39366371  0.39366371  0.37538046  0.58213216  0.60633862  0.57031677  0.54723214  0.55868531  0.55868531  0.59413737  0.53595186  0.55868531  0.58213216  0.59413737  0.58213216  0.60633862  0.59413737  0.43162961  0.40297588  0.45136133  0.45136133  0.46142608  0.42195577  0.50309813  0.51388967  0.41240557  0.41240557  0.41240557  0.41240557  0.42195577  0.40297588  0.41240557  0.47162825  0.47162825  0.47162825  0.54723214  0.53595186  0.51388967  0.52483934  0.54723214  0.52483934  0.48197164  
10_16_0    0.51388967  0.52483934  0.52483934  0.52483934  0.03926517  0.00000000  0.01100967  0.01657594  0.21361220  0.22830122  0.30641744  0.25857496  0.15758392  0.43162961  0.38446617  0.43162961  0.51388967  0.53595186  0.57031677  0.48197164  0.47162825  0.47162825  0.59413737  0.55868531  0.60633862  0.64418531  0.53595186  0.54723214  0.55868531  0.52483934  0.63135558  0.63135558  0.61874241  0.53595186  0.60633862  0.52483934  0.58213216  0.60633862  0.55868531  0.64418531  0.64418531  0.69782752  0.69782752  0.64418531  0.65723918  0.59413737  0.59413737  0.60633862  0.60633862  0.61874241  0.57031677  0.53595186  0.54723214  0.60633862  0.46142608  0.46142608  0.47162825  0.49246022  0.50309813  0.50309813  0.50309813  0.48197164  0.51388967  0.43162961  0.45136133  0.46142608  0.47162825  0.39366371  0.65723918  0.60633862  0.60633862  0.61874241  0.57031677  0.58213216  0.59413737  0.64418531  0.52483934  0.42195577  0.42195577  0.48197164  0.46142608  0.50309813  0.48197164  0.47162825  0.51388967  0.49246022  0.51388967  0.44143034  0.47162825  0.46142608  0.44143034  0.42195577  0.42195577  0.40297588  0.55868531  0.53595186  0.54723214  0.54723214  0.53595186  0.54723214  0.54723214  0.55868531  0.55868531  0.55868531  0.57031677  0.55868531  0.59413737  0.57031677  0.42195577  0.37538046  0.46142608  0.46142608  0.47162825  0.41240557  0.49246022  0.50309813  0.42195577  0.42195577  0.44143034  0.44143034  0.45136133  0.41240557  0.40297588  0.48197164  0.48197164  0.48197164  0.55868531  0.54723214  0.52483934  0.53595186  0.55868531  0.53595186  0.49246022  
1_16_0     0.51388967  0.52483934  0.52483934  0.52483934  0.03926517  0.01100967  0.00000000  0.01657594  0.19920639  0.22830122  0.30641744  0.25857496  0.17120208  0.43162961  0.38446617  0.41240557  0.49246022  0.51388967  0.54723214  0.46142608  0.45136133  0.45136133  0.59413737  0.55868531  0.60633862  0.61874241  0.53595186  0.54723214  0.55868531  0.50309813  0.60633862  0.60633862  0.59413737  0.53595186  0.58213216  0.50309813  0.55868531  0.60633862  0.55868531  0.64418531  0.64418531  0.67052516  0.67052516  0.64418531  0.65723918  0.59413737  0.59413737  0.60633862  0.60633862  0.64418531  0.57031677  0.53595186  0.52483934  0.60633862  0.44143034  0.44143034  0.47162825  0.47162825  0.48197164  0.49246022  0.48197164  0.46142608  0.49246022  0.41240557  0.43162961  0.45136133  0.45136133  0.37538046  0.63135558  0.58213216  0.58213216  0.59413737  0.54723214  0.55868531  0.57031677  0.64418531  0.50309813  0.40297588  0.42195577  0.48197164  0.46142608  0.48197164  0.46142608  0.47162825  0.51388967  0.49246022  0.49246022  0.42195577  0.45136133  0.44143034  0.44143034  0.42195577  0.42195577  0.40297588  0.53595186  0.53595186  0.52483934  0.52483934  0.51388967  0.52483934  0.54723214  0.55868531  0.53595186  0.53595186  0.54723214  0.53595186  0.57031677  0.57031677  0.40297588  0.35753390  0.46142608  0.46142608  0.47162825  0.39366371  0.50309813  0.51388967  0.40297588  0.40297588  0.42195577  0.42195577  0.43162961  0.39366371  0.40297588  0.46142608  0.46142608  0.46142608  0.58213216  0.57031677  0.54723214  0.55868531  0.55868531  0.55868531  0.51388967  
15_16_0    0.54723214  0.53595186  0.53595186  0.51388967  0.02218399  0.01657594  0.01657594  0.00000000  0.22092062  0.22092062  0.29822793  0.25089076  0.16436198  0.42195577  0.39366371  0.44143034  0.52483934  0.50309813  0.55868531  0.45136133  0.44143034  0.44143034  0.58213216  0.52483934  0.59413737  0.61874241  0.53595186  0.52483934  0.53595186  0.51388967  0.59413737  0.59413737  0.58213216  0.52483934  0.59413737  0.51388967  0.57031677  0.59413737  0.54723214  0.63135558  0.63135558  0.71186214  0.71186214  0.68405165  0.69782752  0.63135558  0.63135558  0.64418531  0.64418531  0.65723918  0.53595186  0.50309813  0.51388967  0.61874241  0.47162825  0.47162825  0.48197164  0.50309813  0.51388967  0.50309813  0.51388967  0.49246022  0.52483934  0.44143034  0.46142608  0.47162825  0.46142608  0.40297588  0.64418531  0.59413737  0.59413737  0.60633862  0.55868531  0.57031677  0.58213216  0.65723918  0.53595186  0.41240557  0.43162961  0.47162825  0.45136133  0.49246022  0.47162825  0.46142608  0.50309813  0.48197164  0.50309813  0.45136133  0.46142608  0.47162825  0.43162961  0.41240557  0.41240557  0.39366371  0.54723214  0.57031677  0.55868531  0.53595186  0.54723214  0.55868531  0.58213216  0.54723214  0.54723214  0.57031677  0.58213216  0.57031677  0.60633862  0.58213216  0.43162961  0.38446617  0.45136133  0.45136133  0.46142608  0.42195577  0.50309813  0.51388967  0.41240557  0.41240557  0.41240557  0.41240557  0.42195577  0.40297588  0.43162961  0.47162825  0.47162825  0.47162825  0.54723214  0.53595186  0.51388967  0.52483934  0.54723214  0.52483934  0.48197164  
8_16_0     0.44143034  0.50309813  0.48197164  0.52483934  0.23575544  0.21361220  0.19920639  0.22092062  0.00000000  0.10546524  0.29822793  0.22830122  0.19920639  0.37538046  0.39366371  0.41240557  0.54723214  0.53595186  0.51388967  0.55868531  0.54723214  0.54723214  0.58213216  0.55868531  0.58213216  0.55868531  0.53595186  0.54723214  0.55868531  0.53595186  0.57031677  0.57031677  0.55868531  0.54723214  0.54723214  0.59413737  0.61874241  0.58213216  0.60633862  0.64418531  0.64418531  0.59413737  0.61874241  0.64418531  0.65723918  0.58213216  0.58213216  0.61874241  0.61874241  0.57031677  0.64418531  0.63135558  0.61874241  0.61874241  0.40297588  0.40297588  0.41240557  0.43162961  0.42195577  0.46142608  0.42195577  0.40297588  0.45136133  0.43162961  0.39366371  0.41240557  0.45136133  0.43162961  0.55868531  0.59413737  0.57031677  0.49246022  0.53595186  0.54723214  0.53595186  0.57031677  0.50309813  0.45136133  0.44143034  0.55868531  0.53595186  0.46142608  0.46142608  0.48197164  0.54723214  0.52483934  0.49246022  0.40297588  0.43162961  0.44143034  0.52483934  0.49246022  0.51388967  0.51388967  0.50309813  0.59413737  0.58213216  0.55868531  0.53595186  0.54723214  0.59413737  0.58213216  0.58213216  0.50309813  0.51388967  0.50309813  0.55868531  0.55868531  0.43162961  0.44143034  0.51388967  0.51388967  0.52483934  0.42195577  0.49246022  0.48197164  0.41240557  0.45136133  0.41240557  0.41240557  0.44143034  0.39366371  0.47162825  0.51388967  0.51388967  0.51388967  0.61874241  0.58213216  0.55868531  0.54723214  0.54723214  0.57031677  0.52483934  
8_18_0     0.47162825  0.52483934  0.50309813  0.53595186  0.22092062  0.22830122  0.22830122  0.22092062  0.10546524  0.00000000  0.25857496  0.26633900  0.20637458  0.39366371  0.38446617  0.40297588  0.55868531  0.48197164  0.58213216  0.57031677  0.55868531  0.55868531  0.59413737  0.57031677  0.59413737  0.60633862  0.54723214  0.55868531  0.57031677  0.54723214  0.55868531  0.55868531  0.57031677  0.54723214  0.57031677  0.58213216  0.58213216  0.57031677  0.55868531  0.59413737  0.59413737  0.67052516  0.67052516  0.64418531  0.65723918  0.65723918  0.65723918  0.64418531  0.64418531  0.57031677  0.65723918  0.61874241  0.63135558  0.55868531  0.43162961  0.44143034  0.45136133  0.44143034  0.49246022  0.46142608  0.45136133  0.43162961  0.45136133  0.45136133  0.41240557  0.40297588  0.45136133  0.43162961  0.59413737  0.64418531  0.64418531  0.57031677  0.60633862  0.64418531  0.60633862  0.65723918  0.50309813  0.45136133  0.49246022  0.58213216  0.54723214  0.50309813  0.50309813  0.48197164  0.55868531  0.55868531  0.49246022  0.43162961  0.48197164  0.47162825  0.48197164  0.45136133  0.45136133  0.45136133  0.58213216  0.67052516  0.69782752  0.68405165  0.68405165  0.69782752  0.71186214  0.67052516  0.69782752  0.65723918  0.67052516  0.64418531  0.71186214  0.68405165  0.45136133  0.46142608  0.50309813  0.50309813  0.51388967  0.42195577  0.52483934  0.51388967  0.43162961  0.43162961  0.39366371  0.39366371  0.43162961  0.38446617  0.49246022  0.49246022  0.49246022  0.49246022  0.52483934  0.51388967  0.53595186  0.52483934  0.52483934  0.54723214  0.50309813  
3_17_0     0.51388967  0.64418531  0.53595186  0.50309813  0.31469769  0.30641744  0.30641744  0.29822793  0.29822793  0.25857496  0.00000000  0.29012721  0.29012721  0.39366371  0.36640390  0.45136133  0.52483934  0.58213216  0.58213216  0.61874241  0.60633862  0.59413737  0.59413737  0.58213216  0.60633862  0.58213216  0.58213216  0.57031677  0.55868531  0.52483934  0.59413737  0.59413737  0.60633862  0.58213216  0.57031677  0.60633862  0.65723918  0.61874241  0.60633862  0.61874241  0.61874241  0.69782752  0.67052516  0.67052516  0.68405165  0.59413737  0.59413737  0.61874241  0.61874241  0.61874241  0.77079518  0.72616540  0.74074781  0.65723918  0.50309813  0.52483934  0.51388967  0.49246022  0.59413737  0.50309813  0.48197164  0.46142608  0.52483934  0.48197164  0.44143034  0.48197164  0.42195577  0.42195577  0.58213216  0.69782752  0.69782752  0.64418531  0.65723918  0.61874241  0.58213216  0.69782752  0.57031677  0.51388967  0.54723214  0.61874241  0.60633862  0.55868531  0.58213216  0.54723214  0.61874241  0.60633862  0.58213216  0.48197164  0.52483934  0.50309813  0.47162825  0.53595186  0.53595186  0.50309813  0.55868531  0.65723918  0.63135558  0.63135558  0.64418531  0.65723918  0.60633862  0.59413737  0.60633862  0.63135558  0.64418531  0.59413737  0.60633862  0.59413737  0.57031677  0.53595186  0.54723214  0.54723214  0.55868531  0.53595186  0.53595186  0.51388967  0.50309813  0.51388967  0.45136133  0.45136133  0.47162825  0.44143034  0.50309813  0.50309813  0.50309813  0.48197164  0.52483934  0.51388967  0.49246022  0.48197164  0.48197164  0.48197164  0.46142608  
8_17_0     0.43162961  0.63135558  0.57031677  0.53595186  0.24328478  0.25857496  0.25857496  0.25089076  0.22830122  0.26633900  0.29012721  0.00000000  0.13107027  0.40297588  0.38446617  0.41240557  0.51388967  0.52483934  0.53595186  0.52483934  0.51388967  0.51388967  0.47162825  0.48197164  0.55868531  0.50309813  0.51388967  0.50309813  0.51388967  0.60633862  0.58213216  0.58213216  0.57031677  0.55868531  0.48197164  0.50309813  0.60633862  0.57031677  0.60633862  0.59413737  0.59413737  0.63135558  0.63135558  0.60633862  0.61874241  0.59413737  0.59413737  0.60633862  0.60633862  0.64418531  0.65723918  0.64418531  0.65723918  0.60633862  0.49246022  0.51388967  0.52483934  0.50309813  0.53595186  0.54723214  0.46142608  0.44143034  0.49246022  0.46142608  0.41240557  0.46142608  0.46142608  0.43162961  0.54723214  0.60633862  0.58213216  0.51388967  0.54723214  0.53595186  0.54723214  0.60633862  0.54723214  0.54723214  0.49246022  0.60633862  0.58213216  0.54723214  0.53595186  0.57031677  0.59413737  0.57031677  0.65723918  0.50309813  0.50309813  0.51388967  0.54723214  0.63135558  0.63135558  0.57031677  0.61874241  0.63135558  0.57031677  0.57031677  0.53595186  0.53595186  0.60633862  0.57031677  0.64418531  0.59413737  0.58213216  0.52483934  0.55868531  0.58213216  0.52483934  0.49246022  0.54723214  0.54723214  0.55868531  0.49246022  0.55868531  0.54723214  0.51388967  0.55868531  0.47162825  0.47162825  0.49246022  0.50309813  0.50309813  0.58213216  0.58213216  0.58213216  0.58213216  0.57031677  0.54723214  0.55868531  0.55868531  0.58213216  0.49246022  
8_19_0     0.44143034  0.51388967  0.51388967  0.48197164  0.17810538  0.15758392  0.17120208  0.16436198  0.19920639  0.20637458  0.29012721  0.13107027  0.00000000  0.35753390  0.33153866  0.42195577  0.53595186  0.49246022  0.52483934  0.54723214  0.53595186  0.53595186  0.55868531  0.51388967  0.57031677  0.53595186  0.57031677  0.55868531  0.57031677  0.64418531  0.55868531  0.55868531  0.57031677  0.52483934  0.48197164  0.50309813  0.54723214  0.54723214  0.55868531  0.57031677  0.57031677  0.64418531  0.64418531  0.57031677  0.58213216  0.58213216  0.58213216  0.59413737  0.59413737  0.59413737  0.60633862  0.57031677  0.58213216  0.57031677  0.48197164  0.50309813  0.41240557  0.44143034  0.46142608  0.49246022  0.45136133  0.45136133  0.44143034  0.41240557  0.40297588  0.39366371  0.45136133  0.37538046  0.55868531  0.51388967  0.53595186  0.51388967  0.48197164  0.49246022  0.48197164  0.54723214  0.49246022  0.46142608  0.50309813  0.50309813  0.52483934  0.51388967  0.50309813  0.55868531  0.58213216  0.58213216  0.50309813  0.41240557  0.45136133  0.42195577  0.46142608  0.48197164  0.46142608  0.46142608  0.55868531  0.52483934  0.53595186  0.53595186  0.54723214  0.55868531  0.52483934  0.53595186  0.55868531  0.53595186  0.54723214  0.53595186  0.57031677  0.54723214  0.47162825  0.44143034  0.46142608  0.46142608  0.47162825  0.40297588  0.46142608  0.45136133  0.48197164  0.48197164  0.38446617  0.38446617  0.39366371  0.45136133  0.45136133  0.50309813  0.50309813  0.50309813  0.50309813  0.49246022  0.47162825  0.50309813  0.52483934  0.52483934  0.44143034  
21_0_0     0.35753390  0.55868531  0.49246022  0.49246022  0.40297588  0.43162961  0.43162961  0.42195577  0.37538046  0.39366371  0.39366371  0.40297588  0.35753390  0.00000000  0.18507305  0.26633900  0.52483934  0.44143034  0.48197164  0.49246022  0.50309813  0.50309813  0.51388967  0.48197164  0.51388967  0.50309813  0.60633862  0.59413737  0.60633862  0.61874241  0.49246022  0.49246022  0.50309813  0.51388967  0.47162825  0.53595186  0.51388967  0.51388967  0.51388967  0.53595186  0.53595186  0.52483934  0.52483934  0.54723214  0.53595186  0.47162825  0.47162825  0.46142608  0.46142608  0.57031677  0.65723918  0.67052516  0.65723918  0.64418531  0.46142608  0.46142608  0.44143034  0.51388967  0.50309813  0.45136133  0.42195577  0.44143034  0.47162825  0.45136133  0.43162961  0.41240557  0.46142608  0.44143034  0.51388967  0.48197164  0.46142608  0.51388967  0.45136133  0.48197164  0.53595186  0.42195577  0.49246022  0.41240557  0.39366371  0.51388967  0.51388967  0.44143034  0.46142608  0.49246022  0.48197164  0.49246022  0.52483934  0.45136133  0.40297588  0.41240557  0.46142608  0.46142608  0.47162825  0.47162825  0.49246022  0.52483934  0.57031677  0.52483934  0.51388967  0.52483934  0.51388967  0.50309813  0.54723214  0.51388967  0.52483934  0.53595186  0.51388967  0.54723214  0.49246022  0.46142608  0.53595186  0.53595186  0.54723214  0.51388967  0.49246022  0.48197164  0.45136133  0.47162825  0.41240557  0.41240557  0.38446617  0.42195577  0.38446617  0.46142608  0.44143034  0.44143034  0.50309813  0.45136133  0.45136133  0.50309813  0.50309813  0.50309813  0.44143034  
3_0_0      0.45136133  0.55868531  0.49246022  0.48197164  0.41240557  0.38446617  0.38446617  0.39366371  0.39366371  0.38446617  0.36640390  0.38446617  0.33153866  0.18507305  0.00000000  0.25089076  0.51388967  0.49246022  0.48197164  0.50309813  0.51388967  0.51388967  0.48197164  0.49246022  0.49246022  0.45136133  0.53595186  0.54723214  0.55868531  0.63135558  0.48197164  0.48197164  0.47162825  0.46142608  0.47162825  0.50309813  0.53595186  0.52483934  0.54723214  0.57031677  0.57031677  0.55868531  0.53595186  0.53595186  0.54723214  0.52483934  0.52483934  0.51388967  0.51388967  0.55868531  0.59413737  0.58213216  0.59413737  0.59413737  0.46142608  0.48197164  0.50309813  0.44143034  0.48197164  0.50309813  0.48197164  0.50309813  0.47162825  0.39366371  0.42195577  0.41240557  0.47162825  0.45136133  0.53595186  0.53595186  0.55868531  0.54723214  0.51388967  0.51388967  0.54723214  0.53595186  0.43162961  0.45136133  0.45136133  0.50309813  0.52483934  0.48197164  0.50309813  0.48197164  0.50309813  0.48197164  0.53595186  0.44143034  0.41240557  0.38446617  0.45136133  0.50309813  0.49246022  0.49246022  0.58213216  0.50309813  0.52483934  0.50309813  0.51388967  0.52483934  0.51388967  0.48197164  0.52483934  0.46142608  0.47162825  0.49246022  0.48197164  0.48197164  0.49246022  0.48197164  0.49246022  0.49246022  0.50309813  0.53595186  0.52483934  0.51388967  0.46142608  0.48197164  0.44143034  0.46142608  0.45136133  0.45136133  0.47162825  0.54723214  0.54723214  0.52483934  0.52483934  0.49246022  0.48197164  0.51388967  0.53595186  0.51388967  0.43162961  
8_0_0      0.50309813  0.58213216  0.54723214  0.54723214  0.44143034  0.43162961  0.41240557  0.44143034  0.41240557  0.40297588  0.45136133  0.41240557  0.42195577  0.26633900  0.25089076  0.00000000  0.54723214  0.50309813  0.52483934  0.49246022  0.50309813  0.48197164  0.49246022  0.50309813  0.53595186  0.57031677  0.57031677  0.58213216  0.57031677  0.67052516  0.54723214  0.54723214  0.55868531  0.55868531  0.45136133  0.53595186  0.48197164  0.65723918  0.60633862  0.63135558  0.63135558  0.58213216  0.58213216  0.58213216  0.59413737  0.54723214  0.54723214  0.51388967  0.51388967  0.61874241  0.64418531  0.65723918  0.64418531  0.55868531  0.55868531  0.55868531  0.60633862  0.51388967  0.59413737  0.51388967  0.49246022  0.51388967  0.57031677  0.54723214  0.51388967  0.55868531  0.54723214  0.54723214  0.67052516  0.69782752  0.67052516  0.61874241  0.60633862  0.67052516  0.63135558  0.59413737  0.64418531  0.51388967  0.51388967  0.71186214  0.67052516  0.54723214  0.52483934  0.58213216  0.60633862  0.55868531  0.64418531  0.63135558  0.54723214  0.53595186  0.60633862  0.59413737  0.59413737  0.58213216  0.65723918  0.67052516  0.61874241  0.67052516  0.65723918  0.67052516  0.63135558  0.59413737  0.64418531  0.65723918  0.67052516  0.68405165  0.63135558  0.64418531  0.54723214  0.51388967  0.53595186  0.53595186  0.54723214  0.52483934  0.55868531  0.52483934  0.57031677  0.59413737  0.52483934  0.54723214  0.52483934  0.51388967  0.45136133  0.55868531  0.57031677  0.53595186  0.60633862  0.54723214  0.52483934  0.55868531  0.53595186  0.55868531  0.49246022  
20_9_0     0.45136133  0.49246022  0.46142608  0.58213216  0.53595186  0.51388967  0.49246022  0.52483934  0.54723214  0.55868531  0.52483934  0.51388967  0.53595186  0.52483934  0.51388967  0.54723214  0.00000000  0.13107027  0.15758392  0.21361220  0.20637458  0.20637458  0.20637458  0.15758392  0.17810538  0.24328478  0.22092062  0.23575544  0.24328478  0.25857496  0.17810538  0.17810538  0.18507305  0.18507305  0.25089076  0.21361220  0.24328478  0.26633900  0.23575544  0.25857496  0.25857496  0.34876795  0.33153866  0.34876795  0.35753390  0.30641744  0.30641744  0.33153866  0.33153866  0.40297588  0.35753390  0.36640390  0.35753390  0.34010365  0.34876795  0.34876795  0.42195577  0.42195577  0.40297588  0.42195577  0.38446617  0.39366371  0.37538046  0.41240557  0.33153866  0.35753390  0.34010365  0.31469769  0.41240557  0.40297588  0.42195577  0.44143034  0.39366371  0.38446617  0.38446617  0.39366371  0.37538046  0.36640390  0.39366371  0.54723214  0.52483934  0.51388967  0.51388967  0.50309813  0.49246022  0.45136133  0.38446617  0.32307073  0.31469769  0.33153866  0.37538046  0.36640390  0.37538046  0.38446617  0.36640390  0.40297588  0.40297588  0.40297588  0.40297588  0.41240557  0.39366371  0.46142608  0.43162961  0.42195577  0.41240557  0.38446617  0.40297588  0.44143034  0.47162825  0.45136133  0.39366371  0.39366371  0.41240557  0.37538046  0.38446617  0.40297588  0.36640390  0.40297588  0.33153866  0.32307073  0.34876795  0.39366371  0.36640390  0.41240557  0.41240557  0.40297588  0.48197164  0.49246022  0.49246022  0.55868531  0.53595186  0.55868531  0.52483934  
20_6_0     0.37538046  0.41240557  0.39366371  0.47162825  0.49246022  0.53595186  0.51388967  0.50309813  0.53595186  0.48197164  0.58213216  0.52483934  0.49246022  0.44143034  0.49246022  0.50309813  0.13107027  0.00000000  0.10546524  0.12458629  0.11815809  0.13107027  0.15086679  0.08070862  0.11178472  0.17810538  0.15758392  0.15758392  0.16436198  0.19920639  0.11178472  0.11178472  0.11815809  0.13107027  0.15086679  0.13107027  0.17810538  0.21361220  0.17120208  0.21361220  0.21361220  0.31469769  0.29822793  0.29822793  0.29012721  0.29012721  0.29012721  0.31469769  0.31469769  0.40297588  0.32307073  0.31469769  0.30641744  0.25857496  0.29012721  0.27418456  0.34010365  0.32307073  0.30641744  0.34010365  0.32307073  0.33153866  0.33153866  0.38446617  0.32307073  0.31469769  0.32307073  0.29012721  0.32307073  0.34876795  0.36640390  0.37538046  0.37538046  0.36640390  0.38446617  0.35753390  0.32307073  0.30641744  0.39366371  0.47162825  0.43162961  0.46142608  0.44143034  0.45136133  0.46142608  0.42195577  0.30641744  0.26633900  0.27418456  0.27418456  0.35753390  0.32307073  0.33153866  0.33153866  0.36640390  0.39366371  0.39366371  0.37538046  0.41240557  0.42195577  0.44143034  0.41240557  0.40297588  0.41240557  0.40297588  0.39366371  0.41240557  0.45136133  0.40297588  0.43162961  0.33153866  0.33153866  0.34876795  0.34010365  0.38446617  0.38446617  0.30641744  0.32307073  0.25857496  0.25089076  0.24328478  0.31469769  0.32307073  0.37538046  0.35753390  0.35753390  0.39366371  0.40297588  0.42195577  0.50309813  0.48197164  0.49246022  0.43162961  
20_8_0     0.44143034  0.46142608  0.40297588  0.48197164  0.57031677  0.57031677  0.54723214  0.55868531  0.51388967  0.58213216  0.58213216  0.53595186  0.52483934  0.48197164  0.48197164  0.52483934  0.15758392  0.10546524  0.00000000  0.14420950  0.15086679  0.16436198  0.16436198  0.09298441  0.15086679  0.18507305  0.17810538  0.17810538  0.18507305  0.22092062  0.15086679  0.15086679  0.15758392  0.15086679  0.20637458  0.15758392  0.20637458  0.26633900  0.22092062  0.25089076  0.25089076  0.30641744  0.29012721  0.29822793  0.30641744  0.29012721  0.29012721  0.31469769  0.31469769  0.41240557  0.33153866  0.34010365  0.33153866  0.32307073  0.33153866  0.33153866  0.33153866  0.35753390  0.34876795  0.40297588  0.34876795  0.35753390  0.37538046  0.37538046  0.30641744  0.31469769  0.33153866  0.31469769  0.34876795  0.41240557  0.41240557  0.36640390  0.40297588  0.37538046  0.37538046  0.37538046  0.40297588  0.34876795  0.40297588  0.52483934  0.50309813  0.48197164  0.48197164  0.47162825  0.49246022  0.44143034  0.36640390  0.27418456  0.26633900  0.25089076  0.38446617  0.35753390  0.35753390  0.35753390  0.36640390  0.38446617  0.40297588  0.36640390  0.37538046  0.38446617  0.43162961  0.42195577  0.39366371  0.36640390  0.35753390  0.36640390  0.39366371  0.42195577  0.41240557  0.40297588  0.37538046  0.37538046  0.39366371  0.36640390  0.37538046  0.37538046  0.32307073  0.36640390  0.28211337  0.27418456  0.29012721  0.34010365  0.34876795  0.40297588  0.41240557  0.38446617  0.43162961  0.41240557  0.41240557  0.47162825  0.47162825  0.46142608  0.43162961  
7_6_0      0.43162961  0.48197164  0.46142608  0.44143034  0.46142608  0.48197164  0.46142608  0.45136133  0.55868531  0.57031677  0.61874241  0.52483934  0.54723214  0.49246022  0.50309813  0.49246022  0.21361220  0.12458629  0.14420950  0.00000000  0.00548456  0.01657594  0.17120208  0.09919877  0.18507305  0.25857496  0.23575544  0.23575544  0.24328478  0.24328478  0.15086679  0.15086679  0.15758392  0.15086679  0.23575544  0.15086679  0.20637458  0.28211337  0.22092062  0.26633900  0.26633900  0.31469769  0.31469769  0.28211337  0.29012721  0.25857496  0.25857496  0.28211337  0.28211337  0.44143034  0.34876795  0.32307073  0.31469769  0.30641744  0.33153866  0.33153866  0.38446617  0.35753390  0.36640390  0.38446617  0.34876795  0.35753390  0.37538046  0.39366371  0.33153866  0.37538046  0.33153866  0.33153866  0.37538046  0.39366371  0.39366371  0.40297588  0.40297588  0.41240557  0.41240557  0.42195577  0.42195577  0.33153866  0.36640390  0.47162825  0.43162961  0.41240557  0.39366371  0.47162825  0.44143034  0.38446617  0.30641744  0.29012721  0.25089076  0.23575544  0.38446617  0.33153866  0.35753390  0.34010365  0.39366371  0.37538046  0.35753390  0.34010365  0.32307073  0.33153866  0.38446617  0.37538046  0.36640390  0.36640390  0.35753390  0.37538046  0.36640390  0.41240557  0.46142608  0.41240557  0.42195577  0.42195577  0.44143034  0.39366371  0.38446617  0.40297588  0.26633900  0.31469769  0.29822793  0.29012721  0.29012721  0.30641744  0.31469769  0.36640390  0.37538046  0.34876795  0.40297588  0.39366371  0.41240557  0.47162825  0.47162825  0.46142608  0.40297588  
16_6_0     0.44143034  0.47162825  0.45136133  0.45136133  0.45136133  0.47162825  0.45136133  0.44143034  0.54723214  0.55868531  0.60633862  0.51388967  0.53595186  0.50309813  0.51388967  0.50309813  0.20637458  0.11815809  0.15086679  0.00548456  0.00000000  0.01100967  0.16436198  0.09298441  0.17810538  0.25089076  0.22830122  0.22830122  0.23575544  0.23575544  0.15758392  0.15758392  0.16436198  0.15758392  0.22830122  0.14420950  0.21361220  0.27418456  0.22830122  0.27418456  0.27418456  0.32307073  0.32307073  0.29012721  0.29822793  0.26633900  0.26633900  0.29012721  0.29012721  0.43162961  0.34876795  0.32307073  0.31469769  0.29822793  0.34010365  0.34010365  0.39366371  0.36640390  0.37538046  0.39366371  0.35753390  0.36640390  0.38446617  0.40297588  0.34010365  0.38446617  0.34010365  0.34010365  0.38446617  0.40297588  0.40297588  0.39366371  0.41240557  0.42195577  0.42195577  0.43162961  0.41240557  0.34010365  0.37538046  0.48197164  0.44143034  0.42195577  0.40297588  0.48197164  0.45136133  0.39366371  0.31469769  0.28211337  0.24328478  0.24328478  0.39366371  0.34010365  0.36640390  0.34876795  0.40297588  0.38446617  0.36640390  0.34876795  0.33153866  0.34010365  0.39366371  0.38446617  0.37538046  0.37538046  0.36640390  0.38446617  0.37538046  0.42195577  0.47162825  0.42195577  0.43162961  0.43162961  0.45136133  0.40297588  0.39366371  0.41240557  0.27418456  0.32307073  0.30641744  0.29822793  0.29822793  0.31469769  0.32307073  0.37538046  0.38446617  0.35753390  0.41240557  0.40297588  0.42195577  0.48197164  0.48197164  0.47162825  0.41240557  
12_6_0     0.42195577  0.45136133  0.43162961  0.43162961  0.45136133  0.47162825  0.45136133  0.44143034  0.54723214  0.55868531  0.59413737  0.51388967  0.53595186  0.50309813  0.51388967  0.48197164  0.20637458  0.13107027  0.16436198  0.01657594  0.01100967  0.00000000  0.17810538  0.10546524  0.19210630  0.26633900  0.24328478  0.24328478  0.25089076  0.23575544  0.17120208  0.17120208  0.17810538  0.17120208  0.24328478  0.15758392  0.22830122  0.29012721  0.24328478  0.29012721  0.29012721  0.32307073  0.32307073  0.29012721  0.29822793  0.26633900  0.26633900  0.29012721  0.29012721  0.43162961  0.34876795  0.32307073  0.31469769  0.29822793  0.34010365  0.34010365  0.39366371  0.38446617  0.39366371  0.39366371  0.35753390  0.36640390  0.38446617  0.40297588  0.34010365  0.38446617  0.34010365  0.32307073  0.40297588  0.40297588  0.40297588  0.39366371  0.41240557  0.42195577  0.42195577  0.43162961  0.41240557  0.34010365  0.37538046  0.48197164  0.44143034  0.40297588  0.38446617  0.46142608  0.43162961  0.37538046  0.33153866  0.29822793  0.25857496  0.25857496  0.37538046  0.34010365  0.36640390  0.34876795  0.40297588  0.38446617  0.34876795  0.34876795  0.33153866  0.34010365  0.39366371  0.38446617  0.35753390  0.37538046  0.36640390  0.38446617  0.37538046  0.42195577  0.47162825  0.42195577  0.43162961  0.43162961  0.45136133  0.40297588  0.39366371  0.39366371  0.27418456  0.32307073  0.30641744  0.29822793  0.28211337  0.31469769  0.30641744  0.35753390  0.36640390  0.34010365  0.41240557  0.40297588  0.42195577  0.48197164  0.48197164  0.47162825  0.41240557  
18_11_0    0.43162961  0.46142608  0.40297588  0.48197164  0.54723214  0.59413737  0.59413737  0.58213216  0.58213216  0.59413737  0.59413737  0.47162825  0.55868531  0.51388967  0.48197164  0.49246022  0.20637458  0.15086679  0.16436198  0.17120208  0.16436198  0.17810538  0.00000000  0.08682130  0.17120208  0.20637458  0.18507305  0.18507305  0.17810538  0.24328478  0.18507305  0.18507305  0.17810538  0.17810538  0.18507305  0.13761101  0.25089076  0.26633900  0.25089076  0.27418456  0.27418456  0.37538046  0.37538046  0.35753390  0.36640390  0.34876795  0.34876795  0.35753390  0.35753390  0.40297588  0.35753390  0.36640390  0.37538046  0.30641744  0.34876795  0.36640390  0.44143034  0.40297588  0.38446617  0.40297588  0.33153866  0.34010365  0.34010365  0.42195577  0.37538046  0.39366371  0.37538046  0.36640390  0.34010365  0.37538046  0.39366371  0.39366371  0.40297588  0.35753390  0.35753390  0.38446617  0.34876795  0.35753390  0.37538046  0.46142608  0.42195577  0.49246022  0.49246022  0.44143034  0.47162825  0.39366371  0.39366371  0.30641744  0.29822793  0.29822793  0.36640390  0.38446617  0.39366371  0.37538046  0.43162961  0.43162961  0.41240557  0.37538046  0.41240557  0.41240557  0.44143034  0.39366371  0.40297588  0.42195577  0.41240557  0.41240557  0.39366371  0.41240557  0.42195577  0.38446617  0.38446617  0.38446617  0.40297588  0.37538046  0.42195577  0.42195577  0.35753390  0.39366371  0.32307073  0.31469769  0.34010365  0.37538046  0.34010365  0.43162961  0.44143034  0.41240557  0.43162961  0.42195577  0.44143034  0.49246022  0.51388967  0.50309813  0.43162961  
18_6_0     0.41240557  0.46142608  0.42195577  0.44143034  0.51388967  0.55868531  0.55868531  0.52483934  0.55868531  0.57031677  0.58213216  0.48197164  0.51388967  0.48197164  0.49246022  0.50309813  0.15758392  0.08070862  0.09298441  0.09919877  0.09298441  0.10546524  0.08682130  0.00000000  0.08682130  0.15086679  0.11815809  0.11815809  0.12458629  0.19920639  0.13107027  0.13107027  0.13761101  0.13107027  0.16436198  0.09298441  0.21361220  0.24328478  0.21361220  0.22830122  0.22830122  0.30641744  0.30641744  0.30641744  0.31469769  0.28211337  0.28211337  0.30641744  0.30641744  0.40297588  0.30641744  0.31469769  0.32307073  0.29012721  0.32307073  0.32307073  0.37538046  0.34010365  0.34010365  0.37538046  0.34010365  0.34876795  0.36640390  0.40297588  0.34010365  0.35753390  0.34010365  0.34010365  0.33153866  0.39366371  0.39366371  0.37538046  0.38446617  0.35753390  0.35753390  0.38446617  0.35753390  0.30641744  0.35753390  0.46142608  0.42195577  0.45136133  0.45136133  0.42195577  0.45136133  0.37538046  0.34876795  0.26633900  0.24328478  0.25857496  0.34010365  0.32307073  0.33153866  0.33153866  0.36640390  0.40297588  0.38446617  0.34876795  0.38446617  0.39366371  0.41240557  0.36640390  0.37538046  0.37538046  0.36640390  0.36640390  0.38446617  0.40297588  0.40297588  0.39366371  0.35753390  0.35753390  0.37538046  0.34010365  0.34010365  0.34010365  0.30641744  0.34010365  0.27418456  0.26633900  0.28211337  0.33153866  0.32307073  0.37538046  0.38446617  0.35753390  0.34876795  0.35753390  0.37538046  0.45136133  0.47162825  0.44143034  0.38446617  
