17
20_0_0     0.00000000  0.31286693  0.23334967  0.23334967  0.24600346  0.29898462  0.27865384  0.22710577  0.20869476  0.24600346  0.27865384  0.27865384  0.27865384  0.26541423  0.23964857  0.22710577  0.23964857  
15_2_0     0.31286693  0.00000000  0.13945448  0.10195910  0.09159764  0.19667897  0.36369444  0.28536674  0.28536674  0.27200339  0.36369444  0.36369444  0.36369444  0.34879987  0.29898462  0.31286693  0.30589208  
14_2_0     0.23334967  0.13945448  0.00000000  0.08138420  0.07131462  0.17323675  0.32702414  0.24600346  0.22710577  0.23964857  0.30589208  0.30589208  0.30589208  0.29898462  0.27865384  0.29214326  0.29214326  
6_3_0      0.23334967  0.10195910  0.08138420  0.00000000  0.02767823  0.17902564  0.30589208  0.24600346  0.22710577  0.22710577  0.31991050  0.31991050  0.31991050  0.31286693  0.27200339  0.28536674  0.28536674  
6_2_0      0.24600346  0.09159764  0.07131462  0.02767823  0.00000000  0.15614611  0.29214326  0.22091594  0.20266162  0.20266162  0.30589208  0.30589208  0.30589208  0.29898462  0.25888524  0.27200339  0.27200339  
16_2_0     0.29898462  0.19667897  0.17323675  0.17902564  0.15614611  0.00000000  0.34879987  0.28536674  0.27865384  0.29214326  0.32702414  0.32702414  0.32702414  0.31286693  0.28536674  0.29898462  0.29898462  
16_0_0     0.27865384  0.36369444  0.32702414  0.30589208  0.29214326  0.34879987  0.00000000  0.13945448  0.15614611  0.19667897  0.29898462  0.29898462  0.29898462  0.30589208  0.29214326  0.27865384  0.27865384  
6_0_0      0.22710577  0.28536674  0.24600346  0.24600346  0.22091594  0.28536674  0.13945448  0.00000000  0.04192981  0.09159764  0.26541423  0.26541423  0.26541423  0.27200339  0.21477924  0.22710577  0.21477924  
14_0_0     0.20869476  0.28536674  0.22710577  0.22710577  0.20266162  0.27865384  0.15614611  0.04192981  0.00000000  0.07633168  0.27200339  0.27200339  0.27200339  0.26541423  0.22091594  0.22091594  0.22091594  
15_0_0     0.24600346  0.27200339  0.23964857  0.22710577  0.20266162  0.29214326  0.19667897  0.09159764  0.07633168  0.00000000  0.29214326  0.29214326  0.29214326  0.27865384  0.25888524  0.27200339  0.27200339  
10_0_0     0.27865384  0.36369444  0.30589208  0.31991050  0.30589208  0.32702414  0.29898462  0.26541423  0.27200339  0.29214326  0.00000000  0.00000000  0.00000000  0.00910754  0.29214326  0.30589208  0.30589208  
4_0_0      0.27865384  0.36369444  0.30589208  0.31991050  0.30589208  0.32702414  0.29898462  0.26541423  0.27200339  0.29214326  0.00000000  0.00000000  0.00000000  0.00910754  0.29214326  0.30589208  0.30589208  
12_0_0     0.27865384  0.36369444  0.30589208  0.31991050  0.30589208  0.32702414  0.29898462  0.26541423  0.27200339  0.29214326  0.00000000  0.00000000  0.00000000  0.00910754  0.29214326  0.30589208  0.30589208  
5_0_0      0.26541423  0.34879987  0.29898462  0.31286693  0.29898462  0.31286693  0.30589208  0.27200339  0.26541423  0.27865384  0.00910754  0.00910754  0.00910754  0.00000000  0.27865384  0.29214326  0.29214326  
1_0_0      0.23964857  0.29898462  0.27865384  0.27200339  0.25888524  0.28536674  0.29214326  0.21477924  0.22091594  0.25888524  0.29214326  0.29214326  0.29214326  0.27865384  0.00000000  0.00910754  0.00910754  
2_0_0      0.22710577  0.31286693  0.29214326  0.28536674  0.27200339  0.29898462  0.27865384  0.22710577  0.22091594  0.27200339  0.30589208  0.30589208  0.30589208  0.29214326  0.00910754  0.00000000  0.00910754  
3_0_0      0.23964857  0.30589208  0.29214326  0.28536674  0.27200339  0.29898462  0.27865384  0.21477924  0.22091594  0.27200339  0.30589208  0.30589208  0.30589208  0.29214326  0.00910754  0.00910754  0.00000000  

