17
20_0_0     0.00000000  0.25263296  0.22108004  0.21493388  0.22108004  0.26565642  0.26565642  0.22727974  0.22108004  0.23353390  0.25911491  0.25911491  0.25911491  0.26565642  0.17333532  0.17333532  0.17333532  
15_2_0     0.25263296  0.00000000  0.10723323  0.07634994  0.08140501  0.20884032  0.32027216  0.26565642  0.25911491  0.27225859  0.22727974  0.22727974  0.22727974  0.23353390  0.27892257  0.27892257  0.27892257  
14_2_0     0.22108004  0.10723323  0.00000000  0.06634623  0.06139661  0.19680749  0.27225859  0.23984349  0.24620950  0.23984349  0.22727974  0.22727974  0.22727974  0.22108004  0.23353390  0.23353390  0.23353390  
6_3_0      0.21493388  0.07634994  0.06634623  0.00000000  0.01370575  0.20279848  0.31321161  0.23984349  0.23353390  0.23353390  0.22108004  0.22108004  0.22108004  0.21493388  0.23984349  0.23984349  0.23984349  
6_2_0      0.22108004  0.08140501  0.06139661  0.01370575  0.00000000  0.18497467  0.29244065  0.23353390  0.22727974  0.23353390  0.22108004  0.22108004  0.22108004  0.21493388  0.24620950  0.24620950  0.24620950  
16_2_0     0.26565642  0.20884032  0.19680749  0.20279848  0.18497467  0.00000000  0.31321161  0.27225859  0.29244065  0.27892257  0.28564952  0.28564952  0.28564952  0.28564952  0.25263296  0.25263296  0.25263296  
16_0_0     0.26565642  0.32027216  0.27225859  0.31321161  0.29244065  0.31321161  0.00000000  0.17913121  0.17913121  0.20279848  0.33460687  0.33460687  0.33460687  0.32740343  0.27225859  0.27225859  0.27225859  
6_0_0      0.22727974  0.26565642  0.23984349  0.23984349  0.23353390  0.27225859  0.17913121  0.00000000  0.04193523  0.08140501  0.23353390  0.23353390  0.23353390  0.22727974  0.23984349  0.23984349  0.23984349  
14_0_0     0.22108004  0.25911491  0.24620950  0.23353390  0.22727974  0.29244065  0.17913121  0.04193523  0.00000000  0.09678923  0.24620950  0.24620950  0.24620950  0.23984349  0.25263296  0.25263296  0.25263296  
15_0_0     0.23353390  0.27225859  0.23984349  0.23353390  0.23353390  0.27892257  0.20279848  0.08140501  0.09678923  0.00000000  0.24620950  0.24620950  0.24620950  0.23984349  0.24620950  0.24620950  0.24620950  
10_0_0     0.25911491  0.22727974  0.22727974  0.22108004  0.22108004  0.28564952  0.33460687  0.23353390  0.24620950  0.24620950  0.00000000  0.00000000  0.00000000  0.02299175  0.27892257  0.27892257  0.27892257  
4_0_0      0.25911491  0.22727974  0.22727974  0.22108004  0.22108004  0.28564952  0.33460687  0.23353390  0.24620950  0.24620950  0.00000000  0.00000000  0.00000000  0.02299175  0.27892257  0.27892257  0.27892257  
12_0_0     0.25911491  0.22727974  0.22727974  0.22108004  0.22108004  0.28564952  0.33460687  0.23353390  0.24620950  0.24620950  0.00000000  0.00000000  0.00000000  0.02299175  0.27892257  0.27892257  0.27892257  
5_0_0      0.26565642  0.23353390  0.22108004  0.21493388  0.21493388  0.28564952  0.32740343  0.22727974  0.23984349  0.23984349  0.02299175  0.02299175  0.02299175  0.00000000  0.27225859  0.27225859  0.27225859  
1_0_0      0.17333532  0.27892257  0.23353390  0.23984349  0.24620950  0.25263296  0.27225859  0.23984349  0.25263296  0.24620950  0.27892257  0.27892257  0.27892257  0.27225859  0.00000000  0.00000000  0.00000000  
2_0_0      0.17333532  0.27892257  0.23353390  0.23984349  0.24620950  0.25263296  0.27225859  0.23984349  0.25263296  0.24620950  0.27892257  0.27892257  0.27892257  0.27225859  0.00000000  0.00000000  0.00000000  
3_0_0      0.17333532  0.27892257  0.23353390  0.23984349  0.24620950  0.25263296  0.27225859  0.23984349  0.25263296  0.24620950  0.27892257  0.27892257  0.27892257  0.27225859  0.00000000  0.00000000  0.00000000  

