20
4_0_0      0.00000000  0.08108743  0.11266934  0.11266934  0.23346427  0.25063804  0.24199994  0.25063804  0.25063804  0.24630604  0.22923410  0.21255768  0.30946334  0.30009447  0.31895576  0.31895576  0.30476366  0.33343331  0.33343331  0.31895576  
13_0_0     0.08108743  0.00000000  0.07766235  0.08798686  0.26379271  0.28626589  0.27269797  0.28626589  0.25938106  0.25063804  0.25063804  0.24630604  0.32857504  0.31895576  0.33343331  0.32857504  0.32374933  0.36329233  0.36329233  0.34324934  
10_0_0     0.11266934  0.07766235  0.00000000  0.04102441  0.29084596  0.30009447  0.30476366  0.29545536  0.28171478  0.24199994  0.25063804  0.26379271  0.36329233  0.34324934  0.36329233  0.36329233  0.33832459  0.36839151  0.37352706  0.34820801  
12_0_0     0.11266934  0.08798686  0.04102441  0.00000000  0.28626589  0.27719225  0.28626589  0.29084596  0.26379271  0.23346427  0.24199994  0.25063804  0.35320108  0.33343331  0.34820801  0.34324934  0.31895576  0.34324934  0.35320108  0.30476366  
19_0_0     0.23346427  0.26379271  0.29084596  0.28626589  0.00000000  0.08798686  0.09495306  0.10198734  0.09495306  0.08798686  0.08108743  0.08108743  0.29084596  0.31419391  0.31419391  0.30946334  0.30009447  0.32857504  0.32857504  0.32857504  
18_0_0     0.25063804  0.28626589  0.30009447  0.27719225  0.08798686  0.00000000  0.07086070  0.07766235  0.09495306  0.11626552  0.11626552  0.09846161  0.27719225  0.27269797  0.29084596  0.29545536  0.30009447  0.31895576  0.30946334  0.34324934  
7_0_0      0.24199994  0.27269797  0.30476366  0.28626589  0.09495306  0.07086070  0.00000000  0.08452888  0.08452888  0.12351224  0.12351224  0.11266934  0.30476366  0.29545536  0.30476366  0.29545536  0.30946334  0.31895576  0.31419391  0.34324934  
16_0_0     0.25063804  0.28626589  0.29545536  0.29084596  0.10198734  0.07766235  0.08452888  0.00000000  0.09846161  0.10198734  0.10909103  0.09846161  0.31419391  0.30946334  0.30946334  0.31895576  0.30009447  0.32857504  0.32374933  0.33343331  
9_0_0      0.25063804  0.25938106  0.28171478  0.26379271  0.09495306  0.09495306  0.08452888  0.09846161  0.00000000  0.11266934  0.11626552  0.11266934  0.29545536  0.29545536  0.29084596  0.29084596  0.28626589  0.32374933  0.31895576  0.33343331  
20_0_0     0.24630604  0.25063804  0.24199994  0.23346427  0.08798686  0.11626552  0.12351224  0.10198734  0.11266934  0.00000000  0.02179916  0.05083307  0.31895576  0.32374933  0.32374933  0.31895576  0.29545536  0.33343331  0.32857504  0.34324934  
8_0_0      0.22923410  0.25063804  0.25063804  0.24199994  0.08108743  0.11626552  0.12351224  0.10909103  0.11626552  0.02179916  0.00000000  0.04102441  0.30009447  0.32374933  0.30946334  0.30476366  0.29084596  0.34324934  0.34324934  0.34820801  
15_0_0     0.21255768  0.24630604  0.26379271  0.25063804  0.08108743  0.09846161  0.11266934  0.09846161  0.11266934  0.05083307  0.04102441  0.00000000  0.30476366  0.31419391  0.31419391  0.30946334  0.28171478  0.35822902  0.35822902  0.34324934  
6_0_0      0.30946334  0.32857504  0.36329233  0.35320108  0.29084596  0.27719225  0.30476366  0.31419391  0.29545536  0.31895576  0.30009447  0.30476366  0.00000000  0.04754865  0.05083307  0.04427914  0.08798686  0.37869952  0.38390941  0.37869952  
11_0_0     0.30009447  0.31895576  0.34324934  0.33343331  0.31419391  0.27269797  0.29545536  0.30946334  0.29545536  0.32374933  0.32374933  0.31419391  0.04754865  0.00000000  0.06077724  0.05413256  0.09146153  0.37869952  0.37869952  0.39976922  
17_0_0     0.31895576  0.33343331  0.36329233  0.34820801  0.31419391  0.29084596  0.30476366  0.30946334  0.29084596  0.32374933  0.30946334  0.31419391  0.05083307  0.06077724  0.00000000  0.01864428  0.06412272  0.36329233  0.36329233  0.38390941  
14_0_0     0.31895576  0.32857504  0.36329233  0.34324934  0.30946334  0.29545536  0.29545536  0.31895576  0.29084596  0.31895576  0.30476366  0.30946334  0.04427914  0.05413256  0.01864428  0.00000000  0.06412272  0.35822902  0.36839151  0.37869952  
5_0_0      0.30476366  0.32374933  0.33832459  0.31895576  0.30009447  0.30009447  0.30946334  0.30009447  0.28626589  0.29545536  0.29084596  0.28171478  0.08798686  0.09146153  0.06412272  0.06412272  0.00000000  0.37352706  0.37352706  0.37869952  
2_0_0      0.33343331  0.36329233  0.36839151  0.34324934  0.32857504  0.31895576  0.31895576  0.32857504  0.32374933  0.33343331  0.34324934  0.35822902  0.37869952  0.37869952  0.36329233  0.35822902  0.37352706  0.00000000  0.01550318  0.13083266  
1_0_0      0.33343331  0.36329233  0.37352706  0.35320108  0.32857504  0.30946334  0.31419391  0.32374933  0.31895576  0.32857504  0.34324934  0.35822902  0.38390941  0.37869952  0.36329233  0.36839151  0.37352706  0.01550318  0.00000000  0.13452097  
3_0_0      0.31895576  0.34324934  0.34820801  0.30476366  0.32857504  0.34324934  0.34324934  0.33343331  0.33343331  0.34324934  0.34820801  0.34324934  0.37869952  0.39976922  0.38390941  0.37869952  0.37869952  0.13083266  0.13452097  0.00000000  

