183
17_31_0    0.00000000  0.00000000  0.01987357  0.25520790  0.21913557  0.21913557  0.24602285  0.30293420  0.27392897  0.28347102  0.27392897  0.29313832  0.24602285  0.24602285  0.25520790  0.24602285  0.25520790  0.27392897  0.28347102  0.23695092  0.39750589  0.39750589  0.35396873  0.37541566  0.36461414  0.34347500  0.37541566  0.36461414  0.42027919  0.49315570  0.39750589  0.39750589  0.40880452  0.48049778  0.46805374  0.48049778  0.45581645  0.46805374  0.44377917  0.39750589  0.44377917  0.37541566  0.38637796  0.35396873  0.39750589  0.35396873  0.33312869  0.32292570  0.32292570  0.34347500  0.33312869  0.33312869  0.39750589  0.34347500  0.36461414  0.37541566  0.36461414  0.37541566  0.34347500  0.38637796  0.54608181  0.31286212  0.31286212  0.30293420  0.31286212  0.33312869  0.33312869  0.30293420  0.33312869  0.33312869  0.34347500  0.32292570  0.30293420  0.32292570  0.32292570  0.31286212  0.31286212  0.33312869  0.33312869  0.42027919  0.40880452  0.32292570  0.34347500  0.34347500  0.34347500  0.39750589  0.39750589  0.39750589  0.30293420  0.32292570  0.32292570  0.29313832  0.38637796  0.38637796  0.39750589  0.40880452  0.38637796  0.37541566  0.37541566  0.37541566  0.37541566  0.34347500  0.37541566  0.37541566  0.38637796  0.37541566  0.34347500  0.37541566  0.38637796  0.34347500  0.39750589  0.37541566  0.38637796  0.32292570  0.31286212  0.36461414  0.27392897  0.31286212  0.36461414  0.34347500  0.32292570  0.31286212  0.28347102  0.30293420  0.32292570  0.30293420  0.34347500  0.34347500  0.35396873  0.32292570  0.32292570  0.34347500  0.34347500  0.38637796  0.35396873  0.39750589  0.42027919  0.40880452  0.34347500  0.34347500  0.40880452  0.35396873  0.35396873  0.30293420  0.31286212  0.29313832  0.29313832  0.31286212  0.32292570  0.38637796  0.40880452  0.39750589  0.29313832  0.30293420  0.42027919  0.30293420  0.33312869  0.30293420  0.30293420  0.35396873  0.28347102  0.29313832  0.27392897  0.26450896  0.22798938  0.36461414  0.36461414  0.36461414  0.37541566  0.37541566  0.35396873  0.35396873  0.37541566  0.32292570  0.34347500  0.36461414  0.36461414  0.35396873  0.38637796  0.38637796  0.25520790  0.37541566  0.39750589  
17_20_0    0.00000000  0.00000000  0.01987357  0.25520790  0.21913557  0.21913557  0.24602285  0.30293420  0.27392897  0.28347102  0.27392897  0.29313832  0.24602285  0.24602285  0.25520790  0.24602285  0.25520790  0.27392897  0.28347102  0.23695092  0.39750589  0.39750589  0.35396873  0.37541566  0.36461414  0.34347500  0.37541566  0.36461414  0.42027919  0.49315570  0.39750589  0.39750589  0.40880452  0.48049778  0.46805374  0.48049778  0.45581645  0.46805374  0.44377917  0.39750589  0.44377917  0.37541566  0.38637796  0.35396873  0.39750589  0.35396873  0.33312869  0.32292570  0.32292570  0.34347500  0.33312869  0.33312869  0.39750589  0.34347500  0.36461414  0.37541566  0.36461414  0.37541566  0.34347500  0.38637796  0.54608181  0.31286212  0.31286212  0.30293420  0.31286212  0.33312869  0.33312869  0.30293420  0.33312869  0.33312869  0.34347500  0.32292570  0.30293420  0.32292570  0.32292570  0.31286212  0.31286212  0.33312869  0.33312869  0.42027919  0.40880452  0.32292570  0.34347500  0.34347500  0.34347500  0.39750589  0.39750589  0.39750589  0.30293420  0.32292570  0.32292570  0.29313832  0.38637796  0.38637796  0.39750589  0.40880452  0.38637796  0.37541566  0.37541566  0.37541566  0.37541566  0.34347500  0.37541566  0.37541566  0.38637796  0.37541566  0.34347500  0.37541566  0.38637796  0.34347500  0.39750589  0.37541566  0.38637796  0.32292570  0.31286212  0.36461414  0.27392897  0.31286212  0.36461414  0.34347500  0.32292570  0.31286212  0.28347102  0.30293420  0.32292570  0.30293420  0.34347500  0.34347500  0.35396873  0.32292570  0.32292570  0.34347500  0.34347500  0.38637796  0.35396873  0.39750589  0.42027919  0.40880452  0.34347500  0.34347500  0.40880452  0.35396873  0.35396873  0.30293420  0.31286212  0.29313832  0.29313832  0.31286212  0.32292570  0.38637796  0.40880452  0.39750589  0.29313832  0.30293420  0.42027919  0.30293420  0.33312869  0.30293420  0.30293420  0.35396873  0.28347102  0.29313832  0.27392897  0.26450896  0.22798938  0.36461414  0.36461414  0.36461414  0.37541566  0.37541566  0.35396873  0.35396873  0.37541566  0.32292570  0.34347500  0.36461414  0.36461414  0.35396873  0.38637796  0.38637796  0.25520790  0.37541566  0.39750589  
84_20_0    0.01987357  0.01987357  0.00000000  0.26450896  0.22798938  0.22798938  0.27392897  0.33312869  0.30293420  0.29313832  0.30293420  0.32292570  0.27392897  0.27392897  0.28347102  0.27392897  0.28347102  0.28347102  0.29313832  0.24602285  0.43193546  0.43193546  0.38637796  0.40880452  0.39750589  0.37541566  0.38637796  0.39750589  0.43193546  0.50603496  0.40880452  0.40880452  0.42027919  0.49315570  0.48049778  0.49315570  0.46805374  0.48049778  0.43193546  0.40880452  0.48049778  0.38637796  0.39750589  0.36461414  0.40880452  0.36461414  0.34347500  0.33312869  0.33312869  0.35396873  0.34347500  0.34347500  0.40880452  0.35396873  0.37541566  0.38637796  0.37541566  0.38637796  0.35396873  0.39750589  0.57404296  0.34347500  0.34347500  0.33312869  0.34347500  0.36461414  0.36461414  0.33312869  0.36461414  0.36461414  0.37541566  0.35396873  0.33312869  0.35396873  0.35396873  0.34347500  0.34347500  0.36461414  0.34347500  0.45581645  0.42027919  0.35396873  0.37541566  0.35396873  0.37541566  0.43193546  0.43193546  0.43193546  0.33312869  0.35396873  0.35396873  0.32292570  0.39750589  0.39750589  0.40880452  0.42027919  0.39750589  0.38637796  0.38637796  0.38637796  0.38637796  0.37541566  0.40880452  0.40880452  0.42027919  0.40880452  0.37541566  0.38637796  0.39750589  0.35396873  0.43193546  0.40880452  0.42027919  0.31286212  0.30293420  0.35396873  0.28347102  0.32292570  0.37541566  0.35396873  0.33312869  0.32292570  0.27392897  0.31286212  0.31286212  0.29313832  0.33312869  0.33312869  0.34347500  0.31286212  0.31286212  0.33312869  0.33312869  0.37541566  0.36461414  0.38637796  0.40880452  0.39750589  0.33312869  0.33312869  0.39750589  0.36461414  0.36461414  0.29313832  0.30293420  0.28347102  0.28347102  0.30293420  0.33312869  0.37541566  0.42027919  0.40880452  0.32292570  0.31286212  0.44377917  0.33312869  0.36461414  0.31286212  0.29313832  0.34347500  0.29313832  0.30293420  0.30293420  0.27392897  0.23695092  0.37541566  0.37541566  0.37541566  0.38637796  0.38637796  0.36461414  0.36461414  0.38637796  0.33312869  0.35396873  0.37541566  0.37541566  0.36461414  0.39750589  0.39750589  0.26450896  0.37541566  0.39750589  
48_20_0    0.25520790  0.25520790  0.26450896  0.00000000  0.17639593  0.19319536  0.28347102  0.35396873  0.22798938  0.21913557  0.22798938  0.21038693  0.30293420  0.28347102  0.27392897  0.28347102  0.27392897  0.31286212  0.32292570  0.29313832  0.36461414  0.38637796  0.34347500  0.36461414  0.33312869  0.35396873  0.38637796  0.37541566  0.35396873  0.44377917  0.30293420  0.34347500  0.35396873  0.33312869  0.31286212  0.31286212  0.31286212  0.32292570  0.32292570  0.40880452  0.39750589  0.32292570  0.33312869  0.39750589  0.42027919  0.28347102  0.28347102  0.31286212  0.31286212  0.33312869  0.30293420  0.27392897  0.34347500  0.29313832  0.31286212  0.34347500  0.33312869  0.34347500  0.33312869  0.27392897  0.43193546  0.34347500  0.36461414  0.37541566  0.36461414  0.38637796  0.38637796  0.37541566  0.36461414  0.36461414  0.39750589  0.33312869  0.33312869  0.33312869  0.33312869  0.34347500  0.36461414  0.36461414  0.30293420  0.30293420  0.33312869  0.29313832  0.33312869  0.35396873  0.33312869  0.36461414  0.35396873  0.34347500  0.32292570  0.28347102  0.28347102  0.29313832  0.31286212  0.28347102  0.29313832  0.28347102  0.28347102  0.30293420  0.30293420  0.30293420  0.30293420  0.34347500  0.33312869  0.33312869  0.34347500  0.33312869  0.30293420  0.29313832  0.30293420  0.32292570  0.35396873  0.35396873  0.38637796  0.28347102  0.27392897  0.28347102  0.25520790  0.23695092  0.28347102  0.26450896  0.26450896  0.27392897  0.27392897  0.29313832  0.31286212  0.31286212  0.31286212  0.31286212  0.30293420  0.31286212  0.31286212  0.33312869  0.33312869  0.34347500  0.35396873  0.39750589  0.39750589  0.38637796  0.34347500  0.34347500  0.40880452  0.36461414  0.36461414  0.28347102  0.27392897  0.31286212  0.31286212  0.31286212  0.32292570  0.40880452  0.40880452  0.35396873  0.36461414  0.29313832  0.37541566  0.31286212  0.30293420  0.33312869  0.35396873  0.36461414  0.39750589  0.37541566  0.32292570  0.31286212  0.29313832  0.36461414  0.45581645  0.45581645  0.46805374  0.40880452  0.36461414  0.36461414  0.38637796  0.40880452  0.35396873  0.39750589  0.39750589  0.38637796  0.35396873  0.37541566  0.30293420  0.35396873  0.34347500  
48_22_0    0.21913557  0.21913557  0.22798938  0.17639593  0.00000000  0.02661907  0.29313832  0.32292570  0.20174099  0.22798938  0.23695092  0.23695092  0.26450896  0.26450896  0.27392897  0.26450896  0.25520790  0.23695092  0.26450896  0.23695092  0.37541566  0.37541566  0.35396873  0.37541566  0.34347500  0.32292570  0.37541566  0.36461414  0.38637796  0.40880452  0.33312869  0.33312869  0.32292570  0.38637796  0.36461414  0.36461414  0.34347500  0.33312869  0.33312869  0.42027919  0.39750589  0.31286212  0.30293420  0.40880452  0.38637796  0.33312869  0.29313832  0.34347500  0.34347500  0.34347500  0.35396873  0.32292570  0.37541566  0.32292570  0.34347500  0.35396873  0.36461414  0.37541566  0.34347500  0.32292570  0.46805374  0.39750589  0.37541566  0.36461414  0.37541566  0.39750589  0.39750589  0.36461414  0.39750589  0.39750589  0.43193546  0.38637796  0.36461414  0.36461414  0.36461414  0.39750589  0.35396873  0.39750589  0.31286212  0.31286212  0.38637796  0.34347500  0.36461414  0.38637796  0.34347500  0.39750589  0.38637796  0.39750589  0.30293420  0.28347102  0.28347102  0.27392897  0.33312869  0.30293420  0.31286212  0.30293420  0.30293420  0.32292570  0.32292570  0.32292570  0.32292570  0.28347102  0.33312869  0.33312869  0.34347500  0.33312869  0.28347102  0.27392897  0.28347102  0.30293420  0.33312869  0.33312869  0.30293420  0.33312869  0.32292570  0.35396873  0.28347102  0.26450896  0.31286212  0.29313832  0.29313832  0.30293420  0.30293420  0.32292570  0.33312869  0.33312869  0.34347500  0.30293420  0.29313832  0.26450896  0.28347102  0.30293420  0.30293420  0.29313832  0.30293420  0.34347500  0.34347500  0.33312869  0.29313832  0.29313832  0.38637796  0.38637796  0.38637796  0.31286212  0.30293420  0.34347500  0.34347500  0.34347500  0.35396873  0.38637796  0.42027919  0.31286212  0.31286212  0.26450896  0.39750589  0.28347102  0.29313832  0.33312869  0.33312869  0.36461414  0.34347500  0.28347102  0.29313832  0.24602285  0.22798938  0.29313832  0.37541566  0.37541566  0.38637796  0.35396873  0.35396873  0.35396873  0.31286212  0.35396873  0.30293420  0.32292570  0.32292570  0.33312869  0.30293420  0.32292570  0.23695092  0.31286212  0.27392897  
48_27_0    0.21913557  0.21913557  0.22798938  0.19319536  0.02661907  0.00000000  0.29313832  0.30293420  0.20174099  0.22798938  0.23695092  0.23695092  0.26450896  0.26450896  0.27392897  0.26450896  0.25520790  0.23695092  0.26450896  0.21913557  0.39750589  0.39750589  0.37541566  0.37541566  0.36461414  0.34347500  0.39750589  0.38637796  0.38637796  0.43193546  0.31286212  0.31286212  0.30293420  0.38637796  0.36461414  0.36461414  0.34347500  0.33312869  0.33312869  0.39750589  0.38637796  0.30293420  0.28347102  0.38637796  0.38637796  0.31286212  0.29313832  0.30293420  0.30293420  0.30293420  0.33312869  0.30293420  0.35396873  0.30293420  0.32292570  0.33312869  0.34347500  0.35396873  0.32292570  0.30293420  0.46805374  0.37541566  0.35396873  0.34347500  0.35396873  0.37541566  0.37541566  0.34347500  0.37541566  0.37541566  0.40880452  0.36461414  0.34347500  0.34347500  0.34347500  0.37541566  0.31286212  0.37541566  0.31286212  0.31286212  0.36461414  0.34347500  0.34347500  0.36461414  0.32292570  0.37541566  0.36461414  0.37541566  0.26450896  0.24602285  0.24602285  0.23695092  0.29313832  0.26450896  0.27392897  0.28347102  0.26450896  0.28347102  0.28347102  0.28347102  0.28347102  0.26450896  0.32292570  0.32292570  0.33312869  0.32292570  0.26450896  0.25520790  0.26450896  0.30293420  0.33312869  0.33312869  0.28347102  0.31286212  0.30293420  0.33312869  0.28347102  0.26450896  0.29313832  0.27392897  0.27392897  0.28347102  0.28347102  0.30293420  0.33312869  0.31286212  0.30293420  0.30293420  0.31286212  0.26450896  0.28347102  0.30293420  0.30293420  0.29313832  0.30293420  0.34347500  0.34347500  0.33312869  0.29313832  0.29313832  0.38637796  0.36461414  0.36461414  0.29313832  0.28347102  0.34347500  0.34347500  0.32292570  0.33312869  0.38637796  0.42027919  0.33312869  0.29313832  0.24602285  0.37541566  0.24602285  0.25520790  0.31286212  0.31286212  0.34347500  0.32292570  0.24602285  0.27392897  0.22798938  0.21038693  0.25520790  0.35396873  0.35396873  0.36461414  0.37541566  0.37541566  0.37541566  0.31286212  0.31286212  0.26450896  0.31286212  0.28347102  0.29313832  0.30293420  0.30293420  0.21913557  0.33312869  0.27392897  
48_23_0    0.24602285  0.24602285  0.27392897  0.28347102  0.29313832  0.29313832  0.00000000  0.10520800  0.22798938  0.23695092  0.23695092  0.24602285  0.28347102  0.28347102  0.29313832  0.28347102  0.27392897  0.27392897  0.27392897  0.24602285  0.43193546  0.43193546  0.39750589  0.42027919  0.38637796  0.40880452  0.42027919  0.40880452  0.39750589  0.43193546  0.42027919  0.45581645  0.44377917  0.42027919  0.44377917  0.39750589  0.37541566  0.39750589  0.38637796  0.40880452  0.49315570  0.45581645  0.39750589  0.44377917  0.40880452  0.38637796  0.36461414  0.33312869  0.33312869  0.35396873  0.36461414  0.36461414  0.40880452  0.35396873  0.37541566  0.39750589  0.36461414  0.37541566  0.35396873  0.37541566  0.49315570  0.35396873  0.37541566  0.35396873  0.38637796  0.40880452  0.40880452  0.37541566  0.39750589  0.39750589  0.40880452  0.37541566  0.37541566  0.37541566  0.37541566  0.40880452  0.40880452  0.39750589  0.37541566  0.37541566  0.40880452  0.35396873  0.35396873  0.37541566  0.40880452  0.44377917  0.44377917  0.39750589  0.36461414  0.35396873  0.35396873  0.36461414  0.39750589  0.42027919  0.43193546  0.44377917  0.39750589  0.40880452  0.40880452  0.40880452  0.40880452  0.35396873  0.40880452  0.40880452  0.42027919  0.40880452  0.35396873  0.37541566  0.38637796  0.33312869  0.43193546  0.40880452  0.46805374  0.32292570  0.31286212  0.32292570  0.35396873  0.34347500  0.37541566  0.35396873  0.32292570  0.31286212  0.33312869  0.35396873  0.39750589  0.39750589  0.37541566  0.40880452  0.39750589  0.38637796  0.38637796  0.40880452  0.40880452  0.44377917  0.43193546  0.45581645  0.46805374  0.46805374  0.42027919  0.42027919  0.38637796  0.35396873  0.35396873  0.34347500  0.34347500  0.35396873  0.35396873  0.33312869  0.34347500  0.45581645  0.45581645  0.42027919  0.39750589  0.34347500  0.42027919  0.35396873  0.36461414  0.37541566  0.36461414  0.37541566  0.35396873  0.34347500  0.28347102  0.27392897  0.25520790  0.35396873  0.36461414  0.36461414  0.37541566  0.36461414  0.38637796  0.38637796  0.38637796  0.35396873  0.28347102  0.37541566  0.32292570  0.31286212  0.36461414  0.36461414  0.28347102  0.46805374  0.44377917  
48_29_0    0.30293420  0.30293420  0.33312869  0.35396873  0.32292570  0.30293420  0.10520800  0.00000000  0.20174099  0.21038693  0.23695092  0.21913557  0.31286212  0.31286212  0.32292570  0.31286212  0.32292570  0.28347102  0.26450896  0.23695092  0.37541566  0.37541566  0.37541566  0.37541566  0.36461414  0.38637796  0.39750589  0.38637796  0.39750589  0.44377917  0.36461414  0.45581645  0.44377917  0.35396873  0.42027919  0.37541566  0.36461414  0.36461414  0.40880452  0.38637796  0.49315570  0.50603496  0.39750589  0.53248948  0.39750589  0.38637796  0.36461414  0.33312869  0.33312869  0.35396873  0.38637796  0.40880452  0.45581645  0.39750589  0.42027919  0.42027919  0.36461414  0.37541566  0.35396873  0.39750589  0.45581645  0.34347500  0.36461414  0.34347500  0.37541566  0.37541566  0.37541566  0.33312869  0.36461414  0.36461414  0.37541566  0.40880452  0.40880452  0.40880452  0.40880452  0.42027919  0.42027919  0.40880452  0.35396873  0.39750589  0.37541566  0.34347500  0.36461414  0.38637796  0.38637796  0.44377917  0.44377917  0.39750589  0.38637796  0.39750589  0.39750589  0.40880452  0.39750589  0.42027919  0.40880452  0.42027919  0.44377917  0.42027919  0.42027919  0.42027919  0.42027919  0.39750589  0.44377917  0.44377917  0.45581645  0.44377917  0.39750589  0.40880452  0.42027919  0.42027919  0.48049778  0.43193546  0.49315570  0.34347500  0.33312869  0.32292570  0.37541566  0.37541566  0.38637796  0.38637796  0.36461414  0.37541566  0.37541566  0.42027919  0.38637796  0.38637796  0.35396873  0.50603496  0.49315570  0.48049778  0.48049778  0.50603496  0.50603496  0.54608181  0.55992970  0.53248948  0.51914345  0.51914345  0.51914345  0.51914345  0.48049778  0.39750589  0.39750589  0.43193546  0.42027919  0.42027919  0.42027919  0.42027919  0.43193546  0.48049778  0.48049778  0.37541566  0.42027919  0.31286212  0.42027919  0.34347500  0.35396873  0.42027919  0.39750589  0.40880452  0.35396873  0.30293420  0.28347102  0.27392897  0.25520790  0.29313832  0.32292570  0.32292570  0.33312869  0.30293420  0.32292570  0.32292570  0.32292570  0.31286212  0.27392897  0.32292570  0.27392897  0.30293420  0.33312869  0.33312869  0.28347102  0.40880452  0.43193546  
61_21_0    0.27392897  0.27392897  0.30293420  0.22798938  0.20174099  0.20174099  0.22798938  0.20174099  0.00000000  0.03342693  0.05423639  0.04029829  0.19319536  0.17639593  0.18474775  0.17639593  0.18474775  0.16813776  0.19319536  0.20174099  0.32292570  0.32292570  0.30293420  0.32292570  0.29313832  0.29313832  0.32292570  0.31286212  0.37541566  0.42027919  0.30293420  0.32292570  0.31286212  0.37541566  0.39750589  0.37541566  0.35396873  0.36461414  0.36461414  0.36461414  0.39750589  0.34347500  0.33312869  0.39750589  0.39750589  0.28347102  0.28347102  0.29313832  0.29313832  0.31286212  0.30293420  0.29313832  0.32292570  0.29313832  0.31286212  0.32292570  0.31286212  0.32292570  0.29313832  0.27392897  0.38637796  0.36461414  0.36461414  0.33312869  0.36461414  0.36461414  0.36461414  0.35396873  0.34347500  0.34347500  0.35396873  0.33312869  0.33312869  0.33312869  0.33312869  0.34347500  0.34347500  0.36461414  0.30293420  0.30293420  0.31286212  0.25520790  0.33312869  0.33312869  0.31286212  0.36461414  0.35396873  0.36461414  0.30293420  0.30293420  0.30293420  0.31286212  0.33312869  0.34347500  0.33312869  0.34347500  0.34347500  0.36461414  0.36461414  0.36461414  0.36461414  0.32292570  0.38637796  0.38637796  0.39750589  0.38637796  0.32292570  0.33312869  0.34347500  0.34347500  0.39750589  0.37541566  0.34347500  0.32292570  0.31286212  0.34347500  0.31286212  0.27392897  0.32292570  0.30293420  0.30293420  0.31286212  0.29313832  0.29313832  0.33312869  0.31286212  0.29313832  0.35396873  0.36461414  0.29313832  0.31286212  0.33312869  0.33312869  0.36461414  0.37541566  0.39750589  0.39750589  0.38637796  0.36461414  0.36461414  0.42027919  0.39750589  0.39750589  0.36461414  0.35396873  0.39750589  0.39750589  0.35396873  0.38637796  0.38637796  0.43193546  0.32292570  0.32292570  0.20174099  0.34347500  0.24602285  0.25520790  0.38637796  0.40880452  0.37541566  0.34347500  0.33312869  0.29313832  0.28347102  0.24602285  0.36461414  0.34347500  0.34347500  0.35396873  0.32292570  0.32292570  0.32292570  0.34347500  0.38637796  0.34347500  0.34347500  0.34347500  0.33312869  0.36461414  0.36461414  0.25520790  0.38637796  0.35396873  
84_21_0    0.28347102  0.28347102  0.29313832  0.21913557  0.22798938  0.22798938  0.23695092  0.21038693  0.03342693  0.00000000  0.03342693  0.01987357  0.16813776  0.15189411  0.15997116  0.15189411  0.15997116  0.15997116  0.18474775  0.19319536  0.33312869  0.33312869  0.31286212  0.33312869  0.30293420  0.30293420  0.33312869  0.32292570  0.38637796  0.45581645  0.31286212  0.33312869  0.34347500  0.36461414  0.38637796  0.36461414  0.34347500  0.35396873  0.37541566  0.37541566  0.40880452  0.35396873  0.34347500  0.38637796  0.40880452  0.29313832  0.27392897  0.30293420  0.30293420  0.32292570  0.31286212  0.28347102  0.33312869  0.30293420  0.32292570  0.33312869  0.32292570  0.33312869  0.30293420  0.28347102  0.38637796  0.33312869  0.33312869  0.32292570  0.35396873  0.33312869  0.33312869  0.34347500  0.31286212  0.31286212  0.32292570  0.30293420  0.30293420  0.30293420  0.30293420  0.31286212  0.33312869  0.33312869  0.29313832  0.31286212  0.30293420  0.22798938  0.30293420  0.32292570  0.28347102  0.33312869  0.32292570  0.33312869  0.31286212  0.31286212  0.31286212  0.32292570  0.32292570  0.33312869  0.32292570  0.33312869  0.33312869  0.35396873  0.35396873  0.35396873  0.35396873  0.31286212  0.37541566  0.37541566  0.38637796  0.37541566  0.31286212  0.32292570  0.33312869  0.33312869  0.40880452  0.40880452  0.37541566  0.33312869  0.32292570  0.35396873  0.30293420  0.26450896  0.31286212  0.29313832  0.29313832  0.30293420  0.30293420  0.30293420  0.34347500  0.32292570  0.30293420  0.34347500  0.35396873  0.30293420  0.30293420  0.32292570  0.32292570  0.37541566  0.38637796  0.38637796  0.38637796  0.37541566  0.37541566  0.37541566  0.43193546  0.40880452  0.40880452  0.35396873  0.34347500  0.38637796  0.38637796  0.32292570  0.35396873  0.37541566  0.44377917  0.31286212  0.29313832  0.17639593  0.32292570  0.25520790  0.24602285  0.35396873  0.42027919  0.36461414  0.31286212  0.34347500  0.28347102  0.29313832  0.23695092  0.35396873  0.35396873  0.35396873  0.36461414  0.31286212  0.33312869  0.33312869  0.33312869  0.37541566  0.33312869  0.34347500  0.33312869  0.32292570  0.33312869  0.33312869  0.24602285  0.36461414  0.35396873  
17_21_0    0.27392897  0.27392897  0.30293420  0.22798938  0.23695092  0.23695092  0.23695092  0.23695092  0.05423639  0.03342693  0.00000000  0.02661907  0.15997116  0.14390468  0.15189411  0.14390468  0.15189411  0.18474775  0.21038693  0.20174099  0.35396873  0.35396873  0.31286212  0.33312869  0.30293420  0.30293420  0.33312869  0.32292570  0.38637796  0.48049778  0.31286212  0.33312869  0.34347500  0.36461414  0.36461414  0.34347500  0.32292570  0.35396873  0.35396873  0.37541566  0.38637796  0.33312869  0.32292570  0.38637796  0.38637796  0.27392897  0.25520790  0.28347102  0.28347102  0.30293420  0.29313832  0.26450896  0.31286212  0.29313832  0.30293420  0.31286212  0.32292570  0.33312869  0.30293420  0.26450896  0.39750589  0.31286212  0.31286212  0.32292570  0.33312869  0.33312869  0.33312869  0.36461414  0.31286212  0.31286212  0.32292570  0.28347102  0.28347102  0.28347102  0.28347102  0.29313832  0.31286212  0.31286212  0.31286212  0.31286212  0.28347102  0.21038693  0.28347102  0.30293420  0.26450896  0.31286212  0.30293420  0.31286212  0.31286212  0.29313832  0.29313832  0.30293420  0.32292570  0.31286212  0.30293420  0.31286212  0.31286212  0.33312869  0.33312869  0.33312869  0.33312869  0.29313832  0.35396873  0.35396873  0.36461414  0.35396873  0.29313832  0.32292570  0.33312869  0.31286212  0.38637796  0.38637796  0.35396873  0.33312869  0.32292570  0.35396873  0.28347102  0.28347102  0.33312869  0.31286212  0.29313832  0.30293420  0.28347102  0.28347102  0.34347500  0.32292570  0.30293420  0.32292570  0.33312869  0.28347102  0.28347102  0.30293420  0.30293420  0.37541566  0.38637796  0.38637796  0.38637796  0.37541566  0.37541566  0.37541566  0.40880452  0.40880452  0.40880452  0.33312869  0.34347500  0.36461414  0.36461414  0.30293420  0.33312869  0.39750589  0.42027919  0.31286212  0.27392897  0.21038693  0.34347500  0.24602285  0.23695092  0.36461414  0.40880452  0.35396873  0.30293420  0.33312869  0.27392897  0.28347102  0.24602285  0.32292570  0.31286212  0.31286212  0.32292570  0.30293420  0.32292570  0.32292570  0.32292570  0.34347500  0.30293420  0.33312869  0.30293420  0.29313832  0.32292570  0.32292570  0.21913557  0.38637796  0.37541566  
94_21_0    0.29313832  0.29313832  0.32292570  0.21038693  0.23695092  0.23695092  0.24602285  0.21913557  0.04029829  0.01987357  0.02661907  0.00000000  0.15189411  0.13600099  0.14390468  0.13600099  0.14390468  0.15997116  0.18474775  0.19319536  0.32292570  0.32292570  0.30293420  0.32292570  0.29313832  0.29313832  0.32292570  0.31286212  0.37541566  0.44377917  0.30293420  0.32292570  0.33312869  0.35396873  0.37541566  0.35396873  0.33312869  0.34347500  0.36461414  0.36461414  0.39750589  0.34347500  0.33312869  0.37541566  0.39750589  0.28347102  0.26450896  0.29313832  0.29313832  0.31286212  0.30293420  0.27392897  0.32292570  0.30293420  0.31286212  0.32292570  0.31286212  0.32292570  0.29313832  0.27392897  0.37541566  0.32292570  0.32292570  0.31286212  0.34347500  0.32292570  0.32292570  0.33312869  0.30293420  0.30293420  0.31286212  0.29313832  0.29313832  0.29313832  0.29313832  0.30293420  0.32292570  0.32292570  0.28347102  0.30293420  0.29313832  0.21913557  0.29313832  0.31286212  0.27392897  0.32292570  0.31286212  0.32292570  0.30293420  0.30293420  0.30293420  0.31286212  0.31286212  0.32292570  0.31286212  0.32292570  0.32292570  0.34347500  0.34347500  0.34347500  0.34347500  0.30293420  0.36461414  0.36461414  0.37541566  0.36461414  0.30293420  0.31286212  0.32292570  0.32292570  0.39750589  0.39750589  0.36461414  0.32292570  0.31286212  0.34347500  0.29313832  0.25520790  0.30293420  0.28347102  0.28347102  0.29313832  0.29313832  0.29313832  0.33312869  0.31286212  0.29313832  0.33312869  0.34347500  0.29313832  0.29313832  0.31286212  0.31286212  0.36461414  0.37541566  0.37541566  0.37541566  0.36461414  0.36461414  0.36461414  0.42027919  0.39750589  0.39750589  0.34347500  0.33312869  0.37541566  0.37541566  0.31286212  0.34347500  0.38637796  0.43193546  0.30293420  0.28347102  0.18474775  0.32292570  0.24602285  0.23695092  0.35396873  0.39750589  0.34347500  0.29313832  0.32292570  0.26450896  0.27392897  0.23695092  0.33312869  0.33312869  0.33312869  0.34347500  0.29313832  0.31286212  0.31286212  0.31286212  0.35396873  0.31286212  0.32292570  0.31286212  0.30293420  0.31286212  0.31286212  0.22798938  0.35396873  0.34347500  
17_30_0    0.24602285  0.24602285  0.27392897  0.30293420  0.26450896  0.26450896  0.28347102  0.31286212  0.19319536  0.16813776  0.15997116  0.15189411  0.00000000  0.01987357  0.02661907  0.01987357  0.04029829  0.14390468  0.16813776  0.14390468  0.35396873  0.35396873  0.33312869  0.35396873  0.32292570  0.30293420  0.35396873  0.34347500  0.43193546  0.50603496  0.36461414  0.35396873  0.36461414  0.45581645  0.45581645  0.45581645  0.43193546  0.42027919  0.44377917  0.39750589  0.38637796  0.34347500  0.40880452  0.34347500  0.44377917  0.34347500  0.32292570  0.33312869  0.33312869  0.35396873  0.34347500  0.31286212  0.34347500  0.34347500  0.35396873  0.38637796  0.37541566  0.36461414  0.35396873  0.35396873  0.51914345  0.38637796  0.36461414  0.35396873  0.38637796  0.38637796  0.38637796  0.35396873  0.36461414  0.36461414  0.37541566  0.33312869  0.31286212  0.27392897  0.27392897  0.32292570  0.34347500  0.32292570  0.32292570  0.34347500  0.35396873  0.27392897  0.33312869  0.35396873  0.34347500  0.37541566  0.36461414  0.37541566  0.35396873  0.31286212  0.31286212  0.32292570  0.37541566  0.37541566  0.38637796  0.39750589  0.35396873  0.36461414  0.36461414  0.36461414  0.36461414  0.31286212  0.37541566  0.37541566  0.38637796  0.37541566  0.33312869  0.33312869  0.34347500  0.34347500  0.39750589  0.42027919  0.36461414  0.35396873  0.34347500  0.37541566  0.30293420  0.24602285  0.27392897  0.25520790  0.29313832  0.30293420  0.28347102  0.28347102  0.34347500  0.32292570  0.31286212  0.32292570  0.35396873  0.30293420  0.30293420  0.32292570  0.32292570  0.39750589  0.40880452  0.46805374  0.46805374  0.45581645  0.42027919  0.42027919  0.39750589  0.44377917  0.44377917  0.34347500  0.33312869  0.35396873  0.35396873  0.32292570  0.34347500  0.40880452  0.40880452  0.40880452  0.29313832  0.29313832  0.38637796  0.26450896  0.27392897  0.39750589  0.38637796  0.39750589  0.32292570  0.36461414  0.30293420  0.31286212  0.28347102  0.38637796  0.37541566  0.37541566  0.38637796  0.40880452  0.38637796  0.38637796  0.40880452  0.43193546  0.36461414  0.42027919  0.38637796  0.35396873  0.38637796  0.38637796  0.24602285  0.42027919  0.43193546  
94_30_0    0.24602285  0.24602285  0.27392897  0.28347102  0.26450896  0.26450896  0.28347102  0.31286212  0.17639593  0.15189411  0.14390468  0.13600099  0.01987357  0.00000000  0.01987357  0.00000000  0.01987357  0.12044358  0.14390468  0.12044358  0.33312869  0.33312869  0.31286212  0.33312869  0.30293420  0.28347102  0.33312869  0.32292570  0.39750589  0.48049778  0.34347500  0.33312869  0.34347500  0.45581645  0.45581645  0.45581645  0.43193546  0.42027919  0.44377917  0.39750589  0.37541566  0.32292570  0.38637796  0.32292570  0.42027919  0.32292570  0.30293420  0.31286212  0.31286212  0.33312869  0.32292570  0.29313832  0.32292570  0.32292570  0.33312869  0.36461414  0.35396873  0.34347500  0.33312869  0.33312869  0.49315570  0.36461414  0.34347500  0.35396873  0.36461414  0.36461414  0.36461414  0.35396873  0.34347500  0.34347500  0.35396873  0.31286212  0.29313832  0.25520790  0.25520790  0.30293420  0.32292570  0.30293420  0.30293420  0.32292570  0.33312869  0.25520790  0.31286212  0.33312869  0.33312869  0.36461414  0.35396873  0.36461414  0.34347500  0.30293420  0.30293420  0.31286212  0.36461414  0.36461414  0.37541566  0.38637796  0.34347500  0.35396873  0.35396873  0.35396873  0.35396873  0.30293420  0.36461414  0.36461414  0.37541566  0.36461414  0.32292570  0.32292570  0.33312869  0.33312869  0.38637796  0.40880452  0.35396873  0.34347500  0.33312869  0.36461414  0.29313832  0.23695092  0.26450896  0.24602285  0.28347102  0.29313832  0.26450896  0.26450896  0.32292570  0.30293420  0.29313832  0.30293420  0.33312869  0.28347102  0.28347102  0.30293420  0.30293420  0.37541566  0.38637796  0.44377917  0.44377917  0.43193546  0.39750589  0.39750589  0.37541566  0.42027919  0.42027919  0.32292570  0.31286212  0.33312869  0.33312869  0.30293420  0.32292570  0.40880452  0.38637796  0.38637796  0.27392897  0.27392897  0.37541566  0.26450896  0.25520790  0.37541566  0.38637796  0.37541566  0.32292570  0.37541566  0.31286212  0.32292570  0.28347102  0.38637796  0.37541566  0.37541566  0.38637796  0.40880452  0.38637796  0.38637796  0.40880452  0.40880452  0.36461414  0.39750589  0.38637796  0.35396873  0.38637796  0.38637796  0.24602285  0.39750589  0.40880452  
84_30_0    0.25520790  0.25520790  0.28347102  0.27392897  0.27392897  0.27392897  0.29313832  0.32292570  0.18474775  0.15997116  0.15189411  0.14390468  0.02661907  0.01987357  0.00000000  0.01987357  0.04029829  0.14390468  0.16813776  0.14390468  0.33312869  0.33312869  0.31286212  0.33312869  0.30293420  0.28347102  0.33312869  0.32292570  0.39750589  0.50603496  0.36461414  0.35396873  0.36461414  0.45581645  0.45581645  0.45581645  0.43193546  0.42027919  0.44377917  0.39750589  0.36461414  0.34347500  0.40880452  0.34347500  0.44377917  0.34347500  0.32292570  0.33312869  0.33312869  0.35396873  0.34347500  0.31286212  0.34347500  0.34347500  0.35396873  0.38637796  0.37541566  0.36461414  0.35396873  0.35396873  0.51914345  0.36461414  0.34347500  0.35396873  0.36461414  0.36461414  0.36461414  0.33312869  0.34347500  0.34347500  0.35396873  0.31286212  0.29313832  0.25520790  0.25520790  0.30293420  0.32292570  0.30293420  0.32292570  0.34347500  0.35396873  0.25520790  0.31286212  0.33312869  0.34347500  0.37541566  0.36461414  0.37541566  0.33312869  0.31286212  0.31286212  0.32292570  0.35396873  0.35396873  0.36461414  0.37541566  0.33312869  0.34347500  0.34347500  0.34347500  0.34347500  0.31286212  0.35396873  0.35396873  0.36461414  0.35396873  0.31286212  0.31286212  0.32292570  0.32292570  0.37541566  0.39750589  0.34347500  0.33312869  0.32292570  0.35396873  0.28347102  0.22798938  0.25520790  0.23695092  0.27392897  0.28347102  0.28347102  0.28347102  0.34347500  0.32292570  0.31286212  0.32292570  0.35396873  0.30293420  0.30293420  0.32292570  0.32292570  0.39750589  0.40880452  0.46805374  0.46805374  0.45581645  0.42027919  0.42027919  0.39750589  0.43193546  0.43193546  0.34347500  0.33312869  0.35396873  0.35396873  0.32292570  0.34347500  0.40880452  0.38637796  0.40880452  0.29313832  0.29313832  0.36461414  0.26450896  0.27392897  0.37541566  0.36461414  0.39750589  0.32292570  0.37541566  0.31286212  0.32292570  0.28347102  0.38637796  0.37541566  0.37541566  0.38637796  0.40880452  0.38637796  0.38637796  0.40880452  0.43193546  0.36461414  0.42027919  0.38637796  0.35396873  0.38637796  0.38637796  0.24602285  0.42027919  0.43193546  
84_0_0     0.24602285  0.24602285  0.27392897  0.28347102  0.26450896  0.26450896  0.28347102  0.31286212  0.17639593  0.15189411  0.14390468  0.13600099  0.01987357  0.00000000  0.01987357  0.00000000  0.01987357  0.12044358  0.14390468  0.12044358  0.33312869  0.33312869  0.31286212  0.33312869  0.30293420  0.28347102  0.33312869  0.32292570  0.39750589  0.48049778  0.34347500  0.33312869  0.34347500  0.45581645  0.45581645  0.45581645  0.43193546  0.42027919  0.44377917  0.39750589  0.37541566  0.32292570  0.38637796  0.32292570  0.42027919  0.32292570  0.30293420  0.31286212  0.31286212  0.33312869  0.32292570  0.29313832  0.32292570  0.32292570  0.33312869  0.36461414  0.35396873  0.34347500  0.33312869  0.33312869  0.49315570  0.36461414  0.34347500  0.35396873  0.36461414  0.36461414  0.36461414  0.35396873  0.34347500  0.34347500  0.35396873  0.31286212  0.29313832  0.25520790  0.25520790  0.30293420  0.32292570  0.30293420  0.30293420  0.32292570  0.33312869  0.25520790  0.31286212  0.33312869  0.33312869  0.36461414  0.35396873  0.36461414  0.34347500  0.30293420  0.30293420  0.31286212  0.36461414  0.36461414  0.37541566  0.38637796  0.34347500  0.35396873  0.35396873  0.35396873  0.35396873  0.30293420  0.36461414  0.36461414  0.37541566  0.36461414  0.32292570  0.32292570  0.33312869  0.33312869  0.38637796  0.40880452  0.35396873  0.34347500  0.33312869  0.36461414  0.29313832  0.23695092  0.26450896  0.24602285  0.28347102  0.29313832  0.26450896  0.26450896  0.32292570  0.30293420  0.29313832  0.30293420  0.33312869  0.28347102  0.28347102  0.30293420  0.30293420  0.37541566  0.38637796  0.44377917  0.44377917  0.43193546  0.39750589  0.39750589  0.37541566  0.42027919  0.42027919  0.32292570  0.31286212  0.33312869  0.33312869  0.30293420  0.32292570  0.40880452  0.38637796  0.38637796  0.27392897  0.27392897  0.37541566  0.26450896  0.25520790  0.37541566  0.38637796  0.37541566  0.32292570  0.37541566  0.31286212  0.32292570  0.28347102  0.38637796  0.37541566  0.37541566  0.38637796  0.40880452  0.38637796  0.38637796  0.40880452  0.40880452  0.36461414  0.39750589  0.38637796  0.35396873  0.38637796  0.38637796  0.24602285  0.39750589  0.40880452  
61_0_0     0.25520790  0.25520790  0.28347102  0.27392897  0.25520790  0.25520790  0.27392897  0.32292570  0.18474775  0.15997116  0.15189411  0.14390468  0.04029829  0.01987357  0.04029829  0.01987357  0.00000000  0.12818121  0.16813776  0.14390468  0.34347500  0.34347500  0.32292570  0.34347500  0.31286212  0.31286212  0.34347500  0.33312869  0.38637796  0.46805374  0.35396873  0.34347500  0.35396873  0.46805374  0.44377917  0.44377917  0.42027919  0.40880452  0.43193546  0.38637796  0.40880452  0.35396873  0.37541566  0.33312869  0.45581645  0.33312869  0.29313832  0.32292570  0.32292570  0.34347500  0.33312869  0.30293420  0.33312869  0.33312869  0.34347500  0.37541566  0.36461414  0.35396873  0.34347500  0.34347500  0.50603496  0.37541566  0.35396873  0.36461414  0.37541566  0.37541566  0.37541566  0.38637796  0.35396873  0.35396873  0.36461414  0.32292570  0.30293420  0.26450896  0.26450896  0.31286212  0.31286212  0.31286212  0.31286212  0.33312869  0.34347500  0.26450896  0.32292570  0.34347500  0.35396873  0.38637796  0.37541566  0.38637796  0.33312869  0.29313832  0.29313832  0.30293420  0.33312869  0.33312869  0.34347500  0.35396873  0.31286212  0.32292570  0.32292570  0.32292570  0.32292570  0.27392897  0.33312869  0.33312869  0.34347500  0.33312869  0.29313832  0.29313832  0.30293420  0.30293420  0.37541566  0.39750589  0.34347500  0.37541566  0.36461414  0.39750589  0.32292570  0.26450896  0.27392897  0.25520790  0.29313832  0.30293420  0.25520790  0.25520790  0.31286212  0.29313832  0.28347102  0.29313832  0.30293420  0.25520790  0.25520790  0.27392897  0.27392897  0.34347500  0.35396873  0.40880452  0.40880452  0.39750589  0.36461414  0.36461414  0.36461414  0.43193546  0.43193546  0.31286212  0.30293420  0.32292570  0.32292570  0.29313832  0.31286212  0.39750589  0.37541566  0.37541566  0.28347102  0.26450896  0.40880452  0.25520790  0.24602285  0.34347500  0.39750589  0.36461414  0.31286212  0.36461414  0.32292570  0.31286212  0.27392897  0.38637796  0.37541566  0.37541566  0.38637796  0.40880452  0.38637796  0.38637796  0.40880452  0.40880452  0.35396873  0.40880452  0.37541566  0.34347500  0.37541566  0.37541566  0.23695092  0.38637796  0.37541566  
48_25_0    0.27392897  0.27392897  0.28347102  0.31286212  0.23695092  0.23695092  0.27392897  0.28347102  0.16813776  0.15997116  0.18474775  0.15997116  0.14390468  0.12044358  0.14390468  0.12044358  0.12818121  0.00000000  0.06130561  0.08292974  0.35396873  0.35396873  0.33312869  0.35396873  0.32292570  0.30293420  0.33312869  0.34347500  0.42027919  0.46805374  0.34347500  0.34347500  0.33312869  0.42027919  0.44377917  0.44377917  0.42027919  0.40880452  0.40880452  0.34347500  0.40880452  0.35396873  0.32292570  0.33312869  0.39750589  0.34347500  0.30293420  0.33312869  0.33312869  0.35396873  0.34347500  0.31286212  0.34347500  0.31286212  0.33312869  0.38637796  0.33312869  0.34347500  0.31286212  0.31286212  0.46805374  0.38637796  0.36461414  0.35396873  0.38637796  0.36461414  0.36461414  0.35396873  0.34347500  0.34347500  0.35396873  0.31286212  0.31286212  0.29313832  0.29313832  0.34347500  0.32292570  0.32292570  0.30293420  0.30293420  0.33312869  0.27392897  0.33312869  0.33312869  0.34347500  0.39750589  0.38637796  0.39750589  0.32292570  0.30293420  0.30293420  0.31286212  0.34347500  0.36461414  0.37541566  0.38637796  0.34347500  0.35396873  0.35396873  0.35396873  0.35396873  0.32292570  0.38637796  0.38637796  0.39750589  0.38637796  0.32292570  0.34347500  0.35396873  0.35396873  0.40880452  0.43193546  0.37541566  0.32292570  0.31286212  0.34347500  0.33312869  0.27392897  0.32292570  0.30293420  0.32292570  0.33312869  0.28347102  0.28347102  0.32292570  0.30293420  0.29313832  0.30293420  0.33312869  0.30293420  0.30293420  0.32292570  0.32292570  0.35396873  0.38637796  0.39750589  0.39750589  0.38637796  0.35396873  0.35396873  0.35396873  0.39750589  0.39750589  0.34347500  0.33312869  0.35396873  0.35396873  0.32292570  0.36461414  0.43193546  0.43193546  0.36461414  0.29313832  0.25520790  0.40880452  0.29313832  0.28347102  0.38637796  0.35396873  0.32292570  0.32292570  0.32292570  0.30293420  0.27392897  0.25520790  0.39750589  0.40880452  0.40880452  0.42027919  0.42027919  0.44377917  0.44377917  0.39750589  0.42027919  0.37541566  0.40880452  0.39750589  0.38637796  0.39750589  0.39750589  0.29313832  0.36461414  0.36461414  
