fastme_mat.p : 0.7577893733978271
fastme.f81 : 1.8580901622772217
ba.exp : 17.261749744415283
pipeline_dl1650734 : 21.159292936325073
