fastme_mat.p : 0.7440307140350342
fastme.f81 : 1.7356579303741455
fastme.f84 : 2.02557635307312
ba.exp : 29.377825260162354
pipeline_dl1650734 : 31.640727996826172
