fastme_mat.p : 0.39318495500063894
fastme.f81 : 0.9459327399301528
ba.exp : 9.890433891816615
