fastme_mat.p : 0.4056552785110473
fastme.f81 : 0.9045071387610436
fastme.f84 : 1.077601239312887
ba.exp : 16.314954947869776
