15
45_4_0     0.00000000  0.05066326  0.07283352  0.07283352  0.17390084  0.15859609  0.16876425  0.15859609  0.15859609  0.15356356  0.17907307  0.16366283  0.16366283  0.19480869  0.17390084  
45_0_0     0.05066326  0.00000000  0.05945238  0.05945238  0.16366283  0.16876425  0.18428145  0.17907307  0.17390084  0.16876425  0.18428145  0.15859609  0.15859609  0.16876425  0.16876425  
4_0_0      0.07283352  0.05945238  0.00000000  0.03338999  0.15356356  0.15356356  0.18952648  0.20012861  0.18952648  0.18428145  0.21088373  0.17390084  0.17907307  0.15859609  0.15356356  
4_5_0      0.07283352  0.05945238  0.03338999  0.00000000  0.14856479  0.14856479  0.20548677  0.21632007  0.20548677  0.20012861  0.20012861  0.19480869  0.16876425  0.18428145  0.16876425  
27_3_0     0.17390084  0.16366283  0.15356356  0.14856479  0.00000000  0.06388612  0.20012861  0.19480869  0.18428145  0.18952648  0.20012861  0.17907307  0.14856479  0.15859609  0.15859609  
86_3_0     0.15859609  0.16876425  0.15356356  0.14856479  0.06388612  0.00000000  0.14856479  0.14359932  0.13376655  0.13866672  0.17390084  0.15356356  0.14359932  0.14359932  0.13376655  
14_0_0     0.16876425  0.18428145  0.18952648  0.20548677  0.20012861  0.14856479  0.00000000  0.02069280  0.02069280  0.02913351  0.13866672  0.14359932  0.16366283  0.17907307  0.16876425  
5_0_0      0.15859609  0.17907307  0.20012861  0.21632007  0.19480869  0.14359932  0.02069280  0.00000000  0.00820830  0.01650802  0.13866672  0.13866672  0.14856479  0.16876425  0.16876425  
61_0_0     0.15859609  0.17390084  0.18952648  0.20548677  0.18428145  0.13376655  0.02069280  0.00820830  0.00000000  0.00820830  0.12889839  0.13866672  0.14856479  0.17390084  0.16366283  
61_2_0     0.15356356  0.16876425  0.18428145  0.20012861  0.18952648  0.13866672  0.02913351  0.01650802  0.00820830  0.00000000  0.13376655  0.13376655  0.14359932  0.16876425  0.15859609  
14_1_0     0.17907307  0.18428145  0.21088373  0.20012861  0.20012861  0.17390084  0.13866672  0.13866672  0.12889839  0.13376655  0.00000000  0.12406182  0.15356356  0.17390084  0.14856479  
27_1_0     0.16366283  0.15859609  0.17390084  0.19480869  0.17907307  0.15356356  0.14359932  0.13866672  0.13866672  0.13376655  0.12406182  0.00000000  0.07734783  0.13866672  0.13866672  
1_1_0      0.16366283  0.15859609  0.17907307  0.16876425  0.14856479  0.14359932  0.16366283  0.14856479  0.14856479  0.14359932  0.15356356  0.07734783  0.00000000  0.14359932  0.13376655  
40_0_0     0.19480869  0.16876425  0.15859609  0.18428145  0.15859609  0.14359932  0.17907307  0.16876425  0.17390084  0.16876425  0.17390084  0.13866672  0.14359932  0.00000000  0.04630727  
70_0_0     0.17390084  0.16876425  0.15356356  0.16876425  0.15859609  0.13376655  0.16876425  0.16876425  0.16366283  0.15859609  0.14856479  0.13866672  0.13376655  0.04630727  0.00000000  

