122
12_0_0     0.00000000  0.23195199  0.27108656  0.26536797  0.26536797  0.25969311  0.34973991  0.17939930  0.16932101  0.17939930  0.41647765  0.15937775  0.16433273  0.38235885  0.34973991  0.34973991  0.45960512  0.37571936  0.39581873  0.38905828  0.35615001  0.35615001  0.35615001  0.30635559  0.25406130  0.25969311  0.19477809  0.20521057  0.22113952  0.20521057  0.25406130  0.27108656  0.21579179  0.23741787  0.26536797  0.12558942  0.16433273  0.16433273  0.13032316  0.27108656  0.28265767  0.27684956  0.45960512  0.31240022  0.31849449  0.33708345  0.33708345  0.33708345  0.33708345  0.37571936  0.42349375  0.38235885  0.38235885  0.40264134  0.31240022  0.29441204  0.30035979  0.18961634  0.21579179  0.19477809  0.18449024  0.18449024  0.33083525  0.31240022  0.19477809  0.21048232  0.34973991  0.19477809  0.18961634  0.19997600  0.20521057  0.27108656  0.26536797  0.27684956  0.33083525  0.28265767  0.31849449  0.27684956  0.27684956  0.23195199  0.25969311  0.23741787  0.19997600  0.23741787  0.19997600  0.19477809  0.23741787  0.23195199  0.31240022  0.29441204  0.30635559  0.28265767  0.27684956  0.34973991  0.36913874  0.37571936  0.37571936  0.37571936  0.36913874  0.36913874  0.38235885  0.39581873  0.39581873  0.38235885  0.38235885  0.38235885  0.38235885  0.38905828  0.38235885  0.39581873  0.39581873  0.37571936  0.38905828  0.37571936  0.37571936  0.38905828  0.45960512  0.43057682  0.48981521  0.66262752  0.53756927  0.57120264  
6_0_0      0.23195199  0.00000000  0.13988219  0.13508728  0.17939930  0.17434305  0.45224091  0.24292432  0.23195199  0.23195199  0.43772815  0.25406130  0.24847192  0.48214662  0.48981521  0.48981521  0.52939381  0.50539429  0.41647765  0.42349375  0.40952725  0.41647765  0.39581873  0.33708345  0.28851158  0.27684956  0.24847192  0.28265767  0.27108656  0.28851158  0.27684956  0.31240022  0.27108656  0.27108656  0.29441204  0.23741787  0.24292432  0.24292432  0.24292432  0.38905828  0.38235885  0.36913874  0.47455645  0.38905828  0.38905828  0.40952725  0.40952725  0.40952725  0.40952725  0.42349375  0.43057682  0.50539429  0.50539429  0.51330821  0.40952725  0.38905828  0.34973991  0.24847192  0.27108656  0.27108656  0.24847192  0.24847192  0.34973991  0.34338470  0.30035979  0.30635559  0.36913874  0.30635559  0.30035979  0.28851158  0.27684956  0.36913874  0.38905828  0.39581873  0.38905828  0.37571936  0.40264134  0.36261596  0.37571936  0.31240022  0.32463922  0.30635559  0.30035979  0.28851158  0.24292432  0.24292432  0.29441204  0.28265767  0.40952725  0.31849449  0.30035979  0.32463922  0.29441204  0.37571936  0.38235885  0.37571936  0.38235885  0.38235885  0.37571936  0.37571936  0.38905828  0.38905828  0.38905828  0.37571936  0.37571936  0.37571936  0.37571936  0.40952725  0.40264134  0.36261596  0.36261596  0.38235885  0.38235885  0.36913874  0.36913874  0.36913874  0.50539429  0.50539429  0.54583580  0.65296126  0.54583580  0.54583580  
11_0_0     0.27108656  0.13988219  0.00000000  0.01204948  0.19997600  0.19477809  0.47455645  0.28265767  0.29441204  0.28265767  0.44494905  0.27108656  0.25406130  0.50539429  0.48214662  0.48214662  0.52939381  0.49756387  0.46704313  0.45960512  0.42349375  0.40264134  0.40952725  0.34338470  0.32463922  0.31849449  0.31240022  0.32463922  0.32463922  0.33083525  0.33083525  0.40264134  0.31240022  0.31240022  0.35615001  0.27684956  0.25969311  0.25969311  0.27108656  0.38235885  0.40264134  0.37571936  0.52130743  0.39581873  0.39581873  0.40264134  0.40264134  0.40264134  0.40264134  0.43772815  0.43772815  0.44494905  0.44494905  0.48214662  0.38905828  0.38235885  0.36913874  0.30035979  0.28851158  0.33708345  0.31240022  0.30035979  0.40264134  0.40952725  0.36261596  0.38235885  0.39581873  0.35615001  0.34973991  0.33708345  0.33708345  0.37571936  0.39581873  0.39581873  0.43057682  0.38235885  0.39581873  0.36913874  0.38235885  0.38905828  0.38235885  0.35615001  0.34973991  0.30635559  0.27108656  0.29441204  0.33083525  0.30635559  0.40952725  0.34973991  0.35615001  0.36913874  0.34973991  0.36261596  0.36913874  0.37571936  0.38905828  0.38905828  0.38235885  0.39581873  0.38905828  0.38905828  0.38905828  0.37571936  0.37571936  0.37571936  0.37571936  0.39581873  0.38905828  0.38905828  0.38905828  0.37571936  0.38905828  0.37571936  0.37571936  0.40264134  0.51330821  0.52130743  0.55419544  0.67242133  0.56265032  0.57985466  
14_0_0     0.26536797  0.13508728  0.01204948  0.00000000  0.20521057  0.18961634  0.46704313  0.27684956  0.28851158  0.27684956  0.46704313  0.26536797  0.25969311  0.51330821  0.48981521  0.48981521  0.52939381  0.50539429  0.45960512  0.45224091  0.42349375  0.40264134  0.40952725  0.33708345  0.31849449  0.32463922  0.30635559  0.30635559  0.31849449  0.32463922  0.32463922  0.40264134  0.30635559  0.31849449  0.33708345  0.27108656  0.25406130  0.25406130  0.26536797  0.38905828  0.38235885  0.36913874  0.51330821  0.41647765  0.41647765  0.42349375  0.42349375  0.42349375  0.42349375  0.45960512  0.42349375  0.45224091  0.45224091  0.50539429  0.38235885  0.37571936  0.36261596  0.31849449  0.30635559  0.34338470  0.31849449  0.30635559  0.42349375  0.43057682  0.34338470  0.36261596  0.40264134  0.34973991  0.34338470  0.34338470  0.34338470  0.39581873  0.40264134  0.40264134  0.42349375  0.38905828  0.40264134  0.37571936  0.38905828  0.40952725  0.40264134  0.37571936  0.36913874  0.32463922  0.28851158  0.31240022  0.33708345  0.31240022  0.42349375  0.35615001  0.37571936  0.36261596  0.34338470  0.36913874  0.37571936  0.38235885  0.39581873  0.39581873  0.38905828  0.40264134  0.39581873  0.39581873  0.39581873  0.38235885  0.38235885  0.38235885  0.38235885  0.40264134  0.39581873  0.39581873  0.39581873  0.38235885  0.39581873  0.38235885  0.38235885  0.40952725  0.52130743  0.51330821  0.57985466  0.66262752  0.58860874  0.60643290  
13_0_0     0.26536797  0.17939930  0.19997600  0.20521057  0.00000000  0.01204948  0.49756387  0.31240022  0.30035979  0.30035979  0.46704313  0.30035979  0.30635559  0.51330821  0.48981521  0.48981521  0.53756927  0.50539429  0.49756387  0.49756387  0.41647765  0.40952725  0.40264134  0.42349375  0.38905828  0.36261596  0.37571936  0.37571936  0.33708345  0.36261596  0.34338470  0.33083525  0.34338470  0.35615001  0.37571936  0.28851158  0.33083525  0.33083525  0.31849449  0.41647765  0.42349375  0.42349375  0.50539429  0.44494905  0.44494905  0.48981521  0.48981521  0.46704313  0.46704313  0.50539429  0.53756927  0.45960512  0.45960512  0.48214662  0.43772815  0.41647765  0.39581873  0.29441204  0.33708345  0.33708345  0.31849449  0.30635559  0.47455645  0.46704313  0.33083525  0.36261596  0.45224091  0.34338470  0.33708345  0.33708345  0.32463922  0.37571936  0.38235885  0.39581873  0.43057682  0.38235885  0.40952725  0.38235885  0.38235885  0.38235885  0.39581873  0.36261596  0.34973991  0.31849449  0.29441204  0.28851158  0.31240022  0.31849449  0.43772815  0.42349375  0.41647765  0.41647765  0.39581873  0.42349375  0.41647765  0.44494905  0.39581873  0.40952725  0.40264134  0.40264134  0.40952725  0.43057682  0.43057682  0.41647765  0.41647765  0.41647765  0.41647765  0.43057682  0.42349375  0.42349375  0.42349375  0.41647765  0.40952725  0.39581873  0.39581873  0.39581873  0.52130743  0.48981521  0.56265032  0.62469571  0.55419544  0.57985466  
4_0_0      0.25969311  0.17434305  0.19477809  0.18961634  0.01204948  0.00000000  0.48981521  0.29441204  0.28265767  0.28265767  0.45960512  0.28265767  0.30035979  0.48981521  0.46704313  0.46704313  0.52939381  0.49756387  0.48981521  0.48981521  0.40952725  0.40264134  0.39581873  0.41647765  0.39581873  0.36913874  0.35615001  0.35615001  0.33083525  0.35615001  0.32463922  0.31849449  0.32463922  0.34973991  0.35615001  0.28265767  0.31240022  0.31240022  0.30035979  0.40264134  0.40952725  0.40952725  0.50539429  0.44494905  0.44494905  0.48981521  0.48981521  0.46704313  0.46704313  0.50539429  0.51330821  0.44494905  0.44494905  0.48214662  0.41647765  0.39581873  0.37571936  0.28851158  0.33083525  0.34338470  0.31240022  0.30035979  0.46704313  0.45960512  0.32463922  0.35615001  0.45960512  0.33708345  0.33083525  0.34338470  0.33083525  0.38235885  0.37571936  0.38905828  0.42349375  0.37571936  0.38905828  0.36261596  0.37571936  0.38905828  0.40264134  0.36913874  0.35615001  0.33708345  0.30035979  0.29441204  0.30635559  0.31240022  0.42349375  0.43057682  0.42349375  0.40952725  0.38905828  0.41647765  0.40952725  0.43772815  0.40264134  0.40264134  0.39581873  0.39581873  0.40264134  0.42349375  0.42349375  0.40952725  0.40952725  0.40952725  0.40952725  0.42349375  0.41647765  0.41647765  0.41647765  0.40952725  0.40264134  0.38905828  0.38905828  0.38905828  0.49756387  0.48214662  0.55419544  0.63399846  0.54583580  0.57120264  
7_0_0      0.34973991  0.45224091  0.47455645  0.46704313  0.49756387  0.48981521  0.00000000  0.31240022  0.31240022  0.31240022  0.57120264  0.31849449  0.33708345  0.58860874  0.57120264  0.57120264  0.58860874  0.55419544  0.49756387  0.50539429  0.52939381  0.53756927  0.53756927  0.48214662  0.44494905  0.45224091  0.34338470  0.39581873  0.46704313  0.39581873  0.42349375  0.43057682  0.40264134  0.43057682  0.42349375  0.35615001  0.32463922  0.32463922  0.36261596  0.44494905  0.43772815  0.44494905  0.58860874  0.45960512  0.44494905  0.45224091  0.45224091  0.46704313  0.46704313  0.45960512  0.55419544  0.48981521  0.48981521  0.51330821  0.39581873  0.38905828  0.36261596  0.38235885  0.41647765  0.40264134  0.38905828  0.39581873  0.45224091  0.43057682  0.43057682  0.43057682  0.53756927  0.43772815  0.43057682  0.44494905  0.45224091  0.44494905  0.43772815  0.43772815  0.45224091  0.43057682  0.43057682  0.42349375  0.43772815  0.45960512  0.49756387  0.45960512  0.45224091  0.40264134  0.41647765  0.40952725  0.45960512  0.48981521  0.44494905  0.43772815  0.43057682  0.41647765  0.40264134  0.52939381  0.54583580  0.53756927  0.57120264  0.57985466  0.58860874  0.60643290  0.58860874  0.58860874  0.58860874  0.59746731  0.59746731  0.59746731  0.59746731  0.58860874  0.57985466  0.60643290  0.60643290  0.55419544  0.59746731  0.57985466  0.57985466  0.59746731  0.63399846  0.67242133  0.59746731  0.73406430  0.70260298  0.67242133  
3_0_0      0.17939930  0.24292432  0.28265767  0.27684956  0.31240022  0.29441204  0.31240022  0.00000000  0.01610985  0.03257717  0.34338470  0.11156671  0.12558942  0.43772815  0.41647765  0.41647765  0.55419544  0.41647765  0.35615001  0.36261596  0.33708345  0.33708345  0.33708345  0.30035979  0.30635559  0.26536797  0.18449024  0.22652606  0.24847192  0.19477809  0.27108656  0.27108656  0.23741787  0.25969311  0.23195199  0.18449024  0.16932101  0.16932101  0.15937775  0.29441204  0.30035979  0.30035979  0.47455645  0.33083525  0.31849449  0.32463922  0.32463922  0.32463922  0.32463922  0.33708345  0.45960512  0.43772815  0.43772815  0.41647765  0.34338470  0.32463922  0.30035979  0.21579179  0.24292432  0.21579179  0.20521057  0.20521057  0.33083525  0.31240022  0.26536797  0.27108656  0.35615001  0.27684956  0.27108656  0.28265767  0.28265767  0.30635559  0.31240022  0.31849449  0.31240022  0.31240022  0.32463922  0.30035979  0.30035979  0.33083525  0.34338470  0.31849449  0.27108656  0.22652606  0.22652606  0.21048232  0.23741787  0.25406130  0.30635559  0.33083525  0.31240022  0.32463922  0.29441204  0.38905828  0.40952725  0.44494905  0.35615001  0.36913874  0.36261596  0.37571936  0.34973991  0.36261596  0.36261596  0.34973991  0.34973991  0.34973991  0.34973991  0.35615001  0.34973991  0.37571936  0.37571936  0.35615001  0.36913874  0.35615001  0.35615001  0.35615001  0.47455645  0.48981521  0.49756387  0.61550813  0.49756387  0.49756387  
5_0_0      0.16932101  0.23195199  0.29441204  0.28851158  0.30035979  0.28265767  0.31240022  0.01610985  0.00000000  0.01610985  0.33083525  0.11156671  0.12558942  0.40952725  0.40264134  0.40264134  0.53756927  0.38905828  0.35615001  0.36261596  0.32463922  0.32463922  0.32463922  0.28851158  0.29441204  0.25406130  0.17434305  0.21579179  0.25969311  0.19477809  0.25969311  0.24847192  0.22652606  0.24847192  0.23195199  0.17434305  0.15937775  0.15937775  0.14956596  0.28265767  0.31240022  0.31240022  0.45960512  0.33083525  0.31849449  0.30035979  0.30035979  0.32463922  0.32463922  0.33708345  0.44494905  0.42349375  0.42349375  0.40264134  0.34338470  0.32463922  0.30035979  0.20521057  0.23195199  0.20521057  0.19477809  0.19477809  0.33083525  0.31240022  0.27684956  0.27108656  0.34973991  0.27684956  0.27108656  0.27108656  0.27108656  0.30635559  0.31240022  0.31849449  0.31240022  0.31240022  0.33708345  0.30035979  0.30035979  0.33083525  0.34338470  0.31849449  0.27108656  0.22652606  0.23195199  0.21048232  0.22652606  0.25406130  0.30635559  0.33083525  0.31240022  0.32463922  0.29441204  0.36913874  0.38905828  0.43057682  0.34338470  0.35615001  0.34973991  0.34973991  0.34973991  0.36913874  0.36913874  0.34973991  0.34973991  0.34973991  0.34973991  0.35615001  0.34973991  0.37571936  0.37571936  0.34338470  0.35615001  0.34338470  0.34338470  0.34338470  0.45960512  0.47455645  0.48214662  0.64341930  0.50539429  0.50539429  
10_0_0     0.17939930  0.23195199  0.28265767  0.27684956  0.30035979  0.28265767  0.31240022  0.03257717  0.01610985  0.00000000  0.35615001  0.11156671  0.12558942  0.40264134  0.40952725  0.40952725  0.56265032  0.38235885  0.36913874  0.37571936  0.32463922  0.32463922  0.32463922  0.31240022  0.31849449  0.27684956  0.19477809  0.23741787  0.28265767  0.21579179  0.27108656  0.25969311  0.22652606  0.24847192  0.24292432  0.18449024  0.15937775  0.15937775  0.16932101  0.28265767  0.31240022  0.31240022  0.46704313  0.33083525  0.30635559  0.28851158  0.28851158  0.32463922  0.32463922  0.33708345  0.45224091  0.43772815  0.43772815  0.43057682  0.33083525  0.31240022  0.30035979  0.22652606  0.25406130  0.22652606  0.21579179  0.21579179  0.34338470  0.32463922  0.28851158  0.28265767  0.37571936  0.27684956  0.27108656  0.27108656  0.27108656  0.30635559  0.31240022  0.31849449  0.31240022  0.30035979  0.33708345  0.30035979  0.31240022  0.33083525  0.34338470  0.31849449  0.27108656  0.22652606  0.23195199  0.22113952  0.23195199  0.27108656  0.31849449  0.33083525  0.32463922  0.32463922  0.30635559  0.38235885  0.40264134  0.43057682  0.35615001  0.36913874  0.36261596  0.36261596  0.36261596  0.38235885  0.38235885  0.36261596  0.36261596  0.36261596  0.36261596  0.36913874  0.36261596  0.37571936  0.37571936  0.34338470  0.35615001  0.34338470  0.34338470  0.35615001  0.46704313  0.48214662  0.47455645  0.65296126  0.52939381  0.52939381  
2_0_0      0.41647765  0.43772815  0.44494905  0.46704313  0.46704313  0.45960512  0.57120264  0.34338470  0.33083525  0.35615001  0.00000000  0.33708345  0.31849449  0.50539429  0.52939381  0.52939381  0.62469571  0.51330821  0.54583580  0.55419544  0.57985466  0.55419544  0.55419544  0.38905828  0.39581873  0.35615001  0.36261596  0.43057682  0.46704313  0.42349375  0.44494905  0.40264134  0.43057682  0.44494905  0.38235885  0.40264134  0.43772815  0.43772815  0.36261596  0.51330821  0.56265032  0.54583580  0.58860874  0.51330821  0.51330821  0.51330821  0.51330821  0.52130743  0.52130743  0.48214662  0.60643290  0.55419544  0.55419544  0.49756387  0.49756387  0.48214662  0.48981521  0.39581873  0.38905828  0.42349375  0.40952725  0.39581873  0.55419544  0.54583580  0.46704313  0.45960512  0.48981521  0.48214662  0.47455645  0.46704313  0.45224091  0.46704313  0.48981521  0.48214662  0.48981521  0.47455645  0.46704313  0.47455645  0.47455645  0.48214662  0.49756387  0.45960512  0.47455645  0.40952725  0.42349375  0.39581873  0.37571936  0.36913874  0.45960512  0.47455645  0.47455645  0.47455645  0.46704313  0.45224091  0.45960512  0.48214662  0.48214662  0.45224091  0.45960512  0.45960512  0.46704313  0.47455645  0.47455645  0.48214662  0.48214662  0.48214662  0.48214662  0.47455645  0.45224091  0.49756387  0.49756387  0.48214662  0.46704313  0.46704313  0.46704313  0.46704313  0.52939381  0.59746731  0.53756927  0.68234612  0.63399846  0.61550813  
9_0_0      0.15937775  0.25406130  0.27108656  0.26536797  0.30035979  0.28265767  0.31849449  0.11156671  0.11156671  0.11156671  0.33708345  0.00000000  0.02019255  0.38905828  0.38235885  0.38235885  0.49756387  0.38235885  0.36913874  0.37571936  0.29441204  0.29441204  0.29441204  0.32463922  0.30635559  0.27684956  0.14470828  0.17434305  0.21579179  0.17434305  0.22652606  0.23195199  0.18449024  0.20521057  0.19997600  0.11621157  0.13032316  0.13032316  0.12088568  0.24292432  0.25406130  0.24847192  0.43057682  0.30035979  0.27684956  0.28265767  0.28265767  0.29441204  0.29441204  0.32463922  0.42349375  0.38235885  0.38235885  0.36261596  0.31849449  0.31240022  0.27684956  0.17434305  0.19997600  0.16433273  0.16433273  0.16433273  0.28265767  0.26536797  0.24847192  0.26536797  0.37571936  0.22652606  0.23195199  0.24292432  0.24292432  0.28851158  0.29441204  0.30035979  0.30635559  0.29441204  0.31849449  0.28265767  0.29441204  0.31240022  0.33708345  0.30035979  0.25406130  0.22652606  0.19477809  0.18961634  0.20521057  0.22113952  0.25969311  0.27684956  0.28265767  0.27108656  0.24292432  0.36261596  0.35615001  0.38905828  0.33083525  0.34338470  0.33708345  0.33708345  0.32463922  0.33708345  0.33708345  0.33708345  0.33708345  0.33708345  0.33708345  0.34338470  0.32463922  0.36261596  0.36261596  0.35615001  0.34338470  0.33083525  0.33083525  0.35615001  0.44494905  0.48214662  0.45960512  0.63399846  0.55419544  0.57120264  
1_0_0      0.16433273  0.24847192  0.25406130  0.25969311  0.30635559  0.30035979  0.33708345  0.12558942  0.12558942  0.12558942  0.31849449  0.02019255  0.00000000  0.40952725  0.40264134  0.40264134  0.52130743  0.40264134  0.36261596  0.36913874  0.31240022  0.30035979  0.30035979  0.30635559  0.30035979  0.27108656  0.13988219  0.16932101  0.21048232  0.16932101  0.24292432  0.24292432  0.19997600  0.21048232  0.21048232  0.12088568  0.13508728  0.13508728  0.12558942  0.25969311  0.27108656  0.25406130  0.43772815  0.28265767  0.25969311  0.26536797  0.26536797  0.27684956  0.27684956  0.31849449  0.41647765  0.41647765  0.41647765  0.38235885  0.33708345  0.33083525  0.29441204  0.17939930  0.19477809  0.16932101  0.16932101  0.15937775  0.28851158  0.27108656  0.24292432  0.25969311  0.35615001  0.22113952  0.22652606  0.22652606  0.22652606  0.27108656  0.28851158  0.29441204  0.30035979  0.28851158  0.31240022  0.27684956  0.28851158  0.29441204  0.33083525  0.28265767  0.23741787  0.23195199  0.18961634  0.19477809  0.19997600  0.21579179  0.25969311  0.27108656  0.27684956  0.26536797  0.24847192  0.35615001  0.34973991  0.38235885  0.31240022  0.32463922  0.31849449  0.31849449  0.31240022  0.32463922  0.32463922  0.32463922  0.32463922  0.32463922  0.32463922  0.33083525  0.31240022  0.33708345  0.33708345  0.33708345  0.32463922  0.31240022  0.31240022  0.33708345  0.42349375  0.47455645  0.42349375  0.63399846  0.53756927  0.55419544  
3_1_0      0.38235885  0.48214662  0.50539429  0.51330821  0.51330821  0.48981521  0.58860874  0.43772815  0.40952725  0.40264134  0.50539429  0.38905828  0.40952725  0.00000000  0.04517197  0.04517197  0.27684956  0.05368884  0.56265032  0.54583580  0.49756387  0.53756927  0.52130743  0.49756387  0.49756387  0.47455645  0.43772815  0.44494905  0.42349375  0.50539429  0.43057682  0.44494905  0.42349375  0.40952725  0.37571936  0.37571936  0.43057682  0.43057682  0.37571936  0.47455645  0.52939381  0.50539429  0.56265032  0.57120264  0.55419544  0.52130743  0.52130743  0.54583580  0.54583580  0.52939381  0.67242133  0.56265032  0.56265032  0.56265032  0.47455645  0.47455645  0.48214662  0.41647765  0.46704313  0.43772815  0.44494905  0.44494905  0.51330821  0.49756387  0.41647765  0.40952725  0.51330821  0.40264134  0.39581873  0.40952725  0.40952725  0.38905828  0.39581873  0.38905828  0.43057682  0.38235885  0.43057682  0.38235885  0.39581873  0.45960512  0.42349375  0.46704313  0.41647765  0.44494905  0.40264134  0.40264134  0.43057682  0.43772815  0.50539429  0.46704313  0.47455645  0.45960512  0.44494905  0.58860874  0.56265032  0.57120264  0.57985466  0.56265032  0.57120264  0.56265032  0.58860874  0.61550813  0.61550813  0.57120264  0.57120264  0.57120264  0.57120264  0.59746731  0.58860874  0.54583580  0.54583580  0.58860874  0.56265032  0.57120264  0.57120264  0.57120264  0.56265032  0.64341930  0.65296126  0.75580478  0.65296126  0.67242133  
5_1_0      0.34973991  0.48981521  0.48214662  0.48981521  0.48981521  0.46704313  0.57120264  0.41647765  0.40264134  0.40952725  0.52939381  0.38235885  0.40264134  0.04517197  0.00000000  0.00000000  0.27108656  0.05798421  0.53756927  0.52130743  0.49756387  0.53756927  0.52130743  0.48981521  0.47455645  0.48214662  0.40264134  0.39581873  0.38905828  0.43772815  0.42349375  0.42349375  0.44494905  0.43057682  0.39581873  0.34338470  0.40952725  0.40952725  0.33083525  0.48214662  0.53756927  0.51330821  0.58860874  0.56265032  0.57985466  0.56265032  0.56265032  0.57120264  0.57120264  0.52130743  0.63399846  0.53756927  0.53756927  0.57120264  0.45960512  0.45960512  0.48214662  0.38235885  0.42349375  0.40264134  0.40952725  0.40952725  0.50539429  0.48981521  0.39581873  0.38905828  0.52130743  0.38235885  0.37571936  0.38905828  0.38905828  0.36913874  0.37571936  0.36261596  0.40264134  0.37571936  0.39581873  0.36261596  0.37571936  0.43772815  0.43057682  0.44494905  0.39581873  0.38235885  0.34338470  0.34338470  0.39581873  0.37571936  0.48214662  0.43772815  0.43057682  0.41647765  0.40264134  0.62469571  0.59746731  0.60643290  0.58860874  0.57120264  0.57985466  0.58860874  0.59746731  0.62469571  0.62469571  0.56265032  0.56265032  0.56265032  0.56265032  0.60643290  0.59746731  0.57120264  0.57120264  0.59746731  0.57120264  0.57985466  0.57985466  0.56265032  0.56265032  0.62469571  0.65296126  0.72342831  0.59746731  0.59746731  
10_1_0     0.34973991  0.48981521  0.48214662  0.48981521  0.48981521  0.46704313  0.57120264  0.41647765  0.40264134  0.40952725  0.52939381  0.38235885  0.40264134  0.04517197  0.00000000  0.00000000  0.27108656  0.05798421  0.53756927  0.52130743  0.49756387  0.53756927  0.52130743  0.48981521  0.47455645  0.48214662  0.40264134  0.39581873  0.38905828  0.43772815  0.42349375  0.42349375  0.44494905  0.43057682  0.39581873  0.34338470  0.40952725  0.40952725  0.33083525  0.48214662  0.53756927  0.51330821  0.58860874  0.56265032  0.57985466  0.56265032  0.56265032  0.57120264  0.57120264  0.52130743  0.63399846  0.53756927  0.53756927  0.57120264  0.45960512  0.45960512  0.48214662  0.38235885  0.42349375  0.40264134  0.40952725  0.40952725  0.50539429  0.48981521  0.39581873  0.38905828  0.52130743  0.38235885  0.37571936  0.38905828  0.38905828  0.36913874  0.37571936  0.36261596  0.40264134  0.37571936  0.39581873  0.36261596  0.37571936  0.43772815  0.43057682  0.44494905  0.39581873  0.38235885  0.34338470  0.34338470  0.39581873  0.37571936  0.48214662  0.43772815  0.43057682  0.41647765  0.40264134  0.62469571  0.59746731  0.60643290  0.58860874  0.57120264  0.57985466  0.58860874  0.59746731  0.62469571  0.62469571  0.56265032  0.56265032  0.56265032  0.56265032  0.60643290  0.59746731  0.57120264  0.57120264  0.59746731  0.57120264  0.57985466  0.57985466  0.56265032  0.56265032  0.62469571  0.65296126  0.72342831  0.59746731  0.59746731  
7_2_0      0.45960512  0.52939381  0.52939381  0.52939381  0.53756927  0.52939381  0.58860874  0.55419544  0.53756927  0.56265032  0.62469571  0.49756387  0.52130743  0.27684956  0.27108656  0.27108656  0.00000000  0.29441204  0.57985466  0.56265032  0.54583580  0.56265032  0.57985466  0.57120264  0.52130743  0.50539429  0.47455645  0.46704313  0.48214662  0.50539429  0.55419544  0.52939381  0.52939381  0.54583580  0.54583580  0.48214662  0.50539429  0.50539429  0.49756387  0.58860874  0.60643290  0.57985466  0.68234612  0.62469571  0.62469571  0.64341930  0.64341930  0.61550813  0.61550813  0.64341930  0.59746731  0.53756927  0.53756927  0.60643290  0.54583580  0.54583580  0.56265032  0.52130743  0.55419544  0.51330821  0.52939381  0.54583580  0.59746731  0.57985466  0.54583580  0.52130743  0.62469571  0.48981521  0.48214662  0.49756387  0.49756387  0.50539429  0.49756387  0.49756387  0.51330821  0.51330821  0.50539429  0.51330821  0.49756387  0.51330821  0.49756387  0.51330821  0.52939381  0.51330821  0.50539429  0.48214662  0.56265032  0.53756927  0.62469571  0.50539429  0.50539429  0.51330821  0.48214662  0.62469571  0.61550813  0.64341930  0.65296126  0.69240544  0.68234612  0.68234612  0.68234612  0.69240544  0.69240544  0.68234612  0.68234612  0.68234612  0.68234612  0.71294260  0.70260298  0.66262752  0.66262752  0.64341930  0.67242133  0.66262752  0.66262752  0.65296126  0.69240544  0.74485494  0.73406430  0.77820141  0.76691861  0.78965838  
7_1_0      0.37571936  0.50539429  0.49756387  0.50539429  0.50539429  0.49756387  0.55419544  0.41647765  0.38905828  0.38235885  0.51330821  0.38235885  0.40264134  0.05368884  0.05798421  0.05798421  0.29441204  0.00000000  0.53756927  0.52130743  0.52939381  0.53756927  0.53756927  0.48981521  0.45960512  0.46704313  0.43057682  0.43772815  0.44494905  0.48214662  0.43772815  0.43772815  0.44494905  0.44494905  0.43772815  0.38235885  0.43772815  0.43772815  0.39581873  0.51330821  0.58860874  0.55419544  0.57985466  0.61550813  0.61550813  0.57985466  0.57985466  0.60643290  0.60643290  0.53756927  0.71294260  0.56265032  0.56265032  0.56265032  0.52939381  0.52939381  0.55419544  0.45224091  0.48214662  0.45960512  0.46704313  0.46704313  0.53756927  0.52130743  0.43772815  0.43057682  0.53756927  0.40952725  0.40264134  0.41647765  0.41647765  0.38235885  0.38905828  0.38235885  0.40264134  0.37571936  0.40952725  0.37571936  0.38905828  0.45224091  0.43057682  0.45960512  0.40952725  0.42349375  0.38905828  0.39581873  0.43772815  0.44494905  0.52130743  0.44494905  0.45224091  0.43772815  0.43772815  0.61550813  0.59746731  0.61550813  0.58860874  0.58860874  0.59746731  0.58860874  0.61550813  0.64341930  0.64341930  0.59746731  0.59746731  0.59746731  0.59746731  0.60643290  0.59746731  0.60643290  0.60643290  0.61550813  0.60643290  0.59746731  0.59746731  0.60643290  0.56265032  0.64341930  0.63399846  0.75580478  0.63399846  0.63399846  
9_1_0      0.39581873  0.41647765  0.46704313  0.45960512  0.49756387  0.48981521  0.49756387  0.35615001  0.35615001  0.36913874  0.54583580  0.36913874  0.36261596  0.56265032  0.53756927  0.53756927  0.57985466  0.53756927  0.00000000  0.01610985  0.46704313  0.48214662  0.48214662  0.46704313  0.45224091  0.46704313  0.36261596  0.36913874  0.35615001  0.38905828  0.47455645  0.47455645  0.45960512  0.45960512  0.42349375  0.36913874  0.38235885  0.38235885  0.34973991  0.49756387  0.46704313  0.47455645  0.57985466  0.48981521  0.47455645  0.48214662  0.48214662  0.46704313  0.46704313  0.51330821  0.61550813  0.52130743  0.52130743  0.51330821  0.50539429  0.52130743  0.49756387  0.39581873  0.38905828  0.40264134  0.36913874  0.37571936  0.48214662  0.45960512  0.43057682  0.42349375  0.48981521  0.39581873  0.38905828  0.40264134  0.41647765  0.51330821  0.52130743  0.52939381  0.53756927  0.53756927  0.55419544  0.50539429  0.50539429  0.43772815  0.48981521  0.46704313  0.40952725  0.46704313  0.43772815  0.40264134  0.40264134  0.41647765  0.51330821  0.43772815  0.45960512  0.44494905  0.46704313  0.54583580  0.52939381  0.58860874  0.45224091  0.47455645  0.46704313  0.48214662  0.45960512  0.45960512  0.45960512  0.48981521  0.48981521  0.48981521  0.48981521  0.45960512  0.45960512  0.45960512  0.45960512  0.44494905  0.45960512  0.44494905  0.44494905  0.44494905  0.51330821  0.53756927  0.56265032  0.62469571  0.57120264  0.55419544  
1_1_0      0.38905828  0.42349375  0.45960512  0.45224091  0.49756387  0.48981521  0.50539429  0.36261596  0.36261596  0.37571936  0.55419544  0.37571936  0.36913874  0.54583580  0.52130743  0.52130743  0.56265032  0.52130743  0.01610985  0.00000000  0.47455645  0.47455645  0.48981521  0.47455645  0.44494905  0.45960512  0.35615001  0.36261596  0.36261596  0.38235885  0.48214662  0.48214662  0.46704313  0.46704313  0.43057682  0.37571936  0.37571936  0.37571936  0.34338470  0.47455645  0.45224091  0.45960512  0.57985466  0.48214662  0.46704313  0.48981521  0.48981521  0.45960512  0.45960512  0.51330821  0.60643290  0.52130743  0.52130743  0.51330821  0.52939381  0.54583580  0.52130743  0.38905828  0.39581873  0.38235885  0.36261596  0.36913874  0.48981521  0.46704313  0.43057682  0.42349375  0.48981521  0.39581873  0.38905828  0.40264134  0.41647765  0.51330821  0.52130743  0.52939381  0.53756927  0.53756927  0.55419544  0.50539429  0.50539429  0.43772815  0.48981521  0.46704313  0.40952725  0.45960512  0.43057682  0.39581873  0.40952725  0.42349375  0.50539429  0.45960512  0.48214662  0.46704313  0.48981521  0.56265032  0.54583580  0.60643290  0.45960512  0.48214662  0.47455645  0.48981521  0.46704313  0.46704313  0.46704313  0.48214662  0.48214662  0.48214662  0.48214662  0.46704313  0.46704313  0.46704313  0.46704313  0.43772815  0.46704313  0.45224091  0.45224091  0.45224091  0.54583580  0.57120264  0.59746731  0.66262752  0.60643290  0.58860874  
57_0_0     0.35615001  0.40952725  0.42349375  0.42349375  0.41647765  0.40952725  0.52939381  0.33708345  0.32463922  0.32463922  0.57985466  0.29441204  0.31240022  0.49756387  0.49756387  0.49756387  0.54583580  0.52939381  0.46704313  0.47455645  0.00000000  0.03257717  0.02429783  0.50539429  0.45960512  0.43057682  0.27684956  0.33708345  0.28851158  0.30035979  0.36913874  0.39581873  0.34338470  0.34338470  0.39581873  0.26536797  0.28265767  0.28265767  0.25969311  0.38235885  0.38235885  0.38235885  0.57120264  0.45224091  0.43772815  0.41647765  0.41647765  0.43057682  0.43057682  0.48214662  0.51330821  0.47455645  0.47455645  0.48981521  0.38905828  0.38905828  0.37571936  0.32463922  0.33083525  0.33083525  0.31849449  0.33083525  0.44494905  0.42349375  0.34973991  0.37571936  0.44494905  0.33083525  0.33708345  0.32463922  0.33708345  0.39581873  0.40264134  0.38905828  0.45224091  0.40264134  0.42349375  0.40264134  0.38905828  0.40264134  0.42349375  0.41647765  0.36261596  0.31849449  0.30635559  0.30635559  0.30635559  0.30635559  0.48981521  0.41647765  0.41647765  0.42349375  0.42349375  0.62469571  0.58860874  0.61550813  0.53756927  0.56265032  0.55419544  0.55419544  0.54583580  0.57120264  0.57120264  0.54583580  0.54583580  0.54583580  0.54583580  0.53756927  0.54583580  0.51330821  0.51330821  0.54583580  0.55419544  0.53756927  0.53756927  0.55419544  0.57120264  0.57985466  0.59746731  0.62469571  0.66262752  0.66262752  
80_0_0     0.35615001  0.41647765  0.40264134  0.40264134  0.40952725  0.40264134  0.53756927  0.33708345  0.32463922  0.32463922  0.55419544  0.29441204  0.30035979  0.53756927  0.53756927  0.53756927  0.56265032  0.53756927  0.48214662  0.47455645  0.03257717  0.00000000  0.01610985  0.49756387  0.43057682  0.40264134  0.26536797  0.32463922  0.30635559  0.27108656  0.36913874  0.40952725  0.35615001  0.35615001  0.42349375  0.27684956  0.27108656  0.27108656  0.27108656  0.39581873  0.39581873  0.39581873  0.57985466  0.43772815  0.42349375  0.41647765  0.41647765  0.41647765  0.41647765  0.47455645  0.49756387  0.48214662  0.48214662  0.49756387  0.42349375  0.42349375  0.40952725  0.33708345  0.31849449  0.33083525  0.31849449  0.31849449  0.47455645  0.45224091  0.35615001  0.38235885  0.40952725  0.33708345  0.34338470  0.33083525  0.34338470  0.40264134  0.40952725  0.39581873  0.44494905  0.40952725  0.43057682  0.40952725  0.39581873  0.38905828  0.42349375  0.40264134  0.36261596  0.33083525  0.31849449  0.31849449  0.30635559  0.31849449  0.46704313  0.42349375  0.42349375  0.43057682  0.43057682  0.58860874  0.55419544  0.57985466  0.49756387  0.52130743  0.51330821  0.51330821  0.51330821  0.53756927  0.53756927  0.51330821  0.51330821  0.51330821  0.51330821  0.50539429  0.51330821  0.48214662  0.48214662  0.50539429  0.51330821  0.49756387  0.49756387  0.51330821  0.59746731  0.60643290  0.58860874  0.67242133  0.67242133  0.67242133  
39_0_0     0.35615001  0.39581873  0.40952725  0.40952725  0.40264134  0.39581873  0.53756927  0.33708345  0.32463922  0.32463922  0.55419544  0.29441204  0.30035979  0.52130743  0.52130743  0.52130743  0.57985466  0.53756927  0.48214662  0.48981521  0.02429783  0.01610985  0.00000000  0.48214662  0.44494905  0.41647765  0.26536797  0.32463922  0.29441204  0.28265767  0.36913874  0.39581873  0.34338470  0.34338470  0.40952725  0.27684956  0.29441204  0.29441204  0.27108656  0.40952725  0.40952725  0.41647765  0.57985466  0.43772815  0.42349375  0.41647765  0.41647765  0.41647765  0.41647765  0.46704313  0.51330821  0.48981521  0.48981521  0.50539429  0.40952725  0.40952725  0.39581873  0.33708345  0.31849449  0.33083525  0.31849449  0.31849449  0.44494905  0.43772815  0.34973991  0.37571936  0.43057682  0.33083525  0.33708345  0.32463922  0.33708345  0.40264134  0.40952725  0.39581873  0.44494905  0.40952725  0.43057682  0.40952725  0.39581873  0.38235885  0.41647765  0.39581873  0.34338470  0.31849449  0.30635559  0.30635559  0.30635559  0.31849449  0.46704313  0.42349375  0.40952725  0.43057682  0.41647765  0.58860874  0.55419544  0.57985466  0.50539429  0.52939381  0.52130743  0.52130743  0.52130743  0.54583580  0.54583580  0.52130743  0.52130743  0.52130743  0.52130743  0.51330821  0.52130743  0.48981521  0.48981521  0.51330821  0.52130743  0.50539429  0.50539429  0.52130743  0.57120264  0.57985466  0.57985466  0.64341930  0.66262752  0.66262752  
77_0_0     0.30635559  0.33708345  0.34338470  0.33708345  0.42349375  0.41647765  0.48214662  0.30035979  0.28851158  0.31240022  0.38905828  0.32463922  0.30635559  0.49756387  0.48981521  0.48981521  0.57120264  0.48981521  0.46704313  0.47455645  0.50539429  0.49756387  0.48214662  0.00000000  0.12088568  0.12558942  0.24847192  0.25969311  0.30635559  0.28851158  0.34973991  0.34973991  0.34973991  0.34973991  0.34973991  0.28851158  0.27108656  0.27108656  0.25969311  0.40952725  0.39581873  0.39581873  0.51330821  0.41647765  0.44494905  0.45224091  0.45224091  0.43772815  0.43772815  0.45960512  0.48214662  0.45960512  0.45960512  0.43772815  0.41647765  0.40952725  0.40264134  0.35615001  0.36261596  0.36913874  0.34338470  0.33083525  0.44494905  0.45224091  0.39581873  0.38905828  0.40952725  0.38235885  0.37571936  0.37571936  0.36261596  0.38905828  0.40952725  0.40264134  0.44494905  0.40952725  0.45224091  0.39581873  0.39581873  0.40952725  0.45224091  0.41647765  0.40264134  0.35615001  0.34973991  0.34338470  0.35615001  0.36261596  0.41647765  0.43057682  0.45224091  0.48214662  0.43057682  0.38905828  0.38235885  0.42349375  0.41647765  0.42349375  0.41647765  0.41647765  0.43057682  0.42349375  0.42349375  0.41647765  0.41647765  0.41647765  0.41647765  0.42349375  0.40264134  0.45960512  0.45960512  0.38905828  0.43057682  0.41647765  0.41647765  0.41647765  0.48981521  0.51330821  0.57120264  0.72342831  0.56265032  0.56265032  
91_0_0     0.25406130  0.28851158  0.32463922  0.31849449  0.38905828  0.39581873  0.44494905  0.30635559  0.29441204  0.31849449  0.39581873  0.30635559  0.30035979  0.49756387  0.47455645  0.47455645  0.52130743  0.45960512  0.45224091  0.44494905  0.45960512  0.43057682  0.44494905  0.12088568  0.00000000  0.06230459  0.23195199  0.21048232  0.27108656  0.22113952  0.32463922  0.34973991  0.33708345  0.33708345  0.36913874  0.25969311  0.25969311  0.25969311  0.25406130  0.43057682  0.41647765  0.42349375  0.49756387  0.45960512  0.48981521  0.48214662  0.48214662  0.48214662  0.48214662  0.47455645  0.52939381  0.44494905  0.44494905  0.42349375  0.44494905  0.42349375  0.41647765  0.30635559  0.33708345  0.30635559  0.30635559  0.30635559  0.46704313  0.45224091  0.36913874  0.37571936  0.38905828  0.36913874  0.36261596  0.36261596  0.36261596  0.40264134  0.42349375  0.41647765  0.43057682  0.42349375  0.46704313  0.42349375  0.40952725  0.36261596  0.38905828  0.40952725  0.40264134  0.31240022  0.30035979  0.30035979  0.33083525  0.32463922  0.45960512  0.40952725  0.41647765  0.43057682  0.42349375  0.38905828  0.39581873  0.43057682  0.45224091  0.43057682  0.43772815  0.44494905  0.45960512  0.45224091  0.45224091  0.45960512  0.45960512  0.45960512  0.45960512  0.46704313  0.45960512  0.48981521  0.48981521  0.43772815  0.46704313  0.45224091  0.45224091  0.46704313  0.53756927  0.52939381  0.60643290  0.65296126  0.60643290  0.58860874  
28_0_0     0.25969311  0.27684956  0.31849449  0.32463922  0.36261596  0.36913874  0.45224091  0.26536797  0.25406130  0.27684956  0.35615001  0.27684956  0.27108656  0.47455645  0.48214662  0.48214662  0.50539429  0.46704313  0.46704313  0.45960512  0.43057682  0.40264134  0.41647765  0.12558942  0.06230459  0.00000000  0.19477809  0.20521057  0.25969311  0.22652606  0.35615001  0.34338470  0.34338470  0.34338470  0.34973991  0.23195199  0.25406130  0.25406130  0.23741787  0.35615001  0.36913874  0.36913874  0.49756387  0.39581873  0.40952725  0.40264134  0.40264134  0.40264134  0.40264134  0.45224091  0.49756387  0.46704313  0.46704313  0.45960512  0.45224091  0.43057682  0.40952725  0.27684956  0.31849449  0.28851158  0.28851158  0.28851158  0.45224091  0.43057682  0.36261596  0.36913874  0.39581873  0.34973991  0.34338470  0.34338470  0.33083525  0.36913874  0.38905828  0.38235885  0.39581873  0.38905828  0.44494905  0.38905828  0.37571936  0.35615001  0.35615001  0.37571936  0.35615001  0.30635559  0.28265767  0.27108656  0.30035979  0.29441204  0.40952725  0.39581873  0.38905828  0.43057682  0.38235885  0.38905828  0.39581873  0.44494905  0.45224091  0.44494905  0.43772815  0.43772815  0.45960512  0.45224091  0.45224091  0.45960512  0.45960512  0.45960512  0.45960512  0.46704313  0.44494905  0.47455645  0.47455645  0.42349375  0.46704313  0.45224091  0.45224091  0.46704313  0.53756927  0.52939381  0.60643290  0.68234612  0.62469571  0.62469571  
49_0_0     0.19477809  0.24847192  0.31240022  0.30635559  0.37571936  0.35615001  0.34338470  0.18449024  0.17434305  0.19477809  0.36261596  0.14470828  0.13988219  0.43772815  0.40264134  0.40264134  0.47455645  0.43057682  0.36261596  0.35615001  0.27684956  0.26536797  0.26536797  0.24847192  0.23195199  0.19477809  0.00000000  0.06665026  0.13988219  0.09327264  0.26536797  0.27684956  0.24292432  0.25406130  0.21048232  0.12088568  0.13988219  0.13988219  0.11621157  0.28851158  0.31240022  0.29441204  0.45960512  0.33708345  0.32463922  0.33083525  0.33083525  0.33083525  0.33083525  0.34973991  0.43057682  0.40264134  0.40264134  0.39581873  0.33083525  0.33708345  0.29441204  0.17434305  0.17939930  0.16433273  0.14470828  0.14470828  0.30035979  0.28265767  0.22652606  0.23195199  0.32463922  0.21048232  0.20521057  0.21579179  0.21579179  0.30635559  0.31240022  0.30635559  0.33083525  0.32463922  0.36261596  0.30035979  0.30035979  0.27108656  0.30635559  0.28265767  0.23741787  0.21579179  0.17434305  0.16433273  0.18961634  0.21048232  0.28851158  0.30035979  0.29441204  0.29441204  0.26536797  0.38905828  0.38235885  0.43057682  0.36913874  0.36261596  0.35615001  0.35615001  0.38235885  0.39581873  0.39581873  0.36913874  0.36913874  0.36913874  0.36913874  0.38905828  0.36913874  0.37571936  0.37571936  0.35615001  0.38235885  0.36913874  0.36913874  0.36913874  0.45960512  0.48214662  0.48214662  0.62469571  0.53756927  0.52130743  
