7
3_0_0      0.00000000  0.05032965  0.05032965  0.50125750  0.50125750  0.44758904  0.42218384  
1_0_0      0.05032965  0.00000000  0.01402458  0.50125750  0.50125750  0.44758904  0.42218384  
11_0_0     0.05032965  0.01402458  0.00000000  0.52967021  0.52967021  0.47392341  0.44758904  
16_0_0     0.50125750  0.50125750  0.52967021  0.00000000  0.00697815  0.07302506  0.17171665  
4_0_0      0.50125750  0.50125750  0.52967021  0.00697815  0.00000000  0.08075198  0.16295563  
2_0_0      0.44758904  0.44758904  0.47392341  0.07302506  0.08075198  0.00000000  0.14574703  
15_0_0     0.42218384  0.42218384  0.44758904  0.17171665  0.16295563  0.14574703  0.00000000  

