20
3_0_0      0.00000000  0.00000000  0.00506809  0.40922777  0.40922777  0.41813709  0.40042605  0.40922777  0.40042605  0.43628928  0.41813709  0.41813709  0.39172936  0.41813709  0.42715668  0.45490516  0.36624512  0.42715668  0.39172936  0.50363789  
2_0_0      0.00000000  0.00000000  0.00506809  0.40922777  0.40922777  0.41813709  0.40042605  0.40922777  0.40042605  0.43628928  0.41813709  0.41813709  0.39172936  0.41813709  0.42715668  0.45490516  0.36624512  0.42715668  0.39172936  0.50363789  
1_0_0      0.00506809  0.00506809  0.00000000  0.41813709  0.41813709  0.42715668  0.40922777  0.41813709  0.40922777  0.44553778  0.42715668  0.42715668  0.40042605  0.42715668  0.43628928  0.46439450  0.37464124  0.43628928  0.40042605  0.51378804  
17_0_0     0.40922777  0.40922777  0.41813709  0.00000000  0.01017166  0.07437633  0.05234030  0.05778716  0.05234030  0.20245506  0.20245506  0.20245506  0.16985650  0.16985650  0.17626061  0.27975852  0.18924016  0.18924016  0.18924016  0.28721032  
11_0_0     0.40922777  0.40922777  0.41813709  0.01017166  0.00000000  0.07437633  0.05234030  0.05778716  0.05234030  0.18924016  0.18924016  0.18924016  0.18272149  0.15721467  0.16350817  0.27975852  0.18924016  0.18924016  0.20245506  0.30234645  
5_0_0      0.41813709  0.41813709  0.42715668  0.07437633  0.07437633  0.00000000  0.02048730  0.02570039  0.02048730  0.22273786  0.22273786  0.22273786  0.20245506  0.20915347  0.22273786  0.27975852  0.24360132  0.22273786  0.20915347  0.27238215  
12_0_0     0.40042605  0.40042605  0.40922777  0.05234030  0.05234030  0.02048730  0.00000000  0.00506809  0.00000000  0.21591401  0.21591401  0.21591401  0.18272149  0.18924016  0.20245506  0.26507969  0.21591401  0.20245506  0.18272149  0.27238215  
4_0_0      0.40922777  0.40922777  0.41813709  0.05778716  0.05778716  0.02570039  0.00506809  0.00000000  0.00506809  0.22273786  0.22273786  0.22273786  0.17626061  0.18272149  0.20915347  0.27238215  0.22273786  0.20915347  0.18924016  0.27975852  
10_0_0     0.40042605  0.40042605  0.40922777  0.05234030  0.05234030  0.02048730  0.00000000  0.00506809  0.00000000  0.21591401  0.21591401  0.21591401  0.18272149  0.18924016  0.20245506  0.26507969  0.21591401  0.20245506  0.18272149  0.27238215  
7_0_0      0.43628928  0.43628928  0.44553778  0.20245506  0.18924016  0.22273786  0.21591401  0.22273786  0.21591401  0.00000000  0.02048730  0.02048730  0.13257044  0.12055394  0.10289270  0.27238215  0.19581766  0.22273786  0.22962620  0.32565689  
9_0_0      0.41813709  0.41813709  0.42715668  0.20245506  0.18924016  0.22273786  0.21591401  0.22273786  0.21591401  0.02048730  0.00000000  0.00000000  0.11461918  0.11461918  0.09709947  0.28721032  0.20245506  0.21591401  0.22273786  0.31780361  
13_0_0     0.41813709  0.41813709  0.42715668  0.20245506  0.18924016  0.22273786  0.21591401  0.22273786  0.21591401  0.02048730  0.00000000  0.00000000  0.11461918  0.11461918  0.09709947  0.28721032  0.20245506  0.21591401  0.22273786  0.31780361  
18_0_0     0.39172936  0.39172936  0.40042605  0.16985650  0.18272149  0.20245506  0.18272149  0.17626061  0.18272149  0.13257044  0.11461918  0.11461918  0.00000000  0.04156721  0.07437633  0.30234645  0.16985650  0.20915347  0.18272149  0.27238215  
8_0_0      0.41813709  0.41813709  0.42715668  0.16985650  0.15721467  0.20915347  0.18924016  0.18272149  0.18924016  0.12055394  0.11461918  0.11461918  0.04156721  0.00000000  0.08564934  0.31003405  0.16985650  0.20915347  0.20915347  0.26507969  
19_0_0     0.42715668  0.42715668  0.43628928  0.17626061  0.16350817  0.22273786  0.20245506  0.20915347  0.20245506  0.10289270  0.09709947  0.09709947  0.07437633  0.08564934  0.00000000  0.27238215  0.15097505  0.18924016  0.20245506  0.31003405  
16_0_0     0.45490516  0.45490516  0.46439450  0.27975852  0.27975852  0.27975852  0.26507969  0.27238215  0.26507969  0.27238215  0.28721032  0.28721032  0.30234645  0.31003405  0.27238215  0.00000000  0.21591401  0.24360132  0.23658026  0.28721032  
15_0_0     0.36624512  0.36624512  0.37464124  0.18924016  0.18924016  0.24360132  0.21591401  0.22273786  0.21591401  0.19581766  0.20245506  0.20245506  0.16985650  0.16985650  0.15097505  0.21591401  0.00000000  0.12055394  0.10873235  0.28721032  
6_0_0      0.42715668  0.42715668  0.43628928  0.18924016  0.18924016  0.22273786  0.20245506  0.20915347  0.20245506  0.22273786  0.21591401  0.21591401  0.20915347  0.20915347  0.18924016  0.24360132  0.12055394  0.00000000  0.14478839  0.25784968  
14_0_0     0.39172936  0.39172936  0.40042605  0.18924016  0.20245506  0.20915347  0.18272149  0.18924016  0.18272149  0.22962620  0.22273786  0.22273786  0.18272149  0.20915347  0.20245506  0.23658026  0.10873235  0.14478839  0.00000000  0.26507969  
20_0_0     0.50363789  0.50363789  0.51378804  0.28721032  0.30234645  0.27238215  0.27238215  0.27975852  0.27238215  0.32565689  0.31780361  0.31780361  0.27238215  0.26507969  0.31003405  0.28721032  0.28721032  0.25784968  0.26507969  0.00000000  

