141
58_19_0    0.00000000  0.11578678  0.08080633  0.05837633  0.18458079  0.23196091  0.15251211  0.21810983  0.19780978  0.21810983  0.21810983  0.19116558  0.14626262  0.14006571  0.12782619  0.12178188  0.09228283  0.09228283  0.09228283  0.17805435  0.21810983  0.21810983  0.23196091  0.30541651  0.28260042  0.28260042  0.24607752  0.24607752  0.24607752  0.28260042  0.26777319  0.27514949  0.28260042  0.28260042  0.26047005  0.25323863  0.26777319  0.23196091  0.23196091  0.29012751  0.26047005  0.26777319  0.27514949  0.26047005  0.28260042  0.22500281  0.30541651  0.31318172  0.23898539  0.23196091  0.26777319  0.26047005  0.21810983  0.23196091  0.21128078  0.21128078  0.26777319  0.27514949  0.19780978  0.30541651  0.31318172  0.31318172  0.32896219  0.36995945  0.27514949  0.29012751  0.29012751  0.29012751  0.29012751  0.27514949  0.26777319  0.33698108  0.31318172  0.32896219  0.32102969  0.35328567  0.36995945  0.36995945  0.31318172  0.31318172  0.31318172  0.32102969  0.31318172  0.33698108  0.34508825  0.30541651  0.29773233  0.41337439  0.18458079  0.43148334  0.23898539  0.36157537  0.21810983  0.21128078  0.21810983  0.21128078  0.25323863  0.21810983  0.21810983  0.23196091  0.21128078  0.21810983  0.21810983  0.23196091  0.24607752  0.23898539  0.21810983  0.28260042  0.21128078  0.17158526  0.18458079  0.36157537  0.34508825  0.32896219  0.32896219  0.21128078  0.21128078  0.21810983  0.17805435  0.15881509  0.29773233  0.29773233  0.16517249  0.17805435  0.15251211  0.15251211  0.19780978  0.13392052  0.23196091  0.31318172  0.25323863  0.24607752  0.21810983  0.16517249  0.17805435  0.26777319  0.30541651  0.26047005  0.26047005  0.20451448  0.20451448  
98_19_0    0.11578678  0.00000000  0.13392052  0.12178188  0.23196091  0.25323863  0.19780978  0.26777319  0.27514949  0.27514949  0.23898539  0.23898539  0.17805435  0.18458079  0.17158526  0.19116558  0.16517249  0.17805435  0.19116558  0.23196091  0.28260042  0.28260042  0.29773233  0.32102969  0.36157537  0.36157537  0.29012751  0.29012751  0.29773233  0.31318172  0.29773233  0.29012751  0.29773233  0.32896219  0.27514949  0.25323863  0.26777319  0.24607752  0.24607752  0.27514949  0.27514949  0.26777319  0.29012751  0.27514949  0.29773233  0.25323863  0.32896219  0.33698108  0.25323863  0.21810983  0.26047005  0.23898539  0.21810983  0.23196091  0.25323863  0.23898539  0.29012751  0.29773233  0.21128078  0.35328567  0.35328567  0.33698108  0.33698108  0.39570010  0.32896219  0.33698108  0.33698108  0.32896219  0.32896219  0.31318172  0.30541651  0.39570010  0.36995945  0.33698108  0.31318172  0.37844008  0.36157537  0.36157537  0.32102969  0.33698108  0.33698108  0.32896219  0.32102969  0.34508825  0.33698108  0.31318172  0.32102969  0.38701952  0.19780978  0.42237321  0.28260042  0.42237321  0.26777319  0.26047005  0.26777319  0.26047005  0.27514949  0.25323863  0.23898539  0.26777319  0.24607752  0.25323863  0.25323863  0.26777319  0.28260042  0.27514949  0.26777319  0.30541651  0.26047005  0.21810983  0.23196091  0.43148334  0.39570010  0.39570010  0.39570010  0.26777319  0.26777319  0.27514949  0.21128078  0.19780978  0.36995945  0.35328567  0.23196091  0.24607752  0.23196091  0.23196091  0.27514949  0.21128078  0.27514949  0.36157537  0.29773233  0.29012751  0.26047005  0.20451448  0.19116558  0.33698108  0.34508825  0.35328567  0.34508825  0.24607752  0.24607752  
58_0_0     0.08080633  0.13392052  0.00000000  0.02069629  0.22500281  0.27514949  0.20451448  0.24607752  0.23898539  0.24607752  0.23196091  0.23196091  0.17805435  0.17158526  0.17158526  0.19116558  0.15881509  0.15881509  0.17158526  0.23898539  0.26777319  0.26777319  0.26777319  0.30541651  0.32896219  0.32896219  0.29012751  0.30541651  0.30541651  0.32896219  0.32896219  0.32102969  0.32896219  0.31318172  0.30541651  0.28260042  0.29773233  0.26047005  0.26047005  0.32102969  0.29012751  0.29773233  0.32102969  0.30541651  0.31318172  0.26777319  0.29773233  0.30541651  0.23898539  0.23898539  0.32102969  0.29773233  0.26777319  0.26777319  0.29012751  0.23196091  0.35328567  0.34508825  0.26047005  0.33698108  0.36995945  0.32102969  0.35328567  0.39570010  0.34508825  0.34508825  0.34508825  0.34508825  0.34508825  0.32896219  0.32102969  0.39570010  0.38701952  0.35328567  0.34508825  0.36157537  0.37844008  0.37844008  0.33698108  0.35328567  0.35328567  0.34508825  0.33698108  0.36157537  0.36995945  0.32896219  0.33698108  0.42237321  0.23196091  0.40448422  0.27514949  0.35328567  0.23898539  0.23196091  0.23898539  0.24607752  0.27514949  0.23196091  0.23196091  0.26777319  0.23196091  0.23898539  0.23898539  0.25323863  0.25323863  0.24607752  0.23898539  0.26047005  0.26047005  0.21810983  0.23196091  0.40448422  0.33698108  0.32102969  0.32102969  0.26047005  0.26047005  0.26777319  0.21128078  0.17805435  0.35328567  0.35328567  0.22500281  0.22500281  0.19780978  0.19780978  0.26047005  0.17805435  0.27514949  0.36157537  0.29773233  0.29012751  0.25323863  0.21128078  0.21128078  0.28260042  0.30541651  0.30541651  0.29012751  0.23898539  0.25323863  
98_0_0     0.05837633  0.12178188  0.02069629  0.00000000  0.23196091  0.26777319  0.18458079  0.22500281  0.21810983  0.22500281  0.22500281  0.21128078  0.15251211  0.14626262  0.14626262  0.16517249  0.13392052  0.13392052  0.14626262  0.22500281  0.25323863  0.25323863  0.26777319  0.29773233  0.32102969  0.32102969  0.28260042  0.29773233  0.29773233  0.32102969  0.32102969  0.31318172  0.32102969  0.30541651  0.29773233  0.27514949  0.29012751  0.25323863  0.25323863  0.31318172  0.28260042  0.29012751  0.29773233  0.28260042  0.30541651  0.26047005  0.31318172  0.32102969  0.24607752  0.23898539  0.30541651  0.28260042  0.26777319  0.26777319  0.27514949  0.23196091  0.32102969  0.32896219  0.23196091  0.35328567  0.35328567  0.30541651  0.33698108  0.39570010  0.31318172  0.31318172  0.31318172  0.31318172  0.31318172  0.29773233  0.29012751  0.37844008  0.35328567  0.32102969  0.31318172  0.34508825  0.36157537  0.36157537  0.30541651  0.32102969  0.32102969  0.31318172  0.30541651  0.32896219  0.33698108  0.29773233  0.30541651  0.43148334  0.21810983  0.38701952  0.27514949  0.36995945  0.23898539  0.23196091  0.25323863  0.24607752  0.27514949  0.23196091  0.23196091  0.26777319  0.23196091  0.23898539  0.23898539  0.25323863  0.25323863  0.24607752  0.23898539  0.27514949  0.24607752  0.20451448  0.21810983  0.40448422  0.36995945  0.35328567  0.35328567  0.24607752  0.24607752  0.25323863  0.19780978  0.16517249  0.32896219  0.32896219  0.21128078  0.22500281  0.19780978  0.19780978  0.24607752  0.16517249  0.26047005  0.34508825  0.28260042  0.27514949  0.23898539  0.18458079  0.18458079  0.28260042  0.32102969  0.32102969  0.30541651  0.22500281  0.23898539  
46_21_0    0.18458079  0.23196091  0.22500281  0.23196091  0.00000000  0.15251211  0.09228283  0.19780978  0.19116558  0.22500281  0.18458079  0.19116558  0.30541651  0.29773233  0.28260042  0.25323863  0.23898539  0.23898539  0.23898539  0.27514949  0.29773233  0.29773233  0.30541651  0.35328567  0.36995945  0.36995945  0.35328567  0.33698108  0.35328567  0.37844008  0.37844008  0.36995945  0.37844008  0.39570010  0.36157537  0.36995945  0.38701952  0.34508825  0.34508825  0.39570010  0.37844008  0.36995945  0.38701952  0.38701952  0.37844008  0.32102969  0.36157537  0.36995945  0.30541651  0.30541651  0.33698108  0.34508825  0.32102969  0.32102969  0.35328567  0.33698108  0.38701952  0.36157537  0.32102969  0.41337439  0.40448422  0.38701952  0.40448422  0.40448422  0.36995945  0.36995945  0.36995945  0.40448422  0.40448422  0.38701952  0.39570010  0.45004887  0.41337439  0.39570010  0.40448422  0.39570010  0.39570010  0.39570010  0.34508825  0.34508825  0.34508825  0.35328567  0.34508825  0.36995945  0.36995945  0.32102969  0.37844008  0.43148334  0.26777319  0.49861988  0.33698108  0.45951016  0.32896219  0.32102969  0.31318172  0.30541651  0.33698108  0.36157537  0.36157537  0.32896219  0.32102969  0.32896219  0.32896219  0.34508825  0.37844008  0.36995945  0.35328567  0.36157537  0.33698108  0.26047005  0.27514949  0.40448422  0.35328567  0.35328567  0.35328567  0.34508825  0.34508825  0.33698108  0.30541651  0.29773233  0.38701952  0.36995945  0.23196091  0.22500281  0.25323863  0.25323863  0.25323863  0.26777319  0.32102969  0.36157537  0.32896219  0.30541651  0.31318172  0.26047005  0.27514949  0.32896219  0.32102969  0.30541651  0.32102969  0.31318172  0.32896219  
46_22_0    0.23196091  0.25323863  0.27514949  0.26777319  0.15251211  0.00000000  0.14626262  0.26777319  0.26047005  0.31318172  0.28260042  0.26777319  0.29773233  0.26047005  0.26047005  0.25323863  0.21810983  0.23196091  0.24607752  0.26777319  0.36157537  0.36157537  0.36995945  0.37844008  0.36157537  0.36157537  0.36157537  0.34508825  0.38701952  0.40448422  0.40448422  0.41337439  0.40448422  0.44070760  0.33698108  0.37844008  0.39570010  0.36995945  0.36995945  0.42237321  0.42237321  0.41337439  0.43148334  0.43148334  0.42237321  0.32896219  0.36995945  0.37844008  0.34508825  0.33698108  0.32896219  0.33698108  0.35328567  0.36995945  0.36995945  0.40448422  0.37844008  0.37844008  0.32102969  0.38701952  0.39570010  0.37844008  0.37844008  0.39570010  0.41337439  0.39570010  0.39570010  0.41337439  0.41337439  0.39570010  0.40448422  0.44070760  0.40448422  0.38701952  0.36157537  0.38701952  0.38701952  0.38701952  0.33698108  0.33698108  0.33698108  0.34508825  0.33698108  0.36157537  0.36995945  0.32896219  0.35328567  0.43148334  0.31318172  0.53992379  0.38701952  0.45004887  0.41337439  0.38701952  0.36157537  0.38701952  0.40448422  0.39570010  0.39570010  0.39570010  0.38701952  0.37844008  0.37844008  0.37844008  0.41337439  0.40448422  0.40448422  0.41337439  0.35328567  0.32102969  0.33698108  0.40448422  0.42237321  0.42237321  0.42237321  0.36157537  0.36157537  0.35328567  0.32102969  0.32896219  0.41337439  0.41337439  0.30541651  0.29773233  0.29773233  0.29773233  0.27514949  0.32896219  0.38701952  0.41337439  0.37844008  0.35328567  0.32896219  0.28260042  0.31318172  0.36157537  0.43148334  0.39570010  0.40448422  0.35328567  0.36995945  
46_0_0     0.15251211  0.19780978  0.20451448  0.18458079  0.09228283  0.14626262  0.00000000  0.19116558  0.17158526  0.20451448  0.15251211  0.15881509  0.22500281  0.23196091  0.23196091  0.21810983  0.17805435  0.19116558  0.20451448  0.23898539  0.31318172  0.31318172  0.32102969  0.39570010  0.32896219  0.32896219  0.29773233  0.26777319  0.29012751  0.30541651  0.30541651  0.29773233  0.30541651  0.32102969  0.32102969  0.29773233  0.32896219  0.29012751  0.29012751  0.33698108  0.32102969  0.31318172  0.32896219  0.32896219  0.34508825  0.28260042  0.33698108  0.34508825  0.26777319  0.26777319  0.28260042  0.29012751  0.28260042  0.29773233  0.31318172  0.31318172  0.36995945  0.37844008  0.28260042  0.41337439  0.39570010  0.39570010  0.36157537  0.41337439  0.37844008  0.37844008  0.37844008  0.39570010  0.39570010  0.36157537  0.35328567  0.47880541  0.44070760  0.38701952  0.36157537  0.38701952  0.40448422  0.40448422  0.33698108  0.33698108  0.33698108  0.33698108  0.33698108  0.36157537  0.35328567  0.32896219  0.35328567  0.37844008  0.24607752  0.55062218  0.32896219  0.43148334  0.30541651  0.28260042  0.29012751  0.26777319  0.31318172  0.30541651  0.30541651  0.29012751  0.28260042  0.29012751  0.29012751  0.29012751  0.32102969  0.31318172  0.29773233  0.35328567  0.29773233  0.23196091  0.24607752  0.41337439  0.37844008  0.37844008  0.37844008  0.29012751  0.29012751  0.28260042  0.23898539  0.21810983  0.37844008  0.36157537  0.19780978  0.20451448  0.21810983  0.21810983  0.26047005  0.21810983  0.23898539  0.30541651  0.24607752  0.23898539  0.21810983  0.23898539  0.25323863  0.27514949  0.32896219  0.32102969  0.31318172  0.27514949  0.29012751  
81_0_0     0.21810983  0.26777319  0.24607752  0.22500281  0.19780978  0.26777319  0.19116558  0.00000000  0.03660940  0.06392011  0.10984009  0.08652222  0.27514949  0.29012751  0.27514949  0.29012751  0.24607752  0.26047005  0.27514949  0.34508825  0.36157537  0.36157537  0.36995945  0.42237321  0.32102969  0.32102969  0.32102969  0.32896219  0.32102969  0.33698108  0.33698108  0.32896219  0.33698108  0.35328567  0.36995945  0.36157537  0.37844008  0.33698108  0.33698108  0.45951016  0.44070760  0.43148334  0.43148334  0.43148334  0.44070760  0.41337439  0.42237321  0.43148334  0.37844008  0.30541651  0.32102969  0.31318172  0.32896219  0.34508825  0.34508825  0.35328567  0.42237321  0.41337439  0.36157537  0.40448422  0.45004887  0.43148334  0.43148334  0.47880541  0.45004887  0.45004887  0.45004887  0.43148334  0.43148334  0.43148334  0.42237321  0.47880541  0.47880541  0.44070760  0.45004887  0.42237321  0.45951016  0.45951016  0.40448422  0.40448422  0.40448422  0.41337439  0.40448422  0.43148334  0.43148334  0.39570010  0.45951016  0.48864601  0.35328567  0.43148334  0.36157537  0.49861988  0.38701952  0.37844008  0.40448422  0.37844008  0.37844008  0.36157537  0.37844008  0.42237321  0.37844008  0.36995945  0.36995945  0.38701952  0.36995945  0.37844008  0.42237321  0.41337439  0.39570010  0.32896219  0.31318172  0.41337439  0.41337439  0.41337439  0.41337439  0.35328567  0.35328567  0.34508825  0.30541651  0.32896219  0.35328567  0.36995945  0.27514949  0.26777319  0.28260042  0.28260042  0.32102969  0.29773233  0.35328567  0.43148334  0.38701952  0.34508825  0.29773233  0.29773233  0.29773233  0.33698108  0.36995945  0.33698108  0.40448422  0.32896219  0.32896219  
91_0_0     0.19780978  0.27514949  0.23898539  0.21810983  0.19116558  0.26047005  0.17158526  0.03660940  0.00000000  0.03660940  0.09228283  0.08080633  0.26777319  0.28260042  0.26777319  0.25323863  0.22500281  0.23898539  0.25323863  0.30541651  0.36157537  0.36157537  0.36995945  0.43148334  0.34508825  0.34508825  0.32896219  0.32102969  0.31318172  0.34508825  0.34508825  0.33698108  0.34508825  0.36157537  0.36157537  0.35328567  0.36995945  0.32896219  0.32896219  0.43148334  0.41337439  0.40448422  0.40448422  0.40448422  0.41337439  0.38701952  0.43148334  0.44070760  0.35328567  0.29012751  0.29012751  0.29773233  0.29773233  0.31318172  0.31318172  0.32102969  0.38701952  0.37844008  0.32896219  0.36995945  0.41337439  0.39570010  0.39570010  0.44070760  0.45004887  0.43148334  0.43148334  0.39570010  0.39570010  0.39570010  0.38701952  0.44070760  0.44070760  0.40448422  0.41337439  0.42237321  0.44070760  0.44070760  0.36995945  0.36995945  0.36995945  0.37844008  0.36995945  0.39570010  0.38701952  0.37844008  0.42237321  0.48864601  0.33698108  0.46909459  0.36157537  0.47880541  0.36995945  0.36157537  0.38701952  0.36157537  0.36157537  0.34508825  0.36157537  0.40448422  0.36157537  0.35328567  0.35328567  0.36995945  0.35328567  0.36157537  0.38701952  0.41337439  0.36157537  0.32896219  0.32896219  0.41337439  0.41337439  0.41337439  0.41337439  0.33698108  0.33698108  0.32896219  0.29012751  0.31318172  0.33698108  0.35328567  0.27514949  0.26777319  0.28260042  0.28260042  0.33698108  0.29773233  0.35328567  0.43148334  0.36995945  0.34508825  0.29773233  0.29773233  0.29773233  0.33698108  0.36995945  0.32896219  0.38701952  0.32896219  0.34508825  
80_0_0     0.21810983  0.27514949  0.24607752  0.22500281  0.22500281  0.31318172  0.20451448  0.06392011  0.03660940  0.00000000  0.10984009  0.10984009  0.27514949  0.29012751  0.27514949  0.29012751  0.24607752  0.26047005  0.27514949  0.32102969  0.38701952  0.38701952  0.39570010  0.44070760  0.34508825  0.34508825  0.32896219  0.32102969  0.29773233  0.32896219  0.32896219  0.32102969  0.32896219  0.34508825  0.35328567  0.34508825  0.36157537  0.32102969  0.32102969  0.42237321  0.40448422  0.39570010  0.39570010  0.39570010  0.40448422  0.39570010  0.44070760  0.45004887  0.37844008  0.25323863  0.28260042  0.27514949  0.27514949  0.29012751  0.31318172  0.31318172  0.39570010  0.38701952  0.30541651  0.36995945  0.44070760  0.42237321  0.42237321  0.45951016  0.47880541  0.45951016  0.45951016  0.41337439  0.41337439  0.42237321  0.41337439  0.46909459  0.46909459  0.42237321  0.44070760  0.44070760  0.45004887  0.45004887  0.38701952  0.38701952  0.38701952  0.39570010  0.38701952  0.41337439  0.40448422  0.39570010  0.44070760  0.46909459  0.33698108  0.45004887  0.38701952  0.48864601  0.36157537  0.35328567  0.37844008  0.35328567  0.36995945  0.35328567  0.35328567  0.39570010  0.35328567  0.36157537  0.36157537  0.37844008  0.36995945  0.37844008  0.39570010  0.42237321  0.38701952  0.32102969  0.32102969  0.43148334  0.41337439  0.41337439  0.41337439  0.34508825  0.34508825  0.33698108  0.29773233  0.30541651  0.34508825  0.36157537  0.29012751  0.28260042  0.29773233  0.29773233  0.35328567  0.29012751  0.36995945  0.45004887  0.38701952  0.36157537  0.29012751  0.29773233  0.29773233  0.34508825  0.35328567  0.35328567  0.39570010  0.33698108  0.35328567  
44_0_0     0.21810983  0.23898539  0.23196091  0.22500281  0.18458079  0.28260042  0.15251211  0.10984009  0.09228283  0.10984009  0.00000000  0.12178188  0.24607752  0.27514949  0.26047005  0.27514949  0.24607752  0.26047005  0.24607752  0.32896219  0.34508825  0.34508825  0.35328567  0.39570010  0.32896219  0.32896219  0.31318172  0.30541651  0.31318172  0.31318172  0.31318172  0.30541651  0.31318172  0.36157537  0.37844008  0.35328567  0.36995945  0.32896219  0.32896219  0.41337439  0.39570010  0.38701952  0.36995945  0.40448422  0.41337439  0.35328567  0.40448422  0.41337439  0.35328567  0.26777319  0.29773233  0.29012751  0.27514949  0.27514949  0.35328567  0.36157537  0.37844008  0.36995945  0.32102969  0.46909459  0.42237321  0.42237321  0.44070760  0.43148334  0.40448422  0.42237321  0.42237321  0.42237321  0.42237321  0.42237321  0.41337439  0.50873071  0.48864601  0.41337439  0.42237321  0.43148334  0.43148334  0.43148334  0.37844008  0.39570010  0.39570010  0.37844008  0.37844008  0.40448422  0.39570010  0.36995945  0.43148334  0.42237321  0.29773233  0.47880541  0.40448422  0.45004887  0.37844008  0.36995945  0.37844008  0.35328567  0.35328567  0.36157537  0.36157537  0.36157537  0.35328567  0.36157537  0.36157537  0.37844008  0.39570010  0.40448422  0.39570010  0.40448422  0.40448422  0.28260042  0.28260042  0.42237321  0.40448422  0.38701952  0.38701952  0.32896219  0.32896219  0.32102969  0.26777319  0.26047005  0.34508825  0.32896219  0.26777319  0.26047005  0.27514949  0.27514949  0.33698108  0.26047005  0.32896219  0.40448422  0.32896219  0.32102969  0.28260042  0.29773233  0.29773233  0.33698108  0.40448422  0.33698108  0.36995945  0.26047005  0.27514949  
63_0_0     0.19116558  0.23898539  0.23196091  0.21128078  0.19116558  0.26777319  0.15881509  0.08652222  0.08080633  0.10984009  0.12178188  0.00000000  0.26047005  0.26777319  0.26777319  0.25323863  0.23898539  0.25323863  0.26777319  0.32102969  0.29773233  0.29773233  0.30541651  0.35328567  0.34508825  0.34508825  0.27514949  0.29012751  0.28260042  0.29773233  0.29773233  0.29012751  0.29773233  0.31318172  0.35328567  0.32896219  0.34508825  0.32102969  0.32102969  0.38701952  0.36995945  0.36157537  0.36157537  0.36157537  0.36995945  0.36157537  0.35328567  0.36157537  0.34508825  0.30541651  0.32102969  0.31318172  0.32102969  0.33698108  0.32102969  0.29773233  0.34508825  0.35328567  0.27514949  0.37844008  0.45004887  0.45004887  0.43148334  0.47880541  0.39570010  0.44070760  0.44070760  0.39570010  0.39570010  0.39570010  0.38701952  0.42237321  0.44070760  0.42237321  0.43148334  0.45951016  0.45951016  0.45951016  0.38701952  0.38701952  0.38701952  0.39570010  0.38701952  0.39570010  0.40448422  0.37844008  0.40448422  0.45004887  0.32896219  0.44070760  0.36157537  0.47880541  0.34508825  0.33698108  0.36157537  0.33698108  0.32102969  0.32102969  0.33698108  0.34508825  0.33698108  0.32896219  0.32896219  0.34508825  0.32896219  0.33698108  0.39570010  0.38701952  0.36995945  0.32896219  0.31318172  0.41337439  0.41337439  0.41337439  0.41337439  0.34508825  0.34508825  0.33698108  0.29773233  0.32102969  0.34508825  0.34508825  0.28260042  0.27514949  0.27514949  0.27514949  0.32896219  0.29012751  0.32896219  0.41337439  0.34508825  0.33698108  0.30541651  0.29012751  0.30541651  0.35328567  0.37844008  0.36157537  0.40448422  0.32102969  0.32102969  
38_0_0     0.14626262  0.17805435  0.17805435  0.15251211  0.30541651  0.29773233  0.22500281  0.27514949  0.26777319  0.27514949  0.24607752  0.26047005  0.00000000  0.04199111  0.03126673  0.13392052  0.10394104  0.11578678  0.11578678  0.19116558  0.30541651  0.30541651  0.32102969  0.34508825  0.29012751  0.29012751  0.27514949  0.27514949  0.27514949  0.27514949  0.27514949  0.30541651  0.29773233  0.31318172  0.26047005  0.23898539  0.25323863  0.21810983  0.21810983  0.30541651  0.27514949  0.28260042  0.29773233  0.26777319  0.29773233  0.25323863  0.32896219  0.32896219  0.25323863  0.26777319  0.32102969  0.29773233  0.28260042  0.29773233  0.26047005  0.27514949  0.30541651  0.31318172  0.21810983  0.31318172  0.36157537  0.32896219  0.32896219  0.35328567  0.33698108  0.35328567  0.35328567  0.33698108  0.33698108  0.32102969  0.31318172  0.41337439  0.40448422  0.32896219  0.32102969  0.30541651  0.32102969  0.32102969  0.29773233  0.31318172  0.31318172  0.29773233  0.29773233  0.32102969  0.32896219  0.29012751  0.29773233  0.40448422  0.21810983  0.45004887  0.29012751  0.40448422  0.28260042  0.27514949  0.28260042  0.27514949  0.27514949  0.25323863  0.25323863  0.26777319  0.26047005  0.26777319  0.26777319  0.28260042  0.29773233  0.29012751  0.25323863  0.30541651  0.27514949  0.18458079  0.18458079  0.39570010  0.32896219  0.32896219  0.32896219  0.21128078  0.21128078  0.20451448  0.17805435  0.15881509  0.31318172  0.31318172  0.19116558  0.20451448  0.19116558  0.19116558  0.23196091  0.13392052  0.26047005  0.33698108  0.23898539  0.27514949  0.22500281  0.19116558  0.21810983  0.26047005  0.34508825  0.29012751  0.26047005  0.17805435  0.19116558  
96_0_0     0.14006571  0.18458079  0.17158526  0.14626262  0.29773233  0.26047005  0.23196091  0.29012751  0.28260042  0.29012751  0.27514949  0.26777319  0.04199111  0.00000000  0.01027544  0.11578678  0.08652222  0.09808886  0.09808886  0.17158526  0.26777319  0.26777319  0.28260042  0.34508825  0.32102969  0.32102969  0.27514949  0.27514949  0.27514949  0.32102969  0.32102969  0.32102969  0.31318172  0.32896219  0.24607752  0.23898539  0.25323863  0.21810983  0.21810983  0.30541651  0.27514949  0.28260042  0.31318172  0.28260042  0.30541651  0.22500281  0.29773233  0.31318172  0.23898539  0.24607752  0.31318172  0.29012751  0.30541651  0.32102969  0.29773233  0.28260042  0.31318172  0.33698108  0.19780978  0.30541651  0.36995945  0.33698108  0.33698108  0.34508825  0.34508825  0.36157537  0.36157537  0.34508825  0.34508825  0.32896219  0.32102969  0.35328567  0.34508825  0.33698108  0.32896219  0.32896219  0.34508825  0.34508825  0.30541651  0.32102969  0.32102969  0.30541651  0.30541651  0.32896219  0.33698108  0.29773233  0.30541651  0.42237321  0.22500281  0.45004887  0.31318172  0.41337439  0.27514949  0.26777319  0.27514949  0.26777319  0.29773233  0.27514949  0.27514949  0.27514949  0.26777319  0.27514949  0.27514949  0.29012751  0.30541651  0.29773233  0.26047005  0.29773233  0.29773233  0.19116558  0.20451448  0.40448422  0.36995945  0.36995945  0.36995945  0.23898539  0.23898539  0.23196091  0.19780978  0.17805435  0.32102969  0.32102969  0.21128078  0.22500281  0.21128078  0.21128078  0.22500281  0.14006571  0.28260042  0.34508825  0.26047005  0.29773233  0.25323863  0.18458079  0.21128078  0.28260042  0.35328567  0.29773233  0.29773233  0.20451448  0.21810983  
72_0_0     0.12782619  0.17158526  0.17158526  0.14626262  0.28260042  0.26047005  0.23196091  0.27514949  0.26777319  0.27514949  0.26047005  0.26777319  0.03126673  0.01027544  0.00000000  0.10394104  0.07513445  0.08652222  0.08652222  0.15881509  0.28260042  0.28260042  0.29773233  0.34508825  0.30541651  0.30541651  0.27514949  0.27514949  0.27514949  0.32102969  0.32102969  0.32102969  0.31318172  0.32896219  0.23196091  0.23898539  0.25323863  0.21810983  0.21810983  0.30541651  0.27514949  0.28260042  0.31318172  0.28260042  0.30541651  0.23898539  0.31318172  0.32896219  0.25323863  0.24607752  0.29773233  0.27514949  0.29012751  0.30541651  0.28260042  0.28260042  0.31318172  0.32102969  0.19780978  0.30541651  0.35328567  0.32102969  0.33698108  0.32896219  0.34508825  0.36157537  0.36157537  0.34508825  0.34508825  0.32896219  0.32102969  0.36995945  0.36157537  0.33698108  0.32896219  0.31318172  0.32896219  0.32896219  0.30541651  0.32102969  0.32102969  0.30541651  0.30541651  0.32896219  0.33698108  0.29773233  0.30541651  0.42237321  0.21128078  0.45004887  0.29773233  0.41337439  0.27514949  0.26777319  0.27514949  0.26777319  0.29773233  0.27514949  0.27514949  0.27514949  0.26777319  0.27514949  0.27514949  0.29012751  0.30541651  0.29773233  0.26047005  0.29773233  0.28260042  0.17805435  0.19116558  0.38701952  0.35328567  0.35328567  0.35328567  0.22500281  0.22500281  0.21810983  0.18458079  0.16517249  0.30541651  0.30541651  0.19780978  0.21128078  0.19780978  0.19780978  0.21128078  0.12782619  0.28260042  0.34508825  0.26047005  0.29773233  0.23898539  0.17158526  0.19780978  0.28260042  0.35328567  0.28260042  0.28260042  0.19116558  0.20451448  
56_0_0     0.12178188  0.19116558  0.19116558  0.16517249  0.25323863  0.25323863  0.21810983  0.29012751  0.25323863  0.29012751  0.27514949  0.25323863  0.13392052  0.11578678  0.10394104  0.00000000  0.05287398  0.05287398  0.06392011  0.13392052  0.27514949  0.27514949  0.29012751  0.32896219  0.29012751  0.29012751  0.26777319  0.26777319  0.29773233  0.33698108  0.33698108  0.33698108  0.32896219  0.34508825  0.23196091  0.23898539  0.24607752  0.21810983  0.21810983  0.28260042  0.25323863  0.26047005  0.28260042  0.25323863  0.27514949  0.23196091  0.32102969  0.32896219  0.24607752  0.26047005  0.25323863  0.26047005  0.29012751  0.30541651  0.26777319  0.26777319  0.27514949  0.27514949  0.21810983  0.29773233  0.31318172  0.32896219  0.33698108  0.33698108  0.32102969  0.33698108  0.33698108  0.32896219  0.32896219  0.30541651  0.29773233  0.38701952  0.36157537  0.32896219  0.32102969  0.35328567  0.35328567  0.35328567  0.29773233  0.29773233  0.29773233  0.29773233  0.29773233  0.32102969  0.31318172  0.29012751  0.30541651  0.47880541  0.22500281  0.41337439  0.29012751  0.38701952  0.28260042  0.29012751  0.29773233  0.28260042  0.28260042  0.28260042  0.29773233  0.28260042  0.29012751  0.28260042  0.28260042  0.28260042  0.29773233  0.29012751  0.25323863  0.29012751  0.26047005  0.17805435  0.19116558  0.34508825  0.35328567  0.35328567  0.35328567  0.23898539  0.23898539  0.23196091  0.18458079  0.17158526  0.28260042  0.28260042  0.19780978  0.21128078  0.19116558  0.19116558  0.22500281  0.15881509  0.26047005  0.34508825  0.25323863  0.27514949  0.24607752  0.15881509  0.18458079  0.28260042  0.36995945  0.26047005  0.30541651  0.19116558  0.20451448  
54_0_0     0.09228283  0.16517249  0.15881509  0.13392052  0.23898539  0.21810983  0.17805435  0.24607752  0.22500281  0.24607752  0.24607752  0.23898539  0.10394104  0.08652222  0.07513445  0.05287398  0.00000000  0.02069629  0.02069629  0.09808886  0.25323863  0.25323863  0.26777319  0.29773233  0.28260042  0.28260042  0.25323863  0.23898539  0.26047005  0.30541651  0.30541651  0.29773233  0.29012751  0.32102969  0.21128078  0.21810983  0.23196091  0.21128078  0.21128078  0.29773233  0.26777319  0.27514949  0.26777319  0.26777319  0.29012751  0.21810983  0.31318172  0.32102969  0.21810983  0.23898539  0.26047005  0.26777319  0.26777319  0.28260042  0.24607752  0.27514949  0.28260042  0.29012751  0.20451448  0.31318172  0.31318172  0.32896219  0.32896219  0.33698108  0.32102969  0.33698108  0.33698108  0.32102969  0.32102969  0.30541651  0.29773233  0.38701952  0.36157537  0.32896219  0.30541651  0.33698108  0.35328567  0.35328567  0.29773233  0.29773233  0.29773233  0.29773233  0.29773233  0.32102969  0.31318172  0.29012751  0.29773233  0.44070760  0.21128078  0.41337439  0.26047005  0.37844008  0.26047005  0.26047005  0.26777319  0.26047005  0.29012751  0.26777319  0.26777319  0.26777319  0.26047005  0.26777319  0.26777319  0.27514949  0.29012751  0.28260042  0.23196091  0.28260042  0.24607752  0.15881509  0.17158526  0.34508825  0.32102969  0.32102969  0.32102969  0.21128078  0.21128078  0.20451448  0.15251211  0.13392052  0.29773233  0.29773233  0.15251211  0.16517249  0.15251211  0.15251211  0.19780978  0.12178188  0.24607752  0.31318172  0.23898539  0.26047005  0.19116558  0.15251211  0.16517249  0.26047005  0.34508825  0.23898539  0.26777319  0.18458079  0.19780978  
73_0_0     0.09228283  0.17805435  0.15881509  0.13392052  0.23898539  0.23196091  0.19116558  0.26047005  0.23898539  0.26047005  0.26047005  0.25323863  0.11578678  0.09808886  0.08652222  0.05287398  0.02069629  0.00000000  0.03126673  0.10984009  0.23898539  0.23898539  0.25323863  0.29773233  0.26777319  0.26777319  0.23898539  0.22500281  0.25323863  0.29012751  0.29012751  0.29773233  0.29012751  0.30541651  0.21128078  0.21810983  0.23196091  0.19780978  0.19780978  0.26777319  0.23898539  0.24607752  0.25323863  0.23898539  0.26047005  0.20451448  0.31318172  0.32102969  0.20451448  0.23898539  0.24607752  0.25323863  0.26777319  0.28260042  0.26047005  0.26047005  0.27514949  0.28260042  0.20451448  0.31318172  0.30541651  0.33698108  0.32102969  0.32896219  0.32896219  0.34508825  0.34508825  0.32896219  0.32896219  0.31318172  0.30541651  0.39570010  0.36995945  0.33698108  0.32896219  0.34508825  0.36157537  0.36157537  0.30541651  0.30541651  0.30541651  0.30541651  0.30541651  0.31318172  0.30541651  0.29773233  0.30541651  0.47880541  0.22500281  0.42237321  0.29012751  0.36157537  0.24607752  0.24607752  0.25323863  0.24607752  0.29012751  0.25323863  0.25323863  0.25323863  0.24607752  0.25323863  0.25323863  0.26047005  0.27514949  0.26777319  0.21810983  0.26777319  0.23898539  0.17158526  0.18458079  0.31318172  0.30541651  0.30541651  0.30541651  0.23898539  0.23898539  0.23196091  0.17805435  0.15881509  0.29773233  0.29773233  0.17805435  0.19116558  0.17805435  0.17805435  0.21128078  0.13392052  0.24607752  0.32896219  0.25323863  0.26047005  0.21810983  0.16517249  0.19116558  0.24607752  0.31318172  0.23196091  0.25323863  0.19780978  0.21128078  
51_24_0    0.09228283  0.19116558  0.17158526  0.14626262  0.23898539  0.24607752  0.20451448  0.27514949  0.25323863  0.27514949  0.24607752  0.26777319  0.11578678  0.09808886  0.08652222  0.06392011  0.02069629  0.03126673  0.00000000  0.10984009  0.25323863  0.25323863  0.26777319  0.31318172  0.28260042  0.28260042  0.25323863  0.23898539  0.26777319  0.30541651  0.30541651  0.31318172  0.30541651  0.32102969  0.23898539  0.24607752  0.26047005  0.22500281  0.22500281  0.29773233  0.26777319  0.27514949  0.28260042  0.26777319  0.29012751  0.20451448  0.31318172  0.32102969  0.23196091  0.26777319  0.29012751  0.29773233  0.28260042  0.28260042  0.26047005  0.27514949  0.26047005  0.26777319  0.23196091  0.32896219  0.32896219  0.32896219  0.34508825  0.35328567  0.32102969  0.35328567  0.35328567  0.33698108  0.33698108  0.32102969  0.31318172  0.40448422  0.37844008  0.34508825  0.33698108  0.35328567  0.36995945  0.36995945  0.31318172  0.31318172  0.31318172  0.31318172  0.31318172  0.33698108  0.32896219  0.30541651  0.31318172  0.44070760  0.19780978  0.44070760  0.29012751  0.39570010  0.26047005  0.26047005  0.26777319  0.26047005  0.29012751  0.26777319  0.26777319  0.26777319  0.26047005  0.26777319  0.26777319  0.27514949  0.29012751  0.28260042  0.23196091  0.28260042  0.24607752  0.14626262  0.15881509  0.34508825  0.32102969  0.32102969  0.32102969  0.21128078  0.21128078  0.20451448  0.15251211  0.13392052  0.28260042  0.28260042  0.15251211  0.16517249  0.15251211  0.15251211  0.18458079  0.10984009  0.24607752  0.29773233  0.25323863  0.26047005  0.20451448  0.15251211  0.17805435  0.25323863  0.33698108  0.23196091  0.26047005  0.15881509  0.17158526  
51_0_0     0.17805435  0.23196091  0.23898539  0.22500281  0.27514949  0.26777319  0.23898539  0.34508825  0.30541651  0.32102969  0.32896219  0.32102969  0.19116558  0.17158526  0.15881509  0.13392052  0.09808886  0.10984009  0.10984009  0.00000000  0.32896219  0.32896219  0.32896219  0.39570010  0.36157537  0.36157537  0.34508825  0.31318172  0.34508825  0.38701952  0.40448422  0.37844008  0.36995945  0.36995945  0.31318172  0.32102969  0.32102969  0.29773233  0.29773233  0.32896219  0.31318172  0.30541651  0.34508825  0.31318172  0.33698108  0.27514949  0.32896219  0.33698108  0.27514949  0.29773233  0.32102969  0.32896219  0.32896219  0.34508825  0.32102969  0.33698108  0.33698108  0.34508825  0.29012751  0.34508825  0.38701952  0.36995945  0.40448422  0.35328567  0.37844008  0.39570010  0.39570010  0.37844008  0.37844008  0.37844008  0.38701952  0.43148334  0.40448422  0.38701952  0.37844008  0.37844008  0.37844008  0.37844008  0.36995945  0.36995945  0.36995945  0.36995945  0.36995945  0.39570010  0.38701952  0.37844008  0.36995945  0.44070760  0.25323863  0.46909459  0.37844008  0.47880541  0.36157537  0.34508825  0.35328567  0.34508825  0.37844008  0.35328567  0.35328567  0.33698108  0.34508825  0.35328567  0.35328567  0.37844008  0.37844008  0.36995945  0.32896219  0.38701952  0.32896219  0.22500281  0.23898539  0.39570010  0.35328567  0.36995945  0.36995945  0.29012751  0.29012751  0.28260042  0.23196091  0.23898539  0.34508825  0.32896219  0.24607752  0.24607752  0.23196091  0.23196091  0.24607752  0.21128078  0.32102969  0.36157537  0.31318172  0.33698108  0.25323863  0.23196091  0.24607752  0.32102969  0.36157537  0.31318172  0.31318172  0.25323863  0.26777319  
85_0_0     0.21810983  0.28260042  0.26777319  0.25323863  0.29773233  0.36157537  0.31318172  0.36157537  0.36157537  0.38701952  0.34508825  0.29773233  0.30541651  0.26777319  0.28260042  0.27514949  0.25323863  0.23898539  0.25323863  0.32896219  0.00000000  0.00000000  0.01027544  0.23196091  0.32102969  0.32102969  0.23196091  0.23196091  0.21810983  0.28260042  0.28260042  0.23898539  0.24607752  0.23898539  0.26777319  0.22500281  0.25323863  0.20451448  0.20451448  0.26047005  0.23196091  0.23898539  0.22500281  0.21810983  0.23898539  0.20451448  0.30541651  0.32896219  0.20451448  0.36157537  0.42237321  0.39570010  0.34508825  0.37844008  0.36157537  0.35328567  0.41337439  0.44070760  0.33698108  0.42237321  0.45004887  0.47880541  0.42237321  0.50873071  0.38701952  0.42237321  0.42237321  0.40448422  0.40448422  0.40448422  0.39570010  0.41337439  0.43148334  0.42237321  0.41337439  0.52937860  0.52937860  0.52937860  0.44070760  0.44070760  0.44070760  0.44070760  0.42237321  0.43148334  0.43148334  0.39570010  0.38701952  0.46909459  0.39570010  0.46909459  0.34508825  0.43148334  0.28260042  0.30541651  0.31318172  0.30541651  0.29773233  0.29012751  0.29012751  0.24607752  0.27514949  0.28260042  0.28260042  0.29773233  0.29012751  0.28260042  0.29773233  0.32896219  0.33698108  0.30541651  0.32102969  0.41337439  0.38701952  0.40448422  0.40448422  0.30541651  0.30541651  0.31318172  0.27514949  0.29012751  0.40448422  0.40448422  0.29012751  0.29012751  0.30541651  0.30541651  0.29012751  0.28260042  0.34508825  0.41337439  0.34508825  0.36995945  0.35328567  0.29773233  0.31318172  0.32102969  0.37844008  0.36157537  0.35328567  0.29773233  0.31318172  
93_0_0     0.21810983  0.28260042  0.26777319  0.25323863  0.29773233  0.36157537  0.31318172  0.36157537  0.36157537  0.38701952  0.34508825  0.29773233  0.30541651  0.26777319  0.28260042  0.27514949  0.25323863  0.23898539  0.25323863  0.32896219  0.00000000  0.00000000  0.01027544  0.23196091  0.32102969  0.32102969  0.23196091  0.23196091  0.21810983  0.28260042  0.28260042  0.23898539  0.24607752  0.23898539  0.26777319  0.22500281  0.25323863  0.20451448  0.20451448  0.26047005  0.23196091  0.23898539  0.22500281  0.21810983  0.23898539  0.20451448  0.30541651  0.32896219  0.20451448  0.36157537  0.42237321  0.39570010  0.34508825  0.37844008  0.36157537  0.35328567  0.41337439  0.44070760  0.33698108  0.42237321  0.45004887  0.47880541  0.42237321  0.50873071  0.38701952  0.42237321  0.42237321  0.40448422  0.40448422  0.40448422  0.39570010  0.41337439  0.43148334  0.42237321  0.41337439  0.52937860  0.52937860  0.52937860  0.44070760  0.44070760  0.44070760  0.44070760  0.42237321  0.43148334  0.43148334  0.39570010  0.38701952  0.46909459  0.39570010  0.46909459  0.34508825  0.43148334  0.28260042  0.30541651  0.31318172  0.30541651  0.29773233  0.29012751  0.29012751  0.24607752  0.27514949  0.28260042  0.28260042  0.29773233  0.29012751  0.28260042  0.29773233  0.32896219  0.33698108  0.30541651  0.32102969  0.41337439  0.38701952  0.40448422  0.40448422  0.30541651  0.30541651  0.31318172  0.27514949  0.29012751  0.40448422  0.40448422  0.29012751  0.29012751  0.30541651  0.30541651  0.29012751  0.28260042  0.34508825  0.41337439  0.34508825  0.36995945  0.35328567  0.29773233  0.31318172  0.32102969  0.37844008  0.36157537  0.35328567  0.29773233  0.31318172  
87_0_0     0.23196091  0.29773233  0.26777319  0.26777319  0.30541651  0.36995945  0.32102969  0.36995945  0.36995945  0.39570010  0.35328567  0.30541651  0.32102969  0.28260042  0.29773233  0.29012751  0.26777319  0.25323863  0.26777319  0.32896219  0.01027544  0.01027544  0.00000000  0.23196091  0.32102969  0.32102969  0.23196091  0.23196091  0.21810983  0.28260042  0.28260042  0.23898539  0.24607752  0.23898539  0.26777319  0.22500281  0.25323863  0.20451448  0.20451448  0.26047005  0.23196091  0.23898539  0.23898539  0.23196091  0.25323863  0.20451448  0.30541651  0.32896219  0.20451448  0.36157537  0.42237321  0.39570010  0.34508825  0.37844008  0.37844008  0.35328567  0.43148334  0.45951016  0.35328567  0.42237321  0.45004887  0.47880541  0.42237321  0.50873071  0.40448422  0.44070760  0.44070760  0.42237321  0.42237321  0.42237321  0.41337439  0.41337439  0.45004887  0.44070760  0.43148334  0.52937860  0.52937860  0.52937860  0.45004887  0.45004887  0.45004887  0.45004887  0.44070760  0.45004887  0.45004887  0.41337439  0.40448422  0.46909459  0.39570010  0.48864601  0.36157537  0.45004887  0.29773233  0.32102969  0.32896219  0.32102969  0.31318172  0.30541651  0.30541651  0.26047005  0.29012751  0.29773233  0.29773233  0.31318172  0.30541651  0.29773233  0.31318172  0.34508825  0.35328567  0.32102969  0.33698108  0.41337439  0.38701952  0.40448422  0.40448422  0.32102969  0.32102969  0.32896219  0.29012751  0.30541651  0.42237321  0.42237321  0.30541651  0.29012751  0.30541651  0.30541651  0.29012751  0.29773233  0.34508825  0.41337439  0.34508825  0.36995945  0.35328567  0.31318172  0.32896219  0.32102969  0.37844008  0.36157537  0.36995945  0.29773233  0.31318172  
