22
97_0_0     0.00000000  0.47630839  0.47630839  0.47630839  0.44521213  0.44521213  0.37733374  0.64152366  0.72533108  0.71069232  0.69633554  0.68225007  0.61555871  0.64152366  0.66842586  0.65485339  0.62842813  0.64152366  0.74026311  0.68225007  0.61555871  0.65485339  
99_0_0     0.47630839  0.00000000  0.00000000  0.01125778  0.02268820  0.02268820  0.31512428  0.49778420  0.50875869  0.47630839  0.51989719  0.54268634  0.47630839  0.48696895  0.46579816  0.59046791  0.54268634  0.50875869  0.64152366  0.59046791  0.53120467  0.49778420  
95_0_0     0.47630839  0.00000000  0.00000000  0.01125778  0.02268820  0.02268820  0.31512428  0.49778420  0.50875869  0.47630839  0.51989719  0.54268634  0.47630839  0.48696895  0.46579816  0.59046791  0.54268634  0.50875869  0.64152366  0.59046791  0.53120467  0.49778420  
96_0_0     0.47630839  0.01125778  0.01125778  0.00000000  0.02268820  0.02268820  0.31512428  0.47630839  0.50875869  0.47630839  0.51989719  0.54268634  0.47630839  0.46579816  0.46579816  0.59046791  0.54268634  0.50875869  0.64152366  0.59046791  0.53120467  0.47630839  
94_0_0     0.44521213  0.02268820  0.02268820  0.02268820  0.00000000  0.00000000  0.30664638  0.47630839  0.50875869  0.47630839  0.51989719  0.54268634  0.47630839  0.46579816  0.46579816  0.59046791  0.54268634  0.50875869  0.61555871  0.59046791  0.53120467  0.47630839  
98_0_0     0.44521213  0.02268820  0.02268820  0.02268820  0.00000000  0.00000000  0.30664638  0.47630839  0.50875869  0.47630839  0.51989719  0.54268634  0.47630839  0.46579816  0.46579816  0.59046791  0.54268634  0.50875869  0.61555871  0.59046791  0.53120467  0.47630839  
93_0_0     0.37733374  0.31512428  0.31512428  0.31512428  0.30664638  0.30664638  0.00000000  0.43512848  0.49778420  0.48696895  0.50875869  0.53120467  0.46579816  0.47630839  0.47630839  0.49778420  0.44521213  0.43512848  0.48696895  0.47630839  0.46579816  0.50875869  
12_0_0     0.64152366  0.49778420  0.49778420  0.47630839  0.47630839  0.47630839  0.43512848  0.00000000  0.09521636  0.12105034  0.10159140  0.12765121  0.12105034  0.10159140  0.14781198  0.13431106  0.06413429  0.04608876  0.16853327  0.12105034  0.18984714  0.14103095  
17_0_0     0.72533108  0.50875869  0.50875869  0.50875869  0.50875869  0.50875869  0.49778420  0.09521636  0.00000000  0.03429665  0.06413429  0.08262757  0.15465527  0.15465527  0.14781198  0.14781198  0.10802143  0.08889539  0.18984714  0.14781198  0.23439536  0.20440270  
5_0_0      0.71069232  0.47630839  0.47630839  0.47630839  0.47630839  0.47630839  0.48696895  0.12105034  0.03429665  0.00000000  0.07641202  0.08262757  0.15465527  0.15465527  0.14781198  0.16156197  0.13431106  0.10159140  0.21178848  0.16156197  0.24985676  0.21924818  
16_0_0     0.69633554  0.51989719  0.51989719  0.51989719  0.51989719  0.51989719  0.50875869  0.10159140  0.06413429  0.07641202  0.00000000  0.07641202  0.12765121  0.12765121  0.14781198  0.14781198  0.10159140  0.08889539  0.17557039  0.14781198  0.23439536  0.21924818  
54_0_0     0.68225007  0.54268634  0.54268634  0.54268634  0.54268634  0.54268634  0.53120467  0.12765121  0.08262757  0.08262757  0.07641202  0.00000000  0.16156197  0.16156197  0.18267458  0.14781198  0.10802143  0.10159140  0.20440270  0.17557039  0.24208597  0.20440270  
85_0_0     0.61555871  0.47630839  0.47630839  0.47630839  0.47630839  0.47630839  0.46579816  0.12105034  0.15465527  0.15465527  0.12765121  0.16156197  0.00000000  0.05205552  0.07024787  0.18984714  0.12765121  0.09521636  0.20440270  0.17557039  0.22678329  0.20440270  
55_0_0     0.64152366  0.48696895  0.48696895  0.46579816  0.46579816  0.46579816  0.47630839  0.10159140  0.15465527  0.15465527  0.12765121  0.16156197  0.05205552  0.00000000  0.06413429  0.18267458  0.12105034  0.08889539  0.20440270  0.17557039  0.21924818  0.15465527  
8_0_0      0.66842586  0.46579816  0.46579816  0.46579816  0.46579816  0.46579816  0.47630839  0.14781198  0.14781198  0.14781198  0.14781198  0.18267458  0.07024787  0.06413429  0.00000000  0.18984714  0.15465527  0.12105034  0.21924818  0.21924818  0.25770942  0.20440270  
25_0_0     0.65485339  0.59046791  0.59046791  0.59046791  0.59046791  0.59046791  0.49778420  0.13431106  0.14781198  0.16156197  0.14781198  0.14781198  0.18984714  0.18267458  0.18984714  0.00000000  0.11450742  0.10802143  0.21924818  0.18984714  0.25770942  0.20440270  
48_0_0     0.62842813  0.54268634  0.54268634  0.54268634  0.54268634  0.54268634  0.44521213  0.06413429  0.10802143  0.13431106  0.10159140  0.10802143  0.12765121  0.12105034  0.15465527  0.11450742  0.00000000  0.04016939  0.16853327  0.12765121  0.20440270  0.16853327  
34_0_0     0.64152366  0.50875869  0.50875869  0.50875869  0.50875869  0.50875869  0.43512848  0.04608876  0.08889539  0.10159140  0.08889539  0.10159140  0.09521636  0.08889539  0.12105034  0.10802143  0.04016939  0.00000000  0.14781198  0.09521636  0.16853327  0.12105034  
71_0_0     0.74026311  0.64152366  0.64152366  0.64152366  0.61555871  0.61555871  0.48696895  0.16853327  0.18984714  0.21178848  0.17557039  0.20440270  0.20440270  0.20440270  0.21924818  0.21924818  0.16853327  0.14781198  0.00000000  0.13431106  0.27366739  0.23439536  
71_1_0     0.68225007  0.59046791  0.59046791  0.59046791  0.59046791  0.59046791  0.47630839  0.12105034  0.14781198  0.16156197  0.14781198  0.17557039  0.17557039  0.17557039  0.21924818  0.18984714  0.12765121  0.09521636  0.13431106  0.00000000  0.21178848  0.21178848  
67_0_0     0.61555871  0.53120467  0.53120467  0.53120467  0.53120467  0.53120467  0.46579816  0.18984714  0.23439536  0.24985676  0.23439536  0.24208597  0.22678329  0.21924818  0.25770942  0.25770942  0.20440270  0.16853327  0.27366739  0.21178848  0.00000000  0.19708939  
63_0_0     0.65485339  0.49778420  0.49778420  0.47630839  0.47630839  0.47630839  0.50875869  0.14103095  0.20440270  0.21924818  0.21924818  0.20440270  0.20440270  0.15465527  0.20440270  0.20440270  0.16853327  0.12105034  0.23439536  0.21178848  0.19708939  0.00000000  

