family_009 : -inf
family_081 : -inf
family_023 : 0.0
family_035 : 0.0
family_019 : 0.0
family_030 : 0.117647
family_068 : 0.117647
family_089 : 0.125
family_047 : 0.133333
family_027 : 0.142857
family_093 : 0.142857
family_076 : 0.142857
family_015 : 0.166667
family_078 : 0.166667
family_069 : 0.166667
family_077 : 0.166667
family_072 : 0.190476
family_079 : 0.2
family_059 : 0.2
family_084 : 0.210526
family_070 : 0.235294
family_017 : 0.235294
family_073 : 0.25
family_033 : 0.263158
family_097 : 0.266667
family_025 : 0.266667
family_024 : 0.269231
family_036 : 0.285714
family_028 : 0.285714
family_080 : 0.3
family_085 : 0.333333
family_062 : 0.333333
family_040 : 0.333333
family_100 : 0.35
family_049 : 0.352941
family_008 : 0.357143
family_041 : 0.368421
family_052 : 0.37037
family_042 : 0.384615
family_026 : 0.395349
family_045 : 0.4
family_055 : 0.4
family_087 : 0.4
family_075 : 0.4
family_006 : 0.409091
family_083 : 0.416667
family_098 : 0.421053
family_021 : 0.428571
family_011 : 0.4375
family_022 : 0.441176
family_065 : 0.444444
family_038 : 0.454545
family_053 : 0.466667
family_018 : 0.478261
family_056 : 0.5
family_086 : 0.5
family_063 : 0.5
family_091 : 0.5
family_012 : 0.5
family_010 : 0.5
family_096 : 0.5
family_001 : 0.5
family_044 : 0.52
family_061 : 0.525
family_092 : 0.526316
family_043 : 0.53125
family_051 : 0.533333
family_013 : 0.542857
family_057 : 0.555556
family_005 : 0.5625
family_082 : 0.571429
family_048 : 0.571429
family_099 : 0.571429
family_002 : 0.585366
family_067 : 0.589041
family_020 : 0.59375
family_071 : 0.594595
family_003 : 0.6
family_064 : 0.6
family_046 : 0.60241
family_037 : 0.602941
family_031 : 0.608696
family_054 : 0.62069
family_034 : 0.623188
family_039 : 0.625
family_074 : 0.625
family_058 : 0.636364
family_014 : 0.644444
family_094 : 0.65
family_032 : 0.652174
family_029 : 0.655172
family_016 : 0.68
family_095 : 0.7
family_090 : 0.703704
family_060 : 0.727273
family_007 : 0.75
family_050 : 0.767442
family_066 : 0.782609
family_004 : 1.0
family_088 : 1.0
