family_047 : 0.0
family_011 : 0.0
family_042 : 0.0
family_085 : 0.0
family_098 : 0.0
family_089 : 0.0
family_062 : 0.0
family_079 : 0.0
family_073 : 0.0
family_043 : 0.0
family_027 : 0.0
family_063 : 0.0
family_048 : 0.0
family_023 : 0.0
family_059 : 0.0
family_096 : 0.0
family_004 : 0.0
family_070 : 0.0
family_002 : 0.0
family_035 : 0.0
family_099 : 0.0
family_084 : 0.0
family_030 : 0.0
family_041 : 0.0
family_097 : 0.0
family_015 : 0.0
family_001 : 0.0
family_019 : 0.0
family_049 : 0.0
family_093 : 0.0
family_053 : 0.0
family_074 : 0.0
family_078 : 0.0
family_069 : 0.0
family_076 : 0.0
family_077 : 0.0
family_025 : 0.0
family_068 : 0.0
family_036 : 0.0
family_017 : 0.0
family_028 : 0.0
family_061 : 0.0
family_032 : 0.021739
family_012 : 0.033333
family_086 : 0.035714
family_026 : 0.046512
family_055 : 0.05
family_080 : 0.05
family_100 : 0.05
family_056 : 0.05
family_092 : 0.052632
family_071 : 0.054054
family_050 : 0.069767
family_021 : 0.071429
family_024 : 0.076923
family_044 : 0.08
family_083 : 0.083333
family_072 : 0.095238
family_095 : 0.1
family_094 : 0.1
family_034 : 0.101449
family_037 : 0.102941
family_033 : 0.105263
family_067 : 0.109589
family_065 : 0.111111
family_039 : 0.125
family_007 : 0.142857
family_020 : 0.145833
family_057 : 0.148148
family_091 : 0.166667
family_013 : 0.171429
family_018 : 0.173913
family_022 : 0.176471
family_038 : 0.181818
family_006 : 0.181818
family_058 : 0.181818
family_046 : 0.192771
family_016 : 0.2
family_075 : 0.2
family_045 : 0.2
family_008 : 0.214286
family_052 : 0.222222
family_040 : 0.25
family_029 : 0.258621
family_090 : 0.259259
family_051 : 0.266667
family_005 : 0.291667
family_003 : 0.3
family_066 : 0.347826
family_064 : 0.35
family_014 : 0.377778
family_087 : 0.4
family_082 : 0.404762
family_054 : 0.413793
family_031 : 0.434783
family_010 : 0.5
family_060 : 0.621212
family_088 : 0.666667
family_009 : inf
family_081 : inf
