family_009 : -inf
family_081 : -inf
family_023 : 0.0
family_063 : 0.071429
family_072 : 0.095238
family_056 : 0.1
family_071 : 0.108108
family_024 : 0.115385
family_030 : 0.117647
family_065 : 0.148148
family_095 : 0.15
family_061 : 0.15
family_067 : 0.150685
family_032 : 0.152174
family_092 : 0.157895
family_037 : 0.161765
family_091 : 0.166667
family_015 : 0.166667
family_002 : 0.170732
family_013 : 0.171429
family_086 : 0.178571
family_058 : 0.181818
family_094 : 0.2
family_046 : 0.204819
family_020 : 0.208333
family_026 : 0.209302
family_033 : 0.210526
family_084 : 0.210526
family_050 : 0.232558
family_012 : 0.233333
family_070 : 0.235294
family_034 : 0.246377
family_043 : 0.25
family_039 : 0.25
family_052 : 0.259259
family_045 : 0.266667
family_029 : 0.275862
family_007 : 0.285714
family_022 : 0.294118
family_068 : 0.294118
family_017 : 0.294118
family_057 : 0.296296
family_080 : 0.3
family_018 : 0.304348
family_005 : 0.3125
family_016 : 0.32
family_044 : 0.32
family_100 : 0.35
family_003 : 0.35
family_049 : 0.352941
family_006 : 0.363636
family_041 : 0.368421
family_083 : 0.375
family_064 : 0.4
family_055 : 0.4
family_014 : 0.4
family_090 : 0.407407
family_098 : 0.421053
family_082 : 0.452381
family_066 : 0.478261
family_054 : 0.551724
family_031 : 0.565217
family_059 : 0.6
family_085 : 0.666667
family_060 : 0.666667
family_079 : 0.8
family_035 : 0.8
family_075 : 0.8
family_097 : 0.8
family_019 : 0.8
family_078 : 0.833333
family_076 : 0.857143
family_047 : 0.866667
family_038 : 0.909091
family_042 : 0.923077
family_053 : 0.933333
family_025 : 0.933333
family_011 : 1.0
family_089 : 1.0
family_062 : 1.0
family_073 : 1.0
family_010 : 1.0
family_027 : 1.0
family_048 : 1.0
family_087 : 1.0
family_096 : 1.0
family_004 : 1.0
family_099 : 1.0
family_021 : 1.0
family_088 : 1.0
family_001 : 1.0
family_093 : 1.0
family_074 : 1.0
family_069 : 1.0
family_040 : 1.0
family_051 : 1.0
family_077 : 1.0
family_036 : 1.0
family_008 : 1.0
family_028 : 1.0
