fastme.f81 : 0.44570183753967285
ba.exp : 3.59208607673645
raxml.f81 : 53.38318705558777
generax-spr-undateddtl-r5.f81 : 78.33457946777344
pipeline : 140.72122073173523
