fastme.f81 : 0.38651056857705113
ba.exp : 3.5272175544660094
raxml.f81 : 53.31335599005389
generax-spr-undateddtl-r5.f81 : 78.33474087715149
