fastme.f81 : 0.38651056857705113
ba.exp : 21.653732649930955
raxml.f81 : 53.31335599005389
generax-spr-undateddtl-r5.f81 : 78.33474087715149
