10
94_6_0     0.00000000  0.00000000  0.02158519  0.02158519  0.01071471  0.13998255  0.13998255  0.14642456  0.13998255  0.13359558  
98_6_0     0.00000000  0.00000000  0.02158519  0.02158519  0.01071471  0.13998255  0.13998255  0.14642456  0.13998255  0.13359558  
95_6_0     0.02158519  0.02158519  0.00000000  0.02158519  0.01071471  0.15292255  0.15292255  0.15947751  0.15292255  0.14642456  
99_6_0     0.02158519  0.02158519  0.02158519  0.00000000  0.01071471  0.15292255  0.15292255  0.15947751  0.15292255  0.15947751  
96_6_0     0.01071471  0.01071471  0.01071471  0.01071471  0.00000000  0.15292255  0.15292255  0.15947751  0.15292255  0.14642456  
94_0_0     0.13998255  0.13998255  0.15292255  0.15292255  0.15292255  0.00000000  0.00000000  0.01071471  0.00000000  0.00533816  
98_0_0     0.13998255  0.13998255  0.15292255  0.15292255  0.15292255  0.00000000  0.00000000  0.01071471  0.00000000  0.00533816  
95_0_0     0.14642456  0.14642456  0.15947751  0.15947751  0.15947751  0.01071471  0.01071471  0.00000000  0.01071471  0.01613019  
99_0_0     0.13998255  0.13998255  0.15292255  0.15292255  0.15292255  0.00000000  0.00000000  0.01071471  0.00000000  0.00533816  
96_0_0     0.13359558  0.13359558  0.14642456  0.15947751  0.14642456  0.00533816  0.00533816  0.01613019  0.00533816  0.00000000  

