180
66_0_0     0.00000000  0.03176204  0.13618138  0.40363279  0.43099696  0.39473238  0.37724732  0.37724732  0.36865777  0.36016706  0.34347328  0.28023698  0.28023698  0.31912015  0.37724732  0.36865777  0.38593805  0.30332014  0.31117785  0.33526593  0.31117785  0.28023698  0.41264188  0.43099696  0.42176235  0.41264188  0.43099696  0.44982036  0.45941526  0.46913658  0.50935574  0.50935574  0.49909355  0.65764892  0.62068731  0.62068731  0.53031852  0.55189436  0.55189436  0.54102757  0.54102757  0.51976268  0.55189436  0.54102757  0.56292359  0.56292359  0.54102757  0.54102757  0.53031852  0.53031852  0.51976268  0.50935574  0.48897214  0.46913658  0.48897214  0.37724732  0.39473238  0.38593805  0.39473238  0.39473238  0.44034863  0.43099696  0.33526593  0.32714888  0.32714888  0.32714888  0.37724732  0.35177296  0.36016706  0.36865777  0.35177296  0.38593805  0.37724732  0.38593805  0.39473238  0.48897214  0.37724732  0.41264188  0.40363279  0.44034863  0.45941526  0.45941526  0.44982036  0.44034863  0.44034863  0.44034863  0.45941526  0.45941526  0.47898770  0.44034863  0.48897214  0.49909355  0.44034863  0.36865777  0.36865777  0.37724732  0.40363279  0.40363279  0.39473238  0.43099696  0.44982036  0.42176235  0.45941526  0.42176235  0.44982036  0.42176235  0.42176235  0.40363279  0.41264188  0.40363279  0.41264188  0.41264188  0.41264188  0.44034863  0.41264188  0.42176235  0.43099696  0.46913658  0.44982036  0.44982036  0.44034863  0.44982036  0.44034863  0.46913658  0.45941526  0.44982036  0.44982036  0.44982036  0.44982036  0.44982036  0.43099696  0.42176235  0.44982036  0.44034863  0.39473238  0.39473238  0.39473238  0.39473238  0.39473238  0.41264188  0.44034863  0.44034863  0.37724732  0.42176235  0.43099696  0.43099696  0.44034863  0.44982036  0.44982036  0.45941526  0.39473238  0.36865777  0.36865777  0.38593805  0.37724732  0.37724732  0.36865777  0.36865777  0.43099696  0.36865777  0.37724732  0.36865777  0.39473238  0.39473238  0.39473238  0.44034863  0.42176235  0.44034863  0.42176235  0.39473238  0.42176235  0.41264188  0.40363279  0.40363279  0.33526593  0.47898770  0.48897214  0.55189436  0.55189436  0.54102757  
66_3_0     0.03176204  0.00000000  0.13618138  0.38593805  0.41264188  0.37724732  0.36016706  0.36016706  0.35177296  0.34347328  0.33526593  0.25054159  0.25054159  0.27270034  0.34347328  0.33526593  0.36865777  0.25785415  0.26523990  0.28785141  0.26523990  0.26523990  0.46913658  0.48897214  0.47898770  0.46913658  0.46913658  0.46913658  0.47898770  0.48897214  0.48897214  0.48897214  0.47898770  0.65764892  0.64512151  0.64512151  0.55189436  0.57412020  0.57412020  0.54102757  0.54102757  0.51976268  0.55189436  0.54102757  0.54102757  0.54102757  0.55189436  0.55189436  0.54102757  0.54102757  0.49909355  0.48897214  0.48897214  0.46913658  0.48897214  0.36016706  0.37724732  0.38593805  0.39473238  0.39473238  0.40363279  0.39473238  0.31912015  0.31117785  0.31117785  0.31117785  0.37724732  0.36865777  0.37724732  0.38593805  0.36865777  0.40363279  0.37724732  0.38593805  0.39473238  0.46913658  0.37724732  0.39473238  0.42176235  0.45941526  0.47898770  0.49909355  0.48897214  0.47898770  0.47898770  0.45941526  0.44982036  0.44982036  0.46913658  0.44982036  0.47898770  0.48897214  0.43099696  0.36016706  0.36016706  0.36865777  0.43099696  0.43099696  0.42176235  0.44982036  0.44034863  0.44982036  0.46913658  0.42176235  0.44034863  0.41264188  0.41264188  0.39473238  0.40363279  0.39473238  0.40363279  0.40363279  0.40363279  0.43099696  0.42176235  0.43099696  0.44034863  0.47898770  0.44034863  0.44034863  0.43099696  0.44034863  0.43099696  0.46913658  0.44034863  0.43099696  0.44982036  0.44982036  0.44982036  0.44982036  0.43099696  0.42176235  0.44034863  0.44982036  0.38593805  0.40363279  0.36865777  0.36865777  0.36865777  0.38593805  0.41264188  0.41264188  0.35177296  0.37724732  0.38593805  0.38593805  0.39473238  0.40363279  0.40363279  0.43099696  0.42176235  0.39473238  0.39473238  0.41264188  0.40363279  0.38593805  0.37724732  0.37724732  0.45941526  0.34347328  0.35177296  0.34347328  0.36865777  0.36865777  0.36865777  0.43099696  0.43099696  0.43099696  0.43099696  0.42176235  0.43099696  0.40363279  0.39473238  0.39473238  0.32714888  0.46913658  0.49909355  0.54102757  0.54102757  0.53031852  
50_0_0     0.13618138  0.13618138  0.00000000  0.38593805  0.34347328  0.32714888  0.31117785  0.31912015  0.32714888  0.28785141  0.27270034  0.28023698  0.28023698  0.30332014  0.36865777  0.37724732  0.39473238  0.30332014  0.31117785  0.33526593  0.31117785  0.28023698  0.47898770  0.49909355  0.48897214  0.47898770  0.51976268  0.54102757  0.53031852  0.54102757  0.50935574  0.50935574  0.48897214  0.60876710  0.64512151  0.64512151  0.54102757  0.56292359  0.56292359  0.50935574  0.50935574  0.48897214  0.48897214  0.47898770  0.47898770  0.47898770  0.55189436  0.55189436  0.54102757  0.54102757  0.51976268  0.50935574  0.47898770  0.45941526  0.47898770  0.39473238  0.39473238  0.39473238  0.39473238  0.42176235  0.37724732  0.40363279  0.36865777  0.36016706  0.36016706  0.36016706  0.38593805  0.36865777  0.37724732  0.39473238  0.36865777  0.39473238  0.40363279  0.41264188  0.41264188  0.47898770  0.36016706  0.42176235  0.39473238  0.43099696  0.44982036  0.44982036  0.44034863  0.43099696  0.43099696  0.39473238  0.44034863  0.44034863  0.45941526  0.47898770  0.46913658  0.46913658  0.46913658  0.40363279  0.40363279  0.39473238  0.38593805  0.38593805  0.39473238  0.43099696  0.46913658  0.40363279  0.44034863  0.45941526  0.48897214  0.44034863  0.44034863  0.42176235  0.43099696  0.42176235  0.43099696  0.43099696  0.43099696  0.44034863  0.44982036  0.45941526  0.46913658  0.49909355  0.44034863  0.44034863  0.43099696  0.42176235  0.43099696  0.42176235  0.41264188  0.42176235  0.42176235  0.44034863  0.44034863  0.44034863  0.43099696  0.42176235  0.45941526  0.46913658  0.42176235  0.40363279  0.40363279  0.40363279  0.40363279  0.42176235  0.43099696  0.43099696  0.36865777  0.38593805  0.37724732  0.37724732  0.35177296  0.36016706  0.36016706  0.45941526  0.45941526  0.43099696  0.43099696  0.44982036  0.44034863  0.42176235  0.38593805  0.38593805  0.44982036  0.36865777  0.37724732  0.38593805  0.39473238  0.39473238  0.39473238  0.38593805  0.36865777  0.40363279  0.36865777  0.36016706  0.38593805  0.37724732  0.36865777  0.36865777  0.38593805  0.44034863  0.48897214  0.48897214  0.48897214  0.47898770  
13_0_0     0.40363279  0.38593805  0.38593805  0.00000000  0.20812591  0.20128778  0.18114562  0.25785415  0.25054159  0.20128778  0.22199529  0.35177296  0.35177296  0.37724732  0.41264188  0.40363279  0.44034863  0.36865777  0.38593805  0.45941526  0.38593805  0.30332014  0.53031852  0.55189436  0.56292359  0.55189436  0.48897214  0.48897214  0.49909355  0.49909355  0.55189436  0.55189436  0.53031852  0.65764892  0.68336049  0.68336049  0.65764892  0.67039271  0.67039271  0.63280327  0.63280327  0.60876710  0.57412020  0.58548934  0.59703643  0.59703643  0.67039271  0.67039271  0.68336049  0.68336049  0.59703643  0.60876710  0.58548934  0.58548934  0.58548934  0.48897214  0.50935574  0.54102757  0.55189436  0.55189436  0.50935574  0.56292359  0.50935574  0.49909355  0.49909355  0.49909355  0.53031852  0.53031852  0.51976268  0.54102757  0.53031852  0.53031852  0.51976268  0.53031852  0.53031852  0.56292359  0.57412020  0.54102757  0.49909355  0.51976268  0.47898770  0.49909355  0.49909355  0.48897214  0.48897214  0.45941526  0.49909355  0.49909355  0.51976268  0.47898770  0.48897214  0.53031852  0.56292359  0.50935574  0.50935574  0.51976268  0.47898770  0.47898770  0.44034863  0.51976268  0.47898770  0.48897214  0.48897214  0.56292359  0.49909355  0.51976268  0.51976268  0.49909355  0.48897214  0.49909355  0.48897214  0.48897214  0.48897214  0.48897214  0.53031852  0.51976268  0.53031852  0.53031852  0.54102757  0.54102757  0.55189436  0.54102757  0.53031852  0.48897214  0.46913658  0.47898770  0.45941526  0.47898770  0.47898770  0.47898770  0.55189436  0.56292359  0.57412020  0.58548934  0.53031852  0.53031852  0.53031852  0.53031852  0.53031852  0.55189436  0.54102757  0.54102757  0.51976268  0.53031852  0.54102757  0.54102757  0.57412020  0.57412020  0.57412020  0.75185585  0.55189436  0.55189436  0.55189436  0.54102757  0.55189436  0.53031852  0.50935574  0.50935574  0.48897214  0.49909355  0.49909355  0.47898770  0.47898770  0.49909355  0.47898770  0.58548934  0.60876710  0.57412020  0.54102757  0.56292359  0.57412020  0.53031852  0.51976268  0.51976268  0.42176235  0.51976268  0.53031852  0.54102757  0.56292359  0.55189436  
59_0_0     0.43099696  0.41264188  0.34347328  0.20812591  0.00000000  0.09380069  0.09970806  0.20812591  0.22199529  0.16801666  0.16153877  0.31117785  0.31117785  0.31912015  0.44034863  0.44982036  0.47898770  0.32714888  0.36016706  0.34347328  0.34347328  0.28023698  0.51976268  0.54102757  0.55189436  0.54102757  0.49909355  0.49909355  0.50935574  0.50935574  0.57412020  0.57412020  0.51976268  0.59703643  0.65764892  0.65764892  0.69656028  0.72369017  0.72369017  0.63280327  0.63280327  0.46913658  0.47898770  0.48897214  0.51976268  0.51976268  0.51976268  0.51976268  0.53031852  0.53031852  0.48897214  0.49909355  0.51976268  0.50935574  0.51976268  0.46913658  0.46913658  0.50935574  0.53031852  0.54102757  0.48897214  0.48897214  0.49909355  0.50935574  0.50935574  0.50935574  0.54102757  0.54102757  0.53031852  0.55189436  0.54102757  0.59703643  0.58548934  0.59703643  0.59703643  0.56292359  0.58548934  0.56292359  0.44034863  0.44034863  0.42176235  0.43099696  0.42176235  0.43099696  0.43099696  0.43099696  0.42176235  0.42176235  0.45941526  0.47898770  0.44982036  0.46913658  0.48897214  0.46913658  0.46913658  0.50935574  0.39473238  0.39473238  0.40363279  0.43099696  0.45941526  0.43099696  0.44034863  0.49909355  0.44982036  0.41264188  0.41264188  0.40363279  0.40363279  0.41264188  0.40363279  0.40363279  0.40363279  0.39473238  0.40363279  0.37724732  0.38593805  0.50935574  0.43099696  0.43099696  0.44034863  0.43099696  0.44034863  0.43099696  0.43099696  0.44034863  0.44034863  0.45941526  0.45941526  0.45941526  0.47898770  0.48897214  0.60876710  0.62068731  0.47898770  0.44034863  0.47898770  0.47898770  0.47898770  0.49909355  0.46913658  0.46913658  0.50935574  0.48897214  0.49909355  0.49909355  0.45941526  0.45941526  0.45941526  0.69656028  0.48897214  0.48897214  0.48897214  0.49909355  0.48897214  0.46913658  0.44982036  0.44982036  0.48897214  0.42176235  0.42176235  0.42176235  0.40363279  0.42176235  0.42176235  0.53031852  0.49909355  0.49909355  0.44034863  0.48897214  0.47898770  0.42176235  0.44982036  0.43099696  0.38593805  0.49909355  0.48897214  0.51976268  0.51976268  0.50935574  
18_0_0     0.39473238  0.37724732  0.32714888  0.20128778  0.09380069  0.00000000  0.08212599  0.19451245  0.18779877  0.12997590  0.13618138  0.31117785  0.31117785  0.31912015  0.39473238  0.40363279  0.42176235  0.34347328  0.36016706  0.32714888  0.34347328  0.26523990  0.49909355  0.51976268  0.53031852  0.51976268  0.47898770  0.47898770  0.48897214  0.48897214  0.56292359  0.56292359  0.50935574  0.63280327  0.68336049  0.68336049  0.63280327  0.64512151  0.64512151  0.58548934  0.58548934  0.51976268  0.60876710  0.59703643  0.63280327  0.63280327  0.56292359  0.56292359  0.57412020  0.57412020  0.48897214  0.49909355  0.54102757  0.51976268  0.54102757  0.48897214  0.48897214  0.55189436  0.55189436  0.58548934  0.46913658  0.50935574  0.50935574  0.51976268  0.51976268  0.51976268  0.50935574  0.50935574  0.49909355  0.51976268  0.50935574  0.58548934  0.55189436  0.56292359  0.56292359  0.53031852  0.54102757  0.53031852  0.42176235  0.44034863  0.45941526  0.47898770  0.44034863  0.44982036  0.44982036  0.44034863  0.44982036  0.44982036  0.46913658  0.53031852  0.44034863  0.49909355  0.53031852  0.44982036  0.44982036  0.50935574  0.40363279  0.40363279  0.41264188  0.42176235  0.45941526  0.39473238  0.43099696  0.50935574  0.45941526  0.44034863  0.44034863  0.40363279  0.41264188  0.42176235  0.39473238  0.41264188  0.41264188  0.41264188  0.43099696  0.44034863  0.44982036  0.57412020  0.50935574  0.50935574  0.51976268  0.50935574  0.49909355  0.46913658  0.44982036  0.44034863  0.45941526  0.47898770  0.47898770  0.47898770  0.56292359  0.55189436  0.63280327  0.62068731  0.51976268  0.51976268  0.51976268  0.51976268  0.51976268  0.54102757  0.50935574  0.50935574  0.50935574  0.54102757  0.55189436  0.55189436  0.50935574  0.50935574  0.50935574  0.71000053  0.56292359  0.54102757  0.54102757  0.55189436  0.54102757  0.51976268  0.49909355  0.49909355  0.50935574  0.44982036  0.44982036  0.46913658  0.44982036  0.44982036  0.46913658  0.54102757  0.51976268  0.53031852  0.47898770  0.48897214  0.47898770  0.47898770  0.50935574  0.48897214  0.47898770  0.55189436  0.54102757  0.57412020  0.57412020  0.56292359  
24_0_0     0.37724732  0.36016706  0.31117785  0.18114562  0.09970806  0.08212599  0.00000000  0.22199529  0.22902899  0.14243949  0.13618138  0.29554524  0.29554524  0.33526593  0.38593805  0.39473238  0.39473238  0.31117785  0.34347328  0.34347328  0.32714888  0.25054159  0.48897214  0.50935574  0.51976268  0.50935574  0.48897214  0.48897214  0.49909355  0.49909355  0.54102757  0.54102757  0.45941526  0.62068731  0.69656028  0.69656028  0.65764892  0.65764892  0.65764892  0.57412020  0.57412020  0.48897214  0.49909355  0.50935574  0.54102757  0.54102757  0.57412020  0.57412020  0.58548934  0.58548934  0.47898770  0.48897214  0.50935574  0.48897214  0.50935574  0.44982036  0.44982036  0.48897214  0.51976268  0.51976268  0.46913658  0.50935574  0.44982036  0.45941526  0.45941526  0.45941526  0.44982036  0.44982036  0.45941526  0.47898770  0.44982036  0.49909355  0.48897214  0.49909355  0.50935574  0.53031852  0.45941526  0.46913658  0.40363279  0.40363279  0.42176235  0.44034863  0.42176235  0.41264188  0.41264188  0.40363279  0.46913658  0.46913658  0.48897214  0.53031852  0.47898770  0.51976268  0.48897214  0.40363279  0.40363279  0.49909355  0.43099696  0.43099696  0.40363279  0.46913658  0.39473238  0.45941526  0.47898770  0.51976268  0.41264188  0.41264188  0.41264188  0.39473238  0.40363279  0.41264188  0.40363279  0.40363279  0.40363279  0.40363279  0.42176235  0.41264188  0.42176235  0.54102757  0.48897214  0.48897214  0.47898770  0.46913658  0.45941526  0.47898770  0.45941526  0.44982036  0.46913658  0.48897214  0.48897214  0.48897214  0.49909355  0.50935574  0.58548934  0.59703643  0.49909355  0.49909355  0.49909355  0.49909355  0.49909355  0.51976268  0.48897214  0.48897214  0.46913658  0.53031852  0.54102757  0.54102757  0.51976268  0.51976268  0.51976268  0.62068731  0.50935574  0.50935574  0.50935574  0.51976268  0.50935574  0.48897214  0.48897214  0.48897214  0.53031852  0.45941526  0.45941526  0.45941526  0.47898770  0.47898770  0.47898770  0.53031852  0.48897214  0.49909355  0.44982036  0.45941526  0.44982036  0.46913658  0.47898770  0.47898770  0.42176235  0.55189436  0.51976268  0.59703643  0.59703643  0.58548934  
13_1_0     0.37724732  0.36016706  0.31912015  0.25785415  0.20812591  0.19451245  0.22199529  0.00000000  0.10566310  0.12382218  0.12997590  0.26523990  0.26523990  0.25785415  0.36865777  0.37724732  0.41264188  0.28023698  0.29554524  0.33526593  0.26523990  0.20812591  0.47898770  0.49909355  0.48897214  0.47898770  0.44034863  0.44034863  0.41264188  0.41264188  0.55189436  0.55189436  0.54102757  0.62068731  0.62068731  0.62068731  0.68336049  0.67039271  0.67039271  0.60876710  0.60876710  0.54102757  0.51976268  0.53031852  0.57412020  0.57412020  0.55189436  0.55189436  0.54102757  0.54102757  0.54102757  0.55189436  0.49909355  0.47898770  0.49909355  0.42176235  0.42176235  0.44034863  0.44034863  0.44982036  0.44982036  0.43099696  0.47898770  0.45941526  0.45941526  0.45941526  0.45941526  0.45941526  0.44982036  0.45941526  0.45941526  0.46913658  0.47898770  0.48897214  0.49909355  0.45941526  0.43099696  0.47898770  0.49909355  0.49909355  0.45941526  0.46913658  0.45941526  0.46913658  0.46913658  0.47898770  0.45941526  0.45941526  0.45941526  0.47898770  0.50935574  0.48897214  0.46913658  0.46913658  0.46913658  0.51976268  0.42176235  0.42176235  0.44982036  0.42176235  0.44034863  0.41264188  0.43099696  0.43099696  0.45941526  0.42176235  0.42176235  0.40363279  0.41264188  0.40363279  0.39473238  0.41264188  0.41264188  0.40363279  0.41264188  0.40363279  0.41264188  0.50935574  0.46913658  0.46913658  0.47898770  0.48897214  0.47898770  0.38593805  0.41264188  0.40363279  0.40363279  0.42176235  0.42176235  0.42176235  0.44034863  0.43099696  0.45941526  0.46913658  0.42176235  0.42176235  0.43099696  0.43099696  0.43099696  0.44982036  0.47898770  0.47898770  0.42176235  0.41264188  0.42176235  0.42176235  0.43099696  0.44034863  0.44034863  0.57412020  0.48897214  0.47898770  0.47898770  0.47898770  0.48897214  0.46913658  0.43099696  0.43099696  0.45941526  0.42176235  0.42176235  0.42176235  0.40363279  0.42176235  0.42176235  0.54102757  0.49909355  0.50935574  0.40363279  0.43099696  0.44034863  0.46913658  0.45941526  0.45941526  0.38593805  0.51976268  0.47898770  0.53031852  0.53031852  0.51976268  
82_1_0     0.36865777  0.35177296  0.32714888  0.25054159  0.22199529  0.18779877  0.22902899  0.10566310  0.00000000  0.09380069  0.09970806  0.28785141  0.28785141  0.26523990  0.35177296  0.36016706  0.39473238  0.28785141  0.30332014  0.33526593  0.28785141  0.22902899  0.46913658  0.48897214  0.49909355  0.48897214  0.43099696  0.43099696  0.44034863  0.44034863  0.50935574  0.50935574  0.49909355  0.60876710  0.54102757  0.54102757  0.65764892  0.64512151  0.64512151  0.58548934  0.58548934  0.56292359  0.60876710  0.59703643  0.59703643  0.59703643  0.58548934  0.58548934  0.55189436  0.57412020  0.56292359  0.57412020  0.47898770  0.47898770  0.47898770  0.45941526  0.45941526  0.49909355  0.47898770  0.50935574  0.45941526  0.45941526  0.44982036  0.46913658  0.46913658  0.46913658  0.44034863  0.44034863  0.43099696  0.44034863  0.44034863  0.46913658  0.45941526  0.46913658  0.46913658  0.47898770  0.46913658  0.44034863  0.49909355  0.49909355  0.49909355  0.50935574  0.47898770  0.48897214  0.48897214  0.45941526  0.44982036  0.44982036  0.46913658  0.46913658  0.49909355  0.48897214  0.51976268  0.51976268  0.51976268  0.55189436  0.41264188  0.41264188  0.42176235  0.40363279  0.43099696  0.39473238  0.39473238  0.40363279  0.46913658  0.44982036  0.44982036  0.43099696  0.42176235  0.43099696  0.40363279  0.42176235  0.42176235  0.44982036  0.44034863  0.46913658  0.45941526  0.56292359  0.47898770  0.47898770  0.48897214  0.49909355  0.50935574  0.41264188  0.42176235  0.41264188  0.41264188  0.43099696  0.43099696  0.43099696  0.44034863  0.43099696  0.47898770  0.48897214  0.45941526  0.40363279  0.46913658  0.46913658  0.46913658  0.48897214  0.47898770  0.47898770  0.45941526  0.46913658  0.47898770  0.47898770  0.48897214  0.49909355  0.49909355  0.53031852  0.44982036  0.42176235  0.42176235  0.42176235  0.43099696  0.41264188  0.39473238  0.39473238  0.42176235  0.40363279  0.40363279  0.42176235  0.40363279  0.42176235  0.42176235  0.48897214  0.53031852  0.49909355  0.47898770  0.47898770  0.48897214  0.48897214  0.48897214  0.48897214  0.42176235  0.49909355  0.46913658  0.50935574  0.50935574  0.49909355  
24_1_0     0.36016706  0.34347328  0.28785141  0.20128778  0.16801666  0.12997590  0.14243949  0.12382218  0.09380069  0.00000000  0.02637250  0.26523990  0.26523990  0.25785415  0.35177296  0.36016706  0.37724732  0.28023698  0.29554524  0.32714888  0.28023698  0.20812591  0.50935574  0.53031852  0.54102757  0.53031852  0.48897214  0.48897214  0.47898770  0.47898770  0.53031852  0.53031852  0.49909355  0.58548934  0.60876710  0.60876710  0.67039271  0.63280327  0.63280327  0.57412020  0.57412020  0.53031852  0.59703643  0.60876710  0.59703643  0.59703643  0.60876710  0.60876710  0.59703643  0.62068731  0.53031852  0.54102757  0.50935574  0.48897214  0.50935574  0.47898770  0.47898770  0.51976268  0.51976268  0.55189436  0.48897214  0.50935574  0.48897214  0.48897214  0.48897214  0.48897214  0.44034863  0.45941526  0.44982036  0.45941526  0.45941526  0.46913658  0.45941526  0.46913658  0.46913658  0.45941526  0.43099696  0.45941526  0.44982036  0.44982036  0.44982036  0.46913658  0.44982036  0.44034863  0.44034863  0.44982036  0.43099696  0.43099696  0.44982036  0.48897214  0.44034863  0.47898770  0.47898770  0.50935574  0.50935574  0.55189436  0.43099696  0.43099696  0.42176235  0.44982036  0.41264188  0.42176235  0.44034863  0.44982036  0.49909355  0.47898770  0.47898770  0.44034863  0.44982036  0.45941526  0.43099696  0.44982036  0.44982036  0.45941526  0.46913658  0.47898770  0.46913658  0.60876710  0.49909355  0.49909355  0.50935574  0.51976268  0.53031852  0.43099696  0.42176235  0.41264188  0.43099696  0.44982036  0.44982036  0.44982036  0.45941526  0.44982036  0.45941526  0.48897214  0.44982036  0.43099696  0.44982036  0.44982036  0.44982036  0.46913658  0.45941526  0.45941526  0.44034863  0.53031852  0.54102757  0.54102757  0.50935574  0.51976268  0.51976268  0.62068731  0.43099696  0.42176235  0.42176235  0.42176235  0.43099696  0.41264188  0.39473238  0.39473238  0.38593805  0.40363279  0.40363279  0.42176235  0.40363279  0.42176235  0.42176235  0.53031852  0.48897214  0.51976268  0.44982036  0.45941526  0.46913658  0.47898770  0.48897214  0.48897214  0.44982036  0.50935574  0.49909355  0.51976268  0.51976268  0.50935574  
59_1_0     0.34347328  0.33526593  0.27270034  0.22199529  0.16153877  0.13618138  0.13618138  0.12997590  0.09970806  0.02637250  0.00000000  0.27270034  0.27270034  0.26523990  0.36865777  0.37724732  0.38593805  0.28785141  0.30332014  0.31912015  0.28785141  0.21502801  0.50935574  0.53031852  0.54102757  0.53031852  0.50935574  0.51976268  0.50935574  0.50935574  0.51976268  0.51976268  0.48897214  0.57412020  0.59703643  0.59703643  0.68336049  0.64512151  0.64512151  0.58548934  0.58548934  0.56292359  0.60876710  0.62068731  0.60876710  0.60876710  0.62068731  0.62068731  0.60876710  0.63280327  0.51976268  0.53031852  0.54102757  0.51976268  0.54102757  0.44982036  0.44982036  0.50935574  0.50935574  0.54102757  0.45941526  0.47898770  0.45941526  0.45941526  0.45941526  0.45941526  0.42176235  0.44034863  0.44982036  0.45941526  0.44034863  0.44982036  0.44034863  0.44982036  0.44982036  0.45941526  0.41264188  0.44034863  0.41264188  0.41264188  0.45941526  0.46913658  0.44982036  0.44034863  0.44034863  0.44982036  0.40363279  0.40363279  0.42176235  0.45941526  0.43099696  0.44982036  0.44982036  0.51976268  0.51976268  0.56292359  0.43099696  0.43099696  0.44034863  0.46913658  0.38593805  0.44034863  0.45941526  0.42176235  0.50935574  0.46913658  0.46913658  0.43099696  0.44034863  0.44982036  0.42176235  0.44034863  0.44034863  0.44982036  0.47898770  0.48897214  0.47898770  0.59703643  0.50935574  0.50935574  0.49909355  0.50935574  0.51976268  0.40363279  0.39473238  0.38593805  0.40363279  0.42176235  0.42176235  0.42176235  0.42176235  0.41264188  0.45941526  0.48897214  0.47898770  0.43099696  0.47898770  0.47898770  0.47898770  0.49909355  0.48897214  0.48897214  0.44982036  0.51976268  0.53031852  0.53031852  0.49909355  0.50935574  0.50935574  0.60876710  0.42176235  0.41264188  0.41264188  0.41264188  0.42176235  0.40363279  0.38593805  0.38593805  0.37724732  0.37724732  0.37724732  0.39473238  0.37724732  0.39473238  0.39473238  0.48897214  0.44982036  0.47898770  0.42176235  0.42176235  0.44034863  0.48897214  0.49909355  0.49909355  0.44034863  0.51976268  0.48897214  0.53031852  0.53031852  0.51976268  
96_2_0     0.28023698  0.25054159  0.28023698  0.35177296  0.31117785  0.31117785  0.29554524  0.26523990  0.28785141  0.26523990  0.27270034  0.00000000  0.00000000  0.02637250  0.17455194  0.16801666  0.19451245  0.02637250  0.03176204  0.07063314  0.02102205  0.04266068  0.44982036  0.43099696  0.45941526  0.44982036  0.41264188  0.41264188  0.38593805  0.37724732  0.44034863  0.44034863  0.42176235  0.54102757  0.59703643  0.59703643  0.55189436  0.53031852  0.53031852  0.49909355  0.49909355  0.37724732  0.44034863  0.43099696  0.43099696  0.43099696  0.45941526  0.45941526  0.44982036  0.44982036  0.42176235  0.41264188  0.40363279  0.38593805  0.40363279  0.38593805  0.38593805  0.42176235  0.39473238  0.39473238  0.46913658  0.44034863  0.37724732  0.38593805  0.38593805  0.38593805  0.36865777  0.41264188  0.40363279  0.41264188  0.41264188  0.41264188  0.40363279  0.41264188  0.43099696  0.42176235  0.39473238  0.38593805  0.38593805  0.40363279  0.39473238  0.41264188  0.41264188  0.40363279  0.40363279  0.43099696  0.42176235  0.42176235  0.38593805  0.44034863  0.43099696  0.44982036  0.45941526  0.34347328  0.34347328  0.36016706  0.42176235  0.42176235  0.41264188  0.44982036  0.43099696  0.39473238  0.44982036  0.40363279  0.37724732  0.34347328  0.34347328  0.34347328  0.33526593  0.36016706  0.35177296  0.33526593  0.33526593  0.34347328  0.35177296  0.36016706  0.36865777  0.42176235  0.35177296  0.35177296  0.36016706  0.36865777  0.36016706  0.41264188  0.42176235  0.41264188  0.37724732  0.39473238  0.39473238  0.39473238  0.44034863  0.43099696  0.46913658  0.49909355  0.39473238  0.39473238  0.39473238  0.39473238  0.39473238  0.41264188  0.42176235  0.42176235  0.37724732  0.31912015  0.32714888  0.32714888  0.34347328  0.35177296  0.35177296  0.43099696  0.35177296  0.34347328  0.34347328  0.34347328  0.35177296  0.35177296  0.35177296  0.35177296  0.37724732  0.35177296  0.34347328  0.33526593  0.34347328  0.34347328  0.34347328  0.31912015  0.33526593  0.30332014  0.35177296  0.32714888  0.30332014  0.34347328  0.30332014  0.30332014  0.30332014  0.39473238  0.36865777  0.40363279  0.40363279  0.39473238  
96_0_0     0.28023698  0.25054159  0.28023698  0.35177296  0.31117785  0.31117785  0.29554524  0.26523990  0.28785141  0.26523990  0.27270034  0.00000000  0.00000000  0.02637250  0.17455194  0.16801666  0.19451245  0.02637250  0.03176204  0.07063314  0.02102205  0.04266068  0.44982036  0.43099696  0.45941526  0.44982036  0.41264188  0.41264188  0.38593805  0.37724732  0.44034863  0.44034863  0.42176235  0.54102757  0.59703643  0.59703643  0.55189436  0.53031852  0.53031852  0.49909355  0.49909355  0.37724732  0.44034863  0.43099696  0.43099696  0.43099696  0.45941526  0.45941526  0.44982036  0.44982036  0.42176235  0.41264188  0.40363279  0.38593805  0.40363279  0.38593805  0.38593805  0.42176235  0.39473238  0.39473238  0.46913658  0.44034863  0.37724732  0.38593805  0.38593805  0.38593805  0.36865777  0.41264188  0.40363279  0.41264188  0.41264188  0.41264188  0.40363279  0.41264188  0.43099696  0.42176235  0.39473238  0.38593805  0.38593805  0.40363279  0.39473238  0.41264188  0.41264188  0.40363279  0.40363279  0.43099696  0.42176235  0.42176235  0.38593805  0.44034863  0.43099696  0.44982036  0.45941526  0.34347328  0.34347328  0.36016706  0.42176235  0.42176235  0.41264188  0.44982036  0.43099696  0.39473238  0.44982036  0.40363279  0.37724732  0.34347328  0.34347328  0.34347328  0.33526593  0.36016706  0.35177296  0.33526593  0.33526593  0.34347328  0.35177296  0.36016706  0.36865777  0.42176235  0.35177296  0.35177296  0.36016706  0.36865777  0.36016706  0.41264188  0.42176235  0.41264188  0.37724732  0.39473238  0.39473238  0.39473238  0.44034863  0.43099696  0.46913658  0.49909355  0.39473238  0.39473238  0.39473238  0.39473238  0.39473238  0.41264188  0.42176235  0.42176235  0.37724732  0.31912015  0.32714888  0.32714888  0.34347328  0.35177296  0.35177296  0.43099696  0.35177296  0.34347328  0.34347328  0.34347328  0.35177296  0.35177296  0.35177296  0.35177296  0.37724732  0.35177296  0.34347328  0.33526593  0.34347328  0.34347328  0.34347328  0.31912015  0.33526593  0.30332014  0.35177296  0.32714888  0.30332014  0.34347328  0.30332014  0.30332014  0.30332014  0.39473238  0.36865777  0.40363279  0.40363279  0.39473238  
23_0_0     0.31912015  0.27270034  0.30332014  0.37724732  0.31912015  0.31912015  0.33526593  0.25785415  0.26523990  0.25785415  0.26523990  0.02637250  0.02637250  0.00000000  0.18114562  0.17455194  0.21502801  0.02102205  0.02637250  0.06495317  0.01571012  0.07063314  0.47898770  0.45941526  0.48897214  0.47898770  0.44034863  0.44034863  0.41264188  0.40363279  0.44034863  0.44034863  0.43099696  0.55189436  0.60876710  0.60876710  0.58548934  0.56292359  0.56292359  0.53031852  0.53031852  0.42176235  0.47898770  0.46913658  0.46913658  0.46913658  0.48897214  0.48897214  0.47898770  0.47898770  0.43099696  0.42176235  0.44982036  0.43099696  0.44982036  0.41264188  0.41264188  0.44982036  0.41264188  0.42176235  0.45941526  0.43099696  0.40363279  0.41264188  0.41264188  0.41264188  0.39473238  0.44034863  0.43099696  0.44034863  0.44034863  0.44034863  0.43099696  0.44034863  0.45941526  0.43099696  0.40363279  0.39473238  0.41264188  0.43099696  0.42176235  0.44034863  0.44034863  0.43099696  0.43099696  0.47898770  0.42176235  0.42176235  0.38593805  0.45941526  0.43099696  0.44034863  0.46913658  0.36865777  0.36865777  0.38593805  0.43099696  0.43099696  0.44034863  0.45941526  0.45941526  0.40363279  0.44034863  0.41264188  0.38593805  0.36865777  0.36865777  0.36865777  0.36016706  0.38593805  0.37724732  0.36016706  0.36016706  0.36865777  0.39473238  0.40363279  0.41264188  0.41264188  0.36865777  0.36865777  0.37724732  0.38593805  0.37724732  0.41264188  0.42176235  0.41264188  0.37724732  0.39473238  0.39473238  0.39473238  0.42176235  0.41264188  0.44982036  0.47898770  0.41264188  0.39473238  0.41264188  0.41264188  0.41264188  0.43099696  0.44034863  0.44034863  0.39473238  0.34347328  0.35177296  0.35177296  0.35177296  0.36016706  0.36016706  0.43099696  0.36016706  0.35177296  0.35177296  0.35177296  0.36016706  0.36016706  0.36016706  0.36016706  0.36865777  0.36016706  0.35177296  0.36016706  0.33526593  0.35177296  0.35177296  0.31117785  0.34347328  0.32714888  0.36016706  0.33526593  0.31117785  0.35177296  0.31117785  0.31117785  0.31117785  0.40363279  0.39473238  0.41264188  0.41264188  0.40363279  
88_0_0     0.37724732  0.34347328  0.36865777  0.41264188  0.44034863  0.39473238  0.38593805  0.36865777  0.35177296  0.35177296  0.36865777  0.17455194  0.17455194  0.18114562  0.00000000  0.00519963  0.07063314  0.16801666  0.18779877  0.18779877  0.17455194  0.18114562  0.51976268  0.49909355  0.53031852  0.51976268  0.45941526  0.45941526  0.44982036  0.44034863  0.54102757  0.54102757  0.49909355  0.71000053  0.67039271  0.67039271  0.58548934  0.56292359  0.56292359  0.55189436  0.55189436  0.45941526  0.54102757  0.53031852  0.51976268  0.51976268  0.53031852  0.53031852  0.51976268  0.51976268  0.49909355  0.50935574  0.47898770  0.47898770  0.47898770  0.39473238  0.37724732  0.43099696  0.44982036  0.42176235  0.51976268  0.45941526  0.44034863  0.40363279  0.40363279  0.40363279  0.40363279  0.43099696  0.42176235  0.43099696  0.43099696  0.41264188  0.40363279  0.39473238  0.43099696  0.50935574  0.39473238  0.38593805  0.56292359  0.56292359  0.56292359  0.56292359  0.50935574  0.53031852  0.53031852  0.50935574  0.51976268  0.51976268  0.51976268  0.53031852  0.54102757  0.56292359  0.53031852  0.36865777  0.36865777  0.42176235  0.42176235  0.42176235  0.41264188  0.45941526  0.51976268  0.41264188  0.43099696  0.49909355  0.45941526  0.45941526  0.45941526  0.44982036  0.44034863  0.46913658  0.45941526  0.44034863  0.44034863  0.44034863  0.44982036  0.45941526  0.46913658  0.48897214  0.46913658  0.46913658  0.47898770  0.48897214  0.49909355  0.50935574  0.49909355  0.48897214  0.46913658  0.48897214  0.48897214  0.48897214  0.45941526  0.46913658  0.53031852  0.56292359  0.47898770  0.48897214  0.47898770  0.47898770  0.47898770  0.49909355  0.50935574  0.50935574  0.44034863  0.40363279  0.39473238  0.39473238  0.42176235  0.43099696  0.43099696  0.45941526  0.45941526  0.44982036  0.44982036  0.44982036  0.45941526  0.45941526  0.47898770  0.47898770  0.53031852  0.46913658  0.45941526  0.46913658  0.47898770  0.47898770  0.47898770  0.39473238  0.42176235  0.38593805  0.46913658  0.39473238  0.42176235  0.44982036  0.43099696  0.42176235  0.41264188  0.48897214  0.51976268  0.51976268  0.49909355  0.50935574  
19_0_0     0.36865777  0.33526593  0.37724732  0.40363279  0.44982036  0.40363279  0.39473238  0.37724732  0.36016706  0.36016706  0.37724732  0.16801666  0.16801666  0.17455194  0.00519963  0.00000000  0.06495317  0.16153877  0.18114562  0.18114562  0.16801666  0.18779877  0.53031852  0.50935574  0.54102757  0.53031852  0.46913658  0.46913658  0.45941526  0.44982036  0.55189436  0.55189436  0.50935574  0.71000053  0.67039271  0.67039271  0.59703643  0.57412020  0.57412020  0.56292359  0.56292359  0.46913658  0.55189436  0.54102757  0.53031852  0.53031852  0.54102757  0.54102757  0.53031852  0.53031852  0.48897214  0.49909355  0.48897214  0.48897214  0.48897214  0.40363279  0.38593805  0.44034863  0.45941526  0.43099696  0.53031852  0.46913658  0.43099696  0.41264188  0.41264188  0.41264188  0.41264188  0.44034863  0.43099696  0.44034863  0.44034863  0.42176235  0.41264188  0.40363279  0.44034863  0.51976268  0.40363279  0.39473238  0.55189436  0.55189436  0.57412020  0.57412020  0.51976268  0.54102757  0.54102757  0.51976268  0.53031852  0.53031852  0.53031852  0.54102757  0.55189436  0.57412020  0.54102757  0.37724732  0.37724732  0.43099696  0.43099696  0.43099696  0.42176235  0.46913658  0.53031852  0.42176235  0.44034863  0.50935574  0.46913658  0.46913658  0.46913658  0.45941526  0.44982036  0.47898770  0.46913658  0.44982036  0.44982036  0.44982036  0.45941526  0.46913658  0.47898770  0.47898770  0.47898770  0.47898770  0.48897214  0.49909355  0.48897214  0.51976268  0.50935574  0.49909355  0.47898770  0.49909355  0.49909355  0.49909355  0.46913658  0.47898770  0.51976268  0.55189436  0.48897214  0.49909355  0.48897214  0.48897214  0.48897214  0.50935574  0.51976268  0.51976268  0.44982036  0.41264188  0.40363279  0.40363279  0.43099696  0.44034863  0.44034863  0.44982036  0.46913658  0.45941526  0.45941526  0.45941526  0.46913658  0.46913658  0.48897214  0.48897214  0.54102757  0.47898770  0.46913658  0.47898770  0.48897214  0.48897214  0.48897214  0.40363279  0.43099696  0.39473238  0.47898770  0.40363279  0.43099696  0.45941526  0.44034863  0.43099696  0.42176235  0.49909355  0.50935574  0.53031852  0.50935574  0.51976268  
32_0_0     0.38593805  0.36865777  0.39473238  0.44034863  0.47898770  0.42176235  0.39473238  0.41264188  0.39473238  0.37724732  0.38593805  0.19451245  0.19451245  0.21502801  0.07063314  0.06495317  0.00000000  0.20128778  0.22199529  0.20812591  0.20812591  0.20128778  0.55189436  0.55189436  0.58548934  0.57412020  0.50935574  0.48897214  0.47898770  0.46913658  0.57412020  0.57412020  0.53031852  0.69656028  0.65764892  0.65764892  0.63280327  0.60876710  0.60876710  0.59703643  0.59703643  0.47898770  0.58548934  0.57412020  0.55189436  0.55189436  0.59703643  0.59703643  0.56292359  0.58548934  0.49909355  0.50935574  0.49909355  0.47898770  0.49909355  0.43099696  0.41264188  0.46913658  0.48897214  0.45941526  0.55189436  0.48897214  0.40363279  0.38593805  0.38593805  0.38593805  0.45941526  0.48897214  0.47898770  0.46913658  0.48897214  0.44982036  0.44034863  0.43099696  0.46913658  0.57412020  0.43099696  0.45941526  0.54102757  0.51976268  0.56292359  0.58548934  0.53031852  0.55189436  0.55189436  0.53031852  0.54102757  0.54102757  0.54102757  0.55189436  0.56292359  0.62068731  0.57412020  0.36016706  0.36016706  0.43099696  0.45941526  0.45941526  0.44982036  0.50935574  0.50935574  0.44982036  0.50935574  0.51976268  0.53031852  0.50935574  0.50935574  0.49909355  0.48897214  0.49909355  0.48897214  0.48897214  0.48897214  0.48897214  0.47898770  0.48897214  0.49909355  0.48897214  0.48897214  0.48897214  0.49909355  0.50935574  0.49909355  0.56292359  0.55189436  0.54102757  0.51976268  0.54102757  0.54102757  0.54102757  0.48897214  0.49909355  0.58548934  0.62068731  0.53031852  0.54102757  0.53031852  0.53031852  0.53031852  0.55189436  0.54102757  0.54102757  0.48897214  0.44982036  0.44034863  0.44034863  0.47898770  0.48897214  0.48897214  0.48897214  0.50935574  0.49909355  0.49909355  0.49909355  0.50935574  0.50935574  0.50935574  0.50935574  0.54102757  0.45941526  0.44982036  0.45941526  0.46913658  0.46913658  0.46913658  0.41264188  0.40363279  0.38593805  0.45941526  0.43099696  0.42176235  0.44982036  0.41264188  0.40363279  0.43099696  0.53031852  0.51976268  0.54102757  0.51976268  0.53031852  
85_0_0     0.30332014  0.25785415  0.30332014  0.36865777  0.32714888  0.34347328  0.31117785  0.28023698  0.28785141  0.28023698  0.28785141  0.02637250  0.02637250  0.02102205  0.16801666  0.16153877  0.20128778  0.00000000  0.02637250  0.07635719  0.01571012  0.07063314  0.47898770  0.45941526  0.48897214  0.47898770  0.44034863  0.44034863  0.41264188  0.42176235  0.43099696  0.43099696  0.43099696  0.57412020  0.60876710  0.60876710  0.58548934  0.56292359  0.56292359  0.53031852  0.53031852  0.38593805  0.44982036  0.44034863  0.44034863  0.44034863  0.46913658  0.46913658  0.45941526  0.45941526  0.44982036  0.44034863  0.44982036  0.43099696  0.44982036  0.37724732  0.37724732  0.41264188  0.40363279  0.38593805  0.45941526  0.44982036  0.36865777  0.37724732  0.37724732  0.37724732  0.39473238  0.44034863  0.43099696  0.44034863  0.44034863  0.44034863  0.43099696  0.44034863  0.45941526  0.44982036  0.40363279  0.39473238  0.41264188  0.41264188  0.40363279  0.42176235  0.42176235  0.41264188  0.41264188  0.44034863  0.42176235  0.42176235  0.38593805  0.44034863  0.43099696  0.44034863  0.46913658  0.35177296  0.35177296  0.35177296  0.41264188  0.41264188  0.40363279  0.45941526  0.43099696  0.42176235  0.45941526  0.41264188  0.35177296  0.33526593  0.33526593  0.33526593  0.32714888  0.35177296  0.34347328  0.32714888  0.32714888  0.35177296  0.36016706  0.36865777  0.37724732  0.40363279  0.37724732  0.37724732  0.38593805  0.39473238  0.38593805  0.44034863  0.44982036  0.44034863  0.40363279  0.42176235  0.42176235  0.42176235  0.43099696  0.44034863  0.45941526  0.48897214  0.42176235  0.42176235  0.42176235  0.42176235  0.42176235  0.44034863  0.44982036  0.44982036  0.38593805  0.34347328  0.35177296  0.35177296  0.36865777  0.37724732  0.37724732  0.44982036  0.36016706  0.35177296  0.35177296  0.35177296  0.36016706  0.36016706  0.37724732  0.37724732  0.40363279  0.36016706  0.36865777  0.34347328  0.36865777  0.36865777  0.36865777  0.29554524  0.32714888  0.31117785  0.36016706  0.33526593  0.31117785  0.33526593  0.29554524  0.29554524  0.31117785  0.38593805  0.37724732  0.41264188  0.41264188  0.40363279  
