24
20_9_0     0.00000000  0.03834839  0.05325083  0.41350453  0.41350453  0.41350453  0.41350453  0.42166517  0.40543185  0.37398410  0.37398410  0.38172311  0.38172311  0.36632423  0.35874191  0.36632423  0.38954293  0.26657937  0.24036129  0.24036129  0.24036129  0.24036129  0.25993831  0.24036129  
16_9_0     0.03834839  0.00000000  0.04328299  0.39744526  0.39744526  0.39744526  0.39744526  0.40543185  0.39744526  0.37398410  0.37398410  0.38172311  0.38172311  0.36632423  0.35874191  0.36632423  0.38954293  0.26657937  0.24036129  0.26657937  0.26657937  0.25335561  0.27327985  0.26657937  
16_16_0    0.05325083  0.04328299  0.00000000  0.39744526  0.39744526  0.39744526  0.39744526  0.42166517  0.40543185  0.38172311  0.36632423  0.38954293  0.38954293  0.37398410  0.36632423  0.37398410  0.39744526  0.27327985  0.24683027  0.24683027  0.24683027  0.25335561  0.25335561  0.24683027  
19_8_0     0.41350453  0.39744526  0.39744526  0.00000000  0.00000000  0.00000000  0.01415155  0.12149133  0.13256446  0.19657845  0.20267861  0.20882886  0.20267861  0.23394770  0.23394770  0.23394770  0.22758857  0.34380374  0.32915769  0.29374863  0.30771202  0.32194069  0.31479256  0.30069778  
17_8_0     0.41350453  0.39744526  0.39744526  0.00000000  0.00000000  0.00000000  0.01415155  0.12149133  0.13256446  0.19657845  0.20267861  0.20882886  0.20267861  0.23394770  0.23394770  0.23394770  0.22758857  0.34380374  0.32915769  0.29374863  0.30771202  0.32194069  0.31479256  0.30069778  
18_8_0     0.41350453  0.39744526  0.39744526  0.00000000  0.00000000  0.00000000  0.01415155  0.12149133  0.13256446  0.19657845  0.20267861  0.20882886  0.20267861  0.23394770  0.23394770  0.23394770  0.22758857  0.34380374  0.32915769  0.29374863  0.30771202  0.32194069  0.31479256  0.30069778  
15_8_0     0.41350453  0.39744526  0.39744526  0.01415155  0.01415155  0.01415155  0.00000000  0.12700744  0.13256446  0.18452518  0.19052757  0.19657845  0.19052757  0.23394770  0.23394770  0.23394770  0.22758857  0.34380374  0.32915769  0.30069778  0.31479256  0.32915769  0.32194069  0.30771202  
16_8_0     0.42166517  0.40543185  0.42166517  0.12149133  0.12149133  0.12149133  0.12700744  0.00000000  0.11057953  0.17857052  0.17266283  0.17857052  0.18452518  0.22128298  0.22128298  0.22128298  0.22128298  0.33644492  0.32915769  0.31479256  0.31479256  0.31479256  0.30771202  0.30771202  
20_8_0     0.40543185  0.39744526  0.40543185  0.13256446  0.13256446  0.13256446  0.13256446  0.11057953  0.00000000  0.22128298  0.22128298  0.21503003  0.20882886  0.26657937  0.26657937  0.26657937  0.22128298  0.31479256  0.32194069  0.29374863  0.28686336  0.30069778  0.29374863  0.28686336  
15_12_0    0.37398410  0.37398410  0.38172311  0.19657845  0.19657845  0.19657845  0.18452518  0.17857052  0.22128298  0.00000000  0.01415155  0.00940459  0.01415155  0.08922158  0.08922158  0.08922158  0.07876674  0.35874191  0.34380374  0.31479256  0.31479256  0.32915769  0.32194069  0.30771202  
15_6_0     0.37398410  0.37398410  0.36632423  0.20267861  0.20267861  0.20267861  0.19052757  0.17266283  0.22128298  0.01415155  0.00000000  0.01415155  0.01892878  0.09450424  0.09450424  0.09450424  0.08397592  0.35874191  0.34380374  0.32194069  0.32194069  0.32194069  0.32915769  0.31479256  
17_6_0     0.38172311  0.38172311  0.38954293  0.20882886  0.20882886  0.20882886  0.19657845  0.17857052  0.21503003  0.00940459  0.01415155  0.00000000  0.00468754  0.08922158  0.08922158  0.08922158  0.06845583  0.35874191  0.34380374  0.32194069  0.32194069  0.32194069  0.32915769  0.31479256  
19_6_0     0.38172311  0.38172311  0.38954293  0.20267861  0.20267861  0.20267861  0.19052757  0.18452518  0.20882886  0.01415155  0.01892878  0.00468754  0.00000000  0.09450424  0.09450424  0.09450424  0.07359354  0.35123558  0.35123558  0.31479256  0.31479256  0.31479256  0.32194069  0.30771202  
16_14_0    0.36632423  0.36632423  0.37398410  0.23394770  0.23394770  0.23394770  0.23394770  0.22128298  0.26657937  0.08922158  0.09450424  0.08922158  0.09450424  0.00000000  0.00468754  0.00000000  0.06335312  0.40543185  0.35874191  0.35123558  0.35123558  0.35123558  0.35123558  0.33644492  
16_15_0    0.35874191  0.35874191  0.36632423  0.23394770  0.23394770  0.23394770  0.23394770  0.22128298  0.26657937  0.08922158  0.09450424  0.08922158  0.09450424  0.00468754  0.00000000  0.00468754  0.06335312  0.39744526  0.35123558  0.34380374  0.34380374  0.34380374  0.35874191  0.34380374  
16_6_0     0.36632423  0.36632423  0.37398410  0.23394770  0.23394770  0.23394770  0.23394770  0.22128298  0.26657937  0.08922158  0.09450424  0.08922158  0.09450424  0.00000000  0.00468754  0.00000000  0.06335312  0.40543185  0.35874191  0.35123558  0.35123558  0.35123558  0.35123558  0.33644492  
20_6_0     0.38954293  0.38954293  0.39744526  0.22758857  0.22758857  0.22758857  0.22758857  0.22128298  0.22128298  0.07876674  0.08397592  0.06845583  0.07359354  0.06335312  0.06335312  0.06335312  0.00000000  0.39744526  0.36632423  0.34380374  0.34380374  0.34380374  0.34380374  0.33644492  
20_7_0     0.26657937  0.26657937  0.27327985  0.34380374  0.34380374  0.34380374  0.34380374  0.33644492  0.31479256  0.35874191  0.35874191  0.35874191  0.35123558  0.40543185  0.39744526  0.40543185  0.39744526  0.00000000  0.08397592  0.08922158  0.07876674  0.08397592  0.09982443  0.08397592  
16_7_0     0.24036129  0.24036129  0.24683027  0.32915769  0.32915769  0.32915769  0.32915769  0.32915769  0.32194069  0.34380374  0.34380374  0.34380374  0.35123558  0.35874191  0.35123558  0.35874191  0.36632423  0.08397592  0.00000000  0.07876674  0.07876674  0.08397592  0.10518267  0.08397592  
18_11_0    0.24036129  0.26657937  0.24683027  0.29374863  0.29374863  0.29374863  0.30069778  0.31479256  0.29374863  0.31479256  0.32194069  0.32194069  0.31479256  0.35123558  0.34380374  0.35123558  0.34380374  0.08922158  0.07876674  0.00000000  0.01892878  0.02857565  0.03344608  0.02373668  
19_13_0    0.24036129  0.26657937  0.24683027  0.30771202  0.30771202  0.30771202  0.31479256  0.31479256  0.28686336  0.31479256  0.32194069  0.32194069  0.31479256  0.35123558  0.34380374  0.35123558  0.34380374  0.07876674  0.07876674  0.01892878  0.00000000  0.01892878  0.03344608  0.02373668  
17_13_0    0.24036129  0.25335561  0.25335561  0.32194069  0.32194069  0.32194069  0.32915769  0.31479256  0.30069778  0.32915769  0.32194069  0.32194069  0.31479256  0.35123558  0.34380374  0.35123558  0.34380374  0.08397592  0.08397592  0.02857565  0.01892878  0.00000000  0.04328299  0.03344608  
19_11_0    0.25993831  0.27327985  0.25335561  0.31479256  0.31479256  0.31479256  0.32194069  0.30771202  0.29374863  0.32194069  0.32915769  0.32915769  0.32194069  0.35123558  0.35874191  0.35123558  0.34380374  0.09982443  0.10518267  0.03344608  0.03344608  0.04328299  0.00000000  0.02857565  
17_11_0    0.24036129  0.26657937  0.24683027  0.30069778  0.30069778  0.30069778  0.30771202  0.30771202  0.28686336  0.30771202  0.31479256  0.31479256  0.30771202  0.33644492  0.34380374  0.33644492  0.33644492  0.08397592  0.08397592  0.02373668  0.02373668  0.03344608  0.02857565  0.00000000  

