173
98_0_0     0.00000000  0.05669868  0.09832574  0.10614906  0.20701173  0.08291985  0.08291985  0.09058322  0.09058322  0.07156972  0.23918146  0.23918146  0.23918146  0.24863220  0.21152374  0.21152374  0.17616592  0.17616592  0.19806837  0.22984838  0.16758104  0.22522505  0.23450039  0.24389194  0.25820362  0.25820362  0.25820362  0.29270006  0.28767374  0.32886086  0.29270006  0.29270006  0.26303555  0.26789883  0.27772108  0.27279387  0.26789883  0.27279387  0.21152374  0.19363638  0.32886086  0.32886086  0.21606308  0.22063007  0.26789883  0.34490877  0.33952121  0.34490877  0.36130776  0.55581848  0.34490877  0.22063007  0.22063007  0.30285496  0.22063007  0.18485026  0.23450039  0.26303555  0.26303555  0.28268089  0.27772108  0.29270006  0.30798447  0.30798447  0.30798447  0.23918146  0.24863220  0.24389194  0.26303555  0.29270006  0.28767374  0.26789883  0.29270006  0.26303555  0.24389194  0.26303555  0.23450039  0.22063007  0.22522505  0.22063007  0.35033534  0.21152374  0.21606308  0.22522505  0.22984838  0.22984838  0.22522505  0.24863220  0.22984838  0.18049551  0.20252671  0.20701173  0.19806837  0.21152374  0.26789883  0.26789883  0.20701173  0.23918146  0.71482715  0.69732006  0.68021252  0.68021252  0.70602249  0.70602249  0.68871748  0.78925521  0.78925521  0.82943731  0.82943731  0.76047184  0.46169015  0.35033534  0.37244318  0.40102765  0.37807354  0.37807354  0.38374651  0.36130776  0.37807354  0.36685480  0.37807354  0.37244318  0.36130776  0.37244318  0.42470688  0.39522289  0.36130776  0.35580148  0.34490877  0.36130776  0.40102765  0.35580148  0.35033534  0.36130776  0.36685480  0.38946274  0.37244318  0.35580148  0.36685480  0.36685480  0.37807354  0.36130776  0.38374651  0.45539817  0.36130776  0.36685480  0.36130776  0.33952121  0.38946274  0.34490877  0.33952121  0.35580148  0.36130776  0.31314931  0.32358700  0.31314931  0.32886086  0.33417208  0.53462936  0.54162606  0.52769736  0.49396747  0.49396747  0.52082887  0.30285496  0.30285496  0.28268089  0.27279387  0.29776032  0.27279387  0.27279387  0.26303555  0.25340264  
96_0_0     0.05669868  0.00000000  0.11009156  0.10614906  0.19363638  0.09058322  0.09058322  0.10614906  0.10614906  0.08674174  0.23450039  0.23450039  0.22522505  0.22522505  0.20252671  0.20252671  0.17616592  0.17186119  0.18485026  0.23450039  0.16332518  0.23450039  0.23918146  0.23918146  0.25340264  0.25340264  0.25340264  0.30798447  0.30285496  0.31834999  0.30798447  0.29776032  0.28767374  0.28268089  0.29270006  0.29270006  0.28767374  0.26789883  0.21606308  0.19806837  0.34490877  0.34490877  0.21152374  0.21606308  0.24863220  0.32358700  0.31834999  0.32358700  0.38374651  0.55581848  0.36685480  0.22984838  0.21152374  0.29270006  0.21152374  0.21606308  0.24863220  0.24863220  0.24863220  0.27772108  0.27279387  0.27772108  0.29270006  0.31834999  0.31834999  0.25340264  0.26303555  0.25820362  0.27772108  0.30798447  0.30285496  0.28268089  0.30798447  0.26303555  0.24389194  0.26303555  0.24389194  0.22522505  0.24863220  0.20701173  0.34490877  0.22522505  0.21152374  0.22063007  0.20701173  0.20701173  0.22984838  0.24863220  0.23450039  0.19363638  0.19806837  0.20252671  0.19363638  0.22522505  0.26303555  0.26303555  0.21152374  0.25820362  0.73275291  0.71482715  0.72373645  0.72373645  0.70602249  0.70602249  0.72373645  0.82943731  0.82943731  0.87189588  0.87189588  0.81918806  0.46803539  0.32886086  0.38374651  0.41277377  0.36685480  0.37807354  0.37244318  0.36130776  0.38946274  0.36685480  0.36685480  0.36130776  0.37807354  0.37807354  0.43683303  0.40102765  0.33952121  0.34490877  0.32358700  0.32886086  0.40687770  0.37807354  0.35033534  0.36130776  0.37807354  0.36685480  0.38374651  0.36685480  0.38946274  0.38946274  0.40102765  0.35033534  0.37244318  0.44297046  0.36130776  0.40102765  0.38374651  0.32886086  0.36685480  0.35033534  0.34490877  0.35580148  0.33952121  0.31314931  0.30285496  0.30285496  0.32886086  0.33417208  0.55581848  0.53462936  0.52082887  0.50059312  0.50059312  0.52769736  0.29776032  0.29776032  0.28767374  0.28767374  0.29270006  0.27772108  0.27772108  0.25820362  0.27772108  
92_0_0     0.09832574  0.11009156  0.00000000  0.03136379  0.15488528  0.03493105  0.03493105  0.06782421  0.06782421  0.05669868  0.20252671  0.19363638  0.20252671  0.21152374  0.18485026  0.18485026  0.15909336  0.17186119  0.17616592  0.21606308  0.17186119  0.20701173  0.22984838  0.22984838  0.25340264  0.25340264  0.26303555  0.30285496  0.28767374  0.30285496  0.28268089  0.29270006  0.26303555  0.26789883  0.27772108  0.24863220  0.24389194  0.28268089  0.19806837  0.18049551  0.29776032  0.29776032  0.22063007  0.21606308  0.22984838  0.36130776  0.35580148  0.36130776  0.38946274  0.53462936  0.36130776  0.21152374  0.19363638  0.26789883  0.21152374  0.21152374  0.24389194  0.25340264  0.25340264  0.27279387  0.26789883  0.29270006  0.29776032  0.31834999  0.31834999  0.24863220  0.25820362  0.26303555  0.27279387  0.27772108  0.28268089  0.25340264  0.27772108  0.26789883  0.25820362  0.26789883  0.22522505  0.18923045  0.21152374  0.19363638  0.34490877  0.22063007  0.19363638  0.19363638  0.22063007  0.22063007  0.22984838  0.23450039  0.21606308  0.15488528  0.21152374  0.21606308  0.19363638  0.21606308  0.23918146  0.23918146  0.19363638  0.23918146  0.76994403  0.76994403  0.76994403  0.76994403  0.76047184  0.76047184  0.75111785  0.76994403  0.78925521  0.78925521  0.78925521  0.81918806  0.45539817  0.31834999  0.37807354  0.41871658  0.33417208  0.34490877  0.31834999  0.32886086  0.36130776  0.32886086  0.32886086  0.33952121  0.33417208  0.35580148  0.40102765  0.36685480  0.32886086  0.33417208  0.31314931  0.31834999  0.34490877  0.33952121  0.32886086  0.33952121  0.33952121  0.33952121  0.33952121  0.32358700  0.35033534  0.35033534  0.35033534  0.32886086  0.35033534  0.42470688  0.33417208  0.35033534  0.34490877  0.31834999  0.33417208  0.29776032  0.29270006  0.33417208  0.35580148  0.27279387  0.27772108  0.26303555  0.33417208  0.32358700  0.54162606  0.52082887  0.50727786  0.44297046  0.44297046  0.50059312  0.29270006  0.29270006  0.29270006  0.23450039  0.27279387  0.25820362  0.25820362  0.25820362  0.23918146  
77_0_0     0.10614906  0.10614906  0.03136379  0.00000000  0.12607221  0.02781341  0.02781341  0.06409732  0.06409732  0.05302656  0.21152374  0.20252671  0.20252671  0.21152374  0.19363638  0.19363638  0.17616592  0.16758104  0.17186119  0.22984838  0.16758104  0.20701173  0.24863220  0.24863220  0.23918146  0.23918146  0.24863220  0.30285496  0.28767374  0.29270006  0.29270006  0.30285496  0.28268089  0.28767374  0.29776032  0.26303555  0.25820362  0.25820362  0.18923045  0.16332518  0.31314931  0.31314931  0.20252671  0.19806837  0.23450039  0.36130776  0.35580148  0.37244318  0.38946274  0.52769736  0.37244318  0.21606308  0.19806837  0.27279387  0.20701173  0.19806837  0.25340264  0.25340264  0.25340264  0.27279387  0.26789883  0.28268089  0.28767374  0.32358700  0.32358700  0.27279387  0.27772108  0.28268089  0.27279387  0.28268089  0.29776032  0.26789883  0.29270006  0.28268089  0.27279387  0.28268089  0.23450039  0.18485026  0.19806837  0.18485026  0.35580148  0.20252671  0.18049551  0.18923045  0.20252671  0.20252671  0.21606308  0.23450039  0.21152374  0.15909336  0.21152374  0.21606308  0.18923045  0.22984838  0.23450039  0.23450039  0.18923045  0.23918146  0.76994403  0.76994403  0.77953744  0.77953744  0.76047184  0.76047184  0.74187914  0.76994403  0.76994403  0.78925521  0.78925521  0.82943731  0.49396747  0.31314931  0.37807354  0.43683303  0.33952121  0.35033534  0.32358700  0.33417208  0.33952121  0.32886086  0.32886086  0.33417208  0.35033534  0.33952121  0.39522289  0.36130776  0.33417208  0.33952121  0.31834999  0.32358700  0.34490877  0.33417208  0.31834999  0.32886086  0.33417208  0.33417208  0.32886086  0.31314931  0.34490877  0.34490877  0.34490877  0.33417208  0.35580148  0.43074544  0.32886086  0.36685480  0.36130776  0.32358700  0.33952121  0.30798447  0.30285496  0.33417208  0.35580148  0.27772108  0.27772108  0.26789883  0.33417208  0.32886086  0.56301674  0.54162606  0.52769736  0.45539817  0.45539817  0.50059312  0.28767374  0.28767374  0.28767374  0.23918146  0.28268089  0.25820362  0.25820362  0.25340264  0.23450039  
91_0_0     0.20701173  0.19363638  0.15488528  0.12607221  0.00000000  0.14240097  0.14240097  0.15070070  0.15070070  0.15488528  0.27772108  0.26789883  0.27279387  0.27279387  0.26303555  0.26303555  0.25340264  0.24863220  0.23918146  0.29776032  0.23918146  0.27279387  0.32358700  0.32358700  0.30798447  0.30798447  0.31834999  0.38946274  0.37244318  0.36685480  0.37244318  0.38374651  0.33417208  0.33952121  0.34490877  0.32886086  0.32358700  0.30798447  0.27279387  0.26303555  0.36685480  0.36685480  0.30285496  0.29776032  0.29270006  0.41871658  0.41871658  0.43683303  0.44915856  0.58503578  0.44297046  0.28268089  0.27279387  0.33417208  0.28268089  0.27279387  0.29776032  0.32358700  0.32358700  0.33417208  0.33952121  0.33417208  0.33952121  0.38374651  0.38946274  0.33417208  0.31834999  0.32358700  0.30285496  0.34490877  0.36685480  0.33417208  0.36685480  0.33417208  0.34490877  0.33417208  0.28767374  0.27279387  0.26303555  0.29270006  0.40687770  0.27279387  0.27772108  0.28268089  0.28767374  0.28767374  0.26303555  0.29776032  0.26789883  0.25820362  0.30798447  0.31314931  0.28268089  0.30798447  0.31314931  0.31314931  0.26789883  0.29776032  0.73275291  0.73275291  0.74187914  0.74187914  0.76047184  0.76047184  0.76994403  0.81918806  0.79910062  0.83982864  0.83982864  0.81918806  0.54868869  0.42470688  0.42470688  0.48088930  0.42470688  0.41871658  0.41871658  0.40687770  0.41871658  0.43074544  0.43074544  0.41277377  0.43074544  0.43074544  0.46169015  0.44915856  0.41277377  0.41277377  0.39522289  0.40102765  0.40687770  0.43074544  0.41277377  0.42470688  0.43074544  0.43074544  0.44297046  0.42470688  0.43683303  0.43683303  0.44915856  0.41277377  0.43074544  0.45539817  0.43074544  0.47443479  0.44915856  0.41277377  0.40102765  0.40687770  0.40102765  0.44297046  0.43683303  0.36685480  0.35033534  0.37244318  0.37244318  0.40102765  0.57028480  0.54868869  0.54868869  0.52082887  0.52082887  0.51402275  0.33417208  0.33417208  0.33417208  0.32358700  0.36130776  0.35033534  0.35033534  0.36685480  0.31834999  
72_17_0    0.08291985  0.09058322  0.03493105  0.02781341  0.14240097  0.00000000  0.00000000  0.04211693  0.04211693  0.03136379  0.20252671  0.19363638  0.19363638  0.20252671  0.18485026  0.18485026  0.15909336  0.16758104  0.17186119  0.22063007  0.15909336  0.19806837  0.23918146  0.23918146  0.23918146  0.23918146  0.24863220  0.28268089  0.26789883  0.29270006  0.27279387  0.28268089  0.27279387  0.27772108  0.28767374  0.27279387  0.26789883  0.26789883  0.18485026  0.17616592  0.31834999  0.31834999  0.20701173  0.20252671  0.21152374  0.35580148  0.35033534  0.36685480  0.37244318  0.55581848  0.37807354  0.21152374  0.19363638  0.26789883  0.19363638  0.19363638  0.23918146  0.24863220  0.24863220  0.26789883  0.26303555  0.26789883  0.27279387  0.28767374  0.29270006  0.24863220  0.25340264  0.25820362  0.26789883  0.28767374  0.29270006  0.26303555  0.28767374  0.27279387  0.26303555  0.27279387  0.23918146  0.16332518  0.17616592  0.18049551  0.32886086  0.19806837  0.18485026  0.19363638  0.20701173  0.20701173  0.19363638  0.23450039  0.20701173  0.15488528  0.20701173  0.21152374  0.18485026  0.20701173  0.23918146  0.23918146  0.18485026  0.23918146  0.77953744  0.77953744  0.76994403  0.76994403  0.76994403  0.76994403  0.73275291  0.79910062  0.79910062  0.81918806  0.81918806  0.81918806  0.47443479  0.29776032  0.35033534  0.41871658  0.32358700  0.33417208  0.31834999  0.31834999  0.33417208  0.32358700  0.32358700  0.31834999  0.34490877  0.34490877  0.41277377  0.36685480  0.33952121  0.34490877  0.32358700  0.32886086  0.36130776  0.33952121  0.33417208  0.34490877  0.32886086  0.33952121  0.35580148  0.33952121  0.33952121  0.33952121  0.35033534  0.34490877  0.37807354  0.40102765  0.31314931  0.35033534  0.34490877  0.29776032  0.32358700  0.30285496  0.29776032  0.33952121  0.33952121  0.26303555  0.26303555  0.25340264  0.32886086  0.31314931  0.53462936  0.54162606  0.52769736  0.48088930  0.48088930  0.51402275  0.29776032  0.29776032  0.28767374  0.24863220  0.28268089  0.25820362  0.25820362  0.23918146  0.22063007  
72_0_0     0.08291985  0.09058322  0.03493105  0.02781341  0.14240097  0.00000000  0.00000000  0.04211693  0.04211693  0.03136379  0.20252671  0.19363638  0.19363638  0.20252671  0.18485026  0.18485026  0.15909336  0.16758104  0.17186119  0.22063007  0.15909336  0.19806837  0.23918146  0.23918146  0.23918146  0.23918146  0.24863220  0.28268089  0.26789883  0.29270006  0.27279387  0.28268089  0.27279387  0.27772108  0.28767374  0.27279387  0.26789883  0.26789883  0.18485026  0.17616592  0.31834999  0.31834999  0.20701173  0.20252671  0.21152374  0.35580148  0.35033534  0.36685480  0.37244318  0.55581848  0.37807354  0.21152374  0.19363638  0.26789883  0.19363638  0.19363638  0.23918146  0.24863220  0.24863220  0.26789883  0.26303555  0.26789883  0.27279387  0.28767374  0.29270006  0.24863220  0.25340264  0.25820362  0.26789883  0.28767374  0.29270006  0.26303555  0.28767374  0.27279387  0.26303555  0.27279387  0.23918146  0.16332518  0.17616592  0.18049551  0.32886086  0.19806837  0.18485026  0.19363638  0.20701173  0.20701173  0.19363638  0.23450039  0.20701173  0.15488528  0.20701173  0.21152374  0.18485026  0.20701173  0.23918146  0.23918146  0.18485026  0.23918146  0.77953744  0.77953744  0.76994403  0.76994403  0.76994403  0.76994403  0.73275291  0.79910062  0.79910062  0.81918806  0.81918806  0.81918806  0.47443479  0.29776032  0.35033534  0.41871658  0.32358700  0.33417208  0.31834999  0.31834999  0.33417208  0.32358700  0.32358700  0.31834999  0.34490877  0.34490877  0.41277377  0.36685480  0.33952121  0.34490877  0.32358700  0.32886086  0.36130776  0.33952121  0.33417208  0.34490877  0.32886086  0.33952121  0.35580148  0.33952121  0.33952121  0.33952121  0.35033534  0.34490877  0.37807354  0.40102765  0.31314931  0.35033534  0.34490877  0.29776032  0.32358700  0.30285496  0.29776032  0.33952121  0.33952121  0.26303555  0.26303555  0.25340264  0.32886086  0.31314931  0.53462936  0.54162606  0.52769736  0.48088930  0.48088930  0.51402275  0.29776032  0.29776032  0.28767374  0.24863220  0.28268089  0.25820362  0.25820362  0.23918146  0.22063007  
81_0_0     0.09058322  0.10614906  0.06782421  0.06409732  0.15070070  0.04211693  0.04211693  0.00000000  0.00000000  0.01726208  0.24389194  0.23450039  0.24389194  0.25340264  0.21606308  0.21606308  0.18923045  0.18923045  0.19363638  0.25340264  0.18049551  0.22984838  0.24863220  0.24863220  0.26303555  0.26303555  0.27279387  0.32886086  0.31314931  0.32358700  0.31834999  0.32886086  0.29776032  0.30285496  0.31314931  0.29776032  0.29270006  0.26789883  0.20252671  0.20252671  0.33952121  0.33952121  0.23450039  0.22984838  0.23450039  0.36685480  0.36130776  0.36685480  0.38374651  0.54868869  0.37807354  0.23918146  0.22984838  0.31834999  0.22984838  0.22984838  0.25820362  0.26789883  0.26789883  0.27772108  0.27279387  0.27772108  0.27279387  0.30798447  0.31314931  0.27279387  0.26303555  0.26789883  0.27772108  0.30798447  0.31314931  0.28268089  0.30798447  0.29776032  0.28767374  0.29776032  0.26789883  0.19806837  0.20252671  0.20701173  0.36685480  0.22522505  0.21152374  0.22063007  0.21606308  0.21606308  0.22984838  0.25820362  0.23450039  0.18049551  0.23450039  0.23918146  0.22984838  0.24389194  0.28767374  0.28767374  0.22063007  0.24389194  0.77953744  0.79910062  0.80907706  0.80907706  0.76994403  0.76994403  0.76994403  0.77953744  0.76994403  0.79910062  0.79910062  0.81918806  0.46803539  0.32358700  0.36685480  0.40102765  0.36685480  0.37807354  0.36130776  0.35033534  0.33952121  0.33952121  0.32886086  0.33417208  0.36130776  0.37244318  0.41871658  0.40687770  0.36685480  0.37244318  0.35033534  0.35580148  0.35580148  0.35580148  0.33952121  0.35033534  0.34490877  0.35580148  0.36130776  0.34490877  0.35580148  0.35580148  0.36685480  0.33952121  0.37244318  0.43074544  0.33952121  0.37807354  0.37244318  0.34490877  0.36130776  0.34490877  0.33952121  0.37244318  0.35580148  0.30798447  0.29776032  0.29776032  0.33417208  0.33952121  0.54868869  0.54162606  0.54162606  0.49396747  0.49396747  0.55581848  0.31314931  0.31314931  0.30285496  0.26303555  0.31834999  0.28268089  0.28268089  0.26303555  0.25340264  
71_0_0     0.09058322  0.10614906  0.06782421  0.06409732  0.15070070  0.04211693  0.04211693  0.00000000  0.00000000  0.01726208  0.24389194  0.23450039  0.24389194  0.25340264  0.21606308  0.21606308  0.18923045  0.18923045  0.19363638  0.25340264  0.18049551  0.22984838  0.24863220  0.24863220  0.26303555  0.26303555  0.27279387  0.32886086  0.31314931  0.32358700  0.31834999  0.32886086  0.29776032  0.30285496  0.31314931  0.29776032  0.29270006  0.26789883  0.20252671  0.20252671  0.33952121  0.33952121  0.23450039  0.22984838  0.23450039  0.36685480  0.36130776  0.36685480  0.38374651  0.54868869  0.37807354  0.23918146  0.22984838  0.31834999  0.22984838  0.22984838  0.25820362  0.26789883  0.26789883  0.27772108  0.27279387  0.27772108  0.27279387  0.30798447  0.31314931  0.27279387  0.26303555  0.26789883  0.27772108  0.30798447  0.31314931  0.28268089  0.30798447  0.29776032  0.28767374  0.29776032  0.26789883  0.19806837  0.20252671  0.20701173  0.36685480  0.22522505  0.21152374  0.22063007  0.21606308  0.21606308  0.22984838  0.25820362  0.23450039  0.18049551  0.23450039  0.23918146  0.22984838  0.24389194  0.28767374  0.28767374  0.22063007  0.24389194  0.77953744  0.79910062  0.80907706  0.80907706  0.76994403  0.76994403  0.76994403  0.77953744  0.76994403  0.79910062  0.79910062  0.81918806  0.46803539  0.32358700  0.36685480  0.40102765  0.36685480  0.37807354  0.36130776  0.35033534  0.33952121  0.33952121  0.32886086  0.33417208  0.36130776  0.37244318  0.41871658  0.40687770  0.36685480  0.37244318  0.35033534  0.35580148  0.35580148  0.35580148  0.33952121  0.35033534  0.34490877  0.35580148  0.36130776  0.34490877  0.35580148  0.35580148  0.36685480  0.33952121  0.37244318  0.43074544  0.33952121  0.37807354  0.37244318  0.34490877  0.36130776  0.34490877  0.33952121  0.37244318  0.35580148  0.30798447  0.29776032  0.29776032  0.33417208  0.33952121  0.54868869  0.54162606  0.54162606  0.49396747  0.49396747  0.55581848  0.31314931  0.31314931  0.30285496  0.26303555  0.31834999  0.28268089  0.28268089  0.26303555  0.25340264  
69_0_0     0.07156972  0.08674174  0.05669868  0.05302656  0.15488528  0.03136379  0.03136379  0.01726208  0.01726208  0.00000000  0.23918146  0.22984838  0.22984838  0.23918146  0.20252671  0.20252671  0.17616592  0.16758104  0.17186119  0.22984838  0.15909336  0.22522505  0.24389194  0.24389194  0.26789883  0.26789883  0.26789883  0.31314931  0.30798447  0.31834999  0.31314931  0.31314931  0.29270006  0.29776032  0.30798447  0.29270006  0.28767374  0.27279387  0.19806837  0.19806837  0.34490877  0.34490877  0.22063007  0.21606308  0.23918146  0.37244318  0.36685480  0.37244318  0.38946274  0.54162606  0.38374651  0.22522505  0.22522505  0.29270006  0.22522505  0.22522505  0.24863220  0.25820362  0.25820362  0.27772108  0.27279387  0.26789883  0.26303555  0.29776032  0.30285496  0.26303555  0.25340264  0.25820362  0.27772108  0.30798447  0.31314931  0.28268089  0.30798447  0.28767374  0.27772108  0.28767374  0.24863220  0.19363638  0.19806837  0.20252671  0.33952121  0.22063007  0.19806837  0.20701173  0.21152374  0.21152374  0.21606308  0.25340264  0.22984838  0.16758104  0.22063007  0.22522505  0.20701173  0.22063007  0.26789883  0.26789883  0.20701173  0.24863220  0.77953744  0.77953744  0.78925521  0.78925521  0.76994403  0.76994403  0.76994403  0.76994403  0.79910062  0.78925521  0.78925521  0.82943731  0.46169015  0.31834999  0.38374651  0.40687770  0.35580148  0.36685480  0.36130776  0.35033534  0.34490877  0.33417208  0.33417208  0.33952121  0.34490877  0.35580148  0.41277377  0.38946274  0.36130776  0.36685480  0.34490877  0.35033534  0.37244318  0.36130776  0.34490877  0.35580148  0.35033534  0.36130776  0.36685480  0.35033534  0.36130776  0.36130776  0.38374651  0.36685480  0.40102765  0.42470688  0.34490877  0.38374651  0.37807354  0.32886086  0.36685480  0.33952121  0.33417208  0.35580148  0.35033534  0.29270006  0.28268089  0.28268089  0.35033534  0.34490877  0.54868869  0.54162606  0.54162606  0.46803539  0.46803539  0.52082887  0.29776032  0.29776032  0.28767374  0.26789883  0.30285496  0.28767374  0.28767374  0.24863220  0.24863220  
73_0_0     0.23918146  0.23450039  0.20252671  0.21152374  0.27772108  0.20252671  0.20252671  0.24389194  0.24389194  0.23918146  0.00000000  0.00685721  0.04937235  0.04573586  0.22984838  0.22984838  0.22522505  0.23918146  0.25820362  0.27279387  0.22522505  0.25340264  0.30798447  0.29270006  0.32358700  0.32358700  0.32886086  0.30798447  0.30285496  0.29776032  0.26789883  0.26789883  0.30285496  0.29776032  0.32886086  0.32358700  0.31834999  0.32358700  0.29270006  0.23918146  0.30798447  0.30798447  0.24389194  0.24863220  0.28767374  0.35580148  0.34490877  0.35033534  0.35580148  0.63907754  0.38374651  0.25340264  0.23918146  0.31314931  0.25820362  0.26303555  0.24863220  0.29270006  0.29270006  0.26303555  0.25820362  0.30798447  0.31314931  0.33952121  0.34490877  0.26789883  0.28268089  0.27772108  0.26303555  0.26303555  0.26303555  0.24389194  0.24389194  0.29270006  0.27279387  0.29270006  0.25820362  0.23450039  0.25340264  0.26303555  0.40102765  0.24389194  0.26303555  0.26789883  0.26303555  0.26303555  0.27279387  0.27772108  0.28767374  0.22522505  0.28268089  0.27772108  0.23450039  0.27772108  0.28268089  0.28268089  0.23918146  0.27772108  0.69732006  0.68021252  0.67180296  0.67180296  0.71482715  0.71482715  0.68021252  0.76994403  0.79910062  0.80907706  0.80907706  0.72373645  0.48088930  0.35033534  0.40102765  0.39522289  0.34490877  0.34490877  0.33952121  0.36130776  0.43683303  0.41277377  0.40102765  0.35033534  0.38374651  0.37244318  0.45539817  0.35580148  0.31314931  0.30798447  0.30798447  0.31314931  0.36685480  0.37807354  0.40687770  0.39522289  0.37807354  0.36685480  0.37807354  0.36130776  0.38374651  0.38374651  0.39522289  0.41277377  0.41871658  0.37244318  0.40102765  0.44915856  0.43683303  0.33952121  0.35033534  0.37244318  0.37807354  0.41871658  0.36130776  0.32886086  0.35033534  0.33952121  0.37244318  0.35580148  0.52769736  0.58503578  0.57028480  0.55581848  0.55581848  0.54162606  0.33952121  0.33952121  0.33952121  0.24389194  0.26789883  0.24863220  0.24863220  0.28268089  0.28268089  
85_0_0     0.23918146  0.23450039  0.19363638  0.20252671  0.26789883  0.19363638  0.19363638  0.23450039  0.23450039  0.22984838  0.00685721  0.00000000  0.04211693  0.03851538  0.22984838  0.22984838  0.22522505  0.23918146  0.24863220  0.26303555  0.22522505  0.26303555  0.31834999  0.30285496  0.33417208  0.33417208  0.33952121  0.31834999  0.31314931  0.30798447  0.27772108  0.27772108  0.31314931  0.30798447  0.33952121  0.31314931  0.30798447  0.32358700  0.28268089  0.23918146  0.31834999  0.31834999  0.25340264  0.25820362  0.28767374  0.35580148  0.34490877  0.35033534  0.36685480  0.63907754  0.38374651  0.26303555  0.24863220  0.30285496  0.26789883  0.26303555  0.23918146  0.28268089  0.28268089  0.25340264  0.24863220  0.29776032  0.30285496  0.33952121  0.34490877  0.25820362  0.27279387  0.26789883  0.25340264  0.26303555  0.25340264  0.23450039  0.23450039  0.29270006  0.28268089  0.29270006  0.25820362  0.23450039  0.25340264  0.26303555  0.39522289  0.24389194  0.25340264  0.26789883  0.26303555  0.26303555  0.26303555  0.26789883  0.27772108  0.21606308  0.28268089  0.27772108  0.23450039  0.27772108  0.28268089  0.28268089  0.22984838  0.26789883  0.70602249  0.68871748  0.68021252  0.68021252  0.72373645  0.72373645  0.68871748  0.76047184  0.79910062  0.79910062  0.79910062  0.73275291  0.48088930  0.34490877  0.40687770  0.40102765  0.35033534  0.35033534  0.34490877  0.36685480  0.43074544  0.40687770  0.39522289  0.35580148  0.38946274  0.37807354  0.44915856  0.36130776  0.31834999  0.31314931  0.31314931  0.31834999  0.37244318  0.38374651  0.40102765  0.40102765  0.38374651  0.37244318  0.37244318  0.35580148  0.37807354  0.37807354  0.38946274  0.41871658  0.42470688  0.37244318  0.40687770  0.44297046  0.43074544  0.33417208  0.35580148  0.36685480  0.37244318  0.41277377  0.36685480  0.32358700  0.34490877  0.33417208  0.37807354  0.36130776  0.52769736  0.58503578  0.57028480  0.55581848  0.55581848  0.54162606  0.33952121  0.33952121  0.33952121  0.24389194  0.26789883  0.24863220  0.24863220  0.29270006  0.29270006  
85_18_0    0.23918146  0.22522505  0.20252671  0.20252671  0.27279387  0.19363638  0.19363638  0.24389194  0.24389194  0.22984838  0.04937235  0.04211693  0.00000000  0.01030948  0.22984838  0.22984838  0.22522505  0.23918146  0.24863220  0.27279387  0.21606308  0.27279387  0.32886086  0.31314931  0.32358700  0.32358700  0.32886086  0.31834999  0.31314931  0.30798447  0.27772108  0.27772108  0.31314931  0.30798447  0.33952121  0.31314931  0.30798447  0.31314931  0.29270006  0.24863220  0.33952121  0.33952121  0.27279387  0.27772108  0.28767374  0.37807354  0.36685480  0.37244318  0.35580148  0.63111464  0.39522289  0.27279387  0.25820362  0.30285496  0.26789883  0.27279387  0.24863220  0.28268089  0.28268089  0.26303555  0.25820362  0.28767374  0.29270006  0.31834999  0.32358700  0.25340264  0.27279387  0.26789883  0.27279387  0.28268089  0.26303555  0.24389194  0.23450039  0.31314931  0.30285496  0.31314931  0.26789883  0.24389194  0.25340264  0.27279387  0.36685480  0.25340264  0.27279387  0.27772108  0.26303555  0.26303555  0.27279387  0.27772108  0.28767374  0.23450039  0.27279387  0.26789883  0.23450039  0.28767374  0.29270006  0.29270006  0.23918146  0.28767374  0.70602249  0.68871748  0.68021252  0.68021252  0.70602249  0.70602249  0.68871748  0.73275291  0.79910062  0.76994403  0.76994403  0.74187914  0.50059312  0.36130776  0.41277377  0.40102765  0.35033534  0.35033534  0.35580148  0.36685480  0.41871658  0.37244318  0.37244318  0.34490877  0.38946274  0.37807354  0.46169015  0.37244318  0.33417208  0.32886086  0.33417208  0.33417208  0.38946274  0.40102765  0.41871658  0.41871658  0.40102765  0.38946274  0.38946274  0.37244318  0.39522289  0.39522289  0.40687770  0.43074544  0.43683303  0.36685480  0.40102765  0.43683303  0.43683303  0.33952121  0.36130776  0.35580148  0.36130776  0.40687770  0.37244318  0.33952121  0.35033534  0.35033534  0.39522289  0.37807354  0.54162606  0.59252157  0.58503578  0.54868869  0.54868869  0.54162606  0.35033534  0.35033534  0.33952121  0.27279387  0.28767374  0.27772108  0.27772108  0.30798447  0.30798447  
73_18_0    0.24863220  0.22522505  0.21152374  0.21152374  0.27279387  0.20252671  0.20252671  0.25340264  0.25340264  0.23918146  0.04573586  0.03851538  0.01030948  0.00000000  0.23450039  0.23450039  0.22984838  0.24863220  0.25820362  0.26303555  0.22522505  0.27279387  0.34490877  0.32886086  0.32358700  0.32358700  0.32886086  0.31834999  0.31314931  0.30798447  0.27772108  0.27772108  0.32358700  0.31834999  0.33952121  0.31834999  0.31314931  0.31314931  0.30285496  0.25820362  0.32886086  0.32886086  0.28268089  0.28767374  0.29776032  0.37807354  0.36685480  0.37244318  0.36685480  0.62323544  0.40687770  0.28268089  0.25820362  0.29270006  0.26789883  0.28268089  0.25820362  0.28268089  0.28268089  0.27279387  0.26789883  0.28767374  0.29270006  0.31834999  0.32358700  0.24863220  0.27279387  0.26789883  0.27279387  0.29270006  0.27279387  0.25340264  0.24389194  0.31314931  0.30285496  0.31314931  0.26789883  0.25340264  0.26303555  0.28268089  0.37807354  0.26303555  0.28268089  0.28767374  0.27279387  0.27279387  0.27279387  0.28767374  0.29776032  0.24389194  0.27279387  0.26789883  0.24389194  0.29776032  0.29270006  0.29270006  0.24863220  0.28767374  0.70602249  0.68871748  0.68021252  0.68021252  0.70602249  0.70602249  0.70602249  0.74187914  0.81918806  0.77953744  0.77953744  0.75111785  0.49396747  0.37244318  0.41277377  0.40102765  0.35580148  0.35580148  0.36130776  0.37244318  0.42470688  0.37807354  0.37807354  0.35033534  0.40687770  0.39522289  0.48088930  0.38946274  0.33417208  0.32886086  0.33417208  0.33417208  0.39522289  0.41277377  0.43074544  0.43074544  0.41277377  0.37807354  0.40102765  0.38374651  0.40687770  0.40687770  0.41871658  0.43074544  0.43683303  0.35580148  0.41277377  0.44915856  0.44915856  0.33952121  0.35033534  0.35580148  0.36130776  0.40687770  0.37244318  0.35033534  0.36130776  0.36130776  0.40687770  0.38946274  0.53462936  0.59252157  0.57762401  0.55581848  0.55581848  0.53462936  0.34490877  0.34490877  0.33417208  0.27279387  0.27772108  0.26789883  0.26789883  0.31834999  0.31834999  
71_15_0    0.21152374  0.20252671  0.18485026  0.19363638  0.26303555  0.18485026  0.18485026  0.21606308  0.21606308  0.20252671  0.22984838  0.22984838  0.22984838  0.23450039  0.00000000  0.00000000  0.04937235  0.07911734  0.09832574  0.16758104  0.10222719  0.13828532  0.20252671  0.17616592  0.28268089  0.28268089  0.28268089  0.32358700  0.31834999  0.31314931  0.30285496  0.31314931  0.29270006  0.28767374  0.28268089  0.31834999  0.31314931  0.28268089  0.23918146  0.22063007  0.31314931  0.31314931  0.24389194  0.25820362  0.27772108  0.32358700  0.31834999  0.33417208  0.34490877  0.57762401  0.33952121  0.26789883  0.23450039  0.29776032  0.25340264  0.19806837  0.22063007  0.26303555  0.26303555  0.24389194  0.23918146  0.26303555  0.27772108  0.27772108  0.28268089  0.24863220  0.23918146  0.23450039  0.24863220  0.23918146  0.22522505  0.25340264  0.23918146  0.26303555  0.26303555  0.26303555  0.23918146  0.21152374  0.20701173  0.21152374  0.35033534  0.18485026  0.22063007  0.22063007  0.23450039  0.23450039  0.25820362  0.27279387  0.25340264  0.23450039  0.21606308  0.21152374  0.22522505  0.22522505  0.23918146  0.23918146  0.22063007  0.25340264  0.77953744  0.76047184  0.75111785  0.75111785  0.78925521  0.78925521  0.74187914  0.80907706  0.77953744  0.80907706  0.80907706  0.80907706  0.49396747  0.28268089  0.33417208  0.40687770  0.33952121  0.33952121  0.32358700  0.31314931  0.35580148  0.30798447  0.31834999  0.29270006  0.36685480  0.34490877  0.38374651  0.33952121  0.31834999  0.32358700  0.31314931  0.30798447  0.34490877  0.31834999  0.31314931  0.32358700  0.30798447  0.32358700  0.31314931  0.31834999  0.30798447  0.30798447  0.29776032  0.32886086  0.35033534  0.37244318  0.29776032  0.33952121  0.35580148  0.29270006  0.30798447  0.35033534  0.35580148  0.36685480  0.30285496  0.26789883  0.27772108  0.26789883  0.31834999  0.30285496  0.57762401  0.52769736  0.52769736  0.47443479  0.47443479  0.48739986  0.29776032  0.29776032  0.29776032  0.26789883  0.26789883  0.25340264  0.25340264  0.25820362  0.23918146  
81_15_0    0.21152374  0.20252671  0.18485026  0.19363638  0.26303555  0.18485026  0.18485026  0.21606308  0.21606308  0.20252671  0.22984838  0.22984838  0.22984838  0.23450039  0.00000000  0.00000000  0.04937235  0.07911734  0.09832574  0.16758104  0.10222719  0.13828532  0.20252671  0.17616592  0.28268089  0.28268089  0.28268089  0.32358700  0.31834999  0.31314931  0.30285496  0.31314931  0.29270006  0.28767374  0.28268089  0.31834999  0.31314931  0.28268089  0.23918146  0.22063007  0.31314931  0.31314931  0.24389194  0.25820362  0.27772108  0.32358700  0.31834999  0.33417208  0.34490877  0.57762401  0.33952121  0.26789883  0.23450039  0.29776032  0.25340264  0.19806837  0.22063007  0.26303555  0.26303555  0.24389194  0.23918146  0.26303555  0.27772108  0.27772108  0.28268089  0.24863220  0.23918146  0.23450039  0.24863220  0.23918146  0.22522505  0.25340264  0.23918146  0.26303555  0.26303555  0.26303555  0.23918146  0.21152374  0.20701173  0.21152374  0.35033534  0.18485026  0.22063007  0.22063007  0.23450039  0.23450039  0.25820362  0.27279387  0.25340264  0.23450039  0.21606308  0.21152374  0.22522505  0.22522505  0.23918146  0.23918146  0.22063007  0.25340264  0.77953744  0.76047184  0.75111785  0.75111785  0.78925521  0.78925521  0.74187914  0.80907706  0.77953744  0.80907706  0.80907706  0.80907706  0.49396747  0.28268089  0.33417208  0.40687770  0.33952121  0.33952121  0.32358700  0.31314931  0.35580148  0.30798447  0.31834999  0.29270006  0.36685480  0.34490877  0.38374651  0.33952121  0.31834999  0.32358700  0.31314931  0.30798447  0.34490877  0.31834999  0.31314931  0.32358700  0.30798447  0.32358700  0.31314931  0.31834999  0.30798447  0.30798447  0.29776032  0.32886086  0.35033534  0.37244318  0.29776032  0.33952121  0.35580148  0.29270006  0.30798447  0.35033534  0.35580148  0.36685480  0.30285496  0.26789883  0.27772108  0.26789883  0.31834999  0.30285496  0.57762401  0.52769736  0.52769736  0.47443479  0.47443479  0.48739986  0.29776032  0.29776032  0.29776032  0.26789883  0.26789883  0.25340264  0.25340264  0.25820362  0.23918146  
69_15_0    0.17616592  0.17616592  0.15909336  0.17616592  0.25340264  0.15909336  0.15909336  0.18923045  0.18923045  0.17616592  0.22522505  0.22522505  0.22522505  0.22984838  0.04937235  0.04937235  0.00000000  0.04937235  0.06782421  0.14240097  0.07156972  0.11009156  0.18485026  0.18485026  0.24389194  0.24389194  0.24389194  0.30285496  0.30798447  0.32886086  0.28268089  0.29270006  0.25340264  0.24863220  0.26303555  0.31834999  0.31314931  0.26303555  0.22063007  0.21152374  0.32358700  0.32358700  0.24389194  0.24863220  0.26789883  0.30285496  0.29776032  0.32358700  0.33417208  0.57028480  0.32886086  0.24863220  0.21606308  0.26789883  0.23450039  0.18923045  0.22984838  0.25340264  0.25340264  0.26303555  0.26789883  0.26303555  0.27772108  0.29776032  0.30285496  0.24863220  0.23918146  0.23450039  0.24389194  0.25820362  0.25340264  0.25340264  0.25820362  0.26789883  0.26789883  0.26789883  0.23918146  0.19363638  0.18923045  0.19363638  0.33952121  0.17616592  0.22063007  0.22063007  0.23450039  0.23450039  0.25820362  0.26303555  0.24389194  0.23450039  0.19806837  0.20252671  0.22522505  0.21606308  0.22063007  0.22063007  0.22063007  0.22984838  0.75111785  0.74187914  0.72373645  0.72373645  0.77953744  0.77953744  0.73275291  0.81918806  0.75111785  0.81918806  0.81918806  0.81918806  0.50059312  0.28268089  0.32886086  0.38946274  0.35580148  0.34490877  0.32886086  0.31834999  0.36130776  0.31314931  0.32358700  0.30798447  0.34490877  0.33417208  0.40102765  0.35033534  0.31834999  0.32358700  0.31314931  0.30798447  0.33952121  0.32886086  0.32358700  0.33417208  0.31834999  0.33417208  0.32358700  0.32886086  0.32886086  0.32886086  0.31834999  0.33952121  0.35033534  0.36685480  0.31314931  0.32358700  0.35033534  0.30285496  0.33952121  0.32886086  0.33417208  0.36685480  0.29270006  0.27772108  0.28767374  0.27772108  0.30798447  0.30285496  0.53462936  0.52769736  0.52769736  0.48739986  0.48739986  0.52769736  0.27772108  0.27772108  0.26789883  0.24863220  0.24863220  0.24389194  0.24389194  0.23450039  0.21606308  
72_15_0    0.17616592  0.17186119  0.17186119  0.16758104  0.24863220  0.16758104  0.16758104  0.18923045  0.18923045  0.16758104  0.23918146  0.23918146  0.23918146  0.24863220  0.07911734  0.07911734  0.04937235  0.00000000  0.01726208  0.12204499  0.02781341  0.13012118  0.17186119  0.17186119  0.22522505  0.22522505  0.22522505  0.29270006  0.29776032  0.28767374  0.28268089  0.28268089  0.25340264  0.24863220  0.25820362  0.30285496  0.29776032  0.25340264  0.19363638  0.18485026  0.33952121  0.33952121  0.19806837  0.21152374  0.24863220  0.28767374  0.29270006  0.30798447  0.29776032  0.57028480  0.29776032  0.23918146  0.22063007  0.27279387  0.23918146  0.16332518  0.18923045  0.21606308  0.21606308  0.22063007  0.23450039  0.24389194  0.25820362  0.27772108  0.28268089  0.24863220  0.22984838  0.21606308  0.20701173  0.24389194  0.23918146  0.24863220  0.24389194  0.27279387  0.27279387  0.27279387  0.21152374  0.19363638  0.18923045  0.18485026  0.32886086  0.16758104  0.21152374  0.21152374  0.21606308  0.21606308  0.22984838  0.23918146  0.22522505  0.20701173  0.22063007  0.21606308  0.20701173  0.21606308  0.20252671  0.20252671  0.19363638  0.22984838  0.76047184  0.75111785  0.75111785  0.75111785  0.78925521  0.78925521  0.76994403  0.80907706  0.77953744  0.80907706  0.80907706  0.83982864  0.49396747  0.26303555  0.35033534  0.43074544  0.33417208  0.32358700  0.31834999  0.30798447  0.32358700  0.29776032  0.30798447  0.29776032  0.32358700  0.31314931  0.38374651  0.31834999  0.29270006  0.29776032  0.28767374  0.28268089  0.32886086  0.29776032  0.28268089  0.29270006  0.28767374  0.29776032  0.29270006  0.30798447  0.29776032  0.29776032  0.29776032  0.32886086  0.36130776  0.35033534  0.30285496  0.32358700  0.35033534  0.28268089  0.33417208  0.31834999  0.32886086  0.33417208  0.26303555  0.25820362  0.25820362  0.25820362  0.30285496  0.30798447  0.52769736  0.56301674  0.53462936  0.48088930  0.45539817  0.50059312  0.26303555  0.26303555  0.25340264  0.23918146  0.24389194  0.24863220  0.24863220  0.22063007  0.21152374  
92_15_0    0.19806837  0.18485026  0.17616592  0.17186119  0.23918146  0.17186119  0.17186119  0.19363638  0.19363638  0.17186119  0.25820362  0.24863220  0.24863220  0.25820362  0.09832574  0.09832574  0.06782421  0.01726208  0.00000000  0.12607221  0.03851538  0.14240097  0.17616592  0.17616592  0.24863220  0.24863220  0.24863220  0.30285496  0.30798447  0.29776032  0.30285496  0.30285496  0.27279387  0.26789883  0.27772108  0.30285496  0.29776032  0.25340264  0.20701173  0.19806837  0.35580148  0.35580148  0.22063007  0.22522505  0.24863220  0.29270006  0.29776032  0.31314931  0.31314931  0.59252157  0.30285496  0.24863220  0.24389194  0.28268089  0.26303555  0.18485026  0.18923045  0.21606308  0.21606308  0.22063007  0.23450039  0.23450039  0.24863220  0.28767374  0.29270006  0.24863220  0.22063007  0.21606308  0.20701173  0.22984838  0.23918146  0.24863220  0.24389194  0.27279387  0.28268089  0.27279387  0.21152374  0.20701173  0.20252671  0.19806837  0.33417208  0.18923045  0.22522505  0.22522505  0.22984838  0.22984838  0.24389194  0.25340264  0.23918146  0.21152374  0.22984838  0.22522505  0.21606308  0.22522505  0.20701173  0.20701173  0.20701173  0.23918146  0.73275291  0.74187914  0.74187914  0.74187914  0.78925521  0.78925521  0.76994403  0.81918806  0.79910062  0.81918806  0.81918806  0.83982864  0.50727786  0.27279387  0.36130776  0.43683303  0.34490877  0.33417208  0.32886086  0.31834999  0.32358700  0.29776032  0.30798447  0.30798447  0.33417208  0.32358700  0.39522289  0.32886086  0.30285496  0.30798447  0.29776032  0.29270006  0.33417208  0.30798447  0.29270006  0.30285496  0.29776032  0.30798447  0.30285496  0.31834999  0.30798447  0.30798447  0.30798447  0.33952121  0.37244318  0.34490877  0.31314931  0.32358700  0.35033534  0.28767374  0.33952121  0.32358700  0.33417208  0.34490877  0.26789883  0.26789883  0.26789883  0.26789883  0.30285496  0.30798447  0.53462936  0.55581848  0.54162606  0.48739986  0.46169015  0.52082887  0.26789883  0.26789883  0.25820362  0.25340264  0.25820362  0.27279387  0.27279387  0.24389194  0.23450039  
