18
18_1_0     0.00000000  0.03485800  0.06678001  0.06678001  0.06678001  0.07616174  0.07616174  0.07145587  0.16115944  0.13002308  0.25731571  0.25731571  0.25731571  0.26950406  0.25129667  0.24532662  0.24532662  0.25129667  
14_1_0     0.03485800  0.00000000  0.07616174  0.07616174  0.07616174  0.08566505  0.08566505  0.08089801  0.16647982  0.13512154  0.25129667  0.25129667  0.25129667  0.26338456  0.24532662  0.26338456  0.26338456  0.26950406  
19_1_0     0.06678001  0.07616174  0.00000000  0.00000000  0.00000000  0.00856041  0.00856041  0.01287837  0.17183909  0.14025568  0.24532662  0.24532662  0.24532662  0.26950406  0.25129667  0.25129667  0.25129667  0.25731571  
12_1_0     0.06678001  0.07616174  0.00000000  0.00000000  0.00000000  0.00856041  0.00856041  0.01287837  0.17183909  0.14025568  0.24532662  0.24532662  0.24532662  0.26950406  0.25129667  0.25129667  0.25129667  0.25731571  
20_1_0     0.06678001  0.07616174  0.00000000  0.00000000  0.00000000  0.00856041  0.00856041  0.01287837  0.17183909  0.14025568  0.24532662  0.24532662  0.24532662  0.26950406  0.25129667  0.25129667  0.25129667  0.25731571  
12_2_0     0.07616174  0.08566505  0.00856041  0.00856041  0.00856041  0.00000000  0.00000000  0.00426771  0.18267655  0.15063309  0.24532662  0.24532662  0.24532662  0.26950406  0.26338456  0.26338456  0.26338456  0.26950406  
19_2_0     0.07616174  0.08566505  0.00856041  0.00856041  0.00856041  0.00000000  0.00000000  0.00426771  0.18267655  0.15063309  0.24532662  0.24532662  0.24532662  0.26950406  0.26338456  0.26338456  0.26338456  0.26950406  
20_2_0     0.07145587  0.08089801  0.01287837  0.01287837  0.01287837  0.00426771  0.00426771  0.00000000  0.18815594  0.14542603  0.23940478  0.23940478  0.23940478  0.26338456  0.25731571  0.25731571  0.25731571  0.26338456  
17_1_0     0.16115944  0.16647982  0.17183909  0.17183909  0.17183909  0.18267655  0.18267655  0.18815594  0.00000000  0.09046329  0.22770266  0.22770266  0.22770266  0.26338456  0.25129667  0.22770266  0.22770266  0.23353038  
16_1_0     0.13002308  0.13512154  0.14025568  0.14025568  0.14025568  0.15063309  0.15063309  0.14542603  0.09046329  0.00000000  0.18267655  0.18267655  0.18267655  0.20484411  0.21049230  0.24532662  0.24532662  0.25129667  
12_0_0     0.25731571  0.25129667  0.24532662  0.24532662  0.24532662  0.24532662  0.24532662  0.23940478  0.22770266  0.18267655  0.00000000  0.00000000  0.00000000  0.04836908  0.07145587  0.13002308  0.13002308  0.13512154  
19_0_0     0.25731571  0.25129667  0.24532662  0.24532662  0.24532662  0.24532662  0.24532662  0.23940478  0.22770266  0.18267655  0.00000000  0.00000000  0.00000000  0.04836908  0.07145587  0.13002308  0.13002308  0.13512154  
20_0_0     0.25731571  0.25129667  0.24532662  0.24532662  0.24532662  0.24532662  0.24532662  0.23940478  0.22770266  0.18267655  0.00000000  0.00000000  0.00000000  0.04836908  0.07145587  0.13002308  0.13002308  0.13512154  
13_3_0     0.26950406  0.26338456  0.26950406  0.26950406  0.26950406  0.26950406  0.26950406  0.26338456  0.26338456  0.20484411  0.04836908  0.04836908  0.04836908  0.00000000  0.07616174  0.14542603  0.14542603  0.15063309  
13_0_0     0.25129667  0.24532662  0.25129667  0.25129667  0.25129667  0.26338456  0.26338456  0.25731571  0.25129667  0.21049230  0.07145587  0.07145587  0.07145587  0.07616174  0.00000000  0.15063309  0.15063309  0.15587738  
14_0_0     0.24532662  0.26338456  0.25129667  0.25129667  0.25129667  0.26338456  0.26338456  0.25731571  0.22770266  0.24532662  0.13002308  0.13002308  0.13002308  0.14542603  0.15063309  0.00000000  0.00000000  0.00426771  
18_0_0     0.24532662  0.26338456  0.25129667  0.25129667  0.25129667  0.26338456  0.26338456  0.25731571  0.22770266  0.24532662  0.13002308  0.13002308  0.13002308  0.14542603  0.15063309  0.00000000  0.00000000  0.00426771  
18_4_0     0.25129667  0.26950406  0.25731571  0.25731571  0.25731571  0.26950406  0.26950406  0.26338456  0.23353038  0.25129667  0.13512154  0.13512154  0.13512154  0.15063309  0.15587738  0.00426771  0.00426771  0.00000000  

