20
16_0_0     0.00000000  0.04581852  0.22066101  0.16878732  0.14683802  0.14683802  0.14683802  0.13078834  0.13610009  0.21471653  0.18568226  0.18568226  0.22665308  0.22665308  0.24492255  0.23878305  0.25111283  0.22665308  0.20296734  0.22665308  
17_0_0     0.04581852  0.00000000  0.21471653  0.16323936  0.13078834  0.13078834  0.13078834  0.12551402  0.13078834  0.19716119  0.16878732  0.16878732  0.22066101  0.22066101  0.22665308  0.22066101  0.23269349  0.20881889  0.19716119  0.19716119  
15_0_0     0.22066101  0.21471653  0.00000000  0.25735472  0.22066101  0.22066101  0.22066101  0.19716119  0.19139972  0.30256907  0.28936962  0.28936962  0.30256907  0.30256907  0.31600545  0.33662335  0.32281518  0.28285616  0.28285616  0.28936962  
13_0_0     0.16878732  0.16323936  0.25735472  0.00000000  0.07471921  0.07471921  0.07471921  0.10478068  0.09968585  0.23878305  0.25111283  0.25111283  0.25735472  0.25735472  0.28285616  0.27639889  0.30256907  0.25735472  0.25735472  0.25111283  
19_0_0     0.14683802  0.13078834  0.22066101  0.07471921  0.00000000  0.00000000  0.00000000  0.04581852  0.05055848  0.23269349  0.23269349  0.23269349  0.24492255  0.24492255  0.24492255  0.25111283  0.26364909  0.25111283  0.25111283  0.23269349  
12_0_0     0.14683802  0.13078834  0.22066101  0.07471921  0.00000000  0.00000000  0.00000000  0.04581852  0.05055848  0.23269349  0.23269349  0.23269349  0.24492255  0.24492255  0.24492255  0.25111283  0.26364909  0.25111283  0.25111283  0.23269349  
20_0_0     0.14683802  0.13078834  0.22066101  0.07471921  0.00000000  0.00000000  0.00000000  0.04581852  0.05055848  0.23269349  0.23269349  0.23269349  0.24492255  0.24492255  0.24492255  0.25111283  0.26364909  0.25111283  0.25111283  0.23269349  
14_0_0     0.13078834  0.12551402  0.19716119  0.10478068  0.04581852  0.04581852  0.04581852  0.00000000  0.01345351  0.20296734  0.20296734  0.20296734  0.25111283  0.25111283  0.23878305  0.24492255  0.25735472  0.26999685  0.24492255  0.25111283  
18_0_0     0.13610009  0.13078834  0.19139972  0.09968585  0.05055848  0.05055848  0.05055848  0.01345351  0.00000000  0.20881889  0.20881889  0.20881889  0.24492255  0.24492255  0.24492255  0.25111283  0.26364909  0.25111283  0.22665308  0.23269349  
6_0_0      0.21471653  0.19716119  0.30256907  0.23878305  0.23269349  0.23269349  0.23269349  0.20296734  0.20881889  0.00000000  0.06012940  0.06012940  0.11507557  0.11507557  0.13078834  0.13610009  0.14683802  0.15773222  0.13610009  0.13078834  
1_0_0      0.18568226  0.16878732  0.28936962  0.25111283  0.23269349  0.23269349  0.23269349  0.20296734  0.20881889  0.06012940  0.00000000  0.00000000  0.08460617  0.08460617  0.08460617  0.09462546  0.09968585  0.10478068  0.08460617  0.09462546  
9_0_0      0.18568226  0.16878732  0.28936962  0.25111283  0.23269349  0.23269349  0.23269349  0.20296734  0.20881889  0.06012940  0.00000000  0.00000000  0.08460617  0.08460617  0.08460617  0.09462546  0.09968585  0.10478068  0.08460617  0.09462546  
8_0_0      0.22665308  0.22066101  0.30256907  0.25735472  0.24492255  0.24492255  0.24492255  0.25111283  0.24492255  0.11507557  0.08460617  0.08460617  0.00000000  0.00000000  0.09968585  0.10478068  0.11507557  0.08460617  0.07471921  0.08959905  
2_0_0      0.22665308  0.22066101  0.30256907  0.25735472  0.24492255  0.24492255  0.24492255  0.25111283  0.24492255  0.11507557  0.08460617  0.08460617  0.00000000  0.00000000  0.09968585  0.10478068  0.11507557  0.08460617  0.07471921  0.08959905  
3_0_0      0.24492255  0.22665308  0.31600545  0.28285616  0.24492255  0.24492255  0.24492255  0.23878305  0.24492255  0.13078834  0.08460617  0.08460617  0.09968585  0.09968585  0.00000000  0.02255875  0.03177611  0.10991043  0.10991043  0.09462546  
4_0_0      0.23878305  0.22066101  0.33662335  0.27639889  0.25111283  0.25111283  0.25111283  0.24492255  0.25111283  0.13610009  0.09462546  0.09462546  0.10478068  0.10478068  0.02255875  0.00000000  0.04581852  0.11507557  0.11507557  0.10991043  
5_0_0      0.25111283  0.23269349  0.32281518  0.30256907  0.26364909  0.26364909  0.26364909  0.25735472  0.26364909  0.14683802  0.09968585  0.09968585  0.11507557  0.11507557  0.03177611  0.04581852  0.00000000  0.12551402  0.12551402  0.10991043  
7_0_0      0.22665308  0.20881889  0.28285616  0.25735472  0.25111283  0.25111283  0.25111283  0.26999685  0.25111283  0.15773222  0.10478068  0.10478068  0.08460617  0.08460617  0.10991043  0.11507557  0.12551402  0.00000000  0.01799229  0.03642771  
11_0_0     0.20296734  0.19716119  0.28285616  0.25735472  0.25111283  0.25111283  0.25111283  0.24492255  0.22665308  0.13610009  0.08460617  0.08460617  0.07471921  0.07471921  0.10991043  0.11507557  0.12551402  0.01799229  0.00000000  0.04581852  
10_0_0     0.22665308  0.19716119  0.28936962  0.25111283  0.23269349  0.23269349  0.23269349  0.25111283  0.23269349  0.13078834  0.09462546  0.09462546  0.08959905  0.08959905  0.09462546  0.10991043  0.10991043  0.03642771  0.04581852  0.00000000  

