9
20_0_0     0.00000000  0.03835093  0.05325578  0.05075090  0.47747905  0.49088024  0.51376404  0.51842613  0.49994982  
8_0_0      0.03835093  0.00000000  0.05829089  0.05576909  0.49088024  0.48638642  0.52783852  0.53258956  0.52311750  
15_0_0     0.05325578  0.05829089  0.00000000  0.00704244  0.51842613  0.49540127  0.53737101  0.54218327  0.49540127  
15_8_0     0.05075090  0.05576909  0.00704244  0.00000000  0.51376404  0.49994982  0.54218327  0.54702672  0.49994982  
10_4_0     0.47747905  0.49088024  0.51842613  0.51376404  0.00000000  0.03100856  0.07360308  0.06336016  0.15525834  
12_4_0     0.49088024  0.48638642  0.49540127  0.49994982  0.03100856  0.00000000  0.07618590  0.06590775  0.15814006  
13_7_0     0.51376404  0.52783852  0.53737101  0.54218327  0.07360308  0.07618590  0.00000000  0.01653683  0.14384137  
13_4_0     0.51842613  0.53258956  0.54218327  0.54702672  0.06336016  0.06590775  0.01653683  0.00000000  0.12703654  
4_4_0      0.49994982  0.52311750  0.49540127  0.49994982  0.15525834  0.15814006  0.14384137  0.12703654  0.00000000  

