173
84_20_0    0.00000000  0.12753072  0.11765620  0.09829356  0.11765620  0.12753072  0.14259382  0.10791161  0.10791161  0.13251779  0.15796965  0.15280883  0.15796965  0.13753867  0.39380558  0.39380558  0.39380558  0.35903127  0.30027756  0.36585674  0.35903127  0.35903127  0.37274570  0.38671888  0.38671888  0.31293707  0.37969933  0.40096076  0.39380558  0.38671888  0.38671888  0.37274570  0.35903127  0.38671888  0.37969933  0.39380558  0.41548188  0.40818573  0.42285062  0.40818573  0.42285062  0.40096076  0.41548188  0.46867243  0.43029342  0.43781177  0.53454190  0.56083595  0.52598065  0.55196714  0.49269224  0.48459877  0.44540722  0.45308137  0.46083588  0.48459877  0.47659279  0.47659279  0.49269224  0.53454190  0.50914944  0.49269224  0.50914944  0.43781177  0.43781177  0.43029342  0.46083588  0.49269224  0.45308137  0.50914944  0.50914944  0.46083588  0.47659279  0.46083588  0.46867243  0.47659279  0.48459877  0.52598065  0.50914944  0.49269224  0.46083588  0.47659279  0.47659279  0.46867243  0.49269224  0.49269224  0.49269224  0.45308137  0.46083588  0.45308137  0.46083588  0.46083588  0.46867243  0.46867243  0.46867243  0.46083588  0.41548188  0.42285062  0.43029342  0.43029342  0.37274570  0.37274570  0.48459877  0.51751723  0.50087513  0.50087513  0.50087513  0.48459877  0.56981225  0.57889868  0.57889868  0.58809797  0.58809797  0.56083595  0.57889868  0.51751723  0.45308137  0.46867243  0.49269224  0.46867243  0.48459877  0.47659279  0.47659279  0.46867243  0.47659279  0.46083588  0.44540722  0.47659279  0.46867243  0.48459877  0.47659279  0.48459877  0.49269224  0.48459877  0.50914944  0.49269224  0.51751723  0.50914944  0.46083588  0.47659279  0.47659279  0.49269224  0.49269224  0.50914944  0.53454190  0.50914944  0.56083595  0.54320328  0.54320328  0.54320328  0.52598065  0.50914944  0.50914944  0.51751723  0.49269224  0.50914944  0.51751723  0.51751723  0.51751723  0.54320328  0.43781177  0.50087513  0.50914944  0.50914944  0.50087513  0.50087513  0.50914944  0.50087513  0.50087513  0.51751723  0.57889868  0.57889868  0.57889868  
48_20_0    0.12753072  0.00000000  0.02553995  0.10308697  0.12753072  0.12753072  0.13251779  0.10791161  0.09829356  0.11276788  0.14768371  0.14259382  0.14768371  0.13753867  0.33892435  0.32581673  0.32581673  0.31934890  0.28168500  0.33234154  0.30027756  0.28783080  0.33892435  0.35226813  0.35226813  0.29402803  0.31934890  0.31293707  0.30027756  0.32581673  0.32581673  0.32581673  0.31293707  0.34556619  0.32581673  0.32581673  0.38671888  0.40096076  0.41548188  0.40096076  0.36585674  0.37274570  0.37274570  0.38671888  0.38671888  0.39380558  0.45308137  0.47659279  0.44540722  0.46867243  0.41548188  0.40818573  0.40096076  0.40818573  0.41548188  0.46867243  0.43029342  0.43029342  0.43029342  0.46867243  0.44540722  0.43029342  0.45308137  0.42285062  0.42285062  0.41548188  0.43029342  0.47659279  0.40818573  0.43781177  0.43781177  0.43029342  0.43029342  0.43781177  0.44540722  0.46867243  0.46083588  0.50087513  0.43781177  0.43781177  0.42285062  0.40096076  0.40096076  0.39380558  0.43781177  0.43781177  0.43781177  0.46867243  0.46083588  0.45308137  0.46083588  0.46083588  0.46867243  0.46867243  0.46867243  0.46083588  0.43029342  0.43781177  0.46083588  0.43781177  0.38671888  0.38671888  0.50914944  0.54320328  0.52598065  0.52598065  0.52598065  0.50914944  0.52598065  0.52598065  0.50914944  0.51751723  0.51751723  0.56981225  0.60684660  0.54320328  0.37274570  0.38671888  0.40818573  0.40096076  0.41548188  0.41548188  0.40096076  0.37969933  0.37274570  0.34556619  0.35903127  0.34556619  0.37969933  0.42285062  0.41548188  0.40818573  0.41548188  0.40818573  0.45308137  0.42285062  0.44540722  0.46083588  0.43029342  0.44540722  0.44540722  0.46083588  0.46083588  0.43029342  0.48459877  0.44540722  0.49269224  0.47659279  0.47659279  0.47659279  0.41548188  0.41548188  0.41548188  0.42285062  0.40096076  0.44540722  0.43781177  0.43781177  0.43781177  0.47659279  0.43029342  0.45308137  0.45308137  0.46083588  0.45308137  0.45308137  0.44540722  0.46083588  0.46083588  0.47659279  0.58809797  0.58809797  0.58809797  
56_20_0    0.11765620  0.02553995  0.00000000  0.09353097  0.11765620  0.11765620  0.12257700  0.09829356  0.08879882  0.11276788  0.13753867  0.13251779  0.13753867  0.13753867  0.33892435  0.33892435  0.33892435  0.33892435  0.28783080  0.35226813  0.30658026  0.30658026  0.34556619  0.37274570  0.36585674  0.31293707  0.34556619  0.33892435  0.32581673  0.35226813  0.35226813  0.35226813  0.33892435  0.38671888  0.36585674  0.35226813  0.39380558  0.41548188  0.43029342  0.41548188  0.38671888  0.39380558  0.39380558  0.40818573  0.40818573  0.41548188  0.45308137  0.47659279  0.44540722  0.46867243  0.43029342  0.42285062  0.43029342  0.43781177  0.44540722  0.50087513  0.46083588  0.46083588  0.46083588  0.46867243  0.46083588  0.44540722  0.44540722  0.43781177  0.43781177  0.43029342  0.46083588  0.50914944  0.43781177  0.46867243  0.46867243  0.46083588  0.46083588  0.45308137  0.47659279  0.48459877  0.49269224  0.53454190  0.46867243  0.46867243  0.45308137  0.43029342  0.43029342  0.42285062  0.45308137  0.45308137  0.45308137  0.47659279  0.46867243  0.46083588  0.46867243  0.46867243  0.47659279  0.47659279  0.47659279  0.46867243  0.43781177  0.43029342  0.45308137  0.41548188  0.36585674  0.36585674  0.48459877  0.53454190  0.51751723  0.51751723  0.51751723  0.50087513  0.53454190  0.53454190  0.51751723  0.52598065  0.52598065  0.56083595  0.59741296  0.53454190  0.39380558  0.40818573  0.43029342  0.42285062  0.43781177  0.44540722  0.44540722  0.42285062  0.41548188  0.38671888  0.40096076  0.38671888  0.42285062  0.46867243  0.46083588  0.45308137  0.46083588  0.45308137  0.46867243  0.45308137  0.47659279  0.47659279  0.43029342  0.44540722  0.46083588  0.47659279  0.46083588  0.44540722  0.48459877  0.46083588  0.52598065  0.50914944  0.50914944  0.50914944  0.46083588  0.46083588  0.46083588  0.46867243  0.44540722  0.47659279  0.46867243  0.46867243  0.46867243  0.52598065  0.46083588  0.48459877  0.49269224  0.49269224  0.48459877  0.48459877  0.47659279  0.49269224  0.49269224  0.50914944  0.62608220  0.62608220  0.62608220  
62_23_0    0.09829356  0.10308697  0.09353097  0.00000000  0.05649420  0.05649420  0.08409670  0.06558121  0.06558121  0.11765620  0.11276788  0.11765620  0.11276788  0.11276788  0.37969933  0.37969933  0.37969933  0.33892435  0.29402803  0.33892435  0.33234154  0.33234154  0.35903127  0.38671888  0.38671888  0.32581673  0.33234154  0.33892435  0.34556619  0.32581673  0.35226813  0.33892435  0.31293707  0.35903127  0.35903127  0.36585674  0.35903127  0.37969933  0.39380558  0.37969933  0.40818573  0.40096076  0.40096076  0.43029342  0.40096076  0.40818573  0.46083588  0.50087513  0.46867243  0.47659279  0.40818573  0.40818573  0.40096076  0.39380558  0.40096076  0.44540722  0.41548188  0.41548188  0.41548188  0.46867243  0.46083588  0.44540722  0.45308137  0.41548188  0.41548188  0.40818573  0.40818573  0.43781177  0.39380558  0.45308137  0.45308137  0.42285062  0.42285062  0.43781177  0.43781177  0.44540722  0.46867243  0.50914944  0.46083588  0.44540722  0.43029342  0.43781177  0.43781177  0.43029342  0.44540722  0.44540722  0.44540722  0.46083588  0.46867243  0.46083588  0.46867243  0.46867243  0.47659279  0.46083588  0.46083588  0.45308137  0.42285062  0.46867243  0.47659279  0.44540722  0.40096076  0.40096076  0.51751723  0.56981225  0.55196714  0.55196714  0.55196714  0.54320328  0.55196714  0.54320328  0.54320328  0.55196714  0.55196714  0.52598065  0.56083595  0.51751723  0.39380558  0.40818573  0.43029342  0.42285062  0.43781177  0.44540722  0.46083588  0.40818573  0.41548188  0.41548188  0.38671888  0.40096076  0.44540722  0.44540722  0.42285062  0.43029342  0.43781177  0.43029342  0.47659279  0.46867243  0.47659279  0.46083588  0.42285062  0.43781177  0.45308137  0.46867243  0.45308137  0.44540722  0.48459877  0.46083588  0.51751723  0.50087513  0.50087513  0.51751723  0.46867243  0.46083588  0.46083588  0.46867243  0.46083588  0.49269224  0.48459877  0.48459877  0.48459877  0.50914944  0.42285062  0.50087513  0.49269224  0.49269224  0.48459877  0.46867243  0.47659279  0.49269224  0.49269224  0.50914944  0.56083595  0.56083595  0.56083595  
68_23_0    0.11765620  0.12753072  0.11765620  0.05649420  0.00000000  0.07016687  0.10791161  0.07942425  0.07016687  0.13251779  0.13753867  0.14259382  0.13753867  0.12753072  0.40096076  0.40096076  0.40096076  0.35903127  0.33234154  0.37274570  0.37969933  0.37969933  0.36585674  0.39380558  0.42285062  0.35903127  0.37274570  0.37969933  0.37274570  0.35226813  0.36585674  0.36585674  0.35226813  0.41548188  0.40818573  0.40818573  0.37274570  0.37969933  0.39380558  0.37969933  0.41548188  0.40818573  0.40818573  0.43029342  0.42285062  0.43029342  0.50087513  0.49269224  0.47659279  0.50087513  0.42285062  0.41548188  0.42285062  0.41548188  0.42285062  0.47659279  0.45308137  0.45308137  0.43781177  0.49269224  0.48459877  0.46867243  0.49269224  0.44540722  0.44540722  0.45308137  0.43781177  0.48459877  0.43029342  0.43781177  0.43781177  0.44540722  0.46083588  0.46867243  0.45308137  0.46083588  0.46867243  0.49269224  0.47659279  0.46083588  0.44540722  0.41548188  0.41548188  0.42285062  0.45308137  0.45308137  0.45308137  0.49269224  0.50087513  0.49269224  0.50087513  0.50087513  0.50914944  0.47659279  0.47659279  0.46867243  0.46083588  0.50087513  0.50914944  0.48459877  0.43781177  0.43781177  0.51751723  0.55196714  0.53454190  0.53454190  0.53454190  0.52598065  0.55196714  0.56083595  0.54320328  0.55196714  0.55196714  0.52598065  0.54320328  0.50087513  0.44540722  0.46083588  0.48459877  0.47659279  0.46867243  0.46867243  0.46867243  0.44540722  0.45308137  0.43781177  0.43781177  0.45308137  0.49269224  0.47659279  0.46867243  0.44540722  0.46867243  0.46083588  0.50087513  0.49269224  0.53454190  0.48459877  0.47659279  0.49269224  0.50914944  0.52598065  0.49269224  0.49269224  0.51751723  0.50087513  0.56083595  0.54320328  0.54320328  0.56083595  0.50087513  0.50087513  0.50087513  0.50914944  0.48459877  0.53454190  0.52598065  0.52598065  0.52598065  0.47659279  0.41548188  0.50087513  0.50914944  0.50914944  0.50087513  0.50087513  0.50914944  0.47659279  0.47659279  0.49269224  0.57889868  0.57889868  0.57889868  
95_23_0    0.12753072  0.12753072  0.11765620  0.05649420  0.07016687  0.00000000  0.10791161  0.07942425  0.07016687  0.12753072  0.14768371  0.15280883  0.14768371  0.13753867  0.35903127  0.37274570  0.37274570  0.34556619  0.29402803  0.31934890  0.31293707  0.31293707  0.35226813  0.37969933  0.36585674  0.32581673  0.33234154  0.32581673  0.33234154  0.31293707  0.33234154  0.32581673  0.30027756  0.34556619  0.33892435  0.35226813  0.37274570  0.37969933  0.39380558  0.37969933  0.43781177  0.44540722  0.43029342  0.45308137  0.44540722  0.45308137  0.49269224  0.50087513  0.48459877  0.50914944  0.41548188  0.40818573  0.42285062  0.41548188  0.42285062  0.47659279  0.43781177  0.43781177  0.43029342  0.46083588  0.46867243  0.45308137  0.47659279  0.43029342  0.43029342  0.43781177  0.42285062  0.46083588  0.41548188  0.44540722  0.44540722  0.45308137  0.45308137  0.46083588  0.45308137  0.45308137  0.50087513  0.54320328  0.47659279  0.46083588  0.44540722  0.46083588  0.46083588  0.45308137  0.43029342  0.43029342  0.43029342  0.44540722  0.45308137  0.46083588  0.45308137  0.45308137  0.44540722  0.44540722  0.44540722  0.43781177  0.43781177  0.47659279  0.48459877  0.46083588  0.41548188  0.41548188  0.52598065  0.57889868  0.56083595  0.56083595  0.56083595  0.55196714  0.56083595  0.53454190  0.53454190  0.56083595  0.56083595  0.51751723  0.55196714  0.53454190  0.41548188  0.43029342  0.43781177  0.43029342  0.46867243  0.46867243  0.45308137  0.43029342  0.43781177  0.40818573  0.42285062  0.43781177  0.46083588  0.46867243  0.44540722  0.45308137  0.46083588  0.45308137  0.51751723  0.50087513  0.52598065  0.52598065  0.50087513  0.51751723  0.51751723  0.53454190  0.50087513  0.51751723  0.54320328  0.52598065  0.58809797  0.56981225  0.56981225  0.58809797  0.46867243  0.46867243  0.46867243  0.47659279  0.45308137  0.51751723  0.50914944  0.50914944  0.50914944  0.52598065  0.43029342  0.50914944  0.50087513  0.49269224  0.48459877  0.46867243  0.47659279  0.50914944  0.50914944  0.52598065  0.56083595  0.56083595  0.56083595  
62_20_0    0.14259382  0.13251779  0.12257700  0.08409670  0.10791161  0.10791161  0.00000000  0.07478110  0.06558121  0.15796965  0.17367148  0.16840046  0.17367148  0.14259382  0.36585674  0.36585674  0.36585674  0.35903127  0.30658026  0.34556619  0.33892435  0.35226813  0.37969933  0.40818573  0.40818573  0.32581673  0.35903127  0.36585674  0.33234154  0.33234154  0.37969933  0.36585674  0.35226813  0.37969933  0.37274570  0.37274570  0.42285062  0.44540722  0.44540722  0.44540722  0.46083588  0.45308137  0.45308137  0.46867243  0.46867243  0.47659279  0.48459877  0.52598065  0.49269224  0.50087513  0.47659279  0.46867243  0.46083588  0.45308137  0.46083588  0.50087513  0.46083588  0.46083588  0.47659279  0.51751723  0.48459877  0.47659279  0.48459877  0.46867243  0.48459877  0.46083588  0.47659279  0.50914944  0.43781177  0.47659279  0.47659279  0.46867243  0.45308137  0.46083588  0.46867243  0.46083588  0.50087513  0.54320328  0.49269224  0.47659279  0.47659279  0.46083588  0.46083588  0.45308137  0.50914944  0.50914944  0.50914944  0.47659279  0.48459877  0.47659279  0.48459877  0.48459877  0.49269224  0.49269224  0.49269224  0.48459877  0.41548188  0.45308137  0.46083588  0.43781177  0.39380558  0.39380558  0.54320328  0.57889868  0.56083595  0.56083595  0.56083595  0.56083595  0.56083595  0.55196714  0.55196714  0.56083595  0.56083595  0.51751723  0.55196714  0.48459877  0.44540722  0.46083588  0.46867243  0.47659279  0.47659279  0.48459877  0.50087513  0.44540722  0.45308137  0.43781177  0.42285062  0.43781177  0.47659279  0.47659279  0.45308137  0.46083588  0.46867243  0.46083588  0.51751723  0.53454190  0.54320328  0.50914944  0.46867243  0.48459877  0.50087513  0.50087513  0.48459877  0.46867243  0.54320328  0.50087513  0.55196714  0.53454190  0.53454190  0.53454190  0.50087513  0.50087513  0.50087513  0.50914944  0.50087513  0.53454190  0.52598065  0.52598065  0.52598065  0.56083595  0.48459877  0.48459877  0.50914944  0.49269224  0.48459877  0.46867243  0.46083588  0.49269224  0.49269224  0.50914944  0.59741296  0.59741296  0.59741296  
95_20_0    0.10791161  0.10791161  0.09829356  0.06558121  0.07942425  0.07942425  0.07478110  0.00000000  0.04306937  0.12257700  0.13753867  0.13251779  0.13753867  0.10791161  0.37969933  0.37969933  0.37969933  0.33892435  0.32581673  0.36585674  0.33234154  0.34556619  0.37969933  0.39380558  0.40818573  0.33892435  0.35226813  0.35903127  0.32581673  0.31293707  0.33234154  0.31934890  0.31934890  0.35903127  0.35226813  0.35226813  0.34556619  0.36585674  0.37969933  0.36585674  0.45308137  0.44540722  0.44540722  0.45308137  0.44540722  0.45308137  0.42285062  0.44540722  0.41548188  0.43781177  0.37274570  0.36585674  0.37274570  0.36585674  0.37274570  0.43781177  0.40096076  0.40096076  0.41548188  0.42285062  0.41548188  0.40096076  0.41548188  0.37969933  0.37969933  0.37274570  0.37274570  0.41548188  0.36585674  0.43781177  0.43781177  0.42285062  0.42285062  0.43029342  0.42285062  0.44540722  0.45308137  0.47659279  0.44540722  0.43029342  0.41548188  0.42285062  0.42285062  0.41548188  0.44540722  0.44540722  0.44540722  0.40818573  0.41548188  0.40818573  0.41548188  0.41548188  0.42285062  0.42285062  0.42285062  0.41548188  0.37969933  0.41548188  0.42285062  0.40096076  0.35226813  0.35226813  0.49269224  0.52598065  0.52598065  0.52598065  0.52598065  0.50914944  0.50914944  0.50087513  0.50087513  0.50914944  0.50914944  0.46867243  0.50087513  0.47659279  0.41548188  0.43029342  0.45308137  0.44540722  0.46083588  0.46867243  0.46867243  0.43029342  0.43781177  0.40818573  0.40818573  0.42285062  0.46083588  0.46083588  0.43781177  0.44540722  0.45308137  0.44540722  0.50087513  0.50087513  0.50914944  0.47659279  0.45308137  0.46867243  0.48459877  0.50087513  0.46867243  0.46867243  0.50914944  0.46867243  0.53454190  0.51751723  0.51751723  0.51751723  0.48459877  0.48459877  0.48459877  0.49269224  0.46867243  0.51751723  0.50914944  0.50914944  0.50914944  0.53454190  0.42285062  0.48459877  0.49269224  0.49269224  0.46867243  0.46867243  0.46083588  0.48459877  0.48459877  0.50087513  0.58809797  0.58809797  0.58809797  
68_20_0    0.10791161  0.09829356  0.08879882  0.06558121  0.07016687  0.07016687  0.06558121  0.04306937  0.00000000  0.10308697  0.12753072  0.12257700  0.12753072  0.10791161  0.37969933  0.37969933  0.37969933  0.35226813  0.31293707  0.35226813  0.33234154  0.33234154  0.37274570  0.40096076  0.38671888  0.32581673  0.37969933  0.37274570  0.33892435  0.33892435  0.33892435  0.33892435  0.33892435  0.38671888  0.37969933  0.36585674  0.37274570  0.39380558  0.40818573  0.39380558  0.43029342  0.42285062  0.42285062  0.43781177  0.43781177  0.44540722  0.44540722  0.46867243  0.43781177  0.46083588  0.40096076  0.39380558  0.42285062  0.40096076  0.40818573  0.46083588  0.42285062  0.42285062  0.43781177  0.47659279  0.45308137  0.43781177  0.45308137  0.41548188  0.41548188  0.40818573  0.40818573  0.45308137  0.40096076  0.43029342  0.43029342  0.43029342  0.43029342  0.45308137  0.43029342  0.43781177  0.46867243  0.50914944  0.46867243  0.45308137  0.43781177  0.41548188  0.41548188  0.40818573  0.45308137  0.45308137  0.45308137  0.46083588  0.46867243  0.46083588  0.46867243  0.46867243  0.46083588  0.47659279  0.47659279  0.46867243  0.38671888  0.43781177  0.44540722  0.40818573  0.37274570  0.37274570  0.55196714  0.58809797  0.56981225  0.56981225  0.56981225  0.55196714  0.56981225  0.56083595  0.56083595  0.56981225  0.56981225  0.52598065  0.56083595  0.51751723  0.42285062  0.43029342  0.45308137  0.44540722  0.44540722  0.46867243  0.46867243  0.43029342  0.43781177  0.40818573  0.42285062  0.43781177  0.46083588  0.46867243  0.44540722  0.45308137  0.46083588  0.45308137  0.51751723  0.50087513  0.52598065  0.50914944  0.46867243  0.48459877  0.50087513  0.51751723  0.48459877  0.46867243  0.54320328  0.50087513  0.56981225  0.55196714  0.55196714  0.55196714  0.48459877  0.48459877  0.48459877  0.49269224  0.46867243  0.51751723  0.50914944  0.50914944  0.50914944  0.53454190  0.43781177  0.48459877  0.47659279  0.47659279  0.48459877  0.46867243  0.46083588  0.46083588  0.46083588  0.47659279  0.58809797  0.58809797  0.58809797  
96_20_0    0.13251779  0.11276788  0.11276788  0.11765620  0.13251779  0.12753072  0.15796965  0.12257700  0.10308697  0.00000000  0.07478110  0.07016687  0.07478110  0.15280883  0.39380558  0.39380558  0.39380558  0.35903127  0.31934890  0.37274570  0.33892435  0.33892435  0.37969933  0.39380558  0.37969933  0.37274570  0.37274570  0.37969933  0.38671888  0.37969933  0.37274570  0.36585674  0.36585674  0.37274570  0.36585674  0.36585674  0.39380558  0.40096076  0.41548188  0.40096076  0.45308137  0.46083588  0.46083588  0.48459877  0.47659279  0.48459877  0.46867243  0.47659279  0.46083588  0.48459877  0.43029342  0.42285062  0.44540722  0.43781177  0.43029342  0.49269224  0.46867243  0.46867243  0.48459877  0.47659279  0.48459877  0.46867243  0.48459877  0.43781177  0.43781177  0.43029342  0.44540722  0.46867243  0.44540722  0.50087513  0.50087513  0.46867243  0.46867243  0.49269224  0.45308137  0.45308137  0.47659279  0.51751723  0.46083588  0.44540722  0.43029342  0.48459877  0.48459877  0.47659279  0.46083588  0.46083588  0.46083588  0.50914944  0.51751723  0.50914944  0.51751723  0.51751723  0.50914944  0.52598065  0.52598065  0.51751723  0.47659279  0.50087513  0.52598065  0.46867243  0.45308137  0.45308137  0.56083595  0.61640196  0.59741296  0.59741296  0.59741296  0.57889868  0.59741296  0.64583074  0.60684660  0.61640196  0.61640196  0.60684660  0.62608220  0.56083595  0.41548188  0.43029342  0.45308137  0.44540722  0.44540722  0.48459877  0.48459877  0.44540722  0.45308137  0.43781177  0.42285062  0.43781177  0.47659279  0.48459877  0.46083588  0.46867243  0.47659279  0.46867243  0.54320328  0.51751723  0.54320328  0.54320328  0.50914944  0.52598065  0.52598065  0.54320328  0.52598065  0.49269224  0.56083595  0.50087513  0.58809797  0.56981225  0.56981225  0.56981225  0.50087513  0.50087513  0.50087513  0.50914944  0.48459877  0.51751723  0.50914944  0.50914944  0.50914944  0.55196714  0.47659279  0.51751723  0.52598065  0.50914944  0.51751723  0.50087513  0.50914944  0.51751723  0.51751723  0.53454190  0.63589065  0.63589065  0.63589065  
42_20_0    0.15796965  0.14768371  0.13753867  0.11276788  0.13753867  0.14768371  0.17367148  0.13753867  0.12753072  0.07478110  0.00000000  0.00419596  0.00000000  0.12753072  0.37969933  0.37969933  0.37969933  0.33892435  0.32581673  0.36585674  0.34556619  0.34556619  0.35903127  0.38671888  0.38671888  0.35903127  0.37274570  0.39380558  0.43781177  0.40818573  0.40096076  0.37969933  0.36585674  0.38671888  0.36585674  0.37969933  0.35226813  0.37274570  0.38671888  0.38671888  0.43781177  0.43029342  0.43029342  0.45308137  0.43029342  0.43781177  0.51751723  0.52598065  0.50914944  0.53454190  0.44540722  0.43781177  0.47659279  0.48459877  0.47659279  0.56083595  0.50087513  0.50087513  0.50087513  0.52598065  0.53454190  0.53454190  0.52598065  0.50087513  0.50087513  0.49269224  0.50914944  0.51751723  0.49269224  0.55196714  0.55196714  0.50087513  0.50087513  0.50914944  0.50087513  0.50914944  0.51751723  0.56083595  0.49269224  0.46083588  0.46083588  0.46867243  0.46867243  0.46083588  0.50914944  0.50914944  0.50914944  0.53454190  0.52598065  0.51751723  0.52598065  0.52598065  0.55196714  0.51751723  0.51751723  0.50914944  0.44540722  0.50087513  0.49269224  0.46867243  0.45308137  0.45308137  0.63589065  0.63589065  0.63589065  0.63589065  0.63589065  0.61640196  0.63589065  0.66612032  0.64583074  0.65590606  0.65590606  0.64583074  0.66612032  0.59741296  0.44540722  0.46083588  0.48459877  0.47659279  0.46083588  0.51751723  0.53454190  0.47659279  0.48459877  0.50087513  0.46867243  0.46867243  0.50914944  0.49269224  0.46867243  0.47659279  0.48459877  0.47659279  0.52598065  0.52598065  0.55196714  0.52598065  0.49269224  0.49269224  0.52598065  0.54320328  0.50914944  0.46083588  0.52598065  0.48459877  0.58809797  0.56981225  0.56981225  0.56083595  0.51751723  0.51751723  0.51751723  0.52598065  0.50087513  0.52598065  0.51751723  0.51751723  0.51751723  0.56083595  0.48459877  0.56083595  0.56981225  0.55196714  0.56083595  0.52598065  0.53454190  0.54320328  0.54320328  0.56083595  0.63589065  0.63589065  0.63589065  
65_20_0    0.15280883  0.14259382  0.13251779  0.11765620  0.14259382  0.15280883  0.16840046  0.13251779  0.12257700  0.07016687  0.00419596  0.00000000  0.00419596  0.12257700  0.37274570  0.37274570  0.37274570  0.33234154  0.31934890  0.35903127  0.33892435  0.33892435  0.35226813  0.37969933  0.37969933  0.35226813  0.37969933  0.40096076  0.43029342  0.41548188  0.39380558  0.37274570  0.37274570  0.37969933  0.35903127  0.37274570  0.35903127  0.37969933  0.39380558  0.39380558  0.43029342  0.42285062  0.42285062  0.44540722  0.42285062  0.43029342  0.50914944  0.51751723  0.50087513  0.52598065  0.43781177  0.43029342  0.46867243  0.47659279  0.46867243  0.55196714  0.49269224  0.49269224  0.50914944  0.51751723  0.52598065  0.52598065  0.52598065  0.49269224  0.49269224  0.48459877  0.50087513  0.50914944  0.48459877  0.54320328  0.54320328  0.49269224  0.49269224  0.50087513  0.49269224  0.50087513  0.50914944  0.55196714  0.48459877  0.45308137  0.45308137  0.46083588  0.46083588  0.45308137  0.50087513  0.50087513  0.50087513  0.54320328  0.53454190  0.52598065  0.53454190  0.53454190  0.56083595  0.52598065  0.52598065  0.51751723  0.43781177  0.49269224  0.48459877  0.46083588  0.44540722  0.44540722  0.62608220  0.64583074  0.64583074  0.64583074  0.64583074  0.62608220  0.64583074  0.67647743  0.65590606  0.66612032  0.66612032  0.65590606  0.67647743  0.60684660  0.43781177  0.45308137  0.47659279  0.46867243  0.45308137  0.50914944  0.52598065  0.46867243  0.47659279  0.49269224  0.46083588  0.46083588  0.50087513  0.48459877  0.46083588  0.46867243  0.47659279  0.46867243  0.53454190  0.51751723  0.54320328  0.51751723  0.48459877  0.48459877  0.51751723  0.53454190  0.50087513  0.45308137  0.53454190  0.47659279  0.57889868  0.56083595  0.56083595  0.55196714  0.50914944  0.50914944  0.50914944  0.51751723  0.49269224  0.51751723  0.50914944  0.50914944  0.50914944  0.55196714  0.47659279  0.55196714  0.56083595  0.54320328  0.55196714  0.51751723  0.52598065  0.53454190  0.53454190  0.55196714  0.63589065  0.63589065  0.63589065  
47_20_0    0.15796965  0.14768371  0.13753867  0.11276788  0.13753867  0.14768371  0.17367148  0.13753867  0.12753072  0.07478110  0.00000000  0.00419596  0.00000000  0.12753072  0.37969933  0.37969933  0.37969933  0.33892435  0.32581673  0.36585674  0.34556619  0.34556619  0.35903127  0.38671888  0.38671888  0.35903127  0.37274570  0.39380558  0.43781177  0.40818573  0.40096076  0.37969933  0.36585674  0.38671888  0.36585674  0.37969933  0.35226813  0.37274570  0.38671888  0.38671888  0.43781177  0.43029342  0.43029342  0.45308137  0.43029342  0.43781177  0.51751723  0.52598065  0.50914944  0.53454190  0.44540722  0.43781177  0.47659279  0.48459877  0.47659279  0.56083595  0.50087513  0.50087513  0.50087513  0.52598065  0.53454190  0.53454190  0.52598065  0.50087513  0.50087513  0.49269224  0.50914944  0.51751723  0.49269224  0.55196714  0.55196714  0.50087513  0.50087513  0.50914944  0.50087513  0.50914944  0.51751723  0.56083595  0.49269224  0.46083588  0.46083588  0.46867243  0.46867243  0.46083588  0.50914944  0.50914944  0.50914944  0.53454190  0.52598065  0.51751723  0.52598065  0.52598065  0.55196714  0.51751723  0.51751723  0.50914944  0.44540722  0.50087513  0.49269224  0.46867243  0.45308137  0.45308137  0.63589065  0.63589065  0.63589065  0.63589065  0.63589065  0.61640196  0.63589065  0.66612032  0.64583074  0.65590606  0.65590606  0.64583074  0.66612032  0.59741296  0.44540722  0.46083588  0.48459877  0.47659279  0.46083588  0.51751723  0.53454190  0.47659279  0.48459877  0.50087513  0.46867243  0.46867243  0.50914944  0.49269224  0.46867243  0.47659279  0.48459877  0.47659279  0.52598065  0.52598065  0.55196714  0.52598065  0.49269224  0.49269224  0.52598065  0.54320328  0.50914944  0.46083588  0.52598065  0.48459877  0.58809797  0.56981225  0.56981225  0.56083595  0.51751723  0.51751723  0.51751723  0.52598065  0.50087513  0.52598065  0.51751723  0.51751723  0.51751723  0.56083595  0.48459877  0.56083595  0.56981225  0.55196714  0.56083595  0.52598065  0.53454190  0.54320328  0.54320328  0.56083595  0.63589065  0.63589065  0.63589065  
91_20_0    0.13753867  0.13753867  0.13753867  0.11276788  0.12753072  0.13753867  0.14259382  0.10791161  0.10791161  0.15280883  0.12753072  0.12257700  0.12753072  0.00000000  0.30658026  0.30658026  0.30658026  0.25759941  0.25169844  0.26354777  0.24584411  0.24584411  0.28168500  0.30658026  0.30658026  0.25759941  0.35226813  0.35903127  0.37274570  0.36585674  0.30658026  0.29402803  0.28168500  0.35903127  0.35226813  0.37969933  0.32581673  0.35226813  0.36585674  0.35226813  0.40818573  0.40096076  0.41548188  0.41548188  0.40818573  0.41548188  0.44540722  0.46867243  0.43781177  0.46083588  0.39380558  0.38671888  0.40818573  0.40096076  0.40818573  0.43029342  0.40096076  0.40096076  0.41548188  0.46867243  0.46083588  0.46083588  0.45308137  0.42285062  0.42285062  0.42285062  0.41548188  0.46083588  0.40818573  0.46083588  0.46083588  0.42285062  0.42285062  0.45308137  0.42285062  0.40818573  0.44540722  0.48459877  0.43781177  0.42285062  0.40818573  0.40818573  0.40818573  0.40096076  0.44540722  0.44540722  0.44540722  0.46083588  0.46867243  0.46083588  0.46867243  0.46867243  0.49269224  0.46083588  0.46083588  0.45308137  0.39380558  0.43029342  0.43029342  0.43029342  0.39380558  0.39380558  0.52598065  0.54320328  0.52598065  0.52598065  0.52598065  0.50914944  0.52598065  0.53454190  0.51751723  0.52598065  0.52598065  0.51751723  0.53454190  0.47659279  0.43781177  0.43781177  0.46083588  0.45308137  0.43029342  0.46083588  0.46083588  0.42285062  0.43029342  0.41548188  0.41548188  0.42285062  0.45308137  0.42285062  0.40096076  0.42285062  0.43029342  0.42285062  0.51751723  0.50087513  0.52598065  0.49269224  0.44540722  0.44540722  0.47659279  0.47659279  0.47659279  0.46867243  0.52598065  0.46867243  0.54320328  0.52598065  0.52598065  0.52598065  0.46083588  0.46083588  0.46083588  0.46867243  0.44540722  0.49269224  0.48459877  0.48459877  0.48459877  0.52598065  0.41548188  0.50087513  0.50914944  0.50914944  0.50087513  0.46867243  0.47659279  0.49269224  0.49269224  0.50914944  0.55196714  0.55196714  0.55196714  
42_0_0     0.39380558  0.33892435  0.33892435  0.37969933  0.40096076  0.35903127  0.36585674  0.37969933  0.37969933  0.39380558  0.37969933  0.37274570  0.37969933  0.30658026  0.00000000  0.00841584  0.01265989  0.16840046  0.14768371  0.16840046  0.16316669  0.16316669  0.20611051  0.20060438  0.21724713  0.16840046  0.26354777  0.29402803  0.26954430  0.29402803  0.33234154  0.30658026  0.28168500  0.30027756  0.29402803  0.35903127  0.35226813  0.36585674  0.35226813  0.35226813  0.36585674  0.35903127  0.37274570  0.37969933  0.37274570  0.37969933  0.45308137  0.44540722  0.44540722  0.43781177  0.43029342  0.42285062  0.41548188  0.43781177  0.41548188  0.49269224  0.43781177  0.43781177  0.46867243  0.44540722  0.46867243  0.46083588  0.46867243  0.47659279  0.46083588  0.46083588  0.44540722  0.48459877  0.44540722  0.41548188  0.41548188  0.42285062  0.43029342  0.44540722  0.43029342  0.39380558  0.43029342  0.44540722  0.40818573  0.40818573  0.39380558  0.37274570  0.37274570  0.37969933  0.33892435  0.33892435  0.33892435  0.39380558  0.38671888  0.39380558  0.38671888  0.38671888  0.40818573  0.37969933  0.37969933  0.37274570  0.36585674  0.36585674  0.37969933  0.36585674  0.38671888  0.38671888  0.53454190  0.56981225  0.56083595  0.56981225  0.56981225  0.55196714  0.55196714  0.50914944  0.50914944  0.51751723  0.51751723  0.57889868  0.62608220  0.53454190  0.40818573  0.40818573  0.40818573  0.39380558  0.38671888  0.38671888  0.36585674  0.36585674  0.35903127  0.34556619  0.37274570  0.37969933  0.37969933  0.40096076  0.40096076  0.39380558  0.40096076  0.39380558  0.44540722  0.44540722  0.44540722  0.43781177  0.43029342  0.41548188  0.40818573  0.39380558  0.42285062  0.40096076  0.46083588  0.43781177  0.47659279  0.47659279  0.47659279  0.45308137  0.37274570  0.37274570  0.37274570  0.37969933  0.37274570  0.36585674  0.37274570  0.37274570  0.37274570  0.46083588  0.45308137  0.53454190  0.53454190  0.50914944  0.49269224  0.47659279  0.50087513  0.50087513  0.50087513  0.54320328  0.45308137  0.45308137  0.45308137  
65_0_0     0.39380558  0.32581673  0.33892435  0.37969933  0.40096076  0.37274570  0.36585674  0.37969933  0.37969933  0.39380558  0.37969933  0.37274570  0.37969933  0.30658026  0.00841584  0.00000000  0.00419596  0.16840046  0.15796965  0.16840046  0.17367148  0.16316669  0.19513887  0.18971341  0.20611051  0.16840046  0.26354777  0.29402803  0.26954430  0.29402803  0.33234154  0.30658026  0.28168500  0.30027756  0.29402803  0.35903127  0.35226813  0.37969933  0.36585674  0.36585674  0.36585674  0.34556619  0.37274570  0.37969933  0.37274570  0.37969933  0.46083588  0.45308137  0.45308137  0.44540722  0.43781177  0.43029342  0.41548188  0.43781177  0.41548188  0.49269224  0.43781177  0.43781177  0.46867243  0.44540722  0.46867243  0.46083588  0.46867243  0.47659279  0.46083588  0.46083588  0.44540722  0.48459877  0.44540722  0.41548188  0.41548188  0.41548188  0.42285062  0.43781177  0.41548188  0.39380558  0.41548188  0.43029342  0.39380558  0.39380558  0.37969933  0.35903127  0.35903127  0.36585674  0.33892435  0.33892435  0.33892435  0.40818573  0.40096076  0.40818573  0.40096076  0.40096076  0.42285062  0.39380558  0.39380558  0.38671888  0.36585674  0.36585674  0.37969933  0.36585674  0.38671888  0.38671888  0.53454190  0.56981225  0.56083595  0.56981225  0.56981225  0.55196714  0.53454190  0.50914944  0.50914944  0.50087513  0.50087513  0.57889868  0.62608220  0.53454190  0.39380558  0.39380558  0.40818573  0.39380558  0.37274570  0.38671888  0.35226813  0.35226813  0.34556619  0.33234154  0.35903127  0.36585674  0.36585674  0.38671888  0.38671888  0.37969933  0.38671888  0.37969933  0.43029342  0.43029342  0.43029342  0.42285062  0.41548188  0.40096076  0.39380558  0.37969933  0.40818573  0.38671888  0.44540722  0.42285062  0.46083588  0.46083588  0.46083588  0.43781177  0.35903127  0.35903127  0.35903127  0.36585674  0.35903127  0.35226813  0.35903127  0.35903127  0.35903127  0.44540722  0.43781177  0.51751723  0.51751723  0.49269224  0.47659279  0.46083588  0.48459877  0.48459877  0.48459877  0.52598065  0.45308137  0.45308137  0.45308137  
47_0_0     0.39380558  0.32581673  0.33892435  0.37969933  0.40096076  0.37274570  0.36585674  0.37969933  0.37969933  0.39380558  0.37969933  0.37274570  0.37969933  0.30658026  0.01265989  0.00419596  0.00000000  0.16840046  0.15796965  0.16840046  0.17367148  0.16316669  0.19513887  0.18971341  0.20611051  0.16840046  0.26354777  0.29402803  0.26954430  0.29402803  0.33234154  0.30658026  0.28168500  0.30027756  0.29402803  0.35903127  0.35903127  0.37969933  0.36585674  0.36585674  0.35903127  0.33892435  0.36585674  0.37274570  0.36585674  0.37274570  0.46083588  0.45308137  0.45308137  0.44540722  0.43781177  0.43029342  0.41548188  0.43781177  0.41548188  0.49269224  0.43781177  0.43781177  0.46867243  0.44540722  0.46867243  0.46083588  0.46867243  0.47659279  0.46083588  0.46083588  0.44540722  0.48459877  0.44540722  0.41548188  0.41548188  0.41548188  0.42285062  0.43781177  0.41548188  0.39380558  0.41548188  0.43029342  0.39380558  0.39380558  0.37969933  0.35903127  0.35903127  0.36585674  0.33892435  0.33892435  0.33892435  0.40818573  0.40096076  0.40818573  0.40096076  0.40096076  0.42285062  0.39380558  0.39380558  0.38671888  0.36585674  0.36585674  0.37969933  0.36585674  0.38671888  0.38671888  0.53454190  0.56981225  0.56083595  0.56981225  0.56981225  0.55196714  0.53454190  0.50914944  0.50914944  0.50087513  0.50087513  0.57889868  0.62608220  0.53454190  0.39380558  0.39380558  0.40818573  0.39380558  0.37274570  0.38671888  0.35226813  0.35226813  0.34556619  0.33234154  0.35903127  0.36585674  0.36585674  0.38671888  0.38671888  0.37969933  0.38671888  0.37969933  0.43029342  0.43029342  0.43029342  0.42285062  0.41548188  0.40096076  0.39380558  0.37969933  0.40818573  0.38671888  0.44540722  0.42285062  0.46083588  0.46083588  0.46083588  0.43781177  0.35903127  0.35903127  0.35903127  0.36585674  0.35903127  0.35226813  0.35903127  0.35903127  0.35903127  0.44540722  0.43781177  0.51751723  0.52598065  0.49269224  0.47659279  0.46083588  0.48459877  0.48459877  0.48459877  0.52598065  0.45308137  0.45308137  0.45308137  
95_0_0     0.35903127  0.31934890  0.33892435  0.33892435  0.35903127  0.34556619  0.35903127  0.33892435  0.35226813  0.35903127  0.33892435  0.33234154  0.33892435  0.25759941  0.16840046  0.16840046  0.16840046  0.00000000  0.06558121  0.08409670  0.08879882  0.08879882  0.14259382  0.14768371  0.16316669  0.08409670  0.30658026  0.31934890  0.30027756  0.31934890  0.29402803  0.24584411  0.25759941  0.28168500  0.27558977  0.33234154  0.31293707  0.29402803  0.30658026  0.29402803  0.33892435  0.33892435  0.33892435  0.33892435  0.32581673  0.33234154  0.46867243  0.49269224  0.46083588  0.46867243  0.43781177  0.43029342  0.43781177  0.43781177  0.44540722  0.42285062  0.41548188  0.41548188  0.42285062  0.46867243  0.47659279  0.46867243  0.47659279  0.48459877  0.46867243  0.46867243  0.46083588  0.47659279  0.43781177  0.49269224  0.49269224  0.49269224  0.48459877  0.43029342  0.42285062  0.43781177  0.40818573  0.42285062  0.43029342  0.41548188  0.40096076  0.40818573  0.40818573  0.41548188  0.37969933  0.39380558  0.39380558  0.43029342  0.43781177  0.44540722  0.43781177  0.43781177  0.46083588  0.44540722  0.44540722  0.45308137  0.42285062  0.43029342  0.44540722  0.41548188  0.44540722  0.44540722  0.59741296  0.56083595  0.56981225  0.56083595  0.56083595  0.57889868  0.56083595  0.55196714  0.53454190  0.56083595  0.56083595  0.61640196  0.62608220  0.54320328  0.42285062  0.42285062  0.41548188  0.41548188  0.40818573  0.43029342  0.43029342  0.40818573  0.40096076  0.40096076  0.41548188  0.43781177  0.41548188  0.39380558  0.38671888  0.37969933  0.38671888  0.39380558  0.49269224  0.52598065  0.50087513  0.50087513  0.50087513  0.50087513  0.50914944  0.50087513  0.50914944  0.46867243  0.50087513  0.47659279  0.53454190  0.53454190  0.53454190  0.51751723  0.40818573  0.40818573  0.40818573  0.40096076  0.42285062  0.44540722  0.44540722  0.44540722  0.44540722  0.47659279  0.45308137  0.50914944  0.51751723  0.49269224  0.49269224  0.49269224  0.50087513  0.50087513  0.50087513  0.52598065  0.54320328  0.54320328  0.54320328  
62_0_0     0.30027756  0.28168500  0.28783080  0.29402803  0.33234154  0.29402803  0.30658026  0.32581673  0.31293707  0.31934890  0.32581673  0.31934890  0.32581673  0.25169844  0.14768371  0.15796965  0.15796965  0.06558121  0.00000000  0.08879882  0.08409670  0.09353097  0.13753867  0.14259382  0.14768371  0.08409670  0.26354777  0.26954430  0.26954430  0.28783080  0.28783080  0.25169844  0.25169844  0.26354777  0.26954430  0.29402803  0.33892435  0.33234154  0.33234154  0.33234154  0.32581673  0.33234154  0.32581673  0.33892435  0.32581673  0.33234154  0.45308137  0.47659279  0.44540722  0.45308137  0.39380558  0.38671888  0.40096076  0.40818573  0.40096076  0.41548188  0.39380558  0.39380558  0.40096076  0.44540722  0.43781177  0.43029342  0.43781177  0.43029342  0.41548188  0.41548188  0.40818573  0.43781177  0.40096076  0.42285062  0.42285062  0.43781177  0.41548188  0.39380558  0.39380558  0.39380558  0.40818573  0.43781177  0.41548188  0.40096076  0.38671888  0.39380558  0.39380558  0.40096076  0.33234154  0.34556619  0.34556619  0.41548188  0.42285062  0.43029342  0.42285062  0.42285062  0.44540722  0.41548188  0.41548188  0.42285062  0.39380558  0.40096076  0.41548188  0.38671888  0.40096076  0.40096076  0.56083595  0.54320328  0.53454190  0.52598065  0.52598065  0.52598065  0.56083595  0.53454190  0.53454190  0.56083595  0.56083595  0.58809797  0.61640196  0.54320328  0.37969933  0.37969933  0.37274570  0.37969933  0.40096076  0.38671888  0.38671888  0.36585674  0.35903127  0.35903127  0.37274570  0.39380558  0.37969933  0.38671888  0.37274570  0.36585674  0.38671888  0.37969933  0.46083588  0.47659279  0.45308137  0.46867243  0.46083588  0.46083588  0.46867243  0.46083588  0.46867243  0.43781177  0.50914944  0.50087513  0.50087513  0.50087513  0.50087513  0.47659279  0.39380558  0.37969933  0.37969933  0.38671888  0.39380558  0.40818573  0.40096076  0.40096076  0.40096076  0.44540722  0.43029342  0.50914944  0.51751723  0.47659279  0.49269224  0.47659279  0.48459877  0.50087513  0.50087513  0.52598065  0.51751723  0.51751723  0.51751723  
