189
82_116_0   0.00000000  0.40490850  0.41151669  0.41151669  0.41818699  0.41151669  0.49602336  0.48122141  0.44551350  0.43171871  0.46672192  0.34200560  0.34805082  0.36029800  0.36029800  0.42492060  0.44551350  0.40490850  0.40490850  0.37276027  0.37276027  0.41818699  0.41818699  0.43858259  0.39836128  0.49602336  0.48858379  0.43858259  0.41818699  0.39187392  0.37907445  0.38544533  0.38544533  0.41151669  0.39836128  0.43171871  0.47393463  0.45251278  0.40490850  0.47393463  0.45958178  0.41151669  0.40490850  0.40490850  0.48122141  0.42492060  0.42492060  0.36650178  0.41151669  0.41818699  0.42492060  0.40490850  0.41818699  0.41151669  0.43171871  0.40490850  0.35414799  0.41818699  0.37276027  0.37907445  0.37907445  0.37276027  0.49602336  0.53443819  0.55852666  0.52658705  0.56674135  0.40490850  0.41151669  0.46672192  0.51114067  0.50354176  0.48858379  0.48858379  0.49602336  0.47393463  0.48858379  0.48122141  0.50354176  0.48858379  0.47393463  0.48122141  0.48122141  0.42492060  0.43858259  0.51882183  0.46672192  0.45958178  0.45958178  0.49602336  0.51114067  0.43858259  0.43858259  0.44551350  0.45958178  0.47393463  0.41151669  0.46672192  0.43171871  0.45251278  0.49602336  0.44551350  0.44551350  0.47393463  0.45958178  0.45251278  0.45958178  0.45958178  0.40490850  0.41151669  0.42492060  0.39836128  0.47393463  0.43858259  0.43858259  0.40490850  0.40490850  0.37907445  0.38544533  0.36029800  0.36029800  0.41818699  0.41818699  0.41818699  0.39187392  0.41818699  0.43171871  0.39187392  0.39836128  0.49602336  0.42492060  0.43171871  0.41151669  0.44551350  0.52658705  0.52658705  0.45251278  0.40490850  0.47393463  0.50354176  0.42492060  0.45251278  0.51114067  0.46672192  0.45958178  0.45251278  0.43171871  0.42492060  0.43858259  0.43171871  0.40490850  0.42492060  0.39836128  0.41151669  0.41151669  0.38544533  0.42492060  0.47393463  0.47393463  0.43858259  0.43171871  0.40490850  0.41151669  0.37907445  0.38544533  0.38544533  0.36029800  0.37276027  0.45251278  0.43171871  0.44551350  0.43858259  0.41151669  0.42492060  0.36650178  0.39187392  0.38544533  0.38544533  0.55852666  0.55040597  0.44551350  0.48122141  0.47393463  0.51114067  0.51114067  0.52658705  0.51114067  0.43858259  0.48122141  
35_129_0   0.40490850  0.00000000  0.02651144  0.02266291  0.02266291  0.03038096  0.11256315  0.10390318  0.36029800  0.34805082  0.34200560  0.35414799  0.36029800  0.36029800  0.36029800  0.33601144  0.34200560  0.37907445  0.24641145  0.26237223  0.27321575  0.34805082  0.36650178  0.33006749  0.49602336  0.45251278  0.48858379  0.45958178  0.51882183  0.50354176  0.48858379  0.51882183  0.46672192  0.51882183  0.53443819  0.48122141  0.49602336  0.47393463  0.44551350  0.52658705  0.45958178  0.45251278  0.45958178  0.45958178  0.47393463  0.43858259  0.39836128  0.41151669  0.45251278  0.46672192  0.46672192  0.45251278  0.46672192  0.45958178  0.47393463  0.42492060  0.41818699  0.41818699  0.41151669  0.43171871  0.43858259  0.39187392  0.48122141  0.49602336  0.55040597  0.52658705  0.56674135  0.43858259  0.44551350  0.42492060  0.48858379  0.45251278  0.44551350  0.44551350  0.45251278  0.45251278  0.46672192  0.46672192  0.45958178  0.44551350  0.48858379  0.50354176  0.48858379  0.42492060  0.43171871  0.51882183  0.47393463  0.49602336  0.50354176  0.53443819  0.52658705  0.46672192  0.47393463  0.51114067  0.45251278  0.46672192  0.48858379  0.51114067  0.50354176  0.48122141  0.51114067  0.41151669  0.43171871  0.47393463  0.45251278  0.44551350  0.44551350  0.50354176  0.41151669  0.41818699  0.39187392  0.39187392  0.42492060  0.43858259  0.41151669  0.37907445  0.39187392  0.37276027  0.36650178  0.37907445  0.36029800  0.41818699  0.41818699  0.41818699  0.38544533  0.43858259  0.42492060  0.47393463  0.48858379  0.54237717  0.46672192  0.48122141  0.46672192  0.46672192  0.44551350  0.44551350  0.52658705  0.49602336  0.48858379  0.55852666  0.45251278  0.43858259  0.51114067  0.48122141  0.48858379  0.48122141  0.44551350  0.45251278  0.43171871  0.50354176  0.49602336  0.48122141  0.51114067  0.43171871  0.43171871  0.42492060  0.48858379  0.48122141  0.53443819  0.48122141  0.45958178  0.41151669  0.40490850  0.41151669  0.47393463  0.44551350  0.42492060  0.47393463  0.43858259  0.41818699  0.45958178  0.44551350  0.40490850  0.45251278  0.45251278  0.44551350  0.43858259  0.43858259  0.43858259  0.46672192  0.43858259  0.48858379  0.49602336  0.45958178  0.45958178  0.45958178  0.50354176  0.45251278  0.45958178  
59_129_0   0.41151669  0.02651144  0.00000000  0.01883514  0.01883514  0.02651144  0.09961251  0.09961251  0.36650178  0.34200560  0.34805082  0.34805082  0.35414799  0.34200560  0.34200560  0.33006749  0.34805082  0.37907445  0.25169192  0.26777328  0.27870028  0.33006749  0.34805082  0.30107242  0.49602336  0.46672192  0.48858379  0.45958178  0.51114067  0.48858379  0.47393463  0.50354176  0.46672192  0.51882183  0.51882183  0.46672192  0.49602336  0.47393463  0.44551350  0.54237717  0.45958178  0.46672192  0.47393463  0.47393463  0.48122141  0.43858259  0.39836128  0.41151669  0.45958178  0.47393463  0.47393463  0.45958178  0.47393463  0.46672192  0.48122141  0.44551350  0.42492060  0.40490850  0.39836128  0.46672192  0.47393463  0.42492060  0.49602336  0.52658705  0.53443819  0.55040597  0.56674135  0.44551350  0.44551350  0.43858259  0.47393463  0.44551350  0.43171871  0.43171871  0.43858259  0.42492060  0.43858259  0.43858259  0.45958178  0.43171871  0.47393463  0.48858379  0.47393463  0.41151669  0.43171871  0.51114067  0.46672192  0.47393463  0.48122141  0.52658705  0.51882183  0.48122141  0.47393463  0.49602336  0.46672192  0.48122141  0.48858379  0.48858379  0.50354176  0.48122141  0.52658705  0.39836128  0.42492060  0.46672192  0.45251278  0.44551350  0.44551350  0.50354176  0.40490850  0.41151669  0.37907445  0.36650178  0.41151669  0.40490850  0.39836128  0.36650178  0.37907445  0.37276027  0.36650178  0.37907445  0.35414799  0.41151669  0.41151669  0.41151669  0.37907445  0.42492060  0.40490850  0.45958178  0.47393463  0.51882183  0.44551350  0.46672192  0.44551350  0.44551350  0.45958178  0.45958178  0.50354176  0.47393463  0.49602336  0.55040597  0.44551350  0.43171871  0.50354176  0.47393463  0.48122141  0.45958178  0.43858259  0.44551350  0.42492060  0.50354176  0.47393463  0.47393463  0.48858379  0.43858259  0.43858259  0.43171871  0.49602336  0.48858379  0.54237717  0.48858379  0.46672192  0.40490850  0.39836128  0.42492060  0.46672192  0.43858259  0.41818699  0.46672192  0.44551350  0.42492060  0.46672192  0.45251278  0.41151669  0.45958178  0.44551350  0.43858259  0.43171871  0.43171871  0.44551350  0.47393463  0.45251278  0.49602336  0.50354176  0.46672192  0.46672192  0.46672192  0.51882183  0.44551350  0.48122141  
59_123_0   0.41151669  0.02266291  0.01883514  0.00000000  0.01502790  0.01502790  0.09534762  0.08689399  0.36029800  0.33601144  0.34200560  0.34200560  0.34805082  0.34805082  0.34805082  0.32417292  0.34200560  0.38544533  0.25701198  0.27321575  0.28422754  0.33601144  0.35414799  0.30677743  0.48858379  0.44551350  0.48122141  0.45251278  0.50354176  0.48122141  0.46672192  0.51114067  0.45958178  0.49602336  0.52658705  0.44551350  0.47393463  0.46672192  0.43858259  0.50354176  0.43858259  0.45251278  0.45251278  0.45251278  0.48858379  0.43171871  0.39187392  0.40490850  0.43858259  0.45251278  0.45251278  0.43858259  0.45251278  0.44551350  0.45958178  0.42492060  0.39187392  0.39836128  0.37907445  0.43171871  0.43858259  0.39187392  0.46672192  0.50354176  0.55040597  0.55040597  0.58346166  0.42492060  0.43858259  0.41818699  0.46672192  0.43858259  0.41151669  0.41151669  0.41818699  0.41818699  0.43171871  0.43171871  0.43858259  0.42492060  0.46672192  0.48122141  0.46672192  0.40490850  0.41151669  0.50354176  0.47393463  0.45958178  0.48122141  0.51114067  0.50354176  0.46672192  0.45958178  0.49602336  0.45251278  0.46672192  0.47393463  0.48122141  0.48858379  0.46672192  0.51114067  0.39187392  0.41151669  0.45251278  0.43858259  0.43171871  0.43171871  0.50354176  0.39187392  0.39836128  0.38544533  0.37276027  0.41818699  0.41151669  0.40490850  0.37276027  0.38544533  0.36650178  0.36029800  0.37276027  0.34200560  0.41151669  0.41151669  0.41151669  0.37907445  0.41151669  0.39187392  0.45251278  0.46672192  0.50354176  0.43171871  0.45251278  0.43171871  0.43171871  0.44551350  0.44551350  0.48858379  0.45958178  0.46672192  0.51882183  0.41818699  0.40490850  0.48858379  0.45958178  0.46672192  0.45958178  0.43858259  0.44551350  0.42492060  0.48858379  0.47393463  0.47393463  0.48858379  0.42492060  0.42492060  0.40490850  0.46672192  0.45958178  0.51114067  0.47393463  0.45251278  0.39187392  0.38544533  0.39836128  0.44551350  0.41151669  0.39187392  0.43858259  0.41818699  0.40490850  0.44551350  0.43171871  0.39187392  0.43858259  0.41818699  0.41151669  0.40490850  0.40490850  0.43171871  0.45958178  0.43858259  0.48122141  0.48858379  0.45251278  0.45251278  0.45251278  0.50354176  0.43171871  0.45251278  
59_133_0   0.41818699  0.02266291  0.01883514  0.01502790  0.00000000  0.02266291  0.10390318  0.09534762  0.34200560  0.31832691  0.32417292  0.34200560  0.34805082  0.33601144  0.33601144  0.33601144  0.34200560  0.37276027  0.24641145  0.26237223  0.27321575  0.32417292  0.34200560  0.30677743  0.48122141  0.45251278  0.47393463  0.44551350  0.51114067  0.48858379  0.47393463  0.51882183  0.48122141  0.51882183  0.51882183  0.46672192  0.49602336  0.47393463  0.44551350  0.52658705  0.45958178  0.45958178  0.45958178  0.45958178  0.48122141  0.43858259  0.39836128  0.41151669  0.44551350  0.45958178  0.45958178  0.44551350  0.45958178  0.45251278  0.46672192  0.43171871  0.41151669  0.40490850  0.38544533  0.45251278  0.45958178  0.41151669  0.48858379  0.49602336  0.52658705  0.54237717  0.55852666  0.44551350  0.44551350  0.43858259  0.47393463  0.44551350  0.43171871  0.43171871  0.43858259  0.42492060  0.43858259  0.43858259  0.45958178  0.43171871  0.47393463  0.48858379  0.47393463  0.41151669  0.43171871  0.51114067  0.46672192  0.47393463  0.48122141  0.51114067  0.50354176  0.46672192  0.45958178  0.49602336  0.45251278  0.46672192  0.47393463  0.48858379  0.48858379  0.46672192  0.51114067  0.39836128  0.41151669  0.46672192  0.45251278  0.44551350  0.44551350  0.50354176  0.40490850  0.41151669  0.39187392  0.37907445  0.41151669  0.41818699  0.41151669  0.37907445  0.39187392  0.37276027  0.36650178  0.37907445  0.35414799  0.41151669  0.41151669  0.41151669  0.37907445  0.41151669  0.39187392  0.46672192  0.48122141  0.50354176  0.44551350  0.46672192  0.44551350  0.44551350  0.45958178  0.45958178  0.50354176  0.47393463  0.48122141  0.53443819  0.43171871  0.41818699  0.50354176  0.45958178  0.46672192  0.45958178  0.43858259  0.44551350  0.42492060  0.50354176  0.47393463  0.47393463  0.48858379  0.42492060  0.42492060  0.41818699  0.48122141  0.47393463  0.51114067  0.47393463  0.45251278  0.40490850  0.39836128  0.41151669  0.45958178  0.42492060  0.40490850  0.45251278  0.41818699  0.41818699  0.45958178  0.44551350  0.40490850  0.45251278  0.43171871  0.42492060  0.41818699  0.41818699  0.44551350  0.47393463  0.45251278  0.49602336  0.50354176  0.46672192  0.46672192  0.46672192  0.51882183  0.44551350  0.46672192  
35_123_0   0.41151669  0.03038096  0.02651144  0.01502790  0.02266291  0.00000000  0.09534762  0.08689399  0.33601144  0.31252867  0.31832691  0.33006749  0.33601144  0.34805082  0.34805082  0.30677743  0.32417292  0.37276027  0.26777328  0.26237223  0.27321575  0.31832691  0.33601144  0.28422754  0.50354176  0.45958178  0.48858379  0.45251278  0.50354176  0.48122141  0.46672192  0.51114067  0.45958178  0.49602336  0.51114067  0.45958178  0.48858379  0.46672192  0.43858259  0.50354176  0.45251278  0.46672192  0.45251278  0.46672192  0.50354176  0.44551350  0.40490850  0.41818699  0.42492060  0.43858259  0.43858259  0.42492060  0.43858259  0.43171871  0.44551350  0.41151669  0.40490850  0.41151669  0.39187392  0.45958178  0.46672192  0.41818699  0.48858379  0.49602336  0.53443819  0.51882183  0.56674135  0.42492060  0.41151669  0.44551350  0.45251278  0.45251278  0.41151669  0.41151669  0.41818699  0.40490850  0.41818699  0.42492060  0.43858259  0.43858259  0.49602336  0.51114067  0.49602336  0.41818699  0.42492060  0.51882183  0.47393463  0.47393463  0.48122141  0.51882183  0.51114067  0.45251278  0.45958178  0.49602336  0.45251278  0.46672192  0.47393463  0.48858379  0.48858379  0.46672192  0.49602336  0.39187392  0.39836128  0.43858259  0.45251278  0.44551350  0.45958178  0.48858379  0.40490850  0.39187392  0.37907445  0.37907445  0.42492060  0.40490850  0.41151669  0.36650178  0.37907445  0.36029800  0.35414799  0.36650178  0.36650178  0.41151669  0.41151669  0.41151669  0.37907445  0.41151669  0.39187392  0.46672192  0.48122141  0.51114067  0.43858259  0.45958178  0.43858259  0.43858259  0.45958178  0.45958178  0.49602336  0.48122141  0.48122141  0.53443819  0.44551350  0.43171871  0.50354176  0.45958178  0.46672192  0.45958178  0.43858259  0.44551350  0.42492060  0.50354176  0.47393463  0.44551350  0.48858379  0.41151669  0.41151669  0.40490850  0.45251278  0.48122141  0.53443819  0.48122141  0.45958178  0.41818699  0.41151669  0.42492060  0.47393463  0.43858259  0.41818699  0.46672192  0.44551350  0.43171871  0.45958178  0.45958178  0.41818699  0.46672192  0.43171871  0.42492060  0.41818699  0.41818699  0.44551350  0.47393463  0.45251278  0.49602336  0.48858379  0.46672192  0.45251278  0.45251278  0.50354176  0.41818699  0.46672192  
65_123_0   0.49602336  0.11256315  0.09961251  0.09534762  0.10390318  0.09534762  0.00000000  0.04607356  0.35414799  0.34200560  0.33601144  0.36029800  0.36650178  0.36650178  0.36650178  0.33006749  0.34805082  0.43858259  0.31252867  0.31252867  0.32417292  0.35414799  0.36029800  0.30677743  0.50354176  0.45958178  0.48122141  0.46672192  0.52658705  0.51882183  0.48858379  0.51882183  0.46672192  0.50354176  0.48858379  0.46672192  0.45251278  0.43171871  0.44551350  0.54237717  0.51114067  0.52658705  0.52658705  0.51114067  0.54237717  0.48858379  0.45251278  0.46672192  0.48122141  0.49602336  0.49602336  0.48122141  0.49602336  0.48858379  0.50354176  0.47393463  0.48122141  0.40490850  0.39836128  0.46672192  0.47393463  0.43858259  0.51882183  0.51114067  0.55852666  0.55040597  0.61813275  0.44551350  0.44551350  0.44551350  0.48858379  0.48122141  0.44551350  0.44551350  0.45251278  0.43858259  0.45251278  0.45958178  0.45958178  0.47393463  0.50354176  0.51882183  0.50354176  0.46672192  0.47393463  0.55040597  0.50354176  0.48858379  0.49602336  0.48122141  0.47393463  0.51114067  0.47393463  0.49602336  0.50354176  0.51882183  0.48858379  0.51114067  0.50354176  0.49602336  0.53443819  0.43858259  0.41818699  0.45958178  0.47393463  0.46672192  0.48122141  0.51114067  0.42492060  0.43858259  0.44551350  0.41151669  0.45958178  0.45958178  0.45251278  0.41818699  0.43171871  0.42492060  0.41818699  0.43171871  0.38544533  0.41818699  0.41818699  0.41818699  0.37907445  0.43171871  0.42492060  0.46672192  0.48122141  0.52658705  0.43858259  0.47393463  0.43858259  0.45251278  0.46672192  0.46672192  0.51114067  0.49602336  0.45251278  0.53443819  0.44551350  0.45251278  0.52658705  0.48122141  0.48858379  0.46672192  0.43171871  0.43858259  0.43171871  0.49602336  0.46672192  0.45251278  0.46672192  0.44551350  0.44551350  0.45251278  0.48858379  0.48122141  0.52658705  0.46672192  0.44551350  0.39836128  0.40490850  0.43171871  0.48122141  0.44551350  0.43171871  0.45958178  0.46672192  0.47393463  0.50354176  0.48858379  0.44551350  0.49602336  0.47393463  0.45251278  0.45958178  0.44551350  0.45958178  0.47393463  0.49602336  0.52658705  0.51882183  0.47393463  0.45251278  0.43858259  0.50354176  0.41818699  0.46672192  
65_127_0   0.48122141  0.10390318  0.09961251  0.08689399  0.09534762  0.08689399  0.04607356  0.00000000  0.34200560  0.31832691  0.32417292  0.36029800  0.36650178  0.36650178  0.36650178  0.33601144  0.35414799  0.41151669  0.29541291  0.30677743  0.31832691  0.34200560  0.34805082  0.30107242  0.49602336  0.46672192  0.48122141  0.47393463  0.51114067  0.50354176  0.47393463  0.50354176  0.46672192  0.48858379  0.50354176  0.47393463  0.45251278  0.43171871  0.41818699  0.51114067  0.48122141  0.51114067  0.49602336  0.48122141  0.49602336  0.45958178  0.42492060  0.45251278  0.43858259  0.45251278  0.45251278  0.43858259  0.43858259  0.43171871  0.44551350  0.45251278  0.45251278  0.39187392  0.37276027  0.43858259  0.44551350  0.41151669  0.51882183  0.54237717  0.55852666  0.55040597  0.60058547  0.43171871  0.43171871  0.43171871  0.45958178  0.45251278  0.40490850  0.40490850  0.41151669  0.41151669  0.42492060  0.42492060  0.41818699  0.43858259  0.45958178  0.47393463  0.45958178  0.42492060  0.43171871  0.50354176  0.47393463  0.48858379  0.51114067  0.47393463  0.48122141  0.46672192  0.47393463  0.51114067  0.47393463  0.48858379  0.47393463  0.51114067  0.48858379  0.48122141  0.48858379  0.41151669  0.43171871  0.43171871  0.47393463  0.46672192  0.45251278  0.51114067  0.42492060  0.43171871  0.41818699  0.39836128  0.45251278  0.43171871  0.45251278  0.39187392  0.39187392  0.38544533  0.37907445  0.39187392  0.37276027  0.40490850  0.40490850  0.40490850  0.37907445  0.41151669  0.39836128  0.48122141  0.49602336  0.50354176  0.44551350  0.48122141  0.44551350  0.45958178  0.48122141  0.48122141  0.51882183  0.48858379  0.46672192  0.50354176  0.44551350  0.43858259  0.50354176  0.46672192  0.47393463  0.46672192  0.43171871  0.43858259  0.44551350  0.48122141  0.45251278  0.45251278  0.45251278  0.40490850  0.40490850  0.42492060  0.48122141  0.45958178  0.48122141  0.44551350  0.42492060  0.38544533  0.39187392  0.40490850  0.45251278  0.41818699  0.41818699  0.43171871  0.46672192  0.41818699  0.44551350  0.43171871  0.39187392  0.43858259  0.44551350  0.42492060  0.43171871  0.43171871  0.45251278  0.48122141  0.47393463  0.50354176  0.51114067  0.46672192  0.45958178  0.45958178  0.50354176  0.43171871  0.44551350  
59_121_0   0.44551350  0.36029800  0.36650178  0.36029800  0.34200560  0.33601144  0.35414799  0.34200560  0.00000000  0.03818388  0.07028299  0.28422754  0.27870028  0.28422754  0.28422754  0.36650178  0.37907445  0.39187392  0.36650178  0.33006749  0.34200560  0.34805082  0.34805082  0.35414799  0.48122141  0.48122141  0.51114067  0.45251278  0.49602336  0.51882183  0.50354176  0.50354176  0.46672192  0.47393463  0.43171871  0.45251278  0.50354176  0.50354176  0.42492060  0.48858379  0.55040597  0.50354176  0.48858379  0.48858379  0.54237717  0.49602336  0.49602336  0.48122141  0.48122141  0.49602336  0.49602336  0.45251278  0.45958178  0.45958178  0.44551350  0.47393463  0.44551350  0.43858259  0.43858259  0.45251278  0.43858259  0.45251278  0.55852666  0.46672192  0.55852666  0.55040597  0.63612497  0.48122141  0.51114067  0.49602336  0.48122141  0.50354176  0.49602336  0.51114067  0.49602336  0.50354176  0.51114067  0.50354176  0.55852666  0.54237717  0.52658705  0.51882183  0.50354176  0.48858379  0.48858379  0.56674135  0.52658705  0.55040597  0.51114067  0.53443819  0.53443819  0.45251278  0.44551350  0.46672192  0.51882183  0.51882183  0.47393463  0.53443819  0.48858379  0.48858379  0.47393463  0.41818699  0.45958178  0.48858379  0.48122141  0.47393463  0.51114067  0.43171871  0.45958178  0.45251278  0.43171871  0.45251278  0.46672192  0.45251278  0.45958178  0.41151669  0.42492060  0.40490850  0.39836128  0.41151669  0.40490850  0.43171871  0.43171871  0.43858259  0.41818699  0.41151669  0.41818699  0.45958178  0.44551350  0.49602336  0.52658705  0.53443819  0.52658705  0.51114067  0.49602336  0.50354176  0.46672192  0.47393463  0.51882183  0.54237717  0.48858379  0.52658705  0.53443819  0.53443819  0.53443819  0.55040597  0.49602336  0.50354176  0.47393463  0.49602336  0.51882183  0.46672192  0.46672192  0.45251278  0.45251278  0.45958178  0.46672192  0.52658705  0.51114067  0.51114067  0.51114067  0.50354176  0.49602336  0.47393463  0.51882183  0.43858259  0.43171871  0.51882183  0.53443819  0.45958178  0.48858379  0.45958178  0.39836128  0.43858259  0.48858379  0.51882183  0.52658705  0.51114067  0.44551350  0.47393463  0.47393463  0.45958178  0.45251278  0.50354176  0.44551350  0.45251278  0.40490850  0.37907445  0.43171871  
35_121_0   0.43171871  0.34805082  0.34200560  0.33601144  0.31832691  0.31252867  0.34200560  0.31832691  0.03818388  0.00000000  0.05005154  0.29541291  0.28979819  0.30107242  0.30107242  0.35414799  0.36650178  0.39187392  0.33006749  0.31832691  0.33006749  0.32417292  0.33006749  0.33006749  0.48858379  0.51882183  0.54237717  0.46672192  0.48122141  0.48122141  0.48122141  0.49602336  0.45251278  0.44551350  0.45958178  0.45958178  0.49602336  0.48858379  0.44551350  0.50354176  0.53443819  0.48858379  0.47393463  0.48858379  0.51882183  0.49602336  0.48858379  0.47393463  0.45958178  0.47393463  0.47393463  0.44551350  0.43858259  0.43858259  0.43858259  0.45958178  0.43858259  0.42492060  0.41151669  0.43858259  0.42492060  0.45251278  0.51882183  0.49602336  0.54237717  0.53443819  0.61813275  0.46672192  0.48858379  0.48858379  0.48122141  0.50354176  0.51114067  0.51114067  0.51114067  0.48858379  0.50354176  0.51882183  0.55852666  0.53443819  0.49602336  0.48858379  0.47393463  0.46672192  0.47393463  0.55040597  0.49602336  0.52658705  0.50354176  0.53443819  0.53443819  0.44551350  0.44551350  0.46672192  0.51882183  0.51882183  0.43858259  0.53443819  0.45251278  0.47393463  0.47393463  0.40490850  0.43171871  0.44551350  0.46672192  0.45958178  0.49602336  0.41818699  0.41818699  0.42492060  0.41151669  0.42492060  0.42492060  0.43858259  0.44551350  0.40490850  0.41818699  0.38544533  0.37907445  0.39187392  0.39836128  0.41151669  0.42492060  0.41151669  0.41151669  0.41818699  0.40490850  0.43171871  0.43858259  0.47393463  0.51114067  0.53443819  0.49602336  0.49602336  0.48858379  0.49602336  0.47393463  0.46672192  0.50354176  0.52658705  0.45958178  0.48122141  0.53443819  0.50354176  0.50354176  0.51882183  0.48122141  0.48858379  0.47393463  0.48122141  0.50354176  0.46672192  0.46672192  0.45958178  0.45958178  0.45251278  0.47393463  0.51114067  0.49602336  0.51114067  0.51114067  0.49602336  0.47393463  0.45958178  0.47393463  0.40490850  0.39187392  0.48858379  0.51114067  0.45251278  0.49602336  0.45958178  0.40490850  0.44551350  0.44551350  0.48858379  0.49602336  0.48122141  0.42492060  0.44551350  0.44551350  0.43171871  0.42492060  0.47393463  0.43171871  0.46672192  0.42492060  0.39187392  0.43171871  
65_121_0   0.46672192  0.34200560  0.34805082  0.34200560  0.32417292  0.31832691  0.33601144  0.32417292  0.07028299  0.05005154  0.00000000  0.27870028  0.27321575  0.29541291  0.29541291  0.37276027  0.38544533  0.41151669  0.33601144  0.33601144  0.34805082  0.32417292  0.31832691  0.33006749  0.50354176  0.50354176  0.51114067  0.45251278  0.52658705  0.52658705  0.52658705  0.56674135  0.48122141  0.48858379  0.48858379  0.48122141  0.51114067  0.50354176  0.44551350  0.51882183  0.56674135  0.50354176  0.48858379  0.50354176  0.51882183  0.49602336  0.47393463  0.47393463  0.47393463  0.48858379  0.48858379  0.47393463  0.45251278  0.45251278  0.45251278  0.44551350  0.42492060  0.42492060  0.42492060  0.46672192  0.45251278  0.48122141  0.55852666  0.53443819  0.54237717  0.51882183  0.60058547  0.48858379  0.49602336  0.47393463  0.48122141  0.49602336  0.50354176  0.50354176  0.50354176  0.46672192  0.46672192  0.49602336  0.55040597  0.57505226  0.52658705  0.51882183  0.50354176  0.46672192  0.50354176  0.56674135  0.52658705  0.51882183  0.51114067  0.50354176  0.50354176  0.43858259  0.41151669  0.43171871  0.49602336  0.49602336  0.43171871  0.51882183  0.44551350  0.45251278  0.46672192  0.41151669  0.42492060  0.43858259  0.45958178  0.45251278  0.48858379  0.40490850  0.41151669  0.40490850  0.41818699  0.39187392  0.43171871  0.44551350  0.45251278  0.38544533  0.42492060  0.37907445  0.37276027  0.38544533  0.41151669  0.41818699  0.43171871  0.43171871  0.40490850  0.43171871  0.41151669  0.44551350  0.43858259  0.48858379  0.51114067  0.53443819  0.49602336  0.51114067  0.45958178  0.46672192  0.47393463  0.46672192  0.52658705  0.53443819  0.48122141  0.51114067  0.59197191  0.50354176  0.51882183  0.51882183  0.50354176  0.51114067  0.49602336  0.50354176  0.51114067  0.47393463  0.48858379  0.45251278  0.45251278  0.44551350  0.46672192  0.50354176  0.48122141  0.50354176  0.50354176  0.45958178  0.43858259  0.45251278  0.49602336  0.41818699  0.40490850  0.49602336  0.48858379  0.44551350  0.47393463  0.46672192  0.39836128  0.43858259  0.45251278  0.49602336  0.50354176  0.48858379  0.40490850  0.41151669  0.45251278  0.42492060  0.41818699  0.46672192  0.39836128  0.43171871  0.43171871  0.38544533  0.42492060  
35_125_0   0.34200560  0.35414799  0.34805082  0.34200560  0.34200560  0.33006749  0.36029800  0.36029800  0.28422754  0.29541291  0.27870028  0.00000000  0.00372724  0.05807503  0.05807503  0.30677743  0.32417292  0.35414799  0.33006749  0.31252867  0.32417292  0.27321575  0.25169192  0.26777328  0.43858259  0.43171871  0.43171871  0.41818699  0.45958178  0.41818699  0.41818699  0.44551350  0.40490850  0.43858259  0.43858259  0.41151669  0.42492060  0.41818699  0.45958178  0.51114067  0.51114067  0.44551350  0.44551350  0.45958178  0.51882183  0.43858259  0.39187392  0.34805082  0.41818699  0.41818699  0.41818699  0.39187392  0.39836128  0.40490850  0.39187392  0.39187392  0.38544533  0.39187392  0.39187392  0.42492060  0.42492060  0.43171871  0.50354176  0.47393463  0.46672192  0.48122141  0.51114067  0.42492060  0.44551350  0.45958178  0.47393463  0.48858379  0.47393463  0.48858379  0.47393463  0.49602336  0.49602336  0.50354176  0.48858379  0.59197191  0.57505226  0.57505226  0.55852666  0.49602336  0.50354176  0.60058547  0.58346166  0.51882183  0.49602336  0.53443819  0.53443819  0.48858379  0.48122141  0.47393463  0.51882183  0.53443819  0.48858379  0.46672192  0.51882183  0.51114067  0.47393463  0.43171871  0.39836128  0.41151669  0.43858259  0.43171871  0.48122141  0.46672192  0.40490850  0.39836128  0.42492060  0.41818699  0.48858379  0.45958178  0.46672192  0.41818699  0.43171871  0.42492060  0.42492060  0.43171871  0.41818699  0.45251278  0.45251278  0.46672192  0.39836128  0.44551350  0.44551350  0.43858259  0.38544533  0.45958178  0.45251278  0.45958178  0.43858259  0.43858259  0.45251278  0.45251278  0.48122141  0.48122141  0.47393463  0.55852666  0.49602336  0.51114067  0.54237717  0.51114067  0.55040597  0.49602336  0.39836128  0.39187392  0.39187392  0.41818699  0.39187392  0.36650178  0.37276027  0.40490850  0.40490850  0.37907445  0.43858259  0.50354176  0.51882183  0.47393463  0.48122141  0.41818699  0.42492060  0.44551350  0.49602336  0.42492060  0.39836128  0.48122141  0.47393463  0.41151669  0.42492060  0.47393463  0.42492060  0.44551350  0.43171871  0.41151669  0.39187392  0.39187392  0.41818699  0.44551350  0.46672192  0.44551350  0.43858259  0.43171871  0.43858259  0.43171871  0.40490850  0.36650178  0.41151669  
59_125_0   0.34805082  0.36029800  0.35414799  0.34805082  0.34805082  0.33601144  0.36650178  0.36650178  0.27870028  0.28979819  0.27321575  0.00372724  0.00000000  0.06212106  0.06212106  0.31252867  0.33006749  0.36029800  0.33601144  0.31832691  0.33006749  0.26777328  0.25701198  0.26237223  0.44551350  0.43858259  0.43858259  0.42492060  0.45251278  0.41151669  0.41151669  0.43858259  0.39836128  0.43171871  0.43171871  0.41818699  0.41818699  0.41151669  0.46672192  0.50354176  0.50354176  0.43858259  0.43858259  0.45251278  0.51114067  0.44551350  0.39836128  0.35414799  0.41151669  0.41151669  0.41151669  0.38544533  0.39187392  0.39836128  0.38544533  0.38544533  0.37907445  0.39836128  0.39836128  0.43171871  0.43171871  0.43858259  0.51114067  0.46672192  0.47393463  0.48858379  0.51882183  0.43171871  0.45251278  0.45251278  0.48122141  0.48122141  0.48122141  0.49602336  0.48122141  0.50354176  0.50354176  0.51114067  0.49602336  0.60058547  0.56674135  0.56674135  0.55040597  0.48858379  0.51114067  0.59197191  0.57505226  0.52658705  0.48858379  0.52658705  0.52658705  0.49602336  0.48858379  0.48122141  0.52658705  0.54237717  0.49602336  0.47393463  0.51114067  0.50354176  0.46672192  0.42492060  0.40490850  0.41818699  0.44551350  0.43858259  0.47393463  0.45958178  0.41151669  0.40490850  0.43171871  0.42492060  0.49602336  0.45251278  0.45958178  0.42492060  0.43858259  0.43171871  0.43171871  0.43858259  0.41151669  0.44551350  0.44551350  0.45958178  0.39187392  0.45251278  0.43858259  0.44551350  0.39187392  0.45251278  0.45958178  0.46672192  0.44551350  0.44551350  0.44551350  0.44551350  0.48858379  0.48858379  0.48122141  0.56674135  0.50354176  0.50354176  0.55040597  0.51882183  0.55852666  0.50354176  0.40490850  0.39836128  0.39836128  0.42492060  0.39836128  0.37276027  0.37907445  0.41151669  0.41151669  0.38544533  0.44551350  0.51114067  0.52658705  0.48122141  0.48858379  0.42492060  0.43171871  0.45251278  0.50354176  0.41818699  0.39187392  0.48858379  0.48122141  0.41818699  0.43171871  0.48122141  0.43171871  0.45251278  0.43858259  0.41818699  0.39836128  0.39836128  0.42492060  0.45251278  0.47393463  0.45251278  0.44551350  0.43858259  0.44551350  0.43858259  0.39836128  0.37276027  0.41818699  
59_130_0   0.36029800  0.36029800  0.34200560  0.34805082  0.33601144  0.34805082  0.36650178  0.36650178  0.28422754  0.30107242  0.29541291  0.05807503  0.06212106  0.00000000  0.00747417  0.31832691  0.33601144  0.36029800  0.30677743  0.31252867  0.32417292  0.27321575  0.25169192  0.26777328  0.43171871  0.41818699  0.41818699  0.39187392  0.43858259  0.42492060  0.39836128  0.41151669  0.39836128  0.39836128  0.39187392  0.39187392  0.41818699  0.39836128  0.41818699  0.48122141  0.51114067  0.43858259  0.43858259  0.43858259  0.51882183  0.44551350  0.41151669  0.37907445  0.43858259  0.43858259  0.43858259  0.41151669  0.43171871  0.43858259  0.42492060  0.39836128  0.38544533  0.36650178  0.37907445  0.41818699  0.40490850  0.43858259  0.48122141  0.46672192  0.48858379  0.48858379  0.52658705  0.43858259  0.44551350  0.45251278  0.44551350  0.44551350  0.44551350  0.45958178  0.44551350  0.46672192  0.48122141  0.46672192  0.45958178  0.58346166  0.55040597  0.55040597  0.53443819  0.50354176  0.52658705  0.60058547  0.58346166  0.49602336  0.45958178  0.52658705  0.52658705  0.48122141  0.46672192  0.45958178  0.49602336  0.51114067  0.45251278  0.43858259  0.48122141  0.48858379  0.46672192  0.38544533  0.38544533  0.40490850  0.39836128  0.39187392  0.43858259  0.41818699  0.37907445  0.37907445  0.41818699  0.39187392  0.48122141  0.43858259  0.44551350  0.41151669  0.43858259  0.41818699  0.41818699  0.41818699  0.39836128  0.41818699  0.41818699  0.41818699  0.36650178  0.40490850  0.41151669  0.41818699  0.39187392  0.45958178  0.45958178  0.46672192  0.44551350  0.44551350  0.43171871  0.43171871  0.48858379  0.46672192  0.47393463  0.54237717  0.47393463  0.53443819  0.53443819  0.51114067  0.52658705  0.49602336  0.39187392  0.38544533  0.39836128  0.40490850  0.38544533  0.37276027  0.34805082  0.39836128  0.39836128  0.37276027  0.43171871  0.48858379  0.48858379  0.44551350  0.45251278  0.41151669  0.41818699  0.43858259  0.46672192  0.39836128  0.37276027  0.46672192  0.45251278  0.43171871  0.43171871  0.46672192  0.43171871  0.45251278  0.39187392  0.40490850  0.39187392  0.38544533  0.39187392  0.40490850  0.43171871  0.42492060  0.43171871  0.39836128  0.41818699  0.41818699  0.39836128  0.35414799  0.39836128  
35_130_0   0.36029800  0.36029800  0.34200560  0.34805082  0.33601144  0.34805082  0.36650178  0.36650178  0.28422754  0.30107242  0.29541291  0.05807503  0.06212106  0.00747417  0.00000000  0.31832691  0.33601144  0.37276027  0.30677743  0.32417292  0.33601144  0.27321575  0.25169192  0.26777328  0.43858259  0.42492060  0.42492060  0.39836128  0.44551350  0.43171871  0.40490850  0.41818699  0.40490850  0.40490850  0.39836128  0.39836128  0.42492060  0.40490850  0.42492060  0.47393463  0.50354176  0.43171871  0.43171871  0.43171871  0.52658705  0.45251278  0.41818699  0.38544533  0.44551350  0.44551350  0.44551350  0.41818699  0.43858259  0.44551350  0.41818699  0.40490850  0.39187392  0.37276027  0.38544533  0.42492060  0.41151669  0.44551350  0.48858379  0.47393463  0.48122141  0.48122141  0.51882183  0.44551350  0.45251278  0.45958178  0.43858259  0.43858259  0.43858259  0.45251278  0.43858259  0.45958178  0.47393463  0.45958178  0.45251278  0.59197191  0.55852666  0.55852666  0.54237717  0.51114067  0.53443819  0.59197191  0.57505226  0.50354176  0.46672192  0.51882183  0.51882183  0.48858379  0.45958178  0.45251278  0.48858379  0.50354176  0.45958178  0.43171871  0.48858379  0.49602336  0.47393463  0.37907445  0.39187392  0.41151669  0.40490850  0.39836128  0.44551350  0.42492060  0.38544533  0.38544533  0.41151669  0.39836128  0.48858379  0.44551350  0.45251278  0.41818699  0.43858259  0.42492060  0.42492060  0.42492060  0.40490850  0.42492060  0.42492060  0.42492060  0.37276027  0.41151669  0.41818699  0.42492060  0.39836128  0.46672192  0.46672192  0.47393463  0.45251278  0.45251278  0.43858259  0.43858259  0.48122141  0.45958178  0.46672192  0.55040597  0.47393463  0.53443819  0.55040597  0.52658705  0.54237717  0.51114067  0.39187392  0.38544533  0.39836128  0.40490850  0.38544533  0.37276027  0.35414799  0.41151669  0.41151669  0.37276027  0.43171871  0.47393463  0.50354176  0.44551350  0.45251278  0.41151669  0.41818699  0.43858259  0.48122141  0.41151669  0.38544533  0.48122141  0.46672192  0.44551350  0.44551350  0.48122141  0.44551350  0.46672192  0.40490850  0.41818699  0.40490850  0.39836128  0.39836128  0.41151669  0.43858259  0.43171871  0.43858259  0.40490850  0.42492060  0.42492060  0.40490850  0.36029800  0.40490850  
59_124_0   0.42492060  0.33601144  0.33006749  0.32417292  0.33601144  0.30677743  0.33006749  0.33601144  0.36650178  0.35414799  0.37276027  0.30677743  0.31252867  0.31832691  0.31832691  0.00000000  0.01124098  0.26777328  0.28979819  0.23596695  0.24641145  0.24641145  0.23596695  0.23596695  0.44551350  0.48858379  0.46672192  0.43171871  0.45251278  0.40490850  0.40490850  0.43171871  0.41818699  0.41818699  0.45251278  0.47393463  0.43858259  0.41818699  0.49602336  0.48122141  0.47393463  0.46672192  0.45251278  0.46672192  0.53443819  0.46672192  0.39187392  0.41151669  0.47393463  0.50354176  0.50354176  0.47393463  0.46672192  0.45958178  0.44551350  0.45251278  0.43171871  0.44551350  0.42492060  0.43858259  0.43858259  0.39836128  0.48122141  0.47393463  0.44551350  0.44551350  0.51114067  0.46672192  0.45958178  0.45251278  0.44551350  0.44551350  0.45251278  0.46672192  0.44551350  0.45958178  0.47393463  0.45251278  0.42492060  0.48858379  0.48858379  0.50354176  0.48858379  0.45251278  0.44551350  0.52658705  0.50354176  0.39187392  0.41151669  0.47393463  0.45251278  0.41818699  0.40490850  0.39187392  0.44551350  0.45958178  0.47393463  0.48122141  0.48858379  0.48122141  0.48858379  0.37276027  0.38544533  0.41151669  0.42492060  0.41818699  0.45251278  0.45958178  0.37276027  0.34805082  0.48858379  0.43858259  0.49602336  0.48122141  0.48122141  0.40490850  0.43858259  0.44551350  0.43858259  0.46672192  0.39836128  0.42492060  0.42492060  0.42492060  0.40490850  0.45251278  0.43858259  0.41818699  0.43171871  0.48122141  0.48858379  0.49602336  0.47393463  0.47393463  0.46672192  0.46672192  0.48858379  0.49602336  0.45958178  0.56674135  0.46672192  0.49602336  0.50354176  0.51114067  0.53443819  0.51114067  0.39836128  0.40490850  0.39836128  0.43171871  0.41818699  0.41818699  0.41818699  0.39836128  0.39836128  0.39836128  0.43171871  0.44551350  0.48122141  0.45251278  0.42492060  0.43858259  0.43171871  0.47393463  0.45251278  0.44551350  0.43858259  0.44551350  0.43171871  0.47393463  0.48122141  0.48122141  0.46672192  0.49602336  0.39836128  0.45958178  0.45958178  0.44551350  0.42492060  0.41151669  0.48858379  0.43171871  0.42492060  0.44551350  0.44551350  0.44551350  0.41151669  0.38544533  0.43171871  
35_124_0   0.44551350  0.34200560  0.34805082  0.34200560  0.34200560  0.32417292  0.34805082  0.35414799  0.37907445  0.36650178  0.38544533  0.32417292  0.33006749  0.33601144  0.33601144  0.01124098  0.00000000  0.27321575  0.29541291  0.24116999  0.25169192  0.25169192  0.24116999  0.25169192  0.45958178  0.50354176  0.48122141  0.44551350  0.45958178  0.41151669  0.41151669  0.43858259  0.42492060  0.42492060  0.45958178  0.48122141  0.45251278  0.43171871  0.51114067  0.49602336  0.48858379  0.48122141  0.46672192  0.48122141  0.55040597  0.48122141  0.40490850  0.42492060  0.48858379  0.51882183  0.51882183  0.48858379  0.48122141  0.47393463  0.45958178  0.46672192  0.44551350  0.45958178  0.43858259  0.45251278  0.45251278  0.41151669  0.49602336  0.48858379  0.45958178  0.45958178  0.52658705  0.48122141  0.47393463  0.46672192  0.45958178  0.45958178  0.46672192  0.48122141  0.45958178  0.47393463  0.48858379  0.46672192  0.43858259  0.50354176  0.50354176  0.51882183  0.50354176  0.46672192  0.45958178  0.54237717  0.51882183  0.40490850  0.42492060  0.48858379  0.46672192  0.43171871  0.41818699  0.40490850  0.45958178  0.47393463  0.48858379  0.49602336  0.50354176  0.49602336  0.50354176  0.38544533  0.39836128  0.42492060  0.43858259  0.43171871  0.46672192  0.47393463  0.38544533  0.36029800  0.50354176  0.45251278  0.51114067  0.49602336  0.49602336  0.41818699  0.45251278  0.45958178  0.45251278  0.48122141  0.41151669  0.43858259  0.43858259  0.43858259  0.41818699  0.46672192  0.45251278  0.43171871  0.44551350  0.49602336  0.50354176  0.51114067  0.48858379  0.48858379  0.48122141  0.48122141  0.50354176  0.51114067  0.47393463  0.58346166  0.48122141  0.51114067  0.51882183  0.52658705  0.55040597  0.52658705  0.41151669  0.41818699  0.41151669  0.44551350  0.43171871  0.43171871  0.43171871  0.41151669  0.41151669  0.41151669  0.44551350  0.45958178  0.49602336  0.46672192  0.43858259  0.45251278  0.44551350  0.48858379  0.46672192  0.45958178  0.45251278  0.45958178  0.44551350  0.48858379  0.49602336  0.49602336  0.48122141  0.51114067  0.41151669  0.47393463  0.47393463  0.45958178  0.43858259  0.42492060  0.50354176  0.44551350  0.43858259  0.45958178  0.45958178  0.45958178  0.42492060  0.39836128  0.44551350  
