10
9_0_0      0.00000000  0.03387467  0.06937118  0.13788912  0.13788912  0.11433930  0.09151442  0.13788912  0.12210643  0.12995579  
1_0_0      0.03387467  0.00000000  0.03387467  0.11433930  0.11433930  0.07667903  0.05496804  0.09904492  0.08405963  0.09151442  
6_0_0      0.06937118  0.03387467  0.00000000  0.10665268  0.10665268  0.08405963  0.06213464  0.10665268  0.09151442  0.09904492  
8_0_0      0.13788912  0.11433930  0.10665268  0.00000000  0.00000000  0.09904492  0.07667903  0.12210643  0.12210643  0.12995579  
2_0_0      0.13788912  0.11433930  0.10665268  0.00000000  0.00000000  0.09904492  0.07667903  0.12210643  0.12210643  0.12995579  
3_0_0      0.11433930  0.07667903  0.08405963  0.09904492  0.09904492  0.00000000  0.02013855  0.07667903  0.06213464  0.06937118  
4_0_0      0.09151442  0.05496804  0.06213464  0.07667903  0.07667903  0.02013855  0.00000000  0.05496804  0.04083933  0.04787003  
11_0_0     0.13788912  0.09904492  0.10665268  0.12210643  0.12210643  0.07667903  0.05496804  0.00000000  0.01336475  0.02013855  
7_0_0      0.12210643  0.08405963  0.09151442  0.12210643  0.12210643  0.06213464  0.04083933  0.01336475  0.00000000  0.00665227  
10_0_0     0.12995579  0.09151442  0.09904492  0.12995579  0.12995579  0.06937118  0.04787003  0.02013855  0.00665227  0.00000000  

