20
13_0_0     0.00000000  0.00000000  0.04205237  0.14745203  0.64267262  0.62532059  0.61679323  0.43679994  0.43016381  0.41706560  0.42358603  0.39783852  0.43679994  0.37294783  0.37909329  0.36685244  0.38528965  0.34295577  0.34295577  0.33709901  
9_0_0      0.00000000  0.00000000  0.04205237  0.14745203  0.64267262  0.62532059  0.61679323  0.43679994  0.43016381  0.41706560  0.42358603  0.39783852  0.43679994  0.37294783  0.37909329  0.36685244  0.38528965  0.34295577  0.34295577  0.33709901  
7_0_0      0.04205237  0.04205237  0.00000000  0.16578469  0.64267262  0.62532059  0.63394629  0.45706903  0.45706903  0.44349546  0.45025146  0.43016381  0.47089346  0.41706560  0.42358603  0.41060151  0.43016381  0.38528965  0.38528965  0.37909329  
19_0_0     0.14745203  0.14745203  0.16578469  0.00000000  0.63394629  0.63394629  0.62532059  0.39783852  0.39153777  0.38528965  0.39153777  0.36685244  0.41706560  0.32552127  0.33128774  0.33128774  0.33709901  0.33128774  0.33128774  0.32552127  
1_0_0      0.64267262  0.64267262  0.64267262  0.63394629  0.00000000  0.01123639  0.01501967  0.60836197  0.55967764  0.55967764  0.55186295  0.54412906  0.58362382  0.51396911  0.50661537  0.52139587  0.49933321  0.54412906  0.55967764  0.55186295  
2_0_0      0.62532059  0.62532059  0.62532059  0.63394629  0.01123639  0.00000000  0.00372674  0.61679323  0.56757483  0.56757483  0.55967764  0.55186295  0.59177930  0.51396911  0.50661537  0.52139587  0.49933321  0.54412906  0.55967764  0.55186295  
3_0_0      0.61679323  0.61679323  0.63394629  0.62532059  0.01501967  0.00372674  0.00000000  0.62532059  0.57555628  0.57555628  0.56757483  0.55967764  0.60002469  0.50661537  0.49933321  0.51396911  0.49212127  0.53647431  0.55186295  0.54412906  
15_0_0     0.43679994  0.43679994  0.45706903  0.39783852  0.60836197  0.61679323  0.62532059  0.00000000  0.07009872  0.07419258  0.07009872  0.09923771  0.06197761  0.24913716  0.24396837  0.24396837  0.25958314  0.24913716  0.24913716  0.25958314  
14_0_0     0.43016381  0.43016381  0.45706903  0.39153777  0.55967764  0.56757483  0.57555628  0.07009872  0.00000000  0.01501967  0.01123639  0.03813023  0.09500486  0.27553082  0.27017706  0.27017706  0.28635467  0.28092317  0.28092317  0.29182591  
8_0_0      0.41706560  0.41706560  0.44349546  0.38528965  0.55967764  0.56757483  0.57555628  0.07419258  0.01501967  0.00000000  0.00372674  0.04599518  0.10349465  0.27553082  0.28092317  0.27017706  0.28635467  0.27017706  0.27017706  0.28092317  
18_0_0     0.42358603  0.42358603  0.45025146  0.39153777  0.55186295  0.55967764  0.56757483  0.07009872  0.01123639  0.00372674  0.00000000  0.04205237  0.09923771  0.28092317  0.27553082  0.27553082  0.29182591  0.27553082  0.27553082  0.28635467  
6_0_0      0.39783852  0.39783852  0.43016381  0.36685244  0.54412906  0.55186295  0.55967764  0.09923771  0.03813023  0.04599518  0.04205237  0.00000000  0.12955794  0.30848388  0.30288991  0.30288991  0.31979892  0.29182591  0.29182591  0.29733745  
16_0_0     0.43679994  0.43679994  0.47089346  0.41706560  0.58362382  0.59177930  0.60002469  0.06197761  0.09500486  0.10349465  0.09923771  0.12955794  0.00000000  0.25434192  0.24913716  0.24913716  0.25434192  0.23883505  0.23883505  0.24913716  
5_0_0      0.37294783  0.37294783  0.41706560  0.32552127  0.51396911  0.51396911  0.50661537  0.24913716  0.27553082  0.27553082  0.28092317  0.30848388  0.25434192  0.00000000  0.00372674  0.00372674  0.00747214  0.09923771  0.10777596  0.10777596  
12_0_0     0.37909329  0.37909329  0.42358603  0.33128774  0.50661537  0.50661537  0.49933321  0.24396837  0.27017706  0.28092317  0.27553082  0.30288991  0.24913716  0.00372674  0.00000000  0.00747214  0.01123639  0.10349465  0.11208191  0.11208191  
4_0_0      0.36685244  0.36685244  0.41060151  0.33128774  0.52139587  0.52139587  0.51396911  0.24396837  0.27017706  0.27017706  0.27553082  0.30288991  0.24913716  0.00372674  0.00747214  0.00000000  0.01123639  0.09500486  0.10349465  0.10349465  
10_0_0     0.38528965  0.38528965  0.43016381  0.33709901  0.49933321  0.49933321  0.49212127  0.25958314  0.28635467  0.28635467  0.29182591  0.31979892  0.25434192  0.00747214  0.01123639  0.01123639  0.00000000  0.10777596  0.11641279  0.11641279  
20_0_0     0.34295577  0.34295577  0.38528965  0.33128774  0.54412906  0.54412906  0.53647431  0.24913716  0.28092317  0.27017706  0.27553082  0.29182591  0.23883505  0.09923771  0.10349465  0.09500486  0.10777596  0.00000000  0.00747214  0.00747214  
17_0_0     0.34295577  0.34295577  0.38528965  0.33128774  0.55967764  0.55967764  0.55186295  0.24913716  0.28092317  0.27017706  0.27553082  0.29182591  0.23883505  0.10777596  0.11208191  0.10349465  0.11641279  0.00747214  0.00000000  0.01501967  
11_0_0     0.33709901  0.33709901  0.37909329  0.32552127  0.55186295  0.55186295  0.54412906  0.25958314  0.29182591  0.28092317  0.28635467  0.29733745  0.24913716  0.10777596  0.11208191  0.10349465  0.11641279  0.00747214  0.01501967  0.00000000  

