20
13_0_0     0.00000000  0.00000000  0.05458319  0.16282057  0.67706775  0.67706775  0.66533404  0.47509333  0.54233739  0.50431259  0.52296161  0.52763295  0.51138833  0.45354793  0.46892722  0.46892722  0.46892722  0.40750021  0.41561312  0.42386061  
9_0_0      0.00000000  0.00000000  0.05458319  0.16282057  0.67706775  0.67706775  0.66533404  0.47509333  0.54233739  0.50431259  0.52296161  0.52763295  0.51138833  0.45354793  0.46892722  0.46892722  0.46892722  0.40750021  0.41561312  0.42386061  
7_0_0      0.05458319  0.05458319  0.00000000  0.12390509  0.63170801  0.65387084  0.64266596  0.47509333  0.48633779  0.45222737  0.46899015  0.49101282  0.50206320  0.41159498  0.42588617  0.42588617  0.42588617  0.35413899  0.36142029  0.36880980  
19_0_0     0.16282057  0.16282057  0.12390509  0.00000000  0.62904112  0.62904112  0.64012318  0.47282402  0.51138833  0.50206320  0.50206320  0.49745370  0.50004406  0.32060599  0.33291375  0.33291375  0.33291375  0.25900597  0.26508605  0.27124140  
1_0_0      0.67706775  0.67706775  0.63170801  0.62904112  0.00000000  0.00749109  0.01127938  0.74583757  0.77504527  0.74771206  0.74771206  0.88462343  0.80291564  0.71104867  0.69431591  0.69431591  0.69431591  0.61573466  0.60500921  0.59451023  
2_0_0      0.67706775  0.67706775  0.65387084  0.62904112  0.00749109  0.00000000  0.00373144  0.77355807  0.80396880  0.77504527  0.77504527  0.92094393  0.83411585  0.73803326  0.72024306  0.72024306  0.72024306  0.63790559  0.62669657  0.61573466  
3_0_0      0.66533404  0.66533404  0.64266596  0.64012318  0.01127938  0.00373144  0.00000000  0.75950467  0.81908696  0.78929676  0.78929676  0.90245213  0.81827107  0.72435794  0.70711052  0.70711052  0.70711052  0.64937313  0.63790559  0.62669657  
15_0_0     0.47509333  0.47509333  0.47509333  0.47282402  0.74583757  0.77355807  0.75950467  0.00000000  0.10623488  0.09721572  0.09721572  0.13814389  0.06758940  0.32083183  0.32627928  0.32627928  0.32627928  0.28448432  0.29075504  0.29710586  
14_0_0     0.54233739  0.54233739  0.48633779  0.51138833  0.77504527  0.80396880  0.81908696  0.10623488  0.00000000  0.02282058  0.01509676  0.05048266  0.09276675  0.39475311  0.40074013  0.40074013  0.40074013  0.31307243  0.30020730  0.32627928  
8_0_0      0.50431259  0.50431259  0.45222737  0.50206320  0.74771206  0.77504527  0.78929676  0.09721572  0.02282058  0.00000000  0.00749109  0.06709165  0.11080656  0.39475311  0.40074013  0.40074013  0.40074013  0.31307243  0.30020730  0.32627928  
18_0_0     0.52296161  0.52296161  0.46899015  0.50206320  0.74771206  0.77504527  0.78929676  0.09721572  0.01509676  0.00749109  0.00000000  0.05871781  0.10170485  0.37975461  0.38562830  0.38562830  0.38562830  0.30020730  0.28766666  0.31307243  
6_0_0      0.52763295  0.52763295  0.49101282  0.49745370  0.88462343  0.92094393  0.90245213  0.13814389  0.05048266  0.06709165  0.05871781  0.00000000  0.13335217  0.41456760  0.42071362  0.42071362  0.42071362  0.33729637  0.32391275  0.35105020  
16_0_0     0.51138833  0.51138833  0.50206320  0.50004406  0.80291564  0.83411585  0.81827107  0.06758940  0.09276675  0.11080656  0.10170485  0.13335217  0.00000000  0.35523183  0.36091770  0.36091770  0.36091770  0.31665998  0.32335271  0.33013676  
5_0_0      0.45354793  0.45354793  0.41159498  0.32060599  0.71104867  0.73803326  0.72435794  0.32083183  0.39475311  0.39475311  0.37975461  0.41456760  0.35523183  0.00000000  0.01124717  0.01124717  0.01124717  0.10136190  0.11501459  0.11042192  
12_0_0     0.46892722  0.46892722  0.42588617  0.33291375  0.69431591  0.72024306  0.70711052  0.32627928  0.40074013  0.40074013  0.38562830  0.42071362  0.36091770  0.01124717  0.00000000  0.00000000  0.00000000  0.11463414  0.12860619  0.12390509  
4_0_0      0.46892722  0.46892722  0.42588617  0.33291375  0.69431591  0.72024306  0.70711052  0.32627928  0.40074013  0.40074013  0.38562830  0.42071362  0.36091770  0.01124717  0.00000000  0.00000000  0.00000000  0.11463414  0.12860619  0.12390509  
10_0_0     0.46892722  0.46892722  0.42588617  0.33291375  0.69431591  0.72024306  0.70711052  0.32627928  0.40074013  0.40074013  0.38562830  0.42071362  0.36091770  0.01124717  0.00000000  0.00000000  0.00000000  0.11463414  0.12860619  0.12390509  
20_0_0     0.40750021  0.40750021  0.35413899  0.25900597  0.61573466  0.63790559  0.64937313  0.28448432  0.31307243  0.31307243  0.30020730  0.33729637  0.31665998  0.10136190  0.11463414  0.11463414  0.11463414  0.00000000  0.01127938  0.00749109  
17_0_0     0.41561312  0.41561312  0.36142029  0.26508605  0.60500921  0.62669657  0.63790559  0.29075504  0.30020730  0.30020730  0.28766666  0.32391275  0.32335271  0.11501459  0.12860619  0.12860619  0.12860619  0.01127938  0.00000000  0.01894367  
11_0_0     0.42386061  0.42386061  0.36880980  0.27124140  0.59451023  0.61573466  0.62669657  0.29710586  0.32627928  0.32627928  0.31307243  0.35105020  0.33013676  0.11042192  0.12390509  0.12390509  0.12390509  0.00749109  0.01894367  0.00000000  

