14
56_1_0     0.00000000  0.03378804  0.04373581  0.05891606  0.14567623  0.12860465  0.12300161  0.12300161  0.25075944  0.25075944  0.25743773  0.25075944  0.23758321  0.23758321  
56_4_0     0.03378804  0.00000000  0.04876094  0.06404704  0.18106444  0.16315615  0.15728293  0.15728293  0.25743773  0.25743773  0.26417761  0.25743773  0.25743773  0.25743773  
29_1_0     0.04373581  0.04876094  0.00000000  0.04373581  0.14567623  0.12860465  0.12300161  0.12300161  0.24414163  0.24414163  0.25075944  0.25743773  0.24414163  0.24414163  
16_1_0     0.05891606  0.06404704  0.04373581  0.00000000  0.16315615  0.14567623  0.13994128  0.13994128  0.23758321  0.23758321  0.23108312  0.25075944  0.23758321  0.23758321  
16_0_0     0.14567623  0.18106444  0.14567623  0.16315615  0.00000000  0.03378804  0.03874500  0.03874500  0.25075944  0.25075944  0.25743773  0.27784675  0.27784675  0.27784675  
29_5_0     0.12860465  0.16315615  0.12860465  0.14567623  0.03378804  0.00000000  0.00473227  0.00473227  0.24414163  0.24414163  0.25075944  0.27098022  0.25743773  0.25743773  
29_0_0     0.12300161  0.15728293  0.12300161  0.13994128  0.03874500  0.00473227  0.00000000  0.00000000  0.23758321  0.23758321  0.24414163  0.26417761  0.25075944  0.25075944  
29_6_0     0.12300161  0.15728293  0.12300161  0.13994128  0.03874500  0.00473227  0.00000000  0.00000000  0.23758321  0.23758321  0.24414163  0.26417761  0.25075944  0.25075944  
17_10_0    0.25075944  0.25743773  0.24414163  0.23758321  0.25075944  0.24414163  0.23758321  0.23758321  0.00000000  0.00000000  0.00473227  0.15145654  0.16315615  0.16315615  
18_10_0    0.25075944  0.25743773  0.24414163  0.23758321  0.25075944  0.24414163  0.23758321  0.23758321  0.00000000  0.00000000  0.00473227  0.15145654  0.16315615  0.16315615  
43_10_0    0.25743773  0.26417761  0.25075944  0.23108312  0.25743773  0.25075944  0.24414163  0.24414163  0.00473227  0.00473227  0.00000000  0.14567623  0.15728293  0.15728293  
43_7_0     0.25075944  0.25743773  0.25743773  0.25075944  0.27784675  0.27098022  0.26417761  0.26417761  0.15145654  0.15145654  0.14567623  0.00000000  0.00949538  0.00949538  
17_7_0     0.23758321  0.25743773  0.24414163  0.23758321  0.27784675  0.25743773  0.25075944  0.25075944  0.16315615  0.16315615  0.15728293  0.00949538  0.00000000  0.00000000  
18_7_0     0.23758321  0.25743773  0.24414163  0.23758321  0.27784675  0.25743773  0.25075944  0.25075944  0.16315615  0.16315615  0.15728293  0.00949538  0.00000000  0.00000000  

