20
6_0_0      0.00000000  0.08922097  0.04751654  0.13870437  0.30367520  0.31181916  0.31181916  0.25266566  0.23345209  0.23345209  0.28296533  0.28296533  0.29886096  0.15151448  0.15074480  0.19650476  0.17670674  0.17670674  0.17670674  0.21537663  
14_0_0     0.08922097  0.00000000  0.08922097  0.15687976  0.28003795  0.28778891  0.28778891  0.25266566  0.23345209  0.23345209  0.26757738  0.26757738  0.26757738  0.12757413  0.15074480  0.15769015  0.13939564  0.13939564  0.13939564  0.22214737  
15_0_0     0.04751654  0.08922097  0.00000000  0.12695748  0.28778891  0.29566659  0.29566659  0.25266566  0.21940227  0.21940227  0.22415905  0.22415905  0.23820158  0.09375606  0.10428939  0.13344863  0.11603570  0.11603570  0.11603570  0.19561717  
16_0_0     0.13870437  0.15687976  0.12695748  0.00000000  0.37082523  0.36167924  0.36167924  0.30531148  0.33430961  0.33430961  0.29723334  0.29723334  0.29723334  0.19542626  0.20786282  0.24467833  0.22295112  0.22295112  0.22295112  0.23495044  
7_0_0      0.30367520  0.28003795  0.28778891  0.37082523  0.00000000  0.00454627  0.00454627  0.16558800  0.12535522  0.12535522  0.27488584  0.27488584  0.27488584  0.25022381  0.25631078  0.22901460  0.23598113  0.23598113  0.23598113  0.30042129  
9_0_0      0.31181916  0.28778891  0.29566659  0.36167924  0.00454627  0.00000000  0.00000000  0.17175522  0.13108504  0.13108504  0.28238688  0.28238688  0.28238688  0.25750620  0.26364663  0.23598113  0.24304985  0.24304985  0.24304985  0.29281021  
13_0_0     0.31181916  0.28778891  0.29566659  0.36167924  0.00454627  0.00000000  0.00000000  0.17175522  0.13108504  0.13108504  0.28238688  0.28238688  0.28238688  0.25750620  0.26364663  0.23598113  0.24304985  0.24304985  0.24304985  0.29281021  
19_0_0     0.25266566  0.25266566  0.25266566  0.30531148  0.16558800  0.17175522  0.17175522  0.00000000  0.08834346  0.08834346  0.29271527  0.29271527  0.29271527  0.23112916  0.23004580  0.23820158  0.21728832  0.21728832  0.21728832  0.34356303  
8_0_0      0.23345209  0.23345209  0.21940227  0.33430961  0.12535522  0.13108504  0.13108504  0.08834346  0.00000000  0.00913583  0.20869970  0.20869970  0.20869970  0.20575053  0.21832006  0.22637598  0.20575053  0.20575053  0.20575053  0.28238688  
18_0_0     0.23345209  0.23345209  0.21940227  0.33430961  0.12535522  0.13108504  0.13108504  0.08834346  0.00913583  0.00000000  0.22214737  0.22214737  0.22214737  0.20575053  0.21832006  0.22637598  0.20575053  0.20575053  0.20575053  0.28238688  
3_0_0      0.28296533  0.26757738  0.22415905  0.29723334  0.27488584  0.28238688  0.28238688  0.29271527  0.20869970  0.22214737  0.00000000  0.00000000  0.00913583  0.18597181  0.21149626  0.21252805  0.19906701  0.19906701  0.19906701  0.31673130  
2_0_0      0.28296533  0.26757738  0.22415905  0.29723334  0.27488584  0.28238688  0.28238688  0.29271527  0.20869970  0.22214737  0.00000000  0.00000000  0.00913583  0.18597181  0.21149626  0.21252805  0.19906701  0.19906701  0.19906701  0.31673130  
1_0_0      0.29886096  0.26757738  0.23820158  0.29723334  0.27488584  0.28238688  0.28238688  0.29271527  0.20869970  0.22214737  0.00913583  0.00913583  0.00000000  0.19906701  0.22524190  0.22637598  0.21252805  0.21252805  0.21252805  0.33343385  
17_0_0     0.15151448  0.12757413  0.09375606  0.19542626  0.25022381  0.25750620  0.25750620  0.23112916  0.20575053  0.20575053  0.18597181  0.18597181  0.19906701  0.00000000  0.01837359  0.03276323  0.01844823  0.01844823  0.01844823  0.16558800  
11_0_0     0.15074480  0.15074480  0.10428939  0.20786282  0.25631078  0.26364663  0.26364663  0.23004580  0.21832006  0.21832006  0.21149626  0.21149626  0.22524190  0.01837359  0.00000000  0.05228426  0.03745797  0.03745797  0.03745797  0.16496372  
5_0_0      0.19650476  0.15769015  0.13344863  0.24467833  0.22901460  0.23598113  0.23598113  0.23820158  0.22637598  0.22637598  0.21252805  0.21252805  0.22637598  0.03276323  0.05228426  0.00000000  0.01376954  0.01376954  0.01376954  0.20383397  
12_0_0     0.17670674  0.13939564  0.11603570  0.22295112  0.23598113  0.24304985  0.24304985  0.21728832  0.20575053  0.20575053  0.19906701  0.19906701  0.21252805  0.01844823  0.03745797  0.01376954  0.00000000  0.00000000  0.00000000  0.18433163  
4_0_0      0.17670674  0.13939564  0.11603570  0.22295112  0.23598113  0.24304985  0.24304985  0.21728832  0.20575053  0.20575053  0.19906701  0.19906701  0.21252805  0.01844823  0.03745797  0.01376954  0.00000000  0.00000000  0.00000000  0.18433163  
10_0_0     0.17670674  0.13939564  0.11603570  0.22295112  0.23598113  0.24304985  0.24304985  0.21728832  0.20575053  0.20575053  0.19906701  0.19906701  0.21252805  0.01844823  0.03745797  0.01376954  0.00000000  0.00000000  0.00000000  0.18433163  
20_0_0     0.21537663  0.22214737  0.19561717  0.23495044  0.30042129  0.29281021  0.29281021  0.34356303  0.28238688  0.28238688  0.31673130  0.31673130  0.33343385  0.16558800  0.16496372  0.20383397  0.18433163  0.18433163  0.18433163  0.00000000  

