20
6_0_0      0.00000000  0.10173078  0.08630959  0.18991435  0.32442254  0.32442254  0.32442254  0.35307970  0.29010015  0.29683796  0.28342338  0.29010015  0.28342338  0.22590729  0.21978508  0.21371331  0.21371331  0.21371331  0.21371331  0.29010015  
14_0_0     0.10173078  0.00000000  0.10173078  0.19579244  0.33148306  0.31742901  0.31742901  0.32442254  0.31050122  0.31742901  0.29010015  0.28342338  0.29010015  0.17255621  0.16685983  0.18408276  0.18408276  0.18408276  0.18408276  0.25730512  
15_0_0     0.08630959  0.10173078  0.00000000  0.13357619  0.29010015  0.29010015  0.29010015  0.30363793  0.25730512  0.26374844  0.21371331  0.21978508  0.22590729  0.14450459  0.13902014  0.16685983  0.16685983  0.16685983  0.16685983  0.27024857  
16_0_0     0.18991435  0.19579244  0.13357619  0.00000000  0.40607786  0.40607786  0.40607786  0.37532828  0.34581029  0.35307970  0.27024857  0.27680654  0.26374844  0.24458505  0.23830639  0.24458505  0.24458505  0.24458505  0.24458505  0.31050122  
7_0_0      0.32442254  0.33148306  0.29010015  0.40607786  0.00000000  0.00910579  0.00910579  0.26374844  0.25091765  0.25730512  0.36042153  0.36783722  0.38289625  0.33148306  0.33148306  0.36042153  0.36042153  0.36042153  0.36042153  0.36783722  
9_0_0      0.32442254  0.31742901  0.29010015  0.40607786  0.00910579  0.00000000  0.00000000  0.25091765  0.23830639  0.24458505  0.36042153  0.36783722  0.38289625  0.31742901  0.31742901  0.34581029  0.34581029  0.34581029  0.34581029  0.35307970  
13_0_0     0.32442254  0.31742901  0.29010015  0.40607786  0.00910579  0.00000000  0.00000000  0.25091765  0.23830639  0.24458505  0.36042153  0.36783722  0.38289625  0.31742901  0.31742901  0.34581029  0.34581029  0.34581029  0.34581029  0.35307970  
19_0_0     0.35307970  0.32442254  0.30363793  0.37532828  0.26374844  0.25091765  0.25091765  0.00000000  0.09141422  0.09655445  0.27680654  0.27024857  0.27680654  0.23830639  0.23830639  0.23830639  0.23830639  0.23830639  0.23830639  0.36042153  
8_0_0      0.29010015  0.31050122  0.25730512  0.34581029  0.25091765  0.23830639  0.23830639  0.09141422  0.00000000  0.00453883  0.28342338  0.29010015  0.29010015  0.19579244  0.19579244  0.18991435  0.18991435  0.18991435  0.18991435  0.31050122  
18_0_0     0.29683796  0.31742901  0.26374844  0.35307970  0.25730512  0.24458505  0.24458505  0.09655445  0.00453883  0.00000000  0.29010015  0.29683796  0.29683796  0.20171778  0.20171778  0.19579244  0.19579244  0.19579244  0.19579244  0.31742901  
3_0_0      0.28342338  0.29010015  0.21371331  0.27024857  0.36042153  0.36042153  0.36042153  0.27680654  0.28342338  0.29010015  0.00000000  0.00453883  0.01370122  0.20171778  0.20769114  0.22590729  0.22590729  0.22590729  0.22590729  0.29683796  
2_0_0      0.29010015  0.28342338  0.21978508  0.27680654  0.36783722  0.36783722  0.36783722  0.27024857  0.29010015  0.29683796  0.00453883  0.00000000  0.00910579  0.19579244  0.20171778  0.21978508  0.21978508  0.21978508  0.21978508  0.29010015  
1_0_0      0.28342338  0.29010015  0.22590729  0.26374844  0.38289625  0.38289625  0.38289625  0.27680654  0.29010015  0.29683796  0.01370122  0.00910579  0.00000000  0.19579244  0.20171778  0.20769114  0.20769114  0.20769114  0.20769114  0.29010015  
17_0_0     0.22590729  0.17255621  0.14450459  0.24458505  0.33148306  0.31742901  0.31742901  0.23830639  0.19579244  0.20171778  0.20171778  0.19579244  0.19579244  0.00000000  0.03237491  0.04669734  0.04669734  0.04669734  0.04669734  0.18991435  
11_0_0     0.21978508  0.16685983  0.13902014  0.23830639  0.33148306  0.31742901  0.31742901  0.23830639  0.19579244  0.20171778  0.20769114  0.20171778  0.20171778  0.03237491  0.00000000  0.07120443  0.07120443  0.07120443  0.07120443  0.21371331  
5_0_0      0.21371331  0.18408276  0.16685983  0.24458505  0.36042153  0.34581029  0.34581029  0.23830639  0.18991435  0.19579244  0.22590729  0.21978508  0.20769114  0.04669734  0.07120443  0.00000000  0.00000000  0.00000000  0.00000000  0.20769114  
12_0_0     0.21371331  0.18408276  0.16685983  0.24458505  0.36042153  0.34581029  0.34581029  0.23830639  0.18991435  0.19579244  0.22590729  0.21978508  0.20769114  0.04669734  0.07120443  0.00000000  0.00000000  0.00000000  0.00000000  0.20769114  
4_0_0      0.21371331  0.18408276  0.16685983  0.24458505  0.36042153  0.34581029  0.34581029  0.23830639  0.18991435  0.19579244  0.22590729  0.21978508  0.20769114  0.04669734  0.07120443  0.00000000  0.00000000  0.00000000  0.00000000  0.20769114  
10_0_0     0.21371331  0.18408276  0.16685983  0.24458505  0.36042153  0.34581029  0.34581029  0.23830639  0.18991435  0.19579244  0.22590729  0.21978508  0.20769114  0.04669734  0.07120443  0.00000000  0.00000000  0.00000000  0.00000000  0.20769114  
20_0_0     0.29010015  0.25730512  0.27024857  0.31050122  0.36783722  0.35307970  0.35307970  0.36042153  0.31050122  0.31742901  0.29683796  0.29010015  0.29010015  0.18991435  0.21371331  0.20769114  0.20769114  0.20769114  0.20769114  0.00000000  

