20
6_0_0      0.00000000  0.10461812  0.06267246  0.18555549  0.35497812  0.36400441  0.36400441  0.36191272  0.34810858  0.35705403  0.19202044  0.19202044  0.19202044  0.14312209  0.16738661  0.20620136  0.19291792  0.19291792  0.19291792  0.17917487  
14_0_0     0.10461812  0.00000000  0.11584767  0.16533508  0.35103131  0.35989076  0.35989076  0.29956168  0.28677241  0.29457356  0.23049213  0.23049213  0.23049213  0.21095664  0.21095664  0.22460700  0.21095664  0.21095664  0.21095664  0.17147382  
15_0_0     0.06267246  0.11584767  0.00000000  0.14254613  0.31218795  0.32045175  0.32045175  0.36191272  0.33069400  0.33932380  0.19857198  0.19857198  0.19857198  0.14907631  0.17364559  0.19951455  0.18640908  0.18640908  0.18640908  0.18555549  
16_0_0     0.18555549  0.16533508  0.14254613  0.00000000  0.33040989  0.33880978  0.33880978  0.31258225  0.29176308  0.29956168  0.24241069  0.24241069  0.24241069  0.23642641  0.25794879  0.25066893  0.24349583  0.24349583  0.24349583  0.24241069  
7_0_0      0.35497812  0.35103131  0.31218795  0.33040989  0.00000000  0.00454595  0.00454595  0.22682841  0.16271625  0.16897688  0.32045175  0.32045175  0.32045175  0.34810858  0.34810858  0.40441324  0.39456745  0.39456745  0.39456745  0.34611537  
9_0_0      0.36400441  0.35989076  0.32045175  0.33880978  0.00454595  0.00000000  0.00000000  0.21985563  0.15653475  0.16271625  0.32885756  0.32885756  0.32885756  0.33932380  0.33932380  0.39456745  0.38491595  0.38491595  0.38491595  0.35497812  
13_0_0     0.36400441  0.35989076  0.32045175  0.33880978  0.00454595  0.00000000  0.00000000  0.21985563  0.15653475  0.16271625  0.32885756  0.32885756  0.32885756  0.33932380  0.33932380  0.39456745  0.38491595  0.38491595  0.38491595  0.35497812  
19_0_0     0.36191272  0.29956168  0.36191272  0.31258225  0.22682841  0.21985563  0.21985563  0.00000000  0.06211307  0.05705053  0.31055933  0.31055933  0.31055933  0.28046192  0.28046192  0.33741036  0.31218795  0.31218795  0.31218795  0.34418907  
8_0_0      0.34810858  0.28677241  0.33069400  0.29176308  0.16271625  0.15653475  0.15653475  0.06211307  0.00000000  0.00454595  0.27420620  0.27420620  0.27420620  0.26049873  0.24582451  0.29923414  0.27562682  0.27562682  0.27562682  0.28188735  
18_0_0     0.35705403  0.29457356  0.33932380  0.29956168  0.16897688  0.16271625  0.16271625  0.05705053  0.00454595  0.00000000  0.28188735  0.28188735  0.28188735  0.26800429  0.25310659  0.30736341  0.28337001  0.28337001  0.28337001  0.28969105  
3_0_0      0.19202044  0.23049213  0.19857198  0.24241069  0.32045175  0.32885756  0.32885756  0.31055933  0.27420620  0.28188735  0.00000000  0.00000000  0.00000000  0.19291792  0.19951455  0.23390203  0.24107944  0.24107944  0.24107944  0.28490992  
2_0_0      0.19202044  0.23049213  0.19857198  0.24241069  0.32045175  0.32885756  0.32885756  0.31055933  0.27420620  0.28188735  0.00000000  0.00000000  0.00000000  0.19291792  0.19951455  0.23390203  0.24107944  0.24107944  0.24107944  0.28490992  
1_0_0      0.19202044  0.23049213  0.19857198  0.24241069  0.32045175  0.32885756  0.32885756  0.31055933  0.27420620  0.28188735  0.00000000  0.00000000  0.00000000  0.19291792  0.19951455  0.23390203  0.24107944  0.24107944  0.24107944  0.28490992  
17_0_0     0.14312209  0.21095664  0.14907631  0.23642641  0.34810858  0.33932380  0.33932380  0.28046192  0.26049873  0.26800429  0.19291792  0.19291792  0.19291792  0.00000000  0.04748054  0.08909036  0.07835138  0.07835138  0.07835138  0.23390203  
11_0_0     0.16738661  0.21095664  0.17364559  0.25794879  0.34810858  0.33932380  0.33932380  0.28046192  0.24582451  0.25310659  0.19951455  0.19951455  0.19951455  0.04748054  0.00000000  0.10007041  0.08909036  0.08909036  0.08909036  0.20620136  
5_0_0      0.20620136  0.22460700  0.19951455  0.25066893  0.40441324  0.39456745  0.39456745  0.33741036  0.29923414  0.30736341  0.23390203  0.23390203  0.23390203  0.08909036  0.10007041  0.00000000  0.01844291  0.01844291  0.01844291  0.23390203  
12_0_0     0.19291792  0.21095664  0.18640908  0.24349583  0.39456745  0.38491595  0.38491595  0.31218795  0.27562682  0.28337001  0.24107944  0.24107944  0.24107944  0.07835138  0.08909036  0.01844291  0.00000000  0.00000000  0.00000000  0.23390203  
4_0_0      0.19291792  0.21095664  0.18640908  0.24349583  0.39456745  0.38491595  0.38491595  0.31218795  0.27562682  0.28337001  0.24107944  0.24107944  0.24107944  0.07835138  0.08909036  0.01844291  0.00000000  0.00000000  0.00000000  0.23390203  
10_0_0     0.19291792  0.21095664  0.18640908  0.24349583  0.39456745  0.38491595  0.38491595  0.31218795  0.27562682  0.28337001  0.24107944  0.24107944  0.24107944  0.07835138  0.08909036  0.01844291  0.00000000  0.00000000  0.00000000  0.23390203  
20_0_0     0.17917487  0.17147382  0.18555549  0.24241069  0.34611537  0.35497812  0.35497812  0.34418907  0.28188735  0.28969105  0.28490992  0.28490992  0.28490992  0.23390203  0.20620136  0.23390203  0.23390203  0.23390203  0.23390203  0.00000000  

