20
1_0_0      0.00000000  0.00948944  0.00471960  0.22197649  0.22197649  0.21473765  0.20987385  0.20987385  0.20871245  0.27795332  0.29606379  0.31140505  0.28455069  0.23429131  0.23429131  0.24175922  0.26349342  0.26493997  0.27294123  0.23313069  
2_0_0      0.00948944  0.00000000  0.01431059  0.23681471  0.23681471  0.22933419  0.22449448  0.22449448  0.19467588  0.27795332  0.31328195  0.32911644  0.28455069  0.23429131  0.23429131  0.22694581  0.24805496  0.24935368  0.25707907  0.23313069  
3_0_0      0.00471960  0.01431059  0.00000000  0.22933419  0.22933419  0.22197649  0.21712454  0.21712454  0.21589912  0.28608508  0.30459018  0.32017325  0.29274931  0.24175922  0.24175922  0.24935368  0.27141679  0.27294123  0.28108795  0.24053070  
9_0_0      0.22197649  0.23681471  0.22933419  0.00000000  0.00000000  0.00948944  0.11470658  0.12066946  0.13357461  0.20657813  0.16709723  0.19277954  0.19369732  0.18106565  0.18106565  0.18781910  0.20761388  0.19467588  0.18781910  0.15436675  
13_0_0     0.22197649  0.23681471  0.22933419  0.00000000  0.00000000  0.00948944  0.11470658  0.12066946  0.13357461  0.20657813  0.16709723  0.19277954  0.19369732  0.18106565  0.18106565  0.18781910  0.20761388  0.19467588  0.18781910  0.15436675  
7_0_0      0.21473765  0.22933419  0.22197649  0.00948944  0.00948944  0.00000000  0.10301370  0.10882201  0.13357461  0.20657813  0.16709723  0.18603637  0.18689781  0.16785661  0.16785661  0.17441246  0.19369732  0.18106565  0.17441246  0.14198795  
18_0_0     0.20987385  0.22449448  0.21712454  0.11470658  0.11470658  0.10301370  0.00000000  0.00948944  0.06522422  0.21589912  0.17528217  0.18106565  0.18689781  0.13041628  0.13041628  0.13644312  0.12994191  0.15502578  0.14874556  0.11821122  
8_0_0      0.20987385  0.22449448  0.21712454  0.12066946  0.12066946  0.10882201  0.00948944  0.00000000  0.05985749  0.21589912  0.17528217  0.18106565  0.18689781  0.13041628  0.13041628  0.13644312  0.12994191  0.15502578  0.14874556  0.11821122  
19_0_0     0.20871245  0.19467588  0.21589912  0.13357461  0.13357461  0.13357461  0.06522422  0.05985749  0.00000000  0.19571519  0.18984092  0.16867308  0.18781910  0.14941126  0.14941126  0.14317033  0.13644312  0.16216005  0.15574032  0.13041628  
15_0_0     0.27795332  0.27795332  0.28608508  0.20657813  0.20657813  0.20657813  0.21589912  0.21589912  0.19571519  0.00000000  0.08172115  0.09827776  0.10937944  0.21364009  0.21364009  0.20657813  0.21260645  0.22810690  0.22081512  0.22694581  
6_0_0      0.29606379  0.31328195  0.30459018  0.16709723  0.16709723  0.16709723  0.17528217  0.17528217  0.18984092  0.08172115  0.00000000  0.08735789  0.09827776  0.26003598  0.26003598  0.26805172  0.25852177  0.27621345  0.26805172  0.22081512  
14_0_0     0.31140505  0.32911644  0.32017325  0.19277954  0.19277954  0.18603637  0.18106565  0.18106565  0.16867308  0.09827776  0.08735789  0.00000000  0.11064181  0.24305636  0.24305636  0.25072235  0.24175922  0.25852177  0.25072235  0.22694581  
16_0_0     0.28455069  0.28455069  0.29274931  0.19369732  0.19369732  0.18689781  0.18689781  0.18689781  0.18781910  0.10937944  0.09827776  0.11064181  0.00000000  0.24935368  0.24935368  0.25707907  0.24805496  0.24935368  0.24175922  0.23313069  
4_0_0      0.23429131  0.23429131  0.24175922  0.18106565  0.18106565  0.16785661  0.13041628  0.13041628  0.14941126  0.21364009  0.26003598  0.24305636  0.24935368  0.00000000  0.00000000  0.00471960  0.01909144  0.01918417  0.02411133  0.13983316  
12_0_0     0.23429131  0.23429131  0.24175922  0.18106565  0.18106565  0.16785661  0.13041628  0.13041628  0.14941126  0.21364009  0.26003598  0.24305636  0.24935368  0.00000000  0.00000000  0.00471960  0.01909144  0.01918417  0.02411133  0.13983316  
10_0_0     0.24175922  0.22694581  0.24935368  0.18781910  0.18781910  0.17441246  0.13644312  0.13644312  0.14317033  0.20657813  0.26805172  0.25072235  0.25707907  0.00471960  0.00471960  0.00000000  0.01424686  0.01431059  0.01918417  0.13357461  
5_0_0      0.26349342  0.24805496  0.27141679  0.20761388  0.20761388  0.19369732  0.12994191  0.12994191  0.13644312  0.21260645  0.25852177  0.24175922  0.24805496  0.01909144  0.01909144  0.01424686  0.00000000  0.02894059  0.03394755  0.14534753  
11_0_0     0.26493997  0.24935368  0.27294123  0.19467588  0.19467588  0.18106565  0.15502578  0.15502578  0.16216005  0.22810690  0.27621345  0.25852177  0.24935368  0.01918417  0.01918417  0.01431059  0.02894059  0.00000000  0.00471960  0.13983316  
17_0_0     0.27294123  0.25707907  0.28108795  0.18781910  0.18781910  0.17441246  0.14874556  0.14874556  0.15574032  0.22081512  0.26805172  0.25072235  0.24175922  0.02411133  0.02411133  0.01918417  0.03394755  0.00471960  0.00000000  0.13357461  
20_0_0     0.23313069  0.23313069  0.24053070  0.15436675  0.15436675  0.14198795  0.11821122  0.11821122  0.13041628  0.22694581  0.22081512  0.22694581  0.23313069  0.13983316  0.13983316  0.13357461  0.14534753  0.13983316  0.13357461  0.00000000  

