20
1_0_0      0.00000000  0.00945119  0.00471015  0.21113956  0.21113956  0.20487929  0.19867277  0.19867277  0.19867277  0.26327497  0.27691831  0.29082413  0.27006445  0.22382514  0.22382514  0.23025241  0.24988438  0.24988438  0.25654867  0.22382514  
2_0_0      0.00945119  0.00000000  0.01422353  0.22382514  0.22382514  0.21745452  0.21113956  0.21113956  0.18641734  0.26327497  0.29082413  0.30500271  0.27006445  0.22382514  0.22382514  0.21745452  0.23673733  0.23673733  0.24328097  0.22382514  
3_0_0      0.00471015  0.01422353  0.00000000  0.21745452  0.21745452  0.21113956  0.20487929  0.20487929  0.20487929  0.27006445  0.28383778  0.29787866  0.27691831  0.23025241  0.23025241  0.23673733  0.25654867  0.25654867  0.26327497  0.23025241  
9_0_0      0.21113956  0.22382514  0.21745452  0.00000000  0.00000000  0.00945119  0.11145363  0.11695199  0.12807581  0.19867277  0.16251277  0.18641734  0.18641734  0.17436625  0.17436625  0.18036668  0.19867277  0.18641734  0.18036668  0.15085054  
13_0_0     0.21113956  0.22382514  0.21745452  0.00000000  0.00000000  0.00945119  0.11145363  0.11695199  0.12807581  0.19867277  0.16251277  0.18641734  0.18641734  0.17436625  0.17436625  0.18036668  0.19867277  0.18641734  0.18036668  0.15085054  
7_0_0      0.20487929  0.21745452  0.21113956  0.00945119  0.00945119  0.00000000  0.10058080  0.10599677  0.12807581  0.19867277  0.16251277  0.18036668  0.18036668  0.16251277  0.16251277  0.16841521  0.18641734  0.17436625  0.16841521  0.13937348  
18_0_0     0.19867277  0.21113956  0.20487929  0.11145363  0.11145363  0.10058080  0.00000000  0.00945119  0.06376437  0.20487929  0.16841521  0.17436625  0.18036668  0.12807581  0.12807581  0.13370257  0.12807581  0.15085054  0.14508923  0.11695199  
8_0_0      0.19867277  0.21113956  0.20487929  0.11695199  0.11695199  0.10599677  0.00945119  0.00000000  0.05865468  0.20487929  0.16841521  0.17436625  0.18036668  0.12807581  0.12807581  0.13370257  0.12807581  0.15085054  0.14508923  0.11695199  
19_0_0     0.19867277  0.18641734  0.20487929  0.12807581  0.12807581  0.12807581  0.06376437  0.05865468  0.00000000  0.18641734  0.18036668  0.16251277  0.18036668  0.14508923  0.14508923  0.13937348  0.13370257  0.15665814  0.15085054  0.12807581  
15_0_0     0.26327497  0.26327497  0.27006445  0.19867277  0.19867277  0.19867277  0.20487929  0.20487929  0.18641734  0.00000000  0.07931381  0.09520511  0.10599677  0.20487929  0.20487929  0.19867277  0.20487929  0.21745452  0.21113956  0.21745452  
6_0_0      0.27691831  0.29082413  0.28383778  0.16251277  0.16251277  0.16251277  0.16841521  0.16841521  0.18036668  0.07931381  0.00000000  0.08457219  0.09520511  0.24328097  0.24328097  0.24988438  0.24328097  0.25654867  0.24988438  0.21113956  
14_0_0     0.29082413  0.30500271  0.29787866  0.18641734  0.18641734  0.18036668  0.17436625  0.17436625  0.16251277  0.09520511  0.08457219  0.00000000  0.10599677  0.23025241  0.23025241  0.23673733  0.23025241  0.24328097  0.23673733  0.21745452  
16_0_0     0.27006445  0.27006445  0.27691831  0.18641734  0.18641734  0.18036668  0.18036668  0.18036668  0.18036668  0.10599677  0.09520511  0.10599677  0.00000000  0.23673733  0.23673733  0.24328097  0.23673733  0.23673733  0.23025241  0.22382514  
4_0_0      0.22382514  0.22382514  0.23025241  0.17436625  0.17436625  0.16251277  0.12807581  0.12807581  0.14508923  0.20487929  0.24328097  0.23025241  0.23673733  0.00000000  0.00000000  0.00471015  0.01902759  0.01902759  0.02386379  0.13370257  
12_0_0     0.22382514  0.22382514  0.23025241  0.17436625  0.17436625  0.16251277  0.12807581  0.12807581  0.14508923  0.20487929  0.24328097  0.23025241  0.23673733  0.00000000  0.00000000  0.00471015  0.01902759  0.01902759  0.02386379  0.13370257  
10_0_0     0.23025241  0.21745452  0.23673733  0.18036668  0.18036668  0.16841521  0.13370257  0.13370257  0.13937348  0.19867277  0.24988438  0.23673733  0.24328097  0.00471015  0.00471015  0.00000000  0.01422353  0.01422353  0.01902759  0.12807581  
5_0_0      0.24988438  0.23673733  0.25654867  0.19867277  0.19867277  0.18641734  0.12807581  0.12807581  0.13370257  0.20487929  0.24328097  0.23025241  0.23673733  0.01902759  0.01902759  0.01422353  0.00000000  0.02873257  0.03363436  0.13937348  
11_0_0     0.24988438  0.23673733  0.25654867  0.18641734  0.18641734  0.17436625  0.15085054  0.15085054  0.15665814  0.21745452  0.25654867  0.24328097  0.23673733  0.01902759  0.01902759  0.01422353  0.02873257  0.00000000  0.00471015  0.13370257  
17_0_0     0.25654867  0.24328097  0.26327497  0.18036668  0.18036668  0.16841521  0.14508923  0.14508923  0.15085054  0.21113956  0.24988438  0.23673733  0.23025241  0.02386379  0.02386379  0.01902759  0.03363436  0.00471015  0.00000000  0.12807581  
20_0_0     0.22382514  0.22382514  0.23025241  0.15085054  0.15085054  0.13937348  0.11695199  0.11695199  0.12807581  0.21745452  0.21113956  0.21745452  0.22382514  0.13370257  0.13370257  0.12807581  0.13937348  0.13370257  0.12807581  0.00000000  

