20
1_0_0      0.00000000  0.00000000  0.00000000  0.19065705  0.19065705  0.18411200  0.15877563  0.15220112  0.16498751  0.22295532  0.20323239  0.21686968  0.20323239  0.23188482  0.21775177  0.23188482  0.21686968  0.21083580  0.21775177  0.22789283  
2_0_0      0.00000000  0.00000000  0.00000000  0.19065705  0.19065705  0.18411200  0.15877563  0.15220112  0.16498751  0.22295532  0.20323239  0.21686968  0.20323239  0.23188482  0.21775177  0.23188482  0.21686968  0.21083580  0.21775177  0.22789283  
3_0_0      0.00000000  0.00000000  0.00000000  0.19065705  0.19065705  0.18411200  0.15877563  0.15220112  0.16498751  0.22295532  0.20323239  0.21686968  0.20323239  0.23188482  0.21775177  0.23188482  0.21686968  0.21083580  0.21775177  0.22789283  
9_0_0      0.19065705  0.19065705  0.19065705  0.00000000  0.00000000  0.00471756  0.07605085  0.07566588  0.08714876  0.10322277  0.15229291  0.12138151  0.10954499  0.14517713  0.14517713  0.14517713  0.14444678  0.12675347  0.13281775  0.15070458  
13_0_0     0.19065705  0.19065705  0.19065705  0.00000000  0.00000000  0.00471756  0.07605085  0.07566588  0.08714876  0.10322277  0.15229291  0.12138151  0.10954499  0.14517713  0.14517713  0.14517713  0.14444678  0.12675347  0.13281775  0.15070458  
7_0_0      0.18411200  0.18411200  0.18411200  0.00471756  0.00471756  0.00000000  0.07059510  0.07024111  0.08156826  0.10899996  0.14595204  0.11542737  0.11542737  0.15147619  0.13895833  0.15147619  0.13826820  0.12076360  0.13895833  0.15704364  
18_0_0     0.15877563  0.15877563  0.15877563  0.07605085  0.07605085  0.07059510  0.00000000  0.01907193  0.01915012  0.09751315  0.12138151  0.11542737  0.10373265  0.11484634  0.11484634  0.11484634  0.12018826  0.13281775  0.13895833  0.12614081  
8_0_0      0.15220112  0.15220112  0.15220112  0.07566588  0.07566588  0.07024111  0.01907193  0.00000000  0.02395412  0.09707845  0.10899996  0.11484634  0.10322277  0.13826820  0.13826820  0.13826820  0.14376119  0.13216684  0.13826820  0.14376119  
19_0_0     0.16498751  0.16498751  0.16498751  0.08714876  0.08714876  0.08156826  0.01915012  0.02395412  0.00000000  0.08077441  0.11542737  0.10954499  0.09798871  0.13895833  0.13895833  0.13895833  0.14444678  0.14517713  0.13895833  0.15070458  
15_0_0     0.22295532  0.22295532  0.22295532  0.10322277  0.10322277  0.10899996  0.09751315  0.09707845  0.08077441  0.00000000  0.07024111  0.06487597  0.06487597  0.19586703  0.19586703  0.19586703  0.20871662  0.17566999  0.16265512  0.17481756  
6_0_0      0.20323239  0.20323239  0.20323239  0.15229291  0.15229291  0.14595204  0.12138151  0.10899996  0.11542737  0.07024111  0.00000000  0.08714876  0.08714876  0.18325664  0.18325664  0.18325664  0.18904141  0.17657025  0.19003590  0.20278945  
14_0_0     0.21686968  0.21686968  0.21686968  0.12138151  0.12138151  0.11542737  0.11542737  0.11484634  0.10954499  0.06487597  0.08714876  0.00000000  0.08156826  0.20388359  0.19003590  0.20388359  0.18904141  0.16997421  0.16997421  0.18230992  
16_0_0     0.20323239  0.20323239  0.20323239  0.10954499  0.10954499  0.11542737  0.10373265  0.10322277  0.09798871  0.06487597  0.08714876  0.08156826  0.00000000  0.19003590  0.19003590  0.19003590  0.18904141  0.21095759  0.19691064  0.18230992  
4_0_0      0.23188482  0.23188482  0.23188482  0.14517713  0.14517713  0.15147619  0.11484634  0.13826820  0.13895833  0.19586703  0.18325664  0.20388359  0.19003590  0.00000000  0.00948116  0.00000000  0.01423809  0.03402245  0.02901449  0.05909555  
12_0_0     0.21775177  0.21775177  0.21775177  0.14517713  0.14517713  0.13895833  0.11484634  0.13826820  0.13895833  0.19586703  0.18325664  0.19003590  0.19003590  0.00948116  0.00000000  0.00948116  0.00945165  0.02405739  0.02901449  0.05909555  
10_0_0     0.23188482  0.23188482  0.23188482  0.14517713  0.14517713  0.15147619  0.11484634  0.13826820  0.13895833  0.19586703  0.18325664  0.20388359  0.19003590  0.00000000  0.00948116  0.00000000  0.01423809  0.03402245  0.02901449  0.05909555  
5_0_0      0.21686968  0.21686968  0.21686968  0.14444678  0.14444678  0.13826820  0.12018826  0.14376119  0.14444678  0.20871662  0.18904141  0.18904141  0.18904141  0.01423809  0.00945165  0.01423809  0.00000000  0.03386748  0.03890069  0.06941266  
11_0_0     0.21083580  0.21083580  0.21083580  0.12675347  0.12675347  0.12076360  0.13281775  0.13216684  0.14517713  0.17566999  0.17657025  0.16997421  0.21095759  0.03402245  0.02405739  0.03402245  0.03386748  0.00000000  0.01429170  0.06964961  
17_0_0     0.21775177  0.21775177  0.21775177  0.13281775  0.13281775  0.13895833  0.13895833  0.13826820  0.13895833  0.16265512  0.19003590  0.16997421  0.19691064  0.02901449  0.02901449  0.02901449  0.03890069  0.01429170  0.00000000  0.06434406  
20_0_0     0.22789283  0.22789283  0.22789283  0.15070458  0.15070458  0.15704364  0.12614081  0.14376119  0.15070458  0.17481756  0.20278945  0.18230992  0.18230992  0.05909555  0.05909555  0.05909555  0.06941266  0.06964961  0.06434406  0.00000000  

