187
23_0_0     0.00000000  0.15037286  0.16364119  0.14600195  0.15037286  0.16364119  0.15476949  0.16364119  0.16811687  0.16811687  0.15476949  0.15476949  0.17261954  0.16811687  0.15476949  0.15919217  0.15919217  0.14600195  0.14600195  0.14600195  0.18170715  0.17714952  0.17714952  0.12876975  0.14600195  0.20492208  0.21920551  0.19554933  0.23376747  0.23376747  0.25363591  0.25363591  0.18170715  0.18629276  0.20492208  0.17261954  0.16364119  0.17261954  0.18170715  0.19554933  0.19554933  0.20965293  0.20022100  0.17261954  0.17261954  0.17261954  0.18629276  0.17714952  0.15476949  0.16364119  0.15919217  0.18170715  0.17261954  0.18170715  0.18170715  0.18170715  0.17714952  0.17714952  0.17714952  0.18170715  0.19090670  0.17261954  0.17714952  0.19554933  0.17714952  0.18170715  0.18170715  0.18170715  0.22888187  0.27404743  0.26377194  0.26889201  0.26377194  0.26889201  0.26377194  0.22888187  0.22888187  0.21920551  0.23376747  0.20492208  0.20022100  0.21920551  0.21920551  0.21920551  0.21920551  0.21920551  0.23376747  0.23376747  0.23376747  0.23376747  0.23376747  0.23868525  0.24363562  0.22402802  0.21920551  0.23376747  0.21920551  0.20492208  0.21441395  0.24861903  0.24861903  0.23868525  0.25868673  0.23868525  0.24363562  0.22888187  0.25363591  0.25363591  0.25363591  0.20492208  0.20492208  0.20492208  0.20022100  0.20492208  0.20492208  0.21441395  0.21920551  0.21920551  0.23868525  0.22402802  0.18629276  0.20492208  0.20492208  0.21920551  0.21920551  0.21441395  0.22888187  0.22402802  0.21920551  0.22402802  0.21441395  0.20492208  0.21441395  0.21441395  0.21920551  0.22888187  0.21441395  0.22888187  0.21920551  0.21920551  0.21920551  0.24861903  0.25868673  0.24363562  0.24861903  0.24861903  0.25868673  0.25363591  0.25868673  0.25868673  0.25363591  0.27404743  0.28973071  0.28446627  0.29503253  0.30575044  0.30575044  0.33885918  0.33323812  0.32212134  0.32765905  0.33885918  0.31662440  0.30575044  0.30575044  0.31116763  0.33323812  0.32765905  0.26889201  0.28446627  0.27923868  0.27923868  0.26377194  0.26889201  0.25868673  0.27404743  0.26889201  0.25363591  0.25363591  0.26889201  0.23376747  0.26889201  0.26377194  0.25868673  0.25868673  0.25868673  0.24363562  
25_0_0     0.15037286  0.00000000  0.19554933  0.18170715  0.18629276  0.20022100  0.19090670  0.20022100  0.17714952  0.16811687  0.17714952  0.17714952  0.18629276  0.20022100  0.18170715  0.18629276  0.17714952  0.18629276  0.18629276  0.18629276  0.19554933  0.19090670  0.19090670  0.18170715  0.19090670  0.23868525  0.26377194  0.28446627  0.25363591  0.25363591  0.26377194  0.26377194  0.24861903  0.25363591  0.26889201  0.24861903  0.23868525  0.25363591  0.23868525  0.24363562  0.25363591  0.24861903  0.25868673  0.23868525  0.23868525  0.23868525  0.24861903  0.23868525  0.23376747  0.25868673  0.25363591  0.25868673  0.24861903  0.25868673  0.23868525  0.23868525  0.25363591  0.25363591  0.25363591  0.23376747  0.23376747  0.23376747  0.23376747  0.25363591  0.23376747  0.23376747  0.23376747  0.23376747  0.23868525  0.24363562  0.23376747  0.22888187  0.23376747  0.23868525  0.23376747  0.25868673  0.25868673  0.26889201  0.27404743  0.25363591  0.24861903  0.23868525  0.23868525  0.23868525  0.23868525  0.23868525  0.25868673  0.25868673  0.25868673  0.25363591  0.25363591  0.25868673  0.27404743  0.25363591  0.24861903  0.26377194  0.24861903  0.23376747  0.22888187  0.25868673  0.25868673  0.25868673  0.26889201  0.26889201  0.26377194  0.21441395  0.24363562  0.24363562  0.24363562  0.21441395  0.21441395  0.21441395  0.22402802  0.21441395  0.21441395  0.21920551  0.20965293  0.20965293  0.20022100  0.19554933  0.20492208  0.21441395  0.21441395  0.22888187  0.22888187  0.22402802  0.23868525  0.24363562  0.23868525  0.27404743  0.23376747  0.23868525  0.24363562  0.23376747  0.22888187  0.23868525  0.23376747  0.23868525  0.22888187  0.24861903  0.24861903  0.26889201  0.26889201  0.26377194  0.26889201  0.26889201  0.25868673  0.25363591  0.25868673  0.25868673  0.26377194  0.31116763  0.31662440  0.31116763  0.31116763  0.31116763  0.31116763  0.26889201  0.26377194  0.25868673  0.25868673  0.25868673  0.26889201  0.26889201  0.24861903  0.27404743  0.27404743  0.27923868  0.28973071  0.25868673  0.25868673  0.25868673  0.23868525  0.24363562  0.23376747  0.24363562  0.23868525  0.26377194  0.26377194  0.25868673  0.24363562  0.26889201  0.25363591  0.26377194  0.26377194  0.26377194  0.26889201  
2_0_0      0.16364119  0.19554933  0.00000000  0.04050540  0.04429901  0.05194456  0.05194456  0.05194456  0.04811200  0.04050540  0.06747455  0.06356167  0.05194456  0.19090670  0.18170715  0.18629276  0.18629276  0.17714952  0.17714952  0.17714952  0.18629276  0.19090670  0.19090670  0.16811687  0.16811687  0.21920551  0.25363591  0.26377194  0.26377194  0.27404743  0.28973071  0.28973071  0.24363562  0.24861903  0.24861903  0.21920551  0.21920551  0.22888187  0.24363562  0.23868525  0.23868525  0.23376747  0.22402802  0.22888187  0.22888187  0.22888187  0.26377194  0.25363591  0.23868525  0.21920551  0.22402802  0.20492208  0.20492208  0.22402802  0.22888187  0.22888187  0.23376747  0.23376747  0.23376747  0.20022100  0.20022100  0.19090670  0.20492208  0.21441395  0.20492208  0.19090670  0.19090670  0.19090670  0.21441395  0.31662440  0.30575044  0.31116763  0.31116763  0.30575044  0.31116763  0.30037226  0.30037226  0.27923868  0.29503253  0.27404743  0.26889201  0.27923868  0.27923868  0.27923868  0.27923868  0.27923868  0.26889201  0.26889201  0.26889201  0.27404743  0.27404743  0.26889201  0.27404743  0.26377194  0.26889201  0.27923868  0.26889201  0.24363562  0.21920551  0.27404743  0.27404743  0.26889201  0.26889201  0.27404743  0.27923868  0.23868525  0.26889201  0.26889201  0.26889201  0.22402802  0.22402802  0.22402802  0.20965293  0.22402802  0.21920551  0.22888187  0.20965293  0.20965293  0.21920551  0.23376747  0.21441395  0.19554933  0.19554933  0.20965293  0.20965293  0.20965293  0.21441395  0.21920551  0.21441395  0.26377194  0.27404743  0.26377194  0.26377194  0.27923868  0.25868673  0.26889201  0.26377194  0.25363591  0.24363562  0.23376747  0.23376747  0.26889201  0.26889201  0.27404743  0.27923868  0.27923868  0.26377194  0.25868673  0.26377194  0.26377194  0.26889201  0.28973071  0.29503253  0.30037226  0.30575044  0.31662440  0.31662440  0.28446627  0.28973071  0.29503253  0.28446627  0.29503253  0.28446627  0.28446627  0.25868673  0.28446627  0.29503253  0.27923868  0.30575044  0.25868673  0.28973071  0.28973071  0.26377194  0.26889201  0.24861903  0.25868673  0.25363591  0.23868525  0.23868525  0.25363591  0.23868525  0.27923868  0.24861903  0.25363591  0.25363591  0.25363591  0.27923868  
48_0_0     0.14600195  0.18170715  0.04050540  0.00000000  0.00359286  0.02552074  0.02552074  0.04050540  0.04429901  0.03673095  0.05579688  0.05966918  0.04811200  0.17714952  0.16811687  0.17261954  0.17261954  0.15919217  0.15919217  0.15919217  0.16811687  0.17261954  0.17261954  0.15037286  0.15037286  0.20022100  0.23376747  0.23868525  0.20965293  0.21920551  0.23376747  0.23376747  0.19554933  0.20022100  0.21920551  0.19090670  0.19090670  0.20022100  0.19554933  0.19090670  0.19090670  0.18629276  0.19090670  0.18629276  0.18629276  0.18629276  0.22888187  0.21920551  0.19554933  0.18629276  0.18170715  0.18170715  0.18170715  0.20022100  0.19554933  0.19554933  0.19090670  0.19090670  0.19090670  0.16811687  0.17714952  0.16811687  0.20965293  0.21920551  0.20965293  0.20492208  0.20492208  0.20492208  0.20965293  0.26889201  0.25868673  0.26377194  0.26377194  0.26889201  0.26377194  0.25363591  0.25363591  0.23376747  0.24861903  0.23868525  0.23376747  0.23376747  0.23376747  0.23376747  0.23376747  0.23376747  0.23376747  0.23376747  0.23376747  0.23868525  0.23868525  0.23376747  0.23868525  0.22888187  0.23376747  0.24363562  0.23376747  0.20965293  0.18629276  0.22888187  0.22888187  0.23376747  0.24363562  0.23868525  0.23376747  0.22402802  0.24363562  0.24363562  0.24363562  0.19090670  0.19090670  0.19090670  0.17714952  0.18170715  0.16811687  0.17714952  0.17714952  0.17714952  0.19554933  0.20965293  0.19090670  0.16364119  0.16364119  0.17714952  0.17714952  0.16811687  0.18170715  0.17714952  0.17261954  0.21920551  0.23868525  0.22888187  0.23868525  0.24363562  0.22402802  0.23376747  0.22888187  0.23868525  0.22888187  0.23868525  0.23868525  0.24363562  0.24363562  0.24861903  0.25363591  0.25363591  0.26889201  0.26377194  0.26889201  0.26889201  0.26377194  0.25868673  0.26377194  0.26889201  0.28446627  0.29503253  0.29503253  0.26377194  0.26889201  0.27404743  0.26377194  0.27404743  0.26377194  0.26377194  0.23868525  0.26377194  0.27404743  0.25868673  0.28973071  0.24363562  0.26377194  0.26377194  0.23868525  0.24363562  0.22402802  0.22402802  0.21920551  0.21441395  0.21441395  0.22888187  0.22402802  0.24363562  0.22402802  0.23868525  0.23868525  0.23868525  0.25363591  
45_0_0     0.15037286  0.18629276  0.04429901  0.00359286  0.00000000  0.02923881  0.02923881  0.03673095  0.04811200  0.04050540  0.05966918  0.06356167  0.05194456  0.18170715  0.17261954  0.17714952  0.17714952  0.16364119  0.16364119  0.16364119  0.17261954  0.17714952  0.17714952  0.15476949  0.15476949  0.20492208  0.23868525  0.24363562  0.20492208  0.21441395  0.22888187  0.22888187  0.20022100  0.20492208  0.21441395  0.19554933  0.19554933  0.20492208  0.19090670  0.18629276  0.19554933  0.19090670  0.19554933  0.19090670  0.19090670  0.19090670  0.23376747  0.22402802  0.20022100  0.19090670  0.18629276  0.18629276  0.18629276  0.20492208  0.20022100  0.20022100  0.19554933  0.19554933  0.19554933  0.17261954  0.18170715  0.17261954  0.21441395  0.22402802  0.21441395  0.20965293  0.20965293  0.20965293  0.21441395  0.26377194  0.25363591  0.25868673  0.25868673  0.26377194  0.25868673  0.24861903  0.24861903  0.22888187  0.24363562  0.23376747  0.22888187  0.22888187  0.22888187  0.22888187  0.22888187  0.22888187  0.22888187  0.22888187  0.22888187  0.23376747  0.23376747  0.22888187  0.23376747  0.22402802  0.22888187  0.23868525  0.22888187  0.21441395  0.19090670  0.22402802  0.22402802  0.22888187  0.23868525  0.23376747  0.22888187  0.21920551  0.23868525  0.23868525  0.23868525  0.19554933  0.19554933  0.19554933  0.18170715  0.18629276  0.17261954  0.18170715  0.18170715  0.18170715  0.20022100  0.21441395  0.19554933  0.16811687  0.16811687  0.18170715  0.18170715  0.17261954  0.18629276  0.18170715  0.17714952  0.22402802  0.24363562  0.23376747  0.24363562  0.24861903  0.22888187  0.23868525  0.23376747  0.23376747  0.22402802  0.24363562  0.24363562  0.24861903  0.24861903  0.25363591  0.25868673  0.25868673  0.27404743  0.26889201  0.27404743  0.27404743  0.26889201  0.26377194  0.26889201  0.27404743  0.28973071  0.30037226  0.30037226  0.26889201  0.27404743  0.27923868  0.26889201  0.27923868  0.26889201  0.26889201  0.24363562  0.26889201  0.27923868  0.26377194  0.29503253  0.24861903  0.26889201  0.26889201  0.24363562  0.24861903  0.22888187  0.22888187  0.22402802  0.20965293  0.20965293  0.23376747  0.22888187  0.24861903  0.22888187  0.24363562  0.24363562  0.24363562  0.25868673  
7_0_0      0.16364119  0.20022100  0.05194456  0.02552074  0.02923881  0.00000000  0.02182109  0.04429901  0.04811200  0.04811200  0.06747455  0.06356167  0.05194456  0.19554933  0.18629276  0.19090670  0.19090670  0.16811687  0.16811687  0.16811687  0.18629276  0.19090670  0.19090670  0.15919217  0.15919217  0.22888187  0.25363591  0.26377194  0.23376747  0.24363562  0.25868673  0.25868673  0.20965293  0.21441395  0.23376747  0.19554933  0.20492208  0.20492208  0.20965293  0.21441395  0.20492208  0.20022100  0.18629276  0.19090670  0.19090670  0.19090670  0.23376747  0.22402802  0.20965293  0.20022100  0.19554933  0.17714952  0.18629276  0.20492208  0.20965293  0.21920551  0.20492208  0.20492208  0.20492208  0.18170715  0.18170715  0.18170715  0.22402802  0.23376747  0.22402802  0.21920551  0.21920551  0.21920551  0.21441395  0.28973071  0.27923868  0.28446627  0.29503253  0.30037226  0.29503253  0.27923868  0.27923868  0.25868673  0.27404743  0.26377194  0.25868673  0.25868673  0.25868673  0.25868673  0.25868673  0.25868673  0.24861903  0.24861903  0.24861903  0.27404743  0.27404743  0.26889201  0.27404743  0.25363591  0.25868673  0.26889201  0.25868673  0.23376747  0.19090670  0.23376747  0.23376747  0.22888187  0.23868525  0.24363562  0.23868525  0.21920551  0.24861903  0.24861903  0.24861903  0.19554933  0.19554933  0.19554933  0.17261954  0.18629276  0.17261954  0.18170715  0.16364119  0.16364119  0.19090670  0.19554933  0.17714952  0.15919217  0.15919217  0.18170715  0.18170715  0.18170715  0.19554933  0.19090670  0.18629276  0.23376747  0.23376747  0.22402802  0.23376747  0.23868525  0.21920551  0.22888187  0.22402802  0.25363591  0.24363562  0.22402802  0.22402802  0.23868525  0.22888187  0.23376747  0.23868525  0.25868673  0.26377194  0.25868673  0.26377194  0.26377194  0.25868673  0.27404743  0.27923868  0.28446627  0.30037226  0.31116763  0.31116763  0.25868673  0.26377194  0.26889201  0.25868673  0.26889201  0.25868673  0.25868673  0.24363562  0.24861903  0.26889201  0.25363591  0.28973071  0.24861903  0.27923868  0.27923868  0.25363591  0.25868673  0.23868525  0.22888187  0.22402802  0.21920551  0.21920551  0.22402802  0.21920551  0.23868525  0.22888187  0.24861903  0.24861903  0.24861903  0.26377194  
43_0_0     0.15476949  0.19090670  0.05194456  0.02552074  0.02923881  0.02182109  0.00000000  0.04429901  0.04050540  0.04811200  0.06747455  0.06356167  0.05194456  0.18629276  0.17714952  0.18170715  0.18170715  0.15037286  0.15037286  0.15037286  0.17714952  0.18170715  0.18170715  0.15037286  0.14165648  0.20965293  0.23376747  0.25363591  0.22402802  0.23376747  0.24861903  0.24861903  0.20022100  0.20492208  0.23376747  0.18629276  0.18629276  0.19554933  0.20965293  0.21441395  0.20492208  0.20022100  0.19554933  0.20022100  0.20022100  0.20022100  0.23376747  0.22402802  0.20965293  0.20022100  0.19554933  0.17714952  0.17714952  0.19554933  0.20022100  0.20965293  0.20492208  0.20492208  0.20492208  0.18170715  0.19090670  0.18170715  0.21441395  0.22402802  0.21441395  0.21920551  0.21920551  0.21920551  0.21441395  0.28446627  0.26377194  0.27923868  0.27923868  0.28446627  0.27923868  0.27923868  0.27923868  0.25868673  0.27404743  0.26377194  0.25868673  0.25868673  0.25868673  0.25868673  0.25868673  0.25868673  0.23868525  0.23868525  0.23868525  0.26377194  0.26377194  0.24861903  0.25363591  0.25363591  0.25868673  0.26889201  0.25868673  0.23376747  0.18170715  0.23376747  0.23376747  0.22888187  0.23868525  0.24363562  0.23868525  0.22402802  0.25363591  0.25363591  0.25363591  0.20022100  0.20022100  0.20022100  0.17714952  0.19090670  0.18629276  0.19554933  0.17714952  0.17714952  0.21441395  0.21920551  0.20022100  0.17261954  0.17261954  0.18629276  0.18629276  0.18629276  0.20022100  0.19554933  0.19090670  0.23376747  0.24363562  0.23376747  0.24363562  0.24861903  0.22888187  0.22888187  0.23376747  0.24363562  0.25363591  0.22402802  0.22402802  0.25868673  0.24861903  0.25363591  0.25868673  0.26889201  0.25363591  0.24861903  0.25363591  0.25363591  0.24861903  0.26377194  0.26889201  0.27404743  0.29503253  0.30575044  0.30575044  0.26889201  0.27404743  0.27923868  0.26889201  0.27923868  0.27923868  0.27923868  0.24363562  0.25868673  0.27923868  0.26377194  0.28973071  0.23868525  0.26889201  0.26889201  0.23376747  0.23868525  0.22888187  0.22888187  0.22402802  0.20965293  0.20965293  0.21441395  0.20965293  0.22888187  0.21920551  0.25363591  0.25363591  0.25363591  0.26889201  
3_3_0      0.16364119  0.20022100  0.05194456  0.04050540  0.03673095  0.04429901  0.04429901  0.00000000  0.04429901  0.04429901  0.06356167  0.05966918  0.05194456  0.18170715  0.17261954  0.17714952  0.17714952  0.14165648  0.14165648  0.14165648  0.17714952  0.18170715  0.18170715  0.15919217  0.15919217  0.21920551  0.23376747  0.23376747  0.21441395  0.22402802  0.22888187  0.22888187  0.20965293  0.21441395  0.21441395  0.20492208  0.18629276  0.19554933  0.19090670  0.19554933  0.21441395  0.20022100  0.18629276  0.19090670  0.19090670  0.19090670  0.22402802  0.21441395  0.20022100  0.19090670  0.18629276  0.16364119  0.16364119  0.18170715  0.18629276  0.19554933  0.20492208  0.20492208  0.20492208  0.18170715  0.17261954  0.18170715  0.20492208  0.21441395  0.20492208  0.20022100  0.20022100  0.20022100  0.20492208  0.25868673  0.24861903  0.25363591  0.25363591  0.25868673  0.25363591  0.25363591  0.25363591  0.23376747  0.24861903  0.23868525  0.23376747  0.23376747  0.23376747  0.23376747  0.23376747  0.23376747  0.22402802  0.22402802  0.22402802  0.23868525  0.23868525  0.23376747  0.23868525  0.23868525  0.24363562  0.25363591  0.24363562  0.20965293  0.18170715  0.22402802  0.22888187  0.21920551  0.22888187  0.22402802  0.22888187  0.20965293  0.23376747  0.23376747  0.23376747  0.19554933  0.19554933  0.19554933  0.17261954  0.19554933  0.18170715  0.19090670  0.17261954  0.17261954  0.19090670  0.19554933  0.17714952  0.16811687  0.16811687  0.18170715  0.18170715  0.18170715  0.19554933  0.19090670  0.18629276  0.23376747  0.24363562  0.23868525  0.23376747  0.24861903  0.22888187  0.23868525  0.23376747  0.22402802  0.21441395  0.21441395  0.21441395  0.24861903  0.24861903  0.24363562  0.24861903  0.25868673  0.25363591  0.24861903  0.25363591  0.25363591  0.24861903  0.26889201  0.27404743  0.28973071  0.29503253  0.30575044  0.30575044  0.27404743  0.27923868  0.28446627  0.28446627  0.28446627  0.27404743  0.27404743  0.24861903  0.26377194  0.28446627  0.26889201  0.31662440  0.25363591  0.28446627  0.28446627  0.24861903  0.25363591  0.23376747  0.23376747  0.22888187  0.20492208  0.20492208  0.22888187  0.22402802  0.24363562  0.23376747  0.24861903  0.24861903  0.24861903  0.26377194  
43_3_0     0.16811687  0.17714952  0.04811200  0.04429901  0.04811200  0.04811200  0.04050540  0.04429901  0.00000000  0.01447632  0.02552074  0.02182109  0.02552074  0.20022100  0.18170715  0.18629276  0.18629276  0.16364119  0.16364119  0.16364119  0.20022100  0.20492208  0.20492208  0.16364119  0.14600195  0.22402802  0.24861903  0.26889201  0.24861903  0.25868673  0.26889201  0.26889201  0.23376747  0.23868525  0.23868525  0.20965293  0.20965293  0.21920551  0.22888187  0.23376747  0.22888187  0.22402802  0.21920551  0.22402802  0.22402802  0.22402802  0.24861903  0.23868525  0.22402802  0.22402802  0.21920551  0.18629276  0.18629276  0.20492208  0.20965293  0.21920551  0.22888187  0.22888187  0.22888187  0.19554933  0.19554933  0.19554933  0.22888187  0.23868525  0.22888187  0.21441395  0.21441395  0.21441395  0.20965293  0.29503253  0.27404743  0.28973071  0.28973071  0.29503253  0.28973071  0.30575044  0.30575044  0.28446627  0.30037226  0.28973071  0.28446627  0.28446627  0.28446627  0.28446627  0.28446627  0.28446627  0.26377194  0.26377194  0.26377194  0.28973071  0.28973071  0.27404743  0.27923868  0.27923868  0.28446627  0.29503253  0.28446627  0.23376747  0.20965293  0.25363591  0.25363591  0.24861903  0.25868673  0.25363591  0.25868673  0.24363562  0.27404743  0.27404743  0.27404743  0.21920551  0.21920551  0.21920551  0.20492208  0.20965293  0.20492208  0.21441395  0.19554933  0.19554933  0.20492208  0.20965293  0.20022100  0.20022100  0.20022100  0.21441395  0.21441395  0.21441395  0.22888187  0.22402802  0.21920551  0.26377194  0.27404743  0.26377194  0.26377194  0.27923868  0.25868673  0.25868673  0.26377194  0.25363591  0.25363591  0.21920551  0.21920551  0.27923868  0.27923868  0.27404743  0.27923868  0.28973071  0.26377194  0.25868673  0.26377194  0.26377194  0.26889201  0.27923868  0.28446627  0.28973071  0.29503253  0.30575044  0.30575044  0.28446627  0.28973071  0.29503253  0.28446627  0.28446627  0.28446627  0.28446627  0.25868673  0.27404743  0.29503253  0.27923868  0.31662440  0.24363562  0.27404743  0.27404743  0.24861903  0.25363591  0.24363562  0.24363562  0.23868525  0.21441395  0.21441395  0.21920551  0.21441395  0.23376747  0.23376747  0.25868673  0.25868673  0.25868673  0.28446627  
7_3_0      0.16811687  0.16811687  0.04050540  0.03673095  0.04050540  0.04811200  0.04811200  0.04429901  0.01447632  0.00000000  0.03297549  0.02923881  0.03297549  0.18170715  0.17261954  0.17714952  0.17714952  0.17261954  0.17261954  0.17261954  0.19090670  0.19554933  0.19554933  0.16364119  0.15476949  0.22402802  0.24861903  0.25868673  0.24861903  0.25868673  0.26889201  0.26889201  0.23376747  0.23868525  0.23868525  0.20965293  0.20965293  0.21920551  0.22888187  0.22402802  0.22888187  0.22402802  0.20965293  0.21441395  0.21441395  0.21441395  0.24861903  0.23868525  0.22402802  0.22402802  0.21920551  0.19554933  0.19554933  0.21441395  0.21920551  0.21920551  0.22888187  0.22888187  0.22888187  0.19554933  0.19554933  0.19554933  0.22888187  0.23868525  0.22888187  0.21441395  0.21441395  0.21441395  0.21920551  0.29503253  0.28446627  0.28973071  0.28973071  0.29503253  0.28973071  0.29503253  0.29503253  0.27404743  0.28973071  0.27923868  0.27404743  0.27404743  0.27404743  0.27404743  0.27404743  0.27404743  0.27404743  0.27404743  0.27404743  0.27923868  0.27923868  0.27404743  0.27923868  0.26889201  0.27404743  0.28446627  0.27404743  0.23376747  0.21920551  0.26377194  0.26377194  0.24861903  0.26889201  0.26377194  0.26889201  0.22888187  0.25868673  0.25868673  0.25868673  0.21441395  0.21441395  0.21441395  0.20965293  0.20492208  0.20022100  0.20965293  0.19090670  0.19090670  0.20965293  0.22402802  0.20492208  0.19554933  0.19554933  0.20965293  0.20965293  0.20965293  0.22402802  0.21920551  0.21441395  0.24363562  0.25363591  0.24363562  0.24363562  0.25868673  0.23868525  0.24861903  0.24363562  0.25363591  0.24363562  0.22888187  0.22888187  0.26889201  0.26889201  0.27404743  0.27923868  0.27923868  0.27404743  0.26889201  0.27404743  0.27404743  0.26889201  0.27923868  0.28446627  0.28973071  0.30575044  0.31662440  0.31662440  0.28446627  0.28973071  0.29503253  0.28446627  0.28446627  0.28446627  0.28446627  0.25868673  0.28446627  0.29503253  0.27923868  0.31116763  0.25363591  0.27404743  0.27404743  0.23868525  0.24363562  0.22402802  0.23376747  0.22888187  0.22402802  0.22402802  0.22888187  0.22402802  0.25363591  0.23376747  0.24861903  0.24861903  0.24861903  0.27404743  
48_3_0     0.15476949  0.17714952  0.06747455  0.05579688  0.05966918  0.06747455  0.06747455  0.06356167  0.02552074  0.03297549  0.00000000  0.00720308  0.04429901  0.21441395  0.19554933  0.20022100  0.20022100  0.18170715  0.18170715  0.18170715  0.20492208  0.20965293  0.20965293  0.15037286  0.15037286  0.24363562  0.25868673  0.27404743  0.24363562  0.25363591  0.26377194  0.26377194  0.23868525  0.24363562  0.24861903  0.22402802  0.22402802  0.23376747  0.23376747  0.22888187  0.23376747  0.22888187  0.23376747  0.22888187  0.22888187  0.22888187  0.24363562  0.23376747  0.21920551  0.21441395  0.20965293  0.20022100  0.20022100  0.21920551  0.21441395  0.22402802  0.22402802  0.22402802  0.22402802  0.19090670  0.19090670  0.19090670  0.22888187  0.23868525  0.22888187  0.21920551  0.21920551  0.21920551  0.21920551  0.30575044  0.29503253  0.30037226  0.30037226  0.30575044  0.30037226  0.29503253  0.29503253  0.27923868  0.29503253  0.28446627  0.27923868  0.27923868  0.27923868  0.27923868  0.27923868  0.27923868  0.27404743  0.27404743  0.27404743  0.28446627  0.28446627  0.27923868  0.28446627  0.27404743  0.27923868  0.28973071  0.27923868  0.23376747  0.22888187  0.25868673  0.25868673  0.25868673  0.26889201  0.25363591  0.25868673  0.25363591  0.27404743  0.27404743  0.27404743  0.22402802  0.22402802  0.22402802  0.21920551  0.21441395  0.20965293  0.21920551  0.20965293  0.20965293  0.21920551  0.22402802  0.20492208  0.21920551  0.21920551  0.22888187  0.22888187  0.21920551  0.23376747  0.22888187  0.22402802  0.27404743  0.27404743  0.26377194  0.27404743  0.27404743  0.25868673  0.26889201  0.26377194  0.26889201  0.25868673  0.23376747  0.23376747  0.26377194  0.26377194  0.25868673  0.26377194  0.27404743  0.27404743  0.26889201  0.27404743  0.27404743  0.27923868  0.27923868  0.28446627  0.28973071  0.29503253  0.30575044  0.30575044  0.29503253  0.30037226  0.30575044  0.29503253  0.29503253  0.28446627  0.28446627  0.26889201  0.28446627  0.30575044  0.28973071  0.31116763  0.26889201  0.27404743  0.27404743  0.26377194  0.26889201  0.24861903  0.24861903  0.24363562  0.22888187  0.22888187  0.23868525  0.23376747  0.23868525  0.25363591  0.25363591  0.25363591  0.25363591  0.27923868  
45_3_0     0.15476949  0.17714952  0.06356167  0.05966918  0.06356167  0.06356167  0.06356167  0.05966918  0.02182109  0.02923881  0.00720308  0.00000000  0.04050540  0.21441395  0.19554933  0.20022100  0.20022100  0.18170715  0.18170715  0.18170715  0.20022100  0.20492208  0.20492208  0.15037286  0.15037286  0.24363562  0.25868673  0.26377194  0.24861903  0.25868673  0.26889201  0.26889201  0.24363562  0.24861903  0.25363591  0.21920551  0.21920551  0.22888187  0.23868525  0.23868525  0.23868525  0.23376747  0.22888187  0.23376747  0.23376747  0.23376747  0.24861903  0.23868525  0.22402802  0.21441395  0.20965293  0.19554933  0.19554933  0.21441395  0.21920551  0.22888187  0.22888187  0.22888187  0.22888187  0.19554933  0.19554933  0.19554933  0.21920551  0.22888187  0.21920551  0.21441395  0.21441395  0.21441395  0.20965293  0.30037226  0.28973071  0.29503253  0.30575044  0.31116763  0.30575044  0.29503253  0.29503253  0.28446627  0.30037226  0.28973071  0.28446627  0.28446627  0.28446627  0.28446627  0.28446627  0.28446627  0.27404743  0.27404743  0.27404743  0.28973071  0.28973071  0.28446627  0.28973071  0.27923868  0.28446627  0.29503253  0.28446627  0.23376747  0.21920551  0.26377194  0.26377194  0.24861903  0.25868673  0.25363591  0.25868673  0.24363562  0.27923868  0.27923868  0.27923868  0.21441395  0.21441395  0.21441395  0.20965293  0.20492208  0.20965293  0.21920551  0.20022100  0.20022100  0.21441395  0.21920551  0.20022100  0.21441395  0.21441395  0.21920551  0.21920551  0.21920551  0.23376747  0.22888187  0.22402802  0.26889201  0.26889201  0.25868673  0.26889201  0.26889201  0.25363591  0.26377194  0.25868673  0.25868673  0.24861903  0.22402802  0.22402802  0.26377194  0.26377194  0.25868673  0.26377194  0.27404743  0.26889201  0.26377194  0.26889201  0.26889201  0.27404743  0.27923868  0.28446627  0.28973071  0.29503253  0.30575044  0.30575044  0.28446627  0.28973071  0.29503253  0.28446627  0.28446627  0.27404743  0.27404743  0.25868673  0.27404743  0.29503253  0.27923868  0.30037226  0.26377194  0.26377194  0.26377194  0.25868673  0.26377194  0.24363562  0.23868525  0.23376747  0.21920551  0.21920551  0.23376747  0.22888187  0.23868525  0.24861903  0.24363562  0.24363562  0.24363562  0.26889201  
2_3_0      0.17261954  0.18629276  0.05194456  0.04811200  0.05194456  0.05194456  0.05194456  0.05194456  0.02552074  0.03297549  0.04429901  0.04050540  0.00000000  0.19090670  0.17714952  0.18170715  0.18170715  0.16811687  0.16811687  0.16811687  0.20492208  0.20965293  0.20965293  0.16811687  0.15919217  0.20492208  0.23868525  0.27404743  0.25363591  0.26377194  0.26889201  0.26889201  0.24861903  0.24363562  0.25363591  0.21441395  0.22402802  0.23376747  0.24363562  0.24861903  0.23868525  0.23376747  0.21920551  0.22888187  0.22888187  0.22888187  0.25363591  0.24363562  0.22888187  0.21920551  0.21441395  0.20492208  0.20492208  0.22402802  0.22888187  0.23868525  0.23376747  0.23376747  0.23376747  0.20022100  0.20022100  0.20022100  0.23376747  0.22402802  0.23376747  0.21920551  0.21920551  0.21920551  0.22402802  0.30037226  0.28973071  0.29503253  0.30575044  0.31116763  0.30575044  0.30575044  0.30575044  0.28446627  0.28973071  0.29503253  0.28973071  0.28446627  0.28446627  0.28446627  0.28446627  0.28446627  0.27404743  0.27404743  0.27404743  0.28973071  0.28973071  0.28446627  0.28973071  0.27923868  0.28446627  0.29503253  0.28446627  0.23868525  0.22402802  0.25363591  0.25363591  0.24861903  0.24861903  0.25363591  0.25868673  0.25868673  0.28973071  0.28973071  0.28973071  0.23376747  0.23376747  0.23376747  0.21920551  0.21920551  0.21920551  0.22888187  0.20965293  0.20965293  0.21920551  0.22402802  0.21441395  0.21441395  0.21441395  0.22888187  0.22888187  0.22888187  0.24363562  0.23868525  0.23376747  0.26889201  0.26889201  0.25868673  0.25868673  0.27404743  0.25363591  0.26377194  0.25868673  0.26377194  0.25363591  0.23376747  0.23376747  0.26889201  0.26889201  0.26377194  0.26889201  0.27923868  0.26377194  0.25868673  0.26377194  0.26377194  0.26889201  0.29503253  0.28973071  0.29503253  0.31116763  0.32212134  0.32212134  0.28973071  0.29503253  0.30037226  0.28973071  0.28973071  0.28973071  0.28973071  0.26377194  0.27923868  0.30037226  0.28446627  0.32212134  0.25868673  0.26889201  0.26889201  0.26377194  0.26889201  0.24861903  0.24861903  0.24363562  0.22888187  0.22888187  0.23376747  0.22888187  0.24861903  0.24861903  0.26377194  0.26377194  0.26377194  0.28973071  
36_0_0     0.16811687  0.20022100  0.19090670  0.17714952  0.18170715  0.19554933  0.18629276  0.18170715  0.20022100  0.18170715  0.21441395  0.21441395  0.19090670  0.00000000  0.01813968  0.02182109  0.02182109  0.13733615  0.13733615  0.13733615  0.15919217  0.16364119  0.16364119  0.13304067  0.14165648  0.18170715  0.21441395  0.22888187  0.25363591  0.25363591  0.25868673  0.25868673  0.20965293  0.20492208  0.23376747  0.21920551  0.20022100  0.20965293  0.20965293  0.20492208  0.20965293  0.21441395  0.21920551  0.20022100  0.20022100  0.20022100  0.22888187  0.21920551  0.20492208  0.20492208  0.20492208  0.22402802  0.21441395  0.22402802  0.22402802  0.21441395  0.23376747  0.23376747  0.23376747  0.21441395  0.21441395  0.21441395  0.24861903  0.24861903  0.24861903  0.25363591  0.25363591  0.25363591  0.28973071  0.27404743  0.26377194  0.26889201  0.24363562  0.24861903  0.24363562  0.25363591  0.25363591  0.24363562  0.25868673  0.25868673  0.26377194  0.24363562  0.24363562  0.24363562  0.24363562  0.24363562  0.25868673  0.25868673  0.25868673  0.26889201  0.26889201  0.27923868  0.27404743  0.26889201  0.27404743  0.28446627  0.27404743  0.20965293  0.23376747  0.26889201  0.25868673  0.26889201  0.27923868  0.26889201  0.27404743  0.23376747  0.25363591  0.25363591  0.25363591  0.24363562  0.24363562  0.24363562  0.23868525  0.21920551  0.21920551  0.22888187  0.22402802  0.22402802  0.24363562  0.24861903  0.24861903  0.21920551  0.21920551  0.22888187  0.22888187  0.22888187  0.24363562  0.23376747  0.22888187  0.25363591  0.24861903  0.24861903  0.23868525  0.25363591  0.24363562  0.25363591  0.24861903  0.25363591  0.22888187  0.22402802  0.22402802  0.26889201  0.26889201  0.27404743  0.27923868  0.27404743  0.26377194  0.25868673  0.26377194  0.26377194  0.25868673  0.28446627  0.28973071  0.28446627  0.30575044  0.31662440  0.31662440  0.30037226  0.29503253  0.28973071  0.30037226  0.30037226  0.30037226  0.28973071  0.27404743  0.27404743  0.30575044  0.28973071  0.33323812  0.27404743  0.28973071  0.28973071  0.26889201  0.27404743  0.25363591  0.25868673  0.25363591  0.25363591  0.25363591  0.26377194  0.25868673  0.27404743  0.25868673  0.27404743  0.27404743  0.27404743  0.29503253  
17_0_0     0.15476949  0.18170715  0.18170715  0.16811687  0.17261954  0.18629276  0.17714952  0.17261954  0.18170715  0.17261954  0.19554933  0.19554933  0.17714952  0.01813968  0.00000000  0.00359286  0.00359286  0.12876975  0.12876975  0.12876975  0.15037286  0.15476949  0.15476949  0.12030051  0.12876975  0.16811687  0.20965293  0.21920551  0.24363562  0.24363562  0.24861903  0.24861903  0.20492208  0.20022100  0.22888187  0.21441395  0.19554933  0.19554933  0.20492208  0.20022100  0.20965293  0.21441395  0.21441395  0.18629276  0.18629276  0.18629276  0.21441395  0.20492208  0.19090670  0.19090670  0.19090670  0.20965293  0.20022100  0.20965293  0.20965293  0.20022100  0.21920551  0.21920551  0.21920551  0.20492208  0.20492208  0.20492208  0.23376747  0.23376747  0.23376747  0.23868525  0.23868525  0.23868525  0.27923868  0.26377194  0.25363591  0.25868673  0.23376747  0.23868525  0.23376747  0.24861903  0.24861903  0.23868525  0.25363591  0.24363562  0.24861903  0.23868525  0.23868525  0.23868525  0.23868525  0.23868525  0.25363591  0.25363591  0.25363591  0.26377194  0.26377194  0.27923868  0.27404743  0.26377194  0.26889201  0.27923868  0.26889201  0.19554933  0.23376747  0.24363562  0.23376747  0.25363591  0.25363591  0.24363562  0.24861903  0.22402802  0.24363562  0.24363562  0.24363562  0.22888187  0.22888187  0.22888187  0.22402802  0.21920551  0.20965293  0.21920551  0.21441395  0.21441395  0.22402802  0.22888187  0.23868525  0.20965293  0.20965293  0.21920551  0.21920551  0.21920551  0.23376747  0.21920551  0.21441395  0.25868673  0.24861903  0.24861903  0.23868525  0.25363591  0.24363562  0.25363591  0.24861903  0.24861903  0.21920551  0.22402802  0.22402802  0.26377194  0.26377194  0.26889201  0.27404743  0.26377194  0.24363562  0.23868525  0.24363562  0.24363562  0.24861903  0.26889201  0.27404743  0.26889201  0.27923868  0.28973071  0.28973071  0.27923868  0.27404743  0.26889201  0.27923868  0.27923868  0.27923868  0.26889201  0.25363591  0.25363591  0.28446627  0.26889201  0.31662440  0.24861903  0.26377194  0.26377194  0.25868673  0.26377194  0.24363562  0.24861903  0.24363562  0.22888187  0.22888187  0.24363562  0.23868525  0.25363591  0.24861903  0.26377194  0.26377194  0.26377194  0.27923868  
34_0_0     0.15919217  0.18629276  0.18629276  0.17261954  0.17714952  0.19090670  0.18170715  0.17714952  0.18629276  0.17714952  0.20022100  0.20022100  0.18170715  0.02182109  0.00359286  0.00000000  0.00720308  0.13304067  0.13304067  0.13304067  0.15476949  0.15919217  0.15919217  0.12452312  0.13304067  0.17261954  0.21441395  0.21920551  0.24861903  0.24861903  0.25363591  0.25363591  0.20965293  0.20492208  0.23376747  0.21920551  0.20022100  0.20022100  0.20965293  0.20492208  0.21441395  0.21920551  0.20965293  0.19090670  0.19090670  0.19090670  0.21920551  0.20965293  0.19554933  0.19554933  0.19554933  0.20492208  0.19554933  0.20492208  0.20492208  0.19554933  0.21441395  0.21441395  0.21441395  0.20022100  0.20022100  0.20022100  0.23868525  0.23868525  0.23868525  0.24363562  0.24363562  0.24363562  0.28446627  0.25868673  0.24861903  0.25363591  0.22888187  0.23376747  0.22888187  0.25363591  0.25363591  0.24363562  0.25868673  0.24861903  0.25363591  0.24363562  0.24363562  0.24363562  0.24363562  0.24363562  0.25868673  0.25868673  0.25868673  0.26889201  0.26889201  0.28446627  0.27923868  0.26889201  0.27404743  0.28446627  0.27404743  0.20022100  0.23868525  0.24861903  0.23868525  0.24861903  0.25868673  0.24861903  0.25363591  0.22888187  0.23868525  0.23868525  0.23868525  0.23376747  0.23376747  0.23376747  0.22888187  0.22402802  0.21441395  0.22402802  0.21920551  0.21920551  0.22888187  0.23376747  0.24363562  0.21441395  0.21441395  0.22402802  0.22402802  0.22402802  0.23868525  0.22402802  0.21920551  0.26377194  0.25363591  0.25363591  0.23376747  0.25868673  0.24861903  0.25868673  0.25363591  0.25363591  0.22402802  0.22888187  0.22888187  0.26889201  0.26889201  0.27404743  0.27923868  0.26889201  0.24861903  0.24363562  0.24861903  0.24861903  0.25363591  0.27404743  0.27923868  0.27404743  0.28446627  0.29503253  0.29503253  0.27404743  0.26889201  0.26377194  0.27404743  0.27404743  0.27404743  0.26377194  0.24861903  0.24861903  0.27923868  0.26377194  0.31116763  0.24363562  0.25868673  0.25868673  0.25363591  0.25868673  0.23868525  0.24363562  0.23868525  0.23376747  0.23376747  0.24861903  0.23376747  0.24861903  0.24363562  0.26377194  0.26377194  0.26377194  0.27923868  
44_0_0     0.15919217  0.17714952  0.18629276  0.17261954  0.17714952  0.19090670  0.18170715  0.17714952  0.18629276  0.17714952  0.20022100  0.20022100  0.18170715  0.02182109  0.00359286  0.00720308  0.00000000  0.13304067  0.13304067  0.13304067  0.15476949  0.15919217  0.15919217  0.12452312  0.13304067  0.17261954  0.21441395  0.22402802  0.24861903  0.24861903  0.25363591  0.25363591  0.20965293  0.20492208  0.23376747  0.21920551  0.20022100  0.20022100  0.20965293  0.20492208  0.21441395  0.21920551  0.21920551  0.19090670  0.19090670  0.19090670  0.21920551  0.20965293  0.19554933  0.19554933  0.19554933  0.21441395  0.20492208  0.21441395  0.21441395  0.20492208  0.22402802  0.22402802  0.22402802  0.20965293  0.20965293  0.20965293  0.23868525  0.23868525  0.23868525  0.24363562  0.24363562  0.24363562  0.28446627  0.26889201  0.25868673  0.26377194  0.23868525  0.24363562  0.23868525  0.25363591  0.25363591  0.24363562  0.25868673  0.24861903  0.25363591  0.24363562  0.24363562  0.24363562  0.24363562  0.24363562  0.25868673  0.25868673  0.25868673  0.26889201  0.26889201  0.28446627  0.27923868  0.26889201  0.27404743  0.28446627  0.27404743  0.20022100  0.23868525  0.24861903  0.23868525  0.25868673  0.25868673  0.24861903  0.25363591  0.22888187  0.24861903  0.24861903  0.24861903  0.23376747  0.23376747  0.23376747  0.22402802  0.22402802  0.21441395  0.22402802  0.21920551  0.21920551  0.22888187  0.23376747  0.24363562  0.21441395  0.21441395  0.22402802  0.22402802  0.22402802  0.23868525  0.22402802  0.21920551  0.26377194  0.25363591  0.25363591  0.24363562  0.25868673  0.24861903  0.25868673  0.25363591  0.25363591  0.22402802  0.22888187  0.22888187  0.26889201  0.26889201  0.27404743  0.27923868  0.26889201  0.24861903  0.24363562  0.24861903  0.24861903  0.25363591  0.27404743  0.27923868  0.27404743  0.28446627  0.29503253  0.29503253  0.28446627  0.27923868  0.27404743  0.28446627  0.28446627  0.28446627  0.27404743  0.25868673  0.25868673  0.28973071  0.27404743  0.32212134  0.25363591  0.26889201  0.26889201  0.26377194  0.26889201  0.24861903  0.24363562  0.23868525  0.23376747  0.23376747  0.24861903  0.24363562  0.25868673  0.25363591  0.26889201  0.26889201  0.26889201  0.28446627  
