20
20_0_0     0.00000000  0.06572194  0.06572194  0.32285527  0.32285527  0.32285527  0.28598266  0.28598266  0.29752227  0.28598266  0.33724475  0.33099807  0.33724475  0.38505271  0.38676856  0.37991109  0.41139204  0.39896115  0.40606645  0.40606645  
16_0_0     0.06572194  0.00000000  0.00000000  0.33870489  0.33870489  0.33870489  0.30090739  0.30090739  0.31272260  0.29510505  0.36647781  0.35989696  0.36647781  0.37502090  0.37661395  0.43351050  0.49285460  0.43903872  0.44669759  0.44669759  
14_0_0     0.06572194  0.00000000  0.00000000  0.33870489  0.33870489  0.33870489  0.30090739  0.30090739  0.31272260  0.29510505  0.36647781  0.35989696  0.36647781  0.37502090  0.37661395  0.43351050  0.49285460  0.43903872  0.44669759  0.44669759  
7_0_0      0.32285527  0.33870489  0.33870489  0.00000000  0.01320589  0.01320589  0.13354151  0.11266994  0.12091207  0.12929539  0.16309696  0.16761673  0.16309696  0.20789966  0.21857920  0.26582338  0.29171846  0.44322782  0.43556639  0.43556639  
9_0_0      0.32285527  0.33870489  0.33870489  0.01320589  0.00000000  0.00000000  0.15090427  0.12929539  0.12929539  0.13782480  0.17217863  0.17678345  0.17217863  0.20789966  0.21857920  0.27697151  0.31535843  0.45892015  0.45101110  0.45101110  
13_0_0     0.32285527  0.33870489  0.33870489  0.01320589  0.00000000  0.00000000  0.15090427  0.12929539  0.12929539  0.13782480  0.17217863  0.17678345  0.17217863  0.20789966  0.21857920  0.27697151  0.31535843  0.45892015  0.45101110  0.45101110  
5_0_0      0.28598266  0.30090739  0.30090739  0.13354151  0.15090427  0.15090427  0.00000000  0.01656379  0.02334952  0.09625528  0.13635092  0.14061435  0.13635092  0.19280191  0.20304510  0.21775568  0.25194632  0.46464813  0.47275223  0.47275223  
8_0_0      0.28598266  0.30090739  0.30090739  0.11266994  0.12929539  0.12929539  0.01656379  0.00000000  0.00655840  0.08458093  0.13212430  0.13635092  0.13212430  0.17886107  0.18876379  0.21280286  0.24667455  0.45667605  0.46464813  0.46464813  
18_0_0     0.29752227  0.31272260  0.31272260  0.12091207  0.12929539  0.12929539  0.02334952  0.00655840  0.00000000  0.09233281  0.14061435  0.14491525  0.14061435  0.17886107  0.18876379  0.21280286  0.25727548  0.45667605  0.46464813  0.46464813  
19_0_0     0.28598266  0.29510505  0.29510505  0.12929539  0.13782480  0.13782480  0.09625528  0.08458093  0.09233281  0.00000000  0.10750359  0.11152199  0.10750359  0.18811070  0.18876379  0.23808391  0.24145896  0.48937444  0.49790215  0.49790215  
10_0_0     0.33724475  0.36647781  0.36647781  0.16309696  0.17217863  0.17217863  0.13635092  0.13212430  0.14061435  0.10750359  0.00000000  0.00326822  0.00000000  0.14874730  0.14925428  0.30213634  0.31743043  0.45232628  0.46016790  0.46016790  
12_0_0     0.33099807  0.35989696  0.35989696  0.16761673  0.17678345  0.17678345  0.14061435  0.13635092  0.14491525  0.11152199  0.00326822  0.00000000  0.00326822  0.15310523  0.15363212  0.30804449  0.32348315  0.46016790  0.46813721  0.46813721  
4_0_0      0.33724475  0.36647781  0.36647781  0.16309696  0.17217863  0.17217863  0.13635092  0.13212430  0.14061435  0.10750359  0.00000000  0.00326822  0.00000000  0.14874730  0.14925428  0.30213634  0.31743043  0.45232628  0.46016790  0.46016790  
17_0_0     0.38505271  0.37502090  0.37502090  0.20789966  0.20789966  0.20789966  0.19280191  0.17886107  0.17886107  0.18811070  0.14874730  0.15310523  0.14874730  0.00000000  0.01316881  0.29854061  0.39718290  0.50745531  0.51620686  0.51620686  
11_0_0     0.38676856  0.37661395  0.37661395  0.21857920  0.21857920  0.21857920  0.20304510  0.18876379  0.18876379  0.18876379  0.14925428  0.15363212  0.14925428  0.01316881  0.00000000  0.31145165  0.39896115  0.52241060  0.53140159  0.53140159  
15_0_0     0.37991109  0.43351050  0.43351050  0.26582338  0.27697151  0.27697151  0.21775568  0.21280286  0.21280286  0.23808391  0.30213634  0.30804449  0.30213634  0.29854061  0.31145165  0.00000000  0.13731258  0.53140159  0.52241060  0.52241060  
6_0_0      0.41139204  0.49285460  0.49285460  0.29171846  0.31535843  0.31535843  0.25194632  0.24667455  0.25727548  0.24145896  0.31743043  0.32348315  0.31743043  0.39718290  0.39896115  0.13731258  0.00000000  0.62428540  0.61351846  0.61351846  
2_0_0      0.39896115  0.43903872  0.43903872  0.44322782  0.45892015  0.45892015  0.46464813  0.45667605  0.45667605  0.48937444  0.45232628  0.46016790  0.45232628  0.50745531  0.52241060  0.53140159  0.62428540  0.00000000  0.00326822  0.00326822  
3_0_0      0.40606645  0.44669759  0.44669759  0.43556639  0.45101110  0.45101110  0.47275223  0.46464813  0.46464813  0.49790215  0.46016790  0.46813721  0.46016790  0.51620686  0.53140159  0.52241060  0.61351846  0.00326822  0.00000000  0.00000000  
1_0_0      0.40606645  0.44669759  0.44669759  0.43556639  0.45101110  0.45101110  0.47275223  0.46464813  0.46464813  0.49790215  0.46016790  0.46813721  0.46016790  0.51620686  0.53140159  0.52241060  0.61351846  0.00326822  0.00000000  0.00000000  

