20
20_0_0     0.00000000  0.10093002  0.09694316  0.29508283  0.30088413  0.30088413  0.26706483  0.26264611  0.25725908  0.28480733  0.26914937  0.27468946  0.27468946  0.29627587  0.28480733  0.33170852  0.33170852  0.39891735  0.40789025  0.40073384  
16_0_0     0.10093002  0.00000000  0.00326821  0.31269714  0.30675500  0.30675500  0.28368249  0.27917227  0.27360133  0.29050802  0.27468946  0.28029297  0.28029297  0.29050802  0.27917227  0.37657637  0.38333543  0.42054437  0.43000943  0.42252477  
14_0_0     0.09694316  0.00326821  0.00000000  0.30675500  0.30088413  0.30088413  0.27808036  0.27360133  0.26809307  0.29627587  0.26914937  0.27468946  0.27468946  0.28480733  0.27360133  0.36990937  0.37657637  0.41322869  0.42252477  0.41515283  
7_0_0      0.29508283  0.31269714  0.30675500  0.00000000  0.01656373  0.01656373  0.13212031  0.10784667  0.11188178  0.09987490  0.13730797  0.14160936  0.14160936  0.13681682  0.13681682  0.22112370  0.22112370  0.45941972  0.46941139  0.46151312  
9_0_0      0.30088413  0.30675500  0.30088413  0.01656373  0.00000000  0.00000000  0.13634664  0.11188178  0.11595041  0.09593717  0.14160936  0.14594888  0.14594888  0.14109900  0.14109900  0.20641798  0.23628490  0.48330729  0.49390083  0.48560081  
13_0_0     0.30088413  0.30675500  0.30088413  0.01656373  0.00000000  0.00000000  0.13634664  0.11188178  0.11595041  0.09593717  0.14160936  0.14594888  0.14594888  0.14109900  0.14109900  0.20641798  0.23628490  0.48330729  0.49390083  0.48560081  
5_0_0      0.26706483  0.28368249  0.27808036  0.13212031  0.13634664  0.13634664  0.00000000  0.02669289  0.02327667  0.09593717  0.15474506  0.15920313  0.15920313  0.16760980  0.15861240  0.24855797  0.19822882  0.55336996  0.56591313  0.55631063  
8_0_0      0.26264611  0.27917227  0.27360133  0.10784667  0.11188178  0.11188178  0.02669289  0.00000000  0.00326821  0.07317737  0.12929121  0.13353704  0.13353704  0.15032721  0.14160936  0.24424579  0.19416878  0.52858404  0.54047224  0.53131679  
18_0_0     0.25725908  0.27360133  0.26809307  0.11188178  0.11595041  0.11595041  0.02327667  0.00326821  0.00000000  0.06943498  0.12508189  0.12929121  0.12929121  0.14594888  0.13730797  0.23900120  0.18943168  0.53765286  0.54980218  0.54047224  
19_0_0     0.28480733  0.29050802  0.29627587  0.09987490  0.09593717  0.09593717  0.09593717  0.07317737  0.06943498  0.00000000  0.11677030  0.12090845  0.12090845  0.12047067  0.11226432  0.22192268  0.20714136  0.53765286  0.54980218  0.54047224  
10_0_0     0.26914937  0.27468946  0.26914937  0.13730797  0.14160936  0.14160936  0.15474506  0.12929121  0.12508189  0.11677030  0.00000000  0.00326821  0.00326821  0.08874311  0.08102147  0.21774406  0.23806968  0.50483505  0.51612733  0.50737916  
12_0_0     0.27468946  0.28029297  0.27468946  0.14160936  0.14594888  0.14594888  0.15920313  0.13353704  0.12929121  0.12090845  0.00326821  0.00000000  0.00000000  0.09265008  0.08486707  0.22274690  0.23290861  0.49631685  0.50737916  0.49878459  
4_0_0      0.27468946  0.28029297  0.27468946  0.14160936  0.14594888  0.14594888  0.15920313  0.13353704  0.12929121  0.12090845  0.00326821  0.00000000  0.00000000  0.09265008  0.08486707  0.22274690  0.23290861  0.49631685  0.50737916  0.49878459  
17_0_0     0.29627587  0.29050802  0.28480733  0.13681682  0.14109900  0.14109900  0.16760980  0.15032721  0.14594888  0.12047067  0.08874311  0.09265008  0.09265008  0.00000000  0.00655839  0.24235207  0.25289563  0.49390083  0.50483505  0.49631685  
11_0_0     0.28480733  0.27917227  0.27360133  0.13681682  0.14109900  0.14109900  0.15861240  0.14160936  0.13730797  0.11226432  0.08102147  0.08486707  0.08486707  0.00655839  0.00000000  0.24235207  0.24235207  0.51093534  0.52232943  0.51350410  
15_0_0     0.33170852  0.37657637  0.36990937  0.22112370  0.20641798  0.20641798  0.24855797  0.24424579  0.23900120  0.22192268  0.21774406  0.22274690  0.22274690  0.24235207  0.24235207  0.00000000  0.19489202  0.54221402  0.52695475  0.51821661  
6_0_0      0.33170852  0.38333543  0.37657637  0.22112370  0.23628490  0.23628490  0.19822882  0.19416878  0.18943168  0.20714136  0.23806968  0.23290861  0.23290861  0.25289563  0.24235207  0.19489202  0.00000000  0.58974666  0.55414588  0.56355590  
2_0_0      0.39891735  0.42054437  0.41322869  0.45941972  0.48330729  0.48330729  0.55336996  0.52858404  0.53765286  0.53765286  0.50483505  0.49631685  0.49631685  0.49390083  0.51093534  0.54221402  0.58974666  0.00000000  0.01316878  0.00984533  
3_0_0      0.40789025  0.43000943  0.42252477  0.46941139  0.49390083  0.49390083  0.56591313  0.54047224  0.54980218  0.54980218  0.51612733  0.50737916  0.50737916  0.50483505  0.52232943  0.52695475  0.55414588  0.01316878  0.00000000  0.00326821  
1_0_0      0.40073384  0.42252477  0.41515283  0.46151312  0.48560081  0.48560081  0.55631063  0.53131679  0.54047224  0.54047224  0.50737916  0.49878459  0.49878459  0.49631685  0.51350410  0.51821661  0.56355590  0.00984533  0.00326821  0.00000000  

