20
20_0_0     0.00000000  0.05180622  0.05670459  0.11821921  0.14547369  0.13444875  0.12899847  0.12899847  0.37177367  0.41073913  0.40277684  0.41073913  0.41073913  0.41073913  0.37940116  0.35675512  0.38710968  0.41073913  0.39490097  0.39490097  
19_0_0     0.05180622  0.00000000  0.00455975  0.10234477  0.15104962  0.13994028  0.13444875  0.13444875  0.33479453  0.38710968  0.39490097  0.38710968  0.38710968  0.38710968  0.37177367  0.34936082  0.36422554  0.43516408  0.41878977  0.40277684  
13_0_0     0.05670459  0.00455975  0.00000000  0.10759775  0.15666874  0.13444875  0.13994028  0.13994028  0.34204113  0.39490097  0.40277684  0.39490097  0.39490097  0.39490097  0.37940116  0.35675512  0.37177367  0.44349193  0.42693074  0.41073913  
16_0_0     0.11821921  0.10234477  0.10759775  0.00000000  0.15104962  0.15666874  0.15104962  0.15104962  0.35675512  0.38710968  0.40277684  0.37177367  0.37177367  0.35675512  0.34204113  0.33479453  0.39490097  0.37940116  0.42693074  0.42693074  
18_0_0     0.14547369  0.15104962  0.15666874  0.15104962  0.00000000  0.03730648  0.03253692  0.03253692  0.41878977  0.41073913  0.42693074  0.41073913  0.41073913  0.37940116  0.36422554  0.37177367  0.43516408  0.41878977  0.41878977  0.45191646  
14_0_0     0.13444875  0.13994028  0.13444875  0.15666874  0.03730648  0.00000000  0.04210760  0.04210760  0.38710968  0.39490097  0.41073913  0.39490097  0.39490097  0.36422554  0.36422554  0.37177367  0.41878977  0.40277684  0.40277684  0.41878977  
15_0_0     0.12899847  0.13444875  0.13994028  0.15104962  0.03253692  0.04210760  0.00000000  0.00000000  0.39490097  0.38710968  0.40277684  0.38710968  0.38710968  0.35675512  0.34204113  0.34936082  0.39490097  0.41878977  0.41878977  0.45191646  
17_0_0     0.12899847  0.13444875  0.13994028  0.15104962  0.03253692  0.04210760  0.00000000  0.00000000  0.39490097  0.38710968  0.40277684  0.38710968  0.38710968  0.35675512  0.34204113  0.34936082  0.39490097  0.41878977  0.41878977  0.45191646  
7_0_0      0.37177367  0.33479453  0.34204113  0.35675512  0.41878977  0.38710968  0.39490097  0.39490097  0.00000000  0.22772864  0.24027922  0.24027922  0.24027922  0.23397680  0.22153383  0.24027922  0.20930066  0.30651092  0.25952177  0.27928857  
4_0_0      0.41073913  0.38710968  0.39490097  0.38710968  0.41073913  0.39490097  0.38710968  0.38710968  0.22772864  0.00000000  0.01841350  0.02779850  0.02779850  0.06660164  0.06660164  0.08170505  0.09712953  0.20930066  0.16233171  0.17379199  
11_0_0     0.40277684  0.39490097  0.40277684  0.40277684  0.42693074  0.41073913  0.40277684  0.40277684  0.24027922  0.01841350  0.00000000  0.03730648  0.03730648  0.07663557  0.07663557  0.09195152  0.10759775  0.22153383  0.17379199  0.17959074  
12_0_0     0.41073913  0.38710968  0.39490097  0.37177367  0.41073913  0.39490097  0.38710968  0.38710968  0.24027922  0.02779850  0.03730648  0.00000000  0.00000000  0.07663557  0.07663557  0.08170505  0.11821921  0.23397680  0.18543620  0.19727032  
2_0_0      0.41073913  0.38710968  0.39490097  0.37177367  0.41073913  0.39490097  0.38710968  0.38710968  0.24027922  0.02779850  0.03730648  0.00000000  0.00000000  0.07663557  0.07663557  0.08170505  0.11821921  0.23397680  0.18543620  0.19727032  
5_0_0      0.41073913  0.38710968  0.39490097  0.35675512  0.37940116  0.36422554  0.35675512  0.35675512  0.23397680  0.06660164  0.07663557  0.07663557  0.07663557  0.00000000  0.04694071  0.06163624  0.10759775  0.20930066  0.19727032  0.20930066  
8_0_0      0.37940116  0.37177367  0.37940116  0.34204113  0.36422554  0.36422554  0.34204113  0.34204113  0.22153383  0.06660164  0.07663557  0.07663557  0.07663557  0.04694071  0.00000000  0.02309082  0.07663557  0.19727032  0.18543620  0.19727032  
1_0_0      0.35675512  0.34936082  0.35675512  0.33479453  0.37177367  0.37177367  0.34936082  0.34936082  0.24027922  0.08170505  0.09195152  0.08170505  0.08170505  0.06163624  0.02309082  0.00000000  0.08170505  0.19132913  0.16803923  0.17959074  
10_0_0     0.38710968  0.36422554  0.37177367  0.39490097  0.43516408  0.41878977  0.39490097  0.39490097  0.20930066  0.09712953  0.10759775  0.11821921  0.11821921  0.10759775  0.07663557  0.08170505  0.00000000  0.18543620  0.16233171  0.17379199  
9_0_0      0.41073913  0.43516408  0.44349193  0.37940116  0.41878977  0.40277684  0.41878977  0.41878977  0.30651092  0.20930066  0.22153383  0.23397680  0.23397680  0.20930066  0.19727032  0.19132913  0.18543620  0.00000000  0.06660164  0.06660164  
6_0_0      0.39490097  0.41878977  0.42693074  0.42693074  0.41878977  0.40277684  0.41878977  0.41878977  0.25952177  0.16233171  0.17379199  0.18543620  0.18543620  0.19727032  0.18543620  0.16803923  0.16233171  0.06660164  0.00000000  0.02779850  
3_0_0      0.39490097  0.40277684  0.41073913  0.42693074  0.45191646  0.41878977  0.45191646  0.45191646  0.27928857  0.17379199  0.17959074  0.19727032  0.19727032  0.20930066  0.19727032  0.17959074  0.17379199  0.06660164  0.02779850  0.00000000  

