135
49_0_0     0.00000000  0.13109273  0.06054626  0.05218194  0.18380703  0.14983070  0.38190337  0.30201892  0.30201892  0.31376230  0.28474547  0.34396143  0.24055902  0.29045868  0.37544331  0.37544331  0.36903906  0.35639420  0.36903906  0.16420173  0.29045868  0.30786735  0.29045868  0.27907596  0.27907596  0.29621626  0.29621626  0.25682184  0.26786539  0.28474547  0.32569472  0.41507616  0.42189265  0.19885897  0.21422291  0.21422291  0.22464534  0.20394498  0.19885897  0.21422291  0.21422291  0.19885897  0.34396143  0.50132809  0.50899008  0.43571662  0.45694832  0.44272650  0.43571662  0.42877241  0.47880613  0.43571662  0.42877241  0.41507616  0.40832177  0.38190337  0.39499489  0.42189265  0.44980331  0.46416288  0.44980331  0.44980331  0.45694832  0.42189265  0.56496326  0.45694832  0.43571662  0.42877241  0.41507616  0.42189265  0.44272650  0.42877241  0.41507616  0.42189265  0.42877241  0.41507616  0.40832177  0.42877241  0.42877241  0.41507616  0.44980331  0.44980331  0.41507616  0.43571662  0.42877241  0.52455583  0.44980331  0.47880613  0.47880613  0.47880613  0.47144834  0.47144834  0.56496326  0.61655238  0.47880613  0.47144834  0.50899008  0.46416288  0.50132809  0.48623767  0.55670364  0.54045547  0.39499489  0.70136444  0.52455583  0.52455583  0.52455583  0.52455583  0.52455583  0.54045547  0.46416288  0.42877241  0.44980331  0.46416288  0.44272650  0.44980331  0.46416288  0.46416288  0.44980331  0.45694832  0.45694832  0.47144834  0.44980331  0.46416288  0.49374448  0.48623767  0.43571662  0.45694832  0.46416288  0.44980331  0.46416288  0.46416288  0.45694832  0.38190337  0.42877241  
39_0_0     0.13109273  0.00000000  0.15459015  0.16420173  0.21941580  0.18380703  0.35639420  0.31376230  0.31376230  0.31376230  0.31970450  0.31970450  0.24055902  0.29045868  0.42877241  0.42877241  0.40832177  0.42189265  0.38842023  0.19885897  0.33173375  0.33173375  0.31970450  0.33173375  0.31376230  0.31970450  0.31970450  0.30201892  0.31376230  0.32569472  0.38190337  0.45694832  0.47144834  0.27344948  0.29045868  0.27907596  0.27907596  0.27907596  0.27344948  0.25682184  0.27907596  0.26232305  0.38842023  0.61655238  0.62551074  0.49374448  0.50132809  0.49374448  0.49374448  0.48623767  0.54045547  0.49374448  0.48623767  0.48623767  0.46416288  0.42877241  0.47880613  0.47880613  0.54045547  0.55670364  0.52455583  0.52455583  0.53246303  0.49374448  0.55670364  0.50132809  0.50132809  0.50899008  0.49374448  0.50132809  0.50899008  0.52455583  0.49374448  0.48623767  0.43571662  0.43571662  0.46416288  0.47144834  0.47144834  0.44980331  0.44272650  0.47880613  0.47144834  0.49374448  0.48623767  0.53246303  0.53246303  0.53246303  0.53246303  0.53246303  0.54045547  0.54045547  0.59895404  0.69144726  0.51673210  0.50132809  0.54045547  0.50899008  0.52455583  0.50899008  0.59030911  0.59030911  0.45694832  0.69144726  0.57331595  0.57331595  0.57331595  0.56496326  0.55670364  0.62551074  0.52455583  0.48623767  0.49374448  0.52455583  0.48623767  0.49374448  0.50132809  0.47144834  0.48623767  0.49374448  0.49374448  0.50899008  0.46416288  0.48623767  0.50899008  0.52455583  0.51673210  0.50899008  0.50132809  0.50132809  0.50899008  0.50899008  0.50899008  0.34396143  0.44272650  
89_0_0     0.06054626  0.15459015  0.00000000  0.08187954  0.20906613  0.17393956  0.40832177  0.33782237  0.33782237  0.35015175  0.31970450  0.39499489  0.25136116  0.27344948  0.40162838  0.40162838  0.39499489  0.38190337  0.38190337  0.18879046  0.32569472  0.32569472  0.32569472  0.30201892  0.30201892  0.33173375  0.31970450  0.28474547  0.29621626  0.30201892  0.33782237  0.40832177  0.42189265  0.23521641  0.25136116  0.25136116  0.25136116  0.24055902  0.23521641  0.24594041  0.25682184  0.23521641  0.35639420  0.52455583  0.52455583  0.42877241  0.44980331  0.44980331  0.42877241  0.42189265  0.45694832  0.42877241  0.42189265  0.40832177  0.40832177  0.38190337  0.40832177  0.42189265  0.47880613  0.49374448  0.46416288  0.46416288  0.47144834  0.44980331  0.54853504  0.45694832  0.42189265  0.41507616  0.40162838  0.39499489  0.42877241  0.42189265  0.40162838  0.42189265  0.42189265  0.40832177  0.41507616  0.42189265  0.42189265  0.42189265  0.45694832  0.47144834  0.44980331  0.45694832  0.44980331  0.52455583  0.44980331  0.46416288  0.46416288  0.46416288  0.45694832  0.45694832  0.58176384  0.63457870  0.48623767  0.47880613  0.50899008  0.47880613  0.49374448  0.47880613  0.59030911  0.55670364  0.40832177  0.71141611  0.54853504  0.54853504  0.54853504  0.54853504  0.54853504  0.57331595  0.48623767  0.43571662  0.45694832  0.47144834  0.46416288  0.45694832  0.46416288  0.46416288  0.44980331  0.45694832  0.45694832  0.47144834  0.44980331  0.46416288  0.52455583  0.50899008  0.44980331  0.47144834  0.47144834  0.46416288  0.48623767  0.48623767  0.47880613  0.38190337  0.44272650  
57_0_0     0.05218194  0.16420173  0.08187954  0.00000000  0.20394498  0.16905465  0.42189265  0.31376230  0.31376230  0.31376230  0.29621626  0.38842023  0.27907596  0.32569472  0.38842023  0.38842023  0.38190337  0.36903906  0.38190337  0.17885688  0.29621626  0.30201892  0.29621626  0.28474547  0.28474547  0.30201892  0.30201892  0.26232305  0.27344948  0.29045868  0.32569472  0.41507616  0.42189265  0.22991203  0.24594041  0.24594041  0.25682184  0.23521641  0.22991203  0.25136116  0.25136116  0.23521641  0.35015175  0.51673210  0.52455583  0.43571662  0.45694832  0.44980331  0.44980331  0.42877241  0.46416288  0.43571662  0.42877241  0.41507616  0.42189265  0.38190337  0.39499489  0.40162838  0.43571662  0.44980331  0.44980331  0.44980331  0.44272650  0.43571662  0.54045547  0.46416288  0.44272650  0.43571662  0.42189265  0.42877241  0.44980331  0.43571662  0.42189265  0.42877241  0.41507616  0.40162838  0.42189265  0.41507616  0.41507616  0.39499489  0.42877241  0.42877241  0.39499489  0.41507616  0.42189265  0.50132809  0.44980331  0.45694832  0.45694832  0.45694832  0.44980331  0.44980331  0.57331595  0.63457870  0.47144834  0.46416288  0.49374448  0.46416288  0.47144834  0.45694832  0.58176384  0.54853504  0.36903906  0.69144726  0.50132809  0.50132809  0.50132809  0.50132809  0.50132809  0.51673210  0.44980331  0.43571662  0.44272650  0.45694832  0.44980331  0.44272650  0.47144834  0.47144834  0.45694832  0.46416288  0.46416288  0.47880613  0.45694832  0.47144834  0.50132809  0.49374448  0.40832177  0.44272650  0.45694832  0.43571662  0.48623767  0.48623767  0.47880613  0.38190337  0.42877241  
66_18_0    0.18380703  0.21941580  0.20906613  0.20394498  0.00000000  0.02764078  0.32569472  0.29045868  0.29045868  0.29045868  0.29621626  0.31970450  0.16905465  0.22464534  0.36903906  0.36903906  0.35015175  0.35015175  0.36903906  0.14983070  0.24594041  0.27907596  0.24594041  0.26786539  0.25682184  0.26232305  0.26232305  0.22991203  0.23521641  0.23521641  0.30201892  0.41507616  0.40162838  0.19380762  0.20394498  0.20394498  0.19885897  0.19885897  0.19380762  0.19885897  0.19885897  0.19885897  0.33782237  0.54853504  0.54853504  0.43571662  0.45694832  0.45694832  0.42877241  0.42189265  0.48623767  0.43571662  0.42877241  0.42877241  0.44272650  0.42877241  0.45694832  0.44272650  0.46416288  0.47880613  0.44980331  0.44980331  0.45694832  0.42189265  0.54045547  0.53246303  0.48623767  0.44272650  0.44272650  0.46416288  0.50132809  0.47880613  0.48623767  0.47880613  0.47880613  0.47144834  0.47880613  0.45694832  0.45694832  0.40832177  0.42877241  0.42877241  0.42877241  0.45694832  0.46416288  0.50899008  0.47144834  0.53246303  0.53246303  0.53246303  0.52455583  0.52455583  0.63457870  0.69144726  0.47880613  0.48623767  0.48623767  0.45694832  0.45694832  0.44272650  0.59895404  0.62551074  0.44272650  0.70136444  0.54045547  0.54045547  0.54045547  0.57331595  0.57331595  0.57331595  0.54045547  0.47144834  0.47144834  0.51673210  0.47880613  0.47144834  0.48623767  0.50132809  0.50132809  0.50132809  0.49374448  0.51673210  0.48623767  0.49374448  0.48623767  0.49374448  0.44980331  0.49374448  0.50899008  0.50132809  0.51673210  0.51673210  0.49374448  0.43571662  0.40832177  
66_0_0     0.14983070  0.18380703  0.17393956  0.16905465  0.02764078  0.00000000  0.28474547  0.26232305  0.26232305  0.26232305  0.25682184  0.27907596  0.14510162  0.19885897  0.36268967  0.36268967  0.34396143  0.34396143  0.36268967  0.12648132  0.22991203  0.25682184  0.22464534  0.24594041  0.23521641  0.24055902  0.24055902  0.21941580  0.22464534  0.22464534  0.30201892  0.41507616  0.40162838  0.15938036  0.16905465  0.16905465  0.16420173  0.16420173  0.15938036  0.16420173  0.17393956  0.16420173  0.33173375  0.50899008  0.50899008  0.41507616  0.43571662  0.43571662  0.42189265  0.41507616  0.47880613  0.41507616  0.40832177  0.40832177  0.42877241  0.40832177  0.43571662  0.42877241  0.47880613  0.49374448  0.46416288  0.46416288  0.47144834  0.42189265  0.54853504  0.50899008  0.46416288  0.42189265  0.42189265  0.44272650  0.47880613  0.47144834  0.46416288  0.45694832  0.44272650  0.43571662  0.44272650  0.43571662  0.43571662  0.40162838  0.42189265  0.43571662  0.42189265  0.44980331  0.45694832  0.48623767  0.44980331  0.49374448  0.49374448  0.49374448  0.48623767  0.48623767  0.59895404  0.68166100  0.46416288  0.47144834  0.47144834  0.44272650  0.44272650  0.42877241  0.58176384  0.60770099  0.42189265  0.66246775  0.53246303  0.53246303  0.53246303  0.56496326  0.56496326  0.56496326  0.51673210  0.43571662  0.43571662  0.47880613  0.44272650  0.43571662  0.46416288  0.47880613  0.47880613  0.47880613  0.47144834  0.49374448  0.46416288  0.47144834  0.44980331  0.47144834  0.44272650  0.47144834  0.48623767  0.47880613  0.49374448  0.49374448  0.47144834  0.38842023  0.38842023  
95_0_0     0.38190337  0.35639420  0.40832177  0.42189265  0.32569472  0.28474547  0.00000000  0.24594041  0.24055902  0.25136116  0.25682184  0.41507616  0.33173375  0.36268967  0.49374448  0.49374448  0.49374448  0.47880613  0.44272650  0.36268967  0.42877241  0.36268967  0.38842023  0.42189265  0.42877241  0.42189265  0.42189265  0.39499489  0.40162838  0.40832177  0.47880613  0.50899008  0.51673210  0.35639420  0.37544331  0.34396143  0.35639420  0.36268967  0.35639420  0.34396143  0.36268967  0.34396143  0.48623767  0.64375895  0.64375895  0.59030911  0.55670364  0.55670364  0.58176384  0.59030911  0.59030911  0.59030911  0.58176384  0.56496326  0.50899008  0.53246303  0.53246303  0.55670364  0.58176384  0.58176384  0.56496326  0.56496326  0.57331595  0.55670364  0.64375895  0.63457870  0.58176384  0.55670364  0.55670364  0.57331595  0.58176384  0.59030911  0.57331595  0.58176384  0.60770099  0.60770099  0.59030911  0.60770099  0.60770099  0.52455583  0.49374448  0.54045547  0.51673210  0.55670364  0.56496326  0.64375895  0.57331595  0.69144726  0.69144726  0.69144726  0.68166100  0.68166100  0.71141611  0.82022671  0.67200226  0.67200226  0.71141611  0.67200226  0.66246775  0.64375895  0.72160596  0.75304390  0.59030911  0.85624864  0.60770099  0.60770099  0.60770099  0.60770099  0.59895404  0.66246775  0.68166100  0.59895404  0.58176384  0.61655238  0.59030911  0.59895404  0.53246303  0.53246303  0.57331595  0.54853504  0.54045547  0.54853504  0.56496326  0.55670364  0.56496326  0.57331595  0.60770099  0.61655238  0.59895404  0.60770099  0.60770099  0.60770099  0.60770099  0.46416288  0.54853504  
83_0_0     0.30201892  0.31376230  0.33782237  0.31376230  0.29045868  0.26232305  0.24594041  0.00000000  0.04803491  0.06476408  0.07327241  0.42189265  0.34396143  0.36268967  0.50899008  0.50899008  0.50132809  0.48623767  0.46416288  0.22991203  0.38842023  0.32569472  0.33782237  0.33173375  0.33782237  0.36903906  0.35639420  0.35015175  0.35639420  0.35639420  0.38842023  0.51673210  0.50899008  0.29045868  0.30786735  0.29045868  0.30201892  0.29621626  0.29045868  0.30201892  0.31376230  0.29045868  0.44272650  0.63457870  0.64375895  0.56496326  0.56496326  0.56496326  0.56496326  0.57331595  0.59895404  0.56496326  0.55670364  0.54045547  0.50132809  0.51673210  0.55670364  0.56496326  0.55670364  0.55670364  0.55670364  0.55670364  0.56496326  0.53246303  0.68166100  0.57331595  0.55670364  0.54045547  0.50899008  0.54853504  0.55670364  0.57331595  0.54045547  0.53246303  0.52455583  0.51673210  0.54045547  0.54853504  0.54853504  0.53246303  0.48623767  0.53246303  0.51673210  0.54853504  0.54853504  0.73193783  0.58176384  0.63457870  0.63457870  0.63457870  0.64375895  0.64375895  0.71141611  0.83204059  0.64375895  0.68166100  0.66246775  0.67200226  0.65305433  0.65305433  0.71141611  0.74241575  0.57331595  0.92047131  0.60770099  0.60770099  0.60770099  0.59895404  0.59895404  0.64375895  0.69144726  0.58176384  0.56496326  0.62551074  0.59895404  0.56496326  0.59030911  0.57331595  0.60770099  0.59895404  0.59895404  0.62551074  0.61655238  0.57331595  0.59895404  0.60770099  0.59895404  0.64375895  0.59030911  0.59895404  0.58176384  0.58176384  0.59895404  0.42189265  0.48623767  
96_0_0     0.30201892  0.31376230  0.33782237  0.31376230  0.29045868  0.26232305  0.24055902  0.04803491  0.00000000  0.01566831  0.08187954  0.40832177  0.35639420  0.36268967  0.50899008  0.50899008  0.50132809  0.48623767  0.45694832  0.25682184  0.38190337  0.33173375  0.34396143  0.33782237  0.34396143  0.37544331  0.36268967  0.34396143  0.35015175  0.35015175  0.38842023  0.50132809  0.47880613  0.30786735  0.32569472  0.30786735  0.30786735  0.31376230  0.30786735  0.31970450  0.33173375  0.30786735  0.47880613  0.67200226  0.68166100  0.61655238  0.61655238  0.59895404  0.61655238  0.62551074  0.66246775  0.61655238  0.60770099  0.59030911  0.54853504  0.56496326  0.62551074  0.61655238  0.61655238  0.61655238  0.61655238  0.61655238  0.62551074  0.57331595  0.72160596  0.62551074  0.62551074  0.59030911  0.57331595  0.60770099  0.62551074  0.64375895  0.60770099  0.59895404  0.55670364  0.54853504  0.58176384  0.57331595  0.57331595  0.51673210  0.47880613  0.52455583  0.50132809  0.55670364  0.55670364  0.71141611  0.58176384  0.61655238  0.61655238  0.61655238  0.62551074  0.62551074  0.69144726  0.78587445  0.60770099  0.64375895  0.64375895  0.64375895  0.63457870  0.61655238  0.69144726  0.72160596  0.54853504  0.83204059  0.64375895  0.64375895  0.64375895  0.63457870  0.63457870  0.70136444  0.69144726  0.59030911  0.57331595  0.61655238  0.60770099  0.57331595  0.54853504  0.53246303  0.57331595  0.55670364  0.55670364  0.58176384  0.57331595  0.53246303  0.57331595  0.58176384  0.61655238  0.61655238  0.57331595  0.57331595  0.56496326  0.56496326  0.58176384  0.40832177  0.47880613  
38_0_0     0.31376230  0.31376230  0.35015175  0.31376230  0.29045868  0.26232305  0.25136116  0.06476408  0.01566831  0.00000000  0.09939954  0.42189265  0.36903906  0.37544331  0.53246303  0.53246303  0.52455583  0.50899008  0.47880613  0.26786539  0.38842023  0.34396143  0.34396143  0.35015175  0.35639420  0.37544331  0.37544331  0.34396143  0.35015175  0.35015175  0.40162838  0.50132809  0.47880613  0.31970450  0.33782237  0.31970450  0.31970450  0.32569472  0.31970450  0.33173375  0.33173375  0.30786735  0.49374448  0.68166100  0.69144726  0.62551074  0.62551074  0.60770099  0.62551074  0.63457870  0.67200226  0.62551074  0.61655238  0.59895404  0.55670364  0.57331595  0.65305433  0.61655238  0.62551074  0.62551074  0.62551074  0.62551074  0.63457870  0.58176384  0.71141611  0.63457870  0.63457870  0.59895404  0.58176384  0.61655238  0.63457870  0.65305433  0.61655238  0.60770099  0.54853504  0.54045547  0.59030911  0.56496326  0.56496326  0.52455583  0.48623767  0.53246303  0.50899008  0.56496326  0.56496326  0.70136444  0.59030911  0.60770099  0.60770099  0.60770099  0.61655238  0.61655238  0.70136444  0.75304390  0.59895404  0.63457870  0.63457870  0.63457870  0.62551074  0.60770099  0.70136444  0.73193783  0.54045547  0.82022671  0.64375895  0.64375895  0.64375895  0.63457870  0.63457870  0.70136444  0.67200226  0.59030911  0.57331595  0.61655238  0.59030911  0.57331595  0.55670364  0.54045547  0.58176384  0.56496326  0.56496326  0.59030911  0.58176384  0.54045547  0.57331595  0.57331595  0.60770099  0.60770099  0.58176384  0.56496326  0.58176384  0.58176384  0.59895404  0.40832177  0.46416288  
65_0_0     0.28474547  0.31970450  0.31970450  0.29621626  0.29621626  0.25682184  0.25682184  0.07327241  0.08187954  0.09939954  0.00000000  0.41507616  0.34396143  0.36268967  0.44980331  0.44980331  0.44980331  0.42877241  0.44980331  0.22464534  0.36903906  0.33173375  0.32569472  0.31376230  0.31970450  0.34396143  0.33782237  0.34396143  0.35015175  0.35015175  0.40832177  0.48623767  0.48623767  0.30786735  0.31376230  0.31970450  0.31970450  0.31376230  0.30786735  0.31970450  0.31970450  0.30786735  0.47880613  0.64375895  0.64375895  0.58176384  0.58176384  0.56496326  0.58176384  0.59030911  0.61655238  0.58176384  0.57331595  0.55670364  0.54045547  0.56496326  0.55670364  0.55670364  0.53246303  0.53246303  0.53246303  0.53246303  0.54045547  0.50132809  0.71141611  0.54045547  0.53246303  0.51673210  0.50132809  0.51673210  0.53246303  0.54853504  0.53246303  0.50899008  0.56496326  0.54045547  0.54045547  0.53246303  0.53246303  0.47880613  0.44980331  0.47880613  0.47880613  0.48623767  0.48623767  0.65305433  0.54045547  0.60770099  0.60770099  0.60770099  0.61655238  0.61655238  0.67200226  0.80859817  0.59030911  0.60770099  0.60770099  0.59895404  0.61655238  0.61655238  0.65305433  0.68166100  0.54045547  0.84404580  0.61655238  0.61655238  0.61655238  0.60770099  0.60770099  0.64375895  0.67200226  0.51673210  0.50132809  0.55670364  0.54853504  0.50132809  0.54045547  0.52455583  0.55670364  0.54853504  0.56496326  0.57331595  0.56496326  0.52455583  0.53246303  0.54045547  0.56496326  0.58176384  0.55670364  0.55670364  0.56496326  0.56496326  0.58176384  0.42189265  0.50899008  
85_0_0     0.34396143  0.31970450  0.39499489  0.38842023  0.31970450  0.27907596  0.41507616  0.42189265  0.40832177  0.42189265  0.41507616  0.00000000  0.17393956  0.22991203  0.51673210  0.51673210  0.50899008  0.50132809  0.51673210  0.29045868  0.36268967  0.35639420  0.37544331  0.38190337  0.36903906  0.37544331  0.38190337  0.35639420  0.36268967  0.38842023  0.42189265  0.55670364  0.55670364  0.36268967  0.36903906  0.37544331  0.37544331  0.36903906  0.36268967  0.32569472  0.36268967  0.35015175  0.44980331  0.57331595  0.58176384  0.59030911  0.59030911  0.58176384  0.59895404  0.59030911  0.58176384  0.59030911  0.58176384  0.58176384  0.52455583  0.50899008  0.50132809  0.50899008  0.61655238  0.59895404  0.58176384  0.58176384  0.59030911  0.52455583  0.68166100  0.50899008  0.51673210  0.52455583  0.51673210  0.53246303  0.53246303  0.54045547  0.52455583  0.53246303  0.54045547  0.53246303  0.50132809  0.53246303  0.53246303  0.54045547  0.54853504  0.55670364  0.51673210  0.56496326  0.55670364  0.59895404  0.64375895  0.62551074  0.62551074  0.62551074  0.63457870  0.63457870  0.70136444  0.82022671  0.58176384  0.59895404  0.61655238  0.58176384  0.59895404  0.59030911  0.59895404  0.65305433  0.53246303  0.65305433  0.57331595  0.57331595  0.57331595  0.60770099  0.59895404  0.65305433  0.65305433  0.54853504  0.54853504  0.56496326  0.53246303  0.55670364  0.62551074  0.61655238  0.60770099  0.60770099  0.63457870  0.62551074  0.63457870  0.57331595  0.59030911  0.60770099  0.55670364  0.54853504  0.62551074  0.69144726  0.61655238  0.61655238  0.62551074  0.44272650  0.52455583  
42_0_0     0.24055902  0.24055902  0.25136116  0.27907596  0.16905465  0.14510162  0.33173375  0.34396143  0.35639420  0.36903906  0.34396143  0.17393956  0.00000000  0.08187954  0.43571662  0.43571662  0.41507616  0.42189265  0.40162838  0.17393956  0.29621626  0.27907596  0.27344948  0.29045868  0.28474547  0.28474547  0.27907596  0.26232305  0.26786539  0.26232305  0.31970450  0.44980331  0.46416288  0.25136116  0.27344948  0.25682184  0.25682184  0.25682184  0.25136116  0.22464534  0.24055902  0.24055902  0.41507616  0.61655238  0.62551074  0.52455583  0.53246303  0.53246303  0.53246303  0.52455583  0.56496326  0.52455583  0.51673210  0.51673210  0.47880613  0.44980331  0.44272650  0.43571662  0.52455583  0.52455583  0.50899008  0.50899008  0.51673210  0.44272650  0.59895404  0.50899008  0.48623767  0.45694832  0.47144834  0.47880613  0.47144834  0.47880613  0.47144834  0.47144834  0.51673210  0.50899008  0.48623767  0.51673210  0.51673210  0.44980331  0.49374448  0.46416288  0.45694832  0.49374448  0.48623767  0.53246303  0.51673210  0.57331595  0.57331595  0.57331595  0.56496326  0.56496326  0.65305433  0.73193783  0.52455583  0.54853504  0.54853504  0.53246303  0.54853504  0.53246303  0.59895404  0.61655238  0.47144834  0.68166100  0.53246303  0.53246303  0.53246303  0.55670364  0.54853504  0.59895404  0.57331595  0.48623767  0.50132809  0.53246303  0.50132809  0.50132809  0.54045547  0.51673210  0.54853504  0.53246303  0.55670364  0.54853504  0.53246303  0.50899008  0.51673210  0.54045547  0.50132809  0.51673210  0.55670364  0.59030911  0.59030911  0.59030911  0.56496326  0.44272650  0.50132809  
71_0_0     0.29045868  0.29045868  0.27344948  0.32569472  0.22464534  0.19885897  0.36268967  0.36268967  0.36268967  0.37544331  0.36268967  0.22991203  0.08187954  0.00000000  0.44980331  0.44980331  0.42877241  0.43571662  0.40162838  0.23521641  0.35015175  0.32569472  0.30786735  0.31376230  0.31970450  0.31970450  0.31376230  0.31376230  0.31970450  0.32569472  0.36268967  0.48623767  0.47880613  0.27907596  0.29621626  0.28474547  0.27344948  0.28474547  0.27907596  0.25136116  0.26786539  0.26786539  0.42877241  0.60770099  0.61655238  0.47880613  0.48623767  0.48623767  0.50132809  0.49374448  0.53246303  0.50899008  0.48623767  0.48623767  0.49374448  0.44980331  0.44272650  0.45694832  0.51673210  0.51673210  0.51673210  0.51673210  0.52455583  0.48623767  0.57331595  0.47880613  0.45694832  0.41507616  0.45694832  0.46416288  0.46416288  0.44980331  0.44272650  0.45694832  0.52455583  0.51673210  0.47880613  0.49374448  0.49374448  0.45694832  0.44980331  0.43571662  0.41507616  0.45694832  0.44980331  0.56496326  0.58176384  0.56496326  0.56496326  0.56496326  0.55670364  0.55670364  0.69144726  0.74241575  0.57331595  0.59895404  0.60770099  0.56496326  0.59895404  0.58176384  0.63457870  0.62551074  0.50132809  0.66246775  0.50899008  0.50899008  0.50899008  0.54853504  0.54045547  0.57331595  0.58176384  0.51673210  0.53246303  0.54853504  0.51673210  0.53246303  0.54045547  0.51673210  0.54853504  0.51673210  0.54045547  0.53246303  0.54045547  0.52455583  0.53246303  0.54045547  0.51673210  0.53246303  0.59030911  0.58176384  0.55670364  0.55670364  0.56496326  0.46416288  0.49374448  
88_13_0    0.37544331  0.42877241  0.40162838  0.38842023  0.36903906  0.36268967  0.49374448  0.50899008  0.50899008  0.53246303  0.44980331  0.51673210  0.43571662  0.44980331  0.00000000  0.00000000  0.01566831  0.01963768  0.12189842  0.36268967  0.41507616  0.44980331  0.42189265  0.38190337  0.38190337  0.38842023  0.38842023  0.40162838  0.40832177  0.40832177  0.39499489  0.51673210  0.51673210  0.36268967  0.36903906  0.37544331  0.38190337  0.36903906  0.36268967  0.38190337  0.36903906  0.38190337  0.56496326  0.68166100  0.68166100  0.60770099  0.59895404  0.59030911  0.60770099  0.59895404  0.59030911  0.60770099  0.59895404  0.58176384  0.62551074  0.58176384  0.58176384  0.58176384  0.58176384  0.58176384  0.58176384  0.58176384  0.59030911  0.56496326  0.73193783  0.60770099  0.60770099  0.58176384  0.58176384  0.59895404  0.61655238  0.61655238  0.59895404  0.60770099  0.65305433  0.63457870  0.64375895  0.62551074  0.62551074  0.57331595  0.52455583  0.57331595  0.54853504  0.59030911  0.59895404  0.63457870  0.54045547  0.60770099  0.60770099  0.60770099  0.59895404  0.59895404  0.76382666  0.80859817  0.59030911  0.56496326  0.63457870  0.54045547  0.59030911  0.59030911  0.67200226  0.65305433  0.53246303  0.70136444  0.56496326  0.56496326  0.56496326  0.59030911  0.58176384  0.52455583  0.66246775  0.50132809  0.48623767  0.50132809  0.50899008  0.50132809  0.51673210  0.50899008  0.50899008  0.50132809  0.50899008  0.51673210  0.50132809  0.54045547  0.56496326  0.54853504  0.50132809  0.51673210  0.60770099  0.59895404  0.59030911  0.59030911  0.59895404  0.47144834  0.56496326  
68_13_0    0.37544331  0.42877241  0.40162838  0.38842023  0.36903906  0.36268967  0.49374448  0.50899008  0.50899008  0.53246303  0.44980331  0.51673210  0.43571662  0.44980331  0.00000000  0.00000000  0.01566831  0.01963768  0.12189842  0.36268967  0.41507616  0.44980331  0.42189265  0.38190337  0.38190337  0.38842023  0.38842023  0.40162838  0.40832177  0.40832177  0.39499489  0.51673210  0.51673210  0.36268967  0.36903906  0.37544331  0.38190337  0.36903906  0.36268967  0.38190337  0.36903906  0.38190337  0.56496326  0.68166100  0.68166100  0.60770099  0.59895404  0.59030911  0.60770099  0.59895404  0.59030911  0.60770099  0.59895404  0.58176384  0.62551074  0.58176384  0.58176384  0.58176384  0.58176384  0.58176384  0.58176384  0.58176384  0.59030911  0.56496326  0.73193783  0.60770099  0.60770099  0.58176384  0.58176384  0.59895404  0.61655238  0.61655238  0.59895404  0.60770099  0.65305433  0.63457870  0.64375895  0.62551074  0.62551074  0.57331595  0.52455583  0.57331595  0.54853504  0.59030911  0.59895404  0.63457870  0.54045547  0.60770099  0.60770099  0.60770099  0.59895404  0.59895404  0.76382666  0.80859817  0.59030911  0.56496326  0.63457870  0.54045547  0.59030911  0.59030911  0.67200226  0.65305433  0.53246303  0.70136444  0.56496326  0.56496326  0.56496326  0.59030911  0.58176384  0.52455583  0.66246775  0.50132809  0.48623767  0.50132809  0.50899008  0.50132809  0.51673210  0.50899008  0.50899008  0.50132809  0.50899008  0.51673210  0.50132809  0.54045547  0.56496326  0.54853504  0.50132809  0.51673210  0.60770099  0.59895404  0.59030911  0.59030911  0.59895404  0.47144834  0.56496326  
37_13_0    0.36903906  0.40832177  0.39499489  0.38190337  0.35015175  0.34396143  0.49374448  0.50132809  0.50132809  0.52455583  0.44980331  0.50899008  0.41507616  0.42877241  0.01566831  0.01566831  0.00000000  0.02764078  0.12189842  0.34396143  0.42189265  0.45694832  0.41507616  0.37544331  0.37544331  0.39499489  0.38190337  0.39499489  0.40162838  0.40162838  0.40162838  0.52455583  0.54045547  0.35639420  0.36268967  0.36903906  0.37544331  0.36268967  0.35639420  0.37544331  0.36268967  0.37544331  0.55670364  0.70136444  0.70136444  0.59030911  0.58176384  0.57331595  0.59030911  0.58176384  0.57331595  0.59030911  0.58176384  0.58176384  0.61655238  0.56496326  0.56496326  0.58176384  0.58176384  0.58176384  0.58176384  0.58176384  0.59030911  0.56496326  0.75304390  0.62551074  0.60770099  0.58176384  0.58176384  0.59895404  0.61655238  0.61655238  0.59895404  0.60770099  0.62551074  0.60770099  0.61655238  0.59895404  0.59895404  0.58176384  0.53246303  0.58176384  0.55670364  0.61655238  0.62551074  0.60770099  0.53246303  0.59895404  0.59895404  0.59895404  0.59030911  0.59030911  0.76382666  0.78587445  0.57331595  0.54853504  0.61655238  0.52455583  0.57331595  0.57331595  0.65305433  0.63457870  0.52455583  0.69144726  0.57331595  0.57331595  0.57331595  0.59895404  0.59030911  0.54853504  0.67200226  0.49374448  0.47880613  0.49374448  0.50132809  0.49374448  0.50899008  0.50132809  0.50132809  0.49374448  0.50132809  0.50899008  0.49374448  0.53246303  0.54045547  0.54045547  0.49374448  0.52455583  0.59895404  0.59030911  0.56496326  0.56496326  0.57331595  0.46416288  0.57331595  
51_13_0    0.35639420  0.42189265  0.38190337  0.36903906  0.35015175  0.34396143  0.47880613  0.48623767  0.48623767  0.50899008  0.42877241  0.50132809  0.42189265  0.43571662  0.01963768  0.01963768  0.02764078  0.00000000  0.10384502  0.34396143  0.40162838  0.43571662  0.40832177  0.38190337  0.38190337  0.38842023  0.38842023  0.38842023  0.39499489  0.39499489  0.38190337  0.50132809  0.51673210  0.35639420  0.36268967  0.37544331  0.37544331  0.36268967  0.35639420  0.37544331  0.36268967  0.37544331  0.54853504  0.68166100  0.68166100  0.60770099  0.59895404  0.59030911  0.60770099  0.59895404  0.59895404  0.60770099  0.59895404  0.58176384  0.60770099  0.57331595  0.56496326  0.59030911  0.58176384  0.58176384  0.58176384  0.58176384  0.59030911  0.57331595  0.73193783  0.60770099  0.59030911  0.56496326  0.56496326  0.58176384  0.59895404  0.59895404  0.58176384  0.59030911  0.63457870  0.61655238  0.62551074  0.60770099  0.60770099  0.58176384  0.51673210  0.57331595  0.55670364  0.59030911  0.59895404  0.62551074  0.53246303  0.59895404  0.59895404  0.59895404  0.59030911  0.59030911  0.75304390  0.80859817  0.60770099  0.58176384  0.64375895  0.55670364  0.60770099  0.60770099  0.66246775  0.64375895  0.53246303  0.71141611  0.57331595  0.57331595  0.57331595  0.59895404  0.59030911  0.53246303  0.68166100  0.52455583  0.50899008  0.52455583  0.53246303  0.52455583  0.50899008  0.51673210  0.51673210  0.50899008  0.51673210  0.52455583  0.50899008  0.54853504  0.58176384  0.56496326  0.50899008  0.53246303  0.59895404  0.59895404  0.59030911  0.59030911  0.59030911  0.44980331  0.57331595  
80_13_0    0.36903906  0.38842023  0.38190337  0.38190337  0.36903906  0.36268967  0.44272650  0.46416288  0.45694832  0.47880613  0.44980331  0.51673210  0.40162838  0.40162838  0.12189842  0.12189842  0.12189842  0.10384502  0.00000000  0.35015175  0.43571662  0.42877241  0.42877241  0.40832177  0.40162838  0.42189265  0.40832177  0.40832177  0.41507616  0.41507616  0.38842023  0.52455583  0.48623767  0.36268967  0.38190337  0.36268967  0.38190337  0.36903906  0.36268967  0.37544331  0.38190337  0.38190337  0.58176384  0.73193783  0.74241575  0.65305433  0.65305433  0.65305433  0.65305433  0.64375895  0.61655238  0.65305433  0.64375895  0.62551074  0.66246775  0.62551074  0.63457870  0.62551074  0.66246775  0.66246775  0.66246775  0.66246775  0.67200226  0.59030911  0.77476859  0.71141611  0.66246775  0.65305433  0.62551074  0.64375895  0.63457870  0.67200226  0.63457870  0.64375895  0.68166100  0.65305433  0.70136444  0.66246775  0.66246775  0.60770099  0.59895404  0.59895404  0.59030911  0.64375895  0.65305433  0.63457870  0.54045547  0.56496326  0.56496326  0.56496326  0.55670364  0.55670364  0.74241575  0.84404580  0.62551074  0.61655238  0.67200226  0.59895404  0.64375895  0.62551074  0.65305433  0.63457870  0.50899008  0.77476859  0.56496326  0.56496326  0.56496326  0.54853504  0.54853504  0.53246303  0.70136444  0.53246303  0.51673210  0.54853504  0.54045547  0.53246303  0.49374448  0.50132809  0.50132809  0.47880613  0.48623767  0.50899008  0.51673210  0.51673210  0.59030911  0.55670364  0.49374448  0.50899008  0.56496326  0.60770099  0.55670364  0.55670364  0.55670364  0.48623767  0.60770099  
66_13_0    0.16420173  0.19885897  0.18879046  0.17885688  0.14983070  0.12648132  0.36268967  0.22991203  0.25682184  0.26786539  0.22464534  0.29045868  0.17393956  0.23521641  0.36268967  0.36268967  0.34396143  0.34396143  0.35015175  0.00000000  0.25682184  0.23521641  0.20394498  0.20394498  0.19380762  0.20906613  0.19885897  0.18879046  0.18879046  0.19380762  0.24055902  0.38190337  0.44980331  0.15459015  0.17393956  0.16420173  0.16905465  0.15938036  0.15459015  0.16905465  0.15459015  0.16905465  0.34396143  0.52455583  0.53246303  0.43571662  0.45694832  0.45694832  0.43571662  0.42877241  0.47880613  0.43571662  0.42877241  0.42877241  0.41507616  0.40832177  0.38190337  0.44980331  0.44980331  0.46416288  0.44980331  0.44980331  0.45694832  0.37544331  0.54045547  0.45694832  0.40162838  0.40162838  0.37544331  0.40832177  0.41507616  0.42189265  0.40162838  0.39499489  0.41507616  0.41507616  0.40162838  0.42189265  0.42189265  0.36903906  0.38842023  0.41507616  0.40162838  0.41507616  0.40832177  0.47144834  0.44272650  0.47144834  0.47144834  0.47144834  0.46416288  0.46416288  0.60770099  0.64375895  0.44980331  0.45694832  0.47144834  0.45694832  0.46416288  0.46416288  0.58176384  0.59895404  0.40832177  0.70136444  0.53246303  0.53246303  0.53246303  0.53246303  0.53246303  0.57331595  0.58176384  0.42189265  0.42877241  0.45694832  0.43571662  0.41507616  0.44272650  0.42877241  0.44272650  0.45694832  0.46416288  0.47144834  0.44272650  0.44980331  0.44272650  0.47144834  0.42189265  0.44980331  0.47880613  0.51673210  0.46416288  0.46416288  0.44980331  0.35015175  0.37544331  
62_13_0    0.29045868  0.33173375  0.32569472  0.29621626  0.24594041  0.22991203  0.42877241  0.38842023  0.38190337  0.38842023  0.36903906  0.36268967  0.29621626  0.35015175  0.41507616  0.41507616  0.42189265  0.40162838  0.43571662  0.25682184  0.00000000  0.12648132  0.10831732  0.14040251  0.12189842  0.13109273  0.12648132  0.11281676  0.11281676  0.10831732  0.17885688  0.39499489  0.38190337  0.30201892  0.31376230  0.30201892  0.31970450  0.30786735  0.30201892  0.29045868  0.29621626  0.29045868  0.43571662  0.53246303  0.54045547  0.51673210  0.51673210  0.49374448  0.50899008  0.50132809  0.56496326  0.52455583  0.50132809  0.48623767  0.52455583  0.50899008  0.49374448  0.45694832  0.54045547  0.54045547  0.52455583  0.52455583  0.51673210  0.49374448  0.72160596  0.54045547  0.50899008  0.48623767  0.50899008  0.53246303  0.52455583  0.54045547  0.50899008  0.51673210  0.54045547  0.50899008  0.54853504  0.52455583  0.52455583  0.44980331  0.50132809  0.49374448  0.47880613  0.51673210  0.52455583  0.54853504  0.57331595  0.56496326  0.55670364  0.55670364  0.55670364  0.55670364  0.66246775  0.71141611  0.54045547  0.54853504  0.54853504  0.51673210  0.51673210  0.51673210  0.61655238  0.65305433  0.45694832  0.65305433  0.53246303  0.53246303  0.52455583  0.53246303  0.53246303  0.58176384  0.54045547  0.53246303  0.53246303  0.52455583  0.54045547  0.50899008  0.50899008  0.50899008  0.51673210  0.52455583  0.53246303  0.52455583  0.53246303  0.51673210  0.52455583  0.54045547  0.47144834  0.52455583  0.54045547  0.59030911  0.56496326  0.56496326  0.54045547  0.45694832  0.54045547  
65_13_0    0.30786735  0.33173375  0.32569472  0.30201892  0.27907596  0.25682184  0.36268967  0.32569472  0.33173375  0.34396143  0.33173375  0.35639420  0.27907596  0.32569472  0.44980331  0.44980331  0.45694832  0.43571662  0.42877241  0.23521641  0.12648132  0.00000000  0.07327241  0.12648132  0.10384502  0.10831732  0.09939954  0.09939954  0.09939954  0.10831732  0.15938036  0.38190337  0.38842023  0.30786735  0.33173375  0.28474547  0.31376230  0.31376230  0.30786735  0.30786735  0.30786735  0.30201892  0.42877241  0.63457870  0.63457870  0.56496326  0.57331595  0.57331595  0.57331595  0.56496326  0.59895404  0.59030911  0.56496326  0.54853504  0.54045547  0.53246303  0.53246303  0.50899008  0.59895404  0.59895404  0.59895404  0.59895404  0.59030911  0.54045547  0.78587445  0.57331595  0.55670364  0.54853504  0.55670364  0.57331595  0.57331595  0.59030911  0.55670364  0.54045547  0.53246303  0.51673210  0.54045547  0.54853504  0.54853504  0.47880613  0.49374448  0.47880613  0.46416288  0.54045547  0.54853504  0.56496326  0.57331595  0.57331595  0.56496326  0.56496326  0.56496326  0.56496326  0.64375895  0.73193783  0.56496326  0.59030911  0.59895404  0.59030911  0.55670364  0.55670364  0.71141611  0.74241575  0.44980331  0.76382666  0.54045547  0.54045547  0.54045547  0.54045547  0.54045547  0.60770099  0.58176384  0.50899008  0.50899008  0.51673210  0.52455583  0.48623767  0.50899008  0.50899008  0.50132809  0.50899008  0.53246303  0.52455583  0.52455583  0.50132809  0.54045547  0.55670364  0.44980331  0.52455583  0.53246303  0.59895404  0.54853504  0.54853504  0.50899008  0.44980331  0.52455583  
83_13_0    0.29045868  0.31970450  0.32569472  0.29621626  0.24594041  0.22464534  0.38842023  0.33782237  0.34396143  0.34396143  0.32569472  0.37544331  0.27344948  0.30786735  0.42189265  0.42189265  0.41507616  0.40832177  0.42877241  0.20394498  0.10831732  0.07327241  0.00000000  0.07327241  0.05218194  0.04803491  0.04803491  0.07327241  0.07327241  0.07327241  0.15459015  0.40832177  0.40832177  0.29045868  0.31376230  0.29045868  0.29621626  0.29621626  0.29045868  0.27907596  0.26786539  0.27344948  0.42189265  0.56496326  0.58176384  0.51673210  0.52455583  0.52455583  0.52455583  0.51673210  0.56496326  0.54045547  0.51673210  0.51673210  0.53246303  0.50899008  0.49374448  0.47880613  0.54853504  0.54853504  0.54853504  0.54853504  0.54045547  0.49374448  0.75304390  0.54045547  0.52455583  0.50132809  0.52455583  0.54045547  0.54045547  0.55670364  0.52455583  0.52455583  0.52455583  0.49374448  0.52455583  0.53246303  0.53246303  0.47144834  0.46416288  0.47880613  0.46416288  0.52455583  0.51673210  0.52455583  0.57331595  0.55670364  0.54853504  0.54853504  0.54853504  0.54853504  0.67200226  0.72160596  0.56496326  0.56496326  0.58176384  0.57331595  0.55670364  0.55670364  0.67200226  0.70136444  0.48623767  0.66246775  0.53246303  0.53246303  0.53246303  0.53246303  0.53246303  0.59895404  0.57331595  0.52455583  0.52455583  0.51673210  0.50899008  0.50132809  0.49374448  0.49374448  0.50132809  0.50899008  0.51673210  0.50899008  0.52455583  0.53246303  0.50899008  0.54045547  0.46416288  0.54045547  0.56496326  0.59895404  0.54045547  0.54045547  0.50132809  0.44980331  0.47880613  
38_13_0    0.27907596  0.33173375  0.30201892  0.28474547  0.26786539  0.24594041  0.42189265  0.33173375  0.33782237  0.35015175  0.31376230  0.38190337  0.29045868  0.31376230  0.38190337  0.38190337  0.37544331  0.38190337  0.40832177  0.20394498  0.14040251  0.12648132  0.07327241  0.00000000  0.02764078  0.04803491  0.03980980  0.12189842  0.12189842  0.11281676  0.17885688  0.39499489  0.38190337  0.29621626  0.30201892  0.29621626  0.31376230  0.30201892  0.29621626  0.29045868  0.28474547  0.29045868  0.42877241  0.54045547  0.55670364  0.48623767  0.50132809  0.50132809  0.49374448  0.48623767  0.53246303  0.50899008  0.48623767  0.48623767  0.49374448  0.48623767  0.47144834  0.47144834  0.50132809  0.50132809  0.51673210  0.51673210  0.50899008  0.44272650  0.71141611  0.50899008  0.50899008  0.48623767  0.50132809  0.51673210  0.50899008  0.52455583  0.49374448  0.49374448  0.49374448  0.47144834  0.48623767  0.50132809  0.50132809  0.44272650  0.44980331  0.44272650  0.42877241  0.48623767  0.48623767  0.57331595  0.55670364  0.50899008  0.50899008  0.50899008  0.50132809  0.50132809  0.69144726  0.68166100  0.55670364  0.54853504  0.57331595  0.53246303  0.56496326  0.56496326  0.62551074  0.63457870  0.48623767  0.62551074  0.54853504  0.54853504  0.54853504  0.54853504  0.54853504  0.59030911  0.58176384  0.52455583  0.51673210  0.48623767  0.50132809  0.49374448  0.47880613  0.45694832  0.48623767  0.47880613  0.48623767  0.47880613  0.49374448  0.48623767  0.52455583  0.54045547  0.44272650  0.50899008  0.59030911  0.61655238  0.54045547  0.54045547  0.53246303  0.41507616  0.47880613  
