20
3_0_0      0.00000000  0.00454951  0.00000000  0.24281480  0.23531548  0.23531548  0.22070809  0.22794810  0.22794810  0.31262236  0.31262236  0.31262236  0.28246863  0.28246863  0.27611479  0.27876491  0.31050324  0.27243092  0.22933135  0.30600278  
2_0_0      0.00454951  0.00000000  0.00454951  0.25045086  0.24281480  0.24281480  0.22794810  0.23531548  0.23531548  0.32153242  0.32153242  0.32153242  0.27423179  0.27423179  0.28444658  0.28697613  0.31930480  0.28057497  0.23677459  0.31483379  
1_0_0      0.00000000  0.00454951  0.00000000  0.24281480  0.23531548  0.23531548  0.22070809  0.22794810  0.22794810  0.31262236  0.31262236  0.31262236  0.28246863  0.28246863  0.27611479  0.27876491  0.31050324  0.27243092  0.22933135  0.30600278  
17_0_0     0.24281480  0.25045086  0.24281480  0.00000000  0.00454951  0.05298912  0.04788512  0.03786004  0.03786004  0.25739129  0.24159432  0.24159432  0.19310792  0.19310792  0.19447258  0.16856455  0.22201809  0.20776391  0.21751595  0.22047970  
11_0_0     0.23531548  0.24281480  0.23531548  0.00454951  0.00000000  0.04788512  0.04284258  0.03293608  0.03293608  0.26551899  0.24941832  0.24941832  0.18617062  0.18617062  0.18746807  0.17503880  0.22933135  0.21483035  0.21030859  0.21312568  
5_0_0      0.23531548  0.24281480  0.23531548  0.05298912  0.04788512  0.00000000  0.02325851  0.01379954  0.01379954  0.28226351  0.26551899  0.26551899  0.21463716  0.21463716  0.21621775  0.16856455  0.25207012  0.23677459  0.24765381  0.22796516  
10_0_0     0.22070809  0.22794810  0.22070809  0.04788512  0.04284258  0.02325851  0.00000000  0.00914899  0.00914899  0.29089372  0.27380757  0.27380757  0.20733707  0.20733707  0.20884319  0.17503880  0.24435253  0.22933135  0.22484953  0.22047970  
12_0_0     0.22794810  0.23531548  0.22794810  0.03786004  0.03293608  0.01379954  0.00914899  0.00000000  0.00000000  0.29089372  0.27380757  0.27380757  0.20733707  0.20733707  0.20884319  0.16218887  0.24435253  0.22933135  0.23991359  0.20589858  
4_0_0      0.22794810  0.23531548  0.22794810  0.03786004  0.03293608  0.01379954  0.00914899  0.00000000  0.00000000  0.29089372  0.27380757  0.27380757  0.20733707  0.20733707  0.20884319  0.16218887  0.24435253  0.22933135  0.23991359  0.20589858  
7_0_0      0.31262236  0.32153242  0.31262236  0.25739129  0.26551899  0.28226351  0.29089372  0.29089372  0.29089372  0.00000000  0.01850232  0.01850232  0.19310792  0.19310792  0.17380101  0.28697613  0.26444224  0.26907329  0.24135178  0.33825082  
13_0_0     0.31262236  0.32153242  0.31262236  0.24159432  0.24941832  0.26551899  0.27380757  0.27380757  0.27380757  0.01850232  0.00000000  0.00000000  0.17934638  0.17934638  0.16056591  0.27876491  0.27243092  0.27703786  0.24890802  0.32878959  
9_0_0      0.31262236  0.32153242  0.31262236  0.24159432  0.24941832  0.26551899  0.27380757  0.27380757  0.27380757  0.01850232  0.00000000  0.00000000  0.17934638  0.17934638  0.16056591  0.27876491  0.27243092  0.27703786  0.24890802  0.32878959  
8_0_0      0.28246863  0.27423179  0.28246863  0.19310792  0.18617062  0.21463716  0.20733707  0.20733707  0.20733707  0.19310792  0.17934638  0.17934638  0.00000000  0.00454951  0.04258221  0.23531548  0.31048521  0.29735415  0.26794554  0.29736398  
18_0_0     0.28246863  0.27423179  0.28246863  0.19310792  0.18617062  0.21463716  0.20733707  0.20733707  0.20733707  0.19310792  0.17934638  0.17934638  0.00454951  0.00000000  0.04258221  0.23531548  0.31048521  0.29735415  0.26794554  0.29736398  
19_0_0     0.27611479  0.28444658  0.27611479  0.19447258  0.18746807  0.21621775  0.20884319  0.20884319  0.20884319  0.17380101  0.16056591  0.16056591  0.04258221  0.04258221  0.00000000  0.21483035  0.28650953  0.29087074  0.25376626  0.24941832  
16_0_0     0.27876491  0.28697613  0.27876491  0.16856455  0.17503880  0.16856455  0.17503880  0.16218887  0.16218887  0.28697613  0.27876491  0.27876491  0.23531548  0.23531548  0.21483035  0.00000000  0.18493677  0.16497436  0.17380101  0.21751595  
14_0_0     0.31050324  0.31930480  0.31050324  0.22201809  0.22933135  0.25207012  0.24435253  0.24435253  0.24435253  0.26444224  0.27243092  0.27243092  0.31048521  0.31048521  0.28650953  0.18493677  0.00000000  0.07240136  0.09391845  0.31286472  
6_0_0      0.27243092  0.28057497  0.27243092  0.20776391  0.21483035  0.23677459  0.22933135  0.22933135  0.22933135  0.26907329  0.27703786  0.27703786  0.29735415  0.29735415  0.29087074  0.16497436  0.07240136  0.00000000  0.08843465  0.31286472  
15_0_0     0.22933135  0.23677459  0.22933135  0.21751595  0.21030859  0.24765381  0.22484953  0.23991359  0.23991359  0.24135178  0.24890802  0.24890802  0.26794554  0.26794554  0.25376626  0.17380101  0.09391845  0.08843465  0.00000000  0.25739129  
20_0_0     0.30600278  0.31483379  0.30600278  0.22047970  0.21312568  0.22796516  0.22047970  0.20589858  0.20589858  0.33825082  0.32878959  0.32878959  0.29736398  0.29736398  0.24941832  0.21751595  0.31286472  0.31286472  0.25739129  0.00000000  

