163
26_0_0     0.00000000  0.00000000  0.17457364  0.17950753  0.23605123  0.23072999  0.18447429  0.17457364  0.15515822  0.15515822  0.32079382  0.32079382  0.28004627  0.33285705  0.32680104  0.33285705  0.34511867  0.27440281  0.28573277  0.30305722  0.29723756  0.29146298  0.28004627  0.26880175  0.30305722  0.29723756  0.29723756  0.30892266  0.32079382  0.33285705  0.32079382  0.29146298  0.32680104  0.31483461  0.33285705  0.32680104  0.33285705  0.33285705  0.32680104  0.33896265  0.26880175  0.26880175  0.30892266  0.30305722  0.30892266  0.33285705  0.32680104  0.34511867  0.34511867  0.32680104  0.28573277  0.27440281  0.28573277  0.29146298  0.33285705  0.33285705  0.32680104  0.31483461  0.30892266  0.34511867  0.34511867  0.34511867  0.34511867  0.33285705  0.36389768  0.37668505  0.45122732  0.45122732  0.42325121  0.42325121  0.44413426  0.43014744  0.48774152  0.45122732  0.45122732  0.46561913  0.43014744  0.43014744  0.43014744  0.42325121  0.50286307  0.47292057  0.41641818  0.44413426  0.45122732  0.36389768  0.35758531  0.32680104  0.33285705  0.43014744  0.40293716  0.40964720  0.44413426  0.41641818  0.35758531  0.28573277  0.32079382  0.32079382  0.32079382  0.30892266  0.32079382  0.36389768  0.35758531  0.35758531  0.34511867  0.35132593  0.33896265  0.33896265  0.34511867  0.34511867  0.32680104  0.33285705  0.34511867  0.39628697  0.37668505  0.34511867  0.36389768  0.40293716  0.40293716  0.39628697  0.40293716  0.40293716  0.35132593  0.38969557  0.38316193  0.38969557  0.33285705  0.30305722  0.31483461  0.32680104  0.33896265  0.40293716  0.38969557  0.38969557  0.39628697  0.42325121  0.40964720  0.48774152  0.48029422  0.37668505  0.37668505  0.38316193  0.38316193  0.40293716  0.42325121  0.43014744  0.37026395  0.37668505  0.35758531  0.33285705  0.34511867  0.34511867  0.35132593  0.34511867  0.40293716  0.40964720  0.33285705  0.33896265  0.33285705  0.29723756  0.26880175  0.27440281  0.34511867  
87_0_0     0.00000000  0.00000000  0.17457364  0.17950753  0.23605123  0.23072999  0.18447429  0.17457364  0.15515822  0.15515822  0.32079382  0.32079382  0.28004627  0.33285705  0.32680104  0.33285705  0.34511867  0.27440281  0.28573277  0.30305722  0.29723756  0.29146298  0.28004627  0.26880175  0.30305722  0.29723756  0.29723756  0.30892266  0.32079382  0.33285705  0.32079382  0.29146298  0.32680104  0.31483461  0.33285705  0.32680104  0.33285705  0.33285705  0.32680104  0.33896265  0.26880175  0.26880175  0.30892266  0.30305722  0.30892266  0.33285705  0.32680104  0.34511867  0.34511867  0.32680104  0.28573277  0.27440281  0.28573277  0.29146298  0.33285705  0.33285705  0.32680104  0.31483461  0.30892266  0.34511867  0.34511867  0.34511867  0.34511867  0.33285705  0.36389768  0.37668505  0.45122732  0.45122732  0.42325121  0.42325121  0.44413426  0.43014744  0.48774152  0.45122732  0.45122732  0.46561913  0.43014744  0.43014744  0.43014744  0.42325121  0.50286307  0.47292057  0.41641818  0.44413426  0.45122732  0.36389768  0.35758531  0.32680104  0.33285705  0.43014744  0.40293716  0.40964720  0.44413426  0.41641818  0.35758531  0.28573277  0.32079382  0.32079382  0.32079382  0.30892266  0.32079382  0.36389768  0.35758531  0.35758531  0.34511867  0.35132593  0.33896265  0.33896265  0.34511867  0.34511867  0.32680104  0.33285705  0.34511867  0.39628697  0.37668505  0.34511867  0.36389768  0.40293716  0.40293716  0.39628697  0.40293716  0.40293716  0.35132593  0.38969557  0.38316193  0.38969557  0.33285705  0.30305722  0.31483461  0.32680104  0.33896265  0.40293716  0.38969557  0.38969557  0.39628697  0.42325121  0.40964720  0.48774152  0.48029422  0.37668505  0.37668505  0.38316193  0.38316193  0.40293716  0.42325121  0.43014744  0.37026395  0.37668505  0.35758531  0.33285705  0.34511867  0.34511867  0.35132593  0.34511867  0.40293716  0.40964720  0.33285705  0.33896265  0.33285705  0.29723756  0.26880175  0.27440281  0.34511867  
87_25_0    0.17457364  0.17457364  0.00000000  0.00390124  0.15996488  0.16480273  0.15515822  0.14563687  0.13623558  0.14563687  0.25772429  0.26324245  0.24141072  0.29723756  0.31483461  0.30892266  0.26324245  0.25224668  0.26324245  0.25224668  0.24680901  0.22544645  0.23072999  0.23072999  0.22020010  0.22544645  0.22544645  0.22544645  0.22544645  0.23605123  0.22544645  0.23072999  0.29146298  0.29146298  0.28004627  0.25772429  0.26324245  0.26324245  0.25772429  0.28004627  0.26880175  0.26880175  0.28573277  0.30305722  0.27440281  0.27440281  0.28004627  0.29723756  0.29723756  0.28004627  0.25772429  0.26880175  0.26880175  0.29723756  0.33896265  0.33896265  0.32079382  0.28573277  0.26880175  0.29146298  0.29146298  0.29146298  0.29146298  0.29723756  0.35758531  0.35758531  0.37668505  0.37668505  0.35132593  0.35132593  0.35758531  0.33285705  0.34511867  0.37026395  0.35758531  0.39628697  0.32079382  0.34511867  0.34511867  0.33896265  0.39628697  0.39628697  0.34511867  0.34511867  0.33896265  0.27440281  0.27440281  0.27440281  0.26880175  0.39628697  0.42325121  0.41641818  0.40964720  0.39628697  0.31483461  0.23072999  0.25772429  0.25772429  0.25772429  0.25772429  0.25224668  0.27440281  0.26880175  0.27440281  0.26324245  0.28004627  0.28004627  0.28004627  0.28573277  0.30892266  0.29723756  0.31483461  0.30892266  0.35132593  0.35758531  0.29723756  0.32079382  0.32079382  0.32079382  0.31483461  0.32079382  0.32079382  0.27440281  0.31483461  0.34511867  0.35132593  0.30305722  0.29723756  0.30892266  0.28573277  0.29723756  0.31483461  0.33285705  0.33285705  0.31483461  0.30305722  0.30305722  0.36389768  0.36389768  0.30305722  0.30305722  0.26880175  0.26880175  0.28573277  0.32680104  0.33285705  0.28004627  0.28573277  0.28004627  0.29146298  0.29146298  0.29146298  0.29723756  0.29146298  0.32079382  0.32680104  0.28004627  0.27440281  0.30305722  0.24141072  0.21499041  0.22020010  0.26880175  
26_25_0    0.17950753  0.17950753  0.00390124  0.00000000  0.16480273  0.16967218  0.15996488  0.15038235  0.14092141  0.15038235  0.25224668  0.25772429  0.23605123  0.29146298  0.30892266  0.30305722  0.25772429  0.24680901  0.25772429  0.24680901  0.24141072  0.22020010  0.22544645  0.22544645  0.22544645  0.23072999  0.23072999  0.22020010  0.22020010  0.23072999  0.22020010  0.22544645  0.29723756  0.29723756  0.28573277  0.26324245  0.26880175  0.26880175  0.26324245  0.28573277  0.27440281  0.27440281  0.28004627  0.29723756  0.26880175  0.28004627  0.28004627  0.29723756  0.29723756  0.28004627  0.26324245  0.27440281  0.27440281  0.29146298  0.33285705  0.33285705  0.32680104  0.29146298  0.27440281  0.29723756  0.29723756  0.29723756  0.29723756  0.30305722  0.35132593  0.35132593  0.38316193  0.38316193  0.35758531  0.35758531  0.36389768  0.33896265  0.35132593  0.37668505  0.36389768  0.40293716  0.32680104  0.35132593  0.35132593  0.34511867  0.38969557  0.40293716  0.35132593  0.35132593  0.34511867  0.26880175  0.26880175  0.26880175  0.26324245  0.38969557  0.43014744  0.42325121  0.41641818  0.40293716  0.30892266  0.23605123  0.25224668  0.25224668  0.25224668  0.25224668  0.24680901  0.28004627  0.27440281  0.28004627  0.26880175  0.28573277  0.28573277  0.28573277  0.29146298  0.31483461  0.30305722  0.32079382  0.31483461  0.35758531  0.36389768  0.30305722  0.32680104  0.31483461  0.31483461  0.30892266  0.31483461  0.31483461  0.26880175  0.32079382  0.35132593  0.35758531  0.30892266  0.30305722  0.31483461  0.29146298  0.30305722  0.32079382  0.33896265  0.33896265  0.32079382  0.30892266  0.30892266  0.35758531  0.35758531  0.30892266  0.30892266  0.26324245  0.26324245  0.28004627  0.33285705  0.33896265  0.27440281  0.28004627  0.28573277  0.29723756  0.29723756  0.29723756  0.30305722  0.29723756  0.32680104  0.33285705  0.28573277  0.28004627  0.30892266  0.23605123  0.20981686  0.21499041  0.26324245  
26_24_0    0.23605123  0.23605123  0.15996488  0.16480273  0.00000000  0.00390124  0.10423434  0.09533786  0.16480273  0.15515822  0.33285705  0.32680104  0.26880175  0.30305722  0.32079382  0.31483461  0.30305722  0.27440281  0.28573277  0.27440281  0.26880175  0.25772429  0.29723756  0.30892266  0.29723756  0.30305722  0.30305722  0.26880175  0.29146298  0.30305722  0.29723756  0.28004627  0.30892266  0.34511867  0.28573277  0.29723756  0.31483461  0.31483461  0.30892266  0.32079382  0.27440281  0.27440281  0.30892266  0.30892266  0.29723756  0.30305722  0.32079382  0.32680104  0.32680104  0.30892266  0.29146298  0.30305722  0.30305722  0.34511867  0.37026395  0.37026395  0.33285705  0.32079382  0.31483461  0.31483461  0.31483461  0.31483461  0.33285705  0.32680104  0.38969557  0.35758531  0.44413426  0.44413426  0.43014744  0.41641818  0.42325121  0.40964720  0.43014744  0.43014744  0.45838850  0.45838850  0.42325121  0.45122732  0.46561913  0.45838850  0.50286307  0.52613646  0.45122732  0.43710805  0.44413426  0.40964720  0.40964720  0.38316193  0.38969557  0.51829767  0.51054043  0.50286307  0.51054043  0.50286307  0.39628697  0.32680104  0.35758531  0.35758531  0.35758531  0.35758531  0.35132593  0.38316193  0.38969557  0.36389768  0.36389768  0.42325121  0.42325121  0.40964720  0.41641818  0.35132593  0.32079382  0.37026395  0.38969557  0.40293716  0.42325121  0.34511867  0.38969557  0.43014744  0.43014744  0.42325121  0.43014744  0.43014744  0.38316193  0.39628697  0.41641818  0.40293716  0.36389768  0.32680104  0.33285705  0.33285705  0.34511867  0.35758531  0.43014744  0.43014744  0.42325121  0.39628697  0.38316193  0.40964720  0.40964720  0.37668505  0.37668505  0.35758531  0.35758531  0.37668505  0.38969557  0.39628697  0.37668505  0.38316193  0.36389768  0.37668505  0.38969557  0.38969557  0.39628697  0.38969557  0.40293716  0.40964720  0.35132593  0.35758531  0.39628697  0.32680104  0.31483461  0.29723756  0.39628697  
87_24_0    0.23072999  0.23072999  0.16480273  0.16967218  0.00390124  0.00000000  0.09977283  0.09092911  0.15996488  0.15038235  0.32680104  0.32079382  0.27440281  0.29723756  0.32680104  0.32079382  0.30892266  0.28004627  0.29146298  0.28004627  0.27440281  0.26324245  0.29146298  0.30305722  0.30305722  0.30892266  0.30892266  0.27440281  0.29723756  0.30892266  0.30305722  0.28573277  0.31483461  0.33896265  0.28004627  0.29146298  0.30892266  0.30892266  0.30305722  0.31483461  0.26880175  0.26880175  0.30305722  0.30305722  0.29723756  0.30305722  0.32079382  0.32680104  0.32680104  0.30892266  0.29723756  0.29723756  0.30892266  0.33896265  0.37668505  0.37668505  0.32680104  0.31483461  0.30892266  0.30892266  0.30892266  0.30892266  0.32680104  0.33285705  0.38316193  0.35132593  0.44413426  0.44413426  0.43014744  0.41641818  0.42325121  0.40964720  0.43014744  0.43014744  0.45838850  0.45838850  0.42325121  0.45122732  0.46561913  0.45838850  0.50286307  0.52613646  0.45122732  0.43710805  0.44413426  0.40964720  0.40293716  0.38316193  0.38969557  0.51829767  0.51054043  0.50286307  0.51054043  0.50286307  0.39628697  0.32680104  0.35758531  0.35758531  0.35758531  0.35758531  0.35132593  0.38316193  0.38969557  0.36389768  0.36389768  0.42325121  0.42325121  0.40964720  0.41641818  0.35132593  0.32079382  0.37026395  0.38969557  0.40293716  0.42325121  0.34511867  0.38969557  0.43014744  0.43014744  0.42325121  0.43014744  0.43014744  0.38316193  0.39628697  0.41641818  0.40293716  0.36389768  0.32680104  0.33285705  0.33285705  0.34511867  0.35758531  0.43014744  0.43014744  0.42325121  0.39628697  0.38316193  0.40964720  0.40964720  0.37668505  0.37668505  0.35758531  0.35758531  0.37668505  0.38969557  0.39628697  0.37668505  0.38316193  0.36389768  0.37668505  0.38969557  0.38969557  0.39628697  0.38969557  0.40293716  0.40964720  0.35132593  0.35758531  0.39628697  0.32680104  0.31483461  0.29723756  0.39628697  
26_26_0    0.18447429  0.18447429  0.15515822  0.15996488  0.10423434  0.09977283  0.00000000  0.00782300  0.15996488  0.14092141  0.33285705  0.33285705  0.26324245  0.31483461  0.34511867  0.33896265  0.32680104  0.25224668  0.26324245  0.28573277  0.28004627  0.25772429  0.26324245  0.25224668  0.29723756  0.29146298  0.29146298  0.29723756  0.30305722  0.30305722  0.31483461  0.29723756  0.31483461  0.33896265  0.26880175  0.28004627  0.29723756  0.29723756  0.28004627  0.28573277  0.25772429  0.25772429  0.28573277  0.29146298  0.28573277  0.26324245  0.26880175  0.28573277  0.28573277  0.25772429  0.28004627  0.28004627  0.30305722  0.26880175  0.35758531  0.35758531  0.32079382  0.32680104  0.30892266  0.33285705  0.33285705  0.33285705  0.35132593  0.33285705  0.36389768  0.35132593  0.40293716  0.40293716  0.39628697  0.38316193  0.41641818  0.37668505  0.41641818  0.40964720  0.38316193  0.39628697  0.38316193  0.42325121  0.42325121  0.41641818  0.47292057  0.45122732  0.40964720  0.37026395  0.37668505  0.35132593  0.34511867  0.31483461  0.32079382  0.50286307  0.47292057  0.46561913  0.48774152  0.50286307  0.43710805  0.30305722  0.30892266  0.30892266  0.30892266  0.30892266  0.30305722  0.30892266  0.31483461  0.33896265  0.33896265  0.33285705  0.34511867  0.34511867  0.35132593  0.31483461  0.29723756  0.33896265  0.35132593  0.37668505  0.35758531  0.31483461  0.32079382  0.34511867  0.34511867  0.35132593  0.34511867  0.34511867  0.30892266  0.35758531  0.37026395  0.37026395  0.31483461  0.29723756  0.30892266  0.33285705  0.34511867  0.34511867  0.37026395  0.37026395  0.37668505  0.36389768  0.35132593  0.37026395  0.36389768  0.35758531  0.35758531  0.33285705  0.33285705  0.33896265  0.37026395  0.36389768  0.33285705  0.33896265  0.32079382  0.30892266  0.30892266  0.30892266  0.31483461  0.30892266  0.36389768  0.37026395  0.29146298  0.29723756  0.33285705  0.30305722  0.29146298  0.29723756  0.33285705  
87_26_0    0.17457364  0.17457364  0.14563687  0.15038235  0.09533786  0.09092911  0.00782300  0.00000000  0.15996488  0.14092141  0.32680104  0.32680104  0.25772429  0.30892266  0.33896265  0.33285705  0.32079382  0.25772429  0.26880175  0.29146298  0.28573277  0.26324245  0.25772429  0.25772429  0.30305722  0.29723756  0.29723756  0.29146298  0.29723756  0.30892266  0.30892266  0.29146298  0.30892266  0.33285705  0.26324245  0.27440281  0.29146298  0.29146298  0.27440281  0.28004627  0.25224668  0.25224668  0.28004627  0.28573277  0.27440281  0.26324245  0.26880175  0.28573277  0.28573277  0.25772429  0.28004627  0.28004627  0.29146298  0.28004627  0.34511867  0.34511867  0.32079382  0.31483461  0.30892266  0.33285705  0.33285705  0.33285705  0.33896265  0.33285705  0.35132593  0.35132593  0.40293716  0.40293716  0.39628697  0.38316193  0.41641818  0.37668505  0.41641818  0.40964720  0.38316193  0.39628697  0.37026395  0.40964720  0.40964720  0.40293716  0.45838850  0.45122732  0.40964720  0.37026395  0.37668505  0.33896265  0.33285705  0.31483461  0.32079382  0.48774152  0.45838850  0.45122732  0.47292057  0.48774152  0.42325121  0.30305722  0.30892266  0.30892266  0.30892266  0.29723756  0.30305722  0.30305722  0.30892266  0.33285705  0.33285705  0.32680104  0.33896265  0.33896265  0.34511867  0.31483461  0.29723756  0.33896265  0.35132593  0.37668505  0.35758531  0.31483461  0.32079382  0.34511867  0.34511867  0.35132593  0.34511867  0.34511867  0.30892266  0.35758531  0.36389768  0.35758531  0.30305722  0.28573277  0.29723756  0.32079382  0.33285705  0.33285705  0.35758531  0.35758531  0.36389768  0.35132593  0.33896265  0.37668505  0.37026395  0.34511867  0.34511867  0.32079382  0.32079382  0.33896265  0.35758531  0.35132593  0.32079382  0.32680104  0.30892266  0.29723756  0.29723756  0.29723756  0.30305722  0.29723756  0.35132593  0.35758531  0.28004627  0.28573277  0.32680104  0.29146298  0.28004627  0.28573277  0.33285705  
18_0_0     0.15515822  0.15515822  0.13623558  0.14092141  0.16480273  0.15996488  0.15996488  0.15996488  0.00000000  0.02371963  0.26880175  0.26324245  0.24680901  0.29723756  0.29146298  0.28573277  0.26324245  0.24680901  0.25772429  0.25224668  0.24680901  0.23605123  0.22020010  0.22020010  0.22020010  0.23605123  0.23605123  0.23072999  0.23605123  0.23605123  0.25772429  0.24141072  0.26880175  0.28004627  0.29146298  0.28004627  0.28573277  0.28573277  0.28004627  0.30305722  0.21499041  0.21499041  0.26880175  0.26324245  0.26880175  0.30305722  0.30892266  0.33896265  0.33896265  0.30892266  0.25772429  0.25772429  0.25772429  0.28573277  0.30305722  0.30305722  0.28573277  0.25772429  0.26880175  0.27440281  0.27440281  0.27440281  0.29146298  0.28004627  0.33896265  0.30305722  0.39628697  0.39628697  0.37026395  0.37026395  0.39628697  0.37668505  0.40293716  0.40964720  0.43014744  0.44413426  0.38969557  0.38969557  0.38969557  0.38316193  0.45838850  0.41641818  0.37668505  0.37668505  0.39628697  0.33896265  0.33285705  0.32680104  0.32079382  0.46561913  0.47292057  0.48029422  0.45838850  0.45122732  0.35758531  0.27440281  0.30305722  0.30305722  0.30305722  0.30305722  0.29723756  0.32680104  0.33285705  0.32680104  0.32680104  0.34511867  0.34511867  0.34511867  0.35132593  0.33896265  0.32079382  0.35132593  0.35132593  0.34511867  0.40293716  0.33896265  0.37026395  0.39628697  0.39628697  0.38969557  0.39628697  0.39628697  0.35758531  0.39628697  0.43014744  0.40293716  0.37668505  0.34511867  0.37026395  0.37026395  0.38316193  0.36389768  0.40293716  0.40293716  0.40964720  0.39628697  0.38316193  0.37668505  0.37026395  0.34511867  0.34511867  0.34511867  0.34511867  0.36389768  0.40293716  0.40964720  0.35758531  0.36389768  0.34511867  0.32680104  0.33896265  0.33896265  0.34511867  0.33896265  0.38316193  0.38969557  0.32680104  0.33285705  0.35132593  0.28573277  0.25772429  0.25224668  0.32680104  
22_0_0     0.15515822  0.15515822  0.14563687  0.15038235  0.15515822  0.15038235  0.14092141  0.14092141  0.02371963  0.00000000  0.30305722  0.29723756  0.26880175  0.32079382  0.31483461  0.30892266  0.28573277  0.25772429  0.26880175  0.26324245  0.25772429  0.24680901  0.24680901  0.23605123  0.24680901  0.25224668  0.25224668  0.25772429  0.26324245  0.26324245  0.28573277  0.25772429  0.26880175  0.28004627  0.30305722  0.29146298  0.29723756  0.29723756  0.29146298  0.29146298  0.23605123  0.23605123  0.29146298  0.28573277  0.28004627  0.31483461  0.32079382  0.35132593  0.35132593  0.32079382  0.25772429  0.25772429  0.26880175  0.29146298  0.30305722  0.30305722  0.29723756  0.26880175  0.28004627  0.28573277  0.28573277  0.28573277  0.30305722  0.29146298  0.33896265  0.30305722  0.38316193  0.38316193  0.35758531  0.35758531  0.37026395  0.36389768  0.40293716  0.39628697  0.40964720  0.42325121  0.37668505  0.37668505  0.37668505  0.37026395  0.43014744  0.41641818  0.37668505  0.36389768  0.38316193  0.33896265  0.33285705  0.31483461  0.32079382  0.49526396  0.48774152  0.48029422  0.50286307  0.49526396  0.37026395  0.28573277  0.30305722  0.30305722  0.30305722  0.30305722  0.29723756  0.32680104  0.33285705  0.32680104  0.32680104  0.35758531  0.35758531  0.35758531  0.36389768  0.33896265  0.32079382  0.35132593  0.35132593  0.37026395  0.40293716  0.33896265  0.37026395  0.40964720  0.40964720  0.40293716  0.40964720  0.40964720  0.35758531  0.40964720  0.41641818  0.41641818  0.38969557  0.34511867  0.37026395  0.38316193  0.39628697  0.38316193  0.40293716  0.40293716  0.40964720  0.39628697  0.38316193  0.40293716  0.39628697  0.34511867  0.34511867  0.35758531  0.35758531  0.37668505  0.40964720  0.41641818  0.37026395  0.37668505  0.35758531  0.30305722  0.31483461  0.31483461  0.32079382  0.31483461  0.38316193  0.38969557  0.33896265  0.34511867  0.36389768  0.28573277  0.26880175  0.26324245  0.32680104  
74_3_0     0.32079382  0.32079382  0.25772429  0.25224668  0.33285705  0.32680104  0.33285705  0.32680104  0.26880175  0.30305722  0.00000000  0.02774732  0.19450819  0.22020010  0.24141072  0.23605123  0.25772429  0.23605123  0.24680901  0.25772429  0.25224668  0.23605123  0.19957624  0.22020010  0.19957624  0.21499041  0.21499041  0.20467897  0.21499041  0.22544645  0.22544645  0.22020010  0.34511867  0.33285705  0.31483461  0.31483461  0.30892266  0.30892266  0.30305722  0.33285705  0.26880175  0.26880175  0.30892266  0.29723756  0.25224668  0.31483461  0.31483461  0.32680104  0.32680104  0.30892266  0.32079382  0.33285705  0.32680104  0.36389768  0.31483461  0.31483461  0.32680104  0.30305722  0.30305722  0.31483461  0.31483461  0.31483461  0.30305722  0.31483461  0.35132593  0.37668505  0.44413426  0.44413426  0.41641818  0.44413426  0.42325121  0.40293716  0.43710805  0.44413426  0.41641818  0.44413426  0.39628697  0.38316193  0.39628697  0.38969557  0.38969557  0.40964720  0.36389768  0.38316193  0.41641818  0.35132593  0.34511867  0.34511867  0.33896265  0.51829767  0.46561913  0.47292057  0.44413426  0.43014744  0.36389768  0.35132593  0.33285705  0.33285705  0.33285705  0.33285705  0.32680104  0.34511867  0.33896265  0.36389768  0.35132593  0.33896265  0.33285705  0.33285705  0.33896265  0.38969557  0.39628697  0.40293716  0.38969557  0.41641818  0.40293716  0.37668505  0.31483461  0.35132593  0.35132593  0.35758531  0.35132593  0.35132593  0.31483461  0.40964720  0.45838850  0.45838850  0.36389768  0.34511867  0.34511867  0.35132593  0.35758531  0.35132593  0.36389768  0.36389768  0.34511867  0.34511867  0.33285705  0.40964720  0.40964720  0.37668505  0.37668505  0.31483461  0.31483461  0.30892266  0.38316193  0.39628697  0.34511867  0.35132593  0.35758531  0.33285705  0.33896265  0.33896265  0.34511867  0.33896265  0.33285705  0.32680104  0.32079382  0.31483461  0.33896265  0.32680104  0.30892266  0.31483461  0.33896265  
14_3_0     0.32079382  0.32079382  0.26324245  0.25772429  0.32680104  0.32079382  0.33285705  0.32680104  0.26324245  0.29723756  0.02774732  0.00000000  0.19450819  0.22020010  0.24141072  0.23605123  0.25772429  0.22544645  0.23605123  0.24680901  0.24141072  0.22544645  0.18947436  0.20981686  0.18947436  0.20467897  0.20467897  0.18447429  0.20467897  0.21499041  0.22544645  0.20981686  0.34511867  0.34511867  0.31483461  0.32680104  0.32079382  0.32079382  0.31483461  0.34511867  0.25772429  0.25772429  0.29723756  0.28573277  0.23605123  0.29723756  0.29723756  0.32079382  0.32079382  0.29146298  0.31483461  0.32680104  0.32079382  0.34511867  0.30892266  0.30892266  0.32079382  0.28573277  0.29723756  0.30892266  0.30892266  0.30892266  0.29723756  0.29723756  0.34511867  0.35758531  0.43710805  0.43710805  0.39628697  0.41641818  0.39628697  0.38316193  0.40293716  0.42325121  0.39628697  0.42325121  0.37668505  0.36389768  0.37668505  0.37026395  0.37026395  0.38969557  0.34511867  0.36389768  0.39628697  0.33285705  0.32680104  0.32680104  0.32079382  0.48029422  0.44413426  0.45122732  0.42325121  0.40964720  0.35758531  0.35132593  0.33285705  0.33285705  0.33285705  0.33285705  0.32680104  0.35132593  0.34511867  0.37026395  0.35758531  0.33285705  0.33896265  0.33896265  0.34511867  0.38316193  0.37668505  0.39628697  0.38316193  0.40964720  0.39628697  0.37026395  0.32079382  0.35758531  0.35758531  0.36389768  0.35758531  0.35758531  0.32079382  0.39628697  0.45122732  0.43710805  0.34511867  0.32680104  0.32680104  0.33285705  0.33896265  0.33285705  0.34511867  0.34511867  0.32680104  0.32680104  0.31483461  0.37668505  0.37668505  0.37668505  0.37668505  0.30305722  0.30305722  0.29723756  0.35758531  0.37026395  0.33285705  0.33896265  0.34511867  0.31483461  0.32079382  0.32079382  0.32680104  0.32079382  0.31483461  0.30892266  0.30305722  0.29723756  0.33285705  0.32079382  0.30305722  0.30892266  0.35758531  
55_13_0    0.28004627  0.28004627  0.24141072  0.23605123  0.26880175  0.27440281  0.26324245  0.25772429  0.24680901  0.26880175  0.19450819  0.19450819  0.00000000  0.13157902  0.10872271  0.10423434  0.12235225  0.12695136  0.13623558  0.12695136  0.12235225  0.11778133  0.12235225  0.13157902  0.14563687  0.15038235  0.15038235  0.10872271  0.09977283  0.10872271  0.13623558  0.11323826  0.24680901  0.24680901  0.24680901  0.25772429  0.27440281  0.27440281  0.25772429  0.28004627  0.20981686  0.20981686  0.24680901  0.24141072  0.22020010  0.24141072  0.24141072  0.25772429  0.25772429  0.24141072  0.22544645  0.23605123  0.23072999  0.25772429  0.25224668  0.25224668  0.22020010  0.23605123  0.23605123  0.25224668  0.25224668  0.25224668  0.24141072  0.22020010  0.25772429  0.30305722  0.34511867  0.34511867  0.33285705  0.32680104  0.41641818  0.33285705  0.37026395  0.37668505  0.40964720  0.42325121  0.36389768  0.36389768  0.36389768  0.35758531  0.37026395  0.37668505  0.32079382  0.35132593  0.38316193  0.32079382  0.32079382  0.32680104  0.32079382  0.45838850  0.48774152  0.49526396  0.47292057  0.44413426  0.35758531  0.28004627  0.27440281  0.27440281  0.27440281  0.26880175  0.26880175  0.28004627  0.28573277  0.24680901  0.24680901  0.29146298  0.28004627  0.28004627  0.28573277  0.35132593  0.33896265  0.35758531  0.33896265  0.33896265  0.38969557  0.32680104  0.28573277  0.33285705  0.33285705  0.32680104  0.33285705  0.33285705  0.30305722  0.34511867  0.33285705  0.31483461  0.30305722  0.29723756  0.32079382  0.31483461  0.32079382  0.34511867  0.37668505  0.37668505  0.38316193  0.35758531  0.34511867  0.40293716  0.40293716  0.32079382  0.32079382  0.29723756  0.29723756  0.28573277  0.32079382  0.32680104  0.27440281  0.28004627  0.27440281  0.35132593  0.35758531  0.35758531  0.36389768  0.35758531  0.34511867  0.33896265  0.30892266  0.30305722  0.32680104  0.28004627  0.26880175  0.26324245  0.27440281  
100_14_0   0.33285705  0.33285705  0.29723756  0.29146298  0.30305722  0.29723756  0.31483461  0.30892266  0.29723756  0.32079382  0.22020010  0.22020010  0.13157902  0.00000000  0.04407924  0.03996260  0.07355028  0.15996488  0.16967218  0.21499041  0.20981686  0.20467897  0.14563687  0.14563687  0.17457364  0.17950753  0.17950753  0.14092141  0.14092141  0.15038235  0.13623558  0.13623558  0.25772429  0.26880175  0.28573277  0.27440281  0.30305722  0.30305722  0.28573277  0.30892266  0.23605123  0.23605123  0.25772429  0.24141072  0.25772429  0.26324245  0.26324245  0.28004627  0.28004627  0.26324245  0.29146298  0.28004627  0.27440281  0.30892266  0.29146298  0.29146298  0.25224668  0.25772429  0.25772429  0.26880175  0.26880175  0.26880175  0.28573277  0.25772429  0.29723756  0.32079382  0.40964720  0.40964720  0.37668505  0.39628697  0.45122732  0.37026395  0.40293716  0.40964720  0.43014744  0.40964720  0.38969557  0.40293716  0.41641818  0.40964720  0.42325121  0.44413426  0.37026395  0.37668505  0.42325121  0.37026395  0.36389768  0.37668505  0.37026395  0.52613646  0.48029422  0.48774152  0.49526396  0.45122732  0.37668505  0.35758531  0.34511867  0.34511867  0.34511867  0.33285705  0.33896265  0.34511867  0.35132593  0.34511867  0.34511867  0.35758531  0.35758531  0.34511867  0.35132593  0.38969557  0.37026395  0.36389768  0.38316193  0.38316193  0.40293716  0.34511867  0.33285705  0.35758531  0.35758531  0.35132593  0.35758531  0.35758531  0.32680104  0.45838850  0.43014744  0.39628697  0.34511867  0.32079382  0.32079382  0.30892266  0.31483461  0.40293716  0.40964720  0.40964720  0.40293716  0.36389768  0.37668505  0.45122732  0.44413426  0.38316193  0.38316193  0.32079382  0.32079382  0.31483461  0.35758531  0.35758531  0.32079382  0.31483461  0.32079382  0.36389768  0.37026395  0.37026395  0.37668505  0.37026395  0.36389768  0.35758531  0.33896265  0.33285705  0.35758531  0.32079382  0.30305722  0.32079382  0.33896265  
100_15_0   0.32680104  0.32680104  0.31483461  0.30892266  0.32079382  0.32680104  0.34511867  0.33896265  0.29146298  0.31483461  0.24141072  0.24141072  0.10872271  0.04407924  0.00000000  0.00390124  0.06926814  0.15515822  0.16480273  0.19957624  0.19450819  0.18947436  0.15996488  0.16967218  0.17950753  0.18447429  0.18447429  0.14563687  0.13623558  0.14563687  0.14563687  0.14092141  0.26324245  0.26324245  0.32680104  0.30305722  0.33285705  0.33285705  0.31483461  0.33896265  0.24141072  0.24141072  0.26324245  0.26324245  0.26880175  0.26324245  0.26324245  0.28004627  0.28004627  0.26324245  0.28004627  0.28004627  0.26324245  0.32079382  0.26880175  0.26880175  0.25224668  0.25224668  0.26324245  0.28573277  0.28573277  0.28573277  0.26880175  0.24680901  0.30892266  0.29723756  0.40964720  0.40964720  0.38316193  0.40293716  0.45838850  0.38969557  0.43014744  0.43014744  0.44413426  0.44413426  0.40964720  0.40964720  0.42325121  0.41641818  0.44413426  0.45122732  0.37668505  0.39628697  0.43014744  0.37668505  0.37668505  0.37026395  0.36389768  0.49526396  0.50286307  0.51054043  0.49526396  0.45838850  0.38316193  0.36389768  0.34511867  0.34511867  0.34511867  0.33285705  0.33896265  0.33896265  0.34511867  0.33896265  0.33896265  0.33896265  0.33896265  0.32680104  0.33285705  0.40964720  0.39628697  0.38316193  0.39628697  0.39628697  0.43014744  0.37026395  0.33285705  0.35132593  0.35132593  0.34511867  0.35132593  0.35132593  0.32680104  0.43710805  0.40293716  0.36389768  0.35758531  0.33285705  0.34511867  0.33896265  0.33896265  0.40293716  0.40964720  0.40964720  0.41641818  0.37668505  0.38969557  0.45122732  0.44413426  0.37026395  0.37026395  0.33285705  0.33285705  0.32680104  0.35758531  0.35758531  0.31483461  0.30892266  0.31483461  0.37026395  0.37668505  0.37668505  0.38316193  0.37668505  0.38316193  0.37668505  0.33896265  0.33285705  0.33896265  0.32079382  0.30305722  0.30892266  0.32079382  
100_13_0   0.33285705  0.33285705  0.30892266  0.30305722  0.31483461  0.32079382  0.33896265  0.33285705  0.28573277  0.30892266  0.23605123  0.23605123  0.10423434  0.03996260  0.00390124  0.00000000  0.06501045  0.15038235  0.15996488  0.19450819  0.18947436  0.18447429  0.15515822  0.16480273  0.17457364  0.17950753  0.17950753  0.14092141  0.13157902  0.14092141  0.14092141  0.13623558  0.25772429  0.25772429  0.32079382  0.29723756  0.32680104  0.32680104  0.30892266  0.33285705  0.23605123  0.23605123  0.25772429  0.25772429  0.26324245  0.25772429  0.25772429  0.27440281  0.27440281  0.25772429  0.28004627  0.28004627  0.26324245  0.31483461  0.26324245  0.26324245  0.24680901  0.24680901  0.25772429  0.28004627  0.28004627  0.28004627  0.26324245  0.24141072  0.30305722  0.30305722  0.40293716  0.40293716  0.37668505  0.39628697  0.46561913  0.38316193  0.42325121  0.42325121  0.43710805  0.43710805  0.40293716  0.40293716  0.41641818  0.40964720  0.43710805  0.44413426  0.37026395  0.38969557  0.42325121  0.37026395  0.37026395  0.37668505  0.37026395  0.50286307  0.51054043  0.51829767  0.50286307  0.46561913  0.37668505  0.35758531  0.33896265  0.33896265  0.33896265  0.32680104  0.33285705  0.33285705  0.33896265  0.33285705  0.33285705  0.33285705  0.33285705  0.32079382  0.32680104  0.40293716  0.38969557  0.37668505  0.38969557  0.38969557  0.42325121  0.36389768  0.33896265  0.35758531  0.35758531  0.35132593  0.35758531  0.35758531  0.33285705  0.44413426  0.40964720  0.37026395  0.36389768  0.33896265  0.35132593  0.34511867  0.34511867  0.40964720  0.41641818  0.41641818  0.42325121  0.38316193  0.39628697  0.44413426  0.43710805  0.36389768  0.36389768  0.32680104  0.32680104  0.32079382  0.35132593  0.35132593  0.30892266  0.30305722  0.30892266  0.37668505  0.38316193  0.38316193  0.38969557  0.38316193  0.37668505  0.37026395  0.34511867  0.33896265  0.34511867  0.31483461  0.30892266  0.31483461  0.32680104  
25_13_0    0.34511867  0.34511867  0.26324245  0.25772429  0.30305722  0.30892266  0.32680104  0.32079382  0.26324245  0.28573277  0.25772429  0.25772429  0.12235225  0.07355028  0.06926814  0.06501045  0.00000000  0.15996488  0.16967218  0.18447429  0.17950753  0.17457364  0.14563687  0.15515822  0.16480273  0.17950753  0.17950753  0.12235225  0.12235225  0.13157902  0.10423434  0.10872271  0.25224668  0.26324245  0.30305722  0.28004627  0.30892266  0.30892266  0.29146298  0.31483461  0.24141072  0.24141072  0.29146298  0.27440281  0.27440281  0.29723756  0.29723756  0.31483461  0.31483461  0.29723756  0.25772429  0.26880175  0.24141072  0.30305722  0.28004627  0.28004627  0.24680901  0.22544645  0.23605123  0.24680901  0.24680901  0.24680901  0.25772429  0.23072999  0.31483461  0.29146298  0.37026395  0.37026395  0.37026395  0.38969557  0.44413426  0.35132593  0.39628697  0.39628697  0.42325121  0.41641818  0.38316193  0.42325121  0.42325121  0.41641818  0.44413426  0.43710805  0.37668505  0.35758531  0.40293716  0.33896265  0.33896265  0.37026395  0.36389768  0.48774152  0.48774152  0.49526396  0.48774152  0.45838850  0.37026395  0.34511867  0.33896265  0.33896265  0.33896265  0.32680104  0.33285705  0.32079382  0.32680104  0.32680104  0.32680104  0.33896265  0.33896265  0.32680104  0.33285705  0.40293716  0.37668505  0.38316193  0.38969557  0.39628697  0.44413426  0.36389768  0.35132593  0.34511867  0.34511867  0.33896265  0.34511867  0.34511867  0.30305722  0.45838850  0.44413426  0.40964720  0.36389768  0.36389768  0.37668505  0.36389768  0.37026395  0.42325121  0.43014744  0.43014744  0.43710805  0.38316193  0.39628697  0.40293716  0.39628697  0.35132593  0.35132593  0.33896265  0.33896265  0.33285705  0.36389768  0.35132593  0.32680104  0.33285705  0.32680104  0.35758531  0.36389768  0.36389768  0.37026395  0.36389768  0.35758531  0.35132593  0.34511867  0.33896265  0.34511867  0.32079382  0.29146298  0.29723756  0.31483461  
35_11_0    0.27440281  0.27440281  0.25224668  0.24680901  0.27440281  0.28004627  0.25224668  0.25772429  0.24680901  0.25772429  0.23605123  0.22544645  0.12695136  0.15996488  0.15515822  0.15038235  0.15996488  0.00000000  0.00782300  0.08218906  0.07785716  0.07355028  0.12695136  0.12695136  0.14563687  0.15038235  0.15038235  0.14092141  0.13623558  0.13623558  0.15996488  0.13623558  0.23605123  0.25224668  0.28573277  0.28004627  0.29723756  0.29723756  0.28004627  0.30305722  0.19957624  0.19957624  0.22544645  0.23605123  0.22544645  0.24141072  0.24141072  0.25772429  0.25772429  0.24141072  0.24141072  0.25224668  0.25772429  0.28573277  0.25224668  0.25224668  0.23605123  0.26324245  0.27440281  0.28004627  0.28004627  0.28004627  0.27440281  0.24680901  0.29723756  0.30305722  0.36389768  0.36389768  0.33896265  0.35758531  0.41641818  0.35132593  0.41641818  0.40964720  0.40293716  0.43014744  0.37026395  0.39628697  0.39628697  0.38969557  0.40964720  0.41641818  0.35132593  0.33896265  0.35758531  0.31483461  0.31483461  0.32680104  0.32079382  0.51829767  0.49526396  0.48774152  0.49526396  0.46561913  0.35758531  0.29723756  0.29146298  0.29146298  0.29146298  0.30305722  0.28573277  0.29146298  0.29723756  0.28573277  0.28573277  0.29723756  0.29723756  0.28573277  0.29146298  0.31483461  0.29723756  0.31483461  0.31483461  0.31483461  0.35132593  0.29146298  0.30305722  0.33896265  0.33896265  0.34511867  0.33896265  0.33896265  0.30892266  0.37026395  0.40293716  0.39628697  0.32079382  0.33285705  0.33285705  0.34511867  0.33896265  0.39628697  0.39628697  0.39628697  0.40293716  0.38969557  0.37668505  0.38969557  0.38969557  0.33896265  0.33896265  0.28004627  0.28004627  0.26880175  0.31483461  0.33285705  0.30892266  0.31483461  0.30892266  0.33285705  0.33896265  0.33896265  0.34511867  0.33896265  0.33285705  0.33896265  0.28573277  0.28004627  0.32079382  0.26880175  0.26880175  0.28573277  0.25772429  
54_11_0    0.28573277  0.28573277  0.26324245  0.25772429  0.28573277  0.29146298  0.26324245  0.26880175  0.25772429  0.26880175  0.24680901  0.23605123  0.13623558  0.16967218  0.16480273  0.15996488  0.16967218  0.00782300  0.00000000  0.09092911  0.08654628  0.08218906  0.13623558  0.13623558  0.15515822  0.15996488  0.15996488  0.15038235  0.14563687  0.14563687  0.16967218  0.14563687  0.24680901  0.26324245  0.29723756  0.29146298  0.30892266  0.30892266  0.29146298  0.31483461  0.20981686  0.20981686  0.23605123  0.24680901  0.23605123  0.25224668  0.25224668  0.26880175  0.26880175  0.25224668  0.25224668  0.26324245  0.26880175  0.29723756  0.26324245  0.26324245  0.24680901  0.27440281  0.28573277  0.29146298  0.29146298  0.29146298  0.28573277  0.25772429  0.30892266  0.31483461  0.37026395  0.37026395  0.34511867  0.36389768  0.42325121  0.35758531  0.42325121  0.41641818  0.40964720  0.43710805  0.37668505  0.40293716  0.40293716  0.39628697  0.41641818  0.42325121  0.35758531  0.34511867  0.36389768  0.32680104  0.32680104  0.33896265  0.33285705  0.51054043  0.48774152  0.48029422  0.48774152  0.45838850  0.37026395  0.30892266  0.30305722  0.30305722  0.30305722  0.31483461  0.29723756  0.30305722  0.30892266  0.28573277  0.29723756  0.30892266  0.30892266  0.29723756  0.30305722  0.32680104  0.30892266  0.31483461  0.32680104  0.32680104  0.36389768  0.30305722  0.31483461  0.35132593  0.35132593  0.35758531  0.35132593  0.35132593  0.32079382  0.38316193  0.41641818  0.40964720  0.33285705  0.34511867  0.34511867  0.35758531  0.35132593  0.40964720  0.40964720  0.40964720  0.41641818  0.40293716  0.38969557  0.40293716  0.40293716  0.35132593  0.35132593  0.29146298  0.29146298  0.28004627  0.32680104  0.34511867  0.32079382  0.32680104  0.32079382  0.34511867  0.35132593  0.35132593  0.35758531  0.35132593  0.34511867  0.35132593  0.29723756  0.29146298  0.33285705  0.28004627  0.28004627  0.29723756  0.26880175  
41_11_0    0.30305722  0.30305722  0.25224668  0.24680901  0.27440281  0.28004627  0.28573277  0.29146298  0.25224668  0.26324245  0.25772429  0.24680901  0.12695136  0.21499041  0.19957624  0.19450819  0.18447429  0.08218906  0.09092911  0.00000000  0.00390124  0.03179689  0.15515822  0.16480273  0.16480273  0.16967218  0.16967218  0.15996488  0.15996488  0.15996488  0.16967218  0.14563687  0.24680901  0.26880175  0.29146298  0.29723756  0.30892266  0.30892266  0.29146298  0.31483461  0.23072999  0.23072999  0.28573277  0.29146298  0.24680901  0.26880175  0.28004627  0.29146298  0.29146298  0.27440281  0.23605123  0.24680901  0.25224668  0.28573277  0.26880175  0.26880175  0.24680901  0.25772429  0.26880175  0.28573277  0.28573277  0.28573277  0.26880175  0.23072999  0.30892266  0.28573277  0.37668505  0.37668505  0.35132593  0.37026395  0.42325121  0.37668505  0.44413426  0.43710805  0.45838850  0.47292057  0.37668505  0.41641818  0.40964720  0.40964720  0.43014744  0.43014744  0.37026395  0.37026395  0.39628697  0.35758531  0.35758531  0.34511867  0.33896265  0.51829767  0.53405854  0.52613646  0.50286307  0.48774152  0.36389768  0.32680104  0.31483461  0.31483461  0.31483461  0.32680104  0.30892266  0.30892266  0.31483461  0.29146298  0.29146298  0.30305722  0.30305722  0.29146298  0.29723756  0.33285705  0.30305722  0.33285705  0.31483461  0.33896265  0.38969557  0.30305722  0.33896265  0.38969557  0.38969557  0.39628697  0.38969557  0.38969557  0.33285705  0.35758531  0.37668505  0.38316193  0.34511867  0.34511867  0.34511867  0.35758531  0.36389768  0.39628697  0.37668505  0.37668505  0.38316193  0.37026395  0.35758531  0.41641818  0.41641818  0.35758531  0.35758531  0.32079382  0.32079382  0.30892266  0.35132593  0.37026395  0.33285705  0.33896265  0.33285705  0.36389768  0.37026395  0.37026395  0.37668505  0.37026395  0.35132593  0.35758531  0.32680104  0.32079382  0.36389768  0.32079382  0.28573277  0.28004627  0.29723756  
