20
1_0_0      0.00000000  0.01301488  0.03559105  0.33002783  0.33002783  0.30662346  0.30662346  0.33844897  0.33844897  0.32975772  0.33621957  0.30863170  0.39464735  0.41119340  0.41844289  0.39063209  0.40078977  0.40078977  0.40078977  0.44400680  
3_0_0      0.01301488  0.00000000  0.02201361  0.32360835  0.32360835  0.28444189  0.28444189  0.31490731  0.31490731  0.30662346  0.31288547  0.28626603  0.37784965  0.38366583  0.41119340  0.38366583  0.39372096  0.39372096  0.39372096  0.45955903  
2_0_0      0.03559105  0.02201361  0.00000000  0.31536808  0.33200973  0.29235481  0.29235481  0.32335399  0.32335399  0.31490731  0.32123879  0.29426268  0.38764413  0.39372096  0.40078977  0.37384063  0.38366583  0.38366583  0.42538025  0.49669325  
19_0_0     0.33002783  0.32360835  0.31536808  0.00000000  0.30448130  0.47212151  0.47212151  0.49158746  0.49158746  0.48001322  0.48799330  0.47136989  0.55056775  0.56443448  0.60310561  0.52410863  0.53713456  0.53713456  0.45329503  0.46431622  
7_0_0      0.33002783  0.32360835  0.33200973  0.30448130  0.00000000  0.41456025  0.41456025  0.41183676  0.41183676  0.40206837  0.40921727  0.34714397  0.52003947  0.52003947  0.46777978  0.48303030  0.49501597  0.49501597  0.50734559  0.63788359  
15_0_0     0.30662346  0.28444189  0.29235481  0.47212151  0.41456025  0.00000000  0.00000000  0.03559105  0.03559105  0.03097993  0.03543532  0.05884883  0.27805824  0.23592782  0.23431037  0.22156129  0.22868452  0.22868452  0.22868452  0.24329532  
6_0_0      0.30662346  0.28444189  0.29235481  0.47212151  0.41456025  0.00000000  0.00000000  0.03559105  0.03559105  0.03097993  0.03543532  0.05884883  0.27805824  0.23592782  0.23431037  0.22156129  0.22868452  0.22868452  0.22868452  0.24329532  
13_0_0     0.33844897  0.31490731  0.32335399  0.49158746  0.41183676  0.03559105  0.03559105  0.00000000  0.00000000  0.00431342  0.00863857  0.08847725  0.28406872  0.24902915  0.27805824  0.24902915  0.25658203  0.25658203  0.22713584  0.24160674  
9_0_0      0.33844897  0.31490731  0.32335399  0.49158746  0.41183676  0.03559105  0.03559105  0.00000000  0.00000000  0.00431342  0.00863857  0.08847725  0.28406872  0.24902915  0.27805824  0.24902915  0.25658203  0.25658203  0.22713584  0.24160674  
8_0_0      0.32975772  0.30662346  0.31490731  0.48001322  0.40206837  0.03097993  0.03097993  0.00431342  0.00431342  0.00000000  0.00430639  0.08335526  0.27611562  0.24160674  0.27016815  0.24160674  0.24902915  0.24902915  0.22007912  0.23431037  
20_0_0     0.33621957  0.31288547  0.32123879  0.48799330  0.40921727  0.03543532  0.03543532  0.00863857  0.00863857  0.00430639  0.00000000  0.08809590  0.28211329  0.24733160  0.27611562  0.24733160  0.25480974  0.25480974  0.22564772  0.23998138  
14_0_0     0.30863170  0.28626603  0.29426268  0.47136989  0.34714397  0.05884883  0.05884883  0.08847725  0.08847725  0.08335526  0.08809590  0.00000000  0.24902915  0.23760750  0.24329532  0.21603045  0.22310309  0.22310309  0.22310309  0.26817329  
16_0_0     0.39464735  0.37784965  0.38764413  0.55056775  0.52003947  0.27805824  0.27805824  0.28406872  0.28406872  0.27611562  0.28211329  0.24902915  0.00000000  0.21313643  0.19177549  0.14336459  0.14925955  0.14925955  0.16129777  0.20630414  
18_0_0     0.41119340  0.38366583  0.39372096  0.56443448  0.52003947  0.23592782  0.23592782  0.24902915  0.24902915  0.24160674  0.24733160  0.23760750  0.21313643  0.00000000  0.16846511  0.12191241  0.12758459  0.12758459  0.12758459  0.17587779  
5_0_0      0.41844289  0.41119340  0.40078977  0.60310561  0.46777978  0.23431037  0.23431037  0.27805824  0.27805824  0.27016815  0.27611562  0.24329532  0.19177549  0.16846511  0.00000000  0.03559105  0.04025220  0.04025220  0.06933358  0.13416337  
10_0_0     0.39063209  0.38366583  0.37384063  0.52410863  0.48303030  0.22156129  0.22156129  0.24902915  0.24902915  0.24160674  0.24733160  0.21603045  0.14336459  0.12191241  0.03559105  0.00000000  0.00431342  0.00431342  0.03114485  0.09042611  
12_0_0     0.40078977  0.39372096  0.38366583  0.53713456  0.49501597  0.22868452  0.22868452  0.25658203  0.25658203  0.24902915  0.25480974  0.22310309  0.14925955  0.12758459  0.04025220  0.00431342  0.00000000  0.00000000  0.03578428  0.09575613  
4_0_0      0.40078977  0.39372096  0.38366583  0.53713456  0.49501597  0.22868452  0.22868452  0.25658203  0.25658203  0.24902915  0.25480974  0.22310309  0.14925955  0.12758459  0.04025220  0.00431342  0.00000000  0.00000000  0.03578428  0.09575613  
17_0_0     0.40078977  0.39372096  0.42538025  0.45329503  0.50734559  0.22868452  0.22868452  0.22713584  0.22713584  0.22007912  0.22564772  0.22310309  0.16129777  0.12758459  0.06933358  0.03114485  0.03578428  0.03578428  0.00000000  0.05485978  
11_0_0     0.44400680  0.45955903  0.49669325  0.46431622  0.63788359  0.24329532  0.24329532  0.24160674  0.24160674  0.23431037  0.23998138  0.26817329  0.20630414  0.17587779  0.13416337  0.09042611  0.09575613  0.09575613  0.05485978  0.00000000  

