20
1_0_0      0.00000000  0.00866590  0.01306171  0.36019776  0.36744175  0.29544173  0.28771183  0.28771183  0.28771183  0.28771183  0.30330557  0.32774929  0.36253421  0.33619878  0.37598360  0.38784545  0.39744875  0.38784545  0.34703160  0.37417957  
3_0_0      0.00866590  0.00000000  0.00431227  0.37844117  0.36744175  0.29544173  0.28771183  0.28771183  0.28771183  0.28771183  0.30330557  0.32774929  0.34480857  0.35358486  0.39477592  0.40725964  0.41728732  0.40725964  0.34703160  0.37417957  
2_0_0      0.01306171  0.00431227  0.00000000  0.38784545  0.37677654  0.30330557  0.29544173  0.29544173  0.29544173  0.29544173  0.31130808  0.33619878  0.35358486  0.36253421  0.40447218  0.41728732  0.42754159  0.41728732  0.35590170  0.38360218  
19_0_0     0.36019776  0.37844117  0.38784545  0.00000000  0.18342353  0.47717867  0.44523175  0.44523175  0.44523175  0.42511849  0.44523175  0.45563284  0.39652718  0.45106803  0.54048530  0.48502459  0.47400389  0.48502459  0.46941658  0.48046245  
7_0_0      0.36744175  0.36744175  0.37677654  0.18342353  0.00000000  0.53582549  0.49900256  0.49900256  0.49900256  0.49900256  0.52321629  0.46494440  0.39419644  0.46058290  0.43780588  0.45106803  0.44064453  0.45106803  0.39663610  0.40620141  
15_0_0     0.29544173  0.29544173  0.30330557  0.47717867  0.53582549  0.00000000  0.02651050  0.04037004  0.04037004  0.04037004  0.04985060  0.06942736  0.32771915  0.28682420  0.33191177  0.30082004  0.30891399  0.30082004  0.28865841  0.29662363  
6_0_0      0.28771183  0.28771183  0.29544173  0.44523175  0.49900256  0.02651050  0.00000000  0.03108348  0.03108348  0.04037004  0.04037004  0.06942736  0.29471370  0.28682420  0.31513820  0.26981485  0.27736983  0.26981485  0.25812595  0.26556866  
13_0_0     0.28771183  0.28771183  0.29544173  0.44523175  0.49900256  0.04037004  0.03108348  0.00000000  0.00000000  0.01750051  0.01750051  0.06445344  0.28682420  0.29471370  0.30697831  0.27736983  0.28505272  0.27736983  0.26556866  0.27313547  
9_0_0      0.28771183  0.28771183  0.29544173  0.44523175  0.49900256  0.04037004  0.03108348  0.00000000  0.00000000  0.01750051  0.01750051  0.06445344  0.28682420  0.29471370  0.30697831  0.27736983  0.28505272  0.27736983  0.26556866  0.27313547  
8_0_0      0.28771183  0.28771183  0.29544173  0.42511849  0.49900256  0.04037004  0.04037004  0.01750051  0.01750051  0.00000000  0.00866590  0.07445641  0.30274277  0.27906952  0.34053691  0.30891399  0.31715492  0.30891399  0.29662363  0.28865841  
20_0_0     0.30330557  0.30330557  0.31130808  0.44523175  0.52321629  0.04985060  0.04037004  0.01750051  0.01750051  0.00866590  0.00000000  0.07445641  0.30274277  0.27906952  0.32344750  0.29286791  0.30082004  0.29286791  0.29662363  0.28865841  
14_0_0     0.32774929  0.32774929  0.33619878  0.45563284  0.46494440  0.06942736  0.06942736  0.06445344  0.06445344  0.07445641  0.07445641  0.00000000  0.24216727  0.24931157  0.26824439  0.24787639  0.25507202  0.24787639  0.23650329  0.24359699  
16_0_0     0.36253421  0.34480857  0.35358486  0.39652718  0.39419644  0.32771915  0.29471370  0.28682420  0.28682420  0.30274277  0.30274277  0.24216727  0.00000000  0.19300723  0.16420394  0.12476628  0.13030239  0.12476628  0.13157462  0.14883618  
18_0_0     0.33619878  0.35358486  0.36253421  0.45106803  0.46058290  0.28682420  0.28682420  0.29471370  0.29471370  0.27906952  0.27906952  0.24931157  0.19300723  0.00000000  0.18873316  0.13590686  0.14158141  0.13590686  0.13725584  0.14300907  
5_0_0      0.37598360  0.39477592  0.40447218  0.54048530  0.43780588  0.33191177  0.31513820  0.30697831  0.30697831  0.34053691  0.32344750  0.26824439  0.16420394  0.18873316  0.00000000  0.04016904  0.04485792  0.04016904  0.09890444  0.11494562  
10_0_0     0.38784545  0.40725964  0.41728732  0.48502459  0.45106803  0.30082004  0.26981485  0.27736983  0.27736983  0.30891399  0.29286791  0.24787639  0.12476628  0.13590686  0.04016904  0.00000000  0.00431227  0.00000000  0.07369368  0.08893512  
12_0_0     0.39744875  0.41728732  0.42754159  0.47400389  0.44064453  0.30891399  0.27736983  0.28505272  0.28505272  0.31715492  0.30082004  0.25507202  0.13030239  0.14158141  0.04485792  0.00431227  0.00000000  0.00431227  0.07871750  0.09413151  
4_0_0      0.38784545  0.40725964  0.41728732  0.48502459  0.45106803  0.30082004  0.26981485  0.27736983  0.27736983  0.30891399  0.29286791  0.24787639  0.12476628  0.13590686  0.04016904  0.00000000  0.00431227  0.00000000  0.07369368  0.08893512  
17_0_0     0.34703160  0.34703160  0.35590170  0.46941658  0.39663610  0.28865841  0.25812595  0.26556866  0.26556866  0.29662363  0.29662363  0.23650329  0.13157462  0.13725584  0.09890444  0.07369368  0.07871750  0.07369368  0.00000000  0.01306171  
11_0_0     0.37417957  0.37417957  0.38360218  0.48046245  0.40620141  0.29662363  0.26556866  0.27313547  0.27313547  0.28865841  0.28865841  0.24359699  0.14883618  0.14300907  0.11494562  0.08893512  0.09413151  0.08893512  0.01306171  0.00000000  

