20
1_0_0      0.00000000  0.02195550  0.03102787  0.42164484  0.37135465  0.31599820  0.30035211  0.30811119  0.30811119  0.28520164  0.29271689  0.32584120  0.40259957  0.38648766  0.36467796  0.35806127  0.35806127  0.35806127  0.40028466  0.40728101  
3_0_0      0.02195550  0.00000000  0.00866164  0.40259957  0.37135465  0.34047092  0.32401745  0.33217344  0.33217344  0.30811119  0.31599820  0.35096629  0.37538218  0.39564866  0.37333424  0.36664333  0.36664333  0.36664333  0.42884471  0.42630952  
2_0_0      0.03102787  0.00866164  0.00000000  0.42164484  0.36277941  0.32401745  0.30811119  0.31599820  0.31599820  0.29271689  0.30035211  0.33407046  0.39335395  0.37749883  0.37333424  0.36664333  0.36664333  0.36664333  0.40961648  0.40728101  
19_0_0     0.42164484  0.40259957  0.42164484  0.00000000  0.29879032  0.61856859  0.61856859  0.61856859  0.61856859  0.55274598  0.59114339  0.62330325  0.55274598  0.66836305  0.48130829  0.50591923  0.49489533  0.49489533  0.64261444  0.63771925  
7_0_0      0.37135465  0.37135465  0.36277941  0.29879032  0.00000000  0.54554025  0.54554025  0.57011547  0.57011547  0.53371045  0.54554025  0.48130829  0.54396964  0.57144997  0.57667081  0.52120124  0.52120124  0.52120124  0.61542633  0.62483407  
15_0_0     0.31599820  0.34047092  0.32401745  0.61856859  0.54554025  0.00000000  0.01305200  0.06420894  0.06420894  0.07916566  0.06420894  0.07376911  0.39601725  0.30364495  0.32401745  0.30979562  0.30979562  0.30979562  0.27051635  0.26919559  
6_0_0      0.30035211  0.32401745  0.30811119  0.61856859  0.54554025  0.01305200  0.00000000  0.05932552  0.05932552  0.07412794  0.05932552  0.06881088  0.40555996  0.28071921  0.30035211  0.28669346  0.28669346  0.28669346  0.26333939  0.26207442  
13_0_0     0.30811119  0.33217344  0.31599820  0.61856859  0.57011547  0.06420894  0.05932552  0.00000000  0.00000000  0.02195550  0.00866164  0.09413257  0.38666121  0.25176672  0.27051635  0.25753002  0.25753002  0.25753002  0.24930067  0.25505772  
9_0_0      0.30811119  0.33217344  0.31599820  0.61856859  0.57011547  0.06420894  0.05932552  0.00000000  0.00000000  0.02195550  0.00866164  0.09413257  0.38666121  0.25176672  0.27051635  0.25753002  0.25753002  0.25753002  0.24930067  0.25505772  
8_0_0      0.28520164  0.30811119  0.29271689  0.55274598  0.53371045  0.07916566  0.07412794  0.02195550  0.02195550  0.00000000  0.01305200  0.10999505  0.35964341  0.27331514  0.24930067  0.25050875  0.25050875  0.25050875  0.25626853  0.26207442  
20_0_0     0.29271689  0.31599820  0.30035211  0.59114339  0.54554025  0.06420894  0.05932552  0.00866164  0.00866164  0.01305200  0.00000000  0.09413257  0.36848086  0.25176672  0.25626853  0.24358907  0.24358907  0.24358907  0.24930067  0.25505772  
14_0_0     0.32584120  0.35096629  0.33407046  0.62330325  0.48130829  0.07376911  0.06881088  0.09413257  0.09413257  0.10999505  0.09413257  0.00000000  0.37985884  0.26020514  0.27923422  0.25176672  0.25176672  0.25176672  0.24358907  0.24930067  
16_0_0     0.40259957  0.37538218  0.39335395  0.55274598  0.54396964  0.39601725  0.40555996  0.38666121  0.38666121  0.35964341  0.36848086  0.37985884  0.00000000  0.24586254  0.22237641  0.22361610  0.21687842  0.21687842  0.22237641  0.22791633  
18_0_0     0.38648766  0.39564866  0.37749883  0.66836305  0.57144997  0.30364495  0.28071921  0.25176672  0.25176672  0.27331514  0.25176672  0.26020514  0.24586254  0.00000000  0.14266068  0.13199805  0.12640168  0.12640168  0.12577563  0.13071575  
5_0_0      0.36467796  0.37333424  0.37333424  0.48130829  0.57667081  0.32401745  0.30035211  0.27051635  0.27051635  0.24930067  0.25626853  0.27923422  0.22237641  0.14266068  0.00000000  0.02635819  0.02186565  0.02186565  0.09806653  0.10287401  
10_0_0     0.35806127  0.36664333  0.36664333  0.50591923  0.52120124  0.30979562  0.28669346  0.25753002  0.25753002  0.25050875  0.24358907  0.25176672  0.22361610  0.13199805  0.02635819  0.00000000  0.00431122  0.00431122  0.09846268  0.10326361  
12_0_0     0.35806127  0.36664333  0.36664333  0.49489533  0.52120124  0.30979562  0.28669346  0.25753002  0.25753002  0.25050875  0.24358907  0.25176672  0.21687842  0.12640168  0.02186565  0.00431122  0.00000000  0.00000000  0.09329244  0.09806653  
4_0_0      0.35806127  0.36664333  0.36664333  0.49489533  0.52120124  0.30979562  0.28669346  0.25753002  0.25753002  0.25050875  0.24358907  0.25176672  0.21687842  0.12640168  0.02186565  0.00431122  0.00000000  0.00000000  0.09329244  0.09806653  
17_0_0     0.40028466  0.42884471  0.40961648  0.64261444  0.61542633  0.27051635  0.26333939  0.24930067  0.24930067  0.25626853  0.24930067  0.24358907  0.22237641  0.12577563  0.09806653  0.09846268  0.09329244  0.09329244  0.00000000  0.00430593  
11_0_0     0.40728101  0.42630952  0.40728101  0.63771925  0.62483407  0.26919559  0.26207442  0.25505772  0.25505772  0.26207442  0.25505772  0.24930067  0.22791633  0.13071575  0.10287401  0.10326361  0.09806653  0.09806653  0.00430593  0.00000000  

