144
96_119_0   0.00000000  0.01172121  0.23840640  0.25468848  0.51957680  0.51957680  0.54360644  0.53149306  0.53149306  0.48494906  0.43064373  0.43064373  0.43064373  0.43064373  0.42024973  0.39989410  0.50785134  0.51957680  0.51957680  0.63452256  0.64848349  0.64848349  0.50785134  0.51957680  0.54360644  0.54360644  0.45188509  0.46274138  0.50785134  0.58119735  0.58119735  0.55592358  0.60737468  0.60737468  0.54360644  0.51957680  0.66271576  0.48494906  0.46274138  0.50785134  0.47376104  0.47376104  0.50785134  0.48494906  0.50785134  0.47376104  0.47376104  0.47376104  0.43064373  0.50785134  0.50785134  0.50785134  0.51957680  0.55592358  0.56845144  0.63452256  0.67723013  0.69203801  0.62082282  0.63452256  0.60737468  0.62082282  0.63452256  0.69203801  0.69203801  0.70715151  0.72258351  0.66271576  0.63452256  0.66271576  0.45188509  0.45188509  0.45188509  0.46274138  0.46274138  0.53149306  0.51957680  0.51957680  0.49631067  0.53149306  0.50785134  0.54360644  0.54360644  0.59416905  0.58119735  0.59416905  0.53149306  0.54360644  0.53149306  0.49631067  0.63452256  0.49631067  0.51957680  0.44118740  0.48494906  0.48494906  0.45188509  0.45188509  0.45188509  0.45188509  0.53149306  0.44118740  0.44118740  0.49631067  0.46274138  0.48494906  0.50785134  0.63452256  0.45188509  0.45188509  0.51957680  0.51957680  0.51957680  0.55592358  0.55592358  0.48494906  0.48494906  0.46274138  0.45188509  0.46274138  0.44118740  0.50785134  0.54360644  0.50785134  0.50785134  0.53149306  0.49631067  0.58119735  0.44118740  0.45188509  0.43064373  0.45188509  0.50785134  0.39989410  0.39989410  0.45188509  0.46274138  0.49631067  0.62082282  0.53149306  0.53149306  0.53149306  0.58119735  0.62082282  
96_112_0   0.01172121  0.00000000  0.24650219  0.26296732  0.54360644  0.54360644  0.56845144  0.55592358  0.55592358  0.48494906  0.44118740  0.44118740  0.44118740  0.44118740  0.43064373  0.41000119  0.50785134  0.51957680  0.51957680  0.64848349  0.66271576  0.64848349  0.53149306  0.54360644  0.54360644  0.54360644  0.45188509  0.46274138  0.50785134  0.60737468  0.60737468  0.55592358  0.62082282  0.63452256  0.56845144  0.54360644  0.66271576  0.48494906  0.46274138  0.53149306  0.47376104  0.47376104  0.50785134  0.48494906  0.53149306  0.49631067  0.47376104  0.49631067  0.44118740  0.53149306  0.53149306  0.50785134  0.51957680  0.58119735  0.59416905  0.64848349  0.69203801  0.70715151  0.63452256  0.64848349  0.62082282  0.63452256  0.64848349  0.70715151  0.70715151  0.72258351  0.75445880  0.69203801  0.63452256  0.69203801  0.45188509  0.45188509  0.45188509  0.46274138  0.46274138  0.54360644  0.53149306  0.53149306  0.50785134  0.54360644  0.51957680  0.55592358  0.55592358  0.60737468  0.59416905  0.62082282  0.55592358  0.56845144  0.55592358  0.51957680  0.63452256  0.51957680  0.51957680  0.46274138  0.50785134  0.48494906  0.47376104  0.47376104  0.47376104  0.47376104  0.53149306  0.46274138  0.46274138  0.49631067  0.48494906  0.50785134  0.50785134  0.63452256  0.45188509  0.47376104  0.51957680  0.51957680  0.54360644  0.56845144  0.56845144  0.50785134  0.50785134  0.48494906  0.47376104  0.48494906  0.46274138  0.53149306  0.56845144  0.53149306  0.53149306  0.54360644  0.51957680  0.58119735  0.46274138  0.46274138  0.44118740  0.46274138  0.50785134  0.42024973  0.42024973  0.47376104  0.48494906  0.49631067  0.62082282  0.55592358  0.55592358  0.53149306  0.60737468  0.59416905  
75_111_0   0.23840640  0.24650219  0.00000000  0.07977287  0.59416905  0.59416905  0.64848349  0.56845144  0.56845144  0.45188509  0.60737468  0.60737468  0.54360644  0.54360644  0.54360644  0.53149306  0.48494906  0.49631067  0.49631067  0.51957680  0.53149306  0.55592358  0.54360644  0.55592358  0.50785134  0.48494906  0.58119735  0.59416905  0.63452256  0.70715151  0.72258351  0.67723013  0.63452256  0.59416905  0.55592358  0.53149306  0.67723013  0.48494906  0.50785134  0.45188509  0.42024973  0.53149306  0.50785134  0.50785134  0.50785134  0.50785134  0.51957680  0.55592358  0.47376104  0.50785134  0.53149306  0.51957680  0.53149306  0.60737468  0.59416905  0.67723013  0.72258351  0.73834773  0.69203801  0.69203801  0.72258351  0.69203801  0.70715151  0.66271576  0.66271576  0.70715151  0.69203801  0.63452256  0.62082282  0.69203801  0.46274138  0.46274138  0.46274138  0.47376104  0.47376104  0.54360644  0.55592358  0.58119735  0.56845144  0.56845144  0.59416905  0.63452256  0.62082282  0.66271576  0.62082282  0.64848349  0.63452256  0.62082282  0.63452256  0.63452256  0.56845144  0.59416905  0.60737468  0.55592358  0.59416905  0.60737468  0.48494906  0.48494906  0.53149306  0.53149306  0.63452256  0.49631067  0.50785134  0.58119735  0.50785134  0.51957680  0.50785134  0.69203801  0.54360644  0.51957680  0.62082282  0.50785134  0.66271576  0.60737468  0.59416905  0.55592358  0.55592358  0.53149306  0.51957680  0.49631067  0.49631067  0.49631067  0.53149306  0.53149306  0.46274138  0.53149306  0.49631067  0.63452256  0.59416905  0.56845144  0.64848349  0.59416905  0.50785134  0.49631067  0.49631067  0.50785134  0.54360644  0.56845144  0.55592358  0.55592358  0.58119735  0.58119735  0.67723013  0.59416905  
96_111_0   0.25468848  0.26296732  0.07977287  0.00000000  0.56845144  0.56845144  0.62082282  0.54360644  0.54360644  0.44118740  0.55592358  0.55592358  0.51957680  0.51957680  0.51957680  0.50785134  0.46274138  0.47376104  0.47376104  0.47376104  0.48494906  0.54360644  0.56845144  0.58119735  0.54360644  0.51957680  0.58119735  0.59416905  0.60737468  0.69203801  0.70715151  0.67723013  0.66271576  0.69203801  0.64848349  0.54360644  0.62082282  0.43064373  0.53149306  0.48494906  0.45188509  0.54360644  0.50785134  0.47376104  0.53149306  0.49631067  0.50785134  0.51957680  0.49631067  0.54360644  0.54360644  0.55592358  0.56845144  0.59416905  0.58119735  0.66271576  0.69203801  0.70715151  0.69203801  0.69203801  0.75445880  0.62082282  0.63452256  0.64848349  0.64848349  0.72258351  0.62082282  0.58119735  0.56845144  0.63452256  0.47376104  0.49631067  0.49631067  0.50785134  0.50785134  0.54360644  0.55592358  0.55592358  0.51957680  0.55592358  0.56845144  0.63452256  0.62082282  0.64848349  0.63452256  0.67723013  0.58119735  0.58119735  0.58119735  0.64848349  0.51957680  0.56845144  0.58119735  0.55592358  0.54360644  0.54360644  0.49631067  0.49631067  0.47376104  0.47376104  0.62082282  0.46274138  0.47376104  0.53149306  0.49631067  0.50785134  0.49631067  0.73834773  0.50785134  0.53149306  0.59416905  0.50785134  0.64848349  0.59416905  0.58119735  0.51957680  0.51957680  0.51957680  0.50785134  0.50785134  0.48494906  0.47376104  0.55592358  0.48494906  0.46274138  0.55592358  0.48494906  0.51957680  0.54360644  0.50785134  0.59416905  0.53149306  0.47376104  0.48494906  0.48494906  0.48494906  0.51957680  0.56845144  0.55592358  0.54360644  0.56845144  0.58119735  0.60737468  0.58119735  
87_123_0   0.51957680  0.54360644  0.59416905  0.56845144  0.00000000  0.00000000  0.02363310  0.06057741  0.06057741  0.21464258  0.31470778  0.31470778  0.38008902  0.38008902  0.41000119  0.35135089  0.50785134  0.51957680  0.51957680  0.59416905  0.58119735  0.60737468  0.43064373  0.44118740  0.43064373  0.43064373  0.44118740  0.46274138  0.48494906  0.47376104  0.47376104  0.44118740  0.55592358  0.50785134  0.49631067  0.38992461  0.42024973  0.42024973  0.48494906  0.44118740  0.45188509  0.49631067  0.48494906  0.47376104  0.46274138  0.47376104  0.49631067  0.47376104  0.44118740  0.42024973  0.39989410  0.44118740  0.44118740  0.55592358  0.55592358  0.56845144  0.63452256  0.62082282  0.62082282  0.64848349  0.58119735  0.60737468  0.59416905  0.60737468  0.60737468  0.60737468  0.54360644  0.50785134  0.50785134  0.51957680  0.43064373  0.42024973  0.42024973  0.43064373  0.43064373  0.49631067  0.50785134  0.50785134  0.50785134  0.49631067  0.47376104  0.69203801  0.67723013  0.70715151  0.69203801  0.50785134  0.39989410  0.41000119  0.39989410  0.46274138  0.53149306  0.51957680  0.51957680  0.49631067  0.50785134  0.44118740  0.44118740  0.44118740  0.46274138  0.47376104  0.64848349  0.38008902  0.38992461  0.41000119  0.43064373  0.45188509  0.47376104  0.58119735  0.46274138  0.47376104  0.46274138  0.55592358  0.44118740  0.54360644  0.55592358  0.37038379  0.37038379  0.35135089  0.36080551  0.42024973  0.42024973  0.42024973  0.46274138  0.43064373  0.45188509  0.53149306  0.44118740  0.47376104  0.63452256  0.62082282  0.62082282  0.60737468  0.59416905  0.54360644  0.54360644  0.62082282  0.60737468  0.64848349  0.47376104  0.47376104  0.47376104  0.51957680  0.48494906  0.55592358  
90_123_0   0.51957680  0.54360644  0.59416905  0.56845144  0.00000000  0.00000000  0.02363310  0.06057741  0.06057741  0.21464258  0.31470778  0.31470778  0.38008902  0.38008902  0.41000119  0.35135089  0.50785134  0.51957680  0.51957680  0.59416905  0.58119735  0.60737468  0.43064373  0.44118740  0.43064373  0.43064373  0.44118740  0.46274138  0.48494906  0.47376104  0.47376104  0.44118740  0.55592358  0.50785134  0.49631067  0.38992461  0.42024973  0.42024973  0.48494906  0.44118740  0.45188509  0.49631067  0.48494906  0.47376104  0.46274138  0.47376104  0.49631067  0.47376104  0.44118740  0.42024973  0.39989410  0.44118740  0.44118740  0.55592358  0.55592358  0.56845144  0.63452256  0.62082282  0.62082282  0.64848349  0.58119735  0.60737468  0.59416905  0.60737468  0.60737468  0.60737468  0.54360644  0.50785134  0.50785134  0.51957680  0.43064373  0.42024973  0.42024973  0.43064373  0.43064373  0.49631067  0.50785134  0.50785134  0.50785134  0.49631067  0.47376104  0.69203801  0.67723013  0.70715151  0.69203801  0.50785134  0.39989410  0.41000119  0.39989410  0.46274138  0.53149306  0.51957680  0.51957680  0.49631067  0.50785134  0.44118740  0.44118740  0.44118740  0.46274138  0.47376104  0.64848349  0.38008902  0.38992461  0.41000119  0.43064373  0.45188509  0.47376104  0.58119735  0.46274138  0.47376104  0.46274138  0.55592358  0.44118740  0.54360644  0.55592358  0.37038379  0.37038379  0.35135089  0.36080551  0.42024973  0.42024973  0.42024973  0.46274138  0.43064373  0.45188509  0.53149306  0.44118740  0.47376104  0.63452256  0.62082282  0.62082282  0.60737468  0.59416905  0.54360644  0.54360644  0.62082282  0.60737468  0.64848349  0.47376104  0.47376104  0.47376104  0.51957680  0.48494906  0.55592358  
82_123_0   0.54360644  0.56845144  0.64848349  0.62082282  0.02363310  0.02363310  0.00000000  0.07331831  0.07331831  0.23039914  0.27981119  0.27981119  0.34201679  0.34201679  0.37038379  0.33280016  0.55592358  0.55592358  0.55592358  0.60737468  0.59416905  0.59416905  0.41000119  0.42024973  0.38992461  0.38992461  0.42024973  0.44118740  0.46274138  0.47376104  0.47376104  0.44118740  0.53149306  0.48494906  0.49631067  0.38992461  0.39989410  0.44118740  0.46274138  0.39989410  0.45188509  0.50785134  0.49631067  0.48494906  0.49631067  0.45188509  0.47376104  0.45188509  0.42024973  0.38008902  0.36080551  0.39989410  0.39989410  0.54360644  0.54360644  0.59416905  0.60737468  0.59416905  0.56845144  0.59416905  0.55592358  0.62082282  0.60737468  0.62082282  0.62082282  0.59416905  0.54360644  0.50785134  0.50785134  0.49631067  0.41000119  0.39989410  0.39989410  0.42024973  0.42024973  0.47376104  0.48494906  0.48494906  0.48494906  0.54360644  0.49631067  0.67723013  0.66271576  0.67723013  0.66271576  0.48494906  0.37038379  0.38008902  0.37038379  0.46274138  0.53149306  0.53149306  0.48494906  0.48494906  0.46274138  0.42024973  0.39989410  0.39989410  0.42024973  0.43064373  0.63452256  0.38008902  0.38992461  0.43064373  0.47376104  0.43064373  0.47376104  0.54360644  0.48494906  0.46274138  0.44118740  0.58119735  0.44118740  0.51957680  0.53149306  0.36080551  0.36080551  0.34201679  0.35135089  0.39989410  0.39989410  0.39989410  0.46274138  0.43064373  0.43064373  0.48494906  0.43064373  0.48494906  0.62082282  0.60737468  0.62082282  0.62082282  0.58119735  0.50785134  0.50785134  0.58119735  0.56845144  0.60737468  0.44118740  0.46274138  0.44118740  0.48494906  0.46274138  0.58119735  
90_128_0   0.53149306  0.55592358  0.56845144  0.54360644  0.06057741  0.06057741  0.07331831  0.00000000  0.00000000  0.20688964  0.33280016  0.33280016  0.38008902  0.38008902  0.41000119  0.35135089  0.51957680  0.53149306  0.53149306  0.60737468  0.59416905  0.59416905  0.43064373  0.44118740  0.45188509  0.45188509  0.45188509  0.47376104  0.48494906  0.46274138  0.46274138  0.43064373  0.51957680  0.44118740  0.45188509  0.38008902  0.42024973  0.38008902  0.42024973  0.43064373  0.41000119  0.45188509  0.47376104  0.44118740  0.48494906  0.43064373  0.46274138  0.45188509  0.41000119  0.38992461  0.37038379  0.41000119  0.41000119  0.53149306  0.53149306  0.56845144  0.64848349  0.63452256  0.66271576  0.66271576  0.59416905  0.64848349  0.63452256  0.63452256  0.63452256  0.60737468  0.56845144  0.51957680  0.51957680  0.50785134  0.42024973  0.41000119  0.41000119  0.42024973  0.42024973  0.50785134  0.51957680  0.51957680  0.49631067  0.48494906  0.46274138  0.69203801  0.67723013  0.70715151  0.69203801  0.50785134  0.42024973  0.43064373  0.42024973  0.41000119  0.51957680  0.53149306  0.53149306  0.50785134  0.46274138  0.43064373  0.42024973  0.42024973  0.48494906  0.49631067  0.64848349  0.37038379  0.38008902  0.41000119  0.45188509  0.42024973  0.45188509  0.55592358  0.48494906  0.45188509  0.48494906  0.49631067  0.42024973  0.51957680  0.53149306  0.38992461  0.38992461  0.37038379  0.38008902  0.43064373  0.43064373  0.43064373  0.47376104  0.44118740  0.45188509  0.50785134  0.48494906  0.50785134  0.66271576  0.63452256  0.64848349  0.63452256  0.58119735  0.53149306  0.53149306  0.59416905  0.58119735  0.58119735  0.45188509  0.48494906  0.46274138  0.50785134  0.47376104  0.50785134  
87_128_0   0.53149306  0.55592358  0.56845144  0.54360644  0.06057741  0.06057741  0.07331831  0.00000000  0.00000000  0.20688964  0.33280016  0.33280016  0.38008902  0.38008902  0.41000119  0.35135089  0.51957680  0.53149306  0.53149306  0.60737468  0.59416905  0.59416905  0.43064373  0.44118740  0.45188509  0.45188509  0.45188509  0.47376104  0.48494906  0.46274138  0.46274138  0.43064373  0.51957680  0.44118740  0.45188509  0.38008902  0.42024973  0.38008902  0.42024973  0.43064373  0.41000119  0.45188509  0.47376104  0.44118740  0.48494906  0.43064373  0.46274138  0.45188509  0.41000119  0.38992461  0.37038379  0.41000119  0.41000119  0.53149306  0.53149306  0.56845144  0.64848349  0.63452256  0.66271576  0.66271576  0.59416905  0.64848349  0.63452256  0.63452256  0.63452256  0.60737468  0.56845144  0.51957680  0.51957680  0.50785134  0.42024973  0.41000119  0.41000119  0.42024973  0.42024973  0.50785134  0.51957680  0.51957680  0.49631067  0.48494906  0.46274138  0.69203801  0.67723013  0.70715151  0.69203801  0.50785134  0.42024973  0.43064373  0.42024973  0.41000119  0.51957680  0.53149306  0.53149306  0.50785134  0.46274138  0.43064373  0.42024973  0.42024973  0.48494906  0.49631067  0.64848349  0.37038379  0.38008902  0.41000119  0.45188509  0.42024973  0.45188509  0.55592358  0.48494906  0.45188509  0.48494906  0.49631067  0.42024973  0.51957680  0.53149306  0.38992461  0.38992461  0.37038379  0.38008902  0.43064373  0.43064373  0.43064373  0.47376104  0.44118740  0.45188509  0.50785134  0.48494906  0.50785134  0.66271576  0.63452256  0.64848349  0.63452256  0.58119735  0.53149306  0.53149306  0.59416905  0.58119735  0.58119735  0.45188509  0.48494906  0.46274138  0.50785134  0.47376104  0.50785134  
82_121_0   0.48494906  0.48494906  0.45188509  0.44118740  0.21464258  0.21464258  0.23039914  0.20688964  0.20688964  0.00000000  0.27981119  0.27981119  0.28838068  0.28838068  0.30582649  0.26296732  0.39989410  0.39989410  0.39989410  0.55592358  0.54360644  0.55592358  0.45188509  0.46274138  0.44118740  0.42024973  0.47376104  0.49631067  0.48494906  0.47376104  0.49631067  0.44118740  0.58119735  0.46274138  0.47376104  0.35135089  0.38008902  0.37038379  0.38008902  0.33280016  0.36080551  0.47376104  0.42024973  0.41000119  0.42024973  0.41000119  0.42024973  0.44118740  0.35135089  0.38008902  0.34201679  0.35135089  0.35135089  0.51957680  0.51957680  0.54360644  0.55592358  0.54360644  0.56845144  0.56845144  0.50785134  0.59416905  0.58119735  0.59416905  0.59416905  0.54360644  0.43064373  0.44118740  0.42024973  0.45188509  0.33280016  0.35135089  0.35135089  0.37038379  0.37038379  0.43064373  0.43064373  0.44118740  0.44118740  0.44118740  0.44118740  0.54360644  0.53149306  0.55592358  0.51957680  0.46274138  0.37038379  0.39989410  0.37038379  0.43064373  0.45188509  0.48494906  0.46274138  0.49631067  0.39989410  0.38008902  0.36080551  0.36080551  0.38992461  0.39989410  0.49631067  0.35135089  0.36080551  0.38992461  0.43064373  0.42024973  0.39989410  0.54360644  0.41000119  0.42024973  0.38008902  0.50785134  0.44118740  0.55592358  0.54360644  0.33280016  0.33280016  0.31470778  0.32369810  0.41000119  0.41000119  0.38008902  0.43064373  0.44118740  0.39989410  0.47376104  0.44118740  0.43064373  0.47376104  0.43064373  0.53149306  0.44118740  0.45188509  0.46274138  0.46274138  0.54360644  0.56845144  0.58119735  0.39989410  0.44118740  0.45188509  0.46274138  0.46274138  0.45188509  
70_125_0   0.43064373  0.44118740  0.60737468  0.55592358  0.31470778  0.31470778  0.27981119  0.33280016  0.33280016  0.27981119  0.00000000  0.00000000  0.10617550  0.10617550  0.09948506  0.11292763  0.55592358  0.55592358  0.55592358  0.53149306  0.54360644  0.56845144  0.36080551  0.35135089  0.31470778  0.33280016  0.43064373  0.45188509  0.47376104  0.42024973  0.42024973  0.38008902  0.38008902  0.44118740  0.45188509  0.44118740  0.37038379  0.35135089  0.32369810  0.30582649  0.35135089  0.39989410  0.37038379  0.41000119  0.44118740  0.41000119  0.43064373  0.38008902  0.33280016  0.31470778  0.31470778  0.34201679  0.34201679  0.59416905  0.60737468  0.58119735  0.55592358  0.54360644  0.53149306  0.55592358  0.45188509  0.58119735  0.56845144  0.59416905  0.59416905  0.53149306  0.51957680  0.49631067  0.48494906  0.46274138  0.32369810  0.30582649  0.30582649  0.32369810  0.32369810  0.38992461  0.38992461  0.38008902  0.37038379  0.43064373  0.42024973  0.59416905  0.58119735  0.56845144  0.58119735  0.39989410  0.31470778  0.33280016  0.31470778  0.42024973  0.53149306  0.35135089  0.33280016  0.34201679  0.37038379  0.36080551  0.30582649  0.30582649  0.29705163  0.30582649  0.53149306  0.38008902  0.38992461  0.46274138  0.36080551  0.35135089  0.37038379  0.45188509  0.37038379  0.38008902  0.41000119  0.55592358  0.44118740  0.45188509  0.46274138  0.33280016  0.33280016  0.31470778  0.30582649  0.35135089  0.35135089  0.39989410  0.41000119  0.39989410  0.39989410  0.46274138  0.38008902  0.53149306  0.43064373  0.39989410  0.38992461  0.42024973  0.48494906  0.42024973  0.42024973  0.49631067  0.49631067  0.50785134  0.44118740  0.41000119  0.41000119  0.38992461  0.41000119  0.49631067  
70_130_0   0.43064373  0.44118740  0.60737468  0.55592358  0.31470778  0.31470778  0.27981119  0.33280016  0.33280016  0.27981119  0.00000000  0.00000000  0.10617550  0.10617550  0.09948506  0.11292763  0.55592358  0.55592358  0.55592358  0.53149306  0.54360644  0.56845144  0.36080551  0.35135089  0.31470778  0.33280016  0.43064373  0.45188509  0.47376104  0.42024973  0.42024973  0.38008902  0.38008902  0.44118740  0.45188509  0.44118740  0.37038379  0.35135089  0.32369810  0.30582649  0.35135089  0.39989410  0.37038379  0.41000119  0.44118740  0.41000119  0.43064373  0.38008902  0.33280016  0.31470778  0.31470778  0.34201679  0.34201679  0.59416905  0.60737468  0.58119735  0.55592358  0.54360644  0.53149306  0.55592358  0.45188509  0.58119735  0.56845144  0.59416905  0.59416905  0.53149306  0.51957680  0.49631067  0.48494906  0.46274138  0.32369810  0.30582649  0.30582649  0.32369810  0.32369810  0.38992461  0.38992461  0.38008902  0.37038379  0.43064373  0.42024973  0.59416905  0.58119735  0.56845144  0.58119735  0.39989410  0.31470778  0.33280016  0.31470778  0.42024973  0.53149306  0.35135089  0.33280016  0.34201679  0.37038379  0.36080551  0.30582649  0.30582649  0.29705163  0.30582649  0.53149306  0.38008902  0.38992461  0.46274138  0.36080551  0.35135089  0.37038379  0.45188509  0.37038379  0.38008902  0.41000119  0.55592358  0.44118740  0.45188509  0.46274138  0.33280016  0.33280016  0.31470778  0.30582649  0.35135089  0.35135089  0.39989410  0.41000119  0.39989410  0.39989410  0.46274138  0.38008902  0.53149306  0.43064373  0.39989410  0.38992461  0.42024973  0.48494906  0.42024973  0.42024973  0.49631067  0.49631067  0.50785134  0.44118740  0.41000119  0.41000119  0.38992461  0.41000119  0.49631067  
87_125_0   0.43064373  0.44118740  0.54360644  0.51957680  0.38008902  0.38008902  0.34201679  0.38008902  0.38008902  0.28838068  0.10617550  0.10617550  0.00000000  0.00000000  0.01765293  0.02966249  0.58119735  0.58119735  0.58119735  0.54360644  0.55592358  0.58119735  0.41000119  0.42024973  0.38992461  0.37038379  0.45188509  0.47376104  0.48494906  0.48494906  0.48494906  0.45188509  0.38992461  0.49631067  0.48494906  0.48494906  0.43064373  0.43064373  0.38992461  0.33280016  0.44118740  0.46274138  0.43064373  0.45188509  0.46274138  0.41000119  0.42024973  0.38992461  0.30582649  0.33280016  0.33280016  0.37038379  0.37038379  0.51957680  0.53149306  0.64848349  0.60737468  0.59416905  0.54360644  0.56845144  0.53149306  0.67723013  0.66271576  0.69203801  0.69203801  0.55592358  0.49631067  0.48494906  0.47376104  0.47376104  0.39989410  0.38008902  0.38008902  0.39989410  0.39989410  0.39989410  0.39989410  0.39989410  0.41000119  0.42024973  0.43064373  0.53149306  0.51957680  0.55592358  0.51957680  0.50785134  0.35135089  0.37038379  0.35135089  0.45188509  0.53149306  0.45188509  0.41000119  0.42024973  0.44118740  0.41000119  0.34201679  0.34201679  0.37038379  0.36080551  0.47376104  0.38008902  0.38992461  0.48494906  0.39989410  0.38008902  0.38008902  0.50785134  0.42024973  0.44118740  0.42024973  0.55592358  0.50785134  0.51957680  0.53149306  0.38992461  0.38992461  0.37038379  0.36080551  0.41000119  0.38992461  0.44118740  0.47376104  0.46274138  0.38008902  0.42024973  0.47376104  0.53149306  0.50785134  0.47376104  0.44118740  0.49631067  0.53149306  0.44118740  0.44118740  0.53149306  0.53149306  0.54360644  0.49631067  0.46274138  0.47376104  0.41000119  0.49631067  0.48494906  
90_125_0   0.43064373  0.44118740  0.54360644  0.51957680  0.38008902  0.38008902  0.34201679  0.38008902  0.38008902  0.28838068  0.10617550  0.10617550  0.00000000  0.00000000  0.01765293  0.02966249  0.58119735  0.58119735  0.58119735  0.54360644  0.55592358  0.58119735  0.41000119  0.42024973  0.38992461  0.37038379  0.45188509  0.47376104  0.48494906  0.48494906  0.48494906  0.45188509  0.38992461  0.49631067  0.48494906  0.48494906  0.43064373  0.43064373  0.38992461  0.33280016  0.44118740  0.46274138  0.43064373  0.45188509  0.46274138  0.41000119  0.42024973  0.38992461  0.30582649  0.33280016  0.33280016  0.37038379  0.37038379  0.51957680  0.53149306  0.64848349  0.60737468  0.59416905  0.54360644  0.56845144  0.53149306  0.67723013  0.66271576  0.69203801  0.69203801  0.55592358  0.49631067  0.48494906  0.47376104  0.47376104  0.39989410  0.38008902  0.38008902  0.39989410  0.39989410  0.39989410  0.39989410  0.39989410  0.41000119  0.42024973  0.43064373  0.53149306  0.51957680  0.55592358  0.51957680  0.50785134  0.35135089  0.37038379  0.35135089  0.45188509  0.53149306  0.45188509  0.41000119  0.42024973  0.44118740  0.41000119  0.34201679  0.34201679  0.37038379  0.36080551  0.47376104  0.38008902  0.38992461  0.48494906  0.39989410  0.38008902  0.38008902  0.50785134  0.42024973  0.44118740  0.42024973  0.55592358  0.50785134  0.51957680  0.53149306  0.38992461  0.38992461  0.37038379  0.36080551  0.41000119  0.38992461  0.44118740  0.47376104  0.46274138  0.38008902  0.42024973  0.47376104  0.53149306  0.50785134  0.47376104  0.44118740  0.49631067  0.53149306  0.44118740  0.44118740  0.53149306  0.53149306  0.54360644  0.49631067  0.46274138  0.47376104  0.41000119  0.49631067  0.48494906  
82_125_0   0.42024973  0.43064373  0.54360644  0.51957680  0.41000119  0.41000119  0.37038379  0.41000119  0.41000119  0.30582649  0.09948506  0.09948506  0.01765293  0.01765293  0.00000000  0.04805440  0.59416905  0.59416905  0.59416905  0.54360644  0.55592358  0.58119735  0.42024973  0.43064373  0.38008902  0.38008902  0.46274138  0.48494906  0.49631067  0.49631067  0.49631067  0.46274138  0.38008902  0.48494906  0.47376104  0.49631067  0.44118740  0.41000119  0.38992461  0.32369810  0.44118740  0.47376104  0.42024973  0.46274138  0.47376104  0.39989410  0.43064373  0.39989410  0.31470778  0.36080551  0.36080551  0.39989410  0.39989410  0.54360644  0.55592358  0.63452256  0.60737468  0.59416905  0.54360644  0.56845144  0.49631067  0.69203801  0.67723013  0.70715151  0.70715151  0.56845144  0.51957680  0.50785134  0.49631067  0.47376104  0.41000119  0.38992461  0.38992461  0.41000119  0.41000119  0.41000119  0.41000119  0.41000119  0.42024973  0.45188509  0.46274138  0.56845144  0.55592358  0.56845144  0.55592358  0.49631067  0.37038379  0.38992461  0.37038379  0.46274138  0.55592358  0.43064373  0.41000119  0.39989410  0.43064373  0.39989410  0.33280016  0.33280016  0.36080551  0.35135089  0.47376104  0.38992461  0.39989410  0.47376104  0.39989410  0.37038379  0.37038379  0.49631067  0.43064373  0.43064373  0.43064373  0.54360644  0.49631067  0.50785134  0.51957680  0.38008902  0.38008902  0.36080551  0.35135089  0.39989410  0.38008902  0.42024973  0.45188509  0.44118740  0.38008902  0.41000119  0.46274138  0.56845144  0.48494906  0.45188509  0.43064373  0.47376104  0.50785134  0.43064373  0.43064373  0.51957680  0.51957680  0.53149306  0.53149306  0.47376104  0.48494906  0.44118740  0.46274138  0.51957680  
82_129_0   0.39989410  0.41000119  0.53149306  0.50785134  0.35135089  0.35135089  0.33280016  0.35135089  0.35135089  0.26296732  0.11292763  0.11292763  0.02966249  0.02966249  0.04805440  0.00000000  0.53149306  0.53149306  0.53149306  0.54360644  0.55592358  0.58119735  0.42024973  0.43064373  0.39989410  0.38008902  0.43064373  0.45188509  0.46274138  0.46274138  0.46274138  0.43064373  0.41000119  0.49631067  0.49631067  0.47376104  0.46274138  0.42024973  0.38008902  0.34201679  0.43064373  0.45188509  0.41000119  0.43064373  0.44118740  0.43064373  0.44118740  0.41000119  0.29705163  0.34201679  0.32369810  0.36080551  0.36080551  0.51957680  0.53149306  0.60737468  0.59416905  0.58119735  0.53149306  0.55592358  0.51957680  0.63452256  0.62082282  0.64848349  0.64848349  0.54360644  0.50785134  0.49631067  0.48494906  0.48494906  0.38992461  0.37038379  0.37038379  0.38992461  0.38992461  0.42024973  0.42024973  0.42024973  0.43064373  0.42024973  0.43064373  0.51957680  0.50785134  0.55592358  0.51957680  0.51957680  0.36080551  0.38008902  0.36080551  0.44118740  0.51957680  0.44118740  0.44118740  0.43064373  0.43064373  0.39989410  0.37038379  0.37038379  0.38008902  0.37038379  0.48494906  0.37038379  0.38008902  0.49631067  0.38992461  0.37038379  0.38992461  0.51957680  0.41000119  0.41000119  0.43064373  0.51957680  0.49631067  0.54360644  0.55592358  0.37038379  0.37038379  0.35135089  0.34201679  0.41000119  0.38992461  0.43064373  0.44118740  0.43064373  0.39989410  0.44118740  0.46274138  0.54360644  0.47376104  0.44118740  0.43064373  0.46274138  0.49631067  0.43064373  0.43064373  0.51957680  0.51957680  0.53149306  0.50785134  0.47376104  0.48494906  0.44118740  0.48494906  0.49631067  
68_117_0   0.50785134  0.50785134  0.48494906  0.46274138  0.50785134  0.50785134  0.55592358  0.51957680  0.51957680  0.39989410  0.55592358  0.55592358  0.58119735  0.58119735  0.59416905  0.53149306  0.00000000  0.00583716  0.00583716  0.39989410  0.41000119  0.46274138  0.45188509  0.44118740  0.45188509  0.43064373  0.49631067  0.49631067  0.45188509  0.59416905  0.60737468  0.56845144  0.58119735  0.53149306  0.51957680  0.32369810  0.46274138  0.41000119  0.43064373  0.41000119  0.39989410  0.39989410  0.41000119  0.41000119  0.39989410  0.49631067  0.47376104  0.46274138  0.39989410  0.46274138  0.42024973  0.42024973  0.41000119  0.55592358  0.55592358  0.51957680  0.58119735  0.56845144  0.56845144  0.56845144  0.53149306  0.53149306  0.54360644  0.58119735  0.58119735  0.56845144  0.47376104  0.45188509  0.45188509  0.47376104  0.38992461  0.41000119  0.41000119  0.39989410  0.39989410  0.58119735  0.58119735  0.59416905  0.56845144  0.60737468  0.62082282  0.70715151  0.69203801  0.75445880  0.70715151  0.54360644  0.49631067  0.50785134  0.49631067  0.55592358  0.51957680  0.48494906  0.56845144  0.53149306  0.51957680  0.46274138  0.54360644  0.54360644  0.48494906  0.48494906  0.63452256  0.41000119  0.42024973  0.45188509  0.51957680  0.55592358  0.46274138  0.69203801  0.45188509  0.46274138  0.44118740  0.56845144  0.58119735  0.58119735  0.56845144  0.47376104  0.47376104  0.49631067  0.50785134  0.50785134  0.48494906  0.55592358  0.58119735  0.58119735  0.55592358  0.53149306  0.50785134  0.59416905  0.62082282  0.60737468  0.60737468  0.58119735  0.58119735  0.59416905  0.59416905  0.58119735  0.55592358  0.55592358  0.51957680  0.50785134  0.49631067  0.50785134  0.60737468  0.66271576  
68_118_0   0.51957680  0.51957680  0.49631067  0.47376104  0.51957680  0.51957680  0.55592358  0.53149306  0.53149306  0.39989410  0.55592358  0.55592358  0.58119735  0.58119735  0.59416905  0.53149306  0.00583716  0.00000000  0.00000000  0.39989410  0.41000119  0.46274138  0.46274138  0.45188509  0.45188509  0.43064373  0.49631067  0.49631067  0.45188509  0.59416905  0.60737468  0.56845144  0.59416905  0.53149306  0.53149306  0.33280016  0.46274138  0.42024973  0.44118740  0.41000119  0.39989410  0.41000119  0.42024973  0.42024973  0.41000119  0.49631067  0.47376104  0.46274138  0.41000119  0.46274138  0.42024973  0.42024973  0.41000119  0.56845144  0.56845144  0.53149306  0.58119735  0.56845144  0.56845144  0.56845144  0.54360644  0.54360644  0.55592358  0.59416905  0.59416905  0.56845144  0.47376104  0.45188509  0.45188509  0.47376104  0.38992461  0.41000119  0.41000119  0.38992461  0.38992461  0.59416905  0.59416905  0.60737468  0.58119735  0.62082282  0.63452256  0.70715151  0.69203801  0.75445880  0.70715151  0.55592358  0.49631067  0.50785134  0.49631067  0.56845144  0.53149306  0.49631067  0.56845144  0.54360644  0.51957680  0.47376104  0.54360644  0.54360644  0.48494906  0.48494906  0.64848349  0.42024973  0.43064373  0.46274138  0.53149306  0.56845144  0.47376104  0.69203801  0.46274138  0.46274138  0.44118740  0.58119735  0.59416905  0.58119735  0.56845144  0.47376104  0.47376104  0.49631067  0.50785134  0.50785134  0.48494906  0.56845144  0.59416905  0.59416905  0.56845144  0.53149306  0.49631067  0.59416905  0.62082282  0.60737468  0.62082282  0.58119735  0.58119735  0.59416905  0.59416905  0.58119735  0.55592358  0.55592358  0.51957680  0.50785134  0.49631067  0.50785134  0.62082282  0.67723013  
68_26_0    0.51957680  0.51957680  0.49631067  0.47376104  0.51957680  0.51957680  0.55592358  0.53149306  0.53149306  0.39989410  0.55592358  0.55592358  0.58119735  0.58119735  0.59416905  0.53149306  0.00583716  0.00000000  0.00000000  0.39989410  0.41000119  0.46274138  0.46274138  0.45188509  0.45188509  0.43064373  0.49631067  0.49631067  0.45188509  0.59416905  0.60737468  0.56845144  0.59416905  0.53149306  0.53149306  0.33280016  0.46274138  0.42024973  0.44118740  0.41000119  0.39989410  0.41000119  0.42024973  0.42024973  0.41000119  0.49631067  0.47376104  0.46274138  0.41000119  0.46274138  0.42024973  0.42024973  0.41000119  0.56845144  0.56845144  0.53149306  0.58119735  0.56845144  0.56845144  0.56845144  0.54360644  0.54360644  0.55592358  0.59416905  0.59416905  0.56845144  0.47376104  0.45188509  0.45188509  0.47376104  0.38992461  0.41000119  0.41000119  0.38992461  0.38992461  0.59416905  0.59416905  0.60737468  0.58119735  0.62082282  0.63452256  0.70715151  0.69203801  0.75445880  0.70715151  0.55592358  0.49631067  0.50785134  0.49631067  0.56845144  0.53149306  0.49631067  0.56845144  0.54360644  0.51957680  0.47376104  0.54360644  0.54360644  0.48494906  0.48494906  0.64848349  0.42024973  0.43064373  0.46274138  0.53149306  0.56845144  0.47376104  0.69203801  0.46274138  0.46274138  0.44118740  0.58119735  0.59416905  0.58119735  0.56845144  0.47376104  0.47376104  0.49631067  0.50785134  0.50785134  0.48494906  0.56845144  0.59416905  0.59416905  0.56845144  0.53149306  0.49631067  0.59416905  0.62082282  0.60737468  0.62082282  0.58119735  0.58119735  0.59416905  0.59416905  0.58119735  0.55592358  0.55592358  0.51957680  0.50785134  0.49631067  0.50785134  0.62082282  0.67723013  
75_114_0   0.63452256  0.64848349  0.51957680  0.47376104  0.59416905  0.59416905  0.60737468  0.60737468  0.60737468  0.55592358  0.53149306  0.53149306  0.54360644  0.54360644  0.54360644  0.54360644  0.39989410  0.39989410  0.39989410  0.00000000  0.00583716  0.06692016  0.48494906  0.49631067  0.51957680  0.51957680  0.58119735  0.58119735  0.54360644  0.60737468  0.62082282  0.59416905  0.55592358  0.53149306  0.49631067  0.50785134  0.53149306  0.44118740  0.54360644  0.44118740  0.47376104  0.48494906  0.50785134  0.49631067  0.48494906  0.53149306  0.54360644  0.47376104  0.47376104  0.45188509  0.43064373  0.49631067  0.49631067  0.59416905  0.59416905  0.67723013  0.64848349  0.63452256  0.66271576  0.69203801  0.66271576  0.70715151  0.70715151  0.67723013  0.67723013  0.66271576  0.58119735  0.56845144  0.58119735  0.62082282  0.48494906  0.48494906  0.48494906  0.47376104  0.47376104  0.59416905  0.59416905  0.58119735  0.55592358  0.56845144  0.59416905  0.77093230  0.75445880  0.70715151  0.72258351  0.58119735  0.55592358  0.55592358  0.55592358  0.66271576  0.67723013  0.62082282  0.62082282  0.59416905  0.48494906  0.56845144  0.54360644  0.54360644  0.53149306  0.53149306  0.69203801  0.48494906  0.49631067  0.59416905  0.59416905  0.63452256  0.55592358  0.58119735  0.55592358  0.58119735  0.51957680  0.72258351  0.64848349  0.62082282  0.60737468  0.54360644  0.54360644  0.56845144  0.55592358  0.56845144  0.54360644  0.58119735  0.56845144  0.58119735  0.54360644  0.58119735  0.54360644  0.72258351  0.70715151  0.66271576  0.70715151  0.64848349  0.54360644  0.54360644  0.54360644  0.67723013  0.69203801  0.70715151  0.64848349  0.63452256  0.66271576  0.66271576  0.75445880  0.67723013  
68_114_0   0.64848349  0.66271576  0.53149306  0.48494906  0.58119735  0.58119735  0.59416905  0.59416905  0.59416905  0.54360644  0.54360644  0.54360644  0.55592358  0.55592358  0.55592358  0.55592358  0.41000119  0.41000119  0.41000119  0.00583716  0.00000000  0.06057741  0.47376104  0.48494906  0.53149306  0.53149306  0.56845144  0.56845144  0.53149306  0.59416905  0.60737468  0.58119735  0.56845144  0.51957680  0.48494906  0.51957680  0.54360644  0.45188509  0.54360644  0.45188509  0.48494906  0.49631067  0.51957680  0.50785134  0.49631067  0.51957680  0.55592358  0.48494906  0.48494906  0.45188509  0.43064373  0.49631067  0.49631067  0.60737468  0.60737468  0.69203801  0.66271576  0.64848349  0.67723013  0.70715151  0.67723013  0.72258351  0.72258351  0.69203801  0.69203801  0.67723013  0.56845144  0.55592358  0.56845144  0.60737468  0.49631067  0.49631067  0.49631067  0.48494906  0.48494906  0.58119735  0.58119735  0.56845144  0.54360644  0.58119735  0.58119735  0.75445880  0.73834773  0.69203801  0.70715151  0.56845144  0.54360644  0.54360644  0.54360644  0.66271576  0.69203801  0.63452256  0.63452256  0.60737468  0.49631067  0.58119735  0.55592358  0.55592358  0.54360644  0.54360644  0.67723013  0.49631067  0.50785134  0.58119735  0.60737468  0.62082282  0.56845144  0.59416905  0.56845144  0.59416905  0.53149306  0.70715151  0.66271576  0.63452256  0.62082282  0.53149306  0.53149306  0.55592358  0.54360644  0.58119735  0.55592358  0.59416905  0.58119735  0.59416905  0.53149306  0.56845144  0.53149306  0.70715151  0.70715151  0.66271576  0.70715151  0.64848349  0.54360644  0.54360644  0.54360644  0.69203801  0.70715151  0.72258351  0.63452256  0.62082282  0.64848349  0.67723013  0.73834773  0.69203801  
96_114_0   0.64848349  0.64848349  0.55592358  0.54360644  0.60737468  0.60737468  0.59416905  0.59416905  0.59416905  0.55592358  0.56845144  0.56845144  0.58119735  0.58119735  0.58119735  0.58119735  0.46274138  0.46274138  0.46274138  0.06692016  0.06057741  0.00000000  0.45188509  0.46274138  0.50785134  0.50785134  0.59416905  0.59416905  0.58119735  0.69203801  0.70715151  0.66271576  0.62082282  0.51957680  0.48494906  0.53149306  0.50785134  0.41000119  0.54360644  0.46274138  0.53149306  0.49631067  0.51957680  0.53149306  0.50785134  0.53149306  0.55592358  0.51957680  0.51957680  0.45188509  0.45188509  0.50785134  0.50785134  0.66271576  0.66271576  0.73834773  0.67723013  0.66271576  0.72258351  0.75445880  0.69203801  0.72258351  0.72258351  0.69203801  0.69203801  0.70715151  0.63452256  0.62082282  0.62082282  0.64848349  0.47376104  0.47376104  0.47376104  0.46274138  0.46274138  0.56845144  0.56845144  0.58119735  0.56845144  0.59416905  0.59416905  0.75445880  0.73834773  0.70715151  0.69203801  0.56845144  0.54360644  0.54360644  0.55592358  0.64848349  0.60737468  0.66271576  0.62082282  0.63452256  0.55592358  0.63452256  0.53149306  0.53149306  0.55592358  0.55592358  0.63452256  0.53149306  0.54360644  0.59416905  0.64848349  0.64848349  0.56845144  0.62082282  0.56845144  0.59416905  0.53149306  0.63452256  0.64848349  0.63452256  0.63452256  0.54360644  0.54360644  0.54360644  0.53149306  0.56845144  0.54360644  0.58119735  0.56845144  0.59416905  0.53149306  0.59416905  0.54360644  0.75445880  0.72258351  0.72258351  0.73834773  0.67723013  0.58119735  0.58119735  0.58119735  0.70715151  0.70715151  0.67723013  0.64848349  0.67723013  0.69203801  0.62082282  0.75445880  0.64848349  
