196
83_7_0     0.00000000  0.00514605  0.07551883  0.07551883  0.06986158  0.06424724  0.05867515  0.07551883  0.07551883  0.08696469  0.06424724  0.06986158  0.06424724  0.07551883  0.13460427  0.12847896  0.14078068  0.14078068  0.15329027  0.13460427  0.11637832  0.12240392  0.16601487  0.17896200  0.19881740  0.13460427  0.14700905  0.14078068  0.12847896  0.11637832  0.11637832  0.12847896  0.11637832  0.12240392  0.13460427  0.14700905  0.11637832  0.12240392  0.12847896  0.14700905  0.13460427  0.13460427  0.15329027  0.11637832  0.12240392  0.14078068  0.14078068  0.14700905  0.14700905  0.15962523  0.15962523  0.15329027  0.14700905  0.13460427  0.15962523  0.14700905  0.13460427  0.12847896  0.14078068  0.12847896  0.13460427  0.18552148  0.17896200  0.18552148  0.19213959  0.18552148  0.15962523  0.14700905  0.14700905  0.18552148  0.19213959  0.19213959  0.18552148  0.14700905  0.16601487  0.15962523  0.14700905  0.15329027  0.14700905  0.14700905  0.14700905  0.14700905  0.15329027  0.15329027  0.15329027  0.15329027  0.15962523  0.14078068  0.14700905  0.14078068  0.13460427  0.13460427  0.15329027  0.14700905  0.12847896  0.12847896  0.12240392  0.14700905  0.14700905  0.17246013  0.15329027  0.11040136  0.12847896  0.15329027  0.15329027  0.14700905  0.14078068  0.13460427  0.14700905  0.14078068  0.12240392  0.11637832  0.13460427  0.12240392  0.14078068  0.14700905  0.14078068  0.14078068  0.13460427  0.13460427  0.14700905  0.19881740  0.19213959  0.15329027  0.13460427  0.14078068  0.12847896  0.17246013  0.17896200  0.17246013  0.17246013  0.15329027  0.17246013  0.16601487  0.15962523  0.15329027  0.15962523  0.14078068  0.14700905  0.14700905  0.14078068  0.15329027  0.11637832  0.11637832  0.13460427  0.12240392  0.12847896  0.12847896  0.14078068  0.15329027  0.14700905  0.17246013  0.15962523  0.17246013  0.15329027  0.17246013  0.17246013  0.14078068  0.13460427  0.12847896  0.17246013  0.15329027  0.12847896  0.12847896  0.12240392  0.09275467  0.12240392  0.11637832  0.11637832  0.17246013  0.15962523  0.15962523  0.14700905  0.14078068  0.14700905  0.13460427  0.14078068  0.15329027  0.14078068  0.11637832  0.14700905  0.12240392  0.10447227  0.09859029  0.13460427  0.11637832  0.10447227  0.11637832  0.11637832  0.19213959  0.19213959  0.17246013  0.17246013  0.17896200  0.17896200  0.19213959  
60_7_0     0.00514605  0.00000000  0.06986158  0.08121964  0.07551883  0.06986158  0.06424724  0.08121964  0.08121964  0.08121964  0.06986158  0.07551883  0.06986158  0.08121964  0.14078068  0.13460427  0.13460427  0.14700905  0.14700905  0.12847896  0.12240392  0.12847896  0.17246013  0.18552148  0.20555598  0.12847896  0.15329027  0.14700905  0.13460427  0.12240392  0.12240392  0.12240392  0.11040136  0.11637832  0.12847896  0.15329027  0.12240392  0.12847896  0.13460427  0.15329027  0.14078068  0.14078068  0.14700905  0.11040136  0.11637832  0.14700905  0.14700905  0.14078068  0.14078068  0.15329027  0.15329027  0.14700905  0.15329027  0.14078068  0.15329027  0.14078068  0.14078068  0.13460427  0.14700905  0.12240392  0.12847896  0.17896200  0.17246013  0.17896200  0.18552148  0.17896200  0.15329027  0.14078068  0.14078068  0.19213959  0.18552148  0.18552148  0.17896200  0.15329027  0.17246013  0.16601487  0.15329027  0.15962523  0.15329027  0.15329027  0.15329027  0.15329027  0.15962523  0.15962523  0.15962523  0.15962523  0.15329027  0.13460427  0.14078068  0.14700905  0.14078068  0.14078068  0.14700905  0.14078068  0.13460427  0.13460427  0.12847896  0.14078068  0.14078068  0.16601487  0.15962523  0.11637832  0.12240392  0.14700905  0.15962523  0.15329027  0.13460427  0.14078068  0.14078068  0.13460427  0.12847896  0.12240392  0.14078068  0.12847896  0.14700905  0.15329027  0.14700905  0.13460427  0.12847896  0.12847896  0.14078068  0.19213959  0.18552148  0.14700905  0.14078068  0.14700905  0.13460427  0.17896200  0.18552148  0.17896200  0.17896200  0.14700905  0.16601487  0.17246013  0.16601487  0.15962523  0.16601487  0.14700905  0.15329027  0.15329027  0.14700905  0.15962523  0.12240392  0.12240392  0.14078068  0.12847896  0.13460427  0.13460427  0.14700905  0.14700905  0.14078068  0.16601487  0.15329027  0.16601487  0.15962523  0.16601487  0.16601487  0.13460427  0.12847896  0.12240392  0.17896200  0.15962523  0.13460427  0.13460427  0.12847896  0.09859029  0.11637832  0.11040136  0.11040136  0.17246013  0.15962523  0.15962523  0.14700905  0.14700905  0.15329027  0.14078068  0.13460427  0.14700905  0.13460427  0.11040136  0.14078068  0.11637832  0.09859029  0.10447227  0.12847896  0.12240392  0.11040136  0.12240392  0.11040136  0.18552148  0.18552148  0.17896200  0.17246013  0.17246013  0.17246013  0.18552148  
51_7_0     0.07551883  0.06986158  0.00000000  0.07551883  0.06986158  0.06986158  0.07551883  0.06986158  0.05867515  0.07551883  0.06424724  0.08121964  0.07551883  0.07551883  0.10447227  0.11040136  0.17246013  0.14700905  0.16601487  0.14700905  0.14078068  0.14700905  0.19881740  0.17246013  0.16601487  0.10447227  0.10447227  0.13460427  0.11637832  0.13460427  0.12847896  0.13460427  0.14078068  0.14700905  0.14700905  0.18552148  0.12847896  0.14700905  0.14078068  0.15329027  0.13460427  0.13460427  0.12847896  0.10447227  0.12240392  0.13460427  0.13460427  0.14700905  0.14700905  0.14700905  0.14700905  0.15962523  0.16601487  0.15962523  0.15962523  0.14700905  0.16601487  0.15962523  0.15329027  0.15329027  0.14700905  0.14700905  0.14078068  0.14700905  0.15329027  0.14700905  0.15962523  0.17246013  0.17246013  0.15962523  0.17246013  0.17246013  0.16601487  0.17246013  0.15329027  0.15962523  0.15329027  0.15962523  0.14078068  0.15962523  0.14700905  0.14700905  0.16601487  0.16601487  0.16601487  0.16601487  0.16601487  0.13460427  0.14078068  0.14700905  0.14078068  0.11637832  0.12240392  0.14700905  0.13460427  0.13460427  0.12847896  0.15329027  0.16601487  0.13460427  0.16601487  0.12240392  0.12240392  0.14700905  0.17246013  0.16601487  0.14700905  0.12240392  0.12240392  0.12847896  0.13460427  0.14700905  0.12847896  0.14078068  0.15329027  0.16601487  0.15329027  0.14700905  0.12847896  0.14078068  0.12847896  0.14700905  0.15329027  0.13460427  0.14078068  0.15962523  0.15962523  0.14078068  0.14700905  0.14078068  0.14078068  0.14700905  0.15329027  0.14700905  0.14078068  0.13460427  0.13460427  0.14700905  0.15329027  0.14078068  0.15962523  0.13460427  0.13460427  0.13460427  0.14078068  0.14078068  0.12240392  0.12240392  0.13460427  0.13460427  0.14078068  0.14078068  0.16601487  0.15962523  0.15329027  0.12240392  0.12240392  0.12240392  0.11637832  0.10447227  0.12847896  0.13460427  0.13460427  0.12240392  0.12847896  0.13460427  0.11637832  0.12240392  0.12240392  0.15329027  0.15329027  0.19213959  0.15329027  0.16601487  0.15962523  0.14700905  0.15962523  0.15962523  0.11040136  0.13460427  0.12847896  0.08121964  0.09859029  0.11637832  0.12847896  0.12240392  0.12847896  0.09275467  0.09859029  0.16601487  0.17896200  0.17246013  0.18552148  0.18552148  0.15962523  0.21235647  
77_6_0     0.07551883  0.08121964  0.07551883  0.00000000  0.00514605  0.05314468  0.04765522  0.07551883  0.07551883  0.07551883  0.04765522  0.05314468  0.04765522  0.06986158  0.11637832  0.11040136  0.17246013  0.14700905  0.16601487  0.14078068  0.12240392  0.12240392  0.17246013  0.15962523  0.16601487  0.14078068  0.12847896  0.14078068  0.10447227  0.12240392  0.12847896  0.15329027  0.12847896  0.12240392  0.15962523  0.14700905  0.11637832  0.11040136  0.11637832  0.14700905  0.09859029  0.09859029  0.16601487  0.11637832  0.09859029  0.09859029  0.09859029  0.11637832  0.11637832  0.11637832  0.11637832  0.12847896  0.13460427  0.11637832  0.12847896  0.14078068  0.14700905  0.12240392  0.14078068  0.12240392  0.12847896  0.12847896  0.13460427  0.12847896  0.13460427  0.12847896  0.14078068  0.14078068  0.14078068  0.11637832  0.15962523  0.15962523  0.15329027  0.11637832  0.11040136  0.14078068  0.13460427  0.14078068  0.12240392  0.14078068  0.12847896  0.11637832  0.13460427  0.13460427  0.14700905  0.14700905  0.13460427  0.12240392  0.11637832  0.11040136  0.09275467  0.11637832  0.12240392  0.14078068  0.12240392  0.12240392  0.12847896  0.13460427  0.15329027  0.17246013  0.12847896  0.11637832  0.13460427  0.16601487  0.17246013  0.17896200  0.15329027  0.12240392  0.11637832  0.11040136  0.13460427  0.12847896  0.13460427  0.12240392  0.14078068  0.14078068  0.10447227  0.10447227  0.09275467  0.10447227  0.11637832  0.17896200  0.15962523  0.13460427  0.11637832  0.13460427  0.12240392  0.16601487  0.17246013  0.16601487  0.16601487  0.17246013  0.16601487  0.13460427  0.14078068  0.13460427  0.14078068  0.14700905  0.16601487  0.14078068  0.13460427  0.14700905  0.11040136  0.11040136  0.12240392  0.11637832  0.13460427  0.13460427  0.12240392  0.12240392  0.11637832  0.12847896  0.12847896  0.15329027  0.14700905  0.11637832  0.11637832  0.13460427  0.12847896  0.11040136  0.12847896  0.11040136  0.11040136  0.09859029  0.10447227  0.12240392  0.12847896  0.14078068  0.15329027  0.15962523  0.13460427  0.17246013  0.14078068  0.15962523  0.16601487  0.16601487  0.17896200  0.16601487  0.12240392  0.11040136  0.12847896  0.09275467  0.11040136  0.09275467  0.10447227  0.08696469  0.07551883  0.11637832  0.06424724  0.15962523  0.16601487  0.14078068  0.15329027  0.15962523  0.15962523  0.21235647  
51_6_0     0.06986158  0.07551883  0.06986158  0.00514605  0.00000000  0.04765522  0.04220616  0.06986158  0.06986158  0.06986158  0.05314468  0.05867515  0.05314468  0.07551883  0.11040136  0.10447227  0.16601487  0.14078068  0.15962523  0.13460427  0.11637832  0.11637832  0.16601487  0.15329027  0.15962523  0.13460427  0.12240392  0.13460427  0.09859029  0.11637832  0.12240392  0.14700905  0.13460427  0.12847896  0.15329027  0.14078068  0.11040136  0.10447227  0.11040136  0.14078068  0.09275467  0.10447227  0.15962523  0.11040136  0.09275467  0.10447227  0.10447227  0.11040136  0.11040136  0.11040136  0.11040136  0.12240392  0.12847896  0.11040136  0.13460427  0.13460427  0.14078068  0.11637832  0.13460427  0.11637832  0.12240392  0.12240392  0.12847896  0.12240392  0.12847896  0.12240392  0.13460427  0.13460427  0.13460427  0.11040136  0.16601487  0.16601487  0.15962523  0.11040136  0.10447227  0.13460427  0.12847896  0.13460427  0.11637832  0.13460427  0.12240392  0.11040136  0.12847896  0.12847896  0.14078068  0.14078068  0.14078068  0.11637832  0.11040136  0.10447227  0.08696469  0.11040136  0.11637832  0.13460427  0.11637832  0.11637832  0.12240392  0.12847896  0.14700905  0.17896200  0.13460427  0.11040136  0.12847896  0.15962523  0.17896200  0.17246013  0.14700905  0.12847896  0.12240392  0.11637832  0.12847896  0.12240392  0.12847896  0.11637832  0.13460427  0.13460427  0.11040136  0.11040136  0.09859029  0.11040136  0.12240392  0.18552148  0.16601487  0.14078068  0.12240392  0.14078068  0.12847896  0.17246013  0.17896200  0.17246013  0.17246013  0.17896200  0.17246013  0.14078068  0.14700905  0.14078068  0.14700905  0.15329027  0.17246013  0.14700905  0.14078068  0.15329027  0.10447227  0.10447227  0.11637832  0.11040136  0.12847896  0.12847896  0.11637832  0.12847896  0.12240392  0.13460427  0.13460427  0.15962523  0.14078068  0.12240392  0.12240392  0.14078068  0.13460427  0.11637832  0.13460427  0.10447227  0.11637832  0.10447227  0.11040136  0.12847896  0.12240392  0.13460427  0.14700905  0.15329027  0.12847896  0.17896200  0.14700905  0.15329027  0.15962523  0.15962523  0.17246013  0.15962523  0.11637832  0.10447227  0.12240392  0.08696469  0.10447227  0.08696469  0.09859029  0.08121964  0.06986158  0.11040136  0.05867515  0.16601487  0.17246013  0.14700905  0.15962523  0.16601487  0.15329027  0.20555598  
60_9_0     0.06424724  0.06986158  0.06986158  0.05314468  0.04765522  0.00000000  0.01554671  0.05314468  0.04220616  0.07551883  0.05867515  0.07551883  0.06986158  0.08121964  0.12847896  0.13460427  0.17246013  0.15962523  0.17246013  0.14078068  0.11637832  0.12847896  0.17246013  0.14700905  0.16601487  0.14078068  0.15329027  0.14078068  0.11040136  0.11040136  0.13460427  0.14700905  0.11040136  0.11637832  0.12847896  0.15329027  0.11040136  0.12847896  0.09859029  0.14078068  0.11637832  0.11637832  0.15962523  0.11040136  0.10447227  0.14700905  0.14700905  0.14078068  0.14078068  0.15329027  0.15329027  0.13460427  0.14700905  0.12847896  0.14078068  0.12847896  0.11637832  0.13460427  0.12240392  0.12240392  0.12847896  0.14078068  0.13460427  0.14078068  0.14700905  0.14078068  0.15329027  0.14078068  0.14078068  0.14078068  0.18552148  0.18552148  0.17896200  0.12847896  0.13460427  0.14078068  0.14078068  0.14700905  0.14078068  0.14078068  0.14078068  0.12847896  0.14700905  0.14700905  0.14700905  0.14700905  0.15329027  0.12240392  0.12847896  0.13460427  0.12847896  0.12847896  0.13460427  0.14078068  0.12240392  0.12240392  0.11637832  0.15329027  0.15329027  0.17246013  0.16601487  0.12847896  0.13460427  0.15962523  0.17246013  0.16601487  0.15962523  0.12847896  0.12847896  0.13460427  0.14078068  0.13460427  0.14078068  0.12847896  0.17246013  0.16601487  0.12240392  0.12847896  0.12847896  0.14078068  0.14078068  0.16601487  0.14700905  0.14700905  0.12847896  0.12240392  0.12240392  0.17896200  0.18552148  0.17896200  0.17896200  0.17246013  0.17896200  0.17246013  0.16601487  0.15962523  0.15329027  0.14700905  0.14078068  0.15329027  0.14700905  0.15962523  0.10447227  0.10447227  0.12240392  0.11040136  0.10447227  0.10447227  0.12847896  0.15329027  0.14700905  0.17246013  0.17246013  0.17246013  0.15329027  0.16601487  0.16601487  0.12240392  0.12847896  0.12240392  0.15329027  0.14700905  0.11040136  0.11040136  0.10447227  0.11040136  0.11637832  0.12847896  0.14078068  0.14700905  0.14700905  0.17246013  0.16601487  0.15329027  0.15962523  0.14700905  0.16601487  0.17896200  0.12240392  0.13460427  0.15329027  0.09275467  0.09859029  0.09275467  0.12240392  0.10447227  0.11040136  0.09859029  0.11040136  0.21235647  0.19213959  0.19213959  0.17896200  0.19881740  0.18552148  0.18552148  
83_9_0     0.05867515  0.06424724  0.07551883  0.04765522  0.04220616  0.01554671  0.00000000  0.05867515  0.05867515  0.08121964  0.07551883  0.08121964  0.07551883  0.09859029  0.12240392  0.11637832  0.16601487  0.15329027  0.16601487  0.13460427  0.10447227  0.12847896  0.16601487  0.15329027  0.17246013  0.14700905  0.14700905  0.13460427  0.12240392  0.11637832  0.12240392  0.14700905  0.11040136  0.11637832  0.12847896  0.14078068  0.12240392  0.11637832  0.09859029  0.14078068  0.11637832  0.11637832  0.15962523  0.11040136  0.10447227  0.12847896  0.12847896  0.13460427  0.13460427  0.13460427  0.13460427  0.14078068  0.13460427  0.11040136  0.14700905  0.13460427  0.11040136  0.12847896  0.12847896  0.11637832  0.12240392  0.14700905  0.14078068  0.14700905  0.15329027  0.14700905  0.15962523  0.13460427  0.13460427  0.14700905  0.17896200  0.17896200  0.17246013  0.12240392  0.12847896  0.14700905  0.14078068  0.14700905  0.14078068  0.14700905  0.13460427  0.12240392  0.12847896  0.12847896  0.12847896  0.12847896  0.15962523  0.12847896  0.13460427  0.11637832  0.11040136  0.13460427  0.14078068  0.14700905  0.11637832  0.11637832  0.11040136  0.14078068  0.14078068  0.18552148  0.16601487  0.13460427  0.14078068  0.15329027  0.17896200  0.17246013  0.14700905  0.12847896  0.12847896  0.12240392  0.14700905  0.14078068  0.14700905  0.13460427  0.16601487  0.16601487  0.13460427  0.13460427  0.11040136  0.12240392  0.13460427  0.16601487  0.15962523  0.15329027  0.13460427  0.12847896  0.11637832  0.18552148  0.19213959  0.18552148  0.18552148  0.16601487  0.17246013  0.15329027  0.14700905  0.14078068  0.14700905  0.14078068  0.14700905  0.13460427  0.14078068  0.14078068  0.09859029  0.09859029  0.11637832  0.10447227  0.11040136  0.11040136  0.12240392  0.14078068  0.13460427  0.15962523  0.15962523  0.17896200  0.15962523  0.15962523  0.15962523  0.12847896  0.12240392  0.12847896  0.14700905  0.12847896  0.11637832  0.11637832  0.11040136  0.11637832  0.12240392  0.12847896  0.14078068  0.14700905  0.13460427  0.17246013  0.15329027  0.17246013  0.17896200  0.16601487  0.17246013  0.17246013  0.12847896  0.12847896  0.14700905  0.09859029  0.10447227  0.09859029  0.11637832  0.09859029  0.10447227  0.09859029  0.09275467  0.20555598  0.19881740  0.18552148  0.17246013  0.17896200  0.17896200  0.19213959  
60_6_0     0.07551883  0.08121964  0.06986158  0.07551883  0.06986158  0.05314468  0.05867515  0.00000000  0.01032812  0.07551883  0.09859029  0.10447227  0.09859029  0.09859029  0.11637832  0.11040136  0.17246013  0.14700905  0.17896200  0.14700905  0.14700905  0.14700905  0.15962523  0.17246013  0.15329027  0.11637832  0.10447227  0.13460427  0.12240392  0.11040136  0.12240392  0.15962523  0.13460427  0.14078068  0.14078068  0.15329027  0.09859029  0.12847896  0.13460427  0.15329027  0.11637832  0.11637832  0.13460427  0.11040136  0.10447227  0.12240392  0.12240392  0.13460427  0.13460427  0.14700905  0.14700905  0.14700905  0.16601487  0.13460427  0.15962523  0.14700905  0.12847896  0.14078068  0.14078068  0.14078068  0.13460427  0.15962523  0.15329027  0.15962523  0.16601487  0.15962523  0.14700905  0.14700905  0.14700905  0.15962523  0.16601487  0.16601487  0.15962523  0.14700905  0.15329027  0.13460427  0.12240392  0.12847896  0.11040136  0.12240392  0.12240392  0.13460427  0.16601487  0.16601487  0.16601487  0.16601487  0.18552148  0.15329027  0.15962523  0.14078068  0.13460427  0.10447227  0.12240392  0.14700905  0.14700905  0.14700905  0.14078068  0.15962523  0.17246013  0.15962523  0.14078068  0.14078068  0.14700905  0.15962523  0.17246013  0.16601487  0.17246013  0.11637832  0.12847896  0.12240392  0.12847896  0.14078068  0.11637832  0.12847896  0.15962523  0.15329027  0.14700905  0.14700905  0.14078068  0.14078068  0.14078068  0.15962523  0.15329027  0.14700905  0.11637832  0.14700905  0.13460427  0.15329027  0.15962523  0.15329027  0.15329027  0.15962523  0.17896200  0.13460427  0.14078068  0.13460427  0.14700905  0.12240392  0.15329027  0.14078068  0.13460427  0.13460427  0.11637832  0.11637832  0.11637832  0.12240392  0.11637832  0.11637832  0.11637832  0.15962523  0.16601487  0.16601487  0.17896200  0.18552148  0.16601487  0.15329027  0.15329027  0.13460427  0.11637832  0.14078068  0.14078068  0.12240392  0.12240392  0.11040136  0.11637832  0.12240392  0.10447227  0.12847896  0.14078068  0.17246013  0.17246013  0.18552148  0.17896200  0.14700905  0.15329027  0.14078068  0.15329027  0.16601487  0.12240392  0.11040136  0.12847896  0.10447227  0.11040136  0.11637832  0.12240392  0.10447227  0.12240392  0.11040136  0.11637832  0.17246013  0.16601487  0.16601487  0.18552148  0.20555598  0.18552148  0.18552148  
83_6_0     0.07551883  0.08121964  0.05867515  0.07551883  0.06986158  0.04220616  0.05867515  0.01032812  0.00000000  0.07551883  0.08696469  0.10447227  0.09859029  0.08696469  0.11637832  0.12240392  0.18552148  0.14700905  0.19213959  0.15962523  0.15329027  0.15329027  0.17246013  0.17246013  0.15329027  0.12847896  0.11637832  0.14078068  0.12240392  0.12240392  0.13460427  0.15962523  0.13460427  0.14078068  0.14078068  0.16601487  0.09859029  0.14078068  0.12240392  0.15329027  0.12847896  0.12847896  0.14700905  0.12240392  0.11637832  0.13460427  0.13460427  0.13460427  0.13460427  0.14700905  0.14700905  0.14700905  0.17246013  0.14700905  0.15962523  0.14700905  0.14078068  0.15329027  0.14078068  0.15329027  0.14700905  0.15962523  0.15329027  0.15962523  0.16601487  0.15962523  0.15962523  0.15962523  0.15962523  0.15962523  0.16601487  0.16601487  0.15962523  0.15962523  0.15329027  0.14700905  0.13460427  0.14078068  0.12240392  0.13460427  0.13460427  0.14700905  0.17896200  0.17896200  0.17896200  0.17896200  0.18552148  0.15329027  0.15962523  0.15329027  0.14700905  0.11637832  0.13460427  0.14700905  0.13460427  0.13460427  0.12847896  0.16601487  0.17896200  0.15962523  0.15329027  0.14078068  0.14700905  0.17246013  0.18552148  0.17896200  0.17246013  0.10447227  0.11637832  0.12240392  0.11637832  0.12847896  0.10447227  0.11637832  0.15962523  0.15329027  0.13460427  0.14078068  0.14078068  0.14078068  0.12847896  0.15962523  0.15329027  0.14700905  0.12847896  0.14700905  0.14700905  0.15329027  0.15962523  0.15329027  0.15329027  0.17246013  0.17896200  0.14700905  0.15329027  0.14700905  0.14700905  0.13460427  0.15329027  0.15329027  0.14700905  0.14700905  0.12847896  0.12847896  0.12847896  0.13460427  0.11637832  0.11637832  0.12847896  0.16601487  0.17246013  0.17246013  0.18552148  0.18552148  0.16601487  0.16601487  0.16601487  0.13460427  0.12847896  0.14078068  0.14078068  0.13460427  0.13460427  0.12240392  0.12847896  0.12240392  0.11637832  0.14078068  0.15329027  0.17246013  0.18552148  0.19881740  0.17896200  0.14700905  0.15329027  0.14078068  0.16601487  0.17896200  0.12240392  0.12240392  0.12847896  0.10447227  0.09859029  0.10447227  0.12240392  0.10447227  0.12240392  0.09859029  0.11637832  0.18552148  0.17896200  0.17896200  0.19881740  0.21922000  0.19881740  0.18552148  
85_6_0     0.08696469  0.08121964  0.07551883  0.07551883  0.06986158  0.07551883  0.08121964  0.07551883  0.07551883  0.00000000  0.09275467  0.09859029  0.09275467  0.09275467  0.12847896  0.12240392  0.15329027  0.16601487  0.15329027  0.14700905  0.14700905  0.15962523  0.18552148  0.17246013  0.15329027  0.15329027  0.14078068  0.15962523  0.15962523  0.13460427  0.17246013  0.15962523  0.14700905  0.15329027  0.15329027  0.19213959  0.13460427  0.15329027  0.17246013  0.15329027  0.14078068  0.12847896  0.15962523  0.13460427  0.11637832  0.12240392  0.12240392  0.14700905  0.14700905  0.14700905  0.14700905  0.15329027  0.17896200  0.14700905  0.17246013  0.15962523  0.17246013  0.15329027  0.16601487  0.14078068  0.13460427  0.15962523  0.15329027  0.15962523  0.16601487  0.15962523  0.15962523  0.14700905  0.14700905  0.17246013  0.19213959  0.19213959  0.19881740  0.14700905  0.16601487  0.14700905  0.14700905  0.15329027  0.15962523  0.14700905  0.14700905  0.14700905  0.16601487  0.16601487  0.16601487  0.16601487  0.15962523  0.14078068  0.14700905  0.12847896  0.14700905  0.12847896  0.13460427  0.14700905  0.13460427  0.13460427  0.12847896  0.17896200  0.19213959  0.17246013  0.17896200  0.14078068  0.13460427  0.15962523  0.17246013  0.16601487  0.13460427  0.14078068  0.12847896  0.12240392  0.12847896  0.14078068  0.12847896  0.14078068  0.17896200  0.17246013  0.12240392  0.11040136  0.11637832  0.12847896  0.15329027  0.17246013  0.16601487  0.17246013  0.14078068  0.18552148  0.17246013  0.17896200  0.18552148  0.17896200  0.17896200  0.15329027  0.17246013  0.15962523  0.16601487  0.17246013  0.18552148  0.15962523  0.16601487  0.16601487  0.15962523  0.15962523  0.13460427  0.13460427  0.13460427  0.14078068  0.13460427  0.13460427  0.14700905  0.14700905  0.15329027  0.16601487  0.16601487  0.18552148  0.18552148  0.16601487  0.16601487  0.13460427  0.12847896  0.15329027  0.16601487  0.15962523  0.13460427  0.14700905  0.14078068  0.17246013  0.12847896  0.12847896  0.12847896  0.16601487  0.17896200  0.17896200  0.17246013  0.16601487  0.17246013  0.15962523  0.14078068  0.15329027  0.13460427  0.13460427  0.15329027  0.11637832  0.13460427  0.15329027  0.11637832  0.12240392  0.09859029  0.12240392  0.10447227  0.19881740  0.17896200  0.20555598  0.17896200  0.16601487  0.17896200  0.19213959  
77_0_0     0.06424724  0.06986158  0.06424724  0.04765522  0.05314468  0.05867515  0.07551883  0.09859029  0.08696469  0.09275467  0.00000000  0.02609558  0.02080236  0.04220616  0.13460427  0.14078068  0.17896200  0.15329027  0.17246013  0.14700905  0.13460427  0.12847896  0.20555598  0.17246013  0.19213959  0.13460427  0.13460427  0.15329027  0.11637832  0.13460427  0.14078068  0.14700905  0.12240392  0.12847896  0.15329027  0.17896200  0.12847896  0.11637832  0.13460427  0.15329027  0.12240392  0.12240392  0.16601487  0.14078068  0.12847896  0.12847896  0.12847896  0.15329027  0.15329027  0.15329027  0.15329027  0.14078068  0.15962523  0.14078068  0.12847896  0.12847896  0.15962523  0.12240392  0.13460427  0.13460427  0.14078068  0.14078068  0.14700905  0.14078068  0.14700905  0.14078068  0.14078068  0.15329027  0.15329027  0.14078068  0.16601487  0.16601487  0.17246013  0.14078068  0.13460427  0.15329027  0.15329027  0.15962523  0.15329027  0.15329027  0.15329027  0.14078068  0.15962523  0.15962523  0.15962523  0.15962523  0.12847896  0.13460427  0.14078068  0.13460427  0.12847896  0.11040136  0.12847896  0.14700905  0.14078068  0.14078068  0.13460427  0.15329027  0.16601487  0.15329027  0.13460427  0.11040136  0.11637832  0.16601487  0.15962523  0.16601487  0.17246013  0.12240392  0.12847896  0.13460427  0.14700905  0.14078068  0.13460427  0.12240392  0.14078068  0.14700905  0.12240392  0.12847896  0.12240392  0.13460427  0.13460427  0.17246013  0.15329027  0.13460427  0.12847896  0.13460427  0.13460427  0.14700905  0.15329027  0.14700905  0.14700905  0.16601487  0.17246013  0.15329027  0.14700905  0.15329027  0.14700905  0.15962523  0.14700905  0.14700905  0.14078068  0.15329027  0.11637832  0.11637832  0.13460427  0.12240392  0.11637832  0.11637832  0.12847896  0.13460427  0.12847896  0.14078068  0.15329027  0.15962523  0.15329027  0.14700905  0.14700905  0.11637832  0.13460427  0.10447227  0.13460427  0.15329027  0.12847896  0.11637832  0.12240392  0.11637832  0.14700905  0.14700905  0.13460427  0.17246013  0.15962523  0.15962523  0.14700905  0.14700905  0.15329027  0.14078068  0.16601487  0.17896200  0.12847896  0.12847896  0.14700905  0.09859029  0.10447227  0.09859029  0.15329027  0.12240392  0.11040136  0.11637832  0.11040136  0.19213959  0.18552148  0.17246013  0.17896200  0.19881740  0.16601487  0.20555598  
51_8_0     0.06986158  0.07551883  0.08121964  0.05314468  0.05867515  0.07551883  0.08121964  0.10447227  0.10447227  0.09859029  0.02609558  0.00000000  0.00514605  0.04765522  0.16601487  0.15962523  0.19881740  0.18552148  0.16601487  0.16601487  0.15962523  0.14078068  0.19881740  0.17896200  0.19881740  0.14078068  0.14078068  0.16601487  0.12240392  0.14078068  0.13460427  0.15329027  0.14078068  0.13460427  0.17246013  0.18552148  0.13460427  0.13460427  0.13460427  0.15962523  0.11637832  0.11637832  0.17246013  0.13460427  0.14700905  0.13460427  0.13460427  0.15962523  0.15962523  0.15962523  0.15962523  0.15962523  0.17246013  0.15962523  0.14700905  0.15962523  0.16601487  0.14078068  0.14700905  0.14078068  0.14700905  0.15962523  0.15329027  0.15962523  0.16601487  0.15962523  0.14700905  0.15962523  0.15962523  0.14700905  0.19881740  0.19881740  0.20555598  0.14700905  0.15329027  0.15962523  0.15962523  0.16601487  0.15962523  0.15962523  0.15962523  0.14700905  0.16601487  0.16601487  0.17896200  0.17896200  0.15329027  0.16601487  0.15962523  0.15329027  0.14700905  0.12847896  0.11040136  0.15329027  0.13460427  0.13460427  0.14078068  0.16601487  0.18552148  0.17246013  0.13460427  0.12847896  0.13460427  0.16601487  0.16601487  0.17246013  0.16601487  0.14078068  0.14078068  0.13460427  0.15962523  0.15329027  0.14700905  0.13460427  0.15329027  0.15962523  0.13460427  0.14078068  0.12847896  0.14078068  0.16601487  0.19213959  0.17246013  0.15329027  0.14700905  0.15329027  0.14078068  0.17896200  0.18552148  0.17896200  0.17896200  0.18552148  0.20555598  0.17246013  0.16601487  0.17246013  0.17896200  0.16601487  0.15329027  0.15329027  0.14700905  0.15962523  0.12240392  0.12240392  0.14078068  0.12847896  0.14700905  0.14700905  0.13460427  0.14700905  0.14078068  0.15329027  0.16601487  0.17896200  0.17246013  0.15329027  0.15329027  0.12240392  0.12847896  0.13460427  0.15329027  0.15962523  0.12240392  0.11040136  0.11637832  0.12240392  0.14078068  0.15329027  0.14078068  0.17896200  0.15329027  0.17896200  0.14078068  0.17896200  0.17246013  0.17246013  0.18552148  0.17246013  0.14700905  0.13460427  0.16601487  0.10447227  0.13460427  0.11637832  0.15962523  0.14078068  0.11637832  0.14700905  0.11637832  0.18552148  0.19213959  0.16601487  0.17246013  0.19213959  0.16601487  0.23314096  
51_0_0     0.06424724  0.06986158  0.07551883  0.04765522  0.05314468  0.06986158  0.07551883  0.09859029  0.09859029  0.09275467  0.02080236  0.00514605  0.00000000  0.04220616  0.15962523  0.15329027  0.19213959  0.17896200  0.17246013  0.15962523  0.15329027  0.13460427  0.19213959  0.17246013  0.19213959  0.14700905  0.14700905  0.15962523  0.11637832  0.13460427  0.12847896  0.15962523  0.13460427  0.12847896  0.16601487  0.17896200  0.12847896  0.12847896  0.13460427  0.15329027  0.11040136  0.11040136  0.16601487  0.12847896  0.14078068  0.12847896  0.12847896  0.15329027  0.15329027  0.15329027  0.15329027  0.15329027  0.16601487  0.15329027  0.14078068  0.15329027  0.15962523  0.13460427  0.14078068  0.13460427  0.14078068  0.16601487  0.15962523  0.16601487  0.17246013  0.16601487  0.15329027  0.16601487  0.16601487  0.15329027  0.19213959  0.19213959  0.19881740  0.14078068  0.14700905  0.15329027  0.15329027  0.15962523  0.15329027  0.15329027  0.15329027  0.14078068  0.15962523  0.15962523  0.17246013  0.17246013  0.14700905  0.15962523  0.15329027  0.14700905  0.14078068  0.12240392  0.11637832  0.14700905  0.12847896  0.12847896  0.13460427  0.15962523  0.17896200  0.16601487  0.13460427  0.12240392  0.12847896  0.15962523  0.15962523  0.16601487  0.15962523  0.13460427  0.13460427  0.12847896  0.16601487  0.15962523  0.15329027  0.14078068  0.15962523  0.16601487  0.13460427  0.13460427  0.12240392  0.13460427  0.15962523  0.18552148  0.16601487  0.14700905  0.14078068  0.14700905  0.13460427  0.17246013  0.17896200  0.17246013  0.17246013  0.17896200  0.19881740  0.16601487  0.15962523  0.16601487  0.17246013  0.15962523  0.15962523  0.14700905  0.14078068  0.15329027  0.11637832  0.11637832  0.13460427  0.12240392  0.14078068  0.14078068  0.12847896  0.14078068  0.13460427  0.14700905  0.15962523  0.17246013  0.16601487  0.14700905  0.14700905  0.11637832  0.12240392  0.12847896  0.14700905  0.15329027  0.11637832  0.10447227  0.11040136  0.11637832  0.13460427  0.14700905  0.13460427  0.17246013  0.14700905  0.17246013  0.13460427  0.17246013  0.16601487  0.16601487  0.17896200  0.16601487  0.14078068  0.12847896  0.15962523  0.09859029  0.12847896  0.11040136  0.15329027  0.13460427  0.11040136  0.14078068  0.11040136  0.17896200  0.18552148  0.15962523  0.16601487  0.18552148  0.15962523  0.22614776  
85_0_0     0.07551883  0.08121964  0.07551883  0.06986158  0.07551883  0.08121964  0.09859029  0.09859029  0.08696469  0.09275467  0.04220616  0.04765522  0.04220616  0.00000000  0.14700905  0.15329027  0.19213959  0.15329027  0.17246013  0.15962523  0.15962523  0.14078068  0.20555598  0.17246013  0.17896200  0.15962523  0.15962523  0.14078068  0.11637832  0.13460427  0.11637832  0.14700905  0.12240392  0.11637832  0.15329027  0.17896200  0.10447227  0.12847896  0.12240392  0.12847896  0.13460427  0.13460427  0.15329027  0.14078068  0.15329027  0.12847896  0.12847896  0.15329027  0.15329027  0.15329027  0.15329027  0.15329027  0.17246013  0.16601487  0.14078068  0.15329027  0.17246013  0.14700905  0.14078068  0.14700905  0.14078068  0.17896200  0.17246013  0.17896200  0.18552148  0.17896200  0.17896200  0.19213959  0.19213959  0.16601487  0.19213959  0.19213959  0.19881740  0.16601487  0.15962523  0.16601487  0.15329027  0.15962523  0.15329027  0.15329027  0.15329027  0.15329027  0.17246013  0.17246013  0.18552148  0.18552148  0.15962523  0.17246013  0.16601487  0.17246013  0.16601487  0.14700905  0.14078068  0.16601487  0.15329027  0.15329027  0.15962523  0.15962523  0.19213959  0.16601487  0.14700905  0.14700905  0.14078068  0.15962523  0.15962523  0.16601487  0.16601487  0.12847896  0.12240392  0.12847896  0.15329027  0.15962523  0.14078068  0.14078068  0.15962523  0.16601487  0.14700905  0.15329027  0.13460427  0.14700905  0.15962523  0.15962523  0.14078068  0.12240392  0.12847896  0.13460427  0.13460427  0.15962523  0.16601487  0.15962523  0.15962523  0.16601487  0.17246013  0.16601487  0.15962523  0.16601487  0.15962523  0.15962523  0.14700905  0.15962523  0.15329027  0.15329027  0.11637832  0.11637832  0.14700905  0.13460427  0.14078068  0.14078068  0.14078068  0.13460427  0.12847896  0.14078068  0.16601487  0.17246013  0.16601487  0.15962523  0.15962523  0.12847896  0.14700905  0.12847896  0.13460427  0.15329027  0.10447227  0.10447227  0.11040136  0.11637832  0.14700905  0.17246013  0.15962523  0.18552148  0.17246013  0.17246013  0.13460427  0.17246013  0.16601487  0.16601487  0.16601487  0.16601487  0.14078068  0.14078068  0.15962523  0.10447227  0.14078068  0.12240392  0.14078068  0.13460427  0.12240392  0.12847896  0.13460427  0.19213959  0.19881740  0.18552148  0.17246013  0.17896200  0.17246013  0.20555598  
58_0_0     0.13460427  0.14078068  0.10447227  0.11637832  0.11040136  0.12847896  0.12240392  0.11637832  0.11637832  0.12847896  0.13460427  0.16601487  0.15962523  0.14700905  0.00000000  0.01032812  0.08696469  0.06424724  0.07551883  0.05867515  0.04220616  0.05867515  0.11040136  0.12240392  0.09859029  0.12847896  0.10447227  0.12240392  0.12240392  0.15962523  0.14078068  0.14078068  0.15329027  0.15962523  0.15329027  0.15962523  0.12847896  0.11040136  0.14078068  0.14078068  0.12240392  0.12240392  0.12240392  0.12240392  0.11637832  0.10447227  0.10447227  0.14078068  0.14078068  0.14078068  0.14078068  0.15329027  0.14078068  0.12847896  0.15962523  0.14078068  0.17246013  0.14700905  0.14700905  0.14700905  0.14078068  0.15329027  0.15962523  0.15329027  0.15962523  0.15329027  0.18552148  0.16601487  0.16601487  0.15329027  0.15962523  0.15962523  0.15329027  0.14078068  0.12847896  0.16601487  0.15962523  0.15329027  0.14700905  0.16601487  0.15329027  0.14078068  0.14700905  0.14700905  0.14700905  0.14700905  0.17896200  0.12240392  0.12847896  0.14078068  0.11637832  0.12240392  0.14078068  0.15329027  0.12240392  0.11637832  0.11637832  0.13460427  0.14700905  0.15962523  0.17246013  0.14700905  0.15329027  0.17246013  0.15962523  0.15962523  0.15329027  0.12847896  0.14700905  0.15329027  0.12847896  0.14078068  0.12847896  0.14078068  0.12240392  0.13460427  0.12240392  0.12847896  0.11040136  0.12240392  0.12847896  0.12847896  0.14078068  0.13460427  0.14078068  0.15962523  0.15962523  0.11040136  0.11637832  0.12240392  0.12240392  0.14700905  0.14078068  0.10447227  0.11040136  0.11040136  0.10447227  0.13460427  0.12847896  0.12847896  0.13460427  0.12240392  0.11637832  0.11637832  0.13460427  0.12847896  0.12240392  0.12240392  0.13460427  0.15329027  0.14700905  0.14700905  0.14700905  0.13460427  0.11637832  0.12240392  0.12240392  0.13460427  0.12240392  0.11040136  0.13460427  0.11040136  0.12847896  0.12847896  0.13460427  0.14078068  0.13460427  0.16601487  0.17896200  0.17896200  0.19213959  0.19213959  0.19881740  0.14078068  0.14700905  0.13460427  0.15962523  0.15962523  0.12240392  0.12847896  0.11040136  0.11637832  0.11637832  0.12240392  0.15329027  0.12240392  0.14078068  0.12240392  0.12847896  0.19213959  0.21235647  0.18552148  0.19213959  0.17246013  0.17246013  0.19881740  
63_0_0     0.12847896  0.13460427  0.11040136  0.11040136  0.10447227  0.13460427  0.11637832  0.11040136  0.12240392  0.12240392  0.14078068  0.15962523  0.15329027  0.15329027  0.01032812  0.00000000  0.07551883  0.06424724  0.07551883  0.05867515  0.04765522  0.05867515  0.09859029  0.12240392  0.11040136  0.11637832  0.09275467  0.11637832  0.13460427  0.14700905  0.12847896  0.14078068  0.15329027  0.15962523  0.16601487  0.14700905  0.12847896  0.09859029  0.14078068  0.15329027  0.11040136  0.11040136  0.12240392  0.12240392  0.11637832  0.10447227  0.10447227  0.14078068  0.14078068  0.14078068  0.14078068  0.16601487  0.14700905  0.12847896  0.15962523  0.15329027  0.17246013  0.14700905  0.15962523  0.14700905  0.14078068  0.16601487  0.17246013  0.16601487  0.17246013  0.16601487  0.17246013  0.16601487  0.16601487  0.16601487  0.17246013  0.17246013  0.16601487  0.14078068  0.12847896  0.16601487  0.15962523  0.15329027  0.14700905  0.16601487  0.15329027  0.14078068  0.14700905  0.14700905  0.14700905  0.14700905  0.19213959  0.13460427  0.14078068  0.12847896  0.11637832  0.12240392  0.14078068  0.16601487  0.12240392  0.12847896  0.11637832  0.14078068  0.15329027  0.17246013  0.15962523  0.14700905  0.15329027  0.15962523  0.15962523  0.14700905  0.15329027  0.12847896  0.14700905  0.14078068  0.12847896  0.14078068  0.12847896  0.14078068  0.12240392  0.13460427  0.13460427  0.13460427  0.11040136  0.12240392  0.12847896  0.12847896  0.15329027  0.13460427  0.12847896  0.15962523  0.14700905  0.12240392  0.12847896  0.13460427  0.13460427  0.13460427  0.14078068  0.10447227  0.11040136  0.09859029  0.10447227  0.12240392  0.12847896  0.11637832  0.12240392  0.11040136  0.11637832  0.11637832  0.12240392  0.11637832  0.12240392  0.12240392  0.12240392  0.14700905  0.14078068  0.14078068  0.14078068  0.14700905  0.12847896  0.12240392  0.12240392  0.13460427  0.12240392  0.12240392  0.14700905  0.09859029  0.12847896  0.12847896  0.13460427  0.15329027  0.13460427  0.16601487  0.17896200  0.17896200  0.17896200  0.17896200  0.19213959  0.15329027  0.15962523  0.14700905  0.15962523  0.15962523  0.12240392  0.12847896  0.12240392  0.11637832  0.12847896  0.13460427  0.14078068  0.11040136  0.14078068  0.12240392  0.11637832  0.19213959  0.20555598  0.18552148  0.19213959  0.17246013  0.15962523  0.19881740  
