11
95_2_0     0.00000000  0.03450613  0.04239948  0.03844220  0.09162915  0.13084625  0.10016483  0.13084625  0.12638391  0.11753978  0.11753978  
98_2_0     0.03450613  0.00000000  0.02282298  0.01896954  0.08739823  0.13533588  0.10447017  0.13533588  0.12194853  0.11315735  0.11315735  
94_2_0     0.04239948  0.02282298  0.00000000  0.00375490  0.08739823  0.13985312  0.11315735  0.13533588  0.13084625  0.12194853  0.12194853  
99_2_0     0.03844220  0.01896954  0.00375490  0.00000000  0.09162915  0.13533588  0.10880091  0.13985312  0.12638391  0.11753978  0.11753978  
100_2_0    0.09162915  0.08739823  0.08739823  0.09162915  0.00000000  0.16286587  0.13985312  0.13533588  0.13533588  0.14897185  0.14897185  
100_3_0    0.13084625  0.13533588  0.13985312  0.13533588  0.16286587  0.00000000  0.05844539  0.09588458  0.09162915  0.09162915  0.09162915  
100_0_0    0.10016483  0.10447017  0.11315735  0.10880091  0.13985312  0.05844539  0.00000000  0.06660179  0.07071422  0.07071422  0.07071422  
95_0_0     0.13084625  0.13533588  0.13533588  0.13985312  0.13533588  0.09588458  0.06660179  0.00000000  0.05440092  0.05037860  0.05037860  
98_0_0     0.12638391  0.12194853  0.13084625  0.12638391  0.13533588  0.09162915  0.07071422  0.05440092  0.00000000  0.04239948  0.04239948  
94_0_0     0.11753978  0.11315735  0.12194853  0.11753978  0.14897185  0.09162915  0.07071422  0.05037860  0.04239948  0.00000000  0.00000000  
99_0_0     0.11753978  0.11315735  0.12194853  0.11753978  0.14897185  0.09162915  0.07071422  0.05037860  0.04239948  0.00000000  0.00000000  

