20
16_0_0     0.00000000  0.17416908  0.19279025  0.16806385  0.26534146  0.29357595  0.23813626  0.23813626  0.42714000  0.40176551  0.45340763  0.45340763  0.45340763  0.45340763  0.43579356  0.42714000  0.49935206  0.44454863  0.42714000  0.53825920  
20_0_0     0.17416908  0.00000000  0.08745351  0.08745351  0.19910200  0.21836397  0.19910200  0.19910200  0.43579356  0.48993413  0.48993413  0.48993413  0.50889036  0.50889036  0.50889036  0.49935206  0.49935206  0.42714000  0.42714000  0.70542948  
19_0_0     0.19279025  0.08745351  0.00000000  0.01967453  0.19910200  0.19910200  0.19910200  0.19910200  0.45340763  0.48063355  0.50889036  0.50889036  0.52834063  0.52834063  0.53825920  0.52834063  0.48063355  0.37722541  0.37722541  0.66886561  
13_0_0     0.16806385  0.08745351  0.01967453  0.00000000  0.19910200  0.21188792  0.19910200  0.19910200  0.46237303  0.44454863  0.47144745  0.47144745  0.50889036  0.50889036  0.49935206  0.48993413  0.48993413  0.38531612  0.38531612  0.65706517  
14_0_0     0.26534146  0.19910200  0.19910200  0.19910200  0.00000000  0.03988177  0.03477844  0.03477844  0.50889036  0.46237303  0.43579356  0.43579356  0.45340763  0.44454863  0.51855213  0.47144745  0.50889036  0.45340763  0.45340763  0.60070916  
18_0_0     0.29357595  0.21836397  0.19910200  0.21188792  0.03988177  0.00000000  0.06593535  0.06593535  0.54831136  0.50889036  0.49935206  0.49935206  0.51855213  0.50889036  0.54831136  0.51855213  0.48063355  0.42714000  0.42714000  0.61164507  
15_0_0     0.23813626  0.19910200  0.19910200  0.19910200  0.03477844  0.06593535  0.00000000  0.00000000  0.48993413  0.45340763  0.41858563  0.41858563  0.41858563  0.41012819  0.48063355  0.43579356  0.48993413  0.43579356  0.43579356  0.53825920  
17_0_0     0.23813626  0.19910200  0.19910200  0.19910200  0.03477844  0.06593535  0.00000000  0.00000000  0.48993413  0.45340763  0.41858563  0.41858563  0.41858563  0.41012819  0.48063355  0.43579356  0.48993413  0.43579356  0.43579356  0.53825920  
10_0_0     0.42714000  0.43579356  0.45340763  0.46237303  0.50889036  0.54831136  0.48993413  0.48993413  0.00000000  0.33044076  0.35346656  0.35346656  0.33044076  0.34571209  0.33803737  0.33044076  0.41858563  0.35346656  0.37722541  0.47144745  
5_0_0      0.40176551  0.48993413  0.48063355  0.44454863  0.46237303  0.50889036  0.45340763  0.45340763  0.33044076  0.00000000  0.14413042  0.14413042  0.15004221  0.15600121  0.13826509  0.14413042  0.41858563  0.40176551  0.42714000  0.42714000  
12_0_0     0.45340763  0.48993413  0.50889036  0.47144745  0.43579356  0.49935206  0.41858563  0.41858563  0.35346656  0.14413042  0.00000000  0.00000000  0.02970976  0.03477844  0.11525411  0.08745351  0.40176551  0.40176551  0.40176551  0.43579356  
2_0_0      0.45340763  0.48993413  0.50889036  0.47144745  0.43579356  0.49935206  0.41858563  0.41858563  0.35346656  0.14413042  0.00000000  0.00000000  0.02970976  0.03477844  0.11525411  0.08745351  0.40176551  0.40176551  0.40176551  0.43579356  
4_0_0      0.45340763  0.50889036  0.52834063  0.50889036  0.45340763  0.51855213  0.41858563  0.41858563  0.33044076  0.15004221  0.02970976  0.02970976  0.00000000  0.01470706  0.12094068  0.09293141  0.39349550  0.39349550  0.39349550  0.41012819  
11_0_0     0.45340763  0.50889036  0.52834063  0.50889036  0.44454863  0.50889036  0.41012819  0.41012819  0.34571209  0.15600121  0.03477844  0.03477844  0.01470706  0.00000000  0.12667092  0.09844980  0.39349550  0.39349550  0.39349550  0.41012819  
8_0_0      0.43579356  0.50889036  0.53825920  0.49935206  0.51855213  0.54831136  0.48063355  0.48063355  0.33803737  0.13826509  0.11525411  0.11525411  0.12094068  0.12667092  0.00000000  0.05019433  0.43579356  0.40176551  0.42714000  0.42714000  
1_0_0      0.42714000  0.49935206  0.52834063  0.48993413  0.47144745  0.51855213  0.43579356  0.43579356  0.33044076  0.14413042  0.08745351  0.08745351  0.09293141  0.09844980  0.05019433  0.00000000  0.41012819  0.41012819  0.41858563  0.41858563  
9_0_0      0.49935206  0.49935206  0.48063355  0.48993413  0.50889036  0.48063355  0.48993413  0.48993413  0.41858563  0.41858563  0.40176551  0.40176551  0.39349550  0.39349550  0.43579356  0.41012819  0.00000000  0.07125701  0.06593535  0.42714000  
3_0_0      0.44454863  0.42714000  0.37722541  0.38531612  0.45340763  0.42714000  0.43579356  0.43579356  0.35346656  0.40176551  0.40176551  0.40176551  0.39349550  0.39349550  0.40176551  0.41012819  0.07125701  0.00000000  0.01470706  0.41012819  
6_0_0      0.42714000  0.42714000  0.37722541  0.38531612  0.45340763  0.42714000  0.43579356  0.43579356  0.37722541  0.42714000  0.40176551  0.40176551  0.39349550  0.39349550  0.42714000  0.41858563  0.06593535  0.01470706  0.00000000  0.41858563  
7_0_0      0.53825920  0.70542948  0.66886561  0.65706517  0.60070916  0.61164507  0.53825920  0.53825920  0.47144745  0.42714000  0.43579356  0.43579356  0.41012819  0.41012819  0.42714000  0.41858563  0.42714000  0.41012819  0.41858563  0.00000000  

