137
4_0_0      0.00000000  0.17656923  0.19336109  0.16014752  0.17105501  0.17105501  0.23407970  0.24008266  0.27084518  0.26459022  0.27715310  0.30293282  0.27084518  0.27084518  0.30293282  0.36442146  0.37880324  0.35031206  0.31616510  0.32287043  0.41602130  0.40091024  0.40091024  0.40091024  0.37157765  0.35031206  0.36442146  0.37157765  0.36442146  0.36442146  0.37157765  0.38609959  0.48809153  0.45519684  0.45519684  0.45519684  0.46328536  0.47973070  0.48809153  0.43144521  0.43144521  0.42369334  0.42369334  0.42369334  0.47973070  0.47146265  0.47146265  0.44719520  0.43927859  0.47146265  0.47973070  0.48809153  0.46328536  0.58684367  0.47973070  0.47973070  0.47973070  0.39346811  0.47146265  0.47146265  0.43144521  0.48809153  0.43927859  0.43144521  0.48809153  0.45519684  0.47146265  0.46328536  0.47146265  0.44719520  0.45519684  0.45519684  0.47146265  0.47146265  0.47146265  0.46328536  0.47146265  0.41602130  0.40842746  0.40091024  0.40842746  0.44719520  0.45519684  0.44719520  0.45519684  0.46328536  0.47146265  0.46328536  0.44719520  0.43927859  0.46328536  0.45519684  0.43927859  0.43927859  0.44719520  0.44719520  0.43927859  0.46328536  0.44719520  0.53136385  0.38609959  0.40091024  0.43144521  0.40842746  0.37880324  0.40091024  0.39346811  0.40091024  0.41602130  0.38609959  0.40091024  0.40091024  0.39346811  0.40091024  0.41602130  0.40091024  0.37880324  0.39346811  0.38609959  0.38609959  0.32287043  0.29640378  0.32287043  0.35031206  0.33646491  0.33646491  0.34335631  0.36442146  0.34335631  0.35031206  0.35031206  0.33646491  0.35733336  0.43927859  0.41602130  0.37157765  0.37880324  
12_0_0     0.17656923  0.00000000  0.04037589  0.14939741  0.17105501  0.16014752  0.21054016  0.20476967  0.29640378  0.27084518  0.27715310  0.30293282  0.27084518  0.28351488  0.33646491  0.35031206  0.36442146  0.36442146  0.32963666  0.33646491  0.37157765  0.47973070  0.47973070  0.47973070  0.40842746  0.38609959  0.40091024  0.42369334  0.44719520  0.43144521  0.40842746  0.42369334  0.46328536  0.44719520  0.51375219  0.51375219  0.51375219  0.52250598  0.53136385  0.43927859  0.43927859  0.40091024  0.41602130  0.41602130  0.46328536  0.47146265  0.43927859  0.46328536  0.45519684  0.48809153  0.47973070  0.48809153  0.49654726  0.53136385  0.52250598  0.54032831  0.52250598  0.46328536  0.51375219  0.51375219  0.51375219  0.48809153  0.45519684  0.44719520  0.48809153  0.48809153  0.50510006  0.49654726  0.48809153  0.45519684  0.46328536  0.51375219  0.55858745  0.59650568  0.59650568  0.56788762  0.57730535  0.47146265  0.46328536  0.48809153  0.47973070  0.48809153  0.49654726  0.48809153  0.49654726  0.48809153  0.49654726  0.43144521  0.43144521  0.42369334  0.47973070  0.47146265  0.45519684  0.45519684  0.51375219  0.51375219  0.53136385  0.54032831  0.50510006  0.48809153  0.39346811  0.38609959  0.45519684  0.44719520  0.41602130  0.43927859  0.46328536  0.46328536  0.46328536  0.43927859  0.43927859  0.45519684  0.44719520  0.43144521  0.47146265  0.42369334  0.43927859  0.43144521  0.46328536  0.47973070  0.40842746  0.39346811  0.43144521  0.41602130  0.41602130  0.41602130  0.40842746  0.40842746  0.40842746  0.40842746  0.40842746  0.39346811  0.38609959  0.41602130  0.48809153  0.43927859  0.43144521  
10_0_0     0.19336109  0.04037589  0.00000000  0.14407998  0.17656923  0.16558130  0.20476967  0.19904354  0.27084518  0.24613439  0.24613439  0.27084518  0.25223567  0.24008266  0.30293282  0.36442146  0.37880324  0.35031206  0.31616510  0.32287043  0.36442146  0.44719520  0.44719520  0.44719520  0.37880324  0.35733336  0.35733336  0.37880324  0.41602130  0.38609959  0.37880324  0.39346811  0.47973070  0.40091024  0.46328536  0.46328536  0.46328536  0.47146265  0.47973070  0.43927859  0.43927859  0.38609959  0.40091024  0.40091024  0.44719520  0.43927859  0.40842746  0.43144521  0.42369334  0.45519684  0.46328536  0.47146265  0.46328536  0.48809153  0.47146265  0.48809153  0.47146265  0.44719520  0.47146265  0.47146265  0.47973070  0.45519684  0.42369334  0.41602130  0.47146265  0.47146265  0.47146265  0.44719520  0.43927859  0.42369334  0.43144521  0.44719520  0.54032831  0.57730535  0.57730535  0.54940194  0.55858745  0.43927859  0.43144521  0.43927859  0.43144521  0.44719520  0.45519684  0.47973070  0.48809153  0.44719520  0.45519684  0.41602130  0.41602130  0.40842746  0.43144521  0.42369334  0.42369334  0.42369334  0.49654726  0.49654726  0.51375219  0.52250598  0.48809153  0.48809153  0.35031206  0.34335631  0.47146265  0.46328536  0.40091024  0.42369334  0.43144521  0.44719520  0.44719520  0.42369334  0.42369334  0.43927859  0.43144521  0.40091024  0.43927859  0.39346811  0.39346811  0.40091024  0.46328536  0.46328536  0.37880324  0.36442146  0.40091024  0.38609959  0.38609959  0.38609959  0.37880324  0.37880324  0.37880324  0.37880324  0.37880324  0.36442146  0.35733336  0.37157765  0.43927859  0.40842746  0.40091024  
2_0_0      0.16014752  0.14939741  0.14407998  0.00000000  0.11294853  0.08306594  0.16558130  0.17105501  0.22221696  0.19336109  0.20476967  0.24008266  0.21054016  0.18772164  0.22221696  0.32287043  0.33646491  0.29640378  0.25223567  0.25223567  0.30293282  0.37880324  0.37880324  0.42369334  0.33646491  0.30951958  0.32287043  0.35733336  0.34335631  0.32287043  0.32963666  0.34335631  0.51375219  0.40091024  0.49654726  0.49654726  0.49654726  0.47146265  0.47973070  0.40091024  0.43144521  0.37880324  0.38609959  0.40842746  0.41602130  0.41602130  0.40091024  0.40842746  0.41602130  0.40842746  0.40091024  0.40842746  0.41602130  0.48809153  0.47973070  0.49654726  0.47146265  0.36442146  0.43927859  0.43144521  0.40842746  0.42369334  0.40091024  0.39346811  0.43144521  0.38609959  0.40091024  0.40842746  0.41602130  0.35733336  0.36442146  0.47973070  0.53136385  0.53136385  0.53136385  0.52250598  0.53136385  0.44719520  0.45519684  0.43144521  0.43927859  0.43144521  0.43927859  0.43144521  0.43927859  0.44719520  0.45519684  0.41602130  0.41602130  0.40842746  0.41602130  0.40842746  0.42369334  0.42369334  0.44719520  0.44719520  0.46328536  0.47146265  0.45519684  0.49654726  0.36442146  0.35733336  0.38609959  0.37880324  0.36442146  0.41602130  0.37157765  0.37157765  0.37157765  0.35733336  0.35733336  0.38609959  0.39346811  0.37157765  0.41602130  0.37157765  0.36442146  0.37157765  0.37880324  0.36442146  0.35031206  0.33646491  0.33646491  0.32963666  0.32963666  0.32963666  0.32287043  0.35031206  0.33646491  0.35031206  0.35031206  0.35733336  0.35031206  0.38609959  0.39346811  0.36442146  0.37157765  
6_0_0      0.17105501  0.17105501  0.17656923  0.11294853  0.00000000  0.02667269  0.19336109  0.21054016  0.22812472  0.21635568  0.22812472  0.27715310  0.24613439  0.25223567  0.27084518  0.35031206  0.35031206  0.35031206  0.30293282  0.30293282  0.35733336  0.40842746  0.40842746  0.40842746  0.37880324  0.32287043  0.33646491  0.37157765  0.41602130  0.36442146  0.35733336  0.37157765  0.54940194  0.44719520  0.49654726  0.49654726  0.49654726  0.54032831  0.54940194  0.46328536  0.44719520  0.42369334  0.43144521  0.45519684  0.51375219  0.50510006  0.48809153  0.49654726  0.48809153  0.51375219  0.47973070  0.48809153  0.51375219  0.56788762  0.50510006  0.48809153  0.50510006  0.43144521  0.47973070  0.47146265  0.45519684  0.46328536  0.45519684  0.44719520  0.48809153  0.45519684  0.47146265  0.47973070  0.45519684  0.41602130  0.42369334  0.53136385  0.58684367  0.58684367  0.58684367  0.55858745  0.56788762  0.47973070  0.47146265  0.47973070  0.48809153  0.50510006  0.49654726  0.52250598  0.53136385  0.52250598  0.53136385  0.47973070  0.47973070  0.47146265  0.49654726  0.48809153  0.48809153  0.48809153  0.51375219  0.51375219  0.51375219  0.51375219  0.50510006  0.54940194  0.42369334  0.40091024  0.37157765  0.36442146  0.35031206  0.38609959  0.35733336  0.35733336  0.38609959  0.35733336  0.34335631  0.37157765  0.36442146  0.39346811  0.45519684  0.37880324  0.37157765  0.39346811  0.40842746  0.37880324  0.37880324  0.35031206  0.37880324  0.33646491  0.35031206  0.35031206  0.35733336  0.34335631  0.34335631  0.37880324  0.37880324  0.35733336  0.36442146  0.40091024  0.40091024  0.37157765  0.36442146  
1_0_0      0.17105501  0.16014752  0.16558130  0.08306594  0.02667269  0.00000000  0.17105501  0.18772164  0.22812472  0.20476967  0.21635568  0.25223567  0.22221696  0.22812472  0.25223567  0.32287043  0.32287043  0.30951958  0.26459022  0.26459022  0.34335631  0.42369334  0.42369334  0.43927859  0.36442146  0.35031206  0.36442146  0.40091024  0.40091024  0.35031206  0.34335631  0.35733336  0.56788762  0.43144521  0.51375219  0.51375219  0.51375219  0.52250598  0.53136385  0.46328536  0.44719520  0.40842746  0.41602130  0.43927859  0.46328536  0.45519684  0.43927859  0.44719520  0.45519684  0.46328536  0.44719520  0.45519684  0.47973070  0.51375219  0.50510006  0.48809153  0.50510006  0.41602130  0.47973070  0.47146265  0.43927859  0.46328536  0.43927859  0.43144521  0.45519684  0.42369334  0.43927859  0.46328536  0.43927859  0.40091024  0.40842746  0.51375219  0.56788762  0.56788762  0.56788762  0.52250598  0.53136385  0.46328536  0.45519684  0.46328536  0.47146265  0.47146265  0.46328536  0.48809153  0.49654726  0.48809153  0.49654726  0.46328536  0.46328536  0.45519684  0.47973070  0.47146265  0.47146265  0.47146265  0.49654726  0.49654726  0.53136385  0.53136385  0.52250598  0.51375219  0.40842746  0.40091024  0.39346811  0.38609959  0.37157765  0.40842746  0.36442146  0.36442146  0.36442146  0.36442146  0.35031206  0.37880324  0.37157765  0.38609959  0.43144521  0.38609959  0.37157765  0.37880324  0.42369334  0.39346811  0.37880324  0.35031206  0.36442146  0.33646491  0.35031206  0.35031206  0.34335631  0.34335631  0.34335631  0.37880324  0.37880324  0.35733336  0.36442146  0.38609959  0.40091024  0.35733336  0.35031206  
1_1_0      0.23407970  0.21054016  0.20476967  0.16558130  0.19336109  0.17105501  0.00000000  0.01321698  0.14407998  0.14407998  0.14407998  0.16558130  0.12835166  0.16014752  0.17656923  0.24613439  0.24613439  0.24008266  0.18772164  0.18772164  0.29640378  0.36442146  0.36442146  0.40091024  0.35733336  0.32287043  0.33646491  0.35733336  0.37157765  0.29640378  0.31616510  0.32963666  0.47973070  0.39346811  0.45519684  0.45519684  0.46328536  0.44719520  0.45519684  0.46328536  0.46328536  0.43144521  0.43927859  0.43144521  0.45519684  0.43927859  0.43927859  0.44719520  0.43927859  0.44719520  0.45519684  0.44719520  0.47146265  0.51375219  0.47973070  0.46328536  0.47973070  0.39346811  0.47146265  0.47973070  0.37880324  0.43144521  0.46328536  0.45519684  0.49654726  0.46328536  0.47973070  0.47146265  0.50510006  0.40091024  0.41602130  0.48809153  0.58684367  0.62626710  0.62626710  0.61621395  0.62626710  0.47973070  0.48809153  0.50510006  0.49654726  0.45519684  0.46328536  0.43927859  0.44719520  0.47973070  0.48809153  0.47973070  0.47973070  0.47146265  0.44719520  0.43927859  0.45519684  0.45519684  0.47973070  0.47973070  0.47973070  0.50510006  0.47146265  0.53136385  0.40091024  0.39346811  0.39346811  0.38609959  0.35733336  0.37157765  0.39346811  0.39346811  0.39346811  0.37880324  0.36442146  0.39346811  0.37157765  0.40842746  0.45519684  0.39346811  0.36442146  0.38609959  0.43144521  0.41602130  0.37880324  0.35031206  0.35031206  0.34335631  0.34335631  0.34335631  0.33646491  0.37880324  0.35031206  0.37157765  0.37157765  0.36442146  0.35733336  0.40091024  0.40091024  0.38609959  0.39346811  
6_1_0      0.24008266  0.20476967  0.19904354  0.17105501  0.21054016  0.18772164  0.01321698  0.00000000  0.16014752  0.14939741  0.14939741  0.17105501  0.13355762  0.15475307  0.18212457  0.26459022  0.26459022  0.24613439  0.20476967  0.20476967  0.30293282  0.38609959  0.38609959  0.42369334  0.36442146  0.32963666  0.34335631  0.36442146  0.37880324  0.30293282  0.30951958  0.32287043  0.48809153  0.40091024  0.46328536  0.46328536  0.47146265  0.45519684  0.46328536  0.45519684  0.45519684  0.43927859  0.44719520  0.43927859  0.47973070  0.46328536  0.46328536  0.47146265  0.46328536  0.47146265  0.47973070  0.47146265  0.47973070  0.54032831  0.48809153  0.48809153  0.48809153  0.39346811  0.47973070  0.48809153  0.38609959  0.42369334  0.45519684  0.44719520  0.50510006  0.45519684  0.47146265  0.46328536  0.49654726  0.39346811  0.40842746  0.46328536  0.57730535  0.61621395  0.61621395  0.58684367  0.59650568  0.47146265  0.47973070  0.47973070  0.47146265  0.43144521  0.43927859  0.43144521  0.43927859  0.45519684  0.46328536  0.47146265  0.47146265  0.46328536  0.43927859  0.43144521  0.44719520  0.44719520  0.45519684  0.45519684  0.47146265  0.49654726  0.46328536  0.52250598  0.39346811  0.38609959  0.40091024  0.39346811  0.36442146  0.37880324  0.41602130  0.41602130  0.41602130  0.38609959  0.38609959  0.41602130  0.39346811  0.41602130  0.46328536  0.40091024  0.38609959  0.39346811  0.45519684  0.43927859  0.38609959  0.35733336  0.35733336  0.36442146  0.35031206  0.35031206  0.34335631  0.38609959  0.35733336  0.37880324  0.37880324  0.37157765  0.36442146  0.40842746  0.40842746  0.39346811  0.40091024  
2_1_0      0.27084518  0.29640378  0.27084518  0.22221696  0.22812472  0.22812472  0.14407998  0.16014752  0.00000000  0.15475307  0.16558130  0.19336109  0.19336109  0.19336109  0.22812472  0.27084518  0.27084518  0.30293282  0.25838734  0.24613439  0.32963666  0.34335631  0.34335631  0.34335631  0.32963666  0.35031206  0.35031206  0.34335631  0.37880324  0.34335631  0.34335631  0.35733336  0.46328536  0.37880324  0.37880324  0.37880324  0.38609959  0.36442146  0.37157765  0.47146265  0.47146265  0.45519684  0.44719520  0.47146265  0.42369334  0.43144521  0.42369334  0.41602130  0.40842746  0.44719520  0.45519684  0.44719520  0.47146265  0.47146265  0.44719520  0.46328536  0.46328536  0.37880324  0.46328536  0.45519684  0.40842746  0.43144521  0.41602130  0.43927859  0.40091024  0.40091024  0.40091024  0.43144521  0.45519684  0.37157765  0.38609959  0.50510006  0.54032831  0.55858745  0.55858745  0.54940194  0.55858745  0.45519684  0.46328536  0.46328536  0.47146265  0.44719520  0.45519684  0.40091024  0.40842746  0.46328536  0.45519684  0.47973070  0.46328536  0.45519684  0.43927859  0.43144521  0.43927859  0.43927859  0.43144521  0.43144521  0.43144521  0.43927859  0.42369334  0.56788762  0.35031206  0.35733336  0.42369334  0.41602130  0.40842746  0.42369334  0.34335631  0.37157765  0.38609959  0.37157765  0.38609959  0.38609959  0.39346811  0.38609959  0.41602130  0.37157765  0.37880324  0.40091024  0.39346811  0.37880324  0.43144521  0.40091024  0.38609959  0.37157765  0.37157765  0.37157765  0.36442146  0.37880324  0.37880324  0.37157765  0.37157765  0.35031206  0.34335631  0.40091024  0.44719520  0.44719520  0.43927859  
10_1_0     0.26459022  0.27084518  0.24613439  0.19336109  0.21635568  0.20476967  0.14407998  0.14939741  0.15475307  0.00000000  0.02667269  0.05433586  0.04965341  0.16014752  0.15475307  0.30951958  0.32287043  0.28993146  0.24613439  0.24613439  0.32287043  0.35733336  0.35733336  0.37880324  0.30951958  0.32963666  0.32963666  0.32287043  0.36442146  0.32963666  0.35031206  0.36442146  0.44719520  0.39346811  0.43927859  0.43927859  0.44719520  0.43144521  0.43927859  0.41602130  0.40091024  0.41602130  0.40842746  0.43144521  0.45519684  0.41602130  0.37880324  0.38609959  0.37880324  0.43144521  0.41602130  0.40842746  0.42369334  0.45519684  0.38609959  0.38609959  0.40091024  0.36442146  0.41602130  0.42369334  0.43144521  0.41602130  0.43927859  0.44719520  0.44719520  0.42369334  0.42369334  0.43144521  0.44719520  0.39346811  0.39346811  0.45519684  0.51375219  0.51375219  0.51375219  0.50510006  0.51375219  0.45519684  0.46328536  0.40091024  0.40842746  0.41602130  0.42369334  0.40091024  0.40842746  0.42369334  0.41602130  0.43927859  0.43927859  0.43144521  0.43144521  0.42369334  0.42369334  0.42369334  0.43144521  0.43144521  0.41602130  0.40842746  0.42369334  0.49654726  0.32287043  0.32963666  0.40091024  0.39346811  0.35733336  0.37157765  0.36442146  0.37880324  0.39346811  0.35031206  0.36442146  0.36442146  0.37157765  0.37880324  0.40842746  0.35031206  0.35733336  0.37880324  0.37880324  0.36442146  0.38609959  0.33646491  0.35031206  0.32963666  0.31616510  0.31616510  0.30951958  0.35031206  0.33646491  0.40091024  0.40091024  0.37880324  0.37157765  0.40091024  0.40091024  0.38609959  0.37880324  
12_1_0     0.27715310  0.27715310  0.24613439  0.20476967  0.22812472  0.21635568  0.14407998  0.14939741  0.16558130  0.02667269  0.00000000  0.05433586  0.04037589  0.14939741  0.14939741  0.30951958  0.32287043  0.27715310  0.23407970  0.23407970  0.30951958  0.35031206  0.35031206  0.37157765  0.28993146  0.32963666  0.32963666  0.32287043  0.36442146  0.30293282  0.32287043  0.33646491  0.44719520  0.37880324  0.40842746  0.40842746  0.41602130  0.41602130  0.42369334  0.41602130  0.40091024  0.38609959  0.37880324  0.40091024  0.45519684  0.40091024  0.37880324  0.40091024  0.39346811  0.41602130  0.42369334  0.41602130  0.42369334  0.45519684  0.40842746  0.40842746  0.42369334  0.37880324  0.41602130  0.42369334  0.44719520  0.44719520  0.43927859  0.44719520  0.47146265  0.43927859  0.43927859  0.44719520  0.46328536  0.39346811  0.39346811  0.45519684  0.52250598  0.52250598  0.52250598  0.51375219  0.52250598  0.43927859  0.44719520  0.41602130  0.40842746  0.43927859  0.43927859  0.41602130  0.42369334  0.43927859  0.43144521  0.47973070  0.47973070  0.47146265  0.46328536  0.45519684  0.45519684  0.45519684  0.44719520  0.44719520  0.43144521  0.42369334  0.42369334  0.50510006  0.33646491  0.34335631  0.41602130  0.40842746  0.36442146  0.37880324  0.38609959  0.40091024  0.41602130  0.37157765  0.38609959  0.38609959  0.39346811  0.40091024  0.41602130  0.37157765  0.37880324  0.38609959  0.37880324  0.37880324  0.39346811  0.34335631  0.35733336  0.33646491  0.32287043  0.32287043  0.31616510  0.35733336  0.34335631  0.39346811  0.39346811  0.37157765  0.36442146  0.40842746  0.39346811  0.37880324  0.37157765  
12_2_0     0.30293282  0.30293282  0.27084518  0.24008266  0.27715310  0.25223567  0.16558130  0.17105501  0.19336109  0.05433586  0.05433586  0.00000000  0.05904793  0.17105501  0.19336109  0.29640378  0.30951958  0.28993146  0.24613439  0.24613439  0.31616510  0.37157765  0.37157765  0.39346811  0.33646491  0.34335631  0.34335631  0.32287043  0.36442146  0.32963666  0.36442146  0.36442146  0.46328536  0.42369334  0.48809153  0.48809153  0.49654726  0.47973070  0.48809153  0.43144521  0.41602130  0.40091024  0.39346811  0.41602130  0.43927859  0.40091024  0.37880324  0.38609959  0.37880324  0.38609959  0.39346811  0.38609959  0.39346811  0.41602130  0.37880324  0.37880324  0.39346811  0.35031206  0.40091024  0.40842746  0.44719520  0.40091024  0.43927859  0.43144521  0.47146265  0.45519684  0.43927859  0.43144521  0.43144521  0.36442146  0.35031206  0.44719520  0.48809153  0.48809153  0.48809153  0.47973070  0.48809153  0.40842746  0.41602130  0.40091024  0.39346811  0.37880324  0.37880324  0.35733336  0.36442146  0.38609959  0.37880324  0.43144521  0.43144521  0.42369334  0.41602130  0.40842746  0.40842746  0.40842746  0.41602130  0.41602130  0.41602130  0.40842746  0.40842746  0.52250598  0.32287043  0.32963666  0.43927859  0.43144521  0.37157765  0.38609959  0.36442146  0.37880324  0.36442146  0.35031206  0.36442146  0.36442146  0.37157765  0.40842746  0.40842746  0.39346811  0.38609959  0.39346811  0.43144521  0.41602130  0.41602130  0.35031206  0.36442146  0.34335631  0.32963666  0.32963666  0.32287043  0.36442146  0.35031206  0.41602130  0.41602130  0.39346811  0.38609959  0.40091024  0.41602130  0.40091024  0.39346811  
10_2_0     0.27084518  0.27084518  0.25223567  0.21054016  0.24613439  0.22221696  0.12835166  0.13355762  0.19336109  0.04965341  0.04037589  0.05904793  0.00000000  0.15475307  0.17656923  0.28993146  0.30293282  0.27084518  0.24008266  0.24008266  0.31616510  0.35031206  0.35031206  0.37157765  0.34335631  0.33646491  0.35031206  0.34335631  0.37157765  0.30951958  0.32963666  0.34335631  0.45519684  0.40091024  0.44719520  0.44719520  0.45519684  0.45519684  0.46328536  0.40842746  0.39346811  0.42369334  0.41602130  0.42369334  0.46328536  0.40091024  0.38609959  0.39346811  0.38609959  0.42369334  0.43144521  0.42369334  0.43144521  0.47146265  0.43144521  0.43144521  0.43144521  0.38609959  0.43927859  0.44719520  0.43927859  0.43927859  0.44719520  0.43927859  0.47973070  0.43144521  0.44719520  0.43927859  0.47146265  0.40091024  0.40091024  0.48809153  0.54940194  0.54940194  0.54940194  0.54032831  0.54940194  0.46328536  0.47146265  0.43927859  0.43144521  0.43144521  0.43144521  0.39346811  0.40091024  0.43144521  0.42369334  0.47973070  0.47973070  0.47146265  0.44719520  0.43927859  0.43927859  0.43927859  0.43927859  0.43927859  0.42369334  0.43144521  0.41602130  0.51375219  0.34335631  0.35031206  0.40091024  0.39346811  0.33646491  0.35031206  0.38609959  0.38609959  0.38609959  0.35733336  0.37157765  0.37157765  0.37880324  0.41602130  0.43144521  0.38609959  0.36442146  0.38609959  0.39346811  0.37880324  0.36442146  0.31616510  0.32963666  0.32287043  0.30951958  0.30951958  0.30293282  0.34335631  0.32963666  0.36442146  0.36442146  0.34335631  0.33646491  0.37880324  0.35031206  0.33646491  0.32963666  
11_1_0     0.27084518  0.28351488  0.24008266  0.18772164  0.25223567  0.22812472  0.16014752  0.15475307  0.19336109  0.16014752  0.14939741  0.17105501  0.15475307  0.00000000  0.12318182  0.25838734  0.27084518  0.28993146  0.25838734  0.25838734  0.31616510  0.33646491  0.33646491  0.32963666  0.31616510  0.29640378  0.30951958  0.31616510  0.32963666  0.29640378  0.30293282  0.31616510  0.47146265  0.36442146  0.38609959  0.38609959  0.39346811  0.39346811  0.40091024  0.37157765  0.37157765  0.41602130  0.39346811  0.43144521  0.41602130  0.35031206  0.34335631  0.35031206  0.34335631  0.36442146  0.40091024  0.39346811  0.40091024  0.45519684  0.42369334  0.43927859  0.43927859  0.37157765  0.39346811  0.40091024  0.39346811  0.39346811  0.40091024  0.40842746  0.44719520  0.40091024  0.41602130  0.42369334  0.42369334  0.32963666  0.32963666  0.42369334  0.49654726  0.49654726  0.49654726  0.48809153  0.47973070  0.41602130  0.42369334  0.43144521  0.41602130  0.37157765  0.37157765  0.36442146  0.37157765  0.38609959  0.39346811  0.47146265  0.45519684  0.44719520  0.43927859  0.43144521  0.43144521  0.43144521  0.45519684  0.45519684  0.47146265  0.47973070  0.46328536  0.51375219  0.32963666  0.33646491  0.39346811  0.38609959  0.37157765  0.37157765  0.36442146  0.36442146  0.36442146  0.33646491  0.35031206  0.37880324  0.37157765  0.40842746  0.40842746  0.37880324  0.34335631  0.33646491  0.40842746  0.39346811  0.34335631  0.30951958  0.33646491  0.31616510  0.30293282  0.30293282  0.29640378  0.33646491  0.32287043  0.38609959  0.38609959  0.37880324  0.37157765  0.38609959  0.43144521  0.40091024  0.39346811  
4_1_0      0.30293282  0.33646491  0.30293282  0.22221696  0.27084518  0.25223567  0.17656923  0.18212457  0.22812472  0.15475307  0.14939741  0.19336109  0.17656923  0.12318182  0.00000000  0.32963666  0.32963666  0.30951958  0.26459022  0.26459022  0.34335631  0.40091024  0.40091024  0.41602130  0.37880324  0.37880324  0.37880324  0.38609959  0.39346811  0.38609959  0.40842746  0.40842746  0.50510006  0.41602130  0.43144521  0.43144521  0.43927859  0.43927859  0.44719520  0.48809153  0.47146265  0.50510006  0.47973070  0.50510006  0.49654726  0.42369334  0.41602130  0.42369334  0.42369334  0.42369334  0.43144521  0.42369334  0.43144521  0.48809153  0.47973070  0.47973070  0.49654726  0.41602130  0.44719520  0.45519684  0.46328536  0.46328536  0.47146265  0.47973070  0.51375219  0.48809153  0.48809153  0.44719520  0.47973070  0.43144521  0.43144521  0.51375219  0.56788762  0.56788762  0.56788762  0.52250598  0.53136385  0.51375219  0.52250598  0.47146265  0.45519684  0.48809153  0.47973070  0.44719520  0.45519684  0.51375219  0.50510006  0.53136385  0.54940194  0.54032831  0.51375219  0.52250598  0.52250598  0.52250598  0.54940194  0.54940194  0.52250598  0.53136385  0.53136385  0.56788762  0.42369334  0.43144521  0.43927859  0.43144521  0.41602130  0.43144521  0.43144521  0.43144521  0.43144521  0.41602130  0.41602130  0.44719520  0.43927859  0.42369334  0.44719520  0.40091024  0.40842746  0.42369334  0.43927859  0.42369334  0.44719520  0.39346811  0.40091024  0.38609959  0.37157765  0.37157765  0.36442146  0.42369334  0.39346811  0.47146265  0.47146265  0.46328536  0.47146265  0.47973070  0.43927859  0.42369334  0.43144521  
7_0_0      0.36442146  0.35031206  0.36442146  0.32287043  0.35031206  0.32287043  0.24613439  0.26459022  0.27084518  0.30951958  0.30951958  0.29640378  0.28993146  0.25838734  0.32963666  0.00000000  0.00878522  0.22812472  0.18772164  0.19336109  0.28351488  0.33646491  0.33646491  0.34335631  0.37157765  0.33646491  0.35031206  0.35733336  0.36442146  0.35733336  0.36442146  0.35031206  0.43927859  0.42369334  0.47146265  0.47146265  0.47973070  0.41602130  0.42369334  0.46328536  0.47973070  0.47973070  0.48809153  0.51375219  0.46328536  0.43144521  0.46328536  0.45519684  0.44719520  0.40842746  0.46328536  0.45519684  0.46328536  0.54032831  0.53136385  0.54032831  0.53136385  0.37880324  0.44719520  0.45519684  0.40842746  0.43927859  0.43144521  0.42369334  0.44719520  0.43144521  0.44719520  0.43927859  0.45519684  0.42369334  0.42369334  0.52250598  0.60629465  0.60629465  0.60629465  0.61621395  0.60629465  0.48809153  0.49654726  0.50510006  0.49654726  0.48809153  0.49654726  0.42369334  0.43144521  0.47973070  0.48809153  0.55858745  0.54032831  0.53136385  0.52250598  0.51375219  0.49654726  0.49654726  0.56788762  0.56788762  0.54940194  0.55858745  0.52250598  0.53136385  0.38609959  0.39346811  0.43144521  0.43144521  0.41602130  0.40842746  0.38609959  0.40091024  0.40091024  0.38609959  0.38609959  0.41602130  0.40842746  0.43144521  0.47146265  0.41602130  0.39346811  0.41602130  0.47973070  0.46328536  0.46328536  0.40842746  0.41602130  0.37880324  0.37880324  0.37880324  0.37157765  0.40091024  0.38609959  0.43927859  0.44719520  0.43927859  0.41602130  0.40842746  0.52250598  0.49654726  0.48809153  
13_0_0     0.37880324  0.36442146  0.37880324  0.33646491  0.35031206  0.32287043  0.24613439  0.26459022  0.27084518  0.32287043  0.32287043  0.30951958  0.30293282  0.27084518  0.32963666  0.00878522  0.00000000  0.22812472  0.18772164  0.19336109  0.29640378  0.35031206  0.35031206  0.35733336  0.38609959  0.35031206  0.36442146  0.37157765  0.37880324  0.37157765  0.37880324  0.36442146  0.43927859  0.42369334  0.47146265  0.47146265  0.47973070  0.41602130  0.42369334  0.47973070  0.47973070  0.49654726  0.50510006  0.53136385  0.47973070  0.44719520  0.47973070  0.47146265  0.46328536  0.42369334  0.47973070  0.47146265  0.47973070  0.55858745  0.54940194  0.55858745  0.54940194  0.37880324  0.44719520  0.45519684  0.39346811  0.43927859  0.44719520  0.43927859  0.46328536  0.44719520  0.46328536  0.45519684  0.47146265  0.43927859  0.43927859  0.52250598  0.62626710  0.62626710  0.62626710  0.61621395  0.60629465  0.50510006  0.51375219  0.52250598  0.51375219  0.50510006  0.49654726  0.43927859  0.44719520  0.49654726  0.50510006  0.57730535  0.55858745  0.54940194  0.52250598  0.51375219  0.51375219  0.51375219  0.56788762  0.56788762  0.56788762  0.57730535  0.54032831  0.53136385  0.40091024  0.40842746  0.43144521  0.43144521  0.43144521  0.42369334  0.38609959  0.40091024  0.40091024  0.38609959  0.38609959  0.40091024  0.40842746  0.43144521  0.47146265  0.41602130  0.40842746  0.43144521  0.49654726  0.47973070  0.47973070  0.42369334  0.43144521  0.39346811  0.39346811  0.39346811  0.38609959  0.41602130  0.40091024  0.45519684  0.46328536  0.45519684  0.43144521  0.42369334  0.52250598  0.49654726  0.48809153  
8_0_0      0.35031206  0.36442146  0.35031206  0.29640378  0.35031206  0.30951958  0.24008266  0.24613439  0.30293282  0.28993146  0.27715310  0.28993146  0.27084518  0.28993146  0.30951958  0.22812472  0.22812472  0.00000000  0.04965341  0.07336563  0.28351488  0.32963666  0.32963666  0.36442146  0.32287043  0.32963666  0.32963666  0.33646491  0.32287043  0.30293282  0.30951958  0.29640378  0.55858745  0.37880324  0.47973070  0.47973070  0.48809153  0.43927859  0.44719520  0.41602130  0.41602130  0.40091024  0.39346811  0.40091024  0.43144521  0.44719520  0.46328536  0.45519684  0.46328536  0.42369334  0.44719520  0.43927859  0.43144521  0.47973070  0.47973070  0.48809153  0.47973070  0.42369334  0.45519684  0.46328536  0.40842746  0.41602130  0.41602130  0.39346811  0.44719520  0.41602130  0.41602130  0.40842746  0.43927859  0.36442146  0.37880324  0.47973070  0.54032831  0.55858745  0.55858745  0.54940194  0.54032831  0.47146265  0.47973070  0.48809153  0.49654726  0.45519684  0.45519684  0.44719520  0.43927859  0.44719520  0.47146265  0.48809153  0.48809153  0.49654726  0.48809153  0.47973070  0.49654726  0.49654726  0.47973070  0.47973070  0.53136385  0.54032831  0.54032831  0.44719520  0.38609959  0.37880324  0.40842746  0.40842746  0.37880324  0.41602130  0.33646491  0.36442146  0.36442146  0.33646491  0.32287043  0.35031206  0.35733336  0.37880324  0.39346811  0.39346811  0.36442146  0.35733336  0.39346811  0.39346811  0.38609959  0.33646491  0.33646491  0.30293282  0.28993146  0.28993146  0.28351488  0.32287043  0.29640378  0.38609959  0.39346811  0.38609959  0.40842746  0.35733336  0.38609959  0.37880324  0.38609959  
3_0_0      0.31616510  0.32963666  0.31616510  0.25223567  0.30293282  0.26459022  0.18772164  0.20476967  0.25838734  0.24613439  0.23407970  0.24613439  0.24008266  0.25838734  0.26459022  0.18772164  0.18772164  0.04965341  0.00000000  0.02216040  0.26459022  0.32287043  0.32287043  0.35733336  0.30293282  0.32287043  0.32287043  0.32963666  0.30293282  0.29640378  0.30293282  0.28993146  0.51375219  0.35733336  0.45519684  0.45519684  0.46328536  0.40091024  0.40842746  0.42369334  0.42369334  0.42369334  0.41602130  0.42369334  0.42369334  0.42369334  0.45519684  0.44719520  0.45519684  0.40091024  0.42369334  0.41602130  0.43927859  0.47146265  0.47146265  0.46328536  0.47146265  0.39346811  0.44719520  0.45519684  0.38609959  0.42369334  0.40842746  0.38609959  0.43927859  0.42369334  0.42369334  0.41602130  0.44719520  0.35733336  0.37157765  0.47973070  0.51375219  0.51375219  0.51375219  0.52250598  0.51375219  0.44719520  0.45519684  0.46328536  0.45519684  0.44719520  0.44719520  0.43927859  0.43144521  0.43927859  0.46328536  0.49654726  0.49654726  0.50510006  0.47973070  0.47146265  0.48809153  0.48809153  0.47146265  0.47146265  0.50510006  0.51375219  0.47973070  0.47146265  0.35031206  0.34335631  0.41602130  0.41602130  0.35733336  0.37880324  0.32963666  0.35733336  0.35733336  0.34335631  0.31616510  0.34335631  0.35031206  0.35733336  0.37880324  0.35733336  0.37157765  0.35031206  0.37880324  0.37880324  0.39346811  0.32963666  0.32963666  0.29640378  0.29640378  0.29640378  0.28993146  0.32963666  0.30293282  0.39346811  0.40091024  0.39346811  0.41602130  0.33646491  0.37880324  0.37157765  0.37880324  
9_0_0      0.32287043  0.33646491  0.32287043  0.25223567  0.30293282  0.26459022  0.18772164  0.20476967  0.24613439  0.24613439  0.23407970  0.24613439  0.24008266  0.25838734  0.26459022  0.19336109  0.19336109  0.07336563  0.02216040  0.00000000  0.27715310  0.32287043  0.32287043  0.35733336  0.28993146  0.32287043  0.32287043  0.32963666  0.30293282  0.29640378  0.30293282  0.28993146  0.50510006  0.36442146  0.44719520  0.44719520  0.45519684  0.39346811  0.40091024  0.39346811  0.39346811  0.40842746  0.40091024  0.40842746  0.40091024  0.42369334  0.45519684  0.44719520  0.45519684  0.38609959  0.42369334  0.41602130  0.43927859  0.47146265  0.48809153  0.47973070  0.48809153  0.39346811  0.44719520  0.43927859  0.38609959  0.45519684  0.39346811  0.37157765  0.42369334  0.40842746  0.40842746  0.40091024  0.43144521  0.34335631  0.35733336  0.47973070  0.50510006  0.50510006  0.50510006  0.51375219  0.50510006  0.44719520  0.45519684  0.46328536  0.45519684  0.43144521  0.43144521  0.42369334  0.41602130  0.42369334  0.44719520  0.47973070  0.47973070  0.47146265  0.44719520  0.43927859  0.45519684  0.45519684  0.43927859  0.43927859  0.47146265  0.47973070  0.44719520  0.45519684  0.35031206  0.34335631  0.41602130  0.41602130  0.35733336  0.37880324  0.30293282  0.32963666  0.32963666  0.32963666  0.30293282  0.34335631  0.33646491  0.34335631  0.36442146  0.35733336  0.35733336  0.35031206  0.36442146  0.36442146  0.39346811  0.32963666  0.32963666  0.28351488  0.28351488  0.28351488  0.27715310  0.31616510  0.28993146  0.37880324  0.38609959  0.37880324  0.40091024  0.33646491  0.36442146  0.35733336  0.36442146  
5_0_0      0.41602130  0.37157765  0.36442146  0.30293282  0.35733336  0.34335631  0.29640378  0.30293282  0.32963666  0.32287043  0.30951958  0.31616510  0.31616510  0.31616510  0.34335631  0.28351488  0.29640378  0.28351488  0.26459022  0.27715310  0.00000000  0.43927859  0.43927859  0.44719520  0.44719520  0.41602130  0.41602130  0.42369334  0.42369334  0.37157765  0.37880324  0.36442146  0.57730535  0.51375219  0.60629465  0.60629465  0.60629465  0.59650568  0.58684367  0.49654726  0.52250598  0.49654726  0.50510006  0.53136385  0.56788762  0.54940194  0.54032831  0.53136385  0.52250598  0.52250598  0.52250598  0.51375219  0.54032831  0.56788762  0.59650568  0.56788762  0.61621395  0.42369334  0.48809153  0.48809153  0.52250598  0.45519684  0.52250598  0.51375219  0.52250598  0.52250598  0.52250598  0.53136385  0.52250598  0.46328536  0.46328536  0.53136385  0.51375219  0.54940194  0.54940194  0.57730535  0.56788762  0.51375219  0.52250598  0.50510006  0.49654726  0.50510006  0.51375219  0.51375219  0.52250598  0.53136385  0.54032831  0.50510006  0.52250598  0.51375219  0.52250598  0.51375219  0.51375219  0.51375219  0.55858745  0.55858745  0.57730535  0.56788762  0.56788762  0.56788762  0.46328536  0.43927859  0.48809153  0.49654726  0.49654726  0.50510006  0.42369334  0.43927859  0.42369334  0.43144521  0.43144521  0.44719520  0.43927859  0.46328536  0.51375219  0.45519684  0.43927859  0.45519684  0.49654726  0.49654726  0.48809153  0.44719520  0.46328536  0.37880324  0.37880324  0.37880324  0.37157765  0.40091024  0.38609959  0.47146265  0.47973070  0.48809153  0.46328536  0.48809153  0.47146265  0.46328536  0.47146265  
79_0_0     0.40091024  0.47973070  0.44719520  0.37880324  0.40842746  0.42369334  0.36442146  0.38609959  0.34335631  0.35733336  0.35031206  0.37157765  0.35031206  0.33646491  0.40091024  0.33646491  0.35031206  0.32963666  0.32287043  0.32287043  0.43927859  0.00000000  0.00000000  0.04965341  0.19904354  0.19904354  0.21054016  0.21635568  0.21635568  0.19336109  0.21054016  0.21054016  0.39346811  0.36442146  0.38609959  0.38609959  0.39346811  0.36442146  0.37157765  0.34335631  0.37157765  0.35031206  0.34335631  0.35031206  0.37157765  0.36442146  0.35733336  0.34335631  0.35031206  0.35031206  0.34335631  0.35031206  0.37157765  0.45519684  0.38609959  0.39346811  0.39346811  0.37157765  0.35733336  0.36442146  0.37880324  0.42369334  0.38609959  0.39346811  0.41602130  0.38609959  0.40091024  0.37880324  0.39346811  0.30951958  0.30951958  0.41602130  0.35733336  0.34335631  0.34335631  0.37880324  0.37157765  0.30951958  0.31616510  0.33646491  0.34335631  0.34335631  0.34335631  0.37880324  0.37157765  0.33646491  0.35733336  0.46328536  0.44719520  0.43927859  0.43927859  0.44719520  0.46328536  0.46328536  0.42369334  0.42369334  0.37880324  0.37157765  0.35733336  0.40842746  0.27715310  0.27084518  0.27715310  0.26459022  0.26459022  0.25838734  0.26459022  0.26459022  0.28993146  0.26459022  0.26459022  0.27715310  0.28351488  0.28993146  0.29640378  0.30293282  0.24613439  0.25223567  0.27715310  0.27084518  0.30293282  0.27084518  0.25838734  0.21635568  0.22812472  0.22812472  0.23407970  0.23407970  0.22221696  0.30293282  0.28993146  0.28351488  0.30293282  0.28993146  0.28351488  0.27084518  0.27715310  
79_11_0    0.40091024  0.47973070  0.44719520  0.37880324  0.40842746  0.42369334  0.36442146  0.38609959  0.34335631  0.35733336  0.35031206  0.37157765  0.35031206  0.33646491  0.40091024  0.33646491  0.35031206  0.32963666  0.32287043  0.32287043  0.43927859  0.00000000  0.00000000  0.04965341  0.19904354  0.19904354  0.21054016  0.21635568  0.21635568  0.19336109  0.21054016  0.21054016  0.39346811  0.36442146  0.38609959  0.38609959  0.39346811  0.36442146  0.37157765  0.34335631  0.37157765  0.35031206  0.34335631  0.35031206  0.37157765  0.36442146  0.35733336  0.34335631  0.35031206  0.35031206  0.34335631  0.35031206  0.37157765  0.45519684  0.38609959  0.39346811  0.39346811  0.37157765  0.35733336  0.36442146  0.37880324  0.42369334  0.38609959  0.39346811  0.41602130  0.38609959  0.40091024  0.37880324  0.39346811  0.30951958  0.30951958  0.41602130  0.35733336  0.34335631  0.34335631  0.37880324  0.37157765  0.30951958  0.31616510  0.33646491  0.34335631  0.34335631  0.34335631  0.37880324  0.37157765  0.33646491  0.35733336  0.46328536  0.44719520  0.43927859  0.43927859  0.44719520  0.46328536  0.46328536  0.42369334  0.42369334  0.37880324  0.37157765  0.35733336  0.40842746  0.27715310  0.27084518  0.27715310  0.26459022  0.26459022  0.25838734  0.26459022  0.26459022  0.28993146  0.26459022  0.26459022  0.27715310  0.28351488  0.28993146  0.29640378  0.30293282  0.24613439  0.25223567  0.27715310  0.27084518  0.30293282  0.27084518  0.25838734  0.21635568  0.22812472  0.22812472  0.23407970  0.23407970  0.22221696  0.30293282  0.28993146  0.28351488  0.30293282  0.28993146  0.28351488  0.27084518  0.27715310  
47_0_0     0.40091024  0.47973070  0.44719520  0.42369334  0.40842746  0.43927859  0.40091024  0.42369334  0.34335631  0.37880324  0.37157765  0.39346811  0.37157765  0.32963666  0.41602130  0.34335631  0.35733336  0.36442146  0.35733336  0.35733336  0.44719520  0.04965341  0.04965341  0.00000000  0.19336109  0.19904354  0.21054016  0.20476967  0.22221696  0.22221696  0.22812472  0.22812472  0.40091024  0.38609959  0.33646491  0.33646491  0.34335631  0.34335631  0.35031206  0.37880324  0.39346811  0.35733336  0.35031206  0.35733336  0.39346811  0.34335631  0.33646491  0.32287043  0.31616510  0.35733336  0.32287043  0.32963666  0.36442146  0.46328536  0.36442146  0.37157765  0.37157765  0.36442146  0.35031206  0.35733336  0.35733336  0.40091024  0.36442146  0.37157765  0.39346811  0.37880324  0.39346811  0.37157765  0.38609959  0.30293282  0.31616510  0.40842746  0.35031206  0.33646491  0.33646491  0.37157765  0.36442146  0.31616510  0.32287043  0.33646491  0.33646491  0.30951958  0.30951958  0.34335631  0.33646491  0.34335631  0.35031206  0.42369334  0.40842746  0.40091024  0.41602130  0.42369334  0.42369334  0.42369334  0.38609959  0.38609959  0.32963666  0.32287043  0.30951958  0.41602130  0.25838734  0.25223567  0.28351488  0.27084518  0.28351488  0.27715310  0.25838734  0.25838734  0.28351488  0.25838734  0.25838734  0.27084518  0.27715310  0.29640378  0.31616510  0.29640378  0.28351488  0.29640378  0.31616510  0.30951958  0.32287043  0.28993146  0.28993146  0.24613439  0.25838734  0.25838734  0.26459022  0.25223567  0.25223567  0.28351488  0.27084518  0.25223567  0.27084518  0.29640378  0.32287043  0.29640378  0.28993146  
