20
14_0_0     0.00000000  0.24590847  0.22156317  0.22156317  0.21373205  0.17851101  0.17747104  0.22953291  0.28571367  0.29479243  0.20486458  0.22953291  0.22953291  0.22953291  0.22953291  0.28571367  0.26808752  0.27681435  0.27681435  0.24287814  
8_0_0      0.24590847  0.00000000  0.02598828  0.02598828  0.03137090  0.27506969  0.26486592  0.33165433  0.29475977  0.31846510  0.28757185  0.29475977  0.29475977  0.29475977  0.29475977  0.32776029  0.30935792  0.31846510  0.31846510  0.29167821  
9_0_0      0.22156317  0.02598828  0.00000000  0.00000000  0.01541230  0.28387342  0.27341080  0.32214343  0.32214343  0.32776029  0.27887826  0.30370389  0.30370389  0.30370389  0.30370389  0.31846510  0.30043130  0.30935792  0.32776029  0.31846510  
13_0_0     0.22156317  0.02598828  0.00000000  0.00000000  0.01541230  0.28387342  0.27341080  0.32214343  0.32214343  0.32776029  0.27887826  0.30370389  0.30370389  0.30370389  0.30370389  0.31846510  0.30043130  0.30935792  0.32776029  0.31846510  
7_0_0      0.21373205  0.03137090  0.01541230  0.01541230  0.00000000  0.29285273  0.28212098  0.33165433  0.33165433  0.31846510  0.27034934  0.27738751  0.27738751  0.27738751  0.27738751  0.32776029  0.30935792  0.31846510  0.31846510  0.29167821  
11_0_0     0.17851101  0.27506969  0.28387342  0.28387342  0.29285273  0.00000000  0.02584715  0.23617405  0.21249022  0.24435382  0.21900564  0.21249022  0.21249022  0.21249022  0.21249022  0.35084903  0.35084903  0.36128521  0.34064926  0.21783836  
17_0_0     0.17747104  0.26486592  0.27341080  0.27341080  0.28212098  0.02584715  0.00000000  0.25112543  0.21132135  0.24287814  0.22558222  0.22682335  0.22682335  0.22682335  0.22682335  0.33824804  0.32839412  0.33824804  0.31875124  0.23222115  
16_0_0     0.22953291  0.33165433  0.32214343  0.32214343  0.33165433  0.23617405  0.25112543  0.00000000  0.15308907  0.18956674  0.10719442  0.10791791  0.10791791  0.10791791  0.10791791  0.19723079  0.18203096  0.18956674  0.18956674  0.11289096  
20_0_0     0.28571367  0.29475977  0.32214343  0.32214343  0.33165433  0.21249022  0.21132135  0.15308907  0.00000000  0.08193333  0.14520703  0.11934635  0.11934635  0.11934635  0.11934635  0.17961766  0.16517334  0.17233759  0.17233759  0.08706647  
15_0_0     0.29479243  0.31846510  0.32776029  0.32776029  0.31846510  0.24435382  0.24287814  0.18956674  0.08193333  0.00000000  0.15910501  0.15308907  0.15308907  0.15308907  0.15308907  0.24252882  0.22595799  0.23416718  0.23416718  0.13096832  
19_0_0     0.20486458  0.28757185  0.27887826  0.27887826  0.27034934  0.21900564  0.22558222  0.10719442  0.14520703  0.15910501  0.00000000  0.05324334  0.05324334  0.05324334  0.05324334  0.15910501  0.14520703  0.15210240  0.16621825  0.06977874  
3_0_0      0.22953291  0.29475977  0.30370389  0.30370389  0.27738751  0.21249022  0.22682335  0.10791791  0.11934635  0.15308907  0.05324334  0.00000000  0.00000000  0.00000000  0.00000000  0.16015201  0.14613520  0.15308907  0.15308907  0.05861384  
2_0_0      0.22953291  0.29475977  0.30370389  0.30370389  0.27738751  0.21249022  0.22682335  0.10791791  0.11934635  0.15308907  0.05324334  0.00000000  0.00000000  0.00000000  0.00000000  0.16015201  0.14613520  0.15308907  0.15308907  0.05861384  
18_0_0     0.22953291  0.29475977  0.30370389  0.30370389  0.27738751  0.21249022  0.22682335  0.10791791  0.11934635  0.15308907  0.05324334  0.00000000  0.00000000  0.00000000  0.00000000  0.16015201  0.14613520  0.15308907  0.15308907  0.05861384  
1_0_0      0.22953291  0.29475977  0.30370389  0.30370389  0.27738751  0.21249022  0.22682335  0.10791791  0.11934635  0.15308907  0.05324334  0.00000000  0.00000000  0.00000000  0.00000000  0.16015201  0.14613520  0.15308907  0.15308907  0.05861384  
5_0_0      0.28571367  0.32776029  0.31846510  0.31846510  0.32776029  0.35084903  0.33824804  0.19723079  0.17961766  0.24252882  0.15910501  0.16015201  0.16015201  0.16015201  0.16015201  0.00000000  0.01021603  0.00507904  0.01541230  0.16015201  
12_0_0     0.26808752  0.30935792  0.30043130  0.30043130  0.30935792  0.35084903  0.32839412  0.18203096  0.16517334  0.22595799  0.14520703  0.14613520  0.14613520  0.14613520  0.14613520  0.01021603  0.00000000  0.00507904  0.01541230  0.14613520  
4_0_0      0.27681435  0.31846510  0.30935792  0.30935792  0.31846510  0.36128521  0.33824804  0.18956674  0.17233759  0.23416718  0.15210240  0.15308907  0.15308907  0.15308907  0.15308907  0.00507904  0.00507904  0.00000000  0.01021603  0.15308907  
10_0_0     0.27681435  0.31846510  0.32776029  0.32776029  0.31846510  0.34064926  0.31875124  0.18956674  0.17233759  0.23416718  0.16621825  0.15308907  0.15308907  0.15308907  0.15308907  0.01541230  0.01541230  0.01021603  0.00000000  0.15308907  
6_0_0      0.24287814  0.29167821  0.31846510  0.31846510  0.29167821  0.21783836  0.23222115  0.11289096  0.08706647  0.13096832  0.06977874  0.05861384  0.05861384  0.05861384  0.05861384  0.16015201  0.14613520  0.15308907  0.15308907  0.00000000  

