20
14_0_0     0.00000000  0.20307823  0.20982080  0.20982080  0.22349989  0.17028805  0.17028805  0.17672680  0.23043892  0.25888926  0.19639870  0.22349989  0.23043892  0.22349989  0.22349989  0.23744600  0.23043892  0.23043892  0.23744600  0.17028805  
8_0_0      0.20307823  0.00000000  0.01531448  0.01531448  0.02570960  0.28851966  0.30380879  0.24452249  0.27355087  0.29612333  0.27355087  0.27355087  0.29612333  0.28851966  0.28851966  0.31943226  0.28099606  0.28099606  0.28851966  0.25888926  
9_0_0      0.20982080  0.01531448  0.00000000  0.00000000  0.02049313  0.28099606  0.31157782  0.23744600  0.29612333  0.29612333  0.28099606  0.26618246  0.28851966  0.28099606  0.28099606  0.32737401  0.28851966  0.28851966  0.29612333  0.26618246  
13_0_0     0.20982080  0.01531448  0.00000000  0.00000000  0.02049313  0.28099606  0.31157782  0.23744600  0.29612333  0.29612333  0.28099606  0.26618246  0.28851966  0.28099606  0.28099606  0.32737401  0.28851966  0.28851966  0.29612333  0.26618246  
7_0_0      0.22349989  0.02570960  0.02049313  0.02049313  0.00000000  0.26618246  0.29612333  0.25166976  0.28099606  0.31157782  0.29612333  0.28099606  0.30380879  0.29612333  0.29612333  0.34352736  0.28851966  0.28851966  0.31157782  0.28099606  
11_0_0     0.17028805  0.28851966  0.28099606  0.28099606  0.26618246  0.00000000  0.03096443  0.15131281  0.23043892  0.25166976  0.21662761  0.23043892  0.25166976  0.23043892  0.23043892  0.27355087  0.28099606  0.28099606  0.28851966  0.19639870  
17_0_0     0.17028805  0.30380879  0.31157782  0.31157782  0.29612333  0.03096443  0.00000000  0.15758206  0.22349989  0.25166976  0.19639870  0.22349989  0.24452249  0.22349989  0.22349989  0.29612333  0.28851966  0.28851966  0.29612333  0.20307823  
16_0_0     0.17672680  0.24452249  0.23744600  0.23744600  0.25166976  0.15131281  0.15758206  0.00000000  0.13282851  0.14509809  0.10304591  0.14509809  0.16390681  0.14509809  0.14509809  0.18978104  0.19639870  0.19639870  0.18978104  0.10890394  
20_0_0     0.23043892  0.27355087  0.29612333  0.29612333  0.28099606  0.23043892  0.22349989  0.13282851  0.00000000  0.08008261  0.12677184  0.15758206  0.17672680  0.17028805  0.17028805  0.18978104  0.20982080  0.20982080  0.20307823  0.12076609  
15_0_0     0.25888926  0.29612333  0.29612333  0.29612333  0.31157782  0.25166976  0.25166976  0.14509809  0.08008261  0.00000000  0.17028805  0.15131281  0.17028805  0.16390681  0.16390681  0.20982080  0.21662761  0.21662761  0.20982080  0.14509809  
19_0_0     0.19639870  0.27355087  0.28099606  0.28099606  0.29612333  0.21662761  0.19639870  0.10304591  0.12677184  0.17028805  0.00000000  0.11481040  0.13282851  0.11481040  0.11481040  0.18978104  0.19639870  0.19639870  0.20307823  0.10304591  
3_0_0      0.22349989  0.27355087  0.26618246  0.26618246  0.28099606  0.23043892  0.22349989  0.14509809  0.15758206  0.15131281  0.11481040  0.00000000  0.01531448  0.01017309  0.01017309  0.20307823  0.19639870  0.19639870  0.20307823  0.09147201  
2_0_0      0.23043892  0.29612333  0.28851966  0.28851966  0.30380879  0.25166976  0.24452249  0.16390681  0.17672680  0.17028805  0.13282851  0.01531448  0.00000000  0.01531448  0.01531448  0.20982080  0.20307823  0.20307823  0.20982080  0.10890394  
18_0_0     0.22349989  0.28851966  0.28099606  0.28099606  0.29612333  0.23043892  0.22349989  0.14509809  0.17028805  0.16390681  0.11481040  0.01017309  0.01531448  0.00000000  0.00000000  0.18978104  0.18322410  0.18322410  0.18978104  0.09147201  
1_0_0      0.22349989  0.28851966  0.28099606  0.28099606  0.29612333  0.23043892  0.22349989  0.14509809  0.17028805  0.16390681  0.11481040  0.01017309  0.01531448  0.00000000  0.00000000  0.18978104  0.18322410  0.18322410  0.18978104  0.09147201  
5_0_0      0.23744600  0.31943226  0.32737401  0.32737401  0.34352736  0.27355087  0.29612333  0.18978104  0.18978104  0.20982080  0.18978104  0.20307823  0.20982080  0.18978104  0.18978104  0.00000000  0.03625820  0.03625820  0.02049313  0.13893696  
12_0_0     0.23043892  0.28099606  0.28851966  0.28851966  0.28851966  0.28099606  0.28851966  0.19639870  0.20982080  0.21662761  0.19639870  0.19639870  0.20307823  0.18322410  0.18322410  0.03625820  0.00000000  0.00000000  0.01531448  0.12076609  
4_0_0      0.23043892  0.28099606  0.28851966  0.28851966  0.28851966  0.28099606  0.28851966  0.19639870  0.20982080  0.21662761  0.19639870  0.19639870  0.20307823  0.18322410  0.18322410  0.03625820  0.00000000  0.00000000  0.01531448  0.12076609  
10_0_0     0.23744600  0.28851966  0.29612333  0.29612333  0.31157782  0.28851966  0.29612333  0.18978104  0.20307823  0.20982080  0.20307823  0.20307823  0.20982080  0.18978104  0.18978104  0.02049313  0.01531448  0.01531448  0.00000000  0.12677184  
6_0_0      0.17028805  0.25888926  0.26618246  0.26618246  0.28099606  0.19639870  0.20307823  0.10890394  0.12076609  0.14509809  0.10304591  0.09147201  0.10890394  0.09147201  0.09147201  0.13893696  0.12076609  0.12076609  0.12677184  0.00000000  

