20
7_0_0      0.00000000  0.00584841  0.00584841  0.07436173  0.07436173  0.07436173  0.23943375  0.23943375  0.23943375  0.23178430  0.29834406  0.25140334  0.32133783  0.32364446  0.31072089  0.24217380  0.22554606  0.22554606  0.22554606  0.16876130  
13_0_0     0.00584841  0.00000000  0.00000000  0.08108403  0.08108403  0.08108403  0.23053806  0.23053806  0.23053806  0.22296711  0.28826912  0.24217380  0.31072089  0.31291108  0.30032715  0.23311340  0.21672725  0.21672725  0.21672725  0.17685937  
9_0_0      0.00584841  0.00000000  0.00000000  0.08108403  0.08108403  0.08108403  0.23053806  0.23053806  0.23053806  0.22296711  0.28826912  0.24217380  0.31072089  0.31291108  0.30032715  0.23311340  0.21672725  0.21672725  0.21672725  0.17685937  
19_0_0     0.07436173  0.08108403  0.08108403  0.00000000  0.04884708  0.04247068  0.18831288  0.18831288  0.18831288  0.18109605  0.24076159  0.19844616  0.33218777  0.31291108  0.30032715  0.18198343  0.18294557  0.18294557  0.18294557  0.16876130  
18_0_0     0.07436173  0.08108403  0.08108403  0.04884708  0.00000000  0.00584841  0.21321290  0.21321290  0.21321290  0.20579088  0.30862857  0.26080846  0.32133783  0.34583660  0.27039597  0.23311340  0.19954794  0.19954794  0.19954794  0.21064701  
8_0_0      0.07436173  0.08108403  0.08108403  0.04247068  0.00584841  0.00000000  0.21321290  0.21321290  0.21321290  0.20579088  0.30862857  0.26080846  0.32133783  0.34583660  0.27039597  0.23311340  0.19954794  0.19954794  0.19954794  0.21064701  
10_0_0     0.23943375  0.23053806  0.23053806  0.18831288  0.21321290  0.21321290  0.00000000  0.00000000  0.00000000  0.01767665  0.13014858  0.10892627  0.29296786  0.31501947  0.29296786  0.21321290  0.23178430  0.23178430  0.23178430  0.20806298  
4_0_0      0.23943375  0.23053806  0.23053806  0.18831288  0.21321290  0.21321290  0.00000000  0.00000000  0.00000000  0.01767665  0.13014858  0.10892627  0.29296786  0.31501947  0.29296786  0.21321290  0.23178430  0.23178430  0.23178430  0.20806298  
12_0_0     0.23943375  0.23053806  0.23053806  0.18831288  0.21321290  0.21321290  0.00000000  0.00000000  0.00000000  0.01767665  0.13014858  0.10892627  0.29296786  0.31501947  0.29296786  0.21321290  0.23178430  0.23178430  0.23178430  0.20806298  
5_0_0      0.23178430  0.22296711  0.22296711  0.18109605  0.20579088  0.20579088  0.01767665  0.01767665  0.01767665  0.00000000  0.13843046  0.11683198  0.30473717  0.32764008  0.28479266  0.20579088  0.20688776  0.20688776  0.20688776  0.20072640  
11_0_0     0.29834406  0.28826912  0.28826912  0.24076159  0.30862857  0.30862857  0.13014858  0.13014858  0.13014858  0.13843046  0.00000000  0.02980351  0.31501947  0.33848756  0.33624874  0.21430441  0.25140334  0.25140334  0.25140334  0.21805783  
17_0_0     0.25140334  0.24217380  0.24217380  0.19844616  0.26080846  0.26080846  0.10892627  0.10892627  0.10892627  0.11683198  0.02980351  0.00000000  0.28648417  0.30862857  0.30663401  0.19014628  0.22554606  0.22554606  0.22554606  0.18509228  
14_0_0     0.32133783  0.31072089  0.31072089  0.33218777  0.32133783  0.32133783  0.29296786  0.29296786  0.29296786  0.30473717  0.31501947  0.28648417  0.00000000  0.10240486  0.12215756  0.28648417  0.28826912  0.28826912  0.28826912  0.24367010  
15_0_0     0.32364446  0.31291108  0.31291108  0.31291108  0.34583660  0.34583660  0.31501947  0.31501947  0.31501947  0.32764008  0.33848756  0.30862857  0.10240486  0.00000000  0.20198117  0.28826912  0.27039597  0.27039597  0.27039597  0.31519936  
16_0_0     0.31072089  0.30032715  0.30032715  0.30032715  0.27039597  0.27039597  0.29296786  0.29296786  0.29296786  0.28479266  0.33624874  0.30663401  0.12215756  0.20198117  0.00000000  0.28648417  0.24990491  0.24990491  0.24990491  0.27216624  
6_0_0      0.24217380  0.23311340  0.23311340  0.18198343  0.23311340  0.23311340  0.21321290  0.21321290  0.21321290  0.20579088  0.21430441  0.19014628  0.28648417  0.28826912  0.28648417  0.00000000  0.03598034  0.03598034  0.03598034  0.16876130  
1_0_0      0.22554606  0.21672725  0.21672725  0.18294557  0.19954794  0.19954794  0.23178430  0.23178430  0.23178430  0.20688776  0.25140334  0.22554606  0.28826912  0.27039597  0.24990491  0.03598034  0.00000000  0.00000000  0.00000000  0.18627608  
2_0_0      0.22554606  0.21672725  0.21672725  0.18294557  0.19954794  0.19954794  0.23178430  0.23178430  0.23178430  0.20688776  0.25140334  0.22554606  0.28826912  0.27039597  0.24990491  0.03598034  0.00000000  0.00000000  0.00000000  0.18627608  
3_0_0      0.22554606  0.21672725  0.21672725  0.18294557  0.19954794  0.19954794  0.23178430  0.23178430  0.23178430  0.20688776  0.25140334  0.22554606  0.28826912  0.27039597  0.24990491  0.03598034  0.00000000  0.00000000  0.00000000  0.18627608  
20_0_0     0.16876130  0.17685937  0.17685937  0.16876130  0.21064701  0.21064701  0.20806298  0.20806298  0.20806298  0.20072640  0.21805783  0.18509228  0.24367010  0.31519936  0.27216624  0.16876130  0.18627608  0.18627608  0.18627608  0.00000000  

