20
7_0_0      0.00000000  0.01177770  0.01177770  0.08200171  0.08200171  0.08148892  0.26981797  0.26981797  0.26981797  0.25975247  0.29889377  0.28825373  0.38868571  0.42587118  0.38120012  0.30404355  0.33842713  0.31522103  0.32667747  0.26409441  
13_0_0     0.01177770  0.00000000  0.00000000  0.08200171  0.08200171  0.08148892  0.26981797  0.26981797  0.26981797  0.25975247  0.29889377  0.28825373  0.38868571  0.42587118  0.38120012  0.30404355  0.33842713  0.31522103  0.32667747  0.24414713  
9_0_0      0.01177770  0.00000000  0.00000000  0.08200171  0.08200171  0.08148892  0.26981797  0.26981797  0.26981797  0.25975247  0.29889377  0.28825373  0.38868571  0.42587118  0.38120012  0.30404355  0.33842713  0.31522103  0.32667747  0.24414713  
19_0_0     0.08200171  0.08200171  0.08200171  0.00000000  0.04904007  0.04872005  0.25190682  0.25190682  0.25190682  0.24215411  0.24026029  0.23081602  0.31811959  0.35048542  0.35943591  0.25401244  0.28494792  0.26409441  0.27440277  0.24623968  
18_0_0     0.08200171  0.08200171  0.08200171  0.04904007  0.00000000  0.01172669  0.23260429  0.23260429  0.23260429  0.22324908  0.28010911  0.26981797  0.34164521  0.37559590  0.35943591  0.23448936  0.26409441  0.26409441  0.25401244  0.20835538  
8_0_0      0.08148892  0.08148892  0.08148892  0.04872005  0.01172669  0.00000000  0.23081602  0.23081602  0.23081602  0.22156212  0.27785471  0.26768604  0.35048542  0.35943591  0.36849946  0.22324908  0.25190682  0.25190682  0.24215411  0.21576278  
10_0_0     0.26981797  0.26981797  0.26981797  0.25190682  0.23260429  0.23081602  0.00000000  0.00000000  0.00000000  0.00585108  0.08895769  0.08200171  0.30404355  0.35943591  0.39426218  0.27205670  0.28247330  0.28247330  0.27205670  0.21576278  
4_0_0      0.26981797  0.26981797  0.26981797  0.25190682  0.23260429  0.23081602  0.00000000  0.00000000  0.00000000  0.00585108  0.08895769  0.08200171  0.30404355  0.35943591  0.39426218  0.27205670  0.28247330  0.28247330  0.27205670  0.21576278  
12_0_0     0.26981797  0.26981797  0.26981797  0.25190682  0.23260429  0.23081602  0.00000000  0.00000000  0.00000000  0.00585108  0.08895769  0.08200171  0.30404355  0.35943591  0.39426218  0.27205670  0.28247330  0.28247330  0.27205670  0.21576278  
5_0_0      0.25975247  0.25975247  0.25975247  0.24215411  0.22324908  0.22156212  0.00585108  0.00585108  0.00585108  0.00000000  0.09602069  0.08895769  0.29313175  0.34722924  0.38120012  0.26187122  0.27205670  0.27205670  0.26187122  0.20667836  
11_0_0     0.29889377  0.29889377  0.29889377  0.24026029  0.28010911  0.27785471  0.08895769  0.08895769  0.08895769  0.09602069  0.00000000  0.00585108  0.28010911  0.35614072  0.36516431  0.35943591  0.37197603  0.39813316  0.38486833  0.25190682  
17_0_0     0.28825373  0.28825373  0.28825373  0.23081602  0.26981797  0.26768604  0.08200171  0.08200171  0.08200171  0.08895769  0.00585108  0.00000000  0.26981797  0.34410598  0.35298178  0.34722924  0.35943591  0.38486833  0.37197603  0.24215411  
14_0_0     0.38868571  0.38868571  0.38868571  0.31811959  0.34164521  0.35048542  0.30404355  0.30404355  0.30404355  0.29313175  0.28010911  0.26981797  0.00000000  0.14084516  0.18903166  0.25401244  0.26409441  0.26409441  0.27440277  0.20835538  
15_0_0     0.42587118  0.42587118  0.42587118  0.35048542  0.37559590  0.35943591  0.35943591  0.35943591  0.35943591  0.34722924  0.35614072  0.34410598  0.14084516  0.00000000  0.31522103  0.27205670  0.28247330  0.30404355  0.29313175  0.27440277  
16_0_0     0.38120012  0.38120012  0.38120012  0.35943591  0.35943591  0.36849946  0.39426218  0.39426218  0.39426218  0.38120012  0.36516431  0.35298178  0.18903166  0.31522103  0.00000000  0.41179271  0.39813316  0.39813316  0.41179271  0.30404355  
6_0_0      0.30404355  0.30404355  0.30404355  0.25401244  0.23448936  0.22324908  0.27205670  0.27205670  0.27205670  0.26187122  0.35943591  0.34722924  0.25401244  0.27205670  0.41179271  0.00000000  0.03003093  0.03003093  0.02386553  0.20835538  
1_0_0      0.33842713  0.33842713  0.33842713  0.28494792  0.26409441  0.25190682  0.28247330  0.28247330  0.28247330  0.27205670  0.37197603  0.35943591  0.26409441  0.28247330  0.39813316  0.03003093  0.00000000  0.01177770  0.00585108  0.23647151  
2_0_0      0.31522103  0.31522103  0.31522103  0.26409441  0.26409441  0.25190682  0.28247330  0.28247330  0.28247330  0.27205670  0.39813316  0.38486833  0.26409441  0.30404355  0.39813316  0.03003093  0.01177770  0.00000000  0.00585108  0.23647151  
3_0_0      0.32667747  0.32667747  0.32667747  0.27440277  0.25401244  0.24215411  0.27205670  0.27205670  0.27205670  0.26187122  0.38486833  0.37197603  0.27440277  0.29313175  0.41179271  0.02386553  0.00585108  0.00585108  0.00000000  0.22690686  
20_0_0     0.26409441  0.24414713  0.24414713  0.24623968  0.20835538  0.21576278  0.21576278  0.21576278  0.21576278  0.20667836  0.25190682  0.24215411  0.20835538  0.27440277  0.30404355  0.20835538  0.23647151  0.23647151  0.22690686  0.00000000  

