191
33_0_0     0.00000000  0.10947437  0.31003128  0.31003128  0.50452075  0.50452075  0.48510972  0.55896636  0.49152272  0.47245079  0.50452075  0.52446366  0.44777486  0.43574367  0.64117241  0.59518632  0.44777486  0.53806912  0.42390812  0.46000826  0.52446366  0.47875274  0.62551866  0.72492809  0.64912737  0.64912737  0.55193374  0.49152272  0.77072129  0.56606760  0.61019450  0.62551866  0.58048135  0.58048135  0.54496842  0.57323880  0.57323880  0.58779670  0.62551866  0.70738817  0.85056809  0.78023610  0.61781625  0.66530295  0.41226195  0.58779670  0.57323880  0.51775513  0.51110786  0.47875274  0.47875274  0.52446366  0.46000826  0.77072129  0.91678398  0.84009493  0.47245079  0.49799272  0.49152272  0.50452075  0.50452075  0.53806912  0.46000826  0.49152272  0.76132927  0.42390812  0.60265172  0.44777486  0.44777486  0.41806174  0.46000826  0.41806174  0.41226195  0.44777486  1.01563032  0.94026579  0.96453048  0.96453048  0.91678398  0.97697307  0.90532117  0.90532117  0.91678398  0.94026579  0.91678398  0.48510972  0.52446366  0.44173441  0.51110786  0.54496842  0.44173441  0.46620294  0.51775513  0.51110786  0.55193374  0.60265172  0.55896636  0.64117241  0.63330346  0.62551866  0.61781625  0.60265172  0.60265172  0.49799272  0.53123460  0.63330346  0.49152272  0.49152272  0.49799272  0.52446366  0.53806912  0.51775513  0.51775513  0.51110786  0.88292332  0.51110786  0.58779670  0.60265172  0.49799272  0.47245079  0.55896636  0.42390812  0.58779670  0.58048135  0.58048135  0.61019450  0.60265172  0.61781625  0.75205689  0.58779670  0.57323880  0.69877420  0.66530295  0.72492809  0.63330346  0.66530295  0.64912737  0.87197765  0.73385914  0.79964717  0.78023610  0.78023610  0.77072129  0.72492809  0.73385914  0.92843019  0.87197765  0.92843019  0.91678398  0.78987693  0.71610530  0.69026099  0.67352757  0.69026099  0.72492809  0.72492809  0.64117241  0.68184619  0.69026099  0.78023610  0.78987693  0.77072129  0.74290115  0.72492809  0.73385914  0.67352757  0.76132927  0.64117241  0.66530295  0.75205689  0.73385914  0.67352757  0.65717023  0.68184619  0.71610530  0.72492809  0.84009493  0.78987693  0.55193374  0.63330346  0.69026099  0.68184619  0.67352757  0.69026099  0.78987693  0.74290115  0.94026579  0.78023610  0.78023610  0.76132927  0.76132927  
33_32_0    0.10947437  0.00000000  0.35133995  0.35133995  0.47245079  0.49799272  0.46620294  0.58779670  0.51110786  0.47875274  0.50452075  0.49799272  0.45386586  0.44173441  0.64117241  0.58048135  0.44173441  0.55193374  0.43574367  0.47245079  0.54496842  0.49799272  0.66530295  0.67352757  0.63330346  0.63330346  0.55896636  0.48510972  0.75205689  0.52446366  0.61781625  0.61781625  0.61781625  0.61781625  0.55193374  0.58048135  0.58048135  0.64912737  0.64912737  0.72492809  0.85056809  0.76132927  0.60265172  0.66530295  0.40650801  0.58779670  0.55896636  0.55896636  0.56606760  0.54496842  0.54496842  0.56606760  0.49152272  0.78023610  0.84009493  0.82977032  0.48510972  0.51110786  0.50452075  0.53123460  0.53123460  0.53123460  0.46000826  0.46620294  0.72492809  0.47245079  0.61019450  0.49799272  0.49152272  0.46620294  0.49799272  0.44777486  0.45386586  0.45386586  0.94026579  0.87197765  0.88292332  0.86119416  0.96453048  1.02898618  0.95229703  0.96453048  0.97697307  0.98963206  0.96453048  0.47245079  0.53123460  0.42980184  0.51110786  0.50452075  0.42980184  0.49799272  0.55193374  0.50452075  0.55896636  0.61781625  0.55193374  0.61781625  0.62551866  0.57323880  0.57323880  0.57323880  0.58048135  0.46620294  0.52446366  0.56606760  0.46000826  0.46000826  0.45386586  0.47875274  0.49152272  0.47245079  0.46620294  0.46620294  0.81959012  0.50452075  0.58048135  0.59518632  0.53123460  0.51110786  0.56606760  0.40650801  0.61019450  0.60265172  0.61019450  0.64117241  0.59518632  0.67352757  0.76132927  0.61019450  0.64117241  0.67352757  0.71610530  0.75205689  0.64912737  0.65717023  0.69026099  0.96453048  0.80955035  0.84009493  0.84009493  0.84009493  0.78987693  0.78023610  0.81959012  0.94026579  0.88292332  0.89403609  0.88292332  0.78023610  0.74290115  0.76132927  0.72492809  0.73385914  0.78023610  0.75205689  0.70738817  0.67352757  0.66530295  0.75205689  0.88292332  0.76132927  0.75205689  0.77072129  0.76132927  0.75205689  0.70738817  0.65717023  0.68184619  0.78987693  0.78987693  0.66530295  0.64912737  0.65717023  0.69026099  0.73385914  0.79964717  0.73385914  0.55896636  0.65717023  0.67352757  0.69877420  0.67352757  0.71610530  0.82977032  0.77072129  0.91678398  0.79964717  0.78987693  0.76132927  0.76132927  
45_0_0     0.31003128  0.35133995  0.00000000  0.01994286  0.48510972  0.50452075  0.50452075  0.55193374  0.49799272  0.43574367  0.49799272  0.49799272  0.51110786  0.46620294  0.60265172  0.56606760  0.42390812  0.52446366  0.47245079  0.51110786  0.53123460  0.49152272  0.69026099  0.78987693  0.64912737  0.64117241  0.52446366  0.53806912  0.68184619  0.55896636  0.67352757  0.65717023  0.58048135  0.56606760  0.55896636  0.61019450  0.62551866  0.60265172  0.64117241  0.74290115  0.85056809  0.71610530  0.63330346  0.71610530  0.38951416  0.61019450  0.63330346  0.55896636  0.55896636  0.48510972  0.48510972  0.46620294  0.48510972  0.70738817  0.78023610  0.75205689  0.47875274  0.46000826  0.46000826  0.49799272  0.49799272  0.53806912  0.45386586  0.47875274  0.73385914  0.49152272  0.60265172  0.46620294  0.46000826  0.46000826  0.46620294  0.42390812  0.41806174  0.46620294  0.94026579  0.97697307  0.98963206  0.96453048  0.89403609  0.96453048  0.91678398  0.89403609  0.97697307  0.89403609  0.92843019  0.53806912  0.51775513  0.48510972  0.48510972  0.49152272  0.52446366  0.47875274  0.51775513  0.49152272  0.50452075  0.65717023  0.63330346  0.63330346  0.63330346  0.59518632  0.56606760  0.59518632  0.61019450  0.47245079  0.50452075  0.52446366  0.46000826  0.46620294  0.47875274  0.49799272  0.49799272  0.47875274  0.49152272  0.47245079  0.73385914  0.49799272  0.56606760  0.57323880  0.51110786  0.47875274  0.47875274  0.41806174  0.56606760  0.55896636  0.55896636  0.61019450  0.53123460  0.55896636  0.87197765  0.46000826  0.46000826  0.58779670  0.60265172  0.62551866  0.55896636  0.58779670  0.61781625  0.91678398  0.74290115  0.78987693  0.76132927  0.77072129  0.78023610  0.71610530  0.70738817  0.91678398  0.92843019  0.88292332  0.89403609  0.75205689  0.65717023  0.73385914  0.61019450  0.61781625  0.71610530  0.65717023  0.64117241  0.73385914  0.75205689  0.73385914  0.73385914  0.79964717  0.84009493  0.84009493  0.81959012  0.68184619  0.63330346  0.61781625  0.57323880  0.60265172  0.58779670  0.65717023  0.64117241  0.69026099  0.74290115  0.66530295  0.70738817  0.76132927  0.49799272  0.64117241  0.65717023  0.68184619  0.69877420  0.67352757  0.68184619  0.78023610  0.85056809  0.78023610  0.84009493  0.78023610  0.78023610  
52_0_0     0.31003128  0.35133995  0.01994286  0.00000000  0.51110786  0.53123460  0.51110786  0.57323880  0.49799272  0.43574367  0.51775513  0.51110786  0.51110786  0.47875274  0.61781625  0.56606760  0.42390812  0.53806912  0.47245079  0.51110786  0.50452075  0.47875274  0.67352757  0.78987693  0.63330346  0.62551866  0.53123460  0.54496842  0.69026099  0.56606760  0.68184619  0.66530295  0.58048135  0.56606760  0.58779670  0.64117241  0.65717023  0.59518632  0.62551866  0.74290115  0.89403609  0.73385914  0.65717023  0.69026099  0.41226195  0.61781625  0.64117241  0.56606760  0.56606760  0.49799272  0.49799272  0.45386586  0.49799272  0.70738817  0.79964717  0.71610530  0.50452075  0.49799272  0.49799272  0.51775513  0.51775513  0.55193374  0.46620294  0.51110786  0.73385914  0.49152272  0.61781625  0.46620294  0.46000826  0.47245079  0.46620294  0.41226195  0.41806174  0.45386586  0.94026579  0.95229703  0.98963206  0.98963206  0.91678398  0.96453048  0.94026579  0.91678398  1.00251512  0.91678398  0.92843019  0.54496842  0.52446366  0.52446366  0.50452075  0.50452075  0.51110786  0.48510972  0.53123460  0.50452075  0.54496842  0.65717023  0.66530295  0.66530295  0.68184619  0.59518632  0.58048135  0.61019450  0.59518632  0.46000826  0.51110786  0.52446366  0.46000826  0.46620294  0.46620294  0.48510972  0.48510972  0.47875274  0.47875274  0.46000826  0.72492809  0.51110786  0.55896636  0.56606760  0.53123460  0.49799272  0.46620294  0.42980184  0.56606760  0.55896636  0.55896636  0.61019450  0.55896636  0.58779670  0.88292332  0.47245079  0.48510972  0.60265172  0.57323880  0.62551866  0.55896636  0.58779670  0.60265172  0.88292332  0.77072129  0.79964717  0.78987693  0.78987693  0.78987693  0.74290115  0.71610530  0.92843019  0.92843019  0.88292332  0.89403609  0.76132927  0.65717023  0.75205689  0.62551866  0.63330346  0.69877420  0.69026099  0.64117241  0.69877420  0.72492809  0.70738817  0.70738817  0.78023610  0.81959012  0.81959012  0.79964717  0.66530295  0.60265172  0.60265172  0.55896636  0.63330346  0.60265172  0.67352757  0.65717023  0.65717023  0.72492809  0.71610530  0.76132927  0.74290115  0.48510972  0.64117241  0.65717023  0.69877420  0.68184619  0.69026099  0.68184619  0.75205689  0.82977032  0.77072129  0.82977032  0.77072129  0.77072129  
45_31_0    0.50452075  0.47245079  0.48510972  0.51110786  0.00000000  0.05092068  0.46000826  0.62551866  0.50452075  0.51110786  0.48510972  0.49799272  0.51775513  0.47875274  0.51110786  0.51110786  0.47245079  0.53123460  0.51775513  0.53123460  0.60265172  0.48510972  0.68184619  0.73385914  0.60265172  0.61019450  0.51110786  0.46620294  0.74290115  0.64912737  0.64912737  0.64912737  0.53806912  0.55193374  0.51775513  0.53806912  0.53806912  0.51110786  0.56606760  0.71610530  0.70738817  0.75205689  0.63330346  0.64912737  0.41806174  0.56606760  0.59518632  0.55896636  0.54496842  0.53806912  0.53806912  0.51110786  0.46000826  0.74290115  0.66530295  0.70738817  0.51110786  0.50452075  0.50452075  0.58048135  0.58048135  0.53123460  0.51110786  0.49799272  0.69877420  0.53806912  0.71610530  0.53123460  0.53123460  0.53806912  0.50452075  0.49152272  0.46620294  0.51775513  0.88292332  0.82977032  0.84009493  0.85056809  0.76132927  0.80955035  0.77072129  0.78023610  0.87197765  0.77072129  0.77072129  0.49152272  0.46620294  0.46620294  0.42980184  0.41806174  0.46000826  0.43574367  0.50452075  0.51775513  0.55896636  0.48510972  0.44777486  0.51775513  0.51775513  0.46620294  0.46620294  0.49799272  0.47875274  0.38951416  0.44777486  0.42390812  0.38393658  0.36745580  0.40079919  0.37290804  0.38393658  0.40079919  0.38951416  0.38393658  0.77072129  0.49152272  0.64912737  0.66530295  0.54496842  0.51775513  0.53806912  0.47875274  0.61019450  0.60265172  0.55193374  0.59518632  0.49152272  0.54496842  0.81959012  0.61019450  0.57323880  0.61781625  0.65717023  0.63330346  0.60265172  0.58048135  0.62551866  0.96453048  0.77072129  0.78987693  0.79964717  0.73385914  0.82977032  0.79964717  0.78023610  0.94026579  0.86119416  0.88292332  0.87197765  0.61019450  0.58048135  0.63330346  0.60265172  0.62551866  0.65717023  0.59518632  0.61019450  0.58779670  0.65717023  0.72492809  0.76132927  0.68184619  0.64117241  0.63330346  0.63330346  0.59518632  0.51110786  0.56606760  0.51110786  0.64912737  0.67352757  0.64912737  0.63330346  0.68184619  0.64912737  0.69877420  0.74290115  0.67352757  0.49799272  0.62551866  0.63330346  0.64117241  0.59518632  0.61019450  0.65717023  0.76132927  0.81959012  0.75205689  0.79964717  0.75205689  0.75205689  
52_31_0    0.50452075  0.49799272  0.50452075  0.53123460  0.05092068  0.00000000  0.47245079  0.61019450  0.54496842  0.51110786  0.47245079  0.48510972  0.52446366  0.46000826  0.54496842  0.53123460  0.48510972  0.54496842  0.51110786  0.51775513  0.60265172  0.49152272  0.70738817  0.70738817  0.64912737  0.65717023  0.52446366  0.47245079  0.73385914  0.69026099  0.64912737  0.61781625  0.53123460  0.54496842  0.52446366  0.56606760  0.56606760  0.49152272  0.64912737  0.71610530  0.74290115  0.79964717  0.59518632  0.63330346  0.42980184  0.54496842  0.58048135  0.59518632  0.58048135  0.53123460  0.53123460  0.51775513  0.46620294  0.76132927  0.65717023  0.70738817  0.50452075  0.49152272  0.49152272  0.58048135  0.58048135  0.55193374  0.55896636  0.52446366  0.74290115  0.50452075  0.73385914  0.51110786  0.49799272  0.51775513  0.48510972  0.47245079  0.44777486  0.50452075  0.91678398  0.88292332  0.89403609  0.90532117  0.78023610  0.80955035  0.78987693  0.79964717  0.94026579  0.78987693  0.79964717  0.53123460  0.49152272  0.47875274  0.44173441  0.46000826  0.48510972  0.43574367  0.51110786  0.52446366  0.56606760  0.51110786  0.51110786  0.57323880  0.57323880  0.50452075  0.50452075  0.53806912  0.50452075  0.42980184  0.48510972  0.46000826  0.42390812  0.41806174  0.44173441  0.42390812  0.42980184  0.44173441  0.44777486  0.42390812  0.80955035  0.50452075  0.66530295  0.68184619  0.58048135  0.53123460  0.55193374  0.50452075  0.62551866  0.61781625  0.59518632  0.64117241  0.53806912  0.56606760  0.82977032  0.66530295  0.58048135  0.62551866  0.64912737  0.64117241  0.59518632  0.57323880  0.63330346  0.95229703  0.82977032  0.85056809  0.81959012  0.77072129  0.89403609  0.85056809  0.80955035  0.90532117  0.84009493  0.87197765  0.86119416  0.64117241  0.61019450  0.64912737  0.60265172  0.61781625  0.64912737  0.62551866  0.61019450  0.61019450  0.68184619  0.73385914  0.77072129  0.71610530  0.69026099  0.70738817  0.69877420  0.61781625  0.52446366  0.58779670  0.51110786  0.66530295  0.68184619  0.64117241  0.62551866  0.71610530  0.69877420  0.69877420  0.72492809  0.67352757  0.51775513  0.68184619  0.65717023  0.63330346  0.64117241  0.66530295  0.67352757  0.78987693  0.81959012  0.76132927  0.85056809  0.79964717  0.79964717  
94_0_0     0.48510972  0.46620294  0.50452075  0.51110786  0.46000826  0.47245079  0.00000000  0.36745580  0.32524863  0.30006031  0.30502872  0.33039260  0.27094164  0.29512558  0.49152272  0.47245079  0.27094164  0.36745580  0.26619980  0.31506846  0.33039260  0.29512558  0.49152272  0.55896636  0.51110786  0.53123460  0.44777486  0.44173441  0.63330346  0.53123460  0.55896636  0.54496842  0.44777486  0.46000826  0.44173441  0.47875274  0.47875274  0.40650801  0.51110786  0.59518632  0.78023610  0.74290115  0.50452075  0.58779670  0.29512558  0.51775513  0.53806912  0.48510972  0.49152272  0.42980184  0.42980184  0.37840142  0.32014075  0.62551866  0.61781625  0.69026099  0.32524863  0.36204411  0.35667235  0.40079919  0.40079919  0.45386586  0.35667235  0.30502872  0.63330346  0.37840142  0.61019450  0.43574367  0.40079919  0.41806174  0.41806174  0.33557319  0.32524863  0.37840142  0.90532117  0.84009493  0.87197765  0.89403609  0.73385914  0.82977032  0.73385914  0.71610530  0.78023610  0.76132927  0.75205689  0.41226195  0.42390812  0.39513481  0.44173441  0.42980184  0.41806174  0.41806174  0.47245079  0.45386586  0.49152272  0.54496842  0.49799272  0.51110786  0.53806912  0.42980184  0.39513481  0.44777486  0.42390812  0.36745580  0.41806174  0.48510972  0.35667235  0.35667235  0.37840142  0.39513481  0.40650801  0.37840142  0.38951416  0.38951416  0.73385914  0.47875274  0.50452075  0.49799272  0.40650801  0.38951416  0.41806174  0.43574367  0.49799272  0.50452075  0.46000826  0.51110786  0.50452075  0.52446366  0.73385914  0.50452075  0.49799272  0.55896636  0.54496842  0.53123460  0.55193374  0.63330346  0.49799272  0.88292332  0.77072129  0.78023610  0.81959012  0.82977032  0.78987693  0.78987693  0.85056809  0.90532117  0.92843019  0.86119416  0.87197765  0.60265172  0.51110786  0.55896636  0.56606760  0.57323880  0.65717023  0.55896636  0.50452075  0.52446366  0.61019450  0.64117241  0.69026099  0.56606760  0.57323880  0.61019450  0.58048135  0.58779670  0.60265172  0.58048135  0.55896636  0.57323880  0.55193374  0.61781625  0.61019450  0.65717023  0.66530295  0.61019450  0.66530295  0.65717023  0.40650801  0.53806912  0.54496842  0.53123460  0.55193374  0.58048135  0.57323880  0.67352757  0.69877420  0.65717023  0.71610530  0.66530295  0.66530295  
35_0_0     0.55896636  0.58779670  0.55193374  0.57323880  0.62551866  0.61019450  0.36745580  0.00000000  0.45386586  0.40650801  0.46620294  0.46000826  0.38393658  0.39513481  0.61019450  0.51775513  0.36745580  0.46000826  0.38393658  0.44777486  0.51775513  0.47245079  0.68184619  0.70738817  0.64912737  0.64117241  0.51775513  0.48510972  0.81959012  0.61019450  0.61781625  0.65717023  0.48510972  0.48510972  0.53123460  0.56606760  0.56606760  0.44777486  0.67352757  0.63330346  0.76132927  0.66530295  0.58779670  0.63330346  0.37840142  0.49152272  0.51110786  0.47875274  0.47875274  0.41226195  0.41226195  0.43574367  0.41226195  0.74290115  0.82977032  0.89403609  0.45386586  0.42980184  0.42980184  0.40079919  0.40079919  0.44777486  0.40650801  0.47875274  0.64912737  0.40079919  0.71610530  0.47875274  0.42390812  0.41806174  0.45386586  0.40079919  0.38951416  0.40650801  1.08500414  1.16169343  1.11471744  1.14569552  0.85056809  0.86119416  0.89403609  0.90532117  0.85056809  0.88292332  0.82977032  0.53123460  0.49799272  0.47245079  0.50452075  0.53123460  0.46000826  0.46000826  0.51110786  0.55896636  0.53123460  0.60265172  0.59518632  0.60265172  0.60265172  0.57323880  0.56606760  0.62551866  0.55896636  0.51110786  0.47245079  0.51110786  0.47245079  0.48510972  0.51775513  0.54496842  0.54496842  0.49799272  0.51775513  0.52446366  0.84009493  0.51110786  0.60265172  0.63330346  0.49799272  0.46620294  0.61781625  0.49152272  0.58779670  0.58048135  0.55193374  0.58779670  0.52446366  0.69877420  0.75205689  0.59518632  0.64117241  0.64117241  0.63330346  0.66530295  0.65717023  0.68184619  0.65717023  0.89403609  0.78023610  0.78987693  0.79964717  0.85056809  0.76132927  0.78023610  0.77072129  0.96453048  0.87197765  0.88292332  0.88292332  0.73385914  0.60265172  0.68184619  0.73385914  0.70738817  0.77072129  0.69877420  0.70738817  0.68184619  0.78987693  0.78023610  0.76132927  0.75205689  0.77072129  0.85056809  0.75205689  0.71610530  0.74290115  0.69026099  0.66530295  0.69026099  0.67352757  0.68184619  0.68184619  0.69026099  0.69877420  0.73385914  0.72492809  0.74290115  0.54496842  0.66530295  0.60265172  0.69877420  0.72492809  0.76132927  0.74290115  0.73385914  0.82977032  0.71610530  0.87197765  0.76132927  0.76132927  
82_35_0    0.49152272  0.51110786  0.49799272  0.49799272  0.50452075  0.54496842  0.32524863  0.45386586  0.00000000  0.11713622  0.46000826  0.43574367  0.38951416  0.40079919  0.58779670  0.53806912  0.40079919  0.52446366  0.38951416  0.45386586  0.48510972  0.43574367  0.55193374  0.75205689  0.60265172  0.61781625  0.55896636  0.53123460  0.66530295  0.56606760  0.61019450  0.60265172  0.57323880  0.57323880  0.55896636  0.58779670  0.57323880  0.60265172  0.67352757  0.71610530  0.81959012  0.78023610  0.64117241  0.72492809  0.42390812  0.59518632  0.59518632  0.54496842  0.54496842  0.52446366  0.52446366  0.51110786  0.42980184  0.69026099  0.72492809  0.74290115  0.50452075  0.49799272  0.49152272  0.47875274  0.47875274  0.53806912  0.47875274  0.52446366  0.69877420  0.47245079  0.62551866  0.51110786  0.49799272  0.50452075  0.52446366  0.47875274  0.46000826  0.43574367  1.05645639  1.02898618  1.05645639  1.04259170  0.82977032  0.95229703  0.82977032  0.85056809  0.88292332  0.87197765  0.84009493  0.51110786  0.49799272  0.46620294  0.55896636  0.48510972  0.45386586  0.47245079  0.55896636  0.55896636  0.56606760  0.59518632  0.58779670  0.59518632  0.61781625  0.55193374  0.51775513  0.58779670  0.53806912  0.44777486  0.53123460  0.50452075  0.42390812  0.42390812  0.46000826  0.44173441  0.44173441  0.47245079  0.45386586  0.45386586  0.66530295  0.57323880  0.63330346  0.63330346  0.53123460  0.47875274  0.50452075  0.51110786  0.52446366  0.53123460  0.52446366  0.55896636  0.53806912  0.59518632  0.87197765  0.53806912  0.58779670  0.69877420  0.63330346  0.65717023  0.57323880  0.63330346  0.53123460  0.82977032  0.78987693  0.80955035  0.85056809  0.86119416  0.79964717  0.80955035  0.77072129  0.92843019  0.89403609  0.88292332  0.89403609  0.67352757  0.63330346  0.60265172  0.65717023  0.65717023  0.72492809  0.64117241  0.62551866  0.64912737  0.67352757  0.69877420  0.64912737  0.61019450  0.57323880  0.62551866  0.61781625  0.62551866  0.69877420  0.64117241  0.65717023  0.65717023  0.65717023  0.66530295  0.64117241  0.77072129  0.70738817  0.64912737  0.72492809  0.69026099  0.53806912  0.63330346  0.61781625  0.64912737  0.64117241  0.70738817  0.71610530  0.77072129  0.84009493  0.75205689  0.79964717  0.76132927  0.76132927  
88_35_0    0.47245079  0.47875274  0.43574367  0.43574367  0.51110786  0.51110786  0.30006031  0.40650801  0.11713622  0.00000000  0.41806174  0.40079919  0.35667235  0.36204411  0.61781625  0.51775513  0.36204411  0.43574367  0.34079092  0.38393658  0.45386586  0.37290804  0.54496842  0.69026099  0.61781625  0.63330346  0.51110786  0.49799272  0.64117241  0.57323880  0.61019450  0.58048135  0.55896636  0.54496842  0.55896636  0.59518632  0.58048135  0.52446366  0.59518632  0.69026099  0.78987693  0.71610530  0.64117241  0.74290115  0.34604632  0.50452075  0.48510972  0.49152272  0.49152272  0.43574367  0.43574367  0.47875274  0.40079919  0.64912737  0.69877420  0.73385914  0.44173441  0.39513481  0.38951416  0.38951416  0.38951416  0.49799272  0.42980184  0.45386586  0.67352757  0.38951416  0.58048135  0.44173441  0.40650801  0.40650801  0.42390812  0.37840142  0.36204411  0.36745580  1.00251512  1.00251512  0.97697307  0.98963206  0.85056809  0.91678398  0.84009493  0.86119416  0.86119416  0.87197765  0.85056809  0.43574367  0.47875274  0.41226195  0.52446366  0.48510972  0.46620294  0.44777486  0.47245079  0.47245079  0.51110786  0.58048135  0.55896636  0.57323880  0.58779670  0.49152272  0.47875274  0.54496842  0.50452075  0.40079919  0.47875274  0.45386586  0.38393658  0.38951416  0.42390812  0.42980184  0.44173441  0.42980184  0.42390812  0.41226195  0.69026099  0.53123460  0.57323880  0.57323880  0.48510972  0.42390812  0.52446366  0.44173441  0.50452075  0.51110786  0.51110786  0.54496842  0.48510972  0.58048135  0.80955035  0.47245079  0.49799272  0.60265172  0.58779670  0.60265172  0.55896636  0.60265172  0.48510972  0.82977032  0.79964717  0.86119416  0.81959012  0.87197765  0.81959012  0.79964717  0.78023610  0.90532117  0.89403609  0.89403609  0.90532117  0.65717023  0.64912737  0.61781625  0.63330346  0.61781625  0.69877420  0.61019450  0.61019450  0.64117241  0.69026099  0.67352757  0.69026099  0.61781625  0.65717023  0.71610530  0.65717023  0.62551866  0.64912737  0.61019450  0.61019450  0.65717023  0.62551866  0.64912737  0.63330346  0.73385914  0.72492809  0.62551866  0.65717023  0.71610530  0.49152272  0.61781625  0.55193374  0.58048135  0.62551866  0.70738817  0.67352757  0.76132927  0.84009493  0.74290115  0.84009493  0.75205689  0.75205689  
74_0_0     0.50452075  0.50452075  0.49799272  0.51775513  0.48510972  0.47245079  0.30502872  0.46620294  0.46000826  0.41806174  0.00000000  0.05092068  0.29512558  0.24294321  0.53123460  0.47245079  0.35667235  0.46000826  0.33039260  0.36745580  0.47245079  0.40650801  0.60265172  0.63330346  0.58048135  0.58779670  0.44173441  0.44777486  0.66530295  0.59518632  0.65717023  0.65717023  0.48510972  0.47245079  0.46620294  0.47875274  0.49152272  0.47875274  0.53806912  0.60265172  0.80955035  0.79964717  0.48510972  0.59518632  0.30502872  0.55193374  0.56606760  0.46620294  0.46620294  0.40079919  0.40079919  0.39513481  0.37840142  0.69026099  0.67352757  0.71610530  0.38951416  0.40650801  0.40650801  0.46620294  0.46620294  0.49152272  0.40650801  0.40650801  0.66530295  0.35133995  0.56606760  0.44173441  0.41806174  0.41806174  0.42390812  0.34604632  0.34079092  0.36745580  1.00251512  1.04259170  0.98963206  1.00251512  0.78987693  0.86119416  0.81959012  0.80955035  0.86119416  0.84009493  0.85056809  0.41806174  0.47245079  0.41226195  0.41226195  0.46620294  0.46620294  0.45386586  0.44777486  0.45386586  0.48510972  0.54496842  0.55193374  0.54496842  0.55193374  0.43574367  0.41806174  0.46000826  0.47875274  0.39513481  0.43574367  0.50452075  0.40650801  0.40650801  0.41806174  0.40079919  0.42980184  0.37840142  0.41226195  0.40079919  0.73385914  0.42980184  0.45386586  0.47245079  0.44777486  0.40079919  0.51110786  0.43574367  0.52446366  0.51775513  0.49152272  0.52446366  0.54496842  0.56606760  0.76132927  0.52446366  0.52446366  0.62551866  0.59518632  0.64117241  0.55193374  0.62551866  0.57323880  0.80955035  0.70738817  0.67352757  0.70738817  0.76132927  0.67352757  0.73385914  0.75205689  0.86119416  0.81959012  0.74290115  0.73385914  0.56606760  0.56606760  0.68184619  0.62551866  0.61781625  0.65717023  0.66530295  0.63330346  0.57323880  0.58779670  0.61019450  0.69877420  0.58048135  0.62551866  0.65717023  0.58779670  0.56606760  0.58048135  0.56606760  0.53806912  0.68184619  0.61781625  0.56606760  0.56606760  0.64912737  0.69026099  0.64117241  0.65717023  0.64117241  0.42980184  0.60265172  0.51775513  0.53123460  0.58779670  0.61781625  0.56606760  0.69026099  0.80955035  0.69877420  0.73385914  0.69026099  0.69026099  
89_0_0     0.52446366  0.49799272  0.49799272  0.51110786  0.49799272  0.48510972  0.33039260  0.46000826  0.43574367  0.40079919  0.05092068  0.00000000  0.29022408  0.22040675  0.52446366  0.47875274  0.35667235  0.49799272  0.35133995  0.35667235  0.49152272  0.39513481  0.55193374  0.61019450  0.59518632  0.60265172  0.44777486  0.42390812  0.67352757  0.60265172  0.64912737  0.64117241  0.47875274  0.46620294  0.46000826  0.48510972  0.48510972  0.47875274  0.55193374  0.61019450  0.79964717  0.78987693  0.48510972  0.58048135  0.33039260  0.52446366  0.53806912  0.44173441  0.44173441  0.42390812  0.42390812  0.41806174  0.39513481  0.68184619  0.65717023  0.70738817  0.40079919  0.38393658  0.38393658  0.45386586  0.45386586  0.48510972  0.41226195  0.43574367  0.65717023  0.35133995  0.59518632  0.41806174  0.40650801  0.41806174  0.42390812  0.35667235  0.35133995  0.36204411  1.00251512  1.04259170  0.98963206  1.01563032  0.85056809  0.91678398  0.87197765  0.88292332  0.89403609  0.91678398  0.91678398  0.44173441  0.47875274  0.40650801  0.42390812  0.46620294  0.45386586  0.44777486  0.44777486  0.45386586  0.44777486  0.58048135  0.58779670  0.58779670  0.59518632  0.44173441  0.42390812  0.47875274  0.47875274  0.42980184  0.45386586  0.49799272  0.42390812  0.42980184  0.44777486  0.42980184  0.46000826  0.40650801  0.44173441  0.44173441  0.71610530  0.44777486  0.46000826  0.46620294  0.44777486  0.40650801  0.52446366  0.44777486  0.53806912  0.53123460  0.49799272  0.53806912  0.51110786  0.61019450  0.75205689  0.53806912  0.54496842  0.59518632  0.58779670  0.64117241  0.55193374  0.61781625  0.58048135  0.84009493  0.74290115  0.73385914  0.76132927  0.80955035  0.70738817  0.77072129  0.76132927  0.88292332  0.80955035  0.75205689  0.74290115  0.58779670  0.56606760  0.67352757  0.64912737  0.61019450  0.64117241  0.63330346  0.62551866  0.53123460  0.63330346  0.64117241  0.70738817  0.58048135  0.61781625  0.67352757  0.63330346  0.57323880  0.54496842  0.54496842  0.51110786  0.68184619  0.61019450  0.55896636  0.55896636  0.62551866  0.66530295  0.62551866  0.66530295  0.59518632  0.43574367  0.62551866  0.52446366  0.55193374  0.59518632  0.64117241  0.58779670  0.64117241  0.80955035  0.64117241  0.70738817  0.66530295  0.66530295  
98_0_0     0.44777486  0.45386586  0.51110786  0.51110786  0.51775513  0.52446366  0.27094164  0.38393658  0.38951416  0.35667235  0.29512558  0.29022408  0.00000000  0.18152020  0.46620294  0.47875274  0.35133995  0.40650801  0.32014075  0.35667235  0.36745580  0.39513481  0.51110786  0.62551866  0.59518632  0.58779670  0.38951416  0.44173441  0.66530295  0.56606760  0.56606760  0.58779670  0.46000826  0.44777486  0.47875274  0.47875274  0.49152272  0.43574367  0.56606760  0.57323880  0.86119416  0.69877420  0.49799272  0.50452075  0.30006031  0.52446366  0.51775513  0.40650801  0.40650801  0.38393658  0.38393658  0.42390812  0.31506846  0.60265172  0.69026099  0.70738817  0.36204411  0.35667235  0.35667235  0.36745580  0.36745580  0.39513481  0.34079092  0.34079092  0.67352757  0.33039260  0.56606760  0.40650801  0.39513481  0.39513481  0.38393658  0.34604632  0.32014075  0.36745580  0.80955035  0.78023610  0.78023610  0.81959012  0.75205689  0.82977032  0.78987693  0.77072129  0.95229703  0.78987693  0.78023610  0.41226195  0.40079919  0.38951416  0.44173441  0.47245079  0.39513481  0.42980184  0.47245079  0.47245079  0.49799272  0.50452075  0.48510972  0.52446366  0.54496842  0.49152272  0.47245079  0.49799272  0.44777486  0.40079919  0.41806174  0.45386586  0.40079919  0.38951416  0.43574367  0.44777486  0.44777486  0.41226195  0.42390812  0.40079919  0.79964717  0.47875274  0.46620294  0.48510972  0.41806174  0.37840142  0.51775513  0.39513481  0.50452075  0.51110786  0.48510972  0.53806912  0.45386586  0.57323880  0.88292332  0.49152272  0.50452075  0.53806912  0.56606760  0.59518632  0.52446366  0.60265172  0.51775513  0.88292332  0.77072129  0.81959012  0.78023610  0.85056809  0.72492809  0.77072129  0.77072129  0.82977032  0.85056809  0.87197765  0.88292332  0.68184619  0.55193374  0.61781625  0.64117241  0.64912737  0.69877420  0.65717023  0.60265172  0.58048135  0.60265172  0.67352757  0.58048135  0.55193374  0.58048135  0.64912737  0.55193374  0.64117241  0.61781625  0.61019450  0.59518632  0.66530295  0.64117241  0.56606760  0.54496842  0.58779670  0.61781625  0.59518632  0.66530295  0.59518632  0.44173441  0.58779670  0.54496842  0.55896636  0.62551866  0.62551866  0.64117241  0.69026099  0.73385914  0.68184619  0.69877420  0.66530295  0.66530295  
54_0_0     0.43574367  0.44173441  0.46620294  0.47875274  0.47875274  0.46000826  0.29512558  0.39513481  0.40079919  0.36204411  0.24294321  0.22040675  0.18152020  0.00000000  0.50452075  0.42980184  0.30006031  0.44777486  0.30006031  0.33039260  0.37840142  0.35133995  0.57323880  0.64912737  0.58048135  0.60265172  0.38951416  0.38393658  0.66530295  0.50452075  0.53806912  0.55193374  0.44173441  0.44173441  0.40650801  0.43574367  0.42390812  0.40079919  0.52446366  0.58048135  0.78023610  0.72492809  0.49799272  0.53123460  0.31003128  0.47875274  0.48510972  0.40650801  0.41806174  0.42980184  0.42980184  0.42980184  0.32524863  0.66530295  0.72492809  0.71610530  0.33039260  0.31506846  0.31003128  0.36204411  0.36204411  0.43574367  0.36204411  0.36745580  0.64117241  0.34604632  0.52446366  0.42390812  0.40079919  0.39513481  0.38951416  0.31003128  0.29512558  0.34079092  0.91678398  0.91678398  0.90532117  0.95229703  0.79964717  0.90532117  0.80955035  0.80955035  0.96453048  0.84009493  0.89403609  0.37840142  0.37290804  0.33557319  0.38393658  0.42980184  0.36204411  0.35133995  0.47875274  0.49799272  0.51110786  0.51110786  0.50452075  0.55193374  0.55193374  0.46000826  0.44777486  0.45386586  0.44777486  0.39513481  0.41226195  0.44777486  0.37840142  0.38393658  0.40079919  0.39513481  0.42980184  0.40650801  0.40650801  0.40650801  0.81959012  0.45386586  0.45386586  0.47245079  0.41806174  0.37840142  0.49152272  0.38393658  0.51110786  0.50452075  0.49152272  0.52446366  0.44173441  0.49799272  0.85056809  0.47875274  0.46620294  0.50452075  0.58779670  0.60265172  0.58779670  0.64117241  0.54496842  0.86119416  0.73385914  0.78023610  0.74290115  0.76132927  0.72492809  0.73385914  0.69026099  0.84009493  0.71610530  0.77072129  0.78023610  0.60265172  0.54496842  0.63330346  0.62551866  0.63330346  0.63330346  0.63330346  0.61019450  0.54496842  0.60265172  0.69877420  0.61781625  0.58779670  0.62551866  0.67352757  0.58048135  0.56606760  0.58779670  0.61019450  0.55193374  0.69026099  0.64117241  0.59518632  0.57323880  0.59518632  0.62551866  0.61019450  0.67352757  0.61019450  0.46000826  0.60265172  0.52446366  0.59518632  0.57323880  0.64117241  0.62551866  0.70738817  0.80955035  0.69877420  0.74290115  0.73385914  0.73385914  
62_0_0     0.64117241  0.64117241  0.60265172  0.61781625  0.51110786  0.54496842  0.49152272  0.61019450  0.58779670  0.61781625  0.53123460  0.52446366  0.46620294  0.50452075  0.00000000  0.31506846  0.52446366  0.51775513  0.50452075  0.50452075  0.51775513  0.51775513  0.58779670  0.67352757  0.63330346  0.64912737  0.48510972  0.53123460  0.77072129  0.62551866  0.69026099  0.69877420  0.58779670  0.59518632  0.54496842  0.55193374  0.55193374  0.55896636  0.69026099  0.68184619  0.86119416  0.79964717  0.66530295  0.71610530  0.45386586  0.76132927  0.76132927  0.52446366  0.51110786  0.51775513  0.51775513  0.50452075  0.49152272  0.65717023  0.72492809  0.70738817  0.47875274  0.48510972  0.48510972  0.53123460  0.53123460  0.60265172  0.57323880  0.53123460  0.72492809  0.51775513  0.74290115  0.53806912  0.51775513  0.48510972  0.47875274  0.46620294  0.45386586  0.49799272  0.96453048  0.88292332  0.95229703  0.92843019  0.78023610  0.87197765  0.78987693  0.78023610  0.81959012  0.78023610  0.81959012  0.57323880  0.54496842  0.51110786  0.51775513  0.55193374  0.50452075  0.45386586  0.53806912  0.51110786  0.55896636  0.63330346  0.59518632  0.61019450  0.61019450  0.56606760  0.56606760  0.58048135  0.53806912  0.51110786  0.50452075  0.51775513  0.48510972  0.48510972  0.51110786  0.49799272  0.51110786  0.52446366  0.49799272  0.50452075  0.81959012  0.63330346  0.68184619  0.70738817  0.59518632  0.54496842  0.53806912  0.56606760  0.61781625  0.61019450  0.55193374  0.58779670  0.54496842  0.66530295  0.88292332  0.61019450  0.64912737  0.58048135  0.64117241  0.64117241  0.58779670  0.61781625  0.60265172  0.91678398  0.73385914  0.73385914  0.70738817  0.70738817  0.72492809  0.75205689  0.74290115  0.81959012  0.86119416  0.88292332  0.89403609  0.68184619  0.58779670  0.67352757  0.67352757  0.71610530  0.76132927  0.71610530  0.67352757  0.67352757  0.68184619  0.74290115  0.71610530  0.68184619  0.64912737  0.72492809  0.66530295  0.67352757  0.65717023  0.63330346  0.59518632  0.76132927  0.73385914  0.73385914  0.70738817  0.74290115  0.69877420  0.72492809  0.78987693  0.67352757  0.59518632  0.68184619  0.70738817  0.65717023  0.62551866  0.66530295  0.69877420  0.72492809  0.81959012  0.73385914  0.80955035  0.75205689  0.75205689  
69_0_0     0.59518632  0.58048135  0.56606760  0.56606760  0.51110786  0.53123460  0.47245079  0.51775513  0.53806912  0.51775513  0.47245079  0.47875274  0.47875274  0.42980184  0.31506846  0.00000000  0.38951416  0.53123460  0.42980184  0.46620294  0.49152272  0.46000826  0.68184619  0.64912737  0.59518632  0.60265172  0.46620294  0.47875274  0.78023610  0.57323880  0.61019450  0.69026099  0.50452075  0.50452075  0.50452075  0.54496842  0.53123460  0.48510972  0.64912737  0.69877420  0.82977032  0.86119416  0.70738817  0.71610530  0.44173441  0.56606760  0.58779670  0.51110786  0.51110786  0.48510972  0.48510972  0.49799272  0.49152272  0.74290115  0.76132927  0.71610530  0.47875274  0.47875274  0.47245079  0.47875274  0.47875274  0.56606760  0.55896636  0.50452075  0.67352757  0.47875274  0.69026099  0.51110786  0.49152272  0.49799272  0.49152272  0.42390812  0.43574367  0.42980184  0.96453048  0.95229703  0.91678398  0.90532117  0.77072129  0.80955035  0.76132927  0.78023610  0.78987693  0.80955035  0.79964717  0.49799272  0.51775513  0.46000826  0.49799272  0.50452075  0.44777486  0.44777486  0.51110786  0.47245079  0.54496842  0.58048135  0.61019450  0.61019450  0.64117241  0.50452075  0.50452075  0.52446366  0.53123460  0.47875274  0.53123460  0.54496842  0.47245079  0.46620294  0.47245079  0.49152272  0.49799272  0.46620294  0.49152272  0.46620294  0.78023610  0.62551866  0.64117241  0.66530295  0.57323880  0.53806912  0.60265172  0.55896636  0.58779670  0.58048135  0.58048135  0.58779670  0.57323880  0.66530295  0.95229703  0.55896636  0.66530295  0.62551866  0.61019450  0.61019450  0.58779670  0.61019450  0.55193374  0.88292332  0.76132927  0.78987693  0.79964717  0.75205689  0.69026099  0.75205689  0.71610530  0.90532117  0.84009493  0.85056809  0.86119416  0.70738817  0.69026099  0.69877420  0.69026099  0.65717023  0.75205689  0.75205689  0.66530295  0.71610530  0.69026099  0.75205689  0.76132927  0.80955035  0.86119416  0.92843019  0.82977032  0.72492809  0.62551866  0.71610530  0.63330346  0.69026099  0.66530295  0.61019450  0.58779670  0.62551866  0.64117241  0.72492809  0.69026099  0.70738817  0.54496842  0.63330346  0.58779670  0.61019450  0.65717023  0.75205689  0.71610530  0.74290115  0.91678398  0.72492809  0.85056809  0.73385914  0.73385914  
62_53_0    0.44777486  0.44173441  0.42390812  0.42390812  0.47245079  0.48510972  0.27094164  0.36745580  0.40079919  0.36204411  0.35667235  0.35667235  0.35133995  0.30006031  0.52446366  0.38951416  0.00000000  0.26619980  0.16900638  0.22933777  0.35667235  0.29022408  0.55896636  0.63330346  0.47245079  0.48510972  0.46620294  0.40650801  0.58779670  0.45386586  0.50452075  0.51775513  0.40079919  0.40079919  0.42980184  0.46620294  0.45386586  0.40079919  0.54496842  0.64117241  0.79964717  0.69877420  0.46620294  0.53123460  0.28051901  0.44777486  0.46620294  0.43574367  0.43574367  0.41226195  0.41226195  0.34604632  0.33039260  0.61781625  0.66530295  0.73385914  0.38951416  0.36745580  0.36204411  0.38393658  0.38393658  0.41806174  0.37840142  0.37290804  0.66530295  0.31003128  0.57323880  0.36745580  0.35133995  0.33039260  0.36204411  0.28535537  0.29022408  0.34079092  0.90532117  0.92843019  0.89403609  0.90532117  0.80955035  0.92843019  0.80955035  0.85056809  0.84009493  0.87197765  0.79964717  0.35667235  0.38951416  0.31506846  0.35667235  0.37840142  0.34079092  0.34604632  0.47245079  0.42980184  0.43574367  0.55193374  0.51110786  0.53123460  0.53806912  0.36745580  0.36204411  0.41226195  0.41226195  0.33557319  0.37840142  0.40079919  0.33557319  0.33557319  0.34079092  0.35667235  0.35133995  0.35667235  0.36745580  0.34604632  0.74290115  0.49799272  0.47245079  0.47875274  0.44777486  0.40650801  0.46000826  0.38951416  0.44777486  0.45386586  0.45386586  0.49152272  0.46620294  0.51775513  0.75205689  0.44777486  0.49799272  0.54496842  0.55193374  0.55896636  0.58779670  0.61781625  0.50452075  0.82977032  0.69877420  0.69877420  0.70738817  0.74290115  0.67352757  0.66530295  0.77072129  0.90532117  0.82977032  0.76132927  0.77072129  0.70738817  0.63330346  0.72492809  0.69026099  0.68184619  0.74290115  0.69877420  0.68184619  0.64912737  0.61019450  0.65717023  0.71610530  0.69877420  0.69877420  0.76132927  0.71610530  0.68184619  0.64117241  0.62551866  0.61781625  0.67352757  0.56606760  0.61019450  0.60265172  0.59518632  0.64912737  0.62551866  0.69026099  0.66530295  0.42980184  0.57323880  0.51775513  0.62551866  0.64117241  0.67352757  0.68184619  0.63330346  0.78023610  0.68184619  0.79964717  0.70738817  0.70738817  
