14
3_5_0      0.00000000  0.00931745  0.00000000  0.22543960  0.22543960  0.17689202  0.17689202  0.18873472  0.17689202  0.17689202  0.22543960  0.22543960  0.22543960  0.21300203  
2_5_0      0.00931745  0.00000000  0.00931745  0.21300203  0.21300203  0.16523515  0.16523515  0.17689202  0.16523515  0.16523515  0.23808896  0.23808896  0.21300203  0.20076928  
1_5_0      0.00000000  0.00931745  0.00000000  0.22543960  0.22543960  0.17689202  0.17689202  0.18873472  0.17689202  0.17689202  0.22543960  0.22543960  0.22543960  0.21300203  
20_37_0    0.22543960  0.21300203  0.22543960  0.00000000  0.01875325  0.21300203  0.21300203  0.30478373  0.31887258  0.31887258  0.25095746  0.25095746  0.25095746  0.26405282  
20_36_0    0.22543960  0.21300203  0.22543960  0.01875325  0.00000000  0.21300203  0.21300203  0.30478373  0.31887258  0.31887258  0.25095746  0.25095746  0.25095746  0.26405282  
9_47_0     0.17689202  0.16523515  0.17689202  0.21300203  0.21300203  0.00000000  0.00000000  0.15375839  0.14245625  0.18873472  0.22543960  0.22543960  0.18873472  0.17689202  
13_47_0    0.17689202  0.16523515  0.17689202  0.21300203  0.21300203  0.00000000  0.00000000  0.15375839  0.14245625  0.18873472  0.22543960  0.22543960  0.18873472  0.17689202  
19_42_0    0.18873472  0.17689202  0.18873472  0.30478373  0.30478373  0.15375839  0.15375839  0.00000000  0.00931745  0.02831046  0.23808896  0.23808896  0.21300203  0.20076928  
19_55_0    0.17689202  0.16523515  0.17689202  0.31887258  0.31887258  0.14245625  0.14245625  0.00931745  0.00000000  0.03799222  0.22543960  0.22543960  0.22543960  0.21300203  
19_53_0    0.17689202  0.16523515  0.17689202  0.31887258  0.31887258  0.18873472  0.18873472  0.02831046  0.03799222  0.00000000  0.23808896  0.23808896  0.22543960  0.21300203  
18_51_0    0.22543960  0.23808896  0.22543960  0.25095746  0.25095746  0.22543960  0.22543960  0.23808896  0.22543960  0.23808896  0.00000000  0.00000000  0.10954633  0.09889257  
8_51_0     0.22543960  0.23808896  0.22543960  0.25095746  0.25095746  0.22543960  0.22543960  0.23808896  0.22543960  0.23808896  0.00000000  0.00000000  0.10954633  0.09889257  
19_57_0    0.22543960  0.21300203  0.22543960  0.25095746  0.25095746  0.18873472  0.18873472  0.21300203  0.22543960  0.22543960  0.10954633  0.10954633  0.00000000  0.00931745  
19_56_0    0.21300203  0.20076928  0.21300203  0.26405282  0.26405282  0.17689202  0.17689202  0.20076928  0.21300203  0.21300203  0.09889257  0.09889257  0.00931745  0.00000000  

