20
10_0_0     0.00000000  0.14570540  0.14570540  0.33660434  0.33660434  0.24293290  0.35499524  0.34574233  0.25910078  0.27563197  0.33660434  0.41309855  0.32757847  0.31866199  0.35499524  0.47618729  0.47618729  0.47618729  0.36436602  0.39321652  
11_0_0     0.14570540  0.00000000  0.00000000  0.39321652  0.39321652  0.33660434  0.40309037  0.44396685  0.29254318  0.30985229  0.31866199  0.48724883  0.40309037  0.39321652  0.39321652  0.46528959  0.46528959  0.48724883  0.40309037  0.41309855  
7_0_0      0.14570540  0.00000000  0.00000000  0.39321652  0.39321652  0.33660434  0.40309037  0.44396685  0.29254318  0.30985229  0.31866199  0.48724883  0.40309037  0.39321652  0.39321652  0.46528959  0.46528959  0.48724883  0.40309037  0.41309855  
2_0_0      0.33660434  0.39321652  0.39321652  0.00000000  0.00000000  0.25097243  0.32757847  0.38347343  0.26731995  0.26731995  0.32757847  0.49847924  0.47618729  0.48724883  0.53323722  0.48724883  0.48724883  0.50988374  0.44396685  0.47618729  
8_0_0      0.33660434  0.39321652  0.39321652  0.00000000  0.00000000  0.25097243  0.32757847  0.38347343  0.26731995  0.26731995  0.32757847  0.49847924  0.47618729  0.48724883  0.53323722  0.48724883  0.48724883  0.50988374  0.44396685  0.47618729  
1_0_0      0.24293290  0.33660434  0.33660434  0.25097243  0.25097243  0.00000000  0.18898950  0.17427669  0.27563197  0.27563197  0.30114683  0.47618729  0.43353285  0.44396685  0.46528959  0.47618729  0.47618729  0.49847924  0.47618729  0.46528959  
9_0_0      0.35499524  0.40309037  0.40309037  0.32757847  0.32757847  0.18898950  0.00000000  0.25910078  0.35499524  0.35499524  0.34574233  0.56971915  0.50988374  0.52146782  0.53323722  0.56971915  0.56971915  0.59508590  0.55735640  0.59508590  
6_0_0      0.34574233  0.44396685  0.44396685  0.38347343  0.38347343  0.17427669  0.25910078  0.00000000  0.28403898  0.28403898  0.28403898  0.48724883  0.48724883  0.47618729  0.55735640  0.56971915  0.56971915  0.59508590  0.52146782  0.50988374  
3_0_0      0.25910078  0.29254318  0.29254318  0.26731995  0.26731995  0.27563197  0.35499524  0.28403898  0.00000000  0.02335534  0.07878449  0.47618729  0.41309855  0.39321652  0.42324475  0.48724883  0.48724883  0.48724883  0.41309855  0.42324475  
4_0_0      0.27563197  0.30985229  0.30985229  0.26731995  0.26731995  0.27563197  0.35499524  0.28403898  0.02335534  0.00000000  0.09169053  0.43353285  0.39321652  0.37385769  0.38347343  0.46528959  0.46528959  0.46528959  0.41309855  0.38347343  
5_0_0      0.33660434  0.31866199  0.31866199  0.32757847  0.32757847  0.30114683  0.34574233  0.28403898  0.07878449  0.09169053  0.00000000  0.48724883  0.44396685  0.44396685  0.46528959  0.52146782  0.52146782  0.52146782  0.50988374  0.49847924  
15_0_0     0.41309855  0.48724883  0.48724883  0.49847924  0.49847924  0.47618729  0.56971915  0.48724883  0.47618729  0.43353285  0.48724883  0.00000000  0.25910078  0.25910078  0.28403898  0.41309855  0.41309855  0.44396685  0.39321652  0.37385769  
18_0_0     0.32757847  0.40309037  0.40309037  0.47618729  0.47618729  0.43353285  0.50988374  0.48724883  0.41309855  0.39321652  0.44396685  0.25910078  0.00000000  0.02931189  0.09822945  0.21162557  0.21162557  0.21932839  0.18898950  0.18898950  
14_0_0     0.31866199  0.39321652  0.39321652  0.48724883  0.48724883  0.44396685  0.52146782  0.47618729  0.39321652  0.37385769  0.44396685  0.25910078  0.02931189  0.00000000  0.10482702  0.23498028  0.23498028  0.24293290  0.18159631  0.18159631  
13_0_0     0.35499524  0.39321652  0.39321652  0.53323722  0.53323722  0.46528959  0.53323722  0.55735640  0.42324475  0.38347343  0.46528959  0.28403898  0.09822945  0.10482702  0.00000000  0.21162557  0.21162557  0.21932839  0.23498028  0.20400256  
12_0_0     0.47618729  0.46528959  0.46528959  0.48724883  0.48724883  0.47618729  0.56971915  0.56971915  0.48724883  0.46528959  0.52146782  0.41309855  0.21162557  0.23498028  0.21162557  0.00000000  0.00000000  0.02931189  0.35499524  0.35499524  
19_0_0     0.47618729  0.46528959  0.46528959  0.48724883  0.48724883  0.47618729  0.56971915  0.56971915  0.48724883  0.46528959  0.52146782  0.41309855  0.21162557  0.23498028  0.21162557  0.00000000  0.00000000  0.02931189  0.35499524  0.35499524  
20_0_0     0.47618729  0.48724883  0.48724883  0.50988374  0.50988374  0.49847924  0.59508590  0.59508590  0.48724883  0.46528959  0.52146782  0.44396685  0.21932839  0.24293290  0.21932839  0.02931189  0.02931189  0.00000000  0.36436602  0.36436602  
16_0_0     0.36436602  0.40309037  0.40309037  0.44396685  0.44396685  0.47618729  0.55735640  0.52146782  0.41309855  0.41309855  0.50988374  0.39321652  0.18898950  0.18159631  0.23498028  0.35499524  0.35499524  0.36436602  0.00000000  0.03531706  
17_0_0     0.39321652  0.41309855  0.41309855  0.47618729  0.47618729  0.46528959  0.59508590  0.50988374  0.42324475  0.38347343  0.49847924  0.37385769  0.18898950  0.18159631  0.20400256  0.35499524  0.35499524  0.36436602  0.03531706  0.00000000  

