124
69_0_0     0.00000000  0.11961497  0.10967104  0.09986313  0.09986313  0.09339828  0.17872778  0.12632172  0.15730354  0.17872778  0.16793564  0.19337475  0.18968486  0.38280741  0.37800540  0.40731208  0.40234368  0.34984976  0.33617601  0.34526281  0.31834077  0.31834077  0.33167543  0.34070501  0.36378938  0.36849680  0.36378938  0.40731208  0.39740948  0.35911266  0.37800540  0.37800540  0.39250900  0.36378938  0.35446625  0.36849680  0.39740948  0.43268400  0.44834963  0.43786794  0.45364850  0.45898683  0.47524453  0.42242724  0.44308963  0.43786794  0.44308963  0.44308963  0.41231514  0.41231514  0.44308963  0.45364850  0.45364850  0.46436520  0.45898683  0.44834963  0.47524453  0.47524453  0.45364850  0.48074673  0.46436520  0.44308963  0.44308963  0.42753728  0.43268400  0.46436520  0.41231514  0.44308963  0.43786794  0.41231514  0.41735336  0.42753728  0.40234368  0.45364850  0.38764180  0.38764180  0.38764180  0.42242724  0.42242724  0.47524453  0.45364850  0.46436520  0.53226439  0.34984976  0.42753728  0.41735336  0.36849680  0.40731208  0.40234368  0.36849680  0.37323534  0.34070501  0.33617601  0.38280741  0.40731208  0.41735336  0.42242724  0.40731208  0.38764180  0.37323534  0.36849680  0.38280741  0.37800540  0.37800540  0.32275816  0.34984976  0.34984976  0.34984976  0.34984976  0.37323534  0.37323534  0.37800540  0.33617601  0.39250900  0.36378938  0.34984976  0.36378938  0.40731208  0.41735336  0.41231514  0.39740948  0.40731208  0.39250900  0.38280741  
87_0_0     0.11961497  0.00000000  0.01426527  0.10638680  0.10638680  0.09986313  0.16793564  0.12969876  0.15379426  0.17872778  0.15379426  0.18601387  0.18236157  0.35911266  0.35446625  0.36849680  0.39740948  0.33617601  0.31395044  0.38280741  0.27976324  0.29665309  0.28815843  0.30524960  0.35911266  0.36378938  0.37800540  0.39250900  0.38280741  0.36849680  0.40234368  0.40234368  0.36378938  0.34070501  0.34984976  0.35446625  0.36378938  0.42242724  0.45898683  0.44834963  0.39250900  0.38764180  0.39250900  0.38764180  0.38764180  0.38764180  0.39740948  0.38764180  0.34526281  0.33167543  0.36849680  0.37323534  0.37800540  0.38280741  0.38280741  0.38280741  0.41735336  0.39740948  0.38764180  0.38764180  0.38280741  0.39740948  0.38764180  0.37800540  0.41735336  0.39740948  0.39740948  0.37800540  0.37323534  0.35446625  0.34984976  0.35446625  0.34526281  0.39740948  0.37323534  0.37323534  0.34526281  0.39740948  0.39740948  0.44308963  0.39740948  0.42753728  0.48629148  0.30524960  0.40234368  0.40234368  0.32275816  0.39250900  0.38764180  0.35911266  0.33167543  0.32275816  0.31834077  0.35446625  0.37323534  0.37323534  0.35911266  0.37323534  0.35911266  0.34526281  0.34070501  0.34526281  0.33167543  0.33167543  0.30524960  0.32720293  0.30958682  0.30958682  0.29665309  0.34526281  0.35446625  0.33617601  0.30958682  0.33167543  0.31395044  0.32720293  0.30524960  0.34984976  0.36378938  0.34526281  0.33617601  0.35911266  0.34526281  0.32275816  
83_0_0     0.10967104  0.01426527  0.00000000  0.10967104  0.10967104  0.10311755  0.16437406  0.11961497  0.15030207  0.16793564  0.14682680  0.19708373  0.19337475  0.37323534  0.36849680  0.39250900  0.40234368  0.34526281  0.32275816  0.38280741  0.29239318  0.30958682  0.30093846  0.31834077  0.36378938  0.36849680  0.38280741  0.39250900  0.38280741  0.36378938  0.38764180  0.38764180  0.36849680  0.34526281  0.35446625  0.35911266  0.37800540  0.40731208  0.45364850  0.44308963  0.39740948  0.39250900  0.39740948  0.39250900  0.40234368  0.40234368  0.41231514  0.40234368  0.36849680  0.35446625  0.38280741  0.38764180  0.39250900  0.39740948  0.39740948  0.39740948  0.44308963  0.42242724  0.41231514  0.41231514  0.40731208  0.42242724  0.41231514  0.40234368  0.43268400  0.41231514  0.41231514  0.39250900  0.38764180  0.36849680  0.36378938  0.36849680  0.35911266  0.41231514  0.38764180  0.38764180  0.35911266  0.40234368  0.40234368  0.46978423  0.42242724  0.44308963  0.49187945  0.30958682  0.40731208  0.39740948  0.33617601  0.39740948  0.39250900  0.37323534  0.33617601  0.32720293  0.32275816  0.35911266  0.37800540  0.37800540  0.36378938  0.37800540  0.36378938  0.34984976  0.34526281  0.34984976  0.33617601  0.33617601  0.30958682  0.33167543  0.32275816  0.32275816  0.31834077  0.35911266  0.35911266  0.34984976  0.32275816  0.34526281  0.32720293  0.33167543  0.31834077  0.36378938  0.37800540  0.35911266  0.34984976  0.37323534  0.35911266  0.33617601  
87_5_0     0.09986313  0.10638680  0.10967104  0.00000000  0.00000000  0.00567210  0.12632172  0.07434631  0.12296050  0.13992641  0.12632172  0.14336830  0.14682680  0.36378938  0.35911266  0.35446625  0.35911266  0.31834077  0.29239318  0.32275816  0.27146522  0.27146522  0.30524960  0.31395044  0.32275816  0.36849680  0.37323534  0.35446625  0.34526281  0.36849680  0.34526281  0.34526281  0.34070501  0.30958682  0.30958682  0.31395044  0.34070501  0.40234368  0.40234368  0.39740948  0.39250900  0.39740948  0.41231514  0.39250900  0.41735336  0.40234368  0.41735336  0.42753728  0.35446625  0.35446625  0.38764180  0.39740948  0.39740948  0.39740948  0.40234368  0.39250900  0.41735336  0.42753728  0.41735336  0.43786794  0.42242724  0.41735336  0.42753728  0.40234368  0.42242724  0.40234368  0.39250900  0.39740948  0.39250900  0.38280741  0.37800540  0.38280741  0.37323534  0.40731208  0.33167543  0.33167543  0.37323534  0.38280741  0.37323534  0.44308963  0.42753728  0.44834963  0.48629148  0.34070501  0.42242724  0.41231514  0.34984976  0.40234368  0.39740948  0.34526281  0.36849680  0.35446625  0.35911266  0.36849680  0.41735336  0.42753728  0.41735336  0.41735336  0.37323534  0.36849680  0.36378938  0.37323534  0.37800540  0.37800540  0.33617601  0.32720293  0.36849680  0.36849680  0.34526281  0.36378938  0.36378938  0.35446625  0.32275816  0.37323534  0.34984976  0.34984976  0.34984976  0.38280741  0.39740948  0.38764180  0.37323534  0.38280741  0.36849680  0.35911266  
87_6_0     0.09986313  0.10638680  0.10967104  0.00000000  0.00000000  0.00567210  0.12632172  0.07434631  0.12296050  0.13992641  0.12632172  0.14336830  0.14682680  0.36378938  0.35911266  0.35446625  0.35911266  0.31834077  0.29239318  0.32275816  0.27146522  0.27146522  0.30524960  0.31395044  0.32275816  0.36849680  0.37323534  0.35446625  0.34526281  0.36849680  0.34526281  0.34526281  0.34070501  0.30958682  0.30958682  0.31395044  0.34070501  0.40234368  0.40234368  0.39740948  0.39250900  0.39740948  0.41231514  0.39250900  0.41735336  0.40234368  0.41735336  0.42753728  0.35446625  0.35446625  0.38764180  0.39740948  0.39740948  0.39740948  0.40234368  0.39250900  0.41735336  0.42753728  0.41735336  0.43786794  0.42242724  0.41735336  0.42753728  0.40234368  0.42242724  0.40234368  0.39250900  0.39740948  0.39250900  0.38280741  0.37800540  0.38280741  0.37323534  0.40731208  0.33167543  0.33167543  0.37323534  0.38280741  0.37323534  0.44308963  0.42753728  0.44834963  0.48629148  0.34070501  0.42242724  0.41231514  0.34984976  0.40234368  0.39740948  0.34526281  0.36849680  0.35446625  0.35911266  0.36849680  0.41735336  0.42753728  0.41735336  0.41735336  0.37323534  0.36849680  0.36378938  0.37323534  0.37800540  0.37800540  0.33617601  0.32720293  0.36849680  0.36849680  0.34526281  0.36378938  0.36378938  0.35446625  0.32275816  0.37323534  0.34984976  0.34984976  0.34984976  0.38280741  0.39740948  0.38764180  0.37323534  0.38280741  0.36849680  0.35911266  
83_5_0     0.09339828  0.09986313  0.10311755  0.00567210  0.00567210  0.00000000  0.11961497  0.07434631  0.12296050  0.13992641  0.12632172  0.15030207  0.15379426  0.35446625  0.34984976  0.36378938  0.36849680  0.31834077  0.29239318  0.33167543  0.27146522  0.27146522  0.30524960  0.31395044  0.33167543  0.36849680  0.37323534  0.36378938  0.35446625  0.36378938  0.34526281  0.34526281  0.34984976  0.31834077  0.31834077  0.32275816  0.34984976  0.39250900  0.40234368  0.39740948  0.39250900  0.39740948  0.41231514  0.38280741  0.40731208  0.39250900  0.40731208  0.41735336  0.35446625  0.34526281  0.38764180  0.39740948  0.39740948  0.40731208  0.40234368  0.39250900  0.41735336  0.41735336  0.40731208  0.42753728  0.41231514  0.42753728  0.43786794  0.41231514  0.42242724  0.41231514  0.40234368  0.38764180  0.38280741  0.38280741  0.37800540  0.38280741  0.37323534  0.40731208  0.33167543  0.33167543  0.37323534  0.39250900  0.38280741  0.45364850  0.42753728  0.44834963  0.48629148  0.34070501  0.41231514  0.40234368  0.34984976  0.40234368  0.39740948  0.35446625  0.36849680  0.35446625  0.35911266  0.36849680  0.41735336  0.42753728  0.41735336  0.41735336  0.38280741  0.37800540  0.37323534  0.38280741  0.37800540  0.37800540  0.33617601  0.31834077  0.35911266  0.35911266  0.33617601  0.35446625  0.35446625  0.34526281  0.32275816  0.36378938  0.34070501  0.34070501  0.34070501  0.37323534  0.38764180  0.37800540  0.36378938  0.37323534  0.35911266  0.34984976  
69_5_0     0.17872778  0.16793564  0.16437406  0.12632172  0.12632172  0.11961497  0.00000000  0.12296050  0.16083008  0.18968486  0.17872778  0.22359813  0.22746723  0.37800540  0.37323534  0.38764180  0.40731208  0.36378938  0.34984976  0.39250900  0.31834077  0.31834077  0.33617601  0.34526281  0.36378938  0.39740948  0.40234368  0.35446625  0.34526281  0.38764180  0.31834077  0.31834077  0.38280741  0.32275816  0.32275816  0.31834077  0.34526281  0.42242724  0.42753728  0.42753728  0.40234368  0.41735336  0.42242724  0.38764180  0.42242724  0.40731208  0.40731208  0.42753728  0.39740948  0.39740948  0.40731208  0.39740948  0.39740948  0.40731208  0.40234368  0.40731208  0.47524453  0.43786794  0.44308963  0.43786794  0.44308963  0.48074673  0.50318776  0.47524453  0.44834963  0.46978423  0.42753728  0.40234368  0.40731208  0.41231514  0.40731208  0.41231514  0.41735336  0.42242724  0.41735336  0.41735336  0.40234368  0.40731208  0.40731208  0.43786794  0.45364850  0.45364850  0.56257025  0.37323534  0.48074673  0.46978423  0.37323534  0.38280741  0.37800540  0.39740948  0.37323534  0.36378938  0.36849680  0.38764180  0.38764180  0.39250900  0.37323534  0.38764180  0.38280741  0.36849680  0.36378938  0.37800540  0.37323534  0.36849680  0.36378938  0.34070501  0.40234368  0.40234368  0.37800540  0.40731208  0.40731208  0.38764180  0.34984976  0.39740948  0.34070501  0.35446625  0.34984976  0.36378938  0.37800540  0.36849680  0.35911266  0.38764180  0.38280741  0.34526281  
86_0_0     0.12632172  0.12969876  0.11961497  0.07434631  0.07434631  0.07434631  0.12296050  0.00000000  0.05578753  0.09018759  0.08064088  0.11297038  0.11628498  0.34070501  0.33617601  0.34070501  0.34984976  0.31834077  0.29665309  0.32720293  0.30524960  0.29665309  0.30524960  0.30524960  0.33617601  0.37323534  0.38764180  0.37323534  0.36378938  0.34526281  0.33167543  0.33167543  0.34526281  0.29239318  0.29239318  0.29665309  0.32275816  0.40731208  0.40234368  0.40234368  0.38764180  0.38280741  0.40731208  0.36849680  0.38764180  0.38764180  0.40731208  0.42753728  0.38280741  0.36378938  0.39250900  0.39250900  0.39250900  0.39250900  0.39740948  0.40234368  0.42753728  0.41735336  0.41735336  0.42242724  0.41735336  0.41231514  0.43268400  0.40731208  0.42242724  0.38280741  0.40234368  0.37800540  0.37323534  0.38764180  0.38280741  0.37800540  0.36378938  0.37323534  0.35446625  0.35446625  0.36849680  0.38280741  0.37323534  0.41735336  0.40731208  0.43268400  0.47524453  0.30524960  0.38280741  0.37323534  0.34984976  0.35446625  0.34984976  0.34070501  0.35911266  0.35446625  0.34984976  0.34070501  0.37323534  0.36378938  0.35911266  0.37323534  0.37323534  0.34984976  0.35446625  0.35911266  0.37323534  0.36378938  0.32720293  0.28815843  0.34526281  0.34526281  0.31395044  0.36849680  0.36849680  0.36378938  0.30524960  0.35911266  0.32275816  0.31834077  0.32275816  0.34070501  0.34070501  0.34526281  0.33167543  0.34070501  0.33617601  0.31834077  
82_0_0     0.15730354  0.15379426  0.15030207  0.12296050  0.12296050  0.12296050  0.16083008  0.05578753  0.00000000  0.13650096  0.11961497  0.16793564  0.16437406  0.34526281  0.34070501  0.36378938  0.38280741  0.33617601  0.30958682  0.33167543  0.32720293  0.32720293  0.32720293  0.32720293  0.34526281  0.41231514  0.40731208  0.38764180  0.39250900  0.35446625  0.37323534  0.37323534  0.39250900  0.32720293  0.31834077  0.32720293  0.34526281  0.44834963  0.44308963  0.43268400  0.36378938  0.37800540  0.39250900  0.36849680  0.36849680  0.37800540  0.39740948  0.41735336  0.38280741  0.36849680  0.39250900  0.38280741  0.39250900  0.40234368  0.39740948  0.38280741  0.43268400  0.42242724  0.41231514  0.41735336  0.42242724  0.41231514  0.42242724  0.39740948  0.41231514  0.37800540  0.39250900  0.38280741  0.37800540  0.38280741  0.37800540  0.37323534  0.37323534  0.35911266  0.39250900  0.39250900  0.38764180  0.38280741  0.37323534  0.42242724  0.39740948  0.43786794  0.45364850  0.31834077  0.42753728  0.42753728  0.34526281  0.37323534  0.36849680  0.34070501  0.35911266  0.34984976  0.34526281  0.35446625  0.35911266  0.34984976  0.34526281  0.35911266  0.36849680  0.33617601  0.34070501  0.36378938  0.36849680  0.36849680  0.33167543  0.32720293  0.34984976  0.34984976  0.33167543  0.37800540  0.38764180  0.38280741  0.32275816  0.36378938  0.34070501  0.33617601  0.34070501  0.36849680  0.36849680  0.37323534  0.34526281  0.36378938  0.35446625  0.33617601  
81_0_0     0.17872778  0.17872778  0.16793564  0.13992641  0.13992641  0.13992641  0.18968486  0.09018759  0.13650096  0.00000000  0.04367664  0.15730354  0.16083008  0.36849680  0.36378938  0.37323534  0.39250900  0.34984976  0.32720293  0.36378938  0.32275816  0.31395044  0.32275816  0.32275816  0.38764180  0.39740948  0.41231514  0.35446625  0.34984976  0.36849680  0.35446625  0.35446625  0.35446625  0.31834077  0.30093846  0.31395044  0.33167543  0.42753728  0.41735336  0.40731208  0.37800540  0.37323534  0.40731208  0.35911266  0.39740948  0.38280741  0.38764180  0.40731208  0.36849680  0.35911266  0.37800540  0.38764180  0.38764180  0.39250900  0.39250900  0.41735336  0.39740948  0.39250900  0.38280741  0.38764180  0.39250900  0.39250900  0.41231514  0.38764180  0.44308963  0.39740948  0.40234368  0.36849680  0.36378938  0.37323534  0.36849680  0.35446625  0.38764180  0.40234368  0.35911266  0.35911266  0.36378938  0.38280741  0.36849680  0.45898683  0.42242724  0.44308963  0.47524453  0.33167543  0.40731208  0.39740948  0.35446625  0.37323534  0.36849680  0.33617601  0.34070501  0.34526281  0.34070501  0.34984976  0.38280741  0.37800540  0.36849680  0.38280741  0.38280741  0.36849680  0.37323534  0.34984976  0.36378938  0.36378938  0.32275816  0.31834077  0.34984976  0.34984976  0.33617601  0.38280741  0.38280741  0.37800540  0.31395044  0.34984976  0.34070501  0.34526281  0.34070501  0.36378938  0.36378938  0.35911266  0.35911266  0.36849680  0.35446625  0.34526281  
70_0_0     0.16793564  0.15379426  0.14682680  0.12632172  0.12632172  0.12632172  0.17872778  0.08064088  0.11961497  0.04367664  0.00000000  0.15030207  0.15379426  0.33617601  0.33167543  0.34984976  0.37323534  0.33617601  0.29665309  0.35911266  0.30524960  0.29665309  0.30524960  0.30524960  0.35446625  0.41231514  0.42753728  0.34526281  0.34984976  0.38280741  0.35446625  0.35446625  0.36378938  0.32720293  0.30958682  0.32275816  0.34070501  0.42242724  0.41735336  0.40731208  0.36849680  0.37323534  0.36849680  0.34984976  0.38280741  0.37323534  0.38764180  0.40731208  0.35446625  0.33617601  0.35446625  0.36378938  0.36378938  0.36849680  0.36849680  0.39250900  0.39250900  0.39250900  0.38280741  0.37800540  0.38280741  0.38280741  0.39250900  0.38764180  0.43268400  0.36378938  0.39250900  0.35446625  0.34984976  0.34984976  0.34526281  0.34070501  0.35446625  0.36378938  0.35446625  0.35446625  0.34984976  0.37323534  0.35911266  0.43786794  0.38764180  0.40234368  0.45364850  0.30524960  0.37800540  0.36849680  0.33167543  0.35446625  0.34984976  0.33617601  0.32720293  0.32720293  0.32275816  0.33167543  0.36849680  0.37323534  0.36378938  0.36849680  0.35446625  0.34984976  0.34526281  0.34070501  0.35446625  0.35446625  0.30958682  0.30093846  0.33167543  0.33167543  0.30524960  0.34070501  0.34070501  0.33617601  0.30524960  0.32720293  0.30958682  0.31395044  0.30958682  0.34070501  0.34070501  0.33617601  0.33617601  0.34526281  0.33167543  0.32275816  
99_0_0     0.19337475  0.18601387  0.19708373  0.14336830  0.14336830  0.15030207  0.22359813  0.11297038  0.16793564  0.15730354  0.15030207  0.00000000  0.01138942  0.32275816  0.32720293  0.32275816  0.30524960  0.30958682  0.29665309  0.33167543  0.27560223  0.27560223  0.28394855  0.27560223  0.33167543  0.37800540  0.39250900  0.33167543  0.31395044  0.35911266  0.32720293  0.32720293  0.31395044  0.30524960  0.28815843  0.28815843  0.30524960  0.43786794  0.42242724  0.43268400  0.38764180  0.38280741  0.40731208  0.33617601  0.34070501  0.34070501  0.34984976  0.37800540  0.36849680  0.35911266  0.34984976  0.35446625  0.36378938  0.36849680  0.36849680  0.35446625  0.39740948  0.38764180  0.38764180  0.38764180  0.41735336  0.38764180  0.40731208  0.37800540  0.43786794  0.39740948  0.38764180  0.38280741  0.37800540  0.37323534  0.35911266  0.36378938  0.37800540  0.39740948  0.32720293  0.32720293  0.34984976  0.35446625  0.34526281  0.39740948  0.36378938  0.40234368  0.49187945  0.30524960  0.38280741  0.37800540  0.35446625  0.36378938  0.36378938  0.32275816  0.35911266  0.35446625  0.34984976  0.34070501  0.39250900  0.38280741  0.37800540  0.38280741  0.40731208  0.39250900  0.37800540  0.38280741  0.39740948  0.36849680  0.34526281  0.30093846  0.33167543  0.32275816  0.29239318  0.34526281  0.34526281  0.32720293  0.29239318  0.32720293  0.30958682  0.30524960  0.30958682  0.32275816  0.32275816  0.31834077  0.30958682  0.34070501  0.32720293  0.31395044  
90_0_0     0.18968486  0.18236157  0.19337475  0.14682680  0.14682680  0.15379426  0.22746723  0.11628498  0.16437406  0.16083008  0.15379426  0.01138942  0.00000000  0.33167543  0.32720293  0.33167543  0.30958682  0.30958682  0.29665309  0.31395044  0.26735195  0.26735195  0.27560223  0.26735195  0.32275816  0.38764180  0.40234368  0.33167543  0.32275816  0.34984976  0.32275816  0.32275816  0.31395044  0.29665309  0.27976324  0.27976324  0.29665309  0.42753728  0.42242724  0.43268400  0.39740948  0.39250900  0.41735336  0.33617601  0.34070501  0.34984976  0.34984976  0.37800540  0.37800540  0.35911266  0.34526281  0.34984976  0.34984976  0.35446625  0.35446625  0.34984976  0.40234368  0.39250900  0.39250900  0.39250900  0.42242724  0.39740948  0.40731208  0.37800540  0.44834963  0.40731208  0.39740948  0.37800540  0.37323534  0.36849680  0.35446625  0.35911266  0.37323534  0.40731208  0.33617601  0.33617601  0.34984976  0.35446625  0.34526281  0.41735336  0.37323534  0.40731208  0.49187945  0.30524960  0.38280741  0.37800540  0.35446625  0.35446625  0.35446625  0.31395044  0.35911266  0.34526281  0.34070501  0.34984976  0.39250900  0.37323534  0.36849680  0.38280741  0.39740948  0.38280741  0.36849680  0.37323534  0.38764180  0.36849680  0.33617601  0.30958682  0.32275816  0.31395044  0.29239318  0.33617601  0.33617601  0.32720293  0.29665309  0.32720293  0.30958682  0.30524960  0.30958682  0.31395044  0.31395044  0.31834077  0.30958682  0.34070501  0.32720293  0.31395044  
89_0_0     0.38280741  0.35911266  0.37323534  0.36378938  0.36378938  0.35446625  0.37800540  0.34070501  0.34526281  0.36849680  0.33617601  0.32275816  0.33167543  0.00000000  0.00283044  0.14682680  0.15730354  0.16793564  0.20832720  0.23920142  0.18601387  0.19337475  0.18236157  0.18968486  0.28815843  0.35446625  0.35911266  0.26735195  0.26735195  0.23920142  0.25919552  0.25919552  0.30524960  0.27146522  0.25515185  0.25113085  0.23920142  0.35446625  0.34984976  0.35446625  0.22746723  0.23135733  0.21974980  0.28394855  0.26735195  0.27146522  0.26326214  0.25919552  0.27146522  0.25515185  0.24315588  0.25919552  0.23920142  0.25515185  0.24315588  0.27146522  0.30093846  0.28394855  0.27560223  0.27560223  0.28815843  0.29665309  0.29665309  0.29239318  0.30524960  0.31834077  0.30524960  0.23135733  0.22746723  0.23526865  0.24713228  0.24315588  0.27976324  0.29239318  0.24713228  0.24713228  0.21211455  0.25515185  0.25515185  0.32720293  0.27146522  0.30524960  0.38764180  0.21974980  0.29239318  0.28815843  0.27560223  0.27146522  0.27146522  0.24713228  0.21211455  0.21974980  0.21592201  0.23135733  0.24713228  0.27976324  0.25113085  0.23920142  0.23920142  0.23135733  0.23920142  0.23135733  0.23526865  0.22746723  0.21974980  0.22746723  0.22746723  0.22746723  0.20081200  0.28394855  0.27976324  0.25113085  0.18601387  0.23920142  0.21211455  0.22746723  0.21211455  0.24713228  0.25113085  0.24315588  0.21974980  0.23526865  0.23526865  0.20832720  
96_0_0     0.37800540  0.35446625  0.36849680  0.35911266  0.35911266  0.34984976  0.37323534  0.33617601  0.34070501  0.36378938  0.33167543  0.32720293  0.32720293  0.00283044  0.00000000  0.14336830  0.16083008  0.17151500  0.21211455  0.23526865  0.18236157  0.18968486  0.17872778  0.18601387  0.28394855  0.34984976  0.35446625  0.27146522  0.27146522  0.24315588  0.25919552  0.25919552  0.30958682  0.26735195  0.25113085  0.24713228  0.23526865  0.34984976  0.34526281  0.34984976  0.22359813  0.22746723  0.21592201  0.27976324  0.26326214  0.26735195  0.25919552  0.25515185  0.26735195  0.25113085  0.23920142  0.25515185  0.23526865  0.25113085  0.23920142  0.27560223  0.29665309  0.27976324  0.27146522  0.27146522  0.28394855  0.29665309  0.29665309  0.29239318  0.30524960  0.31834077  0.30524960  0.22746723  0.22359813  0.23135733  0.24315588  0.23920142  0.27560223  0.28815843  0.24315588  0.24315588  0.20832720  0.25113085  0.25113085  0.33167543  0.27560223  0.30093846  0.38280741  0.21592201  0.28815843  0.28394855  0.27976324  0.26735195  0.26735195  0.24315588  0.21592201  0.21592201  0.21211455  0.23526865  0.25113085  0.27560223  0.24713228  0.24315588  0.24315588  0.23526865  0.24315588  0.23526865  0.23920142  0.23135733  0.21592201  0.23135733  0.22359813  0.22359813  0.20455975  0.28815843  0.28394855  0.25515185  0.18968486  0.24315588  0.21592201  0.23135733  0.21592201  0.25113085  0.25515185  0.24713228  0.22359813  0.23920142  0.23920142  0.21211455  
92_0_0     0.40731208  0.36849680  0.39250900  0.35446625  0.35446625  0.36378938  0.38764180  0.34070501  0.36378938  0.37323534  0.34984976  0.32275816  0.33167543  0.14682680  0.14336830  0.00000000  0.11297038  0.20081200  0.23135733  0.22746723  0.16437406  0.17151500  0.15379426  0.15379426  0.27560223  0.30093846  0.31395044  0.24315588  0.23526865  0.28394855  0.23920142  0.23920142  0.24315588  0.23135733  0.23135733  0.21592201  0.20081200  0.34984976  0.34526281  0.34984976  0.23920142  0.22746723  0.23135733  0.27560223  0.27146522  0.26326214  0.27976324  0.25919552  0.27560223  0.27146522  0.26326214  0.27146522  0.25919552  0.27146522  0.26326214  0.28394855  0.29665309  0.25515185  0.25515185  0.24315588  0.27146522  0.28394855  0.29239318  0.28815843  0.32275816  0.32275816  0.29665309  0.24713228  0.24315588  0.23920142  0.25113085  0.24315588  0.28815843  0.29239318  0.25113085  0.25113085  0.23135733  0.29239318  0.28394855  0.30524960  0.30958682  0.35911266  0.36378938  0.23526865  0.30524960  0.30524960  0.25113085  0.25515185  0.25515185  0.25515185  0.22359813  0.21592201  0.21211455  0.23526865  0.25113085  0.24315588  0.22746723  0.24315588  0.22746723  0.22359813  0.22746723  0.21974980  0.23920142  0.25919552  0.21592201  0.22746723  0.19708373  0.19708373  0.20832720  0.30093846  0.30093846  0.26326214  0.20081200  0.24315588  0.23526865  0.24713228  0.22746723  0.24713228  0.25919552  0.24315588  0.20081200  0.22359813  0.21592201  0.19708373  
78_0_0     0.40234368  0.39740948  0.40234368  0.35911266  0.35911266  0.36849680  0.40731208  0.34984976  0.38280741  0.39250900  0.37323534  0.30524960  0.30958682  0.15730354  0.16083008  0.11297038  0.00000000  0.18601387  0.21592201  0.23526865  0.19708373  0.20455975  0.20081200  0.20081200  0.27146522  0.34070501  0.35446625  0.24315588  0.23526865  0.25919552  0.27146522  0.27146522  0.27560223  0.25515185  0.25515185  0.26326214  0.25515185  0.35446625  0.34526281  0.35911266  0.27146522  0.25919552  0.25113085  0.30093846  0.28815843  0.30093846  0.28815843  0.26735195  0.30958682  0.30958682  0.25919552  0.25113085  0.24713228  0.25919552  0.25113085  0.27560223  0.30524960  0.27146522  0.26326214  0.25919552  0.28815843  0.29239318  0.28815843  0.28394855  0.30524960  0.30524960  0.27146522  0.27976324  0.27560223  0.27146522  0.28394855  0.27976324  0.28815843  0.30958682  0.28815843  0.28815843  0.26326214  0.30958682  0.30093846  0.33617601  0.28815843  0.33617601  0.38280741  0.23920142  0.30958682  0.30093846  0.26735195  0.27976324  0.27976324  0.23135733  0.23526865  0.25113085  0.24713228  0.27560223  0.26326214  0.27560223  0.27146522  0.25515185  0.24713228  0.23920142  0.24315588  0.24713228  0.25515185  0.28394855  0.25113085  0.24315588  0.25113085  0.24315588  0.22746723  0.31395044  0.30524960  0.26326214  0.23920142  0.25113085  0.25113085  0.24713228  0.24315588  0.26326214  0.26735195  0.25919552  0.23920142  0.23920142  0.22359813  0.21974980  
74_0_0     0.34984976  0.33617601  0.34526281  0.31834077  0.31834077  0.31834077  0.36378938  0.31834077  0.33617601  0.34984976  0.33617601  0.30958682  0.30958682  0.16793564  0.17151500  0.20081200  0.18601387  0.00000000  0.07121963  0.20455975  0.19337475  0.18601387  0.22359813  0.21592201  0.30958682  0.31834077  0.32275816  0.27560223  0.27560223  0.26735195  0.26326214  0.26326214  0.26735195  0.23135733  0.23135733  0.22359813  0.21592201  0.33167543  0.33617601  0.32720293  0.25515185  0.25113085  0.25515185  0.29665309  0.26735195  0.28394855  0.30093846  0.28815843  0.29665309  0.28394855  0.26326214  0.26326214  0.25919552  0.26326214  0.26326214  0.30524960  0.28815843  0.30093846  0.28394855  0.27146522  0.30093846  0.32720293  0.31834077  0.31395044  0.35446625  0.35911266  0.34070501  0.27976324  0.27560223  0.26735195  0.27976324  0.28394855  0.28394855  0.29239318  0.29665309  0.29665309  0.25113085  0.30093846  0.30093846  0.32720293  0.29239318  0.32275816  0.39250900  0.23135733  0.28394855  0.28394855  0.25515185  0.26326214  0.26326214  0.24713228  0.20832720  0.21592201  0.21974980  0.23526865  0.23135733  0.23920142  0.23135733  0.22359813  0.24315588  0.22359813  0.22746723  0.21211455  0.20832720  0.24315588  0.21592201  0.23526865  0.22359813  0.21592201  0.20832720  0.30524960  0.30093846  0.29239318  0.20832720  0.26326214  0.23920142  0.24713228  0.23135733  0.23920142  0.24315588  0.24315588  0.24315588  0.24315588  0.24315588  0.23920142  
93_0_0     0.33617601  0.31395044  0.32275816  0.29239318  0.29239318  0.29239318  0.34984976  0.29665309  0.30958682  0.32720293  0.29665309  0.29665309  0.29665309  0.20832720  0.21211455  0.23135733  0.21592201  0.07121963  0.00000000  0.18968486  0.22359813  0.21592201  0.23135733  0.23920142  0.29665309  0.34526281  0.34984976  0.27146522  0.27146522  0.30524960  0.27146522  0.27146522  0.26735195  0.23920142  0.23920142  0.23920142  0.24713228  0.30524960  0.31834077  0.31834077  0.29665309  0.30093846  0.28815843  0.31834077  0.31395044  0.31395044  0.31395044  0.31834077  0.27976324  0.29239318  0.29665309  0.28815843  0.29239318  0.28815843  0.29665309  0.30524960  0.31395044  0.31834077  0.30958682  0.28815843  0.31834077  0.34526281  0.33617601  0.33167543  0.35446625  0.34070501  0.34984976  0.29665309  0.29239318  0.30093846  0.31395044  0.30093846  0.28394855  0.29665309  0.33617601  0.33617601  0.30093846  0.30958682  0.30093846  0.34070501  0.30958682  0.36849680  0.38764180  0.23526865  0.28394855  0.28394855  0.26735195  0.28815843  0.28815843  0.24713228  0.23135733  0.23920142  0.24315588  0.28394855  0.26735195  0.26735195  0.25919552  0.25919552  0.25919552  0.23135733  0.22746723  0.26735195  0.25515185  0.28394855  0.23920142  0.23135733  0.24713228  0.24713228  0.22359813  0.29239318  0.28815843  0.29665309  0.23920142  0.28815843  0.28815843  0.28394855  0.27976324  0.25515185  0.25515185  0.25919552  0.25113085  0.25919552  0.25113085  0.23920142  
80_0_0     0.34526281  0.38280741  0.38280741  0.32275816  0.32275816  0.33167543  0.39250900  0.32720293  0.33167543  0.36378938  0.35911266  0.33167543  0.31395044  0.23920142  0.23526865  0.22746723  0.23526865  0.20455975  0.18968486  0.00000000  0.22746723  0.22746723  0.20455975  0.22746723  0.34984976  0.34984976  0.34526281  0.34526281  0.35446625  0.31834077  0.27560223  0.27560223  0.31395044  0.25113085  0.23526865  0.25113085  0.26735195  0.36378938  0.36849680  0.35911266  0.32720293  0.33167543  0.34070501  0.36378938  0.37800540  0.38280741  0.38280741  0.37800540  0.33617601  0.34984976  0.33617601  0.34526281  0.33167543  0.32720293  0.33617601  0.34984976  0.35911266  0.34984976  0.35446625  0.35911266  0.38280741  0.38764180  0.39740948  0.37323534  0.39250900  0.38764180  0.38280741  0.35911266  0.35446625  0.32275816  0.33617601  0.34070501  0.29665309  0.34526281  0.32275816  0.32275816  0.31834077  0.30524960  0.30524960  0.35911266  0.38764180  0.40234368  0.39740948  0.27976324  0.30524960  0.30093846  0.29665309  0.32720293  0.32275816  0.25515185  0.27560223  0.26735195  0.26326214  0.29239318  0.30093846  0.30958682  0.30524960  0.30093846  0.27976324  0.26735195  0.27146522  0.27560223  0.28815843  0.30093846  0.25113085  0.27560223  0.28815843  0.27976324  0.27146522  0.35911266  0.35446625  0.32720293  0.26326214  0.32275816  0.30524960  0.29239318  0.30524960  0.30093846  0.30958682  0.30524960  0.29239318  0.30524960  0.29239318  0.29239318  
71_0_0     0.31834077  0.27976324  0.29239318  0.27146522  0.27146522  0.27146522  0.31834077  0.30524960  0.32720293  0.32275816  0.30524960  0.27560223  0.26735195  0.18601387  0.18236157  0.16437406  0.19708373  0.19337475  0.22359813  0.22746723  0.00000000  0.01715271  0.07434631  0.08064088  0.22359813  0.31834077  0.32275816  0.23920142  0.23135733  0.22359813  0.19337475  0.19337475  0.21974980  0.17151500  0.15730354  0.15730354  0.16437406  0.34984976  0.35446625  0.34070501  0.23135733  0.23526865  0.23920142  0.22359813  0.23920142  0.22746723  0.23526865  0.23526865  0.25919552  0.23920142  0.21974980  0.22746723  0.21592201  0.22746723  0.21974980  0.24713228  0.29239318  0.26735195  0.25919552  0.23920142  0.27560223  0.27560223  0.27560223  0.27976324  0.29665309  0.30958682  0.27976324  0.23526865  0.23920142  0.23526865  0.23920142  0.24315588  0.25515185  0.27560223  0.24315588  0.24315588  0.22746723  0.25515185  0.24713228  0.26735195  0.27976324  0.31834077  0.34526281  0.19337475  0.28815843  0.28815843  0.24713228  0.27976324  0.27976324  0.25919552  0.19337475  0.17872778  0.18236157  0.23526865  0.22746723  0.25919552  0.23135733  0.22746723  0.22746723  0.21592201  0.20455975  0.21211455  0.21592201  0.19708373  0.17872778  0.21974980  0.17872778  0.17151500  0.15730354  0.24315588  0.24315588  0.21211455  0.15730354  0.20455975  0.18601387  0.19337475  0.18601387  0.20832720  0.21974980  0.20455975  0.17872778  0.20832720  0.20081200  0.18601387  
91_0_0     0.31834077  0.29665309  0.30958682  0.27146522  0.27146522  0.27146522  0.31834077  0.29665309  0.32720293  0.31395044  0.29665309  0.27560223  0.26735195  0.19337475  0.18968486  0.17151500  0.20455975  0.18601387  0.21592201  0.22746723  0.01715271  0.00000000  0.08064088  0.07434631  0.22359813  0.32720293  0.33167543  0.23920142  0.23920142  0.23135733  0.18601387  0.18601387  0.22746723  0.17151500  0.15730354  0.15730354  0.16437406  0.33617601  0.34984976  0.32720293  0.23526865  0.23920142  0.24315588  0.24315588  0.25919552  0.24713228  0.25515185  0.25515185  0.25515185  0.24315588  0.22359813  0.23135733  0.21974980  0.23135733  0.22359813  0.25515185  0.29665309  0.27146522  0.26326214  0.24315588  0.27976324  0.27976324  0.27976324  0.29239318  0.30958682  0.30524960  0.29239318  0.23920142  0.24315588  0.23135733  0.24315588  0.24713228  0.25919552  0.27976324  0.24713228  0.24713228  0.22359813  0.25919552  0.25113085  0.27146522  0.27560223  0.31395044  0.33167543  0.18601387  0.28815843  0.28815843  0.24315588  0.27146522  0.27146522  0.25919552  0.19337475  0.17872778  0.18236157  0.23526865  0.21974980  0.25113085  0.22359813  0.21974980  0.22746723  0.20832720  0.19708373  0.20455975  0.20832720  0.18968486  0.17151500  0.21592201  0.17511232  0.16793564  0.15379426  0.25113085  0.25113085  0.21592201  0.15379426  0.20832720  0.18236157  0.18968486  0.18236157  0.20081200  0.21211455  0.19708373  0.17511232  0.19708373  0.18968486  0.18236157  
73_0_0     0.33167543  0.28815843  0.30093846  0.30524960  0.30524960  0.30524960  0.33617601  0.30524960  0.32720293  0.32275816  0.30524960  0.28394855  0.27560223  0.18236157  0.17872778  0.15379426  0.20081200  0.22359813  0.23135733  0.20455975  0.07434631  0.08064088  0.00000000  0.02296270  0.24713228  0.30958682  0.32275816  0.24315588  0.24315588  0.24315588  0.22359813  0.22359813  0.21974980  0.19708373  0.18968486  0.18236157  0.18968486  0.34070501  0.34526281  0.34070501  0.22746723  0.23135733  0.24315588  0.24315588  0.25113085  0.25515185  0.27146522  0.26735195  0.24713228  0.24713228  0.23526865  0.25919552  0.23920142  0.24315588  0.24315588  0.25515185  0.31395044  0.27976324  0.27146522  0.26735195  0.29665309  0.29239318  0.30093846  0.28815843  0.31395044  0.33617601  0.31395044  0.25919552  0.25515185  0.23526865  0.24713228  0.25113085  0.24315588  0.26735195  0.23526865  0.23526865  0.21592201  0.27976324  0.27146522  0.31395044  0.31395044  0.34526281  0.34070501  0.19337475  0.28394855  0.28394855  0.24315588  0.25919552  0.25919552  0.23920142  0.21211455  0.19337475  0.18968486  0.24315588  0.23135733  0.23526865  0.21974980  0.22359813  0.21974980  0.20832720  0.20455975  0.21974980  0.20832720  0.19708373  0.17872778  0.22359813  0.19337475  0.18601387  0.16437406  0.25515185  0.25515185  0.22746723  0.16437406  0.21974980  0.18968486  0.19337475  0.18968486  0.23920142  0.25113085  0.23526865  0.17872778  0.20081200  0.19337475  0.18968486  
84_0_0     0.34070501  0.30524960  0.31834077  0.31395044  0.31395044  0.31395044  0.34526281  0.30524960  0.32720293  0.32275816  0.30524960  0.27560223  0.26735195  0.18968486  0.18601387  0.15379426  0.20081200  0.21592201  0.23920142  0.22746723  0.08064088  0.07434631  0.02296270  0.00000000  0.24713228  0.30093846  0.31395044  0.24315588  0.24315588  0.23526865  0.21592201  0.21592201  0.21211455  0.18968486  0.18236157  0.17511232  0.17511232  0.33617601  0.34984976  0.33617601  0.23920142  0.24315588  0.25515185  0.24713228  0.24713228  0.25113085  0.26735195  0.26326214  0.24315588  0.24315588  0.23135733  0.24713228  0.23526865  0.24713228  0.23920142  0.25113085  0.31834077  0.28394855  0.27560223  0.26326214  0.30093846  0.28815843  0.29665309  0.28394855  0.30958682  0.33167543  0.30093846  0.25515185  0.25113085  0.23135733  0.24315588  0.24713228  0.26326214  0.26326214  0.21592201  0.21592201  0.20455975  0.28394855  0.27560223  0.30093846  0.30093846  0.33167543  0.32720293  0.20081200  0.30093846  0.30093846  0.24315588  0.25919552  0.25919552  0.24713228  0.20455975  0.19337475  0.18968486  0.23526865  0.22359813  0.21974980  0.20455975  0.21592201  0.21211455  0.21592201  0.20455975  0.21974980  0.21592201  0.19708373  0.17872778  0.24713228  0.19337475  0.18601387  0.17151500  0.27976324  0.27976324  0.25113085  0.17151500  0.23526865  0.20455975  0.20832720  0.20455975  0.23920142  0.25113085  0.23526865  0.19337475  0.21592201  0.20832720  0.20455975  
76_0_0     0.36378938  0.35911266  0.36378938  0.32275816  0.32275816  0.33167543  0.36378938  0.33617601  0.34526281  0.38764180  0.35446625  0.33167543  0.32275816  0.28815843  0.28394855  0.27560223  0.27146522  0.30958682  0.29665309  0.34984976  0.22359813  0.22359813  0.24713228  0.24713228  0.00000000  0.28394855  0.28815843  0.21974980  0.21211455  0.19337475  0.17151500  0.17151500  0.17872778  0.18601387  0.19337475  0.17151500  0.18601387  0.34070501  0.32720293  0.34070501  0.30524960  0.31834077  0.30524960  0.30524960  0.32720293  0.31834077  0.32720293  0.32720293  0.29665309  0.27976324  0.29239318  0.27560223  0.29665309  0.30524960  0.30093846  0.29239318  0.33167543  0.29665309  0.29665309  0.30958682  0.30093846  0.34070501  0.33167543  0.33617601  0.35446625  0.34984976  0.31834077  0.29239318  0.29665309  0.28815843  0.30093846  0.30093846  0.30958682  0.34070501  0.29665309  0.29665309  0.28394855  0.29665309  0.29239318  0.32275816  0.30524960  0.34526281  0.42753728  0.25919552  0.34070501  0.34070501  0.28394855  0.33617601  0.33617601  0.29665309  0.25919552  0.25515185  0.25919552  0.29665309  0.28815843  0.31834077  0.30093846  0.28815843  0.27560223  0.27146522  0.25919552  0.28394855  0.28815843  0.29239318  0.25919552  0.26735195  0.26326214  0.25515185  0.21592201  0.25515185  0.25515185  0.24315588  0.24713228  0.27976324  0.27976324  0.27976324  0.27146522  0.25515185  0.26735195  0.26735195  0.24315588  0.25919552  0.24315588  0.23920142  
88_0_0     0.36849680  0.36378938  0.36849680  0.36849680  0.36849680  0.36849680  0.39740948  0.37323534  0.41231514  0.39740948  0.41231514  0.37800540  0.38764180  0.35446625  0.34984976  0.30093846  0.34070501  0.31834077  0.34526281  0.34984976  0.31834077  0.32720293  0.30958682  0.30093846  0.28394855  0.00000000  0.00852506  0.31395044  0.29665309  0.26326214  0.25515185  0.25515185  0.25919552  0.23526865  0.23920142  0.22359813  0.22359813  0.41231514  0.42242724  0.41735336  0.37323534  0.35911266  0.35446625  0.38764180  0.39740948  0.38280741  0.40234368  0.38764180  0.30958682  0.31834077  0.38280741  0.39250900  0.38764180  0.40731208  0.39250900  0.40234368  0.36849680  0.35911266  0.35446625  0.36378938  0.35446625  0.38280741  0.37323534  0.37800540  0.38280741  0.42242724  0.38280741  0.38280741  0.38764180  0.36378938  0.37800540  0.38764180  0.39740948  0.39250900  0.33167543  0.33167543  0.34070501  0.38764180  0.39250900  0.41735336  0.43268400  0.42242724  0.44308963  0.31834077  0.34984976  0.34526281  0.34526281  0.35446625  0.35446625  0.37323534  0.32720293  0.30524960  0.30093846  0.33167543  0.35446625  0.34070501  0.35446625  0.34526281  0.32275816  0.33617601  0.32275816  0.32275816  0.33167543  0.33617601  0.29665309  0.30958682  0.28815843  0.28815843  0.29239318  0.38764180  0.37800540  0.35446625  0.29239318  0.36378938  0.34526281  0.34526281  0.33617601  0.36378938  0.37800540  0.35911266  0.32275816  0.33617601  0.32720293  0.33167543  
