20
4_0_0      0.00000000  0.12343574  0.10683958  0.10683958  0.65602418  0.61161043  0.59035935  0.59035935  0.63348609  0.56969819  0.59035935  0.54959508  0.67926606  0.74075895  0.74075895  0.69116493  0.70325711  0.49235152  0.48322473  0.52042315  
10_0_0     0.12343574  0.00000000  0.07471774  0.04896942  0.64466984  0.60090905  0.57995709  0.55957877  0.60090905  0.55957877  0.55957877  0.53974352  0.64466984  0.69116493  0.69116493  0.66755441  0.67926606  0.56969819  0.56969819  0.59035935  
12_0_0     0.10683958  0.07471774  0.00000000  0.06431129  0.60090905  0.59035935  0.56969819  0.53974352  0.59035935  0.53974352  0.54959508  0.54959508  0.66755441  0.67926606  0.70325711  0.65602418  0.66755441  0.54959508  0.52042315  0.54959508  
13_0_0     0.10683958  0.04896942  0.06431129  0.00000000  0.63348609  0.61161043  0.59035935  0.56969819  0.61161043  0.56969819  0.56969819  0.54959508  0.66755441  0.66755441  0.64466984  0.65602418  0.66755441  0.56969819  0.52042315  0.53974352  
18_0_0     0.65602418  0.64466984  0.60090905  0.63348609  0.00000000  0.12343574  0.12905105  0.22518488  0.17556706  0.19378836  0.21879874  0.19378836  0.69116493  0.72804724  0.72804724  0.70325711  0.70325711  0.56969819  0.52042315  0.53974352  
7_0_0      0.61161043  0.60090905  0.59035935  0.61161043  0.12343574  0.00000000  0.06431129  0.15194575  0.09597755  0.13470905  0.13470905  0.11233062  0.67926606  0.75369153  0.72804724  0.67926606  0.67926606  0.56969819  0.53974352  0.54959508  
16_0_0     0.59035935  0.57995709  0.56969819  0.59035935  0.12905105  0.06431129  0.00000000  0.14041038  0.07997604  0.09597755  0.10683958  0.10683958  0.67926606  0.72804724  0.70325711  0.65602418  0.65602418  0.50159159  0.47420851  0.48322473  
9_0_0      0.59035935  0.55957877  0.53974352  0.56969819  0.22518488  0.15194575  0.14041038  0.00000000  0.14615572  0.17556706  0.19996261  0.16366271  0.65602418  0.65602418  0.67926606  0.65602418  0.65602418  0.53002065  0.55957877  0.57995709  
19_0_0     0.63348609  0.60090905  0.59035935  0.61161043  0.17556706  0.09597755  0.07997604  0.14615572  0.00000000  0.10683958  0.11786247  0.11786247  0.65602418  0.67926606  0.65602418  0.61161043  0.61161043  0.55957877  0.53002065  0.53974352  
8_0_0      0.56969819  0.55957877  0.53974352  0.56969819  0.19378836  0.13470905  0.09597755  0.17556706  0.10683958  0.00000000  0.02899343  0.07997604  0.60090905  0.64466984  0.64466984  0.60090905  0.60090905  0.52042315  0.49235152  0.51094782  
20_0_0     0.59035935  0.55957877  0.54959508  0.56969819  0.21879874  0.13470905  0.10683958  0.19996261  0.11786247  0.02899343  0.00000000  0.09060540  0.62246790  0.69116493  0.69116493  0.64466984  0.64466984  0.54959508  0.53974352  0.54959508  
15_0_0     0.54959508  0.53974352  0.54959508  0.54959508  0.19378836  0.11233062  0.10683958  0.16366271  0.11786247  0.07997604  0.09060540  0.00000000  0.55957877  0.57995709  0.61161043  0.55957877  0.56969819  0.57995709  0.51094782  0.52042315  
5_0_0      0.67926606  0.64466984  0.66755441  0.66755441  0.69116493  0.67926606  0.67926606  0.65602418  0.65602418  0.60090905  0.62246790  0.55957877  0.00000000  0.12905105  0.11786247  0.12905105  0.12343574  0.71554898  0.66755441  0.66755441  
14_0_0     0.74075895  0.69116493  0.67926606  0.66755441  0.72804724  0.75369153  0.72804724  0.65602418  0.67926606  0.64466984  0.69116493  0.57995709  0.12905105  0.00000000  0.02899343  0.06949633  0.06431129  0.70325711  0.64466984  0.66755441  
17_0_0     0.74075895  0.69116493  0.70325711  0.64466984  0.72804724  0.72804724  0.70325711  0.67926606  0.65602418  0.64466984  0.69116493  0.61161043  0.11786247  0.02899343  0.00000000  0.05916212  0.04392494  0.72804724  0.65602418  0.67926606  
11_0_0     0.69116493  0.66755441  0.65602418  0.65602418  0.70325711  0.67926606  0.65602418  0.65602418  0.61161043  0.60090905  0.64466984  0.55957877  0.12905105  0.06949633  0.05916212  0.00000000  0.02408208  0.69116493  0.64466984  0.69116493  
6_0_0      0.70325711  0.67926606  0.66755441  0.66755441  0.70325711  0.67926606  0.65602418  0.65602418  0.61161043  0.60090905  0.64466984  0.56969819  0.12343574  0.06431129  0.04392494  0.02408208  0.00000000  0.72804724  0.65602418  0.70325711  
3_0_0      0.49235152  0.56969819  0.54959508  0.56969819  0.56969819  0.56969819  0.50159159  0.53002065  0.55957877  0.52042315  0.54959508  0.57995709  0.71554898  0.70325711  0.72804724  0.69116493  0.72804724  0.00000000  0.20618851  0.22518488  
2_0_0      0.48322473  0.56969819  0.52042315  0.52042315  0.52042315  0.53974352  0.47420851  0.55957877  0.53002065  0.49235152  0.53974352  0.51094782  0.66755441  0.64466984  0.65602418  0.64466984  0.65602418  0.20618851  0.00000000  0.02408208  
1_0_0      0.52042315  0.59035935  0.54959508  0.53974352  0.53974352  0.54959508  0.48322473  0.57995709  0.53974352  0.51094782  0.54959508  0.52042315  0.66755441  0.66755441  0.67926606  0.69116493  0.70325711  0.22518488  0.02408208  0.00000000  

