20
2_0_0      0.00000000  0.00831165  0.00831165  0.32848475  0.64898274  0.41075977  0.41075977  0.47126598  0.45566229  0.41075977  0.35489162  0.35489162  0.35489162  0.59097880  0.52018631  0.47126598  0.66939006  0.62913101  0.62913101  0.34156866  
3_0_0      0.00831165  0.00000000  0.00000000  0.31563147  0.66939006  0.42542220  0.39638636  0.45566229  0.44038550  0.39638636  0.34156866  0.34156866  0.34156866  0.57262602  0.50351221  0.45566229  0.64898274  0.60980542  0.60980542  0.35489162  
1_0_0      0.00831165  0.00000000  0.00000000  0.31563147  0.66939006  0.42542220  0.39638636  0.45566229  0.44038550  0.39638636  0.34156866  0.34156866  0.34156866  0.57262602  0.50351221  0.45566229  0.64898274  0.60980542  0.60980542  0.35489162  
16_0_0     0.32848475  0.31563147  0.31563147  0.00000000  0.60980542  0.36846253  0.29058522  0.45566229  0.50351221  0.50351221  0.44038550  0.44038550  0.44038550  0.55472383  0.48721087  0.47126598  0.53725062  0.53725062  0.53725062  0.34156866  
14_0_0     0.64898274  0.66939006  0.66939006  0.60980542  0.00000000  0.35489162  0.36846253  0.60980542  0.62913101  0.60980542  0.57262602  0.57262602  0.57262602  0.71200229  0.80551343  0.73428008  0.85718758  0.83089288  0.83089288  0.59097880  
6_0_0      0.41075977  0.42542220  0.42542220  0.36846253  0.35489162  0.00000000  0.07845298  0.59097880  0.57262602  0.60980542  0.57262602  0.57262602  0.57262602  0.52018631  0.59097880  0.53725062  0.53725062  0.53725062  0.53725062  0.41075977  
15_0_0     0.41075977  0.39638636  0.39638636  0.29058522  0.36846253  0.07845298  0.00000000  0.52018631  0.50351221  0.57262602  0.53725062  0.53725062  0.53725062  0.52018631  0.55472383  0.50351221  0.57262602  0.57262602  0.57262602  0.38229080  
17_0_0     0.47126598  0.45566229  0.45566229  0.45566229  0.60980542  0.59097880  0.52018631  0.00000000  0.02522468  0.16637531  0.13587471  0.13587471  0.13587471  0.39638636  0.44038550  0.39638636  0.50351221  0.47126598  0.47126598  0.45566229  
11_0_0     0.45566229  0.44038550  0.44038550  0.50351221  0.62913101  0.57262602  0.50351221  0.02522468  0.00000000  0.19820753  0.16637531  0.16637531  0.16637531  0.42542220  0.44038550  0.39638636  0.53725062  0.50351221  0.50351221  0.44038550  
5_0_0      0.41075977  0.39638636  0.39638636  0.50351221  0.60980542  0.60980542  0.57262602  0.16637531  0.19820753  0.00000000  0.03383060  0.03383060  0.03383060  0.48721087  0.47126598  0.45566229  0.60980542  0.57262602  0.57262602  0.44038550  
10_0_0     0.35489162  0.34156866  0.34156866  0.44038550  0.57262602  0.57262602  0.53725062  0.13587471  0.16637531  0.03383060  0.00000000  0.00000000  0.00000000  0.48721087  0.44038550  0.39638636  0.53725062  0.50351221  0.50351221  0.41075977  
4_0_0      0.35489162  0.34156866  0.34156866  0.44038550  0.57262602  0.57262602  0.53725062  0.13587471  0.16637531  0.03383060  0.00000000  0.00000000  0.00000000  0.48721087  0.44038550  0.39638636  0.53725062  0.50351221  0.50351221  0.41075977  
12_0_0     0.35489162  0.34156866  0.34156866  0.44038550  0.57262602  0.57262602  0.53725062  0.13587471  0.16637531  0.03383060  0.00000000  0.00000000  0.00000000  0.48721087  0.44038550  0.39638636  0.53725062  0.50351221  0.50351221  0.41075977  
19_0_0     0.59097880  0.57262602  0.57262602  0.55472383  0.71200229  0.52018631  0.52018631  0.39638636  0.42542220  0.48721087  0.48721087  0.48721087  0.48721087  0.00000000  0.15606604  0.16637531  0.24293455  0.24293455  0.24293455  0.52018631  
8_0_0      0.52018631  0.50351221  0.50351221  0.48721087  0.80551343  0.59097880  0.55472383  0.44038550  0.44038550  0.47126598  0.44038550  0.44038550  0.44038550  0.15606604  0.00000000  0.02522468  0.27837748  0.25455850  0.25455850  0.45566229  
18_0_0     0.47126598  0.45566229  0.45566229  0.47126598  0.73428008  0.53725062  0.50351221  0.39638636  0.39638636  0.45566229  0.39638636  0.39638636  0.39638636  0.16637531  0.02522468  0.00000000  0.26637074  0.24293455  0.24293455  0.47126598  
7_0_0      0.66939006  0.64898274  0.64898274  0.53725062  0.85718758  0.53725062  0.57262602  0.50351221  0.53725062  0.60980542  0.53725062  0.53725062  0.53725062  0.24293455  0.27837748  0.26637074  0.00000000  0.01671913  0.01671913  0.59097880  
9_0_0      0.62913101  0.60980542  0.60980542  0.53725062  0.83089288  0.53725062  0.57262602  0.47126598  0.50351221  0.57262602  0.50351221  0.50351221  0.50351221  0.24293455  0.25455850  0.24293455  0.01671913  0.00000000  0.00000000  0.55472383  
13_0_0     0.62913101  0.60980542  0.60980542  0.53725062  0.83089288  0.53725062  0.57262602  0.47126598  0.50351221  0.57262602  0.50351221  0.50351221  0.50351221  0.24293455  0.25455850  0.24293455  0.01671913  0.00000000  0.00000000  0.55472383  
20_0_0     0.34156866  0.35489162  0.35489162  0.34156866  0.59097880  0.41075977  0.38229080  0.45566229  0.44038550  0.44038550  0.41075977  0.41075977  0.41075977  0.52018631  0.45566229  0.47126598  0.59097880  0.55472383  0.55472383  0.00000000  

