20
16_0_0     0.00000000  0.08473408  0.08473408  0.08473408  0.28275985  0.28275985  0.28095203  0.31090832  0.22154524  0.22034532  0.22833105  0.26165774  0.25310891  0.25310891  0.23778922  0.22959922  0.28095203  0.28275985  0.31090832  0.26486276  
3_0_0      0.08473408  0.00000000  0.00000000  0.00000000  0.28824741  0.28824741  0.28650789  0.29744478  0.22959922  0.22833105  0.23645048  0.22833105  0.22034532  0.22034532  0.26322332  0.25459622  0.25459622  0.26486276  0.27372875  0.26486276  
2_0_0      0.08473408  0.00000000  0.00000000  0.00000000  0.28824741  0.28824741  0.28650789  0.29744478  0.22959922  0.22833105  0.23645048  0.22833105  0.22034532  0.22034532  0.26322332  0.25459622  0.25459622  0.26486276  0.27372875  0.26486276  
1_0_0      0.08473408  0.00000000  0.00000000  0.00000000  0.28824741  0.28824741  0.28650789  0.29744478  0.22959922  0.22833105  0.23645048  0.22833105  0.22034532  0.22034532  0.26322332  0.25459622  0.25459622  0.26486276  0.27372875  0.26486276  
4_0_0      0.28275985  0.28824741  0.28824741  0.28824741  0.00000000  0.00000000  0.01054858  0.01596679  0.27922123  0.26016604  0.26878864  0.26878864  0.26016604  0.26016604  0.27035998  0.27922123  0.24470817  0.30882293  0.25459622  0.27200667  
12_0_0     0.28275985  0.28824741  0.28824741  0.28824741  0.00000000  0.00000000  0.01054858  0.01596679  0.27922123  0.26016604  0.26878864  0.26878864  0.26016604  0.26016604  0.27035998  0.27922123  0.24470817  0.30882293  0.25459622  0.27200667  
10_0_0     0.28095203  0.28650789  0.28650789  0.28650789  0.01054858  0.01054858  0.00000000  0.02677999  0.27756734  0.25874823  0.26729265  0.26729265  0.25874823  0.25874823  0.26878864  0.27756734  0.24336755  0.31637996  0.26165774  0.26165774  
5_0_0      0.31090832  0.29744478  0.29744478  0.29744478  0.01596679  0.01596679  0.02677999  0.00000000  0.27922123  0.26016604  0.26878864  0.24336755  0.23518160  0.23518160  0.29744478  0.30681996  0.27035998  0.31848091  0.26322332  0.28095203  
18_0_0     0.22154524  0.22959922  0.22959922  0.22959922  0.27922123  0.27922123  0.27756734  0.27922123  0.00000000  0.01589892  0.01054858  0.12255908  0.10948151  0.10948151  0.10811010  0.11447324  0.15451186  0.19922812  0.23093591  0.18411921  
8_0_0      0.22034532  0.22833105  0.22833105  0.22833105  0.26016604  0.26016604  0.25874823  0.26016604  0.01589892  0.00000000  0.00526407  0.11658518  0.10359265  0.10359265  0.10219061  0.10851348  0.16230339  0.22154524  0.24611992  0.19815602  
6_0_0      0.22833105  0.23645048  0.23645048  0.23645048  0.26878864  0.26878864  0.26729265  0.26878864  0.01054858  0.00526407  0.00000000  0.11004541  0.09722463  0.09722463  0.09594912  0.10219061  0.15524422  0.21362283  0.23778922  0.19060375  
7_0_0      0.26165774  0.22833105  0.22833105  0.22833105  0.26878864  0.26878864  0.26729265  0.24336755  0.12255908  0.11658518  0.11004541  0.00000000  0.01058590  0.01058590  0.14828632  0.15524422  0.15524422  0.20582777  0.19815602  0.17584314  
9_0_0      0.25310891  0.22034532  0.22034532  0.22034532  0.26016604  0.26016604  0.25874823  0.23518160  0.10948151  0.10359265  0.09722463  0.01058590  0.00000000  0.00000000  0.14142685  0.14828632  0.14828632  0.19815602  0.19060375  0.18316729  
13_0_0     0.25310891  0.22034532  0.22034532  0.22034532  0.26016604  0.26016604  0.25874823  0.23518160  0.10948151  0.10359265  0.09722463  0.01058590  0.00000000  0.00000000  0.14142685  0.14828632  0.14828632  0.19815602  0.19060375  0.18316729  
19_0_0     0.23778922  0.26322332  0.26322332  0.26322332  0.27035998  0.27035998  0.26878864  0.29744478  0.10811010  0.10219061  0.09594912  0.14828632  0.14142685  0.14142685  0.00000000  0.00526407  0.11542099  0.19922812  0.20696283  0.16230339  
20_0_0     0.22959922  0.25459622  0.25459622  0.25459622  0.27922123  0.27922123  0.27756734  0.30681996  0.11447324  0.10851348  0.10219061  0.15524422  0.14828632  0.14828632  0.00526407  0.00000000  0.10897075  0.19161483  0.19922812  0.15524422  
15_0_0     0.28095203  0.25459622  0.25459622  0.25459622  0.24470817  0.24470817  0.24336755  0.27035998  0.15451186  0.16230339  0.15524422  0.15524422  0.14828632  0.14828632  0.11542099  0.10897075  0.00000000  0.20696283  0.18411921  0.17673769  
17_0_0     0.28275985  0.26486276  0.26486276  0.26486276  0.30882293  0.30882293  0.31637996  0.31848091  0.19922812  0.22154524  0.21362283  0.20582777  0.19815602  0.19815602  0.19922812  0.19161483  0.20696283  0.00000000  0.04380496  0.13842069  
11_0_0     0.31090832  0.27372875  0.27372875  0.27372875  0.25459622  0.25459622  0.26165774  0.26322332  0.23093591  0.24611992  0.23778922  0.19815602  0.19060375  0.19060375  0.20696283  0.19922812  0.18411921  0.04380496  0.00000000  0.12468685  
14_0_0     0.26486276  0.26486276  0.26486276  0.26486276  0.27200667  0.27200667  0.26165774  0.28095203  0.18411921  0.19815602  0.19060375  0.17584314  0.18316729  0.18316729  0.16230339  0.15524422  0.17673769  0.13842069  0.12468685  0.00000000  

