20
16_0_0     0.00000000  0.14332326  0.14255104  0.13644632  0.41754740  0.41754740  0.41754740  0.40372739  0.27081776  0.25417896  0.27081776  0.29840210  0.29840210  0.29840210  0.24132430  0.23327427  0.23442430  0.26061653  0.25215015  0.22758942  
3_0_0      0.14332326  0.00000000  0.00525640  0.00526358  0.34766845  0.34766845  0.34766845  0.35561172  0.15874356  0.14528066  0.15874356  0.18755200  0.18755200  0.18755200  0.21186969  0.20419377  0.20522129  0.22203427  0.23008783  0.17629298  
2_0_0      0.14255104  0.00525640  0.00000000  0.01054783  0.34981970  0.34981970  0.34981970  0.35778004  0.15244219  0.13906931  0.15244219  0.18106230  0.18106230  0.18106230  0.20522129  0.19760384  0.19863364  0.21532509  0.22331431  0.16993011  
1_0_0      0.13644632  0.00526358  0.01054783  0.00000000  0.33775997  0.33775997  0.33775997  0.34560407  0.16561536  0.15196619  0.16561536  0.19488410  0.19488410  0.19488410  0.20419377  0.19663546  0.19760384  0.21411007  0.22203427  0.18362802  
4_0_0      0.41754740  0.34766845  0.34981970  0.33775997  0.00000000  0.00000000  0.01058394  0.02677146  0.34362634  0.34362634  0.32439222  0.28948046  0.30748807  0.30748807  0.28367139  0.29259520  0.29426679  0.32433647  0.35438404  0.30527568  
12_0_0     0.41754740  0.34766845  0.34981970  0.33775997  0.00000000  0.00000000  0.01058394  0.02677146  0.34362634  0.34362634  0.32439222  0.28948046  0.30748807  0.30748807  0.28367139  0.29259520  0.29426679  0.32433647  0.35438404  0.30527568  
10_0_0     0.41754740  0.34766845  0.34981970  0.33775997  0.01058394  0.01058394  0.00000000  0.03789144  0.34362634  0.34362634  0.32439222  0.30748807  0.32617802  0.32617802  0.28367139  0.29259520  0.29426679  0.32433647  0.35438404  0.30527568  
5_0_0      0.40372739  0.35561172  0.35778004  0.34560407  0.02677146  0.02677146  0.03789144  0.00000000  0.32268914  0.32268914  0.30435129  0.27935246  0.29687804  0.29687804  0.27346998  0.28215700  0.30168342  0.33203257  0.34194373  0.29426679  
18_0_0     0.27081776  0.15874356  0.15244219  0.16561536  0.34362634  0.34362634  0.34362634  0.32268914  0.00000000  0.01058394  0.01058394  0.07763823  0.08970677  0.08970677  0.13443550  0.12779197  0.15568158  0.21966694  0.21186969  0.12034359  
8_0_0      0.25417896  0.14528066  0.13906931  0.15196619  0.34362634  0.34362634  0.34362634  0.32268914  0.01058394  0.00000000  0.01058394  0.08970677  0.10207798  0.10207798  0.14799716  0.14116972  0.16993011  0.21186969  0.20419377  0.12681172  
6_0_0      0.27081776  0.15874356  0.15244219  0.16561536  0.32439222  0.32439222  0.32439222  0.30435129  0.01058394  0.01058394  0.00000000  0.08363559  0.09585359  0.09585359  0.13443550  0.12779197  0.15568158  0.20419377  0.19663546  0.12034359  
7_0_0      0.29840210  0.18755200  0.18106230  0.19488410  0.28948046  0.28948046  0.30748807  0.27935246  0.07763823  0.08970677  0.08363559  0.00000000  0.01596230  0.01596230  0.12176309  0.11525053  0.11578572  0.21295821  0.19760384  0.13387332  
9_0_0      0.29840210  0.18755200  0.18106230  0.19488410  0.30748807  0.30748807  0.32617802  0.29687804  0.08970677  0.10207798  0.09585359  0.01596230  0.00000000  0.00000000  0.12176309  0.11525053  0.11578572  0.21295821  0.19760384  0.13387332  
13_0_0     0.29840210  0.18755200  0.18106230  0.19488410  0.30748807  0.30748807  0.32617802  0.29687804  0.08970677  0.10207798  0.09585359  0.01596230  0.00000000  0.00000000  0.12176309  0.11525053  0.11578572  0.21295821  0.19760384  0.13387332  
19_0_0     0.24132430  0.21186969  0.20522129  0.20419377  0.28367139  0.28367139  0.28367139  0.27346998  0.13443550  0.14799716  0.13443550  0.12176309  0.12176309  0.12176309  0.00000000  0.00526358  0.08506150  0.16275440  0.14870874  0.10882284  
20_0_0     0.23327427  0.20419377  0.19760384  0.19663546  0.29259520  0.29259520  0.29259520  0.28215700  0.12779197  0.14116972  0.12779197  0.11525053  0.11525053  0.11525053  0.00526358  0.00000000  0.07891261  0.16993011  0.15568158  0.10247782  
15_0_0     0.23442430  0.20522129  0.19863364  0.19760384  0.29426679  0.29426679  0.29426679  0.30168342  0.15568158  0.16993011  0.15568158  0.11578572  0.11578572  0.11578572  0.08506150  0.07891261  0.00000000  0.14947560  0.14947560  0.12234214  
17_0_0     0.26061653  0.22203427  0.21532509  0.21411007  0.32433647  0.32433647  0.32433647  0.33203257  0.21966694  0.21186969  0.20419377  0.21295821  0.21295821  0.21295821  0.16275440  0.16993011  0.14947560  0.00000000  0.02689820  0.12439207  
11_0_0     0.25215015  0.23008783  0.22331431  0.22203427  0.35438404  0.35438404  0.35438404  0.34194373  0.21186969  0.20419377  0.19663546  0.19760384  0.19760384  0.19760384  0.14870874  0.15568158  0.14947560  0.02689820  0.00000000  0.14502943  
14_0_0     0.22758942  0.17629298  0.16993011  0.18362802  0.30527568  0.30527568  0.30527568  0.29426679  0.12034359  0.12681172  0.12034359  0.13387332  0.13387332  0.13387332  0.10882284  0.10247782  0.12234214  0.12439207  0.14502943  0.00000000  

