20
16_0_0     0.00000000  0.09815382  0.08553996  0.09180657  0.21858075  0.21084530  0.21084530  0.21084530  0.23008944  0.23827682  0.23827682  0.18362887  0.18271363  0.18271363  0.22203573  0.22203573  0.20867861  0.23827682  0.23008944  0.23564257  
3_0_0      0.09815382  0.00000000  0.01058394  0.00526358  0.18834120  0.18106234  0.18106234  0.16681912  0.19863471  0.19107473  0.19107473  0.16906606  0.16825894  0.16825894  0.20631236  0.19107473  0.19319869  0.21411140  0.20631236  0.21187058  
2_0_0      0.08553996  0.01058394  0.00000000  0.00526358  0.19572908  0.18834120  0.18834120  0.17388933  0.19863471  0.19107473  0.19107473  0.15492087  0.15421577  0.15421577  0.20631236  0.19107473  0.19319869  0.20631236  0.19863471  0.22759061  
1_0_0      0.09180657  0.00526358  0.00526358  0.00000000  0.18834120  0.18106234  0.18106234  0.16681912  0.20631236  0.19863471  0.19863471  0.16194276  0.16118738  0.16118738  0.19863471  0.18362887  0.20087793  0.20631236  0.19863471  0.21966798  
4_0_0      0.21858075  0.18834120  0.19572908  0.18834120  0.00000000  0.00526358  0.01058394  0.04952541  0.22203573  0.21411140  0.22203573  0.21411140  0.24518142  0.24518142  0.26061841  0.24382814  0.26368733  0.22759061  0.22759061  0.25783074  
12_0_0     0.21084530  0.18106234  0.18834120  0.18106234  0.00526358  0.00000000  0.00526358  0.04377057  0.23008944  0.22203573  0.23008944  0.20631236  0.23692644  0.23692644  0.26923284  0.25215184  0.25507089  0.23564257  0.23564257  0.24950891  
10_0_0     0.21084530  0.18106234  0.18834120  0.18106234  0.01058394  0.00526358  0.00000000  0.04952541  0.23008944  0.22203573  0.23008944  0.20631236  0.23692644  0.23692644  0.26923284  0.25215184  0.25507089  0.23564257  0.23564257  0.24950891  
5_0_0      0.21084530  0.16681912  0.17388933  0.16681912  0.04952541  0.04377057  0.04952541  0.00000000  0.20631236  0.19863471  0.19107473  0.18362887  0.22880733  0.22880733  0.26061841  0.26061841  0.26368733  0.24382814  0.26061841  0.24132514  
18_0_0     0.23008944  0.19863471  0.19863471  0.20631236  0.22203573  0.23008944  0.23008944  0.20631236  0.00000000  0.01058394  0.01058394  0.05534819  0.09128824  0.09128824  0.10882299  0.10882299  0.14332388  0.15568221  0.17721263  0.14056136  
8_0_0      0.23827682  0.19107473  0.19107473  0.19863471  0.21411140  0.22203573  0.22203573  0.19863471  0.01058394  0.00000000  0.01058394  0.05534819  0.09128824  0.09128824  0.10247792  0.10247792  0.13644688  0.16275511  0.18460346  0.14734132  
6_0_0      0.23827682  0.19107473  0.19107473  0.19863471  0.22203573  0.23008944  0.23008944  0.19107473  0.01058394  0.01058394  0.00000000  0.05534819  0.09128824  0.09128824  0.10882299  0.10882299  0.14332388  0.16993091  0.19210670  0.15421577  
7_0_0      0.18362887  0.16906606  0.15492087  0.16194276  0.21411140  0.20631236  0.20631236  0.18362887  0.05534819  0.05534819  0.05534819  0.00000000  0.03230014  0.03230014  0.10882299  0.10882299  0.10343042  0.18460346  0.19210670  0.18271363  
9_0_0      0.18271363  0.16825894  0.15421577  0.16118738  0.24518142  0.23692644  0.23692644  0.22880733  0.09128824  0.09128824  0.09128824  0.03230014  0.00000000  0.00000000  0.10838188  0.12123681  0.11578605  0.17629372  0.18362887  0.18919172  
13_0_0     0.18271363  0.16825894  0.15421577  0.16118738  0.24518142  0.23692644  0.23692644  0.22880733  0.09128824  0.09128824  0.09128824  0.03230014  0.00000000  0.00000000  0.10838188  0.12123681  0.11578605  0.17629372  0.18362887  0.18919172  
19_0_0     0.22203573  0.20631236  0.20631236  0.19863471  0.26061841  0.26923284  0.26923284  0.26061841  0.10882299  0.10247792  0.10882299  0.10882299  0.10838188  0.10838188  0.00000000  0.01058394  0.13644688  0.16275511  0.18460346  0.19010299  
20_0_0     0.22203573  0.19107473  0.19107473  0.18362887  0.24382814  0.25215184  0.25215184  0.26061841  0.10882299  0.10247792  0.10882299  0.10882299  0.12123681  0.12123681  0.01058394  0.00000000  0.12297397  0.16275511  0.16993091  0.19010299  
15_0_0     0.20867861  0.19319869  0.19319869  0.20087793  0.26368733  0.25507089  0.25507089  0.26368733  0.14332388  0.13644688  0.14332388  0.10343042  0.11578605  0.11578605  0.13644688  0.12297397  0.00000000  0.17183271  0.16454956  0.20746452  
17_0_0     0.23827682  0.21411140  0.20631236  0.20631236  0.22759061  0.23564257  0.23564257  0.24382814  0.15568221  0.16275511  0.16993091  0.18460346  0.17629372  0.17629372  0.16275511  0.16275511  0.17183271  0.00000000  0.01596231  0.10247792  
11_0_0     0.23008944  0.20631236  0.19863471  0.19863471  0.22759061  0.23564257  0.23564257  0.26061841  0.17721263  0.18460346  0.19210670  0.19210670  0.18362887  0.18362887  0.18460346  0.16993091  0.16454956  0.01596231  0.00000000  0.12176335  
14_0_0     0.23564257  0.21187058  0.22759061  0.21966798  0.25783074  0.24950891  0.24950891  0.24132514  0.14056136  0.14734132  0.15421577  0.18271363  0.18919172  0.18919172  0.19010299  0.19010299  0.20746452  0.10247792  0.12176335  0.00000000  

