20
16_0_0     0.00000000  0.16693213  0.15266426  0.16693213  0.14563228  0.15266426  0.48628546  0.50881680  0.53205657  0.52034536  0.52034536  0.52034536  0.50881680  0.52034536  0.36385886  0.34528978  0.35451601  0.37332130  0.37332130  0.38290644  
20_0_0     0.16693213  0.00000000  0.12492904  0.13866657  0.11815484  0.12492904  0.38290644  0.37332130  0.40245786  0.39261751  0.39261751  0.39261751  0.38290644  0.39261751  0.32717577  0.30949505  0.32717577  0.31828255  0.31828255  0.32717577  
18_0_0     0.15266426  0.12492904  0.00000000  0.02930908  0.00576958  0.01158456  0.39261751  0.38290644  0.41243097  0.40245786  0.42254049  0.40245786  0.41243097  0.38290644  0.32717577  0.30949505  0.30949505  0.33617729  0.33617729  0.36385886  
19_0_0     0.16693213  0.13866657  0.02930908  0.00000000  0.02335356  0.02930908  0.41243097  0.40245786  0.41243097  0.42254049  0.44318400  0.42254049  0.43279018  0.37332130  0.31828255  0.31828255  0.31828255  0.34528978  0.34528978  0.36385886  
17_0_0     0.14563228  0.11815484  0.00576958  0.02335356  0.00000000  0.00576958  0.38290644  0.37332130  0.40245786  0.39261751  0.41243097  0.39261751  0.40245786  0.37332130  0.31828255  0.30081078  0.30081078  0.32717577  0.32717577  0.35451601  
15_0_0     0.15266426  0.12492904  0.01158456  0.02930908  0.00576958  0.00000000  0.37332130  0.36385886  0.39261751  0.38290644  0.40245786  0.38290644  0.39261751  0.38290644  0.32717577  0.30949505  0.30949505  0.33617729  0.33617729  0.36385886  
8_0_0      0.48628546  0.38290644  0.39261751  0.41243097  0.38290644  0.37332130  0.00000000  0.06608646  0.07239794  0.07239794  0.08518489  0.07239794  0.05982842  0.11815484  0.30949505  0.30081078  0.31828255  0.28374247  0.28374247  0.29222736  
12_0_0     0.50881680  0.37332130  0.38290644  0.40245786  0.37332130  0.36385886  0.06608646  0.00000000  0.05362291  0.04136603  0.05362291  0.04136603  0.04136603  0.12492904  0.30949505  0.30081078  0.30081078  0.30081078  0.30081078  0.29222736  
4_0_0      0.53205657  0.40245786  0.41243097  0.41243097  0.40245786  0.39261751  0.07239794  0.05362291  0.00000000  0.04746907  0.04746907  0.04746907  0.03531298  0.13176589  0.30949505  0.31828255  0.33617729  0.31828255  0.31828255  0.32717577  
10_0_0     0.52034536  0.39261751  0.40245786  0.42254049  0.39261751  0.38290644  0.07239794  0.04136603  0.04746907  0.00000000  0.01158456  0.00000000  0.01158456  0.11815484  0.31828255  0.30949505  0.32717577  0.30949505  0.30949505  0.31828255  
5_0_0      0.52034536  0.39261751  0.42254049  0.44318400  0.41243097  0.40245786  0.08518489  0.05362291  0.04746907  0.01158456  0.00000000  0.01158456  0.02335356  0.13176589  0.31828255  0.30949505  0.32717577  0.30949505  0.30949505  0.31828255  
7_0_0      0.52034536  0.39261751  0.40245786  0.42254049  0.39261751  0.38290644  0.07239794  0.04136603  0.04746907  0.00000000  0.01158456  0.00000000  0.01158456  0.11815484  0.31828255  0.30949505  0.32717577  0.30949505  0.30949505  0.31828255  
1_0_0      0.50881680  0.38290644  0.41243097  0.43279018  0.40245786  0.39261751  0.05982842  0.04136603  0.03531298  0.01158456  0.02335356  0.01158456  0.00000000  0.11815484  0.30949505  0.30081078  0.31828255  0.30081078  0.30081078  0.30949505  
9_0_0      0.52034536  0.39261751  0.38290644  0.37332130  0.37332130  0.38290644  0.11815484  0.12492904  0.13176589  0.11815484  0.13176589  0.11815484  0.11815484  0.00000000  0.30949505  0.30081078  0.31828255  0.31828255  0.31828255  0.33617729  
6_0_0      0.36385886  0.32717577  0.32717577  0.31828255  0.31828255  0.32717577  0.30949505  0.30949505  0.30949505  0.31828255  0.31828255  0.31828255  0.30949505  0.30949505  0.00000000  0.01158456  0.03531298  0.04136603  0.04136603  0.05982842  
3_0_0      0.34528978  0.30949505  0.30949505  0.31828255  0.30081078  0.30949505  0.30081078  0.30081078  0.31828255  0.30949505  0.30949505  0.30949505  0.30081078  0.30081078  0.01158456  0.00000000  0.02335356  0.03531298  0.03531298  0.05362291  
13_0_0     0.35451601  0.32717577  0.30949505  0.31828255  0.30081078  0.30949505  0.31828255  0.30081078  0.33617729  0.32717577  0.32717577  0.32717577  0.31828255  0.31828255  0.03531298  0.02335356  0.00000000  0.05982842  0.05982842  0.06608646  
14_0_0     0.37332130  0.31828255  0.33617729  0.34528978  0.32717577  0.33617729  0.28374247  0.30081078  0.31828255  0.30949505  0.30949505  0.30949505  0.30081078  0.31828255  0.04136603  0.03531298  0.05982842  0.00000000  0.00000000  0.01744564  
2_0_0      0.37332130  0.31828255  0.33617729  0.34528978  0.32717577  0.33617729  0.28374247  0.30081078  0.31828255  0.30949505  0.30949505  0.30949505  0.30081078  0.31828255  0.04136603  0.03531298  0.05982842  0.00000000  0.00000000  0.01744564  
11_0_0     0.38290644  0.32717577  0.36385886  0.36385886  0.35451601  0.36385886  0.29222736  0.29222736  0.32717577  0.31828255  0.31828255  0.31828255  0.30949505  0.33617729  0.05982842  0.05362291  0.06608646  0.01744564  0.01744564  0.00000000  

