20
15_0_0     0.00000000  0.17618747  0.21600579  0.28333086  0.41662718  0.40896992  0.37184503  0.37184503  0.39389245  0.42436567  0.43218716  0.43218716  0.41662718  0.43218716  0.41662718  0.42436567  0.40896992  0.48096387  0.50663266  0.48942015  
6_0_0      0.17618747  0.00000000  0.12799287  0.24584010  0.37912037  0.37184503  0.34344838  0.35750851  0.36464155  0.37912037  0.37912037  0.39389245  0.37184503  0.41662718  0.41662718  0.42436567  0.37184503  0.37912037  0.40139223  0.38646901  
14_0_0     0.21600579  0.12799287  0.00000000  0.27694704  0.40139223  0.39389245  0.36464155  0.36464155  0.38646901  0.39389245  0.42436567  0.42436567  0.40896992  0.42436567  0.42436567  0.41662718  0.37184503  0.41662718  0.44009343  0.42436567  
16_0_0     0.28333086  0.24584010  0.27694704  0.00000000  0.44808635  0.45616783  0.41662718  0.41662718  0.44009343  0.44009343  0.47260451  0.46433987  0.44808635  0.44808635  0.43218716  0.44009343  0.46433987  0.45616783  0.44808635  0.46433987  
11_0_0     0.41662718  0.37912037  0.40139223  0.44808635  0.00000000  0.00874790  0.13843093  0.14370653  0.13843093  0.15437359  0.40896992  0.44808635  0.45616783  0.40139223  0.41662718  0.42436567  0.48096387  0.44009343  0.44009343  0.44808635  
17_0_0     0.40896992  0.37184503  0.39389245  0.45616783  0.00874790  0.00000000  0.14902056  0.15437359  0.14902056  0.16519898  0.41662718  0.45616783  0.46433987  0.40896992  0.42436567  0.43218716  0.47260451  0.43218716  0.43218716  0.44009343  
12_0_0     0.37184503  0.34344838  0.36464155  0.41662718  0.13843093  0.14902056  0.00000000  0.00874790  0.01316152  0.03563935  0.39389245  0.43218716  0.41662718  0.39389245  0.39389245  0.40139223  0.37912037  0.39389245  0.39389245  0.40139223  
4_0_0      0.37184503  0.35750851  0.36464155  0.41662718  0.14370653  0.15437359  0.00874790  0.00000000  0.01316152  0.03563935  0.40896992  0.44808635  0.43218716  0.40139223  0.40139223  0.40896992  0.39389245  0.40896992  0.40896992  0.41662718  
10_0_0     0.39389245  0.36464155  0.38646901  0.44009343  0.13843093  0.14902056  0.01316152  0.01316152  0.00000000  0.03108802  0.38646901  0.42436567  0.42436567  0.40139223  0.40139223  0.40896992  0.38646901  0.38646901  0.38646901  0.39389245  
5_0_0      0.42436567  0.37912037  0.39389245  0.44009343  0.15437359  0.16519898  0.03563935  0.03563935  0.03108802  0.00000000  0.41662718  0.45616783  0.45616783  0.40896992  0.40896992  0.41662718  0.41662718  0.39389245  0.39389245  0.40139223  
18_0_0     0.43218716  0.37912037  0.42436567  0.47260451  0.40896992  0.41662718  0.39389245  0.40896992  0.38646901  0.41662718  0.00000000  0.02656492  0.15437359  0.19867395  0.18734406  0.19298700  0.37912037  0.44808635  0.43218716  0.44009343  
8_0_0      0.43218716  0.39389245  0.42436567  0.46433987  0.44808635  0.45616783  0.43218716  0.44808635  0.42436567  0.45616783  0.02656492  0.00000000  0.17618747  0.23375954  0.22187582  0.22779348  0.39389245  0.45616783  0.44009343  0.44808635  
19_0_0     0.41662718  0.37184503  0.40896992  0.44808635  0.45616783  0.46433987  0.41662718  0.43218716  0.42436567  0.45616783  0.15437359  0.17618747  0.00000000  0.18734406  0.19867395  0.20440559  0.39389245  0.44009343  0.42436567  0.43218716  
7_0_0      0.43218716  0.41662718  0.42436567  0.44808635  0.40139223  0.40896992  0.39389245  0.40139223  0.40139223  0.40896992  0.19867395  0.23375954  0.18734406  0.00000000  0.02656492  0.02206970  0.38646901  0.46433987  0.44808635  0.45616783  
9_0_0      0.41662718  0.41662718  0.42436567  0.43218716  0.41662718  0.42436567  0.39389245  0.40139223  0.40139223  0.40896992  0.18734406  0.22187582  0.19867395  0.02656492  0.00000000  0.00436084  0.38646901  0.44808635  0.43218716  0.44009343  
13_0_0     0.42436567  0.42436567  0.41662718  0.44009343  0.42436567  0.43218716  0.40139223  0.40896992  0.40896992  0.41662718  0.19298700  0.22779348  0.20440559  0.02206970  0.00436084  0.00000000  0.39389245  0.45616783  0.44009343  0.44808635  
20_0_0     0.40896992  0.37184503  0.37184503  0.46433987  0.48096387  0.47260451  0.37912037  0.39389245  0.38646901  0.41662718  0.37912037  0.39389245  0.39389245  0.38646901  0.38646901  0.39389245  0.00000000  0.30282460  0.28333086  0.29626862  
3_0_0      0.48096387  0.37912037  0.41662718  0.45616783  0.44009343  0.43218716  0.39389245  0.40896992  0.38646901  0.39389245  0.44808635  0.45616783  0.44009343  0.46433987  0.44808635  0.45616783  0.30282460  0.00000000  0.01316152  0.00436084  
2_0_0      0.50663266  0.40139223  0.44009343  0.44808635  0.44009343  0.43218716  0.39389245  0.40896992  0.38646901  0.39389245  0.43218716  0.44009343  0.42436567  0.44808635  0.43218716  0.44009343  0.28333086  0.01316152  0.00000000  0.00874790  
1_0_0      0.48942015  0.38646901  0.42436567  0.46433987  0.44808635  0.44009343  0.40139223  0.41662718  0.39389245  0.40139223  0.44009343  0.44808635  0.43218716  0.45616783  0.44009343  0.44808635  0.29626862  0.00436084  0.00874790  0.00000000  

