20
15_0_0     0.00000000  0.14393627  0.15464009  0.20488451  0.33790628  0.31732774  0.27148634  0.26516996  0.27148634  0.29732225  0.36629458  0.36629458  0.41109785  0.38092075  0.37357045  0.37357045  0.36629458  0.38834703  0.36629458  0.37357045  
6_0_0      0.14393627  0.00000000  0.11785426  0.20488451  0.31059716  0.33098107  0.31732774  0.31059716  0.31732774  0.31059716  0.32412197  0.32412197  0.44259823  0.36629458  0.35909165  0.35909165  0.34489889  0.34489889  0.33790628  0.33098107  
14_0_0     0.15464009  0.11785426  0.00000000  0.20488451  0.31732774  0.32412197  0.29077565  0.28428817  0.29077565  0.31732774  0.32412197  0.32412197  0.43459272  0.37357045  0.36629458  0.36629458  0.36629458  0.30392904  0.29732225  0.30392904  
16_0_0     0.20488451  0.20488451  0.20488451  0.00000000  0.35909165  0.35196023  0.32412197  0.31732774  0.32412197  0.33098107  0.34489889  0.34489889  0.45069396  0.39585087  0.38834703  0.38834703  0.33790628  0.37357045  0.35196023  0.35909165  
11_0_0     0.33790628  0.31059716  0.31732774  0.35909165  0.00000000  0.04023637  0.17100090  0.17653836  0.17100090  0.16005240  0.31732774  0.31732774  0.35196023  0.29732225  0.29732225  0.29732225  0.35196023  0.33790628  0.33098107  0.32412197  
17_0_0     0.31732774  0.33098107  0.32412197  0.35196023  0.04023637  0.00000000  0.13338957  0.13864357  0.13338957  0.12299546  0.32412197  0.32412197  0.37357045  0.31732774  0.31732774  0.31732774  0.33790628  0.34489889  0.32412197  0.33098107  
12_0_0     0.27148634  0.31732774  0.29077565  0.32412197  0.17100090  0.13338957  0.00000000  0.00436103  0.00000000  0.01760525  0.32412197  0.32412197  0.37357045  0.30392904  0.30392904  0.30392904  0.34489889  0.34489889  0.32412197  0.33098107  
4_0_0      0.26516996  0.31059716  0.28428817  0.31732774  0.17653836  0.13864357  0.00436103  0.00000000  0.00436103  0.02207481  0.31732774  0.31732774  0.38092075  0.30392904  0.30392904  0.30392904  0.35196023  0.33790628  0.31732774  0.32412197  
10_0_0     0.27148634  0.31732774  0.29077565  0.32412197  0.17100090  0.13338957  0.00000000  0.00436103  0.00000000  0.01760525  0.32412197  0.32412197  0.37357045  0.30392904  0.30392904  0.30392904  0.34489889  0.34489889  0.32412197  0.33098107  
5_0_0      0.29732225  0.31059716  0.31732774  0.33098107  0.16005240  0.12299546  0.01760525  0.02207481  0.01760525  0.00000000  0.31732774  0.31732774  0.36629458  0.29732225  0.29732225  0.29732225  0.34489889  0.34489889  0.32412197  0.33098107  
18_0_0     0.36629458  0.32412197  0.32412197  0.34489889  0.31732774  0.32412197  0.32412197  0.31732774  0.32412197  0.31732774  0.00000000  0.00000000  0.16550580  0.11785426  0.10768092  0.10768092  0.33098107  0.38092075  0.38834703  0.38092075  
8_0_0      0.36629458  0.32412197  0.32412197  0.34489889  0.31732774  0.32412197  0.32412197  0.31732774  0.32412197  0.31732774  0.00000000  0.00000000  0.16550580  0.11785426  0.10768092  0.10768092  0.33098107  0.38092075  0.38834703  0.38092075  
19_0_0     0.41109785  0.44259823  0.43459272  0.45069396  0.35196023  0.37357045  0.37357045  0.38092075  0.37357045  0.36629458  0.16550580  0.16550580  0.00000000  0.14926825  0.13864357  0.13864357  0.44259823  0.48402114  0.47554330  0.46716432  
7_0_0      0.38092075  0.36629458  0.37357045  0.39585087  0.29732225  0.31732774  0.30392904  0.30392904  0.30392904  0.29732225  0.11785426  0.11785426  0.14926825  0.00000000  0.00874870  0.00874870  0.34489889  0.40343392  0.39585087  0.38834703  
9_0_0      0.37357045  0.35909165  0.36629458  0.38834703  0.29732225  0.31732774  0.30392904  0.30392904  0.30392904  0.29732225  0.10768092  0.10768092  0.13864357  0.00874870  0.00000000  0.00000000  0.33098107  0.38834703  0.38092075  0.37357045  
13_0_0     0.37357045  0.35909165  0.36629458  0.38834703  0.29732225  0.31732774  0.30392904  0.30392904  0.30392904  0.29732225  0.10768092  0.10768092  0.13864357  0.00874870  0.00000000  0.00000000  0.33098107  0.38834703  0.38092075  0.37357045  
20_0_0     0.36629458  0.34489889  0.36629458  0.33790628  0.35196023  0.33790628  0.34489889  0.35196023  0.34489889  0.34489889  0.33098107  0.33098107  0.44259823  0.34489889  0.33098107  0.33098107  0.00000000  0.35909165  0.35196023  0.34489889  
3_0_0      0.38834703  0.34489889  0.30392904  0.37357045  0.33790628  0.34489889  0.34489889  0.33790628  0.34489889  0.34489889  0.38092075  0.38092075  0.48402114  0.40343392  0.38834703  0.38834703  0.35909165  0.00000000  0.01316333  0.00874870  
2_0_0      0.36629458  0.33790628  0.29732225  0.35196023  0.33098107  0.32412197  0.32412197  0.31732774  0.32412197  0.32412197  0.38834703  0.38834703  0.47554330  0.39585087  0.38092075  0.38092075  0.35196023  0.01316333  0.00000000  0.00436103  
1_0_0      0.37357045  0.33098107  0.30392904  0.35909165  0.32412197  0.33098107  0.33098107  0.32412197  0.33098107  0.33098107  0.38092075  0.38092075  0.46716432  0.38834703  0.37357045  0.37357045  0.34489889  0.00874870  0.00436103  0.00000000  

