20
15_0_0     0.00000000  0.20294375  0.19435269  0.19435269  0.25668262  0.22932836  0.22932836  0.28508051  0.29479242  0.34534870  0.33495903  0.38842117  0.33495903  0.36657345  0.42244420  0.37741716  0.36657345  0.31460485  0.34534870  0.30463272  
20_0_0     0.20294375  0.00000000  0.00660819  0.00660819  0.14478977  0.11349108  0.08345543  0.27549367  0.28508051  0.33495903  0.32471237  0.34534870  0.33495903  0.36657345  0.36657345  0.34534870  0.35588543  0.37741716  0.36657345  0.38842117  
19_0_0     0.19435269  0.00660819  0.00000000  0.00000000  0.13684086  0.10586779  0.07613212  0.28508051  0.29479242  0.34534870  0.33495903  0.35588543  0.34534870  0.37741716  0.37741716  0.35588543  0.36657345  0.38842117  0.37741716  0.37741716  
12_0_0     0.19435269  0.00660819  0.00000000  0.00000000  0.13684086  0.10586779  0.07613212  0.28508051  0.29479242  0.34534870  0.33495903  0.35588543  0.34534870  0.37741716  0.37741716  0.35588543  0.36657345  0.38842117  0.37741716  0.37741716  
13_0_0     0.25668262  0.14478977  0.13684086  0.13684086  0.00000000  0.22042918  0.18585963  0.39959029  0.39959029  0.41092955  0.39959029  0.44602203  0.37741716  0.43413977  0.45809704  0.41092955  0.42244420  0.47037114  0.43413977  0.41092955  
14_0_0     0.22932836  0.11349108  0.10586779  0.10586779  0.22042918  0.00000000  0.02679220  0.31460485  0.32471237  0.32471237  0.33495903  0.35588543  0.35588543  0.36657345  0.37741716  0.34534870  0.35588543  0.38842117  0.39959029  0.37741716  
18_0_0     0.22932836  0.08345543  0.07613212  0.07613212  0.18585963  0.02679220  0.00000000  0.32471237  0.33495903  0.33495903  0.34534870  0.36657345  0.34534870  0.37741716  0.38842117  0.35588543  0.36657345  0.39959029  0.38842117  0.38842117  
16_0_0     0.28508051  0.27549367  0.28508051  0.28508051  0.39959029  0.31460485  0.32471237  0.00000000  0.04753877  0.42244420  0.41092955  0.44602203  0.39959029  0.39959029  0.42244420  0.38842117  0.37741716  0.36657345  0.34534870  0.39959029  
17_0_0     0.29479242  0.28508051  0.29479242  0.29479242  0.39959029  0.32471237  0.33495903  0.04753877  0.00000000  0.44602203  0.43413977  0.44602203  0.39959029  0.42244420  0.42244420  0.41092955  0.39959029  0.43413977  0.41092955  0.42244420  
11_0_0     0.34534870  0.33495903  0.34534870  0.34534870  0.41092955  0.32471237  0.33495903  0.42244420  0.44602203  0.00000000  0.00660819  0.09832178  0.15282447  0.13684086  0.16915881  0.17746239  0.18585963  0.16915881  0.19435269  0.19435269  
7_0_0      0.33495903  0.32471237  0.33495903  0.33495903  0.39959029  0.33495903  0.34534870  0.41092955  0.43413977  0.00660819  0.00000000  0.09085149  0.14478977  0.12897594  0.16094684  0.16915881  0.17746239  0.16094684  0.18585963  0.18585963  
10_0_0     0.38842117  0.34534870  0.35588543  0.35588543  0.44602203  0.35588543  0.36657345  0.44602203  0.44602203  0.09832178  0.09085149  0.00000000  0.14478977  0.14478977  0.17746239  0.18585963  0.19435269  0.19435269  0.22042918  0.20294375  
9_0_0      0.33495903  0.33495903  0.34534870  0.34534870  0.37741716  0.35588543  0.34534870  0.39959029  0.39959029  0.15282447  0.14478977  0.14478977  0.00000000  0.04753877  0.18585963  0.12897594  0.12119325  0.14478977  0.15282447  0.16915881  
1_0_0      0.36657345  0.36657345  0.37741716  0.37741716  0.43413977  0.36657345  0.37741716  0.39959029  0.42244420  0.13684086  0.12897594  0.14478977  0.04753877  0.00000000  0.18585963  0.16094684  0.15282447  0.13684086  0.16094684  0.16094684  
6_0_0      0.42244420  0.36657345  0.37741716  0.37741716  0.45809704  0.37741716  0.38842117  0.42244420  0.42244420  0.16915881  0.16094684  0.17746239  0.18585963  0.18585963  0.00000000  0.18585963  0.19435269  0.16094684  0.16915881  0.16915881  
2_0_0      0.37741716  0.34534870  0.35588543  0.35588543  0.41092955  0.34534870  0.35588543  0.38842117  0.41092955  0.17746239  0.16915881  0.18585963  0.12897594  0.16094684  0.18585963  0.00000000  0.00660819  0.16915881  0.16094684  0.19435269  
8_0_0      0.36657345  0.35588543  0.36657345  0.36657345  0.42244420  0.35588543  0.36657345  0.37741716  0.39959029  0.18585963  0.17746239  0.19435269  0.12119325  0.15282447  0.19435269  0.00660819  0.00000000  0.17746239  0.16915881  0.20294375  
5_0_0      0.31460485  0.37741716  0.38842117  0.38842117  0.47037114  0.38842117  0.39959029  0.36657345  0.43413977  0.16915881  0.16094684  0.19435269  0.14478977  0.13684086  0.16094684  0.16915881  0.17746239  0.00000000  0.04753877  0.07613212  
3_0_0      0.34534870  0.36657345  0.37741716  0.37741716  0.43413977  0.39959029  0.38842117  0.34534870  0.41092955  0.19435269  0.18585963  0.22042918  0.15282447  0.16094684  0.16915881  0.16094684  0.16915881  0.04753877  0.00000000  0.06888016  
4_0_0      0.30463272  0.38842117  0.37741716  0.37741716  0.41092955  0.37741716  0.38842117  0.39959029  0.42244420  0.19435269  0.18585963  0.20294375  0.16915881  0.16094684  0.16915881  0.19435269  0.20294375  0.07613212  0.06888016  0.00000000  

