10
3_1_0      0.00000000  0.03271174  0.07574367  0.18025528  0.16012346  0.23311700  0.24415757  0.17012098  0.16012346  0.15025906  
4_1_0      0.03271174  0.00000000  0.05822981  0.18025528  0.16012346  0.23311700  0.23311700  0.17012098  0.16012346  0.17012098  
5_1_0      0.07574367  0.05822981  0.00000000  0.17012098  0.15025906  0.22223857  0.20094954  0.14052430  0.13091581  0.16012346  
8_1_0      0.18025528  0.18025528  0.17012098  0.00000000  0.01617532  0.27830228  0.24415757  0.21151758  0.20094954  0.19053015  
2_1_0      0.16012346  0.16012346  0.15025906  0.01617532  0.00000000  0.25536518  0.22223857  0.19053015  0.18025528  0.17012098  
6_1_0      0.23311700  0.23311700  0.22223857  0.27830228  0.25536518  0.00000000  0.15025906  0.20094954  0.19053015  0.21151758  
9_1_0      0.24415757  0.23311700  0.20094954  0.24415757  0.22223857  0.15025906  0.00000000  0.21151758  0.22223857  0.22223857  
7_1_0      0.17012098  0.17012098  0.14052430  0.21151758  0.19053015  0.20094954  0.21151758  0.00000000  0.00804351  0.06693498  
11_1_0     0.16012346  0.16012346  0.13091581  0.20094954  0.18025528  0.19053015  0.22223857  0.00804351  0.00000000  0.07574367  
10_1_0     0.15025906  0.17012098  0.16012346  0.19053015  0.17012098  0.21151758  0.22223857  0.06693498  0.07574367  0.00000000  

