20
1_0_0      0.00000000  0.00000000  0.00451818  0.32872346  0.33576068  0.36459402  0.36459402  0.41005180  0.41005180  0.41005180  0.31484543  0.31484543  0.31484543  0.30800222  0.31484543  0.34286503  0.30122131  0.30122131  0.30800222  0.57559425  
3_0_0      0.00000000  0.00000000  0.00451818  0.32872346  0.33576068  0.36459402  0.36459402  0.41005180  0.41005180  0.41005180  0.31484543  0.31484543  0.31484543  0.30800222  0.31484543  0.34286503  0.30122131  0.30122131  0.30800222  0.57559425  
2_0_0      0.00451818  0.00451818  0.00000000  0.33576068  0.34286503  0.37198022  0.37198022  0.41790538  0.41790538  0.41790538  0.32175212  0.32175212  0.32175212  0.31484543  0.32175212  0.35003781  0.30800222  0.30800222  0.31484543  0.56590054  
16_0_0     0.32872346  0.32872346  0.33576068  0.00000000  0.01363763  0.03221853  0.08080627  0.30122131  0.30122131  0.29450159  0.04168578  0.04168578  0.04168578  0.07580234  0.08080627  0.12209631  0.08080627  0.08080627  0.07580234  0.50136328  
15_0_0     0.33576068  0.33576068  0.34286503  0.01363763  0.00000000  0.01823957  0.07083180  0.30800222  0.30800222  0.30122131  0.05611621  0.05611621  0.05611621  0.09091615  0.09602302  0.12742233  0.09602302  0.09602302  0.09091615  0.51923894  
14_0_0     0.36459402  0.36459402  0.37198022  0.03221853  0.01823957  0.00000000  0.06589423  0.33576068  0.33576068  0.32872346  0.07580234  0.07580234  0.07580234  0.11155720  0.11680811  0.14911569  0.11680811  0.11680811  0.11155720  0.55633139  
6_0_0      0.36459402  0.36459402  0.37198022  0.08080627  0.07083180  0.06589423  0.00000000  0.33576068  0.33576068  0.32872346  0.11680811  0.11680811  0.11680811  0.13819002  0.14363282  0.18288868  0.14363282  0.14363282  0.13819002  0.53755425  
13_0_0     0.41005180  0.41005180  0.41790538  0.30122131  0.30800222  0.33576068  0.33576068  0.00000000  0.00000000  0.00451818  0.28124136  0.28124136  0.28124136  0.31484543  0.30800222  0.35003781  0.32175212  0.32175212  0.31484543  0.63656596  
9_0_0      0.41005180  0.41005180  0.41790538  0.30122131  0.30800222  0.33576068  0.33576068  0.00000000  0.00000000  0.00451818  0.28124136  0.28124136  0.28124136  0.31484543  0.30800222  0.35003781  0.32175212  0.32175212  0.31484543  0.63656596  
7_0_0      0.41005180  0.41005180  0.41790538  0.29450159  0.30122131  0.32872346  0.32872346  0.00451818  0.00451818  0.00000000  0.27469875  0.27469875  0.27469875  0.31484543  0.30800222  0.35003781  0.32175212  0.32175212  0.31484543  0.62605101  
19_0_0     0.31484543  0.31484543  0.32175212  0.04168578  0.05611621  0.07580234  0.11680811  0.28124136  0.28124136  0.27469875  0.00000000  0.00000000  0.00000000  0.08080627  0.08584405  0.11680811  0.08584405  0.08584405  0.08080627  0.46684990  
18_0_0     0.31484543  0.31484543  0.32175212  0.04168578  0.05611621  0.07580234  0.11680811  0.28124136  0.28124136  0.27469875  0.00000000  0.00000000  0.00000000  0.08080627  0.08584405  0.11680811  0.08584405  0.08584405  0.08080627  0.46684990  
8_0_0      0.31484543  0.31484543  0.32175212  0.04168578  0.05611621  0.07580234  0.11680811  0.28124136  0.28124136  0.27469875  0.00000000  0.00000000  0.00000000  0.08080627  0.08584405  0.11680811  0.08584405  0.08584405  0.08080627  0.46684990  
17_0_0     0.30800222  0.30800222  0.31484543  0.07580234  0.09091615  0.11155720  0.13819002  0.31484543  0.31484543  0.31484543  0.08080627  0.08080627  0.08080627  0.00000000  0.00451818  0.07083180  0.00451818  0.00451818  0.00000000  0.55633139  
11_0_0     0.31484543  0.31484543  0.32175212  0.08080627  0.09602302  0.11680811  0.14363282  0.30800222  0.30800222  0.30800222  0.08584405  0.08584405  0.08584405  0.00451818  0.00000000  0.07580234  0.00906395  0.00906395  0.00451818  0.55633139  
5_0_0      0.34286503  0.34286503  0.35003781  0.12209631  0.12742233  0.14911569  0.18288868  0.35003781  0.35003781  0.35003781  0.11680811  0.11680811  0.11680811  0.07083180  0.07580234  0.00000000  0.07580234  0.07580234  0.07083180  0.54688364  
12_0_0     0.30122131  0.30122131  0.30800222  0.08080627  0.09602302  0.11680811  0.14363282  0.32175212  0.32175212  0.32175212  0.08584405  0.08584405  0.08584405  0.00451818  0.00906395  0.07580234  0.00000000  0.00000000  0.00451818  0.56590054  
4_0_0      0.30122131  0.30122131  0.30800222  0.08080627  0.09602302  0.11680811  0.14363282  0.32175212  0.32175212  0.32175212  0.08584405  0.08584405  0.08584405  0.00451818  0.00906395  0.07580234  0.00000000  0.00000000  0.00451818  0.56590054  
10_0_0     0.30800222  0.30800222  0.31484543  0.07580234  0.09091615  0.11155720  0.13819002  0.31484543  0.31484543  0.31484543  0.08080627  0.08080627  0.08080627  0.00000000  0.00451818  0.07083180  0.00451818  0.00451818  0.00000000  0.55633139  
20_0_0     0.57559425  0.57559425  0.56590054  0.50136328  0.51923894  0.55633139  0.53755425  0.63656596  0.63656596  0.62605101  0.46684990  0.46684990  0.46684990  0.55633139  0.55633139  0.54688364  0.56590054  0.56590054  0.55633139  0.00000000  

