20
17_0_0     0.00000000  0.00000000  0.05637805  0.06292517  0.18449044  0.14654623  0.15397600  0.20024929  0.65110374  0.54051280  0.56660165  0.58001119  0.58001119  0.62181489  0.59367652  0.62181489  0.62181489  0.54051280  0.55343848  0.51534069  
15_0_0     0.00000000  0.00000000  0.05637805  0.06292517  0.18449044  0.14654623  0.15397600  0.20024929  0.65110374  0.54051280  0.56660165  0.58001119  0.58001119  0.62181489  0.59367652  0.62181489  0.62181489  0.54051280  0.55343848  0.51534069  
14_0_0     0.05637805  0.05637805  0.00000000  0.03077197  0.13919271  0.12470831  0.13191391  0.18449044  0.69741229  0.50307870  0.52781620  0.54051280  0.59367652  0.63630966  0.63630966  0.63630966  0.60760757  0.55343848  0.56660165  0.50307870  
18_0_0     0.06292517  0.06292517  0.03077197  0.00000000  0.16148364  0.13191391  0.13919271  0.19232654  0.66620977  0.51534069  0.51534069  0.52781620  0.58001119  0.59367652  0.59367652  0.59367652  0.56660165  0.54051280  0.58001119  0.47916692  
20_0_0     0.18449044  0.18449044  0.13919271  0.16148364  0.00000000  0.08972887  0.09658946  0.13191391  0.76421616  0.56660165  0.58001119  0.59367652  0.62181489  0.69741229  0.69741229  0.63630966  0.63630966  0.55343848  0.54051280  0.55343848  
13_0_0     0.14654623  0.14654623  0.12470831  0.13191391  0.08972887  0.00000000  0.00604957  0.14654623  0.73003588  0.56660165  0.56660165  0.55343848  0.58001119  0.62181489  0.62181489  0.65110374  0.65110374  0.54051280  0.50307870  0.49102306  
19_0_0     0.15397600  0.15397600  0.13191391  0.13919271  0.09658946  0.00604957  0.00000000  0.15397600  0.73003588  0.56660165  0.56660165  0.55343848  0.58001119  0.62181489  0.62181489  0.65110374  0.65110374  0.54051280  0.50307870  0.49102306  
16_0_0     0.20024929  0.20024929  0.18449044  0.19232654  0.13191391  0.14654623  0.15397600  0.00000000  0.66620977  0.54051280  0.54051280  0.55343848  0.62181489  0.60760757  0.60760757  0.59367652  0.56660165  0.56660165  0.49102306  0.50307870  
7_0_0      0.65110374  0.65110374  0.69741229  0.66620977  0.76421616  0.73003588  0.73003588  0.66620977  0.00000000  0.32148637  0.30285935  0.31211232  0.30285935  0.23284662  0.24123309  0.28470437  0.31211232  0.29372435  0.29372435  0.24123309  
9_0_0      0.54051280  0.54051280  0.50307870  0.51534069  0.56660165  0.56660165  0.56660165  0.54051280  0.32148637  0.00000000  0.11051094  0.08972887  0.34061064  0.26699809  0.24123309  0.23284662  0.25830640  0.28470437  0.24123309  0.24123309  
3_0_0      0.56660165  0.56660165  0.52781620  0.51534069  0.58001119  0.56660165  0.56660165  0.54051280  0.30285935  0.11051094  0.00000000  0.04346062  0.31211232  0.22455719  0.20024929  0.20826063  0.21636258  0.22455719  0.21636258  0.20024929  
6_0_0      0.58001119  0.58001119  0.54051280  0.52781620  0.59367652  0.55343848  0.55343848  0.55343848  0.31211232  0.08972887  0.04346062  0.00000000  0.28470437  0.23284662  0.20826063  0.21636258  0.20826063  0.23284662  0.20826063  0.19232654  
5_0_0      0.58001119  0.58001119  0.59367652  0.58001119  0.62181489  0.58001119  0.58001119  0.62181489  0.30285935  0.34061064  0.31211232  0.28470437  0.00000000  0.19232654  0.16907078  0.19232654  0.20024929  0.16907078  0.14654623  0.18449044  
12_0_0     0.62181489  0.62181489  0.63630966  0.59367652  0.69741229  0.62181489  0.62181489  0.60760757  0.23284662  0.26699809  0.22455719  0.23284662  0.19232654  0.00000000  0.01830413  0.08972887  0.09658946  0.16148364  0.13919271  0.20024929  
2_0_0      0.59367652  0.59367652  0.63630966  0.59367652  0.69741229  0.62181489  0.62181489  0.60760757  0.24123309  0.24123309  0.20024929  0.20826063  0.16907078  0.01830413  0.00000000  0.08293335  0.08972887  0.15397600  0.11757446  0.17673912  
4_0_0      0.62181489  0.62181489  0.63630966  0.59367652  0.63630966  0.65110374  0.65110374  0.59367652  0.28470437  0.23284662  0.20826063  0.21636258  0.19232654  0.08972887  0.08293335  0.00000000  0.03077197  0.14654623  0.13919271  0.21636258  
11_0_0     0.62181489  0.62181489  0.60760757  0.56660165  0.63630966  0.65110374  0.65110374  0.56660165  0.31211232  0.25830640  0.21636258  0.20826063  0.20024929  0.09658946  0.08972887  0.03077197  0.00000000  0.14654623  0.13919271  0.20826063  
8_0_0      0.54051280  0.54051280  0.55343848  0.54051280  0.55343848  0.54051280  0.54051280  0.56660165  0.29372435  0.28470437  0.22455719  0.23284662  0.16907078  0.16148364  0.15397600  0.14654623  0.14654623  0.00000000  0.04346062  0.18449044  
1_0_0      0.55343848  0.55343848  0.56660165  0.58001119  0.54051280  0.50307870  0.50307870  0.49102306  0.29372435  0.24123309  0.21636258  0.20826063  0.14654623  0.13919271  0.11757446  0.13919271  0.13919271  0.04346062  0.00000000  0.14654623  
10_0_0     0.51534069  0.51534069  0.50307870  0.47916692  0.55343848  0.49102306  0.49102306  0.50307870  0.24123309  0.24123309  0.20024929  0.19232654  0.18449044  0.20024929  0.17673912  0.21636258  0.20826063  0.18449044  0.14654623  0.00000000  

