117
2_0_0      0.00000000  0.20225374  0.20912151  0.62295707  0.59926572  0.58769719  0.64742806  0.71237872  0.67273176  0.65997229  0.61101705  0.62295707  0.63509191  0.61101705  0.55403369  0.56508640  0.67273176  0.65997229  0.69892684  0.68571397  0.64742806  0.64742806  0.59926572  0.62295707  0.58769719  0.56508640  0.63509191  0.68571397  0.71237872  0.65997229  0.69892684  0.68571397  0.72607841  0.71237872  0.74003521  0.71237872  0.72607841  0.68571397  0.69892684  0.71237872  0.69892684  0.72607841  0.69892684  0.68571397  0.69892684  0.69892684  0.69892684  0.68571397  0.67273176  0.67273176  0.65997229  0.68571397  0.64742806  0.67273176  0.67273176  0.64742806  0.71237872  0.71237872  0.68571397  0.72607841  0.67273176  0.72607841  0.76876008  0.72607841  0.76876008  0.72607841  0.72607841  0.72607841  0.61101705  0.64742806  0.63509191  0.72607841  0.72607841  0.71237872  0.62295707  0.68571397  0.62295707  0.67273176  0.67273176  0.65997229  0.58769719  0.62295707  0.61101705  0.61101705  0.62295707  0.54314284  0.56508640  0.57630587  0.55403369  0.59926572  0.59926572  0.58769719  0.63509191  0.61101705  0.58769719  0.63509191  0.63509191  0.65997229  0.67273176  0.67273176  0.69892684  0.71237872  0.72607841  0.69892684  0.79863919  0.74003521  0.62295707  0.59926572  0.58769719  0.64742806  0.56508640  0.64742806  0.64742806  0.59926572  0.61101705  0.62295707  0.62295707  
1_0_0      0.20225374  0.00000000  0.06528341  0.57630587  0.49095979  0.50110757  0.52182824  0.67273176  0.59926572  0.58769719  0.53240918  0.58769719  0.55403369  0.56508640  0.53240918  0.54314284  0.59926572  0.58769719  0.55403369  0.56508640  0.56508640  0.61101705  0.59926572  0.57630587  0.56508640  0.56508640  0.55403369  0.59926572  0.62295707  0.61101705  0.62295707  0.64742806  0.65997229  0.64742806  0.62295707  0.64742806  0.65997229  0.67273176  0.71237872  0.69892684  0.71237872  0.74003521  0.76876008  0.68571397  0.69892684  0.69892684  0.69892684  0.71237872  0.69892684  0.68571397  0.64742806  0.69892684  0.64742806  0.65997229  0.72607841  0.67273176  0.75425896  0.74003521  0.74003521  0.64742806  0.65997229  0.78354959  0.71237872  0.65997229  0.65997229  0.67273176  0.67273176  0.65997229  0.57630587  0.56508640  0.65997229  0.72607841  0.72607841  0.71237872  0.68571397  0.65997229  0.58769719  0.63509191  0.63509191  0.55403369  0.59926572  0.62295707  0.61101705  0.56508640  0.58769719  0.54314284  0.57630587  0.59926572  0.56508640  0.59926572  0.57630587  0.56508640  0.58769719  0.55403369  0.55403369  0.65997229  0.65997229  0.67273176  0.68571397  0.75425896  0.72607841  0.75425896  0.76876008  0.79863919  0.72607841  0.74003521  0.54314284  0.53240918  0.56508640  0.55403369  0.56508640  0.52182824  0.54314284  0.56508640  0.55403369  0.56508640  0.52182824  
3_0_0      0.20912151  0.06528341  0.00000000  0.55403369  0.52182824  0.53240918  0.50110757  0.65997229  0.61101705  0.59926572  0.56508640  0.54314284  0.58769719  0.57630587  0.54314284  0.53240918  0.61101705  0.63509191  0.52182824  0.57630587  0.56508640  0.62295707  0.56508640  0.54314284  0.53240918  0.51139574  0.53240918  0.59926572  0.57630587  0.61101705  0.55403369  0.63509191  0.64742806  0.63509191  0.61101705  0.67273176  0.68571397  0.67273176  0.71237872  0.69892684  0.71237872  0.72607841  0.75425896  0.67273176  0.65997229  0.65997229  0.65997229  0.68571397  0.64742806  0.65997229  0.67273176  0.67273176  0.68571397  0.65997229  0.68571397  0.67273176  0.67273176  0.68571397  0.65997229  0.67273176  0.61101705  0.72607841  0.68571397  0.63509191  0.65997229  0.72607841  0.72607841  0.71237872  0.57630587  0.61101705  0.63509191  0.64742806  0.64742806  0.63509191  0.63509191  0.58769719  0.57630587  0.57630587  0.57630587  0.64742806  0.58769719  0.61101705  0.57630587  0.59926572  0.59926572  0.51139574  0.56508640  0.63509191  0.56508640  0.62295707  0.59926572  0.54314284  0.56508640  0.55403369  0.53240918  0.65997229  0.65997229  0.67273176  0.63509191  0.81404133  0.74003521  0.81404133  0.82976921  0.82976921  0.72607841  0.72607841  0.56508640  0.55403369  0.54314284  0.54314284  0.57630587  0.59926572  0.54314284  0.58769719  0.57630587  0.58769719  0.54314284  
26_0_0     0.62295707  0.57630587  0.55403369  0.00000000  0.15587725  0.18202297  0.23724494  0.25171581  0.24444518  0.25171581  0.21605329  0.23011375  0.19544882  0.23011375  0.23011375  0.24444518  0.23724494  0.23724494  0.32862163  0.29689873  0.28917503  0.42355671  0.33676839  0.32862163  0.32056314  0.32056314  0.31259104  0.47107042  0.49095979  0.47107042  0.54314284  0.51139574  0.50110757  0.50110757  0.49095979  0.42355671  0.43281969  0.42355671  0.38761714  0.40536984  0.40536984  0.39644052  0.37027837  0.38761714  0.41440768  0.40536984  0.40536984  0.34500539  0.35333465  0.42355671  0.43281969  0.42355671  0.40536984  0.48094861  0.50110757  0.53240918  0.54314284  0.54314284  0.54314284  0.38761714  0.41440768  0.43281969  0.54314284  0.50110757  0.50110757  0.46132172  0.49095979  0.49095979  0.46132172  0.45169916  0.44219952  0.44219952  0.45169916  0.46132172  0.47107042  0.47107042  0.49095979  0.41440768  0.41440768  0.46132172  0.34500539  0.35333465  0.55403369  0.45169916  0.54314284  0.41440768  0.41440768  0.53240918  0.37889722  0.42355671  0.42355671  0.44219952  0.45169916  0.43281969  0.46132172  0.55403369  0.55403369  0.57630587  0.43281969  0.49095979  0.47107042  0.48094861  0.48094861  0.48094861  0.50110757  0.58769719  0.42355671  0.41440768  0.47107042  0.35333465  0.40536984  0.45169916  0.49095979  0.50110757  0.48094861  0.50110757  0.37027837  
18_0_0     0.59926572  0.49095979  0.52182824  0.15587725  0.00000000  0.10020808  0.15587725  0.20225374  0.14948197  0.15587725  0.13061962  0.17539986  0.14948197  0.20225374  0.21605329  0.16883521  0.16883521  0.18202297  0.32056314  0.34500539  0.36175825  0.42355671  0.34500539  0.34500539  0.33676839  0.33676839  0.31259104  0.45169916  0.46132172  0.48094861  0.52182824  0.51139574  0.47107042  0.47107042  0.46132172  0.44219952  0.45169916  0.45169916  0.45169916  0.45169916  0.50110757  0.46132172  0.47107042  0.42355671  0.43281969  0.42355671  0.42355671  0.37889722  0.40536984  0.41440768  0.40536984  0.43281969  0.37889722  0.40536984  0.47107042  0.47107042  0.50110757  0.47107042  0.47107042  0.35333465  0.37889722  0.45169916  0.52182824  0.50110757  0.48094861  0.48094861  0.48094861  0.47107042  0.43281969  0.42355671  0.41440768  0.38761714  0.41440768  0.42355671  0.41440768  0.45169916  0.39644052  0.40536984  0.40536984  0.40536984  0.37027837  0.38761714  0.51139574  0.38761714  0.59926572  0.37889722  0.36175825  0.48094861  0.38761714  0.40536984  0.38761714  0.38761714  0.37027837  0.38761714  0.40536984  0.58769719  0.58769719  0.58769719  0.50110757  0.53240918  0.50110757  0.54314284  0.54314284  0.54314284  0.51139574  0.65997229  0.40536984  0.40536984  0.45169916  0.32056314  0.39644052  0.37889722  0.41440768  0.44219952  0.42355671  0.45169916  0.34500539  
79_0_0     0.58769719  0.50110757  0.53240918  0.18202297  0.10020808  0.00000000  0.07099147  0.17539986  0.10020808  0.10619171  0.05961882  0.13061962  0.11830537  0.15587725  0.18202297  0.10020808  0.13685406  0.13685406  0.25905822  0.28917503  0.32056314  0.33676839  0.30470350  0.30470350  0.28153071  0.28153071  0.35333465  0.43281969  0.40536984  0.44219952  0.46132172  0.44219952  0.44219952  0.42355671  0.43281969  0.38761714  0.37889722  0.39644052  0.41440768  0.39644052  0.41440768  0.39644052  0.40536984  0.37889722  0.38761714  0.37889722  0.37889722  0.36175825  0.37027837  0.39644052  0.38761714  0.41440768  0.33676839  0.35333465  0.41440768  0.44219952  0.47107042  0.42355671  0.42355671  0.32862163  0.37027837  0.42355671  0.45169916  0.45169916  0.45169916  0.42355671  0.42355671  0.41440768  0.38761714  0.40536984  0.38761714  0.32056314  0.33676839  0.34500539  0.36175825  0.40536984  0.37889722  0.37027837  0.37027837  0.37889722  0.36175825  0.36175825  0.50110757  0.38761714  0.54314284  0.33676839  0.32862163  0.42355671  0.36175825  0.37889722  0.35333465  0.37027837  0.37027837  0.37027837  0.37027837  0.51139574  0.50110757  0.50110757  0.49095979  0.52182824  0.47107042  0.51139574  0.51139574  0.51139574  0.51139574  0.63509191  0.43281969  0.38761714  0.40536984  0.33676839  0.37889722  0.33676839  0.37027837  0.37889722  0.37889722  0.38761714  0.33676839  
22_0_0     0.64742806  0.52182824  0.50110757  0.23724494  0.15587725  0.07099147  0.00000000  0.19544882  0.14314121  0.14948197  0.12443700  0.13061962  0.14948197  0.17539986  0.20225374  0.11830537  0.16883521  0.16883521  0.22305029  0.30470350  0.29689873  0.39644052  0.34500539  0.34500539  0.32056314  0.33676839  0.34500539  0.44219952  0.40536984  0.45169916  0.42355671  0.47107042  0.44219952  0.42355671  0.42355671  0.44219952  0.45169916  0.44219952  0.48094861  0.46132172  0.48094861  0.47107042  0.48094861  0.42355671  0.42355671  0.43281969  0.43281969  0.38761714  0.38761714  0.42355671  0.41440768  0.43281969  0.39644052  0.38761714  0.45169916  0.47107042  0.51139574  0.46132172  0.46132172  0.40536984  0.42355671  0.46132172  0.46132172  0.44219952  0.45169916  0.45169916  0.45169916  0.44219952  0.44219952  0.46132172  0.41440768  0.36175825  0.38761714  0.37889722  0.42355671  0.44219952  0.39644052  0.39644052  0.39644052  0.42355671  0.37889722  0.37889722  0.50110757  0.43281969  0.55403369  0.33676839  0.37889722  0.45169916  0.39644052  0.39644052  0.37027837  0.37889722  0.37027837  0.39644052  0.41440768  0.48094861  0.47107042  0.50110757  0.53240918  0.56508640  0.51139574  0.53240918  0.53240918  0.53240918  0.50110757  0.63509191  0.44219952  0.43281969  0.43281969  0.36175825  0.41440768  0.35333465  0.36175825  0.36175825  0.36175825  0.37027837  0.34500539  
45_0_0     0.71237872  0.67273176  0.65997229  0.25171581  0.20225374  0.17539986  0.19544882  0.00000000  0.10619171  0.11222387  0.14948197  0.20225374  0.19544882  0.25905822  0.25905822  0.20225374  0.18202297  0.20912151  0.28917503  0.28153071  0.32862163  0.32862163  0.27396418  0.27396418  0.25905822  0.27396418  0.29689873  0.48094861  0.45169916  0.44219952  0.45169916  0.47107042  0.41440768  0.39644052  0.44219952  0.48094861  0.49095979  0.47107042  0.45169916  0.45169916  0.48094861  0.51139574  0.50110757  0.43281969  0.46132172  0.45169916  0.45169916  0.43281969  0.44219952  0.43281969  0.44219952  0.45169916  0.38761714  0.43281969  0.43281969  0.47107042  0.51139574  0.44219952  0.44219952  0.40536984  0.45169916  0.46132172  0.50110757  0.49095979  0.49095979  0.47107042  0.49095979  0.49095979  0.45169916  0.47107042  0.43281969  0.37027837  0.39644052  0.40536984  0.43281969  0.45169916  0.43281969  0.37889722  0.37889722  0.46132172  0.37027837  0.40536984  0.47107042  0.44219952  0.54314284  0.39644052  0.37889722  0.46132172  0.44219952  0.42355671  0.41440768  0.40536984  0.40536984  0.40536984  0.42355671  0.51139574  0.50110757  0.49095979  0.51139574  0.54314284  0.57630587  0.52182824  0.52182824  0.54314284  0.53240918  0.62295707  0.42355671  0.39644052  0.40536984  0.35333465  0.49095979  0.38761714  0.40536984  0.41440768  0.39644052  0.41440768  0.37889722  
82_0_0     0.67273176  0.59926572  0.61101705  0.24444518  0.14948197  0.10020808  0.14314121  0.10619171  0.00000000  0.00522666  0.05961882  0.17539986  0.14314121  0.19544882  0.23011375  0.15587725  0.16232801  0.18202297  0.23724494  0.23011375  0.28917503  0.32056314  0.25905822  0.27396418  0.26647386  0.28153071  0.32862163  0.47107042  0.46132172  0.48094861  0.44219952  0.46132172  0.41440768  0.41440768  0.44219952  0.39644052  0.38761714  0.41440768  0.41440768  0.39644052  0.43281969  0.42355671  0.45169916  0.38761714  0.39644052  0.38761714  0.38761714  0.42355671  0.43281969  0.42355671  0.41440768  0.42355671  0.37889722  0.35333465  0.39644052  0.46132172  0.49095979  0.43281969  0.43281969  0.33676839  0.37889722  0.39644052  0.46132172  0.47107042  0.46132172  0.43281969  0.45169916  0.44219952  0.42355671  0.43281969  0.39644052  0.33676839  0.33676839  0.34500539  0.36175825  0.37889722  0.35333465  0.37889722  0.37889722  0.42355671  0.37027837  0.37889722  0.45169916  0.43281969  0.56508640  0.39644052  0.39644052  0.44219952  0.36175825  0.41440768  0.37027837  0.40536984  0.40536984  0.39644052  0.41440768  0.52182824  0.51139574  0.50110757  0.54314284  0.54314284  0.51139574  0.49095979  0.49095979  0.49095979  0.51139574  0.58769719  0.40536984  0.39644052  0.38761714  0.32862163  0.44219952  0.35333465  0.39644052  0.39644052  0.38761714  0.41440768  0.33676839  
23_0_0     0.65997229  0.58769719  0.59926572  0.25171581  0.15587725  0.10619171  0.14948197  0.11222387  0.00522666  0.00000000  0.06528341  0.18202297  0.14948197  0.20225374  0.23724494  0.16232801  0.16883521  0.18870560  0.23011375  0.22305029  0.28153071  0.32862163  0.26647386  0.28153071  0.27396418  0.28917503  0.33676839  0.47107042  0.46132172  0.48094861  0.44219952  0.46132172  0.41440768  0.41440768  0.44219952  0.39644052  0.38761714  0.41440768  0.41440768  0.39644052  0.43281969  0.42355671  0.45169916  0.38761714  0.39644052  0.38761714  0.38761714  0.42355671  0.43281969  0.42355671  0.41440768  0.42355671  0.37889722  0.35333465  0.39644052  0.46132172  0.49095979  0.43281969  0.43281969  0.33676839  0.37889722  0.39644052  0.46132172  0.47107042  0.46132172  0.43281969  0.45169916  0.44219952  0.42355671  0.43281969  0.39644052  0.33676839  0.33676839  0.34500539  0.36175825  0.37889722  0.35333465  0.38761714  0.38761714  0.43281969  0.37889722  0.38761714  0.46132172  0.44219952  0.57630587  0.40536984  0.40536984  0.45169916  0.37027837  0.42355671  0.37889722  0.41440768  0.41440768  0.40536984  0.42355671  0.53240918  0.52182824  0.51139574  0.55403369  0.55403369  0.52182824  0.50110757  0.50110757  0.50110757  0.52182824  0.59926572  0.41440768  0.40536984  0.37889722  0.33676839  0.45169916  0.36175825  0.38761714  0.38761714  0.37889722  0.40536984  0.34500539  
49_0_0     0.61101705  0.53240918  0.56508640  0.21605329  0.13061962  0.05961882  0.12443700  0.14948197  0.05961882  0.06528341  0.00000000  0.13685406  0.12443700  0.18202297  0.18202297  0.10619171  0.13685406  0.14314121  0.25171581  0.23011375  0.29689873  0.32056314  0.28917503  0.28917503  0.26647386  0.28153071  0.32862163  0.43281969  0.38761714  0.42355671  0.44219952  0.42355671  0.44219952  0.42355671  0.45169916  0.38761714  0.37889722  0.39644052  0.40536984  0.38761714  0.40536984  0.39644052  0.40536984  0.37889722  0.38761714  0.37889722  0.37889722  0.39644052  0.40536984  0.40536984  0.39644052  0.42355671  0.34500539  0.37027837  0.41440768  0.44219952  0.47107042  0.43281969  0.43281969  0.32862163  0.37027837  0.41440768  0.45169916  0.46132172  0.45169916  0.40536984  0.40536984  0.39644052  0.39644052  0.42355671  0.40536984  0.34500539  0.36175825  0.37027837  0.37027837  0.40536984  0.35333465  0.37027837  0.37027837  0.37027837  0.37889722  0.38761714  0.49095979  0.40536984  0.54314284  0.38761714  0.37889722  0.43281969  0.35333465  0.38761714  0.37889722  0.35333465  0.37027837  0.36175825  0.36175825  0.52182824  0.51139574  0.51139574  0.53240918  0.54314284  0.49095979  0.51139574  0.51139574  0.51139574  0.51139574  0.61101705  0.39644052  0.37027837  0.39644052  0.33676839  0.41440768  0.32862163  0.37027837  0.38761714  0.37889722  0.37889722  0.33676839  
18_5_0     0.62295707  0.58769719  0.54314284  0.23011375  0.17539986  0.13061962  0.13061962  0.20225374  0.17539986  0.18202297  0.13685406  0.00000000  0.10020808  0.16232801  0.14948197  0.09427221  0.13685406  0.12443700  0.26647386  0.28153071  0.28917503  0.35333465  0.32056314  0.32056314  0.29689873  0.29689873  0.29689873  0.46132172  0.40536984  0.45169916  0.46132172  0.47107042  0.47107042  0.45169916  0.47107042  0.46132172  0.47107042  0.44219952  0.45169916  0.44219952  0.48094861  0.50110757  0.48094861  0.44219952  0.43281969  0.42355671  0.42355671  0.38761714  0.37889722  0.38761714  0.39644052  0.39644052  0.39644052  0.37027837  0.41440768  0.43281969  0.43281969  0.44219952  0.42355671  0.38761714  0.37889722  0.37889722  0.40536984  0.42355671  0.42355671  0.49095979  0.49095979  0.45169916  0.44219952  0.42355671  0.36175825  0.33676839  0.36175825  0.35333465  0.37027837  0.39644052  0.40536984  0.42355671  0.42355671  0.48094861  0.37889722  0.39644052  0.51139574  0.42355671  0.58769719  0.36175825  0.38761714  0.47107042  0.42355671  0.41440768  0.39644052  0.37027837  0.38761714  0.39644052  0.41440768  0.49095979  0.48094861  0.49095979  0.50110757  0.57630587  0.56508640  0.57630587  0.57630587  0.56508640  0.52182824  0.62295707  0.43281969  0.44219952  0.44219952  0.38761714  0.43281969  0.37027837  0.36175825  0.37027837  0.35333465  0.37889722  0.36175825  
26_5_0     0.63509191  0.55403369  0.58769719  0.19544882  0.14948197  0.11830537  0.14948197  0.19544882  0.14314121  0.14948197  0.12443700  0.10020808  0.00000000  0.12443700  0.15587725  0.09427221  0.10619171  0.11830537  0.28153071  0.27396418  0.31259104  0.37027837  0.30470350  0.32056314  0.29689873  0.31259104  0.32056314  0.51139574  0.46132172  0.48094861  0.51139574  0.51139574  0.47107042  0.46132172  0.47107042  0.41440768  0.42355671  0.43281969  0.44219952  0.42355671  0.46132172  0.45169916  0.45169916  0.41440768  0.44219952  0.43281969  0.43281969  0.37027837  0.37889722  0.40536984  0.37889722  0.39644052  0.36175825  0.37027837  0.41440768  0.45169916  0.50110757  0.47107042  0.47107042  0.35333465  0.37889722  0.41440768  0.46132172  0.42355671  0.44219952  0.46132172  0.48094861  0.44219952  0.45169916  0.42355671  0.38761714  0.37889722  0.37889722  0.37027837  0.40536984  0.43281969  0.39644052  0.37027837  0.37027837  0.43281969  0.37889722  0.37889722  0.50110757  0.44219952  0.58769719  0.43281969  0.43281969  0.43281969  0.42355671  0.44219952  0.43281969  0.40536984  0.41440768  0.40536984  0.45169916  0.47107042  0.46132172  0.47107042  0.52182824  0.55403369  0.52182824  0.54314284  0.54314284  0.54314284  0.51139574  0.67273176  0.45169916  0.45169916  0.47107042  0.38761714  0.46132172  0.33676839  0.40536984  0.38761714  0.38761714  0.39644052  0.35333465  
22_5_0     0.61101705  0.56508640  0.57630587  0.23011375  0.20225374  0.15587725  0.17539986  0.25905822  0.19544882  0.20225374  0.18202297  0.16232801  0.12443700  0.00000000  0.09427221  0.18202297  0.19544882  0.19544882  0.28917503  0.34500539  0.32862163  0.40536984  0.37027837  0.37027837  0.33676839  0.33676839  0.35333465  0.52182824  0.47107042  0.49095979  0.49095979  0.55403369  0.51139574  0.49095979  0.50110757  0.49095979  0.48094861  0.48094861  0.50110757  0.48094861  0.48094861  0.49095979  0.48094861  0.47107042  0.48094861  0.49095979  0.49095979  0.43281969  0.44219952  0.51139574  0.50110757  0.48094861  0.47107042  0.44219952  0.48094861  0.48094861  0.52182824  0.49095979  0.47107042  0.43281969  0.46132172  0.46132172  0.46132172  0.45169916  0.49095979  0.46132172  0.48094861  0.45169916  0.50110757  0.46132172  0.46132172  0.44219952  0.44219952  0.43281969  0.48094861  0.50110757  0.47107042  0.37027837  0.37027837  0.45169916  0.37889722  0.34500539  0.56508640  0.43281969  0.51139574  0.41440768  0.47107042  0.46132172  0.41440768  0.41440768  0.41440768  0.41440768  0.42355671  0.40536984  0.39644052  0.47107042  0.46132172  0.49095979  0.54314284  0.55403369  0.52182824  0.56508640  0.56508640  0.56508640  0.54314284  0.65997229  0.46132172  0.43281969  0.50110757  0.42355671  0.46132172  0.35333465  0.37889722  0.35333465  0.37027837  0.37027837  0.40536984  
79_5_0     0.55403369  0.53240918  0.54314284  0.23011375  0.21605329  0.18202297  0.20225374  0.25905822  0.23011375  0.23724494  0.18202297  0.14948197  0.15587725  0.09427221  0.00000000  0.16232801  0.21605329  0.18202297  0.32056314  0.32056314  0.35333465  0.39644052  0.35333465  0.35333465  0.32056314  0.32056314  0.36175825  0.48094861  0.47107042  0.47107042  0.49095979  0.48094861  0.54314284  0.52182824  0.53240918  0.49095979  0.50110757  0.50110757  0.50110757  0.50110757  0.50110757  0.47107042  0.46132172  0.47107042  0.48094861  0.49095979  0.49095979  0.41440768  0.42355671  0.45169916  0.46132172  0.45169916  0.43281969  0.43281969  0.45169916  0.43281969  0.49095979  0.46132172  0.44219952  0.41440768  0.40536984  0.45169916  0.44219952  0.47107042  0.46132172  0.46132172  0.46132172  0.45169916  0.45169916  0.45169916  0.42355671  0.41440768  0.44219952  0.45169916  0.45169916  0.46132172  0.45169916  0.39644052  0.39644052  0.47107042  0.37889722  0.43281969  0.52182824  0.43281969  0.49095979  0.37889722  0.46132172  0.45169916  0.41440768  0.40536984  0.42355671  0.37889722  0.41440768  0.44219952  0.43281969  0.50110757  0.49095979  0.50110757  0.54314284  0.54314284  0.51139574  0.53240918  0.53240918  0.51139574  0.53240918  0.64742806  0.45169916  0.38761714  0.45169916  0.39644052  0.48094861  0.39644052  0.37889722  0.38761714  0.38761714  0.40536984  0.37889722  
82_5_0     0.56508640  0.54314284  0.53240918  0.24444518  0.16883521  0.10020808  0.11830537  0.20225374  0.15587725  0.16232801  0.10619171  0.09427221  0.09427221  0.18202297  0.16232801  0.00000000  0.10020808  0.07674369  0.27396418  0.27396418  0.29689873  0.36175825  0.30470350  0.30470350  0.28153071  0.29689873  0.35333465  0.44219952  0.39644052  0.41440768  0.43281969  0.43281969  0.43281969  0.41440768  0.42355671  0.40536984  0.41440768  0.39644052  0.43281969  0.41440768  0.41440768  0.43281969  0.42355671  0.37889722  0.40536984  0.39644052  0.39644052  0.36175825  0.37027837  0.37889722  0.37027837  0.40536984  0.33676839  0.32862163  0.37027837  0.38761714  0.43281969  0.40536984  0.40536984  0.34500539  0.35333465  0.39644052  0.39644052  0.38761714  0.39644052  0.41440768  0.41440768  0.37889722  0.39644052  0.41440768  0.37027837  0.34500539  0.37027837  0.36175825  0.36175825  0.40536984  0.36175825  0.40536984  0.40536984  0.39644052  0.37027837  0.38761714  0.50110757  0.43281969  0.62295707  0.34500539  0.34500539  0.44219952  0.36175825  0.37889722  0.37027837  0.37027837  0.36175825  0.43281969  0.45169916  0.47107042  0.46132172  0.49095979  0.47107042  0.51139574  0.47107042  0.50110757  0.50110757  0.50110757  0.47107042  0.56508640  0.47107042  0.42355671  0.42355671  0.33676839  0.37889722  0.32056314  0.36175825  0.35333465  0.33676839  0.34500539  0.33676839  
23_5_0     0.67273176  0.59926572  0.61101705  0.23724494  0.16883521  0.13685406  0.16883521  0.18202297  0.16232801  0.16883521  0.13685406  0.13685406  0.10619171  0.19544882  0.21605329  0.10020808  0.00000000  0.12443700  0.28917503  0.27396418  0.34500539  0.33676839  0.27396418  0.27396418  0.24444518  0.25905822  0.30470350  0.42355671  0.41440768  0.45169916  0.45169916  0.44219952  0.45169916  0.43281969  0.44219952  0.37889722  0.38761714  0.40536984  0.40536984  0.38761714  0.40536984  0.44219952  0.45169916  0.36175825  0.39644052  0.38761714  0.38761714  0.34500539  0.35333465  0.35333465  0.36175825  0.37027837  0.31259104  0.37027837  0.43281969  0.42355671  0.44219952  0.43281969  0.43281969  0.35333465  0.38761714  0.39644052  0.41440768  0.43281969  0.42355671  0.41440768  0.43281969  0.42355671  0.41440768  0.41440768  0.37889722  0.35333465  0.36175825  0.37027837  0.33676839  0.37889722  0.35333465  0.35333465  0.35333465  0.40536984  0.38761714  0.40536984  0.50110757  0.46132172  0.55403369  0.37889722  0.37027837  0.49095979  0.42355671  0.42355671  0.41440768  0.39644052  0.39644052  0.42355671  0.46132172  0.49095979  0.48094861  0.50110757  0.45169916  0.51139574  0.51139574  0.52182824  0.52182824  0.52182824  0.54314284  0.59926572  0.44219952  0.41440768  0.42355671  0.33676839  0.42355671  0.34500539  0.38761714  0.41440768  0.39644052  0.37889722  0.39644052  
49_5_0     0.65997229  0.58769719  0.63509191  0.23724494  0.18202297  0.13685406  0.16883521  0.20912151  0.18202297  0.18870560  0.14314121  0.12443700  0.11830537  0.19544882  0.18202297  0.07674369  0.12443700  0.00000000  0.29689873  0.27396418  0.32056314  0.37889722  0.36175825  0.36175825  0.34500539  0.36175825  0.36175825  0.44219952  0.44219952  0.44219952  0.50110757  0.43281969  0.45169916  0.43281969  0.44219952  0.40536984  0.41440768  0.44219952  0.44219952  0.44219952  0.43281969  0.46132172  0.43281969  0.37027837  0.39644052  0.38761714  0.38761714  0.37889722  0.38761714  0.41440768  0.41440768  0.41440768  0.36175825  0.35333465  0.41440768  0.40536984  0.43281969  0.43281969  0.43281969  0.35333465  0.38761714  0.37889722  0.40536984  0.39644052  0.39644052  0.45169916  0.47107042  0.45169916  0.45169916  0.40536984  0.42355671  0.37889722  0.40536984  0.41440768  0.39644052  0.41440768  0.39644052  0.37889722  0.37889722  0.40536984  0.41440768  0.44219952  0.56508640  0.45169916  0.62295707  0.39644052  0.37889722  0.48094861  0.38761714  0.37889722  0.39644052  0.41440768  0.43281969  0.42355671  0.44219952  0.49095979  0.48094861  0.51139574  0.45169916  0.50110757  0.51139574  0.52182824  0.51139574  0.51139574  0.51139574  0.56508640  0.48094861  0.42355671  0.46132172  0.34500539  0.40536984  0.34500539  0.39644052  0.40536984  0.38761714  0.38761714  0.34500539  
91_0_0     0.69892684  0.55403369  0.52182824  0.32862163  0.32056314  0.25905822  0.22305029  0.28917503  0.23724494  0.23011375  0.25171581  0.26647386  0.28153071  0.28917503  0.32056314  0.27396418  0.28917503  0.29689873  0.00000000  0.10619171  0.14948197  0.30470350  0.26647386  0.24444518  0.24444518  0.25905822  0.25171581  0.34500539  0.32862163  0.34500539  0.29689873  0.34500539  0.33676839  0.35333465  0.34500539  0.32056314  0.32862163  0.36175825  0.37889722  0.36175825  0.41440768  0.41440768  0.43281969  0.35333465  0.33676839  0.34500539  0.34500539  0.36175825  0.37027837  0.34500539  0.33676839  0.35333465  0.35333465  0.33676839  0.41440768  0.45169916  0.48094861  0.42355671  0.42355671  0.37027837  0.38761714  0.36175825  0.40536984  0.37889722  0.38761714  0.42355671  0.41440768  0.40536984  0.36175825  0.36175825  0.37889722  0.34500539  0.35333465  0.34500539  0.37889722  0.37027837  0.37027837  0.35333465  0.35333465  0.37889722  0.32056314  0.32862163  0.43281969  0.44219952  0.48094861  0.31259104  0.38761714  0.44219952  0.32862163  0.33676839  0.31259104  0.31259104  0.30470350  0.34500539  0.38761714  0.45169916  0.44219952  0.44219952  0.46132172  0.48094861  0.46132172  0.42355671  0.41440768  0.43281969  0.41440768  0.45169916  0.36175825  0.36175825  0.32862163  0.32056314  0.37027837  0.27396418  0.30470350  0.28153071  0.28153071  0.32056314  0.27396418  
52_0_0     0.68571397  0.56508640  0.57630587  0.29689873  0.34500539  0.28917503  0.30470350  0.28153071  0.23011375  0.22305029  0.23011375  0.28153071  0.27396418  0.34500539  0.32056314  0.27396418  0.27396418  0.27396418  0.10619171  0.00000000  0.13061962  0.27396418  0.23724494  0.24444518  0.22305029  0.23724494  0.26647386  0.37027837  0.38761714  0.37889722  0.38761714  0.36175825  0.38761714  0.40536984  0.40536984  0.33676839  0.34500539  0.39644052  0.37027837  0.36175825  0.35333465  0.39644052  0.40536984  0.32862163  0.36175825  0.35333465  0.35333465  0.37027837  0.39644052  0.34500539  0.35333465  0.36175825  0.32862163  0.37889722  0.41440768  0.43281969  0.45169916  0.46132172  0.46132172  0.34500539  0.38761714  0.34500539  0.40536984  0.43281969  0.39644052  0.39644052  0.40536984  0.40536984  0.37889722  0.33676839  0.39644052  0.37889722  0.37027837  0.37889722  0.38761714  0.38761714  0.37027837  0.37027837  0.37027837  0.38761714  0.34500539  0.38761714  0.44219952  0.42355671  0.52182824  0.37027837  0.39644052  0.42355671  0.32056314  0.36175825  0.32862163  0.34500539  0.34500539  0.34500539  0.38761714  0.39644052  0.38761714  0.41440768  0.49095979  0.44219952  0.45169916  0.42355671  0.41440768  0.43281969  0.44219952  0.47107042  0.36175825  0.32862163  0.31259104  0.32056314  0.37889722  0.31259104  0.34500539  0.33676839  0.32862163  0.34500539  0.27396418  
90_0_0     0.64742806  0.56508640  0.56508640  0.28917503  0.36175825  0.32056314  0.29689873  0.32862163  0.28917503  0.28153071  0.29689873  0.28917503  0.31259104  0.32862163  0.35333465  0.29689873  0.34500539  0.32056314  0.14948197  0.13061962  0.00000000  0.33676839  0.25905822  0.26647386  0.25905822  0.25905822  0.27396418  0.37889722  0.36175825  0.36175825  0.38761714  0.39644052  0.37889722  0.37889722  0.37027837  0.35333465  0.36175825  0.39644052  0.40536984  0.40536984  0.38761714  0.39644052  0.37889722  0.32862163  0.34500539  0.33676839  0.33676839  0.37027837  0.37889722  0.39644052  0.38761714  0.38761714  0.37027837  0.45169916  0.44219952  0.47107042  0.49095979  0.47107042  0.45169916  0.36175825  0.37889722  0.35333465  0.44219952  0.44219952  0.45169916  0.41440768  0.42355671  0.42355671  0.39644052  0.39644052  0.38761714  0.37027837  0.37889722  0.37027837  0.42355671  0.41440768  0.40536984  0.42355671  0.42355671  0.42355671  0.36175825  0.35333465  0.44219952  0.41440768  0.54314284  0.41440768  0.42355671  0.43281969  0.33676839  0.35333465  0.32056314  0.37889722  0.36175825  0.40536984  0.43281969  0.43281969  0.42355671  0.45169916  0.48094861  0.50110757  0.48094861  0.44219952  0.43281969  0.45169916  0.43281969  0.50110757  0.38761714  0.37027837  0.36175825  0.32862163  0.37889722  0.35333465  0.35333465  0.32862163  0.32862163  0.33676839  0.28153071  
48_0_0     0.64742806  0.61101705  0.62295707  0.42355671  0.42355671  0.33676839  0.39644052  0.32862163  0.32056314  0.32862163  0.32056314  0.35333465  0.37027837  0.40536984  0.39644052  0.36175825  0.33676839  0.37889722  0.30470350  0.27396418  0.33676839  0.00000000  0.11222387  0.11830537  0.11830537  0.13061962  0.22305029  0.42355671  0.38761714  0.37889722  0.38761714  0.37027837  0.41440768  0.41440768  0.44219952  0.37889722  0.37027837  0.38761714  0.38761714  0.37889722  0.37889722  0.39644052  0.40536984  0.36175825  0.39644052  0.38761714  0.38761714  0.38761714  0.39644052  0.39644052  0.40536984  0.42355671  0.34500539  0.39644052  0.34500539  0.37027837  0.38761714  0.32056314  0.32056314  0.29689873  0.32056314  0.30470350  0.40536984  0.38761714  0.39644052  0.43281969  0.43281969  0.44219952  0.30470350  0.34500539  0.34500539  0.30470350  0.28917503  0.29689873  0.30470350  0.31259104  0.34500539  0.32862163  0.32862163  0.35333465  0.31259104  0.29689873  0.39644052  0.45169916  0.49095979  0.33676839  0.37889722  0.40536984  0.37027837  0.36175825  0.32056314  0.30470350  0.32056314  0.37027837  0.39644052  0.49095979  0.48094861  0.47107042  0.44219952  0.38761714  0.42355671  0.40536984  0.39644052  0.37889722  0.40536984  0.45169916  0.32862163  0.31259104  0.30470350  0.32056314  0.38761714  0.28153071  0.32862163  0.32862163  0.34500539  0.32862163  0.32056314  
36_0_0     0.59926572  0.59926572  0.56508640  0.33676839  0.34500539  0.30470350  0.34500539  0.27396418  0.25905822  0.26647386  0.28917503  0.32056314  0.30470350  0.37027837  0.35333465  0.30470350  0.27396418  0.36175825  0.26647386  0.23724494  0.25905822  0.11222387  0.00000000  0.02650856  0.03738234  0.04841747  0.13061962  0.37889722  0.39644052  0.38761714  0.39644052  0.41440768  0.38761714  0.37027837  0.39644052  0.32862163  0.32056314  0.36175825  0.33676839  0.32862163  0.35333465  0.37027837  0.37889722  0.32862163  0.36175825  0.35333465  0.35333465  0.31259104  0.32056314  0.32862163  0.33676839  0.35333465  0.28153071  0.32862163  0.32056314  0.38761714  0.37027837  0.33676839  0.33676839  0.24444518  0.26647386  0.28917503  0.36175825  0.37027837  0.37027837  0.38761714  0.40536984  0.40536984  0.23724494  0.27396418  0.24444518  0.25171581  0.25171581  0.25905822  0.25905822  0.24444518  0.27396418  0.32056314  0.32056314  0.36175825  0.26647386  0.27396418  0.36175825  0.43281969  0.48094861  0.28917503  0.31259104  0.37027837  0.32862163  0.31259104  0.32056314  0.31259104  0.31259104  0.36175825  0.38761714  0.47107042  0.46132172  0.45169916  0.42355671  0.37027837  0.38761714  0.38761714  0.37889722  0.36175825  0.37027837  0.46132172  0.28153071  0.25171581  0.25905822  0.26647386  0.32056314  0.27396418  0.31259104  0.34500539  0.34500539  0.33676839  0.27396418  
4_0_0      0.62295707  0.57630587  0.54314284  0.32862163  0.34500539  0.30470350  0.34500539  0.27396418  0.27396418  0.28153071  0.28917503  0.32056314  0.32056314  0.37027837  0.35333465  0.30470350  0.27396418  0.36175825  0.24444518  0.24444518  0.26647386  0.11830537  0.02650856  0.00000000  0.02650856  0.03738234  0.12443700  0.37027837  0.37027837  0.36175825  0.37027837  0.40536984  0.39644052  0.37889722  0.40536984  0.30470350  0.29689873  0.35333465  0.32862163  0.32056314  0.36175825  0.37889722  0.38761714  0.32056314  0.35333465  0.34500539  0.34500539  0.32056314  0.32862163  0.32056314  0.32862163  0.34500539  0.30470350  0.32862163  0.32862163  0.39644052  0.38761714  0.34500539  0.34500539  0.23724494  0.27396418  0.29689873  0.36175825  0.36175825  0.36175825  0.39644052  0.39644052  0.40536984  0.25905822  0.29689873  0.28153071  0.27396418  0.27396418  0.28153071  0.26647386  0.25171581  0.27396418  0.32056314  0.32056314  0.36175825  0.27396418  0.26647386  0.37889722  0.46132172  0.51139574  0.28153071  0.32056314  0.39644052  0.33676839  0.30470350  0.31259104  0.30470350  0.30470350  0.37027837  0.39644052  0.47107042  0.46132172  0.45169916  0.38761714  0.35333465  0.37027837  0.35333465  0.34500539  0.34500539  0.35333465  0.43281969  0.25905822  0.24444518  0.23724494  0.24444518  0.32862163  0.25171581  0.27396418  0.30470350  0.30470350  0.29689873  0.23724494  
69_0_0     0.58769719  0.56508640  0.53240918  0.32056314  0.33676839  0.28153071  0.32056314  0.25905822  0.26647386  0.27396418  0.26647386  0.29689873  0.29689873  0.33676839  0.32056314  0.28153071  0.24444518  0.34500539  0.24444518  0.22305029  0.25905822  0.11830537  0.03738234  0.02650856  0.00000000  0.01049031  0.11830537  0.36175825  0.35333465  0.34500539  0.37027837  0.38761714  0.38761714  0.37027837  0.39644052  0.30470350  0.29689873  0.33676839  0.32862163  0.32056314  0.33676839  0.35333465  0.36175825  0.32056314  0.35333465  0.34500539  0.34500539  0.29689873  0.30470350  0.30470350  0.31259104  0.32862163  0.28153071  0.32862163  0.32056314  0.36175825  0.37027837  0.35333465  0.35333465  0.24444518  0.28153071  0.30470350  0.35333465  0.37027837  0.37027837  0.36175825  0.37027837  0.37027837  0.26647386  0.30470350  0.28153071  0.28153071  0.28153071  0.28917503  0.25905822  0.27396418  0.25905822  0.29689873  0.29689873  0.32862163  0.25905822  0.27396418  0.37889722  0.42355671  0.48094861  0.28917503  0.32862163  0.37027837  0.32056314  0.31259104  0.30470350  0.29689873  0.29689873  0.35333465  0.36175825  0.46132172  0.45169916  0.44219952  0.40536984  0.33676839  0.35333465  0.34500539  0.33676839  0.33676839  0.37027837  0.43281969  0.28917503  0.26647386  0.26647386  0.25905822  0.32056314  0.25171581  0.28917503  0.30470350  0.30470350  0.29689873  0.25171581  
71_0_0     0.56508640  0.56508640  0.51139574  0.32056314  0.33676839  0.28153071  0.33676839  0.27396418  0.28153071  0.28917503  0.28153071  0.29689873  0.31259104  0.33676839  0.32056314  0.29689873  0.25905822  0.36175825  0.25905822  0.23724494  0.25905822  0.13061962  0.04841747  0.03738234  0.01049031  0.00000000  0.11830537  0.37027837  0.34500539  0.35333465  0.36175825  0.39644052  0.39644052  0.37889722  0.40536984  0.31259104  0.30470350  0.34500539  0.33676839  0.32862163  0.32862163  0.34500539  0.35333465  0.31259104  0.34500539  0.33676839  0.33676839  0.30470350  0.31259104  0.31259104  0.32056314  0.32056314  0.28917503  0.33676839  0.32862163  0.35333465  0.36175825  0.36175825  0.34500539  0.25171581  0.27396418  0.29689873  0.34500539  0.37889722  0.37889722  0.37027837  0.37889722  0.37889722  0.27396418  0.31259104  0.27396418  0.27396418  0.27396418  0.28153071  0.25171581  0.26647386  0.25171581  0.28153071  0.28153071  0.32862163  0.27396418  0.28917503  0.37889722  0.40536984  0.48094861  0.28917503  0.32862163  0.36175825  0.32862163  0.32056314  0.31259104  0.31259104  0.31259104  0.37027837  0.36175825  0.46132172  0.45169916  0.44219952  0.38761714  0.33676839  0.35333465  0.34500539  0.33676839  0.33676839  0.37027837  0.43281969  0.30470350  0.28153071  0.26647386  0.25905822  0.32056314  0.26647386  0.28917503  0.30470350  0.30470350  0.29689873  0.26647386  
50_0_0     0.63509191  0.55403369  0.53240918  0.31259104  0.31259104  0.35333465  0.34500539  0.29689873  0.32862163  0.33676839  0.32862163  0.29689873  0.32056314  0.35333465  0.36175825  0.35333465  0.30470350  0.36175825  0.25171581  0.26647386  0.27396418  0.22305029  0.13061962  0.12443700  0.11830537  0.11830537  0.00000000  0.36175825  0.33676839  0.34500539  0.35333465  0.42355671  0.34500539  0.34500539  0.36175825  0.35333465  0.36175825  0.37027837  0.39644052  0.38761714  0.37889722  0.38761714  0.39644052  0.30470350  0.33676839  0.32862163  0.32862163  0.32862163  0.35333465  0.34500539  0.33676839  0.32862163  0.32056314  0.37027837  0.41440768  0.40536984  0.37889722  0.39644052  0.37889722  0.31259104  0.31259104  0.33676839  0.40536984  0.39644052  0.37889722  0.44219952  0.46132172  0.44219952  0.32862163  0.29689873  0.28917503  0.30470350  0.32862163  0.32056314  0.29689873  0.30470350  0.28153071  0.36175825  0.36175825  0.40536984  0.31259104  0.32056314  0.39644052  0.36175825  0.52182824  0.33676839  0.37889722  0.38761714  0.34500539  0.35333465  0.33676839  0.32056314  0.32056314  0.34500539  0.35333465  0.49095979  0.49095979  0.52182824  0.44219952  0.41440768  0.46132172  0.44219952  0.45169916  0.46132172  0.42355671  0.54314284  0.28917503  0.30470350  0.32056314  0.28917503  0.33676839  0.28153071  0.32056314  0.32862163  0.32862163  0.32056314  0.28153071  
34_0_0     0.68571397  0.59926572  0.59926572  0.47107042  0.45169916  0.43281969  0.44219952  0.48094861  0.47107042  0.47107042  0.43281969  0.46132172  0.51139574  0.52182824  0.48094861  0.44219952  0.42355671  0.44219952  0.34500539  0.37027837  0.37889722  0.42355671  0.37889722  0.37027837  0.36175825  0.37027837  0.36175825  0.00000000  0.08254074  0.09427221  0.09427221  0.09427221  0.10619171  0.10619171  0.10020808  0.20912151  0.21605329  0.20912151  0.23011375  0.23011375  0.24444518  0.24444518  0.26647386  0.20912151  0.21605329  0.22305029  0.22305029  0.17539986  0.19544882  0.20225374  0.22305029  0.23011375  0.20225374  0.30470350  0.38761714  0.29689873  0.29689873  0.26647386  0.26647386  0.27396418  0.27396418  0.28153071  0.30470350  0.28153071  0.28917503  0.28153071  0.28917503  0.30470350  0.25171581  0.25171581  0.26647386  0.29689873  0.30470350  0.31259104  0.25171581  0.25905822  0.27396418  0.43281969  0.43281969  0.41440768  0.39644052  0.44219952  0.56508640  0.49095979  0.50110757  0.41440768  0.44219952  0.48094861  0.43281969  0.43281969  0.45169916  0.40536984  0.41440768  0.47107042  0.49095979  0.62295707  0.62295707  0.67273176  0.54314284  0.55403369  0.50110757  0.53240918  0.53240918  0.53240918  0.56508640  0.52182824  0.40536984  0.36175825  0.42355671  0.36175825  0.40536984  0.42355671  0.44219952  0.44219952  0.45169916  0.42355671  0.42355671  
