20
20_0_0     0.00000000  0.55167512  0.55167512  0.54005935  0.43294743  0.45316541  0.46348536  0.42304185  0.43294743  0.41326711  0.41326711  0.41326711  0.39409661  0.34823646  0.39409661  0.38469442  0.39409661  0.44298738  0.45316541  0.44298738  
13_0_0     0.55167512  0.00000000  0.00000000  0.02831250  0.18883241  0.20331379  0.18883241  0.45316541  0.44298738  0.46348536  0.46348536  0.44298738  0.44298738  0.39409661  0.42304185  0.45316541  0.46348536  0.49533782  0.48456729  0.49533782  
9_0_0      0.55167512  0.00000000  0.00000000  0.02831250  0.18883241  0.20331379  0.18883241  0.45316541  0.44298738  0.46348536  0.46348536  0.44298738  0.44298738  0.39409661  0.42304185  0.45316541  0.46348536  0.49533782  0.48456729  0.49533782  
7_0_0      0.54005935  0.02831250  0.02831250  0.00000000  0.18169661  0.19603768  0.19603768  0.46348536  0.45316541  0.47395126  0.47395126  0.45316541  0.45316541  0.44298738  0.43294743  0.46348536  0.49533782  0.48456729  0.47395126  0.48456729  
8_0_0      0.43294743  0.18883241  0.18883241  0.18169661  0.00000000  0.01119536  0.13358438  0.40361979  0.39409661  0.40361979  0.40361979  0.40361979  0.44298738  0.43294743  0.39409661  0.36624097  0.41326711  0.45316541  0.46348536  0.45316541  
18_0_0     0.45316541  0.20331379  0.20331379  0.19603768  0.01119536  0.00000000  0.14701457  0.40361979  0.39409661  0.40361979  0.40361979  0.40361979  0.44298738  0.43294743  0.41326711  0.36624097  0.41326711  0.45316541  0.46348536  0.45316541  
19_0_0     0.46348536  0.18883241  0.18883241  0.19603768  0.13358438  0.14701457  0.00000000  0.43294743  0.42304185  0.42304185  0.42304185  0.42304185  0.40361979  0.43294743  0.35718396  0.35718396  0.36624097  0.47395126  0.48456729  0.47395126  
4_0_0      0.42304185  0.45316541  0.45316541  0.46348536  0.40361979  0.40361979  0.43294743  0.00000000  0.00557651  0.00557651  0.00557651  0.02831250  0.05176915  0.31349049  0.21808419  0.21066214  0.20331379  0.24080767  0.24853990  0.24080767  
12_0_0     0.43294743  0.44298738  0.44298738  0.45316541  0.39409661  0.39409661  0.42304185  0.00557651  0.00000000  0.01119536  0.01119536  0.03410733  0.05775134  0.32202525  0.22558143  0.21808419  0.21066214  0.24853990  0.25635377  0.24853990  
10_0_0     0.41326711  0.46348536  0.46348536  0.47395126  0.40361979  0.40361979  0.42304185  0.00557651  0.01119536  0.00000000  0.00000000  0.02256268  0.04583492  0.32202525  0.21066214  0.20331379  0.19603768  0.23315539  0.24080767  0.23315539  
5_0_0      0.41326711  0.46348536  0.46348536  0.47395126  0.40361979  0.40361979  0.42304185  0.00557651  0.01119536  0.00000000  0.00000000  0.02256268  0.04583492  0.32202525  0.21066214  0.20331379  0.19603768  0.23315539  0.24080767  0.23315539  
17_0_0     0.41326711  0.44298738  0.44298738  0.45316541  0.40361979  0.40361979  0.42304185  0.02831250  0.03410733  0.02256268  0.02256268  0.00000000  0.02256268  0.28846132  0.20331379  0.21808419  0.21066214  0.21808419  0.22558143  0.21808419  
11_0_0     0.39409661  0.44298738  0.44298738  0.45316541  0.44298738  0.44298738  0.40361979  0.05176915  0.05775134  0.04583492  0.04583492  0.02256268  0.00000000  0.29671068  0.21066214  0.22558143  0.21808419  0.23315539  0.24080767  0.23315539  
16_0_0     0.34823646  0.39409661  0.39409661  0.44298738  0.43294743  0.43294743  0.43294743  0.31349049  0.32202525  0.32202525  0.32202525  0.28846132  0.29671068  0.00000000  0.23315539  0.21808419  0.22558143  0.40361979  0.39409661  0.40361979  
15_0_0     0.39409661  0.42304185  0.42304185  0.43294743  0.39409661  0.41326711  0.35718396  0.21808419  0.22558143  0.21066214  0.21066214  0.20331379  0.21066214  0.23315539  0.00000000  0.18169661  0.14701457  0.28846132  0.29671068  0.28846132  
14_0_0     0.38469442  0.45316541  0.45316541  0.46348536  0.36624097  0.36624097  0.35718396  0.21066214  0.21808419  0.20331379  0.20331379  0.21808419  0.22558143  0.21808419  0.18169661  0.00000000  0.12695959  0.34823646  0.33939584  0.34823646  
6_0_0      0.39409661  0.46348536  0.46348536  0.49533782  0.41326711  0.41326711  0.36624097  0.20331379  0.21066214  0.19603768  0.19603768  0.21066214  0.21808419  0.22558143  0.14701457  0.12695959  0.00000000  0.33065958  0.33939584  0.33065958  
1_0_0      0.44298738  0.49533782  0.49533782  0.48456729  0.45316541  0.45316541  0.47395126  0.24080767  0.24853990  0.23315539  0.23315539  0.21808419  0.23315539  0.40361979  0.28846132  0.34823646  0.33065958  0.00000000  0.00557651  0.00000000  
2_0_0      0.45316541  0.48456729  0.48456729  0.47395126  0.46348536  0.46348536  0.48456729  0.24853990  0.25635377  0.24080767  0.24080767  0.22558143  0.24080767  0.39409661  0.29671068  0.33939584  0.33939584  0.00557651  0.00000000  0.00557651  
3_0_0      0.44298738  0.49533782  0.49533782  0.48456729  0.45316541  0.45316541  0.47395126  0.24080767  0.24853990  0.23315539  0.23315539  0.21808419  0.23315539  0.40361979  0.28846132  0.34823646  0.33065958  0.00000000  0.00557651  0.00000000  

