20
20_0_0     0.00000000  0.36606339  0.36606339  0.34807731  0.40340014  0.40340014  0.43269102  0.23308787  0.23308787  0.23308787  0.23308787  0.24846261  0.25627124  0.38449672  0.31336366  0.24073538  0.30493342  0.31336366  0.31336366  0.31336366  
13_0_0     0.36606339  0.00000000  0.00000000  0.01119522  0.16066197  0.16066197  0.18165658  0.28835522  0.28835522  0.28835522  0.28835522  0.31336366  0.32189087  0.43269102  0.39388818  0.33051731  0.36606339  0.46318703  0.46318703  0.46318703  
9_0_0      0.36606339  0.00000000  0.00000000  0.01119522  0.16066197  0.16066197  0.18165658  0.28835522  0.28835522  0.28835522  0.28835522  0.31336366  0.32189087  0.43269102  0.39388818  0.33051731  0.36606339  0.46318703  0.46318703  0.46318703  
7_0_0      0.34807731  0.01119522  0.01119522  0.00000000  0.16066197  0.16066197  0.16759432  0.28835522  0.28835522  0.28835522  0.28835522  0.31336366  0.32189087  0.42279824  0.39388818  0.33051731  0.36606339  0.45288167  0.45288167  0.45288167  
8_0_0      0.40340014  0.16066197  0.16066197  0.16066197  0.00000000  0.00557648  0.16066197  0.33924531  0.33924531  0.33924531  0.33924531  0.36606339  0.37522276  0.40340014  0.42279824  0.38449672  0.38449672  0.48423777  0.48423777  0.48423777  
18_0_0     0.40340014  0.16066197  0.16066197  0.16066197  0.00557648  0.00000000  0.16066197  0.33051731  0.33051731  0.33051731  0.33051731  0.35701580  0.36606339  0.40340014  0.42279824  0.38449672  0.37522276  0.48423777  0.48423777  0.48423777  
19_0_0     0.43269102  0.18165658  0.18165658  0.16759432  0.16066197  0.16066197  0.00000000  0.35701580  0.35701580  0.35701580  0.35701580  0.40340014  0.40340014  0.40340014  0.37522276  0.33924531  0.36606339  0.50590379  0.50590379  0.50590379  
4_0_0      0.23308787  0.28835522  0.28835522  0.28835522  0.33924531  0.33051731  0.35701580  0.00000000  0.00000000  0.00000000  0.00000000  0.03410601  0.04583253  0.25627124  0.21802554  0.19599077  0.18165658  0.26416299  0.26416299  0.26416299  
12_0_0     0.23308787  0.28835522  0.28835522  0.28835522  0.33924531  0.33051731  0.35701580  0.00000000  0.00000000  0.00000000  0.00000000  0.03410601  0.04583253  0.25627124  0.21802554  0.19599077  0.18165658  0.26416299  0.26416299  0.26416299  
10_0_0     0.23308787  0.28835522  0.28835522  0.28835522  0.33924531  0.33051731  0.35701580  0.00000000  0.00000000  0.00000000  0.00000000  0.03410601  0.04583253  0.25627124  0.21802554  0.19599077  0.18165658  0.26416299  0.26416299  0.26416299  
5_0_0      0.23308787  0.28835522  0.28835522  0.28835522  0.33924531  0.33051731  0.35701580  0.00000000  0.00000000  0.00000000  0.00000000  0.03410601  0.04583253  0.25627124  0.21802554  0.19599077  0.18165658  0.26416299  0.26416299  0.26416299  
17_0_0     0.24846261  0.31336366  0.31336366  0.31336366  0.36606339  0.35701580  0.40340014  0.03410601  0.03410601  0.03410601  0.03410601  0.00000000  0.01119522  0.28020311  0.24073538  0.23308787  0.21802554  0.28835522  0.28835522  0.28835522  
11_0_0     0.25627124  0.32189087  0.32189087  0.32189087  0.37522276  0.36606339  0.40340014  0.04583253  0.04583253  0.04583253  0.04583253  0.01119522  0.00000000  0.28835522  0.25627124  0.24073538  0.22551845  0.29659798  0.29659798  0.29659798  
16_0_0     0.38449672  0.43269102  0.43269102  0.42279824  0.40340014  0.40340014  0.40340014  0.25627124  0.25627124  0.25627124  0.25627124  0.28020311  0.28835522  0.00000000  0.24073538  0.20326316  0.20326316  0.31336366  0.31336366  0.31336366  
15_0_0     0.31336366  0.39388818  0.39388818  0.39388818  0.42279824  0.42279824  0.37522276  0.21802554  0.21802554  0.21802554  0.21802554  0.24073538  0.25627124  0.24073538  0.00000000  0.16759432  0.14024561  0.34807731  0.34807731  0.34807731  
14_0_0     0.24073538  0.33051731  0.33051731  0.33051731  0.38449672  0.38449672  0.33924531  0.19599077  0.19599077  0.19599077  0.19599077  0.23308787  0.24073538  0.20326316  0.16759432  0.00000000  0.10742025  0.24846261  0.24846261  0.24846261  
6_0_0      0.30493342  0.36606339  0.36606339  0.36606339  0.38449672  0.37522276  0.36606339  0.18165658  0.18165658  0.18165658  0.18165658  0.21802554  0.22551845  0.20326316  0.14024561  0.10742025  0.00000000  0.26416299  0.26416299  0.26416299  
1_0_0      0.31336366  0.46318703  0.46318703  0.45288167  0.48423777  0.48423777  0.50590379  0.26416299  0.26416299  0.26416299  0.26416299  0.28835522  0.29659798  0.31336366  0.34807731  0.24846261  0.26416299  0.00000000  0.00000000  0.00000000  
2_0_0      0.31336366  0.46318703  0.46318703  0.45288167  0.48423777  0.48423777  0.50590379  0.26416299  0.26416299  0.26416299  0.26416299  0.28835522  0.29659798  0.31336366  0.34807731  0.24846261  0.26416299  0.00000000  0.00000000  0.00000000  
3_0_0      0.31336366  0.46318703  0.46318703  0.45288167  0.48423777  0.48423777  0.50590379  0.26416299  0.26416299  0.26416299  0.26416299  0.28835522  0.29659798  0.31336366  0.34807731  0.24846261  0.26416299  0.00000000  0.00000000  0.00000000  

