20
2_0_0      0.00000000  0.01992542  0.01987946  0.46652304  0.53772842  0.48710999  0.40942111  0.52693438  0.35484970  0.35484970  0.35484970  0.31900204  0.34563953  0.34563953  0.37185449  0.37185449  0.37185449  0.37795497  0.50262019  0.46952002  
3_0_0      0.01992542  0.00000000  0.01992542  0.45791617  0.51526722  0.47826310  0.40142858  0.50512530  0.35669509  0.36617347  0.36617347  0.32931039  0.35669509  0.35669509  0.38356417  0.38356417  0.38356417  0.37029260  0.51888809  0.48465625  
1_0_0      0.01987946  0.01992542  0.00000000  0.49699131  0.53204641  0.49358404  0.41406222  0.52102840  0.34923050  0.35861990  0.35861990  0.32209354  0.34923050  0.34923050  0.37583837  0.37583837  0.37583837  0.36270854  0.53597180  0.50051381  
6_0_0      0.46652304  0.45791617  0.49699131  0.00000000  0.07923469  0.10271010  0.12108363  0.19174647  0.25314903  0.24538671  0.24538671  0.21550897  0.21550897  0.20122514  0.38015505  0.38015505  0.38015505  0.29087052  0.36617347  0.34923050  
14_0_0     0.53772842  0.51526722  0.53204641  0.07923469  0.00000000  0.10219230  0.15247371  0.17180065  0.27578791  0.28400354  0.28400354  0.25193476  0.25193476  0.23665285  0.42991034  0.42991034  0.42991034  0.31494692  0.39352124  0.37583837  
15_0_0     0.48710999  0.47826310  0.49358404  0.10271010  0.10219230  0.00000000  0.11428835  0.19075925  0.30085892  0.29235893  0.29235893  0.25975779  0.25975779  0.24423437  0.38791565  0.36819230  0.36819230  0.30629995  0.32772167  0.31186701  
20_0_0     0.40942111  0.40142858  0.41406222  0.12108363  0.15247371  0.11428835  0.00000000  0.16336685  0.31831338  0.30950862  0.30950862  0.27578791  0.27578791  0.25975779  0.44099507  0.41907027  0.41907027  0.34184059  0.42466410  0.40602944  
16_0_0     0.52693438  0.50512530  0.52102840  0.19174647  0.17180065  0.19075925  0.16336685  0.00000000  0.33097364  0.34001724  0.34001724  0.31337116  0.31337116  0.29637777  0.52824852  0.52824852  0.52824852  0.38356417  0.46084463  0.41979506  
4_0_0      0.35484970  0.35669509  0.34923050  0.25314903  0.27578791  0.30085892  0.31831338  0.33097364  0.00000000  0.00492659  0.00492659  0.02514250  0.02514250  0.03557130  0.26642722  0.26642722  0.26642722  0.23889727  0.29087052  0.27578791  
12_0_0     0.35484970  0.36617347  0.35861990  0.24538671  0.28400354  0.29235893  0.30950862  0.34001724  0.00492659  0.00000000  0.00000000  0.02000998  0.02000998  0.03032922  0.25854251  0.25854251  0.25854251  0.23131367  0.28258685  0.26770746  
10_0_0     0.35484970  0.36617347  0.35861990  0.24538671  0.28400354  0.29235893  0.30950862  0.34001724  0.00492659  0.00000000  0.00000000  0.02000998  0.02000998  0.03032922  0.25854251  0.25854251  0.25854251  0.23131367  0.28258685  0.26770746  
5_0_0      0.31900204  0.32931039  0.32209354  0.21550897  0.25193476  0.25975779  0.27578791  0.31337116  0.02514250  0.02000998  0.02000998  0.00000000  0.02000998  0.02000998  0.25854251  0.25854251  0.25854251  0.23131367  0.29929631  0.28400354  
11_0_0     0.34563953  0.35669509  0.34923050  0.21550897  0.25193476  0.25975779  0.27578791  0.31337116  0.02514250  0.02000998  0.02000998  0.02000998  0.00000000  0.00990309  0.25854251  0.25854251  0.25854251  0.23131367  0.29929631  0.26770746  
17_0_0     0.34563953  0.35669509  0.34923050  0.20122514  0.23665285  0.24423437  0.25975779  0.29637777  0.03557130  0.03032922  0.03032922  0.02000998  0.00990309  0.00000000  0.27444058  0.27444058  0.27444058  0.21648895  0.29929631  0.26770746  
7_0_0      0.37185449  0.38356417  0.37583837  0.38015505  0.42991034  0.38791565  0.44099507  0.52824852  0.26642722  0.25854251  0.25854251  0.25854251  0.25854251  0.27444058  0.00000000  0.00990309  0.00990309  0.15829207  0.17603735  0.17687211  
13_0_0     0.37185449  0.38356417  0.37583837  0.38015505  0.42991034  0.36819230  0.41907027  0.52824852  0.26642722  0.25854251  0.25854251  0.25854251  0.25854251  0.27444058  0.00990309  0.00000000  0.00000000  0.15829207  0.16262594  0.16336685  
9_0_0      0.37185449  0.38356417  0.37583837  0.38015505  0.42991034  0.36819230  0.41907027  0.52824852  0.26642722  0.25854251  0.25854251  0.25854251  0.25854251  0.27444058  0.00990309  0.00000000  0.00000000  0.15829207  0.16262594  0.16336685  
19_0_0     0.37795497  0.37029260  0.36270854  0.29087052  0.31494692  0.30629995  0.34184059  0.38356417  0.23889727  0.23131367  0.23131367  0.23131367  0.23131367  0.21648895  0.15829207  0.15829207  0.15829207  0.00000000  0.08998530  0.07885882  
8_0_0      0.50262019  0.51888809  0.53597180  0.36617347  0.39352124  0.32772167  0.42466410  0.46084463  0.29087052  0.28258685  0.28258685  0.29929631  0.29929631  0.29929631  0.17603735  0.16262594  0.16262594  0.08998530  0.00000000  0.01992542  
18_0_0     0.46952002  0.48465625  0.50051381  0.34923050  0.37583837  0.31186701  0.40602944  0.41979506  0.27578791  0.26770746  0.26770746  0.28400354  0.26770746  0.26770746  0.17687211  0.16336685  0.16336685  0.07885882  0.01992542  0.00000000  

