20
2_0_0      0.00000000  0.00986930  0.01485364  0.39940684  0.42504320  0.39105459  0.42504320  0.44264004  0.37462710  0.37462710  0.36654781  0.35855559  0.39940684  0.35855559  0.54767904  0.54767904  0.55800893  0.48855026  0.56848473  0.56848473  
3_0_0      0.00986930  0.00000000  0.01485364  0.39940684  0.40785421  0.39105459  0.40785421  0.44264004  0.35855559  0.35855559  0.35064858  0.34282498  0.38279536  0.34282498  0.54767904  0.54767904  0.55800893  0.48855026  0.56848473  0.56848473  
1_0_0      0.01485364  0.01485364  0.00000000  0.38279536  0.40785421  0.37462710  0.42504320  0.44264004  0.37462710  0.37462710  0.36654781  0.35855559  0.39940684  0.35855559  0.53749105  0.53749105  0.54767904  0.47913805  0.55800893  0.53749105  
6_0_0      0.39940684  0.39940684  0.38279536  0.00000000  0.09394133  0.09952620  0.18248051  0.26180831  0.27589552  0.27589552  0.26881847  0.26881847  0.26881847  0.26180831  0.43378943  0.44264004  0.43378943  0.36654781  0.40785421  0.42504320  
14_0_0     0.42504320  0.40785421  0.40785421  0.09394133  0.00000000  0.10515345  0.16390688  0.28304076  0.30489901  0.30489901  0.29754112  0.26881847  0.29754112  0.29025550  0.47913805  0.46984378  0.46066455  0.39105459  0.43378943  0.43378943  
15_0_0     0.39105459  0.39105459  0.37462710  0.09952620  0.10515345  0.00000000  0.15177794  0.20153127  0.26881847  0.28304076  0.27589552  0.26180831  0.27589552  0.25486378  0.44264004  0.45159754  0.44264004  0.37462710  0.39940684  0.39105459  
20_0_0     0.42504320  0.40785421  0.42504320  0.18248051  0.16390688  0.15177794  0.00000000  0.18248051  0.26180831  0.24798369  0.24116682  0.24116682  0.26180831  0.25486378  0.41639891  0.40785421  0.39940684  0.36654781  0.39940684  0.39940684  
16_0_0     0.44264004  0.44264004  0.44264004  0.26180831  0.28304076  0.20153127  0.18248051  0.00000000  0.37462710  0.37462710  0.36654781  0.36654781  0.38279536  0.35855559  0.42504320  0.43378943  0.42504320  0.44264004  0.44264004  0.45159754  
4_0_0      0.37462710  0.35855559  0.37462710  0.27589552  0.30489901  0.26881847  0.26180831  0.37462710  0.00000000  0.00986930  0.01485364  0.03513287  0.04548429  0.04029052  0.40785421  0.39940684  0.40785421  0.36654781  0.37462710  0.39105459  
12_0_0     0.37462710  0.35855559  0.37462710  0.27589552  0.30489901  0.28304076  0.24798369  0.37462710  0.00986930  0.00000000  0.01485364  0.03513287  0.04548429  0.04029052  0.39105459  0.38279536  0.39105459  0.36654781  0.35855559  0.37462710  
10_0_0     0.36654781  0.35064858  0.36654781  0.26881847  0.29754112  0.27589552  0.24116682  0.36654781  0.01485364  0.01485364  0.00000000  0.03001084  0.04029052  0.03513287  0.38279536  0.37462710  0.38279536  0.34282498  0.36654781  0.38279536  
5_0_0      0.35855559  0.34282498  0.35855559  0.26881847  0.26881847  0.26180831  0.24116682  0.36654781  0.03513287  0.03513287  0.03001084  0.00000000  0.06128746  0.05598223  0.38279536  0.39105459  0.39940684  0.34282498  0.36654781  0.36654781  
11_0_0     0.39940684  0.38279536  0.39940684  0.26881847  0.29754112  0.27589552  0.26180831  0.38279536  0.04548429  0.04548429  0.04029052  0.06128746  0.00000000  0.02492394  0.39940684  0.39105459  0.39940684  0.35855559  0.36654781  0.38279536  
17_0_0     0.35855559  0.34282498  0.35855559  0.26180831  0.29025550  0.25486378  0.25486378  0.35855559  0.04029052  0.04029052  0.03513287  0.05598223  0.02492394  0.00000000  0.39105459  0.38279536  0.39105459  0.36654781  0.37462710  0.38279536  
7_0_0      0.54767904  0.54767904  0.53749105  0.43378943  0.47913805  0.44264004  0.41639891  0.42504320  0.40785421  0.39105459  0.38279536  0.38279536  0.39940684  0.39105459  0.00000000  0.02492394  0.03001084  0.17623748  0.22108430  0.22108430  
13_0_0     0.54767904  0.54767904  0.53749105  0.44264004  0.46984378  0.45159754  0.40785421  0.43378943  0.39940684  0.38279536  0.37462710  0.39105459  0.39105459  0.38279536  0.02492394  0.00000000  0.00491823  0.17004655  0.21450918  0.21450918  
9_0_0      0.55800893  0.55800893  0.54767904  0.43378943  0.46066455  0.44264004  0.39940684  0.42504320  0.40785421  0.39105459  0.38279536  0.39940684  0.39940684  0.39105459  0.03001084  0.00491823  0.00000000  0.17623748  0.22108430  0.22108430  
19_0_0     0.48855026  0.48855026  0.47913805  0.36654781  0.39105459  0.37462710  0.36654781  0.44264004  0.36654781  0.36654781  0.34282498  0.34282498  0.35855559  0.36654781  0.17623748  0.17004655  0.17623748  0.00000000  0.08839820  0.10515345  
8_0_0      0.56848473  0.56848473  0.55800893  0.40785421  0.43378943  0.39940684  0.39940684  0.44264004  0.37462710  0.35855559  0.36654781  0.36654781  0.36654781  0.37462710  0.22108430  0.21450918  0.22108430  0.08839820  0.00000000  0.01485364  
18_0_0     0.56848473  0.56848473  0.53749105  0.42504320  0.43378943  0.39105459  0.39940684  0.45159754  0.39105459  0.37462710  0.38279536  0.36654781  0.38279536  0.38279536  0.22108430  0.21450918  0.22108430  0.10515345  0.01485364  0.00000000  

