20
2_0_0      0.00000000  0.00492726  0.00000000  0.61021474  0.64287486  0.64267374  0.62093950  0.63182456  0.56354309  0.56354309  0.54898247  0.58367420  0.62667003  0.66166073  0.64839369  0.63158613  0.63158613  0.53194441  0.67207470  0.65431730  
3_0_0      0.00492726  0.00000000  0.00492726  0.59477565  0.62668608  0.62616892  0.60525835  0.64830450  0.54898247  0.54898247  0.53485209  0.56840609  0.61009011  0.64384545  0.66581350  0.64839369  0.64839369  0.51863497  0.69051693  0.67207470  
1_0_0      0.00000000  0.00492726  0.00000000  0.61021474  0.64287486  0.64267374  0.62093950  0.63182456  0.56354309  0.56354309  0.54898247  0.58367420  0.62667003  0.66166073  0.64839369  0.63158613  0.63158613  0.53194441  0.67207470  0.65431730  
6_0_0      0.61021474  0.59477565  0.61021474  0.00000000  0.12018979  0.05721103  0.17952944  0.19266891  0.32072849  0.32072849  0.32987625  0.31359477  0.31175243  0.28579283  0.51314081  0.50017639  0.50017639  0.49111756  0.43180800  0.44309606  
14_0_0     0.64287486  0.62668608  0.64287486  0.12018979  0.00000000  0.11402898  0.19061795  0.24145756  0.38134268  0.38134268  0.39155165  0.39405168  0.37134709  0.37134709  0.43196647  0.44297203  0.44297203  0.44572957  0.41306096  0.40264917  
15_0_0     0.64267374  0.62616892  0.64267374  0.05721103  0.11402898  0.00000000  0.13916322  0.19266891  0.31175243  0.31175243  0.32072849  0.30469854  0.28579283  0.29429042  0.52646648  0.54017411  0.54017411  0.47865262  0.42078025  0.43180800  
20_0_0     0.62093950  0.60525835  0.62093950  0.17952944  0.19061795  0.13916322  0.00000000  0.19377919  0.36598109  0.36598109  0.37598583  0.35841868  0.35618136  0.36598109  0.47197881  0.48411362  0.48411362  0.38683178  0.41810680  0.42900343  
16_0_0     0.63182456  0.64830450  0.63182456  0.19266891  0.24145756  0.19266891  0.19377919  0.00000000  0.35402914  0.35402914  0.34452578  0.34657841  0.34452578  0.35402914  0.42900343  0.44015413  0.44015413  0.36916099  0.38914521  0.37904873  
4_0_0      0.56354309  0.54898247  0.56354309  0.32072849  0.38134268  0.31175243  0.36598109  0.35402914  0.00000000  0.00492726  0.00492726  0.02504218  0.04585085  0.06213663  0.38620434  0.39664595  0.39664595  0.39933522  0.39933522  0.41013571  
12_0_0     0.56354309  0.54898247  0.56354309  0.32072849  0.38134268  0.31175243  0.36598109  0.35402914  0.00492726  0.00000000  0.00990580  0.02504218  0.04585085  0.06213663  0.38620434  0.39664595  0.39664595  0.39933522  0.39933522  0.41013571  
10_0_0     0.54898247  0.53485209  0.54898247  0.32987625  0.39155165  0.32072849  0.37598583  0.34452578  0.00492726  0.00990580  0.00000000  0.03020776  0.05121806  0.06769084  0.39664595  0.40732064  0.40732064  0.38877325  0.38877325  0.39933522  
5_0_0      0.58367420  0.56840609  0.58367420  0.31359477  0.39405168  0.30469854  0.35841868  0.34657841  0.02504218  0.02504218  0.03020776  0.00000000  0.05144676  0.06801884  0.39933522  0.41013571  0.41013571  0.42423451  0.41304958  0.42423451  
11_0_0     0.62667003  0.61009011  0.62667003  0.31175243  0.37134709  0.28579283  0.35618136  0.34452578  0.04585085  0.04585085  0.05121806  0.05144676  0.00000000  0.01493672  0.42941253  0.44085333  0.44085333  0.39933522  0.38877325  0.39933522  
17_0_0     0.66166073  0.64384545  0.66166073  0.28579283  0.37134709  0.29429042  0.36598109  0.35402914  0.06213663  0.06213663  0.06769084  0.06801884  0.01493672  0.00000000  0.44085333  0.45257453  0.45257453  0.41013571  0.39933522  0.41013571  
7_0_0      0.64839369  0.66581350  0.64839369  0.51314081  0.43196647  0.52646648  0.47197881  0.42900343  0.38620434  0.38620434  0.39664595  0.39933522  0.42941253  0.44085333  0.00000000  0.00492726  0.00492726  0.18660124  0.20106652  0.20846660  
13_0_0     0.63158613  0.64839369  0.63158613  0.50017639  0.44297203  0.54017411  0.48411362  0.44015413  0.39664595  0.39664595  0.40732064  0.41013571  0.44085333  0.45257453  0.00492726  0.00000000  0.00000000  0.19377919  0.20846660  0.21598299  
9_0_0      0.63158613  0.64839369  0.63158613  0.50017639  0.44297203  0.54017411  0.48411362  0.44015413  0.39664595  0.39664595  0.40732064  0.41013571  0.44085333  0.45257453  0.00492726  0.00000000  0.00000000  0.19377919  0.20846660  0.21598299  
19_0_0     0.53194441  0.51863497  0.53194441  0.49111756  0.44572957  0.47865262  0.38683178  0.36916099  0.39933522  0.39933522  0.38877325  0.42423451  0.39933522  0.41013571  0.18660124  0.19377919  0.19377919  0.00000000  0.09647271  0.09057610  
8_0_0      0.67207470  0.69051693  0.67207470  0.43180800  0.41306096  0.42078025  0.41810680  0.38914521  0.39933522  0.39933522  0.38877325  0.41304958  0.38877325  0.39933522  0.20106652  0.20846660  0.20846660  0.09647271  0.00000000  0.00492726  
18_0_0     0.65431730  0.67207470  0.65431730  0.44309606  0.40264917  0.43180800  0.42900343  0.37904873  0.41013571  0.41013571  0.39933522  0.42423451  0.39933522  0.41013571  0.20846660  0.21598299  0.21598299  0.09057610  0.00492726  0.00000000  

