20
20_0_0     0.00000000  0.33330383  0.33145521  0.28363836  0.38680119  0.32788270  0.32788270  0.40579227  0.40579227  0.39536949  0.40827465  0.40827465  0.40827465  0.55333355  0.53958052  0.53958052  0.51104575  0.29555559  0.29555559  0.29555559  
14_0_0     0.33330383  0.00000000  0.09600338  0.07376728  0.18593348  0.10812206  0.10812206  0.36535842  0.36535842  0.35574646  0.34818973  0.30315805  0.30315805  0.36338114  0.36338114  0.36338114  0.35975433  0.25089024  0.25089024  0.25089024  
6_0_0      0.33145521  0.09600338  0.00000000  0.07920572  0.19923038  0.14492679  0.14492679  0.32636079  0.32636079  0.31752331  0.34631788  0.27673977  0.27673977  0.34869205  0.34869205  0.34869205  0.38298593  0.25757008  0.25757008  0.25757008  
15_0_0     0.28363836  0.07376728  0.07920572  0.00000000  0.17374380  0.12123191  0.12123191  0.29607970  0.29607970  0.28761775  0.31513214  0.28067807  0.28067807  0.35386286  0.35386286  0.35386286  0.41084824  0.22235611  0.22235611  0.22235611  
16_0_0     0.38680119  0.18593348  0.19923038  0.17374380  0.00000000  0.08679607  0.08679607  0.31345102  0.33145521  0.32237113  0.31513214  0.29760494  0.29760494  0.37308634  0.35386286  0.35386286  0.46783966  0.32258044  0.32258044  0.32258044  
18_0_0     0.32788270  0.10812206  0.14492679  0.12123191  0.08679607  0.00000000  0.01005177  0.35014012  0.33145521  0.34070937  0.33330383  0.29760494  0.29760494  0.35386286  0.35386286  0.35386286  0.37956267  0.25355930  0.25355930  0.25355930  
8_0_0      0.32788270  0.10812206  0.14492679  0.12123191  0.08679607  0.01005177  0.00000000  0.35014012  0.35014012  0.34070937  0.33330383  0.29760494  0.29760494  0.35386286  0.35386286  0.35386286  0.37956267  0.25355930  0.25355930  0.25355930  
12_0_0     0.40579227  0.36535842  0.32636079  0.29607970  0.31345102  0.35014012  0.35014012  0.00000000  0.01005177  0.00500033  0.03064828  0.07468399  0.07468399  0.42802738  0.42802738  0.42802738  0.45846225  0.36955927  0.36955927  0.36955927  
4_0_0      0.40579227  0.36535842  0.32636079  0.29607970  0.33145521  0.33145521  0.35014012  0.01005177  0.00000000  0.00500033  0.03064828  0.07468399  0.07468399  0.40696810  0.40696810  0.40696810  0.43569636  0.36955927  0.36955927  0.36955927  
10_0_0     0.39536949  0.35574646  0.31752331  0.28761775  0.32237113  0.34070937  0.34070937  0.00500033  0.00500033  0.00000000  0.02540977  0.06896014  0.06896014  0.41738558  0.41738558  0.41738558  0.44694823  0.35975433  0.35975433  0.35975433  
5_0_0      0.40827465  0.34818973  0.34631788  0.31513214  0.31513214  0.33330383  0.33330383  0.03064828  0.03064828  0.02540977  0.00000000  0.08679607  0.08679607  0.39888763  0.39888763  0.39888763  0.42732135  0.37178337  0.37178337  0.37178337  
17_0_0     0.40827465  0.30315805  0.27673977  0.28067807  0.29760494  0.29760494  0.29760494  0.07468399  0.07468399  0.06896014  0.08679607  0.00000000  0.00000000  0.43048660  0.40919777  0.40919777  0.41643959  0.37178337  0.37178337  0.37178337  
11_0_0     0.40827465  0.30315805  0.27673977  0.28067807  0.29760494  0.29760494  0.29760494  0.07468399  0.07468399  0.06896014  0.08679607  0.00000000  0.00000000  0.43048660  0.40919777  0.40919777  0.41643959  0.37178337  0.37178337  0.37178337  
7_0_0      0.55333355  0.36338114  0.34869205  0.35386286  0.37308634  0.35386286  0.35386286  0.42802738  0.40696810  0.41738558  0.39888763  0.43048660  0.43048660  0.00000000  0.01005177  0.01005177  0.18355099  0.47025091  0.47025091  0.47025091  
9_0_0      0.53958052  0.36338114  0.34869205  0.35386286  0.35386286  0.35386286  0.35386286  0.42802738  0.40696810  0.41738558  0.39888763  0.40919777  0.40919777  0.01005177  0.00000000  0.00000000  0.18355099  0.44694823  0.44694823  0.44694823  
13_0_0     0.53958052  0.36338114  0.34869205  0.35386286  0.35386286  0.35386286  0.35386286  0.42802738  0.40696810  0.41738558  0.39888763  0.40919777  0.40919777  0.01005177  0.00000000  0.00000000  0.18355099  0.44694823  0.44694823  0.44694823  
19_0_0     0.51104575  0.35975433  0.38298593  0.41084824  0.46783966  0.37956267  0.37956267  0.45846225  0.43569636  0.44694823  0.42732135  0.41643959  0.41643959  0.18355099  0.18355099  0.18355099  0.00000000  0.46783966  0.46783966  0.46783966  
2_0_0      0.29555559  0.25089024  0.25757008  0.22235611  0.32258044  0.25355930  0.25355930  0.36955927  0.36955927  0.35975433  0.37178337  0.37178337  0.37178337  0.47025091  0.44694823  0.44694823  0.46783966  0.00000000  0.00000000  0.00000000  
3_0_0      0.29555559  0.25089024  0.25757008  0.22235611  0.32258044  0.25355930  0.25355930  0.36955927  0.36955927  0.35975433  0.37178337  0.37178337  0.37178337  0.47025091  0.44694823  0.44694823  0.46783966  0.00000000  0.00000000  0.00000000  
1_0_0      0.29555559  0.25089024  0.25757008  0.22235611  0.32258044  0.25355930  0.25355930  0.36955927  0.36955927  0.35975433  0.37178337  0.37178337  0.37178337  0.47025091  0.44694823  0.44694823  0.46783966  0.00000000  0.00000000  0.00000000  

