193
38_9_0     0.00000000  0.22045000  0.19238174  0.22045000  0.21097289  0.23978340  0.20161784  0.21097289  0.19238174  0.17425456  0.16535782  0.18326161  0.22045000  0.19238174  0.19238174  0.18326161  0.22045000  0.16535782  0.20161784  0.29049553  0.28006592  0.24964655  0.15656873  0.23005238  0.23005238  0.22045000  0.22045000  0.33377924  0.22045000  0.23005238  0.23005238  0.23005238  0.23005238  0.23978340  0.31181504  0.29049553  0.32271413  0.29049553  0.29049553  0.32271413  0.28006592  0.23978340  0.25964546  0.26978394  0.26978394  0.28006592  0.28006592  0.24964655  0.25964546  0.25964546  0.24964655  0.25964546  0.25964546  0.24964655  0.24964655  0.28006592  0.24964655  0.21097289  0.24964655  0.23978340  0.23005238  0.23978340  0.17425456  0.21097289  0.22045000  0.25964546  0.25964546  0.28006592  0.30107708  0.30107708  0.29049553  0.28006592  0.33377924  0.24964655  0.24964655  0.23978340  0.24964655  0.23005238  0.23005238  0.28006592  0.29049553  0.23978340  0.28006592  0.29049553  0.25964546  0.25964546  0.24964655  0.23978340  0.23978340  0.28006592  0.26978394  0.30107708  0.33377924  0.32271413  0.34501551  0.32271413  0.30107708  0.32271413  0.34501551  0.33377924  0.34501551  0.36802331  0.36802331  0.33377924  0.33377924  0.24964655  0.29049553  0.28006592  0.28006592  0.23978340  0.24964655  0.25964546  0.24964655  0.24964655  0.26978394  0.28006592  0.24964655  0.31181504  0.31181504  0.30107708  0.28006592  0.28006592  0.23005238  0.23978340  0.23005238  0.24964655  0.22045000  0.22045000  0.22045000  0.26978394  0.24964655  0.25964546  0.26978394  0.24964655  0.24964655  0.23978340  0.22045000  0.22045000  0.22045000  0.23978340  0.23978340  0.23005238  0.24964655  0.23005238  0.19238174  0.25964546  0.28006592  0.25964546  0.30107708  0.32271413  0.33377924  0.34501551  0.29049553  0.30107708  0.29049553  0.31181504  0.30107708  0.30107708  0.30107708  0.33377924  0.30107708  0.31181504  0.29049553  0.29049553  0.25964546  0.26978394  0.23978340  0.26978394  0.25964546  0.35642832  0.36802331  0.33377924  0.23978340  0.23978340  0.28006592  0.23978340  0.23978340  0.35642832  0.24964655  0.23005238  0.22045000  0.22045000  0.25964546  0.28006592  0.31181504  0.30107708  0.30107708  0.30107708  0.30107708  0.30107708  0.31181504  0.25964546  0.30107708  
38_2_0     0.22045000  0.00000000  0.13082206  0.20161784  0.25964546  0.25964546  0.24964655  0.23978340  0.25964546  0.25964546  0.24964655  0.24964655  0.23978340  0.23005238  0.23978340  0.21097289  0.21097289  0.15656873  0.22045000  0.26978394  0.26978394  0.23005238  0.22045000  0.31181504  0.22045000  0.22045000  0.23978340  0.28006592  0.20161784  0.18326161  0.20161784  0.20161784  0.20161784  0.22045000  0.23978340  0.25964546  0.31181504  0.23978340  0.23005238  0.25964546  0.26978394  0.23978340  0.23005238  0.22045000  0.26978394  0.29049553  0.29049553  0.21097289  0.22045000  0.22045000  0.23005238  0.22045000  0.22045000  0.23005238  0.24964655  0.22045000  0.23005238  0.28006592  0.31181504  0.30107708  0.29049553  0.29049553  0.22045000  0.31181504  0.31181504  0.30107708  0.31181504  0.33377924  0.35642832  0.40396192  0.39178375  0.39178375  0.36802331  0.24964655  0.25964546  0.26978394  0.25964546  0.25964546  0.29049553  0.33377924  0.31181504  0.31181504  0.32271413  0.33377924  0.29049553  0.29049553  0.33377924  0.33377924  0.33377924  0.31181504  0.32271413  0.35642832  0.34501551  0.35642832  0.36802331  0.31181504  0.32271413  0.31181504  0.29049553  0.30107708  0.30107708  0.25964546  0.26978394  0.29049553  0.29049553  0.25964546  0.28006592  0.30107708  0.30107708  0.30107708  0.26978394  0.29049553  0.30107708  0.30107708  0.31181504  0.28006592  0.24964655  0.31181504  0.31181504  0.34501551  0.34501551  0.34501551  0.28006592  0.28006592  0.30107708  0.33377924  0.32271413  0.31181504  0.31181504  0.23005238  0.23005238  0.22045000  0.23005238  0.23005238  0.23005238  0.23978340  0.28006592  0.28006592  0.29049553  0.30107708  0.30107708  0.28006592  0.31181504  0.23005238  0.25964546  0.33377924  0.35642832  0.32271413  0.33377924  0.34501551  0.39178375  0.39178375  0.39178375  0.35642832  0.41634774  0.34501551  0.34501551  0.34501551  0.35642832  0.31181504  0.32271413  0.34501551  0.35642832  0.30107708  0.29049553  0.29049553  0.31181504  0.29049553  0.29049553  0.31181504  0.35642832  0.37980638  0.25964546  0.25964546  0.35642832  0.30107708  0.26978394  0.37980638  0.25964546  0.23978340  0.23978340  0.23005238  0.25964546  0.28006592  0.29049553  0.28006592  0.33377924  0.26978394  0.29049553  0.29049553  0.29049553  0.32271413  0.29049553  
38_11_0    0.19238174  0.13082206  0.00000000  0.20161784  0.23005238  0.23978340  0.17425456  0.18326161  0.18326161  0.20161784  0.19238174  0.21097289  0.21097289  0.21097289  0.18326161  0.15656873  0.14788472  0.14788472  0.15656873  0.23978340  0.23978340  0.22045000  0.18326161  0.23978340  0.17425456  0.19238174  0.19238174  0.25964546  0.18326161  0.17425456  0.21097289  0.21097289  0.20161784  0.19238174  0.23005238  0.24964655  0.24964655  0.23005238  0.23005238  0.25964546  0.25964546  0.23978340  0.23005238  0.22045000  0.24964655  0.23005238  0.23005238  0.21097289  0.22045000  0.22045000  0.21097289  0.21097289  0.23005238  0.23978340  0.25964546  0.22045000  0.23005238  0.29049553  0.30107708  0.29049553  0.29049553  0.29049553  0.21097289  0.28006592  0.24964655  0.29049553  0.24964655  0.33377924  0.33377924  0.32271413  0.31181504  0.33377924  0.29049553  0.23978340  0.24964655  0.23005238  0.23978340  0.23978340  0.24964655  0.30107708  0.25964546  0.26978394  0.26978394  0.25964546  0.28006592  0.28006592  0.30107708  0.29049553  0.29049553  0.26978394  0.28006592  0.30107708  0.30107708  0.32271413  0.33377924  0.30107708  0.28006592  0.23005238  0.28006592  0.28006592  0.28006592  0.25964546  0.28006592  0.31181504  0.31181504  0.26978394  0.29049553  0.22045000  0.22045000  0.23978340  0.21097289  0.25964546  0.24964655  0.24964655  0.26978394  0.23978340  0.24964655  0.26978394  0.26978394  0.28006592  0.24964655  0.30107708  0.23978340  0.25964546  0.25964546  0.28006592  0.28006592  0.26978394  0.26978394  0.26978394  0.23005238  0.23978340  0.24964655  0.23005238  0.23005238  0.22045000  0.22045000  0.22045000  0.23005238  0.25964546  0.25964546  0.20161784  0.23978340  0.20161784  0.21097289  0.26978394  0.31181504  0.31181504  0.30107708  0.30107708  0.33377924  0.33377924  0.31181504  0.32271413  0.32271413  0.33377924  0.32271413  0.32271413  0.29049553  0.28006592  0.25964546  0.30107708  0.29049553  0.30107708  0.26978394  0.28006592  0.26978394  0.25964546  0.25964546  0.25964546  0.33377924  0.32271413  0.23005238  0.23005238  0.33377924  0.25964546  0.23978340  0.36802331  0.22045000  0.23005238  0.23005238  0.22045000  0.23978340  0.23978340  0.26978394  0.25964546  0.26978394  0.23005238  0.24964655  0.24964655  0.28006592  0.23978340  0.29049553  
65_2_0     0.22045000  0.20161784  0.20161784  0.00000000  0.25964546  0.24964655  0.22045000  0.23005238  0.23005238  0.24964655  0.23978340  0.22045000  0.22045000  0.19238174  0.22045000  0.16535782  0.26978394  0.18326161  0.19238174  0.31181504  0.24964655  0.28006592  0.22045000  0.23978340  0.19238174  0.19238174  0.20161784  0.23978340  0.18326161  0.18326161  0.24964655  0.24964655  0.24964655  0.23005238  0.23005238  0.23005238  0.28006592  0.24964655  0.22045000  0.24964655  0.23978340  0.24964655  0.25964546  0.23978340  0.30107708  0.30107708  0.30107708  0.25964546  0.24964655  0.24964655  0.25964546  0.23005238  0.23005238  0.23978340  0.23978340  0.24964655  0.25964546  0.22045000  0.28006592  0.26978394  0.23978340  0.23978340  0.21097289  0.20161784  0.20161784  0.28006592  0.20161784  0.31181504  0.30107708  0.30107708  0.26978394  0.30107708  0.31181504  0.22045000  0.23005238  0.19238174  0.20161784  0.19238174  0.19238174  0.28006592  0.32271413  0.29049553  0.31181504  0.31181504  0.26978394  0.26978394  0.30107708  0.30107708  0.30107708  0.30107708  0.31181504  0.30107708  0.31181504  0.30107708  0.33377924  0.25964546  0.26978394  0.25964546  0.30107708  0.29049553  0.29049553  0.29049553  0.28006592  0.34501551  0.34501551  0.30107708  0.34501551  0.25964546  0.25964546  0.23978340  0.23005238  0.23005238  0.23978340  0.23978340  0.26978394  0.23978340  0.21097289  0.25964546  0.25964546  0.23005238  0.25964546  0.31181504  0.29049553  0.26978394  0.26978394  0.30107708  0.29049553  0.28006592  0.28006592  0.25964546  0.26978394  0.28006592  0.26978394  0.26978394  0.26978394  0.25964546  0.26978394  0.26978394  0.28006592  0.29049553  0.29049553  0.24964655  0.25964546  0.19238174  0.20161784  0.20161784  0.26978394  0.24964655  0.25964546  0.26978394  0.30107708  0.30107708  0.25964546  0.26978394  0.28006592  0.28006592  0.28006592  0.28006592  0.32271413  0.32271413  0.31181504  0.31181504  0.32271413  0.32271413  0.24964655  0.29049553  0.29049553  0.28006592  0.30107708  0.33377924  0.33377924  0.31181504  0.23978340  0.23978340  0.23978340  0.29049553  0.28006592  0.32271413  0.25964546  0.23978340  0.23005238  0.15656873  0.18326161  0.25964546  0.29049553  0.28006592  0.23005238  0.23005238  0.24964655  0.24964655  0.26978394  0.20161784  0.18326161  
85_4_0     0.21097289  0.25964546  0.23005238  0.25964546  0.00000000  0.05104819  0.13082206  0.13930329  0.13930329  0.15656873  0.14788472  0.16535782  0.15656873  0.17425456  0.11415101  0.19238174  0.19238174  0.18326161  0.19238174  0.21097289  0.24964655  0.22045000  0.13082206  0.23005238  0.23005238  0.23005238  0.23005238  0.25964546  0.25964546  0.23005238  0.20161784  0.20161784  0.20161784  0.21097289  0.26978394  0.24964655  0.25964546  0.24964655  0.23005238  0.26978394  0.23978340  0.22045000  0.23005238  0.28006592  0.26978394  0.26978394  0.26978394  0.21097289  0.20161784  0.20161784  0.19238174  0.20161784  0.20161784  0.21097289  0.23005238  0.20161784  0.23005238  0.24964655  0.26978394  0.25964546  0.23978340  0.23978340  0.24964655  0.22045000  0.21097289  0.28006592  0.18326161  0.22045000  0.23978340  0.28006592  0.29049553  0.25964546  0.26978394  0.23978340  0.23005238  0.23005238  0.23978340  0.23005238  0.24964655  0.30107708  0.23978340  0.23005238  0.23005238  0.23978340  0.23978340  0.23978340  0.25964546  0.26978394  0.26978394  0.28006592  0.26978394  0.29049553  0.29049553  0.30107708  0.25964546  0.30107708  0.28006592  0.30107708  0.32271413  0.31181504  0.29049553  0.33377924  0.31181504  0.32271413  0.32271413  0.30107708  0.34501551  0.28006592  0.28006592  0.23005238  0.24964655  0.25964546  0.24964655  0.24964655  0.30107708  0.26978394  0.26978394  0.32271413  0.32271413  0.26978394  0.26978394  0.29049553  0.25964546  0.26978394  0.26978394  0.23978340  0.21097289  0.22045000  0.22045000  0.23005238  0.26978394  0.23978340  0.24964655  0.23005238  0.23005238  0.22045000  0.21097289  0.21097289  0.20161784  0.21097289  0.21097289  0.23005238  0.22045000  0.22045000  0.20161784  0.25964546  0.29049553  0.26978394  0.26978394  0.30107708  0.28006592  0.32271413  0.26978394  0.28006592  0.28006592  0.29049553  0.30107708  0.30107708  0.26978394  0.28006592  0.25964546  0.26978394  0.24964655  0.26978394  0.25964546  0.25964546  0.23005238  0.24964655  0.26978394  0.30107708  0.24964655  0.26978394  0.18326161  0.18326161  0.32271413  0.23005238  0.19238174  0.28006592  0.20161784  0.21097289  0.22045000  0.20161784  0.21097289  0.23978340  0.24964655  0.25964546  0.33377924  0.33377924  0.30107708  0.30107708  0.31181504  0.26978394  0.28006592  
85_2_0     0.23978340  0.25964546  0.23978340  0.24964655  0.05104819  0.00000000  0.13930329  0.16535782  0.14788472  0.15656873  0.14788472  0.14788472  0.14788472  0.13930329  0.10595680  0.23978340  0.22045000  0.21097289  0.16535782  0.25964546  0.28006592  0.26978394  0.16535782  0.23005238  0.24964655  0.24964655  0.23005238  0.29049553  0.23978340  0.23978340  0.23005238  0.23005238  0.23005238  0.25964546  0.26978394  0.26978394  0.29049553  0.28006592  0.23978340  0.28006592  0.25964546  0.23005238  0.25964546  0.29049553  0.25964546  0.23978340  0.23978340  0.22045000  0.21097289  0.21097289  0.22045000  0.21097289  0.21097289  0.22045000  0.23005238  0.21097289  0.23005238  0.25964546  0.29049553  0.28006592  0.28006592  0.25964546  0.25964546  0.25964546  0.19238174  0.30107708  0.17425456  0.24964655  0.26978394  0.28006592  0.30107708  0.28006592  0.28006592  0.25964546  0.26978394  0.28006592  0.29049553  0.26978394  0.25964546  0.28006592  0.26978394  0.21097289  0.23978340  0.23005238  0.23978340  0.23978340  0.30107708  0.29049553  0.29049553  0.31181504  0.30107708  0.28006592  0.32271413  0.32271413  0.26978394  0.28006592  0.29049553  0.32271413  0.32271413  0.33377924  0.31181504  0.34501551  0.34501551  0.32271413  0.32271413  0.30107708  0.34501551  0.30107708  0.30107708  0.24964655  0.26978394  0.26978394  0.28006592  0.28006592  0.31181504  0.30107708  0.30107708  0.29049553  0.29049553  0.25964546  0.25964546  0.28006592  0.26978394  0.25964546  0.25964546  0.26978394  0.23005238  0.22045000  0.22045000  0.25964546  0.26978394  0.26978394  0.28006592  0.25964546  0.25964546  0.24964655  0.22045000  0.22045000  0.23005238  0.22045000  0.22045000  0.23005238  0.25964546  0.23005238  0.21097289  0.24964655  0.31181504  0.32271413  0.30107708  0.30107708  0.31181504  0.33377924  0.32271413  0.33377924  0.28006592  0.32271413  0.31181504  0.31181504  0.25964546  0.29049553  0.29049553  0.25964546  0.28006592  0.32271413  0.26978394  0.30107708  0.24964655  0.20161784  0.22045000  0.29049553  0.30107708  0.31181504  0.21097289  0.21097289  0.32271413  0.22045000  0.21097289  0.29049553  0.24964655  0.24964655  0.25964546  0.22045000  0.23978340  0.25964546  0.26978394  0.28006592  0.33377924  0.34501551  0.33377924  0.33377924  0.36802331  0.28006592  0.29049553  
39_2_0     0.20161784  0.24964655  0.17425456  0.22045000  0.13082206  0.13930329  0.00000000  0.05864271  0.05864271  0.07407417  0.06631746  0.09785400  0.11415101  0.11415101  0.08984058  0.17425456  0.15656873  0.17425456  0.14788472  0.23005238  0.22045000  0.22045000  0.17425456  0.18326161  0.21097289  0.21097289  0.19238174  0.30107708  0.20161784  0.19238174  0.20161784  0.20161784  0.20161784  0.19238174  0.25964546  0.23978340  0.23978340  0.23978340  0.22045000  0.25964546  0.23005238  0.21097289  0.23005238  0.22045000  0.22045000  0.22045000  0.22045000  0.22045000  0.21097289  0.21097289  0.20161784  0.21097289  0.21097289  0.22045000  0.23978340  0.20161784  0.23978340  0.25964546  0.24964655  0.23978340  0.25964546  0.25964546  0.20161784  0.24964655  0.22045000  0.30107708  0.18326161  0.29049553  0.29049553  0.30107708  0.31181504  0.30107708  0.26978394  0.24964655  0.25964546  0.19238174  0.20161784  0.20161784  0.18326161  0.23978340  0.20161784  0.17425456  0.17425456  0.18326161  0.20161784  0.20161784  0.23005238  0.22045000  0.22045000  0.23005238  0.22045000  0.23005238  0.29049553  0.30107708  0.30107708  0.30107708  0.25964546  0.30107708  0.30107708  0.30107708  0.26978394  0.31181504  0.32271413  0.31181504  0.31181504  0.28006592  0.30107708  0.21097289  0.21097289  0.24964655  0.22045000  0.24964655  0.23978340  0.23978340  0.28006592  0.30107708  0.31181504  0.26978394  0.26978394  0.30107708  0.19238174  0.26978394  0.23978340  0.24964655  0.24964655  0.26978394  0.24964655  0.23978340  0.23978340  0.24964655  0.24964655  0.28006592  0.29049553  0.26978394  0.26978394  0.25964546  0.23005238  0.23005238  0.23978340  0.23005238  0.23005238  0.23978340  0.23978340  0.22045000  0.18326161  0.18326161  0.33377924  0.30107708  0.30107708  0.30107708  0.26978394  0.28006592  0.25964546  0.28006592  0.24964655  0.26978394  0.25964546  0.25964546  0.26978394  0.29049553  0.28006592  0.28006592  0.26978394  0.30107708  0.29049553  0.29049553  0.25964546  0.20161784  0.22045000  0.30107708  0.26978394  0.26978394  0.20161784  0.20161784  0.28006592  0.23978340  0.22045000  0.34501551  0.21097289  0.25964546  0.25964546  0.21097289  0.22045000  0.26978394  0.28006592  0.29049553  0.28006592  0.23978340  0.24964655  0.24964655  0.28006592  0.22045000  0.23005238  
39_5_0     0.21097289  0.23978340  0.18326161  0.23005238  0.13930329  0.16535782  0.05864271  0.00000000  0.08984058  0.08984058  0.08191460  0.09785400  0.06631746  0.12243871  0.09785400  0.16535782  0.18326161  0.19238174  0.15656873  0.23978340  0.23005238  0.23005238  0.20161784  0.23005238  0.21097289  0.23005238  0.21097289  0.29049553  0.24964655  0.23978340  0.23005238  0.23005238  0.23005238  0.22045000  0.22045000  0.20161784  0.18326161  0.20161784  0.22045000  0.23005238  0.19238174  0.19238174  0.21097289  0.22045000  0.20161784  0.22045000  0.22045000  0.20161784  0.19238174  0.19238174  0.18326161  0.19238174  0.19238174  0.20161784  0.22045000  0.18326161  0.22045000  0.26978394  0.25964546  0.24964655  0.24964655  0.26978394  0.23005238  0.22045000  0.19238174  0.24964655  0.17425456  0.23978340  0.23978340  0.23978340  0.24964655  0.24964655  0.23978340  0.22045000  0.21097289  0.20161784  0.19238174  0.19238174  0.21097289  0.22045000  0.22045000  0.21097289  0.21097289  0.22045000  0.22045000  0.22045000  0.20161784  0.19238174  0.19238174  0.20161784  0.19238174  0.23978340  0.23978340  0.24964655  0.30107708  0.26978394  0.23005238  0.26978394  0.24964655  0.24964655  0.23978340  0.28006592  0.29049553  0.26978394  0.26978394  0.25964546  0.25964546  0.22045000  0.22045000  0.23978340  0.23005238  0.25964546  0.24964655  0.24964655  0.26978394  0.29049553  0.30107708  0.30107708  0.30107708  0.29049553  0.22045000  0.25964546  0.26978394  0.28006592  0.28006592  0.23978340  0.20161784  0.21097289  0.21097289  0.20161784  0.23978340  0.23005238  0.22045000  0.22045000  0.22045000  0.23005238  0.25964546  0.25964546  0.24964655  0.25964546  0.25964546  0.24964655  0.23005238  0.21097289  0.21097289  0.21097289  0.29049553  0.29049553  0.30107708  0.28006592  0.28006592  0.29049553  0.29049553  0.29049553  0.25964546  0.28006592  0.26978394  0.26978394  0.23978340  0.25964546  0.24964655  0.24964655  0.22045000  0.29049553  0.28006592  0.28006592  0.24964655  0.19238174  0.23005238  0.26978394  0.25964546  0.25964546  0.19238174  0.19238174  0.29049553  0.24964655  0.23005238  0.36802331  0.18326161  0.26978394  0.26978394  0.22045000  0.21097289  0.25964546  0.24964655  0.25964546  0.23978340  0.22045000  0.21097289  0.21097289  0.22045000  0.20161784  0.19238174  
73_2_0     0.19238174  0.25964546  0.18326161  0.23005238  0.13930329  0.14788472  0.05864271  0.08984058  0.00000000  0.04353226  0.03609329  0.06631746  0.12243871  0.13930329  0.11415101  0.18326161  0.15656873  0.16535782  0.15656873  0.26978394  0.25964546  0.23978340  0.19238174  0.20161784  0.23005238  0.23005238  0.21097289  0.34501551  0.20161784  0.19238174  0.22045000  0.22045000  0.22045000  0.21097289  0.24964655  0.23005238  0.23005238  0.23005238  0.21097289  0.24964655  0.22045000  0.20161784  0.22045000  0.21097289  0.21097289  0.21097289  0.21097289  0.23005238  0.22045000  0.22045000  0.21097289  0.20161784  0.20161784  0.21097289  0.23005238  0.21097289  0.24964655  0.28006592  0.26978394  0.25964546  0.28006592  0.28006592  0.22045000  0.23978340  0.21097289  0.29049553  0.17425456  0.26978394  0.29049553  0.30107708  0.29049553  0.25964546  0.29049553  0.22045000  0.23005238  0.19238174  0.20161784  0.20161784  0.18326161  0.24964655  0.19238174  0.18326161  0.18326161  0.19238174  0.21097289  0.21097289  0.21097289  0.20161784  0.20161784  0.21097289  0.20161784  0.24964655  0.28006592  0.29049553  0.31181504  0.29049553  0.24964655  0.29049553  0.31181504  0.31181504  0.25964546  0.32271413  0.33377924  0.33377924  0.33377924  0.30107708  0.32271413  0.23978340  0.23978340  0.25964546  0.24964655  0.28006592  0.26978394  0.26978394  0.31181504  0.26978394  0.28006592  0.25964546  0.25964546  0.26978394  0.18326161  0.23978340  0.23005238  0.23978340  0.23978340  0.25964546  0.23978340  0.23005238  0.23005238  0.23005238  0.23005238  0.25964546  0.26978394  0.24964655  0.24964655  0.23978340  0.20161784  0.20161784  0.21097289  0.22045000  0.22045000  0.23005238  0.23005238  0.22045000  0.17425456  0.18326161  0.32271413  0.29049553  0.29049553  0.28006592  0.28006592  0.26978394  0.26978394  0.29049553  0.25964546  0.30107708  0.29049553  0.29049553  0.23978340  0.23978340  0.23005238  0.23005238  0.22045000  0.31181504  0.25964546  0.25964546  0.23005238  0.21097289  0.21097289  0.30107708  0.26978394  0.26978394  0.20161784  0.20161784  0.29049553  0.21097289  0.21097289  0.32271413  0.22045000  0.24964655  0.24964655  0.22045000  0.21097289  0.32271413  0.33377924  0.34501551  0.26978394  0.24964655  0.25964546  0.25964546  0.29049553  0.21097289  0.23978340  
41_2_0     0.17425456  0.25964546  0.20161784  0.24964655  0.15656873  0.15656873  0.07407417  0.08984058  0.04353226  0.00000000  0.00707661  0.03609329  0.12243871  0.10595680  0.11415101  0.22045000  0.19238174  0.17425456  0.17425456  0.26978394  0.28006592  0.23978340  0.19238174  0.18326161  0.24964655  0.24964655  0.23005238  0.34501551  0.18326161  0.21097289  0.23978340  0.23978340  0.23978340  0.23005238  0.23978340  0.22045000  0.23978340  0.23978340  0.22045000  0.25964546  0.21097289  0.21097289  0.23005238  0.22045000  0.20161784  0.20161784  0.20161784  0.22045000  0.21097289  0.21097289  0.20161784  0.23005238  0.21097289  0.22045000  0.22045000  0.23978340  0.22045000  0.28006592  0.26978394  0.25964546  0.28006592  0.28006592  0.23005238  0.23978340  0.21097289  0.26978394  0.19238174  0.24964655  0.26978394  0.28006592  0.26978394  0.26978394  0.29049553  0.22045000  0.23005238  0.23978340  0.23005238  0.21097289  0.23005238  0.23978340  0.22045000  0.17425456  0.19238174  0.20161784  0.20161784  0.20161784  0.20161784  0.19238174  0.19238174  0.23978340  0.23005238  0.28006592  0.30107708  0.29049553  0.30107708  0.29049553  0.26978394  0.31181504  0.29049553  0.29049553  0.28006592  0.32271413  0.33377924  0.33377924  0.33377924  0.30107708  0.30107708  0.23978340  0.23978340  0.25964546  0.24964655  0.25964546  0.24964655  0.24964655  0.26978394  0.31181504  0.32271413  0.29049553  0.29049553  0.30107708  0.22045000  0.23978340  0.23005238  0.23978340  0.23978340  0.23978340  0.20161784  0.19238174  0.19238174  0.25964546  0.23978340  0.29049553  0.30107708  0.28006592  0.28006592  0.29049553  0.25964546  0.25964546  0.26978394  0.28006592  0.28006592  0.23005238  0.24964655  0.23978340  0.19238174  0.23005238  0.30107708  0.29049553  0.31181504  0.29049553  0.30107708  0.31181504  0.31181504  0.31181504  0.28006592  0.30107708  0.29049553  0.29049553  0.25964546  0.28006592  0.26978394  0.26978394  0.25964546  0.31181504  0.28006592  0.28006592  0.24964655  0.20161784  0.23978340  0.33377924  0.32271413  0.30107708  0.22045000  0.22045000  0.26978394  0.24964655  0.24964655  0.36802331  0.23978340  0.26978394  0.26978394  0.20161784  0.23005238  0.34501551  0.33377924  0.34501551  0.24964655  0.26978394  0.28006592  0.28006592  0.29049553  0.23005238  0.23978340  
78_2_0     0.16535782  0.24964655  0.19238174  0.23978340  0.14788472  0.14788472  0.06631746  0.08191460  0.03609329  0.00707661  0.00000000  0.02872974  0.11415101  0.09785400  0.10595680  0.21097289  0.18326161  0.16535782  0.16535782  0.25964546  0.26978394  0.23005238  0.18326161  0.17425456  0.23978340  0.23978340  0.22045000  0.33377924  0.19238174  0.20161784  0.23005238  0.23005238  0.23005238  0.22045000  0.24964655  0.23005238  0.24964655  0.24964655  0.23005238  0.26978394  0.22045000  0.22045000  0.23978340  0.23005238  0.21097289  0.21097289  0.21097289  0.23005238  0.22045000  0.22045000  0.21097289  0.22045000  0.22045000  0.23005238  0.23005238  0.23005238  0.23005238  0.29049553  0.28006592  0.26978394  0.29049553  0.29049553  0.23978340  0.24964655  0.22045000  0.28006592  0.20161784  0.25964546  0.28006592  0.29049553  0.28006592  0.28006592  0.30107708  0.23005238  0.23978340  0.23005238  0.22045000  0.20161784  0.22045000  0.23005238  0.23005238  0.18326161  0.20161784  0.21097289  0.21097289  0.21097289  0.21097289  0.20161784  0.20161784  0.23005238  0.22045000  0.29049553  0.29049553  0.28006592  0.29049553  0.28006592  0.25964546  0.30107708  0.28006592  0.28006592  0.26978394  0.31181504  0.32271413  0.32271413  0.32271413  0.29049553  0.29049553  0.23005238  0.23005238  0.24964655  0.23978340  0.24964655  0.23978340  0.23978340  0.25964546  0.30107708  0.31181504  0.28006592  0.28006592  0.29049553  0.21097289  0.24964655  0.23978340  0.24964655  0.24964655  0.24964655  0.19238174  0.18326161  0.18326161  0.24964655  0.23005238  0.28006592  0.29049553  0.26978394  0.26978394  0.28006592  0.24964655  0.24964655  0.25964546  0.26978394  0.26978394  0.22045000  0.23978340  0.23005238  0.20161784  0.22045000  0.29049553  0.28006592  0.30107708  0.28006592  0.29049553  0.30107708  0.30107708  0.30107708  0.26978394  0.29049553  0.28006592  0.28006592  0.24964655  0.26978394  0.25964546  0.25964546  0.24964655  0.30107708  0.26978394  0.26978394  0.23978340  0.21097289  0.24964655  0.32271413  0.31181504  0.29049553  0.21097289  0.21097289  0.25964546  0.23978340  0.23978340  0.35642832  0.23005238  0.25964546  0.25964546  0.21097289  0.23978340  0.33377924  0.32271413  0.33377924  0.25964546  0.28006592  0.29049553  0.29049553  0.30107708  0.23978340  0.24964655  
69_2_0     0.18326161  0.24964655  0.21097289  0.22045000  0.16535782  0.14788472  0.09785400  0.09785400  0.06631746  0.03609329  0.02872974  0.00000000  0.11415101  0.08191460  0.08984058  0.24964655  0.20161784  0.18326161  0.14788472  0.25964546  0.26978394  0.23005238  0.20161784  0.19238174  0.23978340  0.22045000  0.22045000  0.29049553  0.21097289  0.22045000  0.23005238  0.23005238  0.23005238  0.23978340  0.24964655  0.24964655  0.26978394  0.26978394  0.23005238  0.26978394  0.23978340  0.23978340  0.25964546  0.24964655  0.23005238  0.23005238  0.23005238  0.24964655  0.23978340  0.23978340  0.23005238  0.23978340  0.23978340  0.24964655  0.24964655  0.24964655  0.24964655  0.26978394  0.25964546  0.24964655  0.26978394  0.26978394  0.22045000  0.23005238  0.20161784  0.23978340  0.18326161  0.22045000  0.23978340  0.24964655  0.23978340  0.23978340  0.25964546  0.19238174  0.20161784  0.21097289  0.20161784  0.18326161  0.20161784  0.21097289  0.23005238  0.14788472  0.18326161  0.19238174  0.17425456  0.17425456  0.21097289  0.20161784  0.20161784  0.23005238  0.22045000  0.26978394  0.26978394  0.25964546  0.26978394  0.23978340  0.23978340  0.30107708  0.28006592  0.28006592  0.26978394  0.31181504  0.32271413  0.28006592  0.28006592  0.24964655  0.26978394  0.23005238  0.23005238  0.23005238  0.22045000  0.23005238  0.22045000  0.22045000  0.23978340  0.30107708  0.29049553  0.25964546  0.25964546  0.26978394  0.23005238  0.23005238  0.23978340  0.24964655  0.24964655  0.23005238  0.19238174  0.18326161  0.18326161  0.21097289  0.23005238  0.25964546  0.24964655  0.24964655  0.24964655  0.25964546  0.23005238  0.23005238  0.23978340  0.24964655  0.24964655  0.22045000  0.22045000  0.21097289  0.18326161  0.23978340  0.26978394  0.25964546  0.28006592  0.28006592  0.26978394  0.28006592  0.30107708  0.28006592  0.29049553  0.26978394  0.25964546  0.25964546  0.24964655  0.26978394  0.25964546  0.25964546  0.24964655  0.29049553  0.25964546  0.25964546  0.23005238  0.17425456  0.21097289  0.31181504  0.32271413  0.30107708  0.18326161  0.18326161  0.23978340  0.22045000  0.22045000  0.31181504  0.23005238  0.25964546  0.25964546  0.21097289  0.23978340  0.31181504  0.30107708  0.31181504  0.23978340  0.25964546  0.26978394  0.26978394  0.28006592  0.22045000  0.21097289  
48_2_0     0.22045000  0.23978340  0.21097289  0.22045000  0.15656873  0.14788472  0.11415101  0.06631746  0.12243871  0.12243871  0.11415101  0.11415101  0.00000000  0.11415101  0.10595680  0.19238174  0.23005238  0.20161784  0.14788472  0.23005238  0.23005238  0.22045000  0.22045000  0.23978340  0.25964546  0.25964546  0.23978340  0.30107708  0.23978340  0.23005238  0.23978340  0.23978340  0.23978340  0.24964655  0.22045000  0.20161784  0.18326161  0.20161784  0.20161784  0.21097289  0.19238174  0.17425456  0.21097289  0.22045000  0.22045000  0.23978340  0.23978340  0.18326161  0.17425456  0.17425456  0.16535782  0.17425456  0.17425456  0.18326161  0.18326161  0.16535782  0.20161784  0.25964546  0.28006592  0.26978394  0.25964546  0.26978394  0.23005238  0.23005238  0.18326161  0.25964546  0.14788472  0.23005238  0.23978340  0.23005238  0.25964546  0.24964655  0.23978340  0.21097289  0.22045000  0.21097289  0.20161784  0.20161784  0.20161784  0.24964655  0.24964655  0.20161784  0.22045000  0.21097289  0.21097289  0.21097289  0.23005238  0.22045000  0.22045000  0.23005238  0.22045000  0.23005238  0.24964655  0.25964546  0.30107708  0.25964546  0.22045000  0.28006592  0.23978340  0.25964546  0.23005238  0.26978394  0.28006592  0.24964655  0.24964655  0.23978340  0.23978340  0.23978340  0.23978340  0.22045000  0.21097289  0.23978340  0.23005238  0.23005238  0.24964655  0.31181504  0.30107708  0.28006592  0.28006592  0.29049553  0.22045000  0.25964546  0.24964655  0.23978340  0.23978340  0.25964546  0.23978340  0.23005238  0.23005238  0.23005238  0.26978394  0.23978340  0.23005238  0.23005238  0.23005238  0.23978340  0.24964655  0.24964655  0.25964546  0.23005238  0.23005238  0.25964546  0.25964546  0.22045000  0.22045000  0.22045000  0.32271413  0.31181504  0.31181504  0.31181504  0.25964546  0.29049553  0.31181504  0.29049553  0.28006592  0.28006592  0.26978394  0.26978394  0.23005238  0.26978394  0.24964655  0.25964546  0.24964655  0.29049553  0.23978340  0.23978340  0.23005238  0.16535782  0.18326161  0.25964546  0.26978394  0.29049553  0.22045000  0.22045000  0.30107708  0.26978394  0.24964655  0.33377924  0.19238174  0.29049553  0.29049553  0.20161784  0.22045000  0.28006592  0.26978394  0.28006592  0.23005238  0.23005238  0.23978340  0.23978340  0.24964655  0.19238174  0.20161784  
95_2_0     0.19238174  0.23005238  0.21097289  0.19238174  0.17425456  0.13930329  0.11415101  0.12243871  0.13930329  0.10595680  0.09785400  0.08191460  0.11415101  0.00000000  0.08191460  0.20161784  0.22045000  0.13930329  0.12243871  0.24964655  0.25964546  0.23978340  0.21097289  0.18326161  0.24964655  0.23005238  0.21097289  0.26978394  0.22045000  0.23005238  0.23978340  0.23978340  0.23978340  0.24964655  0.24964655  0.26978394  0.29049553  0.29049553  0.23005238  0.26978394  0.25964546  0.25964546  0.29049553  0.25964546  0.24964655  0.24964655  0.24964655  0.26978394  0.25964546  0.25964546  0.24964655  0.25964546  0.25964546  0.26978394  0.26978394  0.25964546  0.26978394  0.26978394  0.28006592  0.26978394  0.29049553  0.29049553  0.24964655  0.23005238  0.20161784  0.25964546  0.20161784  0.26978394  0.26978394  0.25964546  0.26978394  0.29049553  0.28006592  0.22045000  0.23005238  0.23978340  0.23005238  0.20161784  0.22045000  0.25964546  0.28006592  0.21097289  0.24964655  0.23978340  0.23978340  0.23978340  0.26978394  0.25964546  0.25964546  0.29049553  0.28006592  0.26978394  0.30107708  0.29049553  0.29049553  0.25964546  0.25964546  0.31181504  0.31181504  0.28006592  0.26978394  0.32271413  0.32271413  0.29049553  0.29049553  0.25964546  0.28006592  0.26978394  0.26978394  0.23978340  0.23978340  0.26978394  0.25964546  0.25964546  0.25964546  0.33377924  0.30107708  0.30107708  0.30107708  0.30107708  0.25964546  0.29049553  0.28006592  0.26978394  0.26978394  0.28006592  0.23005238  0.22045000  0.22045000  0.24964655  0.29049553  0.28006592  0.26978394  0.29049553  0.29049553  0.30107708  0.26978394  0.26978394  0.28006592  0.26978394  0.26978394  0.24964655  0.26978394  0.22045000  0.22045000  0.25964546  0.29049553  0.25964546  0.28006592  0.28006592  0.32271413  0.29049553  0.32271413  0.31181504  0.28006592  0.30107708  0.29049553  0.29049553  0.29049553  0.34501551  0.32271413  0.32271413  0.31181504  0.32271413  0.30107708  0.30107708  0.26978394  0.18326161  0.22045000  0.28006592  0.31181504  0.29049553  0.22045000  0.22045000  0.23978340  0.25964546  0.25964546  0.31181504  0.28006592  0.29049553  0.28006592  0.21097289  0.24964655  0.31181504  0.30107708  0.31181504  0.28006592  0.30107708  0.31181504  0.31181504  0.32271413  0.25964546  0.24964655  
15_6_0     0.19238174  0.23978340  0.18326161  0.22045000  0.11415101  0.10595680  0.08984058  0.09785400  0.11415101  0.11415101  0.10595680  0.08984058  0.10595680  0.08191460  0.00000000  0.21097289  0.21097289  0.16535782  0.13082206  0.25964546  0.24964655  0.24964655  0.16535782  0.21097289  0.22045000  0.22045000  0.22045000  0.25964546  0.24964655  0.23978340  0.21097289  0.21097289  0.21097289  0.23978340  0.23005238  0.23005238  0.24964655  0.23005238  0.19238174  0.23005238  0.22045000  0.20161784  0.23005238  0.25964546  0.21097289  0.21097289  0.21097289  0.21097289  0.20161784  0.20161784  0.19238174  0.20161784  0.20161784  0.21097289  0.23005238  0.20161784  0.23005238  0.26978394  0.29049553  0.28006592  0.28006592  0.28006592  0.22045000  0.25964546  0.21097289  0.26978394  0.17425456  0.23978340  0.23978340  0.24964655  0.25964546  0.24964655  0.21097289  0.23005238  0.23978340  0.23005238  0.23978340  0.23005238  0.21097289  0.29049553  0.24964655  0.20161784  0.22045000  0.23005238  0.21097289  0.21097289  0.28006592  0.26978394  0.26978394  0.28006592  0.26978394  0.28006592  0.31181504  0.32271413  0.30107708  0.29049553  0.26978394  0.32271413  0.32271413  0.33377924  0.30107708  0.35642832  0.35642832  0.26978394  0.26978394  0.21097289  0.24964655  0.24964655  0.24964655  0.22045000  0.22045000  0.24964655  0.23978340  0.23978340  0.28006592  0.31181504  0.30107708  0.29049553  0.29049553  0.26978394  0.24964655  0.30107708  0.23005238  0.23978340  0.23978340  0.23005238  0.22045000  0.21097289  0.21097289  0.22045000  0.28006592  0.26978394  0.25964546  0.25964546  0.25964546  0.24964655  0.23978340  0.23978340  0.24964655  0.23978340  0.23978340  0.23978340  0.25964546  0.21097289  0.19238174  0.24964655  0.32271413  0.31181504  0.29049553  0.33377924  0.31181504  0.32271413  0.31181504  0.32271413  0.31181504  0.31181504  0.30107708  0.30107708  0.28006592  0.31181504  0.29049553  0.29049553  0.28006592  0.28006592  0.28006592  0.23978340  0.23005238  0.20161784  0.22045000  0.29049553  0.30107708  0.32271413  0.21097289  0.21097289  0.29049553  0.23978340  0.22045000  0.30107708  0.23005238  0.25964546  0.24964655  0.22045000  0.23978340  0.30107708  0.31181504  0.32271413  0.31181504  0.26978394  0.28006592  0.28006592  0.31181504  0.24964655  0.25964546  
15_3_0     0.18326161  0.21097289  0.15656873  0.16535782  0.19238174  0.23978340  0.17425456  0.16535782  0.18326161  0.22045000  0.21097289  0.24964655  0.19238174  0.20161784  0.21097289  0.00000000  0.10595680  0.10595680  0.11415101  0.25964546  0.22045000  0.23978340  0.18326161  0.21097289  0.18326161  0.20161784  0.17425456  0.30107708  0.20161784  0.17425456  0.23978340  0.23978340  0.23978340  0.21097289  0.23978340  0.23978340  0.25964546  0.22045000  0.25964546  0.26978394  0.23005238  0.23005238  0.25964546  0.23005238  0.25964546  0.28006592  0.28006592  0.22045000  0.23005238  0.23005238  0.22045000  0.23978340  0.24964655  0.25964546  0.28006592  0.24964655  0.23978340  0.22045000  0.25964546  0.24964655  0.21097289  0.23005238  0.19238174  0.17425456  0.20161784  0.23978340  0.23005238  0.28006592  0.28006592  0.26978394  0.30107708  0.28006592  0.32271413  0.21097289  0.20161784  0.16535782  0.17425456  0.17425456  0.19238174  0.26978394  0.26978394  0.26978394  0.25964546  0.24964655  0.24964655  0.24964655  0.23978340  0.24964655  0.24964655  0.25964546  0.25964546  0.22045000  0.28006592  0.29049553  0.32271413  0.28006592  0.25964546  0.26978394  0.30107708  0.26978394  0.26978394  0.29049553  0.26978394  0.30107708  0.30107708  0.26978394  0.28006592  0.24964655  0.24964655  0.24964655  0.23978340  0.26978394  0.25964546  0.25964546  0.30107708  0.23978340  0.23005238  0.31181504  0.32271413  0.26978394  0.23978340  0.26978394  0.23978340  0.22045000  0.22045000  0.28006592  0.23978340  0.25964546  0.25964546  0.23005238  0.23978340  0.21097289  0.22045000  0.20161784  0.20161784  0.20161784  0.22045000  0.22045000  0.21097289  0.25964546  0.25964546  0.23978340  0.24964655  0.23005238  0.23978340  0.21097289  0.29049553  0.25964546  0.25964546  0.28006592  0.32271413  0.29049553  0.24964655  0.28006592  0.25964546  0.26978394  0.28006592  0.28006592  0.26978394  0.31181504  0.28006592  0.30107708  0.26978394  0.25964546  0.28006592  0.28006592  0.26978394  0.29049553  0.26978394  0.28006592  0.26978394  0.25964546  0.23005238  0.23005238  0.24964655  0.25964546  0.23978340  0.34501551  0.22045000  0.22045000  0.21097289  0.18326161  0.18326161  0.18326161  0.21097289  0.21097289  0.25964546  0.25964546  0.25964546  0.25964546  0.26978394  0.21097289  0.23978340  
15_7_0     0.22045000  0.21097289  0.14788472  0.26978394  0.19238174  0.22045000  0.15656873  0.18326161  0.15656873  0.19238174  0.18326161  0.20161784  0.23005238  0.22045000  0.21097289  0.10595680  0.00000000  0.14788472  0.12243871  0.22045000  0.22045000  0.20161784  0.19238174  0.18326161  0.23005238  0.23005238  0.22045000  0.29049553  0.23978340  0.21097289  0.23978340  0.23978340  0.23978340  0.21097289  0.24964655  0.26978394  0.29049553  0.24964655  0.26978394  0.30107708  0.25964546  0.25964546  0.24964655  0.23978340  0.23005238  0.23005238  0.23005238  0.23005238  0.23978340  0.23978340  0.23005238  0.24964655  0.25964546  0.26978394  0.29049553  0.23978340  0.24964655  0.25964546  0.26978394  0.25964546  0.23978340  0.23978340  0.21097289  0.21097289  0.22045000  0.23978340  0.23005238  0.26978394  0.29049553  0.29049553  0.30107708  0.28006592  0.29049553  0.19238174  0.18326161  0.18326161  0.19238174  0.19238174  0.19238174  0.23978340  0.20161784  0.22045000  0.19238174  0.20161784  0.23978340  0.23978340  0.19238174  0.20161784  0.20161784  0.18326161  0.18326161  0.20161784  0.23978340  0.24964655  0.26978394  0.23978340  0.23978340  0.26978394  0.28006592  0.24964655  0.24964655  0.26978394  0.26978394  0.28006592  0.28006592  0.24964655  0.28006592  0.25964546  0.25964546  0.28006592  0.24964655  0.26978394  0.25964546  0.25964546  0.31181504  0.25964546  0.26978394  0.25964546  0.24964655  0.33377924  0.20161784  0.28006592  0.24964655  0.26978394  0.26978394  0.23005238  0.23005238  0.23005238  0.23005238  0.24964655  0.23978340  0.23005238  0.23978340  0.22045000  0.22045000  0.20161784  0.19238174  0.19238174  0.18326161  0.23005238  0.23005238  0.21097289  0.18326161  0.21097289  0.20161784  0.20161784  0.34501551  0.30107708  0.33377924  0.33377924  0.25964546  0.24964655  0.26978394  0.28006592  0.25964546  0.26978394  0.28006592  0.28006592  0.26978394  0.24964655  0.28006592  0.28006592  0.24964655  0.25964546  0.29049553  0.29049553  0.25964546  0.23005238  0.21097289  0.25964546  0.24964655  0.25964546  0.21097289  0.21097289  0.26978394  0.23005238  0.21097289  0.32271413  0.22045000  0.20161784  0.23005238  0.23005238  0.21097289  0.23005238  0.24964655  0.24964655  0.26978394  0.28006592  0.25964546  0.25964546  0.26978394  0.22045000  0.28006592  
