140
27_5_0     0.00000000  0.03638480  0.06167709  0.05527234  0.08123155  0.13605928  0.13605928  0.21086675  0.22678262  0.21086675  0.21878180  0.08123155  0.27669817  0.25131872  0.26814107  0.24304910  0.25131872  0.22678262  0.21086675  0.24304910  0.18002857  0.37801734  0.42910789  0.42910789  0.36821010  0.33954650  0.43976430  0.46154987  0.46154987  0.46154987  0.46154987  0.53105057  0.47268850  0.47268850  0.37801734  0.37801734  0.38795657  0.42910789  0.39803141  0.38795657  0.40824561  0.45057675  0.75657105  0.69341359  0.60777865  0.69341359  0.69341359  0.59442414  0.60777865  0.59442414  0.58130685  0.59442414  0.39803141  0.37801734  0.34897795  0.35853142  0.53105057  0.50714945  0.51900331  0.49548286  0.40824561  0.40824561  0.49548286  0.49548286  0.49548286  0.36821010  0.36821010  0.41860308  0.41860308  0.40824561  0.37801734  0.37801734  0.55575126  0.42910789  0.42910789  0.42910789  0.46154987  0.42910789  0.42910789  0.40824561  0.42910789  0.38795657  0.37801734  0.37801734  0.37801734  0.38795657  0.39803141  0.46154987  0.46154987  0.43976430  0.45057675  0.39803141  0.42910789  0.43976430  0.46154987  0.39803141  0.39803141  0.40824561  0.41860308  0.45057675  0.45057675  0.43976430  0.47268850  0.58130685  0.55575126  0.50714945  0.48399774  0.59442414  0.59442414  0.37801734  0.34897795  0.33023399  0.33023399  0.32103746  0.35853142  0.33954650  0.46154987  0.43976430  0.41860308  0.35853142  0.33954650  0.34897795  0.40824561  0.41860308  0.43976430  0.34897795  0.30298103  0.30298103  0.33954650  0.32103746  0.33023399  0.33023399  0.53105057  0.32103746  0.32103746  0.33954650  0.33954650  0.34897795  0.34897795  0.31195406  
27_12_0    0.03638480  0.00000000  0.06167709  0.06813788  0.09456158  0.14320808  0.14320808  0.20303563  0.21878180  0.20303563  0.20303563  0.06167709  0.29411573  0.26814107  0.28535560  0.25968199  0.26814107  0.25131872  0.23487107  0.23487107  0.18761822  0.41860308  0.45057675  0.45057675  0.40824561  0.37801734  0.45057675  0.48399774  0.50714945  0.50714945  0.50714945  0.55575126  0.51900331  0.51900331  0.37801734  0.39803141  0.40824561  0.42910789  0.43976430  0.42910789  0.45057675  0.45057675  0.75657105  0.75657105  0.66375140  0.70870380  0.70870380  0.64935546  0.59442414  0.58130685  0.59442414  0.59442414  0.38795657  0.37801734  0.34897795  0.35853142  0.50714945  0.48399774  0.49548286  0.47268850  0.40824561  0.40824561  0.49548286  0.49548286  0.49548286  0.40824561  0.40824561  0.42910789  0.43976430  0.42910789  0.37801734  0.37801734  0.58130685  0.42910789  0.45057675  0.45057675  0.48399774  0.42910789  0.42910789  0.40824561  0.40824561  0.42910789  0.41860308  0.41860308  0.41860308  0.38795657  0.37801734  0.43976430  0.43976430  0.41860308  0.42910789  0.37801734  0.39803141  0.40824561  0.42910789  0.39803141  0.39803141  0.40824561  0.41860308  0.42910789  0.42910789  0.41860308  0.45057675  0.60777865  0.58130685  0.49548286  0.49548286  0.63523482  0.63523482  0.37801734  0.36821010  0.31195406  0.33023399  0.32103746  0.35853142  0.34897795  0.46154987  0.43976430  0.41860308  0.38795657  0.38795657  0.39803141  0.41860308  0.42910789  0.45057675  0.33954650  0.32103746  0.32103746  0.33954650  0.34897795  0.35853142  0.35853142  0.56841851  0.29411573  0.33023399  0.36821010  0.36821010  0.35853142  0.35853142  0.32103746  
30_5_0     0.06167709  0.06167709  0.00000000  0.00594099  0.10813667  0.18002857  0.18002857  0.22678262  0.24304910  0.22678262  0.22678262  0.08123155  0.27669817  0.26814107  0.28535560  0.25968199  0.26814107  0.25968199  0.22678262  0.27669817  0.21086675  0.41860308  0.43976430  0.43976430  0.41860308  0.38795657  0.45057675  0.43976430  0.46154987  0.46154987  0.48399774  0.50714945  0.47268850  0.49548286  0.38795657  0.38795657  0.39803141  0.41860308  0.42910789  0.41860308  0.43976430  0.46154987  0.67843357  0.67843357  0.59442414  0.72431731  0.70870380  0.58130685  0.62137914  0.60777865  0.55575126  0.56841851  0.40824561  0.38795657  0.37801734  0.38795657  0.51900331  0.49548286  0.50714945  0.48399774  0.41860308  0.39803141  0.55575126  0.55575126  0.55575126  0.39803141  0.39803141  0.40824561  0.41860308  0.40824561  0.37801734  0.37801734  0.58130685  0.42910789  0.45057675  0.45057675  0.48399774  0.41860308  0.41860308  0.39803141  0.39803141  0.40824561  0.39803141  0.39803141  0.39803141  0.40824561  0.37801734  0.43976430  0.43976430  0.41860308  0.42910789  0.37801734  0.40824561  0.41860308  0.43976430  0.38795657  0.38795657  0.39803141  0.40824561  0.45057675  0.45057675  0.43976430  0.45057675  0.63523482  0.60777865  0.53105057  0.53105057  0.58130685  0.58130685  0.37801734  0.36821010  0.33023399  0.33023399  0.32103746  0.37801734  0.37801734  0.50714945  0.48399774  0.46154987  0.38795657  0.38795657  0.39803141  0.43976430  0.40824561  0.39803141  0.34897795  0.33954650  0.33954650  0.35853142  0.33954650  0.33023399  0.34897795  0.54329764  0.34897795  0.34897795  0.38795657  0.38795657  0.37801734  0.37801734  0.33954650  
31_5_0     0.05527234  0.06813788  0.00594099  0.00000000  0.10131793  0.17251613  0.17251613  0.23487107  0.25131872  0.23487107  0.23487107  0.08786649  0.26814107  0.25968199  0.27669817  0.25131872  0.25968199  0.25131872  0.21878180  0.26814107  0.20303563  0.40824561  0.42910789  0.42910789  0.40824561  0.37801734  0.43976430  0.42910789  0.45057675  0.45057675  0.47268850  0.49548286  0.46154987  0.48399774  0.37801734  0.39803141  0.40824561  0.40824561  0.41860308  0.40824561  0.42910789  0.47268850  0.69341359  0.66375140  0.58130685  0.72431731  0.70870380  0.56841851  0.60777865  0.59442414  0.54329764  0.55575126  0.41860308  0.37801734  0.36821010  0.37801734  0.53105057  0.50714945  0.51900331  0.49548286  0.40824561  0.38795657  0.54329764  0.54329764  0.54329764  0.38795657  0.38795657  0.39803141  0.40824561  0.39803141  0.36821010  0.36821010  0.56841851  0.43976430  0.43976430  0.43976430  0.47268850  0.40824561  0.40824561  0.38795657  0.40824561  0.39803141  0.38795657  0.38795657  0.38795657  0.41860308  0.38795657  0.45057675  0.45057675  0.42910789  0.43976430  0.38795657  0.41860308  0.42910789  0.45057675  0.39803141  0.39803141  0.40824561  0.41860308  0.46154987  0.46154987  0.45057675  0.46154987  0.62137914  0.59442414  0.54329764  0.54329764  0.56841851  0.56841851  0.38795657  0.37801734  0.33954650  0.33954650  0.33023399  0.38795657  0.38795657  0.51900331  0.49548286  0.47268850  0.37801734  0.37801734  0.38795657  0.45057675  0.41860308  0.40824561  0.35853142  0.33023399  0.33023399  0.36821010  0.34897795  0.33954650  0.35853142  0.55575126  0.35853142  0.35853142  0.37801734  0.37801734  0.38795657  0.38795657  0.34897795  
27_10_0    0.08123155  0.09456158  0.10813667  0.10131793  0.00000000  0.12897902  0.12897902  0.23487107  0.23487107  0.23487107  0.22678262  0.12897902  0.27669817  0.28535560  0.30298103  0.27669817  0.28535560  0.21878180  0.18761822  0.20303563  0.17251613  0.40824561  0.46154987  0.46154987  0.39803141  0.36821010  0.40824561  0.47268850  0.49548286  0.49548286  0.48399774  0.54329764  0.48399774  0.48399774  0.37801734  0.41860308  0.40824561  0.42910789  0.40824561  0.40824561  0.39803141  0.43976430  0.64935546  0.69341359  0.64935546  0.70870380  0.74026810  0.66375140  0.64935546  0.63523482  0.55575126  0.59442414  0.37801734  0.37801734  0.36821010  0.37801734  0.53105057  0.50714945  0.54329764  0.51900331  0.42910789  0.42910789  0.51900331  0.51900331  0.51900331  0.40824561  0.40824561  0.42910789  0.46154987  0.45057675  0.41860308  0.41860308  0.54329764  0.47268850  0.46154987  0.46154987  0.49548286  0.39803141  0.39803141  0.41860308  0.43976430  0.45057675  0.43976430  0.43976430  0.43976430  0.43976430  0.45057675  0.45057675  0.45057675  0.42910789  0.43976430  0.40824561  0.40824561  0.39803141  0.47268850  0.40824561  0.40824561  0.37801734  0.40824561  0.43976430  0.43976430  0.42910789  0.43976430  0.50714945  0.48399774  0.53105057  0.50714945  0.56841851  0.56841851  0.37801734  0.36821010  0.33023399  0.31195406  0.32103746  0.33954650  0.32103746  0.47268850  0.45057675  0.43976430  0.34897795  0.33023399  0.33954650  0.37801734  0.40824561  0.39803141  0.33023399  0.32103746  0.32103746  0.33954650  0.32103746  0.33023399  0.33023399  0.55575126  0.33023399  0.33023399  0.33023399  0.34897795  0.39803141  0.39803141  0.36821010  
30_10_0    0.13605928  0.14320808  0.18002857  0.17251613  0.12897902  0.00000000  0.00000000  0.33023399  0.33023399  0.33023399  0.32103746  0.18002857  0.31195406  0.37801734  0.37801734  0.36821010  0.35853142  0.27669817  0.25968199  0.29411573  0.26814107  0.42910789  0.51900331  0.51900331  0.45057675  0.41860308  0.48399774  0.47268850  0.49548286  0.49548286  0.48399774  0.54329764  0.53105057  0.50714945  0.40824561  0.50714945  0.49548286  0.46154987  0.51900331  0.50714945  0.48399774  0.50714945  0.84396576  0.86275817  0.69341359  0.74026810  0.77324208  0.67843357  0.62137914  0.60777865  0.55575126  0.60777865  0.43976430  0.43976430  0.45057675  0.41860308  0.62137914  0.59442414  0.59442414  0.55575126  0.49548286  0.49548286  0.56841851  0.56841851  0.56841851  0.42910789  0.42910789  0.43976430  0.41860308  0.40824561  0.39803141  0.39803141  0.54329764  0.45057675  0.45057675  0.45057675  0.43976430  0.43976430  0.43976430  0.48399774  0.48399774  0.40824561  0.40824561  0.40824561  0.40824561  0.46154987  0.42910789  0.48399774  0.48399774  0.48399774  0.49548286  0.46154987  0.47268850  0.46154987  0.53105057  0.46154987  0.46154987  0.42910789  0.46154987  0.49548286  0.49548286  0.48399774  0.43976430  0.53105057  0.50714945  0.56841851  0.56841851  0.62137914  0.62137914  0.38795657  0.37801734  0.40824561  0.38795657  0.34897795  0.35853142  0.39803141  0.54329764  0.51900331  0.48399774  0.39803141  0.37801734  0.36821010  0.45057675  0.42910789  0.47268850  0.35853142  0.35853142  0.35853142  0.33954650  0.36821010  0.37801734  0.37801734  0.54329764  0.41860308  0.40824561  0.42910789  0.45057675  0.47268850  0.47268850  0.40824561  
31_10_0    0.13605928  0.14320808  0.18002857  0.17251613  0.12897902  0.00000000  0.00000000  0.33023399  0.33023399  0.33023399  0.32103746  0.18002857  0.31195406  0.37801734  0.37801734  0.36821010  0.35853142  0.27669817  0.25968199  0.29411573  0.26814107  0.42910789  0.51900331  0.51900331  0.45057675  0.41860308  0.48399774  0.47268850  0.49548286  0.49548286  0.48399774  0.54329764  0.53105057  0.50714945  0.40824561  0.50714945  0.49548286  0.46154987  0.51900331  0.50714945  0.48399774  0.50714945  0.84396576  0.86275817  0.69341359  0.74026810  0.77324208  0.67843357  0.62137914  0.60777865  0.55575126  0.60777865  0.43976430  0.43976430  0.45057675  0.41860308  0.62137914  0.59442414  0.59442414  0.55575126  0.49548286  0.49548286  0.56841851  0.56841851  0.56841851  0.42910789  0.42910789  0.43976430  0.41860308  0.40824561  0.39803141  0.39803141  0.54329764  0.45057675  0.45057675  0.45057675  0.43976430  0.43976430  0.43976430  0.48399774  0.48399774  0.40824561  0.40824561  0.40824561  0.40824561  0.46154987  0.42910789  0.48399774  0.48399774  0.48399774  0.49548286  0.46154987  0.47268850  0.46154987  0.53105057  0.46154987  0.46154987  0.42910789  0.46154987  0.49548286  0.49548286  0.48399774  0.43976430  0.53105057  0.50714945  0.56841851  0.56841851  0.62137914  0.62137914  0.38795657  0.37801734  0.40824561  0.38795657  0.34897795  0.35853142  0.39803141  0.54329764  0.51900331  0.48399774  0.39803141  0.37801734  0.36821010  0.45057675  0.42910789  0.47268850  0.35853142  0.35853142  0.35853142  0.33954650  0.36821010  0.37801734  0.37801734  0.54329764  0.41860308  0.40824561  0.42910789  0.45057675  0.47268850  0.47268850  0.40824561  
22_9_0     0.21086675  0.20303563  0.22678262  0.23487107  0.23487107  0.33023399  0.33023399  0.00000000  0.01193017  0.01193017  0.06167709  0.15771671  0.30298103  0.33023399  0.34897795  0.32103746  0.33023399  0.24304910  0.22678262  0.27669817  0.22678262  0.45057675  0.35853142  0.35853142  0.45057675  0.46154987  0.46154987  0.54329764  0.56841851  0.56841851  0.54329764  0.62137914  0.58130685  0.55575126  0.39803141  0.37801734  0.38795657  0.46154987  0.43976430  0.45057675  0.48399774  0.53105057  0.74026810  0.69341359  0.62137914  0.64935546  0.62137914  0.63523482  0.67843357  0.66375140  0.58130685  0.60777865  0.47268850  0.46154987  0.42910789  0.46154987  0.43976430  0.48399774  0.49548286  0.48399774  0.42910789  0.40824561  0.54329764  0.54329764  0.51900331  0.48399774  0.48399774  0.47268850  0.42910789  0.42910789  0.39803141  0.39803141  0.59442414  0.51900331  0.51900331  0.51900331  0.53105057  0.47268850  0.47268850  0.46154987  0.46154987  0.50714945  0.49548286  0.49548286  0.47268850  0.43976430  0.48399774  0.50714945  0.50714945  0.50714945  0.49548286  0.43976430  0.48399774  0.47268850  0.49548286  0.43976430  0.43976430  0.47268850  0.49548286  0.47268850  0.47268850  0.46154987  0.56841851  0.62137914  0.59442414  0.51900331  0.54329764  0.60777865  0.60777865  0.49548286  0.48399774  0.43976430  0.43976430  0.45057675  0.45057675  0.42910789  0.46154987  0.48399774  0.47268850  0.37801734  0.35853142  0.36821010  0.36821010  0.40824561  0.43976430  0.37801734  0.36821010  0.36821010  0.40824561  0.38795657  0.39803141  0.37801734  0.46154987  0.33023399  0.36821010  0.36821010  0.36821010  0.36821010  0.36821010  0.32103746  
22_7_0     0.22678262  0.21878180  0.24304910  0.25131872  0.23487107  0.33023399  0.33023399  0.01193017  0.00000000  0.01193017  0.06167709  0.17251613  0.30298103  0.33023399  0.34897795  0.32103746  0.33023399  0.22678262  0.21086675  0.25968199  0.21086675  0.45057675  0.35853142  0.35853142  0.42910789  0.43976430  0.46154987  0.56841851  0.59442414  0.59442414  0.56841851  0.64935546  0.60777865  0.58130685  0.39803141  0.37801734  0.38795657  0.46154987  0.43976430  0.45057675  0.48399774  0.53105057  0.70870380  0.69341359  0.64935546  0.62137914  0.62137914  0.66375140  0.67843357  0.66375140  0.58130685  0.60777865  0.47268850  0.46154987  0.42910789  0.46154987  0.43976430  0.48399774  0.49548286  0.48399774  0.42910789  0.40824561  0.56841851  0.56841851  0.54329764  0.48399774  0.48399774  0.47268850  0.42910789  0.42910789  0.39803141  0.39803141  0.59442414  0.51900331  0.51900331  0.51900331  0.53105057  0.47268850  0.47268850  0.46154987  0.46154987  0.50714945  0.49548286  0.49548286  0.47268850  0.43976430  0.46154987  0.50714945  0.50714945  0.50714945  0.49548286  0.43976430  0.46154987  0.45057675  0.47268850  0.41860308  0.41860308  0.45057675  0.47268850  0.45057675  0.45057675  0.43976430  0.54329764  0.62137914  0.59442414  0.54329764  0.56841851  0.60777865  0.60777865  0.49548286  0.48399774  0.43976430  0.43976430  0.45057675  0.45057675  0.40824561  0.45057675  0.47268850  0.45057675  0.35853142  0.33954650  0.34897795  0.34897795  0.38795657  0.41860308  0.37801734  0.38795657  0.38795657  0.40824561  0.38795657  0.39803141  0.37801734  0.48399774  0.34897795  0.38795657  0.38795657  0.38795657  0.36821010  0.36821010  0.32103746  
22_8_0     0.21086675  0.20303563  0.22678262  0.23487107  0.23487107  0.33023399  0.33023399  0.01193017  0.01193017  0.00000000  0.06167709  0.15771671  0.30298103  0.32103746  0.33954650  0.31195406  0.32103746  0.24304910  0.22678262  0.27669817  0.22678262  0.45057675  0.36821010  0.36821010  0.43976430  0.45057675  0.48399774  0.54329764  0.56841851  0.56841851  0.56841851  0.62137914  0.58130685  0.58130685  0.41860308  0.37801734  0.38795657  0.48399774  0.46154987  0.45057675  0.48399774  0.53105057  0.70870380  0.72431731  0.62137914  0.64935546  0.62137914  0.63523482  0.70870380  0.69341359  0.60777865  0.63523482  0.49548286  0.48399774  0.45057675  0.48399774  0.43976430  0.48399774  0.51900331  0.48399774  0.45057675  0.42910789  0.54329764  0.54329764  0.51900331  0.50714945  0.50714945  0.49548286  0.45057675  0.45057675  0.41860308  0.41860308  0.59442414  0.54329764  0.54329764  0.54329764  0.55575126  0.49548286  0.49548286  0.48399774  0.48399774  0.53105057  0.51900331  0.51900331  0.49548286  0.46154987  0.48399774  0.53105057  0.53105057  0.53105057  0.51900331  0.46154987  0.48399774  0.47268850  0.49548286  0.43976430  0.43976430  0.47268850  0.49548286  0.47268850  0.47268850  0.46154987  0.54329764  0.64935546  0.62137914  0.51900331  0.54329764  0.63523482  0.63523482  0.47268850  0.46154987  0.41860308  0.41860308  0.42910789  0.42910789  0.40824561  0.46154987  0.46154987  0.45057675  0.37801734  0.35853142  0.36821010  0.36821010  0.38795657  0.43976430  0.37801734  0.38795657  0.38795657  0.42910789  0.40824561  0.41860308  0.39803141  0.48399774  0.33023399  0.36821010  0.36821010  0.36821010  0.38795657  0.38795657  0.33954650  
22_5_0     0.21878180  0.20303563  0.22678262  0.23487107  0.22678262  0.32103746  0.32103746  0.06167709  0.06167709  0.06167709  0.00000000  0.18761822  0.25968199  0.28535560  0.28535560  0.25968199  0.26814107  0.23487107  0.21878180  0.26814107  0.23487107  0.46154987  0.41860308  0.41860308  0.48399774  0.47268850  0.51900331  0.56841851  0.56841851  0.56841851  0.53105057  0.62137914  0.60777865  0.58130685  0.39803141  0.43976430  0.42910789  0.43976430  0.46154987  0.47268850  0.50714945  0.55575126  0.70870380  0.72431731  0.63523482  0.62137914  0.58130685  0.64935546  0.70870380  0.69341359  0.54329764  0.59442414  0.50714945  0.48399774  0.45057675  0.48399774  0.45057675  0.50714945  0.51900331  0.51900331  0.42910789  0.40824561  0.59442414  0.59442414  0.56841851  0.49548286  0.49548286  0.48399774  0.42910789  0.42910789  0.39803141  0.39803141  0.58130685  0.50714945  0.49548286  0.49548286  0.50714945  0.48399774  0.48399774  0.48399774  0.46154987  0.53105057  0.48399774  0.48399774  0.48399774  0.45057675  0.46154987  0.50714945  0.50714945  0.50714945  0.49548286  0.43976430  0.48399774  0.47268850  0.49548286  0.41860308  0.41860308  0.43976430  0.48399774  0.45057675  0.45057675  0.43976430  0.54329764  0.69341359  0.66375140  0.56841851  0.59442414  0.63523482  0.63523482  0.45057675  0.45057675  0.40824561  0.38795657  0.42910789  0.41860308  0.40824561  0.43976430  0.46154987  0.47268850  0.35853142  0.33954650  0.34897795  0.34897795  0.36821010  0.40824561  0.38795657  0.39803141  0.39803141  0.43976430  0.41860308  0.42910789  0.40824561  0.47268850  0.37801734  0.39803141  0.41860308  0.41860308  0.40824561  0.40824561  0.33023399  
22_6_0     0.08123155  0.06167709  0.08123155  0.08786649  0.12897902  0.18002857  0.18002857  0.15771671  0.17251613  0.15771671  0.18761822  0.00000000  0.29411573  0.29411573  0.31195406  0.28535560  0.29411573  0.27669817  0.24304910  0.29411573  0.22678262  0.41860308  0.41860308  0.41860308  0.40824561  0.39803141  0.49548286  0.48399774  0.50714945  0.50714945  0.50714945  0.55575126  0.51900331  0.51900331  0.35853142  0.39803141  0.40824561  0.40824561  0.42910789  0.41860308  0.43976430  0.46154987  0.70870380  0.70870380  0.62137914  0.69341359  0.69341359  0.66375140  0.62137914  0.60777865  0.58130685  0.60777865  0.41860308  0.41860308  0.38795657  0.39803141  0.50714945  0.48399774  0.49548286  0.47268850  0.42910789  0.42910789  0.55575126  0.55575126  0.55575126  0.41860308  0.41860308  0.43976430  0.45057675  0.43976430  0.40824561  0.40824561  0.59442414  0.48399774  0.50714945  0.50714945  0.54329764  0.42910789  0.42910789  0.40824561  0.40824561  0.43976430  0.45057675  0.45057675  0.45057675  0.43976430  0.42910789  0.49548286  0.49548286  0.47268850  0.48399774  0.42910789  0.45057675  0.46154987  0.48399774  0.42910789  0.42910789  0.43976430  0.45057675  0.48399774  0.48399774  0.47268850  0.48399774  0.62137914  0.59442414  0.50714945  0.50714945  0.59442414  0.59442414  0.39803141  0.38795657  0.36821010  0.36821010  0.33954650  0.37801734  0.39803141  0.47268850  0.45057675  0.41860308  0.39803141  0.39803141  0.40824561  0.45057675  0.43976430  0.43976430  0.36821010  0.35853142  0.35853142  0.35853142  0.35853142  0.36821010  0.36821010  0.54329764  0.30298103  0.32103746  0.37801734  0.37801734  0.33954650  0.33954650  0.29411573  
27_4_0     0.27669817  0.29411573  0.27669817  0.26814107  0.27669817  0.31195406  0.31195406  0.30298103  0.30298103  0.30298103  0.25968199  0.29411573  0.00000000  0.16507934  0.16507934  0.15771671  0.16507934  0.25131872  0.23487107  0.26814107  0.21878180  0.40824561  0.37801734  0.37801734  0.40824561  0.43976430  0.42910789  0.50714945  0.53105057  0.53105057  0.50714945  0.55575126  0.54329764  0.55575126  0.45057675  0.53105057  0.51900331  0.43976430  0.56841851  0.58130685  0.54329764  0.54329764  0.77324208  0.82563976  0.63523482  0.77324208  0.75657105  0.64935546  0.63523482  0.64935546  0.54329764  0.60777865  0.47268850  0.51900331  0.51900331  0.53105057  0.59442414  0.54329764  0.60777865  0.59442414  0.47268850  0.49548286  0.51900331  0.51900331  0.51900331  0.46154987  0.46154987  0.48399774  0.45057675  0.43976430  0.41860308  0.41860308  0.51900331  0.51900331  0.53105057  0.53105057  0.54329764  0.48399774  0.48399774  0.50714945  0.50714945  0.48399774  0.49548286  0.49548286  0.46154987  0.56841851  0.48399774  0.48399774  0.48399774  0.47268850  0.48399774  0.48399774  0.53105057  0.51900331  0.55575126  0.46154987  0.46154987  0.46154987  0.47268850  0.49548286  0.49548286  0.48399774  0.51900331  0.59442414  0.59442414  0.58130685  0.58130685  0.60777865  0.60777865  0.48399774  0.47268850  0.46154987  0.43976430  0.48399774  0.42910789  0.39803141  0.49548286  0.51900331  0.48399774  0.35853142  0.33954650  0.34897795  0.42910789  0.38795657  0.40824561  0.40824561  0.34897795  0.34897795  0.40824561  0.40824561  0.41860308  0.40824561  0.43976430  0.47268850  0.42910789  0.45057675  0.45057675  0.46154987  0.46154987  0.38795657  
30_11_0    0.25131872  0.26814107  0.26814107  0.25968199  0.28535560  0.37801734  0.37801734  0.33023399  0.33023399  0.32103746  0.28535560  0.29411573  0.16507934  0.00000000  0.01193017  0.02405626  0.03019480  0.26814107  0.26814107  0.28535560  0.23487107  0.38795657  0.41860308  0.41860308  0.40824561  0.41860308  0.38795657  0.60777865  0.60777865  0.60777865  0.59442414  0.60777865  0.62137914  0.67843357  0.49548286  0.50714945  0.50714945  0.50714945  0.53105057  0.53105057  0.55575126  0.60777865  0.74026810  0.80775756  0.50714945  0.77324208  0.75657105  0.56841851  0.66375140  0.64935546  0.58130685  0.58130685  0.50714945  0.47268850  0.46154987  0.47268850  0.51900331  0.48399774  0.55575126  0.53105057  0.43976430  0.47268850  0.53105057  0.53105057  0.54329764  0.46154987  0.46154987  0.50714945  0.50714945  0.49548286  0.48399774  0.48399774  0.58130685  0.54329764  0.55575126  0.55575126  0.59442414  0.50714945  0.50714945  0.50714945  0.53105057  0.50714945  0.49548286  0.49548286  0.50714945  0.54329764  0.48399774  0.53105057  0.53105057  0.51900331  0.53105057  0.48399774  0.47268850  0.48399774  0.50714945  0.43976430  0.43976430  0.46154987  0.48399774  0.47268850  0.47268850  0.46154987  0.50714945  0.64935546  0.64935546  0.67843357  0.70870380  0.66375140  0.66375140  0.51900331  0.51900331  0.47268850  0.45057675  0.49548286  0.48399774  0.45057675  0.50714945  0.51900331  0.46154987  0.40824561  0.40824561  0.41860308  0.43976430  0.41860308  0.43976430  0.45057675  0.36821010  0.36821010  0.42910789  0.42910789  0.43976430  0.43976430  0.53105057  0.41860308  0.39803141  0.39803141  0.37801734  0.42910789  0.42910789  0.41860308  
31_11_0    0.26814107  0.28535560  0.28535560  0.27669817  0.30298103  0.37801734  0.37801734  0.34897795  0.34897795  0.33954650  0.28535560  0.31195406  0.16507934  0.01193017  0.00000000  0.02405626  0.03019480  0.26814107  0.28535560  0.30298103  0.25131872  0.40824561  0.43976430  0.43976430  0.41860308  0.42910789  0.39803141  0.59442414  0.59442414  0.59442414  0.58130685  0.59442414  0.60777865  0.66375140  0.49548286  0.51900331  0.51900331  0.50714945  0.55575126  0.55575126  0.58130685  0.63523482  0.72431731  0.79029818  0.51900331  0.79029818  0.77324208  0.58130685  0.67843357  0.66375140  0.56841851  0.59442414  0.53105057  0.49548286  0.46154987  0.47268850  0.54329764  0.50714945  0.58130685  0.55575126  0.43976430  0.47268850  0.54329764  0.54329764  0.55575126  0.46154987  0.46154987  0.48399774  0.50714945  0.49548286  0.48399774  0.48399774  0.59442414  0.54329764  0.55575126  0.55575126  0.59442414  0.48399774  0.48399774  0.50714945  0.50714945  0.53105057  0.49548286  0.49548286  0.50714945  0.55575126  0.48399774  0.53105057  0.53105057  0.51900331  0.53105057  0.48399774  0.49548286  0.50714945  0.53105057  0.43976430  0.43976430  0.46154987  0.48399774  0.49548286  0.49548286  0.48399774  0.50714945  0.64935546  0.64935546  0.67843357  0.70870380  0.66375140  0.66375140  0.54329764  0.54329764  0.49548286  0.47268850  0.51900331  0.50714945  0.47268850  0.51900331  0.53105057  0.47268850  0.40824561  0.40824561  0.41860308  0.46154987  0.41860308  0.43976430  0.45057675  0.38795657  0.38795657  0.45057675  0.45057675  0.46154987  0.46154987  0.55575126  0.43976430  0.39803141  0.41860308  0.39803141  0.42910789  0.42910789  0.39803141  
30_4_0     0.24304910  0.25968199  0.25968199  0.25131872  0.27669817  0.36821010  0.36821010  0.32103746  0.32103746  0.31195406  0.25968199  0.28535560  0.15771671  0.02405626  0.02405626  0.00000000  0.00594099  0.25968199  0.25968199  0.27669817  0.22678262  0.40824561  0.42910789  0.42910789  0.41860308  0.42910789  0.39803141  0.56841851  0.56841851  0.56841851  0.55575126  0.56841851  0.58130685  0.63523482  0.46154987  0.49548286  0.49548286  0.47268850  0.53105057  0.53105057  0.54329764  0.59442414  0.72431731  0.77324208  0.50714945  0.80775756  0.79029818  0.59442414  0.67843357  0.66375140  0.56841851  0.59442414  0.49548286  0.46154987  0.42910789  0.43976430  0.50714945  0.47268850  0.54329764  0.51900331  0.41860308  0.45057675  0.51900331  0.51900331  0.53105057  0.45057675  0.45057675  0.47268850  0.49548286  0.48399774  0.47268850  0.47268850  0.58130685  0.53105057  0.51900331  0.51900331  0.58130685  0.47268850  0.47268850  0.49548286  0.49548286  0.50714945  0.47268850  0.47268850  0.48399774  0.51900331  0.45057675  0.49548286  0.49548286  0.48399774  0.49548286  0.45057675  0.46154987  0.47268850  0.49548286  0.40824561  0.40824561  0.42910789  0.45057675  0.48399774  0.48399774  0.47268850  0.49548286  0.63523482  0.63523482  0.66375140  0.69341359  0.64935546  0.64935546  0.53105057  0.53105057  0.48399774  0.46154987  0.50714945  0.49548286  0.46154987  0.51900331  0.53105057  0.47268850  0.39803141  0.39803141  0.40824561  0.45057675  0.41860308  0.42910789  0.43976430  0.37801734  0.37801734  0.43976430  0.43976430  0.45057675  0.45057675  0.54329764  0.40824561  0.36821010  0.38795657  0.36821010  0.41860308  0.41860308  0.38795657  
31_4_0     0.25131872  0.26814107  0.26814107  0.25968199  0.28535560  0.35853142  0.35853142  0.33023399  0.33023399  0.32103746  0.26814107  0.29411573  0.16507934  0.03019480  0.03019480  0.00594099  0.00000000  0.26814107  0.26814107  0.28535560  0.23487107  0.39803141  0.43976430  0.43976430  0.42910789  0.43976430  0.40824561  0.58130685  0.58130685  0.58130685  0.56841851  0.58130685  0.59442414  0.64935546  0.47268850  0.50714945  0.50714945  0.48399774  0.54329764  0.54329764  0.55575126  0.60777865  0.74026810  0.79029818  0.51900331  0.82563976  0.80775756  0.60777865  0.69341359  0.67843357  0.58130685  0.60777865  0.50714945  0.47268850  0.43976430  0.45057675  0.51900331  0.48399774  0.53105057  0.50714945  0.42910789  0.46154987  0.50714945  0.50714945  0.51900331  0.43976430  0.43976430  0.46154987  0.50714945  0.49548286  0.48399774  0.48399774  0.56841851  0.54329764  0.53105057  0.53105057  0.56841851  0.48399774  0.48399774  0.50714945  0.50714945  0.51900331  0.48399774  0.48399774  0.49548286  0.53105057  0.46154987  0.50714945  0.50714945  0.49548286  0.50714945  0.46154987  0.47268850  0.48399774  0.50714945  0.41860308  0.41860308  0.43976430  0.46154987  0.49548286  0.49548286  0.48399774  0.50714945  0.62137914  0.62137914  0.67843357  0.70870380  0.66375140  0.66375140  0.54329764  0.54329764  0.49548286  0.47268850  0.51900331  0.49548286  0.47268850  0.53105057  0.54329764  0.48399774  0.40824561  0.40824561  0.41860308  0.46154987  0.42910789  0.43976430  0.45057675  0.38795657  0.38795657  0.45057675  0.45057675  0.46154987  0.46154987  0.55575126  0.41860308  0.37801734  0.39803141  0.37801734  0.42910789  0.42910789  0.39803141  
9_4_0      0.22678262  0.25131872  0.25968199  0.25131872  0.21878180  0.27669817  0.27669817  0.24304910  0.22678262  0.24304910  0.23487107  0.27669817  0.25131872  0.26814107  0.26814107  0.25968199  0.26814107  0.00000000  0.03638480  0.08786649  0.07465569  0.35853142  0.40824561  0.40824561  0.35853142  0.34897795  0.35853142  0.45057675  0.47268850  0.47268850  0.43976430  0.54329764  0.50714945  0.48399774  0.38795657  0.43976430  0.42910789  0.41860308  0.42910789  0.43976430  0.43976430  0.48399774  0.67843357  0.70870380  0.59442414  0.69341359  0.70870380  0.60777865  0.60777865  0.59442414  0.50714945  0.54329764  0.39803141  0.38795657  0.37801734  0.39803141  0.43976430  0.47268850  0.50714945  0.49548286  0.35853142  0.37801734  0.59442414  0.59442414  0.59442414  0.40824561  0.40824561  0.37801734  0.34897795  0.33954650  0.33954650  0.33954650  0.49548286  0.39803141  0.36821010  0.36821010  0.39803141  0.34897795  0.34897795  0.32103746  0.35853142  0.36821010  0.40824561  0.40824561  0.38795657  0.42910789  0.35853142  0.39803141  0.39803141  0.40824561  0.41860308  0.37801734  0.36821010  0.35853142  0.39803141  0.35853142  0.35853142  0.33954650  0.35853142  0.36821010  0.36821010  0.37801734  0.42910789  0.46154987  0.43976430  0.50714945  0.50714945  0.53105057  0.53105057  0.47268850  0.46154987  0.45057675  0.42910789  0.45057675  0.39803141  0.35853142  0.41860308  0.43976430  0.39803141  0.29411573  0.27669817  0.26814107  0.32103746  0.32103746  0.34897795  0.33023399  0.30298103  0.30298103  0.30298103  0.30298103  0.31195406  0.31195406  0.42910789  0.39803141  0.35853142  0.33954650  0.33954650  0.33954650  0.33954650  0.28535560  
10_4_0     0.21086675  0.23487107  0.22678262  0.21878180  0.18761822  0.25968199  0.25968199  0.22678262  0.21086675  0.22678262  0.21878180  0.24304910  0.23487107  0.26814107  0.28535560  0.25968199  0.26814107  0.03638480  0.00000000  0.07465569  0.06167709  0.35853142  0.36821010  0.36821010  0.34897795  0.33954650  0.33954650  0.42910789  0.45057675  0.45057675  0.41860308  0.54329764  0.46154987  0.43976430  0.36821010  0.41860308  0.40824561  0.39803141  0.40824561  0.41860308  0.41860308  0.43976430  0.66375140  0.69341359  0.59442414  0.69341359  0.70870380  0.60777865  0.62137914  0.60777865  0.49548286  0.53105057  0.39803141  0.38795657  0.35853142  0.37801734  0.39803141  0.42910789  0.46154987  0.45057675  0.35853142  0.35853142  0.60777865  0.60777865  0.60777865  0.38795657  0.38795657  0.39803141  0.34897795  0.33954650  0.33023399  0.33023399  0.47268850  0.35853142  0.33954650  0.33954650  0.36821010  0.33023399  0.33023399  0.30298103  0.33954650  0.34897795  0.36821010  0.36821010  0.34897795  0.38795657  0.32103746  0.33954650  0.33954650  0.34897795  0.35853142  0.33954650  0.31195406  0.30298103  0.35853142  0.32103746  0.32103746  0.28535560  0.32103746  0.31195406  0.31195406  0.32103746  0.36821010  0.45057675  0.42910789  0.49548286  0.47268850  0.51900331  0.51900331  0.42910789  0.41860308  0.38795657  0.36821010  0.38795657  0.34897795  0.33954650  0.38795657  0.40824561  0.36821010  0.25968199  0.24304910  0.23487107  0.26814107  0.29411573  0.29411573  0.29411573  0.30298103  0.30298103  0.30298103  0.26814107  0.27669817  0.27669817  0.40824561  0.35853142  0.33954650  0.32103746  0.32103746  0.31195406  0.31195406  0.26814107  
10_14_0    0.24304910  0.23487107  0.27669817  0.26814107  0.20303563  0.29411573  0.29411573  0.27669817  0.25968199  0.27669817  0.26814107  0.29411573  0.26814107  0.28535560  0.30298103  0.27669817  0.28535560  0.08786649  0.07465569  0.00000000  0.04892266  0.38795657  0.42910789  0.42910789  0.37801734  0.36821010  0.33954650  0.49548286  0.51900331  0.51900331  0.48399774  0.56841851  0.50714945  0.48399774  0.39803141  0.46154987  0.45057675  0.39803141  0.42910789  0.43976430  0.41860308  0.43976430  0.74026810  0.77324208  0.62137914  0.74026810  0.72431731  0.62137914  0.60777865  0.59442414  0.53105057  0.56841851  0.37801734  0.43976430  0.36821010  0.36821010  0.45057675  0.46154987  0.51900331  0.50714945  0.38795657  0.40824561  0.58130685  0.58130685  0.58130685  0.41860308  0.41860308  0.40824561  0.36821010  0.35853142  0.33954650  0.33954650  0.48399774  0.34897795  0.33023399  0.33023399  0.35853142  0.33023399  0.33023399  0.31195406  0.34897795  0.41860308  0.46154987  0.46154987  0.43976430  0.39803141  0.36821010  0.36821010  0.36821010  0.37801734  0.38795657  0.34897795  0.32103746  0.31195406  0.36821010  0.34897795  0.34897795  0.31195406  0.32103746  0.32103746  0.32103746  0.33023399  0.37801734  0.50714945  0.48399774  0.53105057  0.53105057  0.54329764  0.54329764  0.42910789  0.41860308  0.34897795  0.34897795  0.38795657  0.34897795  0.33954650  0.37801734  0.39803141  0.35853142  0.27669817  0.25968199  0.25131872  0.28535560  0.33023399  0.33023399  0.28535560  0.28535560  0.28535560  0.28535560  0.27669817  0.28535560  0.28535560  0.47268850  0.33023399  0.34897795  0.31195406  0.31195406  0.34897795  0.34897795  0.31195406  
9_14_0     0.18002857  0.18761822  0.21086675  0.20303563  0.17251613  0.26814107  0.26814107  0.22678262  0.21086675  0.22678262  0.23487107  0.22678262  0.21878180  0.23487107  0.25131872  0.22678262  0.23487107  0.07465569  0.06167709  0.04892266  0.00000000  0.34897795  0.37801734  0.37801734  0.33954650  0.33023399  0.33954650  0.46154987  0.48399774  0.48399774  0.46154987  0.53105057  0.47268850  0.47268850  0.37801734  0.43976430  0.45057675  0.38795657  0.38795657  0.39803141  0.40824561  0.45057675  0.72431731  0.72431731  0.63523482  0.66375140  0.67843357  0.60777865  0.66375140  0.64935546  0.50714945  0.51900331  0.36821010  0.43976430  0.33023399  0.34897795  0.40824561  0.43976430  0.47268850  0.46154987  0.36821010  0.38795657  0.54329764  0.54329764  0.54329764  0.37801734  0.37801734  0.34897795  0.33954650  0.33023399  0.31195406  0.31195406  0.48399774  0.38795657  0.38795657  0.38795657  0.41860308  0.33954650  0.33954650  0.31195406  0.34897795  0.35853142  0.39803141  0.39803141  0.37801734  0.43976430  0.36821010  0.38795657  0.38795657  0.37801734  0.38795657  0.34897795  0.33954650  0.33023399  0.38795657  0.33023399  0.33023399  0.33023399  0.32103746  0.33954650  0.33954650  0.34897795  0.39803141  0.51900331  0.49548286  0.49548286  0.47268850  0.54329764  0.54329764  0.46154987  0.45057675  0.37801734  0.37801734  0.39803141  0.36821010  0.32103746  0.36821010  0.38795657  0.33023399  0.27669817  0.25968199  0.26814107  0.32103746  0.33023399  0.33023399  0.33023399  0.30298103  0.30298103  0.32103746  0.30298103  0.31195406  0.31195406  0.49548286  0.33954650  0.32103746  0.30298103  0.30298103  0.30298103  0.30298103  0.26814107  
29_0_0     0.37801734  0.41860308  0.41860308  0.40824561  0.40824561  0.42910789  0.42910789  0.45057675  0.45057675  0.45057675  0.46154987  0.41860308  0.40824561  0.38795657  0.40824561  0.40824561  0.39803141  0.35853142  0.35853142  0.38795657  0.34897795  0.00000000  0.35853142  0.35853142  0.36821010  0.33954650  0.46154987  0.53105057  0.53105057  0.53105057  0.53105057  0.53105057  0.51900331  0.53105057  0.46154987  0.56841851  0.56841851  0.42910789  0.42910789  0.41860308  0.47268850  0.47268850  0.79029818  0.77324208  0.58130685  0.69341359  0.72431731  0.54329764  0.51900331  0.53105057  0.54329764  0.56841851  0.58130685  0.48399774  0.47268850  0.47268850  0.56841851  0.55575126  0.60777865  0.56841851  0.46154987  0.46154987  0.66375140  0.66375140  0.66375140  0.35853142  0.35853142  0.37801734  0.36821010  0.35853142  0.35853142  0.35853142  0.63523482  0.43976430  0.43976430  0.43976430  0.41860308  0.51900331  0.51900331  0.42910789  0.47268850  0.41860308  0.45057675  0.45057675  0.42910789  0.55575126  0.45057675  0.45057675  0.45057675  0.46154987  0.45057675  0.45057675  0.47268850  0.48399774  0.49548286  0.42910789  0.42910789  0.43976430  0.45057675  0.48399774  0.48399774  0.49548286  0.47268850  0.50714945  0.51900331  0.54329764  0.54329764  0.58130685  0.58130685  0.46154987  0.42910789  0.50714945  0.48399774  0.47268850  0.47268850  0.45057675  0.56841851  0.55575126  0.50714945  0.41860308  0.39803141  0.40824561  0.43976430  0.43976430  0.47268850  0.39803141  0.33954650  0.33954650  0.35853142  0.37801734  0.36821010  0.36821010  0.53105057  0.41860308  0.40824561  0.39803141  0.38795657  0.41860308  0.41860308  0.40824561  
14_0_0     0.42910789  0.45057675  0.43976430  0.42910789  0.46154987  0.51900331  0.51900331  0.35853142  0.35853142  0.36821010  0.41860308  0.41860308  0.37801734  0.41860308  0.43976430  0.42910789  0.43976430  0.40824561  0.36821010  0.42910789  0.37801734  0.35853142  0.00000000  0.00000000  0.27669817  0.31195406  0.41860308  0.47268850  0.47268850  0.47268850  0.47268850  0.53105057  0.47268850  0.47268850  0.36821010  0.47268850  0.48399774  0.38795657  0.43976430  0.43976430  0.47268850  0.45057675  0.75657105  0.59442414  0.58130685  0.60777865  0.60777865  0.51900331  0.47268850  0.48399774  0.60777865  0.59442414  0.58130685  0.42910789  0.43976430  0.46154987  0.39803141  0.38795657  0.40824561  0.42910789  0.41860308  0.39803141  0.48399774  0.48399774  0.46154987  0.41860308  0.41860308  0.45057675  0.40824561  0.41860308  0.38795657  0.38795657  0.55575126  0.39803141  0.47268850  0.47268850  0.42910789  0.47268850  0.47268850  0.38795657  0.42910789  0.45057675  0.45057675  0.45057675  0.42910789  0.42910789  0.45057675  0.43976430  0.43976430  0.45057675  0.43976430  0.37801734  0.45057675  0.46154987  0.43976430  0.41860308  0.41860308  0.43976430  0.46154987  0.39803141  0.39803141  0.39803141  0.43976430  0.59442414  0.58130685  0.54329764  0.53105057  0.47268850  0.47268850  0.48399774  0.45057675  0.47268850  0.49548286  0.45057675  0.45057675  0.39803141  0.49548286  0.50714945  0.49548286  0.34897795  0.33023399  0.33954650  0.35853142  0.40824561  0.41860308  0.42910789  0.41860308  0.41860308  0.43976430  0.42910789  0.43976430  0.42910789  0.50714945  0.40824561  0.41860308  0.43976430  0.41860308  0.39803141  0.39803141  0.35853142  
