20
1_0_0      0.00000000  0.00000000  0.00635613  0.30930014  0.32871753  0.32871753  0.31894562  0.33861922  0.35882607  0.29037567  0.29037567  0.29037567  0.29037567  0.34865419  0.39020191  0.32871753  0.34865419  0.35882607  0.35882607  0.19409448  
3_0_0      0.00000000  0.00000000  0.00635613  0.30930014  0.32871753  0.32871753  0.31894562  0.33861922  0.35882607  0.29037567  0.29037567  0.29037567  0.29037567  0.34865419  0.39020191  0.32871753  0.34865419  0.35882607  0.35882607  0.19409448  
2_0_0      0.00635613  0.00635613  0.00000000  0.29977786  0.31894562  0.31894562  0.30930014  0.32871753  0.34865419  0.28109057  0.28109057  0.28109057  0.28109057  0.35882607  0.40096098  0.31894562  0.33861922  0.34865419  0.34865419  0.20235125  
7_0_0      0.30930014  0.30930014  0.29977786  0.00000000  0.02575628  0.02575628  0.14638670  0.13113922  0.08010250  0.32871753  0.32871753  0.32871753  0.32871753  0.36913866  0.41187759  0.36913866  0.31894562  0.43420237  0.55711115  0.25390959  
13_0_0     0.32871753  0.32871753  0.31894562  0.02575628  0.00000000  0.00000000  0.17785031  0.16195254  0.09433143  0.36913866  0.36913866  0.36913866  0.36913866  0.39020191  0.43420237  0.36913866  0.31894562  0.41187759  0.53085486  0.29037567  
9_0_0      0.32871753  0.32871753  0.31894562  0.02575628  0.00000000  0.00000000  0.17785031  0.16195254  0.09433143  0.36913866  0.36913866  0.36913866  0.36913866  0.39020191  0.43420237  0.36913866  0.31894562  0.41187759  0.53085486  0.29037567  
18_0_0     0.31894562  0.31894562  0.30930014  0.14638670  0.17785031  0.17785031  0.00000000  0.01276692  0.16195254  0.37959590  0.37959590  0.37959590  0.37959590  0.44562057  0.46899536  0.39020191  0.40096098  0.50549189  0.49312680  0.32871753  
8_0_0      0.33861922  0.33861922  0.32871753  0.13113922  0.16195254  0.16195254  0.01276692  0.00000000  0.14638670  0.40096098  0.40096098  0.40096098  0.40096098  0.46899536  0.49312680  0.39020191  0.40096098  0.50549189  0.51806553  0.32871753  
19_0_0     0.35882607  0.35882607  0.34865419  0.08010250  0.09433143  0.09433143  0.16195254  0.14638670  0.00000000  0.39020191  0.39020191  0.39020191  0.39020191  0.41187759  0.45721636  0.43420237  0.40096098  0.48096345  0.51806553  0.27191970  
5_0_0      0.29037567  0.29037567  0.28109057  0.32871753  0.36913866  0.36913866  0.37959590  0.40096098  0.39020191  0.00000000  0.00000000  0.00000000  0.00000000  0.06614006  0.09433143  0.34865419  0.34865419  0.31894562  0.44562057  0.21070049  
4_0_0      0.29037567  0.29037567  0.28109057  0.32871753  0.36913866  0.36913866  0.37959590  0.40096098  0.39020191  0.00000000  0.00000000  0.00000000  0.00000000  0.06614006  0.09433143  0.34865419  0.34865419  0.31894562  0.44562057  0.21070049  
12_0_0     0.29037567  0.29037567  0.28109057  0.32871753  0.36913866  0.36913866  0.37959590  0.40096098  0.39020191  0.00000000  0.00000000  0.00000000  0.00000000  0.06614006  0.09433143  0.34865419  0.34865419  0.31894562  0.44562057  0.21070049  
10_0_0     0.29037567  0.29037567  0.28109057  0.32871753  0.36913866  0.36913866  0.37959590  0.40096098  0.39020191  0.00000000  0.00000000  0.00000000  0.00000000  0.06614006  0.09433143  0.34865419  0.34865419  0.31894562  0.44562057  0.21070049  
17_0_0     0.34865419  0.34865419  0.35882607  0.36913866  0.39020191  0.39020191  0.44562057  0.46899536  0.41187759  0.06614006  0.06614006  0.06614006  0.06614006  0.00000000  0.02575628  0.44562057  0.44562057  0.34865419  0.51806553  0.22768481  
11_0_0     0.39020191  0.39020191  0.40096098  0.41187759  0.43420237  0.43420237  0.46899536  0.49312680  0.45721636  0.09433143  0.09433143  0.09433143  0.09433143  0.02575628  0.00000000  0.46899536  0.49312680  0.36913866  0.54386742  0.26286026  
6_0_0      0.32871753  0.32871753  0.31894562  0.36913866  0.36913866  0.36913866  0.39020191  0.39020191  0.43420237  0.34865419  0.34865419  0.34865419  0.34865419  0.44562057  0.46899536  0.00000000  0.16195254  0.16195254  0.43420237  0.28109057  
14_0_0     0.34865419  0.34865419  0.33861922  0.31894562  0.31894562  0.31894562  0.40096098  0.40096098  0.40096098  0.34865419  0.34865419  0.34865419  0.34865419  0.44562057  0.49312680  0.16195254  0.00000000  0.16195254  0.37959590  0.31894562  
15_0_0     0.35882607  0.35882607  0.34865419  0.43420237  0.41187759  0.41187759  0.50549189  0.50549189  0.48096345  0.31894562  0.31894562  0.31894562  0.31894562  0.34865419  0.36913866  0.16195254  0.16195254  0.00000000  0.40096098  0.28109057  
16_0_0     0.35882607  0.35882607  0.34865419  0.55711115  0.53085486  0.53085486  0.49312680  0.51806553  0.51806553  0.44562057  0.44562057  0.44562057  0.44562057  0.51806553  0.54386742  0.43420237  0.37959590  0.40096098  0.00000000  0.41187759  
20_0_0     0.19409448  0.19409448  0.20235125  0.25390959  0.29037567  0.29037567  0.32871753  0.32871753  0.27191970  0.21070049  0.21070049  0.21070049  0.21070049  0.22768481  0.26286026  0.28109057  0.31894562  0.28109057  0.41187759  0.00000000  

