20
1_0_0      0.00000000  0.01276711  0.01276711  0.40118820  0.41211864  0.41211864  0.44590749  0.43447324  0.44590749  0.37979744  0.39041597  0.39041597  0.39041597  0.36932828  0.39041597  0.32886497  0.29048862  0.33877643  0.54431638  0.24514384  
3_0_0      0.01276711  0.00000000  0.00000000  0.40118820  0.41211864  0.41211864  0.46931688  0.45752015  0.44590749  0.40118820  0.39041597  0.39041597  0.39041597  0.36932828  0.39041597  0.34882167  0.30942947  0.33877643  0.57109532  0.24514384  
2_0_0      0.01276711  0.00000000  0.00000000  0.40118820  0.41211864  0.41211864  0.46931688  0.45752015  0.44590749  0.40118820  0.39041597  0.39041597  0.39041597  0.36932828  0.39041597  0.34882167  0.30942947  0.33877643  0.57109532  0.24514384  
7_0_0      0.40118820  0.40118820  0.40118820  0.00000000  0.03897778  0.03897778  0.10156169  0.09434230  0.02575707  0.30942947  0.29989879  0.29989879  0.29989879  0.32886497  0.33877643  0.44590749  0.36932828  0.34882167  0.48130362  0.21075775  
13_0_0     0.41211864  0.41211864  0.41211864  0.03897778  0.00000000  0.00000000  0.12364978  0.11621401  0.06614534  0.30942947  0.29989879  0.29989879  0.29989879  0.34882167  0.35900435  0.44590749  0.36932828  0.34882167  0.48130362  0.21075775  
9_0_0      0.41211864  0.41211864  0.41211864  0.03897778  0.00000000  0.00000000  0.12364978  0.11621401  0.06614534  0.30942947  0.29989879  0.29989879  0.29989879  0.34882167  0.35900435  0.44590749  0.36932828  0.34882167  0.48130362  0.21075775  
18_0_0     0.44590749  0.46931688  0.46931688  0.10156169  0.12364978  0.12364978  0.00000000  0.00635618  0.12364978  0.31908378  0.32886497  0.32886497  0.32886497  0.35900435  0.36932828  0.41211864  0.39041597  0.37979744  0.49348657  0.23639723  
8_0_0      0.43447324  0.45752015  0.45752015  0.09434230  0.11621401  0.11621401  0.00635618  0.00000000  0.11621401  0.30942947  0.31908378  0.31908378  0.31908378  0.34882167  0.35900435  0.40118820  0.37979744  0.36932828  0.48130362  0.22775222  
19_0_0     0.44590749  0.44590749  0.44590749  0.02575707  0.06614534  0.06614534  0.12364978  0.11621401  0.00000000  0.29048862  0.28119595  0.28119595  0.28119595  0.32886497  0.33877643  0.42321201  0.41211864  0.30942947  0.48130362  0.22775222  
5_0_0      0.37979744  0.40118820  0.40118820  0.30942947  0.30942947  0.30942947  0.31908378  0.30942947  0.29048862  0.00000000  0.00635618  0.00635618  0.00635618  0.16198560  0.15415884  0.34882167  0.33877643  0.33877643  0.51846762  0.20240386  
4_0_0      0.39041597  0.39041597  0.39041597  0.29989879  0.29989879  0.29989879  0.32886497  0.31908378  0.28119595  0.00635618  0.00000000  0.00000000  0.00000000  0.15415884  0.14641352  0.35900435  0.34882167  0.32886497  0.53127978  0.19414269  
12_0_0     0.39041597  0.39041597  0.39041597  0.29989879  0.29989879  0.29989879  0.32886497  0.31908378  0.28119595  0.00635618  0.00000000  0.00000000  0.00000000  0.15415884  0.14641352  0.35900435  0.34882167  0.32886497  0.53127978  0.19414269  
10_0_0     0.39041597  0.39041597  0.39041597  0.29989879  0.29989879  0.29989879  0.32886497  0.31908378  0.28119595  0.00635618  0.00000000  0.00000000  0.00000000  0.15415884  0.14641352  0.35900435  0.34882167  0.32886497  0.53127978  0.19414269  
17_0_0     0.36932828  0.36932828  0.36932828  0.32886497  0.34882167  0.34882167  0.35900435  0.34882167  0.32886497  0.16198560  0.15415884  0.15415884  0.15415884  0.00000000  0.01923375  0.40118820  0.34882167  0.35900435  0.64258816  0.17789048  
11_0_0     0.39041597  0.39041597  0.39041597  0.33877643  0.35900435  0.35900435  0.36932828  0.35900435  0.33877643  0.15415884  0.14641352  0.14641352  0.14641352  0.01923375  0.00000000  0.40118820  0.34882167  0.36932828  0.65774942  0.18597223  
6_0_0      0.32886497  0.34882167  0.34882167  0.44590749  0.44590749  0.44590749  0.41211864  0.40118820  0.42321201  0.34882167  0.35900435  0.35900435  0.35900435  0.40118820  0.40118820  0.00000000  0.13116060  0.21920648  0.49348657  0.25399446  
14_0_0     0.29048862  0.30942947  0.30942947  0.36932828  0.36932828  0.36932828  0.39041597  0.37979744  0.41211864  0.33877643  0.34882167  0.34882167  0.34882167  0.34882167  0.34882167  0.13116060  0.00000000  0.17789048  0.48130362  0.21075775  
15_0_0     0.33877643  0.33877643  0.33877643  0.34882167  0.34882167  0.34882167  0.37979744  0.36932828  0.30942947  0.33877643  0.32886497  0.32886497  0.32886497  0.35900435  0.36932828  0.21920648  0.17789048  0.00000000  0.43447324  0.22775222  
16_0_0     0.54431638  0.57109532  0.57109532  0.48130362  0.48130362  0.48130362  0.49348657  0.48130362  0.48130362  0.51846762  0.53127978  0.53127978  0.53127978  0.64258816  0.65774942  0.49348657  0.48130362  0.43447324  0.00000000  0.49348657  
20_0_0     0.24514384  0.24514384  0.24514384  0.21075775  0.21075775  0.21075775  0.23639723  0.22775222  0.22775222  0.20240386  0.19414269  0.19414269  0.19414269  0.17789048  0.18597223  0.25399446  0.21075775  0.22775222  0.49348657  0.00000000  

