100
10_0_0     0.00000000  0.03952199  0.04291509  0.04632418  0.50888111  0.51538801  0.49604036  0.50243224  0.54883069  0.56966467  0.53526749  0.54201729  0.54883069  0.56265311  0.56966467  0.53526749  0.54883069  0.54883069  0.52858010  0.50243224  0.52858010  0.52858010  0.53526749  0.54201729  0.54883069  0.54883069  0.51538801  0.52195397  0.50888111  0.51538801  0.54201729  0.56966467  0.54883069  0.62074644  0.54201729  0.56265311  0.70061084  0.70910461  0.70910461  1.09496992  1.17173696  1.22204000  1.17173696  1.15571783  1.17173696  1.15571783  1.23961641  1.27610504  1.17173696  1.12470625  1.10968527  1.15571783  1.25763063  1.17173696  1.15571783  1.14004584  1.22204000  1.35511757  1.35511757  1.37629721  1.39811584  1.39811584  1.18811895  1.17173696  1.23961641  1.18811895  1.20488063  1.14004584  1.15571783  1.15571783  1.17173696  1.33454057  1.29506375  1.37629721  1.31453284  0.99957990  1.03893148  0.99957990  1.17173696  1.20488063  1.05253931  1.03893148  1.02557497  1.06640809  1.03893148  0.93840779  0.96225942  0.97448684  0.98692455  1.05253931  0.93840779  0.98692455  0.93840779  1.12470625  1.15571783  1.14004584  1.23961641  0.93840779  0.99957990  0.97448684  
13_0_0     0.03952199  0.00000000  0.00321225  0.02610659  0.49604036  0.50243224  0.48342362  0.48970448  0.52195397  0.55570888  0.52858010  0.54201729  0.52858010  0.55570888  0.56966467  0.52195397  0.53526749  0.53526749  0.50243224  0.48970448  0.51538801  0.51538801  0.52195397  0.52858010  0.53526749  0.52195397  0.48970448  0.49604036  0.48342362  0.49604036  0.54201729  0.55570888  0.54883069  0.64379362  0.52195397  0.54883069  0.70910461  0.71769931  0.71769931  1.06640809  1.22204000  1.23961641  1.15571783  1.14004584  1.15571783  1.14004584  1.25763063  1.29506375  1.18811895  1.10968527  1.09496992  1.14004584  1.25763063  1.12470625  1.10968527  1.09496992  1.18811895  1.39811584  1.39811584  1.42061322  1.44383294  1.39811584  1.20488063  1.18811895  1.25763063  1.15571783  1.17173696  1.15571783  1.17173696  1.17173696  1.18811895  1.29506375  1.25763063  1.33454057  1.27610504  1.06640809  1.02557497  1.03893148  1.18811895  1.18811895  1.10968527  1.09496992  1.08054802  1.12470625  1.09496992  0.92677061  0.95023528  0.98692455  0.99957990  1.05253931  0.95023528  0.99957990  0.95023528  1.17173696  1.18811895  1.20488063  1.27610504  0.97448684  1.03893148  0.98692455  
5_0_0      0.04291509  0.00321225  0.00000000  0.02943718  0.49604036  0.50243224  0.48342362  0.48970448  0.52195397  0.55570888  0.52858010  0.54201729  0.52858010  0.55570888  0.56966467  0.52195397  0.53526749  0.53526749  0.50243224  0.48970448  0.51538801  0.51538801  0.52195397  0.52858010  0.53526749  0.52195397  0.48970448  0.49604036  0.48342362  0.49604036  0.54201729  0.55570888  0.54883069  0.64379362  0.52195397  0.54883069  0.70910461  0.71769931  0.71769931  1.06640809  1.22204000  1.23961641  1.15571783  1.14004584  1.15571783  1.14004584  1.25763063  1.29506375  1.18811895  1.10968527  1.09496992  1.14004584  1.23961641  1.12470625  1.10968527  1.09496992  1.18811895  1.39811584  1.39811584  1.42061322  1.44383294  1.39811584  1.20488063  1.18811895  1.25763063  1.15571783  1.17173696  1.15571783  1.17173696  1.17173696  1.18811895  1.29506375  1.25763063  1.33454057  1.27610504  1.06640809  1.02557497  1.03893148  1.18811895  1.18811895  1.10968527  1.09496992  1.08054802  1.12470625  1.09496992  0.92677061  0.95023528  0.98692455  0.99957990  1.05253931  0.95023528  0.99957990  0.95023528  1.17173696  1.18811895  1.20488063  1.27610504  0.97448684  1.03893148  0.98692455  
1_0_0      0.04632418  0.02610659  0.02943718  0.00000000  0.48970448  0.49604036  0.47719683  0.47719683  0.50888111  0.54201729  0.51538801  0.52858010  0.51538801  0.54201729  0.56966467  0.52195397  0.52195397  0.52195397  0.48970448  0.48970448  0.51538801  0.51538801  0.52195397  0.52858010  0.53526749  0.50888111  0.47719683  0.48342362  0.45883182  0.48342362  0.52858010  0.54201729  0.54883069  0.61322441  0.49604036  0.51538801  0.68391683  0.69221567  0.69221567  1.06640809  1.20488063  1.22204000  1.14004584  1.12470625  1.14004584  1.12470625  1.27610504  1.27610504  1.17173696  1.09496992  1.08054802  1.12470625  1.27610504  1.08054802  1.06640809  1.05253931  1.17173696  1.35511757  1.35511757  1.37629721  1.39811584  1.35511757  1.15571783  1.14004584  1.20488063  1.15571783  1.14004584  1.18811895  1.20488063  1.20488063  1.22204000  1.23961641  1.23961641  1.33454057  1.22204000  1.03893148  1.02557497  1.02557497  1.17173696  1.14004584  1.12470625  1.08054802  1.06640809  1.10968527  1.08054802  0.93840779  0.96225942  0.97448684  0.98692455  1.03893148  0.92677061  0.97448684  0.92677061  1.14004584  1.17173696  1.18811895  1.25763063  0.93840779  0.99957990  0.95023528  
16_1_0     0.50888111  0.49604036  0.49604036  0.48970448  0.00000000  0.00321225  0.03614474  0.25478527  0.28266808  0.27794565  0.28266808  0.30675411  0.33675786  0.34704224  0.35223980  0.32160041  0.29702323  0.29702323  0.27794565  0.35747498  0.37341179  0.37880307  0.36806041  0.36274832  0.36274832  0.33675786  0.33675786  0.34188177  0.35223980  0.40637929  0.36806041  0.44092163  0.37880307  0.55570888  0.38970771  0.37341179  0.49604036  0.50888111  0.50243224  0.89294206  1.10968527  1.18811895  1.05253931  0.97448684  0.98692455  0.99957990  1.12470625  1.14004584  0.97448684  0.87123795  0.88200859  0.86062535  1.15571783  0.80002589  0.80977972  0.80977972  0.80977972  0.98692455  0.98692455  0.97448684  0.98692455  0.99957990  0.82969111  0.82969111  0.82969111  0.90404336  0.91531771  0.95023528  0.92677061  0.92677061  0.95023528  1.05253931  1.17173696  1.03893148  1.02557497  0.80002589  0.81966689  0.88200859  1.03893148  0.88200859  0.86062535  0.89294206  0.93840779  0.91531771  0.92677061  0.80002589  0.80002589  0.85016623  0.85016623  0.90404336  0.77152966  0.79040185  0.78090420  0.85016623  0.83985622  0.83985622  0.87123795  0.75313743  0.73520134  0.78090420  
16_0_0     0.51538801  0.50243224  0.50243224  0.49604036  0.00321225  0.00000000  0.03952199  0.25935839  0.28742154  0.28266808  0.28742154  0.31166909  0.34188177  0.35223980  0.35747498  0.32661768  0.30187231  0.30187231  0.28266808  0.36274832  0.37880307  0.38423484  0.37341179  0.36806041  0.36806041  0.34188177  0.34188177  0.34704224  0.35747498  0.41202299  0.37341179  0.44684255  0.38423484  0.55570888  0.39522232  0.37880307  0.50243224  0.51538801  0.50888111  0.90404336  1.10968527  1.18811895  1.05253931  0.97448684  0.98692455  0.99957990  1.12470625  1.14004584  0.97448684  0.88200859  0.89294206  0.87123795  1.17173696  0.80977972  0.81966689  0.81966689  0.81966689  0.98692455  0.98692455  0.97448684  0.98692455  0.99957990  0.83985622  0.83985622  0.83985622  0.91531771  0.92677061  0.93840779  0.91531771  0.91531771  0.93840779  1.06640809  1.18811895  1.05253931  1.03893148  0.80977972  0.82969111  0.89294206  1.02557497  0.87123795  0.85016623  0.88200859  0.92677061  0.90404336  0.91531771  0.79040185  0.79040185  0.83985622  0.83985622  0.89294206  0.78090420  0.80002589  0.79040185  0.86062535  0.85016623  0.85016623  0.88200859  0.76227508  0.74411378  0.79040185  
27_0_0     0.49604036  0.48342362  0.48342362  0.47719683  0.03614474  0.03952199  0.00000000  0.25478527  0.27325386  0.26859231  0.27325386  0.29220645  0.31661770  0.33675786  0.34188177  0.31661770  0.28742154  0.28742154  0.26859231  0.35747498  0.38423484  0.37880307  0.36806041  0.36274832  0.36274832  0.34188177  0.33167000  0.33675786  0.33675786  0.38423484  0.35223980  0.42344426  0.37341179  0.54883069  0.38423484  0.35747498  0.49604036  0.50888111  0.50243224  0.89294206  1.08054802  1.14004584  1.02557497  0.95023528  0.96225942  0.99957990  1.08054802  1.12470625  0.97448684  0.85016623  0.86062535  0.83985622  1.10968527  0.77152966  0.78090420  0.78090420  0.78090420  0.96225942  0.96225942  0.95023528  0.96225942  0.95023528  0.81966689  0.81966689  0.81966689  0.85016623  0.86062535  0.91531771  0.89294206  0.89294206  0.91531771  1.01246065  1.12470625  0.99957990  0.98692455  0.78090420  0.80002589  0.86062535  0.96225942  0.86062535  0.82969111  0.86062535  0.90404336  0.88200859  0.89294206  0.77152966  0.77152966  0.81966689  0.80002589  0.85016623  0.76227508  0.78090420  0.77152966  0.83985622  0.89294206  0.89294206  0.92677061  0.76227508  0.74411378  0.79040185  
36_0_0     0.50243224  0.48970448  0.48970448  0.47719683  0.25478527  0.25935839  0.25478527  0.00000000  0.10688147  0.12570212  0.10317540  0.12952575  0.16086505  0.17297647  0.17705911  0.14895311  0.11435106  0.11435106  0.09581976  0.16086505  0.18116492  0.18529417  0.17297647  0.17705911  0.17705911  0.18529417  0.25024088  0.26396062  0.22793764  0.25935839  0.26859231  0.30675411  0.27794565  0.42922325  0.25478527  0.25935839  0.46490182  0.45281234  0.45883182  0.73520134  0.92677061  0.97448684  0.81966689  0.80002589  0.77152966  0.81966689  0.86062535  0.88200859  0.87123795  0.73520134  0.72639738  0.71769931  0.90404336  0.72639738  0.73520134  0.73520134  0.73520134  0.90404336  0.90404336  0.91531771  0.90404336  0.89294206  0.74411378  0.75313743  0.78090420  0.87123795  0.86062535  0.90404336  0.89294206  0.89294206  0.93840779  0.86062535  0.90404336  0.85016623  0.80977972  0.65957681  0.65957681  0.75313743  0.81966689  0.75313743  0.77152966  0.80002589  0.81966689  0.81966689  0.82969111  0.66759948  0.66759948  0.71769931  0.67571214  0.74411378  0.67571214  0.68391683  0.68391683  0.78090420  0.80002589  0.80002589  0.82969111  0.65164216  0.63602933  0.65957681  
7_0_0      0.54883069  0.52195397  0.52195397  0.50888111  0.28266808  0.28742154  0.27325386  0.10688147  0.00000000  0.07064864  0.05319095  0.08492470  0.11435106  0.15290199  0.17297647  0.12570212  0.08492470  0.08492470  0.06712323  0.14502566  0.17297647  0.16891675  0.16891675  0.16487969  0.15687256  0.14502566  0.22793764  0.23234361  0.18944714  0.21920543  0.25024088  0.27325386  0.25024088  0.40637929  0.21057739  0.21487854  0.41202299  0.41202299  0.40637929  0.83985622  0.91531771  1.01246065  0.85016623  0.80977972  0.80002589  0.85016623  0.89294206  0.89294206  0.88200859  0.78090420  0.77152966  0.74411378  0.98692455  0.73520134  0.74411378  0.75313743  0.77152966  0.88200859  0.88200859  0.87123795  0.88200859  0.86062535  0.73520134  0.74411378  0.76227508  0.79040185  0.81966689  0.88200859  0.86062535  0.86062535  0.88200859  0.80002589  0.83985622  0.81966689  0.80002589  0.76227508  0.70910461  0.79040185  0.85016623  0.78090420  0.83985622  0.80977972  0.87123795  0.83985622  0.86062535  0.70061084  0.70061084  0.74411378  0.69221567  0.77152966  0.70061084  0.70910461  0.70910461  0.80002589  0.85016623  0.85016623  0.88200859  0.68391683  0.72639738  0.69221567  
23_0_0     0.56966467  0.55570888  0.55570888  0.54201729  0.27794565  0.28266808  0.26859231  0.12570212  0.07064864  0.00000000  0.05664894  0.08492470  0.13336970  0.14502566  0.16891675  0.13336970  0.09581976  0.09581976  0.07775144  0.16086505  0.19782530  0.19362409  0.18529417  0.18944714  0.18116492  0.17705911  0.25478527  0.25935839  0.21920543  0.25024088  0.25478527  0.29220645  0.26859231  0.44092163  0.22793764  0.21920543  0.41771108  0.40637929  0.41202299  0.80002589  0.92677061  0.96225942  0.90404336  0.80977972  0.80002589  0.85016623  0.90404336  0.90404336  0.88200859  0.78090420  0.77152966  0.74411378  0.93840779  0.73520134  0.74411378  0.73520134  0.76227508  0.86062535  0.86062535  0.87123795  0.86062535  0.83985622  0.69221567  0.70061084  0.72639738  0.83985622  0.85016623  0.86062535  0.83985622  0.83985622  0.88200859  0.85016623  0.87123795  0.85016623  0.81966689  0.71769931  0.70061084  0.75313743  0.86062535  0.76227508  0.83985622  0.82969111  0.86062535  0.85016623  0.87123795  0.69221567  0.69221567  0.75313743  0.71769931  0.79040185  0.70061084  0.70910461  0.70910461  0.82969111  0.86062535  0.83985622  0.85016623  0.68391683  0.74411378  0.67571214  
35_0_0     0.53526749  0.52858010  0.52858010  0.51538801  0.28266808  0.28742154  0.27325386  0.10317540  0.05319095  0.05664894  0.00000000  0.02943718  0.11060662  0.14111943  0.14895311  0.11060662  0.07064864  0.07064864  0.05664894  0.13723418  0.17297647  0.16891675  0.16086505  0.16487969  0.15687256  0.15687256  0.21920543  0.22355836  0.18116492  0.21920543  0.23234361  0.27325386  0.24123689  0.40637929  0.21920543  0.21487854  0.41202299  0.41202299  0.40637929  0.78090420  0.87123795  0.96225942  0.82969111  0.75313743  0.74411378  0.79040185  0.86062535  0.86062535  0.83985622  0.70910461  0.71769931  0.67571214  0.88200859  0.66759948  0.67571214  0.68391683  0.70061084  0.86062535  0.86062535  0.87123795  0.86062535  0.83985622  0.66759948  0.67571214  0.70061084  0.79040185  0.80002589  0.81966689  0.80002589  0.80002589  0.83985622  0.78090420  0.81966689  0.81966689  0.75313743  0.71769931  0.65164216  0.74411378  0.78090420  0.73520134  0.80977972  0.78090420  0.81966689  0.80977972  0.82969111  0.63602933  0.63602933  0.67571214  0.64379362  0.70061084  0.65957681  0.66759948  0.66759948  0.77152966  0.80002589  0.78090420  0.80977972  0.62074644  0.65164216  0.62074644  
20_0_0     0.54201729  0.54201729  0.54201729  0.52858010  0.30675411  0.31166909  0.29220645  0.12952575  0.08492470  0.08492470  0.02943718  0.00000000  0.14111943  0.14895311  0.16487969  0.13723418  0.10317540  0.10317540  0.08853818  0.17297647  0.21057739  0.19782530  0.19782530  0.20205106  0.19362409  0.19362409  0.25024088  0.24572487  0.21057739  0.25024088  0.25478527  0.29220645  0.26396062  0.41771108  0.23677658  0.22793764  0.44684255  0.44684255  0.44092163  0.79040185  0.92677061  1.02557497  0.86062535  0.80002589  0.79040185  0.81966689  0.90404336  0.89294206  0.87123795  0.71769931  0.72639738  0.68391683  0.91531771  0.67571214  0.68391683  0.67571214  0.70061084  0.87123795  0.87123795  0.88200859  0.87123795  0.86062535  0.68391683  0.69221567  0.71769931  0.79040185  0.80002589  0.81966689  0.80002589  0.80002589  0.83985622  0.78090420  0.81966689  0.81966689  0.77152966  0.77152966  0.65164216  0.76227508  0.78090420  0.72639738  0.80977972  0.78090420  0.81966689  0.80977972  0.82969111  0.68391683  0.68391683  0.70061084  0.68391683  0.73520134  0.67571214  0.68391683  0.68391683  0.76227508  0.80977972  0.79040185  0.81966689  0.62834752  0.66759948  0.62074644  
15_0_0     0.54883069  0.52858010  0.52858010  0.51538801  0.33675786  0.34188177  0.31661770  0.16086505  0.11435106  0.13336970  0.11060662  0.14111943  0.00000000  0.14895311  0.16086505  0.12189861  0.09216981  0.09216981  0.07775144  0.14895311  0.17705911  0.17297647  0.16487969  0.16891675  0.17297647  0.17297647  0.24572487  0.25024088  0.21920543  0.23234361  0.27325386  0.29702323  0.28266808  0.45281234  0.25024088  0.24123689  0.44092163  0.42922325  0.43504878  0.82969111  0.98692455  1.03893148  0.92677061  0.83985622  0.82969111  0.88200859  0.95023528  0.97448684  0.89294206  0.80977972  0.81966689  0.77152966  0.93840779  0.79040185  0.80002589  0.80977972  0.80977972  0.89294206  0.89294206  0.88200859  0.91531771  0.90404336  0.75313743  0.76227508  0.78090420  0.85016623  0.87123795  0.88200859  0.90404336  0.90404336  0.88200859  0.86062535  0.88200859  0.85016623  0.83985622  0.70910461  0.68391683  0.75313743  0.86062535  0.85016623  0.85016623  0.85016623  0.90404336  0.89294206  0.89294206  0.71769931  0.71769931  0.80002589  0.70910461  0.72639738  0.76227508  0.75313743  0.77152966  0.82969111  0.85016623  0.85016623  0.86062535  0.70910461  0.75313743  0.72639738  
8_0_0      0.56265311  0.55570888  0.55570888  0.54201729  0.34704224  0.35223980  0.33675786  0.17297647  0.15290199  0.14502566  0.14111943  0.14895311  0.14895311  0.00000000  0.03952199  0.16086505  0.13336970  0.13336970  0.11435106  0.18529417  0.21487854  0.20205106  0.20205106  0.20630166  0.21057739  0.19782530  0.30675411  0.30187231  0.27325386  0.30675411  0.30187231  0.32160041  0.30187231  0.46490182  0.28742154  0.28266808  0.48970448  0.48970448  0.49604036  0.76227508  0.88200859  0.98692455  0.86062535  0.81966689  0.80977972  0.82969111  0.91531771  0.91531771  0.89294206  0.73520134  0.72639738  0.70910461  0.93840779  0.72639738  0.73520134  0.75313743  0.77152966  0.91531771  0.91531771  0.92677061  0.91531771  0.89294206  0.77152966  0.78090420  0.80977972  0.91531771  0.89294206  0.90404336  0.95023528  0.95023528  0.97448684  0.91531771  0.91531771  0.90404336  0.91531771  0.77152966  0.72639738  0.73520134  0.82969111  0.77152966  0.82969111  0.81966689  0.86062535  0.85016623  0.87123795  0.75313743  0.73520134  0.75313743  0.74411378  0.80002589  0.72639738  0.73520134  0.73520134  0.82969111  0.80002589  0.80977972  0.80977972  0.67571214  0.71769931  0.70910461  
19_0_0     0.56966467  0.56966467  0.56966467  0.56966467  0.35223980  0.35747498  0.34188177  0.17705911  0.17297647  0.16891675  0.14895311  0.16487969  0.16086505  0.03952199  0.00000000  0.17705911  0.14895311  0.14895311  0.13336970  0.18529417  0.21487854  0.20205106  0.20205106  0.20630166  0.21057739  0.21487854  0.31166909  0.29702323  0.27794565  0.31166909  0.29220645  0.32160041  0.29220645  0.47102320  0.29220645  0.29702323  0.49604036  0.49604036  0.50243224  0.77152966  0.89294206  1.02557497  0.87123795  0.80977972  0.80002589  0.81966689  0.90404336  0.90404336  0.86062535  0.72639738  0.73520134  0.70061084  0.95023528  0.74411378  0.75313743  0.77152966  0.80002589  0.93840779  0.93840779  0.95023528  0.93840779  0.91531771  0.77152966  0.78090420  0.80977972  0.91531771  0.89294206  0.91531771  0.96225942  0.96225942  0.98692455  0.89294206  0.89294206  0.90404336  0.90404336  0.77152966  0.70910461  0.76227508  0.79040185  0.75313743  0.83985622  0.82969111  0.87123795  0.86062535  0.88200859  0.74411378  0.72639738  0.76227508  0.73520134  0.79040185  0.71769931  0.72639738  0.72639738  0.81966689  0.79040185  0.80002589  0.80002589  0.67571214  0.71769931  0.70910461  
14_0_0     0.53526749  0.52195397  0.52195397  0.52195397  0.32160041  0.32661768  0.31661770  0.14895311  0.12570212  0.13336970  0.11060662  0.13723418  0.12189861  0.16086505  0.17705911  0.00000000  0.04632418  0.04632418  0.06361492  0.15290199  0.18116492  0.17705911  0.17705911  0.18116492  0.18529417  0.16086505  0.25478527  0.25024088  0.22355836  0.24123689  0.28742154  0.32160041  0.29702323  0.40637929  0.25024088  0.23677658  0.46490182  0.46490182  0.45883182  0.76227508  0.90404336  1.02557497  0.89294206  0.83985622  0.80002589  0.83985622  0.95023528  0.95023528  0.85016623  0.78090420  0.78090420  0.74411378  0.87123795  0.70910461  0.71769931  0.72639738  0.72639738  0.87123795  0.87123795  0.88200859  0.88200859  0.89294206  0.74411378  0.73520134  0.74411378  0.82969111  0.82969111  0.85016623  0.83985622  0.83985622  0.86062535  0.81966689  0.85016623  0.82969111  0.80977972  0.71769931  0.66759948  0.77152966  0.80977972  0.76227508  0.80977972  0.80002589  0.83985622  0.85016623  0.85016623  0.69221567  0.69221567  0.74411378  0.70910461  0.76227508  0.70061084  0.71769931  0.70910461  0.75313743  0.76227508  0.76227508  0.77152966  0.65957681  0.66759948  0.65164216  
21_0_0     0.54883069  0.53526749  0.53526749  0.52195397  0.29702323  0.30187231  0.28742154  0.11435106  0.08492470  0.09581976  0.07064864  0.10317540  0.09216981  0.13336970  0.14895311  0.04632418  0.00000000  0.00000000  0.01620586  0.10688147  0.14111943  0.13723418  0.12952575  0.13336970  0.13723418  0.12952575  0.23234361  0.23677658  0.20205106  0.21487854  0.25478527  0.29702323  0.25478527  0.37880307  0.21920543  0.22355836  0.44092163  0.44092163  0.43504878  0.80977972  0.89294206  1.02557497  0.89294206  0.80977972  0.79040185  0.83985622  0.91531771  0.91531771  0.87123795  0.79040185  0.79040185  0.75313743  0.91531771  0.65957681  0.66759948  0.70910461  0.70910461  0.87123795  0.87123795  0.88200859  0.88200859  0.87123795  0.70910461  0.70061084  0.70910461  0.80002589  0.79040185  0.85016623  0.85016623  0.85016623  0.87123795  0.80002589  0.80002589  0.79040185  0.78090420  0.70910461  0.65957681  0.72639738  0.78090420  0.72639738  0.80977972  0.78090420  0.81966689  0.82969111  0.82969111  0.65164216  0.65164216  0.70910461  0.65957681  0.71769931  0.66759948  0.69221567  0.67571214  0.73520134  0.74411378  0.74411378  0.77152966  0.67571214  0.67571214  0.66759948  
17_0_0     0.54883069  0.53526749  0.53526749  0.52195397  0.29702323  0.30187231  0.28742154  0.11435106  0.08492470  0.09581976  0.07064864  0.10317540  0.09216981  0.13336970  0.14895311  0.04632418  0.00000000  0.00000000  0.01620586  0.10688147  0.14111943  0.13723418  0.12952575  0.13336970  0.13723418  0.12952575  0.23234361  0.23677658  0.20205106  0.21487854  0.25478527  0.29702323  0.25478527  0.37880307  0.21920543  0.22355836  0.44092163  0.44092163  0.43504878  0.80977972  0.89294206  1.02557497  0.89294206  0.80977972  0.79040185  0.83985622  0.91531771  0.91531771  0.87123795  0.79040185  0.79040185  0.75313743  0.91531771  0.65957681  0.66759948  0.70910461  0.70910461  0.87123795  0.87123795  0.88200859  0.88200859  0.87123795  0.70910461  0.70061084  0.70910461  0.80002589  0.79040185  0.85016623  0.85016623  0.85016623  0.87123795  0.80002589  0.80002589  0.79040185  0.78090420  0.70910461  0.65957681  0.72639738  0.78090420  0.72639738  0.80977972  0.78090420  0.81966689  0.82969111  0.82969111  0.65164216  0.65164216  0.70910461  0.65957681  0.71769931  0.66759948  0.69221567  0.67571214  0.73520134  0.74411378  0.74411378  0.77152966  0.67571214  0.67571214  0.66759948  
33_0_0     0.52858010  0.50243224  0.50243224  0.48970448  0.27794565  0.28266808  0.26859231  0.09581976  0.06712323  0.07775144  0.05664894  0.08853818  0.07775144  0.11435106  0.13336970  0.06361492  0.01620586  0.01620586  0.00000000  0.08853818  0.12189861  0.11811499  0.11060662  0.11435106  0.11811499  0.12570212  0.21487854  0.21920543  0.18529417  0.19782530  0.24572487  0.28742154  0.24572487  0.38970771  0.19782530  0.20630166  0.42344426  0.42344426  0.41771108  0.79040185  0.90404336  0.97448684  0.86062535  0.79040185  0.77152966  0.81966689  0.88200859  0.88200859  0.87123795  0.77152966  0.76227508  0.73520134  0.91531771  0.67571214  0.68391683  0.72639738  0.72639738  0.88200859  0.88200859  0.89294206  0.90404336  0.86062535  0.71769931  0.70910461  0.73520134  0.80977972  0.80002589  0.83985622  0.83985622  0.83985622  0.88200859  0.80002589  0.80002589  0.80002589  0.77152966  0.72639738  0.67571214  0.72639738  0.78090420  0.72639738  0.79040185  0.76227508  0.80002589  0.80977972  0.80977972  0.65957681  0.65957681  0.70910461  0.66759948  0.72639738  0.67571214  0.70061084  0.68391683  0.74411378  0.75313743  0.75313743  0.78090420  0.67571214  0.67571214  0.66759948  
18_0_0     0.50243224  0.48970448  0.48970448  0.48970448  0.35747498  0.36274832  0.35747498  0.16086505  0.14502566  0.16086505  0.13723418  0.17297647  0.14895311  0.18529417  0.18529417  0.15290199  0.10688147  0.10688147  0.08853818  0.00000000  0.04974941  0.04632418  0.03952199  0.04291509  0.05319095  0.18529417  0.27325386  0.27794565  0.25024088  0.27794565  0.29702323  0.32661768  0.30675411  0.42344426  0.26396062  0.28266808  0.48970448  0.48970448  0.48342362  0.81966689  0.93840779  0.99957990  0.87123795  0.80977972  0.80002589  0.85016623  0.91531771  0.93840779  0.85016623  0.78090420  0.77152966  0.74411378  0.93840779  0.75313743  0.74411378  0.77152966  0.75313743  0.97448684  0.97448684  0.98692455  0.99957990  0.96225942  0.76227508  0.77152966  0.80002589  0.85016623  0.86062535  0.88200859  0.86062535  0.86062535  0.90404336  0.82969111  0.85016623  0.83985622  0.73520134  0.76227508  0.68391683  0.75313743  0.79040185  0.76227508  0.85016623  0.82969111  0.85016623  0.88200859  0.88200859  0.70910461  0.72639738  0.73520134  0.71769931  0.80002589  0.71769931  0.74411378  0.74411378  0.76227508  0.77152966  0.77152966  0.80977972  0.69221567  0.69221567  0.66759948  
28_0_0     0.52858010  0.51538801  0.51538801  0.51538801  0.37341179  0.37880307  0.38423484  0.18116492  0.17297647  0.19782530  0.17297647  0.21057739  0.17705911  0.21487854  0.21487854  0.18116492  0.14111943  0.14111943  0.12189861  0.04974941  0.00000000  0.01620586  0.02943718  0.02610659  0.03614474  0.20205106  0.29702323  0.31166909  0.28266808  0.30187231  0.31661770  0.36806041  0.32661768  0.45281234  0.29702323  0.30675411  0.51538801  0.51538801  0.50888111  0.88200859  1.01246065  1.01246065  0.93840779  0.85016623  0.83985622  0.87123795  0.95023528  0.97448684  0.87123795  0.83985622  0.82969111  0.80002589  0.97448684  0.80977972  0.81966689  0.82969111  0.79040185  1.01246065  1.01246065  1.02557497  1.03893148  0.99957990  0.81966689  0.82969111  0.83985622  0.89294206  0.92677061  0.93840779  0.93840779  0.93840779  0.96225942  0.86062535  0.86062535  0.86062535  0.77152966  0.78090420  0.71769931  0.82969111  0.86062535  0.80977972  0.88200859  0.86062535  0.90404336  0.91531771  0.91531771  0.73520134  0.75313743  0.74411378  0.74411378  0.79040185  0.74411378  0.77152966  0.77152966  0.79040185  0.80977972  0.80977972  0.85016623  0.76227508  0.73520134  0.72639738  
34_0_0     0.52858010  0.51538801  0.51538801  0.51538801  0.37880307  0.38423484  0.37880307  0.18529417  0.16891675  0.19362409  0.16891675  0.19782530  0.17297647  0.20205106  0.20205106  0.17705911  0.13723418  0.13723418  0.11811499  0.04632418  0.01620586  0.00000000  0.02610659  0.02279126  0.03278319  0.19782530  0.29702323  0.29220645  0.28266808  0.30187231  0.30675411  0.35747498  0.31661770  0.44684255  0.29702323  0.29702323  0.52195397  0.52195397  0.51538801  0.88200859  0.96225942  0.97448684  0.90404336  0.83985622  0.80977972  0.86062535  0.92677061  0.92677061  0.86062535  0.81966689  0.80977972  0.78090420  0.97448684  0.82969111  0.83985622  0.82969111  0.80977972  1.01246065  1.01246065  1.02557497  1.03893148  0.99957990  0.81966689  0.82969111  0.83985622  0.87123795  0.90404336  0.91531771  0.91531771  0.91531771  0.93840779  0.83985622  0.86062535  0.86062535  0.79040185  0.79040185  0.70061084  0.80002589  0.86062535  0.80977972  0.90404336  0.88200859  0.91531771  0.92677061  0.92677061  0.75313743  0.77152966  0.74411378  0.76227508  0.80977972  0.78090420  0.80977972  0.80977972  0.78090420  0.79040185  0.79040185  0.82969111  0.77152966  0.77152966  0.72639738  
37_0_0     0.53526749  0.52195397  0.52195397  0.52195397  0.36806041  0.37341179  0.36806041  0.17297647  0.16891675  0.18529417  0.16086505  0.19782530  0.16487969  0.20205106  0.20205106  0.17705911  0.12952575  0.12952575  0.11060662  0.03952199  0.02943718  0.02610659  0.00000000  0.00321225  0.02610659  0.18529417  0.28266808  0.28742154  0.26859231  0.28742154  0.29702323  0.34704224  0.30675411  0.45281234  0.28266808  0.30187231  0.50243224  0.50243224  0.49604036  0.85016623  0.95023528  0.96225942  0.90404336  0.81966689  0.80977972  0.86062535  0.92677061  0.92677061  0.86062535  0.80977972  0.80002589  0.77152966  0.95023528  0.78090420  0.79040185  0.78090420  0.74411378  0.99957990  0.99957990  1.01246065  1.02557497  0.98692455  0.78090420  0.79040185  0.80002589  0.85016623  0.88200859  0.87123795  0.89294206  0.89294206  0.91531771  0.82969111  0.85016623  0.86062535  0.77152966  0.77152966  0.66759948  0.77152966  0.82969111  0.77152966  0.87123795  0.85016623  0.89294206  0.92677061  0.90404336  0.69221567  0.70910461  0.71769931  0.70061084  0.76227508  0.73520134  0.76227508  0.76227508  0.78090420  0.75313743  0.75313743  0.79040185  0.73520134  0.70910461  0.68391683  
11_0_0     0.54201729  0.52858010  0.52858010  0.52858010  0.36274832  0.36806041  0.36274832  0.17705911  0.16487969  0.18944714  0.16487969  0.20205106  0.16891675  0.20630166  0.20630166  0.18116492  0.13336970  0.13336970  0.11435106  0.04291509  0.02610659  0.02279126  0.00321225  0.00000000  0.02279126  0.18944714  0.28742154  0.29220645  0.27325386  0.29220645  0.29702323  0.34704224  0.30675411  0.45883182  0.28742154  0.30675411  0.50243224  0.50243224  0.49604036  0.86062535  0.96225942  0.95023528  0.89294206  0.80977972  0.80002589  0.85016623  0.91531771  0.91531771  0.85016623  0.80002589  0.79040185  0.76227508  0.96225942  0.78090420  0.79040185  0.78090420  0.74411378  0.98692455  0.98692455  0.99957990  1.01246065  0.97448684  0.79040185  0.80002589  0.80977972  0.83985622  0.87123795  0.88200859  0.90404336  0.90404336  0.92677061  0.81966689  0.83985622  0.85016623  0.76227508  0.78090420  0.67571214  0.78090420  0.83985622  0.78090420  0.86062535  0.83985622  0.88200859  0.91531771  0.89294206  0.69221567  0.70910461  0.71769931  0.70061084  0.76227508  0.73520134  0.76227508  0.76227508  0.77152966  0.76227508  0.76227508  0.80002589  0.74411378  0.71769931  0.69221567  
2_0_0      0.54883069  0.53526749  0.53526749  0.53526749  0.36274832  0.36806041  0.36274832  0.17705911  0.15687256  0.18116492  0.15687256  0.19362409  0.17297647  0.21057739  0.21057739  0.18529417  0.13723418  0.13723418  0.11811499  0.05319095  0.03614474  0.03278319  0.02610659  0.02279126  0.00000000  0.19782530  0.29702323  0.29220645  0.28266808  0.30187231  0.28742154  0.32661768  0.29702323  0.42922325  0.27794565  0.29702323  0.50243224  0.50243224  0.49604036  0.82969111  0.92677061  0.96225942  0.86062535  0.78090420  0.77152966  0.81966689  0.88200859  0.90404336  0.81966689  0.77152966  0.76227508  0.73520134  0.96225942  0.79040185  0.80002589  0.80977972  0.77152966  0.97448684  0.97448684  0.98692455  0.99957990  0.96225942  0.76227508  0.77152966  0.78090420  0.82969111  0.86062535  0.86062535  0.83985622  0.83985622  0.86062535  0.80977972  0.82969111  0.81966689  0.73520134  0.78090420  0.65164216  0.79040185  0.81966689  0.75313743  0.91531771  0.89294206  0.93840779  0.95023528  0.95023528  0.69221567  0.70910461  0.70061084  0.70061084  0.74411378  0.71769931  0.74411378  0.74411378  0.77152966  0.79040185  0.79040185  0.82969111  0.72639738  0.72639738  0.69221567  
30_0_0     0.54883069  0.52195397  0.52195397  0.50888111  0.33675786  0.34188177  0.34188177  0.18529417  0.14502566  0.17705911  0.15687256  0.19362409  0.17297647  0.19782530  0.21487854  0.16086505  0.12952575  0.12952575  0.12570212  0.18529417  0.20205106  0.19782530  0.18529417  0.18944714  0.19782530  0.00000000  0.27325386  0.27794565  0.21487854  0.25024088  0.29220645  0.34704224  0.28742154  0.43504878  0.24123689  0.25935839  0.41202299  0.41202299  0.40637929  0.79040185  0.87123795  0.97448684  0.86062535  0.77152966  0.76227508  0.80002589  0.88200859  0.89294206  0.86062535  0.75313743  0.74411378  0.74411378  0.89294206  0.76227508  0.77152966  0.76227508  0.79040185  0.98692455  0.98692455  0.97448684  0.98692455  0.95023528  0.85016623  0.86062535  0.83985622  0.95023528  0.95023528  1.05253931  1.02557497  1.02557497  1.02557497  0.95023528  0.95023528  0.95023528  0.92677061  0.80977972  0.70910461  0.82969111  0.81966689  0.79040185  0.87123795  0.82969111  0.87123795  0.88200859  0.86062535  0.70061084  0.70061084  0.74411378  0.70061084  0.75313743  0.73520134  0.74411378  0.74411378  0.80002589  0.79040185  0.79040185  0.80002589  0.68391683  0.73520134  0.73520134  
26_0_0     0.51538801  0.48970448  0.48970448  0.47719683  0.33675786  0.34188177  0.33167000  0.25024088  0.22793764  0.25478527  0.21920543  0.25024088  0.24572487  0.30675411  0.31166909  0.25478527  0.23234361  0.23234361  0.21487854  0.27325386  0.29702323  0.29702323  0.28266808  0.28742154  0.29702323  0.27325386  0.00000000  0.00967987  0.06712323  0.11060662  0.17297647  0.21920543  0.18116492  0.30675411  0.15290199  0.12189861  0.42922325  0.42922325  0.42344426  0.71769931  0.92677061  1.02557497  0.87123795  0.85016623  0.80977972  0.85016623  0.90404336  0.96225942  0.89294206  0.76227508  0.77152966  0.73520134  0.85016623  0.66759948  0.67571214  0.72639738  0.68391683  0.96225942  0.96225942  0.95023528  0.96225942  0.97448684  0.76227508  0.75313743  0.77152966  0.82969111  0.83985622  0.89294206  0.88200859  0.88200859  0.90404336  0.87123795  0.90404336  0.86062535  0.80977972  0.82969111  0.78090420  0.85016623  0.99957990  0.86062535  0.79040185  0.80977972  0.80977972  0.80977972  0.80002589  0.65957681  0.65957681  0.72639738  0.67571214  0.68391683  0.70061084  0.74411378  0.70910461  0.80002589  0.80977972  0.79040185  0.85016623  0.67571214  0.66759948  0.69221567  
6_0_0      0.52195397  0.49604036  0.49604036  0.48342362  0.34188177  0.34704224  0.33675786  0.26396062  0.23234361  0.25935839  0.22355836  0.24572487  0.25024088  0.30187231  0.29702323  0.25024088  0.23677658  0.23677658  0.21920543  0.27794565  0.31166909  0.29220645  0.28742154  0.29220645  0.29220645  0.27794565  0.00967987  0.00000000  0.07064864  0.11435106  0.16891675  0.21487854  0.17705911  0.29220645  0.15687256  0.11811499  0.44092163  0.44092163  0.43504878  0.70910461  0.89294206  1.02557497  0.83985622  0.83985622  0.78090420  0.81966689  0.89294206  0.92677061  0.86062535  0.73520134  0.74411378  0.70910461  0.86062535  0.69221567  0.70061084  0.73520134  0.70910461  0.96225942  0.96225942  0.95023528  0.96225942  0.97448684  0.75313743  0.74411378  0.76227508  0.80002589  0.80977972  0.86062535  0.85016623  0.85016623  0.87123795  0.83985622  0.89294206  0.85016623  0.81966689  0.85016623  0.75313743  0.85016623  0.97448684  0.83985622  0.80002589  0.81966689  0.81966689  0.81966689  0.80977972  0.67571214  0.67571214  0.72639738  0.69221567  0.70061084  0.71769931  0.76227508  0.72639738  0.77152966  0.78090420  0.76227508  0.81966689  0.65957681  0.67571214  0.66759948  
32_0_0     0.50888111  0.48342362  0.48342362  0.45883182  0.35223980  0.35747498  0.33675786  0.22793764  0.18944714  0.21920543  0.18116492  0.21057739  0.21920543  0.27325386  0.27794565  0.22355836  0.20205106  0.20205106  0.18529417  0.25024088  0.28266808  0.28266808  0.26859231  0.27325386  0.28266808  0.21487854  0.06712323  0.07064864  0.00000000  0.04632418  0.14111943  0.18529417  0.15687256  0.29702323  0.09216981  0.07775144  0.43504878  0.43504878  0.42922325  0.74411378  0.89294206  0.98692455  0.88200859  0.80977972  0.80002589  0.83985622  0.95023528  0.96225942  0.86062535  0.75313743  0.76227508  0.74411378  0.89294206  0.70910461  0.70061084  0.75313743  0.76227508  0.99957990  0.99957990  0.98692455  0.99957990  0.99957990  0.75313743  0.76227508  0.78090420  0.81966689  0.81966689  0.95023528  0.93840779  0.93840779  0.96225942  0.89294206  0.92677061  0.89294206  0.80977972  0.80977972  0.75313743  0.78090420  0.92677061  0.81966689  0.83985622  0.80977972  0.80977972  0.82969111  0.81966689  0.66759948  0.66759948  0.74411378  0.66759948  0.65957681  0.70910461  0.73520134  0.71769931  0.87123795  0.88200859  0.86062535  0.89294206  0.64379362  0.69221567  0.66759948  
4_0_0      0.51538801  0.49604036  0.49604036  0.48342362  0.40637929  0.41202299  0.38423484  0.25935839  0.21920543  0.25024088  0.21920543  0.25024088  0.23234361  0.30675411  0.31166909  0.24123689  0.21487854  0.21487854  0.19782530  0.27794565  0.30187231  0.30187231  0.28742154  0.29220645  0.30187231  0.25024088  0.11060662  0.11435106  0.04632418  0.00000000  0.19782530  0.24572487  0.19782530  0.31661770  0.12189861  0.11435106  0.44684255  0.44684255  0.44092163  0.76227508  0.85016623  0.97448684  0.89294206  0.80977972  0.79040185  0.82969111  0.93840779  0.95023528  0.83985622  0.77152966  0.78090420  0.79040185  0.92677061  0.74411378  0.73520134  0.80977972  0.78090420  0.98692455  0.98692455  0.97448684  1.01246065  0.98692455  0.73520134  0.71769931  0.74411378  0.74411378  0.76227508  0.85016623  0.88200859  0.88200859  0.88200859  0.83985622  0.82969111  0.80002589  0.80977972  0.81966689  0.73520134  0.78090420  0.91531771  0.80002589  0.80977972  0.78090420  0.80002589  0.81966689  0.79040185  0.68391683  0.68391683  0.77152966  0.71769931  0.70061084  0.73520134  0.78090420  0.74411378  0.85016623  0.87123795  0.85016623  0.88200859  0.65164216  0.70061084  0.64379362  
22_0_0     0.54201729  0.54201729  0.54201729  0.52858010  0.36806041  0.37341179  0.35223980  0.26859231  0.25024088  0.25478527  0.23234361  0.25478527  0.27325386  0.30187231  0.29220645  0.28742154  0.25478527  0.25478527  0.24572487  0.29702323  0.31661770  0.30675411  0.29702323  0.29702323  0.28742154  0.29220645  0.17297647  0.16891675  0.14111943  0.19782530  0.00000000  0.06712323  0.01949107  0.38423484  0.21487854  0.18944714  0.48970448  0.48970448  0.49604036  0.81966689  0.96225942  1.09496992  0.91531771  0.87123795  0.85016623  0.89294206  0.99957990  1.03893148  0.89294206  0.76227508  0.76227508  0.73520134  0.93840779  0.75313743  0.76227508  0.78090420  0.79040185  0.91531771  0.91531771  0.90404336  0.90404336  0.90404336  0.76227508  0.77152966  0.80002589  0.83985622  0.83985622  0.91531771  0.89294206  0.89294206  0.93840779  0.86062535  0.91531771  0.87123795  0.85016623  0.86062535  0.78090420  0.88200859  0.95023528  0.86062535  0.90404336  0.92677061  0.95023528  0.97448684  0.96225942  0.77152966  0.77152966  0.79040185  0.76227508  0.71769931  0.71769931  0.70910461  0.72639738  0.88200859  0.87123795  0.87123795  0.88200859  0.65164216  0.68391683  0.68391683  
9_0_0      0.56966467  0.55570888  0.55570888  0.54201729  0.44092163  0.44684255  0.42344426  0.30675411  0.27325386  0.29220645  0.27325386  0.29220645  0.29702323  0.32160041  0.32160041  0.32160041  0.29702323  0.29702323  0.28742154  0.32661768  0.36806041  0.35747498  0.34704224  0.34704224  0.32661768  0.34704224  0.21920543  0.21487854  0.18529417  0.24572487  0.06712323  0.00000000  0.08853818  0.39522232  0.22355836  0.22355836  0.50243224  0.50243224  0.50888111  0.81966689  0.99957990  1.17173696  0.95023528  0.92677061  0.90404336  0.95023528  1.06640809  1.10968527  0.97448684  0.80002589  0.80002589  0.77152966  0.98692455  0.75313743  0.76227508  0.80002589  0.80977972  1.01246065  1.01246065  0.99957990  0.99957990  1.02557497  0.77152966  0.78090420  0.82969111  0.85016623  0.85016623  0.92677061  0.91531771  0.91531771  0.96225942  0.82969111  0.86062535  0.85016623  0.82969111  0.87123795  0.73520134  0.87123795  0.95023528  0.85016623  0.92677061  0.92677061  0.97448684  0.97448684  0.98692455  0.75313743  0.73520134  0.77152966  0.74411378  0.71769931  0.71769931  0.70910461  0.72639738  0.95023528  0.93840779  0.96225942  0.95023528  0.65164216  0.69221567  0.67571214  
3_0_0      0.54883069  0.54883069  0.54883069  0.54883069  0.37880307  0.38423484  0.37341179  0.27794565  0.25024088  0.26859231  0.24123689  0.26396062  0.28266808  0.30187231  0.29220645  0.29702323  0.25478527  0.25478527  0.24572487  0.30675411  0.32661768  0.31661770  0.30675411  0.30675411  0.29702323  0.28742154  0.18116492  0.17705911  0.15687256  0.19782530  0.01949107  0.08853818  0.00000000  0.37341179  0.21487854  0.19782530  0.48970448  0.48970448  0.49604036  0.82969111  0.95023528  1.10968527  0.95023528  0.88200859  0.86062535  0.90404336  0.98692455  1.02557497  0.91531771  0.79040185  0.79040185  0.74411378  0.96225942  0.75313743  0.76227508  0.80002589  0.80977972  0.90404336  0.90404336  0.89294206  0.89294206  0.89294206  0.77152966  0.78090420  0.80977972  0.81966689  0.81966689  0.89294206  0.87123795  0.87123795  0.91531771  0.86062535  0.87123795  0.85016623  0.87123795  0.88200859  0.76227508  0.85016623  0.93840779  0.83985622  0.86062535  0.88200859  0.90404336  0.92677061  0.91531771  0.78090420  0.78090420  0.80002589  0.77152966  0.72639738  0.73520134  0.72639738  0.74411378  0.88200859  0.89294206  0.89294206  0.90404336  0.65164216  0.68391683  0.68391683  
