fastme_mat.p : 13.836980104446411
fastme.f81 : 14.783273696899414
ba.exp : 79.33452868461609
pipeline_dl3044371 : 108.83293890953064
