fastme_mat.p : 2.375411439004898
fastme.f81 : 4.604711378669262
ba.exp : 20.57681831308961
