20
20_0_0     0.00000000  0.37808712  0.37808712  0.35198700  0.31858484  0.31858484  0.34349133  0.24123966  0.24123966  0.32679246  0.31046894  0.30244275  0.31046894  0.34349133  0.27888305  0.24861385  0.30244275  0.27119665  0.27119665  0.25606370  
18_0_0     0.37808712  0.00000000  0.02136381  0.09548457  0.19161616  0.19161616  0.17134485  0.35198700  0.33509390  0.39602333  0.43328204  0.42378663  0.43328204  0.47255617  0.35198700  0.45265364  0.43328204  0.44290325  0.44290325  0.46253673  
8_0_0      0.37808712  0.02136381  0.00000000  0.09548457  0.17803927  0.17803927  0.15813832  0.36058323  0.34349133  0.40516034  0.42378663  0.41441377  0.40516034  0.50347159  0.34349133  0.42378663  0.42378663  0.44290325  0.44290325  0.46253673  
19_0_0     0.35198700  0.09548457  0.09548457  0.00000000  0.13242463  0.13242463  0.10151223  0.37808712  0.36058323  0.38699985  0.42378663  0.41441377  0.40516034  0.45265364  0.33509390  0.38699985  0.41441377  0.47255617  0.47255617  0.47255617  
9_0_0      0.31858484  0.19161616  0.17803927  0.13242463  0.00000000  0.00000000  0.06033290  0.38699985  0.36928244  0.36928244  0.38699985  0.37808712  0.38699985  0.45265364  0.40516034  0.42378663  0.42378663  0.47255617  0.47255617  0.45265364  
13_0_0     0.31858484  0.19161616  0.17803927  0.13242463  0.00000000  0.00000000  0.06033290  0.38699985  0.36928244  0.36928244  0.38699985  0.37808712  0.38699985  0.45265364  0.40516034  0.42378663  0.42378663  0.47255617  0.47255617  0.45265364  
7_0_0      0.34349133  0.17134485  0.15813832  0.10151223  0.06033290  0.06033290  0.00000000  0.36058323  0.34349133  0.36058323  0.39602333  0.38699985  0.37808712  0.47255617  0.37808712  0.42378663  0.43328204  0.47255617  0.47255617  0.47255617  
17_0_0     0.24123966  0.35198700  0.36058323  0.37808712  0.38699985  0.38699985  0.36058323  0.00000000  0.02136381  0.20545171  0.20545171  0.19850098  0.20545171  0.45265364  0.27888305  0.30244275  0.27888305  0.29450429  0.29450429  0.29450429  
11_0_0     0.24123966  0.33509390  0.34349133  0.36058323  0.36928244  0.36928244  0.34349133  0.02136381  0.00000000  0.21955597  0.21955597  0.21246960  0.21955597  0.43328204  0.26359076  0.30244275  0.27888305  0.29450429  0.29450429  0.29450429  
5_0_0      0.32679246  0.39602333  0.40516034  0.38699985  0.36928244  0.36928244  0.36058323  0.20545171  0.21955597  0.00000000  0.02136381  0.01596365  0.02136381  0.56955485  0.36058323  0.36058323  0.36058323  0.41441377  0.41441377  0.39602333  
4_0_0      0.31046894  0.43328204  0.42378663  0.42378663  0.38699985  0.38699985  0.39602333  0.20545171  0.21955597  0.02136381  0.00000000  0.00528232  0.01060335  0.56955485  0.36058323  0.34349133  0.34349133  0.38699985  0.38699985  0.36928244  
12_0_0     0.30244275  0.42378663  0.41441377  0.41441377  0.37808712  0.37808712  0.38699985  0.19850098  0.21246960  0.01596365  0.00528232  0.00000000  0.00528232  0.55811490  0.35198700  0.35198700  0.35198700  0.38699985  0.38699985  0.36928244  
10_0_0     0.31046894  0.43328204  0.40516034  0.40516034  0.38699985  0.38699985  0.37808712  0.20545171  0.21955597  0.02136381  0.01060335  0.00528232  0.00000000  0.56955485  0.34349133  0.34349133  0.34349133  0.39602333  0.39602333  0.37808712  
16_0_0     0.34349133  0.47255617  0.50347159  0.45265364  0.45265364  0.45265364  0.47255617  0.45265364  0.43328204  0.56955485  0.56955485  0.55811490  0.56955485  0.00000000  0.27119665  0.28665167  0.31858484  0.47255617  0.47255617  0.46253673  
14_0_0     0.27888305  0.35198700  0.34349133  0.33509390  0.40516034  0.40516034  0.37808712  0.27888305  0.26359076  0.36058323  0.36058323  0.35198700  0.34349133  0.27119665  0.00000000  0.10151223  0.11371975  0.36058323  0.36058323  0.36058323  
6_0_0      0.24861385  0.45265364  0.42378663  0.38699985  0.42378663  0.42378663  0.42378663  0.30244275  0.30244275  0.36058323  0.34349133  0.35198700  0.34349133  0.28665167  0.10151223  0.00000000  0.13242463  0.31046894  0.31046894  0.29450429  
15_0_0     0.30244275  0.43328204  0.42378663  0.41441377  0.42378663  0.42378663  0.43328204  0.27888305  0.27888305  0.36058323  0.34349133  0.35198700  0.34349133  0.31858484  0.11371975  0.13242463  0.00000000  0.39602333  0.39602333  0.39602333  
3_0_0      0.27119665  0.44290325  0.44290325  0.47255617  0.47255617  0.47255617  0.47255617  0.29450429  0.29450429  0.41441377  0.38699985  0.38699985  0.39602333  0.47255617  0.36058323  0.31046894  0.39602333  0.00000000  0.00000000  0.01060335  
2_0_0      0.27119665  0.44290325  0.44290325  0.47255617  0.47255617  0.47255617  0.47255617  0.29450429  0.29450429  0.41441377  0.38699985  0.38699985  0.39602333  0.47255617  0.36058323  0.31046894  0.39602333  0.00000000  0.00000000  0.01060335  
1_0_0      0.25606370  0.46253673  0.46253673  0.47255617  0.45265364  0.45265364  0.47255617  0.29450429  0.29450429  0.39602333  0.36928244  0.36928244  0.37808712  0.46253673  0.36058323  0.29450429  0.39602333  0.01060335  0.01060335  0.00000000  

