20
1_0_0      0.00000000  0.00986876  0.00986876  0.34207634  0.37371949  0.36568227  0.38184404  0.32674318  0.32674318  0.33437046  0.34207634  0.37371949  0.35773053  0.44133086  0.44133086  0.43253745  0.49638047  0.49638047  0.49638047  0.44133086  
3_0_0      0.00986876  0.00000000  0.00000000  0.35773053  0.39005784  0.38184404  0.39836288  0.34207634  0.34207634  0.34986247  0.35773053  0.37371949  0.35773053  0.45923414  0.44133086  0.43253745  0.47757665  0.47757665  0.47757665  0.43253745  
2_0_0      0.00986876  0.00000000  0.00000000  0.35773053  0.39005784  0.38184404  0.39836288  0.34207634  0.34207634  0.34986247  0.35773053  0.37371949  0.35773053  0.45923414  0.44133086  0.43253745  0.47757665  0.47757665  0.47757665  0.43253745  
6_0_0      0.34207634  0.35773053  0.35773053  0.00000000  0.09946983  0.07740091  0.21423317  0.20128910  0.20128910  0.20773313  0.20773313  0.26138803  0.24760904  0.37371949  0.34207634  0.33437046  0.34986247  0.34986247  0.34986247  0.40676121  
14_0_0     0.37371949  0.39005784  0.39005784  0.09946983  0.00000000  0.05596474  0.24081362  0.24760904  0.24760904  0.25446679  0.24081362  0.28254464  0.26837393  0.36568227  0.34986247  0.34207634  0.35773053  0.35773053  0.39005784  0.43253745  
15_0_0     0.36568227  0.38184404  0.38184404  0.07740091  0.05596474  0.00000000  0.22079022  0.24760904  0.24760904  0.25446679  0.24081362  0.28254464  0.26837393  0.36568227  0.31919293  0.31171816  0.32674318  0.32674318  0.35773053  0.43253745  
16_0_0     0.38184404  0.39836288  0.39836288  0.21423317  0.24081362  0.22079022  0.00000000  0.22079022  0.22079022  0.21423317  0.24081362  0.26138803  0.25446679  0.42384626  0.39836288  0.38184404  0.41525494  0.41525494  0.43253745  0.48691945  
10_0_0     0.32674318  0.34207634  0.34207634  0.20128910  0.24760904  0.24760904  0.22079022  0.00000000  0.00000000  0.00491810  0.01485243  0.13384480  0.12800477  0.40676121  0.33437046  0.32674318  0.35773053  0.35773053  0.32674318  0.44133086  
4_0_0      0.32674318  0.34207634  0.34207634  0.20128910  0.24760904  0.24760904  0.22079022  0.00000000  0.00000000  0.00491810  0.01485243  0.13384480  0.12800477  0.40676121  0.33437046  0.32674318  0.35773053  0.35773053  0.32674318  0.44133086  
12_0_0     0.33437046  0.34986247  0.34986247  0.20773313  0.25446679  0.25446679  0.21423317  0.00491810  0.00491810  0.00000000  0.01986953  0.13973081  0.13384480  0.41525494  0.34207634  0.33437046  0.36568227  0.36568227  0.33437046  0.45022892  
5_0_0      0.34207634  0.35773053  0.35773053  0.20773313  0.24081362  0.24081362  0.24081362  0.01485243  0.01485243  0.01986953  0.00000000  0.13973081  0.13384480  0.40676121  0.33437046  0.32674318  0.34207634  0.34207634  0.31171816  0.43253745  
17_0_0     0.37371949  0.37371949  0.37371949  0.26138803  0.28254464  0.28254464  0.26138803  0.13384480  0.13384480  0.13973081  0.13973081  0.00000000  0.02492052  0.39005784  0.39005784  0.37371949  0.35773053  0.35773053  0.35773053  0.43253745  
11_0_0     0.35773053  0.35773053  0.35773053  0.24760904  0.26837393  0.26837393  0.25446679  0.12800477  0.12800477  0.13384480  0.13384480  0.02492052  0.00000000  0.37371949  0.36568227  0.34986247  0.34986247  0.34986247  0.34986247  0.40676121  
19_0_0     0.44133086  0.45923414  0.45923414  0.37371949  0.36568227  0.36568227  0.42384626  0.40676121  0.40676121  0.41525494  0.40676121  0.39005784  0.37371949  0.00000000  0.24760904  0.24081362  0.32674318  0.32674318  0.36568227  0.53546919  
8_0_0      0.44133086  0.44133086  0.44133086  0.34207634  0.34986247  0.31919293  0.39836288  0.33437046  0.33437046  0.34207634  0.33437046  0.39005784  0.36568227  0.24760904  0.00000000  0.01986953  0.19490014  0.19490014  0.20773313  0.45022892  
18_0_0     0.43253745  0.43253745  0.43253745  0.33437046  0.34207634  0.31171816  0.38184404  0.32674318  0.32674318  0.33437046  0.32674318  0.37371949  0.34986247  0.24081362  0.01986953  0.00000000  0.20128910  0.20128910  0.21423317  0.45923414  
9_0_0      0.49638047  0.47757665  0.47757665  0.34986247  0.35773053  0.32674318  0.41525494  0.35773053  0.35773053  0.36568227  0.34207634  0.35773053  0.34986247  0.32674318  0.19490014  0.20128910  0.00000000  0.00000000  0.03512605  0.50596275  
13_0_0     0.49638047  0.47757665  0.47757665  0.34986247  0.35773053  0.32674318  0.41525494  0.35773053  0.35773053  0.36568227  0.34207634  0.35773053  0.34986247  0.32674318  0.19490014  0.20128910  0.00000000  0.00000000  0.03512605  0.50596275  
7_0_0      0.49638047  0.47757665  0.47757665  0.34986247  0.39005784  0.35773053  0.43253745  0.32674318  0.32674318  0.33437046  0.31171816  0.35773053  0.34986247  0.36568227  0.20773313  0.21423317  0.03512605  0.03512605  0.00000000  0.50596275  
20_0_0     0.44133086  0.43253745  0.43253745  0.40676121  0.43253745  0.43253745  0.48691945  0.44133086  0.44133086  0.45022892  0.43253745  0.43253745  0.40676121  0.53546919  0.45022892  0.45923414  0.50596275  0.50596275  0.50596275  0.00000000  

