20
15_0_0     0.00000000  0.29011233  0.29956621  0.28078041  0.26247013  0.28078041  0.28078041  0.30914529  0.33866794  0.50761292  0.45856635  0.47051977  0.47051977  0.47051977  0.40159392  0.45856635  0.44680724  0.53344237  0.50761292  0.47051977  
18_0_0     0.29011233  0.00000000  0.02560509  0.18536697  0.19353921  0.17728602  0.17728602  0.22718393  0.25348591  0.45856635  0.38000465  0.42384740  0.43523623  0.43523623  0.32869258  0.41263509  0.41263509  0.42384740  0.43523623  0.45856635  
14_0_0     0.29956621  0.02560509  0.00000000  0.19353921  0.21016599  0.19353921  0.19353921  0.23584543  0.26247013  0.44680724  0.39071875  0.42384740  0.44680724  0.44680724  0.34878279  0.43523623  0.43523623  0.43523623  0.44680724  0.47051977  
13_0_0     0.28078041  0.18536697  0.19353921  0.00000000  0.10835342  0.09388788  0.09388788  0.16929435  0.21016599  0.41263509  0.40159392  0.36944692  0.40159392  0.40159392  0.31885291  0.40159392  0.38000465  0.43523623  0.41263509  0.44680724  
20_0_0     0.26247013  0.19353921  0.21016599  0.10835342  0.00000000  0.01268926  0.01268926  0.20180483  0.21016599  0.39071875  0.42384740  0.40159392  0.39071875  0.39071875  0.32869258  0.39071875  0.36944692  0.41263509  0.39071875  0.44680724  
12_0_0     0.28078041  0.17728602  0.19353921  0.09388788  0.01268926  0.00000000  0.00000000  0.18536697  0.19353921  0.39071875  0.40159392  0.38000465  0.36944692  0.36944692  0.30914529  0.36944692  0.34878279  0.39071875  0.36944692  0.42384740  
19_0_0     0.28078041  0.17728602  0.19353921  0.09388788  0.01268926  0.00000000  0.00000000  0.18536697  0.19353921  0.39071875  0.40159392  0.38000465  0.36944692  0.36944692  0.30914529  0.36944692  0.34878279  0.39071875  0.36944692  0.42384740  
17_0_0     0.30914529  0.22718393  0.23584543  0.16929435  0.20180483  0.18536697  0.18536697  0.00000000  0.04542180  0.39071875  0.31885291  0.38000465  0.31885291  0.31885291  0.26247013  0.32869258  0.31885291  0.33866794  0.31885291  0.32869258  
16_0_0     0.33866794  0.25348591  0.26247013  0.21016599  0.21016599  0.19353921  0.19353921  0.04542180  0.00000000  0.38000465  0.34878279  0.39071875  0.34878279  0.34878279  0.29011233  0.31885291  0.32869258  0.36944692  0.34878279  0.35904107  
9_0_0      0.50761292  0.45856635  0.44680724  0.41263509  0.39071875  0.39071875  0.39071875  0.39071875  0.38000465  0.00000000  0.21862492  0.27156734  0.27156734  0.27156734  0.28078041  0.32869258  0.30914529  0.29956621  0.30914529  0.32869258  
1_0_0      0.45856635  0.38000465  0.39071875  0.40159392  0.42384740  0.40159392  0.40159392  0.31885291  0.34878279  0.21862492  0.00000000  0.21016599  0.18536697  0.18536697  0.21016599  0.22718393  0.23584543  0.21862492  0.21016599  0.23584543  
6_0_0      0.47051977  0.42384740  0.42384740  0.36944692  0.40159392  0.38000465  0.38000465  0.38000465  0.39071875  0.27156734  0.21016599  0.00000000  0.26247013  0.26247013  0.26247013  0.28078041  0.30914529  0.26247013  0.27156734  0.27156734  
8_0_0      0.47051977  0.43523623  0.44680724  0.40159392  0.39071875  0.36944692  0.36944692  0.31885291  0.34878279  0.27156734  0.18536697  0.26247013  0.00000000  0.00000000  0.22718393  0.26247013  0.25348591  0.18536697  0.19353921  0.21016599  
2_0_0      0.47051977  0.43523623  0.44680724  0.40159392  0.39071875  0.36944692  0.36944692  0.31885291  0.34878279  0.27156734  0.18536697  0.26247013  0.00000000  0.00000000  0.22718393  0.26247013  0.25348591  0.18536697  0.19353921  0.21016599  
5_0_0      0.40159392  0.32869258  0.34878279  0.31885291  0.32869258  0.30914529  0.30914529  0.26247013  0.29011233  0.28078041  0.21016599  0.26247013  0.22718393  0.22718393  0.00000000  0.06579670  0.05894111  0.16929435  0.14583580  0.20180483  
4_0_0      0.45856635  0.41263509  0.43523623  0.40159392  0.39071875  0.36944692  0.36944692  0.32869258  0.31885291  0.32869258  0.22718393  0.28078041  0.26247013  0.26247013  0.06579670  0.00000000  0.04542180  0.19353921  0.16929435  0.21016599  
3_0_0      0.44680724  0.41263509  0.43523623  0.38000465  0.36944692  0.34878279  0.34878279  0.31885291  0.32869258  0.30914529  0.23584543  0.30914529  0.25348591  0.25348591  0.05894111  0.04542180  0.00000000  0.18536697  0.16139001  0.21862492  
7_0_0      0.53344237  0.42384740  0.43523623  0.43523623  0.41263509  0.39071875  0.39071875  0.33866794  0.36944692  0.29956621  0.21862492  0.26247013  0.18536697  0.18536697  0.16929435  0.19353921  0.18536697  0.00000000  0.03215053  0.08676215  
11_0_0     0.50761292  0.43523623  0.44680724  0.41263509  0.39071875  0.36944692  0.36944692  0.31885291  0.34878279  0.30914529  0.21016599  0.27156734  0.19353921  0.19353921  0.14583580  0.16929435  0.16139001  0.03215053  0.00000000  0.09388788  
10_0_0     0.47051977  0.45856635  0.47051977  0.44680724  0.44680724  0.42384740  0.42384740  0.32869258  0.35904107  0.32869258  0.23584543  0.27156734  0.21016599  0.21016599  0.20180483  0.21016599  0.21862492  0.08676215  0.09388788  0.00000000  

