20
20_0_0     0.00000000  0.31031940  0.30280720  0.27349475  0.24529361  0.24529361  0.24529361  0.31031940  0.29537010  0.29537010  0.28800661  0.34115056  0.33332216  0.22482288  0.31790823  0.28071530  0.27349475  0.21812259  0.21148211  0.21148211  
8_0_0      0.31031940  0.00000000  0.00499183  0.06223344  0.14210023  0.14210023  0.15424330  0.25926056  0.25926056  0.25926056  0.25224431  0.29537010  0.29537010  0.31790823  0.30280720  0.29537010  0.31790823  0.29537010  0.30280720  0.30280720  
18_0_0     0.30280720  0.00499183  0.00000000  0.06766242  0.14814699  0.14814699  0.16038998  0.26634361  0.26634361  0.26634361  0.25926056  0.30280720  0.30280720  0.31031940  0.31031940  0.30280720  0.32557527  0.30280720  0.31031940  0.31031940  
19_0_0     0.27349475  0.06223344  0.06766242  0.00000000  0.10681681  0.10681681  0.10681681  0.24529361  0.24529361  0.24529361  0.23840726  0.26634361  0.26634361  0.28800661  0.28800661  0.30280720  0.29537010  0.27349475  0.28071530  0.28071530  
13_0_0     0.24529361  0.14210023  0.14814699  0.10681681  0.00000000  0.00000000  0.01001739  0.28071530  0.28071530  0.28071530  0.27349475  0.30280720  0.31031940  0.33332216  0.33332216  0.34115056  0.33332216  0.31031940  0.30280720  0.30280720  
9_0_0      0.24529361  0.14210023  0.14814699  0.10681681  0.00000000  0.00000000  0.01001739  0.28071530  0.28071530  0.28071530  0.27349475  0.30280720  0.31031940  0.33332216  0.33332216  0.34115056  0.33332216  0.31031940  0.30280720  0.30280720  
7_0_0      0.24529361  0.15424330  0.16038998  0.10681681  0.01001739  0.01001739  0.00000000  0.28071530  0.28071530  0.28071530  0.27349475  0.30280720  0.31031940  0.33332216  0.33332216  0.34115056  0.33332216  0.31031940  0.30280720  0.30280720  
5_0_0      0.31031940  0.25926056  0.26634361  0.24529361  0.28071530  0.28071530  0.28071530  0.00000000  0.03046615  0.03046615  0.02530102  0.08978342  0.10681681  0.31031940  0.33332216  0.28800661  0.33332216  0.25926056  0.25224431  0.25224431  
12_0_0     0.29537010  0.25926056  0.26634361  0.24529361  0.28071530  0.28071530  0.28071530  0.03046615  0.00000000  0.00000000  0.00499183  0.08419120  0.08978342  0.31031940  0.34115056  0.29537010  0.32557527  0.26634361  0.25926056  0.25926056  
4_0_0      0.29537010  0.25926056  0.26634361  0.24529361  0.28071530  0.28071530  0.28071530  0.03046615  0.00000000  0.00000000  0.00499183  0.08419120  0.08978342  0.31031940  0.34115056  0.29537010  0.32557527  0.26634361  0.25926056  0.25926056  
10_0_0     0.28800661  0.25224431  0.25926056  0.23840726  0.27349475  0.27349475  0.27349475  0.02530102  0.00499183  0.00499183  0.00000000  0.07864070  0.08419120  0.30280720  0.33332216  0.28800661  0.31790823  0.25926056  0.25224431  0.25224431  
11_0_0     0.34115056  0.29537010  0.30280720  0.26634361  0.30280720  0.30280720  0.30280720  0.08978342  0.08419120  0.08419120  0.07864070  0.00000000  0.01507713  0.36514251  0.34906222  0.31790823  0.36514251  0.28071530  0.28800661  0.28800661  
17_0_0     0.33332216  0.29537010  0.30280720  0.26634361  0.31031940  0.31031940  0.31031940  0.10681681  0.08978342  0.08978342  0.08419120  0.01507713  0.00000000  0.35705892  0.35705892  0.34115056  0.37331491  0.25926056  0.26634361  0.26634361  
16_0_0     0.22482288  0.31790823  0.31031940  0.28800661  0.33332216  0.33332216  0.33332216  0.31031940  0.31031940  0.31031940  0.30280720  0.36514251  0.35705892  0.00000000  0.19837637  0.20490038  0.21148211  0.27349475  0.26634361  0.26634361  
15_0_0     0.31790823  0.30280720  0.31031940  0.28800661  0.33332216  0.33332216  0.33332216  0.33332216  0.34115056  0.34115056  0.33332216  0.34906222  0.35705892  0.19837637  0.00000000  0.12424936  0.10681681  0.25224431  0.24529361  0.24529361  
6_0_0      0.28071530  0.29537010  0.30280720  0.30280720  0.34115056  0.34115056  0.34115056  0.28800661  0.29537010  0.29537010  0.28800661  0.31790823  0.34115056  0.20490038  0.12424936  0.00000000  0.06766242  0.22482288  0.21812259  0.21812259  
14_0_0     0.27349475  0.31790823  0.32557527  0.29537010  0.33332216  0.33332216  0.33332216  0.33332216  0.32557527  0.32557527  0.31790823  0.36514251  0.37331491  0.21148211  0.10681681  0.06766242  0.00000000  0.23158406  0.22482288  0.22482288  
2_0_0      0.21812259  0.29537010  0.30280720  0.27349475  0.31031940  0.31031940  0.31031940  0.25926056  0.26634361  0.26634361  0.25926056  0.28071530  0.25926056  0.27349475  0.25224431  0.22482288  0.23158406  0.00000000  0.00499183  0.00499183  
3_0_0      0.21148211  0.30280720  0.31031940  0.28071530  0.30280720  0.30280720  0.30280720  0.25224431  0.25926056  0.25926056  0.25224431  0.28800661  0.26634361  0.26634361  0.24529361  0.21812259  0.22482288  0.00499183  0.00000000  0.00000000  
1_0_0      0.21148211  0.30280720  0.31031940  0.28071530  0.30280720  0.30280720  0.30280720  0.25224431  0.25926056  0.25926056  0.25224431  0.28800661  0.26634361  0.26634361  0.24529361  0.21812259  0.22482288  0.00499183  0.00000000  0.00000000  

