20
12_0_0     0.00000000  0.15178651  0.15178651  0.17316835  0.14479522  0.14479522  0.11747649  0.13100897  0.11747649  0.15178651  0.16597175  0.23342718  0.22561914  0.25736150  0.28210130  0.23342718  0.23342718  0.23342718  0.23342718  0.23342718  
10_0_0     0.15178651  0.00000000  0.03511091  0.05948575  0.11747649  0.11747649  0.07831230  0.09113662  0.09113662  0.12421160  0.12421160  0.21789316  0.22561914  0.27376186  0.30770267  0.25736150  0.25736150  0.25736150  0.25736150  0.27376186  
19_0_0     0.15178651  0.03511091  0.00000000  0.04719732  0.13100897  0.13100897  0.09113662  0.10418860  0.10418860  0.12421160  0.13786978  0.24929651  0.24131903  0.27376186  0.27376186  0.22561914  0.24131903  0.24131903  0.24131903  0.24131903  
21_0_0     0.17316835  0.05948575  0.04719732  0.00000000  0.15884492  0.15884492  0.11747649  0.11747649  0.13100897  0.16597175  0.18043609  0.24929651  0.24131903  0.29053642  0.32527933  0.25736150  0.27376186  0.27376186  0.27376186  0.29053642  
24_0_0     0.14479522  0.11747649  0.13100897  0.15884492  0.00000000  0.07198307  0.08469650  0.08469650  0.07198307  0.10418860  0.09113662  0.21024752  0.20268057  0.29053642  0.29053642  0.24131903  0.22561914  0.22561914  0.23342718  0.22561914  
4_0_0      0.14479522  0.11747649  0.13100897  0.15884492  0.07198307  0.00000000  0.05948575  0.05948575  0.04719732  0.07831230  0.06570786  0.21024752  0.20268057  0.27376186  0.25736150  0.24131903  0.22561914  0.22561914  0.23342718  0.22561914  
14_0_0     0.11747649  0.07831230  0.09113662  0.11747649  0.08469650  0.05948575  0.00000000  0.01151833  0.02321999  0.05331586  0.09113662  0.18043609  0.17316835  0.27376186  0.26551595  0.21024752  0.20268057  0.20268057  0.21024752  0.21024752  
20_0_0     0.13100897  0.09113662  0.10418860  0.11747649  0.08469650  0.05948575  0.01151833  0.00000000  0.02321999  0.05331586  0.09113662  0.18043609  0.17316835  0.27376186  0.26551595  0.21024752  0.19519071  0.19519071  0.20268057  0.19519071  
1_0_0      0.11747649  0.09113662  0.10418860  0.13100897  0.07198307  0.04719732  0.02321999  0.02321999  0.00000000  0.02914141  0.07831230  0.16597175  0.15884492  0.27376186  0.26551595  0.21024752  0.19519071  0.19519071  0.20268057  0.19519071  
3_0_0      0.15178651  0.12421160  0.12421160  0.16597175  0.10418860  0.07831230  0.05331586  0.05331586  0.02914141  0.00000000  0.08469650  0.17316835  0.16597175  0.24131903  0.24929651  0.21024752  0.19519071  0.19519071  0.20268057  0.17316835  
13_0_0     0.16597175  0.12421160  0.13786978  0.18043609  0.09113662  0.06570786  0.09113662  0.09113662  0.07831230  0.08469650  0.00000000  0.20268057  0.21024752  0.28210130  0.28210130  0.23342718  0.23342718  0.23342718  0.24131903  0.21789316  
22_0_0     0.23342718  0.21789316  0.24929651  0.24929651  0.21024752  0.21024752  0.18043609  0.18043609  0.16597175  0.17316835  0.20268057  0.00000000  0.01151833  0.32527933  0.37115226  0.34328651  0.31643847  0.31643847  0.31643847  0.30770267  
6_0_0      0.22561914  0.22561914  0.24131903  0.24131903  0.20268057  0.20268057  0.17316835  0.17316835  0.15884492  0.16597175  0.21024752  0.01151833  0.00000000  0.31643847  0.36174584  0.33422779  0.30770267  0.30770267  0.30770267  0.29906944  
8_0_0      0.25736150  0.27376186  0.27376186  0.29053642  0.29053642  0.27376186  0.27376186  0.27376186  0.27376186  0.24131903  0.28210130  0.32527933  0.31643847  0.00000000  0.14479522  0.12421160  0.13786978  0.13786978  0.12421160  0.14479522  
16_0_0     0.28210130  0.30770267  0.27376186  0.32527933  0.29053642  0.25736150  0.26551595  0.26551595  0.26551595  0.24929651  0.28210130  0.37115226  0.36174584  0.14479522  0.00000000  0.07198307  0.08469650  0.08469650  0.07198307  0.07831230  
15_0_0     0.23342718  0.25736150  0.22561914  0.25736150  0.24131903  0.24131903  0.21024752  0.21024752  0.21024752  0.21024752  0.23342718  0.34328651  0.33422779  0.12421160  0.07198307  0.00000000  0.03511091  0.03511091  0.02321999  0.04112928  
11_0_0     0.23342718  0.25736150  0.24131903  0.27376186  0.22561914  0.22561914  0.20268057  0.19519071  0.19519071  0.19519071  0.23342718  0.31643847  0.30770267  0.13786978  0.08469650  0.03511091  0.00000000  0.00000000  0.01151833  0.04719732  
17_0_0     0.23342718  0.25736150  0.24131903  0.27376186  0.22561914  0.22561914  0.20268057  0.19519071  0.19519071  0.19519071  0.23342718  0.31643847  0.30770267  0.13786978  0.08469650  0.03511091  0.00000000  0.00000000  0.01151833  0.04719732  
2_0_0      0.23342718  0.25736150  0.24131903  0.27376186  0.23342718  0.23342718  0.21024752  0.20268057  0.20268057  0.20268057  0.24131903  0.31643847  0.30770267  0.12421160  0.07198307  0.02321999  0.01151833  0.01151833  0.00000000  0.03511091  
23_0_0     0.23342718  0.27376186  0.24131903  0.29053642  0.22561914  0.22561914  0.21024752  0.19519071  0.19519071  0.17316835  0.21789316  0.30770267  0.29906944  0.14479522  0.07831230  0.04112928  0.04719732  0.04719732  0.03511091  0.00000000  

