7
1_0_0      0.00000000  0.00000000  0.14741868  0.15802252  0.17421971  0.16338216  0.13696513  
2_0_0      0.00000000  0.00000000  0.14741868  0.15802252  0.17421971  0.16338216  0.13696513  
2_2_0      0.14741868  0.14741868  0.00000000  0.01304573  0.03531487  0.09167535  0.06766632  
2_3_0      0.15802252  0.15802252  0.01304573  0.00000000  0.03080692  0.08681062  0.06295690  
1_2_0      0.17421971  0.17421971  0.03531487  0.03080692  0.00000000  0.11146164  0.08681062  
2_1_0      0.16338216  0.16338216  0.09167535  0.08681062  0.11146164  0.00000000  0.02187287  
1_1_0      0.13696513  0.13696513  0.06766632  0.06295690  0.08681062  0.02187287  0.00000000  

