20
18_0_0     0.00000000  0.00000000  0.00000000  0.00831039  0.11596796  0.16583168  0.36554076  0.37912551  0.33908865  0.31353876  0.31353876  0.32620479  0.42142343  0.42142343  0.42142343  0.43607061  0.42142343  0.42142343  0.40705713  0.39296116  
19_0_0     0.00000000  0.00000000  0.00000000  0.00831039  0.11596796  0.16583168  0.36554076  0.37912551  0.33908865  0.31353876  0.31353876  0.32620479  0.42142343  0.42142343  0.42142343  0.43607061  0.42142343  0.42142343  0.40705713  0.39296116  
17_0_0     0.00000000  0.00000000  0.00000000  0.00831039  0.11596796  0.16583168  0.36554076  0.37912551  0.33908865  0.31353876  0.31353876  0.32620479  0.42142343  0.42142343  0.42142343  0.43607061  0.42142343  0.42142343  0.40705713  0.39296116  
15_0_0     0.00831039  0.00831039  0.00831039  0.00000000  0.10638146  0.17621543  0.37912551  0.39296116  0.35219796  0.32620479  0.32620479  0.33908865  0.40705713  0.40705713  0.40705713  0.42142343  0.40705713  0.40705713  0.39296116  0.37912551  
20_0_0     0.11596796  0.11596796  0.11596796  0.10638146  0.00000000  0.07833672  0.33908865  0.35219796  0.33908865  0.33908865  0.36554076  0.32620479  0.40705713  0.40705713  0.40705713  0.42142343  0.40705713  0.39296116  0.39296116  0.32620479  
16_0_0     0.16583168  0.16583168  0.16583168  0.17621543  0.07833672  0.00000000  0.32620479  0.33908865  0.33908865  0.32620479  0.35219796  0.35219796  0.46625315  0.49770291  0.49770291  0.51393716  0.49770291  0.48181301  0.48181301  0.39296116  
3_0_0      0.36554076  0.36554076  0.36554076  0.37912551  0.33908865  0.32620479  0.00000000  0.00831039  0.02521294  0.04250566  0.04250566  0.05130404  0.24173504  0.28883158  0.28883158  0.27677698  0.30108332  0.31353876  0.28883158  0.21925244  
6_0_0      0.37912551  0.37912551  0.37912551  0.39296116  0.35219796  0.33908865  0.00831039  0.00000000  0.03380940  0.05130404  0.05130404  0.06020699  0.25323452  0.30108332  0.30108332  0.28883158  0.31353876  0.32620479  0.30108332  0.23040941  
13_0_0     0.33908865  0.33908865  0.33908865  0.35219796  0.33908865  0.33908865  0.02521294  0.03380940  0.00000000  0.03380940  0.03380940  0.02521294  0.23040941  0.27677698  0.27677698  0.26491328  0.28883158  0.27677698  0.27677698  0.24173504  
14_0_0     0.31353876  0.31353876  0.31353876  0.32620479  0.33908865  0.32620479  0.04250566  0.05130404  0.03380940  0.00000000  0.01671399  0.02521294  0.20825920  0.25323452  0.25323452  0.24173504  0.26491328  0.25323452  0.25323452  0.24173504  
2_0_0      0.31353876  0.31353876  0.31353876  0.32620479  0.36554076  0.35219796  0.04250566  0.05130404  0.03380940  0.01671399  0.00000000  0.02521294  0.23040941  0.27677698  0.27677698  0.26491328  0.28883158  0.27677698  0.27677698  0.24173504  
11_0_0     0.32620479  0.32620479  0.32620479  0.33908865  0.32620479  0.35219796  0.05130404  0.06020699  0.02521294  0.02521294  0.02521294  0.00000000  0.21925244  0.24173504  0.24173504  0.23040941  0.25323452  0.24173504  0.24173504  0.23040941  
8_0_0      0.42142343  0.42142343  0.42142343  0.40705713  0.40705713  0.46625315  0.24173504  0.25323452  0.23040941  0.20825920  0.23040941  0.21925244  0.00000000  0.06020699  0.06020699  0.06921701  0.06921701  0.06921701  0.06921701  0.19742494  
7_0_0      0.42142343  0.42142343  0.42142343  0.40705713  0.40705713  0.49770291  0.28883158  0.30108332  0.27677698  0.25323452  0.27677698  0.24173504  0.06020699  0.00000000  0.00000000  0.00831039  0.00831039  0.04250566  0.01671399  0.14548623  
5_0_0      0.42142343  0.42142343  0.42142343  0.40705713  0.40705713  0.49770291  0.28883158  0.30108332  0.27677698  0.25323452  0.27677698  0.24173504  0.06020699  0.00000000  0.00000000  0.00831039  0.00831039  0.04250566  0.01671399  0.14548623  
10_0_0     0.43607061  0.43607061  0.43607061  0.42142343  0.42142343  0.51393716  0.27677698  0.28883158  0.26491328  0.24173504  0.26491328  0.23040941  0.06921701  0.00831039  0.00831039  0.00000000  0.01671399  0.05130404  0.02521294  0.15558989  
1_0_0      0.42142343  0.42142343  0.42142343  0.40705713  0.40705713  0.49770291  0.30108332  0.31353876  0.28883158  0.26491328  0.28883158  0.25323452  0.06921701  0.00831039  0.00831039  0.01671399  0.00000000  0.05130404  0.02521294  0.15558989  
12_0_0     0.42142343  0.42142343  0.42142343  0.40705713  0.39296116  0.48181301  0.31353876  0.32620479  0.27677698  0.25323452  0.27677698  0.24173504  0.06921701  0.04250566  0.04250566  0.05130404  0.05130404  0.00000000  0.05130404  0.16583168  
4_0_0      0.40705713  0.40705713  0.40705713  0.39296116  0.39296116  0.48181301  0.28883158  0.30108332  0.27677698  0.25323452  0.27677698  0.24173504  0.06921701  0.01671399  0.01671399  0.02521294  0.02521294  0.05130404  0.00000000  0.15558989  
9_0_0      0.39296116  0.39296116  0.39296116  0.37912551  0.32620479  0.39296116  0.21925244  0.23040941  0.24173504  0.24173504  0.24173504  0.23040941  0.19742494  0.14548623  0.14548623  0.15558989  0.15558989  0.16583168  0.15558989  0.00000000  

