15
2_0_0      0.00000000  0.00594176  0.12936343  0.15829984  0.17321904  0.21993918  0.33302831  0.34251524  0.36187502  0.33302831  0.37175495  0.37175495  0.36187502  0.35212966  0.35212966  
12_0_0     0.00594176  0.00000000  0.13648857  0.16572055  0.18079694  0.22803130  0.32366551  0.33302831  0.35212966  0.32366551  0.36187502  0.36187502  0.35212966  0.34251524  0.34251524  
5_0_0      0.12936343  0.13648857  0.00000000  0.18845596  0.20402443  0.21993918  0.39193375  0.38177322  0.38177322  0.34251524  0.35212966  0.40224064  0.39193375  0.40224064  0.40224064  
1_0_0      0.15829984  0.16572055  0.18845596  0.00000000  0.07478107  0.28739341  0.36187502  0.33302831  0.37175495  0.35212966  0.35212966  0.34251524  0.37175495  0.39193375  0.39193375  
8_0_0      0.17321904  0.18079694  0.20402443  0.07478107  0.00000000  0.23621599  0.35212966  0.36187502  0.36187502  0.36187502  0.36187502  0.39193375  0.40224064  0.36187502  0.36187502  
10_0_0     0.21993918  0.22803130  0.21993918  0.28739341  0.23621599  0.00000000  0.25287170  0.24449538  0.24449538  0.31442365  0.31442365  0.39193375  0.40224064  0.35212966  0.35212966  
6_0_0      0.33302831  0.32366551  0.39193375  0.36187502  0.35212966  0.25287170  0.00000000  0.05534042  0.05534042  0.40224064  0.37175495  0.36187502  0.43408325  0.33302831  0.33302831  
3_0_0      0.34251524  0.33302831  0.38177322  0.33302831  0.36187502  0.24449538  0.05534042  0.00000000  0.04897583  0.39193375  0.35212966  0.40224064  0.43408325  0.37175495  0.37175495  
9_0_0      0.36187502  0.35212966  0.38177322  0.37175495  0.36187502  0.24449538  0.05534042  0.04897583  0.00000000  0.37175495  0.33302831  0.41269818  0.46740922  0.38177322  0.38177322  
7_1_0      0.33302831  0.32366551  0.34251524  0.35212966  0.36187502  0.31442365  0.40224064  0.39193375  0.37175495  0.00000000  0.36187502  0.43408325  0.45612722  0.38177322  0.38177322  
7_0_0      0.37175495  0.36187502  0.35212966  0.35212966  0.36187502  0.31442365  0.37175495  0.35212966  0.33302831  0.36187502  0.00000000  0.51440501  0.51440501  0.45612722  0.45612722  
18_0_0     0.37175495  0.36187502  0.40224064  0.34251524  0.39193375  0.39193375  0.36187502  0.40224064  0.41269818  0.43408325  0.51440501  0.00000000  0.12230855  0.09476471  0.09476471  
14_0_0     0.36187502  0.35212966  0.39193375  0.37175495  0.40224064  0.40224064  0.43408325  0.43408325  0.46740922  0.45612722  0.51440501  0.12230855  0.00000000  0.08804129  0.08804129  
17_0_0     0.35212966  0.34251524  0.40224064  0.39193375  0.36187502  0.35212966  0.33302831  0.37175495  0.38177322  0.38177322  0.45612722  0.09476471  0.08804129  0.00000000  0.00000000  
15_0_0     0.35212966  0.34251524  0.40224064  0.39193375  0.36187502  0.35212966  0.33302831  0.37175495  0.38177322  0.38177322  0.45612722  0.09476471  0.08804129  0.00000000  0.00000000  

