133
68_0_0     0.00000000  0.15204402  0.13403062  0.24927993  0.25449108  0.26502392  0.25973890  0.24927993  0.22879201  0.22375678  0.29754554  0.30310641  0.24927993  0.37328740  0.37328740  0.39191546  0.39191546  0.46449893  0.38565426  0.42403510  0.41749955  0.37944520  0.34915241  0.53723646  0.55267577  0.53723646  0.43728059  0.47848992  0.45076559  0.45760065  0.47146162  0.45076559  0.41749955  0.45760065  0.44399261  0.37944520  0.37944520  0.37944520  0.44399261  0.43062844  0.43062844  0.41749955  0.44399261  0.43062844  0.41102078  0.43062844  0.42403510  0.41749955  0.45076559  0.43728059  0.42403510  0.45760065  0.44399261  0.46449893  0.45076559  0.44399261  0.41102078  0.41102078  0.43728059  0.43062844  0.40459780  0.41749955  0.38565426  0.39191546  0.39191546  0.39822967  0.52963503  0.42403510  0.42403510  0.41102078  0.36112228  0.45760065  0.46449893  0.42403510  0.45760065  0.47848992  0.45760065  0.45076559  0.43728059  0.44399261  0.40459780  0.43728059  0.43728059  0.43728059  0.43062844  0.39191546  0.37944520  0.34915241  0.34915241  0.35511333  0.34323877  0.40459780  0.39822967  0.34915241  0.36112228  0.36112228  0.51466075  0.40459780  0.33155032  0.44399261  0.39822967  0.38565426  0.39191546  0.37944520  0.36112228  0.37944520  0.41102078  0.41102078  0.41749955  0.45076559  0.41749955  0.41749955  0.41749955  0.43728059  0.39191546  0.46449893  0.42403510  0.45076559  0.42403510  0.44399261  0.41102078  0.41102078  0.39191546  0.40459780  0.39191546  0.39191546  0.43062844  0.44399261  0.43062844  0.45076559  0.43062844  0.46449893  0.41749955  
100_0_0    0.15204402  0.00000000  0.03034902  0.25449108  0.25973890  0.28110746  0.27034665  0.26502392  0.23896562  0.24410494  0.24927993  0.25449108  0.27034665  0.43062844  0.43062844  0.41749955  0.41749955  0.45760065  0.44399261  0.43062844  0.42403510  0.42403510  0.40459780  0.51466075  0.54491616  0.52963503  0.47848992  0.46449893  0.44399261  0.43728059  0.46449893  0.46449893  0.44399261  0.45076559  0.43728059  0.51466075  0.45076559  0.47848992  0.45760065  0.47146162  0.47146162  0.44399261  0.45760065  0.43062844  0.43062844  0.52211031  0.51466075  0.52211031  0.51466075  0.50728487  0.41749955  0.43728059  0.42403510  0.45760065  0.48558510  0.51466075  0.41749955  0.41749955  0.45760065  0.46449893  0.43728059  0.44399261  0.42403510  0.43062844  0.41102078  0.41102078  0.52963503  0.50728487  0.50728487  0.49274843  0.43728059  0.48558510  0.49274843  0.46449893  0.49274843  0.52211031  0.51466075  0.49274843  0.47848992  0.48558510  0.49998123  0.45760065  0.44399261  0.44399261  0.46449893  0.45076559  0.42403510  0.41749955  0.41102078  0.41102078  0.40459780  0.43728059  0.41749955  0.43728059  0.42403510  0.42403510  0.51466075  0.43062844  0.36718003  0.41749955  0.44399261  0.45076559  0.44399261  0.40459780  0.41102078  0.41749955  0.43062844  0.42403510  0.48558510  0.49274843  0.43728059  0.43728059  0.42403510  0.44399261  0.41102078  0.47146162  0.46449893  0.49274843  0.47848992  0.44399261  0.45076559  0.44399261  0.39822967  0.37944520  0.38565426  0.38565426  0.43728059  0.43728059  0.43728059  0.45760065  0.43728059  0.47146162  0.44399261  
98_0_0     0.13403062  0.03034902  0.00000000  0.24410494  0.23896562  0.25973890  0.23896562  0.25449108  0.22375678  0.21875533  0.24410494  0.24927993  0.23896562  0.40459780  0.40459780  0.37328740  0.37328740  0.48558510  0.45076559  0.42403510  0.41749955  0.41749955  0.37328740  0.50728487  0.52211031  0.50728487  0.45076559  0.45076559  0.43728059  0.43062844  0.45076559  0.46449893  0.41749955  0.45760065  0.44399261  0.46449893  0.41102078  0.43728059  0.43728059  0.43728059  0.43728059  0.43728059  0.46449893  0.43728059  0.42403510  0.47848992  0.47146162  0.47848992  0.48558510  0.46449893  0.39822967  0.43062844  0.41749955  0.43728059  0.47848992  0.49274843  0.41102078  0.41102078  0.47848992  0.48558510  0.39191546  0.41102078  0.41749955  0.42403510  0.37944520  0.36718003  0.50728487  0.46449893  0.46449893  0.45076559  0.39822967  0.45760065  0.46449893  0.42403510  0.47848992  0.50728487  0.49998123  0.47848992  0.45760065  0.46449893  0.47848992  0.43728059  0.43728059  0.43728059  0.45760065  0.42403510  0.39822967  0.41749955  0.40459780  0.40459780  0.39822967  0.41749955  0.41102078  0.40459780  0.40459780  0.40459780  0.49998123  0.41102078  0.37328740  0.41749955  0.43728059  0.44399261  0.43728059  0.41749955  0.39822967  0.43062844  0.43062844  0.42403510  0.47146162  0.49998123  0.42403510  0.42403510  0.41102078  0.43062844  0.39822967  0.47146162  0.45760065  0.49274843  0.47848992  0.44399261  0.45076559  0.45076559  0.39822967  0.37944520  0.38565426  0.38565426  0.42403510  0.42403510  0.42403510  0.44399261  0.42403510  0.45760065  0.43062844  
97_0_0     0.24927993  0.25449108  0.24410494  0.00000000  0.04205607  0.05795694  0.05795694  0.12080048  0.09925883  0.09502418  0.30870907  0.31435413  0.33155032  0.41102078  0.42403510  0.42403510  0.42403510  0.45760065  0.46449893  0.46449893  0.45760065  0.39191546  0.41749955  0.60937869  0.58454773  0.59273319  0.49274843  0.52211031  0.52963503  0.50728487  0.39822967  0.42403510  0.52963503  0.52211031  0.52211031  0.46449893  0.45760065  0.47146162  0.47848992  0.51466075  0.52963503  0.47146162  0.50728487  0.47848992  0.45760065  0.48558510  0.49274843  0.44399261  0.47146162  0.43062844  0.40459780  0.43728059  0.43728059  0.44399261  0.44399261  0.45760065  0.41749955  0.41749955  0.47146162  0.46449893  0.50728487  0.48558510  0.50728487  0.52211031  0.44399261  0.49274843  0.50728487  0.48558510  0.48558510  0.49274843  0.44399261  0.46449893  0.44399261  0.49998123  0.46449893  0.47146162  0.46449893  0.47146162  0.47848992  0.48558510  0.49998123  0.49998123  0.47146162  0.47146162  0.47848992  0.45076559  0.36718003  0.37328740  0.42403510  0.43728059  0.43062844  0.47146162  0.45076559  0.41749955  0.41749955  0.41749955  0.50728487  0.44399261  0.39191546  0.49998123  0.42403510  0.41749955  0.41102078  0.42403510  0.44399261  0.45076559  0.44399261  0.45760065  0.54491616  0.52211031  0.49274843  0.50728487  0.47848992  0.51466075  0.47848992  0.55267577  0.49274843  0.51466075  0.49998123  0.49998123  0.49998123  0.49998123  0.45760065  0.46449893  0.46449893  0.46449893  0.49998123  0.48558510  0.49998123  0.51466075  0.48558510  0.49274843  0.43728059  
79_0_0     0.25449108  0.25973890  0.23896562  0.04205607  0.00000000  0.01502014  0.04599961  0.13403062  0.09502418  0.09081343  0.32004225  0.32577409  0.34915241  0.43728059  0.45076559  0.40459780  0.40459780  0.50728487  0.46449893  0.48558510  0.47848992  0.42403510  0.42403510  0.60100950  0.60937869  0.61784287  0.52211031  0.53723646  0.56051697  0.53723646  0.43728059  0.45760065  0.54491616  0.56051697  0.54491616  0.46449893  0.45760065  0.47146162  0.48558510  0.50728487  0.52211031  0.47848992  0.51466075  0.49998123  0.47848992  0.52211031  0.51466075  0.47848992  0.50728487  0.43062844  0.41749955  0.43728059  0.43728059  0.44399261  0.45076559  0.44399261  0.43062844  0.43062844  0.51466075  0.50728487  0.51466075  0.45760065  0.52211031  0.53723646  0.43728059  0.48558510  0.49998123  0.47848992  0.47848992  0.50728487  0.44399261  0.47146162  0.46449893  0.51466075  0.49998123  0.50728487  0.49998123  0.50728487  0.47848992  0.49274843  0.50728487  0.51466075  0.51466075  0.51466075  0.50728487  0.46449893  0.39191546  0.41102078  0.45076559  0.45760065  0.45760065  0.47146162  0.46449893  0.39822967  0.39822967  0.39822967  0.49998123  0.45076559  0.39822967  0.48558510  0.44399261  0.42403510  0.41749955  0.46449893  0.47146162  0.46449893  0.48558510  0.49998123  0.56844149  0.54491616  0.49274843  0.50728487  0.47848992  0.52963503  0.47848992  0.56844149  0.52211031  0.52211031  0.52963503  0.51466075  0.51466075  0.51466075  0.47146162  0.45760065  0.47146162  0.47146162  0.49274843  0.47848992  0.49274843  0.50728487  0.47848992  0.49998123  0.46449893  
77_0_0     0.26502392  0.28110746  0.25973890  0.05795694  0.01502014  0.00000000  0.06198571  0.14298293  0.11210901  0.10780097  0.34323877  0.34915241  0.37328740  0.45076559  0.46449893  0.41749955  0.41749955  0.50728487  0.49274843  0.48558510  0.47848992  0.42403510  0.42403510  0.61784287  0.62640422  0.63506500  0.52211031  0.54491616  0.57645113  0.55267577  0.45076559  0.47146162  0.54491616  0.56051697  0.54491616  0.46449893  0.45760065  0.47146162  0.48558510  0.50728487  0.52211031  0.47848992  0.52963503  0.51466075  0.47848992  0.52211031  0.51466075  0.47848992  0.50728487  0.43062844  0.41749955  0.43728059  0.43728059  0.44399261  0.43728059  0.43062844  0.41749955  0.41749955  0.51466075  0.50728487  0.49998123  0.45760065  0.50728487  0.52211031  0.43728059  0.48558510  0.49998123  0.47146162  0.47146162  0.49998123  0.43728059  0.47848992  0.47146162  0.52211031  0.49274843  0.48558510  0.47848992  0.48558510  0.47146162  0.48558510  0.49998123  0.50728487  0.49274843  0.49274843  0.48558510  0.45760065  0.38565426  0.40459780  0.45760065  0.46449893  0.46449893  0.47848992  0.47146162  0.37944520  0.37944520  0.37944520  0.47848992  0.45760065  0.40459780  0.47848992  0.43728059  0.41749955  0.41102078  0.47146162  0.47848992  0.47146162  0.49274843  0.50728487  0.56051697  0.53723646  0.49274843  0.50728487  0.47848992  0.52963503  0.47848992  0.56844149  0.52211031  0.52211031  0.52963503  0.49998123  0.51466075  0.51466075  0.47146162  0.45760065  0.47146162  0.47146162  0.50728487  0.49274843  0.50728487  0.52211031  0.49274843  0.49998123  0.45760065  
75_0_0     0.25973890  0.27034665  0.23896562  0.05795694  0.04599961  0.06198571  0.00000000  0.14298293  0.10351767  0.09925883  0.32577409  0.33155032  0.33155032  0.39822967  0.39822967  0.39822967  0.39822967  0.46449893  0.45076559  0.45076559  0.44399261  0.40459780  0.40459780  0.58454773  0.60937869  0.60100950  0.51466075  0.50728487  0.54491616  0.52211031  0.41749955  0.41102078  0.49998123  0.52963503  0.51466075  0.43728059  0.41749955  0.43062844  0.45076559  0.43062844  0.44399261  0.44399261  0.47848992  0.46449893  0.44399261  0.52963503  0.53723646  0.50728487  0.50728487  0.47146162  0.43062844  0.42403510  0.42403510  0.45760065  0.46449893  0.45760065  0.41749955  0.40459780  0.49998123  0.49274843  0.48558510  0.46449893  0.52963503  0.54491616  0.44399261  0.45076559  0.48558510  0.45760065  0.45760065  0.48558510  0.42403510  0.46449893  0.45760065  0.49274843  0.44399261  0.45076559  0.44399261  0.46449893  0.43728059  0.44399261  0.45760065  0.47848992  0.47848992  0.47848992  0.47146162  0.41749955  0.38565426  0.40459780  0.46449893  0.47848992  0.48558510  0.44399261  0.43728059  0.36112228  0.36112228  0.36112228  0.44399261  0.39822967  0.37328740  0.45076559  0.43062844  0.39822967  0.40459780  0.46449893  0.47146162  0.46449893  0.47146162  0.48558510  0.53723646  0.50728487  0.45076559  0.46449893  0.43728059  0.48558510  0.43728059  0.53723646  0.50728487  0.52211031  0.49998123  0.48558510  0.47848992  0.47848992  0.43728059  0.42403510  0.43728059  0.43728059  0.49274843  0.47146162  0.49998123  0.49998123  0.47146162  0.50728487  0.43728059  
94_0_0     0.24927993  0.26502392  0.25449108  0.12080048  0.13403062  0.14298293  0.14298293  0.00000000  0.11644209  0.11210901  0.36718003  0.37328740  0.34915241  0.39191546  0.39191546  0.44399261  0.44399261  0.49998123  0.47848992  0.45076559  0.44399261  0.41102078  0.38565426  0.61784287  0.62640422  0.63506500  0.56844149  0.56051697  0.60937869  0.60100950  0.46449893  0.49274843  0.53723646  0.53723646  0.53723646  0.44399261  0.45760065  0.46449893  0.50728487  0.47146162  0.47146162  0.48558510  0.50728487  0.49274843  0.47146162  0.53723646  0.55267577  0.52211031  0.52211031  0.45760065  0.43728059  0.41749955  0.41749955  0.45076559  0.45760065  0.45076559  0.40459780  0.41749955  0.48558510  0.47848992  0.46449893  0.50728487  0.48558510  0.49998123  0.44399261  0.50728487  0.52963503  0.49998123  0.49998123  0.49274843  0.45076559  0.47146162  0.46449893  0.52963503  0.48558510  0.47848992  0.45760065  0.46449893  0.48558510  0.49274843  0.47146162  0.50728487  0.46449893  0.46449893  0.48558510  0.47848992  0.40459780  0.40459780  0.42403510  0.44399261  0.43062844  0.49998123  0.47848992  0.43062844  0.40459780  0.40459780  0.48558510  0.48558510  0.39191546  0.45076559  0.42403510  0.43062844  0.42403510  0.42403510  0.44399261  0.41102078  0.41749955  0.44399261  0.51466075  0.50728487  0.44399261  0.47146162  0.44399261  0.49274843  0.44399261  0.51466075  0.48558510  0.49998123  0.50728487  0.47146162  0.47146162  0.47146162  0.43728059  0.41102078  0.43728059  0.43728059  0.47848992  0.47848992  0.47848992  0.47848992  0.46449893  0.48558510  0.47848992  
85_0_0     0.22879201  0.23896562  0.22375678  0.09925883  0.09502418  0.11210901  0.10351767  0.11644209  0.00000000  0.00372677  0.32004225  0.32577409  0.33155032  0.40459780  0.41749955  0.42403510  0.42403510  0.52211031  0.47848992  0.48558510  0.47848992  0.41102078  0.39191546  0.57645113  0.56844149  0.57645113  0.54491616  0.52211031  0.53723646  0.54491616  0.46449893  0.48558510  0.48558510  0.50728487  0.49274843  0.45076559  0.41749955  0.43062844  0.44399261  0.45076559  0.46449893  0.43728059  0.44399261  0.44399261  0.46449893  0.48558510  0.49274843  0.44399261  0.49274843  0.43728059  0.41749955  0.41102078  0.39822967  0.44399261  0.43062844  0.43728059  0.45760065  0.45760065  0.49998123  0.49274843  0.48558510  0.50728487  0.47848992  0.49274843  0.41749955  0.49274843  0.48558510  0.46449893  0.46449893  0.46449893  0.43062844  0.45760065  0.45076559  0.49998123  0.48558510  0.50728487  0.48558510  0.47848992  0.50728487  0.51466075  0.49998123  0.49998123  0.50728487  0.50728487  0.51466075  0.48558510  0.41749955  0.42403510  0.43062844  0.45076559  0.43728059  0.45076559  0.45760065  0.41102078  0.39191546  0.39191546  0.46449893  0.45076559  0.39191546  0.45076559  0.43062844  0.42403510  0.41749955  0.45076559  0.43728059  0.43728059  0.47146162  0.48558510  0.51466075  0.51466075  0.44399261  0.48558510  0.47146162  0.52211031  0.45760065  0.52963503  0.48558510  0.48558510  0.49998123  0.46449893  0.45076559  0.45076559  0.48558510  0.37944520  0.40459780  0.40459780  0.44399261  0.44399261  0.44399261  0.44399261  0.44399261  0.45760065  0.46449893  
95_0_0     0.22375678  0.24410494  0.21875533  0.09502418  0.09081343  0.10780097  0.09925883  0.11210901  0.00372677  0.00000000  0.31435413  0.32004225  0.32577409  0.39822967  0.41102078  0.41749955  0.41749955  0.52963503  0.48558510  0.47848992  0.47146162  0.40459780  0.38565426  0.56844149  0.56051697  0.56844149  0.53723646  0.52963503  0.54491616  0.55267577  0.45760065  0.49274843  0.48558510  0.49998123  0.48558510  0.44399261  0.41102078  0.42403510  0.45076559  0.44399261  0.45760065  0.44399261  0.45076559  0.45076559  0.45760065  0.47848992  0.48558510  0.43728059  0.48558510  0.43062844  0.41102078  0.41749955  0.40459780  0.43728059  0.42403510  0.43062844  0.45076559  0.45076559  0.50728487  0.49998123  0.47848992  0.49998123  0.48558510  0.49998123  0.42403510  0.48558510  0.49274843  0.45760065  0.45760065  0.45760065  0.42403510  0.45076559  0.44399261  0.49274843  0.47848992  0.49998123  0.47848992  0.47146162  0.49998123  0.50728487  0.49274843  0.49274843  0.49998123  0.49998123  0.50728487  0.47848992  0.41102078  0.41749955  0.42403510  0.44399261  0.43062844  0.44399261  0.45076559  0.40459780  0.38565426  0.38565426  0.47146162  0.44399261  0.39822967  0.45760065  0.42403510  0.41749955  0.41102078  0.45760065  0.44399261  0.44399261  0.47848992  0.49274843  0.52211031  0.50728487  0.43728059  0.47848992  0.46449893  0.51466075  0.45076559  0.53723646  0.47848992  0.49274843  0.50728487  0.47146162  0.45760065  0.45760065  0.47848992  0.38565426  0.41102078  0.41102078  0.45076559  0.45076559  0.45076559  0.45076559  0.45076559  0.46449893  0.45760065  
88_0_0     0.29754554  0.24927993  0.24410494  0.30870907  0.32004225  0.34323877  0.32577409  0.36718003  0.32004225  0.31435413  0.00000000  0.00372677  0.24410494  0.49998123  0.49998123  0.45760065  0.45760065  0.51466075  0.49274843  0.49274843  0.49998123  0.46449893  0.46449893  0.59273319  0.60937869  0.60937869  0.52963503  0.55267577  0.52963503  0.53723646  0.47848992  0.49998123  0.51466075  0.52211031  0.50728487  0.52211031  0.52211031  0.50728487  0.52963503  0.50728487  0.50728487  0.52963503  0.51466075  0.52963503  0.51466075  0.47146162  0.48558510  0.45760065  0.49274843  0.52211031  0.46449893  0.46449893  0.43728059  0.49998123  0.47848992  0.49998123  0.43728059  0.43728059  0.49998123  0.50728487  0.52211031  0.49998123  0.52211031  0.52963503  0.49998123  0.54491616  0.56844149  0.52963503  0.52963503  0.58454773  0.49998123  0.56844149  0.57645113  0.57645113  0.51466075  0.54491616  0.52963503  0.52963503  0.56051697  0.55267577  0.56051697  0.52211031  0.52211031  0.53723646  0.53723646  0.51466075  0.50728487  0.49998123  0.47848992  0.48558510  0.48558510  0.56051697  0.53723646  0.51466075  0.49998123  0.49998123  0.56844149  0.49998123  0.49274843  0.60100950  0.52963503  0.55267577  0.54491616  0.49274843  0.49998123  0.50728487  0.51466075  0.53723646  0.63506500  0.50728487  0.47848992  0.51466075  0.47848992  0.49998123  0.49274843  0.53723646  0.49998123  0.49998123  0.49274843  0.50728487  0.56051697  0.56051697  0.55267577  0.53723646  0.52963503  0.52963503  0.43728059  0.41749955  0.43728059  0.45076559  0.43062844  0.44399261  0.45076559  
72_0_0     0.30310641  0.25449108  0.24927993  0.31435413  0.32577409  0.34915241  0.33155032  0.37328740  0.32577409  0.32004225  0.00372677  0.00000000  0.24927993  0.50728487  0.50728487  0.46449893  0.46449893  0.52211031  0.49998123  0.48558510  0.49274843  0.45760065  0.47146162  0.58454773  0.60100950  0.60100950  0.53723646  0.56051697  0.53723646  0.54491616  0.47146162  0.49274843  0.52211031  0.51466075  0.49998123  0.52963503  0.52963503  0.51466075  0.53723646  0.51466075  0.51466075  0.53723646  0.51466075  0.53723646  0.52211031  0.47848992  0.49274843  0.46449893  0.49998123  0.51466075  0.47146162  0.47146162  0.44399261  0.49998123  0.48558510  0.50728487  0.44399261  0.44399261  0.49274843  0.49998123  0.52963503  0.50728487  0.51466075  0.52211031  0.49274843  0.53723646  0.57645113  0.52963503  0.52963503  0.58454773  0.49998123  0.56844149  0.57645113  0.57645113  0.51466075  0.54491616  0.52963503  0.52963503  0.56051697  0.55267577  0.56051697  0.52211031  0.52211031  0.53723646  0.53723646  0.51466075  0.49998123  0.49274843  0.48558510  0.49274843  0.49274843  0.56844149  0.54491616  0.52211031  0.50728487  0.50728487  0.57645113  0.50728487  0.49998123  0.60937869  0.52211031  0.54491616  0.53723646  0.49998123  0.50728487  0.51466075  0.52211031  0.54491616  0.64382754  0.51466075  0.48558510  0.52211031  0.48558510  0.50728487  0.49998123  0.52963503  0.50728487  0.50728487  0.49998123  0.51466075  0.56844149  0.56844149  0.56051697  0.54491616  0.53723646  0.53723646  0.43062844  0.41102078  0.43062844  0.44399261  0.42403510  0.43728059  0.45760065  
76_0_0     0.24927993  0.27034665  0.23896562  0.33155032  0.34915241  0.37328740  0.33155032  0.34915241  0.33155032  0.32577409  0.24410494  0.24927993  0.00000000  0.40459780  0.41749955  0.46449893  0.46449893  0.54491616  0.46449893  0.43062844  0.43728059  0.42403510  0.42403510  0.52211031  0.53723646  0.52963503  0.41102078  0.45076559  0.45076559  0.43728059  0.45760065  0.43062844  0.48558510  0.49998123  0.49274843  0.47146162  0.49998123  0.49998123  0.51466075  0.50728487  0.52211031  0.56051697  0.56844149  0.56844149  0.53723646  0.52963503  0.52211031  0.52963503  0.55267577  0.54491616  0.49274843  0.52211031  0.51466075  0.52211031  0.51466075  0.52211031  0.47848992  0.49274843  0.51466075  0.50728487  0.45760065  0.47848992  0.47848992  0.48558510  0.46449893  0.47848992  0.62640422  0.42403510  0.42403510  0.44399261  0.39191546  0.49274843  0.48558510  0.45760065  0.47146162  0.50728487  0.49274843  0.49998123  0.51466075  0.50728487  0.50728487  0.47146162  0.47848992  0.49274843  0.49274843  0.43062844  0.41749955  0.43062844  0.43062844  0.43728059  0.42403510  0.46449893  0.45760065  0.47146162  0.48558510  0.48558510  0.54491616  0.45760065  0.39191546  0.51466075  0.42403510  0.41749955  0.42403510  0.38565426  0.37328740  0.41102078  0.41102078  0.43062844  0.46449893  0.47848992  0.43728059  0.45076559  0.43062844  0.45076559  0.43062844  0.46449893  0.46449893  0.49998123  0.45760065  0.46449893  0.51466075  0.52963503  0.47848992  0.46449893  0.46449893  0.46449893  0.45076559  0.45076559  0.45076559  0.47146162  0.43728059  0.47146162  0.38565426  
73_0_0     0.37328740  0.43062844  0.40459780  0.41102078  0.43728059  0.45076559  0.39822967  0.39191546  0.40459780  0.39822967  0.49998123  0.50728487  0.40459780  0.00000000  0.01882292  0.28654666  0.29754554  0.36718003  0.33737164  0.36112228  0.35511333  0.30310641  0.28654666  0.48558510  0.48558510  0.47848992  0.43062844  0.40459780  0.41749955  0.41102078  0.37328740  0.34323877  0.38565426  0.36112228  0.37328740  0.37944520  0.34915241  0.36718003  0.41102078  0.37944520  0.39191546  0.39191546  0.44399261  0.40459780  0.38565426  0.49274843  0.49998123  0.48558510  0.45760065  0.52211031  0.40459780  0.41749955  0.41749955  0.41749955  0.47146162  0.44399261  0.36718003  0.36718003  0.38565426  0.37944520  0.52211031  0.51466075  0.45760065  0.47146162  0.36718003  0.37328740  0.48558510  0.35511333  0.35511333  0.38565426  0.34915241  0.45076559  0.44399261  0.36718003  0.43062844  0.43728059  0.41749955  0.43062844  0.40459780  0.39822967  0.38565426  0.43062844  0.38565426  0.38565426  0.39191546  0.34323877  0.33155032  0.33737164  0.41102078  0.43728059  0.41102078  0.44399261  0.43728059  0.39822967  0.39191546  0.39191546  0.44399261  0.41102078  0.34323877  0.43728059  0.38565426  0.36718003  0.37328740  0.38565426  0.38565426  0.39822967  0.37328740  0.42403510  0.42403510  0.45076559  0.43062844  0.41749955  0.38565426  0.41102078  0.39191546  0.39822967  0.36718003  0.41102078  0.37944520  0.39191546  0.42403510  0.42403510  0.38565426  0.36718003  0.36112228  0.36112228  0.43062844  0.42403510  0.44399261  0.43728059  0.44399261  0.47146162  0.38565426  
84_0_0     0.37328740  0.43062844  0.40459780  0.42403510  0.45076559  0.46449893  0.39822967  0.39191546  0.41749955  0.41102078  0.49998123  0.50728487  0.41749955  0.01882292  0.00000000  0.28654666  0.29754554  0.36112228  0.33155032  0.36718003  0.36112228  0.32004225  0.30310641  0.49998123  0.49998123  0.48558510  0.43062844  0.40459780  0.42403510  0.41749955  0.37328740  0.34323877  0.39822967  0.37328740  0.38565426  0.37944520  0.36112228  0.37944520  0.41102078  0.36718003  0.37944520  0.39191546  0.44399261  0.40459780  0.38565426  0.49998123  0.49998123  0.49274843  0.46449893  0.52963503  0.42403510  0.42403510  0.42403510  0.43728059  0.49274843  0.46449893  0.37328740  0.37328740  0.40459780  0.39822967  0.52963503  0.53723646  0.47848992  0.49274843  0.38565426  0.39191546  0.50728487  0.37944520  0.37944520  0.38565426  0.36718003  0.46449893  0.45760065  0.37944520  0.43062844  0.43728059  0.41749955  0.43062844  0.41749955  0.41102078  0.39822967  0.45760065  0.41102078  0.41102078  0.41749955  0.35511333  0.33737164  0.34323877  0.41749955  0.44399261  0.41102078  0.43728059  0.43062844  0.39191546  0.38565426  0.38565426  0.43728059  0.40459780  0.36112228  0.43062844  0.39191546  0.37328740  0.37944520  0.39191546  0.39191546  0.40459780  0.37944520  0.43062844  0.43062844  0.45760065  0.43728059  0.42403510  0.39191546  0.41749955  0.39822967  0.41749955  0.38565426  0.42403510  0.39822967  0.41102078  0.43062844  0.43062844  0.39191546  0.38565426  0.37944520  0.37944520  0.45076559  0.44399261  0.46449893  0.45760065  0.45076559  0.49274843  0.39191546  
71_0_0     0.39191546  0.41749955  0.37328740  0.42403510  0.40459780  0.41749955  0.39822967  0.44399261  0.42403510  0.41749955  0.45760065  0.46449893  0.46449893  0.28654666  0.28654666  0.00000000  0.00747225  0.37328740  0.31435413  0.36112228  0.36718003  0.33737164  0.33737164  0.51466075  0.47146162  0.49274843  0.35511333  0.39822967  0.42403510  0.39191546  0.37944520  0.38565426  0.34915241  0.38565426  0.37328740  0.40459780  0.38565426  0.39822967  0.37944520  0.38565426  0.38565426  0.40459780  0.43062844  0.43062844  0.38565426  0.45076559  0.41102078  0.41102078  0.43728059  0.42403510  0.33737164  0.38565426  0.37328740  0.39822967  0.38565426  0.38565426  0.34915241  0.33737164  0.43728059  0.43062844  0.39191546  0.45076559  0.41749955  0.43062844  0.41749955  0.38565426  0.40459780  0.36112228  0.36112228  0.34915241  0.37944520  0.38565426  0.37944520  0.33155032  0.39191546  0.38565426  0.37944520  0.38565426  0.39191546  0.37944520  0.40459780  0.41102078  0.37328740  0.37328740  0.37944520  0.34323877  0.33737164  0.35511333  0.41102078  0.39191546  0.40459780  0.43062844  0.42403510  0.38565426  0.39191546  0.39191546  0.44399261  0.39822967  0.37328740  0.40459780  0.38565426  0.39191546  0.38565426  0.37944520  0.37328740  0.39191546  0.37944520  0.42403510  0.39191546  0.43728059  0.37328740  0.37944520  0.36112228  0.38565426  0.36718003  0.43062844  0.39822967  0.42403510  0.40459780  0.37944520  0.37328740  0.38565426  0.38565426  0.38565426  0.37944520  0.37944520  0.43062844  0.42403510  0.43728059  0.45076559  0.43728059  0.47146162  0.41102078  
91_0_0     0.39191546  0.41749955  0.37328740  0.42403510  0.40459780  0.41749955  0.39822967  0.44399261  0.42403510  0.41749955  0.45760065  0.46449893  0.46449893  0.29754554  0.29754554  0.00747225  0.00000000  0.37328740  0.32577409  0.37328740  0.37944520  0.34915241  0.34915241  0.52963503  0.48558510  0.50728487  0.36718003  0.41102078  0.43728059  0.40459780  0.39191546  0.39822967  0.36112228  0.39822967  0.38565426  0.41749955  0.39822967  0.41102078  0.39191546  0.39822967  0.39822967  0.41102078  0.43728059  0.43728059  0.39191546  0.46449893  0.42403510  0.42403510  0.45076559  0.43728059  0.34915241  0.39822967  0.38565426  0.41102078  0.39822967  0.39822967  0.36112228  0.34915241  0.45076559  0.44399261  0.40459780  0.46449893  0.43062844  0.44399261  0.43062844  0.39822967  0.41749955  0.37328740  0.37328740  0.36112228  0.39191546  0.39822967  0.39191546  0.34323877  0.40459780  0.39822967  0.39191546  0.39822967  0.40459780  0.39191546  0.41749955  0.42403510  0.38565426  0.38565426  0.39191546  0.35511333  0.34915241  0.36718003  0.42403510  0.40459780  0.41749955  0.44399261  0.43728059  0.39822967  0.40459780  0.40459780  0.45760065  0.41102078  0.38565426  0.41749955  0.39822967  0.40459780  0.39822967  0.39191546  0.38565426  0.40459780  0.39191546  0.42403510  0.40459780  0.45076559  0.38565426  0.39191546  0.37328740  0.39822967  0.37944520  0.44399261  0.41102078  0.43728059  0.41749955  0.39191546  0.38565426  0.39822967  0.39822967  0.39822967  0.39191546  0.39191546  0.44399261  0.43728059  0.45076559  0.46449893  0.45076559  0.48558510  0.42403510  
80_0_0     0.46449893  0.45760065  0.48558510  0.45760065  0.50728487  0.50728487  0.46449893  0.49998123  0.52211031  0.52963503  0.51466075  0.52211031  0.54491616  0.36718003  0.36112228  0.37328740  0.37328740  0.00000000  0.30310641  0.39191546  0.38565426  0.35511333  0.33737164  0.54491616  0.56844149  0.58454773  0.47848992  0.43728059  0.45760065  0.42403510  0.34915241  0.34323877  0.47146162  0.47146162  0.48558510  0.45076559  0.47146162  0.47146162  0.49998123  0.47146162  0.48558510  0.47848992  0.49998123  0.47848992  0.45760065  0.49274843  0.52211031  0.48558510  0.46449893  0.51466075  0.39191546  0.45076559  0.44399261  0.48558510  0.46449893  0.45076559  0.40459780  0.39191546  0.42403510  0.43062844  0.48558510  0.49274843  0.51466075  0.52211031  0.53723646  0.56844149  0.57645113  0.42403510  0.42403510  0.41102078  0.41102078  0.44399261  0.44399261  0.42403510  0.47848992  0.45760065  0.45760065  0.45760065  0.46449893  0.45760065  0.47146162  0.49274843  0.45076559  0.43728059  0.47146162  0.41102078  0.34323877  0.37328740  0.45076559  0.44399261  0.46449893  0.45760065  0.45076559  0.47146162  0.47146162  0.47146162  0.46449893  0.40459780  0.41749955  0.44399261  0.43728059  0.45760065  0.45076559  0.39191546  0.41102078  0.41102078  0.39822967  0.40459780  0.42403510  0.45076559  0.41749955  0.43728059  0.39191546  0.43062844  0.39822967  0.43728059  0.41749955  0.40459780  0.40459780  0.39822967  0.49998123  0.49274843  0.47848992  0.42403510  0.44399261  0.44399261  0.46449893  0.45076559  0.48558510  0.47848992  0.45076559  0.45760065  0.41749955  
74_0_0     0.38565426  0.44399261  0.45076559  0.46449893  0.46449893  0.49274843  0.45076559  0.47848992  0.47848992  0.48558510  0.49274843  0.49998123  0.46449893  0.33737164  0.33155032  0.31435413  0.32577409  0.30310641  0.00000000  0.29754554  0.29202582  0.32004225  0.30310641  0.53723646  0.51466075  0.52963503  0.43062844  0.42403510  0.41749955  0.42403510  0.38565426  0.36112228  0.43728059  0.41102078  0.39822967  0.43728059  0.41102078  0.43728059  0.44399261  0.41749955  0.43062844  0.45076559  0.47146162  0.46449893  0.44399261  0.49274843  0.47848992  0.49274843  0.49274843  0.46449893  0.44399261  0.45076559  0.43728059  0.49274843  0.43728059  0.41749955  0.35511333  0.35511333  0.40459780  0.41102078  0.46449893  0.48558510  0.47146162  0.47848992  0.43728059  0.45076559  0.50728487  0.41749955  0.41749955  0.41102078  0.43062844  0.45760065  0.45760065  0.44399261  0.45076559  0.47848992  0.45760065  0.47146162  0.45760065  0.45076559  0.47848992  0.52211031  0.50728487  0.50728487  0.49998123  0.39822967  0.41102078  0.41102078  0.39822967  0.39822967  0.41749955  0.47146162  0.46449893  0.39822967  0.43062844  0.43062844  0.40459780  0.36112228  0.39191546  0.51466075  0.47146162  0.45076559  0.45760065  0.37328740  0.37944520  0.38565426  0.39191546  0.42403510  0.40459780  0.46449893  0.45760065  0.45760065  0.41749955  0.43728059  0.43062844  0.47146162  0.44399261  0.42403510  0.44399261  0.45076559  0.43728059  0.43728059  0.41749955  0.44399261  0.43062844  0.43062844  0.46449893  0.45760065  0.47146162  0.48558510  0.46449893  0.49998123  0.42403510  
89_0_0     0.42403510  0.43062844  0.42403510  0.46449893  0.48558510  0.48558510  0.45076559  0.45076559  0.48558510  0.47848992  0.49274843  0.48558510  0.43062844  0.36112228  0.36718003  0.36112228  0.37328740  0.39191546  0.29754554  0.00000000  0.00372677  0.19907832  0.18465397  0.47848992  0.52211031  0.50728487  0.43062844  0.47848992  0.45760065  0.47146162  0.40459780  0.39822967  0.39822967  0.40459780  0.40459780  0.36718003  0.36718003  0.40459780  0.37944520  0.38565426  0.39822967  0.41102078  0.45076559  0.43062844  0.39191546  0.56051697  0.52211031  0.50728487  0.56051697  0.48558510  0.41102078  0.42403510  0.41749955  0.43728059  0.39822967  0.40459780  0.35511333  0.34915241  0.44399261  0.43728059  0.45760065  0.46449893  0.38565426  0.39822967  0.46449893  0.41749955  0.53723646  0.39191546  0.39191546  0.41749955  0.43062844  0.49998123  0.49274843  0.50728487  0.45760065  0.45076559  0.45076559  0.45760065  0.42403510  0.43062844  0.41749955  0.51466075  0.42403510  0.43728059  0.45760065  0.40459780  0.39822967  0.39191546  0.39822967  0.40459780  0.41749955  0.41749955  0.39822967  0.41749955  0.41749955  0.41749955  0.46449893  0.45760065  0.39191546  0.45076559  0.43062844  0.41749955  0.42403510  0.39191546  0.40459780  0.41102078  0.39822967  0.43062844  0.41749955  0.44399261  0.41749955  0.42403510  0.41749955  0.39191546  0.39822967  0.46449893  0.45760065  0.47848992  0.47146162  0.47146162  0.47848992  0.47146162  0.41102078  0.45076559  0.43062844  0.43062844  0.47146162  0.46449893  0.47146162  0.49274843  0.48558510  0.47146162  0.41749955  
96_0_0     0.41749955  0.42403510  0.41749955  0.45760065  0.47848992  0.47848992  0.44399261  0.44399261  0.47848992  0.47146162  0.49998123  0.49274843  0.43728059  0.35511333  0.36112228  0.36718003  0.37944520  0.38565426  0.29202582  0.00372677  0.00000000  0.19423914  0.17990719  0.48558510  0.52963503  0.51466075  0.43728059  0.47146162  0.45076559  0.46449893  0.39822967  0.39191546  0.40459780  0.39822967  0.39822967  0.37328740  0.37328740  0.41102078  0.37944520  0.38565426  0.39822967  0.41102078  0.45076559  0.43062844  0.39191546  0.56844149  0.52963503  0.51466075  0.55267577  0.49274843  0.41749955  0.43062844  0.42403510  0.44399261  0.40459780  0.41102078  0.36112228  0.35511333  0.45076559  0.44399261  0.46449893  0.47146162  0.39191546  0.40459780  0.45760065  0.41102078  0.54491616  0.39822967  0.39822967  0.41102078  0.42403510  0.49274843  0.48558510  0.49998123  0.46449893  0.45760065  0.45760065  0.46449893  0.43062844  0.43728059  0.42403510  0.50728487  0.43062844  0.43062844  0.46449893  0.39822967  0.39191546  0.38565426  0.39191546  0.39822967  0.42403510  0.41102078  0.39191546  0.42403510  0.42403510  0.42403510  0.47146162  0.46449893  0.39822967  0.45760065  0.42403510  0.41102078  0.41749955  0.38565426  0.39822967  0.40459780  0.39191546  0.42403510  0.41102078  0.45076559  0.42403510  0.43062844  0.42403510  0.39822967  0.40459780  0.47146162  0.46449893  0.48558510  0.47848992  0.47848992  0.48558510  0.47848992  0.41749955  0.44399261  0.42403510  0.42403510  0.47848992  0.47146162  0.47848992  0.49998123  0.49274843  0.47848992  0.42403510  
78_0_0     0.37944520  0.42403510  0.41749955  0.39191546  0.42403510  0.42403510  0.40459780  0.41102078  0.41102078  0.40459780  0.46449893  0.45760065  0.42403510  0.30310641  0.32004225  0.33737164  0.34915241  0.35511333  0.32004225  0.19907832  0.19423914  0.00000000  0.09502418  0.41749955  0.42403510  0.43728059  0.34915241  0.40459780  0.36718003  0.37944520  0.32577409  0.30870907  0.45760065  0.37328740  0.37328740  0.38565426  0.37944520  0.39191546  0.39191546  0.37328740  0.38565426  0.40459780  0.40459780  0.39822967  0.38565426  0.48558510  0.48558510  0.47848992  0.45760065  0.44399261  0.39191546  0.36718003  0.35511333  0.42403510  0.35511333  0.36112228  0.34915241  0.34323877  0.41102078  0.40459780  0.43728059  0.43062844  0.32577409  0.33737164  0.34323877  0.37328740  0.49274843  0.37944520  0.37944520  0.37944520  0.36718003  0.41102078  0.39191546  0.41102078  0.36718003  0.36718003  0.33737164  0.33737164  0.36718003  0.37328740  0.32577409  0.37944520  0.36112228  0.36112228  0.36718003  0.34323877  0.30310641  0.29202582  0.36718003  0.37944520  0.39191546  0.44399261  0.42403510  0.37328740  0.37944520  0.37944520  0.40459780  0.37328740  0.30310641  0.41749955  0.32577409  0.31435413  0.32004225  0.33737164  0.34915241  0.33155032  0.36718003  0.38565426  0.39191546  0.39822967  0.38565426  0.40459780  0.37328740  0.39191546  0.36718003  0.42403510  0.36718003  0.41102078  0.38565426  0.37944520  0.41749955  0.41102078  0.36718003  0.34323877  0.32577409  0.32577409  0.39191546  0.38565426  0.39191546  0.39822967  0.41749955  0.43062844  0.34323877  
92_0_0     0.34915241  0.40459780  0.37328740  0.41749955  0.42403510  0.42403510  0.40459780  0.38565426  0.39191546  0.38565426  0.46449893  0.47146162  0.42403510  0.28654666  0.30310641  0.33737164  0.34915241  0.33737164  0.30310641  0.18465397  0.17990719  0.09502418  0.00000000  0.41749955  0.43728059  0.42403510  0.41102078  0.41102078  0.41749955  0.43062844  0.37328740  0.36112228  0.37944520  0.36112228  0.36112228  0.37328740  0.33737164  0.34915241  0.37328740  0.35511333  0.35511333  0.37944520  0.39822967  0.39822967  0.37328740  0.45076559  0.47848992  0.45076559  0.45760065  0.45076559  0.37944520  0.37328740  0.36112228  0.42403510  0.33737164  0.32577409  0.33737164  0.33155032  0.41102078  0.41749955  0.40459780  0.39822967  0.36112228  0.37328740  0.35511333  0.39191546  0.53723646  0.34915241  0.34915241  0.34915241  0.32577409  0.40459780  0.41102078  0.40459780  0.37944520  0.39191546  0.36112228  0.36112228  0.36112228  0.35511333  0.33155032  0.41749955  0.37328740  0.37328740  0.38565426  0.32577409  0.30870907  0.30310641  0.34915241  0.36718003  0.36112228  0.39191546  0.39822967  0.36718003  0.36718003  0.36718003  0.37944520  0.39822967  0.31435413  0.36718003  0.37328740  0.36112228  0.36718003  0.32004225  0.30870907  0.31435413  0.33737164  0.36112228  0.36718003  0.34323877  0.36112228  0.39822967  0.36718003  0.38565426  0.36112228  0.42403510  0.36718003  0.40459780  0.38565426  0.39191546  0.43062844  0.42403510  0.39822967  0.37328740  0.37328740  0.37328740  0.35511333  0.34915241  0.35511333  0.36112228  0.36718003  0.40459780  0.34915241  
69_0_0     0.53723646  0.51466075  0.50728487  0.60937869  0.60100950  0.61784287  0.58454773  0.61784287  0.57645113  0.56844149  0.59273319  0.58454773  0.52211031  0.48558510  0.49998123  0.51466075  0.52963503  0.54491616  0.53723646  0.47848992  0.48558510  0.41749955  0.41749955  0.00000000  0.09502418  0.09081343  0.27570765  0.26502392  0.26502392  0.27034665  0.27034665  0.25449108  0.48558510  0.49998123  0.49998123  0.50728487  0.46449893  0.49274843  0.49274843  0.47146162  0.48558510  0.52211031  0.49998123  0.49998123  0.49998123  0.51466075  0.53723646  0.51466075  0.51466075  0.53723646  0.48558510  0.50728487  0.49998123  0.49274843  0.45076559  0.47848992  0.51466075  0.50728487  0.53723646  0.54491616  0.50728487  0.45760065  0.41102078  0.42403510  0.47146162  0.48558510  0.63506500  0.50728487  0.50728487  0.49998123  0.47848992  0.53723646  0.52963503  0.50728487  0.52211031  0.55267577  0.54491616  0.53723646  0.53723646  0.52963503  0.51466075  0.51466075  0.53723646  0.53723646  0.51466075  0.46449893  0.45076559  0.44399261  0.52963503  0.50728487  0.54491616  0.55267577  0.54491616  0.50728487  0.49274843  0.49274843  0.54491616  0.50728487  0.44399261  0.46449893  0.46449893  0.45760065  0.46449893  0.49998123  0.49998123  0.50728487  0.49998123  0.50728487  0.56844149  0.52211031  0.45076559  0.47848992  0.47146162  0.48558510  0.45760065  0.48558510  0.47146162  0.51466075  0.49274843  0.47146162  0.60937869  0.61784287  0.52211031  0.50728487  0.51466075  0.51466075  0.45760065  0.45076559  0.44399261  0.45760065  0.47146162  0.45760065  0.47848992  
