150
34_0_0     0.00000000  0.00437971  0.03578357  0.06380117  0.34372607  0.33681878  0.35069826  0.29667312  0.26480158  0.26480158  0.25858831  0.31647450  0.26480158  0.29667312  0.27738641  0.27106732  0.29667312  0.26480158  0.29018836  0.28375978  0.29018836  0.29667312  0.29667312  0.30321504  0.30321504  0.29667312  0.29018836  0.30321504  0.29667312  0.29667312  0.25242663  0.32319414  0.32319414  0.31647450  0.31647450  0.32319414  0.31647450  0.31647450  0.32997519  0.32997519  0.29667312  0.30981516  0.30321504  0.30321504  0.30321504  0.35069826  0.27738641  0.27106732  0.27738641  0.26480158  0.28375978  0.28375978  0.27106732  0.30981516  0.31647450  0.32319414  0.31647450  0.32319414  0.41658389  0.42427911  0.42427911  0.43991314  0.42427911  0.40896766  0.30981516  0.31647450  0.30981516  0.30981516  0.36484230  0.38657705  0.29667312  0.29018836  0.28375978  0.28375978  0.27738641  0.29018836  0.29018836  0.29018836  0.29018836  0.33681878  0.35069826  0.35069826  0.35069826  0.30981516  0.30321504  0.35773658  0.32997519  0.29667312  0.30981516  0.30321504  0.29667312  0.32997519  0.40896766  0.40896766  0.27738641  0.29018836  0.34372607  0.35069826  0.34372607  0.37926117  0.33681878  0.32319414  0.34372607  0.35773658  0.33681878  0.35069826  0.29018836  0.30321504  0.28375978  0.30321504  0.29018836  0.28375978  0.33681878  0.32997519  0.35069826  0.35069826  0.35069826  0.32319414  0.32319414  0.32319414  0.30321504  0.32319414  0.33681878  0.32997519  0.32319414  0.32319414  0.31647450  0.31647450  0.36484230  0.29018836  0.29018836  0.30321504  0.55967733  0.55967733  0.55967733  0.55967733  0.55967733  0.55045132  0.55967733  0.52344220  0.50596725  0.51465329  0.53233646  0.51465329  0.50596725  0.50596725  0.50596725  0.48889437  0.49738172  0.48889437  
17_0_0     0.00437971  0.00000000  0.03121511  0.05905749  0.34372607  0.33681878  0.35069826  0.29018836  0.25858831  0.25858831  0.25242663  0.30981516  0.25858831  0.29018836  0.27106732  0.26480158  0.29018836  0.25858831  0.28375978  0.27738641  0.28375978  0.29018836  0.29018836  0.29667312  0.29667312  0.29018836  0.28375978  0.29667312  0.29018836  0.29018836  0.24631569  0.31647450  0.31647450  0.30981516  0.30981516  0.31647450  0.30981516  0.30981516  0.32319414  0.32319414  0.29018836  0.30321504  0.29667312  0.29667312  0.29667312  0.34372607  0.27106732  0.26480158  0.27106732  0.25858831  0.27738641  0.27738641  0.26480158  0.30981516  0.31647450  0.32319414  0.31647450  0.31647450  0.40896766  0.41658389  0.41658389  0.43205495  0.41658389  0.40142881  0.30321504  0.30981516  0.30321504  0.30321504  0.35773658  0.37926117  0.29018836  0.28375978  0.27738641  0.27738641  0.27106732  0.28375978  0.28375978  0.28375978  0.28375978  0.32997519  0.34372607  0.34372607  0.34372607  0.30321504  0.29667312  0.35069826  0.32319414  0.29018836  0.30321504  0.29667312  0.29018836  0.32319414  0.40142881  0.40142881  0.27106732  0.28375978  0.33681878  0.34372607  0.33681878  0.37201672  0.32997519  0.31647450  0.33681878  0.35069826  0.32997519  0.34372607  0.28375978  0.29667312  0.27738641  0.29667312  0.28375978  0.27738641  0.32997519  0.32319414  0.34372607  0.34372607  0.34372607  0.31647450  0.31647450  0.31647450  0.29667312  0.31647450  0.32997519  0.32319414  0.31647450  0.31647450  0.30981516  0.30981516  0.35773658  0.28375978  0.28375978  0.29667312  0.55045132  0.55045132  0.55045132  0.55045132  0.55045132  0.54133862  0.55045132  0.51465329  0.49738172  0.50596725  0.52344220  0.50596725  0.49738172  0.49738172  0.49738172  0.48050301  0.48889437  0.48050301  
44_0_0     0.03578357  0.03121511  0.00000000  0.08798538  0.35773658  0.35069826  0.36484230  0.30981516  0.28375978  0.28375978  0.26480158  0.30981516  0.27106732  0.31647450  0.28375978  0.27738641  0.30321504  0.29667312  0.30321504  0.29667312  0.29018836  0.30981516  0.30981516  0.30321504  0.30321504  0.29667312  0.29018836  0.30981516  0.30321504  0.30321504  0.25858831  0.32997519  0.32997519  0.32319414  0.32319414  0.32997519  0.29667312  0.29667312  0.30981516  0.30981516  0.30321504  0.31647450  0.30981516  0.30981516  0.30981516  0.35773658  0.27106732  0.26480158  0.27106732  0.25858831  0.27738641  0.27738641  0.26480158  0.30981516  0.31647450  0.32319414  0.34372607  0.35773658  0.40896766  0.41658389  0.41658389  0.43205495  0.41658389  0.38657705  0.32997519  0.33681878  0.32997519  0.32997519  0.37201672  0.39396578  0.31647450  0.30981516  0.30321504  0.30321504  0.29667312  0.28375978  0.29667312  0.29667312  0.29667312  0.32319414  0.32997519  0.34372607  0.34372607  0.30321504  0.29667312  0.35069826  0.32319414  0.29018836  0.30321504  0.32319414  0.31647450  0.32319414  0.41658389  0.41658389  0.25858831  0.27106732  0.32319414  0.33681878  0.34372607  0.36484230  0.32997519  0.31647450  0.33681878  0.35069826  0.32997519  0.34372607  0.28375978  0.28375978  0.26480158  0.28375978  0.27106732  0.26480158  0.32997519  0.32997519  0.35773658  0.35773658  0.35773658  0.32319414  0.32319414  0.32319414  0.30981516  0.31647450  0.34372607  0.33681878  0.32997519  0.32997519  0.30981516  0.30981516  0.35773658  0.29667312  0.29667312  0.30981516  0.56901948  0.56901948  0.56901948  0.56901948  0.55045132  0.55967733  0.56901948  0.53233646  0.51465329  0.52344220  0.54133862  0.50596725  0.49738172  0.49738172  0.49738172  0.49738172  0.50596725  0.49738172  
36_0_0     0.06380117  0.05905749  0.08798538  0.00000000  0.30981516  0.31647450  0.31647450  0.25858831  0.21649380  0.20489272  0.21067059  0.26480158  0.21649380  0.25858831  0.22827913  0.22236307  0.25858831  0.26480158  0.25242663  0.23424274  0.24025466  0.25858831  0.27106732  0.27738641  0.26480158  0.28375978  0.25858831  0.23424274  0.22827913  0.22827913  0.21067059  0.26480158  0.26480158  0.25858831  0.25858831  0.27738641  0.27106732  0.28375978  0.28375978  0.28375978  0.24025466  0.25242663  0.24631569  0.24631569  0.24631569  0.27738641  0.22236307  0.21649380  0.23424274  0.22236307  0.24025466  0.24025466  0.22827913  0.25858831  0.26480158  0.27106732  0.28375978  0.27106732  0.35773658  0.36484230  0.35773658  0.37926117  0.36484230  0.35069826  0.27738641  0.30981516  0.29018836  0.29018836  0.34372607  0.36484230  0.26480158  0.27106732  0.26480158  0.26480158  0.25858831  0.22827913  0.21649380  0.21649380  0.21649380  0.28375978  0.27738641  0.32319414  0.32319414  0.25858831  0.25242663  0.29667312  0.27738641  0.23424274  0.24631569  0.24025466  0.23424274  0.26480158  0.36484230  0.36484230  0.23424274  0.25242663  0.30981516  0.31647450  0.30981516  0.35773658  0.29667312  0.27106732  0.30321504  0.29018836  0.28375978  0.28375978  0.24025466  0.25242663  0.24631569  0.24025466  0.24025466  0.23424274  0.28375978  0.25242663  0.27106732  0.27106732  0.27106732  0.27738641  0.27738641  0.27738641  0.25242663  0.27106732  0.28375978  0.27738641  0.25858831  0.25858831  0.25242663  0.25242663  0.30981516  0.20489272  0.20489272  0.21649380  0.51465329  0.51465329  0.51465329  0.51465329  0.51465329  0.50596725  0.51465329  0.48050301  0.46399970  0.47220547  0.48889437  0.47220547  0.46399970  0.46399970  0.46399970  0.44785544  0.45588367  0.44785544  
11_0_0     0.34372607  0.34372607  0.35773658  0.30981516  0.00000000  0.00437971  0.00437971  0.31647450  0.31647450  0.27738641  0.33681878  0.37201672  0.31647450  0.31647450  0.30321504  0.31647450  0.32997519  0.34372607  0.32997519  0.29667312  0.30321504  0.28375978  0.32319414  0.31647450  0.29018836  0.29667312  0.37201672  0.37926117  0.37201672  0.37201672  0.35773658  0.37926117  0.37926117  0.38657705  0.38657705  0.36484230  0.37201672  0.38657705  0.38657705  0.38657705  0.37926117  0.40896766  0.40142881  0.40142881  0.40142881  0.39396578  0.38657705  0.37926117  0.37201672  0.37201672  0.37201672  0.37201672  0.35773658  0.37926117  0.38657705  0.39396578  0.36484230  0.35773658  0.43205495  0.44785544  0.43205495  0.42427911  0.43991314  0.42427911  0.36484230  0.36484230  0.37201672  0.37926117  0.40142881  0.42427911  0.36484230  0.35773658  0.35069826  0.35069826  0.34372607  0.32319414  0.35773658  0.35773658  0.35773658  0.42427911  0.36484230  0.36484230  0.36484230  0.36484230  0.37926117  0.40896766  0.35773658  0.40896766  0.38657705  0.33681878  0.32997519  0.35773658  0.44785544  0.44785544  0.38657705  0.37201672  0.43205495  0.44785544  0.45588367  0.44785544  0.37926117  0.35773658  0.34372607  0.30321504  0.28375978  0.28375978  0.29667312  0.29018836  0.29018836  0.30981516  0.28375978  0.28375978  0.30981516  0.29667312  0.35069826  0.35069826  0.35069826  0.30981516  0.30981516  0.30981516  0.29018836  0.31647450  0.37201672  0.36484230  0.30981516  0.30981516  0.29018836  0.29018836  0.32997519  0.30981516  0.30981516  0.30981516  0.63793087  0.63793087  0.60761062  0.60761062  0.61758035  0.62768585  0.61758035  0.63793087  0.61758035  0.60761062  0.64831931  0.62768585  0.69139152  0.69139152  0.69139152  0.69139152  0.65885526  0.69139152  
46_0_0     0.33681878  0.33681878  0.35069826  0.31647450  0.00437971  0.00000000  0.00878543  0.32319414  0.32319414  0.28375978  0.34372607  0.37926117  0.32319414  0.32319414  0.30981516  0.32319414  0.33681878  0.35069826  0.32319414  0.29018836  0.29667312  0.27738641  0.31647450  0.30981516  0.28375978  0.29018836  0.36484230  0.38657705  0.37926117  0.37926117  0.36484230  0.38657705  0.38657705  0.39396578  0.39396578  0.37201672  0.37926117  0.39396578  0.39396578  0.39396578  0.38657705  0.41658389  0.40896766  0.40896766  0.40896766  0.40142881  0.39396578  0.38657705  0.36484230  0.36484230  0.36484230  0.37926117  0.35069826  0.38657705  0.39396578  0.40142881  0.35773658  0.35069826  0.43991314  0.45588367  0.43991314  0.43205495  0.44785544  0.43205495  0.37201672  0.35773658  0.36484230  0.37201672  0.39396578  0.41658389  0.35773658  0.35069826  0.34372607  0.34372607  0.33681878  0.32997519  0.36484230  0.36484230  0.36484230  0.43205495  0.37201672  0.37201672  0.37201672  0.35773658  0.37201672  0.41658389  0.36484230  0.41658389  0.39396578  0.34372607  0.33681878  0.36484230  0.45588367  0.45588367  0.39396578  0.37926117  0.43991314  0.45588367  0.46399970  0.45588367  0.38657705  0.36484230  0.35069826  0.30981516  0.29018836  0.29018836  0.30321504  0.29667312  0.29667312  0.31647450  0.29018836  0.29018836  0.30321504  0.30321504  0.35773658  0.35773658  0.35773658  0.31647450  0.31647450  0.31647450  0.29667312  0.32319414  0.37926117  0.37201672  0.31647450  0.31647450  0.29667312  0.29667312  0.33681878  0.31647450  0.31647450  0.31647450  0.64831931  0.64831931  0.61758035  0.61758035  0.62768585  0.63793087  0.62768585  0.64831931  0.62768585  0.61758035  0.65885526  0.63793087  0.70256186  0.70256186  0.70256186  0.70256186  0.66954295  0.70256186  
39_0_0     0.35069826  0.35069826  0.36484230  0.31647450  0.00437971  0.00878543  0.00000000  0.30981516  0.32319414  0.28375978  0.34372607  0.37926117  0.32319414  0.32319414  0.30981516  0.32319414  0.33681878  0.35069826  0.33681878  0.30321504  0.30981516  0.29018836  0.32997519  0.32319414  0.29667312  0.30321504  0.37926117  0.38657705  0.37926117  0.37926117  0.36484230  0.37201672  0.37201672  0.37926117  0.37926117  0.35773658  0.36484230  0.37926117  0.37926117  0.37926117  0.37201672  0.40142881  0.39396578  0.39396578  0.39396578  0.38657705  0.39396578  0.38657705  0.37926117  0.37926117  0.37926117  0.37926117  0.36484230  0.37201672  0.37926117  0.38657705  0.37201672  0.36484230  0.43991314  0.45588367  0.43991314  0.43205495  0.44785544  0.43205495  0.35773658  0.35773658  0.36484230  0.37201672  0.39396578  0.41658389  0.35773658  0.35069826  0.34372607  0.34372607  0.33681878  0.32997519  0.36484230  0.36484230  0.36484230  0.43205495  0.37201672  0.37201672  0.37201672  0.37201672  0.38657705  0.41658389  0.36484230  0.41658389  0.39396578  0.34372607  0.33681878  0.36484230  0.45588367  0.45588367  0.39396578  0.37926117  0.43991314  0.45588367  0.46399970  0.45588367  0.37926117  0.35773658  0.34372607  0.30321504  0.28375978  0.28375978  0.29667312  0.29018836  0.29018836  0.30981516  0.28375978  0.28375978  0.30981516  0.29667312  0.35069826  0.35069826  0.35069826  0.30981516  0.30981516  0.30981516  0.29018836  0.31647450  0.37201672  0.36484230  0.30981516  0.30981516  0.29018836  0.29018836  0.32997519  0.30981516  0.30981516  0.30981516  0.63793087  0.63793087  0.60761062  0.60761062  0.61758035  0.62768585  0.61758035  0.63793087  0.61758035  0.60761062  0.64831931  0.62768585  0.69139152  0.69139152  0.69139152  0.69139152  0.65885526  0.69139152  
26_0_0     0.29667312  0.29018836  0.30981516  0.25858831  0.31647450  0.32319414  0.30981516  0.00000000  0.13885503  0.10288350  0.29018836  0.34372607  0.31647450  0.31647450  0.30321504  0.30321504  0.30981516  0.28375978  0.28375978  0.30321504  0.30981516  0.30321504  0.30321504  0.30981516  0.30981516  0.30321504  0.34372607  0.29667312  0.29018836  0.29018836  0.26480158  0.29667312  0.29667312  0.30321504  0.29018836  0.30981516  0.26480158  0.29018836  0.27738641  0.27738641  0.28375978  0.26480158  0.25858831  0.25858831  0.25858831  0.25242663  0.31647450  0.30981516  0.33681878  0.33681878  0.30321504  0.30981516  0.31647450  0.30321504  0.29667312  0.29018836  0.30981516  0.30321504  0.32997519  0.33681878  0.33681878  0.33681878  0.33681878  0.32997519  0.35069826  0.37926117  0.33681878  0.33681878  0.40142881  0.40896766  0.35069826  0.35773658  0.35069826  0.35069826  0.35773658  0.24631569  0.24631569  0.24631569  0.24631569  0.27738641  0.30981516  0.30981516  0.30981516  0.28375978  0.30321504  0.32319414  0.29018836  0.27738641  0.26480158  0.29018836  0.28375978  0.30321504  0.33681878  0.33681878  0.25858831  0.26480158  0.34372607  0.29667312  0.30321504  0.31647450  0.33681878  0.32997519  0.35069826  0.27106732  0.27738641  0.29018836  0.25858831  0.24631569  0.23424274  0.24631569  0.24025466  0.24631569  0.32319414  0.26480158  0.30321504  0.30321504  0.30321504  0.27738641  0.27738641  0.27738641  0.25858831  0.26480158  0.29667312  0.29018836  0.26480158  0.25242663  0.26480158  0.26480158  0.30981516  0.27738641  0.27738641  0.29667312  0.53233646  0.51465329  0.58806421  0.58806421  0.55045132  0.55967733  0.56901948  0.54133862  0.54133862  0.55045132  0.56901948  0.54133862  0.57848075  0.57848075  0.57848075  0.55967733  0.55045132  0.55967733  
16_0_0     0.26480158  0.25858831  0.28375978  0.21649380  0.31647450  0.32319414  0.32319414  0.13885503  0.00000000  0.08308507  0.29018836  0.37201672  0.33681878  0.35069826  0.33681878  0.33681878  0.34372607  0.34372607  0.34372607  0.30321504  0.30981516  0.31647450  0.31647450  0.32319414  0.32319414  0.30321504  0.32319414  0.29667312  0.29667312  0.29667312  0.27738641  0.34372607  0.34372607  0.35069826  0.33681878  0.35773658  0.32319414  0.33681878  0.32319414  0.32319414  0.32997519  0.32319414  0.32319414  0.31647450  0.31647450  0.33681878  0.32319414  0.31647450  0.34372607  0.33681878  0.32997519  0.32319414  0.31647450  0.30321504  0.29667312  0.30321504  0.29667312  0.27106732  0.37201672  0.37926117  0.37926117  0.37926117  0.37926117  0.36484230  0.32997519  0.37201672  0.35069826  0.35069826  0.42427911  0.41658389  0.32997519  0.35069826  0.34372607  0.34372607  0.35069826  0.25858831  0.29018836  0.29018836  0.29018836  0.35069826  0.34372607  0.36484230  0.36484230  0.29667312  0.32319414  0.34372607  0.29018836  0.27738641  0.29667312  0.29667312  0.29018836  0.31647450  0.33681878  0.33681878  0.29667312  0.27738641  0.36484230  0.34372607  0.33681878  0.38657705  0.32319414  0.31647450  0.35773658  0.32997519  0.32319414  0.33681878  0.24631569  0.30321504  0.27738641  0.31647450  0.28375978  0.27738641  0.32319414  0.29018836  0.30981516  0.30981516  0.30981516  0.30321504  0.30321504  0.30321504  0.28375978  0.29018836  0.30981516  0.30321504  0.27106732  0.27106732  0.26480158  0.26480158  0.32997519  0.27106732  0.27106732  0.28375978  0.55045132  0.55045132  0.56901948  0.56901948  0.60761062  0.59777306  0.58806421  0.55045132  0.55045132  0.55967733  0.57848075  0.54133862  0.55967733  0.55967733  0.55967733  0.54133862  0.53233646  0.54133862  
42_0_0     0.26480158  0.25858831  0.28375978  0.20489272  0.27738641  0.28375978  0.28375978  0.10288350  0.08308507  0.00000000  0.27106732  0.32997519  0.27738641  0.29018836  0.29018836  0.27738641  0.28375978  0.29667312  0.24025466  0.24631569  0.25242663  0.24631569  0.24631569  0.25242663  0.25242663  0.26480158  0.27106732  0.25858831  0.25242663  0.25242663  0.25242663  0.29667312  0.29667312  0.30321504  0.29018836  0.29667312  0.27738641  0.29018836  0.27738641  0.27738641  0.28375978  0.25242663  0.25858831  0.25858831  0.25858831  0.25242663  0.23424274  0.22827913  0.24025466  0.24025466  0.24025466  0.25242663  0.23424274  0.26480158  0.25858831  0.26480158  0.30981516  0.27106732  0.37201672  0.37926117  0.37201672  0.36484230  0.36484230  0.36484230  0.32997519  0.34372607  0.35069826  0.35069826  0.40896766  0.41658389  0.34372607  0.35069826  0.34372607  0.34372607  0.35069826  0.25242663  0.25242663  0.25242663  0.25242663  0.27106732  0.32997519  0.29667312  0.29667312  0.26480158  0.28375978  0.33681878  0.28375978  0.27738641  0.28375978  0.30321504  0.29667312  0.30321504  0.32997519  0.32997519  0.26480158  0.27106732  0.36484230  0.33681878  0.32997519  0.35773658  0.29667312  0.27738641  0.31647450  0.27738641  0.28375978  0.28375978  0.22827913  0.23424274  0.24631569  0.23424274  0.22827913  0.23424274  0.26480158  0.22827913  0.24025466  0.24025466  0.24025466  0.24025466  0.24025466  0.24025466  0.22236307  0.24631569  0.29018836  0.28375978  0.23424274  0.23424274  0.21649380  0.21649380  0.30321504  0.21649380  0.21649380  0.24025466  0.50596725  0.52344220  0.55967733  0.55967733  0.59777306  0.58806421  0.59777306  0.54133862  0.54133862  0.55045132  0.56901948  0.53233646  0.52344220  0.52344220  0.52344220  0.52344220  0.51465329  0.52344220  
1_0_0      0.25858831  0.25242663  0.26480158  0.21067059  0.33681878  0.34372607  0.34372607  0.29018836  0.29018836  0.27106732  0.00000000  0.29018836  0.29018836  0.30321504  0.30321504  0.29667312  0.30321504  0.28375978  0.27738641  0.24631569  0.25242663  0.24631569  0.25858831  0.25242663  0.25242663  0.24025466  0.27738641  0.30321504  0.30981516  0.30981516  0.25242663  0.32319414  0.32319414  0.32997519  0.31647450  0.32319414  0.31647450  0.32997519  0.32997519  0.32997519  0.30981516  0.28375978  0.29018836  0.27738641  0.27738641  0.30321504  0.29667312  0.29018836  0.32319414  0.30981516  0.30981516  0.28375978  0.27738641  0.30981516  0.30321504  0.32319414  0.33681878  0.34372607  0.37926117  0.40142881  0.37926117  0.34372607  0.34372607  0.38657705  0.37926117  0.40896766  0.38657705  0.38657705  0.41658389  0.42427911  0.33681878  0.35773658  0.35069826  0.35069826  0.35773658  0.29018836  0.24025466  0.24025466  0.24025466  0.32319414  0.28375978  0.32319414  0.32319414  0.24631569  0.29018836  0.32997519  0.29667312  0.25858831  0.25242663  0.27106732  0.26480158  0.25242663  0.30321504  0.30321504  0.29018836  0.29018836  0.36484230  0.39396578  0.40142881  0.38657705  0.36484230  0.35069826  0.37926117  0.34372607  0.30981516  0.30981516  0.25858831  0.25858831  0.25858831  0.24631569  0.24025466  0.24025466  0.31647450  0.30981516  0.30321504  0.30321504  0.30321504  0.32319414  0.32319414  0.32319414  0.28375978  0.31647450  0.35069826  0.34372607  0.27738641  0.27738641  0.27106732  0.27106732  0.34372607  0.27738641  0.27738641  0.27106732  0.58806421  0.56901948  0.62768585  0.62768585  0.58806421  0.59777306  0.60761062  0.56901948  0.56901948  0.57848075  0.55967733  0.57848075  0.56901948  0.56901948  0.56901948  0.56901948  0.54133862  0.56901948  
2_0_0      0.31647450  0.30981516  0.30981516  0.26480158  0.37201672  0.37926117  0.37926117  0.34372607  0.37201672  0.32997519  0.29018836  0.00000000  0.14946123  0.18782422  0.16022121  0.15482172  0.16022121  0.23424274  0.32319414  0.29667312  0.29018836  0.28375978  0.30981516  0.30321504  0.27738641  0.29018836  0.27738641  0.27106732  0.26480158  0.26480158  0.28375978  0.29018836  0.29018836  0.29667312  0.29667312  0.29018836  0.29667312  0.29018836  0.29018836  0.29018836  0.29018836  0.31647450  0.32319414  0.30981516  0.30981516  0.30981516  0.32319414  0.32997519  0.35069826  0.32319414  0.32997519  0.37926117  0.33681878  0.31647450  0.32319414  0.31647450  0.30981516  0.30981516  0.35069826  0.35773658  0.35069826  0.35069826  0.35069826  0.36484230  0.29018836  0.31647450  0.31647450  0.32319414  0.33681878  0.37201672  0.32319414  0.31647450  0.30981516  0.30981516  0.30321504  0.27106732  0.29018836  0.29018836  0.29018836  0.32997519  0.28375978  0.25858831  0.25858831  0.26480158  0.28375978  0.29018836  0.29018836  0.24025466  0.24025466  0.26480158  0.25858831  0.27106732  0.36484230  0.36484230  0.30321504  0.29018836  0.35773658  0.46399970  0.45588367  0.43991314  0.37926117  0.35069826  0.36484230  0.30981516  0.30321504  0.30981516  0.27738641  0.26480158  0.26480158  0.27738641  0.27106732  0.26480158  0.30321504  0.28375978  0.29667312  0.29667312  0.29667312  0.28375978  0.28375978  0.28375978  0.27106732  0.29667312  0.37201672  0.36484230  0.25858831  0.25858831  0.27738641  0.27738641  0.37201672  0.30981516  0.30981516  0.30321504  0.66954295  0.64831931  0.62768585  0.62768585  0.60761062  0.59777306  0.60761062  0.62768585  0.60761062  0.59777306  0.62768585  0.61758035  0.57848075  0.57848075  0.57848075  0.57848075  0.59777306  0.57848075  
45_0_0     0.26480158  0.25858831  0.27106732  0.21649380  0.31647450  0.32319414  0.32319414  0.31647450  0.33681878  0.27738641  0.29018836  0.14946123  0.00000000  0.04038032  0.01767611  0.01321745  0.04500573  0.18222087  0.27738641  0.25858831  0.26480158  0.25858831  0.29667312  0.29018836  0.26480158  0.30981516  0.31647450  0.29667312  0.29018836  0.29018836  0.29018836  0.32997519  0.32997519  0.32319414  0.33681878  0.31647450  0.32997519  0.33681878  0.32319414  0.32319414  0.32319414  0.30981516  0.30321504  0.30321504  0.30321504  0.27738641  0.25858831  0.26480158  0.27106732  0.25858831  0.25858831  0.29018836  0.27106732  0.27106732  0.27738641  0.28375978  0.33681878  0.32997519  0.35069826  0.37201672  0.35069826  0.37926117  0.38657705  0.37926117  0.32997519  0.32997519  0.35773658  0.36484230  0.34372607  0.36484230  0.32997519  0.33681878  0.33681878  0.34372607  0.33681878  0.23424274  0.24631569  0.24631569  0.24631569  0.27738641  0.30321504  0.27106732  0.27106732  0.23424274  0.24025466  0.27106732  0.29667312  0.25242663  0.26480158  0.27738641  0.27106732  0.29018836  0.39396578  0.39396578  0.27106732  0.27106732  0.32997519  0.43205495  0.42427911  0.43205495  0.31647450  0.29018836  0.30981516  0.28375978  0.27738641  0.29667312  0.24025466  0.24025466  0.25242663  0.25858831  0.24631569  0.25242663  0.29018836  0.29018836  0.30321504  0.30321504  0.30321504  0.29018836  0.29018836  0.29018836  0.26480158  0.29667312  0.32997519  0.32319414  0.27106732  0.27106732  0.27738641  0.27738641  0.31647450  0.25242663  0.25242663  0.25242663  0.69139152  0.66954295  0.66954295  0.66954295  0.66954295  0.65885526  0.66954295  0.64831931  0.64831931  0.63793087  0.64831931  0.65885526  0.63793087  0.63793087  0.63793087  0.63793087  0.62768585  0.63793087  
48_0_0     0.29667312  0.29018836  0.31647450  0.25858831  0.31647450  0.32319414  0.32319414  0.31647450  0.35069826  0.29018836  0.30321504  0.18782422  0.04038032  0.00000000  0.04038032  0.03578357  0.07821691  0.19915948  0.29018836  0.27106732  0.29018836  0.25858831  0.30981516  0.29018836  0.27738641  0.30981516  0.34372607  0.31647450  0.30981516  0.30981516  0.32319414  0.36484230  0.36484230  0.35773658  0.37201672  0.35069826  0.36484230  0.37201672  0.35773658  0.35773658  0.35773658  0.32997519  0.32319414  0.32319414  0.32319414  0.29667312  0.29018836  0.29667312  0.30321504  0.29018836  0.29018836  0.32319414  0.30321504  0.29667312  0.30321504  0.30981516  0.34372607  0.30981516  0.37201672  0.39396578  0.37201672  0.40142881  0.42427911  0.40142881  0.35069826  0.35069826  0.36484230  0.37201672  0.35069826  0.37201672  0.36484230  0.35773658  0.35773658  0.35069826  0.35773658  0.25242663  0.26480158  0.26480158  0.26480158  0.25858831  0.33681878  0.29018836  0.29018836  0.26480158  0.27106732  0.30321504  0.29667312  0.27738641  0.29018836  0.29667312  0.29018836  0.32319414  0.40142881  0.40142881  0.28375978  0.27106732  0.32997519  0.43205495  0.42427911  0.43205495  0.30981516  0.29667312  0.29018836  0.26480158  0.25858831  0.27738641  0.24631569  0.25858831  0.27106732  0.27738641  0.25242663  0.25858831  0.29667312  0.29667312  0.32319414  0.32319414  0.32319414  0.29667312  0.29667312  0.29667312  0.25858831  0.30321504  0.33681878  0.32997519  0.27738641  0.26480158  0.28375978  0.28375978  0.33681878  0.24631569  0.25858831  0.25858831  0.65885526  0.63793087  0.61758035  0.61758035  0.63793087  0.62768585  0.61758035  0.61758035  0.61758035  0.60761062  0.61758035  0.62768585  0.59777306  0.59777306  0.59777306  0.59777306  0.58806421  0.59777306  
43_1_0     0.27738641  0.27106732  0.28375978  0.22827913  0.30321504  0.30981516  0.30981516  0.30321504  0.33681878  0.29018836  0.30321504  0.16022121  0.01767611  0.04038032  0.00000000  0.01321745  0.04500573  0.18222087  0.27738641  0.27106732  0.27738641  0.27106732  0.30981516  0.30321504  0.27738641  0.30981516  0.32997519  0.30981516  0.30321504  0.30321504  0.30321504  0.34372607  0.34372607  0.33681878  0.35069826  0.32997519  0.34372607  0.35069826  0.33681878  0.33681878  0.33681878  0.30981516  0.30321504  0.30321504  0.30321504  0.27738641  0.27106732  0.27738641  0.28375978  0.27106732  0.27106732  0.29018836  0.28375978  0.28375978  0.29018836  0.29667312  0.33681878  0.32997519  0.35069826  0.37201672  0.35069826  0.37926117  0.40142881  0.37926117  0.32997519  0.32997519  0.35773658  0.36484230  0.34372607  0.36484230  0.32997519  0.33681878  0.33681878  0.34372607  0.33681878  0.23424274  0.23424274  0.23424274  0.23424274  0.27738641  0.29018836  0.27106732  0.27106732  0.23424274  0.24025466  0.27106732  0.27738641  0.24631569  0.25858831  0.26480158  0.25858831  0.29018836  0.37926117  0.37926117  0.27106732  0.25858831  0.31647450  0.41658389  0.40896766  0.41658389  0.31647450  0.29018836  0.30981516  0.28375978  0.27738641  0.29667312  0.22827913  0.22827913  0.24025466  0.25858831  0.23424274  0.24025466  0.27738641  0.27738641  0.30321504  0.30321504  0.30321504  0.27738641  0.27738641  0.27738641  0.25242663  0.28375978  0.31647450  0.30981516  0.25858831  0.24631569  0.26480158  0.26480158  0.31647450  0.25242663  0.25242663  0.25242663  0.66954295  0.64831931  0.62768585  0.62768585  0.64831931  0.63793087  0.62768585  0.62768585  0.62768585  0.61758035  0.62768585  0.63793087  0.63793087  0.63793087  0.63793087  0.63793087  0.62768585  0.63793087  
43_0_0     0.27106732  0.26480158  0.27738641  0.22236307  0.31647450  0.32319414  0.32319414  0.30321504  0.33681878  0.27738641  0.29667312  0.15482172  0.01321745  0.03578357  0.01321745  0.00000000  0.04038032  0.17665951  0.28375978  0.26480158  0.27106732  0.26480158  0.30321504  0.29667312  0.27106732  0.31647450  0.32319414  0.29018836  0.28375978  0.28375978  0.29667312  0.33681878  0.33681878  0.32997519  0.34372607  0.32319414  0.33681878  0.34372607  0.32997519  0.32997519  0.32997519  0.30321504  0.29667312  0.29667312  0.29667312  0.27106732  0.26480158  0.27106732  0.27738641  0.26480158  0.26480158  0.28375978  0.27738641  0.27738641  0.28375978  0.29018836  0.34372607  0.32319414  0.35773658  0.37926117  0.35773658  0.38657705  0.39396578  0.38657705  0.33681878  0.33681878  0.36484230  0.37201672  0.35069826  0.37201672  0.33681878  0.34372607  0.34372607  0.35069826  0.34372607  0.24025466  0.25242663  0.25242663  0.25242663  0.27106732  0.29667312  0.26480158  0.26480158  0.24025466  0.24631569  0.27738641  0.29667312  0.25242663  0.26480158  0.27106732  0.26480158  0.28375978  0.40142881  0.40142881  0.26480158  0.26480158  0.32319414  0.42427911  0.41658389  0.42427911  0.30981516  0.29667312  0.30321504  0.27738641  0.27106732  0.29018836  0.24631569  0.24631569  0.25858831  0.26480158  0.25242663  0.25858831  0.29667312  0.29667312  0.30981516  0.30981516  0.30981516  0.29667312  0.29667312  0.29667312  0.25858831  0.30321504  0.33681878  0.32997519  0.27738641  0.26480158  0.28375978  0.28375978  0.32319414  0.25858831  0.25858831  0.25858831  0.65885526  0.63793087  0.63793087  0.63793087  0.63793087  0.62768585  0.63793087  0.61758035  0.61758035  0.60761062  0.61758035  0.62768585  0.60761062  0.60761062  0.60761062  0.60761062  0.59777306  0.60761062  
7_0_0      0.29667312  0.29018836  0.30321504  0.25858831  0.32997519  0.33681878  0.33681878  0.30981516  0.34372607  0.28375978  0.30321504  0.16022121  0.04500573  0.07821691  0.04500573  0.04038032  0.00000000  0.19915948  0.31647450  0.28375978  0.29018836  0.28375978  0.30981516  0.31647450  0.29018836  0.30981516  0.32997519  0.32997519  0.32319414  0.32319414  0.32997519  0.34372607  0.34372607  0.35069826  0.35069826  0.32997519  0.35773658  0.36484230  0.35069826  0.35069826  0.35069826  0.32319414  0.31647450  0.31647450  0.31647450  0.29018836  0.25242663  0.25858831  0.27738641  0.26480158  0.26480158  0.29667312  0.27738641  0.29018836  0.29667312  0.30321504  0.35773658  0.33681878  0.35773658  0.37926117  0.35773658  0.38657705  0.39396578  0.38657705  0.35773658  0.35773658  0.38657705  0.39396578  0.35773658  0.36484230  0.35773658  0.36484230  0.36484230  0.37201672  0.36484230  0.25242663  0.25242663  0.25242663  0.25242663  0.28375978  0.30981516  0.26480158  0.26480158  0.22827913  0.24631569  0.27738641  0.28375978  0.24025466  0.25242663  0.27106732  0.26480158  0.28375978  0.37926117  0.37926117  0.30321504  0.31647450  0.37926117  0.45588367  0.44785544  0.43991314  0.32319414  0.29667312  0.32319414  0.31647450  0.29667312  0.31647450  0.27106732  0.25858831  0.27106732  0.27738641  0.26480158  0.27106732  0.30981516  0.30981516  0.32319414  0.32319414  0.32319414  0.30981516  0.30981516  0.30981516  0.28375978  0.31647450  0.36484230  0.35773658  0.27738641  0.26480158  0.28375978  0.28375978  0.32319414  0.26480158  0.26480158  0.25858831  0.69139152  0.66954295  0.64831931  0.64831931  0.66954295  0.65885526  0.66954295  0.64831931  0.64831931  0.63793087  0.64831931  0.65885526  0.64831931  0.64831931  0.64831931  0.64831931  0.63793087  0.64831931  
3_0_0      0.26480158  0.25858831  0.29667312  0.26480158  0.34372607  0.35069826  0.35069826  0.28375978  0.34372607  0.29667312  0.28375978  0.23424274  0.18222087  0.19915948  0.18222087  0.17665951  0.19915948  0.00000000  0.30981516  0.32319414  0.34372607  0.32319414  0.32319414  0.34372607  0.32997519  0.31647450  0.32319414  0.30981516  0.31647450  0.31647450  0.32997519  0.33681878  0.33681878  0.34372607  0.32997519  0.32319414  0.35773658  0.37201672  0.35773658  0.35773658  0.33681878  0.33681878  0.34372607  0.32997519  0.32997519  0.31647450  0.30981516  0.31647450  0.32319414  0.29667312  0.30321504  0.29667312  0.32997519  0.36484230  0.35773658  0.36484230  0.35773658  0.36484230  0.38657705  0.39396578  0.39396578  0.38657705  0.37201672  0.41658389  0.37201672  0.38657705  0.38657705  0.38657705  0.43205495  0.42427911  0.37201672  0.37926117  0.37201672  0.38657705  0.37926117  0.31647450  0.33681878  0.33681878  0.33681878  0.32997519  0.32997519  0.29667312  0.29667312  0.30981516  0.34372607  0.33681878  0.32997519  0.30321504  0.30321504  0.29018836  0.28375978  0.32997519  0.36484230  0.36484230  0.29667312  0.30981516  0.35773658  0.41658389  0.40896766  0.39396578  0.39396578  0.37926117  0.40142881  0.37201672  0.33681878  0.35773658  0.27738641  0.30321504  0.30321504  0.31647450  0.30981516  0.31647450  0.34372607  0.35773658  0.34372607  0.34372607  0.34372607  0.31647450  0.31647450  0.31647450  0.29018836  0.30981516  0.34372607  0.33681878  0.32319414  0.32319414  0.32997519  0.32997519  0.38657705  0.32997519  0.32997519  0.32997519  0.59777306  0.57848075  0.65885526  0.65885526  0.63793087  0.62768585  0.63793087  0.61758035  0.61758035  0.60761062  0.59777306  0.62768585  0.61758035  0.61758035  0.61758035  0.59777306  0.60761062  0.59777306  
25_0_0     0.29018836  0.28375978  0.30321504  0.25242663  0.32997519  0.32319414  0.33681878  0.28375978  0.34372607  0.24025466  0.27738641  0.32319414  0.27738641  0.29018836  0.27738641  0.28375978  0.31647450  0.30981516  0.00000000  0.12322467  0.12839830  0.12839830  0.13360825  0.13885503  0.12839830  0.14946123  0.18782422  0.32319414  0.31647450  0.31647450  0.28375978  0.32319414  0.32319414  0.31647450  0.32997519  0.30981516  0.30321504  0.32319414  0.31647450  0.31647450  0.30981516  0.31647450  0.32319414  0.30981516  0.30981516  0.29667312  0.32319414  0.31647450  0.32319414  0.29667312  0.30321504  0.32319414  0.28375978  0.36484230  0.37201672  0.36484230  0.36484230  0.35773658  0.43205495  0.45588367  0.43205495  0.42427911  0.42427911  0.41658389  0.37926117  0.36484230  0.35773658  0.35773658  0.43991314  0.45588367  0.36484230  0.35773658  0.35069826  0.35773658  0.35069826  0.32997519  0.31647450  0.31647450  0.31647450  0.32319414  0.40142881  0.32997519  0.32997519  0.31647450  0.35069826  0.39396578  0.35069826  0.32319414  0.32319414  0.35069826  0.34372607  0.35773658  0.40896766  0.40896766  0.29667312  0.32319414  0.37201672  0.35069826  0.35069826  0.37926117  0.33681878  0.32319414  0.32997519  0.29018836  0.28375978  0.28375978  0.22827913  0.19915948  0.20489272  0.21649380  0.19915948  0.20489272  0.29018836  0.22236307  0.24025466  0.24025466  0.24025466  0.25858831  0.25858831  0.25858831  0.22827913  0.25858831  0.28375978  0.27738641  0.27106732  0.28375978  0.24025466  0.24025466  0.30321504  0.25242663  0.24025466  0.26480158  0.61758035  0.59777306  0.62768585  0.62768585  0.59777306  0.59777306  0.60761062  0.59777306  0.58806421  0.59777306  0.61758035  0.57848075  0.58806421  0.58806421  0.58806421  0.56901948  0.55967733  0.56901948  
6_0_0      0.28375978  0.27738641  0.29667312  0.23424274  0.29667312  0.29018836  0.30321504  0.30321504  0.30321504  0.24631569  0.24631569  0.29667312  0.25858831  0.27106732  0.27106732  0.26480158  0.28375978  0.32319414  0.12322467  0.00000000  0.01321745  0.04966015  0.06857537  0.06380117  0.04500573  0.07338048  0.11298439  0.29018836  0.28375978  0.28375978  0.27738641  0.30321504  0.30321504  0.29667312  0.29667312  0.29018836  0.30321504  0.30981516  0.30321504  0.30321504  0.30321504  0.28375978  0.27738641  0.27738641  0.27738641  0.29018836  0.29667312  0.29018836  0.29667312  0.28375978  0.29018836  0.32997519  0.25858831  0.35069826  0.35773658  0.36484230  0.31647450  0.29018836  0.39396578  0.41658389  0.39396578  0.38657705  0.38657705  0.39396578  0.35773658  0.35773658  0.33681878  0.34372607  0.38657705  0.40142881  0.34372607  0.35069826  0.34372607  0.33681878  0.34372607  0.24631569  0.26480158  0.26480158  0.26480158  0.32319414  0.34372607  0.32997519  0.32997519  0.27738641  0.29667312  0.33681878  0.32997519  0.32319414  0.30981516  0.33681878  0.32997519  0.32997519  0.37201672  0.37201672  0.30981516  0.30981516  0.37926117  0.41658389  0.41658389  0.43991314  0.31647450  0.29018836  0.29667312  0.24631569  0.24025466  0.24025466  0.21067059  0.21649380  0.22236307  0.22236307  0.21649380  0.22236307  0.23424274  0.22827913  0.25858831  0.25858831  0.25858831  0.25242663  0.25242663  0.25242663  0.22236307  0.24025466  0.29667312  0.29018836  0.24025466  0.25242663  0.24631569  0.24631569  0.27106732  0.19915948  0.19915948  0.21067059  0.53233646  0.53233646  0.57848075  0.57848075  0.56901948  0.56901948  0.57848075  0.55045132  0.54133862  0.55045132  0.56901948  0.55045132  0.55967733  0.55967733  0.55967733  0.55967733  0.55045132  0.55967733  
24_0_0     0.29018836  0.28375978  0.29018836  0.24025466  0.30321504  0.29667312  0.30981516  0.30981516  0.30981516  0.25242663  0.25242663  0.29018836  0.26480158  0.29018836  0.27738641  0.27106732  0.29018836  0.34372607  0.12839830  0.01321745  0.00000000  0.05434394  0.06380117  0.05905749  0.04038032  0.06857537  0.11808687  0.29667312  0.29018836  0.29018836  0.28375978  0.32319414  0.32319414  0.31647450  0.31647450  0.30981516  0.30981516  0.31647450  0.30981516  0.30981516  0.30981516  0.29018836  0.28375978  0.28375978  0.28375978  0.29667312  0.30321504  0.29667312  0.30321504  0.29018836  0.28375978  0.33681878  0.26480158  0.34372607  0.35069826  0.35773658  0.32319414  0.30321504  0.40142881  0.42427911  0.40142881  0.39396578  0.39396578  0.40142881  0.35069826  0.35069826  0.34372607  0.35069826  0.37926117  0.39396578  0.35069826  0.35773658  0.35069826  0.34372607  0.35069826  0.25242663  0.28375978  0.28375978  0.28375978  0.34372607  0.33681878  0.33681878  0.33681878  0.28375978  0.30321504  0.34372607  0.33681878  0.32997519  0.31647450  0.34372607  0.33681878  0.32319414  0.37926117  0.37926117  0.31647450  0.31647450  0.40142881  0.42427911  0.42427911  0.44785544  0.32319414  0.29667312  0.31647450  0.25242663  0.24631569  0.24631569  0.20489272  0.21067059  0.21649380  0.21649380  0.21067059  0.21649380  0.24025466  0.22236307  0.25242663  0.25242663  0.25242663  0.24631569  0.24631569  0.24631569  0.21649380  0.23424274  0.30321504  0.29667312  0.23424274  0.24631569  0.24025466  0.24025466  0.27738641  0.20489272  0.20489272  0.21649380  0.52344220  0.52344220  0.56901948  0.56901948  0.55967733  0.55967733  0.56901948  0.54133862  0.53233646  0.54133862  0.55967733  0.54133862  0.56901948  0.56901948  0.56901948  0.56901948  0.55967733  0.56901948  
9_0_0      0.29667312  0.29018836  0.30981516  0.25858831  0.28375978  0.27738641  0.29018836  0.30321504  0.31647450  0.24631569  0.24631569  0.28375978  0.25858831  0.25858831  0.27106732  0.26480158  0.28375978  0.32319414  0.12839830  0.04966015  0.05434394  0.00000000  0.04966015  0.04500573  0.02667461  0.08798538  0.14946123  0.30981516  0.30321504  0.30321504  0.28375978  0.32319414  0.32319414  0.31647450  0.32997519  0.30981516  0.32319414  0.32997519  0.32319414  0.32319414  0.30981516  0.30321504  0.29667312  0.29667312  0.29667312  0.28375978  0.30981516  0.30321504  0.30981516  0.29667312  0.29018836  0.34372607  0.29018836  0.34372607  0.33681878  0.37201672  0.29018836  0.27106732  0.39396578  0.41658389  0.39396578  0.38657705  0.38657705  0.39396578  0.35773658  0.34372607  0.33681878  0.34372607  0.38657705  0.40142881  0.34372607  0.35069826  0.34372607  0.33681878  0.34372607  0.25858831  0.29018836  0.29018836  0.29018836  0.33681878  0.34372607  0.31647450  0.31647450  0.29018836  0.30981516  0.32997519  0.33681878  0.33681878  0.32319414  0.32319414  0.31647450  0.32997519  0.35069826  0.35069826  0.29667312  0.28375978  0.36484230  0.43205495  0.43205495  0.45588367  0.31647450  0.29018836  0.29667312  0.23424274  0.22827913  0.22236307  0.21067059  0.21649380  0.22236307  0.21067059  0.21649380  0.22236307  0.25858831  0.24025466  0.26480158  0.26480158  0.26480158  0.25242663  0.25242663  0.25242663  0.22236307  0.22827913  0.29667312  0.29018836  0.24025466  0.25242663  0.24631569  0.24631569  0.29018836  0.22236307  0.22236307  0.22236307  0.55045132  0.55045132  0.59777306  0.59777306  0.58806421  0.58806421  0.59777306  0.58806421  0.57848075  0.58806421  0.58806421  0.58806421  0.59777306  0.59777306  0.59777306  0.59777306  0.58806421  0.59777306  
