17
1_0_0      0.00000000  0.47608555  0.47608555  0.51572413  0.48579972  0.46649611  0.47608555  0.46649611  0.45702823  0.45702823  0.51572413  0.51572413  0.53636131  0.54689776  0.51572413  0.51572413  0.51572413  
74_0_0     0.47608555  0.00000000  0.09219842  0.18422869  0.17128279  0.29676716  0.33572175  0.34376256  0.34376256  0.30439723  0.33572175  0.32776659  0.38531875  0.38531875  0.39391484  0.39391484  0.38531875  
69_0_0     0.47608555  0.09219842  0.00000000  0.17128279  0.18422869  0.31210605  0.28921425  0.29676716  0.30439723  0.30439723  0.36841781  0.36010863  0.36010863  0.36010863  0.36841781  0.36841781  0.35189087  
47_0_0     0.51572413  0.18422869  0.17128279  0.00000000  0.09799325  0.35189087  0.36841781  0.37682047  0.38531875  0.36010863  0.39391484  0.40261102  0.42932412  0.41140965  0.38531875  0.38531875  0.42031318  
6_0_0      0.48579972  0.17128279  0.18422869  0.09799325  0.00000000  0.36841781  0.39391484  0.40261102  0.39391484  0.38531875  0.37682047  0.38531875  0.44767888  0.44767888  0.42031318  0.42031318  0.42031318  
26_0_0     0.46649611  0.29676716  0.31210605  0.35189087  0.36841781  0.00000000  0.37682047  0.38531875  0.38531875  0.36010863  0.36010863  0.36841781  0.40261102  0.39391484  0.39391484  0.39391484  0.42031318  
65_4_0     0.47608555  0.33572175  0.28921425  0.36841781  0.39391484  0.37682047  0.00000000  0.00511955  0.10971956  0.19740295  0.27433379  0.28173696  0.31210605  0.29676716  0.29676716  0.29676716  0.28173696  
65_0_0     0.46649611  0.34376256  0.29676716  0.37682047  0.40261102  0.38531875  0.00511955  0.00000000  0.10383339  0.20407827  0.28173696  0.28921425  0.31989528  0.30439723  0.30439723  0.30439723  0.28921425  
99_0_0     0.45702823  0.34376256  0.30439723  0.38531875  0.39391484  0.38531875  0.10971956  0.10383339  0.00000000  0.17772769  0.28921425  0.28173696  0.31210605  0.31210605  0.32776659  0.32776659  0.28173696  
37_0_0     0.45702823  0.30439723  0.30439723  0.36010863  0.38531875  0.36010863  0.19740295  0.20407827  0.17772769  0.00000000  0.29676716  0.28921425  0.33572175  0.33572175  0.33572175  0.33572175  0.30439723  
60_0_0     0.51572413  0.33572175  0.36841781  0.39391484  0.37682047  0.36010863  0.27433379  0.28173696  0.28921425  0.29676716  0.00000000  0.00511955  0.14604535  0.14604535  0.13373939  0.13373939  0.15227521  
83_0_0     0.51572413  0.32776659  0.36010863  0.40261102  0.38531875  0.36841781  0.28173696  0.28921425  0.28173696  0.28921425  0.00511955  0.00000000  0.13986703  0.13986703  0.13986703  0.13986703  0.14604535  
60_1_0     0.53636131  0.38531875  0.36010863  0.42932412  0.44767888  0.40261102  0.31210605  0.31989528  0.31210605  0.33572175  0.14604535  0.13986703  0.00000000  0.03125730  0.04197402  0.04197402  0.14604535  
83_1_0     0.54689776  0.38531875  0.36010863  0.41140965  0.44767888  0.39391484  0.29676716  0.30439723  0.31210605  0.33572175  0.14604535  0.13986703  0.03125730  0.00000000  0.03125730  0.03125730  0.13373939  
83_3_0     0.51572413  0.39391484  0.36841781  0.38531875  0.42031318  0.39391484  0.29676716  0.30439723  0.32776659  0.33572175  0.13373939  0.13986703  0.04197402  0.03125730  0.00000000  0.00000000  0.13373939  
60_3_0     0.51572413  0.39391484  0.36841781  0.38531875  0.42031318  0.39391484  0.29676716  0.30439723  0.32776659  0.33572175  0.13373939  0.13986703  0.04197402  0.03125730  0.00000000  0.00000000  0.13373939  
85_0_0     0.51572413  0.38531875  0.35189087  0.42031318  0.42031318  0.42031318  0.28173696  0.28921425  0.28173696  0.30439723  0.15227521  0.14604535  0.14604535  0.13373939  0.13373939  0.13373939  0.00000000  

