20
13_0_0     0.00000000  0.05981453  0.05615722  0.10130130  0.51907063  0.52597599  0.49873757  0.48548979  0.47895488  0.42262989  0.43477680  0.41663131  0.44712900  0.45969355  0.41068155  0.42262989  0.41068155  0.50545260  0.49208366  0.45338428  
12_0_0     0.05981453  0.00000000  0.02753940  0.11303687  0.51222990  0.53294722  0.51222990  0.49873757  0.46605776  0.42262989  0.43477680  0.41663131  0.43477680  0.44092681  0.40477984  0.41663131  0.38163830  0.53294722  0.51907063  0.45969355  
10_0_0     0.05615722  0.02753940  0.00000000  0.11699098  0.49208366  0.51222990  0.48548979  0.47247787  0.46605776  0.41068155  0.42262989  0.40477984  0.41068155  0.44092681  0.39892541  0.40477984  0.39311749  0.50545260  0.49208366  0.44712900  
4_0_0      0.10130130  0.11303687  0.11699098  0.00000000  0.45969355  0.47895488  0.45338428  0.42867811  0.43477680  0.41663131  0.41663131  0.41068155  0.45338428  0.41068155  0.40477984  0.44092681  0.41663131  0.49873757  0.47895488  0.42867811  
14_0_0     0.51907063  0.51222990  0.49208366  0.45969355  0.00000000  0.02055666  0.06349024  0.06349024  0.12898328  0.47247787  0.49208366  0.48548979  0.51907063  0.49873757  0.51222990  0.52597599  0.53294722  0.45969355  0.43477680  0.53998557  
17_0_0     0.52597599  0.53294722  0.51222990  0.47895488  0.02055666  0.00000000  0.07089759  0.07089759  0.13708888  0.48548979  0.50545260  0.49873757  0.53998557  0.51222990  0.52597599  0.55426894  0.55426894  0.44712900  0.42262989  0.53998557  
11_0_0     0.49873757  0.51222990  0.48548979  0.45338428  0.06349024  0.07089759  0.00000000  0.02055666  0.12898328  0.45969355  0.46605776  0.45969355  0.47895488  0.47895488  0.45969355  0.47247787  0.49873757  0.49208366  0.46605776  0.54709237  
6_0_0      0.48548979  0.49873757  0.47247787  0.42867811  0.06349024  0.07089759  0.02055666  0.00000000  0.12898328  0.48548979  0.49208366  0.48548979  0.51907063  0.49208366  0.48548979  0.49873757  0.51222990  0.46605776  0.44092681  0.51907063  
5_0_0      0.47895488  0.46605776  0.46605776  0.43477680  0.12898328  0.13708888  0.12898328  0.12898328  0.00000000  0.45969355  0.47895488  0.48548979  0.50545260  0.45338428  0.45969355  0.47247787  0.47247787  0.45338428  0.44092681  0.50545260  
15_0_0     0.42262989  0.42262989  0.41068155  0.41663131  0.47247787  0.48548979  0.45969355  0.48548979  0.45969355  0.00000000  0.05251811  0.05615722  0.10519226  0.12496394  0.14941836  0.12898328  0.14117564  0.47247787  0.47247787  0.50545260  
8_0_0      0.43477680  0.43477680  0.42262989  0.41663131  0.49208366  0.50545260  0.46605776  0.49208366  0.47895488  0.05251811  0.00000000  0.01709015  0.10130130  0.12096659  0.14528538  0.12496394  0.12898328  0.46605776  0.46605776  0.49208366  
20_0_0     0.41663131  0.41663131  0.40477984  0.41068155  0.48548979  0.49873757  0.45969355  0.48548979  0.48548979  0.05615722  0.01709015  0.00000000  0.09743095  0.12496394  0.14117564  0.12898328  0.12496394  0.47247787  0.47247787  0.49873757  
19_0_0     0.44712900  0.43477680  0.41068155  0.45338428  0.51907063  0.53998557  0.47895488  0.51907063  0.50545260  0.10519226  0.10130130  0.09743095  0.00000000  0.12898328  0.13302485  0.12496394  0.12096659  0.55426894  0.54709237  0.57623140  
7_0_0      0.45969355  0.44092681  0.44092681  0.41068155  0.49873757  0.51222990  0.47895488  0.49208366  0.45338428  0.12496394  0.12096659  0.12496394  0.12898328  0.00000000  0.11699098  0.10519226  0.14117564  0.52597599  0.50545260  0.56151668  
18_0_0     0.41068155  0.40477984  0.39892541  0.40477984  0.51222990  0.52597599  0.45969355  0.48548979  0.45969355  0.14941836  0.14528538  0.14117564  0.13302485  0.11699098  0.00000000  0.10519226  0.12898328  0.51222990  0.50545260  0.53294722  
16_0_0     0.42262989  0.41663131  0.40477984  0.44092681  0.52597599  0.55426894  0.47247787  0.49873757  0.47247787  0.12898328  0.12496394  0.12898328  0.12496394  0.10519226  0.10519226  0.00000000  0.11699098  0.49873757  0.49208366  0.49873757  
9_0_0      0.41068155  0.38163830  0.39311749  0.41663131  0.53294722  0.55426894  0.49873757  0.51222990  0.47247787  0.14117564  0.12898328  0.12496394  0.12096659  0.14117564  0.12898328  0.11699098  0.00000000  0.49873757  0.49208366  0.51907063  
1_0_0      0.50545260  0.53294722  0.50545260  0.49873757  0.45969355  0.44712900  0.49208366  0.46605776  0.45338428  0.47247787  0.46605776  0.47247787  0.55426894  0.52597599  0.51222990  0.49873757  0.49873757  0.00000000  0.01364000  0.17902270  
2_0_0      0.49208366  0.51907063  0.49208366  0.47895488  0.43477680  0.42262989  0.46605776  0.44092681  0.44092681  0.47247787  0.46605776  0.47247787  0.54709237  0.50545260  0.50545260  0.49208366  0.49208366  0.01364000  0.00000000  0.19208679  
3_0_0      0.45338428  0.45969355  0.44712900  0.42867811  0.53998557  0.53998557  0.54709237  0.51907063  0.50545260  0.50545260  0.49208366  0.49873757  0.57623140  0.56151668  0.53294722  0.49873757  0.51907063  0.17902270  0.19208679  0.00000000  

