169
21_27_0    0.00000000  0.15700337  0.48694341  0.46690300  0.45708413  0.45708413  0.44739476  0.45708413  0.48694341  0.49717240  0.49717240  0.44739476  0.48694341  0.34847941  0.34011398  0.45708413  0.40986674  0.49717240  0.43783152  0.43783152  0.45708413  0.46690300  0.48694341  0.40077679  0.40077679  0.47685487  0.46690300  0.46690300  0.42839116  0.41907056  0.40986674  0.41907056  0.46690300  0.48694341  0.45708413  0.45708413  0.48694341  0.45708413  0.49717240  0.51806783  0.53957499  0.58457556  0.58457556  0.42839116  0.41907056  0.48694341  0.46690300  0.49717240  0.46690300  0.47685487  0.45708413  0.44739476  0.49717240  0.50754583  0.43783152  0.43783152  0.47685487  0.48694341  0.47685487  0.48694341  0.48694341  0.43783152  0.42839116  0.48694341  0.48694341  0.42839116  0.44739476  0.44739476  0.47685487  0.47685487  0.46690300  0.48694341  0.51806783  0.49717240  0.47685487  0.44739476  0.46690300  0.41907056  0.42839116  0.43783152  0.46690300  0.42839116  0.41907056  0.41907056  0.45708413  0.50754583  0.50754583  0.42839116  0.45708413  0.49717240  0.49717240  0.49717240  0.50754583  0.50754583  0.53957499  0.53957499  0.53957499  0.59626997  0.50754583  0.49717240  0.50754583  0.50754583  0.41907056  0.40986674  0.44739476  0.41907056  0.47685487  0.31557446  0.53957499  0.50754583  0.59626997  0.63251337  0.62023250  0.59626997  0.59626997  0.62023250  0.60815354  0.62023250  0.62023250  0.60815354  0.58457556  0.64500301  0.63251337  0.63251337  0.50754583  0.58457556  0.57306438  0.58457556  0.47685487  0.55056937  0.53957499  0.51806783  0.50754583  0.52874271  0.52874271  0.52874271  0.50754583  0.55056937  0.56173078  0.59626997  0.60815354  0.57306438  0.52874271  0.64500301  0.53957499  0.52874271  0.60815354  0.57306438  0.53957499  0.53957499  0.50754583  0.53957499  0.53957499  0.50754583  0.62023250  0.58457556  0.58457556  0.56173078  0.53957499  0.50754583  0.53957499  0.51806783  0.50754583  0.60815354  0.60815354  0.58457556  0.57306438  0.58457556  0.60815354  
21_26_0    0.15700337  0.00000000  0.46690300  0.44739476  0.43783152  0.41907056  0.42839116  0.43783152  0.50754583  0.53957499  0.53957499  0.40986674  0.41907056  0.33184273  0.34011398  0.40077679  0.41907056  0.46690300  0.46690300  0.41907056  0.48694341  0.40986674  0.48694341  0.40077679  0.41907056  0.52874271  0.48694341  0.48694341  0.40986674  0.40986674  0.41907056  0.40986674  0.43783152  0.45708413  0.44739476  0.44739476  0.45708413  0.44739476  0.45708413  0.46690300  0.45708413  0.49717240  0.49717240  0.41907056  0.42839116  0.46690300  0.48694341  0.51806783  0.48694341  0.44739476  0.44739476  0.43783152  0.46690300  0.51806783  0.42839116  0.40986674  0.50754583  0.49717240  0.48694341  0.52874271  0.52874271  0.45708413  0.44739476  0.49717240  0.49717240  0.46690300  0.41907056  0.41907056  0.48694341  0.48694341  0.45708413  0.55056937  0.53957499  0.52874271  0.52874271  0.48694341  0.49717240  0.48694341  0.43783152  0.44739476  0.47685487  0.45708413  0.42839116  0.45708413  0.45708413  0.43783152  0.43783152  0.40986674  0.41907056  0.52874271  0.55056937  0.55056937  0.56173078  0.56173078  0.50754583  0.52874271  0.52874271  0.58457556  0.50754583  0.49717240  0.55056937  0.53957499  0.40077679  0.43783152  0.48694341  0.45708413  0.43783152  0.39179793  0.53957499  0.52874271  0.55056937  0.58457556  0.57306438  0.55056937  0.55056937  0.63251337  0.58457556  0.65770866  0.65770866  0.67063792  0.64500301  0.56173078  0.55056937  0.63251337  0.47685487  0.62023250  0.58457556  0.57306438  0.55056937  0.59626997  0.58457556  0.55056937  0.55056937  0.55056937  0.55056937  0.55056937  0.52874271  0.58457556  0.57306438  0.60815354  0.62023250  0.60815354  0.59626997  0.71084964  0.55056937  0.55056937  0.63251337  0.62023250  0.59626997  0.59626997  0.53957499  0.62023250  0.62023250  0.60815354  0.65770866  0.62023250  0.55056937  0.57306438  0.50754583  0.51806783  0.52874271  0.57306438  0.56173078  0.65770866  0.65770866  0.62023250  0.60815354  0.62023250  0.62023250  
35_2_0     0.48694341  0.46690300  0.00000000  0.03210498  0.11296879  0.11296879  0.11910014  0.11910014  0.16351514  0.17671444  0.17671444  0.23923428  0.26131516  0.19015521  0.21078898  0.26131516  0.26131516  0.48694341  0.47685487  0.43783152  0.46690300  0.44739476  0.45708413  0.33184273  0.36550156  0.39179793  0.42839116  0.42839116  0.29182817  0.30757345  0.30757345  0.36550156  0.31557446  0.29965863  0.36550156  0.34847941  0.30757345  0.29182817  0.30757345  0.31557446  0.35694119  0.38292748  0.38292748  0.32366357  0.31557446  0.36550156  0.36550156  0.40077679  0.43783152  0.42839116  0.45708413  0.44739476  0.46690300  0.52874271  0.48694341  0.46690300  0.46690300  0.47685487  0.44739476  0.43783152  0.43783152  0.34847941  0.34011398  0.35694119  0.35694119  0.37416286  0.35694119  0.35694119  0.40077679  0.40077679  0.40986674  0.39179793  0.38292748  0.38292748  0.37416286  0.42839116  0.42839116  0.34847941  0.32366357  0.36550156  0.41907056  0.35694119  0.38292748  0.35694119  0.35694119  0.45708413  0.41907056  0.41907056  0.40986674  0.39179793  0.37416286  0.37416286  0.36550156  0.36550156  0.44739476  0.42839116  0.42839116  0.41907056  0.43783152  0.43783152  0.43783152  0.42839116  0.37416286  0.39179793  0.38292748  0.39179793  0.41907056  0.35694119  0.59626997  0.53957499  0.62023250  0.63251337  0.64500301  0.62023250  0.62023250  0.56173078  0.55056937  0.57306438  0.57306438  0.52874271  0.55056937  0.63251337  0.59626997  0.60815354  0.55056937  0.56173078  0.58457556  0.60815354  0.50754583  0.59626997  0.58457556  0.53957499  0.58457556  0.55056937  0.57306438  0.57306438  0.55056937  0.55056937  0.53957499  0.59626997  0.58457556  0.52874271  0.59626997  0.58457556  0.55056937  0.58457556  0.56173078  0.56173078  0.75339037  0.67063792  0.71084964  0.57306438  0.57306438  0.56173078  0.57306438  0.65770866  0.64500301  0.62023250  0.58457556  0.68379879  0.67063792  0.65770866  0.63251337  0.64500301  0.64500301  0.65770866  0.63251337  0.65770866  0.68379879  
29_2_0     0.46690300  0.44739476  0.03210498  0.00000000  0.11296879  0.11296879  0.11910014  0.10688817  0.15054881  0.17671444  0.17671444  0.21078898  0.23201904  0.16351514  0.18340409  0.26131516  0.24652108  0.48694341  0.47685487  0.44739476  0.46690300  0.44739476  0.45708413  0.32366357  0.35694119  0.36550156  0.40077679  0.40077679  0.31557446  0.31557446  0.31557446  0.35694119  0.32366357  0.32366357  0.37416286  0.35694119  0.31557446  0.29965863  0.31557446  0.32366357  0.36550156  0.39179793  0.39179793  0.34847941  0.34011398  0.39179793  0.37416286  0.40077679  0.43783152  0.44739476  0.47685487  0.46690300  0.48694341  0.55056937  0.50754583  0.48694341  0.44739476  0.45708413  0.44739476  0.43783152  0.43783152  0.36550156  0.35694119  0.37416286  0.37416286  0.39179793  0.37416286  0.37416286  0.41907056  0.41907056  0.40986674  0.40986674  0.40077679  0.38292748  0.37416286  0.40986674  0.40986674  0.36550156  0.34011398  0.38292748  0.41907056  0.35694119  0.38292748  0.37416286  0.35694119  0.47685487  0.43783152  0.40077679  0.39179793  0.37416286  0.35694119  0.35694119  0.36550156  0.36550156  0.40986674  0.39179793  0.39179793  0.40077679  0.40077679  0.40077679  0.40077679  0.39179793  0.34011398  0.35694119  0.36550156  0.37416286  0.38292748  0.35694119  0.62023250  0.56173078  0.64500301  0.65770866  0.67063792  0.64500301  0.64500301  0.56173078  0.55056937  0.59626997  0.59626997  0.55056937  0.57306438  0.63251337  0.59626997  0.63251337  0.55056937  0.58457556  0.62023250  0.63251337  0.50754583  0.59626997  0.58457556  0.51806783  0.56173078  0.52874271  0.55056937  0.55056937  0.55056937  0.55056937  0.53957499  0.62023250  0.60815354  0.52874271  0.59626997  0.62023250  0.52874271  0.56173078  0.60815354  0.60815354  0.72475798  0.64500301  0.65770866  0.57306438  0.57306438  0.56173078  0.58457556  0.65770866  0.64500301  0.64500301  0.58457556  0.71084964  0.69719972  0.68379879  0.65770866  0.67063792  0.67063792  0.68379879  0.65770866  0.68379879  0.71084964  
29_15_0    0.45708413  0.43783152  0.11296879  0.11296879  0.00000000  0.01054654  0.02665578  0.03210498  0.11910014  0.13151854  0.13151854  0.19696895  0.21779772  0.19696895  0.21779772  0.23201904  0.23923428  0.46690300  0.48694341  0.43783152  0.47685487  0.44739476  0.45708413  0.39179793  0.40986674  0.41907056  0.44739476  0.44739476  0.29965863  0.33184273  0.33184273  0.39179793  0.37416286  0.35694119  0.37416286  0.38292748  0.35694119  0.32366357  0.33184273  0.34011398  0.39179793  0.37416286  0.37416286  0.34011398  0.33184273  0.39179793  0.39179793  0.39179793  0.40077679  0.42839116  0.48694341  0.48694341  0.47685487  0.53957499  0.50754583  0.49717240  0.46690300  0.47685487  0.44739476  0.41907056  0.41907056  0.34011398  0.34011398  0.34847941  0.34847941  0.38292748  0.36550156  0.36550156  0.41907056  0.41907056  0.42839116  0.39179793  0.38292748  0.41907056  0.40986674  0.43783152  0.43783152  0.31557446  0.32366357  0.35694119  0.40986674  0.35694119  0.38292748  0.34847941  0.34847941  0.42839116  0.42839116  0.42839116  0.41907056  0.39179793  0.40077679  0.40077679  0.40986674  0.40986674  0.40077679  0.40077679  0.40077679  0.40986674  0.40986674  0.41907056  0.40986674  0.40077679  0.40077679  0.43783152  0.40986674  0.40077679  0.41907056  0.38292748  0.62023250  0.60815354  0.65770866  0.67063792  0.65770866  0.63251337  0.63251337  0.53957499  0.52874271  0.65770866  0.65770866  0.63251337  0.59626997  0.67063792  0.65770866  0.56173078  0.55056937  0.58457556  0.60815354  0.60815354  0.56173078  0.62023250  0.60815354  0.59626997  0.59626997  0.58457556  0.60815354  0.60815354  0.52874271  0.52874271  0.53957499  0.56173078  0.57306438  0.50754583  0.56173078  0.58457556  0.53957499  0.55056937  0.62023250  0.64500301  0.63251337  0.58457556  0.62023250  0.55056937  0.55056937  0.53957499  0.57306438  0.63251337  0.62023250  0.64500301  0.60815354  0.69719972  0.68379879  0.65770866  0.63251337  0.67063792  0.67063792  0.64500301  0.62023250  0.64500301  0.67063792  
35_15_0    0.45708413  0.41907056  0.11296879  0.11296879  0.01054654  0.00000000  0.01587714  0.02124669  0.10688817  0.11910014  0.11910014  0.21078898  0.21779772  0.19696895  0.20384647  0.21779772  0.22487397  0.48694341  0.50754583  0.45708413  0.49717240  0.46690300  0.47685487  0.37416286  0.39179793  0.40077679  0.43783152  0.43783152  0.29965863  0.33184273  0.33184273  0.39179793  0.35694119  0.34011398  0.35694119  0.36550156  0.34011398  0.32366357  0.34011398  0.34847941  0.38292748  0.36550156  0.36550156  0.32366357  0.31557446  0.37416286  0.37416286  0.37416286  0.38292748  0.40986674  0.46690300  0.46690300  0.45708413  0.51806783  0.48694341  0.47685487  0.46690300  0.47685487  0.44739476  0.41907056  0.41907056  0.34011398  0.34011398  0.34847941  0.34847941  0.38292748  0.34847941  0.34847941  0.40077679  0.40077679  0.40986674  0.37416286  0.36550156  0.40077679  0.39179793  0.41907056  0.41907056  0.31557446  0.30757345  0.35694119  0.40986674  0.35694119  0.38292748  0.34847941  0.36550156  0.40986674  0.40986674  0.40986674  0.40077679  0.39179793  0.40077679  0.40077679  0.40986674  0.40986674  0.38292748  0.40077679  0.40077679  0.39179793  0.39179793  0.40077679  0.39179793  0.38292748  0.40077679  0.43783152  0.40986674  0.40077679  0.41907056  0.36550156  0.59626997  0.58457556  0.63251337  0.64500301  0.63251337  0.60815354  0.60815354  0.53957499  0.52874271  0.68379879  0.68379879  0.63251337  0.62023250  0.64500301  0.63251337  0.58457556  0.52874271  0.58457556  0.58457556  0.58457556  0.56173078  0.59626997  0.58457556  0.57306438  0.57306438  0.56173078  0.58457556  0.58457556  0.50754583  0.50754583  0.51806783  0.53957499  0.55056937  0.48694341  0.53957499  0.56173078  0.51806783  0.55056937  0.59626997  0.62023250  0.63251337  0.60815354  0.62023250  0.55056937  0.55056937  0.53957499  0.57306438  0.63251337  0.59626997  0.62023250  0.58457556  0.69719972  0.68379879  0.65770866  0.63251337  0.67063792  0.67063792  0.62023250  0.59626997  0.62023250  0.64500301  
35_14_0    0.44739476  0.42839116  0.11910014  0.11910014  0.02665578  0.01587714  0.00000000  0.02665578  0.10085747  0.11296879  0.11296879  0.21779772  0.22487397  0.20384647  0.21078898  0.22487397  0.21779772  0.47685487  0.51806783  0.44739476  0.50754583  0.45708413  0.48694341  0.36550156  0.38292748  0.39179793  0.42839116  0.42839116  0.27641327  0.32366357  0.32366357  0.38292748  0.36550156  0.34847941  0.34847941  0.35694119  0.33184273  0.31557446  0.33184273  0.34011398  0.37416286  0.37416286  0.37416286  0.33184273  0.32366357  0.38292748  0.38292748  0.34847941  0.35694119  0.38292748  0.43783152  0.43783152  0.42839116  0.50754583  0.45708413  0.44739476  0.45708413  0.46690300  0.43783152  0.40986674  0.40986674  0.34847941  0.34847941  0.34011398  0.34011398  0.37416286  0.34011398  0.34011398  0.40986674  0.40986674  0.41907056  0.38292748  0.37416286  0.39179793  0.38292748  0.39179793  0.39179793  0.32366357  0.31557446  0.36550156  0.41907056  0.36550156  0.37416286  0.35694119  0.37416286  0.41907056  0.43783152  0.41907056  0.42839116  0.38292748  0.39179793  0.39179793  0.40077679  0.40077679  0.35694119  0.37416286  0.37416286  0.36550156  0.40077679  0.40986674  0.36550156  0.36550156  0.37416286  0.42839116  0.38292748  0.37416286  0.39179793  0.34011398  0.56173078  0.55056937  0.59626997  0.60815354  0.59626997  0.57306438  0.57306438  0.51806783  0.49717240  0.64500301  0.64500301  0.59626997  0.58457556  0.60815354  0.59626997  0.57306438  0.49717240  0.55056937  0.58457556  0.55056937  0.52874271  0.58457556  0.57306438  0.53957499  0.53957499  0.52874271  0.55056937  0.55056937  0.49717240  0.49717240  0.50754583  0.57306438  0.56173078  0.45708413  0.55056937  0.55056937  0.48694341  0.57306438  0.58457556  0.58457556  0.59626997  0.57306438  0.58457556  0.51806783  0.51806783  0.50754583  0.56173078  0.62023250  0.58457556  0.58457556  0.55056937  0.68379879  0.67063792  0.62023250  0.59626997  0.63251337  0.63251337  0.58457556  0.56173078  0.58457556  0.63251337  
29_14_0    0.45708413  0.43783152  0.11910014  0.10688817  0.03210498  0.02124669  0.02665578  0.00000000  0.10688817  0.11910014  0.11910014  0.21078898  0.21779772  0.18340409  0.19015521  0.23201904  0.23923428  0.50754583  0.52874271  0.47685487  0.49717240  0.48694341  0.49717240  0.38292748  0.40077679  0.40986674  0.44739476  0.44739476  0.31557446  0.33184273  0.33184273  0.39179793  0.37416286  0.35694119  0.37416286  0.38292748  0.35694119  0.34011398  0.35694119  0.36550156  0.40077679  0.40077679  0.40077679  0.34011398  0.33184273  0.40986674  0.40986674  0.39179793  0.38292748  0.39179793  0.44739476  0.44739476  0.43783152  0.49717240  0.46690300  0.45708413  0.42839116  0.43783152  0.42839116  0.40077679  0.40077679  0.34011398  0.34011398  0.34847941  0.34847941  0.38292748  0.34847941  0.34847941  0.40077679  0.40077679  0.40986674  0.37416286  0.36550156  0.39179793  0.38292748  0.41907056  0.41907056  0.34847941  0.34011398  0.39179793  0.42839116  0.39179793  0.41907056  0.38292748  0.40077679  0.42839116  0.42839116  0.40986674  0.40077679  0.35694119  0.38292748  0.38292748  0.39179793  0.39179793  0.38292748  0.38292748  0.38292748  0.37416286  0.37416286  0.38292748  0.37416286  0.36550156  0.36550156  0.40077679  0.37416286  0.36550156  0.38292748  0.36550156  0.59626997  0.58457556  0.63251337  0.64500301  0.63251337  0.60815354  0.60815354  0.56173078  0.52874271  0.65770866  0.65770866  0.60815354  0.62023250  0.62023250  0.60815354  0.58457556  0.52874271  0.60815354  0.60815354  0.60815354  0.53957499  0.57306438  0.56173078  0.55056937  0.55056937  0.53957499  0.56173078  0.56173078  0.50754583  0.48694341  0.49717240  0.51806783  0.50754583  0.46690300  0.53957499  0.56173078  0.47685487  0.55056937  0.57306438  0.59626997  0.58457556  0.56173078  0.59626997  0.52874271  0.52874271  0.51806783  0.53957499  0.60815354  0.57306438  0.62023250  0.58457556  0.69719972  0.68379879  0.68379879  0.65770866  0.69719972  0.69719972  0.62023250  0.59626997  0.62023250  0.64500301  
39_14_0    0.48694341  0.50754583  0.16351514  0.15054881  0.11910014  0.10688817  0.10085747  0.10688817  0.00000000  0.03210498  0.03210498  0.28408029  0.31557446  0.26882543  0.26131516  0.29182817  0.23923428  0.55056937  0.53957499  0.50754583  0.53957499  0.50754583  0.48694341  0.44739476  0.44739476  0.43783152  0.47685487  0.47685487  0.36550156  0.38292748  0.38292748  0.40986674  0.41907056  0.43783152  0.42839116  0.43783152  0.40986674  0.39179793  0.39179793  0.40077679  0.40986674  0.42839116  0.42839116  0.42839116  0.41907056  0.50754583  0.47685487  0.41907056  0.41907056  0.44739476  0.46690300  0.46690300  0.46690300  0.51806783  0.50754583  0.50754583  0.47685487  0.48694341  0.47685487  0.46690300  0.46690300  0.36550156  0.36550156  0.35694119  0.35694119  0.34847941  0.31557446  0.31557446  0.42839116  0.42839116  0.44739476  0.39179793  0.40077679  0.41907056  0.40986674  0.36550156  0.36550156  0.36550156  0.32366357  0.37416286  0.42839116  0.34847941  0.37416286  0.38292748  0.36550156  0.41907056  0.40986674  0.35694119  0.38292748  0.42839116  0.43783152  0.43783152  0.44739476  0.44739476  0.38292748  0.40077679  0.40077679  0.40986674  0.42839116  0.41907056  0.37416286  0.37416286  0.41907056  0.43783152  0.44739476  0.42839116  0.43783152  0.35694119  0.69719972  0.65770866  0.64500301  0.68379879  0.67063792  0.64500301  0.64500301  0.55056937  0.57306438  0.65770866  0.65770866  0.60815354  0.62023250  0.63251337  0.60815354  0.62023250  0.56173078  0.62023250  0.58457556  0.57306438  0.50754583  0.53957499  0.55056937  0.50754583  0.56173078  0.52874271  0.52874271  0.52874271  0.51806783  0.53957499  0.52874271  0.59626997  0.58457556  0.49717240  0.58457556  0.56173078  0.57306438  0.63251337  0.55056937  0.57306438  0.62023250  0.58457556  0.57306438  0.50754583  0.50754583  0.51806783  0.59626997  0.64500301  0.62023250  0.68379879  0.62023250  0.75339037  0.73893470  0.68379879  0.65770866  0.67063792  0.67063792  0.67063792  0.64500301  0.67063792  0.72475798  
14_14_0    0.49717240  0.53957499  0.17671444  0.17671444  0.13151854  0.11910014  0.11296879  0.11910014  0.03210498  0.00000000  0.00000000  0.30757345  0.33184273  0.29965863  0.27641327  0.29182817  0.22487397  0.53957499  0.52874271  0.51806783  0.52874271  0.51806783  0.49717240  0.44739476  0.44739476  0.43783152  0.47685487  0.47685487  0.34847941  0.37416286  0.37416286  0.41907056  0.41907056  0.41907056  0.40986674  0.41907056  0.39179793  0.37416286  0.40986674  0.41907056  0.40986674  0.42839116  0.42839116  0.39179793  0.38292748  0.46690300  0.43783152  0.40986674  0.40986674  0.44739476  0.44739476  0.44739476  0.44739476  0.49717240  0.48694341  0.48694341  0.44739476  0.45708413  0.46690300  0.45708413  0.45708413  0.33184273  0.33184273  0.32366357  0.32366357  0.33184273  0.29965863  0.29965863  0.40986674  0.40986674  0.41907056  0.36550156  0.37416286  0.40986674  0.40077679  0.34847941  0.34847941  0.36550156  0.32366357  0.38292748  0.43783152  0.37416286  0.40077679  0.39179793  0.39179793  0.40077679  0.39179793  0.34011398  0.36550156  0.39179793  0.40077679  0.40077679  0.40986674  0.40986674  0.36550156  0.38292748  0.38292748  0.39179793  0.40986674  0.40077679  0.35694119  0.35694119  0.42839116  0.44739476  0.43783152  0.41907056  0.44739476  0.35694119  0.67063792  0.63251337  0.62023250  0.65770866  0.64500301  0.62023250  0.62023250  0.50754583  0.53957499  0.62023250  0.62023250  0.57306438  0.58457556  0.58457556  0.56173078  0.57306438  0.53957499  0.59626997  0.55056937  0.56173078  0.48694341  0.51806783  0.52874271  0.50754583  0.56173078  0.52874271  0.50754583  0.50754583  0.47685487  0.49717240  0.50754583  0.55056937  0.53957499  0.45708413  0.53957499  0.53957499  0.52874271  0.58457556  0.52874271  0.57306438  0.57306438  0.53957499  0.55056937  0.48694341  0.48694341  0.49717240  0.58457556  0.63251337  0.59626997  0.65770866  0.62023250  0.72475798  0.71084964  0.65770866  0.63251337  0.65770866  0.65770866  0.62023250  0.62023250  0.62023250  0.67063792  
7_14_0     0.49717240  0.53957499  0.17671444  0.17671444  0.13151854  0.11910014  0.11296879  0.11910014  0.03210498  0.00000000  0.00000000  0.30757345  0.33184273  0.29965863  0.27641327  0.29182817  0.22487397  0.53957499  0.52874271  0.51806783  0.52874271  0.51806783  0.49717240  0.44739476  0.44739476  0.43783152  0.47685487  0.47685487  0.34847941  0.37416286  0.37416286  0.41907056  0.41907056  0.41907056  0.40986674  0.41907056  0.39179793  0.37416286  0.40986674  0.41907056  0.40986674  0.42839116  0.42839116  0.39179793  0.38292748  0.46690300  0.43783152  0.40986674  0.40986674  0.44739476  0.44739476  0.44739476  0.44739476  0.49717240  0.48694341  0.48694341  0.44739476  0.45708413  0.46690300  0.45708413  0.45708413  0.33184273  0.33184273  0.32366357  0.32366357  0.33184273  0.29965863  0.29965863  0.40986674  0.40986674  0.41907056  0.36550156  0.37416286  0.40986674  0.40077679  0.34847941  0.34847941  0.36550156  0.32366357  0.38292748  0.43783152  0.37416286  0.40077679  0.39179793  0.39179793  0.40077679  0.39179793  0.34011398  0.36550156  0.39179793  0.40077679  0.40077679  0.40986674  0.40986674  0.36550156  0.38292748  0.38292748  0.39179793  0.40986674  0.40077679  0.35694119  0.35694119  0.42839116  0.44739476  0.43783152  0.41907056  0.44739476  0.35694119  0.67063792  0.63251337  0.62023250  0.65770866  0.64500301  0.62023250  0.62023250  0.50754583  0.53957499  0.62023250  0.62023250  0.57306438  0.58457556  0.58457556  0.56173078  0.57306438  0.53957499  0.59626997  0.55056937  0.56173078  0.48694341  0.51806783  0.52874271  0.50754583  0.56173078  0.52874271  0.50754583  0.50754583  0.47685487  0.49717240  0.50754583  0.55056937  0.53957499  0.45708413  0.53957499  0.53957499  0.52874271  0.58457556  0.52874271  0.57306438  0.57306438  0.53957499  0.55056937  0.48694341  0.48694341  0.49717240  0.58457556  0.63251337  0.59626997  0.65770866  0.62023250  0.72475798  0.71084964  0.65770866  0.63251337  0.65770866  0.65770866  0.62023250  0.62023250  0.62023250  0.67063792  
31_2_0     0.44739476  0.40986674  0.23923428  0.21078898  0.19696895  0.21078898  0.21779772  0.21078898  0.28408029  0.30757345  0.30757345  0.00000000  0.04869938  0.10085747  0.10688817  0.20384647  0.17671444  0.45708413  0.43783152  0.44739476  0.46690300  0.44739476  0.41907056  0.40986674  0.42839116  0.43783152  0.44739476  0.44739476  0.34847941  0.34011398  0.34011398  0.36550156  0.37416286  0.39179793  0.42839116  0.43783152  0.40986674  0.42839116  0.35694119  0.37416286  0.40986674  0.39179793  0.39179793  0.39179793  0.40077679  0.39179793  0.40986674  0.40986674  0.45708413  0.46690300  0.51806783  0.46690300  0.51806783  0.56173078  0.52874271  0.46690300  0.46690300  0.47685487  0.48694341  0.47685487  0.47685487  0.42839116  0.41907056  0.40077679  0.40077679  0.37416286  0.36550156  0.36550156  0.44739476  0.44739476  0.42839116  0.40986674  0.40077679  0.40986674  0.40077679  0.38292748  0.39179793  0.37416286  0.38292748  0.39179793  0.42839116  0.35694119  0.36550156  0.39179793  0.37416286  0.42839116  0.43783152  0.40986674  0.40077679  0.41907056  0.38292748  0.38292748  0.39179793  0.39179793  0.42839116  0.41907056  0.41907056  0.42839116  0.45708413  0.42839116  0.42839116  0.43783152  0.35694119  0.33184273  0.40077679  0.38292748  0.42839116  0.37416286  0.55056937  0.52874271  0.59626997  0.63251337  0.62023250  0.59626997  0.59626997  0.55056937  0.45708413  0.51806783  0.51806783  0.51806783  0.48694341  0.62023250  0.60815354  0.55056937  0.50754583  0.63251337  0.64500301  0.64500301  0.59626997  0.58457556  0.57306438  0.56173078  0.55056937  0.55056937  0.57306438  0.57306438  0.53957499  0.57306438  0.60815354  0.63251337  0.62023250  0.57306438  0.67063792  0.63251337  0.56173078  0.55056937  0.71084964  0.71084964  0.65770866  0.63251337  0.64500301  0.60815354  0.60815354  0.57306438  0.59626997  0.56173078  0.62023250  0.63251337  0.57306438  0.67063792  0.68379879  0.68379879  0.65770866  0.63251337  0.63251337  0.68379879  0.65770866  0.68379879  0.71084964  
5_2_0      0.48694341  0.41907056  0.26131516  0.23201904  0.21779772  0.21779772  0.22487397  0.21779772  0.31557446  0.33184273  0.33184273  0.04869938  0.00000000  0.11296879  0.11910014  0.22487397  0.21078898  0.49717240  0.47685487  0.48694341  0.50754583  0.48694341  0.45708413  0.41907056  0.43783152  0.44739476  0.46690300  0.46690300  0.35694119  0.34847941  0.34847941  0.37416286  0.36550156  0.37416286  0.44739476  0.45708413  0.42839116  0.46690300  0.36550156  0.38292748  0.40077679  0.38292748  0.38292748  0.40077679  0.40986674  0.36550156  0.38292748  0.45708413  0.52874271  0.45708413  0.55056937  0.49717240  0.50754583  0.57306438  0.53957499  0.49717240  0.56173078  0.55056937  0.56173078  0.55056937  0.55056937  0.44739476  0.43783152  0.42839116  0.42839116  0.41907056  0.40986674  0.40986674  0.49717240  0.49717240  0.45708413  0.45708413  0.44739476  0.45708413  0.44739476  0.40986674  0.41907056  0.42839116  0.41907056  0.46690300  0.50754583  0.42839116  0.43783152  0.46690300  0.44739476  0.45708413  0.46690300  0.43783152  0.44739476  0.42839116  0.40986674  0.40986674  0.41907056  0.41907056  0.41907056  0.42839116  0.42839116  0.41907056  0.48694341  0.45708413  0.44739476  0.46690300  0.40077679  0.39179793  0.44739476  0.40986674  0.45708413  0.41907056  0.52874271  0.55056937  0.62023250  0.63251337  0.62023250  0.59626997  0.59626997  0.59626997  0.48694341  0.59626997  0.59626997  0.57306438  0.56173078  0.63251337  0.62023250  0.56173078  0.51806783  0.69719972  0.63251337  0.63251337  0.65770866  0.62023250  0.60815354  0.59626997  0.58457556  0.58457556  0.60815354  0.60815354  0.59626997  0.60815354  0.60815354  0.67063792  0.65770866  0.60815354  0.65770866  0.67063792  0.59626997  0.59626997  0.67063792  0.69719972  0.69719972  0.67063792  0.71084964  0.67063792  0.67063792  0.63251337  0.65770866  0.62023250  0.63251337  0.64500301  0.58457556  0.71084964  0.72475798  0.69719972  0.69719972  0.69719972  0.69719972  0.62023250  0.62023250  0.64500301  0.64500301  
34_2_0     0.34847941  0.33184273  0.19015521  0.16351514  0.19696895  0.19696895  0.20384647  0.18340409  0.26882543  0.29965863  0.29965863  0.10085747  0.11296879  0.00000000  0.01587714  0.17008515  0.15700337  0.45708413  0.42839116  0.42839116  0.43783152  0.41907056  0.41907056  0.39179793  0.39179793  0.43783152  0.45708413  0.45708413  0.33184273  0.34847941  0.34847941  0.35694119  0.30757345  0.34011398  0.40077679  0.38292748  0.37416286  0.40986674  0.33184273  0.33184273  0.36550156  0.40077679  0.40077679  0.34847941  0.34011398  0.38292748  0.38292748  0.40986674  0.43783152  0.38292748  0.42839116  0.41907056  0.45708413  0.46690300  0.45708413  0.40077679  0.44739476  0.45708413  0.44739476  0.43783152  0.43783152  0.39179793  0.40077679  0.36550156  0.36550156  0.33184273  0.33184273  0.33184273  0.42839116  0.42839116  0.39179793  0.39179793  0.36550156  0.34847941  0.34011398  0.40077679  0.40077679  0.34847941  0.32366357  0.36550156  0.40077679  0.34011398  0.34847941  0.36550156  0.34847941  0.42839116  0.42839116  0.38292748  0.39179793  0.35694119  0.34011398  0.34011398  0.34847941  0.34847941  0.40986674  0.37416286  0.37416286  0.40077679  0.39179793  0.36550156  0.36550156  0.37416286  0.31557446  0.30757345  0.34011398  0.30757345  0.34847941  0.33184273  0.51806783  0.46690300  0.56173078  0.59626997  0.58457556  0.56173078  0.56173078  0.55056937  0.47685487  0.55056937  0.55056937  0.50754583  0.52874271  0.62023250  0.58457556  0.55056937  0.47685487  0.60815354  0.58457556  0.60815354  0.53957499  0.52874271  0.51806783  0.50754583  0.52874271  0.51806783  0.53957499  0.53957499  0.55056937  0.57306438  0.58457556  0.60815354  0.59626997  0.57306438  0.58457556  0.60815354  0.48694341  0.55056937  0.58457556  0.58457556  0.60815354  0.56173078  0.57306438  0.53957499  0.53957499  0.52874271  0.55056937  0.53957499  0.55056937  0.56173078  0.50754583  0.58457556  0.59626997  0.60815354  0.58457556  0.63251337  0.63251337  0.58457556  0.56173078  0.58457556  0.60815354  
41_2_0     0.34011398  0.34011398  0.21078898  0.18340409  0.21779772  0.20384647  0.21078898  0.19015521  0.26131516  0.27641327  0.27641327  0.10688817  0.11910014  0.01587714  0.00000000  0.16351514  0.13780735  0.46690300  0.43783152  0.43783152  0.44739476  0.44739476  0.42839116  0.38292748  0.38292748  0.40986674  0.42839116  0.42839116  0.34011398  0.34011398  0.34011398  0.34847941  0.28408029  0.33184273  0.39179793  0.37416286  0.36550156  0.40077679  0.34847941  0.34847941  0.38292748  0.41907056  0.41907056  0.34011398  0.33184273  0.37416286  0.35694119  0.41907056  0.44739476  0.37416286  0.41907056  0.40986674  0.44739476  0.45708413  0.44739476  0.39179793  0.41907056  0.42839116  0.43783152  0.42839116  0.42839116  0.38292748  0.39179793  0.35694119  0.35694119  0.32366357  0.32366357  0.32366357  0.40077679  0.40077679  0.36550156  0.36550156  0.35694119  0.32366357  0.31557446  0.37416286  0.37416286  0.32366357  0.29965863  0.34011398  0.37416286  0.31557446  0.32366357  0.34011398  0.34011398  0.41907056  0.41907056  0.35694119  0.36550156  0.34847941  0.33184273  0.33184273  0.34011398  0.34011398  0.38292748  0.36550156  0.36550156  0.37416286  0.36550156  0.34011398  0.34011398  0.34847941  0.30757345  0.29965863  0.33184273  0.29965863  0.34011398  0.32366357  0.50754583  0.45708413  0.55056937  0.58457556  0.57306438  0.55056937  0.55056937  0.51806783  0.48694341  0.56173078  0.56173078  0.49717240  0.51806783  0.58457556  0.55056937  0.56173078  0.46690300  0.62023250  0.55056937  0.57306438  0.50754583  0.49717240  0.48694341  0.47685487  0.49717240  0.48694341  0.50754583  0.50754583  0.51806783  0.53957499  0.57306438  0.57306438  0.56173078  0.53957499  0.57306438  0.57306438  0.45708413  0.51806783  0.57306438  0.57306438  0.57306438  0.55056937  0.53957499  0.50754583  0.50754583  0.49717240  0.51806783  0.50754583  0.51806783  0.52874271  0.47685487  0.57306438  0.58457556  0.59626997  0.57306438  0.62023250  0.62023250  0.55056937  0.52874271  0.55056937  0.57306438  
6_2_0      0.45708413  0.40077679  0.26131516  0.26131516  0.23201904  0.21779772  0.22487397  0.23201904  0.29182817  0.29182817  0.29182817  0.20384647  0.22487397  0.17008515  0.16351514  0.00000000  0.07721784  0.48694341  0.47685487  0.48694341  0.47685487  0.46690300  0.46690300  0.49717240  0.47685487  0.48694341  0.50754583  0.50754583  0.40077679  0.40986674  0.40986674  0.40986674  0.36550156  0.39179793  0.45708413  0.45708413  0.40986674  0.42839116  0.38292748  0.36550156  0.45708413  0.43783152  0.43783152  0.36550156  0.37416286  0.42839116  0.40986674  0.47685487  0.47685487  0.43783152  0.47685487  0.46690300  0.46690300  0.49717240  0.47685487  0.40986674  0.49717240  0.50754583  0.51806783  0.49717240  0.49717240  0.42839116  0.41907056  0.40986674  0.40986674  0.35694119  0.35694119  0.35694119  0.41907056  0.41907056  0.38292748  0.38292748  0.35694119  0.40077679  0.39179793  0.39179793  0.39179793  0.39179793  0.38292748  0.40986674  0.45708413  0.40077679  0.40986674  0.40077679  0.42839116  0.46690300  0.42839116  0.41907056  0.41907056  0.39179793  0.37416286  0.37416286  0.38292748  0.38292748  0.38292748  0.38292748  0.38292748  0.37416286  0.38292748  0.39179793  0.39179793  0.38292748  0.39179793  0.39179793  0.42839116  0.40986674  0.41907056  0.38292748  0.51806783  0.49717240  0.53957499  0.55056937  0.53957499  0.51806783  0.51806783  0.58457556  0.48694341  0.59626997  0.59626997  0.55056937  0.57306438  0.53957499  0.50754583  0.56173078  0.41907056  0.58457556  0.57306438  0.62023250  0.55056937  0.51806783  0.52874271  0.55056937  0.52874271  0.51806783  0.53957499  0.53957499  0.50754583  0.51806783  0.55056937  0.57306438  0.56173078  0.47685487  0.59626997  0.62023250  0.51806783  0.58457556  0.60815354  0.64500301  0.59626997  0.57306438  0.53957499  0.50754583  0.50754583  0.51806783  0.50754583  0.57306438  0.53957499  0.51806783  0.46690300  0.52874271  0.51806783  0.56173078  0.53957499  0.59626997  0.59626997  0.58457556  0.58457556  0.58457556  0.60815354  
16_2_0     0.40986674  0.41907056  0.26131516  0.24652108  0.23923428  0.22487397  0.21779772  0.23923428  0.23923428  0.22487397  0.22487397  0.17671444  0.21078898  0.15700337  0.13780735  0.07721784  0.00000000  0.50754583  0.47685487  0.50754583  0.49717240  0.47685487  0.44739476  0.43783152  0.41907056  0.42839116  0.44739476  0.44739476  0.34847941  0.34011398  0.34011398  0.34011398  0.33184273  0.37416286  0.40077679  0.40077679  0.39179793  0.40986674  0.40077679  0.38292748  0.41907056  0.41907056  0.41907056  0.38292748  0.39179793  0.40077679  0.36550156  0.40986674  0.44739476  0.38292748  0.40986674  0.38292748  0.41907056  0.46690300  0.40986674  0.36550156  0.42839116  0.43783152  0.44739476  0.44739476  0.44739476  0.38292748  0.37416286  0.33184273  0.33184273  0.28408029  0.27641327  0.27641327  0.41907056  0.41907056  0.36550156  0.36550156  0.35694119  0.36550156  0.35694119  0.33184273  0.33184273  0.33184273  0.29965863  0.34011398  0.39179793  0.31557446  0.32366357  0.35694119  0.35694119  0.37416286  0.32366357  0.29965863  0.32366357  0.34847941  0.31557446  0.31557446  0.32366357  0.32366357  0.32366357  0.32366357  0.32366357  0.33184273  0.35694119  0.33184273  0.31557446  0.31557446  0.34011398  0.32366357  0.35694119  0.37416286  0.36550156  0.30757345  0.50754583  0.45708413  0.50754583  0.53957499  0.52874271  0.50754583  0.50754583  0.48694341  0.44739476  0.50754583  0.50754583  0.46690300  0.48694341  0.53957499  0.50754583  0.53957499  0.45708413  0.52874271  0.55056937  0.57306438  0.46690300  0.49717240  0.50754583  0.50754583  0.50754583  0.49717240  0.47685487  0.47685487  0.46690300  0.51806783  0.52874271  0.52874271  0.51806783  0.49717240  0.55056937  0.51806783  0.48694341  0.52874271  0.55056937  0.57306438  0.52874271  0.50754583  0.47685487  0.48694341  0.48694341  0.45708413  0.49717240  0.53957499  0.52874271  0.51806783  0.46690300  0.52874271  0.51806783  0.53957499  0.51806783  0.52874271  0.52874271  0.51806783  0.51806783  0.51806783  0.56173078  
17_0_0     0.49717240  0.46690300  0.48694341  0.48694341  0.46690300  0.48694341  0.47685487  0.50754583  0.55056937  0.53957499  0.53957499  0.45708413  0.49717240  0.45708413  0.46690300  0.48694341  0.50754583  0.00000000  0.08894258  0.13151854  0.12528310  0.10688817  0.13780735  0.40077679  0.40986674  0.45708413  0.42839116  0.42839116  0.33184273  0.34847941  0.35694119  0.36550156  0.38292748  0.38292748  0.39179793  0.39179793  0.38292748  0.36550156  0.35694119  0.37416286  0.48694341  0.47685487  0.47685487  0.30757345  0.31557446  0.36550156  0.41907056  0.52874271  0.50754583  0.62023250  0.58457556  0.59626997  0.57306438  0.58457556  0.57306438  0.55056937  0.48694341  0.51806783  0.53957499  0.55056937  0.55056937  0.41907056  0.42839116  0.40986674  0.40986674  0.44739476  0.43783152  0.43783152  0.48694341  0.48694341  0.48694341  0.53957499  0.52874271  0.47685487  0.47685487  0.38292748  0.39179793  0.45708413  0.44739476  0.40077679  0.41907056  0.44739476  0.41907056  0.37416286  0.41907056  0.47685487  0.53957499  0.47685487  0.49717240  0.48694341  0.55056937  0.55056937  0.53957499  0.53957499  0.50754583  0.52874271  0.52874271  0.58457556  0.57306438  0.57306438  0.58457556  0.58457556  0.44739476  0.49717240  0.47685487  0.47685487  0.45708413  0.49717240  0.47685487  0.49717240  0.51806783  0.52874271  0.51806783  0.51806783  0.51806783  0.51806783  0.58457556  0.58457556  0.58457556  0.58457556  0.57306438  0.58457556  0.62023250  0.71084964  0.57306438  0.72475798  0.58457556  0.62023250  0.65770866  0.64500301  0.63251337  0.63251337  0.63251337  0.60815354  0.63251337  0.63251337  0.58457556  0.58457556  0.59626997  0.60815354  0.62023250  0.58457556  0.60815354  0.68379879  0.63251337  0.59626997  0.59626997  0.59626997  0.62023250  0.59626997  0.62023250  0.56173078  0.56173078  0.57306438  0.63251337  0.60815354  0.63251337  0.56173078  0.51806783  0.58457556  0.57306438  0.64500301  0.62023250  0.60815354  0.60815354  0.59626997  0.59626997  0.59626997  0.62023250  
32_0_0     0.43783152  0.46690300  0.47685487  0.47685487  0.48694341  0.50754583  0.51806783  0.52874271  0.53957499  0.52874271  0.52874271  0.43783152  0.47685487  0.42839116  0.43783152  0.47685487  0.47685487  0.08894258  0.00000000  0.08894258  0.08894258  0.07142490  0.07721784  0.34011398  0.33184273  0.40986674  0.38292748  0.38292748  0.32366357  0.28408029  0.29182817  0.29965863  0.34847941  0.31557446  0.37416286  0.35694119  0.39179793  0.36550156  0.37416286  0.39179793  0.42839116  0.41907056  0.41907056  0.29182817  0.29965863  0.31557446  0.36550156  0.48694341  0.48694341  0.58457556  0.55056937  0.53957499  0.58457556  0.48694341  0.51806783  0.51806783  0.45708413  0.48694341  0.52874271  0.56173078  0.56173078  0.46690300  0.45708413  0.45708413  0.45708413  0.40986674  0.43783152  0.43783152  0.43783152  0.43783152  0.43783152  0.50754583  0.49717240  0.44739476  0.44739476  0.41907056  0.43783152  0.40077679  0.40986674  0.40077679  0.41907056  0.42839116  0.41907056  0.37416286  0.40077679  0.47685487  0.47685487  0.45708413  0.51806783  0.48694341  0.50754583  0.50754583  0.49717240  0.49717240  0.52874271  0.52874271  0.52874271  0.56173078  0.52874271  0.50754583  0.53957499  0.56173078  0.42839116  0.43783152  0.47685487  0.47685487  0.45708413  0.43783152  0.44739476  0.44739476  0.52874271  0.51806783  0.52874271  0.52874271  0.52874271  0.49717240  0.53957499  0.48694341  0.48694341  0.48694341  0.48694341  0.57306438  0.60815354  0.65770866  0.55056937  0.64500301  0.50754583  0.55056937  0.60815354  0.53957499  0.55056937  0.58457556  0.56173078  0.58457556  0.60815354  0.60815354  0.56173078  0.56173078  0.55056937  0.53957499  0.55056937  0.56173078  0.55056937  0.60815354  0.60815354  0.56173078  0.59626997  0.59626997  0.57306438  0.55056937  0.57306438  0.51806783  0.51806783  0.55056937  0.60815354  0.53957499  0.60815354  0.47685487  0.45708413  0.51806783  0.52874271  0.57306438  0.55056937  0.57306438  0.57306438  0.52874271  0.52874271  0.52874271  0.55056937  
