6
20_2_0     0.00000000  0.06773130  0.25476464  0.38733801  0.39952704  0.38733801  
20_1_0     0.06773130  0.00000000  0.19637786  0.36354150  0.37534489  0.36354150  
20_0_0     0.25476464  0.19637786  0.00000000  0.32921186  0.34048049  0.32921186  
1_0_0      0.38733801  0.36354150  0.32921186  0.00000000  0.01452903  0.00722915  
3_0_0      0.39952704  0.37534489  0.34048049  0.01452903  0.00000000  0.00722915  
2_0_0      0.38733801  0.36354150  0.32921186  0.00722915  0.00722915  0.00000000  

