20
16_0_0     0.00000000  0.11428546  0.11428546  0.13780998  0.15391557  0.16210069  0.18720919  0.18720919  0.40284501  0.42592963  0.42592963  0.47435961  0.48697493  0.48697493  0.48697493  0.41429802  0.40284501  0.46195413  0.51286430  0.44975161  
13_0_0     0.11428546  0.00000000  0.00000000  0.14581930  0.17037663  0.17874543  0.18720919  0.17874543  0.46195413  0.47435961  0.44975161  0.49980729  0.49980729  0.51286430  0.51286430  0.46195413  0.44975161  0.49980729  0.52615396  0.51286430  
19_0_0     0.11428546  0.00000000  0.00000000  0.14581930  0.17037663  0.17874543  0.18720919  0.17874543  0.46195413  0.47435961  0.44975161  0.49980729  0.49980729  0.51286430  0.51286430  0.46195413  0.44975161  0.49980729  0.52615396  0.51286430  
20_0_0     0.13780998  0.14581930  0.14581930  0.00000000  0.20443042  0.21319248  0.22205869  0.23103157  0.42592963  0.47435961  0.47435961  0.47435961  0.49980729  0.53968472  0.53968472  0.47435961  0.46195413  0.46195413  0.48697493  0.44975161  
17_0_0     0.15391557  0.17037663  0.17037663  0.20443042  0.00000000  0.00665209  0.04786088  0.03387011  0.42592963  0.48697493  0.51286430  0.53968472  0.56750568  0.58181524  0.58181524  0.52615396  0.53968472  0.48697493  0.49980729  0.46195413  
15_0_0     0.16210069  0.17874543  0.17874543  0.21319248  0.00665209  0.00000000  0.05495592  0.04083269  0.41429802  0.49980729  0.52615396  0.55346549  0.58181524  0.59640471  0.59640471  0.53968472  0.55346549  0.49980729  0.48697493  0.47435961  
18_0_0     0.18720919  0.18720919  0.18720919  0.22205869  0.04786088  0.05495592  0.00000000  0.06211911  0.49980729  0.48697493  0.55346549  0.58181524  0.61128527  0.62646876  0.62646876  0.56750568  0.58181524  0.49980729  0.51286430  0.48697493  
14_0_0     0.18720919  0.17874543  0.17874543  0.23103157  0.03387011  0.04083269  0.06211911  0.00000000  0.48697493  0.49980729  0.49980729  0.52615396  0.55346549  0.56750568  0.56750568  0.53968472  0.55346549  0.49980729  0.48697493  0.49980729  
7_0_0      0.40284501  0.46195413  0.46195413  0.42592963  0.42592963  0.41429802  0.49980729  0.48697493  0.00000000  0.22205869  0.32725004  0.26804315  0.30698769  0.31705006  0.31705006  0.30698769  0.31705006  0.24011371  0.20443042  0.18720919  
10_0_0     0.42592963  0.47435961  0.47435961  0.47435961  0.48697493  0.49980729  0.48697493  0.49980729  0.22205869  0.00000000  0.34807825  0.34807825  0.36950484  0.38045347  0.38045347  0.36950484  0.35871461  0.23103157  0.24011371  0.21319248  
5_0_0      0.42592963  0.44975161  0.44975161  0.47435961  0.51286430  0.52615396  0.55346549  0.49980729  0.32725004  0.34807825  0.00000000  0.06211911  0.08403093  0.06211911  0.06211911  0.07665523  0.06935176  0.32725004  0.34807825  0.31705006  
11_0_0     0.47435961  0.49980729  0.49980729  0.47435961  0.53968472  0.55346549  0.58181524  0.52615396  0.26804315  0.34807825  0.06211911  0.00000000  0.03387011  0.07665523  0.07665523  0.09148029  0.09900480  0.32725004  0.32725004  0.31705006  
4_0_0      0.48697493  0.49980729  0.49980729  0.49980729  0.56750568  0.58181524  0.61128527  0.55346549  0.30698769  0.36950484  0.08403093  0.03387011  0.00000000  0.09900480  0.09900480  0.11428546  0.12204482  0.34807825  0.34807825  0.33759144  
12_0_0     0.48697493  0.51286430  0.51286430  0.53968472  0.58181524  0.59640471  0.62646876  0.56750568  0.31705006  0.38045347  0.06211911  0.07665523  0.09900480  0.00000000  0.00000000  0.10660600  0.09900480  0.35871461  0.35871461  0.34807825  
2_0_0      0.48697493  0.51286430  0.51286430  0.53968472  0.58181524  0.59640471  0.62646876  0.56750568  0.31705006  0.38045347  0.06211911  0.07665523  0.09900480  0.00000000  0.00000000  0.10660600  0.09900480  0.35871461  0.35871461  0.34807825  
8_0_0      0.41429802  0.46195413  0.46195413  0.47435961  0.52615396  0.53968472  0.56750568  0.53968472  0.30698769  0.36950484  0.07665523  0.09148029  0.11428546  0.10660600  0.10660600  0.00000000  0.00665209  0.40284501  0.38045347  0.32725004  
1_0_0      0.40284501  0.44975161  0.44975161  0.46195413  0.53968472  0.55346549  0.58181524  0.55346549  0.31705006  0.35871461  0.06935176  0.09900480  0.12204482  0.09900480  0.09900480  0.00665209  0.00000000  0.39156522  0.39156522  0.33759144  
9_0_0      0.46195413  0.49980729  0.49980729  0.46195413  0.48697493  0.49980729  0.49980729  0.49980729  0.24011371  0.23103157  0.32725004  0.32725004  0.34807825  0.35871461  0.35871461  0.40284501  0.39156522  0.00000000  0.13780998  0.06935176  
3_0_0      0.51286430  0.52615396  0.52615396  0.48697493  0.49980729  0.48697493  0.51286430  0.48697493  0.20443042  0.24011371  0.34807825  0.32725004  0.34807825  0.35871461  0.35871461  0.38045347  0.39156522  0.13780998  0.00000000  0.09148029  
6_0_0      0.44975161  0.51286430  0.51286430  0.44975161  0.46195413  0.47435961  0.48697493  0.49980729  0.18720919  0.21319248  0.31705006  0.31705006  0.33759144  0.34807825  0.34807825  0.32725004  0.33759144  0.06935176  0.09148029  0.00000000  

