24
1_0_0      0.00000000  0.39759333  0.38267191  0.43893285  0.42837776  0.31678719  0.32130215  0.31678719  0.32130215  0.38267191  0.36323690  0.32584505  0.30340648  0.31678719  0.33964485  0.42315657  0.42315657  0.41282425  0.35845747  0.37776472  0.37289011  0.33964485  0.35370894  0.36323690  
10_0_0     0.39759333  0.00000000  0.07375863  0.30340648  0.29461957  0.42315657  0.38761210  0.40771210  0.41282425  0.47154010  0.43893285  0.44964187  0.42315657  0.44426784  0.41797224  0.48840325  0.48840325  0.48840325  0.53536182  0.43893285  0.46600402  0.43893285  0.43363634  0.44964187  
79_0_0     0.38267191  0.07375863  0.00000000  0.29026523  0.28163325  0.43363634  0.41797224  0.43363634  0.42837776  0.50566275  0.44426784  0.43363634  0.43363634  0.46050936  0.40771210  0.47154010  0.46050936  0.48273907  0.49411146  0.44426784  0.43893285  0.45505551  0.44426784  0.45505551  
79_1_0     0.43893285  0.30340648  0.29026523  0.00000000  0.01775682  0.47711824  0.43893285  0.43363634  0.43893285  0.52333768  0.47154010  0.47154010  0.44426784  0.46050936  0.46600402  0.47711824  0.48840325  0.48840325  0.48840325  0.44426784  0.45505551  0.46600402  0.47154010  0.49411146  
10_1_0     0.42837776  0.29461957  0.28163325  0.01775682  0.00000000  0.48840325  0.44964187  0.44426784  0.44964187  0.52333768  0.48273907  0.47154010  0.44964187  0.45505551  0.47711824  0.48273907  0.49411146  0.48840325  0.48273907  0.43893285  0.45505551  0.46600402  0.46050936  0.49411146  
74_4_0     0.31678719  0.42315657  0.43363634  0.47711824  0.48840325  0.00000000  0.17406171  0.21600370  0.18151150  0.37776472  0.34899092  0.35370894  0.32130215  0.32584505  0.32584505  0.41797224  0.41282425  0.41282425  0.41282425  0.35370894  0.37289011  0.37776472  0.39258576  0.41282425  
69_0_0     0.32130215  0.38761210  0.41797224  0.43893285  0.44964187  0.17406171  0.00000000  0.17777716  0.18151150  0.36323690  0.38267191  0.37289011  0.32130215  0.30783968  0.34430301  0.40771210  0.39258576  0.36323690  0.38267191  0.36804764  0.37289011  0.40263529  0.39759333  0.40263529  
74_0_0     0.31678719  0.40771210  0.43363634  0.43363634  0.44426784  0.21600370  0.17777716  0.00000000  0.17036496  0.39258576  0.41282425  0.38267191  0.31678719  0.34899092  0.38267191  0.38761210  0.39258576  0.40263529  0.40771210  0.37776472  0.40263529  0.38761210  0.39258576  0.37776472  
47_0_0     0.32130215  0.41282425  0.42837776  0.43893285  0.44964187  0.18151150  0.18151150  0.17036496  0.00000000  0.36804764  0.37289011  0.33501604  0.35370894  0.34430301  0.37289011  0.43363634  0.43893285  0.40263529  0.40771210  0.39258576  0.39258576  0.41282425  0.39759333  0.42315657  
7_0_0      0.38267191  0.47154010  0.50566275  0.52333768  0.52333768  0.37776472  0.36323690  0.39258576  0.36804764  0.00000000  0.13088354  0.15215533  0.19282984  0.24399783  0.38267191  0.47154010  0.45505551  0.44426784  0.41797224  0.39258576  0.40771210  0.38267191  0.40263529  0.38267191  
89_0_0     0.36323690  0.43893285  0.44426784  0.47154010  0.48273907  0.34899092  0.38267191  0.41282425  0.37289011  0.13088354  0.00000000  0.09674507  0.14856696  0.20047349  0.35370894  0.46050936  0.44964187  0.43893285  0.38761210  0.40263529  0.38761210  0.34899092  0.38267191  0.38761210  
3_0_0      0.32584505  0.44964187  0.43363634  0.47154010  0.47154010  0.35370894  0.37289011  0.38267191  0.33501604  0.15215533  0.09674507  0.00000000  0.15215533  0.19282984  0.34430301  0.42315657  0.41282425  0.40263529  0.35370894  0.35845747  0.37289011  0.35370894  0.35845747  0.37289011  
35_0_0     0.30340648  0.42315657  0.43363634  0.44426784  0.44964187  0.32130215  0.32130215  0.31678719  0.35370894  0.19282984  0.14856696  0.15215533  0.00000000  0.13438633  0.28163325  0.37289011  0.37289011  0.39759333  0.35370894  0.36323690  0.35845747  0.33501604  0.35370894  0.34430301  
22_0_0     0.31678719  0.44426784  0.46050936  0.46050936  0.45505551  0.32584505  0.30783968  0.34899092  0.34430301  0.24399783  0.20047349  0.19282984  0.13438633  0.00000000  0.35370894  0.40771210  0.41797224  0.41797224  0.36804764  0.35845747  0.36323690  0.33964485  0.35370894  0.35845747  
26_0_0     0.33964485  0.41797224  0.40771210  0.46600402  0.47711824  0.32584505  0.34430301  0.38267191  0.37289011  0.38267191  0.35370894  0.34430301  0.28163325  0.35370894  0.00000000  0.27310156  0.25632989  0.30783968  0.27735501  0.25219615  0.24399783  0.22389372  0.27735501  0.25219615  
63_0_0     0.42315657  0.48840325  0.47154010  0.47711824  0.48273907  0.41797224  0.40771210  0.38761210  0.43363634  0.47154010  0.46050936  0.42315657  0.37289011  0.40771210  0.27310156  0.00000000  0.02377247  0.18903765  0.19664172  0.21993811  0.20819754  0.23993274  0.25219615  0.23186944  
58_0_0     0.42315657  0.48840325  0.46050936  0.48840325  0.49411146  0.41282425  0.39258576  0.39258576  0.43893285  0.45505551  0.44964187  0.41282425  0.37289011  0.41797224  0.25632989  0.02377247  0.00000000  0.20047349  0.20432536  0.20432536  0.20047349  0.23589002  0.24399783  0.21209025  
88_0_0     0.41282425  0.48840325  0.48273907  0.48840325  0.48840325  0.41282425  0.36323690  0.40263529  0.40263529  0.44426784  0.43893285  0.40263529  0.39759333  0.41797224  0.30783968  0.18903765  0.20047349  0.00000000  0.16668673  0.18526493  0.17777716  0.23589002  0.26466785  0.25219615  
44_0_0     0.35845747  0.53536182  0.49411146  0.48840325  0.48273907  0.41282425  0.38267191  0.40771210  0.40771210  0.41797224  0.38761210  0.35370894  0.35370894  0.36804764  0.27735501  0.19664172  0.20432536  0.16668673  0.00000000  0.17406171  0.14856696  0.21993811  0.26887259  0.26887259  
54_3_0     0.37776472  0.43893285  0.44426784  0.44426784  0.43893285  0.35370894  0.36804764  0.37776472  0.39258576  0.39258576  0.40263529  0.35845747  0.36323690  0.35845747  0.25219615  0.21993811  0.20432536  0.18526493  0.17406171  0.00000000  0.06732110  0.20047349  0.23993274  0.22787075  
54_0_0     0.37289011  0.46600402  0.43893285  0.45505551  0.45505551  0.37289011  0.37289011  0.40263529  0.39258576  0.40771210  0.38761210  0.37289011  0.35845747  0.36323690  0.24399783  0.20819754  0.20047349  0.17777716  0.14856696  0.06732110  0.00000000  0.20432536  0.23993274  0.21993811  
19_0_0     0.33964485  0.43893285  0.45505551  0.46600402  0.46600402  0.37776472  0.40263529  0.38761210  0.41282425  0.38267191  0.34899092  0.35370894  0.33501604  0.33964485  0.22389372  0.23993274  0.23589002  0.23589002  0.21993811  0.20047349  0.20432536  0.00000000  0.11361595  0.10008839  
28_0_0     0.35370894  0.43363634  0.44426784  0.47154010  0.46050936  0.39258576  0.39759333  0.39258576  0.39759333  0.40263529  0.38267191  0.35845747  0.35370894  0.35370894  0.27735501  0.25219615  0.24399783  0.26466785  0.26887259  0.23993274  0.23993274  0.11361595  0.00000000  0.05776939  
92_0_0     0.36323690  0.44964187  0.45505551  0.49411146  0.49411146  0.41282425  0.40263529  0.37776472  0.42315657  0.38267191  0.38761210  0.37289011  0.34430301  0.35845747  0.25219615  0.23186944  0.21209025  0.25219615  0.26887259  0.22787075  0.21993811  0.10008839  0.05776939  0.00000000  

