124
47_0_0     0.00000000  0.40686037  0.32863259  0.32863259  0.32042479  0.36239501  0.36239501  0.70722806  0.69366244  0.66724755  0.62929562  0.76409282  0.74946632  0.62929562  0.66724755  0.65438180  0.65438180  0.66724755  0.82563790  0.84184912  0.70722806  0.73512030  0.73512030  0.72104420  0.70722806  0.74946632  0.74946632  0.70722806  0.76409282  0.76409282  0.77901098  0.77901098  0.82563790  0.73512030  0.77901098  0.69366244  0.69366244  0.77901098  0.77901098  0.80977051  0.80977051  0.79423268  0.80977051  0.87536504  0.85841941  0.85841941  0.85841941  1.00612780  0.80977051  0.80977051  0.87536504  0.79423268  0.80977051  0.79423268  0.79423268  0.82563790  0.84184912  0.80977051  0.92863422  0.94726816  0.94726816  0.94726816  0.94726816  1.04810853  0.84184912  0.80977051  0.76409282  0.91045312  0.84184912  0.77901098  0.79423268  0.87536504  0.84184912  0.80977051  0.91045312  0.84184912  0.84184912  0.91045312  0.91045312  0.92863422  0.94726816  1.00612780  0.72104420  0.70722806  0.79423268  0.82563790  0.77901098  0.70722806  0.70722806  0.73512030  0.70722806  0.79423268  0.85841941  0.89270340  0.87536504  0.87536504  0.79423268  0.80977051  0.82563790  0.70722806  0.74946632  0.79423268  0.79423268  0.77901098  0.79423268  0.79423268  0.76409282  0.80977051  0.80977051  0.92863422  0.92863422  0.84184912  0.79423268  0.73512030  0.80977051  0.72104420  0.73512030  0.73512030  0.84184912  0.85841941  0.85841941  0.84184912  0.72104420  0.70722806  
97_0_0     0.40686037  0.00000000  0.27298363  0.27298363  0.28068451  0.28068451  0.28068451  0.66724755  0.62929562  0.66724755  0.62929562  0.70722806  0.66724755  0.66724755  0.70722806  0.64173357  0.73512030  0.59317632  0.62929562  0.61706107  0.55872078  0.60502338  0.60502338  0.55872078  0.64173357  0.58151393  0.70722806  0.62929562  0.66724755  0.68033842  0.65438180  0.68033842  0.64173357  0.77901098  0.68033842  0.61706107  0.62929562  0.80977051  0.77901098  0.80977051  0.80977051  0.79423268  0.96637810  0.77901098  0.85841941  0.74946632  0.74946632  0.80977051  0.87536504  0.91045312  0.87536504  0.79423268  0.85841941  0.89270340  0.89270340  0.89270340  0.87536504  0.87536504  1.04810853  0.82563790  0.82563790  0.82563790  0.82563790  0.87536504  0.91045312  0.84184912  0.79423268  0.79423268  0.70722806  0.68033842  0.74946632  0.85841941  0.87536504  0.70722806  0.61706107  0.68033842  0.59317632  0.60502338  0.62929562  0.64173357  0.65438180  0.59317632  0.61706107  0.62929562  0.62929562  0.70722806  0.65438180  0.68033842  0.59317632  0.62929562  0.70722806  0.70722806  0.73512030  0.77901098  0.65438180  0.65438180  0.62929562  0.60502338  0.61706107  0.59317632  0.69366244  0.66724755  0.73512030  0.72104420  0.72104420  0.72104420  0.73512030  0.76409282  0.76409282  0.77901098  0.77901098  0.73512030  0.80977051  0.84184912  0.74946632  0.72104420  0.70722806  0.70722806  0.65438180  0.66724755  0.61706107  0.69366244  0.70722806  0.70722806  
50_0_0     0.32863259  0.27298363  0.00000000  0.00000000  0.01613009  0.17274901  0.20004381  0.62929562  0.57003056  0.62929562  0.59317632  0.62929562  0.59317632  0.52578245  0.52578245  0.53660156  0.54757943  0.54757943  0.68033842  0.65438180  0.55872078  0.59317632  0.60502338  0.61706107  0.64173357  0.59317632  0.60502338  0.58151393  0.61706107  0.64173357  0.62929562  0.65438180  0.64173357  0.66724755  0.62929562  0.60502338  0.65438180  0.76409282  0.79423268  0.82563790  0.82563790  0.77901098  0.89270340  0.69366244  0.70722806  0.68033842  0.68033842  0.79423268  0.77901098  0.69366244  0.84184912  0.73512030  0.80977051  0.82563790  0.82563790  0.79423268  0.85841941  0.80977051  0.84184912  0.79423268  0.79423268  0.79423268  0.79423268  0.80977051  0.80977051  0.72104420  0.73512030  0.73512030  0.73512030  0.69366244  0.77901098  0.87536504  0.61706107  0.61706107  0.77901098  0.87536504  0.72104420  0.69366244  0.72104420  0.70722806  0.72104420  0.77901098  0.65438180  0.61706107  0.61706107  0.68033842  0.62929562  0.62929562  0.58151393  0.60502338  0.61706107  0.72104420  0.65438180  0.66724755  0.61706107  0.61706107  0.53660156  0.57003056  0.58151393  0.60502338  0.69366244  0.74946632  0.70722806  0.69366244  0.62929562  0.62929562  0.70722806  0.69366244  0.69366244  0.77901098  0.77901098  0.70722806  0.82563790  0.79423268  0.74946632  0.73512030  0.73512030  0.73512030  0.65438180  0.65438180  0.66724755  0.64173357  0.65438180  0.68033842  
94_0_0     0.32863259  0.27298363  0.00000000  0.00000000  0.01613009  0.17274901  0.20004381  0.62929562  0.57003056  0.62929562  0.59317632  0.62929562  0.59317632  0.52578245  0.52578245  0.53660156  0.54757943  0.54757943  0.68033842  0.65438180  0.55872078  0.59317632  0.60502338  0.61706107  0.64173357  0.59317632  0.60502338  0.58151393  0.61706107  0.64173357  0.62929562  0.65438180  0.64173357  0.66724755  0.62929562  0.60502338  0.65438180  0.76409282  0.79423268  0.82563790  0.82563790  0.77901098  0.89270340  0.69366244  0.70722806  0.68033842  0.68033842  0.79423268  0.77901098  0.69366244  0.84184912  0.73512030  0.80977051  0.82563790  0.82563790  0.79423268  0.85841941  0.80977051  0.84184912  0.79423268  0.79423268  0.79423268  0.79423268  0.80977051  0.80977051  0.72104420  0.73512030  0.73512030  0.73512030  0.69366244  0.77901098  0.87536504  0.61706107  0.61706107  0.77901098  0.87536504  0.72104420  0.69366244  0.72104420  0.70722806  0.72104420  0.77901098  0.65438180  0.61706107  0.61706107  0.68033842  0.62929562  0.62929562  0.58151393  0.60502338  0.61706107  0.72104420  0.65438180  0.66724755  0.61706107  0.61706107  0.53660156  0.57003056  0.58151393  0.60502338  0.69366244  0.74946632  0.70722806  0.69366244  0.62929562  0.62929562  0.70722806  0.69366244  0.69366244  0.77901098  0.77901098  0.70722806  0.82563790  0.79423268  0.74946632  0.73512030  0.73512030  0.73512030  0.65438180  0.65438180  0.66724755  0.64173357  0.65438180  0.68033842  
78_0_0     0.32042479  0.28068451  0.01613009  0.01613009  0.00000000  0.17947993  0.20702599  0.64173357  0.58151393  0.64173357  0.60502338  0.64173357  0.60502338  0.55872078  0.53660156  0.52578245  0.55872078  0.55872078  0.69366244  0.64173357  0.55872078  0.59317632  0.59317632  0.62929562  0.65438180  0.60502338  0.61706107  0.59317632  0.62929562  0.62929562  0.64173357  0.66724755  0.65438180  0.68033842  0.66724755  0.64173357  0.64173357  0.74946632  0.77901098  0.80977051  0.80977051  0.79423268  0.85841941  0.66724755  0.68033842  0.65438180  0.65438180  0.76409282  0.82563790  0.73512030  0.85841941  0.74946632  0.82563790  0.84184912  0.84184912  0.80977051  0.87536504  0.82563790  0.85841941  0.74946632  0.74946632  0.74946632  0.74946632  0.76409282  0.79423268  0.73512030  0.74946632  0.74946632  0.74946632  0.70722806  0.76409282  0.89270340  0.65438180  0.65438180  0.76409282  0.85841941  0.73512030  0.70722806  0.73512030  0.72104420  0.73512030  0.77901098  0.66724755  0.59317632  0.62929562  0.69366244  0.64173357  0.64173357  0.59317632  0.61706107  0.62929562  0.73512030  0.66724755  0.68033842  0.62929562  0.62929562  0.54757943  0.58151393  0.59317632  0.59317632  0.70722806  0.74946632  0.69366244  0.68033842  0.61706107  0.61706107  0.69366244  0.68033842  0.68033842  0.73512030  0.73512030  0.69366244  0.84184912  0.77901098  0.73512030  0.72104420  0.72104420  0.72104420  0.64173357  0.64173357  0.65438180  0.68033842  0.66724755  0.66724755  
69_0_0     0.36239501  0.28068451  0.17274901  0.17274901  0.17947993  0.00000000  0.11474989  0.60502338  0.61706107  0.60502338  0.57003056  0.65438180  0.64173357  0.50460259  0.52578245  0.54757943  0.57003056  0.55872078  0.59317632  0.61706107  0.53660156  0.62929562  0.60502338  0.54757943  0.60502338  0.66724755  0.62929562  0.57003056  0.60502338  0.59317632  0.60502338  0.62929562  0.58151393  0.73512030  0.65438180  0.65438180  0.69366244  0.76409282  0.77901098  0.77901098  0.77901098  0.84184912  0.96637810  0.79423268  0.74946632  0.72104420  0.69366244  0.84184912  0.89270340  0.79423268  0.89270340  0.80977051  0.85841941  0.84184912  0.84184912  0.87536504  0.92863422  0.85841941  0.85841941  0.85841941  0.85841941  0.85841941  0.85841941  0.89270340  0.80977051  0.72104420  0.76409282  0.85841941  0.87536504  0.84184912  0.89270340  0.96637810  0.72104420  0.61706107  0.80977051  0.80977051  0.66724755  0.66724755  0.66724755  0.65438180  0.66724755  0.70722806  0.60502338  0.59317632  0.58151393  0.65438180  0.58151393  0.58151393  0.55872078  0.55872078  0.54757943  0.61706107  0.66724755  0.66724755  0.65438180  0.65438180  0.61706107  0.62929562  0.64173357  0.62929562  0.69366244  0.73512030  0.68033842  0.66724755  0.61706107  0.61706107  0.65438180  0.66724755  0.66724755  0.70722806  0.70722806  0.66724755  0.76409282  0.80977051  0.76409282  0.73512030  0.70722806  0.70722806  0.60502338  0.61706107  0.60502338  0.64173357  0.62929562  0.66724755  
53_0_0     0.36239501  0.28068451  0.20004381  0.20004381  0.20702599  0.11474989  0.00000000  0.58151393  0.61706107  0.60502338  0.57003056  0.69366244  0.68033842  0.49423334  0.51511757  0.53660156  0.57003056  0.60502338  0.65438180  0.58151393  0.58151393  0.66724755  0.62929562  0.58151393  0.64173357  0.66724755  0.62929562  0.58151393  0.61706107  0.64173357  0.62929562  0.65438180  0.62929562  0.79423268  0.65438180  0.62929562  0.64173357  0.82563790  0.84184912  0.87536504  0.87536504  0.79423268  0.94726816  0.79423268  0.84184912  0.74946632  0.72104420  0.89270340  0.85841941  0.84184912  0.85841941  0.80977051  0.85841941  0.84184912  0.84184912  0.87536504  0.92863422  0.85841941  0.91045312  0.76409282  0.74946632  0.74946632  0.74946632  0.80977051  0.82563790  0.74946632  0.73512030  0.82563790  0.80977051  0.79423268  0.77901098  0.87536504  0.77901098  0.64173357  0.69366244  0.72104420  0.65438180  0.62929562  0.62929562  0.62929562  0.64173357  0.61706107  0.61706107  0.62929562  0.61706107  0.64173357  0.59317632  0.61706107  0.59317632  0.59317632  0.62929562  0.68033842  0.69366244  0.72104420  0.68033842  0.68033842  0.68033842  0.69366244  0.70722806  0.68033842  0.76409282  0.76409282  0.80977051  0.79423268  0.73512030  0.73512030  0.77901098  0.79423268  0.79423268  0.82563790  0.82563790  0.77901098  0.80977051  0.76409282  0.73512030  0.77901098  0.72104420  0.72104420  0.65438180  0.66724755  0.62929562  0.69366244  0.64173357  0.69366244  
84_8_0     0.70722806  0.66724755  0.62929562  0.62929562  0.64173357  0.60502338  0.58151393  0.00000000  0.06671818  0.06671818  0.06092537  0.33693143  0.30427450  0.19312619  0.20702599  0.16607812  0.17947993  0.25781566  0.36239501  0.41607960  0.36239501  0.32863259  0.33693143  0.23562517  0.25781566  0.25781566  0.27298363  0.27298363  0.27298363  0.28846548  0.26536121  0.28068451  0.31230606  0.40686037  0.46396098  0.37986532  0.39775336  0.55872078  0.59317632  0.59317632  0.59317632  0.55872078  0.72104420  0.64173357  0.59317632  0.57003056  0.53660156  0.57003056  0.53660156  0.53660156  0.54757943  0.55872078  0.55872078  0.53660156  0.53660156  0.57003056  0.57003056  0.54757943  0.53660156  0.69366244  0.69366244  0.69366244  0.68033842  0.66724755  0.53660156  0.46396098  0.48400585  0.54757943  0.55872078  0.55872078  0.59317632  0.57003056  0.55872078  0.37107917  0.51511757  0.50460259  0.43486605  0.45413641  0.46396098  0.45413641  0.44443919  0.52578245  0.48400585  0.45413641  0.48400585  0.47391629  0.45413641  0.42541386  0.41607960  0.44443919  0.40686037  0.53660156  0.37986532  0.41607960  0.41607960  0.41607960  0.43486605  0.42541386  0.41607960  0.40686037  0.37986532  0.51511757  0.33693143  0.32863259  0.36239501  0.36239501  0.33693143  0.32863259  0.32042479  0.37986532  0.37986532  0.36239501  0.43486605  0.37107917  0.37986532  0.36239501  0.32863259  0.32863259  0.41607960  0.38875588  0.33693143  0.34532336  0.37107917  0.32042479  
93_8_0     0.69366244  0.62929562  0.57003056  0.57003056  0.58151393  0.61706107  0.61706107  0.06671818  0.00000000  0.04381130  0.03819252  0.32042479  0.28846548  0.16607812  0.17947993  0.12725560  0.13997391  0.23562517  0.35381049  0.40686037  0.37986532  0.31230606  0.33693143  0.22118893  0.25781566  0.24294911  0.27298363  0.27298363  0.25781566  0.25781566  0.25034546  0.26536121  0.29632823  0.39775336  0.43486605  0.39775336  0.38875588  0.59317632  0.62929562  0.62929562  0.62929562  0.58151393  0.70722806  0.61706107  0.64173357  0.64173357  0.60502338  0.64173357  0.54757943  0.50460259  0.55872078  0.52578245  0.55872078  0.57003056  0.57003056  0.60502338  0.58151393  0.55872078  0.59317632  0.66724755  0.66724755  0.66724755  0.68033842  0.64173357  0.55872078  0.46396098  0.44443919  0.54757943  0.57003056  0.55872078  0.59317632  0.57003056  0.55872078  0.35381049  0.49423334  0.50460259  0.41607960  0.43486605  0.46396098  0.43486605  0.42541386  0.50460259  0.48400585  0.43486605  0.46396098  0.51511757  0.45413641  0.44443919  0.43486605  0.45413641  0.42541386  0.55872078  0.37986532  0.39775336  0.41607960  0.41607960  0.43486605  0.42541386  0.41607960  0.40686037  0.37986532  0.52578245  0.33693143  0.32863259  0.36239501  0.36239501  0.33693143  0.32863259  0.32042479  0.37986532  0.37986532  0.36239501  0.47391629  0.35381049  0.34532336  0.36239501  0.36239501  0.36239501  0.45413641  0.42541386  0.37107917  0.32863259  0.40686037  0.28068451  
59_8_0     0.66724755  0.66724755  0.62929562  0.62929562  0.64173357  0.60502338  0.60502338  0.06671818  0.04381130  0.00000000  0.01613009  0.32042479  0.30427450  0.16607812  0.19312619  0.15291217  0.16607812  0.24294911  0.35381049  0.41607960  0.36239501  0.31230606  0.32042479  0.22118893  0.22837223  0.24294911  0.27298363  0.27298363  0.24294911  0.24294911  0.23562517  0.25034546  0.28068451  0.37107917  0.40686037  0.37986532  0.37107917  0.59317632  0.62929562  0.62929562  0.62929562  0.57003056  0.70722806  0.61706107  0.61706107  0.59317632  0.55872078  0.59317632  0.58151393  0.55872078  0.57003056  0.58151393  0.59317632  0.58151393  0.58151393  0.64173357  0.61706107  0.59317632  0.57003056  0.66724755  0.66724755  0.66724755  0.65438180  0.65438180  0.51511757  0.47391629  0.45413641  0.51511757  0.59317632  0.57003056  0.55872078  0.54757943  0.55872078  0.37107917  0.52578245  0.51511757  0.40686037  0.44443919  0.45413641  0.44443919  0.43486605  0.51511757  0.49423334  0.44443919  0.49423334  0.50460259  0.44443919  0.43486605  0.44443919  0.45413641  0.43486605  0.53660156  0.37107917  0.38875588  0.42541386  0.42541386  0.44443919  0.43486605  0.42541386  0.43486605  0.38875588  0.51511757  0.34532336  0.33693143  0.37107917  0.37107917  0.34532336  0.33693143  0.32863259  0.37107917  0.37107917  0.35381049  0.44443919  0.33693143  0.36239501  0.32863259  0.32863259  0.32863259  0.44443919  0.41607960  0.37986532  0.33693143  0.37986532  0.32863259  
90_8_0     0.62929562  0.62929562  0.59317632  0.59317632  0.60502338  0.57003056  0.57003056  0.06092537  0.03819252  0.01613009  0.00000000  0.32863259  0.29632823  0.14641507  0.17274901  0.13358773  0.14641507  0.22118893  0.32863259  0.38875588  0.33693143  0.28846548  0.31230606  0.20004381  0.20702599  0.23562517  0.28068451  0.26536121  0.22118893  0.22837223  0.22118893  0.23562517  0.26536121  0.38875588  0.38875588  0.35381049  0.34532336  0.59317632  0.62929562  0.62929562  0.62929562  0.54757943  0.69366244  0.60502338  0.58151393  0.55872078  0.52578245  0.58151393  0.57003056  0.54757943  0.58151393  0.54757943  0.58151393  0.57003056  0.57003056  0.62929562  0.60502338  0.58151393  0.59317632  0.65438180  0.65438180  0.65438180  0.64173357  0.65438180  0.51511757  0.46396098  0.44443919  0.50460259  0.55872078  0.53660156  0.54757943  0.57003056  0.55872078  0.36239501  0.50460259  0.49423334  0.40686037  0.44443919  0.45413641  0.44443919  0.45413641  0.51511757  0.47391629  0.42541386  0.47391629  0.48400585  0.42541386  0.41607960  0.42541386  0.43486605  0.41607960  0.54757943  0.38875588  0.40686037  0.42541386  0.42541386  0.44443919  0.43486605  0.42541386  0.41607960  0.38875588  0.49423334  0.34532336  0.33693143  0.37107917  0.37107917  0.34532336  0.33693143  0.32863259  0.38875588  0.38875588  0.37107917  0.44443919  0.34532336  0.37107917  0.32042479  0.32042479  0.32042479  0.42541386  0.41607960  0.37986532  0.33693143  0.38875588  0.32042479  
54_8_0     0.76409282  0.70722806  0.62929562  0.62929562  0.64173357  0.65438180  0.69366244  0.33693143  0.32042479  0.32042479  0.32863259  0.00000000  0.03261562  0.33693143  0.32042479  0.33693143  0.30427450  0.32042479  0.43486605  0.40686037  0.37986532  0.39775336  0.35381049  0.28846548  0.26536121  0.28068451  0.32863259  0.26536121  0.26536121  0.28846548  0.26536121  0.26536121  0.28068451  0.47391629  0.54757943  0.47391629  0.49423334  0.74946632  0.79423268  0.73512030  0.73512030  0.72104420  0.82563790  0.61706107  0.59317632  0.64173357  0.62929562  0.68033842  0.53660156  0.59317632  0.53660156  0.57003056  0.58151393  0.60502338  0.60502338  0.61706107  0.62929562  0.59317632  0.60502338  0.76409282  0.76409282  0.76409282  0.74946632  0.65438180  0.49423334  0.44443919  0.47391629  0.61706107  0.64173357  0.59317632  0.60502338  0.62929562  0.65438180  0.45413641  0.77901098  0.69366244  0.59317632  0.66724755  0.70722806  0.66724755  0.65438180  0.66724755  0.54757943  0.55872078  0.50460259  0.62929562  0.51511757  0.50460259  0.54757943  0.54757943  0.51511757  0.58151393  0.52578245  0.54757943  0.61706107  0.61706107  0.59317632  0.62929562  0.61706107  0.55872078  0.52578245  0.51511757  0.50460259  0.49423334  0.49423334  0.49423334  0.48400585  0.49423334  0.48400585  0.54757943  0.54757943  0.51511757  0.55872078  0.44443919  0.50460259  0.50460259  0.47391629  0.47391629  0.47391629  0.46396098  0.40686037  0.42541386  0.39775336  0.38875588  
76_8_0     0.74946632  0.66724755  0.59317632  0.59317632  0.60502338  0.64173357  0.68033842  0.30427450  0.28846548  0.30427450  0.29632823  0.03261562  0.00000000  0.32042479  0.28846548  0.32042479  0.28846548  0.28846548  0.41607960  0.37986532  0.34532336  0.36239501  0.32042479  0.25781566  0.23562517  0.25034546  0.31230606  0.23562517  0.23562517  0.25781566  0.23562517  0.23562517  0.25034546  0.47391629  0.52578245  0.45413641  0.47391629  0.74946632  0.77901098  0.72104420  0.72104420  0.69366244  0.74946632  0.57003056  0.54757943  0.57003056  0.55872078  0.62929562  0.49423334  0.52578245  0.51511757  0.52578245  0.53660156  0.55872078  0.55872078  0.57003056  0.57003056  0.54757943  0.58151393  0.77901098  0.77901098  0.77901098  0.76409282  0.66724755  0.47391629  0.46396098  0.47391629  0.61706107  0.57003056  0.54757943  0.58151393  0.60502338  0.62929562  0.45413641  0.73512030  0.65438180  0.54757943  0.61706107  0.65438180  0.61706107  0.60502338  0.61706107  0.53660156  0.54757943  0.51511757  0.61706107  0.50460259  0.51511757  0.53660156  0.53660156  0.50460259  0.59317632  0.50460259  0.52578245  0.58151393  0.58151393  0.55872078  0.59317632  0.58151393  0.51511757  0.49423334  0.49423334  0.46396098  0.45413641  0.46396098  0.46396098  0.46396098  0.45413641  0.44443919  0.52578245  0.52578245  0.49423334  0.53660156  0.44443919  0.50460259  0.48400585  0.45413641  0.45413641  0.45413641  0.44443919  0.38875588  0.40686037  0.38875588  0.37107917  
90_0_0     0.62929562  0.66724755  0.52578245  0.52578245  0.55872078  0.50460259  0.49423334  0.19312619  0.16607812  0.16607812  0.14641507  0.33693143  0.32042479  0.00000000  0.04381130  0.06092537  0.06671818  0.27298363  0.34532336  0.38875588  0.34532336  0.34532336  0.30427450  0.22118893  0.24294911  0.28068451  0.29632823  0.26536121  0.26536121  0.28846548  0.28068451  0.28068451  0.29632823  0.44443919  0.43486605  0.37986532  0.40686037  0.61706107  0.66724755  0.66724755  0.66724755  0.57003056  0.77901098  0.58151393  0.58151393  0.55872078  0.52578245  0.60502338  0.57003056  0.57003056  0.55872078  0.52578245  0.59317632  0.57003056  0.57003056  0.62929562  0.62929562  0.58151393  0.58151393  0.72104420  0.72104420  0.72104420  0.73512030  0.72104420  0.64173357  0.57003056  0.50460259  0.52578245  0.58151393  0.57003056  0.55872078  0.55872078  0.58151393  0.42541386  0.64173357  0.64173357  0.43486605  0.45413641  0.46396098  0.46396098  0.49423334  0.52578245  0.53660156  0.49423334  0.51511757  0.52578245  0.47391629  0.47391629  0.48400585  0.50460259  0.49423334  0.52578245  0.40686037  0.38875588  0.52578245  0.52578245  0.49423334  0.50460259  0.50460259  0.38875588  0.44443919  0.59317632  0.41607960  0.40686037  0.44443919  0.44443919  0.39775336  0.41607960  0.40686037  0.45413641  0.45413641  0.42541386  0.45413641  0.44443919  0.48400585  0.48400585  0.46396098  0.46396098  0.40686037  0.41607960  0.37107917  0.32042479  0.41607960  0.37107917  
59_0_0     0.66724755  0.70722806  0.52578245  0.52578245  0.53660156  0.52578245  0.51511757  0.20702599  0.17947993  0.19312619  0.17274901  0.32042479  0.28846548  0.04381130  0.00000000  0.07255619  0.07844012  0.27298363  0.37986532  0.37107917  0.33693143  0.33693143  0.30427450  0.22118893  0.26536121  0.28846548  0.32042479  0.27298363  0.25034546  0.27298363  0.26536121  0.26536121  0.26536121  0.47391629  0.48400585  0.40686037  0.41607960  0.64173357  0.69366244  0.69366244  0.69366244  0.62929562  0.80977051  0.59317632  0.59317632  0.57003056  0.53660156  0.59317632  0.57003056  0.54757943  0.55872078  0.54757943  0.59317632  0.59317632  0.59317632  0.60502338  0.62929562  0.58151393  0.58151393  0.74946632  0.74946632  0.74946632  0.76409282  0.74946632  0.61706107  0.54757943  0.52578245  0.54757943  0.58151393  0.58151393  0.57003056  0.57003056  0.60502338  0.44443919  0.62929562  0.65438180  0.44443919  0.46396098  0.47391629  0.46396098  0.49423334  0.53660156  0.58151393  0.52578245  0.53660156  0.57003056  0.51511757  0.53660156  0.52578245  0.54757943  0.53660156  0.52578245  0.41607960  0.39775336  0.54757943  0.54757943  0.51511757  0.53660156  0.53660156  0.41607960  0.46396098  0.57003056  0.43486605  0.42541386  0.46396098  0.46396098  0.41607960  0.43486605  0.42541386  0.48400585  0.48400585  0.46396098  0.49423334  0.44443919  0.48400585  0.50460259  0.48400585  0.48400585  0.41607960  0.42541386  0.36239501  0.32863259  0.40686037  0.35381049  
93_0_0     0.65438180  0.64173357  0.53660156  0.53660156  0.52578245  0.54757943  0.53660156  0.16607812  0.12725560  0.15291217  0.13358773  0.33693143  0.32042479  0.06092537  0.07255619  0.00000000  0.06092537  0.27298363  0.34532336  0.37986532  0.33693143  0.32042479  0.27298363  0.22837223  0.26536121  0.27298363  0.28846548  0.27298363  0.26536121  0.27298363  0.26536121  0.26536121  0.28068451  0.44443919  0.46396098  0.41607960  0.40686037  0.62929562  0.68033842  0.68033842  0.68033842  0.62929562  0.77901098  0.61706107  0.61706107  0.59317632  0.55872078  0.61706107  0.54757943  0.54757943  0.51511757  0.48400585  0.55872078  0.55872078  0.55872078  0.59317632  0.59317632  0.54757943  0.59317632  0.66724755  0.66724755  0.66724755  0.68033842  0.64173357  0.68033842  0.54757943  0.54757943  0.52578245  0.59317632  0.54757943  0.51511757  0.53660156  0.58151393  0.37986532  0.58151393  0.60502338  0.43486605  0.45413641  0.46396098  0.43486605  0.46396098  0.50460259  0.50460259  0.43486605  0.44443919  0.47391629  0.44443919  0.44443919  0.43486605  0.45413641  0.45413641  0.54757943  0.37986532  0.36239501  0.48400585  0.48400585  0.49423334  0.49423334  0.49423334  0.35381049  0.44443919  0.50460259  0.38875588  0.37986532  0.39775336  0.39775336  0.37107917  0.38875588  0.37986532  0.41607960  0.41607960  0.39775336  0.49423334  0.41607960  0.43486605  0.43486605  0.41607960  0.41607960  0.39775336  0.40686037  0.34532336  0.32863259  0.42541386  0.32863259  
84_0_0     0.65438180  0.73512030  0.54757943  0.54757943  0.55872078  0.57003056  0.57003056  0.17947993  0.13997391  0.16607812  0.14641507  0.30427450  0.28846548  0.06671818  0.07844012  0.06092537  0.00000000  0.25781566  0.37107917  0.37107917  0.33693143  0.32042479  0.28846548  0.23562517  0.25034546  0.27298363  0.27298363  0.25781566  0.26536121  0.28846548  0.28068451  0.26536121  0.29632823  0.39775336  0.42541386  0.40686037  0.37986532  0.60502338  0.65438180  0.65438180  0.65438180  0.58151393  0.72104420  0.58151393  0.55872078  0.61706107  0.60502338  0.62929562  0.53660156  0.53660156  0.52578245  0.49423334  0.55872078  0.55872078  0.55872078  0.59317632  0.58151393  0.54757943  0.59317632  0.69366244  0.68033842  0.68033842  0.69366244  0.65438180  0.61706107  0.50460259  0.46396098  0.52578245  0.62929562  0.58151393  0.54757943  0.52578245  0.60502338  0.37986532  0.62929562  0.62929562  0.46396098  0.46396098  0.47391629  0.44443919  0.45413641  0.49423334  0.52578245  0.47391629  0.48400585  0.49423334  0.46396098  0.46396098  0.47391629  0.49423334  0.48400585  0.52578245  0.37986532  0.36239501  0.48400585  0.48400585  0.47391629  0.47391629  0.47391629  0.37986532  0.42541386  0.54757943  0.37986532  0.37107917  0.38875588  0.38875588  0.36239501  0.37986532  0.37107917  0.42541386  0.42541386  0.40686037  0.47391629  0.37986532  0.43486605  0.43486605  0.41607960  0.41607960  0.37986532  0.38875588  0.36239501  0.31230606  0.37107917  0.32863259  
41_0_0     0.66724755  0.59317632  0.54757943  0.54757943  0.55872078  0.55872078  0.60502338  0.25781566  0.23562517  0.24294911  0.22118893  0.32042479  0.28846548  0.27298363  0.27298363  0.27298363  0.25781566  0.00000000  0.27298363  0.25781566  0.22118893  0.24294911  0.24294911  0.14641507  0.13358773  0.19312619  0.23562517  0.12725560  0.13358773  0.17274901  0.15291217  0.15291217  0.20004381  0.36239501  0.42541386  0.39775336  0.37986532  0.69366244  0.70722806  0.68033842  0.68033842  0.62929562  0.72104420  0.51511757  0.50460259  0.51511757  0.49423334  0.54757943  0.52578245  0.52578245  0.52578245  0.50460259  0.54757943  0.55872078  0.55872078  0.53660156  0.54757943  0.54757943  0.57003056  0.76409282  0.76409282  0.76409282  0.76409282  0.74946632  0.59317632  0.54757943  0.52578245  0.50460259  0.51511757  0.48400585  0.50460259  0.57003056  0.66724755  0.36239501  0.69366244  0.69366244  0.45413641  0.48400585  0.48400585  0.46396098  0.49423334  0.51511757  0.42541386  0.38875588  0.44443919  0.47391629  0.41607960  0.44443919  0.40686037  0.40686037  0.37107917  0.57003056  0.42541386  0.40686037  0.41607960  0.41607960  0.44443919  0.45413641  0.44443919  0.44443919  0.37107917  0.57003056  0.32863259  0.32042479  0.39775336  0.39775336  0.32863259  0.32863259  0.32863259  0.35381049  0.35381049  0.33693143  0.43486605  0.34532336  0.38875588  0.40686037  0.37986532  0.37986532  0.37986532  0.38875588  0.40686037  0.38875588  0.36239501  0.37107917  
77_0_0     0.82563790  0.62929562  0.68033842  0.68033842  0.69366244  0.59317632  0.65438180  0.36239501  0.35381049  0.35381049  0.32863259  0.43486605  0.41607960  0.34532336  0.37986532  0.34532336  0.37107917  0.27298363  0.00000000  0.37107917  0.30427450  0.29632823  0.36239501  0.28068451  0.28068451  0.30427450  0.34532336  0.32042479  0.28068451  0.30427450  0.29632823  0.29632823  0.30427450  0.47391629  0.47391629  0.45413641  0.43486605  0.74946632  0.79423268  0.76409282  0.76409282  0.69366244  0.68033842  0.68033842  0.68033842  0.61706107  0.61706107  0.69366244  0.49423334  0.54757943  0.49423334  0.46396098  0.51511757  0.50460259  0.50460259  0.54757943  0.55872078  0.51511757  0.62929562  0.94726816  0.94726816  0.94726816  0.92863422  0.89270340  0.64173357  0.61706107  0.59317632  0.66724755  0.61706107  0.59317632  0.66724755  0.66724755  0.72104420  0.45413641  0.59317632  0.59317632  0.49423334  0.53660156  0.49423334  0.51511757  0.55872078  0.55872078  0.44443919  0.41607960  0.48400585  0.43486605  0.39775336  0.44443919  0.41607960  0.38875588  0.40686037  0.49423334  0.39775336  0.41607960  0.48400585  0.48400585  0.51511757  0.49423334  0.48400585  0.44443919  0.52578245  0.51511757  0.46396098  0.45413641  0.45413641  0.45413641  0.44443919  0.43486605  0.45413641  0.46396098  0.46396098  0.47391629  0.51511757  0.57003056  0.53660156  0.53660156  0.50460259  0.50460259  0.47391629  0.50460259  0.50460259  0.49423334  0.49423334  0.49423334  
86_0_0     0.84184912  0.61706107  0.65438180  0.65438180  0.64173357  0.61706107  0.58151393  0.41607960  0.40686037  0.41607960  0.38875588  0.40686037  0.37986532  0.38875588  0.37107917  0.37986532  0.37107917  0.25781566  0.37107917  0.00000000  0.20702599  0.27298363  0.22118893  0.22837223  0.28068451  0.36239501  0.39775336  0.30427450  0.25034546  0.25781566  0.25034546  0.25034546  0.28846548  0.53660156  0.54757943  0.49423334  0.51511757  0.87536504  0.87536504  0.80977051  0.80977051  0.74946632  0.70722806  0.59317632  0.58151393  0.62929562  0.59317632  0.61706107  0.64173357  0.70722806  0.59317632  0.61706107  0.62929562  0.64173357  0.64173357  0.61706107  0.62929562  0.62929562  0.68033842  0.79423268  0.77901098  0.77901098  0.76409282  0.73512030  0.62929562  0.70722806  0.61706107  0.60502338  0.60502338  0.58151393  0.61706107  0.69366244  0.82563790  0.46396098  0.64173357  0.66724755  0.49423334  0.53660156  0.52578245  0.51511757  0.52578245  0.57003056  0.54757943  0.54757943  0.51511757  0.57003056  0.52578245  0.55872078  0.54757943  0.52578245  0.54757943  0.61706107  0.51511757  0.51511757  0.54757943  0.54757943  0.57003056  0.58151393  0.57003056  0.48400585  0.54757943  0.68033842  0.54757943  0.53660156  0.57003056  0.57003056  0.54757943  0.54757943  0.52578245  0.55872078  0.55872078  0.53660156  0.53660156  0.51511757  0.49423334  0.53660156  0.54757943  0.54757943  0.48400585  0.51511757  0.47391629  0.57003056  0.54757943  0.46396098  
82_0_0     0.70722806  0.55872078  0.55872078  0.55872078  0.55872078  0.53660156  0.58151393  0.36239501  0.37986532  0.36239501  0.33693143  0.37986532  0.34532336  0.34532336  0.33693143  0.33693143  0.33693143  0.22118893  0.30427450  0.20702599  0.00000000  0.06092537  0.12097661  0.19312619  0.22837223  0.28068451  0.28068451  0.25781566  0.22837223  0.28068451  0.26536121  0.26536121  0.28846548  0.50460259  0.53660156  0.47391629  0.46396098  0.79423268  0.82563790  0.76409282  0.76409282  0.73512030  0.76409282  0.59317632  0.55872078  0.55872078  0.53660156  0.61706107  0.61706107  0.60502338  0.59317632  0.61706107  0.58151393  0.59317632  0.59317632  0.57003056  0.60502338  0.58151393  0.68033842  0.79423268  0.77901098  0.77901098  0.76409282  0.79423268  0.53660156  0.54757943  0.54757943  0.62929562  0.59317632  0.59317632  0.60502338  0.68033842  0.72104420  0.41607960  0.61706107  0.61706107  0.47391629  0.51511757  0.51511757  0.51511757  0.52578245  0.52578245  0.49423334  0.46396098  0.51511757  0.48400585  0.46396098  0.47391629  0.46396098  0.45413641  0.45413641  0.54757943  0.42541386  0.44443919  0.49423334  0.49423334  0.50460259  0.49423334  0.48400585  0.40686037  0.49423334  0.51511757  0.46396098  0.45413641  0.52578245  0.52578245  0.46396098  0.46396098  0.46396098  0.48400585  0.48400585  0.43486605  0.48400585  0.45413641  0.51511757  0.48400585  0.49423334  0.49423334  0.37986532  0.40686037  0.40686037  0.47391629  0.44443919  0.42541386  
48_0_0     0.73512030  0.60502338  0.59317632  0.59317632  0.59317632  0.62929562  0.66724755  0.32863259  0.31230606  0.31230606  0.28846548  0.39775336  0.36239501  0.34532336  0.33693143  0.32042479  0.32042479  0.24294911  0.29632823  0.27298363  0.06092537  0.00000000  0.17274901  0.25034546  0.25781566  0.29632823  0.29632823  0.28846548  0.25781566  0.31230606  0.29632823  0.29632823  0.33693143  0.47391629  0.51511757  0.45413641  0.44443919  0.79423268  0.84184912  0.84184912  0.84184912  0.72104420  0.66724755  0.62929562  0.61706107  0.59317632  0.57003056  0.62929562  0.55872078  0.52578245  0.53660156  0.55872078  0.52578245  0.53660156  0.53660156  0.55872078  0.54757943  0.52578245  0.68033842  0.85841941  0.84184912  0.84184912  0.82563790  0.82563790  0.58151393  0.52578245  0.52578245  0.60502338  0.59317632  0.57003056  0.62929562  0.68033842  0.64173357  0.44443919  0.65438180  0.62929562  0.46396098  0.54757943  0.52578245  0.52578245  0.53660156  0.55872078  0.50460259  0.45413641  0.48400585  0.45413641  0.43486605  0.46396098  0.45413641  0.44443919  0.42541386  0.60502338  0.44443919  0.46396098  0.52578245  0.52578245  0.51511757  0.50460259  0.49423334  0.43486605  0.50460259  0.52578245  0.47391629  0.46396098  0.51511757  0.51511757  0.47391629  0.47391629  0.49423334  0.51511757  0.51511757  0.46396098  0.53660156  0.40686037  0.49423334  0.48400585  0.51511757  0.51511757  0.46396098  0.47391629  0.47391629  0.45413641  0.43486605  0.40686037  
60_0_0     0.73512030  0.60502338  0.60502338  0.60502338  0.59317632  0.60502338  0.62929562  0.33693143  0.33693143  0.32042479  0.31230606  0.35381049  0.32042479  0.30427450  0.30427450  0.27298363  0.28846548  0.24294911  0.36239501  0.22118893  0.12097661  0.17274901  0.00000000  0.20702599  0.25034546  0.28068451  0.31230606  0.28846548  0.23562517  0.27298363  0.25034546  0.25034546  0.27298363  0.46396098  0.60502338  0.47391629  0.49423334  0.76409282  0.79423268  0.73512030  0.73512030  0.72104420  0.79423268  0.64173357  0.57003056  0.59317632  0.55872078  0.65438180  0.58151393  0.58151393  0.57003056  0.58151393  0.55872078  0.57003056  0.57003056  0.54757943  0.59317632  0.55872078  0.65438180  0.77901098  0.76409282  0.76409282  0.74946632  0.74946632  0.59317632  0.57003056  0.59317632  0.60502338  0.64173357  0.60502338  0.60502338  0.70722806  0.65438180  0.47391629  0.66724755  0.65438180  0.51511757  0.57003056  0.57003056  0.54757943  0.53660156  0.57003056  0.54757943  0.58151393  0.54757943  0.58151393  0.53660156  0.54757943  0.55872078  0.54757943  0.54757943  0.61706107  0.48400585  0.48400585  0.54757943  0.54757943  0.57003056  0.55872078  0.54757943  0.45413641  0.47391629  0.54757943  0.44443919  0.43486605  0.50460259  0.50460259  0.44443919  0.45413641  0.43486605  0.48400585  0.48400585  0.44443919  0.57003056  0.43486605  0.50460259  0.49423334  0.51511757  0.51511757  0.44443919  0.45413641  0.39775336  0.46396098  0.45413641  0.39775336  
74_0_0     0.72104420  0.55872078  0.61706107  0.61706107  0.62929562  0.54757943  0.58151393  0.23562517  0.22118893  0.22118893  0.20004381  0.28846548  0.25781566  0.22118893  0.22118893  0.22837223  0.23562517  0.14641507  0.28068451  0.22837223  0.19312619  0.25034546  0.20702599  0.00000000  0.10244979  0.17947993  0.22118893  0.14641507  0.10244979  0.13997391  0.12097661  0.13358773  0.13997391  0.44443919  0.42541386  0.38875588  0.40686037  0.60502338  0.62929562  0.58151393  0.58151393  0.61706107  0.66724755  0.55872078  0.53660156  0.51511757  0.48400585  0.52578245  0.54757943  0.53660156  0.54757943  0.55872078  0.52578245  0.53660156  0.53660156  0.54757943  0.54757943  0.52578245  0.57003056  0.69366244  0.69366244  0.69366244  0.68033842  0.65438180  0.52578245  0.54757943  0.52578245  0.54757943  0.48400585  0.48400585  0.52578245  0.58151393  0.62929562  0.31230606  0.62929562  0.60502338  0.43486605  0.49423334  0.50460259  0.51511757  0.52578245  0.48400585  0.46396098  0.47391629  0.46396098  0.54757943  0.47391629  0.48400585  0.47391629  0.45413641  0.48400585  0.51511757  0.40686037  0.40686037  0.44443919  0.44443919  0.45413641  0.44443919  0.43486605  0.39775336  0.38875588  0.53660156  0.37107917  0.36239501  0.43486605  0.43486605  0.37107917  0.37986532  0.37107917  0.41607960  0.41607960  0.39775336  0.45413641  0.39775336  0.38875588  0.41607960  0.40686037  0.40686037  0.42541386  0.43486605  0.35381049  0.40686037  0.37107917  0.35381049  
43_0_0     0.70722806  0.64173357  0.64173357  0.64173357  0.65438180  0.60502338  0.64173357  0.25781566  0.25781566  0.22837223  0.20702599  0.26536121  0.23562517  0.24294911  0.26536121  0.26536121  0.25034546  0.13358773  0.28068451  0.28068451  0.22837223  0.25781566  0.25034546  0.10244979  0.00000000  0.13358773  0.15946618  0.07255619  0.04381130  0.09034864  0.07255619  0.07255619  0.11474989  0.33693143  0.36239501  0.30427450  0.32042479  0.64173357  0.66724755  0.64173357  0.64173357  0.60502338  0.68033842  0.51511757  0.50460259  0.54757943  0.54757943  0.58151393  0.58151393  0.59317632  0.58151393  0.58151393  0.60502338  0.59317632  0.59317632  0.65438180  0.62929562  0.60502338  0.57003056  0.74946632  0.74946632  0.74946632  0.73512030  0.70722806  0.55872078  0.55872078  0.55872078  0.53660156  0.51511757  0.49423334  0.53660156  0.57003056  0.61706107  0.37107917  0.72104420  0.66724755  0.42541386  0.48400585  0.47391629  0.50460259  0.51511757  0.51511757  0.46396098  0.45413641  0.50460259  0.50460259  0.43486605  0.43486605  0.45413641  0.44443919  0.44443919  0.57003056  0.41607960  0.41607960  0.52578245  0.52578245  0.53660156  0.50460259  0.49423334  0.45413641  0.44443919  0.58151393  0.38875588  0.37986532  0.44443919  0.44443919  0.38875588  0.37986532  0.37107917  0.39775336  0.39775336  0.39775336  0.49423334  0.40686037  0.45413641  0.39775336  0.38875588  0.38875588  0.44443919  0.45413641  0.45413641  0.49423334  0.43486605  0.39775336  
100_0_0    0.74946632  0.58151393  0.59317632  0.59317632  0.60502338  0.66724755  0.66724755  0.25781566  0.24294911  0.24294911  0.23562517  0.28068451  0.25034546  0.28068451  0.28846548  0.27298363  0.27298363  0.19312619  0.30427450  0.36239501  0.28068451  0.29632823  0.28068451  0.17947993  0.13358773  0.00000000  0.21407395  0.13997391  0.14641507  0.15291217  0.13358773  0.12725560  0.17947993  0.35381049  0.42541386  0.39775336  0.37986532  0.62929562  0.65438180  0.65438180  0.65438180  0.62929562  0.76409282  0.59317632  0.58151393  0.58151393  0.55872078  0.59317632  0.57003056  0.57003056  0.59317632  0.57003056  0.60502338  0.60502338  0.60502338  0.61706107  0.61706107  0.59317632  0.65438180  0.73512030  0.73512030  0.73512030  0.72104420  0.72104420  0.58151393  0.52578245  0.54757943  0.52578245  0.51511757  0.51511757  0.54757943  0.47391629  0.59317632  0.38875588  0.66724755  0.61706107  0.42541386  0.50460259  0.49423334  0.53660156  0.53660156  0.51511757  0.46396098  0.44443919  0.46396098  0.47391629  0.43486605  0.45413641  0.45413641  0.46396098  0.48400585  0.52578245  0.41607960  0.42541386  0.47391629  0.47391629  0.47391629  0.44443919  0.43486605  0.41607960  0.46396098  0.52578245  0.38875588  0.37986532  0.38875588  0.38875588  0.38875588  0.37986532  0.38875588  0.43486605  0.43486605  0.41607960  0.50460259  0.43486605  0.43486605  0.43486605  0.44443919  0.44443919  0.43486605  0.43486605  0.42541386  0.44443919  0.37107917  0.40686037  
