20
15_0_0     0.00000000  0.14564191  0.14564191  0.15645573  0.15102899  0.14564191  0.14564191  0.15645573  0.14564191  0.43827587  0.43827587  0.43827587  0.41470844  0.41470844  0.39940522  0.39940522  0.41470844  0.42248084  0.44630212  0.42248084  
18_0_0     0.14564191  0.00000000  0.00000000  0.07897248  0.08389223  0.07897248  0.07897248  0.16743053  0.15645573  0.46262162  0.44630212  0.44630212  0.48779886  0.48779886  0.47091886  0.39940522  0.47091886  0.49638604  0.47091886  0.47931055  
14_0_0     0.14564191  0.00000000  0.00000000  0.07897248  0.08389223  0.07897248  0.07897248  0.16743053  0.15645573  0.46262162  0.44630212  0.44630212  0.48779886  0.48779886  0.47091886  0.39940522  0.47091886  0.49638604  0.47091886  0.47931055  
13_0_0     0.15645573  0.07897248  0.07897248  0.00000000  0.09885158  0.09383132  0.09383132  0.20718233  0.19560429  0.45441671  0.47931055  0.47931055  0.52276451  0.52276451  0.48779886  0.44630212  0.48779886  0.55012192  0.52276451  0.53177132  
19_0_0     0.15102899  0.08389223  0.08389223  0.09885158  0.00000000  0.00441850  0.00441850  0.16192270  0.15102899  0.42248084  0.43827587  0.43827587  0.49638604  0.49638604  0.46262162  0.40701712  0.43033605  0.50507441  0.47931055  0.47091886  
12_0_0     0.14564191  0.07897248  0.07897248  0.09383132  0.00441850  0.00000000  0.00000000  0.15645573  0.14564191  0.43033605  0.43033605  0.43033605  0.48779886  0.48779886  0.45441671  0.41470844  0.43827587  0.51386640  0.48779886  0.47931055  
20_0_0     0.14564191  0.07897248  0.07897248  0.09383132  0.00441850  0.00000000  0.00000000  0.15645573  0.14564191  0.43033605  0.43033605  0.43033605  0.48779886  0.48779886  0.45441671  0.41470844  0.43827587  0.51386640  0.48779886  0.47931055  
17_0_0     0.15645573  0.16743053  0.16743053  0.20718233  0.16192270  0.15645573  0.15645573  0.00000000  0.00886364  0.50507441  0.44630212  0.44630212  0.48779886  0.48779886  0.48779886  0.41470844  0.45441671  0.49638604  0.46262162  0.43827587  
16_0_0     0.14564191  0.15645573  0.15645573  0.19560429  0.15102899  0.14564191  0.14564191  0.00886364  0.00000000  0.50507441  0.44630212  0.44630212  0.48779886  0.48779886  0.48779886  0.41470844  0.47091886  0.49638604  0.47931055  0.45441671  
10_0_0     0.43827587  0.46262162  0.46262162  0.45441671  0.42248084  0.43033605  0.43033605  0.50507441  0.50507441  0.00000000  0.16743053  0.16743053  0.22489763  0.22489763  0.17857117  0.17297980  0.14029390  0.20137058  0.15102899  0.15645573  
7_0_0      0.43827587  0.44630212  0.44630212  0.47931055  0.43827587  0.43033605  0.43033605  0.44630212  0.44630212  0.16743053  0.00000000  0.00000000  0.20137058  0.20137058  0.11412076  0.15102899  0.10899581  0.22489763  0.15102899  0.14564191  
11_0_0     0.43827587  0.44630212  0.44630212  0.47931055  0.43827587  0.43033605  0.43033605  0.44630212  0.44630212  0.16743053  0.00000000  0.00000000  0.20137058  0.20137058  0.11412076  0.15102899  0.10899581  0.22489763  0.15102899  0.14564191  
8_0_0      0.41470844  0.48779886  0.48779886  0.52276451  0.49638604  0.48779886  0.48779886  0.48779886  0.48779886  0.22489763  0.20137058  0.20137058  0.00000000  0.00000000  0.16743053  0.17297980  0.15102899  0.23089860  0.19560429  0.21304026  
2_0_0      0.41470844  0.48779886  0.48779886  0.52276451  0.49638604  0.48779886  0.48779886  0.48779886  0.48779886  0.22489763  0.20137058  0.20137058  0.00000000  0.00000000  0.16743053  0.17297980  0.15102899  0.23089860  0.19560429  0.21304026  
6_0_0      0.39940522  0.47091886  0.47091886  0.48779886  0.46262162  0.45441671  0.45441671  0.48779886  0.48779886  0.17857117  0.11412076  0.11412076  0.16743053  0.16743053  0.00000000  0.08389223  0.05012410  0.18420526  0.12971289  0.12447878  
9_0_0      0.39940522  0.39940522  0.39940522  0.44630212  0.40701712  0.41470844  0.41470844  0.41470844  0.41470844  0.17297980  0.15102899  0.15102899  0.17297980  0.17297980  0.08389223  0.00000000  0.05485445  0.18420526  0.11412076  0.12971289  
1_0_0      0.41470844  0.47091886  0.47091886  0.48779886  0.43033605  0.43827587  0.43827587  0.45441671  0.47091886  0.14029390  0.10899581  0.10899581  0.15102899  0.15102899  0.05012410  0.05485445  0.00000000  0.17297980  0.09383132  0.09885158  
5_0_0      0.42248084  0.49638604  0.49638604  0.55012192  0.50507441  0.51386640  0.51386640  0.49638604  0.49638604  0.20137058  0.22489763  0.22489763  0.23089860  0.23089860  0.18420526  0.18420526  0.17297980  0.00000000  0.08389223  0.09885158  
4_0_0      0.44630212  0.47091886  0.47091886  0.52276451  0.47931055  0.48779886  0.48779886  0.46262162  0.47931055  0.15102899  0.15102899  0.15102899  0.19560429  0.19560429  0.12971289  0.11412076  0.09383132  0.08389223  0.00000000  0.01333575  
3_0_0      0.42248084  0.47931055  0.47931055  0.53177132  0.47091886  0.47931055  0.47931055  0.43827587  0.45441671  0.15645573  0.14564191  0.14564191  0.21304026  0.21304026  0.12447878  0.12971289  0.09885158  0.09885158  0.01333575  0.00000000  

