13
4_0_0      0.00000000  0.00000000  0.07546883  0.06617803  0.10406605  0.17012208  0.17012208  0.16482505  0.20830834  0.18624575  0.21392886  0.22530026  0.26654291  
16_0_0     0.00000000  0.00000000  0.07546883  0.06617803  0.10406605  0.17012208  0.17012208  0.16482505  0.20830834  0.18624575  0.21392886  0.22530026  0.26654291  
14_0_0     0.07546883  0.07546883  0.00000000  0.10894213  0.14400996  0.18624575  0.18624575  0.18083187  0.20830834  0.18083187  0.21959261  0.23105251  0.27262793  
2_0_0      0.06617803  0.06617803  0.10894213  0.00000000  0.09440971  0.16482505  0.16482505  0.15956585  0.19169973  0.14915883  0.17012208  0.19169973  0.21959261  
15_0_0     0.10406605  0.10406605  0.14400996  0.09440971  0.00000000  0.17545750  0.17545750  0.17012208  0.20273041  0.17545750  0.17012208  0.17545750  0.21959261  
17_0_0     0.17012208  0.17012208  0.18624575  0.16482505  0.17545750  0.00000000  0.00848755  0.00423155  0.08487836  0.05700301  0.23685005  0.23685005  0.25452170  
9_0_0      0.17012208  0.17012208  0.18624575  0.16482505  0.17545750  0.00848755  0.00000000  0.00423155  0.08487836  0.05700301  0.22530026  0.22530026  0.26654291  
20_0_0     0.16482505  0.16482505  0.18083187  0.15956585  0.17012208  0.00423155  0.00423155  0.00000000  0.08015857  0.05245802  0.23105251  0.23105251  0.26050777  
18_0_0     0.20830834  0.20830834  0.20830834  0.19169973  0.20273041  0.08487836  0.08487836  0.08015857  0.00000000  0.10406605  0.24269360  0.25452170  0.28495094  
7_0_0      0.18624575  0.18624575  0.18083187  0.14915883  0.17545750  0.05700301  0.05700301  0.05245802  0.10406605  0.00000000  0.20830834  0.20830834  0.25452170  
19_1_0     0.21392886  0.21392886  0.21959261  0.17012208  0.17012208  0.23685005  0.22530026  0.23105251  0.24269360  0.20830834  0.00000000  0.01707408  0.11385072  
19_0_0     0.22530026  0.22530026  0.23105251  0.19169973  0.17545750  0.23685005  0.22530026  0.23105251  0.25452170  0.20830834  0.01707408  0.00000000  0.12376717  
5_0_0      0.26654291  0.26654291  0.27262793  0.21959261  0.21959261  0.25452170  0.26654291  0.26050777  0.28495094  0.25452170  0.11385072  0.12376717  0.00000000  

