20
5_0_0      0.00000000  0.02764030  0.02764030  0.02764030  0.13782949  0.12906698  0.13782949  0.55936632  0.42611561  0.50216562  0.49314382  0.49314382  0.46106490  0.44517641  0.35428651  0.33158581  0.42262612  0.43752710  0.43752710  0.48085856  
10_0_0     0.02764030  0.00000000  0.00000000  0.00000000  0.10439906  0.09615447  0.10439906  0.56487873  0.42979069  0.50701868  0.44911677  0.44911677  0.43365325  0.41850053  0.35677242  0.35941397  0.39718133  0.41143329  0.41143329  0.48518279  
12_0_0     0.02764030  0.00000000  0.00000000  0.00000000  0.10439906  0.09615447  0.10439906  0.56487873  0.42979069  0.50701868  0.44911677  0.44911677  0.43365325  0.41850053  0.35677242  0.35941397  0.39718133  0.41143329  0.41143329  0.48518279  
4_0_0      0.02764030  0.00000000  0.00000000  0.00000000  0.10439906  0.09615447  0.10439906  0.56487873  0.42979069  0.50701868  0.44911677  0.44911677  0.43365325  0.41850053  0.35677242  0.35941397  0.39718133  0.41143329  0.41143329  0.48518279  
17_0_0     0.13782949  0.10439906  0.10439906  0.10439906  0.00000000  0.00680414  0.01370484  0.49754185  0.41850053  0.46106490  0.42262612  0.42262612  0.40737941  0.36516623  0.34648323  0.32389678  0.46106490  0.44517641  0.44517641  0.56292646  
7_0_0      0.12906698  0.09615447  0.09615447  0.09615447  0.00680414  0.00000000  0.00680414  0.49754185  0.41850053  0.46106490  0.42262612  0.42262612  0.39289733  0.35187203  0.34648323  0.32389678  0.46106490  0.44517641  0.44517641  0.56292646  
11_0_0     0.13782949  0.10439906  0.10439906  0.10439906  0.01370484  0.00680414  0.00000000  0.48085856  0.40380576  0.44517641  0.40816822  0.40816822  0.40737941  0.36516623  0.33388746  0.31176789  0.44517641  0.42979069  0.42979069  0.54356747  
20_0_0     0.55936632  0.56487873  0.56487873  0.56487873  0.49754185  0.49754185  0.48085856  0.00000000  0.22122076  0.20950940  0.37568488  0.37568488  0.26237335  0.25133078  0.25133078  0.25327733  0.27367252  0.25133078  0.26237335  0.28301223  
14_0_0     0.42611561  0.42979069  0.42979069  0.42979069  0.41850053  0.41850053  0.40380576  0.22122076  0.00000000  0.04205321  0.26237335  0.26237335  0.23745979  0.24851645  0.16639225  0.15832668  0.15703734  0.15703734  0.16639225  0.24634675  
16_0_0     0.50216562  0.50701868  0.50701868  0.50701868  0.46106490  0.46106490  0.44517641  0.20950940  0.04205321  0.00000000  0.29471552  0.29471552  0.25752696  0.26897027  0.16510623  0.17593066  0.17454942  0.17454942  0.18417964  0.26664922  
13_0_0     0.49314382  0.44911677  0.44911677  0.44911677  0.42262612  0.42262612  0.40816822  0.37568488  0.26237335  0.29471552  0.00000000  0.00000000  0.28301223  0.29471552  0.23167322  0.25133078  0.27158400  0.29471552  0.28301223  0.28091227  
9_0_0      0.49314382  0.44911677  0.44911677  0.44911677  0.42262612  0.42262612  0.40816822  0.37568488  0.26237335  0.29471552  0.00000000  0.00000000  0.28301223  0.29471552  0.23167322  0.25133078  0.27158400  0.29471552  0.28301223  0.28091227  
18_0_0     0.46106490  0.43365325  0.43365325  0.43365325  0.40737941  0.39289733  0.40737941  0.26237335  0.23745979  0.25752696  0.28301223  0.28301223  0.00000000  0.02070488  0.19400444  0.19558784  0.23541784  0.25752696  0.24634675  0.20244643  
8_0_0      0.44517641  0.41850053  0.41850053  0.41850053  0.36516623  0.35187203  0.36516623  0.25133078  0.24851645  0.26897027  0.29471552  0.29471552  0.02070488  0.00000000  0.16510623  0.16639225  0.24634675  0.26897027  0.25752696  0.21257534  
19_0_0     0.35428651  0.35677242  0.35677242  0.35677242  0.34648323  0.34648323  0.33388746  0.25133078  0.16639225  0.16510623  0.23167322  0.23167322  0.19400444  0.16510623  0.00000000  0.04205321  0.12045957  0.13782949  0.12906698  0.19252420  
15_0_0     0.33158581  0.35941397  0.35941397  0.35941397  0.32389678  0.32389678  0.31176789  0.25327733  0.15832668  0.17593066  0.25133078  0.25133078  0.19558784  0.16639225  0.04205321  0.00000000  0.15703734  0.17593066  0.16639225  0.22472917  
3_0_0      0.42262612  0.39718133  0.39718133  0.39718133  0.46106490  0.46106490  0.44517641  0.27367252  0.15703734  0.17454942  0.27158400  0.27158400  0.23541784  0.24634675  0.12045957  0.15703734  0.00000000  0.01370484  0.00680414  0.20244643  
2_0_0      0.43752710  0.41143329  0.41143329  0.41143329  0.44517641  0.44517641  0.42979069  0.25133078  0.15703734  0.17454942  0.29471552  0.29471552  0.25752696  0.26897027  0.13782949  0.17593066  0.01370484  0.00000000  0.00680414  0.22291974  
1_0_0      0.43752710  0.41143329  0.41143329  0.41143329  0.44517641  0.44517641  0.42979069  0.26237335  0.16639225  0.18417964  0.28301223  0.28301223  0.24634675  0.25752696  0.12906698  0.16639225  0.00680414  0.00680414  0.00000000  0.21257534  
6_0_0      0.48085856  0.48518279  0.48518279  0.48518279  0.56292646  0.56292646  0.54356747  0.28301223  0.24634675  0.26664922  0.28091227  0.28091227  0.20244643  0.21257534  0.19252420  0.22472917  0.20244643  0.22291974  0.21257534  0.00000000  

