20
5_0_0      0.00000000  0.04229812  0.04971321  0.04229812  0.12881279  0.13753348  0.13753348  0.33982581  0.45359740  0.45359740  0.58937295  0.58937295  0.53614216  0.49983723  0.41565883  0.43052961  0.37968047  0.37968047  0.37968047  0.47802782  
10_0_0     0.04229812  0.00000000  0.00680332  0.00000000  0.07948935  0.08737598  0.08737598  0.36603575  0.45359740  0.48575298  0.47802782  0.47802782  0.49983723  0.46601509  0.44586123  0.43052961  0.35275725  0.35275725  0.35275725  0.49493091  
12_0_0     0.04971321  0.00680332  0.00000000  0.00680332  0.08737598  0.09539036  0.09539036  0.37968047  0.45359740  0.48575298  0.46168317  0.46168317  0.48263722  0.44993330  0.43052961  0.41565883  0.33982581  0.33982581  0.33982581  0.47802782  
4_0_0      0.04229812  0.00000000  0.00680332  0.00000000  0.07948935  0.08737598  0.08737598  0.36603575  0.45359740  0.48575298  0.47802782  0.47802782  0.49983723  0.46601509  0.44586123  0.43052961  0.35275725  0.35275725  0.35275725  0.49493091  
17_0_0     0.12881279  0.07948935  0.08737598  0.07948935  0.00000000  0.00680332  0.00680332  0.30762915  0.41565883  0.46168317  0.42302895  0.42302895  0.42697444  0.38297631  0.45419284  0.43836557  0.34546182  0.34546182  0.34546182  0.52310978  
7_0_0      0.13753348  0.08737598  0.09539036  0.08737598  0.00680332  0.00000000  0.00000000  0.31992139  0.43052961  0.47802782  0.43836557  0.43836557  0.44255510  0.39721201  0.47054318  0.45419284  0.35874408  0.35874408  0.35874408  0.54195087  
11_0_0     0.13753348  0.08737598  0.09539036  0.08737598  0.00680332  0.00000000  0.00000000  0.31992139  0.43052961  0.47802782  0.43836557  0.43836557  0.44255510  0.39721201  0.47054318  0.45419284  0.35874408  0.35874408  0.35874408  0.54195087  
20_0_0     0.33982581  0.36603575  0.37968047  0.36603575  0.30762915  0.31992139  0.31992139  0.00000000  0.41925768  0.40460479  0.41186947  0.41186947  0.29123611  0.32722376  0.25605741  0.26686814  0.28180073  0.28180073  0.28180073  0.40460479  
14_0_0     0.45359740  0.45359740  0.45359740  0.45359740  0.41565883  0.43052961  0.43052961  0.41925768  0.00000000  0.08053746  0.32980687  0.32980687  0.29123611  0.27979930  0.30079425  0.28922514  0.18828352  0.18828352  0.18828352  0.32477708  
16_0_0     0.45359740  0.48575298  0.48575298  0.48575298  0.46168317  0.47802782  0.47802782  0.40460479  0.08053746  0.00000000  0.30522180  0.30522180  0.27979930  0.29123611  0.23511977  0.22497411  0.21753504  0.21753504  0.21753504  0.30079425  
13_0_0     0.58937295  0.47802782  0.46168317  0.47802782  0.42302895  0.43836557  0.43836557  0.41186947  0.32980687  0.30522180  0.00000000  0.00000000  0.28392455  0.31992139  0.30522180  0.29337269  0.24141262  0.24141262  0.24141262  0.34257322  
9_0_0      0.58937295  0.47802782  0.46168317  0.47802782  0.42302895  0.43836557  0.43836557  0.41186947  0.32980687  0.30522180  0.00000000  0.00000000  0.28392455  0.31992139  0.30522180  0.29337269  0.24141262  0.24141262  0.24141262  0.34257322  
18_0_0     0.53614216  0.49983723  0.48263722  0.49983723  0.42697444  0.44255510  0.44255510  0.29123611  0.29123611  0.27979930  0.28392455  0.28392455  0.00000000  0.03499253  0.16351772  0.17281085  0.10421942  0.10421942  0.10421942  0.14543926  
8_0_0      0.49983723  0.46601509  0.44993330  0.46601509  0.38297631  0.39721201  0.39721201  0.32722376  0.27979930  0.29123611  0.31992139  0.31992139  0.03499253  0.00000000  0.21183386  0.22209022  0.14747234  0.14747234  0.14747234  0.17281085  
19_0_0     0.41565883  0.44586123  0.43052961  0.44586123  0.45419284  0.47054318  0.47054318  0.25605741  0.30079425  0.23511977  0.30522180  0.30522180  0.16351772  0.21183386  0.00000000  0.00680332  0.12881279  0.12881279  0.12881279  0.20036959  
15_0_0     0.43052961  0.43052961  0.41565883  0.43052961  0.43836557  0.45419284  0.45419284  0.26686814  0.28922514  0.22497411  0.29337269  0.29337269  0.17281085  0.22209022  0.00680332  0.00000000  0.12024315  0.12024315  0.12024315  0.21031560  
3_0_0      0.37968047  0.35275725  0.33982581  0.35275725  0.34546182  0.35874408  0.35874408  0.28180073  0.18828352  0.21753504  0.24141262  0.24141262  0.10421942  0.14747234  0.12881279  0.12024315  0.00000000  0.00000000  0.00000000  0.16465754  
2_0_0      0.37968047  0.35275725  0.33982581  0.35275725  0.34546182  0.35874408  0.35874408  0.28180073  0.18828352  0.21753504  0.24141262  0.24141262  0.10421942  0.14747234  0.12881279  0.12024315  0.00000000  0.00000000  0.00000000  0.16465754  
1_0_0      0.37968047  0.35275725  0.33982581  0.35275725  0.34546182  0.35874408  0.35874408  0.28180073  0.18828352  0.21753504  0.24141262  0.24141262  0.10421942  0.14747234  0.12881279  0.12024315  0.00000000  0.00000000  0.00000000  0.16465754  
6_0_0      0.47802782  0.49493091  0.47802782  0.49493091  0.52310978  0.54195087  0.54195087  0.40460479  0.32477708  0.30079425  0.34257322  0.34257322  0.14543926  0.17281085  0.20036959  0.21031560  0.16465754  0.16465754  0.16465754  0.00000000  

