20
5_0_0      0.00000000  0.04886797  0.05611876  0.05611876  0.18291735  0.19160838  0.19160838  0.39091732  0.36840497  0.36840497  0.45037265  0.45037265  0.43809531  0.46285603  0.41413234  0.46285603  0.36840497  0.36840497  0.36840497  0.51499641  
10_0_0     0.04886797  0.00000000  0.02055159  0.02055159  0.16583413  0.17432670  0.17432670  0.39091732  0.41413234  0.40243427  0.47555250  0.47555250  0.46285603  0.48846945  0.46285603  0.48846945  0.39091732  0.39091732  0.39091732  0.48846945  
12_0_0     0.05611876  0.02055159  0.00000000  0.00000000  0.14913445  0.15743743  0.15743743  0.40243427  0.40243427  0.36840497  0.47555250  0.47555250  0.43809531  0.46285603  0.45037265  0.47555250  0.39091732  0.39091732  0.39091732  0.46285603  
4_0_0      0.05611876  0.02055159  0.00000000  0.00000000  0.14913445  0.15743743  0.15743743  0.40243427  0.40243427  0.36840497  0.47555250  0.47555250  0.43809531  0.46285603  0.45037265  0.47555250  0.39091732  0.39091732  0.39091732  0.46285603  
17_0_0     0.18291735  0.16583413  0.14913445  0.14913445  0.00000000  0.02055159  0.02055159  0.42601733  0.41413234  0.41413234  0.48846945  0.48846945  0.46285603  0.48846945  0.43809531  0.48846945  0.35739925  0.35739925  0.35739925  0.39091732  
7_0_0      0.19160838  0.17432670  0.15743743  0.15743743  0.02055159  0.00000000  0.00000000  0.41413234  0.42601733  0.45037265  0.50161468  0.50161468  0.48846945  0.51499641  0.41413234  0.46285603  0.39091732  0.39091732  0.39091732  0.40243427  
11_0_0     0.19160838  0.17432670  0.15743743  0.15743743  0.02055159  0.00000000  0.00000000  0.41413234  0.42601733  0.45037265  0.50161468  0.50161468  0.48846945  0.51499641  0.41413234  0.46285603  0.39091732  0.39091732  0.39091732  0.40243427  
20_0_0     0.39091732  0.39091732  0.40243427  0.40243427  0.42601733  0.41413234  0.41413234  0.00000000  0.24600156  0.22742503  0.40243427  0.40243427  0.28460716  0.28460716  0.22742503  0.22742503  0.27476629  0.25546674  0.25546674  0.26505393  
14_0_0     0.36840497  0.41413234  0.40243427  0.40243427  0.41413234  0.42601733  0.42601733  0.24600156  0.00000000  0.07083589  0.26505393  0.26505393  0.22742503  0.24600156  0.21830789  0.23665530  0.25546674  0.23665530  0.23665530  0.23665530  
16_0_0     0.36840497  0.40243427  0.36840497  0.36840497  0.41413234  0.45037265  0.45037265  0.22742503  0.07083589  0.00000000  0.27476629  0.27476629  0.24600156  0.26505393  0.25546674  0.23665530  0.20930115  0.20930115  0.20930115  0.22742503  
13_0_0     0.45037265  0.47555250  0.47555250  0.47555250  0.48846945  0.50161468  0.50161468  0.40243427  0.26505393  0.27476629  0.00000000  0.00000000  0.32532664  0.34655399  0.33586459  0.39091732  0.35739925  0.34655399  0.34655399  0.31493589  
9_0_0      0.45037265  0.47555250  0.47555250  0.47555250  0.48846945  0.50161468  0.50161468  0.40243427  0.26505393  0.27476629  0.00000000  0.00000000  0.32532664  0.34655399  0.33586459  0.39091732  0.35739925  0.34655399  0.34655399  0.31493589  
18_0_0     0.43809531  0.46285603  0.43809531  0.43809531  0.46285603  0.48846945  0.48846945  0.28460716  0.22742503  0.24600156  0.32532664  0.32532664  0.00000000  0.01363777  0.18291735  0.18291735  0.20040216  0.18291735  0.18291735  0.22742503  
8_0_0      0.46285603  0.48846945  0.46285603  0.46285603  0.48846945  0.51499641  0.51499641  0.28460716  0.24600156  0.26505393  0.34655399  0.34655399  0.01363777  0.00000000  0.18291735  0.18291735  0.21830789  0.20040216  0.20040216  0.22742503  
19_0_0     0.41413234  0.46285603  0.45037265  0.45037265  0.43809531  0.41413234  0.41413234  0.22742503  0.21830789  0.25546674  0.33586459  0.33586459  0.18291735  0.18291735  0.00000000  0.05611876  0.19160838  0.17432670  0.17432670  0.22742503  
15_0_0     0.46285603  0.48846945  0.47555250  0.47555250  0.48846945  0.46285603  0.46285603  0.22742503  0.23665530  0.23665530  0.39091732  0.39091732  0.18291735  0.18291735  0.05611876  0.00000000  0.22742503  0.20930115  0.20930115  0.21830789  
3_0_0      0.36840497  0.39091732  0.39091732  0.39091732  0.35739925  0.39091732  0.39091732  0.27476629  0.25546674  0.20930115  0.35739925  0.35739925  0.20040216  0.21830789  0.19160838  0.22742503  0.00000000  0.01363777  0.01363777  0.23665530  
2_0_0      0.36840497  0.39091732  0.39091732  0.39091732  0.35739925  0.39091732  0.39091732  0.25546674  0.23665530  0.20930115  0.34655399  0.34655399  0.18291735  0.20040216  0.17432670  0.20930115  0.01363777  0.00000000  0.00000000  0.21830789  
1_0_0      0.36840497  0.39091732  0.39091732  0.39091732  0.35739925  0.39091732  0.39091732  0.25546674  0.23665530  0.20930115  0.34655399  0.34655399  0.18291735  0.20040216  0.17432670  0.20930115  0.01363777  0.00000000  0.00000000  0.21830789  
6_0_0      0.51499641  0.48846945  0.46285603  0.46285603  0.39091732  0.40243427  0.40243427  0.26505393  0.23665530  0.22742503  0.31493589  0.31493589  0.22742503  0.22742503  0.22742503  0.21830789  0.23665530  0.21830789  0.21830789  0.00000000  

