20
1_0_0      0.00000000  0.00878524  0.00878524  0.27087288  0.39353014  0.38615911  0.40097487  0.37163238  0.29643736  0.29643736  0.30296801  0.30296801  0.30296801  0.29643736  0.41609141  0.41609141  0.39353014  0.41609141  0.41609141  0.40849478  
2_0_0      0.00878524  0.00000000  0.00000000  0.27087288  0.37886032  0.37163238  0.38615911  0.35738362  0.29643736  0.29643736  0.30296801  0.30296801  0.28996349  0.29643736  0.41609141  0.41609141  0.39353014  0.41609141  0.41609141  0.40849478  
3_0_0      0.00878524  0.00000000  0.00000000  0.27087288  0.37886032  0.37163238  0.38615911  0.35738362  0.29643736  0.29643736  0.30296801  0.30296801  0.28996349  0.29643736  0.41609141  0.41609141  0.39353014  0.41609141  0.41609141  0.40849478  
20_0_0     0.27087288  0.27087288  0.27087288  0.00000000  0.43935766  0.43935766  0.43935766  0.43935766  0.33650903  0.34340241  0.33650903  0.33650903  0.37163238  0.35036020  0.35738362  0.35738362  0.30296801  0.39353014  0.39353014  0.39353014  
15_0_0     0.39353014  0.37886032  0.37886032  0.43935766  0.00000000  0.09786076  0.09289723  0.17106555  0.33650903  0.34340241  0.33650903  0.33650903  0.35738362  0.36447392  0.39353014  0.39353014  0.39353014  0.40849478  0.40849478  0.43152119  
14_0_0     0.38615911  0.37163238  0.37163238  0.43935766  0.09786076  0.00000000  0.06856404  0.16559115  0.32967887  0.32291079  0.31620368  0.31620368  0.30955644  0.31620368  0.41609141  0.41609141  0.40097487  0.41609141  0.41609141  0.42376634  
6_0_0      0.40097487  0.38615911  0.38615911  0.43935766  0.09289723  0.06856404  0.00000000  0.16015671  0.30955644  0.30296801  0.29643736  0.29643736  0.30296801  0.30955644  0.35036020  0.35036020  0.33650903  0.39353014  0.39353014  0.40097487  
16_0_0     0.37163238  0.35738362  0.35738362  0.43935766  0.17106555  0.16559115  0.16015671  0.00000000  0.31620368  0.30955644  0.30296801  0.30296801  0.30955644  0.31620368  0.40849478  0.40849478  0.38615911  0.39353014  0.39353014  0.40097487  
5_0_0      0.29643736  0.29643736  0.29643736  0.33650903  0.33650903  0.32967887  0.30955644  0.31620368  0.00000000  0.00437967  0.00878524  0.01321704  0.11295301  0.10788820  0.32291079  0.32291079  0.29643736  0.32291079  0.32291079  0.31620368  
10_0_0     0.29643736  0.29643736  0.29643736  0.34340241  0.34340241  0.32291079  0.30296801  0.30955644  0.00437967  0.00000000  0.00437967  0.00878524  0.10788820  0.10285760  0.32967887  0.32967887  0.30296801  0.32967887  0.32967887  0.32291079  
12_0_0     0.30296801  0.30296801  0.30296801  0.33650903  0.33650903  0.31620368  0.29643736  0.30296801  0.00878524  0.00437967  0.00000000  0.00437967  0.11295301  0.10788820  0.32291079  0.32291079  0.29643736  0.33650903  0.33650903  0.32967887  
4_0_0      0.30296801  0.30296801  0.30296801  0.33650903  0.33650903  0.31620368  0.29643736  0.30296801  0.01321704  0.00878524  0.00437967  0.00000000  0.11295301  0.10788820  0.32291079  0.32291079  0.29643736  0.33650903  0.33650903  0.32967887  
11_0_0     0.30296801  0.28996349  0.28996349  0.37163238  0.35738362  0.30955644  0.30296801  0.30955644  0.11295301  0.10788820  0.11295301  0.11295301  0.00000000  0.01321704  0.35738362  0.35738362  0.31620368  0.36447392  0.36447392  0.35738362  
17_0_0     0.29643736  0.29643736  0.29643736  0.35036020  0.36447392  0.31620368  0.30955644  0.31620368  0.10788820  0.10285760  0.10788820  0.10788820  0.01321704  0.00000000  0.35036020  0.35036020  0.30955644  0.35738362  0.35738362  0.35036020  
8_0_0      0.41609141  0.41609141  0.41609141  0.35738362  0.39353014  0.41609141  0.35036020  0.40849478  0.32291079  0.32967887  0.32291079  0.32291079  0.35738362  0.35036020  0.00000000  0.00437967  0.06379138  0.14940537  0.14940537  0.15476164  
18_0_0     0.41609141  0.41609141  0.41609141  0.35738362  0.39353014  0.41609141  0.35036020  0.40849478  0.32291079  0.32967887  0.32291079  0.32291079  0.35738362  0.35036020  0.00437967  0.00000000  0.06379138  0.14940537  0.14940537  0.15476164  
19_0_0     0.39353014  0.39353014  0.39353014  0.30296801  0.39353014  0.40097487  0.33650903  0.38615911  0.29643736  0.30296801  0.29643736  0.29643736  0.31620368  0.30955644  0.06379138  0.06379138  0.00000000  0.13356394  0.13356394  0.12835748  
13_0_0     0.41609141  0.41609141  0.41609141  0.39353014  0.40849478  0.41609141  0.39353014  0.39353014  0.32291079  0.32967887  0.33650903  0.33650903  0.36447392  0.35738362  0.14940537  0.14940537  0.13356394  0.00000000  0.00000000  0.02216056  
9_0_0      0.41609141  0.41609141  0.41609141  0.39353014  0.40849478  0.41609141  0.39353014  0.39353014  0.32291079  0.32967887  0.33650903  0.33650903  0.36447392  0.35738362  0.14940537  0.14940537  0.13356394  0.00000000  0.00000000  0.02216056  
7_0_0      0.40849478  0.40849478  0.40849478  0.39353014  0.43152119  0.42376634  0.40097487  0.40097487  0.31620368  0.32291079  0.32967887  0.32967887  0.35738362  0.35036020  0.15476164  0.15476164  0.12835748  0.02216056  0.02216056  0.00000000  

