14
7_0_0      0.00000000  0.44196899  0.39221572  0.40189856  0.42165863  0.38265975  0.39221572  0.41171168  0.42165863  0.48436948  0.31041020  0.34564072  0.30186220  0.31905958  
8_0_0      0.44196899  0.00000000  0.04042575  0.10236435  0.11540924  0.12869169  0.12202023  0.10885763  0.11540924  0.10885763  0.17718300  0.19899431  0.22912931  0.25257686  
1_0_0      0.39221572  0.04042575  0.00000000  0.07073776  0.08322431  0.09592837  0.08954868  0.07695431  0.08322431  0.07695431  0.15600507  0.17718300  0.20641214  0.25257686  
4_0_0      0.40189856  0.10236435  0.07073776  0.00000000  0.03451164  0.03451164  0.04042575  0.04042575  0.04638821  0.07695431  0.19165116  0.18438121  0.21390618  0.26056326  
11_0_0     0.42165863  0.11540924  0.08322431  0.03451164  0.00000000  0.04638821  0.04042575  0.05239981  0.05846138  0.08954868  0.19165116  0.21390618  0.24467696  0.29341321  
12_0_0     0.38265975  0.12869169  0.09592837  0.03451164  0.04638821  0.00000000  0.00563973  0.05239981  0.05846138  0.08954868  0.16299628  0.18438121  0.21390618  0.24467696  
2_0_0      0.39221572  0.12202023  0.08954868  0.04042575  0.04042575  0.00563973  0.00000000  0.04638821  0.05239981  0.08322431  0.17005515  0.19165116  0.22147803  0.25257686  
12_1_0     0.41171168  0.10885763  0.07695431  0.04042575  0.05239981  0.05239981  0.04638821  0.00000000  0.00563973  0.08322431  0.17005515  0.16299628  0.19165116  0.30186220  
2_1_0      0.42165863  0.11540924  0.08322431  0.04638821  0.05846138  0.05846138  0.05239981  0.00563973  0.00000000  0.08954868  0.17718300  0.17005515  0.19899431  0.31041020  
5_0_0      0.48436948  0.10885763  0.07695431  0.07695431  0.08954868  0.08954868  0.08322431  0.08322431  0.08954868  0.00000000  0.19165116  0.18438121  0.21390618  0.27680331  
10_0_0     0.31041020  0.17718300  0.15600507  0.19165116  0.19165116  0.16299628  0.17005515  0.17005515  0.17718300  0.19165116  0.00000000  0.07073776  0.09592837  0.19165116  
9_2_0      0.34564072  0.19899431  0.17718300  0.18438121  0.21390618  0.18438121  0.19165116  0.16299628  0.17005515  0.18438121  0.07073776  0.00000000  0.07073776  0.18438121  
3_0_0      0.30186220  0.22912931  0.20641214  0.21390618  0.24467696  0.21390618  0.22147803  0.19165116  0.19899431  0.21390618  0.09592837  0.07073776  0.00000000  0.19165116  
9_0_0      0.31905958  0.25257686  0.25257686  0.26056326  0.29341321  0.24467696  0.25257686  0.30186220  0.31041020  0.27680331  0.19165116  0.18438121  0.19165116  0.00000000  

