21
8_0_0      0.00000000  0.18289322  0.16581445  0.09602422  0.09602422  0.10116650  0.09091722  0.24282931  0.55638173  0.56595288  0.56595288  0.54693205  0.57564867  0.58547238  0.57564867  1.06968630  1.06968630  1.06968630  1.06968630  1.05097475  1.03272193  
12_0_0     0.18289322  0.00000000  0.20037296  0.12742448  0.11680991  0.12209828  0.12209828  0.24909707  0.50140305  0.51028885  0.51028885  0.51028885  0.50140305  0.49262205  0.48394340  1.08888024  1.10858209  1.10858209  1.10858209  1.01490588  0.99750620  
4_0_0      0.16581445  0.20037296  0.00000000  0.13819256  0.12742448  0.14363557  0.13278905  0.29451399  0.60551741  0.61574600  0.61574600  0.59542744  0.60551741  0.62611706  0.61574600  1.17102312  1.12881947  1.12881947  1.12881947  1.14962231  1.03272193  
1_0_0      0.09602422  0.12742448  0.13819256  0.00000000  0.00906396  0.01363765  0.00451819  0.24909707  0.53760080  0.54693205  0.54693205  0.54693205  0.57564867  0.58547238  0.57564867  1.06968630  1.06968630  1.06968630  1.06968630  1.06968630  0.96388111  
5_0_0      0.09602422  0.11680991  0.12742448  0.00906396  0.00000000  0.01363765  0.00451819  0.24909707  0.53760080  0.54693205  0.54693205  0.54693205  0.55638173  0.56595288  0.55638173  1.06968630  1.06968630  1.06968630  1.06968630  1.06968630  0.98050385  
10_0_0     0.10116650  0.12209828  0.14363557  0.01363765  0.01363765  0.00000000  0.00906396  0.25541804  0.53760080  0.54693205  0.54693205  0.54693205  0.57564867  0.58547238  0.57564867  1.06968630  1.06968630  1.06968630  1.06968630  1.06968630  0.98050385  
7_0_0      0.09091722  0.12209828  0.13278905  0.00451819  0.00451819  0.00906396  0.00000000  0.25541804  0.52838505  0.53760080  0.53760080  0.53760080  0.56595288  0.57564867  0.56595288  1.06968630  1.06968630  1.06968630  1.06968630  1.06968630  0.98050385  
9_0_0      0.24282931  0.24909707  0.29451399  0.24909707  0.24909707  0.25541804  0.25541804  0.00000000  0.49262205  0.50140305  0.50140305  0.51928198  0.51028885  0.51928198  0.51028885  1.03272193  0.98050385  0.98050385  0.98050385  0.98050385  1.03272193  
13_0_0     0.55638173  0.50140305  0.60551741  0.53760080  0.53760080  0.53760080  0.52838505  0.49262205  0.00000000  0.00906396  0.00906396  0.02287020  0.06098965  0.06589478  0.06098965  0.96388111  0.96388111  0.96388111  0.96388111  0.96388111  0.93170917  
3_0_0      0.56595288  0.51028885  0.61574600  0.54693205  0.54693205  0.54693205  0.53760080  0.50140305  0.00906396  0.00000000  0.00000000  0.01363765  0.06098965  0.05611661  0.05127527  0.98050385  0.98050385  0.98050385  0.98050385  0.96388111  0.91612990  
3_1_0      0.56595288  0.51028885  0.61574600  0.54693205  0.54693205  0.54693205  0.53760080  0.50140305  0.00906396  0.00000000  0.00000000  0.01363765  0.06098965  0.05611661  0.05127527  0.98050385  0.98050385  0.98050385  0.98050385  0.96388111  0.91612990  
6_0_0      0.54693205  0.51028885  0.59542744  0.54693205  0.54693205  0.54693205  0.53760080  0.51928198  0.02287020  0.01363765  0.01363765  0.00000000  0.07580308  0.07083245  0.06589478  1.01490588  0.99750620  0.99750620  0.99750620  1.01490588  0.93170917  
11_0_0     0.57564867  0.50140305  0.60551741  0.57564867  0.55638173  0.57564867  0.56595288  0.51028885  0.06098965  0.06098965  0.06098965  0.07580308  0.00000000  0.03221866  0.02752976  0.98050385  0.98050385  0.98050385  0.98050385  0.90086995  0.88591648  
14_0_0     0.58547238  0.49262205  0.62611706  0.58547238  0.56595288  0.58547238  0.57564867  0.51928198  0.06589478  0.05611661  0.05611661  0.07083245  0.03221866  0.00000000  0.00451819  0.99750620  0.99750620  0.99750620  0.99750620  0.90086995  0.88591648  
2_0_0      0.57564867  0.48394340  0.61574600  0.57564867  0.55638173  0.57564867  0.56595288  0.51028885  0.06098965  0.05127527  0.05127527  0.06589478  0.02752976  0.00451819  0.00000000  0.99750620  0.99750620  0.99750620  0.99750620  0.90086995  0.88591648  
15_0_0     1.06968630  1.08888024  1.17102312  1.06968630  1.06968630  1.06968630  1.06968630  1.03272193  0.96388111  0.98050385  0.98050385  1.01490588  0.98050385  0.99750620  0.99750620  0.00000000  0.02752976  0.03221866  0.04168600  0.23661388  0.25541804  
18_0_0     1.06968630  1.10858209  1.12881947  1.06968630  1.06968630  1.06968630  1.06968630  0.98050385  0.96388111  0.98050385  0.98050385  0.99750620  0.98050385  0.99750620  0.99750620  0.02752976  0.00000000  0.00451819  0.01363765  0.23044990  0.25541804  
17_0_0     1.06968630  1.10858209  1.12881947  1.06968630  1.06968630  1.06968630  1.06968630  0.98050385  0.96388111  0.98050385  0.98050385  0.99750620  0.98050385  0.99750620  0.99750620  0.03221866  0.00451819  0.00000000  0.00906396  0.23661388  0.26179313  
19_0_0     1.06968630  1.10858209  1.12881947  1.06968630  1.06968630  1.06968630  1.06968630  0.98050385  0.96388111  0.98050385  0.98050385  0.99750620  0.98050385  0.99750620  0.99750620  0.04168600  0.01363765  0.00906396  0.00000000  0.24909707  0.27470944  
20_0_0     1.05097475  1.01490588  1.14962231  1.06968630  1.06968630  1.06968630  1.06968630  0.98050385  0.96388111  0.96388111  0.96388111  1.01490588  0.90086995  0.90086995  0.90086995  0.23661388  0.23044990  0.23661388  0.24909707  0.00000000  0.18867432  
16_0_0     1.03272193  0.99750620  1.03272193  0.96388111  0.98050385  0.98050385  0.98050385  1.03272193  0.93170917  0.91612990  0.91612990  0.93170917  0.88591648  0.88591648  0.88591648  0.25541804  0.25541804  0.26179313  0.27470944  0.18867432  0.00000000  

