20
1_0_0      0.00000000  0.03345243  0.22791051  0.32986500  0.32986500  0.34458095  0.35204972  0.30832372  0.49206500  0.44807543  0.48305619  0.43118406  0.47415534  0.52923438  0.49206500  0.50118442  0.39056349  0.35204972  0.39056349  0.39851183  
2_0_0      0.03345243  0.00000000  0.24721245  0.32261493  0.32261493  0.35204972  0.34458095  0.30127993  0.51041721  0.46535990  0.50118442  0.44807543  0.49206500  0.52923438  0.51041721  0.51976620  0.39851183  0.35959437  0.36721644  0.40654614  
3_0_0      0.22791051  0.24721245  0.00000000  0.35959437  0.36721644  0.34458095  0.33718653  0.35959437  0.52923438  0.48305619  0.51976620  0.53882481  0.54854070  0.48305619  0.52923438  0.57847502  0.41466831  0.41466831  0.50118442  0.49206500  
14_0_0     0.32986500  0.32261493  0.35959437  0.00000000  0.00940509  0.04826364  0.05326708  0.11065146  0.41466831  0.40654614  0.42288028  0.43958173  0.38269932  0.39851183  0.38269932  0.43958173  0.31543496  0.30832372  0.39056349  0.36721644  
17_0_0     0.32986500  0.32261493  0.36721644  0.00940509  0.00000000  0.03835675  0.04329368  0.09988275  0.39851183  0.39056349  0.40654614  0.42288028  0.37491753  0.39851183  0.38269932  0.42288028  0.30832372  0.30832372  0.39056349  0.36721644  
11_0_0     0.34458095  0.35204972  0.34458095  0.04826364  0.03835675  0.00000000  0.02373987  0.08926794  0.39851183  0.39056349  0.40654614  0.42288028  0.37491753  0.38269932  0.38269932  0.42288028  0.30832372  0.29430230  0.39851183  0.36721644  
6_0_0      0.35204972  0.34458095  0.33718653  0.05326708  0.04329368  0.02373987  0.00000000  0.09455638  0.43958173  0.41466831  0.43118406  0.44807543  0.39851183  0.41466831  0.40654614  0.43118406  0.30127993  0.28738962  0.39056349  0.35959437  
5_0_0      0.30832372  0.30127993  0.35959437  0.11065146  0.09988275  0.08926794  0.09455638  0.00000000  0.41466831  0.42288028  0.43958173  0.47415534  0.40654614  0.41466831  0.41466831  0.45666739  0.28738962  0.30127993  0.34458095  0.34458095  
15_0_0     0.49206500  0.51041721  0.52923438  0.41466831  0.39851183  0.39851183  0.43958173  0.41466831  0.00000000  0.05326708  0.02858027  0.12710305  0.09988275  0.15535900  0.09455638  0.11609493  0.47415534  0.43958173  0.49206500  0.50118442  
20_0_0     0.44807543  0.46535990  0.48305619  0.40654614  0.39056349  0.39056349  0.41466831  0.42288028  0.05326708  0.00000000  0.02373987  0.13266890  0.10524759  0.15535900  0.09988275  0.12157860  0.51976620  0.44807543  0.50118442  0.51041721  
8_0_0      0.48305619  0.50118442  0.51976620  0.42288028  0.40654614  0.40654614  0.43118406  0.43958173  0.02858027  0.02373987  0.00000000  0.10524759  0.07880270  0.12710305  0.07362486  0.10524759  0.50118442  0.44807543  0.50118442  0.51041721  
16_0_0     0.43118406  0.44807543  0.53882481  0.43958173  0.42288028  0.42288028  0.44807543  0.47415534  0.12710305  0.13266890  0.10524759  0.00000000  0.09988275  0.17284336  0.08401689  0.12710305  0.54854070  0.49206500  0.54854070  0.55838536  
7_0_0      0.47415534  0.49206500  0.54854070  0.38269932  0.37491753  0.37491753  0.39851183  0.40654614  0.09988275  0.10524759  0.07880270  0.09988275  0.00000000  0.08926794  0.05830445  0.09455638  0.50118442  0.45666739  0.51976620  0.51041721  
18_0_0     0.52923438  0.52923438  0.48305619  0.39851183  0.39851183  0.38269932  0.41466831  0.41466831  0.15535900  0.15535900  0.12710305  0.17284336  0.08926794  0.00000000  0.11065146  0.16696939  0.50118442  0.44807543  0.49206500  0.50118442  
9_0_0      0.49206500  0.51041721  0.52923438  0.38269932  0.38269932  0.38269932  0.40654614  0.41466831  0.09455638  0.09988275  0.07362486  0.08401689  0.05830445  0.11065146  0.00000000  0.08926794  0.51041721  0.45666739  0.49206500  0.50118442  
19_0_0     0.50118442  0.51976620  0.57847502  0.43958173  0.42288028  0.42288028  0.43118406  0.45666739  0.11609493  0.12157860  0.10524759  0.12710305  0.09455638  0.16696939  0.08926794  0.00000000  0.49206500  0.42288028  0.49206500  0.49206500  
4_0_0      0.39056349  0.39851183  0.41466831  0.31543496  0.30832372  0.30832372  0.30127993  0.28738962  0.47415534  0.51976620  0.50118442  0.54854070  0.50118442  0.50118442  0.51041721  0.49206500  0.00000000  0.08926794  0.16696939  0.15535900  
13_0_0     0.35204972  0.35959437  0.41466831  0.30832372  0.30832372  0.29430230  0.28738962  0.30127993  0.43958173  0.44807543  0.44807543  0.49206500  0.45666739  0.44807543  0.45666739  0.42288028  0.08926794  0.00000000  0.10524759  0.10524759  
10_0_0     0.39056349  0.36721644  0.50118442  0.39056349  0.39056349  0.39851183  0.39056349  0.34458095  0.49206500  0.50118442  0.50118442  0.54854070  0.51976620  0.49206500  0.49206500  0.49206500  0.16696939  0.10524759  0.00000000  0.04826364  
12_0_0     0.39851183  0.40654614  0.49206500  0.36721644  0.36721644  0.36721644  0.35959437  0.34458095  0.50118442  0.51041721  0.51041721  0.55838536  0.51041721  0.50118442  0.50118442  0.49206500  0.15535900  0.10524759  0.04826364  0.00000000  

