15
57_1_0     0.00000000  0.01592195  0.03220218  0.02401627  0.17759856  0.16760320  0.16760320  0.17759856  0.15774403  0.24065680  0.24065680  0.20844091  0.17759856  0.16760320  0.29775852  
10_1_0     0.01592195  0.00000000  0.01592195  0.00791718  0.16760320  0.15774403  0.15774403  0.17759856  0.15774403  0.24065680  0.21902095  0.20844091  0.17759856  0.16760320  0.29775852  
57_4_0     0.03220218  0.01592195  0.00000000  0.00791718  0.16760320  0.15774403  0.15774403  0.19801336  0.17759856  0.25172229  0.22975800  0.21902095  0.17759856  0.18773396  0.29775852  
10_4_0     0.02401627  0.00791718  0.00791718  0.00000000  0.15774403  0.14801742  0.14801742  0.18773396  0.16760320  0.24065680  0.21902095  0.20844091  0.16760320  0.17759856  0.28597194  
87_1_0     0.17759856  0.16760320  0.16760320  0.15774403  0.00000000  0.00791718  0.02401627  0.25172229  0.25172229  0.28597194  0.27437431  0.26295966  0.18773396  0.19801336  0.26295966  
15_1_0     0.16760320  0.15774403  0.15774403  0.14801742  0.00791718  0.00000000  0.01592195  0.26295966  0.26295966  0.29775852  0.28597194  0.27437431  0.19801336  0.20844091  0.26295966  
17_1_0     0.16760320  0.15774403  0.15774403  0.14801742  0.02401627  0.01592195  0.00000000  0.26295966  0.26295966  0.27437431  0.26295966  0.25172229  0.17759856  0.20844091  0.28597194  
76_2_0     0.17759856  0.17759856  0.19801336  0.18773396  0.25172229  0.26295966  0.26295966  0.00000000  0.01592195  0.15774403  0.14801742  0.12894790  0.18773396  0.19801336  0.32192384  
76_3_0     0.15774403  0.15774403  0.17759856  0.16760320  0.25172229  0.26295966  0.26295966  0.01592195  0.00000000  0.13841983  0.12894790  0.11036811  0.18773396  0.19801336  0.32192384  
17_2_0     0.24065680  0.24065680  0.25172229  0.24065680  0.28597194  0.29775852  0.27437431  0.15774403  0.13841983  0.00000000  0.10125413  0.10125413  0.20844091  0.24065680  0.30974029  
87_2_0     0.24065680  0.21902095  0.22975800  0.21902095  0.27437431  0.28597194  0.26295966  0.14801742  0.12894790  0.10125413  0.00000000  0.03220218  0.20844091  0.27437431  0.38612328  
15_2_0     0.20844091  0.20844091  0.21902095  0.20844091  0.26295966  0.27437431  0.25172229  0.12894790  0.11036811  0.10125413  0.03220218  0.00000000  0.19801336  0.26295966  0.35975606  
53_1_0     0.17759856  0.17759856  0.17759856  0.16760320  0.18773396  0.19801336  0.17759856  0.18773396  0.18773396  0.20844091  0.20844091  0.19801336  0.00000000  0.12894790  0.27437431  
81_1_0     0.16760320  0.16760320  0.18773396  0.17759856  0.19801336  0.20844091  0.20844091  0.19801336  0.19801336  0.24065680  0.27437431  0.26295966  0.12894790  0.00000000  0.29775852  
56_1_0     0.29775852  0.29775852  0.29775852  0.28597194  0.26295966  0.26295966  0.28597194  0.32192384  0.32192384  0.30974029  0.38612328  0.35975606  0.27437431  0.29775852  0.00000000  

