126
9_0_0      0.00000000  0.01068630  0.03530563  0.02976398  0.04088877  0.08118716  0.03530563  0.03530563  0.16565294  0.16234783  0.14927196  0.14927196  0.24601908  0.24233873  0.22063015  0.23503208  0.23140544  0.21353219  0.21707272  0.22779635  0.23867645  0.25343474  0.23867645  0.23867645  0.23867645  0.24233873  0.23140544  0.24971769  0.23503208  0.22779635  0.22420464  0.22779635  0.22063015  0.21353219  0.22063015  0.23867645  0.23140544  0.23140544  0.24971769  0.22779635  0.22063015  0.21707272  0.20301035  0.21000838  0.24971769  0.23503208  0.23503208  0.23503208  0.23503208  0.22779635  0.23503208  0.23503208  0.23503208  0.25343474  0.22063015  0.21353219  0.21353219  0.22779635  0.22063015  0.20650116  0.24971769  0.24601908  0.24233873  0.22420464  0.22063015  0.24601908  0.24233873  0.19607739  0.21707272  0.21707272  0.21000838  0.20650116  0.19953581  0.23140544  0.23503208  0.23503208  0.24233873  0.24601908  0.22779635  0.23503208  0.23503208  0.21707272  0.24601908  0.23503208  0.23140544  0.23140544  0.22063015  0.21000838  0.21000838  0.22420464  0.22420464  0.25343474  0.23867645  0.23867645  0.23140544  0.23867645  0.26849106  0.24601908  0.22420464  0.21353219  0.22063015  0.20301035  0.23867645  0.22420464  0.21707272  0.21353219  0.21353219  0.21353219  0.21353219  0.21000838  0.19953581  0.20301035  0.21353219  0.21353219  0.21353219  0.21000838  0.22420464  0.22063015  0.21707272  0.23503208  0.24233873  0.24233873  0.24601908  0.24601908  0.23503208  0.23503208  
7_0_0      0.01068630  0.00000000  0.02976398  0.02426322  0.03530563  0.07529517  0.02976398  0.02976398  0.15905730  0.15578123  0.14281903  0.14281903  0.23140544  0.22779635  0.22063015  0.22779635  0.22420464  0.20650116  0.21000838  0.21353219  0.23140544  0.24601908  0.22420464  0.22420464  0.22420464  0.22779635  0.22420464  0.23503208  0.22063015  0.21353219  0.21707272  0.21353219  0.20650116  0.19953581  0.20650116  0.22420464  0.21707272  0.21707272  0.23503208  0.21353219  0.21353219  0.21707272  0.20301035  0.20301035  0.24233873  0.22779635  0.22779635  0.22779635  0.22779635  0.22063015  0.22779635  0.22779635  0.22779635  0.24601908  0.21353219  0.20650116  0.20650116  0.22063015  0.21353219  0.19953581  0.23503208  0.23140544  0.22779635  0.21707272  0.21353219  0.23867645  0.22779635  0.18240192  0.20301035  0.20301035  0.19607739  0.19263493  0.18579734  0.21707272  0.22063015  0.22063015  0.24233873  0.24233873  0.22063015  0.22779635  0.22779635  0.21000838  0.23867645  0.22779635  0.21707272  0.21707272  0.20650116  0.19607739  0.19607739  0.21000838  0.21000838  0.24601908  0.22420464  0.22420464  0.21707272  0.22420464  0.25343474  0.23140544  0.21000838  0.20650116  0.20650116  0.18920830  0.23140544  0.21707272  0.20301035  0.19953581  0.19953581  0.19953581  0.19953581  0.20650116  0.19607739  0.19953581  0.21000838  0.21000838  0.21000838  0.20650116  0.22063015  0.21707272  0.20301035  0.22063015  0.22779635  0.22779635  0.23140544  0.23140544  0.22063015  0.22063015  
14_0_0     0.03530563  0.02976398  0.00000000  0.01068630  0.03252966  0.07236654  0.02700853  0.02700853  0.16234783  0.15905730  0.14603852  0.14603852  0.22779635  0.22779635  0.21353219  0.22063015  0.22063015  0.19953581  0.20301035  0.20650116  0.21707272  0.23867645  0.22420464  0.22420464  0.23140544  0.23503208  0.22063015  0.23140544  0.21707272  0.21000838  0.21353219  0.21000838  0.20301035  0.19953581  0.20650116  0.22420464  0.21707272  0.21707272  0.23503208  0.21353219  0.20301035  0.19953581  0.19953581  0.19953581  0.23140544  0.22063015  0.22063015  0.22063015  0.22063015  0.21707272  0.22420464  0.22420464  0.22420464  0.24233873  0.21000838  0.20301035  0.20301035  0.21353219  0.20650116  0.19953581  0.23140544  0.22779635  0.22420464  0.20650116  0.20301035  0.22420464  0.22420464  0.18579734  0.21353219  0.21353219  0.20650116  0.20650116  0.19607739  0.22779635  0.22063015  0.21353219  0.24233873  0.24233873  0.23140544  0.23867645  0.23867645  0.22063015  0.24971769  0.23867645  0.22420464  0.22420464  0.21353219  0.19607739  0.19607739  0.21707272  0.21000838  0.23503208  0.22063015  0.22063015  0.21353219  0.22420464  0.25717041  0.23503208  0.21000838  0.20301035  0.21000838  0.19607739  0.22779635  0.21707272  0.19607739  0.19263493  0.19263493  0.19263493  0.19263493  0.19263493  0.18240192  0.18579734  0.19263493  0.19607739  0.19607739  0.19263493  0.21707272  0.21000838  0.20650116  0.22779635  0.22063015  0.22063015  0.22063015  0.22063015  0.21353219  0.21353219  
13_0_0     0.02976398  0.02426322  0.01068630  0.00000000  0.02700853  0.06654358  0.02152799  0.02152799  0.15578123  0.15251949  0.13961339  0.13961339  0.23503208  0.22779635  0.21353219  0.22063015  0.22063015  0.20650116  0.21000838  0.21353219  0.22420464  0.23867645  0.23140544  0.23140544  0.23140544  0.23503208  0.22779635  0.23867645  0.22420464  0.21707272  0.22063015  0.21707272  0.21000838  0.20650116  0.21353219  0.23140544  0.22420464  0.22420464  0.24233873  0.22063015  0.21000838  0.20650116  0.19953581  0.19953581  0.23140544  0.22779635  0.22779635  0.22779635  0.22779635  0.22063015  0.22779635  0.22779635  0.22779635  0.24601908  0.21000838  0.20301035  0.20301035  0.21353219  0.20650116  0.19263493  0.23140544  0.22779635  0.22420464  0.20650116  0.20301035  0.22420464  0.22420464  0.18579734  0.20650116  0.20650116  0.19953581  0.19953581  0.18920830  0.22063015  0.22063015  0.22063015  0.24233873  0.24233873  0.22420464  0.23140544  0.23140544  0.20650116  0.24233873  0.22420464  0.22420464  0.22420464  0.21353219  0.20301035  0.20301035  0.21707272  0.21707272  0.24233873  0.22063015  0.22063015  0.21353219  0.22420464  0.25717041  0.23503208  0.21000838  0.20301035  0.21000838  0.19607739  0.22779635  0.21707272  0.20301035  0.19953581  0.19953581  0.19953581  0.19953581  0.19953581  0.18920830  0.18579734  0.19263493  0.19607739  0.19607739  0.19263493  0.22420464  0.21000838  0.20650116  0.22779635  0.22779635  0.22779635  0.22779635  0.22779635  0.22063015  0.22063015  
7_1_0      0.04088877  0.03530563  0.03252966  0.02700853  0.00000000  0.05503233  0.02152799  0.02152799  0.15251949  0.14927196  0.14281903  0.14281903  0.23140544  0.22420464  0.21000838  0.21707272  0.21707272  0.21707272  0.22063015  0.23140544  0.23867645  0.25343474  0.23867645  0.23867645  0.23867645  0.24233873  0.23503208  0.25343474  0.23867645  0.23140544  0.23503208  0.22063015  0.22420464  0.21707272  0.22420464  0.24233873  0.23503208  0.23503208  0.24601908  0.22779635  0.22420464  0.21353219  0.20650116  0.20650116  0.26092489  0.24601908  0.24601908  0.24601908  0.24601908  0.23867645  0.23867645  0.23867645  0.23867645  0.25717041  0.22420464  0.21707272  0.21707272  0.23140544  0.22420464  0.21000838  0.24971769  0.24601908  0.24233873  0.22420464  0.22063015  0.24601908  0.24233873  0.20301035  0.21000838  0.21000838  0.20301035  0.20301035  0.19263493  0.22063015  0.22420464  0.22420464  0.24233873  0.24233873  0.23140544  0.23867645  0.23867645  0.21353219  0.24233873  0.23140544  0.22063015  0.22063015  0.20301035  0.19263493  0.19263493  0.20650116  0.19953581  0.24601908  0.21707272  0.22063015  0.22420464  0.22779635  0.24971769  0.23503208  0.21353219  0.20301035  0.21000838  0.19263493  0.22420464  0.21353219  0.19607739  0.19263493  0.19263493  0.18579734  0.18579734  0.18579734  0.18240192  0.18579734  0.19953581  0.18920830  0.18920830  0.19263493  0.22420464  0.21707272  0.19953581  0.22063015  0.22063015  0.22063015  0.22063015  0.22063015  0.21353219  0.21353219  
9_1_0      0.08118716  0.07529517  0.07236654  0.06654358  0.05503233  0.00000000  0.06654358  0.06654358  0.18579734  0.18240192  0.17565711  0.17565711  0.26092489  0.26849106  0.24233873  0.24971769  0.26469838  0.24971769  0.24601908  0.23867645  0.23867645  0.25717041  0.25343474  0.26849106  0.26092489  0.26469838  0.26092489  0.26469838  0.26469838  0.25717041  0.24233873  0.24233873  0.23867645  0.23140544  0.24601908  0.25717041  0.24971769  0.24971769  0.26092489  0.24233873  0.23867645  0.22063015  0.22420464  0.22420464  0.25717041  0.24233873  0.24233873  0.24233873  0.25717041  0.23503208  0.23867645  0.23867645  0.23867645  0.25343474  0.23867645  0.23867645  0.23867645  0.24233873  0.23867645  0.23140544  0.25343474  0.24971769  0.24601908  0.23140544  0.22779635  0.24601908  0.24601908  0.21707272  0.24971769  0.24971769  0.24233873  0.23140544  0.22063015  0.25343474  0.26092489  0.26092489  0.28774936  0.28385770  0.27998624  0.28385770  0.28385770  0.24971769  0.27230313  0.26849106  0.26849106  0.26849106  0.23867645  0.22063015  0.22063015  0.24971769  0.24971769  0.26469838  0.24971769  0.25343474  0.24971769  0.25717041  0.29166144  0.27230313  0.24971769  0.24233873  0.25343474  0.22063015  0.24971769  0.23140544  0.23140544  0.22779635  0.22779635  0.22779635  0.22779635  0.22779635  0.23140544  0.24233873  0.23503208  0.23867645  0.23867645  0.24233873  0.25343474  0.24971769  0.23140544  0.25343474  0.25717041  0.25717041  0.25343474  0.25343474  0.25717041  0.25717041  
14_1_0     0.03530563  0.02976398  0.02700853  0.02152799  0.02152799  0.06654358  0.00000000  0.00532400  0.15578123  0.15251949  0.13961339  0.13961339  0.23140544  0.23140544  0.21000838  0.22420464  0.22420464  0.22063015  0.22420464  0.22063015  0.22779635  0.25343474  0.23140544  0.23140544  0.23140544  0.23503208  0.23140544  0.24971769  0.23503208  0.22779635  0.23140544  0.21000838  0.22063015  0.21353219  0.22063015  0.23867645  0.23140544  0.23140544  0.24233873  0.22779635  0.21353219  0.21707272  0.21000838  0.21000838  0.25717041  0.24233873  0.24233873  0.24233873  0.23503208  0.23503208  0.24233873  0.24233873  0.24233873  0.26092489  0.21707272  0.21353219  0.21353219  0.22779635  0.22063015  0.20650116  0.24601908  0.22779635  0.23867645  0.21353219  0.21000838  0.23503208  0.23140544  0.19953581  0.20650116  0.20650116  0.19953581  0.19953581  0.18920830  0.21000838  0.22063015  0.22063015  0.23867645  0.23867645  0.22779635  0.23503208  0.23503208  0.21000838  0.23867645  0.22779635  0.21707272  0.21707272  0.21353219  0.20301035  0.20301035  0.21707272  0.21707272  0.24233873  0.22779635  0.22420464  0.22779635  0.23867645  0.25343474  0.24601908  0.21707272  0.20301035  0.21000838  0.19607739  0.23503208  0.22420464  0.21000838  0.20650116  0.20650116  0.20650116  0.20650116  0.20650116  0.19607739  0.19953581  0.20650116  0.21000838  0.21000838  0.20650116  0.22779635  0.22063015  0.21000838  0.23140544  0.22063015  0.22063015  0.22779635  0.22779635  0.22420464  0.22420464  
13_1_0     0.03530563  0.02976398  0.02700853  0.02152799  0.02152799  0.06654358  0.00532400  0.00000000  0.15578123  0.15251949  0.13961339  0.13961339  0.22420464  0.22420464  0.20301035  0.21707272  0.21707272  0.21353219  0.21707272  0.22063015  0.22779635  0.24601908  0.22779635  0.22779635  0.22779635  0.23140544  0.22779635  0.24601908  0.23140544  0.22420464  0.22779635  0.20301035  0.21353219  0.20650116  0.21353219  0.23140544  0.22420464  0.22420464  0.23503208  0.22063015  0.21353219  0.21000838  0.20301035  0.20301035  0.24971769  0.23503208  0.23503208  0.23503208  0.23503208  0.22779635  0.23503208  0.23503208  0.23503208  0.25343474  0.21000838  0.20650116  0.20650116  0.22063015  0.21353219  0.19953581  0.23867645  0.22779635  0.23140544  0.20650116  0.20301035  0.22779635  0.22420464  0.19263493  0.19953581  0.19953581  0.19263493  0.19263493  0.18240192  0.21000838  0.21353219  0.21353219  0.23140544  0.23140544  0.22063015  0.22779635  0.22779635  0.20301035  0.23140544  0.22063015  0.21000838  0.21000838  0.20650116  0.19607739  0.19607739  0.21000838  0.21000838  0.23503208  0.22063015  0.21707272  0.22063015  0.23140544  0.24601908  0.23867645  0.21000838  0.19607739  0.20301035  0.18920830  0.22779635  0.21707272  0.21000838  0.20650116  0.20650116  0.20650116  0.20650116  0.20650116  0.19607739  0.19953581  0.20650116  0.21000838  0.21000838  0.20650116  0.22063015  0.21353219  0.20301035  0.22420464  0.22063015  0.22063015  0.22779635  0.22779635  0.21707272  0.21707272  
10_0_0     0.16565294  0.15905730  0.16234783  0.15578123  0.15251949  0.18579734  0.15578123  0.15578123  0.00000000  0.00265725  0.02152799  0.02152799  0.20301035  0.20650116  0.16565294  0.17565711  0.17902189  0.18240192  0.18920830  0.16897277  0.16565294  0.21707272  0.22063015  0.22063015  0.21353219  0.21707272  0.20650116  0.21707272  0.21000838  0.20301035  0.18920830  0.18579734  0.17902189  0.17902189  0.19263493  0.19263493  0.19263493  0.19263493  0.20301035  0.19607739  0.17230745  0.17230745  0.16897277  0.16897277  0.19263493  0.19953581  0.19953581  0.19953581  0.18579734  0.18920830  0.20650116  0.20650116  0.20650116  0.21707272  0.19263493  0.18920830  0.18920830  0.17565711  0.16234783  0.18240192  0.21000838  0.19953581  0.19607739  0.18579734  0.18920830  0.19953581  0.19263493  0.17230745  0.16897277  0.16897277  0.16897277  0.15578123  0.15905730  0.18579734  0.18240192  0.18240192  0.20650116  0.20301035  0.19953581  0.20650116  0.20650116  0.17565711  0.20301035  0.19263493  0.18240192  0.18240192  0.18240192  0.13961339  0.13961339  0.14927196  0.15578123  0.22063015  0.17902189  0.18579734  0.17902189  0.18579734  0.17902189  0.16234783  0.16234783  0.16234783  0.16897277  0.14927196  0.18579734  0.17565711  0.17565711  0.17902189  0.17902189  0.17230745  0.17230745  0.15578123  0.17230745  0.16234783  0.18240192  0.17230745  0.16897277  0.17565711  0.19953581  0.19263493  0.16897277  0.17902189  0.19953581  0.19953581  0.18920830  0.18920830  0.18579734  0.18579734  
4_0_0      0.16234783  0.15578123  0.15905730  0.15251949  0.14927196  0.18240192  0.15251949  0.15251949  0.00265725  0.00000000  0.01880275  0.01880275  0.19953581  0.20301035  0.16234783  0.17230745  0.17565711  0.17902189  0.18579734  0.16565294  0.16234783  0.21353219  0.21707272  0.21707272  0.21000838  0.21353219  0.20301035  0.21353219  0.20650116  0.19953581  0.18579734  0.18240192  0.17565711  0.17565711  0.18920830  0.18920830  0.18920830  0.18920830  0.19953581  0.19263493  0.16897277  0.16897277  0.16565294  0.16565294  0.18920830  0.19607739  0.19607739  0.19607739  0.18240192  0.18579734  0.20301035  0.20301035  0.20301035  0.21353219  0.18920830  0.18579734  0.18579734  0.17230745  0.15905730  0.17902189  0.20650116  0.19607739  0.19263493  0.18240192  0.18579734  0.19607739  0.18920830  0.16897277  0.16565294  0.16565294  0.16565294  0.15251949  0.15578123  0.18240192  0.17902189  0.17902189  0.20301035  0.19953581  0.19607739  0.20301035  0.20301035  0.17230745  0.19953581  0.18920830  0.17902189  0.17902189  0.17902189  0.13642147  0.13642147  0.14603852  0.15251949  0.21707272  0.17565711  0.18240192  0.17565711  0.18240192  0.17565711  0.15905730  0.15905730  0.15905730  0.16565294  0.14603852  0.18240192  0.17230745  0.17230745  0.17565711  0.17565711  0.16897277  0.16897277  0.15251949  0.16897277  0.15905730  0.17902189  0.16897277  0.16565294  0.17230745  0.19607739  0.18920830  0.16565294  0.17565711  0.19607739  0.19607739  0.18579734  0.18579734  0.18240192  0.18240192  
8_0_0      0.14927196  0.14281903  0.14603852  0.13961339  0.14281903  0.17565711  0.13961339  0.13961339  0.02152799  0.01880275  0.00000000  0.00000000  0.18579734  0.19607739  0.15251949  0.16897277  0.17230745  0.16565294  0.17230745  0.14603852  0.14927196  0.19953581  0.19953581  0.19953581  0.19263493  0.19607739  0.18240192  0.19263493  0.19263493  0.18579734  0.17230745  0.16897277  0.16234783  0.16234783  0.17565711  0.17565711  0.17565711  0.17565711  0.18579734  0.17565711  0.16897277  0.17565711  0.17230745  0.17230745  0.17565711  0.17565711  0.17565711  0.17565711  0.16897277  0.17230745  0.18920830  0.18920830  0.18920830  0.19953581  0.18579734  0.18240192  0.18240192  0.16234783  0.15578123  0.16897277  0.18579734  0.17565711  0.17230745  0.16897277  0.16565294  0.17565711  0.16897277  0.14927196  0.15251949  0.15251949  0.14603852  0.13961339  0.14281903  0.16897277  0.17230745  0.17230745  0.18240192  0.17902189  0.17565711  0.18240192  0.18240192  0.15905730  0.17902189  0.16897277  0.16897277  0.16897277  0.17565711  0.13642147  0.13642147  0.14603852  0.15251949  0.20301035  0.17565711  0.17565711  0.16897277  0.18240192  0.17565711  0.15905730  0.15251949  0.15251949  0.15905730  0.13961339  0.17565711  0.16565294  0.16565294  0.16897277  0.16897277  0.16234783  0.16234783  0.15905730  0.16897277  0.15905730  0.16897277  0.16897277  0.16565294  0.17230745  0.18240192  0.17565711  0.15905730  0.16897277  0.19263493  0.19263493  0.17565711  0.17565711  0.17565711  0.17565711  
3_0_0      0.14927196  0.14281903  0.14603852  0.13961339  0.14281903  0.17565711  0.13961339  0.13961339  0.02152799  0.01880275  0.00000000  0.00000000  0.18579734  0.19607739  0.15251949  0.16897277  0.17230745  0.16565294  0.17230745  0.14603852  0.14927196  0.19953581  0.19953581  0.19953581  0.19263493  0.19607739  0.18240192  0.19263493  0.19263493  0.18579734  0.17230745  0.16897277  0.16234783  0.16234783  0.17565711  0.17565711  0.17565711  0.17565711  0.18579734  0.17565711  0.16897277  0.17565711  0.17230745  0.17230745  0.17565711  0.17565711  0.17565711  0.17565711  0.16897277  0.17230745  0.18920830  0.18920830  0.18920830  0.19953581  0.18579734  0.18240192  0.18240192  0.16234783  0.15578123  0.16897277  0.18579734  0.17565711  0.17230745  0.16897277  0.16565294  0.17565711  0.16897277  0.14927196  0.15251949  0.15251949  0.14603852  0.13961339  0.14281903  0.16897277  0.17230745  0.17230745  0.18240192  0.17902189  0.17565711  0.18240192  0.18240192  0.15905730  0.17902189  0.16897277  0.16897277  0.16897277  0.17565711  0.13642147  0.13642147  0.14603852  0.15251949  0.20301035  0.17565711  0.17565711  0.16897277  0.18240192  0.17565711  0.15905730  0.15251949  0.15251949  0.15905730  0.13961339  0.17565711  0.16565294  0.16565294  0.16897277  0.16897277  0.16234783  0.16234783  0.15905730  0.16897277  0.15905730  0.16897277  0.16897277  0.16565294  0.17230745  0.18240192  0.17565711  0.15905730  0.16897277  0.19263493  0.19263493  0.17565711  0.17565711  0.17565711  0.17565711  
1_0_0      0.24601908  0.23140544  0.22779635  0.23503208  0.23140544  0.26092489  0.23140544  0.22420464  0.20301035  0.19953581  0.18579734  0.18579734  0.00000000  0.04934267  0.08415071  0.09914776  0.10829295  0.20650116  0.22063015  0.19607739  0.20650116  0.24233873  0.22420464  0.22420464  0.22420464  0.22779635  0.21353219  0.20301035  0.22420464  0.22420464  0.21353219  0.18240192  0.18920830  0.18920830  0.19607739  0.20301035  0.19953581  0.19953581  0.20301035  0.20301035  0.23503208  0.23867645  0.23503208  0.23503208  0.22063015  0.21707272  0.21707272  0.21707272  0.22063015  0.22420464  0.23140544  0.23140544  0.23140544  0.24971769  0.26469838  0.26092489  0.26849106  0.24233873  0.23867645  0.24233873  0.22779635  0.22779635  0.22063015  0.23140544  0.22420464  0.22420464  0.22420464  0.21000838  0.22779635  0.22779635  0.22063015  0.21000838  0.21353219  0.23140544  0.22063015  0.20650116  0.24971769  0.24601908  0.24233873  0.24971769  0.24971769  0.23140544  0.24233873  0.23867645  0.22779635  0.22779635  0.22420464  0.19263493  0.19263493  0.18920830  0.19263493  0.22063015  0.23140544  0.22779635  0.23140544  0.24601908  0.21707272  0.19953581  0.19953581  0.19953581  0.19953581  0.18579734  0.23503208  0.24233873  0.20650116  0.21000838  0.21000838  0.20301035  0.20301035  0.22063015  0.24971769  0.22779635  0.23503208  0.23503208  0.22779635  0.22779635  0.21353219  0.22420464  0.22779635  0.21707272  0.21000838  0.21000838  0.22779635  0.22779635  0.21000838  0.21000838  
11_0_0     0.24233873  0.22779635  0.22779635  0.22779635  0.22420464  0.26849106  0.23140544  0.22420464  0.20650116  0.20301035  0.19607739  0.19607739  0.04934267  0.00000000  0.12066370  0.12378872  0.12692690  0.19953581  0.21353219  0.22779635  0.23140544  0.23867645  0.24971769  0.24233873  0.24233873  0.24601908  0.23140544  0.21353219  0.23503208  0.23503208  0.23867645  0.21353219  0.20650116  0.20650116  0.21353219  0.21353219  0.21000838  0.21000838  0.20650116  0.22063015  0.23867645  0.23503208  0.23867645  0.23867645  0.24601908  0.24233873  0.24233873  0.24233873  0.23867645  0.24233873  0.24971769  0.24971769  0.24971769  0.26849106  0.26092489  0.24601908  0.25343474  0.23503208  0.23140544  0.22779635  0.24601908  0.25343474  0.23867645  0.24971769  0.24971769  0.24971769  0.24971769  0.22063015  0.22420464  0.22420464  0.21707272  0.22063015  0.22420464  0.24233873  0.23867645  0.22420464  0.25717041  0.25717041  0.23867645  0.24601908  0.24601908  0.24233873  0.25343474  0.24233873  0.23503208  0.23503208  0.22420464  0.21707272  0.21707272  0.20650116  0.21707272  0.24601908  0.25717041  0.25343474  0.25717041  0.26469838  0.23867645  0.22420464  0.21000838  0.23140544  0.22420464  0.21707272  0.22063015  0.24601908  0.21707272  0.21353219  0.21353219  0.22063015  0.22063015  0.24233873  0.25717041  0.23503208  0.24971769  0.23503208  0.22779635  0.24971769  0.22063015  0.23140544  0.23140544  0.22779635  0.23867645  0.23867645  0.24233873  0.24233873  0.22063015  0.22063015  
12_0_0     0.22063015  0.22063015  0.21353219  0.21353219  0.21000838  0.24233873  0.21000838  0.20301035  0.16565294  0.16234783  0.15251949  0.15251949  0.08415071  0.12066370  0.00000000  0.04651404  0.06364906  0.17902189  0.19953581  0.18579734  0.18920830  0.23867645  0.22420464  0.22420464  0.22420464  0.22779635  0.19953581  0.19953581  0.21707272  0.21707272  0.20650116  0.17565711  0.17902189  0.18240192  0.18920830  0.18579734  0.18579734  0.18579734  0.19953581  0.20301035  0.20650116  0.20650116  0.19953581  0.19263493  0.21353219  0.21707272  0.21707272  0.21707272  0.21707272  0.22063015  0.24233873  0.24233873  0.24233873  0.25343474  0.22063015  0.21707272  0.22420464  0.21353219  0.20650116  0.20650116  0.21707272  0.21707272  0.21353219  0.20650116  0.20650116  0.19953581  0.21353219  0.19953581  0.20301035  0.20301035  0.19607739  0.18240192  0.18579734  0.20301035  0.19953581  0.18579734  0.23503208  0.23503208  0.22779635  0.23503208  0.23503208  0.21353219  0.22779635  0.22420464  0.21353219  0.21353219  0.22063015  0.17902189  0.17902189  0.18240192  0.18579734  0.22420464  0.21353219  0.21707272  0.22063015  0.23867645  0.19953581  0.19953581  0.18579734  0.17902189  0.18579734  0.18240192  0.21353219  0.22063015  0.19263493  0.18920830  0.18920830  0.18920830  0.18920830  0.18920830  0.21707272  0.20301035  0.21707272  0.21000838  0.20301035  0.19607739  0.19607739  0.19607739  0.19607739  0.19953581  0.21353219  0.21353219  0.21707272  0.21707272  0.19263493  0.19263493  
2_0_0      0.23503208  0.22779635  0.22063015  0.22063015  0.21707272  0.24971769  0.22420464  0.21707272  0.17565711  0.17230745  0.16897277  0.16897277  0.09914776  0.12378872  0.04651404  0.00000000  0.02152799  0.19607739  0.21000838  0.19607739  0.19263493  0.23867645  0.22063015  0.22063015  0.21353219  0.21707272  0.21000838  0.20301035  0.20650116  0.20650116  0.21000838  0.17902189  0.17565711  0.17902189  0.18579734  0.18920830  0.18920830  0.18920830  0.20301035  0.19263493  0.21000838  0.20301035  0.21000838  0.20301035  0.21707272  0.22063015  0.22063015  0.22063015  0.21353219  0.23140544  0.24601908  0.24601908  0.24601908  0.25717041  0.23503208  0.22779635  0.23503208  0.21707272  0.21000838  0.21707272  0.21353219  0.22779635  0.21707272  0.21353219  0.21707272  0.22420464  0.22420464  0.19607739  0.20650116  0.20650116  0.19953581  0.18920830  0.19263493  0.20301035  0.19953581  0.18579734  0.25717041  0.25343474  0.23503208  0.24233873  0.24233873  0.22779635  0.24971769  0.24601908  0.23867645  0.23867645  0.22420464  0.18240192  0.18240192  0.17902189  0.18240192  0.24233873  0.21707272  0.21353219  0.21707272  0.24233873  0.20301035  0.20301035  0.19607739  0.18579734  0.18579734  0.18579734  0.21000838  0.21707272  0.19607739  0.19953581  0.19953581  0.18579734  0.18579734  0.19607739  0.21707272  0.21000838  0.22420464  0.21000838  0.20301035  0.20301035  0.20301035  0.19607739  0.21353219  0.21000838  0.21707272  0.21707272  0.22779635  0.22779635  0.20301035  0.20301035  
5_0_0      0.23140544  0.22420464  0.22063015  0.22063015  0.21707272  0.26469838  0.22420464  0.21707272  0.17902189  0.17565711  0.17230745  0.17230745  0.10829295  0.12692690  0.06364906  0.02152799  0.00000000  0.18920830  0.20301035  0.20301035  0.19953581  0.24233873  0.20650116  0.20650116  0.20650116  0.21000838  0.21000838  0.21000838  0.19953581  0.19953581  0.21000838  0.16565294  0.16234783  0.16565294  0.17230745  0.18240192  0.18240192  0.18240192  0.19607739  0.17902189  0.21707272  0.21000838  0.21707272  0.21000838  0.21707272  0.22063015  0.22063015  0.22063015  0.20650116  0.23140544  0.24601908  0.24601908  0.24601908  0.25717041  0.23503208  0.22063015  0.22779635  0.21000838  0.20301035  0.21000838  0.22779635  0.22779635  0.21707272  0.22063015  0.22420464  0.23140544  0.22420464  0.18920830  0.21353219  0.21353219  0.20650116  0.18920830  0.19953581  0.21000838  0.20650116  0.19263493  0.24971769  0.24601908  0.22779635  0.23503208  0.23503208  0.22779635  0.24971769  0.23867645  0.22420464  0.22420464  0.21000838  0.18240192  0.18240192  0.17230745  0.17565711  0.24971769  0.22420464  0.22063015  0.22420464  0.22779635  0.19607739  0.18920830  0.19607739  0.18579734  0.18579734  0.18579734  0.19607739  0.21000838  0.18920830  0.19263493  0.19263493  0.17902189  0.17902189  0.19607739  0.21000838  0.20301035  0.21707272  0.20301035  0.19607739  0.20301035  0.20301035  0.20301035  0.22063015  0.21000838  0.21000838  0.21000838  0.22779635  0.22779635  0.20301035  0.20301035  
40_0_0     0.21353219  0.20650116  0.19953581  0.20650116  0.21707272  0.24971769  0.22063015  0.21353219  0.18240192  0.17902189  0.16565294  0.16565294  0.20650116  0.19953581  0.17902189  0.19607739  0.18920830  0.00000000  0.02152799  0.11445267  0.12378872  0.14927196  0.15578123  0.15578123  0.15578123  0.15905730  0.13007834  0.13642147  0.13961339  0.13961339  0.13007834  0.13007834  0.11136645  0.11136645  0.11755171  0.12692690  0.12692690  0.12692690  0.13007834  0.12378872  0.13961339  0.15578123  0.13642147  0.13642147  0.13642147  0.13007834  0.13007834  0.13007834  0.13642147  0.14281903  0.15578123  0.15578123  0.15578123  0.16565294  0.15251949  0.14603852  0.14603852  0.15251949  0.13961339  0.13961339  0.13961339  0.13324316  0.13007834  0.15251949  0.14927196  0.15905730  0.14603852  0.12378872  0.19607739  0.19607739  0.18920830  0.18920830  0.18240192  0.22779635  0.21707272  0.22420464  0.20650116  0.20650116  0.21353219  0.22063015  0.22063015  0.19607739  0.21353219  0.19607739  0.16897277  0.16897277  0.17230745  0.15905730  0.15905730  0.16565294  0.15905730  0.21000838  0.20301035  0.20301035  0.19607739  0.19263493  0.18920830  0.17230745  0.17565711  0.18920830  0.19263493  0.16234783  0.18579734  0.19263493  0.17230745  0.17565711  0.17565711  0.16897277  0.16897277  0.16897277  0.18240192  0.16565294  0.17565711  0.16234783  0.15578123  0.18579734  0.17902189  0.17902189  0.16565294  0.16234783  0.19263493  0.19263493  0.19607739  0.19607739  0.18240192  0.18240192  
81_0_0     0.21707272  0.21000838  0.20301035  0.21000838  0.22063015  0.24601908  0.22420464  0.21707272  0.18920830  0.18579734  0.17230745  0.17230745  0.22063015  0.21353219  0.19953581  0.21000838  0.20301035  0.02152799  0.00000000  0.11136645  0.12066370  0.14603852  0.15251949  0.15251949  0.15251949  0.15578123  0.13324316  0.13324316  0.14281903  0.14281903  0.13324316  0.13324316  0.11445267  0.11445267  0.11445267  0.13007834  0.13007834  0.13007834  0.13324316  0.12066370  0.13007834  0.15251949  0.14603852  0.14603852  0.13324316  0.12692690  0.12692690  0.12692690  0.13324316  0.14603852  0.15251949  0.15251949  0.15251949  0.16234783  0.15905730  0.15251949  0.15251949  0.15251949  0.13961339  0.14603852  0.13642147  0.13007834  0.12692690  0.14927196  0.14603852  0.15578123  0.14281903  0.12066370  0.18579734  0.18579734  0.17902189  0.17565711  0.17230745  0.21353219  0.20301035  0.21000838  0.19607739  0.19607739  0.20301035  0.21000838  0.21000838  0.18579734  0.20301035  0.18579734  0.17230745  0.17230745  0.16897277  0.14927196  0.14927196  0.15578123  0.15578123  0.20301035  0.19263493  0.19263493  0.18579734  0.18240192  0.19263493  0.17565711  0.17902189  0.17902189  0.18240192  0.15251949  0.18240192  0.18579734  0.16234783  0.16565294  0.16565294  0.15905730  0.15905730  0.17902189  0.18579734  0.16897277  0.17902189  0.16565294  0.15905730  0.18240192  0.17902189  0.17902189  0.17230745  0.16897277  0.18920830  0.18920830  0.19607739  0.19607739  0.18920830  0.18920830  
24_0_0     0.22779635  0.21353219  0.20650116  0.21353219  0.23140544  0.23867645  0.22063015  0.22063015  0.16897277  0.16565294  0.14603852  0.14603852  0.19607739  0.22779635  0.18579734  0.19607739  0.20301035  0.11445267  0.11136645  0.00000000  0.01338198  0.08712608  0.14281903  0.14927196  0.14927196  0.15251949  0.12692690  0.13642147  0.13642147  0.13642147  0.12378872  0.11755171  0.10523207  0.10523207  0.11755171  0.10829295  0.10829295  0.10829295  0.12378872  0.12378872  0.11445267  0.14927196  0.14281903  0.14281903  0.11136645  0.10523207  0.10523207  0.10523207  0.11136645  0.13642147  0.14281903  0.14281903  0.14281903  0.15251949  0.13961339  0.13961339  0.13961339  0.13324316  0.12692690  0.13961339  0.12692690  0.11445267  0.11755171  0.13324316  0.11755171  0.13324316  0.12692690  0.10523207  0.18579734  0.18579734  0.17902189  0.16234783  0.16234783  0.18579734  0.19607739  0.19607739  0.19263493  0.18920830  0.22063015  0.22779635  0.22779635  0.18240192  0.19263493  0.19953581  0.15905730  0.15905730  0.16565294  0.14281903  0.14281903  0.14927196  0.14927196  0.17902189  0.17230745  0.17230745  0.16565294  0.16897277  0.17565711  0.16565294  0.15578123  0.15905730  0.15251949  0.13324316  0.17230745  0.17230745  0.14927196  0.15251949  0.15251949  0.14603852  0.14603852  0.18240192  0.19953581  0.18579734  0.19263493  0.19607739  0.18920830  0.18579734  0.17565711  0.17565711  0.16565294  0.16234783  0.15251949  0.15251949  0.16234783  0.16234783  0.15578123  0.15578123  
90_0_0     0.23867645  0.23140544  0.21707272  0.22420464  0.23867645  0.23867645  0.22779635  0.22779635  0.16565294  0.16234783  0.14927196  0.14927196  0.20650116  0.23140544  0.18920830  0.19263493  0.19953581  0.12378872  0.12066370  0.01338198  0.00000000  0.09612412  0.15905730  0.16565294  0.16565294  0.16897277  0.14281903  0.15251949  0.14603852  0.14603852  0.13324316  0.12066370  0.11445267  0.11445267  0.12692690  0.11136645  0.11136645  0.11136645  0.12692690  0.13324316  0.11136645  0.13324316  0.13961339  0.13961339  0.12066370  0.11445267  0.11445267  0.11445267  0.12066370  0.14603852  0.15251949  0.15251949  0.15251949  0.16234783  0.14281903  0.14281903  0.14281903  0.13007834  0.12378872  0.13642147  0.13642147  0.12378872  0.12692690  0.13642147  0.12066370  0.13642147  0.13642147  0.11445267  0.19607739  0.19607739  0.18920830  0.17230745  0.17230745  0.19607739  0.19263493  0.19263493  0.21000838  0.20650116  0.23867645  0.24601908  0.24601908  0.19953581  0.21000838  0.21707272  0.17565711  0.17565711  0.18240192  0.14603852  0.14603852  0.15905730  0.15905730  0.19607739  0.18579734  0.17902189  0.17902189  0.17902189  0.19263493  0.18240192  0.17230745  0.16565294  0.16897277  0.14927196  0.17565711  0.17565711  0.15251949  0.15578123  0.15578123  0.14927196  0.14927196  0.17230745  0.18920830  0.17565711  0.18240192  0.18579734  0.17902189  0.17565711  0.18240192  0.18240192  0.17565711  0.17230745  0.15905730  0.15905730  0.16897277  0.16897277  0.16565294  0.16565294  
29_0_0     0.25343474  0.24601908  0.23867645  0.23867645  0.25343474  0.25717041  0.25343474  0.24601908  0.21707272  0.21353219  0.19953581  0.19953581  0.24233873  0.23867645  0.23867645  0.23867645  0.24233873  0.14927196  0.14603852  0.08712608  0.09612412  0.00000000  0.18579734  0.19263493  0.18579734  0.18920830  0.16565294  0.15578123  0.17565711  0.17565711  0.17565711  0.16234783  0.14927196  0.14281903  0.15578123  0.15251949  0.14603852  0.14603852  0.14927196  0.15578123  0.18240192  0.19263493  0.18579734  0.18579734  0.16897277  0.16234783  0.16234783  0.16234783  0.16565294  0.16234783  0.16897277  0.16897277  0.16897277  0.17902189  0.17902189  0.17230745  0.17565711  0.16897277  0.16897277  0.16897277  0.16234783  0.15578123  0.15251949  0.15905730  0.14927196  0.16565294  0.15905730  0.12692690  0.21000838  0.21000838  0.21000838  0.21000838  0.20650116  0.23503208  0.24233873  0.24971769  0.21707272  0.21353219  0.25343474  0.25343474  0.25343474  0.22779635  0.22063015  0.22063015  0.20650116  0.20650116  0.20650116  0.20301035  0.20301035  0.19953581  0.22063015  0.21707272  0.21000838  0.21000838  0.20301035  0.20650116  0.22779635  0.21353219  0.19263493  0.20650116  0.20650116  0.17902189  0.21000838  0.20650116  0.19263493  0.19607739  0.19607739  0.19607739  0.19607739  0.22063015  0.22420464  0.19607739  0.21000838  0.20650116  0.19953581  0.21353219  0.20650116  0.21000838  0.20301035  0.19607739  0.21000838  0.21000838  0.21707272  0.21707272  0.21000838  0.21000838  
35_0_0     0.23867645  0.22420464  0.22420464  0.23140544  0.23867645  0.25343474  0.23140544  0.22779635  0.22063015  0.21707272  0.19953581  0.19953581  0.22420464  0.24971769  0.22420464  0.22063015  0.20650116  0.15578123  0.15251949  0.14281903  0.15905730  0.18579734  0.00000000  0.01608744  0.02152799  0.01880275  0.07529517  0.08712608  0.08415071  0.07823534  0.08415071  0.10218371  0.10218371  0.09612412  0.10218371  0.11755171  0.11136645  0.11136645  0.12692690  0.10523207  0.16897277  0.17565711  0.16234783  0.16234783  0.13961339  0.12066370  0.12066370  0.12066370  0.12692690  0.13961339  0.15251949  0.15251949  0.15251949  0.15578123  0.19263493  0.18920830  0.18920830  0.18240192  0.18240192  0.18240192  0.16234783  0.14927196  0.15251949  0.16234783  0.13961339  0.16234783  0.14927196  0.13961339  0.21000838  0.21000838  0.20301035  0.18579734  0.18579734  0.21353219  0.22779635  0.23503208  0.23503208  0.23140544  0.23503208  0.24233873  0.24233873  0.22420464  0.23503208  0.24233873  0.18579734  0.18579734  0.18920830  0.19953581  0.19953581  0.19953581  0.19953581  0.24233873  0.19607739  0.19953581  0.19263493  0.18920830  0.19263493  0.19607739  0.18920830  0.19263493  0.17902189  0.17902189  0.20301035  0.18579734  0.16897277  0.18579734  0.18579734  0.17230745  0.17230745  0.19953581  0.22063015  0.21353219  0.20650116  0.22063015  0.21353219  0.21353219  0.22063015  0.23503208  0.21000838  0.19953581  0.19953581  0.19953581  0.21353219  0.21353219  0.20650116  0.20650116  
48_0_0     0.23867645  0.22420464  0.22420464  0.23140544  0.23867645  0.26849106  0.23140544  0.22779635  0.22063015  0.21707272  0.19953581  0.19953581  0.22420464  0.24233873  0.22420464  0.22063015  0.20650116  0.15578123  0.15251949  0.14927196  0.16565294  0.19263493  0.01608744  0.00000000  0.01068630  0.00800033  0.07529517  0.08712608  0.08415071  0.07823534  0.08415071  0.10218371  0.10218371  0.09612412  0.10218371  0.11755171  0.11136645  0.11136645  0.12692690  0.10523207  0.16897277  0.17565711  0.16234783  0.16234783  0.14603852  0.12692690  0.12692690  0.12692690  0.12692690  0.14603852  0.15251949  0.15251949  0.15251949  0.15578123  0.19607739  0.19263493  0.19263493  0.18579734  0.18579734  0.18579734  0.16234783  0.15578123  0.15251949  0.16897277  0.14603852  0.16897277  0.15578123  0.14603852  0.20301035  0.20301035  0.19607739  0.19263493  0.19263493  0.22063015  0.22063015  0.22779635  0.22420464  0.22420464  0.22063015  0.22779635  0.22779635  0.21000838  0.22779635  0.23503208  0.17902189  0.17902189  0.18240192  0.19953581  0.19953581  0.19953581  0.19953581  0.23503208  0.19607739  0.19263493  0.18579734  0.19607739  0.18920830  0.18920830  0.19263493  0.19263493  0.17230745  0.17902189  0.20650116  0.18920830  0.16897277  0.17230745  0.17230745  0.16565294  0.16565294  0.19263493  0.21353219  0.20650116  0.20650116  0.22063015  0.21353219  0.20650116  0.21353219  0.22779635  0.21000838  0.19953581  0.19953581  0.19953581  0.21353219  0.21353219  0.20650116  0.20650116  
97_0_0     0.23867645  0.22420464  0.23140544  0.23140544  0.23867645  0.26092489  0.23140544  0.22779635  0.21353219  0.21000838  0.19263493  0.19263493  0.22420464  0.24233873  0.22420464  0.21353219  0.20650116  0.15578123  0.15251949  0.14927196  0.16565294  0.18579734  0.02152799  0.01068630  0.00000000  0.00265725  0.08118716  0.09311269  0.09011338  0.08415071  0.09011338  0.10218371  0.10218371  0.09612412  0.10218371  0.11755171  0.11136645  0.11136645  0.12692690  0.10523207  0.16897277  0.17565711  0.15578123  0.15578123  0.14603852  0.12692690  0.12692690  0.12692690  0.12692690  0.13961339  0.13961339  0.13961339  0.13961339  0.14927196  0.19607739  0.19263493  0.19263493  0.18579734  0.18579734  0.17902189  0.15578123  0.15578123  0.15251949  0.16897277  0.14603852  0.16897277  0.15578123  0.14603852  0.19607739  0.19607739  0.18920830  0.18579734  0.17902189  0.20650116  0.22063015  0.22779635  0.23503208  0.23140544  0.22779635  0.23503208  0.23503208  0.21000838  0.22063015  0.22779635  0.19263493  0.19263493  0.19607739  0.20650116  0.20650116  0.19953581  0.19953581  0.24233873  0.19953581  0.19607739  0.18920830  0.19953581  0.19607739  0.19263493  0.19607739  0.19607739  0.18240192  0.17902189  0.19953581  0.18240192  0.17565711  0.17902189  0.17902189  0.17230745  0.17230745  0.19953581  0.21353219  0.20650116  0.19953581  0.21353219  0.20650116  0.20650116  0.22063015  0.22779635  0.20301035  0.19263493  0.19953581  0.19953581  0.21353219  0.21353219  0.20650116  0.20650116  
57_0_0     0.24233873  0.22779635  0.23503208  0.23503208  0.24233873  0.26469838  0.23503208  0.23140544  0.21707272  0.21353219  0.19607739  0.19607739  0.22779635  0.24601908  0.22779635  0.21707272  0.21000838  0.15905730  0.15578123  0.15251949  0.16897277  0.18920830  0.01880275  0.00800033  0.00265725  0.00000000  0.07823534  0.09011338  0.08712608  0.08118716  0.08712608  0.10523207  0.10523207  0.09914776  0.10523207  0.12066370  0.11445267  0.11445267  0.13007834  0.10829295  0.17230745  0.17902189  0.15905730  0.15905730  0.14281903  0.12378872  0.12378872  0.12378872  0.12378872  0.13642147  0.14281903  0.14281903  0.14281903  0.14603852  0.19953581  0.19607739  0.19607739  0.18920830  0.18920830  0.18240192  0.15905730  0.15905730  0.15578123  0.17230745  0.14927196  0.17230745  0.15905730  0.14927196  0.19953581  0.19953581  0.19263493  0.18240192  0.18240192  0.21000838  0.22420464  0.23140544  0.23140544  0.22779635  0.23140544  0.23867645  0.23867645  0.21353219  0.22420464  0.23140544  0.18920830  0.18920830  0.19263493  0.20301035  0.20301035  0.20301035  0.20301035  0.24601908  0.19953581  0.19607739  0.18920830  0.19953581  0.19607739  0.19263493  0.19607739  0.19607739  0.18240192  0.18240192  0.20301035  0.18579734  0.17902189  0.18240192  0.18240192  0.17565711  0.17565711  0.19607739  0.21707272  0.21000838  0.20301035  0.21707272  0.21000838  0.21000838  0.22420464  0.23140544  0.20650116  0.19607739  0.20301035  0.20301035  0.21707272  0.21707272  0.21000838  0.21000838  
