20
14_0_0     0.00000000  0.08399964  0.06799678  0.06799678  0.06799678  0.35992564  0.39011268  0.40050665  0.42475064  0.33821104  0.35223863  0.34430669  0.36597829  0.36597829  0.35460260  0.35460260  0.34026292  0.32858470  0.32858470  0.34026292  
19_0_0     0.08399964  0.00000000  0.05361862  0.05361862  0.03966718  0.32492862  0.34026292  0.36214810  0.38479361  0.30444625  0.31718956  0.33294450  0.35419751  0.35419751  0.30781885  0.30781885  0.30606409  0.29519583  0.32858470  0.31718956  
2_0_0      0.06799678  0.05361862  0.00000000  0.01299857  0.02636677  0.36452739  0.36975854  0.39302368  0.41717092  0.35460260  0.36975854  0.35992564  0.38238391  0.38238391  0.33062902  0.33062902  0.32858470  0.31718956  0.30971035  0.29856911  
3_0_0      0.06799678  0.05361862  0.01299857  0.00000000  0.02636677  0.35223863  0.36975854  0.39302368  0.40344716  0.35460260  0.36975854  0.34796815  0.36996192  0.36996192  0.33062902  0.33062902  0.31718956  0.30606409  0.29856911  0.28768580  
1_0_0      0.06799678  0.03966718  0.02636677  0.02636677  0.00000000  0.34026292  0.35711963  0.37986467  0.40344716  0.31908561  0.33281763  0.33630726  0.35785973  0.35785973  0.31908561  0.31908561  0.31718956  0.30606409  0.32112204  0.30971035  
20_0_0     0.35992564  0.32492862  0.36452739  0.35223863  0.34026292  0.00000000  0.11153869  0.20454748  0.14532573  0.19315728  0.18342127  0.21985586  0.20041128  0.20041128  0.22825460  0.22825460  0.21047910  0.21985586  0.22232159  0.23210010  
16_0_0     0.39011268  0.34026292  0.36975854  0.36975854  0.35711963  0.11153869  0.00000000  0.12946969  0.11397434  0.23360716  0.22232159  0.23675535  0.23571258  0.23571258  0.23360716  0.23360716  0.23210010  0.22232159  0.21543681  0.24544266  
6_0_0      0.40050665  0.36214810  0.39302368  0.39302368  0.37986467  0.20454748  0.12946969  0.00000000  0.12128334  0.20335436  0.23070543  0.27555334  0.26402182  0.26402182  0.25228928  0.25228928  0.25066745  0.24058050  0.25402875  0.26458212  
15_0_0     0.42475064  0.38479361  0.41717092  0.40344716  0.40344716  0.14532573  0.11397434  0.12128334  0.00000000  0.21155659  0.21985586  0.23675535  0.24536074  0.24536074  0.23070543  0.23070543  0.21274233  0.20335436  0.23522644  0.24544266  
8_0_0      0.33821104  0.30444625  0.35460260  0.35460260  0.31908561  0.19315728  0.23360716  0.20335436  0.21155659  0.00000000  0.01952552  0.11992152  0.11937179  0.11937179  0.18512278  0.18512278  0.18422079  0.18422079  0.22371967  0.21403585  
18_0_0     0.35223863  0.31718956  0.36975854  0.36975854  0.33281763  0.18342127  0.22232159  0.23070543  0.21985586  0.01952552  0.00000000  0.14368599  0.14300448  0.14300448  0.19315728  0.19315728  0.19226864  0.19226864  0.23210010  0.22232159  
7_0_0      0.34430669  0.33294450  0.35992564  0.34796815  0.33630726  0.21985586  0.23675535  0.27555334  0.23675535  0.11992152  0.14368599  0.00000000  0.02620644  0.02620644  0.23791462  0.23791462  0.22942346  0.22942346  0.20335436  0.19415020  
13_0_0     0.36597829  0.35419751  0.38238391  0.36996192  0.35785973  0.20041128  0.23571258  0.26402182  0.24536074  0.11937179  0.14300448  0.02620644  0.00000000  0.00000000  0.23918982  0.23918982  0.23070543  0.23070543  0.20226693  0.19315728  
9_0_0      0.36597829  0.35419751  0.38238391  0.36996192  0.35785973  0.20041128  0.23571258  0.26402182  0.24536074  0.11937179  0.14300448  0.02620644  0.00000000  0.00000000  0.23918982  0.23918982  0.23070543  0.23070543  0.20226693  0.19315728  
4_0_0      0.35460260  0.30781885  0.33062902  0.33062902  0.31908561  0.22825460  0.23360716  0.25228928  0.23070543  0.18512278  0.19315728  0.23791462  0.23918982  0.23918982  0.00000000  0.00000000  0.01293820  0.01952552  0.10532628  0.09754637  
12_0_0     0.35460260  0.30781885  0.33062902  0.33062902  0.31908561  0.22825460  0.23360716  0.25228928  0.23070543  0.18512278  0.19315728  0.23791462  0.23918982  0.23918982  0.00000000  0.00000000  0.01293820  0.01952552  0.10532628  0.09754637  
10_0_0     0.34026292  0.30606409  0.32858470  0.31718956  0.31718956  0.21047910  0.23210010  0.25066745  0.21274233  0.18422079  0.19226864  0.22942346  0.23070543  0.23070543  0.01293820  0.01293820  0.00000000  0.00645436  0.09814359  0.09042373  
5_0_0      0.32858470  0.29519583  0.31718956  0.30606409  0.30606409  0.21985586  0.22232159  0.24058050  0.20335436  0.18422079  0.19226864  0.22942346  0.23070543  0.23070543  0.01952552  0.01952552  0.00645436  0.00000000  0.10599233  0.09814359  
11_0_0     0.32858470  0.32858470  0.30971035  0.29856911  0.32112204  0.22232159  0.21543681  0.25402875  0.23522644  0.22371967  0.23210010  0.20335436  0.20226693  0.20226693  0.10532628  0.10532628  0.09814359  0.10599233  0.00000000  0.01963515  
17_0_0     0.34026292  0.31718956  0.29856911  0.28768580  0.30971035  0.23210010  0.24544266  0.26458212  0.24544266  0.21403585  0.22232159  0.19415020  0.19315728  0.19315728  0.09754637  0.09754637  0.09042373  0.09814359  0.01963515  0.00000000  

