20
14_0_0     0.00000000  0.08273783  0.08228842  0.07489288  0.08228842  0.35547053  0.33369123  0.24386993  0.30680576  0.32241628  0.32241628  0.31153874  0.33354712  0.33354712  0.27034679  0.28031680  0.27034679  0.27128015  0.32394938  0.32394938  
19_0_0     0.08273783  0.00000000  0.08326471  0.09090181  0.08326471  0.30513231  0.27780319  0.30218050  0.29294439  0.34175481  0.34175481  0.33063544  0.36480096  0.36480096  0.28857702  0.29874981  0.28857702  0.28947223  0.33201965  0.33201965  
2_0_0      0.08228842  0.08326471  0.00000000  0.00645363  0.00000000  0.39855152  0.30861045  0.27034679  0.28135994  0.31865618  0.31865618  0.32102253  0.33201965  0.33201965  0.28947223  0.29975934  0.28947223  0.31976885  0.34494335  0.33354712  
3_0_0      0.07489288  0.09090181  0.00645363  0.00000000  0.00645363  0.39855152  0.31990188  0.26058048  0.29165687  0.32939529  0.32939529  0.31027272  0.32102253  0.32102253  0.27940185  0.28947223  0.27940185  0.30914381  0.33354712  0.32241628  
1_0_0      0.08228842  0.08326471  0.00000000  0.00645363  0.00000000  0.39855152  0.30861045  0.27034679  0.28135994  0.31865618  0.31865618  0.32102253  0.33201965  0.33201965  0.28947223  0.29975934  0.28947223  0.31976885  0.34494335  0.33354712  
20_0_0     0.35547053  0.30513231  0.39855152  0.39855152  0.39855152  0.00000000  0.25681268  0.27631110  0.23289605  0.29294439  0.28253033  0.30090322  0.30090322  0.30090322  0.32562126  0.33702954  0.32562126  0.30513231  0.32743154  0.32743154  
16_0_0     0.33369123  0.27780319  0.30861045  0.31990188  0.30861045  0.25681268  0.00000000  0.18795880  0.17781577  0.30513231  0.31615190  0.26343115  0.29436104  0.29436104  0.27352037  0.26343115  0.27352037  0.27482559  0.28524972  0.28524972  
6_0_0      0.24386993  0.30218050  0.27034679  0.26058048  0.27034679  0.27631110  0.18795880  0.00000000  0.13753254  0.28847025  0.29938079  0.28524972  0.27482559  0.27482559  0.24300466  0.23361359  0.24300466  0.26343115  0.24225659  0.24225659  
15_0_0     0.30680576  0.29294439  0.28135994  0.29165687  0.28135994  0.23289605  0.17781577  0.13753254  0.00000000  0.22888886  0.23858682  0.24594835  0.23625909  0.23625909  0.24386993  0.23438153  0.24386993  0.27482559  0.31447892  0.31447892  
8_0_0      0.32241628  0.34175481  0.31865618  0.32939529  0.31865618  0.29294439  0.30513231  0.28847025  0.22888886  0.00000000  0.00645363  0.17348853  0.18266117  0.18266117  0.21006395  0.21938374  0.21006395  0.24992492  0.29590624  0.30680576  
18_0_0     0.32241628  0.34175481  0.31865618  0.32939529  0.31865618  0.28253033  0.31615190  0.29938079  0.23858682  0.00645363  0.00000000  0.16448859  0.17348853  0.17348853  0.21938374  0.22888886  0.21938374  0.23991791  0.28524972  0.29590624  
7_0_0      0.31153874  0.33063544  0.32102253  0.31027272  0.32102253  0.30090322  0.26343115  0.28524972  0.24594835  0.17348853  0.16448859  0.00000000  0.03317640  0.03317640  0.29423580  0.30555092  0.29423580  0.23991791  0.25715767  0.27780319  
13_0_0     0.33354712  0.36480096  0.33201965  0.32102253  0.33201965  0.30090322  0.29436104  0.27482559  0.23625909  0.18266117  0.17348853  0.03317640  0.00000000  0.00000000  0.29423580  0.30555092  0.29423580  0.23991791  0.22777073  0.22777073  
9_0_0      0.33354712  0.36480096  0.33201965  0.32102253  0.33201965  0.30090322  0.29436104  0.27482559  0.23625909  0.18266117  0.17348853  0.03317640  0.00000000  0.00000000  0.29423580  0.30555092  0.29423580  0.23991791  0.22777073  0.22777073  
4_0_0      0.27034679  0.28857702  0.28947223  0.27940185  0.28947223  0.32562126  0.27352037  0.24300466  0.24386993  0.21006395  0.21938374  0.29423580  0.29423580  0.29423580  0.00000000  0.01299557  0.00645363  0.05388096  0.16997982  0.18795880  
12_0_0     0.28031680  0.29874981  0.29975934  0.28947223  0.29975934  0.33702954  0.26343115  0.23361359  0.23438153  0.21938374  0.22888886  0.30555092  0.30555092  0.30555092  0.01299557  0.00000000  0.00645363  0.05388096  0.15265263  0.16997982  
10_0_0     0.27034679  0.28857702  0.28947223  0.27940185  0.28947223  0.32562126  0.27352037  0.24300466  0.24386993  0.21006395  0.21938374  0.29423580  0.29423580  0.29423580  0.00645363  0.00645363  0.00000000  0.04680882  0.16123772  0.17888479  
5_0_0      0.27128015  0.28947223  0.31976885  0.30914381  0.31976885  0.30513231  0.27482559  0.26343115  0.27482559  0.24992492  0.23991791  0.23991791  0.23991791  0.23991791  0.05388096  0.05388096  0.04680882  0.00000000  0.17781577  0.18680072  
11_0_0     0.32394938  0.33201965  0.34494335  0.33354712  0.34494335  0.32743154  0.28524972  0.24225659  0.31447892  0.29590624  0.28524972  0.25715767  0.22777073  0.22777073  0.16997982  0.15265263  0.16123772  0.17781577  0.00000000  0.01299557  
17_0_0     0.32394938  0.33201965  0.33354712  0.32241628  0.33354712  0.32743154  0.28524972  0.24225659  0.31447892  0.30680576  0.29590624  0.27780319  0.22777073  0.22777073  0.18795880  0.16997982  0.17888479  0.18680072  0.01299557  0.00000000  

