20
14_0_0     0.00000000  0.07590521  0.06160588  0.06898439  0.07648211  0.31613689  0.30125739  0.31052803  0.33155672  0.37097624  0.38350859  0.38350859  0.40963659  0.40963659  0.35099579  0.35099579  0.35099579  0.36322255  0.26445624  0.26445624  
19_0_0     0.07590521  0.00000000  0.08345940  0.09113858  0.09894696  0.30354291  0.29930325  0.27608942  0.36569224  0.35679327  0.36882613  0.35679327  0.33362483  0.33362483  0.34121046  0.34121046  0.34121046  0.35328995  0.29748762  0.29748762  
2_0_0      0.06160588  0.08345940  0.00000000  0.00645494  0.01300091  0.33908287  0.26872187  0.28834355  0.34349244  0.37097624  0.38350859  0.33529003  0.35877341  0.35877341  0.33908287  0.33908287  0.33908287  0.35099579  0.27467411  0.27467411  
3_0_0      0.06898439  0.09113858  0.00645494  0.00000000  0.00645494  0.33908287  0.26872187  0.28834355  0.34349244  0.38350859  0.37097624  0.34688321  0.37097624  0.37097624  0.32746809  0.32746809  0.32746809  0.33908287  0.28512200  0.28512200  
1_0_0      0.07648211  0.09894696  0.01300091  0.00645494  0.00000000  0.32746809  0.27931563  0.29930325  0.35574323  0.37097624  0.35877341  0.33529003  0.35877341  0.35877341  0.31613689  0.31613689  0.31613689  0.32746809  0.27467411  0.27467411  
20_0_0     0.31613689  0.30354291  0.33908287  0.33908287  0.32746809  0.00000000  0.24610289  0.18880041  0.19315925  0.33382635  0.33382635  0.34121046  0.34121046  0.34121046  0.31979337  0.31979337  0.31979337  0.29640765  0.37385697  0.37385697  
16_0_0     0.30125739  0.29930325  0.26872187  0.26872187  0.27931563  0.24610289  0.00000000  0.21746528  0.19961169  0.29930325  0.29930325  0.31795559  0.34121046  0.34121046  0.31052803  0.31052803  0.31052803  0.29930325  0.29015686  0.29015686  
6_0_0      0.31052803  0.27608942  0.28834355  0.28834355  0.29930325  0.18880041  0.21746528  0.00000000  0.21093772  0.32428815  0.32428815  0.36832617  0.35574323  0.35574323  0.28306834  0.28306834  0.28306834  0.30558199  0.31979337  0.31979337  
15_0_0     0.33155672  0.36569224  0.34349244  0.34349244  0.35574323  0.19315925  0.19961169  0.21093772  0.00000000  0.32203101  0.32203101  0.44799330  0.44799330  0.44799330  0.26340017  0.26340017  0.26340017  0.24263113  0.32246925  0.32246925  
8_0_0      0.37097624  0.35679327  0.37097624  0.38350859  0.37097624  0.33382635  0.29930325  0.32428815  0.32203101  0.00000000  0.01300091  0.15411962  0.17178505  0.17178505  0.25289948  0.25289948  0.25289948  0.28514231  0.23414311  0.23414311  
18_0_0     0.38350859  0.36882613  0.38350859  0.37097624  0.35877341  0.33382635  0.29930325  0.32428815  0.32203101  0.01300091  0.00000000  0.15411962  0.17178505  0.17178505  0.24263113  0.24263113  0.24263113  0.27414393  0.24430739  0.24430739  
7_0_0      0.38350859  0.35679327  0.33529003  0.34688321  0.33529003  0.34121046  0.31795559  0.36832617  0.44799330  0.15411962  0.15411962  0.00000000  0.01300091  0.01300091  0.24966639  0.24966639  0.24966639  0.28112617  0.28306834  0.28306834  
13_0_0     0.40963659  0.33362483  0.35877341  0.37097624  0.35877341  0.34121046  0.34121046  0.35574323  0.44799330  0.17178505  0.17178505  0.01300091  0.00000000  0.00000000  0.24966639  0.24966639  0.24966639  0.28112617  0.30558199  0.30558199  
9_0_0      0.40963659  0.33362483  0.35877341  0.37097624  0.35877341  0.34121046  0.34121046  0.35574323  0.44799330  0.17178505  0.17178505  0.01300091  0.00000000  0.00000000  0.24966639  0.24966639  0.24966639  0.28112617  0.30558199  0.30558199  
4_0_0      0.35099579  0.34121046  0.33908287  0.32746809  0.31613689  0.31979337  0.31052803  0.28306834  0.26340017  0.25289948  0.24263113  0.24966639  0.24966639  0.24966639  0.00000000  0.00000000  0.00000000  0.02637652  0.10688895  0.10688895  
12_0_0     0.35099579  0.34121046  0.33908287  0.32746809  0.31613689  0.31979337  0.31052803  0.28306834  0.26340017  0.25289948  0.24263113  0.24966639  0.24966639  0.24966639  0.00000000  0.00000000  0.00000000  0.02637652  0.10688895  0.10688895  
10_0_0     0.35099579  0.34121046  0.33908287  0.32746809  0.31613689  0.31979337  0.31052803  0.28306834  0.26340017  0.25289948  0.24263113  0.24966639  0.24966639  0.24966639  0.00000000  0.00000000  0.00000000  0.02637652  0.10688895  0.10688895  
5_0_0      0.36322255  0.35328995  0.35099579  0.33908287  0.32746809  0.29640765  0.29930325  0.30558199  0.24263113  0.28514231  0.27414393  0.28112617  0.28112617  0.28112617  0.02637652  0.02637652  0.02637652  0.00000000  0.12319265  0.12319265  
11_0_0     0.26445624  0.29748762  0.27467411  0.28512200  0.27467411  0.37385697  0.29015686  0.31979337  0.32246925  0.23414311  0.24430739  0.28306834  0.30558199  0.30558199  0.10688895  0.10688895  0.10688895  0.12319265  0.00000000  0.00000000  
17_0_0     0.26445624  0.29748762  0.27467411  0.28512200  0.27467411  0.37385697  0.29015686  0.31979337  0.32246925  0.23414311  0.24430739  0.28306834  0.30558199  0.30558199  0.10688895  0.10688895  0.10688895  0.12319265  0.00000000  0.00000000  

