146
29_0_0     0.00000000  0.94453049  0.97841163  0.76840544  0.79501326  0.83679960  0.86602113  0.79501326  0.71788566  0.73019756  0.82260837  0.79501326  0.89643783  0.82260837  0.91212572  0.91212572  0.89643783  0.89643783  0.88107401  0.88107401  0.88107401  0.94453049  0.99594910  1.09043349  1.09043349  0.92815165  0.82260837  1.07055198  1.01391010  1.01391010  0.89643783  0.91212572  0.91212572  0.92815165  0.91212572  0.92815165  0.92815165  0.94453049  0.76840544  0.76840544  0.82260837  0.82260837  0.74271670  0.69385688  0.75545017  0.74271670  0.53480656  0.59441008  0.57400690  0.53480656  0.54441466  0.53480656  0.55414851  0.54441466  0.42826003  0.50670523  0.53480656  0.60482547  0.60482547  0.65920938  0.65920938  0.57400690  0.53480656  0.53480656  0.50670523  0.53480656  0.51595487  0.63697641  0.65920938  0.51595487  0.41189687  0.48854404  0.50670523  0.46210758  0.46210758  0.70577424  0.42003345  0.42003345  0.43657861  0.38800794  0.40384834  0.35730464  0.35730464  0.34982284  0.37249787  0.37249787  0.34982284  0.36486246  0.43657861  0.44499128  0.42826003  0.40384834  0.44499128  0.42826003  0.38800794  0.38800794  0.40384834  0.39588597  0.40384834  0.47081575  0.60482547  0.42003345  0.42826003  0.42826003  0.45350020  0.54441466  0.74271670  0.71788566  0.65920938  0.65920938  0.64800983  0.63697641  0.63697641  0.71788566  0.73019756  0.73019756  0.79501326  0.78159038  0.74271670  0.76840544  0.58413853  0.60482547  0.69385688  0.65920938  0.68212747  0.64800983  0.65920938  0.64800983  0.67058016  0.63697641  0.64800983  0.76840544  0.76840544  0.69385688  0.74271670  0.62610428  0.69385688  0.70577424  0.76840544  0.69385688  0.60482547  0.69385688  0.59441008  0.73019756  0.61538878  0.57400690  
17_0_0     0.94453049  0.00000000  0.00936099  0.37249787  0.37249787  0.27887401  0.27887401  0.27213760  0.31350277  0.34241555  0.30644684  0.34241555  0.16027907  0.50670523  0.44499128  0.44499128  0.44499128  0.44499128  0.42826003  0.42003345  0.52532099  0.62610428  0.40384834  0.39588597  0.39588597  0.49756920  0.48854404  0.44499128  0.44499128  0.45350020  0.54441466  0.57400690  0.57400690  0.56401143  0.62610428  0.58413853  0.55414851  0.56401143  0.39588597  0.42003345  0.45350020  0.42826003  0.46210758  0.45350020  0.42003345  0.39588597  0.97841163  1.03231558  1.15348052  1.03231558  1.09043349  1.15348052  1.17574247  1.17574247  0.92815165  0.91212572  0.86602113  0.89643783  0.91212572  0.86602113  0.99594910  0.94453049  0.83679960  0.80868285  0.86602113  0.96127815  0.91212572  0.92815165  0.88107401  1.05118810  1.01391010  1.01391010  0.94453049  0.96127815  0.99594910  1.01391010  1.05118810  1.01391010  0.97841163  0.92815165  0.94453049  0.78159038  0.79501326  0.80868285  0.85126687  0.78159038  0.78159038  0.85126687  0.82260837  0.82260837  0.86602113  0.91212572  0.99594910  0.88107401  0.86602113  0.86602113  0.86602113  0.91212572  0.86602113  0.94453049  1.09043349  0.80868285  0.80868285  0.83679960  0.91212572  0.99594910  1.32543500  1.15348052  1.13186557  1.11086107  1.11086107  1.15348052  1.15348052  0.99594910  1.01391010  1.01391010  1.01391010  0.96127815  0.99594910  1.07055198  0.88107401  0.89643783  0.89643783  0.89643783  0.89643783  0.91212572  1.05118810  0.97841163  1.03231558  0.91212572  0.91212572  1.03231558  1.07055198  0.96127815  1.07055198  0.99594910  0.96127815  1.01391010  1.07055198  1.05118810  1.15348052  1.03231558  0.96127815  1.15348052  1.01391010  1.01391010  
17_2_0     0.97841163  0.00936099  0.00000000  0.37249787  0.37249787  0.27887401  0.27887401  0.27213760  0.31350277  0.34241555  0.30644684  0.34241555  0.16027907  0.52532099  0.44499128  0.44499128  0.44499128  0.44499128  0.42826003  0.40384834  0.53480656  0.61538878  0.38800794  0.38021248  0.38021248  0.47962707  0.47081575  0.42826003  0.42826003  0.43657861  0.52532099  0.55414851  0.57400690  0.56401143  0.62610428  0.58413853  0.55414851  0.56401143  0.39588597  0.42003345  0.45350020  0.42826003  0.44499128  0.45350020  0.42003345  0.39588597  0.94453049  0.99594910  1.11086107  0.99594910  1.05118810  1.11086107  1.13186557  1.13186557  0.92815165  0.88107401  0.89643783  0.89643783  0.91212572  0.86602113  0.99594910  0.94453049  0.86602113  0.83679960  0.86602113  0.96127815  0.91212572  0.92815165  0.85126687  1.05118810  1.01391010  1.01391010  0.94453049  0.96127815  0.99594910  0.97841163  1.05118810  1.01391010  0.97841163  0.96127815  0.97841163  0.80868285  0.82260837  0.83679960  0.88107401  0.78159038  0.80868285  0.88107401  0.82260837  0.82260837  0.89643783  0.94453049  0.99594910  0.91212572  0.89643783  0.89643783  0.89643783  0.94453049  0.89643783  0.94453049  1.09043349  0.80868285  0.80868285  0.83679960  0.88107401  0.96127815  1.32543500  1.15348052  1.09043349  1.11086107  1.11086107  1.15348052  1.15348052  1.03231558  1.05118810  1.05118810  1.01391010  0.96127815  1.03231558  1.11086107  0.91212572  0.92815165  0.92815165  0.92815165  0.92815165  0.94453049  1.05118810  1.01391010  1.07055198  0.94453049  0.94453049  1.07055198  1.11086107  0.96127815  1.07055198  0.99594910  0.99594910  1.05118810  1.11086107  1.09043349  1.19869135  1.03231558  0.99594910  1.15348052  1.05118810  1.05118810  
2_0_0      0.76840544  0.37249787  0.37249787  0.00000000  0.02844399  0.18372326  0.18372326  0.15453169  0.20180445  0.24578601  0.17779257  0.29253266  0.26546166  0.47081575  0.44499128  0.46210758  0.51595487  0.51595487  0.46210758  0.42003345  0.53480656  0.67058016  0.46210758  0.44499128  0.44499128  0.40384834  0.46210758  0.47081575  0.49756920  0.50670523  0.62610428  0.61538878  0.60482547  0.59441008  0.60482547  0.62610428  0.62610428  0.63697641  0.50670523  0.54441466  0.57400690  0.56401143  0.44499128  0.40384834  0.38800794  0.36486246  0.85126687  1.03231558  1.01391010  1.03231558  0.97841163  0.94453049  0.96127815  0.96127815  0.88107401  0.88107401  0.92815165  0.94453049  0.92815165  0.97841163  0.94453049  0.82260837  0.75545017  0.80868285  0.92815165  0.97841163  0.96127815  1.01391010  0.97841163  0.99594910  0.82260837  0.94453049  0.91212572  0.78159038  0.80868285  0.97841163  0.83679960  0.85126687  0.88107401  0.85126687  0.85126687  0.86602113  0.89643783  0.88107401  0.89643783  0.85126687  0.88107401  0.92815165  0.97841163  0.97841163  0.99594910  0.96127815  0.89643783  0.88107401  0.83679960  0.83679960  0.80868285  0.82260837  0.80868285  0.89643783  0.99594910  0.88107401  0.88107401  0.92815165  0.91212572  0.96127815  1.07055198  1.03231558  0.92815165  0.86602113  0.86602113  0.99594910  0.92815165  0.96127815  0.96127815  0.96127815  0.99594910  0.94453049  1.03231558  0.99594910  0.92815165  0.97841163  0.94453049  0.96127815  0.92815165  0.92815165  0.94453049  1.09043349  0.96127815  0.94453049  0.94453049  1.07055198  1.07055198  1.03231558  0.99594910  0.96127815  1.03231558  1.09043349  1.11086107  1.05118810  0.78159038  0.92815165  0.88107401  1.27211921  0.85126687  0.82260837  
23_0_0     0.79501326  0.37249787  0.37249787  0.02844399  0.00000000  0.20793053  0.20793053  0.17779257  0.20180445  0.25884511  0.21410749  0.26546166  0.26546166  0.47081575  0.44499128  0.46210758  0.49756920  0.49756920  0.46210758  0.42826003  0.58413853  0.68212747  0.49756920  0.47962707  0.47962707  0.45350020  0.51595487  0.47081575  0.49756920  0.50670523  0.61538878  0.60482547  0.61538878  0.60482547  0.59441008  0.61538878  0.61538878  0.62610428  0.50670523  0.54441466  0.59441008  0.58413853  0.44499128  0.42003345  0.37249787  0.34982284  0.82260837  1.03231558  0.97841163  0.96127815  0.94453049  0.94453049  0.92815165  0.92815165  0.91212572  0.88107401  0.92815165  0.91212572  0.89643783  0.96127815  0.97841163  0.85126687  0.75545017  0.80868285  0.92815165  1.01391010  0.99594910  0.97841163  0.97841163  0.96127815  0.82260837  0.94453049  0.91212572  0.80868285  0.83679960  1.01391010  0.83679960  0.85126687  0.88107401  0.85126687  0.85126687  0.83679960  0.86602113  0.85126687  0.89643783  0.82260837  0.85126687  0.89643783  0.97841163  0.97841163  1.05118810  0.99594910  0.92815165  0.94453049  0.86602113  0.86602113  0.83679960  0.85126687  0.83679960  0.92815165  0.97841163  0.85126687  0.85126687  0.89643783  0.91212572  0.99594910  1.09043349  1.05118810  0.94453049  0.88107401  0.88107401  0.97841163  0.91212572  0.97841163  0.97841163  0.97841163  1.01391010  0.96127815  1.05118810  1.01391010  0.97841163  0.99594910  0.96127815  0.97841163  0.94453049  0.94453049  0.96127815  1.11086107  0.97841163  0.96127815  0.96127815  1.01391010  1.01391010  1.09043349  1.05118810  0.97841163  1.05118810  1.11086107  1.13186557  1.07055198  0.80868285  0.89643783  0.91212572  1.32543500  0.88107401  0.85126687  
3_3_0      0.83679960  0.27887401  0.27887401  0.18372326  0.20793053  0.00000000  0.02844399  0.06306474  0.09407886  0.16027907  0.11549753  0.19572842  0.16027907  0.51595487  0.48854404  0.48854404  0.55414851  0.55414851  0.48854404  0.34982284  0.54441466  0.58413853  0.38021248  0.39588597  0.39588597  0.41189687  0.42826003  0.41189687  0.41189687  0.40384834  0.58413853  0.57400690  0.58413853  0.55414851  0.56401143  0.56401143  0.55414851  0.56401143  0.45350020  0.48854404  0.50670523  0.51595487  0.38800794  0.42826003  0.34982284  0.32781868  0.83679960  0.99594910  0.89643783  1.01391010  0.88107401  0.92815165  0.94453049  0.91212572  0.80868285  0.86602113  0.88107401  0.85126687  0.86602113  0.82260837  0.92815165  0.78159038  0.76840544  0.79501326  0.86602113  0.91212572  0.89643783  0.91212572  0.92815165  0.96127815  0.82260837  0.89643783  0.91212572  0.78159038  0.79501326  0.94453049  0.86602113  0.82260837  0.82260837  0.79501326  0.79501326  0.88107401  0.88107401  0.83679960  0.80868285  0.83679960  0.89643783  0.85126687  0.80868285  0.80868285  0.79501326  0.88107401  0.79501326  0.83679960  0.86602113  0.83679960  0.83679960  0.82260837  0.83679960  0.89643783  1.03231558  0.89643783  0.89643783  0.89643783  0.94453049  1.01391010  0.99594910  1.05118810  0.96127815  0.91212572  0.88107401  0.94453049  0.94453049  0.89643783  0.88107401  0.88107401  0.88107401  0.86602113  0.89643783  0.92815165  0.92815165  0.91212572  0.94453049  0.92815165  0.89643783  0.86602113  0.91212572  1.01391010  0.97841163  0.92815165  0.92815165  1.13186557  1.09043349  0.92815165  0.96127815  0.91212572  0.97841163  0.99594910  1.05118810  0.99594910  0.92815165  0.91212572  0.78159038  1.15348052  0.80868285  0.75545017  
3_0_0      0.86602113  0.27887401  0.27887401  0.18372326  0.20793053  0.02844399  0.00000000  0.06306474  0.07325976  0.16027907  0.10471110  0.19572842  0.18372326  0.48854404  0.48854404  0.48854404  0.56401143  0.56401143  0.48854404  0.38021248  0.58413853  0.56401143  0.39588597  0.41189687  0.41189687  0.44499128  0.46210758  0.44499128  0.42826003  0.42003345  0.62610428  0.61538878  0.56401143  0.55414851  0.58413853  0.56401143  0.56401143  0.57400690  0.45350020  0.46210758  0.47962707  0.48854404  0.38800794  0.47962707  0.39588597  0.35730464  0.88107401  0.97841163  0.94453049  0.99594910  0.89643783  0.94453049  0.96127815  0.92815165  0.82260837  0.91212572  0.89643783  0.86602113  0.88107401  0.80868285  0.91212572  0.79501326  0.78159038  0.80868285  0.86602113  0.91212572  0.89643783  0.91212572  0.88107401  1.01391010  0.86602113  0.91212572  0.92815165  0.82260837  0.83679960  0.96127815  0.88107401  0.86602113  0.86602113  0.83679960  0.83679960  0.89643783  0.89643783  0.88107401  0.85126687  0.85126687  0.91212572  0.89643783  0.85126687  0.85126687  0.80868285  0.92815165  0.80868285  0.85126687  0.88107401  0.88107401  0.85126687  0.86602113  0.85126687  0.89643783  1.03231558  0.88107401  0.88107401  0.91212572  0.96127815  1.01391010  1.01391010  1.07055198  0.97841163  0.92815165  0.89643783  0.96127815  0.96127815  0.94453049  0.92815165  0.92815165  0.89643783  0.88107401  0.91212572  0.94453049  0.94453049  0.96127815  0.92815165  0.91212572  0.88107401  0.88107401  0.89643783  0.99594910  1.01391010  0.92815165  0.92815165  1.11086107  1.07055198  0.92815165  0.92815165  0.89643783  0.99594910  0.97841163  0.99594910  0.97841163  0.94453049  0.92815165  0.79501326  1.19869135  0.79501326  0.76840544  
32_0_0     0.79501326  0.27213760  0.27213760  0.15453169  0.17779257  0.06306474  0.06306474  0.00000000  0.09937598  0.14316848  0.11008476  0.18970162  0.16607120  0.48854404  0.47962707  0.49756920  0.50670523  0.50670523  0.47962707  0.35730464  0.57400690  0.59441008  0.38800794  0.37249787  0.37249787  0.40384834  0.40384834  0.40384834  0.40384834  0.39588597  0.61538878  0.60482547  0.55414851  0.54441466  0.57400690  0.55414851  0.59441008  0.60482547  0.43657861  0.48854404  0.46210758  0.47081575  0.43657861  0.42826003  0.38021248  0.32781868  0.82260837  1.05118810  0.96127815  0.99594910  0.91212572  0.94453049  0.92815165  0.92815165  0.76840544  0.88107401  0.80868285  0.83679960  0.85126687  0.83679960  0.96127815  0.82260837  0.75545017  0.78159038  0.80868285  0.88107401  0.83679960  0.86602113  0.85126687  0.97841163  0.83679960  0.91212572  0.89643783  0.79501326  0.78159038  0.97841163  0.91212572  0.83679960  0.86602113  0.79501326  0.79501326  0.76840544  0.76840544  0.75545017  0.74271670  0.75545017  0.80868285  0.88107401  0.83679960  0.83679960  0.82260837  0.85126687  0.85126687  0.83679960  0.80868285  0.80868285  0.78159038  0.79501326  0.78159038  0.85126687  1.07055198  0.82260837  0.82260837  0.83679960  0.85126687  0.89643783  1.03231558  0.94453049  0.99594910  0.91212572  0.85126687  0.94453049  0.94453049  0.89643783  0.88107401  0.88107401  0.91212572  0.86602113  0.89643783  0.92815165  0.89643783  0.94453049  0.88107401  0.89643783  0.91212572  0.83679960  0.94453049  1.05118810  1.03231558  0.91212572  0.91212572  0.96127815  0.99594910  0.86602113  0.89643783  0.80868285  0.88107401  0.86602113  0.91212572  0.88107401  0.88107401  0.97841163  0.80868285  1.13186557  0.80868285  0.78159038  
30_0_0     0.71788566  0.31350277  0.31350277  0.20180445  0.20180445  0.09407886  0.07325976  0.09937598  0.00000000  0.16027907  0.13197627  0.21410749  0.20180445  0.47081575  0.47962707  0.47962707  0.50670523  0.50670523  0.47962707  0.41189687  0.61538878  0.54441466  0.46210758  0.47962707  0.47962707  0.48854404  0.48854404  0.43657861  0.40384834  0.39588597  0.63697641  0.62610428  0.56401143  0.57400690  0.58413853  0.56401143  0.56401143  0.57400690  0.43657861  0.47962707  0.44499128  0.45350020  0.38021248  0.44499128  0.40384834  0.34982284  0.82260837  0.96127815  0.94453049  0.96127815  0.89643783  0.91212572  0.92815165  0.89643783  0.71788566  0.91212572  0.86602113  0.86602113  0.88107401  0.82260837  0.88107401  0.78159038  0.78159038  0.78159038  0.80868285  0.91212572  0.89643783  0.92815165  0.89643783  0.97841163  0.76840544  0.86602113  0.85126687  0.73019756  0.76840544  1.03231558  0.80868285  0.76840544  0.76840544  0.85126687  0.85126687  0.85126687  0.85126687  0.86602113  0.82260837  0.83679960  0.89643783  0.94453049  0.83679960  0.83679960  0.76840544  0.85126687  0.85126687  0.78159038  0.89643783  0.89643783  0.86602113  0.88107401  0.86602113  0.88107401  0.96127815  0.89643783  0.89643783  0.89643783  0.88107401  1.01391010  1.03231558  1.09043349  1.01391010  0.99594910  0.96127815  0.96127815  0.96127815  0.88107401  0.86602113  0.86602113  0.86602113  0.88107401  0.88107401  0.91212572  0.88107401  0.89643783  0.89643783  0.88107401  0.85126687  0.85126687  0.86602113  0.99594910  1.01391010  0.89643783  0.89643783  1.07055198  1.03231558  0.96127815  0.97841163  0.89643783  1.03231558  0.97841163  0.96127815  0.94453049  0.92815165  0.94453049  0.80868285  1.11086107  0.80868285  0.78159038  
27_0_0     0.73019756  0.34241555  0.34241555  0.24578601  0.25884511  0.16027907  0.16027907  0.14316848  0.16027907  0.00000000  0.19572842  0.27887401  0.22033617  0.49756920  0.47081575  0.48854404  0.53480656  0.53480656  0.47081575  0.48854404  0.56401143  0.60482547  0.44499128  0.44499128  0.44499128  0.49756920  0.53480656  0.50670523  0.50670523  0.49756920  0.61538878  0.60482547  0.59441008  0.60482547  0.62610428  0.61538878  0.62610428  0.63697641  0.52532099  0.54441466  0.47081575  0.47962707  0.45350020  0.46210758  0.42003345  0.42003345  0.91212572  0.97841163  0.99594910  1.07055198  0.94453049  0.99594910  1.01391010  0.97841163  0.80868285  0.96127815  0.92815165  0.97841163  0.97841163  0.94453049  1.01391010  0.82260837  0.85126687  0.85126687  0.83679960  0.89643783  0.89643783  0.92815165  0.97841163  0.94453049  0.80868285  0.92815165  0.96127815  0.74271670  0.79501326  1.03231558  0.83679960  0.80868285  0.78159038  0.83679960  0.83679960  0.78159038  0.78159038  0.82260837  0.83679960  0.79501326  0.80868285  0.88107401  0.83679960  0.83679960  0.76840544  0.82260837  0.82260837  0.82260837  0.86602113  0.86602113  0.83679960  0.82260837  0.83679960  0.85126687  1.05118810  0.82260837  0.82260837  0.80868285  0.88107401  0.94453049  0.99594910  1.01391010  1.11086107  1.05118810  0.94453049  0.94453049  1.01391010  0.97841163  0.96127815  0.96127815  0.96127815  0.94453049  0.92815165  0.99594910  0.85126687  0.86602113  0.86602113  0.85126687  0.83679960  0.85126687  0.97841163  1.01391010  1.01391010  0.89643783  0.89643783  1.09043349  1.05118810  0.88107401  0.94453049  0.79501326  0.94453049  0.92815165  0.97841163  0.92815165  0.94453049  0.99594910  0.79501326  1.15348052  0.85126687  0.82260837  
5_0_0      0.82260837  0.30644684  0.30644684  0.17779257  0.21410749  0.11549753  0.10471110  0.11008476  0.13197627  0.19572842  0.00000000  0.14316848  0.22033617  0.47962707  0.46210758  0.46210758  0.55414851  0.55414851  0.49756920  0.38021248  0.59441008  0.57400690  0.43657861  0.43657861  0.43657861  0.49756920  0.49756920  0.46210758  0.46210758  0.45350020  0.57400690  0.58413853  0.54441466  0.53480656  0.57400690  0.55414851  0.56401143  0.57400690  0.47962707  0.47081575  0.49756920  0.50670523  0.42003345  0.42826003  0.42826003  0.35730464  0.88107401  0.94453049  0.96127815  1.01391010  0.99594910  0.92815165  0.94453049  0.94453049  0.76840544  0.94453049  0.92815165  0.92815165  0.94453049  0.88107401  0.92815165  0.82260837  0.83679960  0.86602113  0.86602113  0.85126687  0.85126687  0.96127815  0.92815165  1.01391010  0.79501326  0.89643783  0.91212572  0.78159038  0.82260837  1.01391010  0.86602113  0.82260837  0.85126687  0.92815165  0.92815165  0.89643783  0.86602113  0.85126687  0.89643783  0.85126687  0.91212572  0.96127815  1.05118810  1.05118810  0.92815165  0.96127815  0.86602113  0.94453049  0.88107401  0.88107401  0.85126687  0.83679960  0.85126687  0.86602113  0.99594910  0.91212572  0.91212572  0.91212572  0.89643783  0.91212572  0.97841163  0.97841163  0.99594910  0.94453049  0.91212572  0.94453049  0.97841163  0.96127815  0.94453049  0.94453049  0.96127815  0.92815165  0.96127815  0.96127815  0.92815165  1.01391010  0.94453049  0.96127815  0.92815165  0.96127815  0.91212572  1.05118810  1.03231558  0.94453049  0.94453049  0.96127815  0.96127815  0.89643783  0.89643783  0.80868285  0.86602113  0.91212572  0.92815165  0.88107401  0.94453049  0.96127815  0.88107401  1.19869135  0.85126687  0.85126687  
25_0_0     0.79501326  0.34241555  0.34241555  0.29253266  0.26546166  0.19572842  0.19572842  0.18970162  0.21410749  0.27887401  0.14316848  0.00000000  0.25884511  0.46210758  0.44499128  0.42826003  0.47962707  0.47962707  0.44499128  0.37249787  0.57400690  0.53480656  0.46210758  0.50670523  0.50670523  0.49756920  0.53480656  0.44499128  0.46210758  0.45350020  0.47962707  0.50670523  0.52532099  0.51595487  0.55414851  0.52532099  0.53480656  0.54441466  0.42003345  0.42826003  0.47962707  0.48854404  0.44499128  0.45350020  0.41189687  0.42003345  0.80868285  0.88107401  0.89643783  0.94453049  0.86602113  0.89643783  0.88107401  0.88107401  0.70577424  0.82260837  0.83679960  0.89643783  0.91212572  0.89643783  0.86602113  0.91212572  0.86602113  0.82260837  0.78159038  0.85126687  0.83679960  0.82260837  0.83679960  1.03231558  0.79501326  0.89643783  0.86602113  0.83679960  0.82260837  1.09043349  0.78159038  0.79501326  0.82260837  0.80868285  0.80868285  0.73019756  0.70577424  0.69385688  0.78159038  0.74271670  0.70577424  0.74271670  0.78159038  0.78159038  0.80868285  0.85126687  0.88107401  0.86602113  0.83679960  0.86602113  0.80868285  0.82260837  0.80868285  0.83679960  0.89643783  0.75545017  0.75545017  0.75545017  0.85126687  0.96127815  0.94453049  0.96127815  0.96127815  0.89643783  0.86602113  0.83679960  0.86602113  1.03231558  1.01391010  1.01391010  1.05118810  0.99594910  1.03231558  1.03231558  1.05118810  1.07055198  0.94453049  0.97841163  0.94453049  0.97841163  1.07055198  1.07055198  1.07055198  1.01391010  1.01391010  0.89643783  0.91212572  0.88107401  0.94453049  0.79501326  0.85126687  0.89643783  0.91212572  0.86602113  0.97841163  0.91212572  0.88107401  1.15348052  0.91212572  0.91212572  
12_0_0     0.89643783  0.16027907  0.16027907  0.26546166  0.26546166  0.16027907  0.18372326  0.16607120  0.20180445  0.22033617  0.22033617  0.25884511  0.00000000  0.42003345  0.42826003  0.42826003  0.43657861  0.43657861  0.41189687  0.27213760  0.51595487  0.53480656  0.28567198  0.32062628  0.32062628  0.31350277  0.33508131  0.28567198  0.29945721  0.30644684  0.47081575  0.49756920  0.58413853  0.55414851  0.58413853  0.58413853  0.60482547  0.61538878  0.42003345  0.42826003  0.44499128  0.43657861  0.40384834  0.38800794  0.29945721  0.32062628  0.80868285  1.05118810  0.94453049  0.99594910  0.89643783  0.97841163  0.96127815  0.96127815  0.83679960  0.83679960  0.76840544  0.76840544  0.78159038  0.76840544  0.88107401  0.74271670  0.71788566  0.71788566  0.79501326  0.85126687  0.83679960  0.82260837  0.83679960  0.96127815  0.83679960  0.94453049  0.92815165  0.76840544  0.79501326  0.94453049  0.91212572  0.83679960  0.83679960  0.82260837  0.83679960  0.73019756  0.74271670  0.73019756  0.71788566  0.73019756  0.76840544  0.78159038  0.79501326  0.79501326  0.79501326  0.83679960  0.85126687  0.78159038  0.82260837  0.79501326  0.79501326  0.78159038  0.79501326  0.82260837  1.03231558  0.73019756  0.73019756  0.75545017  0.79501326  0.88107401  1.01391010  0.92815165  0.94453049  0.92815165  0.86602113  0.86602113  0.92815165  0.96127815  0.94453049  0.94453049  0.96127815  0.91212572  0.96127815  1.03231558  0.85126687  0.86602113  0.89643783  0.89643783  0.86602113  0.88107401  0.96127815  1.01391010  0.91212572  0.86602113  0.86602113  1.05118810  1.05118810  0.92815165  0.94453049  0.99594910  1.01391010  1.01391010  1.07055198  1.01391010  0.92815165  0.91212572  0.85126687  1.11086107  0.88107401  0.88107401  
9_0_0      0.82260837  0.50670523  0.52532099  0.47081575  0.47081575  0.51595487  0.48854404  0.48854404  0.47081575  0.49756920  0.47962707  0.46210758  0.42003345  0.00000000  0.32781868  0.31350277  0.32781868  0.32781868  0.31350277  0.54441466  0.65920938  0.58413853  0.51595487  0.50670523  0.50670523  0.47962707  0.48854404  0.51595487  0.51595487  0.50670523  0.63697641  0.64800983  0.63697641  0.63697641  0.71788566  0.68212747  0.67058016  0.65920938  0.56401143  0.61538878  0.54441466  0.53480656  0.53480656  0.63697641  0.53480656  0.62610428  0.89643783  0.94453049  0.86602113  0.97841163  0.92815165  0.88107401  0.92815165  0.89643783  0.75545017  0.89643783  0.86602113  0.99594910  0.97841163  1.11086107  0.91212572  0.99594910  0.92815165  0.89643783  0.91212572  0.91212572  0.88107401  1.03231558  0.89643783  0.91212572  0.75545017  0.82260837  0.80868285  0.78159038  0.76840544  0.85126687  0.79501326  0.78159038  0.78159038  0.78159038  0.79501326  0.73019756  0.74271670  0.75545017  0.73019756  0.76840544  0.85126687  0.82260837  0.97841163  0.97841163  0.85126687  0.91212572  0.86602113  0.92815165  0.83679960  0.88107401  0.80868285  0.82260837  0.80868285  0.85126687  0.91212572  0.86602113  0.86602113  0.86602113  0.86602113  0.88107401  1.07055198  0.92815165  0.92815165  0.91212572  0.92815165  0.94453049  0.97841163  1.05118810  1.03231558  1.03231558  1.07055198  1.01391010  0.96127815  0.96127815  1.03231558  0.97841163  0.96127815  0.96127815  0.97841163  0.97841163  0.94453049  0.99594910  1.09043349  0.97841163  0.97841163  1.11086107  1.11086107  1.19869135  1.07055198  1.05118810  1.09043349  1.07055198  1.01391010  0.99594910  0.97841163  0.88107401  0.92815165  1.19869135  0.96127815  0.96127815  
18_0_0     0.91212572  0.44499128  0.44499128  0.44499128  0.44499128  0.48854404  0.48854404  0.47962707  0.47962707  0.47081575  0.46210758  0.44499128  0.42826003  0.32781868  0.00000000  0.00936099  0.10471110  0.10471110  0.02844399  0.48854404  0.56401143  0.67058016  0.55414851  0.51595487  0.51595487  0.50670523  0.55414851  0.50670523  0.48854404  0.49756920  0.63697641  0.64800983  0.63697641  0.62610428  0.71788566  0.71788566  0.67058016  0.65920938  0.58413853  0.59441008  0.63697641  0.64800983  0.56401143  0.49756920  0.53480656  0.58413853  0.91212572  1.22237091  0.89643783  0.92815165  0.99594910  0.91212572  0.92815165  0.92815165  0.94453049  0.96127815  0.94453049  1.05118810  1.03231558  1.11086107  0.86602113  0.97841163  0.96127815  0.91212572  0.99594910  1.05118810  0.99594910  1.05118810  1.05118810  1.05118810  0.85126687  1.01391010  1.03231558  0.88107401  0.94453049  1.07055198  0.99594910  0.88107401  0.85126687  0.96127815  0.97841163  0.91212572  0.89643783  0.89643783  0.99594910  0.92815165  0.92815165  0.96127815  1.05118810  1.05118810  1.01391010  0.99594910  1.11086107  1.11086107  1.13186557  1.09043349  1.09043349  1.11086107  1.09043349  0.99594910  0.86602113  1.05118810  1.05118810  0.97841163  1.03231558  1.07055198  1.22237091  1.09043349  1.17574247  1.17574247  1.22237091  1.05118810  1.09043349  1.15348052  1.13186557  1.13186557  1.13186557  1.11086107  1.17574247  1.13186557  1.05118810  0.99594910  0.97841163  0.92815165  0.94453049  0.97841163  0.99594910  1.07055198  1.15348052  1.09043349  1.09043349  1.17574247  1.17574247  1.19869135  1.19869135  1.22237091  1.13186557  1.29829948  1.22237091  1.15348052  1.01391010  0.99594910  1.11086107  1.11086107  1.07055198  1.07055198  
16_0_0     0.91212572  0.44499128  0.44499128  0.46210758  0.46210758  0.48854404  0.48854404  0.49756920  0.47962707  0.48854404  0.46210758  0.42826003  0.42826003  0.31350277  0.00936099  0.00000000  0.10471110  0.10471110  0.02844399  0.47081575  0.56401143  0.67058016  0.53480656  0.51595487  0.51595487  0.52532099  0.55414851  0.50670523  0.48854404  0.49756920  0.61538878  0.62610428  0.65920938  0.64800983  0.74271670  0.74271670  0.69385688  0.68212747  0.58413853  0.59441008  0.64800983  0.65920938  0.56401143  0.51595487  0.53480656  0.58413853  0.94453049  1.17574247  0.92815165  0.96127815  0.99594910  0.94453049  0.96127815  0.96127815  0.91212572  0.99594910  0.97841163  1.05118810  1.03231558  1.11086107  0.86602113  0.97841163  0.96127815  0.91212572  1.03231558  1.09043349  1.03231558  1.05118810  1.05118810  1.05118810  0.88107401  1.01391010  0.99594910  0.91212572  0.97841163  1.07055198  0.99594910  0.91212572  0.88107401  0.96127815  0.97841163  0.91212572  0.89643783  0.89643783  0.99594910  0.92815165  0.92815165  0.92815165  1.05118810  1.05118810  1.01391010  0.99594910  1.07055198  1.11086107  1.13186557  1.13186557  1.09043349  1.11086107  1.09043349  0.99594910  0.86602113  1.07055198  1.07055198  1.01391010  1.07055198  1.07055198  1.22237091  1.09043349  1.13186557  1.13186557  1.22237091  1.05118810  1.09043349  1.15348052  1.13186557  1.13186557  1.13186557  1.11086107  1.17574247  1.13186557  1.09043349  1.03231558  1.01391010  0.96127815  0.97841163  1.01391010  0.99594910  1.07055198  1.15348052  1.09043349  1.09043349  1.17574247  1.17574247  1.19869135  1.19869135  1.22237091  1.13186557  1.29829948  1.22237091  1.15348052  1.03231558  1.01391010  1.11086107  1.11086107  1.07055198  1.07055198  
24_0_0     0.89643783  0.44499128  0.44499128  0.51595487  0.49756920  0.55414851  0.56401143  0.50670523  0.50670523  0.53480656  0.55414851  0.47962707  0.43657861  0.32781868  0.10471110  0.10471110  0.00000000  0.00000000  0.07325976  0.46210758  0.59441008  0.71788566  0.58413853  0.56401143  0.56401143  0.53480656  0.61538878  0.56401143  0.50670523  0.51595487  0.62610428  0.63697641  0.69385688  0.68212747  0.74271670  0.74271670  0.70577424  0.69385688  0.56401143  0.57400690  0.58413853  0.59441008  0.54441466  0.52532099  0.57400690  0.58413853  0.79501326  1.15348052  0.88107401  0.89643783  0.97841163  0.88107401  0.86602113  0.89643783  0.86602113  0.89643783  0.92815165  1.03231558  1.05118810  1.13186557  0.92815165  0.96127815  0.94453049  0.91212572  0.92815165  1.03231558  0.97841163  1.05118810  0.96127815  1.17574247  0.80868285  0.96127815  0.82260837  0.83679960  0.86602113  0.92815165  1.01391010  0.80868285  0.78159038  0.86602113  0.88107401  0.85126687  0.86602113  0.86602113  0.92815165  0.89643783  0.82260837  0.86602113  0.94453049  0.94453049  0.92815165  0.91212572  1.17574247  1.01391010  0.96127815  0.96127815  0.92815165  0.94453049  0.92815165  0.96127815  0.92815165  0.99594910  0.99594910  0.92815165  0.89643783  1.11086107  1.35359811  1.17574247  1.24682920  1.19869135  1.24682920  1.09043349  1.11086107  1.11086107  1.13186557  1.13186557  1.15348052  1.07055198  1.11086107  1.11086107  1.11086107  1.01391010  0.99594910  0.97841163  0.99594910  1.03231558  1.03231558  1.05118810  1.13186557  1.11086107  1.11086107  1.05118810  1.09043349  1.15348052  1.19869135  1.11086107  1.07055198  1.09043349  1.05118810  1.01391010  1.09043349  0.94453049  1.07055198  0.97841163  1.03231558  1.11086107  
15_0_0     0.89643783  0.44499128  0.44499128  0.51595487  0.49756920  0.55414851  0.56401143  0.50670523  0.50670523  0.53480656  0.55414851  0.47962707  0.43657861  0.32781868  0.10471110  0.10471110  0.00000000  0.00000000  0.07325976  0.46210758  0.59441008  0.71788566  0.58413853  0.56401143  0.56401143  0.53480656  0.61538878  0.56401143  0.50670523  0.51595487  0.62610428  0.63697641  0.69385688  0.68212747  0.74271670  0.74271670  0.70577424  0.69385688  0.56401143  0.57400690  0.58413853  0.59441008  0.54441466  0.52532099  0.57400690  0.58413853  0.79501326  1.15348052  0.88107401  0.89643783  0.97841163  0.88107401  0.86602113  0.89643783  0.86602113  0.89643783  0.92815165  1.03231558  1.05118810  1.13186557  0.92815165  0.96127815  0.94453049  0.91212572  0.92815165  1.03231558  0.97841163  1.05118810  0.96127815  1.17574247  0.80868285  0.96127815  0.82260837  0.83679960  0.86602113  0.92815165  1.01391010  0.80868285  0.78159038  0.86602113  0.88107401  0.85126687  0.86602113  0.86602113  0.92815165  0.89643783  0.82260837  0.86602113  0.94453049  0.94453049  0.92815165  0.91212572  1.17574247  1.01391010  0.96127815  0.96127815  0.92815165  0.94453049  0.92815165  0.96127815  0.92815165  0.99594910  0.99594910  0.92815165  0.89643783  1.11086107  1.35359811  1.17574247  1.24682920  1.19869135  1.24682920  1.09043349  1.11086107  1.11086107  1.13186557  1.13186557  1.15348052  1.07055198  1.11086107  1.11086107  1.11086107  1.01391010  0.99594910  0.97841163  0.99594910  1.03231558  1.03231558  1.05118810  1.13186557  1.11086107  1.11086107  1.05118810  1.09043349  1.15348052  1.19869135  1.11086107  1.07055198  1.09043349  1.05118810  1.01391010  1.09043349  0.94453049  1.07055198  0.97841163  1.03231558  1.11086107  
6_0_0      0.88107401  0.42826003  0.42826003  0.46210758  0.46210758  0.48854404  0.48854404  0.47962707  0.47962707  0.47081575  0.49756920  0.44499128  0.41189687  0.31350277  0.02844399  0.02844399  0.07325976  0.07325976  0.00000000  0.48854404  0.56401143  0.69385688  0.53480656  0.53480656  0.53480656  0.48854404  0.57400690  0.50670523  0.48854404  0.49756920  0.59441008  0.60482547  0.63697641  0.62610428  0.71788566  0.71788566  0.67058016  0.65920938  0.58413853  0.59441008  0.61538878  0.62610428  0.56401143  0.49756920  0.53480656  0.58413853  0.88107401  1.15348052  0.89643783  0.96127815  0.99594910  0.91212572  0.92815165  0.92815165  0.91212572  0.89643783  1.01391010  1.09043349  1.07055198  1.15348052  0.92815165  1.01391010  1.03231558  0.97841163  0.99594910  1.05118810  0.99594910  1.05118810  1.05118810  1.13186557  0.85126687  0.97841163  0.96127815  0.85126687  0.91212572  1.03231558  1.03231558  0.85126687  0.82260837  0.86602113  0.88107401  0.82260837  0.83679960  0.83679960  0.89643783  0.86602113  0.83679960  0.86602113  0.94453049  0.94453049  0.91212572  0.96127815  1.07055198  0.99594910  1.01391010  1.01391010  0.97841163  0.99594910  0.97841163  0.96127815  0.88107401  0.97841163  0.97841163  0.91212572  0.99594910  1.07055198  1.22237091  1.11086107  1.15348052  1.15348052  1.19869135  1.03231558  1.07055198  1.11086107  1.09043349  1.09043349  1.07055198  1.03231558  1.13186557  1.09043349  1.01391010  0.96127815  0.94453049  0.89643783  0.91212572  0.94453049  0.99594910  0.99594910  1.07055198  1.05118810  1.05118810  1.17574247  1.17574247  1.19869135  1.19869135  1.17574247  1.13186557  1.24682920  1.19869135  1.15348052  1.03231558  0.94453049  1.05118810  1.09043349  1.01391010  1.01391010  
10_0_0     0.88107401  0.42003345  0.40384834  0.42003345  0.42826003  0.34982284  0.38021248  0.35730464  0.41189687  0.48854404  0.38021248  0.37249787  0.27213760  0.54441466  0.48854404  0.47081575  0.46210758  0.46210758  0.48854404  0.00000000  0.54441466  0.57400690  0.38021248  0.39588597  0.39588597  0.47962707  0.47081575  0.49756920  0.49756920  0.50670523  0.49756920  0.52532099  0.73019756  0.69385688  0.67058016  0.67058016  0.74271670  0.75545017  0.49756920  0.49756920  0.56401143  0.55414851  0.53480656  0.50670523  0.37249787  0.40384834  0.85126687  1.09043349  0.92815165  1.01391010  0.92815165  0.92815165  0.89643783  0.91212572  0.91212572  0.79501326  0.75545017  0.78159038  0.79501326  0.85126687  0.83679960  0.71788566  0.71788566  0.73019756  0.79501326  0.91212572  0.89643783  0.86602113  0.94453049  0.97841163  0.79501326  0.94453049  0.91212572  0.88107401  0.83679960  0.97841163  0.89643783  0.82260837  0.82260837  0.83679960  0.83679960  0.89643783  0.88107401  0.83679960  0.80868285  0.85126687  0.89643783  0.89643783  0.92815165  0.92815165  0.89643783  0.89643783  0.91212572  0.91212572  0.94453049  0.94453049  0.91212572  0.92815165  0.91212572  0.88107401  1.05118810  0.86602113  0.86602113  0.89643783  0.94453049  0.96127815  1.09043349  0.96127815  0.92815165  0.89643783  0.89643783  0.89643783  0.96127815  1.03231558  1.03231558  1.03231558  1.13186557  1.03231558  1.03231558  1.09043349  1.05118810  1.03231558  1.01391010  1.01391010  0.97841163  0.99594910  0.89643783  1.09043349  1.01391010  1.01391010  1.01391010  1.01391010  1.01391010  0.94453049  0.96127815  1.03231558  0.99594910  1.05118810  1.07055198  0.97841163  0.99594910  0.89643783  0.89643783  1.05118810  0.91212572  0.96127815  
34_1_0     0.88107401  0.52532099  0.53480656  0.53480656  0.58413853  0.54441466  0.58413853  0.57400690  0.61538878  0.56401143  0.59441008  0.57400690  0.51595487  0.65920938  0.56401143  0.56401143  0.59441008  0.59441008  0.56401143  0.54441466  0.00000000  0.26546166  0.34982284  0.35730464  0.35730464  0.39588597  0.42826003  0.43657861  0.44499128  0.45350020  0.71788566  0.75545017  0.70577424  0.70577424  0.67058016  0.67058016  0.67058016  0.68212747  0.53480656  0.54441466  0.58413853  0.55414851  0.53480656  0.47962707  0.49756920  0.49756920  0.96127815  1.05118810  1.09043349  0.99594910  1.09043349  1.11086107  1.17574247  1.13186557  1.07055198  0.96127815  0.99594910  1.07055198  1.05118810  1.15348052  0.99594910  0.94453049  0.97841163  0.94453049  0.96127815  0.92815165  0.92815165  1.07055198  1.07055198  1.09043349  0.94453049  1.09043349  1.01391010  0.96127815  0.91212572  1.17574247  0.92815165  0.97841163  0.96127815  0.85126687  0.86602113  0.85126687  0.83679960  0.83679960  0.89643783  0.85126687  0.78159038  0.80868285  0.78159038  0.78159038  0.83679960  0.73019756  0.97841163  0.83679960  1.01391010  0.97841163  1.01391010  0.99594910  1.01391010  0.89643783  1.11086107  0.96127815  0.96127815  0.97841163  1.05118810  1.13186557  1.27211921  1.24682920  1.22237091  1.13186557  1.05118810  1.01391010  0.97841163  1.15348052  1.17574247  1.17574247  1.15348052  1.15348052  1.22237091  1.27211921  1.09043349  1.07055198  1.03231558  0.99594910  0.96127815  1.01391010  1.22237091  1.11086107  1.19869135  1.15348052  1.15348052  1.11086107  1.07055198  0.89643783  0.79501326  1.07055198  1.03231558  1.05118810  1.05118810  1.11086107  1.15348052  1.19869135  1.07055198  1.22237091  1.13186557  1.11086107  
4_1_0      0.94453049  0.62610428  0.61538878  0.67058016  0.68212747  0.58413853  0.56401143  0.59441008  0.54441466  0.60482547  0.57400690  0.53480656  0.53480656  0.58413853  0.67058016  0.67058016  0.71788566  0.71788566  0.69385688  0.57400690  0.26546166  0.00000000  0.41189687  0.38800794  0.38800794  0.43657861  0.42826003  0.41189687  0.40384834  0.39588597  0.65920938  0.67058016  0.75545017  0.75545017  0.68212747  0.65920938  0.68212747  0.69385688  0.55414851  0.53480656  0.55414851  0.51595487  0.45350020  0.52532099  0.49756920  0.53480656  0.96127815  1.07055198  1.07055198  1.01391010  0.97841163  1.05118810  1.11086107  1.07055198  0.96127815  0.94453049  0.89643783  0.82260837  0.83679960  0.88107401  0.86602113  0.79501326  0.85126687  0.82260837  0.78159038  0.78159038  0.78159038  0.89643783  0.82260837  0.96127815  0.83679960  0.97841163  0.99594910  0.79501326  0.83679960  1.01391010  0.91212572  0.86602113  0.85126687  0.82260837  0.86602113  0.83679960  0.82260837  0.82260837  0.82260837  0.82260837  0.83679960  0.89643783  0.79501326  0.79501326  0.79501326  0.78159038  0.92815165  0.82260837  1.03231558  0.99594910  1.03231558  1.01391010  1.03231558  0.89643783  0.94453049  0.91212572  0.91212572  0.91212572  0.91212572  0.91212572  1.24682920  1.24682920  1.19869135  1.15348052  1.11086107  1.09043349  1.09043349  1.24682920  1.22237091  1.22237091  1.05118810  1.09043349  1.19869135  1.27211921  1.22237091  1.15348052  1.07055198  1.03231558  1.01391010  1.05118810  1.22237091  1.27211921  1.22237091  1.19869135  1.19869135  1.09043349  1.05118810  0.97841163  0.89643783  1.13186557  1.13186557  1.17574247  1.17574247  1.17574247  1.09043349  0.96127815  1.01391010  1.19869135  1.09043349  1.05118810  
