22
20_3_0     0.00000000  0.12184555  0.10871943  0.12516372  0.13858692  0.13184494  0.36217733  0.36676991  0.38072085  0.39493936  0.38072085  0.36217733  0.43424509  0.42921639  0.35307665  0.35761302  0.34408633  0.34408633  0.34408633  0.33963172  0.35307665  0.33080202  
13_4_0     0.12184555  0.00000000  0.02281953  0.07377682  0.08629350  0.09902513  0.31775156  0.31775156  0.33963172  0.34856786  0.32207623  0.29649867  0.37139112  0.36217733  0.32207623  0.30917715  0.29649867  0.29649867  0.34408633  0.33963172  0.35761302  0.32207623  
19_4_0     0.10871943  0.02281953  0.00000000  0.05236859  0.06452607  0.07377682  0.29232023  0.29232023  0.32207623  0.33080202  0.30492685  0.27992440  0.35761302  0.34856786  0.30492685  0.30492685  0.29649867  0.29649867  0.33520372  0.33080202  0.34856786  0.33080202  
19_3_0     0.12516372  0.07377682  0.05236859  0.00000000  0.01132197  0.08000874  0.32642629  0.32642629  0.35761302  0.36217733  0.33963172  0.31345196  0.38072085  0.37139112  0.33080202  0.33080202  0.31345196  0.31345196  0.34408633  0.33963172  0.35761302  0.34408633  
13_3_0     0.13858692  0.08629350  0.06452607  0.01132197  0.00000000  0.09263199  0.32642629  0.32642629  0.35761302  0.36217733  0.34856786  0.32207623  0.38543012  0.37604131  0.33963172  0.33963172  0.32207623  0.32207623  0.35307665  0.34856786  0.36676991  0.35307665  
16_3_0     0.13184494  0.09902513  0.07377682  0.08000874  0.09263199  0.00000000  0.32642629  0.33080202  0.35307665  0.37604131  0.34408633  0.31775156  0.37604131  0.36676991  0.32642629  0.33520372  0.31775156  0.31775156  0.33520372  0.33080202  0.34856786  0.34856786  
15_7_0     0.36217733  0.31775156  0.29232023  0.32642629  0.32642629  0.32642629  0.00000000  0.00563937  0.06452607  0.05842241  0.16618521  0.11197923  0.16618521  0.15918872  0.13520826  0.12849680  0.12184555  0.12184555  0.22848242  0.22087575  0.22848242  0.27583809  
17_7_0     0.36676991  0.31775156  0.29232023  0.32642629  0.32642629  0.33080202  0.00563937  0.00000000  0.06452607  0.05842241  0.16618521  0.11197923  0.16618521  0.15918872  0.14198104  0.12849680  0.12184555  0.12184555  0.22466933  0.21710149  0.22466933  0.27177418  
14_7_0     0.38072085  0.33963172  0.32207623  0.35761302  0.35761302  0.35307665  0.06452607  0.06452607  0.00000000  0.03449821  0.19485072  0.13184494  0.17680531  0.16970837  0.15918872  0.14198104  0.12849680  0.12849680  0.20961012  0.19851311  0.20589263  0.27583809  
18_7_0     0.39493936  0.34856786  0.33080202  0.36217733  0.36217733  0.37604131  0.05842241  0.05842241  0.03449821  0.00000000  0.18037943  0.11854217  0.16970837  0.16267871  0.14539077  0.13520826  0.12849680  0.12849680  0.21710149  0.20589263  0.21334634  0.27583809  
14_6_0     0.38072085  0.32207623  0.30492685  0.33963172  0.34856786  0.34408633  0.16618521  0.16618521  0.19485072  0.18037943  0.00000000  0.05538932  0.14198104  0.13520826  0.18757976  0.18397085  0.16618521  0.16618521  0.25178221  0.24004079  0.24784771  0.29649867  
14_9_0     0.36217733  0.29649867  0.27992440  0.31345196  0.32207623  0.31775156  0.11197923  0.11197923  0.13184494  0.11854217  0.05538932  0.00000000  0.09902513  0.09263199  0.13184494  0.12516372  0.10547389  0.10547389  0.20219369  0.19120633  0.19851311  0.26371259  
17_6_0     0.43424509  0.37139112  0.35761302  0.38072085  0.38543012  0.37604131  0.16618521  0.16618521  0.17680531  0.16970837  0.14198104  0.09902513  0.00000000  0.00563937  0.19120633  0.18757976  0.15918872  0.15918872  0.26371259  0.25178221  0.25178221  0.30492685  
15_6_0     0.42921639  0.36217733  0.34856786  0.37139112  0.37604131  0.36676991  0.15918872  0.15918872  0.16970837  0.16267871  0.13520826  0.09263199  0.00563937  0.00000000  0.18397085  0.18037943  0.15225765  0.15225765  0.25573771  0.24393397  0.24393397  0.29649867  
14_8_0     0.35307665  0.32207623  0.30492685  0.33080202  0.33963172  0.32642629  0.13520826  0.14198104  0.15918872  0.14539077  0.18757976  0.13184494  0.19120633  0.18397085  0.00000000  0.08629350  0.08314446  0.08314446  0.24784771  0.23616794  0.24784771  0.28403336  
18_8_0     0.35761302  0.30917715  0.30492685  0.33080202  0.33963172  0.33520372  0.12849680  0.12849680  0.14198104  0.13520826  0.18397085  0.12516372  0.18757976  0.18037943  0.08629350  0.00000000  0.07688623  0.07688623  0.22087575  0.20961012  0.22087575  0.26773243  
15_8_0     0.34408633  0.29649867  0.29649867  0.31345196  0.32207623  0.31775156  0.12184555  0.12184555  0.12849680  0.12849680  0.16618521  0.10547389  0.15918872  0.15225765  0.08314446  0.07688623  0.00000000  0.00000000  0.19120633  0.18037943  0.19120633  0.21710149  
17_8_0     0.34408633  0.29649867  0.29649867  0.31345196  0.32207623  0.31775156  0.12184555  0.12184555  0.12849680  0.12849680  0.16618521  0.10547389  0.15918872  0.15225765  0.08314446  0.07688623  0.00000000  0.00000000  0.19120633  0.18037943  0.19120633  0.21710149  
19_2_0     0.34408633  0.34408633  0.33520372  0.34408633  0.35307665  0.33520372  0.22848242  0.22466933  0.20961012  0.21710149  0.25178221  0.20219369  0.26371259  0.25573771  0.24784771  0.22087575  0.19120633  0.19120633  0.00000000  0.00847523  0.01992838  0.20219369  
19_5_0     0.33963172  0.33963172  0.33080202  0.33963172  0.34856786  0.33080202  0.22087575  0.21710149  0.19851311  0.20589263  0.24004079  0.19120633  0.25178221  0.24393397  0.23616794  0.20961012  0.18037943  0.18037943  0.00847523  0.00000000  0.01132197  0.19851311  
13_2_0     0.35307665  0.35761302  0.34856786  0.35761302  0.36676991  0.34856786  0.22848242  0.22466933  0.20589263  0.21334634  0.24784771  0.19851311  0.25178221  0.24393397  0.24784771  0.22087575  0.19120633  0.19120633  0.01992838  0.01132197  0.00000000  0.20589263  
20_2_0     0.33080202  0.32207623  0.33080202  0.34408633  0.35307665  0.34856786  0.27583809  0.27177418  0.27583809  0.27583809  0.29649867  0.26371259  0.30492685  0.29649867  0.28403336  0.26773243  0.21710149  0.21710149  0.20219369  0.19851311  0.20589263  0.00000000  

