159
65_11_0    0.00000000  0.02582122  0.02058519  0.02582122  0.20952264  0.17667079  0.20283585  0.18312677  0.20952264  0.18312677  0.20283585  0.18312677  0.21626973  0.20952264  0.24388355  0.18963894  0.18312677  0.19620830  0.19620830  0.17667079  0.17667079  0.25094925  0.17027005  0.22994924  0.24388355  0.20283585  0.18312677  0.17667079  0.20952264  0.18312677  0.20283585  0.20283585  0.18312677  0.23688396  0.21626973  0.26528404  0.25094925  0.17027005  0.24388355  0.24388355  0.23688396  0.24388355  0.22994924  0.25094925  0.25094925  0.27255577  0.27255577  0.26528404  0.21626973  0.22307822  0.20952264  0.22307822  0.22994924  0.27255577  0.26528404  0.25094925  0.27255577  0.24388355  0.24388355  0.22994924  0.26528404  0.26528404  0.24388355  0.23688396  0.23688396  0.21626973  0.25808231  0.26528404  0.27255577  0.28731476  0.32553861  0.31773601  0.33342344  0.32553861  0.30237077  0.30237077  0.31001395  0.30237077  0.34139226  0.32553861  0.32553861  0.31773601  0.31773601  0.28731476  0.33342344  0.31001395  0.28731476  0.29480489  0.29480489  0.29480489  0.30237077  0.29480489  0.34139226  0.34139226  0.33342344  0.31001395  0.31001395  0.31773601  0.31001395  0.31773601  0.32553861  0.33342344  0.32553861  0.31001395  0.26528404  0.25808231  0.27255577  0.25094925  0.25808231  0.29480489  0.27989887  0.27989887  0.28731476  0.28731476  0.27255577  0.29480489  0.27255577  0.27989887  0.25808231  0.27989887  0.22307822  0.22994924  0.28731476  0.27989887  0.28731476  0.29480489  0.28731476  0.28731476  0.28731476  0.27989887  0.27255577  0.30237077  0.24388355  0.28731476  0.30237077  0.27255577  0.27255577  0.27255577  0.31001395  0.32553861  0.34139226  0.34139226  0.30237077  0.34139226  0.29480489  0.24388355  0.30237077  0.30237077  0.30237077  0.30237077  0.34139226  0.33342344  0.28731476  0.29480489  0.34944687  0.34139226  0.32553861  0.33342344  0.34944687  
89_11_0    0.02582122  0.00000000  0.02582122  0.03109415  0.22994924  0.18312677  0.21626973  0.20283585  0.20952264  0.18963894  0.19620830  0.18312677  0.20283585  0.20952264  0.25808231  0.19620830  0.18963894  0.19620830  0.20952264  0.18963894  0.18963894  0.25808231  0.15763054  0.23688396  0.27989887  0.22307822  0.18963894  0.20952264  0.22994924  0.20952264  0.20283585  0.22307822  0.20283585  0.24388355  0.25094925  0.28731476  0.25808231  0.20283585  0.25094925  0.25094925  0.24388355  0.23688396  0.23688396  0.24388355  0.24388355  0.27989887  0.27989887  0.27255577  0.21626973  0.23688396  0.23688396  0.25094925  0.25094925  0.27989887  0.25808231  0.27255577  0.27989887  0.25094925  0.25094925  0.23688396  0.25808231  0.27255577  0.26528404  0.24388355  0.23688396  0.23688396  0.27989887  0.26528404  0.25808231  0.28731476  0.34139226  0.33342344  0.34944687  0.34139226  0.31773601  0.31773601  0.32553861  0.31773601  0.34139226  0.34139226  0.34139226  0.31773601  0.31773601  0.29480489  0.32553861  0.30237077  0.29480489  0.30237077  0.30237077  0.30237077  0.31773601  0.31001395  0.33342344  0.32553861  0.31773601  0.29480489  0.29480489  0.34139226  0.33342344  0.31773601  0.32553861  0.33342344  0.31001395  0.29480489  0.26528404  0.25808231  0.27255577  0.25094925  0.25808231  0.27989887  0.29480489  0.26528404  0.27255577  0.27255577  0.27255577  0.27989887  0.25808231  0.27989887  0.25808231  0.26528404  0.22307822  0.24388355  0.28731476  0.27989887  0.28731476  0.29480489  0.31773601  0.31773601  0.31773601  0.31001395  0.30237077  0.31773601  0.25808231  0.30237077  0.31773601  0.28731476  0.28731476  0.28731476  0.33342344  0.34944687  0.36582101  0.36582101  0.32553861  0.34944687  0.31001395  0.25808231  0.31773601  0.31773601  0.31773601  0.31773601  0.32553861  0.33342344  0.31773601  0.32553861  0.35758915  0.34944687  0.34944687  0.34139226  0.35758915  
66_11_0    0.02058519  0.02582122  0.00000000  0.01538555  0.19620830  0.17667079  0.18963894  0.17027005  0.22307822  0.18312677  0.20283585  0.17027005  0.18963894  0.19620830  0.24388355  0.18312677  0.18963894  0.17667079  0.19620830  0.16392360  0.16392360  0.25094925  0.17027005  0.24388355  0.25808231  0.21626973  0.15763054  0.18963894  0.23688396  0.20283585  0.20283585  0.20283585  0.19620830  0.24388355  0.23688396  0.25094925  0.26528404  0.19620830  0.21626973  0.21626973  0.22307822  0.21626973  0.20283585  0.23688396  0.23688396  0.27255577  0.27255577  0.27255577  0.22307822  0.24388355  0.22307822  0.23688396  0.24388355  0.25808231  0.23688396  0.23688396  0.24388355  0.22994924  0.21626973  0.22307822  0.25094925  0.25094925  0.22994924  0.20952264  0.25094925  0.21626973  0.27255577  0.27989887  0.27255577  0.28731476  0.33342344  0.32553861  0.33342344  0.32553861  0.31001395  0.31001395  0.30237077  0.31001395  0.34944687  0.31773601  0.32553861  0.30237077  0.30237077  0.28731476  0.32553861  0.30237077  0.30237077  0.31001395  0.31001395  0.31001395  0.30237077  0.29480489  0.33342344  0.34944687  0.32553861  0.30237077  0.31773601  0.32553861  0.33342344  0.32553861  0.31773601  0.32553861  0.31773601  0.31773601  0.27255577  0.27989887  0.27989887  0.27255577  0.26528404  0.30237077  0.30237077  0.27989887  0.27989887  0.27989887  0.27989887  0.29480489  0.27989887  0.27255577  0.27989887  0.28731476  0.22994924  0.23688396  0.29480489  0.29480489  0.29480489  0.30237077  0.28731476  0.28731476  0.28731476  0.27989887  0.27255577  0.30237077  0.23688396  0.27989887  0.31001395  0.27255577  0.27255577  0.28731476  0.31773601  0.33342344  0.34944687  0.34944687  0.31001395  0.33342344  0.28731476  0.23688396  0.30237077  0.30237077  0.30237077  0.30237077  0.31773601  0.32553861  0.29480489  0.28731476  0.34139226  0.34944687  0.31773601  0.32553861  0.32553861  
76_11_0    0.02582122  0.03109415  0.01538555  0.00000000  0.20283585  0.18312677  0.20952264  0.18963894  0.22994924  0.20283585  0.20952264  0.18963894  0.19620830  0.18963894  0.23688396  0.20283585  0.19620830  0.19620830  0.21626973  0.18312677  0.18312677  0.25808231  0.17667079  0.22307822  0.25094925  0.20952264  0.16392360  0.20952264  0.22994924  0.20952264  0.22307822  0.20952264  0.18963894  0.23688396  0.25094925  0.26528404  0.27255577  0.20283585  0.23688396  0.23688396  0.22994924  0.23688396  0.22307822  0.25808231  0.25808231  0.27989887  0.27989887  0.26528404  0.22994924  0.24388355  0.24388355  0.24388355  0.26528404  0.26528404  0.25094925  0.25094925  0.25808231  0.24388355  0.22994924  0.22994924  0.25094925  0.26528404  0.25094925  0.22994924  0.24388355  0.20952264  0.25808231  0.27255577  0.26528404  0.30237077  0.33342344  0.32553861  0.32553861  0.31773601  0.29480489  0.29480489  0.30237077  0.29480489  0.33342344  0.31773601  0.31773601  0.31001395  0.31001395  0.28731476  0.33342344  0.31001395  0.28731476  0.29480489  0.29480489  0.31001395  0.30237077  0.29480489  0.33342344  0.33342344  0.32553861  0.30237077  0.30237077  0.32553861  0.31773601  0.31001395  0.31773601  0.32553861  0.31773601  0.30237077  0.29480489  0.28731476  0.30237077  0.26528404  0.27255577  0.27989887  0.29480489  0.26528404  0.27255577  0.27255577  0.27255577  0.27989887  0.25808231  0.26528404  0.27255577  0.27989887  0.23688396  0.24388355  0.30237077  0.28731476  0.30237077  0.31001395  0.28731476  0.28731476  0.28731476  0.27989887  0.27255577  0.30237077  0.25094925  0.29480489  0.32553861  0.26528404  0.26528404  0.27989887  0.33342344  0.33342344  0.34944687  0.34944687  0.31001395  0.33342344  0.29480489  0.24388355  0.30237077  0.30237077  0.30237077  0.30237077  0.33342344  0.32553861  0.29480489  0.29480489  0.34944687  0.34139226  0.32553861  0.31773601  0.33342344  
82_11_0    0.20952264  0.22994924  0.19620830  0.20283585  0.00000000  0.08597426  0.06908345  0.04713967  0.09745045  0.07467145  0.11500171  0.15138997  0.16392360  0.19620830  0.18963894  0.17027005  0.17667079  0.17027005  0.17667079  0.15138997  0.13297463  0.18312677  0.16392360  0.22994924  0.20952264  0.22994924  0.20952264  0.20952264  0.25808231  0.20283585  0.25808231  0.24388355  0.24388355  0.22307822  0.23688396  0.24388355  0.22994924  0.20283585  0.19620830  0.19620830  0.22994924  0.22307822  0.20283585  0.27255577  0.27989887  0.26528404  0.25808231  0.25094925  0.22307822  0.25094925  0.21626973  0.21626973  0.23688396  0.24388355  0.30237077  0.27255577  0.27255577  0.27989887  0.28731476  0.31001395  0.27989887  0.26528404  0.27989887  0.27255577  0.31773601  0.25094925  0.27255577  0.30237077  0.31001395  0.29480489  0.32553861  0.31773601  0.31773601  0.31001395  0.32553861  0.32553861  0.33342344  0.32553861  0.31773601  0.30237077  0.31001395  0.28731476  0.29480489  0.22307822  0.31773601  0.30237077  0.31001395  0.29480489  0.29480489  0.32553861  0.25808231  0.24388355  0.28731476  0.31773601  0.25808231  0.26528404  0.26528404  0.23688396  0.24388355  0.25094925  0.26528404  0.25094925  0.30237077  0.33342344  0.30237077  0.31001395  0.31001395  0.30237077  0.27255577  0.31001395  0.31001395  0.27989887  0.29480489  0.29480489  0.27989887  0.30237077  0.27255577  0.27255577  0.29480489  0.31773601  0.31773601  0.31001395  0.31773601  0.34944687  0.33342344  0.32553861  0.31001395  0.31001395  0.31001395  0.30237077  0.31001395  0.28731476  0.27255577  0.30237077  0.30237077  0.25094925  0.26528404  0.28731476  0.25808231  0.24388355  0.25094925  0.25094925  0.25808231  0.25808231  0.25808231  0.25094925  0.26528404  0.26528404  0.26528404  0.26528404  0.27255577  0.27255577  0.26528404  0.26528404  0.28731476  0.30237077  0.25094925  0.27255577  0.26528404  
71_11_0    0.17667079  0.18312677  0.17667079  0.18312677  0.08597426  0.00000000  0.10910542  0.08030151  0.12094484  0.09169035  0.12693556  0.16392360  0.20952264  0.18963894  0.22994924  0.18312677  0.17667079  0.17027005  0.20952264  0.20283585  0.20283585  0.22994924  0.13906285  0.22307822  0.25094925  0.22994924  0.22307822  0.22307822  0.27989887  0.19620830  0.20952264  0.20952264  0.18963894  0.25808231  0.27255577  0.26528404  0.22307822  0.22994924  0.23688396  0.23688396  0.21626973  0.22307822  0.21626973  0.24388355  0.24388355  0.28731476  0.27989887  0.22994924  0.22307822  0.22994924  0.21626973  0.22994924  0.22307822  0.26528404  0.29480489  0.27989887  0.24388355  0.27255577  0.27255577  0.28731476  0.28731476  0.27989887  0.27989887  0.27255577  0.31001395  0.23688396  0.25808231  0.27989887  0.27255577  0.31773601  0.31773601  0.31001395  0.31773601  0.31001395  0.31773601  0.31773601  0.34139226  0.31773601  0.32553861  0.31001395  0.32553861  0.27989887  0.28731476  0.25094925  0.27255577  0.25808231  0.28731476  0.30237077  0.30237077  0.28731476  0.31773601  0.29480489  0.32553861  0.34139226  0.27989887  0.29480489  0.27255577  0.30237077  0.29480489  0.27255577  0.28731476  0.28731476  0.32553861  0.34139226  0.31773601  0.31001395  0.32553861  0.31773601  0.31773601  0.31001395  0.32553861  0.30237077  0.31001395  0.31001395  0.30237077  0.29480489  0.27255577  0.29480489  0.31773601  0.32553861  0.31773601  0.34139226  0.32553861  0.36582101  0.35758915  0.34944687  0.31001395  0.27989887  0.27989887  0.28731476  0.29480489  0.31773601  0.27255577  0.31001395  0.27989887  0.27989887  0.29480489  0.27989887  0.29480489  0.29480489  0.30237077  0.30237077  0.27989887  0.29480489  0.29480489  0.28731476  0.30237077  0.29480489  0.30237077  0.29480489  0.30237077  0.31001395  0.25808231  0.30237077  0.30237077  0.28731476  0.28731476  0.27989887  0.30237077  
78_11_0    0.20283585  0.21626973  0.18963894  0.20952264  0.06908345  0.10910542  0.00000000  0.04713967  0.10325524  0.07467145  0.13297463  0.17667079  0.18312677  0.22307822  0.21626973  0.18963894  0.19620830  0.18312677  0.18963894  0.17027005  0.16392360  0.21626973  0.19620830  0.30237077  0.25094925  0.27989887  0.25808231  0.24388355  0.28731476  0.22307822  0.27255577  0.27255577  0.26528404  0.27989887  0.28731476  0.30237077  0.24388355  0.25094925  0.22994924  0.22994924  0.22994924  0.22994924  0.22307822  0.25808231  0.27255577  0.26528404  0.25808231  0.30237077  0.25094925  0.25094925  0.23688396  0.25094925  0.23688396  0.23688396  0.25808231  0.25808231  0.26528404  0.25808231  0.26528404  0.27989887  0.28731476  0.26528404  0.27989887  0.27255577  0.32553861  0.23688396  0.26528404  0.31001395  0.30237077  0.31773601  0.35758915  0.34944687  0.34944687  0.34139226  0.35758915  0.35758915  0.36582101  0.35758915  0.35758915  0.33342344  0.35758915  0.28731476  0.29480489  0.28731476  0.33342344  0.31001395  0.31773601  0.31001395  0.31001395  0.31773601  0.32553861  0.30237077  0.32553861  0.34944687  0.27989887  0.28731476  0.31001395  0.27255577  0.27989887  0.28731476  0.30237077  0.28731476  0.34944687  0.36582101  0.30237077  0.31001395  0.31001395  0.31773601  0.31001395  0.34139226  0.32553861  0.31773601  0.31773601  0.31773601  0.31001395  0.34139226  0.31001395  0.32553861  0.32553861  0.34944687  0.35758915  0.34944687  0.35758915  0.36582101  0.37414445  0.36582101  0.31001395  0.31001395  0.31001395  0.30237077  0.31001395  0.30237077  0.30237077  0.34944687  0.34944687  0.30237077  0.31773601  0.32553861  0.28731476  0.28731476  0.27989887  0.27989887  0.31001395  0.30237077  0.30237077  0.29480489  0.31001395  0.30237077  0.31001395  0.31001395  0.33342344  0.34139226  0.32553861  0.31773601  0.32553861  0.34139226  0.31773601  0.33342344  0.32553861  
80_11_0    0.18312677  0.20283585  0.17027005  0.18963894  0.04713967  0.08030151  0.04713967  0.00000000  0.08030151  0.05256557  0.10325524  0.15138997  0.15138997  0.20952264  0.20952264  0.18312677  0.18963894  0.17027005  0.17667079  0.14520102  0.14520102  0.18963894  0.15763054  0.27255577  0.21626973  0.23688396  0.21626973  0.21626973  0.27255577  0.19620830  0.24388355  0.24388355  0.23688396  0.25808231  0.25808231  0.27255577  0.22994924  0.22307822  0.21626973  0.21626973  0.22307822  0.22994924  0.20283585  0.24388355  0.25808231  0.25808231  0.25094925  0.27255577  0.22307822  0.23688396  0.20283585  0.21626973  0.22307822  0.22994924  0.27255577  0.24388355  0.25094925  0.25094925  0.25094925  0.27255577  0.27255577  0.25808231  0.25808231  0.25094925  0.30237077  0.22994924  0.25094925  0.28731476  0.29480489  0.27989887  0.34139226  0.33342344  0.33342344  0.32553861  0.34139226  0.34139226  0.34944687  0.34139226  0.34944687  0.31773601  0.34139226  0.27989887  0.28731476  0.24388355  0.31773601  0.28731476  0.28731476  0.30237077  0.30237077  0.30237077  0.30237077  0.27989887  0.30237077  0.33342344  0.27255577  0.28731476  0.27989887  0.26528404  0.27255577  0.27989887  0.29480489  0.27989887  0.31773601  0.33342344  0.27989887  0.28731476  0.28731476  0.29480489  0.27989887  0.32553861  0.29480489  0.28731476  0.30237077  0.30237077  0.27989887  0.31001395  0.29480489  0.30237077  0.29480489  0.31773601  0.31001395  0.30237077  0.31773601  0.33342344  0.31773601  0.31001395  0.30237077  0.28731476  0.28731476  0.27989887  0.28731476  0.29480489  0.28731476  0.29480489  0.29480489  0.28731476  0.30237077  0.30237077  0.27989887  0.27989887  0.27255577  0.27255577  0.27989887  0.29480489  0.28731476  0.27989887  0.29480489  0.29480489  0.29480489  0.29480489  0.30237077  0.31001395  0.30237077  0.28731476  0.31773601  0.31773601  0.28731476  0.29480489  0.30237077  
84_11_0    0.20952264  0.20952264  0.22307822  0.22994924  0.09745045  0.12094484  0.10325524  0.08030151  0.00000000  0.08030151  0.12094484  0.18312677  0.18312677  0.24388355  0.20952264  0.18963894  0.19620830  0.19620830  0.16392360  0.18963894  0.17667079  0.19620830  0.15138997  0.25094925  0.25094925  0.24388355  0.25094925  0.22994924  0.23688396  0.19620830  0.23688396  0.27989887  0.25808231  0.27255577  0.25808231  0.31001395  0.19620830  0.22994924  0.27255577  0.27255577  0.26528404  0.27255577  0.25808231  0.26528404  0.27989887  0.25094925  0.24388355  0.27989887  0.24388355  0.25808231  0.22994924  0.24388355  0.24388355  0.25094925  0.27255577  0.25094925  0.25808231  0.25808231  0.25094925  0.25094925  0.23688396  0.25094925  0.28731476  0.25808231  0.26528404  0.25094925  0.24388355  0.31001395  0.31773601  0.30237077  0.34944687  0.34139226  0.35758915  0.35758915  0.34944687  0.34944687  0.37414445  0.34944687  0.35758915  0.38256154  0.39107441  0.29480489  0.30237077  0.28731476  0.34139226  0.31001395  0.30237077  0.30237077  0.30237077  0.30237077  0.33342344  0.31001395  0.34139226  0.34944687  0.29480489  0.31001395  0.30237077  0.30237077  0.29480489  0.29480489  0.31773601  0.31001395  0.31773601  0.31773601  0.27989887  0.27255577  0.28731476  0.27989887  0.28731476  0.31773601  0.28731476  0.28731476  0.29480489  0.29480489  0.28731476  0.31773601  0.28731476  0.31773601  0.31773601  0.32553861  0.34944687  0.35758915  0.33342344  0.34139226  0.33342344  0.32553861  0.32553861  0.32553861  0.32553861  0.31773601  0.32553861  0.30237077  0.32553861  0.36582101  0.34944687  0.33342344  0.34944687  0.32553861  0.30237077  0.30237077  0.29480489  0.29480489  0.31773601  0.33342344  0.32553861  0.32553861  0.34139226  0.34139226  0.34139226  0.33342344  0.33342344  0.34139226  0.32553861  0.31773601  0.31773601  0.33342344  0.33342344  0.32553861  0.32553861  
87_11_0    0.18312677  0.18963894  0.18312677  0.20283585  0.07467145  0.09169035  0.07467145  0.05256557  0.08030151  0.00000000  0.08597426  0.13297463  0.13906285  0.18963894  0.18312677  0.13906285  0.14520102  0.13297463  0.13297463  0.12693556  0.13906285  0.16392360  0.12094484  0.21626973  0.20283585  0.20952264  0.20283585  0.20283585  0.22994924  0.18312677  0.18963894  0.21626973  0.22307822  0.23688396  0.22307822  0.23688396  0.22307822  0.20952264  0.22307822  0.22307822  0.21626973  0.22307822  0.20952264  0.24388355  0.24388355  0.22994924  0.22307822  0.28731476  0.22994924  0.23688396  0.21626973  0.22994924  0.21626973  0.23688396  0.25808231  0.25808231  0.25094925  0.23688396  0.26528404  0.27255577  0.27255577  0.25094925  0.27255577  0.26528404  0.27989887  0.25094925  0.25808231  0.29480489  0.28731476  0.30237077  0.31001395  0.30237077  0.31773601  0.31001395  0.32553861  0.32553861  0.33342344  0.32553861  0.31773601  0.31001395  0.32553861  0.25808231  0.26528404  0.23688396  0.31001395  0.27989887  0.31001395  0.32553861  0.32553861  0.32553861  0.31773601  0.31001395  0.30237077  0.32553861  0.27255577  0.28731476  0.29480489  0.27989887  0.28731476  0.29480489  0.31001395  0.29480489  0.30237077  0.31773601  0.25094925  0.25808231  0.25808231  0.25094925  0.29480489  0.31001395  0.28731476  0.30237077  0.28731476  0.28731476  0.26528404  0.32553861  0.29480489  0.30237077  0.26528404  0.28731476  0.32553861  0.33342344  0.29480489  0.33342344  0.29480489  0.30237077  0.31773601  0.30237077  0.30237077  0.29480489  0.30237077  0.30237077  0.28731476  0.31773601  0.30237077  0.27255577  0.28731476  0.27255577  0.27255577  0.27255577  0.27255577  0.27255577  0.28731476  0.31001395  0.25808231  0.27989887  0.28731476  0.27989887  0.28731476  0.27989887  0.29480489  0.29480489  0.31773601  0.30237077  0.30237077  0.31773601  0.31001395  0.31773601  0.32553861  
75_11_0    0.20283585  0.19620830  0.20283585  0.20952264  0.11500171  0.12693556  0.13297463  0.10325524  0.12094484  0.08597426  0.00000000  0.13297463  0.14520102  0.21626973  0.20952264  0.18312677  0.18963894  0.17027005  0.17027005  0.14520102  0.15763054  0.17027005  0.12693556  0.20952264  0.23688396  0.20952264  0.22994924  0.22307822  0.23688396  0.19620830  0.21626973  0.22994924  0.22307822  0.23688396  0.25094925  0.26528404  0.20283585  0.20283585  0.22307822  0.22307822  0.20952264  0.21626973  0.22307822  0.22994924  0.22994924  0.25094925  0.25094925  0.22994924  0.22307822  0.22994924  0.23688396  0.25094925  0.24388355  0.25808231  0.27989887  0.29480489  0.31773601  0.28731476  0.30237077  0.31773601  0.26528404  0.30237077  0.31773601  0.29480489  0.33342344  0.31001395  0.31773601  0.25808231  0.25808231  0.24388355  0.31001395  0.30237077  0.32553861  0.31773601  0.32553861  0.32553861  0.34944687  0.32553861  0.30237077  0.31773601  0.31773601  0.25808231  0.26528404  0.25808231  0.30237077  0.27989887  0.28731476  0.30237077  0.30237077  0.30237077  0.27255577  0.26528404  0.28731476  0.29480489  0.27255577  0.28731476  0.27255577  0.27989887  0.27255577  0.27989887  0.31001395  0.29480489  0.29480489  0.27989887  0.25808231  0.25094925  0.26528404  0.24388355  0.26528404  0.25808231  0.24388355  0.26528404  0.26528404  0.26528404  0.25808231  0.26528404  0.25808231  0.26528404  0.27255577  0.26528404  0.25094925  0.27255577  0.27255577  0.29480489  0.27989887  0.27255577  0.27989887  0.26528404  0.26528404  0.25808231  0.26528404  0.27255577  0.25808231  0.26528404  0.25094925  0.24388355  0.25808231  0.24388355  0.27255577  0.27255577  0.27255577  0.27255577  0.25094925  0.31001395  0.20952264  0.23688396  0.23688396  0.23688396  0.22994924  0.23688396  0.27989887  0.27989887  0.28731476  0.27989887  0.28731476  0.27255577  0.32553861  0.31001395  0.33342344  
97_11_0    0.18312677  0.18312677  0.17027005  0.18963894  0.15138997  0.16392360  0.17667079  0.15138997  0.18312677  0.13297463  0.13297463  0.00000000  0.10910542  0.25808231  0.24388355  0.17667079  0.19620830  0.17667079  0.19620830  0.20283585  0.18963894  0.19620830  0.13297463  0.22307822  0.23688396  0.22307822  0.22994924  0.25094925  0.28731476  0.25094925  0.20283585  0.24388355  0.26528404  0.26528404  0.22994924  0.23688396  0.24388355  0.20283585  0.19620830  0.19620830  0.20952264  0.21626973  0.18963894  0.20952264  0.20952264  0.21626973  0.21626973  0.20952264  0.21626973  0.21626973  0.20283585  0.21626973  0.21626973  0.23688396  0.25094925  0.25094925  0.27255577  0.22994924  0.24388355  0.25094925  0.27989887  0.28731476  0.24388355  0.22307822  0.27989887  0.27989887  0.27989887  0.30237077  0.28731476  0.30237077  0.32553861  0.31773601  0.35758915  0.34944687  0.34944687  0.34944687  0.35758915  0.34944687  0.34139226  0.34944687  0.33342344  0.29480489  0.28731476  0.27255577  0.30237077  0.29480489  0.36582101  0.36582101  0.36582101  0.36582101  0.31773601  0.32553861  0.31001395  0.34139226  0.32553861  0.31001395  0.32553861  0.30237077  0.31001395  0.31773601  0.31773601  0.31773601  0.31001395  0.32553861  0.27989887  0.28731476  0.29480489  0.29480489  0.28731476  0.34944687  0.34139226  0.34139226  0.33342344  0.33342344  0.29480489  0.32553861  0.32553861  0.30237077  0.27255577  0.26528404  0.25808231  0.27989887  0.27989887  0.29480489  0.30237077  0.29480489  0.34139226  0.32553861  0.32553861  0.33342344  0.32553861  0.34944687  0.30237077  0.32553861  0.31001395  0.26528404  0.27989887  0.26528404  0.27989887  0.29480489  0.31001395  0.31001395  0.25808231  0.33342344  0.27255577  0.27989887  0.31773601  0.31773601  0.31001395  0.31001395  0.32553861  0.32553861  0.29480489  0.33342344  0.35758915  0.36582101  0.33342344  0.33342344  0.34139226  
91_11_0    0.21626973  0.20283585  0.18963894  0.19620830  0.16392360  0.20952264  0.18312677  0.15138997  0.18312677  0.13906285  0.14520102  0.10910542  0.00000000  0.25094925  0.22307822  0.21626973  0.22307822  0.20952264  0.21626973  0.21626973  0.20283585  0.19620830  0.13297463  0.22307822  0.22307822  0.21626973  0.21626973  0.23688396  0.26528404  0.20952264  0.19620830  0.26528404  0.27255577  0.27989887  0.27255577  0.26528404  0.27255577  0.25808231  0.23688396  0.23688396  0.24388355  0.25094925  0.25094925  0.26528404  0.26528404  0.28731476  0.27989887  0.30237077  0.25094925  0.27255577  0.27989887  0.29480489  0.29480489  0.25808231  0.30237077  0.31773601  0.31001395  0.27989887  0.31001395  0.30237077  0.31001395  0.32553861  0.29480489  0.27255577  0.31001395  0.32553861  0.34139226  0.34944687  0.34139226  0.29480489  0.34944687  0.34139226  0.34139226  0.33342344  0.34944687  0.34944687  0.34139226  0.34944687  0.32553861  0.34944687  0.34944687  0.29480489  0.30237077  0.31001395  0.31773601  0.31001395  0.37414445  0.37414445  0.37414445  0.39107441  0.31773601  0.34139226  0.32553861  0.34944687  0.31773601  0.30237077  0.31001395  0.31001395  0.31773601  0.32553861  0.32553861  0.32553861  0.27989887  0.29480489  0.31773601  0.31001395  0.31001395  0.31773601  0.28731476  0.31773601  0.30237077  0.29480489  0.31001395  0.31001395  0.28731476  0.31001395  0.31773601  0.31001395  0.29480489  0.28731476  0.31773601  0.32553861  0.36582101  0.34944687  0.34944687  0.34139226  0.33342344  0.33342344  0.33342344  0.32553861  0.31773601  0.30237077  0.28731476  0.31773601  0.31773601  0.31773601  0.31773601  0.30237077  0.28731476  0.28731476  0.28731476  0.28731476  0.27255577  0.32553861  0.25808231  0.26528404  0.27989887  0.27989887  0.27989887  0.27989887  0.27989887  0.27989887  0.33342344  0.32553861  0.34944687  0.35758915  0.33342344  0.31001395  0.31773601  
74_11_0    0.20952264  0.20952264  0.19620830  0.18963894  0.19620830  0.18963894  0.22307822  0.20952264  0.24388355  0.18963894  0.21626973  0.25808231  0.25094925  0.00000000  0.10910542  0.18963894  0.17027005  0.14520102  0.15138997  0.15763054  0.15763054  0.24388355  0.20952264  0.25808231  0.29480489  0.23688396  0.22307822  0.23688396  0.27989887  0.20283585  0.25808231  0.26528404  0.24388355  0.24388355  0.29480489  0.25808231  0.25808231  0.29480489  0.29480489  0.29480489  0.28731476  0.28731476  0.29480489  0.30237077  0.30237077  0.32553861  0.33342344  0.34139226  0.30237077  0.28731476  0.27989887  0.26528404  0.26528404  0.30237077  0.31001395  0.31773601  0.29480489  0.30237077  0.28731476  0.31001395  0.30237077  0.31001395  0.28731476  0.31001395  0.33342344  0.27255577  0.27989887  0.29480489  0.28731476  0.30237077  0.37414445  0.36582101  0.35758915  0.34944687  0.34944687  0.34944687  0.35758915  0.34944687  0.35758915  0.33342344  0.34139226  0.31001395  0.31773601  0.27989887  0.34139226  0.31001395  0.33342344  0.34139226  0.34139226  0.34139226  0.35758915  0.34944687  0.34944687  0.34944687  0.35758915  0.33342344  0.36582101  0.36582101  0.35758915  0.33342344  0.36582101  0.34944687  0.39107441  0.40839636  0.35758915  0.34944687  0.36582101  0.34139226  0.36582101  0.34139226  0.36582101  0.33342344  0.32553861  0.32553861  0.33342344  0.34944687  0.33342344  0.35758915  0.33342344  0.34139226  0.36582101  0.37414445  0.36582101  0.37414445  0.38256154  0.39107441  0.29480489  0.27989887  0.27989887  0.28731476  0.29480489  0.29480489  0.26528404  0.30237077  0.30237077  0.30237077  0.30237077  0.31773601  0.31001395  0.30237077  0.31773601  0.31773601  0.30237077  0.28731476  0.34944687  0.33342344  0.36582101  0.35758915  0.36582101  0.34139226  0.36582101  0.35758915  0.32553861  0.35758915  0.35758915  0.34944687  0.32553861  0.33342344  0.34944687  
70_11_0    0.24388355  0.25808231  0.24388355  0.23688396  0.18963894  0.22994924  0.21626973  0.20952264  0.20952264  0.18312677  0.20952264  0.24388355  0.22307822  0.10910542  0.00000000  0.17667079  0.18312677  0.18963894  0.17027005  0.16392360  0.15763054  0.26528404  0.23688396  0.27989887  0.27989887  0.24388355  0.25094925  0.26528404  0.27255577  0.22994924  0.29480489  0.28731476  0.27255577  0.27255577  0.25808231  0.22994924  0.27255577  0.27989887  0.30237077  0.30237077  0.29480489  0.32553861  0.31001395  0.35758915  0.34944687  0.32553861  0.31773601  0.35758915  0.34944687  0.34139226  0.33342344  0.31773601  0.31773601  0.29480489  0.31773601  0.31001395  0.31001395  0.29480489  0.31001395  0.30237077  0.29480489  0.31773601  0.28731476  0.31001395  0.35758915  0.31773601  0.30237077  0.36582101  0.35758915  0.34944687  0.35758915  0.34944687  0.35758915  0.34944687  0.34139226  0.34139226  0.35758915  0.34139226  0.35758915  0.37414445  0.36582101  0.33342344  0.33342344  0.32553861  0.39968525  0.38256154  0.31773601  0.31001395  0.31001395  0.34139226  0.34139226  0.33342344  0.35758915  0.34944687  0.34139226  0.31773601  0.34139226  0.32553861  0.31773601  0.31001395  0.34139226  0.32553861  0.33342344  0.34944687  0.31773601  0.31001395  0.31001395  0.30237077  0.32553861  0.38256154  0.34944687  0.37414445  0.36582101  0.36582101  0.32553861  0.39107441  0.37414445  0.35758915  0.31773601  0.32553861  0.38256154  0.37414445  0.40839636  0.40839636  0.42612889  0.41721009  0.29480489  0.29480489  0.29480489  0.28731476  0.29480489  0.28731476  0.31773601  0.34944687  0.37414445  0.30237077  0.32553861  0.31773601  0.33342344  0.33342344  0.33342344  0.33342344  0.34944687  0.37414445  0.31001395  0.32553861  0.34139226  0.33342344  0.34139226  0.31773601  0.34139226  0.33342344  0.33342344  0.35758915  0.32553861  0.33342344  0.31773601  0.31773601  0.33342344  
60_15_0    0.18963894  0.19620830  0.18312677  0.20283585  0.17027005  0.18312677  0.18963894  0.18312677  0.18963894  0.13906285  0.18312677  0.17667079  0.21626973  0.18963894  0.17667079  0.00000000  0.01538555  0.06353687  0.08597426  0.10910542  0.07467145  0.22307822  0.17667079  0.23688396  0.23688396  0.23688396  0.24388355  0.22307822  0.27989887  0.23688396  0.25094925  0.27255577  0.26528404  0.28731476  0.25808231  0.24388355  0.22307822  0.19620830  0.24388355  0.24388355  0.25094925  0.25094925  0.24388355  0.25094925  0.26528404  0.25808231  0.25094925  0.30237077  0.25094925  0.26528404  0.22307822  0.22307822  0.20952264  0.25808231  0.28731476  0.28731476  0.28731476  0.27255577  0.27255577  0.27989887  0.29480489  0.29480489  0.25808231  0.22994924  0.30237077  0.25808231  0.27255577  0.34139226  0.33342344  0.31773601  0.32553861  0.32553861  0.34944687  0.34139226  0.32553861  0.32553861  0.33342344  0.32553861  0.34139226  0.34139226  0.32553861  0.29480489  0.29480489  0.30237077  0.37414445  0.35758915  0.31001395  0.30237077  0.30237077  0.31773601  0.30237077  0.26528404  0.31001395  0.32553861  0.31001395  0.29480489  0.34139226  0.30237077  0.31001395  0.32553861  0.30237077  0.31001395  0.31773601  0.33342344  0.25808231  0.26528404  0.26528404  0.25808231  0.27989887  0.32553861  0.31773601  0.30237077  0.27255577  0.27255577  0.26528404  0.29480489  0.31001395  0.30237077  0.27989887  0.27989887  0.30237077  0.30237077  0.32553861  0.34139226  0.34139226  0.34944687  0.33342344  0.34944687  0.34944687  0.34139226  0.34944687  0.34139226  0.34139226  0.35758915  0.36582101  0.27255577  0.28731476  0.28731476  0.26528404  0.27989887  0.29480489  0.29480489  0.30237077  0.33342344  0.28731476  0.27989887  0.32553861  0.31773601  0.32553861  0.33342344  0.31001395  0.31773601  0.29480489  0.31001395  0.31773601  0.34944687  0.34944687  0.34944687  0.34944687  
96_15_0    0.18312677  0.18963894  0.18963894  0.19620830  0.17667079  0.17667079  0.19620830  0.18963894  0.19620830  0.14520102  0.18963894  0.19620830  0.22307822  0.17027005  0.18312677  0.01538555  0.00000000  0.05803111  0.10325524  0.12094484  0.08597426  0.22994924  0.17027005  0.23688396  0.23688396  0.22994924  0.24388355  0.22307822  0.26528404  0.22307822  0.25094925  0.27255577  0.25094925  0.27255577  0.26528404  0.25808231  0.22307822  0.19620830  0.25094925  0.25094925  0.24388355  0.25808231  0.25094925  0.25808231  0.27255577  0.26528404  0.27255577  0.31001395  0.22994924  0.25094925  0.22994924  0.22994924  0.21626973  0.26528404  0.29480489  0.29480489  0.27989887  0.27989887  0.27989887  0.29480489  0.28731476  0.28731476  0.25094925  0.23688396  0.29480489  0.25094925  0.25094925  0.31773601  0.31001395  0.31001395  0.33342344  0.33342344  0.33342344  0.32553861  0.30237077  0.30237077  0.32553861  0.30237077  0.31773601  0.33342344  0.31001395  0.28731476  0.28731476  0.29480489  0.35758915  0.34139226  0.29480489  0.28731476  0.28731476  0.30237077  0.30237077  0.26528404  0.31001395  0.31001395  0.31001395  0.29480489  0.32553861  0.30237077  0.29480489  0.31001395  0.30237077  0.31001395  0.31773601  0.31773601  0.26528404  0.25808231  0.27255577  0.25094925  0.28731476  0.30237077  0.29480489  0.28731476  0.27989887  0.27989887  0.27255577  0.29480489  0.28731476  0.32553861  0.25808231  0.27255577  0.29480489  0.29480489  0.33342344  0.33342344  0.34944687  0.35758915  0.33342344  0.34944687  0.34944687  0.34139226  0.34944687  0.34139226  0.32553861  0.34139226  0.34944687  0.27989887  0.29480489  0.27989887  0.26528404  0.27989887  0.29480489  0.29480489  0.30237077  0.31773601  0.31001395  0.28731476  0.32553861  0.31773601  0.32553861  0.33342344  0.30237077  0.31001395  0.27255577  0.31001395  0.31773601  0.33342344  0.34139226  0.33342344  0.34944687  
61_15_0    0.19620830  0.19620830  0.17667079  0.19620830  0.17027005  0.17027005  0.18312677  0.17027005  0.19620830  0.13297463  0.17027005  0.17667079  0.20952264  0.14520102  0.18963894  0.06353687  0.05803111  0.00000000  0.09169035  0.09169035  0.06908345  0.20952264  0.15138997  0.24388355  0.25094925  0.23688396  0.22994924  0.20952264  0.27989887  0.23688396  0.22994924  0.27989887  0.27255577  0.26528404  0.27255577  0.25094925  0.23688396  0.22994924  0.25094925  0.25094925  0.24388355  0.24388355  0.23688396  0.27255577  0.28731476  0.28731476  0.29480489  0.32553861  0.25808231  0.27989887  0.25094925  0.25094925  0.23688396  0.27989887  0.30237077  0.31001395  0.28731476  0.29480489  0.28731476  0.31773601  0.32553861  0.30237077  0.27989887  0.27255577  0.34944687  0.29480489  0.30237077  0.29480489  0.28731476  0.29480489  0.33342344  0.32553861  0.33342344  0.32553861  0.31001395  0.31001395  0.31773601  0.31001395  0.32553861  0.32553861  0.31001395  0.27255577  0.27255577  0.30237077  0.35758915  0.32553861  0.34944687  0.35758915  0.35758915  0.34139226  0.35758915  0.31773601  0.34139226  0.35758915  0.33342344  0.33342344  0.38256154  0.34944687  0.35758915  0.34944687  0.34139226  0.34944687  0.35758915  0.37414445  0.27989887  0.28731476  0.28731476  0.27989887  0.31773601  0.31773601  0.32553861  0.30237077  0.28731476  0.28731476  0.30237077  0.31001395  0.31001395  0.33342344  0.30237077  0.31001395  0.33342344  0.34944687  0.34944687  0.37414445  0.36582101  0.37414445  0.33342344  0.31773601  0.31773601  0.32553861  0.33342344  0.34139226  0.33342344  0.33342344  0.33342344  0.27989887  0.29480489  0.29480489  0.26528404  0.27989887  0.29480489  0.29480489  0.28731476  0.31001395  0.32553861  0.28731476  0.34944687  0.34139226  0.34944687  0.34139226  0.31773601  0.32553861  0.28731476  0.31001395  0.31773601  0.34139226  0.35758915  0.36582101  0.36582101  
61_11_0    0.19620830  0.20952264  0.19620830  0.21626973  0.17667079  0.20952264  0.18963894  0.17667079  0.16392360  0.13297463  0.17027005  0.19620830  0.21626973  0.15138997  0.17027005  0.08597426  0.10325524  0.09169035  0.00000000  0.09169035  0.06908345  0.21626973  0.17027005  0.26528404  0.25808231  0.27255577  0.25808231  0.23688396  0.29480489  0.22994924  0.25094925  0.30237077  0.29480489  0.28731476  0.27989887  0.27989887  0.24388355  0.25094925  0.25808231  0.25808231  0.26528404  0.26528404  0.27255577  0.28731476  0.30237077  0.27255577  0.27255577  0.34139226  0.27255577  0.28731476  0.25808231  0.25808231  0.24388355  0.27255577  0.31001395  0.29480489  0.30237077  0.29480489  0.28731476  0.30237077  0.31001395  0.30237077  0.28731476  0.27255577  0.34139226  0.27989887  0.30237077  0.36582101  0.35758915  0.32553861  0.38256154  0.37414445  0.39968525  0.39968525  0.39107441  0.39107441  0.39968525  0.39107441  0.39968525  0.39968525  0.39107441  0.31773601  0.32553861  0.28731476  0.39968525  0.36582101  0.33342344  0.34139226  0.34139226  0.34139226  0.33342344  0.32553861  0.35758915  0.37414445  0.34944687  0.33342344  0.38256154  0.33342344  0.34139226  0.34944687  0.35758915  0.34944687  0.36582101  0.38256154  0.30237077  0.31001395  0.31001395  0.30237077  0.33342344  0.36582101  0.33342344  0.34139226  0.31001395  0.31001395  0.30237077  0.34944687  0.34139226  0.33342344  0.33342344  0.34139226  0.35758915  0.36582101  0.31773601  0.34944687  0.33342344  0.34139226  0.34944687  0.33342344  0.33342344  0.32553861  0.33342344  0.34944687  0.34139226  0.36582101  0.37414445  0.29480489  0.31001395  0.31001395  0.29480489  0.30237077  0.31773601  0.31773601  0.30237077  0.34944687  0.32553861  0.31001395  0.36582101  0.35758915  0.36582101  0.34139226  0.35758915  0.36582101  0.34944687  0.35758915  0.36582101  0.39107441  0.38256154  0.39968525  0.39107441  
60_11_0    0.17667079  0.18963894  0.16392360  0.18312677  0.15138997  0.20283585  0.17027005  0.14520102  0.18963894  0.12693556  0.14520102  0.20283585  0.21626973  0.15763054  0.16392360  0.10910542  0.12094484  0.09169035  0.09169035  0.00000000  0.03109415  0.23688396  0.17027005  0.27255577  0.27255577  0.27989887  0.22994924  0.21626973  0.27255577  0.22307822  0.26528404  0.28731476  0.29480489  0.26528404  0.26528404  0.26528404  0.25808231  0.22994924  0.22994924  0.22994924  0.25094925  0.25094925  0.24388355  0.31001395  0.31001395  0.31001395  0.31773601  0.34139226  0.27989887  0.30237077  0.27255577  0.27255577  0.27255577  0.27255577  0.32553861  0.31773601  0.33342344  0.30237077  0.32553861  0.34139226  0.33342344  0.32553861  0.34139226  0.33342344  0.34944687  0.30237077  0.34944687  0.33342344  0.34139226  0.29480489  0.35758915  0.34944687  0.35758915  0.34944687  0.34944687  0.34944687  0.35758915  0.34944687  0.36582101  0.34139226  0.34944687  0.31001395  0.31001395  0.31001395  0.40839636  0.37414445  0.34944687  0.35758915  0.35758915  0.35758915  0.31773601  0.30237077  0.31001395  0.32553861  0.34139226  0.34944687  0.36582101  0.33342344  0.34139226  0.34139226  0.35758915  0.34139226  0.39107441  0.39107441  0.31773601  0.32553861  0.32553861  0.30237077  0.32553861  0.35758915  0.34139226  0.34944687  0.34139226  0.34139226  0.32553861  0.35758915  0.36582101  0.34139226  0.33342344  0.34944687  0.31773601  0.31001395  0.37414445  0.39107441  0.37414445  0.38256154  0.32553861  0.31001395  0.31001395  0.30237077  0.31001395  0.31773601  0.31001395  0.28731476  0.31773601  0.28731476  0.30237077  0.31773601  0.30237077  0.31773601  0.33342344  0.33342344  0.32553861  0.36582101  0.30237077  0.27255577  0.32553861  0.32553861  0.32553861  0.31001395  0.34139226  0.34139226  0.33342344  0.32553861  0.34944687  0.35758915  0.31773601  0.34139226  0.34139226  
