14
55_0_0     0.00000000  0.21600631  0.23332094  0.23332094  0.23918406  0.22750409  0.23332094  0.18255143  0.19908909  0.19908909  0.22750409  0.20468513  0.19353521  0.21600631  
44_0_0     0.21600631  0.00000000  0.03485374  0.22750409  0.21600631  0.22173278  0.21600631  0.21032399  0.19908909  0.20468513  0.21600631  0.18255143  0.20468513  0.23332094  
88_0_0     0.23332094  0.03485374  0.00000000  0.20468513  0.21600631  0.23332094  0.23332094  0.21032399  0.19908909  0.20468513  0.22173278  0.18802286  0.19908909  0.22750409  
67_0_0     0.23332094  0.22750409  0.20468513  0.00000000  0.02598459  0.03932866  0.11987890  0.14018337  0.12490282  0.12996122  0.14534810  0.12996122  0.13505458  0.14018337  
69_0_0     0.23918406  0.21600631  0.21600631  0.02598459  0.00000000  0.01722088  0.11987890  0.15578741  0.14018337  0.14534810  0.13505458  0.12996122  0.13505458  0.14018337  
83_0_0     0.22750409  0.22173278  0.23332094  0.03932866  0.01722088  0.00000000  0.12490282  0.15054927  0.13505458  0.14018337  0.12996122  0.11488899  0.12996122  0.14534810  
52_0_0     0.23332094  0.21600631  0.23332094  0.11987890  0.11987890  0.12490282  0.00000000  0.14018337  0.13505458  0.14018337  0.14534810  0.12996122  0.12996122  0.17172893  
86_0_0     0.18255143  0.21032399  0.21032399  0.14018337  0.15578741  0.15054927  0.14018337  0.00000000  0.01287780  0.01722088  0.10993263  0.09043389  0.07614104  0.14534810  
38_0_0     0.19908909  0.19908909  0.19908909  0.12490282  0.14018337  0.13505458  0.13505458  0.01287780  0.00000000  0.01287780  0.10500938  0.08563875  0.08087460  0.14018337  
63_0_0     0.19908909  0.20468513  0.20468513  0.12996122  0.14534810  0.14018337  0.14018337  0.01722088  0.01287780  0.00000000  0.10500938  0.08087460  0.07614104  0.12490282  
36_0_0     0.22750409  0.21600631  0.22173278  0.14534810  0.13505458  0.12996122  0.14534810  0.10993263  0.10500938  0.10500938  0.00000000  0.05750507  0.09043389  0.13505458  
60_0_0     0.20468513  0.18255143  0.18802286  0.12996122  0.12996122  0.11488899  0.12996122  0.09043389  0.08563875  0.08087460  0.05750507  0.00000000  0.07614104  0.12996122  
89_0_0     0.19353521  0.20468513  0.19908909  0.13505458  0.13505458  0.12996122  0.12996122  0.07614104  0.08087460  0.07614104  0.09043389  0.07614104  0.00000000  0.13505458  
57_0_0     0.21600631  0.23332094  0.22750409  0.14018337  0.14018337  0.14534810  0.17172893  0.14534810  0.14018337  0.12490282  0.13505458  0.12996122  0.13505458  0.00000000  

