20
3_0_0      0.00000000  0.12514195  0.13136255  0.39023504  0.37274943  0.39023504  0.39023504  0.43583621  0.43583621  0.43583621  0.43583621  0.44530171  0.40814152  0.39023504  0.39913441  0.40814152  0.39913441  0.38144087  0.36415836  0.39913441  
2_0_0      0.12514195  0.00000000  0.00525411  0.39913441  0.38144087  0.39023504  0.39023504  0.50477235  0.42648963  0.42648963  0.42648963  0.43583621  0.40814152  0.39023504  0.38144087  0.37274943  0.41725901  0.39913441  0.41725901  0.45488919  
1_0_0      0.13136255  0.00525411  0.00000000  0.40814152  0.39023504  0.39913441  0.39913441  0.51516327  0.43583621  0.43583621  0.43583621  0.44530171  0.39913441  0.38144087  0.37274943  0.36415836  0.40814152  0.39023504  0.40814152  0.44530171  
4_0_0      0.39023504  0.39913441  0.40814152  0.00000000  0.10678628  0.12514195  0.11897294  0.29878342  0.33896481  0.33896481  0.32263093  0.33075305  0.32263093  0.33896481  0.29100115  0.31459653  0.29100115  0.32263093  0.29100115  0.30664796  
13_0_0     0.37274943  0.38144087  0.39023504  0.10678628  0.00000000  0.06563952  0.04867878  0.28329944  0.29100115  0.29100115  0.29100115  0.29878342  0.31459653  0.31459653  0.28329944  0.29100115  0.25326596  0.29100115  0.26813116  0.28329944  
10_0_0     0.39023504  0.39023504  0.39913441  0.12514195  0.06563952  0.00000000  0.03209609  0.29878342  0.30664796  0.30664796  0.30664796  0.31459653  0.35566537  0.35566537  0.32263093  0.33075305  0.30664796  0.33075305  0.30664796  0.32263093  
12_0_0     0.39023504  0.39023504  0.39913441  0.11897294  0.04867878  0.03209609  0.00000000  0.27567664  0.28329944  0.28329944  0.28329944  0.29100115  0.33075305  0.33075305  0.29878342  0.30664796  0.28329944  0.32263093  0.29878342  0.31459653  
5_0_0      0.43583621  0.50477235  0.51516327  0.29878342  0.28329944  0.29878342  0.27567664  0.00000000  0.07716537  0.07716537  0.05428951  0.04867878  0.34726823  0.34726823  0.30664796  0.33075305  0.28329944  0.33075305  0.32263093  0.33896481  
17_0_0     0.43583621  0.42648963  0.43583621  0.33896481  0.29100115  0.30664796  0.28329944  0.07716537  0.00000000  0.01054559  0.02124281  0.02664966  0.33896481  0.30664796  0.29878342  0.32263093  0.29100115  0.32263093  0.33075305  0.34726823  
14_0_0     0.43583621  0.42648963  0.43583621  0.33896481  0.29100115  0.30664796  0.28329944  0.07716537  0.01054559  0.00000000  0.02124281  0.02664966  0.33896481  0.30664796  0.31459653  0.33896481  0.29100115  0.32263093  0.31459653  0.33075305  
6_0_0      0.43583621  0.42648963  0.43583621  0.32263093  0.29100115  0.30664796  0.28329944  0.05428951  0.02124281  0.02124281  0.00000000  0.00525411  0.33896481  0.30664796  0.29878342  0.32263093  0.27567664  0.32263093  0.31459653  0.33075305  
11_0_0     0.44530171  0.43583621  0.44530171  0.33075305  0.29878342  0.31459653  0.29100115  0.04867878  0.02664966  0.02664966  0.00525411  0.00000000  0.34726823  0.31459653  0.30664796  0.33075305  0.28329944  0.33075305  0.32263093  0.33896481  
19_0_0     0.40814152  0.40814152  0.39913441  0.32263093  0.31459653  0.35566537  0.33075305  0.34726823  0.33896481  0.33896481  0.33896481  0.34726823  0.00000000  0.11897294  0.09479603  0.08299596  0.10076700  0.10678628  0.11285466  0.12514195  
16_0_0     0.39023504  0.39023504  0.38144087  0.33896481  0.31459653  0.35566537  0.33075305  0.34726823  0.30664796  0.30664796  0.30664796  0.31459653  0.11897294  0.00000000  0.08299596  0.07138013  0.08887260  0.08887260  0.10678628  0.11897294  
18_0_0     0.39913441  0.38144087  0.37274943  0.29100115  0.28329944  0.32263093  0.29878342  0.30664796  0.29878342  0.31459653  0.29878342  0.30664796  0.09479603  0.08299596  0.00000000  0.03209609  0.05994287  0.08887260  0.09479603  0.10678628  
7_0_0      0.40814152  0.37274943  0.36415836  0.31459653  0.29100115  0.33075305  0.30664796  0.33075305  0.32263093  0.33896481  0.32263093  0.33075305  0.08299596  0.07138013  0.03209609  0.00000000  0.05994287  0.08887260  0.09479603  0.10678628  
9_0_0      0.39913441  0.41725901  0.40814152  0.29100115  0.25326596  0.30664796  0.28329944  0.28329944  0.29100115  0.29100115  0.27567664  0.28329944  0.10076700  0.08887260  0.05994287  0.05994287  0.00000000  0.08299596  0.07716537  0.08887260  
15_0_0     0.38144087  0.39913441  0.39023504  0.32263093  0.29100115  0.33075305  0.32263093  0.33075305  0.32263093  0.32263093  0.32263093  0.33075305  0.10678628  0.08887260  0.08887260  0.08887260  0.08299596  0.00000000  0.04867878  0.05994287  
20_0_0     0.36415836  0.41725901  0.40814152  0.29100115  0.26813116  0.30664796  0.29878342  0.32263093  0.33075305  0.31459653  0.31459653  0.32263093  0.11285466  0.10678628  0.09479603  0.09479603  0.07716537  0.04867878  0.00000000  0.02124281  
8_0_0      0.39913441  0.45488919  0.44530171  0.30664796  0.28329944  0.32263093  0.31459653  0.33896481  0.34726823  0.33075305  0.33075305  0.33896481  0.12514195  0.11897294  0.10678628  0.10678628  0.08887260  0.05994287  0.02124281  0.00000000  

