20
7_0_0      0.00000000  0.22633210  0.23636269  0.19403648  0.18838864  0.19574906  0.19574906  0.19574906  0.32795969  0.32795969  0.32795969  0.31588345  0.34038332  0.34038332  0.34038332  0.31271815  0.33343497  0.31919918  0.35711173  0.31919918  
8_0_0      0.22633210  0.00000000  0.00595807  0.10375671  0.11264136  0.11938249  0.10440987  0.11938249  0.33682892  0.33682892  0.33682892  0.30114941  0.30114941  0.30114941  0.30114941  0.33343497  0.35490457  0.32795969  0.27069604  0.28155745  
18_0_0     0.23636269  0.00595807  0.00000000  0.11110630  0.10514667  0.11183130  0.09711381  0.11183130  0.34940858  0.34940858  0.34940858  0.28988247  0.28988247  0.28988247  0.28988247  0.32140504  0.34237515  0.31588345  0.26010108  0.29269906  
19_0_0     0.19403648  0.10375671  0.11110630  0.00000000  0.08341268  0.08993895  0.08993895  0.08993895  0.35490457  0.35490457  0.35490457  0.29560384  0.31835669  0.31835669  0.31835669  0.35142863  0.36059833  0.27637990  0.30970113  0.32140504  
20_0_0     0.18838864  0.11264136  0.10514667  0.08341268  0.00000000  0.01801669  0.03043561  0.03043561  0.38950770  0.38950770  0.38950770  0.30114941  0.32460531  0.32460531  0.32460531  0.33343497  0.34237515  0.28155745  0.29269906  0.28155745  
1_0_0      0.19574906  0.11938249  0.11183130  0.08993895  0.01801669  0.00000000  0.01199948  0.01199948  0.39919108  0.39919108  0.39919108  0.33343497  0.35854926  0.35854926  0.35854926  0.34237515  0.35142863  0.28988247  0.28988247  0.28988247  
2_0_0      0.19574906  0.10440987  0.09711381  0.08993895  0.03043561  0.01199948  0.00000000  0.01199948  0.41363507  0.41363507  0.41363507  0.34580960  0.37167615  0.37167615  0.37167615  0.35490457  0.36411676  0.30114941  0.27890200  0.30114941  
3_0_0      0.19574906  0.11938249  0.11183130  0.08993895  0.03043561  0.01199948  0.01199948  0.00000000  0.41363507  0.41363507  0.41363507  0.32140504  0.34580960  0.34580960  0.34580960  0.33019898  0.33910262  0.30114941  0.30114941  0.30114941  
9_0_0      0.32795969  0.33682892  0.34940858  0.35490457  0.38950770  0.39919108  0.41363507  0.41363507  0.00000000  0.00000000  0.00000000  0.25456302  0.23405551  0.23405551  0.23405551  0.20318766  0.21070615  0.21652918  0.16196997  0.17059788  
13_0_0     0.32795969  0.33682892  0.34940858  0.35490457  0.38950770  0.39919108  0.41363507  0.41363507  0.00000000  0.00000000  0.00000000  0.25456302  0.23405551  0.23405551  0.23405551  0.20318766  0.21070615  0.21652918  0.16196997  0.17059788  
16_0_0     0.32795969  0.33682892  0.34940858  0.35490457  0.38950770  0.39919108  0.41363507  0.41363507  0.00000000  0.00000000  0.00000000  0.25456302  0.23405551  0.23405551  0.23405551  0.20318766  0.21070615  0.21652918  0.16196997  0.17059788  
5_0_0      0.31588345  0.30114941  0.28988247  0.29560384  0.30114941  0.33343497  0.34580960  0.32140504  0.25456302  0.25456302  0.25456302  0.00000000  0.01199948  0.01199948  0.01199948  0.11183130  0.12619168  0.18838864  0.17059788  0.17940167  
10_0_0     0.34038332  0.30114941  0.28988247  0.31835669  0.32460531  0.35854926  0.37167615  0.34580960  0.23405551  0.23405551  0.23405551  0.01199948  0.00000000  0.00000000  0.00000000  0.11183130  0.12619168  0.18838864  0.15351105  0.16196997  
12_0_0     0.34038332  0.30114941  0.28988247  0.31835669  0.32460531  0.35854926  0.37167615  0.34580960  0.23405551  0.23405551  0.23405551  0.01199948  0.00000000  0.00000000  0.00000000  0.11183130  0.12619168  0.18838864  0.15351105  0.16196997  
4_0_0      0.34038332  0.30114941  0.28988247  0.31835669  0.32460531  0.35854926  0.37167615  0.34580960  0.23405551  0.23405551  0.23405551  0.01199948  0.00000000  0.00000000  0.00000000  0.11183130  0.12619168  0.18838864  0.15351105  0.16196997  
17_0_0     0.31271815  0.33343497  0.32140504  0.35142863  0.33343497  0.34237515  0.35490457  0.33019898  0.20318766  0.20318766  0.20318766  0.11183130  0.11183130  0.11183130  0.11183130  0.00000000  0.02418152  0.14399256  0.11264136  0.13593884  
11_0_0     0.33343497  0.35490457  0.34237515  0.36059833  0.34237515  0.35142863  0.36411676  0.33910262  0.21070615  0.21070615  0.21070615  0.12619168  0.12619168  0.12619168  0.12619168  0.02418152  0.00000000  0.15098105  0.11938249  0.14286205  
15_0_0     0.31919918  0.32795969  0.31588345  0.27637990  0.28155745  0.28988247  0.30114941  0.30114941  0.21652918  0.21652918  0.21652918  0.18838864  0.18838864  0.18838864  0.18838864  0.14399256  0.15098105  0.00000000  0.12229929  0.13022555  
14_0_0     0.35711173  0.27069604  0.26010108  0.30970113  0.29269906  0.28988247  0.27890200  0.30114941  0.16196997  0.16196997  0.16196997  0.17059788  0.15351105  0.15351105  0.15351105  0.11264136  0.11938249  0.12229929  0.00000000  0.09935760  
6_0_0      0.31919918  0.28155745  0.29269906  0.32140504  0.28155745  0.28988247  0.30114941  0.30114941  0.17059788  0.17059788  0.17059788  0.17940167  0.16196997  0.16196997  0.16196997  0.13593884  0.14286205  0.13022555  0.09935760  0.00000000  

