20
16_0_0     0.00000000  0.22062332  0.21967312  0.46042675  0.43943173  0.46352596  0.44229821  0.44229821  0.44229821  0.36555249  0.40705886  0.40705886  0.42658252  0.42658252  0.42658252  0.42658252  0.40465201  0.41421986  0.44410049  0.38390388  
14_0_0     0.22062332  0.00000000  0.09490964  0.42926279  0.42926279  0.40705886  0.37020469  0.37020469  0.38828472  0.35675369  0.39758171  0.39758171  0.43664460  0.43664460  0.43664460  0.43664460  0.45448062  0.44410049  0.46508584  0.41179019  
6_0_0      0.21967312  0.09490964  0.00000000  0.38828472  0.38828472  0.36814921  0.35087108  0.35087108  0.35087108  0.37232567  0.41421986  0.41421986  0.44410049  0.44410049  0.44410049  0.44410049  0.44136313  0.45163195  0.45163195  0.42875216  
17_0_0     0.46042675  0.42926279  0.38828472  0.00000000  0.00881254  0.12291494  0.11186313  0.11186313  0.11186313  0.19944901  0.23053649  0.23053649  0.42468177  0.42468177  0.42468177  0.42468177  0.44229821  0.45279693  0.38363970  0.39996616  
11_0_0     0.43943173  0.42926279  0.38828472  0.00881254  0.00000000  0.13422227  0.12291494  0.12291494  0.12291494  0.19944901  0.23053649  0.23053649  0.43485525  0.43485525  0.43485525  0.43485525  0.45279693  0.46352596  0.38363970  0.40953803  
5_0_0      0.46352596  0.40705886  0.36814921  0.12291494  0.13422227  0.00000000  0.03624493  0.03624493  0.03624493  0.17952997  0.22266119  0.22266119  0.41209009  0.41209009  0.41209009  0.41209009  0.42926279  0.43943173  0.44981659  0.49031618  
12_0_0     0.44229821  0.37020469  0.35087108  0.11186313  0.12291494  0.03624493  0.00000000  0.00000000  0.00881254  0.15538575  0.23623545  0.23623545  0.39294049  0.39294049  0.39294049  0.39294049  0.42926279  0.41930098  0.42926279  0.46813592  
4_0_0      0.44229821  0.37020469  0.35087108  0.11186313  0.12291494  0.03624493  0.00000000  0.00000000  0.00881254  0.15538575  0.23623545  0.23623545  0.39294049  0.39294049  0.39294049  0.39294049  0.42926279  0.41930098  0.42926279  0.46813592  
10_0_0     0.44229821  0.38828472  0.35087108  0.11186313  0.12291494  0.03624493  0.00881254  0.00881254  0.00000000  0.15538575  0.23623545  0.23623545  0.41209009  0.41209009  0.41209009  0.41209009  0.42926279  0.43943173  0.44981659  0.49031618  
20_0_0     0.36555249  0.35675369  0.37232567  0.19944901  0.19944901  0.17952997  0.15538575  0.15538575  0.15538575  0.00000000  0.10059352  0.10059352  0.43776893  0.43776893  0.43776893  0.43776893  0.41471561  0.42468177  0.42468177  0.44229821  
9_0_0      0.40705886  0.39758171  0.41421986  0.23053649  0.23053649  0.22266119  0.23623545  0.23623545  0.23623545  0.10059352  0.00000000  0.00000000  0.39294049  0.39294049  0.39294049  0.39294049  0.39057803  0.39996616  0.38136671  0.37916117  
13_0_0     0.40705886  0.39758171  0.41421986  0.23053649  0.23053649  0.22266119  0.23623545  0.23623545  0.23623545  0.10059352  0.00000000  0.00000000  0.39294049  0.39294049  0.39294049  0.39294049  0.39057803  0.39996616  0.38136671  0.37916117  
1_0_0      0.42658252  0.43664460  0.44410049  0.42468177  0.43485525  0.41209009  0.39294049  0.39294049  0.41209009  0.43776893  0.39294049  0.39294049  0.00000000  0.00000000  0.00000000  0.00000000  0.03608908  0.03143159  0.11186313  0.11680380  
7_0_0      0.42658252  0.43664460  0.44410049  0.42468177  0.43485525  0.41209009  0.39294049  0.39294049  0.41209009  0.43776893  0.39294049  0.39294049  0.00000000  0.00000000  0.00000000  0.00000000  0.03608908  0.03143159  0.11186313  0.11680380  
2_0_0      0.42658252  0.43664460  0.44410049  0.42468177  0.43485525  0.41209009  0.39294049  0.39294049  0.41209009  0.43776893  0.39294049  0.39294049  0.00000000  0.00000000  0.00000000  0.00000000  0.03608908  0.03143159  0.11186313  0.11680380  
3_0_0      0.42658252  0.43664460  0.44410049  0.42468177  0.43485525  0.41209009  0.39294049  0.39294049  0.41209009  0.43776893  0.39294049  0.39294049  0.00000000  0.00000000  0.00000000  0.00000000  0.03608908  0.03143159  0.11186313  0.11680380  
18_0_0     0.40465201  0.45448062  0.44136313  0.44229821  0.45279693  0.42926279  0.42926279  0.42926279  0.42926279  0.41471561  0.39057803  0.39057803  0.03608908  0.03608908  0.03608908  0.03608908  0.00000000  0.00438642  0.11134046  0.12733526  
8_0_0      0.41421986  0.44410049  0.45163195  0.45279693  0.46352596  0.43943173  0.41930098  0.41930098  0.43943173  0.42468177  0.39996616  0.39996616  0.03143159  0.03143159  0.03143159  0.03143159  0.00438642  0.00000000  0.10593747  0.12177949  
15_0_0     0.44410049  0.46508584  0.45163195  0.38363970  0.38363970  0.44981659  0.42926279  0.42926279  0.44981659  0.42468177  0.38136671  0.38136671  0.11186313  0.11186313  0.11186313  0.11186313  0.11134046  0.10593747  0.00000000  0.12177949  
19_0_0     0.38390388  0.41179019  0.42875216  0.39996616  0.40953803  0.49031618  0.46813592  0.46813592  0.49031618  0.44229821  0.37916117  0.37916117  0.11680380  0.11680380  0.11680380  0.11680380  0.12733526  0.12177949  0.12177949  0.00000000  

