20
16_0_0     0.00000000  0.18464594  0.17929096  0.40375125  0.40876968  0.40813982  0.40813982  0.40813982  0.41762333  0.30949858  0.37003590  0.37003590  0.41913122  0.41913122  0.41913122  0.40105157  0.42112488  0.43050928  0.40105157  0.50424316  
14_0_0     0.18464594  0.00000000  0.06995927  0.37876277  0.38373520  0.34815411  0.36516175  0.36516175  0.37389078  0.36911536  0.36327981  0.36327981  0.44983164  0.44983164  0.44983164  0.46994232  0.43266784  0.44232941  0.38527774  0.44536328  
6_0_0      0.17929096  0.06995927  0.00000000  0.33820096  0.34313183  0.33336856  0.34994914  0.34994914  0.34158915  0.29704725  0.35658459  0.35658459  0.50464870  0.50464870  0.50464870  0.52730459  0.44466047  0.47515154  0.41389483  0.48820540  
17_0_0     0.40375125  0.37876277  0.33820096  0.00000000  0.01321675  0.16710611  0.16112479  0.16112479  0.15521517  0.24272122  0.23937038  0.23937038  0.40673440  0.40673440  0.40673440  0.40673440  0.35638002  0.36473407  0.38008964  0.46994232  
11_0_0     0.40876968  0.38373520  0.34313183  0.01321675  0.00000000  0.17165214  0.17770588  0.17770588  0.17165214  0.24734037  0.25792329  0.25792329  0.41191578  0.41191578  0.41191578  0.41191578  0.36151816  0.36987023  0.40287556  0.49618121  
5_0_0      0.40813982  0.34815411  0.33336856  0.16710611  0.17165214  0.00000000  0.03155645  0.03155645  0.03623404  0.27133468  0.28198319  0.28198319  0.44955667  0.44955667  0.44955667  0.44955667  0.39462146  0.38565768  0.38373520  0.46477689  
12_0_0     0.40813982  0.36516175  0.34994914  0.16112479  0.17770588  0.03155645  0.00000000  0.00000000  0.00438627  0.26402412  0.24622161  0.24622161  0.42026529  0.42026529  0.42026529  0.42026529  0.38565768  0.37685397  0.35801105  0.41594590  
4_0_0      0.40813982  0.36516175  0.34994914  0.16112479  0.17770588  0.03155645  0.00000000  0.00000000  0.00438627  0.26402412  0.24622161  0.24622161  0.42026529  0.42026529  0.42026529  0.42026529  0.38565768  0.37685397  0.35801105  0.41594590  
10_0_0     0.41762333  0.37389078  0.34158915  0.15521517  0.17165214  0.03623404  0.00438627  0.00438627  0.00000000  0.27133468  0.25316940  0.25316940  0.42983700  0.42983700  0.42983700  0.42983700  0.39462146  0.38565768  0.36643750  0.42533281  
20_0_0     0.30949858  0.36911536  0.29704725  0.24272122  0.24734037  0.27133468  0.26402412  0.26402412  0.27133468  0.00000000  0.11619284  0.11619284  0.34474558  0.34474558  0.34474558  0.34474558  0.33820096  0.33011706  0.34474558  0.36643750  
9_0_0      0.37003590  0.36327981  0.35658459  0.23937038  0.25792329  0.28198319  0.24622161  0.24622161  0.25316940  0.11619284  0.00000000  0.00000000  0.40876968  0.40876968  0.40876968  0.40876968  0.36643750  0.37501049  0.35638002  0.42319198  
13_0_0     0.37003590  0.36327981  0.35658459  0.23937038  0.25792329  0.28198319  0.24622161  0.24622161  0.25316940  0.11619284  0.00000000  0.00000000  0.40876968  0.40876968  0.40876968  0.40876968  0.36643750  0.37501049  0.35638002  0.42319198  
1_0_0      0.41913122  0.44983164  0.50464870  0.40673440  0.41191578  0.44955667  0.42026529  0.42026529  0.42983700  0.34474558  0.40876968  0.40876968  0.00000000  0.00438627  0.00000000  0.01327765  0.05031597  0.05031597  0.08485346  0.12117207  
7_0_0      0.41913122  0.44983164  0.50464870  0.40673440  0.41191578  0.44955667  0.42026529  0.42026529  0.42983700  0.34474558  0.40876968  0.40876968  0.00438627  0.00000000  0.00438627  0.00881191  0.04552505  0.04552505  0.07973987  0.11571995  
2_0_0      0.41913122  0.44983164  0.50464870  0.40673440  0.41191578  0.44955667  0.42026529  0.42026529  0.42983700  0.34474558  0.40876968  0.40876968  0.00000000  0.00438627  0.00000000  0.01327765  0.05031597  0.05031597  0.08485346  0.12117207  
3_0_0      0.40105157  0.46994232  0.52730459  0.40673440  0.41191578  0.44955667  0.42026529  0.42026529  0.42983700  0.34474558  0.40876968  0.40876968  0.01327765  0.00881191  0.01327765  0.00000000  0.05515390  0.05515390  0.09002065  0.12668516  
18_0_0     0.42112488  0.43266784  0.44466047  0.35638002  0.36151816  0.39462146  0.38565768  0.38565768  0.39462146  0.33820096  0.36643750  0.36643750  0.05031597  0.04552505  0.05031597  0.05515390  0.00000000  0.01778420  0.09566799  0.13282782  
8_0_0      0.43050928  0.44232941  0.47515154  0.36473407  0.36987023  0.38565768  0.37685397  0.37685397  0.38565768  0.33011706  0.37501049  0.37501049  0.05031597  0.04552505  0.05031597  0.05515390  0.01778420  0.00000000  0.10633900  0.14423807  
15_0_0     0.40105157  0.38527774  0.41389483  0.38008964  0.40287556  0.38373520  0.35801105  0.35801105  0.36643750  0.34474558  0.35638002  0.35638002  0.08485346  0.07973987  0.08485346  0.09002065  0.09566799  0.10633900  0.00000000  0.12117207  
19_0_0     0.50424316  0.44536328  0.48820540  0.46994232  0.49618121  0.46477689  0.41594590  0.41594590  0.42533281  0.36643750  0.42319198  0.42319198  0.12117207  0.11571995  0.12117207  0.12668516  0.13282782  0.14423807  0.12117207  0.00000000  

