fastme_mat.p : 1.5149497985839844
fastme.f81 : 2.14980411529541
ba.exp : 19.76996874809265
pipeline_dl8846466 : 24.587214708328247
