fastme_mat.p : 0.7840040792369842
fastme.f81 : 1.5176064685647488
ba.exp : 13.32626566261959
