162
33_9_0     0.00000000  0.23461865  0.26012716  0.26012716  0.26882816  0.24302466  0.24302466  0.28654159  0.34236274  0.39231032  0.40271529  0.40271529  0.37192709  0.42397233  0.40271529  0.38204889  0.34236274  0.35208754  0.35208754  0.41326788  0.38204889  0.38204889  0.30468714  0.29555903  0.28654159  0.28654159  0.32328643  0.27763215  0.27763215  0.27763215  0.24302466  0.24302466  0.25152676  0.26882816  0.26882816  0.28654159  0.29555903  0.31392865  0.31392865  0.35208754  0.34236274  0.37192709  0.37192709  0.37192709  0.38204889  0.29555903  0.29555903  0.35208754  0.36194117  0.43483307  0.41326788  0.41326788  0.36194117  0.37192709  0.35208754  0.33276343  0.35208754  0.35208754  0.33276343  0.32328643  0.28654159  0.29555903  0.28654159  0.29555903  0.31392865  0.29555903  0.29555903  0.33276343  0.44585475  0.42397233  0.43483307  0.37192709  0.28654159  0.34236274  0.30468714  0.29555903  0.30468714  0.30468714  0.31392865  0.33276343  0.35208754  0.33276343  0.37192709  0.37192709  0.38204889  0.37192709  0.37192709  0.31392865  0.33276343  0.33276343  0.32328643  0.35208754  0.34236274  0.38204889  0.33276343  0.34236274  0.32328643  0.34236274  0.33276343  0.34236274  0.35208754  0.36194117  0.35208754  0.34236274  0.33276343  0.29555903  0.28654159  0.34236274  0.29555903  0.30468714  0.27763215  0.32328643  0.31392865  0.31392865  0.34236274  0.32328643  0.27763215  0.29555903  0.29555903  0.31392865  0.30468714  0.31392865  0.29555903  0.28654159  0.28654159  0.26012716  0.26012716  0.24302466  0.24302466  0.24302466  0.26882816  0.26012716  0.26012716  0.27763215  0.44585475  0.44585475  0.44585475  0.40271529  0.40271529  0.40271529  0.40271529  0.42397233  0.40271529  0.40271529  0.40271529  0.40271529  0.47993487  0.47993487  0.46840046  0.49165095  0.49165095  0.51565170  0.46840046  0.46840046  0.44585475  0.46840046  0.42397233  0.42397233  0.44585475  0.43483307  0.38204889  0.41326788  
49_9_0     0.23461865  0.00000000  0.11875004  0.11875004  0.13319541  0.09759473  0.11163120  0.12593766  0.17829503  0.21808634  0.24302466  0.22630657  0.20191350  0.23461865  0.22630657  0.22630657  0.25152676  0.27763215  0.26012716  0.30468714  0.30468714  0.30468714  0.13319541  0.11875004  0.11875004  0.11875004  0.12593766  0.17058597  0.17058597  0.14792687  0.15540347  0.14792687  0.15540347  0.17058597  0.15540347  0.14052467  0.11163120  0.14052467  0.14052467  0.23461865  0.24302466  0.26012716  0.30468714  0.29555903  0.27763215  0.15540347  0.15540347  0.19395706  0.19395706  0.26882816  0.24302466  0.25152676  0.23461865  0.23461865  0.25152676  0.24302466  0.19395706  0.19395706  0.20191350  0.17829503  0.19395706  0.20191350  0.19395706  0.17058597  0.19395706  0.17829503  0.17058597  0.18608482  0.26882816  0.25152676  0.26012716  0.21808634  0.15540347  0.19395706  0.14792687  0.15540347  0.18608482  0.17058597  0.18608482  0.20995597  0.28654159  0.22630657  0.24302466  0.24302466  0.23461865  0.24302466  0.24302466  0.22630657  0.22630657  0.22630657  0.21808634  0.24302466  0.24302466  0.26012716  0.21808634  0.22630657  0.23461865  0.25152676  0.23461865  0.21808634  0.22630657  0.22630657  0.21808634  0.20995597  0.18608482  0.17058597  0.14052467  0.15540347  0.15540347  0.15540347  0.14792687  0.18608482  0.19395706  0.19395706  0.20995597  0.19395706  0.20191350  0.20191350  0.18608482  0.22630657  0.23461865  0.24302466  0.19395706  0.14792687  0.14792687  0.13319541  0.13319541  0.12593766  0.12593766  0.12593766  0.13319541  0.12593766  0.15540347  0.17058597  0.37192709  0.37192709  0.37192709  0.30468714  0.32328643  0.30468714  0.30468714  0.33276343  0.30468714  0.30468714  0.31392865  0.30468714  0.38204889  0.38204889  0.39231032  0.40271529  0.40271529  0.40271529  0.36194117  0.36194117  0.35208754  0.35208754  0.32328643  0.32328643  0.34236274  0.34236274  0.32328643  0.33276343  
64_29_0    0.26012716  0.11875004  0.00000000  0.00000000  0.01229620  0.04395649  0.04395649  0.11163120  0.20995597  0.23461865  0.24302466  0.24302466  0.21808634  0.25152676  0.24302466  0.22630657  0.26882816  0.27763215  0.27763215  0.31392865  0.34236274  0.34236274  0.11163120  0.13319541  0.12593766  0.12593766  0.15540347  0.16295598  0.16295598  0.17829503  0.15540347  0.13319541  0.14052467  0.15540347  0.15540347  0.15540347  0.14052467  0.13319541  0.14052467  0.20995597  0.20995597  0.27763215  0.29555903  0.29555903  0.27763215  0.15540347  0.15540347  0.18608482  0.17058597  0.25152676  0.23461865  0.26882816  0.24302466  0.24302466  0.25152676  0.23461865  0.18608482  0.20191350  0.18608482  0.18608482  0.16295598  0.17058597  0.17829503  0.15540347  0.14792687  0.13319541  0.14052467  0.18608482  0.28654159  0.26882816  0.29555903  0.22630657  0.14052467  0.18608482  0.16295598  0.16295598  0.16295598  0.15540347  0.17058597  0.24302466  0.27763215  0.26012716  0.26882816  0.26882816  0.25152676  0.24302466  0.24302466  0.22630657  0.25152676  0.23461865  0.24302466  0.25152676  0.26882816  0.27763215  0.24302466  0.23461865  0.26882816  0.23461865  0.23461865  0.25152676  0.25152676  0.25152676  0.26012716  0.25152676  0.22630657  0.19395706  0.15540347  0.16295598  0.13319541  0.14052467  0.12593766  0.26012716  0.26882816  0.25152676  0.26882816  0.25152676  0.19395706  0.18608482  0.19395706  0.20191350  0.21808634  0.22630657  0.15540347  0.18608482  0.18608482  0.15540347  0.15540347  0.16295598  0.14792687  0.14792687  0.14052467  0.13319541  0.14792687  0.17829503  0.39231032  0.40271529  0.40271529  0.38204889  0.38204889  0.36194117  0.36194117  0.37192709  0.36194117  0.36194117  0.35208754  0.36194117  0.40271529  0.40271529  0.41326788  0.44585475  0.42397233  0.43483307  0.37192709  0.37192709  0.34236274  0.34236274  0.35208754  0.35208754  0.35208754  0.34236274  0.34236274  0.34236274  
64_9_0     0.26012716  0.11875004  0.00000000  0.00000000  0.01229620  0.04395649  0.04395649  0.11163120  0.20995597  0.23461865  0.24302466  0.24302466  0.21808634  0.25152676  0.24302466  0.22630657  0.26882816  0.27763215  0.27763215  0.31392865  0.34236274  0.34236274  0.11163120  0.13319541  0.12593766  0.12593766  0.15540347  0.16295598  0.16295598  0.17829503  0.15540347  0.13319541  0.14052467  0.15540347  0.15540347  0.15540347  0.14052467  0.13319541  0.14052467  0.20995597  0.20995597  0.27763215  0.29555903  0.29555903  0.27763215  0.15540347  0.15540347  0.18608482  0.17058597  0.25152676  0.23461865  0.26882816  0.24302466  0.24302466  0.25152676  0.23461865  0.18608482  0.20191350  0.18608482  0.18608482  0.16295598  0.17058597  0.17829503  0.15540347  0.14792687  0.13319541  0.14052467  0.18608482  0.28654159  0.26882816  0.29555903  0.22630657  0.14052467  0.18608482  0.16295598  0.16295598  0.16295598  0.15540347  0.17058597  0.24302466  0.27763215  0.26012716  0.26882816  0.26882816  0.25152676  0.24302466  0.24302466  0.22630657  0.25152676  0.23461865  0.24302466  0.25152676  0.26882816  0.27763215  0.24302466  0.23461865  0.26882816  0.23461865  0.23461865  0.25152676  0.25152676  0.25152676  0.26012716  0.25152676  0.22630657  0.19395706  0.15540347  0.16295598  0.13319541  0.14052467  0.12593766  0.26012716  0.26882816  0.25152676  0.26882816  0.25152676  0.19395706  0.18608482  0.19395706  0.20191350  0.21808634  0.22630657  0.15540347  0.18608482  0.18608482  0.15540347  0.15540347  0.16295598  0.14792687  0.14792687  0.14052467  0.13319541  0.14792687  0.17829503  0.39231032  0.40271529  0.40271529  0.38204889  0.38204889  0.36194117  0.36194117  0.37192709  0.36194117  0.36194117  0.35208754  0.36194117  0.40271529  0.40271529  0.41326788  0.44585475  0.42397233  0.43483307  0.37192709  0.37192709  0.34236274  0.34236274  0.35208754  0.35208754  0.35208754  0.34236274  0.34236274  0.34236274  
12_9_0     0.26882816  0.13319541  0.01229620  0.01229620  0.00000000  0.05700782  0.04395649  0.11163120  0.20995597  0.23461865  0.22630657  0.24302466  0.21808634  0.25152676  0.24302466  0.22630657  0.26882816  0.27763215  0.27763215  0.31392865  0.34236274  0.34236274  0.11163120  0.14792687  0.12593766  0.12593766  0.15540347  0.17829503  0.17829503  0.19395706  0.17058597  0.14792687  0.15540347  0.17058597  0.17058597  0.15540347  0.15540347  0.13319541  0.14052467  0.20995597  0.20995597  0.27763215  0.28654159  0.28654159  0.26882816  0.15540347  0.15540347  0.20191350  0.18608482  0.26882816  0.25152676  0.28654159  0.23461865  0.23461865  0.24302466  0.22630657  0.18608482  0.20191350  0.18608482  0.18608482  0.16295598  0.15540347  0.16295598  0.17058597  0.14792687  0.13319541  0.14052467  0.18608482  0.29555903  0.27763215  0.30468714  0.23461865  0.14052467  0.20191350  0.16295598  0.16295598  0.16295598  0.15540347  0.17058597  0.24302466  0.26882816  0.26012716  0.26882816  0.26882816  0.25152676  0.24302466  0.24302466  0.22630657  0.25152676  0.23461865  0.24302466  0.25152676  0.26882816  0.27763215  0.24302466  0.23461865  0.26882816  0.21808634  0.23461865  0.23461865  0.25152676  0.25152676  0.26012716  0.25152676  0.22630657  0.19395706  0.15540347  0.16295598  0.14052467  0.14792687  0.13319541  0.26012716  0.26882816  0.25152676  0.26882816  0.25152676  0.19395706  0.18608482  0.19395706  0.19395706  0.20995597  0.21808634  0.15540347  0.18608482  0.18608482  0.15540347  0.15540347  0.16295598  0.14792687  0.14792687  0.14052467  0.13319541  0.14792687  0.19395706  0.40271529  0.41326788  0.41326788  0.37192709  0.39231032  0.37192709  0.37192709  0.38204889  0.37192709  0.37192709  0.36194117  0.37192709  0.41326788  0.41326788  0.42397233  0.43483307  0.43483307  0.44585475  0.38204889  0.38204889  0.35208754  0.35208754  0.36194117  0.36194117  0.36194117  0.35208754  0.35208754  0.35208754  
48_37_0    0.24302466  0.09759473  0.04395649  0.04395649  0.05700782  0.00000000  0.03113022  0.09067458  0.20995597  0.20995597  0.21808634  0.21808634  0.19395706  0.22630657  0.21808634  0.20191350  0.22630657  0.23461865  0.23461865  0.26012716  0.27763215  0.27763215  0.09759473  0.10457986  0.09759473  0.09759473  0.11163120  0.14052467  0.14052467  0.14052467  0.13319541  0.11163120  0.11875004  0.13319541  0.13319541  0.12593766  0.11875004  0.10457986  0.11875004  0.17058597  0.20191350  0.24302466  0.25152676  0.26012716  0.24302466  0.13319541  0.13319541  0.17829503  0.16295598  0.23461865  0.22630657  0.24302466  0.23461865  0.24302466  0.23461865  0.23461865  0.17058597  0.18608482  0.17829503  0.16295598  0.16295598  0.17058597  0.17829503  0.12593766  0.11875004  0.10457986  0.11163120  0.14792687  0.26012716  0.24302466  0.26882816  0.20191350  0.10457986  0.16295598  0.12593766  0.14052467  0.16295598  0.14052467  0.15540347  0.21808634  0.27763215  0.23461865  0.23461865  0.23461865  0.25152676  0.25152676  0.25152676  0.20995597  0.24302466  0.22630657  0.22630657  0.23461865  0.25152676  0.26012716  0.22630657  0.21808634  0.22630657  0.23461865  0.21808634  0.25152676  0.24302466  0.24302466  0.25152676  0.24302466  0.21808634  0.19395706  0.13319541  0.15540347  0.11163120  0.10457986  0.10457986  0.24302466  0.25152676  0.23461865  0.25152676  0.23461865  0.18608482  0.18608482  0.17829503  0.20191350  0.20995597  0.21808634  0.15540347  0.16295598  0.16295598  0.13319541  0.13319541  0.14052467  0.12593766  0.12593766  0.11875004  0.11163120  0.14792687  0.17058597  0.38204889  0.38204889  0.38204889  0.35208754  0.35208754  0.33276343  0.33276343  0.34236274  0.33276343  0.33276343  0.33276343  0.33276343  0.37192709  0.37192709  0.38204889  0.41326788  0.39231032  0.40271529  0.34236274  0.34236274  0.31392865  0.31392865  0.32328643  0.32328643  0.32328643  0.33276343  0.33276343  0.31392865  
48_36_0    0.24302466  0.11163120  0.04395649  0.04395649  0.04395649  0.03113022  0.00000000  0.10457986  0.18608482  0.21808634  0.20995597  0.22630657  0.20191350  0.23461865  0.22630657  0.20995597  0.22630657  0.23461865  0.23461865  0.28654159  0.30468714  0.30468714  0.09067458  0.11163120  0.09067458  0.09067458  0.11875004  0.15540347  0.15540347  0.14052467  0.13319541  0.11163120  0.11875004  0.13319541  0.13319541  0.11875004  0.14792687  0.09759473  0.11875004  0.20191350  0.21808634  0.23461865  0.25152676  0.26012716  0.24302466  0.14052467  0.14052467  0.20191350  0.18608482  0.26012716  0.25152676  0.26882816  0.22630657  0.24302466  0.22630657  0.20995597  0.17058597  0.18608482  0.17058597  0.17058597  0.17829503  0.17058597  0.17829503  0.15540347  0.13319541  0.11875004  0.12593766  0.15540347  0.26012716  0.24302466  0.26882816  0.20191350  0.11163120  0.17058597  0.13319541  0.13319541  0.16295598  0.15540347  0.17058597  0.22630657  0.26012716  0.24302466  0.23461865  0.23461865  0.26012716  0.26882816  0.26882816  0.22630657  0.23461865  0.21808634  0.23461865  0.24302466  0.26012716  0.26882816  0.23461865  0.22630657  0.23461865  0.21808634  0.23461865  0.22630657  0.23461865  0.23461865  0.24302466  0.23461865  0.20995597  0.19395706  0.14052467  0.14792687  0.11163120  0.11875004  0.10457986  0.22630657  0.23461865  0.21808634  0.23461865  0.21808634  0.20191350  0.17829503  0.18608482  0.20995597  0.21808634  0.22630657  0.15540347  0.14052467  0.14052467  0.11163120  0.11163120  0.11875004  0.10457986  0.10457986  0.11163120  0.10457986  0.14792687  0.16295598  0.36194117  0.36194117  0.36194117  0.33276343  0.35208754  0.33276343  0.33276343  0.34236274  0.33276343  0.33276343  0.34236274  0.33276343  0.37192709  0.37192709  0.38204889  0.39231032  0.39231032  0.40271529  0.34236274  0.34236274  0.33276343  0.35208754  0.34236274  0.34236274  0.34236274  0.33276343  0.33276343  0.33276343  
38_0_0     0.28654159  0.12593766  0.11163120  0.11163120  0.11163120  0.09067458  0.10457986  0.00000000  0.19395706  0.20191350  0.20995597  0.19395706  0.20191350  0.20995597  0.20995597  0.20995597  0.21808634  0.24302466  0.22630657  0.25152676  0.25152676  0.25152676  0.07029224  0.10457986  0.08381822  0.08381822  0.09759473  0.14052467  0.14052467  0.15540347  0.15540347  0.14052467  0.14052467  0.14052467  0.14052467  0.12593766  0.08381822  0.10457986  0.11875004  0.20191350  0.21808634  0.26012716  0.29555903  0.32328643  0.30468714  0.17058597  0.17058597  0.17058597  0.18608482  0.26012716  0.22630657  0.25152676  0.23461865  0.22630657  0.25152676  0.25152676  0.17058597  0.17829503  0.17829503  0.15540347  0.18608482  0.17829503  0.17829503  0.14792687  0.14792687  0.13319541  0.12593766  0.17058597  0.27763215  0.27763215  0.28654159  0.24302466  0.11163120  0.18608482  0.13319541  0.14792687  0.16295598  0.17829503  0.17058597  0.23461865  0.27763215  0.25152676  0.26882816  0.26882816  0.26882816  0.26012716  0.26012716  0.22630657  0.26012716  0.25152676  0.25152676  0.26882816  0.27763215  0.29555903  0.25152676  0.25152676  0.26882816  0.26012716  0.24302466  0.22630657  0.22630657  0.23461865  0.23461865  0.22630657  0.20995597  0.19395706  0.14052467  0.12593766  0.14792687  0.14052467  0.15540347  0.23461865  0.24302466  0.22630657  0.25152676  0.24302466  0.19395706  0.20191350  0.19395706  0.21808634  0.20995597  0.21808634  0.17058597  0.17058597  0.17058597  0.15540347  0.15540347  0.16295598  0.14792687  0.14792687  0.14052467  0.13319541  0.15540347  0.20191350  0.40271529  0.40271529  0.40271529  0.33276343  0.37192709  0.35208754  0.35208754  0.37192709  0.35208754  0.35208754  0.34236274  0.35208754  0.40271529  0.40271529  0.41326788  0.42397233  0.42397233  0.41326788  0.37192709  0.37192709  0.36194117  0.36194117  0.37192709  0.37192709  0.37192709  0.38204889  0.36194117  0.36194117  
14_20_0    0.34236274  0.17829503  0.20995597  0.20995597  0.20995597  0.20995597  0.18608482  0.19395706  0.00000000  0.22630657  0.24302466  0.24302466  0.22630657  0.26882816  0.24302466  0.24302466  0.23461865  0.26012716  0.23461865  0.30468714  0.30468714  0.30468714  0.16295598  0.16295598  0.15540347  0.15540347  0.18608482  0.21808634  0.21808634  0.17829503  0.18608482  0.17829503  0.18608482  0.20191350  0.20191350  0.20995597  0.21808634  0.19395706  0.18608482  0.31392865  0.27763215  0.28654159  0.29555903  0.31392865  0.29555903  0.24302466  0.24302466  0.26012716  0.26012716  0.36194117  0.33276343  0.36194117  0.34236274  0.32328643  0.35208754  0.33276343  0.30468714  0.29555903  0.26012716  0.30468714  0.32328643  0.31392865  0.31392865  0.28654159  0.28654159  0.26882816  0.26012716  0.26012716  0.33276343  0.34236274  0.34236274  0.29555903  0.26882816  0.29555903  0.23461865  0.23461865  0.27763215  0.26882816  0.27763215  0.27763215  0.32328643  0.29555903  0.32328643  0.32328643  0.30468714  0.31392865  0.31392865  0.29555903  0.28654159  0.29555903  0.28654159  0.26882816  0.28654159  0.31392865  0.26882816  0.26882816  0.28654159  0.27763215  0.27763215  0.26882816  0.27763215  0.28654159  0.28654159  0.27763215  0.28654159  0.27763215  0.22630657  0.25152676  0.24302466  0.25152676  0.24302466  0.32328643  0.33276343  0.33276343  0.33276343  0.33276343  0.27763215  0.26882816  0.27763215  0.27763215  0.29555903  0.30468714  0.29555903  0.24302466  0.24302466  0.22630657  0.22630657  0.23461865  0.23461865  0.23461865  0.24302466  0.23461865  0.25152676  0.26012716  0.42397233  0.42397233  0.42397233  0.37192709  0.40271529  0.39231032  0.39231032  0.40271529  0.39231032  0.39231032  0.39231032  0.39231032  0.39231032  0.39231032  0.38204889  0.39231032  0.41326788  0.39231032  0.38204889  0.38204889  0.38204889  0.39231032  0.36194117  0.36194117  0.36194117  0.35208754  0.34236274  0.35208754  
44_20_0    0.39231032  0.21808634  0.23461865  0.23461865  0.23461865  0.20995597  0.21808634  0.20191350  0.22630657  0.00000000  0.02479908  0.01229620  0.01852137  0.03751571  0.01229620  0.01852137  0.26882816  0.27763215  0.26012716  0.31392865  0.31392865  0.31392865  0.18608482  0.16295598  0.16295598  0.16295598  0.17058597  0.23461865  0.23461865  0.21808634  0.24302466  0.24302466  0.23461865  0.23461865  0.22630657  0.22630657  0.20191350  0.21808634  0.21808634  0.24302466  0.25152676  0.26882816  0.30468714  0.32328643  0.31392865  0.26882816  0.26882816  0.23461865  0.23461865  0.37192709  0.34236274  0.36194117  0.36194117  0.36194117  0.37192709  0.37192709  0.28654159  0.27763215  0.27763215  0.27763215  0.31392865  0.32328643  0.32328643  0.25152676  0.26882816  0.26882816  0.25152676  0.30468714  0.35208754  0.35208754  0.36194117  0.32328643  0.25152676  0.30468714  0.27763215  0.29555903  0.27763215  0.26882816  0.26882816  0.22630657  0.30468714  0.24302466  0.26012716  0.26012716  0.27763215  0.28654159  0.28654159  0.24302466  0.25152676  0.24302466  0.22630657  0.24302466  0.23461865  0.26012716  0.22630657  0.22630657  0.24302466  0.28654159  0.24302466  0.26012716  0.27763215  0.26882816  0.26882816  0.26012716  0.26012716  0.27763215  0.23461865  0.23461865  0.22630657  0.21808634  0.25152676  0.35208754  0.36194117  0.34236274  0.34236274  0.36194117  0.25152676  0.26012716  0.25152676  0.31392865  0.30468714  0.31392865  0.26882816  0.28654159  0.28654159  0.24302466  0.24302466  0.24302466  0.23461865  0.23461865  0.26012716  0.25152676  0.29555903  0.26882816  0.45704219  0.43483307  0.43483307  0.41326788  0.42397233  0.41326788  0.41326788  0.42397233  0.41326788  0.41326788  0.42397233  0.41326788  0.45704219  0.45704219  0.44585475  0.49165095  0.46840046  0.45704219  0.42397233  0.42397233  0.42397233  0.44585475  0.43483307  0.43483307  0.43483307  0.44585475  0.42397233  0.42397233  
47_20_0    0.40271529  0.24302466  0.24302466  0.24302466  0.22630657  0.21808634  0.20995597  0.20995597  0.24302466  0.02479908  0.00000000  0.02479908  0.03113022  0.05045353  0.02479908  0.01852137  0.26882816  0.27763215  0.26012716  0.29555903  0.29555903  0.29555903  0.19395706  0.18608482  0.17058597  0.17058597  0.17829503  0.22630657  0.22630657  0.20995597  0.23461865  0.23461865  0.22630657  0.22630657  0.21808634  0.21808634  0.22630657  0.20995597  0.20995597  0.25152676  0.24302466  0.29555903  0.30468714  0.30468714  0.31392865  0.26012716  0.26012716  0.24302466  0.22630657  0.38204889  0.37192709  0.39231032  0.35208754  0.35208754  0.34236274  0.34236274  0.26882816  0.26012716  0.26882816  0.26882816  0.30468714  0.29555903  0.29555903  0.26012716  0.26012716  0.26012716  0.26012716  0.27763215  0.35208754  0.37192709  0.36194117  0.32328643  0.24302466  0.33276343  0.28654159  0.30468714  0.26882816  0.26012716  0.26012716  0.25152676  0.27763215  0.25152676  0.26882816  0.26882816  0.28654159  0.29555903  0.29555903  0.26012716  0.26012716  0.25152676  0.23461865  0.25152676  0.24302466  0.26882816  0.25152676  0.25152676  0.25152676  0.27763215  0.26882816  0.25152676  0.28654159  0.27763215  0.27763215  0.26882816  0.26882816  0.28654159  0.24302466  0.24302466  0.24302466  0.23461865  0.25152676  0.34236274  0.35208754  0.33276343  0.33276343  0.33276343  0.25152676  0.26012716  0.25152676  0.31392865  0.30468714  0.31392865  0.26882816  0.29555903  0.29555903  0.25152676  0.25152676  0.25152676  0.24302466  0.24302466  0.26882816  0.26012716  0.28654159  0.27763215  0.45704219  0.43483307  0.43483307  0.41326788  0.42397233  0.43483307  0.43483307  0.44585475  0.43483307  0.43483307  0.44585475  0.43483307  0.47993487  0.47993487  0.46840046  0.46840046  0.46840046  0.45704219  0.44585475  0.44585475  0.44585475  0.46840046  0.45704219  0.45704219  0.45704219  0.46840046  0.44585475  0.44585475  
47_56_0    0.40271529  0.22630657  0.24302466  0.24302466  0.24302466  0.21808634  0.22630657  0.19395706  0.24302466  0.01229620  0.02479908  0.00000000  0.01852137  0.03751571  0.01229620  0.01852137  0.28654159  0.29555903  0.27763215  0.29555903  0.29555903  0.29555903  0.19395706  0.17058597  0.17058597  0.17058597  0.17829503  0.24302466  0.24302466  0.22630657  0.25152676  0.25152676  0.24302466  0.24302466  0.23461865  0.23461865  0.20995597  0.22630657  0.22630657  0.25152676  0.26012716  0.28654159  0.32328643  0.34236274  0.33276343  0.27763215  0.27763215  0.24302466  0.24302466  0.36194117  0.33276343  0.35208754  0.37192709  0.37192709  0.38204889  0.38204889  0.28654159  0.27763215  0.28654159  0.28654159  0.32328643  0.33276343  0.33276343  0.26012716  0.27763215  0.27763215  0.26012716  0.31392865  0.36194117  0.36194117  0.37192709  0.33276343  0.26012716  0.31392865  0.28654159  0.30468714  0.28654159  0.27763215  0.27763215  0.23461865  0.31392865  0.25152676  0.26882816  0.26882816  0.28654159  0.29555903  0.29555903  0.25152676  0.26012716  0.25152676  0.23461865  0.25152676  0.24302466  0.26882816  0.23461865  0.23461865  0.25152676  0.29555903  0.25152676  0.26882816  0.27763215  0.26882816  0.26882816  0.26012716  0.26882816  0.28654159  0.24302466  0.24302466  0.23461865  0.22630657  0.26012716  0.34236274  0.35208754  0.33276343  0.33276343  0.35208754  0.26012716  0.26882816  0.26012716  0.32328643  0.31392865  0.32328643  0.27763215  0.29555903  0.29555903  0.25152676  0.25152676  0.25152676  0.24302466  0.24302466  0.26882816  0.26012716  0.30468714  0.27763215  0.46840046  0.44585475  0.44585475  0.42397233  0.43483307  0.42397233  0.42397233  0.43483307  0.42397233  0.42397233  0.43483307  0.42397233  0.46840046  0.46840046  0.45704219  0.50355453  0.47993487  0.46840046  0.43483307  0.43483307  0.41326788  0.43483307  0.42397233  0.42397233  0.42397233  0.43483307  0.41326788  0.41326788  
44_56_0    0.37192709  0.20191350  0.21808634  0.21808634  0.21808634  0.19395706  0.20191350  0.20191350  0.22630657  0.01852137  0.03113022  0.01852137  0.00000000  0.04395649  0.01852137  0.02479908  0.26012716  0.26882816  0.26882816  0.30468714  0.30468714  0.30468714  0.18608482  0.16295598  0.16295598  0.16295598  0.17058597  0.23461865  0.23461865  0.20191350  0.22630657  0.22630657  0.21808634  0.23461865  0.22630657  0.20995597  0.20191350  0.21808634  0.21808634  0.24302466  0.25152676  0.27763215  0.33276343  0.33276343  0.32328643  0.25152676  0.25152676  0.23461865  0.23461865  0.37192709  0.34236274  0.36194117  0.35208754  0.35208754  0.36194117  0.36194117  0.27763215  0.26882816  0.27763215  0.27763215  0.31392865  0.32328643  0.32328643  0.26012716  0.26882816  0.26882816  0.25152676  0.28654159  0.35208754  0.33276343  0.36194117  0.30468714  0.25152676  0.28654159  0.26012716  0.27763215  0.27763215  0.25152676  0.26882816  0.22630657  0.30468714  0.24302466  0.26012716  0.26012716  0.27763215  0.28654159  0.28654159  0.24302466  0.25152676  0.24302466  0.22630657  0.24302466  0.25152676  0.26012716  0.22630657  0.22630657  0.24302466  0.28654159  0.24302466  0.26012716  0.27763215  0.26882816  0.26882816  0.26012716  0.27763215  0.26012716  0.23461865  0.23461865  0.20995597  0.20191350  0.23461865  0.33276343  0.34236274  0.32328643  0.32328643  0.34236274  0.25152676  0.26012716  0.25152676  0.31392865  0.32328643  0.33276343  0.26882816  0.26882816  0.26882816  0.22630657  0.22630657  0.22630657  0.21808634  0.21808634  0.24302466  0.23461865  0.27763215  0.26882816  0.45704219  0.43483307  0.43483307  0.41326788  0.42397233  0.41326788  0.41326788  0.42397233  0.41326788  0.41326788  0.42397233  0.41326788  0.45704219  0.45704219  0.44585475  0.49165095  0.46840046  0.45704219  0.42397233  0.42397233  0.42397233  0.44585475  0.43483307  0.43483307  0.43483307  0.44585475  0.42397233  0.42397233  
44_57_0    0.42397233  0.23461865  0.25152676  0.25152676  0.25152676  0.22630657  0.23461865  0.20995597  0.26882816  0.03751571  0.05045353  0.03751571  0.04395649  0.00000000  0.02479908  0.04395649  0.28654159  0.29555903  0.27763215  0.32328643  0.31392865  0.31392865  0.20191350  0.19395706  0.19395706  0.19395706  0.20191350  0.26012716  0.26012716  0.24302466  0.26882816  0.26882816  0.26012716  0.26012716  0.25152676  0.24302466  0.20995597  0.23461865  0.23461865  0.24302466  0.26882816  0.27763215  0.33276343  0.35208754  0.32328643  0.27763215  0.27763215  0.23461865  0.24302466  0.38204889  0.35208754  0.39231032  0.39231032  0.41326788  0.40271529  0.40271529  0.28654159  0.27763215  0.30468714  0.28654159  0.32328643  0.33276343  0.33276343  0.26012716  0.29555903  0.27763215  0.27763215  0.31392865  0.36194117  0.36194117  0.37192709  0.33276343  0.26882816  0.29555903  0.28654159  0.30468714  0.28654159  0.29555903  0.27763215  0.23461865  0.31392865  0.25152676  0.25152676  0.25152676  0.26882816  0.27763215  0.27763215  0.26882816  0.26012716  0.25152676  0.26882816  0.28654159  0.27763215  0.29555903  0.26882816  0.26882816  0.28654159  0.33276343  0.26882816  0.27763215  0.30468714  0.29555903  0.29555903  0.28654159  0.26882816  0.28654159  0.24302466  0.23461865  0.23461865  0.22630657  0.26012716  0.34236274  0.35208754  0.33276343  0.34236274  0.35208754  0.27763215  0.26882816  0.26012716  0.32328643  0.31392865  0.32328643  0.27763215  0.29555903  0.29555903  0.25152676  0.25152676  0.25152676  0.24302466  0.24302466  0.26012716  0.26882816  0.30468714  0.27763215  0.46840046  0.44585475  0.44585475  0.40271529  0.42397233  0.40271529  0.40271529  0.42397233  0.40271529  0.40271529  0.42397233  0.40271529  0.44585475  0.44585475  0.45704219  0.47993487  0.45704219  0.44585475  0.41326788  0.41326788  0.44585475  0.46840046  0.45704219  0.45704219  0.45704219  0.46840046  0.44585475  0.44585475  
47_57_0    0.40271529  0.22630657  0.24302466  0.24302466  0.24302466  0.21808634  0.22630657  0.20995597  0.24302466  0.01229620  0.02479908  0.01229620  0.01852137  0.02479908  0.00000000  0.01852137  0.28654159  0.29555903  0.27763215  0.31392865  0.31392865  0.31392865  0.19395706  0.17058597  0.17058597  0.17058597  0.17829503  0.24302466  0.24302466  0.22630657  0.25152676  0.25152676  0.24302466  0.24302466  0.23461865  0.23461865  0.20995597  0.22630657  0.22630657  0.23461865  0.24302466  0.26882816  0.30468714  0.32328643  0.31392865  0.27763215  0.27763215  0.24302466  0.24302466  0.38204889  0.35208754  0.37192709  0.37192709  0.37192709  0.38204889  0.38204889  0.28654159  0.27763215  0.28654159  0.28654159  0.32328643  0.33276343  0.33276343  0.26012716  0.27763215  0.27763215  0.26012716  0.31392865  0.34236274  0.34236274  0.35208754  0.31392865  0.26012716  0.31392865  0.28654159  0.30468714  0.28654159  0.27763215  0.27763215  0.23461865  0.29555903  0.25152676  0.25152676  0.25152676  0.26882816  0.27763215  0.27763215  0.25152676  0.26012716  0.25152676  0.23461865  0.25152676  0.24302466  0.26012716  0.23461865  0.23461865  0.25152676  0.29555903  0.25152676  0.26882816  0.28654159  0.27763215  0.27763215  0.26882816  0.26882816  0.28654159  0.24302466  0.24302466  0.23461865  0.22630657  0.26012716  0.34236274  0.35208754  0.33276343  0.33276343  0.35208754  0.26012716  0.26882816  0.26012716  0.32328643  0.31392865  0.32328643  0.27763215  0.29555903  0.29555903  0.25152676  0.25152676  0.25152676  0.24302466  0.24302466  0.25152676  0.26012716  0.30468714  0.27763215  0.44585475  0.42397233  0.42397233  0.40271529  0.41326788  0.40271529  0.40271529  0.41326788  0.40271529  0.40271529  0.42397233  0.40271529  0.44585475  0.44585475  0.43483307  0.47993487  0.45704219  0.44585475  0.41326788  0.41326788  0.41326788  0.43483307  0.42397233  0.42397233  0.42397233  0.43483307  0.41326788  0.41326788  
13_20_0    0.38204889  0.22630657  0.22630657  0.22630657  0.22630657  0.20191350  0.20995597  0.20995597  0.24302466  0.01852137  0.01852137  0.01852137  0.02479908  0.04395649  0.01852137  0.00000000  0.26882816  0.27763215  0.26012716  0.29555903  0.29555903  0.29555903  0.19395706  0.17058597  0.17058597  0.17058597  0.17829503  0.22630657  0.22630657  0.20995597  0.23461865  0.23461865  0.22630657  0.22630657  0.21808634  0.23461865  0.20995597  0.22630657  0.22630657  0.22630657  0.23461865  0.29555903  0.29555903  0.31392865  0.30468714  0.26012716  0.26012716  0.25152676  0.23461865  0.39231032  0.35208754  0.37192709  0.37192709  0.37192709  0.36194117  0.36194117  0.28654159  0.27763215  0.28654159  0.28654159  0.30468714  0.31392865  0.31392865  0.26012716  0.26012716  0.26012716  0.26012716  0.29555903  0.35208754  0.37192709  0.36194117  0.31392865  0.24302466  0.31392865  0.28654159  0.30468714  0.27763215  0.26882816  0.26882816  0.24302466  0.30468714  0.26012716  0.27763215  0.27763215  0.29555903  0.30468714  0.30468714  0.24302466  0.26882816  0.26012716  0.24302466  0.26012716  0.25152676  0.27763215  0.24302466  0.24302466  0.26012716  0.28654159  0.26012716  0.27763215  0.27763215  0.26882816  0.26882816  0.26012716  0.26012716  0.27763215  0.23461865  0.23461865  0.22630657  0.21808634  0.23461865  0.37192709  0.38204889  0.36194117  0.36194117  0.36194117  0.24302466  0.25152676  0.24302466  0.30468714  0.29555903  0.30468714  0.26012716  0.28654159  0.28654159  0.24302466  0.24302466  0.24302466  0.23461865  0.23461865  0.26882816  0.26012716  0.30468714  0.27763215  0.45704219  0.43483307  0.43483307  0.41326788  0.42397233  0.41326788  0.41326788  0.42397233  0.41326788  0.41326788  0.42397233  0.41326788  0.45704219  0.45704219  0.44585475  0.49165095  0.46840046  0.45704219  0.42397233  0.42397233  0.42397233  0.44585475  0.43483307  0.43483307  0.43483307  0.44585475  0.42397233  0.42397233  
13_55_0    0.34236274  0.25152676  0.26882816  0.26882816  0.26882816  0.22630657  0.22630657  0.21808634  0.23461865  0.26882816  0.26882816  0.28654159  0.26012716  0.28654159  0.28654159  0.26882816  0.00000000  0.02479908  0.02479908  0.15540347  0.13319541  0.13319541  0.20995597  0.18608482  0.17829503  0.17829503  0.20191350  0.26012716  0.26012716  0.20995597  0.22630657  0.24302466  0.23461865  0.25152676  0.25152676  0.18608482  0.22630657  0.18608482  0.19395706  0.29555903  0.31392865  0.31392865  0.30468714  0.30468714  0.27763215  0.27763215  0.27763215  0.32328643  0.33276343  0.30468714  0.29555903  0.30468714  0.35208754  0.35208754  0.36194117  0.35208754  0.26882816  0.25152676  0.27763215  0.27763215  0.28654159  0.27763215  0.27763215  0.25152676  0.26012716  0.26012716  0.26012716  0.26012716  0.31392865  0.31392865  0.34236274  0.28654159  0.23461865  0.30468714  0.26012716  0.26882816  0.27763215  0.28654159  0.27763215  0.28654159  0.29555903  0.29555903  0.34236274  0.34236274  0.30468714  0.30468714  0.30468714  0.29555903  0.29555903  0.30468714  0.32328643  0.32328643  0.33276343  0.35208754  0.31392865  0.31392865  0.30468714  0.33276343  0.31392865  0.30468714  0.30468714  0.29555903  0.29555903  0.28654159  0.27763215  0.26882816  0.26012716  0.26882816  0.26012716  0.26012716  0.26012716  0.34236274  0.35208754  0.33276343  0.35208754  0.34236274  0.28654159  0.29555903  0.27763215  0.26012716  0.26882816  0.27763215  0.27763215  0.26882816  0.26882816  0.21808634  0.21808634  0.22630657  0.22630657  0.22630657  0.28654159  0.27763215  0.26882816  0.27763215  0.37192709  0.39231032  0.39231032  0.34236274  0.36194117  0.35208754  0.35208754  0.37192709  0.35208754  0.35208754  0.35208754  0.35208754  0.38204889  0.38204889  0.39231032  0.36194117  0.37192709  0.36194117  0.40271529  0.40271529  0.42397233  0.42397233  0.39231032  0.39231032  0.43483307  0.41326788  0.40271529  0.40271529  
47_50_0    0.35208754  0.27763215  0.27763215  0.27763215  0.27763215  0.23461865  0.23461865  0.24302466  0.26012716  0.27763215  0.27763215  0.29555903  0.26882816  0.29555903  0.29555903  0.27763215  0.02479908  0.00000000  0.02479908  0.15540347  0.13319541  0.13319541  0.21808634  0.20995597  0.20191350  0.20191350  0.22630657  0.28654159  0.28654159  0.23461865  0.25152676  0.26882816  0.26012716  0.26012716  0.27763215  0.20995597  0.25152676  0.20995597  0.21808634  0.32328643  0.34236274  0.32328643  0.29555903  0.29555903  0.26882816  0.28654159  0.28654159  0.33276343  0.34236274  0.31392865  0.30468714  0.31392865  0.34236274  0.36194117  0.37192709  0.36194117  0.26012716  0.26012716  0.28654159  0.28654159  0.29555903  0.28654159  0.28654159  0.26012716  0.25152676  0.25152676  0.25152676  0.26882816  0.32328643  0.32328643  0.35208754  0.27763215  0.24302466  0.31392865  0.26882816  0.27763215  0.28654159  0.29555903  0.28654159  0.29555903  0.30468714  0.30468714  0.33276343  0.33276343  0.31392865  0.31392865  0.31392865  0.30468714  0.30468714  0.31392865  0.33276343  0.33276343  0.34236274  0.36194117  0.32328643  0.32328643  0.31392865  0.34236274  0.32328643  0.33276343  0.31392865  0.30468714  0.30468714  0.29555903  0.26882816  0.26012716  0.26882816  0.29555903  0.26882816  0.26882816  0.26882816  0.37192709  0.38204889  0.36194117  0.38204889  0.37192709  0.30468714  0.31392865  0.29555903  0.28654159  0.29555903  0.28654159  0.28654159  0.27763215  0.27763215  0.22630657  0.22630657  0.23461865  0.23461865  0.23461865  0.29555903  0.28654159  0.27763215  0.28654159  0.38204889  0.40271529  0.40271529  0.37192709  0.39231032  0.38204889  0.38204889  0.40271529  0.38204889  0.38204889  0.38204889  0.38204889  0.41326788  0.41326788  0.42397233  0.39231032  0.40271529  0.39231032  0.43483307  0.43483307  0.41326788  0.41326788  0.38204889  0.38204889  0.42397233  0.40271529  0.39231032  0.39231032  
44_50_0    0.35208754  0.26012716  0.27763215  0.27763215  0.27763215  0.23461865  0.23461865  0.22630657  0.23461865  0.26012716  0.26012716  0.27763215  0.26882816  0.27763215  0.27763215  0.26012716  0.02479908  0.02479908  0.00000000  0.13319541  0.11163120  0.11163120  0.21808634  0.19395706  0.18608482  0.18608482  0.20995597  0.26882816  0.26882816  0.21808634  0.23461865  0.25152676  0.24302466  0.26012716  0.26012716  0.19395706  0.23461865  0.19395706  0.20191350  0.30468714  0.32328643  0.32328643  0.31392865  0.31392865  0.28654159  0.28654159  0.28654159  0.31392865  0.32328643  0.33276343  0.31392865  0.32328643  0.36194117  0.36194117  0.37192709  0.36194117  0.27763215  0.26882816  0.28654159  0.28654159  0.29555903  0.28654159  0.28654159  0.25152676  0.25152676  0.25152676  0.25152676  0.26882816  0.33276343  0.33276343  0.36194117  0.30468714  0.24302466  0.31392865  0.26882816  0.27763215  0.30468714  0.31392865  0.28654159  0.29555903  0.30468714  0.30468714  0.35208754  0.35208754  0.31392865  0.31392865  0.31392865  0.30468714  0.30468714  0.31392865  0.33276343  0.33276343  0.32328643  0.36194117  0.32328643  0.32328643  0.31392865  0.34236274  0.32328643  0.31392865  0.29555903  0.28654159  0.28654159  0.27763215  0.26882816  0.27763215  0.25152676  0.27763215  0.26882816  0.26882816  0.26882816  0.35208754  0.36194117  0.34236274  0.37192709  0.35208754  0.27763215  0.28654159  0.26882816  0.25152676  0.26012716  0.26882816  0.26882816  0.27763215  0.27763215  0.22630657  0.22630657  0.23461865  0.23461865  0.23461865  0.29555903  0.28654159  0.27763215  0.26882816  0.38204889  0.40271529  0.40271529  0.35208754  0.37192709  0.36194117  0.36194117  0.38204889  0.36194117  0.36194117  0.36194117  0.36194117  0.39231032  0.39231032  0.40271529  0.37192709  0.38204889  0.37192709  0.41326788  0.41326788  0.42397233  0.42397233  0.39231032  0.39231032  0.43483307  0.41326788  0.40271529  0.40271529  
13_51_0    0.41326788  0.30468714  0.31392865  0.31392865  0.31392865  0.26012716  0.28654159  0.25152676  0.30468714  0.31392865  0.29555903  0.29555903  0.30468714  0.32328643  0.31392865  0.29555903  0.15540347  0.15540347  0.13319541  0.00000000  0.03751571  0.03751571  0.26882816  0.26882816  0.24302466  0.24302466  0.24302466  0.27763215  0.27763215  0.23461865  0.25152676  0.26882816  0.26012716  0.27763215  0.27763215  0.26882816  0.25152676  0.25152676  0.23461865  0.30468714  0.31392865  0.36194117  0.38204889  0.41326788  0.36194117  0.28654159  0.28654159  0.33276343  0.32328643  0.31392865  0.29555903  0.30468714  0.40271529  0.37192709  0.39231032  0.39231032  0.30468714  0.30468714  0.29555903  0.29555903  0.30468714  0.29555903  0.29555903  0.28654159  0.24302466  0.26012716  0.26012716  0.27763215  0.37192709  0.36194117  0.39231032  0.38204889  0.30468714  0.34236274  0.27763215  0.28654159  0.33276343  0.34236274  0.30468714  0.34236274  0.39231032  0.35208754  0.40271529  0.40271529  0.37192709  0.37192709  0.37192709  0.36194117  0.36194117  0.35208754  0.38204889  0.40271529  0.39231032  0.43483307  0.39231032  0.40271529  0.38204889  0.40271529  0.39231032  0.35208754  0.31392865  0.31392865  0.31392865  0.30468714  0.31392865  0.30468714  0.28654159  0.31392865  0.31392865  0.30468714  0.31392865  0.35208754  0.36194117  0.36194117  0.36194117  0.35208754  0.28654159  0.27763215  0.27763215  0.30468714  0.31392865  0.32328643  0.29555903  0.31392865  0.31392865  0.34236274  0.34236274  0.31392865  0.31392865  0.31392865  0.33276343  0.32328643  0.29555903  0.30468714  0.47993487  0.50355453  0.50355453  0.41326788  0.43483307  0.42397233  0.42397233  0.46840046  0.42397233  0.42397233  0.42397233  0.42397233  0.49165095  0.49165095  0.50355453  0.45704219  0.47993487  0.45704219  0.46840046  0.46840046  0.49165095  0.46840046  0.43483307  0.43483307  0.45704219  0.46840046  0.43483307  0.42397233  
