19
74_6_0     0.00000000  0.04991525  0.21434955  0.22360925  0.23298578  0.25210141  0.23298578  0.23298578  0.23298578  0.26184682  0.27172173  0.27172173  0.26184682  0.33389634  0.33389634  0.32316594  0.33389634  0.32316594  0.29187412  
85_6_0     0.04991525  0.00000000  0.22360925  0.21434955  0.22360925  0.24248214  0.22360925  0.20520380  0.20520380  0.25210141  0.24248214  0.24248214  0.23298578  0.34478396  0.34478396  0.33389634  0.32316594  0.33389634  0.28172962  
17_9_0     0.21434955  0.22360925  0.00000000  0.00692875  0.01392271  0.05732776  0.02098311  0.05732776  0.07237836  0.09554166  0.08774007  0.08774007  0.11139493  0.12759377  0.11945022  0.11139493  0.11945022  0.11139493  0.08774007  
42_9_0     0.22360925  0.21434955  0.00692875  0.00000000  0.00692875  0.04991525  0.01392271  0.04991525  0.06481496  0.08774007  0.08001952  0.08001952  0.10342602  0.11945022  0.11139493  0.10342602  0.11139493  0.10342602  0.08001952  
24_9_0     0.23298578  0.22360925  0.01392271  0.00692875  0.00000000  0.05732776  0.02098311  0.05732776  0.07237836  0.09554166  0.08774007  0.08774007  0.11139493  0.12759377  0.11945022  0.11139493  0.11945022  0.11139493  0.08774007  
100_9_0    0.25210141  0.24248214  0.05732776  0.04991525  0.05732776  0.00000000  0.03530839  0.07237836  0.08774007  0.11139493  0.10342602  0.10342602  0.11139493  0.14415358  0.13582755  0.12759377  0.13582755  0.12759377  0.10342602  
54_9_0     0.23298578  0.22360925  0.02098311  0.01392271  0.02098311  0.03530839  0.00000000  0.04991525  0.06481496  0.08774007  0.08001952  0.08001952  0.10342602  0.11945022  0.11139493  0.10342602  0.11139493  0.10342602  0.08001952  
100_10_0   0.23298578  0.20520380  0.05732776  0.04991525  0.05732776  0.07237836  0.04991525  0.00000000  0.01392271  0.06481496  0.05732776  0.05732776  0.04991525  0.12759377  0.11945022  0.11139493  0.11945022  0.11139493  0.08774007  
54_10_0    0.23298578  0.20520380  0.07237836  0.06481496  0.07237836  0.08774007  0.06481496  0.01392271  0.00000000  0.06481496  0.05732776  0.05732776  0.04991525  0.12759377  0.11945022  0.11139493  0.11945022  0.11139493  0.10342602  
17_12_0    0.26184682  0.25210141  0.09554166  0.08774007  0.09554166  0.11139493  0.08774007  0.06481496  0.06481496  0.00000000  0.03530839  0.03530839  0.07237836  0.17842307  0.16970642  0.16109081  0.16970642  0.16109081  0.13582755  
42_12_0    0.27172173  0.24248214  0.08774007  0.08001952  0.08774007  0.10342602  0.08001952  0.05732776  0.05732776  0.03530839  0.00000000  0.00000000  0.08001952  0.17842307  0.16970642  0.16109081  0.16970642  0.16109081  0.13582755  
24_12_0    0.27172173  0.24248214  0.08774007  0.08001952  0.08774007  0.10342602  0.08001952  0.05732776  0.05732776  0.03530839  0.00000000  0.00000000  0.08001952  0.17842307  0.16970642  0.16109081  0.16970642  0.16109081  0.13582755  
50_14_0    0.26184682  0.23298578  0.11139493  0.10342602  0.11139493  0.11139493  0.10342602  0.04991525  0.04991525  0.07237836  0.08001952  0.08001952  0.00000000  0.16109081  0.15257395  0.14415358  0.15257395  0.14415358  0.11945022  
17_0_0     0.33389634  0.34478396  0.12759377  0.11945022  0.12759377  0.14415358  0.11945022  0.12759377  0.12759377  0.17842307  0.17842307  0.17842307  0.16109081  0.00000000  0.03530839  0.02811124  0.03530839  0.02811124  0.06481496  
17_13_0    0.33389634  0.34478396  0.11945022  0.11139493  0.11945022  0.13582755  0.11139493  0.11945022  0.11945022  0.16970642  0.16970642  0.16970642  0.15257395  0.03530839  0.00000000  0.02098311  0.02811124  0.02098311  0.07237836  
24_0_0     0.32316594  0.33389634  0.11139493  0.10342602  0.11139493  0.12759377  0.10342602  0.11139493  0.11139493  0.16109081  0.16109081  0.16109081  0.14415358  0.02811124  0.02098311  0.00000000  0.00692875  0.01392271  0.06481496  
42_0_0     0.33389634  0.32316594  0.11945022  0.11139493  0.11945022  0.13582755  0.11139493  0.11945022  0.11945022  0.16970642  0.16970642  0.16970642  0.15257395  0.03530839  0.02811124  0.00692875  0.00000000  0.02098311  0.07237836  
54_0_0     0.32316594  0.33389634  0.11139493  0.10342602  0.11139493  0.12759377  0.10342602  0.11139493  0.11139493  0.16109081  0.16109081  0.16109081  0.14415358  0.02811124  0.02098311  0.01392271  0.02098311  0.00000000  0.06481496  
50_0_0     0.29187412  0.28172962  0.08774007  0.08001952  0.08774007  0.10342602  0.08001952  0.08774007  0.10342602  0.13582755  0.13582755  0.13582755  0.11945022  0.06481496  0.07237836  0.06481496  0.07237836  0.06481496  0.00000000  

