fastme_mat.p : 0.4018843173980713
fastme.f81 : 0.6990766525268555
ba.exp : 7.74665904045105
pipeline_dl5355281 : 9.66164779663086
