fastme_mat.p : 0.2984047601337433
fastme.f81 : 0.606208725077629
ba.exp : 7.174060210952759
