153
8_3_0      0.00000000  0.60494388  0.64663333  0.64663333  0.66838574  0.64663333  0.66838574  0.64663333  0.69079164  0.66838574  0.66838574  0.64663333  0.58494162  0.50990059  0.54647778  0.64663333  0.62549737  0.81418771  0.84152052  0.84152052  0.84152052  0.56546178  0.54647778  0.52796499  0.52796499  0.69079164  0.69079164  0.71389151  0.69079164  0.93009730  0.93009730  0.76235504  0.73772972  0.66838574  0.66838574  0.73772972  0.78782121  0.76235504  0.64663333  0.64663333  0.60494388  0.56546178  0.49226337  0.47503359  0.60494388  0.52796499  0.54647778  0.73772972  0.71389151  0.60494388  0.58494162  0.66838574  0.66838574  0.69079164  0.64663333  0.69079164  0.56546178  0.60494388  0.60494388  0.62549737  0.76235504  0.62549737  0.62549737  0.60494388  0.56546178  0.64663333  0.60494388  0.62549737  0.62549737  0.62549737  0.49226337  0.49226337  0.45819286  0.60494388  0.58494162  0.56546178  0.54647778  0.54647778  0.56546178  0.54647778  0.69079164  0.66838574  0.54647778  0.64663333  0.71389151  0.62549737  0.60494388  0.62549737  0.50990059  0.49226337  0.52796499  0.62549737  0.62549737  0.54647778  0.58494162  0.58494162  0.60494388  0.66838574  0.58494162  0.56546178  0.73772972  0.73772972  0.64663333  0.58494162  0.60494388  0.69079164  0.69079164  0.54647778  0.73772972  0.62549737  0.64663333  0.62549737  0.78782121  0.71389151  0.64663333  0.69079164  0.71389151  0.62549737  0.64663333  0.58494162  0.73772972  0.62549737  0.66838574  0.54647778  0.62549737  0.62549737  0.56546178  0.64663333  0.64663333  0.66838574  0.73772972  0.56546178  0.58494162  0.60494388  0.64663333  0.78782121  0.71389151  0.71389151  0.62549737  0.66838574  0.73772972  0.71389151  0.64663333  0.66838574  0.54647778  0.50990059  0.66838574  0.66838574  0.62549737  0.52796499  0.56546178  0.73772972  0.54647778  
83_5_0     0.60494388  0.00000000  0.16017514  0.26812790  0.25533208  0.24275207  0.30788769  0.29439756  0.30788769  0.30788769  0.23038073  0.37926054  0.45819286  0.50990059  0.56546178  0.71389151  0.62549737  0.64663333  0.62549737  0.66838574  0.66838574  0.56546178  0.54647778  0.60494388  0.54647778  0.64663333  0.58494162  0.62549737  0.60494388  0.81418771  0.78782121  0.56546178  0.62549737  0.49226337  0.49226337  0.71389151  0.71389151  0.69079164  0.50990059  0.50990059  0.56546178  0.50990059  0.50990059  0.49226337  0.45819286  0.47503359  0.42561091  0.56546178  0.58494162  0.62549737  0.60494388  0.66838574  0.62549737  0.58494162  0.56546178  0.60494388  0.64663333  0.62549737  0.62549737  0.60494388  0.66838574  0.58494162  0.62549737  0.64663333  0.64663333  0.54647778  0.60494388  0.64663333  0.56546178  0.60494388  0.52796499  0.52796499  0.49226337  0.50990059  0.45819286  0.42561091  0.47503359  0.47503359  0.45819286  0.44172399  0.66838574  0.60494388  0.56546178  0.58494162  0.58494162  0.54647778  0.54647778  0.56546178  0.60494388  0.60494388  0.50990059  0.52796499  0.52796499  0.52796499  0.60494388  0.58494162  0.56546178  0.58494162  0.54647778  0.54647778  0.66838574  0.71389151  0.69079164  0.81418771  0.78782121  0.78782121  0.78782121  0.66838574  0.58494162  0.62549737  0.60494388  0.56546178  0.73772972  0.64663333  0.71389151  0.60494388  0.54647778  0.71389151  0.69079164  0.69079164  0.64663333  0.78782121  0.64663333  0.64663333  0.62549737  0.69079164  0.50990059  0.62549737  0.62549737  0.66838574  0.66838574  0.58494162  0.69079164  0.62549737  0.81418771  0.89938797  0.84152052  0.71389151  0.76235504  0.76235504  0.62549737  0.66838574  0.60494388  0.60494388  0.76235504  0.69079164  0.86989319  0.86989319  0.93009730  0.62549737  0.58494162  0.73772972  0.58494162  
83_10_0    0.64663333  0.16017514  0.00000000  0.17142671  0.16017514  0.19445222  0.23038073  0.19445222  0.23038073  0.23038073  0.23038073  0.28114708  0.36442912  0.54647778  0.60494388  0.69079164  0.66838574  0.54647778  0.60494388  0.58494162  0.58494162  0.56546178  0.58494162  0.58494162  0.62549737  0.78782121  0.64663333  0.62549737  0.60494388  0.86989319  0.69079164  0.56546178  0.69079164  0.64663333  0.64663333  0.84152052  0.84152052  0.71389151  0.60494388  0.60494388  0.54647778  0.52796499  0.56546178  0.54647778  0.58494162  0.56546178  0.47503359  0.66838574  0.69079164  0.69079164  0.66838574  0.69079164  0.73772972  0.73772972  0.71389151  0.71389151  0.64663333  0.62549737  0.62549737  0.66838574  0.73772972  0.60494388  0.60494388  0.71389151  0.62549737  0.64663333  0.66838574  0.66838574  0.66838574  0.71389151  0.58494162  0.58494162  0.58494162  0.50990059  0.49226337  0.45819286  0.58494162  0.58494162  0.52796499  0.54647778  0.66838574  0.60494388  0.58494162  0.62549737  0.64663333  0.62549737  0.54647778  0.56546178  0.56546178  0.56546178  0.62549737  0.66838574  0.56546178  0.56546178  0.73772972  0.66838574  0.64663333  0.62549737  0.56546178  0.56546178  0.66838574  0.76235504  0.64663333  0.71389151  0.69079164  0.71389151  0.71389151  0.62549737  0.58494162  0.62549737  0.64663333  0.52796499  0.64663333  0.60494388  0.62549737  0.56546178  0.54647778  0.71389151  0.69079164  0.64663333  0.64663333  0.69079164  0.62549737  0.60494388  0.56546178  0.56546178  0.60494388  0.62549737  0.62549737  0.62549737  0.58494162  0.58494162  0.69079164  0.66838574  0.93009730  0.96212550  0.96212550  0.78782121  0.73772972  0.76235504  0.64663333  0.69079164  0.62549737  0.62549737  0.78782121  0.76235504  0.81418771  0.81418771  0.81418771  0.66838574  0.66838574  0.76235504  0.64663333  
9_5_0      0.64663333  0.26812790  0.17142671  0.00000000  0.00906386  0.14909078  0.18285062  0.18285062  0.19445222  0.18285062  0.18285062  0.20623714  0.29439756  0.44172399  0.45819286  0.62549737  0.60494388  0.44172399  0.47503359  0.47503359  0.47503359  0.47503359  0.44172399  0.42561091  0.60494388  0.73772972  0.60494388  0.50990059  0.50990059  0.64663333  0.58494162  0.50990059  0.52796499  0.62549737  0.62549737  0.58494162  0.58494162  0.56546178  0.49226337  0.49226337  0.42561091  0.47503359  0.49226337  0.47503359  0.44172399  0.45819286  0.37926054  0.49226337  0.50990059  0.49226337  0.47503359  0.49226337  0.54647778  0.58494162  0.54647778  0.56546178  0.62549737  0.60494388  0.60494388  0.50990059  0.56546178  0.52796499  0.49226337  0.50990059  0.54647778  0.49226337  0.54647778  0.49226337  0.58494162  0.69079164  0.42561091  0.42561091  0.45819286  0.50990059  0.49226337  0.47503359  0.52796499  0.52796499  0.47503359  0.49226337  0.62549737  0.58494162  0.58494162  0.58494162  0.62549737  0.58494162  0.47503359  0.49226337  0.54647778  0.54647778  0.54647778  0.49226337  0.45819286  0.45819286  0.56546178  0.60494388  0.50990059  0.52796499  0.54647778  0.56546178  0.58494162  0.62549737  0.62549737  0.66838574  0.64663333  0.69079164  0.69079164  0.54647778  0.54647778  0.49226337  0.50990059  0.50990059  0.58494162  0.56546178  0.58494162  0.56546178  0.52796499  0.69079164  0.71389151  0.58494162  0.56546178  0.56546178  0.54647778  0.58494162  0.52796499  0.52796499  0.56546178  0.56546178  0.56546178  0.54647778  0.50990059  0.52796499  0.58494162  0.54647778  0.69079164  0.76235504  0.76235504  0.60494388  0.69079164  0.60494388  0.64663333  0.71389151  0.69079164  0.69079164  0.64663333  0.60494388  0.60494388  0.60494388  0.64663333  0.58494162  0.54647778  0.60494388  0.58494162  
9_11_0     0.66838574  0.25533208  0.16017514  0.00906386  0.00000000  0.13816873  0.17142671  0.17142671  0.18285062  0.19445222  0.17142671  0.21821125  0.30788769  0.45819286  0.47503359  0.64663333  0.58494162  0.42561091  0.45819286  0.45819286  0.45819286  0.49226337  0.45819286  0.44172399  0.62549737  0.71389151  0.58494162  0.49226337  0.49226337  0.66838574  0.60494388  0.49226337  0.54647778  0.60494388  0.60494388  0.60494388  0.60494388  0.58494162  0.50990059  0.50990059  0.44172399  0.49226337  0.50990059  0.49226337  0.45819286  0.47503359  0.39439287  0.50990059  0.52796499  0.50990059  0.49226337  0.50990059  0.56546178  0.60494388  0.56546178  0.58494162  0.64663333  0.60494388  0.60494388  0.52796499  0.58494162  0.54647778  0.50990059  0.52796499  0.56546178  0.50990059  0.56546178  0.50990059  0.60494388  0.71389151  0.44172399  0.44172399  0.47503359  0.52796499  0.50990059  0.49226337  0.54647778  0.54647778  0.49226337  0.50990059  0.64663333  0.60494388  0.60494388  0.60494388  0.64663333  0.60494388  0.49226337  0.50990059  0.56546178  0.56546178  0.56546178  0.50990059  0.47503359  0.47503359  0.58494162  0.62549737  0.52796499  0.54647778  0.56546178  0.54647778  0.60494388  0.64663333  0.64663333  0.69079164  0.66838574  0.71389151  0.71389151  0.56546178  0.56546178  0.50990059  0.52796499  0.49226337  0.60494388  0.58494162  0.60494388  0.58494162  0.54647778  0.71389151  0.73772972  0.60494388  0.58494162  0.58494162  0.56546178  0.60494388  0.54647778  0.54647778  0.58494162  0.56546178  0.56546178  0.56546178  0.52796499  0.54647778  0.60494388  0.52796499  0.71389151  0.78782121  0.78782121  0.62549737  0.71389151  0.62549737  0.62549737  0.69079164  0.66838574  0.66838574  0.62549737  0.58494162  0.62549737  0.62549737  0.66838574  0.58494162  0.54647778  0.62549737  0.56546178  
68_7_0     0.64663333  0.24275207  0.19445222  0.14909078  0.13816873  0.00000000  0.04646261  0.08583603  0.07579611  0.17142671  0.14909078  0.23038073  0.26812790  0.50990059  0.52796499  0.58494162  0.60494388  0.58494162  0.62549737  0.60494388  0.60494388  0.45819286  0.45819286  0.52796499  0.49226337  0.73772972  0.64663333  0.60494388  0.58494162  0.73772972  0.66838574  0.64663333  0.76235504  0.54647778  0.54647778  0.58494162  0.58494162  0.56546178  0.50990059  0.50990059  0.45819286  0.47503359  0.45819286  0.44172399  0.47503359  0.49226337  0.37926054  0.49226337  0.50990059  0.49226337  0.47503359  0.52796499  0.54647778  0.58494162  0.58494162  0.52796499  0.54647778  0.54647778  0.54647778  0.50990059  0.60494388  0.45819286  0.45819286  0.52796499  0.50990059  0.49226337  0.47503359  0.58494162  0.64663333  0.64663333  0.50990059  0.50990059  0.50990059  0.44172399  0.42561091  0.42561091  0.47503359  0.47503359  0.45819286  0.47503359  0.60494388  0.54647778  0.56546178  0.58494162  0.58494162  0.58494162  0.50990059  0.49226337  0.58494162  0.58494162  0.56546178  0.52796499  0.45819286  0.42561091  0.60494388  0.62549737  0.47503359  0.49226337  0.52796499  0.50990059  0.50990059  0.56546178  0.54647778  0.64663333  0.62549737  0.62549737  0.62549737  0.62549737  0.69079164  0.49226337  0.50990059  0.47503359  0.50990059  0.58494162  0.56546178  0.54647778  0.60494388  0.69079164  0.66838574  0.66838574  0.62549737  0.66838574  0.62549737  0.64663333  0.62549737  0.64663333  0.54647778  0.58494162  0.58494162  0.54647778  0.60494388  0.56546178  0.58494162  0.60494388  0.69079164  0.66838574  0.62549737  0.64663333  0.62549737  0.60494388  0.60494388  0.66838574  0.64663333  0.64663333  0.58494162  0.56546178  0.73772972  0.73772972  0.73772972  0.64663333  0.69079164  0.78782121  0.66838574  
68_8_0     0.66838574  0.30788769  0.23038073  0.18285062  0.17142671  0.04646261  0.00000000  0.09601294  0.08583603  0.23038073  0.18285062  0.25533208  0.25533208  0.52796499  0.54647778  0.56546178  0.54647778  0.56546178  0.60494388  0.58494162  0.58494162  0.47503359  0.47503359  0.54647778  0.54647778  0.81418771  0.71389151  0.58494162  0.56546178  0.76235504  0.64663333  0.64663333  0.78782121  0.60494388  0.60494388  0.66838574  0.62549737  0.60494388  0.58494162  0.58494162  0.49226337  0.50990059  0.49226337  0.47503359  0.54647778  0.49226337  0.44172399  0.52796499  0.54647778  0.52796499  0.50990059  0.56546178  0.56546178  0.60494388  0.60494388  0.60494388  0.62549737  0.62549737  0.62549737  0.54647778  0.64663333  0.49226337  0.49226337  0.56546178  0.47503359  0.52796499  0.50990059  0.54647778  0.64663333  0.64663333  0.54647778  0.54647778  0.54647778  0.44172399  0.42561091  0.42561091  0.50990059  0.50990059  0.45819286  0.47503359  0.60494388  0.54647778  0.56546178  0.58494162  0.58494162  0.58494162  0.50990059  0.52796499  0.58494162  0.58494162  0.60494388  0.58494162  0.52796499  0.45819286  0.64663333  0.66838574  0.50990059  0.45819286  0.58494162  0.52796499  0.50990059  0.56546178  0.54647778  0.64663333  0.62549737  0.62549737  0.62549737  0.54647778  0.73772972  0.49226337  0.50990059  0.54647778  0.50990059  0.54647778  0.56546178  0.54647778  0.60494388  0.69079164  0.71389151  0.66838574  0.62549737  0.66838574  0.62549737  0.64663333  0.58494162  0.60494388  0.58494162  0.54647778  0.54647778  0.54647778  0.56546178  0.64663333  0.58494162  0.64663333  0.73772972  0.66838574  0.66838574  0.62549737  0.64663333  0.54647778  0.62549737  0.69079164  0.66838574  0.66838574  0.60494388  0.58494162  0.66838574  0.66838574  0.66838574  0.58494162  0.66838574  0.71389151  0.69079164  
68_5_0     0.64663333  0.29439756  0.19445222  0.18285062  0.17142671  0.08583603  0.09601294  0.00000000  0.02752886  0.20623714  0.20623714  0.29439756  0.29439756  0.47503359  0.45819286  0.58494162  0.56546178  0.50990059  0.58494162  0.56546178  0.56546178  0.52796499  0.58494162  0.60494388  0.60494388  0.76235504  0.76235504  0.56546178  0.54647778  0.84152052  0.66838574  0.54647778  0.62549737  0.69079164  0.69079164  0.64663333  0.60494388  0.54647778  0.56546178  0.56546178  0.47503359  0.42561091  0.47503359  0.45819286  0.56546178  0.47503359  0.39439287  0.54647778  0.56546178  0.54647778  0.52796499  0.50990059  0.60494388  0.64663333  0.60494388  0.58494162  0.50990059  0.50990059  0.50990059  0.60494388  0.62549737  0.54647778  0.54647778  0.62549737  0.56546178  0.54647778  0.56546178  0.56546178  0.62549737  0.62549737  0.56546178  0.56546178  0.56546178  0.42561091  0.40983857  0.40983857  0.52796499  0.52796499  0.47503359  0.49226337  0.50990059  0.45819286  0.49226337  0.49226337  0.52796499  0.49226337  0.45819286  0.47503359  0.52796499  0.52796499  0.58494162  0.56546178  0.50990059  0.47503359  0.58494162  0.60494388  0.49226337  0.54647778  0.54647778  0.52796499  0.47503359  0.50990059  0.45819286  0.58494162  0.60494388  0.52796499  0.52796499  0.52796499  0.62549737  0.47503359  0.49226337  0.45819286  0.60494388  0.56546178  0.62549737  0.56546178  0.58494162  0.71389151  0.73772972  0.56546178  0.56546178  0.64663333  0.60494388  0.56546178  0.49226337  0.50990059  0.49226337  0.52796499  0.52796499  0.52796499  0.50990059  0.54647778  0.56546178  0.50990059  0.71389151  0.73772972  0.69079164  0.62549737  0.64663333  0.66838574  0.69079164  0.76235504  0.73772972  0.73772972  0.56546178  0.58494162  0.58494162  0.58494162  0.58494162  0.62549737  0.71389151  0.76235504  0.69079164  
68_9_0     0.69079164  0.30788769  0.23038073  0.19445222  0.18285062  0.07579611  0.08583603  0.02752886  0.00000000  0.24275207  0.19445222  0.30788769  0.28114708  0.50990059  0.49226337  0.62549737  0.60494388  0.54647778  0.62549737  0.60494388  0.60494388  0.50990059  0.56546178  0.60494388  0.62549737  0.78782121  0.73772972  0.56546178  0.54647778  0.86989319  0.69079164  0.56546178  0.69079164  0.66838574  0.66838574  0.62549737  0.58494162  0.56546178  0.58494162  0.58494162  0.49226337  0.44172399  0.49226337  0.47503359  0.54647778  0.45819286  0.40983857  0.52796499  0.54647778  0.52796499  0.50990059  0.52796499  0.58494162  0.62549737  0.58494162  0.56546178  0.52796499  0.52796499  0.52796499  0.62549737  0.64663333  0.56546178  0.56546178  0.64663333  0.58494162  0.56546178  0.58494162  0.58494162  0.64663333  0.64663333  0.58494162  0.58494162  0.58494162  0.44172399  0.42561091  0.42561091  0.54647778  0.54647778  0.49226337  0.50990059  0.52796499  0.47503359  0.54647778  0.54647778  0.58494162  0.54647778  0.50990059  0.52796499  0.58494162  0.58494162  0.56546178  0.54647778  0.52796499  0.45819286  0.60494388  0.62549737  0.50990059  0.52796499  0.56546178  0.54647778  0.49226337  0.52796499  0.47503359  0.60494388  0.62549737  0.54647778  0.54647778  0.54647778  0.64663333  0.52796499  0.54647778  0.50990059  0.62549737  0.62549737  0.64663333  0.62549737  0.64663333  0.78782121  0.81418771  0.62549737  0.62549737  0.66838574  0.62549737  0.62549737  0.54647778  0.56546178  0.50990059  0.54647778  0.54647778  0.50990059  0.56546178  0.60494388  0.58494162  0.56546178  0.73772972  0.71389151  0.66838574  0.60494388  0.66838574  0.64663333  0.71389151  0.78782121  0.76235504  0.76235504  0.54647778  0.56546178  0.60494388  0.60494388  0.60494388  0.64663333  0.73772972  0.78782121  0.66838574  
9_6_0      0.66838574  0.30788769  0.23038073  0.18285062  0.19445222  0.17142671  0.23038073  0.20623714  0.24275207  0.00000000  0.09601294  0.21821125  0.30788769  0.50990059  0.52796499  0.69079164  0.78782121  0.54647778  0.58494162  0.56546178  0.56546178  0.56546178  0.60494388  0.58494162  0.66838574  0.89938797  0.78782121  0.62549737  0.64663333  0.62549737  0.52796499  0.56546178  0.64663333  0.54647778  0.54647778  0.56546178  0.60494388  0.54647778  0.47503359  0.47503359  0.47503359  0.52796499  0.54647778  0.52796499  0.49226337  0.50990059  0.47503359  0.50990059  0.49226337  0.40983857  0.42561091  0.44172399  0.52796499  0.56546178  0.56546178  0.50990059  0.58494162  0.56546178  0.56546178  0.47503359  0.52796499  0.39439287  0.42561091  0.45819286  0.50990059  0.42561091  0.44172399  0.56546178  0.64663333  0.64663333  0.47503359  0.47503359  0.50990059  0.56546178  0.54647778  0.54647778  0.60494388  0.60494388  0.54647778  0.56546178  0.58494162  0.60494388  0.50990059  0.49226337  0.52796499  0.49226337  0.49226337  0.44172399  0.52796499  0.49226337  0.60494388  0.50990059  0.49226337  0.45819286  0.52796499  0.54647778  0.47503359  0.45819286  0.56546178  0.58494162  0.52796499  0.58494162  0.49226337  0.47503359  0.45819286  0.52796499  0.52796499  0.64663333  0.66838574  0.47503359  0.49226337  0.44172399  0.56546178  0.52796499  0.54647778  0.56546178  0.47503359  0.56546178  0.58494162  0.62549737  0.62549737  0.62549737  0.58494162  0.62549737  0.52796499  0.54647778  0.60494388  0.66838574  0.66838574  0.69079164  0.62549737  0.62549737  0.60494388  0.60494388  0.69079164  0.76235504  0.71389151  0.69079164  0.71389151  0.64663333  0.69079164  0.71389151  0.73772972  0.73772972  0.64663333  0.58494162  0.60494388  0.56546178  0.64663333  0.60494388  0.60494388  0.60494388  0.62549737  
68_6_0     0.66838574  0.23038073  0.23038073  0.18285062  0.17142671  0.14909078  0.18285062  0.20623714  0.19445222  0.09601294  0.00000000  0.24275207  0.28114708  0.45819286  0.47503359  0.62549737  0.62549737  0.49226337  0.56546178  0.47503359  0.47503359  0.52796499  0.52796499  0.52796499  0.66838574  0.81418771  0.71389151  0.50990059  0.52796499  0.66838574  0.60494388  0.54647778  0.71389151  0.49226337  0.49226337  0.50990059  0.50990059  0.56546178  0.50990059  0.50990059  0.40983857  0.49226337  0.50990059  0.49226337  0.42561091  0.40983857  0.44172399  0.54647778  0.52796499  0.40983857  0.42561091  0.47503359  0.52796499  0.56546178  0.56546178  0.54647778  0.62549737  0.58494162  0.58494162  0.40983857  0.45819286  0.36442912  0.39439287  0.45819286  0.54647778  0.39439287  0.44172399  0.49226337  0.69079164  0.69079164  0.49226337  0.49226337  0.49226337  0.56546178  0.54647778  0.54647778  0.49226337  0.49226337  0.47503359  0.45819286  0.58494162  0.56546178  0.50990059  0.52796499  0.56546178  0.52796499  0.52796499  0.50990059  0.52796499  0.52796499  0.52796499  0.50990059  0.49226337  0.52796499  0.52796499  0.54647778  0.50990059  0.45819286  0.54647778  0.52796499  0.56546178  0.62549737  0.52796499  0.54647778  0.52796499  0.60494388  0.60494388  0.64663333  0.71389151  0.50990059  0.52796499  0.54647778  0.52796499  0.52796499  0.50990059  0.52796499  0.47503359  0.64663333  0.66838574  0.58494162  0.62549737  0.54647778  0.58494162  0.58494162  0.52796499  0.54647778  0.56546178  0.60494388  0.60494388  0.60494388  0.66838574  0.66838574  0.60494388  0.52796499  0.69079164  0.81418771  0.71389151  0.60494388  0.66838574  0.56546178  0.60494388  0.66838574  0.69079164  0.69079164  0.56546178  0.50990059  0.52796499  0.52796499  0.56546178  0.54647778  0.58494162  0.60494388  0.54647778  
56_4_0     0.64663333  0.37926054  0.28114708  0.20623714  0.21821125  0.23038073  0.25533208  0.29439756  0.30788769  0.21821125  0.24275207  0.00000000  0.21821125  0.52796499  0.50990059  0.52796499  0.66838574  0.49226337  0.49226337  0.52796499  0.52796499  0.50990059  0.47503359  0.45819286  0.56546178  0.66838574  0.69079164  0.66838574  0.64663333  0.62549737  0.64663333  0.71389151  0.64663333  0.45819286  0.45819286  0.52796499  0.56546178  0.54647778  0.60494388  0.60494388  0.54647778  0.60494388  0.62549737  0.60494388  0.50990059  0.52796499  0.52796499  0.52796499  0.50990059  0.52796499  0.50990059  0.52796499  0.52796499  0.56546178  0.56546178  0.52796499  0.60494388  0.58494162  0.58494162  0.42561091  0.44172399  0.47503359  0.44172399  0.50990059  0.47503359  0.44172399  0.45819286  0.52796499  0.58494162  0.62549737  0.54647778  0.54647778  0.54647778  0.56546178  0.54647778  0.58494162  0.60494388  0.60494388  0.62549737  0.64663333  0.76235504  0.69079164  0.58494162  0.52796499  0.54647778  0.52796499  0.52796499  0.54647778  0.49226337  0.49226337  0.49226337  0.45819286  0.44172399  0.47503359  0.50990059  0.52796499  0.49226337  0.44172399  0.54647778  0.54647778  0.47503359  0.52796499  0.56546178  0.54647778  0.52796499  0.58494162  0.58494162  0.54647778  0.62549737  0.54647778  0.52796499  0.47503359  0.60494388  0.50990059  0.56546178  0.58494162  0.52796499  0.64663333  0.58494162  0.58494162  0.62549737  0.58494162  0.58494162  0.52796499  0.49226337  0.49226337  0.54647778  0.54647778  0.54647778  0.49226337  0.52796499  0.47503359  0.60494388  0.64663333  0.69079164  0.73772972  0.62549737  0.56546178  0.58494162  0.49226337  0.66838574  0.64663333  0.66838574  0.66838574  0.69079164  0.62549737  0.64663333  0.64663333  0.64663333  0.73772972  0.64663333  0.58494162  0.56546178  
57_4_0     0.58494162  0.45819286  0.36442912  0.29439756  0.30788769  0.26812790  0.25533208  0.29439756  0.28114708  0.30788769  0.28114708  0.21821125  0.00000000  0.36442912  0.34988688  0.54647778  0.60494388  0.49226337  0.47503359  0.56546178  0.56546178  0.49226337  0.50990059  0.50990059  0.58494162  0.73772972  0.62549737  0.71389151  0.69079164  0.73772972  0.64663333  0.66838574  0.73772972  0.69079164  0.69079164  0.62549737  0.62549737  0.62549737  0.58494162  0.58494162  0.52796499  0.52796499  0.54647778  0.52796499  0.58494162  0.54647778  0.54647778  0.52796499  0.50990059  0.45819286  0.44172399  0.52796499  0.49226337  0.52796499  0.52796499  0.52796499  0.69079164  0.71389151  0.71389151  0.49226337  0.47503359  0.47503359  0.44172399  0.49226337  0.37926054  0.45819286  0.47503359  0.49226337  0.56546178  0.58494162  0.44172399  0.40983857  0.47503359  0.54647778  0.49226337  0.45819286  0.58494162  0.58494162  0.56546178  0.58494162  0.64663333  0.62549737  0.50990059  0.49226337  0.52796499  0.49226337  0.52796499  0.49226337  0.45819286  0.49226337  0.62549737  0.52796499  0.56546178  0.54647778  0.62549737  0.60494388  0.49226337  0.45819286  0.52796499  0.49226337  0.52796499  0.58494162  0.50990059  0.50990059  0.49226337  0.58494162  0.58494162  0.56546178  0.66838574  0.58494162  0.60494388  0.47503359  0.62549737  0.66838574  0.64663333  0.66838574  0.73772972  0.86989319  0.86989319  0.76235504  0.66838574  0.66838574  0.76235504  0.58494162  0.62549737  0.58494162  0.54647778  0.60494388  0.60494388  0.54647778  0.58494162  0.62549737  0.60494388  0.62549737  0.73772972  0.76235504  0.69079164  0.56546178  0.60494388  0.54647778  0.60494388  0.66838574  0.69079164  0.69079164  0.60494388  0.66838574  0.60494388  0.69079164  0.60494388  0.66838574  0.71389151  0.62549737  0.50990059  
87_17_0    0.50990059  0.50990059  0.54647778  0.44172399  0.45819286  0.50990059  0.52796499  0.47503359  0.50990059  0.50990059  0.45819286  0.52796499  0.36442912  0.00000000  0.03693566  0.32162632  0.36442912  0.25533208  0.32162632  0.25533208  0.25533208  0.66838574  0.60494388  0.60494388  0.62549737  0.73772972  0.76235504  0.76235504  0.73772972  0.71389151  0.76235504  0.76235504  0.60494388  0.76235504  0.76235504  0.58494162  0.56546178  0.54647778  0.52796499  0.50990059  0.45819286  0.47503359  0.52796499  0.50990059  0.56546178  0.47503359  0.52796499  0.58494162  0.56546178  0.56546178  0.54647778  0.62549737  0.56546178  0.58494162  0.60494388  0.56546178  0.78782121  0.81418771  0.81418771  0.54647778  0.56546178  0.56546178  0.56546178  0.52796499  0.49226337  0.49226337  0.54647778  0.49226337  0.45819286  0.52796499  0.45819286  0.45819286  0.45819286  0.45819286  0.45819286  0.37926054  0.40983857  0.40983857  0.44172399  0.42561091  0.56546178  0.56546178  0.47503359  0.60494388  0.62549737  0.56546178  0.52796499  0.56546178  0.54647778  0.58494162  0.60494388  0.54647778  0.69079164  0.62549737  0.60494388  0.60494388  0.52796499  0.58494162  0.60494388  0.60494388  0.60494388  0.58494162  0.56546178  0.50990059  0.52796499  0.60494388  0.60494388  0.56546178  0.64663333  0.45819286  0.47503359  0.56546178  0.71389151  0.62549737  0.56546178  0.52796499  0.52796499  0.64663333  0.71389151  0.64663333  0.69079164  0.76235504  0.66838574  0.54647778  0.58494162  0.56546178  0.45819286  0.62549737  0.62549737  0.60494388  0.62549737  0.62549737  0.58494162  0.49226337  0.60494388  0.76235504  0.66838574  0.73772972  0.73772972  0.62549737  0.52796499  0.58494162  0.56546178  0.54647778  0.52796499  0.54647778  0.52796499  0.56546178  0.58494162  0.52796499  0.58494162  0.66838574  0.58494162  
87_15_0    0.54647778  0.56546178  0.60494388  0.45819286  0.47503359  0.52796499  0.54647778  0.45819286  0.49226337  0.52796499  0.47503359  0.50990059  0.34988688  0.03693566  0.00000000  0.32162632  0.36442912  0.23038073  0.29439756  0.25533208  0.25533208  0.62549737  0.58494162  0.58494162  0.60494388  0.71389151  0.73772972  0.78782121  0.81418771  0.73772972  0.78782121  0.69079164  0.54647778  0.73772972  0.73772972  0.56546178  0.54647778  0.52796499  0.54647778  0.52796499  0.44172399  0.42561091  0.47503359  0.45819286  0.58494162  0.49226337  0.54647778  0.52796499  0.50990059  0.50990059  0.49226337  0.56546178  0.50990059  0.52796499  0.54647778  0.50990059  0.71389151  0.73772972  0.73772972  0.52796499  0.50990059  0.54647778  0.54647778  0.50990059  0.50990059  0.47503359  0.52796499  0.47503359  0.47503359  0.50990059  0.47503359  0.47503359  0.47503359  0.44172399  0.44172399  0.42561091  0.42561091  0.42561091  0.45819286  0.44172399  0.54647778  0.54647778  0.45819286  0.58494162  0.60494388  0.54647778  0.50990059  0.54647778  0.52796499  0.56546178  0.58494162  0.52796499  0.66838574  0.60494388  0.58494162  0.58494162  0.50990059  0.56546178  0.54647778  0.54647778  0.58494162  0.56546178  0.54647778  0.49226337  0.50990059  0.58494162  0.58494162  0.58494162  0.66838574  0.44172399  0.45819286  0.50990059  0.69079164  0.64663333  0.58494162  0.54647778  0.52796499  0.66838574  0.73772972  0.56546178  0.60494388  0.66838574  0.62549737  0.47503359  0.54647778  0.52796499  0.44172399  0.58494162  0.58494162  0.52796499  0.54647778  0.54647778  0.54647778  0.45819286  0.58494162  0.73772972  0.64663333  0.71389151  0.76235504  0.60494388  0.56546178  0.62549737  0.60494388  0.58494162  0.45819286  0.50990059  0.45819286  0.52796499  0.50990059  0.49226337  0.54647778  0.73772972  0.60494388  
87_4_0     0.64663333  0.71389151  0.69079164  0.62549737  0.64663333  0.58494162  0.56546178  0.58494162  0.62549737  0.69079164  0.62549737  0.52796499  0.54647778  0.32162632  0.32162632  0.00000000  0.09601294  0.45819286  0.45819286  0.39439287  0.39439287  0.71389151  0.62549737  0.66838574  0.64663333  0.66838574  0.81418771  0.73772972  0.66838574  0.76235504  0.89938797  0.93009730  0.78782121  0.71389151  0.71389151  0.71389151  0.69079164  0.76235504  0.71389151  0.73772972  0.60494388  0.56546178  0.50990059  0.49226337  0.58494162  0.58494162  0.60494388  0.58494162  0.56546178  0.69079164  0.71389151  0.73772972  0.56546178  0.58494162  0.62549737  0.58494162  0.60494388  0.66838574  0.66838574  0.54647778  0.58494162  0.64663333  0.60494388  0.56546178  0.56546178  0.56546178  0.50990059  0.62549737  0.69079164  0.60494388  0.66838574  0.71389151  0.73772972  0.64663333  0.66838574  0.60494388  0.50990059  0.50990059  0.58494162  0.56546178  0.76235504  0.69079164  0.58494162  0.71389151  0.69079164  0.71389151  0.60494388  0.60494388  0.64663333  0.62549737  0.69079164  0.69079164  0.66838574  0.73772972  0.66838574  0.71389151  0.73772972  0.73772972  0.54647778  0.52796499  0.73772972  0.76235504  0.81418771  0.81418771  0.84152052  0.81418771  0.81418771  0.58494162  0.66838574  0.54647778  0.56546178  0.73772972  0.58494162  0.78782121  0.71389151  0.66838574  0.69079164  0.66838574  0.66838574  0.60494388  0.66838574  0.66838574  0.86989319  0.62549737  0.64663333  0.60494388  0.66838574  0.60494388  0.60494388  0.56546178  0.62549737  0.54647778  0.50990059  0.62549737  0.73772972  0.89938797  0.81418771  0.89938797  0.81418771  0.81418771  0.62549737  0.60494388  0.64663333  0.62549737  0.66838574  0.69079164  0.76235504  0.71389151  0.71389151  0.71389151  0.73772972  1.03062877  0.89938797  
87_16_0    0.62549737  0.62549737  0.66838574  0.60494388  0.58494162  0.60494388  0.54647778  0.56546178  0.60494388  0.78782121  0.62549737  0.66838574  0.60494388  0.36442912  0.36442912  0.09601294  0.00000000  0.42561091  0.42561091  0.36442912  0.36442912  0.66838574  0.58494162  0.62549737  0.62549737  0.64663333  0.76235504  0.62549737  0.60494388  0.78782121  0.86989319  0.69079164  0.71389151  0.60494388  0.60494388  0.84152052  0.76235504  0.84152052  0.66838574  0.69079164  0.58494162  0.64663333  0.58494162  0.56546178  0.66838574  0.62549737  0.60494388  0.64663333  0.66838574  0.76235504  0.78782121  0.71389151  0.66838574  0.69079164  0.69079164  0.69079164  0.56546178  0.60494388  0.60494388  0.56546178  0.64663333  0.66838574  0.62549737  0.60494388  0.62549737  0.62549737  0.56546178  0.56546178  0.62549737  0.58494162  0.64663333  0.69079164  0.66838574  0.71389151  0.69079164  0.58494162  0.47503359  0.47503359  0.52796499  0.50990059  0.69079164  0.66838574  0.60494388  0.73772972  0.71389151  0.73772972  0.62549737  0.62549737  0.69079164  0.64663333  0.66838574  0.76235504  0.66838574  0.78782121  0.73772972  0.69079164  0.81418771  0.76235504  0.58494162  0.54647778  0.78782121  0.81418771  0.81418771  0.86989319  0.89938797  0.81418771  0.81418771  0.54647778  0.58494162  0.60494388  0.62549737  0.73772972  0.60494388  0.76235504  0.73772972  0.69079164  0.73772972  0.64663333  0.66838574  0.60494388  0.66838574  0.62549737  0.86989319  0.62549737  0.64663333  0.60494388  0.66838574  0.56546178  0.56546178  0.58494162  0.56546178  0.56546178  0.52796499  0.58494162  0.78782121  0.93009730  0.89938797  0.89938797  0.86989319  0.86989319  0.60494388  0.58494162  0.62549737  0.60494388  0.60494388  0.66838574  0.71389151  0.66838574  0.69079164  0.69079164  0.71389151  0.93009730  0.86989319  
42_4_0     0.81418771  0.64663333  0.54647778  0.44172399  0.42561091  0.58494162  0.56546178  0.50990059  0.54647778  0.54647778  0.49226337  0.49226337  0.49226337  0.25533208  0.23038073  0.45819286  0.42561091  0.00000000  0.10633063  0.12740432  0.12740432  0.81418771  0.73772972  0.73772972  0.81418771  0.76235504  0.78782121  0.71389151  0.73772972  0.73772972  0.71389151  0.66838574  0.56546178  0.81418771  0.81418771  0.64663333  0.64663333  0.58494162  0.69079164  0.66838574  0.58494162  0.66838574  0.78782121  0.76235504  0.71389151  0.62549737  0.71389151  0.81418771  0.78782121  0.73772972  0.76235504  0.76235504  0.73772972  0.76235504  0.76235504  0.84152052  0.86989319  0.81418771  0.81418771  0.64663333  0.62549737  0.66838574  0.62549737  0.62549737  0.66838574  0.58494162  0.69079164  0.58494162  0.52796499  0.60494388  0.58494162  0.58494162  0.66838574  0.58494162  0.60494388  0.62549737  0.58494162  0.58494162  0.58494162  0.60494388  0.78782121  0.84152052  0.66838574  0.62549737  0.66838574  0.62549737  0.69079164  0.69079164  0.62549737  0.66838574  0.69079164  0.64663333  0.66838574  0.64663333  0.64663333  0.69079164  0.64663333  0.58494162  0.64663333  0.60494388  0.64663333  0.66838574  0.69079164  0.66838574  0.69079164  0.71389151  0.71389151  0.69079164  0.62549737  0.54647778  0.52796499  0.54647778  0.78782121  0.84152052  0.86989319  0.81418771  0.73772972  0.78782121  0.86989319  0.71389151  0.81418771  0.78782121  0.64663333  0.71389151  0.73772972  0.69079164  0.56546178  0.60494388  0.60494388  0.64663333  0.62549737  0.66838574  0.69079164  0.54647778  0.78782121  0.89938797  0.93009730  0.86989319  0.93009730  0.78782121  0.69079164  0.76235504  0.73772972  0.76235504  0.64663333  0.66838574  0.50990059  0.58494162  0.56546178  0.52796499  0.58494162  0.66838574  0.69079164  
85_4_0     0.84152052  0.62549737  0.60494388  0.47503359  0.45819286  0.62549737  0.60494388  0.58494162  0.62549737  0.58494162  0.56546178  0.49226337  0.47503359  0.32162632  0.29439756  0.45819286  0.42561091  0.10633063  0.00000000  0.16017514  0.16017514  0.73772972  0.71389151  0.66838574  0.73772972  0.78782121  0.73772972  0.76235504  0.78782121  0.76235504  0.69079164  0.78782121  0.56546178  0.76235504  0.76235504  0.66838574  0.64663333  0.62549737  0.60494388  0.62549737  0.62549737  0.66838574  0.73772972  0.71389151  0.66838574  0.66838574  0.71389151  0.76235504  0.73772972  0.73772972  0.76235504  0.71389151  0.66838574  0.64663333  0.60494388  0.73772972  0.73772972  0.69079164  0.69079164  0.64663333  0.66838574  0.66838574  0.62549737  0.58494162  0.60494388  0.60494388  0.58494162  0.66838574  0.60494388  0.69079164  0.62549737  0.62549737  0.66838574  0.69079164  0.66838574  0.64663333  0.60494388  0.60494388  0.64663333  0.66838574  0.73772972  0.69079164  0.58494162  0.60494388  0.64663333  0.56546178  0.66838574  0.58494162  0.64663333  0.64663333  0.62549737  0.56546178  0.64663333  0.66838574  0.58494162  0.54647778  0.58494162  0.52796499  0.50990059  0.47503359  0.71389151  0.66838574  0.64663333  0.62549737  0.60494388  0.66838574  0.66838574  0.69079164  0.58494162  0.54647778  0.52796499  0.60494388  0.78782121  0.89938797  0.93009730  0.81418771  0.78782121  0.96212550  0.99559096  0.81418771  0.76235504  0.84152052  0.78782121  0.69079164  0.73772972  0.69079164  0.52796499  0.58494162  0.58494162  0.62549737  0.60494388  0.60494388  0.62549737  0.58494162  0.86989319  0.86989319  0.84152052  0.73772972  0.84152052  0.76235504  0.58494162  0.64663333  0.71389151  0.69079164  0.58494162  0.64663333  0.64663333  0.73772972  0.66838574  0.58494162  0.64663333  0.64663333  0.71389151  
12_4_0     0.84152052  0.66838574  0.58494162  0.47503359  0.45819286  0.60494388  0.58494162  0.56546178  0.60494388  0.56546178  0.47503359  0.52796499  0.56546178  0.25533208  0.25533208  0.39439287  0.36442912  0.12740432  0.16017514  0.00000000  0.00000000  0.66838574  0.60494388  0.60494388  0.69079164  0.81418771  0.84152052  0.60494388  0.62549737  0.64663333  0.62549737  0.71389151  0.60494388  0.76235504  0.76235504  0.66838574  0.64663333  0.62549737  0.69079164  0.66838574  0.58494162  0.62549737  0.69079164  0.66838574  0.58494162  0.54647778  0.71389151  0.76235504  0.73772972  0.73772972  0.76235504  0.71389151  0.69079164  0.66838574  0.66838574  0.73772972  0.73772972  0.69079164  0.69079164  0.58494162  0.56546178  0.58494162  0.56546178  0.60494388  0.64663333  0.58494162  0.56546178  0.56546178  0.56546178  0.64663333  0.60494388  0.60494388  0.62549737  0.66838574  0.69079164  0.62549737  0.54647778  0.54647778  0.58494162  0.56546178  0.81418771  0.81418771  0.62549737  0.66838574  0.69079164  0.71389151  0.71389151  0.71389151  0.69079164  0.69079164  0.73772972  0.62549737  0.64663333  0.76235504  0.66838574  0.66838574  0.66838574  0.60494388  0.62549737  0.62549737  0.71389151  0.73772972  0.71389151  0.69079164  0.66838574  0.73772972  0.73772972  0.69079164  0.62549737  0.64663333  0.66838574  0.69079164  0.71389151  0.69079164  0.66838574  0.66838574  0.64663333  0.86989319  0.96212550  0.64663333  0.73772972  0.66838574  0.64663333  0.58494162  0.58494162  0.58494162  0.54647778  0.56546178  0.56546178  0.56546178  0.58494162  0.62549737  0.60494388  0.60494388  0.76235504  1.06739399  0.89938797  0.78782121  0.84152052  0.69079164  0.58494162  0.60494388  0.66838574  0.64663333  0.64663333  0.66838574  0.54647778  0.58494162  0.60494388  0.56546178  0.60494388  0.66838574  0.73772972  
48_4_0     0.84152052  0.66838574  0.58494162  0.47503359  0.45819286  0.60494388  0.58494162  0.56546178  0.60494388  0.56546178  0.47503359  0.52796499  0.56546178  0.25533208  0.25533208  0.39439287  0.36442912  0.12740432  0.16017514  0.00000000  0.00000000  0.66838574  0.60494388  0.60494388  0.69079164  0.81418771  0.84152052  0.60494388  0.62549737  0.64663333  0.62549737  0.71389151  0.60494388  0.76235504  0.76235504  0.66838574  0.64663333  0.62549737  0.69079164  0.66838574  0.58494162  0.62549737  0.69079164  0.66838574  0.58494162  0.54647778  0.71389151  0.76235504  0.73772972  0.73772972  0.76235504  0.71389151  0.69079164  0.66838574  0.66838574  0.73772972  0.73772972  0.69079164  0.69079164  0.58494162  0.56546178  0.58494162  0.56546178  0.60494388  0.64663333  0.58494162  0.56546178  0.56546178  0.56546178  0.64663333  0.60494388  0.60494388  0.62549737  0.66838574  0.69079164  0.62549737  0.54647778  0.54647778  0.58494162  0.56546178  0.81418771  0.81418771  0.62549737  0.66838574  0.69079164  0.71389151  0.71389151  0.71389151  0.69079164  0.69079164  0.73772972  0.62549737  0.64663333  0.76235504  0.66838574  0.66838574  0.66838574  0.60494388  0.62549737  0.62549737  0.71389151  0.73772972  0.71389151  0.69079164  0.66838574  0.73772972  0.73772972  0.69079164  0.62549737  0.64663333  0.66838574  0.69079164  0.71389151  0.69079164  0.66838574  0.66838574  0.64663333  0.86989319  0.96212550  0.64663333  0.73772972  0.66838574  0.64663333  0.58494162  0.58494162  0.58494162  0.54647778  0.56546178  0.56546178  0.56546178  0.58494162  0.62549737  0.60494388  0.60494388  0.76235504  1.06739399  0.89938797  0.78782121  0.84152052  0.69079164  0.58494162  0.60494388  0.66838574  0.64663333  0.64663333  0.66838574  0.54647778  0.58494162  0.60494388  0.56546178  0.60494388  0.66838574  0.73772972  
