161
13_717_0   0.00000000  0.00000000  0.04266065  0.42175837  0.49908776  0.45941045  0.46913154  0.47898243  0.49908776  0.47898243  0.50934968  0.51975634  0.50934968  0.50934968  0.56291599  0.56291599  0.54102063  0.54102063  0.53031188  0.53031188  0.45941045  0.48896662  0.46913154  0.47898243  0.48896662  0.50934968  0.48896662  0.47898243  0.44981577  0.45941045  0.44981577  0.51975634  0.50934968  0.48896662  0.48896662  0.45941045  0.54102063  0.50934968  0.46913154  0.53031188  0.51975634  0.48896662  0.48896662  0.48896662  0.46913154  0.49908776  0.49908776  0.49908776  0.46913154  0.47898243  0.44981577  0.48896662  0.48896662  0.46913154  0.43099280  0.44034426  0.45941045  0.45941045  0.47898243  0.48896662  0.48896662  0.49908776  0.48896662  0.41263810  0.41263810  0.41263810  0.42175837  0.46913154  0.47898243  0.49908776  0.49908776  0.50934968  0.51975634  0.49908776  0.50934968  0.49908776  0.53031188  0.54102063  0.51975634  0.53031188  0.55188709  0.56291599  0.46913154  0.47898243  0.53031188  0.53031188  0.51975634  0.50934968  0.51975634  0.50934968  0.47898243  0.48896662  0.57411225  0.62067779  0.65763802  0.62067779  0.63279331  0.56291599  0.55188709  0.54102063  0.51975634  0.50934968  0.53031188  0.54102063  0.48896662  0.48896662  0.45941045  0.62067779  0.62067779  0.63279331  0.60875800  0.51975634  0.40362918  0.48896662  0.48896662  0.51975634  0.49908776  0.47898243  0.44981577  0.44981577  0.48896662  0.48896662  0.49908776  0.48896662  0.46913154  0.48896662  0.48896662  0.47898243  0.51975634  0.49908776  0.45941045  0.50934968  0.46913154  0.46913154  0.45941045  0.47898243  0.54102063  0.51975634  0.44034426  0.50934968  0.55188709  0.43099280  0.43099280  0.43099280  0.43099280  0.42175837  0.44034426  0.47898243  0.53031188  0.48896662  0.57411225  0.70998748  0.70998748  0.72367650  0.72367650  0.73762431  0.62067779  0.62067779  0.65763802  0.57411225  0.57411225  
13_719_0   0.00000000  0.00000000  0.04266065  0.42175837  0.49908776  0.45941045  0.46913154  0.47898243  0.49908776  0.47898243  0.50934968  0.51975634  0.50934968  0.50934968  0.56291599  0.56291599  0.54102063  0.54102063  0.53031188  0.53031188  0.45941045  0.48896662  0.46913154  0.47898243  0.48896662  0.50934968  0.48896662  0.47898243  0.44981577  0.45941045  0.44981577  0.51975634  0.50934968  0.48896662  0.48896662  0.45941045  0.54102063  0.50934968  0.46913154  0.53031188  0.51975634  0.48896662  0.48896662  0.48896662  0.46913154  0.49908776  0.49908776  0.49908776  0.46913154  0.47898243  0.44981577  0.48896662  0.48896662  0.46913154  0.43099280  0.44034426  0.45941045  0.45941045  0.47898243  0.48896662  0.48896662  0.49908776  0.48896662  0.41263810  0.41263810  0.41263810  0.42175837  0.46913154  0.47898243  0.49908776  0.49908776  0.50934968  0.51975634  0.49908776  0.50934968  0.49908776  0.53031188  0.54102063  0.51975634  0.53031188  0.55188709  0.56291599  0.46913154  0.47898243  0.53031188  0.53031188  0.51975634  0.50934968  0.51975634  0.50934968  0.47898243  0.48896662  0.57411225  0.62067779  0.65763802  0.62067779  0.63279331  0.56291599  0.55188709  0.54102063  0.51975634  0.50934968  0.53031188  0.54102063  0.48896662  0.48896662  0.45941045  0.62067779  0.62067779  0.63279331  0.60875800  0.51975634  0.40362918  0.48896662  0.48896662  0.51975634  0.49908776  0.47898243  0.44981577  0.44981577  0.48896662  0.48896662  0.49908776  0.48896662  0.46913154  0.48896662  0.48896662  0.47898243  0.51975634  0.49908776  0.45941045  0.50934968  0.46913154  0.46913154  0.45941045  0.47898243  0.54102063  0.51975634  0.44034426  0.50934968  0.55188709  0.43099280  0.43099280  0.43099280  0.43099280  0.42175837  0.44034426  0.47898243  0.53031188  0.48896662  0.57411225  0.70998748  0.70998748  0.72367650  0.72367650  0.73762431  0.62067779  0.62067779  0.65763802  0.57411225  0.57411225  
13_715_0   0.04266065  0.04266065  0.00000000  0.38593478  0.45941045  0.44034426  0.44981577  0.45941045  0.47898243  0.45941045  0.50934968  0.51975634  0.50934968  0.50934968  0.54102063  0.54102063  0.51975634  0.51975634  0.50934968  0.50934968  0.44034426  0.46913154  0.41263810  0.44034426  0.44981577  0.46913154  0.48896662  0.47898243  0.46913154  0.45941045  0.44981577  0.54102063  0.51975634  0.51975634  0.48896662  0.44034426  0.55188709  0.51975634  0.48896662  0.53031188  0.51975634  0.48896662  0.48896662  0.50934968  0.46913154  0.49908776  0.47898243  0.49908776  0.44981577  0.47898243  0.44981577  0.46913154  0.46913154  0.44981577  0.41263810  0.40362918  0.42175837  0.44034426  0.44034426  0.47898243  0.44981577  0.45941045  0.44981577  0.37724421  0.39472894  0.39472894  0.40362918  0.45941045  0.46913154  0.54102063  0.54102063  0.55188709  0.55188709  0.54102063  0.55188709  0.51975634  0.53031188  0.54102063  0.51975634  0.51975634  0.56291599  0.56291599  0.49908776  0.50934968  0.51975634  0.51975634  0.56291599  0.55188709  0.56291599  0.55188709  0.48896662  0.49908776  0.57411225  0.63279331  0.64511110  0.62067779  0.60875800  0.53031188  0.55188709  0.50934968  0.50934968  0.49908776  0.51975634  0.53031188  0.47898243  0.48896662  0.45941045  0.59702772  0.59702772  0.62067779  0.59702772  0.51975634  0.40362918  0.48896662  0.48896662  0.49908776  0.47898243  0.44981577  0.42175837  0.42175837  0.48896662  0.47898243  0.47898243  0.46913154  0.44981577  0.46913154  0.46913154  0.45941045  0.47898243  0.49908776  0.44981577  0.50934968  0.47898243  0.47898243  0.48896662  0.48896662  0.53031188  0.49908776  0.42175837  0.47898243  0.56291599  0.44034426  0.44034426  0.44034426  0.44034426  0.43099280  0.43099280  0.45941045  0.54102063  0.46913154  0.55188709  0.68334857  0.68334857  0.78112316  0.75184088  0.76633677  0.64511110  0.64511110  0.68334857  0.51975634  0.51975634  
13_591_0   0.42175837  0.42175837  0.38593478  0.00000000  0.22199429  0.24329959  0.23612925  0.28023534  0.29554340  0.28023534  0.32714659  0.31911799  0.31117580  0.28784967  0.32714659  0.32714659  0.31117580  0.32714659  0.32714659  0.34347075  0.28784967  0.28023534  0.30331820  0.32714659  0.33526353  0.30331820  0.35177029  0.34347075  0.36016425  0.34347075  0.33526353  0.38593478  0.36865481  0.38593478  0.35177029  0.33526353  0.42175837  0.43099280  0.41263810  0.41263810  0.39472894  0.41263810  0.41263810  0.39472894  0.36865481  0.35177029  0.35177029  0.37724421  0.32714659  0.30331820  0.30331820  0.32714659  0.32714659  0.32714659  0.34347075  0.31117580  0.31911799  0.31911799  0.33526353  0.34347075  0.38593478  0.37724421  0.36865481  0.35177029  0.37724421  0.33526353  0.31911799  0.36865481  0.40362918  0.36865481  0.38593478  0.40362918  0.38593478  0.38593478  0.39472894  0.36016425  0.39472894  0.38593478  0.42175837  0.37724421  0.43099280  0.39472894  0.60875800  0.59702772  0.55188709  0.55188709  0.50934968  0.54102063  0.53031188  0.51975634  0.56291599  0.58548102  0.67038131  0.62067779  0.60875800  0.64511110  0.62067779  0.59702772  0.62067779  0.55188709  0.64511110  0.63279331  0.62067779  0.57411225  0.57411225  0.48896662  0.47898243  0.62067779  0.59702772  0.60875800  0.60875800  0.50934968  0.43099280  0.49908776  0.47898243  0.50934968  0.51975634  0.40362918  0.42175837  0.42175837  0.42175837  0.44034426  0.42175837  0.43099280  0.44034426  0.42175837  0.42175837  0.41263810  0.42175837  0.44034426  0.42175837  0.42175837  0.50934968  0.50934968  0.51975634  0.49908776  0.53031188  0.43099280  0.43099280  0.44981577  0.49908776  0.44034426  0.44034426  0.42175837  0.44034426  0.43099280  0.44981577  0.49908776  0.51975634  0.43099280  0.48896662  0.70998748  0.70998748  0.79621196  0.78112316  0.78112316  0.70998748  0.72367650  0.72367650  0.55188709  0.55188709  
13_589_0   0.49908776  0.49908776  0.45941045  0.22199429  0.00000000  0.25054030  0.24329959  0.21502708  0.21502708  0.21502708  0.26523844  0.27269879  0.26523844  0.26523844  0.27269879  0.27269879  0.23612925  0.26523844  0.27269879  0.25785277  0.22902792  0.23612925  0.35177029  0.36865481  0.36016425  0.36016425  0.29554340  0.30331820  0.31117580  0.28784967  0.31117580  0.32714659  0.30331820  0.38593478  0.31911799  0.36865481  0.33526353  0.32714659  0.34347075  0.33526353  0.31117580  0.31117580  0.31117580  0.32714659  0.35177029  0.35177029  0.36016425  0.39472894  0.34347075  0.32714659  0.33526353  0.32714659  0.32714659  0.31911799  0.31117580  0.36016425  0.35177029  0.32714659  0.34347075  0.37724421  0.37724421  0.35177029  0.36016425  0.32714659  0.31911799  0.33526353  0.33526353  0.44034426  0.46913154  0.37724421  0.39472894  0.40362918  0.40362918  0.39472894  0.40362918  0.42175837  0.42175837  0.44981577  0.42175837  0.39472894  0.46913154  0.43099280  0.51975634  0.53031188  0.47898243  0.47898243  0.48896662  0.45941045  0.46913154  0.47898243  0.45941045  0.47898243  0.56291599  0.62067779  0.58548102  0.58548102  0.57411225  0.57411225  0.51975634  0.58548102  0.55188709  0.55188709  0.56291599  0.47898243  0.47898243  0.56291599  0.59702772  0.65763802  0.63279331  0.72367650  0.67038131  0.56291599  0.48896662  0.53031188  0.57411225  0.47898243  0.48896662  0.44034426  0.46913154  0.46913154  0.42175837  0.41263810  0.40362918  0.42175837  0.41263810  0.40362918  0.40362918  0.39472894  0.40362918  0.38593478  0.43099280  0.47898243  0.48896662  0.48896662  0.49908776  0.47898243  0.51975634  0.44981577  0.45941045  0.50934968  0.48896662  0.50934968  0.50934968  0.50934968  0.53031188  0.51975634  0.53031188  0.54102063  0.46913154  0.46913154  0.47898243  0.76633677  0.76633677  0.81161578  0.79621196  0.73762431  0.76633677  0.75184088  0.75184088  0.43099280  0.43099280  
3_452_0    0.45941045  0.45941045  0.44034426  0.24329959  0.25054030  0.00000000  0.01043615  0.07063305  0.08212586  0.08212586  0.24329959  0.25054030  0.24329959  0.23612925  0.22902792  0.22902792  0.23612925  0.24329959  0.23612925  0.25785277  0.19451169  0.19451169  0.29554340  0.28023534  0.27269879  0.28023534  0.25785277  0.26523844  0.28784967  0.28023534  0.29554340  0.33526353  0.32714659  0.31911799  0.37724421  0.34347075  0.36016425  0.35177029  0.33526353  0.34347075  0.32714659  0.34347075  0.34347075  0.34347075  0.31911799  0.35177029  0.38593478  0.44034426  0.36865481  0.35177029  0.35177029  0.34347075  0.34347075  0.32714659  0.36865481  0.35177029  0.34347075  0.37724421  0.39472894  0.36865481  0.32714659  0.31911799  0.32714659  0.31117580  0.31911799  0.31911799  0.31117580  0.36865481  0.35177029  0.40362918  0.42175837  0.43099280  0.45941045  0.42175837  0.43099280  0.44981577  0.43099280  0.41263810  0.39472894  0.45941045  0.51975634  0.45941045  0.58548102  0.57411225  0.51975634  0.51975634  0.59702772  0.58548102  0.57411225  0.58548102  0.51975634  0.51975634  0.56291599  0.64511110  0.53031188  0.58548102  0.55188709  0.55188709  0.58548102  0.49908776  0.54102063  0.51975634  0.53031188  0.54102063  0.49908776  0.47898243  0.46913154  0.62067779  0.62067779  0.60875800  0.63279331  0.51975634  0.45941045  0.53031188  0.53031188  0.48896662  0.49908776  0.46913154  0.46913154  0.46913154  0.47898243  0.45941045  0.45941045  0.46913154  0.45941045  0.43099280  0.43099280  0.43099280  0.47898243  0.45941045  0.46913154  0.46913154  0.47898243  0.47898243  0.46913154  0.48896662  0.57411225  0.45941045  0.44034426  0.51975634  0.49908776  0.45941045  0.45941045  0.45941045  0.47898243  0.46913154  0.48896662  0.55188709  0.54102063  0.46913154  0.55188709  0.81161578  0.81161578  0.87666364  0.85985619  0.82734805  0.76633677  0.75184088  0.79621196  0.51975634  0.51975634  
3_491_0    0.46913154  0.46913154  0.44981577  0.23612925  0.24329959  0.01043615  0.00000000  0.07063305  0.08212586  0.08212586  0.25054030  0.25785277  0.25054030  0.24329959  0.23612925  0.23612925  0.24329959  0.25054030  0.24329959  0.26523844  0.20128697  0.20128697  0.30331820  0.28784967  0.28023534  0.28784967  0.25054030  0.25785277  0.29554340  0.28784967  0.30331820  0.34347075  0.33526353  0.32714659  0.38593478  0.35177029  0.36865481  0.36016425  0.34347075  0.35177029  0.33526353  0.35177029  0.35177029  0.35177029  0.32714659  0.34347075  0.39472894  0.44981577  0.37724421  0.36016425  0.36016425  0.35177029  0.35177029  0.33526353  0.37724421  0.36016425  0.35177029  0.38593478  0.40362918  0.37724421  0.33526353  0.32714659  0.33526353  0.31911799  0.32714659  0.32714659  0.31911799  0.37724421  0.36016425  0.39472894  0.41263810  0.42175837  0.44981577  0.41263810  0.42175837  0.44034426  0.42175837  0.40362918  0.38593478  0.46913154  0.53031188  0.46913154  0.59702772  0.58548102  0.53031188  0.53031188  0.58548102  0.57411225  0.56291599  0.57411225  0.50934968  0.50934968  0.57411225  0.63279331  0.54102063  0.57411225  0.54102063  0.54102063  0.59702772  0.50934968  0.55188709  0.53031188  0.54102063  0.55188709  0.50934968  0.48896662  0.47898243  0.64511110  0.64511110  0.63279331  0.65763802  0.53031188  0.46913154  0.54102063  0.54102063  0.49908776  0.50934968  0.47898243  0.47898243  0.47898243  0.48896662  0.46913154  0.46913154  0.47898243  0.46913154  0.44034426  0.44034426  0.44034426  0.48896662  0.46913154  0.47898243  0.47898243  0.48896662  0.48896662  0.47898243  0.49908776  0.58548102  0.46913154  0.44981577  0.53031188  0.48896662  0.44981577  0.44981577  0.44981577  0.46913154  0.45941045  0.47898243  0.54102063  0.53031188  0.45941045  0.54102063  0.82734805  0.82734805  0.85985619  0.84342310  0.81161578  0.78112316  0.76633677  0.81161578  0.50934968  0.50934968  
1_452_0    0.47898243  0.47898243  0.45941045  0.28023534  0.21502708  0.07063305  0.07063305  0.00000000  0.01043615  0.01043615  0.24329959  0.25054030  0.24329959  0.23612925  0.20128697  0.20128697  0.22199429  0.24329959  0.25054030  0.24329959  0.20128697  0.18779806  0.29554340  0.30331820  0.29554340  0.30331820  0.27269879  0.28023534  0.26523844  0.24329959  0.28784967  0.29554340  0.27269879  0.31117580  0.35177029  0.35177029  0.33526353  0.31117580  0.31117580  0.32714659  0.33526353  0.31911799  0.31911799  0.31911799  0.31911799  0.36865481  0.34347075  0.39472894  0.34347075  0.33526353  0.33526353  0.32714659  0.32714659  0.32714659  0.33526353  0.33526353  0.32714659  0.34347075  0.34347075  0.36865481  0.30331820  0.29554340  0.30331820  0.28784967  0.29554340  0.33526353  0.34347075  0.40362918  0.39472894  0.42175837  0.44034426  0.43099280  0.49908776  0.44034426  0.44981577  0.44981577  0.44981577  0.44981577  0.39472894  0.49908776  0.51975634  0.45941045  0.53031188  0.54102063  0.46913154  0.46913154  0.54102063  0.53031188  0.54102063  0.55188709  0.47898243  0.49908776  0.58548102  0.58548102  0.57411225  0.57411225  0.56291599  0.59702772  0.49908776  0.50934968  0.56291599  0.54102063  0.55188709  0.49908776  0.48896662  0.50934968  0.49908776  0.59702772  0.59702772  0.60875800  0.63279331  0.50934968  0.46913154  0.48896662  0.50934968  0.44981577  0.45941045  0.44981577  0.46913154  0.46913154  0.43099280  0.42175837  0.42175837  0.43099280  0.44034426  0.40362918  0.40362918  0.40362918  0.42175837  0.40362918  0.43099280  0.42175837  0.46913154  0.46913154  0.45941045  0.47898243  0.50934968  0.45941045  0.44034426  0.50934968  0.50934968  0.47898243  0.49908776  0.50934968  0.50934968  0.49908776  0.55188709  0.59702772  0.49908776  0.48896662  0.50934968  0.81161578  0.81161578  0.84342310  0.82734805  0.81161578  0.75184088  0.73762431  0.72367650  0.49908776  0.49908776  
11_490_0   0.49908776  0.49908776  0.47898243  0.29554340  0.21502708  0.08212586  0.08212586  0.01043615  0.00000000  0.01043615  0.25785277  0.26523844  0.25785277  0.25054030  0.21502708  0.21502708  0.22902792  0.25785277  0.26523844  0.24329959  0.21502708  0.20128697  0.31117580  0.31911799  0.31117580  0.31911799  0.28784967  0.29554340  0.26523844  0.24329959  0.28784967  0.29554340  0.27269879  0.31117580  0.35177029  0.35177029  0.33526353  0.31117580  0.31117580  0.32714659  0.33526353  0.31911799  0.31911799  0.31911799  0.33526353  0.38593478  0.36016425  0.41263810  0.36016425  0.35177029  0.35177029  0.34347075  0.34347075  0.34347075  0.35177029  0.35177029  0.34347075  0.36016425  0.36016425  0.38593478  0.31911799  0.31117580  0.31911799  0.30331820  0.31117580  0.35177029  0.36016425  0.42175837  0.41263810  0.42175837  0.44034426  0.43099280  0.51975634  0.44034426  0.44981577  0.44981577  0.44981577  0.44981577  0.39472894  0.49908776  0.51975634  0.45941045  0.53031188  0.54102063  0.46913154  0.46913154  0.54102063  0.53031188  0.54102063  0.55188709  0.47898243  0.49908776  0.58548102  0.60875800  0.59702772  0.59702772  0.58548102  0.59702772  0.49908776  0.53031188  0.56291599  0.54102063  0.57411225  0.49908776  0.48896662  0.50934968  0.51975634  0.62067779  0.62067779  0.63279331  0.65763802  0.53031188  0.48896662  0.46913154  0.50934968  0.44981577  0.45941045  0.44981577  0.46913154  0.46913154  0.43099280  0.42175837  0.42175837  0.43099280  0.44034426  0.40362918  0.40362918  0.40362918  0.42175837  0.40362918  0.43099280  0.42175837  0.46913154  0.46913154  0.45941045  0.47898243  0.50934968  0.45941045  0.44034426  0.50934968  0.50934968  0.47898243  0.49908776  0.50934968  0.50934968  0.49908776  0.55188709  0.59702772  0.49908776  0.48896662  0.50934968  0.81161578  0.81161578  0.84342310  0.82734805  0.81161578  0.75184088  0.73762431  0.72367650  0.49908776  0.49908776  
11_452_0   0.47898243  0.47898243  0.45941045  0.28023534  0.21502708  0.08212586  0.08212586  0.01043615  0.01043615  0.00000000  0.25785277  0.26523844  0.25785277  0.25054030  0.21502708  0.21502708  0.22902792  0.25785277  0.26523844  0.24329959  0.21502708  0.20128697  0.29554340  0.31911799  0.31117580  0.31911799  0.28784967  0.29554340  0.26523844  0.24329959  0.28784967  0.29554340  0.27269879  0.31117580  0.35177029  0.35177029  0.33526353  0.31117580  0.31117580  0.32714659  0.33526353  0.31911799  0.31911799  0.31911799  0.33526353  0.38593478  0.36016425  0.41263810  0.36016425  0.35177029  0.35177029  0.34347075  0.34347075  0.34347075  0.35177029  0.35177029  0.34347075  0.36016425  0.36016425  0.38593478  0.31911799  0.31117580  0.31911799  0.30331820  0.31117580  0.35177029  0.36016425  0.42175837  0.41263810  0.40362918  0.42175837  0.41263810  0.49908776  0.42175837  0.43099280  0.43099280  0.43099280  0.43099280  0.37724421  0.47898243  0.49908776  0.44034426  0.50934968  0.51975634  0.44981577  0.44981577  0.51975634  0.50934968  0.51975634  0.53031188  0.45941045  0.47898243  0.58548102  0.58548102  0.59702772  0.57411225  0.56291599  0.57411225  0.47898243  0.53031188  0.56291599  0.54102063  0.57411225  0.49908776  0.48896662  0.48896662  0.49908776  0.59702772  0.59702772  0.60875800  0.63279331  0.50934968  0.46913154  0.48896662  0.48896662  0.43099280  0.44034426  0.44034426  0.45941045  0.45941045  0.43099280  0.40362918  0.40362918  0.41263810  0.42175837  0.38593478  0.38593478  0.38593478  0.42175837  0.40362918  0.41263810  0.40362918  0.44981577  0.44981577  0.44034426  0.45941045  0.48896662  0.44034426  0.42175837  0.48896662  0.50934968  0.45941045  0.47898243  0.48896662  0.48896662  0.47898243  0.53031188  0.57411225  0.49908776  0.46913154  0.48896662  0.78112316  0.78112316  0.84342310  0.82734805  0.81161578  0.75184088  0.73762431  0.72367650  0.49908776  0.49908776  
3_474_0    0.50934968  0.50934968  0.50934968  0.32714659  0.26523844  0.24329959  0.25054030  0.24329959  0.25785277  0.25785277  0.00000000  0.02637249  0.02102204  0.09970787  0.11166636  0.11166636  0.10566289  0.11771909  0.11771909  0.08212586  0.15511678  0.11166636  0.27269879  0.22902792  0.22902792  0.22902792  0.28023534  0.28784967  0.28784967  0.28023534  0.31911799  0.31911799  0.31117580  0.34347075  0.34347075  0.35177029  0.35177029  0.34347075  0.30331820  0.34347075  0.31911799  0.33526353  0.33526353  0.31911799  0.31911799  0.36865481  0.32714659  0.34347075  0.31911799  0.31117580  0.30331820  0.28784967  0.28784967  0.30331820  0.32714659  0.35177029  0.35177029  0.31911799  0.31117580  0.32714659  0.28784967  0.25785277  0.25785277  0.28023534  0.27269879  0.28784967  0.28784967  0.40362918  0.39472894  0.41263810  0.42175837  0.42175837  0.44981577  0.42175837  0.43099280  0.43099280  0.43099280  0.44034426  0.42175837  0.46913154  0.53031188  0.40362918  0.54102063  0.55188709  0.53031188  0.53031188  0.48896662  0.46913154  0.47898243  0.47898243  0.48896662  0.48896662  0.53031188  0.67038131  0.57411225  0.63279331  0.59702772  0.60875800  0.47898243  0.48896662  0.51975634  0.53031188  0.53031188  0.49908776  0.46913154  0.49908776  0.48896662  0.63279331  0.63279331  0.62067779  0.62067779  0.51975634  0.47898243  0.56291599  0.58548102  0.43099280  0.44034426  0.44981577  0.44034426  0.44034426  0.45941045  0.44981577  0.43099280  0.44981577  0.44981577  0.44981577  0.44981577  0.44034426  0.44981577  0.41263810  0.44981577  0.45941045  0.44981577  0.44981577  0.45941045  0.42175837  0.47898243  0.43099280  0.44981577  0.47898243  0.55188709  0.50934968  0.53031188  0.51975634  0.50934968  0.50934968  0.56291599  0.54102063  0.55188709  0.51975634  0.62067779  0.81161578  0.81161578  0.82734805  0.81161578  0.76633677  0.81161578  0.79621196  0.78112316  0.51975634  0.51975634  
3_500_0    0.51975634  0.51975634  0.51975634  0.31911799  0.27269879  0.25054030  0.25785277  0.25054030  0.26523844  0.26523844  0.02637249  0.00000000  0.00519963  0.09380052  0.10566289  0.10566289  0.09970787  0.11166636  0.11771909  0.07635708  0.16153825  0.11771909  0.28023534  0.24329959  0.24329959  0.24329959  0.28023534  0.28784967  0.30331820  0.29554340  0.31117580  0.32714659  0.31911799  0.33526353  0.35177029  0.36016425  0.34347075  0.35177029  0.31117580  0.35177029  0.31117580  0.34347075  0.34347075  0.32714659  0.32714659  0.37724421  0.32714659  0.34347075  0.31911799  0.31911799  0.31117580  0.29554340  0.29554340  0.31117580  0.33526353  0.36016425  0.36016425  0.32714659  0.31911799  0.33526353  0.28023534  0.25054030  0.25054030  0.28784967  0.28784967  0.28023534  0.28023534  0.40362918  0.39472894  0.41263810  0.42175837  0.42175837  0.44981577  0.42175837  0.43099280  0.43099280  0.43099280  0.44034426  0.42175837  0.47898243  0.53031188  0.41263810  0.51975634  0.53031188  0.50934968  0.50934968  0.44981577  0.43099280  0.44034426  0.44034426  0.47898243  0.47898243  0.54102063  0.63279331  0.56291599  0.60875800  0.57411225  0.58548102  0.44034426  0.46913154  0.49908776  0.50934968  0.48896662  0.47898243  0.46913154  0.51975634  0.50934968  0.63279331  0.63279331  0.62067779  0.62067779  0.54102063  0.48896662  0.55188709  0.57411225  0.44034426  0.44981577  0.45941045  0.44981577  0.44981577  0.46913154  0.45941045  0.44034426  0.45941045  0.45941045  0.45941045  0.45941045  0.44981577  0.44034426  0.42175837  0.45941045  0.46913154  0.45941045  0.45941045  0.46913154  0.43099280  0.48896662  0.44981577  0.45941045  0.48896662  0.56291599  0.51975634  0.54102063  0.53031188  0.53031188  0.51975634  0.55188709  0.56291599  0.54102063  0.50934968  0.58548102  0.78112316  0.78112316  0.79621196  0.78112316  0.73762431  0.78112316  0.76633677  0.75184088  0.54102063  0.54102063  
3_498_0    0.50934968  0.50934968  0.50934968  0.31117580  0.26523844  0.24329959  0.25054030  0.24329959  0.25785277  0.25785277  0.02102204  0.00519963  0.00000000  0.08794010  0.09970787  0.09970787  0.09380052  0.10566289  0.11166636  0.07063305  0.15511678  0.11166636  0.27269879  0.23612925  0.23612925  0.23612925  0.28784967  0.29554340  0.29554340  0.28784967  0.31911799  0.31911799  0.31117580  0.32714659  0.34347075  0.35177029  0.33526353  0.34347075  0.30331820  0.34347075  0.30331820  0.33526353  0.33526353  0.31911799  0.31911799  0.36865481  0.31911799  0.33526353  0.31117580  0.31117580  0.30331820  0.28784967  0.28784967  0.30331820  0.32714659  0.35177029  0.35177029  0.31911799  0.31117580  0.32714659  0.28784967  0.25785277  0.25785277  0.28023534  0.28023534  0.28784967  0.28784967  0.40362918  0.39472894  0.40362918  0.41263810  0.41263810  0.44034426  0.41263810  0.42175837  0.42175837  0.42175837  0.43099280  0.41263810  0.46913154  0.51975634  0.40362918  0.53031188  0.54102063  0.51975634  0.51975634  0.45941045  0.44034426  0.44981577  0.44981577  0.48896662  0.48896662  0.53031188  0.63279331  0.56291599  0.60875800  0.57411225  0.57411225  0.44981577  0.45941045  0.48896662  0.49908776  0.49908776  0.46913154  0.45941045  0.50934968  0.49908776  0.64511110  0.64511110  0.63279331  0.63279331  0.53031188  0.47898243  0.56291599  0.58548102  0.43099280  0.44034426  0.44981577  0.44034426  0.44034426  0.45941045  0.44981577  0.43099280  0.44981577  0.44981577  0.44981577  0.44981577  0.44034426  0.43099280  0.41263810  0.44981577  0.45941045  0.44981577  0.44981577  0.45941045  0.42175837  0.47898243  0.44034426  0.44981577  0.47898243  0.55188709  0.50934968  0.53031188  0.51975634  0.51975634  0.50934968  0.56291599  0.55188709  0.55188709  0.49908776  0.59702772  0.78112316  0.78112316  0.79621196  0.78112316  0.73762431  0.78112316  0.76633677  0.75184088  0.53031188  0.53031188  
3_492_0    0.50934968  0.50934968  0.50934968  0.28784967  0.26523844  0.23612925  0.24329959  0.23612925  0.25054030  0.25054030  0.09970787  0.09380052  0.08794010  0.00000000  0.09970787  0.09970787  0.12997557  0.11771909  0.12382188  0.11771909  0.15511678  0.13618102  0.29554340  0.27269879  0.27269879  0.27269879  0.31117580  0.31911799  0.27269879  0.26523844  0.28784967  0.29554340  0.27269879  0.29554340  0.34347075  0.36865481  0.32714659  0.35177029  0.32714659  0.34347075  0.32714659  0.34347075  0.34347075  0.34347075  0.28784967  0.34347075  0.30331820  0.33526353  0.31117580  0.29554340  0.28784967  0.28784967  0.28784967  0.28784967  0.31117580  0.33526353  0.33526353  0.30331820  0.29554340  0.31117580  0.28023534  0.27269879  0.27269879  0.27269879  0.28784967  0.28784967  0.27269879  0.43099280  0.42175837  0.41263810  0.42175837  0.43099280  0.42175837  0.42175837  0.43099280  0.41263810  0.46913154  0.47898243  0.45941045  0.44981577  0.48896662  0.44034426  0.51975634  0.50934968  0.49908776  0.49908776  0.47898243  0.49908776  0.48896662  0.48896662  0.50934968  0.50934968  0.58548102  0.60875800  0.58548102  0.59702772  0.58548102  0.55188709  0.51975634  0.48896662  0.50934968  0.51975634  0.49908776  0.51975634  0.53031188  0.54102063  0.53031188  0.67038131  0.67038131  0.68334857  0.65763802  0.56291599  0.47898243  0.62067779  0.59702772  0.45941045  0.46913154  0.45941045  0.44981577  0.44981577  0.44981577  0.45941045  0.44034426  0.45941045  0.46913154  0.45941045  0.45941045  0.46913154  0.45941045  0.45941045  0.45941045  0.48896662  0.48896662  0.48896662  0.49908776  0.47898243  0.53031188  0.44981577  0.47898243  0.47898243  0.54102063  0.47898243  0.49908776  0.48896662  0.48896662  0.47898243  0.56291599  0.56291599  0.55188709  0.49908776  0.57411225  0.82734805  0.82734805  0.91147267  0.85985619  0.87666364  0.81161578  0.82734805  0.84342310  0.56291599  0.56291599  
11_487_0   0.56291599  0.56291599  0.54102063  0.32714659  0.27269879  0.22902792  0.23612925  0.20128697  0.21502708  0.21502708  0.11166636  0.10566289  0.09970787  0.09970787  0.00000000  0.00000000  0.07063305  0.05931652  0.07635708  0.08212586  0.14243909  0.12382188  0.28784967  0.28784967  0.28784967  0.28784967  0.27269879  0.28023534  0.28784967  0.26523844  0.30331820  0.31117580  0.28784967  0.34347075  0.34347075  0.35177029  0.31117580  0.30331820  0.29554340  0.31911799  0.31117580  0.29554340  0.29554340  0.31117580  0.29554340  0.36865481  0.31911799  0.36865481  0.31117580  0.31117580  0.30331820  0.27269879  0.27269879  0.30331820  0.32714659  0.33526353  0.33526353  0.31911799  0.31117580  0.33526353  0.25785277  0.24329959  0.24329959  0.25054030  0.26523844  0.28784967  0.28784967  0.43099280  0.40362918  0.44034426  0.44981577  0.44034426  0.46913154  0.44981577  0.45941045  0.44034426  0.45941045  0.46913154  0.43099280  0.50934968  0.54102063  0.45941045  0.55188709  0.56291599  0.47898243  0.47898243  0.49908776  0.51975634  0.53031188  0.53031188  0.54102063  0.54102063  0.55188709  0.63279331  0.56291599  0.63279331  0.62067779  0.62067779  0.49908776  0.45941045  0.57411225  0.58548102  0.58548102  0.53031188  0.51975634  0.54102063  0.53031188  0.68334857  0.68334857  0.67038131  0.69654781  0.58548102  0.54102063  0.59702772  0.55188709  0.45941045  0.46913154  0.47898243  0.48896662  0.48896662  0.46913154  0.49908776  0.47898243  0.48896662  0.50934968  0.45941045  0.45941045  0.45941045  0.46913154  0.44981577  0.45941045  0.46913154  0.49908776  0.49908776  0.50934968  0.48896662  0.53031188  0.46913154  0.51975634  0.55188709  0.56291599  0.50934968  0.53031188  0.51975634  0.51975634  0.50934968  0.59702772  0.57411225  0.53031188  0.53031188  0.56291599  0.85985619  0.85985619  0.91147267  0.89386290  0.87666364  0.87666364  0.85985619  0.81161578  0.53031188  0.53031188  
1_487_0    0.56291599  0.56291599  0.54102063  0.32714659  0.27269879  0.22902792  0.23612925  0.20128697  0.21502708  0.21502708  0.11166636  0.10566289  0.09970787  0.09970787  0.00000000  0.00000000  0.07063305  0.05931652  0.07635708  0.08212586  0.14243909  0.12382188  0.28784967  0.28784967  0.28784967  0.28784967  0.27269879  0.28023534  0.28784967  0.26523844  0.30331820  0.31117580  0.28784967  0.34347075  0.34347075  0.35177029  0.31117580  0.30331820  0.29554340  0.31911799  0.31117580  0.29554340  0.29554340  0.31117580  0.29554340  0.36865481  0.31911799  0.36865481  0.31117580  0.31117580  0.30331820  0.27269879  0.27269879  0.30331820  0.32714659  0.33526353  0.33526353  0.31911799  0.31117580  0.33526353  0.25785277  0.24329959  0.24329959  0.25054030  0.26523844  0.28784967  0.28784967  0.43099280  0.40362918  0.44034426  0.44981577  0.44034426  0.46913154  0.44981577  0.45941045  0.44034426  0.45941045  0.46913154  0.43099280  0.50934968  0.54102063  0.45941045  0.55188709  0.56291599  0.47898243  0.47898243  0.49908776  0.51975634  0.53031188  0.53031188  0.54102063  0.54102063  0.55188709  0.63279331  0.56291599  0.63279331  0.62067779  0.62067779  0.49908776  0.45941045  0.57411225  0.58548102  0.58548102  0.53031188  0.51975634  0.54102063  0.53031188  0.68334857  0.68334857  0.67038131  0.69654781  0.58548102  0.54102063  0.59702772  0.55188709  0.45941045  0.46913154  0.47898243  0.48896662  0.48896662  0.46913154  0.49908776  0.47898243  0.48896662  0.50934968  0.45941045  0.45941045  0.45941045  0.46913154  0.44981577  0.45941045  0.46913154  0.49908776  0.49908776  0.50934968  0.48896662  0.53031188  0.46913154  0.51975634  0.55188709  0.56291599  0.50934968  0.53031188  0.51975634  0.51975634  0.50934968  0.59702772  0.57411225  0.53031188  0.53031188  0.56291599  0.85985619  0.85985619  0.91147267  0.89386290  0.87666364  0.87666364  0.85985619  0.81161578  0.53031188  0.53031188  
11_489_0   0.54102063  0.54102063  0.51975634  0.31117580  0.23612925  0.23612925  0.24329959  0.22199429  0.22902792  0.22902792  0.10566289  0.09970787  0.09380052  0.12997557  0.07063305  0.07063305  0.00000000  0.06495309  0.05931652  0.08212586  0.16153825  0.10566289  0.31911799  0.27269879  0.27269879  0.27269879  0.27269879  0.28023534  0.28023534  0.27269879  0.28023534  0.30331820  0.29554340  0.33526353  0.35177029  0.36016425  0.33526353  0.32714659  0.31911799  0.32714659  0.30331820  0.31911799  0.31911799  0.33526353  0.31117580  0.37724421  0.32714659  0.37724421  0.31911799  0.31911799  0.31117580  0.29554340  0.29554340  0.31117580  0.33526353  0.31911799  0.31911799  0.31117580  0.31911799  0.34347075  0.28023534  0.26523844  0.26523844  0.27269879  0.27269879  0.28784967  0.28784967  0.44981577  0.40362918  0.41263810  0.42175837  0.44981577  0.44981577  0.42175837  0.43099280  0.43099280  0.43099280  0.45941045  0.42175837  0.43099280  0.47898243  0.40362918  0.54102063  0.55188709  0.48896662  0.48896662  0.48896662  0.48896662  0.49908776  0.49908776  0.46913154  0.46913154  0.50934968  0.60875800  0.56291599  0.60875800  0.57411225  0.59702772  0.44034426  0.45941045  0.51975634  0.53031188  0.54102063  0.49908776  0.46913154  0.51975634  0.51975634  0.68334857  0.68334857  0.69654781  0.67038131  0.53031188  0.49908776  0.56291599  0.51975634  0.44981577  0.45941045  0.44981577  0.44034426  0.44034426  0.42175837  0.44981577  0.43099280  0.44034426  0.44034426  0.45941045  0.45941045  0.45941045  0.44981577  0.43099280  0.41263810  0.42175837  0.46913154  0.46913154  0.47898243  0.45941045  0.45941045  0.44034426  0.44981577  0.49908776  0.53031188  0.49908776  0.51975634  0.50934968  0.50934968  0.49908776  0.56291599  0.56291599  0.54102063  0.54102063  0.59702772  0.84342310  0.84342310  0.89386290  0.87666364  0.82734805  0.89386290  0.87666364  0.79621196  0.53031188  0.53031188  
1_486_0    0.54102063  0.54102063  0.51975634  0.32714659  0.26523844  0.24329959  0.25054030  0.24329959  0.25785277  0.25785277  0.11771909  0.11166636  0.10566289  0.11771909  0.05931652  0.05931652  0.06495309  0.00000000  0.01571011  0.07635708  0.17455134  0.14243909  0.27269879  0.28023534  0.28023534  0.27269879  0.27269879  0.28023534  0.29554340  0.27269879  0.31117580  0.32714659  0.30331820  0.35177029  0.31911799  0.31117580  0.27269879  0.28023534  0.27269879  0.30331820  0.27269879  0.27269879  0.27269879  0.28784967  0.28023534  0.36016425  0.31117580  0.36016425  0.30331820  0.30331820  0.29554340  0.28023534  0.28023534  0.29554340  0.30331820  0.36016425  0.36016425  0.32714659  0.31911799  0.32714659  0.26523844  0.25054030  0.25054030  0.25785277  0.27269879  0.31911799  0.30331820  0.46913154  0.42175837  0.44981577  0.45941045  0.44981577  0.45941045  0.45941045  0.46913154  0.46913154  0.46913154  0.49908776  0.44034426  0.45941045  0.50934968  0.43099280  0.56291599  0.55188709  0.50934968  0.50934968  0.48896662  0.50934968  0.49908776  0.49908776  0.49908776  0.49908776  0.50934968  0.62067779  0.53031188  0.55188709  0.54102063  0.59702772  0.44981577  0.43099280  0.56291599  0.57411225  0.55188709  0.51975634  0.48896662  0.50934968  0.49908776  0.67038131  0.64511110  0.65763802  0.68334857  0.54102063  0.50934968  0.58548102  0.51975634  0.45941045  0.46913154  0.49908776  0.50934968  0.50934968  0.45941045  0.53031188  0.50934968  0.51975634  0.51975634  0.49908776  0.49908776  0.49908776  0.48896662  0.48896662  0.46913154  0.48896662  0.44981577  0.44981577  0.45941045  0.44034426  0.50934968  0.46913154  0.49908776  0.55188709  0.57411225  0.49908776  0.51975634  0.50934968  0.50934968  0.49908776  0.58548102  0.59702772  0.55188709  0.56291599  0.59702772  0.79621196  0.79621196  0.87666364  0.85985619  0.81161578  0.81161578  0.79621196  0.79621196  0.53031188  0.53031188  
11_486_0   0.53031188  0.53031188  0.50934968  0.32714659  0.27269879  0.23612925  0.24329959  0.25054030  0.26523844  0.26523844  0.11771909  0.11771909  0.11166636  0.12382188  0.07635708  0.07635708  0.05931652  0.01571011  0.00000000  0.09380052  0.18114497  0.14875071  0.29554340  0.27269879  0.27269879  0.26523844  0.28023534  0.28784967  0.29554340  0.28784967  0.31911799  0.33526353  0.32714659  0.36016425  0.34347075  0.33526353  0.29554340  0.30331820  0.29554340  0.32714659  0.29554340  0.29554340  0.29554340  0.31117580  0.28784967  0.36016425  0.31117580  0.36016425  0.30331820  0.31911799  0.31117580  0.29554340  0.29554340  0.31117580  0.31911799  0.36016425  0.36016425  0.34347075  0.33526353  0.34347075  0.28023534  0.26523844  0.26523844  0.27269879  0.27269879  0.32714659  0.31117580  0.48896662  0.44034426  0.44981577  0.45941045  0.46913154  0.45941045  0.45941045  0.46913154  0.46913154  0.46913154  0.49908776  0.44034426  0.45941045  0.50934968  0.44981577  0.57411225  0.56291599  0.51975634  0.51975634  0.49908776  0.51975634  0.50934968  0.50934968  0.46913154  0.46913154  0.51975634  0.63279331  0.51975634  0.54102063  0.50934968  0.58548102  0.45941045  0.44034426  0.55188709  0.56291599  0.54102063  0.53031188  0.47898243  0.49908776  0.48896662  0.68334857  0.65763802  0.67038131  0.67038131  0.50934968  0.49908776  0.59702772  0.53031188  0.48896662  0.49908776  0.50934968  0.49908776  0.49908776  0.46913154  0.51975634  0.49908776  0.50934968  0.50934968  0.50934968  0.50934968  0.50934968  0.49908776  0.49908776  0.47898243  0.49908776  0.47898243  0.47898243  0.48896662  0.46913154  0.51975634  0.45941045  0.48896662  0.55188709  0.56291599  0.48896662  0.50934968  0.49908776  0.47898243  0.48896662  0.57411225  0.56291599  0.55188709  0.55188709  0.60875800  0.84342310  0.84342310  0.92951303  0.91147267  0.85985619  0.85985619  0.84342310  0.84342310  0.51975634  0.51975634  
3_470_0    0.53031188  0.53031188  0.50934968  0.34347075  0.25785277  0.25785277  0.26523844  0.24329959  0.24329959  0.24329959  0.08212586  0.07635708  0.07063305  0.11771909  0.08212586  0.08212586  0.08212586  0.07635708  0.09380052  0.00000000  0.15511678  0.12997557  0.28023534  0.25785277  0.25785277  0.25785277  0.26523844  0.27269879  0.28023534  0.25785277  0.29554340  0.30331820  0.28023534  0.33526353  0.30331820  0.31117580  0.31911799  0.31117580  0.27269879  0.28784967  0.27269879  0.28784967  0.28784967  0.28784967  0.30331820  0.35177029  0.31117580  0.34347075  0.30331820  0.30331820  0.29554340  0.26523844  0.26523844  0.28023534  0.30331820  0.32714659  0.32714659  0.29554340  0.28784967  0.32714659  0.26523844  0.23612925  0.23612925  0.25785277  0.27269879  0.29554340  0.29554340  0.46913154  0.44034426  0.45941045  0.44981577  0.43099280  0.48896662  0.44981577  0.45941045  0.45941045  0.44034426  0.46913154  0.43099280  0.46913154  0.51975634  0.40362918  0.50934968  0.51975634  0.49908776  0.49908776  0.47898243  0.47898243  0.48896662  0.48896662  0.46913154  0.46913154  0.49908776  0.60875800  0.55188709  0.58548102  0.57411225  0.58548102  0.45941045  0.44981577  0.48896662  0.49908776  0.51975634  0.44981577  0.44034426  0.47898243  0.48896662  0.63279331  0.63279331  0.62067779  0.64511110  0.51975634  0.48896662  0.50934968  0.50934968  0.37724421  0.38593478  0.41263810  0.42175837  0.42175837  0.38593478  0.43099280  0.41263810  0.42175837  0.42175837  0.43099280  0.43099280  0.42175837  0.41263810  0.39472894  0.41263810  0.40362918  0.43099280  0.43099280  0.44034426  0.40362918  0.44034426  0.42175837  0.44981577  0.46913154  0.51975634  0.44981577  0.46913154  0.45941045  0.45941045  0.44981577  0.50934968  0.49908776  0.50934968  0.47898243  0.56291599  0.76633677  0.76633677  0.81161578  0.79621196  0.75184088  0.79621196  0.78112316  0.73762431  0.50934968  0.50934968  
