20
3_0_0      0.00000000  0.12994421  0.12994421  0.47484644  0.45980399  0.49020500  0.41644959  0.45980399  0.53831768  0.50589326  0.49020500  0.52192567  0.52192567  0.52192567  0.52192567  0.50589326  0.50589326  0.50589326  0.52192567  0.45980399  
2_0_0      0.12994421  0.00000000  0.01604792  0.45980399  0.44506492  0.47484644  0.43061722  0.47484644  0.52192567  0.49020500  0.41644959  0.52192567  0.50589326  0.52192567  0.52192567  0.50589326  0.43061722  0.43061722  0.44506492  0.44506492  
1_0_0      0.12994421  0.01604792  0.00000000  0.43061722  0.41644959  0.47484644  0.40255139  0.45980399  0.49020500  0.45980399  0.38891256  0.49020500  0.47484644  0.49020500  0.49020500  0.47484644  0.43061722  0.43061722  0.44506492  0.44506492  
19_0_0     0.47484644  0.45980399  0.43061722  0.00000000  0.07516453  0.11122438  0.06642086  0.08401407  0.12994421  0.13948705  0.13948705  0.53831768  0.53831768  0.55508579  0.55508579  0.50589326  0.33676831  0.34945976  0.34945976  0.36237549  
18_0_0     0.45980399  0.44506492  0.41644959  0.07516453  0.00000000  0.04924122  0.05778056  0.09297208  0.12052436  0.12994421  0.16888677  0.47484644  0.45980399  0.49020500  0.49020500  0.44506492  0.34945976  0.36237549  0.36237549  0.37552359  
7_0_0      0.49020500  0.47484644  0.47484644  0.11122438  0.04924122  0.00000000  0.09297208  0.11122438  0.12994421  0.13948705  0.17895550  0.49020500  0.49020500  0.50589326  0.50589326  0.45980399  0.33676831  0.37552359  0.37552359  0.44506492  
16_0_0     0.41644959  0.43061722  0.40255139  0.06642086  0.05778056  0.09297208  0.00000000  0.08401407  0.11122438  0.12052436  0.13948705  0.47484644  0.47484644  0.49020500  0.49020500  0.43061722  0.34945976  0.36237549  0.36237549  0.37552359  
9_0_0      0.45980399  0.47484644  0.45980399  0.08401407  0.09297208  0.11122438  0.08401407  0.00000000  0.12994421  0.13948705  0.13948705  0.58982224  0.58982224  0.60782986  0.60782986  0.53831768  0.33676831  0.34945976  0.36237549  0.41644959  
8_0_0      0.53831768  0.52192567  0.49020500  0.12994421  0.12052436  0.12994421  0.11122438  0.12994421  0.00000000  0.03245614  0.07516453  0.53831768  0.53831768  0.55508579  0.55508579  0.50589326  0.41644959  0.43061722  0.43061722  0.45980399  
20_0_0     0.50589326  0.49020500  0.45980399  0.13948705  0.12994421  0.13948705  0.12052436  0.13948705  0.03245614  0.00000000  0.09297208  0.50589326  0.50589326  0.52192567  0.52192567  0.47484644  0.40255139  0.41644959  0.41644959  0.44506492  
15_0_0     0.49020500  0.41644959  0.38891256  0.13948705  0.16888677  0.17895550  0.13948705  0.13948705  0.07516453  0.09297208  0.00000000  0.58982224  0.58982224  0.60782986  0.60782986  0.55508579  0.34945976  0.36237549  0.37552359  0.41644959  
6_0_0      0.52192567  0.52192567  0.49020500  0.53831768  0.47484644  0.49020500  0.47484644  0.58982224  0.53831768  0.50589326  0.58982224  0.00000000  0.00797991  0.01604792  0.00797991  0.06642086  0.64523344  0.62629240  0.64523344  0.57224766  
11_0_0     0.52192567  0.50589326  0.47484644  0.53831768  0.45980399  0.49020500  0.47484644  0.58982224  0.53831768  0.50589326  0.58982224  0.00797991  0.00000000  0.01604792  0.01604792  0.06642086  0.64523344  0.64523344  0.64523344  0.57224766  
14_0_0     0.52192567  0.52192567  0.49020500  0.55508579  0.49020500  0.50589326  0.49020500  0.60782986  0.55508579  0.52192567  0.60782986  0.01604792  0.01604792  0.00000000  0.00797991  0.06642086  0.64523344  0.66467845  0.64523344  0.57224766  
17_0_0     0.52192567  0.52192567  0.49020500  0.55508579  0.49020500  0.50589326  0.49020500  0.60782986  0.55508579  0.52192567  0.60782986  0.00797991  0.01604792  0.00797991  0.00000000  0.07516453  0.66467845  0.64523344  0.66467845  0.58982224  
5_0_0      0.50589326  0.50589326  0.47484644  0.50589326  0.44506492  0.45980399  0.43061722  0.53831768  0.50589326  0.47484644  0.55508579  0.06642086  0.06642086  0.06642086  0.07516453  0.00000000  0.57224766  0.58982224  0.57224766  0.53831768  
13_0_0     0.50589326  0.43061722  0.43061722  0.33676831  0.34945976  0.33676831  0.34945976  0.33676831  0.41644959  0.40255139  0.34945976  0.64523344  0.64523344  0.64523344  0.66467845  0.57224766  0.00000000  0.03245614  0.03245614  0.15895488  
10_0_0     0.50589326  0.43061722  0.43061722  0.34945976  0.36237549  0.37552359  0.36237549  0.34945976  0.43061722  0.41644959  0.36237549  0.62629240  0.64523344  0.66467845  0.64523344  0.58982224  0.03245614  0.00000000  0.01604792  0.13948705  
12_0_0     0.52192567  0.44506492  0.44506492  0.34945976  0.36237549  0.37552359  0.36237549  0.36237549  0.43061722  0.41644959  0.37552359  0.64523344  0.64523344  0.64523344  0.66467845  0.57224766  0.03245614  0.01604792  0.00000000  0.13948705  
4_0_0      0.45980399  0.44506492  0.44506492  0.36237549  0.37552359  0.44506492  0.37552359  0.41644959  0.45980399  0.44506492  0.41644959  0.57224766  0.57224766  0.57224766  0.58982224  0.53831768  0.15895488  0.13948705  0.13948705  0.00000000  

