20
1_0_0      0.00000000  0.00404328  0.01219667  0.25215883  0.26936156  0.28697347  0.25784878  0.31112719  0.29293844  0.29293844  0.28697347  0.26936156  0.25784878  0.25784878  0.30501450  0.30501450  0.30501450  0.27518578  0.26936156  0.28697347  
2_0_0      0.00404328  0.00000000  0.00810875  0.24651227  0.26358280  0.28105617  0.26358280  0.30501450  0.28697347  0.28697347  0.28105617  0.27518578  0.26358280  0.26358280  0.29895185  0.31112719  0.29895185  0.28105617  0.26358280  0.28105617  
3_0_0      0.01219667  0.00810875  0.00000000  0.24651227  0.27518578  0.28697347  0.27518578  0.31729077  0.29895185  0.29895185  0.29293844  0.27518578  0.26358280  0.26358280  0.29895185  0.31112719  0.29895185  0.29293844  0.26358280  0.28105617  
20_0_0     0.25215883  0.24651227  0.24651227  0.00000000  0.29895185  0.31112719  0.29895185  0.32350608  0.33609543  0.32350608  0.34890253  0.34247129  0.32977400  0.32977400  0.28697347  0.29895185  0.28697347  0.31729077  0.32977400  0.32977400  
16_0_0     0.26936156  0.26358280  0.27518578  0.29895185  0.00000000  0.19754204  0.16157409  0.22982642  0.25784878  0.28697347  0.29293844  0.31112719  0.31729077  0.31729077  0.30501450  0.30501450  0.30501450  0.31112719  0.32977400  0.31729077  
15_0_0     0.28697347  0.28105617  0.28697347  0.31112719  0.19754204  0.00000000  0.13691198  0.16660664  0.29293844  0.29895185  0.32977400  0.35539012  0.36193505  0.36193505  0.34890253  0.36193505  0.34890253  0.36193505  0.31729077  0.31729077  
6_0_0      0.25784878  0.26358280  0.27518578  0.29895185  0.16157409  0.13691198  0.00000000  0.12249959  0.32350608  0.32350608  0.36853834  0.35539012  0.34890253  0.34890253  0.32977400  0.32977400  0.32977400  0.32350608  0.31729077  0.31112719  
14_0_0     0.31112719  0.30501450  0.31729077  0.32350608  0.22982642  0.16660664  0.12249959  0.00000000  0.32350608  0.31729077  0.36193505  0.38192426  0.37520105  0.37520105  0.32350608  0.33609543  0.32350608  0.31729077  0.30501450  0.29895185  
8_0_0      0.29293844  0.28697347  0.29895185  0.33609543  0.25784878  0.29293844  0.32350608  0.32350608  0.00000000  0.02459761  0.12727262  0.18708598  0.18191280  0.18191280  0.31112719  0.31112719  0.31112719  0.31112719  0.27518578  0.28697347  
18_0_0     0.29293844  0.28697347  0.29895185  0.32350608  0.28697347  0.29895185  0.32350608  0.31729077  0.02459761  0.00000000  0.12727262  0.19229555  0.18708598  0.18708598  0.31112719  0.32350608  0.31112719  0.31112719  0.29895185  0.31112719  
19_0_0     0.28697347  0.28105617  0.29293844  0.34890253  0.29293844  0.32977400  0.36853834  0.36193505  0.12727262  0.12727262  0.00000000  0.19229555  0.18708598  0.18708598  0.26936156  0.26936156  0.26936156  0.29293844  0.26358280  0.28697347  
7_0_0      0.26936156  0.27518578  0.27518578  0.34247129  0.31112719  0.35539012  0.35539012  0.38192426  0.18708598  0.19229555  0.19229555  0.00000000  0.01630729  0.01630729  0.28697347  0.28697347  0.28697347  0.28697347  0.31112719  0.28697347  
9_0_0      0.25784878  0.26358280  0.26358280  0.32977400  0.31729077  0.36193505  0.34890253  0.37520105  0.18191280  0.18708598  0.18708598  0.01630729  0.00000000  0.00000000  0.27518578  0.27518578  0.27518578  0.27518578  0.29895185  0.28697347  
13_0_0     0.25784878  0.26358280  0.26358280  0.32977400  0.31729077  0.36193505  0.34890253  0.37520105  0.18191280  0.18708598  0.18708598  0.01630729  0.00000000  0.00000000  0.27518578  0.27518578  0.27518578  0.27518578  0.29895185  0.28697347  
4_0_0      0.30501450  0.29895185  0.29895185  0.28697347  0.30501450  0.34890253  0.32977400  0.32350608  0.31112719  0.31112719  0.26936156  0.28697347  0.27518578  0.27518578  0.00000000  0.00810875  0.00000000  0.03720977  0.12727262  0.12727262  
12_0_0     0.30501450  0.31112719  0.31112719  0.29895185  0.30501450  0.36193505  0.32977400  0.33609543  0.31112719  0.32350608  0.26936156  0.28697347  0.27518578  0.27518578  0.00810875  0.00000000  0.00810875  0.03720977  0.13691198  0.13691198  
10_0_0     0.30501450  0.29895185  0.29895185  0.28697347  0.30501450  0.34890253  0.32977400  0.32350608  0.31112719  0.31112719  0.26936156  0.28697347  0.27518578  0.27518578  0.00000000  0.00810875  0.00000000  0.03720977  0.12727262  0.12727262  
5_0_0      0.27518578  0.28105617  0.29293844  0.31729077  0.31112719  0.36193505  0.32350608  0.31729077  0.31112719  0.31112719  0.29293844  0.28697347  0.27518578  0.27518578  0.03720977  0.03720977  0.03720977  0.00000000  0.13691198  0.13691198  
17_0_0     0.26936156  0.26358280  0.26358280  0.32977400  0.32977400  0.31729077  0.31729077  0.30501450  0.27518578  0.29895185  0.26358280  0.31112719  0.29895185  0.29895185  0.12727262  0.13691198  0.12727262  0.13691198  0.00000000  0.02459761  
11_0_0     0.28697347  0.28105617  0.28105617  0.32977400  0.31729077  0.31729077  0.31112719  0.29895185  0.28697347  0.31112719  0.28697347  0.28697347  0.28697347  0.28697347  0.12727262  0.13691198  0.12727262  0.13691198  0.02459761  0.00000000  

