94
20_0_0     0.00000000  0.09971807  0.10949529  0.08529296  0.89715869  1.09498056  1.07629200  0.53011725  0.54782129  0.50433950  0.62326070  0.52142335  1.00597491  0.94182796  0.81525403  0.84154971  0.95734512  0.80245235  0.88285515  0.89715869  0.88285515  0.92663312  0.92663312  1.24116559  1.02293074  0.95734512  0.94182796  0.89715869  0.91174747  0.75337475  0.71861320  0.70738363  0.74160308  0.73001783  0.76533895  0.75337475  0.86882593  0.88285515  0.84154971  1.19633501  1.15409380  0.91174747  0.91174747  0.98940319  0.97319856  0.92663312  0.94182796  0.94182796  0.92663312  0.91174747  0.92663312  1.19633501  0.98940319  1.04028892  1.42404809  1.31402542  0.92663312  0.95734512  1.00597491  1.04028892  1.13385398  1.13385398  1.11415910  0.95734512  0.94182796  0.86882593  0.80245235  0.80245235  0.86882593  0.80245235  0.80245235  0.85506070  0.86882593  1.07629200  0.89715869  0.89715869  0.89715869  1.24116559  0.94182796  1.00597491  0.85506070  0.84154971  0.86882593  0.88285515  0.81525403  0.91174747  0.94182796  1.00597491  1.26465505  1.15409380  1.00597491  0.92663312  0.89715869  0.95734512  
36_0_0     0.09971807  0.00000000  0.09006979  0.06649156  0.89715869  1.28892383  1.26465505  0.53011725  0.55683661  0.52142335  0.58456899  0.53891571  1.07629200  0.97319856  0.77750207  0.75337475  0.92663312  0.77750207  0.85506070  0.94182796  0.91174747  0.92663312  0.92663312  1.11415910  0.97319856  0.88285515  0.84154971  0.82828372  0.88285515  0.74160308  0.69632384  0.71861320  0.73001783  0.69632384  0.68542877  0.82828372  0.85506070  0.92663312  0.80245235  1.21840695  1.13385398  0.89715869  0.92663312  1.02293074  0.91174747  0.89715869  0.92663312  0.91174747  0.89715869  0.89715869  0.95734512  1.26465505  1.05806900  1.09498056  1.45434879  1.31402542  0.88285515  0.88285515  0.95734512  0.92663312  1.05806900  1.09498056  1.07629200  0.88285515  0.86882593  0.86882593  0.81525403  0.89715869  0.97319856  0.86882593  0.88285515  0.95734512  0.86882593  0.97319856  0.81525403  0.81525403  0.81525403  1.17490957  0.98940319  0.98940319  0.82828372  0.89715869  0.91174747  0.82828372  0.78987085  0.86882593  0.95734512  1.00597491  1.15409380  1.34001900  0.94182796  0.92663312  0.86882593  0.86882593  
54_0_0     0.10949529  0.09006979  0.00000000  0.02149928  0.92663312  1.17490957  1.15409380  0.46329781  0.49594489  0.47132401  0.62326070  0.53011725  0.98940319  0.89715869  0.82828372  0.77750207  0.91174747  0.76533895  0.92663312  0.86882593  0.92663312  0.92663312  0.92663312  1.17490957  0.98940319  0.98940319  0.98940319  0.94182796  0.97319856  0.78987085  0.73001783  0.74160308  0.73001783  0.71861320  0.70738363  0.80245235  0.92663312  0.89715869  0.81525403  1.21840695  1.28892383  0.91174747  0.94182796  1.11415910  0.95734512  0.92663312  1.04028892  0.89715869  0.88285515  0.95734512  0.92663312  1.21840695  1.00597491  0.97319856  1.34001900  1.36697033  0.92663312  0.92663312  0.95734512  0.97319856  1.13385398  1.07629200  1.05806900  0.92663312  0.94182796  0.85506070  0.78987085  0.86882593  0.95734512  0.81525403  0.80245235  0.92663312  0.88285515  1.05806900  0.80245235  0.80245235  0.80245235  1.17490957  0.95734512  0.92663312  0.86882593  0.84154971  0.85506070  0.84154971  0.75337475  0.82828372  0.97319856  1.05806900  1.13385398  1.28892383  1.05806900  0.89715869  0.86882593  0.89715869  
80_0_0     0.08529296  0.06649156  0.02149928  0.00000000  0.88285515  1.17490957  1.15409380  0.47132401  0.50433950  0.47943925  0.60365907  0.52142335  1.02293074  0.92663312  0.81525403  0.78987085  0.94182796  0.75337475  0.89715869  0.88285515  0.95734512  0.91174747  0.91174747  1.17490957  0.97319856  0.95734512  0.94182796  0.89715869  0.92663312  0.74160308  0.68542877  0.69632384  0.68542877  0.67469358  0.68542877  0.81525403  0.89715869  0.89715869  0.78987085  1.17490957  1.19633501  0.85506070  0.88285515  1.04028892  0.89715869  0.89715869  1.00597491  0.92663312  0.91174747  0.91174747  0.86882593  1.24116559  0.98940319  0.98940319  1.36697033  1.34001900  0.91174747  0.91174747  0.95734512  0.94182796  1.15409380  1.04028892  1.02293074  0.91174747  0.89715869  0.80245235  0.74160308  0.86882593  0.94182796  0.81525403  0.82828372  0.95734512  0.88285515  0.98940319  0.80245235  0.80245235  0.80245235  1.17490957  0.98940319  0.95734512  0.81525403  0.78987085  0.82828372  0.80245235  0.74160308  0.77750207  0.95734512  1.07629200  1.09498056  1.26465505  1.05806900  0.91174747  0.88285515  0.91174747  
17_0_0     0.89715869  0.89715869  0.92663312  0.88285515  0.00000000  0.37328223  0.38037465  1.07629200  1.05806900  1.05806900  1.13385398  0.95734512  1.42404809  1.39495268  1.26465505  1.39495268  1.45434879  1.45434879  1.51899694  1.39495268  1.45434879  1.28892383  1.28892383  1.71113419  1.19633501  1.24116559  1.19633501  1.19633501  1.15409380  1.31402542  1.31402542  1.42404809  1.39495268  1.36697033  1.31402542  1.28892383  1.34001900  1.34001900  1.28892383  1.62813358  1.62813358  1.39495268  1.48595897  1.39495268  1.58991683  1.45434879  1.55359781  1.71113419  1.80477157  1.48595897  1.51899694  1.24116559  1.42404809  1.45434879  2.19033206  1.97243957  1.34001900  1.39495268  1.58991683  1.39495268  1.39495268  1.42404809  1.39495268  1.36697033  1.39495268  1.28892383  1.28892383  1.34001900  1.42404809  1.24116559  1.28892383  1.36697033  1.42404809  1.71113419  1.34001900  1.34001900  1.34001900  2.82193780  1.51899694  1.66845738  1.42404809  1.31402542  1.26465505  1.42404809  1.26465505  1.31402542  1.58991683  1.55359781  1.66845738  2.11027106  1.45434879  1.31402542  1.26465505  1.34001900  
72_0_0     1.09498056  1.28892383  1.17490957  1.17490957  0.37328223  0.00000000  0.00424961  1.15409380  1.17490957  1.11415910  1.21840695  1.04028892  1.31402542  1.36697033  1.45434879  1.55359781  1.62813358  1.36697033  1.48595897  1.36697033  1.62813358  1.28892383  1.28892383  1.51899694  1.42404809  1.51899694  1.45434879  1.45434879  1.45434879  1.19633501  1.28892383  1.28892383  1.28892383  1.28892383  1.26465505  1.21840695  1.39495268  1.13385398  1.36697033  1.85650555  1.71113419  1.24116559  1.36697033  1.48595897  1.48595897  1.42404809  1.85650555  1.19633501  1.26465505  1.48595897  1.28892383  1.34001900  1.51899694  1.42404809  2.28024404  2.28024404  1.42404809  1.51899694  1.62813358  1.39495268  1.31402542  1.58991683  1.51899694  1.62813358  1.51899694  1.19633501  1.19633501  1.28892383  1.42404809  1.24116559  1.26465505  1.19633501  1.26465505  1.31402542  1.24116559  1.24116559  1.24116559  1.66845738  1.45434879  1.45434879  1.36697033  1.24116559  1.19633501  1.39495268  1.13385398  1.24116559  1.45434879  1.42404809  1.45434879  1.58991683  1.58991683  1.17490957  1.31402542  1.28892383  
98_0_0     1.07629200  1.26465505  1.15409380  1.15409380  0.38037465  0.00424961  0.00000000  1.15409380  1.17490957  1.11415910  1.19633501  1.05806900  1.28892383  1.34001900  1.42404809  1.51899694  1.66845738  1.34001900  1.45434879  1.34001900  1.58991683  1.31402542  1.31402542  1.48595897  1.45434879  1.55359781  1.48595897  1.48595897  1.48595897  1.21840695  1.31402542  1.31402542  1.31402542  1.31402542  1.24116559  1.19633501  1.36697033  1.11415910  1.39495268  1.85650555  1.71113419  1.21840695  1.34001900  1.45434879  1.45434879  1.45434879  1.91217835  1.17490957  1.24116559  1.45434879  1.31402542  1.31402542  1.55359781  1.39495268  2.38277585  2.19033206  1.39495268  1.48595897  1.58991683  1.42404809  1.28892383  1.62813358  1.55359781  1.58991683  1.48595897  1.17490957  1.17490957  1.26465505  1.39495268  1.21840695  1.24116559  1.17490957  1.28892383  1.28892383  1.21840695  1.21840695  1.21840695  1.71113419  1.42404809  1.48595897  1.34001900  1.21840695  1.17490957  1.36697033  1.11415910  1.21840695  1.42404809  1.39495268  1.42404809  1.55359781  1.55359781  1.19633501  1.34001900  1.31402542  
40_0_0     0.53011725  0.53011725  0.46329781  0.47132401  1.07629200  1.15409380  1.15409380  0.00000000  0.02587602  0.02587602  0.34558079  0.27440379  0.94182796  0.92663312  0.70738363  0.76533895  0.89715869  0.70738363  0.86882593  0.91174747  1.00597491  1.02293074  1.02293074  1.09498056  0.88285515  0.86882593  0.86882593  0.84154971  0.89715869  0.73001783  0.71861320  0.77750207  0.74160308  0.70738363  0.73001783  0.76533895  0.71861320  0.86882593  0.89715869  1.07629200  1.11415910  0.73001783  0.81525403  0.91174747  0.80245235  0.81525403  0.98940319  0.94182796  0.95734512  0.84154971  0.78987085  1.09498056  1.02293074  0.91174747  1.17490957  1.26465505  0.76533895  0.76533895  0.91174747  0.75337475  1.17490957  1.05806900  1.05806900  0.76533895  0.75337475  0.70738363  0.68542877  0.84154971  0.75337475  0.85506070  0.84154971  0.85506070  0.85506070  0.82828372  0.77750207  0.77750207  0.78987085  1.09498056  0.84154971  0.81525403  0.75337475  0.74160308  0.74160308  0.77750207  0.80245235  0.77750207  0.80245235  0.92663312  1.04028892  0.97319856  0.81525403  0.74160308  0.71861320  0.69632384  
37_0_0     0.54782129  0.55683661  0.49594489  0.50433950  1.05806900  1.17490957  1.17490957  0.02587602  0.00000000  0.05270097  0.36625791  0.29949240  0.92663312  0.95734512  0.67469358  0.75337475  0.86882593  0.73001783  0.88285515  0.91174747  1.00597491  1.04028892  1.04028892  1.09498056  0.89715869  0.86882593  0.86882593  0.84154971  0.91174747  0.70738363  0.70738363  0.77750207  0.73001783  0.69632384  0.71861320  0.74160308  0.75337475  0.88285515  0.88285515  1.02293074  1.13385398  0.76533895  0.80245235  0.91174747  0.84154971  0.85506070  0.98940319  0.98940319  1.00597491  0.84154971  0.82828372  1.05806900  1.00597491  0.89715869  1.24116559  1.34001900  0.77750207  0.77750207  0.94182796  0.76533895  1.11415910  1.09498056  1.09498056  0.77750207  0.74160308  0.71861320  0.71861320  0.85506070  0.78987085  0.86882593  0.85506070  0.86882593  0.85506070  0.88285515  0.77750207  0.77750207  0.78987085  1.07629200  0.84154971  0.81525403  0.74160308  0.74160308  0.75337475  0.78987085  0.81525403  0.80245235  0.81525403  0.97319856  1.04028892  1.02293074  0.85506070  0.75337475  0.70738363  0.73001783  
73_0_0     0.50433950  0.52142335  0.47132401  0.47943925  1.05806900  1.11415910  1.11415910  0.02587602  0.05270097  0.00000000  0.33881628  0.27440379  0.89715869  0.88285515  0.68542877  0.74160308  0.92663312  0.68542877  0.84154971  0.91174747  0.95734512  0.97319856  0.97319856  1.11415910  0.91174747  0.84154971  0.81525403  0.78987085  0.84154971  0.70738363  0.71861320  0.75337475  0.74160308  0.73001783  0.73001783  0.74160308  0.73001783  0.89715869  0.88285515  1.07629200  1.15409380  0.73001783  0.81525403  0.89715869  0.77750207  0.81525403  0.92663312  0.95734512  0.97319856  0.84154971  0.78987085  1.05806900  0.95734512  0.97319856  1.24116559  1.15409380  0.81525403  0.78987085  0.94182796  0.76533895  1.13385398  1.02293074  1.02293074  0.78987085  0.77750207  0.73001783  0.70738363  0.84154971  0.77750207  0.82828372  0.81525403  0.85506070  0.85506070  0.81525403  0.78987085  0.78987085  0.80245235  1.07629200  0.86882593  0.84154971  0.77750207  0.76533895  0.76533895  0.80245235  0.82828372  0.80245235  0.85506070  0.92663312  1.04028892  0.97319856  0.76533895  0.71861320  0.71861320  0.69632384  
69_0_0     0.62326070  0.58456899  0.62326070  0.60365907  1.13385398  1.21840695  1.19633501  0.34558079  0.36625791  0.33881628  0.00000000  0.32547206  1.00597491  0.97319856  0.76533895  0.86882593  1.00597491  0.76533895  0.85506070  0.89715869  0.92663312  0.82828372  0.82828372  0.94182796  0.91174747  0.92663312  0.84154971  0.86882593  0.92663312  0.78987085  0.77750207  0.80245235  0.78987085  0.78987085  0.78987085  0.86882593  0.84154971  0.91174747  0.91174747  1.17490957  1.19633501  0.80245235  0.92663312  0.89715869  0.88285515  0.92663312  1.07629200  1.02293074  1.04028892  0.88285515  0.89715869  1.09498056  0.97319856  0.97319856  1.28892383  1.34001900  0.78987085  0.82828372  0.97319856  0.88285515  1.09498056  1.21840695  1.21840695  0.80245235  0.82828372  0.76533895  0.71861320  0.84154971  0.89715869  0.88285515  0.85506070  0.88285515  0.91174747  0.95734512  0.86882593  0.86882593  0.88285515  1.26465505  0.97319856  0.97319856  0.80245235  0.80245235  0.76533895  0.78987085  0.85506070  0.81525403  0.91174747  0.92663312  1.00597491  1.11415910  1.07629200  0.91174747  0.94182796  0.86882593  
31_0_0     0.52142335  0.53891571  0.53011725  0.52142335  0.95734512  1.04028892  1.05806900  0.27440379  0.29949240  0.27440379  0.32547206  0.00000000  0.82828372  0.75337475  0.64340204  0.67469358  0.85506070  0.59405176  0.77750207  0.88285515  0.81525403  0.76533895  0.76533895  1.05806900  0.78987085  0.78987085  0.76533895  0.78987085  0.85506070  0.66411365  0.66411365  0.68542877  0.67469358  0.68542877  0.67469358  0.67469358  0.71861320  0.86882593  0.81525403  1.11415910  1.09498056  0.71861320  0.80245235  0.80245235  0.76533895  0.74160308  0.89715869  0.85506070  0.86882593  0.75337475  0.74160308  0.89715869  0.88285515  0.98940319  1.02293074  1.15409380  0.68542877  0.67469358  0.89715869  0.70738363  1.19633501  1.05806900  1.07629200  0.69632384  0.69632384  0.71861320  0.66411365  0.80245235  0.80245235  0.82828372  0.85506070  0.77750207  0.81525403  0.89715869  0.78987085  0.78987085  0.80245235  1.09498056  0.80245235  0.80245235  0.69632384  0.73001783  0.71861320  0.76533895  0.75337475  0.75337475  0.80245235  0.86882593  1.04028892  1.02293074  0.91174747  0.76533895  0.71861320  0.63326205  
58_0_0     1.00597491  1.07629200  0.98940319  1.02293074  1.42404809  1.31402542  1.28892383  0.94182796  0.92663312  0.89715869  1.00597491  0.82828372  0.00000000  0.08529296  0.44750485  0.38037465  0.53011725  0.47943925  0.63326205  0.75337475  0.73001783  0.69632384  0.69632384  0.94182796  0.67469358  0.60365907  0.59405176  0.56596442  0.64340204  0.59405176  0.59405176  0.56596442  0.58456899  0.57520756  0.61339424  0.64340204  0.69632384  0.85506070  0.89715869  1.11415910  0.98940319  0.71861320  0.77750207  0.78987085  0.71861320  0.80245235  1.07629200  0.82828372  0.86882593  0.80245235  0.76533895  1.17490957  0.89715869  0.92663312  1.34001900  1.26465505  0.94182796  0.94182796  1.04028892  0.97319856  0.98940319  1.13385398  1.15409380  1.00597491  0.91174747  0.69632384  0.68542877  0.78987085  0.88285515  0.84154971  0.78987085  0.80245235  0.78987085  0.86882593  0.86882593  0.86882593  0.85506070  0.98940319  0.82828372  0.84154971  0.71861320  0.73001783  0.71861320  0.71861320  0.69632384  0.84154971  0.82828372  0.85506070  1.07629200  1.04028892  0.80245235  0.69632384  0.71861320  0.71861320  
95_0_0     0.94182796  0.97319856  0.89715869  0.92663312  1.39495268  1.36697033  1.34001900  0.92663312  0.95734512  0.88285515  0.97319856  0.75337475  0.08529296  0.00000000  0.46329781  0.34558079  0.53011725  0.44750485  0.56596442  0.71861320  0.69632384  0.67469358  0.67469358  0.98940319  0.64340204  0.59405176  0.59405176  0.56596442  0.59405176  0.55683661  0.61339424  0.54782129  0.58456899  0.53891571  0.52142335  0.66411365  0.69632384  0.76533895  0.92663312  1.05806900  0.94182796  0.71861320  0.74160308  0.73001783  0.68542877  0.78987085  1.07629200  0.78987085  0.81525403  0.76533895  0.73001783  1.09498056  0.78987085  0.89715869  1.31402542  1.26465505  0.85506070  0.85506070  1.00597491  0.91174747  0.92663312  1.24116559  1.21840695  0.97319856  0.88285515  0.68542877  0.66411365  0.70738363  0.75337475  0.80245235  0.73001783  0.76533895  0.75337475  0.84154971  0.82828372  0.82828372  0.81525403  0.97319856  0.78987085  0.80245235  0.73001783  0.69632384  0.65368455  0.75337475  0.69632384  0.77750207  0.74160308  0.77750207  1.09498056  0.92663312  0.82828372  0.67469358  0.71861320  0.69632384  
14_0_0     0.81525403  0.77750207  0.82828372  0.81525403  1.26465505  1.45434879  1.42404809  0.70738363  0.67469358  0.68542877  0.76533895  0.64340204  0.44750485  0.46329781  0.00000000  0.13963634  0.24420660  0.30590133  0.43204565  0.61339424  0.48764552  0.56596442  0.56596442  0.77750207  0.46329781  0.41690637  0.41690637  0.40207406  0.47943925  0.41690637  0.37328223  0.40945263  0.40945263  0.40945263  0.39476918  0.60365907  0.61339424  0.60365907  0.69632384  0.94182796  0.81525403  0.53891571  0.60365907  0.52142335  0.60365907  0.63326205  0.85506070  0.75337475  0.76533895  0.61339424  0.59405176  0.98940319  0.89715869  0.94182796  1.31402542  1.17490957  0.68542877  0.68542877  0.75337475  0.67469358  0.78987085  0.88285515  0.86882593  0.70738363  0.68542877  0.53011725  0.50433950  0.62326070  0.67469358  0.65368455  0.63326205  0.66411365  0.64340204  0.65368455  0.63326205  0.63326205  0.64340204  1.11415910  0.70738363  0.66411365  0.54782129  0.54782129  0.51283156  0.53891571  0.53891571  0.57520756  0.65368455  0.67469358  0.77750207  0.89715869  0.61339424  0.60365907  0.53011725  0.52142335  
75_0_0     0.84154971  0.75337475  0.77750207  0.78987085  1.39495268  1.55359781  1.51899694  0.76533895  0.75337475  0.74160308  0.86882593  0.67469358  0.38037465  0.34558079  0.13963634  0.00000000  0.20954209  0.23831391  0.35930040  0.56596442  0.47943925  0.54782129  0.54782129  0.74160308  0.42443685  0.40945263  0.40945263  0.39476918  0.43204565  0.38037465  0.38037465  0.37328223  0.38753651  0.40207406  0.35930040  0.54782129  0.60365907  0.57520756  0.62326070  0.95734512  0.77750207  0.48764552  0.55683661  0.52142335  0.51283156  0.60365907  0.76533895  0.63326205  0.64340204  0.52142335  0.51283156  0.85506070  0.80245235  0.92663312  1.13385398  1.09498056  0.64340204  0.66411365  0.71861320  0.69632384  0.68542877  0.81525403  0.82828372  0.64340204  0.66411365  0.49594489  0.47132401  0.58456899  0.62326070  0.65368455  0.61339424  0.62326070  0.62326070  0.58456899  0.59405176  0.59405176  0.58456899  1.02293074  0.68542877  0.64340204  0.50433950  0.53891571  0.51283156  0.53891571  0.51283156  0.56596442  0.62326070  0.62326070  0.73001783  0.84154971  0.60365907  0.56596442  0.48764552  0.47943925  
49_0_0     0.95734512  0.92663312  0.91174747  0.94182796  1.45434879  1.62813358  1.66845738  0.89715869  0.86882593  0.92663312  1.00597491  0.85506070  0.53011725  0.53011725  0.24420660  0.20954209  0.00000000  0.40207406  0.47132401  0.69632384  0.59405176  0.68542877  0.68542877  0.89715869  0.58456899  0.55683661  0.58456899  0.56596442  0.57520756  0.53891571  0.50433950  0.53891571  0.53891571  0.53011725  0.55683661  0.65368455  0.74160308  0.65368455  0.75337475  1.02293074  0.88285515  0.67469358  0.68542877  0.64340204  0.67469358  0.74160308  0.94182796  0.80245235  0.81525403  0.78987085  0.67469358  1.07629200  0.98940319  0.94182796  1.28892383  1.13385398  0.74160308  0.77750207  0.86882593  0.82828372  0.92663312  0.95734512  0.95734512  0.81525403  0.78987085  0.65368455  0.63326205  0.69632384  0.76533895  0.73001783  0.70738363  0.71861320  0.68542877  0.84154971  0.77750207  0.77750207  0.76533895  1.19633501  0.76533895  0.70738363  0.71861320  0.67469358  0.63326205  0.58456899  0.62326070  0.65368455  0.71861320  0.86882593  0.85506070  1.05806900  0.66411365  0.70738363  0.61339424  0.66411365  
94_0_0     0.80245235  0.77750207  0.76533895  0.75337475  1.45434879  1.36697033  1.34001900  0.70738363  0.73001783  0.68542877  0.76533895  0.59405176  0.47943925  0.44750485  0.30590133  0.23831391  0.40207406  0.00000000  0.31889014  0.57520756  0.47943925  0.44750485  0.44750485  0.67469358  0.37328223  0.38753651  0.34558079  0.33211374  0.35240843  0.29313912  0.31236691  0.32547206  0.30590133  0.31236691  0.33211374  0.50433950  0.51283156  0.52142335  0.61339424  0.80245235  0.70738363  0.40945263  0.42443685  0.50433950  0.40207406  0.50433950  0.70738363  0.51283156  0.53891571  0.43973442  0.42443685  0.67469358  0.68542877  0.76533895  1.13385398  0.97319856  0.51283156  0.52142335  0.65368455  0.53891571  0.78987085  0.71861320  0.70738363  0.51283156  0.54782129  0.40945263  0.38037465  0.47943925  0.54782129  0.48764552  0.49594489  0.49594489  0.56596442  0.55683661  0.47132401  0.47132401  0.47943925  1.04028892  0.62326070  0.63326205  0.45535872  0.42443685  0.40207406  0.47943925  0.46329781  0.46329781  0.54782129  0.59405176  0.65368455  0.77750207  0.56596442  0.54782129  0.44750485  0.43973442  
56_0_0     0.88285515  0.85506070  0.92663312  0.89715869  1.51899694  1.48595897  1.45434879  0.86882593  0.88285515  0.84154971  0.85506070  0.77750207  0.63326205  0.56596442  0.43204565  0.35930040  0.47132401  0.31889014  0.00000000  0.65368455  0.65368455  0.60365907  0.60365907  0.81525403  0.51283156  0.52142335  0.50433950  0.50433950  0.53011725  0.43204565  0.47943925  0.50433950  0.47943925  0.45535872  0.42443685  0.58456899  0.55683661  0.63326205  0.77750207  0.94182796  0.77750207  0.56596442  0.60365907  0.59405176  0.57520756  0.63326205  0.68542877  0.61339424  0.64340204  0.61339424  0.57520756  0.76533895  0.73001783  0.73001783  1.11415910  1.07629200  0.66411365  0.67469358  0.75337475  0.67469358  0.80245235  0.94182796  0.92663312  0.70738363  0.68542877  0.51283156  0.48764552  0.55683661  0.61339424  0.66411365  0.58456899  0.59405176  0.59405176  0.66411365  0.55683661  0.55683661  0.54782129  1.09498056  0.82828372  0.73001783  0.53891571  0.52142335  0.46329781  0.49594489  0.53011725  0.51283156  0.61339424  0.60365907  0.81525403  0.75337475  0.62326070  0.55683661  0.54782129  0.55683661  
46_9_0     0.89715869  0.94182796  0.86882593  0.88285515  1.39495268  1.36697033  1.34001900  0.91174747  0.91174747  0.91174747  0.89715869  0.88285515  0.75337475  0.71861320  0.61339424  0.56596442  0.69632384  0.57520756  0.65368455  0.00000000  0.32547206  0.29949240  0.29949240  0.49594489  0.42443685  0.45535872  0.42443685  0.40945263  0.43973442  0.66411365  0.65368455  0.65368455  0.63326205  0.62326070  0.61339424  0.66411365  0.76533895  0.67469358  0.75337475  1.26465505  0.95734512  0.65368455  0.71861320  0.69632384  0.69632384  0.76533895  0.92663312  0.64340204  0.63326205  0.71861320  0.66411365  1.00597491  0.85506070  0.88285515  1.15409380  1.26465505  0.77750207  0.78987085  0.92663312  0.75337475  0.97319856  0.84154971  0.81525403  0.81525403  0.84154971  0.57520756  0.56596442  0.69632384  0.75337475  0.73001783  0.74160308  0.76533895  0.75337475  0.76533895  0.69632384  0.69632384  0.68542877  0.94182796  0.77750207  0.76533895  0.66411365  0.60365907  0.62326070  0.74160308  0.62326070  0.70738363  0.59405176  0.64340204  0.80245235  1.07629200  0.78987085  0.66411365  0.65368455  0.63326205  
15_9_0     0.88285515  0.91174747  0.92663312  0.95734512  1.45434879  1.62813358  1.58991683  1.00597491  1.00597491  0.95734512  0.92663312  0.81525403  0.73001783  0.69632384  0.48764552  0.47943925  0.59405176  0.47943925  0.65368455  0.32547206  0.00000000  0.14996579  0.14996579  0.41690637  0.38753651  0.34558079  0.33211374  0.31889014  0.33881628  0.57520756  0.59405176  0.58456899  0.58456899  0.60365907  0.61339424  0.60365907  0.66411365  0.67469358  0.76533895  1.15409380  1.04028892  0.66411365  0.69632384  0.69632384  0.68542877  0.71861320  0.89715869  0.68542877  0.67469358  0.63326205  0.70738363  1.00597491  0.94182796  0.98940319  1.36697033  1.17490957  0.84154971  0.80245235  0.98940319  0.81525403  1.07629200  0.98940319  0.98940319  0.85506070  0.84154971  0.69632384  0.67469358  0.75337475  0.82828372  0.75337475  0.77750207  0.73001783  0.78987085  0.85506070  0.74160308  0.74160308  0.75337475  1.02293074  0.74160308  0.71861320  0.69632384  0.71861320  0.67469358  0.68542877  0.65368455  0.75337475  0.65368455  0.68542877  0.80245235  1.00597491  0.67469358  0.65368455  0.63326205  0.61339424  
21_9_0     0.92663312  0.92663312  0.92663312  0.91174747  1.28892383  1.28892383  1.31402542  1.02293074  1.04028892  0.97319856  0.82828372  0.76533895  0.69632384  0.67469358  0.56596442  0.54782129  0.68542877  0.44750485  0.60365907  0.29949240  0.14996579  0.00000000  0.00000000  0.38037465  0.35240843  0.33881628  0.32547206  0.31236691  0.35930040  0.52142335  0.59405176  0.54782129  0.56596442  0.54782129  0.55683661  0.61339424  0.76533895  0.69632384  0.81525403  1.17490957  1.17490957  0.61339424  0.65368455  0.71861320  0.63326205  0.60365907  0.75337475  0.65368455  0.64340204  0.61339424  0.62326070  1.04028892  0.85506070  0.86882593  1.15409380  1.11415910  0.80245235  0.78987085  0.97319856  0.71861320  1.07629200  0.95734512  0.92663312  0.81525403  0.81525403  0.66411365  0.63326205  0.71861320  0.80245235  0.76533895  0.74160308  0.74160308  0.75337475  0.84154971  0.73001783  0.73001783  0.74160308  1.00597491  0.82828372  0.75337475  0.66411365  0.62326070  0.60365907  0.69632384  0.63326205  0.67469358  0.73001783  0.70738363  0.77750207  0.92663312  0.73001783  0.61339424  0.65368455  0.63326205  
99_9_0     0.92663312  0.92663312  0.92663312  0.91174747  1.28892383  1.28892383  1.31402542  1.02293074  1.04028892  0.97319856  0.82828372  0.76533895  0.69632384  0.67469358  0.56596442  0.54782129  0.68542877  0.44750485  0.60365907  0.29949240  0.14996579  0.00000000  0.00000000  0.38037465  0.35240843  0.33881628  0.32547206  0.31236691  0.35930040  0.52142335  0.59405176  0.54782129  0.56596442  0.54782129  0.55683661  0.61339424  0.76533895  0.69632384  0.81525403  1.17490957  1.17490957  0.61339424  0.65368455  0.71861320  0.63326205  0.60365907  0.75337475  0.65368455  0.64340204  0.61339424  0.62326070  1.04028892  0.85506070  0.86882593  1.15409380  1.11415910  0.80245235  0.78987085  0.97319856  0.71861320  1.07629200  0.95734512  0.92663312  0.81525403  0.81525403  0.66411365  0.63326205  0.71861320  0.80245235  0.76533895  0.74160308  0.74160308  0.75337475  0.84154971  0.73001783  0.73001783  0.74160308  1.00597491  0.82828372  0.75337475  0.66411365  0.62326070  0.60365907  0.69632384  0.63326205  0.67469358  0.73001783  0.70738363  0.77750207  0.92663312  0.73001783  0.61339424  0.65368455  0.63326205  
81_9_0     1.24116559  1.11415910  1.17490957  1.17490957  1.71113419  1.51899694  1.48595897  1.09498056  1.09498056  1.11415910  0.94182796  1.05806900  0.94182796  0.98940319  0.77750207  0.74160308  0.89715869  0.67469358  0.81525403  0.49594489  0.41690637  0.38037465  0.38037465  0.00000000  0.46329781  0.48764552  0.43973442  0.43973442  0.50433950  0.71861320  0.71861320  0.77750207  0.74160308  0.73001783  0.74160308  0.89715869  0.89715869  0.86882593  0.92663312  1.24116559  0.98940319  0.70738363  0.75337475  0.88285515  0.74160308  0.75337475  0.84154971  0.78987085  0.82828372  0.74160308  0.76533895  1.11415910  1.09498056  1.13385398  1.36697033  1.31402542  0.75337475  0.78987085  0.97319856  0.86882593  1.15409380  1.13385398  1.13385398  0.78987085  0.77750207  0.73001783  0.68542877  0.81525403  0.94182796  0.86882593  0.88285515  0.85506070  0.85506070  0.84154971  0.80245235  0.80245235  0.80245235  1.19633501  0.94182796  0.86882593  0.76533895  0.77750207  0.77750207  0.76533895  0.76533895  0.78987085  0.81525403  0.82828372  0.82828372  1.02293074  0.82828372  0.78987085  0.71861320  0.70738363  
46_0_0     1.02293074  0.97319856  0.98940319  0.97319856  1.19633501  1.42404809  1.45434879  0.88285515  0.89715869  0.91174747  0.91174747  0.78987085  0.67469358  0.64340204  0.46329781  0.42443685  0.58456899  0.37328223  0.51283156  0.42443685  0.38753651  0.35240843  0.35240843  0.46329781  0.00000000  0.14996579  0.13452580  0.13452580  0.14478284  0.47943925  0.47943925  0.48764552  0.47132401  0.46329781  0.48764552  0.59405176  0.70738363  0.63326205  0.66411365  1.00597491  0.78987085  0.58456899  0.60365907  0.58456899  0.63326205  0.65368455  0.78987085  0.67469358  0.69632384  0.57520756  0.60365907  0.92663312  0.85506070  0.94182796  1.15409380  1.31402542  0.65368455  0.70738363  0.76533895  0.69632384  0.86882593  0.88285515  0.89715869  0.68542877  0.69632384  0.56596442  0.53011725  0.62326070  0.62326070  0.69632384  0.66411365  0.66411365  0.70738363  0.75337475  0.65368455  0.65368455  0.66411365  0.94182796  0.67469358  0.63326205  0.57520756  0.59405176  0.59405176  0.58456899  0.58456899  0.61339424  0.60365907  0.69632384  0.62326070  0.84154971  0.74160308  0.57520756  0.53891571  0.50433950  
15_0_0     0.95734512  0.88285515  0.98940319  0.95734512  1.24116559  1.51899694  1.55359781  0.86882593  0.86882593  0.84154971  0.92663312  0.78987085  0.60365907  0.59405176  0.41690637  0.40945263  0.55683661  0.38753651  0.52142335  0.45535872  0.34558079  0.33881628  0.33881628  0.48764552  0.14996579  0.00000000  0.07114680  0.05726901  0.10459035  0.47132401  0.45535872  0.45535872  0.46329781  0.43973442  0.51283156  0.68542877  0.69632384  0.66411365  0.69632384  1.07629200  0.78987085  0.53011725  0.55683661  0.59405176  0.54782129  0.58456899  0.85506070  0.69632384  0.71861320  0.49594489  0.52142335  0.95734512  0.86882593  0.91174747  1.05806900  1.15409380  0.68542877  0.71861320  0.82828372  0.69632384  0.82828372  0.89715869  0.88285515  0.69632384  0.66411365  0.53011725  0.51283156  0.63326205  0.61339424  0.71861320  0.68542877  0.66411365  0.66411365  0.77750207  0.66411365  0.66411365  0.67469358  1.04028892  0.66411365  0.60365907  0.54782129  0.58456899  0.57520756  0.53891571  0.57520756  0.59405176  0.55683661  0.59405176  0.74160308  0.84154971  0.67469358  0.53891571  0.57520756  0.55683661  
21_0_0     0.94182796  0.84154971  0.98940319  0.94182796  1.19633501  1.45434879  1.48595897  0.86882593  0.86882593  0.81525403  0.84154971  0.76533895  0.59405176  0.59405176  0.41690637  0.40945263  0.58456899  0.34558079  0.50433950  0.42443685  0.33211374  0.32547206  0.32547206  0.43973442  0.13452580  0.07114680  0.00000000  0.01282360  0.08054711  0.44750485  0.44750485  0.43973442  0.43204565  0.43973442  0.49594489  0.62326070  0.67469358  0.64340204  0.66411365  0.92663312  0.80245235  0.49594489  0.54782129  0.60365907  0.52142335  0.54782129  0.75337475  0.65368455  0.67469358  0.48764552  0.50433950  0.94182796  0.82828372  0.86882593  1.11415910  1.19633501  0.64340204  0.67469358  0.81525403  0.67469358  0.82828372  0.94182796  0.92663312  0.65368455  0.62326070  0.47943925  0.45535872  0.57520756  0.57520756  0.64340204  0.62326070  0.64340204  0.59405176  0.67469358  0.59405176  0.59405176  0.60365907  0.89715869  0.64340204  0.60365907  0.52142335  0.52142335  0.51283156  0.50433950  0.53011725  0.55683661  0.57520756  0.57520756  0.68542877  0.84154971  0.63326205  0.52142335  0.53891571  0.52142335  
99_0_0     0.89715869  0.82828372  0.94182796  0.89715869  1.19633501  1.45434879  1.48595897  0.84154971  0.84154971  0.78987085  0.86882593  0.78987085  0.56596442  0.56596442  0.40207406  0.39476918  0.56596442  0.33211374  0.50433950  0.40945263  0.31889014  0.31236691  0.31236691  0.43973442  0.13452580  0.05726901  0.01282360  0.00000000  0.07114680  0.43204565  0.43204565  0.41690637  0.42443685  0.41690637  0.48764552  0.60365907  0.65368455  0.62326070  0.64340204  0.95734512  0.78987085  0.48764552  0.53891571  0.60365907  0.51283156  0.55683661  0.76533895  0.66411365  0.68542877  0.47943925  0.48764552  0.94182796  0.81525403  0.85506070  1.11415910  1.17490957  0.65368455  0.68542877  0.82828372  0.66411365  0.85506070  0.92663312  0.91174747  0.66411365  0.63326205  0.47943925  0.45535872  0.55683661  0.55683661  0.62326070  0.60365907  0.62326070  0.57520756  0.66411365  0.58456899  0.58456899  0.59405176  0.91174747  0.62326070  0.58456899  0.50433950  0.52142335  0.51283156  0.50433950  0.53011725  0.56596442  0.55683661  0.57520756  0.67469358  0.84154971  0.61339424  0.50433950  0.52142335  0.50433950  
81_0_0     0.91174747  0.88285515  0.97319856  0.92663312  1.15409380  1.45434879  1.48595897  0.89715869  0.91174747  0.84154971  0.92663312  0.85506070  0.64340204  0.59405176  0.47943925  0.43204565  0.57520756  0.35240843  0.53011725  0.43973442  0.33881628  0.35930040  0.35930040  0.50433950  0.14478284  0.10459035  0.08054711  0.07114680  0.00000000  0.46329781  0.46329781  0.45535872  0.47132401  0.46329781  0.53891571  0.61339424  0.68542877  0.63326205  0.64340204  1.00597491  0.78987085  0.51283156  0.53011725  0.57520756  0.53891571  0.60365907  0.75337475  0.63326205  0.65368455  0.50433950  0.53011725  0.89715869  0.91174747  0.94182796  1.09498056  1.15409380  0.68542877  0.71861320  0.82828372  0.71861320  0.89715869  0.86882593  0.85506070  0.69632384  0.68542877  0.53011725  0.49594489  0.58456899  0.58456899  0.64340204  0.64340204  0.64340204  0.63326205  0.68542877  0.62326070  0.62326070  0.63326205  0.94182796  0.68542877  0.64340204  0.54782129  0.56596442  0.56596442  0.53891571  0.54782129  0.53891571  0.53891571  0.61339424  0.65368455  0.85506070  0.62326070  0.51283156  0.56596442  0.53891571  
44_0_0     0.75337475  0.74160308  0.78987085  0.74160308  1.31402542  1.19633501  1.21840695  0.73001783  0.70738363  0.70738363  0.78987085  0.66411365  0.59405176  0.55683661  0.41690637  0.38037465  0.53891571  0.29313912  0.43204565  0.66411365  0.57520756  0.52142335  0.52142335  0.71861320  0.47943925  0.47132401  0.44750485  0.43204565  0.46329781  0.00000000  0.05726901  0.08529296  0.05270097  0.04364958  0.09487803  0.38753651  0.32547206  0.47132401  0.59405176  0.91174747  0.86882593  0.40207406  0.46329781  0.50433950  0.47132401  0.52142335  0.64340204  0.54782129  0.55683661  0.47943925  0.45535872  0.88285515  0.68542877  0.74160308  1.05806900  0.95734512  0.53011725  0.56596442  0.70738363  0.50433950  0.73001783  0.75337475  0.74160308  0.56596442  0.55683661  0.42443685  0.39476918  0.42443685  0.47132401  0.51283156  0.47132401  0.47132401  0.41690637  0.56596442  0.49594489  0.49594489  0.48764552  0.74160308  0.59405176  0.57520756  0.40207406  0.42443685  0.40945263  0.42443685  0.46329781  0.43973442  0.56596442  0.57520756  0.69632384  0.73001783  0.57520756  0.54782129  0.48764552  0.50433950  
76_0_0     0.71861320  0.69632384  0.73001783  0.68542877  1.31402542  1.28892383  1.31402542  0.71861320  0.70738363  0.71861320  0.77750207  0.66411365  0.59405176  0.61339424  0.37328223  0.38037465  0.50433950  0.31236691  0.47943925  0.65368455  0.59405176  0.59405176  0.59405176  0.71861320  0.47943925  0.45535872  0.44750485  0.43204565  0.46329781  0.05726901  0.00000000  0.06186575  0.03027909  0.03916554  0.10459035  0.40207406  0.33211374  0.48764552  0.57520756  0.89715869  0.85506070  0.38753651  0.45535872  0.53011725  0.46329781  0.50433950  0.68542877  0.54782129  0.55683661  0.47132401  0.43973442  0.91174747  0.74160308  0.77750207  1.05806900  1.00597491  0.53011725  0.55683661  0.70738363  0.52142335  0.77750207  0.70738363  0.71861320  0.54782129  0.53891571  0.40945263  0.38037465  0.45535872  0.49594489  0.53011725  0.50433950  0.50433950  0.44750485  0.57520756  0.49594489  0.49594489  0.48764552  0.80245235  0.58456899  0.54782129  0.40207406  0.44750485  0.43204565  0.42443685  0.47943925  0.45535872  0.56596442  0.59405176  0.68542877  0.78987085  0.63326205  0.57520756  0.51283156  0.50433950  
70_0_0     0.70738363  0.71861320  0.74160308  0.69632384  1.42404809  1.28892383  1.31402542  0.77750207  0.77750207  0.75337475  0.80245235  0.68542877  0.56596442  0.54782129  0.40945263  0.37328223  0.53891571  0.32547206  0.50433950  0.65368455  0.58456899  0.54782129  0.54782129  0.77750207  0.48764552  0.45535872  0.43973442  0.41690637  0.45535872  0.08529296  0.06186575  0.00000000  0.03916554  0.05726901  0.12441060  0.39476918  0.35930040  0.52142335  0.58456899  0.88285515  0.85506070  0.41690637  0.47132401  0.53891571  0.46329781  0.53891571  0.67469358  0.52142335  0.53011725  0.50433950  0.42443685  0.97319856  0.74160308  0.81525403  1.09498056  1.05806900  0.59405176  0.62326070  0.71861320  0.54782129  0.75337475  0.75337475  0.76533895  0.61339424  0.60365907  0.44750485  0.40945263  0.48764552  0.51283156  0.54782129  0.53891571  0.53891571  0.46329781  0.59405176  0.53011725  0.53011725  0.52142335  0.75337475  0.61339424  0.57520756  0.38753651  0.43204565  0.44750485  0.43973442  0.47132401  0.48764552  0.56596442  0.58456899  0.73001783  0.78987085  0.63326205  0.56596442  0.51283156  0.48764552  
55_0_0     0.74160308  0.73001783  0.73001783  0.68542877  1.39495268  1.28892383  1.31402542  0.74160308  0.73001783  0.74160308  0.78987085  0.67469358  0.58456899  0.58456899  0.40945263  0.38753651  0.53891571  0.30590133  0.47943925  0.63326205  0.58456899  0.56596442  0.56596442  0.74160308  0.47132401  0.46329781  0.43204565  0.42443685  0.47132401  0.05270097  0.03027909  0.03916554  0.00000000  0.02587602  0.09006979  0.39476918  0.33881628  0.50433950  0.58456899  0.89715869  0.85506070  0.41690637  0.45535872  0.53011725  0.46329781  0.52142335  0.68542877  0.53011725  0.53891571  0.48764552  0.42443685  0.92663312  0.73001783  0.74160308  1.05806900  1.07629200  0.54782129  0.57520756  0.70738363  0.52142335  0.76533895  0.73001783  0.74160308  0.56596442  0.55683661  0.40945263  0.38037465  0.45535872  0.47943925  0.51283156  0.50433950  0.50433950  0.44750485  0.57520756  0.49594489  0.49594489  0.48764552  0.76533895  0.58456899  0.54782129  0.40207406  0.41690637  0.41690637  0.40945263  0.44750485  0.45535872  0.54782129  0.56596442  0.70738363  0.78987085  0.64340204  0.56596442  0.50433950  0.49594489  
93_0_0     0.73001783  0.69632384  0.71861320  0.67469358  1.36697033  1.28892383  1.31402542  0.70738363  0.69632384  0.73001783  0.78987085  0.68542877  0.57520756  0.53891571  0.40945263  0.40207406  0.53011725  0.31236691  0.45535872  0.62326070  0.60365907  0.54782129  0.54782129  0.73001783  0.46329781  0.43973442  0.43973442  0.41690637  0.46329781  0.04364958  0.03916554  0.05726901  0.02587602  0.00000000  0.08054711  0.38753651  0.33211374  0.47132401  0.58456899  0.89715869  0.85506070  0.41690637  0.48764552  0.52142335  0.48764552  0.53891571  0.68542877  0.54782129  0.55683661  0.50433950  0.45535872  0.94182796  0.69632384  0.73001783  1.00597491  1.05806900  0.51283156  0.55683661  0.70738363  0.52142335  0.76533895  0.75337475  0.74160308  0.56596442  0.55683661  0.42443685  0.39476918  0.43973442  0.47132401  0.51283156  0.48764552  0.48764552  0.43204565  0.58456899  0.47943925  0.47943925  0.47132401  0.74160308  0.58456899  0.56596442  0.40207406  0.43204565  0.41690637  0.40945263  0.44750485  0.43973442  0.55683661  0.57520756  0.69632384  0.75337475  0.64340204  0.56596442  0.52142335  0.51283156  
92_0_0     0.76533895  0.68542877  0.70738363  0.68542877  1.31402542  1.26465505  1.24116559  0.73001783  0.71861320  0.73001783  0.78987085  0.67469358  0.61339424  0.52142335  0.39476918  0.35930040  0.55683661  0.33211374  0.42443685  0.61339424  0.61339424  0.55683661  0.55683661  0.74160308  0.48764552  0.51283156  0.49594489  0.48764552  0.53891571  0.09487803  0.10459035  0.12441060  0.09006979  0.08054711  0.00000000  0.35240843  0.32547206  0.51283156  0.59405176  0.95734512  0.85506070  0.43973442  0.48764552  0.53011725  0.49594489  0.54782129  0.69632384  0.52142335  0.54782129  0.48764552  0.48764552  0.89715869  0.71861320  0.76533895  1.04028892  1.00597491  0.51283156  0.53891571  0.68542877  0.51283156  0.70738363  0.78987085  0.77750207  0.54782129  0.57520756  0.41690637  0.38753651  0.46329781  0.51283156  0.53011725  0.51283156  0.51283156  0.47132401  0.62326070  0.48764552  0.48764552  0.47943925  0.77750207  0.59405176  0.57520756  0.40945263  0.41690637  0.40945263  0.43973442  0.45535872  0.47132401  0.55683661  0.59405176  0.64340204  0.84154971  0.67469358  0.55683661  0.53011725  0.52142335  
