20
5_0_0      0.00000000  0.05533246  0.06496643  0.32984145  0.32296236  0.32296236  0.38728051  0.30939132  0.27009725  0.25119890  0.34379259  0.54452164  0.56317469  0.52632292  0.53536687  0.53536687  0.58230535  0.53536687  0.48267572  0.57267879  
4_0_0      0.05533246  0.00000000  0.06496643  0.35800918  0.35086707  0.35800918  0.41774546  0.36522021  0.29606237  0.31614603  0.37985447  0.57267879  0.61195230  0.58230535  0.57267879  0.57267879  0.63239129  0.57267879  0.53536687  0.58230535  
3_0_0      0.06496643  0.06496643  0.00000000  0.34379259  0.33678446  0.28948601  0.36522021  0.32296236  0.27009725  0.26374454  0.32296236  0.52632292  0.56317469  0.53536687  0.52632292  0.52632292  0.60193871  0.54452164  0.50855693  0.55378996  
8_0_0      0.32984145  0.35800918  0.34379259  0.00000000  0.00445772  0.28296703  0.28948601  0.28296703  0.23886042  0.22672239  0.27009725  0.52632292  0.53536687  0.49982987  0.50855693  0.50855693  0.59205754  0.53536687  0.53536687  0.58230535  
2_0_0      0.32296236  0.35086707  0.33678446  0.00445772  0.00000000  0.27650443  0.28296703  0.27650443  0.23276676  0.22072653  0.26374454  0.51738713  0.54452164  0.50855693  0.51738713  0.51738713  0.60193871  0.54452164  0.52632292  0.57267879  
1_0_0      0.32296236  0.35800918  0.28948601  0.28296703  0.27650443  0.00000000  0.09969849  0.12029517  0.18005092  0.15776473  0.21477839  0.37985447  0.40235773  0.42555981  0.41774546  0.41774546  0.46590657  0.43345675  0.41001198  0.40235773  
9_0_0      0.38728051  0.41774546  0.36522021  0.28948601  0.28296703  0.09969849  0.00000000  0.13612405  0.17441675  0.16327427  0.19721292  0.41774546  0.44143805  0.46590657  0.47424410  0.47424410  0.50855693  0.44143805  0.43345675  0.42555981  
6_0_0      0.30939132  0.36522021  0.32296236  0.28296703  0.27650443  0.12029517  0.13612405  0.00000000  0.15776473  0.13081041  0.19144834  0.43345675  0.44950552  0.41774546  0.42555981  0.42555981  0.52632292  0.42555981  0.39478109  0.44950552  
11_0_0     0.27009725  0.29606237  0.27009725  0.23886042  0.23276676  0.18005092  0.17441675  0.15776473  0.00000000  0.03642935  0.12029517  0.44143805  0.46590657  0.43345675  0.44143805  0.44143805  0.53536687  0.48267572  0.46590657  0.41001198  
7_0_0      0.25119890  0.31614603  0.26374454  0.22672239  0.22072653  0.15776473  0.16327427  0.13081041  0.03642935  0.00000000  0.10479468  0.39478109  0.41774546  0.38728051  0.39478109  0.39478109  0.48267572  0.44950552  0.41774546  0.40235773  
10_0_0     0.34379259  0.37985447  0.32296236  0.27009725  0.26374454  0.21477839  0.19721292  0.19144834  0.12029517  0.10479468  0.00000000  0.36522021  0.40235773  0.41774546  0.41001198  0.41001198  0.45766104  0.44950552  0.44950552  0.37250152  
17_0_0     0.54452164  0.57267879  0.52632292  0.52632292  0.51738713  0.37985447  0.41774546  0.43345675  0.44143805  0.39478109  0.36522021  0.00000000  0.06983040  0.28296703  0.27650443  0.27650443  0.18005092  0.19144834  0.22672239  0.17441675  
16_0_0     0.56317469  0.61195230  0.56317469  0.53536687  0.54452164  0.40235773  0.44143805  0.44950552  0.46590657  0.41774546  0.40235773  0.06983040  0.00000000  0.25744539  0.26374454  0.26374454  0.16882474  0.16882474  0.21477839  0.18572790  
20_0_0     0.52632292  0.58230535  0.53536687  0.49982987  0.50855693  0.42555981  0.46590657  0.41774546  0.43345675  0.38728051  0.41774546  0.28296703  0.25744539  0.00000000  0.00445772  0.00445772  0.19144834  0.21477839  0.24500419  0.23886042  
12_0_0     0.53536687  0.57267879  0.52632292  0.50855693  0.51738713  0.41774546  0.47424410  0.42555981  0.44143805  0.39478109  0.41001198  0.27650443  0.26374454  0.00445772  0.00000000  0.00000000  0.19721292  0.22072653  0.25119890  0.23276676  
19_0_0     0.53536687  0.57267879  0.52632292  0.50855693  0.51738713  0.41774546  0.47424410  0.42555981  0.44143805  0.39478109  0.41001198  0.27650443  0.26374454  0.00445772  0.00000000  0.00000000  0.19721292  0.22072653  0.25119890  0.23276676  
13_0_0     0.58230535  0.63239129  0.60193871  0.59205754  0.60193871  0.46590657  0.50855693  0.52632292  0.53536687  0.48267572  0.45766104  0.18005092  0.16882474  0.19144834  0.19721292  0.19721292  0.00000000  0.15229552  0.20302232  0.19144834  
18_0_0     0.53536687  0.57267879  0.54452164  0.53536687  0.54452164  0.43345675  0.44143805  0.42555981  0.48267572  0.44950552  0.44950552  0.19144834  0.16882474  0.21477839  0.22072653  0.22072653  0.15229552  0.00000000  0.04111048  0.22672239  
14_0_0     0.48267572  0.53536687  0.50855693  0.53536687  0.52632292  0.41001198  0.43345675  0.39478109  0.46590657  0.41774546  0.44950552  0.22672239  0.21477839  0.24500419  0.25119890  0.25119890  0.20302232  0.04111048  0.00000000  0.25744539  
15_0_0     0.57267879  0.58230535  0.55378996  0.58230535  0.57267879  0.40235773  0.42555981  0.44950552  0.41001198  0.40235773  0.37250152  0.17441675  0.18572790  0.23886042  0.23276676  0.23276676  0.19144834  0.22672239  0.25744539  0.00000000  

