192
12_0_0     0.00000000  0.08500559  0.07686021  0.08500559  0.08500559  0.09324188  0.09324188  0.11851716  0.08500559  0.09324188  0.10157115  0.27023505  0.28083847  0.24947466  0.25978185  0.23930947  0.22928242  0.46144175  0.44792470  0.44792470  0.31359478  0.37164307  0.34787302  0.29159647  0.27023505  0.28083847  0.28083847  0.22928242  0.22928242  0.28083847  0.29159647  0.30251365  0.29159647  0.29159647  0.27023505  0.24947466  0.24947466  0.37164307  0.35966234  0.29159647  0.31359478  0.31359478  0.33626911  0.34787302  0.33626911  0.35966234  0.37164307  0.39620439  0.39620439  0.38382154  0.32484485  0.33626911  0.37164307  0.37164307  0.32484485  0.30251365  0.37164307  0.38382154  0.38382154  0.35966234  0.33626911  0.32484485  0.29159647  0.28083847  0.30251365  0.30251365  0.32484485  0.32484485  0.33626911  0.32484485  0.32484485  0.33626911  0.32484485  0.31359478  0.32484485  0.32484485  0.33626911  0.30251365  0.30251365  0.34787302  0.34787302  0.38382154  0.38382154  0.33626911  0.30251365  0.31359478  0.34787302  0.33626911  0.34787302  0.32484485  0.29159647  0.30251365  0.35966234  0.33626911  0.32484485  0.32484485  0.40879860  0.40879860  0.35966234  0.42161149  0.31359478  0.30251365  0.44792470  0.38382154  0.40879860  0.40879860  0.37164307  0.35966234  0.32484485  0.43465081  0.39620439  0.33626911  0.48924216  0.46144175  0.44792470  0.44792470  0.42161149  0.37164307  0.35966234  0.38382154  0.35966234  0.34787302  0.38382154  0.43465081  0.42161149  0.50354527  0.47521104  0.44792470  0.44792470  0.34787302  0.39620439  0.35966234  0.38382154  0.38382154  0.37164307  0.38382154  0.46144175  0.43465081  0.33626911  0.32484485  0.35966234  0.37164307  0.42161149  0.38382154  0.39620439  0.38382154  0.32484485  0.33626911  0.30251365  0.30251365  0.25978185  0.25978185  0.28083847  0.32484485  0.31359478  0.35966234  0.28083847  0.28083847  0.31359478  0.31359478  0.34787302  0.38382154  0.40879860  0.33626911  0.27023505  0.32484485  0.31359478  0.34787302  0.35966234  0.35966234  0.32484485  0.32484485  0.32484485  0.32484485  0.31359478  0.32484485  0.32484485  0.30251365  0.29159647  0.28083847  0.35966234  0.31359478  0.30251365  0.28083847  0.31359478  0.33626911  0.34787302  0.38382154  0.39620439  0.37164307  0.39620439  0.44792470  
4_0_0      0.08500559  0.00000000  0.05295006  0.07686021  0.06083434  0.05295006  0.05295006  0.12713838  0.06083434  0.06880377  0.09324188  0.23930947  0.24947466  0.23930947  0.23930947  0.25978185  0.20962804  0.42161149  0.40879860  0.40879860  0.28083847  0.34787302  0.33626911  0.27023505  0.27023505  0.29159647  0.28083847  0.20962804  0.19999375  0.24947466  0.25978185  0.27023505  0.25978185  0.25978185  0.25978185  0.23930947  0.21938979  0.30251365  0.29159647  0.25978185  0.24947466  0.34787302  0.32484485  0.34787302  0.33626911  0.30251365  0.33626911  0.33626911  0.33626911  0.33626911  0.31359478  0.32484485  0.35966234  0.35966234  0.31359478  0.28083847  0.35966234  0.37164307  0.37164307  0.33626911  0.29159647  0.28083847  0.29159647  0.28083847  0.28083847  0.28083847  0.35966234  0.35966234  0.37164307  0.28083847  0.27023505  0.29159647  0.30251365  0.29159647  0.29159647  0.30251365  0.31359478  0.28083847  0.30251365  0.31359478  0.31359478  0.34787302  0.34787302  0.29159647  0.30251365  0.28083847  0.31359478  0.33626911  0.34787302  0.34787302  0.29159647  0.30251365  0.33626911  0.33626911  0.32484485  0.32484485  0.43465081  0.43465081  0.35966234  0.44792470  0.33626911  0.32484485  0.39620439  0.35966234  0.39620439  0.39620439  0.37164307  0.33626911  0.34787302  0.47521104  0.37164307  0.31359478  0.43465081  0.40879860  0.39620439  0.39620439  0.35966234  0.39620439  0.38382154  0.35966234  0.39620439  0.38382154  0.35966234  0.37164307  0.38382154  0.48924216  0.46144175  0.40879860  0.40879860  0.30251365  0.33626911  0.30251365  0.39620439  0.37164307  0.35966234  0.37164307  0.37164307  0.38382154  0.25978185  0.28083847  0.30251365  0.33626911  0.38382154  0.37164307  0.35966234  0.37164307  0.39620439  0.40879860  0.31359478  0.31359478  0.23930947  0.23930947  0.25978185  0.28083847  0.27023505  0.30251365  0.25978185  0.25978185  0.27023505  0.27023505  0.30251365  0.32484485  0.35966234  0.38382154  0.27023505  0.34787302  0.35966234  0.34787302  0.38382154  0.38382154  0.34787302  0.34787302  0.34787302  0.28083847  0.32484485  0.31359478  0.33626911  0.30251365  0.28083847  0.27023505  0.30251365  0.28083847  0.29159647  0.29159647  0.30251365  0.32484485  0.30251365  0.35966234  0.37164307  0.34787302  0.37164307  0.43465081  
9_0_0      0.07686021  0.05295006  0.00000000  0.03742982  0.02222931  0.02979042  0.02979042  0.10157115  0.03742982  0.02979042  0.05295006  0.19048362  0.19999375  0.19048362  0.19048362  0.20962804  0.16266726  0.39620439  0.38382154  0.38382154  0.25978185  0.34787302  0.31359478  0.24947466  0.24947466  0.27023505  0.24947466  0.20962804  0.19999375  0.22928242  0.23930947  0.24947466  0.23930947  0.23930947  0.23930947  0.21938979  0.19999375  0.31359478  0.30251365  0.22928242  0.25978185  0.34787302  0.30251365  0.34787302  0.33626911  0.31359478  0.30251365  0.30251365  0.30251365  0.30251365  0.30251365  0.33626911  0.37164307  0.37164307  0.32484485  0.29159647  0.34787302  0.37164307  0.37164307  0.34787302  0.29159647  0.28083847  0.27023505  0.25978185  0.23930947  0.25978185  0.33626911  0.33626911  0.34787302  0.28083847  0.28083847  0.29159647  0.30251365  0.29159647  0.30251365  0.30251365  0.31359478  0.30251365  0.32484485  0.31359478  0.31359478  0.35966234  0.35966234  0.29159647  0.30251365  0.29159647  0.28083847  0.31359478  0.32484485  0.30251365  0.27023505  0.28083847  0.33626911  0.31359478  0.30251365  0.32484485  0.42161149  0.42161149  0.38382154  0.44792470  0.33626911  0.32484485  0.42161149  0.33626911  0.38382154  0.38382154  0.34787302  0.33626911  0.34787302  0.43465081  0.34787302  0.31359478  0.43465081  0.40879860  0.39620439  0.39620439  0.37164307  0.39620439  0.38382154  0.34787302  0.34787302  0.34787302  0.35966234  0.35966234  0.37164307  0.44792470  0.42161149  0.39620439  0.39620439  0.32484485  0.34787302  0.33626911  0.35966234  0.33626911  0.32484485  0.33626911  0.38382154  0.37164307  0.29159647  0.31359478  0.33626911  0.33626911  0.37164307  0.35966234  0.34787302  0.35966234  0.39620439  0.40879860  0.29159647  0.29159647  0.25978185  0.23930947  0.25978185  0.30251365  0.27023505  0.31359478  0.25978185  0.25978185  0.29159647  0.27023505  0.32484485  0.33626911  0.31359478  0.38382154  0.29159647  0.37164307  0.38382154  0.37164307  0.38382154  0.38382154  0.37164307  0.37164307  0.34787302  0.30251365  0.33626911  0.32484485  0.31359478  0.28083847  0.29159647  0.28083847  0.33626911  0.29159647  0.30251365  0.28083847  0.29159647  0.31359478  0.31359478  0.34787302  0.35966234  0.33626911  0.35966234  0.39620439  
30_0_0     0.08500559  0.07686021  0.03742982  0.00000000  0.01474488  0.02222931  0.02222931  0.09324188  0.07686021  0.06880377  0.07686021  0.19999375  0.20962804  0.19999375  0.19999375  0.18109451  0.19048362  0.40879860  0.39620439  0.39620439  0.29159647  0.37164307  0.34787302  0.28083847  0.28083847  0.29159647  0.27023505  0.21938979  0.20962804  0.24947466  0.25978185  0.27023505  0.25978185  0.25978185  0.25978185  0.23930947  0.21938979  0.34787302  0.33626911  0.28083847  0.29159647  0.37164307  0.32484485  0.34787302  0.33626911  0.34787302  0.33626911  0.35966234  0.35966234  0.33626911  0.35966234  0.37164307  0.38382154  0.38382154  0.35966234  0.32484485  0.38382154  0.40879860  0.40879860  0.38382154  0.29159647  0.28083847  0.27023505  0.28083847  0.25978185  0.30251365  0.33626911  0.33626911  0.34787302  0.30251365  0.30251365  0.29159647  0.30251365  0.29159647  0.30251365  0.30251365  0.31359478  0.28083847  0.30251365  0.29159647  0.29159647  0.34787302  0.34787302  0.27023505  0.28083847  0.28083847  0.28083847  0.31359478  0.31359478  0.30251365  0.25978185  0.24947466  0.33626911  0.29159647  0.30251365  0.32484485  0.42161149  0.42161149  0.38382154  0.42161149  0.33626911  0.32484485  0.39620439  0.31359478  0.35966234  0.35966234  0.32484485  0.33626911  0.32484485  0.43465081  0.34787302  0.29159647  0.46144175  0.43465081  0.40879860  0.40879860  0.39620439  0.34787302  0.33626911  0.34787302  0.30251365  0.32484485  0.38382154  0.42161149  0.40879860  0.47521104  0.47521104  0.42161149  0.42161149  0.34787302  0.40879860  0.37164307  0.35966234  0.33626911  0.32484485  0.33626911  0.35966234  0.38382154  0.31359478  0.31359478  0.35966234  0.30251365  0.34787302  0.35966234  0.32484485  0.33626911  0.40879860  0.39620439  0.34787302  0.32484485  0.27023505  0.24947466  0.25978185  0.30251365  0.30251365  0.35966234  0.28083847  0.28083847  0.29159647  0.27023505  0.34787302  0.35966234  0.33626911  0.35966234  0.29159647  0.34787302  0.35966234  0.34787302  0.35966234  0.35966234  0.34787302  0.34787302  0.34787302  0.32484485  0.35966234  0.34787302  0.33626911  0.32484485  0.29159647  0.28083847  0.33626911  0.29159647  0.30251365  0.30251365  0.33626911  0.35966234  0.31359478  0.34787302  0.35966234  0.33626911  0.35966234  0.43465081  
10_0_0     0.08500559  0.06083434  0.02222931  0.01474488  0.00000000  0.00733561  0.00733561  0.09324188  0.06083434  0.05295006  0.07686021  0.19999375  0.20962804  0.19999375  0.18109451  0.19999375  0.17182336  0.42161149  0.40879860  0.40879860  0.28083847  0.37164307  0.33626911  0.27023505  0.27023505  0.28083847  0.25978185  0.20962804  0.19999375  0.23930947  0.24947466  0.25978185  0.24947466  0.24947466  0.24947466  0.22928242  0.20962804  0.32484485  0.31359478  0.25978185  0.27023505  0.34787302  0.30251365  0.34787302  0.33626911  0.32484485  0.31359478  0.33626911  0.33626911  0.31359478  0.33626911  0.34787302  0.38382154  0.38382154  0.33626911  0.30251365  0.38382154  0.38382154  0.38382154  0.35966234  0.29159647  0.28083847  0.27023505  0.25978185  0.23930947  0.28083847  0.35966234  0.35966234  0.37164307  0.28083847  0.28083847  0.29159647  0.30251365  0.29159647  0.30251365  0.30251365  0.31359478  0.28083847  0.30251365  0.29159647  0.29159647  0.33626911  0.33626911  0.27023505  0.28083847  0.28083847  0.28083847  0.31359478  0.31359478  0.30251365  0.25978185  0.27023505  0.33626911  0.29159647  0.30251365  0.30251365  0.39620439  0.39620439  0.35966234  0.42161149  0.31359478  0.30251365  0.39620439  0.31359478  0.35966234  0.35966234  0.32484485  0.31359478  0.32484485  0.46144175  0.34787302  0.29159647  0.43465081  0.40879860  0.40879860  0.40879860  0.37164307  0.37164307  0.35966234  0.34787302  0.32484485  0.32484485  0.38382154  0.39620439  0.40879860  0.47521104  0.44792470  0.42161149  0.42161149  0.32484485  0.38382154  0.34787302  0.35966234  0.33626911  0.32484485  0.33626911  0.35966234  0.38382154  0.29159647  0.29159647  0.33626911  0.32484485  0.37164307  0.35966234  0.34787302  0.35966234  0.40879860  0.42161149  0.32484485  0.32484485  0.27023505  0.22928242  0.25978185  0.30251365  0.30251365  0.33626911  0.25978185  0.25978185  0.29159647  0.27023505  0.32484485  0.35966234  0.33626911  0.38382154  0.29159647  0.37164307  0.38382154  0.37164307  0.38382154  0.38382154  0.37164307  0.37164307  0.34787302  0.30251365  0.33626911  0.32484485  0.33626911  0.30251365  0.29159647  0.28083847  0.33626911  0.29159647  0.30251365  0.30251365  0.32484485  0.34787302  0.31359478  0.34787302  0.35966234  0.33626911  0.35966234  0.43465081  
28_0_0     0.09324188  0.05295006  0.02979042  0.02222931  0.00733561  0.00000000  0.00000000  0.10157115  0.06880377  0.06083434  0.08500559  0.20962804  0.21938979  0.20962804  0.19048362  0.20962804  0.18109451  0.40879860  0.39620439  0.39620439  0.27023505  0.35966234  0.32484485  0.25978185  0.25978185  0.27023505  0.24947466  0.19999375  0.19048362  0.22928242  0.23930947  0.24947466  0.23930947  0.23930947  0.23930947  0.21938979  0.19999375  0.31359478  0.30251365  0.27023505  0.25978185  0.35966234  0.31359478  0.35966234  0.34787302  0.33626911  0.32484485  0.34787302  0.34787302  0.32484485  0.34787302  0.35966234  0.39620439  0.39620439  0.34787302  0.31359478  0.39620439  0.39620439  0.39620439  0.37164307  0.28083847  0.27023505  0.28083847  0.27023505  0.24947466  0.29159647  0.37164307  0.37164307  0.38382154  0.29159647  0.29159647  0.30251365  0.31359478  0.30251365  0.31359478  0.31359478  0.32484485  0.29159647  0.31359478  0.30251365  0.30251365  0.34787302  0.34787302  0.28083847  0.29159647  0.29159647  0.29159647  0.32484485  0.32484485  0.31359478  0.27023505  0.28083847  0.34787302  0.30251365  0.31359478  0.31359478  0.40879860  0.40879860  0.37164307  0.43465081  0.32484485  0.31359478  0.38382154  0.32484485  0.37164307  0.37164307  0.33626911  0.32484485  0.33626911  0.47521104  0.35966234  0.30251365  0.42161149  0.39620439  0.39620439  0.39620439  0.35966234  0.38382154  0.37164307  0.35966234  0.33626911  0.33626911  0.39620439  0.38382154  0.42161149  0.48924216  0.46144175  0.43465081  0.43465081  0.33626911  0.39620439  0.35966234  0.37164307  0.34787302  0.33626911  0.34787302  0.37164307  0.39620439  0.30251365  0.30251365  0.34787302  0.33626911  0.38382154  0.37164307  0.35966234  0.37164307  0.42161149  0.43465081  0.31359478  0.31359478  0.25978185  0.23930947  0.24947466  0.29159647  0.29159647  0.32484485  0.24947466  0.24947466  0.28083847  0.25978185  0.31359478  0.34787302  0.34787302  0.39620439  0.28083847  0.35966234  0.37164307  0.35966234  0.37164307  0.37164307  0.35966234  0.35966234  0.35966234  0.29159647  0.32484485  0.31359478  0.34787302  0.31359478  0.28083847  0.27023505  0.32484485  0.28083847  0.29159647  0.29159647  0.31359478  0.33626911  0.30251365  0.33626911  0.34787302  0.32484485  0.34787302  0.42161149  
24_0_0     0.09324188  0.05295006  0.02979042  0.02222931  0.00733561  0.00000000  0.00000000  0.10157115  0.06880377  0.06083434  0.08500559  0.20962804  0.21938979  0.20962804  0.19048362  0.20962804  0.18109451  0.40879860  0.39620439  0.39620439  0.27023505  0.35966234  0.32484485  0.25978185  0.25978185  0.27023505  0.24947466  0.19999375  0.19048362  0.22928242  0.23930947  0.24947466  0.23930947  0.23930947  0.23930947  0.21938979  0.19999375  0.31359478  0.30251365  0.27023505  0.25978185  0.35966234  0.31359478  0.35966234  0.34787302  0.33626911  0.32484485  0.34787302  0.34787302  0.32484485  0.34787302  0.35966234  0.39620439  0.39620439  0.34787302  0.31359478  0.39620439  0.39620439  0.39620439  0.37164307  0.28083847  0.27023505  0.28083847  0.27023505  0.24947466  0.29159647  0.37164307  0.37164307  0.38382154  0.29159647  0.29159647  0.30251365  0.31359478  0.30251365  0.31359478  0.31359478  0.32484485  0.29159647  0.31359478  0.30251365  0.30251365  0.34787302  0.34787302  0.28083847  0.29159647  0.29159647  0.29159647  0.32484485  0.32484485  0.31359478  0.27023505  0.28083847  0.34787302  0.30251365  0.31359478  0.31359478  0.40879860  0.40879860  0.37164307  0.43465081  0.32484485  0.31359478  0.38382154  0.32484485  0.37164307  0.37164307  0.33626911  0.32484485  0.33626911  0.47521104  0.35966234  0.30251365  0.42161149  0.39620439  0.39620439  0.39620439  0.35966234  0.38382154  0.37164307  0.35966234  0.33626911  0.33626911  0.39620439  0.38382154  0.42161149  0.48924216  0.46144175  0.43465081  0.43465081  0.33626911  0.39620439  0.35966234  0.37164307  0.34787302  0.33626911  0.34787302  0.37164307  0.39620439  0.30251365  0.30251365  0.34787302  0.33626911  0.38382154  0.37164307  0.35966234  0.37164307  0.42161149  0.43465081  0.31359478  0.31359478  0.25978185  0.23930947  0.24947466  0.29159647  0.29159647  0.32484485  0.24947466  0.24947466  0.28083847  0.25978185  0.31359478  0.34787302  0.34787302  0.39620439  0.28083847  0.35966234  0.37164307  0.35966234  0.37164307  0.37164307  0.35966234  0.35966234  0.35966234  0.29159647  0.32484485  0.31359478  0.34787302  0.31359478  0.28083847  0.27023505  0.32484485  0.28083847  0.29159647  0.29159647  0.31359478  0.33626911  0.30251365  0.33626911  0.34787302  0.32484485  0.34787302  0.42161149  
3_0_0      0.11851716  0.12713838  0.10157115  0.09324188  0.09324188  0.10157115  0.10157115  0.00000000  0.10999551  0.11851716  0.14468900  0.28083847  0.29159647  0.25978185  0.23930947  0.27023505  0.24947466  0.37164307  0.38382154  0.38382154  0.25978185  0.37164307  0.30251365  0.28083847  0.28083847  0.30251365  0.28083847  0.24947466  0.24947466  0.30251365  0.29159647  0.30251365  0.29159647  0.29159647  0.28083847  0.27023505  0.27023505  0.32484485  0.31359478  0.28083847  0.27023505  0.40879860  0.40879860  0.44792470  0.43465081  0.34787302  0.35966234  0.38382154  0.38382154  0.34787302  0.40879860  0.42161149  0.46144175  0.46144175  0.40879860  0.32484485  0.40879860  0.39620439  0.39620439  0.38382154  0.32484485  0.31359478  0.28083847  0.29159647  0.30251365  0.29159647  0.39620439  0.39620439  0.40879860  0.33626911  0.31359478  0.32484485  0.32484485  0.31359478  0.32484485  0.32484485  0.33626911  0.31359478  0.33626911  0.34787302  0.34787302  0.34787302  0.34787302  0.28083847  0.31359478  0.30251365  0.31359478  0.34787302  0.34787302  0.37164307  0.33626911  0.34787302  0.40879860  0.35966234  0.37164307  0.31359478  0.43465081  0.43465081  0.39620439  0.46144175  0.37164307  0.35966234  0.48924216  0.44792470  0.47521104  0.47521104  0.46144175  0.37164307  0.40879860  0.50354527  0.38382154  0.34787302  0.48924216  0.46144175  0.44792470  0.44792470  0.39620439  0.40879860  0.39620439  0.38382154  0.38382154  0.37164307  0.44792470  0.44792470  0.46144175  0.51813112  0.48924216  0.48924216  0.48924216  0.38382154  0.43465081  0.39620439  0.40879860  0.38382154  0.37164307  0.38382154  0.43465081  0.42161149  0.37164307  0.34787302  0.42161149  0.35966234  0.38382154  0.37164307  0.35966234  0.37164307  0.40879860  0.39620439  0.40879860  0.42161149  0.33626911  0.25978185  0.33626911  0.33626911  0.37164307  0.37164307  0.33626911  0.33626911  0.34787302  0.30251365  0.35966234  0.34787302  0.42161149  0.39620439  0.30251365  0.35966234  0.37164307  0.35966234  0.37164307  0.37164307  0.38382154  0.38382154  0.35966234  0.33626911  0.37164307  0.35966234  0.39620439  0.33626911  0.30251365  0.29159647  0.37164307  0.32484485  0.29159647  0.29159647  0.32484485  0.34787302  0.38382154  0.40879860  0.42161149  0.38382154  0.40879860  0.51813112  
14_0_0     0.08500559  0.06083434  0.03742982  0.07686021  0.06083434  0.06880377  0.06880377  0.10999551  0.00000000  0.05295006  0.07686021  0.23930947  0.24947466  0.23930947  0.21938979  0.25978185  0.20962804  0.38382154  0.37164307  0.39620439  0.27023505  0.33626911  0.32484485  0.25978185  0.25978185  0.30251365  0.28083847  0.23930947  0.22928242  0.25978185  0.27023505  0.28083847  0.27023505  0.27023505  0.27023505  0.24947466  0.22928242  0.32484485  0.31359478  0.25978185  0.27023505  0.35966234  0.33626911  0.35966234  0.34787302  0.32484485  0.35966234  0.33626911  0.33626911  0.35966234  0.31359478  0.34787302  0.38382154  0.38382154  0.33626911  0.30251365  0.35966234  0.38382154  0.38382154  0.35966234  0.30251365  0.29159647  0.28083847  0.27023505  0.27023505  0.27023505  0.31359478  0.31359478  0.32484485  0.29159647  0.29159647  0.30251365  0.30251365  0.29159647  0.30251365  0.30251365  0.31359478  0.31359478  0.33626911  0.32484485  0.32484485  0.37164307  0.37164307  0.30251365  0.31359478  0.29159647  0.27023505  0.32484485  0.35966234  0.33626911  0.30251365  0.31359478  0.34787302  0.34787302  0.33626911  0.33626911  0.44792470  0.44792470  0.39620439  0.46144175  0.32484485  0.31359478  0.43465081  0.37164307  0.42161149  0.42161149  0.38382154  0.34787302  0.35966234  0.47521104  0.33626911  0.32484485  0.44792470  0.42161149  0.40879860  0.40879860  0.38382154  0.40879860  0.39620439  0.38382154  0.40879860  0.39620439  0.37164307  0.37164307  0.35966234  0.46144175  0.43465081  0.38382154  0.38382154  0.31359478  0.33626911  0.32484485  0.37164307  0.34787302  0.33626911  0.34787302  0.42161149  0.38382154  0.30251365  0.32484485  0.34787302  0.34787302  0.38382154  0.37164307  0.35966234  0.37164307  0.40879860  0.42161149  0.32484485  0.32484485  0.27023505  0.24947466  0.27023505  0.31359478  0.28083847  0.32484485  0.29159647  0.29159647  0.30251365  0.30251365  0.33626911  0.34787302  0.32484485  0.39620439  0.28083847  0.38382154  0.39620439  0.38382154  0.42161149  0.42161149  0.38382154  0.38382154  0.35966234  0.31359478  0.34787302  0.33626911  0.32484485  0.24947466  0.30251365  0.29159647  0.34787302  0.30251365  0.31359478  0.29159647  0.28083847  0.30251365  0.33626911  0.39620439  0.40879860  0.38382154  0.40879860  0.46144175  
8_0_0      0.09324188  0.06880377  0.02979042  0.06880377  0.05295006  0.06083434  0.06083434  0.11851716  0.05295006  0.00000000  0.06880377  0.19048362  0.19999375  0.19048362  0.19048362  0.19048362  0.16266726  0.42161149  0.40879860  0.40879860  0.28083847  0.32484485  0.31359478  0.24947466  0.24947466  0.27023505  0.24947466  0.22928242  0.21938979  0.22928242  0.23930947  0.24947466  0.21938979  0.21938979  0.25978185  0.23930947  0.21938979  0.29159647  0.28083847  0.24947466  0.28083847  0.32484485  0.30251365  0.30251365  0.29159647  0.29159647  0.30251365  0.30251365  0.30251365  0.30251365  0.25978185  0.29159647  0.34787302  0.34787302  0.28083847  0.29159647  0.34787302  0.37164307  0.37164307  0.32484485  0.31359478  0.30251365  0.29159647  0.28083847  0.28083847  0.28083847  0.33626911  0.33626911  0.37164307  0.28083847  0.28083847  0.29159647  0.28083847  0.27023505  0.28083847  0.28083847  0.29159647  0.32484485  0.34787302  0.33626911  0.33626911  0.38382154  0.38382154  0.31359478  0.32484485  0.29159647  0.30251365  0.33626911  0.34787302  0.32484485  0.29159647  0.30251365  0.35966234  0.33626911  0.32484485  0.32484485  0.42161149  0.42161149  0.38382154  0.47521104  0.33626911  0.32484485  0.44792470  0.35966234  0.43465081  0.43465081  0.34787302  0.31359478  0.32484485  0.46144175  0.32484485  0.33626911  0.43465081  0.40879860  0.37164307  0.37164307  0.37164307  0.39620439  0.38382154  0.35966234  0.39620439  0.38382154  0.35966234  0.40879860  0.39620439  0.47521104  0.44792470  0.42161149  0.42161149  0.32484485  0.34787302  0.33626911  0.33626911  0.33626911  0.32484485  0.33626911  0.38382154  0.34787302  0.31359478  0.33626911  0.33626911  0.33626911  0.37164307  0.35966234  0.34787302  0.35966234  0.37164307  0.38382154  0.31359478  0.31359478  0.28083847  0.25978185  0.25978185  0.30251365  0.24947466  0.29159647  0.25978185  0.25978185  0.31359478  0.29159647  0.34787302  0.35966234  0.35966234  0.38382154  0.31359478  0.39620439  0.40879860  0.39620439  0.40879860  0.40879860  0.39620439  0.39620439  0.34787302  0.30251365  0.35966234  0.34787302  0.31359478  0.30251365  0.31359478  0.30251365  0.35966234  0.31359478  0.32484485  0.30251365  0.29159647  0.31359478  0.34787302  0.35966234  0.37164307  0.37164307  0.37164307  0.40879860  
20_0_0     0.10157115  0.09324188  0.05295006  0.07686021  0.07686021  0.08500559  0.08500559  0.14468900  0.07686021  0.06880377  0.00000000  0.23930947  0.24947466  0.25978185  0.25978185  0.25978185  0.22928242  0.35966234  0.34787302  0.34787302  0.27023505  0.34787302  0.32484485  0.25978185  0.28083847  0.25978185  0.23930947  0.23930947  0.22928242  0.25978185  0.24947466  0.25978185  0.24947466  0.24947466  0.24947466  0.22928242  0.20962804  0.34787302  0.33626911  0.25978185  0.29159647  0.40879860  0.38382154  0.38382154  0.37164307  0.37164307  0.38382154  0.38382154  0.38382154  0.38382154  0.35966234  0.39620439  0.40879860  0.40879860  0.38382154  0.34787302  0.35966234  0.43465081  0.43465081  0.38382154  0.28083847  0.27023505  0.28083847  0.24947466  0.29159647  0.27023505  0.31359478  0.31359478  0.33626911  0.29159647  0.29159647  0.28083847  0.31359478  0.30251365  0.31359478  0.31359478  0.32484485  0.29159647  0.31359478  0.32484485  0.32484485  0.38382154  0.38382154  0.30251365  0.27023505  0.29159647  0.27023505  0.32484485  0.38382154  0.33626911  0.30251365  0.29159647  0.34787302  0.32484485  0.31359478  0.33626911  0.40879860  0.40879860  0.34787302  0.40879860  0.32484485  0.31359478  0.37164307  0.34787302  0.39620439  0.39620439  0.35966234  0.32484485  0.33626911  0.44792470  0.38382154  0.30251365  0.42161149  0.39620439  0.35966234  0.35966234  0.38382154  0.37164307  0.35966234  0.35966234  0.38382154  0.39620439  0.32484485  0.39620439  0.35966234  0.42161149  0.43465081  0.38382154  0.38382154  0.35966234  0.38382154  0.37164307  0.34787302  0.32484485  0.31359478  0.32484485  0.39620439  0.38382154  0.32484485  0.34787302  0.34787302  0.34787302  0.38382154  0.39620439  0.35966234  0.37164307  0.40879860  0.39620439  0.32484485  0.30251365  0.24947466  0.24947466  0.24947466  0.27023505  0.23930947  0.32484485  0.29159647  0.29159647  0.30251365  0.25978185  0.33626911  0.32484485  0.34787302  0.37164307  0.28083847  0.35966234  0.37164307  0.38382154  0.37164307  0.37164307  0.35966234  0.35966234  0.33626911  0.33626911  0.34787302  0.33626911  0.30251365  0.31359478  0.31359478  0.30251365  0.33626911  0.29159647  0.31359478  0.29159647  0.31359478  0.33626911  0.31359478  0.34787302  0.35966234  0.33626911  0.35966234  0.42161149  
5_0_0      0.27023505  0.23930947  0.19048362  0.19999375  0.19999375  0.20962804  0.20962804  0.28083847  0.23930947  0.19048362  0.23930947  0.00000000  0.00733561  0.02979042  0.09324188  0.10999551  0.06083434  0.48924216  0.47521104  0.47521104  0.38382154  0.42161149  0.42161149  0.37164307  0.37164307  0.34787302  0.32484485  0.30251365  0.29159647  0.34787302  0.32484485  0.33626911  0.34787302  0.34787302  0.35966234  0.35966234  0.31359478  0.37164307  0.38382154  0.32484485  0.29159647  0.37164307  0.35966234  0.34787302  0.33626911  0.31359478  0.30251365  0.30251365  0.30251365  0.28083847  0.34787302  0.33626911  0.35966234  0.35966234  0.34787302  0.35966234  0.37164307  0.42161149  0.42161149  0.37164307  0.37164307  0.38382154  0.39620439  0.40879860  0.38382154  0.37164307  0.44792470  0.44792470  0.46144175  0.38382154  0.38382154  0.34787302  0.34787302  0.35966234  0.37164307  0.37164307  0.34787302  0.37164307  0.39620439  0.27023505  0.27023505  0.34787302  0.34787302  0.27023505  0.28083847  0.32484485  0.29159647  0.39620439  0.39620439  0.39620439  0.32484485  0.31359478  0.37164307  0.31359478  0.30251365  0.38382154  0.43465081  0.43465081  0.42161149  0.43465081  0.44792470  0.43465081  0.39620439  0.37164307  0.39620439  0.39620439  0.35966234  0.37164307  0.31359478  0.42161149  0.35966234  0.32484485  0.56370269  0.54819734  0.47521104  0.47521104  0.47521104  0.40879860  0.39620439  0.33626911  0.37164307  0.39620439  0.39620439  0.47521104  0.42161149  0.47521104  0.47521104  0.42161149  0.42161149  0.37164307  0.42161149  0.38382154  0.35966234  0.33626911  0.32484485  0.33626911  0.35966234  0.37164307  0.34787302  0.37164307  0.32484485  0.44792470  0.44792470  0.48924216  0.44792470  0.46144175  0.40879860  0.37164307  0.31359478  0.29159647  0.23930947  0.25978185  0.32484485  0.28083847  0.25978185  0.31359478  0.27023505  0.27023505  0.27023505  0.22928242  0.28083847  0.31359478  0.30251365  0.29159647  0.28083847  0.35966234  0.37164307  0.34787302  0.35966234  0.35966234  0.31359478  0.31359478  0.32484485  0.35966234  0.37164307  0.35966234  0.37164307  0.33626911  0.31359478  0.32484485  0.38382154  0.33626911  0.32484485  0.32484485  0.33626911  0.34787302  0.27023505  0.33626911  0.34787302  0.34787302  0.34787302  0.39620439  
1_0_0      0.28083847  0.24947466  0.19999375  0.20962804  0.20962804  0.21938979  0.21938979  0.29159647  0.24947466  0.19999375  0.24947466  0.00733561  0.00000000  0.03742982  0.10157115  0.11851716  0.06880377  0.47521104  0.46144175  0.46144175  0.39620439  0.43465081  0.43465081  0.38382154  0.38382154  0.35966234  0.33626911  0.31359478  0.30251365  0.35966234  0.33626911  0.32484485  0.35966234  0.35966234  0.37164307  0.37164307  0.32484485  0.38382154  0.39620439  0.33626911  0.30251365  0.38382154  0.37164307  0.35966234  0.34787302  0.32484485  0.31359478  0.31359478  0.31359478  0.29159647  0.33626911  0.34787302  0.37164307  0.37164307  0.35966234  0.37164307  0.38382154  0.40879860  0.40879860  0.38382154  0.35966234  0.37164307  0.38382154  0.39620439  0.37164307  0.35966234  0.43465081  0.43465081  0.44792470  0.39620439  0.39620439  0.35966234  0.35966234  0.37164307  0.38382154  0.38382154  0.35966234  0.35966234  0.38382154  0.28083847  0.28083847  0.35966234  0.35966234  0.28083847  0.29159647  0.33626911  0.30251365  0.38382154  0.39620439  0.40879860  0.33626911  0.32484485  0.35966234  0.32484485  0.31359478  0.37164307  0.42161149  0.42161149  0.43465081  0.44792470  0.43465081  0.42161149  0.40879860  0.38382154  0.40879860  0.40879860  0.37164307  0.38382154  0.32484485  0.43465081  0.37164307  0.33626911  0.54819734  0.53301110  0.46144175  0.46144175  0.46144175  0.42161149  0.40879860  0.34787302  0.35966234  0.38382154  0.40879860  0.48924216  0.43465081  0.48924216  0.48924216  0.43465081  0.43465081  0.38382154  0.43465081  0.39620439  0.37164307  0.34787302  0.33626911  0.34787302  0.37164307  0.38382154  0.35966234  0.38382154  0.33626911  0.46144175  0.46144175  0.50354527  0.46144175  0.47521104  0.42161149  0.38382154  0.32484485  0.30251365  0.24947466  0.27023505  0.33626911  0.29159647  0.27023505  0.32484485  0.28083847  0.28083847  0.28083847  0.23930947  0.29159647  0.32484485  0.31359478  0.30251365  0.29159647  0.37164307  0.38382154  0.35966234  0.37164307  0.37164307  0.32484485  0.32484485  0.33626911  0.37164307  0.38382154  0.37164307  0.35966234  0.34787302  0.32484485  0.33626911  0.39620439  0.34787302  0.33626911  0.33626911  0.34787302  0.35966234  0.28083847  0.34787302  0.35966234  0.35966234  0.35966234  0.40879860  
29_0_0     0.24947466  0.23930947  0.19048362  0.19999375  0.19999375  0.20962804  0.20962804  0.25978185  0.23930947  0.19048362  0.25978185  0.02979042  0.03742982  0.00000000  0.09324188  0.10999551  0.06083434  0.53301110  0.51813112  0.51813112  0.39620439  0.44792470  0.40879860  0.35966234  0.35966234  0.35966234  0.33626911  0.31359478  0.30251365  0.35966234  0.33626911  0.34787302  0.35966234  0.35966234  0.37164307  0.34787302  0.32484485  0.39620439  0.40879860  0.34787302  0.31359478  0.37164307  0.35966234  0.37164307  0.35966234  0.33626911  0.32484485  0.32484485  0.32484485  0.30251365  0.37164307  0.35966234  0.40879860  0.40879860  0.37164307  0.33626911  0.39620439  0.42161149  0.42161149  0.37164307  0.39620439  0.40879860  0.37164307  0.40879860  0.38382154  0.37164307  0.44792470  0.44792470  0.46144175  0.38382154  0.38382154  0.37164307  0.37164307  0.38382154  0.39620439  0.39620439  0.37164307  0.39620439  0.42161149  0.31359478  0.31359478  0.35966234  0.35966234  0.29159647  0.30251365  0.35966234  0.33626911  0.37164307  0.37164307  0.37164307  0.30251365  0.31359478  0.39620439  0.33626911  0.32484485  0.38382154  0.44792470  0.44792470  0.43465081  0.47521104  0.44792470  0.43465081  0.42161149  0.39620439  0.42161149  0.42161149  0.38382154  0.39620439  0.35966234  0.44792470  0.35966234  0.37164307  0.59572646  0.57954086  0.53301110  0.53301110  0.50354527  0.43465081  0.42161149  0.33626911  0.37164307  0.37164307  0.39620439  0.44792470  0.42161149  0.47521104  0.44792470  0.42161149  0.42161149  0.35966234  0.40879860  0.37164307  0.40879860  0.38382154  0.37164307  0.38382154  0.40879860  0.42161149  0.34787302  0.37164307  0.34787302  0.44792470  0.44792470  0.46144175  0.44792470  0.46144175  0.40879860  0.39620439  0.33626911  0.33626911  0.28083847  0.25978185  0.34787302  0.32484485  0.30251365  0.33626911  0.29159647  0.29159647  0.31359478  0.27023505  0.30251365  0.35966234  0.34787302  0.31359478  0.32484485  0.34787302  0.35966234  0.35966234  0.34787302  0.34787302  0.32484485  0.32484485  0.37164307  0.38382154  0.39620439  0.38382154  0.39620439  0.35966234  0.35966234  0.37164307  0.43465081  0.35966234  0.37164307  0.37164307  0.37164307  0.38382154  0.31359478  0.35966234  0.37164307  0.37164307  0.37164307  0.39620439  
6_0_0      0.25978185  0.23930947  0.19048362  0.19999375  0.18109451  0.19048362  0.19048362  0.23930947  0.21938979  0.19048362  0.25978185  0.09324188  0.10157115  0.09324188  0.00000000  0.10999551  0.04514914  0.47521104  0.46144175  0.46144175  0.34787302  0.39620439  0.37164307  0.31359478  0.31359478  0.31359478  0.29159647  0.30251365  0.29159647  0.33626911  0.33626911  0.34787302  0.31359478  0.31359478  0.34787302  0.32484485  0.30251365  0.32484485  0.33626911  0.32484485  0.22928242  0.30251365  0.31359478  0.32484485  0.33626911  0.33626911  0.30251365  0.32484485  0.32484485  0.28083847  0.34787302  0.33626911  0.40879860  0.40879860  0.32484485  0.33626911  0.44792470  0.42161149  0.42161149  0.37164307  0.34787302  0.35966234  0.34787302  0.35966234  0.33626911  0.34787302  0.42161149  0.42161149  0.48924216  0.38382154  0.38382154  0.37164307  0.35966234  0.34787302  0.35966234  0.35966234  0.33626911  0.34787302  0.37164307  0.24947466  0.24947466  0.31359478  0.31359478  0.24947466  0.25978185  0.29159647  0.29159647  0.37164307  0.39620439  0.39620439  0.32484485  0.33626911  0.42161149  0.33626911  0.34787302  0.38382154  0.42161149  0.42161149  0.40879860  0.44792470  0.42161149  0.40879860  0.42161149  0.34787302  0.39620439  0.39620439  0.35966234  0.39620439  0.35966234  0.50354527  0.33626911  0.34787302  0.43465081  0.44792470  0.43465081  0.43465081  0.40879860  0.37164307  0.35966234  0.32484485  0.34787302  0.34787302  0.39620439  0.44792470  0.42161149  0.47521104  0.44792470  0.42161149  0.42161149  0.30251365  0.34787302  0.31359478  0.33626911  0.33626911  0.32484485  0.33626911  0.33626911  0.32484485  0.32484485  0.30251365  0.34787302  0.37164307  0.37164307  0.38382154  0.37164307  0.38382154  0.42161149  0.40879860  0.33626911  0.33626911  0.25978185  0.23930947  0.30251365  0.30251365  0.30251365  0.33626911  0.29159647  0.29159647  0.29159647  0.24947466  0.28083847  0.33626911  0.33626911  0.37164307  0.29159647  0.35966234  0.37164307  0.37164307  0.35966234  0.35966234  0.33626911  0.33626911  0.32484485  0.33626911  0.37164307  0.35966234  0.37164307  0.33626911  0.35966234  0.34787302  0.40879860  0.33626911  0.34787302  0.34787302  0.32484485  0.33626911  0.29159647  0.31359478  0.32484485  0.34787302  0.32484485  0.40879860  
26_0_0     0.23930947  0.25978185  0.20962804  0.18109451  0.19999375  0.20962804  0.20962804  0.27023505  0.25978185  0.19048362  0.25978185  0.10999551  0.11851716  0.10999551  0.10999551  0.00000000  0.09324188  0.47521104  0.46144175  0.46144175  0.39620439  0.40879860  0.43465081  0.35966234  0.33626911  0.35966234  0.33626911  0.31359478  0.30251365  0.34787302  0.33626911  0.34787302  0.33626911  0.33626911  0.34787302  0.34787302  0.32484485  0.38382154  0.37164307  0.35966234  0.32484485  0.32484485  0.33626911  0.32484485  0.31359478  0.34787302  0.33626911  0.33626911  0.33626911  0.29159647  0.32484485  0.31359478  0.35966234  0.35966234  0.30251365  0.34787302  0.40879860  0.40879860  0.40879860  0.35966234  0.38382154  0.39620439  0.38382154  0.42161149  0.39620439  0.43465081  0.42161149  0.42161149  0.47521104  0.35966234  0.37164307  0.33626911  0.33626911  0.32484485  0.33626911  0.33626911  0.34787302  0.40879860  0.40879860  0.28083847  0.28083847  0.35966234  0.35966234  0.30251365  0.29159647  0.33626911  0.32484485  0.37164307  0.37164307  0.37164307  0.30251365  0.29159647  0.39620439  0.32484485  0.33626911  0.38382154  0.40879860  0.40879860  0.39620439  0.46144175  0.44792470  0.43465081  0.44792470  0.37164307  0.42161149  0.42161149  0.33626911  0.39620439  0.33626911  0.42161149  0.33626911  0.34787302  0.50354527  0.48924216  0.42161149  0.42161149  0.44792470  0.38382154  0.37164307  0.37164307  0.32484485  0.34787302  0.40879860  0.53301110  0.47521104  0.53301110  0.53301110  0.44792470  0.44792470  0.34787302  0.37164307  0.35966234  0.37164307  0.37164307  0.35966234  0.37164307  0.37164307  0.35966234  0.35966234  0.33626911  0.33626911  0.40879860  0.42161149  0.46144175  0.42161149  0.43465081  0.35966234  0.33626911  0.29159647  0.27023505  0.27023505  0.27023505  0.32484485  0.31359478  0.29159647  0.34787302  0.28083847  0.28083847  0.30251365  0.28083847  0.33626911  0.37164307  0.34787302  0.33626911  0.29159647  0.33626911  0.32484485  0.32484485  0.38382154  0.38382154  0.31359478  0.31359478  0.33626911  0.34787302  0.38382154  0.37164307  0.32484485  0.35966234  0.35966234  0.34787302  0.40879860  0.35966234  0.33626911  0.33626911  0.38382154  0.39620439  0.32484485  0.32484485  0.33626911  0.38382154  0.35966234  0.38382154  
31_0_0     0.22928242  0.20962804  0.16266726  0.19048362  0.17182336  0.18109451  0.18109451  0.24947466  0.20962804  0.16266726  0.22928242  0.06083434  0.06880377  0.06083434  0.04514914  0.09324188  0.00000000  0.50354527  0.48924216  0.48924216  0.37164307  0.42161149  0.38382154  0.31359478  0.31359478  0.33626911  0.31359478  0.29159647  0.28083847  0.35966234  0.31359478  0.32484485  0.31359478  0.31359478  0.34787302  0.32484485  0.30251365  0.33626911  0.34787302  0.31359478  0.23930947  0.29159647  0.30251365  0.31359478  0.32484485  0.30251365  0.27023505  0.29159647  0.29159647  0.24947466  0.33626911  0.32484485  0.37164307  0.37164307  0.31359478  0.30251365  0.40879860  0.38382154  0.38382154  0.33626911  0.35966234  0.37164307  0.35966234  0.37164307  0.34787302  0.33626911  0.43465081  0.43465081  0.47521104  0.34787302  0.34787302  0.33626911  0.35966234  0.34787302  0.35966234  0.35966234  0.33626911  0.35966234  0.38382154  0.25978185  0.25978185  0.32484485  0.32484485  0.25978185  0.27023505  0.32484485  0.32484485  0.38382154  0.38382154  0.38382154  0.31359478  0.32484485  0.38382154  0.32484485  0.31359478  0.37164307  0.40879860  0.40879860  0.39620439  0.46144175  0.43465081  0.42161149  0.43465081  0.38382154  0.40879860  0.40879860  0.37164307  0.38382154  0.34787302  0.46144175  0.37164307  0.35966234  0.50354527  0.51813112  0.47521104  0.47521104  0.47521104  0.40879860  0.39620439  0.32484485  0.35966234  0.35966234  0.40879860  0.46144175  0.43465081  0.48924216  0.46144175  0.43465081  0.43465081  0.33626911  0.38382154  0.34787302  0.38382154  0.35966234  0.34787302  0.35966234  0.38382154  0.37164307  0.31359478  0.31359478  0.31359478  0.40879860  0.40879860  0.42161149  0.40879860  0.42161149  0.39620439  0.38382154  0.30251365  0.30251365  0.24947466  0.22928242  0.31359478  0.29159647  0.27023505  0.30251365  0.25978185  0.25978185  0.28083847  0.23930947  0.27023505  0.32484485  0.32484485  0.31359478  0.30251365  0.34787302  0.35966234  0.35966234  0.34787302  0.34787302  0.32484485  0.32484485  0.33626911  0.34787302  0.35966234  0.34787302  0.33626911  0.34787302  0.34787302  0.33626911  0.39620439  0.32484485  0.33626911  0.33626911  0.33626911  0.34787302  0.28083847  0.32484485  0.33626911  0.33626911  0.33626911  0.42161149  
