19
3_0_0      0.00000000  0.00236789  0.00474348  0.43200475  0.51793762  0.52759946  0.52759946  0.50368000  0.51793762  0.49898855  0.48051799  0.46696484  0.45806693  0.46250235  0.47145471  0.46696484  0.50368000  0.48051799  0.46250235  
2_0_0      0.00236789  0.00000000  0.00712680  0.42774992  0.52275259  0.53247867  0.53247867  0.50840173  0.52275259  0.49432700  0.47597231  0.46250235  0.45365824  0.45806693  0.46696484  0.47145471  0.49898855  0.48509209  0.45806693  
1_0_0      0.00474348  0.00712680  0.00000000  0.43200475  0.52759946  0.53739064  0.53739064  0.50368000  0.51793762  0.49898855  0.47145471  0.45806693  0.45365824  0.45806693  0.46696484  0.46250235  0.50368000  0.47145471  0.46250235  
20_0_0     0.43200475  0.42774992  0.43200475  0.00000000  0.56245777  0.56757595  0.56757595  0.48969497  0.49432700  0.57792101  0.49432700  0.47145471  0.46696484  0.45806693  0.44927596  0.46250235  0.56757595  0.60444245  0.58841448  
7_0_0      0.51793762  0.52275259  0.52759946  0.56245777  0.00000000  0.01191688  0.01191688  0.23820661  0.21882144  0.23820661  0.46696484  0.46250235  0.44058938  0.44927596  0.46250235  0.45806693  0.53739064  0.51315413  0.50840173  
13_0_0     0.52759946  0.53247867  0.53739064  0.56757595  0.01191688  0.00000000  0.00000000  0.23820661  0.21882144  0.23168764  0.47145471  0.46696484  0.43628447  0.44491978  0.45365824  0.45365824  0.53739064  0.50840173  0.51315413  
9_0_0      0.52759946  0.53247867  0.53739064  0.56757595  0.01191688  0.00000000  0.00000000  0.23820661  0.21882144  0.23168764  0.47145471  0.46696484  0.43628447  0.44491978  0.45365824  0.45365824  0.53739064  0.50840173  0.51315413  
18_0_0     0.50368000  0.50840173  0.50368000  0.48969497  0.23820661  0.23820661  0.23820661  0.00000000  0.02893355  0.17850370  0.38251086  0.37064350  0.37064350  0.34747120  0.35511402  0.35896559  0.50840173  0.48969497  0.53739064  
8_0_0      0.51793762  0.52275259  0.51793762  0.49432700  0.21882144  0.21882144  0.21882144  0.02893355  0.00000000  0.16061945  0.38650982  0.36673011  0.36283755  0.33990740  0.35128263  0.35511402  0.51315413  0.49432700  0.53247867  
19_0_0     0.49898855  0.49432700  0.49898855  0.57792101  0.23820661  0.23168764  0.23168764  0.17850370  0.16061945  0.00000000  0.37457793  0.36283755  0.34367952  0.35128263  0.35511402  0.36673011  0.48969497  0.50368000  0.49432700  
17_0_0     0.48051799  0.47597231  0.47145471  0.49432700  0.46696484  0.47145471  0.47145471  0.38251086  0.38650982  0.37457793  0.00000000  0.02403111  0.13175101  0.10670901  0.11496145  0.11220028  0.48969497  0.47145471  0.44491978  
11_0_0     0.46696484  0.46250235  0.45806693  0.47145471  0.46250235  0.46696484  0.46696484  0.37064350  0.36673011  0.36283755  0.02403111  0.00000000  0.11220028  0.08780782  0.09584860  0.09315851  0.48051799  0.48051799  0.45365824  
5_0_0      0.45806693  0.45365824  0.45365824  0.46696484  0.44058938  0.43628447  0.43628447  0.37064350  0.36283755  0.34367952  0.13175101  0.11220028  0.00000000  0.04133533  0.04887860  0.04635552  0.47145471  0.46696484  0.45365824  
10_0_0     0.46250235  0.45806693  0.45806693  0.45806693  0.44927596  0.44491978  0.44491978  0.34747120  0.33990740  0.35128263  0.10670901  0.08780782  0.04133533  0.00000000  0.01673852  0.01432373  0.45365824  0.44927596  0.44058938  
4_0_0      0.47145471  0.46696484  0.46696484  0.44927596  0.46250235  0.45365824  0.45365824  0.35511402  0.35128263  0.35511402  0.11496145  0.09584860  0.04887860  0.01673852  0.00000000  0.00712680  0.47597231  0.45365824  0.44491978  
12_0_0     0.46696484  0.47145471  0.46250235  0.46250235  0.45806693  0.45365824  0.45365824  0.35896559  0.35511402  0.36673011  0.11220028  0.09315851  0.04635552  0.01432373  0.00712680  0.00000000  0.47145471  0.44927596  0.44927596  
16_0_0     0.50368000  0.49898855  0.50368000  0.56757595  0.53739064  0.53739064  0.53739064  0.50840173  0.51315413  0.48969497  0.48969497  0.48051799  0.47145471  0.45365824  0.47597231  0.47145471  0.00000000  0.25142147  0.26149168  
14_0_0     0.48051799  0.48509209  0.47145471  0.60444245  0.51315413  0.50840173  0.50840173  0.48969497  0.49432700  0.50368000  0.47145471  0.48051799  0.46696484  0.44927596  0.45365824  0.44927596  0.25142147  0.00000000  0.11773309  
6_0_0      0.46250235  0.45806693  0.46250235  0.58841448  0.50840173  0.51315413  0.51315413  0.53739064  0.53247867  0.49432700  0.44491978  0.45365824  0.45365824  0.44058938  0.44491978  0.44927596  0.26149168  0.11773309  0.00000000  

