20
2_0_0      0.00000000  0.00326444  0.00654320  0.35620411  0.42769042  0.38289647  0.42194226  0.43348310  0.39938143  0.39938143  0.48151419  0.46921417  0.46313919  0.45113529  0.34578830  0.34578830  0.38289647  0.46313919  0.47533890  0.47533890  
3_0_0      0.00326444  0.00000000  0.00983638  0.35097807  0.42194226  0.37748125  0.42194226  0.42769042  0.39938143  0.39938143  0.48151419  0.46921417  0.46313919  0.45113529  0.34578830  0.34578830  0.38289647  0.46313919  0.47533890  0.47533890  
1_0_0      0.00654320  0.00983638  0.00000000  0.35620411  0.41623793  0.38289647  0.42194226  0.43348310  0.39938143  0.39938143  0.49401987  0.48151419  0.47533890  0.45113529  0.35620411  0.35620411  0.39384598  0.47533890  0.48774089  0.48774089  
20_0_0     0.35620411  0.35097807  0.35620411  0.00000000  0.29577987  0.33043160  0.32538197  0.33043160  0.35097807  0.35097807  0.40495816  0.41623793  0.41057678  0.41623793  0.32538197  0.30063291  0.31043448  0.33043160  0.34063428  0.34063428  
16_0_0     0.42769042  0.42194226  0.41623793  0.29577987  0.00000000  0.30063291  0.28140688  0.27197607  0.32538197  0.32538197  0.36676702  0.36676702  0.37210495  0.37210495  0.36676702  0.36146692  0.39384598  0.40495816  0.43932100  0.43932100  
14_0_0     0.38289647  0.37748125  0.38289647  0.33043160  0.30063291  0.00000000  0.10847661  0.13141924  0.35097807  0.34063428  0.32538197  0.32538197  0.32036621  0.33043160  0.40495816  0.41057678  0.39384598  0.42769042  0.42769042  0.42769042  
6_0_0      0.42194226  0.42194226  0.42194226  0.32538197  0.28140688  0.10847661  0.00000000  0.10847661  0.34578830  0.32538197  0.31538386  0.31538386  0.31043448  0.32538197  0.38835119  0.38289647  0.37210495  0.39938143  0.39938143  0.39938143  
15_0_0     0.43348310  0.42769042  0.43348310  0.33043160  0.27197607  0.13141924  0.10847661  0.00000000  0.32538197  0.31538386  0.37210495  0.37210495  0.36676702  0.37748125  0.37748125  0.38289647  0.35620411  0.40495816  0.41623793  0.41623793  
11_0_0     0.39938143  0.39938143  0.39938143  0.35097807  0.32538197  0.35097807  0.34578830  0.32538197  0.00000000  0.02652340  0.14315998  0.14315998  0.14711487  0.15109079  0.29095812  0.28616725  0.31043448  0.32538197  0.34578830  0.34578830  
17_0_0     0.39938143  0.39938143  0.39938143  0.35097807  0.32538197  0.34063428  0.32538197  0.31538386  0.02652340  0.00000000  0.11985996  0.11985996  0.12369324  0.12754626  0.29577987  0.30063291  0.29577987  0.32036621  0.34063428  0.34063428  
10_0_0     0.48151419  0.48151419  0.49401987  0.40495816  0.36676702  0.32538197  0.31538386  0.37210495  0.14315998  0.11985996  0.00000000  0.00654320  0.00983638  0.04014636  0.34063428  0.34063428  0.33043160  0.35620411  0.37748125  0.37748125  
12_0_0     0.46921417  0.46921417  0.48151419  0.41623793  0.36676702  0.32538197  0.31538386  0.37210495  0.14315998  0.11985996  0.00654320  0.00000000  0.00326444  0.04014636  0.34063428  0.34063428  0.33043160  0.35620411  0.37748125  0.37748125  
4_0_0      0.46313919  0.46313919  0.47533890  0.41057678  0.37210495  0.32036621  0.31043448  0.36676702  0.14711487  0.12369324  0.00983638  0.00326444  0.00000000  0.04359123  0.34578830  0.34578830  0.32538197  0.36146692  0.38289647  0.38289647  
5_0_0      0.45113529  0.45113529  0.45113529  0.41623793  0.37210495  0.33043160  0.32538197  0.37748125  0.15109079  0.12754626  0.04014636  0.04014636  0.04359123  0.00000000  0.33551554  0.32538197  0.31538386  0.36146692  0.38289647  0.38289647  
18_0_0     0.34578830  0.34578830  0.35620411  0.32538197  0.36676702  0.40495816  0.38835119  0.37748125  0.29095812  0.29577987  0.34063428  0.34063428  0.34578830  0.33551554  0.00000000  0.01980385  0.10472033  0.17540062  0.17953020  0.17953020  
8_0_0      0.34578830  0.34578830  0.35620411  0.30063291  0.36146692  0.41057678  0.38289647  0.38289647  0.28616725  0.30063291  0.34063428  0.34063428  0.34578830  0.32538197  0.01980385  0.00000000  0.08988108  0.17129371  0.17540062  0.17540062  
19_0_0     0.38289647  0.38289647  0.39384598  0.31043448  0.39384598  0.39384598  0.37210495  0.35620411  0.31043448  0.29577987  0.33043160  0.33043160  0.32538197  0.31538386  0.10472033  0.08988108  0.00000000  0.20052719  0.20479826  0.20479826  
7_0_0      0.46313919  0.46313919  0.47533890  0.33043160  0.40495816  0.42769042  0.39938143  0.40495816  0.32538197  0.32036621  0.35620411  0.35620411  0.36146692  0.36146692  0.17540062  0.17129371  0.20052719  0.00000000  0.02990595  0.02990595  
13_0_0     0.47533890  0.47533890  0.48774089  0.34063428  0.43932100  0.42769042  0.39938143  0.41623793  0.34578830  0.34063428  0.37748125  0.37748125  0.38289647  0.38289647  0.17953020  0.17540062  0.20479826  0.02990595  0.00000000  0.00000000  
9_0_0      0.47533890  0.47533890  0.48774089  0.34063428  0.43932100  0.42769042  0.39938143  0.41623793  0.34578830  0.34063428  0.37748125  0.37748125  0.38289647  0.38289647  0.17953020  0.17540062  0.20479826  0.02990595  0.00000000  0.00000000  

