20
2_0_0      0.00000000  0.00000000  0.00326449  0.41147804  0.41147804  0.44036777  0.45224567  0.45224567  0.41147804  0.42289950  0.42867675  0.42289950  0.42289950  0.45224567  0.41716683  0.42289950  0.44036777  0.45224567  0.45825660  0.45825660  
3_0_0      0.00000000  0.00000000  0.00326449  0.41147804  0.41147804  0.44036777  0.45224567  0.45224567  0.41147804  0.42289950  0.42867675  0.42289950  0.42289950  0.45224567  0.41716683  0.42289950  0.44036777  0.45224567  0.45825660  0.45825660  
1_0_0      0.00326449  0.00326449  0.00000000  0.40583248  0.41716683  0.43449927  0.45825660  0.44628299  0.41147804  0.42289950  0.42867675  0.42289950  0.42289950  0.45224567  0.41147804  0.41716683  0.44628299  0.45825660  0.46431654  0.46431654  
20_0_0     0.41147804  0.41147804  0.40583248  0.00000000  0.30109073  0.31589133  0.29138494  0.28180430  0.29622199  0.29138494  0.34123360  0.35161757  0.34640745  0.35686448  0.28180430  0.26300582  0.30109073  0.36214871  0.35686448  0.35686448  
16_0_0     0.41147804  0.41147804  0.41716683  0.30109073  0.00000000  0.25837959  0.23121117  0.20930582  0.31092497  0.32089111  0.32089111  0.33609553  0.33099274  0.33099274  0.34123360  0.34640745  0.36214871  0.37283126  0.38914867  0.38914867  
14_0_0     0.44036777  0.44036777  0.43449927  0.31589133  0.25837959  0.00000000  0.10477096  0.13931682  0.28657918  0.29138494  0.29622199  0.31092497  0.30599158  0.31589133  0.37823068  0.35686448  0.36214871  0.33099274  0.35686448  0.35686448  
6_0_0      0.45224567  0.45224567  0.45825660  0.29138494  0.23121117  0.10477096  0.00000000  0.12762217  0.26766105  0.29138494  0.28657918  0.30109073  0.29622199  0.30599158  0.36214871  0.34123360  0.32592476  0.36214871  0.37823068  0.37823068  
15_0_0     0.45224567  0.45224567  0.44628299  0.28180430  0.20930582  0.13931682  0.12762217  0.00000000  0.24921263  0.26300582  0.30599158  0.32089111  0.31589133  0.31589133  0.30599158  0.29622199  0.35161757  0.35686448  0.37283126  0.37283126  
11_0_0     0.41147804  0.41147804  0.41147804  0.29622199  0.31092497  0.28657918  0.26766105  0.24921263  0.00000000  0.02990994  0.12376450  0.13539812  0.13149997  0.13931682  0.25837959  0.25837959  0.30109073  0.33609553  0.35686448  0.35686448  
17_0_0     0.42289950  0.42289950  0.42289950  0.29138494  0.32089111  0.29138494  0.29138494  0.26300582  0.02990994  0.00000000  0.13149997  0.14325630  0.13931682  0.15520163  0.26300582  0.26300582  0.31589133  0.32592476  0.35686448  0.35686448  
10_0_0     0.42867675  0.42867675  0.42867675  0.34123360  0.32089111  0.29622199  0.28657918  0.30599158  0.12376450  0.13149997  0.00000000  0.01314490  0.00983681  0.02652654  0.28180430  0.27234562  0.30599158  0.34123360  0.36747079  0.36747079  
12_0_0     0.42289950  0.42289950  0.42289950  0.35161757  0.33609553  0.31092497  0.30109073  0.32089111  0.13539812  0.14325630  0.01314490  0.00000000  0.00326449  0.04015358  0.29138494  0.28180430  0.31589133  0.35161757  0.37823068  0.37823068  
4_0_0      0.42289950  0.42289950  0.42289950  0.34640745  0.33099274  0.30599158  0.29622199  0.31589133  0.13149997  0.13931682  0.00983681  0.00326449  0.00000000  0.03672332  0.29138494  0.28180430  0.31589133  0.35161757  0.37823068  0.37823068  
5_0_0      0.45224567  0.45224567  0.45224567  0.35686448  0.33099274  0.31589133  0.30599158  0.31589133  0.13931682  0.15520163  0.02652654  0.04015358  0.03672332  0.00000000  0.28180430  0.27234562  0.30599158  0.35161757  0.38914867  0.38914867  
18_0_0     0.41716683  0.41716683  0.41147804  0.28180430  0.34123360  0.37823068  0.36214871  0.30599158  0.25837959  0.26300582  0.28180430  0.29138494  0.29138494  0.28180430  0.00000000  0.01314490  0.10477096  0.18802778  0.19223492  0.19223492  
8_0_0      0.42289950  0.42289950  0.41716683  0.26300582  0.34640745  0.35686448  0.34123360  0.29622199  0.25837959  0.26300582  0.27234562  0.28180430  0.28180430  0.27234562  0.01314490  0.00000000  0.08991813  0.17968429  0.18384432  0.18384432  
19_0_0     0.44036777  0.44036777  0.44628299  0.30109073  0.36214871  0.36214871  0.32592476  0.35161757  0.30109073  0.31589133  0.30599158  0.31589133  0.31589133  0.30599158  0.10477096  0.08991813  0.00000000  0.21363553  0.21799062  0.21799062  
7_0_0      0.45224567  0.45224567  0.45825660  0.36214871  0.37283126  0.33099274  0.36214871  0.35686448  0.33609553  0.32592476  0.34123360  0.35161757  0.35161757  0.35161757  0.18802778  0.17968429  0.21363553  0.00000000  0.04359976  0.04359976  
13_0_0     0.45825660  0.45825660  0.46431654  0.35686448  0.38914867  0.35686448  0.37823068  0.37283126  0.35686448  0.35686448  0.36747079  0.37823068  0.37823068  0.38914867  0.19223492  0.18384432  0.21799062  0.04359976  0.00000000  0.00000000  
9_0_0      0.45825660  0.45825660  0.46431654  0.35686448  0.38914867  0.35686448  0.37823068  0.37283126  0.35686448  0.35686448  0.36747079  0.37823068  0.37823068  0.38914867  0.19223492  0.18384432  0.21799062  0.04359976  0.00000000  0.00000000  

