20
1_0_0      0.00000000  0.01428764  0.01428764  0.15701096  0.39556935  0.38757329  0.38757329  0.37966249  0.34132636  0.34132636  0.33389124  0.33389124  0.37183516  0.28383270  0.29078043  0.29078043  0.28383270  0.16876096  0.11178787  0.10632399  
2_0_0      0.01428764  0.00000000  0.00000000  0.13972767  0.37183516  0.36408954  0.36408954  0.35642395  0.34883675  0.34883675  0.32652989  0.32652989  0.36408954  0.29078043  0.28383270  0.28383270  0.27694943  0.16286270  0.10632399  0.10090005  
3_0_0      0.01428764  0.00000000  0.00000000  0.13972767  0.37183516  0.36408954  0.36408954  0.35642395  0.34883675  0.34883675  0.32652989  0.32652989  0.36408954  0.29078043  0.28383270  0.28383270  0.27694943  0.16286270  0.10632399  0.10090005  
20_0_0     0.15701096  0.13972767  0.13972767  0.00000000  0.45409319  0.44544465  0.44544465  0.43689577  0.40365252  0.40365252  0.42844428  0.42844428  0.40365252  0.37966249  0.37183516  0.37183516  0.34132636  0.23047578  0.18674243  0.18070006  
5_0_0      0.39556935  0.37183516  0.37183516  0.45409319  0.00000000  0.00473204  0.00473204  0.00949446  0.12842517  0.12842517  0.34132636  0.35642395  0.31924086  0.28383270  0.27694943  0.27694943  0.42844428  0.37183516  0.39556935  0.34883675  
12_0_0     0.38757329  0.36408954  0.36408954  0.44544465  0.00473204  0.00000000  0.00000000  0.00473204  0.13405490  0.13405490  0.33389124  0.34883675  0.31202275  0.27694943  0.27012943  0.27012943  0.42008797  0.36408954  0.38757329  0.34132636  
4_0_0      0.38757329  0.36408954  0.36408954  0.44544465  0.00473204  0.00000000  0.00000000  0.00473204  0.13405490  0.13405490  0.33389124  0.34883675  0.31202275  0.27694943  0.27012943  0.27012943  0.42008797  0.36408954  0.38757329  0.34132636  
10_0_0     0.37966249  0.35642395  0.35642395  0.43689577  0.00949446  0.00473204  0.00473204  0.00000000  0.12842517  0.12842517  0.32652989  0.34132636  0.30487418  0.27012943  0.26337155  0.26337155  0.41182474  0.35642395  0.37966249  0.33389124  
11_0_0     0.34132636  0.34883675  0.34883675  0.40365252  0.12842517  0.13405490  0.13405490  0.12842517  0.00000000  0.00000000  0.35642395  0.35642395  0.27694943  0.24345959  0.23693928  0.23693928  0.40365252  0.35642395  0.35642395  0.31924086  
17_0_0     0.34132636  0.34883675  0.34883675  0.40365252  0.12842517  0.13405490  0.13405490  0.12842517  0.00000000  0.00000000  0.35642395  0.35642395  0.27694943  0.24345959  0.23693928  0.23693928  0.40365252  0.35642395  0.35642395  0.31924086  
18_0_0     0.33389124  0.32652989  0.32652989  0.42844428  0.34132636  0.33389124  0.33389124  0.32652989  0.35642395  0.35642395  0.00000000  0.00949446  0.17470649  0.12842517  0.11178787  0.11178787  0.48066067  0.37183516  0.37183516  0.33389124  
8_0_0      0.33389124  0.32652989  0.32652989  0.42844428  0.35642395  0.34883675  0.34883675  0.34132636  0.35642395  0.35642395  0.00949446  0.00000000  0.17470649  0.13972767  0.12283785  0.12283785  0.48066067  0.38757329  0.37183516  0.33389124  
19_0_0     0.37183516  0.36408954  0.36408954  0.40365252  0.31924086  0.31202275  0.31202275  0.30487418  0.27694943  0.27694943  0.17470649  0.17470649  0.00000000  0.12842517  0.11178787  0.11178787  0.43689577  0.37183516  0.37183516  0.34132636  
7_0_0      0.28383270  0.29078043  0.29078043  0.37966249  0.28383270  0.27694943  0.27694943  0.27012943  0.24345959  0.24345959  0.12842517  0.13972767  0.12842517  0.00000000  0.01428764  0.01428764  0.42008797  0.34883675  0.31924086  0.28383270  
13_0_0     0.29078043  0.28383270  0.28383270  0.37183516  0.27694943  0.27012943  0.27012943  0.26337155  0.23693928  0.23693928  0.11178787  0.12283785  0.11178787  0.01428764  0.00000000  0.00000000  0.39556935  0.34132636  0.31202275  0.27694943  
9_0_0      0.29078043  0.28383270  0.28383270  0.37183516  0.27694943  0.27012943  0.27012943  0.26337155  0.23693928  0.23693928  0.11178787  0.12283785  0.11178787  0.01428764  0.00000000  0.00000000  0.39556935  0.34132636  0.31202275  0.27694943  
16_0_0     0.28383270  0.27694943  0.27694943  0.34132636  0.42844428  0.42008797  0.42008797  0.41182474  0.40365252  0.40365252  0.48066067  0.48066067  0.43689577  0.42008797  0.39556935  0.39556935  0.00000000  0.28383270  0.25667468  0.26337155  
15_0_0     0.16876096  0.16286270  0.16286270  0.23047578  0.37183516  0.36408954  0.36408954  0.35642395  0.35642395  0.35642395  0.37183516  0.38757329  0.37183516  0.34883675  0.34132636  0.34132636  0.28383270  0.00000000  0.11729229  0.09551548  
6_0_0      0.11178787  0.10632399  0.10632399  0.18674243  0.39556935  0.38757329  0.38757329  0.37966249  0.35642395  0.35642395  0.37183516  0.37183516  0.37183516  0.31924086  0.31202275  0.31202275  0.25667468  0.11729229  0.00000000  0.03872936  
14_0_0     0.10632399  0.10090005  0.10090005  0.18070006  0.34883675  0.34132636  0.34132636  0.33389124  0.31924086  0.31924086  0.33389124  0.33389124  0.34132636  0.28383270  0.27694943  0.27694943  0.26337155  0.09551548  0.03872936  0.00000000  

