20
1_0_0      0.00000000  0.01428788  0.01428788  0.25012040  0.42034150  0.42034150  0.42034150  0.42034150  0.39579144  0.38778565  0.35660082  0.36427480  0.30500039  0.30500039  0.29089447  0.29089447  0.34900555  0.22413368  0.16879721  0.15704216  
2_0_0      0.01428788  0.00000000  0.00000000  0.25676209  0.39579144  0.39579144  0.39579144  0.39579144  0.37202912  0.36427480  0.34900555  0.35660082  0.29791385  0.31215540  0.29791385  0.29791385  0.34148738  0.21777702  0.17474545  0.15123387  
3_0_0      0.01428788  0.00000000  0.00000000  0.25676209  0.39579144  0.39579144  0.39579144  0.39579144  0.37202912  0.36427480  0.34900555  0.35660082  0.29791385  0.31215540  0.29791385  0.29791385  0.34148738  0.21777702  0.17474545  0.15123387  
20_0_0     0.25012040  0.25676209  0.25676209  0.00000000  0.46315812  0.46315812  0.46315812  0.46315812  0.37986548  0.38778565  0.41206739  0.42034150  0.34900555  0.34148738  0.32667619  0.32667619  0.36427480  0.27022687  0.22413368  0.21777702  
5_0_0      0.42034150  0.39579144  0.39579144  0.46315812  0.00000000  0.00000000  0.00000000  0.00000000  0.10633796  0.10091261  0.30500039  0.29791385  0.34900555  0.32667619  0.31215540  0.31215540  0.46315812  0.36427480  0.38778565  0.34148738  
12_0_0     0.42034150  0.39579144  0.39579144  0.46315812  0.00000000  0.00000000  0.00000000  0.00000000  0.10633796  0.10091261  0.30500039  0.29791385  0.34900555  0.32667619  0.31215540  0.31215540  0.46315812  0.36427480  0.38778565  0.34148738  
4_0_0      0.42034150  0.39579144  0.39579144  0.46315812  0.00000000  0.00000000  0.00000000  0.00000000  0.10633796  0.10091261  0.30500039  0.29791385  0.34900555  0.32667619  0.31215540  0.31215540  0.46315812  0.36427480  0.38778565  0.34148738  
10_0_0     0.42034150  0.39579144  0.39579144  0.46315812  0.00000000  0.00000000  0.00000000  0.00000000  0.10633796  0.10091261  0.30500039  0.29791385  0.34900555  0.32667619  0.31215540  0.31215540  0.46315812  0.36427480  0.38778565  0.34148738  
11_0_0     0.39579144  0.37202912  0.37202912  0.37986548  0.10633796  0.10633796  0.10633796  0.10633796  0.00000000  0.00473207  0.27022687  0.26346388  0.25676209  0.26346388  0.25012040  0.25012040  0.44573333  0.37202912  0.34148738  0.31215540  
17_0_0     0.38778565  0.36427480  0.36427480  0.38778565  0.10091261  0.10091261  0.10091261  0.10091261  0.00473207  0.00000000  0.26346388  0.25676209  0.25012040  0.25676209  0.24353774  0.24353774  0.43717229  0.37986548  0.34900555  0.31938021  
18_0_0     0.35660082  0.34900555  0.34900555  0.41206739  0.30500039  0.30500039  0.30500039  0.30500039  0.27022687  0.26346388  0.00000000  0.01428788  0.14547077  0.15123387  0.15123387  0.15123387  0.41206739  0.36427480  0.29791385  0.31215540  
8_0_0      0.36427480  0.35660082  0.35660082  0.42034150  0.29791385  0.29791385  0.29791385  0.29791385  0.26346388  0.25676209  0.01428788  0.00000000  0.15123387  0.15704216  0.15704216  0.15704216  0.42034150  0.37202912  0.30500039  0.31938021  
19_0_0     0.30500039  0.29791385  0.29791385  0.34900555  0.34900555  0.34900555  0.34900555  0.34900555  0.25676209  0.25012040  0.14547077  0.15123387  0.00000000  0.15704216  0.14547077  0.14547077  0.39579144  0.29791385  0.23701307  0.25012040  
7_0_0      0.30500039  0.31215540  0.31215540  0.34148738  0.32667619  0.32667619  0.32667619  0.32667619  0.26346388  0.25676209  0.15123387  0.15704216  0.15704216  0.00000000  0.00949456  0.00949456  0.37202912  0.30500039  0.27022687  0.25676209  
13_0_0     0.29089447  0.29791385  0.29791385  0.32667619  0.31215540  0.31215540  0.31215540  0.31215540  0.25012040  0.24353774  0.15123387  0.15704216  0.14547077  0.00949456  0.00000000  0.00000000  0.37202912  0.29089447  0.25676209  0.24353774  
9_0_0      0.29089447  0.29791385  0.29791385  0.32667619  0.31215540  0.31215540  0.31215540  0.31215540  0.25012040  0.24353774  0.15123387  0.15704216  0.14547077  0.00949456  0.00000000  0.00000000  0.37202912  0.29089447  0.25676209  0.24353774  
16_0_0     0.34900555  0.34148738  0.34148738  0.36427480  0.46315812  0.46315812  0.46315812  0.46315812  0.44573333  0.43717229  0.41206739  0.42034150  0.39579144  0.37202912  0.37202912  0.37202912  0.00000000  0.29791385  0.31938021  0.29089447  
15_0_0     0.22413368  0.21777702  0.21777702  0.27022687  0.36427480  0.36427480  0.36427480  0.36427480  0.37202912  0.37986548  0.36427480  0.37202912  0.29791385  0.30500039  0.29089447  0.29089447  0.29791385  0.00000000  0.10091261  0.09552671  
6_0_0      0.16879721  0.17474545  0.17474545  0.22413368  0.38778565  0.38778565  0.38778565  0.38778565  0.34148738  0.34900555  0.29791385  0.30500039  0.23701307  0.27022687  0.25676209  0.25676209  0.31938021  0.10091261  0.00000000  0.05379396  
14_0_0     0.15704216  0.15123387  0.15123387  0.21777702  0.34148738  0.34148738  0.34148738  0.34148738  0.31215540  0.31938021  0.31215540  0.31938021  0.25012040  0.25676209  0.24353774  0.24353774  0.29089447  0.09552671  0.05379396  0.00000000  

