20
16_0_0     0.00000000  0.19054116  0.14828965  0.14374108  0.16676985  0.18572519  0.18572519  0.19538880  0.21510452  0.24570332  0.22516368  0.20026852  0.23536198  0.23536198  0.20026852  0.22011694  0.23024519  0.23024519  0.23536198  0.29412298  
20_0_0     0.19054116  0.00000000  0.13472728  0.13922041  0.19538880  0.20026852  0.20026852  0.21012594  0.29970461  0.29412298  0.30532881  0.23024519  0.27762724  0.27220967  0.24051452  0.25619179  0.26683161  0.24570332  0.25092890  0.31670760  
19_0_0     0.14828965  0.13472728  0.00000000  0.00374082  0.14374108  0.15286646  0.14374108  0.15286646  0.23024519  0.24570332  0.23536198  0.16210619  0.22011694  0.23536198  0.18094047  0.19054116  0.19054116  0.19538880  0.20026852  0.24051452  
13_0_0     0.14374108  0.13922041  0.00374082  0.00000000  0.13922041  0.15747185  0.14828965  0.15747185  0.23536198  0.25092890  0.24051452  0.16676985  0.22516368  0.24051452  0.17618660  0.19538880  0.19538880  0.20026852  0.20518076  0.24570332  
14_0_0     0.16676985  0.19538880  0.14374108  0.13922041  0.00000000  0.05820865  0.05017681  0.05820865  0.23024519  0.23536198  0.23024519  0.18094047  0.22011694  0.24051452  0.17618660  0.18572519  0.18572519  0.22516368  0.22011694  0.25092890  
18_0_0     0.18572519  0.20026852  0.15286646  0.15747185  0.05820865  0.00000000  0.05820865  0.06632896  0.24051452  0.24051452  0.25092890  0.20026852  0.24051452  0.27220967  0.21012594  0.21012594  0.21012594  0.24051452  0.23536198  0.28308491  
15_0_0     0.18572519  0.20026852  0.14374108  0.14828965  0.05017681  0.05820865  0.00000000  0.00750071  0.22516368  0.24051452  0.24051452  0.19054116  0.22516368  0.24570332  0.19538880  0.19538880  0.20518076  0.23536198  0.23024519  0.28308491  
17_0_0     0.19538880  0.21012594  0.15286646  0.15747185  0.05820865  0.06632896  0.00750071  0.00000000  0.23536198  0.25092890  0.25092890  0.20026852  0.23536198  0.25619179  0.20518076  0.20518076  0.21510452  0.23536198  0.23024519  0.29412298  
9_0_0      0.21510452  0.29970461  0.23024519  0.23536198  0.23024519  0.24051452  0.22516368  0.23536198  0.00000000  0.05418179  0.04619346  0.12582234  0.15286646  0.17146319  0.12140989  0.15747185  0.14828965  0.17618660  0.18094047  0.27762724  
6_0_0      0.24570332  0.29412298  0.24570332  0.25092890  0.23536198  0.24051452  0.24051452  0.25092890  0.05418179  0.00000000  0.01507852  0.11702368  0.15286646  0.16210619  0.13026137  0.14828965  0.14828965  0.16676985  0.17146319  0.27762724  
3_0_0      0.22516368  0.30532881  0.23536198  0.24051452  0.23024519  0.25092890  0.24051452  0.25092890  0.04619346  0.01507852  0.00000000  0.11702368  0.15286646  0.16210619  0.13026137  0.15747185  0.15747185  0.17618660  0.18094047  0.26683161  
10_0_0     0.20026852  0.23024519  0.16210619  0.16676985  0.18094047  0.20026852  0.19054116  0.20026852  0.12582234  0.11702368  0.11702368  0.00000000  0.09124069  0.11266341  0.06632896  0.09973523  0.10832878  0.10832878  0.10401948  0.19054116  
8_0_0      0.23536198  0.27762724  0.22011694  0.22516368  0.22011694  0.24051452  0.22516368  0.23536198  0.15286646  0.15286646  0.15286646  0.09124069  0.00000000  0.05418179  0.07042290  0.10401948  0.11266341  0.11266341  0.10832878  0.22516368  
1_0_0      0.23536198  0.27220967  0.23536198  0.24051452  0.24051452  0.27220967  0.24570332  0.25619179  0.17146319  0.16210619  0.16210619  0.11266341  0.05418179  0.00000000  0.11266341  0.13922041  0.15747185  0.16676985  0.16210619  0.25619179  
5_0_0      0.20026852  0.24051452  0.18094047  0.17618660  0.17618660  0.21012594  0.19538880  0.20518076  0.12140989  0.13026137  0.13026137  0.06632896  0.07042290  0.11266341  0.00000000  0.06225763  0.07042290  0.08702984  0.08284291  0.21510452  
4_0_0      0.22011694  0.25619179  0.19054116  0.19538880  0.18572519  0.21012594  0.19538880  0.20518076  0.15747185  0.14828965  0.15747185  0.09973523  0.10401948  0.13922041  0.06225763  0.00000000  0.01507852  0.07867961  0.07453970  0.23024519  
11_0_0     0.23024519  0.26683161  0.19054116  0.19538880  0.18572519  0.21012594  0.20518076  0.21510452  0.14828965  0.14828965  0.15747185  0.10832878  0.11266341  0.15747185  0.07042290  0.01507852  0.00000000  0.08702984  0.08284291  0.22011694  
12_0_0     0.23024519  0.24570332  0.19538880  0.20026852  0.22516368  0.24051452  0.23536198  0.23536198  0.17618660  0.16676985  0.17618660  0.10832878  0.11266341  0.16676985  0.08702984  0.07867961  0.08702984  0.00000000  0.00374082  0.25619179  
2_0_0      0.23536198  0.25092890  0.20026852  0.20518076  0.22011694  0.23536198  0.23024519  0.23024519  0.18094047  0.17146319  0.18094047  0.10401948  0.10832878  0.16210619  0.08284291  0.07453970  0.08284291  0.00374082  0.00000000  0.25092890  
7_0_0      0.29412298  0.31670760  0.24051452  0.24570332  0.25092890  0.28308491  0.28308491  0.29412298  0.27762724  0.27762724  0.26683161  0.19054116  0.22516368  0.25619179  0.21510452  0.23024519  0.22011694  0.25619179  0.25092890  0.00000000  

