11
3_0_0      0.00000000  0.07898517  0.07898517  0.71883281  0.75650994  0.64889418  0.77611009  0.71883281  0.79625556  0.88295828  0.86029010  
1_0_0      0.07898517  0.00000000  0.02773532  0.71883281  0.75650994  0.75650994  0.77611009  0.68301947  0.71883281  0.75650994  0.77611009  
2_0_0      0.07898517  0.02773532  0.00000000  0.71883281  0.79625556  0.73742636  0.77611009  0.71883281  0.75650994  0.79625556  0.77611009  
19_0_0     0.71883281  0.71883281  0.71883281  0.00000000  0.20279125  0.13414032  0.09431982  0.09431982  0.05657539  0.13414032  0.18500878  
9_0_0      0.75650994  0.75650994  0.79625556  0.20279125  0.00000000  0.27863881  0.23972242  0.21184897  0.21184897  0.22102142  0.23972242  
16_0_0     0.64889418  0.75650994  0.73742636  0.13414032  0.27863881  0.00000000  0.20279125  0.18500878  0.14237410  0.20279125  0.23972242  
18_0_0     0.77611009  0.77611009  0.77611009  0.09431982  0.23972242  0.20279125  0.00000000  0.11794841  0.12599911  0.16765254  0.16765254  
7_0_0      0.71883281  0.68301947  0.71883281  0.09431982  0.21184897  0.18500878  0.11794841  0.00000000  0.10998624  0.15912797  0.18500878  
8_0_0      0.79625556  0.71883281  0.75650994  0.05657539  0.21184897  0.14237410  0.12599911  0.10998624  0.00000000  0.09431982  0.15070258  
20_0_0     0.88295828  0.75650994  0.79625556  0.13414032  0.22102142  0.20279125  0.16765254  0.15912797  0.09431982  0.00000000  0.21184897  
15_0_0     0.86029010  0.77611009  0.77611009  0.18500878  0.23972242  0.23972242  0.16765254  0.18500878  0.15070258  0.21184897  0.00000000  

