family_017 : -inf
family_061 : -inf
family_009 : 0.0
family_091 : 0.0
family_007 : 0.0
family_056 : 0.0
family_014 : 0.0625
family_045 : 0.066667
family_041 : 0.117647
family_073 : 0.125
family_044 : 0.125
family_006 : 0.142857
family_084 : 0.142857
family_030 : 0.142857
family_036 : 0.142857
family_046 : 0.153846
family_092 : 0.166667
family_064 : 0.176471
family_008 : 0.176471
family_071 : 0.176471
family_029 : 0.185185
family_069 : 0.2
family_096 : 0.206897
family_025 : 0.210526
family_083 : 0.217391
family_074 : 0.222222
family_022 : 0.222222
family_047 : 0.238095
family_003 : 0.238095
family_082 : 0.25
family_094 : 0.266667
family_033 : 0.272727
family_010 : 0.272727
family_040 : 0.277778
family_018 : 0.277778
family_090 : 0.28
family_067 : 0.285714
family_093 : 0.285714
family_001 : 0.291667
family_019 : 0.294118
family_012 : 0.297297
family_021 : 0.3
family_055 : 0.3
family_004 : 0.3
family_026 : 0.304348
family_086 : 0.307692
family_065 : 0.3125
family_077 : 0.315789
family_039 : 0.318182
family_027 : 0.32
family_035 : 0.333333
family_020 : 0.333333
family_062 : 0.333333
family_038 : 0.333333
family_063 : 0.333333
family_013 : 0.333333
family_054 : 0.333333
family_079 : 0.347826
family_068 : 0.35
family_057 : 0.357143
family_034 : 0.363636
family_051 : 0.363636
family_099 : 0.368421
family_098 : 0.368421
family_095 : 0.37037
family_031 : 0.375
family_043 : 0.375
family_059 : 0.375
family_070 : 0.37931
family_015 : 0.384615
family_042 : 0.388889
family_048 : 0.392857
family_050 : 0.4
family_085 : 0.407407
family_100 : 0.411765
family_032 : 0.421053
family_023 : 0.428571
family_002 : 0.428571
family_049 : 0.428571
family_005 : 0.431034
family_066 : 0.45
family_024 : 0.465517
family_078 : 0.466667
family_011 : 0.470588
family_076 : 0.5
family_037 : 0.5
family_016 : 0.5
family_089 : 0.5
family_087 : 0.5
family_075 : 0.5
family_081 : 0.5
family_058 : 0.5
family_028 : 0.5
family_097 : 0.518519
family_072 : 0.55
family_080 : 0.583333
family_060 : 0.594203
family_052 : 0.6
family_053 : 0.625
family_088 : 0.673913
