family_047 : 0.0
family_064 : 0.0
family_033 : 0.0
family_042 : 0.0
family_020 : 0.0
family_055 : 0.0
family_089 : 0.0
family_062 : 0.0
family_031 : 0.0
family_079 : 0.0
family_009 : 0.0
family_073 : 0.0
family_043 : 0.0
family_010 : 0.0
family_091 : 0.0
family_038 : 0.0
family_016 : 0.0
family_063 : 0.0
family_046 : 0.0
family_007 : 0.0
family_087 : 0.0
family_096 : 0.0
family_004 : 0.0
family_034 : 0.0
family_002 : 0.0
family_006 : 0.0
family_035 : 0.0
family_029 : 0.0
family_075 : 0.0
family_084 : 0.0
family_030 : 0.0
family_041 : 0.0
family_015 : 0.0
family_092 : 0.0
family_050 : 0.0
family_001 : 0.0
family_019 : 0.0
family_049 : 0.0
family_093 : 0.0
family_044 : 0.0
family_074 : 0.0
family_003 : 0.0
family_069 : 0.0
family_058 : 0.0
family_056 : 0.0
family_018 : 0.0
family_040 : 0.0
family_082 : 0.0
family_057 : 0.0
family_022 : 0.0
family_051 : 0.0
family_045 : 0.0
family_077 : 0.0
family_068 : 0.0
family_036 : 0.0
family_008 : 0.0
family_083 : 0.0
family_065 : 0.03125
family_098 : 0.052632
family_025 : 0.052632
family_014 : 0.0625
family_094 : 0.066667
family_081 : 0.071429
family_095 : 0.074074
family_085 : 0.074074
family_097 : 0.074074
family_086 : 0.076923
family_026 : 0.086957
family_071 : 0.117647
family_100 : 0.117647
family_090 : 0.12
family_059 : 0.125
family_039 : 0.136364
family_067 : 0.142857
family_048 : 0.142857
family_021 : 0.15
family_066 : 0.15
family_072 : 0.15
family_024 : 0.155172
family_099 : 0.157895
family_027 : 0.16
family_012 : 0.162162
family_070 : 0.172414
family_060 : 0.173913
family_037 : 0.181818
family_005 : 0.189655
family_013 : 0.2
family_076 : 0.216667
family_078 : 0.233333
family_011 : 0.239216
family_054 : 0.25
family_053 : 0.25
family_028 : 0.25
family_052 : 0.3
family_032 : 0.315789
family_088 : 0.326087
family_080 : 0.361111
family_023 : 0.428571
family_017 : inf
family_061 : inf
