family_017 : -inf
family_061 : -inf
family_010 : 0.0
family_091 : 0.0
family_063 : 0.0
family_074 : 0.0
family_056 : 0.0
family_084 : 0.071429
family_015 : 0.076923
family_092 : 0.083333
family_055 : 0.1
family_098 : 0.105263
family_041 : 0.117647
family_090 : 0.12
family_073 : 0.125
family_059 : 0.125
family_058 : 0.125
family_082 : 0.125
family_069 : 0.133333
family_033 : 0.136364
family_039 : 0.136364
family_030 : 0.142857
family_049 : 0.142857
family_057 : 0.142857
family_036 : 0.142857
family_046 : 0.153846
family_096 : 0.172414
family_026 : 0.173913
family_083 : 0.173913
family_095 : 0.185185
family_029 : 0.185185
family_003 : 0.190476
family_045 : 0.2
family_068 : 0.2
family_067 : 0.214286
family_097 : 0.222222
family_040 : 0.222222
family_064 : 0.235294
family_047 : 0.238095
family_027 : 0.24
family_024 : 0.241379
family_089 : 0.25
family_043 : 0.25
family_014 : 0.25
family_075 : 0.25
family_054 : 0.25
family_001 : 0.25
family_085 : 0.259259
family_025 : 0.263158
family_094 : 0.266667
family_013 : 0.266667
family_012 : 0.27027
family_037 : 0.272727
family_051 : 0.272727
family_018 : 0.277778
family_065 : 0.28125
family_002 : 0.285714
family_081 : 0.285714
family_093 : 0.285714
family_019 : 0.294118
family_004 : 0.3
family_021 : 0.3
family_079 : 0.304348
family_011 : 0.305882
family_086 : 0.307692
family_005 : 0.310345
family_044 : 0.3125
family_028 : 0.3125
family_077 : 0.315789
family_042 : 0.333333
family_087 : 0.333333
family_035 : 0.333333
family_022 : 0.333333
family_066 : 0.35
family_071 : 0.352941
family_100 : 0.352941
family_008 : 0.352941
family_048 : 0.357143
family_078 : 0.366667
family_076 : 0.366667
family_032 : 0.368421
family_060 : 0.391304
family_006 : 0.428571
family_031 : 0.4375
family_062 : 0.444444
family_034 : 0.454545
family_020 : 0.466667
family_050 : 0.466667
family_080 : 0.472222
family_052 : 0.475
family_038 : 0.5
family_016 : 0.5
family_072 : 0.5
family_099 : 0.526316
family_070 : 0.586207
family_088 : 0.608696
family_053 : 0.625
family_023 : 0.714286
family_009 : 1.0
family_007 : 1.0
