family_017 : -inf
family_061 : -inf
family_098 : 0.078947
family_033 : 0.090909
family_041 : 0.117647
family_090 : 0.12
family_027 : 0.12
family_026 : 0.130435
family_025 : 0.157895
family_018 : 0.166667
family_083 : 0.173913
family_064 : 0.176471
family_008 : 0.176471
family_029 : 0.185185
family_073 : 0.1875
family_096 : 0.206897
family_040 : 0.222222
family_076 : 0.233333
family_047 : 0.238095
family_003 : 0.238095
family_024 : 0.241379
family_012 : 0.243243
family_021 : 0.25
family_085 : 0.259259
family_039 : 0.272727
family_001 : 0.291667
family_019 : 0.294118
family_060 : 0.304348
family_070 : 0.310345
family_065 : 0.3125
family_011 : 0.313725
family_099 : 0.315789
family_077 : 0.315789
family_048 : 0.321429
family_080 : 0.333333
family_035 : 0.333333
family_005 : 0.344828
family_079 : 0.347826
family_068 : 0.35
family_095 : 0.37037
family_097 : 0.37037
family_042 : 0.388889
family_032 : 0.421053
family_078 : 0.433333
family_066 : 0.45
family_037 : 0.454545
family_016 : 0.5
family_088 : 0.5
family_072 : 0.5
family_052 : 0.55
family_071 : 0.588235
family_063 : 0.666667
family_049 : 0.714286
family_058 : 0.75
family_082 : 0.75
family_055 : 0.8
family_038 : 0.833333
family_046 : 0.846154
family_093 : 0.857143
family_069 : 0.866667
family_045 : 0.866667
family_074 : 0.888889
family_010 : 0.909091
family_034 : 0.909091
family_051 : 0.909091
family_054 : 0.916667
family_067 : 0.928571
family_002 : 0.928571
family_084 : 0.928571
family_030 : 0.928571
family_081 : 0.928571
family_057 : 0.928571
family_036 : 0.928571
family_020 : 0.933333
family_044 : 0.9375
family_089 : 1.0
family_062 : 1.0
family_031 : 1.0
family_094 : 1.0
family_009 : 1.0
family_043 : 1.0
family_091 : 1.0
family_013 : 1.0
family_023 : 1.0
family_007 : 1.0
family_087 : 1.0
family_059 : 1.0
family_004 : 1.0
family_006 : 1.0
family_014 : 1.0
family_075 : 1.0
family_100 : 1.0
family_086 : 1.0
family_015 : 1.0
family_092 : 1.0
family_050 : 1.0
family_053 : 1.0
family_056 : 1.0
family_022 : 1.0
family_028 : 1.0
