fastme.f81 : 0.5478498935699463
ba.experimental : 12.217483758926392
raxml.f81 : 71.52075743675232
generax-spr-undateddtl-r5.f81 : 88.6948733329773
pipeline : 185.61548686027527
