fastme.f81 : 0.5684645175933838
ba.exp : 3.514272928237915
raxml.f81 : 59.10417413711548
generax-spr-undateddtl-r5.f81 : 100.60130405426025
pipeline : 170.89139080047607
