fastme.f81 : 0.5684645175933838
ba.exp : 55.6690936088562
raxml.f81 : 59.10417413711548
pipeline_dl42 : 73.01266479492188
generax-spr-undateddtl-r5.f81 : 100.60130405426025
pipeline : 170.89139080047607
