fastme.f81 : 0.5093773475456238
ba.exp : 55.606298625766755
raxml.f81 : 59.03931887214184
generax-spr-undateddtl-r5.f81 : 100.60147500038147
