fastme.f81 : 0.49172792993927006
ba.experimental : 12.158653992778302
raxml.f81 : 71.45593277130531
generax-spr-undateddtl-r5.f81 : 88.69505953788757
