fastme.f81 : 0.5093773475456238
ba.exp : 3.44939946128726
raxml.f81 : 59.03931887214184
generax-spr-undateddtl-r5.f81 : 100.60147500038147
