20
15_0_0     0.00000000  0.00000000  0.06170022  0.06816619  0.12908339  0.09461678  0.09461678  0.13617582  0.38902841  0.34034784  0.33098847  0.31262124  0.30360759  0.32174725  0.32174725  0.37902988  0.35943339  0.43044684  0.40944474  0.39916541  
17_0_0     0.00000000  0.00000000  0.06170022  0.06816619  0.12908339  0.09461678  0.09461678  0.13617582  0.38902841  0.34034784  0.33098847  0.31262124  0.30360759  0.32174725  0.32174725  0.37902988  0.35943339  0.43044684  0.40944474  0.39916541  
18_0_0     0.06170022  0.06170022  0.00000000  0.03020026  0.11510142  0.06816619  0.06816619  0.12205903  0.40944474  0.32174725  0.31262124  0.31262124  0.30360759  0.35943339  0.34034784  0.37902988  0.39916541  0.45206930  0.43044684  0.41987047  
14_0_0     0.06816619  0.06816619  0.03020026  0.00000000  0.09461678  0.06170022  0.06170022  0.11510142  0.37902988  0.34982842  0.34034784  0.34034784  0.33098847  0.34982842  0.33098847  0.36916606  0.38902841  0.44117824  0.41987047  0.40944474  
16_0_0     0.12908339  0.12908339  0.11510142  0.09461678  0.00000000  0.05529086  0.05529086  0.09461678  0.36916606  0.30360759  0.31262124  0.31262124  0.30360759  0.32174725  0.33098847  0.34982842  0.35943339  0.40944474  0.38902841  0.39916541  
13_0_0     0.09461678  0.09461678  0.06816619  0.06170022  0.05529086  0.00000000  0.00000000  0.04893713  0.37902988  0.33098847  0.32174725  0.32174725  0.31262124  0.33098847  0.34034784  0.34034784  0.36916606  0.41987047  0.39916541  0.40944474  
19_0_0     0.09461678  0.09461678  0.06816619  0.06170022  0.05529086  0.00000000  0.00000000  0.04893713  0.37902988  0.33098847  0.32174725  0.32174725  0.31262124  0.33098847  0.34034784  0.34034784  0.36916606  0.41987047  0.39916541  0.40944474  
20_0_0     0.13617582  0.13617582  0.12205903  0.11510142  0.09461678  0.04893713  0.04893713  0.00000000  0.36916606  0.35943339  0.34982842  0.33098847  0.32174725  0.35943339  0.34982842  0.36916606  0.37902988  0.43044684  0.40944474  0.46312485  
5_0_0      0.38902841  0.38902841  0.40944474  0.37902988  0.36916606  0.37902988  0.37902988  0.36916606  0.00000000  0.15787493  0.15057019  0.15057019  0.14333762  0.12908339  0.13617582  0.12908339  0.14333762  0.15057019  0.13617582  0.18023693  
11_0_0     0.34034784  0.34034784  0.32174725  0.34982842  0.30360759  0.33098847  0.33098847  0.35943339  0.15787493  0.00000000  0.00594120  0.05529086  0.04893713  0.10138150  0.09461678  0.11510142  0.11510142  0.13617582  0.12205903  0.14333762  
4_0_0      0.33098847  0.33098847  0.31262124  0.34034784  0.31262124  0.32174725  0.32174725  0.34982842  0.15057019  0.00594120  0.00000000  0.04893713  0.04263807  0.09461678  0.08791400  0.10820932  0.10820932  0.12908339  0.11510142  0.13617582  
12_0_0     0.31262124  0.31262124  0.31262124  0.34034784  0.31262124  0.32174725  0.32174725  0.33098847  0.15057019  0.05529086  0.04893713  0.00000000  0.00594120  0.08127203  0.08791400  0.12205903  0.12205903  0.15787493  0.14333762  0.16525329  
2_0_0      0.30360759  0.30360759  0.30360759  0.33098847  0.30360759  0.31262124  0.31262124  0.32174725  0.14333762  0.04893713  0.04263807  0.00594120  0.00000000  0.07468978  0.08127203  0.11510142  0.11510142  0.15057019  0.13617582  0.15787493  
1_0_0      0.32174725  0.32174725  0.35943339  0.34982842  0.32174725  0.33098847  0.33098847  0.35943339  0.12908339  0.10138150  0.09461678  0.08127203  0.07468978  0.00000000  0.04263807  0.06170022  0.10138150  0.12205903  0.10820932  0.11510142  
8_0_0      0.32174725  0.32174725  0.34034784  0.33098847  0.33098847  0.34034784  0.34034784  0.34982842  0.13617582  0.09461678  0.08791400  0.08791400  0.08127203  0.04263807  0.00000000  0.08127203  0.10820932  0.12908339  0.11510142  0.13617582  
10_0_0     0.37902988  0.37902988  0.37902988  0.36916606  0.34982842  0.34034784  0.34034784  0.36916606  0.12908339  0.11510142  0.10820932  0.12205903  0.11510142  0.06170022  0.08127203  0.00000000  0.10138150  0.10820932  0.09461678  0.11510142  
9_0_0      0.35943339  0.35943339  0.39916541  0.38902841  0.35943339  0.36916606  0.36916606  0.37902988  0.14333762  0.11510142  0.10820932  0.12205903  0.11510142  0.10138150  0.10820932  0.10138150  0.00000000  0.05529086  0.04263807  0.14333762  
3_0_0      0.43044684  0.43044684  0.45206930  0.44117824  0.40944474  0.41987047  0.41987047  0.43044684  0.15057019  0.13617582  0.12908339  0.15787493  0.15057019  0.12205903  0.12908339  0.10820932  0.05529086  0.00000000  0.01193102  0.16525329  
6_0_0      0.40944474  0.40944474  0.43044684  0.41987047  0.38902841  0.39916541  0.39916541  0.40944474  0.13617582  0.12205903  0.11510142  0.14333762  0.13617582  0.10820932  0.11510142  0.09461678  0.04263807  0.01193102  0.00000000  0.15057019  
7_0_0      0.39916541  0.39916541  0.41987047  0.40944474  0.39916541  0.40944474  0.40944474  0.46312485  0.18023693  0.14333762  0.13617582  0.16525329  0.15787493  0.11510142  0.13617582  0.11510142  0.14333762  0.16525329  0.15057019  0.00000000  

