176
67_19_0    0.00000000  0.00548477  0.06866532  0.08075602  0.08075602  0.07468596  0.08075602  0.08075602  0.07468596  0.06866532  0.05676914  0.13775251  0.13119825  0.13119825  0.16456642  0.15103794  0.14436539  0.14436539  0.15103794  0.17142461  0.13775251  0.13119825  0.14436539  0.24374993  0.27478429  0.27478429  0.27478429  0.27478429  0.34977455  0.34105676  0.34977455  0.35859634  0.36752465  0.36752465  0.34105676  0.33244054  0.31550356  0.36752465  0.35859634  0.36752465  0.25138727  0.27478429  0.22130006  0.21396572  0.22130006  0.22870788  0.25138727  0.25910432  0.26690275  0.25910432  0.26690275  0.27478429  0.28275074  0.27478429  0.26690275  0.27478429  0.26690275  0.23619066  0.22870788  0.19951171  0.21396572  0.21396572  0.19951171  0.19951171  0.21396572  0.21396572  0.21396572  0.19951171  0.23619066  0.23619066  0.25138727  0.22870788  0.27478429  0.27478429  0.22870788  0.22870788  0.25910432  0.25910432  0.25138727  0.24374993  0.23619066  0.25910432  0.31550356  0.29080396  0.22870788  0.25910432  0.24374993  0.23619066  0.24374993  0.22130006  0.20670340  0.19951171  0.24374993  0.19238929  0.19951171  0.22130006  0.22130006  0.20670340  0.21396572  0.20670340  0.22130006  0.20670340  0.21396572  0.22130006  0.27478429  0.23619066  0.27478429  0.26690275  0.25910432  0.25138727  0.25910432  0.25910432  0.25910432  0.28275074  0.28275074  0.28275074  0.25138727  0.26690275  0.27478429  0.29080396  0.27478429  0.28275074  0.28275074  0.27478429  0.22870788  0.24374993  0.22130006  0.22130006  0.25138727  0.22870788  0.25910432  0.21396572  0.22130006  0.22130006  0.21396572  0.22870788  0.21396572  0.21396572  0.25910432  0.25138727  0.22130006  0.21396572  0.25138727  0.24374993  0.25138727  0.21396572  0.22870788  0.22870788  0.22870788  0.25910432  0.25138727  0.23619066  0.21396572  0.21396572  0.23619066  0.25910432  0.25910432  0.26690275  0.28275074  0.28275074  0.28275074  0.29080396  0.21396572  0.21396572  0.21396572  0.19951171  0.25138727  0.26690275  0.28275074  0.25910432  0.29080396  0.27478429  0.27478429  0.28275074  0.28275074  0.28275074  
64_19_0    0.00548477  0.00000000  0.06269331  0.07468596  0.07468596  0.06866532  0.07468596  0.07468596  0.06866532  0.06269331  0.05089206  0.14436539  0.13775251  0.13775251  0.17142461  0.15777124  0.15103794  0.15103794  0.15777124  0.17834701  0.14436539  0.13775251  0.15103794  0.23619066  0.26690275  0.26690275  0.26690275  0.26690275  0.34977455  0.34105676  0.34977455  0.35859634  0.36752465  0.36752465  0.34105676  0.33244054  0.31550356  0.36752465  0.35859634  0.36752465  0.25910432  0.28275074  0.22870788  0.22130006  0.22870788  0.23619066  0.24374993  0.25138727  0.25910432  0.25138727  0.25910432  0.26690275  0.27478429  0.26690275  0.25910432  0.26690275  0.25910432  0.22870788  0.22130006  0.19238929  0.20670340  0.20670340  0.19238929  0.19238929  0.22130006  0.22130006  0.22130006  0.19238929  0.22870788  0.22870788  0.24374993  0.22130006  0.26690275  0.26690275  0.22130006  0.22130006  0.25138727  0.25138727  0.25910432  0.25138727  0.24374993  0.25138727  0.30717836  0.28275074  0.22130006  0.25138727  0.23619066  0.22870788  0.23619066  0.21396572  0.19951171  0.19238929  0.23619066  0.18533482  0.19238929  0.22870788  0.21396572  0.19951171  0.20670340  0.19951171  0.21396572  0.19951171  0.20670340  0.21396572  0.26690275  0.22870788  0.26690275  0.25910432  0.25138727  0.24374993  0.25138727  0.25138727  0.25138727  0.27478429  0.27478429  0.27478429  0.25910432  0.27478429  0.26690275  0.28275074  0.28275074  0.29080396  0.29080396  0.28275074  0.22130006  0.23619066  0.22870788  0.22870788  0.24374993  0.22130006  0.25138727  0.22130006  0.22870788  0.22870788  0.22130006  0.23619066  0.22130006  0.22130006  0.26690275  0.25910432  0.22870788  0.22130006  0.24374993  0.25138727  0.24374993  0.22130006  0.22130006  0.22130006  0.22130006  0.25138727  0.25910432  0.22870788  0.20670340  0.20670340  0.22870788  0.25138727  0.25138727  0.25910432  0.27478429  0.27478429  0.27478429  0.28275074  0.20670340  0.20670340  0.20670340  0.20670340  0.24374993  0.25910432  0.27478429  0.25138727  0.28275074  0.26690275  0.26690275  0.29080396  0.29080396  0.29080396  
50_19_0    0.06866532  0.06269331  0.00000000  0.03353595  0.11826147  0.09927099  0.09304768  0.09304768  0.08687631  0.08075602  0.08075602  0.15103794  0.14436539  0.14436539  0.16456642  0.16456642  0.15777124  0.16456642  0.17142461  0.16456642  0.14436539  0.13775251  0.15103794  0.25910432  0.25138727  0.25138727  0.23619066  0.23619066  0.38571132  0.37656208  0.38571132  0.35859634  0.35859634  0.35859634  0.38571132  0.37656208  0.35859634  0.37656208  0.38571132  0.39497517  0.25910432  0.26690275  0.24374993  0.23619066  0.22870788  0.25138727  0.25138727  0.25910432  0.26690275  0.25910432  0.26690275  0.27478429  0.28275074  0.24374993  0.27478429  0.25910432  0.26690275  0.18533482  0.17834701  0.16456642  0.16456642  0.21396572  0.21396572  0.21396572  0.19951171  0.19951171  0.19951171  0.19238929  0.19951171  0.19951171  0.21396572  0.19238929  0.24374993  0.23619066  0.22870788  0.22130006  0.25910432  0.25910432  0.27478429  0.26690275  0.27478429  0.27478429  0.29894583  0.29080396  0.22870788  0.25910432  0.25910432  0.25138727  0.27478429  0.24374993  0.25138727  0.24374993  0.27478429  0.22130006  0.22870788  0.28275074  0.26690275  0.22130006  0.24374993  0.22130006  0.23619066  0.22130006  0.22870788  0.23619066  0.28275074  0.23619066  0.28275074  0.27478429  0.28275074  0.25138727  0.25910432  0.25910432  0.22870788  0.26690275  0.29080396  0.29080396  0.29080396  0.30717836  0.26690275  0.26690275  0.28275074  0.27478429  0.29080396  0.28275074  0.24374993  0.25910432  0.25138727  0.25138727  0.26690275  0.25910432  0.25910432  0.25138727  0.25910432  0.24374993  0.25138727  0.26690275  0.25138727  0.25138727  0.27478429  0.29080396  0.27478429  0.28275074  0.25910432  0.25138727  0.25138727  0.22870788  0.22870788  0.24374993  0.22870788  0.24374993  0.25138727  0.21396572  0.21396572  0.21396572  0.22130006  0.25138727  0.25138727  0.25910432  0.30717836  0.30717836  0.30717836  0.30717836  0.19951171  0.21396572  0.21396572  0.19951171  0.23619066  0.25138727  0.29894583  0.27478429  0.29080396  0.26690275  0.27478429  0.33244054  0.33244054  0.33244054  
59_19_0    0.08075602  0.07468596  0.03353595  0.00000000  0.11826147  0.09927099  0.09304768  0.09304768  0.08687631  0.08075602  0.08075602  0.14436539  0.13775251  0.13775251  0.15777124  0.15777124  0.15103794  0.15777124  0.16456642  0.15777124  0.15103794  0.14436539  0.15777124  0.26690275  0.24374993  0.24374993  0.22870788  0.22870788  0.38571132  0.37656208  0.38571132  0.37656208  0.37656208  0.37656208  0.38571132  0.37656208  0.35859634  0.37656208  0.37656208  0.36752465  0.24374993  0.25138727  0.25910432  0.25138727  0.24374993  0.25138727  0.25138727  0.25910432  0.26690275  0.25910432  0.28275074  0.29080396  0.29894583  0.24374993  0.29894583  0.27478429  0.28275074  0.19951171  0.19238929  0.17834701  0.17834701  0.20670340  0.22130006  0.22130006  0.19238929  0.19238929  0.19238929  0.19238929  0.19951171  0.19951171  0.21396572  0.19238929  0.25910432  0.25138727  0.25910432  0.25138727  0.29080396  0.29080396  0.29080396  0.28275074  0.29080396  0.26690275  0.29080396  0.28275074  0.21396572  0.25910432  0.26690275  0.25910432  0.28275074  0.25910432  0.26690275  0.25910432  0.29080396  0.23619066  0.24374993  0.29894583  0.28275074  0.23619066  0.25910432  0.23619066  0.23619066  0.23619066  0.22870788  0.23619066  0.30717836  0.23619066  0.27478429  0.26690275  0.27478429  0.25138727  0.25910432  0.25910432  0.22870788  0.27478429  0.29080396  0.29080396  0.29080396  0.30717836  0.28275074  0.27478429  0.29080396  0.28275074  0.29894583  0.29080396  0.22130006  0.23619066  0.22870788  0.22870788  0.25138727  0.24374993  0.25910432  0.24374993  0.25138727  0.23619066  0.24374993  0.25910432  0.24374993  0.24374993  0.25910432  0.27478429  0.25910432  0.26690275  0.24374993  0.23619066  0.23619066  0.24374993  0.23619066  0.25138727  0.23619066  0.25138727  0.25910432  0.21396572  0.22870788  0.22870788  0.22870788  0.25138727  0.26690275  0.25910432  0.31550356  0.31550356  0.31550356  0.31550356  0.20670340  0.22870788  0.22870788  0.21396572  0.23619066  0.25138727  0.29080396  0.27478429  0.30717836  0.28275074  0.29080396  0.33244054  0.33244054  0.33244054  
98_19_0    0.08075602  0.07468596  0.11826147  0.11826147  0.00000000  0.02218748  0.10554712  0.10554712  0.09927099  0.09304768  0.09304768  0.16456642  0.17142461  0.17142461  0.20670340  0.19238929  0.18533482  0.21396572  0.22130006  0.22870788  0.17834701  0.18533482  0.18533482  0.25138727  0.29080396  0.29080396  0.27478429  0.27478429  0.37656208  0.36752465  0.37656208  0.37656208  0.38571132  0.38571132  0.39497517  0.38571132  0.36752465  0.36752465  0.37656208  0.36752465  0.26690275  0.29080396  0.26690275  0.27478429  0.29894583  0.29080396  0.26690275  0.27478429  0.28275074  0.27478429  0.29894583  0.27478429  0.30717836  0.27478429  0.29894583  0.30717836  0.29894583  0.25138727  0.24374993  0.22870788  0.25910432  0.24374993  0.24374993  0.24374993  0.24374993  0.24374993  0.24374993  0.23619066  0.24374993  0.24374993  0.27478429  0.25138727  0.29080396  0.29894583  0.28275074  0.27478429  0.29894583  0.29894583  0.25910432  0.26690275  0.27478429  0.27478429  0.31550356  0.30717836  0.27478429  0.25138727  0.23619066  0.22870788  0.23619066  0.27478429  0.23619066  0.22870788  0.29080396  0.25138727  0.25910432  0.26690275  0.26690275  0.24374993  0.23619066  0.24374993  0.23619066  0.23619066  0.22870788  0.23619066  0.31550356  0.22130006  0.25910432  0.25138727  0.24374993  0.25910432  0.25910432  0.25910432  0.31550356  0.29894583  0.29894583  0.29894583  0.26690275  0.25138727  0.30717836  0.27478429  0.28275074  0.29080396  0.29080396  0.28275074  0.25910432  0.27478429  0.26690275  0.26690275  0.25138727  0.22870788  0.29080396  0.26690275  0.26690275  0.27478429  0.26690275  0.28275074  0.26690275  0.26690275  0.27478429  0.26690275  0.23619066  0.22870788  0.25138727  0.25910432  0.27478429  0.25910432  0.25138727  0.23619066  0.25138727  0.25138727  0.24374993  0.25910432  0.23619066  0.22130006  0.25910432  0.29894583  0.31550356  0.30717836  0.31550356  0.31550356  0.31550356  0.31550356  0.23619066  0.23619066  0.23619066  0.24374993  0.25138727  0.25910432  0.27478429  0.27478429  0.29080396  0.29894583  0.29894583  0.33244054  0.33244054  0.33244054  
76_19_0    0.07468596  0.06866532  0.09927099  0.09927099  0.02218748  0.00000000  0.09927099  0.09927099  0.09304768  0.08687631  0.08687631  0.14436539  0.15103794  0.15103794  0.18533482  0.17142461  0.16456642  0.20670340  0.19951171  0.20670340  0.17142461  0.16456642  0.16456642  0.22130006  0.28275074  0.26690275  0.26690275  0.26690275  0.37656208  0.36752465  0.37656208  0.37656208  0.38571132  0.38571132  0.39497517  0.38571132  0.36752465  0.36752465  0.37656208  0.36752465  0.26690275  0.29080396  0.25138727  0.25910432  0.28275074  0.27478429  0.25138727  0.25910432  0.26690275  0.25910432  0.28275074  0.27478429  0.28275074  0.25910432  0.28275074  0.29080396  0.28275074  0.22870788  0.22130006  0.20670340  0.23619066  0.25138727  0.25138727  0.25138727  0.23619066  0.23619066  0.23619066  0.22130006  0.21396572  0.21396572  0.24374993  0.22130006  0.26690275  0.26690275  0.25910432  0.25138727  0.27478429  0.27478429  0.26690275  0.27478429  0.26690275  0.25138727  0.29080396  0.28275074  0.26690275  0.24374993  0.22870788  0.22130006  0.22870788  0.26690275  0.23619066  0.22870788  0.27478429  0.23619066  0.24374993  0.25138727  0.25138727  0.23619066  0.24374993  0.23619066  0.22870788  0.22870788  0.22130006  0.22870788  0.31550356  0.21396572  0.24374993  0.23619066  0.22870788  0.24374993  0.25138727  0.25138727  0.28275074  0.30717836  0.27478429  0.27478429  0.25910432  0.24374993  0.29894583  0.25910432  0.26690275  0.27478429  0.27478429  0.26690275  0.23619066  0.25138727  0.24374993  0.24374993  0.22870788  0.20670340  0.26690275  0.25910432  0.25138727  0.26690275  0.25910432  0.27478429  0.25910432  0.25910432  0.26690275  0.25910432  0.22870788  0.23619066  0.24374993  0.25138727  0.27478429  0.25910432  0.24374993  0.24374993  0.24374993  0.24374993  0.23619066  0.24374993  0.22130006  0.22130006  0.24374993  0.27478429  0.29080396  0.28275074  0.29080396  0.29080396  0.29080396  0.28275074  0.20670340  0.20670340  0.20670340  0.21396572  0.22870788  0.22870788  0.27478429  0.25138727  0.29894583  0.26690275  0.26690275  0.31550356  0.31550356  0.31550356  
56_19_0    0.08075602  0.07468596  0.09304768  0.09304768  0.10554712  0.09927099  0.00000000  0.02218748  0.01657788  0.01101053  0.02218748  0.17834701  0.18533482  0.18533482  0.19238929  0.20670340  0.19951171  0.20670340  0.19951171  0.20670340  0.18533482  0.17834701  0.17834701  0.28275074  0.26690275  0.26690275  0.26690275  0.26690275  0.37656208  0.38571132  0.37656208  0.36752465  0.36752465  0.36752465  0.39497517  0.38571132  0.36752465  0.36752465  0.35859634  0.35859634  0.26690275  0.25138727  0.23619066  0.24374993  0.25138727  0.24374993  0.22870788  0.23619066  0.24374993  0.23619066  0.25138727  0.25910432  0.28275074  0.25138727  0.25138727  0.25910432  0.26690275  0.22870788  0.22130006  0.22130006  0.22130006  0.21396572  0.19951171  0.19951171  0.20670340  0.20670340  0.20670340  0.17834701  0.22130006  0.22130006  0.23619066  0.21396572  0.25138727  0.27478429  0.23619066  0.23619066  0.23619066  0.23619066  0.22870788  0.23619066  0.25138727  0.25910432  0.28275074  0.29080396  0.23619066  0.25910432  0.23619066  0.22870788  0.24374993  0.22870788  0.24374993  0.22130006  0.22130006  0.19951171  0.20670340  0.24374993  0.24374993  0.22130006  0.22870788  0.22130006  0.23619066  0.23619066  0.22870788  0.23619066  0.30717836  0.23619066  0.24374993  0.23619066  0.22870788  0.23619066  0.24374993  0.24374993  0.24374993  0.24374993  0.25910432  0.25910432  0.25910432  0.26690275  0.30717836  0.29894583  0.25138727  0.24374993  0.25910432  0.25138727  0.22870788  0.24374993  0.22870788  0.23619066  0.24374993  0.22870788  0.26690275  0.23619066  0.25910432  0.26690275  0.25910432  0.27478429  0.22130006  0.22130006  0.26690275  0.29894583  0.26690275  0.25910432  0.27478429  0.29080396  0.23619066  0.25138727  0.21396572  0.19951171  0.21396572  0.24374993  0.25138727  0.22870788  0.22130006  0.22130006  0.22130006  0.23619066  0.25138727  0.24374993  0.29894583  0.29894583  0.29894583  0.27478429  0.21396572  0.21396572  0.21396572  0.22130006  0.23619066  0.24374993  0.27478429  0.25138727  0.28275074  0.29894583  0.29080396  0.33244054  0.33244054  0.33244054  
78_19_0    0.08075602  0.07468596  0.09304768  0.09304768  0.10554712  0.09927099  0.02218748  0.00000000  0.00548477  0.01101053  0.02218748  0.17834701  0.18533482  0.17142461  0.19238929  0.20670340  0.19951171  0.20670340  0.19951171  0.20670340  0.18533482  0.17834701  0.17834701  0.26690275  0.26690275  0.26690275  0.26690275  0.26690275  0.37656208  0.36752465  0.37656208  0.36752465  0.36752465  0.36752465  0.39497517  0.38571132  0.36752465  0.38571132  0.37656208  0.37656208  0.28275074  0.26690275  0.25138727  0.25910432  0.26690275  0.25910432  0.24374993  0.25138727  0.25910432  0.25138727  0.26690275  0.27478429  0.29894583  0.26690275  0.26690275  0.27478429  0.28275074  0.22870788  0.22130006  0.22130006  0.22130006  0.22130006  0.20670340  0.20670340  0.22130006  0.22130006  0.22130006  0.19238929  0.23619066  0.23619066  0.25138727  0.22870788  0.26690275  0.29080396  0.25138727  0.25138727  0.25138727  0.25138727  0.22870788  0.23619066  0.25138727  0.26690275  0.29080396  0.29894583  0.25138727  0.27478429  0.25138727  0.24374993  0.25910432  0.24374993  0.25910432  0.23619066  0.25138727  0.22870788  0.23619066  0.27478429  0.27478429  0.23619066  0.24374993  0.23619066  0.25138727  0.25138727  0.24374993  0.25138727  0.32392356  0.23619066  0.25910432  0.25138727  0.24374993  0.23619066  0.24374993  0.24374993  0.24374993  0.25910432  0.27478429  0.27478429  0.27478429  0.28275074  0.29080396  0.31550356  0.25138727  0.24374993  0.25910432  0.25138727  0.22870788  0.24374993  0.22870788  0.23619066  0.24374993  0.22870788  0.26690275  0.25138727  0.27478429  0.26690275  0.25910432  0.27478429  0.23619066  0.23619066  0.27478429  0.29080396  0.25910432  0.25138727  0.26690275  0.28275074  0.24374993  0.26690275  0.21396572  0.19951171  0.21396572  0.24374993  0.26690275  0.23619066  0.22870788  0.22870788  0.22870788  0.25138727  0.26690275  0.25910432  0.29894583  0.29894583  0.29894583  0.28275074  0.22870788  0.21396572  0.21396572  0.20670340  0.23619066  0.24374993  0.25910432  0.23619066  0.25138727  0.31550356  0.30717836  0.33244054  0.33244054  0.33244054  
60_19_0    0.07468596  0.06866532  0.08687631  0.08687631  0.09927099  0.09304768  0.01657788  0.00548477  0.00000000  0.00548477  0.01657788  0.17142461  0.17834701  0.17834701  0.18533482  0.19951171  0.19238929  0.19951171  0.19238929  0.19951171  0.17834701  0.17142461  0.17142461  0.25910432  0.25910432  0.25910432  0.25910432  0.25910432  0.36752465  0.35859634  0.36752465  0.35859634  0.35859634  0.35859634  0.38571132  0.37656208  0.35859634  0.37656208  0.36752465  0.36752465  0.27478429  0.25910432  0.24374993  0.25138727  0.25910432  0.25138727  0.23619066  0.24374993  0.25138727  0.24374993  0.25910432  0.26690275  0.29080396  0.25910432  0.25910432  0.26690275  0.27478429  0.22130006  0.21396572  0.21396572  0.21396572  0.21396572  0.19951171  0.19951171  0.21396572  0.21396572  0.21396572  0.18533482  0.22870788  0.22870788  0.24374993  0.22130006  0.25910432  0.28275074  0.24374993  0.24374993  0.24374993  0.24374993  0.22130006  0.22870788  0.24374993  0.25910432  0.28275074  0.29080396  0.24374993  0.26690275  0.24374993  0.23619066  0.25138727  0.23619066  0.25138727  0.22870788  0.24374993  0.22130006  0.22870788  0.26690275  0.26690275  0.22870788  0.23619066  0.22870788  0.24374993  0.24374993  0.23619066  0.24374993  0.31550356  0.22870788  0.25138727  0.24374993  0.23619066  0.22870788  0.23619066  0.23619066  0.23619066  0.25138727  0.26690275  0.26690275  0.26690275  0.27478429  0.29894583  0.30717836  0.24374993  0.23619066  0.25138727  0.24374993  0.22130006  0.23619066  0.22130006  0.22870788  0.23619066  0.22130006  0.25910432  0.24374993  0.26690275  0.27478429  0.26690275  0.28275074  0.22870788  0.22870788  0.27478429  0.29080396  0.25910432  0.25138727  0.26690275  0.28275074  0.24374993  0.25910432  0.20670340  0.19238929  0.20670340  0.23619066  0.25910432  0.22870788  0.22130006  0.22130006  0.22130006  0.24374993  0.25910432  0.25138727  0.29080396  0.29080396  0.29080396  0.27478429  0.22130006  0.22130006  0.22130006  0.21396572  0.24374993  0.25138727  0.26690275  0.24374993  0.25910432  0.30717836  0.29894583  0.32392356  0.32392356  0.32392356  
55_19_0    0.06866532  0.06269331  0.08075602  0.08075602  0.09304768  0.08687631  0.01101053  0.01101053  0.00548477  0.00000000  0.01101053  0.16456642  0.17142461  0.17142461  0.17834701  0.19238929  0.18533482  0.19238929  0.18533482  0.19238929  0.17142461  0.16456642  0.16456642  0.26690275  0.25910432  0.25910432  0.25910432  0.25910432  0.37656208  0.36752465  0.37656208  0.36752465  0.36752465  0.36752465  0.39497517  0.38571132  0.36752465  0.36752465  0.35859634  0.35859634  0.26690275  0.25138727  0.23619066  0.24374993  0.25138727  0.24374993  0.22870788  0.23619066  0.24374993  0.23619066  0.25138727  0.25910432  0.28275074  0.25138727  0.25138727  0.25910432  0.26690275  0.21396572  0.20670340  0.20670340  0.20670340  0.20670340  0.19238929  0.19238929  0.20670340  0.20670340  0.20670340  0.17834701  0.22130006  0.22130006  0.23619066  0.21396572  0.25138727  0.27478429  0.23619066  0.23619066  0.25138727  0.25138727  0.22870788  0.23619066  0.25138727  0.25910432  0.28275074  0.29080396  0.23619066  0.25910432  0.23619066  0.22870788  0.24374993  0.22870788  0.24374993  0.22130006  0.23619066  0.21396572  0.22130006  0.25910432  0.25910432  0.22130006  0.22870788  0.22130006  0.23619066  0.23619066  0.22870788  0.23619066  0.30717836  0.23619066  0.25910432  0.25138727  0.24374993  0.23619066  0.24374993  0.24374993  0.24374993  0.24374993  0.25910432  0.25910432  0.25910432  0.26690275  0.29080396  0.29894583  0.25138727  0.24374993  0.25910432  0.25138727  0.22870788  0.24374993  0.22870788  0.23619066  0.24374993  0.22870788  0.26690275  0.23619066  0.25910432  0.26690275  0.25910432  0.27478429  0.22130006  0.22130006  0.26690275  0.28275074  0.25138727  0.24374993  0.25910432  0.27478429  0.23619066  0.25138727  0.21396572  0.19951171  0.21396572  0.24374993  0.25138727  0.22870788  0.22130006  0.22130006  0.22130006  0.25138727  0.26690275  0.25910432  0.28275074  0.28275074  0.28275074  0.27478429  0.21396572  0.21396572  0.21396572  0.20670340  0.23619066  0.24374993  0.25910432  0.23619066  0.26690275  0.29894583  0.29080396  0.33244054  0.33244054  0.33244054  
83_19_0    0.05676914  0.05089206  0.08075602  0.08075602  0.09304768  0.08687631  0.02218748  0.02218748  0.01657788  0.01101053  0.00000000  0.16456642  0.15777124  0.15777124  0.16456642  0.17834701  0.17142461  0.17834701  0.17142461  0.17834701  0.15777124  0.15103794  0.16456642  0.26690275  0.25910432  0.25910432  0.25910432  0.25910432  0.39497517  0.38571132  0.39497517  0.38571132  0.38571132  0.38571132  0.39497517  0.38571132  0.36752465  0.38571132  0.37656208  0.37656208  0.26690275  0.25138727  0.25138727  0.25910432  0.25138727  0.24374993  0.22130006  0.22870788  0.23619066  0.22870788  0.24374993  0.25138727  0.27478429  0.24374993  0.24374993  0.26690275  0.25910432  0.22870788  0.22130006  0.19238929  0.20670340  0.20670340  0.20670340  0.20670340  0.22130006  0.22130006  0.22130006  0.17834701  0.22130006  0.22130006  0.23619066  0.21396572  0.26690275  0.27478429  0.23619066  0.23619066  0.26690275  0.26690275  0.24374993  0.23619066  0.26690275  0.24374993  0.26690275  0.27478429  0.22130006  0.25910432  0.25138727  0.24374993  0.24374993  0.22870788  0.22870788  0.20670340  0.22130006  0.21396572  0.22130006  0.25910432  0.24374993  0.20670340  0.21396572  0.22130006  0.22130006  0.22130006  0.21396572  0.22130006  0.29080396  0.23619066  0.27478429  0.26690275  0.25910432  0.25138727  0.25910432  0.25910432  0.24374993  0.22870788  0.25910432  0.25910432  0.24374993  0.26690275  0.27478429  0.29894583  0.25138727  0.24374993  0.25910432  0.25138727  0.22870788  0.24374993  0.22870788  0.23619066  0.24374993  0.22870788  0.26690275  0.23619066  0.25910432  0.26690275  0.25910432  0.27478429  0.22130006  0.22130006  0.25138727  0.26690275  0.23619066  0.22870788  0.24374993  0.25910432  0.23619066  0.24374993  0.19951171  0.19951171  0.19951171  0.22870788  0.23619066  0.22870788  0.23619066  0.23619066  0.23619066  0.24374993  0.25910432  0.25138727  0.28275074  0.28275074  0.28275074  0.29080396  0.19951171  0.19951171  0.19951171  0.19238929  0.22130006  0.24374993  0.24374993  0.22130006  0.26690275  0.29894583  0.29080396  0.33244054  0.33244054  0.33244054  
90_34_0    0.13775251  0.14436539  0.15103794  0.14436539  0.16456642  0.14436539  0.17834701  0.17834701  0.17142461  0.16456642  0.16456642  0.00000000  0.00548477  0.01657788  0.04506131  0.03353595  0.02783994  0.07468596  0.06866532  0.07468596  0.05676914  0.05089206  0.05089206  0.28275074  0.34977455  0.33244054  0.33244054  0.33244054  0.35859634  0.34977455  0.35859634  0.35859634  0.36752465  0.36752465  0.39497517  0.40435656  0.36752465  0.34977455  0.34977455  0.34977455  0.29080396  0.29894583  0.27478429  0.28275074  0.26690275  0.28275074  0.29894583  0.30717836  0.31550356  0.30717836  0.31550356  0.32392356  0.33244054  0.29080396  0.32392356  0.29894583  0.29080396  0.22870788  0.22130006  0.22130006  0.22130006  0.29080396  0.28275074  0.28275074  0.25138727  0.25138727  0.25138727  0.28275074  0.29080396  0.29080396  0.29080396  0.26690275  0.24374993  0.25910432  0.32392356  0.31550356  0.34977455  0.34977455  0.29080396  0.29894583  0.29080396  0.30717836  0.34105676  0.34105676  0.30717836  0.29080396  0.31550356  0.31550356  0.32392356  0.30717836  0.30717836  0.31550356  0.34977455  0.25910432  0.28275074  0.28275074  0.30717836  0.30717836  0.31550356  0.30717836  0.30717836  0.29080396  0.29894583  0.30717836  0.36752465  0.28275074  0.34105676  0.33244054  0.32392356  0.32392356  0.31550356  0.31550356  0.34105676  0.31550356  0.32392356  0.32392356  0.32392356  0.32392356  0.34105676  0.34105676  0.33244054  0.34105676  0.34105676  0.34977455  0.23619066  0.25138727  0.24374993  0.22870788  0.29080396  0.29894583  0.29894583  0.29894583  0.28275074  0.29080396  0.29894583  0.30717836  0.29894583  0.29894583  0.26690275  0.29080396  0.27478429  0.28275074  0.27478429  0.26690275  0.31550356  0.32392356  0.30717836  0.30717836  0.30717836  0.32392356  0.28275074  0.31550356  0.28275074  0.29894583  0.25910432  0.30717836  0.30717836  0.31550356  0.37656208  0.37656208  0.37656208  0.35859634  0.25138727  0.29894583  0.29894583  0.26690275  0.26690275  0.29080396  0.32392356  0.31550356  0.38571132  0.31550356  0.33244054  0.41385849  0.41385849  0.41385849  
53_34_0    0.13119825  0.13775251  0.14436539  0.13775251  0.17142461  0.15103794  0.18533482  0.18533482  0.17834701  0.17142461  0.15777124  0.00548477  0.00000000  0.01101053  0.03927618  0.02783994  0.02218748  0.06866532  0.06269331  0.06866532  0.05089206  0.04506131  0.05676914  0.29080396  0.34105676  0.32392356  0.32392356  0.32392356  0.36752465  0.35859634  0.36752465  0.36752465  0.37656208  0.37656208  0.38571132  0.39497517  0.35859634  0.35859634  0.35859634  0.35859634  0.28275074  0.29080396  0.28275074  0.29080396  0.25910432  0.27478429  0.29894583  0.30717836  0.31550356  0.30717836  0.31550356  0.32392356  0.33244054  0.29080396  0.32392356  0.29894583  0.29080396  0.23619066  0.22870788  0.21396572  0.21396572  0.28275074  0.29080396  0.29080396  0.25910432  0.25910432  0.25910432  0.27478429  0.28275074  0.28275074  0.28275074  0.25910432  0.25138727  0.25138727  0.31550356  0.30717836  0.35859634  0.35859634  0.29894583  0.29080396  0.29894583  0.29894583  0.33244054  0.33244054  0.29894583  0.29894583  0.32392356  0.32392356  0.33244054  0.29894583  0.29894583  0.30717836  0.34105676  0.25138727  0.27478429  0.29080396  0.29894583  0.29894583  0.30717836  0.29894583  0.29894583  0.28275074  0.29080396  0.29894583  0.35859634  0.29080396  0.34977455  0.34105676  0.33244054  0.33244054  0.32392356  0.32392356  0.33244054  0.30717836  0.33244054  0.33244054  0.31550356  0.33244054  0.33244054  0.33244054  0.34105676  0.34977455  0.34977455  0.35859634  0.24374993  0.25910432  0.25138727  0.23619066  0.29894583  0.30717836  0.30717836  0.29080396  0.27478429  0.28275074  0.29080396  0.29894583  0.29080396  0.29080396  0.25910432  0.28275074  0.26690275  0.27478429  0.26690275  0.25910432  0.30717836  0.32392356  0.29894583  0.31550356  0.29894583  0.31550356  0.27478429  0.30717836  0.29080396  0.30717836  0.26690275  0.30717836  0.30717836  0.31550356  0.38571132  0.38571132  0.38571132  0.36752465  0.24374993  0.29080396  0.29080396  0.25910432  0.25910432  0.28275074  0.31550356  0.30717836  0.37656208  0.32392356  0.34105676  0.40435656  0.40435656  0.40435656  
87_34_0    0.13119825  0.13775251  0.14436539  0.13775251  0.17142461  0.15103794  0.18533482  0.17142461  0.17834701  0.17142461  0.15777124  0.01657788  0.01101053  0.00000000  0.03927618  0.02783994  0.02218748  0.06866532  0.06269331  0.06866532  0.05089206  0.04506131  0.05676914  0.29080396  0.34105676  0.32392356  0.32392356  0.32392356  0.36752465  0.35859634  0.36752465  0.36752465  0.37656208  0.37656208  0.40435656  0.39497517  0.37656208  0.37656208  0.37656208  0.37656208  0.29894583  0.30717836  0.28275074  0.29080396  0.25910432  0.27478429  0.30717836  0.31550356  0.32392356  0.31550356  0.32392356  0.33244054  0.34105676  0.29894583  0.33244054  0.30717836  0.29894583  0.25138727  0.24374993  0.21396572  0.22870788  0.28275074  0.29080396  0.29080396  0.25910432  0.25910432  0.25910432  0.27478429  0.28275074  0.28275074  0.28275074  0.25910432  0.25138727  0.26690275  0.33244054  0.32392356  0.37656208  0.37656208  0.29894583  0.29080396  0.29894583  0.31550356  0.34977455  0.34977455  0.29894583  0.30717836  0.33244054  0.33244054  0.34105676  0.31550356  0.29894583  0.30717836  0.35859634  0.26690275  0.29080396  0.30717836  0.31550356  0.29894583  0.30717836  0.29894583  0.31550356  0.29894583  0.30717836  0.31550356  0.37656208  0.30717836  0.34977455  0.34105676  0.33244054  0.33244054  0.34105676  0.34105676  0.33244054  0.32392356  0.33244054  0.33244054  0.31550356  0.33244054  0.31550356  0.34977455  0.34105676  0.34977455  0.34977455  0.35859634  0.25910432  0.27478429  0.26690275  0.25138727  0.29894583  0.30717836  0.31550356  0.29080396  0.29080396  0.26690275  0.27478429  0.28275074  0.29080396  0.29080396  0.26690275  0.27478429  0.25910432  0.26690275  0.25910432  0.25138727  0.29894583  0.32392356  0.31550356  0.33244054  0.31550356  0.33244054  0.29080396  0.30717836  0.29080396  0.30717836  0.28275074  0.30717836  0.30717836  0.31550356  0.38571132  0.38571132  0.38571132  0.36752465  0.25910432  0.29080396  0.29080396  0.25910432  0.25910432  0.28275074  0.31550356  0.30717836  0.37656208  0.32392356  0.35859634  0.40435656  0.40435656  0.40435656  
84_34_0    0.16456642  0.17142461  0.16456642  0.15777124  0.20670340  0.18533482  0.19238929  0.19238929  0.18533482  0.17834701  0.16456642  0.04506131  0.03927618  0.03927618  0.00000000  0.03353595  0.02783994  0.09927099  0.09304768  0.08687631  0.08075602  0.07468596  0.08687631  0.29894583  0.35859634  0.34105676  0.34105676  0.34105676  0.39497517  0.38571132  0.39497517  0.37656208  0.37656208  0.38571132  0.43323667  0.42348411  0.40435656  0.38571132  0.38571132  0.38571132  0.29894583  0.29080396  0.29080396  0.29894583  0.26690275  0.27478429  0.30717836  0.31550356  0.32392356  0.31550356  0.32392356  0.32392356  0.35859634  0.31550356  0.33244054  0.30717836  0.29894583  0.24374993  0.23619066  0.19951171  0.21396572  0.28275074  0.29080396  0.29080396  0.25910432  0.25910432  0.25910432  0.27478429  0.28275074  0.28275074  0.26690275  0.26690275  0.25138727  0.25910432  0.34977455  0.34105676  0.37656208  0.37656208  0.32392356  0.31550356  0.32392356  0.33244054  0.32392356  0.34105676  0.31550356  0.33244054  0.35859634  0.35859634  0.36752465  0.35859634  0.34105676  0.33244054  0.36752465  0.30717836  0.31550356  0.34977455  0.35859634  0.31550356  0.31550356  0.32392356  0.33244054  0.31550356  0.32392356  0.31550356  0.36752465  0.33244054  0.37656208  0.36752465  0.35859634  0.35859634  0.36752465  0.36752465  0.32392356  0.29894583  0.33244054  0.33244054  0.32392356  0.34105676  0.32392356  0.35859634  0.34977455  0.34105676  0.35859634  0.37656208  0.26690275  0.28275074  0.27478429  0.25910432  0.30717836  0.33244054  0.34105676  0.31550356  0.31550356  0.30717836  0.31550356  0.32392356  0.29894583  0.29894583  0.28275074  0.27478429  0.27478429  0.28275074  0.27478429  0.26690275  0.33244054  0.31550356  0.32392356  0.34105676  0.32392356  0.32392356  0.28275074  0.32392356  0.30717836  0.32392356  0.28275074  0.34105676  0.34105676  0.34977455  0.39497517  0.39497517  0.39497517  0.34105676  0.26690275  0.31550356  0.31550356  0.28275074  0.28275074  0.32392356  0.30717836  0.29894583  0.41385849  0.33244054  0.35859634  0.44311957  0.44311957  0.44311957  
51_34_0    0.15103794  0.15777124  0.16456642  0.15777124  0.19238929  0.17142461  0.20670340  0.20670340  0.19951171  0.19238929  0.17834701  0.03353595  0.02783994  0.02783994  0.03353595  0.00000000  0.01657788  0.08687631  0.08075602  0.08687631  0.06866532  0.06269331  0.07468596  0.30717836  0.36752465  0.34977455  0.34977455  0.34977455  0.38571132  0.37656208  0.38571132  0.38571132  0.38571132  0.39497517  0.42348411  0.41385849  0.39497517  0.39497517  0.39497517  0.39497517  0.29894583  0.30717836  0.29894583  0.30717836  0.26690275  0.28275074  0.32392356  0.33244054  0.34105676  0.33244054  0.34105676  0.34105676  0.35859634  0.31550356  0.34977455  0.32392356  0.31550356  0.26690275  0.25910432  0.22130006  0.23619066  0.29080396  0.29894583  0.29894583  0.26690275  0.26690275  0.26690275  0.28275074  0.29080396  0.29080396  0.27478429  0.26690275  0.25910432  0.27478429  0.35859634  0.34977455  0.38571132  0.38571132  0.32392356  0.31550356  0.32392356  0.32392356  0.35859634  0.35859634  0.31550356  0.31550356  0.34105676  0.34105676  0.34977455  0.34105676  0.32392356  0.33244054  0.38571132  0.29080396  0.29894583  0.33244054  0.34105676  0.31550356  0.31550356  0.30717836  0.34105676  0.32392356  0.33244054  0.32392356  0.37656208  0.31550356  0.35859634  0.34977455  0.34105676  0.34105676  0.34977455  0.34977455  0.32392356  0.32392356  0.33244054  0.33244054  0.31550356  0.33244054  0.33244054  0.35859634  0.34977455  0.35859634  0.35859634  0.37656208  0.26690275  0.28275074  0.27478429  0.25910432  0.30717836  0.33244054  0.32392356  0.29894583  0.29894583  0.29080396  0.29894583  0.30717836  0.29894583  0.29894583  0.29894583  0.27478429  0.29080396  0.29894583  0.29080396  0.28275074  0.33244054  0.33244054  0.34105676  0.35859634  0.34105676  0.34105676  0.29894583  0.33244054  0.31550356  0.33244054  0.30717836  0.33244054  0.33244054  0.34105676  0.37656208  0.37656208  0.37656208  0.37656208  0.28275074  0.33244054  0.33244054  0.29894583  0.29894583  0.32392356  0.32392356  0.31550356  0.42348411  0.32392356  0.35859634  0.40435656  0.40435656  0.40435656  
95_34_0    0.14436539  0.15103794  0.15777124  0.15103794  0.18533482  0.16456642  0.19951171  0.19951171  0.19238929  0.18533482  0.17142461  0.02783994  0.02218748  0.02218748  0.02783994  0.01657788  0.00000000  0.08075602  0.07468596  0.08075602  0.06269331  0.05676914  0.06866532  0.29894583  0.35859634  0.34105676  0.34105676  0.34105676  0.35859634  0.34977455  0.35859634  0.35859634  0.35859634  0.36752465  0.39497517  0.38571132  0.36752465  0.36752465  0.36752465  0.36752465  0.29080396  0.29894583  0.29080396  0.29894583  0.25910432  0.27478429  0.31550356  0.32392356  0.33244054  0.32392356  0.33244054  0.33244054  0.34977455  0.30717836  0.34105676  0.31550356  0.30717836  0.25910432  0.25138727  0.21396572  0.22870788  0.28275074  0.29080396  0.29080396  0.25910432  0.25910432  0.25910432  0.27478429  0.28275074  0.28275074  0.26690275  0.25910432  0.25138727  0.26690275  0.34977455  0.34105676  0.37656208  0.37656208  0.31550356  0.30717836  0.31550356  0.31550356  0.34977455  0.34977455  0.30717836  0.30717836  0.33244054  0.33244054  0.34105676  0.33244054  0.31550356  0.32392356  0.37656208  0.28275074  0.29080396  0.32392356  0.33244054  0.30717836  0.30717836  0.29894583  0.33244054  0.31550356  0.32392356  0.31550356  0.36752465  0.30717836  0.34977455  0.34105676  0.33244054  0.33244054  0.34105676  0.34105676  0.31550356  0.31550356  0.32392356  0.32392356  0.30717836  0.32392356  0.32392356  0.34977455  0.34105676  0.34977455  0.34977455  0.36752465  0.25910432  0.27478429  0.26690275  0.25138727  0.29894583  0.32392356  0.31550356  0.29080396  0.29080396  0.28275074  0.29080396  0.29894583  0.29080396  0.29080396  0.29080396  0.28275074  0.28275074  0.29080396  0.28275074  0.27478429  0.32392356  0.32392356  0.33244054  0.34977455  0.33244054  0.33244054  0.29080396  0.32392356  0.30717836  0.32392356  0.29894583  0.32392356  0.32392356  0.33244054  0.38571132  0.38571132  0.38571132  0.36752465  0.27478429  0.32392356  0.32392356  0.29080396  0.29080396  0.31550356  0.31550356  0.30717836  0.41385849  0.31550356  0.34977455  0.41385849  0.41385849  0.41385849  
53_19_0    0.14436539  0.15103794  0.16456642  0.15777124  0.21396572  0.20670340  0.20670340  0.20670340  0.19951171  0.19238929  0.17834701  0.07468596  0.06866532  0.06866532  0.09927099  0.08687631  0.08075602  0.00000000  0.01657788  0.04506131  0.03927618  0.04506131  0.05676914  0.30717836  0.33244054  0.31550356  0.33244054  0.33244054  0.35859634  0.34977455  0.35859634  0.36752465  0.36752465  0.36752465  0.37656208  0.36752465  0.34977455  0.38571132  0.36752465  0.38571132  0.32392356  0.31550356  0.32392356  0.31550356  0.29080396  0.30717836  0.33244054  0.34105676  0.34977455  0.34105676  0.33244054  0.34105676  0.34105676  0.33244054  0.34105676  0.31550356  0.30717836  0.29894583  0.29080396  0.25910432  0.27478429  0.28275074  0.27478429  0.27478429  0.24374993  0.24374993  0.24374993  0.29080396  0.31550356  0.31550356  0.33244054  0.30717836  0.29894583  0.29894583  0.35859634  0.35859634  0.40435656  0.40435656  0.31550356  0.30717836  0.33244054  0.34977455  0.40435656  0.38571132  0.31550356  0.32392356  0.34977455  0.34977455  0.34105676  0.30717836  0.29080396  0.29894583  0.35859634  0.29080396  0.29894583  0.31550356  0.32392356  0.30717836  0.30717836  0.30717836  0.34977455  0.33244054  0.34105676  0.34977455  0.41385849  0.34105676  0.37656208  0.36752465  0.36752465  0.34977455  0.35859634  0.35859634  0.34105676  0.34977455  0.34105676  0.34105676  0.30717836  0.35859634  0.35859634  0.34977455  0.34105676  0.34977455  0.34977455  0.35859634  0.29080396  0.30717836  0.28275074  0.28275074  0.31550356  0.34105676  0.32392356  0.29894583  0.29894583  0.30717836  0.31550356  0.32392356  0.29894583  0.29894583  0.27478429  0.30717836  0.29080396  0.29894583  0.25138727  0.27478429  0.28275074  0.32392356  0.31550356  0.33244054  0.31550356  0.34977455  0.33244054  0.32392356  0.31550356  0.31550356  0.32392356  0.30717836  0.30717836  0.31550356  0.41385849  0.41385849  0.41385849  0.37656208  0.30717836  0.32392356  0.32392356  0.29894583  0.31550356  0.34977455  0.33244054  0.34105676  0.36752465  0.32392356  0.35859634  0.40435656  0.40435656  0.40435656  
