8
70_3_0     0.00000000  0.08584195  0.17429176  0.13278159  0.37939337  0.39072257  0.36823388  0.36823388  
77_3_0     0.08584195  0.00000000  0.14090065  0.07083038  0.48815043  0.50127605  0.36823388  0.41391128  
70_0_0     0.17429176  0.14090065  0.00000000  0.14910918  0.41391128  0.42578204  0.34640418  0.39072257  
73_0_0     0.13278159  0.07083038  0.14910918  0.00000000  0.45010651  0.46257320  0.42578204  0.42578204  
64_0_0     0.37939337  0.48815043  0.41391128  0.45010651  0.00000000  0.02055113  0.20035542  0.19156583  
57_0_0     0.39072257  0.50127605  0.42578204  0.46257320  0.02055113  0.00000000  0.18287873  0.18287873  
88_0_0     0.36823388  0.36823388  0.34640418  0.42578204  0.20035542  0.18287873  0.00000000  0.10116223  
75_0_0     0.36823388  0.41391128  0.39072257  0.42578204  0.19156583  0.18287873  0.10116223  0.00000000  

