fastme.f81 : 0.3229963779449463
ba.experimental : 2.9343345165252686
raxml.f81 : 27.39207172393799
generax-spr-undateddtl-r5.f81 : 32.14416480064392
pipeline : 73.42154717445374
