fastme.f81 : 0.32734227180480957
ba.experimental : 1.3540282249450684
raxml.f81 : 31.220741987228394
generax-spr-undateddtl-r5.f81 : 31.566916942596436
pipeline : 66.36188411712646
