fastme.f81 : 0.32734227180480957
ba.experimental : 1.3540282249450684
ba.exp : 2.757406711578369
ba.def : 4.35898756980896
pipeline_ne42 : 12.231592416763306
pipeline : 15.699329137802124
raxml.f81 : 31.220741987228394
generax-spr-undateddtl-r5.f81 : 31.566916942596436
