raxml.f81 : 0.02482128143310547
fastme.f81 : 0.32245659828186035
ba.exp : 0.9022531509399414
generax-spr-undateddtl-r5.f81 : 1.2168183326721191
ba.experimental : 1.3540282249450684
pipeline_ne42 : 3.0035083293914795
ba.def : 4.35898756980896
pipeline : 15.699329137802124
