fastme.f81 : 0.32734227180480957
ba.experimental : 1.3540282249450684
ba.exp : 2.662925958633423
ba.def : 4.35898756980896
pipeline : 10.642043113708496
raxml.f81 : 31.220741987228394
generax-spr-undateddtl-r5.f81 : 31.566916942596436
