fastme.f81 : 0.2658758407402039
ba.experimental : 1.3030937528014184
ba.exp : 2.6030513950519563
ba.def : 4.289146249227524
raxml.f81 : 31.159897751369478
generax-spr-undateddtl-r5.f81 : 31.567137956619263
