fastme.f81 : 0.25668324828147887
ba.experimental : 2.8734668530797958
raxml.f81 : 27.326216186556817
generax-spr-undateddtl-r5.f81 : 32.144344091415405
