raxml.f81 : 0.009575746925354005
fastme.f81 : 0.2581361770629883
ba.exp : 0.8493740472192765
generax-spr-undateddtl-r5.f81 : 1.21697998046875
ba.experimental : 1.3030937528014184
ba.def : 4.289146249227524
