14
1_0_0      0.00000000  0.00619872  0.00619872  0.50136280  0.52607532  0.52607532  0.41002005  0.41002005  0.39935581  0.37847749  0.36825510  0.37847749  0.39935581  0.41002005  
3_0_0      0.00619872  0.00000000  0.00000000  0.51361593  0.53874803  0.53874803  0.42084018  0.42084018  0.41002005  0.38884304  0.37847749  0.38884304  0.41002005  0.42084018  
2_0_0      0.00619872  0.00000000  0.00000000  0.51361593  0.53874803  0.53874803  0.42084018  0.42084018  0.41002005  0.38884304  0.37847749  0.38884304  0.41002005  0.42084018  
7_4_0      0.50136280  0.51361593  0.51361593  0.00000000  0.02511259  0.02511259  0.26424432  0.26424432  0.28210044  0.26424432  0.27311853  0.28210044  0.35817197  0.46577541  
9_4_0      0.52607532  0.53874803  0.53874803  0.02511259  0.00000000  0.00000000  0.28210044  0.28210044  0.30039799  0.28210044  0.29119267  0.28210044  0.32872143  0.46577541  
13_4_0     0.52607532  0.53874803  0.53874803  0.02511259  0.00000000  0.00000000  0.28210044  0.28210044  0.30039799  0.28210044  0.29119267  0.28210044  0.32872143  0.46577541  
18_5_0     0.41002005  0.42084018  0.42084018  0.26424432  0.28210044  0.28210044  0.00000000  0.00000000  0.07804808  0.07122037  0.06445508  0.07804808  0.34822436  0.41002005  
8_5_0      0.41002005  0.42084018  0.42084018  0.26424432  0.28210044  0.28210044  0.00000000  0.00000000  0.07804808  0.07122037  0.06445508  0.07804808  0.34822436  0.41002005  
19_5_0     0.39935581  0.41002005  0.41002005  0.28210044  0.30039799  0.30039799  0.07804808  0.07804808  0.00000000  0.11316454  0.09189539  0.11316454  0.34822436  0.36825510  
8_4_0      0.37847749  0.38884304  0.38884304  0.26424432  0.28210044  0.28210044  0.07122037  0.07122037  0.11316454  0.00000000  0.01875411  0.06445508  0.33840866  0.39935581  
18_4_0     0.36825510  0.37847749  0.37847749  0.27311853  0.29119267  0.29119267  0.06445508  0.06445508  0.09189539  0.01875411  0.00000000  0.04452247  0.32872143  0.38884304  
19_4_0     0.37847749  0.38884304  0.38884304  0.28210044  0.28210044  0.28210044  0.07804808  0.07804808  0.11316454  0.06445508  0.04452247  0.00000000  0.34822436  0.41002005  
20_1_0     0.39935581  0.41002005  0.41002005  0.35817197  0.32872143  0.32872143  0.34822436  0.34822436  0.34822436  0.33840866  0.32872143  0.34822436  0.00000000  0.28210044  
20_2_0     0.41002005  0.42084018  0.42084018  0.46577541  0.46577541  0.46577541  0.41002005  0.41002005  0.36825510  0.39935581  0.38884304  0.41002005  0.28210044  0.00000000  

