14
1_0_0      0.00000000  0.00000000  0.00619844  0.41928668  0.41928668  0.41928668  0.40855302  0.40855302  0.44122732  0.39797117  0.40855302  0.43017658  0.40855302  0.36709502  
3_0_0      0.00000000  0.00000000  0.00619844  0.41928668  0.41928668  0.41928668  0.40855302  0.40855302  0.44122732  0.39797117  0.40855302  0.43017658  0.40855302  0.36709502  
2_0_0      0.00619844  0.00619844  0.00000000  0.43017658  0.43017658  0.43017658  0.41928668  0.41928668  0.45244374  0.40855302  0.41928668  0.44122732  0.39797117  0.35707978  
7_4_0      0.41928668  0.41928668  0.43017658  0.00000000  0.01244867  0.01244867  0.17283077  0.16509400  0.18854856  0.14235241  0.14985639  0.20460364  0.43017658  0.46383087  
9_4_0      0.41928668  0.41928668  0.43017658  0.01244867  0.00000000  0.00000000  0.15743640  0.14985639  0.17283077  0.14235241  0.14985639  0.20460364  0.41928668  0.45244374  
13_4_0     0.41928668  0.41928668  0.43017658  0.01244867  0.00000000  0.00000000  0.15743640  0.14985639  0.17283077  0.14235241  0.14985639  0.20460364  0.41928668  0.45244374  
18_5_0     0.40855302  0.40855302  0.41928668  0.17283077  0.15743640  0.15743640  0.00000000  0.00619844  0.05108790  0.07800249  0.07118253  0.07800249  0.31830793  0.33744273  
8_5_0      0.40855302  0.40855302  0.41928668  0.16509400  0.14985639  0.14985639  0.00619844  0.00000000  0.05772632  0.07118253  0.06442418  0.07118253  0.31830793  0.33744273  
19_5_0     0.44122732  0.44122732  0.45244374  0.18854856  0.17283077  0.17283077  0.05108790  0.05772632  0.00000000  0.10592155  0.09884351  0.12028173  0.37724615  0.36709502  
8_4_0      0.39797117  0.39797117  0.40855302  0.14235241  0.14235241  0.14235241  0.07800249  0.07118253  0.10592155  0.00000000  0.00619844  0.05108790  0.29965033  0.33744273  
18_4_0     0.40855302  0.40855302  0.41928668  0.14985639  0.14985639  0.14985639  0.07118253  0.06442418  0.09884351  0.00619844  0.00000000  0.04450785  0.29049315  0.32781416  
19_4_0     0.43017658  0.43017658  0.44122732  0.20460364  0.20460364  0.20460364  0.07800249  0.07118253  0.12028173  0.05108790  0.04450785  0.00000000  0.31830793  0.33744273  
20_1_0     0.40855302  0.40855302  0.39797117  0.43017658  0.41928668  0.41928668  0.31830793  0.31830793  0.37724615  0.29965033  0.29049315  0.31830793  0.00000000  0.22101081  
20_2_0     0.36709502  0.36709502  0.35707978  0.46383087  0.45244374  0.45244374  0.33744273  0.33744273  0.36709502  0.33744273  0.32781416  0.33744273  0.22101081  0.00000000  

