177
7_2_0      0.00000000  0.06128609  0.06128609  0.05221490  0.07046955  0.07976809  0.30803624  0.32087393  0.32087393  0.30803624  0.28300853  0.29541687  0.28300853  0.28300853  0.23535147  0.25879748  0.32087393  0.29541687  0.29541687  0.34723546  0.29541687  0.28300853  0.28300853  0.32087393  0.30803624  0.32087393  0.30803624  0.34723546  0.29541687  0.30803624  0.30803624  0.38862145  0.36077593  0.37456809  0.38862145  0.37456809  0.37456809  0.38862145  0.40294612  0.38862145  0.46318135  0.30803624  0.29541687  0.28300853  0.29541687  0.29541687  0.30803624  0.29541687  0.36077593  0.32087393  0.30803624  0.33393764  0.34723546  0.34723546  0.37456809  0.36077593  0.30803624  0.37456809  0.32087393  0.32087393  0.32087393  0.30803624  0.34723546  0.33393764  0.41755276  0.41755276  0.41755276  0.41755276  0.41755276  0.40294612  0.46318135  0.37456809  0.38862145  0.41755276  0.38862145  0.38862145  0.46318135  0.47903641  0.47903641  0.41755276  0.46318135  0.43245271  0.37456809  0.41755276  0.41755276  0.44765798  0.44765798  0.46318135  0.44765798  0.44765798  0.43245271  0.37456809  0.34723546  0.34723546  0.40294612  0.41755276  0.43245271  0.46318135  0.52874156  0.46318135  0.46318135  0.51180053  0.51180053  0.52874156  0.54607840  0.52874156  0.52874156  0.60066035  0.65957816  0.49523765  0.54607840  0.52874156  0.54607840  0.52874156  0.49523765  0.52874156  0.54607840  0.44765798  0.38862145  0.38862145  0.49523765  0.43245271  0.41755276  0.43245271  0.46318135  0.46318135  0.46318135  0.37456809  0.38862145  0.46318135  0.44765798  0.47903641  0.38862145  0.41755276  0.41755276  0.52874156  0.44765798  0.46318135  0.46318135  0.47903641  0.49523765  0.49523765  0.46318135  0.43245271  0.49523765  0.49523765  0.46318135  0.51180053  0.47903641  0.44765798  0.38862145  0.38862145  0.34723546  0.47903641  0.44765798  0.49523765  0.51180053  0.44765798  0.46318135  0.46318135  0.44765798  0.44765798  0.43245271  0.43245271  0.40294612  0.41755276  0.40294612  0.38862145  0.40294612  0.43245271  0.38862145  0.38862145  0.34723546  0.33393764  0.29541687  0.33393764  0.41755276  
12_2_0     0.06128609  0.00000000  0.01699997  0.00845131  0.06128609  0.08918462  0.32087393  0.30803624  0.32087393  0.30803624  0.28300853  0.32087393  0.28300853  0.28300853  0.25879748  0.25879748  0.29541687  0.29541687  0.29541687  0.32087393  0.29541687  0.28300853  0.30803624  0.34723546  0.30803624  0.32087393  0.30803624  0.34723546  0.29541687  0.30803624  0.30803624  0.46318135  0.43245271  0.40294612  0.38862145  0.37456809  0.37456809  0.40294612  0.38862145  0.40294612  0.44765798  0.32087393  0.33393764  0.34723546  0.36077593  0.36077593  0.34723546  0.36077593  0.34723546  0.33393764  0.34723546  0.32087393  0.33393764  0.33393764  0.36077593  0.34723546  0.34723546  0.38862145  0.33393764  0.33393764  0.33393764  0.32087393  0.36077593  0.34723546  0.38862145  0.38862145  0.38862145  0.38862145  0.38862145  0.34723546  0.40294612  0.32087393  0.36077593  0.37456809  0.34723546  0.34723546  0.40294612  0.41755276  0.44765798  0.38862145  0.43245271  0.40294612  0.34723546  0.38862145  0.38862145  0.41755276  0.41755276  0.43245271  0.41755276  0.41755276  0.40294612  0.37456809  0.37456809  0.37456809  0.40294612  0.41755276  0.43245271  0.49523765  0.46318135  0.43245271  0.46318135  0.47903641  0.47903641  0.49523765  0.51180053  0.49523765  0.52874156  0.60066035  0.65957816  0.49523765  0.54607840  0.52874156  0.54607840  0.52874156  0.52874156  0.52874156  0.54607840  0.41755276  0.41755276  0.41755276  0.46318135  0.37456809  0.36077593  0.37456809  0.40294612  0.40294612  0.40294612  0.32087393  0.33393764  0.52874156  0.51180053  0.44765798  0.33393764  0.41755276  0.38862145  0.46318135  0.41755276  0.43245271  0.40294612  0.44765798  0.43245271  0.43245271  0.43245271  0.40294612  0.51180053  0.49523765  0.43245271  0.51180053  0.41755276  0.41755276  0.36077593  0.36077593  0.34723546  0.47903641  0.44765798  0.46318135  0.47903641  0.41755276  0.40294612  0.40294612  0.38862145  0.38862145  0.40294612  0.40294612  0.34723546  0.36077593  0.34723546  0.33393764  0.34723546  0.43245271  0.38862145  0.38862145  0.37456809  0.36077593  0.34723546  0.41755276  0.46318135  
8_2_0      0.06128609  0.01699997  0.00000000  0.00845131  0.06128609  0.08918462  0.32087393  0.30803624  0.30803624  0.29541687  0.27080426  0.30803624  0.27080426  0.27080426  0.27080426  0.24698188  0.28300853  0.28300853  0.28300853  0.30803624  0.28300853  0.27080426  0.29541687  0.33393764  0.29541687  0.30803624  0.29541687  0.33393764  0.28300853  0.29541687  0.29541687  0.44765798  0.41755276  0.41755276  0.40294612  0.37456809  0.37456809  0.38862145  0.37456809  0.38862145  0.46318135  0.33393764  0.32087393  0.33393764  0.34723546  0.34723546  0.36077593  0.34723546  0.33393764  0.32087393  0.33393764  0.30803624  0.32087393  0.32087393  0.34723546  0.33393764  0.33393764  0.37456809  0.32087393  0.32087393  0.32087393  0.30803624  0.34723546  0.33393764  0.40294612  0.40294612  0.40294612  0.40294612  0.40294612  0.36077593  0.41755276  0.33393764  0.37456809  0.38862145  0.36077593  0.36077593  0.38862145  0.43245271  0.43245271  0.37456809  0.41755276  0.38862145  0.34723546  0.37456809  0.37456809  0.40294612  0.40294612  0.41755276  0.40294612  0.40294612  0.38862145  0.36077593  0.36077593  0.36077593  0.38862145  0.40294612  0.41755276  0.47903641  0.44765798  0.41755276  0.44765798  0.46318135  0.46318135  0.47903641  0.49523765  0.47903641  0.51180053  0.58201670  0.68030494  0.47903641  0.52874156  0.51180053  0.52874156  0.51180053  0.51180053  0.51180053  0.52874156  0.40294612  0.40294612  0.40294612  0.47903641  0.36077593  0.34723546  0.36077593  0.38862145  0.38862145  0.38862145  0.30803624  0.32087393  0.52874156  0.51180053  0.47903641  0.33393764  0.43245271  0.38862145  0.46318135  0.41755276  0.43245271  0.40294612  0.44765798  0.43245271  0.43245271  0.43245271  0.38862145  0.52874156  0.47903641  0.41755276  0.49523765  0.40294612  0.40294612  0.34723546  0.34723546  0.33393764  0.49523765  0.46318135  0.47903641  0.49523765  0.43245271  0.41755276  0.41755276  0.40294612  0.40294612  0.41755276  0.41755276  0.36077593  0.37456809  0.36077593  0.34723546  0.36077593  0.43245271  0.37456809  0.37456809  0.36077593  0.34723546  0.33393764  0.40294612  0.46318135  
11_2_0     0.05221490  0.00845131  0.00845131  0.00000000  0.05221490  0.07976809  0.32087393  0.30803624  0.30803624  0.29541687  0.27080426  0.30803624  0.27080426  0.27080426  0.27080426  0.24698188  0.28300853  0.28300853  0.28300853  0.30803624  0.28300853  0.27080426  0.29541687  0.33393764  0.29541687  0.30803624  0.29541687  0.33393764  0.28300853  0.29541687  0.29541687  0.44765798  0.41755276  0.41755276  0.40294612  0.37456809  0.37456809  0.38862145  0.37456809  0.38862145  0.46318135  0.33393764  0.32087393  0.33393764  0.34723546  0.34723546  0.36077593  0.34723546  0.33393764  0.32087393  0.33393764  0.30803624  0.32087393  0.32087393  0.34723546  0.33393764  0.33393764  0.37456809  0.32087393  0.32087393  0.32087393  0.30803624  0.34723546  0.33393764  0.40294612  0.40294612  0.40294612  0.40294612  0.40294612  0.36077593  0.41755276  0.33393764  0.37456809  0.38862145  0.36077593  0.36077593  0.38862145  0.43245271  0.43245271  0.37456809  0.41755276  0.38862145  0.33393764  0.37456809  0.37456809  0.40294612  0.40294612  0.41755276  0.40294612  0.40294612  0.38862145  0.36077593  0.36077593  0.36077593  0.38862145  0.40294612  0.41755276  0.47903641  0.44765798  0.41755276  0.44765798  0.46318135  0.46318135  0.47903641  0.49523765  0.47903641  0.51180053  0.58201670  0.68030494  0.47903641  0.52874156  0.51180053  0.52874156  0.51180053  0.51180053  0.51180053  0.52874156  0.40294612  0.40294612  0.40294612  0.47903641  0.36077593  0.34723546  0.36077593  0.38862145  0.38862145  0.38862145  0.30803624  0.32087393  0.51180053  0.49523765  0.46318135  0.34723546  0.43245271  0.40294612  0.47903641  0.43245271  0.44765798  0.41755276  0.46318135  0.44765798  0.44765798  0.44765798  0.38862145  0.52874156  0.47903641  0.41755276  0.49523765  0.40294612  0.40294612  0.34723546  0.34723546  0.33393764  0.49523765  0.46318135  0.47903641  0.49523765  0.43245271  0.41755276  0.41755276  0.40294612  0.40294612  0.41755276  0.41755276  0.36077593  0.37456809  0.36077593  0.34723546  0.36077593  0.41755276  0.37456809  0.37456809  0.36077593  0.34723546  0.33393764  0.40294612  0.46318135  
1_2_0      0.07046955  0.06128609  0.06128609  0.05221490  0.00000000  0.09872219  0.29541687  0.33393764  0.33393764  0.29541687  0.29541687  0.30803624  0.29541687  0.29541687  0.29541687  0.27080426  0.33393764  0.33393764  0.30803624  0.38862145  0.28300853  0.29541687  0.29541687  0.38862145  0.32087393  0.30803624  0.32087393  0.36077593  0.30803624  0.32087393  0.32087393  0.40294612  0.40294612  0.40294612  0.41755276  0.38862145  0.38862145  0.37456809  0.38862145  0.37456809  0.44765798  0.34723546  0.33393764  0.34723546  0.33393764  0.33393764  0.34723546  0.36077593  0.40294612  0.36077593  0.34723546  0.37456809  0.36077593  0.36077593  0.37456809  0.36077593  0.36077593  0.34723546  0.32087393  0.32087393  0.32087393  0.33393764  0.34723546  0.36077593  0.41755276  0.41755276  0.41755276  0.41755276  0.41755276  0.40294612  0.49523765  0.40294612  0.41755276  0.44765798  0.41755276  0.41755276  0.43245271  0.44765798  0.47903641  0.41755276  0.46318135  0.43245271  0.37456809  0.41755276  0.41755276  0.43245271  0.43245271  0.46318135  0.44765798  0.44765798  0.40294612  0.34723546  0.37456809  0.37456809  0.34723546  0.36077593  0.37456809  0.46318135  0.46318135  0.43245271  0.46318135  0.47903641  0.47903641  0.49523765  0.51180053  0.52874156  0.46318135  0.60066035  0.65957816  0.47903641  0.52874156  0.51180053  0.52874156  0.52874156  0.49523765  0.56383001  0.58201670  0.38862145  0.36077593  0.36077593  0.40294612  0.38862145  0.37456809  0.38862145  0.41755276  0.41755276  0.41755276  0.33393764  0.34723546  0.43245271  0.41755276  0.44765798  0.33393764  0.38862145  0.38862145  0.46318135  0.38862145  0.40294612  0.43245271  0.41755276  0.43245271  0.43245271  0.43245271  0.40294612  0.51180053  0.47903641  0.38862145  0.46318135  0.40294612  0.40294612  0.36077593  0.36077593  0.34723546  0.54607840  0.47903641  0.52874156  0.51180053  0.47903641  0.46318135  0.46318135  0.44765798  0.44765798  0.46318135  0.46318135  0.40294612  0.41755276  0.40294612  0.38862145  0.40294612  0.41755276  0.37456809  0.37456809  0.40294612  0.38862145  0.37456809  0.40294612  0.47903641  
2_2_0      0.07976809  0.08918462  0.08918462  0.07976809  0.09872219  0.00000000  0.36077593  0.34723546  0.32087393  0.30803624  0.28300853  0.29541687  0.30803624  0.30803624  0.30803624  0.28300853  0.34723546  0.32087393  0.32087393  0.32087393  0.32087393  0.30803624  0.28300853  0.32087393  0.33393764  0.34723546  0.33393764  0.34723546  0.34723546  0.36077593  0.36077593  0.43245271  0.40294612  0.34723546  0.36077593  0.33393764  0.33393764  0.34723546  0.36077593  0.34723546  0.41755276  0.34723546  0.33393764  0.29541687  0.30803624  0.30803624  0.32087393  0.33393764  0.32087393  0.28300853  0.29541687  0.32087393  0.33393764  0.33393764  0.33393764  0.32087393  0.32087393  0.36077593  0.30803624  0.30803624  0.30803624  0.32087393  0.33393764  0.34723546  0.38862145  0.38862145  0.38862145  0.38862145  0.38862145  0.40294612  0.40294612  0.34723546  0.36077593  0.38862145  0.36077593  0.36077593  0.40294612  0.41755276  0.44765798  0.38862145  0.43245271  0.37456809  0.37456809  0.38862145  0.38862145  0.41755276  0.41755276  0.43245271  0.41755276  0.41755276  0.34723546  0.34723546  0.37456809  0.37456809  0.38862145  0.40294612  0.41755276  0.40294612  0.52874156  0.46318135  0.49523765  0.51180053  0.51180053  0.56383001  0.58201670  0.56383001  0.49523765  0.56383001  0.58201670  0.46318135  0.51180053  0.49523765  0.51180053  0.49523765  0.49523765  0.52874156  0.54607840  0.47903641  0.41755276  0.38862145  0.46318135  0.40294612  0.38862145  0.40294612  0.44765798  0.44765798  0.44765798  0.37456809  0.36077593  0.56383001  0.54607840  0.51180053  0.41755276  0.41755276  0.41755276  0.49523765  0.41755276  0.46318135  0.46318135  0.44765798  0.46318135  0.43245271  0.49523765  0.40294612  0.47903641  0.51180053  0.43245271  0.51180053  0.44765798  0.41755276  0.36077593  0.36077593  0.34723546  0.49523765  0.41755276  0.46318135  0.47903641  0.38862145  0.40294612  0.40294612  0.38862145  0.38862145  0.37456809  0.37456809  0.46318135  0.47903641  0.46318135  0.44765798  0.46318135  0.37456809  0.36077593  0.36077593  0.33393764  0.32087393  0.29541687  0.30803624  0.41755276  
4_0_0      0.30803624  0.32087393  0.32087393  0.32087393  0.29541687  0.36077593  0.00000000  0.06128609  0.27080426  0.22390055  0.21262364  0.24698188  0.21262364  0.21262364  0.20151555  0.23535147  0.22390055  0.22390055  0.20151555  0.27080426  0.22390055  0.23535147  0.23535147  0.32087393  0.19057129  0.17978610  0.19057129  0.22390055  0.22390055  0.23535147  0.23535147  0.24698188  0.33393764  0.25879748  0.24698188  0.25879748  0.25879748  0.25879748  0.27080426  0.25879748  0.28300853  0.21262364  0.21262364  0.24698188  0.23535147  0.23535147  0.25879748  0.28300853  0.23535147  0.22390055  0.25879748  0.23535147  0.22390055  0.22390055  0.27080426  0.22390055  0.32087393  0.27080426  0.25879748  0.25879748  0.25879748  0.29541687  0.30803624  0.32087393  0.44765798  0.47903641  0.47903641  0.47903641  0.46318135  0.32087393  0.36077593  0.32087393  0.34723546  0.40294612  0.43245271  0.43245271  0.40294612  0.43245271  0.47903641  0.44765798  0.43245271  0.46318135  0.40294612  0.41755276  0.41755276  0.40294612  0.40294612  0.40294612  0.38862145  0.38862145  0.30803624  0.32087393  0.34723546  0.34723546  0.34723546  0.33393764  0.37456809  0.43245271  0.32087393  0.34723546  0.34723546  0.38862145  0.38862145  0.34723546  0.36077593  0.37456809  0.47903641  0.43245271  0.40294612  0.40294612  0.37456809  0.33393764  0.34723546  0.36077593  0.33393764  0.44765798  0.46318135  0.36077593  0.36077593  0.36077593  0.41755276  0.40294612  0.36077593  0.34723546  0.40294612  0.40294612  0.37456809  0.37456809  0.38862145  0.37456809  0.38862145  0.37456809  0.38862145  0.37456809  0.41755276  0.40294612  0.38862145  0.37456809  0.37456809  0.36077593  0.37456809  0.37456809  0.37456809  0.33393764  0.51180053  0.43245271  0.34723546  0.34723546  0.34723546  0.33393764  0.32087393  0.32087393  0.36077593  0.44765798  0.44765798  0.49523765  0.40294612  0.41755276  0.43245271  0.43245271  0.44765798  0.44765798  0.40294612  0.40294612  0.47903641  0.46318135  0.47903641  0.49523765  0.47903641  0.54607840  0.49523765  0.49523765  0.52874156  0.51180053  0.43245271  0.49523765  0.38862145  
3_0_0      0.32087393  0.30803624  0.30803624  0.30803624  0.33393764  0.34723546  0.06128609  0.00000000  0.25879748  0.23535147  0.20151555  0.23535147  0.22390055  0.22390055  0.21262364  0.24698188  0.21262364  0.23535147  0.19057129  0.21262364  0.25879748  0.24698188  0.22390055  0.30803624  0.17978610  0.21262364  0.20151555  0.19057129  0.21262364  0.22390055  0.22390055  0.28300853  0.32087393  0.24698188  0.28300853  0.27080426  0.27080426  0.27080426  0.25879748  0.27080426  0.29541687  0.24698188  0.24698188  0.28300853  0.27080426  0.27080426  0.29541687  0.29541687  0.20151555  0.19057129  0.22390055  0.22390055  0.23535147  0.23535147  0.25879748  0.23535147  0.30803624  0.32087393  0.27080426  0.27080426  0.27080426  0.28300853  0.29541687  0.28300853  0.47903641  0.47903641  0.47903641  0.47903641  0.46318135  0.27080426  0.33393764  0.29541687  0.27080426  0.38862145  0.41755276  0.41755276  0.34723546  0.37456809  0.38862145  0.36077593  0.37456809  0.37456809  0.32087393  0.33393764  0.33393764  0.33393764  0.33393764  0.32087393  0.30803624  0.30803624  0.25879748  0.32087393  0.32087393  0.32087393  0.34723546  0.33393764  0.37456809  0.37456809  0.34723546  0.34723546  0.40294612  0.41755276  0.41755276  0.37456809  0.38862145  0.40294612  0.44765798  0.43245271  0.43245271  0.40294612  0.37456809  0.36077593  0.34723546  0.36077593  0.38862145  0.47903641  0.49523765  0.38862145  0.37456809  0.38862145  0.41755276  0.37456809  0.33393764  0.32087393  0.37456809  0.37456809  0.37456809  0.37456809  0.36077593  0.37456809  0.38862145  0.37456809  0.38862145  0.37456809  0.38862145  0.34723546  0.38862145  0.37456809  0.34723546  0.33393764  0.32087393  0.32087393  0.34723546  0.33393764  0.54607840  0.43245271  0.34723546  0.34723546  0.32087393  0.36077593  0.27080426  0.27080426  0.33393764  0.43245271  0.40294612  0.44765798  0.38862145  0.38862145  0.37456809  0.37456809  0.38862145  0.38862145  0.37456809  0.37456809  0.49523765  0.47903641  0.49523765  0.51180053  0.49523765  0.51180053  0.49523765  0.49523765  0.41755276  0.41755276  0.41755276  0.46318135  0.37456809  
20_8_0     0.32087393  0.32087393  0.30803624  0.30803624  0.33393764  0.32087393  0.27080426  0.25879748  0.00000000  0.07046955  0.04325326  0.07046955  0.15867490  0.15867490  0.16915543  0.13814773  0.14834034  0.12809324  0.14834034  0.16915543  0.21262364  0.21262364  0.15867490  0.22390055  0.13814773  0.14834034  0.13814773  0.16915543  0.16915543  0.17978610  0.17978610  0.29541687  0.34723546  0.34723546  0.30803624  0.32087393  0.32087393  0.25879748  0.24698188  0.23535147  0.36077593  0.29541687  0.30803624  0.32087393  0.30803624  0.30803624  0.36077593  0.33393764  0.23535147  0.24698188  0.28300853  0.25879748  0.24698188  0.24698188  0.24698188  0.23535147  0.37456809  0.44765798  0.41755276  0.41755276  0.41755276  0.37456809  0.44765798  0.37456809  0.38862145  0.41755276  0.41755276  0.41755276  0.41755276  0.37456809  0.38862145  0.34723546  0.36077593  0.40294612  0.40294612  0.40294612  0.37456809  0.38862145  0.44765798  0.44765798  0.49523765  0.40294612  0.43245271  0.41755276  0.41755276  0.41755276  0.41755276  0.40294612  0.41755276  0.36077593  0.36077593  0.41755276  0.38862145  0.38862145  0.41755276  0.43245271  0.47903641  0.46318135  0.47903641  0.41755276  0.44765798  0.52874156  0.52874156  0.51180053  0.52874156  0.49523765  0.56383001  0.51180053  0.54607840  0.47903641  0.41755276  0.37456809  0.38862145  0.47903641  0.38862145  0.65957816  0.63941462  0.44765798  0.37456809  0.38862145  0.43245271  0.38862145  0.33393764  0.34723546  0.40294612  0.40294612  0.40294612  0.37456809  0.36077593  0.46318135  0.44765798  0.47903641  0.41755276  0.40294612  0.41755276  0.43245271  0.44765798  0.46318135  0.49523765  0.44765798  0.43245271  0.46318135  0.43245271  0.38862145  0.51180053  0.47903641  0.46318135  0.51180053  0.47903641  0.44765798  0.34723546  0.34723546  0.30803624  0.37456809  0.43245271  0.38862145  0.47903641  0.33393764  0.37456809  0.37456809  0.36077593  0.36077593  0.32087393  0.32087393  0.56383001  0.56383001  0.58201670  0.56383001  0.58201670  0.63941462  0.61978452  0.61978452  0.43245271  0.44765798  0.43245271  0.44765798  0.47903641  
17_8_0     0.30803624  0.30803624  0.29541687  0.29541687  0.29541687  0.30803624  0.22390055  0.23535147  0.07046955  0.00000000  0.04325326  0.07046955  0.11817315  0.11817315  0.14834034  0.10838394  0.12809324  0.12809324  0.12809324  0.16915543  0.16915543  0.16915543  0.12809324  0.20151555  0.11817315  0.10838394  0.11817315  0.13814773  0.14834034  0.15867490  0.15867490  0.32087393  0.38862145  0.34723546  0.30803624  0.29541687  0.29541687  0.25879748  0.24698188  0.23535147  0.36077593  0.32087393  0.30803624  0.32087393  0.30803624  0.30803624  0.36077593  0.32087393  0.25879748  0.24698188  0.28300853  0.25879748  0.24698188  0.24698188  0.24698188  0.23535147  0.36077593  0.38862145  0.37456809  0.37456809  0.37456809  0.33393764  0.40294612  0.33393764  0.38862145  0.41755276  0.41755276  0.41755276  0.41755276  0.32087393  0.33393764  0.29541687  0.33393764  0.43245271  0.40294612  0.40294612  0.38862145  0.43245271  0.49523765  0.40294612  0.47903641  0.38862145  0.41755276  0.40294612  0.40294612  0.41755276  0.41755276  0.43245271  0.41755276  0.36077593  0.33393764  0.41755276  0.37456809  0.37456809  0.38862145  0.40294612  0.43245271  0.38862145  0.43245271  0.43245271  0.49523765  0.52874156  0.52874156  0.49523765  0.51180053  0.47903641  0.52874156  0.52874156  0.51180053  0.46318135  0.43245271  0.38862145  0.40294612  0.44765798  0.37456809  0.60066035  0.61978452  0.44765798  0.37456809  0.37456809  0.41755276  0.38862145  0.33393764  0.34723546  0.40294612  0.40294612  0.40294612  0.37456809  0.36077593  0.44765798  0.43245271  0.41755276  0.37456809  0.36077593  0.37456809  0.37456809  0.41755276  0.40294612  0.43245271  0.38862145  0.40294612  0.40294612  0.37456809  0.33393764  0.52874156  0.41755276  0.36077593  0.40294612  0.37456809  0.37456809  0.29541687  0.29541687  0.30803624  0.43245271  0.49523765  0.44765798  0.51180053  0.33393764  0.37456809  0.37456809  0.36077593  0.36077593  0.32087393  0.32087393  0.49523765  0.49523765  0.51180053  0.49523765  0.51180053  0.56383001  0.54607840  0.54607840  0.41755276  0.43245271  0.41755276  0.44765798  0.43245271  
17_0_0     0.28300853  0.28300853  0.27080426  0.27080426  0.29541687  0.28300853  0.21262364  0.20151555  0.04325326  0.04325326  0.00000000  0.02564828  0.10838394  0.10838394  0.11817315  0.08918462  0.09872219  0.09872219  0.09872219  0.15867490  0.17978610  0.17978610  0.10838394  0.17978610  0.08918462  0.09872219  0.08918462  0.11817315  0.11817315  0.12809324  0.12809324  0.28300853  0.33393764  0.33393764  0.29541687  0.28300853  0.28300853  0.24698188  0.23535147  0.22390055  0.34723546  0.25879748  0.24698188  0.25879748  0.24698188  0.24698188  0.30803624  0.27080426  0.22390055  0.21262364  0.24698188  0.22390055  0.23535147  0.23535147  0.25879748  0.22390055  0.33393764  0.38862145  0.34723546  0.34723546  0.34723546  0.30803624  0.37456809  0.33393764  0.36077593  0.38862145  0.38862145  0.38862145  0.38862145  0.34723546  0.36077593  0.32087393  0.36077593  0.38862145  0.41755276  0.41755276  0.36077593  0.40294612  0.43245271  0.40294612  0.47903641  0.38862145  0.41755276  0.37456809  0.37456809  0.37456809  0.37456809  0.41755276  0.40294612  0.34723546  0.32087393  0.37456809  0.34723546  0.34723546  0.37456809  0.36077593  0.40294612  0.41755276  0.41755276  0.38862145  0.44765798  0.49523765  0.49523765  0.47903641  0.49523765  0.46318135  0.52874156  0.54607840  0.49523765  0.47903641  0.41755276  0.37456809  0.38862145  0.41755276  0.34723546  0.60066035  0.61978452  0.41755276  0.34723546  0.36077593  0.40294612  0.33393764  0.28300853  0.29541687  0.34723546  0.34723546  0.34723546  0.32087393  0.30803624  0.46318135  0.44765798  0.44765798  0.37456809  0.33393764  0.37456809  0.38862145  0.40294612  0.41755276  0.44765798  0.40294612  0.41755276  0.41755276  0.38862145  0.34723546  0.47903641  0.46318135  0.38862145  0.43245271  0.40294612  0.40294612  0.30803624  0.30803624  0.29541687  0.38862145  0.44765798  0.40294612  0.46318135  0.29541687  0.33393764  0.33393764  0.32087393  0.32087393  0.28300853  0.28300853  0.49523765  0.49523765  0.51180053  0.52874156  0.51180053  0.58201670  0.56383001  0.56383001  0.41755276  0.43245271  0.41755276  0.43245271  0.43245271  
20_0_0     0.29541687  0.32087393  0.30803624  0.30803624  0.30803624  0.29541687  0.24698188  0.23535147  0.07046955  0.07046955  0.02564828  0.00000000  0.13814773  0.13814773  0.14834034  0.11817315  0.11817315  0.12809324  0.12809324  0.19057129  0.21262364  0.21262364  0.11817315  0.21262364  0.11817315  0.12809324  0.11817315  0.14834034  0.12809324  0.13814773  0.13814773  0.28300853  0.33393764  0.36077593  0.32087393  0.30803624  0.30803624  0.27080426  0.25879748  0.24698188  0.37456809  0.28300853  0.27080426  0.25879748  0.24698188  0.24698188  0.30803624  0.27080426  0.24698188  0.23535147  0.24698188  0.24698188  0.25879748  0.25879748  0.28300853  0.24698188  0.36077593  0.41755276  0.37456809  0.37456809  0.37456809  0.33393764  0.40294612  0.36077593  0.34723546  0.37456809  0.37456809  0.37456809  0.37456809  0.33393764  0.34723546  0.30803624  0.32087393  0.37456809  0.40294612  0.40294612  0.40294612  0.41755276  0.44765798  0.41755276  0.49523765  0.40294612  0.43245271  0.38862145  0.38862145  0.38862145  0.38862145  0.43245271  0.41755276  0.38862145  0.30803624  0.33393764  0.33393764  0.33393764  0.33393764  0.32087393  0.36077593  0.37456809  0.40294612  0.37456809  0.43245271  0.47903641  0.47903641  0.46318135  0.47903641  0.47903641  0.47903641  0.52874156  0.51180053  0.46318135  0.40294612  0.36077593  0.37456809  0.40294612  0.33393764  0.58201670  0.60066035  0.43245271  0.33393764  0.34723546  0.36077593  0.32087393  0.29541687  0.30803624  0.36077593  0.36077593  0.36077593  0.33393764  0.32087393  0.47903641  0.46318135  0.46318135  0.36077593  0.32087393  0.36077593  0.37456809  0.38862145  0.40294612  0.46318135  0.38862145  0.40294612  0.40294612  0.37456809  0.33393764  0.46318135  0.44765798  0.37456809  0.41755276  0.41755276  0.38862145  0.32087393  0.32087393  0.30803624  0.40294612  0.46318135  0.41755276  0.47903641  0.30803624  0.34723546  0.34723546  0.33393764  0.33393764  0.29541687  0.29541687  0.51180053  0.51180053  0.52874156  0.54607840  0.52874156  0.60066035  0.58201670  0.58201670  0.43245271  0.44765798  0.43245271  0.44765798  0.44765798  
14_0_0     0.28300853  0.28300853  0.27080426  0.27080426  0.29541687  0.30803624  0.21262364  0.22390055  0.15867490  0.11817315  0.10838394  0.13814773  0.00000000  0.00000000  0.15867490  0.14834034  0.13814773  0.15867490  0.15867490  0.17978610  0.17978610  0.22390055  0.19057129  0.20151555  0.14834034  0.13814773  0.14834034  0.20151555  0.17978610  0.19057129  0.19057129  0.28300853  0.33393764  0.30803624  0.27080426  0.28300853  0.28300853  0.27080426  0.23535147  0.27080426  0.37456809  0.24698188  0.23535147  0.27080426  0.25879748  0.25879748  0.29541687  0.25879748  0.24698188  0.25879748  0.27080426  0.24698188  0.25879748  0.25879748  0.23535147  0.22390055  0.33393764  0.36077593  0.34723546  0.34723546  0.34723546  0.33393764  0.34723546  0.36077593  0.36077593  0.38862145  0.38862145  0.38862145  0.37456809  0.36077593  0.36077593  0.30803624  0.29541687  0.38862145  0.36077593  0.36077593  0.41755276  0.46318135  0.49523765  0.40294612  0.47903641  0.38862145  0.44765798  0.37456809  0.37456809  0.41755276  0.41755276  0.44765798  0.43245271  0.37456809  0.34723546  0.40294612  0.37456809  0.37456809  0.34723546  0.33393764  0.37456809  0.46318135  0.34723546  0.40294612  0.46318135  0.47903641  0.47903641  0.43245271  0.44765798  0.41755276  0.58201670  0.46318135  0.47903641  0.40294612  0.37456809  0.36077593  0.37456809  0.40294612  0.36077593  0.47903641  0.49523765  0.38862145  0.37456809  0.38862145  0.43245271  0.38862145  0.33393764  0.34723546  0.40294612  0.40294612  0.40294612  0.34723546  0.36077593  0.46318135  0.44765798  0.38862145  0.37456809  0.38862145  0.40294612  0.41755276  0.40294612  0.41755276  0.44765798  0.46318135  0.44765798  0.41755276  0.38862145  0.37456809  0.51180053  0.43245271  0.38862145  0.40294612  0.37456809  0.43245271  0.33393764  0.33393764  0.40294612  0.43245271  0.51180053  0.46318135  0.46318135  0.30803624  0.34723546  0.34723546  0.33393764  0.33393764  0.29541687  0.29541687  0.43245271  0.46318135  0.44765798  0.46318135  0.44765798  0.49523765  0.41755276  0.41755276  0.41755276  0.43245271  0.41755276  0.41755276  0.37456809  
24_0_0     0.28300853  0.28300853  0.27080426  0.27080426  0.29541687  0.30803624  0.21262364  0.22390055  0.15867490  0.11817315  0.10838394  0.13814773  0.00000000  0.00000000  0.15867490  0.14834034  0.13814773  0.15867490  0.15867490  0.17978610  0.17978610  0.22390055  0.19057129  0.20151555  0.14834034  0.13814773  0.14834034  0.20151555  0.17978610  0.19057129  0.19057129  0.28300853  0.33393764  0.30803624  0.27080426  0.28300853  0.28300853  0.27080426  0.23535147  0.27080426  0.37456809  0.24698188  0.23535147  0.27080426  0.25879748  0.25879748  0.29541687  0.25879748  0.24698188  0.25879748  0.27080426  0.24698188  0.25879748  0.25879748  0.23535147  0.22390055  0.33393764  0.36077593  0.34723546  0.34723546  0.34723546  0.33393764  0.34723546  0.36077593  0.36077593  0.38862145  0.38862145  0.38862145  0.37456809  0.36077593  0.36077593  0.30803624  0.29541687  0.38862145  0.36077593  0.36077593  0.41755276  0.46318135  0.49523765  0.40294612  0.47903641  0.38862145  0.44765798  0.37456809  0.37456809  0.41755276  0.41755276  0.44765798  0.43245271  0.37456809  0.34723546  0.40294612  0.37456809  0.37456809  0.34723546  0.33393764  0.37456809  0.46318135  0.34723546  0.40294612  0.46318135  0.47903641  0.47903641  0.43245271  0.44765798  0.41755276  0.58201670  0.46318135  0.47903641  0.40294612  0.37456809  0.36077593  0.37456809  0.40294612  0.36077593  0.47903641  0.49523765  0.38862145  0.37456809  0.38862145  0.43245271  0.38862145  0.33393764  0.34723546  0.40294612  0.40294612  0.40294612  0.34723546  0.36077593  0.46318135  0.44765798  0.38862145  0.37456809  0.38862145  0.40294612  0.41755276  0.40294612  0.41755276  0.44765798  0.46318135  0.44765798  0.41755276  0.38862145  0.37456809  0.51180053  0.43245271  0.38862145  0.40294612  0.37456809  0.43245271  0.33393764  0.33393764  0.40294612  0.43245271  0.51180053  0.46318135  0.46318135  0.30803624  0.34723546  0.34723546  0.33393764  0.33393764  0.29541687  0.29541687  0.43245271  0.46318135  0.44765798  0.46318135  0.44765798  0.49523765  0.41755276  0.41755276  0.41755276  0.43245271  0.41755276  0.41755276  0.37456809  
13_0_0     0.23535147  0.25879748  0.27080426  0.27080426  0.29541687  0.30803624  0.20151555  0.21262364  0.16915543  0.14834034  0.11817315  0.14834034  0.15867490  0.15867490  0.00000000  0.09872219  0.10838394  0.10838394  0.12809324  0.23535147  0.21262364  0.19057129  0.15867490  0.21262364  0.13814773  0.14834034  0.13814773  0.19057129  0.19057129  0.17978610  0.17978610  0.29541687  0.32087393  0.34723546  0.30803624  0.33393764  0.33393764  0.30803624  0.29541687  0.30803624  0.36077593  0.27080426  0.28300853  0.32087393  0.30803624  0.30803624  0.29541687  0.28300853  0.30803624  0.29541687  0.33393764  0.28300853  0.29541687  0.29541687  0.32087393  0.30803624  0.32087393  0.37456809  0.33393764  0.33393764  0.33393764  0.29541687  0.36077593  0.34723546  0.43245271  0.46318135  0.46318135  0.46318135  0.46318135  0.43245271  0.44765798  0.37456809  0.36077593  0.47903641  0.47903641  0.47903641  0.46318135  0.47903641  0.47903641  0.41755276  0.46318135  0.43245271  0.40294612  0.38862145  0.38862145  0.41755276  0.41755276  0.40294612  0.38862145  0.36077593  0.40294612  0.43245271  0.37456809  0.37456809  0.46318135  0.44765798  0.49523765  0.44765798  0.38862145  0.38862145  0.41755276  0.49523765  0.49523765  0.44765798  0.46318135  0.41755276  0.52874156  0.51180053  0.46318135  0.47903641  0.44765798  0.43245271  0.44765798  0.43245271  0.37456809  0.56383001  0.58201670  0.51180053  0.43245271  0.44765798  0.52874156  0.44765798  0.41755276  0.43245271  0.46318135  0.46318135  0.46318135  0.40294612  0.41755276  0.40294612  0.38862145  0.40294612  0.40294612  0.36077593  0.40294612  0.44765798  0.43245271  0.41755276  0.41755276  0.43245271  0.44765798  0.44765798  0.41755276  0.46318135  0.49523765  0.54607840  0.43245271  0.44765798  0.44765798  0.44765798  0.33393764  0.33393764  0.32087393  0.41755276  0.44765798  0.46318135  0.43245271  0.37456809  0.41755276  0.41755276  0.40294612  0.40294612  0.36077593  0.36077593  0.40294612  0.40294612  0.41755276  0.43245271  0.41755276  0.61978452  0.56383001  0.56383001  0.41755276  0.43245271  0.38862145  0.43245271  0.38862145  
21_0_0     0.25879748  0.25879748  0.24698188  0.24698188  0.27080426  0.28300853  0.23535147  0.24698188  0.13814773  0.10838394  0.08918462  0.11817315  0.14834034  0.14834034  0.09872219  0.00000000  0.06128609  0.06128609  0.11817315  0.20151555  0.14834034  0.16915543  0.12809324  0.17978610  0.10838394  0.09872219  0.08918462  0.11817315  0.13814773  0.12809324  0.12809324  0.30803624  0.33393764  0.34723546  0.30803624  0.29541687  0.29541687  0.28300853  0.27080426  0.28300853  0.38862145  0.30803624  0.29541687  0.30803624  0.29541687  0.29541687  0.30803624  0.29541687  0.29541687  0.28300853  0.34723546  0.27080426  0.28300853  0.28300853  0.30803624  0.29541687  0.30803624  0.36077593  0.32087393  0.32087393  0.32087393  0.28300853  0.34723546  0.33393764  0.46318135  0.47903641  0.47903641  0.47903641  0.47903641  0.40294612  0.40294612  0.34723546  0.41755276  0.43245271  0.43245271  0.43245271  0.40294612  0.44765798  0.44765798  0.38862145  0.43245271  0.40294612  0.40294612  0.38862145  0.38862145  0.41755276  0.41755276  0.43245271  0.41755276  0.40294612  0.37456809  0.43245271  0.37456809  0.37456809  0.43245271  0.41755276  0.43245271  0.40294612  0.37456809  0.37456809  0.43245271  0.41755276  0.41755276  0.40294612  0.41755276  0.37456809  0.46318135  0.44765798  0.47903641  0.46318135  0.46318135  0.41755276  0.43245271  0.36077593  0.33393764  0.47903641  0.49523765  0.47903641  0.43245271  0.41755276  0.49523765  0.41755276  0.36077593  0.37456809  0.40294612  0.40294612  0.40294612  0.34723546  0.36077593  0.43245271  0.41755276  0.38862145  0.34723546  0.30803624  0.34723546  0.41755276  0.40294612  0.38862145  0.44765798  0.40294612  0.41755276  0.41755276  0.41755276  0.44765798  0.49523765  0.47903641  0.34723546  0.40294612  0.36077593  0.38862145  0.28300853  0.28300853  0.29541687  0.46318135  0.46318135  0.47903641  0.47903641  0.37456809  0.41755276  0.41755276  0.40294612  0.40294612  0.36077593  0.36077593  0.40294612  0.40294612  0.41755276  0.43245271  0.41755276  0.63941462  0.58201670  0.58201670  0.41755276  0.43245271  0.41755276  0.46318135  0.40294612  
6_0_0      0.32087393  0.29541687  0.28300853  0.28300853  0.33393764  0.34723546  0.22390055  0.21262364  0.14834034  0.12809324  0.09872219  0.11817315  0.13814773  0.13814773  0.10838394  0.06128609  0.00000000  0.07046955  0.12809324  0.16915543  0.17978610  0.17978610  0.15867490  0.21262364  0.11817315  0.12809324  0.11817315  0.16915543  0.15867490  0.14834034  0.14834034  0.32087393  0.37456809  0.34723546  0.28300853  0.29541687  0.29541687  0.25879748  0.22390055  0.25879748  0.36077593  0.28300853  0.27080426  0.30803624  0.29541687  0.29541687  0.30803624  0.29541687  0.24698188  0.25879748  0.32087393  0.22390055  0.23535147  0.23535147  0.28300853  0.25879748  0.32087393  0.34723546  0.32087393  0.32087393  0.32087393  0.29541687  0.33393764  0.32087393  0.46318135  0.47903641  0.47903641  0.47903641  0.47903641  0.37456809  0.37456809  0.34723546  0.38862145  0.47903641  0.47903641  0.47903641  0.41755276  0.43245271  0.49523765  0.43245271  0.47903641  0.41755276  0.41755276  0.40294612  0.40294612  0.43245271  0.43245271  0.41755276  0.40294612  0.38862145  0.34723546  0.40294612  0.37456809  0.37456809  0.40294612  0.38862145  0.43245271  0.41755276  0.30803624  0.33393764  0.38862145  0.40294612  0.40294612  0.36077593  0.37456809  0.33393764  0.46318135  0.40294612  0.43245271  0.41755276  0.38862145  0.34723546  0.36077593  0.34723546  0.32087393  0.49523765  0.51180053  0.47903641  0.43245271  0.44765798  0.51180053  0.41755276  0.37456809  0.38862145  0.41755276  0.41755276  0.41755276  0.36077593  0.37456809  0.41755276  0.40294612  0.40294612  0.36077593  0.37456809  0.38862145  0.43245271  0.44765798  0.43245271  0.46318135  0.44765798  0.43245271  0.43245271  0.43245271  0.41755276  0.52874156  0.51180053  0.37456809  0.40294612  0.37456809  0.38862145  0.28300853  0.28300853  0.29541687  0.44765798  0.47903641  0.49523765  0.49523765  0.37456809  0.41755276  0.41755276  0.40294612  0.40294612  0.36077593  0.36077593  0.40294612  0.40294612  0.41755276  0.43245271  0.41755276  0.65957816  0.60066035  0.60066035  0.43245271  0.44765798  0.43245271  0.51180053  0.41755276  
10_0_0     0.29541687  0.29541687  0.28300853  0.28300853  0.33393764  0.32087393  0.22390055  0.23535147  0.12809324  0.12809324  0.09872219  0.12809324  0.15867490  0.15867490  0.10838394  0.06128609  0.07046955  0.00000000  0.12809324  0.16915543  0.15867490  0.13814773  0.13814773  0.19057129  0.09872219  0.10838394  0.09872219  0.14834034  0.16915543  0.15867490  0.15867490  0.28300853  0.33393764  0.33393764  0.27080426  0.30803624  0.30803624  0.24698188  0.25879748  0.27080426  0.34723546  0.29541687  0.30803624  0.32087393  0.33393764  0.33393764  0.34723546  0.30803624  0.25879748  0.27080426  0.33393764  0.25879748  0.29541687  0.29541687  0.27080426  0.25879748  0.34723546  0.34723546  0.30803624  0.30803624  0.30803624  0.27080426  0.30803624  0.30803624  0.46318135  0.47903641  0.47903641  0.47903641  0.47903641  0.38862145  0.38862145  0.33393764  0.36077593  0.43245271  0.43245271  0.43245271  0.37456809  0.41755276  0.41755276  0.41755276  0.43245271  0.40294612  0.37456809  0.38862145  0.38862145  0.38862145  0.38862145  0.34723546  0.36077593  0.34723546  0.36077593  0.41755276  0.38862145  0.38862145  0.41755276  0.40294612  0.44765798  0.41755276  0.36077593  0.36077593  0.41755276  0.46318135  0.46318135  0.41755276  0.43245271  0.38862145  0.49523765  0.43245271  0.41755276  0.49523765  0.43245271  0.38862145  0.40294612  0.40294612  0.34723546  0.49523765  0.51180053  0.51180053  0.43245271  0.44765798  0.52874156  0.44765798  0.38862145  0.40294612  0.40294612  0.40294612  0.40294612  0.37456809  0.38862145  0.41755276  0.40294612  0.43245271  0.40294612  0.33393764  0.37456809  0.41755276  0.40294612  0.38862145  0.44765798  0.40294612  0.41755276  0.41755276  0.41755276  0.44765798  0.51180053  0.47903641  0.40294612  0.43245271  0.41755276  0.41755276  0.30803624  0.30803624  0.29541687  0.41755276  0.44765798  0.46318135  0.46318135  0.36077593  0.40294612  0.40294612  0.38862145  0.38862145  0.34723546  0.34723546  0.44765798  0.44765798  0.46318135  0.47903641  0.46318135  0.63941462  0.58201670  0.58201670  0.44765798  0.46318135  0.41755276  0.49523765  0.46318135  
