20
20_0_0     0.00000000  0.06952140  0.08549075  0.05325064  0.07835523  0.06131945  0.06105525  0.07786093  0.07786093  0.07786093  0.07745947  0.07786093  0.07786093  0.07786093  0.07786093  0.06994475  0.06994475  0.07835523  0.07835523  0.06994475  
15_0_0     0.06952140  0.00000000  0.02980140  0.01481718  0.06167419  0.07786093  0.07745947  0.06952140  0.08549075  0.08549075  0.10217117  0.06952140  0.06952140  0.06952140  0.06952140  0.07745947  0.07745947  0.08586914  0.09442352  0.09442352  
6_0_0      0.08549075  0.02980140  0.00000000  0.03749557  0.08586914  0.06952140  0.06994475  0.06952140  0.07715201  0.07715201  0.08586914  0.05325064  0.05325064  0.05325064  0.05325064  0.06918970  0.06918970  0.08586914  0.08586914  0.08586914  
14_0_0     0.05325064  0.01481718  0.03749557  0.00000000  0.07835523  0.06952140  0.06918970  0.06131945  0.07715201  0.07715201  0.09361763  0.06131945  0.06131945  0.06131945  0.06131945  0.06918970  0.06918970  0.10312768  0.09442352  0.09442352  
16_0_0     0.07835523  0.06167419  0.08586914  0.07835523  0.00000000  0.10312768  0.10259993  0.11349661  0.10312768  0.10312768  0.12031899  0.08586914  0.08586914  0.08586914  0.08586914  0.09497180  0.09497180  0.09497180  0.11269265  0.10375327  
8_0_0      0.06131945  0.07786093  0.06952140  0.06952140  0.10312768  0.00000000  0.00733964  0.03749557  0.05325064  0.05325064  0.04517507  0.05391564  0.05391564  0.05391564  0.05391564  0.07835523  0.06167419  0.09442352  0.09442352  0.09442352  
18_0_0     0.06105525  0.07745947  0.06994475  0.06918970  0.10259993  0.00733964  0.00000000  0.04517507  0.05305175  0.05305175  0.03749557  0.05353898  0.05353898  0.05353898  0.05353898  0.07786093  0.06131945  0.08634275  0.08634275  0.08634275  
19_0_0     0.07786093  0.06952140  0.06952140  0.06131945  0.11349661  0.03749557  0.04517507  0.00000000  0.06131945  0.06131945  0.05305175  0.06952140  0.06952140  0.06952140  0.06952140  0.08691045  0.08691045  0.11198696  0.10312768  0.11198696  
13_0_0     0.07786093  0.08549075  0.07715201  0.07715201  0.10312768  0.05325064  0.05305175  0.06131945  0.00000000  0.00000000  0.01474750  0.05325064  0.05325064  0.05325064  0.05325064  0.05353898  0.06994475  0.10312768  0.09442352  0.10312768  
9_0_0      0.07786093  0.08549075  0.07715201  0.07715201  0.10312768  0.05325064  0.05305175  0.06131945  0.00000000  0.00000000  0.01474750  0.05325064  0.05325064  0.05325064  0.05325064  0.05353898  0.06994475  0.10312768  0.09442352  0.10312768  
7_0_0      0.07745947  0.10217117  0.08586914  0.09361763  0.12031899  0.04517507  0.03749557  0.05305175  0.01474750  0.01474750  0.00000000  0.06918970  0.06918970  0.06918970  0.06918970  0.06952140  0.08634275  0.08634275  0.07786093  0.08634275  
5_0_0      0.07786093  0.06952140  0.05325064  0.06131945  0.08586914  0.05391564  0.05353898  0.06952140  0.05325064  0.05325064  0.06918970  0.00000000  0.00000000  0.00000000  0.00000000  0.02990284  0.02990284  0.08586914  0.08586914  0.08586914  
10_0_0     0.07786093  0.06952140  0.05325064  0.06131945  0.08586914  0.05391564  0.05353898  0.06952140  0.05325064  0.05325064  0.06918970  0.00000000  0.00000000  0.00000000  0.00000000  0.02990284  0.02990284  0.08586914  0.08586914  0.08586914  
4_0_0      0.07786093  0.06952140  0.05325064  0.06131945  0.08586914  0.05391564  0.05353898  0.06952140  0.05325064  0.05325064  0.06918970  0.00000000  0.00000000  0.00000000  0.00000000  0.02990284  0.02990284  0.08586914  0.08586914  0.08586914  
12_0_0     0.07786093  0.06952140  0.05325064  0.06131945  0.08586914  0.05391564  0.05353898  0.06952140  0.05325064  0.05325064  0.06918970  0.00000000  0.00000000  0.00000000  0.00000000  0.02990284  0.02990284  0.08586914  0.08586914  0.08586914  
17_0_0     0.06994475  0.07745947  0.06918970  0.06918970  0.09497180  0.07835523  0.07786093  0.08691045  0.05353898  0.05353898  0.06952140  0.02990284  0.02990284  0.02990284  0.02990284  0.00000000  0.01481718  0.09497180  0.08634275  0.09497180  
11_0_0     0.06994475  0.07745947  0.06918970  0.06918970  0.09497180  0.06167419  0.06131945  0.08691045  0.06994475  0.06994475  0.08634275  0.02990284  0.02990284  0.02990284  0.02990284  0.01481718  0.00000000  0.09497180  0.08634275  0.09497180  
1_0_0      0.07835523  0.08586914  0.08586914  0.10312768  0.09497180  0.09442352  0.08634275  0.11198696  0.10312768  0.10312768  0.08634275  0.08586914  0.08586914  0.08586914  0.08586914  0.09497180  0.09497180  0.00000000  0.01481718  0.00735339  
2_0_0      0.07835523  0.09442352  0.08586914  0.09442352  0.11269265  0.09442352  0.08634275  0.10312768  0.09442352  0.09442352  0.07786093  0.08586914  0.08586914  0.08586914  0.08586914  0.08634275  0.08634275  0.01481718  0.00000000  0.00735339  
3_0_0      0.06994475  0.09442352  0.08586914  0.09442352  0.10375327  0.09442352  0.08634275  0.11198696  0.10312768  0.10312768  0.08634275  0.08586914  0.08586914  0.08586914  0.08586914  0.09497180  0.09497180  0.00735339  0.00735339  0.00000000  

