20
20_0_0     0.00000000  0.05304697  0.10214873  0.08547404  0.10309022  0.11015312  0.11884928  0.11015312  0.12769941  0.12769941  0.12769941  0.10214873  0.11134286  0.11134286  0.11134286  0.08547404  0.09394910  0.10214873  0.10214873  0.10214873  
15_0_0     0.05304697  0.00000000  0.05324250  0.04552657  0.04583416  0.08501798  0.09335170  0.08501798  0.10182671  0.10182671  0.10182671  0.07714028  0.08584644  0.08584644  0.08584644  0.06917773  0.07744261  0.11922039  0.11922039  0.11922039  
6_0_0      0.10214873  0.05324250  0.00000000  0.05304697  0.05324250  0.11044790  0.09335170  0.11044790  0.10182671  0.10182671  0.11922039  0.07714028  0.08584644  0.08584644  0.08584644  0.06917773  0.07744261  0.12814958  0.12814958  0.12814958  
14_0_0     0.08547404  0.04552657  0.05304697  0.00000000  0.07832620  0.11884928  0.12769941  0.11884928  0.12769941  0.12769941  0.12769941  0.08519744  0.08547404  0.08547404  0.08547404  0.07714028  0.07714028  0.11969510  0.11969510  0.11969510  
16_0_0     0.10309022  0.04583416  0.05324250  0.07832620  0.00000000  0.08501798  0.07682092  0.08501798  0.10182671  0.10182671  0.11922039  0.08547404  0.09439398  0.09439398  0.09439398  0.07744261  0.08584644  0.13724119  0.13724119  0.13724119  
8_0_0      0.11015312  0.08501798  0.11044790  0.11884928  0.08501798  0.00000000  0.02239193  0.00735309  0.05389907  0.05389907  0.05389907  0.11044790  0.11969510  0.11969510  0.11969510  0.11084493  0.11969510  0.16555236  0.16555236  0.16555236  
18_0_0     0.11884928  0.09335170  0.09335170  0.12769941  0.07682092  0.02239193  0.00000000  0.01481596  0.03008450  0.03008450  0.04583416  0.09335170  0.10214873  0.10214873  0.10214873  0.09360123  0.10214873  0.16555236  0.16555236  0.16555236  
19_0_0     0.11015312  0.08501798  0.11044790  0.11884928  0.08501798  0.00735309  0.01481596  0.00000000  0.04583416  0.04583416  0.04583416  0.11044790  0.11969510  0.11969510  0.11969510  0.11084493  0.11969510  0.16555236  0.16555236  0.16555236  
13_0_0     0.12769941  0.10182671  0.10182671  0.12769941  0.10182671  0.05389907  0.03008450  0.04583416  0.00000000  0.00000000  0.01481596  0.08501798  0.07693260  0.07693260  0.07693260  0.08519744  0.07693260  0.14650122  0.14650122  0.14650122  
9_0_0      0.12769941  0.10182671  0.10182671  0.12769941  0.10182671  0.05389907  0.03008450  0.04583416  0.00000000  0.00000000  0.01481596  0.08501798  0.07693260  0.07693260  0.07693260  0.08519744  0.07693260  0.14650122  0.14650122  0.14650122  
7_0_0      0.12769941  0.10182671  0.11922039  0.12769941  0.11922039  0.05389907  0.04583416  0.04583416  0.01481596  0.01481596  0.00000000  0.10182671  0.09360123  0.09360123  0.09360123  0.10214873  0.09360123  0.16555236  0.16555236  0.16555236  
5_0_0      0.10214873  0.07714028  0.07714028  0.08519744  0.08547404  0.11044790  0.09335170  0.11044790  0.08501798  0.08501798  0.10182671  0.00000000  0.01474725  0.01474725  0.01474725  0.02990005  0.03765225  0.11134286  0.11134286  0.11134286  
10_0_0     0.11134286  0.08584644  0.08584644  0.08547404  0.09439398  0.11969510  0.10214873  0.11969510  0.07693260  0.07693260  0.09360123  0.01474725  0.00000000  0.00000000  0.00000000  0.03789730  0.03008450  0.11084493  0.11084493  0.11084493  
4_0_0      0.11134286  0.08584644  0.08584644  0.08547404  0.09439398  0.11969510  0.10214873  0.11969510  0.07693260  0.07693260  0.09360123  0.01474725  0.00000000  0.00000000  0.00000000  0.03789730  0.03008450  0.11084493  0.11084493  0.11084493  
12_0_0     0.11134286  0.08584644  0.08584644  0.08547404  0.09439398  0.11969510  0.10214873  0.11969510  0.07693260  0.07693260  0.09360123  0.01474725  0.00000000  0.00000000  0.00000000  0.03789730  0.03008450  0.11084493  0.11084493  0.11084493  
17_0_0     0.08547404  0.06917773  0.06917773  0.07714028  0.07744261  0.11084493  0.09360123  0.11084493  0.08519744  0.08519744  0.10214873  0.02990005  0.03789730  0.03789730  0.03789730  0.00000000  0.00735309  0.08519744  0.08519744  0.08519744  
11_0_0     0.09394910  0.07744261  0.07744261  0.07714028  0.08584644  0.11969510  0.10214873  0.11969510  0.07693260  0.07693260  0.09360123  0.03765225  0.03008450  0.03008450  0.03008450  0.00735309  0.00000000  0.08519744  0.08519744  0.08519744  
1_0_0      0.10214873  0.11922039  0.12814958  0.11969510  0.13724119  0.16555236  0.16555236  0.16555236  0.14650122  0.14650122  0.16555236  0.11134286  0.11084493  0.11084493  0.11084493  0.08519744  0.08519744  0.00000000  0.00000000  0.00000000  
2_0_0      0.10214873  0.11922039  0.12814958  0.11969510  0.13724119  0.16555236  0.16555236  0.16555236  0.14650122  0.14650122  0.16555236  0.11134286  0.11084493  0.11084493  0.11084493  0.08519744  0.08519744  0.00000000  0.00000000  0.00000000  
3_0_0      0.10214873  0.11922039  0.12814958  0.11969510  0.13724119  0.16555236  0.16555236  0.16555236  0.14650122  0.14650122  0.16555236  0.11134286  0.11084493  0.11084493  0.11084493  0.08519744  0.08519744  0.00000000  0.00000000  0.00000000  

