20
20_0_0     0.00000000  0.12817887  0.14592105  0.12772316  0.12817887  0.17252075  0.17307260  0.17307260  0.17307260  0.17307260  0.16411705  0.10184027  0.10184027  0.10184027  0.11046592  0.11924364  0.10216636  0.11859739  0.11859739  0.11859739  
15_0_0     0.12817887  0.00000000  0.05353563  0.06105353  0.06951688  0.10997234  0.10161571  0.11886770  0.11016699  0.11016699  0.10184027  0.08633471  0.08633471  0.08633471  0.09496155  0.05324859  0.06166950  0.10259258  0.10259258  0.10259258  
6_0_0      0.14592105  0.05353563  0.00000000  0.06951688  0.05353563  0.10161571  0.10997234  0.09336151  0.09336151  0.09336151  0.09320881  0.10311769  0.12099152  0.12099152  0.13017495  0.07745527  0.09496155  0.11197440  0.11197440  0.11197440  
14_0_0     0.12772316  0.06105353  0.06951688  0.00000000  0.08586330  0.11843425  0.12700442  0.10997234  0.09315792  0.09315792  0.10147723  0.11972377  0.10216636  0.10216636  0.11086768  0.08520703  0.07714964  0.13017495  0.13017495  0.13017495  
16_0_0     0.12817887  0.06951688  0.05353563  0.08586330  0.00000000  0.10997234  0.10988356  0.10161571  0.10161571  0.10161571  0.09315792  0.09396634  0.09396634  0.09396634  0.10259258  0.10259258  0.08586330  0.11137091  0.11137091  0.11137091  
8_0_0      0.17252075  0.10997234  0.10161571  0.11843425  0.10997234  0.00000000  0.01474748  0.03765597  0.05305091  0.05305091  0.04512987  0.14540693  0.14540693  0.14540693  0.15467411  0.11924364  0.11886770  0.15467411  0.15467411  0.15467411  
18_0_0     0.17307260  0.10161571  0.10997234  0.12700442  0.10988356  0.01474748  0.00000000  0.05324859  0.05294385  0.05294385  0.05305091  0.13673897  0.13673897  0.13673897  0.14592105  0.11086768  0.11046592  0.16353962  0.16353962  0.16353962  
19_0_0     0.17307260  0.11886770  0.09336151  0.10997234  0.10161571  0.03765597  0.05324859  0.00000000  0.03749505  0.03749505  0.02978700  0.16480934  0.16480934  0.16480934  0.17452916  0.13792298  0.13727739  0.15527563  0.15527563  0.15527563  
13_0_0     0.17307260  0.11016699  0.09336151  0.09315792  0.10161571  0.05305091  0.05294385  0.03749505  0.00000000  0.00000000  0.02226714  0.15527563  0.15527563  0.15527563  0.16480934  0.12874023  0.12817887  0.14500434  0.14500434  0.14500434  
9_0_0      0.17307260  0.11016699  0.09336151  0.09315792  0.10161571  0.05305091  0.05294385  0.03749505  0.00000000  0.00000000  0.02226714  0.15527563  0.15527563  0.15527563  0.16480934  0.12874023  0.12817887  0.14500434  0.14500434  0.14500434  
7_0_0      0.16411705  0.10184027  0.09320881  0.10147723  0.09315792  0.04512987  0.05305091  0.02978700  0.02226714  0.02226714  0.00000000  0.14654526  0.14654526  0.14654526  0.15598891  0.12030679  0.11972377  0.15381203  0.15381203  0.15381203  
5_0_0      0.10184027  0.08633471  0.10311769  0.11972377  0.09396634  0.14540693  0.13673897  0.16480934  0.15527563  0.15527563  0.14654526  0.00000000  0.01481683  0.01481683  0.02239393  0.05324859  0.03765597  0.13727739  0.13727739  0.13727739  
10_0_0     0.10184027  0.08633471  0.12099152  0.10216636  0.09396634  0.14540693  0.13673897  0.16480934  0.15527563  0.15527563  0.14654526  0.01481683  0.00000000  0.00000000  0.00735330  0.04530951  0.02226714  0.13727739  0.13727739  0.13727739  
4_0_0      0.10184027  0.08633471  0.12099152  0.10216636  0.09396634  0.14540693  0.13673897  0.16480934  0.15527563  0.15527563  0.14654526  0.01481683  0.00000000  0.00000000  0.00735330  0.04530951  0.02226714  0.13727739  0.13727739  0.13727739  
12_0_0     0.11046592  0.09496155  0.13017495  0.11086768  0.10259258  0.15467411  0.14592105  0.17452916  0.16480934  0.16480934  0.15598891  0.02239393  0.00735330  0.00735330  0.00000000  0.05324859  0.02990211  0.14654526  0.14654526  0.14654526  
17_0_0     0.11924364  0.05324859  0.07745527  0.08520703  0.10259258  0.11924364  0.11086768  0.13792298  0.12874023  0.12874023  0.12030679  0.05324859  0.04530951  0.04530951  0.05324859  0.00000000  0.02226714  0.13727739  0.13727739  0.13727739  
11_0_0     0.10216636  0.06166950  0.09496155  0.07714964  0.08586330  0.11886770  0.11046592  0.13727739  0.12817887  0.12817887  0.11972377  0.03765597  0.02226714  0.02226714  0.02990211  0.02226714  0.00000000  0.12874023  0.12874023  0.12874023  
1_0_0      0.11859739  0.10259258  0.11197440  0.13017495  0.11137091  0.15467411  0.16353962  0.15527563  0.14500434  0.14500434  0.15381203  0.13727739  0.13727739  0.13727739  0.14654526  0.13727739  0.12874023  0.00000000  0.00000000  0.00000000  
2_0_0      0.11859739  0.10259258  0.11197440  0.13017495  0.11137091  0.15467411  0.16353962  0.15527563  0.14500434  0.14500434  0.15381203  0.13727739  0.13727739  0.13727739  0.14654526  0.13727739  0.12874023  0.00000000  0.00000000  0.00000000  
3_0_0      0.11859739  0.10259258  0.11197440  0.13017495  0.11137091  0.15467411  0.16353962  0.15527563  0.14500434  0.14500434  0.15381203  0.13727739  0.13727739  0.13727739  0.14654526  0.13727739  0.12874023  0.00000000  0.00000000  0.00000000  

