183
94_0_0     0.00000000  0.49599600  0.48473040  0.42048366  0.48473040  0.44129198  0.40023865  0.44129198  0.47363198  0.49599600  0.50743390  0.47363198  0.48473040  0.49599600  0.50743390  0.47363198  0.47363198  0.43081545  0.42048366  0.35190132  0.35190132  0.35190132  0.41029265  0.40023865  0.36132208  0.39031802  0.48473040  0.41029265  0.36132208  0.38052726  0.35190132  0.36132208  0.37086303  0.38052726  0.40023865  0.43081545  0.44129198  0.36132208  0.44129198  0.40023865  0.35190132  0.37086303  0.36132208  0.45191735  0.34259776  0.36132208  0.38052726  0.39031802  0.38052726  0.33340851  0.45191735  0.40023865  0.41029265  0.41029265  0.38052726  0.42048366  0.37086303  0.38052726  0.38052726  0.43081545  0.45191735  0.41029265  0.49599600  0.45191735  0.45191735  0.43081545  0.43081545  0.43081545  0.41029265  0.50743390  0.51904945  0.64635765  0.47363198  0.51904945  0.48473040  0.49599600  0.43081545  0.45191735  0.53084825  0.49599600  0.53084825  0.50743390  0.48473040  0.47363198  0.49599600  0.51904945  0.53084825  0.53084825  0.51904945  0.53084825  0.54283618  0.66036661  0.68919722  0.68919722  0.48473040  0.48473040  0.51904945  0.66036661  0.67464299  0.70404030  0.54283618  0.59280716  0.56740439  0.56740439  0.61910321  0.63260629  0.53084825  0.50743390  0.56740439  0.53084825  0.56740439  0.54283618  0.54283618  0.55501940  0.59280716  0.54283618  0.53084825  0.53084825  0.53084825  0.55501940  0.53084825  0.63260629  0.43081545  0.59280716  0.59280716  0.60583962  0.67464299  0.66036661  0.67464299  0.61910321  0.61910321  0.63260629  0.63260629  0.53084825  0.54283618  0.54283618  0.53084825  0.54283618  0.54283618  0.56740439  0.63260629  0.66036661  0.63260629  0.59280716  0.54283618  0.63260629  0.68919722  0.79987455  0.76654654  0.61910321  0.75042343  0.75042343  0.68919722  0.79987455  0.78302491  0.56740439  0.56740439  0.56740439  0.54283618  0.59280716  0.61910321  0.54283618  0.57999792  0.57999792  0.54283618  0.55501940  0.55501940  0.53084825  0.61910321  0.61910321  0.61910321  0.57999792  0.47363198  0.53084825  0.59280716  0.57999792  0.67464299  0.71918395  0.70404030  0.68919722  0.73464059  0.71918395  0.73464059  
90_0_0     0.49599600  0.00000000  0.39031802  0.35190132  0.41029265  0.39031802  0.28908326  0.34259776  0.35190132  0.36132208  0.46269586  0.45191735  0.36132208  0.42048366  0.41029265  0.37086303  0.38052726  0.37086303  0.37086303  0.34259776  0.34259776  0.34259776  0.35190132  0.33340851  0.40023865  0.41029265  0.47363198  0.59280716  0.46269586  0.45191735  0.50743390  0.49599600  0.50743390  0.51904945  0.50743390  0.47363198  0.47363198  0.45191735  0.53084825  0.51904945  0.43081545  0.51904945  0.48473040  0.50743390  0.42048366  0.37086303  0.44129198  0.49599600  0.50743390  0.44129198  0.46269586  0.44129198  0.50743390  0.50743390  0.48473040  0.53084825  0.50743390  0.55501940  0.49599600  0.45191735  0.47363198  0.45191735  0.50743390  0.47363198  0.44129198  0.50743390  0.49599600  0.49599600  0.49599600  0.56740439  0.56740439  0.60583962  0.53084825  0.56740439  0.55501940  0.44129198  0.49599600  0.54283618  0.49599600  0.54283618  0.54283618  0.51904945  0.51904945  0.53084825  0.54283618  0.54283618  0.53084825  0.53084825  0.48473040  0.49599600  0.48473040  0.70404030  0.61910321  0.61910321  0.47363198  0.46269586  0.55501940  0.75042343  0.73464059  0.70404030  0.63260629  0.67464299  0.68919722  0.70404030  0.60583962  0.59280716  0.64635765  0.61910321  0.56740439  0.66036661  0.59280716  0.59280716  0.59280716  0.64635765  0.60583962  0.53084825  0.59280716  0.61910321  0.61910321  0.63260629  0.60583962  0.67464299  0.54283618  0.64635765  0.61910321  0.63260629  0.66036661  0.64635765  0.66036661  0.64635765  0.63260629  0.66036661  0.66036661  0.63260629  0.79987455  0.79987455  0.70404030  0.73464059  0.70404030  0.76654654  0.64635765  0.64635765  0.64635765  0.78302491  0.55501940  0.64635765  0.68919722  0.67464299  0.67464299  0.67464299  0.70404030  0.71918395  0.71918395  0.70404030  0.75042343  0.61910321  0.59280716  0.63260629  0.66036661  0.70404030  0.64635765  0.71918395  0.60583962  0.61910321  0.66036661  0.64635765  0.51904945  0.57999792  0.60583962  0.59280716  0.57999792  0.64635765  0.46269586  0.48473040  0.68919722  0.67464299  0.73464059  0.79987455  0.76654654  0.76654654  0.73464059  0.70404030  0.73464059  
90_12_0    0.48473040  0.39031802  0.00000000  0.26369667  0.36132208  0.30649940  0.22321159  0.27206348  0.25542243  0.26369667  0.31536196  0.28908326  0.31536196  0.37086303  0.37086303  0.36132208  0.34259776  0.33340851  0.32433080  0.37086303  0.37086303  0.33340851  0.34259776  0.29774063  0.39031802  0.41029265  0.44129198  0.43081545  0.43081545  0.39031802  0.39031802  0.38052726  0.37086303  0.37086303  0.40023865  0.41029265  0.41029265  0.38052726  0.45191735  0.40023865  0.37086303  0.35190132  0.37086303  0.42048366  0.37086303  0.39031802  0.40023865  0.43081545  0.43081545  0.35190132  0.38052726  0.39031802  0.41029265  0.36132208  0.38052726  0.42048366  0.42048366  0.44129198  0.45191735  0.42048366  0.41029265  0.47363198  0.47363198  0.47363198  0.41029265  0.42048366  0.38052726  0.38052726  0.38052726  0.45191735  0.45191735  0.57999792  0.49599600  0.50743390  0.44129198  0.46269586  0.42048366  0.46269586  0.47363198  0.45191735  0.60583962  0.57999792  0.53084825  0.55501940  0.56740439  0.44129198  0.45191735  0.45191735  0.47363198  0.46269586  0.46269586  0.66036661  0.61910321  0.61910321  0.47363198  0.48473040  0.53084825  0.63260629  0.64635765  0.66036661  0.53084825  0.51904945  0.49599600  0.54283618  0.51904945  0.54283618  0.61910321  0.63260629  0.55501940  0.57999792  0.47363198  0.47363198  0.51904945  0.49599600  0.49599600  0.50743390  0.48473040  0.60583962  0.61910321  0.61910321  0.59280716  0.60583962  0.44129198  0.50743390  0.50743390  0.47363198  0.48473040  0.49599600  0.47363198  0.50743390  0.47363198  0.50743390  0.50743390  0.55501940  0.73464059  0.70404030  0.76654654  0.70404030  0.71918395  0.70404030  0.68919722  0.75042343  0.76654654  0.70404030  0.57999792  0.71918395  0.70404030  0.63260629  0.61910321  0.70404030  0.70404030  0.70404030  0.60583962  0.66036661  0.64635765  0.64635765  0.63260629  0.61910321  0.60583962  0.66036661  0.68919722  0.56740439  0.59280716  0.55501940  0.60583962  0.60583962  0.55501940  0.56740439  0.54283618  0.61910321  0.61910321  0.59280716  0.44129198  0.45191735  0.57999792  0.63260629  0.56740439  0.57999792  0.56740439  0.64635765  0.67464299  0.63260629  0.64635765  
93_0_0     0.42048366  0.35190132  0.26369667  0.00000000  0.22321159  0.15544121  0.14827669  0.17735601  0.16267503  0.16997949  0.24723873  0.20761190  0.25542243  0.26369667  0.26369667  0.25542243  0.23914361  0.23914361  0.26369667  0.27206348  0.27206348  0.22321159  0.23113517  0.24723873  0.25542243  0.28908326  0.36132208  0.41029265  0.41029265  0.45191735  0.42048366  0.42048366  0.44129198  0.41029265  0.45191735  0.41029265  0.41029265  0.44129198  0.47363198  0.45191735  0.42048366  0.36132208  0.38052726  0.41029265  0.37086303  0.38052726  0.42048366  0.43081545  0.43081545  0.37086303  0.38052726  0.37086303  0.38052726  0.34259776  0.40023865  0.41029265  0.37086303  0.41029265  0.29774063  0.37086303  0.40023865  0.31536196  0.44129198  0.46269586  0.28908326  0.31536196  0.36132208  0.36132208  0.40023865  0.46269586  0.45191735  0.46269586  0.37086303  0.44129198  0.40023865  0.43081545  0.41029265  0.36132208  0.40023865  0.47363198  0.47363198  0.46269586  0.47363198  0.46269586  0.48473040  0.38052726  0.39031802  0.39031802  0.43081545  0.42048366  0.41029265  0.53084825  0.51904945  0.51904945  0.42048366  0.40023865  0.46269586  0.60583962  0.55501940  0.54283618  0.49599600  0.48473040  0.45191735  0.48473040  0.51904945  0.50743390  0.59280716  0.56740439  0.49599600  0.54283618  0.57999792  0.56740439  0.53084825  0.46269586  0.46269586  0.48473040  0.46269586  0.46269586  0.46269586  0.46269586  0.48473040  0.59280716  0.44129198  0.42048366  0.44129198  0.46269586  0.55501940  0.56740439  0.53084825  0.42048366  0.39031802  0.40023865  0.41029265  0.53084825  0.66036661  0.66036661  0.70404030  0.63260629  0.64635765  0.66036661  0.61910321  0.59280716  0.63260629  0.63260629  0.61910321  0.61910321  0.64635765  0.66036661  0.63260629  0.63260629  0.67464299  0.61910321  0.66036661  0.63260629  0.66036661  0.53084825  0.47363198  0.50743390  0.50743390  0.60583962  0.60583962  0.55501940  0.51904945  0.51904945  0.48473040  0.51904945  0.49599600  0.53084825  0.55501940  0.56740439  0.54283618  0.54283618  0.40023865  0.40023865  0.55501940  0.60583962  0.60583962  0.54283618  0.56740439  0.56740439  0.60583962  0.61910321  0.60583962  
65_0_0     0.48473040  0.41029265  0.36132208  0.22321159  0.00000000  0.10667374  0.22321159  0.24723873  0.24723873  0.26369667  0.29774063  0.27206348  0.36132208  0.39031802  0.39031802  0.38052726  0.35190132  0.37086303  0.35190132  0.41029265  0.41029265  0.37086303  0.32433080  0.35190132  0.26369667  0.28908326  0.35190132  0.43081545  0.51904945  0.54283618  0.51904945  0.53084825  0.53084825  0.48473040  0.56740439  0.50743390  0.50743390  0.59280716  0.53084825  0.53084825  0.49599600  0.47363198  0.48473040  0.44129198  0.49599600  0.46269586  0.50743390  0.50743390  0.50743390  0.49599600  0.51904945  0.44129198  0.46269586  0.46269586  0.48473040  0.54283618  0.45191735  0.49599600  0.44129198  0.42048366  0.41029265  0.42048366  0.51904945  0.55501940  0.38052726  0.45191735  0.42048366  0.42048366  0.46269586  0.49599600  0.50743390  0.51904945  0.45191735  0.48473040  0.44129198  0.42048366  0.46269586  0.44129198  0.42048366  0.48473040  0.55501940  0.54283618  0.53084825  0.54283618  0.53084825  0.44129198  0.43081545  0.43081545  0.48473040  0.47363198  0.47363198  0.60583962  0.57999792  0.57999792  0.42048366  0.48473040  0.54283618  0.68919722  0.61910321  0.63260629  0.64635765  0.59280716  0.57999792  0.61910321  0.54283618  0.55501940  0.63260629  0.67464299  0.55501940  0.61910321  0.64635765  0.61910321  0.55501940  0.48473040  0.49599600  0.54283618  0.49599600  0.45191735  0.44129198  0.45191735  0.50743390  0.59280716  0.44129198  0.44129198  0.44129198  0.47363198  0.47363198  0.48473040  0.46269586  0.53084825  0.48473040  0.47363198  0.47363198  0.56740439  0.63260629  0.63260629  0.68919722  0.60583962  0.61910321  0.61910321  0.60583962  0.61910321  0.60583962  0.59280716  0.59280716  0.59280716  0.60583962  0.63260629  0.57999792  0.61910321  0.60583962  0.57999792  0.57999792  0.64635765  0.61910321  0.53084825  0.48473040  0.51904945  0.50743390  0.55501940  0.54283618  0.53084825  0.46269586  0.48473040  0.49599600  0.49599600  0.51904945  0.60583962  0.61910321  0.53084825  0.53084825  0.51904945  0.42048366  0.47363198  0.53084825  0.60583962  0.57999792  0.59280716  0.59280716  0.61910321  0.66036661  0.64635765  0.66036661  
96_0_0     0.44129198  0.39031802  0.30649940  0.15544121  0.10667374  0.00000000  0.18480601  0.20761190  0.20761190  0.24723873  0.28908326  0.26369667  0.30649940  0.33340851  0.33340851  0.32433080  0.29774063  0.32433080  0.29774063  0.32433080  0.32433080  0.30649940  0.26369667  0.29774063  0.28908326  0.29774063  0.40023865  0.44129198  0.46269586  0.47363198  0.45191735  0.46269586  0.46269586  0.42048366  0.51904945  0.44129198  0.44129198  0.50743390  0.53084825  0.47363198  0.46269586  0.39031802  0.43081545  0.41029265  0.45191735  0.43081545  0.46269586  0.45191735  0.45191735  0.43081545  0.44129198  0.41029265  0.44129198  0.41029265  0.46269586  0.45191735  0.45191735  0.45191735  0.40023865  0.38052726  0.38052726  0.38052726  0.48473040  0.51904945  0.34259776  0.39031802  0.43081545  0.43081545  0.44129198  0.45191735  0.46269586  0.54283618  0.42048366  0.46269586  0.42048366  0.44129198  0.45191735  0.40023865  0.42048366  0.53084825  0.56740439  0.55501940  0.55501940  0.56740439  0.56740439  0.43081545  0.44129198  0.44129198  0.51904945  0.50743390  0.49599600  0.51904945  0.50743390  0.50743390  0.37086303  0.43081545  0.49599600  0.68919722  0.64635765  0.66036661  0.59280716  0.57999792  0.54283618  0.59280716  0.50743390  0.53084825  0.64635765  0.66036661  0.51904945  0.56740439  0.57999792  0.55501940  0.55501940  0.46269586  0.48473040  0.51904945  0.47363198  0.49599600  0.48473040  0.49599600  0.50743390  0.61910321  0.44129198  0.46269586  0.48473040  0.50743390  0.50743390  0.51904945  0.50743390  0.48473040  0.43081545  0.46269586  0.46269586  0.56740439  0.60583962  0.60583962  0.67464299  0.59280716  0.60583962  0.60583962  0.56740439  0.56740439  0.57999792  0.64635765  0.56740439  0.59280716  0.60583962  0.64635765  0.60583962  0.61910321  0.63260629  0.56740439  0.59280716  0.59280716  0.59280716  0.54283618  0.51904945  0.53084825  0.51904945  0.55501940  0.54283618  0.51904945  0.50743390  0.48473040  0.47363198  0.48473040  0.48473040  0.56740439  0.63260629  0.55501940  0.53084825  0.50743390  0.41029265  0.48473040  0.53084825  0.63260629  0.61910321  0.61910321  0.61910321  0.59280716  0.63260629  0.61910321  0.63260629  
96_14_0    0.40023865  0.28908326  0.22321159  0.14827669  0.22321159  0.18480601  0.00000000  0.06726362  0.13415033  0.14827669  0.22321159  0.19233096  0.23113517  0.28052495  0.28052495  0.28052495  0.23914361  0.24723873  0.19233096  0.21537107  0.21537107  0.19233096  0.19993240  0.20761190  0.23914361  0.28052495  0.34259776  0.44129198  0.42048366  0.41029265  0.44129198  0.43081545  0.41029265  0.40023865  0.44129198  0.41029265  0.41029265  0.42048366  0.45191735  0.44129198  0.40023865  0.35190132  0.37086303  0.42048366  0.42048366  0.41029265  0.45191735  0.46269586  0.46269586  0.40023865  0.40023865  0.40023865  0.43081545  0.41029265  0.39031802  0.43081545  0.39031802  0.47363198  0.37086303  0.33340851  0.31536196  0.34259776  0.41029265  0.40023865  0.35190132  0.36132208  0.37086303  0.37086303  0.38052726  0.48473040  0.49599600  0.51904945  0.42048366  0.44129198  0.39031802  0.39031802  0.43081545  0.42048366  0.40023865  0.45191735  0.59280716  0.56740439  0.55501940  0.55501940  0.56740439  0.41029265  0.42048366  0.42048366  0.46269586  0.45191735  0.45191735  0.59280716  0.53084825  0.53084825  0.47363198  0.41029265  0.55501940  0.61910321  0.57999792  0.59280716  0.48473040  0.49599600  0.49599600  0.48473040  0.49599600  0.53084825  0.53084825  0.57999792  0.48473040  0.53084825  0.49599600  0.53084825  0.49599600  0.49599600  0.48473040  0.48473040  0.44129198  0.55501940  0.55501940  0.54283618  0.55501940  0.60583962  0.43081545  0.50743390  0.50743390  0.51904945  0.50743390  0.51904945  0.53084825  0.48473040  0.47363198  0.46269586  0.46269586  0.59280716  0.64635765  0.64635765  0.66036661  0.63260629  0.61910321  0.63260629  0.59280716  0.59280716  0.54283618  0.70404030  0.55501940  0.66036661  0.56740439  0.59280716  0.55501940  0.55501940  0.61910321  0.56740439  0.56740439  0.67464299  0.66036661  0.53084825  0.49599600  0.50743390  0.50743390  0.56740439  0.55501940  0.53084825  0.48473040  0.47363198  0.50743390  0.47363198  0.49599600  0.50743390  0.55501940  0.50743390  0.51904945  0.54283618  0.40023865  0.43081545  0.60583962  0.61910321  0.53084825  0.61910321  0.59280716  0.60583962  0.63260629  0.63260629  0.63260629  
65_14_0    0.44129198  0.34259776  0.27206348  0.17735601  0.24723873  0.20761190  0.06726362  0.00000000  0.18480601  0.19993240  0.24723873  0.21537107  0.27206348  0.30649940  0.30649940  0.28908326  0.26369667  0.26369667  0.26369667  0.30649940  0.30649940  0.25542243  0.25542243  0.27206348  0.26369667  0.29774063  0.32433080  0.47363198  0.47363198  0.48473040  0.48473040  0.47363198  0.46269586  0.45191735  0.49599600  0.46269586  0.46269586  0.47363198  0.50743390  0.49599600  0.45191735  0.41029265  0.42048366  0.44129198  0.47363198  0.46269586  0.51904945  0.51904945  0.51904945  0.46269586  0.42048366  0.45191735  0.45191735  0.43081545  0.43081545  0.46269586  0.43081545  0.49599600  0.39031802  0.33340851  0.32433080  0.35190132  0.43081545  0.42048366  0.33340851  0.37086303  0.39031802  0.39031802  0.40023865  0.51904945  0.51904945  0.50743390  0.43081545  0.46269586  0.38052726  0.41029265  0.44129198  0.46269586  0.45191735  0.46269586  0.57999792  0.55501940  0.51904945  0.51904945  0.53084825  0.46269586  0.47363198  0.47363198  0.48473040  0.47363198  0.47363198  0.54283618  0.50743390  0.50743390  0.54283618  0.43081545  0.55501940  0.63260629  0.59280716  0.60583962  0.54283618  0.50743390  0.50743390  0.51904945  0.50743390  0.54283618  0.56740439  0.59280716  0.47363198  0.50743390  0.54283618  0.56740439  0.55501940  0.53084825  0.53084825  0.50743390  0.49599600  0.55501940  0.55501940  0.55501940  0.56740439  0.61910321  0.44129198  0.47363198  0.47363198  0.49599600  0.48473040  0.49599600  0.48473040  0.47363198  0.47363198  0.46269586  0.46269586  0.56740439  0.61910321  0.61910321  0.67464299  0.63260629  0.61910321  0.60583962  0.55501940  0.56740439  0.50743390  0.64635765  0.55501940  0.60583962  0.59280716  0.67464299  0.60583962  0.60583962  0.63260629  0.60583962  0.59280716  0.68919722  0.63260629  0.49599600  0.48473040  0.50743390  0.49599600  0.50743390  0.49599600  0.48473040  0.45191735  0.43081545  0.48473040  0.47363198  0.48473040  0.53084825  0.51904945  0.53084825  0.53084825  0.49599600  0.40023865  0.42048366  0.66036661  0.64635765  0.51904945  0.60583962  0.57999792  0.63260629  0.66036661  0.68919722  0.66036661  
96_13_0    0.47363198  0.35190132  0.25542243  0.16267503  0.24723873  0.20761190  0.13415033  0.18480601  0.00000000  0.07368944  0.20761190  0.16997949  0.25542243  0.28052495  0.28052495  0.30649940  0.25542243  0.26369667  0.26369667  0.26369667  0.26369667  0.23914361  0.28052495  0.23113517  0.31536196  0.32433080  0.39031802  0.47363198  0.41029265  0.42048366  0.40023865  0.39031802  0.40023865  0.41029265  0.47363198  0.40023865  0.40023865  0.44129198  0.48473040  0.45191735  0.39031802  0.39031802  0.39031802  0.43081545  0.43081545  0.41029265  0.46269586  0.47363198  0.47363198  0.43081545  0.41029265  0.42048366  0.42048366  0.40023865  0.44129198  0.44129198  0.44129198  0.46269586  0.44129198  0.35190132  0.38052726  0.35190132  0.45191735  0.47363198  0.40023865  0.42048366  0.40023865  0.40023865  0.42048366  0.54283618  0.53084825  0.56740439  0.48473040  0.49599600  0.44129198  0.45191735  0.47363198  0.46269586  0.44129198  0.49599600  0.60583962  0.59280716  0.56740439  0.57999792  0.56740439  0.45191735  0.46269586  0.46269586  0.45191735  0.46269586  0.46269586  0.57999792  0.54283618  0.54283618  0.43081545  0.45191735  0.51904945  0.63260629  0.55501940  0.55501940  0.49599600  0.48473040  0.46269586  0.50743390  0.47363198  0.46269586  0.55501940  0.53084825  0.50743390  0.54283618  0.54283618  0.56740439  0.55501940  0.49599600  0.47363198  0.47363198  0.47363198  0.51904945  0.51904945  0.53084825  0.51904945  0.59280716  0.41029265  0.49599600  0.51904945  0.51904945  0.55501940  0.54283618  0.54283618  0.46269586  0.45191735  0.46269586  0.46269586  0.57999792  0.61910321  0.60583962  0.64635765  0.66036661  0.67464299  0.61910321  0.66036661  0.66036661  0.61910321  0.66036661  0.56740439  0.63260629  0.66036661  0.66036661  0.64635765  0.66036661  0.67464299  0.61910321  0.60583962  0.63260629  0.67464299  0.56740439  0.51904945  0.49599600  0.48473040  0.59280716  0.56740439  0.54283618  0.53084825  0.50743390  0.48473040  0.54283618  0.49599600  0.51904945  0.55501940  0.55501940  0.55501940  0.54283618  0.46269586  0.46269586  0.60583962  0.64635765  0.64635765  0.67464299  0.64635765  0.66036661  0.67464299  0.64635765  0.67464299  
65_13_0    0.49599600  0.36132208  0.26369667  0.16997949  0.26369667  0.24723873  0.14827669  0.19993240  0.07368944  0.00000000  0.19993240  0.16267503  0.26369667  0.28052495  0.28052495  0.29774063  0.26369667  0.27206348  0.24723873  0.25542243  0.25542243  0.21537107  0.23914361  0.21537107  0.33340851  0.34259776  0.37086303  0.44129198  0.44129198  0.46269586  0.46269586  0.46269586  0.45191735  0.44129198  0.50743390  0.43081545  0.43081545  0.47363198  0.49599600  0.44129198  0.44129198  0.43081545  0.39031802  0.44129198  0.44129198  0.42048366  0.47363198  0.50743390  0.50743390  0.44129198  0.42048366  0.46269586  0.44129198  0.42048366  0.43081545  0.45191735  0.45191735  0.49599600  0.39031802  0.37086303  0.38052726  0.35190132  0.48473040  0.47363198  0.37086303  0.44129198  0.42048366  0.42048366  0.43081545  0.53084825  0.51904945  0.59280716  0.47363198  0.51904945  0.47363198  0.44129198  0.49599600  0.48473040  0.44129198  0.49599600  0.51904945  0.50743390  0.51904945  0.50743390  0.50743390  0.41029265  0.42048366  0.42048366  0.45191735  0.44129198  0.44129198  0.63260629  0.56740439  0.56740439  0.48473040  0.46269586  0.50743390  0.63260629  0.55501940  0.55501940  0.51904945  0.53084825  0.53084825  0.55501940  0.49599600  0.50743390  0.60583962  0.57999792  0.56740439  0.63260629  0.51904945  0.56740439  0.50743390  0.49599600  0.54283618  0.50743390  0.46269586  0.51904945  0.49599600  0.50743390  0.49599600  0.53084825  0.45191735  0.47363198  0.47363198  0.54283618  0.61910321  0.63260629  0.60583962  0.48473040  0.45191735  0.46269586  0.46269586  0.59280716  0.66036661  0.64635765  0.68919722  0.67464299  0.68919722  0.63260629  0.70404030  0.67464299  0.63260629  0.60583962  0.56740439  0.61910321  0.63260629  0.64635765  0.60583962  0.60583962  0.64635765  0.59280716  0.61910321  0.63260629  0.66036661  0.55501940  0.49599600  0.50743390  0.47363198  0.55501940  0.53084825  0.55501940  0.51904945  0.49599600  0.51904945  0.53084825  0.49599600  0.51904945  0.50743390  0.57999792  0.57999792  0.51904945  0.49599600  0.44129198  0.56740439  0.70404030  0.60583962  0.66036661  0.63260629  0.60583962  0.64635765  0.64635765  0.64635765  
99_13_0    0.50743390  0.46269586  0.31536196  0.24723873  0.29774063  0.28908326  0.22321159  0.24723873  0.20761190  0.19993240  0.00000000  0.04209863  0.33340851  0.37086303  0.37086303  0.37086303  0.31536196  0.36132208  0.31536196  0.32433080  0.32433080  0.28908326  0.29774063  0.30649940  0.32433080  0.34259776  0.36132208  0.42048366  0.42048366  0.44129198  0.43081545  0.43081545  0.41029265  0.40023865  0.46269586  0.41029265  0.41029265  0.43081545  0.49599600  0.38052726  0.40023865  0.46269586  0.45191735  0.42048366  0.44129198  0.44129198  0.47363198  0.50743390  0.50743390  0.45191735  0.42048366  0.45191735  0.40023865  0.36132208  0.42048366  0.43081545  0.44129198  0.46269586  0.44129198  0.38052726  0.41029265  0.39031802  0.44129198  0.44129198  0.41029265  0.47363198  0.43081545  0.43081545  0.41029265  0.46269586  0.47363198  0.47363198  0.47363198  0.49599600  0.48473040  0.49599600  0.46269586  0.48473040  0.45191735  0.51904945  0.56740439  0.55501940  0.53084825  0.50743390  0.50743390  0.40023865  0.39031802  0.39031802  0.48473040  0.47363198  0.47363198  0.54283618  0.53084825  0.53084825  0.46269586  0.48473040  0.53084825  0.63260629  0.57999792  0.57999792  0.49599600  0.48473040  0.46269586  0.49599600  0.46269586  0.47363198  0.53084825  0.48473040  0.50743390  0.51904945  0.54283618  0.56740439  0.51904945  0.51904945  0.55501940  0.55501940  0.48473040  0.54283618  0.53084825  0.53084825  0.45191735  0.56740439  0.46269586  0.47363198  0.45191735  0.50743390  0.50743390  0.51904945  0.50743390  0.38052726  0.36132208  0.39031802  0.38052726  0.60583962  0.70404030  0.68919722  0.75042343  0.64635765  0.63260629  0.66036661  0.68919722  0.66036661  0.61910321  0.63260629  0.54283618  0.61910321  0.59280716  0.64635765  0.59280716  0.57999792  0.61910321  0.59280716  0.51904945  0.54283618  0.60583962  0.53084825  0.53084825  0.51904945  0.46269586  0.56740439  0.56740439  0.53084825  0.56740439  0.53084825  0.53084825  0.53084825  0.54283618  0.49599600  0.48473040  0.51904945  0.51904945  0.47363198  0.46269586  0.42048366  0.60583962  0.59280716  0.47363198  0.46269586  0.46269586  0.59280716  0.63260629  0.66036661  0.64635765  
71_13_0    0.47363198  0.45191735  0.28908326  0.20761190  0.27206348  0.26369667  0.19233096  0.21537107  0.16997949  0.16267503  0.04209863  0.00000000  0.32433080  0.35190132  0.35190132  0.35190132  0.30649940  0.32433080  0.28908326  0.28908326  0.28908326  0.25542243  0.26369667  0.25542243  0.32433080  0.34259776  0.38052726  0.42048366  0.43081545  0.44129198  0.43081545  0.43081545  0.42048366  0.44129198  0.47363198  0.43081545  0.43081545  0.43081545  0.49599600  0.39031802  0.40023865  0.42048366  0.41029265  0.41029265  0.42048366  0.42048366  0.45191735  0.50743390  0.50743390  0.44129198  0.40023865  0.46269586  0.40023865  0.36132208  0.40023865  0.41029265  0.42048366  0.49599600  0.40023865  0.36132208  0.39031802  0.39031802  0.44129198  0.43081545  0.37086303  0.48473040  0.42048366  0.42048366  0.38052726  0.43081545  0.44129198  0.50743390  0.47363198  0.45191735  0.45191735  0.46269586  0.42048366  0.44129198  0.43081545  0.47363198  0.56740439  0.55501940  0.54283618  0.53084825  0.54283618  0.38052726  0.37086303  0.37086303  0.47363198  0.46269586  0.46269586  0.50743390  0.49599600  0.49599600  0.49599600  0.49599600  0.51904945  0.57999792  0.56740439  0.55501940  0.50743390  0.46269586  0.44129198  0.47363198  0.44129198  0.45191735  0.54283618  0.48473040  0.49599600  0.53084825  0.55501940  0.56740439  0.49599600  0.48473040  0.53084825  0.55501940  0.48473040  0.49599600  0.48473040  0.49599600  0.45191735  0.53084825  0.43081545  0.46269586  0.44129198  0.48473040  0.51904945  0.53084825  0.49599600  0.37086303  0.33340851  0.36132208  0.37086303  0.60583962  0.66036661  0.66036661  0.73464059  0.63260629  0.64635765  0.64635765  0.66036661  0.63260629  0.61910321  0.59280716  0.51904945  0.61910321  0.59280716  0.61910321  0.56740439  0.55501940  0.60583962  0.56740439  0.49599600  0.54283618  0.59280716  0.55501940  0.54283618  0.50743390  0.48473040  0.59280716  0.59280716  0.55501940  0.57999792  0.55501940  0.53084825  0.56740439  0.54283618  0.49599600  0.51904945  0.55501940  0.55501940  0.48473040  0.47363198  0.39031802  0.59280716  0.59280716  0.46269586  0.47363198  0.45191735  0.60583962  0.64635765  0.67464299  0.66036661  
63_0_0     0.48473040  0.36132208  0.31536196  0.25542243  0.36132208  0.30649940  0.23113517  0.27206348  0.25542243  0.26369667  0.33340851  0.32433080  0.00000000  0.08017095  0.06726362  0.05457529  0.04209863  0.09330495  0.30649940  0.33340851  0.33340851  0.28908326  0.31536196  0.26369667  0.38052726  0.40023865  0.45191735  0.46269586  0.44129198  0.47363198  0.46269586  0.45191735  0.45191735  0.43081545  0.47363198  0.46269586  0.46269586  0.44129198  0.51904945  0.48473040  0.43081545  0.45191735  0.44129198  0.47363198  0.40023865  0.37086303  0.42048366  0.45191735  0.46269586  0.40023865  0.44129198  0.44129198  0.45191735  0.42048366  0.43081545  0.44129198  0.45191735  0.44129198  0.46269586  0.37086303  0.39031802  0.37086303  0.49599600  0.49599600  0.41029265  0.46269586  0.41029265  0.41029265  0.44129198  0.57999792  0.56740439  0.61910321  0.48473040  0.51904945  0.49599600  0.53084825  0.50743390  0.47363198  0.51904945  0.60583962  0.64635765  0.63260629  0.63260629  0.61910321  0.61910321  0.53084825  0.53084825  0.53084825  0.55501940  0.54283618  0.53084825  0.56740439  0.53084825  0.53084825  0.41029265  0.40023865  0.50743390  0.68919722  0.61910321  0.60583962  0.54283618  0.55501940  0.53084825  0.57999792  0.48473040  0.50743390  0.51904945  0.57999792  0.59280716  0.59280716  0.63260629  0.59280716  0.60583962  0.61910321  0.59280716  0.55501940  0.53084825  0.59280716  0.59280716  0.57999792  0.56740439  0.63260629  0.48473040  0.55501940  0.55501940  0.60583962  0.53084825  0.54283618  0.54283618  0.57999792  0.54283618  0.59280716  0.57999792  0.57999792  0.56740439  0.54283618  0.59280716  0.55501940  0.53084825  0.55501940  0.57999792  0.57999792  0.59280716  0.67464299  0.64635765  0.73464059  0.57999792  0.61910321  0.53084825  0.60583962  0.59280716  0.56740439  0.59280716  0.60583962  0.59280716  0.55501940  0.59280716  0.56740439  0.49599600  0.64635765  0.64635765  0.56740439  0.55501940  0.56740439  0.56740439  0.57999792  0.48473040  0.54283618  0.60583962  0.60583962  0.57999792  0.57999792  0.48473040  0.44129198  0.68919722  0.64635765  0.76654654  0.75042343  0.71918395  0.73464059  0.76654654  0.73464059  0.76654654  
97_0_0     0.49599600  0.42048366  0.37086303  0.26369667  0.39031802  0.33340851  0.28052495  0.30649940  0.28052495  0.28052495  0.37086303  0.35190132  0.08017095  0.00000000  0.01178833  0.09330495  0.09330495  0.13415033  0.34259776  0.36132208  0.36132208  0.29774063  0.33340851  0.29774063  0.40023865  0.41029265  0.49599600  0.45191735  0.47363198  0.51904945  0.48473040  0.48473040  0.49599600  0.47363198  0.50743390  0.48473040  0.48473040  0.47363198  0.51904945  0.51904945  0.47363198  0.49599600  0.46269586  0.49599600  0.43081545  0.42048366  0.45191735  0.48473040  0.47363198  0.45191735  0.50743390  0.46269586  0.48473040  0.46269586  0.42048366  0.45191735  0.44129198  0.45191735  0.48473040  0.45191735  0.47363198  0.42048366  0.59280716  0.59280716  0.44129198  0.49599600  0.48473040  0.48473040  0.47363198  0.59280716  0.57999792  0.64635765  0.50743390  0.53084825  0.53084825  0.56740439  0.53084825  0.49599600  0.53084825  0.61910321  0.64635765  0.64635765  0.66036661  0.64635765  0.63260629  0.55501940  0.55501940  0.55501940  0.57999792  0.56740439  0.55501940  0.55501940  0.54283618  0.54283618  0.46269586  0.45191735  0.51904945  0.70404030  0.63260629  0.59280716  0.59280716  0.59280716  0.54283618  0.60583962  0.53084825  0.55501940  0.61910321  0.64635765  0.63260629  0.67464299  0.61910321  0.60583962  0.67464299  0.57999792  0.63260629  0.59280716  0.56740439  0.57999792  0.57999792  0.56740439  0.59280716  0.71918395  0.53084825  0.59280716  0.59280716  0.66036661  0.63260629  0.64635765  0.63260629  0.61910321  0.59280716  0.61910321  0.60583962  0.59280716  0.57999792  0.55501940  0.63260629  0.54283618  0.55501940  0.54283618  0.55501940  0.56740439  0.57999792  0.61910321  0.64635765  0.68919722  0.61910321  0.67464299  0.60583962  0.66036661  0.61910321  0.60583962  0.63260629  0.66036661  0.67464299  0.57999792  0.60583962  0.56740439  0.48473040  0.64635765  0.64635765  0.56740439  0.54283618  0.56740439  0.55501940  0.57999792  0.50743390  0.51904945  0.61910321  0.66036661  0.63260629  0.53084825  0.50743390  0.48473040  0.73464059  0.70404030  0.78302491  0.76654654  0.73464059  0.73464059  0.76654654  0.75042343  0.76654654  
79_0_0     0.50743390  0.41029265  0.37086303  0.26369667  0.39031802  0.33340851  0.28052495  0.30649940  0.28052495  0.28052495  0.37086303  0.35190132  0.06726362  0.01178833  0.00000000  0.08017095  0.08017095  0.13415033  0.33340851  0.35190132  0.35190132  0.28908326  0.32433080  0.28908326  0.41029265  0.40023865  0.48473040  0.46269586  0.47363198  0.51904945  0.48473040  0.48473040  0.49599600  0.47363198  0.50743390  0.48473040  0.48473040  0.47363198  0.51904945  0.51904945  0.47363198  0.49599600  0.47363198  0.49599600  0.42048366  0.41029265  0.44129198  0.47363198  0.48473040  0.44129198  0.49599600  0.46269586  0.48473040  0.46269586  0.43081545  0.44129198  0.45191735  0.46269586  0.49599600  0.44129198  0.46269586  0.41029265  0.59280716  0.57999792  0.43081545  0.48473040  0.47363198  0.47363198  0.46269586  0.60583962  0.59280716  0.63260629  0.50743390  0.51904945  0.51904945  0.55501940  0.54283618  0.48473040  0.51904945  0.63260629  0.64635765  0.64635765  0.66036661  0.64635765  0.63260629  0.55501940  0.55501940  0.55501940  0.57999792  0.56740439  0.55501940  0.56740439  0.53084825  0.53084825  0.46269586  0.45191735  0.51904945  0.70404030  0.63260629  0.59280716  0.57999792  0.57999792  0.55501940  0.61910321  0.51904945  0.54283618  0.60583962  0.63260629  0.63260629  0.67464299  0.61910321  0.60583962  0.67464299  0.60583962  0.63260629  0.60583962  0.57999792  0.57999792  0.57999792  0.56740439  0.59280716  0.71918395  0.53084825  0.59280716  0.59280716  0.66036661  0.63260629  0.64635765  0.63260629  0.61910321  0.59280716  0.61910321  0.60583962  0.59280716  0.56740439  0.54283618  0.61910321  0.55501940  0.54283618  0.55501940  0.57999792  0.56740439  0.60583962  0.61910321  0.64635765  0.67464299  0.63260629  0.68919722  0.59280716  0.67464299  0.60583962  0.61910321  0.63260629  0.64635765  0.67464299  0.57999792  0.60583962  0.56740439  0.48473040  0.64635765  0.64635765  0.56740439  0.54283618  0.56740439  0.55501940  0.57999792  0.50743390  0.51904945  0.61910321  0.66036661  0.63260629  0.53084825  0.50743390  0.48473040  0.73464059  0.70404030  0.78302491  0.76654654  0.73464059  0.73464059  0.76654654  0.75042343  0.76654654  
68_0_0     0.47363198  0.37086303  0.36132208  0.25542243  0.38052726  0.32433080  0.28052495  0.28908326  0.30649940  0.29774063  0.37086303  0.35190132  0.05457529  0.09330495  0.08017095  0.00000000  0.06089255  0.12718597  0.33340851  0.35190132  0.35190132  0.29774063  0.33340851  0.28908326  0.36132208  0.37086303  0.46269586  0.48473040  0.46269586  0.51904945  0.48473040  0.48473040  0.48473040  0.46269586  0.50743390  0.45191735  0.45191735  0.46269586  0.54283618  0.50743390  0.47363198  0.47363198  0.46269586  0.49599600  0.40023865  0.41029265  0.44129198  0.48473040  0.49599600  0.42048366  0.48473040  0.46269586  0.47363198  0.44129198  0.42048366  0.44129198  0.43081545  0.43081545  0.48473040  0.41029265  0.43081545  0.40023865  0.51904945  0.51904945  0.41029265  0.45191735  0.44129198  0.44129198  0.43081545  0.55501940  0.54283618  0.61910321  0.45191735  0.47363198  0.49599600  0.51904945  0.48473040  0.43081545  0.46269586  0.57999792  0.57999792  0.57999792  0.60583962  0.56740439  0.59280716  0.49599600  0.49599600  0.49599600  0.54283618  0.53084825  0.51904945  0.56740439  0.53084825  0.53084825  0.43081545  0.42048366  0.48473040  0.66036661  0.61910321  0.60583962  0.51904945  0.55501940  0.53084825  0.55501940  0.47363198  0.49599600  0.54283618  0.55501940  0.56740439  0.61910321  0.57999792  0.56740439  0.60583962  0.59280716  0.61910321  0.59280716  0.55501940  0.56740439  0.56740439  0.55501940  0.54283618  0.60583962  0.49599600  0.54283618  0.54283618  0.60583962  0.53084825  0.54283618  0.54283618  0.56740439  0.55501940  0.57999792  0.59280716  0.55501940  0.57999792  0.55501940  0.63260629  0.59280716  0.56740439  0.59280716  0.56740439  0.56740439  0.60583962  0.64635765  0.63260629  0.70404030  0.60583962  0.67464299  0.57999792  0.66036661  0.64635765  0.61910321  0.64635765  0.64635765  0.64635765  0.54283618  0.57999792  0.54283618  0.48473040  0.60583962  0.60583962  0.50743390  0.49599600  0.50743390  0.50743390  0.51904945  0.44129198  0.50743390  0.56740439  0.61910321  0.59280716  0.50743390  0.46269586  0.42048366  0.68919722  0.63260629  0.76654654  0.71918395  0.71918395  0.68919722  0.75042343  0.73464059  0.75042343  
72_0_0     0.47363198  0.38052726  0.34259776  0.23914361  0.35190132  0.29774063  0.23914361  0.26369667  0.25542243  0.26369667  0.31536196  0.30649940  0.04209863  0.09330495  0.08017095  0.06089255  0.00000000  0.12718597  0.34259776  0.34259776  0.34259776  0.29774063  0.34259776  0.28908326  0.35190132  0.36132208  0.45191735  0.47363198  0.44129198  0.50743390  0.46269586  0.46269586  0.47363198  0.45191735  0.49599600  0.46269586  0.46269586  0.44129198  0.51904945  0.48473040  0.45191735  0.45191735  0.44129198  0.44129198  0.38052726  0.39031802  0.42048366  0.47363198  0.48473040  0.40023865  0.46269586  0.42048366  0.43081545  0.40023865  0.41029265  0.44129198  0.41029265  0.40023865  0.46269586  0.36132208  0.38052726  0.33340851  0.50743390  0.50743390  0.41029265  0.47363198  0.44129198  0.44129198  0.43081545  0.56740439  0.55501940  0.56740439  0.48473040  0.50743390  0.49599600  0.55501940  0.54283618  0.47363198  0.49599600  0.60583962  0.59280716  0.57999792  0.60583962  0.56740439  0.56740439  0.48473040  0.48473040  0.48473040  0.55501940  0.54283618  0.53084825  0.55501940  0.54283618  0.54283618  0.44129198  0.41029265  0.50743390  0.68919722  0.61910321  0.60583962  0.56740439  0.55501940  0.53084825  0.57999792  0.45191735  0.45191735  0.53084825  0.56740439  0.55501940  0.57999792  0.63260629  0.61910321  0.64635765  0.61910321  0.64635765  0.57999792  0.53084825  0.59280716  0.59280716  0.57999792  0.54283618  0.67464299  0.50743390  0.57999792  0.57999792  0.63260629  0.57999792  0.59280716  0.59280716  0.56740439  0.55501940  0.55501940  0.54283618  0.61910321  0.56740439  0.54283618  0.59280716  0.55501940  0.53084825  0.55501940  0.57999792  0.55501940  0.61910321  0.70404030  0.64635765  0.68919722  0.56740439  0.66036661  0.56740439  0.61910321  0.63260629  0.57999792  0.57999792  0.61910321  0.63260629  0.59280716  0.63260629  0.55501940  0.49599600  0.63260629  0.63260629  0.57999792  0.56740439  0.57999792  0.57999792  0.59280716  0.48473040  0.54283618  0.60583962  0.63260629  0.60583962  0.56740439  0.46269586  0.44129198  0.66036661  0.64635765  0.75042343  0.73464059  0.70404030  0.73464059  0.76654654  0.73464059  0.76654654  
91_0_0     0.43081545  0.37086303  0.33340851  0.23914361  0.37086303  0.32433080  0.24723873  0.26369667  0.26369667  0.27206348  0.36132208  0.32433080  0.09330495  0.13415033  0.13415033  0.12718597  0.12718597  0.00000000  0.29774063  0.33340851  0.33340851  0.28908326  0.32433080  0.26369667  0.39031802  0.42048366  0.45191735  0.46269586  0.42048366  0.43081545  0.42048366  0.41029265  0.41029265  0.43081545  0.43081545  0.46269586  0.46269586  0.43081545  0.50743390  0.47363198  0.40023865  0.46269586  0.42048366  0.45191735  0.39031802  0.34259776  0.40023865  0.40023865  0.39031802  0.37086303  0.40023865  0.42048366  0.46269586  0.43081545  0.42048366  0.46269586  0.45191735  0.44129198  0.45191735  0.44129198  0.45191735  0.38052726  0.53084825  0.51904945  0.46269586  0.49599600  0.47363198  0.47363198  0.48473040  0.49599600  0.50743390  0.63260629  0.50743390  0.48473040  0.51904945  0.50743390  0.49599600  0.47363198  0.48473040  0.59280716  0.57999792  0.56740439  0.55501940  0.56740439  0.56740439  0.54283618  0.54283618  0.54283618  0.51904945  0.53084825  0.51904945  0.59280716  0.60583962  0.60583962  0.44129198  0.45191735  0.51904945  0.61910321  0.61910321  0.61910321  0.51904945  0.59280716  0.54283618  0.59280716  0.49599600  0.50743390  0.60583962  0.59280716  0.60583962  0.61910321  0.60583962  0.55501940  0.56740439  0.59280716  0.63260629  0.56740439  0.57999792  0.59280716  0.59280716  0.59280716  0.60583962  0.63260629  0.50743390  0.48473040  0.48473040  0.54283618  0.54283618  0.53084825  0.53084825  0.55501940  0.53084825  0.57999792  0.59280716  0.61910321  0.60583962  0.57999792  0.60583962  0.57999792  0.59280716  0.56740439  0.55501940  0.57999792  0.60583962  0.64635765  0.67464299  0.70404030  0.57999792  0.64635765  0.56740439  0.55501940  0.61910321  0.59280716  0.59280716  0.68919722  0.63260629  0.55501940  0.56740439  0.54283618  0.53084825  0.63260629  0.63260629  0.55501940  0.54283618  0.53084825  0.53084825  0.57999792  0.48473040  0.49599600  0.59280716  0.60583962  0.57999792  0.55501940  0.47363198  0.47363198  0.68919722  0.67464299  0.70404030  0.70404030  0.67464299  0.70404030  0.73464059  0.70404030  0.73464059  
