19
7_3_0      0.00000000  0.13683061  0.15000754  0.24185587  0.22696713  0.19099727  0.28839528  0.27255690  0.17022053  0.19099727  0.22696713  0.21963288  0.21963288  0.27255690  0.27255690  0.17708193  0.18400711  0.18400711  0.17708193  
7_4_0      0.13683061  0.00000000  0.01094964  0.24185587  0.23437430  0.24941333  0.28043400  0.28839528  0.18400711  0.19099727  0.22696713  0.21963288  0.22696713  0.32953019  0.32953019  0.19805365  0.20517750  0.20517750  0.19805365  
7_2_0      0.15000754  0.01094964  0.00000000  0.25704824  0.24941333  0.26476222  0.28043400  0.28839528  0.19805365  0.20517750  0.24185587  0.23437430  0.24185587  0.34664193  0.34664193  0.20517750  0.21237012  0.21237012  0.20517750  
6_5_0      0.24185587  0.24185587  0.25704824  0.00000000  0.02768190  0.19099727  0.20517750  0.24185587  0.17022053  0.19099727  0.17708193  0.19805365  0.19805365  0.24941333  0.24941333  0.22696713  0.24185587  0.22696713  0.21963288  
3_5_0      0.22696713  0.23437430  0.24941333  0.02768190  0.00000000  0.19805365  0.21237012  0.24185587  0.18400711  0.19099727  0.17708193  0.19805365  0.19805365  0.23437430  0.23437430  0.22696713  0.22696713  0.21237012  0.20517750  
10_5_0     0.19099727  0.24941333  0.26476222  0.19099727  0.19805365  0.00000000  0.17708193  0.17022053  0.10487324  0.13032852  0.16342175  0.16342175  0.16342175  0.19805365  0.19805365  0.15668445  0.17022053  0.15668445  0.16342175  
1_5_0      0.28839528  0.28043400  0.28043400  0.20517750  0.21237012  0.17708193  0.00000000  0.03904924  0.18400711  0.21963288  0.21237012  0.22696713  0.23437430  0.29644257  0.29644257  0.23437430  0.24941333  0.23437430  0.24185587  
8_5_0      0.27255690  0.28839528  0.28839528  0.24185587  0.24185587  0.17022053  0.03904924  0.00000000  0.19099727  0.21237012  0.21963288  0.24941333  0.25704824  0.29644257  0.29644257  0.22696713  0.24185587  0.22696713  0.23437430  
10_1_0     0.17022053  0.18400711  0.19805365  0.17022053  0.18400711  0.10487324  0.18400711  0.19099727  0.00000000  0.10487324  0.11749216  0.11115599  0.11749216  0.16342175  0.16342175  0.09246451  0.10487324  0.09246451  0.09864304  
8_1_0      0.19099727  0.19099727  0.20517750  0.19099727  0.19099727  0.13032852  0.21963288  0.21237012  0.10487324  0.00000000  0.07423055  0.09864304  0.10487324  0.17708193  0.17708193  0.08025909  0.09246451  0.08025909  0.08633680  
1_1_0      0.22696713  0.22696713  0.24185587  0.17708193  0.17708193  0.16342175  0.21237012  0.21963288  0.11749216  0.07423055  0.00000000  0.11115599  0.11749216  0.18400711  0.18400711  0.09246451  0.10487324  0.09246451  0.09864304  
12_6_0     0.21963288  0.21963288  0.23437430  0.19805365  0.19805365  0.16342175  0.22696713  0.24941333  0.11115599  0.09864304  0.11115599  0.00000000  0.00545470  0.10487324  0.10487324  0.09246451  0.10487324  0.09246451  0.09864304  
2_6_0      0.21963288  0.22696713  0.24185587  0.19805365  0.19805365  0.16342175  0.23437430  0.25704824  0.11749216  0.10487324  0.11749216  0.00545470  0.00000000  0.10487324  0.10487324  0.09864304  0.11115599  0.09864304  0.10487324  
11_6_0     0.27255690  0.32953019  0.34664193  0.24941333  0.23437430  0.19805365  0.29644257  0.29644257  0.16342175  0.17708193  0.18400711  0.10487324  0.10487324  0.00000000  0.00000000  0.17022053  0.18400711  0.17022053  0.17708193  
4_6_0      0.27255690  0.32953019  0.34664193  0.24941333  0.23437430  0.19805365  0.29644257  0.29644257  0.16342175  0.17708193  0.18400711  0.10487324  0.10487324  0.00000000  0.00000000  0.17022053  0.18400711  0.17022053  0.17708193  
11_1_0     0.17708193  0.19805365  0.20517750  0.22696713  0.22696713  0.15668445  0.23437430  0.22696713  0.09246451  0.08025909  0.09246451  0.09246451  0.09864304  0.17022053  0.17022053  0.00000000  0.01094964  0.01094964  0.01648541  
4_1_0      0.18400711  0.20517750  0.21237012  0.24185587  0.22696713  0.17022053  0.24941333  0.24185587  0.10487324  0.09246451  0.10487324  0.10487324  0.11115599  0.18400711  0.18400711  0.01094964  0.00000000  0.01094964  0.01648541  
2_1_0      0.18400711  0.20517750  0.21237012  0.22696713  0.21237012  0.15668445  0.23437430  0.22696713  0.09246451  0.08025909  0.09246451  0.09246451  0.09864304  0.17022053  0.17022053  0.01094964  0.01094964  0.00000000  0.00545470  
12_1_0     0.17708193  0.19805365  0.20517750  0.21963288  0.20517750  0.16342175  0.24185587  0.23437430  0.09864304  0.08633680  0.09864304  0.09864304  0.10487324  0.17708193  0.17708193  0.01648541  0.01648541  0.00545470  0.00000000  

