150
29_0_0     0.00000000  0.30685684  0.27958164  0.31617499  0.37467150  0.47204399  0.49552546  0.40573668  0.41638629  0.39523709  0.32561111  0.32561111  0.31617499  0.35465818  0.34484950  0.28856292  0.42719028  0.41638629  0.38488337  0.43815319  0.42719028  0.41638629  0.62550463  0.57076433  0.59763204  0.62550463  0.47204399  0.48369225  0.46057497  0.39523709  0.34484950  0.36459767  0.34484950  0.38488337  0.40573668  0.42719028  0.37467150  0.36459767  0.34484950  0.38488337  0.35465818  0.50754957  0.49552546  0.49552546  0.51977086  0.50754957  0.58407712  0.57076433  0.46057497  0.42719028  0.37467150  0.39523709  0.34484950  0.35465818  0.44927977  0.44927977  0.44927977  0.48369225  0.47204399  0.48369225  0.32561111  0.46057497  0.46057497  0.46057497  0.39523709  0.41638629  0.46057497  0.38488337  0.47204399  0.47204399  0.47204399  0.39523709  0.39523709  0.47204399  0.41638629  0.46057497  0.43815319  0.43815319  0.47204399  0.48369225  0.47204399  0.42719028  0.37467150  0.38488337  0.36459767  0.34484950  0.36459767  0.59763204  0.59763204  0.43815319  0.47204399  0.47204399  0.48369225  0.51977086  0.49552546  0.53219589  0.57076433  0.48369225  0.41638629  0.40573668  0.42719028  0.38488337  0.42719028  0.41638629  0.41638629  0.39523709  0.41638629  0.40573668  0.40573668  0.50754957  0.40573668  0.42719028  0.42719028  0.40573668  0.48369225  0.38488337  0.38488337  0.47204399  0.43815319  0.44927977  0.42719028  0.42719028  0.42719028  0.42719028  0.42719028  0.44927977  0.44927977  0.47204399  0.51977086  0.40573668  0.47204399  0.48369225  0.54483157  0.46057497  0.42719028  0.42719028  0.44927977  0.47204399  0.47204399  0.51977086  0.48369225  0.50754957  0.55768517  0.38488337  0.37467150  0.33516823  0.35465818  0.38488337  0.37467150  0.37467150  
29_2_0     0.30685684  0.00000000  0.10525365  0.15642966  0.24470117  0.35465818  0.34484950  0.29765375  0.22785458  0.21957196  0.15642966  0.15642966  0.17948572  0.21957196  0.22785458  0.17172085  0.28856292  0.27958164  0.27070729  0.32561111  0.33516823  0.27958164  0.53219589  0.47204399  0.48369225  0.48369225  0.35465818  0.36459767  0.33516823  0.25326945  0.27070729  0.26193737  0.26193737  0.27958164  0.29765375  0.31617499  0.30685684  0.25326945  0.25326945  0.29765375  0.26193737  0.40573668  0.39523709  0.39523709  0.40573668  0.41638629  0.46057497  0.39523709  0.41638629  0.32561111  0.28856292  0.29765375  0.28856292  0.28856292  0.46057497  0.46057497  0.43815319  0.47204399  0.49552546  0.44927977  0.30685684  0.49552546  0.48369225  0.48369225  0.29765375  0.31617499  0.31617499  0.27958164  0.39523709  0.39523709  0.39523709  0.28856292  0.28856292  0.36459767  0.27958164  0.34484950  0.34484950  0.42719028  0.35465818  0.34484950  0.33516823  0.19526245  0.23623028  0.21138037  0.21138037  0.18733234  0.17948572  0.38488337  0.37467150  0.29765375  0.35465818  0.35465818  0.39523709  0.41638629  0.38488337  0.38488337  0.36459767  0.37467150  0.28856292  0.28856292  0.27958164  0.28856292  0.28856292  0.21957196  0.21957196  0.22785458  0.37467150  0.35465818  0.25326945  0.30685684  0.26193737  0.27070729  0.25326945  0.27070729  0.35465818  0.29765375  0.29765375  0.37467150  0.38488337  0.37467150  0.34484950  0.32561111  0.32561111  0.32561111  0.26193737  0.25326945  0.33516823  0.26193737  0.33516823  0.22785458  0.27958164  0.28856292  0.31617499  0.27958164  0.33516823  0.33516823  0.26193737  0.32561111  0.32561111  0.28856292  0.26193737  0.26193737  0.30685684  0.22785458  0.23623028  0.23623028  0.22785458  0.20327784  0.21138037  0.21138037  
4_0_0      0.27958164  0.10525365  0.00000000  0.12675743  0.24470117  0.33516823  0.33516823  0.27070729  0.22785458  0.22785458  0.16403604  0.16403604  0.17172085  0.19526245  0.21957196  0.16403604  0.29765375  0.28856292  0.26193737  0.27070729  0.27958164  0.27958164  0.53219589  0.48369225  0.48369225  0.51977086  0.34484950  0.35465818  0.30685684  0.26193737  0.24470117  0.25326945  0.25326945  0.27070729  0.28856292  0.28856292  0.29765375  0.27958164  0.27958164  0.30685684  0.28856292  0.39523709  0.39523709  0.41638629  0.41638629  0.42719028  0.46057497  0.43815319  0.42719028  0.31617499  0.29765375  0.30685684  0.28856292  0.30685684  0.44927977  0.44927977  0.44927977  0.46057497  0.47204399  0.46057497  0.29765375  0.41638629  0.40573668  0.40573668  0.31617499  0.33516823  0.33516823  0.27070729  0.38488337  0.38488337  0.38488337  0.27958164  0.27958164  0.34484950  0.33516823  0.31617499  0.29765375  0.38488337  0.30685684  0.34484950  0.33516823  0.21138037  0.20327784  0.17172085  0.17172085  0.17172085  0.16403604  0.46057497  0.40573668  0.32561111  0.40573668  0.38488337  0.39523709  0.47204399  0.37467150  0.42719028  0.42719028  0.41638629  0.22785458  0.27958164  0.27958164  0.27958164  0.27958164  0.20327784  0.20327784  0.21957196  0.33516823  0.31617499  0.22785458  0.34484950  0.25326945  0.24470117  0.22785458  0.22785458  0.29765375  0.24470117  0.24470117  0.32561111  0.35465818  0.39523709  0.34484950  0.34484950  0.34484950  0.34484950  0.24470117  0.22785458  0.35465818  0.27958164  0.29765375  0.21138037  0.27958164  0.28856292  0.32561111  0.28856292  0.33516823  0.33516823  0.26193737  0.30685684  0.30685684  0.28856292  0.26193737  0.26193737  0.31617499  0.21957196  0.22785458  0.22785458  0.21957196  0.17948572  0.18733234  0.18733234  
22_0_0     0.31617499  0.15642966  0.12675743  0.00000000  0.24470117  0.34484950  0.33516823  0.30685684  0.25326945  0.21957196  0.14890012  0.14890012  0.17172085  0.18733234  0.25326945  0.17172085  0.24470117  0.23623028  0.22785458  0.29765375  0.29765375  0.27070729  0.50754957  0.47204399  0.51977086  0.49552546  0.34484950  0.35465818  0.35465818  0.26193737  0.20327784  0.26193737  0.26193737  0.27958164  0.29765375  0.31617499  0.27070729  0.28856292  0.28856292  0.29765375  0.29765375  0.41638629  0.39523709  0.41638629  0.41638629  0.42719028  0.41638629  0.40573668  0.40573668  0.35465818  0.33516823  0.34484950  0.34484950  0.33516823  0.46057497  0.46057497  0.48369225  0.49552546  0.46057497  0.44927977  0.29765375  0.41638629  0.40573668  0.40573668  0.28856292  0.30685684  0.33516823  0.29765375  0.35465818  0.36459767  0.36459767  0.27958164  0.27958164  0.38488337  0.36459767  0.33516823  0.31617499  0.37467150  0.32561111  0.36459767  0.37467150  0.23623028  0.25326945  0.17172085  0.17172085  0.16403604  0.19526245  0.41638629  0.38488337  0.33516823  0.41638629  0.39523709  0.39523709  0.47204399  0.43815319  0.44927977  0.43815319  0.39523709  0.29765375  0.30685684  0.31617499  0.31617499  0.31617499  0.26193737  0.26193737  0.24470117  0.38488337  0.36459767  0.27070729  0.34484950  0.29765375  0.28856292  0.27070729  0.27070729  0.27958164  0.26193737  0.26193737  0.31617499  0.41638629  0.41638629  0.40573668  0.38488337  0.38488337  0.38488337  0.27958164  0.26193737  0.34484950  0.23623028  0.28856292  0.25326945  0.32561111  0.33516823  0.32561111  0.31617499  0.36459767  0.36459767  0.30685684  0.35465818  0.35465818  0.33516823  0.30685684  0.32561111  0.37467150  0.25326945  0.27958164  0.26193737  0.26193737  0.25326945  0.24470117  0.24470117  
14_0_0     0.37467150  0.24470117  0.24470117  0.24470117  0.00000000  0.29765375  0.29765375  0.25326945  0.29765375  0.31617499  0.27958164  0.27958164  0.27070729  0.25326945  0.36459767  0.29765375  0.38488337  0.37467150  0.34484950  0.39523709  0.38488337  0.39523709  0.51977086  0.48369225  0.51977086  0.53219589  0.43815319  0.44927977  0.37467150  0.32561111  0.29765375  0.30685684  0.28856292  0.32561111  0.32561111  0.34484950  0.33516823  0.29765375  0.29765375  0.32561111  0.28856292  0.44927977  0.44927977  0.44927977  0.42719028  0.41638629  0.48369225  0.42719028  0.38488337  0.41638629  0.36459767  0.37467150  0.37467150  0.35465818  0.47204399  0.47204399  0.47204399  0.49552546  0.51977086  0.46057497  0.33516823  0.49552546  0.48369225  0.48369225  0.36459767  0.38488337  0.37467150  0.32561111  0.44927977  0.44927977  0.44927977  0.31617499  0.31617499  0.39523709  0.42719028  0.39523709  0.37467150  0.38488337  0.38488337  0.40573668  0.39523709  0.31617499  0.31617499  0.29765375  0.29765375  0.27958164  0.30685684  0.43815319  0.42719028  0.33516823  0.40573668  0.40573668  0.41638629  0.48369225  0.39523709  0.41638629  0.39523709  0.38488337  0.36459767  0.34484950  0.38488337  0.36459767  0.36459767  0.33516823  0.33516823  0.31617499  0.35465818  0.34484950  0.34484950  0.40573668  0.34484950  0.33516823  0.33516823  0.31617499  0.40573668  0.40573668  0.40573668  0.42719028  0.39523709  0.41638629  0.38488337  0.38488337  0.38488337  0.38488337  0.37467150  0.35465818  0.43815319  0.38488337  0.38488337  0.32561111  0.38488337  0.39523709  0.42719028  0.39523709  0.35465818  0.35465818  0.38488337  0.41638629  0.41638629  0.36459767  0.33516823  0.38488337  0.42719028  0.33516823  0.32561111  0.34484950  0.29765375  0.33516823  0.34484950  0.34484950  
24_0_0     0.47204399  0.35465818  0.33516823  0.34484950  0.29765375  0.00000000  0.01237206  0.08435293  0.38488337  0.41638629  0.41638629  0.41638629  0.46057497  0.44927977  0.51977086  0.41638629  0.43815319  0.44927977  0.42719028  0.41638629  0.42719028  0.50754957  0.70011871  0.63984181  0.62550463  0.63984181  0.42719028  0.43815319  0.43815319  0.38488337  0.41638629  0.44927977  0.42719028  0.42719028  0.42719028  0.40573668  0.43815319  0.42719028  0.43815319  0.44927977  0.43815319  0.44927977  0.47204399  0.43815319  0.48369225  0.49552546  0.50754957  0.43815319  0.44927977  0.43815319  0.47204399  0.44927977  0.43815319  0.44927977  0.53219589  0.53219589  0.55768517  0.50754957  0.57076433  0.53219589  0.48369225  0.58407712  0.57076433  0.57076433  0.50754957  0.53219589  0.49552546  0.46057497  0.50754957  0.49552546  0.49552546  0.40573668  0.40573668  0.50754957  0.53219589  0.41638629  0.42719028  0.48369225  0.40573668  0.44927977  0.46057497  0.44927977  0.43815319  0.41638629  0.39523709  0.37467150  0.41638629  0.51977086  0.50754957  0.50754957  0.54483157  0.57076433  0.53219589  0.54483157  0.54483157  0.54483157  0.54483157  0.51977086  0.43815319  0.48369225  0.47204399  0.48369225  0.46057497  0.41638629  0.41638629  0.42719028  0.46057497  0.46057497  0.38488337  0.51977086  0.46057497  0.50754957  0.48369225  0.46057497  0.50754957  0.42719028  0.42719028  0.53219589  0.43815319  0.43815319  0.44927977  0.47204399  0.47204399  0.47204399  0.44927977  0.43815319  0.54483157  0.43815319  0.47204399  0.41638629  0.54483157  0.54483157  0.54483157  0.51977086  0.53219589  0.53219589  0.53219589  0.53219589  0.53219589  0.50754957  0.51977086  0.55768517  0.53219589  0.40573668  0.37467150  0.39523709  0.41638629  0.36459767  0.37467150  0.37467150  
2_0_0      0.49552546  0.34484950  0.33516823  0.33516823  0.29765375  0.01237206  0.00000000  0.09822142  0.38488337  0.41638629  0.40573668  0.40573668  0.44927977  0.43815319  0.51977086  0.41638629  0.41638629  0.42719028  0.40573668  0.39523709  0.40573668  0.48369225  0.71598168  0.65446021  0.63984181  0.65446021  0.42719028  0.43815319  0.43815319  0.37467150  0.42719028  0.43815319  0.41638629  0.41638629  0.41638629  0.40573668  0.42719028  0.41638629  0.42719028  0.43815319  0.42719028  0.43815319  0.46057497  0.42719028  0.47204399  0.48369225  0.49552546  0.42719028  0.43815319  0.42719028  0.46057497  0.43815319  0.43815319  0.43815319  0.53219589  0.53219589  0.55768517  0.50754957  0.57076433  0.53219589  0.48369225  0.61143805  0.59763204  0.59763204  0.50754957  0.53219589  0.49552546  0.46057497  0.49552546  0.48369225  0.48369225  0.40573668  0.40573668  0.50754957  0.53219589  0.40573668  0.41638629  0.48369225  0.39523709  0.43815319  0.44927977  0.43815319  0.43815319  0.40573668  0.40573668  0.36459767  0.40573668  0.50754957  0.49552546  0.49552546  0.54483157  0.57076433  0.53219589  0.54483157  0.54483157  0.54483157  0.54483157  0.51977086  0.43815319  0.47204399  0.46057497  0.47204399  0.44927977  0.40573668  0.40573668  0.41638629  0.47204399  0.47204399  0.39523709  0.50754957  0.44927977  0.49552546  0.47204399  0.46057497  0.49552546  0.43815319  0.43815319  0.54483157  0.43815319  0.43815319  0.44927977  0.46057497  0.46057497  0.46057497  0.43815319  0.42719028  0.53219589  0.42719028  0.47204399  0.40573668  0.53219589  0.53219589  0.53219589  0.50754957  0.53219589  0.53219589  0.51977086  0.51977086  0.51977086  0.49552546  0.50754957  0.54483157  0.51977086  0.40573668  0.37467150  0.39523709  0.41638629  0.36459767  0.37467150  0.37467150  
23_0_0     0.40573668  0.29765375  0.27070729  0.30685684  0.25326945  0.08435293  0.09822142  0.00000000  0.33516823  0.36459767  0.35465818  0.35465818  0.37467150  0.36459767  0.44927977  0.37467150  0.41638629  0.40573668  0.38488337  0.39523709  0.40573668  0.43815319  0.63984181  0.63984181  0.59763204  0.63984181  0.44927977  0.46057497  0.41638629  0.38488337  0.35465818  0.40573668  0.38488337  0.40573668  0.38488337  0.36459767  0.39523709  0.38488337  0.39523709  0.42719028  0.39523709  0.44927977  0.44927977  0.43815319  0.43815319  0.44927977  0.47204399  0.41638629  0.42719028  0.41638629  0.42719028  0.42719028  0.40573668  0.40573668  0.57076433  0.57076433  0.57076433  0.57076433  0.59763204  0.54483157  0.41638629  0.57076433  0.55768517  0.55768517  0.48369225  0.50754957  0.47204399  0.41638629  0.47204399  0.47204399  0.47204399  0.36459767  0.36459767  0.46057497  0.48369225  0.43815319  0.44927977  0.48369225  0.44927977  0.49552546  0.48369225  0.44927977  0.40573668  0.37467150  0.33516823  0.35465818  0.39523709  0.49552546  0.49552546  0.43815319  0.51977086  0.51977086  0.49552546  0.51977086  0.48369225  0.49552546  0.49552546  0.51977086  0.39523709  0.46057497  0.44927977  0.46057497  0.43815319  0.39523709  0.39523709  0.40573668  0.41638629  0.41638629  0.40573668  0.53219589  0.43815319  0.46057497  0.43815319  0.41638629  0.41638629  0.38488337  0.38488337  0.43815319  0.42719028  0.42719028  0.43815319  0.46057497  0.46057497  0.46057497  0.42719028  0.42719028  0.57076433  0.44927977  0.46057497  0.40573668  0.46057497  0.47204399  0.49552546  0.44927977  0.50754957  0.50754957  0.46057497  0.46057497  0.46057497  0.41638629  0.42719028  0.50754957  0.46057497  0.38488337  0.35465818  0.37467150  0.40573668  0.37467150  0.38488337  0.38488337  
19_0_0     0.41638629  0.22785458  0.22785458  0.25326945  0.29765375  0.38488337  0.38488337  0.33516823  0.00000000  0.02495296  0.26193737  0.26193737  0.24470117  0.26193737  0.27070729  0.25326945  0.42719028  0.41638629  0.39523709  0.42719028  0.43815319  0.34484950  0.58407712  0.49552546  0.50754957  0.53219589  0.37467150  0.38488337  0.37467150  0.35465818  0.35465818  0.37467150  0.37467150  0.35465818  0.33516823  0.31617499  0.34484950  0.31617499  0.31617499  0.35465818  0.32561111  0.47204399  0.47204399  0.48369225  0.48369225  0.49552546  0.50754957  0.46057497  0.44927977  0.39523709  0.36459767  0.36459767  0.40573668  0.40573668  0.47204399  0.47204399  0.47204399  0.48369225  0.50754957  0.49552546  0.34484950  0.46057497  0.46057497  0.46057497  0.39523709  0.39523709  0.40573668  0.34484950  0.43815319  0.42719028  0.42719028  0.34484950  0.34484950  0.36459767  0.39523709  0.42719028  0.42719028  0.47204399  0.40573668  0.42719028  0.41638629  0.27958164  0.29765375  0.30685684  0.29765375  0.27070729  0.25326945  0.42719028  0.40573668  0.40573668  0.37467150  0.39523709  0.39523709  0.46057497  0.37467150  0.37467150  0.41638629  0.37467150  0.32561111  0.33516823  0.32561111  0.33516823  0.27958164  0.24470117  0.24470117  0.25326945  0.41638629  0.41638629  0.27958164  0.36459767  0.31617499  0.34484950  0.32561111  0.30685684  0.33516823  0.30685684  0.30685684  0.41638629  0.41638629  0.42719028  0.38488337  0.38488337  0.38488337  0.38488337  0.26193737  0.28856292  0.39523709  0.28856292  0.32561111  0.26193737  0.30685684  0.31617499  0.36459767  0.33516823  0.35465818  0.35465818  0.30685684  0.33516823  0.33516823  0.33516823  0.29765375  0.32561111  0.33516823  0.28856292  0.26193737  0.26193737  0.28856292  0.25326945  0.26193737  0.26193737  
9_0_0      0.39523709  0.21957196  0.22785458  0.21957196  0.31617499  0.41638629  0.41638629  0.36459767  0.02495296  0.00000000  0.26193737  0.26193737  0.24470117  0.26193737  0.25326945  0.21957196  0.41638629  0.40573668  0.38488337  0.42719028  0.43815319  0.34484950  0.61143805  0.47204399  0.50754957  0.53219589  0.39523709  0.40573668  0.41638629  0.35465818  0.35465818  0.37467150  0.37467150  0.35465818  0.36459767  0.34484950  0.37467150  0.34484950  0.34484950  0.36459767  0.35465818  0.48369225  0.46057497  0.44927977  0.49552546  0.50754957  0.49552546  0.42719028  0.43815319  0.38488337  0.37467150  0.37467150  0.37467150  0.39523709  0.47204399  0.47204399  0.47204399  0.50754957  0.50754957  0.49552546  0.32561111  0.46057497  0.46057497  0.46057497  0.39523709  0.39523709  0.38488337  0.36459767  0.46057497  0.47204399  0.47204399  0.36459767  0.36459767  0.39523709  0.37467150  0.42719028  0.42719028  0.44927977  0.40573668  0.42719028  0.41638629  0.27958164  0.27958164  0.30685684  0.29765375  0.27070729  0.25326945  0.42719028  0.42719028  0.42719028  0.38488337  0.38488337  0.40573668  0.47204399  0.40573668  0.38488337  0.42719028  0.38488337  0.33516823  0.31617499  0.32561111  0.31617499  0.27958164  0.26193737  0.26193737  0.25326945  0.39523709  0.39523709  0.27958164  0.34484950  0.31617499  0.34484950  0.32561111  0.30685684  0.35465818  0.30685684  0.30685684  0.39523709  0.43815319  0.46057497  0.40573668  0.40573668  0.40573668  0.40573668  0.27958164  0.28856292  0.39523709  0.30685684  0.36459767  0.27958164  0.31617499  0.32561111  0.35465818  0.32561111  0.36459767  0.36459767  0.31617499  0.36459767  0.36459767  0.34484950  0.30685684  0.31617499  0.34484950  0.28856292  0.26193737  0.26193737  0.28856292  0.25326945  0.26193737  0.26193737  
16_0_0     0.32561111  0.15642966  0.16403604  0.14890012  0.27958164  0.41638629  0.40573668  0.35465818  0.26193737  0.26193737  0.00000000  0.00000000  0.03132396  0.14890012  0.23623028  0.17172085  0.28856292  0.29765375  0.27070729  0.33516823  0.34484950  0.34484950  0.51977086  0.50754957  0.53219589  0.54483157  0.36459767  0.37467150  0.34484950  0.28856292  0.27070729  0.25326945  0.25326945  0.26193737  0.23623028  0.25326945  0.22785458  0.24470117  0.26193737  0.27070729  0.25326945  0.46057497  0.43815319  0.50754957  0.46057497  0.47204399  0.43815319  0.46057497  0.46057497  0.30685684  0.29765375  0.28856292  0.31617499  0.28856292  0.51977086  0.51977086  0.53219589  0.53219589  0.49552546  0.48369225  0.29765375  0.42719028  0.43815319  0.43815319  0.32561111  0.34484950  0.37467150  0.28856292  0.36459767  0.35465818  0.35465818  0.28856292  0.28856292  0.34484950  0.35465818  0.38488337  0.38488337  0.44927977  0.39523709  0.43815319  0.44927977  0.23623028  0.26193737  0.25326945  0.23623028  0.23623028  0.21957196  0.36459767  0.32561111  0.27958164  0.38488337  0.36459767  0.42719028  0.43815319  0.43815319  0.41638629  0.41638629  0.40573668  0.31617499  0.33516823  0.35465818  0.33516823  0.30685684  0.24470117  0.24470117  0.21138037  0.35465818  0.33516823  0.26193737  0.33516823  0.27070729  0.27070729  0.25326945  0.25326945  0.27958164  0.26193737  0.26193737  0.32561111  0.35465818  0.36459767  0.33516823  0.31617499  0.31617499  0.31617499  0.25326945  0.27070729  0.37467150  0.26193737  0.33516823  0.22785458  0.29765375  0.29765375  0.32561111  0.28856292  0.37467150  0.37467150  0.27958164  0.32561111  0.32561111  0.33516823  0.29765375  0.32561111  0.35465818  0.22785458  0.25326945  0.21957196  0.27070729  0.22785458  0.21957196  0.21957196  
7_0_0      0.32561111  0.15642966  0.16403604  0.14890012  0.27958164  0.41638629  0.40573668  0.35465818  0.26193737  0.26193737  0.00000000  0.00000000  0.03132396  0.14890012  0.23623028  0.17172085  0.28856292  0.29765375  0.27070729  0.33516823  0.34484950  0.34484950  0.51977086  0.50754957  0.53219589  0.54483157  0.36459767  0.37467150  0.34484950  0.28856292  0.27070729  0.25326945  0.25326945  0.26193737  0.23623028  0.25326945  0.22785458  0.24470117  0.26193737  0.27070729  0.25326945  0.46057497  0.43815319  0.50754957  0.46057497  0.47204399  0.43815319  0.46057497  0.46057497  0.30685684  0.29765375  0.28856292  0.31617499  0.28856292  0.51977086  0.51977086  0.53219589  0.53219589  0.49552546  0.48369225  0.29765375  0.42719028  0.43815319  0.43815319  0.32561111  0.34484950  0.37467150  0.28856292  0.36459767  0.35465818  0.35465818  0.28856292  0.28856292  0.34484950  0.35465818  0.38488337  0.38488337  0.44927977  0.39523709  0.43815319  0.44927977  0.23623028  0.26193737  0.25326945  0.23623028  0.23623028  0.21957196  0.36459767  0.32561111  0.27958164  0.38488337  0.36459767  0.42719028  0.43815319  0.43815319  0.41638629  0.41638629  0.40573668  0.31617499  0.33516823  0.35465818  0.33516823  0.30685684  0.24470117  0.24470117  0.21138037  0.35465818  0.33516823  0.26193737  0.33516823  0.27070729  0.27070729  0.25326945  0.25326945  0.27958164  0.26193737  0.26193737  0.32561111  0.35465818  0.36459767  0.33516823  0.31617499  0.31617499  0.31617499  0.25326945  0.27070729  0.37467150  0.26193737  0.33516823  0.22785458  0.29765375  0.29765375  0.32561111  0.28856292  0.37467150  0.37467150  0.27958164  0.32561111  0.32561111  0.33516823  0.29765375  0.32561111  0.35465818  0.22785458  0.25326945  0.21957196  0.27070729  0.22785458  0.21957196  0.21957196  
12_0_0     0.31617499  0.17948572  0.17172085  0.17172085  0.27070729  0.46057497  0.44927977  0.37467150  0.24470117  0.24470117  0.03132396  0.03132396  0.00000000  0.12675743  0.22785458  0.17948572  0.27958164  0.28856292  0.27958164  0.33516823  0.34484950  0.33516823  0.49552546  0.48369225  0.50754957  0.49552546  0.37467150  0.38488337  0.35465818  0.29765375  0.24470117  0.26193737  0.26193737  0.27070729  0.24470117  0.26193737  0.23623028  0.25326945  0.25326945  0.27958164  0.26193737  0.47204399  0.44927977  0.49552546  0.42719028  0.43815319  0.42719028  0.44927977  0.44927977  0.31617499  0.30685684  0.29765375  0.32561111  0.29765375  0.48369225  0.48369225  0.49552546  0.49552546  0.48369225  0.49552546  0.28856292  0.39523709  0.40573668  0.40573668  0.30685684  0.32561111  0.37467150  0.27958164  0.36459767  0.34484950  0.34484950  0.29765375  0.29765375  0.34484950  0.32561111  0.43815319  0.41638629  0.46057497  0.42719028  0.47204399  0.46057497  0.22785458  0.25326945  0.24470117  0.22785458  0.24470117  0.22785458  0.33516823  0.32561111  0.27070729  0.37467150  0.35465818  0.41638629  0.42719028  0.41638629  0.40573668  0.40573668  0.39523709  0.32561111  0.34484950  0.34484950  0.34484950  0.31617499  0.23623028  0.23623028  0.20327784  0.38488337  0.36459767  0.28856292  0.35465818  0.26193737  0.24470117  0.24470117  0.24470117  0.28856292  0.27070729  0.27070729  0.33516823  0.35465818  0.37467150  0.34484950  0.32561111  0.32561111  0.32561111  0.24470117  0.26193737  0.35465818  0.27070729  0.32561111  0.23623028  0.27958164  0.27958164  0.32561111  0.27070729  0.35465818  0.35465818  0.26193737  0.30685684  0.30685684  0.32561111  0.27070729  0.29765375  0.34484950  0.23623028  0.26193737  0.22785458  0.29765375  0.23623028  0.22785458  0.22785458  
18_0_0     0.35465818  0.21957196  0.19526245  0.18733234  0.25326945  0.44927977  0.43815319  0.36459767  0.26193737  0.26193737  0.14890012  0.14890012  0.12675743  0.00000000  0.27070729  0.21957196  0.27958164  0.28856292  0.27958164  0.31617499  0.32561111  0.33516823  0.48369225  0.50754957  0.50754957  0.55768517  0.36459767  0.37467150  0.34484950  0.29765375  0.21138037  0.27070729  0.27070729  0.25326945  0.23623028  0.25326945  0.22785458  0.24470117  0.24470117  0.25326945  0.25326945  0.40573668  0.40573668  0.44927977  0.36459767  0.37467150  0.41638629  0.42719028  0.39523709  0.31617499  0.28856292  0.27070729  0.33516823  0.28856292  0.49552546  0.49552546  0.49552546  0.47204399  0.47204399  0.50754957  0.29765375  0.41638629  0.42719028  0.42719028  0.35465818  0.37467150  0.38488337  0.28856292  0.37467150  0.37467150  0.37467150  0.29765375  0.29765375  0.30685684  0.35465818  0.39523709  0.37467150  0.46057497  0.37467150  0.44927977  0.43815319  0.25326945  0.28856292  0.21957196  0.21957196  0.27070729  0.24470117  0.42719028  0.33516823  0.28856292  0.43815319  0.41638629  0.43815319  0.46057497  0.42719028  0.44927977  0.42719028  0.41638629  0.31617499  0.29765375  0.29765375  0.31617499  0.31617499  0.25326945  0.25326945  0.23623028  0.38488337  0.38488337  0.33516823  0.38488337  0.30685684  0.27958164  0.27958164  0.27958164  0.29765375  0.28856292  0.28856292  0.30685684  0.32561111  0.36459767  0.31617499  0.31617499  0.31617499  0.31617499  0.25326945  0.27958164  0.41638629  0.28856292  0.34484950  0.25326945  0.31617499  0.31617499  0.32561111  0.33516823  0.34484950  0.34484950  0.30685684  0.33516823  0.33516823  0.36459767  0.31617499  0.36459767  0.38488337  0.27070729  0.29765375  0.27958164  0.29765375  0.25326945  0.24470117  0.24470117  
20_0_0     0.34484950  0.22785458  0.21957196  0.25326945  0.36459767  0.51977086  0.51977086  0.44927977  0.27070729  0.25326945  0.23623028  0.23623028  0.22785458  0.27070729  0.00000000  0.07751427  0.44927977  0.43815319  0.42719028  0.47204399  0.46057497  0.38488337  0.47204399  0.47204399  0.49552546  0.44927977  0.40573668  0.41638629  0.38488337  0.37467150  0.33516823  0.36459767  0.36459767  0.36459767  0.42719028  0.44927977  0.41638629  0.39523709  0.39523709  0.40573668  0.40573668  0.48369225  0.48369225  0.46057497  0.46057497  0.44927977  0.46057497  0.46057497  0.50754957  0.42719028  0.39523709  0.40573668  0.36459767  0.40573668  0.49552546  0.49552546  0.51977086  0.50754957  0.48369225  0.48369225  0.34484950  0.41638629  0.40573668  0.40573668  0.39523709  0.41638629  0.40573668  0.34484950  0.50754957  0.50754957  0.50754957  0.37467150  0.37467150  0.37467150  0.39523709  0.38488337  0.36459767  0.38488337  0.37467150  0.40573668  0.39523709  0.23623028  0.27958164  0.28856292  0.28856292  0.30685684  0.22785458  0.47204399  0.40573668  0.37467150  0.41638629  0.41638629  0.42719028  0.53219589  0.43815319  0.42719028  0.47204399  0.41638629  0.33516823  0.32561111  0.30685684  0.32561111  0.32561111  0.27958164  0.27958164  0.27958164  0.37467150  0.35465818  0.31617499  0.38488337  0.33516823  0.36459767  0.34484950  0.32561111  0.38488337  0.33516823  0.33516823  0.34484950  0.39523709  0.40573668  0.35465818  0.35465818  0.35465818  0.35465818  0.29765375  0.26193737  0.35465818  0.30685684  0.37467150  0.28856292  0.30685684  0.31617499  0.32561111  0.31617499  0.34484950  0.34484950  0.28856292  0.35465818  0.35465818  0.35465818  0.30685684  0.35465818  0.38488337  0.26193737  0.26193737  0.22785458  0.26193737  0.25326945  0.24470117  0.24470117  
20_1_0     0.28856292  0.17172085  0.16403604  0.17172085  0.29765375  0.41638629  0.41638629  0.37467150  0.25326945  0.21957196  0.17172085  0.17172085  0.17948572  0.21957196  0.07751427  0.00000000  0.35465818  0.34484950  0.33516823  0.40573668  0.39523709  0.33516823  0.54483157  0.47204399  0.51977086  0.51977086  0.35465818  0.36459767  0.35465818  0.30685684  0.28856292  0.31617499  0.31617499  0.31617499  0.35465818  0.37467150  0.34484950  0.34484950  0.34484950  0.35465818  0.35465818  0.48369225  0.46057497  0.43815319  0.46057497  0.44927977  0.46057497  0.46057497  0.47204399  0.37467150  0.34484950  0.35465818  0.31617499  0.33516823  0.48369225  0.48369225  0.50754957  0.51977086  0.51977086  0.47204399  0.31617499  0.42719028  0.41638629  0.41638629  0.34484950  0.36459767  0.35465818  0.29765375  0.44927977  0.44927977  0.44927977  0.30685684  0.30685684  0.34484950  0.34484950  0.39523709  0.39523709  0.41638629  0.40573668  0.41638629  0.40573668  0.21957196  0.22785458  0.25326945  0.25326945  0.23623028  0.21138037  0.50754957  0.42719028  0.33516823  0.39523709  0.39523709  0.43815319  0.47204399  0.46057497  0.42719028  0.44927977  0.41638629  0.30685684  0.29765375  0.27958164  0.29765375  0.29765375  0.23623028  0.23623028  0.20327784  0.33516823  0.31617499  0.25326945  0.33516823  0.27070729  0.29765375  0.27958164  0.26193737  0.32561111  0.27070729  0.27070729  0.29765375  0.38488337  0.41638629  0.36459767  0.36459767  0.36459767  0.36459767  0.25326945  0.25326945  0.32561111  0.27958164  0.34484950  0.24470117  0.29765375  0.30685684  0.33516823  0.28856292  0.35465818  0.35465818  0.27958164  0.34484950  0.34484950  0.36459767  0.31617499  0.32561111  0.35465818  0.19526245  0.21138037  0.17948572  0.21138037  0.20327784  0.19526245  0.19526245  
95_0_0     0.42719028  0.28856292  0.29765375  0.24470117  0.38488337  0.43815319  0.41638629  0.41638629  0.42719028  0.41638629  0.28856292  0.28856292  0.27958164  0.27958164  0.44927977  0.35465818  0.00000000  0.00616036  0.02495296  0.17948572  0.17172085  0.15642966  0.44927977  0.46057497  0.48369225  0.46057497  0.27958164  0.28856292  0.28856292  0.17948572  0.15642966  0.17948572  0.17948572  0.17948572  0.21957196  0.22785458  0.19526245  0.18733234  0.20327784  0.23623028  0.19526245  0.36459767  0.36459767  0.36459767  0.38488337  0.39523709  0.37467150  0.34484950  0.32561111  0.23623028  0.22785458  0.21957196  0.26193737  0.22785458  0.40573668  0.40573668  0.38488337  0.40573668  0.40573668  0.39523709  0.21957196  0.32561111  0.35465818  0.35465818  0.19526245  0.21138037  0.19526245  0.16403604  0.27070729  0.26193737  0.26193737  0.15642966  0.15642966  0.21957196  0.23623028  0.39523709  0.39523709  0.39523709  0.38488337  0.37467150  0.36459767  0.27070729  0.30685684  0.27070729  0.27070729  0.28856292  0.29765375  0.39523709  0.34484950  0.32561111  0.39523709  0.37467150  0.41638629  0.37467150  0.44927977  0.42719028  0.40573668  0.36459767  0.33516823  0.35465818  0.35465818  0.37467150  0.38488337  0.31617499  0.31617499  0.30685684  0.42719028  0.40573668  0.34484950  0.37467150  0.34484950  0.32561111  0.32561111  0.32561111  0.40573668  0.38488337  0.38488337  0.36459767  0.43815319  0.39523709  0.41638629  0.42719028  0.42719028  0.42719028  0.34484950  0.39523709  0.46057497  0.34484950  0.39523709  0.32561111  0.44927977  0.44927977  0.44927977  0.38488337  0.41638629  0.41638629  0.39523709  0.42719028  0.42719028  0.42719028  0.39523709  0.44927977  0.46057497  0.25326945  0.27958164  0.25326945  0.29765375  0.23623028  0.22785458  0.22785458  
42_0_0     0.41638629  0.27958164  0.28856292  0.23623028  0.37467150  0.44927977  0.42719028  0.40573668  0.41638629  0.40573668  0.29765375  0.29765375  0.28856292  0.28856292  0.43815319  0.34484950  0.00616036  0.00000000  0.01863597  0.18733234  0.17948572  0.14890012  0.43815319  0.44927977  0.47204399  0.44927977  0.27070729  0.27958164  0.27958164  0.17172085  0.14890012  0.17172085  0.17172085  0.18733234  0.22785458  0.23623028  0.20327784  0.19526245  0.21138037  0.24470117  0.20327784  0.37467150  0.37467150  0.35465818  0.37467150  0.38488337  0.37467150  0.33516823  0.31617499  0.24470117  0.21957196  0.22785458  0.25326945  0.21957196  0.39523709  0.39523709  0.37467150  0.41638629  0.41638629  0.38488337  0.21138037  0.33516823  0.36459767  0.36459767  0.18733234  0.20327784  0.18733234  0.15642966  0.26193737  0.25326945  0.25326945  0.14890012  0.14890012  0.22785458  0.24470117  0.40573668  0.40573668  0.40573668  0.39523709  0.36459767  0.35465818  0.27958164  0.29765375  0.26193737  0.26193737  0.27958164  0.28856292  0.40573668  0.35465818  0.31617499  0.38488337  0.36459767  0.40573668  0.38488337  0.43815319  0.41638629  0.39523709  0.35465818  0.32561111  0.34484950  0.34484950  0.36459767  0.37467150  0.30685684  0.30685684  0.29765375  0.43815319  0.41638629  0.33516823  0.36459767  0.33516823  0.31617499  0.31617499  0.31617499  0.39523709  0.37467150  0.37467150  0.35465818  0.43815319  0.39523709  0.41638629  0.42719028  0.42719028  0.42719028  0.34484950  0.39523709  0.46057497  0.34484950  0.39523709  0.32561111  0.43815319  0.44927977  0.44927977  0.38488337  0.41638629  0.41638629  0.39523709  0.42719028  0.42719028  0.42719028  0.39523709  0.44927977  0.46057497  0.24470117  0.27070729  0.24470117  0.28856292  0.24470117  0.23623028  0.23623028  
79_0_0     0.38488337  0.27070729  0.26193737  0.22785458  0.34484950  0.42719028  0.40573668  0.38488337  0.39523709  0.38488337  0.27070729  0.27070729  0.27958164  0.27958164  0.42719028  0.33516823  0.02495296  0.01863597  0.00000000  0.16403604  0.15642966  0.15642966  0.43815319  0.42719028  0.44927977  0.44927977  0.26193737  0.27070729  0.27070729  0.14890012  0.15642966  0.14890012  0.14890012  0.16403604  0.20327784  0.21138037  0.17948572  0.17172085  0.18733234  0.21957196  0.17948572  0.35465818  0.35465818  0.35465818  0.37467150  0.38488337  0.37467150  0.33516823  0.29765375  0.22785458  0.20327784  0.21138037  0.23623028  0.20327784  0.39523709  0.39523709  0.37467150  0.41638629  0.39523709  0.36459767  0.18733234  0.32561111  0.35465818  0.35465818  0.18733234  0.20327784  0.17172085  0.14890012  0.23623028  0.24470117  0.24470117  0.12675743  0.12675743  0.21957196  0.24470117  0.37467150  0.37467150  0.39523709  0.36459767  0.35465818  0.34484950  0.28856292  0.28856292  0.27070729  0.27070729  0.27070729  0.26193737  0.42719028  0.35465818  0.30685684  0.37467150  0.35465818  0.39523709  0.39523709  0.42719028  0.40573668  0.38488337  0.34484950  0.29765375  0.31617499  0.35465818  0.33516823  0.34484950  0.29765375  0.29765375  0.28856292  0.40573668  0.38488337  0.30685684  0.33516823  0.32561111  0.30685684  0.30685684  0.30685684  0.38488337  0.34484950  0.34484950  0.34484950  0.42719028  0.40573668  0.40573668  0.41638629  0.41638629  0.41638629  0.33516823  0.38488337  0.47204399  0.35465818  0.40573668  0.29765375  0.42719028  0.43815319  0.46057497  0.37467150  0.38488337  0.38488337  0.38488337  0.41638629  0.41638629  0.40573668  0.38488337  0.43815319  0.44927977  0.23623028  0.26193737  0.24470117  0.26193737  0.23623028  0.22785458  0.22785458  
95_17_0    0.43815319  0.32561111  0.27070729  0.29765375  0.39523709  0.41638629  0.39523709  0.39523709  0.42719028  0.42719028  0.33516823  0.33516823  0.33516823  0.31617499  0.47204399  0.40573668  0.17948572  0.18733234  0.16403604  0.00000000  0.01863597  0.19526245  0.42719028  0.47204399  0.46057497  0.43815319  0.34484950  0.35465818  0.33516823  0.20327784  0.21138037  0.21957196  0.21957196  0.18733234  0.24470117  0.25326945  0.22785458  0.21138037  0.23623028  0.26193737  0.23623028  0.44927977  0.47204399  0.44927977  0.47204399  0.48369225  0.47204399  0.44927977  0.37467150  0.32561111  0.28856292  0.27958164  0.32561111  0.30685684  0.43815319  0.43815319  0.43815319  0.41638629  0.41638629  0.42719028  0.24470117  0.31617499  0.34484950  0.34484950  0.33516823  0.33516823  0.28856292  0.21957196  0.33516823  0.33516823  0.33516823  0.20327784  0.20327784  0.27070729  0.32561111  0.38488337  0.38488337  0.42719028  0.37467150  0.43815319  0.42719028  0.34484950  0.33516823  0.28856292  0.28856292  0.30685684  0.25326945  0.44927977  0.38488337  0.43815319  0.46057497  0.43815319  0.50754957  0.48369225  0.50754957  0.50754957  0.48369225  0.44927977  0.33516823  0.36459767  0.38488337  0.38488337  0.34484950  0.31617499  0.31617499  0.32561111  0.41638629  0.39523709  0.34484950  0.37467150  0.36459767  0.34484950  0.34484950  0.34484950  0.39523709  0.33516823  0.33516823  0.37467150  0.39523709  0.39523709  0.37467150  0.36459767  0.36459767  0.38488337  0.32561111  0.35465818  0.46057497  0.37467150  0.40573668  0.28856292  0.38488337  0.38488337  0.41638629  0.36459767  0.35465818  0.35465818  0.35465818  0.38488337  0.38488337  0.39523709  0.39523709  0.41638629  0.42719028  0.31617499  0.30685684  0.32561111  0.30685684  0.25326945  0.25326945  0.25326945  
42_17_0    0.42719028  0.33516823  0.27958164  0.29765375  0.38488337  0.42719028  0.40573668  0.40573668  0.43815319  0.43815319  0.34484950  0.34484950  0.34484950  0.32561111  0.46057497  0.39523709  0.17172085  0.17948572  0.15642966  0.01863597  0.00000000  0.17948572  0.39523709  0.43815319  0.42719028  0.40573668  0.31617499  0.32561111  0.32561111  0.17948572  0.18733234  0.19526245  0.19526245  0.16403604  0.21957196  0.24470117  0.20327784  0.18733234  0.21138037  0.23623028  0.21138037  0.41638629  0.43815319  0.41638629  0.46057497  0.44927977  0.43815319  0.43815319  0.34484950  0.31617499  0.26193737  0.25326945  0.31617499  0.29765375  0.42719028  0.42719028  0.42719028  0.40573668  0.40573668  0.41638629  0.21957196  0.28856292  0.31617499  0.31617499  0.30685684  0.32561111  0.26193737  0.19526245  0.32561111  0.32561111  0.32561111  0.17948572  0.17948572  0.24470117  0.33516823  0.37467150  0.37467150  0.41638629  0.36459767  0.42719028  0.41638629  0.35465818  0.34484950  0.29765375  0.29765375  0.31617499  0.26193737  0.43815319  0.39523709  0.44927977  0.44927977  0.42719028  0.49552546  0.47204399  0.49552546  0.49552546  0.47204399  0.46057497  0.34484950  0.35465818  0.37467150  0.37467150  0.35465818  0.32561111  0.32561111  0.33516823  0.40573668  0.38488337  0.35465818  0.36459767  0.37467150  0.35465818  0.35465818  0.35465818  0.40573668  0.34484950  0.34484950  0.38488337  0.40573668  0.40573668  0.38488337  0.37467150  0.37467150  0.39523709  0.33516823  0.36459767  0.43815319  0.37467150  0.40573668  0.29765375  0.39523709  0.39523709  0.42719028  0.37467150  0.34484950  0.34484950  0.36459767  0.39523709  0.39523709  0.40573668  0.40573668  0.42719028  0.43815319  0.32561111  0.31617499  0.33516823  0.29765375  0.26193737  0.26193737  0.26193737  
79_17_0    0.41638629  0.27958164  0.27958164  0.27070729  0.39523709  0.50754957  0.48369225  0.43815319  0.34484950  0.34484950  0.34484950  0.34484950  0.33516823  0.33516823  0.38488337  0.33516823  0.15642966  0.14890012  0.15642966  0.19526245  0.17948572  0.00000000  0.37467150  0.38488337  0.37467150  0.33516823  0.23623028  0.24470117  0.25326945  0.17172085  0.17172085  0.19526245  0.19526245  0.19526245  0.21957196  0.24470117  0.21138037  0.17948572  0.17948572  0.21957196  0.17172085  0.46057497  0.46057497  0.43815319  0.46057497  0.44927977  0.46057497  0.41638629  0.37467150  0.31617499  0.25326945  0.26193737  0.29765375  0.27958164  0.37467150  0.37467150  0.35465818  0.37467150  0.40573668  0.38488337  0.22785458  0.30685684  0.31617499  0.31617499  0.23623028  0.25326945  0.24470117  0.18733234  0.29765375  0.27958164  0.27958164  0.16403604  0.16403604  0.20327784  0.23623028  0.37467150  0.35465818  0.42719028  0.36459767  0.37467150  0.36459767  0.29765375  0.25326945  0.23623028  0.23623028  0.27070729  0.25326945  0.46057497  0.36459767  0.42719028  0.46057497  0.43815319  0.49552546  0.48369225  0.47204399  0.44927977  0.44927977  0.44927977  0.32561111  0.35465818  0.31617499  0.37467150  0.35465818  0.27958164  0.27958164  0.27070729  0.44927977  0.42719028  0.34484950  0.40573668  0.32561111  0.32561111  0.30685684  0.30685684  0.39523709  0.37467150  0.37467150  0.41638629  0.41638629  0.38488337  0.40573668  0.39523709  0.39523709  0.39523709  0.31617499  0.32561111  0.33516823  0.32561111  0.31617499  0.29765375  0.35465818  0.36459767  0.37467150  0.38488337  0.39523709  0.39523709  0.35465818  0.40573668  0.40573668  0.36459767  0.32561111  0.39523709  0.41638629  0.28856292  0.27070729  0.27958164  0.28856292  0.21957196  0.22785458  0.22785458  
