148
60_0_0     0.00000000  0.03551837  0.01754679  0.01754679  0.02947937  0.22047727  0.22047727  0.21273853  0.27703232  0.26868443  0.44598995  0.45660604  0.45660604  0.46737616  0.38529668  0.41502323  0.48939679  0.55967195  0.52370312  0.47830483  0.46737616  0.44598995  0.45660604  0.44598995  0.48939679  0.44598995  0.46737616  0.45660604  0.42520262  0.41502323  0.43552352  0.41502323  0.42520262  0.43552352  0.42520262  0.46737616  0.46737616  0.45660604  0.44598995  0.43552352  0.45660604  0.42520262  0.51209063  0.50065700  0.42520262  0.41502323  0.38529668  0.40498154  0.44598995  0.48939679  0.52370312  0.54748767  0.38529668  0.39507387  0.39507387  0.39507387  0.38529668  0.39507387  0.34742690  0.41502323  0.40498154  0.43552352  0.43552352  0.50065700  0.45660604  0.46737616  0.45660604  0.47830483  0.45660604  0.42520262  0.42520262  0.47830483  0.48939679  0.44598995  0.41502323  0.35671478  0.39507387  0.41502323  0.38529668  0.38529668  0.38529668  0.46737616  0.46737616  0.48939679  0.51209063  0.42520262  0.42520262  0.46737616  0.43552352  0.45660604  0.42520262  0.41502323  0.43552352  0.39507387  0.40498154  0.39507387  0.44598995  0.37564660  0.39507387  0.39507387  0.38529668  0.38529668  0.41502323  0.42520262  0.37564660  0.40498154  0.42520262  0.43552352  0.41502323  0.41502323  0.45660604  0.41502323  0.40498154  0.40498154  0.39507387  0.39507387  0.39507387  0.36612034  0.37564660  0.37564660  0.37564660  0.40498154  0.40498154  0.44598995  0.41502323  0.39507387  0.37564660  0.36612034  0.35671478  0.34742690  0.36612034  0.37564660  0.41502323  0.36612034  0.36612034  0.32024076  0.35671478  0.37564660  0.40498154  0.44598995  0.40498154  0.40498154  0.41502323  0.41502323  0.43552352  0.43552352  0.36612034  0.36612034  
51_0_0     0.03551837  0.00000000  0.04160690  0.02947937  0.04160690  0.21273853  0.23620104  0.22047727  0.28547516  0.27703232  0.42520262  0.43552352  0.42520262  0.42520262  0.35671478  0.39507387  0.46737616  0.53550015  0.52370312  0.43552352  0.42520262  0.40498154  0.43552352  0.41502323  0.46737616  0.40498154  0.46737616  0.44598995  0.44598995  0.43552352  0.44598995  0.41502323  0.44598995  0.41502323  0.39507387  0.46737616  0.46737616  0.46737616  0.40498154  0.40498154  0.39507387  0.43552352  0.48939679  0.46737616  0.37564660  0.37564660  0.36612034  0.38529668  0.43552352  0.47830483  0.50065700  0.51209063  0.37564660  0.37564660  0.37564660  0.39507387  0.37564660  0.36612034  0.37564660  0.39507387  0.41502323  0.44598995  0.42520262  0.45660604  0.45660604  0.46737616  0.45660604  0.45660604  0.47830483  0.42520262  0.41502323  0.43552352  0.44598995  0.41502323  0.40498154  0.33825379  0.38529668  0.40498154  0.36612034  0.35671478  0.35671478  0.44598995  0.43552352  0.44598995  0.46737616  0.42520262  0.42520262  0.47830483  0.45660604  0.50065700  0.44598995  0.44598995  0.44598995  0.41502323  0.40498154  0.41502323  0.42520262  0.38529668  0.38529668  0.37564660  0.38529668  0.38529668  0.37564660  0.40498154  0.37564660  0.37564660  0.41502323  0.42520262  0.42520262  0.40498154  0.40498154  0.41502323  0.40498154  0.39507387  0.35671478  0.35671478  0.35671478  0.34742690  0.36612034  0.36612034  0.36612034  0.40498154  0.40498154  0.41502323  0.38529668  0.39507387  0.37564660  0.35671478  0.33825379  0.34742690  0.35671478  0.36612034  0.38529668  0.32919264  0.33825379  0.33825379  0.32919264  0.35671478  0.39507387  0.45660604  0.39507387  0.39507387  0.42520262  0.43552352  0.44598995  0.40498154  0.33825379  0.33825379  
21_0_0     0.01754679  0.04160690  0.00000000  0.02348911  0.03551837  0.22047727  0.23620104  0.19749894  0.26868443  0.26042936  0.44598995  0.47830483  0.45660604  0.46737616  0.38529668  0.43552352  0.47830483  0.52370312  0.51209063  0.45660604  0.44598995  0.44598995  0.45660604  0.42520262  0.46737616  0.44598995  0.50065700  0.46737616  0.40498154  0.43552352  0.45660604  0.41502323  0.44598995  0.42520262  0.41502323  0.46737616  0.46737616  0.47830483  0.44598995  0.43552352  0.45660604  0.42520262  0.51209063  0.50065700  0.42520262  0.41502323  0.38529668  0.38529668  0.41502323  0.48939679  0.52370312  0.54748767  0.40498154  0.36612034  0.36612034  0.40498154  0.39507387  0.40498154  0.37564660  0.41502323  0.41502323  0.44598995  0.43552352  0.50065700  0.46737616  0.45660604  0.46737616  0.48939679  0.44598995  0.45660604  0.41502323  0.48939679  0.47830483  0.43552352  0.42520262  0.36612034  0.40498154  0.42520262  0.39507387  0.39507387  0.39507387  0.47830483  0.45660604  0.47830483  0.47830483  0.42520262  0.44598995  0.47830483  0.45660604  0.47830483  0.44598995  0.42520262  0.44598995  0.40498154  0.42520262  0.40498154  0.45660604  0.40498154  0.39507387  0.36612034  0.40498154  0.40498154  0.40498154  0.41502323  0.36612034  0.39507387  0.43552352  0.43552352  0.44598995  0.39507387  0.45660604  0.44598995  0.41502323  0.41502323  0.40498154  0.40498154  0.40498154  0.37564660  0.37564660  0.39507387  0.39507387  0.41502323  0.41502323  0.45660604  0.40498154  0.42520262  0.40498154  0.36612034  0.35671478  0.34742690  0.37564660  0.36612034  0.40498154  0.35671478  0.35671478  0.32919264  0.36612034  0.39507387  0.39507387  0.41502323  0.39507387  0.39507387  0.43552352  0.43552352  0.43552352  0.41502323  0.37564660  0.37564660  
6_0_0      0.01754679  0.02947937  0.02348911  0.00000000  0.01165165  0.22829753  0.24418961  0.22047727  0.27703232  0.26868443  0.44598995  0.47830483  0.45660604  0.44598995  0.38529668  0.41502323  0.46737616  0.57205955  0.53550015  0.45660604  0.46737616  0.42520262  0.43552352  0.42520262  0.46737616  0.42520262  0.46737616  0.45660604  0.41502323  0.41502323  0.43552352  0.39507387  0.42520262  0.43552352  0.39507387  0.46737616  0.46737616  0.47830483  0.44598995  0.42520262  0.42520262  0.45660604  0.50065700  0.46737616  0.39507387  0.38529668  0.37564660  0.37564660  0.43552352  0.50065700  0.51209063  0.53550015  0.39507387  0.36612034  0.36612034  0.39507387  0.38529668  0.39507387  0.35671478  0.40498154  0.41502323  0.44598995  0.44598995  0.48939679  0.46737616  0.45660604  0.46737616  0.48939679  0.48939679  0.45660604  0.42520262  0.47830483  0.48939679  0.41502323  0.40498154  0.35671478  0.39507387  0.40498154  0.38529668  0.38529668  0.38529668  0.48939679  0.46737616  0.47830483  0.50065700  0.41502323  0.43552352  0.46737616  0.44598995  0.48939679  0.43552352  0.42520262  0.46737616  0.40498154  0.39507387  0.40498154  0.43552352  0.38529668  0.38529668  0.40498154  0.38529668  0.38529668  0.42520262  0.41502323  0.38529668  0.39507387  0.45660604  0.45660604  0.42520262  0.40498154  0.44598995  0.43552352  0.42520262  0.42520262  0.36612034  0.36612034  0.36612034  0.35671478  0.36612034  0.36612034  0.36612034  0.42520262  0.42520262  0.44598995  0.41502323  0.41502323  0.39507387  0.33825379  0.32919264  0.33825379  0.35671478  0.36612034  0.38529668  0.33825379  0.33825379  0.34742690  0.33825379  0.36612034  0.43552352  0.43552352  0.43552352  0.43552352  0.42520262  0.42520262  0.42520262  0.42520262  0.34742690  0.34742690  
57_0_0     0.02947937  0.04160690  0.03551837  0.01165165  0.00000000  0.23620104  0.24418961  0.23620104  0.28547516  0.27703232  0.42520262  0.47830483  0.47830483  0.46737616  0.38529668  0.42520262  0.45660604  0.55967195  0.52370312  0.44598995  0.45660604  0.42520262  0.44598995  0.43552352  0.47830483  0.43552352  0.45660604  0.44598995  0.42520262  0.42520262  0.44598995  0.40498154  0.41502323  0.42520262  0.40498154  0.46737616  0.46737616  0.47830483  0.46737616  0.43552352  0.43552352  0.46737616  0.48939679  0.45660604  0.40498154  0.39507387  0.38529668  0.36612034  0.43552352  0.50065700  0.51209063  0.53550015  0.38529668  0.36612034  0.36612034  0.39507387  0.38529668  0.39507387  0.35671478  0.41502323  0.42520262  0.43552352  0.43552352  0.47830483  0.45660604  0.44598995  0.45660604  0.47830483  0.47830483  0.45660604  0.43552352  0.47830483  0.48939679  0.42520262  0.41502323  0.35671478  0.39507387  0.40498154  0.38529668  0.38529668  0.38529668  0.50065700  0.45660604  0.46737616  0.50065700  0.42520262  0.44598995  0.47830483  0.45660604  0.50065700  0.45660604  0.40498154  0.44598995  0.40498154  0.39507387  0.40498154  0.43552352  0.39507387  0.38529668  0.39507387  0.37564660  0.37564660  0.41502323  0.42520262  0.39507387  0.39507387  0.45660604  0.44598995  0.43552352  0.41502323  0.43552352  0.43552352  0.42520262  0.42520262  0.37564660  0.37564660  0.37564660  0.36612034  0.36612034  0.36612034  0.36612034  0.42520262  0.42520262  0.44598995  0.41502323  0.41502323  0.39507387  0.34742690  0.33825379  0.34742690  0.34742690  0.37564660  0.37564660  0.32919264  0.32919264  0.35671478  0.34742690  0.36612034  0.44598995  0.44598995  0.44598995  0.44598995  0.43552352  0.43552352  0.42520262  0.43552352  0.35671478  0.35671478  
24_0_0     0.22047727  0.21273853  0.22047727  0.22829753  0.23620104  0.00000000  0.03551837  0.08568489  0.17521056  0.16792736  0.47830483  0.42520262  0.41502323  0.42520262  0.45660604  0.44598995  0.51209063  0.48939679  0.48939679  0.45660604  0.43552352  0.46737616  0.45660604  0.43552352  0.47830483  0.45660604  0.51209063  0.47830483  0.45660604  0.44598995  0.44598995  0.42520262  0.43552352  0.42520262  0.43552352  0.46737616  0.46737616  0.43552352  0.43552352  0.38529668  0.38529668  0.40498154  0.46737616  0.48939679  0.40498154  0.40498154  0.39507387  0.40498154  0.34742690  0.40498154  0.40498154  0.44598995  0.38529668  0.34742690  0.34742690  0.35671478  0.39507387  0.39507387  0.41502323  0.46737616  0.42520262  0.44598995  0.44598995  0.48939679  0.43552352  0.47830483  0.44598995  0.44598995  0.42520262  0.42520262  0.41502323  0.38529668  0.36612034  0.43552352  0.42520262  0.36612034  0.36612034  0.36612034  0.33825379  0.33825379  0.33825379  0.42520262  0.42520262  0.42520262  0.46737616  0.46737616  0.44598995  0.48939679  0.46737616  0.44598995  0.38529668  0.42520262  0.40498154  0.36612034  0.35671478  0.34742690  0.39507387  0.41502323  0.40498154  0.35671478  0.40498154  0.40498154  0.37564660  0.41502323  0.36612034  0.36612034  0.35671478  0.39507387  0.39507387  0.42520262  0.40498154  0.43552352  0.43552352  0.40498154  0.37564660  0.39507387  0.39507387  0.36612034  0.34742690  0.34742690  0.34742690  0.41502323  0.41502323  0.39507387  0.40498154  0.41502323  0.41502323  0.36612034  0.37564660  0.37564660  0.34742690  0.39507387  0.38529668  0.35671478  0.35671478  0.35671478  0.35671478  0.46737616  0.33825379  0.34742690  0.34742690  0.34742690  0.39507387  0.39507387  0.41502323  0.39507387  0.37564660  0.37564660  
16_0_0     0.22047727  0.23620104  0.23620104  0.24418961  0.24418961  0.03551837  0.00000000  0.09877471  0.18256592  0.17521056  0.45660604  0.40498154  0.42520262  0.43552352  0.45660604  0.44598995  0.51209063  0.47830483  0.47830483  0.46737616  0.44598995  0.46737616  0.47830483  0.46737616  0.47830483  0.47830483  0.50065700  0.46737616  0.46737616  0.44598995  0.41502323  0.43552352  0.41502323  0.40498154  0.45660604  0.47830483  0.47830483  0.41502323  0.44598995  0.37564660  0.37564660  0.37564660  0.45660604  0.47830483  0.43552352  0.41502323  0.40498154  0.41502323  0.33825379  0.40498154  0.40498154  0.44598995  0.36612034  0.33825379  0.33825379  0.33825379  0.35671478  0.36612034  0.38529668  0.45660604  0.38529668  0.40498154  0.43552352  0.47830483  0.40498154  0.44598995  0.41502323  0.41502323  0.39507387  0.39507387  0.39507387  0.41502323  0.36612034  0.42520262  0.40498154  0.40498154  0.38529668  0.38529668  0.35671478  0.35671478  0.35671478  0.41502323  0.44598995  0.40498154  0.46737616  0.46737616  0.42520262  0.47830483  0.44598995  0.42520262  0.38529668  0.42520262  0.40498154  0.36612034  0.36612034  0.34742690  0.39507387  0.39507387  0.41502323  0.38529668  0.37564660  0.37564660  0.37564660  0.41502323  0.35671478  0.34742690  0.32919264  0.37564660  0.36612034  0.41502323  0.41502323  0.41502323  0.41502323  0.38529668  0.36612034  0.37564660  0.37564660  0.34742690  0.34742690  0.34742690  0.34742690  0.37564660  0.37564660  0.38529668  0.38529668  0.37564660  0.37564660  0.36612034  0.37564660  0.37564660  0.32919264  0.37564660  0.36612034  0.32919264  0.32919264  0.32919264  0.32919264  0.44598995  0.30265446  0.34742690  0.32919264  0.32919264  0.34742690  0.34742690  0.38529668  0.36612034  0.34742690  0.34742690  
41_0_0     0.21273853  0.22047727  0.19749894  0.22047727  0.23620104  0.08568489  0.09877471  0.00000000  0.15357189  0.14649692  0.50065700  0.43552352  0.42520262  0.43552352  0.46737616  0.47830483  0.54748767  0.45660604  0.47830483  0.45660604  0.45660604  0.47830483  0.46737616  0.43552352  0.46737616  0.48939679  0.50065700  0.44598995  0.42520262  0.46737616  0.45660604  0.43552352  0.42520262  0.39507387  0.41502323  0.48939679  0.48939679  0.44598995  0.44598995  0.38529668  0.38529668  0.38529668  0.47830483  0.47830483  0.40498154  0.37564660  0.36612034  0.38529668  0.39507387  0.40498154  0.40498154  0.46737616  0.41502323  0.34742690  0.34742690  0.35671478  0.41502323  0.44598995  0.44598995  0.47830483  0.42520262  0.45660604  0.44598995  0.50065700  0.46737616  0.47830483  0.47830483  0.45660604  0.42520262  0.43552352  0.41502323  0.42520262  0.38529668  0.46737616  0.44598995  0.44598995  0.41502323  0.43552352  0.39507387  0.41502323  0.41502323  0.42520262  0.44598995  0.46737616  0.54748767  0.51209063  0.48939679  0.51209063  0.51209063  0.46737616  0.37564660  0.44598995  0.44598995  0.37564660  0.36612034  0.37564660  0.42520262  0.41502323  0.40498154  0.38529668  0.39507387  0.39507387  0.40498154  0.39507387  0.38529668  0.39507387  0.41502323  0.38529668  0.43552352  0.44598995  0.47830483  0.45660604  0.45660604  0.40498154  0.37564660  0.38529668  0.38529668  0.37564660  0.38529668  0.36612034  0.36612034  0.43552352  0.43552352  0.42520262  0.42520262  0.43552352  0.43552352  0.36612034  0.37564660  0.37564660  0.36612034  0.40498154  0.40498154  0.35671478  0.35671478  0.33825379  0.34742690  0.45660604  0.37564660  0.36612034  0.36612034  0.36612034  0.39507387  0.39507387  0.44598995  0.37564660  0.38529668  0.38529668  
29_0_0     0.27703232  0.28547516  0.26868443  0.27703232  0.28547516  0.17521056  0.18256592  0.15357189  0.00000000  0.00580297  0.52370312  0.48939679  0.50065700  0.48939679  0.48939679  0.45660604  0.50065700  0.47830483  0.48939679  0.48939679  0.52370312  0.48939679  0.42520262  0.45660604  0.46737616  0.44598995  0.50065700  0.48939679  0.44598995  0.44598995  0.44598995  0.45660604  0.45660604  0.41502323  0.46737616  0.52370312  0.52370312  0.50065700  0.48939679  0.38529668  0.38529668  0.39507387  0.47830483  0.48939679  0.43552352  0.44598995  0.41502323  0.38529668  0.39507387  0.43552352  0.41502323  0.46737616  0.37564660  0.34742690  0.33825379  0.40498154  0.39507387  0.39507387  0.37564660  0.47830483  0.42520262  0.42520262  0.50065700  0.52370312  0.42520262  0.50065700  0.47830483  0.48939679  0.51209063  0.47830483  0.40498154  0.45660604  0.45660604  0.46737616  0.45660604  0.45660604  0.43552352  0.42520262  0.45660604  0.41502323  0.41502323  0.45660604  0.44598995  0.48939679  0.53550015  0.52370312  0.48939679  0.54748767  0.53550015  0.50065700  0.43552352  0.46737616  0.46737616  0.38529668  0.38529668  0.40498154  0.40498154  0.42520262  0.38529668  0.42520262  0.40498154  0.40498154  0.42520262  0.44598995  0.39507387  0.39507387  0.39507387  0.45660604  0.45660604  0.45660604  0.46737616  0.47830483  0.47830483  0.44598995  0.35671478  0.33825379  0.33825379  0.32919264  0.33825379  0.36612034  0.36612034  0.38529668  0.38529668  0.42520262  0.38529668  0.38529668  0.37564660  0.33825379  0.35671478  0.33825379  0.32919264  0.36612034  0.36612034  0.34742690  0.34742690  0.30265446  0.32024076  0.38529668  0.36612034  0.37564660  0.38529668  0.38529668  0.39507387  0.39507387  0.43552352  0.38529668  0.32919264  0.32919264  
53_0_0     0.26868443  0.27703232  0.26042936  0.26868443  0.27703232  0.16792736  0.17521056  0.14649692  0.00580297  0.00000000  0.51209063  0.47830483  0.48939679  0.47830483  0.47830483  0.44598995  0.48939679  0.46737616  0.47830483  0.47830483  0.51209063  0.47830483  0.41502323  0.44598995  0.45660604  0.43552352  0.48939679  0.47830483  0.43552352  0.43552352  0.43552352  0.44598995  0.44598995  0.40498154  0.45660604  0.51209063  0.51209063  0.48939679  0.47830483  0.37564660  0.37564660  0.38529668  0.46737616  0.47830483  0.42520262  0.43552352  0.40498154  0.37564660  0.38529668  0.42520262  0.40498154  0.45660604  0.36612034  0.33825379  0.32919264  0.39507387  0.38529668  0.38529668  0.36612034  0.46737616  0.41502323  0.41502323  0.48939679  0.51209063  0.41502323  0.48939679  0.46737616  0.47830483  0.50065700  0.46737616  0.39507387  0.44598995  0.44598995  0.45660604  0.44598995  0.44598995  0.42520262  0.41502323  0.44598995  0.40498154  0.40498154  0.44598995  0.43552352  0.47830483  0.52370312  0.51209063  0.47830483  0.53550015  0.52370312  0.48939679  0.42520262  0.45660604  0.45660604  0.37564660  0.37564660  0.39507387  0.39507387  0.41502323  0.37564660  0.41502323  0.39507387  0.39507387  0.41502323  0.43552352  0.38529668  0.38529668  0.38529668  0.44598995  0.44598995  0.44598995  0.45660604  0.46737616  0.46737616  0.43552352  0.34742690  0.32919264  0.32919264  0.32024076  0.32919264  0.35671478  0.35671478  0.37564660  0.37564660  0.41502323  0.37564660  0.37564660  0.36612034  0.32919264  0.34742690  0.32919264  0.32024076  0.35671478  0.35671478  0.33825379  0.33825379  0.29401512  0.31139553  0.37564660  0.35671478  0.36612034  0.37564660  0.37564660  0.38529668  0.38529668  0.42520262  0.37564660  0.32024076  0.32024076  
58_3_0     0.44598995  0.42520262  0.44598995  0.44598995  0.42520262  0.47830483  0.45660604  0.50065700  0.52370312  0.51209063  0.00000000  0.11209949  0.09877471  0.11885265  0.10540720  0.14649692  0.16071492  0.22829753  0.22829753  0.14649692  0.13948875  0.13254612  0.15357189  0.17521056  0.18256592  0.11885265  0.20507963  0.18999488  0.22829753  0.18256592  0.17521056  0.17521056  0.22047727  0.25226508  0.22829753  0.16792736  0.16792736  0.17521056  0.16071492  0.21273853  0.25226508  0.23620104  0.26868443  0.27703232  0.35671478  0.29401512  0.28547516  0.21273853  0.19749894  0.38529668  0.43552352  0.36612034  0.25226508  0.26042936  0.25226508  0.26042936  0.24418961  0.25226508  0.22047727  0.33825379  0.26042936  0.24418961  0.20507963  0.22829753  0.30265446  0.27703232  0.30265446  0.32024076  0.29401512  0.27703232  0.34742690  0.34742690  0.31139553  0.28547516  0.28547516  0.26868443  0.24418961  0.24418961  0.28547516  0.26868443  0.26868443  0.32919264  0.27703232  0.30265446  0.30265446  0.32024076  0.31139553  0.32024076  0.32919264  0.33825379  0.32024076  0.35671478  0.37564660  0.31139553  0.32919264  0.31139553  0.32024076  0.30265446  0.28547516  0.25226508  0.23620104  0.22829753  0.26868443  0.27703232  0.29401512  0.26042936  0.26868443  0.25226508  0.31139553  0.28547516  0.25226508  0.33825379  0.33825379  0.35671478  0.29401512  0.25226508  0.25226508  0.25226508  0.34742690  0.33825379  0.33825379  0.25226508  0.25226508  0.26868443  0.23620104  0.23620104  0.23620104  0.31139553  0.30265446  0.29401512  0.31139553  0.29401512  0.28547516  0.24418961  0.25226508  0.32024076  0.26042936  0.24418961  0.36612034  0.34742690  0.32919264  0.32919264  0.33825379  0.33825379  0.32024076  0.31139553  0.26042936  0.26042936  
10_3_0     0.45660604  0.43552352  0.47830483  0.47830483  0.47830483  0.42520262  0.40498154  0.43552352  0.48939679  0.47830483  0.11209949  0.00000000  0.09220095  0.08568489  0.11885265  0.14649692  0.20507963  0.25226508  0.26868443  0.16792736  0.16071492  0.15357189  0.16792736  0.18999488  0.21273853  0.15357189  0.18999488  0.18999488  0.27703232  0.23620104  0.22829753  0.22829753  0.20507963  0.22829753  0.22047727  0.19749894  0.19749894  0.18999488  0.17521056  0.21273853  0.22047727  0.22047727  0.31139553  0.30265446  0.32024076  0.28547516  0.27703232  0.22047727  0.18999488  0.35671478  0.37564660  0.36612034  0.29401512  0.29401512  0.30265446  0.25226508  0.27703232  0.26868443  0.27703232  0.31139553  0.29401512  0.28547516  0.29401512  0.27703232  0.32919264  0.30265446  0.32919264  0.31139553  0.30265446  0.35671478  0.39507387  0.30265446  0.29401512  0.32919264  0.32024076  0.29401512  0.26868443  0.26868443  0.27703232  0.26042936  0.26042936  0.31139553  0.28547516  0.31139553  0.37564660  0.36612034  0.34742690  0.33825379  0.33825379  0.36612034  0.29401512  0.34742690  0.31139553  0.31139553  0.31139553  0.29401512  0.27703232  0.27703232  0.33825379  0.24418961  0.21273853  0.20507963  0.26042936  0.25226508  0.26042936  0.29401512  0.26868443  0.26042936  0.29401512  0.27703232  0.26042936  0.31139553  0.28547516  0.30265446  0.29401512  0.25226508  0.25226508  0.25226508  0.32919264  0.32024076  0.32024076  0.25226508  0.26868443  0.27703232  0.26868443  0.25226508  0.25226508  0.31139553  0.32024076  0.32919264  0.32024076  0.26868443  0.29401512  0.26868443  0.27703232  0.32024076  0.25226508  0.32024076  0.29401512  0.32919264  0.26042936  0.26042936  0.30265446  0.30265446  0.32919264  0.29401512  0.26042936  0.26042936  
2_3_0      0.45660604  0.42520262  0.45660604  0.45660604  0.47830483  0.41502323  0.42520262  0.42520262  0.50065700  0.48939679  0.09877471  0.09220095  0.00000000  0.02947937  0.13948875  0.18256592  0.18256592  0.26042936  0.27703232  0.18999488  0.16792736  0.14649692  0.16071492  0.18256592  0.25226508  0.13948875  0.21273853  0.21273853  0.26868443  0.18999488  0.22829753  0.21273853  0.20507963  0.23620104  0.21273853  0.22047727  0.22047727  0.20507963  0.16071492  0.19749894  0.23620104  0.23620104  0.31139553  0.28547516  0.28547516  0.26868443  0.27703232  0.21273853  0.21273853  0.32919264  0.39507387  0.32919264  0.30265446  0.27703232  0.27703232  0.26042936  0.25226508  0.26042936  0.26042936  0.34742690  0.32024076  0.32024076  0.29401512  0.30265446  0.32024076  0.27703232  0.28547516  0.30265446  0.29401512  0.32919264  0.35671478  0.32024076  0.32024076  0.31139553  0.31139553  0.28547516  0.24418961  0.26042936  0.26868443  0.25226508  0.25226508  0.28547516  0.26868443  0.32024076  0.32919264  0.33825379  0.32024076  0.39507387  0.36612034  0.37564660  0.32024076  0.37564660  0.33825379  0.32024076  0.32024076  0.29401512  0.30265446  0.29401512  0.30265446  0.24418961  0.22047727  0.21273853  0.28547516  0.27703232  0.25226508  0.26868443  0.26042936  0.25226508  0.27703232  0.26868443  0.22047727  0.31139553  0.31139553  0.31139553  0.26868443  0.26042936  0.26042936  0.26042936  0.30265446  0.31139553  0.31139553  0.27703232  0.26042936  0.27703232  0.26042936  0.26042936  0.26042936  0.31139553  0.32024076  0.31139553  0.30265446  0.28547516  0.29401512  0.27703232  0.26868443  0.28547516  0.26042936  0.32024076  0.34742690  0.28547516  0.28547516  0.28547516  0.33825379  0.33825379  0.32919264  0.32919264  0.27703232  0.27703232  
23_3_0     0.46737616  0.42520262  0.46737616  0.44598995  0.46737616  0.42520262  0.43552352  0.43552352  0.48939679  0.47830483  0.11885265  0.08568489  0.02947937  0.00000000  0.12566781  0.16792736  0.18256592  0.26868443  0.28547516  0.17521056  0.16792736  0.13254612  0.16071492  0.16792736  0.22047727  0.13254612  0.19749894  0.21273853  0.23620104  0.20507963  0.22829753  0.19749894  0.18999488  0.22829753  0.18999488  0.21273853  0.21273853  0.20507963  0.16792736  0.19749894  0.22047727  0.23620104  0.28547516  0.27703232  0.28547516  0.24418961  0.25226508  0.21273853  0.21273853  0.33825379  0.37564660  0.32919264  0.30265446  0.27703232  0.27703232  0.25226508  0.23620104  0.24418961  0.25226508  0.34742690  0.29401512  0.29401512  0.30265446  0.28547516  0.32919264  0.30265446  0.29401512  0.32919264  0.32024076  0.33825379  0.33825379  0.31139553  0.31139553  0.30265446  0.28547516  0.29401512  0.26868443  0.26042936  0.29401512  0.26042936  0.26042936  0.31139553  0.30265446  0.30265446  0.34742690  0.35671478  0.35671478  0.41502323  0.40498154  0.41502323  0.31139553  0.36612034  0.34742690  0.31139553  0.31139553  0.30265446  0.29401512  0.28547516  0.29401512  0.25226508  0.21273853  0.20507963  0.27703232  0.25226508  0.26868443  0.27703232  0.28547516  0.25226508  0.29401512  0.26042936  0.22829753  0.30265446  0.31139553  0.31139553  0.26042936  0.25226508  0.25226508  0.25226508  0.30265446  0.31139553  0.31139553  0.28547516  0.26868443  0.29401512  0.26868443  0.26868443  0.26868443  0.32024076  0.31139553  0.30265446  0.29401512  0.29401512  0.28547516  0.26042936  0.26868443  0.28547516  0.23620104  0.32024076  0.35671478  0.29401512  0.29401512  0.29401512  0.32919264  0.32919264  0.30265446  0.32024076  0.27703232  0.27703232  
20_3_0     0.38529668  0.35671478  0.38529668  0.38529668  0.38529668  0.45660604  0.45660604  0.46737616  0.48939679  0.47830483  0.10540720  0.11885265  0.13948875  0.12566781  0.00000000  0.09220095  0.14649692  0.22047727  0.20507963  0.10540720  0.09877471  0.12566781  0.13948875  0.13254612  0.16792736  0.11209949  0.17521056  0.20507963  0.21273853  0.17521056  0.19749894  0.18256592  0.22829753  0.20507963  0.18999488  0.16071492  0.16071492  0.17521056  0.16792736  0.21273853  0.20507963  0.23620104  0.29401512  0.26868443  0.26042936  0.25226508  0.24418961  0.18999488  0.26042936  0.34742690  0.35671478  0.34742690  0.26042936  0.28547516  0.29401512  0.26868443  0.24418961  0.22829753  0.23620104  0.35671478  0.24418961  0.26042936  0.25226508  0.20507963  0.35671478  0.35671478  0.32919264  0.32919264  0.34742690  0.29401512  0.30265446  0.32024076  0.32024076  0.26868443  0.26042936  0.27703232  0.26042936  0.27703232  0.26042936  0.26868443  0.26868443  0.32919264  0.30265446  0.33825379  0.35671478  0.34742690  0.32024076  0.37564660  0.34742690  0.38529668  0.33825379  0.34742690  0.32919264  0.32919264  0.34742690  0.34742690  0.34742690  0.31139553  0.29401512  0.22829753  0.24418961  0.23620104  0.24418961  0.23620104  0.26868443  0.24418961  0.25226508  0.22047727  0.32024076  0.23620104  0.22047727  0.32024076  0.31139553  0.33825379  0.26868443  0.26042936  0.26042936  0.26042936  0.31139553  0.35671478  0.35671478  0.29401512  0.29401512  0.30265446  0.26042936  0.27703232  0.26868443  0.34742690  0.33825379  0.32919264  0.29401512  0.25226508  0.26042936  0.23620104  0.24418961  0.32024076  0.25226508  0.26868443  0.30265446  0.31139553  0.24418961  0.24418961  0.29401512  0.30265446  0.27703232  0.27703232  0.26042936  0.26042936  
9_3_0      0.41502323  0.39507387  0.43552352  0.41502323  0.42520262  0.44598995  0.44598995  0.47830483  0.45660604  0.44598995  0.14649692  0.14649692  0.18256592  0.16792736  0.09220095  0.00000000  0.13254612  0.22047727  0.22047727  0.07922552  0.08568489  0.11885265  0.09220095  0.11209949  0.09220095  0.06647300  0.14649692  0.14649692  0.17521056  0.12566781  0.13948875  0.13948875  0.18256592  0.15357189  0.13948875  0.20507963  0.20507963  0.22829753  0.20507963  0.22047727  0.22829753  0.24418961  0.32024076  0.31139553  0.31139553  0.30265446  0.29401512  0.21273853  0.25226508  0.33825379  0.33825379  0.29401512  0.26868443  0.28547516  0.29401512  0.30265446  0.27703232  0.24418961  0.25226508  0.31139553  0.26868443  0.27703232  0.26042936  0.26042936  0.31139553  0.33825379  0.32024076  0.32919264  0.32919264  0.30265446  0.32024076  0.35671478  0.37564660  0.29401512  0.30265446  0.30265446  0.30265446  0.30265446  0.28547516  0.28547516  0.28547516  0.33825379  0.28547516  0.30265446  0.36612034  0.38529668  0.32024076  0.35671478  0.32919264  0.37564660  0.32024076  0.34742690  0.34742690  0.32024076  0.32919264  0.32024076  0.32919264  0.32024076  0.33825379  0.25226508  0.25226508  0.24418961  0.25226508  0.25226508  0.26868443  0.29401512  0.25226508  0.26042936  0.30265446  0.27703232  0.26868443  0.35671478  0.31139553  0.34742690  0.32024076  0.32024076  0.32024076  0.32024076  0.35671478  0.35671478  0.35671478  0.29401512  0.29401512  0.32024076  0.29401512  0.27703232  0.27703232  0.32919264  0.34742690  0.35671478  0.35671478  0.32919264  0.29401512  0.28547516  0.29401512  0.32024076  0.32024076  0.24418961  0.33825379  0.33825379  0.29401512  0.29401512  0.32919264  0.32919264  0.30265446  0.32024076  0.26042936  0.26042936  
46_3_0     0.48939679  0.46737616  0.47830483  0.46737616  0.45660604  0.51209063  0.51209063  0.54748767  0.50065700  0.48939679  0.16071492  0.20507963  0.18256592  0.18256592  0.14649692  0.13254612  0.00000000  0.26868443  0.25226508  0.12566781  0.13254612  0.14649692  0.14649692  0.15357189  0.18256592  0.12566781  0.18999488  0.22047727  0.20507963  0.18256592  0.18256592  0.16071492  0.19749894  0.20507963  0.21273853  0.23620104  0.23620104  0.26042936  0.22047727  0.25226508  0.27703232  0.29401512  0.39507387  0.38529668  0.35671478  0.30265446  0.30265446  0.21273853  0.28547516  0.39507387  0.41502323  0.35671478  0.32919264  0.29401512  0.30265446  0.35671478  0.32024076  0.31139553  0.28547516  0.36612034  0.33825379  0.32919264  0.32024076  0.31139553  0.33825379  0.33825379  0.35671478  0.40498154  0.38529668  0.39507387  0.37564660  0.34742690  0.35671478  0.33825379  0.34742690  0.32919264  0.31139553  0.33825379  0.32024076  0.31139553  0.31139553  0.36612034  0.32024076  0.40498154  0.40498154  0.37564660  0.35671478  0.41502323  0.42520262  0.42520262  0.40498154  0.40498154  0.42520262  0.40498154  0.41502323  0.37564660  0.37564660  0.38529668  0.38529668  0.29401512  0.26868443  0.26042936  0.35671478  0.32919264  0.32919264  0.27703232  0.26868443  0.32024076  0.37564660  0.29401512  0.27703232  0.35671478  0.32919264  0.35671478  0.35671478  0.34742690  0.34742690  0.34742690  0.35671478  0.39507387  0.39507387  0.33825379  0.32024076  0.34742690  0.32024076  0.32024076  0.31139553  0.34742690  0.36612034  0.35671478  0.38529668  0.36612034  0.34742690  0.32024076  0.32919264  0.39507387  0.34742690  0.32919264  0.44598995  0.32919264  0.35671478  0.36612034  0.40498154  0.40498154  0.32919264  0.34742690  0.30265446  0.30265446  
7_3_0      0.55967195  0.53550015  0.52370312  0.57205955  0.55967195  0.48939679  0.47830483  0.45660604  0.47830483  0.46737616  0.22829753  0.25226508  0.26042936  0.26868443  0.22047727  0.22047727  0.26868443  0.00000000  0.01754679  0.17521056  0.17521056  0.22047727  0.21273853  0.22829753  0.24418961  0.21273853  0.26042936  0.25226508  0.28547516  0.29401512  0.29401512  0.29401512  0.31139553  0.26042936  0.29401512  0.26868443  0.26868443  0.33825379  0.30265446  0.26868443  0.27703232  0.30265446  0.34742690  0.33825379  0.38529668  0.34742690  0.33825379  0.27703232  0.23620104  0.35671478  0.38529668  0.32919264  0.35671478  0.32024076  0.31139553  0.28547516  0.32024076  0.31139553  0.30265446  0.43552352  0.31139553  0.31139553  0.32919264  0.31139553  0.32024076  0.37564660  0.32919264  0.32919264  0.32024076  0.34742690  0.38529668  0.39507387  0.37564660  0.35671478  0.35671478  0.38529668  0.32024076  0.33825379  0.34742690  0.32919264  0.32919264  0.36612034  0.34742690  0.34742690  0.33825379  0.45660604  0.43552352  0.45660604  0.45660604  0.43552352  0.40498154  0.44598995  0.42520262  0.42520262  0.44598995  0.42520262  0.40498154  0.40498154  0.38529668  0.27703232  0.28547516  0.27703232  0.24418961  0.26042936  0.27703232  0.32919264  0.29401512  0.30265446  0.36612034  0.37564660  0.33825379  0.40498154  0.41502323  0.38529668  0.32919264  0.32024076  0.32024076  0.32919264  0.43552352  0.44598995  0.44598995  0.33825379  0.34742690  0.36612034  0.32024076  0.33825379  0.33825379  0.42520262  0.43552352  0.41502323  0.36612034  0.32919264  0.32919264  0.33825379  0.34742690  0.35671478  0.36612034  0.34742690  0.36612034  0.33825379  0.31139553  0.31139553  0.37564660  0.37564660  0.35671478  0.32919264  0.36612034  0.36612034  
11_3_0     0.52370312  0.52370312  0.51209063  0.53550015  0.52370312  0.48939679  0.47830483  0.47830483  0.48939679  0.47830483  0.22829753  0.26868443  0.27703232  0.28547516  0.20507963  0.22047727  0.25226508  0.01754679  0.00000000  0.17521056  0.17521056  0.22047727  0.19749894  0.22829753  0.24418961  0.21273853  0.23620104  0.24418961  0.26868443  0.27703232  0.27703232  0.27703232  0.31139553  0.26868443  0.30265446  0.25226508  0.25226508  0.32024076  0.30265446  0.26868443  0.27703232  0.30265446  0.36612034  0.35671478  0.38529668  0.34742690  0.33825379  0.26042936  0.24418961  0.37564660  0.40498154  0.34742690  0.35671478  0.32919264  0.32024076  0.27703232  0.32919264  0.32024076  0.27703232  0.43552352  0.32024076  0.32024076  0.32919264  0.31139553  0.31139553  0.38529668  0.32024076  0.32024076  0.32919264  0.33825379  0.36612034  0.40498154  0.40498154  0.34742690  0.32919264  0.36612034  0.30265446  0.32024076  0.32919264  0.31139553  0.31139553  0.35671478  0.33825379  0.35671478  0.34742690  0.42520262  0.40498154  0.42520262  0.42520262  0.40498154  0.40498154  0.43552352  0.41502323  0.43552352  0.43552352  0.43552352  0.41502323  0.39507387  0.38529668  0.28547516  0.27703232  0.26868443  0.25226508  0.26868443  0.27703232  0.33825379  0.30265446  0.31139553  0.35671478  0.35671478  0.33825379  0.39507387  0.42520262  0.37564660  0.32919264  0.32024076  0.32024076  0.32919264  0.43552352  0.44598995  0.44598995  0.35671478  0.36612034  0.36612034  0.33825379  0.33825379  0.33825379  0.41502323  0.42520262  0.40498154  0.34742690  0.32919264  0.32919264  0.35671478  0.36612034  0.37564660  0.36612034  0.35671478  0.38529668  0.33825379  0.32919264  0.32919264  0.38529668  0.38529668  0.34742690  0.33825379  0.35671478  0.35671478  
34_3_0     0.47830483  0.43552352  0.45660604  0.45660604  0.44598995  0.45660604  0.46737616  0.45660604  0.48939679  0.47830483  0.14649692  0.16792736  0.18999488  0.17521056  0.10540720  0.07922552  0.12566781  0.17521056  0.17521056  0.00000000  0.01754679  0.11885265  0.12566781  0.11209949  0.11209949  0.10540720  0.18256592  0.15357189  0.18999488  0.17521056  0.18256592  0.15357189  0.21273853  0.18256592  0.15357189  0.21273853  0.21273853  0.24418961  0.21273853  0.21273853  0.22829753  0.27703232  0.31139553  0.28547516  0.29401512  0.26042936  0.26042936  0.18256592  0.19749894  0.37564660  0.39507387  0.32024076  0.29401512  0.27703232  0.28547516  0.28547516  0.31139553  0.27703232  0.28547516  0.36612034  0.29401512  0.30265446  0.26868443  0.26042936  0.31139553  0.31139553  0.31139553  0.32919264  0.31139553  0.31139553  0.32919264  0.34742690  0.34742690  0.30265446  0.32919264  0.32024076  0.28547516  0.30265446  0.26868443  0.28547516  0.28547516  0.37564660  0.29401512  0.31139553  0.34742690  0.39507387  0.35671478  0.39507387  0.39507387  0.40498154  0.34742690  0.35671478  0.37564660  0.35671478  0.35671478  0.35671478  0.35671478  0.37564660  0.32024076  0.25226508  0.24418961  0.23620104  0.23620104  0.22047727  0.26868443  0.27703232  0.26868443  0.24418961  0.34742690  0.29401512  0.26868443  0.35671478  0.32919264  0.34742690  0.31139553  0.32024076  0.32024076  0.32024076  0.38529668  0.36612034  0.36612034  0.30265446  0.31139553  0.32024076  0.29401512  0.29401512  0.29401512  0.34742690  0.36612034  0.37564660  0.34742690  0.32024076  0.31139553  0.27703232  0.28547516  0.36612034  0.30265446  0.27703232  0.32919264  0.30265446  0.26868443  0.26868443  0.32919264  0.32919264  0.29401512  0.30265446  0.28547516  0.28547516  
54_3_0     0.46737616  0.42520262  0.44598995  0.46737616  0.45660604  0.43552352  0.44598995  0.45660604  0.52370312  0.51209063  0.13948875  0.16071492  0.16792736  0.16792736  0.09877471  0.08568489  0.13254612  0.17521056  0.17521056  0.01754679  0.00000000  0.11209949  0.13254612  0.11885265  0.11885265  0.11209949  0.19749894  0.15357189  0.18256592  0.16792736  0.17521056  0.14649692  0.20507963  0.19749894  0.16792736  0.20507963  0.20507963  0.23620104  0.22047727  0.23620104  0.25226508  0.26868443  0.31139553  0.30265446  0.31139553  0.27703232  0.27703232  0.20507963  0.21273853  0.36612034  0.40498154  0.31139553  0.29401512  0.28547516  0.30265446  0.29401512  0.32024076  0.28547516  0.30265446  0.35671478  0.31139553  0.32024076  0.26042936  0.26868443  0.32919264  0.31139553  0.31139553  0.31139553  0.29401512  0.29401512  0.32024076  0.33825379  0.33825379  0.30265446  0.32919264  0.30265446  0.26868443  0.29401512  0.25226508  0.26868443  0.26868443  0.36612034  0.27703232  0.31139553  0.32919264  0.37564660  0.33825379  0.39507387  0.37564660  0.38529668  0.35671478  0.35671478  0.35671478  0.35671478  0.35671478  0.35671478  0.35671478  0.37564660  0.32919264  0.23620104  0.26042936  0.25226508  0.23620104  0.23620104  0.26868443  0.27703232  0.26868443  0.23620104  0.34742690  0.28547516  0.26042936  0.35671478  0.32024076  0.33825379  0.32919264  0.33825379  0.33825379  0.33825379  0.38529668  0.36612034  0.36612034  0.30265446  0.31139553  0.32024076  0.29401512  0.29401512  0.29401512  0.33825379  0.35671478  0.36612034  0.34742690  0.32024076  0.32919264  0.29401512  0.30265446  0.34742690  0.32024076  0.30265446  0.32919264  0.32024076  0.26868443  0.26868443  0.35671478  0.35671478  0.30265446  0.31139553  0.30265446  0.30265446  
26_13_0    0.44598995  0.40498154  0.44598995  0.42520262  0.42520262  0.46737616  0.46737616  0.47830483  0.48939679  0.47830483  0.13254612  0.15357189  0.14649692  0.13254612  0.12566781  0.11885265  0.14649692  0.22047727  0.22047727  0.11885265  0.11209949  0.00000000  0.07282188  0.10540720  0.12566781  0.06017795  0.18256592  0.16071492  0.18999488  0.16792736  0.18999488  0.14649692  0.18256592  0.20507963  0.18256592  0.20507963  0.20507963  0.22047727  0.19749894  0.24418961  0.26868443  0.25226508  0.31139553  0.32024076  0.32919264  0.29401512  0.28547516  0.22047727  0.24418961  0.36612034  0.38529668  0.29401512  0.24418961  0.27703232  0.26042936  0.29401512  0.26868443  0.26868443  0.28547516  0.36612034  0.33825379  0.33825379  0.30265446  0.31139553  0.34742690  0.34742690  0.34742690  0.35671478  0.37564660  0.32919264  0.32919264  0.37564660  0.37564660  0.32919264  0.31139553  0.29401512  0.27703232  0.26042936  0.29401512  0.26042936  0.26042936  0.34742690  0.31139553  0.31139553  0.32024076  0.34742690  0.32919264  0.40498154  0.38529668  0.39507387  0.31139553  0.34742690  0.38529668  0.36612034  0.35671478  0.32919264  0.29401512  0.31139553  0.30265446  0.29401512  0.22047727  0.22829753  0.30265446  0.27703232  0.27703232  0.32024076  0.31139553  0.32024076  0.34742690  0.31139553  0.27703232  0.34742690  0.34742690  0.34742690  0.31139553  0.29401512  0.29401512  0.29401512  0.34742690  0.34742690  0.34742690  0.34742690  0.32919264  0.35671478  0.32919264  0.32919264  0.31139553  0.29401512  0.29401512  0.28547516  0.37564660  0.35671478  0.34742690  0.32024076  0.32919264  0.34742690  0.32024076  0.32919264  0.40498154  0.31139553  0.33825379  0.33825379  0.35671478  0.35671478  0.33825379  0.36612034  0.29401512  0.29401512  
