105
94_0_0     0.00000000  0.43453950  0.45464667  0.43453950  0.45464667  0.44452347  0.45976170  0.45464667  0.47010117  0.45976170  0.47532666  0.44956742  0.44956742  0.45976170  0.49661306  0.48059003  0.48589185  0.50203364  0.58250550  0.53543559  0.52976078  0.60097448  0.61355344  0.60723671  0.57044883  0.63284024  0.63938475  0.61355344  0.63938475  0.64598879  0.63284024  0.60723671  0.60097448  0.61992561  0.63284024  0.62635421  0.63284024  0.63284024  0.62635421  0.58860977  0.61355344  0.65937989  0.65265347  0.63938475  0.63284024  0.61992561  0.61992561  0.73780166  0.57044883  0.57044883  0.57044883  0.55858912  0.57044883  0.57044883  0.57044883  0.58860977  0.58250550  0.52976078  0.52976078  0.51299775  0.54115511  0.52976078  0.55858912  0.58860977  0.58250550  0.57645214  0.57044883  0.61355344  0.57044883  0.54692006  0.55273114  0.56449476  0.59476580  0.57044883  0.50203364  0.52976078  0.47010117  0.51299775  0.48589185  0.55858912  0.55273114  0.58860977  0.50749500  0.51299775  0.48059003  0.46491303  0.53543559  0.57645214  0.57044883  0.55858912  0.58250550  0.57645214  0.58250550  0.59476580  0.56449476  0.57044883  0.60723671  0.55858912  0.58250550  0.57645214  0.63938475  0.63284024  0.59476580  0.58250550  0.60723671  
93_47_0    0.43453950  0.00000000  0.01653567  0.03345679  0.12778007  0.29923523  0.30751180  0.31168574  0.25921128  0.26704149  0.26704149  0.25921128  0.25146464  0.26704149  0.30336172  0.30336172  0.29105197  0.40538590  0.53543559  0.51299775  0.51299775  0.54115511  0.51299775  0.53543559  0.50203364  0.51299775  0.51299775  0.58250550  0.58250550  0.58860977  0.58860977  0.58860977  0.51854253  0.52976078  0.53543559  0.51854253  0.52412999  0.55273114  0.55273114  0.47532666  0.52412999  0.52412999  0.47532666  0.49123266  0.48059003  0.49123266  0.44452347  0.65937989  0.50203364  0.51854253  0.51854253  0.50749500  0.52412999  0.52412999  0.53543559  0.50203364  0.50749500  0.50203364  0.54115511  0.49123266  0.50203364  0.48589185  0.48589185  0.50203364  0.50749500  0.52976078  0.55273114  0.57044883  0.48589185  0.48589185  0.54115511  0.52976078  0.58250550  0.52412999  0.48059003  0.52976078  0.49661306  0.49123266  0.45464667  0.56449476  0.54115511  0.53543559  0.51854253  0.51299775  0.50749500  0.49123266  0.54115511  0.55273114  0.52976078  0.51299775  0.49661306  0.49123266  0.51854253  0.51299775  0.53543559  0.55273114  0.54115511  0.49123266  0.55858912  0.54692006  0.50749500  0.53543559  0.56449476  0.52976078  0.51854253  
93_46_0    0.45464667  0.01653567  0.00000000  0.04496070  0.14089462  0.30751180  0.31588381  0.32010630  0.26311583  0.27098849  0.27098849  0.26704149  0.25921128  0.27495707  0.30751180  0.30751180  0.29513207  0.40538590  0.54692006  0.52412999  0.52412999  0.55273114  0.52412999  0.54692006  0.51299775  0.52412999  0.51854253  0.58860977  0.58860977  0.58250550  0.58250550  0.58250550  0.51854253  0.53543559  0.54115511  0.54115511  0.54692006  0.57044883  0.57645214  0.48059003  0.53543559  0.54115511  0.49123266  0.50749500  0.49661306  0.50749500  0.44956742  0.67302265  0.50203364  0.51854253  0.52412999  0.51299775  0.52412999  0.52412999  0.53543559  0.50203364  0.51854253  0.50203364  0.54115511  0.50203364  0.51299775  0.49661306  0.49661306  0.50749500  0.51299775  0.53543559  0.55858912  0.57044883  0.49661306  0.49661306  0.54692006  0.54115511  0.59476580  0.52412999  0.48589185  0.53543559  0.51299775  0.50749500  0.47010117  0.57044883  0.55273114  0.54692006  0.52412999  0.51854253  0.51299775  0.49661306  0.55273114  0.56449476  0.54115511  0.51854253  0.50203364  0.49661306  0.52412999  0.50749500  0.54115511  0.55858912  0.55273114  0.51299775  0.57044883  0.55858912  0.52976078  0.55858912  0.58250550  0.54692006  0.53543559  
95_46_0    0.43453950  0.03345679  0.04496070  0.00000000  0.12131059  0.28699467  0.28699467  0.29923523  0.24762209  0.25532763  0.25532763  0.24762209  0.23999749  0.25532763  0.29105197  0.28699467  0.27495707  0.40063879  0.49661306  0.49661306  0.49661306  0.51854253  0.49123266  0.50203364  0.50203364  0.52412999  0.50203364  0.57645214  0.57645214  0.58860977  0.58860977  0.57645214  0.54115511  0.54692006  0.54115511  0.53543559  0.54115511  0.55858912  0.57044883  0.47532666  0.52976078  0.52976078  0.49661306  0.51299775  0.50203364  0.50203364  0.43951432  0.65937989  0.49661306  0.51854253  0.51299775  0.50749500  0.52976078  0.52976078  0.54115511  0.49661306  0.51299775  0.50749500  0.51299775  0.48589185  0.49661306  0.48589185  0.47010117  0.51854253  0.52412999  0.52412999  0.57645214  0.55273114  0.50749500  0.50749500  0.55273114  0.52412999  0.56449476  0.52412999  0.48059003  0.52976078  0.51854253  0.50749500  0.47532666  0.56449476  0.54115511  0.54115511  0.50749500  0.50203364  0.48589185  0.48059003  0.50749500  0.51854253  0.49661306  0.52412999  0.48589185  0.49123266  0.53543559  0.51299775  0.53543559  0.55273114  0.55858912  0.50749500  0.57044883  0.55858912  0.52412999  0.54115511  0.54692006  0.53543559  0.52412999  
100_46_0   0.45464667  0.12778007  0.14089462  0.12131059  0.00000000  0.32435350  0.31588381  0.32862569  0.28699467  0.28699467  0.29513207  0.27495707  0.27495707  0.28295992  0.32435350  0.31588381  0.31168574  0.40538590  0.56449476  0.52976078  0.51854253  0.56449476  0.53543559  0.58250550  0.54115511  0.52412999  0.54692006  0.56449476  0.54115511  0.60097448  0.60097448  0.61992561  0.56449476  0.54692006  0.55273114  0.52976078  0.53543559  0.57645214  0.57044883  0.49661306  0.51854253  0.57645214  0.53543559  0.53543559  0.50203364  0.52412999  0.46491303  0.61992561  0.55273114  0.55273114  0.53543559  0.55858912  0.54115511  0.54115511  0.56449476  0.58250550  0.57645214  0.55273114  0.60097448  0.54115511  0.54115511  0.53543559  0.50749500  0.51854253  0.52412999  0.54115511  0.57044883  0.57044883  0.58860977  0.56449476  0.54692006  0.52412999  0.57645214  0.53543559  0.51299775  0.58250550  0.52976078  0.57044883  0.51854253  0.55858912  0.58860977  0.60723671  0.51299775  0.50749500  0.50749500  0.50203364  0.52976078  0.55858912  0.53543559  0.55273114  0.51299775  0.52412999  0.54692006  0.54692006  0.61992561  0.63938475  0.57645214  0.53543559  0.57645214  0.56449476  0.56449476  0.56449476  0.60723671  0.59476580  0.58860977  
96_51_0    0.44452347  0.29923523  0.30751180  0.28699467  0.32435350  0.00000000  0.01653567  0.02494693  0.19585870  0.20303130  0.19943614  0.27495707  0.27495707  0.27495707  0.29105197  0.28699467  0.29105197  0.37735800  0.49661306  0.51854253  0.50203364  0.52412999  0.51854253  0.54115511  0.49661306  0.51299775  0.54692006  0.55273114  0.57044883  0.58860977  0.58860977  0.60097448  0.52976078  0.53543559  0.54115511  0.54115511  0.54692006  0.53543559  0.53543559  0.52412999  0.54115511  0.56449476  0.55273114  0.55273114  0.54115511  0.51854253  0.53543559  0.61355344  0.50749500  0.52412999  0.51854253  0.54115511  0.55858912  0.55858912  0.52976078  0.51854253  0.50749500  0.53543559  0.53543559  0.52976078  0.53543559  0.52976078  0.50203364  0.47532666  0.48589185  0.53543559  0.54115511  0.56449476  0.54115511  0.53543559  0.52976078  0.53543559  0.57044883  0.54692006  0.50203364  0.54115511  0.53543559  0.55273114  0.54115511  0.55858912  0.57044883  0.57645214  0.47010117  0.46491303  0.45464667  0.47010117  0.48059003  0.54692006  0.53543559  0.50749500  0.50749500  0.49661306  0.50749500  0.52412999  0.53543559  0.54692006  0.51299775  0.50203364  0.61355344  0.61355344  0.53543559  0.54115511  0.53543559  0.53543559  0.53543559  
98_51_0    0.45976170  0.30751180  0.31588381  0.28699467  0.31588381  0.01653567  0.00000000  0.02494693  0.19585870  0.19585870  0.19943614  0.26704149  0.26704149  0.26704149  0.29923523  0.29513207  0.29923523  0.36373967  0.48589185  0.52976078  0.51299775  0.51854253  0.51299775  0.54692006  0.49661306  0.51299775  0.54692006  0.54115511  0.55858912  0.59476580  0.59476580  0.59476580  0.51299775  0.52976078  0.53543559  0.52412999  0.52976078  0.53543559  0.54115511  0.51299775  0.53543559  0.54115511  0.54692006  0.53543559  0.52412999  0.50203364  0.52976078  0.60097448  0.50749500  0.53543559  0.51854253  0.54115511  0.55858912  0.55858912  0.52412999  0.51854253  0.49661306  0.54692006  0.51854253  0.52412999  0.52976078  0.51854253  0.50203364  0.47532666  0.48589185  0.52976078  0.54115511  0.55858912  0.55273114  0.54115511  0.53543559  0.54115511  0.56449476  0.54692006  0.51299775  0.56449476  0.54692006  0.57044883  0.56449476  0.54692006  0.58250550  0.60097448  0.48059003  0.47532666  0.46491303  0.47010117  0.48059003  0.54692006  0.53543559  0.52412999  0.51854253  0.51299775  0.51854253  0.54115511  0.53543559  0.54692006  0.51854253  0.49661306  0.60097448  0.60097448  0.54115511  0.54692006  0.55273114  0.53543559  0.54692006  
92_51_0    0.45464667  0.31168574  0.32010630  0.29923523  0.32862569  0.02494693  0.02494693  0.00000000  0.19229879  0.19943614  0.19585870  0.27894747  0.27894747  0.27894747  0.31168574  0.30751180  0.31168574  0.37735800  0.50203364  0.52412999  0.50749500  0.52976078  0.52412999  0.54692006  0.49661306  0.52412999  0.56449476  0.55273114  0.57044883  0.60097448  0.60097448  0.61355344  0.51299775  0.52976078  0.53543559  0.54115511  0.54692006  0.54115511  0.53543559  0.52412999  0.54115511  0.56449476  0.54115511  0.55273114  0.54115511  0.51854253  0.52412999  0.58860977  0.52412999  0.52976078  0.52412999  0.54692006  0.56449476  0.56449476  0.52976078  0.52412999  0.51299775  0.52976078  0.54115511  0.51854253  0.53543559  0.51299775  0.50749500  0.49123266  0.50203364  0.53543559  0.54692006  0.56449476  0.53543559  0.52412999  0.53543559  0.52412999  0.55858912  0.55273114  0.51299775  0.54115511  0.53543559  0.55273114  0.54115511  0.54692006  0.57044883  0.59476580  0.48059003  0.47532666  0.46491303  0.47532666  0.50749500  0.56449476  0.55273114  0.51854253  0.50749500  0.50749500  0.50203364  0.54115511  0.55273114  0.56449476  0.50203364  0.49661306  0.58860977  0.58860977  0.54692006  0.54692006  0.54115511  0.53543559  0.53543559  
98_49_0    0.47010117  0.25921128  0.26311583  0.24762209  0.28699467  0.19585870  0.19585870  0.19229879  0.00000000  0.00547015  0.00822076  0.19585870  0.19585870  0.20303130  0.23999749  0.23999749  0.22870866  0.35925641  0.49661306  0.52412999  0.55273114  0.50749500  0.50203364  0.50203364  0.45464667  0.43453950  0.50203364  0.49123266  0.49661306  0.56449476  0.56449476  0.58860977  0.45976170  0.45976170  0.47010117  0.49661306  0.50203364  0.51854253  0.51854253  0.49123266  0.48589185  0.47010117  0.47010117  0.49661306  0.50203364  0.47532666  0.45464667  0.60097448  0.43951432  0.40063879  0.44956742  0.43951432  0.45464667  0.45464667  0.46491303  0.42469097  0.43951432  0.45976170  0.47010117  0.41497426  0.42959853  0.41497426  0.40538590  0.41981636  0.43453950  0.42959853  0.43453950  0.47010117  0.47532666  0.47010117  0.49123266  0.48059003  0.52976078  0.50203364  0.46491303  0.49661306  0.46491303  0.47010117  0.42959853  0.52412999  0.48589185  0.50203364  0.45976170  0.45464667  0.45976170  0.48059003  0.47532666  0.48589185  0.47532666  0.44452347  0.39123669  0.42469097  0.42959853  0.44452347  0.49661306  0.51299775  0.52412999  0.47010117  0.54115511  0.52976078  0.50749500  0.52412999  0.51299775  0.51299775  0.50203364  
96_49_0    0.45976170  0.26704149  0.27098849  0.25532763  0.28699467  0.20303130  0.19585870  0.19943614  0.00547015  0.00000000  0.01375344  0.20303130  0.20303130  0.21027549  0.24762209  0.24762209  0.23621500  0.35925641  0.49661306  0.53543559  0.56449476  0.50749500  0.50203364  0.51299775  0.45464667  0.42469097  0.50203364  0.49123266  0.49661306  0.57645214  0.57645214  0.60097448  0.45976170  0.47010117  0.48059003  0.49661306  0.50203364  0.52976078  0.52976078  0.50203364  0.49661306  0.47010117  0.48059003  0.49661306  0.50203364  0.47532666  0.46491303  0.60097448  0.44956742  0.41016425  0.45976170  0.44956742  0.46491303  0.46491303  0.47532666  0.43453950  0.43951432  0.47010117  0.46491303  0.42469097  0.43951432  0.42469097  0.41497426  0.41981636  0.43453950  0.43951432  0.43453950  0.48059003  0.48589185  0.48059003  0.49123266  0.48059003  0.52976078  0.50203364  0.46491303  0.50749500  0.46491303  0.48059003  0.43951432  0.52412999  0.48589185  0.51299775  0.45976170  0.45464667  0.45976170  0.48059003  0.47532666  0.48589185  0.47532666  0.44956742  0.39592252  0.42959853  0.43453950  0.44956742  0.50203364  0.51854253  0.52412999  0.47010117  0.54115511  0.52976078  0.51299775  0.52412999  0.52412999  0.51299775  0.51299775  
92_49_0    0.47532666  0.26704149  0.27098849  0.25532763  0.29513207  0.19943614  0.19943614  0.19585870  0.00822076  0.01375344  0.00000000  0.20303130  0.20303130  0.21027549  0.24762209  0.24762209  0.23621500  0.36373967  0.50203364  0.52976078  0.55858912  0.51299775  0.50749500  0.50749500  0.45976170  0.44452347  0.51299775  0.49661306  0.50203364  0.57645214  0.57645214  0.59476580  0.46491303  0.46491303  0.47532666  0.50203364  0.50749500  0.52412999  0.52412999  0.49661306  0.49123266  0.48059003  0.48059003  0.50749500  0.51299775  0.48589185  0.46491303  0.60723671  0.44956742  0.41016425  0.45976170  0.44956742  0.46491303  0.46491303  0.47532666  0.43453950  0.44956742  0.47010117  0.48059003  0.42469097  0.43951432  0.42469097  0.41497426  0.42959853  0.44452347  0.43951432  0.44452347  0.48059003  0.48589185  0.48059003  0.49661306  0.48589185  0.53543559  0.50749500  0.47010117  0.50203364  0.47010117  0.47532666  0.43453950  0.51854253  0.49123266  0.50749500  0.47010117  0.46491303  0.47010117  0.49123266  0.48589185  0.49661306  0.48589185  0.45464667  0.40063879  0.43453950  0.43951432  0.45464667  0.50749500  0.52412999  0.53543559  0.48059003  0.55273114  0.54115511  0.51854253  0.53543559  0.52412999  0.52412999  0.51299775  
92_48_0    0.44956742  0.25921128  0.26704149  0.24762209  0.27495707  0.27495707  0.26704149  0.27894747  0.19585870  0.20303130  0.20303130  0.00000000  0.01098183  0.01653567  0.08365958  0.08365958  0.07153102  0.36373967  0.48059003  0.49123266  0.48589185  0.50749500  0.48059003  0.49123266  0.48059003  0.49123266  0.48059003  0.51299775  0.50203364  0.57044883  0.57044883  0.60097448  0.49123266  0.50203364  0.49123266  0.50203364  0.50749500  0.54115511  0.52976078  0.52976078  0.50749500  0.57645214  0.51299775  0.53543559  0.52412999  0.51299775  0.49661306  0.61992561  0.51299775  0.53543559  0.53543559  0.53543559  0.53543559  0.53543559  0.54115511  0.52976078  0.51299775  0.48589185  0.48589185  0.44956742  0.44452347  0.42469097  0.43453950  0.44956742  0.46491303  0.47532666  0.49661306  0.50203364  0.51299775  0.50203364  0.49661306  0.51854253  0.54692006  0.54115511  0.50749500  0.55273114  0.54115511  0.53543559  0.50749500  0.51854253  0.53543559  0.54115511  0.47532666  0.47532666  0.47532666  0.46491303  0.50203364  0.51299775  0.50749500  0.51854253  0.48059003  0.44452347  0.50203364  0.52412999  0.52412999  0.54115511  0.51299775  0.49661306  0.52976078  0.52976078  0.55273114  0.54115511  0.57645214  0.56449476  0.57044883  
96_48_0    0.44956742  0.25146464  0.25921128  0.23999749  0.27495707  0.27495707  0.26704149  0.27894747  0.19585870  0.20303130  0.20303130  0.01098183  0.00000000  0.01653567  0.08980070  0.08980070  0.07756997  0.35925641  0.47010117  0.48059003  0.47532666  0.49661306  0.47010117  0.48059003  0.46491303  0.48059003  0.47532666  0.50749500  0.49661306  0.56449476  0.56449476  0.59476580  0.49123266  0.49661306  0.48589185  0.49661306  0.50203364  0.53543559  0.52412999  0.52412999  0.50203364  0.57044883  0.50749500  0.52976078  0.51854253  0.50749500  0.49123266  0.61355344  0.50203364  0.52412999  0.52412999  0.52412999  0.52412999  0.52412999  0.52976078  0.51854253  0.50203364  0.48589185  0.47532666  0.44956742  0.43453950  0.41497426  0.42469097  0.43951432  0.45464667  0.46491303  0.49123266  0.49123266  0.51299775  0.50203364  0.50203364  0.51299775  0.55273114  0.54692006  0.51299775  0.54692006  0.53543559  0.52976078  0.49661306  0.52412999  0.54115511  0.54692006  0.47532666  0.47532666  0.47532666  0.46491303  0.50203364  0.51299775  0.50749500  0.50749500  0.47010117  0.44452347  0.50203364  0.51299775  0.52976078  0.54692006  0.50749500  0.49123266  0.52412999  0.52412999  0.56449476  0.54692006  0.58250550  0.54692006  0.55273114  
98_48_0    0.45976170  0.26704149  0.27495707  0.25532763  0.28295992  0.27495707  0.26704149  0.27894747  0.20303130  0.21027549  0.21027549  0.01653567  0.01653567  0.00000000  0.09599421  0.09599421  0.08365958  0.36825079  0.47010117  0.50203364  0.48589185  0.49123266  0.46491303  0.49123266  0.48059003  0.48589185  0.48059003  0.51299775  0.51299775  0.58250550  0.58250550  0.60097448  0.49123266  0.49123266  0.49123266  0.49123266  0.49661306  0.52976078  0.51854253  0.52412999  0.49123266  0.57645214  0.51299775  0.53543559  0.52412999  0.52412999  0.49123266  0.61992561  0.49661306  0.52976078  0.51854253  0.51299775  0.51854253  0.51854253  0.51854253  0.51299775  0.49661306  0.47532666  0.46491303  0.45464667  0.43453950  0.41016425  0.41497426  0.43453950  0.43951432  0.44956742  0.47532666  0.50749500  0.52976078  0.52412999  0.50749500  0.51299775  0.55858912  0.56449476  0.51854253  0.55858912  0.55273114  0.54692006  0.51854253  0.54692006  0.55273114  0.54692006  0.49123266  0.49661306  0.48589185  0.47532666  0.50749500  0.52412999  0.51854253  0.51854253  0.48589185  0.45464667  0.51299775  0.51854253  0.52976078  0.54692006  0.51299775  0.49661306  0.54115511  0.54115511  0.55858912  0.52976078  0.57044883  0.55273114  0.54692006  
98_52_0    0.49661306  0.30336172  0.30751180  0.29105197  0.32435350  0.29105197  0.29923523  0.31168574  0.23999749  0.24762209  0.24762209  0.08365958  0.08980070  0.09599421  0.00000000  0.01653567  0.01098183  0.40538590  0.48059003  0.48589185  0.48059003  0.52976078  0.51299775  0.51854253  0.46491303  0.50749500  0.50749500  0.57645214  0.57044883  0.57044883  0.57044883  0.59476580  0.49661306  0.50749500  0.50203364  0.49661306  0.50203364  0.54692006  0.52412999  0.55858912  0.49123266  0.56449476  0.49661306  0.51854253  0.49661306  0.46491303  0.54115511  0.60723671  0.53543559  0.53543559  0.52976078  0.54115511  0.54115511  0.54115511  0.54115511  0.54115511  0.52412999  0.52412999  0.51299775  0.48589185  0.47532666  0.43951432  0.46491303  0.48059003  0.49661306  0.49661306  0.49123266  0.50203364  0.55273114  0.54115511  0.50203364  0.50203364  0.55273114  0.51854253  0.49123266  0.57044883  0.54692006  0.56449476  0.51854253  0.55858912  0.52976078  0.54115511  0.51854253  0.51854253  0.50203364  0.50749500  0.51854253  0.52976078  0.52976078  0.54692006  0.51299775  0.50203364  0.52976078  0.52412999  0.60097448  0.61992561  0.54692006  0.51299775  0.60097448  0.60097448  0.58860977  0.59476580  0.59476580  0.55858912  0.57645214  
96_52_0    0.48059003  0.30336172  0.30751180  0.28699467  0.31588381  0.28699467  0.29513207  0.30751180  0.23999749  0.24762209  0.24762209  0.08365958  0.08980070  0.09599421  0.01653567  0.00000000  0.01098183  0.41016425  0.45976170  0.47010117  0.45464667  0.50749500  0.49123266  0.49661306  0.45976170  0.50203364  0.49661306  0.56449476  0.55858912  0.55273114  0.55273114  0.57645214  0.50203364  0.50203364  0.49661306  0.48059003  0.48589185  0.55273114  0.52976078  0.54115511  0.47532666  0.57645214  0.49661306  0.52976078  0.49661306  0.47532666  0.52976078  0.63284024  0.52412999  0.53543559  0.54115511  0.54115511  0.54115511  0.54115511  0.55858912  0.53543559  0.52976078  0.49661306  0.48589185  0.47532666  0.46491303  0.42959853  0.47010117  0.48059003  0.49661306  0.48589185  0.49123266  0.50203364  0.55273114  0.54115511  0.48589185  0.49661306  0.55273114  0.50749500  0.47532666  0.55273114  0.51854253  0.53543559  0.50203364  0.52976078  0.51854253  0.51854253  0.49123266  0.49123266  0.48589185  0.49123266  0.49123266  0.51299775  0.50203364  0.54115511  0.51299775  0.49123266  0.52976078  0.52412999  0.58250550  0.60097448  0.53543559  0.50203364  0.61355344  0.61355344  0.58860977  0.59476580  0.58250550  0.54692006  0.56449476  
92_52_0    0.48589185  0.29105197  0.29513207  0.27495707  0.31168574  0.29105197  0.29923523  0.31168574  0.22870866  0.23621500  0.23621500  0.07153102  0.07756997  0.08365958  0.01098183  0.01098183  0.00000000  0.39592252  0.46491303  0.47532666  0.47010117  0.51299775  0.49661306  0.50203364  0.45464667  0.49661306  0.49123266  0.55273114  0.54692006  0.56449476  0.56449476  0.58860977  0.49123266  0.49123266  0.48589185  0.48589185  0.49123266  0.53543559  0.51299775  0.54692006  0.48059003  0.55858912  0.49123266  0.51299775  0.49123266  0.47010117  0.52412999  0.62635421  0.51854253  0.52976078  0.52412999  0.52412999  0.52412999  0.52412999  0.54115511  0.51854253  0.51299775  0.51299775  0.49123266  0.47010117  0.45976170  0.42469097  0.45464667  0.47532666  0.49123266  0.48059003  0.48589185  0.49661306  0.54692006  0.53543559  0.50203364  0.50203364  0.55858912  0.51854253  0.49123266  0.57044883  0.53543559  0.55273114  0.49661306  0.54692006  0.53543559  0.53543559  0.49661306  0.50749500  0.49123266  0.49661306  0.50749500  0.52976078  0.51854253  0.54692006  0.50749500  0.48589185  0.53543559  0.51854253  0.59476580  0.61355344  0.54115511  0.50749500  0.59476580  0.59476580  0.58250550  0.58860977  0.58860977  0.55273114  0.57044883  
97_53_0    0.50203364  0.40538590  0.40538590  0.40063879  0.40538590  0.37735800  0.36373967  0.37735800  0.35925641  0.35925641  0.36373967  0.36373967  0.35925641  0.36825079  0.40538590  0.41016425  0.39592252  0.00000000  0.41981636  0.42469097  0.41981636  0.43453950  0.42959853  0.44452347  0.38658092  0.43951432  0.44452347  0.47010117  0.49123266  0.54692006  0.54692006  0.54115511  0.47532666  0.47010117  0.45976170  0.47532666  0.48059003  0.48059003  0.49123266  0.42959853  0.45976170  0.48059003  0.48059003  0.46491303  0.44452347  0.49123266  0.43951432  0.51854253  0.39592252  0.41016425  0.41016425  0.41497426  0.40538590  0.40538590  0.41497426  0.41497426  0.39592252  0.40063879  0.39592252  0.37279011  0.37735800  0.38658092  0.37279011  0.37279011  0.38195482  0.37735800  0.41981636  0.40538590  0.44956742  0.44956742  0.38195482  0.44956742  0.42469097  0.39592252  0.34159522  0.40538590  0.41981636  0.45464667  0.41016425  0.40538590  0.41497426  0.41497426  0.41016425  0.40538590  0.38195482  0.37279011  0.40063879  0.41981636  0.41497426  0.40538590  0.36825079  0.38195482  0.41016425  0.38195482  0.42959853  0.42959853  0.41497426  0.41981636  0.44452347  0.45464667  0.47532666  0.44956742  0.48589185  0.45464667  0.46491303  
49_0_0     0.58250550  0.53543559  0.54692006  0.49661306  0.56449476  0.49661306  0.48589185  0.50203364  0.49661306  0.49661306  0.50203364  0.48059003  0.47010117  0.47010117  0.48059003  0.45976170  0.46491303  0.41981636  0.00000000  0.17129836  0.15425045  0.15425045  0.14754182  0.14089462  0.16102165  0.36825079  0.35480067  0.57044883  0.57044883  0.54115511  0.54115511  0.51854253  0.49123266  0.49123266  0.50749500  0.48589185  0.49123266  0.45464667  0.47532666  0.50749500  0.48589185  0.49661306  0.49661306  0.49123266  0.47532666  0.51299775  0.51299775  0.59476580  0.41016425  0.41981636  0.40063879  0.40063879  0.42959853  0.42959853  0.44452347  0.41016425  0.40538590  0.45464667  0.37735800  0.40538590  0.40063879  0.38658092  0.40538590  0.38195482  0.37735800  0.40538590  0.42469097  0.41497426  0.40063879  0.41497426  0.36373967  0.42469097  0.41016425  0.41016425  0.34597040  0.39592252  0.40538590  0.42959853  0.39123669  0.39123669  0.40538590  0.40063879  0.42469097  0.42959853  0.42469097  0.43951432  0.42959853  0.44452347  0.43951432  0.38195482  0.35925641  0.38195482  0.41497426  0.39592252  0.41497426  0.42469097  0.50203364  0.47532666  0.50749500  0.51299775  0.55858912  0.51854253  0.57044883  0.47010117  0.51854253  
44_7_0     0.53543559  0.51299775  0.52412999  0.49661306  0.52976078  0.51854253  0.52976078  0.52412999  0.52412999  0.53543559  0.52976078  0.49123266  0.48059003  0.50203364  0.48589185  0.47010117  0.47532666  0.42469097  0.17129836  0.00000000  0.03918596  0.18875626  0.17475652  0.19229879  0.16102165  0.38195482  0.36373967  0.51854253  0.53543559  0.51299775  0.51299775  0.49661306  0.52412999  0.49123266  0.48589185  0.50203364  0.50749500  0.51299775  0.51854253  0.49123266  0.45976170  0.48589185  0.44956742  0.47532666  0.43951432  0.45464667  0.54692006  0.56449476  0.46491303  0.46491303  0.44956742  0.45464667  0.47532666  0.47532666  0.49123266  0.43951432  0.47532666  0.41016425  0.41981636  0.40063879  0.42469097  0.41016425  0.44956742  0.44452347  0.44956742  0.46491303  0.47010117  0.50749500  0.43453950  0.44452347  0.41016425  0.45976170  0.45976170  0.43453950  0.37279011  0.44452347  0.42469097  0.45976170  0.43453950  0.42469097  0.45464667  0.47010117  0.49661306  0.47010117  0.45464667  0.45976170  0.48059003  0.47532666  0.49123266  0.42469097  0.44452347  0.41016425  0.42469097  0.44452347  0.47532666  0.46491303  0.54115511  0.50749500  0.54115511  0.55858912  0.52976078  0.51854253  0.52976078  0.50749500  0.51854253  
51_7_0     0.52976078  0.51299775  0.52412999  0.49661306  0.51854253  0.50203364  0.51299775  0.50749500  0.55273114  0.56449476  0.55858912  0.48589185  0.47532666  0.48589185  0.48059003  0.45464667  0.47010117  0.41981636  0.15425045  0.03918596  0.00000000  0.18875626  0.17475652  0.19229879  0.16102165  0.38195482  0.35925641  0.51854253  0.53543559  0.50749500  0.50749500  0.50203364  0.52976078  0.48589185  0.49661306  0.47010117  0.47532666  0.49123266  0.49661306  0.50203364  0.44956742  0.48589185  0.45464667  0.48059003  0.45464667  0.45976170  0.51299775  0.56449476  0.42959853  0.43951432  0.44452347  0.44956742  0.45464667  0.45464667  0.47532666  0.42469097  0.44956742  0.41497426  0.41016425  0.39592252  0.41016425  0.41497426  0.43453950  0.43951432  0.43453950  0.43453950  0.45464667  0.49661306  0.43453950  0.44452347  0.40538590  0.45464667  0.44452347  0.43951432  0.37735800  0.44956742  0.42959853  0.45464667  0.43951432  0.41981636  0.46491303  0.45976170  0.47532666  0.44956742  0.43453950  0.43453950  0.45464667  0.47010117  0.48589185  0.41981636  0.42959853  0.39592252  0.42959853  0.42959853  0.46491303  0.45464667  0.50203364  0.49661306  0.51854253  0.54692006  0.49661306  0.48589185  0.51299775  0.46491303  0.50749500  
51_8_0     0.60097448  0.54115511  0.55273114  0.51854253  0.56449476  0.52412999  0.51854253  0.52976078  0.50749500  0.50749500  0.51299775  0.50749500  0.49661306  0.49123266  0.52976078  0.50749500  0.51299775  0.43453950  0.15425045  0.18875626  0.18875626  0.00000000  0.01375344  0.05664984  0.16102165  0.35480067  0.37279011  0.54692006  0.56449476  0.55858912  0.55858912  0.54692006  0.51854253  0.53543559  0.51854253  0.52412999  0.52976078  0.54692006  0.56449476  0.53543559  0.50203364  0.51854253  0.49661306  0.49661306  0.47010117  0.49661306  0.54115511  0.61992561  0.44452347  0.45464667  0.44956742  0.43951432  0.47010117  0.47010117  0.48059003  0.44452347  0.42959853  0.42469097  0.41981636  0.44956742  0.43453950  0.44452347  0.39592252  0.41981636  0.41497426  0.43951432  0.44956742  0.47532666  0.43453950  0.43453950  0.41981636  0.47532666  0.45464667  0.42959853  0.40538590  0.44452347  0.42959853  0.44956742  0.41981636  0.45976170  0.44956742  0.47010117  0.43453950  0.43453950  0.44452347  0.43951432  0.43951432  0.45976170  0.47532666  0.45976170  0.43453950  0.41981636  0.45464667  0.43453950  0.44956742  0.43951432  0.50749500  0.46491303  0.48589185  0.50203364  0.51854253  0.48059003  0.52976078  0.50203364  0.48589185  
51_9_0     0.61355344  0.51299775  0.52412999  0.49123266  0.53543559  0.51854253  0.51299775  0.52412999  0.50203364  0.50203364  0.50749500  0.48059003  0.47010117  0.46491303  0.51299775  0.49123266  0.49661306  0.42959853  0.14754182  0.17475652  0.17475652  0.01375344  0.00000000  0.04786539  0.15762815  0.35037211  0.36373967  0.52976078  0.54692006  0.55858912  0.55858912  0.54692006  0.51854253  0.53543559  0.52976078  0.51299775  0.51854253  0.53543559  0.55273114  0.51854253  0.48589185  0.50203364  0.47010117  0.47010117  0.44452347  0.48059003  0.51299775  0.60097448  0.45464667  0.45976170  0.45464667  0.44452347  0.47532666  0.47532666  0.48589185  0.44956742  0.43951432  0.42469097  0.41497426  0.43951432  0.43453950  0.43453950  0.41497426  0.42959853  0.42469097  0.44956742  0.45976170  0.48589185  0.43951432  0.43951432  0.41981636  0.47010117  0.45464667  0.42959853  0.40538590  0.44956742  0.42959853  0.44956742  0.41981636  0.45976170  0.44956742  0.47010117  0.42959853  0.42959853  0.43951432  0.43453950  0.44452347  0.45464667  0.47010117  0.45464667  0.42959853  0.41497426  0.44956742  0.43951432  0.45464667  0.44452347  0.51299775  0.47010117  0.48589185  0.50203364  0.51299775  0.47010117  0.52412999  0.49661306  0.47010117  
44_8_0     0.60723671  0.53543559  0.54692006  0.50203364  0.58250550  0.54115511  0.54692006  0.54692006  0.50203364  0.51299775  0.50749500  0.49123266  0.48059003  0.49123266  0.51854253  0.49661306  0.50203364  0.44452347  0.14089462  0.19229879  0.19229879  0.05664984  0.04786539  0.00000000  0.16443108  0.37735800  0.37735800  0.58250550  0.59476580  0.57645214  0.57645214  0.54692006  0.55273114  0.55273114  0.54692006  0.51854253  0.52412999  0.51299775  0.52976078  0.54115511  0.51299775  0.52976078  0.49661306  0.51299775  0.49661306  0.52412999  0.52412999  0.65937989  0.44452347  0.45464667  0.45464667  0.44956742  0.48059003  0.48059003  0.51299775  0.45464667  0.45464667  0.45464667  0.45464667  0.44956742  0.44956742  0.44956742  0.43453950  0.45464667  0.44956742  0.46491303  0.48059003  0.49123266  0.44956742  0.45976170  0.44452347  0.49661306  0.47010117  0.46491303  0.42959853  0.45976170  0.45464667  0.44452347  0.41981636  0.48589185  0.45464667  0.45464667  0.43951432  0.43951432  0.44956742  0.44956742  0.45976170  0.46491303  0.48589185  0.44452347  0.41981636  0.41981636  0.45464667  0.44452347  0.46491303  0.46491303  0.52976078  0.48059003  0.49661306  0.51299775  0.51299775  0.49123266  0.52976078  0.49661306  0.50203364  
49_6_0     0.57044883  0.50203364  0.51299775  0.50203364  0.54115511  0.49661306  0.49661306  0.49661306  0.45464667  0.45464667  0.45976170  0.48059003  0.46491303  0.48059003  0.46491303  0.45976170  0.45464667  0.38658092  0.16102165  0.16102165  0.16102165  0.16102165  0.15762815  0.16443108  0.00000000  0.36373967  0.35480067  0.55858912  0.57044883  0.55858912  0.54692006  0.54692006  0.51854253  0.51299775  0.52976078  0.48589185  0.49123266  0.48059003  0.50749500  0.52976078  0.48059003  0.48059003  0.44452347  0.47532666  0.45976170  0.45464667  0.55858912  0.57044883  0.40538590  0.39592252  0.42469097  0.40538590  0.41497426  0.41497426  0.41981636  0.41981636  0.41497426  0.43453950  0.43453950  0.42469097  0.41016425  0.42469097  0.41497426  0.41016425  0.41497426  0.44452347  0.43951432  0.44452347  0.44452347  0.45464667  0.45464667  0.46491303  0.48059003  0.48589185  0.42469097  0.47532666  0.49123266  0.52412999  0.47532666  0.46491303  0.45976170  0.47010117  0.43951432  0.44452347  0.44452347  0.43951432  0.45464667  0.45976170  0.48589185  0.43453950  0.40538590  0.41016425  0.41981636  0.39592252  0.40538590  0.40538590  0.47010117  0.43453950  0.48589185  0.50749500  0.51299775  0.50749500  0.53543559  0.48059003  0.52412999  
8_3_0      0.63284024  0.51299775  0.52412999  0.52412999  0.52412999  0.51299775  0.51299775  0.52412999  0.43453950  0.42469097  0.44452347  0.49123266  0.48059003  0.48589185  0.50749500  0.50203364  0.49661306  0.43951432  0.36825079  0.38195482  0.38195482  0.35480067  0.35037211  0.37735800  0.36373967  0.00000000  0.26311583  0.50749500  0.53543559  0.54692006  0.54692006  0.57044883  0.52412999  0.54115511  0.52412999  0.50203364  0.50749500  0.50749500  0.47532666  0.48059003  0.46491303  0.47010117  0.46491303  0.45464667  0.45976170  0.48059003  0.43453950  0.57044883  0.40538590  0.41497426  0.40538590  0.40063879  0.47010117  0.47010117  0.48589185  0.43453950  0.41497426  0.43951432  0.41497426  0.42469097  0.38658092  0.39123669  0.41016425  0.45464667  0.45976170  0.45464667  0.41016425  0.45464667  0.42959853  0.43453950  0.44452347  0.48059003  0.46491303  0.44956742  0.42469097  0.43453950  0.45464667  0.45464667  0.44452347  0.48589185  0.47532666  0.47010117  0.47010117  0.45464667  0.46491303  0.48589185  0.47010117  0.48589185  0.48059003  0.41497426  0.40538590  0.41981636  0.41981636  0.45976170  0.46491303  0.48059003  0.47010117  0.47010117  0.52412999  0.52412999  0.51299775  0.48059003  0.52976078  0.47532666  0.51854253  
8_2_0      0.63938475  0.51299775  0.51854253  0.50203364  0.54692006  0.54692006  0.54692006  0.56449476  0.50203364  0.50203364  0.51299775  0.48059003  0.47532666  0.48059003  0.50749500  0.49661306  0.49123266  0.44452347  0.35480067  0.36373967  0.35925641  0.37279011  0.36373967  0.37735800  0.35480067  0.26311583  0.00000000  0.51854253  0.52412999  0.55858912  0.54692006  0.55858912  0.52412999  0.50749500  0.49661306  0.47532666  0.48059003  0.45976170  0.46491303  0.48589185  0.47532666  0.53543559  0.44452347  0.44956742  0.44452347  0.48059003  0.49123266  0.55273114  0.42469097  0.43453950  0.44452347  0.40538590  0.47010117  0.47010117  0.47010117  0.42469097  0.43453950  0.42959853  0.42959853  0.42469097  0.40538590  0.43453950  0.41497426  0.43453950  0.42959853  0.44956742  0.41981636  0.45464667  0.49123266  0.50203364  0.43453950  0.49123266  0.50203364  0.47532666  0.41016425  0.45464667  0.44452347  0.46491303  0.44956742  0.48059003  0.49123266  0.50749500  0.42959853  0.42469097  0.42469097  0.44956742  0.44956742  0.45464667  0.44956742  0.44452347  0.41981636  0.43951432  0.46491303  0.41016425  0.42959853  0.42469097  0.49661306  0.45464667  0.52976078  0.52976078  0.49123266  0.46491303  0.50203364  0.43951432  0.48589185  
42_18_0    0.61355344  0.58250550  0.58860977  0.57645214  0.56449476  0.55273114  0.54115511  0.55273114  0.49123266  0.49123266  0.49661306  0.51299775  0.50749500  0.51299775  0.57645214  0.56449476  0.55273114  0.47010117  0.57044883  0.51854253  0.51854253  0.54692006  0.52976078  0.58250550  0.55858912  0.50749500  0.51854253  0.00000000  0.03918596  0.35037211  0.35037211  0.34159522  0.24762209  0.24379978  0.25146464  0.34597040  0.34159522  0.36825079  0.37735800  0.29513207  0.32862569  0.44956742  0.38195482  0.39123669  0.39123669  0.40538590  0.37279011  0.41981636  0.41497426  0.41497426  0.42959853  0.42469097  0.44452347  0.44452347  0.42959853  0.42959853  0.44452347  0.41497426  0.45464667  0.42959853  0.42959853  0.42469097  0.41981636  0.47010117  0.46491303  0.43951432  0.42469097  0.49123266  0.48589185  0.49123266  0.46491303  0.48059003  0.51299775  0.44956742  0.42959853  0.44452347  0.44956742  0.47532666  0.43453950  0.45976170  0.48589185  0.48589185  0.43453950  0.42959853  0.41497426  0.41981636  0.43951432  0.48589185  0.46491303  0.45976170  0.41981636  0.42469097  0.43951432  0.44452347  0.45976170  0.48589185  0.51299775  0.44956742  0.47532666  0.47532666  0.47010117  0.43453950  0.52976078  0.45464667  0.46491303  
85_18_0    0.63938475  0.58250550  0.58860977  0.57645214  0.54115511  0.57044883  0.55858912  0.57044883  0.49661306  0.49661306  0.50203364  0.50203364  0.49661306  0.51299775  0.57044883  0.55858912  0.54692006  0.49123266  0.57044883  0.53543559  0.53543559  0.56449476  0.54692006  0.59476580  0.57044883  0.53543559  0.52412999  0.03918596  0.00000000  0.33724625  0.33724625  0.34597040  0.23245213  0.22870866  0.22870866  0.34597040  0.34159522  0.34597040  0.35037211  0.30336172  0.32010630  0.45464667  0.37735800  0.38195482  0.37279011  0.38658092  0.35925641  0.41497426  0.42469097  0.41016425  0.42959853  0.43453950  0.42959853  0.42959853  0.44452347  0.44452347  0.44452347  0.43951432  0.47010117  0.43453950  0.42469097  0.42959853  0.42959853  0.47010117  0.46491303  0.44452347  0.43951432  0.48059003  0.49123266  0.49123266  0.47010117  0.48589185  0.53543559  0.45976170  0.43453950  0.44956742  0.43453950  0.47010117  0.42959853  0.45464667  0.48589185  0.50749500  0.45464667  0.44452347  0.41981636  0.41981636  0.45464667  0.50749500  0.48589185  0.45464667  0.40538590  0.41016425  0.42959853  0.43951432  0.45976170  0.48589185  0.51854253  0.47532666  0.48589185  0.47532666  0.46491303  0.44452347  0.50749500  0.47532666  0.47532666  
70_14_0    0.64598879  0.58860977  0.58250550  0.58860977  0.60097448  0.58860977  0.59476580  0.60097448  0.56449476  0.57645214  0.57645214  0.57044883  0.56449476  0.58250550  0.57044883  0.55273114  0.56449476  0.54692006  0.54115511  0.51299775  0.50749500  0.55858912  0.55858912  0.57645214  0.55858912  0.54692006  0.55858912  0.35037211  0.33724625  0.00000000  0.01098183  0.03060907  0.23245213  0.20664436  0.22870866  0.34159522  0.34597040  0.34597040  0.34159522  0.29513207  0.29923523  0.42959853  0.39592252  0.40063879  0.37279011  0.38658092  0.40063879  0.49661306  0.45976170  0.46491303  0.50749500  0.49661306  0.48589185  0.48589185  0.52412999  0.49123266  0.50203364  0.49661306  0.47532666  0.42959853  0.44956742  0.45976170  0.49661306  0.48589185  0.49123266  0.46491303  0.47532666  0.49123266  0.45464667  0.46491303  0.47010117  0.48059003  0.49661306  0.43453950  0.41497426  0.47532666  0.42469097  0.46491303  0.48059003  0.49123266  0.46491303  0.48059003  0.49123266  0.48589185  0.43951432  0.44956742  0.47010117  0.51854253  0.52412999  0.47532666  0.44956742  0.48589185  0.48059003  0.47532666  0.53543559  0.52976078  0.52976078  0.53543559  0.57645214  0.57044883  0.54692006  0.54115511  0.50203364  0.48059003  0.45976170  
70_19_0    0.63284024  0.58860977  0.58250550  0.58860977  0.60097448  0.58860977  0.59476580  0.60097448  0.56449476  0.57645214  0.57645214  0.57044883  0.56449476  0.58250550  0.57044883  0.55273114  0.56449476  0.54692006  0.54115511  0.51299775  0.50749500  0.55858912  0.55858912  0.57645214  0.54692006  0.54692006  0.54692006  0.35037211  0.33724625  0.01098183  0.00000000  0.03631572  0.23999749  0.21392487  0.22870866  0.34159522  0.34597040  0.34597040  0.34159522  0.29923523  0.30751180  0.43453950  0.39592252  0.39123669  0.37279011  0.38658092  0.40538590  0.51299775  0.46491303  0.45976170  0.50203364  0.50203364  0.48059003  0.48059003  0.51854253  0.49661306  0.50203364  0.49123266  0.48059003  0.43453950  0.45464667  0.46491303  0.50203364  0.48589185  0.49123266  0.47010117  0.48059003  0.49661306  0.45976170  0.47010117  0.47532666  0.49661306  0.50203364  0.43951432  0.41981636  0.48059003  0.42959853  0.47010117  0.48589185  0.49661306  0.47010117  0.48589185  0.50203364  0.49661306  0.44956742  0.45976170  0.48059003  0.51854253  0.52412999  0.48059003  0.45464667  0.49123266  0.48589185  0.48059003  0.53543559  0.52976078  0.51854253  0.52412999  0.57645214  0.55858912  0.54692006  0.54115511  0.50203364  0.48059003  0.47010117  
