13
3_2_0      0.00000000  0.01933254  0.00767295  0.26811790  0.28470892  0.29032236  0.27360731  0.29597840  0.30167768  0.30742088  0.34891234  0.34891234  0.34891234  
2_2_0      0.01933254  0.00000000  0.01933254  0.26811790  0.28470892  0.29032236  0.27360731  0.29597840  0.30167768  0.30742088  0.34891234  0.33682009  0.34891234  
1_2_0      0.00767295  0.01933254  0.00000000  0.27913744  0.29597840  0.30167768  0.28470892  0.30742088  0.31320869  0.31904178  0.36120402  0.34891234  0.36120402  
1_0_0      0.26811790  0.26811790  0.27913744  0.00000000  0.01933254  0.02325996  0.01542571  0.18049879  0.18049879  0.19028809  0.22560008  0.23600432  0.22560008  
3_6_0      0.28470892  0.28470892  0.29597840  0.01933254  0.00000000  0.00382660  0.01933254  0.17565193  0.16605177  0.17565193  0.22560008  0.23600432  0.22560008  
3_0_0      0.29032236  0.29032236  0.30167768  0.02325996  0.00382660  0.00000000  0.02325996  0.17083640  0.16129766  0.17083640  0.23078404  0.24126141  0.23078404  
2_0_0      0.27360731  0.27360731  0.28470892  0.01542571  0.01933254  0.02325996  0.00000000  0.18537737  0.17565193  0.18537737  0.23078404  0.24126141  0.23078404  
2_4_0      0.29597840  0.29597840  0.30742088  0.18049879  0.17565193  0.17083640  0.18537737  0.00000000  0.01542571  0.01153925  0.15187947  0.16129766  0.15187947  
3_4_0      0.30167768  0.30167768  0.31320869  0.18049879  0.16605177  0.16129766  0.17565193  0.01542571  0.00000000  0.01153925  0.17083640  0.18049879  0.17083640  
1_4_0      0.30742088  0.30742088  0.31904178  0.19028809  0.17565193  0.17083640  0.18537737  0.01153925  0.01153925  0.00000000  0.15657369  0.16605177  0.15657369  
2_3_0      0.34891234  0.34891234  0.36120402  0.22560008  0.22560008  0.23078404  0.23078404  0.15187947  0.17083640  0.15657369  0.00000000  0.00767295  0.00767295  
3_3_0      0.34891234  0.33682009  0.34891234  0.23600432  0.23600432  0.24126141  0.24126141  0.16129766  0.18049879  0.16605177  0.00767295  0.00000000  0.01542571  
1_3_0      0.34891234  0.34891234  0.36120402  0.22560008  0.22560008  0.23078404  0.23078404  0.15187947  0.17083640  0.15657369  0.00767295  0.01542571  0.00000000  

