20
1_0_0      0.00000000  0.00574935  0.00000000  0.23513739  0.23513739  0.23513739  0.24408852  0.20823251  0.22515736  0.22021990  0.21158717  0.22635376  0.21893196  0.27377848  0.27377848  0.28170431  0.22763948  0.22635376  0.26418073  0.27201402  
2_0_0      0.00574935  0.00000000  0.00574935  0.23513739  0.23513739  0.23513739  0.24408852  0.20823251  0.22515736  0.22901437  0.22021990  0.23513739  0.22763948  0.26418073  0.26418073  0.27201402  0.23651159  0.21773147  0.27377848  0.28170431  
3_0_0      0.00000000  0.00574935  0.00000000  0.23513739  0.23513739  0.23513739  0.24408852  0.20823251  0.22515736  0.22021990  0.21158717  0.22635376  0.21893196  0.27377848  0.27377848  0.28170431  0.22763948  0.22635376  0.26418073  0.27201402  
10_0_0     0.23513739  0.23513739  0.23513739  0.00000000  0.00000000  0.00000000  0.01157000  0.05412548  0.05412548  0.18563246  0.21038302  0.19189672  0.20094796  0.24408852  0.24408852  0.25477530  0.19912416  0.24271535  0.25321367  0.27034873  
12_0_0     0.23513739  0.23513739  0.23513739  0.00000000  0.00000000  0.00000000  0.01157000  0.05412548  0.05412548  0.18563246  0.21038302  0.19189672  0.20094796  0.24408852  0.24408852  0.25477530  0.19912416  0.24271535  0.25321367  0.27034873  
4_0_0      0.23513739  0.23513739  0.23513739  0.00000000  0.00000000  0.00000000  0.01157000  0.05412548  0.05412548  0.18563246  0.21038302  0.19189672  0.20094796  0.24408852  0.24408852  0.25477530  0.19912416  0.24271535  0.25321367  0.27034873  
5_0_0      0.24408852  0.24408852  0.24408852  0.01157000  0.01157000  0.01157000  0.00000000  0.06704353  0.06704353  0.19373850  0.21893196  0.19999355  0.20926471  0.23513739  0.23513739  0.24555463  0.19110108  0.23385426  0.24408852  0.26095569  
17_0_0     0.20823251  0.20823251  0.20823251  0.05412548  0.05412548  0.05412548  0.06704353  0.00000000  0.01157000  0.15392304  0.19277600  0.21559382  0.19999355  0.22515736  0.22515736  0.21773147  0.21465731  0.22405054  0.27034873  0.26878255  
11_0_0     0.22515736  0.22515736  0.22515736  0.05412548  0.05412548  0.05412548  0.06704353  0.01157000  0.00000000  0.15392304  0.19277600  0.21559382  0.21661866  0.20823251  0.20823251  0.20094796  0.19834022  0.24143523  0.25174692  0.26878255  
20_0_0     0.22021990  0.22901437  0.22021990  0.18563246  0.18563246  0.18563246  0.19373850  0.15392304  0.15392304  0.00000000  0.10738358  0.15776763  0.14330691  0.13576548  0.13576548  0.13496829  0.11975625  0.15776763  0.19978913  0.23367323  
19_0_0     0.21158717  0.22021990  0.21158717  0.21038302  0.21038302  0.21038302  0.21893196  0.19277600  0.19277600  0.10738358  0.00000000  0.07984938  0.06704353  0.10807830  0.10807830  0.10034714  0.19478387  0.22159514  0.21425224  0.23047830  
8_0_0      0.22635376  0.23513739  0.22635376  0.19189672  0.19189672  0.19189672  0.19999355  0.21559382  0.21559382  0.15776763  0.07984938  0.00000000  0.01152196  0.11384197  0.11384197  0.12036158  0.20094796  0.21038302  0.25643182  0.24555463  
18_0_0     0.21893196  0.22763948  0.21893196  0.20094796  0.20094796  0.20094796  0.20926471  0.19999355  0.21661866  0.14330691  0.06704353  0.01152196  0.00000000  0.11452710  0.11452710  0.12103664  0.21038302  0.20311034  0.26779398  0.24711360  
9_0_0      0.27377848  0.26418073  0.27377848  0.24408852  0.24408852  0.24408852  0.23513739  0.22515736  0.20823251  0.13576548  0.10807830  0.11384197  0.11452710  0.00000000  0.00000000  0.02330501  0.20431775  0.15684710  0.23367323  0.26974659  
13_0_0     0.27377848  0.26418073  0.27377848  0.24408852  0.24408852  0.24408852  0.23513739  0.22515736  0.20823251  0.13576548  0.10807830  0.11384197  0.11452710  0.00000000  0.00000000  0.02330501  0.20431775  0.15684710  0.23367323  0.26974659  
7_0_0      0.28170431  0.27201402  0.28170431  0.25477530  0.25477530  0.25477530  0.24555463  0.21773147  0.20094796  0.13496829  0.10034714  0.12036158  0.12103664  0.02330501  0.02330501  0.00000000  0.21158717  0.18765378  0.21425224  0.26779398  
6_0_0      0.22763948  0.23651159  0.22763948  0.19912416  0.19912416  0.19912416  0.19110108  0.21465731  0.19834022  0.11975625  0.19478387  0.20094796  0.21038302  0.20431775  0.20431775  0.21158717  0.00000000  0.09399768  0.11452710  0.20844282  
14_0_0     0.22635376  0.21773147  0.22635376  0.24271535  0.24271535  0.24271535  0.23385426  0.22405054  0.24143523  0.15776763  0.22159514  0.21038302  0.20311034  0.15684710  0.15684710  0.18765378  0.09399768  0.00000000  0.13002430  0.21889059  
15_0_0     0.26418073  0.27377848  0.26418073  0.25321367  0.25321367  0.25321367  0.24408852  0.27034873  0.25174692  0.19978913  0.21425224  0.25643182  0.26779398  0.23367323  0.23367323  0.21425224  0.11452710  0.13002430  0.00000000  0.20278423  
16_0_0     0.27201402  0.28170431  0.27201402  0.27034873  0.27034873  0.27034873  0.26095569  0.26878255  0.26878255  0.23367323  0.23047830  0.24555463  0.24711360  0.26974659  0.26974659  0.26779398  0.20844282  0.21889059  0.20278423  0.00000000  

