20
1_0_0      0.00000000  0.02347454  0.00575185  0.35293448  0.35293448  0.36461932  0.37363682  0.25056768  0.25979348  0.29471820  0.32193896  0.36757630  0.37976861  0.34410959  0.34410959  0.33248435  0.28248564  0.32193896  0.34691784  0.37662414  
2_0_0      0.02347454  0.00000000  0.01748702  0.33045954  0.33045954  0.34155301  0.35030128  0.23267885  0.24153203  0.28448340  0.31123512  0.35571392  0.36757630  0.32115942  0.32115942  0.31011969  0.29258801  0.31123512  0.35864113  0.34155301  
3_0_0      0.00575185  0.01748702  0.00000000  0.35293448  0.35293448  0.36461932  0.37363682  0.25056768  0.25979348  0.28448340  0.31123512  0.35571392  0.36757630  0.33248435  0.33248435  0.32115942  0.29258801  0.31123512  0.35864113  0.36461932  
10_0_0     0.35293448  0.33045954  0.35293448  0.00000000  0.00575185  0.01158017  0.01738758  0.13602226  0.12852378  0.31351912  0.24425468  0.25056768  0.25979348  0.25350443  0.25350443  0.26295356  0.26470385  0.27261083  0.35571392  0.34416406  
12_0_0     0.35293448  0.33045954  0.35293448  0.00575185  0.00000000  0.00575185  0.01152508  0.12852378  0.12115139  0.31351912  0.24425468  0.25056768  0.25979348  0.25350443  0.25350443  0.26295356  0.26470385  0.27261083  0.35571392  0.34416406  
4_0_0      0.36461932  0.34155301  0.36461932  0.01158017  0.00575185  0.00000000  0.01738758  0.13602226  0.12852378  0.32437176  0.25350443  0.25979348  0.26921760  0.26295356  0.26295356  0.27261083  0.27448209  0.28248564  0.36757630  0.35571392  
5_0_0      0.37363682  0.35030128  0.37363682  0.01738758  0.01152508  0.01738758  0.00000000  0.14273375  0.13517861  0.31123512  0.25198074  0.25838321  0.25838321  0.24283929  0.24283929  0.25198074  0.25350443  0.26131686  0.34155301  0.33045954  
17_0_0     0.25056768  0.23267885  0.25056768  0.13602226  0.12852378  0.13602226  0.14273375  0.00000000  0.00575185  0.26656816  0.23519605  0.21762169  0.22632081  0.22632081  0.22632081  0.22632081  0.18731851  0.23813654  0.27448209  0.27085614  
11_0_0     0.25979348  0.24153203  0.25979348  0.12852378  0.12115139  0.12852378  0.13517861  0.00575185  0.00000000  0.27647042  0.22632081  0.20909182  0.21762169  0.21762169  0.21762169  0.21762169  0.19563551  0.22905482  0.28448340  0.26131686  
20_0_0     0.29471820  0.28448340  0.28448340  0.31351912  0.31351912  0.32437176  0.31123512  0.26656816  0.27647042  0.00000000  0.26854699  0.28884075  0.27857646  0.24334430  0.24334430  0.23393418  0.28660151  0.30519766  0.34691784  0.34155301  
19_0_0     0.32193896  0.31123512  0.31123512  0.24425468  0.24425468  0.25350443  0.25198074  0.23519605  0.22632081  0.26854699  0.00000000  0.10676844  0.11390094  0.18392430  0.18392430  0.16736855  0.25979348  0.23157897  0.31963987  0.28529240  
8_0_0      0.36757630  0.35571392  0.35571392  0.25056768  0.25056768  0.25979348  0.25838321  0.21762169  0.20909182  0.28884075  0.10676844  0.00000000  0.01748702  0.15725915  0.15725915  0.14951196  0.25056768  0.24033288  0.34155301  0.30515815  
18_0_0     0.37976861  0.36757630  0.36757630  0.25979348  0.25979348  0.26921760  0.25838321  0.22632081  0.21762169  0.27857646  0.11390094  0.01748702  0.00000000  0.16514571  0.16514571  0.15725915  0.25979348  0.24033288  0.33045954  0.29511276  
9_0_0      0.34410959  0.32115942  0.33248435  0.25350443  0.25350443  0.26295356  0.24283929  0.22632081  0.21762169  0.24334430  0.18392430  0.15725915  0.16514571  0.00000000  0.00000000  0.01158017  0.23267885  0.23157897  0.23267885  0.28529240  
13_0_0     0.34410959  0.32115942  0.33248435  0.25350443  0.25350443  0.26295356  0.24283929  0.22632081  0.21762169  0.24334430  0.18392430  0.15725915  0.16514571  0.00000000  0.00000000  0.01158017  0.23267885  0.23157897  0.23267885  0.28529240  
7_0_0      0.33248435  0.31011969  0.32115942  0.26295356  0.26295356  0.27261083  0.25198074  0.22632081  0.21762169  0.23393418  0.16736855  0.14951196  0.15725915  0.01158017  0.01158017  0.00000000  0.22400091  0.22299644  0.24153203  0.27568720  
6_0_0      0.28248564  0.29258801  0.29258801  0.26470385  0.26470385  0.27448209  0.25350443  0.18731851  0.19563551  0.28660151  0.25979348  0.25056768  0.25979348  0.23267885  0.23267885  0.22400091  0.00000000  0.06734360  0.10099430  0.15141530  
14_0_0     0.32193896  0.31123512  0.31123512  0.27261083  0.27261083  0.28248564  0.26131686  0.23813654  0.22905482  0.30519766  0.23157897  0.24033288  0.24033288  0.23157897  0.23157897  0.22299644  0.06734360  0.00000000  0.11461504  0.15824622  
15_0_0     0.34691784  0.35864113  0.35864113  0.35571392  0.35571392  0.36757630  0.34155301  0.27448209  0.28448340  0.34691784  0.31963987  0.34155301  0.33045954  0.23267885  0.23267885  0.24153203  0.10099430  0.11461504  0.00000000  0.18969412  
16_0_0     0.37662414  0.34155301  0.36461932  0.34416406  0.34416406  0.35571392  0.33045954  0.27085614  0.26131686  0.34155301  0.28529240  0.30515815  0.29511276  0.28529240  0.28529240  0.27568720  0.15141530  0.15824622  0.18969412  0.00000000  

