154
54_0_0     0.00000000  0.11372508  0.25313604  0.25826495  0.20850170  0.40579175  0.39334415  0.37505498  0.36310745  0.35134887  0.35720491  0.36310745  0.37505498  0.38110152  0.39334415  0.41209458  0.32274115  0.35134887  0.35134887  0.52832803  0.32274115  0.32274115  0.29519349  0.29519349  0.28445400  0.47136179  0.48519942  0.48519942  0.45107657  0.45107657  0.41845129  0.45777701  0.43133013  0.43133013  0.28445400  0.30609038  0.30609038  0.31159931  0.32837531  0.32274115  0.30609038  0.26863014  0.24804227  0.28980435  0.28445400  0.26342948  0.26342948  0.27914187  0.30609038  0.25826495  0.25826495  0.31159931  0.30609038  0.29519349  0.30062197  0.45777701  0.45777701  0.49929947  0.24298317  0.23296707  0.25313604  0.24298317  0.26863014  0.25313604  0.23296707  0.29519349  0.26342948  0.27386743  0.27386743  0.38110152  0.28445400  0.31714936  0.30609038  0.33977336  0.33405249  0.31159931  0.35134887  0.34553859  0.30062197  0.31159931  0.31714936  0.36905722  0.38719764  0.28445400  0.28445400  0.28980435  0.34553859  0.33405249  0.25826495  0.27914187  0.27914187  0.24298317  0.24298317  0.27914187  0.27914187  0.40579175  0.32274115  0.33405249  0.29519349  0.32837531  0.34553859  0.33977336  0.32837531  0.32837531  0.32274115  0.32274115  0.32837531  0.33977336  0.33977336  0.32837531  0.28445400  0.27914187  0.44443598  0.32274115  0.32274115  0.27386743  0.37505498  0.34553859  0.38719764  0.38110152  0.35134887  0.32837531  0.32837531  0.32837531  0.32837531  0.27386743  0.25313604  0.29519349  0.30609038  0.30062197  0.29519349  0.32274115  0.33405249  0.33405249  0.31159931  0.30609038  0.30609038  0.31159931  0.25826495  0.27914187  0.25826495  0.31159931  0.29519349  0.30062197  0.26342948  0.28980435  0.30062197  0.33977336  0.33977336  0.37505498  0.36310745  0.52832803  0.59002379  0.55853616  
37_0_0     0.11372508  0.00000000  0.30062197  0.30609038  0.23296707  0.41209458  0.38110152  0.36905722  0.35134887  0.35720491  0.34553859  0.35134887  0.38110152  0.38719764  0.40579175  0.41209458  0.37505498  0.36905722  0.36905722  0.47824841  0.33977336  0.33977336  0.33405249  0.33405249  0.31159931  0.47136179  0.48519942  0.48519942  0.47824841  0.47824841  0.48519942  0.47136179  0.44443598  0.43133013  0.32837531  0.33977336  0.33977336  0.31714936  0.34553859  0.35134887  0.33405249  0.30062197  0.30062197  0.31159931  0.31714936  0.30609038  0.30609038  0.32274115  0.35134887  0.28980435  0.30062197  0.32274115  0.32837531  0.30062197  0.33405249  0.45107657  0.45107657  0.56628394  0.26342948  0.25313604  0.26342948  0.25313604  0.27914187  0.27386743  0.24298317  0.30062197  0.27914187  0.28980435  0.27914187  0.41209458  0.33977336  0.33977336  0.32837531  0.36905722  0.37505498  0.32837531  0.36905722  0.37505498  0.31714936  0.35720491  0.36310745  0.41845129  0.46453837  0.32274115  0.32274115  0.31714936  0.34553859  0.33405249  0.31159931  0.32837531  0.32837531  0.28980435  0.28980435  0.28445400  0.28445400  0.38719764  0.33405249  0.34553859  0.33405249  0.33977336  0.38110152  0.37505498  0.32837531  0.32837531  0.36905722  0.36905722  0.35134887  0.36310745  0.40579175  0.36905722  0.31159931  0.30609038  0.47136179  0.42486282  0.39954190  0.34553859  0.41845129  0.37505498  0.42486282  0.41845129  0.36310745  0.36310745  0.32274115  0.33405249  0.32274115  0.31714936  0.27386743  0.30609038  0.31159931  0.30609038  0.31159931  0.38110152  0.39334415  0.39334415  0.35134887  0.36310745  0.34553859  0.36310745  0.29519349  0.32274115  0.31159931  0.33977336  0.32274115  0.32837531  0.31714936  0.32837531  0.33977336  0.42486282  0.39954190  0.44443598  0.41845129  0.58202599  0.63990613  0.60628221  
30_0_0     0.25313604  0.30062197  0.00000000  0.00364529  0.09283451  0.40579175  0.35720491  0.38719764  0.38110152  0.39954190  0.43785418  0.43133013  0.38719764  0.41209458  0.45107657  0.45777701  0.39954190  0.34553859  0.34553859  0.51367209  0.39334415  0.39334415  0.39334415  0.39334415  0.35134887  0.51367209  0.55853616  0.55853616  0.42486282  0.44443598  0.46453837  0.48519942  0.45107657  0.43785418  0.31714936  0.31714936  0.31714936  0.37505498  0.36905722  0.39334415  0.35134887  0.30062197  0.26863014  0.28980435  0.30062197  0.27386743  0.27386743  0.26863014  0.31714936  0.26863014  0.26863014  0.33405249  0.33405249  0.34553859  0.37505498  0.45777701  0.45777701  0.49221602  0.28445400  0.27386743  0.29519349  0.31159931  0.28445400  0.27386743  0.26342948  0.33977336  0.30609038  0.33405249  0.33405249  0.49221602  0.32274115  0.36905722  0.35720491  0.36905722  0.32837531  0.32837531  0.36310745  0.36905722  0.32837531  0.33977336  0.31714936  0.36310745  0.38110152  0.38719764  0.38719764  0.37505498  0.30609038  0.29519349  0.33977336  0.33405249  0.33405249  0.31159931  0.31159931  0.30062197  0.30062197  0.40579175  0.36310745  0.35134887  0.36905722  0.40579175  0.39954190  0.39334415  0.36310745  0.36310745  0.38719764  0.38719764  0.37505498  0.37505498  0.39334415  0.44443598  0.31714936  0.31714936  0.49221602  0.38110152  0.38110152  0.36310745  0.43133013  0.42486282  0.38110152  0.37505498  0.41845129  0.40579175  0.37505498  0.36310745  0.37505498  0.34553859  0.30609038  0.35720491  0.33977336  0.32837531  0.36905722  0.43133013  0.43133013  0.41845129  0.32837531  0.39334415  0.38110152  0.35134887  0.31714936  0.30609038  0.30609038  0.38110152  0.36310745  0.35720491  0.30609038  0.30062197  0.31159931  0.35720491  0.41845129  0.40579175  0.41209458  0.51367209  0.53576579  0.49221602  
56_0_0     0.25826495  0.30609038  0.00364529  0.00000000  0.09696593  0.39954190  0.35134887  0.38110152  0.37505498  0.39334415  0.43133013  0.42486282  0.38110152  0.40579175  0.44443598  0.45107657  0.40579175  0.35134887  0.35134887  0.50645105  0.39954190  0.39954190  0.39954190  0.39954190  0.35720491  0.50645105  0.55086829  0.55086829  0.41845129  0.43785418  0.45777701  0.47824841  0.44443598  0.43133013  0.32274115  0.32274115  0.32274115  0.38110152  0.37505498  0.39954190  0.35720491  0.30609038  0.27386743  0.29519349  0.30609038  0.27914187  0.27914187  0.27386743  0.32274115  0.27386743  0.27386743  0.33977336  0.33977336  0.35134887  0.38110152  0.46453837  0.46453837  0.49929947  0.27914187  0.26863014  0.28980435  0.30609038  0.27914187  0.26863014  0.26863014  0.33405249  0.31159931  0.33977336  0.32837531  0.48519942  0.32837531  0.37505498  0.36310745  0.37505498  0.33405249  0.32274115  0.35720491  0.36310745  0.32274115  0.34553859  0.32274115  0.36905722  0.38719764  0.39334415  0.39334415  0.38110152  0.31159931  0.30062197  0.33405249  0.32837531  0.32837531  0.31714936  0.31714936  0.30609038  0.30609038  0.39954190  0.36905722  0.35720491  0.37505498  0.41209458  0.40579175  0.39954190  0.36905722  0.36905722  0.39334415  0.39334415  0.38110152  0.38110152  0.39954190  0.45107657  0.32274115  0.32274115  0.48519942  0.38719764  0.38719764  0.36905722  0.43785418  0.43133013  0.38719764  0.38110152  0.42486282  0.41209458  0.38110152  0.36905722  0.38110152  0.35134887  0.31159931  0.36310745  0.34553859  0.33405249  0.37505498  0.43785418  0.43785418  0.42486282  0.33405249  0.39954190  0.37505498  0.35720491  0.32274115  0.31159931  0.31159931  0.38719764  0.36905722  0.36310745  0.31159931  0.30609038  0.31714936  0.35134887  0.41209458  0.41209458  0.41845129  0.52096395  0.54327869  0.49929947  
59_0_0     0.20850170  0.23296707  0.09283451  0.09696593  0.00000000  0.33977336  0.34553859  0.35720491  0.35720491  0.37505498  0.42486282  0.41845129  0.35134887  0.38719764  0.41209458  0.41845129  0.38719764  0.35720491  0.36905722  0.49929947  0.35134887  0.35134887  0.32837531  0.32837531  0.31714936  0.47824841  0.50645105  0.50645105  0.40579175  0.41209458  0.43785418  0.44443598  0.43133013  0.41845129  0.30062197  0.30609038  0.30609038  0.31714936  0.31159931  0.35134887  0.29519349  0.26342948  0.26342948  0.25313604  0.24804227  0.25826495  0.25826495  0.26342948  0.31714936  0.24298317  0.25313604  0.34553859  0.34553859  0.35720491  0.32274115  0.39954190  0.39954190  0.47136179  0.27914187  0.27914187  0.27914187  0.31159931  0.25826495  0.24804227  0.27386743  0.31159931  0.28980435  0.29519349  0.29519349  0.41209458  0.30609038  0.31159931  0.32837531  0.37505498  0.33405249  0.27914187  0.32274115  0.32837531  0.28980435  0.34553859  0.32274115  0.38719764  0.39954190  0.34553859  0.34553859  0.33405249  0.31159931  0.28980435  0.30609038  0.30609038  0.30609038  0.25826495  0.25826495  0.28980435  0.28980435  0.39334415  0.33405249  0.33405249  0.35134887  0.37505498  0.36310745  0.35720491  0.31159931  0.31159931  0.33977336  0.33977336  0.32274115  0.34553859  0.37505498  0.41845129  0.27914187  0.28980435  0.47824841  0.35720491  0.35134887  0.33405249  0.39954190  0.37505498  0.40579175  0.39954190  0.40579175  0.36310745  0.32274115  0.31159931  0.32274115  0.32837531  0.27914187  0.35720491  0.32837531  0.32837531  0.36905722  0.37505498  0.38719764  0.37505498  0.32274115  0.35720491  0.36905722  0.34553859  0.27914187  0.27914187  0.27914187  0.33977336  0.34553859  0.33977336  0.30609038  0.30609038  0.30609038  0.30062197  0.39334415  0.37505498  0.32837531  0.46453837  0.49929947  0.50645105  
50_2_0     0.40579175  0.41209458  0.40579175  0.39954190  0.33977336  0.00000000  0.18481578  0.18949299  0.19419980  0.20370376  0.21819146  0.22308411  0.25313604  0.18481578  0.20850170  0.22308411  0.33977336  0.31159931  0.32837531  0.45107657  0.32274115  0.32274115  0.28445400  0.28445400  0.29519349  0.45777701  0.49221602  0.49221602  0.39954190  0.43785418  0.44443598  0.39954190  0.45777701  0.45777701  0.34553859  0.37505498  0.37505498  0.36905722  0.34553859  0.38719764  0.37505498  0.36310745  0.39334415  0.34553859  0.33977336  0.36905722  0.36905722  0.35134887  0.40579175  0.35720491  0.33405249  0.44443598  0.44443598  0.40579175  0.41845129  0.43133013  0.43133013  0.53576579  0.35134887  0.33405249  0.33405249  0.37505498  0.35134887  0.33977336  0.33977336  0.33977336  0.29519349  0.31159931  0.28445400  0.43133013  0.39334415  0.37505498  0.40579175  0.37505498  0.35720491  0.38110152  0.43785418  0.44443598  0.39334415  0.45777701  0.45777701  0.42486282  0.46453837  0.37505498  0.37505498  0.37505498  0.47824841  0.44443598  0.35134887  0.41845129  0.41845129  0.37505498  0.37505498  0.33405249  0.32837531  0.39334415  0.41209458  0.39954190  0.36310745  0.40579175  0.45777701  0.45107657  0.43133013  0.43133013  0.46453837  0.46453837  0.42486282  0.43785418  0.42486282  0.40579175  0.33405249  0.34553859  0.52096395  0.39334415  0.38719764  0.35720491  0.39954190  0.39334415  0.43785418  0.43133013  0.38110152  0.42486282  0.38719764  0.37505498  0.38110152  0.38719764  0.33977336  0.35134887  0.34553859  0.33977336  0.34553859  0.43785418  0.43785418  0.43133013  0.39334415  0.41209458  0.40579175  0.41209458  0.37505498  0.39334415  0.36905722  0.37505498  0.36905722  0.36905722  0.37505498  0.36310745  0.37505498  0.37505498  0.43785418  0.52832803  0.46453837  0.64855520  0.66616114  0.64855520  
71_6_0     0.39334415  0.38110152  0.35720491  0.35134887  0.34553859  0.18481578  0.00000000  0.10112043  0.10529828  0.15287418  0.16639577  0.17095817  0.23795825  0.21333079  0.23296707  0.22800917  0.35134887  0.30609038  0.32274115  0.41845129  0.31159931  0.31159931  0.27914187  0.27914187  0.26342948  0.43133013  0.45107657  0.45107657  0.36905722  0.41209458  0.41845129  0.38719764  0.40579175  0.39334415  0.33405249  0.33405249  0.33405249  0.33405249  0.35134887  0.38110152  0.33405249  0.33405249  0.31714936  0.33977336  0.34553859  0.28980435  0.28980435  0.28445400  0.36905722  0.28445400  0.28445400  0.38719764  0.38719764  0.35134887  0.39334415  0.42486282  0.42486282  0.60628221  0.27914187  0.27386743  0.26863014  0.25826495  0.27914187  0.26863014  0.30609038  0.32837531  0.30609038  0.31159931  0.30609038  0.38110152  0.36905722  0.39954190  0.39954190  0.37505498  0.33977336  0.35720491  0.36905722  0.38719764  0.34553859  0.41845129  0.41845129  0.41209458  0.41845129  0.42486282  0.42486282  0.42486282  0.38719764  0.38110152  0.30062197  0.33405249  0.33405249  0.31159931  0.31159931  0.38719764  0.37505498  0.44443598  0.42486282  0.41209458  0.42486282  0.39954190  0.48519942  0.49221602  0.45107657  0.45107657  0.49221602  0.49221602  0.49929947  0.49929947  0.47824841  0.47136179  0.32274115  0.32837531  0.47824841  0.41209458  0.41209458  0.39334415  0.39954190  0.44443598  0.39954190  0.39334415  0.36310745  0.45107657  0.41845129  0.40579175  0.41209458  0.39954190  0.33977336  0.36310745  0.31714936  0.31159931  0.33977336  0.43785418  0.43785418  0.43785418  0.38719764  0.41209458  0.39954190  0.39954190  0.38719764  0.38110152  0.36905722  0.39334415  0.38719764  0.38110152  0.37505498  0.35134887  0.35134887  0.45107657  0.47824841  0.51367209  0.49929947  0.63990613  0.67512296  0.68419412  
17_6_0     0.37505498  0.36905722  0.38719764  0.38110152  0.35720491  0.18949299  0.10112043  0.00000000  0.04111620  0.15735411  0.13959412  0.14399450  0.19419980  0.18016782  0.18949299  0.19419980  0.30062197  0.32274115  0.32837531  0.39954190  0.29519349  0.29519349  0.24298317  0.24298317  0.21819146  0.38719764  0.40579175  0.40579175  0.35134887  0.35720491  0.38110152  0.33405249  0.34553859  0.35720491  0.32274115  0.31159931  0.31159931  0.30062197  0.31714936  0.33977336  0.35134887  0.32274115  0.31714936  0.33977336  0.36905722  0.28980435  0.28980435  0.29519349  0.35134887  0.28445400  0.29519349  0.39334415  0.39334415  0.36905722  0.36310745  0.46453837  0.46453837  0.60628221  0.31159931  0.31714936  0.29519349  0.31714936  0.27386743  0.28445400  0.33405249  0.31714936  0.28980435  0.28445400  0.28980435  0.35720491  0.35720491  0.39954190  0.35720491  0.37505498  0.31714936  0.36905722  0.38110152  0.39954190  0.36905722  0.43785418  0.39954190  0.40579175  0.41209458  0.36905722  0.36905722  0.39334415  0.39334415  0.38719764  0.32837531  0.34553859  0.34553859  0.30609038  0.30609038  0.39334415  0.36905722  0.37505498  0.41209458  0.39954190  0.40579175  0.38719764  0.43133013  0.43785418  0.41209458  0.41209458  0.44443598  0.44443598  0.40579175  0.41845129  0.38719764  0.39334415  0.36310745  0.36905722  0.44443598  0.37505498  0.41209458  0.38110152  0.41845129  0.44443598  0.40579175  0.41209458  0.36905722  0.38719764  0.38110152  0.36905722  0.37505498  0.37505498  0.29519349  0.31714936  0.29519349  0.30062197  0.31714936  0.39334415  0.40579175  0.39334415  0.36905722  0.39954190  0.39334415  0.38110152  0.35134887  0.36905722  0.34553859  0.38719764  0.38110152  0.39954190  0.37505498  0.31714936  0.31714936  0.47824841  0.47824841  0.50645105  0.50645105  0.61454671  0.67512296  0.66616114  
42_6_0     0.36310745  0.35134887  0.38110152  0.37505498  0.35720491  0.19419980  0.10529828  0.04111620  0.00000000  0.16186120  0.16186120  0.16186120  0.19419980  0.17554873  0.20370376  0.21333079  0.30609038  0.32274115  0.31714936  0.38719764  0.28980435  0.28980435  0.25313604  0.25313604  0.22800917  0.41845129  0.43785418  0.43785418  0.38110152  0.38719764  0.41209458  0.36310745  0.36905722  0.38110152  0.31159931  0.32274115  0.32274115  0.30062197  0.32837531  0.35134887  0.34553859  0.31159931  0.30609038  0.32837531  0.35720491  0.27914187  0.27914187  0.28445400  0.34553859  0.27386743  0.28445400  0.40579175  0.40579175  0.39334415  0.39334415  0.49929947  0.49929947  0.59002379  0.29519349  0.30062197  0.28445400  0.30609038  0.27386743  0.28445400  0.31714936  0.31159931  0.29519349  0.28980435  0.29519349  0.37505498  0.37505498  0.40579175  0.38719764  0.39334415  0.32274115  0.36310745  0.37505498  0.39334415  0.36310745  0.40579175  0.39334415  0.40579175  0.43133013  0.35720491  0.35720491  0.38110152  0.38719764  0.38110152  0.32274115  0.35134887  0.35134887  0.31159931  0.31159931  0.38110152  0.36310745  0.37505498  0.39954190  0.38719764  0.38719764  0.38110152  0.42486282  0.43133013  0.40579175  0.40579175  0.45107657  0.45107657  0.41209458  0.42486282  0.40579175  0.39954190  0.37505498  0.38110152  0.46453837  0.39954190  0.41209458  0.38110152  0.44443598  0.45107657  0.41845129  0.42486282  0.38110152  0.41845129  0.41209458  0.39954190  0.40579175  0.39334415  0.32274115  0.33405249  0.31159931  0.31714936  0.33405249  0.40579175  0.41845129  0.40579175  0.38719764  0.43133013  0.41209458  0.38719764  0.38110152  0.41845129  0.38110152  0.42486282  0.41845129  0.43785418  0.39334415  0.35720491  0.35720491  0.47824841  0.46453837  0.49929947  0.49929947  0.60628221  0.68419412  0.66616114  
71_2_0     0.35134887  0.35720491  0.39954190  0.39334415  0.37505498  0.20370376  0.15287418  0.15735411  0.16186120  0.00000000  0.11797456  0.12224847  0.26342948  0.22800917  0.25826495  0.26342948  0.33405249  0.32274115  0.32837531  0.45777701  0.32837531  0.32837531  0.28980435  0.28980435  0.27386743  0.46453837  0.48519942  0.48519942  0.41209458  0.45777701  0.40579175  0.40579175  0.45107657  0.45107657  0.32274115  0.36905722  0.36905722  0.34553859  0.37505498  0.38110152  0.35134887  0.30609038  0.31159931  0.34553859  0.36310745  0.29519349  0.29519349  0.28980435  0.35720491  0.27914187  0.27914187  0.36905722  0.35720491  0.33405249  0.36905722  0.49221602  0.49221602  0.58202599  0.30062197  0.29519349  0.30062197  0.27914187  0.31159931  0.30062197  0.28980435  0.32837531  0.27914187  0.31714936  0.27914187  0.40579175  0.32837531  0.33405249  0.35720491  0.41209458  0.38719764  0.34553859  0.36310745  0.38110152  0.36310745  0.45107657  0.44443598  0.45777701  0.47136179  0.39334415  0.39334415  0.40579175  0.41845129  0.40579175  0.33405249  0.39334415  0.39334415  0.31714936  0.31714936  0.39334415  0.40579175  0.45777701  0.47136179  0.47136179  0.41845129  0.39334415  0.47824841  0.47824841  0.41845129  0.41845129  0.46453837  0.46453837  0.45107657  0.45107657  0.39954190  0.39334415  0.36310745  0.38110152  0.50645105  0.39954190  0.43785418  0.40579175  0.41209458  0.42486282  0.45777701  0.45107657  0.43133013  0.45777701  0.37505498  0.36310745  0.36905722  0.34553859  0.32274115  0.35134887  0.32837531  0.31159931  0.32837531  0.44443598  0.44443598  0.45777701  0.38719764  0.41845129  0.41209458  0.37505498  0.35720491  0.37505498  0.36310745  0.40579175  0.38719764  0.40579175  0.39334415  0.36310745  0.36310745  0.42486282  0.47136179  0.53576579  0.45107657  0.63135652  0.67512296  0.68419412  
17_2_0     0.35720491  0.34553859  0.43785418  0.43133013  0.42486282  0.21819146  0.16639577  0.13959412  0.16186120  0.11797456  0.00000000  0.01098991  0.24804227  0.22308411  0.24298317  0.23795825  0.27914187  0.33405249  0.32837531  0.48519942  0.30062197  0.30062197  0.26863014  0.26863014  0.24298317  0.45107657  0.47136179  0.47136179  0.41845129  0.39954190  0.43785418  0.39954190  0.43133013  0.43133013  0.33977336  0.35134887  0.35134887  0.32837531  0.34553859  0.38110152  0.38110152  0.33405249  0.33977336  0.37505498  0.38110152  0.33405249  0.33405249  0.32837531  0.33977336  0.30609038  0.30609038  0.36905722  0.36905722  0.32837531  0.34553859  0.47136179  0.47136179  0.58202599  0.27386743  0.27914187  0.28445400  0.28445400  0.33405249  0.32274115  0.28445400  0.33405249  0.27386743  0.27914187  0.27386743  0.36905722  0.35134887  0.35720491  0.33405249  0.40579175  0.39334415  0.35720491  0.36905722  0.38719764  0.35720491  0.41209458  0.40579175  0.41209458  0.40579175  0.36310745  0.36310745  0.38719764  0.38110152  0.37505498  0.35134887  0.38110152  0.38110152  0.33405249  0.33405249  0.41209458  0.38719764  0.41845129  0.45777701  0.45777701  0.39954190  0.35720491  0.41209458  0.41845129  0.41209458  0.41209458  0.47824841  0.47824841  0.42486282  0.41209458  0.38110152  0.36310745  0.35134887  0.35720491  0.46453837  0.37505498  0.41209458  0.36905722  0.39954190  0.41845129  0.42486282  0.41845129  0.38110152  0.44443598  0.35134887  0.36310745  0.34553859  0.35720491  0.32837531  0.36310745  0.34553859  0.34553859  0.32837531  0.41845129  0.41845129  0.41845129  0.35134887  0.36905722  0.37505498  0.36310745  0.38719764  0.36905722  0.36905722  0.36310745  0.35720491  0.37505498  0.37505498  0.32274115  0.33405249  0.44443598  0.46453837  0.56628394  0.49221602  0.70267536  0.77123648  0.70267536  
42_2_0     0.36310745  0.35134887  0.43133013  0.42486282  0.41845129  0.22308411  0.17095817  0.14399450  0.16186120  0.12224847  0.01098991  0.00000000  0.26342948  0.22800917  0.24804227  0.23296707  0.28445400  0.33977336  0.33405249  0.47824841  0.30609038  0.30609038  0.27386743  0.27386743  0.24804227  0.45777701  0.47824841  0.47824841  0.43785418  0.41845129  0.45777701  0.41845129  0.43785418  0.43785418  0.34553859  0.35720491  0.35720491  0.33405249  0.35134887  0.38719764  0.38719764  0.33977336  0.34553859  0.38110152  0.38719764  0.32837531  0.32837531  0.32274115  0.35720491  0.30062197  0.30062197  0.37505498  0.37505498  0.33405249  0.36310745  0.49221602  0.49221602  0.57411330  0.27386743  0.27914187  0.29519349  0.29519349  0.32837531  0.31714936  0.28980435  0.35134887  0.27914187  0.28445400  0.27914187  0.37505498  0.35720491  0.36310745  0.33977336  0.41209458  0.39954190  0.36310745  0.37505498  0.39334415  0.36310745  0.40579175  0.39954190  0.40579175  0.39954190  0.36905722  0.36905722  0.39334415  0.37505498  0.36905722  0.35720491  0.38719764  0.38719764  0.33977336  0.33977336  0.41845129  0.40579175  0.42486282  0.47824841  0.47824841  0.40579175  0.36310745  0.41845129  0.42486282  0.40579175  0.40579175  0.47136179  0.47136179  0.41845129  0.40579175  0.37505498  0.35720491  0.35720491  0.36310745  0.47136179  0.38110152  0.40579175  0.36310745  0.39954190  0.42486282  0.44443598  0.43785418  0.39954190  0.44443598  0.35134887  0.36310745  0.34553859  0.35720491  0.32274115  0.35720491  0.33977336  0.33977336  0.32274115  0.41209458  0.41209458  0.41209458  0.34553859  0.37505498  0.38110152  0.35720491  0.38110152  0.36310745  0.36310745  0.35720491  0.35134887  0.36905722  0.36905722  0.31714936  0.32837531  0.43785418  0.45777701  0.55853616  0.48519942  0.69337732  0.76104639  0.71209116  
50_5_0     0.37505498  0.38110152  0.38719764  0.38110152  0.35134887  0.25313604  0.23795825  0.19419980  0.19419980  0.26342948  0.24804227  0.26342948  0.00000000  0.12654709  0.13087071  0.13521962  0.34553859  0.31714936  0.32274115  0.44443598  0.35134887  0.35134887  0.27914187  0.27914187  0.26863014  0.42486282  0.47136179  0.47136179  0.38719764  0.39334415  0.41209458  0.39954190  0.38110152  0.38110152  0.32837531  0.35720491  0.35720491  0.32837531  0.33977336  0.36310745  0.35720491  0.32837531  0.31714936  0.31714936  0.32837531  0.30062197  0.30062197  0.31714936  0.38719764  0.30609038  0.32837531  0.41209458  0.42486282  0.39954190  0.35720491  0.46453837  0.46453837  0.59002379  0.29519349  0.28980435  0.26342948  0.32274115  0.28445400  0.28980435  0.35134887  0.31714936  0.31714936  0.31159931  0.32274115  0.40579175  0.38110152  0.38719764  0.36905722  0.39954190  0.35720491  0.37505498  0.39334415  0.39954190  0.37505498  0.39954190  0.39334415  0.42486282  0.47136179  0.36310745  0.36310745  0.37505498  0.38719764  0.38110152  0.38719764  0.41845129  0.41845129  0.32837531  0.32837531  0.36310745  0.35134887  0.38110152  0.33405249  0.33405249  0.41209458  0.36905722  0.42486282  0.43133013  0.43785418  0.43785418  0.47824841  0.47824841  0.42486282  0.43785418  0.39954190  0.41209458  0.34553859  0.35134887  0.45777701  0.34553859  0.37505498  0.34553859  0.41845129  0.40579175  0.39954190  0.40579175  0.36310745  0.38719764  0.40579175  0.39334415  0.41209458  0.41209458  0.29519349  0.33977336  0.31159931  0.32274115  0.34553859  0.45777701  0.45777701  0.44443598  0.38719764  0.41209458  0.40579175  0.42486282  0.36310745  0.39334415  0.38110152  0.42486282  0.41209458  0.41845129  0.39334415  0.34553859  0.34553859  0.43133013  0.45107657  0.44443598  0.47824841  0.63990613  0.73128821  0.56628394  
71_5_0     0.38110152  0.38719764  0.41209458  0.40579175  0.38719764  0.18481578  0.21333079  0.18016782  0.17554873  0.22800917  0.22308411  0.22800917  0.12654709  0.00000000  0.03346942  0.05664982  0.30609038  0.27386743  0.26863014  0.41845129  0.28980435  0.28980435  0.28445400  0.28445400  0.28445400  0.43133013  0.45107657  0.45107657  0.43133013  0.46453837  0.45107657  0.41845129  0.43785418  0.43785418  0.30062197  0.35134887  0.35134887  0.34553859  0.33405249  0.36905722  0.31714936  0.29519349  0.29519349  0.30609038  0.31714936  0.25826495  0.25826495  0.26342948  0.32837531  0.26342948  0.26342948  0.39954190  0.39954190  0.37505498  0.39334415  0.46453837  0.46453837  0.52096395  0.31159931  0.30609038  0.27914187  0.33977336  0.31159931  0.31714936  0.31714936  0.30062197  0.27914187  0.28445400  0.27386743  0.38110152  0.38110152  0.38719764  0.41209458  0.39954190  0.38110152  0.37505498  0.38110152  0.39954190  0.37505498  0.36905722  0.41209458  0.35720491  0.41209458  0.36310745  0.36310745  0.36310745  0.35134887  0.33405249  0.30062197  0.33405249  0.33405249  0.30609038  0.30609038  0.36310745  0.36310745  0.36905722  0.37505498  0.36310745  0.37505498  0.39334415  0.43785418  0.44443598  0.46453837  0.46453837  0.49929947  0.49929947  0.45107657  0.46453837  0.41845129  0.40579175  0.33977336  0.34553859  0.45777701  0.38110152  0.36310745  0.32274115  0.36905722  0.40579175  0.39954190  0.40579175  0.36905722  0.47136179  0.41209458  0.39954190  0.41845129  0.43133013  0.32837531  0.33977336  0.31159931  0.32274115  0.33405249  0.46453837  0.45107657  0.45107657  0.39954190  0.47136179  0.44443598  0.42486282  0.37505498  0.39334415  0.35720491  0.39334415  0.38110152  0.38719764  0.35720491  0.32274115  0.33405249  0.45777701  0.47136179  0.55853616  0.48519942  0.66616114  0.71209116  0.59002379  
42_5_0     0.39334415  0.40579175  0.45107657  0.44443598  0.41209458  0.20850170  0.23296707  0.18949299  0.20370376  0.25826495  0.24298317  0.24804227  0.13087071  0.03346942  0.00000000  0.03728298  0.30609038  0.30062197  0.29519349  0.45107657  0.33405249  0.33405249  0.31714936  0.31714936  0.31714936  0.46453837  0.48519942  0.48519942  0.43133013  0.45107657  0.45107657  0.43133013  0.43785418  0.43785418  0.30609038  0.35720491  0.35720491  0.36310745  0.35134887  0.36905722  0.32837531  0.31714936  0.32837531  0.32837531  0.33977336  0.27914187  0.27914187  0.28445400  0.35134887  0.28445400  0.28445400  0.39954190  0.39954190  0.37505498  0.36905722  0.46453837  0.46453837  0.52096395  0.32274115  0.31714936  0.30062197  0.35134887  0.32837531  0.33405249  0.35134887  0.32837531  0.30062197  0.30609038  0.29519349  0.36905722  0.39334415  0.39954190  0.42486282  0.39334415  0.38719764  0.39954190  0.40579175  0.41209458  0.38719764  0.39334415  0.42486282  0.38110152  0.43785418  0.38719764  0.38719764  0.38719764  0.37505498  0.35720491  0.32837531  0.36310745  0.36310745  0.32837531  0.32837531  0.38719764  0.37505498  0.39334415  0.38110152  0.36905722  0.40579175  0.41845129  0.47824841  0.48519942  0.47824841  0.47824841  0.54327869  0.54327869  0.45107657  0.47824841  0.40579175  0.39954190  0.32837531  0.33405249  0.48519942  0.36905722  0.33977336  0.31159931  0.35720491  0.40579175  0.38110152  0.38719764  0.35134887  0.44443598  0.38719764  0.37505498  0.39334415  0.43133013  0.31714936  0.31714936  0.27914187  0.28980435  0.31159931  0.45107657  0.45107657  0.43785418  0.39954190  0.45777701  0.41845129  0.43785418  0.35720491  0.37505498  0.33977336  0.36310745  0.35134887  0.35720491  0.35134887  0.31714936  0.31714936  0.46453837  0.47136179  0.57411330  0.52096395  0.66616114  0.71209116  0.59810856  
17_5_0     0.41209458  0.41209458  0.45777701  0.45107657  0.41845129  0.22308411  0.22800917  0.19419980  0.21333079  0.26342948  0.23795825  0.23296707  0.13521962  0.05664982  0.03728298  0.00000000  0.31714936  0.32274115  0.31159931  0.43133013  0.32837531  0.32837531  0.30609038  0.30609038  0.31714936  0.46453837  0.48519942  0.48519942  0.43133013  0.45107657  0.45107657  0.43133013  0.39954190  0.39954190  0.33977336  0.38110152  0.38110152  0.38719764  0.37505498  0.39334415  0.36310745  0.32837531  0.32837531  0.32837531  0.33977336  0.27386743  0.27386743  0.28445400  0.37505498  0.28445400  0.28445400  0.40579175  0.40579175  0.38719764  0.39334415  0.47824841  0.47824841  0.54327869  0.31714936  0.31159931  0.28445400  0.34553859  0.30062197  0.31714936  0.33405249  0.32274115  0.30062197  0.30609038  0.29519349  0.40579175  0.41209458  0.41845129  0.42486282  0.41209458  0.40579175  0.39954190  0.44443598  0.45107657  0.39954190  0.40579175  0.42486282  0.38110152  0.42486282  0.41209458  0.41209458  0.41209458  0.35720491  0.33977336  0.37505498  0.38719764  0.38719764  0.35134887  0.35134887  0.36905722  0.36905722  0.37505498  0.41845129  0.40579175  0.42486282  0.41209458  0.46453837  0.47136179  0.46453837  0.46453837  0.53576579  0.53576579  0.45107657  0.46453837  0.39954190  0.39334415  0.31714936  0.32274115  0.47136179  0.38110152  0.36310745  0.33405249  0.36905722  0.41845129  0.39334415  0.39954190  0.36310745  0.44443598  0.38719764  0.37505498  0.39334415  0.44443598  0.31714936  0.33405249  0.30062197  0.30062197  0.31159931  0.45107657  0.45107657  0.43785418  0.39954190  0.44443598  0.41845129  0.43785418  0.36905722  0.37505498  0.33977336  0.36310745  0.35134887  0.35720491  0.36310745  0.32837531  0.32837531  0.48519942  0.47824841  0.58202599  0.52832803  0.65730606  0.70267536  0.59810856  
74_2_0     0.32274115  0.37505498  0.39954190  0.40579175  0.38719764  0.33977336  0.35134887  0.30062197  0.30609038  0.33405249  0.27914187  0.28445400  0.34553859  0.30609038  0.30609038  0.31714936  0.00000000  0.27386743  0.27386743  0.47824841  0.26342948  0.26342948  0.27386743  0.27386743  0.24804227  0.44443598  0.46453837  0.46453837  0.48519942  0.47824841  0.45777701  0.47136179  0.44443598  0.44443598  0.28980435  0.31159931  0.31159931  0.32274115  0.33405249  0.31159931  0.33405249  0.34553859  0.35134887  0.35720491  0.37505498  0.34553859  0.34553859  0.35134887  0.36310745  0.34553859  0.35720491  0.39954190  0.38719764  0.38719764  0.44443598  0.48519942  0.48519942  0.54327869  0.31159931  0.31159931  0.30062197  0.28445400  0.35134887  0.34553859  0.27386743  0.33405249  0.28445400  0.28980435  0.30609038  0.41845129  0.36905722  0.38719764  0.38110152  0.41209458  0.36905722  0.37505498  0.38719764  0.39334415  0.36310745  0.36905722  0.36905722  0.44443598  0.40579175  0.35720491  0.35720491  0.36905722  0.38110152  0.37505498  0.35720491  0.40579175  0.40579175  0.38110152  0.38110152  0.44443598  0.41845129  0.42486282  0.45107657  0.45107657  0.36310745  0.37505498  0.35720491  0.36310745  0.37505498  0.37505498  0.39334415  0.39334415  0.36310745  0.36310745  0.32274115  0.36310745  0.32837531  0.32274115  0.42486282  0.33977336  0.32837531  0.30062197  0.35134887  0.36310745  0.39954190  0.40579175  0.36905722  0.35134887  0.35720491  0.35720491  0.35134887  0.36310745  0.26863014  0.31159931  0.31714936  0.30609038  0.31714936  0.38110152  0.38110152  0.36905722  0.36310745  0.40579175  0.42486282  0.36310745  0.33977336  0.30609038  0.31714936  0.34553859  0.33405249  0.32837531  0.36310745  0.34553859  0.34553859  0.41209458  0.40579175  0.48519942  0.42486282  0.59810856  0.51367209  0.52096395  
15_2_0     0.35134887  0.36905722  0.34553859  0.35134887  0.35720491  0.31159931  0.30609038  0.32274115  0.32274115  0.32274115  0.33405249  0.33977336  0.31714936  0.27386743  0.30062197  0.32274115  0.27386743  0.00000000  0.05664982  0.40579175  0.26863014  0.26863014  0.23296707  0.23296707  0.21819146  0.43133013  0.46453837  0.46453837  0.39954190  0.43133013  0.38719764  0.39334415  0.39954190  0.38719764  0.27386743  0.29519349  0.29519349  0.26342948  0.25313604  0.26863014  0.26342948  0.29519349  0.28445400  0.25826495  0.27386743  0.24298317  0.24298317  0.22800917  0.31714936  0.24298317  0.24298317  0.35720491  0.35720491  0.35720491  0.36905722  0.43785418  0.43785418  0.49221602  0.28980435  0.27914187  0.30609038  0.26863014  0.29519349  0.28445400  0.25313604  0.30609038  0.25313604  0.25313604  0.24298317  0.37505498  0.28445400  0.32837531  0.30609038  0.39334415  0.31159931  0.31714936  0.32837531  0.33405249  0.29519349  0.34553859  0.33977336  0.36905722  0.36905722  0.29519349  0.29519349  0.29519349  0.34553859  0.32274115  0.28445400  0.26863014  0.26863014  0.25826495  0.25826495  0.29519349  0.29519349  0.37505498  0.40579175  0.39334415  0.34553859  0.39954190  0.44443598  0.43785418  0.39334415  0.39334415  0.41845129  0.41845129  0.39954190  0.39954190  0.37505498  0.36905722  0.34553859  0.33977336  0.38719764  0.35134887  0.33405249  0.31714936  0.36310745  0.38719764  0.38110152  0.38110152  0.36905722  0.37505498  0.32274115  0.32274115  0.32837531  0.33405249  0.26863014  0.27914187  0.28445400  0.26342948  0.32274115  0.41845129  0.40579175  0.40579175  0.39334415  0.43133013  0.42486282  0.39334415  0.31714936  0.33405249  0.30609038  0.36310745  0.35134887  0.33977336  0.33405249  0.35134887  0.35134887  0.39954190  0.35720491  0.45777701  0.39954190  0.63135652  0.64855520  0.52832803  
27_2_0     0.35134887  0.36905722  0.34553859  0.35134887  0.36905722  0.32837531  0.32274115  0.32837531  0.31714936  0.32837531  0.32837531  0.33405249  0.32274115  0.26863014  0.29519349  0.31159931  0.27386743  0.05664982  0.00000000  0.39954190  0.28445400  0.28445400  0.26342948  0.26342948  0.24804227  0.43785418  0.47136179  0.47136179  0.41845129  0.42486282  0.40579175  0.41209458  0.41845129  0.40579175  0.27386743  0.30609038  0.30609038  0.26342948  0.26342948  0.26863014  0.26342948  0.30609038  0.29519349  0.25826495  0.27386743  0.22308411  0.22308411  0.21819146  0.30062197  0.23296707  0.23296707  0.33977336  0.33977336  0.35134887  0.36310745  0.46453837  0.46453837  0.49221602  0.28980435  0.27914187  0.30609038  0.27914187  0.30062197  0.30062197  0.25313604  0.28445400  0.27386743  0.28445400  0.25313604  0.38719764  0.28980435  0.32837531  0.31159931  0.35134887  0.29519349  0.30609038  0.30609038  0.31159931  0.26342948  0.33405249  0.32837531  0.33405249  0.36905722  0.31714936  0.31714936  0.31714936  0.31159931  0.28980435  0.28445400  0.27914187  0.27914187  0.27386743  0.27386743  0.29519349  0.29519349  0.36905722  0.41209458  0.39954190  0.33405249  0.38719764  0.41845129  0.41209458  0.36905722  0.36905722  0.39334415  0.39334415  0.38719764  0.38719764  0.37505498  0.36905722  0.36905722  0.36310745  0.38719764  0.35134887  0.30062197  0.28445400  0.32274115  0.33977336  0.35720491  0.35720491  0.34553859  0.41209458  0.35720491  0.35720491  0.36310745  0.35720491  0.27914187  0.28980435  0.31714936  0.30609038  0.34553859  0.43133013  0.41845129  0.41845129  0.43133013  0.45777701  0.45107657  0.41845129  0.33977336  0.33405249  0.31714936  0.38110152  0.35720491  0.35720491  0.32274115  0.33977336  0.33977336  0.41209458  0.34553859  0.48519942  0.40579175  0.63990613  0.64855520  0.55086829  
19_2_0     0.52832803  0.47824841  0.51367209  0.50645105  0.49929947  0.45107657  0.41845129  0.39954190  0.38719764  0.45777701  0.48519942  0.47824841  0.44443598  0.41845129  0.45107657  0.43133013  0.47824841  0.40579175  0.39954190  0.00000000  0.45107657  0.45107657  0.44443598  0.44443598  0.39334415  0.46453837  0.47824841  0.47824841  0.50645105  0.54327869  0.49929947  0.46453837  0.43133013  0.43133013  0.52096395  0.53576579  0.53576579  0.55086829  0.53576579  0.49929947  0.53576579  0.51367209  0.49221602  0.49221602  0.51367209  0.43785418  0.43785418  0.45777701  0.52832803  0.47136179  0.48519942  0.52096395  0.52096395  0.49221602  0.55853616  0.56628394  0.56628394  0.63135652  0.44443598  0.42486282  0.39334415  0.43785418  0.40579175  0.41845129  0.46453837  0.41209458  0.43785418  0.44443598  0.42486282  0.54327869  0.49221602  0.51367209  0.47824841  0.55853616  0.58202599  0.47824841  0.50645105  0.52096395  0.47824841  0.51367209  0.50645105  0.47824841  0.50645105  0.43133013  0.43133013  0.42486282  0.49929947  0.47136179  0.47136179  0.49221602  0.49221602  0.46453837  0.46453837  0.42486282  0.42486282  0.45107657  0.54327869  0.52832803  0.51367209  0.49929947  0.59002379  0.58202599  0.51367209  0.51367209  0.55086829  0.55086829  0.56628394  0.55086829  0.59002379  0.55086829  0.49929947  0.49929947  0.52832803  0.55853616  0.52832803  0.53576579  0.48519942  0.55086829  0.57411330  0.58202599  0.51367209  0.53576579  0.51367209  0.51367209  0.50645105  0.47824841  0.47136179  0.42486282  0.44443598  0.43785418  0.47824841  0.49221602  0.49221602  0.49221602  0.43785418  0.55853616  0.49221602  0.43785418  0.45107657  0.47136179  0.43133013  0.39954190  0.42486282  0.45107657  0.43133013  0.45107657  0.45107657  0.50645105  0.47824841  0.57411330  0.53576579  0.56628394  0.62290411  0.57411330  
79_2_0     0.32274115  0.33977336  0.39334415  0.39954190  0.35134887  0.32274115  0.31159931  0.29519349  0.28980435  0.32837531  0.30062197  0.30609038  0.35134887  0.28980435  0.33405249  0.32837531  0.26342948  0.26863014  0.28445400  0.45107657  0.00000000  0.00000000  0.13087071  0.13087071  0.11372508  0.42486282  0.44443598  0.44443598  0.43133013  0.43785418  0.43133013  0.42486282  0.39954190  0.41209458  0.24804227  0.28445400  0.28445400  0.26863014  0.29519349  0.26863014  0.28980435  0.29519349  0.30609038  0.31159931  0.30609038  0.27914187  0.27914187  0.27386743  0.34553859  0.26342948  0.26342948  0.31159931  0.30062197  0.28980435  0.31714936  0.39334415  0.39334415  0.55086829  0.25313604  0.26342948  0.27914187  0.24804227  0.32837531  0.31159931  0.28445400  0.28445400  0.28445400  0.28980435  0.28980435  0.36905722  0.35134887  0.35134887  0.35134887  0.37505498  0.34553859  0.28980435  0.29519349  0.31159931  0.26342948  0.30609038  0.31159931  0.36905722  0.33977336  0.27914187  0.27914187  0.27914187  0.34553859  0.32837531  0.28445400  0.31159931  0.31159931  0.28980435  0.28980435  0.35134887  0.33977336  0.40579175  0.41209458  0.41209458  0.35720491  0.35134887  0.41209458  0.40579175  0.39334415  0.39334415  0.38719764  0.38719764  0.38719764  0.38719764  0.32274115  0.33977336  0.30609038  0.31714936  0.40579175  0.30609038  0.35134887  0.32274115  0.38110152  0.33405249  0.41209458  0.41845129  0.39954190  0.37505498  0.33405249  0.33405249  0.32837531  0.35134887  0.26863014  0.31714936  0.31714936  0.29519349  0.30062197  0.40579175  0.40579175  0.40579175  0.36310745  0.38719764  0.37505498  0.37505498  0.31159931  0.30609038  0.29519349  0.35134887  0.35720491  0.37505498  0.32274115  0.35134887  0.35134887  0.43785418  0.47824841  0.43133013  0.45777701  0.55853616  0.53576579  0.56628394  
