6
17_0_0     0.00000000  0.00982079  0.00000000  0.01478035  0.24651669  0.23974781  
19_0_0     0.00982079  0.00000000  0.00982079  0.02480002  0.24651669  0.25334787  
18_0_0     0.00000000  0.00982079  0.00000000  0.01478035  0.24651669  0.23974781  
15_0_0     0.01478035  0.02480002  0.01478035  0.00000000  0.24651669  0.25334787  
20_0_0     0.24651669  0.24651669  0.24651669  0.24651669  0.00000000  0.26024251  
16_0_0     0.23974781  0.25334787  0.23974781  0.25334787  0.26024251  0.00000000  

