11
56_2_0     0.00000000  0.18411124  0.21978375  0.31312272  0.30487993  0.30487993  0.32145813  0.28866412  0.27279519  0.27279519  0.26498623  
56_1_0     0.18411124  0.00000000  0.08635871  0.34704146  0.35576912  0.35576912  0.42955332  0.35576912  0.32145813  0.32145813  0.34704146  
56_3_0     0.21978375  0.08635871  0.00000000  0.39174428  0.38258562  0.38258562  0.37353865  0.34704146  0.34704146  0.34704146  0.33841528  
75_4_0     0.31312272  0.34704146  0.39174428  0.00000000  0.02768410  0.02768410  0.19110983  0.09248971  0.07424665  0.07424665  0.07424665  
82_4_0     0.30487993  0.35576912  0.38258562  0.02768410  0.00000000  0.00000000  0.17717805  0.09867180  0.08027796  0.08027796  0.08027796  
99_4_0     0.30487993  0.35576912  0.38258562  0.02768410  0.00000000  0.00000000  0.17717805  0.09867180  0.08027796  0.08027796  0.08027796  
76_0_0     0.32145813  0.42955332  0.37353865  0.19110983  0.17717805  0.17717805  0.00000000  0.15675899  0.18411124  0.18411124  0.13688693  
75_0_0     0.28866412  0.35576912  0.34704146  0.09248971  0.09867180  0.09867180  0.15675899  0.00000000  0.03334708  0.03334708  0.02768410  
99_0_0     0.27279519  0.32145813  0.34704146  0.07424665  0.08027796  0.08027796  0.18411124  0.03334708  0.00000000  0.00000000  0.03905363  
82_0_0     0.27279519  0.32145813  0.34704146  0.07424665  0.08027796  0.08027796  0.18411124  0.03334708  0.00000000  0.00000000  0.03905363  
96_0_0     0.26498623  0.34704146  0.33841528  0.07424665  0.08027796  0.08027796  0.13688693  0.02768410  0.03905363  0.03905363  0.00000000  

