154
93_31_0    0.00000000  0.25955636  0.26605320  0.25311567  0.25955636  0.26605320  0.34878256  0.34152667  0.34152667  0.34878256  0.35610978  0.39386710  0.38616105  0.37098396  0.38616105  0.38616105  0.42551372  0.44185566  0.35610978  0.40952244  0.39386710  0.39386710  0.40165366  0.45856400  0.46706077  0.46706077  0.45856400  0.45856400  0.45856400  0.45856400  0.46706077  0.45016301  0.45016301  0.49314826  0.49314826  0.59746848  0.63934104  0.59746848  0.53876541  0.54823374  0.57738261  0.56753910  0.52941586  0.53876541  0.53876541  0.55782391  0.55782391  0.45856400  0.50205105  0.46706077  0.54823374  0.54823374  0.53876541  0.56753910  0.56753910  0.55782391  0.59746848  0.47565554  0.47565554  0.47565554  0.45856400  0.66119393  0.67236546  0.62865028  0.46706077  0.45856400  0.52941586  0.54823374  0.51106147  0.52018216  0.58735788  0.54823374  0.55782391  0.54823374  0.45016301  0.45856400  0.46706077  0.44185566  0.48435058  0.52018216  0.51106147  0.52018216  0.52941586  0.52941586  0.48435058  0.48435058  0.47565554  0.47565554  0.50205105  0.49314826  0.53876541  0.53876541  0.54823374  0.54823374  0.57738261  0.55782391  0.55782391  0.53876541  0.48435058  0.47565554  0.56753910  0.54823374  0.52018216  0.52941586  0.52018216  0.55782391  0.54823374  0.54823374  0.54823374  0.54823374  0.55782391  0.54823374  0.54823374  0.54823374  0.56753910  0.56753910  0.51106147  0.52018216  0.51106147  0.52018216  0.52018216  0.52018216  0.53876541  0.71880553  0.76833292  0.71880553  0.53876541  0.48435058  0.48435058  0.46706077  0.47565554  0.52018216  0.59746848  0.52941586  0.53876541  0.51106147  0.52941586  0.53876541  0.52941586  0.52941586  0.52941586  0.53876541  0.49314826  0.53876541  0.50205105  0.50205105  0.49314826  0.49314826  0.48435058  0.49314826  0.52018216  0.51106147  0.52941586  0.48435058  
96_36_0    0.25955636  0.00000000  0.01382609  0.00458026  0.01849238  0.02318808  0.24039891  0.24673016  0.24673016  0.24039891  0.24673016  0.29941510  0.30627052  0.29941510  0.29941510  0.29941510  0.41747519  0.40952244  0.29941510  0.37853387  0.33434075  0.34152667  0.36350976  0.35610978  0.35610978  0.35610978  0.35610978  0.35610978  0.36350976  0.36350976  0.37098396  0.37098396  0.37098396  0.38616105  0.38616105  0.46706077  0.46706077  0.48435058  0.50205105  0.49314826  0.45856400  0.45016301  0.40952244  0.41747519  0.40952244  0.42551372  0.42551372  0.42551372  0.45016301  0.41747519  0.44185566  0.44185566  0.43363990  0.44185566  0.44185566  0.44185566  0.43363990  0.35610978  0.35610978  0.37853387  0.37098396  0.55782391  0.54823374  0.52941586  0.32722345  0.35610978  0.37853387  0.39386710  0.42551372  0.40952244  0.49314826  0.43363990  0.45016301  0.45856400  0.38616105  0.39386710  0.38616105  0.41747519  0.42551372  0.36350976  0.40165366  0.40165366  0.39386710  0.39386710  0.40952244  0.40952244  0.43363990  0.43363990  0.38616105  0.41747519  0.40952244  0.40952244  0.38616105  0.39386710  0.45016301  0.45016301  0.44185566  0.45016301  0.44185566  0.45856400  0.53876541  0.45016301  0.44185566  0.45016301  0.45856400  0.49314826  0.50205105  0.48435058  0.45856400  0.45016301  0.49314826  0.46706077  0.48435058  0.48435058  0.48435058  0.48435058  0.49314826  0.48435058  0.48435058  0.47565554  0.45856400  0.47565554  0.47565554  0.58735788  0.65018739  0.54823374  0.45016301  0.46706077  0.37853387  0.40165366  0.36350976  0.43363990  0.43363990  0.43363990  0.45856400  0.43363990  0.45016301  0.41747519  0.42551372  0.42551372  0.42551372  0.45016301  0.44185566  0.45856400  0.40952244  0.39386710  0.40165366  0.40165366  0.37098396  0.38616105  0.37853387  0.38616105  0.38616105  0.43363990  
95_36_0    0.26605320  0.01382609  0.00000000  0.00918884  0.02318808  0.02791354  0.22789550  0.23412098  0.23412098  0.22789550  0.23412098  0.29262217  0.29941510  0.29262217  0.29262217  0.29262217  0.41747519  0.43363990  0.32017348  0.38616105  0.35610978  0.34878256  0.38616105  0.35610978  0.35610978  0.35610978  0.35610978  0.35610978  0.35610978  0.35610978  0.36350976  0.36350976  0.36350976  0.37853387  0.37853387  0.45016301  0.45016301  0.46706077  0.51106147  0.50205105  0.48435058  0.47565554  0.41747519  0.40952244  0.40952244  0.41747519  0.41747519  0.41747519  0.44185566  0.40952244  0.43363990  0.43363990  0.42551372  0.45016301  0.45016301  0.45016301  0.44185566  0.36350976  0.36350976  0.38616105  0.37853387  0.56753910  0.55782391  0.53876541  0.33434075  0.34878256  0.38616105  0.40165366  0.41747519  0.40165366  0.48435058  0.44185566  0.44185566  0.45016301  0.37853387  0.38616105  0.37853387  0.40952244  0.41747519  0.35610978  0.39386710  0.39386710  0.38616105  0.38616105  0.40165366  0.40165366  0.42551372  0.42551372  0.37853387  0.40952244  0.40165366  0.41747519  0.39386710  0.40165366  0.45856400  0.43363990  0.42551372  0.43363990  0.43363990  0.45016301  0.51106147  0.45856400  0.43363990  0.44185566  0.45016301  0.47565554  0.48435058  0.47565554  0.45016301  0.44185566  0.50205105  0.47565554  0.49314826  0.49314826  0.49314826  0.49314826  0.50205105  0.49314826  0.49314826  0.48435058  0.46706077  0.49314826  0.49314826  0.59746848  0.66119393  0.55782391  0.44185566  0.45856400  0.37098396  0.39386710  0.35610978  0.42551372  0.44185566  0.42551372  0.45016301  0.42551372  0.44185566  0.40952244  0.41747519  0.41747519  0.45016301  0.47565554  0.46706077  0.45016301  0.40165366  0.38616105  0.39386710  0.39386710  0.37853387  0.39386710  0.37098396  0.37853387  0.37853387  0.45016301  
99_36_0    0.25311567  0.00458026  0.00918884  0.00000000  0.01382609  0.01849238  0.23412098  0.24039891  0.24039891  0.23412098  0.24039891  0.29262217  0.29941510  0.29262217  0.29262217  0.29262217  0.40952244  0.41747519  0.30627052  0.37098396  0.34152667  0.33434075  0.37098396  0.36350976  0.36350976  0.36350976  0.36350976  0.36350976  0.35610978  0.35610978  0.36350976  0.36350976  0.36350976  0.37853387  0.37853387  0.45856400  0.45856400  0.47565554  0.51106147  0.50205105  0.46706077  0.45856400  0.41747519  0.40952244  0.40952244  0.41747519  0.41747519  0.41747519  0.44185566  0.40952244  0.43363990  0.43363990  0.42551372  0.45016301  0.45016301  0.45016301  0.44185566  0.36350976  0.36350976  0.38616105  0.37853387  0.56753910  0.55782391  0.53876541  0.33434075  0.34878256  0.38616105  0.40165366  0.41747519  0.40165366  0.48435058  0.44185566  0.44185566  0.45016301  0.37853387  0.38616105  0.37853387  0.40952244  0.41747519  0.35610978  0.39386710  0.39386710  0.38616105  0.38616105  0.40165366  0.40165366  0.42551372  0.42551372  0.37853387  0.40952244  0.40165366  0.41747519  0.39386710  0.40165366  0.45856400  0.44185566  0.43363990  0.44185566  0.43363990  0.45016301  0.52941586  0.45856400  0.43363990  0.44185566  0.45016301  0.48435058  0.49314826  0.47565554  0.45016301  0.44185566  0.48435058  0.45856400  0.47565554  0.47565554  0.47565554  0.47565554  0.48435058  0.47565554  0.47565554  0.46706077  0.45016301  0.48435058  0.48435058  0.59746848  0.66119393  0.55782391  0.44185566  0.45856400  0.37098396  0.39386710  0.35610978  0.42551372  0.44185566  0.42551372  0.45016301  0.42551372  0.44185566  0.40952244  0.41747519  0.41747519  0.43363990  0.45856400  0.45016301  0.45016301  0.40165366  0.38616105  0.39386710  0.39386710  0.37853387  0.39386710  0.37098396  0.37853387  0.37853387  0.43363990  
98_36_0    0.25955636  0.01849238  0.02318808  0.01382609  0.00000000  0.00458026  0.22789550  0.23412098  0.23412098  0.22789550  0.23412098  0.28589060  0.29262217  0.27921929  0.28589060  0.28589060  0.43363990  0.42551372  0.29262217  0.35610978  0.32722345  0.32722345  0.37853387  0.38616105  0.38616105  0.38616105  0.38616105  0.38616105  0.34878256  0.34878256  0.35610978  0.35610978  0.35610978  0.38616105  0.38616105  0.45856400  0.45856400  0.45856400  0.49314826  0.48435058  0.46706077  0.45856400  0.41747519  0.40952244  0.40952244  0.41747519  0.41747519  0.40952244  0.43363990  0.40165366  0.44185566  0.43363990  0.43363990  0.43363990  0.43363990  0.43363990  0.42551372  0.34878256  0.34878256  0.37098396  0.36350976  0.57738261  0.56753910  0.52941586  0.33434075  0.34878256  0.38616105  0.40165366  0.42551372  0.40952244  0.48435058  0.44185566  0.44185566  0.43363990  0.36350976  0.37098396  0.36350976  0.39386710  0.40165366  0.34152667  0.37853387  0.37853387  0.37098396  0.37098396  0.38616105  0.38616105  0.40952244  0.40952244  0.36350976  0.39386710  0.40165366  0.40165366  0.37853387  0.40165366  0.44185566  0.44185566  0.43363990  0.44185566  0.42551372  0.43363990  0.52941586  0.45856400  0.41747519  0.42551372  0.43363990  0.48435058  0.47565554  0.47565554  0.45856400  0.44185566  0.46706077  0.44185566  0.45856400  0.45856400  0.45856400  0.45856400  0.46706077  0.45856400  0.45856400  0.46706077  0.45016301  0.48435058  0.48435058  0.57738261  0.63934104  0.53876541  0.42551372  0.45856400  0.37098396  0.37853387  0.35610978  0.44185566  0.44185566  0.43363990  0.45016301  0.40952244  0.44185566  0.40952244  0.41747519  0.41747519  0.41747519  0.44185566  0.43363990  0.45016301  0.40165366  0.38616105  0.39386710  0.39386710  0.38616105  0.39386710  0.37098396  0.37853387  0.37853387  0.45016301  
94_36_0    0.26605320  0.02318808  0.02791354  0.01849238  0.00458026  0.00000000  0.22172159  0.22789550  0.22789550  0.22172159  0.22789550  0.27921929  0.28589060  0.27260717  0.27921929  0.27921929  0.43363990  0.42551372  0.29941510  0.36350976  0.33434075  0.32017348  0.37098396  0.39386710  0.39386710  0.39386710  0.39386710  0.39386710  0.35610978  0.35610978  0.36350976  0.36350976  0.36350976  0.37853387  0.37853387  0.45016301  0.45016301  0.45016301  0.48435058  0.47565554  0.45856400  0.45016301  0.42551372  0.40165366  0.40165366  0.40952244  0.40952244  0.40165366  0.42551372  0.39386710  0.43363990  0.42551372  0.42551372  0.42551372  0.42551372  0.42551372  0.41747519  0.34152667  0.34152667  0.36350976  0.37098396  0.56753910  0.55782391  0.52018216  0.34152667  0.35610978  0.39386710  0.40952244  0.41747519  0.40165366  0.49314826  0.45016301  0.45016301  0.42551372  0.37098396  0.37853387  0.37098396  0.40165366  0.40952244  0.34878256  0.38616105  0.38616105  0.37853387  0.36350976  0.39386710  0.39386710  0.41747519  0.41747519  0.37098396  0.40165366  0.40952244  0.39386710  0.37098396  0.39386710  0.43363990  0.45016301  0.44185566  0.45016301  0.43363990  0.44185566  0.53876541  0.46706077  0.40952244  0.41747519  0.42551372  0.49314826  0.48435058  0.48435058  0.46706077  0.45016301  0.45856400  0.43363990  0.45016301  0.45856400  0.45856400  0.45856400  0.45856400  0.45016301  0.45016301  0.47565554  0.45856400  0.49314826  0.49314826  0.58735788  0.65018739  0.54823374  0.41747519  0.46706077  0.37853387  0.38616105  0.36350976  0.43363990  0.44185566  0.44185566  0.44185566  0.40165366  0.43363990  0.40165366  0.42551372  0.42551372  0.40952244  0.43363990  0.42551372  0.44185566  0.39386710  0.37853387  0.38616105  0.38616105  0.37853387  0.38616105  0.36350976  0.37098396  0.37098396  0.45856400  
99_38_0    0.34878256  0.24039891  0.22789550  0.23412098  0.22789550  0.22172159  0.00000000  0.00458026  0.00458026  0.00918884  0.01382609  0.13477100  0.12931966  0.12931966  0.13477100  0.13477100  0.45856400  0.47565554  0.44185566  0.47565554  0.44185566  0.44185566  0.45016301  0.40952244  0.41747519  0.40952244  0.40952244  0.40952244  0.41747519  0.41747519  0.42551372  0.42551372  0.42551372  0.45016301  0.43363990  0.53876541  0.55782391  0.50205105  0.52018216  0.52941586  0.52941586  0.49314826  0.48435058  0.46706077  0.50205105  0.50205105  0.52941586  0.45856400  0.48435058  0.45016301  0.45856400  0.45856400  0.45016301  0.50205105  0.50205105  0.49314826  0.50205105  0.41747519  0.41747519  0.42551372  0.43363990  0.56753910  0.57738261  0.57738261  0.42551372  0.45016301  0.46706077  0.45016301  0.49314826  0.48435058  0.48435058  0.51106147  0.52941586  0.50205105  0.40165366  0.38616105  0.38616105  0.48435058  0.47565554  0.45016301  0.46706077  0.39386710  0.40165366  0.42551372  0.44185566  0.44185566  0.42551372  0.42551372  0.41747519  0.43363990  0.45856400  0.45016301  0.42551372  0.41747519  0.50205105  0.44185566  0.43363990  0.44185566  0.39386710  0.39386710  0.53876541  0.55782391  0.46706077  0.46706077  0.45016301  0.43363990  0.42551372  0.51106147  0.46706077  0.46706077  0.50205105  0.47565554  0.49314826  0.52018216  0.52018216  0.51106147  0.48435058  0.47565554  0.49314826  0.52018216  0.48435058  0.48435058  0.48435058  0.52941586  0.57738261  0.48435058  0.44185566  0.45856400  0.45016301  0.44185566  0.43363990  0.44185566  0.54823374  0.50205105  0.48435058  0.45856400  0.47565554  0.48435058  0.45856400  0.46706077  0.52941586  0.52941586  0.49314826  0.49314826  0.40952244  0.42551372  0.41747519  0.41747519  0.42551372  0.44185566  0.45856400  0.45856400  0.45856400  0.55782391  
95_38_0    0.34152667  0.24673016  0.23412098  0.24039891  0.23412098  0.22789550  0.00458026  0.00000000  0.00918884  0.01382609  0.01849238  0.14026251  0.13477100  0.13477100  0.14026251  0.14026251  0.45016301  0.46706077  0.44185566  0.47565554  0.44185566  0.43363990  0.44185566  0.41747519  0.42551372  0.41747519  0.41747519  0.41747519  0.42551372  0.42551372  0.43363990  0.43363990  0.43363990  0.45856400  0.44185566  0.54823374  0.56753910  0.49314826  0.51106147  0.52018216  0.53876541  0.50205105  0.47565554  0.47565554  0.51106147  0.51106147  0.52018216  0.46706077  0.49314826  0.45856400  0.45856400  0.45856400  0.45016301  0.51106147  0.51106147  0.50205105  0.51106147  0.40952244  0.40952244  0.41747519  0.42551372  0.57738261  0.58735788  0.58735788  0.43363990  0.45856400  0.47565554  0.45856400  0.48435058  0.49314826  0.47565554  0.50205105  0.53876541  0.51106147  0.39386710  0.37853387  0.37853387  0.47565554  0.46706077  0.44185566  0.45856400  0.38616105  0.39386710  0.41747519  0.43363990  0.43363990  0.41747519  0.41747519  0.40952244  0.42551372  0.45016301  0.44185566  0.43363990  0.42551372  0.51106147  0.43363990  0.42551372  0.43363990  0.38616105  0.38616105  0.54823374  0.54823374  0.45856400  0.45856400  0.44185566  0.42551372  0.41747519  0.50205105  0.45856400  0.45856400  0.49314826  0.46706077  0.48435058  0.51106147  0.51106147  0.50205105  0.47565554  0.46706077  0.48435058  0.51106147  0.47565554  0.47565554  0.47565554  0.53876541  0.58735788  0.49314826  0.43363990  0.45016301  0.45856400  0.45016301  0.44185566  0.43363990  0.53876541  0.49314826  0.47565554  0.45016301  0.46706077  0.47565554  0.46706077  0.45856400  0.52018216  0.52018216  0.48435058  0.48435058  0.40165366  0.41747519  0.40952244  0.40952244  0.41747519  0.43363990  0.45016301  0.45016301  0.45016301  0.54823374  
96_38_0    0.34152667  0.24673016  0.23412098  0.24039891  0.23412098  0.22789550  0.00458026  0.00918884  0.00000000  0.00458026  0.00918884  0.12931966  0.12390790  0.12390790  0.12931966  0.12931966  0.45016301  0.46706077  0.43363990  0.46706077  0.43363990  0.43363990  0.45856400  0.41747519  0.42551372  0.41747519  0.41747519  0.41747519  0.40952244  0.40952244  0.41747519  0.41747519  0.41747519  0.45856400  0.44185566  0.54823374  0.56753910  0.51106147  0.52941586  0.53876541  0.53876541  0.50205105  0.49314826  0.47565554  0.51106147  0.51106147  0.53876541  0.46706077  0.49314826  0.45856400  0.46706077  0.46706077  0.45856400  0.51106147  0.51106147  0.50205105  0.51106147  0.42551372  0.42551372  0.43363990  0.42551372  0.57738261  0.58735788  0.58735788  0.41747519  0.44185566  0.45856400  0.44185566  0.50205105  0.47565554  0.49314826  0.52018216  0.53876541  0.51106147  0.39386710  0.37853387  0.37853387  0.47565554  0.46706077  0.45856400  0.45856400  0.38616105  0.39386710  0.41747519  0.43363990  0.43363990  0.41747519  0.41747519  0.40952244  0.42551372  0.45016301  0.44185566  0.41747519  0.40952244  0.49314826  0.43363990  0.42551372  0.43363990  0.38616105  0.38616105  0.52941586  0.54823374  0.45856400  0.45856400  0.44185566  0.42551372  0.41747519  0.50205105  0.45856400  0.45856400  0.49314826  0.46706077  0.48435058  0.51106147  0.51106147  0.50205105  0.47565554  0.46706077  0.48435058  0.51106147  0.47565554  0.47565554  0.47565554  0.53876541  0.58735788  0.49314826  0.45016301  0.46706077  0.45856400  0.45016301  0.44185566  0.45016301  0.55782391  0.51106147  0.49314826  0.46706077  0.48435058  0.49314826  0.46706077  0.47565554  0.52018216  0.52018216  0.48435058  0.48435058  0.41747519  0.43363990  0.42551372  0.42551372  0.43363990  0.45016301  0.46706077  0.46706077  0.46706077  0.54823374  
94_38_0    0.34878256  0.24039891  0.22789550  0.23412098  0.22789550  0.22172159  0.00918884  0.01382609  0.00458026  0.00000000  0.00458026  0.13477100  0.12931966  0.12931966  0.13477100  0.13477100  0.45856400  0.47565554  0.44185566  0.47565554  0.42551372  0.43363990  0.45016301  0.41747519  0.42551372  0.41747519  0.41747519  0.41747519  0.41747519  0.41747519  0.42551372  0.42551372  0.42551372  0.46706077  0.45016301  0.53876541  0.55782391  0.50205105  0.52018216  0.52941586  0.52941586  0.49314826  0.50205105  0.48435058  0.52018216  0.52018216  0.54823374  0.47565554  0.50205105  0.46706077  0.47565554  0.47565554  0.46706077  0.52018216  0.52018216  0.51106147  0.52018216  0.43363990  0.43363990  0.44185566  0.43363990  0.56753910  0.57738261  0.57738261  0.41747519  0.44185566  0.45856400  0.44185566  0.49314826  0.46706077  0.50205105  0.52941586  0.54823374  0.50205105  0.40165366  0.38616105  0.37098396  0.48435058  0.45856400  0.45016301  0.45016301  0.37853387  0.38616105  0.40952244  0.42551372  0.42551372  0.40952244  0.40952244  0.40165366  0.41747519  0.44185566  0.43363990  0.40952244  0.41747519  0.48435058  0.42551372  0.41747519  0.42551372  0.39386710  0.39386710  0.53876541  0.53876541  0.46706077  0.46706077  0.45016301  0.41747519  0.40952244  0.49314826  0.45016301  0.45016301  0.48435058  0.45856400  0.47565554  0.50205105  0.50205105  0.49314826  0.48435058  0.47565554  0.49314826  0.50205105  0.46706077  0.48435058  0.46706077  0.52941586  0.57738261  0.48435058  0.44185566  0.47565554  0.45016301  0.45856400  0.43363990  0.45016301  0.56753910  0.50205105  0.50205105  0.47565554  0.49314826  0.48435058  0.45856400  0.48435058  0.51106147  0.51106147  0.49314826  0.47565554  0.40952244  0.44185566  0.43363990  0.43363990  0.42551372  0.44185566  0.45856400  0.45856400  0.45856400  0.53876541  
98_38_0    0.35610978  0.24673016  0.23412098  0.24039891  0.23412098  0.22789550  0.01382609  0.01849238  0.00918884  0.00458026  0.00000000  0.14026251  0.13477100  0.13477100  0.14026251  0.14026251  0.46706077  0.48435058  0.44185566  0.47565554  0.42551372  0.43363990  0.45856400  0.42551372  0.43363990  0.42551372  0.42551372  0.42551372  0.42551372  0.42551372  0.43363990  0.43363990  0.43363990  0.47565554  0.45856400  0.52941586  0.54823374  0.49314826  0.52941586  0.53876541  0.52018216  0.50205105  0.49314826  0.47565554  0.51106147  0.51106147  0.53876541  0.46706077  0.49314826  0.45856400  0.46706077  0.46706077  0.45856400  0.51106147  0.51106147  0.50205105  0.51106147  0.42551372  0.42551372  0.43363990  0.42551372  0.57738261  0.58735788  0.58735788  0.42551372  0.45016301  0.46706077  0.45016301  0.50205105  0.47565554  0.51106147  0.52941586  0.55782391  0.51106147  0.40952244  0.39386710  0.37853387  0.49314826  0.46706077  0.45856400  0.45856400  0.38616105  0.39386710  0.40165366  0.41747519  0.41747519  0.41747519  0.41747519  0.40952244  0.42551372  0.43363990  0.44185566  0.41747519  0.42551372  0.49314826  0.41747519  0.40952244  0.41747519  0.38616105  0.38616105  0.52941586  0.52941586  0.45856400  0.45856400  0.44185566  0.40952244  0.40165366  0.50205105  0.45856400  0.45856400  0.47565554  0.45016301  0.46706077  0.49314826  0.49314826  0.48435058  0.49314826  0.48435058  0.50205105  0.49314826  0.45856400  0.49314826  0.47565554  0.52018216  0.56753910  0.49314826  0.45016301  0.48435058  0.45016301  0.46706077  0.44185566  0.45856400  0.56753910  0.49314826  0.51106147  0.46706077  0.48435058  0.47565554  0.46706077  0.47565554  0.50205105  0.50205105  0.48435058  0.48435058  0.40165366  0.45016301  0.44185566  0.44185566  0.41747519  0.43363990  0.45016301  0.45016301  0.45016301  0.52941586  
95_37_0    0.39386710  0.29941510  0.29262217  0.29262217  0.28589060  0.27921929  0.13477100  0.14026251  0.12931966  0.13477100  0.14026251  0.00000000  0.01849238  0.01849238  0.01382609  0.01382609  0.45016301  0.45016301  0.45016301  0.50205105  0.47565554  0.49314826  0.45856400  0.43363990  0.44185566  0.43363990  0.43363990  0.43363990  0.42551372  0.42551372  0.43363990  0.43363990  0.43363990  0.49314826  0.47565554  0.56753910  0.60771813  0.55782391  0.53876541  0.54823374  0.54823374  0.49314826  0.49314826  0.50205105  0.52018216  0.51106147  0.55782391  0.45016301  0.49314826  0.44185566  0.50205105  0.50205105  0.49314826  0.52941586  0.52941586  0.53876541  0.52941586  0.45856400  0.45856400  0.50205105  0.49314826  0.66119393  0.65018739  0.66119393  0.43363990  0.46706077  0.45016301  0.45856400  0.50205105  0.47565554  0.53876541  0.55782391  0.53876541  0.52018216  0.49314826  0.48435058  0.49314826  0.54823374  0.54823374  0.49314826  0.50205105  0.51106147  0.52018216  0.51106147  0.56753910  0.56753910  0.51106147  0.51106147  0.48435058  0.50205105  0.51106147  0.51106147  0.51106147  0.49314826  0.59746848  0.50205105  0.51106147  0.52018216  0.44185566  0.45856400  0.58735788  0.59746848  0.50205105  0.52018216  0.48435058  0.52941586  0.52941586  0.53876541  0.52018216  0.49314826  0.55782391  0.52941586  0.54823374  0.57738261  0.57738261  0.56753910  0.53876541  0.52941586  0.54823374  0.54823374  0.52941586  0.58735788  0.58735788  0.59746848  0.65018739  0.59746848  0.50205105  0.52018216  0.49314826  0.52018216  0.50205105  0.53876541  0.60771813  0.60771813  0.55782391  0.53876541  0.55782391  0.58735788  0.56753910  0.52018216  0.58735788  0.57738261  0.54823374  0.52941586  0.50205105  0.50205105  0.49314826  0.49314826  0.50205105  0.50205105  0.52018216  0.52018216  0.52941586  0.57738261  
99_37_0    0.38616105  0.30627052  0.29941510  0.29941510  0.29262217  0.28589060  0.12931966  0.13477100  0.12390790  0.12931966  0.13477100  0.01849238  0.00000000  0.01849238  0.01382609  0.01382609  0.45856400  0.45856400  0.44185566  0.49314826  0.46706077  0.48435058  0.45016301  0.44185566  0.45016301  0.44185566  0.44185566  0.44185566  0.41747519  0.41747519  0.42551372  0.42551372  0.42551372  0.46706077  0.45016301  0.53876541  0.57738261  0.52941586  0.54823374  0.55782391  0.52018216  0.46706077  0.48435058  0.47565554  0.51106147  0.48435058  0.52941586  0.44185566  0.48435058  0.43363990  0.47565554  0.47565554  0.46706077  0.52018216  0.52018216  0.52941586  0.52018216  0.43363990  0.43363990  0.47565554  0.46706077  0.67236546  0.66119393  0.67236546  0.42551372  0.45856400  0.44185566  0.45016301  0.51106147  0.47565554  0.52941586  0.54823374  0.54823374  0.52941586  0.48435058  0.47565554  0.48435058  0.55782391  0.53876541  0.48435058  0.49314826  0.50205105  0.51106147  0.50205105  0.55782391  0.55782391  0.50205105  0.50205105  0.48435058  0.50205105  0.51106147  0.50205105  0.50205105  0.48435058  0.58735788  0.49314826  0.50205105  0.51106147  0.43363990  0.45016301  0.57738261  0.58735788  0.51106147  0.51106147  0.48435058  0.52018216  0.52018216  0.52941586  0.51106147  0.48435058  0.54823374  0.52018216  0.53876541  0.56753910  0.56753910  0.55782391  0.51106147  0.52018216  0.53876541  0.53876541  0.52018216  0.57738261  0.57738261  0.58735788  0.63934104  0.58735788  0.50205105  0.52941586  0.50205105  0.52941586  0.52018216  0.55782391  0.61811072  0.59746848  0.54823374  0.52941586  0.54823374  0.57738261  0.55782391  0.51106147  0.59746848  0.58735788  0.55782391  0.53876541  0.49314826  0.49314826  0.48435058  0.48435058  0.49314826  0.49314826  0.49314826  0.49314826  0.52018216  0.54823374  
96_37_0    0.37098396  0.29941510  0.29262217  0.29262217  0.27921929  0.27260717  0.12931966  0.13477100  0.12390790  0.12931966  0.13477100  0.01849238  0.01849238  0.00000000  0.01382609  0.01382609  0.45016301  0.44185566  0.42551372  0.47565554  0.45016301  0.46706077  0.45016301  0.43363990  0.44185566  0.43363990  0.43363990  0.43363990  0.42551372  0.42551372  0.43363990  0.43363990  0.43363990  0.47565554  0.45856400  0.54823374  0.58735788  0.52941586  0.52018216  0.52941586  0.52941586  0.47565554  0.47565554  0.48435058  0.50205105  0.49314826  0.53876541  0.42551372  0.46706077  0.41747519  0.48435058  0.48435058  0.47565554  0.51106147  0.51106147  0.52018216  0.51106147  0.45016301  0.45016301  0.49314826  0.48435058  0.66119393  0.65018739  0.65018739  0.42551372  0.45856400  0.44185566  0.45016301  0.50205105  0.47565554  0.53876541  0.55782391  0.53876541  0.51106147  0.48435058  0.47565554  0.48435058  0.53876541  0.53876541  0.48435058  0.49314826  0.50205105  0.51106147  0.50205105  0.55782391  0.55782391  0.50205105  0.50205105  0.48435058  0.50205105  0.52018216  0.50205105  0.50205105  0.48435058  0.58735788  0.50205105  0.51106147  0.52018216  0.43363990  0.45016301  0.56753910  0.59746848  0.49314826  0.51106147  0.48435058  0.52941586  0.52018216  0.52018216  0.52018216  0.49314826  0.54823374  0.52018216  0.53876541  0.56753910  0.56753910  0.55782391  0.52941586  0.52018216  0.53876541  0.54823374  0.52941586  0.57738261  0.57738261  0.58735788  0.63934104  0.58735788  0.50205105  0.52018216  0.49314826  0.51106147  0.51106147  0.54823374  0.60771813  0.60771813  0.55782391  0.52941586  0.55782391  0.58735788  0.55782391  0.52018216  0.57738261  0.56753910  0.53876541  0.52941586  0.50205105  0.50205105  0.49314826  0.49314826  0.50205105  0.50205105  0.52018216  0.52018216  0.52941586  0.57738261  
98_37_0    0.38616105  0.29941510  0.29262217  0.29262217  0.28589060  0.27921929  0.13477100  0.14026251  0.12931966  0.13477100  0.14026251  0.01382609  0.01382609  0.01382609  0.00000000  0.00000000  0.44185566  0.44185566  0.44185566  0.49314826  0.46706077  0.48435058  0.45016301  0.42551372  0.43363990  0.42551372  0.42551372  0.42551372  0.41747519  0.41747519  0.42551372  0.42551372  0.42551372  0.48435058  0.46706077  0.55782391  0.59746848  0.54823374  0.53876541  0.54823374  0.53876541  0.48435058  0.48435058  0.49314826  0.51106147  0.50205105  0.54823374  0.44185566  0.48435058  0.43363990  0.49314826  0.49314826  0.48435058  0.52018216  0.52018216  0.52941586  0.52018216  0.45016301  0.45016301  0.49314826  0.48435058  0.65018739  0.63934104  0.65018739  0.42551372  0.45856400  0.44185566  0.45016301  0.49314826  0.46706077  0.52941586  0.54823374  0.52941586  0.51106147  0.49314826  0.48435058  0.49314826  0.52941586  0.52941586  0.48435058  0.49314826  0.50205105  0.51106147  0.50205105  0.55782391  0.55782391  0.50205105  0.50205105  0.48435058  0.50205105  0.51106147  0.50205105  0.50205105  0.48435058  0.58735788  0.49314826  0.50205105  0.51106147  0.43363990  0.45016301  0.57738261  0.58735788  0.49314826  0.51106147  0.48435058  0.52018216  0.52018216  0.52941586  0.51106147  0.48435058  0.54823374  0.52018216  0.53876541  0.56753910  0.56753910  0.55782391  0.52941586  0.52018216  0.53876541  0.53876541  0.52018216  0.57738261  0.57738261  0.57738261  0.62865028  0.57738261  0.50205105  0.51106147  0.48435058  0.51106147  0.50205105  0.53876541  0.59746848  0.59746848  0.54823374  0.52941586  0.54823374  0.57738261  0.55782391  0.51106147  0.57738261  0.56753910  0.53876541  0.52018216  0.49314826  0.49314826  0.48435058  0.48435058  0.49314826  0.49314826  0.51106147  0.51106147  0.52018216  0.55782391  
94_37_0    0.38616105  0.29941510  0.29262217  0.29262217  0.28589060  0.27921929  0.13477100  0.14026251  0.12931966  0.13477100  0.14026251  0.01382609  0.01382609  0.01382609  0.00000000  0.00000000  0.44185566  0.44185566  0.44185566  0.49314826  0.46706077  0.48435058  0.45016301  0.42551372  0.43363990  0.42551372  0.42551372  0.42551372  0.41747519  0.41747519  0.42551372  0.42551372  0.42551372  0.48435058  0.46706077  0.55782391  0.59746848  0.54823374  0.53876541  0.54823374  0.53876541  0.48435058  0.48435058  0.49314826  0.51106147  0.50205105  0.54823374  0.44185566  0.48435058  0.43363990  0.49314826  0.49314826  0.48435058  0.52018216  0.52018216  0.52941586  0.52018216  0.45016301  0.45016301  0.49314826  0.48435058  0.65018739  0.63934104  0.65018739  0.42551372  0.45856400  0.44185566  0.45016301  0.49314826  0.46706077  0.52941586  0.54823374  0.52941586  0.51106147  0.49314826  0.48435058  0.49314826  0.52941586  0.52941586  0.48435058  0.49314826  0.50205105  0.51106147  0.50205105  0.55782391  0.55782391  0.50205105  0.50205105  0.48435058  0.50205105  0.51106147  0.50205105  0.50205105  0.48435058  0.58735788  0.49314826  0.50205105  0.51106147  0.43363990  0.45016301  0.57738261  0.58735788  0.49314826  0.51106147  0.48435058  0.52018216  0.52018216  0.52941586  0.51106147  0.48435058  0.54823374  0.52018216  0.53876541  0.56753910  0.56753910  0.55782391  0.52941586  0.52018216  0.53876541  0.53876541  0.52018216  0.57738261  0.57738261  0.57738261  0.62865028  0.57738261  0.50205105  0.51106147  0.48435058  0.51106147  0.50205105  0.53876541  0.59746848  0.59746848  0.54823374  0.52941586  0.54823374  0.57738261  0.55782391  0.51106147  0.57738261  0.56753910  0.53876541  0.52018216  0.49314826  0.49314826  0.48435058  0.48435058  0.49314826  0.49314826  0.51106147  0.51106147  0.52018216  0.55782391  
97_42_0    0.42551372  0.41747519  0.41747519  0.40952244  0.43363990  0.43363990  0.45856400  0.45016301  0.45016301  0.45856400  0.46706077  0.45016301  0.45856400  0.45016301  0.44185566  0.44185566  0.00000000  0.12390790  0.38616105  0.40165366  0.44185566  0.48435058  0.38616105  0.41747519  0.41747519  0.43363990  0.42551372  0.42551372  0.40952244  0.40952244  0.41747519  0.40165366  0.40165366  0.52941586  0.52941586  0.57738261  0.62865028  0.52018216  0.53876541  0.54823374  0.56753910  0.52941586  0.57738261  0.50205105  0.52018216  0.51106147  0.55782391  0.52018216  0.51106147  0.51106147  0.56753910  0.56753910  0.55782391  0.57738261  0.57738261  0.57738261  0.57738261  0.48435058  0.48435058  0.49314826  0.49314826  0.74315787  0.73088224  0.73088224  0.49314826  0.49314826  0.47565554  0.49314826  0.55782391  0.57738261  0.52941586  0.49314826  0.44185566  0.46706077  0.49314826  0.50205105  0.52018216  0.53876541  0.55782391  0.49314826  0.52941586  0.58735788  0.59746848  0.61811072  0.62865028  0.62865028  0.59746848  0.59746848  0.55782391  0.57738261  0.54823374  0.56753910  0.61811072  0.56753910  0.59746848  0.55782391  0.56753910  0.57738261  0.55782391  0.55782391  0.65018739  0.57738261  0.53876541  0.54823374  0.53876541  0.53876541  0.54823374  0.63934104  0.60771813  0.58735788  0.59746848  0.60771813  0.60771813  0.62865028  0.62865028  0.65018739  0.59746848  0.58735788  0.55782391  0.61811072  0.61811072  0.61811072  0.63934104  0.60771813  0.67236546  0.61811072  0.53876541  0.53876541  0.56753910  0.51106147  0.52018216  0.54823374  0.52941586  0.50205105  0.49314826  0.49314826  0.50205105  0.52941586  0.59746848  0.52018216  0.52941586  0.52941586  0.54823374  0.49314826  0.49314826  0.51106147  0.50205105  0.50205105  0.48435058  0.46706077  0.46706077  0.47565554  0.48435058  0.52941586  
97_41_0    0.44185566  0.40952244  0.43363990  0.41747519  0.42551372  0.42551372  0.47565554  0.46706077  0.46706077  0.47565554  0.48435058  0.45016301  0.45856400  0.44185566  0.44185566  0.44185566  0.12390790  0.00000000  0.40165366  0.42551372  0.41747519  0.49314826  0.37098396  0.46706077  0.46706077  0.48435058  0.47565554  0.47565554  0.47565554  0.47565554  0.48435058  0.46706077  0.46706077  0.54823374  0.54823374  0.60771813  0.66119393  0.57738261  0.51106147  0.50205105  0.54823374  0.54823374  0.55782391  0.51106147  0.52018216  0.52018216  0.57738261  0.52941586  0.51106147  0.52018216  0.57738261  0.57738261  0.56753910  0.51106147  0.51106147  0.52018216  0.52018216  0.47565554  0.47565554  0.48435058  0.48435058  0.70692141  0.69522382  0.69522382  0.48435058  0.48435058  0.48435058  0.50205105  0.54823374  0.56753910  0.52018216  0.50205105  0.48435058  0.51106147  0.51106147  0.52018216  0.52018216  0.52018216  0.53876541  0.48435058  0.50205105  0.54823374  0.55782391  0.53876541  0.56753910  0.56753910  0.50205105  0.50205105  0.47565554  0.52018216  0.51106147  0.51106147  0.55782391  0.47565554  0.57738261  0.56753910  0.55782391  0.56753910  0.52941586  0.52941586  0.65018739  0.52941586  0.52941586  0.53876541  0.52941586  0.53876541  0.52941586  0.60771813  0.55782391  0.57738261  0.53876541  0.54823374  0.54823374  0.56753910  0.56753910  0.58735788  0.55782391  0.54823374  0.52018216  0.56753910  0.56753910  0.52941586  0.54823374  0.58735788  0.61811072  0.55782391  0.60771813  0.56753910  0.57738261  0.52941586  0.55782391  0.55782391  0.50205105  0.52941586  0.49314826  0.51106147  0.52018216  0.54823374  0.61811072  0.53876541  0.50205105  0.50205105  0.49314826  0.52941586  0.52941586  0.52941586  0.52018216  0.52018216  0.48435058  0.46706077  0.46706077  0.47565554  0.50205105  0.53876541  
93_34_0    0.35610978  0.29941510  0.32017348  0.30627052  0.29262217  0.29941510  0.44185566  0.44185566  0.43363990  0.44185566  0.44185566  0.45016301  0.44185566  0.42551372  0.44185566  0.44185566  0.38616105  0.40165366  0.00000000  0.13477100  0.11853516  0.25955636  0.30627052  0.43363990  0.43363990  0.44185566  0.44185566  0.44185566  0.35610978  0.35610978  0.36350976  0.36350976  0.36350976  0.52018216  0.50205105  0.52941586  0.52018216  0.51106147  0.51106147  0.52018216  0.48435058  0.45856400  0.48435058  0.49314826  0.48435058  0.50205105  0.56753910  0.50205105  0.52941586  0.49314826  0.52018216  0.51106147  0.51106147  0.50205105  0.50205105  0.51106147  0.48435058  0.42551372  0.42551372  0.45016301  0.40952244  0.68370700  0.68370700  0.62865028  0.40165366  0.41747519  0.41747519  0.40165366  0.56753910  0.54823374  0.52018216  0.45856400  0.46706077  0.45856400  0.47565554  0.50205105  0.52941586  0.52018216  0.56753910  0.44185566  0.45856400  0.52018216  0.51106147  0.52941586  0.54823374  0.54823374  0.57738261  0.57738261  0.53876541  0.55782391  0.57738261  0.49314826  0.49314826  0.49314826  0.55782391  0.48435058  0.48435058  0.49314826  0.52018216  0.52941586  0.52941586  0.49314826  0.48435058  0.49314826  0.50205105  0.52941586  0.52941586  0.51106147  0.54823374  0.50205105  0.53876541  0.54823374  0.54823374  0.50205105  0.50205105  0.49314826  0.47565554  0.50205105  0.49314826  0.56753910  0.54823374  0.50205105  0.50205105  0.61811072  0.69522382  0.63934104  0.52941586  0.59746848  0.54823374  0.52941586  0.53876541  0.55782391  0.54823374  0.54823374  0.50205105  0.51106147  0.54823374  0.55782391  0.53876541  0.52941586  0.52941586  0.53876541  0.54823374  0.60771813  0.47565554  0.51106147  0.50205105  0.52018216  0.53876541  0.52018216  0.52018216  0.52941586  0.51106147  0.49314826  
93_35_0    0.40952244  0.37853387  0.38616105  0.37098396  0.35610978  0.36350976  0.47565554  0.47565554  0.46706077  0.47565554  0.47565554  0.50205105  0.49314826  0.47565554  0.49314826  0.49314826  0.40165366  0.42551372  0.13477100  0.00000000  0.08197293  0.29941510  0.34152667  0.46706077  0.45016301  0.45856400  0.45856400  0.45856400  0.40952244  0.40952244  0.41747519  0.41747519  0.41747519  0.60771813  0.58735788  0.53876541  0.57738261  0.52018216  0.56753910  0.57738261  0.53876541  0.54823374  0.52941586  0.54823374  0.54823374  0.55782391  0.62865028  0.53876541  0.54823374  0.52941586  0.57738261  0.56753910  0.56753910  0.59746848  0.59746848  0.60771813  0.59746848  0.49314826  0.49314826  0.52018216  0.47565554  0.68370700  0.69522382  0.63934104  0.48435058  0.47565554  0.43363990  0.46706077  0.54823374  0.54823374  0.56753910  0.57738261  0.50205105  0.51106147  0.49314826  0.52018216  0.52941586  0.52018216  0.54823374  0.49314826  0.48435058  0.50205105  0.51106147  0.48435058  0.50205105  0.50205105  0.56753910  0.56753910  0.54823374  0.54823374  0.55782391  0.51106147  0.52941586  0.49314826  0.52018216  0.53876541  0.55782391  0.56753910  0.54823374  0.55782391  0.56753910  0.54823374  0.51106147  0.52018216  0.51106147  0.54823374  0.54823374  0.52018216  0.50205105  0.50205105  0.57738261  0.56753910  0.58735788  0.57738261  0.57738261  0.56753910  0.52941586  0.55782391  0.54823374  0.63934104  0.61811072  0.56753910  0.56753910  0.56753910  0.65018739  0.59746848  0.57738261  0.58735788  0.52941586  0.52018216  0.58735788  0.59746848  0.56753910  0.54823374  0.53876541  0.56753910  0.60771813  0.62865028  0.56753910  0.56753910  0.60771813  0.61811072  0.58735788  0.57738261  0.53876541  0.54823374  0.53876541  0.55782391  0.59746848  0.57738261  0.56753910  0.55782391  0.57738261  0.52941586  
93_33_0    0.39386710  0.33434075  0.35610978  0.34152667  0.32722345  0.33434075  0.44185566  0.44185566  0.43363990  0.42551372  0.42551372  0.47565554  0.46706077  0.45016301  0.46706077  0.46706077  0.44185566  0.41747519  0.11853516  0.08197293  0.00000000  0.29262217  0.30627052  0.46706077  0.45016301  0.45856400  0.45856400  0.45856400  0.37853387  0.37853387  0.38616105  0.38616105  0.38616105  0.55782391  0.53876541  0.50205105  0.52018216  0.48435058  0.50205105  0.51106147  0.47565554  0.50205105  0.51106147  0.54823374  0.53876541  0.56753910  0.61811072  0.52941586  0.55782391  0.52018216  0.56753910  0.55782391  0.55782391  0.57738261  0.57738261  0.56753910  0.55782391  0.49314826  0.49314826  0.52018216  0.47565554  0.61811072  0.62865028  0.59746848  0.47565554  0.49314826  0.44185566  0.45856400  0.54823374  0.54823374  0.59746848  0.54823374  0.51106147  0.50205105  0.51106147  0.52941586  0.52018216  0.51106147  0.52018216  0.47565554  0.46706077  0.48435058  0.49314826  0.51106147  0.50205105  0.50205105  0.56753910  0.56753910  0.54823374  0.56753910  0.58735788  0.50205105  0.52018216  0.52018216  0.54823374  0.54823374  0.52941586  0.53876541  0.52941586  0.53876541  0.55782391  0.52018216  0.52018216  0.52941586  0.52018216  0.52018216  0.52018216  0.49314826  0.47565554  0.47565554  0.56753910  0.57738261  0.57738261  0.58735788  0.58735788  0.57738261  0.53876541  0.56753910  0.55782391  0.59746848  0.57738261  0.51106147  0.49314826  0.60771813  0.67236546  0.60771813  0.55782391  0.59746848  0.54823374  0.54823374  0.57738261  0.60771813  0.56753910  0.53876541  0.54823374  0.55782391  0.57738261  0.56753910  0.53876541  0.57738261  0.57738261  0.57738261  0.57738261  0.60771813  0.52941586  0.55782391  0.54823374  0.56753910  0.56753910  0.54823374  0.53876541  0.54823374  0.54823374  0.54823374  
