16
92_15_0    0.00000000  0.00374074  0.17129642  0.14362537  0.47461086  0.51827450  0.46757669  0.47461086  0.47461086  0.51827450  0.51081670  0.54887753  0.54110779  0.49612199  0.51081670  0.51827450  
89_12_0    0.00374074  0.00000000  0.16661242  0.13911208  0.46757669  0.51081670  0.46060848  0.47461086  0.47461086  0.51081670  0.50343302  0.54110779  0.53341847  0.50343302  0.50343302  0.51081670  
77_12_0    0.17129642  0.16661242  0.00000000  0.04618203  0.47461086  0.48171227  0.47461086  0.48888220  0.46060848  0.51827450  0.41357925  0.51827450  0.51081670  0.39430075  0.40067150  0.47461086  
97_12_0    0.14362537  0.13911208  0.04618203  0.00000000  0.44686509  0.45370501  0.44686509  0.49612199  0.46757669  0.53341847  0.38798416  0.48888220  0.48171227  0.36935032  0.37550982  0.42011820  
93_26_0    0.47461086  0.46757669  0.47461086  0.44686509  0.00000000  0.14362537  0.23503828  0.24017568  0.23503828  0.22993616  0.35718241  0.34521056  0.33342854  0.35718241  0.32183044  0.38172081  
93_21_0    0.51827450  0.51081670  0.48171227  0.45370501  0.14362537  0.00000000  0.20987096  0.22486883  0.21483669  0.24534885  0.38172081  0.40067150  0.38798416  0.36935032  0.33342854  0.39430075  
93_2_0     0.46757669  0.46060848  0.47461086  0.44686509  0.23503828  0.20987096  0.00000000  0.09119517  0.09968063  0.14362537  0.30476582  0.33342854  0.34521056  0.32183044  0.29916360  0.33929620  
93_24_0    0.47461086  0.47461086  0.48888220  0.49612199  0.24017568  0.22486883  0.09119517  0.00000000  0.02273228  0.15273503  0.31041059  0.38172081  0.38172081  0.33342854  0.29360331  0.36324146  
93_27_0    0.47461086  0.47461086  0.46060848  0.46757669  0.23503828  0.21483669  0.09968063  0.02273228  0.00000000  0.16195777  0.30476582  0.37550982  0.37550982  0.32760686  0.28808432  0.35718241  
93_23_0    0.51827450  0.51081670  0.51827450  0.53341847  0.22993616  0.24534885  0.14362537  0.15273503  0.16195777  0.00000000  0.33929620  0.40067150  0.40709735  0.40067150  0.35718241  0.39430075  
97_9_0     0.51081670  0.50343302  0.41357925  0.38798416  0.35718241  0.38172081  0.30476582  0.31041059  0.30476582  0.33929620  0.00000000  0.18552823  0.19516983  0.13911208  0.11694791  0.23503828  
77_16_0    0.54887753  0.54110779  0.51827450  0.48888220  0.34521056  0.40067150  0.33342854  0.38172081  0.37550982  0.40067150  0.18552823  0.00000000  0.00750042  0.19033339  0.16195777  0.28260603  
77_19_0    0.54110779  0.53341847  0.51081670  0.48171227  0.33342854  0.38798416  0.34521056  0.38172081  0.37550982  0.40709735  0.19516983  0.00750042  0.00000000  0.19033339  0.16195777  0.28260603  
77_17_0    0.49612199  0.50343302  0.39430075  0.36935032  0.35718241  0.36935032  0.32183044  0.33342854  0.32760686  0.40067150  0.13911208  0.19033339  0.19033339  0.00000000  0.06223671  0.27176913  
97_17_0    0.51081670  0.50343302  0.40067150  0.37550982  0.32183044  0.33342854  0.29916360  0.29360331  0.28808432  0.35718241  0.11694791  0.16195777  0.16195777  0.06223671  0.00000000  0.24534885  
96_9_0     0.51827450  0.51081670  0.47461086  0.42011820  0.38172081  0.39430075  0.33929620  0.36324146  0.35718241  0.39430075  0.23503828  0.28260603  0.28260603  0.27176913  0.24534885  0.00000000  

