20
15_0_0     0.00000000  0.02900258  0.06435710  0.03394997  0.17592708  0.21936976  0.41623370  0.40791625  0.40791625  0.45048123  0.45929925  0.42464667  0.63941513  0.63941513  0.65084767  0.65084767  0.61707174  0.68625633  0.59538965  0.57433085  
18_0_0     0.02900258  0.00000000  0.05408053  0.01435779  0.17592708  0.20669250  0.39969216  0.39155937  0.40791625  0.43315737  0.44176810  0.40791625  0.63941513  0.63941513  0.65084767  0.62815826  0.61707174  0.68625633  0.59538965  0.57433085  
19_0_0     0.06435710  0.05408053  0.00000000  0.04899579  0.21300371  0.24540200  0.45048123  0.44176810  0.45929925  0.48640856  0.49567260  0.45929925  0.65084767  0.65084767  0.63941513  0.66246144  0.60615049  0.69845001  0.62815826  0.62815826  
17_0_0     0.03394997  0.01435779  0.04899579  0.00000000  0.16992605  0.20043519  0.40791625  0.39969216  0.41623370  0.44176810  0.45048123  0.41623370  0.62815826  0.62815826  0.63941513  0.61707174  0.60615049  0.67426229  0.60615049  0.58478459  
16_0_0     0.17592708  0.17592708  0.21300371  0.16992605  0.00000000  0.07477988  0.38351587  0.37555973  0.37555973  0.41623370  0.42464667  0.42464667  0.52418901  0.52418901  0.55386049  0.51455968  0.50505528  0.54383588  0.46822469  0.44176810  
20_0_0     0.21936976  0.20669250  0.24540200  0.20043519  0.07477988  0.00000000  0.39969216  0.40791625  0.40791625  0.41623370  0.42464667  0.44176810  0.56402418  0.56402418  0.59538965  0.55386049  0.54383588  0.58478459  0.51455968  0.48640856  
2_0_0      0.41623370  0.39969216  0.45048123  0.40791625  0.38351587  0.39969216  0.00000000  0.00475473  0.00954052  0.05920080  0.06435710  0.06435710  0.36768905  0.36768905  0.36768905  0.36768905  0.36768905  0.39969216  0.34457200  0.37555973  
14_0_0     0.40791625  0.39155937  0.44176810  0.39969216  0.37555973  0.40791625  0.00475473  0.00000000  0.01435779  0.06435710  0.06954996  0.06954996  0.37555973  0.37555973  0.37555973  0.37555973  0.37555973  0.40791625  0.35219692  0.38351587  
11_0_0     0.40791625  0.40791625  0.45929925  0.41623370  0.37555973  0.40791625  0.00954052  0.01435779  0.00000000  0.06954996  0.07477988  0.07477988  0.37555973  0.37555973  0.37555973  0.37555973  0.37555973  0.40791625  0.35219692  0.38351587  
3_0_0      0.45048123  0.43315737  0.48640856  0.44176810  0.41623370  0.41623370  0.05920080  0.06435710  0.06954996  0.00000000  0.00475473  0.06435710  0.39969216  0.39969216  0.38351587  0.39969216  0.39969216  0.43315737  0.37555973  0.39155937  
6_0_0      0.45929925  0.44176810  0.49567260  0.45048123  0.42464667  0.42464667  0.06435710  0.06954996  0.07477988  0.00475473  0.00000000  0.06954996  0.40791625  0.40791625  0.39155937  0.40791625  0.40791625  0.44176810  0.38351587  0.39969216  
13_0_0     0.42464667  0.40791625  0.45929925  0.41623370  0.42464667  0.44176810  0.06435710  0.06954996  0.07477988  0.06435710  0.06954996  0.00000000  0.39969216  0.39969216  0.41623370  0.39969216  0.39969216  0.41623370  0.35990204  0.37555973  
7_0_0      0.63941513  0.63941513  0.65084767  0.62815826  0.52418901  0.56402418  0.36768905  0.37555973  0.37555973  0.39969216  0.40791625  0.39969216  0.00000000  0.00000000  0.02900258  0.00475473  0.03893099  0.05408053  0.08004741  0.18807866  
10_0_0     0.63941513  0.63941513  0.65084767  0.62815826  0.52418901  0.56402418  0.36768905  0.37555973  0.37555973  0.39969216  0.40791625  0.39969216  0.00000000  0.00000000  0.02900258  0.00475473  0.03893099  0.05408053  0.08004741  0.18807866  
5_0_0      0.65084767  0.65084767  0.63941513  0.63941513  0.55386049  0.59538965  0.36768905  0.37555973  0.37555973  0.38351587  0.39155937  0.41623370  0.02900258  0.02900258  0.00000000  0.03394997  0.06954996  0.08535309  0.11247360  0.22579162  
1_0_0      0.65084767  0.62815826  0.66246144  0.61707174  0.51455968  0.55386049  0.36768905  0.37555973  0.37555973  0.39969216  0.40791625  0.39969216  0.00475473  0.00475473  0.03394997  0.00000000  0.04394611  0.05920080  0.08535309  0.18197768  
12_0_0     0.61707174  0.61707174  0.60615049  0.60615049  0.50505528  0.54383588  0.36768905  0.37555973  0.37555973  0.39969216  0.40791625  0.39969216  0.03893099  0.03893099  0.06954996  0.04394611  0.00000000  0.05408053  0.08004741  0.18807866  
4_0_0      0.68625633  0.68625633  0.69845001  0.67426229  0.54383588  0.58478459  0.39969216  0.40791625  0.40791625  0.43315737  0.44176810  0.41623370  0.05408053  0.05408053  0.08535309  0.05920080  0.05408053  0.00000000  0.10696859  0.17592708  
8_0_0      0.59538965  0.59538965  0.62815826  0.60615049  0.46822469  0.51455968  0.34457200  0.35219692  0.35219692  0.37555973  0.38351587  0.35990204  0.08004741  0.08004741  0.11247360  0.08535309  0.08004741  0.10696859  0.00000000  0.18807866  
9_0_0      0.57433085  0.57433085  0.62815826  0.58478459  0.44176810  0.48640856  0.37555973  0.38351587  0.38351587  0.39155937  0.39969216  0.37555973  0.18807866  0.18807866  0.22579162  0.18197768  0.18807866  0.17592708  0.18807866  0.00000000  

