146
24_42_0    0.00000000  0.15346672  0.14976736  0.22752781  0.22343881  0.19543345  0.20332708  0.21532820  0.21937236  0.22752781  0.19151808  0.18762339  0.19543345  0.21130609  0.25254953  0.23577444  0.27406954  0.25680360  0.24411430  0.23993258  0.25680360  0.22752781  0.32843328  0.33314976  0.30986328  0.31446214  0.30986328  0.34748287  0.33314976  0.31908985  0.37200823  0.38205134  0.36210002  0.38712464  0.35719538  0.35719538  0.34267415  0.31446214  0.31908985  0.31908985  0.31446214  0.30986328  0.31908985  0.30075070  0.35719538  0.35232314  0.35719538  0.36703749  0.39223307  0.33789658  0.34748287  0.34267415  0.37200823  0.35232314  0.37200823  0.37200823  0.34267415  0.34267415  0.35719538  0.34748287  0.39223307  0.32843328  0.34748287  0.33789658  0.32374677  0.32374677  0.32843328  0.36210002  0.32374677  0.30075070  0.55185521  0.52069950  0.52682625  0.55824743  0.55185521  0.58438510  0.57120050  0.57120050  0.57776334  0.57120050  0.56469554  0.54551790  0.53923458  0.54551790  0.53300433  0.53300433  0.52682625  0.53300433  0.53923458  0.52682625  0.51462321  0.50859656  0.52682625  0.53923458  0.54551790  0.50859656  0.52682625  0.52069950  0.50859656  0.49080654  0.51462321  0.51462321  0.50859656  0.50859656  0.50261876  0.53300433  0.52069950  0.48497062  0.48497062  0.50261876  0.54551790  0.53923458  0.53300433  0.50859656  0.51462321  0.50859656  0.53300433  0.47343549  0.49668901  0.51462321  0.50859656  0.49668901  0.50261876  0.49080654  0.52069950  0.49668901  0.50859656  0.49668901  0.49080654  0.52069950  0.59780965  0.50859656  0.52682625  0.50261876  0.52682625  0.52069950  0.52069950  0.50859656  0.55185521  0.57120050  0.55185521  0.54551790  0.55185521  0.55824743  0.54551790  0.51462321  
24_43_0    0.15346672  0.00000000  0.00301821  0.22752781  0.22343881  0.19936970  0.21937236  0.22343881  0.18374916  0.20730580  0.15346672  0.16845255  0.17606121  0.17224707  0.21130609  0.24831986  0.26108235  0.25254953  0.25254953  0.23993258  0.25680360  0.23163960  0.36703749  0.34267415  0.34748287  0.33314976  0.32843328  0.27844992  0.32374677  0.32374677  0.31908985  0.37200823  0.33314976  0.33314976  0.31446214  0.33789658  0.30529292  0.34267415  0.31446214  0.31446214  0.29623628  0.30075070  0.31908985  0.32374677  0.33789658  0.34748287  0.33314976  0.35719538  0.37701269  0.36703749  0.35719538  0.36210002  0.37200823  0.38712464  0.36210002  0.36210002  0.33789658  0.33789658  0.34748287  0.34267415  0.35232314  0.36210002  0.36210002  0.36210002  0.35719538  0.36210002  0.36210002  0.39737713  0.31908985  0.30529292  0.51462321  0.47918051  0.49668901  0.51462321  0.52069950  0.55185521  0.55185521  0.52682625  0.53923458  0.52682625  0.53300433  0.50261876  0.50859656  0.51462321  0.49080654  0.48497062  0.52069950  0.50261876  0.53923458  0.47343549  0.48497062  0.46207797  0.48497062  0.53300433  0.52682625  0.52069950  0.53923458  0.53300433  0.52069950  0.49668901  0.50261876  0.49080654  0.50859656  0.50859656  0.53300433  0.54551790  0.53300433  0.49668901  0.50859656  0.53923458  0.52682625  0.52069950  0.53923458  0.51462321  0.47918051  0.45646412  0.48497062  0.43987445  0.43442645  0.48497062  0.48497062  0.50261876  0.52069950  0.49668901  0.56469554  0.51462321  0.51462321  0.53300433  0.55824743  0.53923458  0.53923458  0.46773487  0.50859656  0.49668901  0.52069950  0.48497062  0.50261876  0.43987445  0.49080654  0.49080654  0.47343549  0.47918051  0.47918051  0.47343549  0.51462321  0.52682625  
14_43_0    0.14976736  0.00301821  0.00000000  0.23163960  0.22752781  0.20332708  0.22343881  0.22752781  0.17989517  0.21130609  0.15718473  0.17224707  0.17989517  0.17606121  0.21532820  0.24411430  0.26538605  0.25680360  0.25680360  0.23577444  0.25254953  0.22752781  0.36703749  0.34267415  0.34267415  0.32843328  0.32374677  0.27406954  0.31908985  0.31908985  0.31446214  0.37701269  0.33789658  0.33789658  0.31908985  0.33314976  0.30986328  0.33789658  0.30986328  0.30986328  0.29174932  0.29623628  0.31446214  0.31908985  0.33314976  0.35232314  0.33789658  0.36210002  0.38205134  0.37200823  0.36210002  0.36703749  0.37701269  0.38205134  0.35719538  0.36703749  0.33314976  0.33314976  0.34267415  0.34748287  0.35719538  0.36703749  0.36703749  0.36703749  0.35232314  0.35719538  0.35719538  0.40255732  0.32374677  0.30986328  0.50859656  0.47343549  0.49080654  0.50859656  0.51462321  0.55824743  0.55824743  0.53300433  0.54551790  0.53300433  0.53923458  0.49668901  0.50261876  0.50859656  0.48497062  0.47918051  0.52682625  0.50859656  0.54551790  0.47918051  0.47918051  0.46773487  0.49080654  0.52682625  0.52069950  0.51462321  0.53300433  0.52682625  0.51462321  0.49080654  0.49668901  0.48497062  0.50261876  0.50261876  0.52682625  0.55185521  0.53923458  0.49080654  0.50261876  0.54551790  0.53300433  0.52682625  0.54551790  0.52069950  0.48497062  0.46207797  0.47918051  0.43442645  0.42901839  0.47918051  0.49080654  0.49668901  0.51462321  0.49080654  0.55824743  0.50859656  0.50859656  0.52682625  0.55185521  0.53300433  0.54551790  0.47343549  0.50859656  0.49080654  0.51462321  0.49080654  0.49668901  0.43442645  0.48497062  0.49668901  0.46773487  0.47343549  0.47343549  0.47918051  0.50859656  0.52069950  
14_3_0     0.22752781  0.22752781  0.23163960  0.00000000  0.00909195  0.17224707  0.16092158  0.18762339  0.16845255  0.19151808  0.21130609  0.18762339  0.19543345  0.18374916  0.25254953  0.27406954  0.26971502  0.26538605  0.25680360  0.26971502  0.30075070  0.24831986  0.31908985  0.35719538  0.33789658  0.35719538  0.35232314  0.36210002  0.34267415  0.33789658  0.34748287  0.39737713  0.35719538  0.37200823  0.35719538  0.33314976  0.34267415  0.35719538  0.35719538  0.35719538  0.35719538  0.35232314  0.34267415  0.36703749  0.36210002  0.34748287  0.35719538  0.33789658  0.33789658  0.31908985  0.32374677  0.31908985  0.32843328  0.35719538  0.37200823  0.36210002  0.37200823  0.37200823  0.37200823  0.37701269  0.35719538  0.35232314  0.32843328  0.33789658  0.35719538  0.34748287  0.33314976  0.39223307  0.34267415  0.32374677  0.51462321  0.52069950  0.47918051  0.49080654  0.47918051  0.51462321  0.50261876  0.51462321  0.50261876  0.46773487  0.47343549  0.46207797  0.49080654  0.50859656  0.50859656  0.50261876  0.52682625  0.51462321  0.52069950  0.49080654  0.54551790  0.49080654  0.48497062  0.54551790  0.55185521  0.50859656  0.52682625  0.53923458  0.50261876  0.57120050  0.60461467  0.60461467  0.57120050  0.57120050  0.61148305  0.55824743  0.54551790  0.51462321  0.50859656  0.54551790  0.50859656  0.55185521  0.53300433  0.52682625  0.49668901  0.52682625  0.49668901  0.50859656  0.49668901  0.49080654  0.54551790  0.51462321  0.50261876  0.52069950  0.54551790  0.53923458  0.54551790  0.54551790  0.54551790  0.58438510  0.54551790  0.46207797  0.53923458  0.52069950  0.50859656  0.47343549  0.50859656  0.51462321  0.55185521  0.53300433  0.53923458  0.54551790  0.53300433  0.54551790  0.57776334  0.55185521  
24_3_0     0.22343881  0.22343881  0.22752781  0.00909195  0.00000000  0.16845255  0.15718473  0.18374916  0.16467746  0.18762339  0.21532820  0.19151808  0.19936970  0.18762339  0.25680360  0.26971502  0.26538605  0.26108235  0.25254953  0.27406954  0.29623628  0.24411430  0.32374677  0.35232314  0.35232314  0.36210002  0.35719538  0.35719538  0.33789658  0.33314976  0.34267415  0.39223307  0.35232314  0.36703749  0.35232314  0.33789658  0.33789658  0.36210002  0.36210002  0.36210002  0.35232314  0.34748287  0.33789658  0.36210002  0.36703749  0.35232314  0.36210002  0.34267415  0.34267415  0.31446214  0.31908985  0.31446214  0.32374677  0.35232314  0.36703749  0.35719538  0.37701269  0.37701269  0.37701269  0.37200823  0.36210002  0.35719538  0.32374677  0.34267415  0.36210002  0.35232314  0.33789658  0.39737713  0.34748287  0.31908985  0.52069950  0.51462321  0.48497062  0.48497062  0.48497062  0.50859656  0.49668901  0.50859656  0.49668901  0.47343549  0.47918051  0.45646412  0.48497062  0.50261876  0.50261876  0.49668901  0.53300433  0.52069950  0.52682625  0.49668901  0.55185521  0.48497062  0.49080654  0.53923458  0.54551790  0.50261876  0.52069950  0.54551790  0.50859656  0.56469554  0.61148305  0.59780965  0.57776334  0.57776334  0.61841599  0.57776334  0.56469554  0.52069950  0.51462321  0.55185521  0.52682625  0.55824743  0.52682625  0.53300433  0.50261876  0.53300433  0.50261876  0.51462321  0.50261876  0.49668901  0.53923458  0.50859656  0.50859656  0.51462321  0.55185521  0.54551790  0.55185521  0.54551790  0.54551790  0.58438510  0.55185521  0.46773487  0.54551790  0.51462321  0.51462321  0.46773487  0.50261876  0.52069950  0.54551790  0.52682625  0.54551790  0.53923458  0.52682625  0.53923458  0.57120050  0.54551790  
20_40_0    0.19543345  0.19936970  0.20332708  0.17224707  0.16845255  0.00000000  0.04023422  0.05631269  0.10329136  0.11728233  0.16092158  0.15346672  0.15346672  0.17224707  0.19936970  0.21937236  0.23993258  0.22343881  0.23163960  0.24831986  0.25254953  0.22752781  0.26538605  0.29174932  0.30529292  0.29623628  0.29174932  0.30986328  0.27844992  0.30529292  0.32374677  0.36210002  0.32374677  0.34267415  0.31908985  0.29623628  0.27844992  0.30075070  0.29174932  0.29174932  0.26971502  0.26538605  0.27844992  0.28728949  0.30986328  0.31908985  0.33789658  0.34267415  0.34267415  0.33314976  0.32374677  0.32843328  0.34748287  0.35719538  0.34267415  0.36703749  0.37200823  0.37200823  0.39737713  0.36703749  0.34748287  0.31446214  0.29174932  0.31446214  0.26971502  0.26971502  0.25680360  0.33314976  0.26108235  0.26538605  0.51462321  0.46773487  0.49080654  0.50261876  0.50859656  0.53300433  0.52069950  0.53300433  0.52069950  0.51462321  0.52069950  0.49668901  0.47343549  0.47918051  0.46773487  0.47343549  0.52682625  0.52069950  0.51462321  0.48497062  0.47918051  0.46773487  0.48497062  0.52069950  0.52682625  0.49080654  0.49668901  0.50261876  0.46773487  0.51462321  0.53300433  0.52069950  0.52682625  0.52682625  0.48497062  0.49668901  0.48497062  0.46207797  0.46207797  0.50261876  0.49668901  0.53300433  0.49668901  0.47918051  0.45089267  0.47918051  0.46773487  0.46207797  0.46773487  0.47343549  0.50859656  0.47918051  0.51462321  0.49080654  0.50859656  0.50261876  0.51462321  0.48497062  0.48497062  0.49080654  0.53923458  0.45646412  0.49668901  0.44536299  0.49668901  0.44536299  0.47918051  0.48497062  0.49668901  0.46207797  0.46773487  0.47343549  0.50261876  0.47343549  0.49080654  0.52069950  
17_40_0    0.20332708  0.21937236  0.22343881  0.16092158  0.15718473  0.04023422  0.00000000  0.04023422  0.11375963  0.12082193  0.18374916  0.17606121  0.18374916  0.17606121  0.22343881  0.24831986  0.26108235  0.25254953  0.24411430  0.24831986  0.26108235  0.24831986  0.27406954  0.30075070  0.30075070  0.30986328  0.30529292  0.30986328  0.28285646  0.30986328  0.34748287  0.36703749  0.34748287  0.35719538  0.34267415  0.31908985  0.30986328  0.29623628  0.30529292  0.30529292  0.29174932  0.28728949  0.29174932  0.31446214  0.32843328  0.33314976  0.35232314  0.34267415  0.34267415  0.33789658  0.34748287  0.34267415  0.34267415  0.37200823  0.34748287  0.36210002  0.37701269  0.37701269  0.39223307  0.35232314  0.33789658  0.32843328  0.30529292  0.32843328  0.30075070  0.30075070  0.28728949  0.34748287  0.26538605  0.27406954  0.49080654  0.46773487  0.49668901  0.50859656  0.50261876  0.50859656  0.49668901  0.52682625  0.51462321  0.52069950  0.53923458  0.49080654  0.50261876  0.50859656  0.50859656  0.51462321  0.50859656  0.51462321  0.49668901  0.50261876  0.50859656  0.47343549  0.49668901  0.50261876  0.49668901  0.49668901  0.50261876  0.52069950  0.48497062  0.52069950  0.54551790  0.53300433  0.53300433  0.53300433  0.52682625  0.51462321  0.50261876  0.46773487  0.45646412  0.54551790  0.52682625  0.55185521  0.52682625  0.52069950  0.43987445  0.48497062  0.45089267  0.48497062  0.46207797  0.49668901  0.50859656  0.47918051  0.53300433  0.50859656  0.53923458  0.54551790  0.54551790  0.47918051  0.47918051  0.49668901  0.53923458  0.44536299  0.47343549  0.45646412  0.51462321  0.46773487  0.47918051  0.49080654  0.50859656  0.45089267  0.46773487  0.47343549  0.48497062  0.50261876  0.51462321  0.50859656  
17_41_0    0.21532820  0.22343881  0.22752781  0.18762339  0.18374916  0.05631269  0.04023422  0.00000000  0.09639414  0.11728233  0.18762339  0.17224707  0.17989517  0.20332708  0.21937236  0.24831986  0.26538605  0.24831986  0.26538605  0.25254953  0.26538605  0.23993258  0.29174932  0.30075070  0.30986328  0.28728949  0.29174932  0.30529292  0.27406954  0.30075070  0.32843328  0.36703749  0.33789658  0.34267415  0.32843328  0.31446214  0.28285646  0.29623628  0.28728949  0.28728949  0.26538605  0.26108235  0.26538605  0.30075070  0.30986328  0.34267415  0.36210002  0.36703749  0.35719538  0.34748287  0.34748287  0.35232314  0.35232314  0.36210002  0.35719538  0.35719538  0.40255732  0.40255732  0.41831979  0.35719538  0.36703749  0.32843328  0.30529292  0.32843328  0.30075070  0.30075070  0.28728949  0.31908985  0.26538605  0.27406954  0.50859656  0.48497062  0.52069950  0.50859656  0.52682625  0.50859656  0.50859656  0.53923458  0.52682625  0.53300433  0.53923458  0.51462321  0.50261876  0.50859656  0.50859656  0.50261876  0.50859656  0.51462321  0.49668901  0.46773487  0.49668901  0.48497062  0.50859656  0.49080654  0.49668901  0.45089267  0.45646412  0.47343549  0.45089267  0.49668901  0.52069950  0.50859656  0.50859656  0.50859656  0.49080654  0.46773487  0.45646412  0.45646412  0.44536299  0.53923458  0.50859656  0.55824743  0.49668901  0.47918051  0.44536299  0.46773487  0.47918051  0.49080654  0.45646412  0.48497062  0.46773487  0.47343549  0.51462321  0.49080654  0.50859656  0.50261876  0.51462321  0.47343549  0.46207797  0.47918051  0.54551790  0.46773487  0.48497062  0.49080654  0.53923458  0.49080654  0.51462321  0.48497062  0.49668901  0.48497062  0.49080654  0.49668901  0.47343549  0.49080654  0.50261876  0.48497062  
17_39_0    0.21937236  0.18374916  0.17989517  0.16845255  0.16467746  0.10329136  0.11375963  0.09639414  0.00000000  0.07608121  0.16845255  0.15718473  0.16845255  0.19936970  0.22343881  0.23577444  0.27406954  0.26108235  0.27844992  0.23993258  0.27844992  0.21130609  0.32374677  0.31446214  0.31908985  0.29174932  0.28728949  0.29174932  0.27844992  0.31908985  0.28285646  0.33789658  0.30986328  0.30529292  0.29174932  0.30075070  0.29174932  0.31446214  0.29623628  0.29623628  0.26971502  0.26538605  0.26971502  0.30075070  0.32374677  0.36210002  0.37200823  0.34748287  0.35719538  0.33789658  0.32843328  0.33314976  0.32374677  0.34267415  0.33789658  0.35719538  0.36703749  0.36703749  0.36703749  0.35719538  0.38205134  0.33789658  0.33314976  0.31446214  0.30986328  0.29174932  0.28728949  0.35719538  0.30075070  0.29174932  0.49080654  0.47343549  0.45089267  0.48497062  0.49080654  0.49668901  0.49668901  0.50261876  0.50261876  0.50859656  0.50261876  0.46773487  0.46773487  0.47343549  0.46207797  0.45646412  0.52682625  0.52069950  0.53923458  0.48497062  0.46773487  0.48497062  0.49080654  0.52069950  0.52682625  0.45646412  0.47343549  0.49080654  0.47918051  0.49668901  0.51462321  0.50261876  0.50261876  0.50261876  0.52069950  0.50859656  0.49668901  0.47343549  0.46773487  0.53923458  0.51462321  0.55185521  0.51462321  0.49080654  0.49668901  0.47918051  0.49668901  0.45646412  0.46207797  0.46773487  0.49668901  0.49080654  0.51462321  0.50261876  0.52069950  0.52069950  0.53300433  0.50859656  0.50859656  0.51462321  0.50261876  0.48497062  0.51462321  0.50859656  0.53300433  0.48497062  0.49668901  0.48497062  0.48497062  0.50261876  0.47343549  0.47918051  0.47918051  0.50859656  0.48497062  0.52069950  
20_39_0    0.22752781  0.20730580  0.21130609  0.19151808  0.18762339  0.11728233  0.12082193  0.11728233  0.07608121  0.00000000  0.17606121  0.16845255  0.18374916  0.20332708  0.24831986  0.22752781  0.26108235  0.25254953  0.25254953  0.25254953  0.28285646  0.25680360  0.30075070  0.30529292  0.33314976  0.30986328  0.30529292  0.29623628  0.27406954  0.31446214  0.32374677  0.35232314  0.31908985  0.32374677  0.32843328  0.31908985  0.30529292  0.31446214  0.31446214  0.31446214  0.29623628  0.29174932  0.30529292  0.31446214  0.34267415  0.32843328  0.33789658  0.33314976  0.33314976  0.31446214  0.32374677  0.31908985  0.30986328  0.33789658  0.34267415  0.38712464  0.35719538  0.35719538  0.37200823  0.34748287  0.38712464  0.31908985  0.32374677  0.28728949  0.33314976  0.31446214  0.30986328  0.34267415  0.29623628  0.30529292  0.52682625  0.51462321  0.47343549  0.50859656  0.52069950  0.49080654  0.47918051  0.50261876  0.50261876  0.52682625  0.50859656  0.49080654  0.50261876  0.50859656  0.48497062  0.50261876  0.52069950  0.52682625  0.53300433  0.46773487  0.47343549  0.48497062  0.50859656  0.52682625  0.53300433  0.46773487  0.48497062  0.52682625  0.51462321  0.52682625  0.52682625  0.51462321  0.51462321  0.51462321  0.54551790  0.49668901  0.49668901  0.46773487  0.45646412  0.56469554  0.55185521  0.56469554  0.53923458  0.51462321  0.49080654  0.52069950  0.51462321  0.49080654  0.47918051  0.49668901  0.52682625  0.53300433  0.54551790  0.52069950  0.52682625  0.53923458  0.55185521  0.50859656  0.50859656  0.53300433  0.53300433  0.48497062  0.52682625  0.53300433  0.54551790  0.49080654  0.54551790  0.54551790  0.53300433  0.53300433  0.53923458  0.53300433  0.47918051  0.53923458  0.53923458  0.55824743  
6_3_0      0.19151808  0.15346672  0.15718473  0.21130609  0.21532820  0.16092158  0.18374916  0.18762339  0.16845255  0.17606121  0.00000000  0.04662361  0.04662361  0.09296957  0.16845255  0.21532820  0.20730580  0.19936970  0.19936970  0.21130609  0.23163960  0.18374916  0.30075070  0.26971502  0.32843328  0.29623628  0.30075070  0.28728949  0.30986328  0.31908985  0.31446214  0.36210002  0.32374677  0.33314976  0.32843328  0.29623628  0.30075070  0.34748287  0.32843328  0.31908985  0.30075070  0.29623628  0.29623628  0.30075070  0.28728949  0.31446214  0.31446214  0.31908985  0.32374677  0.33789658  0.33789658  0.33314976  0.33314976  0.35232314  0.33789658  0.32374677  0.30986328  0.30986328  0.30986328  0.30529292  0.33789658  0.30075070  0.29623628  0.30529292  0.29174932  0.30075070  0.30529292  0.33789658  0.29623628  0.29174932  0.55185521  0.45089267  0.43442645  0.46207797  0.45646412  0.45646412  0.45646412  0.47343549  0.47343549  0.47343549  0.47918051  0.47343549  0.48497062  0.49080654  0.45089267  0.46773487  0.50859656  0.49668901  0.52069950  0.49080654  0.50261876  0.46207797  0.48497062  0.53923458  0.53300433  0.47343549  0.46773487  0.50261876  0.47918051  0.45646412  0.47343549  0.46207797  0.45089267  0.45089267  0.47343549  0.46207797  0.46773487  0.46207797  0.46207797  0.46207797  0.47918051  0.50261876  0.48497062  0.46773487  0.48497062  0.45089267  0.43442645  0.43442645  0.46207797  0.51462321  0.49080654  0.49080654  0.53923458  0.52069950  0.52069950  0.51462321  0.51462321  0.51462321  0.51462321  0.51462321  0.51462321  0.49080654  0.50261876  0.47918051  0.55824743  0.46773487  0.49668901  0.50859656  0.54551790  0.51462321  0.52682625  0.52682625  0.52682625  0.53300433  0.51462321  0.52069950  
6_38_0     0.18762339  0.16845255  0.17224707  0.18762339  0.19151808  0.15346672  0.17606121  0.17224707  0.15718473  0.16845255  0.04662361  0.00000000  0.03075271  0.08279023  0.16845255  0.20332708  0.20332708  0.18762339  0.20332708  0.20730580  0.23163960  0.19936970  0.30075070  0.26971502  0.31446214  0.28728949  0.29174932  0.30986328  0.30529292  0.30529292  0.30075070  0.33789658  0.31908985  0.32843328  0.31446214  0.28728949  0.28285646  0.30986328  0.29174932  0.28285646  0.27406954  0.26971502  0.26108235  0.28285646  0.27406954  0.31446214  0.32374677  0.32374677  0.34267415  0.32843328  0.32843328  0.33314976  0.32374677  0.35232314  0.35719538  0.33314976  0.31908985  0.31908985  0.32843328  0.33314976  0.36210002  0.30986328  0.30529292  0.30986328  0.30529292  0.30075070  0.29623628  0.33789658  0.29623628  0.29174932  0.50859656  0.47343549  0.42364969  0.42901839  0.45646412  0.44536299  0.44536299  0.47343549  0.46207797  0.44536299  0.45089267  0.48497062  0.46207797  0.46773487  0.45089267  0.45646412  0.49668901  0.49668901  0.50859656  0.50261876  0.47918051  0.45089267  0.45089267  0.49080654  0.49668901  0.47918051  0.47343549  0.49668901  0.46207797  0.43987445  0.49080654  0.47918051  0.47343549  0.47343549  0.46773487  0.46773487  0.46207797  0.44536299  0.45646412  0.47343549  0.45646412  0.49080654  0.48497062  0.46773487  0.47343549  0.42901839  0.43442645  0.40777414  0.45089267  0.50859656  0.47343549  0.47343549  0.49080654  0.48497062  0.51462321  0.50859656  0.52069950  0.51462321  0.51462321  0.52069950  0.50261876  0.49080654  0.49080654  0.48497062  0.52682625  0.45646412  0.47918051  0.50261876  0.50859656  0.52682625  0.51462321  0.51462321  0.51462321  0.49080654  0.50261876  0.50261876  
6_37_0     0.19543345  0.17606121  0.17989517  0.19543345  0.19936970  0.15346672  0.18374916  0.17989517  0.16845255  0.18374916  0.04662361  0.03075271  0.00000000  0.10329136  0.17224707  0.21130609  0.21937236  0.19543345  0.21130609  0.22343881  0.24831986  0.20730580  0.31446214  0.28285646  0.33789658  0.30986328  0.31446214  0.32843328  0.32843328  0.33789658  0.30529292  0.34748287  0.33314976  0.33314976  0.30986328  0.29174932  0.28728949  0.33314976  0.31446214  0.30529292  0.29623628  0.29174932  0.29174932  0.29174932  0.29623628  0.31908985  0.33789658  0.33789658  0.35719538  0.35232314  0.34267415  0.34748287  0.33789658  0.35719538  0.37200823  0.33789658  0.33314976  0.33314976  0.34748287  0.32843328  0.36703749  0.33314976  0.32843328  0.34267415  0.31908985  0.32374677  0.31908985  0.37200823  0.31908985  0.30529292  0.51462321  0.47343549  0.42364969  0.41831979  0.43442645  0.43442645  0.43442645  0.47343549  0.46207797  0.45089267  0.45646412  0.47343549  0.47343549  0.46773487  0.46207797  0.46773487  0.51462321  0.51462321  0.51462321  0.50859656  0.47343549  0.43442645  0.45646412  0.50859656  0.51462321  0.46207797  0.45646412  0.49080654  0.45646412  0.43442645  0.48497062  0.47343549  0.46773487  0.46773487  0.46207797  0.47343549  0.46773487  0.46207797  0.46207797  0.47343549  0.46773487  0.49080654  0.48497062  0.46773487  0.46773487  0.43987445  0.43442645  0.42364969  0.46207797  0.49668901  0.49080654  0.47918051  0.50261876  0.48497062  0.48497062  0.49668901  0.50859656  0.49668901  0.50859656  0.50261876  0.52069950  0.49668901  0.49080654  0.47918051  0.53300433  0.46207797  0.47918051  0.51462321  0.52069950  0.52682625  0.52682625  0.52682625  0.51462321  0.50859656  0.50261876  0.52682625  
10_37_0    0.21130609  0.17224707  0.17606121  0.18374916  0.18762339  0.17224707  0.17606121  0.20332708  0.19936970  0.20332708  0.09296957  0.08279023  0.10329136  0.00000000  0.17989517  0.23163960  0.23163960  0.22343881  0.21532820  0.21532820  0.23577444  0.20332708  0.30529292  0.30075070  0.30529292  0.29174932  0.29623628  0.29623628  0.29174932  0.30075070  0.32843328  0.39223307  0.31446214  0.33789658  0.32374677  0.29174932  0.27406954  0.30529292  0.30529292  0.30529292  0.28728949  0.29174932  0.29174932  0.29174932  0.30529292  0.30986328  0.32843328  0.31446214  0.33314976  0.32843328  0.32843328  0.31446214  0.33789658  0.38712464  0.34267415  0.32843328  0.33314976  0.33314976  0.33314976  0.32843328  0.32843328  0.29623628  0.30075070  0.30986328  0.31908985  0.30075070  0.29174932  0.35719538  0.28285646  0.27844992  0.47343549  0.46207797  0.43987445  0.43442645  0.46207797  0.46207797  0.45089267  0.46773487  0.45646412  0.46207797  0.47918051  0.44536299  0.44536299  0.45089267  0.42364969  0.43987445  0.48497062  0.48497062  0.48497062  0.46773487  0.51462321  0.44536299  0.45646412  0.51462321  0.50859656  0.49080654  0.49668901  0.50859656  0.49668901  0.47343549  0.52069950  0.50859656  0.48497062  0.48497062  0.50261876  0.50261876  0.49668901  0.43987445  0.45089267  0.50859656  0.49080654  0.49080654  0.50859656  0.51462321  0.49668901  0.44536299  0.40255732  0.44536299  0.45646412  0.47918051  0.46773487  0.45646412  0.47918051  0.47343549  0.53300433  0.49080654  0.49080654  0.50859656  0.50859656  0.53923458  0.46773487  0.47343549  0.49668901  0.45646412  0.50859656  0.45089267  0.45089267  0.48497062  0.47343549  0.44536299  0.46207797  0.45646412  0.46207797  0.47343549  0.50261876  0.47918051  
13_3_0     0.25254953  0.21130609  0.21532820  0.25254953  0.25680360  0.19936970  0.22343881  0.21937236  0.22343881  0.24831986  0.16845255  0.16845255  0.17224707  0.17989517  0.00000000  0.26538605  0.26971502  0.25254953  0.26108235  0.26108235  0.26971502  0.25680360  0.32374677  0.30986328  0.37701269  0.36210002  0.35719538  0.37200823  0.36703749  0.36703749  0.33789658  0.36703749  0.34267415  0.36210002  0.34748287  0.33314976  0.29623628  0.35719538  0.33789658  0.32843328  0.32843328  0.33314976  0.33314976  0.33314976  0.31908985  0.32843328  0.33789658  0.31446214  0.35232314  0.33314976  0.32374677  0.32843328  0.34267415  0.36703749  0.34267415  0.37200823  0.36703749  0.36703749  0.36703749  0.35232314  0.37701269  0.34748287  0.36703749  0.35719538  0.32374677  0.32374677  0.33314976  0.38205134  0.28285646  0.27406954  0.51462321  0.47918051  0.46207797  0.47918051  0.49080654  0.46207797  0.45089267  0.49668901  0.51462321  0.50859656  0.50261876  0.47343549  0.47918051  0.47343549  0.46773487  0.45089267  0.52682625  0.52682625  0.50859656  0.49080654  0.52069950  0.52682625  0.51462321  0.58438510  0.59106683  0.48497062  0.47918051  0.47918051  0.46773487  0.44536299  0.47918051  0.47918051  0.45646412  0.45646412  0.47343549  0.46207797  0.44536299  0.43987445  0.45089267  0.46773487  0.49080654  0.50859656  0.50859656  0.49668901  0.52682625  0.45646412  0.44536299  0.43987445  0.43442645  0.46773487  0.51462321  0.51462321  0.52682625  0.52069950  0.54551790  0.50859656  0.52069950  0.51462321  0.55185521  0.57120050  0.52069950  0.43987445  0.50859656  0.49080654  0.51462321  0.50261876  0.52682625  0.48497062  0.48497062  0.52682625  0.50859656  0.53300433  0.48497062  0.50261876  0.52069950  0.55824743  
18_3_0     0.23577444  0.24831986  0.24411430  0.27406954  0.26971502  0.21937236  0.24831986  0.24831986  0.23577444  0.22752781  0.21532820  0.20332708  0.21130609  0.23163960  0.26538605  0.00000000  0.09983469  0.09296957  0.09983469  0.12082193  0.15346672  0.12795250  0.28285646  0.30986328  0.37701269  0.34748287  0.34267415  0.35719538  0.32843328  0.36210002  0.35719538  0.39223307  0.34267415  0.36703749  0.35232314  0.31908985  0.32843328  0.34267415  0.32374677  0.32374677  0.32374677  0.31908985  0.31908985  0.30986328  0.31446214  0.35232314  0.34267415  0.34267415  0.33789658  0.32374677  0.31446214  0.31908985  0.31446214  0.32374677  0.34267415  0.36210002  0.35232314  0.35232314  0.38205134  0.35719538  0.37200823  0.33789658  0.33789658  0.33314976  0.34267415  0.33789658  0.33314976  0.37200823  0.31908985  0.30986328  0.54551790  0.46773487  0.51462321  0.53300433  0.53300433  0.57120050  0.55824743  0.52682625  0.52682625  0.55185521  0.54551790  0.52069950  0.52682625  0.52069950  0.50859656  0.50261876  0.50261876  0.50261876  0.50859656  0.50261876  0.48497062  0.46207797  0.47343549  0.47918051  0.48497062  0.47918051  0.48497062  0.49668901  0.51462321  0.51462321  0.53923458  0.53923458  0.53300433  0.53300433  0.49080654  0.54551790  0.55185521  0.49080654  0.49080654  0.49080654  0.49668901  0.56469554  0.53300433  0.49080654  0.53300433  0.47918051  0.48497062  0.45646412  0.44536299  0.55185521  0.51462321  0.53300433  0.53300433  0.52682625  0.55185521  0.55824743  0.57120050  0.60461467  0.59106683  0.61841599  0.57120050  0.51462321  0.53923458  0.50261876  0.49080654  0.50261876  0.49668901  0.52682625  0.53300433  0.55185521  0.53923458  0.52682625  0.53300433  0.56469554  0.55185521  0.59106683  
16_3_0     0.27406954  0.26108235  0.26538605  0.26971502  0.26538605  0.23993258  0.26108235  0.26538605  0.27406954  0.26108235  0.20730580  0.20332708  0.21937236  0.23163960  0.26971502  0.09983469  0.00000000  0.02449875  0.03706016  0.11025367  0.14976736  0.16467746  0.30986328  0.30529292  0.39737713  0.37701269  0.37200823  0.36210002  0.34748287  0.35232314  0.36210002  0.39223307  0.30986328  0.33314976  0.33789658  0.33314976  0.36210002  0.36210002  0.34267415  0.33314976  0.33314976  0.32843328  0.32843328  0.36210002  0.35719538  0.37200823  0.35232314  0.36210002  0.34267415  0.36210002  0.35232314  0.35719538  0.33314976  0.34748287  0.34267415  0.38205134  0.36210002  0.36210002  0.38712464  0.36703749  0.39737713  0.36703749  0.36703749  0.33314976  0.31446214  0.32843328  0.32374677  0.35719538  0.30986328  0.30075070  0.53923458  0.46207797  0.53300433  0.53923458  0.52069950  0.53300433  0.53300433  0.50261876  0.49080654  0.55185521  0.55824743  0.47918051  0.53300433  0.55185521  0.53923458  0.54551790  0.52682625  0.50261876  0.53300433  0.49080654  0.50859656  0.49080654  0.52682625  0.52682625  0.53300433  0.49668901  0.49080654  0.50261876  0.48497062  0.47918051  0.51462321  0.51462321  0.52069950  0.52069950  0.48497062  0.50261876  0.50859656  0.47918051  0.49080654  0.51462321  0.52682625  0.54551790  0.56469554  0.48497062  0.47343549  0.47918051  0.46207797  0.45646412  0.45646412  0.57120050  0.50859656  0.53923458  0.53923458  0.52069950  0.55824743  0.52682625  0.52682625  0.62541471  0.57776334  0.58438510  0.53300433  0.49668901  0.52069950  0.47918051  0.50261876  0.49080654  0.45646412  0.51462321  0.52682625  0.51462321  0.55185521  0.52682625  0.53300433  0.51462321  0.53300433  0.51462321  
23_3_0     0.25680360  0.25254953  0.25680360  0.26538605  0.26108235  0.22343881  0.25254953  0.24831986  0.26108235  0.25254953  0.19936970  0.18762339  0.19543345  0.22343881  0.25254953  0.09296957  0.02449875  0.00000000  0.04342200  0.11025367  0.15718473  0.15718473  0.29623628  0.30075070  0.39737713  0.36703749  0.36210002  0.37200823  0.36703749  0.35232314  0.34267415  0.36703749  0.29623628  0.32374677  0.31908985  0.32374677  0.33789658  0.33789658  0.31908985  0.30986328  0.31908985  0.31446214  0.30529292  0.32374677  0.33789658  0.33789658  0.32843328  0.34267415  0.33314976  0.34748287  0.32843328  0.34267415  0.32843328  0.34748287  0.32843328  0.36210002  0.34748287  0.34748287  0.37701269  0.37701269  0.38712464  0.35232314  0.35232314  0.34748287  0.31908985  0.33314976  0.32843328  0.37200823  0.31908985  0.31446214  0.53923458  0.46773487  0.52069950  0.52069950  0.51462321  0.52682625  0.52682625  0.50859656  0.49668901  0.54551790  0.53923458  0.47918051  0.52069950  0.52682625  0.51462321  0.52069950  0.53923458  0.51462321  0.52682625  0.50261876  0.50261876  0.49080654  0.51462321  0.53300433  0.55185521  0.47918051  0.47343549  0.49080654  0.47343549  0.49668901  0.50859656  0.50859656  0.52682625  0.52682625  0.49080654  0.50859656  0.51462321  0.50261876  0.50261876  0.52069950  0.51462321  0.54551790  0.56469554  0.49668901  0.50859656  0.47918051  0.47343549  0.46207797  0.47918051  0.57120050  0.50859656  0.53923458  0.52682625  0.50859656  0.57120050  0.51462321  0.52682625  0.58438510  0.56469554  0.57776334  0.52682625  0.52069950  0.52682625  0.49668901  0.50859656  0.47918051  0.46773487  0.52069950  0.52682625  0.52069950  0.55824743  0.53300433  0.53923458  0.50859656  0.52069950  0.53300433  
19_3_0     0.24411430  0.25254953  0.25680360  0.25680360  0.25254953  0.23163960  0.24411430  0.26538605  0.27844992  0.25254953  0.19936970  0.20332708  0.21130609  0.21532820  0.26108235  0.09983469  0.03706016  0.04342200  0.00000000  0.11025367  0.15718473  0.14976736  0.30075070  0.33314976  0.39737713  0.38712464  0.38205134  0.36210002  0.34267415  0.35232314  0.34267415  0.39223307  0.30986328  0.33789658  0.33314976  0.33789658  0.33314976  0.35232314  0.34267415  0.33314976  0.33314976  0.32843328  0.32843328  0.34748287  0.34748287  0.33314976  0.31446214  0.31446214  0.32374677  0.32374677  0.33314976  0.31908985  0.32374677  0.33789658  0.33314976  0.35719538  0.33789658  0.33789658  0.35719538  0.34267415  0.36210002  0.35232314  0.35232314  0.35719538  0.31908985  0.34267415  0.33789658  0.37200823  0.32374677  0.30529292  0.53923458  0.46773487  0.52682625  0.52069950  0.52069950  0.54551790  0.53300433  0.51462321  0.51462321  0.53923458  0.54551790  0.48497062  0.52682625  0.54551790  0.53300433  0.52682625  0.53923458  0.52682625  0.53923458  0.51462321  0.53300433  0.49668901  0.53300433  0.52682625  0.53300433  0.47918051  0.47343549  0.48497062  0.46773487  0.47343549  0.51462321  0.49080654  0.50859656  0.50859656  0.48497062  0.50261876  0.50859656  0.47918051  0.47918051  0.50859656  0.54551790  0.56469554  0.55185521  0.50261876  0.51462321  0.48497062  0.49080654  0.47918051  0.47343549  0.55185521  0.52682625  0.55824743  0.54551790  0.51462321  0.57120050  0.53300433  0.53300433  0.60461467  0.57120050  0.59106683  0.55185521  0.50859656  0.52069950  0.48497062  0.51462321  0.48497062  0.45646412  0.50859656  0.53300433  0.52682625  0.56469554  0.53923458  0.53300433  0.51462321  0.53300433  0.52682625  
22_3_0     0.23993258  0.23993258  0.23577444  0.26971502  0.27406954  0.24831986  0.24831986  0.25254953  0.23993258  0.25254953  0.21130609  0.20730580  0.22343881  0.21532820  0.26108235  0.12082193  0.11025367  0.11025367  0.11025367  0.00000000  0.11375963  0.12082193  0.29174932  0.31908985  0.32843328  0.34267415  0.33789658  0.34267415  0.33314976  0.32374677  0.32843328  0.42901839  0.35232314  0.36703749  0.36210002  0.34748287  0.35232314  0.32374677  0.31446214  0.31446214  0.33314976  0.32843328  0.33789658  0.34748287  0.34748287  0.35232314  0.36703749  0.33314976  0.32843328  0.36210002  0.35232314  0.35719538  0.34748287  0.35719538  0.33789658  0.35719538  0.32374677  0.32374677  0.35232314  0.36703749  0.35232314  0.32843328  0.36703749  0.33789658  0.34267415  0.33789658  0.34267415  0.40255732  0.31446214  0.32374677  0.57120050  0.50859656  0.47918051  0.53300433  0.47918051  0.53300433  0.53300433  0.50859656  0.50859656  0.52682625  0.53300433  0.48497062  0.50859656  0.52682625  0.52682625  0.53300433  0.53300433  0.52069950  0.53923458  0.50859656  0.54551790  0.50261876  0.51462321  0.50859656  0.51462321  0.50859656  0.50261876  0.50261876  0.50261876  0.49080654  0.51462321  0.51462321  0.53300433  0.53300433  0.47918051  0.50859656  0.51462321  0.48497062  0.48497062  0.52682625  0.55185521  0.55185521  0.58438510  0.54551790  0.55824743  0.52682625  0.49080654  0.49080654  0.47343549  0.55185521  0.51462321  0.55185521  0.52069950  0.52682625  0.55185521  0.50859656  0.50859656  0.57120050  0.53300433  0.55824743  0.53923458  0.53300433  0.49668901  0.50261876  0.51462321  0.53923458  0.47343549  0.50261876  0.51462321  0.51462321  0.52069950  0.50859656  0.55185521  0.54551790  0.56469554  0.53300433  
9_3_0      0.25680360  0.25680360  0.25254953  0.30075070  0.29623628  0.25254953  0.26108235  0.26538605  0.27844992  0.28285646  0.23163960  0.23163960  0.24831986  0.23577444  0.26971502  0.15346672  0.14976736  0.15718473  0.15718473  0.11375963  0.00000000  0.14608645  0.29174932  0.30529292  0.36210002  0.33789658  0.33314976  0.38205134  0.35232314  0.31908985  0.40255732  0.39223307  0.39737713  0.38712464  0.37200823  0.36703749  0.35232314  0.36210002  0.34267415  0.33314976  0.33314976  0.32843328  0.34748287  0.38205134  0.34267415  0.34267415  0.35719538  0.38205134  0.37701269  0.35232314  0.36210002  0.34748287  0.36703749  0.37200823  0.36703749  0.36703749  0.34748287  0.34748287  0.37701269  0.34748287  0.36703749  0.40255732  0.40777414  0.39737713  0.38205134  0.40255732  0.39223307  0.43987445  0.37200823  0.34748287  0.53300433  0.47918051  0.52069950  0.52069950  0.52069950  0.57120050  0.57120050  0.51462321  0.52069950  0.55185521  0.56469554  0.51462321  0.50261876  0.50859656  0.50261876  0.49080654  0.59106683  0.56469554  0.56469554  0.55185521  0.58438510  0.52682625  0.55824743  0.58438510  0.57776334  0.54551790  0.52682625  0.50859656  0.51462321  0.52069950  0.53923458  0.52682625  0.51462321  0.51462321  0.52069950  0.52682625  0.53300433  0.50261876  0.50261876  0.58438510  0.60461467  0.62541471  0.60461467  0.53923458  0.48497062  0.50859656  0.50261876  0.43442645  0.43987445  0.53300433  0.50261876  0.52682625  0.53923458  0.55185521  0.54551790  0.55185521  0.55185521  0.57120050  0.57120050  0.56469554  0.60461467  0.52069950  0.55824743  0.51462321  0.57120050  0.59106683  0.53923458  0.50859656  0.53300433  0.54551790  0.53923458  0.52682625  0.56469554  0.53300433  0.57120050  0.55185521  
15_3_0     0.22752781  0.23163960  0.22752781  0.24831986  0.24411430  0.22752781  0.24831986  0.23993258  0.21130609  0.25680360  0.18374916  0.19936970  0.20730580  0.20332708  0.25680360  0.12795250  0.16467746  0.15718473  0.14976736  0.12082193  0.14608645  0.00000000  0.28728949  0.34267415  0.34267415  0.32843328  0.32374677  0.33314976  0.32374677  0.31446214  0.32843328  0.39223307  0.33314976  0.35232314  0.34267415  0.33314976  0.33314976  0.36210002  0.36210002  0.35232314  0.34267415  0.33789658  0.33789658  0.30986328  0.29623628  0.38712464  0.38205134  0.35232314  0.36703749  0.35719538  0.35719538  0.35232314  0.35232314  0.33789658  0.38712464  0.37200823  0.37701269  0.37701269  0.37701269  0.37200823  0.36703749  0.32374677  0.33789658  0.34748287  0.33789658  0.33314976  0.33789658  0.39223307  0.33789658  0.31446214  0.55185521  0.47918051  0.53300433  0.56469554  0.55824743  0.59780965  0.59780965  0.57120050  0.58438510  0.59106683  0.59106683  0.54551790  0.51462321  0.51462321  0.51462321  0.49668901  0.53300433  0.52069950  0.52682625  0.50261876  0.58438510  0.51462321  0.52682625  0.52682625  0.52682625  0.48497062  0.47918051  0.46773487  0.48497062  0.50261876  0.53300433  0.53300433  0.51462321  0.51462321  0.50261876  0.54551790  0.53923458  0.47918051  0.47918051  0.53923458  0.55185521  0.62541471  0.55185521  0.53300433  0.56469554  0.51462321  0.53300433  0.47918051  0.50261876  0.52069950  0.46207797  0.50261876  0.47918051  0.50859656  0.52069950  0.52682625  0.53300433  0.55185521  0.55185521  0.54551790  0.57776334  0.53923458  0.54551790  0.50859656  0.53923458  0.53923458  0.50859656  0.50859656  0.50859656  0.52069950  0.52069950  0.50859656  0.53300433  0.54551790  0.52069950  0.54551790  
