20
20_0_0     0.00000000  0.07994938  0.21898387  0.20383657  0.22925820  0.19885600  0.88648310  0.87394856  0.92542170  0.86162404  0.88648310  0.89923496  0.88648310  0.91221180  0.74855869  0.73815226  0.72789100  0.72789100  0.73815226  0.76982394  
16_0_0     0.07994938  0.00000000  0.21898387  0.21898387  0.24494390  0.21390003  0.88648310  0.99528301  0.99528301  0.92542170  0.98076982  0.99528301  0.98076982  1.01008833  0.73815226  0.72789100  0.73815226  0.73815226  0.72789100  0.73815226  
15_0_0     0.21898387  0.21898387  0.00000000  0.02700487  0.04691972  0.01530975  0.98076982  0.92542170  0.99528301  1.01008833  0.98076982  0.99528301  0.98076982  1.01008833  0.75911447  0.79172234  0.80292098  0.78069165  0.79172234  0.79172234  
17_0_0     0.20383657  0.21898387  0.02700487  0.00000000  0.02700487  0.01145233  0.95257528  0.89923496  0.99528301  0.98076982  0.95257528  0.96653746  0.95257528  0.98076982  0.69793917  0.72789100  0.73815226  0.71777093  0.72789100  0.72789100  
19_0_0     0.22925820  0.24494390  0.04691972  0.02700487  0.00000000  0.03094494  0.99528301  0.91221180  1.01008833  0.99528301  0.96653746  0.98076982  0.96653746  0.99528301  0.72789100  0.75911447  0.76982394  0.74855869  0.75911447  0.75911447  
18_0_0     0.19885600  0.21390003  0.01530975  0.01145233  0.03094494  0.00000000  0.96653746  0.91221180  0.98076982  0.99528301  0.96653746  0.98076982  0.96653746  0.99528301  0.72789100  0.75911447  0.76982394  0.74855869  0.75911447  0.75911447  
9_0_0      0.88648310  0.88648310  0.98076982  0.95257528  0.99528301  0.96653746  0.00000000  0.15082171  0.19885600  0.19885600  0.16018089  0.15082171  0.15548641  0.16018089  0.53221026  0.51675432  0.51675432  0.55602072  0.54006175  0.51675432  
8_0_0      0.87394856  0.99528301  0.92542170  0.89923496  0.91221180  0.91221180  0.15082171  0.00000000  0.15082171  0.17926428  0.10573292  0.09703759  0.11011944  0.11453227  0.58062782  0.57233365  0.55602072  0.56413196  0.56413196  0.55602072  
12_0_0     0.92542170  0.99528301  0.99528301  0.99528301  1.01008833  0.98076982  0.19885600  0.15082171  0.00000000  0.14618640  0.08418436  0.07573864  0.09703759  0.08418436  0.61477268  0.60608672  0.63245851  0.61477268  0.63245851  0.60608672  
4_0_0      0.86162404  0.92542170  1.01008833  0.98076982  0.99528301  0.99528301  0.19885600  0.17926428  0.14618640  0.00000000  0.11453227  0.11453227  0.12793187  0.11453227  0.59750214  0.57233365  0.58062782  0.55602072  0.57233365  0.56413196  
1_0_0      0.88648310  0.98076982  0.98076982  0.95257528  0.96653746  0.96653746  0.16018089  0.10573292  0.08418436  0.11453227  0.00000000  0.00761504  0.01918750  0.01530975  0.58901659  0.58062782  0.58901659  0.58901659  0.58901659  0.58062782  
7_0_0      0.89923496  0.99528301  0.99528301  0.96653746  0.98076982  0.98076982  0.15082171  0.09703759  0.07573864  0.11453227  0.00761504  0.00000000  0.01918750  0.01530975  0.59750214  0.58901659  0.59750214  0.59750214  0.59750214  0.58901659  
5_0_0      0.88648310  0.98076982  0.98076982  0.95257528  0.96653746  0.96653746  0.15548641  0.11011944  0.09703759  0.12793187  0.01918750  0.01918750  0.00000000  0.01918750  0.60608672  0.59750214  0.61477268  0.60608672  0.60608672  0.59750214  
10_0_0     0.91221180  1.01008833  1.01008833  0.98076982  0.99528301  0.99528301  0.16018089  0.11453227  0.08418436  0.11453227  0.01530975  0.01530975  0.01918750  0.00000000  0.58062782  0.57233365  0.58062782  0.58062782  0.58062782  0.57233365  
14_0_0     0.74855869  0.73815226  0.75911447  0.69793917  0.72789100  0.72789100  0.53221026  0.58062782  0.61477268  0.59750214  0.58901659  0.59750214  0.60608672  0.58062782  0.00000000  0.01145233  0.05503913  0.07994938  0.06324916  0.06324916  
2_0_0      0.73815226  0.72789100  0.79172234  0.72789100  0.75911447  0.75911447  0.51675432  0.57233365  0.60608672  0.57233365  0.58062782  0.58901659  0.59750214  0.57233365  0.01145233  0.00000000  0.05096822  0.08418436  0.06738880  0.06738880  
11_0_0     0.72789100  0.73815226  0.80292098  0.73815226  0.76982394  0.76982394  0.51675432  0.55602072  0.63245851  0.58062782  0.58901659  0.59750214  0.61477268  0.58062782  0.05503913  0.05096822  0.00000000  0.09703759  0.08844386  0.09703759  
6_0_0      0.72789100  0.73815226  0.78069165  0.71777093  0.74855869  0.74855869  0.55602072  0.56413196  0.61477268  0.55602072  0.58901659  0.59750214  0.60608672  0.58062782  0.07994938  0.08418436  0.09703759  0.00000000  0.01530975  0.03888896  
3_0_0      0.73815226  0.72789100  0.79172234  0.72789100  0.75911447  0.75911447  0.54006175  0.56413196  0.63245851  0.57233365  0.58901659  0.59750214  0.60608672  0.58062782  0.06324916  0.06738880  0.08844386  0.01530975  0.00000000  0.02308580  
13_0_0     0.76982394  0.73815226  0.79172234  0.72789100  0.75911447  0.75911447  0.51675432  0.55602072  0.60608672  0.56413196  0.58062782  0.58901659  0.59750214  0.57233365  0.06324916  0.06738880  0.09703759  0.03888896  0.02308580  0.00000000  

