150
23_14_0    0.00000000  0.30800042  0.34815291  0.54794207  0.61117061  0.63349403  0.57538554  0.52147068  0.60387522  0.66433520  0.67224852  0.65650478  0.64875555  0.69650397  0.71312291  0.65650478  0.64108584  0.73876543  0.70476725  0.68024653  0.68833105  0.64108584  0.70476725  0.61853791  0.71312291  0.73876543  0.62597856  0.56842963  0.56842963  0.55470905  0.62597856  0.60387522  0.62597856  0.52800115  0.65650478  0.64875555  0.73876543  0.59665034  0.65650478  0.52800115  0.54794207  0.58240680  0.66433520  0.59665034  0.56153786  0.51499677  0.50857846  0.48344257  0.50221479  0.74751223  0.63349403  0.68833105  0.63349403  0.64108584  0.50221479  0.50857846  0.66433520  0.73011980  0.68833105  0.70476725  0.69650397  0.69650397  0.73011980  0.71312291  0.69650397  0.72157304  0.67224852  0.66433520  0.65650478  0.60387522  0.68024653  0.57538554  0.61853791  0.64875555  0.58949464  0.54123581  0.61117061  0.56153786  0.48964774  0.64875555  0.60387522  0.63349403  0.55470905  0.56153786  0.61117061  0.66433520  0.57538554  0.61853791  0.59665034  0.68833105  0.61853791  0.72157304  0.70476725  0.61853791  0.49590485  0.54123581  0.58240680  0.52147068  0.77438411  0.71312291  0.63349403  0.87164978  0.93672963  0.77438411  0.78356047  0.59665034  0.59665034  0.68024653  0.64875555  0.65650478  0.62597856  0.61853791  0.77438411  0.77438411  0.85115763  0.90348159  0.87164978  0.64108584  0.62597856  0.63349403  0.61853791  0.69650397  0.61853791  0.61117061  0.61117061  0.76531904  0.72157304  0.70476725  0.65650478  0.64108584  0.75636261  0.69650397  0.65650478  0.73876543  0.72157304  0.82143584  0.68833105  0.71312291  0.74751223  0.76531904  0.61853791  0.67224852  0.69650397  0.68833105  0.75636261  0.76531904  0.75636261  0.67224852  0.75636261  0.64108584  
23_15_0    0.30800042  0.00000000  0.41274080  0.56842963  0.48964774  0.56153786  0.44139163  0.46513030  0.56842963  0.56153786  0.56842963  0.65650478  0.58949464  0.61117061  0.69650397  0.61117061  0.60387522  0.78356047  0.66433520  0.67224852  0.72157304  0.68833105  0.69650397  0.65650478  0.69650397  0.61853791  0.67224852  0.51499677  0.54794207  0.60387522  0.56842963  0.60387522  0.61853791  0.53458919  0.57538554  0.57538554  0.58949464  0.50857846  0.55470905  0.50857846  0.56842963  0.54123581  0.58949464  0.55470905  0.54794207  0.45912458  0.46513030  0.51499677  0.52147068  0.58240680  0.59665034  0.58949464  0.57538554  0.59665034  0.52147068  0.52800115  0.67224852  0.66433520  0.71312291  0.68833105  0.66433520  0.65650478  0.67224852  0.64875555  0.63349403  0.68833105  0.67224852  0.72157304  0.64108584  0.59665034  0.67224852  0.56153786  0.61117061  0.60387522  0.58949464  0.63349403  0.53458919  0.58949464  0.54123581  0.58949464  0.61853791  0.72157304  0.61117061  0.62597856  0.65650478  0.68024653  0.60387522  0.64875555  0.67224852  0.63349403  0.64108584  0.69650397  0.64875555  0.64875555  0.54794207  0.57538554  0.52800115  0.54794207  0.64108584  0.64875555  0.64875555  0.75636261  0.72157304  0.68833105  0.69650397  0.64108584  0.71312291  0.70476725  0.70476725  0.71312291  0.66433520  0.63349403  0.75636261  0.62597856  0.85115763  0.85115763  0.85115763  0.64875555  0.63349403  0.66433520  0.58240680  0.61853791  0.66433520  0.67224852  0.64875555  0.64875555  0.64875555  0.61853791  0.57538554  0.67224852  0.77438411  0.61117061  0.61117061  0.72157304  0.68024653  0.72157304  0.65650478  0.68024653  0.65650478  0.66433520  0.66433520  0.68833105  0.74751223  0.72157304  0.71312291  0.70476725  0.74751223  0.63349403  0.76531904  0.60387522  
23_0_0     0.34815291  0.41274080  0.00000000  0.54123581  0.47728849  0.65650478  0.61117061  0.50221479  0.53458919  0.59665034  0.56842963  0.61853791  0.56842963  0.68024653  0.58240680  0.61853791  0.57538554  0.74751223  0.60387522  0.67224852  0.66433520  0.61853791  0.64108584  0.54794207  0.58240680  0.61853791  0.62597856  0.48964774  0.51499677  0.52147068  0.57538554  0.57538554  0.58949464  0.55470905  0.63349403  0.62597856  0.64108584  0.60387522  0.57538554  0.51499677  0.61853791  0.60387522  0.61853791  0.52800115  0.54123581  0.47728849  0.48344257  0.52800115  0.50221479  0.73876543  0.59665034  0.58949464  0.68024653  0.64108584  0.48964774  0.49590485  0.66433520  0.63349403  0.70476725  0.65650478  0.62597856  0.57538554  0.63349403  0.67224852  0.66433520  0.65650478  0.62597856  0.61853791  0.64108584  0.64875555  0.69650397  0.64108584  0.64875555  0.61853791  0.66433520  0.58949464  0.61117061  0.63349403  0.62597856  0.60387522  0.61853791  0.64875555  0.58949464  0.61853791  0.68024653  0.61117061  0.61853791  0.64875555  0.64875555  0.70476725  0.61853791  0.71312291  0.68833105  0.59665034  0.53458919  0.47728849  0.52800115  0.50221479  0.80225826  0.72157304  0.64875555  0.89271965  0.94814931  0.81178554  0.84111847  0.68833105  0.73011980  0.68833105  0.68024653  0.64875555  0.66433520  0.71312291  0.73011980  0.70476725  0.98349409  0.95974617  0.90348159  0.68833105  0.67224852  0.70476725  0.61117061  0.64108584  0.79285090  0.78356047  0.70476725  0.71312291  0.72157304  0.72157304  0.61853791  0.68024653  0.85115763  0.73876543  0.69650397  0.78356047  0.78356047  0.77438411  0.69650397  0.70476725  0.88211047  0.88211047  0.68833105  0.68024653  0.65650478  0.69650397  0.78356047  0.73876543  0.71312291  0.84111847  0.73011980  0.65650478  
2_4_0      0.54794207  0.56842963  0.54123581  0.00000000  0.30800042  0.59665034  0.56153786  0.50221479  0.58949464  0.56153786  0.68833105  0.72157304  0.71312291  0.64108584  0.82143584  0.73011980  0.69650397  0.80225826  0.75636261  0.78356047  0.82143584  0.72157304  0.80225826  0.68833105  0.73876543  0.79285090  0.75636261  0.58949464  0.61117061  0.69650397  0.61117061  0.54123581  0.55470905  0.61117061  0.71312291  0.71312291  0.66433520  0.62597856  0.61117061  0.55470905  0.72157304  0.76531904  0.72157304  0.63349403  0.62597856  0.63349403  0.62597856  0.62597856  0.59665034  0.83121236  0.71312291  0.76531904  0.66433520  0.70476725  0.54794207  0.54123581  0.63349403  0.69650397  0.68833105  0.70476725  0.61117061  0.68024653  0.69650397  0.66433520  0.63349403  0.67224852  0.58949464  0.69650397  0.65650478  0.61853791  0.70476725  0.65650478  0.71312291  0.76531904  0.69650397  0.71312291  0.70476725  0.65650478  0.67224852  0.64108584  0.68833105  0.65650478  0.63349403  0.57538554  0.70476725  0.68024653  0.58949464  0.66433520  0.68024653  0.69650397  0.69650397  0.76531904  0.78356047  0.75636261  0.51499677  0.59665034  0.62597856  0.52800115  0.86133348  0.78356047  0.68833105  0.76531904  0.78356047  0.77438411  0.81178554  0.66433520  0.68024653  0.65650478  0.69650397  0.70476725  0.68833105  0.73876543  0.73011980  0.75636261  0.80225826  0.90348159  0.91440076  0.59665034  0.60387522  0.65650478  0.66433520  0.64108584  0.76531904  0.74751223  0.73011980  0.77438411  0.86133348  0.85115763  0.69650397  0.70476725  0.84111847  0.78356047  0.78356047  0.75636261  0.79285090  0.75636261  0.70476725  0.72157304  0.92548181  0.89271965  0.87164978  0.76531904  0.76531904  0.83121236  0.73011980  0.86133348  0.80225826  0.86133348  0.76531904  0.74751223  
16_4_0     0.61117061  0.48964774  0.47728849  0.30800042  0.00000000  0.62597856  0.60387522  0.61117061  0.57538554  0.60387522  0.63349403  0.69650397  0.62597856  0.67224852  0.64875555  0.57538554  0.63349403  0.74751223  0.68024653  0.74751223  0.73876543  0.65650478  0.73011980  0.68024653  0.65650478  0.69650397  0.66433520  0.62597856  0.66433520  0.61117061  0.56842963  0.68024653  0.64108584  0.61853791  0.67224852  0.79285090  0.61853791  0.59665034  0.57538554  0.54794207  0.73876543  0.69650397  0.68833105  0.58240680  0.59665034  0.52800115  0.56153786  0.61853791  0.62597856  0.71312291  0.64108584  0.64108584  0.60387522  0.60387522  0.48344257  0.50221479  0.54794207  0.65650478  0.72157304  0.69650397  0.61853791  0.58949464  0.63349403  0.61117061  0.56842963  0.68024653  0.65650478  0.68833105  0.56842963  0.66433520  0.64875555  0.58240680  0.61853791  0.65650478  0.64875555  0.66433520  0.66433520  0.67224852  0.71312291  0.67224852  0.63349403  0.61853791  0.54794207  0.61853791  0.64875555  0.68024653  0.62597856  0.68024653  0.64875555  0.64108584  0.65650478  0.81178554  0.76531904  0.72157304  0.55470905  0.55470905  0.60387522  0.54794207  0.82143584  0.82143584  0.68833105  0.70476725  0.69650397  0.73876543  0.77438411  0.75636261  0.77438411  0.73011980  0.73876543  0.74751223  0.74751223  0.78356047  0.68833105  0.64875555  0.88211047  0.91440076  0.86133348  0.69650397  0.65650478  0.66433520  0.74751223  0.73011980  0.75636261  0.73011980  0.73011980  0.78356047  0.75636261  0.75636261  0.70476725  0.79285090  0.92548181  0.76531904  0.79285090  0.72157304  0.77438411  0.67224852  0.73011980  0.72157304  0.75636261  0.76531904  0.71312291  0.68833105  0.69650397  0.75636261  0.76531904  0.86133348  0.78356047  0.86133348  0.78356047  0.60387522  
23_3_0     0.63349403  0.56153786  0.65650478  0.59665034  0.62597856  0.00000000  0.44725599  0.45316673  0.68024653  0.62597856  0.76531904  0.81178554  0.82143584  0.77438411  0.80225826  0.63349403  0.65650478  0.85115763  0.69650397  0.73876543  0.74751223  0.72157304  0.77438411  0.72157304  0.68833105  0.74751223  0.68024653  0.64108584  0.65650478  0.70476725  0.63349403  0.58949464  0.62597856  0.68833105  0.66433520  0.66433520  0.68833105  0.63349403  0.63349403  0.66433520  0.73876543  0.73876543  0.67224852  0.58949464  0.59665034  0.59665034  0.58949464  0.64108584  0.64108584  0.73876543  0.68833105  0.68024653  0.63349403  0.63349403  0.53458919  0.52800115  0.62597856  0.65650478  0.70476725  0.63349403  0.61853791  0.62597856  0.65650478  0.64875555  0.64108584  0.64875555  0.60387522  0.71312291  0.66433520  0.68833105  0.67224852  0.74751223  0.64875555  0.68024653  0.77438411  0.62597856  0.60387522  0.59665034  0.65650478  0.63349403  0.72157304  0.69650397  0.72157304  0.64875555  0.72157304  0.66433520  0.73011980  0.64108584  0.68024653  0.74751223  0.74751223  0.77438411  0.72157304  0.81178554  0.59665034  0.61853791  0.68833105  0.65650478  0.90348159  0.85115763  0.78356047  0.89271965  0.86133348  0.85115763  0.89271965  0.74751223  0.77438411  0.75636261  0.77438411  0.78356047  0.80225826  0.75636261  0.83121236  0.80225826  0.94814931  0.92548181  0.88211047  0.78356047  0.77438411  0.81178554  0.73876543  0.73876543  0.76531904  0.77438411  0.79285090  0.70476725  0.82143584  0.80225826  0.78356047  0.91440076  0.91440076  0.82143584  0.84111847  0.86133348  0.85115763  0.78356047  0.78356047  0.78356047  0.80225826  0.78356047  0.85115763  0.79285090  0.80225826  0.75636261  0.81178554  0.85115763  0.89271965  0.85115763  0.84111847  0.78356047  
18_3_0     0.57538554  0.44139163  0.61117061  0.56153786  0.60387522  0.44725599  0.00000000  0.17413796  0.55470905  0.54123581  0.63349403  0.69650397  0.62597856  0.66433520  0.69650397  0.61117061  0.64875555  0.85115763  0.72157304  0.79285090  0.77438411  0.75636261  0.73876543  0.76531904  0.72157304  0.76531904  0.70476725  0.50857846  0.54123581  0.65650478  0.58240680  0.53458919  0.54794207  0.55470905  0.58240680  0.55470905  0.64875555  0.59665034  0.54794207  0.54123581  0.64108584  0.60387522  0.58240680  0.54123581  0.52147068  0.55470905  0.53458919  0.57538554  0.58949464  0.64108584  0.60387522  0.67224852  0.58949464  0.59665034  0.56153786  0.58240680  0.58949464  0.56842963  0.61117061  0.62597856  0.60387522  0.62597856  0.59665034  0.64875555  0.61117061  0.52800115  0.52147068  0.65650478  0.56842963  0.63349403  0.62597856  0.56842963  0.54123581  0.54123581  0.58949464  0.62597856  0.60387522  0.64108584  0.63349403  0.60387522  0.54123581  0.64108584  0.57538554  0.61853791  0.66433520  0.66433520  0.63349403  0.58949464  0.64108584  0.68024653  0.71312291  0.68833105  0.67224852  0.71312291  0.56153786  0.57538554  0.53458919  0.57538554  0.77438411  0.82143584  0.68833105  0.77438411  0.76531904  0.66433520  0.68833105  0.66433520  0.69650397  0.72157304  0.74751223  0.76531904  0.72157304  0.68833105  0.66433520  0.64108584  0.84111847  0.74751223  0.77438411  0.62597856  0.66433520  0.61117061  0.54123581  0.62597856  0.73876543  0.71312291  0.79285090  0.75636261  0.73011980  0.71312291  0.74751223  0.73011980  0.83121236  0.72157304  0.68833105  0.79285090  0.77438411  0.70476725  0.68833105  0.72157304  0.73011980  0.73011980  0.88211047  0.81178554  0.83121236  0.90348159  0.84111847  0.77438411  0.82143584  0.80225826  0.77438411  0.68833105  
18_19_0    0.52147068  0.46513030  0.50221479  0.50221479  0.61117061  0.45316673  0.17413796  0.00000000  0.50221479  0.51499677  0.65650478  0.67224852  0.63349403  0.66433520  0.67224852  0.57538554  0.59665034  0.81178554  0.69650397  0.68024653  0.70476725  0.63349403  0.64875555  0.66433520  0.68024653  0.67224852  0.61117061  0.45316673  0.48344257  0.63349403  0.48964774  0.48964774  0.47728849  0.50857846  0.59665034  0.55470905  0.58240680  0.54123581  0.45316673  0.48344257  0.58949464  0.54123581  0.61117061  0.54123581  0.53458919  0.54794207  0.52147068  0.51499677  0.52800115  0.60387522  0.58949464  0.58949464  0.61853791  0.62597856  0.54794207  0.55470905  0.54123581  0.56153786  0.56842963  0.64108584  0.50221479  0.56842963  0.51499677  0.56842963  0.56153786  0.52800115  0.47728849  0.58240680  0.53458919  0.65650478  0.57538554  0.56153786  0.54123581  0.52147068  0.56153786  0.50857846  0.52147068  0.56153786  0.59665034  0.50857846  0.55470905  0.62597856  0.63349403  0.54794207  0.75636261  0.70476725  0.57538554  0.65650478  0.68024653  0.65650478  0.68024653  0.70476725  0.67224852  0.66433520  0.52800115  0.50857846  0.48964774  0.52800115  0.75636261  0.79285090  0.65650478  0.73876543  0.72157304  0.68024653  0.72157304  0.70476725  0.72157304  0.68833105  0.75636261  0.72157304  0.69650397  0.72157304  0.61853791  0.61117061  0.77438411  0.75636261  0.74751223  0.63349403  0.65650478  0.61117061  0.58949464  0.64875555  0.70476725  0.69650397  0.78356047  0.74751223  0.74751223  0.73011980  0.69650397  0.83121236  0.80225826  0.73876543  0.70476725  0.73876543  0.75636261  0.72157304  0.73011980  0.74751223  0.79285090  0.79285090  0.80225826  0.75636261  0.75636261  0.83121236  0.71312291  0.73011980  0.77438411  0.80225826  0.77438411  0.69650397  
31_0_0     0.60387522  0.56842963  0.53458919  0.58949464  0.57538554  0.68024653  0.55470905  0.50221479  0.00000000  0.19906087  0.42406969  0.47728849  0.44725599  0.44139163  0.52800115  0.56153786  0.58240680  0.69650397  0.66433520  0.62597856  0.68833105  0.62597856  0.61117061  0.62597856  0.64108584  0.61117061  0.68024653  0.52800115  0.53458919  0.64108584  0.59665034  0.62597856  0.66433520  0.54123581  0.69650397  0.68024653  0.64875555  0.56842963  0.62597856  0.50221479  0.64875555  0.62597856  0.55470905  0.50857846  0.50857846  0.54794207  0.50857846  0.54794207  0.57538554  0.52800115  0.64108584  0.60387522  0.57538554  0.58240680  0.50221479  0.49590485  0.54123581  0.66433520  0.61853791  0.64875555  0.56153786  0.59665034  0.59665034  0.61117061  0.63349403  0.66433520  0.56153786  0.65650478  0.55470905  0.57538554  0.59665034  0.64108584  0.61117061  0.57538554  0.59665034  0.56842963  0.58949464  0.58240680  0.56153786  0.59665034  0.58949464  0.58240680  0.58949464  0.54123581  0.61117061  0.68024653  0.62597856  0.69650397  0.66433520  0.69650397  0.68833105  0.77438411  0.77438411  0.67224852  0.54123581  0.57538554  0.61117061  0.51499677  0.71312291  0.69650397  0.69650397  0.73876543  0.73876543  0.72157304  0.74751223  0.62597856  0.64108584  0.64108584  0.66433520  0.66433520  0.68833105  0.73876543  0.69650397  0.69650397  0.84111847  0.84111847  0.84111847  0.62597856  0.68024653  0.69650397  0.64875555  0.65650478  0.77438411  0.77438411  0.72157304  0.73011980  0.77438411  0.76531904  0.65650478  0.72157304  0.83121236  0.78356047  0.75636261  0.62597856  0.83121236  0.74751223  0.78356047  0.77438411  0.73011980  0.76531904  0.70476725  0.77438411  0.76531904  0.88211047  0.68833105  0.73011980  0.78356047  0.79285090  0.84111847  0.66433520  
26_0_0     0.66433520  0.56153786  0.59665034  0.56153786  0.60387522  0.62597856  0.54123581  0.51499677  0.19906087  0.00000000  0.48344257  0.54794207  0.51499677  0.47728849  0.59665034  0.58240680  0.61117061  0.74751223  0.78356047  0.77438411  0.83121236  0.76531904  0.76531904  0.79285090  0.72157304  0.69650397  0.80225826  0.52800115  0.54794207  0.66433520  0.59665034  0.53458919  0.64108584  0.58949464  0.61117061  0.64108584  0.58949464  0.53458919  0.55470905  0.52147068  0.62597856  0.62597856  0.50857846  0.50221479  0.50221479  0.54794207  0.50221479  0.53458919  0.56153786  0.57538554  0.64108584  0.64875555  0.62597856  0.63349403  0.56842963  0.57538554  0.52800115  0.54123581  0.58949464  0.61853791  0.50857846  0.61117061  0.59665034  0.59665034  0.61853791  0.64108584  0.50857846  0.63349403  0.51499677  0.51499677  0.52147068  0.60387522  0.54123581  0.51499677  0.52147068  0.57538554  0.64108584  0.62597856  0.64875555  0.60387522  0.60387522  0.60387522  0.62597856  0.63349403  0.63349403  0.69650397  0.68024653  0.64108584  0.59665034  0.62597856  0.64875555  0.74751223  0.73876543  0.65650478  0.57538554  0.59665034  0.63349403  0.57538554  0.71312291  0.67224852  0.65650478  0.80225826  0.77438411  0.76531904  0.79285090  0.64875555  0.68833105  0.63349403  0.66433520  0.64875555  0.68833105  0.69650397  0.73011980  0.70476725  0.82143584  0.77438411  0.81178554  0.67224852  0.73011980  0.71312291  0.72157304  0.68833105  0.78356047  0.78356047  0.76531904  0.68833105  0.72157304  0.71312291  0.69650397  0.74751223  0.85115763  0.74751223  0.73011980  0.68833105  0.79285090  0.76531904  0.68024653  0.67224852  0.75636261  0.79285090  0.74751223  0.72157304  0.71312291  0.74751223  0.65650478  0.72157304  0.72157304  0.80225826  0.78356047  0.68024653  
12_0_0     0.67224852  0.56842963  0.56842963  0.68833105  0.63349403  0.76531904  0.63349403  0.65650478  0.42406969  0.48344257  0.00000000  0.25154758  0.17413796  0.14214976  0.32780706  0.61853791  0.68833105  0.83121236  0.72157304  0.72157304  0.79285090  0.75636261  0.73876543  0.74751223  0.73876543  0.69650397  0.68833105  0.60387522  0.64875555  0.65650478  0.58240680  0.63349403  0.64108584  0.70476725  0.69650397  0.64108584  0.69650397  0.66433520  0.61853791  0.59665034  0.73876543  0.72157304  0.66433520  0.59665034  0.58240680  0.64108584  0.62597856  0.57538554  0.56153786  0.64875555  0.73876543  0.68024653  0.61853791  0.64875555  0.61117061  0.60387522  0.66433520  0.68833105  0.71312291  0.74751223  0.66433520  0.64875555  0.69650397  0.69650397  0.68833105  0.64875555  0.70476725  0.73011980  0.58949464  0.68833105  0.68024653  0.64108584  0.67224852  0.68833105  0.65650478  0.75636261  0.68024653  0.65650478  0.61117061  0.70476725  0.68024653  0.67224852  0.61117061  0.61853791  0.73011980  0.70476725  0.69650397  0.65650478  0.68024653  0.82143584  0.69650397  0.83121236  0.83121236  0.80225826  0.65650478  0.61853791  0.67224852  0.65650478  0.77438411  0.73011980  0.79285090  0.79285090  0.75636261  0.76531904  0.79285090  0.73876543  0.75636261  0.66433520  0.71312291  0.69650397  0.68833105  0.68833105  0.75636261  0.75636261  0.81178554  0.89271965  0.87164978  0.71312291  0.71312291  0.82143584  0.73876543  0.70476725  0.76531904  0.77438411  0.69650397  0.77438411  0.82143584  0.79285090  0.74751223  0.76531904  0.90348159  0.73876543  0.73011980  0.73876543  0.70476725  0.73011980  0.69650397  0.66433520  0.77438411  0.81178554  0.75636261  0.77438411  0.77438411  0.73876543  0.80225826  0.88211047  0.82143584  0.82143584  0.76531904  0.70476725  
4_0_0      0.65650478  0.65650478  0.61853791  0.72157304  0.69650397  0.81178554  0.69650397  0.67224852  0.47728849  0.54794207  0.25154758  0.00000000  0.26066523  0.26066523  0.45912458  0.65650478  0.68833105  0.80225826  0.79285090  0.78356047  0.85115763  0.77438411  0.78356047  0.71312291  0.84111847  0.79285090  0.71312291  0.61117061  0.62597856  0.61853791  0.68024653  0.60387522  0.61853791  0.69650397  0.69650397  0.77438411  0.70476725  0.65650478  0.63349403  0.59665034  0.80225826  0.81178554  0.68024653  0.70476725  0.68024653  0.71312291  0.67224852  0.66433520  0.64875555  0.73011980  0.75636261  0.75636261  0.71312291  0.75636261  0.68024653  0.67224852  0.68833105  0.75636261  0.67224852  0.74751223  0.64108584  0.62597856  0.65650478  0.70476725  0.68024653  0.64875555  0.64875555  0.80225826  0.66433520  0.75636261  0.70476725  0.68024653  0.65650478  0.66433520  0.64108584  0.67224852  0.72157304  0.64875555  0.67224852  0.68024653  0.67224852  0.71312291  0.70476725  0.58240680  0.74751223  0.73876543  0.64108584  0.66433520  0.67224852  0.77438411  0.68024653  0.76531904  0.75636261  0.78356047  0.62597856  0.62597856  0.65650478  0.64108584  0.81178554  0.77438411  0.83121236  0.87164978  0.86133348  0.79285090  0.80225826  0.85115763  0.87164978  0.88211047  0.86133348  0.85115763  0.85115763  0.83121236  0.81178554  0.81178554  0.99565713  0.95974617  0.95974617  0.79285090  0.74751223  0.87164978  0.76531904  0.78356047  0.90348159  0.89271965  0.81178554  0.74751223  0.85115763  0.85115763  0.76531904  0.88211047  0.88211047  0.89271965  0.86133348  0.82143584  0.76531904  0.78356047  0.81178554  0.80225826  0.81178554  0.83121236  0.82143584  0.81178554  0.80225826  0.88211047  0.83121236  0.92548181  0.94814931  0.88211047  0.90348159  0.77438411  
24_0_0     0.64875555  0.58949464  0.56842963  0.71312291  0.62597856  0.82143584  0.62597856  0.63349403  0.44725599  0.51499677  0.17413796  0.26066523  0.00000000  0.14607421  0.36906813  0.67224852  0.73876543  0.80225826  0.80225826  0.80225826  0.87164978  0.82143584  0.80225826  0.77438411  0.83121236  0.82143584  0.77438411  0.64875555  0.69650397  0.64108584  0.61853791  0.68024653  0.67224852  0.65650478  0.81178554  0.74751223  0.73011980  0.65650478  0.61853791  0.59665034  0.73876543  0.72157304  0.73876543  0.61853791  0.62597856  0.63349403  0.59665034  0.63349403  0.61117061  0.70476725  0.66433520  0.68833105  0.64108584  0.66433520  0.64108584  0.64875555  0.67224852  0.72157304  0.67224852  0.76531904  0.62597856  0.58949464  0.63349403  0.64875555  0.65650478  0.68024653  0.68024653  0.74751223  0.62597856  0.68024653  0.68833105  0.63349403  0.73011980  0.68833105  0.68024653  0.73011980  0.69650397  0.68833105  0.62597856  0.68833105  0.70476725  0.78356047  0.68833105  0.64108584  0.79285090  0.75636261  0.68024653  0.71312291  0.72157304  0.85115763  0.69650397  0.88211047  0.87164978  0.84111847  0.70476725  0.66433520  0.67224852  0.71312291  0.81178554  0.79285090  0.74751223  0.75636261  0.73876543  0.74751223  0.73876543  0.71312291  0.78356047  0.68833105  0.70476725  0.67224852  0.64875555  0.65650478  0.78356047  0.73876543  0.87164978  0.93672963  0.89271965  0.71312291  0.69650397  0.77438411  0.76531904  0.79285090  0.83121236  0.84111847  0.74751223  0.68024653  0.78356047  0.77438411  0.75636261  0.80225826  0.91440076  0.72157304  0.72157304  0.73011980  0.64108584  0.77438411  0.79285090  0.77438411  0.77438411  0.81178554  0.74751223  0.78356047  0.74751223  0.80225826  0.77438411  0.81178554  0.85115763  0.82143584  0.73876543  0.70476725  
9_0_0      0.69650397  0.61117061  0.68024653  0.64108584  0.67224852  0.77438411  0.66433520  0.66433520  0.44139163  0.47728849  0.14214976  0.26066523  0.14607421  0.00000000  0.37438969  0.69650397  0.75636261  0.86133348  0.87164978  0.79285090  0.88211047  0.87164978  0.81178554  0.83121236  0.84111847  0.86133348  0.78356047  0.64108584  0.67224852  0.59665034  0.62597856  0.67224852  0.67224852  0.70476725  0.71312291  0.64875555  0.67224852  0.61853791  0.62597856  0.58949464  0.71312291  0.74751223  0.74751223  0.63349403  0.62597856  0.67224852  0.61853791  0.65650478  0.62597856  0.69650397  0.69650397  0.76531904  0.69650397  0.72157304  0.68833105  0.68024653  0.68024653  0.77438411  0.71312291  0.73876543  0.64875555  0.65650478  0.68833105  0.69650397  0.68833105  0.68833105  0.68833105  0.78356047  0.64875555  0.68024653  0.66433520  0.66433520  0.65650478  0.70476725  0.68024653  0.69650397  0.68833105  0.66433520  0.61853791  0.71312291  0.71312291  0.74751223  0.64875555  0.62597856  0.79285090  0.80225826  0.75636261  0.72157304  0.73011980  0.83121236  0.75636261  0.81178554  0.82143584  0.89271965  0.70476725  0.68833105  0.70476725  0.72157304  0.76531904  0.73876543  0.76531904  0.77438411  0.74751223  0.74751223  0.73876543  0.69650397  0.71312291  0.69650397  0.71312291  0.66433520  0.67224852  0.68833105  0.77438411  0.80225826  0.84111847  0.80225826  0.82143584  0.74751223  0.74751223  0.83121236  0.74751223  0.71312291  0.75636261  0.76531904  0.72157304  0.68024653  0.85115763  0.83121236  0.82143584  0.76531904  0.97152582  0.77438411  0.77438411  0.73876543  0.74751223  0.76531904  0.81178554  0.73876543  0.73011980  0.76531904  0.80225826  0.75636261  0.73876543  0.77438411  0.78356047  0.81178554  0.89271965  0.78356047  0.77438411  0.72157304  
3_0_0      0.71312291  0.69650397  0.58240680  0.82143584  0.64875555  0.80225826  0.69650397  0.67224852  0.52800115  0.59665034  0.32780706  0.45912458  0.36906813  0.37438969  0.00000000  0.65650478  0.69650397  0.98349409  0.84111847  0.84111847  0.79285090  0.77438411  0.74751223  0.76531904  0.69650397  0.84111847  0.76531904  0.73011980  0.73876543  0.69650397  0.57538554  0.75636261  0.68833105  0.69650397  0.77438411  0.78356047  0.82143584  0.73011980  0.68833105  0.64108584  0.78356047  0.79285090  0.79285090  0.68024653  0.64875555  0.60387522  0.62597856  0.73876543  0.68833105  0.81178554  0.75636261  0.78356047  0.78356047  0.74751223  0.65650478  0.64875555  0.73011980  0.76531904  0.74751223  0.79285090  0.68833105  0.64108584  0.68024653  0.75636261  0.78356047  0.70476725  0.74751223  0.73011980  0.69650397  0.71312291  0.76531904  0.77438411  0.80225826  0.70476725  0.71312291  0.74751223  0.75636261  0.76531904  0.77438411  0.76531904  0.70476725  0.68833105  0.64875555  0.64875555  0.76531904  0.77438411  0.78356047  0.71312291  0.76531904  0.82143584  0.82143584  0.92548181  0.92548181  0.81178554  0.64875555  0.61117061  0.64875555  0.64875555  0.81178554  0.81178554  0.73876543  0.85115763  0.84111847  0.74751223  0.76531904  0.90348159  0.83121236  0.84111847  0.78356047  0.81178554  0.80225826  0.76531904  0.82143584  0.78356047  0.86133348  0.88211047  0.88211047  0.72157304  0.70476725  0.77438411  0.79285090  0.86133348  0.98349409  1.00802139  0.92548181  0.88211047  0.81178554  0.81178554  0.81178554  0.85115763  1.02059363  0.82143584  0.83121236  0.87164978  0.77438411  0.80225826  0.81178554  0.76531904  0.95974617  0.98349409  0.74751223  0.74751223  0.76531904  0.72157304  0.98349409  0.99565713  0.86133348  0.90348159  0.91440076  0.83121236  
31_2_0     0.65650478  0.61117061  0.61853791  0.73011980  0.57538554  0.63349403  0.61117061  0.57538554  0.56153786  0.58240680  0.61853791  0.65650478  0.67224852  0.69650397  0.65650478  0.00000000  0.15001938  0.54794207  0.44139163  0.40714011  0.50221479  0.44139163  0.42406969  0.45316673  0.39606308  0.42979918  0.42979918  0.56153786  0.52147068  0.50857846  0.49590485  0.54794207  0.47728849  0.56153786  0.49590485  0.50857846  0.56153786  0.52147068  0.52800115  0.51499677  0.65650478  0.63349403  0.63349403  0.55470905  0.56153786  0.55470905  0.58240680  0.56153786  0.58949464  0.52147068  0.55470905  0.58949464  0.64108584  0.62597856  0.50857846  0.48964774  0.55470905  0.64875555  0.63349403  0.65650478  0.57538554  0.63349403  0.61853791  0.58949464  0.61117061  0.57538554  0.61853791  0.64875555  0.57538554  0.63349403  0.58240680  0.60387522  0.56153786  0.55470905  0.56842963  0.55470905  0.55470905  0.61117061  0.59665034  0.55470905  0.58949464  0.68833105  0.54794207  0.54123581  0.64875555  0.60387522  0.68833105  0.60387522  0.62597856  0.66433520  0.64108584  0.70476725  0.71312291  0.68833105  0.54794207  0.54794207  0.56153786  0.56842963  0.73011980  0.74751223  0.68024653  0.73011980  0.73011980  0.64108584  0.65650478  0.71312291  0.65650478  0.71312291  0.73876543  0.69650397  0.73876543  0.72157304  0.68833105  0.61117061  0.82143584  0.81178554  0.79285090  0.66433520  0.65650478  0.73876543  0.71312291  0.72157304  0.71312291  0.73876543  0.69650397  0.74751223  0.67224852  0.68024653  0.68024653  0.75636261  0.87164978  0.69650397  0.69650397  0.69650397  0.68024653  0.64875555  0.62597856  0.61853791  0.67224852  0.70476725  0.69650397  0.68024653  0.71312291  0.66433520  0.65650478  0.67224852  0.68833105  0.78356047  0.73011980  0.63349403  
26_2_0     0.64108584  0.60387522  0.57538554  0.69650397  0.63349403  0.65650478  0.64875555  0.59665034  0.58240680  0.61117061  0.68833105  0.68833105  0.73876543  0.75636261  0.69650397  0.15001938  0.00000000  0.53458919  0.42406969  0.44139163  0.54794207  0.47728849  0.46513030  0.41838378  0.40714011  0.44725599  0.42406969  0.54794207  0.52147068  0.51499677  0.49590485  0.60387522  0.51499677  0.60387522  0.53458919  0.49590485  0.53458919  0.48964774  0.50857846  0.51499677  0.64108584  0.60387522  0.70476725  0.58240680  0.58240680  0.50857846  0.53458919  0.59665034  0.60387522  0.56153786  0.54794207  0.59665034  0.59665034  0.58240680  0.50857846  0.48964774  0.56153786  0.62597856  0.60387522  0.61853791  0.54794207  0.59665034  0.59665034  0.55470905  0.56153786  0.55470905  0.59665034  0.64108584  0.58240680  0.62597856  0.59665034  0.62597856  0.53458919  0.55470905  0.54794207  0.56153786  0.58949464  0.64108584  0.62597856  0.58240680  0.62597856  0.65650478  0.56153786  0.56153786  0.62597856  0.64875555  0.62597856  0.61853791  0.63349403  0.68833105  0.66433520  0.67224852  0.68024653  0.65650478  0.56842963  0.54794207  0.56842963  0.54794207  0.76531904  0.73011980  0.64108584  0.74751223  0.80225826  0.72157304  0.73876543  0.69650397  0.67224852  0.73876543  0.80225826  0.74751223  0.79285090  0.73876543  0.69650397  0.64108584  0.86133348  0.88211047  0.86133348  0.66433520  0.67224852  0.76531904  0.75636261  0.71312291  0.76531904  0.81178554  0.71312291  0.68024653  0.66433520  0.68833105  0.61853791  0.73011980  0.91440076  0.74751223  0.76531904  0.68833105  0.72157304  0.68833105  0.66433520  0.63349403  0.80225826  0.82143584  0.70476725  0.74751223  0.74751223  0.67224852  0.68024653  0.70476725  0.73876543  0.82143584  0.80225826  0.65650478  
3_2_0      0.73876543  0.78356047  0.74751223  0.80225826  0.74751223  0.85115763  0.85115763  0.81178554  0.69650397  0.74751223  0.83121236  0.80225826  0.80225826  0.86133348  0.98349409  0.54794207  0.53458919  0.00000000  0.43557293  0.41838378  0.48344257  0.42406969  0.44139163  0.44139163  0.40158108  0.44725599  0.46513030  0.65650478  0.65650478  0.73876543  0.83121236  0.82143584  0.87164978  0.74751223  0.80225826  0.73876543  0.75636261  0.69650397  0.76531904  0.73011980  0.81178554  0.77438411  0.79285090  0.74751223  0.71312291  0.70476725  0.66433520  0.68024653  0.68833105  0.79285090  0.70476725  0.73876543  0.71312291  0.71312291  0.67224852  0.68833105  0.66433520  0.72157304  0.73011980  0.72157304  0.71312291  0.77438411  0.67224852  0.76531904  0.78356047  0.74751223  0.73876543  0.83121236  0.82143584  0.79285090  0.79285090  0.89271965  0.71312291  0.77438411  0.81178554  0.70476725  0.70476725  0.72157304  0.74751223  0.78356047  0.72157304  0.71312291  0.60387522  0.64875555  0.85115763  0.94814931  0.85115763  0.77438411  0.73011980  1.02059363  0.82143584  0.97152582  0.94814931  0.90348159  0.67224852  0.68833105  0.72157304  0.71312291  0.90348159  0.85115763  0.79285090  0.90348159  0.90348159  0.77438411  0.78356047  0.86133348  0.87164978  0.91440076  0.85115763  0.86133348  0.90348159  0.81178554  0.85115763  0.82143584  0.95974617  0.93672963  0.94814931  0.89271965  0.98349409  0.86133348  0.87164978  0.88211047  0.91440076  0.91440076  0.95974617  0.86133348  1.00802139  1.02059363  0.82143584  0.86133348  0.99565713  0.99565713  1.00802139  0.83121236  0.97152582  1.04639091  0.89271965  0.97152582  0.90348159  0.90348159  0.97152582  0.91440076  0.89271965  0.94814931  0.91440076  0.98349409  1.02059363  0.87164978  0.85115763  0.77438411  
4_2_0      0.70476725  0.66433520  0.60387522  0.75636261  0.68024653  0.69650397  0.72157304  0.69650397  0.66433520  0.78356047  0.72157304  0.79285090  0.80225826  0.87164978  0.84111847  0.44139163  0.42406969  0.43557293  0.00000000  0.20755667  0.25154758  0.20755667  0.19906087  0.20755667  0.20755667  0.33791076  0.31783814  0.61853791  0.64108584  0.62597856  0.64108584  0.73011980  0.75636261  0.71312291  0.69650397  0.67224852  0.64108584  0.59665034  0.64875555  0.66433520  0.73011980  0.66433520  0.73011980  0.57538554  0.57538554  0.64108584  0.61117061  0.66433520  0.68833105  0.67224852  0.60387522  0.68833105  0.70476725  0.67224852  0.65650478  0.64875555  0.67224852  0.72157304  0.75636261  0.65650478  0.68833105  0.74751223  0.70476725  0.68833105  0.69650397  0.71312291  0.71312291  0.67224852  0.73011980  0.72157304  0.79285090  0.72157304  0.73011980  0.77438411  0.73876543  0.68024653  0.63349403  0.69650397  0.73011980  0.74751223  0.72157304  0.75636261  0.63349403  0.66433520  0.73876543  0.80225826  0.76531904  0.67224852  0.70476725  0.90348159  0.89271965  0.87164978  0.84111847  0.79285090  0.62597856  0.61117061  0.68024653  0.62597856  0.81178554  0.78356047  0.80225826  0.76531904  0.74751223  0.73011980  0.76531904  0.75636261  0.75636261  0.74751223  0.74751223  0.74751223  0.76531904  0.75636261  0.71312291  0.68024653  0.94814931  0.91440076  0.88211047  0.73011980  0.74751223  0.74751223  0.73011980  0.69650397  0.82143584  0.82143584  0.74751223  0.86133348  0.86133348  0.89271965  0.76531904  0.73876543  0.88211047  0.77438411  0.79285090  0.82143584  0.84111847  0.84111847  0.73876543  0.76531904  0.85115763  0.88211047  0.82143584  0.79285090  0.80225826  0.78356047  0.83121236  0.77438411  0.75636261  0.86133348  0.79285090  0.70476725  
9_2_0      0.68024653  0.67224852  0.67224852  0.78356047  0.74751223  0.73876543  0.79285090  0.68024653  0.62597856  0.77438411  0.72157304  0.78356047  0.80225826  0.79285090  0.84111847  0.40714011  0.44139163  0.41838378  0.20755667  0.00000000  0.19484891  0.13436213  0.12665482  0.16601165  0.17413796  0.29829052  0.27455370  0.63349403  0.61117061  0.63349403  0.58949464  0.64875555  0.64875555  0.58949464  0.69650397  0.56153786  0.68024653  0.61853791  0.69650397  0.63349403  0.75636261  0.68833105  0.68024653  0.56842963  0.58240680  0.65650478  0.63349403  0.58240680  0.60387522  0.72157304  0.63349403  0.64875555  0.65650478  0.62597856  0.54123581  0.52800115  0.66433520  0.73876543  0.74751223  0.75636261  0.65650478  0.73011980  0.70476725  0.69650397  0.66433520  0.68024653  0.70476725  0.74751223  0.68833105  0.74751223  0.68833105  0.74751223  0.74751223  0.70476725  0.67224852  0.70476725  0.61853791  0.64875555  0.70476725  0.69650397  0.61853791  0.73011980  0.56153786  0.54794207  0.76531904  0.78356047  0.84111847  0.66433520  0.68833105  0.84111847  0.80225826  0.84111847  0.80225826  0.75636261  0.58949464  0.61853791  0.69650397  0.58240680  0.72157304  0.73876543  0.80225826  0.77438411  0.80225826  0.73011980  0.76531904  0.70476725  0.65650478  0.73876543  0.70476725  0.73876543  0.73876543  0.71312291  0.75636261  0.75636261  0.98349409  0.98349409  0.94814931  0.78356047  0.77438411  0.77438411  0.77438411  0.70476725  0.89271965  0.85115763  0.76531904  0.85115763  0.77438411  0.81178554  0.72157304  0.79285090  0.91440076  0.84111847  0.86133348  0.73876543  0.81178554  0.84111847  0.73011980  0.77438411  0.84111847  0.85115763  0.80225826  0.80225826  0.84111847  0.81178554  0.82143584  0.74751223  0.73011980  0.81178554  0.85115763  0.74751223  
10_2_0     0.68833105  0.72157304  0.66433520  0.82143584  0.73876543  0.74751223  0.77438411  0.70476725  0.68833105  0.83121236  0.79285090  0.85115763  0.87164978  0.88211047  0.79285090  0.50221479  0.54794207  0.48344257  0.25154758  0.19484891  0.00000000  0.10028840  0.14607421  0.17823449  0.26066523  0.36906813  0.37438969  0.73011980  0.72157304  0.65650478  0.66433520  0.74751223  0.74751223  0.68833105  0.77438411  0.70476725  0.71312291  0.68024653  0.72157304  0.68833105  0.81178554  0.72157304  0.81178554  0.60387522  0.61117061  0.65650478  0.68024653  0.72157304  0.74751223  0.77438411  0.69650397  0.71312291  0.74751223  0.71312291  0.65650478  0.64108584  0.71312291  0.76531904  0.83121236  0.81178554  0.73876543  0.84111847  0.77438411  0.68833105  0.73011980  0.75636261  0.76531904  0.73876543  0.78356047  0.79285090  0.79285090  0.84111847  0.80225826  0.74751223  0.74751223  0.76531904  0.72157304  0.76531904  0.83121236  0.74751223  0.71312291  0.83121236  0.61853791  0.61853791  0.80225826  0.87164978  0.78356047  0.68024653  0.73876543  0.87164978  0.88211047  1.02059363  0.99565713  0.78356047  0.64875555  0.74751223  0.72157304  0.63349403  0.82143584  0.77438411  0.77438411  0.85115763  0.82143584  0.72157304  0.73876543  0.82143584  0.73011980  0.75636261  0.74751223  0.75636261  0.74751223  0.79285090  0.71312291  0.71312291  0.87164978  0.94814931  0.91440076  0.82143584  0.83121236  0.86133348  0.73876543  0.75636261  0.82143584  0.82143584  0.80225826  0.88211047  0.83121236  0.84111847  0.79285090  0.71312291  0.98349409  0.77438411  0.79285090  0.74751223  0.77438411  0.86133348  0.81178554  0.82143584  0.74751223  0.74751223  0.86133348  0.81178554  0.76531904  0.79285090  0.88211047  0.80225826  0.68024653  0.79285090  0.74751223  0.74751223  
30_2_0     0.64108584  0.68833105  0.61853791  0.72157304  0.65650478  0.72157304  0.75636261  0.63349403  0.62597856  0.76531904  0.75636261  0.77438411  0.82143584  0.87164978  0.77438411  0.44139163  0.47728849  0.42406969  0.20755667  0.13436213  0.10028840  0.00000000  0.10399856  0.12283076  0.19906087  0.29829052  0.30800042  0.68024653  0.66433520  0.58949464  0.56153786  0.67224852  0.67224852  0.61853791  0.73876543  0.71312291  0.68833105  0.62597856  0.62597856  0.65650478  0.75636261  0.67224852  0.77438411  0.56842963  0.56842963  0.59665034  0.60387522  0.64875555  0.67224852  0.73876543  0.61853791  0.67224852  0.72157304  0.69650397  0.57538554  0.56153786  0.65650478  0.71312291  0.73011980  0.71312291  0.66433520  0.73876543  0.69650397  0.65650478  0.67224852  0.66433520  0.70476725  0.67224852  0.68024653  0.74751223  0.74751223  0.76531904  0.73011980  0.68024653  0.67224852  0.64875555  0.67224852  0.68833105  0.76531904  0.69650397  0.66433520  0.73876543  0.57538554  0.54123581  0.75636261  0.83121236  0.75636261  0.68024653  0.70476725  0.79285090  0.81178554  0.90348159  0.86133348  0.72157304  0.63349403  0.64875555  0.65650478  0.57538554  0.77438411  0.73876543  0.73011980  0.85115763  0.86133348  0.74751223  0.76531904  0.73011980  0.68024653  0.71312291  0.72157304  0.71312291  0.69650397  0.72157304  0.68024653  0.67224852  0.84111847  0.89271965  0.84111847  0.77438411  0.76531904  0.73011980  0.71312291  0.70476725  0.81178554  0.81178554  0.73011980  0.84111847  0.79285090  0.80225826  0.73876543  0.68833105  0.89271965  0.78356047  0.80225826  0.74751223  0.77438411  0.88211047  0.74751223  0.77438411  0.76531904  0.78356047  0.83121236  0.78356047  0.78356047  0.79285090  0.85115763  0.81178554  0.73876543  0.80225826  0.75636261  0.68024653  
