11
85_13_0    0.00000000  0.00000000  0.17387638  0.17387638  0.26829884  0.32902195  0.32902195  0.30636088  0.31196151  0.31760479  0.31760479  
95_13_0    0.00000000  0.00000000  0.17387638  0.17387638  0.26829884  0.32902195  0.32902195  0.30636088  0.31196151  0.31760479  0.31760479  
95_14_0    0.17387638  0.17387638  0.00000000  0.00000000  0.30080227  0.35239800  0.35239800  0.31760479  0.32902195  0.35239800  0.35239800  
85_14_0    0.17387638  0.17387638  0.00000000  0.00000000  0.30080227  0.35239800  0.35239800  0.31760479  0.32902195  0.35239800  0.35239800  
96_0_0     0.26829884  0.26829884  0.30080227  0.30080227  0.00000000  0.09013776  0.09013776  0.07365300  0.16000898  0.17387638  0.17387638  
82_0_0     0.32902195  0.32902195  0.35239800  0.35239800  0.09013776  0.00000000  0.00000000  0.04565876  0.18800826  0.21217738  0.21217738  
99_0_0     0.32902195  0.32902195  0.35239800  0.35239800  0.09013776  0.00000000  0.00000000  0.04565876  0.18800826  0.21217738  0.21217738  
75_0_0     0.30636088  0.30636088  0.31760479  0.31760479  0.07365300  0.04565876  0.04565876  0.00000000  0.18326762  0.20728007  0.20728007  
76_3_0     0.31196151  0.31196151  0.32902195  0.32902195  0.16000898  0.18800826  0.18800826  0.18326762  0.00000000  0.04959376  0.04959376  
76_0_0     0.31760479  0.31760479  0.35239800  0.35239800  0.17387638  0.21217738  0.21217738  0.20728007  0.04959376  0.00000000  0.00000000  
76_4_0     0.31760479  0.31760479  0.35239800  0.35239800  0.17387638  0.21217738  0.21217738  0.20728007  0.04959376  0.00000000  0.00000000  

