20
9_0_0      0.00000000  0.02791696  0.07187090  0.20369821  0.23125928  0.24067909  0.22195781  0.21277172  0.21277172  0.18587806  0.18587806  0.16847671  0.34212059  0.32069003  0.32069003  0.39857848  0.26967956  0.26967956  0.26967956  0.25022027  
6_0_0      0.02791696  0.00000000  0.04228032  0.24067909  0.26967956  0.27960440  0.25988600  0.25022027  0.25022027  0.22195781  0.22195781  0.20369821  0.34212059  0.32069003  0.32069003  0.41040563  0.26967956  0.26967956  0.28966407  0.26967956  
3_0_0      0.07187090  0.04228032  0.00000000  0.22195781  0.24067909  0.26967956  0.25022027  0.22195781  0.22195781  0.24067909  0.24067909  0.21277172  0.36418993  0.33132779  0.33132779  0.38693728  0.29986230  0.29986230  0.32069003  0.29986230  
10_0_0     0.20369821  0.24067909  0.22195781  0.00000000  0.07187090  0.06436166  0.05692781  0.04956785  0.04956785  0.07945707  0.04956785  0.07187090  0.34212059  0.33132779  0.33132779  0.36418993  0.27960440  0.25988600  0.25988600  0.25022027  
5_0_0      0.23125928  0.26967956  0.24067909  0.07187090  0.00000000  0.03506381  0.02791696  0.03506381  0.03506381  0.09486664  0.06436166  0.07945707  0.29986230  0.31020294  0.31020294  0.33132779  0.25022027  0.25022027  0.25988600  0.25022027  
11_0_0     0.24067909  0.27960440  0.26967956  0.06436166  0.03506381  0.00000000  0.02791696  0.04228032  0.04228032  0.10269337  0.07187090  0.11060371  0.31020294  0.34212059  0.34212059  0.35307304  0.25022027  0.26967956  0.24067909  0.23125928  
4_0_0      0.22195781  0.25988600  0.25022027  0.05692781  0.02791696  0.02791696  0.00000000  0.04956785  0.04956785  0.09486664  0.06436166  0.08712177  0.33132779  0.34212059  0.34212059  0.35307304  0.25988600  0.27960440  0.25988600  0.25022027  
2_0_0      0.21277172  0.25022027  0.22195781  0.04956785  0.03506381  0.04228032  0.04956785  0.00000000  0.00000000  0.08712177  0.05692781  0.08712177  0.29986230  0.31020294  0.31020294  0.34212059  0.25988600  0.25022027  0.25988600  0.25022027  
12_0_0     0.21277172  0.25022027  0.22195781  0.04956785  0.03506381  0.04228032  0.04956785  0.00000000  0.00000000  0.08712177  0.05692781  0.08712177  0.29986230  0.31020294  0.31020294  0.34212059  0.25988600  0.25022027  0.25988600  0.25022027  
8_0_0      0.18587806  0.22195781  0.24067909  0.07945707  0.09486664  0.10269337  0.09486664  0.08712177  0.08712177  0.00000000  0.04228032  0.07945707  0.31020294  0.31020294  0.31020294  0.38693728  0.26967956  0.25022027  0.25988600  0.25022027  
1_0_0      0.18587806  0.22195781  0.24067909  0.04956785  0.06436166  0.07187090  0.06436166  0.05692781  0.05692781  0.04228032  0.00000000  0.04956785  0.32069003  0.32069003  0.32069003  0.37547626  0.27960440  0.22195781  0.25022027  0.24067909  
7_0_0      0.16847671  0.20369821  0.21277172  0.07187090  0.07945707  0.11060371  0.08712177  0.08712177  0.08712177  0.07945707  0.04956785  0.00000000  0.32069003  0.32069003  0.32069003  0.37547626  0.26967956  0.23125928  0.24067909  0.23125928  
20_0_0     0.34212059  0.34212059  0.36418993  0.34212059  0.29986230  0.31020294  0.33132779  0.29986230  0.29986230  0.31020294  0.32069003  0.32069003  0.00000000  0.04228032  0.04228032  0.16847671  0.15992702  0.12668251  0.15147492  0.15147492  
19_0_0     0.32069003  0.32069003  0.33132779  0.33132779  0.31020294  0.34212059  0.34212059  0.31020294  0.31020294  0.31020294  0.32069003  0.32069003  0.04228032  0.00000000  0.00000000  0.16847671  0.15992702  0.12668251  0.15147492  0.15147492  
13_0_0     0.32069003  0.32069003  0.33132779  0.33132779  0.31020294  0.34212059  0.34212059  0.31020294  0.31020294  0.31020294  0.32069003  0.32069003  0.04228032  0.00000000  0.00000000  0.16847671  0.15992702  0.12668251  0.15147492  0.15147492  
16_0_0     0.39857848  0.41040563  0.38693728  0.36418993  0.33132779  0.35307304  0.35307304  0.34212059  0.34212059  0.38693728  0.37547626  0.37547626  0.16847671  0.16847671  0.16847671  0.00000000  0.26967956  0.25022027  0.26967956  0.26967956  
18_0_0     0.26967956  0.26967956  0.29986230  0.27960440  0.25022027  0.25022027  0.25988600  0.25988600  0.25988600  0.26967956  0.27960440  0.26967956  0.15992702  0.15992702  0.15992702  0.26967956  0.00000000  0.09486664  0.07945707  0.07945707  
14_0_0     0.26967956  0.26967956  0.29986230  0.25988600  0.25022027  0.26967956  0.27960440  0.25022027  0.25022027  0.25022027  0.22195781  0.23125928  0.12668251  0.12668251  0.12668251  0.25022027  0.09486664  0.00000000  0.07187090  0.05692781  
15_0_0     0.26967956  0.28966407  0.32069003  0.25988600  0.25988600  0.24067909  0.25988600  0.25988600  0.25988600  0.25988600  0.25022027  0.24067909  0.15147492  0.15147492  0.15147492  0.26967956  0.07945707  0.07187090  0.00000000  0.01382693  
17_0_0     0.25022027  0.26967956  0.29986230  0.25022027  0.25022027  0.23125928  0.25022027  0.25022027  0.25022027  0.25022027  0.24067909  0.23125928  0.15147492  0.15147492  0.15147492  0.26967956  0.07945707  0.05692781  0.01382693  0.00000000  

