7
20_4_0     0.00000000  0.12292600  0.11186050  0.23080243  0.23080243  0.23080243  0.23080243  
20_2_0     0.12292600  0.00000000  0.04874946  0.23080243  0.23080243  0.23080243  0.23080243  
20_5_0     0.11186050  0.04874946  0.00000000  0.23080243  0.21800498  0.21800498  0.21800498  
20_0_0     0.23080243  0.23080243  0.23080243  0.00000000  0.27058687  0.27058687  0.27058687  
1_0_0      0.23080243  0.23080243  0.21800498  0.27058687  0.00000000  0.00000000  0.00000000  
3_0_0      0.23080243  0.23080243  0.21800498  0.27058687  0.00000000  0.00000000  0.00000000  
2_0_0      0.23080243  0.23080243  0.21800498  0.27058687  0.00000000  0.00000000  0.00000000  

