20
5_0_0      0.00000000  0.00987480  0.01994707  0.01994707  0.16214211  0.17560704  0.54637757  0.59126424  0.52676085  0.50925205  0.50925205  0.37728940  0.58054809  0.65373662  0.61332637  0.46360418  0.54800996  0.54800996  0.56220596  0.43043317  
10_0_0     0.00987480  0.00000000  0.00991141  0.00991141  0.16151032  0.17486856  0.54216355  0.58626684  0.52267211  0.50553512  0.50553512  0.39545254  0.60748929  0.68463557  0.64209616  0.48522641  0.55803948  0.55803948  0.57244370  0.45048343  
12_0_0     0.01994707  0.00991141  0.00000000  0.00991141  0.15497586  0.16814027  0.54216355  0.58626684  0.52267211  0.50553512  0.50553512  0.39545254  0.62446280  0.70453024  0.66044274  0.47250186  0.54407859  0.54407859  0.55803948  0.46233857  
4_0_0      0.01994707  0.00991141  0.00991141  0.00000000  0.16814027  0.18169815  0.52836642  0.57108431  0.50925205  0.49269916  0.49269916  0.40593759  0.60748929  0.68463557  0.64209616  0.48522641  0.55803948  0.55803948  0.57244370  0.43893022  
11_0_0     0.16214211  0.16151032  0.15497586  0.16814027  0.00000000  0.00991141  0.47794169  0.47794169  0.44807593  0.43332448  0.43332448  0.40027074  0.51179905  0.53101392  0.52569282  0.41952074  0.51312369  0.51312369  0.52676085  0.53021039  
17_0_0     0.17560704  0.17486856  0.16814027  0.18169815  0.00991141  0.00000000  0.50370213  0.50370213  0.47250186  0.45677896  0.45677896  0.42203684  0.48522641  0.53101392  0.54002559  0.39742898  0.49988454  0.49988454  0.51312369  0.55985601  
18_0_0     0.54637757  0.54216355  0.54216355  0.52836642  0.47794169  0.50370213  0.00000000  0.03013264  0.05132996  0.05112752  0.05655021  0.15178191  0.58595933  0.54531226  0.47250186  0.51179905  0.45623641  0.46806799  0.45623641  0.38424289  
8_0_0      0.59126424  0.58626684  0.58626684  0.57108431  0.47794169  0.50370213  0.03013264  0.00000000  0.07356650  0.07321837  0.07891336  0.15178191  0.52569282  0.49063908  0.42489826  0.48522641  0.44470559  0.45623641  0.44470559  0.37395930  
7_0_0      0.52676085  0.52267211  0.52267211  0.50925205  0.44807593  0.47250186  0.05132996  0.07356650  0.00000000  0.01994707  0.02506833  0.14017910  0.50660374  0.44807593  0.41952074  0.45481668  0.47451186  0.48702083  0.47451186  0.31123905  
9_0_0      0.50925205  0.50553512  0.50553512  0.49269916  0.43332448  0.45677896  0.05112752  0.07321837  0.01994707  0.00000000  0.00492864  0.13939943  0.52514102  0.46360418  0.44613666  0.45838511  0.47794169  0.49063908  0.47794169  0.34649254  
13_0_0     0.50925205  0.50553512  0.50553512  0.49269916  0.43332448  0.45677896  0.05655021  0.07891336  0.02506833  0.00492864  0.00000000  0.14595548  0.53975751  0.47616596  0.45838511  0.44613666  0.46559003  0.47794169  0.46559003  0.33695728  
19_0_0     0.37728940  0.39545254  0.39545254  0.40593759  0.40027074  0.42203684  0.15178191  0.15178191  0.14017910  0.13939943  0.14595548  0.00000000  0.41125873  0.41657099  0.43421024  0.40020423  0.40356585  0.39320961  0.40356585  0.34649254  
14_0_0     0.58054809  0.60748929  0.62446280  0.60748929  0.51179905  0.48522641  0.58595933  0.52569282  0.50660374  0.52514102  0.53975751  0.41125873  0.00000000  0.07356650  0.11531325  0.19470949  0.27970640  0.27970640  0.28827198  0.42258935  
6_0_0      0.65373662  0.68463557  0.70453024  0.68463557  0.53101392  0.53101392  0.54531226  0.49063908  0.44807593  0.46360418  0.47616596  0.41657099  0.07356650  0.00000000  0.12656491  0.23800209  0.32955615  0.34864407  0.33899972  0.42788008  
15_0_0     0.61332637  0.64209616  0.66044274  0.64209616  0.52569282  0.54002559  0.47250186  0.42489826  0.41952074  0.44613666  0.45838511  0.43421024  0.11531325  0.12656491  0.00000000  0.24112217  0.28827198  0.30590418  0.29700242  0.40020423  
16_0_0     0.46360418  0.48522641  0.47250186  0.48522641  0.41952074  0.39742898  0.51179905  0.48522641  0.45481668  0.45838511  0.44613666  0.40020423  0.19470949  0.23800209  0.24112217  0.00000000  0.26605351  0.28305018  0.27447225  0.37887196  
1_0_0      0.54800996  0.55803948  0.54407859  0.55803948  0.51312369  0.49988454  0.45623641  0.44470559  0.47451186  0.47794169  0.46559003  0.40356585  0.27970640  0.32955615  0.28827198  0.26605351  0.00000000  0.01494952  0.00991141  0.40842313  
2_0_0      0.54800996  0.55803948  0.54407859  0.55803948  0.51312369  0.49988454  0.46806799  0.45623641  0.48702083  0.49063908  0.47794169  0.39320961  0.27970640  0.34864407  0.30590418  0.28305018  0.01494952  0.00000000  0.00492864  0.41929468  
3_0_0      0.56220596  0.57244370  0.55803948  0.57244370  0.52676085  0.51312369  0.45623641  0.44470559  0.47451186  0.47794169  0.46559003  0.40356585  0.28827198  0.33899972  0.29700242  0.27447225  0.00991141  0.00492864  0.00000000  0.41929468  
20_0_0     0.43043317  0.45048343  0.46233857  0.43893022  0.53021039  0.55985601  0.38424289  0.37395930  0.31123905  0.34649254  0.33695728  0.34649254  0.42258935  0.42788008  0.40020423  0.37887196  0.40842313  0.41929468  0.41929468  0.00000000  

