20
5_0_0      0.00000000  0.03037152  0.03562971  0.03562971  0.30839417  0.31722492  0.48505058  0.46150233  0.48813253  0.48813253  0.48813253  0.45885575  0.54488698  0.54579121  0.53851623  0.59284606  0.45277977  0.44156230  0.44156230  0.51326916  
10_0_0     0.03037152  0.00000000  0.00492768  0.00492768  0.27464117  0.28285509  0.45015602  0.42825287  0.45277977  0.45277977  0.45277977  0.43670703  0.49476993  0.49416624  0.46511929  0.57864515  0.40943085  0.39919028  0.39919028  0.46427131  
12_0_0     0.03562971  0.00492768  0.00000000  0.00000000  0.27464117  0.28285509  0.45015602  0.42825287  0.45277977  0.45277977  0.45277977  0.43670703  0.49476993  0.49416624  0.46511929  0.57864515  0.40943085  0.39919028  0.39919028  0.46427131  
4_0_0      0.03562971  0.00492768  0.00000000  0.00000000  0.27464117  0.28285509  0.45015602  0.42825287  0.45277977  0.45277977  0.45277977  0.43670703  0.49476993  0.49416624  0.46511929  0.57864515  0.40943085  0.39919028  0.39919028  0.46427131  
11_0_0     0.30839417  0.27464117  0.27464117  0.27464117  0.00000000  0.02517145  0.45266970  0.45266970  0.46770700  0.49259051  0.49259051  0.46716347  0.58422076  0.54379452  0.57821314  0.58422076  0.58173612  0.58173612  0.59722935  0.48558309  
17_0_0     0.31722492  0.28285509  0.28285509  0.28285509  0.02517145  0.00000000  0.47658887  0.47658887  0.51886427  0.51886427  0.51886427  0.49134609  0.59915170  0.55787422  0.59316675  0.59915170  0.56673697  0.56673697  0.58173612  0.49817326  
18_0_0     0.48505058  0.45015602  0.45015602  0.45015602  0.45266970  0.47658887  0.00000000  0.03037152  0.06809720  0.06809720  0.06809720  0.19226037  0.42223602  0.42157176  0.44971645  0.48505058  0.47998423  0.45574208  0.46770700  0.42183692  
8_0_0      0.46150233  0.42825287  0.42825287  0.42825287  0.45266970  0.47658887  0.03037152  0.00000000  0.06809720  0.06809720  0.06809720  0.18514154  0.41164404  0.41071186  0.43834394  0.46150233  0.45574208  0.43268832  0.44407398  0.37877109  
7_0_0      0.48813253  0.45277977  0.45277977  0.45277977  0.46770700  0.51886427  0.06809720  0.06809720  0.00000000  0.03037152  0.03037152  0.17212889  0.40348465  0.40259046  0.45266970  0.51326916  0.48350865  0.45893469  0.47106121  0.42488917  
9_0_0      0.48813253  0.45277977  0.45277977  0.45277977  0.49259051  0.51886427  0.06809720  0.06809720  0.03037152  0.00000000  0.00000000  0.18616005  0.41396428  0.41333227  0.44115129  0.50053295  0.49629446  0.47106121  0.48350865  0.43644813  
13_0_0     0.48813253  0.45277977  0.45277977  0.45277977  0.49259051  0.51886427  0.06809720  0.06809720  0.03037152  0.00000000  0.00000000  0.18616005  0.41396428  0.41333227  0.44115129  0.50053295  0.49629446  0.47106121  0.48350865  0.43644813  
19_0_0     0.45885575  0.43670703  0.43670703  0.43670703  0.46716347  0.49134609  0.19226037  0.18514154  0.17212889  0.18616005  0.18616005  0.00000000  0.39323343  0.39208848  0.44115129  0.53982529  0.39208848  0.39208848  0.38181587  0.44170820  
14_0_0     0.54488698  0.49476993  0.49476993  0.49476993  0.58422076  0.59915170  0.42223602  0.41164404  0.40348465  0.41396428  0.41396428  0.39323343  0.00000000  0.08413078  0.12497924  0.34202911  0.20470486  0.21867631  0.21163871  0.34283190  
6_0_0      0.54579121  0.49416624  0.49416624  0.49416624  0.54379452  0.55787422  0.42157176  0.41071186  0.40259046  0.41333227  0.41333227  0.39208848  0.08413078  0.00000000  0.07909868  0.27912313  0.17304993  0.17304993  0.17969909  0.27883425  
15_0_0     0.53851623  0.46511929  0.46511929  0.46511929  0.57821314  0.59316675  0.44971645  0.43834394  0.45266970  0.44115129  0.44115129  0.44115129  0.12497924  0.07909868  0.00000000  0.29313739  0.18534200  0.19891976  0.19208189  0.32804617  
16_0_0     0.59284606  0.57864515  0.57864515  0.57864515  0.58422076  0.59915170  0.48505058  0.46150233  0.51326916  0.50053295  0.50053295  0.53982529  0.34202911  0.27912313  0.29313739  0.00000000  0.34849937  0.34849937  0.35793762  0.40259046  
1_0_0      0.45277977  0.40943085  0.40943085  0.40943085  0.58173612  0.56673697  0.47998423  0.45574208  0.48350865  0.49629446  0.49629446  0.39208848  0.20470486  0.17304993  0.18534200  0.34849937  0.00000000  0.00990753  0.00492768  0.32266616  
2_0_0      0.44156230  0.39919028  0.39919028  0.39919028  0.58173612  0.56673697  0.45574208  0.43268832  0.45893469  0.47106121  0.47106121  0.39208848  0.21867631  0.17304993  0.19891976  0.34849937  0.00990753  0.00000000  0.00492768  0.30464037  
3_0_0      0.44156230  0.39919028  0.39919028  0.39919028  0.59722935  0.58173612  0.46770700  0.44407398  0.47106121  0.48350865  0.48350865  0.38181587  0.21163871  0.17969909  0.19208189  0.35793762  0.00492768  0.00492768  0.00000000  0.31356692  
20_0_0     0.51326916  0.46427131  0.46427131  0.46427131  0.48558309  0.49817326  0.42183692  0.37877109  0.42488917  0.43644813  0.43644813  0.44170820  0.34283190  0.27883425  0.32804617  0.40259046  0.32266616  0.30464037  0.31356692  0.00000000  

