20
5_0_0      0.00000000  0.03033521  0.03033521  0.03033521  0.20854538  0.20143723  0.47415822  0.45075621  0.44524981  0.44829579  0.44829579  0.51915743  0.49191653  0.49526917  0.47978735  0.62245151  0.55754287  0.55754287  0.55754287  0.47372884  
10_0_0     0.03033521  0.00000000  0.00990372  0.00000000  0.20143723  0.19443111  0.45075621  0.45075621  0.40154364  0.40408376  0.40408376  0.44524981  0.47978735  0.48298405  0.46795228  0.56078114  0.50435483  0.50435483  0.50435483  0.46217985  
12_0_0     0.03033521  0.00990372  0.00000000  0.00990372  0.20143723  0.19443111  0.45075621  0.45075621  0.42290768  0.42568935  0.42568935  0.46866390  0.47978735  0.48298405  0.46795228  0.56078114  0.50435483  0.50435483  0.50435483  0.48555774  
4_0_0      0.03033521  0.00000000  0.00990372  0.00000000  0.20143723  0.19443111  0.45075621  0.45075621  0.40154364  0.40408376  0.40408376  0.44524981  0.47978735  0.48298405  0.46795228  0.56078114  0.50435483  0.50435483  0.50435483  0.46217985  
11_0_0     0.20854538  0.20143723  0.20143723  0.20143723  0.00000000  0.03033521  0.45431940  0.43276513  0.42673908  0.45089781  0.45089781  0.51938037  0.45945399  0.42908716  0.44830360  0.56746085  0.52535902  0.52535902  0.52535902  0.54440423  
17_0_0     0.20143723  0.19443111  0.19443111  0.19443111  0.03033521  0.00000000  0.44342330  0.42233473  0.41630388  0.43987067  0.43987067  0.50679202  0.51938037  0.43987067  0.47086508  0.58192219  0.56517446  0.56517446  0.56517446  0.50666433  
18_0_0     0.47415822  0.45075621  0.45075621  0.45075621  0.45431940  0.44342330  0.00000000  0.02001256  0.06761948  0.06734930  0.06734930  0.17108538  0.36895641  0.34299996  0.41853676  0.42842507  0.33562228  0.33562228  0.34462077  0.46217985  
8_0_0      0.45075621  0.45075621  0.45075621  0.45075621  0.43276513  0.42233473  0.02001256  0.00000000  0.06761948  0.06734930  0.06734930  0.17108538  0.33262639  0.30827894  0.39809640  0.42842507  0.31810821  0.31810821  0.32678669  0.46217985  
7_0_0      0.44524981  0.40154364  0.42290768  0.40154364  0.42673908  0.41630388  0.06761948  0.06761948  0.00000000  0.03019446  0.03019446  0.13814439  0.35378827  0.33723691  0.40240143  0.42290768  0.33562228  0.33562228  0.34462077  0.41273330  
9_0_0      0.44829579  0.40408376  0.42568935  0.40408376  0.45089781  0.43987067  0.06734930  0.06734930  0.03019446  0.00000000  0.00000000  0.13881507  0.31095720  0.31240639  0.35557724  0.39362934  0.29419194  0.29419194  0.30250259  0.43672032  
13_0_0     0.44829579  0.40408376  0.42568935  0.40408376  0.45089781  0.43987067  0.06734930  0.06734930  0.03019446  0.00000000  0.00000000  0.13881507  0.31095720  0.31240639  0.35557724  0.39362934  0.29419194  0.29419194  0.30250259  0.43672032  
19_0_0     0.51915743  0.44524981  0.46866390  0.44524981  0.51938037  0.50679202  0.17108538  0.17108538  0.13814439  0.13881507  0.13881507  0.00000000  0.34462077  0.32831886  0.40240143  0.37115473  0.35744733  0.35744733  0.36697666  0.51011193  
14_0_0     0.49191653  0.47978735  0.47978735  0.47978735  0.45945399  0.51938037  0.36895641  0.33262639  0.35378827  0.31095720  0.31095720  0.34462077  0.00000000  0.05140038  0.13814439  0.21890415  0.20608445  0.20608445  0.21313793  0.43407725  
6_0_0      0.49526917  0.48298405  0.48298405  0.48298405  0.42908716  0.43987067  0.34299996  0.30827894  0.33723691  0.31240639  0.31240639  0.32831886  0.05140038  0.00000000  0.12615361  0.20530451  0.21395274  0.21395274  0.22116365  0.41042487  
15_0_0     0.47978735  0.46795228  0.46795228  0.46795228  0.44830360  0.47086508  0.41853676  0.39809640  0.40240143  0.35557724  0.35557724  0.40240143  0.13814439  0.12615361  0.00000000  0.27394939  0.25002041  0.25002041  0.24241758  0.39809640  
16_0_0     0.62245151  0.56078114  0.56078114  0.56078114  0.56746085  0.58192219  0.42842507  0.42842507  0.42290768  0.39362934  0.39362934  0.37115473  0.21890415  0.20530451  0.27394939  0.00000000  0.23922608  0.23922608  0.24695447  0.53809963  
1_0_0      0.55754287  0.50435483  0.50435483  0.50435483  0.52535902  0.56517446  0.33562228  0.31810821  0.33562228  0.29419194  0.29419194  0.35744733  0.20608445  0.21395274  0.25002041  0.23922608  0.00000000  0.00000000  0.00492674  0.45639740  
2_0_0      0.55754287  0.50435483  0.50435483  0.50435483  0.52535902  0.56517446  0.33562228  0.31810821  0.33562228  0.29419194  0.29419194  0.35744733  0.20608445  0.21395274  0.25002041  0.23922608  0.00000000  0.00000000  0.00492674  0.45639740  
3_0_0      0.55754287  0.50435483  0.50435483  0.50435483  0.52535902  0.56517446  0.34462077  0.32678669  0.34462077  0.30250259  0.30250259  0.36697666  0.21313793  0.22116365  0.24241758  0.24695447  0.00492674  0.00492674  0.00000000  0.46795228  
20_0_0     0.47372884  0.46217985  0.48555774  0.46217985  0.54440423  0.50666433  0.46217985  0.46217985  0.41273330  0.43672032  0.43672032  0.51011193  0.43407725  0.41042487  0.39809640  0.53809963  0.45639740  0.45639740  0.46795228  0.00000000  

