20
16_0_0     0.00000000  0.04573184  0.04050739  0.10013187  0.08338397  0.08892421  0.10580060  0.07788527  0.22277727  0.20302104  0.20302104  0.24997519  0.25693527  0.24997519  0.24308056  0.24308056  0.21613254  0.24308056  0.22948276  0.17748106  
13_0_0     0.04573184  0.00000000  0.00494273  0.07788527  0.07788527  0.08338397  0.08892421  0.07242750  0.22277727  0.17748106  0.17748106  0.23625014  0.24308056  0.23625014  0.22948276  0.22948276  0.20302104  0.22948276  0.20954749  0.15889341  
19_0_0     0.04050739  0.00494273  0.00000000  0.07242750  0.07242750  0.07788527  0.09450663  0.06701005  0.21613254  0.17123268  0.17123268  0.22948276  0.23625014  0.22948276  0.22277727  0.22277727  0.19655217  0.22277727  0.20302104  0.15280078  
20_0_0     0.10013187  0.07788527  0.07242750  0.00000000  0.11151350  0.11727125  0.12892419  0.11727125  0.21613254  0.24308056  0.22948276  0.26396205  0.27105681  0.26396205  0.28545565  0.28545565  0.23625014  0.24308056  0.21613254  0.22948276  
15_0_0     0.08338397  0.07788527  0.07242750  0.11151350  0.00000000  0.00494273  0.04050739  0.02505371  0.22277727  0.19013986  0.17748106  0.21613254  0.22277727  0.21613254  0.20954749  0.20954749  0.21613254  0.21613254  0.20954749  0.19655217  
17_0_0     0.08892421  0.08338397  0.07788527  0.11727125  0.00494273  0.00000000  0.04573184  0.03016883  0.22948276  0.19655217  0.18378315  0.22277727  0.22948276  0.22277727  0.21613254  0.21613254  0.22277727  0.22277727  0.21613254  0.20302104  
14_0_0     0.10580060  0.08892421  0.09450663  0.12892419  0.04050739  0.04573184  0.00000000  0.04573184  0.22277727  0.19655217  0.18378315  0.22277727  0.22277727  0.22277727  0.21613254  0.21613254  0.20954749  0.20954749  0.21613254  0.20302104  
18_0_0     0.07788527  0.07242750  0.06701005  0.11727125  0.02505371  0.03016883  0.04573184  0.00000000  0.22948276  0.20302104  0.19013986  0.20954749  0.22948276  0.22277727  0.21613254  0.21613254  0.22277727  0.22277727  0.21613254  0.17748106  
10_0_0     0.22277727  0.22277727  0.21613254  0.21613254  0.22277727  0.22948276  0.22277727  0.22948276  0.00000000  0.10013187  0.11151350  0.12892419  0.10580060  0.10013187  0.11727125  0.11727125  0.12307458  0.10580060  0.11151350  0.11727125  
8_0_0      0.20302104  0.17748106  0.17123268  0.24308056  0.19013986  0.19655217  0.19655217  0.20302104  0.10013187  0.00000000  0.00991900  0.06163234  0.06701005  0.06163234  0.06701005  0.06701005  0.10013187  0.10013187  0.10580060  0.09450663  
1_0_0      0.20302104  0.17748106  0.17123268  0.22948276  0.17748106  0.18378315  0.18378315  0.19013986  0.11151350  0.00991900  0.00000000  0.06163234  0.06701005  0.06163234  0.06701005  0.06701005  0.10013187  0.10013187  0.10580060  0.10580060  
5_0_0      0.24997519  0.23625014  0.22948276  0.26396205  0.21613254  0.22277727  0.22277727  0.20954749  0.12892419  0.06163234  0.06163234  0.00000000  0.03016883  0.02505371  0.05099379  0.05099379  0.12307458  0.10013187  0.11151350  0.10580060  
11_0_0     0.25693527  0.24308056  0.23625014  0.27105681  0.22277727  0.22948276  0.22277727  0.22948276  0.10580060  0.06701005  0.06701005  0.03016883  0.00000000  0.00494273  0.03016883  0.03016883  0.13482085  0.11151350  0.12307458  0.12892419  
4_0_0      0.24997519  0.23625014  0.22948276  0.26396205  0.21613254  0.22277727  0.22277727  0.22277727  0.10013187  0.06163234  0.06163234  0.02505371  0.00494273  0.00000000  0.02505371  0.02505371  0.12892419  0.10580060  0.11727125  0.12307458  
2_0_0      0.24308056  0.22948276  0.22277727  0.28545565  0.20954749  0.21613254  0.21613254  0.21613254  0.11727125  0.06701005  0.06701005  0.05099379  0.03016883  0.02505371  0.00000000  0.00000000  0.14076531  0.12307458  0.13482085  0.13482085  
12_0_0     0.24308056  0.22948276  0.22277727  0.28545565  0.20954749  0.21613254  0.21613254  0.21613254  0.11727125  0.06701005  0.06701005  0.05099379  0.03016883  0.02505371  0.00000000  0.00000000  0.14076531  0.12307458  0.13482085  0.13482085  
3_0_0      0.21613254  0.20302104  0.19655217  0.23625014  0.21613254  0.22277727  0.20954749  0.22277727  0.12307458  0.10013187  0.10013187  0.12307458  0.13482085  0.12892419  0.14076531  0.14076531  0.00000000  0.04573184  0.06163234  0.08338397  
6_0_0      0.24308056  0.22948276  0.22277727  0.24308056  0.21613254  0.22277727  0.20954749  0.22277727  0.10580060  0.10013187  0.10013187  0.10013187  0.11151350  0.10580060  0.12307458  0.12307458  0.04573184  0.00000000  0.04573184  0.10013187  
9_0_0      0.22948276  0.20954749  0.20302104  0.21613254  0.20954749  0.21613254  0.21613254  0.21613254  0.11151350  0.10580060  0.10580060  0.11151350  0.12307458  0.11727125  0.13482085  0.13482085  0.06163234  0.04573184  0.00000000  0.08892421  
7_0_0      0.17748106  0.15889341  0.15280078  0.22948276  0.19655217  0.20302104  0.20302104  0.17748106  0.11727125  0.09450663  0.10580060  0.10580060  0.12892419  0.12307458  0.13482085  0.13482085  0.08338397  0.10013187  0.08892421  0.00000000  

