139
49_0_0     0.00000000  0.04436973  0.10249288  0.07022333  0.10249288  0.11357078  0.13050581  0.13050581  0.09701568  0.15962422  0.07550455  0.24785621  0.28915782  0.28915782  0.28915782  0.26821811  0.29627188  0.27513221  0.28915782  0.35579699  0.31070911  0.31070911  0.33290875  0.33290875  0.34045956  0.31070911  0.31803504  0.33290875  0.28915782  0.32543442  0.31070911  0.31070911  0.29627188  0.31070911  0.33290875  0.33290875  0.35579699  0.29627188  0.35579699  0.35579699  0.34045956  0.34045956  0.32543442  0.31803504  0.39559596  0.32543442  0.34808843  0.37145996  0.31803504  0.33290875  0.33290875  0.34808843  0.33290875  0.32543442  0.31803504  0.33290875  0.31803504  0.29627188  0.31803504  0.32543442  0.34045956  0.31803504  0.30345519  0.32543442  0.31803504  0.31070911  0.31070911  0.31070911  0.34045956  0.35579699  0.34808843  0.35579699  0.35579699  0.34808843  0.29627188  0.28915782  0.30345519  0.34045956  0.34808843  0.30345519  0.30345519  0.29627188  0.28915782  0.28211169  0.28211169  0.29627188  0.28211169  0.31803504  0.30345519  0.30345519  0.31070911  0.31070911  0.31803504  0.30345519  0.29627188  0.28915782  0.32543442  0.33290875  0.34045956  0.31070911  0.32543442  0.32543442  0.30345519  0.30345519  0.32543442  0.32543442  0.28915782  0.28211169  0.30345519  0.31070911  0.29627188  0.29627188  0.31070911  0.34045956  0.37145996  0.29627188  0.31803504  0.30345519  0.29627188  0.29627188  0.28915782  0.35579699  0.34808843  0.40381996  0.36358692  0.37941790  0.37941790  0.41213665  0.40381996  0.41213665  0.40381996  0.36358692  0.37145996  0.40381996  0.39559596  0.38746260  0.39559596  0.36358692  0.37145996  
57_0_0     0.04436973  0.00000000  0.10801104  0.07550455  0.11357078  0.13623830  0.14201567  0.14201567  0.10801104  0.15962422  0.08618173  0.28211169  0.34045956  0.34045956  0.34045956  0.31803504  0.31803504  0.29627188  0.29627188  0.36358692  0.31803504  0.31803504  0.35579699  0.35579699  0.36358692  0.36358692  0.35579699  0.34808843  0.29627188  0.36358692  0.33290875  0.33290875  0.31803504  0.33290875  0.32543442  0.32543442  0.33290875  0.34808843  0.37145996  0.35579699  0.32543442  0.33290875  0.31803504  0.31803504  0.38746260  0.36358692  0.36358692  0.36358692  0.34045956  0.34045956  0.33290875  0.36358692  0.34808843  0.34045956  0.31803504  0.33290875  0.31070911  0.30345519  0.33290875  0.32543442  0.31803504  0.31070911  0.31070911  0.34808843  0.32543442  0.31803504  0.31803504  0.31803504  0.37941790  0.36358692  0.35579699  0.38746260  0.37145996  0.37145996  0.33290875  0.32543442  0.32543442  0.33290875  0.35579699  0.31070911  0.31070911  0.30345519  0.29627188  0.28915782  0.28915782  0.31803504  0.30345519  0.32543442  0.32543442  0.31070911  0.30345519  0.31803504  0.32543442  0.31070911  0.30345519  0.29627188  0.33290875  0.34045956  0.34808843  0.31803504  0.29627188  0.32543442  0.30345519  0.30345519  0.31070911  0.31070911  0.29627188  0.28915782  0.32543442  0.30345519  0.30345519  0.28915782  0.30345519  0.31803504  0.33290875  0.28915782  0.31070911  0.29627188  0.28915782  0.28915782  0.28211169  0.31803504  0.31803504  0.37941790  0.32543442  0.34045956  0.34045956  0.37145996  0.39559596  0.40381996  0.37941790  0.35579699  0.36358692  0.37145996  0.36358692  0.34045956  0.34808843  0.32543442  0.34808843  
39_0_0     0.10249288  0.10801104  0.00000000  0.13623830  0.15370790  0.16558836  0.18377556  0.18377556  0.14783863  0.18993895  0.12481751  0.28211169  0.32543442  0.34045956  0.32543442  0.31803504  0.33290875  0.32543442  0.34045956  0.40381996  0.34808843  0.34808843  0.29627188  0.32543442  0.33290875  0.31803504  0.32543442  0.33290875  0.31070911  0.34808843  0.31803504  0.31803504  0.28915782  0.33290875  0.32543442  0.31803504  0.32543442  0.27513221  0.35579699  0.35579699  0.31070911  0.32543442  0.32543442  0.31070911  0.35579699  0.34045956  0.32543442  0.36358692  0.32543442  0.34045956  0.36358692  0.36358692  0.34808843  0.34045956  0.34808843  0.36358692  0.32543442  0.31803504  0.32543442  0.33290875  0.33290875  0.31070911  0.32543442  0.34808843  0.31070911  0.32543442  0.32543442  0.32543442  0.37941790  0.37941790  0.37145996  0.35579699  0.37941790  0.37145996  0.33290875  0.32543442  0.34045956  0.36358692  0.35579699  0.34045956  0.34045956  0.36358692  0.32543442  0.31803504  0.31803504  0.31803504  0.31803504  0.37145996  0.31070911  0.37145996  0.34808843  0.37941790  0.32543442  0.31070911  0.30345519  0.32543442  0.34808843  0.35579699  0.36358692  0.33290875  0.34045956  0.32543442  0.31803504  0.31803504  0.34045956  0.32543442  0.32543442  0.31803504  0.31070911  0.30345519  0.30345519  0.28915782  0.30345519  0.31070911  0.34808843  0.28915782  0.34045956  0.29627188  0.28915782  0.28915782  0.28211169  0.36358692  0.35579699  0.39559596  0.37145996  0.38746260  0.38746260  0.40381996  0.39559596  0.40381996  0.37941790  0.37941790  0.38746260  0.42054813  0.41213665  0.39559596  0.40381996  0.37145996  0.35579699  
89_0_0     0.07022333  0.07550455  0.13623830  0.00000000  0.14201567  0.15370790  0.18377556  0.18377556  0.14783863  0.18993895  0.11357078  0.28211169  0.34045956  0.34045956  0.34045956  0.31803504  0.33290875  0.32543442  0.34045956  0.41213665  0.33290875  0.33290875  0.36358692  0.37941790  0.33290875  0.34045956  0.34808843  0.31070911  0.31803504  0.35579699  0.32543442  0.32543442  0.31070911  0.35579699  0.36358692  0.34808843  0.37145996  0.35579699  0.41213665  0.37941790  0.42905660  0.35579699  0.37145996  0.37941790  0.43766431  0.36358692  0.41213665  0.37941790  0.34045956  0.34045956  0.37145996  0.37145996  0.37145996  0.34808843  0.37145996  0.37145996  0.37145996  0.34808843  0.37941790  0.37145996  0.36358692  0.35579699  0.35579699  0.37941790  0.35579699  0.36358692  0.36358692  0.36358692  0.37941790  0.37941790  0.37145996  0.37941790  0.39559596  0.38746260  0.34808843  0.34045956  0.34045956  0.37941790  0.40381996  0.32543442  0.32543442  0.33290875  0.33290875  0.32543442  0.32543442  0.35579699  0.35579699  0.37941790  0.34808843  0.35579699  0.34808843  0.33290875  0.37145996  0.35579699  0.34808843  0.34045956  0.38746260  0.39559596  0.38746260  0.35579699  0.34045956  0.35579699  0.33290875  0.33290875  0.35579699  0.35579699  0.32543442  0.31803504  0.34045956  0.33290875  0.31803504  0.31803504  0.31803504  0.35579699  0.41213665  0.33290875  0.34808843  0.32543442  0.33290875  0.33290875  0.32543442  0.36358692  0.34808843  0.42054813  0.39559596  0.38746260  0.38746260  0.42054813  0.42905660  0.43766431  0.42905660  0.42054813  0.41213665  0.43766431  0.42905660  0.40381996  0.42905660  0.35579699  0.37941790  
89_9_0     0.10249288  0.11357078  0.15370790  0.14201567  0.00000000  0.10249288  0.09701568  0.09701568  0.07550455  0.14201567  0.05460274  0.30345519  0.34045956  0.34045956  0.34045956  0.31803504  0.32543442  0.29627188  0.31070911  0.42054813  0.34045956  0.34045956  0.36358692  0.36358692  0.37145996  0.36358692  0.35579699  0.31803504  0.33290875  0.34808843  0.35579699  0.34045956  0.32543442  0.37145996  0.40381996  0.42054813  0.41213665  0.35579699  0.43766431  0.43766431  0.42054813  0.39559596  0.39559596  0.37145996  0.43766431  0.37941790  0.37941790  0.43766431  0.37941790  0.39559596  0.40381996  0.40381996  0.38746260  0.37941790  0.35579699  0.37145996  0.38746260  0.34808843  0.34045956  0.34808843  0.37145996  0.34808843  0.35579699  0.38746260  0.35579699  0.33290875  0.33290875  0.34808843  0.41213665  0.42054813  0.41213665  0.38746260  0.42905660  0.40381996  0.39559596  0.38746260  0.42054813  0.41213665  0.42054813  0.38746260  0.38746260  0.39559596  0.37145996  0.34808843  0.34808843  0.37941790  0.36358692  0.38746260  0.37145996  0.40381996  0.39559596  0.39559596  0.39559596  0.37941790  0.37145996  0.37145996  0.37941790  0.38746260  0.37941790  0.36358692  0.34808843  0.34808843  0.32543442  0.32543442  0.34808843  0.33290875  0.32543442  0.31803504  0.35579699  0.37145996  0.37145996  0.35579699  0.34045956  0.37145996  0.38746260  0.35579699  0.36358692  0.36358692  0.35579699  0.35579699  0.34808843  0.38746260  0.36358692  0.40381996  0.39559596  0.39559596  0.39559596  0.41213665  0.43766431  0.44637361  0.42054813  0.39559596  0.40381996  0.42054813  0.41213665  0.42054813  0.42905660  0.42905660  0.43766431  
39_9_0     0.11357078  0.13623830  0.16558836  0.15370790  0.10249288  0.00000000  0.13050581  0.11917272  0.09701568  0.17160109  0.07550455  0.26821811  0.28211169  0.28211169  0.28211169  0.26821811  0.28915782  0.27513221  0.28915782  0.36358692  0.31803504  0.31803504  0.34045956  0.31070911  0.31803504  0.29627188  0.31803504  0.32543442  0.29627188  0.32543442  0.34808843  0.33290875  0.31803504  0.33290875  0.34808843  0.34808843  0.37145996  0.31803504  0.39559596  0.38746260  0.37145996  0.34045956  0.34045956  0.33290875  0.34808843  0.31070911  0.36358692  0.39559596  0.32543442  0.34045956  0.37145996  0.38746260  0.37145996  0.34808843  0.33290875  0.34808843  0.34808843  0.32543442  0.33290875  0.35579699  0.34045956  0.31070911  0.31803504  0.31803504  0.30345519  0.31070911  0.31070911  0.31070911  0.31070911  0.31803504  0.32543442  0.31070911  0.34808843  0.31803504  0.32543442  0.33290875  0.37941790  0.37145996  0.37941790  0.33290875  0.33290875  0.35579699  0.33290875  0.32543442  0.32543442  0.35579699  0.32543442  0.34808843  0.31803504  0.34808843  0.32543442  0.34045956  0.34045956  0.32543442  0.33290875  0.31803504  0.32543442  0.33290875  0.34045956  0.31070911  0.29627188  0.29627188  0.28915782  0.28915782  0.31070911  0.29627188  0.27513221  0.26821811  0.31803504  0.33290875  0.33290875  0.31803504  0.32543442  0.33290875  0.37941790  0.31803504  0.32543442  0.32543442  0.31803504  0.31803504  0.31070911  0.39559596  0.38746260  0.36358692  0.37145996  0.37145996  0.37145996  0.40381996  0.38746260  0.39559596  0.37145996  0.38746260  0.37941790  0.42054813  0.42905660  0.42054813  0.42905660  0.43766431  0.44637361  
89_11_0    0.13050581  0.14201567  0.18377556  0.18377556  0.09701568  0.13050581  0.00000000  0.00963196  0.08082383  0.14201567  0.08082383  0.28211169  0.28915782  0.28915782  0.28915782  0.28211169  0.28915782  0.26136819  0.27513221  0.34045956  0.30345519  0.30345519  0.31803504  0.30345519  0.31070911  0.31803504  0.28211169  0.26821811  0.28915782  0.28915782  0.31070911  0.29627188  0.28211169  0.32543442  0.32543442  0.37941790  0.33290875  0.34045956  0.35579699  0.35579699  0.33290875  0.31070911  0.31070911  0.28915782  0.38746260  0.32543442  0.32543442  0.34045956  0.30345519  0.31803504  0.34045956  0.34045956  0.32543442  0.33290875  0.28915782  0.31070911  0.31070911  0.29627188  0.28915782  0.29627188  0.28915782  0.26136819  0.27513221  0.30345519  0.30345519  0.25458127  0.25458127  0.26821811  0.35579699  0.37941790  0.37145996  0.34808843  0.37145996  0.34808843  0.30345519  0.29627188  0.32543442  0.32543442  0.33290875  0.31803504  0.31803504  0.31070911  0.30345519  0.28211169  0.28211169  0.30345519  0.29627188  0.31803504  0.30345519  0.31803504  0.32543442  0.31070911  0.31070911  0.31070911  0.30345519  0.33290875  0.29627188  0.30345519  0.32543442  0.29627188  0.31070911  0.29627188  0.29627188  0.28915782  0.31070911  0.29627188  0.28915782  0.29627188  0.30345519  0.31803504  0.31803504  0.30345519  0.28915782  0.32543442  0.34808843  0.30345519  0.32543442  0.31070911  0.30345519  0.30345519  0.29627188  0.36358692  0.34808843  0.38746260  0.37941790  0.37941790  0.37941790  0.39559596  0.42054813  0.42905660  0.40381996  0.37941790  0.38746260  0.41213665  0.40381996  0.43766431  0.42905660  0.45518693  0.46410678  
89_13_0    0.13050581  0.14201567  0.18377556  0.18377556  0.09701568  0.11917272  0.00963196  0.00000000  0.07022333  0.14201567  0.07022333  0.26821811  0.27513221  0.27513221  0.27513221  0.26821811  0.27513221  0.26136819  0.26136819  0.32543442  0.28915782  0.28915782  0.32543442  0.31070911  0.31803504  0.32543442  0.28915782  0.26821811  0.28211169  0.29627188  0.31803504  0.30345519  0.28915782  0.33290875  0.33290875  0.37941790  0.34045956  0.34808843  0.36358692  0.36358692  0.34045956  0.31070911  0.31070911  0.29627188  0.37941790  0.31803504  0.33290875  0.34808843  0.31070911  0.32543442  0.34045956  0.34045956  0.32543442  0.33290875  0.28915782  0.31070911  0.30345519  0.29627188  0.28915782  0.29627188  0.29627188  0.26821811  0.27513221  0.28915782  0.30345519  0.25458127  0.25458127  0.26821811  0.34045956  0.36358692  0.35579699  0.33290875  0.35579699  0.33290875  0.29627188  0.28915782  0.33290875  0.31803504  0.32543442  0.31070911  0.31070911  0.30345519  0.28915782  0.26821811  0.26821811  0.29627188  0.28211169  0.30345519  0.28915782  0.30345519  0.31070911  0.29627188  0.29627188  0.29627188  0.28915782  0.31803504  0.28211169  0.28915782  0.31070911  0.28211169  0.31070911  0.29627188  0.29627188  0.28915782  0.31070911  0.29627188  0.27513221  0.28211169  0.30345519  0.31803504  0.31803504  0.30345519  0.28915782  0.33290875  0.34808843  0.30345519  0.31070911  0.31070911  0.30345519  0.30345519  0.29627188  0.36358692  0.34045956  0.37941790  0.37145996  0.37145996  0.37145996  0.38746260  0.41213665  0.42054813  0.39559596  0.37145996  0.37941790  0.40381996  0.41213665  0.42054813  0.41213665  0.45518693  0.46410678  
89_12_0    0.09701568  0.10801104  0.14783863  0.14783863  0.07550455  0.09701568  0.08082383  0.07022333  0.00000000  0.14201567  0.04946850  0.28915782  0.31070911  0.31070911  0.31070911  0.28915782  0.28211169  0.26821811  0.28211169  0.37145996  0.31070911  0.31070911  0.37941790  0.33290875  0.37145996  0.36358692  0.34045956  0.30345519  0.30345519  0.33290875  0.35579699  0.34045956  0.31070911  0.34045956  0.32543442  0.35579699  0.33290875  0.34045956  0.36358692  0.35579699  0.34808843  0.34808843  0.34808843  0.34045956  0.41213665  0.34808843  0.33290875  0.38746260  0.33290875  0.36358692  0.35579699  0.37145996  0.35579699  0.34808843  0.34808843  0.37145996  0.34045956  0.34808843  0.33290875  0.35579699  0.34808843  0.33290875  0.34045956  0.32543442  0.34045956  0.30345519  0.30345519  0.31803504  0.37145996  0.39559596  0.38746260  0.36358692  0.37145996  0.36358692  0.33290875  0.32543442  0.35579699  0.33290875  0.34045956  0.35579699  0.35579699  0.33290875  0.32543442  0.30345519  0.30345519  0.33290875  0.31803504  0.34045956  0.32543442  0.34045956  0.34808843  0.33290875  0.33290875  0.31803504  0.31070911  0.31070911  0.34045956  0.34808843  0.35579699  0.32543442  0.33290875  0.34808843  0.31070911  0.31070911  0.33290875  0.31803504  0.31070911  0.31803504  0.34045956  0.34045956  0.35579699  0.32543442  0.31070911  0.35579699  0.37145996  0.32543442  0.31803504  0.33290875  0.32543442  0.32543442  0.31803504  0.37941790  0.36358692  0.41213665  0.37145996  0.40381996  0.40381996  0.40381996  0.46410678  0.47313576  0.44637361  0.37145996  0.37941790  0.42905660  0.43766431  0.40381996  0.41213665  0.43766431  0.44637361  
39_10_0    0.15962422  0.15962422  0.18993895  0.18993895  0.14201567  0.17160109  0.14201567  0.14201567  0.14201567  0.00000000  0.09701568  0.28211169  0.30345519  0.30345519  0.30345519  0.28211169  0.28915782  0.28915782  0.30345519  0.34808843  0.31070911  0.31070911  0.36358692  0.29627188  0.36358692  0.35579699  0.33290875  0.27513221  0.32543442  0.32543442  0.31803504  0.31803504  0.30345519  0.38746260  0.37145996  0.42054813  0.39559596  0.34808843  0.36358692  0.35579699  0.35579699  0.32543442  0.32543442  0.33290875  0.39559596  0.34045956  0.39559596  0.31803504  0.31070911  0.34045956  0.35579699  0.37145996  0.35579699  0.35579699  0.34045956  0.33290875  0.35579699  0.31803504  0.29627188  0.33290875  0.34045956  0.32543442  0.31803504  0.35579699  0.34808843  0.32543442  0.32543442  0.32543442  0.35579699  0.37941790  0.37145996  0.37145996  0.37941790  0.34808843  0.34045956  0.33290875  0.36358692  0.34045956  0.33290875  0.33290875  0.33290875  0.34045956  0.33290875  0.32543442  0.32543442  0.32543442  0.32543442  0.34045956  0.34045956  0.36358692  0.35579699  0.35579699  0.34808843  0.33290875  0.32543442  0.31803504  0.37941790  0.37145996  0.36358692  0.34808843  0.26821811  0.25458127  0.24785621  0.24785621  0.26821811  0.26821811  0.26136819  0.26821811  0.33290875  0.31803504  0.31803504  0.31803504  0.33290875  0.31803504  0.38746260  0.31803504  0.31070911  0.32543442  0.31803504  0.31803504  0.31070911  0.32543442  0.31803504  0.40381996  0.37941790  0.37941790  0.37941790  0.39559596  0.39559596  0.40381996  0.40381996  0.41213665  0.40381996  0.43766431  0.42905660  0.42905660  0.43766431  0.42905660  0.42054813  
49_9_0     0.07550455  0.08618173  0.12481751  0.11357078  0.05460274  0.07550455  0.08082383  0.07022333  0.04946850  0.09701568  0.00000000  0.26136819  0.28211169  0.28211169  0.28211169  0.26136819  0.26821811  0.26821811  0.28211169  0.35579699  0.29627188  0.29627188  0.33290875  0.30345519  0.32543442  0.31803504  0.29627188  0.28915782  0.28915782  0.31803504  0.32543442  0.31070911  0.29627188  0.37145996  0.37145996  0.38746260  0.37941790  0.35579699  0.38746260  0.37145996  0.37145996  0.36358692  0.36358692  0.34045956  0.37145996  0.31803504  0.37145996  0.37145996  0.33290875  0.36358692  0.37145996  0.38746260  0.37145996  0.36358692  0.32543442  0.34808843  0.34045956  0.31803504  0.32543442  0.34808843  0.34045956  0.31803504  0.31070911  0.33290875  0.34045956  0.31803504  0.31803504  0.31803504  0.34808843  0.37145996  0.36358692  0.35579699  0.37145996  0.34045956  0.33290875  0.32543442  0.37145996  0.34808843  0.34045956  0.32543442  0.32543442  0.33290875  0.31070911  0.28915782  0.30345519  0.30345519  0.30345519  0.32543442  0.31070911  0.34045956  0.33290875  0.33290875  0.34808843  0.33290875  0.32543442  0.31070911  0.34045956  0.34808843  0.35579699  0.32543442  0.28915782  0.28915782  0.26821811  0.26821811  0.28915782  0.28915782  0.25458127  0.26136819  0.32543442  0.32543442  0.31070911  0.31070911  0.32543442  0.32543442  0.37145996  0.31070911  0.31803504  0.31803504  0.31070911  0.31070911  0.30345519  0.34808843  0.32543442  0.37941790  0.37145996  0.37145996  0.37145996  0.38746260  0.42905660  0.43766431  0.41213665  0.37145996  0.36358692  0.40381996  0.41213665  0.37941790  0.38746260  0.40381996  0.41213665  
99_15_0    0.24785621  0.28211169  0.28211169  0.28211169  0.30345519  0.26821811  0.28211169  0.26821811  0.28915782  0.28211169  0.26136819  0.00000000  0.04946850  0.04946850  0.04946850  0.03427668  0.05460274  0.07022333  0.07022333  0.19615425  0.06497964  0.06497964  0.18993895  0.15962422  0.17766322  0.18377556  0.19615425  0.16558836  0.18377556  0.19615425  0.15370790  0.17766322  0.18993895  0.22155253  0.20874413  0.19615425  0.21512054  0.15370790  0.17766322  0.18377556  0.22804108  0.18377556  0.17160109  0.18377556  0.24785621  0.14201567  0.18377556  0.20242234  0.12481751  0.14201567  0.20242234  0.19615425  0.18377556  0.18377556  0.18377556  0.18377556  0.19615425  0.17766322  0.20242234  0.18377556  0.19615425  0.18377556  0.16558836  0.20242234  0.20242234  0.18993895  0.18993895  0.18993895  0.15962422  0.15962422  0.15370790  0.18377556  0.16558836  0.15962422  0.15370790  0.14783863  0.17766322  0.19615425  0.18377556  0.16558836  0.16558836  0.15962422  0.16558836  0.19615425  0.18377556  0.17160109  0.17766322  0.19615425  0.16558836  0.16558836  0.15962422  0.16558836  0.16558836  0.15370790  0.15370790  0.15962422  0.22155253  0.22155253  0.22155253  0.20874413  0.17766322  0.17766322  0.16558836  0.15962422  0.17766322  0.17766322  0.15962422  0.15370790  0.17766322  0.15962422  0.14783863  0.15962422  0.15962422  0.19615425  0.25458127  0.14783863  0.18377556  0.15370790  0.14783863  0.14783863  0.14201567  0.28915782  0.32543442  0.33290875  0.34808843  0.32543442  0.32543442  0.35579699  0.32543442  0.32543442  0.33290875  0.37145996  0.37941790  0.38746260  0.38746260  0.37941790  0.38746260  0.37145996  0.37941790  
46_15_0    0.28915782  0.34045956  0.32543442  0.34045956  0.34045956  0.28211169  0.28915782  0.27513221  0.31070911  0.30345519  0.28211169  0.04946850  0.00000000  0.00963196  0.00000000  0.01449551  0.04436973  0.04946850  0.05977295  0.15962422  0.05460274  0.05460274  0.18377556  0.15962422  0.16558836  0.16558836  0.17160109  0.17766322  0.20874413  0.18377556  0.17766322  0.18993895  0.18377556  0.22804108  0.21512054  0.22804108  0.22155253  0.17766322  0.16558836  0.17160109  0.18993895  0.15962422  0.14783863  0.15962422  0.22155253  0.14783863  0.18377556  0.17766322  0.11357078  0.13050581  0.20242234  0.19615425  0.18377556  0.19615425  0.14783863  0.15370790  0.17160109  0.15370790  0.17766322  0.15962422  0.17160109  0.15962422  0.13050581  0.16558836  0.17766322  0.15370790  0.15370790  0.15370790  0.13623830  0.15962422  0.16558836  0.17160109  0.15370790  0.13623830  0.15370790  0.14783863  0.17766322  0.17160109  0.17160109  0.16558836  0.16558836  0.15962422  0.16558836  0.19615425  0.18377556  0.17160109  0.17766322  0.17160109  0.16558836  0.15370790  0.14783863  0.14201567  0.15962422  0.15962422  0.15962422  0.15370790  0.18377556  0.18377556  0.19615425  0.18377556  0.18377556  0.17160109  0.17160109  0.16558836  0.18377556  0.18377556  0.14783863  0.15370790  0.15962422  0.16558836  0.15370790  0.16558836  0.16558836  0.18993895  0.23458718  0.15370790  0.17766322  0.15962422  0.15370790  0.15370790  0.14783863  0.28915782  0.32543442  0.31070911  0.32543442  0.30345519  0.30345519  0.33290875  0.32543442  0.34808843  0.32543442  0.34808843  0.35579699  0.42905660  0.42905660  0.43766431  0.42905660  0.40381996  0.42905660  
36_15_0    0.28915782  0.34045956  0.34045956  0.34045956  0.34045956  0.28211169  0.28915782  0.27513221  0.31070911  0.30345519  0.28211169  0.04946850  0.00963196  0.00000000  0.00963196  0.01449551  0.04436973  0.04946850  0.05977295  0.15962422  0.05460274  0.05460274  0.18377556  0.15962422  0.17766322  0.17766322  0.18377556  0.17766322  0.20874413  0.18377556  0.17766322  0.18993895  0.19615425  0.22804108  0.21512054  0.24119187  0.22155253  0.16558836  0.15962422  0.17160109  0.18993895  0.15962422  0.14783863  0.14783863  0.21512054  0.13623830  0.17160109  0.16558836  0.10249288  0.11917272  0.18993895  0.18377556  0.17160109  0.18377556  0.15370790  0.15962422  0.17766322  0.15962422  0.18377556  0.16558836  0.17766322  0.16558836  0.13623830  0.16558836  0.18377556  0.15962422  0.15962422  0.15962422  0.13050581  0.15370790  0.15962422  0.16558836  0.14783863  0.13050581  0.16558836  0.15962422  0.18993895  0.18377556  0.17160109  0.17766322  0.17766322  0.17160109  0.17766322  0.20874413  0.19615425  0.18377556  0.18993895  0.18377556  0.17766322  0.16558836  0.15962422  0.15370790  0.17160109  0.17160109  0.17160109  0.16558836  0.19615425  0.19615425  0.20874413  0.19615425  0.18377556  0.17160109  0.17160109  0.16558836  0.17766322  0.17766322  0.14783863  0.15370790  0.17160109  0.17766322  0.16558836  0.17766322  0.17766322  0.20242234  0.23458718  0.16558836  0.17766322  0.17160109  0.16558836  0.16558836  0.15962422  0.28915782  0.32543442  0.31070911  0.32543442  0.30345519  0.30345519  0.33290875  0.32543442  0.34808843  0.32543442  0.34808843  0.35579699  0.42905660  0.42905660  0.43766431  0.42905660  0.42054813  0.42905660  
52_15_0    0.28915782  0.34045956  0.32543442  0.34045956  0.34045956  0.28211169  0.28915782  0.27513221  0.31070911  0.30345519  0.28211169  0.04946850  0.00000000  0.00963196  0.00000000  0.01449551  0.04436973  0.04946850  0.05977295  0.15962422  0.05460274  0.05460274  0.18377556  0.15962422  0.16558836  0.16558836  0.17160109  0.17766322  0.20874413  0.18377556  0.17766322  0.18993895  0.18377556  0.22804108  0.21512054  0.22804108  0.22155253  0.17766322  0.16558836  0.17160109  0.18993895  0.15962422  0.14783863  0.15962422  0.22155253  0.14783863  0.18377556  0.17766322  0.11357078  0.13050581  0.20242234  0.19615425  0.18377556  0.19615425  0.14783863  0.15370790  0.17160109  0.15370790  0.17766322  0.15962422  0.17160109  0.15962422  0.13050581  0.16558836  0.17766322  0.15370790  0.15370790  0.15370790  0.13623830  0.15962422  0.16558836  0.17160109  0.15370790  0.13623830  0.15370790  0.14783863  0.17766322  0.17160109  0.17160109  0.16558836  0.16558836  0.15962422  0.16558836  0.19615425  0.18377556  0.17160109  0.17766322  0.17160109  0.16558836  0.15370790  0.14783863  0.14201567  0.15962422  0.15962422  0.15962422  0.15370790  0.18377556  0.18377556  0.19615425  0.18377556  0.18377556  0.17160109  0.17160109  0.16558836  0.18377556  0.18377556  0.14783863  0.15370790  0.15962422  0.16558836  0.15370790  0.16558836  0.16558836  0.18993895  0.23458718  0.15370790  0.17766322  0.15962422  0.15370790  0.15370790  0.14783863  0.28915782  0.32543442  0.31070911  0.32543442  0.30345519  0.30345519  0.33290875  0.32543442  0.34808843  0.32543442  0.34808843  0.35579699  0.42905660  0.42905660  0.43766431  0.42905660  0.40381996  0.42905660  
67_15_0    0.26821811  0.31803504  0.31803504  0.31803504  0.31803504  0.26821811  0.28211169  0.26821811  0.28915782  0.28211169  0.26136819  0.03427668  0.01449551  0.01449551  0.01449551  0.00000000  0.02928146  0.03427668  0.04436973  0.15962422  0.03930595  0.03930595  0.18377556  0.14201567  0.17160109  0.17766322  0.17766322  0.15962422  0.18993895  0.17766322  0.17160109  0.18377556  0.17766322  0.21512054  0.20242234  0.22804108  0.20874413  0.15962422  0.14783863  0.15962422  0.19615425  0.15370790  0.14201567  0.15370790  0.22155253  0.13623830  0.16558836  0.17766322  0.10249288  0.13050581  0.19615425  0.18993895  0.17766322  0.18993895  0.15370790  0.15962422  0.17766322  0.15962422  0.17160109  0.16558836  0.17766322  0.16558836  0.13623830  0.17160109  0.18377556  0.15962422  0.15962422  0.15962422  0.12481751  0.14783863  0.15370790  0.15962422  0.14201567  0.12481751  0.15370790  0.14783863  0.17766322  0.17160109  0.17160109  0.16558836  0.16558836  0.15962422  0.16558836  0.19615425  0.18377556  0.17160109  0.17766322  0.18377556  0.16558836  0.16558836  0.15962422  0.15370790  0.17160109  0.15962422  0.15962422  0.15370790  0.19615425  0.19615425  0.19615425  0.18377556  0.17160109  0.15962422  0.15962422  0.15370790  0.17160109  0.17160109  0.14783863  0.15370790  0.15962422  0.16558836  0.15370790  0.16558836  0.16558836  0.18993895  0.23458718  0.15370790  0.16558836  0.15962422  0.15370790  0.15370790  0.14783863  0.29627188  0.33290875  0.32543442  0.34045956  0.31803504  0.31803504  0.34808843  0.33290875  0.36358692  0.34045956  0.36358692  0.37145996  0.42054813  0.42054813  0.41213665  0.42054813  0.39559596  0.40381996  
43_15_0    0.29627188  0.31803504  0.33290875  0.33290875  0.32543442  0.28915782  0.28915782  0.27513221  0.28211169  0.28915782  0.26821811  0.05460274  0.04436973  0.04436973  0.04436973  0.02928146  0.00000000  0.04436973  0.05460274  0.18377556  0.03930595  0.03930595  0.20874413  0.14201567  0.18377556  0.20242234  0.20242234  0.17160109  0.17766322  0.18993895  0.17160109  0.18377556  0.18993895  0.25458127  0.21512054  0.24119187  0.22155253  0.18377556  0.17160109  0.17160109  0.20242234  0.17766322  0.16558836  0.18993895  0.22155253  0.14783863  0.18377556  0.18993895  0.12481751  0.15370790  0.18377556  0.20242234  0.18993895  0.20242234  0.17160109  0.17766322  0.18993895  0.18377556  0.20242234  0.19615425  0.17766322  0.17766322  0.15962422  0.19615425  0.20874413  0.17160109  0.17160109  0.18377556  0.14783863  0.15962422  0.16558836  0.18377556  0.15370790  0.14783863  0.18993895  0.18377556  0.21512054  0.19615425  0.18377556  0.17766322  0.17766322  0.17160109  0.17766322  0.18377556  0.18377556  0.18377556  0.18993895  0.19615425  0.18993895  0.16558836  0.17160109  0.15370790  0.15962422  0.14783863  0.15962422  0.14201567  0.20874413  0.20874413  0.20874413  0.19615425  0.16558836  0.16558836  0.16558836  0.15962422  0.16558836  0.16558836  0.15962422  0.16558836  0.17160109  0.16558836  0.16558836  0.16558836  0.16558836  0.18993895  0.22155253  0.15370790  0.14201567  0.15962422  0.15370790  0.15370790  0.14783863  0.29627188  0.31070911  0.32543442  0.34045956  0.33290875  0.33290875  0.33290875  0.35579699  0.38746260  0.36358692  0.36358692  0.35579699  0.44637361  0.44637361  0.40381996  0.41213665  0.39559596  0.40381996  
100_15_0   0.27513221  0.29627188  0.32543442  0.32543442  0.29627188  0.27513221  0.26136819  0.26136819  0.26821811  0.28915782  0.26821811  0.07022333  0.04946850  0.04946850  0.04946850  0.03427668  0.04436973  0.00000000  0.02928146  0.16558836  0.05460274  0.05460274  0.20242234  0.15962422  0.20242234  0.19615425  0.18377556  0.14783863  0.18377556  0.14783863  0.16558836  0.17766322  0.14783863  0.22155253  0.20874413  0.23458718  0.20242234  0.17766322  0.15962422  0.17766322  0.18993895  0.15962422  0.14783863  0.15962422  0.25458127  0.16558836  0.16558836  0.19615425  0.11917272  0.14783863  0.18377556  0.17766322  0.16558836  0.17766322  0.15370790  0.15962422  0.18377556  0.16558836  0.15962422  0.15370790  0.15962422  0.15962422  0.14201567  0.19615425  0.18993895  0.15370790  0.15370790  0.15370790  0.16558836  0.18993895  0.19615425  0.18377556  0.15962422  0.15370790  0.17160109  0.17766322  0.19615425  0.17766322  0.17766322  0.18377556  0.18377556  0.16558836  0.17160109  0.20242234  0.18993895  0.17766322  0.18377556  0.18993895  0.18377556  0.17160109  0.17766322  0.15962422  0.17766322  0.16558836  0.16558836  0.15962422  0.20874413  0.20874413  0.20874413  0.19615425  0.16558836  0.17766322  0.17766322  0.17160109  0.17766322  0.16558836  0.17766322  0.18377556  0.16558836  0.15962422  0.17160109  0.15962422  0.15962422  0.18377556  0.21512054  0.14783863  0.15962422  0.15370790  0.14783863  0.14783863  0.14201567  0.28211169  0.32543442  0.31070911  0.31070911  0.30345519  0.30345519  0.33290875  0.36358692  0.39559596  0.35579699  0.34808843  0.37145996  0.41213665  0.39559596  0.39559596  0.40381996  0.39559596  0.40381996  
45_15_0    0.28915782  0.29627188  0.34045956  0.34045956  0.31070911  0.28915782  0.27513221  0.26136819  0.28211169  0.30345519  0.28211169  0.07022333  0.05977295  0.05977295  0.05977295  0.04436973  0.05460274  0.02928146  0.00000000  0.15370790  0.05460274  0.05460274  0.21512054  0.17160109  0.20242234  0.19615425  0.19615425  0.14783863  0.17160109  0.17160109  0.16558836  0.17766322  0.17160109  0.19615425  0.19615425  0.20874413  0.18993895  0.17766322  0.17160109  0.17766322  0.18993895  0.15962422  0.14783863  0.16558836  0.24119187  0.15370790  0.16558836  0.19615425  0.13050581  0.13623830  0.18377556  0.17766322  0.16558836  0.17766322  0.15370790  0.15370790  0.17160109  0.16558836  0.15962422  0.15370790  0.15962422  0.15962422  0.14201567  0.18377556  0.17766322  0.16558836  0.16558836  0.16558836  0.15370790  0.16558836  0.17160109  0.17160109  0.14783863  0.14201567  0.18377556  0.17766322  0.20874413  0.16558836  0.16558836  0.17160109  0.17160109  0.15370790  0.15962422  0.18993895  0.17766322  0.16558836  0.17160109  0.17766322  0.17160109  0.16558836  0.17160109  0.15370790  0.16558836  0.15370790  0.15370790  0.15962422  0.18377556  0.18377556  0.18377556  0.17160109  0.17766322  0.17766322  0.17766322  0.17160109  0.17766322  0.16558836  0.17766322  0.17160109  0.17766322  0.17160109  0.18377556  0.17160109  0.18377556  0.19615425  0.22804108  0.15962422  0.15962422  0.16558836  0.15962422  0.15962422  0.16558836  0.26136819  0.30345519  0.28915782  0.28915782  0.28211169  0.28211169  0.31070911  0.32543442  0.35579699  0.31803504  0.35579699  0.37941790  0.38746260  0.38746260  0.37145996  0.37941790  0.37145996  0.37941790  
79_15_0    0.35579699  0.36358692  0.40381996  0.41213665  0.42054813  0.36358692  0.34045956  0.32543442  0.37145996  0.34808843  0.35579699  0.19615425  0.15962422  0.15962422  0.15962422  0.15962422  0.18377556  0.16558836  0.15370790  0.00000000  0.17766322  0.17766322  0.28915782  0.25458127  0.24785621  0.25458127  0.24785621  0.24785621  0.24785621  0.24785621  0.25458127  0.26136819  0.25458127  0.26136819  0.26136819  0.26136819  0.23458718  0.25458127  0.24119187  0.24785621  0.25458127  0.20874413  0.19615425  0.20874413  0.26136819  0.23458718  0.25458127  0.22804108  0.20874413  0.20242234  0.18993895  0.19615425  0.17766322  0.21512054  0.22804108  0.23458718  0.18377556  0.21512054  0.25458127  0.23458718  0.24119187  0.21512054  0.19615425  0.24785621  0.26136819  0.23458718  0.23458718  0.23458718  0.23458718  0.26136819  0.26821811  0.25458127  0.24785621  0.23458718  0.23458718  0.22804108  0.24785621  0.22804108  0.24119187  0.20874413  0.20874413  0.21512054  0.18377556  0.20242234  0.18993895  0.20242234  0.20874413  0.21512054  0.20874413  0.24119187  0.24785621  0.22155253  0.22804108  0.24119187  0.23458718  0.24119187  0.22155253  0.20874413  0.23458718  0.23458718  0.24785621  0.24785621  0.26136819  0.25458127  0.27513221  0.27513221  0.22804108  0.23458718  0.22155253  0.22804108  0.21512054  0.22804108  0.24119187  0.25458127  0.25458127  0.22804108  0.22804108  0.23458718  0.22804108  0.22804108  0.23458718  0.31070911  0.34808843  0.32543442  0.32543442  0.30345519  0.30345519  0.32543442  0.40381996  0.42054813  0.37145996  0.34045956  0.33290875  0.42905660  0.42905660  0.44637361  0.43766431  0.46410678  0.42054813  
40_15_0    0.31070911  0.31803504  0.34808843  0.33290875  0.34045956  0.31803504  0.30345519  0.28915782  0.31070911  0.31070911  0.29627188  0.06497964  0.05460274  0.05460274  0.05460274  0.03930595  0.03930595  0.05460274  0.05460274  0.17766322  0.00000000  0.00000000  0.20874413  0.15370790  0.18377556  0.21512054  0.21512054  0.15370790  0.18993895  0.17766322  0.15962422  0.17160109  0.17766322  0.22804108  0.18993895  0.21512054  0.19615425  0.19615425  0.17160109  0.17766322  0.22155253  0.16558836  0.15370790  0.17766322  0.24785621  0.17766322  0.20874413  0.18993895  0.12481751  0.14201567  0.18377556  0.18993895  0.17766322  0.20242234  0.15962422  0.16558836  0.17766322  0.17160109  0.18993895  0.17160109  0.17766322  0.17766322  0.15962422  0.19615425  0.20874413  0.18377556  0.18377556  0.18377556  0.13623830  0.14783863  0.15370790  0.15962422  0.14201567  0.13623830  0.18993895  0.18377556  0.20242234  0.18377556  0.19615425  0.17766322  0.17766322  0.15962422  0.17766322  0.20874413  0.19615425  0.19615425  0.20242234  0.22155253  0.20242234  0.17766322  0.18377556  0.15370790  0.17160109  0.15962422  0.15962422  0.16558836  0.19615425  0.19615425  0.20874413  0.19615425  0.18993895  0.18993895  0.20242234  0.19615425  0.20242234  0.20242234  0.19615425  0.20242234  0.18377556  0.16558836  0.16558836  0.16558836  0.16558836  0.18993895  0.23458718  0.15370790  0.14201567  0.15962422  0.15370790  0.15370790  0.14783863  0.28211169  0.32543442  0.32543442  0.32543442  0.30345519  0.30345519  0.33290875  0.33290875  0.36358692  0.34045956  0.34808843  0.35579699  0.39559596  0.39559596  0.37145996  0.37941790  0.33290875  0.34045956  
91_15_0    0.31070911  0.31803504  0.34808843  0.33290875  0.34045956  0.31803504  0.30345519  0.28915782  0.31070911  0.31070911  0.29627188  0.06497964  0.05460274  0.05460274  0.05460274  0.03930595  0.03930595  0.05460274  0.05460274  0.17766322  0.00000000  0.00000000  0.20874413  0.15370790  0.18377556  0.21512054  0.21512054  0.15370790  0.18993895  0.17766322  0.15962422  0.17160109  0.17766322  0.22804108  0.18993895  0.21512054  0.19615425  0.19615425  0.17160109  0.17766322  0.22155253  0.16558836  0.15370790  0.17766322  0.24785621  0.17766322  0.20874413  0.18993895  0.12481751  0.14201567  0.18377556  0.18993895  0.17766322  0.20242234  0.15962422  0.16558836  0.17766322  0.17160109  0.18993895  0.17160109  0.17766322  0.17766322  0.15962422  0.19615425  0.20874413  0.18377556  0.18377556  0.18377556  0.13623830  0.14783863  0.15370790  0.15962422  0.14201567  0.13623830  0.18993895  0.18377556  0.20242234  0.18377556  0.19615425  0.17766322  0.17766322  0.15962422  0.17766322  0.20874413  0.19615425  0.19615425  0.20242234  0.22155253  0.20242234  0.17766322  0.18377556  0.15370790  0.17160109  0.15962422  0.15962422  0.16558836  0.19615425  0.19615425  0.20874413  0.19615425  0.18993895  0.18993895  0.20242234  0.19615425  0.20242234  0.20242234  0.19615425  0.20242234  0.18377556  0.16558836  0.16558836  0.16558836  0.16558836  0.18993895  0.23458718  0.15370790  0.14201567  0.15962422  0.15370790  0.15370790  0.14783863  0.28211169  0.32543442  0.32543442  0.32543442  0.30345519  0.30345519  0.33290875  0.33290875  0.36358692  0.34045956  0.34808843  0.35579699  0.39559596  0.39559596  0.37145996  0.37941790  0.33290875  0.34045956  
77_19_0    0.33290875  0.35579699  0.29627188  0.36358692  0.36358692  0.34045956  0.31803504  0.32543442  0.37941790  0.36358692  0.33290875  0.18993895  0.18377556  0.18377556  0.18377556  0.18377556  0.20874413  0.20242234  0.21512054  0.28915782  0.20874413  0.20874413  0.00000000  0.15370790  0.17766322  0.15370790  0.17160109  0.19615425  0.23458718  0.17766322  0.15962422  0.18377556  0.18993895  0.24119187  0.22804108  0.22804108  0.23458718  0.23458718  0.22804108  0.20242234  0.22804108  0.21512054  0.22804108  0.22155253  0.26136819  0.20242234  0.19615425  0.22804108  0.16558836  0.17160109  0.23458718  0.24119187  0.22804108  0.24119187  0.25458127  0.26136819  0.23458718  0.23458718  0.26136819  0.24119187  0.22804108  0.22804108  0.22155253  0.26136819  0.26136819  0.23458718  0.23458718  0.23458718  0.24119187  0.24119187  0.24785621  0.22155253  0.24119187  0.22804108  0.24785621  0.24119187  0.24785621  0.25458127  0.25458127  0.24785621  0.24785621  0.25458127  0.24119187  0.27513221  0.26136819  0.23458718  0.23458718  0.27513221  0.22804108  0.24785621  0.24119187  0.26136819  0.22155253  0.22804108  0.21512054  0.26136819  0.27513221  0.27513221  0.29627188  0.28211169  0.22804108  0.20242234  0.21512054  0.20874413  0.23458718  0.22155253  0.20874413  0.20242234  0.22804108  0.22155253  0.22155253  0.22155253  0.21512054  0.24119187  0.26821811  0.22155253  0.25458127  0.22804108  0.22155253  0.22155253  0.21512054  0.35579699  0.38746260  0.37145996  0.38746260  0.37941790  0.37941790  0.41213665  0.37941790  0.38746260  0.34045956  0.39559596  0.38746260  0.37145996  0.37145996  0.41213665  0.38746260  0.42054813  0.40381996  
