fastme_mat.p : 2.41312837600708
fastme.f81 : 13.563119173049927
ba.exp : 83.95270872116089
pipeline_dl4156463 : 101.08393287658691
