fastme_mat.p : 1.0182709363222122
fastme.f81 : 2.8637029000396725
ba.exp : 20.238945926082135
