201
10_1_0     0.00000000  0.00810823  0.08532452  0.08081944  0.36071979  0.37388686  0.12237494  0.12237494  0.20777369  0.21849190  0.28035061  0.28623586  0.26871700  0.26871700  0.38055820  0.38055820  0.38055820  0.29216771  0.27451122  0.26296725  0.26296725  0.31025036  0.26871700  0.30417419  0.32255258  0.36727440  0.40785398  0.31025036  0.30417419  0.30417419  0.33506018  0.32255258  0.32255258  0.31637622  0.30417419  0.29216771  0.30417419  0.40093624  0.39408179  0.38728948  0.35422203  0.34778014  0.35422203  0.34778014  0.34139316  0.33506018  0.33506018  0.27451122  0.38728948  0.34139316  0.36727440  0.36071979  0.35422203  0.37388686  0.36727440  0.38728948  0.33506018  0.28623586  0.28623586  0.31637622  0.32255258  0.38728948  0.38055820  0.31025036  0.31025036  0.32878028  0.32878028  0.29814690  0.28623586  0.28035061  0.29216771  0.28623586  0.39408179  0.33506018  0.31025036  0.31025036  0.34139316  0.34778014  0.33506018  0.30417419  0.31637622  0.24597810  0.22936568  0.23486233  0.24039960  0.24039960  0.31025036  0.31637622  0.31025036  0.19720666  0.21311363  0.20247155  0.20247155  0.22390906  0.21311363  0.22390906  0.23486233  0.22936568  0.23486233  0.24039960  0.24039960  0.32878028  0.29216771  0.36071979  0.36071979  0.36071979  0.28623586  0.28623586  0.26871700  0.31025036  0.26296725  0.25159845  0.26296725  0.28035061  0.29216771  0.24597810  0.25159845  0.25726129  0.24597810  0.22936568  0.20777369  0.21849190  0.36727440  0.35422203  0.38728948  0.25726129  0.26871700  0.26871700  0.25159845  0.25726129  0.25726129  0.26871700  0.27451122  0.24597810  0.28623586  0.26871700  0.27451122  0.26871700  0.26296725  0.25159845  0.20777369  0.20247155  0.24039960  0.23486233  0.25159845  0.26296725  0.20777369  0.22390906  0.21311363  0.27451122  0.28035061  0.27451122  0.27451122  0.26871700  0.27451122  0.28623586  0.27451122  0.28623586  0.30417419  0.31025036  0.29216771  0.27451122  0.29814690  0.20247155  0.21311363  0.35422203  0.34778014  0.30417419  0.26296725  0.32878028  0.32878028  0.34139316  0.34778014  0.25159845  0.25159845  0.26871700  0.26871700  0.24039960  0.22390906  0.30417419  0.30417419  0.31025036  0.19720666  0.35422203  0.29216771  0.31025036  0.39408179  0.40093624  0.38728948  0.38055820  0.29814690  0.30417419  0.29814690  0.30417419  0.29814690  0.29814690  0.39408179  0.32878028  0.36727440  0.28623586  0.28623586  
49_1_0     0.00810823  0.00000000  0.09441677  0.08985685  0.37388686  0.38728948  0.13193108  0.13193108  0.20777369  0.21849190  0.28623586  0.29216771  0.27451122  0.27451122  0.37388686  0.37388686  0.37388686  0.29216771  0.28623586  0.27451122  0.27451122  0.32255258  0.28035061  0.31637622  0.33506018  0.38055820  0.42188409  0.32255258  0.31637622  0.31637622  0.34778014  0.33506018  0.33506018  0.31637622  0.31637622  0.29216771  0.31637622  0.40785398  0.40093624  0.39408179  0.36071979  0.35422203  0.36071979  0.35422203  0.34778014  0.33506018  0.34139316  0.28623586  0.40093624  0.35422203  0.38055820  0.37388686  0.36727440  0.38728948  0.38055820  0.40093624  0.34778014  0.29814690  0.29814690  0.32878028  0.33506018  0.40093624  0.39408179  0.32255258  0.32255258  0.32878028  0.34139316  0.31025036  0.29814690  0.29216771  0.30417419  0.29814690  0.40785398  0.34778014  0.32255258  0.32255258  0.35422203  0.36071979  0.34778014  0.31637622  0.32255258  0.25726129  0.24039960  0.24597810  0.25159845  0.25159845  0.32255258  0.32878028  0.32255258  0.20777369  0.22390906  0.21311363  0.21311363  0.23486233  0.21311363  0.22390906  0.24597810  0.24039960  0.24597810  0.25159845  0.25159845  0.34139316  0.29216771  0.36071979  0.36071979  0.36071979  0.29814690  0.29814690  0.28035061  0.32255258  0.27451122  0.25159845  0.27451122  0.29216771  0.30417419  0.25726129  0.26296725  0.26871700  0.25726129  0.24039960  0.21849190  0.22936568  0.36727440  0.35422203  0.38055820  0.26871700  0.28035061  0.26871700  0.26296725  0.26871700  0.26871700  0.28035061  0.27451122  0.25726129  0.29814690  0.28035061  0.28623586  0.28035061  0.26296725  0.25159845  0.21849190  0.21311363  0.25159845  0.23486233  0.25159845  0.26296725  0.21849190  0.22390906  0.22390906  0.27451122  0.28035061  0.27451122  0.27451122  0.26871700  0.27451122  0.28623586  0.27451122  0.29814690  0.31637622  0.32255258  0.30417419  0.28623586  0.31025036  0.20247155  0.21311363  0.34139316  0.34778014  0.31637622  0.27451122  0.32878028  0.32878028  0.34139316  0.34778014  0.26296725  0.26296725  0.28035061  0.28035061  0.25159845  0.23486233  0.31637622  0.31637622  0.31025036  0.20777369  0.35422203  0.30417419  0.32255258  0.39408179  0.40093624  0.38728948  0.38055820  0.31025036  0.31637622  0.31025036  0.31637622  0.31025036  0.31025036  0.39408179  0.32878028  0.36727440  0.29814690  0.29814690  
36_1_0     0.08532452  0.09441677  0.00000000  0.02043753  0.31637622  0.32878028  0.09441677  0.09441677  0.17650947  0.18678659  0.24597810  0.25159845  0.22390906  0.22390906  0.36727440  0.36727440  0.36727440  0.25726129  0.26296725  0.26296725  0.26296725  0.32255258  0.25726129  0.29216771  0.29814690  0.35422203  0.39408179  0.27451122  0.28035061  0.26871700  0.32255258  0.29814690  0.29814690  0.28623586  0.26871700  0.26871700  0.25726129  0.45815377  0.42188409  0.43618196  0.31637622  0.31025036  0.30417419  0.31025036  0.30417419  0.29814690  0.29814690  0.25159845  0.34778014  0.31637622  0.34139316  0.33506018  0.32878028  0.34778014  0.33506018  0.34139316  0.32255258  0.26296725  0.29814690  0.29216771  0.29814690  0.36727440  0.36071979  0.32255258  0.32255258  0.34139316  0.30417419  0.28623586  0.31025036  0.26296725  0.25159845  0.25726129  0.33506018  0.29814690  0.29814690  0.28623586  0.29216771  0.29814690  0.28623586  0.26871700  0.26871700  0.20247155  0.18678659  0.20247155  0.21849190  0.19720666  0.31025036  0.31637622  0.31025036  0.18678659  0.21311363  0.20247155  0.20247155  0.22390906  0.22390906  0.23486233  0.21311363  0.21849190  0.21311363  0.21849190  0.21849190  0.29814690  0.30417419  0.34778014  0.34778014  0.34778014  0.26296725  0.26296725  0.23486233  0.26296725  0.25159845  0.25159845  0.24039960  0.24597810  0.25726129  0.24597810  0.24597810  0.25159845  0.24039960  0.21849190  0.19720666  0.18678659  0.31025036  0.32255258  0.34139316  0.22390906  0.23486233  0.25726129  0.24039960  0.24597810  0.23486233  0.22390906  0.22936568  0.21311363  0.24597810  0.24597810  0.24597810  0.25726129  0.25159845  0.22390906  0.17650947  0.18163041  0.20777369  0.23486233  0.24039960  0.25159845  0.18678659  0.21311363  0.20247155  0.28623586  0.29216771  0.28623586  0.27451122  0.28035061  0.29814690  0.25726129  0.24597810  0.24597810  0.26296725  0.28035061  0.26296725  0.25726129  0.28035061  0.19720666  0.21849190  0.40093624  0.39408179  0.27451122  0.24597810  0.31637622  0.30417419  0.37388686  0.38055820  0.25159845  0.25159845  0.27451122  0.26871700  0.24039960  0.22390906  0.28035061  0.28035061  0.31025036  0.20247155  0.31637622  0.28623586  0.30417419  0.36727440  0.37388686  0.36071979  0.35422203  0.28035061  0.28623586  0.28035061  0.27451122  0.26871700  0.28035061  0.36071979  0.32878028  0.36727440  0.27451122  0.27451122  
74_1_0     0.08081944  0.08985685  0.02043753  0.00000000  0.32255258  0.33506018  0.08985685  0.08985685  0.17142329  0.18163041  0.23486233  0.24039960  0.21311363  0.21311363  0.37388686  0.37388686  0.37388686  0.26296725  0.24597810  0.24597810  0.24597810  0.31637622  0.24039960  0.27451122  0.28035061  0.34778014  0.38728948  0.27451122  0.28035061  0.26871700  0.31637622  0.29216771  0.29216771  0.28035061  0.26296725  0.26296725  0.26296725  0.46562327  0.42188409  0.43618196  0.32255258  0.31637622  0.31025036  0.31637622  0.31025036  0.30417419  0.30417419  0.24597810  0.34139316  0.31025036  0.33506018  0.32878028  0.32255258  0.34139316  0.32255258  0.34139316  0.31637622  0.25726129  0.28035061  0.27451122  0.28035061  0.36071979  0.35422203  0.30417419  0.30417419  0.32255258  0.31025036  0.26871700  0.30417419  0.26871700  0.25726129  0.26296725  0.33506018  0.29814690  0.28623586  0.27451122  0.28035061  0.28623586  0.27451122  0.26871700  0.26871700  0.19197851  0.18678659  0.20247155  0.20777369  0.19720666  0.32255258  0.32878028  0.32255258  0.18163041  0.20777369  0.19720666  0.19720666  0.22936568  0.20777369  0.21849190  0.19720666  0.20247155  0.19720666  0.22390906  0.22390906  0.29216771  0.28623586  0.34139316  0.34139316  0.34139316  0.24597810  0.24597810  0.22936568  0.26871700  0.23486233  0.23486233  0.22390906  0.24039960  0.25159845  0.22936568  0.25726129  0.26296725  0.25159845  0.21311363  0.18163041  0.18163041  0.32255258  0.33506018  0.34139316  0.21849190  0.22936568  0.24039960  0.22390906  0.22936568  0.22936568  0.21849190  0.22390906  0.20777369  0.24039960  0.23486233  0.24039960  0.25159845  0.24597810  0.21311363  0.17142329  0.17650947  0.20247155  0.21849190  0.22390906  0.26871700  0.17142329  0.20777369  0.18678659  0.26871700  0.27451122  0.26871700  0.26871700  0.27451122  0.28035061  0.25159845  0.24039960  0.24039960  0.25726129  0.27451122  0.25726129  0.25159845  0.27451122  0.19197851  0.21311363  0.39408179  0.38728948  0.26871700  0.24039960  0.29814690  0.29814690  0.34139316  0.34778014  0.23486233  0.23486233  0.24597810  0.24039960  0.22390906  0.20777369  0.28623586  0.28623586  0.32255258  0.19197851  0.31025036  0.26871700  0.28623586  0.36071979  0.36727440  0.35422203  0.33506018  0.28035061  0.28623586  0.28035061  0.27451122  0.28035061  0.28035061  0.34139316  0.32255258  0.36727440  0.28035061  0.28035061  
23_1_0     0.36071979  0.37388686  0.31637622  0.32255258  0.00000000  0.00810823  0.29814690  0.27451122  0.35422203  0.36727440  0.34778014  0.34139316  0.33506018  0.33506018  0.47316799  0.47316799  0.47316799  0.40093624  0.38055820  0.40093624  0.40093624  0.40785398  0.37388686  0.39408179  0.38728948  0.43618196  0.48078946  0.39408179  0.39408179  0.38728948  0.43618196  0.41483619  0.41483619  0.40785398  0.43618196  0.42899892  0.38728948  0.55311405  0.54472446  0.55311405  0.44343453  0.43618196  0.44343453  0.44343453  0.44343453  0.43618196  0.42899892  0.38055820  0.45075800  0.44343453  0.45075800  0.41483619  0.40785398  0.41483619  0.44343453  0.48078946  0.44343453  0.38055820  0.36071979  0.38728948  0.40785398  0.40093624  0.39408179  0.42899892  0.41483619  0.42188409  0.37388686  0.40093624  0.40093624  0.31025036  0.31637622  0.31025036  0.38728948  0.39408179  0.39408179  0.37388686  0.38055820  0.37388686  0.37388686  0.39408179  0.40785398  0.32255258  0.32878028  0.32878028  0.32878028  0.33506018  0.42899892  0.43618196  0.44343453  0.40093624  0.39408179  0.40785398  0.39408179  0.35422203  0.39408179  0.39408179  0.38728948  0.39408179  0.38728948  0.42899892  0.42899892  0.36727440  0.38728948  0.40785398  0.40785398  0.40785398  0.44343453  0.44343453  0.41483619  0.47316799  0.40093624  0.40093624  0.38055820  0.44343453  0.42188409  0.41483619  0.34778014  0.34139316  0.34139316  0.34778014  0.34139316  0.40785398  0.40785398  0.42188409  0.47316799  0.38055820  0.40093624  0.40093624  0.39408179  0.40093624  0.40785398  0.39408179  0.41483619  0.38055820  0.43618196  0.41483619  0.40785398  0.41483619  0.40093624  0.39408179  0.39408179  0.38728948  0.40093624  0.38055820  0.38728948  0.44343453  0.37388686  0.37388686  0.36071979  0.40093624  0.40785398  0.40093624  0.39408179  0.40093624  0.40093624  0.41483619  0.41483619  0.41483619  0.40785398  0.40785398  0.41483619  0.38055820  0.41483619  0.42899892  0.42188409  0.51207516  0.50413041  0.48848926  0.42188409  0.45075800  0.45075800  0.40785398  0.40093624  0.38728948  0.38728948  0.38728948  0.39408179  0.39408179  0.38055820  0.42188409  0.42188409  0.44343453  0.38728948  0.45815377  0.42188409  0.42188409  0.40785398  0.48848926  0.45815377  0.44343453  0.39408179  0.40785398  0.40093624  0.39408179  0.36727440  0.38728948  0.44343453  0.51207516  0.49626902  0.40093624  0.41483619  
57_1_0     0.37388686  0.38728948  0.32878028  0.33506018  0.00810823  0.00000000  0.31025036  0.28623586  0.36727440  0.38055820  0.34778014  0.34139316  0.33506018  0.33506018  0.47316799  0.47316799  0.47316799  0.40093624  0.38055820  0.40093624  0.40093624  0.40785398  0.37388686  0.39408179  0.38728948  0.43618196  0.48078946  0.39408179  0.39408179  0.38728948  0.43618196  0.41483619  0.41483619  0.40785398  0.45075800  0.44343453  0.40093624  0.53642778  0.52822198  0.53642778  0.44343453  0.43618196  0.42899892  0.44343453  0.44343453  0.45075800  0.44343453  0.38055820  0.45075800  0.44343453  0.45075800  0.41483619  0.40785398  0.41483619  0.42899892  0.46562327  0.44343453  0.39408179  0.36071979  0.38728948  0.40785398  0.40093624  0.39408179  0.42899892  0.41483619  0.42188409  0.37388686  0.40093624  0.40093624  0.32255258  0.32878028  0.32255258  0.40093624  0.38055820  0.38055820  0.36071979  0.36727440  0.36071979  0.36071979  0.38055820  0.39408179  0.32255258  0.32878028  0.32878028  0.32878028  0.33506018  0.42899892  0.43618196  0.44343453  0.40093624  0.39408179  0.40785398  0.39408179  0.34139316  0.39408179  0.39408179  0.40093624  0.40785398  0.40093624  0.42899892  0.42899892  0.36727440  0.38728948  0.40785398  0.40785398  0.40785398  0.44343453  0.44343453  0.41483619  0.47316799  0.41483619  0.41483619  0.39408179  0.45815377  0.43618196  0.42899892  0.34778014  0.34139316  0.34139316  0.36071979  0.35422203  0.40785398  0.40785398  0.43618196  0.48848926  0.38055820  0.40093624  0.40093624  0.39408179  0.38728948  0.40785398  0.39408179  0.41483619  0.38055820  0.42899892  0.40785398  0.40093624  0.40785398  0.39408179  0.38728948  0.39408179  0.38728948  0.40093624  0.38055820  0.38728948  0.42899892  0.37388686  0.38728948  0.36071979  0.39408179  0.40093624  0.39408179  0.38728948  0.39408179  0.39408179  0.41483619  0.41483619  0.41483619  0.40785398  0.40785398  0.41483619  0.38055820  0.41483619  0.42899892  0.42188409  0.49626902  0.48848926  0.48848926  0.42188409  0.45075800  0.45075800  0.42188409  0.41483619  0.40093624  0.38728948  0.40093624  0.40785398  0.39408179  0.38055820  0.43618196  0.43618196  0.45815377  0.38728948  0.45815377  0.43618196  0.43618196  0.39408179  0.48848926  0.45815377  0.44343453  0.39408179  0.40785398  0.40093624  0.39408179  0.36727440  0.40093624  0.44343453  0.51207516  0.49626902  0.41483619  0.42899892  
87_1_0     0.12237494  0.13193108  0.09441677  0.08985685  0.29814690  0.31025036  0.00000000  0.01630518  0.14161069  0.15141700  0.18163041  0.17650947  0.18163041  0.18163041  0.33506018  0.33506018  0.33506018  0.24039960  0.21849190  0.22936568  0.22936568  0.28035061  0.21311363  0.24597810  0.25159845  0.34139316  0.39408179  0.26296725  0.26871700  0.25726129  0.26871700  0.26296725  0.26296725  0.26871700  0.24597810  0.25726129  0.26871700  0.47316799  0.43618196  0.46562327  0.28035061  0.27451122  0.28035061  0.27451122  0.27451122  0.28623586  0.28623586  0.21849190  0.35422203  0.31025036  0.33506018  0.34139316  0.33506018  0.35422203  0.36071979  0.38055820  0.30417419  0.22390906  0.27451122  0.26296725  0.26871700  0.36071979  0.35422203  0.30417419  0.30417419  0.31025036  0.27451122  0.24597810  0.29216771  0.25726129  0.24039960  0.24597810  0.31637622  0.27451122  0.26296725  0.25159845  0.26871700  0.27451122  0.26296725  0.25726129  0.23486233  0.16637141  0.15141700  0.16637141  0.17142329  0.16135337  0.27451122  0.28035061  0.27451122  0.17650947  0.20247155  0.19197851  0.19720666  0.22390906  0.19720666  0.20777369  0.20777369  0.21311363  0.20777369  0.21849190  0.21849190  0.26871700  0.24597810  0.28623586  0.28623586  0.28623586  0.26871700  0.26871700  0.25159845  0.27451122  0.20777369  0.21849190  0.19720666  0.24039960  0.25726129  0.22936568  0.25159845  0.25726129  0.24597810  0.20777369  0.18678659  0.19720666  0.29216771  0.29814690  0.34139316  0.19720666  0.21311363  0.22390906  0.20777369  0.21311363  0.22390906  0.21849190  0.23486233  0.20247155  0.24597810  0.22936568  0.23486233  0.22390906  0.21849190  0.21849190  0.17650947  0.16135337  0.20247155  0.22390906  0.22936568  0.29216771  0.15636871  0.20777369  0.19197851  0.22936568  0.23486233  0.22936568  0.24039960  0.23486233  0.25159845  0.26871700  0.25726129  0.25159845  0.26296725  0.26296725  0.26871700  0.25159845  0.26296725  0.19720666  0.20247155  0.34778014  0.34139316  0.29216771  0.25159845  0.31025036  0.29814690  0.32878028  0.33506018  0.23486233  0.23486233  0.27451122  0.26871700  0.21311363  0.22390906  0.28035061  0.28035061  0.29814690  0.15636871  0.33506018  0.26296725  0.25726129  0.33506018  0.35422203  0.32878028  0.32878028  0.26871700  0.27451122  0.25726129  0.26296725  0.26871700  0.26871700  0.32255258  0.29216771  0.32878028  0.26296725  0.26296725  
53_1_0     0.12237494  0.13193108  0.09441677  0.08985685  0.27451122  0.28623586  0.01630518  0.00000000  0.14649780  0.15636871  0.18163041  0.17650947  0.17142329  0.17142329  0.32255258  0.32255258  0.32255258  0.25159845  0.22936568  0.24039960  0.24039960  0.29216771  0.22390906  0.25726129  0.26296725  0.34139316  0.39408179  0.27451122  0.28035061  0.26871700  0.29216771  0.27451122  0.27451122  0.28035061  0.25726129  0.26871700  0.26871700  0.47316799  0.43618196  0.46562327  0.28035061  0.27451122  0.28035061  0.27451122  0.27451122  0.27451122  0.26871700  0.22936568  0.35422203  0.31025036  0.33506018  0.34139316  0.33506018  0.35422203  0.37388686  0.40785398  0.30417419  0.23486233  0.28623586  0.26296725  0.28035061  0.36071979  0.35422203  0.30417419  0.30417419  0.31025036  0.27451122  0.25726129  0.29216771  0.24597810  0.24039960  0.24597810  0.31637622  0.28623586  0.27451122  0.26296725  0.28035061  0.28623586  0.27451122  0.26871700  0.25726129  0.16637141  0.15141700  0.16637141  0.17142329  0.16135337  0.27451122  0.28035061  0.27451122  0.18678659  0.21311363  0.20247155  0.20777369  0.21311363  0.21849190  0.22936568  0.20777369  0.21311363  0.20777369  0.24039960  0.24039960  0.25159845  0.24039960  0.29216771  0.29216771  0.29216771  0.28035061  0.28035061  0.26296725  0.28623586  0.21849190  0.22936568  0.20777369  0.25159845  0.26871700  0.24039960  0.26296725  0.26871700  0.25726129  0.21849190  0.19720666  0.20777369  0.29216771  0.29814690  0.34139316  0.19720666  0.21311363  0.22390906  0.20777369  0.21311363  0.23486233  0.21849190  0.23486233  0.20247155  0.25726129  0.24039960  0.24597810  0.23486233  0.22936568  0.22936568  0.18678659  0.17142329  0.21311363  0.22390906  0.22936568  0.29216771  0.16637141  0.21849190  0.20247155  0.22936568  0.23486233  0.22936568  0.24039960  0.23486233  0.25159845  0.28035061  0.26871700  0.26296725  0.27451122  0.27451122  0.28035061  0.25159845  0.26296725  0.19720666  0.20247155  0.34778014  0.34139316  0.28035061  0.24039960  0.28623586  0.27451122  0.32878028  0.33506018  0.22390906  0.22390906  0.26296725  0.25726129  0.21849190  0.22390906  0.26871700  0.26871700  0.28623586  0.15636871  0.33506018  0.27451122  0.26871700  0.32255258  0.36071979  0.33506018  0.32878028  0.26871700  0.27451122  0.25726129  0.26296725  0.26871700  0.26871700  0.29814690  0.30417419  0.34139316  0.25159845  0.26296725  
48_1_0     0.20777369  0.20777369  0.17650947  0.17142329  0.35422203  0.36727440  0.14161069  0.14649780  0.00000000  0.00810823  0.30417419  0.31025036  0.28623586  0.28623586  0.41483619  0.41483619  0.41483619  0.32878028  0.34139316  0.34778014  0.34778014  0.38055820  0.33506018  0.36071979  0.37388686  0.41483619  0.48078946  0.36727440  0.37388686  0.37388686  0.33506018  0.33506018  0.33506018  0.35422203  0.29216771  0.32255258  0.32878028  0.55311405  0.54472446  0.56159865  0.38728948  0.38055820  0.38055820  0.39408179  0.38055820  0.40785398  0.40785398  0.32255258  0.40093624  0.37388686  0.38728948  0.39408179  0.40093624  0.40785398  0.39408179  0.40093624  0.34778014  0.32878028  0.34139316  0.37388686  0.36727440  0.38055820  0.37388686  0.38055820  0.38055820  0.37388686  0.34778014  0.34139316  0.37388686  0.29216771  0.29216771  0.29814690  0.34778014  0.38055820  0.36071979  0.36727440  0.38728948  0.38055820  0.38055820  0.38055820  0.36727440  0.26296725  0.26296725  0.28035061  0.28035061  0.27451122  0.33506018  0.34139316  0.32878028  0.26296725  0.28035061  0.28035061  0.28035061  0.31025036  0.30417419  0.31025036  0.29814690  0.30417419  0.29814690  0.31637622  0.31637622  0.32255258  0.30417419  0.32878028  0.32878028  0.32878028  0.35422203  0.35422203  0.32878028  0.33506018  0.29216771  0.29216771  0.28035061  0.34778014  0.34139316  0.32255258  0.31637622  0.31025036  0.31025036  0.28035061  0.25726129  0.29216771  0.32878028  0.32878028  0.37388686  0.30417419  0.31025036  0.28035061  0.29814690  0.30417419  0.32878028  0.29814690  0.29216771  0.29814690  0.32255258  0.30417419  0.31025036  0.29814690  0.29216771  0.30417419  0.25159845  0.25159845  0.28035061  0.28623586  0.29814690  0.35422203  0.25726129  0.27451122  0.26296725  0.34139316  0.34778014  0.34139316  0.35422203  0.34778014  0.36727440  0.32255258  0.31025036  0.33506018  0.34778014  0.36071979  0.34139316  0.29216771  0.32878028  0.26871700  0.30417419  0.38728948  0.39408179  0.33506018  0.29216771  0.30417419  0.29216771  0.36727440  0.37388686  0.29814690  0.29814690  0.33506018  0.32878028  0.29814690  0.26871700  0.35422203  0.35422203  0.36727440  0.24597810  0.36727440  0.34778014  0.31637622  0.35422203  0.40785398  0.40785398  0.40093624  0.31025036  0.31637622  0.31025036  0.31637622  0.29814690  0.32255258  0.38728948  0.31025036  0.35422203  0.31025036  0.29814690  
24_1_0     0.21849190  0.21849190  0.18678659  0.18163041  0.36727440  0.38055820  0.15141700  0.15636871  0.00810823  0.00000000  0.31637622  0.32255258  0.29814690  0.29814690  0.42899892  0.42899892  0.42899892  0.34139316  0.35422203  0.36071979  0.36071979  0.39408179  0.34778014  0.37388686  0.38728948  0.41483619  0.48078946  0.38055820  0.38728948  0.38728948  0.34139316  0.34139316  0.34139316  0.36727440  0.30417419  0.33506018  0.34139316  0.55311405  0.54472446  0.56159865  0.40093624  0.39408179  0.39408179  0.40785398  0.39408179  0.42188409  0.42188409  0.33506018  0.41483619  0.38728948  0.40093624  0.40785398  0.41483619  0.40785398  0.40785398  0.41483619  0.36071979  0.34139316  0.35422203  0.38728948  0.38055820  0.38055820  0.37388686  0.39408179  0.39408179  0.38728948  0.36071979  0.35422203  0.38728948  0.30417419  0.30417419  0.31025036  0.36071979  0.39408179  0.37388686  0.38055820  0.40093624  0.39408179  0.39408179  0.39408179  0.38055820  0.27451122  0.27451122  0.29216771  0.29216771  0.28623586  0.34778014  0.35422203  0.34139316  0.27451122  0.29216771  0.29216771  0.29216771  0.31025036  0.31637622  0.32255258  0.31025036  0.31637622  0.31025036  0.32878028  0.32878028  0.32255258  0.30417419  0.32878028  0.32878028  0.32878028  0.36727440  0.36727440  0.34139316  0.34778014  0.30417419  0.30417419  0.29216771  0.36071979  0.35422203  0.33506018  0.31637622  0.31025036  0.31025036  0.29216771  0.26871700  0.30417419  0.34139316  0.34139316  0.37388686  0.31637622  0.32255258  0.29216771  0.31025036  0.31637622  0.34139316  0.31025036  0.30417419  0.31025036  0.33506018  0.31637622  0.32255258  0.31025036  0.30417419  0.31637622  0.26296725  0.26296725  0.28623586  0.29814690  0.31025036  0.36727440  0.26871700  0.28623586  0.27451122  0.35422203  0.36071979  0.35422203  0.36727440  0.36071979  0.38055820  0.33506018  0.32255258  0.34778014  0.36071979  0.37388686  0.35422203  0.29216771  0.32878028  0.26871700  0.30417419  0.38728948  0.39408179  0.32878028  0.28623586  0.29814690  0.28623586  0.36071979  0.36727440  0.29814690  0.29814690  0.33506018  0.32878028  0.31025036  0.28035061  0.35422203  0.35422203  0.37388686  0.25726129  0.38055820  0.36071979  0.32878028  0.36727440  0.42188409  0.42188409  0.41483619  0.32255258  0.32878028  0.32255258  0.32878028  0.31025036  0.33506018  0.40093624  0.32255258  0.36727440  0.32255258  0.31025036  
56_1_0     0.28035061  0.28623586  0.24597810  0.23486233  0.34778014  0.34778014  0.18163041  0.18163041  0.30417419  0.31637622  0.00000000  0.02043753  0.02459280  0.02459280  0.20777369  0.20777369  0.20777369  0.14161069  0.15141700  0.17142329  0.17142329  0.22936568  0.14649780  0.16637141  0.16135337  0.25726129  0.29216771  0.18163041  0.18678659  0.17650947  0.19197851  0.17650947  0.17650947  0.15636871  0.17650947  0.17650947  0.18678659  0.47316799  0.42899892  0.45815377  0.18163041  0.17650947  0.19197851  0.17650947  0.17650947  0.17650947  0.18678659  0.13193108  0.24039960  0.22390906  0.22390906  0.24039960  0.23486233  0.25159845  0.25726129  0.30417419  0.19720666  0.14649780  0.21311363  0.19197851  0.17650947  0.29814690  0.30417419  0.22390906  0.23486233  0.24039960  0.21311363  0.17650947  0.21849190  0.17650947  0.16135337  0.16637141  0.26296725  0.20777369  0.20777369  0.18678659  0.20247155  0.20777369  0.19720666  0.20247155  0.17142329  0.09441677  0.08985685  0.10362072  0.11293915  0.09900461  0.36727440  0.39408179  0.34139316  0.21311363  0.24039960  0.21849190  0.23486233  0.27451122  0.24039960  0.25159845  0.25726129  0.26296725  0.25726129  0.26296725  0.26296725  0.31025036  0.26871700  0.29814690  0.29814690  0.29814690  0.29216771  0.29216771  0.27451122  0.31025036  0.24039960  0.24039960  0.20777369  0.25159845  0.26871700  0.26296725  0.29216771  0.29814690  0.28623586  0.24039960  0.21849190  0.24039960  0.30417419  0.33506018  0.34139316  0.22390906  0.22936568  0.22936568  0.23486233  0.24039960  0.24039960  0.22390906  0.25159845  0.20777369  0.26871700  0.25159845  0.25726129  0.27451122  0.27451122  0.26296725  0.19720666  0.19197851  0.22390906  0.22390906  0.22936568  0.34139316  0.18163041  0.24039960  0.20777369  0.25726129  0.26296725  0.25726129  0.25726129  0.25159845  0.25726129  0.31637622  0.30417419  0.32255258  0.32255258  0.32255258  0.32878028  0.30417419  0.32255258  0.25159845  0.26871700  0.37388686  0.36727440  0.35422203  0.31025036  0.33506018  0.32878028  0.37388686  0.36727440  0.25726129  0.24597810  0.31025036  0.30417419  0.26296725  0.24597810  0.31637622  0.31637622  0.37388686  0.18678659  0.30417419  0.27451122  0.26871700  0.33506018  0.37388686  0.36071979  0.33506018  0.28035061  0.28623586  0.29216771  0.29814690  0.31025036  0.31637622  0.36727440  0.32255258  0.37388686  0.25159845  0.25159845  
68_1_0     0.28623586  0.29216771  0.25159845  0.24039960  0.34139316  0.34139316  0.17650947  0.17650947  0.31025036  0.32255258  0.02043753  0.00000000  0.03719870  0.03719870  0.22936568  0.22936568  0.22936568  0.14649780  0.15636871  0.17650947  0.17650947  0.23486233  0.15141700  0.17142329  0.16637141  0.26296725  0.29814690  0.18678659  0.19197851  0.18163041  0.18678659  0.17142329  0.17142329  0.17142329  0.19197851  0.19197851  0.20247155  0.46562327  0.43618196  0.43618196  0.18678659  0.19197851  0.19720666  0.19197851  0.19197851  0.19197851  0.20247155  0.13675526  0.23486233  0.21849190  0.21849190  0.23486233  0.22936568  0.24597810  0.26296725  0.31025036  0.19197851  0.14161069  0.20777369  0.18678659  0.17142329  0.29814690  0.30417419  0.22936568  0.24039960  0.24597810  0.20777369  0.16135337  0.22390906  0.18163041  0.16637141  0.17142329  0.25159845  0.20247155  0.20247155  0.18163041  0.19720666  0.20247155  0.19197851  0.20777369  0.17650947  0.10826545  0.09441677  0.10826545  0.11764219  0.10362072  0.34139316  0.36727440  0.32878028  0.22936568  0.24597810  0.23486233  0.25159845  0.28035061  0.22390906  0.23486233  0.25159845  0.25726129  0.25159845  0.25726129  0.25726129  0.30417419  0.26296725  0.29216771  0.29216771  0.29216771  0.31025036  0.31025036  0.29216771  0.32878028  0.23486233  0.24597810  0.21311363  0.24597810  0.28623586  0.26871700  0.29814690  0.30417419  0.29216771  0.24597810  0.22390906  0.24597810  0.32255258  0.35422203  0.36071979  0.21849190  0.22390906  0.23486233  0.22936568  0.23486233  0.24597810  0.22936568  0.25726129  0.21311363  0.27451122  0.25726129  0.26296725  0.28035061  0.28035061  0.25726129  0.20247155  0.19720666  0.22936568  0.22936568  0.23486233  0.34778014  0.17650947  0.24597810  0.21311363  0.26296725  0.26871700  0.26296725  0.26296725  0.25726129  0.26296725  0.31025036  0.29814690  0.30417419  0.30417419  0.30417419  0.31025036  0.29814690  0.30417419  0.23486233  0.25159845  0.36727440  0.36071979  0.34778014  0.29216771  0.32878028  0.32255258  0.35422203  0.34778014  0.24039960  0.22936568  0.29216771  0.28623586  0.24597810  0.24039960  0.28623586  0.28623586  0.36727440  0.18163041  0.29814690  0.25726129  0.25159845  0.31637622  0.34139316  0.34139316  0.31637622  0.27451122  0.28035061  0.27451122  0.28035061  0.30417419  0.29814690  0.36727440  0.32878028  0.38055820  0.25726129  0.25726129  
9_1_0      0.26871700  0.27451122  0.22390906  0.21311363  0.33506018  0.33506018  0.18163041  0.17142329  0.28623586  0.29814690  0.02459280  0.03719870  0.00000000  0.00000000  0.20247155  0.20247155  0.20247155  0.15141700  0.16135337  0.17142329  0.17142329  0.24039960  0.15636871  0.16637141  0.17142329  0.25726129  0.28035061  0.19197851  0.19720666  0.18678659  0.18163041  0.16637141  0.16637141  0.17650947  0.19720666  0.19720666  0.19720666  0.45815377  0.44343453  0.44343453  0.18163041  0.17650947  0.17142329  0.17650947  0.17650947  0.17650947  0.18678659  0.14161069  0.24039960  0.23486233  0.23486233  0.25159845  0.24597810  0.26296725  0.25726129  0.30417419  0.20777369  0.15636871  0.22390906  0.20247155  0.18678659  0.28623586  0.29216771  0.21311363  0.22390906  0.22936568  0.21311363  0.17650947  0.21849190  0.16637141  0.15141700  0.15636871  0.28623586  0.21849190  0.21849190  0.19720666  0.20777369  0.21849190  0.20777369  0.22390906  0.17142329  0.09441677  0.08985685  0.10362072  0.11293915  0.09900461  0.35422203  0.38055820  0.32878028  0.20247155  0.22936568  0.20777369  0.22390906  0.27451122  0.25159845  0.26296725  0.23486233  0.24039960  0.23486233  0.25159845  0.25159845  0.29814690  0.25726129  0.29814690  0.29814690  0.29814690  0.28035061  0.28035061  0.26296725  0.29814690  0.22936568  0.22936568  0.19720666  0.24039960  0.24597810  0.24039960  0.28035061  0.28623586  0.27451122  0.21849190  0.19720666  0.22936568  0.28035061  0.31025036  0.32878028  0.21311363  0.21849190  0.22936568  0.22390906  0.22936568  0.24039960  0.21311363  0.24039960  0.19720666  0.24597810  0.22936568  0.23486233  0.25159845  0.25159845  0.24039960  0.17650947  0.18163041  0.20247155  0.20247155  0.20777369  0.32878028  0.16135337  0.21849190  0.18678659  0.25726129  0.26296725  0.25726129  0.25726129  0.25159845  0.25726129  0.30417419  0.29216771  0.31025036  0.31025036  0.31025036  0.31637622  0.29216771  0.31025036  0.22936568  0.25726129  0.38728948  0.38055820  0.34139316  0.29814690  0.31025036  0.30417419  0.37388686  0.36727440  0.24039960  0.23486233  0.29814690  0.29216771  0.26296725  0.24597810  0.31637622  0.31637622  0.37388686  0.17650947  0.29216771  0.27451122  0.26871700  0.32255258  0.35422203  0.35422203  0.31025036  0.25726129  0.26296725  0.26871700  0.27451122  0.28623586  0.29216771  0.38055820  0.32255258  0.40093624  0.25159845  0.25159845  
34_1_0     0.26871700  0.27451122  0.22390906  0.21311363  0.33506018  0.33506018  0.18163041  0.17142329  0.28623586  0.29814690  0.02459280  0.03719870  0.00000000  0.00000000  0.20247155  0.20247155  0.20247155  0.15141700  0.16135337  0.17142329  0.17142329  0.24039960  0.15636871  0.16637141  0.17142329  0.25726129  0.28035061  0.19197851  0.19720666  0.18678659  0.18163041  0.16637141  0.16637141  0.17650947  0.19720666  0.19720666  0.19720666  0.45815377  0.44343453  0.44343453  0.18163041  0.17650947  0.17142329  0.17650947  0.17650947  0.17650947  0.18678659  0.14161069  0.24039960  0.23486233  0.23486233  0.25159845  0.24597810  0.26296725  0.25726129  0.30417419  0.20777369  0.15636871  0.22390906  0.20247155  0.18678659  0.28623586  0.29216771  0.21311363  0.22390906  0.22936568  0.21311363  0.17650947  0.21849190  0.16637141  0.15141700  0.15636871  0.28623586  0.21849190  0.21849190  0.19720666  0.20777369  0.21849190  0.20777369  0.22390906  0.17142329  0.09441677  0.08985685  0.10362072  0.11293915  0.09900461  0.35422203  0.38055820  0.32878028  0.20247155  0.22936568  0.20777369  0.22390906  0.27451122  0.25159845  0.26296725  0.23486233  0.24039960  0.23486233  0.25159845  0.25159845  0.29814690  0.25726129  0.29814690  0.29814690  0.29814690  0.28035061  0.28035061  0.26296725  0.29814690  0.22936568  0.22936568  0.19720666  0.24039960  0.24597810  0.24039960  0.28035061  0.28623586  0.27451122  0.21849190  0.19720666  0.22936568  0.28035061  0.31025036  0.32878028  0.21311363  0.21849190  0.22936568  0.22390906  0.22936568  0.24039960  0.21311363  0.24039960  0.19720666  0.24597810  0.22936568  0.23486233  0.25159845  0.25159845  0.24039960  0.17650947  0.18163041  0.20247155  0.20247155  0.20777369  0.32878028  0.16135337  0.21849190  0.18678659  0.25726129  0.26296725  0.25726129  0.25726129  0.25159845  0.25726129  0.30417419  0.29216771  0.31025036  0.31025036  0.31025036  0.31637622  0.29216771  0.31025036  0.22936568  0.25726129  0.38728948  0.38055820  0.34139316  0.29814690  0.31025036  0.30417419  0.37388686  0.36727440  0.24039960  0.23486233  0.29814690  0.29216771  0.26296725  0.24597810  0.31637622  0.31637622  0.37388686  0.17650947  0.29216771  0.27451122  0.26871700  0.32255258  0.35422203  0.35422203  0.31025036  0.25726129  0.26296725  0.26871700  0.27451122  0.28623586  0.29216771  0.38055820  0.32255258  0.40093624  0.25159845  0.25159845  
21_1_0     0.38055820  0.37388686  0.36727440  0.37388686  0.47316799  0.47316799  0.33506018  0.32255258  0.41483619  0.42899892  0.20777369  0.22936568  0.20247155  0.20247155  0.00000000  0.00000000  0.00000000  0.25726129  0.30417419  0.31637622  0.31637622  0.34778014  0.31025036  0.34139316  0.33506018  0.36727440  0.40093624  0.31637622  0.31025036  0.31025036  0.32255258  0.32255258  0.32255258  0.29216771  0.32255258  0.30417419  0.32255258  0.49626902  0.52010507  0.50413041  0.32878028  0.32255258  0.32878028  0.32255258  0.31025036  0.28623586  0.29814690  0.27451122  0.38055820  0.38728948  0.38728948  0.40785398  0.40093624  0.42188409  0.40093624  0.40093624  0.35422203  0.28623586  0.32255258  0.32878028  0.31025036  0.39408179  0.40093624  0.34139316  0.34778014  0.32878028  0.34778014  0.31637622  0.31025036  0.29814690  0.30417419  0.29814690  0.43618196  0.34778014  0.34778014  0.33506018  0.34139316  0.33506018  0.33506018  0.36071979  0.29814690  0.24597810  0.23486233  0.21849190  0.24039960  0.24039960  0.50413041  0.50413041  0.47316799  0.34778014  0.34778014  0.35422203  0.34778014  0.38728948  0.38055820  0.39408179  0.36727440  0.37388686  0.36727440  0.39408179  0.39408179  0.47316799  0.40785398  0.46562327  0.46562327  0.46562327  0.42188409  0.42188409  0.41483619  0.44343453  0.36727440  0.34139316  0.32255258  0.38055820  0.38728948  0.38055820  0.36727440  0.37388686  0.37388686  0.34778014  0.32878028  0.32878028  0.38055820  0.39408179  0.41483619  0.34778014  0.35422203  0.35422203  0.36727440  0.36727440  0.36727440  0.33506018  0.34778014  0.32878028  0.39408179  0.38728948  0.38055820  0.37388686  0.36727440  0.37388686  0.32255258  0.31025036  0.36071979  0.33506018  0.35422203  0.38728948  0.32255258  0.32878028  0.33506018  0.37388686  0.38055820  0.37388686  0.36071979  0.35422203  0.34778014  0.35422203  0.35422203  0.41483619  0.40093624  0.40785398  0.40785398  0.40093624  0.42899892  0.32255258  0.36071979  0.45815377  0.46562327  0.40785398  0.38055820  0.39408179  0.40093624  0.45815377  0.45075800  0.36071979  0.35422203  0.39408179  0.38728948  0.36071979  0.36071979  0.40785398  0.40785398  0.41483619  0.31025036  0.42899892  0.44343453  0.44343453  0.41483619  0.48078946  0.48078946  0.42899892  0.34778014  0.35422203  0.34778014  0.35422203  0.37388686  0.36727440  0.49626902  0.45075800  0.48848926  0.38728948  0.38728948  
64_1_0     0.38055820  0.37388686  0.36727440  0.37388686  0.47316799  0.47316799  0.33506018  0.32255258  0.41483619  0.42899892  0.20777369  0.22936568  0.20247155  0.20247155  0.00000000  0.00000000  0.00000000  0.25726129  0.30417419  0.31637622  0.31637622  0.34778014  0.31025036  0.34139316  0.33506018  0.36727440  0.40093624  0.31637622  0.31025036  0.31025036  0.32255258  0.32255258  0.32255258  0.29216771  0.32255258  0.30417419  0.32255258  0.49626902  0.52010507  0.50413041  0.32878028  0.32255258  0.32878028  0.32255258  0.31025036  0.28623586  0.29814690  0.27451122  0.38055820  0.38728948  0.38728948  0.40785398  0.40093624  0.42188409  0.40093624  0.40093624  0.35422203  0.28623586  0.32255258  0.32878028  0.31025036  0.39408179  0.40093624  0.34139316  0.34778014  0.32878028  0.34778014  0.31637622  0.31025036  0.29814690  0.30417419  0.29814690  0.43618196  0.34778014  0.34778014  0.33506018  0.34139316  0.33506018  0.33506018  0.36071979  0.29814690  0.24597810  0.23486233  0.21849190  0.24039960  0.24039960  0.50413041  0.50413041  0.47316799  0.34778014  0.34778014  0.35422203  0.34778014  0.38728948  0.38055820  0.39408179  0.36727440  0.37388686  0.36727440  0.39408179  0.39408179  0.47316799  0.40785398  0.46562327  0.46562327  0.46562327  0.42188409  0.42188409  0.41483619  0.44343453  0.36727440  0.34139316  0.32255258  0.38055820  0.38728948  0.38055820  0.36727440  0.37388686  0.37388686  0.34778014  0.32878028  0.32878028  0.38055820  0.39408179  0.41483619  0.34778014  0.35422203  0.35422203  0.36727440  0.36727440  0.36727440  0.33506018  0.34778014  0.32878028  0.39408179  0.38728948  0.38055820  0.37388686  0.36727440  0.37388686  0.32255258  0.31025036  0.36071979  0.33506018  0.35422203  0.38728948  0.32255258  0.32878028  0.33506018  0.37388686  0.38055820  0.37388686  0.36071979  0.35422203  0.34778014  0.35422203  0.35422203  0.41483619  0.40093624  0.40785398  0.40785398  0.40093624  0.42899892  0.32255258  0.36071979  0.45815377  0.46562327  0.40785398  0.38055820  0.39408179  0.40093624  0.45815377  0.45075800  0.36071979  0.35422203  0.39408179  0.38728948  0.36071979  0.36071979  0.40785398  0.40785398  0.41483619  0.31025036  0.42899892  0.44343453  0.44343453  0.41483619  0.48078946  0.48078946  0.42899892  0.34778014  0.35422203  0.34778014  0.35422203  0.37388686  0.36727440  0.49626902  0.45075800  0.48848926  0.38728948  0.38728948  
