132
12_6_0     0.00000000  0.20193430  0.25927489  0.37044373  0.33006474  0.25927489  0.30853965  0.29175485  0.30853965  0.33444512  0.33885131  0.29591587  0.33444512  0.33444512  0.32570987  0.33006474  0.26726358  0.28761687  0.28761687  0.23966874  0.42295381  0.42791547  0.37044373  0.38440290  0.29175485  0.33444512  0.37044373  0.38440290  0.33444512  0.34774235  0.34774235  0.34328361  0.33885131  0.36584799  0.36584799  0.33885131  0.32138021  0.35674037  0.36584799  0.36584799  0.37506790  0.35674037  0.38440290  0.55809204  0.29591587  0.33006474  0.26325857  0.25137064  0.34774235  0.36128032  0.44300109  0.45322994  0.45839732  0.43793866  0.47411722  0.49017468  0.48478379  0.47411722  0.48478379  0.47943148  0.44809803  0.45839732  0.44809803  0.43793866  0.45322994  0.45839732  0.45322994  0.45839732  0.45839732  0.49560471  0.50107447  0.50107447  0.46360066  0.45839732  0.47411722  0.46884045  0.46884045  0.51213548  0.51213548  0.54052571  0.51213548  0.50107447  0.51772795  0.49017468  0.51213548  0.50658452  0.49017468  0.49560471  0.49560471  0.49017468  0.54633542  0.49017468  0.47411722  0.48478379  0.47411722  0.55219063  0.49560471  0.48478379  0.47411722  0.47411722  0.45322994  0.47943148  0.49017468  0.49017468  0.46884045  0.39862761  0.44809803  0.39385592  0.42295381  0.50107447  0.40826334  0.49017468  0.49560471  0.48478379  0.42295381  0.41802485  0.42791547  0.44300109  0.41312817  0.42295381  0.47411722  0.38440290  0.37972083  0.37506790  0.37506790  0.37044373  0.36128032  0.37044373  0.33444512  0.37506790  0.37506790  0.35222783  
9_6_0      0.20193430  0.00000000  0.13509577  0.34328361  0.28350165  0.20193430  0.23196798  0.25927489  0.20193430  0.20933039  0.21305605  0.22434572  0.31279539  0.30430800  0.30430800  0.30010016  0.17660927  0.19461064  0.20562320  0.13509577  0.33885131  0.33885131  0.27129016  0.31707548  0.20933039  0.29591587  0.29175485  0.27940896  0.25531232  0.27533854  0.30010016  0.27940896  0.27533854  0.31279539  0.31279539  0.26726358  0.26726358  0.31707548  0.30853965  0.30853965  0.30853965  0.29591587  0.34774235  0.53476078  0.23196798  0.27533854  0.20933039  0.14867914  0.25531232  0.25927489  0.35222783  0.36128032  0.37506790  0.37044373  0.36584799  0.38440290  0.37044373  0.38911447  0.39385592  0.37972083  0.42791547  0.43793866  0.44809803  0.43793866  0.39862761  0.41312817  0.40826334  0.41312817  0.41312817  0.44300109  0.45322994  0.45322994  0.41802485  0.41312817  0.42791547  0.42295381  0.42295381  0.43793866  0.45839732  0.47411722  0.43793866  0.43793866  0.44300109  0.44809803  0.44809803  0.45322994  0.43793866  0.42295381  0.43291027  0.42791547  0.43793866  0.42791547  0.42295381  0.42295381  0.42295381  0.48478379  0.43291027  0.42295381  0.42295381  0.42295381  0.41312817  0.42295381  0.38440290  0.40826334  0.32138021  0.32138021  0.37506790  0.36128032  0.32138021  0.39385592  0.30430800  0.38440290  0.41802485  0.40826334  0.31279539  0.31279539  0.32570987  0.33006474  0.34328361  0.36128032  0.44809803  0.33885131  0.33444512  0.32138021  0.27940896  0.26726358  0.25137064  0.28350165  0.26325857  0.27129016  0.27129016  0.25531232  
9_1_0      0.25927489  0.13509577  0.00000000  0.33885131  0.30010016  0.20933039  0.24744962  0.25137064  0.20193430  0.21680037  0.22056353  0.21680037  0.27940896  0.27129016  0.27940896  0.30010016  0.18375790  0.19461064  0.20193430  0.14867914  0.34328361  0.36128032  0.24744962  0.28761687  0.20933039  0.30010016  0.28350165  0.25531232  0.24744962  0.25137064  0.26726358  0.25531232  0.26726358  0.29175485  0.28350165  0.27129016  0.27129016  0.32138021  0.32138021  0.32138021  0.32138021  0.29175485  0.31707548  0.55219063  0.25927489  0.25927489  0.20193430  0.15211389  0.25531232  0.25927489  0.37044373  0.37044373  0.37506790  0.37972083  0.38911447  0.39385592  0.37972083  0.37044373  0.38911447  0.38911447  0.43793866  0.44809803  0.44300109  0.45839732  0.41802485  0.40826334  0.40342996  0.40826334  0.40826334  0.40826334  0.41802485  0.41802485  0.41312817  0.39862761  0.40342996  0.39862761  0.39862761  0.38440290  0.45322994  0.43793866  0.39862761  0.39862761  0.41312817  0.39385592  0.40342996  0.41312817  0.39385592  0.38911447  0.38911447  0.38440290  0.40342996  0.40342996  0.39862761  0.38911447  0.39862761  0.45322994  0.40826334  0.38440290  0.40342996  0.40342996  0.40826334  0.42295381  0.40342996  0.43291027  0.35674037  0.33006474  0.41312817  0.36128032  0.34774235  0.41312817  0.32138021  0.41312817  0.44300109  0.37506790  0.35222783  0.31707548  0.31707548  0.33006474  0.37044373  0.36584799  0.49017468  0.32138021  0.31707548  0.31279539  0.27129016  0.28350165  0.27533854  0.29175485  0.30430800  0.28761687  0.28761687  0.27129016  
2_1_0      0.37044373  0.34328361  0.33885131  0.00000000  0.13173814  0.29175485  0.33444512  0.34328361  0.38911447  0.35222783  0.35222783  0.37044373  0.40826334  0.41312817  0.41312817  0.43291027  0.30853965  0.33006474  0.31279539  0.30010016  0.46884045  0.49560471  0.39862761  0.42791547  0.39385592  0.43793866  0.37506790  0.39385592  0.36128032  0.38440290  0.37972083  0.39385592  0.40342996  0.40342996  0.39862761  0.36584799  0.39385592  0.45839732  0.44809803  0.44809803  0.44809803  0.39862761  0.39862761  0.57608097  0.41802485  0.40342996  0.36584799  0.37506790  0.38440290  0.38911447  0.50658452  0.50107447  0.51213548  0.48478379  0.45322994  0.49017468  0.46884045  0.53476078  0.57608097  0.49560471  0.50658452  0.50658452  0.52336257  0.50658452  0.49560471  0.54633542  0.54633542  0.55219063  0.54633542  0.57608097  0.57608097  0.57608097  0.55219063  0.55809204  0.52336257  0.52903996  0.52903996  0.46360066  0.45839732  0.49017468  0.51772795  0.52336257  0.51213548  0.50107447  0.51213548  0.50107447  0.45839732  0.44300109  0.48478379  0.49017468  0.57003645  0.53476078  0.55219063  0.58831860  0.52903996  0.54633542  0.52336257  0.49560471  0.51772795  0.51772795  0.51213548  0.49017468  0.46884045  0.48478379  0.44300109  0.42295381  0.54633542  0.46884045  0.44300109  0.48478379  0.41802485  0.52336257  0.53476078  0.45322994  0.44809803  0.43291027  0.44300109  0.42791547  0.49560471  0.48478379  0.57003645  0.40826334  0.40342996  0.37972083  0.42295381  0.43793866  0.39862761  0.42791547  0.46884045  0.41312817  0.41312817  0.43291027  
15_1_0     0.33006474  0.28350165  0.30010016  0.13173814  0.00000000  0.26726358  0.30853965  0.30010016  0.30430800  0.32138021  0.32138021  0.31279539  0.37044373  0.37044373  0.37972083  0.36584799  0.26325857  0.29591587  0.26325857  0.24354906  0.45839732  0.45322994  0.37044373  0.38440290  0.31279539  0.36128032  0.33885131  0.32138021  0.31707548  0.37506790  0.39385592  0.37972083  0.38440290  0.34774235  0.34774235  0.31707548  0.34328361  0.41312817  0.37972083  0.37972083  0.38911447  0.34774235  0.38440290  0.56404040  0.33006474  0.35222783  0.28350165  0.26325857  0.33885131  0.34328361  0.43793866  0.44300109  0.44809803  0.41802485  0.39862761  0.43793866  0.41802485  0.43793866  0.50107447  0.44300109  0.46360066  0.47411722  0.45839732  0.48478379  0.47411722  0.46360066  0.46360066  0.46884045  0.46360066  0.46884045  0.46884045  0.46884045  0.45839732  0.46360066  0.45839732  0.45322994  0.45322994  0.42791547  0.45322994  0.44300109  0.43793866  0.43291027  0.44300109  0.44300109  0.45322994  0.44300109  0.41312817  0.37972083  0.42791547  0.43291027  0.46884045  0.44300109  0.45839732  0.47943148  0.43793866  0.44809803  0.44809803  0.43291027  0.45322994  0.45322994  0.51772795  0.47943148  0.43291027  0.41312817  0.43793866  0.39385592  0.49560471  0.43793866  0.44300109  0.48478379  0.39862761  0.44300109  0.46360066  0.46360066  0.41802485  0.39385592  0.42295381  0.42791547  0.43793866  0.46360066  0.51772795  0.41802485  0.41312817  0.38911447  0.38440290  0.36128032  0.34328361  0.37972083  0.38440290  0.35674037  0.35674037  0.36584799  
5_1_0      0.25927489  0.20193430  0.20933039  0.29175485  0.26726358  0.00000000  0.09258019  0.09576617  0.19097553  0.20562320  0.20933039  0.19826350  0.26726358  0.25927489  0.25137064  0.27533854  0.15556448  0.15211389  0.18375790  0.16952833  0.32570987  0.33444512  0.26726358  0.27533854  0.19097553  0.27129016  0.27940896  0.26726358  0.23580845  0.27129016  0.27129016  0.28350165  0.27940896  0.28761687  0.28350165  0.23580845  0.23580845  0.28350165  0.29175485  0.29175485  0.29175485  0.25531232  0.27940896  0.46884045  0.23966874  0.24744962  0.20933039  0.17306042  0.26325857  0.26726358  0.35674037  0.36584799  0.37972083  0.34328361  0.36128032  0.38440290  0.36584799  0.38440290  0.46360066  0.37506790  0.40342996  0.41312817  0.40826334  0.42295381  0.41312817  0.38440290  0.37972083  0.38440290  0.38440290  0.38440290  0.38440290  0.38440290  0.37044373  0.36584799  0.37044373  0.36584799  0.36584799  0.42791547  0.45322994  0.41802485  0.42791547  0.41802485  0.43291027  0.39385592  0.39385592  0.39385592  0.39385592  0.40826334  0.39862761  0.39385592  0.44809803  0.40826334  0.37972083  0.38911447  0.37972083  0.42791547  0.40342996  0.38911447  0.38911447  0.37972083  0.42295381  0.43291027  0.40342996  0.41802485  0.32570987  0.30010016  0.40826334  0.37044373  0.34774235  0.49560471  0.30430800  0.37506790  0.45322994  0.33444512  0.33006474  0.30853965  0.33006474  0.34774235  0.34328361  0.37506790  0.49017468  0.32570987  0.32138021  0.30853965  0.30430800  0.31707548  0.28761687  0.27129016  0.32570987  0.27533854  0.27533854  0.29175485  
7_1_0      0.30853965  0.23196798  0.24744962  0.33444512  0.30853965  0.09258019  0.00000000  0.18017504  0.22434572  0.25137064  0.25531232  0.25137064  0.30010016  0.29175485  0.28350165  0.29591587  0.20933039  0.19097553  0.22056353  0.21305605  0.33885131  0.35674037  0.30853965  0.31279539  0.22056353  0.30430800  0.28350165  0.27940896  0.24744962  0.26726358  0.26726358  0.27129016  0.26726358  0.30853965  0.30430800  0.24744962  0.25531232  0.31707548  0.30853965  0.30853965  0.30853965  0.25927489  0.29175485  0.45839732  0.28761687  0.24744962  0.23196798  0.21305605  0.32138021  0.32570987  0.41312817  0.42295381  0.43793866  0.40826334  0.39862761  0.43793866  0.42791547  0.40342996  0.48478379  0.42791547  0.45839732  0.46884045  0.45839732  0.47943148  0.44809803  0.42295381  0.41802485  0.41312817  0.42295381  0.40342996  0.41312817  0.41312817  0.39862761  0.39385592  0.39862761  0.39385592  0.39385592  0.43291027  0.44809803  0.45322994  0.41312817  0.41312817  0.41802485  0.40342996  0.40342996  0.40342996  0.40342996  0.38911447  0.40826334  0.40342996  0.45322994  0.37972083  0.39385592  0.39385592  0.39385592  0.41312817  0.40342996  0.39385592  0.38440290  0.38440290  0.46360066  0.45322994  0.45839732  0.42791547  0.34774235  0.36584799  0.50107447  0.39385592  0.38911447  0.49560471  0.36128032  0.39862761  0.51772795  0.39385592  0.36584799  0.35674037  0.36128032  0.36584799  0.37506790  0.41802485  0.51772795  0.37972083  0.38440290  0.36584799  0.32570987  0.33885131  0.33444512  0.32570987  0.34328361  0.33885131  0.33885131  0.33885131  
17_1_0     0.29175485  0.25927489  0.25137064  0.34328361  0.30010016  0.09576617  0.18017504  0.00000000  0.27533854  0.28350165  0.28761687  0.28350165  0.30430800  0.28761687  0.28761687  0.27940896  0.22814714  0.23196798  0.24354906  0.23580845  0.38440290  0.41312817  0.29175485  0.28761687  0.25927489  0.31279539  0.29591587  0.31707548  0.27533854  0.31279539  0.31279539  0.31707548  0.32138021  0.30853965  0.30430800  0.27533854  0.29175485  0.33444512  0.33444512  0.33444512  0.33444512  0.29591587  0.33885131  0.56404040  0.30010016  0.29591587  0.27533854  0.23966874  0.33006474  0.33444512  0.39385592  0.39385592  0.40826334  0.35674037  0.37972083  0.42791547  0.42791547  0.42791547  0.49560471  0.42791547  0.41802485  0.43291027  0.41802485  0.44300109  0.44300109  0.41312817  0.40826334  0.41312817  0.41312817  0.41312817  0.41312817  0.41312817  0.40826334  0.39385592  0.39862761  0.39385592  0.39385592  0.45839732  0.47943148  0.43793866  0.47943148  0.46884045  0.49560471  0.42295381  0.44300109  0.45322994  0.44300109  0.45839732  0.42791547  0.41312817  0.49017468  0.42295381  0.40342996  0.42295381  0.39385592  0.46360066  0.42791547  0.41312817  0.43291027  0.43291027  0.45322994  0.45322994  0.43291027  0.42791547  0.39862761  0.35222783  0.42295381  0.42295381  0.41312817  0.55219063  0.35674037  0.39862761  0.46884045  0.39862761  0.38440290  0.37044373  0.38440290  0.39385592  0.40826334  0.41802485  0.53476078  0.37044373  0.36584799  0.37044373  0.37506790  0.38911447  0.36584799  0.33885131  0.40342996  0.34328361  0.34328361  0.35222783  
6_1_0      0.30853965  0.20193430  0.20193430  0.38911447  0.30430800  0.19097553  0.22434572  0.27533854  0.00000000  0.12175475  0.12506776  0.10864756  0.20933039  0.20193430  0.19461064  0.22056353  0.12506776  0.13509577  0.21680037  0.17306042  0.35222783  0.37044373  0.30010016  0.32570987  0.20933039  0.27129016  0.27129016  0.24744962  0.23580845  0.29175485  0.29175485  0.28761687  0.29175485  0.29175485  0.30010016  0.25137064  0.25927489  0.30853965  0.30853965  0.30853965  0.30853965  0.27129016  0.31707548  0.55219063  0.26325857  0.26325857  0.21680037  0.18375790  0.26726358  0.27129016  0.36584799  0.37506790  0.38911447  0.38911447  0.37972083  0.40342996  0.38440290  0.41802485  0.44300109  0.37972083  0.43793866  0.44809803  0.42791547  0.45839732  0.42791547  0.45839732  0.45322994  0.44809803  0.45839732  0.45839732  0.45839732  0.45839732  0.43291027  0.42791547  0.44300109  0.43793866  0.43793866  0.45322994  0.53476078  0.51772795  0.47943148  0.47943148  0.48478379  0.48478379  0.46360066  0.46360066  0.46360066  0.44809803  0.46884045  0.46360066  0.45839732  0.42295381  0.40826334  0.40826334  0.40826334  0.45322994  0.42295381  0.41802485  0.41802485  0.40826334  0.45322994  0.47411722  0.39862761  0.40342996  0.38911447  0.34328361  0.42791547  0.36128032  0.35674037  0.42295381  0.34774235  0.41802485  0.44300109  0.39862761  0.35222783  0.31707548  0.34774235  0.34328361  0.37044373  0.37972083  0.45839732  0.34328361  0.33885131  0.34328361  0.31707548  0.29591587  0.28761687  0.29591587  0.30853965  0.28350165  0.28350165  0.29175485  
11_1_0     0.33444512  0.20933039  0.21680037  0.35222783  0.32138021  0.20562320  0.25137064  0.28350165  0.12175475  0.00000000  0.00281428  0.09576617  0.22056353  0.21305605  0.20562320  0.22434572  0.12506776  0.14185661  0.20933039  0.18375790  0.33006474  0.36584799  0.31279539  0.33006474  0.22814714  0.30853965  0.30430800  0.27940896  0.25137064  0.29175485  0.28350165  0.27940896  0.29175485  0.30853965  0.30853965  0.27129016  0.27940896  0.33006474  0.32138021  0.32138021  0.32138021  0.26325857  0.33006474  0.61981858  0.28350165  0.28350165  0.23196798  0.20562320  0.29591587  0.30010016  0.41802485  0.41802485  0.41312817  0.41312817  0.43291027  0.37506790  0.35674037  0.39862761  0.45839732  0.37044373  0.44300109  0.45322994  0.45322994  0.46884045  0.44300109  0.47411722  0.46884045  0.46360066  0.47411722  0.47411722  0.48478379  0.48478379  0.43793866  0.43291027  0.44809803  0.44300109  0.44300109  0.47411722  0.54052571  0.51213548  0.47943148  0.47943148  0.49560471  0.49017468  0.46884045  0.46360066  0.45839732  0.44300109  0.47411722  0.46884045  0.45322994  0.47411722  0.45322994  0.45322994  0.46360066  0.53476078  0.47411722  0.45839732  0.45839732  0.44809803  0.50107447  0.50107447  0.44809803  0.46360066  0.39385592  0.34774235  0.48478379  0.39385592  0.36584799  0.46360066  0.35222783  0.42295381  0.45839732  0.44300109  0.34328361  0.32138021  0.36128032  0.35674037  0.40342996  0.41802485  0.49560471  0.37044373  0.37506790  0.34328361  0.31707548  0.31279539  0.29591587  0.30430800  0.33006474  0.30010016  0.30010016  0.30010016  
11_4_0     0.33885131  0.21305605  0.22056353  0.35222783  0.32138021  0.20933039  0.25531232  0.28761687  0.12506776  0.00281428  0.00000000  0.09896577  0.21680037  0.20933039  0.20193430  0.22056353  0.12839551  0.14526010  0.20562320  0.18017504  0.33444512  0.37044373  0.30853965  0.32570987  0.23196798  0.31279539  0.30430800  0.27940896  0.25137064  0.29175485  0.28350165  0.27940896  0.29175485  0.30853965  0.30853965  0.27129016  0.27940896  0.33006474  0.32138021  0.32138021  0.32138021  0.26325857  0.33006474  0.61981858  0.28761687  0.28761687  0.23580845  0.20193430  0.29175485  0.29591587  0.41312817  0.41312817  0.40826334  0.41802485  0.42791547  0.37044373  0.35222783  0.39385592  0.46360066  0.37506790  0.44809803  0.44809803  0.44809803  0.46360066  0.43793866  0.46884045  0.47411722  0.46884045  0.46884045  0.47943148  0.49017468  0.49017468  0.44300109  0.43793866  0.45322994  0.44809803  0.44809803  0.46884045  0.53476078  0.50658452  0.47411722  0.47411722  0.49017468  0.48478379  0.46360066  0.45839732  0.45322994  0.43793866  0.46884045  0.46360066  0.44809803  0.46884045  0.44809803  0.44809803  0.45839732  0.52903996  0.46884045  0.45322994  0.45322994  0.44300109  0.49560471  0.49560471  0.44300109  0.45839732  0.39862761  0.35222783  0.49017468  0.39862761  0.36128032  0.45839732  0.35674037  0.41802485  0.46360066  0.43793866  0.34774235  0.32570987  0.36584799  0.36128032  0.40826334  0.41312817  0.50107447  0.36584799  0.37044373  0.33885131  0.32138021  0.31707548  0.30010016  0.30853965  0.32570987  0.30430800  0.30430800  0.30430800  
3_1_0      0.29591587  0.22434572  0.21680037  0.37044373  0.31279539  0.19826350  0.25137064  0.28350165  0.10864756  0.09576617  0.09896577  0.00000000  0.21305605  0.20562320  0.19826350  0.22814714  0.12506776  0.13173814  0.20562320  0.19461064  0.35222783  0.37972083  0.30010016  0.32570987  0.20193430  0.30010016  0.29591587  0.27129016  0.24354906  0.30010016  0.29175485  0.28761687  0.29175485  0.31707548  0.31707548  0.26726358  0.26726358  0.32138021  0.33006474  0.33006474  0.33006474  0.27940896  0.33444512  0.55219063  0.26726358  0.27129016  0.23966874  0.19826350  0.25927489  0.27129016  0.40342996  0.41312817  0.41802485  0.38911447  0.40826334  0.38440290  0.36584799  0.38440290  0.43793866  0.37044373  0.42295381  0.42295381  0.41312817  0.42791547  0.40342996  0.43793866  0.42295381  0.41802485  0.42791547  0.44809803  0.45839732  0.45839732  0.41312817  0.40826334  0.41312817  0.40826334  0.40826334  0.43793866  0.47411722  0.47411722  0.43793866  0.42791547  0.43291027  0.44300109  0.43291027  0.42791547  0.43291027  0.42791547  0.42791547  0.43291027  0.41802485  0.41312817  0.39862761  0.40826334  0.40826334  0.45839732  0.42295381  0.40826334  0.39862761  0.38911447  0.44300109  0.47411722  0.39385592  0.40342996  0.37506790  0.32570987  0.43793866  0.38440290  0.33006474  0.41802485  0.33444512  0.45839732  0.43793866  0.41312817  0.33444512  0.31707548  0.34774235  0.34328361  0.38440290  0.38911447  0.49017468  0.34328361  0.33885131  0.30853965  0.30010016  0.28761687  0.27940896  0.27940896  0.30430800  0.27533854  0.27533854  0.26726358  
14_1_0     0.33444512  0.31279539  0.27940896  0.40826334  0.37044373  0.26726358  0.30010016  0.30430800  0.20933039  0.22056353  0.21680037  0.21305605  0.00000000  0.01132122  0.01704676  0.15211389  0.18017504  0.19826350  0.24354906  0.23580845  0.37972083  0.39385592  0.37044373  0.33885131  0.29175485  0.33006474  0.34328361  0.32138021  0.31279539  0.34774235  0.34774235  0.33444512  0.34774235  0.34774235  0.34774235  0.33006474  0.32138021  0.35222783  0.37506790  0.37506790  0.36584799  0.33444512  0.37972083  0.57608097  0.31279539  0.30853965  0.25137064  0.24744962  0.28761687  0.29175485  0.38911447  0.37972083  0.37506790  0.38911447  0.40342996  0.38911447  0.38911447  0.39385592  0.43793866  0.38440290  0.40342996  0.40342996  0.40826334  0.39385592  0.40342996  0.41802485  0.43291027  0.42791547  0.42791547  0.45322994  0.46360066  0.46360066  0.43291027  0.42791547  0.44300109  0.43793866  0.43793866  0.41802485  0.46884045  0.43793866  0.40826334  0.41802485  0.41312817  0.41802485  0.40826334  0.39385592  0.38911447  0.40342996  0.39385592  0.38911447  0.41312817  0.39862761  0.38911447  0.39862761  0.37972083  0.50658452  0.39385592  0.37972083  0.38911447  0.38911447  0.43291027  0.43793866  0.44809803  0.42295381  0.37044373  0.35674037  0.44300109  0.40342996  0.36128032  0.46884045  0.35222783  0.43793866  0.42791547  0.37506790  0.38911447  0.36128032  0.39385592  0.38911447  0.43793866  0.37506790  0.50107447  0.40826334  0.40342996  0.37972083  0.33885131  0.33444512  0.33006474  0.32570987  0.37506790  0.31279539  0.31279539  0.32138021  
1_1_0      0.33444512  0.30430800  0.27129016  0.41312817  0.37044373  0.25927489  0.29175485  0.28761687  0.20193430  0.21305605  0.20933039  0.20562320  0.01132122  0.00000000  0.00563919  0.15903108  0.18017504  0.19097553  0.23580845  0.22814714  0.37972083  0.39385592  0.36128032  0.34328361  0.28350165  0.32138021  0.33444512  0.31707548  0.30430800  0.33885131  0.33885131  0.32570987  0.33885131  0.33006474  0.33006474  0.31279539  0.30430800  0.34328361  0.36128032  0.36128032  0.35222783  0.32570987  0.37972083  0.57003645  0.31279539  0.31707548  0.25137064  0.23966874  0.28761687  0.29175485  0.37972083  0.37044373  0.37506790  0.38911447  0.40342996  0.38911447  0.38911447  0.39385592  0.43793866  0.38440290  0.42295381  0.42295381  0.42791547  0.41312817  0.42295381  0.42791547  0.44300109  0.43793866  0.43793866  0.45322994  0.46360066  0.46360066  0.44300109  0.42791547  0.45322994  0.44809803  0.44809803  0.42791547  0.46884045  0.44809803  0.42791547  0.43793866  0.43291027  0.41802485  0.40826334  0.41312817  0.40826334  0.42295381  0.40342996  0.39862761  0.41312817  0.39862761  0.38911447  0.39862761  0.37972083  0.50658452  0.39385592  0.37972083  0.38911447  0.38911447  0.44300109  0.44300109  0.44809803  0.43291027  0.37044373  0.36584799  0.45322994  0.40342996  0.37044373  0.47411722  0.36128032  0.42791547  0.44809803  0.38440290  0.38911447  0.37044373  0.40342996  0.40826334  0.44809803  0.39385592  0.49017468  0.40826334  0.40342996  0.37972083  0.34774235  0.34328361  0.33885131  0.34328361  0.38440290  0.33006474  0.33006474  0.33885131  
16_1_0     0.32570987  0.30430800  0.27940896  0.41312817  0.37972083  0.25137064  0.28350165  0.28761687  0.19461064  0.20562320  0.20193430  0.19826350  0.01704676  0.00563919  0.00000000  0.15211389  0.17306042  0.18375790  0.23196798  0.22814714  0.38911447  0.40342996  0.36128032  0.34328361  0.28350165  0.32138021  0.32570987  0.31707548  0.29591587  0.33006474  0.33006474  0.31707548  0.33006474  0.33006474  0.33006474  0.30430800  0.29591587  0.33444512  0.36128032  0.36128032  0.35222783  0.31707548  0.37044373  0.57003645  0.31279539  0.30853965  0.25137064  0.23966874  0.29591587  0.30010016  0.38911447  0.37972083  0.38440290  0.39862761  0.41312817  0.38911447  0.38911447  0.40342996  0.43793866  0.37506790  0.42295381  0.42295381  0.42791547  0.41312817  0.42295381  0.43793866  0.45322994  0.44809803  0.44809803  0.46360066  0.47411722  0.47411722  0.45322994  0.43793866  0.46360066  0.45839732  0.45839732  0.43793866  0.47943148  0.45839732  0.43793866  0.44809803  0.44300109  0.42791547  0.41802485  0.42295381  0.41802485  0.43291027  0.41312817  0.40826334  0.40826334  0.40826334  0.39862761  0.40826334  0.38911447  0.51772795  0.40342996  0.38911447  0.38911447  0.38911447  0.45322994  0.45322994  0.43793866  0.43291027  0.37044373  0.36584799  0.45322994  0.39385592  0.37044373  0.47411722  0.36128032  0.42791547  0.44809803  0.37506790  0.38911447  0.37044373  0.40342996  0.39862761  0.45839732  0.39385592  0.50107447  0.40826334  0.40342996  0.37972083  0.33885131  0.33444512  0.33006474  0.33444512  0.37506790  0.32138021  0.32138021  0.33006474  
4_1_0      0.33006474  0.30010016  0.30010016  0.43291027  0.36584799  0.27533854  0.29591587  0.27940896  0.22056353  0.22434572  0.22056353  0.22814714  0.15211389  0.15903108  0.15211389  0.00000000  0.20193430  0.22056353  0.25531232  0.24354906  0.38911447  0.40826334  0.38440290  0.38911447  0.30430800  0.33885131  0.35222783  0.33444512  0.31707548  0.37506790  0.37044373  0.36128032  0.37506790  0.38911447  0.38911447  0.32138021  0.32138021  0.37044373  0.40826334  0.40826334  0.40342996  0.33006474  0.37506790  0.58831860  0.36584799  0.30430800  0.28350165  0.27129016  0.28350165  0.28761687  0.38440290  0.37506790  0.37044373  0.40342996  0.39862761  0.37972083  0.37506790  0.38911447  0.46360066  0.36128032  0.42791547  0.42791547  0.40826334  0.44809803  0.43793866  0.48478379  0.49017468  0.48478379  0.48478379  0.49560471  0.50658452  0.50658452  0.47943148  0.47411722  0.49017468  0.48478379  0.48478379  0.49560471  0.52903996  0.50107447  0.46884045  0.46884045  0.48478379  0.44809803  0.44300109  0.43793866  0.43291027  0.44809803  0.44809803  0.44300109  0.41802485  0.41802485  0.42791547  0.44809803  0.41802485  0.50107447  0.43793866  0.43793866  0.42295381  0.42295381  0.46884045  0.46360066  0.44300109  0.43793866  0.43291027  0.40342996  0.51213548  0.42295381  0.40342996  0.47411722  0.39385592  0.43291027  0.45322994  0.43793866  0.39385592  0.35674037  0.39385592  0.36584799  0.46360066  0.42791547  0.53476078  0.41312817  0.40826334  0.39385592  0.35674037  0.34328361  0.32138021  0.33885131  0.32570987  0.32570987  0.32570987  0.32570987  
10_1_0     0.26726358  0.17660927  0.18375790  0.30853965  0.26325857  0.15556448  0.20933039  0.22814714  0.12506776  0.12506776  0.12839551  0.12506776  0.18017504  0.18017504  0.17306042  0.20193430  0.00000000  0.07374424  0.16601285  0.13509577  0.32138021  0.35674037  0.25927489  0.28761687  0.20562320  0.26726358  0.26325857  0.24744962  0.22434572  0.27129016  0.27129016  0.26726358  0.27129016  0.28761687  0.28761687  0.22814714  0.23580845  0.30010016  0.30853965  0.30853965  0.30853965  0.24354906  0.30010016  0.55219063  0.24354906  0.25137064  0.17660927  0.15903108  0.23196798  0.23580845  0.34774235  0.34774235  0.35222783  0.36128032  0.37044373  0.35222783  0.33444512  0.37506790  0.41802485  0.34774235  0.38440290  0.40342996  0.39385592  0.41312817  0.41802485  0.42295381  0.42791547  0.43291027  0.43291027  0.44809803  0.45322994  0.45322994  0.42791547  0.42295381  0.41802485  0.41312817  0.41312817  0.42791547  0.51213548  0.47943148  0.43793866  0.43793866  0.44300109  0.44300109  0.42295381  0.40342996  0.40342996  0.40826334  0.41802485  0.41312817  0.42295381  0.42295381  0.41802485  0.42791547  0.41802485  0.50658452  0.44300109  0.42791547  0.41802485  0.41802485  0.45839732  0.42791547  0.40342996  0.42791547  0.33444512  0.29591587  0.42295381  0.33885131  0.33444512  0.39862761  0.30010016  0.38440290  0.42791547  0.36584799  0.32138021  0.31279539  0.32138021  0.31707548  0.37044373  0.37506790  0.47411722  0.35674037  0.35222783  0.32570987  0.27940896  0.28350165  0.23580845  0.24354906  0.31707548  0.23966874  0.23966874  0.23966874  
13_1_0     0.28761687  0.19461064  0.19461064  0.33006474  0.29591587  0.15211389  0.19097553  0.23196798  0.13509577  0.14185661  0.14526010  0.13173814  0.19826350  0.19097553  0.18375790  0.22056353  0.07374424  0.00000000  0.14867914  0.14526010  0.32138021  0.36128032  0.25531232  0.29175485  0.20933039  0.26325857  0.29591587  0.27940896  0.24354906  0.28350165  0.28350165  0.27940896  0.27533854  0.28350165  0.27940896  0.24744962  0.24744962  0.32138021  0.35222783  0.35222783  0.35222783  0.26726358  0.31279539  0.57608097  0.24354906  0.25927489  0.20933039  0.17660927  0.25137064  0.25531232  0.36128032  0.35222783  0.36584799  0.35674037  0.36584799  0.35674037  0.33885131  0.37044373  0.40826334  0.35674037  0.43793866  0.43793866  0.41802485  0.43793866  0.43291027  0.38440290  0.37972083  0.38440290  0.38440290  0.37972083  0.38440290  0.38440290  0.37044373  0.36584799  0.37044373  0.36584799  0.36584799  0.44809803  0.45839732  0.43793866  0.41802485  0.41802485  0.42295381  0.40342996  0.40342996  0.40342996  0.38440290  0.38440290  0.38911447  0.38440290  0.40342996  0.38440290  0.39862761  0.39862761  0.39862761  0.44300109  0.41312817  0.39862761  0.38911447  0.38911447  0.43793866  0.42791547  0.43291027  0.42791547  0.33444512  0.31279539  0.43793866  0.34774235  0.34328361  0.42791547  0.31707548  0.41312817  0.45839732  0.37506790  0.33885131  0.30430800  0.32138021  0.33444512  0.36128032  0.36584799  0.46884045  0.34328361  0.33885131  0.32138021  0.26726358  0.26726358  0.25137064  0.25927489  0.31707548  0.26325857  0.26325857  0.26325857  
8_2_0      0.28761687  0.20562320  0.20193430  0.31279539  0.26325857  0.18375790  0.22056353  0.24354906  0.21680037  0.20933039  0.20562320  0.20562320  0.24354906  0.23580845  0.23196798  0.25531232  0.16601285  0.14867914  0.00000000  0.17660927  0.35674037  0.34774235  0.30430800  0.31279539  0.22814714  0.31279539  0.25531232  0.25927489  0.22814714  0.26325857  0.27129016  0.26726358  0.26325857  0.26325857  0.25927489  0.23196798  0.23196798  0.28761687  0.30853965  0.30853965  0.30853965  0.25927489  0.29175485  0.50107447  0.26325857  0.30853965  0.22814714  0.20193430  0.27940896  0.28350165  0.39385592  0.38440290  0.39862761  0.37972083  0.37044373  0.38911447  0.37044373  0.38911447  0.49017468  0.39862761  0.49017468  0.47943148  0.47411722  0.45839732  0.44809803  0.43291027  0.42791547  0.43291027  0.42295381  0.42295381  0.42295381  0.42295381  0.41802485  0.42295381  0.41802485  0.41312817  0.41312817  0.44300109  0.47411722  0.45839732  0.42295381  0.42791547  0.43793866  0.42791547  0.41802485  0.41802485  0.40826334  0.43291027  0.41312817  0.42791547  0.42295381  0.42295381  0.40342996  0.40342996  0.40342996  0.44300109  0.42295381  0.42295381  0.39385592  0.39385592  0.46884045  0.42295381  0.40826334  0.46360066  0.33444512  0.33444512  0.44300109  0.36128032  0.39385592  0.48478379  0.34774235  0.42295381  0.43291027  0.38911447  0.37044373  0.33006474  0.37972083  0.33444512  0.38440290  0.40342996  0.46884045  0.33006474  0.33444512  0.31707548  0.30010016  0.30430800  0.27129016  0.28761687  0.29175485  0.25927489  0.25927489  0.27533854  
8_1_0      0.23966874  0.13509577  0.14867914  0.30010016  0.24354906  0.16952833  0.21305605  0.23580845  0.17306042  0.18375790  0.18017504  0.19461064  0.23580845  0.22814714  0.22814714  0.24354906  0.13509577  0.14526010  0.17660927  0.00000000  0.31279539  0.35674037  0.27129016  0.30430800  0.20933039  0.27533854  0.26325857  0.25927489  0.22434572  0.25531232  0.26325857  0.25927489  0.24744962  0.28350165  0.27940896  0.23966874  0.23966874  0.28761687  0.30010016  0.30010016  0.30853965  0.25927489  0.27533854  0.57003645  0.24354906  0.24354906  0.18375790  0.14867914  0.24744962  0.25137064  0.35674037  0.34774235  0.36128032  0.36584799  0.37506790  0.39385592  0.37506790  0.39862761  0.43291027  0.38911447  0.43793866  0.43793866  0.41802485  0.45839732  0.41802485  0.43793866  0.44300109  0.44809803  0.43793866  0.42295381  0.43291027  0.43291027  0.42791547  0.42295381  0.44809803  0.44300109  0.44300109  0.41802485  0.46884045  0.44300109  0.42791547  0.42791547  0.43291027  0.42295381  0.42295381  0.42295381  0.40826334  0.40342996  0.42791547  0.42295381  0.43291027  0.40342996  0.41802485  0.41312817  0.40826334  0.44300109  0.42791547  0.40826334  0.42791547  0.42791547  0.43291027  0.44300109  0.42295381  0.40826334  0.35222783  0.30853965  0.40826334  0.35222783  0.33006474  0.41312817  0.29591587  0.37044373  0.43793866  0.40826334  0.32570987  0.31707548  0.32138021  0.35222783  0.38440290  0.36584799  0.47943148  0.31707548  0.31279539  0.29175485  0.29591587  0.28350165  0.27533854  0.30010016  0.29175485  0.29591587  0.29591587  0.28761687  
2_0_0      0.42295381  0.33885131  0.34328361  0.46884045  0.45839732  0.32570987  0.33885131  0.38440290  0.35222783  0.33006474  0.33444512  0.35222783  0.37972083  0.37972083  0.38911447  0.38911447  0.32138021  0.32138021  0.35674037  0.31279539  0.00000000  0.04039764  0.39385592  0.39385592  0.31279539  0.31279539  0.36128032  0.35222783  0.33885131  0.39385592  0.40342996  0.40826334  0.37972083  0.42295381  0.41312817  0.34774235  0.34774235  0.38440290  0.38440290  0.38440290  0.38440290  0.37044373  0.39385592  0.58217475  0.39385592  0.38911447  0.32570987  0.35222783  0.36128032  0.36584799  0.49560471  0.46360066  0.45839732  0.45839732  0.44809803  0.44809803  0.42791547  0.45839732  0.51772795  0.43793866  0.48478379  0.50107447  0.49017468  0.50107447  0.50107447  0.47943148  0.47411722  0.47943148  0.47943148  0.49017468  0.50107447  0.50107447  0.48478379  0.47943148  0.50107447  0.49560471  0.49560471  0.47411722  0.47943148  0.47943148  0.50107447  0.52336257  0.49560471  0.46360066  0.45839732  0.44809803  0.45839732  0.45839732  0.46884045  0.46360066  0.49017468  0.45839732  0.46884045  0.47411722  0.46360066  0.47411722  0.46884045  0.44300109  0.46360066  0.45322994  0.50658452  0.49017468  0.50107447  0.52336257  0.42295381  0.38911447  0.45839732  0.41802485  0.44300109  0.47411722  0.40826334  0.46884045  0.43291027  0.52336257  0.43793866  0.45839732  0.44300109  0.49017468  0.43291027  0.45839732  0.58217475  0.43291027  0.43793866  0.42295381  0.37044373  0.37506790  0.36584799  0.38911447  0.39862761  0.37972083  0.37972083  0.37506790  
15_0_0     0.42791547  0.33885131  0.36128032  0.49560471  0.45322994  0.33444512  0.35674037  0.41312817  0.37044373  0.36584799  0.37044373  0.37972083  0.39385592  0.39385592  0.40342996  0.40826334  0.35674037  0.36128032  0.34774235  0.35674037  0.04039764  0.00000000  0.41312817  0.39862761  0.31279539  0.33006474  0.37044373  0.35222783  0.35674037  0.39862761  0.40826334  0.41312817  0.39385592  0.44809803  0.44300109  0.36128032  0.37044373  0.38911447  0.38911447  0.38911447  0.38911447  0.38440290  0.42791547  0.55809204  0.41312817  0.41802485  0.34328361  0.36128032  0.35674037  0.35222783  0.46884045  0.45839732  0.45322994  0.44300109  0.43291027  0.45322994  0.43291027  0.45322994  0.51213548  0.44300109  0.50107447  0.50658452  0.50107447  0.49560471  0.51213548  0.47943148  0.46884045  0.47411722  0.47411722  0.50658452  0.50658452  0.50658452  0.47943148  0.47411722  0.49560471  0.49017468  0.49017468  0.47411722  0.49017468  0.49017468  0.49017468  0.51213548  0.48478379  0.46360066  0.45839732  0.44809803  0.46884045  0.46884045  0.46884045  0.47411722  0.47943148  0.46884045  0.46360066  0.46884045  0.45839732  0.46360066  0.46360066  0.44809803  0.45839732  0.44809803  0.49560471  0.48478379  0.47411722  0.49560471  0.42295381  0.40826334  0.45839732  0.42791547  0.47943148  0.51772795  0.42791547  0.47411722  0.42295381  0.52903996  0.43793866  0.43291027  0.43793866  0.46884045  0.44300109  0.44809803  0.57608097  0.42791547  0.43291027  0.42791547  0.37972083  0.38440290  0.37506790  0.40826334  0.40826334  0.38911447  0.38911447  0.37506790  
5_0_0      0.37044373  0.27129016  0.24744962  0.39862761  0.37044373  0.26726358  0.30853965  0.29175485  0.30010016  0.31279539  0.30853965  0.30010016  0.37044373  0.36128032  0.36128032  0.38440290  0.25927489  0.25531232  0.30430800  0.27129016  0.39385592  0.41312817  0.00000000  0.11190288  0.20193430  0.26325857  0.30430800  0.29175485  0.26726358  0.31279539  0.30430800  0.31707548  0.31279539  0.29591587  0.29175485  0.27533854  0.27940896  0.33444512  0.30853965  0.30853965  0.30853965  0.28761687  0.29591587  0.54633542  0.28350165  0.29591587  0.30010016  0.24354906  0.35674037  0.36128032  0.43793866  0.43793866  0.45322994  0.45322994  0.47943148  0.42791547  0.42791547  0.43291027  0.50107447  0.45322994  0.51213548  0.50107447  0.47411722  0.50107447  0.46884045  0.45839732  0.46360066  0.46884045  0.45839732  0.47411722  0.48478379  0.48478379  0.47943148  0.46360066  0.45839732  0.46360066  0.46360066  0.43793866  0.50658452  0.45839732  0.43793866  0.43793866  0.43291027  0.44300109  0.44809803  0.45322994  0.44300109  0.44300109  0.43793866  0.42295381  0.45839732  0.42295381  0.43793866  0.42791547  0.42791547  0.45322994  0.44300109  0.43793866  0.44809803  0.44809803  0.41312817  0.46884045  0.50658452  0.51772795  0.44300109  0.43793866  0.44300109  0.46884045  0.42791547  0.50107447  0.41802485  0.44809803  0.54052571  0.44300109  0.41802485  0.39862761  0.40342996  0.42295381  0.45839732  0.46360066  0.56404040  0.43291027  0.42791547  0.40342996  0.37972083  0.38440290  0.37972083  0.37972083  0.39862761  0.36584799  0.36584799  0.36584799  
7_0_0      0.38440290  0.31707548  0.28761687  0.42791547  0.38440290  0.27533854  0.31279539  0.28761687  0.32570987  0.33006474  0.32570987  0.32570987  0.33885131  0.34328361  0.34328361  0.38911447  0.28761687  0.29175485  0.31279539  0.30430800  0.39385592  0.39862761  0.11190288  0.00000000  0.22814714  0.27129016  0.31707548  0.28350165  0.27129016  0.30010016  0.29175485  0.30430800  0.30010016  0.30853965  0.30430800  0.28761687  0.31707548  0.34328361  0.30430800  0.30430800  0.31279539  0.29591587  0.30853965  0.55809204  0.29175485  0.31707548  0.29591587  0.25137064  0.37044373  0.37506790  0.46884045  0.47943148  0.49017468  0.46360066  0.48478379  0.41802485  0.42791547  0.42791547  0.51213548  0.45839732  0.50107447  0.49017468  0.47411722  0.49017468  0.48478379  0.41312817  0.42791547  0.43291027  0.42295381  0.43291027  0.44300109  0.44300109  0.43793866  0.42295381  0.41802485  0.41312817  0.41312817  0.44300109  0.49017468  0.44300109  0.42295381  0.42295381  0.42791547  0.42791547  0.45839732  0.44809803  0.44809803  0.45839732  0.43291027  0.41802485  0.44300109  0.42791547  0.39862761  0.41802485  0.39862761  0.41312817  0.42295381  0.41802485  0.41802485  0.41802485  0.39385592  0.47411722  0.52336257  0.51213548  0.46360066  0.45839732  0.45322994  0.45322994  0.49017468  0.58831860  0.43793866  0.45322994  0.48478379  0.48478379  0.43793866  0.42295381  0.41802485  0.43291027  0.49017468  0.42295381  0.54052571  0.41312817  0.41312817  0.40342996  0.35222783  0.36584799  0.38911447  0.36584799  0.42791547  0.36584799  0.36584799  0.36584799  
17_0_0     0.29175485  0.20933039  0.20933039  0.39385592  0.31279539  0.19097553  0.22056353  0.25927489  0.20933039  0.22814714  0.23196798  0.20193430  0.29175485  0.28350165  0.28350165  0.30430800  0.20562320  0.20933039  0.22814714  0.20933039  0.31279539  0.31279539  0.20193430  0.22814714  0.00000000  0.13173814  0.23580845  0.24354906  0.19461064  0.24354906  0.24354906  0.23966874  0.24354906  0.23966874  0.23966874  0.19461064  0.20562320  0.27129016  0.27129016  0.27129016  0.27129016  0.22056353  0.26726358  0.53476078  0.23196798  0.23966874  0.19826350  0.17306042  0.26726358  0.26325857  0.36128032  0.37044373  0.38440290  0.35222783  0.36128032  0.39385592  0.38440290  0.36584799  0.45839732  0.38440290  0.44300109  0.44300109  0.42791547  0.46360066  0.42295381  0.39385592  0.38911447  0.38440290  0.39385592  0.38440290  0.39385592  0.39385592  0.37972083  0.37506790  0.37972083  0.37506790  0.37506790  0.41802485  0.46884045  0.40826334  0.38911447  0.38911447  0.39385592  0.41312817  0.40342996  0.40342996  0.40342996  0.41802485  0.40826334  0.40342996  0.42295381  0.37506790  0.37044373  0.36128032  0.37044373  0.40826334  0.40342996  0.38911447  0.39862761  0.38911447  0.39385592  0.41802485  0.41802485  0.42295381  0.32570987  0.32138021  0.41312817  0.35674037  0.32570987  0.40826334  0.29591587  0.37972083  0.43291027  0.40342996  0.31279539  0.30010016  0.28761687  0.32570987  0.33444512  0.35222783  0.44300109  0.38911447  0.39385592  0.36128032  0.33444512  0.31279539  0.30430800  0.29591587  0.32138021  0.29175485  0.29175485  0.29175485  
