201
1_0_0      0.00000000  0.21828863  0.20038607  0.20928352  0.20928352  0.22740403  0.21828863  0.20928352  0.21828863  0.21828863  0.22740403  0.21828863  0.22740403  0.25543990  0.19159373  0.21828863  0.22740403  0.21828863  0.24597677  0.27473495  0.21828863  0.21828863  0.23663247  0.27473495  0.23663247  0.24597677  0.28457337  0.29454360  0.28457337  0.21828863  0.20928352  0.20928352  0.26502490  0.20038607  0.25543990  0.26502490  0.25543990  0.23663247  0.21828863  0.24597677  0.22740403  0.20038607  0.19159373  0.21828863  0.18290405  0.23663247  0.23663247  0.21828863  0.22740403  0.24597677  0.21828863  0.22740403  0.23663247  0.22740403  0.20928352  0.22740403  0.21828863  0.20928352  0.20928352  0.23663247  0.25543990  0.21828863  0.22740403  0.24597677  0.24597677  0.24597677  0.22740403  0.22740403  0.20038607  0.22740403  0.24597677  0.26502490  0.23663247  0.23663247  0.24597677  0.21828863  0.21828863  0.21828863  0.20928352  0.19159373  0.19159373  0.20038607  0.20038607  0.19159373  0.22740403  0.22740403  0.19159373  0.22740403  0.22740403  0.21828863  0.21828863  0.22740403  0.20928352  0.20928352  0.22740403  0.20038607  0.18290405  0.19159373  0.20928352  0.20928352  0.20038607  0.20038607  0.19159373  0.25543990  0.26502490  0.18290405  0.23663247  0.24597677  0.24597677  0.24597677  0.26502490  0.24597677  0.25543990  0.26502490  0.24597677  0.26502490  0.25543990  0.26502490  0.22740403  0.23663247  0.24597677  0.26502490  0.26502490  0.25543990  0.24597677  0.24597677  0.22740403  0.28457337  0.26502490  0.23663247  0.23663247  0.23663247  0.20928352  0.17431467  0.17431467  0.20038607  0.20928352  0.22740403  0.21828863  0.26502490  0.27473495  0.25543990  0.28457337  0.24597677  0.24597677  0.24597677  0.25543990  0.26502490  0.26502490  0.19159373  0.20038607  0.23663247  0.19159373  0.22740403  0.21828863  0.22740403  0.20928352  0.23663247  0.24597677  0.22740403  0.22740403  0.22740403  0.21828863  0.20038607  0.20038607  0.21828863  0.20928352  0.20038607  0.20928352  0.20038607  0.20038607  0.20038607  0.21828863  0.19159373  0.19159373  0.17431467  0.18290405  0.20928352  0.19159373  0.19159373  0.20038607  0.20928352  0.22740403  0.20928352  0.21828863  0.17431467  0.17431467  0.19159373  0.21828863  0.23663247  0.22740403  0.24597677  0.20928352  0.21828863  0.20928352  0.23663247  0.28457337  0.25543990  0.25543990  0.24597677  0.25543990  
42_0_0     0.21828863  0.00000000  0.02055143  0.11681419  0.11681419  0.10116969  0.09346906  0.07083399  0.08584729  0.07830278  0.10895083  0.10895083  0.10116969  0.09346906  0.11681419  0.13279463  0.07083399  0.09346906  0.10116969  0.14912575  0.13279463  0.11681419  0.11681419  0.19159373  0.14091540  0.18290405  0.17431467  0.19159373  0.19159373  0.18290405  0.18290405  0.18290405  0.20038607  0.17431467  0.20928352  0.18290405  0.20928352  0.19159373  0.19159373  0.21828863  0.16582328  0.18290405  0.18290405  0.21828863  0.20038607  0.16582328  0.16582328  0.16582328  0.16582328  0.17431467  0.15742769  0.16582328  0.17431467  0.16582328  0.14912575  0.20038607  0.21828863  0.19159373  0.19159373  0.19159373  0.19159373  0.17431467  0.17431467  0.20928352  0.20928352  0.17431467  0.22740403  0.21828863  0.18290405  0.18290405  0.18290405  0.20038607  0.20928352  0.20928352  0.22740403  0.21828863  0.21828863  0.21828863  0.20038607  0.24597677  0.24597677  0.26502490  0.26502490  0.23663247  0.24597677  0.23663247  0.22740403  0.27473495  0.24597677  0.26502490  0.26502490  0.28457337  0.25543990  0.23663247  0.24597677  0.24597677  0.24597677  0.23663247  0.23663247  0.23663247  0.24597677  0.25543990  0.24597677  0.19159373  0.20928352  0.16582328  0.19159373  0.25543990  0.26502490  0.25543990  0.26502490  0.28457337  0.28457337  0.27473495  0.28457337  0.26502490  0.28457337  0.28457337  0.25543990  0.23663247  0.29454360  0.25543990  0.24597677  0.29454360  0.26502490  0.27473495  0.26502490  0.23663247  0.22740403  0.20038607  0.22740403  0.20928352  0.25543990  0.24597677  0.20038607  0.22740403  0.23663247  0.22740403  0.23663247  0.25543990  0.24597677  0.27473495  0.26502490  0.25543990  0.25543990  0.26502490  0.27473495  0.27473495  0.23663247  0.18290405  0.24597677  0.23663247  0.24597677  0.21828863  0.20928352  0.22740403  0.22740403  0.23663247  0.22740403  0.21828863  0.21828863  0.21828863  0.23663247  0.21828863  0.21828863  0.22740403  0.21828863  0.21828863  0.20928352  0.21828863  0.22740403  0.23663247  0.21828863  0.23663247  0.23663247  0.22740403  0.22740403  0.19159373  0.21828863  0.20928352  0.21828863  0.23663247  0.26502490  0.20038607  0.20928352  0.23663247  0.23663247  0.21828863  0.24597677  0.29454360  0.29454360  0.28457337  0.25543990  0.20038607  0.21828863  0.21828863  0.21828863  0.22740403  0.24597677  0.20038607  0.19159373  
48_0_0     0.20038607  0.02055143  0.00000000  0.10116969  0.10116969  0.08584729  0.07830278  0.05611758  0.07083399  0.07083399  0.09346906  0.10116969  0.09346906  0.08584729  0.10116969  0.10895083  0.06343941  0.07830278  0.10895083  0.14912575  0.15742769  0.14091540  0.12476152  0.20038607  0.16582328  0.20928352  0.19159373  0.20928352  0.20928352  0.20038607  0.20038607  0.20038607  0.21828863  0.17431467  0.21828863  0.19159373  0.21828863  0.18290405  0.18290405  0.20038607  0.18290405  0.19159373  0.19159373  0.22740403  0.19159373  0.17431467  0.17431467  0.16582328  0.17431467  0.18290405  0.15742769  0.16582328  0.17431467  0.16582328  0.14912575  0.20038607  0.21828863  0.19159373  0.19159373  0.20928352  0.20928352  0.18290405  0.18290405  0.20928352  0.20928352  0.18290405  0.23663247  0.22740403  0.19159373  0.19159373  0.17431467  0.20038607  0.19159373  0.19159373  0.21828863  0.20038607  0.20038607  0.20928352  0.19159373  0.22740403  0.22740403  0.24597677  0.24597677  0.22740403  0.23663247  0.21828863  0.20928352  0.25543990  0.23663247  0.24597677  0.25543990  0.26502490  0.23663247  0.22740403  0.23663247  0.22740403  0.22740403  0.21828863  0.22740403  0.23663247  0.23663247  0.23663247  0.23663247  0.20038607  0.21828863  0.14912575  0.18290405  0.26502490  0.27473495  0.26502490  0.27473495  0.28457337  0.29454360  0.28457337  0.28457337  0.27473495  0.29454360  0.28457337  0.26502490  0.23663247  0.29454360  0.25543990  0.24597677  0.30464920  0.27473495  0.27473495  0.27473495  0.24597677  0.23663247  0.20928352  0.22740403  0.20038607  0.24597677  0.22740403  0.18290405  0.23663247  0.23663247  0.21828863  0.23663247  0.26502490  0.26502490  0.27473495  0.26502490  0.26502490  0.27473495  0.28457337  0.27473495  0.28457337  0.23663247  0.20038607  0.24597677  0.25543990  0.22740403  0.21828863  0.20928352  0.22740403  0.21828863  0.23663247  0.22740403  0.21828863  0.21828863  0.21828863  0.24597677  0.22740403  0.22740403  0.23663247  0.22740403  0.21828863  0.20928352  0.21828863  0.22740403  0.24597677  0.23663247  0.25543990  0.25543990  0.24597677  0.24597677  0.20928352  0.23663247  0.22740403  0.23663247  0.25543990  0.26502490  0.21828863  0.22740403  0.25543990  0.25543990  0.23663247  0.24597677  0.30464920  0.29454360  0.30464920  0.26502490  0.21828863  0.23663247  0.22740403  0.22740403  0.23663247  0.25543990  0.20038607  0.19159373  
86_0_0     0.20928352  0.11681419  0.10116969  0.00000000  0.00000000  0.06343941  0.05611758  0.07083399  0.05611758  0.06343941  0.09346906  0.09346906  0.07830278  0.12476152  0.08584729  0.12476152  0.08584729  0.08584729  0.14091540  0.13279463  0.11681419  0.11681419  0.14912575  0.18290405  0.13279463  0.15742769  0.22740403  0.22740403  0.24597677  0.18290405  0.18290405  0.18290405  0.20928352  0.18290405  0.21828863  0.19159373  0.21828863  0.21828863  0.22740403  0.21828863  0.15742769  0.20038607  0.19159373  0.17431467  0.15742769  0.17431467  0.17431467  0.18290405  0.18290405  0.19159373  0.19159373  0.18290405  0.20928352  0.20038607  0.14912575  0.17431467  0.17431467  0.15742769  0.15742769  0.17431467  0.19159373  0.17431467  0.14912575  0.17431467  0.17431467  0.16582328  0.16582328  0.17431467  0.20038607  0.16582328  0.17431467  0.20928352  0.22740403  0.22740403  0.20928352  0.21828863  0.21828863  0.21828863  0.20928352  0.22740403  0.22740403  0.24597677  0.24597677  0.22740403  0.22740403  0.21828863  0.23663247  0.23663247  0.22740403  0.24597677  0.25543990  0.27473495  0.25543990  0.21828863  0.21828863  0.24597677  0.22740403  0.23663247  0.23663247  0.26502490  0.20928352  0.23663247  0.22740403  0.20038607  0.20038607  0.16582328  0.18290405  0.23663247  0.22740403  0.24597677  0.23663247  0.22740403  0.22740403  0.23663247  0.22740403  0.22740403  0.22740403  0.22740403  0.25543990  0.25543990  0.29454360  0.22740403  0.23663247  0.24597677  0.22740403  0.24597677  0.23663247  0.20928352  0.20928352  0.15742769  0.20038607  0.19159373  0.23663247  0.23663247  0.22740403  0.21828863  0.22740403  0.23663247  0.23663247  0.24597677  0.21828863  0.24597677  0.23663247  0.23663247  0.24597677  0.24597677  0.25543990  0.22740403  0.22740403  0.22740403  0.21828863  0.25543990  0.23663247  0.22740403  0.22740403  0.22740403  0.21828863  0.21828863  0.21828863  0.23663247  0.23663247  0.23663247  0.22740403  0.22740403  0.22740403  0.23663247  0.22740403  0.23663247  0.22740403  0.23663247  0.22740403  0.21828863  0.23663247  0.28457337  0.28457337  0.28457337  0.28457337  0.20928352  0.23663247  0.24597677  0.23663247  0.27473495  0.24597677  0.20038607  0.20928352  0.23663247  0.23663247  0.23663247  0.23663247  0.25543990  0.25543990  0.29454360  0.22740403  0.20038607  0.16582328  0.20038607  0.22740403  0.23663247  0.20928352  0.23663247  0.17431467  
93_0_0     0.20928352  0.11681419  0.10116969  0.00000000  0.00000000  0.06343941  0.05611758  0.07083399  0.05611758  0.06343941  0.09346906  0.09346906  0.07830278  0.12476152  0.08584729  0.12476152  0.08584729  0.08584729  0.14091540  0.13279463  0.11681419  0.11681419  0.14912575  0.18290405  0.13279463  0.15742769  0.22740403  0.22740403  0.24597677  0.18290405  0.18290405  0.18290405  0.20928352  0.18290405  0.21828863  0.19159373  0.21828863  0.21828863  0.22740403  0.21828863  0.15742769  0.20038607  0.19159373  0.17431467  0.15742769  0.17431467  0.17431467  0.18290405  0.18290405  0.19159373  0.19159373  0.18290405  0.20928352  0.20038607  0.14912575  0.17431467  0.17431467  0.15742769  0.15742769  0.17431467  0.19159373  0.17431467  0.14912575  0.17431467  0.17431467  0.16582328  0.16582328  0.17431467  0.20038607  0.16582328  0.17431467  0.20928352  0.22740403  0.22740403  0.20928352  0.21828863  0.21828863  0.21828863  0.20928352  0.22740403  0.22740403  0.24597677  0.24597677  0.22740403  0.22740403  0.21828863  0.23663247  0.23663247  0.22740403  0.24597677  0.25543990  0.27473495  0.25543990  0.21828863  0.21828863  0.24597677  0.22740403  0.23663247  0.23663247  0.26502490  0.20928352  0.23663247  0.22740403  0.20038607  0.20038607  0.16582328  0.18290405  0.23663247  0.22740403  0.24597677  0.23663247  0.22740403  0.22740403  0.23663247  0.22740403  0.22740403  0.22740403  0.22740403  0.25543990  0.25543990  0.29454360  0.22740403  0.23663247  0.24597677  0.22740403  0.24597677  0.23663247  0.20928352  0.20928352  0.15742769  0.20038607  0.19159373  0.23663247  0.23663247  0.22740403  0.21828863  0.22740403  0.23663247  0.23663247  0.24597677  0.21828863  0.24597677  0.23663247  0.23663247  0.24597677  0.24597677  0.25543990  0.22740403  0.22740403  0.22740403  0.21828863  0.25543990  0.23663247  0.22740403  0.22740403  0.22740403  0.21828863  0.21828863  0.21828863  0.23663247  0.23663247  0.23663247  0.22740403  0.22740403  0.22740403  0.23663247  0.22740403  0.23663247  0.22740403  0.23663247  0.22740403  0.21828863  0.23663247  0.28457337  0.28457337  0.28457337  0.28457337  0.20928352  0.23663247  0.24597677  0.23663247  0.27473495  0.24597677  0.20038607  0.20928352  0.23663247  0.23663247  0.23663247  0.23663247  0.25543990  0.25543990  0.29454360  0.22740403  0.20038607  0.16582328  0.20038607  0.22740403  0.23663247  0.20928352  0.23663247  0.17431467  
75_0_0     0.22740403  0.10116969  0.08584729  0.06343941  0.06343941  0.00000000  0.00678762  0.02752999  0.01363771  0.02055143  0.03457460  0.09346906  0.06343941  0.07830278  0.09346906  0.13279463  0.07083399  0.07830278  0.15742769  0.13279463  0.12476152  0.13279463  0.13279463  0.20038607  0.15742769  0.17431467  0.23663247  0.22740403  0.24597677  0.21828863  0.20928352  0.20928352  0.23663247  0.21828863  0.23663247  0.22740403  0.23663247  0.23663247  0.24597677  0.22740403  0.20038607  0.20928352  0.20038607  0.22740403  0.18290405  0.18290405  0.18290405  0.20038607  0.20038607  0.20038607  0.20038607  0.19159373  0.20038607  0.20928352  0.19159373  0.20038607  0.20038607  0.20038607  0.19159373  0.20038607  0.20928352  0.18290405  0.16582328  0.19159373  0.19159373  0.17431467  0.17431467  0.18290405  0.18290405  0.17431467  0.18290405  0.21828863  0.22740403  0.22740403  0.24597677  0.20928352  0.20928352  0.19159373  0.20038607  0.23663247  0.23663247  0.25543990  0.25543990  0.24597677  0.22740403  0.21828863  0.21828863  0.23663247  0.22740403  0.22740403  0.22740403  0.27473495  0.26502490  0.21828863  0.20038607  0.23663247  0.22740403  0.22740403  0.23663247  0.24597677  0.22740403  0.20928352  0.26502490  0.19159373  0.19159373  0.15742769  0.19159373  0.27473495  0.26502490  0.24597677  0.23663247  0.24597677  0.24597677  0.25543990  0.22740403  0.22740403  0.24597677  0.22740403  0.27473495  0.25543990  0.29454360  0.24597677  0.23663247  0.26502490  0.23663247  0.22740403  0.23663247  0.24597677  0.22740403  0.16582328  0.22740403  0.16582328  0.20928352  0.22740403  0.20928352  0.19159373  0.18290405  0.20928352  0.20928352  0.23663247  0.22740403  0.23663247  0.22740403  0.27473495  0.27473495  0.27473495  0.28457337  0.25543990  0.22740403  0.20928352  0.23663247  0.23663247  0.24597677  0.20928352  0.20038607  0.21828863  0.20038607  0.19159373  0.19159373  0.19159373  0.19159373  0.19159373  0.21828863  0.20038607  0.20038607  0.22740403  0.21828863  0.20928352  0.20038607  0.20928352  0.20038607  0.23663247  0.23663247  0.24597677  0.24597677  0.23663247  0.23663247  0.18290405  0.22740403  0.21828863  0.22740403  0.22740403  0.21828863  0.18290405  0.19159373  0.24597677  0.24597677  0.22740403  0.21828863  0.25543990  0.25543990  0.27473495  0.26502490  0.20038607  0.20038607  0.20038607  0.24597677  0.24597677  0.23663247  0.23663247  0.19159373  
97_0_0     0.21828863  0.09346906  0.07830278  0.05611758  0.05611758  0.00678762  0.00000000  0.02055143  0.00678762  0.01363771  0.04168653  0.08584729  0.07083399  0.08584729  0.08584729  0.12476152  0.07083399  0.07830278  0.14912575  0.14091540  0.11681419  0.12476152  0.12476152  0.19159373  0.16582328  0.16582328  0.23663247  0.22740403  0.24597677  0.21828863  0.20928352  0.20928352  0.23663247  0.21828863  0.23663247  0.22740403  0.23663247  0.23663247  0.25543990  0.23663247  0.19159373  0.20928352  0.20038607  0.22740403  0.18290405  0.17431467  0.17431467  0.19159373  0.19159373  0.19159373  0.19159373  0.18290405  0.20928352  0.20038607  0.18290405  0.20928352  0.20928352  0.20038607  0.20038607  0.20928352  0.21828863  0.17431467  0.15742769  0.20038607  0.20038607  0.18290405  0.18290405  0.19159373  0.19159373  0.18290405  0.19159373  0.20928352  0.23663247  0.23663247  0.23663247  0.21828863  0.21828863  0.20038607  0.19159373  0.24597677  0.24597677  0.24597677  0.24597677  0.23663247  0.21828863  0.20928352  0.20928352  0.24597677  0.21828863  0.23663247  0.23663247  0.28457337  0.25543990  0.20928352  0.20928352  0.22740403  0.21828863  0.21828863  0.24597677  0.25543990  0.21828863  0.21828863  0.25543990  0.20038607  0.20038607  0.14912575  0.18290405  0.26502490  0.25543990  0.23663247  0.24597677  0.25543990  0.25543990  0.26502490  0.23663247  0.23663247  0.25543990  0.23663247  0.26502490  0.24597677  0.28457337  0.25543990  0.24597677  0.27473495  0.22740403  0.23663247  0.22740403  0.24597677  0.22740403  0.16582328  0.22740403  0.16582328  0.20928352  0.22740403  0.20928352  0.19159373  0.18290405  0.20928352  0.20928352  0.24597677  0.21828863  0.24597677  0.23663247  0.27473495  0.28457337  0.28457337  0.29454360  0.26502490  0.21828863  0.20928352  0.23663247  0.23663247  0.24597677  0.20928352  0.20038607  0.21828863  0.20038607  0.19159373  0.19159373  0.19159373  0.19159373  0.19159373  0.21828863  0.20038607  0.20038607  0.22740403  0.21828863  0.20928352  0.20038607  0.20928352  0.20038607  0.23663247  0.23663247  0.24597677  0.24597677  0.23663247  0.23663247  0.18290405  0.22740403  0.21828863  0.22740403  0.22740403  0.21828863  0.18290405  0.19159373  0.24597677  0.24597677  0.22740403  0.21828863  0.25543990  0.25543990  0.27473495  0.26502490  0.20038607  0.20038607  0.20038607  0.24597677  0.24597677  0.23663247  0.23663247  0.19159373  
57_0_0     0.20928352  0.07083399  0.05611758  0.07083399  0.07083399  0.02752999  0.02055143  0.00000000  0.01363771  0.02055143  0.03457460  0.07830278  0.06343941  0.07083399  0.08584729  0.10895083  0.06343941  0.07083399  0.12476152  0.14091540  0.13279463  0.13279463  0.11681419  0.18290405  0.14912575  0.16582328  0.21828863  0.22740403  0.22740403  0.21828863  0.19159373  0.19159373  0.22740403  0.20038607  0.23663247  0.21828863  0.24597677  0.22740403  0.22740403  0.24597677  0.20038607  0.18290405  0.18290405  0.22740403  0.17431467  0.16582328  0.16582328  0.16582328  0.16582328  0.18290405  0.16582328  0.17431467  0.18290405  0.17431467  0.17431467  0.19159373  0.20928352  0.20928352  0.20928352  0.22740403  0.22740403  0.15742769  0.15742769  0.18290405  0.18290405  0.17431467  0.20038607  0.19159373  0.18290405  0.19159373  0.19159373  0.18290405  0.22740403  0.22740403  0.24597677  0.20038607  0.20038607  0.18290405  0.17431467  0.23663247  0.23663247  0.23663247  0.23663247  0.22740403  0.20928352  0.20038607  0.20038607  0.25543990  0.21828863  0.24597677  0.24597677  0.27473495  0.24597677  0.20038607  0.20928352  0.22740403  0.22740403  0.21828863  0.23663247  0.23663247  0.22740403  0.22740403  0.24597677  0.18290405  0.20038607  0.15742769  0.20038607  0.25543990  0.24597677  0.22740403  0.23663247  0.24597677  0.24597677  0.25543990  0.22740403  0.22740403  0.24597677  0.25543990  0.25543990  0.23663247  0.28457337  0.25543990  0.24597677  0.27473495  0.23663247  0.22740403  0.20928352  0.24597677  0.21828863  0.17431467  0.23663247  0.17431467  0.23663247  0.20928352  0.20038607  0.19159373  0.20038607  0.20928352  0.20928352  0.24597677  0.22740403  0.25543990  0.24597677  0.26502490  0.27473495  0.27473495  0.29454360  0.27473495  0.21828863  0.19159373  0.23663247  0.24597677  0.23663247  0.20928352  0.20038607  0.21828863  0.20038607  0.20928352  0.19159373  0.19159373  0.19159373  0.19159373  0.22740403  0.20928352  0.20928352  0.21828863  0.20928352  0.20038607  0.19159373  0.20038607  0.20928352  0.24597677  0.22740403  0.23663247  0.23663247  0.21828863  0.21828863  0.18290405  0.20928352  0.20038607  0.20928352  0.21828863  0.21828863  0.19159373  0.20038607  0.22740403  0.22740403  0.20928352  0.23663247  0.27473495  0.27473495  0.27473495  0.26502490  0.18290405  0.19159373  0.20038607  0.23663247  0.23663247  0.25543990  0.20928352  0.20038607  
76_0_0     0.21828863  0.08584729  0.07083399  0.05611758  0.05611758  0.01363771  0.00678762  0.01363771  0.00000000  0.00678762  0.03457460  0.07830278  0.06343941  0.07830278  0.08584729  0.12476152  0.06343941  0.07083399  0.14091540  0.14091540  0.11681419  0.11681419  0.11681419  0.18290405  0.16582328  0.16582328  0.22740403  0.21828863  0.23663247  0.21828863  0.20928352  0.20928352  0.22740403  0.21828863  0.23663247  0.21828863  0.22740403  0.22740403  0.24597677  0.22740403  0.18290405  0.20038607  0.20038607  0.22740403  0.17431467  0.16582328  0.16582328  0.18290405  0.18290405  0.18290405  0.18290405  0.17431467  0.20038607  0.19159373  0.17431467  0.20928352  0.20928352  0.20038607  0.20038607  0.20928352  0.20928352  0.17431467  0.15742769  0.20038607  0.20038607  0.17431467  0.18290405  0.19159373  0.20038607  0.17431467  0.19159373  0.20038607  0.23663247  0.23663247  0.22740403  0.20928352  0.20928352  0.19159373  0.18290405  0.24597677  0.24597677  0.24597677  0.24597677  0.23663247  0.21828863  0.20928352  0.20928352  0.24597677  0.21828863  0.23663247  0.23663247  0.28457337  0.25543990  0.20928352  0.21828863  0.21828863  0.21828863  0.20928352  0.24597677  0.24597677  0.21828863  0.21828863  0.25543990  0.19159373  0.19159373  0.15742769  0.19159373  0.25543990  0.24597677  0.22740403  0.23663247  0.24597677  0.24597677  0.25543990  0.22740403  0.22740403  0.24597677  0.23663247  0.25543990  0.23663247  0.28457337  0.24597677  0.23663247  0.26502490  0.22740403  0.23663247  0.21828863  0.24597677  0.22740403  0.16582328  0.22740403  0.17431467  0.21828863  0.22740403  0.20038607  0.19159373  0.18290405  0.20928352  0.20928352  0.24597677  0.21828863  0.24597677  0.23663247  0.27473495  0.28457337  0.28457337  0.29454360  0.26502490  0.21828863  0.20038607  0.22740403  0.23663247  0.24597677  0.20928352  0.20038607  0.21828863  0.20038607  0.19159373  0.19159373  0.19159373  0.19159373  0.19159373  0.21828863  0.20038607  0.20038607  0.22740403  0.21828863  0.20928352  0.20038607  0.20928352  0.20038607  0.23663247  0.23663247  0.24597677  0.24597677  0.22740403  0.22740403  0.17431467  0.21828863  0.20928352  0.21828863  0.22740403  0.20928352  0.18290405  0.19159373  0.23663247  0.23663247  0.21828863  0.22740403  0.26502490  0.26502490  0.28457337  0.27473495  0.19159373  0.20038607  0.19159373  0.23663247  0.23663247  0.23663247  0.22740403  0.18290405  
80_0_0     0.21828863  0.07830278  0.07083399  0.06343941  0.06343941  0.02055143  0.01363771  0.02055143  0.00678762  0.00000000  0.04168653  0.08584729  0.07083399  0.08584729  0.08584729  0.12476152  0.05611758  0.07830278  0.13279463  0.14912575  0.10895083  0.10895083  0.10895083  0.17431467  0.15742769  0.15742769  0.21828863  0.20928352  0.22740403  0.20928352  0.20038607  0.20038607  0.21828863  0.20928352  0.22740403  0.20928352  0.21828863  0.22740403  0.24597677  0.22740403  0.17431467  0.20928352  0.20928352  0.23663247  0.18290405  0.16582328  0.16582328  0.18290405  0.18290405  0.18290405  0.18290405  0.17431467  0.20038607  0.19159373  0.17431467  0.20928352  0.20928352  0.20038607  0.20038607  0.20038607  0.20038607  0.18290405  0.16582328  0.20928352  0.20928352  0.18290405  0.19159373  0.20038607  0.20928352  0.18290405  0.20038607  0.19159373  0.23663247  0.23663247  0.22740403  0.20928352  0.20928352  0.19159373  0.18290405  0.24597677  0.24597677  0.24597677  0.24597677  0.23663247  0.21828863  0.20928352  0.20928352  0.24597677  0.22740403  0.23663247  0.23663247  0.28457337  0.25543990  0.20928352  0.21828863  0.21828863  0.21828863  0.20928352  0.25543990  0.23663247  0.21828863  0.21828863  0.25543990  0.20038607  0.20038607  0.15742769  0.19159373  0.25543990  0.24597677  0.22740403  0.23663247  0.24597677  0.24597677  0.25543990  0.22740403  0.22740403  0.24597677  0.23663247  0.25543990  0.23663247  0.28457337  0.24597677  0.23663247  0.26502490  0.22740403  0.23663247  0.22740403  0.25543990  0.23663247  0.17431467  0.22740403  0.18290405  0.21828863  0.22740403  0.20038607  0.19159373  0.18290405  0.20928352  0.20928352  0.25543990  0.20928352  0.23663247  0.22740403  0.28457337  0.27473495  0.27473495  0.29454360  0.27473495  0.20928352  0.19159373  0.22740403  0.22740403  0.24597677  0.20038607  0.19159373  0.20928352  0.20038607  0.18290405  0.18290405  0.18290405  0.18290405  0.18290405  0.20928352  0.19159373  0.19159373  0.21828863  0.20928352  0.20038607  0.19159373  0.20038607  0.19159373  0.24597677  0.22740403  0.23663247  0.23663247  0.21828863  0.21828863  0.16582328  0.20928352  0.20038607  0.20928352  0.21828863  0.20038607  0.17431467  0.18290405  0.22740403  0.22740403  0.20928352  0.21828863  0.26502490  0.26502490  0.27473495  0.28457337  0.18290405  0.19159373  0.18290405  0.23663247  0.23663247  0.24597677  0.22740403  0.18290405  
84_0_0     0.22740403  0.10895083  0.09346906  0.09346906  0.09346906  0.03457460  0.04168653  0.03457460  0.03457460  0.04168653  0.00000000  0.08584729  0.07083399  0.09346906  0.09346906  0.10116969  0.09346906  0.08584729  0.16582328  0.13279463  0.14091540  0.15742769  0.12476152  0.20928352  0.17431467  0.16582328  0.21828863  0.22740403  0.22740403  0.22740403  0.20038607  0.20038607  0.20038607  0.20928352  0.22740403  0.22740403  0.21828863  0.21828863  0.20928352  0.20928352  0.18290405  0.17431467  0.17431467  0.21828863  0.16582328  0.16582328  0.16582328  0.18290405  0.18290405  0.18290405  0.18290405  0.17431467  0.18290405  0.19159373  0.17431467  0.19159373  0.20928352  0.21828863  0.20928352  0.19159373  0.19159373  0.15742769  0.15742769  0.16582328  0.16582328  0.17431467  0.18290405  0.17431467  0.18290405  0.17431467  0.17431467  0.20038607  0.22740403  0.22740403  0.22740403  0.18290405  0.18290405  0.16582328  0.17431467  0.21828863  0.21828863  0.23663247  0.23663247  0.22740403  0.20928352  0.21828863  0.20038607  0.21828863  0.20928352  0.20928352  0.20928352  0.25543990  0.24597677  0.20038607  0.20928352  0.20928352  0.20928352  0.20038607  0.23663247  0.21828863  0.22740403  0.19159373  0.24597677  0.17431467  0.19159373  0.17431467  0.20038607  0.24597677  0.23663247  0.21828863  0.20928352  0.21828863  0.21828863  0.22740403  0.20038607  0.20038607  0.21828863  0.23663247  0.24597677  0.24597677  0.28457337  0.23663247  0.22740403  0.23663247  0.21828863  0.22740403  0.22740403  0.21828863  0.22740403  0.16582328  0.22740403  0.18290405  0.22740403  0.19159373  0.16582328  0.17431467  0.18290405  0.17431467  0.17431467  0.22740403  0.22740403  0.23663247  0.22740403  0.27473495  0.27473495  0.27473495  0.28457337  0.26502490  0.21828863  0.20928352  0.22740403  0.23663247  0.24597677  0.18290405  0.17431467  0.19159373  0.17431467  0.18290405  0.18290405  0.16582328  0.16582328  0.16582328  0.20928352  0.19159373  0.19159373  0.20038607  0.19159373  0.18290405  0.17431467  0.18290405  0.19159373  0.21828863  0.21828863  0.22740403  0.22740403  0.20928352  0.20928352  0.16582328  0.20928352  0.20038607  0.20928352  0.20928352  0.19159373  0.18290405  0.19159373  0.21828863  0.21828863  0.21828863  0.20928352  0.24597677  0.24597677  0.26502490  0.25543990  0.18290405  0.20928352  0.19159373  0.20928352  0.22740403  0.22740403  0.20038607  0.19159373  
30_0_0     0.21828863  0.10895083  0.10116969  0.09346906  0.09346906  0.09346906  0.08584729  0.07830278  0.07830278  0.08584729  0.08584729  0.00000000  0.04168653  0.09346906  0.07830278  0.10116969  0.10116969  0.09346906  0.10895083  0.14091540  0.10116969  0.11681419  0.11681419  0.20928352  0.16582328  0.19159373  0.24597677  0.24597677  0.26502490  0.23663247  0.22740403  0.22740403  0.20928352  0.22740403  0.21828863  0.22740403  0.22740403  0.19159373  0.20928352  0.22740403  0.17431467  0.17431467  0.17431467  0.18290405  0.14091540  0.22740403  0.22740403  0.22740403  0.22740403  0.22740403  0.20928352  0.21828863  0.20928352  0.20038607  0.18290405  0.21828863  0.21828863  0.22740403  0.22740403  0.18290405  0.18290405  0.20038607  0.18290405  0.20038607  0.20038607  0.16582328  0.20928352  0.21828863  0.22740403  0.18290405  0.21828863  0.24597677  0.24597677  0.24597677  0.21828863  0.24597677  0.24597677  0.24597677  0.21828863  0.26502490  0.26502490  0.28457337  0.28457337  0.23663247  0.25543990  0.26502490  0.24597677  0.27473495  0.21828863  0.27473495  0.27473495  0.28457337  0.27473495  0.24597677  0.27473495  0.27473495  0.27473495  0.26502490  0.27473495  0.25543990  0.30464920  0.27473495  0.25543990  0.20038607  0.20038607  0.19159373  0.23663247  0.23663247  0.22740403  0.24597677  0.25543990  0.24597677  0.24597677  0.25543990  0.24597677  0.22740403  0.24597677  0.27473495  0.27473495  0.27473495  0.28457337  0.25543990  0.24597677  0.23663247  0.25543990  0.24597677  0.24597677  0.20928352  0.20038607  0.16582328  0.20928352  0.20928352  0.24597677  0.20038607  0.20928352  0.20928352  0.20038607  0.20928352  0.20928352  0.22740403  0.27473495  0.27473495  0.26502490  0.25543990  0.25543990  0.25543990  0.27473495  0.24597677  0.25543990  0.24597677  0.21828863  0.25543990  0.23663247  0.20928352  0.20928352  0.22740403  0.22740403  0.21828863  0.21828863  0.21828863  0.21828863  0.21828863  0.20928352  0.20928352  0.20928352  0.21828863  0.20928352  0.22740403  0.21828863  0.22740403  0.21828863  0.21828863  0.21828863  0.26502490  0.26502490  0.24597677  0.24597677  0.21828863  0.22740403  0.21828863  0.20928352  0.24597677  0.25543990  0.23663247  0.24597677  0.21828863  0.21828863  0.23663247  0.23663247  0.24597677  0.24597677  0.24597677  0.21828863  0.20038607  0.20928352  0.20038607  0.22740403  0.24597677  0.24597677  0.23663247  0.20928352  
4_0_0      0.22740403  0.10116969  0.09346906  0.07830278  0.07830278  0.06343941  0.07083399  0.06343941  0.06343941  0.07083399  0.07083399  0.04168653  0.00000000  0.07083399  0.09346906  0.11681419  0.07830278  0.07083399  0.12476152  0.14091540  0.13279463  0.13279463  0.13279463  0.21828863  0.16582328  0.20038607  0.22740403  0.22740403  0.24597677  0.20928352  0.21828863  0.21828863  0.20038607  0.21828863  0.20928352  0.20928352  0.21828863  0.19159373  0.20038607  0.21828863  0.18290405  0.19159373  0.19159373  0.18290405  0.15742769  0.21828863  0.21828863  0.21828863  0.21828863  0.23663247  0.21828863  0.22740403  0.20038607  0.22740403  0.19159373  0.20928352  0.20928352  0.20928352  0.20038607  0.17431467  0.17431467  0.19159373  0.17431467  0.17431467  0.17431467  0.15742769  0.20038607  0.20928352  0.20038607  0.17431467  0.20038607  0.23663247  0.22740403  0.22740403  0.22740403  0.21828863  0.21828863  0.21828863  0.22740403  0.25543990  0.25543990  0.29454360  0.29454360  0.24597677  0.24597677  0.25543990  0.25543990  0.25543990  0.22740403  0.24597677  0.24597677  0.27473495  0.28457337  0.25543990  0.24597677  0.28457337  0.28457337  0.27473495  0.25543990  0.24597677  0.29454360  0.26502490  0.26502490  0.19159373  0.19159373  0.20038607  0.24597677  0.26502490  0.25543990  0.23663247  0.24597677  0.23663247  0.23663247  0.24597677  0.23663247  0.21828863  0.23663247  0.26502490  0.28457337  0.28457337  0.31489392  0.24597677  0.23663247  0.24597677  0.24597677  0.25543990  0.27473495  0.21828863  0.20928352  0.15742769  0.21828863  0.19159373  0.24597677  0.22740403  0.23663247  0.21828863  0.20928352  0.22740403  0.23663247  0.21828863  0.28457337  0.28457337  0.27473495  0.25543990  0.25543990  0.25543990  0.27473495  0.24597677  0.26502490  0.20928352  0.20928352  0.24597677  0.22740403  0.20038607  0.20038607  0.21828863  0.21828863  0.20928352  0.20928352  0.20928352  0.20928352  0.20928352  0.20038607  0.20038607  0.20038607  0.20928352  0.20038607  0.21828863  0.20928352  0.21828863  0.20928352  0.20928352  0.20928352  0.25543990  0.25543990  0.23663247  0.23663247  0.18290405  0.20928352  0.20038607  0.19159373  0.23663247  0.22740403  0.20928352  0.21828863  0.20928352  0.20928352  0.22740403  0.22740403  0.23663247  0.23663247  0.23663247  0.20928352  0.20928352  0.21828863  0.21828863  0.22740403  0.22740403  0.24597677  0.21828863  0.19159373  
15_0_0     0.25543990  0.09346906  0.08584729  0.12476152  0.12476152  0.07830278  0.08584729  0.07083399  0.07830278  0.08584729  0.09346906  0.09346906  0.07083399  0.00000000  0.13279463  0.14912575  0.09346906  0.10116969  0.14091540  0.14912575  0.17431467  0.15742769  0.16582328  0.22740403  0.20038607  0.24597677  0.21828863  0.22740403  0.23663247  0.23663247  0.20928352  0.20928352  0.22740403  0.22740403  0.21828863  0.23663247  0.26502490  0.23663247  0.22740403  0.25543990  0.24597677  0.20928352  0.20928352  0.25543990  0.20038607  0.21828863  0.21828863  0.21828863  0.21828863  0.23663247  0.21828863  0.22740403  0.20038607  0.22740403  0.22740403  0.22740403  0.22740403  0.25543990  0.24597677  0.23663247  0.23663247  0.21828863  0.20928352  0.21828863  0.21828863  0.20038607  0.23663247  0.23663247  0.20038607  0.21828863  0.20038607  0.22740403  0.22740403  0.22740403  0.25543990  0.24597677  0.24597677  0.23663247  0.23663247  0.27473495  0.27473495  0.28457337  0.28457337  0.27473495  0.26502490  0.25543990  0.24597677  0.30464920  0.25543990  0.27473495  0.27473495  0.29454360  0.30464920  0.24597677  0.25543990  0.25543990  0.25543990  0.24597677  0.21828863  0.22740403  0.27473495  0.24597677  0.29454360  0.22740403  0.23663247  0.21828863  0.22740403  0.28457337  0.29454360  0.29454360  0.28457337  0.28457337  0.28457337  0.27473495  0.26502490  0.27473495  0.28457337  0.28457337  0.27473495  0.25543990  0.31489392  0.25543990  0.24597677  0.28457337  0.27473495  0.25543990  0.25543990  0.25543990  0.23663247  0.19159373  0.21828863  0.20038607  0.26502490  0.25543990  0.24597677  0.22740403  0.22740403  0.20928352  0.22740403  0.27473495  0.29454360  0.27473495  0.27473495  0.26502490  0.27473495  0.27473495  0.27473495  0.28457337  0.29454360  0.23663247  0.24597677  0.24597677  0.26502490  0.24597677  0.23663247  0.25543990  0.25543990  0.25543990  0.22740403  0.22740403  0.22740403  0.22740403  0.26502490  0.24597677  0.24597677  0.26502490  0.25543990  0.25543990  0.24597677  0.25543990  0.25543990  0.21828863  0.19159373  0.26502490  0.26502490  0.24597677  0.24597677  0.21828863  0.23663247  0.22740403  0.23663247  0.24597677  0.23663247  0.22740403  0.23663247  0.24597677  0.24597677  0.22740403  0.26502490  0.25543990  0.25543990  0.25543990  0.24597677  0.23663247  0.24597677  0.23663247  0.24597677  0.23663247  0.27473495  0.22740403  0.19159373  
61_0_0     0.19159373  0.11681419  0.10116969  0.08584729  0.08584729  0.09346906  0.08584729  0.08584729  0.08584729  0.08584729  0.09346906  0.07830278  0.09346906  0.13279463  0.00000000  0.04168653  0.07083399  0.05611758  0.14912575  0.14091540  0.14091540  0.12476152  0.14091540  0.18290405  0.16582328  0.19159373  0.25543990  0.23663247  0.25543990  0.20038607  0.20038607  0.20038607  0.22740403  0.17431467  0.20038607  0.23663247  0.25543990  0.20038607  0.20038607  0.23663247  0.17431467  0.20038607  0.20038607  0.19159373  0.17431467  0.20038607  0.20038607  0.19159373  0.18290405  0.20038607  0.19159373  0.20038607  0.20928352  0.20038607  0.20038607  0.19159373  0.19159373  0.21828863  0.21828863  0.15742769  0.19159373  0.19159373  0.16582328  0.20928352  0.20928352  0.19159373  0.21828863  0.22740403  0.24597677  0.20928352  0.20038607  0.21828863  0.22740403  0.22740403  0.20928352  0.20928352  0.20928352  0.21828863  0.19159373  0.20928352  0.20928352  0.22740403  0.22740403  0.19159373  0.20038607  0.21828863  0.20038607  0.23663247  0.21828863  0.22740403  0.23663247  0.23663247  0.22740403  0.19159373  0.21828863  0.26502490  0.24597677  0.25543990  0.25543990  0.24597677  0.25543990  0.25543990  0.21828863  0.25543990  0.23663247  0.17431467  0.20038607  0.23663247  0.22740403  0.23663247  0.23663247  0.25543990  0.24597677  0.25543990  0.25543990  0.23663247  0.24597677  0.25543990  0.27473495  0.28457337  0.27473495  0.26502490  0.26502490  0.25543990  0.22740403  0.25543990  0.24597677  0.24597677  0.21828863  0.19159373  0.23663247  0.21828863  0.24597677  0.18290405  0.19159373  0.20928352  0.20038607  0.20928352  0.19159373  0.22740403  0.26502490  0.26502490  0.25543990  0.26502490  0.25543990  0.25543990  0.27473495  0.24597677  0.21828863  0.23663247  0.27473495  0.28457337  0.24597677  0.21828863  0.22740403  0.23663247  0.19159373  0.21828863  0.23663247  0.21828863  0.23663247  0.21828863  0.23663247  0.21828863  0.21828863  0.22740403  0.23663247  0.20928352  0.20038607  0.20928352  0.20038607  0.23663247  0.22740403  0.24597677  0.24597677  0.24597677  0.24597677  0.21828863  0.21828863  0.21828863  0.22740403  0.22740403  0.24597677  0.21828863  0.20928352  0.25543990  0.25543990  0.24597677  0.25543990  0.25543990  0.26502490  0.27473495  0.24597677  0.22740403  0.22740403  0.22740403  0.21828863  0.21828863  0.24597677  0.23663247  0.21828863  
59_0_0     0.21828863  0.13279463  0.10895083  0.12476152  0.12476152  0.13279463  0.12476152  0.10895083  0.12476152  0.12476152  0.10116969  0.10116969  0.11681419  0.14912575  0.04168653  0.00000000  0.09346906  0.07830278  0.14912575  0.14091540  0.14912575  0.13279463  0.14912575  0.21828863  0.17431467  0.20038607  0.22740403  0.22740403  0.22740403  0.22740403  0.20928352  0.20928352  0.21828863  0.18290405  0.19159373  0.24597677  0.26502490  0.20038607  0.18290405  0.23663247  0.17431467  0.15742769  0.15742769  0.16582328  0.17431467  0.18290405  0.18290405  0.15742769  0.16582328  0.18290405  0.15742769  0.16582328  0.15742769  0.16582328  0.16582328  0.15742769  0.17431467  0.20928352  0.20928352  0.13279463  0.16582328  0.17431467  0.16582328  0.19159373  0.19159373  0.18290405  0.20928352  0.20038607  0.21828863  0.20928352  0.17431467  0.18290405  0.20038607  0.20038607  0.20928352  0.21828863  0.21828863  0.24597677  0.21828863  0.21828863  0.21828863  0.23663247  0.23663247  0.21828863  0.22740403  0.22740403  0.20928352  0.23663247  0.20928352  0.20928352  0.23663247  0.22740403  0.23663247  0.20038607  0.24597677  0.25543990  0.23663247  0.24597677  0.24597677  0.24597677  0.26502490  0.26502490  0.23663247  0.23663247  0.23663247  0.18290405  0.21828863  0.23663247  0.22740403  0.24597677  0.24597677  0.25543990  0.26502490  0.27473495  0.25543990  0.25543990  0.26502490  0.26502490  0.29454360  0.28457337  0.27473495  0.23663247  0.23663247  0.24597677  0.21828863  0.25543990  0.25543990  0.21828863  0.19159373  0.20038607  0.21828863  0.23663247  0.25543990  0.16582328  0.19159373  0.20928352  0.20038607  0.19159373  0.19159373  0.24597677  0.27473495  0.27473495  0.26502490  0.29454360  0.28457337  0.28457337  0.29454360  0.28457337  0.20928352  0.25543990  0.26502490  0.28457337  0.24597677  0.20038607  0.20928352  0.21828863  0.20038607  0.23663247  0.21828863  0.20038607  0.21828863  0.20038607  0.24597677  0.22740403  0.22740403  0.21828863  0.22740403  0.20038607  0.19159373  0.20038607  0.20928352  0.23663247  0.22740403  0.24597677  0.24597677  0.26502490  0.26502490  0.23663247  0.23663247  0.23663247  0.24597677  0.22740403  0.24597677  0.23663247  0.22740403  0.27473495  0.27473495  0.26502490  0.25543990  0.26502490  0.25543990  0.27473495  0.24597677  0.22740403  0.24597677  0.20928352  0.23663247  0.25543990  0.26502490  0.23663247  0.21828863  
