20
14_0_0     0.00000000  0.10563989  0.11602798  0.18924059  0.35668466  0.35668466  0.35668466  0.30105429  0.31457818  0.31004295  0.33767696  0.33767696  0.33767696  0.35668466  0.33767696  0.33767696  0.27471987  0.35188718  0.37618887  0.36151316  
6_0_0      0.10563989  0.00000000  0.13724804  0.20478568  0.37126485  0.36151316  0.36151316  0.29217256  0.30553510  0.31914113  0.35668466  0.35668466  0.35668466  0.37618887  0.34712033  0.34712033  0.28777100  0.35188718  0.35668466  0.35188718  
15_0_0     0.11602798  0.13724804  0.00000000  0.15908882  0.37126485  0.36151316  0.36151316  0.32373213  0.32835153  0.34238372  0.32835153  0.32835153  0.32835153  0.33767696  0.33767696  0.33767696  0.28777100  0.35188718  0.34712033  0.34238372  
16_0_0     0.18924059  0.20478568  0.15908882  0.00000000  0.42203030  0.41159735  0.41159735  0.35188718  0.34712033  0.37126485  0.33299969  0.33299969  0.33299969  0.36151316  0.35188718  0.36151316  0.28777100  0.31004295  0.32373213  0.31914113  
7_0_0      0.35668466  0.37126485  0.37126485  0.42203030  0.00000000  0.02736089  0.02736089  0.18924059  0.19309663  0.17779053  0.35668466  0.35668466  0.35668466  0.38114558  0.36151316  0.36637308  0.32373213  0.39115882  0.41159735  0.39621624  
13_0_0     0.35668466  0.36151316  0.36151316  0.41159735  0.02736089  0.00000000  0.00000000  0.18540436  0.18924059  0.17401253  0.36151316  0.36151316  0.36151316  0.37618887  0.32835153  0.33299969  0.34238372  0.39621624  0.41679560  0.41159735  
9_0_0      0.35668466  0.36151316  0.36151316  0.41159735  0.02736089  0.00000000  0.00000000  0.18540436  0.18924059  0.17401253  0.36151316  0.36151316  0.36151316  0.37618887  0.32835153  0.33299969  0.34238372  0.39621624  0.41679560  0.41159735  
8_0_0      0.30105429  0.29217256  0.32373213  0.35188718  0.18924059  0.18540436  0.18540436  0.00000000  0.00900936  0.10563989  0.28339523  0.28339523  0.28339523  0.29660022  0.30105429  0.31457818  0.31914113  0.38613541  0.38613541  0.37126485  
18_0_0     0.31457818  0.30553510  0.32835153  0.34712033  0.19309663  0.18924059  0.18924059  0.00900936  0.00000000  0.10908656  0.28777100  0.28777100  0.28777100  0.30105429  0.31457818  0.32835153  0.32373213  0.39115882  0.39115882  0.37618887  
19_0_0     0.31004295  0.31914113  0.34238372  0.37126485  0.17779053  0.17401253  0.17401253  0.10563989  0.10908656  0.00000000  0.29660022  0.29660022  0.29660022  0.32835153  0.31457818  0.32835153  0.31914113  0.36637308  0.36637308  0.36151316  
12_0_0     0.33767696  0.35668466  0.32835153  0.33299969  0.35668466  0.36151316  0.36151316  0.28339523  0.28777100  0.29660022  0.00000000  0.00000000  0.00000000  0.03046381  0.11254921  0.11952305  0.32835153  0.38613541  0.39115882  0.37618887  
4_0_0      0.33767696  0.35668466  0.32835153  0.33299969  0.35668466  0.36151316  0.36151316  0.28339523  0.28777100  0.29660022  0.00000000  0.00000000  0.00000000  0.03046381  0.11254921  0.11952305  0.32835153  0.38613541  0.39115882  0.37618887  
10_0_0     0.33767696  0.35668466  0.32835153  0.33299969  0.35668466  0.36151316  0.36151316  0.28339523  0.28777100  0.29660022  0.00000000  0.00000000  0.00000000  0.03046381  0.11254921  0.11952305  0.32835153  0.38613541  0.39115882  0.37618887  
5_0_0      0.35668466  0.37618887  0.33767696  0.36151316  0.38114558  0.37618887  0.37618887  0.29660022  0.30105429  0.32835153  0.03046381  0.03046381  0.03046381  0.00000000  0.12656264  0.12656264  0.32835153  0.38613541  0.40130815  0.38613541  
17_0_0     0.33767696  0.34712033  0.33767696  0.35188718  0.36151316  0.32835153  0.32835153  0.30105429  0.31457818  0.31457818  0.11254921  0.11254921  0.11254921  0.12656264  0.00000000  0.01812875  0.31004295  0.37618887  0.38114558  0.37618887  
11_0_0     0.33767696  0.34712033  0.33767696  0.36151316  0.36637308  0.33299969  0.33299969  0.31457818  0.32835153  0.32835153  0.11952305  0.11952305  0.11952305  0.12656264  0.01812875  0.00000000  0.31457818  0.36151316  0.37618887  0.37126485  
20_0_0     0.27471987  0.28777100  0.28777100  0.28777100  0.32373213  0.34238372  0.34238372  0.31914113  0.32373213  0.31914113  0.32835153  0.32835153  0.32835153  0.32835153  0.31004295  0.31457818  0.00000000  0.25766581  0.27041970  0.25766581  
3_0_0      0.35188718  0.35188718  0.35188718  0.31004295  0.39115882  0.39621624  0.39621624  0.38613541  0.39115882  0.36637308  0.38613541  0.38613541  0.38613541  0.38613541  0.37618887  0.36151316  0.25766581  0.00000000  0.01507656  0.01203680  
2_0_0      0.37618887  0.35668466  0.34712033  0.32373213  0.41159735  0.41679560  0.41679560  0.38613541  0.39115882  0.36637308  0.39115882  0.39115882  0.39115882  0.40130815  0.38114558  0.37618887  0.27041970  0.01507656  0.00000000  0.00900936  
1_0_0      0.36151316  0.35188718  0.34238372  0.31914113  0.39621624  0.41159735  0.41159735  0.37126485  0.37618887  0.36151316  0.37618887  0.37618887  0.37618887  0.38613541  0.37618887  0.37126485  0.25766581  0.01203680  0.00900936  0.00000000  

