158
21_1_0     0.00000000  0.01948418  0.10740656  0.04765056  0.04765056  0.04356079  0.03544820  0.23830221  0.32241428  0.10740656  0.24898172  0.27081287  0.19705690  0.31063342  0.30481235  0.33438505  0.35892159  0.35271103  0.35271103  0.41728582  0.28197395  0.33438505  0.27081287  0.30481235  0.30481235  0.19705690  0.19705690  0.21739322  0.20715544  0.22256553  0.21739322  0.21225669  0.22777412  0.21739322  0.21739322  0.24362277  0.24898172  0.22256553  0.29330535  0.28761804  0.28761804  0.35892159  0.32241428  0.22777412  0.24362277  0.22256553  0.21225669  0.22256553  0.17726272  0.29330535  0.32837554  0.41056971  0.41056971  0.41056971  0.44477474  0.33438505  0.37787116  0.32837554  0.27081287  0.30481235  0.35892159  0.32241428  0.37787116  0.30481235  0.29330535  0.29330535  0.28197395  0.29330535  0.41056971  0.42406324  0.44477474  0.43090308  0.45891047  0.47332053  0.44477474  0.39077831  0.37787116  0.39731701  0.34044360  0.34044360  0.35271103  0.52607894  0.53393143  0.53393143  0.51830862  0.43090308  0.43090308  0.45180897  0.43780652  0.45180897  0.76333841  0.41728582  0.43090308  0.43780652  0.40391379  0.52607894  0.56619913  0.53393143  0.54989002  0.54989002  0.53393143  0.55799980  0.55799980  0.59993298  0.57449001  0.59135476  0.50300773  0.51061877  0.49547392  0.57449001  0.60861146  0.54186786  0.71143659  0.68195211  0.65359379  0.64437669  0.65359379  0.62627876  0.61739257  0.61739257  0.61739257  0.53393143  0.52607894  0.51830862  0.98755707  1.08037428  1.08037428  0.73176409  0.73176409  0.72153079  0.76333841  0.76333841  0.59993298  0.58287451  0.58287451  0.57449001  0.63527259  0.57449001  0.59993298  0.64437669  0.61739257  0.45180897  0.79631516  0.79631516  0.58287451  0.59135476  0.59135476  0.60861146  0.51830862  0.51061877  0.48063180  0.47332053  0.52607894  0.61739257  0.59135476  0.45891047  0.45891047  0.50300773  
26_1_0     0.01948418  0.00000000  0.09419068  0.03544820  0.03544820  0.03142490  0.02344312  0.22256553  0.31650049  0.10297508  0.24362277  0.25437963  0.19205867  0.29330535  0.28761804  0.32837554  0.36518454  0.34655198  0.37150075  0.41056971  0.26529462  0.31650049  0.25437963  0.29903656  0.28761804  0.20208900  0.20208900  0.22256553  0.21225669  0.21739322  0.21225669  0.20715544  0.22256553  0.21225669  0.21225669  0.24898172  0.25437963  0.21739322  0.29903656  0.31063342  0.31063342  0.35271103  0.32837554  0.21225669  0.23830221  0.20715544  0.20715544  0.21739322  0.17239553  0.27637244  0.32241428  0.40391379  0.41728582  0.41728582  0.43780652  0.34044360  0.38429669  0.33438505  0.25437963  0.28761804  0.35892159  0.32241428  0.34655198  0.28761804  0.27637244  0.27637244  0.26529462  0.27637244  0.37787116  0.39077831  0.44477474  0.43090308  0.45891047  0.47332053  0.43090308  0.39077831  0.39077831  0.39731701  0.34044360  0.34044360  0.35271103  0.54989002  0.55799980  0.55799980  0.54186786  0.41056971  0.41056971  0.41728582  0.41728582  0.41728582  0.75266376  0.39731701  0.41056971  0.43090308  0.38429669  0.52607894  0.56619913  0.53393143  0.54989002  0.54989002  0.53393143  0.59135476  0.55799980  0.61739257  0.59135476  0.60861146  0.48801578  0.49547392  0.48063180  0.55799980  0.59135476  0.52607894  0.69165077  0.68195211  0.65359379  0.63527259  0.64437669  0.60861146  0.62627876  0.62627876  0.60861146  0.55799980  0.51830862  0.54186786  1.00224311  1.06407652  1.08037428  0.74214040  0.74214040  0.73176409  0.77416874  0.77416874  0.56619913  0.54989002  0.54989002  0.54186786  0.59993298  0.54186786  0.56619913  0.64437669  0.61739257  0.45180897  0.80764108  0.83082474  0.59135476  0.56619913  0.58287451  0.59993298  0.51061877  0.53393143  0.45891047  0.46608055  0.51830862  0.59135476  0.61739257  0.45180897  0.45180897  0.49547392  
18_1_0     0.10740656  0.09419068  0.00000000  0.05589831  0.05589831  0.09419068  0.07692762  0.23830221  0.38429669  0.19705690  0.32241428  0.35892159  0.27637244  0.35271103  0.34655198  0.36518454  0.37150075  0.36518454  0.40391379  0.46608055  0.31650049  0.34044360  0.32837554  0.34655198  0.34655198  0.27081287  0.27637244  0.27637244  0.28197395  0.26529462  0.25981707  0.25437963  0.27081287  0.25437963  0.25981707  0.31063342  0.31650049  0.27637244  0.33438505  0.34655198  0.34655198  0.39077831  0.36518454  0.27081287  0.28761804  0.26529462  0.26529462  0.27637244  0.24898172  0.29903656  0.35892159  0.43090308  0.42406324  0.43090308  0.42406324  0.34655198  0.39731701  0.34655198  0.31650049  0.34044360  0.41728582  0.37787116  0.44477474  0.37150075  0.36518454  0.35271103  0.35271103  0.34044360  0.46608055  0.45891047  0.50300773  0.48801578  0.52607894  0.52607894  0.50300773  0.43090308  0.45891047  0.45180897  0.39731701  0.39731701  0.39731701  0.63527259  0.66292674  0.66292674  0.62627876  0.49547392  0.49547392  0.48801578  0.48801578  0.48801578  0.77416874  0.48063180  0.45891047  0.50300773  0.46608055  0.57449001  0.59993298  0.58287451  0.60861146  0.60861146  0.55799980  0.63527259  0.59993298  0.63527259  0.61739257  0.60861146  0.56619913  0.53393143  0.51830862  0.63527259  0.67237849  0.59135476  0.64437669  0.63527259  0.60861146  0.65359379  0.66292674  0.63527259  0.64437669  0.64437669  0.65359379  0.70147778  0.66292674  0.68195211  1.03251638  1.03251638  1.03251638  0.77416874  0.77416874  0.76333841  0.83082474  0.83082474  0.64437669  0.64437669  0.64437669  0.61739257  0.70147778  0.62627876  0.65359379  0.65359379  0.62627876  0.53393143  0.86701664  0.89216327  0.66292674  0.60861146  0.61739257  0.62627876  0.54186786  0.59135476  0.54989002  0.52607894  0.59993298  0.59993298  0.62627876  0.51061877  0.51061877  0.54989002  
72_1_0     0.04765056  0.03544820  0.05589831  0.00000000  0.00000000  0.03544820  0.02742329  0.21739322  0.32241428  0.12996955  0.25437963  0.28761804  0.21225669  0.32241428  0.31650049  0.34655198  0.37150075  0.35271103  0.38429669  0.45180897  0.28197395  0.32837554  0.27081287  0.31063342  0.29903656  0.22777412  0.23301951  0.23301951  0.23830221  0.24362277  0.23830221  0.23301951  0.24898172  0.23301951  0.23830221  0.27637244  0.28197395  0.24362277  0.31063342  0.32241428  0.32241428  0.37787116  0.34044360  0.23830221  0.24898172  0.22256553  0.22256553  0.22256553  0.19705690  0.28197395  0.32837554  0.41056971  0.40391379  0.41056971  0.41728582  0.34655198  0.38429669  0.34655198  0.28761804  0.32241428  0.39731701  0.35892159  0.39077831  0.32837554  0.32241428  0.32241428  0.31063342  0.31063342  0.42406324  0.43780652  0.48801578  0.45891047  0.48801578  0.50300773  0.43780652  0.41728582  0.44477474  0.41056971  0.37150075  0.37150075  0.38429669  0.55799980  0.56619913  0.56619913  0.54989002  0.43090308  0.43090308  0.42406324  0.42406324  0.42406324  0.75266376  0.41728582  0.41056971  0.45180897  0.40391379  0.57449001  0.59993298  0.58287451  0.59135476  0.59135476  0.57449001  0.61739257  0.59993298  0.63527259  0.61739257  0.60861146  0.52607894  0.52607894  0.51061877  0.57449001  0.60861146  0.55799980  0.70147778  0.69165077  0.66292674  0.62627876  0.63527259  0.60861146  0.61739257  0.61739257  0.63527259  0.59993298  0.56619913  0.58287451  1.01722548  1.08037428  1.08037428  0.76333841  0.76333841  0.75266376  0.79631516  0.79631516  0.59993298  0.58287451  0.58287451  0.57449001  0.62627876  0.57449001  0.59993298  0.62627876  0.59993298  0.47332053  0.85475563  0.85475563  0.59993298  0.59135476  0.60861146  0.62627876  0.51830862  0.53393143  0.49547392  0.48801578  0.56619913  0.59135476  0.61739257  0.46608055  0.46608055  0.51830862  
49_1_0     0.04765056  0.03544820  0.05589831  0.00000000  0.00000000  0.03544820  0.02742329  0.21739322  0.32241428  0.12996955  0.25437963  0.28761804  0.21225669  0.32241428  0.31650049  0.34655198  0.37150075  0.35271103  0.38429669  0.45180897  0.28197395  0.32837554  0.27081287  0.31063342  0.29903656  0.22777412  0.23301951  0.23301951  0.23830221  0.24362277  0.23830221  0.23301951  0.24898172  0.23301951  0.23830221  0.27637244  0.28197395  0.24362277  0.31063342  0.32241428  0.32241428  0.37787116  0.34044360  0.23830221  0.24898172  0.22256553  0.22256553  0.22256553  0.19705690  0.28197395  0.32837554  0.41056971  0.40391379  0.41056971  0.41728582  0.34655198  0.38429669  0.34655198  0.28761804  0.32241428  0.39731701  0.35892159  0.39077831  0.32837554  0.32241428  0.32241428  0.31063342  0.31063342  0.42406324  0.43780652  0.48801578  0.45891047  0.48801578  0.50300773  0.43780652  0.41728582  0.44477474  0.41056971  0.37150075  0.37150075  0.38429669  0.55799980  0.56619913  0.56619913  0.54989002  0.43090308  0.43090308  0.42406324  0.42406324  0.42406324  0.75266376  0.41728582  0.41056971  0.45180897  0.40391379  0.57449001  0.59993298  0.58287451  0.59135476  0.59135476  0.57449001  0.61739257  0.59993298  0.63527259  0.61739257  0.60861146  0.52607894  0.52607894  0.51061877  0.57449001  0.60861146  0.55799980  0.70147778  0.69165077  0.66292674  0.62627876  0.63527259  0.60861146  0.61739257  0.61739257  0.63527259  0.59993298  0.56619913  0.58287451  1.01722548  1.08037428  1.08037428  0.76333841  0.76333841  0.75266376  0.79631516  0.79631516  0.59993298  0.58287451  0.58287451  0.57449001  0.62627876  0.57449001  0.59993298  0.62627876  0.59993298  0.47332053  0.85475563  0.85475563  0.59993298  0.59135476  0.60861146  0.62627876  0.51830862  0.53393143  0.49547392  0.48801578  0.56619913  0.59135476  0.61739257  0.46608055  0.46608055  0.51830862  
60_1_0     0.04356079  0.03142490  0.09419068  0.03544820  0.03544820  0.00000000  0.01554623  0.21225669  0.32241428  0.12540177  0.27081287  0.29330535  0.21739322  0.33438505  0.32837554  0.34655198  0.38429669  0.36518454  0.39077831  0.44477474  0.28197395  0.33438505  0.28197395  0.31650049  0.30481235  0.21739322  0.21739322  0.23830221  0.22777412  0.23301951  0.22777412  0.22256553  0.23830221  0.22777412  0.22777412  0.26529462  0.27081287  0.23301951  0.31650049  0.32837554  0.32837554  0.38429669  0.34655198  0.23830221  0.23301951  0.22256553  0.22256553  0.24362277  0.18709385  0.30481235  0.35271103  0.39731701  0.39731701  0.39731701  0.44477474  0.37150075  0.41728582  0.35271103  0.28197395  0.31650049  0.37787116  0.34044360  0.39077831  0.32837554  0.31650049  0.31650049  0.30481235  0.31650049  0.39731701  0.42406324  0.48063180  0.46608055  0.49547392  0.51061877  0.46608055  0.41728582  0.41728582  0.43090308  0.37150075  0.37150075  0.38429669  0.54989002  0.55799980  0.55799980  0.54186786  0.43780652  0.43780652  0.44477474  0.44477474  0.44477474  0.74214040  0.43090308  0.43780652  0.46608055  0.41728582  0.58287451  0.62627876  0.59135476  0.60861146  0.60861146  0.59135476  0.63527259  0.61739257  0.66292674  0.63527259  0.65359379  0.52607894  0.53393143  0.51830862  0.59993298  0.63527259  0.56619913  0.70147778  0.69165077  0.66292674  0.64437669  0.65359379  0.61739257  0.63527259  0.63527259  0.63527259  0.58287451  0.55799980  0.56619913  1.00224311  1.06407652  1.06407652  0.78515939  0.78515939  0.77416874  0.81914244  0.81914244  0.62627876  0.60861146  0.60861146  0.59993298  0.65359379  0.59993298  0.62627876  0.62627876  0.59993298  0.47332053  0.85475563  0.85475563  0.59993298  0.59135476  0.60861146  0.62627876  0.54989002  0.55799980  0.49547392  0.48801578  0.55799980  0.59993298  0.64437669  0.47332053  0.47332053  0.51830862  
69_1_0     0.03544820  0.02344312  0.07692762  0.02742329  0.02742329  0.01554623  0.00000000  0.20208900  0.33438505  0.11634965  0.25981707  0.28197395  0.20715544  0.32241428  0.31650049  0.33438505  0.37150075  0.35271103  0.37787116  0.43090308  0.28197395  0.33438505  0.27081287  0.31650049  0.30481235  0.21739322  0.21739322  0.23830221  0.22777412  0.22256553  0.21739322  0.21225669  0.22777412  0.21739322  0.21739322  0.25437963  0.25981707  0.23301951  0.31650049  0.32837554  0.32837554  0.38429669  0.34655198  0.23830221  0.24362277  0.22256553  0.22256553  0.23301951  0.18709385  0.29330535  0.34044360  0.41056971  0.41056971  0.41056971  0.43090308  0.35892159  0.40391379  0.35271103  0.27081287  0.30481235  0.37150075  0.33438505  0.37150075  0.31063342  0.29903656  0.29903656  0.28761804  0.29903656  0.40391379  0.41728582  0.46608055  0.45180897  0.46608055  0.48063180  0.43780652  0.39731701  0.43090308  0.40391379  0.34655198  0.34655198  0.35892159  0.54186786  0.54989002  0.54989002  0.53393143  0.43090308  0.43090308  0.42406324  0.42406324  0.42406324  0.74214040  0.40391379  0.43090308  0.43780652  0.39077831  0.56619913  0.60861146  0.57449001  0.59135476  0.59135476  0.55799980  0.59993298  0.58287451  0.64437669  0.59993298  0.63527259  0.52607894  0.53393143  0.50300773  0.59993298  0.63527259  0.54989002  0.68195211  0.67237849  0.64437669  0.62627876  0.63527259  0.59993298  0.63527259  0.63527259  0.63527259  0.57449001  0.54989002  0.55799980  1.03251638  1.09703780  1.09703780  0.76333841  0.76333841  0.75266376  0.79631516  0.79631516  0.60861146  0.59135476  0.59135476  0.58287451  0.62627876  0.58287451  0.60861146  0.62627876  0.59993298  0.47332053  0.86701664  0.86701664  0.58287451  0.57449001  0.59993298  0.60861146  0.53393143  0.54186786  0.49547392  0.47332053  0.55799980  0.58287451  0.62627876  0.45891047  0.45891047  0.51830862  
68_1_0     0.23830221  0.22256553  0.23830221  0.21739322  0.21739322  0.21225669  0.20208900  0.00000000  0.35892159  0.28761804  0.39731701  0.39731701  0.31650049  0.44477474  0.45180897  0.39077831  0.41056971  0.41728582  0.46608055  0.48801578  0.27081287  0.32837554  0.28197395  0.31650049  0.31650049  0.31063342  0.31063342  0.34655198  0.31063342  0.29330535  0.28761804  0.29330535  0.31650049  0.31063342  0.28761804  0.33438505  0.34044360  0.33438505  0.36518454  0.36518454  0.36518454  0.40391379  0.43090308  0.36518454  0.36518454  0.33438505  0.34655198  0.37787116  0.30481235  0.37150075  0.37150075  0.45891047  0.44477474  0.45891047  0.43780652  0.44477474  0.49547392  0.45180897  0.37150075  0.38429669  0.44477474  0.44477474  0.45180897  0.38429669  0.39077831  0.37787116  0.37787116  0.37787116  0.47332053  0.48801578  0.56619913  0.56619913  0.53393143  0.53393143  0.51830862  0.50300773  0.56619913  0.50300773  0.45891047  0.45891047  0.45891047  0.63527259  0.65359379  0.65359379  0.66292674  0.60861146  0.60861146  0.52607894  0.54186786  0.52607894  0.75266376  0.45891047  0.48063180  0.47332053  0.45180897  0.65359379  0.60861146  0.64437669  0.60861146  0.60861146  0.57449001  0.59993298  0.58287451  0.68195211  0.61739257  0.66292674  0.51061877  0.54186786  0.53393143  0.63527259  0.65359379  0.54989002  0.68195211  0.69165077  0.66292674  0.70147778  0.69165077  0.65359379  0.64437669  0.64437669  0.65359379  0.61739257  0.61739257  0.59993298  1.00224311  1.00224311  1.03251638  0.66292674  0.66292674  0.67237849  0.70147778  0.70147778  0.63527259  0.61739257  0.61739257  0.60861146  0.63527259  0.62627876  0.63527259  0.59135476  0.58287451  0.51061877  0.97315586  0.97315586  0.59993298  0.63527259  0.60861146  0.59993298  0.54989002  0.60861146  0.51061877  0.49547392  0.60861146  0.58287451  0.59993298  0.48801578  0.48801578  0.52607894  
24_1_0     0.32241428  0.31650049  0.38429669  0.32241428  0.32241428  0.32241428  0.33438505  0.35892159  0.00000000  0.25981707  0.37150075  0.39077831  0.32241428  0.41728582  0.42406324  0.34655198  0.37150075  0.35271103  0.43090308  0.40391379  0.27637244  0.34655198  0.31650049  0.33438505  0.34655198  0.24898172  0.23830221  0.24898172  0.23830221  0.25981707  0.26529462  0.27081287  0.28197395  0.25981707  0.26529462  0.26529462  0.25981707  0.24898172  0.29903656  0.33438505  0.33438505  0.35892159  0.41056971  0.27637244  0.28761804  0.25981707  0.26529462  0.30481235  0.25437963  0.37787116  0.37787116  0.51061877  0.48063180  0.49547392  0.42406324  0.40391379  0.41056971  0.39731701  0.35271103  0.35892159  0.43780652  0.43780652  0.37150075  0.40391379  0.39077831  0.39731701  0.39731701  0.37150075  0.44477474  0.47332053  0.53393143  0.48801578  0.51830862  0.52607894  0.48063180  0.48801578  0.48063180  0.46608055  0.43090308  0.43090308  0.44477474  0.55799980  0.53393143  0.53393143  0.53393143  0.52607894  0.52607894  0.47332053  0.48063180  0.50300773  0.76333841  0.44477474  0.46608055  0.46608055  0.41728582  0.68195211  0.63527259  0.67237849  0.64437669  0.64437669  0.62627876  0.60861146  0.61739257  0.65359379  0.62627876  0.59993298  0.52607894  0.55799980  0.52607894  0.52607894  0.51061877  0.53393143  0.60861146  0.61739257  0.66292674  0.60861146  0.61739257  0.65359379  0.64437669  0.64437669  0.64437669  0.53393143  0.58287451  0.54989002  0.81914244  1.00224311  0.95902865  0.64437669  0.64437669  0.61739257  0.70147778  0.70147778  0.59135476  0.57449001  0.57449001  0.59993298  0.59993298  0.56619913  0.58287451  0.64437669  0.65359379  0.55799980  0.94516520  0.94516520  0.61739257  0.72153079  0.73176409  0.73176409  0.54186786  0.54989002  0.55799980  0.52607894  0.64437669  0.65359379  0.62627876  0.52607894  0.52607894  0.52607894  
45_1_0     0.10740656  0.10297508  0.19705690  0.12996955  0.12996955  0.12540177  0.11634965  0.28761804  0.25981707  0.00000000  0.15798252  0.17726272  0.11186464  0.32241428  0.31650049  0.28761804  0.32241428  0.30481235  0.31650049  0.37787116  0.19205867  0.23830221  0.17726272  0.22256553  0.20208900  0.11634965  0.11634965  0.14384394  0.12540177  0.13919028  0.13456560  0.14384394  0.15798252  0.14852695  0.13456560  0.16756004  0.17239553  0.12996955  0.20208900  0.22777412  0.22777412  0.27637244  0.28197395  0.15323969  0.17239553  0.13456560  0.12996955  0.13919028  0.08120591  0.25437963  0.28761804  0.37150075  0.37150075  0.35892159  0.37787116  0.31650049  0.35892159  0.30481235  0.21739322  0.26529462  0.26529462  0.25437963  0.27081287  0.23301951  0.21225669  0.22256553  0.21225669  0.22256553  0.37150075  0.38429669  0.39077831  0.37787116  0.39077831  0.41056971  0.34655198  0.30481235  0.37150075  0.34044360  0.27081287  0.27081287  0.27081287  0.49547392  0.50300773  0.50300773  0.50300773  0.34044360  0.34044360  0.37150075  0.35892159  0.37150075  0.69165077  0.31650049  0.34655198  0.35271103  0.30481235  0.52607894  0.56619913  0.53393143  0.54989002  0.54989002  0.54989002  0.57449001  0.54186786  0.53393143  0.54989002  0.54186786  0.41728582  0.42406324  0.41056971  0.51830862  0.51830862  0.43090308  0.62627876  0.59993298  0.57449001  0.58287451  0.59135476  0.55799980  0.54989002  0.54989002  0.55799980  0.53393143  0.51061877  0.51830862  0.94516520  0.95902865  0.98755707  0.67237849  0.67237849  0.64437669  0.70147778  0.70147778  0.50300773  0.48801578  0.48801578  0.49547392  0.51830862  0.48801578  0.50300773  0.62627876  0.59135476  0.41056971  0.76333841  0.76333841  0.47332053  0.51830862  0.56619913  0.56619913  0.41728582  0.44477474  0.39077831  0.37150075  0.47332053  0.54186786  0.51830862  0.37150075  0.37150075  0.42406324  
17_1_0     0.24898172  0.24362277  0.32241428  0.25437963  0.25437963  0.27081287  0.25981707  0.39731701  0.37150075  0.15798252  0.00000000  0.06423871  0.06844430  0.38429669  0.37787116  0.34655198  0.37150075  0.35892159  0.35271103  0.42406324  0.25981707  0.31063342  0.24362277  0.24898172  0.23301951  0.22777412  0.23830221  0.21739322  0.23830221  0.24362277  0.23830221  0.24898172  0.27637244  0.25437963  0.23830221  0.27081287  0.27637244  0.24362277  0.29330535  0.32241428  0.32241428  0.34044360  0.36518454  0.28197395  0.32837554  0.25981707  0.25981707  0.23830221  0.19705690  0.35892159  0.41056971  0.46608055  0.43780652  0.45180897  0.48063180  0.39731701  0.45891047  0.39077831  0.32837554  0.37787116  0.35892159  0.34655198  0.37787116  0.34655198  0.34655198  0.36518454  0.36518454  0.35271103  0.44477474  0.45891047  0.48063180  0.48063180  0.43780652  0.46608055  0.39077831  0.39077831  0.47332053  0.39731701  0.34044360  0.34044360  0.34044360  0.54186786  0.56619913  0.56619913  0.54989002  0.43090308  0.43090308  0.41056971  0.39731701  0.42406324  0.78515939  0.37787116  0.41056971  0.38429669  0.37150075  0.63527259  0.64437669  0.63527259  0.63527259  0.63527259  0.63527259  0.61739257  0.60861146  0.59993298  0.61739257  0.59135476  0.46608055  0.46608055  0.45891047  0.52607894  0.52607894  0.49547392  0.69165077  0.66292674  0.63527259  0.63527259  0.60861146  0.60861146  0.67237849  0.67237849  0.69165077  0.52607894  0.54186786  0.52607894  0.98755707  1.00224311  1.00224311  0.73176409  0.73176409  0.73176409  0.75266376  0.75266376  0.55799980  0.54186786  0.54186786  0.54989002  0.57449001  0.53393143  0.55799980  0.68195211  0.65359379  0.48801578  0.91819144  0.91819144  0.56619913  0.58287451  0.61739257  0.62627876  0.51061877  0.57449001  0.49547392  0.44477474  0.52607894  0.57449001  0.54186786  0.44477474  0.44477474  0.48063180  
11_1_0     0.27081287  0.25437963  0.35892159  0.28761804  0.28761804  0.29330535  0.28197395  0.39731701  0.39077831  0.17726272  0.06423871  0.00000000  0.10297508  0.43090308  0.42406324  0.33438505  0.37150075  0.35892159  0.35271103  0.41056971  0.27081287  0.31063342  0.25437963  0.27081287  0.24898172  0.23301951  0.24362277  0.22256553  0.24362277  0.24362277  0.23830221  0.24898172  0.27637244  0.25437963  0.23830221  0.27081287  0.27637244  0.25437963  0.30481235  0.33438505  0.33438505  0.34044360  0.37787116  0.28761804  0.32241428  0.27637244  0.26529462  0.24898172  0.20715544  0.34655198  0.39731701  0.46608055  0.45180897  0.46608055  0.46608055  0.37787116  0.43780652  0.39731701  0.31063342  0.33438505  0.37150075  0.38429669  0.35892159  0.34044360  0.32837554  0.33438505  0.33438505  0.34655198  0.41056971  0.42406324  0.50300773  0.50300773  0.45891047  0.45891047  0.41728582  0.39077831  0.45891047  0.37150075  0.31650049  0.31650049  0.31650049  0.53393143  0.57449001  0.57449001  0.57449001  0.45891047  0.45891047  0.42406324  0.41056971  0.43780652  0.72153079  0.34655198  0.43780652  0.37787116  0.34044360  0.60861146  0.62627876  0.60861146  0.57449001  0.57449001  0.60861146  0.57449001  0.58287451  0.59135476  0.59993298  0.58287451  0.44477474  0.43090308  0.41056971  0.52607894  0.52607894  0.50300773  0.68195211  0.65359379  0.64437669  0.62627876  0.61739257  0.60861146  0.62627876  0.62627876  0.63527259  0.52607894  0.51061877  0.52607894  0.98755707  1.00224311  1.03251638  0.75266376  0.75266376  0.72153079  0.74214040  0.74214040  0.51061877  0.49547392  0.49547392  0.51830862  0.52607894  0.48801578  0.51061877  0.70147778  0.69165077  0.49547392  0.91819144  0.97315586  0.54186786  0.54989002  0.57449001  0.58287451  0.46608055  0.55799980  0.45891047  0.45180897  0.48063180  0.51830862  0.51830862  0.49547392  0.49547392  0.46608055  
70_1_0     0.19705690  0.19205867  0.27637244  0.21225669  0.21225669  0.21739322  0.20715544  0.31650049  0.32241428  0.11186464  0.06844430  0.10297508  0.00000000  0.33438505  0.32837554  0.30481235  0.34044360  0.32837554  0.32241428  0.39077831  0.21739322  0.27637244  0.21225669  0.23830221  0.22777412  0.16275584  0.17239553  0.18216202  0.17239553  0.18216202  0.17726272  0.19705690  0.21225669  0.19205867  0.17726272  0.21739322  0.22256553  0.18216202  0.23830221  0.26529462  0.26529462  0.30481235  0.32241428  0.21739322  0.24898172  0.18709385  0.19205867  0.20715544  0.13919028  0.32837554  0.35271103  0.42406324  0.39731701  0.41056971  0.43780652  0.38429669  0.44477474  0.38429669  0.28761804  0.33438505  0.32837554  0.34044360  0.31650049  0.27637244  0.28761804  0.30481235  0.30481235  0.30481235  0.40391379  0.41728582  0.43780652  0.43780652  0.38429669  0.43090308  0.37787116  0.34655198  0.41056971  0.35271103  0.28761804  0.28761804  0.28761804  0.51061877  0.53393143  0.53393143  0.53393143  0.44477474  0.44477474  0.42406324  0.42406324  0.43780652  0.77416874  0.36518454  0.37787116  0.36518454  0.35271103  0.63527259  0.63527259  0.63527259  0.59135476  0.59135476  0.59135476  0.54989002  0.56619913  0.60861146  0.61739257  0.61739257  0.42406324  0.45180897  0.41728582  0.52607894  0.52607894  0.46608055  0.70147778  0.67237849  0.64437669  0.64437669  0.61739257  0.64437669  0.63527259  0.63527259  0.64437669  0.51830862  0.50300773  0.51830862  0.94516520  0.98755707  1.01722548  0.69165077  0.69165077  0.66292674  0.70147778  0.70147778  0.56619913  0.54989002  0.54989002  0.55799980  0.59993298  0.55799980  0.56619913  0.67237849  0.64437669  0.46608055  0.83082474  0.85475563  0.52607894  0.56619913  0.60861146  0.60861146  0.48063180  0.51061877  0.45891047  0.41056971  0.47332053  0.54989002  0.52607894  0.43090308  0.43090308  0.45891047  
17_2_0     0.31063342  0.29330535  0.35271103  0.32241428  0.32241428  0.33438505  0.32241428  0.44477474  0.41728582  0.32241428  0.38429669  0.43090308  0.33438505  0.00000000  0.00385615  0.40391379  0.41728582  0.42406324  0.39731701  0.47332053  0.34044360  0.36518454  0.33438505  0.36518454  0.34044360  0.30481235  0.31650049  0.31650049  0.30481235  0.31063342  0.31650049  0.32837554  0.32241428  0.32837554  0.31650049  0.32837554  0.33438505  0.32241428  0.42406324  0.43090308  0.43090308  0.47332053  0.49547392  0.32837554  0.37150075  0.32241428  0.32837554  0.29903656  0.30481235  0.34655198  0.45180897  0.49547392  0.49547392  0.51061877  0.47332053  0.42406324  0.45180897  0.43780652  0.34655198  0.38429669  0.48063180  0.47332053  0.39731701  0.34655198  0.37150075  0.36518454  0.35271103  0.37787116  0.43090308  0.45891047  0.50300773  0.50300773  0.42406324  0.45891047  0.45891047  0.43780652  0.47332053  0.42406324  0.44477474  0.44477474  0.45891047  0.63527259  0.64437669  0.64437669  0.60861146  0.48801578  0.48801578  0.48801578  0.51830862  0.48801578  0.67237849  0.43090308  0.45891047  0.45891047  0.41728582  0.59993298  0.60861146  0.60861146  0.65359379  0.65359379  0.67237849  0.62627876  0.64437669  0.66292674  0.60861146  0.64437669  0.46608055  0.47332053  0.45891047  0.48801578  0.51830862  0.48801578  0.65359379  0.64437669  0.64437669  0.67237849  0.66292674  0.66292674  0.67237849  0.67237849  0.55799980  0.56619913  0.59135476  0.54989002  1.06407652  0.95902865  0.98755707  0.70147778  0.70147778  0.68195211  0.67237849  0.67237849  0.55799980  0.54186786  0.54186786  0.54989002  0.63527259  0.52607894  0.54989002  0.75266376  0.67237849  0.49547392  0.81914244  0.79631516  0.57449001  0.71143659  0.74214040  0.72153079  0.60861146  0.65359379  0.51830862  0.48801578  0.57449001  0.57449001  0.58287451  0.47332053  0.47332053  0.48801578  
11_2_0     0.30481235  0.28761804  0.34655198  0.31650049  0.31650049  0.32837554  0.31650049  0.45180897  0.42406324  0.31650049  0.37787116  0.42406324  0.32837554  0.00385615  0.00000000  0.39731701  0.41056971  0.41728582  0.40391379  0.48063180  0.33438505  0.35892159  0.32837554  0.35892159  0.33438505  0.29903656  0.31063342  0.31063342  0.31063342  0.31650049  0.32241428  0.33438505  0.32837554  0.33438505  0.32241428  0.33438505  0.34044360  0.31650049  0.43090308  0.43780652  0.43780652  0.48063180  0.50300773  0.32241428  0.36518454  0.31650049  0.32241428  0.30481235  0.29903656  0.35271103  0.45891047  0.48801578  0.48801578  0.50300773  0.46608055  0.41728582  0.45891047  0.43090308  0.35271103  0.39077831  0.47332053  0.46608055  0.40391379  0.34044360  0.36518454  0.35892159  0.34655198  0.37150075  0.42406324  0.45180897  0.49547392  0.49547392  0.41728582  0.46608055  0.45180897  0.43090308  0.46608055  0.43090308  0.43780652  0.43780652  0.45180897  0.62627876  0.63527259  0.63527259  0.59993298  0.48063180  0.48063180  0.48063180  0.51061877  0.48063180  0.68195211  0.43780652  0.45891047  0.46608055  0.42406324  0.59135476  0.59993298  0.59993298  0.64437669  0.64437669  0.66292674  0.61739257  0.63527259  0.65359379  0.59993298  0.63527259  0.47332053  0.48063180  0.45180897  0.48063180  0.51061877  0.49547392  0.66292674  0.65359379  0.65359379  0.66292674  0.65359379  0.65359379  0.68195211  0.68195211  0.56619913  0.55799980  0.58287451  0.54186786  1.06407652  0.95902865  0.98755707  0.70147778  0.70147778  0.68195211  0.67237849  0.67237849  0.54989002  0.53393143  0.53393143  0.54186786  0.62627876  0.51830862  0.54186786  0.76333841  0.68195211  0.50300773  0.83082474  0.80764108  0.58287451  0.72153079  0.75266376  0.73176409  0.59993298  0.64437669  0.51061877  0.48063180  0.56619913  0.57449001  0.59135476  0.46608055  0.46608055  0.48063180  
23_1_0     0.33438505  0.32837554  0.36518454  0.34655198  0.34655198  0.34655198  0.33438505  0.39077831  0.34655198  0.28761804  0.34655198  0.33438505  0.30481235  0.40391379  0.39731701  0.00000000  0.02344312  0.01948418  0.08550898  0.25437963  0.22256553  0.31063342  0.25981707  0.27081287  0.24898172  0.24362277  0.24362277  0.25981707  0.24362277  0.23830221  0.23301951  0.26529462  0.26529462  0.25437963  0.23301951  0.25981707  0.26529462  0.23830221  0.29330535  0.30481235  0.30481235  0.34044360  0.35271103  0.24898172  0.27637244  0.23301951  0.23301951  0.28197395  0.22256553  0.30481235  0.37150075  0.43090308  0.41728582  0.43090308  0.40391379  0.39077831  0.42406324  0.41728582  0.28761804  0.30481235  0.31650049  0.32837554  0.35271103  0.36518454  0.35271103  0.33438505  0.33438505  0.34655198  0.35892159  0.37787116  0.48063180  0.48063180  0.45891047  0.48801578  0.51061877  0.43090308  0.50300773  0.48801578  0.39077831  0.39077831  0.39077831  0.57449001  0.56619913  0.56619913  0.56619913  0.49547392  0.49547392  0.45891047  0.45891047  0.45891047  0.73176409  0.42406324  0.46608055  0.43780652  0.41056971  0.55799980  0.54989002  0.54989002  0.61739257  0.61739257  0.54186786  0.59993298  0.59993298  0.61739257  0.54989002  0.56619913  0.50300773  0.51061877  0.46608055  0.52607894  0.52607894  0.53393143  0.64437669  0.63527259  0.62627876  0.66292674  0.66292674  0.57449001  0.65359379  0.65359379  0.63527259  0.47332053  0.51061877  0.45891047  0.89216327  0.93155585  0.91819144  0.66292674  0.66292674  0.65359379  0.68195211  0.68195211  0.57449001  0.57449001  0.57449001  0.56619913  0.61739257  0.54989002  0.57449001  0.64437669  0.56619913  0.50300773  0.90506332  0.87948351  0.62627876  0.57449001  0.59135476  0.59993298  0.55799980  0.59993298  0.50300773  0.45180897  0.50300773  0.48801578  0.59993298  0.53393143  0.53393143  0.48801578  
64_1_0     0.35892159  0.36518454  0.37150075  0.37150075  0.37150075  0.38429669  0.37150075  0.41056971  0.37150075  0.32241428  0.37150075  0.37150075  0.34044360  0.41728582  0.41056971  0.02344312  0.00000000  0.01948418  0.10297508  0.28197395  0.23830221  0.31650049  0.28197395  0.28197395  0.27081287  0.27637244  0.27637244  0.28197395  0.27637244  0.25981707  0.25437963  0.28761804  0.28761804  0.27637244  0.25437963  0.25981707  0.26529462  0.26529462  0.29903656  0.29903656  0.29903656  0.33438505  0.34655198  0.28197395  0.31063342  0.26529462  0.26529462  0.30481235  0.25437963  0.31650049  0.38429669  0.43090308  0.41728582  0.43090308  0.41728582  0.38429669  0.43090308  0.42406324  0.32241428  0.31650049  0.32837554  0.34044360  0.35271103  0.37787116  0.36518454  0.34655198  0.34655198  0.34655198  0.37787116  0.39731701  0.50300773  0.50300773  0.47332053  0.51830862  0.51061877  0.43780652  0.51830862  0.51061877  0.41728582  0.41728582  0.41056971  0.56619913  0.55799980  0.55799980  0.55799980  0.51061877  0.51061877  0.47332053  0.47332053  0.47332053  0.73176409  0.43780652  0.47332053  0.42406324  0.42406324  0.56619913  0.53393143  0.55799980  0.60861146  0.60861146  0.53393143  0.58287451  0.59135476  0.59135476  0.54186786  0.54186786  0.53393143  0.53393143  0.49547392  0.54186786  0.54186786  0.54989002  0.67237849  0.66292674  0.65359379  0.70147778  0.70147778  0.59135476  0.63527259  0.63527259  0.62627876  0.50300773  0.55799980  0.48801578  0.91819144  0.95902865  0.94516520  0.65359379  0.65359379  0.62627876  0.67237849  0.67237849  0.58287451  0.58287451  0.58287451  0.57449001  0.62627876  0.55799980  0.58287451  0.63527259  0.55799980  0.50300773  0.89216327  0.86701664  0.60861146  0.60861146  0.59135476  0.59993298  0.54186786  0.59993298  0.50300773  0.45180897  0.51830862  0.50300773  0.59993298  0.52607894  0.52607894  0.48801578  
36_1_0     0.35271103  0.34655198  0.36518454  0.35271103  0.35271103  0.36518454  0.35271103  0.41728582  0.35271103  0.30481235  0.35892159  0.35892159  0.32837554  0.42406324  0.41728582  0.01948418  0.01948418  0.00000000  0.10740656  0.28197395  0.22256553  0.31063342  0.26529462  0.27637244  0.25437963  0.25981707  0.25981707  0.25437963  0.25981707  0.25437963  0.24898172  0.28197395  0.28197395  0.27081287  0.24898172  0.26529462  0.27081287  0.24898172  0.29330535  0.30481235  0.30481235  0.34044360  0.32837554  0.26529462  0.29330535  0.24898172  0.24898172  0.28761804  0.23830221  0.32241428  0.39077831  0.43780652  0.42406324  0.43780652  0.42406324  0.37787116  0.41056971  0.41728582  0.31650049  0.31063342  0.32241428  0.32241428  0.35892159  0.37150075  0.35892159  0.35271103  0.35271103  0.35271103  0.37150075  0.39077831  0.48063180  0.48063180  0.46608055  0.51061877  0.48801578  0.43090308  0.54186786  0.50300773  0.42406324  0.42406324  0.41728582  0.58287451  0.57449001  0.57449001  0.57449001  0.50300773  0.50300773  0.46608055  0.46608055  0.46608055  0.71143659  0.44477474  0.48063180  0.44477474  0.43090308  0.58287451  0.56619913  0.59135476  0.63527259  0.63527259  0.55799980  0.62627876  0.61739257  0.59993298  0.56619913  0.54989002  0.52607894  0.52607894  0.48801578  0.54989002  0.54989002  0.54186786  0.64437669  0.63527259  0.64437669  0.67237849  0.67237849  0.56619913  0.60861146  0.60861146  0.63527259  0.48063180  0.52607894  0.48063180  0.87948351  0.97315586  0.95902865  0.66292674  0.66292674  0.65359379  0.68195211  0.68195211  0.54989002  0.54989002  0.54989002  0.54186786  0.59135476  0.52607894  0.54989002  0.66292674  0.58287451  0.51061877  0.91819144  0.89216327  0.61739257  0.59993298  0.62627876  0.63527259  0.52607894  0.58287451  0.50300773  0.46608055  0.51830862  0.49547392  0.60861146  0.52607894  0.52607894  0.48063180  
8_1_0      0.35271103  0.37150075  0.40391379  0.38429669  0.38429669  0.39077831  0.37787116  0.46608055  0.43090308  0.31650049  0.35271103  0.35271103  0.32241428  0.39731701  0.40391379  0.08550898  0.10297508  0.10740656  0.00000000  0.22777412  0.28761804  0.32241428  0.28761804  0.28197395  0.27081287  0.31063342  0.32241428  0.29330535  0.31063342  0.30481235  0.29903656  0.31063342  0.32241428  0.31063342  0.29903656  0.30481235  0.31063342  0.30481235  0.34044360  0.34044360  0.34044360  0.37787116  0.37787116  0.31650049  0.34044360  0.31063342  0.31063342  0.32241428  0.27637244  0.31063342  0.36518454  0.44477474  0.44477474  0.44477474  0.43090308  0.43090308  0.43780652  0.44477474  0.33438505  0.36518454  0.31650049  0.37150075  0.36518454  0.35271103  0.34044360  0.32241428  0.33438505  0.33438505  0.42406324  0.43090308  0.50300773  0.50300773  0.43780652  0.43780652  0.48801578  0.43090308  0.48801578  0.45891047  0.39077831  0.39077831  0.39077831  0.54989002  0.55799980  0.55799980  0.55799980  0.51061877  0.51061877  0.47332053  0.44477474  0.48801578  0.76333841  0.43090308  0.46608055  0.45891047  0.41728582  0.58287451  0.59135476  0.57449001  0.66292674  0.66292674  0.59993298  0.62627876  0.64437669  0.62627876  0.57449001  0.57449001  0.52607894  0.48801578  0.48801578  0.51830862  0.54989002  0.52607894  0.69165077  0.66292674  0.63527259  0.71143659  0.69165077  0.61739257  0.68195211  0.68195211  0.64437669  0.49547392  0.56619913  0.49547392  0.87948351  0.90506332  0.87948351  0.69165077  0.69165077  0.68195211  0.69165077  0.69165077  0.58287451  0.58287451  0.58287451  0.59135476  0.60861146  0.57449001  0.58287451  0.61739257  0.55799980  0.51061877  0.91819144  0.89216327  0.62627876  0.57449001  0.59135476  0.59993298  0.54186786  0.59993298  0.51061877  0.47332053  0.54186786  0.51061877  0.54186786  0.52607894  0.52607894  0.49547392  
22_1_0     0.41728582  0.41056971  0.46608055  0.45180897  0.45180897  0.44477474  0.43090308  0.48801578  0.40391379  0.37787116  0.42406324  0.41056971  0.39077831  0.47332053  0.48063180  0.25437963  0.28197395  0.28197395  0.22777412  0.00000000  0.38429669  0.48063180  0.42406324  0.40391379  0.42406324  0.34655198  0.33438505  0.37150075  0.34655198  0.34655198  0.34044360  0.34655198  0.35892159  0.35271103  0.34044360  0.35892159  0.35271103  0.37150075  0.41728582  0.44477474  0.44477474  0.45891047  0.51830862  0.36518454  0.42406324  0.37150075  0.37150075  0.38429669  0.36518454  0.39731701  0.39077831  0.50300773  0.51830862  0.51830862  0.50300773  0.49547392  0.50300773  0.52607894  0.39077831  0.38429669  0.41728582  0.44477474  0.41728582  0.44477474  0.43780652  0.43090308  0.44477474  0.44477474  0.46608055  0.48801578  0.59135476  0.57449001  0.56619913  0.55799980  0.53393143  0.50300773  0.51061877  0.50300773  0.44477474  0.44477474  0.44477474  0.58287451  0.59135476  0.59135476  0.59135476  0.60861146  0.60861146  0.51830862  0.50300773  0.54989002  0.79631516  0.52607894  0.54989002  0.54186786  0.50300773  0.68195211  0.61739257  0.67237849  0.62627876  0.62627876  0.62627876  0.63527259  0.61739257  0.70147778  0.71143659  0.72153079  0.59993298  0.66292674  0.60861146  0.57449001  0.59135476  0.63527259  0.68195211  0.67237849  0.68195211  0.76333841  0.76333841  0.76333841  0.75266376  0.75266376  0.66292674  0.63527259  0.70147778  0.63527259  0.90506332  0.91819144  0.94516520  0.65359379  0.65359379  0.62627876  0.68195211  0.68195211  0.66292674  0.68195211  0.68195211  0.69165077  0.68195211  0.68195211  0.69165077  0.68195211  0.71143659  0.66292674  1.01722548  1.01722548  0.66292674  0.68195211  0.71143659  0.72153079  0.66292674  0.65359379  0.59135476  0.59135476  0.70147778  0.55799980  0.61739257  0.60861146  0.60861146  0.61739257  
