20
4_0_0      0.00000000  0.21204251  0.20894471  0.20894471  0.82031351  0.84165665  0.81333265  0.78604447  0.84890887  0.88626635  0.74689654  0.84890887  0.75328024  0.79956384  0.87109822  0.78604447  0.78604447  0.80641649  0.79956384  0.90174918  
13_0_0     0.21204251  0.00000000  0.16980151  0.18761285  0.79956384  0.79277354  0.82736028  0.75328024  0.78604447  0.83447423  0.72806669  0.77937554  0.73429067  0.77276567  0.75971902  0.75328024  0.69177506  0.87109822  0.84890887  0.91756005  
12_0_0     0.20894471  0.16980151  0.00000000  0.10790574  0.88626635  0.85623225  0.83447423  0.83447423  0.90961275  0.79956384  0.83447423  0.84165665  0.75328024  0.78604447  0.74056699  0.75971902  0.73429067  0.87109822  0.86362822  0.90961275  
10_0_0     0.20894471  0.18761285  0.10790574  0.00000000  0.86362822  0.84890887  0.78604447  0.81333265  0.82736028  0.79277354  0.84165665  0.76621383  0.76621383  0.75971902  0.72806669  0.70367725  0.71577234  0.80641649  0.82736028  0.90961275  
20_0_0     0.82031351  0.79956384  0.88626635  0.86362822  0.00000000  0.05325784  0.15527672  0.22141383  0.25681870  0.29745988  0.25025526  0.24051707  0.77937554  0.75328024  0.82736028  0.79956384  0.79956384  0.86362822  0.85623225  0.90174918  
8_0_0      0.84165665  0.79277354  0.85623225  0.84890887  0.05325784  0.00000000  0.13260952  0.19062318  0.21827696  0.27012135  0.22456394  0.21515323  0.73429067  0.72189420  0.75971902  0.75971902  0.75971902  0.86362822  0.85623225  0.84890887  
15_0_0     0.81333265  0.82736028  0.83447423  0.78604447  0.15527672  0.13260952  0.00000000  0.22141383  0.25025526  0.32583814  0.26677339  0.23090433  0.67427032  0.71577234  0.76621383  0.70367725  0.72806669  0.80641649  0.80641649  0.77276567  
16_0_0     0.78604447  0.75328024  0.83447423  0.81333265  0.22141383  0.19062318  0.22141383  0.00000000  0.10521068  0.18461462  0.15527672  0.14954505  0.62409257  0.74056699  0.69770243  0.66852547  0.65716678  0.81333265  0.79277354  0.74689654  
7_0_0      0.84890887  0.78604447  0.90961275  0.82736028  0.25681870  0.21827696  0.25025526  0.10521068  0.00000000  0.19062318  0.20278742  0.15815915  0.62409257  0.70970029  0.66852547  0.62409257  0.63495525  0.81333265  0.82736028  0.75971902  
18_0_0     0.88626635  0.83447423  0.79956384  0.79277354  0.29745988  0.27012135  0.32583814  0.18461462  0.19062318  0.00000000  0.24699506  0.20894471  0.66282451  0.77937554  0.73429067  0.72806669  0.76621383  0.82736028  0.82031351  0.89396761  
9_0_0      0.74689654  0.72806669  0.83447423  0.84165665  0.25025526  0.22456394  0.26677339  0.15527672  0.20278742  0.24699506  0.00000000  0.24051707  0.68589441  0.77937554  0.77276567  0.72806669  0.70970029  0.78604447  0.77937554  0.78604447  
19_0_0     0.84890887  0.77937554  0.84165665  0.76621383  0.24051707  0.21515323  0.23090433  0.14954505  0.15815915  0.20894471  0.24051707  0.00000000  0.61338575  0.65716678  0.65716678  0.65155161  0.66282451  0.75971902  0.76621383  0.80641649  
5_0_0      0.75328024  0.73429067  0.75328024  0.76621383  0.77937554  0.73429067  0.67427032  0.62409257  0.62409257  0.66282451  0.68589441  0.61338575  0.00000000  0.23729905  0.23729905  0.20278742  0.21515323  0.79277354  0.79277354  0.82736028  
17_0_0     0.79956384  0.77276567  0.78604447  0.75971902  0.75328024  0.72189420  0.71577234  0.74056699  0.70970029  0.77937554  0.77937554  0.65716678  0.23729905  0.00000000  0.11061057  0.13260952  0.12152898  0.74689654  0.75328024  0.95861796  
14_0_0     0.87109822  0.75971902  0.74056699  0.72806669  0.82736028  0.75971902  0.76621383  0.69770243  0.66852547  0.73429067  0.77276567  0.65716678  0.23729905  0.11061057  0.00000000  0.12982392  0.11332523  0.82031351  0.79956384  0.87864375  
6_0_0      0.78604447  0.75328024  0.75971902  0.70367725  0.79956384  0.75971902  0.70367725  0.66852547  0.62409257  0.72806669  0.72806669  0.65155161  0.20278742  0.13260952  0.12982392  0.00000000  0.06336309  0.74056699  0.74056699  0.90174918  
11_0_0     0.78604447  0.69177506  0.73429067  0.71577234  0.79956384  0.75971902  0.72806669  0.65716678  0.63495525  0.76621383  0.70970029  0.66282451  0.21515323  0.12152898  0.11332523  0.06336309  0.00000000  0.77276567  0.77276567  0.85623225  
1_0_0      0.80641649  0.87109822  0.87109822  0.80641649  0.86362822  0.86362822  0.80641649  0.81333265  0.81333265  0.82736028  0.78604447  0.75971902  0.79277354  0.74689654  0.82031351  0.74056699  0.77276567  0.00000000  0.03344882  0.29398729  
2_0_0      0.79956384  0.84890887  0.86362822  0.82736028  0.85623225  0.85623225  0.80641649  0.79277354  0.82736028  0.82031351  0.77937554  0.76621383  0.79277354  0.75328024  0.79956384  0.74056699  0.77276567  0.03344882  0.00000000  0.30445392  
3_0_0      0.90174918  0.91756005  0.90961275  0.90961275  0.90174918  0.84890887  0.77276567  0.74689654  0.75971902  0.89396761  0.78604447  0.80641649  0.82736028  0.95861796  0.87864375  0.90174918  0.85623225  0.29398729  0.30445392  0.00000000  

