189
36_0_0     0.00000000  0.10498320  0.10498320  0.11308176  0.10498320  0.09697199  0.36229215  0.31807921  0.31807921  0.24652394  0.24652394  0.28656509  0.14638890  0.15495438  0.15495438  0.15495438  0.13792106  0.13792106  0.54177240  0.54177240  0.54177240  0.54177240  0.52741070  0.52741070  0.55641726  0.54177240  0.54177240  0.47258928  0.48592002  0.54177240  0.58660268  0.54177240  0.57135666  0.52741070  0.52741070  0.52741070  0.58660268  0.49949437  0.57135666  0.39726925  0.37376915  0.63431326  0.63431326  0.42153714  0.43397502  0.42153714  0.49949437  0.51332140  0.42153714  0.44662472  0.44662472  0.43397502  0.43397502  0.40930410  0.37376915  0.38542627  0.49949437  0.49949437  0.47258928  0.38542627  0.42153714  0.58660268  0.60216819  1.03911423  1.01131516  1.01131516  0.93366309  0.55641726  0.63431326  0.57135666  0.58660268  0.72134513  0.68529982  0.68529982  0.57135666  0.63431326  0.66791254  0.55641726  0.52741070  0.54177240  0.55641726  0.47258928  0.49949437  0.57135666  0.45949356  0.55641726  0.57135666  0.47258928  0.54177240  0.51332140  0.51332140  0.51332140  0.52741070  0.49949437  0.52741070  0.66791254  0.61806686  0.48592002  0.48592002  0.54177240  0.54177240  0.52741070  0.48592002  0.49949437  0.48592002  0.48592002  0.51332140  0.49949437  0.84133766  0.44662472  0.47258928  0.43397502  0.43397502  0.44662472  0.44662472  0.45949356  0.44662472  0.45949356  0.45949356  0.45949356  0.44662472  0.51332140  0.51332140  0.54177240  0.51332140  0.51332140  0.51332140  0.52741070  0.51332140  0.63431326  0.61806686  0.61806686  0.63431326  0.66791254  0.54177240  0.52741070  0.58660268  0.60216819  0.60216819  0.68529982  0.68529982  0.55641726  0.55641726  0.55641726  0.63431326  0.72134513  0.65092295  0.65092295  0.60216819  0.55641726  0.55641726  0.66791254  0.66791254  0.49949437  0.51332140  0.51332140  0.65092295  0.49949437  0.49949437  0.44662472  0.44662472  0.60216819  0.57135666  0.54177240  0.57135666  0.57135666  0.47258928  0.47258928  0.49949437  0.45949356  0.45949356  0.45949356  0.47258928  0.63431326  0.39726925  0.43397502  0.39726925  0.44662472  0.44662472  0.49949437  0.58660268  0.47258928  0.48592002  0.45949356  0.43397502  0.54177240  0.63431326  0.60216819  0.57135666  
17_0_0     0.10498320  0.00000000  0.00000000  0.00702613  0.01411936  0.00702613  0.37376915  0.30742526  0.32888820  0.27635064  0.27635064  0.29692195  0.14638890  0.15495438  0.17238746  0.17238746  0.17238746  0.15495438  0.58660268  0.58660268  0.58660268  0.58660268  0.51332140  0.51332140  0.49949437  0.57135666  0.57135666  0.49949437  0.51332140  0.57135666  0.57135666  0.51332140  0.55641726  0.48592002  0.48592002  0.48592002  0.54177240  0.55641726  0.55641726  0.45949356  0.43397502  0.72134513  0.68529982  0.47258928  0.45949356  0.47258928  0.43397502  0.49949437  0.42153714  0.42153714  0.42153714  0.40930410  0.40930410  0.47258928  0.39726925  0.43397502  0.54177240  0.54177240  0.48592002  0.42153714  0.40930410  0.51332140  0.52741070  1.01131516  0.98451901  0.98451901  0.90948386  0.52741070  0.60216819  0.57135666  0.55641726  0.65092295  0.61806686  0.61806686  0.61806686  0.66791254  0.63431326  0.54177240  0.51332140  0.55641726  0.54177240  0.49949437  0.49949437  0.52741070  0.43397502  0.58660268  0.57135666  0.49949437  0.48592002  0.54177240  0.54177240  0.54177240  0.52741070  0.49949437  0.52741070  0.72134513  0.68529982  0.51332140  0.51332140  0.60216819  0.60216819  0.58660268  0.57135666  0.58660268  0.55641726  0.55641726  0.57135666  0.58660268  0.75922911  0.49949437  0.52741070  0.48592002  0.48592002  0.49949437  0.49949437  0.51332140  0.49949437  0.51332140  0.51332140  0.51332140  0.52741070  0.51332140  0.51332140  0.60216819  0.54177240  0.54177240  0.54177240  0.55641726  0.54177240  0.60216819  0.58660268  0.58660268  0.60216819  0.63431326  0.60216819  0.58660268  0.61806686  0.63431326  0.63431326  0.63431326  0.63431326  0.61806686  0.61806686  0.61806686  0.72134513  0.77892115  0.65092295  0.70310386  0.61806686  0.60216819  0.60216819  0.70310386  0.70310386  0.49949437  0.51332140  0.51332140  0.65092295  0.52741070  0.52741070  0.49949437  0.49949437  0.66791254  0.63431326  0.57135666  0.57135666  0.57135666  0.54177240  0.52741070  0.58660268  0.51332140  0.51332140  0.51332140  0.52741070  0.60216819  0.44662472  0.43397502  0.39726925  0.45949356  0.39726925  0.44662472  0.52741070  0.44662472  0.52741070  0.47258928  0.47258928  0.49949437  0.57135666  0.54177240  0.57135666  
98_0_0     0.10498320  0.00000000  0.00000000  0.00702613  0.01411936  0.00702613  0.37376915  0.30742526  0.32888820  0.27635064  0.27635064  0.29692195  0.14638890  0.15495438  0.17238746  0.17238746  0.17238746  0.15495438  0.58660268  0.58660268  0.58660268  0.58660268  0.51332140  0.51332140  0.49949437  0.57135666  0.57135666  0.49949437  0.51332140  0.57135666  0.57135666  0.51332140  0.55641726  0.48592002  0.48592002  0.48592002  0.54177240  0.55641726  0.55641726  0.45949356  0.43397502  0.72134513  0.68529982  0.47258928  0.45949356  0.47258928  0.43397502  0.49949437  0.42153714  0.42153714  0.42153714  0.40930410  0.40930410  0.47258928  0.39726925  0.43397502  0.54177240  0.54177240  0.48592002  0.42153714  0.40930410  0.51332140  0.52741070  1.01131516  0.98451901  0.98451901  0.90948386  0.52741070  0.60216819  0.57135666  0.55641726  0.65092295  0.61806686  0.61806686  0.61806686  0.66791254  0.63431326  0.54177240  0.51332140  0.55641726  0.54177240  0.49949437  0.49949437  0.52741070  0.43397502  0.58660268  0.57135666  0.49949437  0.48592002  0.54177240  0.54177240  0.54177240  0.52741070  0.49949437  0.52741070  0.72134513  0.68529982  0.51332140  0.51332140  0.60216819  0.60216819  0.58660268  0.57135666  0.58660268  0.55641726  0.55641726  0.57135666  0.58660268  0.75922911  0.49949437  0.52741070  0.48592002  0.48592002  0.49949437  0.49949437  0.51332140  0.49949437  0.51332140  0.51332140  0.51332140  0.52741070  0.51332140  0.51332140  0.60216819  0.54177240  0.54177240  0.54177240  0.55641726  0.54177240  0.60216819  0.58660268  0.58660268  0.60216819  0.63431326  0.60216819  0.58660268  0.61806686  0.63431326  0.63431326  0.63431326  0.63431326  0.61806686  0.61806686  0.61806686  0.72134513  0.77892115  0.65092295  0.70310386  0.61806686  0.60216819  0.60216819  0.70310386  0.70310386  0.49949437  0.51332140  0.51332140  0.65092295  0.52741070  0.52741070  0.49949437  0.49949437  0.66791254  0.63431326  0.57135666  0.57135666  0.57135666  0.54177240  0.52741070  0.58660268  0.51332140  0.51332140  0.51332140  0.52741070  0.60216819  0.44662472  0.43397502  0.39726925  0.45949356  0.39726925  0.44662472  0.52741070  0.44662472  0.52741070  0.47258928  0.47258928  0.49949437  0.57135666  0.54177240  0.57135666  
33_0_0     0.11308176  0.00702613  0.00702613  0.00000000  0.02128097  0.01411936  0.36229215  0.29692195  0.31807921  0.26627475  0.26627475  0.28656509  0.15495438  0.16361978  0.18125986  0.18125986  0.18125986  0.14638890  0.60216819  0.60216819  0.60216819  0.60216819  0.52741070  0.52741070  0.51332140  0.58660268  0.58660268  0.51332140  0.52741070  0.58660268  0.58660268  0.52741070  0.54177240  0.47258928  0.47258928  0.47258928  0.52741070  0.57135666  0.54177240  0.47258928  0.44662472  0.70310386  0.66791254  0.48592002  0.47258928  0.48592002  0.44662472  0.51332140  0.40930410  0.40930410  0.40930410  0.39726925  0.39726925  0.48592002  0.38542627  0.44662472  0.52741070  0.52741070  0.47258928  0.40930410  0.39726925  0.52741070  0.54177240  1.03911423  1.01131516  1.01131516  0.93366309  0.51332140  0.58660268  0.55641726  0.54177240  0.66791254  0.63431326  0.63431326  0.63431326  0.68529982  0.61806686  0.55641726  0.52741070  0.57135666  0.55641726  0.51332140  0.51332140  0.54177240  0.44662472  0.60216819  0.55641726  0.48592002  0.49949437  0.54177240  0.54177240  0.54177240  0.52741070  0.49949437  0.52741070  0.72134513  0.68529982  0.51332140  0.51332140  0.60216819  0.60216819  0.58660268  0.57135666  0.58660268  0.55641726  0.55641726  0.57135666  0.58660268  0.75922911  0.49949437  0.52741070  0.48592002  0.48592002  0.49949437  0.49949437  0.51332140  0.49949437  0.51332140  0.51332140  0.51332140  0.52741070  0.52741070  0.52741070  0.61806686  0.52741070  0.52741070  0.52741070  0.54177240  0.52741070  0.61806686  0.60216819  0.60216819  0.61806686  0.65092295  0.61806686  0.60216819  0.63431326  0.65092295  0.65092295  0.65092295  0.65092295  0.63431326  0.63431326  0.63431326  0.74004563  0.79914948  0.66791254  0.72134513  0.63431326  0.61806686  0.61806686  0.72134513  0.72134513  0.48592002  0.49949437  0.49949437  0.66791254  0.54177240  0.54177240  0.51332140  0.51332140  0.68529982  0.65092295  0.58660268  0.57135666  0.57135666  0.55641726  0.54177240  0.60216819  0.52741070  0.52741070  0.52741070  0.54177240  0.61806686  0.45949356  0.42153714  0.40930410  0.47258928  0.40930410  0.43397502  0.54177240  0.45949356  0.54177240  0.48592002  0.48592002  0.51332140  0.58660268  0.55641726  0.58660268  
81_0_0     0.10498320  0.01411936  0.01411936  0.02128097  0.00000000  0.00702613  0.37376915  0.32888820  0.32888820  0.27635064  0.27635064  0.29692195  0.14638890  0.15495438  0.17238746  0.17238746  0.17238746  0.15495438  0.58660268  0.58660268  0.58660268  0.58660268  0.51332140  0.51332140  0.52741070  0.57135666  0.57135666  0.49949437  0.51332140  0.57135666  0.57135666  0.54177240  0.55641726  0.48592002  0.48592002  0.48592002  0.54177240  0.55641726  0.55641726  0.48592002  0.45949356  0.72134513  0.72134513  0.47258928  0.45949356  0.47258928  0.43397502  0.49949437  0.42153714  0.44662472  0.44662472  0.40930410  0.40930410  0.47258928  0.39726925  0.43397502  0.55641726  0.55641726  0.49949437  0.43397502  0.42153714  0.52741070  0.54177240  1.01131516  0.98451901  0.98451901  0.90948386  0.54177240  0.61806686  0.58660268  0.57135666  0.66791254  0.63431326  0.63431326  0.63431326  0.68529982  0.66791254  0.55641726  0.52741070  0.55641726  0.55641726  0.51332140  0.51332140  0.54177240  0.44662472  0.60216819  0.58660268  0.51332140  0.49949437  0.55641726  0.55641726  0.55641726  0.54177240  0.51332140  0.54177240  0.74004563  0.70310386  0.52741070  0.52741070  0.61806686  0.61806686  0.60216819  0.58660268  0.60216819  0.57135666  0.57135666  0.58660268  0.60216819  0.77892115  0.51332140  0.54177240  0.49949437  0.49949437  0.51332140  0.51332140  0.52741070  0.51332140  0.52741070  0.52741070  0.52741070  0.54177240  0.52741070  0.52741070  0.61806686  0.55641726  0.55641726  0.55641726  0.57135666  0.55641726  0.58660268  0.57135666  0.57135666  0.58660268  0.61806686  0.58660268  0.57135666  0.60216819  0.61806686  0.61806686  0.61806686  0.61806686  0.60216819  0.60216819  0.60216819  0.74004563  0.79914948  0.66791254  0.72134513  0.63431326  0.61806686  0.61806686  0.68529982  0.68529982  0.51332140  0.52741070  0.52741070  0.63431326  0.54177240  0.54177240  0.51332140  0.51332140  0.68529982  0.65092295  0.58660268  0.58660268  0.58660268  0.54177240  0.54177240  0.60216819  0.52741070  0.52741070  0.52741070  0.54177240  0.61806686  0.45949356  0.44662472  0.40930410  0.47258928  0.40930410  0.45949356  0.51332140  0.45949356  0.54177240  0.48592002  0.48592002  0.51332140  0.58660268  0.55641726  0.58660268  
85_0_0     0.09697199  0.00702613  0.00702613  0.01411936  0.00702613  0.00000000  0.36229215  0.31807921  0.31807921  0.26627475  0.26627475  0.28656509  0.13792106  0.14638890  0.16361978  0.16361978  0.16361978  0.14638890  0.57135666  0.57135666  0.57135666  0.57135666  0.49949437  0.49949437  0.51332140  0.55641726  0.55641726  0.48592002  0.49949437  0.55641726  0.55641726  0.52741070  0.54177240  0.47258928  0.47258928  0.47258928  0.52741070  0.54177240  0.54177240  0.47258928  0.44662472  0.70310386  0.70310386  0.45949356  0.44662472  0.45949356  0.42153714  0.48592002  0.40930410  0.43397502  0.43397502  0.39726925  0.39726925  0.45949356  0.38542627  0.42153714  0.54177240  0.54177240  0.48592002  0.42153714  0.40930410  0.51332140  0.52741070  0.98451901  0.95865592  0.95865592  0.88606692  0.52741070  0.60216819  0.57135666  0.55641726  0.65092295  0.61806686  0.61806686  0.61806686  0.66791254  0.65092295  0.54177240  0.51332140  0.55641726  0.54177240  0.49949437  0.49949437  0.52741070  0.43397502  0.58660268  0.57135666  0.49949437  0.48592002  0.54177240  0.54177240  0.54177240  0.52741070  0.49949437  0.52741070  0.72134513  0.68529982  0.51332140  0.51332140  0.60216819  0.60216819  0.58660268  0.57135666  0.58660268  0.55641726  0.55641726  0.57135666  0.58660268  0.75922911  0.49949437  0.52741070  0.48592002  0.48592002  0.49949437  0.49949437  0.51332140  0.49949437  0.51332140  0.51332140  0.51332140  0.52741070  0.51332140  0.51332140  0.60216819  0.54177240  0.54177240  0.54177240  0.55641726  0.54177240  0.60216819  0.58660268  0.58660268  0.60216819  0.63431326  0.60216819  0.58660268  0.61806686  0.63431326  0.63431326  0.63431326  0.63431326  0.61806686  0.61806686  0.61806686  0.72134513  0.77892115  0.65092295  0.70310386  0.61806686  0.60216819  0.60216819  0.70310386  0.70310386  0.49949437  0.51332140  0.51332140  0.65092295  0.52741070  0.52741070  0.49949437  0.49949437  0.66791254  0.63431326  0.57135666  0.57135666  0.57135666  0.52741070  0.52741070  0.58660268  0.51332140  0.51332140  0.51332140  0.52741070  0.60216819  0.44662472  0.43397502  0.39726925  0.45949356  0.39726925  0.44662472  0.52741070  0.44662472  0.52741070  0.47258928  0.47258928  0.49949437  0.57135666  0.54177240  0.57135666  
70_0_0     0.36229215  0.37376915  0.37376915  0.36229215  0.37376915  0.36229215  0.00000000  0.16361978  0.17238746  0.18125986  0.18125986  0.16361978  0.32888820  0.33985679  0.29692195  0.36229215  0.33985679  0.31807921  0.65092295  0.65092295  0.65092295  0.65092295  0.68529982  0.68529982  0.63431326  0.65092295  0.65092295  0.60216819  0.61806686  0.70310386  0.75922911  0.60216819  0.58660268  0.65092295  0.65092295  0.65092295  0.55641726  0.66791254  0.60216819  0.51332140  0.48592002  0.65092295  0.72134513  0.60216819  0.58660268  0.58660268  0.58660268  0.57135666  0.45949356  0.51332140  0.51332140  0.54177240  0.54177240  0.58660268  0.47258928  0.48592002  0.54177240  0.54177240  0.49949437  0.61806686  0.61806686  0.51332140  0.49949437  0.86336567  0.88606692  0.88606692  0.81994410  0.49949437  0.52741070  0.54177240  0.52741070  0.66791254  0.65092295  0.65092295  0.74004563  0.61806686  0.66791254  0.51332140  0.51332140  0.54177240  0.60216819  0.60216819  0.57135666  0.58660268  0.58660268  0.55641726  0.65092295  0.54177240  0.60216819  0.58660268  0.58660268  0.58660268  0.60216819  0.58660268  0.61806686  0.75922911  0.72134513  0.57135666  0.57135666  0.61806686  0.61806686  0.60216819  0.54177240  0.55641726  0.55641726  0.55641726  0.58660268  0.57135666  0.72134513  0.57135666  0.60216819  0.54177240  0.54177240  0.55641726  0.55641726  0.55641726  0.58660268  0.60216819  0.60216819  0.60216819  0.58660268  0.51332140  0.51332140  0.72134513  0.52741070  0.51332140  0.51332140  0.49949437  0.51332140  0.70310386  0.68529982  0.68529982  0.66791254  0.66791254  0.60216819  0.58660268  0.63431326  0.63431326  0.61806686  0.66791254  0.66791254  0.61806686  0.63431326  0.61806686  0.68529982  0.72134513  0.74004563  0.74004563  0.70310386  0.48592002  0.48592002  0.63431326  0.63431326  0.55641726  0.57135666  0.57135666  0.75922911  0.47258928  0.47258928  0.44662472  0.44662472  0.68529982  0.65092295  0.65092295  0.66791254  0.66791254  0.58660268  0.57135666  0.61806686  0.57135666  0.54177240  0.57135666  0.58660268  0.70310386  0.49949437  0.48592002  0.44662472  0.49949437  0.45949356  0.55641726  0.54177240  0.52741070  0.58660268  0.68529982  0.58660268  0.55641726  0.55641726  0.58660268  0.58660268  
37_0_0     0.31807921  0.30742526  0.30742526  0.29692195  0.32888820  0.31807921  0.16361978  0.00000000  0.07344405  0.13792106  0.13792106  0.13792106  0.26627475  0.27635064  0.26627475  0.30742526  0.28656509  0.26627475  0.68529982  0.68529982  0.68529982  0.68529982  0.68529982  0.68529982  0.54177240  0.60216819  0.58660268  0.57135666  0.58660268  0.66791254  0.68529982  0.63431326  0.58660268  0.66791254  0.66791254  0.66791254  0.61806686  0.72134513  0.65092295  0.51332140  0.48592002  0.77892115  0.72134513  0.49949437  0.54177240  0.54177240  0.57135666  0.58660268  0.52741070  0.55641726  0.55641726  0.61806686  0.61806686  0.52741070  0.42153714  0.43397502  0.58660268  0.58660268  0.54177240  0.54177240  0.61806686  0.57135666  0.55641726  0.90948386  0.88606692  0.88606692  0.93366309  0.51332140  0.57135666  0.55641726  0.54177240  0.70310386  0.68529982  0.68529982  0.74004563  0.63431326  0.72134513  0.65092295  0.58660268  0.57135666  0.52741070  0.55641726  0.55641726  0.58660268  0.52741070  0.57135666  0.65092295  0.49949437  0.54177240  0.55641726  0.55641726  0.55641726  0.58660268  0.55641726  0.58660268  0.68529982  0.63431326  0.52741070  0.52741070  0.55641726  0.55641726  0.54177240  0.55641726  0.55641726  0.54177240  0.54177240  0.54177240  0.52741070  0.72134513  0.57135666  0.60216819  0.55641726  0.55641726  0.57135666  0.57135666  0.55641726  0.54177240  0.55641726  0.55641726  0.55641726  0.54177240  0.58660268  0.58660268  0.74004563  0.52741070  0.54177240  0.54177240  0.55641726  0.54177240  0.60216819  0.58660268  0.58660268  0.63431326  0.63431326  0.57135666  0.55641726  0.60216819  0.58660268  0.58660268  0.58660268  0.58660268  0.55641726  0.54177240  0.55641726  0.61806686  0.65092295  0.63431326  0.61806686  0.66791254  0.54177240  0.54177240  0.74004563  0.74004563  0.63431326  0.65092295  0.65092295  0.74004563  0.51332140  0.51332140  0.45949356  0.45949356  0.72134513  0.68529982  0.68529982  0.74004563  0.74004563  0.63431326  0.61806686  0.68529982  0.60216819  0.57135666  0.60216819  0.61806686  0.60216819  0.47258928  0.43397502  0.39726925  0.48592002  0.47258928  0.54177240  0.63431326  0.57135666  0.60216819  0.63431326  0.63431326  0.60216819  0.61806686  0.63431326  0.57135666  
69_0_0     0.31807921  0.32888820  0.32888820  0.31807921  0.32888820  0.31807921  0.17238746  0.07344405  0.00000000  0.13792106  0.13792106  0.13792106  0.27635064  0.28656509  0.26627475  0.30742526  0.26627475  0.26627475  0.63431326  0.63431326  0.63431326  0.63431326  0.61806686  0.61806686  0.54177240  0.60216819  0.58660268  0.57135666  0.58660268  0.66791254  0.65092295  0.61806686  0.58660268  0.57135666  0.57135666  0.57135666  0.58660268  0.68529982  0.58660268  0.52741070  0.52741070  0.72134513  0.74004563  0.52741070  0.54177240  0.54177240  0.51332140  0.51332140  0.51332140  0.54177240  0.54177240  0.57135666  0.57135666  0.51332140  0.43397502  0.44662472  0.55641726  0.55641726  0.48592002  0.51332140  0.58660268  0.48592002  0.47258928  0.86336567  0.84133766  0.84133766  0.84133766  0.47258928  0.49949437  0.48592002  0.47258928  0.68529982  0.68529982  0.68529982  0.66791254  0.63431326  0.68529982  0.58660268  0.51332140  0.49949437  0.51332140  0.57135666  0.54177240  0.63431326  0.52741070  0.54177240  0.60216819  0.51332140  0.55641726  0.58660268  0.58660268  0.58660268  0.58660268  0.55641726  0.58660268  0.65092295  0.60216819  0.49949437  0.49949437  0.52741070  0.52741070  0.51332140  0.52741070  0.52741070  0.51332140  0.51332140  0.48592002  0.47258928  0.65092295  0.52741070  0.54177240  0.49949437  0.49949437  0.51332140  0.51332140  0.49949437  0.54177240  0.52741070  0.52741070  0.52741070  0.51332140  0.48592002  0.48592002  0.66791254  0.44662472  0.45949356  0.45949356  0.47258928  0.45949356  0.54177240  0.52741070  0.52741070  0.57135666  0.57135666  0.51332140  0.52741070  0.52741070  0.55641726  0.52741070  0.54177240  0.54177240  0.49949437  0.48592002  0.49949437  0.61806686  0.65092295  0.63431326  0.65092295  0.66791254  0.48592002  0.48592002  0.68529982  0.68529982  0.61806686  0.60216819  0.60216819  0.68529982  0.42153714  0.42153714  0.38542627  0.38542627  0.65092295  0.61806686  0.57135666  0.61806686  0.61806686  0.54177240  0.61806686  0.63431326  0.57135666  0.54177240  0.57135666  0.58660268  0.55641726  0.43397502  0.39726925  0.36229215  0.44662472  0.43397502  0.47258928  0.66791254  0.49949437  0.55641726  0.58660268  0.55641726  0.52741070  0.55641726  0.55641726  0.52741070  
29_0_0     0.24652394  0.27635064  0.27635064  0.26627475  0.27635064  0.26627475  0.18125986  0.13792106  0.13792106  0.00000000  0.00000000  0.05816282  0.19023952  0.19932906  0.22728470  0.22728470  0.20853120  0.19023952  0.55641726  0.55641726  0.55641726  0.55641726  0.52741070  0.52741070  0.51332140  0.48592002  0.47258928  0.45949356  0.47258928  0.57135666  0.68529982  0.55641726  0.51332140  0.60216819  0.60216819  0.60216819  0.47258928  0.58660268  0.57135666  0.44662472  0.42153714  0.74004563  0.72134513  0.48592002  0.52741070  0.52741070  0.58660268  0.55641726  0.44662472  0.49949437  0.49949437  0.54177240  0.54177240  0.49949437  0.30742526  0.40930410  0.47258928  0.47258928  0.45949356  0.48592002  0.54177240  0.54177240  0.55641726  0.84133766  0.81994410  0.81994410  0.90948386  0.47258928  0.55641726  0.51332140  0.49949437  0.65092295  0.65092295  0.65092295  0.63431326  0.60216819  0.66791254  0.58660268  0.52741070  0.55641726  0.54177240  0.51332140  0.48592002  0.55641726  0.58660268  0.52741070  0.61806686  0.48592002  0.55641726  0.52741070  0.52741070  0.52741070  0.55641726  0.52741070  0.55641726  0.70310386  0.65092295  0.47258928  0.47258928  0.49949437  0.49949437  0.48592002  0.44662472  0.47258928  0.45949356  0.45949356  0.45949356  0.44662472  0.74004563  0.52741070  0.49949437  0.45949356  0.45949356  0.47258928  0.47258928  0.48592002  0.44662472  0.45949356  0.45949356  0.45949356  0.44662472  0.48592002  0.48592002  0.63431326  0.47258928  0.44662472  0.44662472  0.45949356  0.44662472  0.58660268  0.57135666  0.57135666  0.65092295  0.65092295  0.55641726  0.54177240  0.55641726  0.57135666  0.57135666  0.54177240  0.54177240  0.54177240  0.55641726  0.54177240  0.66791254  0.66791254  0.66791254  0.63431326  0.68529982  0.49949437  0.49949437  0.70310386  0.70310386  0.54177240  0.52741070  0.52741070  0.63431326  0.47258928  0.47258928  0.43397502  0.43397502  0.65092295  0.61806686  0.61806686  0.66791254  0.66791254  0.55641726  0.51332140  0.60216819  0.52741070  0.52741070  0.55641726  0.57135666  0.63431326  0.43397502  0.39726925  0.40930410  0.44662472  0.45949356  0.54177240  0.66791254  0.54177240  0.51332140  0.57135666  0.57135666  0.51332140  0.61806686  0.57135666  0.51332140  
29_7_0     0.24652394  0.27635064  0.27635064  0.26627475  0.27635064  0.26627475  0.18125986  0.13792106  0.13792106  0.00000000  0.00000000  0.05816282  0.19023952  0.19932906  0.22728470  0.22728470  0.20853120  0.19023952  0.55641726  0.55641726  0.55641726  0.55641726  0.52741070  0.52741070  0.51332140  0.48592002  0.47258928  0.45949356  0.47258928  0.57135666  0.68529982  0.55641726  0.51332140  0.60216819  0.60216819  0.60216819  0.47258928  0.58660268  0.57135666  0.44662472  0.42153714  0.74004563  0.72134513  0.48592002  0.52741070  0.52741070  0.58660268  0.55641726  0.44662472  0.49949437  0.49949437  0.54177240  0.54177240  0.49949437  0.30742526  0.40930410  0.47258928  0.47258928  0.45949356  0.48592002  0.54177240  0.54177240  0.55641726  0.84133766  0.81994410  0.81994410  0.90948386  0.47258928  0.55641726  0.51332140  0.49949437  0.65092295  0.65092295  0.65092295  0.63431326  0.60216819  0.66791254  0.58660268  0.52741070  0.55641726  0.54177240  0.51332140  0.48592002  0.55641726  0.58660268  0.52741070  0.61806686  0.48592002  0.55641726  0.52741070  0.52741070  0.52741070  0.55641726  0.52741070  0.55641726  0.70310386  0.65092295  0.47258928  0.47258928  0.49949437  0.49949437  0.48592002  0.44662472  0.47258928  0.45949356  0.45949356  0.45949356  0.44662472  0.74004563  0.52741070  0.49949437  0.45949356  0.45949356  0.47258928  0.47258928  0.48592002  0.44662472  0.45949356  0.45949356  0.45949356  0.44662472  0.48592002  0.48592002  0.63431326  0.47258928  0.44662472  0.44662472  0.45949356  0.44662472  0.58660268  0.57135666  0.57135666  0.65092295  0.65092295  0.55641726  0.54177240  0.55641726  0.57135666  0.57135666  0.54177240  0.54177240  0.54177240  0.55641726  0.54177240  0.66791254  0.66791254  0.66791254  0.63431326  0.68529982  0.49949437  0.49949437  0.70310386  0.70310386  0.54177240  0.52741070  0.52741070  0.63431326  0.47258928  0.47258928  0.43397502  0.43397502  0.65092295  0.61806686  0.61806686  0.66791254  0.66791254  0.55641726  0.51332140  0.60216819  0.52741070  0.52741070  0.55641726  0.57135666  0.63431326  0.43397502  0.39726925  0.40930410  0.44662472  0.45949356  0.54177240  0.66791254  0.54177240  0.51332140  0.57135666  0.57135666  0.51332140  0.61806686  0.57135666  0.51332140  
57_0_0     0.28656509  0.29692195  0.29692195  0.28656509  0.29692195  0.28656509  0.16361978  0.13792106  0.13792106  0.05816282  0.05816282  0.00000000  0.24652394  0.25633370  0.24652394  0.24652394  0.22728470  0.24652394  0.57135666  0.57135666  0.57135666  0.57135666  0.60216819  0.60216819  0.55641726  0.51332140  0.51332140  0.52741070  0.54177240  0.58660268  0.63431326  0.54177240  0.55641726  0.60216819  0.60216819  0.60216819  0.51332140  0.61806686  0.55641726  0.47258928  0.47258928  0.74004563  0.75922911  0.47258928  0.48592002  0.48592002  0.57135666  0.54177240  0.48592002  0.51332140  0.51332140  0.57135666  0.57135666  0.47258928  0.36229215  0.39726925  0.45949356  0.45949356  0.44662472  0.52741070  0.54177240  0.52741070  0.54177240  0.84133766  0.86336567  0.86336567  0.84133766  0.47258928  0.52741070  0.51332140  0.49949437  0.66791254  0.63431326  0.63431326  0.68529982  0.58660268  0.65092295  0.54177240  0.48592002  0.48592002  0.52741070  0.54177240  0.51332140  0.55641726  0.61806686  0.55641726  0.63431326  0.48592002  0.55641726  0.58660268  0.58660268  0.58660268  0.58660268  0.55641726  0.58660268  0.70310386  0.65092295  0.49949437  0.49949437  0.52741070  0.52741070  0.51332140  0.47258928  0.47258928  0.48592002  0.48592002  0.48592002  0.47258928  0.70310386  0.55641726  0.55641726  0.51332140  0.51332140  0.52741070  0.52741070  0.54177240  0.47258928  0.48592002  0.48592002  0.48592002  0.47258928  0.51332140  0.51332140  0.68529982  0.44662472  0.42153714  0.42153714  0.43397502  0.42153714  0.61806686  0.60216819  0.60216819  0.68529982  0.65092295  0.58660268  0.57135666  0.58660268  0.57135666  0.57135666  0.57135666  0.57135666  0.57135666  0.58660268  0.57135666  0.68529982  0.68529982  0.66791254  0.65092295  0.70310386  0.51332140  0.51332140  0.65092295  0.65092295  0.54177240  0.52741070  0.52741070  0.63431326  0.47258928  0.47258928  0.43397502  0.43397502  0.70310386  0.66791254  0.63431326  0.68529982  0.68529982  0.55641726  0.48592002  0.60216819  0.52741070  0.49949437  0.52741070  0.54177240  0.63431326  0.45949356  0.42153714  0.38542627  0.44662472  0.43397502  0.54177240  0.60216819  0.48592002  0.47258928  0.54177240  0.54177240  0.51332140  0.61806686  0.57135666  0.51332140  
78_0_0     0.14638890  0.14638890  0.14638890  0.15495438  0.14638890  0.13792106  0.32888820  0.26627475  0.27635064  0.19023952  0.19023952  0.24652394  0.00000000  0.00702613  0.05816282  0.09697199  0.07344405  0.05063850  0.51332140  0.51332140  0.51332140  0.51332140  0.42153714  0.42153714  0.40930410  0.45949356  0.44662472  0.40930410  0.42153714  0.48592002  0.51332140  0.52741070  0.48592002  0.47258928  0.47258928  0.47258928  0.45949356  0.48592002  0.55641726  0.43397502  0.38542627  0.58660268  0.55641726  0.45949356  0.43397502  0.44662472  0.44662472  0.49949437  0.44662472  0.47258928  0.47258928  0.43397502  0.43397502  0.48592002  0.37376915  0.36229215  0.52741070  0.52741070  0.49949437  0.52741070  0.54177240  0.49949437  0.51332140  0.88606692  0.86336567  0.86336567  0.77892115  0.52741070  0.58660268  0.54177240  0.52741070  0.61806686  0.61806686  0.61806686  0.57135666  0.61806686  0.68529982  0.60216819  0.55641726  0.57135666  0.57135666  0.40930410  0.40930410  0.44662472  0.45949356  0.48592002  0.55641726  0.44662472  0.47258928  0.52741070  0.52741070  0.52741070  0.54177240  0.51332140  0.52741070  0.66791254  0.63431326  0.51332140  0.51332140  0.55641726  0.55641726  0.54177240  0.49949437  0.52741070  0.49949437  0.49949437  0.51332140  0.49949437  0.70310386  0.47258928  0.48592002  0.48592002  0.48592002  0.49949437  0.49949437  0.48592002  0.47258928  0.48592002  0.48592002  0.48592002  0.47258928  0.42153714  0.42153714  0.54177240  0.45949356  0.47258928  0.47258928  0.48592002  0.47258928  0.60216819  0.58660268  0.58660268  0.57135666  0.60216819  0.58660268  0.57135666  0.57135666  0.55641726  0.58660268  0.57135666  0.57135666  0.57135666  0.58660268  0.57135666  0.66791254  0.70310386  0.70310386  0.68529982  0.63431326  0.48592002  0.48592002  0.68529982  0.68529982  0.51332140  0.52741070  0.52741070  0.58660268  0.44662472  0.44662472  0.44662472  0.44662472  0.54177240  0.51332140  0.51332140  0.51332140  0.51332140  0.48592002  0.48592002  0.48592002  0.47258928  0.52741070  0.52741070  0.54177240  0.65092295  0.40930410  0.39726925  0.38542627  0.45949356  0.42153714  0.49949437  0.55641726  0.43397502  0.45949356  0.48592002  0.45949356  0.43397502  0.51332140  0.48592002  0.48592002  
20_0_0     0.15495438  0.15495438  0.15495438  0.16361978  0.15495438  0.14638890  0.33985679  0.27635064  0.28656509  0.19932906  0.19932906  0.25633370  0.00702613  0.00000000  0.06576414  0.10498320  0.08120419  0.05816282  0.49949437  0.49949437  0.49949437  0.49949437  0.40930410  0.40930410  0.39726925  0.44662472  0.43397502  0.39726925  0.40930410  0.47258928  0.49949437  0.51332140  0.47258928  0.45949356  0.45949356  0.45949356  0.44662472  0.47258928  0.54177240  0.42153714  0.37376915  0.57135666  0.54177240  0.44662472  0.42153714  0.43397502  0.43397502  0.48592002  0.43397502  0.45949356  0.45949356  0.42153714  0.42153714  0.47258928  0.36229215  0.35098977  0.51332140  0.51332140  0.48592002  0.54177240  0.52741070  0.51332140  0.52741070  0.86336567  0.84133766  0.84133766  0.75922911  0.54177240  0.60216819  0.55641726  0.54177240  0.60216819  0.60216819  0.60216819  0.55641726  0.60216819  0.70310386  0.61806686  0.57135666  0.58660268  0.58660268  0.42153714  0.42153714  0.45949356  0.47258928  0.49949437  0.57135666  0.45949356  0.48592002  0.54177240  0.54177240  0.54177240  0.55641726  0.52741070  0.54177240  0.68529982  0.65092295  0.52741070  0.52741070  0.57135666  0.57135666  0.55641726  0.51332140  0.54177240  0.51332140  0.51332140  0.52741070  0.51332140  0.72134513  0.48592002  0.49949437  0.49949437  0.49949437  0.51332140  0.51332140  0.49949437  0.48592002  0.49949437  0.49949437  0.49949437  0.48592002  0.43397502  0.43397502  0.55641726  0.47258928  0.48592002  0.48592002  0.49949437  0.48592002  0.61806686  0.60216819  0.60216819  0.58660268  0.61806686  0.60216819  0.58660268  0.58660268  0.57135666  0.60216819  0.58660268  0.58660268  0.58660268  0.60216819  0.58660268  0.68529982  0.72134513  0.72134513  0.70310386  0.65092295  0.49949437  0.49949437  0.70310386  0.70310386  0.52741070  0.54177240  0.54177240  0.57135666  0.45949356  0.45949356  0.45949356  0.45949356  0.55641726  0.52741070  0.52741070  0.52741070  0.52741070  0.49949437  0.49949437  0.49949437  0.48592002  0.54177240  0.54177240  0.55641726  0.66791254  0.42153714  0.40930410  0.39726925  0.47258928  0.43397502  0.51332140  0.57135666  0.44662472  0.47258928  0.49949437  0.47258928  0.44662472  0.52741070  0.49949437  0.49949437  
88_0_0     0.15495438  0.17238746  0.17238746  0.18125986  0.17238746  0.16361978  0.29692195  0.26627475  0.26627475  0.22728470  0.22728470  0.24652394  0.05816282  0.06576414  0.00000000  0.05063850  0.02851229  0.05816282  0.58660268  0.58660268  0.58660268  0.58660268  0.51332140  0.51332140  0.45949356  0.52741070  0.51332140  0.47258928  0.48592002  0.52741070  0.54177240  0.51332140  0.54177240  0.51332140  0.51332140  0.51332140  0.47258928  0.49949437  0.55641726  0.44662472  0.39726925  0.51332140  0.57135666  0.43397502  0.42153714  0.40930410  0.47258928  0.48592002  0.43397502  0.45949356  0.45949356  0.42153714  0.42153714  0.51332140  0.40930410  0.35098977  0.52741070  0.52741070  0.47258928  0.52741070  0.54177240  0.51332140  0.52741070  0.98451901  0.95865592  0.95865592  0.77892115  0.57135666  0.63431326  0.58660268  0.57135666  0.65092295  0.65092295  0.65092295  0.57135666  0.66791254  0.72134513  0.57135666  0.57135666  0.55641726  0.57135666  0.43397502  0.43397502  0.47258928  0.43397502  0.45949356  0.52741070  0.44662472  0.47258928  0.54177240  0.54177240  0.54177240  0.55641726  0.52741070  0.52741070  0.66791254  0.63431326  0.47258928  0.47258928  0.54177240  0.54177240  0.52741070  0.51332140  0.51332140  0.51332140  0.51332140  0.49949437  0.48592002  0.68529982  0.51332140  0.49949437  0.49949437  0.49949437  0.51332140  0.51332140  0.49949437  0.48592002  0.49949437  0.49949437  0.49949437  0.48592002  0.47258928  0.47258928  0.54177240  0.47258928  0.48592002  0.48592002  0.49949437  0.48592002  0.58660268  0.57135666  0.57135666  0.54177240  0.57135666  0.57135666  0.55641726  0.58660268  0.57135666  0.57135666  0.60216819  0.60216819  0.55641726  0.57135666  0.55641726  0.57135666  0.60216819  0.77892115  0.63431326  0.55641726  0.47258928  0.47258928  0.63431326  0.63431326  0.52741070  0.54177240  0.54177240  0.60216819  0.40930410  0.40930410  0.38542627  0.38542627  0.57135666  0.54177240  0.52741070  0.52741070  0.52741070  0.48592002  0.49949437  0.49949437  0.45949356  0.48592002  0.48592002  0.49949437  0.66791254  0.44662472  0.43397502  0.39726925  0.47258928  0.43397502  0.51332140  0.58660268  0.42153714  0.44662472  0.52741070  0.44662472  0.48592002  0.51332140  0.51332140  0.51332140  
73_0_0     0.15495438  0.17238746  0.17238746  0.18125986  0.17238746  0.16361978  0.36229215  0.30742526  0.30742526  0.22728470  0.22728470  0.24652394  0.09697199  0.10498320  0.05063850  0.00000000  0.03581471  0.09697199  0.63431326  0.63431326  0.63431326  0.63431326  0.55641726  0.55641726  0.49949437  0.57135666  0.55641726  0.51332140  0.52741070  0.55641726  0.60216819  0.54177240  0.51332140  0.57135666  0.57135666  0.57135666  0.51332140  0.49949437  0.52741070  0.47258928  0.42153714  0.58660268  0.61806686  0.42153714  0.40930410  0.39726925  0.52741070  0.54177240  0.45949356  0.48592002  0.48592002  0.47258928  0.47258928  0.54177240  0.40930410  0.38542627  0.52741070  0.52741070  0.49949437  0.49949437  0.51332140  0.55641726  0.57135666  0.95865592  0.93366309  0.93366309  0.77892115  0.61806686  0.65092295  0.63431326  0.61806686  0.66791254  0.65092295  0.65092295  0.52741070  0.63431326  0.70310386  0.57135666  0.51332140  0.55641726  0.57135666  0.44662472  0.44662472  0.48592002  0.43397502  0.48592002  0.48592002  0.45949356  0.48592002  0.57135666  0.57135666  0.57135666  0.58660268  0.55641726  0.55641726  0.70310386  0.68529982  0.45949356  0.45949356  0.54177240  0.54177240  0.52741070  0.51332140  0.51332140  0.52741070  0.52741070  0.49949437  0.48592002  0.75922911  0.51332140  0.52741070  0.51332140  0.51332140  0.52741070  0.52741070  0.52741070  0.45949356  0.47258928  0.47258928  0.47258928  0.48592002  0.51332140  0.51332140  0.51332140  0.47258928  0.47258928  0.47258928  0.48592002  0.47258928  0.65092295  0.63431326  0.63431326  0.57135666  0.60216819  0.58660268  0.57135666  0.61806686  0.60216819  0.60216819  0.55641726  0.55641726  0.58660268  0.60216819  0.58660268  0.61806686  0.65092295  0.70310386  0.65092295  0.60216819  0.54177240  0.54177240  0.65092295  0.65092295  0.48592002  0.49949437  0.49949437  0.52741070  0.47258928  0.47258928  0.42153714  0.42153714  0.58660268  0.55641726  0.55641726  0.58660268  0.58660268  0.51332140  0.48592002  0.52741070  0.47258928  0.49949437  0.49949437  0.51332140  0.72134513  0.45949356  0.44662472  0.40930410  0.48592002  0.47258928  0.54177240  0.60216819  0.45949356  0.43397502  0.54177240  0.48592002  0.51332140  0.57135666  0.57135666  0.51332140  
19_0_0     0.13792106  0.17238746  0.17238746  0.18125986  0.17238746  0.16361978  0.33985679  0.28656509  0.26627475  0.20853120  0.20853120  0.22728470  0.07344405  0.08120419  0.02851229  0.03581471  0.00000000  0.07344405  0.60216819  0.60216819  0.60216819  0.60216819  0.52741070  0.52741070  0.49949437  0.54177240  0.52741070  0.48592002  0.49949437  0.54177240  0.58660268  0.51332140  0.54177240  0.54177240  0.54177240  0.54177240  0.51332140  0.51332140  0.54177240  0.43397502  0.38542627  0.55641726  0.58660268  0.40930410  0.39726925  0.38542627  0.49949437  0.51332140  0.42153714  0.44662472  0.44662472  0.43397502  0.43397502  0.49949437  0.37376915  0.33985679  0.51332140  0.51332140  0.48592002  0.51332140  0.52741070  0.54177240  0.55641726  0.95865592  0.93366309  0.93366309  0.75922911  0.58660268  0.65092295  0.60216819  0.58660268  0.65092295  0.61806686  0.61806686  0.54177240  0.63431326  0.68529982  0.58660268  0.52741070  0.57135666  0.58660268  0.44662472  0.44662472  0.51332140  0.44662472  0.49949437  0.51332140  0.42153714  0.48592002  0.55641726  0.55641726  0.55641726  0.57135666  0.54177240  0.54177240  0.66791254  0.61806686  0.45949356  0.45949356  0.52741070  0.52741070  0.51332140  0.47258928  0.47258928  0.48592002  0.48592002  0.45949356  0.44662472  0.74004563  0.47258928  0.48592002  0.48592002  0.48592002  0.49949437  0.49949437  0.48592002  0.44662472  0.45949356  0.45949356  0.45949356  0.44662472  0.48592002  0.48592002  0.48592002  0.44662472  0.44662472  0.44662472  0.45949356  0.44662472  0.61806686  0.60216819  0.60216819  0.57135666  0.60216819  0.57135666  0.55641726  0.58660268  0.57135666  0.57135666  0.57135666  0.57135666  0.55641726  0.57135666  0.55641726  0.58660268  0.61806686  0.74004563  0.61806686  0.57135666  0.52741070  0.52741070  0.66791254  0.66791254  0.48592002  0.49949437  0.49949437  0.55641726  0.44662472  0.44662472  0.39726925  0.39726925  0.55641726  0.52741070  0.52741070  0.55641726  0.55641726  0.48592002  0.45949356  0.48592002  0.44662472  0.47258928  0.47258928  0.48592002  0.68529982  0.43397502  0.42153714  0.38542627  0.45949356  0.44662472  0.54177240  0.60216819  0.43397502  0.40930410  0.51332140  0.45949356  0.49949437  0.55641726  0.55641726  0.52741070  
