20
18_0_0     0.00000000  0.02335035  0.05980703  0.01158377  0.11136620  0.20359014  0.45224737  0.44178044  0.43145840  0.42127732  0.43145840  0.45224737  0.42127732  0.49564944  0.38188872  0.39154251  0.39154251  0.40132295  0.38188872  0.39154251  
17_0_0     0.02335035  0.00000000  0.03530561  0.01158377  0.11136620  0.19607658  0.45224737  0.44178044  0.43145840  0.42127732  0.43145840  0.45224737  0.42127732  0.49564944  0.37235832  0.39154251  0.39154251  0.40132295  0.38188872  0.38188872  
19_0_0     0.05980703  0.03530561  0.00000000  0.04745568  0.13854751  0.22659610  0.44178044  0.43145840  0.42127732  0.41123338  0.44178044  0.45224737  0.41123338  0.49564944  0.36294820  0.38188872  0.38188872  0.39154251  0.37235832  0.37235832  
15_0_0     0.01158377  0.01158377  0.04745568  0.00000000  0.09813832  0.20359014  0.44178044  0.43145840  0.42127732  0.41123338  0.42127732  0.44178044  0.41123338  0.48455978  0.37235832  0.38188872  0.38188872  0.40132295  0.38188872  0.38188872  
20_0_0     0.11136620  0.11136620  0.13854751  0.09813832  0.00000000  0.18127285  0.46286334  0.45224737  0.45224737  0.44178044  0.42127732  0.45224737  0.44178044  0.45224737  0.38188872  0.38188872  0.38188872  0.40132295  0.40132295  0.42127732  
16_0_0     0.20359014  0.19607658  0.22659610  0.20359014  0.18127285  0.00000000  0.44178044  0.45224737  0.46286334  0.47363265  0.42127732  0.49564944  0.44178044  0.42127732  0.40132295  0.37235832  0.36294820  0.39154251  0.39154251  0.39154251  
5_0_0      0.45224737  0.45224737  0.44178044  0.44178044  0.46286334  0.44178044  0.00000000  0.00576939  0.01158377  0.01744385  0.07872638  0.13165872  0.04135589  0.18863798  0.34447693  0.36294820  0.35365536  0.34447693  0.35365536  0.40132295  
10_0_0     0.44178044  0.44178044  0.43145840  0.43145840  0.45224737  0.45224737  0.00576939  0.00000000  0.00576939  0.01158377  0.07236644  0.13854751  0.04745568  0.18127285  0.33541010  0.37235832  0.36294820  0.33541010  0.34447693  0.39154251  
7_0_0      0.43145840  0.43145840  0.42127732  0.42127732  0.45224737  0.46286334  0.01158377  0.00576939  0.00000000  0.00576939  0.06606029  0.13165872  0.04135589  0.17397977  0.32645221  0.38188872  0.37235832  0.34447693  0.35365536  0.40132295  
1_0_0      0.42127732  0.42127732  0.41123338  0.41123338  0.44178044  0.47363265  0.01744385  0.01158377  0.00576939  0.00000000  0.07236644  0.12483300  0.04745568  0.18127285  0.31760066  0.37235832  0.36294820  0.33541010  0.34447693  0.39154251  
12_0_0     0.43145840  0.43145840  0.44178044  0.42127732  0.42127732  0.42127732  0.07872638  0.07236644  0.06606029  0.07236644  0.00000000  0.12483300  0.07236644  0.18127285  0.35365536  0.36294820  0.37235832  0.37235832  0.36294820  0.39154251  
4_0_0      0.45224737  0.45224737  0.45224737  0.44178044  0.45224737  0.49564944  0.13165872  0.13854751  0.13165872  0.12483300  0.12483300  0.00000000  0.13165872  0.19607658  0.37235832  0.41123338  0.42127732  0.39154251  0.38188872  0.38188872  
8_0_0      0.42127732  0.42127732  0.41123338  0.41123338  0.44178044  0.44178044  0.04135589  0.04745568  0.04135589  0.04745568  0.07236644  0.13165872  0.00000000  0.16675733  0.35365536  0.37235832  0.38188872  0.37235832  0.38188872  0.40132295  
9_0_0      0.49564944  0.49564944  0.49564944  0.48455978  0.45224737  0.42127732  0.18863798  0.18127285  0.17397977  0.18127285  0.18127285  0.19607658  0.16675733  0.00000000  0.30020672  0.35365536  0.36294820  0.31760066  0.30885297  0.31760066  
13_0_0     0.38188872  0.37235832  0.36294820  0.37235832  0.38188872  0.40132295  0.34447693  0.33541010  0.32645221  0.31760066  0.35365536  0.37235832  0.35365536  0.30020672  0.00000000  0.07872638  0.07236644  0.02335035  0.02335035  0.06606029  
6_0_0      0.39154251  0.39154251  0.38188872  0.38188872  0.38188872  0.37235832  0.36294820  0.37235832  0.38188872  0.37235832  0.36294820  0.41123338  0.37235832  0.35365536  0.07872638  0.00000000  0.00576939  0.06606029  0.07872638  0.11806920  
3_0_0      0.39154251  0.39154251  0.38188872  0.38188872  0.38188872  0.36294820  0.35365536  0.36294820  0.37235832  0.36294820  0.37235832  0.42127732  0.38188872  0.36294820  0.07236644  0.00576939  0.00000000  0.05980703  0.07236644  0.11806920  
2_0_0      0.40132295  0.40132295  0.39154251  0.40132295  0.40132295  0.39154251  0.34447693  0.33541010  0.34447693  0.33541010  0.37235832  0.39154251  0.37235832  0.31760066  0.02335035  0.06606029  0.05980703  0.00000000  0.01158377  0.07872638  
14_0_0     0.38188872  0.38188872  0.37235832  0.38188872  0.40132295  0.39154251  0.35365536  0.34447693  0.35365536  0.34447693  0.36294820  0.38188872  0.38188872  0.30885297  0.02335035  0.07872638  0.07236644  0.01158377  0.00000000  0.06606029  
11_0_0     0.39154251  0.38188872  0.37235832  0.38188872  0.42127732  0.39154251  0.40132295  0.39154251  0.40132295  0.39154251  0.39154251  0.38188872  0.40132295  0.31760066  0.06606029  0.11806920  0.11806920  0.07872638  0.06606029  0.00000000  

