156
67_0_0     0.00000000  0.11091860  0.14142088  0.29270976  0.30810885  0.31592884  0.30810885  0.31592884  0.31592884  0.30036971  0.30810885  0.31592884  0.39897955  0.41675546  0.35630310  0.35630310  0.29270976  0.29270976  0.36464598  0.35630310  0.30810885  0.32383137  0.37308289  0.32383137  0.31592884  0.29270976  0.30810885  0.30036971  0.32383137  0.32383137  0.30810885  0.32383137  0.33181822  0.32383137  0.32383137  0.33989119  0.31592884  0.29270976  0.30036971  0.31592884  0.34805218  0.31592884  0.32383137  0.28512739  0.28512739  0.29270976  0.27762104  0.28512739  0.30036971  0.30036971  0.30036971  0.24117844  0.29270976  0.24832642  0.26283045  0.27018922  0.30810885  0.29270976  0.30036971  0.32383137  0.41675546  0.44423670  0.42580425  0.40781475  0.40781475  0.41675546  0.36464598  0.39897955  0.37308289  0.37308289  0.39024742  0.38161596  0.38161596  0.39897955  0.43496375  0.41675546  0.46313448  0.41675546  0.39897955  0.39024742  0.36464598  0.35630310  0.38161596  0.39024742  0.35630310  0.33181822  0.40781475  0.41675546  0.37308289  0.40781475  0.38161596  0.39024742  0.39897955  0.39897955  0.40781475  0.40781475  0.39897955  0.41675546  0.30036971  0.33181822  0.33181822  0.31592884  0.32383137  0.33181822  0.33989119  0.32383137  0.36464598  0.36464598  0.31592884  0.30036971  0.33181822  0.33989119  0.34805218  0.33989119  0.34805218  0.31592884  0.30036971  0.32383137  0.31592884  0.31592884  0.32383137  0.30810885  0.33181822  0.36464598  0.36464598  0.42580425  0.42580425  0.37308289  0.39024742  0.36464598  0.38161596  0.38161596  0.43496375  0.40781475  0.39897955  0.41675546  0.36464598  0.38161596  0.37308289  0.36464598  0.38161596  0.32383137  0.37308289  0.35630310  0.34805218  0.35630310  0.35630310  0.43496375  0.43496375  0.42580425  0.41675546  0.42580425  0.36464598  0.37308289  0.31592884  0.32383137  
13_0_0     0.11091860  0.00000000  0.15397850  0.30810885  0.32383137  0.31592884  0.32383137  0.31592884  0.31592884  0.31592884  0.32383137  0.30036971  0.49240686  0.49240686  0.33989119  0.33989119  0.30810885  0.32383137  0.34805218  0.34805218  0.36464598  0.36464598  0.39897955  0.34805218  0.35630310  0.34805218  0.33989119  0.33181822  0.34805218  0.34805218  0.34805218  0.33989119  0.36464598  0.36464598  0.31592884  0.30036971  0.30810885  0.33181822  0.30810885  0.28512739  0.38161596  0.32383137  0.33989119  0.24832642  0.24832642  0.24117844  0.22708402  0.23409806  0.27762104  0.27762104  0.27762104  0.26283045  0.31592884  0.28512739  0.29270976  0.32383137  0.31592884  0.32383137  0.32383137  0.31592884  0.37308289  0.46313448  0.42580425  0.40781475  0.40781475  0.41675546  0.37308289  0.37308289  0.34805218  0.34805218  0.34805218  0.39024742  0.39024742  0.40781475  0.48252168  0.46313448  0.50242433  0.44423670  0.44423670  0.42580425  0.39024742  0.39024742  0.42580425  0.39024742  0.33989119  0.37308289  0.44423670  0.49240686  0.44423670  0.48252168  0.44423670  0.42580425  0.43496375  0.39897955  0.40781475  0.39024742  0.41675546  0.41675546  0.28512739  0.33181822  0.30036971  0.30036971  0.29270976  0.34805218  0.32383137  0.35630310  0.34805218  0.36464598  0.35630310  0.33989119  0.34805218  0.39024742  0.41675546  0.40781475  0.41675546  0.30036971  0.30810885  0.30036971  0.32383137  0.33989119  0.34805218  0.33181822  0.32383137  0.36464598  0.35630310  0.42580425  0.42580425  0.42580425  0.39024742  0.33989119  0.38161596  0.32383137  0.42580425  0.42580425  0.41675546  0.36464598  0.38161596  0.35630310  0.39897955  0.39024742  0.40781475  0.37308289  0.39024742  0.42580425  0.42580425  0.42580425  0.40781475  0.39897955  0.39897955  0.39024742  0.39024742  0.40781475  0.33181822  0.39897955  0.37308289  0.34805218  
33_0_0     0.14142088  0.15397850  0.00000000  0.30036971  0.30036971  0.34805218  0.33181822  0.33181822  0.33181822  0.33989119  0.34805218  0.33181822  0.49240686  0.51257766  0.40781475  0.42580425  0.37308289  0.38161596  0.39897955  0.40781475  0.39024742  0.34805218  0.37308289  0.33181822  0.36464598  0.35630310  0.39024742  0.39897955  0.41675546  0.39897955  0.39897955  0.40781475  0.43496375  0.39024742  0.33989119  0.35630310  0.34805218  0.37308289  0.35630310  0.38161596  0.36464598  0.34805218  0.34805218  0.30810885  0.28512739  0.28512739  0.30810885  0.27762104  0.34805218  0.33989119  0.32383137  0.30810885  0.30810885  0.27762104  0.29270976  0.30036971  0.29270976  0.32383137  0.31592884  0.32383137  0.38161596  0.41675546  0.39897955  0.42580425  0.43496375  0.43496375  0.39024742  0.37308289  0.39897955  0.38161596  0.36464598  0.40781475  0.40781475  0.40781475  0.42580425  0.46313448  0.50242433  0.44423670  0.44423670  0.41675546  0.41675546  0.40781475  0.43496375  0.41675546  0.41675546  0.39897955  0.43496375  0.41675546  0.44423670  0.44423670  0.43496375  0.39024742  0.40781475  0.38161596  0.39024742  0.33181822  0.34805218  0.34805218  0.33181822  0.37308289  0.37308289  0.35630310  0.34805218  0.36464598  0.33989119  0.39024742  0.38161596  0.39897955  0.36464598  0.34805218  0.37308289  0.36464598  0.36464598  0.37308289  0.35630310  0.35630310  0.33989119  0.34805218  0.37308289  0.38161596  0.37308289  0.35630310  0.33989119  0.39024742  0.41675546  0.43496375  0.43496375  0.41675546  0.40781475  0.39024742  0.40781475  0.40781475  0.42580425  0.43496375  0.42580425  0.40781475  0.40781475  0.40781475  0.40781475  0.38161596  0.43496375  0.35630310  0.38161596  0.39897955  0.39897955  0.40781475  0.37308289  0.49240686  0.46313448  0.47276532  0.43496375  0.43496375  0.39897955  0.41675546  0.33181822  0.36464598  
74_0_0     0.29270976  0.30810885  0.30036971  0.00000000  0.04241637  0.32383137  0.33181822  0.31592884  0.31592884  0.30810885  0.31592884  0.31592884  0.37308289  0.39024742  0.25554331  0.26283045  0.25554331  0.28512739  0.30810885  0.30810885  0.29270976  0.27762104  0.31592884  0.28512739  0.28512739  0.29270976  0.30036971  0.30036971  0.28512739  0.28512739  0.28512739  0.29270976  0.27762104  0.28512739  0.31592884  0.32383137  0.30036971  0.30810885  0.29270976  0.29270976  0.32383137  0.31592884  0.33181822  0.24832642  0.27018922  0.28512739  0.24832642  0.26283045  0.25554331  0.25554331  0.25554331  0.22013509  0.27018922  0.22708402  0.24117844  0.26283045  0.24832642  0.24832642  0.24832642  0.26283045  0.30810885  0.33181822  0.31592884  0.33989119  0.31592884  0.33181822  0.38161596  0.37308289  0.33181822  0.30036971  0.31592884  0.32383137  0.32383137  0.32383137  0.40781475  0.40781475  0.39897955  0.38161596  0.39024742  0.32383137  0.27018922  0.28512739  0.33989119  0.35630310  0.32383137  0.30810885  0.33989119  0.32383137  0.30810885  0.29270976  0.33989119  0.36464598  0.36464598  0.32383137  0.31592884  0.33181822  0.33989119  0.32383137  0.25554331  0.30036971  0.30036971  0.31592884  0.30810885  0.27018922  0.27018922  0.24832642  0.27762104  0.28512739  0.29270976  0.29270976  0.27018922  0.27762104  0.30036971  0.27762104  0.30036971  0.19966712  0.18632624  0.20642779  0.20642779  0.19966712  0.23409806  0.24117844  0.18632624  0.25554331  0.23409806  0.34805218  0.34805218  0.37308289  0.37308289  0.34805218  0.39897955  0.39897955  0.40781475  0.39897955  0.39024742  0.39024742  0.34805218  0.33181822  0.33181822  0.33989119  0.33989119  0.34805218  0.35630310  0.31592884  0.33989119  0.29270976  0.27018922  0.41675546  0.41675546  0.41675546  0.45362596  0.45362596  0.33989119  0.39024742  0.33181822  0.38161596  
82_0_0     0.30810885  0.32383137  0.30036971  0.04241637  0.00000000  0.31592884  0.32383137  0.30810885  0.30810885  0.30036971  0.30810885  0.30810885  0.38161596  0.39897955  0.24832642  0.26283045  0.27018922  0.28512739  0.30810885  0.30810885  0.30810885  0.30036971  0.33181822  0.30810885  0.30036971  0.30810885  0.30036971  0.31592884  0.29270976  0.30036971  0.30036971  0.30810885  0.29270976  0.30036971  0.30810885  0.30036971  0.30810885  0.33181822  0.30036971  0.29270976  0.31592884  0.30810885  0.33181822  0.25554331  0.27018922  0.28512739  0.24832642  0.27018922  0.28512739  0.27762104  0.25554331  0.23409806  0.27018922  0.24117844  0.25554331  0.26283045  0.24832642  0.24832642  0.24832642  0.26283045  0.30810885  0.32383137  0.33181822  0.33989119  0.31592884  0.33181822  0.38161596  0.35630310  0.35630310  0.34805218  0.34805218  0.34805218  0.34805218  0.34805218  0.37308289  0.39024742  0.37308289  0.36464598  0.37308289  0.30810885  0.27762104  0.29270976  0.31592884  0.36464598  0.33181822  0.29270976  0.33989119  0.30810885  0.29270976  0.30036971  0.33989119  0.36464598  0.36464598  0.32383137  0.31592884  0.33181822  0.33989119  0.32383137  0.27018922  0.26283045  0.26283045  0.27762104  0.27018922  0.28512739  0.30036971  0.27762104  0.29270976  0.30036971  0.30810885  0.30810885  0.29270976  0.25554331  0.27762104  0.25554331  0.28512739  0.22013509  0.20642779  0.21325007  0.22708402  0.22013509  0.23409806  0.24117844  0.20642779  0.27018922  0.26283045  0.33181822  0.33989119  0.37308289  0.34805218  0.33181822  0.39024742  0.39897955  0.37308289  0.35630310  0.34805218  0.39024742  0.34805218  0.36464598  0.34805218  0.33989119  0.35630310  0.33989119  0.38161596  0.31592884  0.33181822  0.27018922  0.24832642  0.39024742  0.39024742  0.39024742  0.45362596  0.43496375  0.31592884  0.37308289  0.33989119  0.40781475  
89_0_0     0.31592884  0.31592884  0.34805218  0.32383137  0.31592884  0.00000000  0.02622730  0.03698103  0.03698103  0.08161061  0.08161061  0.05340692  0.22708402  0.22708402  0.36464598  0.37308289  0.33989119  0.32383137  0.30810885  0.31592884  0.30036971  0.33989119  0.36464598  0.30810885  0.29270976  0.28512739  0.28512739  0.29270976  0.27762104  0.26283045  0.26283045  0.30810885  0.30036971  0.30036971  0.32383137  0.30810885  0.30810885  0.33989119  0.31592884  0.27762104  0.30810885  0.30036971  0.30036971  0.28512739  0.28512739  0.28512739  0.27762104  0.26283045  0.32383137  0.30810885  0.29270976  0.27762104  0.31592884  0.30036971  0.30036971  0.29270976  0.30036971  0.32383137  0.29270976  0.31592884  0.34805218  0.49240686  0.46313448  0.44423670  0.45362596  0.45362596  0.33989119  0.37308289  0.29270976  0.30036971  0.34805218  0.33989119  0.33989119  0.33989119  0.39024742  0.39897955  0.41675546  0.39897955  0.39897955  0.39897955  0.30036971  0.28512739  0.33989119  0.35630310  0.32383137  0.38161596  0.44423670  0.42580425  0.39897955  0.41675546  0.43496375  0.40781475  0.42580425  0.42580425  0.40781475  0.39024742  0.36464598  0.38161596  0.37308289  0.35630310  0.33989119  0.35630310  0.33181822  0.39024742  0.41675546  0.39897955  0.42580425  0.41675546  0.38161596  0.37308289  0.39897955  0.33181822  0.34805218  0.35630310  0.35630310  0.30810885  0.31592884  0.29270976  0.31592884  0.33181822  0.33989119  0.33989119  0.32383137  0.35630310  0.36464598  0.37308289  0.37308289  0.39024742  0.37308289  0.32383137  0.39897955  0.33989119  0.33989119  0.34805218  0.33989119  0.31592884  0.37308289  0.37308289  0.33989119  0.35630310  0.38161596  0.34805218  0.38161596  0.33181822  0.33989119  0.30810885  0.32383137  0.50242433  0.49240686  0.48252168  0.45362596  0.46313448  0.42580425  0.39897955  0.35630310  0.41675546  
41_0_0     0.30810885  0.32383137  0.33181822  0.33181822  0.32383137  0.02622730  0.00000000  0.05896329  0.05896329  0.07588423  0.07588423  0.07020131  0.23409806  0.23409806  0.37308289  0.38161596  0.34805218  0.33181822  0.33181822  0.33989119  0.33181822  0.32383137  0.36464598  0.32383137  0.30810885  0.30036971  0.30036971  0.30810885  0.29270976  0.27762104  0.27762104  0.33181822  0.32383137  0.31592884  0.31592884  0.32383137  0.31592884  0.33181822  0.30810885  0.30036971  0.31592884  0.30810885  0.30810885  0.31592884  0.28512739  0.30036971  0.29270976  0.29270976  0.31592884  0.32383137  0.32383137  0.30810885  0.30810885  0.30036971  0.30036971  0.28512739  0.27762104  0.30036971  0.30036971  0.30810885  0.34805218  0.48252168  0.47276532  0.47276532  0.46313448  0.48252168  0.35630310  0.37308289  0.30810885  0.31592884  0.37308289  0.33989119  0.33989119  0.33989119  0.38161596  0.40781475  0.42580425  0.40781475  0.40781475  0.40781475  0.30036971  0.28512739  0.34805218  0.33989119  0.32383137  0.37308289  0.46313448  0.40781475  0.39897955  0.41675546  0.41675546  0.39024742  0.39024742  0.42580425  0.40781475  0.39024742  0.36464598  0.38161596  0.35630310  0.33989119  0.32383137  0.33989119  0.31592884  0.37308289  0.38161596  0.38161596  0.39024742  0.39897955  0.38161596  0.37308289  0.42580425  0.32383137  0.33989119  0.34805218  0.34805218  0.29270976  0.30036971  0.27762104  0.30036971  0.32383137  0.33181822  0.33181822  0.32383137  0.33989119  0.36464598  0.39024742  0.39024742  0.39024742  0.37308289  0.35630310  0.37308289  0.30810885  0.30810885  0.33181822  0.32383137  0.30036971  0.37308289  0.37308289  0.37308289  0.37308289  0.41675546  0.33989119  0.39024742  0.31592884  0.33181822  0.30036971  0.30036971  0.51257766  0.50242433  0.51257766  0.46313448  0.47276532  0.41675546  0.39897955  0.35630310  0.43496375  
25_0_0     0.31592884  0.31592884  0.33181822  0.31592884  0.30810885  0.03698103  0.05896329  0.00000000  0.00000000  0.06456122  0.06456122  0.03698103  0.22013509  0.23409806  0.34805218  0.35630310  0.33989119  0.30810885  0.35630310  0.36464598  0.34805218  0.37308289  0.39897955  0.33989119  0.32383137  0.31592884  0.33181822  0.33989119  0.32383137  0.30810885  0.30810885  0.33989119  0.33181822  0.33181822  0.33989119  0.31592884  0.33989119  0.39024742  0.34805218  0.29270976  0.35630310  0.33989119  0.33181822  0.30036971  0.28512739  0.28512739  0.27762104  0.27762104  0.32383137  0.31592884  0.30036971  0.27018922  0.31592884  0.28512739  0.28512739  0.30810885  0.30036971  0.31592884  0.29270976  0.31592884  0.36464598  0.47276532  0.44423670  0.44423670  0.45362596  0.45362596  0.35630310  0.37308289  0.33181822  0.33989119  0.35630310  0.34805218  0.34805218  0.33181822  0.39024742  0.39897955  0.39897955  0.38161596  0.38161596  0.38161596  0.33989119  0.32383137  0.38161596  0.38161596  0.33181822  0.40781475  0.45362596  0.43496375  0.39024742  0.42580425  0.41675546  0.40781475  0.42580425  0.39024742  0.37308289  0.35630310  0.34805218  0.34805218  0.39024742  0.37308289  0.33989119  0.35630310  0.34805218  0.39024742  0.39897955  0.39897955  0.41675546  0.40781475  0.38161596  0.37308289  0.39024742  0.33989119  0.35630310  0.38161596  0.36464598  0.32383137  0.33181822  0.30810885  0.31592884  0.33181822  0.33989119  0.33989119  0.31592884  0.36464598  0.35630310  0.37308289  0.37308289  0.40781475  0.38161596  0.33181822  0.38161596  0.35630310  0.34805218  0.36464598  0.35630310  0.34805218  0.35630310  0.39024742  0.35630310  0.35630310  0.38161596  0.32383137  0.35630310  0.33989119  0.33989119  0.33989119  0.32383137  0.53330701  0.52287059  0.51257766  0.48252168  0.49240686  0.42580425  0.36464598  0.33181822  0.38161596  
91_0_0     0.31592884  0.31592884  0.33181822  0.31592884  0.30810885  0.03698103  0.05896329  0.00000000  0.00000000  0.06456122  0.06456122  0.03698103  0.22013509  0.23409806  0.34805218  0.35630310  0.33989119  0.30810885  0.35630310  0.36464598  0.34805218  0.37308289  0.39897955  0.33989119  0.32383137  0.31592884  0.33181822  0.33989119  0.32383137  0.30810885  0.30810885  0.33989119  0.33181822  0.33181822  0.33989119  0.31592884  0.33989119  0.39024742  0.34805218  0.29270976  0.35630310  0.33989119  0.33181822  0.30036971  0.28512739  0.28512739  0.27762104  0.27762104  0.32383137  0.31592884  0.30036971  0.27018922  0.31592884  0.28512739  0.28512739  0.30810885  0.30036971  0.31592884  0.29270976  0.31592884  0.36464598  0.47276532  0.44423670  0.44423670  0.45362596  0.45362596  0.35630310  0.37308289  0.33181822  0.33989119  0.35630310  0.34805218  0.34805218  0.33181822  0.39024742  0.39897955  0.39897955  0.38161596  0.38161596  0.38161596  0.33989119  0.32383137  0.38161596  0.38161596  0.33181822  0.40781475  0.45362596  0.43496375  0.39024742  0.42580425  0.41675546  0.40781475  0.42580425  0.39024742  0.37308289  0.35630310  0.34805218  0.34805218  0.39024742  0.37308289  0.33989119  0.35630310  0.34805218  0.39024742  0.39897955  0.39897955  0.41675546  0.40781475  0.38161596  0.37308289  0.39024742  0.33989119  0.35630310  0.38161596  0.36464598  0.32383137  0.33181822  0.30810885  0.31592884  0.33181822  0.33989119  0.33989119  0.31592884  0.36464598  0.35630310  0.37308289  0.37308289  0.40781475  0.38161596  0.33181822  0.38161596  0.35630310  0.34805218  0.36464598  0.35630310  0.34805218  0.35630310  0.39024742  0.35630310  0.35630310  0.38161596  0.32383137  0.35630310  0.33989119  0.33989119  0.33989119  0.32383137  0.53330701  0.52287059  0.51257766  0.48252168  0.49240686  0.42580425  0.36464598  0.33181822  0.38161596  
21_0_0     0.30036971  0.31592884  0.33989119  0.30810885  0.30036971  0.08161061  0.07588423  0.06456122  0.06456122  0.00000000  0.01038092  0.02622730  0.23409806  0.23409806  0.31592884  0.33989119  0.32383137  0.29270976  0.34805218  0.35630310  0.32383137  0.30810885  0.35630310  0.33181822  0.31592884  0.30810885  0.31592884  0.32383137  0.30036971  0.31592884  0.30036971  0.32383137  0.30036971  0.33989119  0.27762104  0.31592884  0.32383137  0.35630310  0.31592884  0.30810885  0.32383137  0.29270976  0.33989119  0.30036971  0.25554331  0.27018922  0.26283045  0.27762104  0.27018922  0.27018922  0.28512739  0.25554331  0.28512739  0.24117844  0.24117844  0.29270976  0.25554331  0.25554331  0.29270976  0.28512739  0.36464598  0.45362596  0.44423670  0.42580425  0.43496375  0.44423670  0.34805218  0.33181822  0.33989119  0.34805218  0.39024742  0.33989119  0.33989119  0.35630310  0.34805218  0.35630310  0.37308289  0.33989119  0.33989119  0.36464598  0.31592884  0.31592884  0.35630310  0.37308289  0.33989119  0.38161596  0.46313448  0.40781475  0.38161596  0.39897955  0.41675546  0.42580425  0.42580425  0.39024742  0.39024742  0.39024742  0.38161596  0.38161596  0.34805218  0.33181822  0.31592884  0.34805218  0.30810885  0.36464598  0.37308289  0.39024742  0.37308289  0.38161596  0.39024742  0.38161596  0.41675546  0.34805218  0.36464598  0.37308289  0.33989119  0.33181822  0.33989119  0.33181822  0.32383137  0.33989119  0.31592884  0.31592884  0.30036971  0.31592884  0.30810885  0.36464598  0.36464598  0.39897955  0.37308289  0.34805218  0.36464598  0.32383137  0.33989119  0.35630310  0.34805218  0.34805218  0.33989119  0.36464598  0.39897955  0.38161596  0.39024742  0.36464598  0.39897955  0.31592884  0.32383137  0.33181822  0.30036971  0.49240686  0.48252168  0.49240686  0.49240686  0.49240686  0.40781475  0.36464598  0.31592884  0.39897955  
15_0_0     0.30810885  0.32383137  0.34805218  0.31592884  0.30810885  0.08161061  0.07588423  0.06456122  0.06456122  0.01038092  0.00000000  0.02622730  0.22013509  0.22013509  0.32383137  0.34805218  0.33181822  0.30036971  0.36464598  0.37308289  0.33181822  0.31592884  0.36464598  0.32383137  0.32383137  0.31592884  0.32383137  0.33181822  0.30810885  0.32383137  0.30810885  0.33181822  0.30810885  0.34805218  0.28512739  0.30810885  0.33181822  0.36464598  0.32383137  0.31592884  0.33181822  0.30036971  0.33989119  0.30810885  0.26283045  0.27762104  0.27018922  0.28512739  0.26283045  0.26283045  0.27762104  0.26283045  0.29270976  0.24832642  0.24832642  0.30036971  0.26283045  0.26283045  0.30036971  0.29270976  0.35630310  0.44423670  0.43496375  0.41675546  0.42580425  0.43496375  0.33989119  0.32383137  0.34805218  0.35630310  0.39897955  0.33181822  0.33181822  0.34805218  0.33989119  0.34805218  0.36464598  0.33181822  0.33181822  0.37308289  0.30036971  0.30036971  0.34805218  0.36464598  0.33181822  0.37308289  0.45362596  0.39897955  0.37308289  0.39024742  0.40781475  0.41675546  0.41675546  0.38161596  0.38161596  0.38161596  0.37308289  0.37308289  0.35630310  0.32383137  0.30810885  0.33989119  0.30036971  0.35630310  0.36464598  0.38161596  0.36464598  0.37308289  0.38161596  0.37308289  0.40781475  0.33989119  0.35630310  0.36464598  0.33181822  0.32383137  0.33181822  0.32383137  0.31592884  0.33181822  0.30810885  0.30810885  0.29270976  0.30810885  0.30036971  0.36464598  0.36464598  0.39897955  0.37308289  0.35630310  0.37308289  0.33181822  0.35630310  0.37308289  0.36464598  0.35630310  0.34805218  0.37308289  0.40781475  0.39024742  0.38161596  0.37308289  0.40781475  0.32383137  0.33181822  0.33989119  0.30810885  0.50242433  0.49240686  0.50242433  0.50242433  0.50242433  0.41675546  0.37308289  0.32383137  0.40781475  
71_0_0     0.31592884  0.30036971  0.33181822  0.31592884  0.30810885  0.05340692  0.07020131  0.03698103  0.03698103  0.02622730  0.02622730  0.00000000  0.22708402  0.22708402  0.33181822  0.35630310  0.33989119  0.30810885  0.35630310  0.36464598  0.31592884  0.33181822  0.36464598  0.30810885  0.30810885  0.30036971  0.30810885  0.31592884  0.30036971  0.30036971  0.30036971  0.32383137  0.30036971  0.33989119  0.29270976  0.30036971  0.30810885  0.35630310  0.31592884  0.29270976  0.33989119  0.30810885  0.34805218  0.27762104  0.26283045  0.26283045  0.25554331  0.25554331  0.29270976  0.27762104  0.27762104  0.24832642  0.29270976  0.26283045  0.26283045  0.30036971  0.26283045  0.27762104  0.28512739  0.27762104  0.37308289  0.45362596  0.44423670  0.42580425  0.45362596  0.44423670  0.33989119  0.32383137  0.33181822  0.33989119  0.38161596  0.33181822  0.33181822  0.34805218  0.36464598  0.37308289  0.39024742  0.33989119  0.35630310  0.38161596  0.33989119  0.33989119  0.37308289  0.38161596  0.34805218  0.39897955  0.45362596  0.43496375  0.40781475  0.42580425  0.42580425  0.41675546  0.43496375  0.39897955  0.38161596  0.36464598  0.35630310  0.35630310  0.35630310  0.35630310  0.32383137  0.35630310  0.31592884  0.39024742  0.39897955  0.41675546  0.39897955  0.40781475  0.39897955  0.39024742  0.39897955  0.36464598  0.38161596  0.39024742  0.33989119  0.33989119  0.34805218  0.32383137  0.33181822  0.34805218  0.32383137  0.32383137  0.30810885  0.32383137  0.31592884  0.35630310  0.35630310  0.40781475  0.38161596  0.33989119  0.37308289  0.33181822  0.35630310  0.39024742  0.38161596  0.35630310  0.34805218  0.39024742  0.39024742  0.37308289  0.38161596  0.38161596  0.38161596  0.33181822  0.33181822  0.34805218  0.31592884  0.50242433  0.47276532  0.48252168  0.47276532  0.48252168  0.41675546  0.36464598  0.30810885  0.37308289  
38_0_0     0.39897955  0.49240686  0.49240686  0.37308289  0.38161596  0.22708402  0.23409806  0.22013509  0.22013509  0.23409806  0.22013509  0.22708402  0.00000000  0.01038092  0.39024742  0.43496375  0.37308289  0.39024742  0.40781475  0.39897955  0.37308289  0.37308289  0.40781475  0.37308289  0.38161596  0.37308289  0.37308289  0.36464598  0.38161596  0.37308289  0.36464598  0.38161596  0.37308289  0.44423670  0.40781475  0.33989119  0.37308289  0.40781475  0.39897955  0.39024742  0.36464598  0.38161596  0.39024742  0.39897955  0.40781475  0.42580425  0.41675546  0.39897955  0.36464598  0.36464598  0.36464598  0.33181822  0.33181822  0.30810885  0.30810885  0.33989119  0.36464598  0.35630310  0.33989119  0.36464598  0.43496375  0.53330701  0.54389099  0.53330701  0.54389099  0.56551872  0.38161596  0.41675546  0.42580425  0.39024742  0.45362596  0.37308289  0.37308289  0.37308289  0.40781475  0.39897955  0.43496375  0.38161596  0.38161596  0.39024742  0.38161596  0.38161596  0.35630310  0.37308289  0.35630310  0.32383137  0.43496375  0.43496375  0.40781475  0.42580425  0.42580425  0.47276532  0.45362596  0.42580425  0.42580425  0.46313448  0.45362596  0.43496375  0.37308289  0.40781475  0.40781475  0.42580425  0.38161596  0.42580425  0.45362596  0.41675546  0.45362596  0.43496375  0.43496375  0.43496375  0.39024742  0.36464598  0.39897955  0.39024742  0.40781475  0.38161596  0.37308289  0.39897955  0.35630310  0.36464598  0.39024742  0.39024742  0.38161596  0.44423670  0.39897955  0.37308289  0.37308289  0.38161596  0.39024742  0.39024742  0.44423670  0.39897955  0.34805218  0.34805218  0.33989119  0.33181822  0.39897955  0.42580425  0.39024742  0.39024742  0.37308289  0.40781475  0.42580425  0.43496375  0.44423670  0.42580425  0.40781475  0.57657149  0.61074401  0.59917898  0.58778990  0.62249051  0.46313448  0.41675546  0.38161596  0.45362596  
24_0_0     0.41675546  0.49240686  0.51257766  0.39024742  0.39897955  0.22708402  0.23409806  0.23409806  0.23409806  0.23409806  0.22013509  0.22708402  0.01038092  0.00000000  0.40781475  0.43496375  0.39024742  0.39024742  0.39024742  0.38161596  0.35630310  0.35630310  0.39024742  0.35630310  0.36464598  0.35630310  0.35630310  0.34805218  0.36464598  0.35630310  0.34805218  0.38161596  0.37308289  0.44423670  0.40781475  0.33181822  0.35630310  0.39024742  0.38161596  0.37308289  0.36464598  0.36464598  0.39024742  0.39897955  0.39024742  0.40781475  0.39897955  0.38161596  0.34805218  0.34805218  0.34805218  0.33181822  0.31592884  0.30810885  0.30810885  0.33989119  0.34805218  0.33989119  0.33989119  0.34805218  0.41675546  0.55462675  0.56551872  0.53330701  0.54389099  0.56551872  0.36464598  0.39897955  0.43496375  0.39897955  0.46313448  0.38161596  0.38161596  0.38161596  0.39897955  0.39024742  0.42580425  0.39024742  0.39024742  0.40781475  0.38161596  0.38161596  0.33989119  0.39024742  0.37308289  0.33989119  0.43496375  0.43496375  0.42580425  0.40781475  0.42580425  0.47276532  0.45362596  0.42580425  0.42580425  0.48252168  0.47276532  0.45362596  0.35630310  0.39024742  0.39024742  0.42580425  0.36464598  0.42580425  0.45362596  0.41675546  0.46313448  0.44423670  0.43496375  0.43496375  0.40781475  0.36464598  0.39897955  0.39024742  0.40781475  0.38161596  0.37308289  0.39897955  0.37308289  0.38161596  0.37308289  0.37308289  0.38161596  0.42580425  0.39897955  0.36464598  0.36464598  0.39024742  0.37308289  0.39024742  0.44423670  0.38161596  0.36464598  0.36464598  0.35630310  0.31592884  0.41675546  0.40781475  0.39024742  0.39024742  0.37308289  0.42580425  0.40781475  0.43496375  0.44423670  0.42580425  0.42580425  0.55462675  0.58778990  0.57657149  0.58778990  0.62249051  0.46313448  0.43496375  0.39897955  0.45362596  
9_0_0      0.35630310  0.33989119  0.40781475  0.25554331  0.24832642  0.36464598  0.37308289  0.34805218  0.34805218  0.31592884  0.32383137  0.33181822  0.39024742  0.40781475  0.00000000  0.04241637  0.07588423  0.08161061  0.19966712  0.21325007  0.17974391  0.19296697  0.19966712  0.24832642  0.17321895  0.17974391  0.19296697  0.19966712  0.16033720  0.17321895  0.16675036  0.14767336  0.16675036  0.18632624  0.16675036  0.16033720  0.17974391  0.19966712  0.17321895  0.19296697  0.16033720  0.14767336  0.19296697  0.29270976  0.30036971  0.29270976  0.30036971  0.30036971  0.29270976  0.27762104  0.30036971  0.28512739  0.31592884  0.28512739  0.28512739  0.30810885  0.31592884  0.27762104  0.30810885  0.31592884  0.37308289  0.39024742  0.38161596  0.39024742  0.40781475  0.40781475  0.35630310  0.33181822  0.35630310  0.32383137  0.38161596  0.39024742  0.39024742  0.39897955  0.39024742  0.39897955  0.37308289  0.39897955  0.38161596  0.31592884  0.29270976  0.31592884  0.34805218  0.33989119  0.30810885  0.33989119  0.35630310  0.33181822  0.30036971  0.32383137  0.31592884  0.30810885  0.31592884  0.27762104  0.28512739  0.32383137  0.33989119  0.32383137  0.28512739  0.26283045  0.27018922  0.28512739  0.25554331  0.27018922  0.27762104  0.26283045  0.27018922  0.27018922  0.28512739  0.28512739  0.35630310  0.33989119  0.35630310  0.35630310  0.35630310  0.27762104  0.26283045  0.27018922  0.27018922  0.27018922  0.26283045  0.26283045  0.22013509  0.25554331  0.27762104  0.33181822  0.33989119  0.35630310  0.39897955  0.36464598  0.41675546  0.36464598  0.32383137  0.33181822  0.32383137  0.36464598  0.37308289  0.37308289  0.37308289  0.36464598  0.34805218  0.34805218  0.39024742  0.33989119  0.32383137  0.30810885  0.29270976  0.47276532  0.48252168  0.47276532  0.50242433  0.48252168  0.40781475  0.37308289  0.33989119  0.39897955  
79_0_0     0.35630310  0.33989119  0.42580425  0.26283045  0.26283045  0.37308289  0.38161596  0.35630310  0.35630310  0.33989119  0.34805218  0.35630310  0.43496375  0.43496375  0.04241637  0.00000000  0.06456122  0.04789148  0.17321895  0.18632624  0.16675036  0.19296697  0.19296697  0.25554331  0.16033720  0.16675036  0.16675036  0.17321895  0.14767336  0.14767336  0.14142088  0.12297079  0.15397850  0.16033720  0.17974391  0.17321895  0.17974391  0.18632624  0.17321895  0.16675036  0.17321895  0.15397850  0.16675036  0.30810885  0.31592884  0.30810885  0.30036971  0.30036971  0.30036971  0.30036971  0.29270976  0.27762104  0.30036971  0.28512739  0.28512739  0.29270976  0.30036971  0.27762104  0.30810885  0.30036971  0.35630310  0.39024742  0.36464598  0.35630310  0.35630310  0.36464598  0.37308289  0.36464598  0.35630310  0.33989119  0.39024742  0.40781475  0.40781475  0.39897955  0.41675546  0.42580425  0.38161596  0.42580425  0.40781475  0.31592884  0.30810885  0.33181822  0.33989119  0.34805218  0.33181822  0.33989119  0.36464598  0.33989119  0.30810885  0.30036971  0.30810885  0.31592884  0.32383137  0.27762104  0.28512739  0.33989119  0.33989119  0.33989119  0.27018922  0.23409806  0.25554331  0.28512739  0.25554331  0.25554331  0.25554331  0.23409806  0.25554331  0.25554331  0.25554331  0.25554331  0.31592884  0.33181822  0.34805218  0.34805218  0.34805218  0.24832642  0.23409806  0.24117844  0.24117844  0.24832642  0.24832642  0.24832642  0.19296697  0.22708402  0.23409806  0.35630310  0.34805218  0.36464598  0.39024742  0.36464598  0.39024742  0.36464598  0.33989119  0.33989119  0.33989119  0.36464598  0.39897955  0.35630310  0.38161596  0.39024742  0.39024742  0.31592884  0.33989119  0.30810885  0.29270976  0.30810885  0.30810885  0.45362596  0.46313448  0.45362596  0.47276532  0.45362596  0.37308289  0.37308289  0.35630310  0.39897955  
26_0_0     0.29270976  0.30810885  0.37308289  0.25554331  0.27018922  0.33989119  0.34805218  0.33989119  0.33989119  0.32383137  0.33181822  0.33989119  0.37308289  0.39024742  0.07588423  0.06456122  0.00000000  0.03698103  0.19966712  0.18632624  0.15397850  0.17321895  0.16675036  0.23409806  0.17321895  0.16675036  0.16675036  0.16033720  0.15397850  0.16033720  0.15397850  0.14767336  0.15397850  0.16033720  0.18632624  0.16675036  0.16675036  0.18632624  0.17321895  0.17974391  0.16675036  0.14142088  0.15397850  0.26283045  0.28512739  0.29270976  0.30036971  0.27018922  0.29270976  0.29270976  0.31592884  0.27018922  0.28512739  0.24832642  0.24832642  0.26283045  0.28512739  0.27762104  0.27762104  0.28512739  0.35630310  0.39024742  0.36464598  0.34805218  0.36464598  0.36464598  0.35630310  0.38161596  0.31592884  0.30036971  0.36464598  0.38161596  0.38161596  0.37308289  0.40781475  0.39897955  0.39897955  0.39897955  0.38161596  0.28512739  0.31592884  0.32383137  0.33989119  0.31592884  0.30036971  0.30810885  0.39024742  0.36464598  0.33181822  0.33989119  0.34805218  0.34805218  0.35630310  0.30810885  0.33181822  0.34805218  0.35630310  0.35630310  0.24117844  0.22708402  0.24832642  0.26283045  0.25554331  0.27018922  0.28512739  0.27762104  0.25554331  0.27018922  0.28512739  0.27018922  0.31592884  0.34805218  0.36464598  0.34805218  0.34805218  0.25554331  0.24117844  0.24832642  0.24117844  0.23409806  0.24832642  0.24832642  0.21325007  0.24832642  0.24832642  0.40781475  0.39897955  0.38161596  0.39897955  0.38161596  0.39897955  0.36464598  0.33181822  0.33989119  0.33181822  0.34805218  0.38161596  0.37308289  0.39024742  0.42580425  0.39024742  0.30810885  0.33181822  0.30810885  0.30810885  0.30810885  0.30810885  0.49240686  0.49240686  0.48252168  0.44423670  0.46313448  0.34805218  0.36464598  0.31592884  0.33989119  
6_0_0      0.29270976  0.32383137  0.38161596  0.28512739  0.28512739  0.32383137  0.33181822  0.30810885  0.30810885  0.29270976  0.30036971  0.30810885  0.39024742  0.39024742  0.08161061  0.04789148  0.03698103  0.00000000  0.17974391  0.16675036  0.16033720  0.17321895  0.16675036  0.24117844  0.15397850  0.14767336  0.13522019  0.14142088  0.12297079  0.12907044  0.12297079  0.11692044  0.13522019  0.14142088  0.17974391  0.16033720  0.16033720  0.17974391  0.16675036  0.17321895  0.17321895  0.13522019  0.14767336  0.30036971  0.29270976  0.30036971  0.29270976  0.29270976  0.30810885  0.30810885  0.30036971  0.27018922  0.30036971  0.27762104  0.27762104  0.29270976  0.30036971  0.29270976  0.30810885  0.30036971  0.36464598  0.40781475  0.38161596  0.36464598  0.36464598  0.37308289  0.38161596  0.39024742  0.36464598  0.34805218  0.39897955  0.38161596  0.38161596  0.37308289  0.39897955  0.40781475  0.39897955  0.40781475  0.39024742  0.30810885  0.34805218  0.35630310  0.35630310  0.34805218  0.33181822  0.35630310  0.41675546  0.37308289  0.33989119  0.33181822  0.33989119  0.35630310  0.36464598  0.30036971  0.32383137  0.35630310  0.36464598  0.36464598  0.25554331  0.24117844  0.26283045  0.29270976  0.27018922  0.30036971  0.30036971  0.29270976  0.28512739  0.30036971  0.28512739  0.27018922  0.31592884  0.33181822  0.34805218  0.34805218  0.34805218  0.28512739  0.27018922  0.27762104  0.27018922  0.27018922  0.26283045  0.26283045  0.21325007  0.24832642  0.25554331  0.38161596  0.37308289  0.37308289  0.39024742  0.39024742  0.39024742  0.35630310  0.33181822  0.33989119  0.33181822  0.35630310  0.36464598  0.35630310  0.39024742  0.40781475  0.40781475  0.32383137  0.33181822  0.30810885  0.29270976  0.32383137  0.32383137  0.49240686  0.49240686  0.48252168  0.46313448  0.46313448  0.33989119  0.37308289  0.32383137  0.36464598  
78_0_0     0.36464598  0.34805218  0.39897955  0.30810885  0.30810885  0.30810885  0.33181822  0.35630310  0.35630310  0.34805218  0.36464598  0.35630310  0.40781475  0.39024742  0.19966712  0.17321895  0.19966712  0.17974391  0.00000000  0.06456122  0.13522019  0.17321895  0.17974391  0.20642779  0.15397850  0.14767336  0.11091860  0.11692044  0.14767336  0.11692044  0.11091860  0.12907044  0.12297079  0.14142088  0.18632624  0.17974391  0.16033720  0.17974391  0.16033720  0.14767336  0.16675036  0.14142088  0.14142088  0.33989119  0.32383137  0.33181822  0.32383137  0.30810885  0.34805218  0.34805218  0.32383137  0.32383137  0.31592884  0.33181822  0.33181822  0.32383137  0.33181822  0.35630310  0.33989119  0.34805218  0.32383137  0.45362596  0.43496375  0.38161596  0.38161596  0.39024742  0.40781475  0.39897955  0.32383137  0.30810885  0.35630310  0.34805218  0.34805218  0.35630310  0.36464598  0.38161596  0.35630310  0.38161596  0.38161596  0.35630310  0.28512739  0.30810885  0.37308289  0.35630310  0.32383137  0.36464598  0.40781475  0.38161596  0.38161596  0.35630310  0.37308289  0.39024742  0.39897955  0.33989119  0.34805218  0.39897955  0.40781475  0.40781475  0.26283045  0.27018922  0.27762104  0.30810885  0.28512739  0.33989119  0.35630310  0.31592884  0.36464598  0.36464598  0.33181822  0.33181822  0.32383137  0.33989119  0.37308289  0.35630310  0.35630310  0.29270976  0.29270976  0.30036971  0.33181822  0.32383137  0.31592884  0.31592884  0.27018922  0.32383137  0.30036971  0.37308289  0.36464598  0.39024742  0.39024742  0.34805218  0.41675546  0.36464598  0.33181822  0.30810885  0.30036971  0.36464598  0.38161596  0.37308289  0.38161596  0.41675546  0.41675546  0.40781475  0.39897955  0.39897955  0.38161596  0.35630310  0.36464598  0.45362596  0.45362596  0.44423670  0.46313448  0.43496375  0.33989119  0.35630310  0.38161596  0.38161596  
14_0_0     0.35630310  0.34805218  0.40781475  0.30810885  0.30810885  0.31592884  0.33989119  0.36464598  0.36464598  0.35630310  0.37308289  0.36464598  0.39897955  0.38161596  0.21325007  0.18632624  0.18632624  0.16675036  0.06456122  0.00000000  0.14767336  0.16033720  0.17974391  0.20642779  0.16675036  0.16033720  0.09905737  0.10496449  0.12297079  0.10496449  0.09905737  0.14142088  0.13522019  0.14142088  0.17321895  0.16033720  0.13522019  0.16675036  0.14767336  0.14767336  0.17974391  0.14142088  0.14142088  0.32383137  0.30810885  0.31592884  0.30810885  0.30810885  0.31592884  0.31592884  0.29270976  0.27762104  0.30810885  0.33181822  0.33181822  0.31592884  0.30810885  0.33989119  0.31592884  0.32383137  0.31592884  0.44423670  0.42580425  0.39024742  0.39024742  0.38161596  0.41675546  0.40781475  0.32383137  0.30810885  0.35630310  0.36464598  0.36464598  0.37308289  0.37308289  0.39024742  0.38161596  0.39024742  0.39024742  0.35630310  0.32383137  0.34805218  0.38161596  0.37308289  0.33989119  0.35630310  0.40781475  0.39897955  0.38161596  0.35630310  0.40781475  0.40781475  0.41675546  0.33989119  0.36464598  0.39897955  0.40781475  0.40781475  0.24117844  0.29270976  0.28512739  0.30036971  0.29270976  0.34805218  0.36464598  0.33989119  0.33989119  0.35630310  0.35630310  0.33989119  0.29270976  0.30810885  0.32383137  0.30810885  0.33989119  0.28512739  0.27018922  0.27762104  0.30036971  0.30036971  0.30810885  0.31592884  0.29270976  0.33181822  0.30810885  0.40781475  0.39897955  0.39024742  0.39024742  0.36464598  0.42580425  0.35630310  0.34805218  0.33181822  0.32383137  0.35630310  0.39024742  0.35630310  0.38161596  0.43496375  0.41675546  0.39897955  0.39024742  0.40781475  0.38161596  0.39024742  0.39024742  0.43496375  0.43496375  0.42580425  0.43496375  0.42580425  0.32383137  0.37308289  0.40781475  0.39024742  
77_17_0    0.30810885  0.36464598  0.39024742  0.29270976  0.30810885  0.30036971  0.33181822  0.34805218  0.34805218  0.32383137  0.33181822  0.31592884  0.37308289  0.35630310  0.17974391  0.16675036  0.15397850  0.16033720  0.13522019  0.14767336  0.00000000  0.06456122  0.09319649  0.09905737  0.04789148  0.03158485  0.11091860  0.10496449  0.12297079  0.11692044  0.09905737  0.12907044  0.11091860  0.14142088  0.16033720  0.14142088  0.11091860  0.12907044  0.10496449  0.09905737  0.14767336  0.13522019  0.16033720  0.28512739  0.29270976  0.29270976  0.29270976  0.24117844  0.32383137  0.31592884  0.30810885  0.29270976  0.26283045  0.26283045  0.26283045  0.27018922  0.26283045  0.27018922  0.26283045  0.26283045  0.33989119  0.42580425  0.40781475  0.34805218  0.37308289  0.36464598  0.32383137  0.34805218  0.27018922  0.27018922  0.33989119  0.33989119  0.33989119  0.34805218  0.34805218  0.33989119  0.34805218  0.33989119  0.33989119  0.30810885  0.31592884  0.33989119  0.30810885  0.37308289  0.33181822  0.30810885  0.36464598  0.38161596  0.34805218  0.32383137  0.33989119  0.33181822  0.34805218  0.32383137  0.31592884  0.37308289  0.36464598  0.36464598  0.23409806  0.27018922  0.27762104  0.29270976  0.28512739  0.26283045  0.32383137  0.28512739  0.33181822  0.33181822  0.28512739  0.28512739  0.32383137  0.34805218  0.38161596  0.36464598  0.33989119  0.27018922  0.25554331  0.26283045  0.26283045  0.25554331  0.24117844  0.22708402  0.23409806  0.26283045  0.25554331  0.36464598  0.35630310  0.39024742  0.39897955  0.34805218  0.39024742  0.36464598  0.34805218  0.32383137  0.31592884  0.33989119  0.39024742  0.38161596  0.34805218  0.36464598  0.33181822  0.34805218  0.33181822  0.29270976  0.30036971  0.30810885  0.30810885  0.39897955  0.39897955  0.39024742  0.39897955  0.41675546  0.33989119  0.39897955  0.31592884  0.33181822  
