103
44_9_0     0.00000000  0.01204961  0.04942037  0.02019291  0.02429836  0.02842667  0.49007969  0.31249880  0.31859725  0.30045038  0.30645011  0.36928023  0.45246217  0.42368503  0.49007969  0.28273722  0.30645011  0.31859725  0.49007969  0.52161181  0.51360213  0.51360213  0.52970899  0.53789562  0.62515656  0.49007969  0.59788297  0.58901033  0.57157747  0.57157747  0.62515656  0.61595340  0.62515656  0.68291272  0.67296871  0.71357119  0.71357119  0.70321015  0.67296871  0.67296871  0.62515656  0.55454523  0.55454523  0.58901033  0.61595340  0.62515656  0.60686312  0.59788297  0.60686312  0.69299196  0.52970899  0.60686312  0.58901033  0.58901033  0.53789562  0.68291272  0.44516246  0.50567808  0.48240190  0.46728087  0.45246217  0.49007969  0.44516246  0.45983448  0.48240190  0.48240190  0.48240190  0.49007969  0.58024265  0.54617367  0.54617367  0.58024265  0.53789562  0.56301243  0.58024265  0.51360213  0.50567808  0.55454523  0.47480282  0.56301243  0.55454523  0.58024265  0.62515656  0.47480282  0.55454523  0.55454523  0.50567808  0.48240190  0.52161181  0.62515656  0.59788297  0.60686312  0.60686312  0.65347220  0.62515656  0.61595340  0.74555275  0.70321015  0.69299196  0.62515656  0.72407912  0.72407912  0.70321015  
44_0_0     0.01204961  0.00000000  0.03675293  0.00801127  0.01204961  0.01611007  0.47480282  0.30045038  0.30645011  0.29449884  0.30045038  0.36928023  0.45983448  0.43793394  0.48240190  0.26543751  0.28859470  0.30045038  0.47480282  0.50567808  0.49783785  0.49783785  0.50567808  0.51360213  0.63447542  0.47480282  0.58901033  0.56301243  0.55454523  0.54617367  0.59788297  0.58901033  0.59788297  0.68291272  0.66315635  0.70321015  0.70321015  0.70321015  0.67296871  0.67296871  0.62515656  0.54617367  0.54617367  0.58901033  0.61595340  0.60686312  0.59788297  0.58901033  0.59788297  0.68291272  0.50567808  0.59788297  0.57157747  0.56301243  0.51360213  0.67296871  0.43077524  0.48240190  0.46728087  0.44516246  0.43077524  0.47480282  0.43077524  0.44516246  0.46728087  0.46728087  0.46728087  0.47480282  0.56301243  0.52970899  0.54617367  0.55454523  0.51360213  0.54617367  0.56301243  0.49783785  0.49007969  0.53789562  0.45983448  0.55454523  0.53789562  0.56301243  0.59788297  0.45983448  0.53789562  0.52970899  0.48240190  0.46728087  0.50567808  0.60686312  0.59788297  0.58024265  0.60686312  0.62515656  0.61595340  0.60686312  0.72407912  0.68291272  0.67296871  0.60686312  0.73473817  0.71357119  0.69299196  
65_0_0     0.04942037  0.03675293  0.00000000  0.03675293  0.04942037  0.05369142  0.49783785  0.33719960  0.34350560  0.31859725  0.33719960  0.37586641  0.48240190  0.45983448  0.50567808  0.26543751  0.28859470  0.28859470  0.49007969  0.52161181  0.51360213  0.51360213  0.50567808  0.51360213  0.64391295  0.48240190  0.60686312  0.57157747  0.55454523  0.55454523  0.58024265  0.58024265  0.57157747  0.68291272  0.69299196  0.70321015  0.70321015  0.68291272  0.67296871  0.69299196  0.62515656  0.54617367  0.54617367  0.58901033  0.61595340  0.65347220  0.58901033  0.58024265  0.58901033  0.70321015  0.49007969  0.60686312  0.55454523  0.59788297  0.54617367  0.66315635  0.45983448  0.49007969  0.49007969  0.44516246  0.43793394  0.48240190  0.44516246  0.45983448  0.47480282  0.47480282  0.47480282  0.48240190  0.54617367  0.53789562  0.52970899  0.52970899  0.51360213  0.54617367  0.56301243  0.49783785  0.50567808  0.55454523  0.48240190  0.56301243  0.54617367  0.53789562  0.59788297  0.48240190  0.58024265  0.53789562  0.50567808  0.49007969  0.51360213  0.61595340  0.60686312  0.58024265  0.58901033  0.62515656  0.63447542  0.64391295  0.72407912  0.69299196  0.67296871  0.66315635  0.72407912  0.68291272  0.66315635  
50_0_0     0.02019291  0.00801127  0.03675293  0.00000000  0.02019291  0.02429836  0.47480282  0.30045038  0.31859725  0.29449884  0.30045038  0.36928023  0.47480282  0.45246217  0.49783785  0.26543751  0.28859470  0.28859470  0.47480282  0.49007969  0.48240190  0.48240190  0.49007969  0.49783785  0.65347220  0.49007969  0.58901033  0.56301243  0.55454523  0.54617367  0.58024265  0.58901033  0.59788297  0.66315635  0.66315635  0.68291272  0.68291272  0.68291272  0.65347220  0.65347220  0.60686312  0.54617367  0.54617367  0.58901033  0.61595340  0.62515656  0.59788297  0.58901033  0.59788297  0.70321015  0.50567808  0.59788297  0.57157747  0.56301243  0.51360213  0.66315635  0.43077524  0.48240190  0.46728087  0.44516246  0.43077524  0.47480282  0.43077524  0.44516246  0.46728087  0.46728087  0.46728087  0.47480282  0.54617367  0.51360213  0.52970899  0.53789562  0.51360213  0.52970899  0.54617367  0.48240190  0.49007969  0.53789562  0.44516246  0.53789562  0.52161181  0.54617367  0.58901033  0.44516246  0.55454523  0.51360213  0.46728087  0.45246217  0.49007969  0.59788297  0.58901033  0.58901033  0.59788297  0.61595340  0.60686312  0.59788297  0.71357119  0.67296871  0.66315635  0.59788297  0.73473817  0.71357119  0.69299196  
5_0_0      0.02429836  0.01204961  0.04942037  0.02019291  0.00000000  0.00399481  0.48240190  0.30645011  0.30045038  0.28859470  0.29449884  0.37586641  0.44516246  0.42368503  0.46728087  0.28273722  0.29449884  0.30645011  0.46728087  0.49783785  0.49007969  0.49007969  0.49783785  0.50567808  0.61595340  0.45246217  0.56301243  0.53789562  0.54617367  0.53789562  0.59788297  0.58901033  0.59788297  0.66315635  0.64391295  0.68291272  0.68291272  0.68291272  0.65347220  0.65347220  0.60686312  0.57157747  0.57157747  0.58024265  0.60686312  0.63447542  0.60686312  0.59788297  0.60686312  0.65347220  0.51360213  0.60686312  0.56301243  0.55454523  0.50567808  0.69299196  0.42368503  0.47480282  0.45983448  0.43793394  0.42368503  0.48240190  0.45246217  0.45246217  0.45983448  0.45983448  0.45983448  0.46728087  0.55454523  0.52161181  0.53789562  0.52970899  0.50567808  0.52161181  0.55454523  0.49007969  0.48240190  0.52970899  0.46728087  0.54617367  0.54617367  0.57157747  0.57157747  0.45246217  0.52970899  0.52161181  0.47480282  0.45983448  0.51360213  0.59788297  0.58901033  0.58901033  0.61595340  0.62515656  0.63447542  0.60686312  0.74555275  0.70321015  0.69299196  0.58901033  0.73473817  0.73473817  0.71357119  
47_0_0     0.02842667  0.01611007  0.05369142  0.02429836  0.00399481  0.00000000  0.49007969  0.31249880  0.30645011  0.29449884  0.30045038  0.38251164  0.43793394  0.43077524  0.45983448  0.28859470  0.28859470  0.30045038  0.47480282  0.50567808  0.49783785  0.49783785  0.50567808  0.51360213  0.61595340  0.45983448  0.57157747  0.54617367  0.55454523  0.54617367  0.60686312  0.59788297  0.60686312  0.67296871  0.65347220  0.69299196  0.69299196  0.69299196  0.66315635  0.66315635  0.61595340  0.58024265  0.58024265  0.57157747  0.59788297  0.64391295  0.61595340  0.60686312  0.61595340  0.66315635  0.52161181  0.60686312  0.56301243  0.54617367  0.49783785  0.70321015  0.41666199  0.46728087  0.45246217  0.44516246  0.43077524  0.49007969  0.44516246  0.44516246  0.45246217  0.45246217  0.45246217  0.45983448  0.56301243  0.52970899  0.52970899  0.52161181  0.51360213  0.51360213  0.54617367  0.48240190  0.49007969  0.52161181  0.47480282  0.55454523  0.55454523  0.58024265  0.58024265  0.44516246  0.52161181  0.52970899  0.48240190  0.46728087  0.52161181  0.60686312  0.59788297  0.59788297  0.62515656  0.63447542  0.62515656  0.59788297  0.75652746  0.69299196  0.70321015  0.58024265  0.72407912  0.74555275  0.70321015  
16_0_0     0.49007969  0.47480282  0.49783785  0.47480282  0.48240190  0.49007969  0.00000000  0.27115933  0.19481432  0.33719960  0.34350560  0.43793394  0.73473817  0.76766713  0.69299196  0.58024265  0.57157747  0.56301243  0.65347220  0.64391295  0.67296871  0.67296871  0.66315635  0.65347220  0.68291272  0.64391295  0.74555275  0.72407912  0.70321015  0.73473817  0.70321015  0.75652746  0.75652746  0.70321015  0.76766713  0.72407912  0.72407912  0.75652746  0.73473817  0.70321015  0.73473817  0.69299196  0.67296871  0.74555275  0.77897677  0.73473817  0.71357119  0.70321015  0.69299196  0.75652746  0.69299196  0.74555275  0.61595340  0.67296871  0.62515656  0.83826817  0.73473817  0.73473817  0.71357119  0.76766713  0.76766713  0.69299196  0.68291272  0.68291272  0.67296871  0.67296871  0.67296871  0.73473817  0.83826817  0.88937212  0.94426232  0.93015399  0.61595340  0.59788297  0.62515656  0.61595340  0.65347220  0.66315635  0.56301243  0.65347220  0.55454523  0.60686312  0.73473817  0.76766713  0.67296871  0.68291272  0.77897677  0.77897677  0.59788297  0.70321015  0.73473817  0.67296871  0.85071763  0.76766713  0.86337978  0.88937212  0.79046167  0.73473817  0.72407912  0.83826817  0.95864442  0.88937212  0.87626202  
52_0_0     0.31249880  0.30045038  0.33719960  0.30045038  0.30645011  0.31249880  0.27115933  0.00000000  0.06665426  0.30045038  0.30645011  0.38921699  0.65347220  0.64391295  0.60686312  0.49783785  0.48240190  0.50567808  0.58901033  0.61595340  0.60686312  0.60686312  0.61595340  0.62515656  0.72407912  0.57157747  0.71357119  0.65347220  0.65347220  0.68291272  0.71357119  0.71357119  0.73473817  0.74555275  0.77897677  0.79046167  0.79046167  0.79046167  0.75652746  0.74555275  0.70321015  0.63447542  0.65347220  0.62515656  0.60686312  0.72407912  0.80212733  0.79046167  0.80212733  0.73473817  0.63447542  0.77897677  0.75652746  0.73473817  0.64391295  0.85071763  0.62515656  0.66315635  0.62515656  0.67296871  0.61595340  0.60686312  0.63447542  0.63447542  0.62515656  0.62515656  0.62515656  0.66315635  0.75652746  0.71357119  0.75652746  0.81397954  0.57157747  0.65347220  0.60686312  0.65347220  0.58024265  0.61595340  0.51360213  0.60686312  0.58901033  0.60686312  0.62515656  0.54617367  0.55454523  0.54617367  0.56301243  0.54617367  0.58024265  0.71357119  0.72407912  0.67296871  0.76766713  0.83826817  0.72407912  0.66315635  0.80212733  0.77897677  0.79046167  0.72407912  0.88937212  0.87626202  0.87626202  
74_0_0     0.31859725  0.30645011  0.34350560  0.31859725  0.30045038  0.30645011  0.19481432  0.06665426  0.00000000  0.27115933  0.26543751  0.37586641  0.61595340  0.60686312  0.56301243  0.49783785  0.49783785  0.50567808  0.55454523  0.61595340  0.62515656  0.62515656  0.61595340  0.62515656  0.69299196  0.52161181  0.69299196  0.67296871  0.65347220  0.68291272  0.71357119  0.75652746  0.75652746  0.73473817  0.70321015  0.75652746  0.75652746  0.77897677  0.74555275  0.71357119  0.69299196  0.58901033  0.62515656  0.58024265  0.58901033  0.69299196  0.72407912  0.71357119  0.72407912  0.66315635  0.62515656  0.73473817  0.67296871  0.67296871  0.62515656  0.80212733  0.65347220  0.67296871  0.65347220  0.69299196  0.63447542  0.63447542  0.66315635  0.66315635  0.65347220  0.65347220  0.65347220  0.69299196  0.79046167  0.76766713  0.79046167  0.82602437  0.56301243  0.61595340  0.58901033  0.65347220  0.61595340  0.63447542  0.56301243  0.63447542  0.62515656  0.65347220  0.62515656  0.56301243  0.56301243  0.58024265  0.59788297  0.58024265  0.59788297  0.73473817  0.76766713  0.68291272  0.75652746  0.77897677  0.73473817  0.69299196  0.76766713  0.81397954  0.75652746  0.73473817  0.91630920  0.90271830  0.90271830  
74_8_0     0.30045038  0.29449884  0.31859725  0.29449884  0.28859470  0.29449884  0.33719960  0.30045038  0.27115933  0.00000000  0.02429836  0.24853240  0.63447542  0.63447542  0.70321015  0.51360213  0.49783785  0.50567808  0.52970899  0.55454523  0.54617367  0.54617367  0.55454523  0.56301243  0.68291272  0.49783785  0.61595340  0.60686312  0.58901033  0.59788297  0.71357119  0.73473817  0.74555275  0.58901033  0.60686312  0.60686312  0.60686312  0.64391295  0.63447542  0.58024265  0.62515656  0.63447542  0.65347220  0.58024265  0.63447542  0.68291272  0.65347220  0.64391295  0.65347220  0.76766713  0.59788297  0.71357119  0.61595340  0.69299196  0.64391295  0.70321015  0.66315635  0.62515656  0.60686312  0.62515656  0.60686312  0.62515656  0.58901033  0.62515656  0.62515656  0.62515656  0.62515656  0.64391295  0.71357119  0.76766713  0.72407912  0.76766713  0.58024265  0.58024265  0.61595340  0.55454523  0.62515656  0.63447542  0.56301243  0.56301243  0.58901033  0.59788297  0.71357119  0.56301243  0.55454523  0.61595340  0.61595340  0.61595340  0.58024265  0.62515656  0.63447542  0.59788297  0.75652746  0.71357119  0.76766713  0.72407912  0.76766713  0.75652746  0.72407912  0.81397954  0.87626202  0.83826817  0.82602437  
52_8_0     0.30645011  0.30045038  0.33719960  0.30045038  0.29449884  0.30045038  0.34350560  0.30645011  0.26543751  0.02429836  0.00000000  0.25975952  0.65347220  0.63447542  0.71357119  0.49783785  0.49783785  0.50567808  0.55454523  0.58024265  0.57157747  0.57157747  0.58024265  0.58901033  0.69299196  0.52161181  0.65347220  0.62515656  0.62515656  0.63447542  0.72407912  0.77897677  0.79046167  0.63447542  0.63447542  0.65347220  0.65347220  0.69299196  0.68291272  0.60686312  0.65347220  0.64391295  0.66315635  0.60686312  0.65347220  0.68291272  0.66315635  0.65347220  0.68291272  0.79046167  0.61595340  0.71357119  0.65347220  0.71357119  0.60686312  0.74555275  0.67296871  0.65347220  0.63447542  0.64391295  0.62515656  0.62515656  0.62515656  0.66315635  0.66315635  0.66315635  0.66315635  0.68291272  0.68291272  0.73473817  0.69299196  0.75652746  0.57157747  0.57157747  0.60686312  0.56301243  0.61595340  0.61595340  0.58024265  0.59788297  0.60686312  0.59788297  0.73473817  0.57157747  0.56301243  0.61595340  0.61595340  0.61595340  0.59788297  0.61595340  0.64391295  0.58901033  0.73473817  0.73473817  0.82602437  0.75652746  0.80212733  0.82602437  0.79046167  0.81397954  0.86337978  0.87626202  0.83826817  
16_8_0     0.36928023  0.36928023  0.37586641  0.36928023  0.37586641  0.38251164  0.43793394  0.38921699  0.37586641  0.24853240  0.25975952  0.00000000  0.73473817  0.68291272  0.73473817  0.51360213  0.49783785  0.52161181  0.59788297  0.58901033  0.59788297  0.59788297  0.58901033  0.58901033  0.75652746  0.55454523  0.73473817  0.70321015  0.66315635  0.67296871  0.72407912  0.74555275  0.72407912  0.66315635  0.73473817  0.70321015  0.70321015  0.70321015  0.71357119  0.64391295  0.71357119  0.66315635  0.66315635  0.64391295  0.72407912  0.68291272  0.66315635  0.65347220  0.68291272  0.77897677  0.62515656  0.71357119  0.69299196  0.75652746  0.61595340  0.69299196  0.69299196  0.65347220  0.63447542  0.69299196  0.68291272  0.68291272  0.65347220  0.68291272  0.67296871  0.67296871  0.67296871  0.72407912  0.74555275  0.69299196  0.69299196  0.77897677  0.63447542  0.63447542  0.62515656  0.58901033  0.65347220  0.63447542  0.62515656  0.64391295  0.63447542  0.63447542  0.77897677  0.64391295  0.65347220  0.70321015  0.67296871  0.64391295  0.66315635  0.74555275  0.76766713  0.71357119  0.73473817  0.68291272  0.83826817  0.82602437  0.82602437  0.90271830  0.85071763  0.79046167  0.90271830  0.95864442  0.88937212  
56_0_0     0.45246217  0.45983448  0.48240190  0.47480282  0.44516246  0.43793394  0.73473817  0.65347220  0.61595340  0.63447542  0.65347220  0.73473817  0.00000000  0.03675293  0.09328057  0.49007969  0.51360213  0.52970899  0.58024265  0.65347220  0.63447542  0.63447542  0.62515656  0.63447542  0.68291272  0.56301243  0.71357119  0.68291272  0.69299196  0.66315635  0.73473817  0.73473817  0.70321015  0.82602437  0.80212733  0.80212733  0.80212733  0.81397954  0.83826817  0.85071763  0.82602437  0.68291272  0.68291272  0.68291272  0.69299196  0.79046167  0.70321015  0.69299196  0.66315635  0.82602437  0.69299196  0.67296871  0.69299196  0.64391295  0.58901033  0.69299196  0.64391295  0.65347220  0.67296871  0.63447542  0.66315635  0.66315635  0.71357119  0.68291272  0.67296871  0.67296871  0.67296871  0.67296871  0.77897677  0.72407912  0.71357119  0.72407912  0.67296871  0.58901033  0.62515656  0.68291272  0.66315635  0.65347220  0.63447542  0.74555275  0.73473817  0.74555275  0.69299196  0.60686312  0.69299196  0.63447542  0.66315635  0.67296871  0.64391295  0.73473817  0.68291272  0.73473817  0.72407912  0.66315635  0.71357119  0.66315635  0.87626202  0.83826817  0.97331112  0.74555275  1.13856537  1.03506485  0.94426232  
33_0_0     0.42368503  0.43793394  0.45983448  0.45246217  0.42368503  0.43077524  0.76766713  0.64391295  0.60686312  0.63447542  0.63447542  0.68291272  0.03675293  0.00000000  0.10696123  0.51360213  0.53789562  0.55454523  0.57157747  0.64391295  0.62515656  0.62515656  0.63447542  0.64391295  0.73473817  0.55454523  0.74555275  0.72407912  0.69299196  0.68291272  0.75652746  0.76766713  0.73473817  0.87626202  0.82602437  0.87626202  0.87626202  0.86337978  0.86337978  0.87626202  0.85071763  0.67296871  0.69299196  0.67296871  0.68291272  0.79046167  0.69299196  0.68291272  0.65347220  0.86337978  0.72407912  0.74555275  0.69299196  0.69299196  0.59788297  0.72407912  0.65347220  0.68291272  0.68291272  0.63447542  0.66315635  0.64391295  0.67296871  0.68291272  0.67296871  0.67296871  0.67296871  0.69299196  0.75652746  0.70321015  0.71357119  0.72407912  0.69299196  0.62515656  0.64391295  0.72407912  0.66315635  0.69299196  0.66315635  0.77897677  0.76766713  0.75652746  0.70321015  0.61595340  0.72407912  0.66315635  0.67296871  0.66315635  0.65347220  0.77897677  0.74555275  0.77897677  0.72407912  0.67296871  0.72407912  0.66315635  0.93015399  0.86337978  0.97331112  0.77897677  1.12028020  1.06798487  0.94426232  
55_0_0     0.49007969  0.48240190  0.50567808  0.49783785  0.46728087  0.45983448  0.69299196  0.60686312  0.56301243  0.70321015  0.71357119  0.73473817  0.09328057  0.10696123  0.00000000  0.47480282  0.48240190  0.48240190  0.54617367  0.63447542  0.61595340  0.61595340  0.60686312  0.61595340  0.75652746  0.58024265  0.71357119  0.75652746  0.73473817  0.70321015  0.69299196  0.69299196  0.68291272  0.76766713  0.74555275  0.74555275  0.74555275  0.77897677  0.77897677  0.79046167  0.74555275  0.68291272  0.72407912  0.67296871  0.64391295  0.86337978  0.76766713  0.75652746  0.72407912  0.77897677  0.67296871  0.72407912  0.69299196  0.62515656  0.55454523  0.80212733  0.67296871  0.66315635  0.68291272  0.67296871  0.66315635  0.65347220  0.74555275  0.71357119  0.70321015  0.70321015  0.70321015  0.72407912  0.80212733  0.76766713  0.75652746  0.76766713  0.61595340  0.62515656  0.62515656  0.72407912  0.62515656  0.67296871  0.62515656  0.71357119  0.70321015  0.70321015  0.72407912  0.62515656  0.68291272  0.58901033  0.59788297  0.60686312  0.61595340  0.80212733  0.76766713  0.75652746  0.74555275  0.67296871  0.71357119  0.68291272  0.85071763  0.79046167  0.94426232  0.72407912  1.03506485  1.06798487  0.98827392  
57_0_0     0.28273722  0.26543751  0.26543751  0.26543751  0.28273722  0.28859470  0.58024265  0.49783785  0.49783785  0.51360213  0.49783785  0.51360213  0.49007969  0.51360213  0.47480282  0.00000000  0.07984786  0.09781279  0.54617367  0.52970899  0.53789562  0.53789562  0.52970899  0.52970899  0.59788297  0.51360213  0.63447542  0.60686312  0.54617367  0.55454523  0.61595340  0.56301243  0.60686312  0.62515656  0.62515656  0.59788297  0.59788297  0.55454523  0.58901033  0.66315635  0.61595340  0.47480282  0.49007969  0.49007969  0.53789562  0.66315635  0.49007969  0.49007969  0.51360213  0.59788297  0.43077524  0.53789562  0.54617367  0.49783785  0.47480282  0.64391295  0.51360213  0.53789562  0.55454523  0.49783785  0.48240190  0.49783785  0.53789562  0.52161181  0.52970899  0.55454523  0.52970899  0.53789562  0.52161181  0.51360213  0.58024265  0.53789562  0.45983448  0.49007969  0.46728087  0.46728087  0.47480282  0.50567808  0.45246217  0.57157747  0.51360213  0.50567808  0.62515656  0.52161181  0.58901033  0.45246217  0.48240190  0.49007969  0.49783785  0.55454523  0.56301243  0.49783785  0.55454523  0.55454523  0.60686312  0.58024265  0.62515656  0.66315635  0.73473817  0.68291272  0.75652746  0.72407912  0.71357119  
62_0_0     0.30645011  0.28859470  0.28859470  0.28859470  0.29449884  0.28859470  0.57157747  0.48240190  0.49783785  0.49783785  0.49783785  0.49783785  0.51360213  0.53789562  0.48240190  0.07984786  0.00000000  0.02429836  0.48240190  0.48240190  0.47480282  0.47480282  0.46728087  0.45246217  0.57157747  0.48240190  0.58901033  0.56301243  0.52161181  0.52970899  0.60686312  0.55454523  0.54617367  0.59788297  0.58901033  0.58901033  0.58901033  0.54617367  0.54617367  0.59788297  0.57157747  0.45246217  0.46728087  0.43793394  0.49007969  0.63447542  0.49007969  0.48240190  0.50567808  0.60686312  0.41666199  0.54617367  0.52161181  0.45246217  0.42368503  0.58901033  0.47480282  0.48240190  0.48240190  0.48240190  0.45246217  0.48240190  0.49007969  0.45983448  0.45246217  0.47480282  0.45246217  0.47480282  0.50567808  0.49783785  0.51360213  0.47480282  0.45983448  0.49783785  0.47480282  0.44516246  0.45983448  0.48240190  0.44516246  0.55454523  0.49783785  0.49783785  0.64391295  0.47480282  0.52161181  0.47480282  0.52161181  0.49007969  0.53789562  0.57157747  0.59788297  0.52970899  0.53789562  0.52970899  0.58901033  0.53789562  0.62515656  0.64391295  0.69299196  0.63447542  0.72407912  0.73473817  0.68291272  
39_0_0     0.31859725  0.30045038  0.28859470  0.28859470  0.30645011  0.30045038  0.56301243  0.50567808  0.50567808  0.50567808  0.50567808  0.52161181  0.52970899  0.55454523  0.48240190  0.09781279  0.02429836  0.00000000  0.48240190  0.48240190  0.47480282  0.47480282  0.45246217  0.43793394  0.58901033  0.48240190  0.58901033  0.59788297  0.55454523  0.56301243  0.58901033  0.55454523  0.56301243  0.61595340  0.62515656  0.60686312  0.60686312  0.56301243  0.56301243  0.59788297  0.57157747  0.43793394  0.46728087  0.45246217  0.49007969  0.63447542  0.49007969  0.48240190  0.50567808  0.60686312  0.43793394  0.58024265  0.52161181  0.43793394  0.45246217  0.56301243  0.49007969  0.48240190  0.49783785  0.49783785  0.46728087  0.49783785  0.50567808  0.47480282  0.46728087  0.49007969  0.46728087  0.49007969  0.50567808  0.51360213  0.51360213  0.45983448  0.46728087  0.49007969  0.46728087  0.43793394  0.46728087  0.49007969  0.45246217  0.57157747  0.50567808  0.50567808  0.64391295  0.47480282  0.54617367  0.48240190  0.52970899  0.49783785  0.52970899  0.58024265  0.60686312  0.54617367  0.53789562  0.52970899  0.58901033  0.53789562  0.62515656  0.64391295  0.69299196  0.63447542  0.73473817  0.74555275  0.69299196  
68_1_0     0.49007969  0.47480282  0.49007969  0.47480282  0.46728087  0.47480282  0.65347220  0.58901033  0.55454523  0.52970899  0.55454523  0.59788297  0.58024265  0.57157747  0.54617367  0.54617367  0.48240190  0.48240190  0.00000000  0.09328057  0.06665426  0.06665426  0.07542384  0.07984786  0.27115933  0.07102608  0.30045038  0.29449884  0.25412470  0.24853240  0.38251164  0.33094680  0.30045038  0.55454523  0.55454523  0.56301243  0.56301243  0.56301243  0.56301243  0.54617367  0.57157747  0.61595340  0.64391295  0.61595340  0.63447542  0.67296871  0.61595340  0.60686312  0.61595340  0.74555275  0.52970899  0.61595340  0.52161181  0.52970899  0.51360213  0.55454523  0.49783785  0.47480282  0.46728087  0.58024265  0.55454523  0.54617367  0.54617367  0.52970899  0.52161181  0.52970899  0.52161181  0.56301243  0.60686312  0.60686312  0.59788297  0.56301243  0.55454523  0.58024265  0.52161181  0.54617367  0.55454523  0.54617367  0.48240190  0.58024265  0.52161181  0.57157747  0.58901033  0.50567808  0.55454523  0.52970899  0.51360213  0.50567808  0.50567808  0.63447542  0.63447542  0.58024265  0.59788297  0.56301243  0.62515656  0.62515656  0.77897677  0.69299196  0.73473817  0.60686312  1.03506485  0.93015399  0.86337978  
18_1_0     0.52161181  0.50567808  0.52161181  0.49007969  0.49783785  0.50567808  0.64391295  0.61595340  0.61595340  0.55454523  0.58024265  0.58901033  0.65347220  0.64391295  0.63447542  0.52970899  0.48240190  0.48240190  0.09328057  0.00000000  0.03257811  0.03257811  0.04095140  0.04517379  0.28273722  0.10696123  0.29449884  0.28859470  0.24853240  0.24853240  0.34350560  0.30645011  0.30045038  0.53789562  0.56301243  0.53789562  0.53789562  0.50567808  0.52161181  0.53789562  0.54617367  0.60686312  0.59788297  0.62515656  0.64391295  0.62515656  0.52970899  0.52161181  0.54617367  0.73473817  0.53789562  0.64391295  0.54617367  0.53789562  0.52161181  0.62515656  0.47480282  0.48240190  0.45983448  0.58024265  0.53789562  0.53789562  0.52161181  0.50567808  0.51360213  0.50567808  0.51360213  0.53789562  0.57157747  0.50567808  0.52970899  0.52970899  0.52970899  0.55454523  0.49783785  0.50567808  0.51360213  0.51360213  0.45983448  0.59788297  0.52161181  0.58024265  0.59788297  0.52970899  0.58024265  0.49007969  0.52161181  0.51360213  0.47480282  0.60686312  0.62515656  0.58024265  0.64391295  0.50567808  0.65347220  0.63447542  0.74555275  0.71357119  0.72407912  0.64391295  1.03506485  0.88937212  0.95864442  
49_1_0     0.51360213  0.49783785  0.51360213  0.48240190  0.49007969  0.49783785  0.67296871  0.60686312  0.62515656  0.54617367  0.57157747  0.59788297  0.63447542  0.62515656  0.61595340  0.53789562  0.47480282  0.47480282  0.06665426  0.03257811  0.00000000  0.00000000  0.03257811  0.03675293  0.29449884  0.09781279  0.29449884  0.27692567  0.23747280  0.23747280  0.35628088  0.31859725  0.30045038  0.54617367  0.57157747  0.54617367  0.54617367  0.51360213  0.52970899  0.56301243  0.57157747  0.58024265  0.60686312  0.61595340  0.63447542  0.61595340  0.57157747  0.56301243  0.58901033  0.76766713  0.53789562  0.62515656  0.54617367  0.53789562  0.52161181  0.62515656  0.45983448  0.46728087  0.44516246  0.56301243  0.52161181  0.52161181  0.50567808  0.49007969  0.49783785  0.49007969  0.49783785  0.52161181  0.60686312  0.53789562  0.54617367  0.52161181  0.56301243  0.58901033  0.52970899  0.53789562  0.52970899  0.54617367  0.49007969  0.61595340  0.55454523  0.59788297  0.62515656  0.52970899  0.56301243  0.53789562  0.53789562  0.52970899  0.52161181  0.60686312  0.62515656  0.58024265  0.66315635  0.55454523  0.67296871  0.65347220  0.76766713  0.75652746  0.76766713  0.64391295  1.01913740  0.93015399  0.94426232  
72_1_0     0.51360213  0.49783785  0.51360213  0.48240190  0.49007969  0.49783785  0.67296871  0.60686312  0.62515656  0.54617367  0.57157747  0.59788297  0.63447542  0.62515656  0.61595340  0.53789562  0.47480282  0.47480282  0.06665426  0.03257811  0.00000000  0.00000000  0.03257811  0.03675293  0.29449884  0.09781279  0.29449884  0.27692567  0.23747280  0.23747280  0.35628088  0.31859725  0.30045038  0.54617367  0.57157747  0.54617367  0.54617367  0.51360213  0.52970899  0.56301243  0.57157747  0.58024265  0.60686312  0.61595340  0.63447542  0.61595340  0.57157747  0.56301243  0.58901033  0.76766713  0.53789562  0.62515656  0.54617367  0.53789562  0.52161181  0.62515656  0.45983448  0.46728087  0.44516246  0.56301243  0.52161181  0.52161181  0.50567808  0.49007969  0.49783785  0.49007969  0.49783785  0.52161181  0.60686312  0.53789562  0.54617367  0.52161181  0.56301243  0.58901033  0.52970899  0.53789562  0.52970899  0.54617367  0.49007969  0.61595340  0.55454523  0.59788297  0.62515656  0.52970899  0.56301243  0.53789562  0.53789562  0.52970899  0.52161181  0.60686312  0.62515656  0.58024265  0.66315635  0.55454523  0.67296871  0.65347220  0.76766713  0.75652746  0.76766713  0.64391295  1.01913740  0.93015399  0.94426232  
60_1_0     0.52970899  0.50567808  0.50567808  0.49007969  0.49783785  0.50567808  0.66315635  0.61595340  0.61595340  0.55454523  0.58024265  0.58901033  0.62515656  0.63447542  0.60686312  0.52970899  0.46728087  0.45246217  0.07542384  0.04095140  0.03257811  0.03257811  0.00000000  0.01204961  0.29449884  0.10696123  0.28273722  0.26543751  0.23747280  0.22657581  0.34350560  0.29449884  0.27692567  0.54617367  0.55454523  0.52970899  0.52970899  0.52970899  0.52970899  0.54617367  0.57157747  0.58024265  0.60686312  0.59788297  0.61595340  0.65347220  0.57157747  0.56301243  0.58901033  0.72407912  0.52161181  0.60686312  0.54617367  0.50567808  0.50567808  0.59788297  0.49783785  0.47480282  0.48240190  0.57157747  0.52970899  0.56301243  0.54617367  0.52970899  0.53789562  0.52970899  0.53789562  0.56301243  0.58024265  0.54617367  0.53789562  0.50567808  0.53789562  0.58024265  0.52161181  0.52970899  0.52161181  0.54617367  0.48240190  0.58901033  0.54617367  0.58901033  0.61595340  0.52161181  0.57157747  0.52970899  0.54617367  0.55454523  0.49783785  0.58901033  0.60686312  0.55454523  0.62515656  0.51360213  0.66315635  0.64391295  0.74555275  0.76766713  0.77897677  0.61595340  0.97331112  0.83826817  0.85071763  
69_1_0     0.53789562  0.51360213  0.51360213  0.49783785  0.50567808  0.51360213  0.65347220  0.62515656  0.62515656  0.56301243  0.58901033  0.58901033  0.63447542  0.64391295  0.61595340  0.52970899  0.45246217  0.43793394  0.07984786  0.04517379  0.03675293  0.03675293  0.01204961  0.00000000  0.28859470  0.11157815  0.27692567  0.27115933  0.24298197  0.23200428  0.34986572  0.30045038  0.27115933  0.55454523  0.56301243  0.53789562  0.53789562  0.53789562  0.53789562  0.55454523  0.58024265  0.58901033  0.61595340  0.62515656  0.64391295  0.64391295  0.58024265  0.57157747  0.59788297  0.73473817  0.52970899  0.59788297  0.53789562  0.51360213  0.49783785  0.59788297  0.50567808  0.48240190  0.49007969  0.58024265  0.53789562  0.57157747  0.55454523  0.53789562  0.52970899  0.52161181  0.52970899  0.57157747  0.58901033  0.55454523  0.54617367  0.51360213  0.52970899  0.58901033  0.52970899  0.53789562  0.52970899  0.55454523  0.47480282  0.58024265  0.53789562  0.58024265  0.60686312  0.51360213  0.56301243  0.52161181  0.55454523  0.56301243  0.49007969  0.59788297  0.61595340  0.56301243  0.63447542  0.53789562  0.65347220  0.63447542  0.75652746  0.77897677  0.79046167  0.62515656  1.01913740  0.85071763  0.86337978  
21_1_0     0.62515656  0.63447542  0.64391295  0.65347220  0.61595340  0.61595340  0.68291272  0.72407912  0.69299196  0.68291272  0.69299196  0.75652746  0.68291272  0.73473817  0.75652746  0.59788297  0.57157747  0.58901033  0.27115933  0.28273722  0.29449884  0.29449884  0.29449884  0.28859470  0.00000000  0.25412470  0.38921699  0.40970488  0.38921699  0.40281247  0.44516246  0.43077524  0.41666199  0.54617367  0.64391295  0.54617367  0.54617367  0.56301243  0.53789562  0.58024265  0.58901033  0.65347220  0.64391295  0.67296871  0.71357119  0.68291272  0.73473817  0.72407912  0.73473817  0.83826817  0.63447542  0.67296871  0.61595340  0.59788297  0.54617367  0.65347220  0.58024265  0.57157747  0.56301243  0.66315635  0.64391295  0.65347220  0.64391295  0.62515656  0.59788297  0.62515656  0.59788297  0.60686312  0.52161181  0.57157747  0.55454523  0.65347220  0.58901033  0.52970899  0.51360213  0.55454523  0.55454523  0.58901033  0.52161181  0.68291272  0.60686312  0.63447542  0.58024265  0.68291272  0.66315635  0.61595340  0.67296871  0.68291272  0.60686312  0.75652746  0.71357119  0.73473817  0.74555275  0.68291272  0.73473817  0.73473817  0.85071763  0.79046167  0.85071763  0.76766713  1.01913740  1.00354502  1.05134211  
26_1_0     0.49007969  0.47480282  0.48240190  0.49007969  0.45246217  0.45983448  0.64391295  0.57157747  0.52161181  0.49783785  0.52161181  0.55454523  0.56301243  0.55454523  0.58024265  0.51360213  0.48240190  0.48240190  0.07102608  0.10696123  0.09781279  0.09781279  0.10696123  0.11157815  0.25412470  0.00000000  0.30045038  0.27692567  0.23747280  0.24298197  0.38251164  0.32474631  0.29449884  0.51360213  0.53789562  0.51360213  0.51360213  0.49783785  0.51360213  0.52970899  0.53789562  0.54617367  0.58901033  0.58024265  0.62515656  0.63447542  0.56301243  0.55454523  0.56301243  0.74555275  0.54617367  0.58901033  0.46728087  0.50567808  0.51360213  0.58024265  0.46728087  0.44516246  0.43793394  0.55454523  0.52970899  0.54617367  0.52970899  0.51360213  0.49007969  0.49783785  0.49007969  0.52970899  0.58024265  0.58024265  0.58901033  0.55454523  0.53789562  0.54617367  0.52161181  0.54617367  0.52161181  0.50567808  0.46728087  0.58024265  0.53789562  0.55454523  0.55454523  0.49783785  0.53789562  0.51360213  0.54617367  0.53789562  0.49783785  0.59788297  0.59788297  0.54617367  0.57157747  0.52970899  0.63447542  0.62515656  0.75652746  0.68291272  0.68291272  0.59788297  1.00354502  0.90271830  0.87626202  
45_2_0     0.59788297  0.58901033  0.60686312  0.58901033  0.56301243  0.57157747  0.74555275  0.71357119  0.69299196  0.61595340  0.65347220  0.73473817  0.71357119  0.74555275  0.71357119  0.63447542  0.58901033  0.58901033  0.30045038  0.29449884  0.29449884  0.29449884  0.28273722  0.27692567  0.38921699  0.30045038  0.00000000  0.19481432  0.17942981  0.15447800  0.36275206  0.27115933  0.26543751  0.51360213  0.57157747  0.52970899  0.52970899  0.51360213  0.52970899  0.51360213  0.52970899  0.68291272  0.71357119  0.63447542  0.65347220  0.66315635  0.62515656  0.61595340  0.62515656  0.75652746  0.68291272  0.59788297  0.68291272  0.60686312  0.52970899  0.75652746  0.74555275  0.75652746  0.74555275  0.71357119  0.68291272  0.74555275  0.74555275  0.72407912  0.71357119  0.70321015  0.71357119  0.69299196  0.63447542  0.71357119  0.70321015  0.70321015  0.58024265  0.60686312  0.58024265  0.58901033  0.62515656  0.62515656  0.52970899  0.66315635  0.61595340  0.60686312  0.58901033  0.53789562  0.70321015  0.60686312  0.61595340  0.63447542  0.55454523  0.63447542  0.61595340  0.63447542  0.69299196  0.72407912  0.85071763  0.80212733  0.91630920  0.94426232  0.87626202  0.82602437  0.97331112  0.77897677  0.77897677  
24_2_0     0.58901033  0.56301243  0.57157747  0.56301243  0.53789562  0.54617367  0.72407912  0.65347220  0.67296871  0.60686312  0.62515656  0.70321015  0.68291272  0.72407912  0.75652746  0.60686312  0.56301243  0.59788297  0.29449884  0.28859470  0.27692567  0.27692567  0.26543751  0.27115933  0.40970488  0.27692567  0.19481432  0.00000000  0.07102608  0.05798722  0.25412470  0.17437180  0.16435815  0.49783785  0.58024265  0.51360213  0.51360213  0.46728087  0.51360213  0.50567808  0.52970899  0.65347220  0.68291272  0.65347220  0.67296871  0.67296871  0.64391295  0.63447542  0.62515656  0.69299196  0.65347220  0.67296871  0.64391295  0.60686312  0.57157747  0.67296871  0.58024265  0.58024265  0.57157747  0.64391295  0.61595340  0.64391295  0.60686312  0.57157747  0.58024265  0.57157747  0.58024265  0.58024265  0.58024265  0.58024265  0.60686312  0.54617367  0.62515656  0.66315635  0.63447542  0.59788297  0.64391295  0.65347220  0.58024265  0.63447542  0.61595340  0.66315635  0.63447542  0.60686312  0.70321015  0.65347220  0.64391295  0.66315635  0.62515656  0.59788297  0.63447542  0.58901033  0.65347220  0.76766713  0.73473817  0.75652746  0.95864442  0.86337978  0.85071763  0.74555275  0.97331112  0.85071763  0.87626202  
24_3_0     0.57157747  0.55454523  0.55454523  0.55454523  0.54617367  0.55454523  0.70321015  0.65347220  0.65347220  0.58901033  0.62515656  0.66315635  0.69299196  0.69299196  0.73473817  0.54617367  0.52161181  0.55454523  0.25412470  0.24853240  0.23747280  0.23747280  0.23747280  0.24298197  0.38921699  0.23747280  0.17942981  0.07102608  0.00000000  0.03675293  0.24298197  0.16934807  0.18965059  0.51360213  0.56301243  0.51360213  0.51360213  0.48240190  0.51360213  0.50567808  0.52970899  0.62515656  0.65347220  0.62515656  0.64391295  0.69299196  0.65347220  0.64391295  0.63447542  0.75652746  0.65347220  0.63447542  0.62515656  0.60686312  0.59788297  0.62515656  0.58901033  0.60686312  0.58024265  0.68291272  0.65347220  0.61595340  0.61595340  0.59788297  0.58901033  0.58024265  0.58901033  0.58901033  0.57157747  0.60686312  0.63447542  0.58901033  0.64391295  0.64391295  0.59788297  0.54617367  0.62515656  0.59788297  0.57157747  0.68291272  0.64391295  0.65347220  0.64391295  0.55454523  0.72407912  0.62515656  0.61595340  0.61595340  0.58024265  0.61595340  0.65347220  0.58901033  0.66315635  0.73473817  0.72407912  0.72407912  0.90271830  0.86337978  0.83826817  0.79046167  0.94426232  0.88937212  0.86337978  
2_2_0      0.57157747  0.54617367  0.55454523  0.54617367  0.53789562  0.54617367  0.73473817  0.68291272  0.68291272  0.59788297  0.63447542  0.67296871  0.66315635  0.68291272  0.70321015  0.55454523  0.52970899  0.56301243  0.24853240  0.24853240  0.23747280  0.23747280  0.22657581  0.23200428  0.40281247  0.24298197  0.15447800  0.05798722  0.03675293  0.00000000  0.21052495  0.12560400  0.15447800  0.51360213  0.54617367  0.51360213  0.51360213  0.48240190  0.52970899  0.50567808  0.52970899  0.63447542  0.66315635  0.61595340  0.63447542  0.64391295  0.66315635  0.65347220  0.64391295  0.70321015  0.62515656  0.60686312  0.61595340  0.59788297  0.56301243  0.61595340  0.62515656  0.62515656  0.61595340  0.67296871  0.64391295  0.63447542  0.63447542  0.61595340  0.62515656  0.61595340  0.62515656  0.62515656  0.58901033  0.60686312  0.63447542  0.55454523  0.62515656  0.64391295  0.61595340  0.56301243  0.63447542  0.60686312  0.58901033  0.68291272  0.64391295  0.66315635  0.64391295  0.57157747  0.74555275  0.62515656  0.59788297  0.61595340  0.58024265  0.57157747  0.60686312  0.56301243  0.61595340  0.70321015  0.70321015  0.70321015  0.91630920  0.86337978  0.85071763  0.76766713  0.94426232  0.83826817  0.83826817  
24_4_0     0.62515656  0.59788297  0.58024265  0.58024265  0.59788297  0.60686312  0.70321015  0.71357119  0.71357119  0.71357119  0.72407912  0.72407912  0.73473817  0.75652746  0.69299196  0.61595340  0.60686312  0.58901033  0.38251164  0.34350560  0.35628088  0.35628088  0.34350560  0.34986572  0.44516246  0.38251164  0.36275206  0.25412470  0.24298197  0.21052495  0.00000000  0.12560400  0.15940161  0.67296871  0.73473817  0.67296871  0.67296871  0.64391295  0.65347220  0.67296871  0.64391295  0.67296871  0.69299196  0.70321015  0.70321015  0.67296871  0.77897677  0.76766713  0.77897677  0.69299196  0.58024265  0.66315635  0.60686312  0.66315635  0.60686312  0.68291272  0.69299196  0.70321015  0.71357119  0.77897677  0.77897677  0.72407912  0.76766713  0.73473817  0.74555275  0.71357119  0.74555275  0.74555275  0.69299196  0.63447542  0.66315635  0.66315635  0.70321015  0.72407912  0.72407912  0.62515656  0.79046167  0.68291272  0.69299196  0.79046167  0.71357119  0.69299196  0.70321015  0.70321015  0.86337978  0.68291272  0.63447542  0.67296871  0.67296871  0.72407912  0.76766713  0.70321015  0.74555275  0.76766713  0.82602437  0.87626202  0.90271830  0.87626202  0.83826817  0.80212733  1.03506485  1.05134211  1.05134211  
24_1_0     0.61595340  0.58901033  0.58024265  0.58901033  0.58901033  0.59788297  0.75652746  0.71357119  0.75652746  0.73473817  0.77897677  0.74555275  0.73473817  0.76766713  0.69299196  0.56301243  0.55454523  0.55454523  0.33094680  0.30645011  0.31859725  0.31859725  0.29449884  0.30045038  0.43077524  0.32474631  0.27115933  0.17437180  0.16934807  0.12560400  0.12560400  0.00000000  0.09328057  0.60686312  0.64391295  0.60686312  0.60686312  0.58024265  0.60686312  0.60686312  0.61595340  0.68291272  0.71357119  0.73473817  0.74555275  0.67296871  0.74555275  0.73473817  0.72407912  0.68291272  0.61595340  0.59788297  0.61595340  0.62515656  0.63447542  0.61595340  0.70321015  0.66315635  0.67296871  0.77897677  0.76766713  0.76766713  0.76766713  0.73473817  0.74555275  0.71357119  0.74555275  0.76766713  0.63447542  0.63447542  0.66315635  0.58901033  0.64391295  0.64391295  0.62515656  0.55454523  0.60686312  0.59788297  0.65347220  0.76766713  0.71357119  0.71357119  0.68291272  0.68291272  0.86337978  0.63447542  0.60686312  0.64391295  0.59788297  0.68291272  0.68291272  0.64391295  0.68291272  0.70321015  0.79046167  0.86337978  0.88937212  0.83826817  0.88937212  0.81397954  1.00354502  0.86337978  0.88937212  
