20
20_0_0     0.00000000  0.14046143  0.13423712  0.14676873  0.14749178  0.12868627  0.12868627  0.14676873  0.13555588  0.14186773  0.13487207  0.23451432  0.21574286  0.20869943  0.20869943  0.22390141  0.23122023  0.14609597  0.14609597  0.14609597  
3_0_0      0.14046143  0.00000000  0.00480905  0.00480905  0.12932715  0.12317937  0.12932715  0.11655217  0.09403479  0.10572707  0.11711047  0.19897611  0.20786273  0.20097589  0.20097589  0.18970941  0.18970941  0.16621150  0.15964138  0.15964138  
2_0_0      0.13423712  0.00480905  0.00000000  0.00966750  0.13555588  0.12932715  0.13555588  0.12258031  0.09984481  0.11168341  0.11111845  0.20570800  0.20097589  0.19418788  0.19418788  0.19655449  0.19655449  0.15964138  0.16621150  0.16621150  
1_0_0      0.14676873  0.00480905  0.00966750  0.00000000  0.12317937  0.11711047  0.12317937  0.11059988  0.08829527  0.09984481  0.11111845  0.19233869  0.20097589  0.19418788  0.19418788  0.19655449  0.19655449  0.17287416  0.16621150  0.16621150  
8_0_0      0.14749178  0.12932715  0.13555588  0.12317937  0.00000000  0.01457636  0.07702102  0.09358476  0.06088373  0.08304627  0.09403479  0.20510914  0.22105746  0.21401969  0.21401969  0.20959497  0.20959497  0.18059757  0.17378846  0.17378846  
18_0_0     0.12868627  0.12317937  0.12932715  0.11711047  0.01457636  0.00000000  0.06059801  0.08788170  0.05550162  0.07740753  0.07702102  0.19842736  0.20708509  0.20025069  0.20025069  0.18891528  0.18891528  0.17378846  0.16707597  0.16707597  
19_0_0     0.12868627  0.12932715  0.13555588  0.12317937  0.07702102  0.06059801  0.00000000  0.05503604  0.06088373  0.06088373  0.08262456  0.19289713  0.19491961  0.18817736  0.20175934  0.19055956  0.19055956  0.15393017  0.13487207  0.13487207  
15_0_0     0.14676873  0.11655217  0.12258031  0.11059988  0.09358476  0.08788170  0.05503604  0.00000000  0.04995779  0.02936951  0.09358476  0.19139741  0.20636676  0.19958400  0.21324819  0.20175934  0.20175934  0.17287416  0.15316127  0.15316127  
6_0_0      0.13555588  0.09403479  0.09984481  0.08829527  0.06088373  0.05550162  0.06088373  0.04995779  0.00000000  0.01953670  0.07183522  0.17933687  0.19418788  0.18749590  0.18749590  0.18296197  0.18296197  0.14826493  0.14186773  0.14186773  
14_0_0     0.14186773  0.10572707  0.11168341  0.09984481  0.08304627  0.07740753  0.06088373  0.02936951  0.01953670  0.00000000  0.08304627  0.17933687  0.20097589  0.19418788  0.19418788  0.18296197  0.18296197  0.16132489  0.14186773  0.14186773  
16_0_0     0.13487207  0.11711047  0.11111845  0.11111845  0.09403479  0.07702102  0.08262456  0.09358476  0.07183522  0.08304627  0.00000000  0.18534046  0.17385970  0.18032070  0.16748576  0.18891528  0.18891528  0.12868627  0.14749178  0.14749178  
5_0_0      0.23451432  0.19897611  0.20570800  0.19233869  0.20510914  0.19842736  0.19289713  0.19139741  0.17933687  0.17933687  0.18534046  0.00000000  0.02930596  0.03434123  0.03434123  0.06516279  0.06516279  0.21188665  0.19842736  0.19842736  
4_0_0      0.21574286  0.20786273  0.20097589  0.20097589  0.22105746  0.20708509  0.19491961  0.20636676  0.19418788  0.20097589  0.17385970  0.02930596  0.00000000  0.00480905  0.00480905  0.06573317  0.06035437  0.18687117  0.18687117  0.18687117  
12_0_0     0.20869943  0.20097589  0.19418788  0.19418788  0.21401969  0.20025069  0.18817736  0.19958400  0.18749590  0.19418788  0.18032070  0.03434123  0.00480905  0.00000000  0.00966750  0.07117384  0.06573317  0.19351363  0.19351363  0.19351363  
10_0_0     0.20869943  0.20097589  0.19418788  0.19418788  0.21401969  0.20025069  0.20175934  0.21324819  0.18749590  0.19418788  0.16748576  0.03434123  0.00480905  0.00966750  0.00000000  0.06035437  0.05503604  0.18032070  0.18032070  0.18032070  
11_0_0     0.22390141  0.18970941  0.19655449  0.19655449  0.20959497  0.18891528  0.19055956  0.20175934  0.18296197  0.18296197  0.18891528  0.06516279  0.06573317  0.07117384  0.06035437  0.00000000  0.00966750  0.15633952  0.15008517  0.15008517  
17_0_0     0.23122023  0.18970941  0.19655449  0.19655449  0.20959497  0.18891528  0.19055956  0.20175934  0.18296197  0.18296197  0.18891528  0.06516279  0.06035437  0.06573317  0.05503604  0.00966750  0.00000000  0.16910190  0.15008517  0.15008517  
7_0_0      0.14609597  0.16621150  0.15964138  0.17287416  0.18059757  0.17378846  0.15393017  0.17287416  0.14826493  0.16132489  0.12868627  0.21188665  0.18687117  0.19351363  0.18032070  0.15633952  0.16910190  0.00000000  0.01457636  0.01457636  
9_0_0      0.14609597  0.15964138  0.16621150  0.16621150  0.17378846  0.16707597  0.13487207  0.15316127  0.14186773  0.14186773  0.14749178  0.19842736  0.18687117  0.19351363  0.18032070  0.15008517  0.15008517  0.01457636  0.00000000  0.00000000  
13_0_0     0.14609597  0.15964138  0.16621150  0.16621150  0.17378846  0.16707597  0.13487207  0.15316127  0.14186773  0.14186773  0.14749178  0.19842736  0.18687117  0.19351363  0.18032070  0.15008517  0.15008517  0.01457636  0.00000000  0.00000000  

