20
20_0_0     0.00000000  0.18368613  0.18368613  0.18984314  0.15955750  0.15364620  0.17152356  0.14196329  0.18368613  0.17757988  0.13046181  0.27492293  0.28892512  0.29602675  0.27492293  0.24103361  0.24103361  0.17152356  0.17152356  0.17152356  
3_0_0      0.18368613  0.00000000  0.00963174  0.01449499  0.13619022  0.14196329  0.16551636  0.13619022  0.16551636  0.15955750  0.14778171  0.25440384  0.23443794  0.24103361  0.24103361  0.23443794  0.22142023  0.17757988  0.18368613  0.18368613  
2_0_0      0.18368613  0.00963174  0.00000000  0.00480021  0.13619022  0.14196329  0.16551636  0.13619022  0.16551636  0.15955750  0.15955750  0.24768855  0.24103361  0.24768855  0.24768855  0.24103361  0.22790048  0.17152356  0.17757988  0.17757988  
1_0_0      0.18984314  0.01449499  0.00480021  0.00000000  0.14196329  0.14778171  0.15955750  0.14196329  0.15955750  0.16551636  0.15364620  0.24768855  0.24103361  0.24768855  0.24768855  0.24103361  0.22790048  0.16551636  0.17152356  0.17152356  
8_0_0      0.15955750  0.13619022  0.13619022  0.14196329  0.00000000  0.02431836  0.07021094  0.07021094  0.07549019  0.07021094  0.09155754  0.17757988  0.19605177  0.20231289  0.18984314  0.18984314  0.18984314  0.12477737  0.12477737  0.12477737  
18_0_0     0.15364620  0.14196329  0.14196329  0.14778171  0.02431836  0.00000000  0.07549019  0.07549019  0.09155754  0.08616293  0.09699173  0.19605177  0.21499619  0.22142023  0.20862739  0.18368613  0.18368613  0.13046181  0.13046181  0.13046181  
19_0_0     0.17152356  0.16551636  0.16551636  0.15955750  0.07021094  0.07549019  0.00000000  0.06496906  0.05459530  0.05976402  0.08616293  0.15955750  0.15364620  0.15955750  0.15955750  0.14778171  0.14778171  0.12477737  0.12477737  0.12477737  
15_0_0     0.14196329  0.13619022  0.13619022  0.14196329  0.07021094  0.07549019  0.06496906  0.00000000  0.09699173  0.09155754  0.09155754  0.17152356  0.16551636  0.17152356  0.17152356  0.15955750  0.14778171  0.14778171  0.14778171  0.14778171  
6_0_0      0.18368613  0.16551636  0.16551636  0.15955750  0.07549019  0.09155754  0.05459530  0.09699173  0.00000000  0.00480021  0.08616293  0.17152356  0.18984314  0.19605177  0.18368613  0.17152356  0.18368613  0.12477737  0.12477737  0.12477737  
14_0_0     0.17757988  0.15955750  0.15955750  0.16551636  0.07021094  0.08616293  0.05976402  0.09155754  0.00480021  0.00000000  0.09155754  0.17152356  0.18984314  0.19605177  0.18368613  0.17152356  0.18368613  0.13046181  0.13046181  0.13046181  
16_0_0     0.13046181  0.14778171  0.15955750  0.15364620  0.09155754  0.09699173  0.08616293  0.09155754  0.08616293  0.09155754  0.00000000  0.20231289  0.20862739  0.21499619  0.20231289  0.17152356  0.17152356  0.15364620  0.15364620  0.15364620  
5_0_0      0.27492293  0.25440384  0.24768855  0.24768855  0.17757988  0.19605177  0.15955750  0.17152356  0.17152356  0.17152356  0.20231289  0.00000000  0.03427378  0.03930212  0.02431836  0.07021094  0.07021094  0.15955750  0.15955750  0.15955750  
4_0_0      0.28892512  0.23443794  0.24103361  0.24103361  0.19605177  0.21499619  0.15364620  0.16551636  0.18984314  0.18984314  0.20862739  0.03427378  0.00000000  0.00480021  0.00963174  0.07549019  0.06496906  0.17152356  0.17152356  0.17152356  
12_0_0     0.29602675  0.24103361  0.24768855  0.24768855  0.20231289  0.22142023  0.15955750  0.17152356  0.19605177  0.19605177  0.21499619  0.03930212  0.00480021  0.00000000  0.01449499  0.08080734  0.07021094  0.17757988  0.17757988  0.17757988  
10_0_0     0.27492293  0.24103361  0.24768855  0.24768855  0.18984314  0.20862739  0.15955750  0.17152356  0.18368613  0.18368613  0.20231289  0.02431836  0.00963174  0.01449499  0.00000000  0.06496906  0.05459530  0.15955750  0.15955750  0.15955750  
11_0_0     0.24103361  0.23443794  0.24103361  0.24103361  0.18984314  0.18368613  0.14778171  0.15955750  0.17152356  0.17152356  0.17152356  0.07021094  0.07549019  0.08080734  0.06496906  0.00000000  0.00963174  0.13046181  0.13046181  0.13046181  
17_0_0     0.24103361  0.22142023  0.22790048  0.22790048  0.18984314  0.18368613  0.14778171  0.14778171  0.18368613  0.18368613  0.17152356  0.07021094  0.06496906  0.07021094  0.05459530  0.00963174  0.00000000  0.13046181  0.13046181  0.13046181  
7_0_0      0.17152356  0.17757988  0.17152356  0.16551636  0.12477737  0.13046181  0.12477737  0.14778171  0.12477737  0.13046181  0.15364620  0.15955750  0.17152356  0.17757988  0.15955750  0.13046181  0.13046181  0.00000000  0.00963174  0.00963174  
9_0_0      0.17152356  0.18368613  0.17757988  0.17152356  0.12477737  0.13046181  0.12477737  0.14778171  0.12477737  0.13046181  0.15364620  0.15955750  0.17152356  0.17757988  0.15955750  0.13046181  0.13046181  0.00963174  0.00000000  0.00000000  
13_0_0     0.17152356  0.18368613  0.17757988  0.17152356  0.12477737  0.13046181  0.12477737  0.14778171  0.12477737  0.13046181  0.15364620  0.15955750  0.17152356  0.17757988  0.15955750  0.13046181  0.13046181  0.00963174  0.00000000  0.00000000  

