20
11_0_0     0.00000000  0.00000000  0.03015395  0.03015395  0.03015395  0.02397200  0.03641533  0.03015395  0.03015395  0.03015395  0.06856318  0.05536341  0.08854614  0.04275824  0.04275824  0.04275824  0.07488608  0.07488608  0.08854614  0.06746446  
17_0_0     0.00000000  0.00000000  0.03015395  0.03015395  0.03015395  0.02397200  0.03641533  0.03015395  0.03015395  0.03015395  0.06856318  0.05536341  0.08854614  0.04275824  0.04275824  0.04275824  0.07488608  0.07488608  0.08854614  0.06746446  
5_0_0      0.03015395  0.03015395  0.00000000  0.00000000  0.00000000  0.00588333  0.01786752  0.01183858  0.01183858  0.01183858  0.06856318  0.06856318  0.07488608  0.04918482  0.06229801  0.06229801  0.07488608  0.07488608  0.08854614  0.08738690  
4_0_0      0.03015395  0.03015395  0.00000000  0.00000000  0.00000000  0.00588333  0.01786752  0.01183858  0.01183858  0.01183858  0.06856318  0.06856318  0.07488608  0.04918482  0.06229801  0.06229801  0.07488608  0.07488608  0.08854614  0.08738690  
12_0_0     0.03015395  0.03015395  0.00000000  0.00000000  0.00000000  0.00588333  0.01786752  0.01183858  0.01183858  0.01183858  0.06856318  0.06856318  0.07488608  0.04918482  0.06229801  0.06229801  0.07488608  0.07488608  0.08854614  0.08738690  
10_0_0     0.02397200  0.02397200  0.00588333  0.00588333  0.00588333  0.00000000  0.01183858  0.01786752  0.01786752  0.01786752  0.07529964  0.06191860  0.08166824  0.05569730  0.05569730  0.05569730  0.08166824  0.08166824  0.08166824  0.08738690  
20_0_0     0.03641533  0.03641533  0.01786752  0.01786752  0.01786752  0.01183858  0.00000000  0.01786752  0.01786752  0.01786752  0.08905859  0.07529964  0.08166824  0.06898938  0.06898938  0.06898938  0.07488608  0.07488608  0.07488608  0.09421296  
3_0_0      0.03015395  0.03015395  0.01183858  0.01183858  0.01183858  0.01786752  0.01786752  0.00000000  0.00000000  0.00000000  0.06856318  0.06856318  0.06159859  0.04918482  0.06229801  0.06229801  0.06819704  0.06819704  0.09552253  0.08065516  
2_0_0      0.03015395  0.03015395  0.01183858  0.01183858  0.01183858  0.01786752  0.01786752  0.00000000  0.00000000  0.00000000  0.06856318  0.06856318  0.06159859  0.04918482  0.06229801  0.06229801  0.06819704  0.06819704  0.09552253  0.08065516  
1_0_0      0.03015395  0.03015395  0.01183858  0.01183858  0.01183858  0.01786752  0.01786752  0.00000000  0.00000000  0.00000000  0.06856318  0.06856318  0.06159859  0.04918482  0.06229801  0.06229801  0.06819704  0.06819704  0.09552253  0.08065516  
8_0_0      0.06856318  0.06856318  0.06856318  0.06856318  0.06856318  0.07529964  0.08905859  0.06856318  0.06856318  0.06856318  0.00000000  0.01183858  0.01778309  0.02384861  0.02384861  0.02384861  0.04251185  0.04889526  0.05536341  0.05471674  
18_0_0     0.05536341  0.05536341  0.06856318  0.06856318  0.06856318  0.06191860  0.07529964  0.06856318  0.06856318  0.06856318  0.01183858  0.00000000  0.02999060  0.02384861  0.01179216  0.01179216  0.05536341  0.06191860  0.05536341  0.06113902  
19_0_0     0.08854614  0.08854614  0.07488608  0.07488608  0.07488608  0.08166824  0.08166824  0.06159859  0.06159859  0.06159859  0.01778309  0.02999060  0.00000000  0.04232307  0.04232307  0.04232307  0.04866389  0.05508832  0.06159859  0.06746446  
7_0_0      0.04275824  0.04275824  0.04918482  0.04918482  0.04918482  0.05569730  0.06898938  0.04918482  0.04918482  0.04918482  0.02384861  0.02384861  0.04232307  0.00000000  0.01183858  0.01183858  0.05508832  0.05508832  0.08166824  0.06746446  
13_0_0     0.04275824  0.04275824  0.06229801  0.06229801  0.06229801  0.05569730  0.06898938  0.06229801  0.06229801  0.06229801  0.02384861  0.01179216  0.04232307  0.01183858  0.00000000  0.00000000  0.06819704  0.06819704  0.06819704  0.07401517  
9_0_0      0.04275824  0.04275824  0.06229801  0.06229801  0.06229801  0.05569730  0.06898938  0.06229801  0.06229801  0.06229801  0.02384861  0.01179216  0.04232307  0.01183858  0.00000000  0.00000000  0.06819704  0.06819704  0.06819704  0.07401517  
15_0_0     0.07488608  0.07488608  0.07488608  0.07488608  0.07488608  0.08166824  0.07488608  0.06819704  0.06819704  0.06819704  0.04251185  0.05536341  0.04866389  0.05508832  0.06819704  0.06819704  0.00000000  0.00588333  0.03015395  0.05487256  
14_0_0     0.07488608  0.07488608  0.07488608  0.07488608  0.07488608  0.08166824  0.07488608  0.06819704  0.06819704  0.06819704  0.04889526  0.06191860  0.05508832  0.05508832  0.06819704  0.06819704  0.00588333  0.00000000  0.03641533  0.06133854  
6_0_0      0.08854614  0.08854614  0.08854614  0.08854614  0.08854614  0.08166824  0.07488608  0.09552253  0.09552253  0.09552253  0.05536341  0.05536341  0.06159859  0.08166824  0.06819704  0.06819704  0.03015395  0.03641533  0.00000000  0.06789148  
16_0_0     0.06746446  0.06746446  0.08738690  0.08738690  0.08738690  0.08738690  0.09421296  0.08065516  0.08065516  0.08065516  0.05471674  0.06113902  0.06746446  0.06746446  0.07401517  0.07401517  0.05487256  0.06133854  0.06789148  0.00000000  

