20
11_0_0     0.00000000  0.02999970  0.06163804  0.06163804  0.06163804  0.06163804  0.06824754  0.03622529  0.02999970  0.03622529  0.07494926  0.07494926  0.08070146  0.06094157  0.06094157  0.06094157  0.08098504  0.06793279  0.07458634  0.08098504  
17_0_0     0.02999970  0.00000000  0.02999970  0.02999970  0.02999970  0.02999970  0.03622529  0.01787229  0.01184066  0.01787229  0.05540141  0.05540141  0.06768080  0.04211584  0.04211584  0.04211584  0.07458634  0.06163804  0.08174581  0.10216239  
5_0_0      0.06163804  0.02999970  0.00000000  0.01787229  0.01787229  0.01787229  0.01787229  0.03622529  0.04253265  0.03622529  0.04233835  0.05511826  0.06749216  0.05473516  0.05473516  0.05473516  0.08174581  0.08133335  0.08133335  0.09466833  
4_0_0      0.06163804  0.02999970  0.01787229  0.00000000  0.00000000  0.01184066  0.02398062  0.02385376  0.02999970  0.02385376  0.05511826  0.05511826  0.06749216  0.04839088  0.04839088  0.04839088  0.08174581  0.07458634  0.07458634  0.08098504  
12_0_0     0.06163804  0.02999970  0.01787229  0.00000000  0.00000000  0.01184066  0.02398062  0.02385376  0.02999970  0.02385376  0.05511826  0.05511826  0.06749216  0.04839088  0.04839088  0.04839088  0.08174581  0.07458634  0.07458634  0.08098504  
10_0_0     0.06163804  0.02999970  0.01787229  0.01184066  0.01184066  0.00000000  0.02398062  0.03622529  0.02999970  0.03622529  0.05511826  0.04233835  0.06102128  0.05473516  0.05473516  0.05473516  0.08174581  0.07458634  0.07458634  0.09466833  
20_0_0     0.06824754  0.03622529  0.01787229  0.02398062  0.02398062  0.02398062  0.00000000  0.02999970  0.03622529  0.02999970  0.05511826  0.05511826  0.06749216  0.06768080  0.06768080  0.06768080  0.07494926  0.07458634  0.07458634  0.10165898  
3_0_0      0.03622529  0.01787229  0.03622529  0.02385376  0.02385376  0.03622529  0.02999970  0.00000000  0.00588385  0.00000000  0.06196743  0.06196743  0.05473516  0.04833534  0.04833534  0.04833534  0.07458634  0.06163804  0.06824754  0.08133335  
2_0_0      0.02999970  0.01184066  0.04253265  0.02999970  0.02999970  0.02999970  0.03622529  0.00588385  0.00000000  0.00588385  0.06862447  0.05540141  0.05473516  0.04833534  0.04833534  0.04833534  0.07458634  0.06163804  0.06824754  0.08817649  
1_0_0      0.03622529  0.01787229  0.03622529  0.02385376  0.02385376  0.03622529  0.02999970  0.00000000  0.00588385  0.00000000  0.06196743  0.06196743  0.05473516  0.04833534  0.04833534  0.04833534  0.07458634  0.06163804  0.06824754  0.08133335  
8_0_0      0.07494926  0.05540141  0.04233835  0.05511826  0.05511826  0.05511826  0.05511826  0.06196743  0.06862447  0.06196743  0.00000000  0.01787229  0.06137016  0.06116437  0.06116437  0.06116437  0.12326298  0.10931109  0.11656779  0.08777796  
18_0_0     0.07494926  0.05540141  0.05511826  0.05511826  0.05511826  0.04233835  0.05511826  0.06196743  0.05540141  0.06196743  0.01787229  0.00000000  0.06137016  0.07428686  0.07428686  0.07428686  0.11595314  0.10216239  0.10931109  0.08777796  
19_0_0     0.08070146  0.06768080  0.06749216  0.06749216  0.06749216  0.06102128  0.06749216  0.05473516  0.05473516  0.05473516  0.06137016  0.06137016  0.00000000  0.05489598  0.05489598  0.05489598  0.08744489  0.08098504  0.08098504  0.09428434  
7_0_0      0.06094157  0.04211584  0.05473516  0.04839088  0.04839088  0.05473516  0.06768080  0.04833534  0.04833534  0.04833534  0.06116437  0.07428686  0.05489598  0.00000000  0.00000000  0.00000000  0.09466833  0.08744489  0.08744489  0.10032146  
13_0_0     0.06094157  0.04211584  0.05473516  0.04839088  0.04839088  0.05473516  0.06768080  0.04833534  0.04833534  0.04833534  0.06116437  0.07428686  0.05489598  0.00000000  0.00000000  0.00000000  0.09466833  0.08744489  0.08744489  0.10032146  
9_0_0      0.06094157  0.04211584  0.05473516  0.04839088  0.04839088  0.05473516  0.06768080  0.04833534  0.04833534  0.04833534  0.06116437  0.07428686  0.05489598  0.00000000  0.00000000  0.00000000  0.09466833  0.08744489  0.08744489  0.10032146  
15_0_0     0.08098504  0.07458634  0.08174581  0.08174581  0.08174581  0.08174581  0.07494926  0.07458634  0.07458634  0.07458634  0.12326298  0.11595314  0.08744489  0.09466833  0.09466833  0.09466833  0.00000000  0.01179290  0.02999970  0.09396716  
14_0_0     0.06793279  0.06163804  0.08133335  0.07458634  0.07458634  0.07458634  0.07458634  0.06163804  0.06163804  0.06163804  0.10931109  0.10216239  0.08098504  0.08744489  0.08744489  0.08744489  0.01179290  0.00000000  0.03643539  0.08744489  
6_0_0      0.07458634  0.08174581  0.08133335  0.07458634  0.07458634  0.07458634  0.07458634  0.06824754  0.06824754  0.06824754  0.11656779  0.10931109  0.08098504  0.08744489  0.08744489  0.08744489  0.02999970  0.03643539  0.00000000  0.07405140  
16_0_0     0.08098504  0.10216239  0.09466833  0.08098504  0.08098504  0.09466833  0.10165898  0.08133335  0.08817649  0.08133335  0.08777796  0.08777796  0.09428434  0.10032146  0.10032146  0.10032146  0.09396716  0.08744489  0.07405140  0.00000000  

