20
11_0_0     0.00000000  0.01778147  0.04249608  0.02983317  0.03597084  0.03597084  0.04864783  0.02384484  0.02384484  0.02384484  0.06092022  0.06733567  0.07399323  0.05485648  0.05470637  0.04837204  0.08734796  0.08042280  0.08089106  0.08089106  
17_0_0     0.01778147  0.00000000  0.02396546  0.02377983  0.02988012  0.02988012  0.03620020  0.03640010  0.03014354  0.03014354  0.07374159  0.07374159  0.06762475  0.06762475  0.06744922  0.06744922  0.07383577  0.07399323  0.08062534  0.08062534  
5_0_0      0.04249608  0.02396546  0.00000000  0.03605691  0.02988012  0.02988012  0.03620020  0.03640010  0.03014354  0.03014354  0.07374159  0.07374159  0.05470637  0.07421325  0.04832321  0.04832321  0.08709910  0.10107488  0.09416361  0.07399323  
4_0_0      0.02983317  0.02377983  0.03605691  0.00000000  0.00588294  0.00588294  0.04848048  0.02988012  0.02377983  0.02377983  0.08020154  0.08020154  0.06762475  0.07383577  0.06091155  0.06091155  0.10023696  0.08691476  0.10044992  0.07399323  
12_0_0     0.03597084  0.02988012  0.02988012  0.00588294  0.00000000  0.00000000  0.05485648  0.02377983  0.01775415  0.01775415  0.08020154  0.08020154  0.06112321  0.07383577  0.06091155  0.06091155  0.09347048  0.09363586  0.10735958  0.08062534  
10_0_0     0.03597084  0.02988012  0.02988012  0.00588294  0.00000000  0.00000000  0.05485648  0.02377983  0.01775415  0.01775415  0.08020154  0.08020154  0.06112321  0.07383577  0.06091155  0.06091155  0.09347048  0.09363586  0.10735958  0.08062534  
20_0_0     0.04864783  0.03620020  0.03620020  0.04848048  0.05485648  0.05485648  0.00000000  0.04249608  0.04887346  0.04887346  0.04833468  0.04833468  0.06786156  0.06786156  0.06762475  0.06762475  0.09363586  0.09386714  0.10072947  0.07383577  
3_0_0      0.02384484  0.03640010  0.03640010  0.02988012  0.02377983  0.02377983  0.04249608  0.00000000  0.00588294  0.00588294  0.06091155  0.06091155  0.06112321  0.06112321  0.04832321  0.04832321  0.09386714  0.08734796  0.10107488  0.08734796  
2_0_0      0.02384484  0.03014354  0.03014354  0.02377983  0.01775415  0.01775415  0.04887346  0.00588294  0.00000000  0.00000000  0.06091155  0.06091155  0.05470637  0.06112321  0.04832321  0.04832321  0.09386714  0.08062534  0.10107488  0.08734796  
1_0_0      0.02384484  0.03014354  0.03014354  0.02377983  0.01775415  0.01775415  0.04887346  0.00588294  0.00000000  0.00000000  0.06091155  0.06091155  0.05470637  0.06112321  0.04832321  0.04832321  0.09386714  0.08062534  0.10107488  0.08734796  
8_0_0      0.06092022  0.07374159  0.07374159  0.08020154  0.08020154  0.08020154  0.04833468  0.06091155  0.06091155  0.06091155  0.00000000  0.01183700  0.06728480  0.06786156  0.07483834  0.06815901  0.09337177  0.08675648  0.09347048  0.09334057  
18_0_0     0.06733567  0.07374159  0.07374159  0.08020154  0.08020154  0.08020154  0.04833468  0.06091155  0.06091155  0.06091155  0.01183700  0.00000000  0.06728480  0.06786156  0.06156904  0.06815901  0.09337177  0.09334057  0.09347048  0.08675648  
19_0_0     0.07399323  0.06762475  0.05470637  0.06762475  0.06112321  0.06112321  0.06786156  0.06112321  0.05470637  0.05470637  0.06728480  0.06728480  0.00000000  0.06733567  0.05461971  0.05461971  0.10709769  0.10044992  0.10690383  0.10044992  
7_0_0      0.05485648  0.06762475  0.07421325  0.07383577  0.07383577  0.07383577  0.06786156  0.06112321  0.06112321  0.06112321  0.06786156  0.06786156  0.06733567  0.00000000  0.03620020  0.04249608  0.08042280  0.08028414  0.08062534  0.08028414  
13_0_0     0.05470637  0.06744922  0.04832321  0.06091155  0.06091155  0.06091155  0.06762475  0.04832321  0.04832321  0.04832321  0.07483834  0.06156904  0.05461971  0.03620020  0.00000000  0.00588294  0.11436753  0.11405533  0.10072947  0.08679568  
9_0_0      0.04837204  0.06744922  0.04832321  0.06091155  0.06091155  0.06091155  0.06762475  0.04832321  0.04832321  0.04832321  0.06815901  0.06815901  0.05461971  0.04249608  0.00588294  0.00000000  0.12147663  0.11405533  0.10768874  0.09347048  
15_0_0     0.08734796  0.07383577  0.08709910  0.10023696  0.09347048  0.09347048  0.09363586  0.09386714  0.09386714  0.09386714  0.09337177  0.09337177  0.10709769  0.08042280  0.11436753  0.12147663  0.00000000  0.02384484  0.02384484  0.05485648  
14_0_0     0.08042280  0.07399323  0.10107488  0.08691476  0.09363586  0.09363586  0.09386714  0.08734796  0.08062534  0.08062534  0.08675648  0.09334057  0.10044992  0.08028414  0.11405533  0.11405533  0.02384484  0.00000000  0.02377983  0.06762475  
6_0_0      0.08089106  0.08062534  0.09416361  0.10044992  0.10735958  0.10735958  0.10072947  0.10107488  0.10107488  0.10107488  0.09347048  0.09347048  0.10690383  0.08062534  0.10072947  0.10768874  0.02384484  0.02377983  0.00000000  0.04864783  
16_0_0     0.08089106  0.08062534  0.07399323  0.07399323  0.08062534  0.08062534  0.07383577  0.08734796  0.08734796  0.08734796  0.09334057  0.08675648  0.10044992  0.08028414  0.08679568  0.09347048  0.05485648  0.06762475  0.04864783  0.00000000  

