ba.exp : 26.99369716644287
fastme.f81 : 45.74494242668152
fastme_mat.p : 45.8703248500824
pipeline_dl6089587 : 119.43393969535828
