fastme_mat.p : 7.9537196207940575
fastme.f81 : 9.196147330727577
ba.exp : 15.812186033952711
