91
1_0_0      0.00000000  0.03419659  0.41686017  0.42594289  0.43052637  0.43977933  0.43513840  0.43513840  0.45387923  0.43513840  0.55543511  0.58315998  0.55543511  0.52347986  0.52347986  0.53397914  0.56640082  0.55543511  0.56640082  0.55543511  0.59454725  0.58883173  0.60030723  0.53397914  0.54462942  0.52871090  0.55543511  0.49284670  0.52871090  0.58315998  0.63584092  0.51312737  0.48786214  0.52347986  0.52347986  0.53928513  0.55001256  0.50291761  0.53928513  0.52871090  0.51828553  0.55001256  0.55543511  0.66051411  0.63584092  0.68603779  0.50291761  0.49786503  0.52347986  0.49284670  0.52871090  0.49284670  0.49786503  0.50800489  0.50800489  0.44914937  0.44914937  0.43977933  0.55001256  0.55543511  0.52347986  0.51312737  0.55543511  0.51828553  0.49786503  0.49786503  0.44914937  0.50800489  0.50800489  0.43977933  0.49284670  0.49284670  0.49786503  0.48291091  0.49284670  0.49786503  0.48786214  0.45387923  0.48291091  0.46343055  0.46825281  0.51828553  0.53928513  0.51828553  0.48291091  0.48786214  0.51312737  0.52347986  0.49786503  0.51312737  0.55543511  
9_0_0      0.03419659  0.00000000  0.43977933  0.45863949  0.46343055  0.45387923  0.44914937  0.44914937  0.45863949  0.43977933  0.59454725  0.62380591  0.57194517  0.52347986  0.52347986  0.53397914  0.53928513  0.52871090  0.57194517  0.56089767  0.58883173  0.59454725  0.59454725  0.52871090  0.53928513  0.52347986  0.55001256  0.49284670  0.51828553  0.61786096  0.64807476  0.52347986  0.50291761  0.53928513  0.53928513  0.54462942  0.56640082  0.52347986  0.56089767  0.55543511  0.53397914  0.57753135  0.54462942  0.64807476  0.61196336  0.67316599  0.50800489  0.50291761  0.51828553  0.51312737  0.53928513  0.50291761  0.50291761  0.48786214  0.48786214  0.43977933  0.43052637  0.43052637  0.51312737  0.51828553  0.48786214  0.48786214  0.54462942  0.49284670  0.46343055  0.46343055  0.45863949  0.47799257  0.47799257  0.43977933  0.49284670  0.46343055  0.47310668  0.45863949  0.47799257  0.50800489  0.49786503  0.44444953  0.47799257  0.45387923  0.48786214  0.51312737  0.53397914  0.49786503  0.46343055  0.46825281  0.49284670  0.50291761  0.50800489  0.53397914  0.56640082  
12_0_0     0.41686017  0.43977933  0.00000000  0.28114301  0.27366533  0.29632878  0.25893274  0.26258850  0.30792604  0.30017439  0.47310668  0.46825281  0.49786503  0.49284670  0.47310668  0.48291091  0.49786503  0.48786214  0.52871090  0.50800489  0.56640082  0.57753135  0.56640082  0.49284670  0.47799257  0.47799257  0.54462942  0.44914937  0.47799257  0.55543511  0.51828553  0.48291091  0.44444953  0.42138761  0.42594289  0.42594289  0.43052637  0.46825281  0.49786503  0.45387923  0.44914937  0.45387923  0.44444953  0.47310668  0.48291091  0.48786214  0.45387923  0.43977933  0.48291091  0.40344161  0.40788750  0.40788750  0.45387923  0.35207425  0.35207425  0.41686017  0.43513840  0.41686017  0.43977933  0.43513840  0.42138761  0.42594289  0.41686017  0.40788750  0.39902226  0.39902226  0.35622136  0.37731263  0.37731263  0.36880390  0.39462911  0.39462911  0.36458592  0.38160393  0.38592026  0.42594289  0.42594289  0.39462911  0.35207425  0.36039183  0.31575969  0.54462942  0.53397914  0.53397914  0.44444953  0.45863949  0.44914937  0.48786214  0.41236025  0.42138761  0.41686017  
8_0_0      0.42594289  0.45863949  0.28114301  0.00000000  0.02350538  0.06722875  0.11669997  0.11971558  0.15372401  0.13807177  0.48291091  0.48786214  0.47799257  0.44914937  0.43977933  0.44914937  0.47799257  0.46825281  0.48291091  0.49786503  0.50800489  0.48291091  0.52347986  0.46343055  0.48786214  0.47799257  0.53928513  0.42594289  0.49284670  0.52871090  0.52347986  0.45863949  0.43052637  0.41236025  0.40788750  0.43977933  0.45863949  0.44444953  0.46825281  0.40344161  0.40344161  0.42138761  0.41686017  0.46825281  0.49284670  0.49284670  0.36880390  0.36458592  0.46825281  0.37304604  0.35207425  0.38592026  0.41236025  0.31183250  0.31183250  0.37731263  0.38592026  0.37731263  0.43513840  0.43977933  0.42594289  0.42138761  0.40788750  0.39462911  0.38592026  0.38592026  0.35207425  0.39902226  0.39902226  0.35622136  0.37304604  0.39026188  0.42594289  0.42138761  0.42594289  0.42138761  0.39462911  0.40788750  0.32367709  0.32367709  0.29632878  0.44444953  0.44444953  0.43977933  0.38592026  0.37304604  0.39902226  0.41686017  0.38592026  0.38592026  0.33977046  
15_0_0     0.43052637  0.46343055  0.27366533  0.02350538  0.00000000  0.07004911  0.12578389  0.12883680  0.16327666  0.14742336  0.48291091  0.47799257  0.48291091  0.46343055  0.45387923  0.46343055  0.47310668  0.46343055  0.48786214  0.49284670  0.50800489  0.48291091  0.52347986  0.46343055  0.49786503  0.48786214  0.54462942  0.43513840  0.50291761  0.51828553  0.52871090  0.45863949  0.43052637  0.41686017  0.41686017  0.44444953  0.46343055  0.43977933  0.46825281  0.40788750  0.39902226  0.42594289  0.42138761  0.47799257  0.51312737  0.50291761  0.39026188  0.37731263  0.48786214  0.37731263  0.35622136  0.39902226  0.41686017  0.31575969  0.31575969  0.39026188  0.40788750  0.39902226  0.44914937  0.45387923  0.43052637  0.41686017  0.42138761  0.40788750  0.39902226  0.39902226  0.36458592  0.41236025  0.41236025  0.36880390  0.38592026  0.41236025  0.41236025  0.40788750  0.41236025  0.40788750  0.38160393  0.41236025  0.31970781  0.33571421  0.30792604  0.44444953  0.44444953  0.44914937  0.38592026  0.37304604  0.40788750  0.41686017  0.38592026  0.39462911  0.34384905  
6_0_0      0.43977933  0.45387923  0.29632878  0.06722875  0.07004911  0.00000000  0.12578389  0.12883680  0.15056699  0.14117586  0.50291761  0.49786503  0.49284670  0.47310668  0.46343055  0.46343055  0.45387923  0.44444953  0.49284670  0.47799257  0.49786503  0.47310668  0.50800489  0.44914937  0.46343055  0.46343055  0.51312737  0.43052637  0.50800489  0.58883173  0.52347986  0.44914937  0.43052637  0.42138761  0.41686017  0.45863949  0.47799257  0.43052637  0.50291761  0.42594289  0.40344161  0.44444953  0.41686017  0.49786503  0.51312737  0.53928513  0.40344161  0.39026188  0.46343055  0.39026188  0.37731263  0.39462911  0.42594289  0.33977046  0.33977046  0.36458592  0.38160393  0.37304604  0.42594289  0.43052637  0.42594289  0.41236025  0.39462911  0.38592026  0.37731263  0.37731263  0.35622136  0.39026188  0.38160393  0.36039183  0.36880390  0.38592026  0.39026188  0.39902226  0.40344161  0.40344161  0.36880390  0.38592026  0.32766776  0.31183250  0.30017439  0.44444953  0.44444953  0.45863949  0.40344161  0.39026188  0.40788750  0.41236025  0.38160393  0.37304604  0.34795023  
14_0_0     0.43513840  0.44914937  0.25893274  0.11669997  0.12578389  0.12578389  0.00000000  0.00775252  0.16648846  0.16327666  0.47310668  0.46825281  0.44914937  0.45387923  0.45387923  0.45387923  0.46343055  0.45387923  0.50291761  0.49284670  0.55543511  0.52347986  0.53928513  0.50800489  0.49786503  0.49284670  0.50800489  0.41236025  0.50291761  0.59454725  0.49284670  0.45863949  0.46825281  0.44914937  0.44444953  0.49786503  0.50291761  0.45863949  0.51828553  0.43977933  0.44914937  0.42138761  0.44914937  0.50291761  0.51828553  0.53397914  0.37304604  0.36880390  0.43977933  0.39026188  0.36458592  0.36458592  0.41236025  0.31970781  0.31970781  0.36039183  0.37731263  0.36880390  0.39462911  0.39026188  0.39902226  0.39462911  0.38592026  0.36039183  0.36039183  0.36039183  0.35207425  0.35622136  0.35622136  0.35622136  0.35622136  0.36039183  0.37731263  0.37731263  0.38592026  0.37731263  0.35207425  0.35622136  0.33168006  0.32766776  0.29250305  0.46343055  0.46343055  0.43513840  0.39902226  0.39462911  0.41236025  0.44444953  0.39026188  0.36039183  0.36880390  
11_0_0     0.43513840  0.44914937  0.26258850  0.11971558  0.12883680  0.12883680  0.00775252  0.00000000  0.16648846  0.16327666  0.47799257  0.48291091  0.45387923  0.44914937  0.44914937  0.44914937  0.44914937  0.43977933  0.48786214  0.47799257  0.55001256  0.52871090  0.53397914  0.50291761  0.48291091  0.47799257  0.50291761  0.40788750  0.48786214  0.60030723  0.50291761  0.46343055  0.47310668  0.45387923  0.44914937  0.49284670  0.50800489  0.46343055  0.52347986  0.44444953  0.46343055  0.42594289  0.45387923  0.51828553  0.52347986  0.53928513  0.37731263  0.37304604  0.44444953  0.38592026  0.36039183  0.36039183  0.41686017  0.33168006  0.33168006  0.35622136  0.37304604  0.36458592  0.39026188  0.38592026  0.38592026  0.38160393  0.38160393  0.35622136  0.35622136  0.35622136  0.34795023  0.35207425  0.35207425  0.35207425  0.35207425  0.36458592  0.38592026  0.38592026  0.38592026  0.37304604  0.34795023  0.35207425  0.33571421  0.33168006  0.28869697  0.46825281  0.46825281  0.43052637  0.38592026  0.38160393  0.40788750  0.43052637  0.38592026  0.35622136  0.36458592  
4_0_0      0.45387923  0.45863949  0.30792604  0.15372401  0.16327666  0.15056699  0.16648846  0.16648846  0.00000000  0.04778138  0.53928513  0.55001256  0.54462942  0.46825281  0.47799257  0.47799257  0.44444953  0.43513840  0.49284670  0.46343055  0.52871090  0.50800489  0.53397914  0.47799257  0.49786503  0.48786214  0.48291091  0.46825281  0.49786503  0.60030723  0.52871090  0.44914937  0.42138761  0.49284670  0.49284670  0.48291091  0.50291761  0.49786503  0.53928513  0.46343055  0.46825281  0.47799257  0.51312737  0.49284670  0.49284670  0.49786503  0.34795023  0.35207425  0.48291091  0.41236025  0.39026188  0.36039183  0.40344161  0.30792604  0.30792604  0.39462911  0.40788750  0.39902226  0.45863949  0.45863949  0.47799257  0.45863949  0.45387923  0.43977933  0.42138761  0.42138761  0.37304604  0.40788750  0.39902226  0.35207425  0.36039183  0.37304604  0.39902226  0.39462911  0.40344161  0.39026188  0.36458592  0.39026188  0.32367709  0.31183250  0.30017439  0.40344161  0.39462911  0.41686017  0.37304604  0.38592026  0.38592026  0.40344161  0.40788750  0.39902226  0.35207425  
13_0_0     0.43513840  0.43977933  0.30017439  0.13807177  0.14742336  0.14117586  0.16327666  0.16327666  0.04778138  0.00000000  0.55001256  0.55001256  0.50800489  0.49786503  0.50800489  0.49786503  0.47310668  0.46343055  0.50291761  0.48291091  0.55543511  0.52871090  0.56640082  0.50800489  0.51828553  0.50800489  0.52347986  0.48786214  0.52871090  0.62380591  0.52347986  0.43052637  0.40344161  0.48786214  0.49284670  0.48786214  0.49786503  0.49284670  0.53928513  0.45863949  0.48291091  0.48786214  0.50800489  0.50800489  0.49284670  0.50291761  0.35207425  0.35622136  0.49284670  0.37731263  0.37304604  0.36880390  0.41236025  0.33168006  0.33168006  0.38592026  0.39902226  0.39026188  0.43513840  0.43052637  0.43977933  0.43052637  0.43513840  0.41236025  0.39462911  0.39462911  0.36458592  0.39462911  0.38592026  0.35207425  0.35207425  0.37304604  0.39026188  0.37731263  0.38592026  0.40788750  0.38160393  0.39026188  0.30017439  0.28491036  0.30017439  0.40344161  0.40344161  0.44444953  0.38160393  0.38592026  0.38592026  0.41236025  0.39902226  0.40788750  0.36880390  
91_0_0     0.55543511  0.59454725  0.47310668  0.48291091  0.48291091  0.50291761  0.47310668  0.47799257  0.53928513  0.55001256  0.00000000  0.05328585  0.17947680  0.25529494  0.25167492  0.25167492  0.28114301  0.28114301  0.28869697  0.28491036  0.32766776  0.30404007  0.32367709  0.29250305  0.31970781  0.31970781  0.38592026  0.38160393  0.37731263  0.49284670  0.41236025  0.37304604  0.36880390  0.39026188  0.39026188  0.41236025  0.43052637  0.38592026  0.41686017  0.39902226  0.35622136  0.42138761  0.38592026  0.47310668  0.47799257  0.47799257  0.47310668  0.48786214  0.57194517  0.49786503  0.52871090  0.48786214  0.51312737  0.46343055  0.46343055  0.49786503  0.51312737  0.49786503  0.55001256  0.54462942  0.53397914  0.51312737  0.50291761  0.51312737  0.51312737  0.51312737  0.46825281  0.52347986  0.51312737  0.46343055  0.47310668  0.47799257  0.43977933  0.43977933  0.46343055  0.48786214  0.47799257  0.47310668  0.47799257  0.43977933  0.37731263  0.47310668  0.46343055  0.52871090  0.50291761  0.50291761  0.50291761  0.51312737  0.53397914  0.52871090  0.52871090  
77_0_0     0.58315998  0.62380591  0.46825281  0.48786214  0.47799257  0.49786503  0.46825281  0.48291091  0.55001256  0.55001256  0.05328585  0.00000000  0.16648846  0.25529494  0.25167492  0.25167492  0.30404007  0.30404007  0.31970781  0.30792604  0.36039183  0.32766776  0.34384905  0.31183250  0.33977046  0.32367709  0.41686017  0.39462911  0.38592026  0.50800489  0.40344161  0.39026188  0.38160393  0.39902226  0.39902226  0.42138761  0.43052637  0.40788750  0.43052637  0.42594289  0.38160393  0.43977933  0.40344161  0.49786503  0.52347986  0.51312737  0.48786214  0.48291091  0.57194517  0.51312737  0.56640082  0.51312737  0.55001256  0.46825281  0.46825281  0.53928513  0.55543511  0.53928513  0.58315998  0.57753135  0.57753135  0.55543511  0.53397914  0.54462942  0.53397914  0.53397914  0.48786214  0.55543511  0.54462942  0.50291761  0.52347986  0.50800489  0.44444953  0.44444953  0.45863949  0.51828553  0.51828553  0.52347986  0.48786214  0.45863949  0.39902226  0.49786503  0.49786503  0.53928513  0.52871090  0.52871090  0.50291761  0.53928513  0.54462942  0.53928513  0.51828553  
28_0_0     0.55543511  0.57194517  0.49786503  0.47799257  0.48291091  0.49284670  0.44914937  0.45387923  0.54462942  0.50800489  0.17947680  0.16648846  0.00000000  0.28869697  0.28869697  0.28114301  0.31575969  0.31575969  0.33977046  0.33571421  0.39026188  0.38160393  0.37304604  0.35207425  0.37304604  0.37304604  0.41236025  0.36458592  0.40788750  0.55001256  0.43513840  0.42138761  0.42594289  0.39902226  0.40788750  0.42138761  0.43977933  0.39902226  0.43977933  0.41236025  0.40344161  0.42138761  0.38592026  0.49786503  0.49786503  0.49284670  0.49284670  0.49284670  0.62979896  0.49284670  0.47799257  0.51312737  0.54462942  0.43513840  0.43513840  0.52347986  0.52871090  0.51312737  0.57194517  0.55543511  0.53397914  0.52347986  0.53397914  0.53397914  0.53397914  0.53397914  0.49284670  0.49786503  0.49786503  0.49786503  0.50291761  0.47310668  0.47310668  0.46825281  0.46343055  0.53397914  0.54462942  0.52347986  0.49786503  0.48291091  0.38592026  0.56089767  0.58315998  0.55001256  0.52871090  0.51828553  0.48786214  0.52347986  0.52347986  0.52347986  0.53397914  
80_0_0     0.52347986  0.52347986  0.49284670  0.44914937  0.46343055  0.47310668  0.45387923  0.44914937  0.46825281  0.49786503  0.25529494  0.25529494  0.28869697  0.00000000  0.01035484  0.00515932  0.18605741  0.18605741  0.25167492  0.22681851  0.35622136  0.33168006  0.31970781  0.31183250  0.31575969  0.31575969  0.37731263  0.31183250  0.30792604  0.47310668  0.41236025  0.39026188  0.38160393  0.39902226  0.39902226  0.39902226  0.41686017  0.40344161  0.40788750  0.38160393  0.37731263  0.41236025  0.36880390  0.44444953  0.47799257  0.47799257  0.45863949  0.48291091  0.56089767  0.47310668  0.51312737  0.46343055  0.47799257  0.39462911  0.39462911  0.45387923  0.46825281  0.45387923  0.45863949  0.46343055  0.46825281  0.45387923  0.45387923  0.44914937  0.43977933  0.43977933  0.47799257  0.50800489  0.50800489  0.44444953  0.46343055  0.47310668  0.43977933  0.44444953  0.44444953  0.49786503  0.48786214  0.48786214  0.40788750  0.41236025  0.34795023  0.50291761  0.50291761  0.49786503  0.49284670  0.50800489  0.48786214  0.46825281  0.47310668  0.48786214  0.48786214  
57_0_0     0.52347986  0.52347986  0.47310668  0.43977933  0.45387923  0.46343055  0.45387923  0.44914937  0.47799257  0.50800489  0.25167492  0.25167492  0.28869697  0.01035484  0.00000000  0.01035484  0.18605741  0.18605741  0.25167492  0.22681851  0.34795023  0.32367709  0.31970781  0.30404007  0.30792604  0.30792604  0.38592026  0.30404007  0.30792604  0.47310668  0.41236025  0.39026188  0.38160393  0.39026188  0.39026188  0.39026188  0.41686017  0.39462911  0.40788750  0.39026188  0.37731263  0.42138761  0.36039183  0.43513840  0.48786214  0.47799257  0.44914937  0.47310668  0.56089767  0.48291091  0.51312737  0.46343055  0.49284670  0.40344161  0.40344161  0.45863949  0.47310668  0.45863949  0.45863949  0.46343055  0.45863949  0.44444953  0.44444953  0.43977933  0.43052637  0.43052637  0.46825281  0.50800489  0.50800489  0.44444953  0.46343055  0.46343055  0.44914937  0.45387923  0.45387923  0.48786214  0.48786214  0.47799257  0.40788750  0.41236025  0.36458592  0.51312737  0.51312737  0.50800489  0.48291091  0.49786503  0.47799257  0.47799257  0.47799257  0.49284670  0.49284670  
39_0_0     0.53397914  0.53397914  0.48291091  0.44914937  0.46343055  0.46343055  0.45387923  0.44914937  0.47799257  0.49786503  0.25167492  0.25167492  0.28114301  0.00515932  0.01035484  0.00000000  0.18605741  0.18605741  0.24448755  0.21986727  0.35622136  0.33168006  0.31970781  0.31183250  0.31575969  0.31575969  0.37731263  0.31970781  0.30792604  0.47310668  0.40344161  0.39026188  0.38160393  0.39026188  0.39026188  0.39026188  0.40788750  0.40344161  0.40788750  0.39026188  0.38592026  0.42138761  0.36039183  0.43513840  0.46825281  0.46825281  0.44914937  0.47310668  0.57194517  0.46343055  0.50291761  0.46343055  0.47799257  0.39462911  0.39462911  0.45387923  0.46825281  0.45387923  0.44914937  0.45387923  0.46825281  0.45387923  0.44444953  0.43977933  0.43052637  0.43052637  0.46825281  0.49786503  0.49786503  0.45387923  0.46343055  0.46343055  0.43977933  0.44444953  0.44444953  0.48786214  0.47799257  0.47799257  0.41686017  0.41236025  0.34795023  0.51312737  0.51312737  0.50800489  0.49284670  0.50800489  0.48786214  0.47799257  0.46343055  0.48786214  0.48786214  
54_0_0     0.56640082  0.53928513  0.49786503  0.47799257  0.47310668  0.45387923  0.46343055  0.44914937  0.44444953  0.47310668  0.28114301  0.30404007  0.31575969  0.18605741  0.18605741  0.18605741  0.00000000  0.00515932  0.10475886  0.08143921  0.34795023  0.33977046  0.29250305  0.31575969  0.31183250  0.32766776  0.34795023  0.31575969  0.34795023  0.51828553  0.41686017  0.37731263  0.37304604  0.40344161  0.40344161  0.41686017  0.43052637  0.37304604  0.41686017  0.39462911  0.39462911  0.40788750  0.36458592  0.43052637  0.44444953  0.44914937  0.49284670  0.51312737  0.55001256  0.53928513  0.53928513  0.43977933  0.49284670  0.39026188  0.39026188  0.43977933  0.43977933  0.43977933  0.47799257  0.47310668  0.43052637  0.43052637  0.45863949  0.43977933  0.42138761  0.42138761  0.46343055  0.49284670  0.48291091  0.46343055  0.47310668  0.47310668  0.48786214  0.47799257  0.46343055  0.48786214  0.48786214  0.45863949  0.39026188  0.39462911  0.37731263  0.51828553  0.51828553  0.52871090  0.47310668  0.48786214  0.47799257  0.46343055  0.49786503  0.53397914  0.49786503  
19_0_0     0.55543511  0.52871090  0.48786214  0.46825281  0.46343055  0.44444953  0.45387923  0.43977933  0.43513840  0.46343055  0.28114301  0.30404007  0.31575969  0.18605741  0.18605741  0.18605741  0.00515932  0.00000000  0.10475886  0.08143921  0.34795023  0.33977046  0.29250305  0.31575969  0.31183250  0.32766776  0.34795023  0.31575969  0.34795023  0.51828553  0.41686017  0.37731263  0.37304604  0.40344161  0.40344161  0.41686017  0.43052637  0.37304604  0.41686017  0.39462911  0.39462911  0.40788750  0.36458592  0.43052637  0.44444953  0.44914937  0.48291091  0.50291761  0.53928513  0.52871090  0.52871090  0.43052637  0.48291091  0.38160393  0.38160393  0.44914937  0.44914937  0.44914937  0.48291091  0.47799257  0.43052637  0.43052637  0.45863949  0.43977933  0.42138761  0.42138761  0.46343055  0.49284670  0.48291091  0.46343055  0.47310668  0.47310668  0.48786214  0.47799257  0.47310668  0.48786214  0.48786214  0.45863949  0.39026188  0.38592026  0.36880390  0.50800489  0.50800489  0.51828553  0.46343055  0.47799257  0.46825281  0.45387923  0.48786214  0.52347986  0.48786214  
49_0_0     0.56640082  0.57194517  0.52871090  0.48291091  0.48786214  0.49284670  0.50291761  0.48786214  0.49284670  0.50291761  0.28869697  0.31970781  0.33977046  0.25167492  0.25167492  0.24448755  0.10475886  0.10475886  0.00000000  0.04231752  0.35622136  0.34384905  0.30404007  0.31970781  0.28869697  0.31183250  0.34384905  0.32367709  0.35622136  0.51312737  0.43052637  0.42594289  0.41236025  0.46343055  0.46343055  0.46825281  0.47310668  0.43052637  0.44444953  0.45387923  0.45863949  0.43052637  0.40344161  0.45387923  0.45387923  0.44914937  0.49284670  0.51828553  0.60030723  0.52871090  0.54462942  0.46343055  0.50291761  0.41686017  0.41686017  0.48291091  0.47799257  0.48291091  0.55001256  0.54462942  0.52347986  0.52347986  0.52871090  0.51312737  0.51312737  0.51312737  0.48786214  0.51828553  0.50800489  0.48786214  0.50800489  0.53928513  0.52347986  0.49786503  0.49786503  0.51828553  0.53928513  0.48786214  0.41686017  0.41686017  0.39902226  0.57753135  0.57753135  0.55543511  0.55001256  0.54462942  0.55543511  0.53928513  0.51312737  0.51828553  0.49284670  
30_0_0     0.55543511  0.56089767  0.50800489  0.49786503  0.49284670  0.47799257  0.49284670  0.47799257  0.46343055  0.48291091  0.28491036  0.30792604  0.33571421  0.22681851  0.22681851  0.21986727  0.08143921  0.08143921  0.04231752  0.00000000  0.34384905  0.32766776  0.28114301  0.28869697  0.28869697  0.29632878  0.34384905  0.31575969  0.33168006  0.50800489  0.42138761  0.41686017  0.42138761  0.44444953  0.44444953  0.44914937  0.45387923  0.40344161  0.43513840  0.42594289  0.44914937  0.41236025  0.39462911  0.43513840  0.43052637  0.43513840  0.50291761  0.51312737  0.58883173  0.50800489  0.51828553  0.43513840  0.45387923  0.42138761  0.42138761  0.46825281  0.46825281  0.46825281  0.50291761  0.49786503  0.47799257  0.47799257  0.49284670  0.46825281  0.46825281  0.46825281  0.47310668  0.52347986  0.51312737  0.48291091  0.49284670  0.52347986  0.50291761  0.49284670  0.49786503  0.50800489  0.52871090  0.48786214  0.40788750  0.40788750  0.37304604  0.52871090  0.52871090  0.52871090  0.50291761  0.51828553  0.51828553  0.50291761  0.49284670  0.49786503  0.47310668  
58_0_0     0.59454725  0.58883173  0.56640082  0.50800489  0.50800489  0.49786503  0.55543511  0.55001256  0.52871090  0.55543511  0.32766776  0.36039183  0.39026188  0.35622136  0.34795023  0.35622136  0.34795023  0.34795023  0.35622136  0.34384905  0.00000000  0.05883155  0.12883680  0.10475886  0.19603928  0.20615754  0.27739473  0.27739473  0.21641597  0.57753135  0.44444953  0.43977933  0.42138761  0.38592026  0.39462911  0.38592026  0.42594289  0.40788750  0.48291091  0.44914937  0.40344161  0.45387923  0.38592026  0.51828553  0.50800489  0.50291761  0.48786214  0.50291761  0.57194517  0.50291761  0.52347986  0.52347986  0.49786503  0.48291091  0.48291091  0.51828553  0.52347986  0.50800489  0.57753135  0.57194517  0.52871090  0.52871090  0.51312737  0.51828553  0.51828553  0.51828553  0.51828553  0.53928513  0.52871090  0.48291091  0.50291761  0.50800489  0.47310668  0.47310668  0.45387923  0.52347986  0.51828553  0.53928513  0.49284670  0.47799257  0.45863949  0.54462942  0.55543511  0.51828553  0.55001256  0.55001256  0.53397914  0.54462942  0.54462942  0.58315998  0.55543511  
63_0_0     0.58883173  0.59454725  0.57753135  0.48291091  0.48291091  0.47310668  0.52347986  0.52871090  0.50800489  0.52871090  0.30404007  0.32766776  0.38160393  0.33168006  0.32367709  0.33168006  0.33977046  0.33977046  0.34384905  0.32766776  0.05883155  0.00000000  0.11369659  0.09592771  0.18936977  0.19269701  0.28491036  0.26995461  0.23383562  0.54462942  0.49284670  0.43513840  0.41686017  0.41686017  0.41686017  0.43052637  0.46343055  0.43052637  0.48291091  0.46825281  0.41686017  0.46825281  0.42594289  0.46343055  0.48291091  0.47799257  0.46825281  0.49284670  0.54462942  0.53928513  0.56089767  0.52871090  0.52347986  0.46343055  0.46343055  0.51828553  0.53397914  0.51828553  0.56089767  0.56640082  0.54462942  0.52347986  0.49786503  0.51312737  0.51312737  0.51312737  0.49284670  0.56089767  0.55001256  0.47799257  0.48786214  0.49284670  0.45863949  0.45863949  0.45387923  0.49786503  0.49284670  0.52871090  0.48291091  0.45863949  0.46343055  0.52347986  0.53397914  0.53928513  0.54462942  0.55001256  0.53928513  0.52871090  0.53397914  0.56640082  0.53397914  
85_0_0     0.60030723  0.59454725  0.56640082  0.52347986  0.52347986  0.50800489  0.53928513  0.53397914  0.53397914  0.56640082  0.32367709  0.34384905  0.37304604  0.31970781  0.31970781  0.31970781  0.29250305  0.29250305  0.30404007  0.28114301  0.12883680  0.11369659  0.00000000  0.08431432  0.16648846  0.17295416  0.25529494  0.26258850  0.23031875  0.55001256  0.47799257  0.47310668  0.46343055  0.42138761  0.42138761  0.42594289  0.43052637  0.43513840  0.46825281  0.43513840  0.40788750  0.41236025  0.41236025  0.47799257  0.48291091  0.49284670  0.46825281  0.49284670  0.53928513  0.54462942  0.57753135  0.51828553  0.47799257  0.43513840  0.43513840  0.51312737  0.51312737  0.50291761  0.50291761  0.50800489  0.49786503  0.49786503  0.48786214  0.49284670  0.50291761  0.50291761  0.47799257  0.52347986  0.51312737  0.45387923  0.46343055  0.48291091  0.50291761  0.50800489  0.48786214  0.49284670  0.51828553  0.52871090  0.46825281  0.46825281  0.41686017  0.55001256  0.55001256  0.51312737  0.55001256  0.55543511  0.52871090  0.51828553  0.55543511  0.58883173  0.53928513  
38_0_0     0.53397914  0.52871090  0.49284670  0.46343055  0.46343055  0.44914937  0.50800489  0.50291761  0.47799257  0.50800489  0.29250305  0.31183250  0.35207425  0.31183250  0.30404007  0.31183250  0.31575969  0.31575969  0.31970781  0.28869697  0.10475886  0.09592771  0.08431432  0.00000000  0.17295416  0.17295416  0.28114301  0.24807252  0.19603928  0.53928513  0.43513840  0.41236025  0.39462911  0.39902226  0.39902226  0.39462911  0.42594289  0.41236025  0.45863949  0.42594289  0.38592026  0.42594289  0.39026188  0.44914937  0.45863949  0.45863949  0.46825281  0.46343055  0.55543511  0.48786214  0.51312737  0.47799257  0.43977933  0.42594289  0.42594289  0.46825281  0.47310668  0.45863949  0.51312737  0.51828553  0.48786214  0.47799257  0.45863949  0.47310668  0.48291091  0.48291091  0.43977933  0.48291091  0.47310668  0.42138761  0.43052637  0.43977933  0.42594289  0.43977933  0.43977933  0.50291761  0.50800489  0.49284670  0.43513840  0.41236025  0.40344161  0.51312737  0.51312737  0.48291091  0.49786503  0.50291761  0.48786214  0.47799257  0.47310668  0.49284670  0.47799257  
83_0_0     0.54462942  0.53928513  0.47799257  0.48786214  0.49786503  0.46343055  0.49786503  0.48291091  0.49786503  0.51828553  0.31970781  0.33977046  0.37304604  0.31575969  0.30792604  0.31575969  0.31183250  0.31183250  0.28869697  0.28869697  0.19603928  0.18936977  0.16648846  0.17295416  0.00000000  0.02616374  0.15372401  0.19269701  0.16971425  0.52347986  0.46343055  0.43513840  0.41686017  0.38160393  0.38160393  0.38592026  0.40788750  0.40788750  0.41686017  0.43052637  0.39902226  0.40788750  0.39462911  0.46343055  0.46825281  0.47310668  0.48786214  0.49786503  0.55543511  0.55001256  0.58883173  0.48291091  0.50291761  0.43052637  0.43052637  0.50291761  0.50291761  0.48291091  0.50291761  0.50800489  0.48291091  0.48291091  0.47799257  0.47310668  0.48291091  0.48291091  0.47799257  0.49786503  0.48786214  0.44914937  0.48786214  0.45387923  0.47310668  0.48291091  0.48291091  0.50291761  0.51312737  0.44444953  0.46343055  0.40788750  0.42138761  0.52871090  0.51828553  0.46343055  0.49786503  0.49284670  0.49284670  0.46825281  0.55001256  0.53928513  0.52347986  
45_0_0     0.52871090  0.52347986  0.47799257  0.47799257  0.48786214  0.46343055  0.49284670  0.47799257  0.48786214  0.50800489  0.31970781  0.32367709  0.37304604  0.31575969  0.30792604  0.31575969  0.32766776  0.32766776  0.31183250  0.29632878  0.20615754  0.19269701  0.17295416  0.17295416  0.02616374  0.00000000  0.16648846  0.19269701  0.16971425  0.51312737  0.45387923  0.43513840  0.41686017  0.37304604  0.37304604  0.38592026  0.40788750  0.41686017  0.41686017  0.43052637  0.39026188  0.41236025  0.39462911  0.45387923  0.45863949  0.46343055  0.49786503  0.49786503  0.53397914  0.55001256  0.57753135  0.48786214  0.50291761  0.44444953  0.44444953  0.52347986  0.52871090  0.50291761  0.52347986  0.52871090  0.50291761  0.50291761  0.50800489  0.49284670  0.50291761  0.50291761  0.47799257  0.49786503  0.48786214  0.45863949  0.47799257  0.46343055  0.47310668  0.48291091  0.48291091  0.49284670  0.50291761  0.44444953  0.47310668  0.42594289  0.42138761  0.51828553  0.50800489  0.46343055  0.50800489  0.51312737  0.51312737  0.48291091  0.53397914  0.52347986  0.51312737  
31_0_0     0.55543511  0.55001256  0.54462942  0.53928513  0.54462942  0.51312737  0.50800489  0.50291761  0.48291091  0.52347986  0.38592026  0.41686017  0.41236025  0.37731263  0.38592026  0.37731263  0.34795023  0.34795023  0.34384905  0.34384905  0.27739473  0.28491036  0.25529494  0.28114301  0.15372401  0.16648846  0.00000000  0.25529494  0.23031875  0.53928513  0.53397914  0.47799257  0.47799257  0.45863949  0.45387923  0.47310668  0.46825281  0.45863949  0.47799257  0.46343055  0.45387923  0.50800489  0.43052637  0.56640082  0.57194517  0.58883173  0.46825281  0.48786214  0.53397914  0.56089767  0.56640082  0.47799257  0.52871090  0.42594289  0.42594289  0.50800489  0.52347986  0.49786503  0.50800489  0.51312737  0.51828553  0.50800489  0.52347986  0.50291761  0.49284670  0.49284670  0.50291761  0.48291091  0.48291091  0.47310668  0.49786503  0.42594289  0.48786214  0.49284670  0.48291091  0.52347986  0.54462942  0.47799257  0.46825281  0.43513840  0.42138761  0.53928513  0.52871090  0.46825281  0.53928513  0.53397914  0.49284670  0.48291091  0.56640082  0.56089767  0.53928513  
27_0_0     0.49284670  0.49284670  0.44914937  0.42594289  0.43513840  0.43052637  0.41236025  0.40788750  0.46825281  0.48786214  0.38160393  0.39462911  0.36458592  0.31183250  0.30404007  0.31970781  0.31575969  0.31575969  0.32367709  0.31575969  0.27739473  0.26995461  0.26258850  0.24807252  0.19269701  0.19269701  0.25529494  0.00000000  0.18275979  0.45863949  0.49284670  0.39026188  0.39026188  0.43977933  0.43513840  0.42138761  0.45863949  0.43052637  0.44914937  0.39462911  0.37731263  0.39902226  0.38592026  0.47310668  0.47799257  0.47310668  0.48291091  0.46343055  0.47799257  0.48786214  0.47310668  0.47310668  0.50291761  0.45387923  0.45387923  0.45863949  0.45387923  0.45863949  0.49284670  0.49786503  0.47799257  0.48291091  0.48291091  0.47799257  0.48786214  0.48786214  0.42594289  0.44444953  0.44444953  0.41686017  0.45863949  0.42594289  0.43052637  0.43052637  0.44914937  0.49284670  0.49284670  0.47799257  0.45863949  0.44444953  0.38592026  0.52871090  0.53928513  0.46343055  0.48786214  0.49284670  0.50800489  0.48786214  0.45387923  0.46343055  0.43513840  
67_0_0     0.52871090  0.51828553  0.47799257  0.49284670  0.50291761  0.50800489  0.50291761  0.48786214  0.49786503  0.52871090  0.37731263  0.38592026  0.40788750  0.30792604  0.30792604  0.30792604  0.34795023  0.34795023  0.35622136  0.33168006  0.21641597  0.23383562  0.23031875  0.19603928  0.16971425  0.16971425  0.23031875  0.18275979  0.00000000  0.54462942  0.46825281  0.43977933  0.42594289  0.42594289  0.42594289  0.41236025  0.45863949  0.44444953  0.45863949  0.43977933  0.43513840  0.40788750  0.39026188  0.42138761  0.43513840  0.42138761  0.49284670  0.45387923  0.53928513  0.48291091  0.53928513  0.47310668  0.51828553  0.41686017  0.41686017  0.46343055  0.46825281  0.44444953  0.47799257  0.48291091  0.44914937  0.44914937  0.46343055  0.44914937  0.43977933  0.43977933  0.42594289  0.44914937  0.44914937  0.41686017  0.43513840  0.40344161  0.41236025  0.42138761  0.43977933  0.49284670  0.50291761  0.47310668  0.44914937  0.43052637  0.39462911  0.52347986  0.51312737  0.48786214  0.51312737  0.52871090  0.48786214  0.47310668  0.48291091  0.48291091  0.49786503  
92_0_0     0.58315998  0.61786096  0.55543511  0.52871090  0.51828553  0.58883173  0.59454725  0.60030723  0.60030723  0.62380591  0.49284670  0.50800489  0.55001256  0.47310668  0.47310668  0.47310668  0.51828553  0.51828553  0.51312737  0.50800489  0.57753135  0.54462942  0.55001256  0.53928513  0.52347986  0.51312737  0.53928513  0.45863949  0.54462942  0.00000000  0.44444953  0.38160393  0.38160393  0.45387923  0.46343055  0.44914937  0.47799257  0.43513840  0.43513840  0.39902226  0.39026188  0.45863949  0.41686017  0.47310668  0.49284670  0.46343055  0.55001256  0.52871090  0.61196336  0.56089767  0.54462942  0.57194517  0.59454725  0.47310668  0.47310668  0.56089767  0.58315998  0.57753135  0.61196336  0.60611236  0.60030723  0.58883173  0.61786096  0.58315998  0.59454725  0.59454725  0.51828553  0.53397914  0.53397914  0.50291761  0.54462942  0.52347986  0.59454725  0.58883173  0.60611236  0.53397914  0.52871090  0.52347986  0.56640082  0.58315998  0.48786214  0.54462942  0.53397914  0.53928513  0.51312737  0.52347986  0.54462942  0.51312737  0.52871090  0.52871090  0.49786503  
47_0_0     0.63584092  0.64807476  0.51828553  0.52347986  0.52871090  0.52347986  0.49284670  0.50291761  0.52871090  0.52347986  0.41236025  0.40344161  0.43513840  0.41236025  0.41236025  0.40344161  0.41686017  0.41686017  0.43052637  0.42138761  0.44444953  0.49284670  0.47799257  0.43513840  0.46343055  0.45387923  0.53397914  0.49284670  0.46825281  0.44444953  0.00000000  0.33168006  0.31575969  0.35622136  0.36458592  0.37304604  0.39462911  0.41686017  0.43052637  0.39462911  0.37731263  0.36880390  0.35207425  0.38160393  0.38592026  0.36039183  0.52871090  0.51312737  0.59454725  0.47310668  0.47310668  0.54462942  0.55001256  0.46825281  0.46825281  0.56640082  0.56089767  0.55543511  0.55001256  0.53397914  0.53928513  0.51312737  0.51828553  0.51828553  0.50291761  0.50291761  0.51312737  0.47799257  0.46825281  0.50800489  0.49284670  0.50291761  0.48291091  0.48291091  0.46825281  0.54462942  0.54462942  0.49284670  0.50291761  0.50291761  0.43052637  0.52347986  0.53397914  0.54462942  0.53397914  0.53928513  0.53928513  0.55543511  0.49284670  0.52347986  0.50291761  
88_0_0     0.51312737  0.52347986  0.48291091  0.45863949  0.45863949  0.44914937  0.45863949  0.46343055  0.44914937  0.43052637  0.37304604  0.39026188  0.42138761  0.39026188  0.39026188  0.39026188  0.37731263  0.37731263  0.42594289  0.41686017  0.43977933  0.43513840  0.47310668  0.41236025  0.43513840  0.43513840  0.47799257  0.39026188  0.43977933  0.38160393  0.33168006  0.00000000  0.04778138  0.30404007  0.31183250  0.30404007  0.32766776  0.28491036  0.31183250  0.27739473  0.28869697  0.32367709  0.29632878  0.34384905  0.34795023  0.33571421  0.49284670  0.49786503  0.56089767  0.47310668  0.46825281  0.48291091  0.52871090  0.42594289  0.42594289  0.49284670  0.52871090  0.49786503  0.53397914  0.52871090  0.54462942  0.51828553  0.56640082  0.51828553  0.50800489  0.50800489  0.45387923  0.48291091  0.47310668  0.47310668  0.47799257  0.47799257  0.46343055  0.44444953  0.48291091  0.44444953  0.43977933  0.45387923  0.41236025  0.38592026  0.39462911  0.48786214  0.49786503  0.55001256  0.53397914  0.53928513  0.51828553  0.52871090  0.45387923  0.44914937  0.46343055  
48_0_0     0.48786214  0.50291761  0.44444953  0.43052637  0.43052637  0.43052637  0.46825281  0.47310668  0.42138761  0.40344161  0.36880390  0.38160393  0.42594289  0.38160393  0.38160393  0.38160393  0.37304604  0.37304604  0.41236025  0.42138761  0.42138761  0.41686017  0.46343055  0.39462911  0.41686017  0.41686017  0.47799257  0.39026188  0.42594289  0.38160393  0.31575969  0.04778138  0.00000000  0.29250305  0.30017439  0.28491036  0.30792604  0.30404007  0.32367709  0.26258850  0.26626240  0.30792604  0.26626240  0.33571421  0.34384905  0.32367709  0.47310668  0.49284670  0.51312737  0.47310668  0.47310668  0.49284670  0.53928513  0.40788750  0.40788750  0.47310668  0.50291761  0.47310668  0.53397914  0.52871090  0.54462942  0.51828553  0.55543511  0.51828553  0.49786503  0.49786503  0.44444953  0.47310668  0.46343055  0.47310668  0.46825281  0.45863949  0.43977933  0.42594289  0.46343055  0.43513840  0.42138761  0.42594289  0.40344161  0.37304604  0.38592026  0.46825281  0.47799257  0.52871090  0.50291761  0.50800489  0.49284670  0.49786503  0.42138761  0.44444953  0.44914937  
61_0_0     0.52347986  0.53928513  0.42138761  0.41236025  0.41686017  0.42138761  0.44914937  0.45387923  0.49284670  0.48786214  0.39026188  0.39902226  0.39902226  0.39902226  0.39026188  0.39026188  0.40344161  0.40344161  0.46343055  0.44444953  0.38592026  0.41686017  0.42138761  0.39902226  0.38160393  0.37304604  0.45863949  0.43977933  0.42594289  0.45387923  0.35622136  0.30404007  0.29250305  0.00000000  0.00515932  0.07857522  0.08720064  0.09009825  0.12274352  0.12578389  0.11369659  0.14429302  0.12274352  0.30017439  0.31575969  0.31575969  0.49786503  0.44914937  0.59454725  0.45387923  0.44914937  0.48786214  0.51828553  0.37304604  0.37304604  0.45863949  0.48291091  0.45863949  0.51828553  0.51312737  0.51312737  0.49786503  0.52871090  0.49786503  0.48786214  0.48786214  0.44914937  0.48786214  0.47799257  0.45387923  0.44914937  0.43977933  0.45863949  0.45387923  0.44444953  0.45387923  0.43513840  0.43513840  0.41236025  0.40344161  0.35622136  0.51312737  0.52347986  0.53928513  0.49786503  0.48786214  0.48786214  0.51312737  0.45387923  0.48291091  0.49284670  
75_0_0     0.52347986  0.53928513  0.42594289  0.40788750  0.41686017  0.41686017  0.44444953  0.44914937  0.49284670  0.49284670  0.39026188  0.39902226  0.40788750  0.39902226  0.39026188  0.39026188  0.40344161  0.40344161  0.46343055  0.44444953  0.39462911  0.41686017  0.42138761  0.39902226  0.38160393  0.37304604  0.45387923  0.43513840  0.42594289  0.46343055  0.36458592  0.31183250  0.30017439  0.00515932  0.00000000  0.08431432  0.09300724  0.09592771  0.12883680  0.13190234  0.11971558  0.15056699  0.12883680  0.30017439  0.31970781  0.32367709  0.49284670  0.44444953  0.58883173  0.45863949  0.45387923  0.48291091  0.51828553  0.38160393  0.38160393  0.46343055  0.48786214  0.46343055  0.51312737  0.51828553  0.51828553  0.50291761  0.53397914  0.50291761  0.49284670  0.49284670  0.45863949  0.49786503  0.48786214  0.46343055  0.45863949  0.43977933  0.46825281  0.46343055  0.45387923  0.46343055  0.44444953  0.44444953  0.42138761  0.40344161  0.36039183  0.52347986  0.53397914  0.54462942  0.50800489  0.49786503  0.49786503  0.52347986  0.46343055  0.49284670  0.49786503  
32_0_0     0.53928513  0.54462942  0.42594289  0.43977933  0.44444953  0.45863949  0.49786503  0.49284670  0.48291091  0.48786214  0.41236025  0.42138761  0.42138761  0.39902226  0.39026188  0.39026188  0.41686017  0.41686017  0.46825281  0.44914937  0.38592026  0.43052637  0.42594289  0.39462911  0.38592026  0.38592026  0.47310668  0.42138761  0.41236025  0.44914937  0.37304604  0.30404007  0.28491036  0.07857522  0.08431432  0.00000000  0.03960064  0.11669997  0.14117586  0.14742336  0.14117586  0.17295416  0.15689456  0.30404007  0.32766776  0.31575969  0.49786503  0.46343055  0.58883173  0.43513840  0.43977933  0.48786214  0.50291761  0.42594289  0.42594289  0.43977933  0.44914937  0.42594289  0.51828553  0.52347986  0.51312737  0.50291761  0.53397914  0.49786503  0.49786503  0.49786503  0.43977933  0.49284670  0.48291091  0.46343055  0.46343055  0.42594289  0.43977933  0.42594289  0.42594289  0.44914937  0.43977933  0.45863949  0.42138761  0.42594289  0.37304604  0.50291761  0.51312737  0.53928513  0.49786503  0.49786503  0.47799257  0.52347986  0.45387923  0.47310668  0.46343055  
