20
20_0_0     0.00000000  0.43719056  0.42327017  0.55439914  0.41318702  0.44397915  0.44397915  0.43049056  0.44386303  0.45818283  0.47294176  0.43719056  0.43719056  0.47511989  0.47511989  0.50717322  0.49087979  0.37724776  0.36475931  0.37724776  
6_0_0      0.43719056  0.00000000  0.00609908  0.17063343  0.03758586  0.30459700  0.30459700  0.31552141  0.24687712  0.23725526  0.21857004  0.07786552  0.07786552  0.14571219  0.14571219  0.14571219  0.13768383  0.13768383  0.12978719  0.12201801  
14_0_0     0.42327017  0.00609908  0.00000000  0.17923573  0.04414026  0.29391504  0.29391504  0.30459700  0.23725526  0.22782198  0.22782198  0.08494871  0.08494871  0.13768383  0.13768383  0.13768383  0.12978719  0.14571219  0.13768383  0.12978719  
15_0_0     0.55439914  0.17063343  0.17923573  0.00000000  0.20451699  0.47715237  0.47715237  0.49263176  0.34986605  0.33814343  0.34986605  0.22145880  0.22145880  0.32539323  0.32539323  0.32539323  0.31392992  0.24052737  0.23089866  0.22145880  
16_0_0     0.41318702  0.03758586  0.04414026  0.20451699  0.00000000  0.30675928  0.30675928  0.31781361  0.22931317  0.23884316  0.20180557  0.03758586  0.03758586  0.13066161  0.13066161  0.13066161  0.12282695  0.10753012  0.08545947  0.07832190  
9_0_0      0.44397915  0.30459700  0.29391504  0.47715237  0.30675928  0.00000000  0.00000000  0.00609908  0.20311696  0.21220052  0.19420165  0.33814343  0.33814343  0.33814343  0.33814343  0.31552141  0.32669953  0.34986605  0.37420421  0.36188132  
13_0_0     0.44397915  0.30459700  0.29391504  0.47715237  0.30675928  0.00000000  0.00000000  0.00609908  0.20311696  0.21220052  0.19420165  0.33814343  0.33814343  0.33814343  0.33814343  0.31552141  0.32669953  0.34986605  0.37420421  0.36188132  
7_0_0      0.43049056  0.31552141  0.30459700  0.49263176  0.31781361  0.00609908  0.00609908  0.00000000  0.21220052  0.22145880  0.20311696  0.34986605  0.34986605  0.32669953  0.32669953  0.30459700  0.31552141  0.36188132  0.38685090  0.37420421  
18_0_0     0.44386303  0.24687712  0.23725526  0.34986605  0.22931317  0.20311696  0.20311696  0.21220052  0.00000000  0.00609908  0.04441154  0.26671782  0.26671782  0.32022267  0.32022267  0.32022267  0.30903530  0.34340906  0.32022267  0.33167627  
8_0_0      0.45818283  0.23725526  0.22782198  0.33814343  0.23884316  0.21220052  0.21220052  0.22145880  0.00609908  0.00000000  0.05110427  0.27695353  0.27695353  0.33167627  0.33167627  0.33167627  0.32022267  0.35543502  0.33167627  0.34340906  
19_0_0     0.47294176  0.21857004  0.22782198  0.34986605  0.20180557  0.19420165  0.19420165  0.20311696  0.04441154  0.05110427  0.00000000  0.23725526  0.23725526  0.28741165  0.28741165  0.28741165  0.27695353  0.33167627  0.30903530  0.32022267  
11_0_0     0.43719056  0.07786552  0.08494871  0.22145880  0.03758586  0.33814343  0.33814343  0.34986605  0.26671782  0.27695353  0.23725526  0.00000000  0.00000000  0.14571219  0.14571219  0.14571219  0.13768383  0.12201801  0.09943568  0.10684602  
17_0_0     0.43719056  0.07786552  0.08494871  0.22145880  0.03758586  0.33814343  0.33814343  0.34986605  0.26671782  0.27695353  0.23725526  0.00000000  0.00000000  0.14571219  0.14571219  0.14571219  0.13768383  0.12201801  0.09943568  0.10684602  
12_0_0     0.47511989  0.14571219  0.13768383  0.32539323  0.13066161  0.33814343  0.33814343  0.32669953  0.32022267  0.33167627  0.28741165  0.14571219  0.14571219  0.00000000  0.00000000  0.01227645  0.00609908  0.21527006  0.20600543  0.19691576  
4_0_0      0.47511989  0.14571219  0.13768383  0.32539323  0.13066161  0.33814343  0.33814343  0.32669953  0.32022267  0.33167627  0.28741165  0.14571219  0.14571219  0.00000000  0.00000000  0.01227645  0.00609908  0.21527006  0.20600543  0.19691576  
10_0_0     0.50717322  0.14571219  0.13768383  0.32539323  0.13066161  0.31552141  0.31552141  0.30459700  0.32022267  0.33167627  0.28741165  0.14571219  0.14571219  0.01227645  0.01227645  0.00000000  0.00609908  0.21527006  0.20600543  0.19691576  
5_0_0      0.49087979  0.13768383  0.12978719  0.31392992  0.12282695  0.32669953  0.32669953  0.31552141  0.30903530  0.32022267  0.27695353  0.13768383  0.13768383  0.00609908  0.00609908  0.00609908  0.00000000  0.20600543  0.19691576  0.18799457  
1_0_0      0.37724776  0.13768383  0.14571219  0.24052737  0.10753012  0.34986605  0.34986605  0.36188132  0.34340906  0.35543502  0.33167627  0.12201801  0.12201801  0.21527006  0.21527006  0.21527006  0.20600543  0.00000000  0.03129895  0.02487422  
3_0_0      0.36475931  0.12978719  0.13768383  0.23089866  0.08545947  0.37420421  0.37420421  0.38685090  0.32022267  0.33167627  0.30903530  0.09943568  0.09943568  0.20600543  0.20600543  0.20600543  0.19691576  0.03129895  0.00000000  0.01853412  
2_0_0      0.37724776  0.12201801  0.12978719  0.22145880  0.07832190  0.36188132  0.36188132  0.37420421  0.33167627  0.34340906  0.32022267  0.10684602  0.10684602  0.19691576  0.19691576  0.19691576  0.18799457  0.02487422  0.01853412  0.00000000  

