16
17_2_0     0.00000000  0.05614907  0.19638742  0.20975470  0.18325937  0.16188823  0.15768771  0.15351111  0.14522856  0.15351111  0.17463606  0.17463606  0.17463606  0.17893505  0.16611294  0.17463606  
16_2_0     0.05614907  0.00000000  0.17463606  0.19638742  0.19638742  0.18325937  0.17893505  0.17463606  0.15768771  0.15768771  0.17893505  0.18760934  0.18760934  0.18325937  0.18760934  0.19638742  
15_2_0     0.19638742  0.17463606  0.00000000  0.10127424  0.17893505  0.18760934  0.17463606  0.17893505  0.17893505  0.17893505  0.23258943  0.24192613  0.24192613  0.23724293  0.21880348  0.23724293  
15_3_0     0.20975470  0.19638742  0.10127424  0.00000000  0.20975470  0.18325937  0.17036212  0.17463606  0.18760934  0.18760934  0.22796527  0.23724293  0.23724293  0.23258943  0.21426514  0.23724293  
13_2_0     0.18325937  0.19638742  0.17893505  0.20975470  0.00000000  0.10127424  0.09740596  0.09355797  0.12492230  0.13297748  0.23724293  0.21880348  0.21880348  0.21426514  0.22796527  0.23724293  
20_2_0     0.16188823  0.18325937  0.18760934  0.18325937  0.10127424  0.00000000  0.01020580  0.00678807  0.09740596  0.09740596  0.17036212  0.17893505  0.17893505  0.18325937  0.17036212  0.18760934  
12_2_0     0.15768771  0.17893505  0.17463606  0.17036212  0.09740596  0.01020580  0.00000000  0.00338618  0.09355797  0.09355797  0.18325937  0.17463606  0.17463606  0.17893505  0.17463606  0.19198525  
19_2_0     0.15351111  0.17463606  0.17893505  0.17463606  0.09355797  0.00678807  0.00338618  0.00000000  0.08973006  0.08973006  0.17893505  0.17036212  0.17036212  0.17463606  0.17036212  0.18760934  
18_2_0     0.14522856  0.15768771  0.17893505  0.18760934  0.12492230  0.09740596  0.09355797  0.08973006  0.00000000  0.01363953  0.17036212  0.17036212  0.17036212  0.17463606  0.17036212  0.18760934  
14_2_0     0.15351111  0.15768771  0.17893505  0.18760934  0.13297748  0.09740596  0.09355797  0.08973006  0.01363953  0.00000000  0.15768771  0.16611294  0.16611294  0.17036212  0.15768771  0.18325937  
13_0_0     0.17463606  0.17893505  0.23258943  0.22796527  0.23724293  0.17036212  0.18325937  0.17893505  0.17036212  0.15768771  0.00000000  0.05614907  0.05614907  0.05980528  0.06347980  0.07088452  
12_0_0     0.17463606  0.18760934  0.24192613  0.23724293  0.21880348  0.17893505  0.17463606  0.17036212  0.17036212  0.16611294  0.05614907  0.00000000  0.00000000  0.00338618  0.07836474  0.09355797  
19_0_0     0.17463606  0.18760934  0.24192613  0.23724293  0.21880348  0.17893505  0.17463606  0.17036212  0.17036212  0.16611294  0.05614907  0.00000000  0.00000000  0.00338618  0.07836474  0.09355797  
20_0_0     0.17893505  0.18325937  0.23724293  0.23258943  0.21426514  0.18325937  0.17893505  0.17463606  0.17463606  0.17036212  0.05980528  0.00338618  0.00338618  0.00000000  0.08213365  0.09740596  
18_0_0     0.16611294  0.18760934  0.21880348  0.21426514  0.22796527  0.17036212  0.17463606  0.17036212  0.17036212  0.15768771  0.06347980  0.07836474  0.07836474  0.08213365  0.00000000  0.02055559  
14_0_0     0.17463606  0.19638742  0.23724293  0.23724293  0.23724293  0.18760934  0.19198525  0.18760934  0.18760934  0.18325937  0.07088452  0.09355797  0.09355797  0.09740596  0.02055559  0.00000000  

