135
96_0_0     0.00000000  0.48662718  0.57237790  0.50024674  0.58768766  0.54267679  0.60332077  0.61929118  0.51412160  0.50024674  0.52826151  0.50024674  0.66938010  0.70476068  0.68685902  0.60332077  0.57237790  0.60332077  0.52826151  0.54267679  0.47325368  0.47325368  0.52826151  0.52826151  0.58768766  0.50024674  0.65230441  0.61929118  0.63561376  0.57237790  0.72310603  0.70476068  0.68685902  0.68685902  0.55737839  0.61929118  0.61929118  0.65230441  0.65230441  0.66938010  0.86608991  0.84389357  0.91258504  1.07267205  1.07267205  1.01537573  0.91258504  0.88897247  1.13477829  1.07267205  1.07267205  1.07267205  0.96219755  0.96219755  1.07267205  0.96219755  0.88897247  0.91258504  0.91258504  0.93697572  1.01537573  0.88897247  0.91258504  0.91258504  0.82234347  0.80140307  0.80140307  0.78103879  0.91258504  1.01537573  1.01537573  0.76121979  0.74191763  0.78103879  0.93697572  0.86608991  0.96219755  1.04346965  0.88897247  0.98830919  0.55737839  0.60332077  0.76121979  0.74191763  0.68685902  0.66938010  0.68685902  0.70476068  0.65230441  0.65230441  0.68685902  0.63561376  0.63561376  0.65230441  0.51412160  0.54267679  0.84389357  0.84389357  0.88897247  0.86608991  0.66938010  0.65230441  0.65230441  0.88897247  0.82234347  0.65230441  0.86608991  0.74191763  0.74191763  0.74191763  0.68685902  0.76121979  0.82234347  0.84389357  0.88897247  0.82234347  0.86608991  0.88897247  0.80140307  0.80140307  0.86608991  0.84389357  0.86608991  0.86608991  0.86608991  0.74191763  0.78103879  0.80140307  0.76121979  0.74191763  0.74191763  0.76121979  0.88897247  1.01537573  0.84389357  
84_0_0     0.48662718  0.00000000  0.20864490  0.28678797  0.19943249  0.18134467  0.14644331  0.19943249  0.24668574  0.23699069  0.24668574  0.26646532  0.61929118  0.65230441  0.65230441  0.48662718  0.54267679  0.50024674  0.47325368  0.50024674  0.48662718  0.52826151  0.51412160  0.48662718  0.54267679  0.46011753  0.43452455  0.37416479  0.44721044  0.39772142  0.93697572  0.86608991  0.88897247  0.88897247  0.57237790  0.47325368  0.68685902  0.72310603  0.68685902  0.74191763  0.70476068  0.68685902  0.70476068  0.82234347  0.78103879  0.78103879  0.82234347  0.82234347  0.80140307  0.70476068  0.70476068  0.72310603  0.80140307  0.80140307  0.72310603  0.78103879  0.74191763  0.80140307  0.76121979  0.78103879  0.65230441  0.66938010  0.72310603  0.70476068  0.58768766  0.60332077  0.60332077  0.55737839  0.74191763  0.70476068  0.70476068  0.70476068  0.61929118  0.68685902  0.74191763  0.70476068  0.66938010  0.76121979  0.72310603  0.65230441  0.60332077  0.55737839  0.60332077  0.58768766  0.65230441  0.48662718  0.57237790  0.61929118  0.58768766  0.58768766  0.61929118  0.61929118  0.61929118  0.63561376  0.51412160  0.48662718  0.82234347  0.84389357  0.88897247  0.82234347  0.66938010  0.66938010  0.66938010  0.57237790  0.65230441  0.86608991  0.78103879  0.78103879  0.86608991  0.86608991  0.84389357  0.74191763  0.82234347  0.84389357  0.86608991  0.88897247  0.84389357  0.91258504  0.84389357  0.84389357  0.86608991  0.91258504  0.96219755  0.96219755  0.88897247  0.78103879  0.82234347  0.78103879  0.76121979  0.84389357  0.80140307  0.82234347  0.82234347  0.84389357  0.78103879  
56_0_0     0.57237790  0.20864490  0.00000000  0.19943249  0.18134467  0.20864490  0.20864490  0.23699069  0.28678797  0.29716244  0.32918786  0.36266177  0.63561376  0.74191763  0.68685902  0.44721044  0.50024674  0.48662718  0.52826151  0.50024674  0.54267679  0.54267679  0.57237790  0.52826151  0.54267679  0.52826151  0.61929118  0.47325368  0.58768766  0.48662718  1.01537573  0.88897247  0.91258504  0.91258504  0.55737839  0.55737839  0.82234347  0.82234347  0.78103879  0.74191763  0.68685902  0.70476068  0.66938010  0.88897247  0.88897247  0.80140307  0.84389357  0.96219755  0.86608991  0.76121979  0.76121979  0.70476068  0.86608991  0.86608991  0.76121979  0.88897247  0.84389357  0.91258504  0.91258504  0.93697572  0.78103879  0.68685902  0.74191763  0.72310603  0.66938010  0.68685902  0.68685902  0.60332077  0.68685902  0.65230441  0.65230441  0.68685902  0.63561376  0.76121979  0.80140307  0.68685902  0.66938010  0.72310603  0.70476068  0.68685902  0.66938010  0.58768766  0.58768766  0.61929118  0.63561376  0.63561376  0.61929118  0.60332077  0.63561376  0.63561376  0.57237790  0.60332077  0.60332077  0.68685902  0.51412160  0.54267679  0.84389357  0.82234347  0.86608991  0.82234347  0.66938010  0.66938010  0.66938010  0.57237790  0.63561376  0.91258504  0.70476068  0.80140307  0.80140307  0.84389357  0.91258504  0.72310603  0.76121979  0.78103879  0.78103879  0.84389357  0.86608991  0.91258504  0.80140307  0.80140307  0.78103879  0.80140307  0.84389357  0.86608991  0.82234347  0.86608991  0.86608991  0.86608991  0.78103879  0.80140307  0.72310603  0.84389357  0.86608991  0.76121979  0.84389357  
48_0_0     0.50024674  0.28678797  0.19943249  0.00000000  0.24668574  0.26646532  0.29716244  0.31835804  0.35133477  0.32918786  0.38584940  0.36266177  0.68685902  0.82234347  0.68685902  0.51412160  0.54267679  0.50024674  0.60332077  0.54267679  0.60332077  0.61929118  0.65230441  0.52826151  0.60332077  0.50024674  0.66938010  0.60332077  0.60332077  0.58768766  1.01537573  0.88897247  0.91258504  0.91258504  0.68685902  0.54267679  0.74191763  0.74191763  0.68685902  0.72310603  0.76121979  0.72310603  0.66938010  0.84389357  0.91258504  0.78103879  0.82234347  0.98830919  0.91258504  0.84389357  0.84389357  0.84389357  0.82234347  0.82234347  0.74191763  0.88897247  0.82234347  0.88897247  0.84389357  0.91258504  0.70476068  0.76121979  0.76121979  0.82234347  0.74191763  0.72310603  0.72310603  0.70476068  0.76121979  0.76121979  0.76121979  0.68685902  0.70476068  0.78103879  0.74191763  0.74191763  0.76121979  0.76121979  0.72310603  0.78103879  0.63561376  0.72310603  0.70476068  0.70476068  0.72310603  0.61929118  0.70476068  0.60332077  0.57237790  0.57237790  0.61929118  0.63561376  0.63561376  0.61929118  0.57237790  0.58768766  0.80140307  0.80140307  0.86608991  0.82234347  0.88897247  0.88897247  0.88897247  0.74191763  0.74191763  0.80140307  0.76121979  0.82234347  0.86608991  0.88897247  0.88897247  0.66938010  0.82234347  0.82234347  0.91258504  0.80140307  0.86608991  0.98830919  0.88897247  0.88897247  0.91258504  0.96219755  0.93697572  0.96219755  0.91258504  1.10307400  1.10307400  1.13477829  1.04346965  1.13477829  0.96219755  0.93697572  1.04346965  0.91258504  0.98830919  
43_0_0     0.58768766  0.19943249  0.18134467  0.24668574  0.00000000  0.15501559  0.15501559  0.13796917  0.31835804  0.30768437  0.36266177  0.35133477  0.70476068  0.66938010  0.68685902  0.48662718  0.48662718  0.52826151  0.47325368  0.48662718  0.48662718  0.48662718  0.51412160  0.47325368  0.50024674  0.47325368  0.55737839  0.46011753  0.55737839  0.46011753  1.04346965  0.91258504  0.93697572  0.93697572  0.58768766  0.57237790  0.76121979  0.76121979  0.68685902  0.70476068  0.68685902  0.66938010  0.68685902  0.78103879  0.88897247  0.72310603  0.80140307  0.82234347  0.80140307  0.74191763  0.74191763  0.76121979  0.76121979  0.76121979  0.65230441  0.86608991  0.86608991  0.93697572  0.88897247  0.91258504  0.65230441  0.74191763  0.72310603  0.74191763  0.72310603  0.74191763  0.74191763  0.65230441  0.74191763  0.74191763  0.74191763  0.66938010  0.61929118  0.72310603  0.76121979  0.72310603  0.68685902  0.74191763  0.74191763  0.70476068  0.61929118  0.63561376  0.70476068  0.68685902  0.78103879  0.60332077  0.66938010  0.65230441  0.60332077  0.60332077  0.57237790  0.60332077  0.60332077  0.68685902  0.58768766  0.61929118  0.80140307  0.78103879  0.80140307  0.84389357  0.65230441  0.70476068  0.70476068  0.60332077  0.61929118  0.93697572  0.78103879  0.82234347  0.80140307  0.86608991  0.91258504  0.72310603  0.78103879  0.80140307  0.88897247  0.78103879  0.80140307  1.04346965  0.82234347  0.82234347  0.80140307  0.88897247  0.91258504  0.91258504  0.84389357  0.78103879  0.74191763  0.76121979  0.72310603  0.78103879  0.70476068  0.86608991  0.82234347  0.76121979  0.76121979  
72_0_0     0.54267679  0.18134467  0.20864490  0.26646532  0.15501559  0.00000000  0.11311373  0.15501559  0.32918786  0.34017849  0.34017849  0.39772142  0.63561376  0.55737839  0.54267679  0.51412160  0.55737839  0.57237790  0.47325368  0.50024674  0.51412160  0.51412160  0.46011753  0.47325368  0.50024674  0.44721044  0.55737839  0.44721044  0.54267679  0.44721044  0.96219755  0.98830919  1.01537573  1.01537573  0.58768766  0.44721044  0.74191763  0.74191763  0.66938010  0.63561376  0.66938010  0.65230441  0.70476068  0.74191763  0.74191763  0.70476068  0.70476068  0.88897247  0.86608991  0.78103879  0.78103879  0.80140307  0.76121979  0.76121979  0.72310603  0.78103879  0.78103879  0.84389357  0.82234347  0.82234347  0.70476068  0.65230441  0.74191763  0.72310603  0.66938010  0.68685902  0.68685902  0.65230441  0.72310603  0.68685902  0.68685902  0.68685902  0.60332077  0.70476068  0.66938010  0.63561376  0.61929118  0.72310603  0.65230441  0.65230441  0.48662718  0.54267679  0.50024674  0.51412160  0.55737839  0.44721044  0.47325368  0.50024674  0.47325368  0.47325368  0.48662718  0.50024674  0.50024674  0.60332077  0.46011753  0.48662718  0.72310603  0.74191763  0.78103879  0.74191763  0.57237790  0.61929118  0.61929118  0.58768766  0.60332077  0.93697572  0.74191763  0.76121979  0.84389357  0.82234347  0.86608991  0.66938010  0.78103879  0.80140307  0.84389357  0.82234347  0.84389357  0.88897247  0.82234347  0.82234347  0.84389357  0.84389357  0.78103879  0.78103879  0.84389357  0.76121979  0.76121979  0.68685902  0.72310603  0.63561376  0.63561376  0.78103879  0.63561376  0.66938010  0.65230441  
63_0_0     0.60332077  0.14644331  0.20864490  0.29716244  0.15501559  0.11311373  0.00000000  0.12130649  0.30768437  0.29716244  0.34017849  0.37416479  0.70476068  0.70476068  0.63561376  0.51412160  0.60332077  0.58768766  0.48662718  0.51412160  0.54267679  0.55737839  0.51412160  0.58768766  0.55737839  0.55737839  0.57237790  0.50024674  0.60332077  0.50024674  1.07267205  1.01537573  1.04346965  1.04346965  0.66938010  0.52826151  0.78103879  0.82234347  0.80140307  0.82234347  0.74191763  0.72310603  0.65230441  0.70476068  0.70476068  0.68685902  0.68685902  0.84389357  0.80140307  0.74191763  0.74191763  0.72310603  0.74191763  0.74191763  0.65230441  0.82234347  0.72310603  0.82234347  0.78103879  0.80140307  0.66938010  0.65230441  0.78103879  0.72310603  0.60332077  0.61929118  0.61929118  0.58768766  0.68685902  0.65230441  0.65230441  0.61929118  0.57237790  0.68685902  0.72310603  0.68685902  0.65230441  0.70476068  0.68685902  0.63561376  0.61929118  0.61929118  0.61929118  0.60332077  0.65230441  0.52826151  0.58768766  0.58768766  0.57237790  0.57237790  0.58768766  0.58768766  0.58768766  0.66938010  0.57237790  0.55737839  0.86608991  0.88897247  0.86608991  0.82234347  0.63561376  0.65230441  0.65230441  0.58768766  0.66938010  0.98830919  0.84389357  0.70476068  0.93697572  0.96219755  0.98830919  0.72310603  0.86608991  0.88897247  0.86608991  0.96219755  0.93697572  1.01537573  0.88897247  0.88897247  0.91258504  0.93697572  0.91258504  0.91258504  0.98830919  0.82234347  0.82234347  0.80140307  0.74191763  0.80140307  0.68685902  0.88897247  0.80140307  0.78103879  0.70476068  
79_0_0     0.61929118  0.19943249  0.23699069  0.31835804  0.13796917  0.15501559  0.12130649  0.00000000  0.38584940  0.32918786  0.38584940  0.37416479  0.63561376  0.60332077  0.58768766  0.44721044  0.55737839  0.54267679  0.42205241  0.44721044  0.51412160  0.51412160  0.52826151  0.57237790  0.55737839  0.57237790  0.52826151  0.43452455  0.54267679  0.44721044  0.91258504  0.98830919  0.96219755  0.96219755  0.68685902  0.55737839  0.72310603  0.76121979  0.72310603  0.70476068  0.72310603  0.70476068  0.70476068  0.82234347  0.86608991  0.74191763  0.82234347  0.98830919  0.82234347  0.72310603  0.72310603  0.74191763  0.98830919  0.98830919  0.66938010  0.76121979  0.72310603  0.82234347  0.78103879  0.80140307  0.63561376  0.74191763  0.76121979  0.78103879  0.72310603  0.70476068  0.70476068  0.74191763  0.78103879  0.70476068  0.70476068  0.60332077  0.61929118  0.74191763  0.72310603  0.74191763  0.66938010  0.76121979  0.68685902  0.68685902  0.58768766  0.70476068  0.66938010  0.65230441  0.74191763  0.60332077  0.63561376  0.57237790  0.57237790  0.57237790  0.57237790  0.63561376  0.63561376  0.72310603  0.58768766  0.58768766  0.80140307  0.78103879  0.76121979  0.76121979  0.57237790  0.61929118  0.61929118  0.55737839  0.60332077  0.84389357  0.80140307  0.76121979  0.84389357  0.91258504  0.98830919  0.78103879  0.80140307  0.82234347  0.88897247  0.91258504  0.78103879  0.84389357  0.91258504  0.91258504  0.84389357  0.88897247  0.86608991  0.86608991  0.96219755  0.76121979  0.72310603  0.74191763  0.70476068  0.80140307  0.68685902  0.86608991  0.80140307  0.74191763  0.70476068  
68_0_0     0.51412160  0.24668574  0.28678797  0.35133477  0.31835804  0.32918786  0.30768437  0.38584940  0.00000000  0.08906586  0.22742098  0.18134467  0.68685902  0.76121979  0.76121979  0.58768766  0.61929118  0.54267679  0.51412160  0.54267679  0.47325368  0.51412160  0.54267679  0.58768766  0.55737839  0.55737839  0.61929118  0.60332077  0.57237790  0.57237790  0.84389357  0.84389357  0.86608991  0.86608991  0.58768766  0.57237790  0.76121979  0.76121979  0.74191763  0.76121979  0.66938010  0.65230441  0.70476068  0.86608991  0.84389357  0.80140307  0.80140307  0.98830919  0.98830919  0.86608991  0.86608991  0.84389357  0.80140307  0.80140307  0.76121979  1.01537573  0.93697572  1.01537573  0.91258504  0.98830919  0.76121979  0.80140307  0.91258504  0.84389357  0.82234347  0.84389357  0.84389357  0.78103879  0.86608991  0.82234347  0.82234347  0.84389357  0.82234347  0.96219755  0.74191763  0.86608991  0.86608991  0.88897247  0.88897247  0.84389357  0.70476068  0.65230441  0.63561376  0.65230441  0.66938010  0.63561376  0.66938010  0.65230441  0.55737839  0.55737839  0.66938010  0.65230441  0.65230441  0.70476068  0.54267679  0.55737839  0.68685902  0.72310603  0.84389357  0.80140307  0.74191763  0.74191763  0.74191763  0.76121979  0.82234347  1.13477829  0.78103879  0.88897247  0.96219755  0.91258504  0.86608991  0.93697572  0.91258504  0.93697572  0.93697572  0.96219755  0.93697572  0.86608991  0.82234347  0.82234347  0.84389357  0.86608991  0.80140307  0.80140307  0.88897247  0.91258504  0.91258504  0.84389357  0.86608991  0.78103879  0.78103879  0.88897247  0.91258504  0.98830919  0.80140307  
95_0_0     0.50024674  0.23699069  0.29716244  0.32918786  0.30768437  0.34017849  0.29716244  0.32918786  0.08906586  0.00000000  0.19943249  0.18134467  0.68685902  0.80140307  0.72310603  0.52826151  0.57237790  0.51412160  0.51412160  0.51412160  0.48662718  0.51412160  0.57237790  0.57237790  0.54267679  0.54267679  0.57237790  0.55737839  0.52826151  0.52826151  0.86608991  0.82234347  0.80140307  0.80140307  0.58768766  0.52826151  0.66938010  0.70476068  0.68685902  0.70476068  0.63561376  0.61929118  0.66938010  0.80140307  0.86608991  0.70476068  0.74191763  0.91258504  0.91258504  0.80140307  0.80140307  0.82234347  0.86608991  0.86608991  0.70476068  0.88897247  0.91258504  0.93697572  0.88897247  0.86608991  0.66938010  0.72310603  0.86608991  0.80140307  0.78103879  0.80140307  0.80140307  0.78103879  0.78103879  0.74191763  0.74191763  0.72310603  0.78103879  0.86608991  0.66938010  0.76121979  0.72310603  0.74191763  0.74191763  0.70476068  0.61929118  0.66938010  0.61929118  0.63561376  0.65230441  0.61929118  0.65230441  0.63561376  0.54267679  0.54267679  0.61929118  0.57237790  0.57237790  0.61929118  0.50024674  0.51412160  0.72310603  0.72310603  0.84389357  0.84389357  0.72310603  0.72310603  0.72310603  0.66938010  0.72310603  0.93697572  0.70476068  0.84389357  0.82234347  0.86608991  0.84389357  0.91258504  0.80140307  0.82234347  0.86608991  0.86608991  0.82234347  0.86608991  0.74191763  0.74191763  0.72310603  0.78103879  0.78103879  0.78103879  0.82234347  0.86608991  0.82234347  0.76121979  0.78103879  0.82234347  0.74191763  0.86608991  0.82234347  0.88897247  0.74191763  
95_5_0     0.52826151  0.24668574  0.32918786  0.38584940  0.36266177  0.34017849  0.34017849  0.38584940  0.22742098  0.19943249  0.00000000  0.25650946  0.63561376  0.70476068  0.70476068  0.60332077  0.61929118  0.60332077  0.65230441  0.65230441  0.55737839  0.55737839  0.60332077  0.52826151  0.54267679  0.50024674  0.52826151  0.48662718  0.50024674  0.48662718  0.86608991  0.88897247  0.86608991  0.86608991  0.68685902  0.51412160  0.74191763  0.72310603  0.68685902  0.70476068  0.74191763  0.72310603  0.70476068  0.91258504  0.91258504  0.84389357  0.84389357  0.88897247  0.91258504  0.76121979  0.76121979  0.74191763  0.76121979  0.76121979  0.74191763  0.88897247  0.70476068  0.88897247  0.84389357  0.82234347  0.74191763  0.63561376  0.76121979  0.74191763  0.70476068  0.72310603  0.72310603  0.70476068  0.80140307  0.80140307  0.80140307  0.80140307  0.78103879  0.82234347  0.76121979  0.80140307  0.76121979  0.82234347  0.84389357  0.70476068  0.72310603  0.74191763  0.72310603  0.74191763  0.76121979  0.65230441  0.72310603  0.63561376  0.65230441  0.65230441  0.58768766  0.61929118  0.61929118  0.66938010  0.51412160  0.50024674  0.68685902  0.70476068  0.74191763  0.76121979  0.68685902  0.65230441  0.65230441  0.66938010  0.66938010  0.86608991  0.76121979  0.86608991  0.86608991  0.88897247  0.82234347  0.88897247  0.93697572  0.96219755  0.93697572  0.82234347  0.82234347  0.93697572  0.76121979  0.76121979  0.74191763  0.82234347  0.86608991  0.86608991  0.88897247  0.88897247  0.93697572  0.86608991  0.82234347  0.74191763  0.70476068  0.84389357  0.76121979  0.76121979  0.78103879  
62_0_0     0.50024674  0.26646532  0.36266177  0.36266177  0.35133477  0.39772142  0.37416479  0.37416479  0.18134467  0.18134467  0.25650946  0.00000000  0.60332077  0.74191763  0.91258504  0.58768766  0.61929118  0.54267679  0.54267679  0.58768766  0.54267679  0.54267679  0.51412160  0.65230441  0.72310603  0.61929118  0.68685902  0.66938010  0.66938010  0.66938010  0.76121979  0.86608991  0.80140307  0.80140307  0.72310603  0.65230441  0.74191763  0.70476068  0.66938010  0.72310603  0.74191763  0.72310603  0.84389357  1.07267205  1.04346965  0.98830919  1.04346965  1.01537573  1.16790150  0.96219755  0.96219755  0.98830919  1.04346965  1.04346965  1.04346965  1.07267205  1.07267205  1.04346965  0.93697572  1.01537573  0.86608991  0.91258504  0.96219755  0.93697572  0.93697572  0.96219755  0.96219755  0.93697572  1.07267205  1.01537573  1.01537573  0.96219755  1.04346965  1.10307400  0.91258504  0.93697572  0.98830919  1.07267205  0.96219755  0.96219755  0.72310603  0.65230441  0.70476068  0.72310603  0.78103879  0.66938010  0.70476068  0.66938010  0.60332077  0.60332077  0.76121979  0.74191763  0.74191763  0.72310603  0.61929118  0.60332077  0.72310603  0.76121979  0.84389357  0.80140307  0.86608991  0.82234347  0.82234347  0.74191763  0.80140307  0.91258504  0.78103879  0.88897247  0.96219755  0.96219755  0.88897247  0.86608991  0.98830919  1.01537573  0.93697572  1.04346965  0.96219755  0.98830919  0.84389357  0.84389357  0.86608991  0.93697572  0.93697572  0.93697572  0.96219755  0.91258504  0.91258504  0.84389357  0.91258504  0.91258504  0.96219755  1.04346965  0.98830919  0.96219755  0.72310603  
39_0_0     0.66938010  0.61929118  0.63561376  0.68685902  0.70476068  0.63561376  0.70476068  0.63561376  0.68685902  0.68685902  0.63561376  0.60332077  0.00000000  0.15501559  0.23699069  0.51412160  0.57237790  0.52826151  0.57237790  0.47325368  0.60332077  0.60332077  0.47325368  0.47325368  0.50024674  0.47325368  0.61929118  0.61929118  0.63561376  0.66938010  0.76121979  1.07267205  0.98830919  0.98830919  0.58768766  0.54267679  0.63561376  0.65230441  0.65230441  0.66938010  0.63561376  0.61929118  0.84389357  0.93697572  0.93697572  0.88897247  0.93697572  0.78103879  0.93697572  0.78103879  0.78103879  0.80140307  0.86608991  0.86608991  0.86608991  0.78103879  0.91258504  0.72310603  0.76121979  0.76121979  0.91258504  0.86608991  0.86608991  0.93697572  0.86608991  0.84389357  0.84389357  0.84389357  0.88897247  0.88897247  0.88897247  0.82234347  0.91258504  0.98830919  0.84389357  0.78103879  0.82234347  0.91258504  0.74191763  0.80140307  0.68685902  0.76121979  0.63561376  0.65230441  0.63561376  0.68685902  0.65230441  0.66938010  0.76121979  0.76121979  0.78103879  0.76121979  0.76121979  0.68685902  0.57237790  0.57237790  0.70476068  0.66938010  0.57237790  0.66938010  0.60332077  0.54267679  0.54267679  0.63561376  0.65230441  0.58768766  0.80140307  0.74191763  0.84389357  0.80140307  0.80140307  0.78103879  0.88897247  0.91258504  0.91258504  0.98830919  0.88897247  1.01537573  0.76121979  0.76121979  0.80140307  0.78103879  0.88897247  0.86608991  0.84389357  0.80140307  0.82234347  0.72310603  0.78103879  0.80140307  0.68685902  0.72310603  0.93697572  0.80140307  0.66938010  
76_0_0     0.70476068  0.65230441  0.74191763  0.82234347  0.66938010  0.55737839  0.70476068  0.60332077  0.76121979  0.80140307  0.70476068  0.74191763  0.15501559  0.00000000  0.15501559  0.48662718  0.51412160  0.47325368  0.57237790  0.55737839  0.60332077  0.63561376  0.50024674  0.42205241  0.46011753  0.42205241  0.63561376  0.58768766  0.65230441  0.57237790  0.74191763  1.04346965  0.96219755  0.96219755  0.61929118  0.52826151  0.66938010  0.65230441  0.66938010  0.61929118  0.58768766  0.60332077  0.86608991  0.76121979  0.76121979  0.76121979  0.80140307  0.76121979  0.88897247  0.74191763  0.74191763  0.76121979  0.91258504  0.91258504  0.86608991  0.66938010  0.78103879  0.65230441  0.68685902  0.68685902  0.91258504  0.76121979  0.80140307  0.78103879  0.74191763  0.76121979  0.76121979  0.72310603  0.82234347  0.78103879  0.78103879  0.76121979  0.80140307  0.82234347  0.80140307  0.76121979  0.76121979  0.84389357  0.68685902  0.78103879  0.52826151  0.68685902  0.57237790  0.58768766  0.57237790  0.61929118  0.55737839  0.57237790  0.61929118  0.61929118  0.63561376  0.60332077  0.60332077  0.66938010  0.51412160  0.51412160  0.72310603  0.68685902  0.65230441  0.72310603  0.57237790  0.57237790  0.57237790  0.74191763  0.72310603  0.63561376  0.78103879  0.72310603  0.74191763  0.66938010  0.70476068  0.72310603  0.82234347  0.80140307  0.76121979  0.84389357  0.82234347  0.91258504  0.76121979  0.76121979  0.80140307  0.74191763  0.84389357  0.82234347  0.78103879  0.82234347  0.86608991  0.78103879  0.82234347  0.65230441  0.72310603  0.84389357  0.74191763  0.82234347  0.70476068  
87_0_0     0.68685902  0.65230441  0.68685902  0.68685902  0.68685902  0.54267679  0.63561376  0.58768766  0.76121979  0.72310603  0.70476068  0.91258504  0.23699069  0.15501559  0.00000000  0.40978695  0.46011753  0.42205241  0.55737839  0.51412160  0.58768766  0.65230441  0.51412160  0.42205241  0.44721044  0.42205241  0.61929118  0.52826151  0.57237790  0.48662718  0.78103879  0.93697572  0.86608991  0.86608991  0.61929118  0.46011753  0.60332077  0.61929118  0.70476068  0.65230441  0.58768766  0.60332077  0.86608991  0.74191763  0.78103879  0.74191763  0.78103879  0.84389357  0.88897247  0.78103879  0.78103879  0.76121979  0.82234347  0.82234347  0.78103879  0.84389357  0.80140307  0.82234347  0.86608991  0.82234347  0.88897247  0.80140307  0.88897247  0.86608991  0.76121979  0.74191763  0.74191763  0.74191763  0.82234347  0.78103879  0.78103879  0.72310603  0.72310603  0.84389357  0.84389357  0.76121979  0.76121979  0.80140307  0.72310603  0.78103879  0.48662718  0.68685902  0.54267679  0.55737839  0.51412160  0.58768766  0.55737839  0.51412160  0.55737839  0.55737839  0.55737839  0.57237790  0.57237790  0.57237790  0.55737839  0.52826151  0.74191763  0.70476068  0.74191763  0.82234347  0.55737839  0.55737839  0.55737839  0.68685902  0.66938010  0.72310603  0.86608991  0.76121979  0.82234347  0.78103879  0.82234347  0.78103879  0.82234347  0.80140307  0.93697572  1.01537573  0.91258504  0.96219755  0.82234347  0.82234347  0.82234347  0.80140307  0.82234347  0.84389357  0.86608991  0.76121979  0.78103879  0.80140307  0.72310603  0.74191763  0.63561376  0.66938010  0.80140307  0.82234347  0.70476068  
97_0_0     0.60332077  0.48662718  0.44721044  0.51412160  0.48662718  0.51412160  0.51412160  0.44721044  0.58768766  0.52826151  0.60332077  0.58768766  0.51412160  0.48662718  0.40978695  0.00000000  0.05817107  0.05064473  0.38584940  0.40978695  0.39772142  0.44721044  0.50024674  0.43452455  0.61929118  0.42205241  0.55737839  0.46011753  0.55737839  0.46011753  0.82234347  0.82234347  0.80140307  0.80140307  0.61929118  0.47325368  0.72310603  0.72310603  0.74191763  0.70476068  0.58768766  0.57237790  0.78103879  0.76121979  0.74191763  0.66938010  0.76121979  0.91258504  1.04346965  0.86608991  0.86608991  0.82234347  0.88897247  0.88897247  0.76121979  0.93697572  0.84389357  0.93697572  0.91258504  1.01537573  0.82234347  0.80140307  0.88897247  0.84389357  0.70476068  0.72310603  0.72310603  0.68685902  0.84389357  0.82234347  0.82234347  0.82234347  0.80140307  0.80140307  0.78103879  0.70476068  0.70476068  0.76121979  0.68685902  0.74191763  0.65230441  0.68685902  0.61929118  0.63561376  0.61929118  0.65230441  0.65230441  0.61929118  0.66938010  0.66938010  0.63561376  0.63561376  0.63561376  0.74191763  0.55737839  0.54267679  0.74191763  0.72310603  0.70476068  0.74191763  0.74191763  0.72310603  0.72310603  0.55737839  0.63561376  0.74191763  0.76121979  0.82234347  0.80140307  0.84389357  0.82234347  0.80140307  0.74191763  0.72310603  0.76121979  0.82234347  0.76121979  0.86608991  0.72310603  0.72310603  0.66938010  0.70476068  0.72310603  0.72310603  0.76121979  0.86608991  0.86608991  0.88897247  0.82234347  0.84389357  0.76121979  0.78103879  0.96219755  0.93697572  0.84389357  
81_0_0     0.57237790  0.54267679  0.50024674  0.54267679  0.48662718  0.55737839  0.60332077  0.55737839  0.61929118  0.57237790  0.61929118  0.61929118  0.57237790  0.51412160  0.46011753  0.05817107  0.00000000  0.06577472  0.40978695  0.44721044  0.42205241  0.44721044  0.48662718  0.44721044  0.61929118  0.46011753  0.61929118  0.52826151  0.60332077  0.52826151  0.86608991  0.86608991  0.84389357  0.84389357  0.61929118  0.55737839  0.72310603  0.68685902  0.66938010  0.66938010  0.58768766  0.57237790  0.74191763  0.74191763  0.78103879  0.66938010  0.72310603  0.82234347  1.04346965  0.91258504  0.91258504  0.86608991  0.80140307  0.80140307  0.76121979  0.93697572  0.84389357  0.93697572  0.96219755  1.01537573  0.86608991  0.78103879  0.86608991  0.82234347  0.72310603  0.74191763  0.74191763  0.70476068  0.78103879  0.76121979  0.76121979  0.80140307  0.78103879  0.78103879  0.70476068  0.65230441  0.68685902  0.70476068  0.74191763  0.72310603  0.58768766  0.63561376  0.63561376  0.61929118  0.60332077  0.66938010  0.63561376  0.61929118  0.63561376  0.63561376  0.57237790  0.57237790  0.57237790  0.66938010  0.58768766  0.57237790  0.82234347  0.80140307  0.76121979  0.78103879  0.78103879  0.76121979  0.76121979  0.61929118  0.60332077  0.74191763  0.76121979  0.86608991  0.84389357  0.80140307  0.78103879  0.78103879  0.78103879  0.76121979  0.80140307  0.84389357  0.80140307  0.93697572  0.70476068  0.70476068  0.65230441  0.68685902  0.74191763  0.74191763  0.76121979  0.86608991  0.91258504  0.93697572  0.82234347  0.76121979  0.76121979  0.72310603  1.01537573  0.93697572  0.80140307  
53_0_0     0.60332077  0.50024674  0.48662718  0.50024674  0.52826151  0.57237790  0.58768766  0.54267679  0.54267679  0.51412160  0.60332077  0.54267679  0.52826151  0.47325368  0.42205241  0.05064473  0.06577472  0.00000000  0.42205241  0.46011753  0.43452455  0.48662718  0.54267679  0.46011753  0.60332077  0.44721044  0.63561376  0.52826151  0.58768766  0.52826151  0.82234347  0.82234347  0.80140307  0.80140307  0.60332077  0.48662718  0.74191763  0.70476068  0.72310603  0.65230441  0.61929118  0.60332077  0.70476068  0.74191763  0.74191763  0.66938010  0.76121979  0.86608991  0.93697572  0.78103879  0.78103879  0.74191763  0.80140307  0.80140307  0.68685902  0.88897247  0.88897247  0.88897247  0.86608991  0.91258504  0.74191763  0.70476068  0.76121979  0.72310603  0.65230441  0.66938010  0.66938010  0.63561376  0.74191763  0.72310603  0.72310603  0.80140307  0.78103879  0.74191763  0.70476068  0.66938010  0.70476068  0.72310603  0.68685902  0.70476068  0.57237790  0.61929118  0.55737839  0.57237790  0.55737839  0.58768766  0.58768766  0.54267679  0.58768766  0.58768766  0.55737839  0.55737839  0.55737839  0.65230441  0.54267679  0.50024674  0.76121979  0.74191763  0.74191763  0.80140307  0.80140307  0.74191763  0.74191763  0.63561376  0.65230441  0.70476068  0.72310603  0.91258504  0.84389357  0.80140307  0.78103879  0.80140307  0.78103879  0.76121979  0.76121979  0.84389357  0.80140307  0.88897247  0.74191763  0.74191763  0.68685902  0.72310603  0.74191763  0.74191763  0.76121979  0.91258504  0.96219755  0.98830919  0.86608991  0.84389357  0.80140307  0.72310603  1.10307400  0.96219755  0.86608991  
55_0_0     0.52826151  0.47325368  0.52826151  0.60332077  0.47325368  0.47325368  0.48662718  0.42205241  0.51412160  0.51412160  0.65230441  0.54267679  0.57237790  0.57237790  0.55737839  0.38584940  0.40978695  0.42205241  0.00000000  0.12130649  0.08122043  0.07345729  0.18134467  0.36266177  0.50024674  0.36266177  0.48662718  0.47325368  0.54267679  0.43452455  0.78103879  0.72310603  0.74191763  0.74191763  0.54267679  0.46011753  0.60332077  0.57237790  0.57237790  0.61929118  0.65230441  0.63561376  0.88897247  0.72310603  0.78103879  0.76121979  0.76121979  0.84389357  0.98830919  0.93697572  0.93697572  0.91258504  0.86608991  0.86608991  0.84389357  0.96219755  0.98830919  1.13477829  1.13477829  1.10307400  0.91258504  0.86608991  0.86608991  0.84389357  0.91258504  0.88897247  0.88897247  0.91258504  0.96219755  0.91258504  0.91258504  0.78103879  0.84389357  0.93697572  0.86608991  0.88897247  0.86608991  0.88897247  0.93697572  0.93697572  0.48662718  0.55737839  0.54267679  0.55737839  0.54267679  0.54267679  0.52826151  0.60332077  0.51412160  0.51412160  0.61929118  0.58768766  0.58768766  0.60332077  0.48662718  0.51412160  0.80140307  0.76121979  0.70476068  0.74191763  0.78103879  0.82234347  0.82234347  0.72310603  0.70476068  0.70476068  0.65230441  0.70476068  0.76121979  0.70476068  0.80140307  0.84389357  0.80140307  0.82234347  0.80140307  0.88897247  0.82234347  0.74191763  0.68685902  0.68685902  0.66938010  0.72310603  0.65230441  0.65230441  0.80140307  0.80140307  0.78103879  0.80140307  0.72310603  0.72310603  0.74191763  0.70476068  0.78103879  0.80140307  0.70476068  
85_0_0     0.54267679  0.50024674  0.50024674  0.54267679  0.48662718  0.50024674  0.51412160  0.44721044  0.54267679  0.51412160  0.65230441  0.58768766  0.47325368  0.55737839  0.51412160  0.40978695  0.44721044  0.46011753  0.12130649  0.00000000  0.18134467  0.17246385  0.25650946  0.39772142  0.51412160  0.42205241  0.57237790  0.54267679  0.61929118  0.52826151  0.78103879  0.74191763  0.74191763  0.74191763  0.54267679  0.43452455  0.60332077  0.60332077  0.57237790  0.58768766  0.70476068  0.68685902  0.78103879  0.80140307  0.86608991  0.80140307  0.84389357  0.93697572  0.91258504  0.91258504  0.91258504  0.88897247  0.91258504  0.91258504  0.88897247  0.93697572  1.07267205  1.16790150  1.16790150  1.13477829  0.91258504  0.86608991  0.86608991  0.88897247  0.86608991  0.84389357  0.84389357  0.86608991  0.86608991  0.86608991  0.86608991  0.70476068  0.80140307  0.86608991  0.84389357  0.84389357  0.82234347  0.82234347  0.84389357  0.84389357  0.51412160  0.65230441  0.57237790  0.58768766  0.57237790  0.57237790  0.55737839  0.61929118  0.51412160  0.51412160  0.63561376  0.63561376  0.63561376  0.63561376  0.48662718  0.51412160  0.84389357  0.80140307  0.70476068  0.74191763  0.78103879  0.78103879  0.78103879  0.66938010  0.65230441  0.66938010  0.68685902  0.72310603  0.68685902  0.66938010  0.76121979  0.80140307  0.76121979  0.74191763  0.84389357  0.88897247  0.80140307  0.84389357  0.63561376  0.63561376  0.63561376  0.74191763  0.74191763  0.74191763  0.76121979  0.80140307  0.78103879  0.82234347  0.72310603  0.84389357  0.78103879  0.74191763  0.76121979  0.82234347  0.63561376  
49_0_0     0.47325368  0.48662718  0.54267679  0.60332077  0.48662718  0.51412160  0.54267679  0.51412160  0.47325368  0.48662718  0.55737839  0.54267679  0.60332077  0.60332077  0.58768766  0.39772142  0.42205241  0.43452455  0.08122043  0.18134467  0.00000000  0.05064473  0.20864490  0.39772142  0.42205241  0.37416479  0.50024674  0.47325368  0.60332077  0.42205241  0.82234347  0.74191763  0.76121979  0.76121979  0.54267679  0.47325368  0.68685902  0.65230441  0.65230441  0.74191763  0.61929118  0.60332077  0.88897247  0.80140307  0.86608991  0.84389357  0.88897247  0.78103879  1.07267205  1.01537573  1.01537573  0.98830919  0.86608991  0.86608991  0.82234347  0.98830919  0.98830919  1.13477829  1.07267205  1.10307400  0.93697572  0.86608991  0.86608991  0.88897247  0.91258504  0.88897247  0.88897247  0.91258504  0.88897247  0.93697572  0.93697572  0.82234347  0.84389357  0.96219755  0.91258504  0.98830919  0.91258504  0.93697572  0.98830919  0.98830919  0.57237790  0.58768766  0.63561376  0.65230441  0.61929118  0.60332077  0.61929118  0.70476068  0.57237790  0.57237790  0.66938010  0.65230441  0.65230441  0.74191763  0.48662718  0.50024674  0.78103879  0.72310603  0.65230441  0.80140307  0.78103879  0.82234347  0.82234347  0.74191763  0.68685902  0.65230441  0.70476068  0.74191763  0.76121979  0.70476068  0.74191763  0.84389357  0.80140307  0.82234347  0.84389357  0.88897247  0.86608991  0.78103879  0.68685902  0.68685902  0.66938010  0.70476068  0.65230441  0.65230441  0.76121979  0.78103879  0.76121979  0.78103879  0.70476068  0.70476068  0.68685902  0.74191763  0.80140307  0.84389357  0.72310603  
51_0_0     0.47325368  0.52826151  0.54267679  0.61929118  0.48662718  0.51412160  0.55737839  0.51412160  0.51412160  0.51412160  0.55737839  0.54267679  0.60332077  0.63561376  0.65230441  0.44721044  0.44721044  0.48662718  0.07345729  0.17246385  0.05064473  0.00000000  0.16368831  0.38584940  0.44721044  0.36266177  0.46011753  0.51412160  0.58768766  0.46011753  0.82234347  0.72310603  0.74191763  0.74191763  0.52826151  0.46011753  0.61929118  0.58768766  0.58768766  0.66938010  0.66938010  0.65230441  0.84389357  0.76121979  0.82234347  0.80140307  0.80140307  0.76121979  0.96219755  0.96219755  0.96219755  0.93697572  0.80140307  0.80140307  0.82234347  0.93697572  0.93697572  1.07267205  1.01537573  1.04346965  0.86608991  0.86608991  0.82234347  0.84389357  0.91258504  0.88897247  0.88897247  0.91258504  0.88897247  0.93697572  0.93697572  0.86608991  0.84389357  0.96219755  0.88897247  0.93697572  0.86608991  0.88897247  0.93697572  0.93697572  0.51412160  0.58768766  0.60332077  0.58768766  0.57237790  0.57237790  0.55737839  0.66938010  0.51412160  0.51412160  0.58768766  0.58768766  0.58768766  0.63561376  0.48662718  0.51412160  0.78103879  0.74191763  0.68685902  0.76121979  0.78103879  0.82234347  0.82234347  0.70476068  0.61929118  0.70476068  0.66938010  0.74191763  0.72310603  0.66938010  0.72310603  0.80140307  0.76121979  0.78103879  0.80140307  0.84389357  0.82234347  0.74191763  0.61929118  0.61929118  0.60332077  0.68685902  0.61929118  0.61929118  0.72310603  0.72310603  0.70476068  0.76121979  0.65230441  0.65230441  0.70476068  0.66938010  0.78103879  0.80140307  0.66938010  
90_0_0     0.52826151  0.51412160  0.57237790  0.65230441  0.51412160  0.46011753  0.51412160  0.52826151  0.54267679  0.57237790  0.60332077  0.51412160  0.47325368  0.50024674  0.51412160  0.50024674  0.48662718  0.54267679  0.18134467  0.25650946  0.20864490  0.16368831  0.00000000  0.44721044  0.50024674  0.42205241  0.54267679  0.60332077  0.72310603  0.54267679  0.80140307  0.88897247  0.86608991  0.86608991  0.55737839  0.39772142  0.55737839  0.54267679  0.57237790  0.68685902  0.63561376  0.61929118  0.96219755  0.74191763  0.74191763  0.74191763  0.76121979  0.78103879  1.16790150  1.10307400  1.10307400  1.04346965  0.91258504  0.91258504  0.91258504  1.07267205  0.98830919  1.04346965  0.98830919  1.13477829  1.16790150  0.86608991  0.93697572  0.91258504  0.88897247  0.86608991  0.86608991  0.84389357  0.91258504  0.91258504  0.91258504  0.82234347  0.76121979  0.98830919  0.82234347  0.84389357  0.80140307  0.86608991  0.91258504  0.86608991  0.48662718  0.58768766  0.58768766  0.54267679  0.55737839  0.55737839  0.54267679  0.54267679  0.48662718  0.48662718  0.55737839  0.58768766  0.58768766  0.57237790  0.48662718  0.51412160  0.70476068  0.68685902  0.70476068  0.74191763  0.65230441  0.66938010  0.66938010  0.68685902  0.60332077  0.86608991  0.76121979  0.68685902  0.82234347  0.76121979  0.82234347  0.78103879  0.86608991  0.88897247  0.86608991  1.01537573  0.88897247  0.86608991  0.70476068  0.70476068  0.76121979  0.82234347  0.78103879  0.78103879  0.86608991  0.82234347  0.84389357  0.84389357  0.78103879  0.74191763  0.84389357  0.78103879  0.84389357  0.78103879  0.61929118  
83_0_0     0.52826151  0.48662718  0.52826151  0.52826151  0.47325368  0.47325368  0.58768766  0.57237790  0.58768766  0.57237790  0.52826151  0.65230441  0.47325368  0.42205241  0.42205241  0.43452455  0.44721044  0.46011753  0.36266177  0.39772142  0.39772142  0.38584940  0.44721044  0.00000000  0.20864490  0.01411983  0.38584940  0.32918786  0.35133477  0.31835804  0.80140307  0.82234347  0.84389357  0.84389357  0.47325368  0.43452455  0.43452455  0.43452455  0.43452455  0.42205241  0.66938010  0.68685902  0.78103879  0.60332077  0.70476068  0.61929118  0.58768766  0.84389357  0.70476068  0.65230441  0.65230441  0.70476068  0.72310603  0.72310603  0.74191763  0.65230441  0.70476068  0.68685902  0.72310603  0.70476068  0.76121979  0.70476068  0.70476068  0.72310603  0.76121979  0.78103879  0.78103879  0.76121979  0.72310603  0.72310603  0.72310603  0.70476068  0.65230441  0.70476068  0.76121979  0.68685902  0.66938010  0.72310603  0.68685902  0.68685902  0.54267679  0.58768766  0.55737839  0.57237790  0.60332077  0.60332077  0.55737839  0.55737839  0.57237790  0.57237790  0.54267679  0.50024674  0.50024674  0.51412160  0.54267679  0.57237790  0.57237790  0.54267679  0.57237790  0.57237790  0.63561376  0.66938010  0.66938010  0.66938010  0.61929118  0.70476068  0.84389357  0.82234347  0.74191763  0.78103879  0.76121979  0.70476068  0.78103879  0.76121979  0.84389357  0.66938010  0.68685902  0.82234347  0.66938010  0.66938010  0.68685902  0.74191763  0.70476068  0.72310603  0.76121979  0.70476068  0.66938010  0.68685902  0.66938010  0.65230441  0.65230441  0.57237790  0.74191763  0.91258504  0.82234347  
