147
36_0_0     0.00000000  0.04891323  0.06811942  0.02405400  0.17989295  0.16496610  0.36758999  0.37736064  0.37736064  0.43884846  0.42824043  0.43884846  0.43884846  0.42824043  0.39729625  0.55420215  0.56678764  0.56678764  0.55420215  0.56678764  0.57959010  0.51767685  0.57959010  0.55420215  0.50589031  0.54182637  0.54182637  0.55420215  0.57959010  0.44961021  0.47161315  0.44961021  0.44961021  0.43884846  0.49428792  0.43884846  0.48286400  0.43884846  0.47161315  0.46053020  0.57959010  0.56678764  0.63312805  0.48286400  0.48286400  0.55420215  0.56678764  0.56678764  0.57959010  0.61937741  0.60587675  0.49428792  0.50589031  0.48286400  0.56678764  0.50589031  0.48286400  0.46053020  0.48286400  0.41778179  0.42824043  0.46053020  0.48286400  0.47161315  0.44961021  0.44961021  0.46053020  0.59261713  0.50589031  0.52965345  0.52965345  0.48286400  0.50589031  0.55420215  0.57959010  0.57959010  0.64713810  0.70598092  0.73724834  0.61937741  0.69082739  0.64713810  0.63312805  0.61937741  0.59261713  0.56678764  0.57959010  0.57959010  0.57959010  0.59261713  0.57959010  0.61937741  0.60587675  0.63312805  0.66141752  0.69082739  0.66141752  0.55420215  0.49428792  0.49428792  0.48286400  0.47161315  0.46053020  0.42824043  0.51767685  0.46053020  0.40746839  0.38726156  0.39729625  0.47161315  0.42824043  0.46053020  0.44961021  0.47161315  0.47161315  0.43884846  0.43884846  0.57959010  0.43884846  0.51767685  0.47161315  0.46053020  0.47161315  0.51767685  0.51767685  0.56678764  0.56678764  0.51767685  0.47161315  0.52965345  0.32974421  0.33902639  0.37736064  0.35794621  0.56678764  0.61937741  0.67597689  0.61937741  0.51767685  0.52965345  0.54182637  0.56678764  0.52965345  0.57959010  0.54182637  0.55420215  0.54182637  
20_0_0     0.04891323  0.00000000  0.09452561  0.07463347  0.19512598  0.17239203  0.36758999  0.37736064  0.37736064  0.44961021  0.43884846  0.44961021  0.46053020  0.44961021  0.42824043  0.56678764  0.56678764  0.59261713  0.56678764  0.57959010  0.59261713  0.51767685  0.56678764  0.56678764  0.51767685  0.54182637  0.54182637  0.54182637  0.56678764  0.43884846  0.46053020  0.43884846  0.46053020  0.44961021  0.48286400  0.42824043  0.46053020  0.41778179  0.49428792  0.42824043  0.56678764  0.51767685  0.66141752  0.48286400  0.48286400  0.51767685  0.52965345  0.51767685  0.52965345  0.69082739  0.59261713  0.52965345  0.48286400  0.47161315  0.56678764  0.52965345  0.49428792  0.49428792  0.47161315  0.43884846  0.42824043  0.46053020  0.52965345  0.46053020  0.43884846  0.43884846  0.43884846  0.56678764  0.50589031  0.52965345  0.51767685  0.47161315  0.51767685  0.52965345  0.55420215  0.55420215  0.63312805  0.69082739  0.70598092  0.60587675  0.67597689  0.59261713  0.57959010  0.59261713  0.57959010  0.54182637  0.56678764  0.55420215  0.55420215  0.54182637  0.55420215  0.59261713  0.57959010  0.60587675  0.60587675  0.70598092  0.64713810  0.56678764  0.49428792  0.49428792  0.48286400  0.46053020  0.46053020  0.46053020  0.50589031  0.44961021  0.40746839  0.38726156  0.39729625  0.48286400  0.46053020  0.47161315  0.46053020  0.49428792  0.47161315  0.44961021  0.44961021  0.59261713  0.47161315  0.57959010  0.46053020  0.44961021  0.47161315  0.51767685  0.50589031  0.55420215  0.55420215  0.50589031  0.46053020  0.51767685  0.33902639  0.32974421  0.34842605  0.37736064  0.61937741  0.64713810  0.63312805  0.57959010  0.56678764  0.57959010  0.59261713  0.60587675  0.55420215  0.60587675  0.56678764  0.57959010  0.59261713  
20_18_0    0.06811942  0.09452561  0.00000000  0.06811942  0.15761370  0.15761370  0.36758999  0.41778179  0.41778179  0.42824043  0.41778179  0.40746839  0.43884846  0.42824043  0.40746839  0.55420215  0.56678764  0.59261713  0.56678764  0.57959010  0.59261713  0.50589031  0.55420215  0.56678764  0.48286400  0.49428792  0.49428792  0.51767685  0.54182637  0.43884846  0.46053020  0.46053020  0.42824043  0.43884846  0.47161315  0.42824043  0.42824043  0.39729625  0.48286400  0.44961021  0.57959010  0.56678764  0.66141752  0.50589031  0.50589031  0.55420215  0.56678764  0.57959010  0.55420215  0.59261713  0.57959010  0.51767685  0.48286400  0.47161315  0.51767685  0.52965345  0.46053020  0.46053020  0.41778179  0.41778179  0.42824043  0.46053020  0.51767685  0.47161315  0.46053020  0.44961021  0.43884846  0.59261713  0.46053020  0.50589031  0.51767685  0.44961021  0.51767685  0.55420215  0.61937741  0.61937741  0.66141752  0.72145009  0.82171168  0.70598092  0.72145009  0.61937741  0.60587675  0.61937741  0.60587675  0.60587675  0.61937741  0.61937741  0.61937741  0.60587675  0.60587675  0.66141752  0.64713810  0.64713810  0.59261713  0.67597689  0.64713810  0.57959010  0.47161315  0.47161315  0.49428792  0.47161315  0.46053020  0.42824043  0.51767685  0.46053020  0.40746839  0.38726156  0.39729625  0.50589031  0.46053020  0.49428792  0.48286400  0.50589031  0.49428792  0.44961021  0.44961021  0.57959010  0.44961021  0.51767685  0.50589031  0.49428792  0.48286400  0.52965345  0.52965345  0.51767685  0.51767685  0.48286400  0.46053020  0.49428792  0.33902639  0.34842605  0.36758999  0.36758999  0.61937741  0.64713810  0.63312805  0.60587675  0.54182637  0.52965345  0.51767685  0.56678764  0.54182637  0.56678764  0.59261713  0.60587675  0.59261713  
36_18_0    0.02405400  0.07463347  0.06811942  0.00000000  0.21067800  0.19512598  0.36758999  0.39729625  0.39729625  0.43884846  0.42824043  0.43884846  0.43884846  0.42824043  0.39729625  0.52965345  0.54182637  0.59261713  0.57959010  0.59261713  0.60587675  0.54182637  0.57959010  0.57959010  0.48286400  0.49428792  0.49428792  0.52965345  0.57959010  0.47161315  0.47161315  0.47161315  0.41778179  0.42824043  0.49428792  0.41778179  0.43884846  0.39729625  0.44961021  0.43884846  0.57959010  0.56678764  0.57959010  0.48286400  0.48286400  0.55420215  0.56678764  0.56678764  0.57959010  0.59261713  0.60587675  0.49428792  0.50589031  0.48286400  0.54182637  0.50589031  0.48286400  0.48286400  0.47161315  0.41778179  0.42824043  0.46053020  0.48286400  0.47161315  0.44961021  0.44961021  0.43884846  0.56678764  0.50589031  0.55420215  0.55420215  0.48286400  0.48286400  0.55420215  0.61937741  0.61937741  0.66141752  0.72145009  0.75338997  0.66141752  0.73724834  0.69082739  0.67597689  0.66141752  0.60587675  0.60587675  0.61937741  0.61937741  0.61937741  0.60587675  0.61937741  0.66141752  0.64713810  0.67597689  0.67597689  0.70598092  0.70598092  0.56678764  0.49428792  0.49428792  0.48286400  0.47161315  0.43884846  0.40746839  0.48286400  0.46053020  0.40746839  0.38726156  0.39729625  0.44961021  0.42824043  0.41778179  0.40746839  0.42824043  0.42824043  0.43884846  0.43884846  0.56678764  0.41778179  0.50589031  0.47161315  0.46053020  0.44961021  0.49428792  0.49428792  0.54182637  0.54182637  0.51767685  0.44961021  0.48286400  0.32974421  0.35794621  0.37736064  0.35794621  0.59261713  0.64713810  0.64713810  0.64713810  0.54182637  0.55420215  0.54182637  0.56678764  0.50589031  0.57959010  0.51767685  0.52965345  0.51767685  
54_0_0     0.17989295  0.19512598  0.15761370  0.21067800  0.00000000  0.02405400  0.37736064  0.37736064  0.37736064  0.51767685  0.50589031  0.47161315  0.39729625  0.38726156  0.40746839  0.51767685  0.52965345  0.52965345  0.49428792  0.50589031  0.57959010  0.50589031  0.50589031  0.50589031  0.57959010  0.63312805  0.59261713  0.56678764  0.64713810  0.46053020  0.46053020  0.46053020  0.50589031  0.48286400  0.50589031  0.54182637  0.54182637  0.49428792  0.54182637  0.51767685  0.61937741  0.61937741  0.69082739  0.55420215  0.55420215  0.56678764  0.57959010  0.54182637  0.54182637  0.70598092  0.67597689  0.66141752  0.59261713  0.52965345  0.55420215  0.51767685  0.48286400  0.48286400  0.41778179  0.44961021  0.43884846  0.46053020  0.46053020  0.48286400  0.47161315  0.41778179  0.48286400  0.60587675  0.51767685  0.51767685  0.55420215  0.49428792  0.51767685  0.54182637  0.66141752  0.66141752  0.70598092  0.78676545  0.70598092  0.72145009  0.73724834  0.69082739  0.67597689  0.69082739  0.73724834  0.69082739  0.67597689  0.70598092  0.70598092  0.69082739  0.70598092  0.75338997  0.72145009  0.72145009  0.72145009  0.69082739  0.75338997  0.70598092  0.48286400  0.48286400  0.50589031  0.47161315  0.47161315  0.43884846  0.54182637  0.50589031  0.41778179  0.39729625  0.41778179  0.48286400  0.43884846  0.47161315  0.46053020  0.48286400  0.49428792  0.44961021  0.44961021  0.54182637  0.51767685  0.55420215  0.50589031  0.49428792  0.49428792  0.52965345  0.50589031  0.49428792  0.50589031  0.49428792  0.46053020  0.48286400  0.32974421  0.35794621  0.33902639  0.38726156  0.67597689  0.70598092  0.57959010  0.51767685  0.60587675  0.59261713  0.56678764  0.60587675  0.59261713  0.63312805  0.63312805  0.64713810  0.66141752  
80_0_0     0.16496610  0.17239203  0.15761370  0.19512598  0.02405400  0.00000000  0.33902639  0.36758999  0.36758999  0.52965345  0.51767685  0.48286400  0.40746839  0.39729625  0.39729625  0.50589031  0.49428792  0.49428792  0.48286400  0.49428792  0.56678764  0.49428792  0.47161315  0.47161315  0.55420215  0.60587675  0.59261713  0.56678764  0.60587675  0.44961021  0.46053020  0.43884846  0.48286400  0.46053020  0.47161315  0.49428792  0.51767685  0.47161315  0.54182637  0.47161315  0.61937741  0.56678764  0.63312805  0.50589031  0.52965345  0.52965345  0.54182637  0.50589031  0.50589031  0.67597689  0.67597689  0.63312805  0.56678764  0.50589031  0.57959010  0.49428792  0.48286400  0.48286400  0.39729625  0.42824043  0.41778179  0.41778179  0.43884846  0.43884846  0.48286400  0.41778179  0.44961021  0.56678764  0.50589031  0.50589031  0.54182637  0.48286400  0.47161315  0.49428792  0.67597689  0.67597689  0.66141752  0.73724834  0.66141752  0.70598092  0.72145009  0.70598092  0.69082739  0.70598092  0.75338997  0.70598092  0.69082739  0.72145009  0.72145009  0.69082739  0.72145009  0.76989024  0.73724834  0.73724834  0.73724834  0.73724834  0.73724834  0.66141752  0.48286400  0.48286400  0.50589031  0.44961021  0.47161315  0.43884846  0.54182637  0.51767685  0.39729625  0.37736064  0.39729625  0.48286400  0.43884846  0.47161315  0.46053020  0.48286400  0.49428792  0.47161315  0.47161315  0.54182637  0.48286400  0.55420215  0.47161315  0.46053020  0.48286400  0.51767685  0.47161315  0.49428792  0.50589031  0.49428792  0.43884846  0.46053020  0.31152080  0.32057661  0.32057661  0.35794621  0.63312805  0.66141752  0.56678764  0.50589031  0.56678764  0.55420215  0.55420215  0.59261713  0.57959010  0.64713810  0.61937741  0.63312805  0.64713810  
17_0_0     0.36758999  0.36758999  0.36758999  0.36758999  0.37736064  0.33902639  0.00000000  0.08120516  0.08120516  0.67597689  0.66141752  0.66141752  0.52965345  0.54182637  0.55420215  0.56678764  0.55420215  0.55420215  0.56678764  0.56678764  0.57959010  0.52965345  0.59261713  0.50589031  0.57959010  0.54182637  0.55420215  0.60587675  0.59261713  0.47161315  0.50589031  0.48286400  0.52965345  0.49428792  0.54182637  0.49428792  0.49428792  0.52965345  0.67597689  0.57959010  0.61937741  0.61937741  0.63312805  0.50589031  0.54182637  0.52965345  0.54182637  0.51767685  0.55420215  0.64713810  0.69082739  0.59261713  0.66141752  0.47161315  0.51767685  0.60587675  0.56678764  0.52965345  0.51767685  0.50589031  0.50589031  0.49428792  0.56678764  0.50589031  0.51767685  0.52965345  0.55420215  0.57959010  0.59261713  0.59261713  0.66141752  0.60587675  0.50589031  0.52965345  0.75338997  0.75338997  0.61937741  0.70598092  0.72145009  0.70598092  0.67597689  0.67597689  0.66141752  0.67597689  0.78676545  0.75338997  0.76989024  0.76989024  0.76989024  0.69082739  0.75338997  0.82171168  0.75338997  0.73724834  0.70598092  0.76989024  0.76989024  0.76989024  0.57959010  0.57959010  0.59261713  0.57959010  0.57959010  0.52965345  0.61937741  0.61937741  0.48286400  0.52965345  0.50589031  0.49428792  0.48286400  0.51767685  0.50589031  0.50589031  0.51767685  0.50589031  0.50589031  0.55420215  0.47161315  0.52965345  0.50589031  0.50589031  0.48286400  0.49428792  0.46053020  0.48286400  0.49428792  0.47161315  0.47161315  0.47161315  0.48286400  0.48286400  0.50589031  0.47161315  0.70598092  0.67597689  0.61937741  0.56678764  0.60587675  0.60587675  0.60587675  0.63312805  0.50589031  0.57959010  0.52965345  0.51767685  0.54182637  
98_0_0     0.37736064  0.37736064  0.41778179  0.39729625  0.37736064  0.36758999  0.08120516  0.00000000  0.00000000  0.70598092  0.69082739  0.69082739  0.48286400  0.49428792  0.55420215  0.59261713  0.57959010  0.59261713  0.63312805  0.63312805  0.64713810  0.55420215  0.63312805  0.56678764  0.69082739  0.69082739  0.69082739  0.60587675  0.66141752  0.52965345  0.54182637  0.54182637  0.59261713  0.55420215  0.60587675  0.55420215  0.59261713  0.63312805  0.70598092  0.67597689  0.72145009  0.72145009  0.70598092  0.56678764  0.59261713  0.59261713  0.60587675  0.57959010  0.63312805  0.70598092  0.70598092  0.63312805  0.70598092  0.54182637  0.56678764  0.63312805  0.61937741  0.56678764  0.57959010  0.57959010  0.57959010  0.56678764  0.61937741  0.57959010  0.55420215  0.56678764  0.63312805  0.61937741  0.66141752  0.63312805  0.66141752  0.60587675  0.57959010  0.63312805  0.75338997  0.75338997  0.61937741  0.73724834  0.67597689  0.67597689  0.66141752  0.66141752  0.67597689  0.69082739  0.75338997  0.72145009  0.73724834  0.73724834  0.75338997  0.69082739  0.72145009  0.78676545  0.72145009  0.70598092  0.67597689  0.70598092  0.73724834  0.76989024  0.61937741  0.61937741  0.63312805  0.64713810  0.64713810  0.61937741  0.59261713  0.64713810  0.54182637  0.56678764  0.56678764  0.55420215  0.55420215  0.57959010  0.56678764  0.56678764  0.57959010  0.56678764  0.56678764  0.60587675  0.51767685  0.55420215  0.50589031  0.50589031  0.50589031  0.51767685  0.48286400  0.51767685  0.52965345  0.50589031  0.50589031  0.50589031  0.55420215  0.52965345  0.55420215  0.56678764  0.78676545  0.75338997  0.67597689  0.61937741  0.66141752  0.69082739  0.63312805  0.63312805  0.57959010  0.66141752  0.55420215  0.54182637  0.56678764  
72_0_0     0.37736064  0.37736064  0.41778179  0.39729625  0.37736064  0.36758999  0.08120516  0.00000000  0.00000000  0.70598092  0.69082739  0.69082739  0.48286400  0.49428792  0.55420215  0.59261713  0.57959010  0.59261713  0.63312805  0.63312805  0.64713810  0.55420215  0.63312805  0.56678764  0.69082739  0.69082739  0.69082739  0.60587675  0.66141752  0.52965345  0.54182637  0.54182637  0.59261713  0.55420215  0.60587675  0.55420215  0.59261713  0.63312805  0.70598092  0.67597689  0.72145009  0.72145009  0.70598092  0.56678764  0.59261713  0.59261713  0.60587675  0.57959010  0.63312805  0.70598092  0.70598092  0.63312805  0.70598092  0.54182637  0.56678764  0.63312805  0.61937741  0.56678764  0.57959010  0.57959010  0.57959010  0.56678764  0.61937741  0.57959010  0.55420215  0.56678764  0.63312805  0.61937741  0.66141752  0.63312805  0.66141752  0.60587675  0.57959010  0.63312805  0.75338997  0.75338997  0.61937741  0.73724834  0.67597689  0.67597689  0.66141752  0.66141752  0.67597689  0.69082739  0.75338997  0.72145009  0.73724834  0.73724834  0.75338997  0.69082739  0.72145009  0.78676545  0.72145009  0.70598092  0.67597689  0.70598092  0.73724834  0.76989024  0.61937741  0.61937741  0.63312805  0.64713810  0.64713810  0.61937741  0.59261713  0.64713810  0.54182637  0.56678764  0.56678764  0.55420215  0.55420215  0.57959010  0.56678764  0.56678764  0.57959010  0.56678764  0.56678764  0.60587675  0.51767685  0.55420215  0.50589031  0.50589031  0.50589031  0.51767685  0.48286400  0.51767685  0.52965345  0.50589031  0.50589031  0.50589031  0.55420215  0.52965345  0.55420215  0.56678764  0.78676545  0.75338997  0.67597689  0.61937741  0.66141752  0.69082739  0.63312805  0.63312805  0.57959010  0.66141752  0.55420215  0.54182637  0.56678764  
40_0_0     0.43884846  0.44961021  0.42824043  0.43884846  0.51767685  0.52965345  0.67597689  0.70598092  0.70598092  0.00000000  0.02405400  0.02405400  0.23463426  0.25104548  0.22656268  0.64713810  0.66141752  0.69082739  0.67597689  0.69082739  0.66141752  0.67597689  0.64713810  0.67597689  0.64713810  0.64713810  0.64713810  0.72145009  0.73724834  0.55420215  0.55420215  0.56678764  0.59261713  0.63312805  0.57959010  0.59261713  0.57959010  0.56678764  0.59261713  0.57959010  0.66141752  0.73724834  0.69082739  0.59261713  0.60587675  0.61937741  0.63312805  0.57959010  0.57959010  0.82171168  0.87742212  0.72145009  0.67597689  0.61937741  0.61937741  0.60587675  0.48286400  0.54182637  0.51767685  0.56678764  0.59261713  0.60587675  0.63312805  0.57959010  0.59261713  0.55420215  0.60587675  0.70598092  0.66141752  0.67597689  0.67597689  0.59261713  0.66141752  0.63312805  0.60587675  0.59261713  0.69082739  0.69082739  0.91702849  0.63312805  0.73724834  0.63312805  0.64713810  0.63312805  0.64713810  0.64713810  0.60587675  0.63312805  0.63312805  0.69082739  0.61937741  0.64713810  0.63312805  0.64713810  0.63312805  0.82171168  0.73724834  0.72145009  0.49428792  0.49428792  0.50589031  0.56678764  0.55420215  0.55420215  0.56678764  0.51767685  0.52965345  0.59261713  0.56678764  0.56678764  0.50589031  0.54182637  0.54182637  0.50589031  0.54182637  0.51767685  0.51767685  0.64713810  0.61937741  0.64713810  0.57959010  0.59261713  0.59261713  0.63312805  0.67597689  0.64713810  0.66141752  0.67597689  0.64713810  0.70598092  0.47161315  0.47161315  0.48286400  0.55420215  0.69082739  0.72145009  0.78676545  0.80403303  0.76989024  0.76989024  0.66141752  0.72145009  0.85838384  0.73724834  0.80403303  0.76989024  0.80403303  
37_0_0     0.42824043  0.43884846  0.41778179  0.42824043  0.50589031  0.51767685  0.66141752  0.69082739  0.69082739  0.02405400  0.00000000  0.03637961  0.22656268  0.24279454  0.21857787  0.60587675  0.61937741  0.67597689  0.66141752  0.67597689  0.64713810  0.69082739  0.63312805  0.66141752  0.63312805  0.63312805  0.63312805  0.70598092  0.72145009  0.54182637  0.54182637  0.55420215  0.55420215  0.59261713  0.56678764  0.55420215  0.54182637  0.52965345  0.60587675  0.59261713  0.66141752  0.73724834  0.67597689  0.57959010  0.59261713  0.61937741  0.63312805  0.57959010  0.55420215  0.83982143  0.89696131  0.73724834  0.72145009  0.60587675  0.60587675  0.59261713  0.44961021  0.50589031  0.52965345  0.52965345  0.55420215  0.56678764  0.59261713  0.54182637  0.55420215  0.51767685  0.56678764  0.66141752  0.61937741  0.63312805  0.63312805  0.55420215  0.61937741  0.59261713  0.61937741  0.60587675  0.67597689  0.70598092  0.93765298  0.64713810  0.72145009  0.64713810  0.66141752  0.64713810  0.66141752  0.66141752  0.61937741  0.64713810  0.64713810  0.70598092  0.63312805  0.66141752  0.64713810  0.66141752  0.61937741  0.76989024  0.75338997  0.73724834  0.48286400  0.48286400  0.49428792  0.55420215  0.54182637  0.51767685  0.52965345  0.50589031  0.49428792  0.57959010  0.55420215  0.55420215  0.51767685  0.52965345  0.52965345  0.49428792  0.52965345  0.50589031  0.50589031  0.60587675  0.60587675  0.60587675  0.56678764  0.57959010  0.55420215  0.59261713  0.63312805  0.63312805  0.64713810  0.63312805  0.63312805  0.69082739  0.43884846  0.43884846  0.44961021  0.51767685  0.66141752  0.66141752  0.75338997  0.76989024  0.75338997  0.75338997  0.64713810  0.70598092  0.80403303  0.72145009  0.75338997  0.72145009  0.75338997  
73_0_0     0.43884846  0.44961021  0.40746839  0.43884846  0.47161315  0.48286400  0.66141752  0.69082739  0.69082739  0.02405400  0.03637961  0.00000000  0.21067800  0.22656268  0.19512598  0.64713810  0.66141752  0.69082739  0.67597689  0.69082739  0.66141752  0.67597689  0.64713810  0.64713810  0.60587675  0.60587675  0.60587675  0.70598092  0.70598092  0.52965345  0.51767685  0.52965345  0.56678764  0.59261713  0.59261713  0.60587675  0.56678764  0.51767685  0.61937741  0.59261713  0.66141752  0.73724834  0.67597689  0.59261713  0.60587675  0.61937741  0.63312805  0.59261713  0.57959010  0.82171168  0.93765298  0.76989024  0.69082739  0.61937741  0.60587675  0.59261713  0.46053020  0.51767685  0.50589031  0.52965345  0.56678764  0.56678764  0.59261713  0.55420215  0.59261713  0.55420215  0.57959010  0.66141752  0.61937741  0.63312805  0.63312805  0.55420215  0.63312805  0.60587675  0.59261713  0.57959010  0.64713810  0.66141752  0.85838384  0.61937741  0.69082739  0.59261713  0.60587675  0.59261713  0.64713810  0.64713810  0.60587675  0.63312805  0.63312805  0.69082739  0.61937741  0.64713810  0.63312805  0.61937741  0.60587675  0.76989024  0.69082739  0.70598092  0.52965345  0.52965345  0.54182637  0.60587675  0.59261713  0.56678764  0.55420215  0.51767685  0.54182637  0.60587675  0.57959010  0.57959010  0.51767685  0.55420215  0.55420215  0.51767685  0.55420215  0.52965345  0.52965345  0.63312805  0.63312805  0.66141752  0.59261713  0.60587675  0.57959010  0.61937741  0.63312805  0.63312805  0.64713810  0.66141752  0.63312805  0.69082739  0.48286400  0.48286400  0.49428792  0.56678764  0.72145009  0.72145009  0.75338997  0.76989024  0.76989024  0.76989024  0.63312805  0.69082739  0.82171168  0.73724834  0.78676545  0.75338997  0.78676545  
69_0_0     0.43884846  0.46053020  0.43884846  0.43884846  0.39729625  0.40746839  0.52965345  0.48286400  0.48286400  0.23463426  0.22656268  0.21067800  0.00000000  0.01192962  0.14312371  0.55420215  0.56678764  0.64713810  0.66141752  0.64713810  0.69082739  0.66141752  0.63312805  0.57959010  0.63312805  0.70598092  0.69082739  0.75338997  0.80403303  0.50589031  0.49428792  0.50589031  0.52965345  0.47161315  0.59261713  0.55420215  0.57959010  0.50589031  0.52965345  0.55420215  0.64713810  0.67597689  0.55420215  0.44961021  0.43884846  0.54182637  0.55420215  0.51767685  0.51767685  0.80403303  0.85838384  0.66141752  0.67597689  0.56678764  0.54182637  0.55420215  0.46053020  0.47161315  0.51767685  0.50589031  0.47161315  0.52965345  0.52965345  0.43884846  0.51767685  0.48286400  0.48286400  0.61937741  0.57959010  0.56678764  0.64713810  0.55420215  0.50589031  0.55420215  0.70598092  0.70598092  0.69082739  0.75338997  0.73724834  0.66141752  0.60587675  0.64713810  0.66141752  0.66141752  0.70598092  0.67597689  0.69082739  0.69082739  0.69082739  0.72145009  0.69082739  0.73724834  0.69082739  0.66141752  0.64713810  0.66141752  0.76989024  0.85838384  0.52965345  0.52965345  0.54182637  0.51767685  0.52965345  0.54182637  0.51767685  0.49428792  0.51767685  0.56678764  0.55420215  0.52965345  0.49428792  0.50589031  0.49428792  0.51767685  0.52965345  0.50589031  0.50589031  0.52965345  0.56678764  0.56678764  0.55420215  0.56678764  0.52965345  0.54182637  0.56678764  0.60587675  0.61937741  0.60587675  0.63312805  0.64713810  0.46053020  0.48286400  0.50589031  0.55420215  0.76989024  0.73724834  0.78676545  0.72145009  0.66141752  0.69082739  0.55420215  0.52965345  0.75338997  0.73724834  0.70598092  0.69082739  0.73724834  
25_0_0     0.42824043  0.44961021  0.42824043  0.42824043  0.38726156  0.39729625  0.54182637  0.49428792  0.49428792  0.25104548  0.24279454  0.22656268  0.01192962  0.00000000  0.15761370  0.56678764  0.57959010  0.66141752  0.67597689  0.66141752  0.67597689  0.67597689  0.64713810  0.59261713  0.64713810  0.72145009  0.70598092  0.76989024  0.82171168  0.51767685  0.50589031  0.51767685  0.54182637  0.48286400  0.60587675  0.56678764  0.59261713  0.51767685  0.54182637  0.56678764  0.66141752  0.69082739  0.56678764  0.46053020  0.44961021  0.55420215  0.56678764  0.52965345  0.52965345  0.76989024  0.82171168  0.63312805  0.66141752  0.57959010  0.55420215  0.56678764  0.47161315  0.48286400  0.52965345  0.51767685  0.48286400  0.54182637  0.54182637  0.44961021  0.52965345  0.49428792  0.49428792  0.60587675  0.56678764  0.55420215  0.63312805  0.56678764  0.51767685  0.56678764  0.69082739  0.69082739  0.70598092  0.76989024  0.72145009  0.67597689  0.61937741  0.66141752  0.67597689  0.67597689  0.72145009  0.69082739  0.70598092  0.70598092  0.70598092  0.73724834  0.70598092  0.75338997  0.70598092  0.67597689  0.66141752  0.64713810  0.75338997  0.83982143  0.54182637  0.54182637  0.55420215  0.52965345  0.54182637  0.55420215  0.52965345  0.48286400  0.52965345  0.55420215  0.56678764  0.51767685  0.48286400  0.49428792  0.48286400  0.52965345  0.51767685  0.51767685  0.51767685  0.54182637  0.57959010  0.55420215  0.56678764  0.57959010  0.54182637  0.55420215  0.57959010  0.60587675  0.61937741  0.60587675  0.63312805  0.64713810  0.44961021  0.47161315  0.49428792  0.54182637  0.75338997  0.72145009  0.80403303  0.73724834  0.64713810  0.67597689  0.56678764  0.54182637  0.73724834  0.72145009  0.69082739  0.70598092  0.72145009  
31_0_0     0.39729625  0.42824043  0.40746839  0.39729625  0.40746839  0.39729625  0.55420215  0.55420215  0.55420215  0.22656268  0.21857787  0.19512598  0.14312371  0.15761370  0.00000000  0.55420215  0.54182637  0.59261713  0.63312805  0.64713810  0.64713810  0.63312805  0.60587675  0.57959010  0.52965345  0.57959010  0.55420215  0.56678764  0.61937741  0.46053020  0.46053020  0.47161315  0.49428792  0.49428792  0.59261713  0.48286400  0.51767685  0.44961021  0.59261713  0.51767685  0.63312805  0.60587675  0.52965345  0.46053020  0.47161315  0.51767685  0.52965345  0.52965345  0.49428792  0.78676545  0.78676545  0.69082739  0.69082739  0.51767685  0.59261713  0.56678764  0.46053020  0.48286400  0.44961021  0.50589031  0.51767685  0.49428792  0.52965345  0.46053020  0.51767685  0.44961021  0.47161315  0.54182637  0.50589031  0.54182637  0.63312805  0.54182637  0.46053020  0.51767685  0.64713810  0.64713810  0.70598092  0.66141752  0.80403303  0.57959010  0.57959010  0.61937741  0.60587675  0.60587675  0.73724834  0.75338997  0.73724834  0.73724834  0.73724834  0.75338997  0.72145009  0.78676545  0.70598092  0.70598092  0.69082739  0.76989024  0.75338997  0.72145009  0.54182637  0.54182637  0.55420215  0.51767685  0.55420215  0.56678764  0.52965345  0.56678764  0.48286400  0.55420215  0.51767685  0.50589031  0.47161315  0.48286400  0.47161315  0.47161315  0.50589031  0.54182637  0.54182637  0.52965345  0.63312805  0.67597689  0.63312805  0.64713810  0.61937741  0.63312805  0.61937741  0.55420215  0.56678764  0.57959010  0.55420215  0.57959010  0.41778179  0.42824043  0.44961021  0.50589031  0.69082739  0.63312805  0.67597689  0.64713810  0.63312805  0.63312805  0.55420215  0.54182637  0.69082739  0.70598092  0.73724834  0.72145009  0.70598092  
44_13_0    0.55420215  0.56678764  0.55420215  0.52965345  0.51767685  0.50589031  0.56678764  0.59261713  0.59261713  0.64713810  0.60587675  0.64713810  0.55420215  0.56678764  0.55420215  0.00000000  0.01192962  0.13598337  0.12891103  0.13598337  0.17239203  0.21857787  0.14312371  0.24279454  0.41778179  0.41778179  0.40746839  0.43884846  0.49428792  0.37736064  0.33902639  0.34842605  0.33902639  0.32057661  0.39729625  0.37736064  0.32974421  0.27636297  0.29373386  0.33902639  0.38726156  0.44961021  0.39729625  0.32974421  0.33902639  0.43884846  0.44961021  0.41778179  0.50589031  0.60587675  0.61937741  0.54182637  0.55420215  0.38726156  0.43884846  0.41778179  0.32974421  0.36758999  0.40746839  0.35794621  0.32974421  0.32974421  0.31152080  0.34842605  0.34842605  0.31152080  0.30257408  0.38726156  0.33902639  0.35794621  0.41778179  0.32974421  0.33902639  0.38726156  0.59261713  0.59261713  0.50589031  0.60587675  0.60587675  0.56678764  0.52965345  0.54182637  0.52965345  0.54182637  0.59261713  0.61937741  0.60587675  0.60587675  0.61937741  0.60587675  0.63312805  0.64713810  0.59261713  0.60587675  0.57959010  0.61937741  0.67597689  0.64713810  0.42824043  0.42824043  0.41778179  0.42824043  0.42824043  0.41778179  0.46053020  0.43884846  0.33902639  0.35794621  0.35794621  0.48286400  0.47161315  0.47161315  0.48286400  0.46053020  0.48286400  0.33902639  0.33902639  0.51767685  0.43884846  0.46053020  0.44961021  0.43884846  0.38726156  0.38726156  0.40746839  0.41778179  0.42824043  0.43884846  0.38726156  0.37736064  0.35794621  0.39729625  0.39729625  0.41778179  0.70598092  0.66141752  0.61937741  0.59261713  0.66141752  0.60587675  0.57959010  0.57959010  0.59261713  0.55420215  0.56678764  0.55420215  0.55420215  
44_5_0     0.56678764  0.56678764  0.56678764  0.54182637  0.52965345  0.49428792  0.55420215  0.57959010  0.57959010  0.66141752  0.61937741  0.66141752  0.56678764  0.57959010  0.54182637  0.01192962  0.00000000  0.12190540  0.12891103  0.13598337  0.17239203  0.21857787  0.12891103  0.22656268  0.40746839  0.42824043  0.41778179  0.42824043  0.48286400  0.37736064  0.34842605  0.35794621  0.34842605  0.32974421  0.38726156  0.36758999  0.33902639  0.28499763  0.30257408  0.32974421  0.39729625  0.43884846  0.38726156  0.32057661  0.34842605  0.43884846  0.44961021  0.41778179  0.50589031  0.61937741  0.60587675  0.55420215  0.56678764  0.37736064  0.44961021  0.42824043  0.33902639  0.37736064  0.39729625  0.36758999  0.33902639  0.32057661  0.32057661  0.33902639  0.35794621  0.32057661  0.30257408  0.38726156  0.33902639  0.35794621  0.41778179  0.32974421  0.32974421  0.37736064  0.60587675  0.60587675  0.49428792  0.59261713  0.57959010  0.55420215  0.51767685  0.55420215  0.54182637  0.55420215  0.60587675  0.63312805  0.61937741  0.61937741  0.63312805  0.61937741  0.64713810  0.66141752  0.60587675  0.61937741  0.59261713  0.63312805  0.66141752  0.63312805  0.41778179  0.41778179  0.40746839  0.41778179  0.43884846  0.42824043  0.47161315  0.44961021  0.32974421  0.34842605  0.34842605  0.47161315  0.46053020  0.46053020  0.47161315  0.44961021  0.47161315  0.34842605  0.34842605  0.50589031  0.42824043  0.47161315  0.43884846  0.42824043  0.39729625  0.39729625  0.39729625  0.40746839  0.41778179  0.42824043  0.37736064  0.36758999  0.36758999  0.38726156  0.38726156  0.41778179  0.70598092  0.66141752  0.60587675  0.57959010  0.64713810  0.59261713  0.59261713  0.59261713  0.57959010  0.55420215  0.57959010  0.56678764  0.56678764  
93_5_0     0.56678764  0.59261713  0.59261713  0.59261713  0.52965345  0.49428792  0.55420215  0.59261713  0.59261713  0.69082739  0.67597689  0.69082739  0.64713810  0.66141752  0.59261713  0.13598337  0.12190540  0.00000000  0.04261998  0.06166201  0.09452561  0.19512598  0.08120516  0.17239203  0.40746839  0.44961021  0.43884846  0.49428792  0.46053020  0.33902639  0.34842605  0.35794621  0.39729625  0.42824043  0.39729625  0.40746839  0.40746839  0.36758999  0.36758999  0.36758999  0.48286400  0.50589031  0.48286400  0.36758999  0.39729625  0.49428792  0.50589031  0.46053020  0.54182637  0.63312805  0.64713810  0.59261713  0.60587675  0.40746839  0.50589031  0.50589031  0.39729625  0.43884846  0.36758999  0.40746839  0.37736064  0.37736064  0.36758999  0.35794621  0.38726156  0.33902639  0.37736064  0.44961021  0.39729625  0.39729625  0.49428792  0.42824043  0.37736064  0.41778179  0.57959010  0.57959010  0.57959010  0.60587675  0.60587675  0.55420215  0.52965345  0.57959010  0.55420215  0.56678764  0.60587675  0.60587675  0.57959010  0.57959010  0.60587675  0.57959010  0.61937741  0.61937741  0.60587675  0.61937741  0.64713810  0.64713810  0.60587675  0.66141752  0.44961021  0.44961021  0.43884846  0.47161315  0.49428792  0.43884846  0.56678764  0.49428792  0.38726156  0.37736064  0.37736064  0.48286400  0.46053020  0.47161315  0.48286400  0.46053020  0.49428792  0.41778179  0.41778179  0.59261713  0.47161315  0.50589031  0.43884846  0.44961021  0.48286400  0.48286400  0.50589031  0.43884846  0.44961021  0.51767685  0.43884846  0.44961021  0.43884846  0.43884846  0.47161315  0.43884846  0.69082739  0.70598092  0.67597689  0.60587675  0.63312805  0.56678764  0.59261713  0.60587675  0.61937741  0.56678764  0.61937741  0.60587675  0.60587675  
76_5_0     0.55420215  0.56678764  0.56678764  0.57959010  0.49428792  0.48286400  0.56678764  0.63312805  0.63312805  0.67597689  0.66141752  0.67597689  0.66141752  0.67597689  0.63312805  0.12891103  0.12891103  0.04261998  0.00000000  0.03019124  0.06166201  0.18747041  0.09452561  0.16496610  0.38726156  0.40746839  0.39729625  0.49428792  0.46053020  0.32974421  0.34842605  0.35794621  0.39729625  0.42824043  0.43884846  0.44961021  0.40746839  0.34842605  0.35794621  0.35794621  0.44961021  0.52965345  0.49428792  0.37736064  0.38726156  0.47161315  0.48286400  0.44961021  0.50589031  0.64713810  0.61937741  0.60587675  0.59261713  0.39729625  0.47161315  0.44961021  0.34842605  0.40746839  0.35794621  0.35794621  0.32974421  0.34842605  0.35794621  0.32974421  0.38726156  0.33902639  0.35794621  0.42824043  0.37736064  0.37736064  0.48286400  0.42824043  0.35794621  0.37736064  0.51767685  0.51767685  0.55420215  0.54182637  0.57959010  0.54182637  0.56678764  0.51767685  0.49428792  0.50589031  0.54182637  0.54182637  0.51767685  0.51767685  0.54182637  0.51767685  0.55420215  0.55420215  0.54182637  0.55420215  0.57959010  0.57959010  0.56678764  0.64713810  0.48286400  0.48286400  0.44961021  0.50589031  0.50589031  0.44961021  0.57959010  0.46053020  0.39729625  0.38726156  0.38726156  0.49428792  0.47161315  0.48286400  0.49428792  0.47161315  0.50589031  0.38726156  0.38726156  0.56678764  0.49428792  0.50589031  0.46053020  0.47161315  0.46053020  0.43884846  0.48286400  0.43884846  0.44961021  0.49428792  0.41778179  0.42824043  0.42824043  0.44961021  0.48286400  0.43884846  0.73724834  0.75338997  0.69082739  0.61937741  0.61937741  0.55420215  0.59261713  0.59261713  0.60587675  0.57959010  0.63312805  0.61937741  0.61937741  
55_5_0     0.56678764  0.57959010  0.57959010  0.59261713  0.50589031  0.49428792  0.56678764  0.63312805  0.63312805  0.69082739  0.67597689  0.69082739  0.64713810  0.66141752  0.64713810  0.13598337  0.13598337  0.06166201  0.03019124  0.00000000  0.06811942  0.21067800  0.10127651  0.17239203  0.39729625  0.41778179  0.40746839  0.50589031  0.47161315  0.34842605  0.36758999  0.37736064  0.42824043  0.43884846  0.44961021  0.48286400  0.41778179  0.35794621  0.36758999  0.38726156  0.46053020  0.54182637  0.46053020  0.38726156  0.39729625  0.43884846  0.44961021  0.43884846  0.49428792  0.66141752  0.63312805  0.59261713  0.57959010  0.41778179  0.49428792  0.47161315  0.36758999  0.42824043  0.35794621  0.37736064  0.34842605  0.36758999  0.37736064  0.34842605  0.39729625  0.36758999  0.37736064  0.40746839  0.35794621  0.35794621  0.48286400  0.42824043  0.38726156  0.40746839  0.49428792  0.49428792  0.55420215  0.55420215  0.52965345  0.51767685  0.54182637  0.49428792  0.47161315  0.48286400  0.49428792  0.49428792  0.47161315  0.47161315  0.49428792  0.47161315  0.50589031  0.50589031  0.49428792  0.50589031  0.52965345  0.54182637  0.54182637  0.61937741  0.50589031  0.50589031  0.47161315  0.50589031  0.50589031  0.47161315  0.59261713  0.48286400  0.41778179  0.40746839  0.40746839  0.51767685  0.49428792  0.50589031  0.51767685  0.49428792  0.52965345  0.40746839  0.40746839  0.59261713  0.50589031  0.49428792  0.47161315  0.48286400  0.47161315  0.44961021  0.49428792  0.48286400  0.49428792  0.54182637  0.46053020  0.47161315  0.44961021  0.47161315  0.48286400  0.46053020  0.75338997  0.76989024  0.69082739  0.61937741  0.61937741  0.55420215  0.57959010  0.59261713  0.60587675  0.57959010  0.63312805  0.61937741  0.61937741  
70_5_0     0.57959010  0.59261713  0.59261713  0.60587675  0.57959010  0.56678764  0.57959010  0.64713810  0.64713810  0.66141752  0.64713810  0.66141752  0.69082739  0.67597689  0.64713810  0.17239203  0.17239203  0.09452561  0.06166201  0.06811942  0.00000000  0.25104548  0.15033336  0.17239203  0.39729625  0.37736064  0.38726156  0.46053020  0.47161315  0.35794621  0.37736064  0.38726156  0.40746839  0.41778179  0.47161315  0.46053020  0.41778179  0.35794621  0.40746839  0.38726156  0.48286400  0.56678764  0.49428792  0.40746839  0.41778179  0.49428792  0.50589031  0.47161315  0.50589031  0.64713810  0.70598092  0.57959010  0.56678764  0.44961021  0.52965345  0.46053020  0.35794621  0.41778179  0.34842605  0.38726156  0.35794621  0.35794621  0.37736064  0.35794621  0.41778179  0.38726156  0.36758999  0.37736064  0.34842605  0.34842605  0.44961021  0.48286400  0.35794621  0.39729625  0.46053020  0.46053020  0.54182637  0.52965345  0.54182637  0.52965345  0.56678764  0.50589031  0.48286400  0.49428792  0.52965345  0.52965345  0.50589031  0.50589031  0.52965345  0.50589031  0.54182637  0.54182637  0.50589031  0.51767685  0.54182637  0.55420215  0.52965345  0.56678764  0.50589031  0.50589031  0.49428792  0.55420215  0.55420215  0.49428792  0.61937741  0.46053020  0.43884846  0.40746839  0.42824043  0.51767685  0.49428792  0.50589031  0.51767685  0.51767685  0.52965345  0.39729625  0.39729625  0.57959010  0.50589031  0.49428792  0.49428792  0.50589031  0.50589031  0.46053020  0.52965345  0.49428792  0.50589031  0.52965345  0.48286400  0.47161315  0.43884846  0.44961021  0.47161315  0.42824043  0.70598092  0.72145009  0.69082739  0.64713810  0.57959010  0.51767685  0.55420215  0.59261713  0.59261713  0.54182637  0.57959010  0.59261713  0.56678764  
78_5_0     0.51767685  0.51767685  0.50589031  0.54182637  0.50589031  0.49428792  0.52965345  0.55420215  0.55420215  0.67597689  0.69082739  0.67597689  0.66141752  0.67597689  0.63312805  0.21857787  0.21857787  0.19512598  0.18747041  0.21067800  0.25104548  0.00000000  0.17989295  0.26782755  0.40746839  0.51767685  0.48286400  0.49428792  0.47161315  0.39729625  0.40746839  0.39729625  0.36758999  0.44961021  0.48286400  0.50589031  0.49428792  0.42824043  0.43884846  0.40746839  0.54182637  0.55420215  0.52965345  0.42824043  0.46053020  0.51767685  0.54182637  0.49428792  0.59261713  0.56678764  0.56678764  0.52965345  0.50589031  0.43884846  0.49428792  0.48286400  0.49428792  0.51767685  0.43884846  0.47161315  0.47161315  0.47161315  0.50589031  0.47161315  0.43884846  0.43884846  0.39729625  0.46053020  0.43884846  0.46053020  0.50589031  0.41778179  0.43884846  0.47161315  0.52965345  0.52965345  0.49428792  0.59261713  0.64713810  0.57959010  0.54182637  0.55420215  0.54182637  0.52965345  0.52965345  0.52965345  0.52965345  0.52965345  0.55420215  0.56678764  0.56678764  0.57959010  0.55420215  0.56678764  0.55420215  0.61937741  0.59261713  0.59261713  0.44961021  0.44961021  0.49428792  0.50589031  0.52965345  0.49428792  0.57959010  0.51767685  0.43884846  0.41778179  0.41778179  0.47161315  0.43884846  0.48286400  0.47161315  0.48286400  0.49428792  0.46053020  0.46053020  0.57959010  0.49428792  0.52965345  0.48286400  0.49428792  0.52965345  0.55420215  0.52965345  0.43884846  0.44961021  0.47161315  0.43884846  0.42824043  0.42824043  0.40746839  0.50589031  0.44961021  0.78676545  0.76989024  0.66141752  0.61937741  0.64713810  0.60587675  0.56678764  0.60587675  0.55420215  0.59261713  0.59261713  0.57959010  0.60587675  
