19
16_0_0     0.00000000  0.17654900  0.09756180  0.10740066  0.10082697  0.15512061  0.15512061  0.15512061  0.14811297  0.30261051  0.31560334  0.30691626  0.36063069  0.24481161  0.25279840  0.27314924  0.28144823  0.28563275  0.21751505  
20_1_0     0.17654900  0.00000000  0.08785151  0.11737154  0.11070944  0.15512061  0.16219497  0.17654900  0.15512061  0.33328823  0.31998526  0.31998526  0.33328823  0.28144823  0.27314924  0.28563275  0.28563275  0.30261051  0.23299009  
20_0_0     0.09756180  0.08785151  0.00000000  0.05023160  0.04414270  0.11737154  0.12409391  0.14463377  0.13087764  0.31998526  0.31124711  0.31124711  0.32882740  0.26494190  0.25682423  0.26087198  0.25279840  0.30261051  0.20989673  
13_0_0     0.10740066  0.11737154  0.05023160  0.00000000  0.01151737  0.12409391  0.13087764  0.12409391  0.11737154  0.31124711  0.32882740  0.32882740  0.32439318  0.27314924  0.27314924  0.27728715  0.26903424  0.31998526  0.20611665  
19_0_0     0.10082697  0.11070944  0.04414270  0.01151737  0.00000000  0.11737154  0.12409391  0.12409391  0.11070944  0.30261051  0.31124711  0.31124711  0.32882740  0.26903424  0.26903424  0.28144823  0.27314924  0.30691626  0.19861371  
17_0_0     0.15512061  0.15512061  0.11737154  0.12409391  0.11737154  0.00000000  0.00573637  0.05945954  0.04718091  0.31998526  0.32439318  0.31560334  0.32882740  0.27314924  0.27314924  0.27314924  0.26494190  0.29407314  0.22909101  
15_0_0     0.15512061  0.16219497  0.12409391  0.13087764  0.12409391  0.00573637  0.00000000  0.06567578  0.05329486  0.31124711  0.32439318  0.31560334  0.32882740  0.26494190  0.26494190  0.27314924  0.26494190  0.28984096  0.22909101  
18_0_0     0.15512061  0.17654900  0.14463377  0.12409391  0.12409391  0.05945954  0.06567578  0.00000000  0.04718091  0.29832957  0.34229106  0.33328823  0.32882740  0.28144823  0.28144823  0.27728715  0.27728715  0.29407314  0.20989673  
14_0_0     0.14811297  0.15512061  0.13087764  0.11737154  0.11070944  0.04718091  0.05329486  0.04718091  0.00000000  0.28563275  0.31560334  0.30691626  0.31998526  0.26494190  0.27314924  0.26903424  0.26087198  0.28984096  0.22521229  
9_0_0      0.30261051  0.33328823  0.31998526  0.31124711  0.30261051  0.31998526  0.31124711  0.29832957  0.28563275  0.00000000  0.11737154  0.10740066  0.28144823  0.20611665  0.20235571  0.21751505  0.23299009  0.26087198  0.15864937  
6_0_0      0.31560334  0.31998526  0.31124711  0.32882740  0.31124711  0.32439318  0.32439318  0.34229106  0.31560334  0.11737154  0.00000000  0.00862125  0.34229106  0.21369612  0.20989673  0.24085017  0.24085017  0.26494190  0.21369612  
3_0_0      0.30691626  0.31998526  0.31124711  0.32882740  0.31124711  0.31560334  0.31560334  0.33328823  0.30691626  0.10740066  0.00862125  0.00000000  0.33328823  0.21369612  0.20989673  0.24085017  0.24085017  0.25682423  0.21369612  
5_0_0      0.36063069  0.33328823  0.32882740  0.32439318  0.32882740  0.32882740  0.32882740  0.32882740  0.31998526  0.28144823  0.34229106  0.33328823  0.00000000  0.20611665  0.20611665  0.20235571  0.19489046  0.32439318  0.26087198  
12_0_0     0.24481161  0.28144823  0.26494190  0.27314924  0.26903424  0.27314924  0.26494190  0.28144823  0.26494190  0.20611665  0.21369612  0.21369612  0.20611665  0.00000000  0.01151737  0.06256116  0.06880351  0.24879427  0.20989673  
2_0_0      0.25279840  0.27314924  0.25682423  0.27314924  0.26903424  0.27314924  0.26494190  0.28144823  0.27314924  0.20235571  0.20989673  0.20989673  0.20611665  0.01151737  0.00000000  0.05637081  0.06256116  0.23690974  0.20235571  
4_0_0      0.27314924  0.28563275  0.26087198  0.27728715  0.28144823  0.27314924  0.27314924  0.27728715  0.26903424  0.21751505  0.24085017  0.24085017  0.20235571  0.06256116  0.05637081  0.00000000  0.01151737  0.21751505  0.19861371  
11_0_0     0.28144823  0.28563275  0.25279840  0.26903424  0.27314924  0.26494190  0.26494190  0.27728715  0.26087198  0.23299009  0.24085017  0.24085017  0.19489046  0.06880351  0.06256116  0.01151737  0.00000000  0.22909101  0.20611665  
10_0_0     0.28563275  0.30261051  0.30261051  0.31998526  0.30691626  0.29407314  0.28984096  0.29407314  0.28984096  0.26087198  0.26494190  0.25682423  0.32439318  0.24879427  0.23690974  0.21751505  0.22909101  0.00000000  0.23299009  
7_0_0      0.21751505  0.23299009  0.20989673  0.20611665  0.19861371  0.22909101  0.22909101  0.20989673  0.22521229  0.15864937  0.21369612  0.21369612  0.26087198  0.20989673  0.20235571  0.19861371  0.20611665  0.23299009  0.00000000  

