199
33_0_0     0.00000000  0.22446644  0.23058738  0.23058738  0.22446644  0.17723589  0.24298287  0.20640085  0.32903248  0.37986249  0.33608418  0.38741675  0.40275997  0.44256629  0.43443235  0.41055223  0.32903248  0.35039186  0.36498087  0.22446644  0.21839557  0.21839557  0.26197323  0.21237398  0.23058738  0.19459695  0.18876468  0.18876468  0.17153798  0.17723589  0.18876468  0.20640085  0.17723589  0.17153798  0.21839557  0.20047543  0.20047543  0.14917407  0.14917407  0.18876468  0.20640085  0.20047543  0.18297789  0.18297789  0.21237398  0.22446644  0.31512701  0.30827079  0.27490898  0.27490898  0.30147735  0.22446644  0.28146242  0.29474554  0.32204717  0.28146242  0.28146242  0.26197323  0.28807426  0.29474554  0.31512701  0.28807426  0.30147735  0.28146242  0.28807426  0.32204717  0.34320353  0.31512701  0.36498087  0.32903248  0.32204717  0.31512701  0.32903248  0.39504870  0.29474554  0.29474554  0.28146242  0.27490898  0.30147735  0.23058738  0.22446644  0.23058738  0.24925914  0.24925914  0.25558896  0.24298287  0.37986249  0.37238438  0.30827079  0.31512701  0.37986249  0.48462979  0.43443235  0.45910666  0.46751719  0.41842718  0.41842718  0.23675924  0.26841292  0.25558896  0.24925914  0.24925914  0.25558896  0.24925914  0.24925914  0.30827079  0.28807426  0.28807426  0.27490898  0.28146242  0.26841292  0.28807426  0.28146242  0.28146242  0.27490898  0.26197323  0.32204717  0.33608418  0.33608418  0.28146242  0.27490898  0.26841292  0.28807426  0.27490898  0.25558896  0.26197323  0.26841292  0.28146242  0.28146242  0.30827079  0.30147735  0.29474554  0.29474554  0.29474554  0.29474554  0.28807426  0.28146242  0.26841292  0.29474554  0.23675924  0.26197323  0.26197323  0.25558896  0.26197323  0.24298287  0.23675924  0.23675924  0.23675924  0.23058738  0.22446644  0.26841292  0.26841292  0.26841292  0.28807426  0.29474554  0.30827079  0.27490898  0.24925914  0.24925914  0.37986249  0.37986249  0.34320353  0.30147735  0.36498087  0.26841292  0.27490898  0.28146242  0.35039186  0.28146242  0.27490898  0.27490898  0.25558896  0.28807426  0.28807426  0.37238438  0.33608418  0.35039186  0.36498087  0.24925914  0.24925914  0.28807426  0.28146242  0.28807426  0.28807426  0.28146242  0.23675924  0.23675924  0.24925914  0.16027177  0.16588349  0.16027177  0.18876468  0.18876468  0.18876468  0.20047543  0.20047543  0.18876468  0.18297789  0.17153798  
47_0_0     0.22446644  0.00000000  0.08082288  0.08082288  0.09093727  0.15470217  0.15470217  0.11684340  0.24298287  0.46751719  0.39504870  0.40275997  0.41842718  0.46751719  0.45910666  0.43443235  0.37238438  0.52922191  0.49333639  0.35039186  0.35765051  0.33608418  0.35765051  0.31512701  0.36498087  0.28146242  0.28807426  0.28807426  0.29474554  0.29474554  0.30827079  0.27490898  0.29474554  0.26841292  0.32204717  0.29474554  0.28146242  0.23675924  0.23675924  0.27490898  0.28146242  0.28146242  0.27490898  0.27490898  0.40275997  0.37986249  0.43443235  0.43443235  0.41055223  0.37986249  0.38741675  0.40275997  0.41842718  0.36498087  0.39504870  0.43443235  0.41842718  0.38741675  0.43443235  0.43443235  0.41842718  0.41842718  0.41842718  0.39504870  0.38741675  0.36498087  0.40275997  0.37986249  0.41055223  0.38741675  0.39504870  0.41055223  0.41842718  0.43443235  0.43443235  0.43443235  0.45910666  0.42638661  0.44256629  0.35765051  0.35039186  0.34320353  0.37238438  0.37238438  0.32903248  0.32204717  0.45079038  0.45910666  0.41842718  0.40275997  0.49333639  0.52008652  0.49333639  0.60666080  0.59652729  0.56693157  0.56693157  0.34320353  0.37986249  0.36498087  0.35765051  0.32903248  0.35039186  0.34320353  0.37986249  0.46751719  0.42638661  0.42638661  0.41055223  0.40275997  0.40275997  0.41055223  0.41842718  0.41842718  0.41842718  0.31512701  0.44256629  0.44256629  0.41055223  0.32903248  0.32204717  0.31512701  0.32204717  0.32903248  0.35039186  0.35765051  0.31512701  0.33608418  0.35039186  0.34320353  0.32204717  0.35039186  0.33608418  0.35765051  0.36498087  0.35765051  0.34320353  0.34320353  0.35039186  0.33608418  0.33608418  0.33608418  0.32903248  0.35039186  0.37238438  0.34320353  0.35039186  0.35039186  0.34320353  0.33608418  0.39504870  0.39504870  0.39504870  0.38741675  0.37986249  0.39504870  0.40275997  0.33608418  0.33608418  0.39504870  0.39504870  0.36498087  0.32903248  0.35765051  0.37986249  0.38741675  0.39504870  0.43443235  0.36498087  0.35765051  0.36498087  0.31512701  0.36498087  0.36498087  0.42638661  0.43443235  0.40275997  0.41842718  0.34320353  0.34320353  0.31512701  0.34320353  0.32204717  0.32204717  0.31512701  0.34320353  0.35765051  0.35765051  0.29474554  0.31512701  0.32204717  0.30827079  0.36498087  0.36498087  0.32903248  0.32903248  0.32204717  0.31512701  0.32204717  
59_0_0     0.23058738  0.08082288  0.00000000  0.00000000  0.01824039  0.17153798  0.17723589  0.10119144  0.21839557  0.43443235  0.36498087  0.39504870  0.42638661  0.42638661  0.43443235  0.42638661  0.35765051  0.45079038  0.43443235  0.37238438  0.38741675  0.33608418  0.38741675  0.32903248  0.36498087  0.30827079  0.31512701  0.31512701  0.32204717  0.33608418  0.33608418  0.31512701  0.32204717  0.29474554  0.35039186  0.32204717  0.31512701  0.26197323  0.26197323  0.28807426  0.29474554  0.28146242  0.34320353  0.34320353  0.37986249  0.36498087  0.41842718  0.40275997  0.37238438  0.34320353  0.34320353  0.44256629  0.37238438  0.36498087  0.39504870  0.40275997  0.38741675  0.35765051  0.40275997  0.43443235  0.40275997  0.38741675  0.41842718  0.41055223  0.39504870  0.32903248  0.35765051  0.34320353  0.37238438  0.35039186  0.36498087  0.39504870  0.38741675  0.38741675  0.41842718  0.41842718  0.42638661  0.39504870  0.39504870  0.35039186  0.34320353  0.33608418  0.35039186  0.35039186  0.33608418  0.32903248  0.44256629  0.43443235  0.37986249  0.42638661  0.45079038  0.46751719  0.45079038  0.54783721  0.53847118  0.54783721  0.54783721  0.32204717  0.38741675  0.37238438  0.40275997  0.36498087  0.38741675  0.37986249  0.37238438  0.41842718  0.37986249  0.37986249  0.36498087  0.35765051  0.35765051  0.36498087  0.37238438  0.37238438  0.37238438  0.30827079  0.41842718  0.41842718  0.42638661  0.32903248  0.33608418  0.32903248  0.33608418  0.32204717  0.34320353  0.35039186  0.29474554  0.32903248  0.34320353  0.35765051  0.33608418  0.33608418  0.32204717  0.36498087  0.34320353  0.33608418  0.32204717  0.32204717  0.32204717  0.32903248  0.38741675  0.38741675  0.37986249  0.35039186  0.36498087  0.35039186  0.35765051  0.31512701  0.30827079  0.30147735  0.39504870  0.39504870  0.39504870  0.37238438  0.39504870  0.37238438  0.32204717  0.32903248  0.32903248  0.35039186  0.35039186  0.31512701  0.34320353  0.37238438  0.40275997  0.41055223  0.41842718  0.45910666  0.39504870  0.38741675  0.37986249  0.36498087  0.40275997  0.40275997  0.47602416  0.45079038  0.46751719  0.48462979  0.36498087  0.36498087  0.30827079  0.30827079  0.32903248  0.32903248  0.32204717  0.36498087  0.37986249  0.36498087  0.27490898  0.29474554  0.31512701  0.30147735  0.32903248  0.32903248  0.32204717  0.32204717  0.30147735  0.29474554  0.30147735  
34_0_0     0.23058738  0.08082288  0.00000000  0.00000000  0.01824039  0.17153798  0.17723589  0.10119144  0.21839557  0.43443235  0.36498087  0.39504870  0.42638661  0.42638661  0.43443235  0.42638661  0.35765051  0.45079038  0.43443235  0.37238438  0.38741675  0.33608418  0.38741675  0.32903248  0.36498087  0.30827079  0.31512701  0.31512701  0.32204717  0.33608418  0.33608418  0.31512701  0.32204717  0.29474554  0.35039186  0.32204717  0.31512701  0.26197323  0.26197323  0.28807426  0.29474554  0.28146242  0.34320353  0.34320353  0.37986249  0.36498087  0.41842718  0.40275997  0.37238438  0.34320353  0.34320353  0.44256629  0.37238438  0.36498087  0.39504870  0.40275997  0.38741675  0.35765051  0.40275997  0.43443235  0.40275997  0.38741675  0.41842718  0.41055223  0.39504870  0.32903248  0.35765051  0.34320353  0.37238438  0.35039186  0.36498087  0.39504870  0.38741675  0.38741675  0.41842718  0.41842718  0.42638661  0.39504870  0.39504870  0.35039186  0.34320353  0.33608418  0.35039186  0.35039186  0.33608418  0.32903248  0.44256629  0.43443235  0.37986249  0.42638661  0.45079038  0.46751719  0.45079038  0.54783721  0.53847118  0.54783721  0.54783721  0.32204717  0.38741675  0.37238438  0.40275997  0.36498087  0.38741675  0.37986249  0.37238438  0.41842718  0.37986249  0.37986249  0.36498087  0.35765051  0.35765051  0.36498087  0.37238438  0.37238438  0.37238438  0.30827079  0.41842718  0.41842718  0.42638661  0.32903248  0.33608418  0.32903248  0.33608418  0.32204717  0.34320353  0.35039186  0.29474554  0.32903248  0.34320353  0.35765051  0.33608418  0.33608418  0.32204717  0.36498087  0.34320353  0.33608418  0.32204717  0.32204717  0.32204717  0.32903248  0.38741675  0.38741675  0.37986249  0.35039186  0.36498087  0.35039186  0.35765051  0.31512701  0.30827079  0.30147735  0.39504870  0.39504870  0.39504870  0.37238438  0.39504870  0.37238438  0.32204717  0.32903248  0.32903248  0.35039186  0.35039186  0.31512701  0.34320353  0.37238438  0.40275997  0.41055223  0.41842718  0.45910666  0.39504870  0.38741675  0.37986249  0.36498087  0.40275997  0.40275997  0.47602416  0.45079038  0.46751719  0.48462979  0.36498087  0.36498087  0.30827079  0.30827079  0.32903248  0.32903248  0.32204717  0.36498087  0.37986249  0.36498087  0.27490898  0.29474554  0.31512701  0.30147735  0.32903248  0.32903248  0.32204717  0.32204717  0.30147735  0.29474554  0.30147735  
89_0_0     0.22446644  0.09093727  0.01824039  0.01824039  0.00000000  0.16027177  0.16588349  0.10119144  0.20640085  0.41055223  0.37238438  0.40275997  0.41842718  0.43443235  0.44256629  0.41842718  0.36498087  0.42638661  0.42638661  0.37986249  0.39504870  0.34320353  0.39504870  0.33608418  0.37238438  0.30147735  0.30827079  0.30827079  0.31512701  0.32903248  0.32903248  0.30827079  0.30827079  0.28146242  0.33608418  0.32204717  0.30827079  0.26841292  0.26841292  0.29474554  0.30147735  0.28807426  0.33608418  0.33608418  0.37238438  0.35765051  0.41055223  0.39504870  0.39504870  0.36498087  0.35039186  0.45079038  0.39504870  0.38741675  0.41842718  0.42638661  0.41055223  0.37986249  0.39504870  0.41055223  0.42638661  0.41055223  0.41055223  0.40275997  0.38741675  0.35039186  0.36498087  0.36498087  0.39504870  0.37238438  0.38741675  0.41842718  0.39504870  0.39504870  0.42638661  0.42638661  0.45079038  0.41842718  0.40275997  0.34320353  0.33608418  0.32903248  0.35765051  0.35765051  0.34320353  0.32204717  0.45079038  0.42638661  0.40275997  0.43443235  0.44256629  0.47602416  0.42638661  0.53847118  0.52922191  0.55732297  0.55732297  0.32903248  0.41055223  0.39504870  0.39504870  0.37238438  0.39504870  0.38741675  0.37986249  0.42638661  0.38741675  0.38741675  0.37238438  0.36498087  0.36498087  0.37238438  0.37986249  0.37986249  0.37986249  0.32903248  0.44256629  0.44256629  0.45079038  0.35039186  0.35765051  0.35039186  0.35765051  0.34320353  0.36498087  0.37238438  0.31512701  0.33608418  0.36498087  0.35039186  0.32903248  0.34320353  0.34320353  0.37238438  0.35039186  0.34320353  0.34320353  0.32903248  0.32903248  0.33608418  0.37986249  0.39504870  0.38741675  0.35765051  0.37238438  0.35765051  0.36498087  0.32204717  0.31512701  0.30827079  0.38741675  0.38741675  0.38741675  0.36498087  0.37238438  0.39504870  0.34320353  0.33608418  0.33608418  0.35765051  0.37238438  0.32204717  0.33608418  0.36498087  0.39504870  0.40275997  0.41055223  0.45079038  0.38741675  0.37986249  0.37238438  0.35765051  0.39504870  0.39504870  0.45910666  0.45079038  0.46751719  0.48462979  0.35765051  0.35765051  0.30147735  0.30147735  0.32204717  0.32204717  0.31512701  0.35765051  0.35765051  0.34320353  0.28146242  0.30147735  0.29474554  0.30827079  0.33608418  0.33608418  0.32903248  0.32903248  0.30827079  0.30147735  0.30827079  
40_0_0     0.17723589  0.15470217  0.17153798  0.17153798  0.16027177  0.00000000  0.12213496  0.12213496  0.25558896  0.43443235  0.41055223  0.45079038  0.46751719  0.51106223  0.50214638  0.44256629  0.39504870  0.44256629  0.42638661  0.34320353  0.33608418  0.31512701  0.37986249  0.30827079  0.32903248  0.24298287  0.26197323  0.26197323  0.26841292  0.26841292  0.26841292  0.28807426  0.30147735  0.26841292  0.31512701  0.31512701  0.28807426  0.24298287  0.24298287  0.27490898  0.29474554  0.29474554  0.28146242  0.28146242  0.33608418  0.33608418  0.37986249  0.38741675  0.35765051  0.32903248  0.34320353  0.40275997  0.40275997  0.35039186  0.36498087  0.40275997  0.38741675  0.37238438  0.41055223  0.39504870  0.45079038  0.39504870  0.37238438  0.36498087  0.37238438  0.41055223  0.43443235  0.37986249  0.45910666  0.40275997  0.41055223  0.39504870  0.40275997  0.40275997  0.43443235  0.43443235  0.41055223  0.37986249  0.42638661  0.35765051  0.35039186  0.35765051  0.37238438  0.37238438  0.35765051  0.33608418  0.50214638  0.49333639  0.43443235  0.40275997  0.40275997  0.45910666  0.42638661  0.55732297  0.54783721  0.52008652  0.52008652  0.35765051  0.41055223  0.39504870  0.38741675  0.35765051  0.37986249  0.37238438  0.39504870  0.45079038  0.39504870  0.42638661  0.41055223  0.41842718  0.40275997  0.39504870  0.38741675  0.37238438  0.37238438  0.32903248  0.44256629  0.47602416  0.47602416  0.34320353  0.36498087  0.35765051  0.36498087  0.34320353  0.32204717  0.35765051  0.34320353  0.38741675  0.36498087  0.38741675  0.37986249  0.37238438  0.37238438  0.40275997  0.41055223  0.40275997  0.37986249  0.38741675  0.43443235  0.37986249  0.37986249  0.37986249  0.37238438  0.38741675  0.38741675  0.35765051  0.37986249  0.33608418  0.32903248  0.33608418  0.32903248  0.32903248  0.34320353  0.35039186  0.37238438  0.42638661  0.40275997  0.32204717  0.33608418  0.40275997  0.41842718  0.41055223  0.35039186  0.39504870  0.33608418  0.32903248  0.35039186  0.43443235  0.33608418  0.32903248  0.33608418  0.28807426  0.35039186  0.35039186  0.49333639  0.43443235  0.43443235  0.45079038  0.30147735  0.30147735  0.38741675  0.38741675  0.33608418  0.33608418  0.32903248  0.34320353  0.37986249  0.35039186  0.30827079  0.30147735  0.30827079  0.30827079  0.32903248  0.32903248  0.33608418  0.33608418  0.32204717  0.31512701  0.29474554  
29_0_0     0.24298287  0.15470217  0.17723589  0.17723589  0.16588349  0.12213496  0.00000000  0.13823990  0.27490898  0.50214638  0.41055223  0.43443235  0.43443235  0.49333639  0.48462979  0.45910666  0.40275997  0.46751719  0.43443235  0.38741675  0.39504870  0.34320353  0.42638661  0.36498087  0.37238438  0.27490898  0.28146242  0.28146242  0.30147735  0.31512701  0.31512701  0.29474554  0.37238438  0.32204717  0.37238438  0.34320353  0.32204717  0.27490898  0.27490898  0.28146242  0.27490898  0.27490898  0.29474554  0.29474554  0.37238438  0.39504870  0.41055223  0.41842718  0.43443235  0.40275997  0.41842718  0.45910666  0.43443235  0.41055223  0.42638661  0.45079038  0.43443235  0.41055223  0.43443235  0.45079038  0.48462979  0.44256629  0.41842718  0.42638661  0.40275997  0.42638661  0.45079038  0.42638661  0.45910666  0.43443235  0.44256629  0.41055223  0.40275997  0.43443235  0.45079038  0.45079038  0.45910666  0.44256629  0.47602416  0.43443235  0.42638661  0.41842718  0.41842718  0.41842718  0.41842718  0.41055223  0.45910666  0.45079038  0.45910666  0.41842718  0.45079038  0.52922191  0.42638661  0.58653031  0.57666623  0.61693463  0.61693463  0.37986249  0.43443235  0.43443235  0.42638661  0.37986249  0.41842718  0.41055223  0.37238438  0.45910666  0.41842718  0.41842718  0.40275997  0.41055223  0.39504870  0.40275997  0.39504870  0.37986249  0.37986249  0.35039186  0.39504870  0.42638661  0.41055223  0.36498087  0.38741675  0.37986249  0.38741675  0.36498087  0.37238438  0.39504870  0.35039186  0.39504870  0.35765051  0.37238438  0.37986249  0.37986249  0.37986249  0.39504870  0.37238438  0.37986249  0.37986249  0.36498087  0.37986249  0.37238438  0.32903248  0.32903248  0.32204717  0.33608418  0.35039186  0.35039186  0.35765051  0.35765051  0.35039186  0.35765051  0.36498087  0.36498087  0.36498087  0.38741675  0.35039186  0.45079038  0.47602416  0.37986249  0.37986249  0.43443235  0.45079038  0.44256629  0.40275997  0.43443235  0.35765051  0.35039186  0.37238438  0.45910666  0.35765051  0.35039186  0.34320353  0.35039186  0.37986249  0.37986249  0.45079038  0.44256629  0.44256629  0.45910666  0.35039186  0.35039186  0.36498087  0.37986249  0.34320353  0.35039186  0.33608418  0.37986249  0.38741675  0.37238438  0.31512701  0.30827079  0.30147735  0.32903248  0.34320353  0.34320353  0.32903248  0.32903248  0.31512701  0.30827079  0.30147735  
29_89_0    0.20640085  0.11684340  0.10119144  0.10119144  0.10119144  0.12213496  0.13823990  0.00000000  0.24925914  0.45079038  0.41055223  0.37986249  0.46751719  0.47602416  0.48462979  0.47602416  0.37238438  0.46751719  0.46751719  0.33608418  0.34320353  0.32204717  0.34320353  0.31512701  0.35039186  0.26841292  0.27490898  0.27490898  0.30827079  0.30827079  0.32204717  0.32903248  0.32903248  0.29474554  0.35039186  0.36498087  0.32204717  0.27490898  0.27490898  0.28807426  0.29474554  0.28146242  0.28807426  0.28807426  0.35765051  0.35765051  0.46751719  0.45079038  0.35039186  0.32204717  0.32204717  0.42638661  0.42638661  0.40275997  0.41842718  0.45910666  0.44256629  0.41055223  0.41842718  0.46751719  0.45910666  0.43443235  0.44256629  0.41842718  0.41055223  0.38741675  0.45910666  0.40275997  0.38741675  0.39504870  0.41842718  0.41842718  0.41055223  0.41055223  0.44256629  0.44256629  0.43443235  0.40275997  0.43443235  0.39504870  0.38741675  0.37986249  0.41055223  0.41055223  0.37986249  0.35765051  0.51106223  0.52008652  0.41055223  0.42638661  0.43443235  0.44256629  0.45910666  0.52008652  0.51106223  0.56693157  0.56693157  0.35039186  0.37238438  0.37238438  0.39504870  0.37986249  0.40275997  0.39504870  0.37238438  0.42638661  0.40275997  0.38741675  0.37238438  0.36498087  0.36498087  0.38741675  0.39504870  0.37986249  0.37986249  0.36498087  0.45910666  0.44256629  0.47602416  0.35765051  0.37986249  0.38741675  0.37986249  0.37238438  0.37238438  0.39504870  0.35765051  0.37986249  0.36498087  0.39504870  0.37238438  0.37238438  0.35765051  0.41842718  0.38741675  0.37986249  0.39504870  0.37986249  0.35039186  0.37238438  0.40275997  0.40275997  0.39504870  0.36498087  0.37986249  0.36498087  0.38741675  0.38741675  0.36498087  0.35765051  0.33608418  0.33608418  0.33608418  0.37238438  0.37986249  0.38741675  0.35039186  0.28146242  0.29474554  0.34320353  0.35765051  0.30827079  0.28807426  0.32903248  0.38741675  0.36498087  0.38741675  0.41055223  0.38741675  0.37986249  0.36498087  0.35039186  0.38741675  0.38741675  0.41842718  0.42638661  0.44256629  0.45910666  0.36498087  0.36498087  0.36498087  0.35039186  0.35765051  0.34320353  0.35039186  0.35039186  0.38741675  0.35765051  0.28807426  0.28146242  0.28807426  0.30147735  0.27490898  0.27490898  0.26841292  0.26841292  0.29474554  0.30147735  0.30147735  
67_0_0     0.32903248  0.24298287  0.21839557  0.21839557  0.20640085  0.25558896  0.27490898  0.24925914  0.00000000  0.52922191  0.45079038  0.50214638  0.49333639  0.50214638  0.51106223  0.48462979  0.48462979  0.47602416  0.49333639  0.46751719  0.46751719  0.41055223  0.52008652  0.41842718  0.44256629  0.35765051  0.36498087  0.37986249  0.37238438  0.38741675  0.38741675  0.45079038  0.37986249  0.38741675  0.41842718  0.41842718  0.37986249  0.36498087  0.36498087  0.39504870  0.38741675  0.38741675  0.38741675  0.38741675  0.45910666  0.42638661  0.44256629  0.44256629  0.44256629  0.44256629  0.39504870  0.44256629  0.44256629  0.46751719  0.46751719  0.44256629  0.42638661  0.44256629  0.52008652  0.50214638  0.49333639  0.47602416  0.48462979  0.47602416  0.45079038  0.41842718  0.39504870  0.43443235  0.46751719  0.44256629  0.43443235  0.45079038  0.45910666  0.47602416  0.44256629  0.44256629  0.48462979  0.46751719  0.43443235  0.37986249  0.38741675  0.37986249  0.36498087  0.36498087  0.40275997  0.42638661  0.51106223  0.48462979  0.47602416  0.45910666  0.52008652  0.57666623  0.51106223  0.44256629  0.45079038  0.51106223  0.51106223  0.39504870  0.41842718  0.40275997  0.41842718  0.37986249  0.38741675  0.37986249  0.45079038  0.45910666  0.46751719  0.46751719  0.45079038  0.45910666  0.44256629  0.43443235  0.42638661  0.44256629  0.47602416  0.35765051  0.45079038  0.48462979  0.49333639  0.44256629  0.44256629  0.43443235  0.44256629  0.45910666  0.40275997  0.42638661  0.42638661  0.41842718  0.45079038  0.43443235  0.42638661  0.45910666  0.45910666  0.44256629  0.45079038  0.44256629  0.41842718  0.44256629  0.44256629  0.41842718  0.41842718  0.41842718  0.42638661  0.42638661  0.42638661  0.42638661  0.41842718  0.40275997  0.37986249  0.37238438  0.41842718  0.41842718  0.40275997  0.39504870  0.38741675  0.41842718  0.41055223  0.37986249  0.36498087  0.45910666  0.46751719  0.42638661  0.46751719  0.45910666  0.46751719  0.45910666  0.47602416  0.47602416  0.47602416  0.46751719  0.46751719  0.46751719  0.41055223  0.41055223  0.41842718  0.42638661  0.43443235  0.43443235  0.44256629  0.44256629  0.41055223  0.44256629  0.41055223  0.41842718  0.41842718  0.47602416  0.48462979  0.40275997  0.37986249  0.38741675  0.37986249  0.42638661  0.44256629  0.44256629  0.44256629  0.44256629  0.39504870  0.38741675  0.41055223  
51_57_0    0.37986249  0.46751719  0.43443235  0.43443235  0.41055223  0.43443235  0.50214638  0.45079038  0.52922191  0.00000000  0.14368684  0.28807426  0.28807426  0.28146242  0.28807426  0.32204717  0.28146242  0.35765051  0.37986249  0.36498087  0.37238438  0.37238438  0.39504870  0.36498087  0.37238438  0.32903248  0.35039186  0.35039186  0.36498087  0.35765051  0.37238438  0.35765051  0.37986249  0.38741675  0.38741675  0.41055223  0.37986249  0.37986249  0.37986249  0.41055223  0.40275997  0.40275997  0.37238438  0.37238438  0.48462979  0.50214638  0.47602416  0.47602416  0.44256629  0.42638661  0.44256629  0.46751719  0.46751719  0.49333639  0.48462979  0.50214638  0.48462979  0.48462979  0.52008652  0.50214638  0.46751719  0.47602416  0.51106223  0.48462979  0.45910666  0.45910666  0.47602416  0.44256629  0.48462979  0.45910666  0.48462979  0.43443235  0.46751719  0.45079038  0.50214638  0.50214638  0.48462979  0.48462979  0.49333639  0.46751719  0.45910666  0.46751719  0.53847118  0.53847118  0.48462979  0.45910666  0.54783721  0.52922191  0.49333639  0.52008652  0.52008652  0.54783721  0.50214638  0.63791914  0.64863823  0.58653031  0.59652729  0.50214638  0.48462979  0.45910666  0.45079038  0.45079038  0.45910666  0.45079038  0.50214638  0.55732297  0.47602416  0.52922191  0.51106223  0.50214638  0.50214638  0.53847118  0.53847118  0.53847118  0.52922191  0.47602416  0.53847118  0.54783721  0.54783721  0.51106223  0.47602416  0.48462979  0.46751719  0.51106223  0.43443235  0.45910666  0.48462979  0.50214638  0.50214638  0.50214638  0.49333639  0.50214638  0.50214638  0.53847118  0.48462979  0.47602416  0.49333639  0.48462979  0.41842718  0.44256629  0.46751719  0.48462979  0.47602416  0.49333639  0.47602416  0.45079038  0.46751719  0.50214638  0.49333639  0.48462979  0.44256629  0.44256629  0.44256629  0.43443235  0.50214638  0.57666623  0.52008652  0.53847118  0.52008652  0.55732297  0.55732297  0.52922191  0.50214638  0.56693157  0.50214638  0.47602416  0.52008652  0.53847118  0.52008652  0.51106223  0.50214638  0.47602416  0.54783721  0.54783721  0.56693157  0.53847118  0.55732297  0.59652729  0.50214638  0.51106223  0.51106223  0.49333639  0.52922191  0.52922191  0.52008652  0.48462979  0.46751719  0.50214638  0.45079038  0.47602416  0.45910666  0.46751719  0.45910666  0.45910666  0.45910666  0.45910666  0.45079038  0.45910666  0.43443235  
75_57_0    0.33608418  0.39504870  0.36498087  0.36498087  0.37238438  0.41055223  0.41055223  0.41055223  0.45079038  0.14368684  0.00000000  0.22446644  0.18876468  0.24925914  0.23058738  0.26197323  0.21237398  0.28146242  0.30147735  0.32903248  0.33608418  0.31512701  0.38741675  0.30827079  0.35039186  0.35039186  0.35765051  0.35765051  0.35765051  0.33608418  0.35039186  0.36498087  0.33608418  0.36498087  0.36498087  0.37238438  0.32204717  0.31512701  0.31512701  0.35039186  0.34320353  0.35765051  0.34320353  0.34320353  0.41055223  0.43443235  0.44256629  0.42638661  0.45079038  0.43443235  0.45079038  0.39504870  0.41055223  0.41842718  0.42638661  0.41055223  0.39504870  0.41055223  0.46751719  0.47602416  0.41055223  0.38741675  0.43443235  0.41055223  0.40275997  0.41842718  0.41842718  0.43443235  0.47602416  0.45079038  0.39504870  0.37238438  0.38741675  0.42638661  0.44256629  0.44256629  0.45910666  0.46751719  0.41842718  0.43443235  0.42638661  0.43443235  0.41842718  0.41842718  0.40275997  0.39504870  0.47602416  0.47602416  0.48462979  0.49333639  0.52922191  0.57666623  0.49333639  0.54783721  0.55732297  0.59652729  0.60666080  0.40275997  0.45079038  0.42638661  0.41842718  0.41842718  0.41055223  0.40275997  0.41842718  0.45079038  0.44256629  0.44256629  0.44256629  0.43443235  0.43443235  0.46751719  0.46751719  0.46751719  0.45910666  0.43443235  0.47602416  0.52008652  0.50214638  0.50214638  0.44256629  0.43443235  0.44256629  0.46751719  0.40275997  0.44256629  0.42638661  0.47602416  0.45910666  0.47602416  0.48462979  0.47602416  0.45910666  0.49333639  0.40275997  0.39504870  0.38741675  0.38741675  0.39504870  0.39504870  0.40275997  0.40275997  0.39504870  0.39504870  0.39504870  0.37238438  0.41842718  0.43443235  0.41055223  0.40275997  0.38741675  0.38741675  0.38741675  0.37986249  0.41842718  0.46751719  0.45079038  0.45910666  0.47602416  0.49333639  0.49333639  0.46751719  0.49333639  0.53847118  0.45910666  0.46751719  0.47602416  0.47602416  0.48462979  0.47602416  0.45079038  0.45079038  0.46751719  0.46751719  0.47602416  0.50214638  0.49333639  0.51106223  0.45910666  0.45079038  0.45079038  0.45079038  0.41842718  0.42638661  0.42638661  0.41055223  0.42638661  0.42638661  0.37238438  0.39504870  0.40275997  0.43443235  0.41055223  0.41055223  0.37986249  0.37986249  0.35765051  0.35039186  0.32903248  
75_56_0    0.38741675  0.40275997  0.39504870  0.39504870  0.40275997  0.45079038  0.43443235  0.37986249  0.50214638  0.28807426  0.22446644  0.00000000  0.25558896  0.26841292  0.24925914  0.29474554  0.29474554  0.37238438  0.37238438  0.37986249  0.37238438  0.39504870  0.41842718  0.36498087  0.37986249  0.41842718  0.42638661  0.42638661  0.45910666  0.43443235  0.45079038  0.45910666  0.39504870  0.35039186  0.41842718  0.41055223  0.40275997  0.41842718  0.41842718  0.37986249  0.37238438  0.37238438  0.40275997  0.40275997  0.51106223  0.52922191  0.53847118  0.54783721  0.49333639  0.49333639  0.46751719  0.39504870  0.45079038  0.45079038  0.47602416  0.45079038  0.43443235  0.45910666  0.50214638  0.56693157  0.45910666  0.45079038  0.45079038  0.44256629  0.45079038  0.45079038  0.50214638  0.46751719  0.47602416  0.48462979  0.47602416  0.42638661  0.41055223  0.41055223  0.42638661  0.42638661  0.40275997  0.41842718  0.47602416  0.45079038  0.44256629  0.45079038  0.48462979  0.48462979  0.43443235  0.44256629  0.52008652  0.53847118  0.50214638  0.45079038  0.52922191  0.54783721  0.56693157  0.67055245  0.65951444  0.68175714  0.67055245  0.38741675  0.41055223  0.40275997  0.41055223  0.41055223  0.40275997  0.39504870  0.40275997  0.41842718  0.41055223  0.42638661  0.41055223  0.41055223  0.41842718  0.41842718  0.41842718  0.40275997  0.41055223  0.37986249  0.48462979  0.49333639  0.49333639  0.44256629  0.39504870  0.40275997  0.39504870  0.46751719  0.41842718  0.42638661  0.40275997  0.38741675  0.35765051  0.41055223  0.41842718  0.40275997  0.37238438  0.45079038  0.35765051  0.36498087  0.37986249  0.35765051  0.39504870  0.37238438  0.37986249  0.37986249  0.37238438  0.37238438  0.35039186  0.33608418  0.37986249  0.44256629  0.40275997  0.39504870  0.45079038  0.45079038  0.45079038  0.45910666  0.49333639  0.42638661  0.39504870  0.38741675  0.43443235  0.49333639  0.50214638  0.45910666  0.41055223  0.45079038  0.46751719  0.45910666  0.48462979  0.48462979  0.47602416  0.46751719  0.44256629  0.45910666  0.47602416  0.47602416  0.49333639  0.50214638  0.52922191  0.54783721  0.48462979  0.49333639  0.41055223  0.45910666  0.45079038  0.45079038  0.45910666  0.40275997  0.45910666  0.48462979  0.35039186  0.38741675  0.37238438  0.41055223  0.38741675  0.38741675  0.35765051  0.35765051  0.34320353  0.35039186  0.35039186  
51_67_0    0.40275997  0.41842718  0.42638661  0.42638661  0.41842718  0.46751719  0.43443235  0.46751719  0.49333639  0.28807426  0.18876468  0.25558896  0.00000000  0.19459695  0.17723589  0.21839557  0.32204717  0.41842718  0.44256629  0.40275997  0.41842718  0.37238438  0.46751719  0.37986249  0.44256629  0.38741675  0.39504870  0.39504870  0.39504870  0.40275997  0.40275997  0.37238438  0.38741675  0.38741675  0.38741675  0.41055223  0.33608418  0.35765051  0.35765051  0.37238438  0.35039186  0.37986249  0.39504870  0.39504870  0.41055223  0.43443235  0.52008652  0.52008652  0.49333639  0.45910666  0.49333639  0.39504870  0.42638661  0.41055223  0.41055223  0.45910666  0.44256629  0.42638661  0.43443235  0.47602416  0.42638661  0.41842718  0.46751719  0.44256629  0.48462979  0.48462979  0.43443235  0.50214638  0.52922191  0.50214638  0.42638661  0.43443235  0.43443235  0.45910666  0.47602416  0.47602416  0.46751719  0.45079038  0.38741675  0.45079038  0.44256629  0.45079038  0.46751719  0.46751719  0.43443235  0.41055223  0.52922191  0.51106223  0.52008652  0.51106223  0.62735270  0.57666623  0.52922191  0.55732297  0.54783721  0.65951444  0.67055245  0.43443235  0.44256629  0.42638661  0.40275997  0.41842718  0.41055223  0.40275997  0.46751719  0.46751719  0.42638661  0.42638661  0.42638661  0.41842718  0.41842718  0.40275997  0.40275997  0.38741675  0.39504870  0.41842718  0.44256629  0.46751719  0.46751719  0.47602416  0.43443235  0.42638661  0.43443235  0.41842718  0.41055223  0.40275997  0.41055223  0.44256629  0.42638661  0.44256629  0.43443235  0.42638661  0.42638661  0.44256629  0.46751719  0.45910666  0.45079038  0.45079038  0.42638661  0.45910666  0.37238438  0.38741675  0.37986249  0.42638661  0.43443235  0.40275997  0.45079038  0.44256629  0.41842718  0.41055223  0.41842718  0.41842718  0.41842718  0.39504870  0.44256629  0.50214638  0.50214638  0.50214638  0.52008652  0.55732297  0.55732297  0.52922191  0.46751719  0.49333639  0.45910666  0.46751719  0.44256629  0.44256629  0.48462979  0.47602416  0.48462979  0.48462979  0.48462979  0.48462979  0.46751719  0.50214638  0.47602416  0.51106223  0.45910666  0.45079038  0.45079038  0.48462979  0.41842718  0.42638661  0.42638661  0.42638661  0.42638661  0.45079038  0.42638661  0.45079038  0.44256629  0.44256629  0.43443235  0.43443235  0.43443235  0.43443235  0.37986249  0.37238438  0.36498087  
51_69_0    0.44256629  0.46751719  0.42638661  0.42638661  0.43443235  0.51106223  0.49333639  0.47602416  0.50214638  0.28146242  0.24925914  0.26841292  0.19459695  0.00000000  0.02287142  0.07581692  0.32204717  0.39504870  0.41842718  0.38741675  0.38741675  0.42638661  0.45910666  0.41842718  0.37238438  0.45079038  0.45910666  0.44256629  0.45910666  0.48462979  0.48462979  0.45079038  0.41842718  0.42638661  0.42638661  0.40275997  0.44256629  0.43443235  0.43443235  0.45910666  0.46751719  0.45079038  0.46751719  0.46751719  0.46751719  0.45079038  0.54783721  0.52922191  0.47602416  0.47602416  0.47602416  0.50214638  0.44256629  0.51106223  0.52922191  0.51106223  0.49333639  0.45910666  0.52008652  0.54783721  0.49333639  0.46751719  0.50214638  0.49333639  0.48462979  0.46751719  0.46751719  0.48462979  0.52922191  0.48462979  0.49333639  0.48462979  0.50214638  0.49333639  0.51106223  0.51106223  0.49333639  0.51106223  0.52008652  0.46751719  0.45910666  0.46751719  0.46751719  0.46751719  0.45079038  0.47602416  0.52008652  0.50214638  0.49333639  0.53847118  0.50214638  0.51106223  0.48462979  0.61693463  0.62735270  0.71642366  0.71642366  0.54783721  0.47602416  0.46751719  0.49333639  0.44256629  0.46751719  0.45910666  0.44256629  0.45910666  0.46751719  0.43443235  0.43443235  0.42638661  0.42638661  0.45910666  0.45910666  0.45910666  0.46751719  0.46751719  0.53847118  0.52922191  0.56693157  0.54783721  0.53847118  0.54783721  0.52008652  0.54783721  0.50214638  0.49333639  0.50214638  0.48462979  0.48462979  0.53847118  0.54783721  0.52008652  0.52008652  0.55732297  0.52922191  0.52008652  0.51106223  0.51106223  0.45079038  0.48462979  0.42638661  0.44256629  0.43443235  0.46751719  0.42638661  0.44256629  0.47602416  0.48462979  0.49333639  0.48462979  0.45910666  0.45910666  0.45910666  0.45910666  0.45079038  0.52008652  0.49333639  0.52922191  0.47602416  0.49333639  0.48462979  0.47602416  0.51106223  0.50214638  0.52008652  0.51106223  0.52008652  0.52922191  0.53847118  0.52922191  0.51106223  0.51106223  0.55732297  0.55732297  0.59652729  0.56693157  0.56693157  0.60666080  0.57666623  0.58653031  0.52922191  0.49333639  0.48462979  0.48462979  0.47602416  0.53847118  0.44256629  0.45910666  0.42638661  0.45079038  0.43443235  0.45910666  0.43443235  0.43443235  0.41842718  0.41842718  0.37986249  0.38741675  0.37986249  
51_58_0    0.43443235  0.45910666  0.43443235  0.43443235  0.44256629  0.50214638  0.48462979  0.48462979  0.51106223  0.28807426  0.23058738  0.24925914  0.17723589  0.02287142  0.00000000  0.06099855  0.31512701  0.38741675  0.39504870  0.36498087  0.36498087  0.43443235  0.45079038  0.40275997  0.36498087  0.45910666  0.45079038  0.45079038  0.45079038  0.47602416  0.47602416  0.42638661  0.40275997  0.41842718  0.41842718  0.39504870  0.41842718  0.42638661  0.42638661  0.45079038  0.44256629  0.42638661  0.44256629  0.44256629  0.47602416  0.45910666  0.52922191  0.51106223  0.46751719  0.46751719  0.46751719  0.49333639  0.41842718  0.50214638  0.52008652  0.48462979  0.48462979  0.43443235  0.49333639  0.52008652  0.46751719  0.44256629  0.47602416  0.46751719  0.45910666  0.47602416  0.47602416  0.49333639  0.52008652  0.49333639  0.46751719  0.45910666  0.47602416  0.48462979  0.48462979  0.48462979  0.45079038  0.46751719  0.51106223  0.45910666  0.45079038  0.45910666  0.44256629  0.44256629  0.44256629  0.46751719  0.52008652  0.48462979  0.49333639  0.51106223  0.49333639  0.53847118  0.47602416  0.56693157  0.57666623  0.65951444  0.65951444  0.52008652  0.50214638  0.47602416  0.48462979  0.43443235  0.45910666  0.45079038  0.43443235  0.45079038  0.45910666  0.44256629  0.44256629  0.43443235  0.43443235  0.43443235  0.43443235  0.43443235  0.45910666  0.44256629  0.54783721  0.53847118  0.53847118  0.52008652  0.51106223  0.52008652  0.49333639  0.52008652  0.48462979  0.45910666  0.49333639  0.47602416  0.47602416  0.51106223  0.52008652  0.49333639  0.49333639  0.54783721  0.50214638  0.49333639  0.48462979  0.48462979  0.45910666  0.45910666  0.41842718  0.43443235  0.42638661  0.44256629  0.45079038  0.43443235  0.45079038  0.47602416  0.45079038  0.44256629  0.45910666  0.45910666  0.45910666  0.46751719  0.45079038  0.50214638  0.47602416  0.51106223  0.47602416  0.50214638  0.49333639  0.48462979  0.52922191  0.53847118  0.47602416  0.46751719  0.49333639  0.48462979  0.51106223  0.50214638  0.49333639  0.48462979  0.54783721  0.54783721  0.54783721  0.53847118  0.53847118  0.57666623  0.54783721  0.55732297  0.53847118  0.50214638  0.45910666  0.44256629  0.45079038  0.49333639  0.44256629  0.45910666  0.44256629  0.46751719  0.45079038  0.46751719  0.44256629  0.44256629  0.42638661  0.42638661  0.40275997  0.41055223  0.40275997  
45_58_0    0.41055223  0.43443235  0.42638661  0.42638661  0.41842718  0.44256629  0.45910666  0.47602416  0.48462979  0.32204717  0.26197323  0.29474554  0.21839557  0.07581692  0.06099855  0.00000000  0.39504870  0.37986249  0.37986249  0.43443235  0.45079038  0.45910666  0.51106223  0.46751719  0.43443235  0.46751719  0.47602416  0.47602416  0.45910666  0.48462979  0.48462979  0.45079038  0.41055223  0.42638661  0.44256629  0.41842718  0.42638661  0.45079038  0.45079038  0.49333639  0.46751719  0.45079038  0.46751719  0.46751719  0.48462979  0.46751719  0.48462979  0.46751719  0.50214638  0.50214638  0.50214638  0.50214638  0.45910666  0.54783721  0.56693157  0.52922191  0.51106223  0.47602416  0.53847118  0.54783721  0.52922191  0.50214638  0.50214638  0.49333639  0.48462979  0.52008652  0.48462979  0.52008652  0.54783721  0.53847118  0.51106223  0.52008652  0.53847118  0.54783721  0.49333639  0.49333639  0.49333639  0.51106223  0.53847118  0.45079038  0.44256629  0.45079038  0.43443235  0.43443235  0.43443235  0.45910666  0.55732297  0.52008652  0.54783721  0.53847118  0.48462979  0.54783721  0.46751719  0.60666080  0.61693463  0.64863823  0.64863823  0.51106223  0.52922191  0.50214638  0.49333639  0.47602416  0.48462979  0.47602416  0.45910666  0.52922191  0.52008652  0.50214638  0.50214638  0.49333639  0.49333639  0.47602416  0.47602416  0.47602416  0.50214638  0.46751719  0.57666623  0.60666080  0.60666080  0.54783721  0.55732297  0.54783721  0.53847118  0.52922191  0.49333639  0.48462979  0.50214638  0.52008652  0.52008652  0.52008652  0.52922191  0.53847118  0.55732297  0.57666623  0.49333639  0.48462979  0.45910666  0.45910666  0.48462979  0.50214638  0.45910666  0.45910666  0.46751719  0.48462979  0.47602416  0.47602416  0.49333639  0.52008652  0.49333639  0.48462979  0.44256629  0.44256629  0.45910666  0.46751719  0.48462979  0.46751719  0.45910666  0.47602416  0.45910666  0.47602416  0.46751719  0.47602416  0.52922191  0.53847118  0.46751719  0.47602416  0.50214638  0.49333639  0.48462979  0.47602416  0.50214638  0.47602416  0.53847118  0.53847118  0.58653031  0.59652729  0.57666623  0.59652729  0.50214638  0.51106223  0.49333639  0.45910666  0.48462979  0.46751719  0.47602416  0.50214638  0.48462979  0.48462979  0.44256629  0.46751719  0.45079038  0.47602416  0.45079038  0.45079038  0.43443235  0.43443235  0.43443235  0.42638661  0.41055223  
