151
26_3_0     0.00000000  0.01470816  0.22518003  0.19932135  0.20570189  0.19932135  0.21213786  0.52029425  0.19932135  0.19299530  0.21213786  0.20570189  0.19932135  0.18672281  0.21863025  0.17433496  0.17433496  0.19299530  0.18672281  0.18050299  0.21213786  0.15016393  0.16821786  0.27272552  0.27272552  0.28688993  0.24518420  0.21863025  0.21213786  0.24518420  0.18050299  0.19932135  0.22518003  0.19299530  0.25197413  0.19932135  0.16821786  0.17433496  0.19299530  0.13836788  0.15613315  0.15016393  0.46371904  0.27977387  0.30133046  0.30865768  0.29407501  0.32353319  0.33108449  0.33871356  0.26574360  0.27977387  0.29407501  0.32353319  0.29407501  0.28688993  0.30865768  0.30865768  0.33108449  0.34642201  0.32353319  0.29407501  0.31605810  0.37808391  0.36208381  0.37004067  0.36208381  0.30133046  0.30133046  0.30865768  0.32353319  0.33871356  0.36208381  0.30865768  0.30865768  0.26574360  0.27272552  0.27272552  0.25197413  0.26574360  0.27272552  0.32353319  0.32353319  0.27977387  0.39443724  0.39443724  0.44578172  0.46371904  0.46371904  0.38621545  0.40275130  0.23178825  0.23178825  0.23178825  0.27977387  0.26574360  0.29407501  0.36208381  0.35421152  0.34642201  0.36208381  0.37808391  0.34642201  0.40275130  0.38621545  0.37808391  0.34642201  0.33871356  0.35421152  0.37004067  0.36208381  0.30133046  0.30133046  0.30133046  0.31605810  0.34642201  0.33108449  0.33871356  0.34642201  0.34642201  0.32353319  0.33871356  0.33871356  0.32353319  0.30133046  0.32353319  0.37004067  0.38621545  0.32353319  0.34642201  0.32353319  0.33108449  0.33108449  0.33871356  0.32353319  0.34642201  0.36208381  0.34642201  0.33108449  0.33871356  0.32353319  0.34642201  0.37004067  0.37808391  0.37004067  0.37808391  0.38621545  0.37808391  0.37808391  0.41966472  0.36208381  
26_4_0     0.01470816  0.00000000  0.21863025  0.19932135  0.19932135  0.19932135  0.21213786  0.50095176  0.21863025  0.21213786  0.23178825  0.22518003  0.21863025  0.20570189  0.22518003  0.19299530  0.19299530  0.21213786  0.20570189  0.19932135  0.23178825  0.16821786  0.18672281  0.25882687  0.25882687  0.29407501  0.23845595  0.22518003  0.19932135  0.23845595  0.18672281  0.20570189  0.23178825  0.19932135  0.25197413  0.19932135  0.17433496  0.18050299  0.19932135  0.15016393  0.16215086  0.15613315  0.43697334  0.29407501  0.31605810  0.31605810  0.30133046  0.31605810  0.32353319  0.33108449  0.26574360  0.27272552  0.28688993  0.33108449  0.29407501  0.28688993  0.30133046  0.30133046  0.32353319  0.33871356  0.32353319  0.29407501  0.31605810  0.40275130  0.36208381  0.37808391  0.37004067  0.30865768  0.30865768  0.29407501  0.32353319  0.33871356  0.36208381  0.31605810  0.33108449  0.27272552  0.27977387  0.27977387  0.25882687  0.27272552  0.27977387  0.34642201  0.33108449  0.28688993  0.40275130  0.40275130  0.46371904  0.48210150  0.48210150  0.40275130  0.41115974  0.23178825  0.23178825  0.23178825  0.27977387  0.26574360  0.29407501  0.35421152  0.35421152  0.34642201  0.35421152  0.38621545  0.36208381  0.41115974  0.39443724  0.38621545  0.34642201  0.33871356  0.35421152  0.36208381  0.35421152  0.30133046  0.30133046  0.30133046  0.30865768  0.34642201  0.33108449  0.35421152  0.34642201  0.33871356  0.31605810  0.33108449  0.34642201  0.31605810  0.29407501  0.31605810  0.37004067  0.38621545  0.31605810  0.33871356  0.31605810  0.32353319  0.32353319  0.33108449  0.33108449  0.35421152  0.35421152  0.33871356  0.32353319  0.33108449  0.32353319  0.34642201  0.37808391  0.38621545  0.37808391  0.38621545  0.39443724  0.38621545  0.37808391  0.41966472  0.36208381  
30_3_0     0.22518003  0.21863025  0.00000000  0.04503067  0.10967427  0.10406655  0.11532476  0.54015535  0.26574360  0.25197413  0.22518003  0.23178825  0.25882687  0.21863025  0.21863025  0.23845595  0.22518003  0.21213786  0.20570189  0.21213786  0.22518003  0.18672281  0.26574360  0.28688993  0.29407501  0.34642201  0.23178825  0.25197413  0.27272552  0.25197413  0.21213786  0.24518420  0.29407501  0.24518420  0.25882687  0.21213786  0.20570189  0.23178825  0.20570189  0.18672281  0.16821786  0.16821786  0.44578172  0.31605810  0.38621545  0.39443724  0.31605810  0.33871356  0.33108449  0.30133046  0.33108449  0.31605810  0.30865768  0.37808391  0.30133046  0.29407501  0.30865768  0.32353319  0.30865768  0.29407501  0.32353319  0.33108449  0.32353319  0.47285325  0.43697334  0.42826848  0.42826848  0.35421152  0.33108449  0.37004067  0.37004067  0.34642201  0.40275130  0.33871356  0.35421152  0.29407501  0.30133046  0.30133046  0.29407501  0.30133046  0.31605810  0.35421152  0.33108449  0.30133046  0.47285325  0.47285325  0.49146667  0.48210150  0.51055987  0.45469609  0.46371904  0.27977387  0.27977387  0.27977387  0.28688993  0.27272552  0.28688993  0.40275130  0.36208381  0.37004067  0.35421152  0.34642201  0.36208381  0.39443724  0.37004067  0.37808391  0.33108449  0.33871356  0.33871356  0.38621545  0.35421152  0.30865768  0.30865768  0.30865768  0.36208381  0.34642201  0.33108449  0.34642201  0.37004067  0.33871356  0.33871356  0.35421152  0.39443724  0.41966472  0.41115974  0.39443724  0.39443724  0.46371904  0.40275130  0.38621545  0.40275130  0.41115974  0.41115974  0.40275130  0.39443724  0.37004067  0.39443724  0.37808391  0.38621545  0.37004067  0.37808391  0.38621545  0.41115974  0.40275130  0.41115974  0.41115974  0.41966472  0.41115974  0.40275130  0.44578172  0.39443724  
3_3_0      0.19932135  0.19932135  0.04503067  0.00000000  0.11532476  0.09850096  0.10967427  0.53015824  0.27977387  0.26574360  0.25197413  0.25882687  0.27272552  0.24518420  0.24518420  0.27272552  0.22518003  0.21863025  0.19299530  0.21213786  0.23845595  0.18672281  0.25197413  0.30133046  0.31605810  0.35421152  0.24518420  0.26574360  0.27272552  0.26574360  0.19932135  0.22518003  0.30133046  0.25882687  0.24518420  0.21213786  0.20570189  0.20570189  0.18050299  0.18672281  0.18050299  0.16821786  0.47285325  0.32353319  0.35421152  0.37808391  0.34642201  0.33871356  0.34642201  0.33871356  0.28688993  0.29407501  0.31605810  0.36208381  0.30133046  0.29407501  0.30133046  0.30865768  0.31605810  0.28688993  0.32353319  0.31605810  0.30865768  0.47285325  0.38621545  0.39443724  0.37808391  0.31605810  0.32353319  0.37808391  0.37808391  0.35421152  0.40275130  0.33108449  0.36208381  0.27977387  0.27272552  0.27272552  0.27977387  0.28688993  0.30133046  0.33871356  0.35421152  0.32353319  0.46371904  0.46371904  0.48210150  0.47285325  0.50095176  0.42826848  0.45469609  0.25882687  0.25882687  0.25882687  0.26574360  0.25197413  0.29407501  0.37808391  0.36208381  0.36208381  0.36208381  0.35421152  0.33871356  0.40275130  0.39443724  0.37004067  0.33871356  0.34642201  0.34642201  0.41115974  0.37808391  0.31605810  0.31605810  0.31605810  0.35421152  0.32353319  0.30865768  0.32353319  0.37004067  0.36208381  0.37808391  0.39443724  0.40275130  0.42826848  0.41966472  0.41966472  0.39443724  0.47285325  0.38621545  0.40275130  0.39443724  0.40275130  0.40275130  0.39443724  0.41115974  0.40275130  0.38621545  0.37004067  0.37004067  0.39443724  0.36208381  0.37808391  0.40275130  0.39443724  0.40275130  0.40275130  0.41115974  0.40275130  0.41115974  0.47285325  0.40275130  
14_3_0     0.20570189  0.19932135  0.10967427  0.11532476  0.00000000  0.09850096  0.10967427  0.54015535  0.25882687  0.22518003  0.21863025  0.22518003  0.24518420  0.21863025  0.21863025  0.21863025  0.21213786  0.21863025  0.21863025  0.19932135  0.23845595  0.18672281  0.20570189  0.27977387  0.25882687  0.35421152  0.25882687  0.29407501  0.30133046  0.29407501  0.19299530  0.23178825  0.31605810  0.28688993  0.27977387  0.19299530  0.18672281  0.19932135  0.21863025  0.17433496  0.18050299  0.16821786  0.53015824  0.35421152  0.33108449  0.40275130  0.34642201  0.36208381  0.34642201  0.32353319  0.33108449  0.33871356  0.33871356  0.36208381  0.33108449  0.32353319  0.30133046  0.35421152  0.29407501  0.32353319  0.36208381  0.32353319  0.33108449  0.50095176  0.46371904  0.45469609  0.45469609  0.34642201  0.30865768  0.42826848  0.42826848  0.34642201  0.37808391  0.33871356  0.33108449  0.27272552  0.30865768  0.30865768  0.28688993  0.29407501  0.29407501  0.41115974  0.37808391  0.37004067  0.44578172  0.44578172  0.46371904  0.47285325  0.45469609  0.44578172  0.45469609  0.24518420  0.24518420  0.24518420  0.27272552  0.27272552  0.33108449  0.37808391  0.37808391  0.37004067  0.33871356  0.33871356  0.30865768  0.37808391  0.36208381  0.36208381  0.35421152  0.34642201  0.37808391  0.37004067  0.37004067  0.34642201  0.34642201  0.34642201  0.33871356  0.31605810  0.33108449  0.37808391  0.33871356  0.33871356  0.34642201  0.33871356  0.38621545  0.36208381  0.33871356  0.37004067  0.41115974  0.44578172  0.31605810  0.30133046  0.33871356  0.33108449  0.33108449  0.32353319  0.38621545  0.41115974  0.33108449  0.31605810  0.32353319  0.33871356  0.38621545  0.37808391  0.38621545  0.41115974  0.41966472  0.37808391  0.41966472  0.41115974  0.40275130  0.42826848  0.36208381  
19_3_0     0.19932135  0.19932135  0.10406655  0.09850096  0.09850096  0.00000000  0.00977292  0.52029425  0.25882687  0.22518003  0.23178825  0.23845595  0.25882687  0.23178825  0.22518003  0.24518420  0.23845595  0.20570189  0.19299530  0.19932135  0.22518003  0.19932135  0.23178825  0.27977387  0.29407501  0.34642201  0.27272552  0.29407501  0.28688993  0.27977387  0.21863025  0.21863025  0.33108449  0.28688993  0.27977387  0.21863025  0.24518420  0.21213786  0.21863025  0.15016393  0.16821786  0.16821786  0.56056367  0.36208381  0.37808391  0.41115974  0.33871356  0.38621545  0.37004067  0.37808391  0.33871356  0.33871356  0.36208381  0.37808391  0.29407501  0.28688993  0.33871356  0.33871356  0.31605810  0.33108449  0.34642201  0.35421152  0.36208381  0.44578172  0.42826848  0.46371904  0.41966472  0.37808391  0.33871356  0.37004067  0.38621545  0.33108449  0.41115974  0.37004067  0.37808391  0.32353319  0.31605810  0.31605810  0.32353319  0.31605810  0.32353319  0.35421152  0.37808391  0.35421152  0.50095176  0.50095176  0.46371904  0.47285325  0.49146667  0.44578172  0.51055987  0.29407501  0.29407501  0.29407501  0.30865768  0.29407501  0.31605810  0.41115974  0.36208381  0.35421152  0.35421152  0.36208381  0.37004067  0.41115974  0.39443724  0.37808391  0.36208381  0.35421152  0.37004067  0.38621545  0.38621545  0.32353319  0.32353319  0.32353319  0.36208381  0.32353319  0.33871356  0.37808391  0.37808391  0.37004067  0.37808391  0.38621545  0.40275130  0.40275130  0.37808391  0.42826848  0.39443724  0.46371904  0.39443724  0.37808391  0.38621545  0.37808391  0.37808391  0.37004067  0.42826848  0.45469609  0.37808391  0.36208381  0.36208381  0.38621545  0.31605810  0.34642201  0.40275130  0.41115974  0.40275130  0.37004067  0.45469609  0.44578172  0.41966472  0.44578172  0.37808391  
6_3_0      0.21213786  0.21213786  0.11532476  0.10967427  0.10967427  0.00977292  0.00000000  0.53015824  0.25882687  0.22518003  0.23178825  0.23845595  0.25882687  0.23178825  0.22518003  0.24518420  0.23845595  0.19299530  0.18050299  0.18672281  0.22518003  0.19932135  0.23178825  0.27977387  0.29407501  0.35421152  0.27272552  0.29407501  0.28688993  0.27977387  0.23178825  0.23178825  0.32353319  0.27977387  0.27272552  0.22518003  0.24518420  0.22518003  0.21863025  0.15016393  0.16821786  0.16821786  0.56056367  0.36208381  0.37808391  0.41115974  0.35421152  0.37004067  0.37004067  0.37808391  0.35421152  0.33871356  0.34642201  0.37808391  0.27977387  0.27272552  0.32353319  0.32353319  0.30133046  0.31605810  0.33108449  0.33871356  0.34642201  0.42826848  0.42826848  0.46371904  0.41966472  0.36208381  0.32353319  0.37004067  0.38621545  0.33108449  0.42826848  0.35421152  0.37808391  0.32353319  0.31605810  0.31605810  0.32353319  0.31605810  0.32353319  0.35421152  0.37808391  0.35421152  0.50095176  0.50095176  0.46371904  0.47285325  0.49146667  0.44578172  0.51055987  0.27977387  0.27977387  0.27977387  0.30865768  0.29407501  0.30133046  0.39443724  0.36208381  0.35421152  0.35421152  0.36208381  0.38621545  0.42826848  0.40275130  0.39443724  0.37808391  0.37004067  0.37004067  0.38621545  0.38621545  0.33871356  0.33871356  0.33871356  0.37808391  0.32353319  0.33871356  0.37808391  0.36208381  0.35421152  0.36208381  0.37004067  0.41966472  0.41966472  0.39443724  0.44578172  0.41115974  0.46371904  0.39443724  0.37808391  0.37004067  0.36208381  0.36208381  0.35421152  0.41966472  0.46371904  0.37808391  0.36208381  0.36208381  0.38621545  0.31605810  0.34642201  0.41966472  0.42826848  0.41966472  0.37004067  0.47285325  0.46371904  0.43697334  0.46371904  0.39443724  
2_3_0      0.52029425  0.50095176  0.54015535  0.53015824  0.54015535  0.52029425  0.53015824  0.00000000  0.53015824  0.61418872  0.60314865  0.59227071  0.61418872  0.59227071  0.59227071  0.58155019  0.57098261  0.59227071  0.55028923  0.57098261  0.59227071  0.55028923  0.53015824  0.57098261  0.60314865  0.57098261  0.59227071  0.61418872  0.57098261  0.64833183  0.59227071  0.61418872  0.57098261  0.50095176  0.48210150  0.51055987  0.54015535  0.56056367  0.52029425  0.54015535  0.50095176  0.51055987  0.63677505  0.56056367  0.55028923  0.57098261  0.54015535  0.57098261  0.53015824  0.53015824  0.53015824  0.53015824  0.52029425  0.55028923  0.58155019  0.57098261  0.55028923  0.56056367  0.56056367  0.53015824  0.48210150  0.48210150  0.49146667  0.56056367  0.55028923  0.55028923  0.55028923  0.55028923  0.54015535  0.57098261  0.59227071  0.58155019  0.60314865  0.56056367  0.59227071  0.51055987  0.55028923  0.55028923  0.55028923  0.53015824  0.53015824  0.52029425  0.51055987  0.57098261  0.63677505  0.63677505  0.69645097  0.67200076  0.67200076  0.60314865  0.66007177  0.48210150  0.48210150  0.48210150  0.51055987  0.50095176  0.59227071  0.60314865  0.61418872  0.61418872  0.62539581  0.61418872  0.55028923  0.64833183  0.72173582  0.64833183  0.62539581  0.63677505  0.64833183  0.59227071  0.56056367  0.60314865  0.60314865  0.60314865  0.59227071  0.58155019  0.60314865  0.50095176  0.59227071  0.59227071  0.57098261  0.58155019  0.60314865  0.56056367  0.57098261  0.58155019  0.55028923  0.52029425  0.53015824  0.52029425  0.52029425  0.52029425  0.52029425  0.53015824  0.56056367  0.55028923  0.49146667  0.50095176  0.49146667  0.55028923  0.57098261  0.57098261  0.57098261  0.56056367  0.55028923  0.56056367  0.57098261  0.57098261  0.56056367  0.56056367  0.57098261  
44_3_0     0.19932135  0.21863025  0.26574360  0.27977387  0.25882687  0.25882687  0.25882687  0.53015824  0.00000000  0.10406655  0.12675673  0.12101869  0.12101869  0.09850096  0.13253955  0.13253955  0.12101869  0.16215086  0.13836788  0.14424242  0.16215086  0.12101869  0.16821786  0.22518003  0.25882687  0.29407501  0.30133046  0.30133046  0.28688993  0.30865768  0.23178825  0.25882687  0.25882687  0.24518420  0.25882687  0.23178825  0.19299530  0.24518420  0.23178825  0.16821786  0.17433496  0.18050299  0.57098261  0.33871356  0.44578172  0.37004067  0.34642201  0.37004067  0.38621545  0.37808391  0.36208381  0.37004067  0.31605810  0.39443724  0.33108449  0.33871356  0.35421152  0.33871356  0.31605810  0.36208381  0.33108449  0.33871356  0.34642201  0.47285325  0.44578172  0.45469609  0.44578172  0.38621545  0.37808391  0.39443724  0.37808391  0.40275130  0.42826848  0.37808391  0.36208381  0.33871356  0.34642201  0.34642201  0.32353319  0.33108449  0.33108449  0.37808391  0.35421152  0.33108449  0.47285325  0.47285325  0.45469609  0.45469609  0.49146667  0.42826848  0.42826848  0.27977387  0.27977387  0.27977387  0.29407501  0.29407501  0.27977387  0.37808391  0.40275130  0.40275130  0.41115974  0.39443724  0.37004067  0.45469609  0.44578172  0.44578172  0.34642201  0.35421152  0.35421152  0.37808391  0.39443724  0.37004067  0.37004067  0.37004067  0.38621545  0.35421152  0.35421152  0.35421152  0.37004067  0.37004067  0.34642201  0.35421152  0.39443724  0.38621545  0.37808391  0.39443724  0.40275130  0.46371904  0.35421152  0.34642201  0.32353319  0.33108449  0.33108449  0.33871356  0.33871356  0.33108449  0.33108449  0.31605810  0.32353319  0.35421152  0.37808391  0.37808391  0.33871356  0.33108449  0.32353319  0.30865768  0.36208381  0.35421152  0.35421152  0.39443724  0.33871356  
28_3_0     0.19299530  0.21213786  0.25197413  0.26574360  0.22518003  0.22518003  0.22518003  0.61418872  0.10406655  0.00000000  0.06067045  0.05542042  0.03478464  0.02467839  0.07128348  0.07664756  0.08749367  0.09850096  0.08749367  0.08205077  0.09297687  0.09850096  0.13836788  0.21863025  0.23178825  0.24518420  0.27272552  0.30133046  0.28688993  0.27977387  0.19299530  0.21863025  0.28688993  0.27272552  0.25197413  0.21213786  0.20570189  0.20570189  0.21863025  0.13836788  0.15613315  0.17433496  0.52029425  0.29407501  0.38621545  0.34642201  0.33871356  0.36208381  0.35421152  0.34642201  0.38621545  0.35421152  0.34642201  0.37808391  0.30133046  0.30865768  0.32353319  0.33108449  0.31605810  0.34642201  0.33108449  0.35421152  0.36208381  0.47285325  0.43697334  0.44578172  0.43697334  0.37808391  0.35421152  0.39443724  0.39443724  0.38621545  0.41966472  0.33871356  0.34642201  0.34642201  0.35421152  0.35421152  0.33108449  0.35421152  0.35421152  0.40275130  0.41115974  0.37004067  0.51055987  0.51055987  0.47285325  0.48210150  0.49146667  0.46371904  0.46371904  0.27977387  0.27977387  0.27977387  0.32353319  0.32353319  0.24518420  0.37004067  0.43697334  0.42826848  0.38621545  0.36208381  0.34642201  0.38621545  0.38621545  0.37004067  0.32353319  0.31605810  0.33108449  0.35421152  0.38621545  0.37004067  0.37004067  0.37004067  0.35421152  0.33871356  0.33871356  0.40275130  0.33871356  0.33108449  0.37004067  0.37808391  0.36208381  0.37808391  0.37004067  0.37004067  0.36208381  0.45469609  0.30865768  0.30133046  0.30865768  0.30133046  0.30133046  0.29407501  0.33108449  0.33871356  0.31605810  0.30133046  0.30133046  0.33871356  0.37004067  0.36208381  0.36208381  0.37004067  0.36208381  0.31605810  0.35421152  0.36208381  0.36208381  0.40275130  0.33108449  
56_3_0     0.21213786  0.23178825  0.22518003  0.25197413  0.21863025  0.23178825  0.23178825  0.60314865  0.12675673  0.06067045  0.00000000  0.00487034  0.05542042  0.03478464  0.08749367  0.08749367  0.08749367  0.12101869  0.12101869  0.10406655  0.11532476  0.09850096  0.17433496  0.24518420  0.22518003  0.29407501  0.25197413  0.25197413  0.30133046  0.26574360  0.22518003  0.23845595  0.30133046  0.28688993  0.23845595  0.20570189  0.19932135  0.19932135  0.22518003  0.18672281  0.18050299  0.18672281  0.52029425  0.30865768  0.37808391  0.39443724  0.35421152  0.37808391  0.34642201  0.32353319  0.38621545  0.38621545  0.33108449  0.37004067  0.33108449  0.33871356  0.33108449  0.36208381  0.34642201  0.34642201  0.35421152  0.35421152  0.36208381  0.47285325  0.42826848  0.43697334  0.42826848  0.33871356  0.30865768  0.41115974  0.39443724  0.34642201  0.40275130  0.34642201  0.35421152  0.33871356  0.35421152  0.35421152  0.33108449  0.36208381  0.36208381  0.41966472  0.37004067  0.34642201  0.54015535  0.54015535  0.51055987  0.49146667  0.49146667  0.48210150  0.51055987  0.30133046  0.30133046  0.30133046  0.33871356  0.32353319  0.30133046  0.40275130  0.41115974  0.41115974  0.40275130  0.40275130  0.37004067  0.41115974  0.40275130  0.40275130  0.33108449  0.32353319  0.33871356  0.37004067  0.40275130  0.34642201  0.34642201  0.34642201  0.37808391  0.34642201  0.33108449  0.35421152  0.34642201  0.35421152  0.38621545  0.39443724  0.35421152  0.37808391  0.33871356  0.37808391  0.37004067  0.50095176  0.33871356  0.31605810  0.32353319  0.33108449  0.33108449  0.32353319  0.35421152  0.36208381  0.33108449  0.31605810  0.32353319  0.37004067  0.39443724  0.37808391  0.37004067  0.39443724  0.38621545  0.35421152  0.39443724  0.38621545  0.37004067  0.42826848  0.35421152  
45_3_0     0.20570189  0.22518003  0.23178825  0.25882687  0.22518003  0.23845595  0.23845595  0.59227071  0.12101869  0.05542042  0.00487034  0.00000000  0.05020733  0.02971428  0.08205077  0.08205077  0.08205077  0.11532476  0.11532476  0.09850096  0.10967427  0.09297687  0.16821786  0.23845595  0.21863025  0.30133046  0.25882687  0.25882687  0.29407501  0.27272552  0.23178825  0.24518420  0.30865768  0.29407501  0.24518420  0.21213786  0.20570189  0.20570189  0.23178825  0.18050299  0.17433496  0.18050299  0.51055987  0.30133046  0.38621545  0.38621545  0.34642201  0.37004067  0.33871356  0.31605810  0.37808391  0.37808391  0.32353319  0.37004067  0.32353319  0.33108449  0.32353319  0.35421152  0.33871356  0.33871356  0.34642201  0.34642201  0.35421152  0.46371904  0.41966472  0.42826848  0.41966472  0.33108449  0.31605810  0.40275130  0.38621545  0.35421152  0.41115974  0.33871356  0.34642201  0.33108449  0.34642201  0.34642201  0.32353319  0.35421152  0.35421152  0.41115974  0.36208381  0.33871356  0.53015824  0.53015824  0.51055987  0.49146667  0.49146667  0.47285325  0.50095176  0.29407501  0.29407501  0.29407501  0.33108449  0.31605810  0.29407501  0.41115974  0.40275130  0.40275130  0.39443724  0.39443724  0.36208381  0.41966472  0.41115974  0.41115974  0.32353319  0.31605810  0.33108449  0.36208381  0.39443724  0.33871356  0.33871356  0.33871356  0.37004067  0.33871356  0.32353319  0.34642201  0.33871356  0.34642201  0.37808391  0.38621545  0.36208381  0.38621545  0.34642201  0.38621545  0.37808391  0.49146667  0.33108449  0.30865768  0.31605810  0.32353319  0.32353319  0.31605810  0.34642201  0.35421152  0.32353319  0.30865768  0.31605810  0.36208381  0.38621545  0.37004067  0.36208381  0.38621545  0.37808391  0.34642201  0.38621545  0.37808391  0.36208381  0.41966472  0.34642201  
21_3_0     0.19932135  0.21863025  0.25882687  0.27272552  0.24518420  0.25882687  0.25882687  0.61418872  0.12101869  0.03478464  0.05542042  0.05020733  0.00000000  0.02971428  0.09297687  0.09297687  0.10406655  0.11532476  0.10406655  0.09850096  0.12101869  0.11532476  0.15613315  0.24518420  0.21863025  0.27977387  0.25197413  0.26574360  0.32353319  0.28688993  0.22518003  0.22518003  0.25882687  0.25882687  0.25197413  0.23178825  0.22518003  0.22518003  0.24518420  0.15613315  0.16215086  0.18050299  0.50095176  0.28688993  0.37808391  0.33871356  0.36208381  0.35421152  0.33108449  0.32353319  0.34642201  0.36208381  0.32353319  0.37004067  0.32353319  0.33108449  0.34642201  0.35421152  0.35421152  0.33871356  0.34642201  0.35421152  0.36208381  0.47285325  0.42826848  0.43697334  0.42826848  0.35421152  0.33108449  0.41966472  0.40275130  0.37808391  0.42826848  0.31605810  0.33871356  0.35421152  0.36208381  0.36208381  0.33871356  0.36208381  0.36208381  0.41966472  0.38621545  0.34642201  0.50095176  0.50095176  0.48210150  0.50095176  0.52029425  0.47285325  0.45469609  0.27977387  0.27977387  0.27977387  0.30865768  0.30865768  0.27272552  0.38621545  0.41966472  0.41115974  0.38621545  0.36208381  0.36208381  0.40275130  0.38621545  0.37004067  0.35421152  0.34642201  0.36208381  0.37004067  0.39443724  0.38621545  0.38621545  0.38621545  0.38621545  0.37004067  0.35421152  0.40275130  0.35421152  0.36208381  0.40275130  0.41115974  0.37808391  0.37808391  0.38621545  0.38621545  0.37808391  0.46371904  0.32353319  0.31605810  0.30865768  0.31605810  0.31605810  0.30865768  0.30865768  0.31605810  0.33108449  0.31605810  0.31605810  0.33871356  0.38621545  0.36208381  0.32353319  0.34642201  0.33871356  0.32353319  0.34642201  0.33871356  0.35421152  0.39443724  0.29407501  
50_3_0     0.18672281  0.20570189  0.21863025  0.24518420  0.21863025  0.23178825  0.23178825  0.59227071  0.09850096  0.02467839  0.03478464  0.02971428  0.02971428  0.00000000  0.06067045  0.06067045  0.07128348  0.08205077  0.08205077  0.06595796  0.08749367  0.08205077  0.15613315  0.21213786  0.21863025  0.26574360  0.26574360  0.27977387  0.29407501  0.28688993  0.22518003  0.23845595  0.28688993  0.27272552  0.25197413  0.20570189  0.19932135  0.21213786  0.22518003  0.14424242  0.15016393  0.16821786  0.49146667  0.28688993  0.37808391  0.35421152  0.33108449  0.34642201  0.33871356  0.31605810  0.37004067  0.35421152  0.31605810  0.38621545  0.31605810  0.32353319  0.32353319  0.34642201  0.33108449  0.34642201  0.33871356  0.34642201  0.35421152  0.48210150  0.42826848  0.41966472  0.42826848  0.34642201  0.32353319  0.39443724  0.39443724  0.37004067  0.40275130  0.34642201  0.35421152  0.32353319  0.34642201  0.34642201  0.32353319  0.34642201  0.34642201  0.39443724  0.37004067  0.33108449  0.51055987  0.51055987  0.49146667  0.49146667  0.51055987  0.46371904  0.48210150  0.29407501  0.29407501  0.29407501  0.33871356  0.32353319  0.27272552  0.39443724  0.40275130  0.40275130  0.37808391  0.37808391  0.34642201  0.39443724  0.37808391  0.37808391  0.31605810  0.30865768  0.32353319  0.37808391  0.40275130  0.34642201  0.34642201  0.34642201  0.37808391  0.34642201  0.33108449  0.36208381  0.34642201  0.33871356  0.37808391  0.38621545  0.37808391  0.39443724  0.37004067  0.38621545  0.37808391  0.44578172  0.32353319  0.31605810  0.30865768  0.31605810  0.31605810  0.30865768  0.33108449  0.33871356  0.33108449  0.31605810  0.32353319  0.35421152  0.39443724  0.34642201  0.36208381  0.37004067  0.36208381  0.33108449  0.37004067  0.36208381  0.37808391  0.41966472  0.33108449  
42_3_0     0.21863025  0.22518003  0.21863025  0.24518420  0.21863025  0.22518003  0.22518003  0.59227071  0.13253955  0.07128348  0.08749367  0.08205077  0.09297687  0.06067045  0.00000000  0.09297687  0.11532476  0.12101869  0.12101869  0.10406655  0.12101869  0.11532476  0.16821786  0.21863025  0.23178825  0.28688993  0.32353319  0.32353319  0.30133046  0.31605810  0.26574360  0.27272552  0.31605810  0.28688993  0.22518003  0.23845595  0.22518003  0.22518003  0.21863025  0.15613315  0.16215086  0.16821786  0.48210150  0.30133046  0.41115974  0.40275130  0.33871356  0.35421152  0.37808391  0.35421152  0.37004067  0.35421152  0.33108449  0.39443724  0.33108449  0.33871356  0.34642201  0.35421152  0.32353319  0.35421152  0.32353319  0.33871356  0.34642201  0.48210150  0.43697334  0.42826848  0.43697334  0.35421152  0.33108449  0.39443724  0.39443724  0.40275130  0.39443724  0.34642201  0.41966472  0.33871356  0.34642201  0.34642201  0.32353319  0.34642201  0.36208381  0.41966472  0.41115974  0.37004067  0.52029425  0.52029425  0.50095176  0.48210150  0.53015824  0.46371904  0.51055987  0.30865768  0.30865768  0.30865768  0.33871356  0.32353319  0.27977387  0.41966472  0.41966472  0.41966472  0.41966472  0.40275130  0.38621545  0.44578172  0.41966472  0.43697334  0.37808391  0.37004067  0.38621545  0.42826848  0.44578172  0.37004067  0.37004067  0.37004067  0.41115974  0.37004067  0.37004067  0.38621545  0.38621545  0.35421152  0.37808391  0.38621545  0.44578172  0.44578172  0.41966472  0.43697334  0.41115974  0.45469609  0.37808391  0.35421152  0.34642201  0.33871356  0.33871356  0.34642201  0.37004067  0.37808391  0.37004067  0.35421152  0.36208381  0.39443724  0.41115974  0.38621545  0.35421152  0.36208381  0.35421152  0.33108449  0.37808391  0.37808391  0.39443724  0.41966472  0.37808391  
20_3_0     0.17433496  0.19299530  0.23845595  0.27272552  0.21863025  0.24518420  0.24518420  0.58155019  0.13253955  0.07664756  0.08749367  0.08205077  0.09297687  0.06067045  0.09297687  0.00000000  0.10406655  0.11532476  0.12675673  0.10967427  0.13253955  0.09297687  0.16821786  0.23845595  0.24518420  0.25882687  0.30865768  0.29407501  0.28688993  0.30865768  0.25197413  0.27977387  0.28688993  0.26574360  0.25197413  0.23178825  0.21213786  0.22518003  0.22518003  0.18050299  0.18672281  0.19299530  0.50095176  0.30133046  0.39443724  0.38621545  0.30865768  0.34642201  0.35421152  0.34642201  0.38621545  0.38621545  0.33871356  0.37808391  0.32353319  0.33108449  0.34642201  0.37004067  0.35421152  0.38621545  0.34642201  0.35421152  0.36208381  0.46371904  0.46371904  0.48210150  0.50095176  0.35421152  0.33108449  0.39443724  0.39443724  0.41115974  0.40275130  0.35421152  0.36208381  0.33108449  0.35421152  0.35421152  0.33108449  0.35421152  0.35421152  0.43697334  0.38621545  0.36208381  0.51055987  0.51055987  0.51055987  0.49146667  0.49146667  0.47285325  0.50095176  0.30133046  0.30133046  0.30133046  0.37808391  0.36208381  0.30865768  0.41966472  0.41115974  0.41966472  0.42826848  0.39443724  0.36208381  0.44578172  0.41115974  0.42826848  0.33871356  0.33108449  0.34642201  0.37004067  0.39443724  0.33871356  0.33871356  0.33871356  0.36208381  0.34642201  0.33108449  0.37808391  0.37004067  0.33108449  0.37808391  0.38621545  0.42826848  0.42826848  0.40275130  0.41966472  0.42826848  0.41966472  0.34642201  0.32353319  0.31605810  0.32353319  0.32353319  0.33108449  0.33108449  0.33871356  0.35421152  0.33871356  0.34642201  0.34642201  0.38621545  0.37004067  0.37808391  0.38621545  0.37808391  0.37808391  0.38621545  0.37808391  0.41115974  0.43697334  0.37808391  
29_3_0     0.17433496  0.19299530  0.22518003  0.22518003  0.21213786  0.23845595  0.23845595  0.57098261  0.12101869  0.08749367  0.08749367  0.08205077  0.10406655  0.07128348  0.11532476  0.10406655  0.00000000  0.08749367  0.07664756  0.07128348  0.08205077  0.02971428  0.12675673  0.21213786  0.23178825  0.28688993  0.23178825  0.24518420  0.22518003  0.24518420  0.21863025  0.24518420  0.27272552  0.25882687  0.24518420  0.21213786  0.16821786  0.20570189  0.20570189  0.16821786  0.16215086  0.15613315  0.50095176  0.28688993  0.33108449  0.33108449  0.32353319  0.36208381  0.37004067  0.34642201  0.39443724  0.35421152  0.31605810  0.35421152  0.30133046  0.30865768  0.32353319  0.34642201  0.32353319  0.33871356  0.34642201  0.34642201  0.33871356  0.44578172  0.41115974  0.40275130  0.37808391  0.33871356  0.34642201  0.37004067  0.37004067  0.37004067  0.44578172  0.30133046  0.33108449  0.27977387  0.30133046  0.30133046  0.27977387  0.30133046  0.30133046  0.33871356  0.33871356  0.30133046  0.48210150  0.48210150  0.48210150  0.44578172  0.46371904  0.42826848  0.43697334  0.27272552  0.27272552  0.27272552  0.30133046  0.28688993  0.23178825  0.35421152  0.41966472  0.41966472  0.42826848  0.41115974  0.35421152  0.41115974  0.39443724  0.39443724  0.33108449  0.33871356  0.33871356  0.38621545  0.35421152  0.31605810  0.31605810  0.31605810  0.34642201  0.33108449  0.31605810  0.35421152  0.35421152  0.31605810  0.36208381  0.37004067  0.36208381  0.35421152  0.34642201  0.36208381  0.36208381  0.47285325  0.36208381  0.35421152  0.33108449  0.33871356  0.33871356  0.34642201  0.31605810  0.30865768  0.35421152  0.33871356  0.34642201  0.36208381  0.40275130  0.38621545  0.30865768  0.30133046  0.30865768  0.30865768  0.31605810  0.30865768  0.32353319  0.36208381  0.30865768  
25_3_0     0.19299530  0.21213786  0.21213786  0.21863025  0.21863025  0.20570189  0.19299530  0.59227071  0.16215086  0.09850096  0.12101869  0.11532476  0.11532476  0.08205077  0.12101869  0.11532476  0.08749367  0.00000000  0.02971428  0.01470816  0.05542042  0.09850096  0.16215086  0.22518003  0.25197413  0.27977387  0.27272552  0.28688993  0.27272552  0.29407501  0.23178825  0.24518420  0.27977387  0.28688993  0.26574360  0.20570189  0.21213786  0.21863025  0.20570189  0.13253955  0.13836788  0.15613315  0.49146667  0.32353319  0.36208381  0.35421152  0.33108449  0.37004067  0.37808391  0.35421152  0.37808391  0.34642201  0.33108449  0.35421152  0.28688993  0.29407501  0.32353319  0.32353319  0.33871356  0.33871356  0.34642201  0.35421152  0.34642201  0.44578172  0.41966472  0.40275130  0.40275130  0.33871356  0.33108449  0.38621545  0.40275130  0.35421152  0.41115974  0.30133046  0.36208381  0.29407501  0.30133046  0.30133046  0.29407501  0.31605810  0.33108449  0.33108449  0.34642201  0.29407501  0.45469609  0.45469609  0.43697334  0.43697334  0.45469609  0.41115974  0.42826848  0.27977387  0.27977387  0.27977387  0.32353319  0.30865768  0.25882687  0.40275130  0.41115974  0.41115974  0.41115974  0.36208381  0.35421152  0.42826848  0.41966472  0.41115974  0.35421152  0.34642201  0.34642201  0.39443724  0.37808391  0.33871356  0.33871356  0.33871356  0.38621545  0.34642201  0.34642201  0.36208381  0.37808391  0.35421152  0.36208381  0.37004067  0.41115974  0.44578172  0.41966472  0.43697334  0.40275130  0.48210150  0.34642201  0.35421152  0.33871356  0.33108449  0.33108449  0.33108449  0.34642201  0.37004067  0.37808391  0.36208381  0.36208381  0.35421152  0.41115974  0.39443724  0.37808391  0.38621545  0.37808391  0.34642201  0.38621545  0.37808391  0.40275130  0.43697334  0.33871356  
7_3_0      0.18672281  0.20570189  0.20570189  0.19299530  0.21863025  0.19299530  0.18050299  0.55028923  0.13836788  0.08749367  0.12101869  0.11532476  0.10406655  0.08205077  0.12101869  0.12675673  0.07664756  0.02971428  0.00000000  0.01470816  0.04503067  0.08749367  0.14424242  0.19932135  0.23178825  0.25882687  0.24518420  0.27272552  0.25197413  0.26574360  0.20570189  0.20570189  0.26574360  0.25197413  0.23845595  0.19299530  0.19932135  0.19299530  0.18672281  0.10967427  0.11532476  0.13253955  0.48210150  0.27977387  0.35421152  0.33871356  0.32353319  0.33871356  0.34642201  0.33871356  0.34642201  0.31605810  0.30865768  0.33108449  0.26574360  0.27272552  0.30133046  0.30133046  0.31605810  0.30133046  0.30865768  0.32353319  0.33108449  0.43697334  0.40275130  0.41115974  0.38621545  0.32353319  0.33108449  0.37808391  0.37808391  0.33871356  0.42826848  0.28688993  0.34642201  0.27977387  0.27272552  0.27272552  0.26574360  0.28688993  0.30133046  0.32353319  0.34642201  0.29407501  0.41966472  0.41966472  0.41966472  0.40275130  0.41966472  0.37808391  0.39443724  0.25197413  0.25197413  0.25197413  0.27977387  0.26574360  0.21863025  0.35421152  0.38621545  0.37808391  0.37808391  0.35421152  0.33108449  0.41115974  0.41966472  0.37808391  0.34642201  0.35421152  0.33871356  0.38621545  0.36208381  0.33871356  0.33871356  0.33871356  0.37004067  0.32353319  0.32353319  0.36208381  0.38621545  0.33108449  0.35421152  0.36208381  0.39443724  0.42826848  0.41966472  0.41966472  0.37808391  0.48210150  0.36208381  0.37004067  0.32353319  0.31605810  0.31605810  0.31605810  0.35421152  0.36208381  0.33871356  0.32353319  0.32353319  0.33108449  0.39443724  0.37004067  0.36208381  0.35421152  0.34642201  0.31605810  0.35421152  0.34642201  0.37004067  0.41115974  0.33871356  
38_3_0     0.18050299  0.19932135  0.21213786  0.21213786  0.19932135  0.19932135  0.18672281  0.57098261  0.14424242  0.08205077  0.10406655  0.09850096  0.09850096  0.06595796  0.10406655  0.10967427  0.07128348  0.01470816  0.01470816  0.00000000  0.03988994  0.08205077  0.14424242  0.20570189  0.23178825  0.27977387  0.25197413  0.26574360  0.25882687  0.27272552  0.21213786  0.22518003  0.27272552  0.27272552  0.24518420  0.18672281  0.19299530  0.19932135  0.19932135  0.11532476  0.12101869  0.13836788  0.49146667  0.30133046  0.34642201  0.34642201  0.32353319  0.35421152  0.36208381  0.33871356  0.36208381  0.33108449  0.30865768  0.33871356  0.27977387  0.28688993  0.31605810  0.31605810  0.31605810  0.31605810  0.32353319  0.33871356  0.34642201  0.44578172  0.40275130  0.39443724  0.38621545  0.32353319  0.31605810  0.37808391  0.39443724  0.33871356  0.41115974  0.28688993  0.34642201  0.27977387  0.28688993  0.28688993  0.27977387  0.30133046  0.31605810  0.33871356  0.35421152  0.30133046  0.43697334  0.43697334  0.41966472  0.41966472  0.43697334  0.39443724  0.41115974  0.25882687  0.25882687  0.25882687  0.30133046  0.28688993  0.23845595  0.37808391  0.38621545  0.38621545  0.38621545  0.35421152  0.33108449  0.40275130  0.39443724  0.38621545  0.34642201  0.33871356  0.33871356  0.39443724  0.37808391  0.33871356  0.33871356  0.33871356  0.38621545  0.33871356  0.33871356  0.36208381  0.37004067  0.34642201  0.36208381  0.37004067  0.39443724  0.42826848  0.40275130  0.41966472  0.37808391  0.48210150  0.34642201  0.35421152  0.32353319  0.31605810  0.31605810  0.31605810  0.33871356  0.36208381  0.35421152  0.33871356  0.34642201  0.34642201  0.40275130  0.37004067  0.35421152  0.36208381  0.35421152  0.32353319  0.36208381  0.35421152  0.37808391  0.41966472  0.33108449  
12_3_0     0.21213786  0.23178825  0.22518003  0.23845595  0.23845595  0.22518003  0.22518003  0.59227071  0.16215086  0.09297687  0.11532476  0.10967427  0.12101869  0.08749367  0.12101869  0.13253955  0.08205077  0.05542042  0.04503067  0.03988994  0.00000000  0.09297687  0.13836788  0.19932135  0.25197413  0.30133046  0.26574360  0.27272552  0.26574360  0.26574360  0.21863025  0.24518420  0.30865768  0.27977387  0.27977387  0.21863025  0.21863025  0.21213786  0.21863025  0.15613315  0.15016393  0.16821786  0.52029425  0.32353319  0.39443724  0.38621545  0.32353319  0.40275130  0.41115974  0.38621545  0.38621545  0.37808391  0.33871356  0.33871356  0.30865768  0.31605810  0.33108449  0.32353319  0.32353319  0.33108449  0.33871356  0.37004067  0.37808391  0.44578172  0.38621545  0.37808391  0.37004067  0.33108449  0.33871356  0.39443724  0.39443724  0.35421152  0.44578172  0.30133046  0.37808391  0.30133046  0.30865768  0.30865768  0.30133046  0.32353319  0.33871356  0.33871356  0.37004067  0.31605810  0.48210150  0.48210150  0.48210150  0.45469609  0.46371904  0.43697334  0.45469609  0.27272552  0.27272552  0.27272552  0.31605810  0.30133046  0.25197413  0.40275130  0.42826848  0.42826848  0.42826848  0.40275130  0.33871356  0.41115974  0.42826848  0.41115974  0.35421152  0.36208381  0.36208381  0.41115974  0.38621545  0.36208381  0.36208381  0.36208381  0.39443724  0.36208381  0.36208381  0.38621545  0.41115974  0.35421152  0.35421152  0.36208381  0.38621545  0.41966472  0.41115974  0.41115974  0.36208381  0.51055987  0.37004067  0.37808391  0.36208381  0.35421152  0.35421152  0.35421152  0.39443724  0.37004067  0.36208381  0.34642201  0.35421152  0.33871356  0.39443724  0.38621545  0.37004067  0.36208381  0.35421152  0.33871356  0.36208381  0.37004067  0.36208381  0.40275130  0.36208381  
