144
70_0_0     0.00000000  0.03449629  0.02669087  0.16730977  0.18631483  0.17675154  0.15798645  0.16730977  0.19114302  0.15336829  0.19114302  0.25166927  0.24123299  0.32333045  0.29494486  0.29494486  0.25166927  0.25166927  0.20089455  0.20089455  0.20581872  0.23094124  0.26760375  0.25694289  0.28939557  0.32914004  0.25694289  0.22079009  0.26225420  0.26225420  0.14877866  0.18151780  0.16730977  0.19600279  0.17675154  0.20089455  0.18151780  0.19600279  0.21077574  0.21576605  0.21576605  0.21576605  0.23606930  0.21077574  0.21576605  0.21576605  0.22584833  0.25694289  0.25694289  0.25166927  0.15798645  0.20089455  0.18631483  0.18631483  0.20089455  0.19600279  0.18631483  0.22079009  0.20089455  0.18631483  0.19114302  0.20089455  0.20581872  0.18151780  0.20089455  0.19600279  0.17201566  0.16730977  0.16730977  0.16730977  0.19114302  0.17201566  0.17675154  0.16263349  0.19600279  0.20089455  0.18631483  0.17201566  0.17675154  0.17675154  0.20581872  0.17201566  0.19114302  0.19114302  0.16730977  0.17675154  0.20581872  0.19114302  0.22079009  0.19114302  0.16263349  0.15798645  0.15798645  0.15798645  0.16730977  0.16730977  0.15336829  0.15336829  0.16263349  0.17675154  0.22079009  0.15798645  0.16263349  0.19600279  0.18631483  0.18631483  0.29494486  0.17675154  0.23094124  0.24123299  0.23606930  0.21576605  0.21077574  0.20089455  0.21077574  0.19600279  0.20581872  0.18631483  0.18151780  0.18631483  0.30616932  0.28939557  0.30616932  0.30616932  0.30616932  0.31756593  0.31184578  0.32333045  0.32914004  0.30616932  0.28388741  0.27841978  0.28939557  0.31184578  0.29494486  0.30616932  0.28388741  0.28388741  0.33499541  0.37732806  0.28388741  0.28388741  0.29494486  0.32333045  
78_0_0     0.03449629  0.00000000  0.03058333  0.16263349  0.18151780  0.16263349  0.16263349  0.17201566  0.18631483  0.15798645  0.20581872  0.24643281  0.27841978  0.30616932  0.27841978  0.27841978  0.23606930  0.23606930  0.20581872  0.20581872  0.22079009  0.24643281  0.26760375  0.27299209  0.29494486  0.33499541  0.26225420  0.24123299  0.28388741  0.27299209  0.15336829  0.18631483  0.17201566  0.19114302  0.17201566  0.19600279  0.17675154  0.19114302  0.21576605  0.23094124  0.23094124  0.23094124  0.25166927  0.22584833  0.23094124  0.23094124  0.23094124  0.25166927  0.25166927  0.24643281  0.17201566  0.18631483  0.17201566  0.19114302  0.20581872  0.20089455  0.19114302  0.23606930  0.20581872  0.19114302  0.19600279  0.20581872  0.21077574  0.18631483  0.21576605  0.21077574  0.19600279  0.19114302  0.18151780  0.18151780  0.20581872  0.18631483  0.20089455  0.18631483  0.21077574  0.19600279  0.19114302  0.18631483  0.19114302  0.19114302  0.22079009  0.18631483  0.20581872  0.20581872  0.18151780  0.19114302  0.22079009  0.21576605  0.22584833  0.17675154  0.19600279  0.19114302  0.19114302  0.19114302  0.20089455  0.20089455  0.18631483  0.18631483  0.19600279  0.20089455  0.24643281  0.19114302  0.19600279  0.22079009  0.22079009  0.22079009  0.32333045  0.21077574  0.26760375  0.28939557  0.28388741  0.26225420  0.24643281  0.23606930  0.23606930  0.22079009  0.24123299  0.22079009  0.21576605  0.22079009  0.31184578  0.29494486  0.31184578  0.31184578  0.31184578  0.32333045  0.30616932  0.31756593  0.34684640  0.32333045  0.30053590  0.29494486  0.30616932  0.30616932  0.28939557  0.29494486  0.27841978  0.27841978  0.34089728  0.38357736  0.27841978  0.27841978  0.28939557  0.32914004  
81_0_0     0.02669087  0.03058333  0.00000000  0.16263349  0.18151780  0.17201566  0.15336829  0.16263349  0.18631483  0.14877866  0.19600279  0.25694289  0.26760375  0.32914004  0.30053590  0.30053590  0.25694289  0.25694289  0.19600279  0.19600279  0.21077574  0.23606930  0.26225420  0.26225420  0.28939557  0.32914004  0.25694289  0.22079009  0.26225420  0.26225420  0.14421720  0.18631483  0.17201566  0.20089455  0.18151780  0.20581872  0.18631483  0.20089455  0.21576605  0.22079009  0.22079009  0.22079009  0.24123299  0.21576605  0.23094124  0.21077574  0.22079009  0.26225420  0.25694289  0.25694289  0.15336829  0.19114302  0.17675154  0.17675154  0.19114302  0.18631483  0.17675154  0.22079009  0.19114302  0.17675154  0.18151780  0.19114302  0.19600279  0.17201566  0.19114302  0.18631483  0.17675154  0.17201566  0.16263349  0.16263349  0.18631483  0.16730977  0.18151780  0.16730977  0.19114302  0.19600279  0.18151780  0.16730977  0.17201566  0.17201566  0.19114302  0.16730977  0.18631483  0.18631483  0.16263349  0.17201566  0.20089455  0.19600279  0.21576605  0.17675154  0.18631483  0.18151780  0.18151780  0.18151780  0.19114302  0.19114302  0.17675154  0.17675154  0.18631483  0.18151780  0.23606930  0.18151780  0.18631483  0.21077574  0.20089455  0.20089455  0.31184578  0.20089455  0.23606930  0.25694289  0.25166927  0.24123299  0.24643281  0.23606930  0.23606930  0.23094124  0.24123299  0.22079009  0.21576605  0.22079009  0.31184578  0.28388741  0.28939557  0.28939557  0.28939557  0.31184578  0.29494486  0.30616932  0.33499541  0.30053590  0.27841978  0.27299209  0.28388741  0.29494486  0.27841978  0.28939557  0.27299209  0.26760375  0.31756593  0.35888945  0.26760375  0.26760375  0.27841978  0.30616932  
63_0_0     0.16730977  0.16263349  0.16263349  0.00000000  0.02281869  0.01513434  0.00752864  0.01513434  0.04238456  0.06656459  0.12624629  0.20581872  0.28939557  0.26760375  0.25694289  0.25694289  0.24643281  0.25694289  0.17675154  0.17675154  0.21576605  0.26760375  0.25694289  0.26225420  0.27841978  0.28388741  0.25166927  0.20581872  0.26760375  0.24643281  0.15798645  0.18631483  0.17201566  0.17201566  0.17201566  0.17675154  0.16730977  0.16263349  0.18151780  0.21576605  0.20581872  0.20581872  0.23094124  0.20089455  0.22584833  0.18631483  0.19600279  0.24643281  0.24643281  0.24123299  0.13968356  0.16730977  0.15336829  0.16730977  0.17201566  0.17675154  0.16730977  0.21077574  0.17201566  0.16730977  0.16263349  0.19114302  0.18631483  0.17201566  0.17201566  0.16730977  0.15798645  0.16263349  0.16263349  0.15336829  0.20581872  0.20581872  0.18631483  0.19114302  0.18151780  0.20089455  0.17675154  0.19114302  0.19600279  0.19600279  0.18631483  0.20089455  0.20089455  0.20089455  0.18631483  0.20089455  0.24123299  0.23094124  0.22079009  0.20089455  0.19600279  0.19114302  0.20089455  0.20089455  0.19600279  0.19600279  0.20089455  0.20089455  0.19600279  0.18151780  0.21576605  0.18151780  0.18631483  0.19114302  0.19600279  0.19600279  0.32914004  0.21077574  0.27299209  0.27299209  0.26760375  0.25166927  0.22584833  0.22079009  0.21077574  0.22584833  0.23606930  0.21576605  0.22079009  0.21576605  0.31756593  0.34089728  0.36498496  0.36498496  0.36498496  0.38357736  0.31184578  0.28939557  0.37732806  0.32914004  0.32333045  0.32914004  0.32914004  0.29494486  0.30053590  0.32333045  0.28388741  0.28388741  0.31184578  0.34684640  0.31756593  0.31756593  0.32914004  0.34684640  
60_7_0     0.18631483  0.18151780  0.18151780  0.02281869  0.00000000  0.03842996  0.03058333  0.03842996  0.05841685  0.08313307  0.15336829  0.21576605  0.30053590  0.26760375  0.25694289  0.25694289  0.24643281  0.25694289  0.17675154  0.17675154  0.21576605  0.27841978  0.27299209  0.27841978  0.31184578  0.31756593  0.27299209  0.21576605  0.27841978  0.25694289  0.16730977  0.20581872  0.19114302  0.17675154  0.17675154  0.18151780  0.17201566  0.16730977  0.19600279  0.22584833  0.22584833  0.22584833  0.25166927  0.22079009  0.24643281  0.20581872  0.21576605  0.27841978  0.27841978  0.27299209  0.14877866  0.17675154  0.16263349  0.16730977  0.18151780  0.18631483  0.15798645  0.21077574  0.17201566  0.17675154  0.17201566  0.19114302  0.18631483  0.17201566  0.17201566  0.16730977  0.16730977  0.17201566  0.17201566  0.16263349  0.20581872  0.21077574  0.17675154  0.19114302  0.20581872  0.22079009  0.19600279  0.21077574  0.21576605  0.21576605  0.20581872  0.20581872  0.21077574  0.21077574  0.20581872  0.22079009  0.26225420  0.24123299  0.22584833  0.20089455  0.20581872  0.20089455  0.21077574  0.21077574  0.21077574  0.21077574  0.21576605  0.21576605  0.20581872  0.18151780  0.21576605  0.18151780  0.18631483  0.19114302  0.19600279  0.19600279  0.32333045  0.23606930  0.30053590  0.30053590  0.29494486  0.27841978  0.24123299  0.23606930  0.22584833  0.24123299  0.25166927  0.23094124  0.23606930  0.23094124  0.33499541  0.35888945  0.37113088  0.37113088  0.37113088  0.38987965  0.33499541  0.31184578  0.37732806  0.34089728  0.33499541  0.34089728  0.34089728  0.30053590  0.31184578  0.32333045  0.29494486  0.29494486  0.33499541  0.37113088  0.32914004  0.32914004  0.34089728  0.37113088  
60_0_0     0.17675154  0.16263349  0.17201566  0.01513434  0.03842996  0.00000000  0.02281869  0.03058333  0.05841685  0.07480266  0.13517742  0.22079009  0.30616932  0.27299209  0.25166927  0.26225420  0.25166927  0.26225420  0.18631483  0.18631483  0.23606930  0.27841978  0.25166927  0.25694289  0.27299209  0.27841978  0.24643281  0.21576605  0.27841978  0.25694289  0.16730977  0.19600279  0.18151780  0.17201566  0.18151780  0.18631483  0.17675154  0.17201566  0.19114302  0.23606930  0.22584833  0.22584833  0.25166927  0.22079009  0.24643281  0.20581872  0.21576605  0.25694289  0.25694289  0.25166927  0.14877866  0.16730977  0.15336829  0.17675154  0.18151780  0.18631483  0.17675154  0.22079009  0.18151780  0.17675154  0.17201566  0.20089455  0.19600279  0.18151780  0.18151780  0.17675154  0.17201566  0.17675154  0.17201566  0.16263349  0.21576605  0.21576605  0.19600279  0.19114302  0.19114302  0.20089455  0.18631483  0.20089455  0.20581872  0.20581872  0.19600279  0.21077574  0.21077574  0.21077574  0.19600279  0.21077574  0.23094124  0.22079009  0.22079009  0.18151780  0.20581872  0.20089455  0.21077574  0.21077574  0.20581872  0.20581872  0.21077574  0.21077574  0.20581872  0.19114302  0.22584833  0.19114302  0.19600279  0.20089455  0.20581872  0.20581872  0.32914004  0.21077574  0.28388741  0.28388741  0.27841978  0.26225420  0.22584833  0.23094124  0.21077574  0.22584833  0.23606930  0.21576605  0.22079009  0.22584833  0.32914004  0.35284353  0.37732806  0.37732806  0.37732806  0.37113088  0.31184578  0.30053590  0.37113088  0.32914004  0.32333045  0.32914004  0.32914004  0.29494486  0.30053590  0.32333045  0.29494486  0.29494486  0.31184578  0.34684640  0.31756593  0.31756593  0.31756593  0.34684640  
74_0_0     0.15798645  0.16263349  0.15336829  0.00752864  0.03058333  0.02281869  0.00000000  0.00752864  0.05035747  0.07480266  0.12624629  0.21576605  0.28939557  0.27841978  0.26760375  0.26760375  0.25694289  0.26760375  0.18631483  0.18631483  0.21576605  0.25694289  0.25694289  0.25166927  0.28939557  0.29494486  0.26225420  0.19600279  0.25694289  0.23606930  0.16730977  0.18631483  0.17201566  0.18151780  0.18151780  0.18631483  0.17675154  0.17201566  0.19114302  0.21576605  0.20581872  0.20581872  0.23094124  0.20089455  0.22584833  0.18631483  0.20581872  0.25694289  0.25694289  0.25166927  0.13968356  0.17675154  0.16263349  0.16730977  0.17201566  0.17675154  0.16730977  0.21077574  0.17201566  0.16730977  0.16263349  0.19114302  0.18631483  0.17201566  0.17201566  0.16730977  0.15798645  0.16263349  0.16263349  0.15336829  0.20581872  0.20581872  0.18631483  0.19114302  0.18151780  0.20089455  0.17675154  0.19114302  0.19600279  0.19600279  0.18631483  0.20089455  0.20089455  0.20089455  0.18631483  0.20089455  0.24123299  0.23094124  0.23094124  0.20581872  0.19600279  0.19114302  0.20089455  0.20089455  0.19600279  0.19600279  0.20089455  0.20089455  0.19600279  0.18151780  0.21576605  0.18151780  0.18631483  0.20089455  0.19600279  0.19600279  0.32914004  0.22079009  0.27299209  0.27299209  0.26760375  0.25166927  0.23606930  0.23094124  0.22079009  0.23606930  0.24643281  0.22584833  0.23094124  0.22584833  0.31756593  0.34089728  0.36498496  0.36498496  0.36498496  0.37113088  0.31184578  0.28939557  0.36498496  0.32914004  0.31184578  0.31756593  0.31756593  0.29494486  0.30053590  0.32333045  0.28388741  0.28388741  0.31184578  0.34684640  0.31756593  0.31756593  0.32914004  0.33499541  
100_0_0    0.16730977  0.17201566  0.16263349  0.01513434  0.03842996  0.03058333  0.00752864  0.00000000  0.05841685  0.08313307  0.13517742  0.21576605  0.30053590  0.27841978  0.26760375  0.26760375  0.26760375  0.26760375  0.19600279  0.19600279  0.22584833  0.25694289  0.25694289  0.26225420  0.27841978  0.28388741  0.26225420  0.20581872  0.26760375  0.24643281  0.16730977  0.18631483  0.17201566  0.18151780  0.18151780  0.18631483  0.17675154  0.17201566  0.19114302  0.21576605  0.20581872  0.20581872  0.23094124  0.20089455  0.23606930  0.18631483  0.20581872  0.25694289  0.25694289  0.25166927  0.13968356  0.18631483  0.17201566  0.16730977  0.17201566  0.17675154  0.15798645  0.20089455  0.17201566  0.15798645  0.15336829  0.18151780  0.17675154  0.16263349  0.17201566  0.16730977  0.15798645  0.16263349  0.16263349  0.15336829  0.20581872  0.20581872  0.19600279  0.19114302  0.19114302  0.21077574  0.18631483  0.20089455  0.20581872  0.20581872  0.19600279  0.21077574  0.21077574  0.21077574  0.19600279  0.21077574  0.25166927  0.24123299  0.24123299  0.21576605  0.19600279  0.19114302  0.20089455  0.20089455  0.19600279  0.19600279  0.20089455  0.20089455  0.19600279  0.18151780  0.21576605  0.18151780  0.18631483  0.20089455  0.19600279  0.19600279  0.34089728  0.23094124  0.27299209  0.28388741  0.27841978  0.26225420  0.24643281  0.24123299  0.23094124  0.24123299  0.25694289  0.23606930  0.24123299  0.23606930  0.31756593  0.32914004  0.36498496  0.36498496  0.36498496  0.37113088  0.31184578  0.28939557  0.35284353  0.31756593  0.31184578  0.31756593  0.31756593  0.29494486  0.30053590  0.33499541  0.28388741  0.28388741  0.31184578  0.34684640  0.31756593  0.31756593  0.32914004  0.33499541  
25_0_0     0.19114302  0.18631483  0.18631483  0.04238456  0.05841685  0.05841685  0.05035747  0.05841685  0.00000000  0.08733356  0.14877866  0.21077574  0.30053590  0.28388741  0.27299209  0.27299209  0.26225420  0.27299209  0.17675154  0.17675154  0.21576605  0.26225420  0.26225420  0.26760375  0.29494486  0.31184578  0.27841978  0.21077574  0.25166927  0.25166927  0.16730977  0.20581872  0.19114302  0.19114302  0.19114302  0.20581872  0.17675154  0.19114302  0.20089455  0.22584833  0.21576605  0.21576605  0.23094124  0.21077574  0.24643281  0.20581872  0.21576605  0.26760375  0.27841978  0.27299209  0.15798645  0.17675154  0.16263349  0.17675154  0.18151780  0.18631483  0.16730977  0.20581872  0.18151780  0.18631483  0.18151780  0.19114302  0.19114302  0.18151780  0.18151780  0.17675154  0.17201566  0.17675154  0.17675154  0.16730977  0.21576605  0.22079009  0.20089455  0.21576605  0.18631483  0.20581872  0.18151780  0.19600279  0.20089455  0.20089455  0.19114302  0.20089455  0.19600279  0.19600279  0.19114302  0.20581872  0.26225420  0.25166927  0.23094124  0.20089455  0.21576605  0.21077574  0.22079009  0.22079009  0.21576605  0.21576605  0.21077574  0.21077574  0.21576605  0.21077574  0.26225420  0.21077574  0.21576605  0.21077574  0.21077574  0.21077574  0.32914004  0.23094124  0.30053590  0.30616932  0.30053590  0.27299209  0.25694289  0.25166927  0.24123299  0.25694289  0.26760375  0.24643281  0.25166927  0.24643281  0.33499541  0.35888945  0.37732806  0.37732806  0.37732806  0.40264689  0.32914004  0.30616932  0.38357736  0.35284353  0.34684640  0.35284353  0.35284353  0.32333045  0.32333045  0.33499541  0.30053590  0.30053590  0.30616932  0.32914004  0.33499541  0.33499541  0.34684640  0.35284353  
71_0_0     0.15336829  0.15798645  0.14877866  0.06656459  0.08313307  0.07480266  0.07480266  0.08313307  0.08733356  0.00000000  0.07067221  0.21576605  0.28939557  0.28939557  0.27841978  0.27841978  0.25694289  0.26760375  0.16730977  0.16730977  0.20581872  0.25166927  0.24643281  0.24643281  0.26760375  0.28388741  0.23094124  0.22584833  0.28939557  0.27841978  0.17675154  0.19600279  0.18151780  0.18151780  0.18151780  0.19600279  0.16730977  0.18151780  0.18151780  0.22079009  0.21077574  0.21077574  0.23606930  0.20581872  0.26225420  0.20089455  0.21077574  0.25166927  0.25166927  0.24643281  0.16730977  0.18631483  0.17201566  0.21576605  0.22079009  0.22584833  0.19600279  0.25166927  0.22079009  0.21576605  0.21077574  0.24123299  0.23606930  0.22079009  0.21077574  0.20581872  0.19114302  0.18631483  0.17675154  0.16730977  0.23094124  0.20581872  0.19114302  0.19600279  0.20581872  0.22584833  0.21077574  0.19600279  0.20089455  0.20089455  0.20089455  0.19600279  0.20581872  0.20581872  0.19114302  0.20581872  0.24643281  0.23094124  0.21576605  0.19600279  0.21077574  0.20581872  0.21576605  0.21576605  0.21077574  0.21077574  0.20581872  0.20581872  0.21077574  0.17675154  0.22584833  0.18631483  0.20089455  0.19600279  0.19600279  0.19600279  0.35284353  0.21077574  0.27841978  0.27841978  0.27299209  0.25694289  0.23606930  0.24123299  0.23094124  0.22584833  0.24643281  0.21576605  0.22079009  0.21576605  0.34089728  0.33499541  0.35284353  0.35284353  0.35284353  0.35284353  0.30616932  0.29494486  0.37113088  0.31756593  0.31184578  0.31756593  0.31756593  0.30616932  0.30053590  0.32333045  0.28939557  0.28939557  0.30616932  0.34089728  0.31184578  0.31184578  0.32333045  0.34089728  
36_0_0     0.19114302  0.20581872  0.19600279  0.12624629  0.15336829  0.13517742  0.12624629  0.13517742  0.14877866  0.07067221  0.00000000  0.24643281  0.30616932  0.28939557  0.27841978  0.27841978  0.27841978  0.28939557  0.22079009  0.22079009  0.26225420  0.29494486  0.27299209  0.26225420  0.27299209  0.27299209  0.23094124  0.26760375  0.31184578  0.30053590  0.22584833  0.23606930  0.23094124  0.23094124  0.22584833  0.24123299  0.21576605  0.23094124  0.22079009  0.25694289  0.24643281  0.24643281  0.27299209  0.24123299  0.27841978  0.25166927  0.25166927  0.27299209  0.27299209  0.26760375  0.21576605  0.23606930  0.22079009  0.26760375  0.25166927  0.25694289  0.27299209  0.32914004  0.28388741  0.27841978  0.27299209  0.29494486  0.28939557  0.27299209  0.27299209  0.26760375  0.24123299  0.23094124  0.21576605  0.21576605  0.26225420  0.25694289  0.24123299  0.22584833  0.26225420  0.27299209  0.26225420  0.25694289  0.26225420  0.26225420  0.24643281  0.25694289  0.25166927  0.25166927  0.25166927  0.25694289  0.28939557  0.27841978  0.25694289  0.25166927  0.24123299  0.23606930  0.23606930  0.23606930  0.23094124  0.24123299  0.23606930  0.23606930  0.24123299  0.22584833  0.26760375  0.22584833  0.24123299  0.23606930  0.23606930  0.23606930  0.37113088  0.27299209  0.32333045  0.30053590  0.30616932  0.30053590  0.27299209  0.27841978  0.25694289  0.27841978  0.28939557  0.26760375  0.27299209  0.26760375  0.34089728  0.35888945  0.35888945  0.35888945  0.35888945  0.34089728  0.33499541  0.30616932  0.38357736  0.34089728  0.32333045  0.31756593  0.32914004  0.32914004  0.31184578  0.33499541  0.31184578  0.31184578  0.32914004  0.36498496  0.33499541  0.33499541  0.33499541  0.34684640  
97_0_0     0.25166927  0.24643281  0.25694289  0.20581872  0.21576605  0.22079009  0.21576605  0.21576605  0.21077574  0.21576605  0.24643281  0.00000000  0.12624629  0.11742122  0.10869973  0.10437707  0.10437707  0.10437707  0.22584833  0.22584833  0.23606930  0.34684640  0.29494486  0.28939557  0.31184578  0.33499541  0.27841978  0.30053590  0.34089728  0.32914004  0.22584833  0.22079009  0.20581872  0.21576605  0.20581872  0.23094124  0.21576605  0.21576605  0.22584833  0.25694289  0.25694289  0.25694289  0.26225420  0.25166927  0.29494486  0.25166927  0.27299209  0.30053590  0.31184578  0.30616932  0.21576605  0.24123299  0.24643281  0.25694289  0.27299209  0.27841978  0.24123299  0.28939557  0.25166927  0.24643281  0.24123299  0.26225420  0.26760375  0.25166927  0.27299209  0.26760375  0.25166927  0.24123299  0.25166927  0.24123299  0.26225420  0.26225420  0.24643281  0.26760375  0.26225420  0.25694289  0.25166927  0.25694289  0.26225420  0.26225420  0.26225420  0.25166927  0.27841978  0.27841978  0.25166927  0.26760375  0.32333045  0.31756593  0.26225420  0.25694289  0.23094124  0.22584833  0.23606930  0.23606930  0.22584833  0.23606930  0.23606930  0.23606930  0.23094124  0.24643281  0.27841978  0.23606930  0.23094124  0.24643281  0.25694289  0.25694289  0.37113088  0.29494486  0.34684640  0.36498496  0.35888945  0.32914004  0.31184578  0.30616932  0.30616932  0.31184578  0.33499541  0.30053590  0.29494486  0.30053590  0.36498496  0.38987965  0.38357736  0.38357736  0.38357736  0.41563731  0.38987965  0.36498496  0.45602932  0.42885886  0.42221868  0.42885886  0.41563731  0.39623585  0.39623585  0.41563731  0.40264689  0.40264689  0.44914301  0.47707963  0.42221868  0.42221868  0.43555891  0.44231992  
67_0_0     0.24123299  0.27841978  0.26760375  0.28939557  0.30053590  0.30616932  0.28939557  0.30053590  0.30053590  0.28939557  0.30616932  0.12624629  0.00000000  0.20089455  0.21077574  0.19600279  0.17675154  0.17675154  0.28939557  0.28939557  0.28939557  0.41563731  0.34684640  0.32914004  0.37732806  0.40264689  0.35284353  0.34684640  0.38357736  0.37113088  0.30053590  0.30053590  0.28388741  0.34089728  0.31756593  0.34684640  0.32914004  0.32914004  0.31756593  0.32333045  0.31184578  0.31184578  0.30616932  0.31184578  0.32333045  0.30053590  0.31184578  0.35284353  0.35284353  0.34684640  0.28939557  0.29494486  0.30053590  0.28939557  0.31756593  0.31184578  0.30053590  0.33499541  0.29494486  0.30616932  0.30053590  0.31184578  0.31184578  0.28388741  0.30616932  0.30053590  0.32333045  0.31184578  0.31756593  0.31184578  0.27841978  0.28939557  0.27841978  0.31184578  0.32333045  0.32914004  0.31184578  0.30616932  0.31184578  0.31184578  0.33499541  0.30053590  0.32333045  0.32333045  0.30053590  0.31184578  0.33499541  0.32914004  0.35284353  0.31184578  0.27841978  0.27299209  0.27299209  0.27299209  0.27841978  0.26760375  0.26760375  0.26760375  0.27841978  0.30616932  0.32333045  0.28388741  0.27841978  0.30616932  0.30616932  0.30616932  0.40911371  0.32914004  0.37732806  0.37732806  0.37113088  0.34089728  0.32914004  0.32333045  0.33499541  0.32333045  0.33499541  0.30616932  0.30053590  0.30616932  0.40911371  0.40911371  0.43555891  0.43555891  0.43555891  0.43555891  0.44914301  0.43555891  0.52105825  0.42221868  0.40911371  0.40264689  0.40264689  0.43555891  0.42221868  0.40911371  0.41563731  0.41563731  0.43555891  0.46999640  0.43555891  0.43555891  0.44914301  0.47707963  
64_0_0     0.32333045  0.30616932  0.32914004  0.26760375  0.26760375  0.27299209  0.27841978  0.27841978  0.28388741  0.28939557  0.28939557  0.11742122  0.20089455  0.00000000  0.03058333  0.01896659  0.08733356  0.08733356  0.29494486  0.29494486  0.29494486  0.40911371  0.35888945  0.32914004  0.40264689  0.40911371  0.36498496  0.37732806  0.38357736  0.37113088  0.28939557  0.29494486  0.28939557  0.30053590  0.29494486  0.28388741  0.30053590  0.30053590  0.28939557  0.34089728  0.34089728  0.34089728  0.32333045  0.33499541  0.31756593  0.35888945  0.37113088  0.34684640  0.34684640  0.34089728  0.30616932  0.29494486  0.30053590  0.31756593  0.32914004  0.33499541  0.30053590  0.36498496  0.31184578  0.31756593  0.31184578  0.31184578  0.31756593  0.31184578  0.34089728  0.33499541  0.30616932  0.29494486  0.32333045  0.30053590  0.32333045  0.34684640  0.31756593  0.34089728  0.33499541  0.31184578  0.30616932  0.32333045  0.32914004  0.32914004  0.31756593  0.32914004  0.34684640  0.34684640  0.32914004  0.34684640  0.33499541  0.33499541  0.30616932  0.30616932  0.31184578  0.30616932  0.29494486  0.30616932  0.30616932  0.31756593  0.31756593  0.31756593  0.30053590  0.31184578  0.32914004  0.30616932  0.31184578  0.31756593  0.32914004  0.32914004  0.39623585  0.38987965  0.42885886  0.44231992  0.43555891  0.40911371  0.36498496  0.35888945  0.37113088  0.38987965  0.42885886  0.37732806  0.39623585  0.40264689  0.37732806  0.41563731  0.40264689  0.40264689  0.40264689  0.39623585  0.40911371  0.38357736  0.47707963  0.42885886  0.42221868  0.41563731  0.42885886  0.42221868  0.40911371  0.41563731  0.41563731  0.41563731  0.44231992  0.46999640  0.42221868  0.42221868  0.42221868  0.45602932  
30_0_0     0.29494486  0.27841978  0.30053590  0.25694289  0.25694289  0.25166927  0.26760375  0.26760375  0.27299209  0.27841978  0.27841978  0.10869973  0.21077574  0.03058333  0.00000000  0.01132176  0.07895619  0.07895619  0.28388741  0.28388741  0.29494486  0.40911371  0.35284353  0.32333045  0.39623585  0.38987965  0.35888945  0.37113088  0.37732806  0.36498496  0.26225420  0.27841978  0.27299209  0.27299209  0.27841978  0.27841978  0.28388741  0.28388741  0.28388741  0.32333045  0.32333045  0.32333045  0.30616932  0.31756593  0.31756593  0.34089728  0.35284353  0.34089728  0.34089728  0.33499541  0.27841978  0.29494486  0.27841978  0.28939557  0.30616932  0.31184578  0.27299209  0.34684640  0.28388741  0.30053590  0.29494486  0.28388741  0.28939557  0.28388741  0.31756593  0.31184578  0.28939557  0.27841978  0.30053590  0.28939557  0.30053590  0.32333045  0.30616932  0.31756593  0.30616932  0.27299209  0.26760375  0.29494486  0.30053590  0.30053590  0.28939557  0.30053590  0.30616932  0.30616932  0.28939557  0.30616932  0.30616932  0.29494486  0.26760375  0.28939557  0.28388741  0.27841978  0.26760375  0.27841978  0.27841978  0.28939557  0.30053590  0.30053590  0.27299209  0.28939557  0.31184578  0.27841978  0.29494486  0.28939557  0.30053590  0.30053590  0.37732806  0.37732806  0.42885886  0.44231992  0.43555891  0.40911371  0.36498496  0.34089728  0.35888945  0.37732806  0.41563731  0.37732806  0.38357736  0.38987965  0.38987965  0.40911371  0.40911371  0.40911371  0.40911371  0.38357736  0.42221868  0.39623585  0.46298005  0.44231992  0.43555891  0.42885886  0.44231992  0.43555891  0.42221868  0.44231992  0.42885886  0.42885886  0.46999640  0.49874365  0.43555891  0.43555891  0.43555891  0.46298005  
32_0_0     0.29494486  0.27841978  0.30053590  0.25694289  0.25694289  0.26225420  0.26760375  0.26760375  0.27299209  0.27841978  0.27841978  0.10437707  0.19600279  0.01896659  0.01132176  0.00000000  0.06656459  0.06656459  0.27841978  0.27841978  0.30053590  0.40911371  0.35284353  0.32333045  0.39623585  0.38987965  0.35888945  0.35888945  0.36498496  0.35284353  0.26225420  0.27841978  0.27299209  0.28388741  0.27841978  0.27841978  0.28388741  0.28388741  0.28388741  0.31184578  0.31184578  0.31184578  0.29494486  0.30616932  0.30616932  0.32914004  0.34089728  0.32914004  0.32914004  0.32333045  0.27841978  0.29494486  0.27841978  0.28939557  0.30616932  0.31184578  0.27299209  0.34684640  0.28388741  0.30053590  0.29494486  0.28388741  0.28939557  0.28388741  0.31756593  0.31184578  0.28939557  0.27841978  0.30053590  0.28939557  0.30053590  0.32333045  0.30616932  0.31756593  0.31756593  0.28388741  0.27841978  0.30616932  0.31184578  0.31184578  0.30053590  0.30053590  0.31756593  0.31756593  0.30053590  0.31756593  0.30616932  0.30616932  0.27841978  0.28939557  0.28388741  0.27841978  0.26760375  0.27841978  0.27841978  0.28939557  0.30053590  0.30053590  0.27299209  0.28939557  0.30053590  0.27841978  0.29494486  0.28939557  0.30053590  0.30053590  0.37732806  0.37732806  0.41563731  0.42885886  0.42221868  0.39623585  0.35284353  0.34089728  0.35888945  0.37732806  0.41563731  0.37732806  0.38357736  0.38987965  0.38987965  0.40911371  0.40911371  0.40911371  0.40911371  0.39623585  0.42221868  0.39623585  0.46298005  0.44231992  0.43555891  0.42885886  0.44231992  0.43555891  0.42221868  0.42885886  0.42885886  0.42885886  0.45602932  0.48423103  0.43555891  0.43555891  0.43555891  0.46298005  
94_0_0     0.25166927  0.23606930  0.25694289  0.24643281  0.24643281  0.25166927  0.25694289  0.26760375  0.26225420  0.25694289  0.27841978  0.10437707  0.17675154  0.08733356  0.07895619  0.06656459  0.00000000  0.00752864  0.26760375  0.26760375  0.31184578  0.35888945  0.34684640  0.31756593  0.38357736  0.40264689  0.35284353  0.34089728  0.37113088  0.35888945  0.25166927  0.26760375  0.26225420  0.26225420  0.25694289  0.27841978  0.26225420  0.27299209  0.28388741  0.28388741  0.28388741  0.28388741  0.27841978  0.27841978  0.28939557  0.26760375  0.27841978  0.30053590  0.30053590  0.29494486  0.23606930  0.29494486  0.27841978  0.28939557  0.30616932  0.31184578  0.29494486  0.37113088  0.30616932  0.30053590  0.30616932  0.29494486  0.30053590  0.28388741  0.31756593  0.31184578  0.29494486  0.28388741  0.27299209  0.27299209  0.28388741  0.29494486  0.31184578  0.32333045  0.28388741  0.27299209  0.27841978  0.28388741  0.28939557  0.28939557  0.30053590  0.27841978  0.30616932  0.30616932  0.27841978  0.29494486  0.30616932  0.31184578  0.28939557  0.28388741  0.25694289  0.25166927  0.25166927  0.25166927  0.25166927  0.26225420  0.26225420  0.26225420  0.25694289  0.27299209  0.27841978  0.26225420  0.26760375  0.27299209  0.28388741  0.28388741  0.34684640  0.31756593  0.39623585  0.39623585  0.38987965  0.36498496  0.31756593  0.29494486  0.33499541  0.32914004  0.35284353  0.31756593  0.31184578  0.31756593  0.40264689  0.44914301  0.43555891  0.43555891  0.43555891  0.42221868  0.43555891  0.40911371  0.46298005  0.49145191  0.48423103  0.47707963  0.49145191  0.48423103  0.45602932  0.46298005  0.46298005  0.46298005  0.48423103  0.52105825  0.46298005  0.46298005  0.46298005  0.49874365  
58_0_0     0.25166927  0.23606930  0.25694289  0.25694289  0.25694289  0.26225420  0.26760375  0.26760375  0.27299209  0.26760375  0.28939557  0.10437707  0.17675154  0.08733356  0.07895619  0.06656459  0.00752864  0.00000000  0.27841978  0.27841978  0.31184578  0.37113088  0.35888945  0.32914004  0.38357736  0.40264689  0.35284353  0.34089728  0.37113088  0.35888945  0.25166927  0.26760375  0.26225420  0.26225420  0.25694289  0.27841978  0.26225420  0.27299209  0.28388741  0.28388741  0.28388741  0.28388741  0.27841978  0.27841978  0.28939557  0.26760375  0.27841978  0.30053590  0.30053590  0.29494486  0.23606930  0.29494486  0.27841978  0.28939557  0.30616932  0.31184578  0.28388741  0.35888945  0.30616932  0.28939557  0.29494486  0.28388741  0.28939557  0.27299209  0.31756593  0.31184578  0.30616932  0.29494486  0.27299209  0.27299209  0.28388741  0.29494486  0.31184578  0.31184578  0.29494486  0.27299209  0.27841978  0.28388741  0.28939557  0.28939557  0.30053590  0.27841978  0.30616932  0.30616932  0.27841978  0.29494486  0.30616932  0.31184578  0.30053590  0.28388741  0.24643281  0.24123299  0.24123299  0.24123299  0.24123299  0.25166927  0.25166927  0.25166927  0.24643281  0.26225420  0.27841978  0.25166927  0.25694289  0.26225420  0.27299209  0.27299209  0.34684640  0.31756593  0.39623585  0.39623585  0.38987965  0.36498496  0.31756593  0.29494486  0.33499541  0.32914004  0.35284353  0.31756593  0.31184578  0.31756593  0.38987965  0.43555891  0.42221868  0.42221868  0.42221868  0.40911371  0.42221868  0.39623585  0.46298005  0.48423103  0.46999640  0.46298005  0.47707963  0.46999640  0.44231992  0.46298005  0.44914301  0.44914301  0.48423103  0.52105825  0.44914301  0.44914301  0.44914301  0.48423103  
91_0_0     0.20089455  0.20581872  0.19600279  0.17675154  0.17675154  0.18631483  0.18631483  0.19600279  0.17675154  0.16730977  0.22079009  0.22584833  0.28939557  0.29494486  0.28388741  0.27841978  0.26760375  0.27841978  0.00000000  0.00000000  0.08733356  0.28388741  0.27299209  0.26225420  0.30616932  0.34089728  0.25694289  0.25694289  0.31184578  0.31184578  0.22079009  0.24643281  0.23606930  0.21576605  0.21576605  0.23094124  0.21077574  0.22584833  0.22584833  0.26760375  0.26760375  0.26760375  0.27299209  0.26225420  0.30053590  0.26760375  0.25694289  0.31184578  0.32333045  0.31756593  0.20581872  0.23606930  0.24123299  0.23606930  0.24123299  0.23606930  0.21576605  0.27299209  0.23094124  0.24643281  0.24123299  0.25694289  0.24643281  0.24123299  0.24123299  0.23606930  0.23606930  0.22584833  0.21576605  0.21576605  0.27299209  0.25694289  0.24123299  0.24643281  0.24643281  0.26760375  0.24123299  0.23606930  0.24123299  0.24123299  0.22079009  0.23606930  0.25694289  0.25694289  0.23094124  0.24123299  0.26760375  0.25694289  0.23094124  0.19600279  0.24643281  0.24123299  0.25166927  0.25166927  0.25166927  0.25166927  0.24643281  0.24643281  0.24643281  0.22079009  0.28939557  0.22079009  0.22584833  0.23094124  0.23094124  0.23094124  0.36498496  0.27841978  0.32914004  0.32333045  0.32914004  0.34089728  0.26225420  0.28939557  0.30053590  0.29494486  0.30616932  0.27299209  0.26760375  0.26225420  0.37732806  0.38357736  0.35284353  0.35284353  0.35284353  0.39623585  0.35888945  0.35888945  0.38357736  0.35284353  0.34684640  0.35284353  0.35284353  0.35284353  0.34684640  0.34684640  0.34089728  0.33499541  0.34684640  0.38357736  0.33499541  0.33499541  0.35888945  0.37732806  
48_0_0     0.20089455  0.20581872  0.19600279  0.17675154  0.17675154  0.18631483  0.18631483  0.19600279  0.17675154  0.16730977  0.22079009  0.22584833  0.28939557  0.29494486  0.28388741  0.27841978  0.26760375  0.27841978  0.00000000  0.00000000  0.08733356  0.28388741  0.27299209  0.26225420  0.30616932  0.34089728  0.25694289  0.25694289  0.31184578  0.31184578  0.22079009  0.24643281  0.23606930  0.21576605  0.21576605  0.23094124  0.21077574  0.22584833  0.22584833  0.26760375  0.26760375  0.26760375  0.27299209  0.26225420  0.30053590  0.26760375  0.25694289  0.31184578  0.32333045  0.31756593  0.20581872  0.23606930  0.24123299  0.23606930  0.24123299  0.23606930  0.21576605  0.27299209  0.23094124  0.24643281  0.24123299  0.25694289  0.24643281  0.24123299  0.24123299  0.23606930  0.23606930  0.22584833  0.21576605  0.21576605  0.27299209  0.25694289  0.24123299  0.24643281  0.24643281  0.26760375  0.24123299  0.23606930  0.24123299  0.24123299  0.22079009  0.23606930  0.25694289  0.25694289  0.23094124  0.24123299  0.26760375  0.25694289  0.23094124  0.19600279  0.24643281  0.24123299  0.25166927  0.25166927  0.25166927  0.25166927  0.24643281  0.24643281  0.24643281  0.22079009  0.28939557  0.22079009  0.22584833  0.23094124  0.23094124  0.23094124  0.36498496  0.27841978  0.32914004  0.32333045  0.32914004  0.34089728  0.26225420  0.28939557  0.30053590  0.29494486  0.30616932  0.27299209  0.26760375  0.26225420  0.37732806  0.38357736  0.35284353  0.35284353  0.35284353  0.39623585  0.35888945  0.35888945  0.38357736  0.35284353  0.34684640  0.35284353  0.35284353  0.35284353  0.34684640  0.34684640  0.34089728  0.33499541  0.34684640  0.38357736  0.33499541  0.33499541  0.35888945  0.37732806  
82_0_0     0.20581872  0.22079009  0.21077574  0.21576605  0.21576605  0.23606930  0.21576605  0.22584833  0.21576605  0.20581872  0.26225420  0.23606930  0.28939557  0.29494486  0.29494486  0.30053590  0.31184578  0.31184578  0.08733356  0.08733356  0.00000000  0.26760375  0.31756593  0.28388741  0.34684640  0.35284353  0.28939557  0.27299209  0.32914004  0.32914004  0.22079009  0.20581872  0.19600279  0.20581872  0.18631483  0.20089455  0.20089455  0.20581872  0.21576605  0.27299209  0.27299209  0.27299209  0.28939557  0.26760375  0.28388741  0.28388741  0.27299209  0.29494486  0.30616932  0.30053590  0.19114302  0.21077574  0.22584833  0.23094124  0.24643281  0.24123299  0.21077574  0.24643281  0.22584833  0.23094124  0.22584833  0.25166927  0.25166927  0.23606930  0.23606930  0.23094124  0.21576605  0.20581872  0.20581872  0.20581872  0.25694289  0.24123299  0.21576605  0.24123299  0.24643281  0.25694289  0.24123299  0.22584833  0.23094124  0.23094124  0.21077574  0.24643281  0.25694289  0.25694289  0.23094124  0.24123299  0.26225420  0.24123299  0.24123299  0.23606930  0.23606930  0.24123299  0.25166927  0.25166927  0.25166927  0.25166927  0.24643281  0.24643281  0.24643281  0.23094124  0.30053590  0.22079009  0.23606930  0.24123299  0.23094124  0.23094124  0.32914004  0.29494486  0.32333045  0.32914004  0.33499541  0.30616932  0.29494486  0.30053590  0.30053590  0.30616932  0.31756593  0.27299209  0.27841978  0.27299209  0.37732806  0.36498496  0.35888945  0.35888945  0.35888945  0.37113088  0.36498496  0.36498496  0.38987965  0.35284353  0.34089728  0.34684640  0.34684640  0.35284353  0.34684640  0.37113088  0.33499541  0.33499541  0.39623585  0.43555891  0.35888945  0.35888945  0.37113088  0.35284353  
80_0_0     0.23094124  0.24643281  0.23606930  0.26760375  0.27841978  0.27841978  0.25694289  0.25694289  0.26225420  0.25166927  0.29494486  0.34684640  0.41563731  0.40911371  0.40911371  0.40911371  0.35888945  0.37113088  0.28388741  0.28388741  0.26760375  0.00000000  0.30053590  0.27841978  0.30616932  0.32914004  0.30053590  0.27841978  0.31756593  0.30616932  0.27299209  0.27299209  0.25694289  0.23606930  0.25694289  0.26760375  0.23094124  0.24643281  0.25694289  0.31756593  0.31756593  0.31756593  0.32914004  0.32333045  0.30616932  0.28939557  0.29494486  0.32333045  0.33499541  0.32914004  0.24643281  0.27299209  0.25694289  0.27299209  0.26760375  0.26225420  0.28388741  0.28388741  0.26760375  0.28388741  0.28939557  0.30053590  0.30616932  0.26760375  0.27841978  0.27299209  0.26760375  0.25694289  0.22079009  0.22584833  0.25166927  0.26760375  0.27299209  0.26760375  0.27299209  0.24643281  0.24643281  0.23606930  0.24123299  0.24123299  0.24643281  0.24643281  0.25694289  0.25694289  0.24123299  0.25694289  0.34684640  0.34089728  0.30616932  0.30616932  0.27299209  0.27841978  0.27841978  0.27841978  0.27841978  0.28388741  0.26225420  0.26225420  0.27299209  0.27841978  0.31184578  0.27841978  0.27299209  0.28388741  0.27299209  0.27299209  0.38357736  0.30616932  0.34684640  0.37732806  0.38357736  0.35888945  0.30053590  0.31756593  0.29494486  0.28388741  0.30053590  0.27841978  0.29494486  0.27841978  0.32333045  0.38987965  0.33499541  0.33499541  0.33499541  0.37113088  0.32333045  0.34684640  0.37732806  0.34684640  0.34089728  0.34684640  0.34684640  0.34089728  0.31756593  0.35284353  0.32914004  0.32914004  0.35888945  0.38987965  0.31184578  0.31184578  0.32333045  0.32914004  
