fastme_mat.p : 1.5317914485931396
fastme.f81 : 2.141782283782959
ba.exp : 21.67895007133484
pipeline_dl7308089 : 26.23436737060547
