fastme_mat.p : 0.5395522684578895
fastme.f81 : 1.2053095260441304
ba.exp : 11.162622206067086
