22
85_10_0    0.00000000  0.30978877  0.32251158  0.34201565  0.36204784  0.26690668  0.25509769  0.26097862  0.36884760  0.36884760  0.35531000  0.39668936  0.44808528  0.44808528  0.35531000  0.38963008  0.38963008  0.53683825  0.52831520  0.52831520  0.52831520  0.47125419  
91_11_0    0.30978877  0.00000000  0.05600940  0.27288261  0.26097862  0.16167284  0.15141869  0.14634443  0.29728105  0.29110560  0.27890721  0.30978877  0.36884760  0.37571043  0.29728105  0.31612283  0.36204784  0.43303283  0.41828053  0.41101324  0.39668936  0.45572792  
85_11_0    0.32251158  0.05600940  0.00000000  0.24926313  0.22637440  0.16167284  0.11176680  0.10695646  0.32895598  0.30978877  0.28498126  0.32895598  0.35531000  0.38963008  0.30350848  0.30978877  0.33545700  0.45572792  0.44052078  0.41828053  0.41101324  0.44808528  
91_8_0     0.34201565  0.27288261  0.24926313  0.00000000  0.10217719  0.25509769  0.18261759  0.18261759  0.38263752  0.37571043  0.36204784  0.40381663  0.42561992  0.42561992  0.36884760  0.35531000  0.37571043  0.45572792  0.42561992  0.43303283  0.44052078  0.42561992  
85_8_0     0.36204784  0.26097862  0.22637440  0.10217719  0.00000000  0.25509769  0.18794774  0.18261759  0.35531000  0.33545700  0.32895598  0.38263752  0.43303283  0.44052078  0.34201565  0.36884760  0.38263752  0.47125419  0.44808528  0.42561992  0.44052078  0.48711328  
76_8_0     0.26690668  0.16167284  0.16167284  0.25509769  0.25509769  0.00000000  0.09742860  0.10695646  0.32895598  0.32895598  0.33545700  0.37571043  0.44052078  0.44808528  0.34201565  0.35531000  0.34201565  0.50331977  0.45572792  0.47914124  0.43303283  0.51155811  
63_8_0     0.25509769  0.15141869  0.11176680  0.18261759  0.18794774  0.09742860  0.00000000  0.00834565  0.31612283  0.29728105  0.29728105  0.34201565  0.35531000  0.38963008  0.30978877  0.30350848  0.29110560  0.46345033  0.45572792  0.44808528  0.42561992  0.45572792  
58_8_0     0.26097862  0.14634443  0.10695646  0.18261759  0.18261759  0.10695646  0.00834565  0.00000000  0.32895598  0.30978877  0.30978877  0.35531000  0.35531000  0.38963008  0.31612283  0.30350848  0.29110560  0.47914124  0.45572792  0.44052078  0.42561992  0.45572792  
74_6_0     0.36884760  0.29728105  0.32895598  0.38263752  0.35531000  0.32895598  0.31612283  0.32895598  0.00000000  0.01678651  0.05154720  0.05154720  0.28498126  0.29728105  0.06049868  0.27288261  0.30978877  0.43303283  0.44808528  0.44808528  0.44052078  0.47125419  
74_3_0     0.36884760  0.29110560  0.30978877  0.37571043  0.33545700  0.32895598  0.29728105  0.30978877  0.01678651  0.00000000  0.03396273  0.03396273  0.28498126  0.29110560  0.06501537  0.27288261  0.29728105  0.41828053  0.44808528  0.43303283  0.42561992  0.46345033  
71_3_0     0.35531000  0.27890721  0.28498126  0.36204784  0.32895598  0.33545700  0.29728105  0.30978877  0.05154720  0.03396273  0.00000000  0.05154720  0.26097862  0.27890721  0.07873325  0.25509769  0.27890721  0.42561992  0.45572792  0.44052078  0.42561992  0.47125419  
84_3_0     0.39668936  0.30978877  0.32895598  0.40381663  0.38263752  0.37571043  0.34201565  0.35531000  0.05154720  0.03396273  0.05154720  0.00000000  0.26690668  0.27288261  0.09271029  0.27288261  0.29728105  0.41828053  0.44808528  0.43303283  0.42561992  0.45572792  
60_3_0     0.44808528  0.36884760  0.35531000  0.42561992  0.43303283  0.44052078  0.35531000  0.35531000  0.28498126  0.28498126  0.26097862  0.26690668  0.00000000  0.03831982  0.29110560  0.41101324  0.44808528  0.56301282  0.54546063  0.51988921  0.52831520  0.51155811  
60_7_0     0.44808528  0.37571043  0.38963008  0.42561992  0.44052078  0.44808528  0.38963008  0.38963008  0.29728105  0.29110560  0.27890721  0.27288261  0.03831982  0.00000000  0.29110560  0.43303283  0.47125419  0.53683825  0.54546063  0.51988921  0.52831520  0.50331977  
68_3_0     0.35531000  0.29728105  0.30350848  0.36884760  0.34201565  0.34201565  0.30978877  0.31612283  0.06049868  0.06501537  0.07873325  0.09271029  0.29110560  0.29110560  0.00000000  0.29728105  0.30978877  0.43303283  0.47914124  0.44052078  0.44808528  0.43303283  
77_3_0     0.38963008  0.31612283  0.30978877  0.35531000  0.36884760  0.35531000  0.30350848  0.30350848  0.27288261  0.27288261  0.25509769  0.27288261  0.41101324  0.43303283  0.29728105  0.00000000  0.04711175  0.38963008  0.36204784  0.36204784  0.34863297  0.42561992  
73_3_0     0.38963008  0.36204784  0.33545700  0.37571043  0.38263752  0.34201565  0.29110560  0.29110560  0.30978877  0.29728105  0.27890721  0.29728105  0.44808528  0.47125419  0.30978877  0.04711175  0.00000000  0.39668936  0.38263752  0.38263752  0.36884760  0.43303283  
73_5_0     0.53683825  0.43303283  0.45572792  0.45572792  0.47125419  0.50331977  0.46345033  0.47914124  0.43303283  0.41828053  0.42561992  0.41828053  0.56301282  0.53683825  0.43303283  0.38963008  0.39668936  0.00000000  0.10217719  0.08802188  0.09742860  0.22076117  
73_0_0     0.52831520  0.41828053  0.44052078  0.42561992  0.44808528  0.45572792  0.45572792  0.45572792  0.44808528  0.44808528  0.45572792  0.44808528  0.54546063  0.54546063  0.47914124  0.36204784  0.38263752  0.10217719  0.00000000  0.03831982  0.06049868  0.20417256  
77_0_0     0.52831520  0.41101324  0.41828053  0.43303283  0.42561992  0.47914124  0.44808528  0.44052078  0.44808528  0.43303283  0.44052078  0.43303283  0.51988921  0.51988921  0.44052078  0.36204784  0.38263752  0.08802188  0.03831982  0.00000000  0.05154720  0.18794774  
70_0_0     0.52831520  0.39668936  0.41101324  0.44052078  0.44052078  0.43303283  0.42561992  0.42561992  0.44052078  0.42561992  0.42561992  0.42561992  0.52831520  0.52831520  0.44808528  0.34863297  0.36884760  0.09742860  0.06049868  0.05154720  0.00000000  0.21519021  
75_0_0     0.47125419  0.45572792  0.44808528  0.42561992  0.48711328  0.51155811  0.45572792  0.45572792  0.47125419  0.46345033  0.47125419  0.45572792  0.51155811  0.50331977  0.43303283  0.42561992  0.43303283  0.22076117  0.20417256  0.18794774  0.21519021  0.00000000  

