21
6_8_0      0.00000000  0.05230760  0.16317261  0.15690533  0.19532921  0.58376699  0.59494997  0.58376699  0.50988057  0.50988057  0.51999555  0.48033814  0.48033814  0.47074658  0.42456624  0.49005540  0.42456624  0.36439519  0.36439519  0.38958729  0.35618452  
3_8_0      0.05230760  0.00000000  0.15069058  0.14452750  0.18229873  0.51999555  0.53025045  0.51999555  0.49990172  0.49990172  0.51999555  0.49990172  0.49990172  0.49005540  0.46127753  0.51999555  0.42456624  0.39817854  0.39817854  0.42456624  0.40687050  
3_10_0     0.16317261  0.15069058  0.00000000  0.00506779  0.05230760  0.58376699  0.61783506  0.60630422  0.53025045  0.53025045  0.55119583  0.53025045  0.53025045  0.51999555  0.42456624  0.46127753  0.42456624  0.44269469  0.44269469  0.47074658  0.45192789  
3_9_0      0.15690533  0.14452750  0.00506779  0.00000000  0.04690762  0.58376699  0.61783506  0.60630422  0.53025045  0.53025045  0.55119583  0.53025045  0.53025045  0.51999555  0.41566558  0.45192789  0.42456624  0.43357506  0.43357506  0.46127753  0.44269469  
6_9_0      0.19532921  0.18229873  0.05230760  0.04690762  0.00000000  0.64144909  0.67834319  0.66584005  0.56189468  0.56189468  0.58376699  0.58376699  0.58376699  0.55119583  0.43357506  0.47074658  0.47074658  0.42456624  0.42456624  0.45192789  0.43357506  
5_0_0      0.58376699  0.51999555  0.58376699  0.58376699  0.64144909  0.00000000  0.01530848  0.01017045  0.16949332  0.16949332  0.16949332  0.20859280  0.20859280  0.18878534  0.71716979  0.71716979  0.67834319  0.57275018  0.57275018  0.58376699  0.57275018  
2_0_0      0.59494997  0.53025045  0.61783506  0.61783506  0.67834319  0.01530848  0.00000000  0.00506779  0.16317261  0.16317261  0.16317261  0.20193134  0.20193134  0.18229873  0.73057737  0.73057737  0.66584005  0.58376699  0.58376699  0.59494997  0.58376699  
1_0_0      0.58376699  0.51999555  0.60630422  0.60630422  0.66584005  0.01017045  0.00506779  0.00000000  0.15690533  0.15690533  0.15690533  0.19532921  0.19532921  0.17586838  0.74423189  0.74423189  0.67834319  0.59494997  0.59494997  0.60630422  0.59494997  
8_11_0     0.50988057  0.49990172  0.53025045  0.53025045  0.56189468  0.16949332  0.16317261  0.15690533  0.00000000  0.00000000  0.01017045  0.05230760  0.05230760  0.03622423  0.70400037  0.75814260  0.62954807  0.49005540  0.49005540  0.49990172  0.48033814  
7_11_0     0.50988057  0.49990172  0.53025045  0.53025045  0.56189468  0.16949332  0.16317261  0.15690533  0.00000000  0.00000000  0.01017045  0.05230760  0.05230760  0.03622423  0.70400037  0.75814260  0.62954807  0.49005540  0.49005540  0.49990172  0.48033814  
4_11_0     0.51999555  0.51999555  0.55119583  0.55119583  0.58376699  0.16949332  0.16317261  0.15690533  0.01017045  0.01017045  0.00000000  0.05230760  0.05230760  0.03622423  0.73057737  0.75814260  0.62954807  0.49005540  0.49005540  0.49990172  0.48033814  
7_0_0      0.48033814  0.49990172  0.53025045  0.53025045  0.58376699  0.20859280  0.20193134  0.19532921  0.05230760  0.05230760  0.05230760  0.00000000  0.00000000  0.01530848  0.67834319  0.70400037  0.62954807  0.50988057  0.50988057  0.51999555  0.51999555  
8_0_0      0.48033814  0.49990172  0.53025045  0.53025045  0.58376699  0.20859280  0.20193134  0.19532921  0.05230760  0.05230760  0.05230760  0.00000000  0.00000000  0.01530848  0.67834319  0.70400037  0.62954807  0.50988057  0.50988057  0.51999555  0.51999555  
4_0_0      0.47074658  0.49005540  0.51999555  0.51999555  0.55119583  0.18878534  0.18229873  0.17586838  0.03622423  0.03622423  0.03622423  0.01530848  0.01530848  0.00000000  0.66584005  0.69106080  0.61783506  0.48033814  0.48033814  0.49005540  0.49005540  
3_3_0      0.42456624  0.46127753  0.42456624  0.41566558  0.43357506  0.71716979  0.73057737  0.74423189  0.70400037  0.70400037  0.73057737  0.67834319  0.67834319  0.66584005  0.00000000  0.05230760  0.47074658  0.49005540  0.49005540  0.48033814  0.49005540  
6_3_0      0.49005540  0.51999555  0.46127753  0.45192789  0.47074658  0.71716979  0.73057737  0.74423189  0.75814260  0.75814260  0.75814260  0.70400037  0.70400037  0.69106080  0.05230760  0.00000000  0.47074658  0.53025045  0.53025045  0.51999555  0.49990172  
22_0_0     0.42456624  0.42456624  0.42456624  0.42456624  0.47074658  0.67834319  0.66584005  0.67834319  0.62954807  0.62954807  0.62954807  0.62954807  0.62954807  0.61783506  0.47074658  0.47074658  0.00000000  0.39817854  0.39817854  0.38958729  0.34003103  
64_0_0     0.36439519  0.39817854  0.44269469  0.43357506  0.42456624  0.57275018  0.58376699  0.59494997  0.49005540  0.49005540  0.49005540  0.50988057  0.50988057  0.48033814  0.49005540  0.53025045  0.39817854  0.00000000  0.00000000  0.01530848  0.07991371  
51_0_0     0.36439519  0.39817854  0.44269469  0.43357506  0.42456624  0.57275018  0.58376699  0.59494997  0.49005540  0.49005540  0.49005540  0.50988057  0.50988057  0.48033814  0.49005540  0.53025045  0.39817854  0.00000000  0.00000000  0.01530848  0.07991371  
12_0_0     0.38958729  0.42456624  0.47074658  0.46127753  0.45192789  0.58376699  0.59494997  0.60630422  0.49990172  0.49990172  0.49990172  0.51999555  0.51999555  0.49005540  0.48033814  0.51999555  0.38958729  0.01530848  0.01530848  0.00000000  0.09698463  
94_0_0     0.35618452  0.40687050  0.45192789  0.44269469  0.43357506  0.57275018  0.58376699  0.59494997  0.48033814  0.48033814  0.48033814  0.51999555  0.51999555  0.49005540  0.49005540  0.49990172  0.34003103  0.07991371  0.07991371  0.09698463  0.00000000  

