6
52_0_0     0.00000000  0.02890374  0.20952588  0.19882146  0.26553218  0.27726710  
48_0_0     0.02890374  0.00000000  0.22588212  0.21493742  0.27137611  0.29523023  
48_3_0     0.20952588  0.22588212  0.00000000  0.05462130  0.24827545  0.25398257  
52_3_0     0.19882146  0.21493742  0.05462130  0.00000000  0.24827545  0.24827545  
21_2_0     0.26553218  0.27137611  0.24827545  0.24827545  0.00000000  0.13769000  
21_0_0     0.27726710  0.29523023  0.25398257  0.24827545  0.13769000  0.00000000  

