178
26_1_0     0.00000000  0.00423151  0.11382455  0.10891822  0.10404428  0.14911316  0.14911316  0.21949032  0.14396750  0.15429494  0.12373610  0.12373610  0.12874222  0.12373610  0.12373610  0.12373610  0.10404428  0.10891822  0.10404428  0.09920230  0.25438199  0.25438199  0.24845101  0.24845101  0.24845101  0.24256728  0.24845101  0.32297515  0.32297515  0.26638881  0.26036100  0.26036100  0.23673008  0.23673008  0.23673008  0.23673008  0.24845101  0.24845101  0.24845101  0.26036100  0.26638881  0.24845101  0.24845101  0.37719447  0.37719447  0.32297515  0.31002033  0.32953880  0.32297515  0.34958725  0.32297515  0.32297515  0.34284377  0.32953880  0.31646933  0.33616132  0.32297515  0.31646933  0.30362718  0.30362718  0.30362718  0.32953880  0.29100456  0.29100456  0.28477327  0.31002033  0.32297515  0.31002033  0.36326185  0.37719447  0.37719447  0.37719447  0.37719447  0.37019530  0.36326185  0.39139506  0.31646933  0.30362718  0.29100456  0.36326185  0.35639289  0.39139506  0.45109700  0.48286151  0.46680846  0.43571289  0.41322153  0.41322153  0.41322153  0.45109700  0.41322153  0.44336488  0.42813940  0.41322153  0.42064279  0.43571289  0.26036100  0.26638881  0.21383204  0.21383204  0.24256728  0.23093865  0.31002033  0.21949032  0.21949032  0.24256728  0.23673008  0.23673008  0.23673008  0.26638881  0.25438199  0.26036100  0.24845101  0.35639289  0.25438199  0.25438199  0.28477327  0.28477327  0.20821679  0.23093865  0.21949032  0.21383204  0.21383204  0.21383204  0.23093865  0.19711279  0.19711279  0.14911316  0.14911316  0.14911316  0.21383204  0.21383204  0.23673008  0.25438199  0.24845101  0.25438199  0.31646933  0.31002033  0.31002033  0.31002033  0.31002033  0.32953880  0.20821679  0.20821679  0.15951334  0.15951334  0.15951334  0.15951334  0.19162279  0.23673008  0.18076376  0.16476889  0.17006210  0.15429494  0.17006210  0.17006210  0.17006210  0.18076376  0.17539354  0.22519230  0.24256728  0.25438199  0.27246625  0.24256728  0.24845101  0.24845101  0.24256728  0.24845101  0.24256728  0.24845101  0.24256728  0.24256728  0.25438199  0.24845101  0.24256728  0.24256728  0.32297515  0.25438199  
51_1_0     0.00423151  0.00000000  0.10891822  0.10404428  0.09920230  0.14396750  0.14396750  0.22519230  0.13885744  0.14911316  0.12874222  0.12874222  0.13378251  0.12874222  0.12874222  0.12874222  0.10891822  0.11382455  0.10891822  0.10404428  0.26036100  0.26036100  0.25438199  0.25438199  0.25438199  0.24845101  0.25438199  0.32953880  0.32953880  0.27246625  0.26638881  0.26638881  0.24256728  0.24256728  0.24256728  0.24256728  0.24256728  0.24256728  0.24256728  0.25438199  0.26036100  0.25438199  0.25438199  0.37019530  0.37019530  0.31646933  0.30362718  0.32297515  0.31646933  0.34284377  0.31646933  0.32953880  0.34958725  0.33616132  0.32297515  0.34284377  0.32953880  0.32297515  0.31002033  0.31002033  0.31002033  0.32297515  0.28477327  0.28477327  0.27859412  0.31646933  0.31646933  0.30362718  0.35639289  0.37019530  0.37019530  0.37019530  0.37019530  0.36326185  0.35639289  0.38426063  0.31002033  0.29728890  0.28477327  0.35639289  0.34958725  0.38426063  0.44336488  0.47479136  0.45891094  0.42813940  0.40587412  0.40587412  0.40587412  0.44336488  0.40587412  0.43571289  0.42064279  0.40587412  0.41322153  0.42813940  0.26638881  0.27246625  0.21949032  0.21949032  0.24845101  0.23673008  0.30362718  0.22519230  0.22519230  0.24845101  0.24256728  0.24256728  0.24256728  0.27246625  0.26036100  0.26638881  0.25438199  0.36326185  0.26036100  0.26036100  0.29100456  0.29100456  0.21383204  0.23673008  0.22519230  0.21949032  0.21949032  0.21949032  0.23673008  0.20264392  0.20264392  0.15429494  0.15429494  0.15429494  0.20821679  0.20821679  0.23093865  0.24845101  0.24256728  0.24845101  0.31002033  0.30362718  0.30362718  0.30362718  0.30362718  0.32297515  0.20264392  0.20264392  0.15429494  0.15429494  0.15429494  0.15429494  0.18617331  0.23093865  0.17539354  0.15951334  0.16476889  0.14911316  0.17006210  0.17006210  0.17006210  0.18076376  0.17539354  0.23093865  0.24845101  0.26036100  0.27859412  0.24845101  0.25438199  0.25438199  0.24845101  0.25438199  0.24845101  0.25438199  0.24845101  0.24845101  0.26036100  0.25438199  0.24845101  0.24845101  0.32953880  0.26036100  
87_1_0     0.11382455  0.10891822  0.00000000  0.00423151  0.00848741  0.07545753  0.07545753  0.15429494  0.07079885  0.08014579  0.10891822  0.10891822  0.11382455  0.10891822  0.10891822  0.10404428  0.09439187  0.08961257  0.08486401  0.08014579  0.26638881  0.26638881  0.26036100  0.26036100  0.26036100  0.25438199  0.26036100  0.29728890  0.29728890  0.27246625  0.25438199  0.26638881  0.19711279  0.19711279  0.21949032  0.21949032  0.19711279  0.20821679  0.19711279  0.20821679  0.21949032  0.20821679  0.20821679  0.34958725  0.34958725  0.29728890  0.29100456  0.31002033  0.30362718  0.31646933  0.34958725  0.32953880  0.33616132  0.33616132  0.32297515  0.32953880  0.32953880  0.32297515  0.31002033  0.31002033  0.31002033  0.36326185  0.29100456  0.29728890  0.29100456  0.29728890  0.32953880  0.29728890  0.36326185  0.34958725  0.34958725  0.33616132  0.34958725  0.32953880  0.32297515  0.34958725  0.30362718  0.30362718  0.31646933  0.37019530  0.34958725  0.34284377  0.39139506  0.45109700  0.40587412  0.37719447  0.35639289  0.35639289  0.35639289  0.37719447  0.38426063  0.38426063  0.35639289  0.34284377  0.38426063  0.39139506  0.24256728  0.24845101  0.21949032  0.21949032  0.22519230  0.20264392  0.28477327  0.21383204  0.21383204  0.23093865  0.22519230  0.22519230  0.22519230  0.25438199  0.24256728  0.22519230  0.21383204  0.29728890  0.21949032  0.20821679  0.22519230  0.22519230  0.23093865  0.25438199  0.24256728  0.23673008  0.23673008  0.23673008  0.27859412  0.24256728  0.24256728  0.18076376  0.18076376  0.18076376  0.18617331  0.18617331  0.20821679  0.20821679  0.21383204  0.21949032  0.29728890  0.27859412  0.27859412  0.27859412  0.27859412  0.29728890  0.15951334  0.18076376  0.14396750  0.14396750  0.14396750  0.14396750  0.19162279  0.21949032  0.17006210  0.15429494  0.15951334  0.14396750  0.13885744  0.13885744  0.13885744  0.17006210  0.16476889  0.19711279  0.21383204  0.21949032  0.21949032  0.21383204  0.21949032  0.21949032  0.21383204  0.21949032  0.21383204  0.21949032  0.21383204  0.21383204  0.21383204  0.21949032  0.21383204  0.23673008  0.26638881  0.22519230  
33_1_0     0.10891822  0.10404428  0.00423151  0.00000000  0.00423151  0.07079885  0.07079885  0.14911316  0.06616938  0.07545753  0.11382455  0.11382455  0.11876369  0.11382455  0.11382455  0.10891822  0.09920230  0.09439187  0.08961257  0.08486401  0.26036100  0.26036100  0.25438199  0.25438199  0.25438199  0.24845101  0.25438199  0.29100456  0.29100456  0.27859412  0.26036100  0.27246625  0.19162279  0.19162279  0.21383204  0.21383204  0.20264392  0.21383204  0.20264392  0.21383204  0.22519230  0.20264392  0.20264392  0.34284377  0.34284377  0.29100456  0.28477327  0.30362718  0.29728890  0.31002033  0.34284377  0.32297515  0.32953880  0.32953880  0.31646933  0.32297515  0.32297515  0.31646933  0.30362718  0.30362718  0.30362718  0.35639289  0.28477327  0.29100456  0.28477327  0.30362718  0.33616132  0.29100456  0.35639289  0.34284377  0.34284377  0.32953880  0.34284377  0.32297515  0.31646933  0.34284377  0.29728890  0.29728890  0.31002033  0.36326185  0.34284377  0.34958725  0.39859910  0.45891094  0.41322153  0.38426063  0.36326185  0.36326185  0.36326185  0.38426063  0.39139506  0.39139506  0.36326185  0.34958725  0.39139506  0.39859910  0.24845101  0.25438199  0.22519230  0.22519230  0.23093865  0.20821679  0.27859412  0.21949032  0.21949032  0.23673008  0.23093865  0.23093865  0.23093865  0.26036100  0.24845101  0.23093865  0.21949032  0.30362718  0.22519230  0.21383204  0.23093865  0.23093865  0.23673008  0.26036100  0.24845101  0.24256728  0.24256728  0.24256728  0.27246625  0.24845101  0.24845101  0.18617331  0.18617331  0.18617331  0.19162279  0.19162279  0.21383204  0.21383204  0.21949032  0.22519230  0.29100456  0.27246625  0.27246625  0.27246625  0.27246625  0.29100456  0.16476889  0.18617331  0.14911316  0.14911316  0.14911316  0.14911316  0.18617331  0.21383204  0.17539354  0.15951334  0.16476889  0.14911316  0.14396750  0.14396750  0.14396750  0.17539354  0.17006210  0.20264392  0.21949032  0.21949032  0.22519230  0.21949032  0.22519230  0.22519230  0.21949032  0.22519230  0.21949032  0.22519230  0.21949032  0.21949032  0.21949032  0.22519230  0.21949032  0.24256728  0.27246625  0.23093865  
65_1_0     0.10404428  0.09920230  0.00848741  0.00423151  0.00000000  0.06616938  0.06616938  0.15429494  0.06156876  0.07079885  0.10891822  0.10891822  0.11382455  0.10891822  0.10891822  0.10404428  0.09439187  0.08961257  0.08486401  0.08014579  0.25438199  0.25438199  0.24845101  0.24845101  0.24845101  0.24256728  0.24845101  0.29728890  0.29728890  0.27246625  0.25438199  0.26638881  0.19711279  0.19711279  0.21949032  0.21949032  0.20821679  0.21949032  0.20821679  0.21949032  0.23093865  0.20821679  0.20821679  0.34958725  0.34958725  0.29728890  0.29100456  0.31002033  0.30362718  0.31646933  0.34958725  0.32953880  0.33616132  0.33616132  0.32297515  0.32953880  0.32953880  0.32297515  0.31002033  0.31002033  0.31002033  0.36326185  0.27859412  0.28477327  0.27859412  0.29728890  0.32953880  0.28477327  0.34958725  0.33616132  0.33616132  0.32297515  0.33616132  0.31646933  0.31002033  0.34958725  0.29100456  0.29100456  0.30362718  0.35639289  0.33616132  0.34284377  0.40587412  0.46680846  0.42064279  0.39139506  0.37019530  0.37019530  0.37019530  0.39139506  0.39859910  0.39859910  0.37019530  0.35639289  0.39859910  0.40587412  0.24256728  0.24845101  0.21949032  0.21949032  0.22519230  0.20264392  0.27246625  0.21383204  0.21383204  0.23093865  0.22519230  0.22519230  0.22519230  0.25438199  0.24256728  0.22519230  0.21383204  0.29728890  0.21949032  0.20821679  0.22519230  0.22519230  0.23093865  0.25438199  0.24256728  0.23673008  0.23673008  0.23673008  0.26638881  0.24256728  0.24256728  0.18076376  0.18076376  0.18076376  0.18617331  0.18617331  0.20821679  0.21949032  0.22519230  0.23093865  0.29728890  0.27859412  0.27859412  0.27859412  0.27859412  0.29728890  0.17006210  0.18076376  0.14396750  0.14396750  0.14396750  0.14396750  0.18076376  0.20821679  0.17006210  0.15429494  0.15951334  0.14396750  0.14911316  0.14911316  0.14911316  0.17006210  0.16476889  0.20821679  0.22519230  0.22519230  0.23093865  0.22519230  0.23093865  0.23093865  0.22519230  0.23093865  0.22519230  0.23093865  0.22519230  0.22519230  0.22519230  0.23093865  0.22519230  0.24845101  0.27859412  0.23673008  
64_1_0     0.14911316  0.14396750  0.07545753  0.07079885  0.06616938  0.00000000  0.00000000  0.08961257  0.01276799  0.02140431  0.15429494  0.15429494  0.15951334  0.15429494  0.15429494  0.14911316  0.14911316  0.13378251  0.13885744  0.13378251  0.24845101  0.24845101  0.24256728  0.24256728  0.24256728  0.23673008  0.24256728  0.29728890  0.29728890  0.25438199  0.23673008  0.24845101  0.23673008  0.23673008  0.24845101  0.24845101  0.23673008  0.22519230  0.23673008  0.24845101  0.24845101  0.24845101  0.24845101  0.36326185  0.36326185  0.29728890  0.32953880  0.34958725  0.34284377  0.34284377  0.39139506  0.35639289  0.36326185  0.35639289  0.34958725  0.35639289  0.35639289  0.34958725  0.34958725  0.34958725  0.34958725  0.36326185  0.29100456  0.28477327  0.27859412  0.30362718  0.32297515  0.31002033  0.34958725  0.34958725  0.34958725  0.32297515  0.34958725  0.32953880  0.32297515  0.36326185  0.31646933  0.30362718  0.30362718  0.34284377  0.33616132  0.34284377  0.44336488  0.49102084  0.45891094  0.43571289  0.41322153  0.41322153  0.41322153  0.43571289  0.44336488  0.44336488  0.41322153  0.39859910  0.41322153  0.43571289  0.24845101  0.25438199  0.20264392  0.20264392  0.21383204  0.19162279  0.27246625  0.22519230  0.22519230  0.23093865  0.22519230  0.22519230  0.22519230  0.25438199  0.24256728  0.24256728  0.23093865  0.29100456  0.23673008  0.20821679  0.22519230  0.22519230  0.21949032  0.24256728  0.23093865  0.22519230  0.22519230  0.22519230  0.25438199  0.23093865  0.23093865  0.18076376  0.18076376  0.18076376  0.18076376  0.18076376  0.20264392  0.24256728  0.24845101  0.24256728  0.27246625  0.25438199  0.25438199  0.25438199  0.25438199  0.27246625  0.18617331  0.19711279  0.14911316  0.14911316  0.14911316  0.14911316  0.16476889  0.20264392  0.16476889  0.14911316  0.15429494  0.13885744  0.14396750  0.14396750  0.14396750  0.17006210  0.17006210  0.19162279  0.21949032  0.21949032  0.23673008  0.21949032  0.21383204  0.21383204  0.21949032  0.21383204  0.20821679  0.21383204  0.20821679  0.20821679  0.21949032  0.21383204  0.20821679  0.23093865  0.29100456  0.21949032  
64_52_0    0.14911316  0.14396750  0.07545753  0.07079885  0.06616938  0.00000000  0.00000000  0.08961257  0.01276799  0.02140431  0.15429494  0.15429494  0.15951334  0.15429494  0.15429494  0.14911316  0.14911316  0.13378251  0.13885744  0.13378251  0.24845101  0.24845101  0.24256728  0.24256728  0.24256728  0.23673008  0.24256728  0.29728890  0.29728890  0.25438199  0.23673008  0.24845101  0.23673008  0.23673008  0.24845101  0.24845101  0.23673008  0.22519230  0.23673008  0.24845101  0.24845101  0.24845101  0.24845101  0.36326185  0.36326185  0.29728890  0.32953880  0.34958725  0.34284377  0.34284377  0.39139506  0.35639289  0.36326185  0.35639289  0.34958725  0.35639289  0.35639289  0.34958725  0.34958725  0.34958725  0.34958725  0.36326185  0.29100456  0.28477327  0.27859412  0.30362718  0.32297515  0.31002033  0.34958725  0.34958725  0.34958725  0.32297515  0.34958725  0.32953880  0.32297515  0.36326185  0.31646933  0.30362718  0.30362718  0.34284377  0.33616132  0.34284377  0.44336488  0.49102084  0.45891094  0.43571289  0.41322153  0.41322153  0.41322153  0.43571289  0.44336488  0.44336488  0.41322153  0.39859910  0.41322153  0.43571289  0.24845101  0.25438199  0.20264392  0.20264392  0.21383204  0.19162279  0.27246625  0.22519230  0.22519230  0.23093865  0.22519230  0.22519230  0.22519230  0.25438199  0.24256728  0.24256728  0.23093865  0.29100456  0.23673008  0.20821679  0.22519230  0.22519230  0.21949032  0.24256728  0.23093865  0.22519230  0.22519230  0.22519230  0.25438199  0.23093865  0.23093865  0.18076376  0.18076376  0.18076376  0.18076376  0.18076376  0.20264392  0.24256728  0.24845101  0.24256728  0.27246625  0.25438199  0.25438199  0.25438199  0.25438199  0.27246625  0.18617331  0.19711279  0.14911316  0.14911316  0.14911316  0.14911316  0.16476889  0.20264392  0.16476889  0.14911316  0.15429494  0.13885744  0.14396750  0.14396750  0.14396750  0.17006210  0.17006210  0.19162279  0.21949032  0.21949032  0.23673008  0.21949032  0.21383204  0.21383204  0.21949032  0.21383204  0.20821679  0.21383204  0.20821679  0.20821679  0.21949032  0.21383204  0.20821679  0.23093865  0.29100456  0.21949032  
90_1_0     0.21949032  0.22519230  0.15429494  0.14911316  0.15429494  0.08961257  0.08961257  0.00000000  0.09439187  0.10404428  0.22519230  0.22519230  0.23093865  0.22519230  0.22519230  0.21949032  0.21949032  0.21383204  0.21949032  0.21383204  0.27859412  0.27859412  0.27246625  0.27246625  0.27246625  0.26638881  0.26638881  0.34958725  0.34958725  0.31646933  0.29728890  0.31002033  0.28477327  0.28477327  0.28477327  0.28477327  0.29728890  0.28477327  0.29728890  0.31002033  0.29728890  0.29728890  0.29728890  0.42064279  0.42064279  0.32953880  0.34284377  0.36326185  0.37719447  0.36326185  0.40587412  0.34958725  0.35639289  0.35639289  0.34284377  0.35639289  0.34958725  0.34284377  0.34958725  0.34958725  0.34958725  0.39859910  0.32953880  0.32297515  0.32953880  0.34958725  0.37019530  0.35639289  0.37719447  0.37719447  0.37719447  0.38426063  0.38426063  0.37019530  0.37019530  0.37719447  0.37019530  0.35639289  0.35639289  0.37719447  0.38426063  0.39139506  0.50761508  0.55976008  0.52459084  0.49927134  0.45891094  0.45891094  0.45891094  0.45891094  0.47479136  0.47479136  0.43571289  0.43571289  0.47479136  0.49102084  0.30362718  0.31002033  0.26036100  0.26036100  0.27246625  0.24845101  0.31002033  0.29728890  0.29728890  0.27859412  0.28477327  0.28477327  0.28477327  0.29728890  0.28477327  0.30362718  0.29100456  0.35639289  0.29728890  0.27246625  0.29100456  0.29100456  0.27246625  0.29100456  0.28477327  0.27859412  0.27859412  0.27859412  0.32297515  0.29728890  0.29728890  0.25438199  0.25438199  0.25438199  0.27859412  0.27859412  0.29100456  0.30362718  0.31002033  0.31646933  0.30362718  0.30362718  0.30362718  0.30362718  0.30362718  0.32297515  0.26036100  0.27246625  0.23093865  0.23093865  0.23093865  0.23093865  0.22519230  0.26638881  0.26036100  0.24256728  0.23673008  0.23093865  0.23093865  0.23093865  0.23093865  0.26036100  0.26036100  0.25438199  0.27246625  0.28477327  0.27859412  0.28477327  0.27859412  0.26638881  0.28477327  0.27246625  0.26638881  0.27246625  0.26638881  0.26638881  0.27859412  0.27246625  0.26638881  0.27859412  0.31646933  0.27859412  
27_1_0     0.14396750  0.13885744  0.07079885  0.06616938  0.06156876  0.01276799  0.01276799  0.09439187  0.00000000  0.00848741  0.14911316  0.14911316  0.15429494  0.14911316  0.14911316  0.15429494  0.14396750  0.12874222  0.13378251  0.12874222  0.24256728  0.24256728  0.23673008  0.23673008  0.23673008  0.23093865  0.23673008  0.30362718  0.30362718  0.26036100  0.24256728  0.25438199  0.23093865  0.23093865  0.24256728  0.24256728  0.23093865  0.21949032  0.23093865  0.24256728  0.24256728  0.23093865  0.23093865  0.34284377  0.34284377  0.29100456  0.31002033  0.32953880  0.32297515  0.32297515  0.37019530  0.33616132  0.34284377  0.33616132  0.34284377  0.33616132  0.33616132  0.32953880  0.32953880  0.32953880  0.32953880  0.34284377  0.27246625  0.26638881  0.26036100  0.28477327  0.30362718  0.29100456  0.32953880  0.32953880  0.32953880  0.31646933  0.32953880  0.31002033  0.30362718  0.34284377  0.29728890  0.28477327  0.28477327  0.33616132  0.32953880  0.33616132  0.42064279  0.46680846  0.43571289  0.41322153  0.39139506  0.39139506  0.39139506  0.41322153  0.42064279  0.42064279  0.39139506  0.37719447  0.39139506  0.41322153  0.24256728  0.24845101  0.19711279  0.19711279  0.20821679  0.18617331  0.26638881  0.20821679  0.20821679  0.21383204  0.20821679  0.20821679  0.20821679  0.23673008  0.22519230  0.22519230  0.21383204  0.27246625  0.21949032  0.19162279  0.21949032  0.21949032  0.22519230  0.24845101  0.23673008  0.23093865  0.23093865  0.23093865  0.24845101  0.22519230  0.22519230  0.17539354  0.17539354  0.17539354  0.18617331  0.18617331  0.20821679  0.23673008  0.24256728  0.23673008  0.26638881  0.24845101  0.24845101  0.24845101  0.24845101  0.26638881  0.18076376  0.19162279  0.14396750  0.14396750  0.14396750  0.14396750  0.15951334  0.19711279  0.15951334  0.14396750  0.14911316  0.13378251  0.14911316  0.14911316  0.14911316  0.17539354  0.16476889  0.18617331  0.21383204  0.21383204  0.23093865  0.21383204  0.20821679  0.21949032  0.21383204  0.20821679  0.20264392  0.20821679  0.20264392  0.20264392  0.21383204  0.20821679  0.20264392  0.22519230  0.29728890  0.21383204  
89_1_0     0.15429494  0.14911316  0.08014579  0.07545753  0.07079885  0.02140431  0.02140431  0.10404428  0.00848741  0.00000000  0.15951334  0.15951334  0.16476889  0.15951334  0.15951334  0.16476889  0.15429494  0.13885744  0.14396750  0.13885744  0.24256728  0.24256728  0.23673008  0.23673008  0.23673008  0.23093865  0.23673008  0.30362718  0.30362718  0.27246625  0.25438199  0.26638881  0.24256728  0.24256728  0.25438199  0.25438199  0.24256728  0.23093865  0.24256728  0.25438199  0.25438199  0.24256728  0.24256728  0.34284377  0.34284377  0.30362718  0.31002033  0.34284377  0.32297515  0.32297515  0.35639289  0.33616132  0.34284377  0.33616132  0.34284377  0.33616132  0.33616132  0.32953880  0.32953880  0.32953880  0.32953880  0.34958725  0.27859412  0.27246625  0.26638881  0.29100456  0.31002033  0.29728890  0.33616132  0.33616132  0.33616132  0.32297515  0.33616132  0.31646933  0.31002033  0.34958725  0.30362718  0.29100456  0.29100456  0.34284377  0.33616132  0.34284377  0.42813940  0.45891094  0.42813940  0.40587412  0.38426063  0.38426063  0.38426063  0.40587412  0.41322153  0.41322153  0.38426063  0.37019530  0.38426063  0.40587412  0.25438199  0.26036100  0.20821679  0.20821679  0.21949032  0.19711279  0.27859412  0.21383204  0.21383204  0.21949032  0.21383204  0.21383204  0.21383204  0.24256728  0.23093865  0.23093865  0.21949032  0.27859412  0.22519230  0.19711279  0.22519230  0.22519230  0.23673008  0.26036100  0.24845101  0.24256728  0.24256728  0.24256728  0.26036100  0.23673008  0.23673008  0.18617331  0.18617331  0.18617331  0.19711279  0.19711279  0.21949032  0.23673008  0.24256728  0.23673008  0.26638881  0.24845101  0.24845101  0.24845101  0.24845101  0.26638881  0.19162279  0.20264392  0.15429494  0.15429494  0.15429494  0.15429494  0.15951334  0.19711279  0.17006210  0.15429494  0.15951334  0.14396750  0.15951334  0.15951334  0.15951334  0.18617331  0.17539354  0.18617331  0.21383204  0.21383204  0.23093865  0.21383204  0.20821679  0.21949032  0.21383204  0.20821679  0.20264392  0.20821679  0.20264392  0.20264392  0.22519230  0.20821679  0.20264392  0.22519230  0.29728890  0.21383204  
47_1_0     0.12373610  0.12874222  0.10891822  0.11382455  0.10891822  0.15429494  0.15429494  0.22519230  0.14911316  0.15951334  0.00000000  0.00000000  0.01276799  0.00000000  0.00000000  0.06616938  0.06616938  0.06156876  0.05699662  0.05245262  0.26036100  0.26036100  0.26638881  0.26638881  0.26638881  0.27246625  0.27246625  0.29728890  0.29728890  0.28477327  0.26638881  0.27859412  0.23093865  0.23093865  0.24256728  0.24256728  0.26638881  0.26638881  0.26638881  0.27859412  0.27246625  0.24256728  0.24256728  0.33616132  0.33616132  0.28477327  0.29100456  0.30362718  0.30362718  0.32953880  0.31002033  0.31646933  0.33616132  0.33616132  0.31002033  0.32953880  0.31646933  0.32297515  0.29728890  0.29728890  0.29728890  0.31646933  0.26036100  0.27246625  0.26638881  0.27859412  0.28477327  0.27859412  0.34284377  0.34284377  0.34284377  0.35639289  0.35639289  0.32297515  0.31646933  0.32953880  0.28477327  0.27246625  0.28477327  0.32953880  0.31002033  0.29100456  0.42064279  0.46680846  0.42064279  0.39139506  0.37019530  0.37019530  0.35639289  0.42064279  0.41322153  0.39859910  0.38426063  0.37019530  0.39859910  0.39139506  0.24845101  0.25438199  0.20264392  0.20264392  0.21949032  0.19711279  0.29100456  0.20264392  0.20264392  0.23093865  0.22519230  0.22519230  0.22519230  0.25438199  0.24256728  0.22519230  0.21383204  0.31002033  0.21949032  0.20821679  0.22519230  0.23673008  0.21949032  0.20821679  0.20821679  0.20264392  0.20264392  0.20264392  0.24256728  0.21949032  0.21949032  0.17006210  0.17006210  0.17006210  0.18076376  0.18076376  0.19162279  0.24845101  0.25438199  0.23673008  0.26638881  0.27246625  0.27246625  0.27246625  0.27246625  0.27859412  0.18617331  0.20821679  0.14911316  0.14911316  0.14911316  0.14911316  0.18617331  0.23673008  0.19711279  0.18076376  0.19711279  0.17006210  0.18076376  0.18076376  0.18076376  0.20264392  0.18617331  0.22519230  0.22519230  0.21949032  0.23093865  0.22519230  0.23093865  0.23093865  0.22519230  0.23093865  0.22519230  0.23093865  0.22519230  0.22519230  0.21949032  0.23093865  0.22519230  0.23673008  0.29728890  0.22519230  
74_1_0     0.12373610  0.12874222  0.10891822  0.11382455  0.10891822  0.15429494  0.15429494  0.22519230  0.14911316  0.15951334  0.00000000  0.00000000  0.01276799  0.00000000  0.00000000  0.06616938  0.06616938  0.06156876  0.05699662  0.05245262  0.26036100  0.26036100  0.26638881  0.26638881  0.26638881  0.27246625  0.27246625  0.29728890  0.29728890  0.28477327  0.26638881  0.27859412  0.23093865  0.23093865  0.24256728  0.24256728  0.26638881  0.26638881  0.26638881  0.27859412  0.27246625  0.24256728  0.24256728  0.33616132  0.33616132  0.28477327  0.29100456  0.30362718  0.30362718  0.32953880  0.31002033  0.31646933  0.33616132  0.33616132  0.31002033  0.32953880  0.31646933  0.32297515  0.29728890  0.29728890  0.29728890  0.31646933  0.26036100  0.27246625  0.26638881  0.27859412  0.28477327  0.27859412  0.34284377  0.34284377  0.34284377  0.35639289  0.35639289  0.32297515  0.31646933  0.32953880  0.28477327  0.27246625  0.28477327  0.32953880  0.31002033  0.29100456  0.42064279  0.46680846  0.42064279  0.39139506  0.37019530  0.37019530  0.35639289  0.42064279  0.41322153  0.39859910  0.38426063  0.37019530  0.39859910  0.39139506  0.24845101  0.25438199  0.20264392  0.20264392  0.21949032  0.19711279  0.29100456  0.20264392  0.20264392  0.23093865  0.22519230  0.22519230  0.22519230  0.25438199  0.24256728  0.22519230  0.21383204  0.31002033  0.21949032  0.20821679  0.22519230  0.23673008  0.21949032  0.20821679  0.20821679  0.20264392  0.20264392  0.20264392  0.24256728  0.21949032  0.21949032  0.17006210  0.17006210  0.17006210  0.18076376  0.18076376  0.19162279  0.24845101  0.25438199  0.23673008  0.26638881  0.27246625  0.27246625  0.27246625  0.27246625  0.27859412  0.18617331  0.20821679  0.14911316  0.14911316  0.14911316  0.14911316  0.18617331  0.23673008  0.19711279  0.18076376  0.19711279  0.17006210  0.18076376  0.18076376  0.18076376  0.20264392  0.18617331  0.22519230  0.22519230  0.21949032  0.23093865  0.22519230  0.23093865  0.23093865  0.22519230  0.23093865  0.22519230  0.23093865  0.22519230  0.22519230  0.21949032  0.23093865  0.22519230  0.23673008  0.29728890  0.22519230  
61_1_0     0.12874222  0.13378251  0.11382455  0.11876369  0.11382455  0.15951334  0.15951334  0.23093865  0.15429494  0.16476889  0.01276799  0.01276799  0.00000000  0.01276799  0.01276799  0.07079885  0.07079885  0.06616938  0.06156876  0.05699662  0.26638881  0.26638881  0.27246625  0.27246625  0.27246625  0.27859412  0.28477327  0.30362718  0.30362718  0.27859412  0.26036100  0.27246625  0.23673008  0.23673008  0.24845101  0.24845101  0.27246625  0.27246625  0.27246625  0.28477327  0.27859412  0.24845101  0.24845101  0.35639289  0.35639289  0.29100456  0.29728890  0.29728890  0.31002033  0.33616132  0.31646933  0.32297515  0.34284377  0.34284377  0.31646933  0.33616132  0.32297515  0.32953880  0.30362718  0.30362718  0.30362718  0.33616132  0.27859412  0.29100456  0.28477327  0.28477327  0.29100456  0.28477327  0.34958725  0.34958725  0.34958725  0.36326185  0.36326185  0.32953880  0.32297515  0.34958725  0.29100456  0.27859412  0.29100456  0.33616132  0.31646933  0.31002033  0.42813940  0.47479136  0.42813940  0.39859910  0.37719447  0.37719447  0.36326185  0.42813940  0.42064279  0.40587412  0.39139506  0.37719447  0.40587412  0.39859910  0.25438199  0.26036100  0.20821679  0.20821679  0.22519230  0.20264392  0.29728890  0.18617331  0.18617331  0.21383204  0.20821679  0.20821679  0.20821679  0.23673008  0.22519230  0.20821679  0.19711279  0.30362718  0.20264392  0.19162279  0.20821679  0.21949032  0.22519230  0.22519230  0.21383204  0.20821679  0.20821679  0.20821679  0.23673008  0.22519230  0.22519230  0.17539354  0.17539354  0.17539354  0.18617331  0.18617331  0.20821679  0.25438199  0.26036100  0.24256728  0.27246625  0.27859412  0.27859412  0.27859412  0.27859412  0.28477327  0.19162279  0.21383204  0.15429494  0.15429494  0.15429494  0.15429494  0.19162279  0.24256728  0.20264392  0.18617331  0.20264392  0.17539354  0.18617331  0.18617331  0.18617331  0.20821679  0.19162279  0.23093865  0.23093865  0.22519230  0.23673008  0.23093865  0.23673008  0.23673008  0.23093865  0.23673008  0.23093865  0.23673008  0.23093865  0.23093865  0.23093865  0.23673008  0.23093865  0.24256728  0.31646933  0.24256728  
71_1_0     0.12373610  0.12874222  0.10891822  0.11382455  0.10891822  0.15429494  0.15429494  0.22519230  0.14911316  0.15951334  0.00000000  0.00000000  0.01276799  0.00000000  0.00000000  0.06616938  0.06616938  0.06156876  0.05699662  0.05245262  0.26036100  0.26036100  0.26638881  0.26638881  0.26638881  0.27246625  0.27246625  0.29728890  0.29728890  0.28477327  0.26638881  0.27859412  0.23093865  0.23093865  0.24256728  0.24256728  0.26638881  0.26638881  0.26638881  0.27859412  0.27246625  0.24256728  0.24256728  0.33616132  0.33616132  0.28477327  0.29100456  0.30362718  0.30362718  0.32953880  0.31002033  0.31646933  0.33616132  0.33616132  0.31002033  0.32953880  0.31646933  0.32297515  0.29728890  0.29728890  0.29728890  0.31646933  0.26036100  0.27246625  0.26638881  0.27859412  0.28477327  0.27859412  0.34284377  0.34284377  0.34284377  0.35639289  0.35639289  0.32297515  0.31646933  0.32953880  0.28477327  0.27246625  0.28477327  0.32953880  0.31002033  0.29100456  0.42064279  0.46680846  0.42064279  0.39139506  0.37019530  0.37019530  0.35639289  0.42064279  0.41322153  0.39859910  0.38426063  0.37019530  0.39859910  0.39139506  0.24845101  0.25438199  0.20264392  0.20264392  0.21949032  0.19711279  0.29100456  0.20264392  0.20264392  0.23093865  0.22519230  0.22519230  0.22519230  0.25438199  0.24256728  0.22519230  0.21383204  0.31002033  0.21949032  0.20821679  0.22519230  0.23673008  0.21949032  0.20821679  0.20821679  0.20264392  0.20264392  0.20264392  0.24256728  0.21949032  0.21949032  0.17006210  0.17006210  0.17006210  0.18076376  0.18076376  0.19162279  0.24845101  0.25438199  0.23673008  0.26638881  0.27246625  0.27246625  0.27246625  0.27246625  0.27859412  0.18617331  0.20821679  0.14911316  0.14911316  0.14911316  0.14911316  0.18617331  0.23673008  0.19711279  0.18076376  0.19711279  0.17006210  0.18076376  0.18076376  0.18076376  0.20264392  0.18617331  0.22519230  0.22519230  0.21949032  0.23093865  0.22519230  0.23093865  0.23093865  0.22519230  0.23093865  0.22519230  0.23093865  0.22519230  0.22519230  0.21949032  0.23093865  0.22519230  0.23673008  0.29728890  0.22519230  
39_1_0     0.12373610  0.12874222  0.10891822  0.11382455  0.10891822  0.15429494  0.15429494  0.22519230  0.14911316  0.15951334  0.00000000  0.00000000  0.01276799  0.00000000  0.00000000  0.06616938  0.06616938  0.06156876  0.05699662  0.05245262  0.26036100  0.26036100  0.26638881  0.26638881  0.26638881  0.27246625  0.27246625  0.29728890  0.29728890  0.28477327  0.26638881  0.27859412  0.23093865  0.23093865  0.24256728  0.24256728  0.26638881  0.26638881  0.26638881  0.27859412  0.27246625  0.24256728  0.24256728  0.33616132  0.33616132  0.28477327  0.29100456  0.30362718  0.30362718  0.32953880  0.31002033  0.31646933  0.33616132  0.33616132  0.31002033  0.32953880  0.31646933  0.32297515  0.29728890  0.29728890  0.29728890  0.31646933  0.26036100  0.27246625  0.26638881  0.27859412  0.28477327  0.27859412  0.34284377  0.34284377  0.34284377  0.35639289  0.35639289  0.32297515  0.31646933  0.32953880  0.28477327  0.27246625  0.28477327  0.32953880  0.31002033  0.29100456  0.42064279  0.46680846  0.42064279  0.39139506  0.37019530  0.37019530  0.35639289  0.42064279  0.41322153  0.39859910  0.38426063  0.37019530  0.39859910  0.39139506  0.24845101  0.25438199  0.20264392  0.20264392  0.21949032  0.19711279  0.29100456  0.20264392  0.20264392  0.23093865  0.22519230  0.22519230  0.22519230  0.25438199  0.24256728  0.22519230  0.21383204  0.31002033  0.21949032  0.20821679  0.22519230  0.23673008  0.21949032  0.20821679  0.20821679  0.20264392  0.20264392  0.20264392  0.24256728  0.21949032  0.21949032  0.17006210  0.17006210  0.17006210  0.18076376  0.18076376  0.19162279  0.24845101  0.25438199  0.23673008  0.26638881  0.27246625  0.27246625  0.27246625  0.27246625  0.27859412  0.18617331  0.20821679  0.14911316  0.14911316  0.14911316  0.14911316  0.18617331  0.23673008  0.19711279  0.18076376  0.19711279  0.17006210  0.18076376  0.18076376  0.18076376  0.20264392  0.18617331  0.22519230  0.22519230  0.21949032  0.23093865  0.22519230  0.23093865  0.23093865  0.22519230  0.23093865  0.22519230  0.23093865  0.22519230  0.22519230  0.21949032  0.23093865  0.22519230  0.23673008  0.29728890  0.22519230  
41_53_0    0.12373610  0.12874222  0.10404428  0.10891822  0.10404428  0.14911316  0.14911316  0.21949032  0.15429494  0.16476889  0.06616938  0.06616938  0.07079885  0.06616938  0.06616938  0.00000000  0.03455119  0.03898603  0.03455119  0.03014284  0.22519230  0.22519230  0.23093865  0.23093865  0.23093865  0.23673008  0.24256728  0.26036100  0.26036100  0.23673008  0.21949032  0.23093865  0.19711279  0.19711279  0.19711279  0.19711279  0.21949032  0.21949032  0.21949032  0.21949032  0.22519230  0.21949032  0.21949032  0.37719447  0.37719447  0.33616132  0.27859412  0.28477327  0.29100456  0.31646933  0.33616132  0.29100456  0.31002033  0.31002033  0.28477327  0.30362718  0.29100456  0.29728890  0.28477327  0.28477327  0.28477327  0.34284377  0.28477327  0.29728890  0.29100456  0.26638881  0.29728890  0.29100456  0.32953880  0.32953880  0.32953880  0.31646933  0.34284377  0.28477327  0.27859412  0.31646933  0.28477327  0.28477327  0.29728890  0.32953880  0.32297515  0.31646933  0.41322153  0.47479136  0.42813940  0.39139506  0.35639289  0.35639289  0.35639289  0.37719447  0.39859910  0.38426063  0.35639289  0.35639289  0.39859910  0.39139506  0.23093865  0.23673008  0.18617331  0.18617331  0.20264392  0.18076376  0.30362718  0.18076376  0.18076376  0.19711279  0.19162279  0.19162279  0.19162279  0.23093865  0.21949032  0.19711279  0.18617331  0.30362718  0.19162279  0.18076376  0.19711279  0.20821679  0.19162279  0.19711279  0.19162279  0.18617331  0.18617331  0.18617331  0.23673008  0.19162279  0.19162279  0.14396750  0.14396750  0.14396750  0.14396750  0.14396750  0.16476889  0.21949032  0.22519230  0.21949032  0.26036100  0.26638881  0.26638881  0.26638881  0.26638881  0.27246625  0.17006210  0.19162279  0.13378251  0.13378251  0.13378251  0.13378251  0.18076376  0.21949032  0.17006210  0.15429494  0.17006210  0.14396750  0.14396750  0.14396750  0.14396750  0.17539354  0.15951334  0.19711279  0.19162279  0.19711279  0.19711279  0.20264392  0.20821679  0.20821679  0.20264392  0.20821679  0.20264392  0.20821679  0.20264392  0.20264392  0.20264392  0.20821679  0.20264392  0.23673008  0.28477327  0.22519230  
41_1_0     0.10404428  0.10891822  0.09439187  0.09920230  0.09439187  0.14911316  0.14911316  0.21949032  0.14396750  0.15429494  0.06616938  0.06616938  0.07079885  0.06616938  0.06616938  0.03455119  0.00000000  0.03898603  0.03455119  0.03014284  0.22519230  0.22519230  0.23093865  0.23093865  0.23093865  0.22519230  0.23093865  0.27246625  0.27246625  0.24845101  0.23093865  0.24256728  0.18617331  0.18617331  0.19711279  0.19711279  0.21949032  0.21949032  0.21949032  0.23093865  0.23673008  0.20821679  0.20821679  0.35639289  0.35639289  0.31646933  0.26638881  0.27246625  0.29100456  0.30362718  0.31002033  0.27859412  0.29728890  0.29728890  0.27246625  0.29100456  0.27859412  0.28477327  0.27246625  0.27246625  0.27246625  0.31646933  0.27246625  0.28477327  0.27859412  0.24256728  0.27246625  0.26638881  0.31646933  0.30362718  0.30362718  0.30362718  0.31646933  0.27246625  0.26638881  0.30362718  0.28477327  0.27246625  0.28477327  0.31646933  0.29728890  0.30362718  0.42813940  0.49102084  0.44336488  0.39139506  0.35639289  0.35639289  0.35639289  0.39139506  0.42813940  0.39859910  0.37019530  0.37019530  0.39859910  0.39139506  0.23673008  0.24256728  0.18076376  0.18076376  0.19711279  0.17539354  0.29728890  0.17539354  0.17539354  0.19162279  0.18617331  0.18617331  0.18617331  0.21383204  0.20264392  0.19162279  0.18076376  0.29728890  0.18617331  0.17539354  0.19162279  0.20264392  0.18076376  0.18617331  0.18076376  0.17539354  0.17539354  0.17539354  0.22519230  0.18076376  0.18076376  0.13378251  0.13378251  0.13378251  0.15429494  0.15429494  0.17539354  0.21949032  0.22519230  0.20821679  0.26036100  0.26638881  0.26638881  0.26638881  0.26638881  0.27246625  0.15951334  0.18076376  0.12373610  0.12373610  0.12373610  0.12373610  0.15951334  0.19711279  0.15951334  0.14396750  0.15951334  0.13378251  0.14396750  0.14396750  0.14396750  0.17539354  0.14911316  0.18617331  0.19162279  0.19711279  0.18617331  0.19162279  0.19711279  0.20264392  0.19162279  0.19711279  0.19162279  0.19711279  0.19162279  0.19162279  0.20264392  0.19711279  0.19162279  0.21383204  0.28477327  0.21383204  
48_1_0     0.10891822  0.11382455  0.08961257  0.09439187  0.08961257  0.13378251  0.13378251  0.21383204  0.12874222  0.13885744  0.06156876  0.06156876  0.06616938  0.06156876  0.06156876  0.03898603  0.03898603  0.00000000  0.00423151  0.00848741  0.20821679  0.20821679  0.21383204  0.21383204  0.21383204  0.21949032  0.22519230  0.26036100  0.26036100  0.23673008  0.21949032  0.23093865  0.18617331  0.18617331  0.18617331  0.18617331  0.20821679  0.20821679  0.20821679  0.21949032  0.22519230  0.19711279  0.19711279  0.37719447  0.37719447  0.31002033  0.28477327  0.29100456  0.29728890  0.32297515  0.32953880  0.31002033  0.31646933  0.31646933  0.30362718  0.32297515  0.31002033  0.31646933  0.29100456  0.29100456  0.29100456  0.33616132  0.27859412  0.29100456  0.28477327  0.27246625  0.30362718  0.28477327  0.34958725  0.34958725  0.34958725  0.34958725  0.36326185  0.30362718  0.29728890  0.32297515  0.29100456  0.27859412  0.27859412  0.32297515  0.30362718  0.29728890  0.41322153  0.47479136  0.42813940  0.37719447  0.35639289  0.35639289  0.34284377  0.39139506  0.39859910  0.38426063  0.37019530  0.35639289  0.37019530  0.37719447  0.21383204  0.21949032  0.15951334  0.15951334  0.17539354  0.15429494  0.27246625  0.16476889  0.16476889  0.19162279  0.18617331  0.18617331  0.18617331  0.22519230  0.21383204  0.19162279  0.18076376  0.29728890  0.18617331  0.17539354  0.20264392  0.20264392  0.19711279  0.20821679  0.19711279  0.19162279  0.19162279  0.19162279  0.23093865  0.18617331  0.18617331  0.13885744  0.13885744  0.13885744  0.15951334  0.15951334  0.18076376  0.22519230  0.23093865  0.22519230  0.27859412  0.28477327  0.28477327  0.28477327  0.28477327  0.29100456  0.16476889  0.19711279  0.12874222  0.12874222  0.12874222  0.12874222  0.17539354  0.21383204  0.16476889  0.14911316  0.16476889  0.13885744  0.13885744  0.13885744  0.13885744  0.17006210  0.14396750  0.19162279  0.19711279  0.20264392  0.21383204  0.19711279  0.20264392  0.20264392  0.19711279  0.20264392  0.19711279  0.20264392  0.19711279  0.19711279  0.19711279  0.20264392  0.19711279  0.23093865  0.29100456  0.21949032  
