20
20_0_0     0.00000000  0.00000000  0.00000000  0.07651847  0.07149927  0.15616170  0.18471668  0.15616170  0.15616170  0.28420803  0.29088948  0.28420803  0.25806467  0.25806467  0.29088948  0.26451518  0.27102191  0.26451518  0.31822988  0.30443452  
19_0_0     0.00000000  0.00000000  0.00000000  0.07651847  0.07149927  0.15616170  0.18471668  0.15616170  0.15616170  0.28420803  0.29088948  0.28420803  0.25806467  0.25806467  0.29088948  0.26451518  0.27102191  0.26451518  0.31822988  0.30443452  
12_0_0     0.00000000  0.00000000  0.00000000  0.07651847  0.07149927  0.15616170  0.18471668  0.15616170  0.15616170  0.28420803  0.29088948  0.28420803  0.25806467  0.25806467  0.29088948  0.26451518  0.27102191  0.26451518  0.31822988  0.30443452  
14_0_0     0.07651847  0.07651847  0.07651847  0.00000000  0.01376245  0.15616170  0.18471668  0.16745296  0.17891763  0.31822988  0.32522436  0.29088948  0.25166943  0.25166943  0.29763128  0.27102191  0.25166943  0.28420803  0.32522436  0.31130033  
18_0_0     0.07149927  0.07149927  0.07149927  0.01376245  0.00000000  0.17316328  0.18471668  0.17316328  0.17316328  0.30443452  0.31130033  0.29088948  0.26451518  0.26451518  0.29763128  0.27102191  0.25166943  0.27102191  0.31130033  0.29763128  
16_0_0     0.15616170  0.15616170  0.15616170  0.15616170  0.17316328  0.00000000  0.05175329  0.05175329  0.07149927  0.25166943  0.27758585  0.28420803  0.27102191  0.27102191  0.31130033  0.29763128  0.31822988  0.27758585  0.34660985  0.32522436  
17_0_0     0.18471668  0.18471668  0.18471668  0.18471668  0.18471668  0.05175329  0.00000000  0.07149927  0.09178180  0.26451518  0.29088948  0.29088948  0.30443452  0.30443452  0.33228500  0.31822988  0.35387670  0.29763128  0.36862613  0.34660985  
17_1_0     0.15616170  0.15616170  0.15616170  0.16745296  0.17316328  0.05175329  0.07149927  0.00000000  0.04689735  0.25166943  0.27758585  0.28420803  0.28420803  0.28420803  0.33941307  0.29763128  0.32522436  0.29088948  0.31822988  0.29763128  
16_1_0     0.15616170  0.15616170  0.15616170  0.17891763  0.17316328  0.07149927  0.09178180  0.04689735  0.00000000  0.29763128  0.32522436  0.31822988  0.30443452  0.30443452  0.36121498  0.31822988  0.33228500  0.31130033  0.36862613  0.34660985  
4_0_0      0.28420803  0.28420803  0.28420803  0.31822988  0.30443452  0.25166943  0.26451518  0.25166943  0.29763128  0.00000000  0.04207278  0.08157165  0.12865892  0.12865892  0.13953874  0.12327791  0.17891763  0.09178180  0.15616170  0.14503870  
3_0_0      0.29088948  0.29088948  0.29088948  0.32522436  0.31130033  0.27758585  0.29088948  0.27758585  0.32522436  0.04207278  0.00000000  0.10736375  0.14503870  0.14503870  0.15616170  0.13953874  0.19645171  0.12865892  0.16178598  0.15057949  
5_0_0      0.28420803  0.28420803  0.28420803  0.29088948  0.29088948  0.28420803  0.29088948  0.28420803  0.31822988  0.08157165  0.10736375  0.00000000  0.11263086  0.11263086  0.13407901  0.11793540  0.16178598  0.10736375  0.16178598  0.15057949  
8_0_0      0.25806467  0.25806467  0.25806467  0.25166943  0.26451518  0.27102191  0.30443452  0.28420803  0.30443452  0.12865892  0.14503870  0.11263086  0.00000000  0.00000000  0.11263086  0.11263086  0.11263086  0.10213354  0.14503870  0.13407901  
2_0_0      0.25806467  0.25806467  0.25806467  0.25166943  0.26451518  0.27102191  0.30443452  0.28420803  0.30443452  0.12865892  0.14503870  0.11263086  0.00000000  0.00000000  0.11263086  0.11263086  0.11263086  0.10213354  0.14503870  0.13407901  
6_0_0      0.29088948  0.29088948  0.29088948  0.29763128  0.29763128  0.31130033  0.33228500  0.33941307  0.36121498  0.13953874  0.15616170  0.13407901  0.11263086  0.11263086  0.00000000  0.12865892  0.13953874  0.15057949  0.19645171  0.17316328  
1_0_0      0.26451518  0.26451518  0.26451518  0.27102191  0.27102191  0.29763128  0.31822988  0.29763128  0.31822988  0.12327791  0.13953874  0.11793540  0.11263086  0.11263086  0.12865892  0.00000000  0.09693973  0.12865892  0.17316328  0.15057949  
9_0_0      0.27102191  0.27102191  0.27102191  0.25166943  0.25166943  0.31822988  0.35387670  0.32522436  0.33228500  0.17891763  0.19645171  0.16178598  0.11263086  0.11263086  0.13953874  0.09693973  0.00000000  0.15057949  0.19056113  0.16745296  
10_0_0     0.26451518  0.26451518  0.26451518  0.28420803  0.27102191  0.27758585  0.29763128  0.29088948  0.31130033  0.09178180  0.12865892  0.10736375  0.10213354  0.10213354  0.15057949  0.12865892  0.15057949  0.00000000  0.08665927  0.07651847  
11_0_0     0.31822988  0.31822988  0.31822988  0.32522436  0.31130033  0.34660985  0.36862613  0.31822988  0.36862613  0.15616170  0.16178598  0.16178598  0.14503870  0.14503870  0.19645171  0.17316328  0.19056113  0.08665927  0.00000000  0.01840691  
7_0_0      0.30443452  0.30443452  0.30443452  0.31130033  0.29763128  0.32522436  0.34660985  0.29763128  0.34660985  0.14503870  0.15057949  0.15057949  0.13407901  0.13407901  0.17316328  0.15057949  0.16745296  0.07651847  0.01840691  0.00000000  

