161
40_0_0     0.00000000  0.22586937  0.52874829  0.50709918  0.24066446  0.24566193  0.24066446  0.35334000  0.29756437  0.33052812  0.33616618  0.36501233  0.33616618  0.38891827  0.36501233  0.38891827  0.38286975  0.80983889  0.66489512  0.86515018  0.83147496  0.79925119  0.85375577  0.83147496  0.82057867  0.76835891  0.77851519  0.67373119  0.67373119  0.73869244  0.76835891  0.74845107  0.75833874  0.76835891  0.87672093  0.84253238  0.75833874  0.79925119  0.75833874  0.80983889  0.71015820  0.74845107  0.76835891  0.79925119  0.80983889  0.80983889  0.70088374  0.71954914  0.71954914  0.72905953  0.96315454  0.73869244  0.70088374  0.88847354  0.78881131  0.83147496  0.96315454  0.67373119  0.71954914  0.70088374  0.73869244  0.77851519  0.84253238  0.75833874  0.71954914  0.69172290  0.71954914  0.72905953  0.83147496  0.69172290  0.70088374  0.73869244  0.93742316  1.00349211  1.03164581  1.07596958  1.01743646  0.93742316  0.91254787  0.85375577  0.80983889  0.78881131  0.79925119  0.85375577  0.88847354  0.91254787  0.80983889  0.80983889  0.80983889  0.78881131  0.76835891  0.78881131  0.76835891  0.77851519  0.88847354  0.80983889  0.77851519  0.84253238  0.75833874  0.91254787  0.71954914  0.85375577  0.90041382  0.78881131  0.82057867  0.83147496  0.77851519  0.92488208  0.75833874  0.72905953  0.84253238  0.79925119  0.85375577  0.83147496  0.80983889  0.84253238  0.93742316  0.93742316  0.88847354  0.84253238  0.73869244  0.77851519  0.82057867  0.77851519  0.92488208  0.77851519  0.73869244  0.78881131  0.80983889  0.80983889  0.69172290  0.77851519  0.78881131  0.97636008  0.97636008  0.96315454  0.79925119  0.73869244  0.77851519  0.79925119  0.69172290  0.69172290  0.82057867  0.85375577  0.85375577  0.79925119  0.80983889  0.79925119  0.77851519  0.82057867  0.91254787  0.85375577  0.86515018  0.83147496  0.85375577  0.90041382  0.90041382  0.86515018  0.85375577  0.84253238  0.80983889  
5_0_0      0.22586937  0.00000000  0.53610622  0.49300700  0.18778986  0.18316344  0.17856546  0.29756437  0.23076861  0.36501233  0.38891827  0.37686977  0.36501233  0.33616618  0.34184707  0.37091755  0.35334000  0.87672093  0.71015820  0.75833874  0.85375577  0.84253238  0.92488208  0.86515018  0.84253238  0.87672093  0.86515018  0.68267293  0.68267293  0.77851519  0.73869244  0.74845107  0.75833874  0.76835891  0.79925119  0.83147496  0.72905953  0.78881131  0.73869244  0.76835891  0.73869244  0.77851519  0.73869244  0.84253238  0.78881131  0.78881131  0.75833874  0.77851519  0.76835891  0.77851519  0.86515018  0.65616224  0.66489512  0.90041382  0.76835891  0.87672093  0.90041382  0.63055937  0.61396520  0.63899663  0.63899663  0.71954914  0.79925119  0.74845107  0.69172290  0.65616224  0.71015820  0.71954914  0.76835891  0.72905953  0.73869244  0.85375577  0.96315454  1.04613042  0.95017817  0.97636008  0.93742316  0.93742316  0.95017817  0.85375577  0.95017817  0.82057867  0.85375577  0.95017817  0.88847354  0.87672093  0.74845107  0.71015820  0.76835891  0.83147496  0.83147496  0.83147496  0.85375577  0.86515018  0.86515018  0.88847354  0.77851519  0.90041382  0.74845107  0.98980304  0.76835891  0.79925119  0.92488208  0.86515018  0.82057867  0.84253238  0.83147496  0.90041382  0.80983889  0.72905953  0.78881131  0.76835891  0.77851519  0.79925119  0.79925119  0.80983889  0.80983889  0.90041382  0.86515018  0.74845107  0.76835891  0.78881131  0.84253238  0.84253238  0.95017817  0.77851519  0.64753018  0.84253238  0.79925119  0.77851519  0.74845107  0.78881131  0.79925119  0.90041382  0.90041382  0.91254787  0.83147496  0.76835891  0.77851519  0.78881131  0.72905953  0.76835891  0.88847354  0.86515018  0.86515018  0.91254787  0.90041382  0.78881131  0.74845107  0.78881131  0.90041382  0.82057867  0.83147496  0.84253238  0.91254787  0.93742316  0.95017817  0.93742316  0.92488208  0.86515018  0.87672093  
17_0_0     0.52874829  0.53610622  0.00000000  0.12977021  0.50709918  0.50001989  0.51424613  0.57402278  0.54353728  0.54353728  0.52146205  0.54353728  0.54353728  0.65616224  0.66489512  0.63055937  0.63055937  1.03164581  0.97636008  1.04613042  1.09134790  1.03164581  1.09134790  0.93742316  0.92488208  0.91254787  0.87672093  1.03164581  1.06090117  0.98980304  0.98980304  1.03164581  1.06090117  1.06090117  0.88847354  1.19091789  1.09134790  1.07596958  0.88847354  1.00349211  0.97636008  0.97636008  0.97636008  1.13947677  0.98980304  0.98980304  0.91254787  0.95017817  0.88847354  0.91254787  1.06090117  0.86515018  0.90041382  0.96315454  0.87672093  0.93742316  1.03164581  0.86515018  0.86515018  0.85375577  0.84253238  0.92488208  1.00349211  0.87672093  0.95017817  0.91254787  0.86515018  0.91254787  0.98980304  0.90041382  0.88847354  1.09134790  0.95017817  1.00349211  1.00349211  1.07596958  0.92488208  1.03164581  1.04613042  1.03164581  1.10704915  1.00349211  0.98980304  1.10704915  1.13947677  1.04613042  0.86515018  0.86515018  0.83147496  0.98980304  1.00349211  1.01743646  1.03164581  1.01743646  1.10704915  1.04613042  1.03164581  1.00349211  1.00349211  1.00349211  0.96315454  1.06090117  1.06090117  1.00349211  1.06090117  1.07596958  1.01743646  1.04613042  0.98980304  1.15623365  1.12308719  1.04613042  1.10704915  0.93742316  0.95017817  0.95017817  1.13947677  1.10704915  1.24616108  1.04613042  0.88847354  0.79925119  0.80983889  0.85375577  1.17337468  0.92488208  0.86515018  0.82057867  0.80983889  0.78881131  0.91254787  0.97636008  1.04613042  0.98980304  0.97636008  1.04613042  0.91254787  0.97636008  0.95017817  0.96315454  0.91254787  0.95017817  0.85375577  0.91254787  0.95017817  1.09134790  1.07596958  0.97636008  0.96315454  0.96315454  0.98980304  1.01743646  1.03164581  1.00349211  1.06090117  1.01743646  1.12308719  1.06090117  0.98980304  1.00349211  0.98980304  
36_0_0     0.50709918  0.49300700  0.12977021  0.00000000  0.48605927  0.47917551  0.46559522  0.55862468  0.50001989  0.52874829  0.51424613  0.53610622  0.54353728  0.55862468  0.58974466  0.56628410  0.56628410  1.09134790  0.96315454  1.06090117  1.09134790  1.03164581  1.03164581  0.92488208  0.97636008  0.96315454  0.95017817  0.95017817  0.97636008  0.96315454  0.97636008  1.00349211  0.98980304  0.98980304  0.86515018  1.20888259  1.09134790  1.09134790  0.88847354  1.03164581  0.98980304  0.90041382  1.04613042  0.97636008  0.91254787  0.91254787  0.90041382  0.93742316  0.87672093  0.90041382  1.03164581  0.87672093  0.86515018  1.00349211  0.85375577  0.91254787  1.04613042  0.87672093  0.92488208  0.90041382  0.87672093  0.90041382  1.03164581  0.80983889  0.97636008  0.93742316  0.82057867  0.88847354  0.93742316  0.85375577  0.86515018  1.04613042  1.01743646  1.06090117  1.00349211  1.10704915  0.87672093  1.00349211  0.98980304  0.97636008  0.97636008  0.96315454  0.98980304  1.06090117  1.07596958  1.01743646  0.78881131  0.83147496  0.79925119  0.98980304  0.93742316  1.00349211  0.98980304  0.97636008  1.04613042  0.95017817  0.91254787  0.91254787  0.91254787  0.96315454  0.95017817  0.97636008  0.97636008  0.98980304  1.07596958  1.04613042  1.01743646  0.91254787  0.95017817  1.12308719  1.07596958  1.09134790  1.10704915  0.98980304  1.00349211  1.04613042  1.10704915  1.13947677  1.15623365  1.10704915  0.74845107  0.77851519  0.80983889  0.80983889  1.20888259  0.87672093  0.84253238  0.77851519  0.74845107  0.76835891  0.83147496  0.85375577  0.95017817  0.95017817  0.93742316  0.96315454  0.85375577  0.96315454  0.97636008  0.96315454  0.80983889  0.84253238  0.84253238  0.84253238  0.92488208  1.00349211  0.96315454  0.87672093  0.86515018  0.86515018  0.97636008  0.90041382  0.92488208  0.90041382  0.93742316  0.91254787  1.00349211  1.00349211  0.98980304  1.00349211  0.98980304  
31_0_0     0.24066446  0.18778986  0.50709918  0.48605927  0.00000000  0.01458169  0.03700167  0.20184341  0.18778986  0.28161190  0.28689167  0.31937796  0.30295840  0.29756437  0.30839162  0.31386461  0.29756437  0.86515018  0.71015820  0.78881131  0.85375577  0.84253238  0.90041382  0.85375577  0.77851519  0.79925119  0.77851519  0.70088374  0.72905953  0.77851519  0.75833874  0.72905953  0.79925119  0.80983889  0.88847354  0.86515018  0.74845107  0.84253238  0.73869244  0.77851519  0.74845107  0.83147496  0.80983889  0.82057867  0.75833874  0.75833874  0.70088374  0.73869244  0.71954914  0.72905953  0.80983889  0.65616224  0.65616224  0.75833874  0.74845107  0.91254787  0.92488208  0.62221626  0.63055937  0.66489512  0.70088374  0.75833874  0.85375577  0.71954914  0.82057867  0.75833874  0.73869244  0.69172290  0.75833874  0.71015820  0.70088374  0.83147496  0.88847354  0.87672093  0.87672093  0.97636008  0.82057867  0.84253238  0.85375577  0.87672093  0.90041382  0.84253238  0.84253238  0.91254787  0.87672093  0.78881131  0.74845107  0.74845107  0.77851519  0.78881131  0.83147496  0.79925119  0.78881131  0.79925119  0.83147496  0.87672093  0.75833874  0.82057867  0.66489512  0.93742316  0.77851519  0.83147496  0.84253238  0.86515018  0.79925119  0.87672093  0.78881131  0.93742316  0.79925119  0.76835891  0.82057867  0.85375577  0.82057867  0.79925119  0.82057867  0.78881131  0.95017817  0.90041382  0.88847354  0.79925119  0.67373119  0.71954914  0.77851519  0.79925119  1.00349211  0.74845107  0.68267293  0.73869244  0.70088374  0.70088374  0.75833874  0.77851519  0.78881131  0.92488208  0.91254787  0.91254787  0.74845107  0.74845107  0.77851519  0.76835891  0.66489512  0.67373119  0.78881131  0.80983889  0.75833874  0.93742316  0.92488208  0.83147496  0.76835891  0.80983889  0.92488208  0.85375577  0.84253238  0.80983889  0.86515018  0.85375577  0.83147496  0.84253238  0.83147496  0.84253238  0.83147496  
33_0_0     0.24566193  0.18316344  0.50001989  0.47917551  0.01458169  0.00000000  0.03700167  0.20658724  0.18778986  0.26599266  0.27116291  0.30295840  0.28689167  0.29220898  0.30295840  0.31937796  0.30295840  0.86515018  0.70088374  0.75833874  0.82057867  0.80983889  0.86515018  0.84253238  0.78881131  0.78881131  0.74845107  0.71015820  0.71954914  0.78881131  0.76835891  0.73869244  0.76835891  0.77851519  0.85375577  0.87672093  0.75833874  0.85375577  0.72905953  0.74845107  0.73869244  0.82057867  0.79925119  0.80983889  0.74845107  0.74845107  0.71954914  0.75833874  0.73869244  0.74845107  0.82057867  0.65616224  0.67373119  0.73869244  0.72905953  0.88847354  0.90041382  0.63899663  0.64753018  0.66489512  0.68267293  0.73869244  0.83147496  0.71954914  0.79925119  0.73869244  0.71954914  0.71015820  0.73869244  0.70088374  0.69172290  0.84253238  0.88847354  0.87672093  0.87672093  0.97636008  0.82057867  0.84253238  0.85375577  0.90041382  0.90041382  0.82057867  0.84253238  0.90041382  0.86515018  0.82057867  0.75833874  0.77851519  0.78881131  0.77851519  0.82057867  0.78881131  0.77851519  0.78881131  0.82057867  0.86515018  0.76835891  0.80983889  0.67373119  0.92488208  0.76835891  0.82057867  0.85375577  0.87672093  0.79925119  0.87672093  0.78881131  0.93742316  0.79925119  0.77851519  0.82057867  0.85375577  0.82057867  0.80983889  0.83147496  0.79925119  0.95017817  0.91254787  0.87672093  0.79925119  0.65616224  0.71954914  0.77851519  0.79925119  0.98980304  0.76835891  0.68267293  0.75833874  0.71954914  0.71954914  0.77851519  0.77851519  0.78881131  0.93742316  0.92488208  0.92488208  0.72905953  0.72905953  0.75833874  0.74845107  0.64753018  0.65616224  0.78881131  0.83147496  0.77851519  0.90041382  0.88847354  0.79925119  0.75833874  0.77851519  0.91254787  0.82057867  0.80983889  0.79925119  0.83147496  0.82057867  0.80983889  0.80983889  0.79925119  0.80983889  0.79925119  
3_0_0      0.24066446  0.17856546  0.51424613  0.46559522  0.03700167  0.03700167  0.00000000  0.20658724  0.19712949  0.29220898  0.30839162  0.30839162  0.30295840  0.29756437  0.30839162  0.32493225  0.30839162  0.92488208  0.67373119  0.77851519  0.84253238  0.85375577  0.88847354  0.82057867  0.76835891  0.79925119  0.76835891  0.70088374  0.71954914  0.80983889  0.80983889  0.77851519  0.78881131  0.79925119  0.85375577  0.87672093  0.77851519  0.80983889  0.74845107  0.76835891  0.75833874  0.84253238  0.79925119  0.80983889  0.74845107  0.74845107  0.70088374  0.73869244  0.71954914  0.72905953  0.82057867  0.65616224  0.65616224  0.79925119  0.70088374  0.88847354  0.87672093  0.62221626  0.61396520  0.64753018  0.68267293  0.75833874  0.85375577  0.73869244  0.79925119  0.73869244  0.71015820  0.66489512  0.75833874  0.69172290  0.70088374  0.79925119  0.95017817  0.92488208  0.88847354  0.98980304  0.78881131  0.83147496  0.84253238  0.86515018  0.88847354  0.80983889  0.83147496  0.93742316  0.92488208  0.85375577  0.69172290  0.71015820  0.71954914  0.77851519  0.77851519  0.80983889  0.79925119  0.80983889  0.83147496  0.88847354  0.76835891  0.78881131  0.69172290  0.90041382  0.72905953  0.77851519  0.85375577  0.90041382  0.83147496  0.86515018  0.79925119  0.90041382  0.76835891  0.79925119  0.83147496  0.87672093  0.85375577  0.83147496  0.83147496  0.84253238  0.92488208  0.97636008  0.91254787  0.83147496  0.64753018  0.68267293  0.73869244  0.75833874  1.00349211  0.75833874  0.69172290  0.74845107  0.72905953  0.72905953  0.76835891  0.76835891  0.77851519  0.97636008  0.96315454  0.96315454  0.69172290  0.69172290  0.73869244  0.74845107  0.63055937  0.64753018  0.78881131  0.79925119  0.78881131  0.92488208  0.88847354  0.82057867  0.75833874  0.79925119  0.86515018  0.76835891  0.75833874  0.74845107  0.80983889  0.78881131  0.77851519  0.77851519  0.76835891  0.77851519  0.78881131  
6_0_0      0.35334000  0.29756437  0.57402278  0.55862468  0.20184341  0.20658724  0.20658724  0.00000000  0.24066446  0.36501233  0.39501611  0.41361381  0.40116409  0.36501233  0.37686977  0.37686977  0.35915339  0.91254787  0.63055937  0.74845107  0.83147496  0.82057867  0.83147496  0.84253238  0.79925119  0.79925119  0.79925119  0.70088374  0.77851519  0.75833874  0.72905953  0.71015820  0.82057867  0.82057867  0.86515018  0.84253238  0.75833874  0.83147496  0.72905953  0.74845107  0.73869244  0.78881131  0.82057867  0.91254787  0.83147496  0.83147496  0.80983889  0.83147496  0.83147496  0.82057867  0.88847354  0.76835891  0.78881131  0.76835891  0.72905953  0.87672093  0.92488208  0.63899663  0.66489512  0.71954914  0.75833874  0.76835891  0.85375577  0.65616224  0.85375577  0.80983889  0.77851519  0.77851519  0.83147496  0.71954914  0.74845107  0.85375577  1.01743646  0.98980304  0.95017817  0.97636008  0.86515018  0.85375577  0.85375577  0.82057867  1.01743646  0.92488208  0.97636008  0.96315454  0.95017817  0.83147496  0.76835891  0.75833874  0.79925119  0.74845107  0.78881131  0.74845107  0.77851519  0.76835891  0.76835891  0.83147496  0.80983889  0.77851519  0.69172290  0.74845107  0.78881131  0.74845107  0.79925119  0.85375577  0.75833874  0.78881131  0.71954914  0.87672093  0.73869244  0.78881131  0.80983889  0.83147496  0.79925119  0.82057867  0.84253238  0.83147496  0.91254787  0.93742316  0.85375577  0.77851519  0.74845107  0.63899663  0.67373119  0.65616224  1.04613042  0.83147496  0.78881131  0.73869244  0.71954914  0.72905953  0.77851519  0.84253238  0.84253238  1.00349211  1.00349211  0.91254787  0.73869244  0.71954914  0.78881131  0.83147496  0.73869244  0.72905953  0.86515018  0.85375577  0.84253238  0.88847354  0.88847354  0.84253238  0.75833874  0.82057867  0.93742316  0.86515018  0.87672093  0.86515018  0.96315454  1.00349211  0.91254787  0.86515018  0.85375577  0.87672093  0.86515018  
15_0_0     0.29756437  0.23076861  0.54353728  0.50001989  0.18778986  0.18778986  0.19712949  0.24066446  0.00000000  0.25575820  0.27116291  0.28689167  0.26599266  0.25575820  0.25575820  0.30295840  0.28689167  0.86515018  0.65616224  0.78881131  0.84253238  0.80983889  0.85375577  0.76835891  0.71954914  0.72905953  0.75833874  0.71015820  0.74845107  0.77851519  0.76835891  0.76835891  0.85375577  0.84253238  0.86515018  0.88847354  0.79925119  0.88847354  0.78881131  0.82057867  0.76835891  0.75833874  0.77851519  0.92488208  0.87672093  0.87672093  0.69172290  0.74845107  0.72905953  0.74845107  0.86515018  0.66489512  0.70088374  0.83147496  0.72905953  0.85375577  0.86515018  0.63899663  0.63899663  0.70088374  0.70088374  0.76835891  0.79925119  0.76835891  0.72905953  0.69172290  0.73869244  0.72905953  0.78881131  0.64753018  0.65616224  0.83147496  0.95017817  0.97636008  1.01743646  1.09134790  0.92488208  0.96315454  0.93742316  0.83147496  0.96315454  0.77851519  0.80983889  0.88847354  0.88847354  0.82057867  0.70088374  0.76835891  0.72905953  0.86515018  0.76835891  0.92488208  0.87672093  0.91254787  0.86515018  0.91254787  0.85375577  0.93742316  0.72905953  0.91254787  0.82057867  0.83147496  0.90041382  0.87672093  0.84253238  0.77851519  0.70088374  0.86515018  0.76835891  0.76835891  0.85375577  0.80983889  0.83147496  0.77851519  0.78881131  0.76835891  0.91254787  0.86515018  0.88847354  0.78881131  0.71015820  0.69172290  0.74845107  0.71954914  1.10704915  0.75833874  0.70088374  0.80983889  0.76835891  0.76835891  0.77851519  0.73869244  0.79925119  0.85375577  0.87672093  0.84253238  0.74845107  0.73869244  0.75833874  0.76835891  0.65616224  0.65616224  0.93742316  0.91254787  0.92488208  0.90041382  0.87672093  0.82057867  0.77851519  0.77851519  0.87672093  0.87672093  0.86515018  0.85375577  0.88847354  0.91254787  0.80983889  0.91254787  0.87672093  0.86515018  0.85375577  
34_0_0     0.33052812  0.36501233  0.54353728  0.52874829  0.28161190  0.26599266  0.29220898  0.36501233  0.25575820  0.00000000  0.06403731  0.20184341  0.16945347  0.34757145  0.38286975  0.35334000  0.34757145  0.85375577  0.63055937  0.80983889  0.71954914  0.75833874  0.87672093  0.76835891  0.80983889  0.71954914  0.75833874  0.76835891  0.82057867  0.84253238  0.87672093  0.87672093  0.87672093  0.86515018  0.85375577  0.85375577  0.72905953  0.82057867  0.78881131  0.76835891  0.73869244  0.82057867  0.84253238  0.86515018  0.84253238  0.84253238  0.73869244  0.72905953  0.72905953  0.74845107  0.78881131  0.74845107  0.74845107  0.72905953  0.78881131  0.82057867  0.95017817  0.75833874  0.78881131  0.77851519  0.75833874  0.80983889  0.79925119  0.84253238  0.82057867  0.84253238  0.78881131  0.79925119  0.80983889  0.77851519  0.76835891  0.84253238  0.92488208  0.92488208  0.87672093  1.06090117  0.93742316  0.93742316  0.92488208  0.88847354  0.96315454  0.75833874  0.80983889  0.97636008  0.95017817  0.79925119  0.79925119  0.82057867  0.80983889  0.85375577  0.73869244  0.84253238  0.85375577  0.84253238  0.79925119  0.80983889  0.87672093  0.80983889  0.71015820  0.88847354  0.87672093  0.92488208  1.01743646  0.86515018  0.90041382  0.88847354  0.84253238  0.96315454  0.93742316  0.90041382  0.91254787  0.97636008  0.95017817  0.92488208  0.96315454  0.95017817  1.06090117  1.03164581  1.01743646  0.92488208  0.65616224  0.73869244  0.74845107  0.74845107  1.17337468  0.82057867  0.83147496  0.82057867  0.82057867  0.82057867  0.85375577  0.83147496  0.83147496  0.82057867  0.79925119  0.76835891  0.79925119  0.79925119  0.82057867  0.83147496  0.68267293  0.66489512  0.98980304  1.07596958  1.00349211  0.79925119  0.83147496  0.78881131  0.72905953  0.76835891  0.90041382  0.86515018  0.87672093  0.84253238  0.77851519  0.79925119  0.77851519  0.82057867  0.83147496  0.79925119  0.80983889  
30_0_0     0.33616618  0.38891827  0.52146205  0.51424613  0.28689167  0.27116291  0.30839162  0.39501611  0.27116291  0.06403731  0.00000000  0.21136136  0.19712949  0.37091755  0.39501611  0.37091755  0.36501233  0.78881131  0.66489512  0.85375577  0.75833874  0.77851519  0.83147496  0.80983889  0.79925119  0.75833874  0.76835891  0.79925119  0.87672093  0.87672093  0.90041382  0.90041382  0.87672093  0.86515018  0.85375577  0.93742316  0.77851519  0.90041382  0.83147496  0.80983889  0.78881131  0.84253238  0.85375577  0.93742316  0.96315454  0.96315454  0.72905953  0.73869244  0.73869244  0.75833874  0.77851519  0.74845107  0.76835891  0.74845107  0.76835891  0.87672093  0.98980304  0.79925119  0.83147496  0.84253238  0.83147496  0.83147496  0.85375577  0.86515018  0.85375577  0.87672093  0.77851519  0.83147496  0.83147496  0.75833874  0.74845107  0.82057867  0.86515018  0.88847354  0.91254787  1.00349211  0.87672093  0.92488208  0.96315454  0.87672093  0.95017817  0.74845107  0.74845107  0.92488208  0.93742316  0.85375577  0.78881131  0.80983889  0.78881131  0.79925119  0.76835891  0.80983889  0.78881131  0.77851519  0.75833874  0.80983889  0.80983889  0.83147496  0.77851519  0.92488208  0.83147496  0.95017817  1.03164581  0.83147496  0.87672093  0.88847354  0.75833874  0.93742316  0.85375577  0.83147496  0.88847354  0.92488208  0.90041382  0.86515018  0.87672093  0.86515018  1.01743646  0.95017817  0.95017817  0.90041382  0.73869244  0.72905953  0.75833874  0.75833874  1.15623365  0.82057867  0.84253238  0.86515018  0.84253238  0.84253238  0.85375577  0.83147496  0.79925119  0.91254787  0.88847354  0.85375577  0.73869244  0.83147496  0.83147496  0.86515018  0.70088374  0.70088374  0.97636008  1.03164581  0.98980304  0.84253238  0.85375577  0.84253238  0.78881131  0.83147496  0.96315454  0.92488208  0.95017817  0.91254787  0.78881131  0.82057867  0.80983889  0.86515018  0.87672093  0.82057867  0.85375577  
30_7_0     0.36501233  0.37686977  0.54353728  0.53610622  0.31937796  0.30295840  0.30839162  0.41361381  0.28689167  0.20184341  0.21136136  0.00000000  0.03321801  0.37091755  0.39501611  0.37091755  0.36501233  0.80983889  0.71015820  0.85375577  0.79925119  0.78881131  0.84253238  0.83147496  0.83147496  0.82057867  0.82057867  0.82057867  0.84253238  0.93742316  0.88847354  0.88847354  0.88847354  0.87672093  0.91254787  0.87672093  0.82057867  0.87672093  0.80983889  0.80983889  0.77851519  0.88847354  0.86515018  0.90041382  0.90041382  0.90041382  0.77851519  0.78881131  0.77851519  0.79925119  0.86515018  0.79925119  0.78881131  0.85375577  0.90041382  0.85375577  1.15623365  0.78881131  0.75833874  0.75833874  0.79925119  0.96315454  0.97636008  0.96315454  0.92488208  0.93742316  0.87672093  0.96315454  0.88847354  0.76835891  0.77851519  0.90041382  0.95017817  0.93742316  0.96315454  1.03164581  0.92488208  1.04613042  1.00349211  1.03164581  1.00349211  0.84253238  0.87672093  0.97636008  0.90041382  0.92488208  0.82057867  0.83147496  0.85375577  0.84253238  0.78881131  0.86515018  0.82057867  0.83147496  0.83147496  0.84253238  0.82057867  0.83147496  0.71954914  0.88847354  0.82057867  0.79925119  0.83147496  0.88847354  0.97636008  0.91254787  0.83147496  0.85375577  0.84253238  0.91254787  0.87672093  0.91254787  0.88847354  0.86515018  0.90041382  0.88847354  0.97636008  1.01743646  0.95017817  0.85375577  0.73869244  0.75833874  0.76835891  0.75833874  1.03164581  0.77851519  0.75833874  0.84253238  0.85375577  0.85375577  0.83147496  0.80983889  0.79925119  0.95017817  0.95017817  0.88847354  0.84253238  0.92488208  0.92488208  0.95017817  0.71954914  0.72905953  0.85375577  0.95017817  0.96315454  0.86515018  0.88847354  0.87672093  0.83147496  0.78881131  0.93742316  0.92488208  0.92488208  0.93742316  0.87672093  0.88847354  0.86515018  0.85375577  0.79925119  0.83147496  0.86515018  
34_7_0     0.33616618  0.36501233  0.54353728  0.54353728  0.30295840  0.28689167  0.30295840  0.40116409  0.26599266  0.16945347  0.19712949  0.03321801  0.00000000  0.37091755  0.37091755  0.35915339  0.35334000  0.76835891  0.68267293  0.80983889  0.73869244  0.74845107  0.83147496  0.78881131  0.80983889  0.75833874  0.76835891  0.78881131  0.79925119  0.86515018  0.85375577  0.84253238  0.86515018  0.85375577  0.90041382  0.85375577  0.79925119  0.85375577  0.75833874  0.75833874  0.74845107  0.82057867  0.78881131  0.85375577  0.83147496  0.83147496  0.72905953  0.73869244  0.74845107  0.76835891  0.84253238  0.77851519  0.75833874  0.85375577  0.84253238  0.85375577  1.13947677  0.76835891  0.72905953  0.73869244  0.77851519  0.91254787  0.92488208  0.91254787  0.85375577  0.86515018  0.84253238  0.92488208  0.84253238  0.74845107  0.75833874  0.90041382  0.92488208  0.91254787  0.95017817  1.03164581  0.93742316  0.98980304  0.98980304  1.03164581  0.98980304  0.82057867  0.87672093  0.90041382  0.85375577  0.85375577  0.78881131  0.79925119  0.84253238  0.82057867  0.73869244  0.84253238  0.83147496  0.84253238  0.83147496  0.78881131  0.83147496  0.79925119  0.70088374  0.85375577  0.79925119  0.77851519  0.83147496  0.86515018  0.93742316  0.87672093  0.80983889  0.83147496  0.86515018  0.84253238  0.82057867  0.86515018  0.84253238  0.84253238  0.87672093  0.86515018  0.90041382  0.96315454  0.96315454  0.78881131  0.69172290  0.69172290  0.73869244  0.72905953  1.04613042  0.74845107  0.72905953  0.78881131  0.77851519  0.77851519  0.80983889  0.78881131  0.82057867  0.86515018  0.86515018  0.80983889  0.83147496  0.87672093  0.87672093  0.88847354  0.69172290  0.69172290  0.85375577  0.97636008  0.93742316  0.86515018  0.88847354  0.87672093  0.80983889  0.78881131  0.91254787  0.86515018  0.86515018  0.87672093  0.85375577  0.85375577  0.83147496  0.85375577  0.77851519  0.78881131  0.82057867  
19_0_0     0.38891827  0.33616618  0.65616224  0.55862468  0.29756437  0.29220898  0.29756437  0.36501233  0.25575820  0.34757145  0.37091755  0.37091755  0.37091755  0.00000000  0.13407688  0.16045118  0.14714775  0.87672093  0.64753018  0.73869244  0.76835891  0.75833874  0.82057867  0.76835891  0.77851519  0.77851519  0.77851519  0.73869244  0.83147496  0.82057867  0.74845107  0.75833874  0.78881131  0.79925119  0.86515018  0.78881131  0.83147496  0.83147496  0.77851519  0.82057867  0.77851519  0.80983889  0.83147496  0.92488208  0.90041382  0.90041382  0.75833874  0.76835891  0.72905953  0.75833874  0.86515018  0.69172290  0.74845107  0.76835891  0.82057867  0.90041382  0.85375577  0.62221626  0.61396520  0.63055937  0.63055937  0.63899663  0.71954914  0.67373119  0.75833874  0.73869244  0.68267293  0.73869244  0.75833874  0.62221626  0.63055937  0.87672093  1.03164581  1.01743646  1.04613042  1.04613042  0.93742316  1.13947677  1.01743646  0.96315454  1.17337468  0.92488208  1.01743646  0.95017817  0.98980304  0.87672093  0.82057867  0.88847354  0.83147496  0.75833874  0.80983889  0.90041382  0.80983889  0.83147496  0.85375577  0.82057867  0.80983889  0.79925119  0.71015820  0.90041382  0.78881131  0.76835891  0.83147496  0.83147496  0.86515018  0.86515018  0.84253238  0.85375577  0.79925119  0.86515018  0.93742316  0.91254787  0.87672093  0.82057867  0.86515018  0.83147496  0.95017817  0.88847354  0.85375577  0.85375577  0.75833874  0.75833874  0.83147496  0.77851519  0.97636008  0.72905953  0.70088374  0.79925119  0.73869244  0.73869244  0.82057867  0.80983889  0.87672093  0.96315454  0.93742316  0.93742316  0.79925119  0.73869244  0.75833874  0.75833874  0.69172290  0.68267293  0.73869244  0.73869244  0.77851519  0.90041382  0.88847354  0.78881131  0.78881131  0.76835891  0.79925119  0.85375577  0.84253238  0.83147496  0.78881131  0.77851519  0.70088374  0.75833874  0.76835891  0.73869244  0.76835891  
19_8_0     0.36501233  0.34184707  0.66489512  0.58974466  0.30839162  0.30295840  0.30839162  0.37686977  0.25575820  0.38286975  0.39501611  0.39501611  0.37091755  0.13407688  0.00000000  0.12548820  0.12123057  0.87672093  0.66489512  0.83147496  0.91254787  0.90041382  0.88847354  0.84253238  0.84253238  0.87672093  0.80983889  0.78881131  0.77851519  0.78881131  0.75833874  0.74845107  0.73869244  0.74845107  0.86515018  0.87672093  0.86515018  0.85375577  0.80983889  0.79925119  0.76835891  0.85375577  0.82057867  0.88847354  0.90041382  0.90041382  0.77851519  0.78881131  0.79925119  0.80983889  0.84253238  0.73869244  0.73869244  0.87672093  0.79925119  0.85375577  0.87672093  0.69172290  0.66489512  0.73869244  0.75833874  0.76835891  0.87672093  0.71015820  0.79925119  0.82057867  0.75833874  0.77851519  0.80983889  0.74845107  0.77851519  0.79925119  1.17337468  1.15623365  1.03164581  1.09134790  0.95017817  1.06090117  1.00349211  0.96315454  1.03164581  0.91254787  1.00349211  0.90041382  0.96315454  0.98980304  0.80983889  0.85375577  0.82057867  0.72905953  0.77851519  0.92488208  0.88847354  0.91254787  0.80983889  0.83147496  0.82057867  0.80983889  0.70088374  0.96315454  0.82057867  0.77851519  0.90041382  0.82057867  0.85375577  0.83147496  0.73869244  0.85375577  0.82057867  0.87672093  0.85375577  0.88847354  0.88847354  0.85375577  0.87672093  0.86515018  0.90041382  0.86515018  0.92488208  0.84253238  0.77851519  0.75833874  0.80983889  0.75833874  0.91254787  0.82057867  0.75833874  0.85375577  0.83147496  0.85375577  0.79925119  0.80983889  0.85375577  0.98980304  0.96315454  0.96315454  0.75833874  0.71954914  0.74845107  0.73869244  0.71954914  0.71015820  0.74845107  0.78881131  0.78881131  0.87672093  0.88847354  0.78881131  0.78881131  0.76835891  0.83147496  0.90041382  0.88847354  0.87672093  0.84253238  0.84253238  0.74845107  0.80983889  0.82057867  0.78881131  0.82057867  
1_0_0      0.38891827  0.37091755  0.63055937  0.56628410  0.31386461  0.31937796  0.32493225  0.37686977  0.30295840  0.35334000  0.37091755  0.37091755  0.35915339  0.16045118  0.12548820  0.00000000  0.01827198  0.78881131  0.66489512  0.85375577  0.82057867  0.79925119  0.87672093  0.80983889  0.82057867  0.79925119  0.78881131  0.72905953  0.75833874  0.74845107  0.74845107  0.73869244  0.78881131  0.79925119  0.84253238  0.77851519  0.73869244  0.78881131  0.74845107  0.76835891  0.74845107  0.79925119  0.76835891  0.85375577  0.87672093  0.87672093  0.75833874  0.75833874  0.71954914  0.76835891  0.77851519  0.71954914  0.70088374  0.83147496  0.80983889  0.83147496  0.93742316  0.68267293  0.63899663  0.71015820  0.76835891  0.76835891  0.86515018  0.72905953  0.83147496  0.80983889  0.79925119  0.78881131  0.78881131  0.71015820  0.77851519  0.83147496  0.98980304  1.01743646  0.96315454  1.01743646  0.96315454  1.04613042  0.98980304  0.93742316  1.13947677  0.97636008  0.96315454  0.90041382  0.92488208  0.90041382  0.85375577  0.90041382  0.85375577  0.74845107  0.84253238  0.92488208  0.86515018  0.88847354  0.86515018  0.87672093  0.84253238  0.83147496  0.72905953  0.91254787  0.83147496  0.80983889  0.87672093  0.84253238  0.88847354  0.87672093  0.79925119  0.85375577  0.84253238  0.86515018  0.87672093  0.88847354  0.86515018  0.84253238  0.86515018  0.85375577  0.83147496  0.90041382  0.82057867  0.83147496  0.87672093  0.73869244  0.78881131  0.74845107  1.10704915  0.82057867  0.73869244  0.80983889  0.80983889  0.83147496  0.79925119  0.85375577  0.87672093  1.09134790  1.06090117  0.97636008  0.83147496  0.79925119  0.85375577  0.84253238  0.71015820  0.71954914  0.77851519  0.76835891  0.75833874  0.90041382  0.90041382  0.78881131  0.74845107  0.76835891  0.93742316  0.91254787  0.90041382  0.86515018  0.90041382  0.85375577  0.71015820  0.78881131  0.79925119  0.74845107  0.75833874  
20_0_0     0.38286975  0.35334000  0.63055937  0.56628410  0.29756437  0.30295840  0.30839162  0.35915339  0.28689167  0.34757145  0.36501233  0.36501233  0.35334000  0.14714775  0.12123057  0.01827198  0.00000000  0.78881131  0.67373119  0.86515018  0.83147496  0.79925119  0.88847354  0.82057867  0.83147496  0.80983889  0.79925119  0.71954914  0.74845107  0.71954914  0.71954914  0.71015820  0.77851519  0.78881131  0.86515018  0.76835891  0.72905953  0.77851519  0.75833874  0.77851519  0.75833874  0.80983889  0.77851519  0.86515018  0.88847354  0.88847354  0.78881131  0.78881131  0.72905953  0.77851519  0.76835891  0.72905953  0.71015820  0.83147496  0.79925119  0.85375577  0.92488208  0.69172290  0.64753018  0.71954914  0.77851519  0.75833874  0.85375577  0.70088374  0.80983889  0.78881131  0.78881131  0.77851519  0.77851519  0.68267293  0.74845107  0.82057867  0.97636008  1.00349211  0.95017817  0.97636008  0.95017817  1.03164581  0.97636008  0.92488208  1.09134790  0.93742316  0.92488208  0.91254787  0.93742316  0.88847354  0.82057867  0.86515018  0.82057867  0.73869244  0.85375577  0.93742316  0.87672093  0.90041382  0.87672093  0.88847354  0.85375577  0.82057867  0.70088374  0.87672093  0.79925119  0.77851519  0.86515018  0.83147496  0.84253238  0.83147496  0.75833874  0.83147496  0.79925119  0.84253238  0.85375577  0.86515018  0.84253238  0.83147496  0.85375577  0.84253238  0.82057867  0.90041382  0.82057867  0.80983889  0.84253238  0.72905953  0.77851519  0.73869244  1.09134790  0.76835891  0.69172290  0.77851519  0.77851519  0.79925119  0.77851519  0.83147496  0.85375577  1.06090117  1.03164581  0.97636008  0.82057867  0.78881131  0.84253238  0.83147496  0.70088374  0.71015820  0.76835891  0.75833874  0.74845107  0.91254787  0.93742316  0.82057867  0.75833874  0.79925119  0.87672093  0.90041382  0.88847354  0.85375577  0.88847354  0.84253238  0.71954914  0.79925119  0.80983889  0.75833874  0.76835891  
21_0_0     0.80983889  0.87672093  1.03164581  1.09134790  0.86515018  0.86515018  0.92488208  0.91254787  0.86515018  0.85375577  0.78881131  0.80983889  0.76835891  0.87672093  0.87672093  0.78881131  0.78881131  0.00000000  0.86515018  1.12308719  1.09134790  1.03164581  1.10704915  1.03164581  1.01743646  0.97636008  1.12308719  0.91254787  0.91254787  0.85375577  0.95017817  0.92488208  0.90041382  0.90041382  0.96315454  0.92488208  0.92488208  0.98980304  1.04613042  1.04613042  0.96315454  0.91254787  0.91254787  0.78881131  0.90041382  0.90041382  0.92488208  0.92488208  0.87672093  0.98980304  0.98980304  0.92488208  0.95017817  0.97636008  0.98980304  1.00349211  1.30581356  0.93742316  0.91254787  0.95017817  0.95017817  0.93742316  0.88847354  0.87672093  0.87672093  0.93742316  1.01743646  1.07596958  0.90041382  1.01743646  1.06090117  1.07596958  1.12308719  1.01743646  1.19091789  1.04613042  1.28539605  1.30581356  1.34840131  1.41720800  1.37064072  1.26552126  1.19091789  1.12308719  1.07596958  1.09134790  1.07596958  1.03164581  1.10704915  0.96315454  1.09134790  0.98980304  0.93742316  0.95017817  0.96315454  0.96315454  0.95017817  1.06090117  1.15623365  1.06090117  1.00349211  1.09134790  1.26552126  1.12308719  1.12308719  1.13947677  1.07596958  1.24616108  1.20888259  1.01743646  1.04613042  1.04613042  1.04613042  1.13947677  1.13947677  1.12308719  1.06090117  1.20888259  1.13947677  1.04613042  1.19091789  0.92488208  0.92488208  0.91254787  1.10704915  1.07596958  0.98980304  1.01743646  1.09134790  1.07596958  0.93742316  0.96315454  0.97636008  1.15623365  1.12308719  1.09134790  0.98980304  1.07596958  1.07596958  1.09134790  0.91254787  0.90041382  0.93742316  0.98980304  1.01743646  1.17337468  1.12308719  1.10704915  1.12308719  1.09134790  1.17337468  0.93742316  0.93742316  0.95017817  0.93742316  0.97636008  0.96315454  1.06090117  1.00349211  0.97636008  0.98980304  
42_0_0     0.66489512  0.71015820  0.97636008  0.96315454  0.71015820  0.70088374  0.67373119  0.63055937  0.65616224  0.63055937  0.66489512  0.71015820  0.68267293  0.64753018  0.66489512  0.66489512  0.67373119  0.86515018  0.00000000  0.42627433  0.49300700  0.48605927  0.47235453  0.44567634  0.43915290  0.44567634  0.47235453  0.34757145  0.33052812  0.34757145  0.33616618  0.34184707  0.39501611  0.40116409  0.38286975  0.37091755  0.30839162  0.39501611  0.37686977  0.36501233  0.34184707  0.43915290  0.40116409  0.43915290  0.43915290  0.43915290  0.43268589  0.41361381  0.46559522  0.46559522  0.46559522  0.41361381  0.42627433  0.45889646  0.47917551  0.58974466  0.50709918  0.32493225  0.35334000  0.34757145  0.34184707  0.36501233  0.43915290  0.38286975  0.39501611  0.38891827  0.42627433  0.41991727  0.44567634  0.30839162  0.32493225  0.76835891  0.84253238  0.78881131  0.85375577  0.87672093  0.75833874  0.76835891  0.76835891  0.96315454  0.97636008  0.91254787  0.96315454  0.85375577  0.85375577  0.86515018  0.82057867  0.72905953  0.85375577  0.66489512  0.75833874  0.67373119  0.70088374  0.70088374  0.75833874  0.71015820  0.77851519  0.70088374  0.80983889  0.66489512  0.65616224  0.75833874  0.78881131  0.79925119  0.72905953  0.68267293  0.72905953  0.86515018  0.71954914  0.87672093  0.86515018  0.93742316  0.87672093  0.85375577  0.86515018  0.90041382  0.95017817  0.93742316  0.87672093  0.91254787  0.88847354  0.74845107  0.75833874  0.72905953  0.90041382  0.78881131  0.79925119  0.70088374  0.74845107  0.76835891  0.71954914  0.69172290  0.74845107  0.91254787  0.88847354  0.84253238  0.83147496  0.74845107  0.74845107  0.82057867  0.78881131  0.79925119  0.84253238  0.76835891  0.79925119  0.71954914  0.70088374  0.67373119  0.69172290  0.67373119  0.82057867  0.69172290  0.66489512  0.70088374  0.77851519  0.78881131  0.77851519  0.70088374  0.76835891  0.74845107  0.74845107  
37_0_0     0.86515018  0.75833874  1.04613042  1.06090117  0.78881131  0.75833874  0.77851519  0.74845107  0.78881131  0.80983889  0.85375577  0.85375577  0.80983889  0.73869244  0.83147496  0.85375577  0.86515018  1.12308719  0.42627433  0.00000000  0.12548820  0.13407688  0.16945347  0.20184341  0.19244509  0.21616616  0.26599266  0.33052812  0.29756437  0.41361381  0.37091755  0.37091755  0.36501233  0.35915339  0.41991727  0.35334000  0.34757145  0.38286975  0.35334000  0.34757145  0.34184707  0.34757145  0.34757145  0.51424613  0.47235453  0.47235453  0.44567634  0.42627433  0.48605927  0.47917551  0.58184240  0.51424613  0.55862468  0.49300700  0.55862468  0.64753018  0.62221626  0.46559522  0.43268589  0.45889646  0.42627433  0.51424613  0.58184240  0.47235453  0.56628410  0.55104293  0.45225718  0.49300700  0.48605927  0.41991727  0.40116409  0.77851519  0.95017817  0.88847354  0.96315454  1.10704915  0.86515018  0.87672093  0.90041382  1.10704915  1.15623365  0.92488208  1.00349211  1.12308719  1.15623365  0.84253238  0.90041382  0.85375577  0.87672093  0.91254787  0.92488208  1.00349211  1.00349211  1.01743646  0.98980304  1.04613042  0.96315454  0.90041382  0.88847354  0.98980304  0.90041382  0.95017817  0.93742316  0.93742316  0.92488208  0.90041382  0.90041382  0.95017817  0.91254787  1.00349211  0.91254787  0.97636008  0.91254787  0.87672093  0.90041382  0.91254787  0.95017817  0.97636008  1.00349211  0.87672093  1.01743646  1.06090117  1.00349211  1.04613042  0.97636008  0.85375577  0.86515018  0.88847354  0.90041382  0.87672093  0.85375577  0.87672093  0.95017817  0.98980304  0.96315454  1.01743646  0.83147496  0.80983889  0.80983889  0.78881131  0.79925119  0.79925119  1.09134790  1.01743646  1.06090117  0.90041382  0.90041382  0.88847354  0.80983889  0.83147496  0.90041382  0.84253238  0.82057867  0.86515018  0.91254787  0.93742316  0.84253238  1.01743646  0.95017817  0.97636008  1.01743646  
