20
20_0_0     0.00000000  0.19047253  0.21617701  0.25740951  0.25740951  0.27938232  0.50127498  0.46555982  0.45794280  0.40632903  0.43506349  0.44502266  0.40859927  0.41572398  0.42529977  0.42291720  0.51296817  0.34391346  0.32110119  0.32919826  
8_0_0      0.19047253  0.00000000  0.03605830  0.17364500  0.17364500  0.21172259  0.34579881  0.30373548  0.32110119  0.28853083  0.31151569  0.30373548  0.28996967  0.29607507  0.30373548  0.28714241  0.39293900  0.34774190  0.34122952  0.34974294  
18_0_0     0.21617701  0.03605830  0.00000000  0.21172259  0.21172259  0.25295783  0.38076016  0.31941950  0.33742930  0.33561409  0.36093944  0.35235362  0.33742930  0.34391346  0.35235362  0.31779200  0.44990127  0.36506577  0.35840458  0.36721970  
13_0_0     0.25740951  0.17364500  0.21172259  0.00000000  0.00000000  0.03605830  0.41836528  0.36967604  0.37178682  0.36093944  0.38762342  0.37856881  0.33742930  0.34391346  0.35235362  0.35045446  0.51423889  0.37395930  0.35840458  0.36721970  
9_0_0      0.25740951  0.17364500  0.21172259  0.00000000  0.00000000  0.03605830  0.41836528  0.36967604  0.37178682  0.36093944  0.38762342  0.37856881  0.33742930  0.34391346  0.35235362  0.35045446  0.51423889  0.37395930  0.35840458  0.36721970  
7_0_0      0.27938232  0.21172259  0.25295783  0.03605830  0.03605830  0.00000000  0.41836528  0.38762342  0.32110119  0.36093944  0.38762342  0.37856881  0.33742930  0.34391346  0.35235362  0.35045446  0.51423889  0.37395930  0.35840458  0.36721970  
15_0_0     0.50127498  0.34579881  0.38076016  0.41836528  0.41836528  0.41836528  0.00000000  0.12204964  0.18794284  0.20414399  0.18511274  0.16678275  0.15564608  0.15492750  0.16081981  0.18424869  0.38076016  0.57910941  0.58328672  0.59674951  
6_0_0      0.46555982  0.30373548  0.31941950  0.36967604  0.36967604  0.38762342  0.12204964  0.00000000  0.15640198  0.23636623  0.20315878  0.20962532  0.14910416  0.15424641  0.16010386  0.17128053  0.36967604  0.50292145  0.50609960  0.51754789  
14_0_0     0.45794280  0.32110119  0.33742930  0.37178682  0.37178682  0.32110119  0.18794284  0.15640198  0.00000000  0.27341689  0.25160391  0.25876916  0.21836214  0.21724836  0.22393229  0.20315878  0.45904694  0.52926584  0.53280741  0.54495524  
19_0_0     0.40632903  0.28853083  0.33561409  0.36093944  0.36093944  0.36093944  0.20414399  0.23636623  0.27341689  0.00000000  0.02222839  0.02679578  0.14334819  0.14845711  0.15424641  0.17731545  0.38326630  0.47043639  0.45250498  0.46277195  
17_0_0     0.43506349  0.31151569  0.36093944  0.38762342  0.38762342  0.38762342  0.18511274  0.20315878  0.25160391  0.02222839  0.00000000  0.01321751  0.13765806  0.14273440  0.14845711  0.17128053  0.35705332  0.50292145  0.50609960  0.51754789  
11_0_0     0.44502266  0.30373548  0.35235362  0.37856881  0.37856881  0.37856881  0.16678275  0.20962532  0.25876916  0.02679578  0.01321751  0.00000000  0.13203226  0.13707678  0.14273440  0.16531794  0.36563844  0.47043639  0.47325528  0.48396426  
10_0_0     0.40859927  0.28996967  0.33742930  0.33742930  0.33742930  0.33742930  0.15564608  0.14910416  0.21836214  0.14334819  0.13765806  0.13203226  0.00000000  0.00436212  0.00874821  0.02661377  0.39455023  0.52926584  0.53280741  0.54495524  
4_0_0      0.41572398  0.29607507  0.34391346  0.34391346  0.34391346  0.34391346  0.15492750  0.15424641  0.21724836  0.14845711  0.14273440  0.13707678  0.00436212  0.00000000  0.00436694  0.03111416  0.40154177  0.53767671  0.54126644  0.55356369  
12_0_0     0.42529977  0.30373548  0.35235362  0.35235362  0.35235362  0.35235362  0.16081981  0.16010386  0.22393229  0.15424641  0.14845711  0.14273440  0.00874821  0.00436694  0.00000000  0.03570231  0.41093758  0.54982311  0.55356369  0.56617261  
5_0_0      0.42291720  0.28714241  0.31779200  0.35045446  0.35045446  0.35045446  0.18424869  0.17128053  0.20315878  0.17731545  0.17128053  0.16531794  0.02661377  0.03111416  0.03570231  0.00000000  0.42775351  0.54618393  0.54982311  0.56227349  
16_0_0     0.51296817  0.39293900  0.44990127  0.51423889  0.51423889  0.51423889  0.38076016  0.36967604  0.45904694  0.38326630  0.35705332  0.36563844  0.39455023  0.40154177  0.41093758  0.42775351  0.00000000  0.51815004  0.49904220  0.48833653  
2_0_0      0.34391346  0.34774190  0.36506577  0.37395930  0.37395930  0.37395930  0.57910941  0.50292145  0.52926584  0.47043639  0.50292145  0.47043639  0.52926584  0.53767671  0.54982311  0.54618393  0.51815004  0.00000000  0.01317331  0.01763813  
3_0_0      0.32110119  0.34122952  0.35840458  0.35840458  0.35840458  0.35840458  0.58328672  0.50609960  0.53280741  0.45250498  0.50609960  0.47325528  0.53280741  0.54126644  0.55356369  0.54982311  0.49904220  0.01317331  0.00000000  0.00436694  
1_0_0      0.32919826  0.34974294  0.36721970  0.36721970  0.36721970  0.36721970  0.59674951  0.51754789  0.54495524  0.46277195  0.51754789  0.48396426  0.54495524  0.55356369  0.56617261  0.56227349  0.48833653  0.01763813  0.00436694  0.00000000  

