20
20_0_0     0.00000000  0.25165922  0.20615733  0.20794592  0.20794592  0.22100272  0.30130974  0.34103983  0.30752004  0.44375197  0.45662775  0.45662775  0.37127552  0.37127552  0.37127552  0.36080149  0.41006535  0.24125833  0.24819896  0.24244557  
8_0_0      0.25165922  0.00000000  0.05489451  0.15507506  0.15507506  0.16695731  0.32315232  0.33929518  0.33760885  0.41226125  0.40515774  0.40515774  0.34411660  0.34411660  0.34411660  0.35902320  0.55490960  0.26573563  0.25864732  0.26453693  
18_0_0     0.20615733  0.05489451  0.00000000  0.18001043  0.18001043  0.19257303  0.31682070  0.34938397  0.31527438  0.40515774  0.41686440  0.41686440  0.36264144  0.36264144  0.36264144  0.36080149  0.50059623  0.25984324  0.26698331  0.27292708  
13_0_0     0.20794592  0.15507506  0.18001043  0.00000000  0.00000000  0.03606708  0.32815192  0.33635901  0.35982061  0.40971967  0.40264277  0.42175214  0.35787139  0.35787139  0.35787139  0.33929518  0.52938502  0.24819896  0.25523844  0.26108736  
9_0_0      0.20794592  0.15507506  0.18001043  0.00000000  0.00000000  0.03606708  0.32815192  0.33635901  0.35982061  0.40971967  0.40264277  0.42175214  0.35787139  0.35787139  0.35787139  0.33929518  0.52938502  0.24819896  0.25523844  0.26108736  
7_0_0      0.22100272  0.16695731  0.19257303  0.03606708  0.03606708  0.00000000  0.37957216  0.37062200  0.37740226  0.42901352  0.42175214  0.44163011  0.35787139  0.35787139  0.35787139  0.34756873  0.51782942  0.24819896  0.25523844  0.26108736  
15_0_0     0.30130974  0.32315232  0.31682070  0.32815192  0.32815192  0.37957216  0.00000000  0.08006062  0.12772209  0.14347178  0.13839732  0.13839732  0.08957740  0.08957740  0.08957740  0.08922030  0.32642911  0.35319368  0.34470467  0.34284294  
6_0_0      0.34103983  0.33929518  0.34938397  0.33635901  0.33635901  0.37062200  0.08006062  0.00000000  0.11118754  0.13213464  0.13272858  0.13272858  0.10532095  0.10532095  0.10532095  0.12656212  0.30278721  0.34470467  0.33635901  0.33456789  
14_0_0     0.30752004  0.33760885  0.31527438  0.35982061  0.35982061  0.37740226  0.12772209  0.11118754  0.00000000  0.20341974  0.19797611  0.18533405  0.15507506  0.15507506  0.15507506  0.16619434  0.31682070  0.40500601  0.41456080  0.41210511  
19_0_0     0.44375197  0.41226125  0.40515774  0.40971967  0.40971967  0.42901352  0.14347178  0.13213464  0.20341974  0.00000000  0.01317391  0.01317391  0.11560209  0.11560209  0.11560209  0.13718097  0.33760885  0.34756873  0.35598312  0.35415560  
17_0_0     0.45662775  0.40515774  0.41686440  0.40264277  0.40264277  0.42175214  0.13839732  0.13272858  0.19797611  0.01317391  0.00000000  0.00877305  0.11068224  0.11068224  0.11068224  0.14347178  0.35598312  0.34938397  0.35787139  0.35598312  
11_0_0     0.45662775  0.40515774  0.41686440  0.42175214  0.42175214  0.44163011  0.13839732  0.13272858  0.18533405  0.01317391  0.00877305  0.00000000  0.11068224  0.11068224  0.11068224  0.14347178  0.35598312  0.36650710  0.37529638  0.37325423  
10_0_0     0.37127552  0.34411660  0.36264144  0.35787139  0.35787139  0.35787139  0.08957740  0.10532095  0.15507506  0.11560209  0.11068224  0.11068224  0.00000000  0.00000000  0.00000000  0.03591603  0.29988547  0.41210511  0.40264277  0.40034801  
4_0_0      0.37127552  0.34411660  0.36264144  0.35787139  0.35787139  0.35787139  0.08957740  0.10532095  0.15507506  0.11560209  0.11068224  0.11068224  0.00000000  0.00000000  0.00000000  0.03591603  0.29988547  0.41210511  0.40264277  0.40034801  
12_0_0     0.37127552  0.34411660  0.36264144  0.35787139  0.35787139  0.35787139  0.08957740  0.10532095  0.15507506  0.11560209  0.11068224  0.11068224  0.00000000  0.00000000  0.00000000  0.03591603  0.29988547  0.41210511  0.40264277  0.40034801  
5_0_0      0.36080149  0.35902320  0.36080149  0.33929518  0.33929518  0.34756873  0.08922030  0.12656212  0.16619434  0.13718097  0.14347178  0.14347178  0.03591603  0.03591603  0.03591603  0.00000000  0.29373305  0.40971967  0.40034801  0.39812132  
16_0_0     0.41006535  0.55490960  0.50059623  0.52938502  0.52938502  0.51782942  0.32642911  0.30278721  0.31682070  0.33760885  0.35598312  0.35598312  0.29988547  0.29988547  0.29988547  0.29373305  0.00000000  0.44865141  0.43871884  0.43136261  
2_0_0      0.24125833  0.26573563  0.25984324  0.24819896  0.24819896  0.24819896  0.35319368  0.34470467  0.40500601  0.34756873  0.34938397  0.36650710  0.41210511  0.41210511  0.41210511  0.40971967  0.44865141  0.00000000  0.00877305  0.01317391  
3_0_0      0.24819896  0.25864732  0.26698331  0.25523844  0.25523844  0.25523844  0.34470467  0.33635901  0.41456080  0.35598312  0.35787139  0.37529638  0.40264277  0.40264277  0.40264277  0.40034801  0.43871884  0.00877305  0.00000000  0.00436218  
1_0_0      0.24244557  0.26453693  0.27292708  0.26108736  0.26108736  0.26108736  0.34284294  0.33456789  0.41210511  0.35415560  0.35598312  0.37325423  0.40034801  0.40034801  0.40034801  0.39812132  0.43136261  0.01317391  0.00436218  0.00000000  

