20
20_0_0     0.00000000  0.24422872  0.24321116  0.24131420  0.24131420  0.27698246  0.34157336  0.33007548  0.40784355  0.27698246  0.26279422  0.29031389  0.30662755  0.30662755  0.32063347  0.31432195  0.39233051  0.22515156  0.21216171  0.21216171  
8_0_0      0.24422872  0.00000000  0.03127483  0.19733096  0.19733096  0.21051450  0.36131788  0.33651209  0.36986781  0.35291175  0.33651209  0.35120454  0.37856654  0.37856654  0.39434856  0.38741936  0.41766653  0.32869638  0.32869638  0.32869638  
18_0_0     0.24321116  0.03127483  0.00000000  0.20282805  0.20282805  0.22249700  0.40344297  0.37664160  0.41270593  0.35954054  0.34300528  0.35782312  0.38541667  0.38541667  0.40134290  0.39434856  0.42488152  0.30334131  0.30334131  0.30334131  
13_0_0     0.24131420  0.19733096  0.20282805  0.00000000  0.00000000  0.04500377  0.28184565  0.29644836  0.34300528  0.32699959  0.31149058  0.32554505  0.30391288  0.30391288  0.31779103  0.31149058  0.50673214  0.28301290  0.29772311  0.29772311  
9_0_0      0.24131420  0.19733096  0.20282805  0.00000000  0.00000000  0.04500377  0.28184565  0.29644836  0.34300528  0.32699959  0.31149058  0.32554505  0.30391288  0.30391288  0.31779103  0.31149058  0.50673214  0.28301290  0.29772311  0.29772311  
7_0_0      0.27698246  0.21051450  0.22249700  0.04500377  0.04500377  0.00000000  0.27581703  0.29031389  0.32850973  0.32063347  0.30524381  0.33493837  0.30524381  0.30524381  0.31918493  0.31287941  0.50980362  0.27698246  0.29158525  0.29158525  
15_0_0     0.34157336  0.36131788  0.40344297  0.28184565  0.28184565  0.27581703  0.00000000  0.11596306  0.12142809  0.13254075  0.12142809  0.13196219  0.09468158  0.09468158  0.10477924  0.09991761  0.28960329  0.36315525  0.34634175  0.34634175  
6_0_0      0.33007548  0.33651209  0.37664160  0.29644836  0.29644836  0.29031389  0.11596306  0.00000000  0.12256725  0.17964031  0.16744283  0.17878568  0.14390611  0.14390611  0.15482582  0.14968720  0.31269039  0.37177897  0.35467780  0.35467780  
14_0_0     0.40784355  0.36986781  0.41270593  0.34300528  0.34300528  0.32850973  0.12142809  0.12256725  0.00000000  0.17350437  0.17350437  0.18495951  0.14390611  0.14390611  0.15482582  0.14968720  0.33689578  0.40784355  0.38948605  0.38948605  
19_0_0     0.27698246  0.35291175  0.35954054  0.32699959  0.32699959  0.32063347  0.13254075  0.17964031  0.17350437  0.00000000  0.00877218  0.01763742  0.08437127  0.08437127  0.09430693  0.08949984  0.28213864  0.32213665  0.32213665  0.32213665  
17_0_0     0.26279422  0.33651209  0.34300528  0.31149058  0.31149058  0.30524381  0.12142809  0.16744283  0.17350437  0.00877218  0.00000000  0.02668756  0.08437127  0.08437127  0.09430693  0.08949984  0.26753568  0.33007548  0.33007548  0.33007548  
11_0_0     0.29031389  0.35120454  0.35782312  0.32554505  0.32554505  0.33493837  0.13196219  0.17878568  0.18495951  0.01763742  0.02668756  0.00000000  0.09430693  0.09430693  0.10438373  0.09951566  0.29570562  0.33651209  0.33651209  0.33651209  
10_0_0     0.30662755  0.37856654  0.38541667  0.30391288  0.30391288  0.30524381  0.09468158  0.14390611  0.14390611  0.08437127  0.08437127  0.09430693  0.00000000  0.00000000  0.00874824  0.00436685  0.26039115  0.35467780  0.33814244  0.33814244  
4_0_0      0.30662755  0.37856654  0.38541667  0.30391288  0.30391288  0.30524381  0.09468158  0.14390611  0.14390611  0.08437127  0.08437127  0.09430693  0.00000000  0.00000000  0.00874824  0.00436685  0.26039115  0.35467780  0.33814244  0.33814244  
12_0_0     0.32063347  0.39434856  0.40134290  0.31779103  0.31779103  0.31918493  0.10477924  0.15482582  0.15482582  0.09430693  0.09430693  0.10438373  0.00874824  0.00874824  0.00000000  0.01317306  0.26627851  0.35291175  0.33651209  0.33651209  
5_0_0      0.31432195  0.38741936  0.39434856  0.31149058  0.31149058  0.31287941  0.09991761  0.14968720  0.14968720  0.08949984  0.08949984  0.09951566  0.00436685  0.00436685  0.01317306  0.00000000  0.26753568  0.36315525  0.34634175  0.34634175  
16_0_0     0.39233051  0.41766653  0.42488152  0.50673214  0.50673214  0.50980362  0.28960329  0.31269039  0.33689578  0.28213864  0.26753568  0.29570562  0.26039115  0.26039115  0.26627851  0.26753568  0.00000000  0.51296393  0.49072659  0.49072659  
2_0_0      0.22515156  0.32869638  0.30334131  0.28301290  0.28301290  0.27698246  0.36315525  0.37177897  0.40784355  0.32213665  0.33007548  0.33651209  0.35467780  0.35467780  0.35291175  0.36315525  0.51296393  0.00000000  0.00877218  0.00877218  
3_0_0      0.21216171  0.32869638  0.30334131  0.29772311  0.29772311  0.29158525  0.34634175  0.35467780  0.38948605  0.32213665  0.33007548  0.33651209  0.33814244  0.33814244  0.33651209  0.34634175  0.49072659  0.00877218  0.00000000  0.00000000  
1_0_0      0.21216171  0.32869638  0.30334131  0.29772311  0.29772311  0.29158525  0.34634175  0.35467780  0.38948605  0.32213665  0.33007548  0.33651209  0.33814244  0.33814244  0.33651209  0.34634175  0.49072659  0.00877218  0.00000000  0.00000000  

