20
20_0_0     0.00000000  0.15929544  0.18112922  0.19228982  0.19228982  0.22094222  0.30102036  0.29454683  0.31413793  0.32748962  0.34797488  0.34108394  0.25683967  0.25073586  0.25683967  0.26919874  0.34797488  0.24468145  0.23271768  0.22680678  
8_0_0      0.15929544  0.00000000  0.02655265  0.14332836  0.14332836  0.13808085  0.23867565  0.25073586  0.26919874  0.26919874  0.28812883  0.28176543  0.23867565  0.24468145  0.23867565  0.26299368  0.30755039  0.22680678  0.21512328  0.20934924  
18_0_0     0.18112922  0.02655265  0.00000000  0.16469443  0.16469443  0.15929544  0.25073586  0.25683967  0.28176543  0.26919874  0.27545570  0.26919874  0.26299368  0.26919874  0.26299368  0.26299368  0.30755039  0.21512328  0.20361944  0.20934924  
13_0_0     0.19228982  0.14332836  0.16469443  0.00000000  0.00000000  0.03107118  0.33425590  0.32078399  0.30755039  0.37619144  0.39070912  0.36903690  0.29454683  0.28812883  0.29454683  0.30755039  0.32748962  0.26299368  0.25073586  0.24468145  
9_0_0      0.19228982  0.14332836  0.16469443  0.00000000  0.00000000  0.03107118  0.33425590  0.32078399  0.30755039  0.37619144  0.39070912  0.36903690  0.29454683  0.28812883  0.29454683  0.30755039  0.32748962  0.26299368  0.25073586  0.24468145  
7_0_0      0.22094222  0.13808085  0.15929544  0.03107118  0.03107118  0.00000000  0.32748962  0.33425590  0.30102036  0.36903690  0.38341507  0.36195014  0.28812883  0.28176543  0.28812883  0.31413793  0.33425590  0.25683967  0.24468145  0.23867565  
15_0_0     0.30102036  0.23867565  0.25073586  0.33425590  0.33425590  0.32748962  0.00000000  0.08753593  0.12255561  0.13286989  0.13808085  0.13286989  0.08753593  0.09243949  0.08753593  0.09737540  0.23271768  0.28176543  0.26919874  0.26299368  
6_0_0      0.29454683  0.25073586  0.25683967  0.32078399  0.32078399  0.33425590  0.08753593  0.00000000  0.10734602  0.18112922  0.18668871  0.18112922  0.11238160  0.11745131  0.11238160  0.11745131  0.23271768  0.30102036  0.28812883  0.28176543  
14_0_0     0.31413793  0.26919874  0.28176543  0.30755039  0.30755039  0.30102036  0.12255561  0.10734602  0.00000000  0.19793318  0.19228982  0.19793318  0.12255561  0.11745131  0.12255561  0.13286989  0.25683967  0.33425590  0.32078399  0.31413793  
19_0_0     0.32748962  0.26919874  0.26919874  0.37619144  0.37619144  0.36903690  0.13286989  0.18112922  0.19793318  0.00000000  0.02206124  0.01759664  0.11745131  0.12255561  0.11745131  0.11745131  0.30102036  0.34108394  0.32748962  0.32078399  
17_0_0     0.34797488  0.28812883  0.27545570  0.39070912  0.39070912  0.38341507  0.13808085  0.18668871  0.19228982  0.02206124  0.00000000  0.01315853  0.12255561  0.12769497  0.12255561  0.12255561  0.26919874  0.35492987  0.34108394  0.33425590  
11_0_0     0.34108394  0.28176543  0.26919874  0.36903690  0.36903690  0.36195014  0.13286989  0.18112922  0.19793318  0.01759664  0.01315853  0.00000000  0.11745131  0.12255561  0.11745131  0.11745131  0.28812883  0.34797488  0.33425590  0.32748962  
10_0_0     0.25683967  0.23867565  0.26299368  0.29454683  0.29454683  0.28812883  0.08753593  0.11238160  0.12255561  0.11745131  0.12255561  0.11745131  0.00000000  0.00436051  0.00000000  0.01759664  0.20361944  0.32748962  0.31413793  0.30755039  
4_0_0      0.25073586  0.24468145  0.26919874  0.28812883  0.28812883  0.28176543  0.09243949  0.11745131  0.11745131  0.12255561  0.12769497  0.12255561  0.00436051  0.00000000  0.00436051  0.02206124  0.20934924  0.33425590  0.32078399  0.31413793  
12_0_0     0.25683967  0.23867565  0.26299368  0.29454683  0.29454683  0.28812883  0.08753593  0.11238160  0.12255561  0.11745131  0.12255561  0.11745131  0.00000000  0.00436051  0.00000000  0.01759664  0.20361944  0.32748962  0.31413793  0.30755039  
5_0_0      0.26919874  0.26299368  0.26299368  0.30755039  0.30755039  0.31413793  0.09737540  0.11745131  0.13286989  0.11745131  0.12255561  0.11745131  0.01759664  0.02206124  0.01759664  0.00000000  0.20934924  0.31413793  0.30102036  0.30755039  
16_0_0     0.34797488  0.30755039  0.30755039  0.32748962  0.32748962  0.33425590  0.23271768  0.23271768  0.25683967  0.30102036  0.26919874  0.28812883  0.20361944  0.20934924  0.20361944  0.20934924  0.00000000  0.33425590  0.32078399  0.31413793  
2_0_0      0.24468145  0.22680678  0.21512328  0.26299368  0.26299368  0.25683967  0.28176543  0.30102036  0.33425590  0.34108394  0.35492987  0.34797488  0.32748962  0.33425590  0.32748962  0.31413793  0.33425590  0.00000000  0.00874658  0.01315853  
3_0_0      0.23271768  0.21512328  0.20361944  0.25073586  0.25073586  0.24468145  0.26919874  0.28812883  0.32078399  0.32748962  0.34108394  0.33425590  0.31413793  0.32078399  0.31413793  0.30102036  0.32078399  0.00874658  0.00000000  0.00436051  
1_0_0      0.22680678  0.20934924  0.20934924  0.24468145  0.24468145  0.23867565  0.26299368  0.28176543  0.31413793  0.32078399  0.33425590  0.32748962  0.30755039  0.31413793  0.30755039  0.30755039  0.31413793  0.01315853  0.00436051  0.00000000  

