12
1_2_0      0.00000000  0.00372673  0.00747208  0.28083268  0.28626041  0.28083268  0.34871462  0.34871462  0.33696518  0.30837333  0.31400507  0.30837333  
3_2_0      0.00372673  0.00000000  0.01123626  0.28626041  0.29172775  0.28626041  0.35465917  0.35465917  0.34281686  0.31400507  0.31967946  0.31400507  
2_2_0      0.00747208  0.01123626  0.00000000  0.28626041  0.29172775  0.28626041  0.35465917  0.35465917  0.34281686  0.31400507  0.31967946  0.31400507  
2_1_0      0.28083268  0.28626041  0.28626041  0.00000000  0.01882183  0.01501944  0.36065126  0.37278118  0.36669167  0.36065126  0.36669167  0.36065126  
3_1_0      0.28626041  0.29172775  0.29172775  0.01882183  0.00000000  0.01123626  0.35465917  0.36669167  0.36065126  0.34281686  0.34871462  0.34281686  
1_1_0      0.28083268  0.28626041  0.28626041  0.01501944  0.01123626  0.00000000  0.36065126  0.37278118  0.36669167  0.34871462  0.35465917  0.34871462  
1_0_0      0.34871462  0.35465917  0.35465917  0.36065126  0.35465917  0.36065126  0.00000000  0.01501944  0.01882183  0.17979981  0.18454060  0.17979981  
2_0_0      0.34871462  0.35465917  0.35465917  0.37278118  0.36669167  0.37278118  0.01501944  0.00000000  0.01123626  0.17979981  0.18454060  0.17979981  
3_0_0      0.33696518  0.34281686  0.34281686  0.36669167  0.36065126  0.36669167  0.01882183  0.01123626  0.00000000  0.17508883  0.17979981  0.17508883  
1_3_0      0.30837333  0.31400507  0.31400507  0.36065126  0.34281686  0.34871462  0.17979981  0.17979981  0.17508883  0.00000000  0.00372673  0.00000000  
2_3_0      0.31400507  0.31967946  0.31967946  0.36669167  0.34871462  0.35465917  0.18454060  0.18454060  0.17979981  0.00372673  0.00000000  0.00372673  
3_3_0      0.30837333  0.31400507  0.31400507  0.36065126  0.34281686  0.34871462  0.17979981  0.17979981  0.17508883  0.00000000  0.00372673  0.00000000  

