23
10_0_0     0.00000000  0.05718113  0.05718113  0.03763000  0.03763000  0.16917751  0.17495383  0.21669028  0.23531732  0.04734156  0.14094795  0.07218804  0.07218804  0.32897449  0.31485371  0.31485371  0.36549127  0.34336755  0.34336755  0.36549127  0.33613633  0.29416110  0.30099510  
11_0_0     0.05718113  0.00000000  0.00000000  0.03763000  0.03763000  0.14094795  0.16917751  0.21058315  0.22905652  0.06715214  0.15211199  0.08236293  0.08236293  0.34336755  0.32897449  0.32897449  0.37301400  0.34336755  0.35804360  0.38829078  0.35804360  0.33613633  0.34336755  
7_0_0      0.05718113  0.00000000  0.00000000  0.03763000  0.03763000  0.14094795  0.16917751  0.21058315  0.22905652  0.06715214  0.15211199  0.08236293  0.08236293  0.34336755  0.32897449  0.32897449  0.37301400  0.34336755  0.35804360  0.38829078  0.35804360  0.33613633  0.34336755  
11_1_0     0.03763000  0.03763000  0.03763000  0.00000000  0.00923116  0.16917751  0.18664232  0.21669028  0.22905652  0.05718113  0.16344554  0.09267843  0.09267843  0.32897449  0.31485371  0.31485371  0.36549127  0.34336755  0.34336755  0.39604804  0.35066951  0.32188071  0.32897449  
7_1_0      0.03763000  0.03763000  0.03763000  0.00923116  0.00000000  0.16917751  0.18664232  0.21669028  0.22905652  0.06715214  0.15211199  0.09267843  0.09267843  0.32897449  0.31485371  0.31485371  0.36549127  0.34336755  0.34336755  0.39604804  0.35066951  0.32188071  0.32897449  
5_0_0      0.16917751  0.14094795  0.14094795  0.16917751  0.16917751  0.00000000  0.06214999  0.08750286  0.10313847  0.13542792  0.20452557  0.16344554  0.16344554  0.30789224  0.29416110  0.29416110  0.31485371  0.32188071  0.35066951  0.40388676  0.35804360  0.32897449  0.33613633  
3_3_0      0.17495383  0.16917751  0.16917751  0.18664232  0.18664232  0.06214999  0.00000000  0.11374718  0.12994842  0.14094795  0.21058315  0.15775726  0.15775726  0.32188071  0.30789224  0.30789224  0.32897449  0.29416110  0.32188071  0.45273062  0.38829078  0.35804360  0.36549127  
3_0_0      0.21669028  0.21058315  0.21058315  0.21669028  0.21669028  0.08750286  0.11374718  0.00000000  0.02329553  0.19255593  0.24163108  0.18664232  0.18664232  0.37301400  0.35804360  0.35804360  0.35066951  0.34336755  0.37301400  0.46974893  0.39604804  0.36549127  0.37301400  
4_0_0      0.23531732  0.22905652  0.22905652  0.22905652  0.22905652  0.10313847  0.12994842  0.02329553  0.00000000  0.21058315  0.26089925  0.20452557  0.20452557  0.35804360  0.34336755  0.34336755  0.33613633  0.34336755  0.37301400  0.46119127  0.38061331  0.35066951  0.35804360  
1_0_0      0.04734156  0.06715214  0.06715214  0.05718113  0.06715214  0.13542792  0.14094795  0.19255593  0.21058315  0.00000000  0.11910862  0.05224513  0.05224513  0.32897449  0.31485371  0.31485371  0.36549127  0.34336755  0.35804360  0.38061331  0.33613633  0.30789224  0.31485371  
6_2_0      0.14094795  0.15211199  0.15211199  0.16344554  0.15211199  0.20452557  0.21058315  0.24163108  0.26089925  0.11910862  0.00000000  0.13542792  0.13542792  0.35804360  0.35804360  0.35804360  0.39604804  0.37301400  0.38829078  0.38061331  0.35066951  0.33613633  0.34336755  
8_0_0      0.07218804  0.08236293  0.08236293  0.09267843  0.09267843  0.16344554  0.15775726  0.18664232  0.20452557  0.05224513  0.13542792  0.00000000  0.00000000  0.35066951  0.33613633  0.33613633  0.37301400  0.35066951  0.36549127  0.38829078  0.32897449  0.30099510  0.30789224  
2_0_0      0.07218804  0.08236293  0.08236293  0.09267843  0.09267843  0.16344554  0.15775726  0.18664232  0.20452557  0.05224513  0.13542792  0.00000000  0.00000000  0.35066951  0.33613633  0.33613633  0.37301400  0.35066951  0.36549127  0.38829078  0.32897449  0.30099510  0.30789224  
20_0_0     0.32897449  0.34336755  0.34336755  0.32897449  0.32897449  0.30789224  0.32188071  0.37301400  0.35804360  0.32897449  0.35804360  0.35066951  0.35066951  0.00000000  0.00923116  0.00923116  0.05224513  0.08750286  0.07725815  0.18664232  0.10842398  0.11910862  0.11374718  
19_0_0     0.31485371  0.32897449  0.32897449  0.31485371  0.31485371  0.29416110  0.30789224  0.35804360  0.34336755  0.31485371  0.35804360  0.33613633  0.33613633  0.00923116  0.00000000  0.00000000  0.06214999  0.08750286  0.07725815  0.17495383  0.11910862  0.11910862  0.11374718  
12_0_0     0.31485371  0.32897449  0.32897449  0.31485371  0.31485371  0.29416110  0.30789224  0.35804360  0.34336755  0.31485371  0.35804360  0.33613633  0.33613633  0.00923116  0.00000000  0.00000000  0.06214999  0.08750286  0.07725815  0.17495383  0.11910862  0.11910862  0.11374718  
13_0_0     0.36549127  0.37301400  0.37301400  0.36549127  0.36549127  0.31485371  0.32897449  0.35066951  0.33613633  0.36549127  0.39604804  0.37301400  0.37301400  0.05224513  0.06214999  0.06214999  0.00000000  0.09267843  0.09267843  0.19255593  0.11374718  0.13542792  0.14094795  
14_0_0     0.34336755  0.34336755  0.34336755  0.34336755  0.34336755  0.32188071  0.29416110  0.34336755  0.34336755  0.34336755  0.37301400  0.35066951  0.35066951  0.08750286  0.08750286  0.08750286  0.09267843  0.00000000  0.01857790  0.24163108  0.15775726  0.15775726  0.16344554  
18_0_0     0.34336755  0.35804360  0.35804360  0.34336755  0.34336755  0.35066951  0.32188071  0.37301400  0.37301400  0.35804360  0.38829078  0.36549127  0.36549127  0.07725815  0.07725815  0.07725815  0.09267843  0.01857790  0.00000000  0.22905652  0.14650910  0.14650910  0.15211199  
15_0_0     0.36549127  0.38829078  0.38829078  0.39604804  0.39604804  0.40388676  0.45273062  0.46974893  0.46119127  0.38061331  0.38061331  0.38829078  0.38829078  0.18664232  0.17495383  0.17495383  0.19255593  0.24163108  0.22905652  0.00000000  0.15211199  0.18664232  0.18077520  
17_0_0     0.33613633  0.35804360  0.35804360  0.35066951  0.35066951  0.35804360  0.38829078  0.39604804  0.38061331  0.33613633  0.35066951  0.32897449  0.32897449  0.10842398  0.11910862  0.11910862  0.11374718  0.15775726  0.14650910  0.15211199  0.00000000  0.03763000  0.03282119  
16_4_0     0.29416110  0.33613633  0.33613633  0.32188071  0.32188071  0.32897449  0.35804360  0.36549127  0.35066951  0.30789224  0.33613633  0.30099510  0.30099510  0.11910862  0.11910862  0.11910862  0.13542792  0.15775726  0.14650910  0.18664232  0.03763000  0.00000000  0.00460131  
16_0_0     0.30099510  0.34336755  0.34336755  0.32897449  0.32897449  0.33613633  0.36549127  0.37301400  0.35804360  0.31485371  0.34336755  0.30789224  0.30789224  0.11374718  0.11374718  0.11374718  0.14094795  0.16344554  0.15211199  0.18077520  0.03282119  0.00460131  0.00000000  

