9
6_1_0      0.00000000  0.01515355  0.02543047  0.04111752  0.09027052  0.41861562  0.43639794  0.42745356  0.44545137  
11_1_0     0.01515355  0.00000000  0.01006794  0.02543047  0.09593833  0.43639794  0.45461652  0.42745356  0.44545137  
17_1_0     0.02543047  0.01006794  0.00000000  0.01515355  0.08464565  0.44545137  0.46389619  0.43639794  0.43639794  
14_1_0     0.04111752  0.02543047  0.01515355  0.00000000  0.07906305  0.44545137  0.48281081  0.45461652  0.45461652  
5_1_0      0.09027052  0.09593833  0.08464565  0.07906305  0.00000000  0.42745356  0.47329328  0.45461652  0.46389619  
6_0_0      0.41861562  0.43639794  0.44545137  0.44545137  0.42745356  0.00000000  0.12494493  0.10164972  0.11905227  
11_0_0     0.43639794  0.45461652  0.46389619  0.48281081  0.47329328  0.12494493  0.00000000  0.11320599  0.11320599  
17_0_0     0.42745356  0.42745356  0.43639794  0.45461652  0.45461652  0.10164972  0.11320599  0.00000000  0.06256273  
14_0_0     0.44545137  0.44545137  0.43639794  0.45461652  0.46389619  0.11905227  0.11320599  0.06256273  0.00000000  

