20
3_0_0      0.00000000  0.00374534  0.00374534  0.45169827  0.34409320  0.35291887  0.39278784  0.22565279  0.22565279  0.22565279  0.24992552  0.24299792  0.23714908  0.37934769  0.37176985  0.28477232  0.32453604  0.32453604  0.32453604  0.28595981  
2_0_0      0.00374534  0.00000000  0.00000000  0.46071079  0.33699929  0.34567065  0.38491144  0.22000230  0.22000230  0.22000230  0.24397218  0.23714908  0.23136789  0.37176985  0.36430518  0.27844203  0.31768519  0.31768519  0.31768519  0.27946495  
1_0_0      0.00374534  0.00000000  0.00000000  0.46071079  0.33699929  0.34567065  0.38491144  0.22000230  0.22000230  0.22000230  0.24397218  0.23714908  0.23136789  0.37176985  0.36430518  0.27844203  0.31768519  0.31768519  0.31768519  0.27946495  
16_0_0     0.45169827  0.46071079  0.46071079  0.00000000  0.20278631  0.17650172  0.16020262  0.38097539  0.38097539  0.38097539  0.38295309  0.38885183  0.38097539  0.38301083  0.39082565  0.39479733  0.38685836  0.38685836  0.38685836  0.45939822  
14_0_0     0.34409320  0.33699929  0.33699929  0.20278631  0.00000000  0.04673757  0.09791662  0.32600536  0.32600536  0.32600536  0.34895142  0.34009395  0.34729001  0.39485696  0.40279586  0.33852603  0.33852603  0.33852603  0.33852603  0.35630632  
6_0_0      0.35291887  0.34567065  0.34567065  0.17650172  0.04673757  0.00000000  0.07615879  0.30695936  0.30695936  0.30695936  0.32906377  0.32056849  0.32751457  0.38891050  0.39678687  0.33300002  0.31910722  0.31910722  0.31910722  0.32206907  
15_0_0     0.39278784  0.38491144  0.38491144  0.16020262  0.09791662  0.07615879  0.00000000  0.31910722  0.31910722  0.31910722  0.34170317  0.31910722  0.32600536  0.32856762  0.33551365  0.27844203  0.29118380  0.29118380  0.29118380  0.34504600  
10_0_0     0.22565279  0.22000230  0.22000230  0.38097539  0.32600536  0.30695936  0.31910722  0.00000000  0.00000000  0.00000000  0.02282822  0.04658762  0.05066937  0.25204486  0.24601975  0.18560905  0.19098606  0.19098606  0.19098606  0.31666296  
4_0_0      0.22565279  0.22000230  0.22000230  0.38097539  0.32600536  0.30695936  0.31910722  0.00000000  0.00000000  0.00000000  0.02282822  0.04658762  0.05066937  0.25204486  0.24601975  0.18560905  0.19098606  0.19098606  0.19098606  0.31666296  
12_0_0     0.22565279  0.22000230  0.22000230  0.38097539  0.32600536  0.30695936  0.31910722  0.00000000  0.00000000  0.00000000  0.02282822  0.04658762  0.05066937  0.25204486  0.24601975  0.18560905  0.19098606  0.19098606  0.19098606  0.31666296  
5_0_0      0.24992552  0.24397218  0.24397218  0.38295309  0.34895142  0.32906377  0.34170317  0.02282822  0.02282822  0.02282822  0.00000000  0.06333709  0.06757455  0.27179358  0.26550307  0.20278631  0.20837369  0.20837369  0.20837369  0.33228256  
17_0_0     0.24299792  0.23714908  0.23714908  0.38885183  0.34009395  0.32056849  0.31910722  0.04658762  0.04658762  0.04658762  0.06333709  0.00000000  0.00374534  0.27056862  0.26431745  0.22452254  0.21877454  0.21877454  0.21877454  0.28331048  
11_0_0     0.23714908  0.23136789  0.23136789  0.38097539  0.34729001  0.32751457  0.32600536  0.05066937  0.05066937  0.05066937  0.06757455  0.00374534  0.00000000  0.26431745  0.25814349  0.23033740  0.22452254  0.22452254  0.22452254  0.28980532  
8_0_0      0.37934769  0.37176985  0.37176985  0.38301083  0.39485696  0.38891050  0.32856762  0.25204486  0.25204486  0.25204486  0.27179358  0.27056862  0.26431745  0.00000000  0.00751895  0.10700829  0.14894129  0.14894129  0.14894129  0.40892305  
18_0_0     0.37176985  0.36430518  0.36430518  0.39082565  0.40279586  0.39678687  0.33551365  0.24601975  0.24601975  0.24601975  0.26550307  0.26431745  0.25814349  0.00751895  0.00000000  0.11161690  0.15391688  0.15391688  0.15391688  0.41719026  
19_0_0     0.28477232  0.27844203  0.27844203  0.39479733  0.33852603  0.33300002  0.27844203  0.18560905  0.18560905  0.18560905  0.20278631  0.22452254  0.23033740  0.10700829  0.11161690  0.00000000  0.06733807  0.06733807  0.06733807  0.36558534  
9_0_0      0.32453604  0.31768519  0.31768519  0.38685836  0.33852603  0.31910722  0.29118380  0.19098606  0.19098606  0.19098606  0.20837369  0.21877454  0.22452254  0.14894129  0.15391688  0.06733807  0.00000000  0.00000000  0.00000000  0.40498710  
13_0_0     0.32453604  0.31768519  0.31768519  0.38685836  0.33852603  0.31910722  0.29118380  0.19098606  0.19098606  0.19098606  0.20837369  0.21877454  0.22452254  0.14894129  0.15391688  0.06733807  0.00000000  0.00000000  0.00000000  0.40498710  
7_0_0      0.32453604  0.31768519  0.31768519  0.38685836  0.33852603  0.31910722  0.29118380  0.19098606  0.19098606  0.19098606  0.20837369  0.21877454  0.22452254  0.14894129  0.15391688  0.06733807  0.00000000  0.00000000  0.00000000  0.40498710  
20_0_0     0.28595981  0.27946495  0.27946495  0.45939822  0.35630632  0.32206907  0.34504600  0.31666296  0.31666296  0.31666296  0.33228256  0.28331048  0.28980532  0.40892305  0.41719026  0.36558534  0.40498710  0.40498710  0.40498710  0.00000000  

