20
3_0_0      0.00000000  0.00000000  0.01127863  0.37475828  0.29316138  0.34458452  0.34458452  0.26605014  0.26074385  0.26074385  0.28765996  0.30991269  0.30991269  0.43902270  0.42572053  0.32129233  0.33869312  0.33869312  0.34458452  0.26074385  
2_0_0      0.00000000  0.00000000  0.01127863  0.37475828  0.29316138  0.34458452  0.34458452  0.26605014  0.26074385  0.26074385  0.28765996  0.30991269  0.30991269  0.43902270  0.42572053  0.32129233  0.33869312  0.33869312  0.34458452  0.26074385  
1_0_0      0.01127863  0.01127863  0.00000000  0.36254233  0.29870357  0.33869312  0.33869312  0.27139435  0.26605014  0.26605014  0.29316138  0.31558087  0.31558087  0.43234205  0.43234205  0.31558087  0.33284776  0.33284776  0.33869312  0.25547493  
16_0_0     0.37475828  0.37475828  0.36254233  0.00000000  0.20473160  0.19015639  0.20473160  0.25024286  0.24504714  0.24504714  0.27677702  0.22967306  0.23988726  0.38094189  0.38717705  0.33284776  0.34458452  0.34458452  0.35052268  0.39980548  
14_0_0     0.29316138  0.29316138  0.29870357  0.20473160  0.00000000  0.06628487  0.10390921  0.26605014  0.26074385  0.26074385  0.28219869  0.26074385  0.26074385  0.41915711  0.40620056  0.33869312  0.36254233  0.36254233  0.36862537  0.32129233  
6_0_0      0.34458452  0.34458452  0.33869312  0.19015639  0.06628487  0.00000000  0.09963405  0.27139435  0.26605014  0.26605014  0.28765996  0.26605014  0.26605014  0.39346462  0.41265078  0.34458452  0.36862537  0.36862537  0.37475828  0.33284776  
15_0_0     0.34458452  0.34458452  0.33869312  0.20473160  0.10390921  0.09963405  0.00000000  0.27677702  0.27139435  0.27139435  0.29316138  0.27139435  0.27139435  0.39980548  0.41915711  0.36254233  0.37475828  0.37475828  0.38094189  0.33869312  
10_0_0     0.26605014  0.26605014  0.27139435  0.25024286  0.26605014  0.27139435  0.27677702  0.00000000  0.00374068  0.00374068  0.03046270  0.06628487  0.06628487  0.26605014  0.27139435  0.19498331  0.20965380  0.20965380  0.21460861  0.22461779  
4_0_0      0.26074385  0.26074385  0.26605014  0.24504714  0.26074385  0.26605014  0.27139435  0.00374068  0.00000000  0.00000000  0.02658633  0.06221885  0.06221885  0.27139435  0.27677702  0.19984157  0.21460861  0.21460861  0.21959646  0.21959646  
12_0_0     0.26074385  0.26074385  0.26605014  0.24504714  0.26074385  0.26605014  0.27139435  0.00374068  0.00000000  0.00000000  0.02658633  0.06221885  0.06221885  0.27139435  0.27677702  0.19984157  0.21460861  0.21460861  0.21959646  0.21959646  
5_0_0      0.28765996  0.28765996  0.29316138  0.27677702  0.28219869  0.28765996  0.29316138  0.03046270  0.02658633  0.02658633  0.00000000  0.08277362  0.08277362  0.27139435  0.27677702  0.20965380  0.23988726  0.23988726  0.24504714  0.23988726  
17_0_0     0.30991269  0.30991269  0.31558087  0.22967306  0.26074385  0.26605014  0.27139435  0.06628487  0.06221885  0.06221885  0.08277362  0.00000000  0.00750016  0.23476272  0.23988726  0.16647826  0.19015639  0.19015639  0.19498331  0.25547493  
11_0_0     0.30991269  0.30991269  0.31558087  0.23988726  0.26074385  0.26605014  0.27139435  0.06628487  0.06221885  0.06221885  0.08277362  0.00750016  0.00000000  0.24504714  0.25024286  0.17585977  0.19984157  0.19984157  0.20473160  0.24504714  
8_0_0      0.43902270  0.43902270  0.43234205  0.38094189  0.41915711  0.39346462  0.39980548  0.26605014  0.27139435  0.27139435  0.27139435  0.23476272  0.24504714  0.00000000  0.01889332  0.09963405  0.12565941  0.12565941  0.13008638  0.36862537  
18_0_0     0.42572053  0.42572053  0.43234205  0.38717705  0.40620056  0.41265078  0.41915711  0.27139435  0.27677702  0.27677702  0.27677702  0.23988726  0.25024286  0.01889332  0.00000000  0.11253355  0.13901972  0.13901972  0.14352671  0.38094189  
19_0_0     0.32129233  0.32129233  0.31558087  0.33284776  0.33869312  0.34458452  0.36254233  0.19498331  0.19984157  0.19984157  0.20965380  0.16647826  0.17585977  0.09963405  0.11253355  0.00000000  0.07037311  0.07037311  0.07448381  0.30991269  
9_0_0      0.33869312  0.33869312  0.33284776  0.34458452  0.36254233  0.36862537  0.37475828  0.20965380  0.21460861  0.21460861  0.23988726  0.19015639  0.19984157  0.12565941  0.13901972  0.07037311  0.00000000  0.00000000  0.00374068  0.32704773  
13_0_0     0.33869312  0.33869312  0.33284776  0.34458452  0.36254233  0.36862537  0.37475828  0.20965380  0.21460861  0.21460861  0.23988726  0.19015639  0.19984157  0.12565941  0.13901972  0.07037311  0.00000000  0.00000000  0.00374068  0.32704773  
7_0_0      0.34458452  0.34458452  0.33869312  0.35052268  0.36862537  0.37475828  0.38094189  0.21460861  0.21959646  0.21959646  0.24504714  0.19498331  0.20473160  0.13008638  0.14352671  0.07448381  0.00374068  0.00374068  0.00000000  0.33284776  
20_0_0     0.26074385  0.26074385  0.25547493  0.39980548  0.32129233  0.33284776  0.33869312  0.22461779  0.21959646  0.21959646  0.23988726  0.25547493  0.24504714  0.36862537  0.38094189  0.30991269  0.32704773  0.32704773  0.33284776  0.00000000  

