20
3_0_0      0.00000000  0.00000000  0.00000000  0.45297231  0.42373385  0.45569975  0.37655587  0.30135070  0.29457389  0.29457389  0.30665833  0.33321183  0.34049022  0.38833288  0.39638557  0.36875701  0.41518772  0.41518772  0.39040947  0.34049022  
2_0_0      0.00000000  0.00000000  0.00000000  0.45297231  0.42373385  0.45569975  0.37655587  0.30135070  0.29457389  0.29457389  0.30665833  0.33321183  0.34049022  0.38833288  0.39638557  0.36875701  0.41518772  0.41518772  0.39040947  0.34049022  
1_0_0      0.00000000  0.00000000  0.00000000  0.45297231  0.42373385  0.45569975  0.37655587  0.30135070  0.29457389  0.29457389  0.30665833  0.33321183  0.34049022  0.38833288  0.39638557  0.36875701  0.41518772  0.41518772  0.39040947  0.34049022  
16_0_0     0.45297231  0.45297231  0.45297231  0.00000000  0.18632947  0.15631012  0.15563242  0.30822262  0.30135070  0.30135070  0.31357778  0.32604006  0.31897183  0.54734833  0.55852643  0.53262736  0.50820996  0.50820996  0.49807107  0.39471416  
14_0_0     0.42373385  0.42373385  0.42373385  0.18632947  0.00000000  0.05483325  0.09325456  0.29310604  0.28646802  0.28646802  0.30513429  0.33874742  0.33152386  0.50191180  0.51204627  0.46885634  0.43876416  0.43876416  0.42998991  0.41753000  
6_0_0      0.45569975  0.45569975  0.45569975  0.15631012  0.05483325  0.00000000  0.07195002  0.29608076  0.28934955  0.28934955  0.31519237  0.34227700  0.33494295  0.50820996  0.51856325  0.43748663  0.43493053  0.43493053  0.42615297  0.42237852  
15_0_0     0.37655587  0.37655587  0.37655587  0.15563242  0.09325456  0.07195002  0.00000000  0.31519237  0.30822262  0.30822262  0.33494295  0.37859930  0.37073649  0.53641973  0.54734833  0.50121893  0.49807107  0.49807107  0.46885634  0.42862799  
10_0_0     0.30135070  0.30135070  0.30135070  0.30822262  0.29310604  0.29608076  0.31519237  0.00000000  0.00374563  0.00374563  0.01895714  0.09359624  0.08913455  0.25956844  0.26582393  0.20840051  0.21883619  0.21883619  0.22461274  0.23260248  
4_0_0      0.29457389  0.29457389  0.29457389  0.30135070  0.28646802  0.28934955  0.30822262  0.00374563  0.00000000  0.00000000  0.01510878  0.08913455  0.08471315  0.25339187  0.25956844  0.20278878  0.21312700  0.21312700  0.21883619  0.22668483  
12_0_0     0.29457389  0.29457389  0.29457389  0.30135070  0.28646802  0.28934955  0.30822262  0.00374563  0.00000000  0.00000000  0.01510878  0.08913455  0.08471315  0.25339187  0.25956844  0.20278878  0.21312700  0.21312700  0.21883619  0.22668483  
5_0_0      0.30665833  0.30665833  0.30665833  0.31357778  0.30513429  0.31519237  0.33494295  0.01895714  0.01510878  0.01510878  0.00000000  0.08881353  0.08441243  0.26460691  0.27090176  0.20190453  0.22362635  0.22362635  0.22943645  0.23746648  
17_0_0     0.33321183  0.33321183  0.33321183  0.32604006  0.33874742  0.34227700  0.37859930  0.09359624  0.08913455  0.08913455  0.08881353  0.00000000  0.00374563  0.29552608  0.30220652  0.24729224  0.23429223  0.23429223  0.24020687  0.27345601  
11_0_0     0.34049022  0.34049022  0.34049022  0.31897183  0.33152386  0.33494295  0.37073649  0.08913455  0.08471315  0.08471315  0.08441243  0.00374563  0.00000000  0.28893556  0.29552608  0.24126767  0.22844819  0.22844819  0.23429223  0.26707742  
8_0_0      0.38833288  0.38833288  0.38833288  0.54734833  0.50191180  0.50820996  0.53641973  0.25956844  0.25339187  0.25339187  0.26460691  0.29552608  0.28893556  0.00000000  0.00374563  0.11103084  0.17422287  0.17422287  0.17947234  0.32987887  
18_0_0     0.39638557  0.39638557  0.39638557  0.55852643  0.51204627  0.51856325  0.54734833  0.26582393  0.25956844  0.25956844  0.27090176  0.30220652  0.29552608  0.00374563  0.00000000  0.11566039  0.17947234  0.17947234  0.18477869  0.32281279  
19_0_0     0.36875701  0.36875701  0.36875701  0.53262736  0.46885634  0.43748663  0.50121893  0.20840051  0.20278878  0.20278878  0.20190453  0.24729224  0.24126767  0.11103084  0.11566039  0.00000000  0.09773623  0.09773623  0.09325456  0.30822262  
9_0_0      0.41518772  0.41518772  0.41518772  0.50820996  0.43876416  0.43493053  0.49807107  0.21883619  0.21312700  0.21312700  0.22362635  0.23429223  0.22844819  0.17422287  0.17947234  0.09773623  0.00000000  0.00000000  0.01132398  0.34607915  
13_0_0     0.41518772  0.41518772  0.41518772  0.50820996  0.43876416  0.43493053  0.49807107  0.21883619  0.21312700  0.21312700  0.22362635  0.23429223  0.22844819  0.17422287  0.17947234  0.09773623  0.00000000  0.00000000  0.01132398  0.34607915  
7_0_0      0.39040947  0.39040947  0.39040947  0.49807107  0.42998991  0.42615297  0.46885634  0.22461274  0.21883619  0.21883619  0.22943645  0.24020687  0.23429223  0.17947234  0.18477869  0.09325456  0.01132398  0.01132398  0.00000000  0.35352234  
20_0_0     0.34049022  0.34049022  0.34049022  0.39471416  0.41753000  0.42237852  0.42862799  0.23260248  0.22668483  0.22668483  0.23746648  0.27345601  0.26707742  0.32987887  0.32281279  0.30822262  0.34607915  0.34607915  0.35352234  0.00000000  

