12
4_5_0      0.00000000  0.16779135  0.14137722  0.10590553  0.12090106  0.13106869  0.12596751  0.15711289  0.31607906  0.35654389  0.34280959  0.37763279  
12_7_0     0.16779135  0.00000000  0.02177482  0.08156574  0.12090106  0.11586889  0.10097345  0.17862532  0.30954385  0.34964505  0.32932427  0.37763279  
10_7_0     0.14137722  0.02177482  0.00000000  0.05799714  0.11087053  0.10097345  0.09607385  0.15711289  0.29027578  0.32932427  0.30954385  0.36350731  
13_7_0     0.10590553  0.08156574  0.05799714  0.00000000  0.05799714  0.07679191  0.07204851  0.12090106  0.28396242  0.33603638  0.30306555  0.32267219  
13_5_0     0.12090106  0.12090106  0.11087053  0.05799714  0.00000000  0.07679191  0.05799714  0.12090106  0.27770219  0.32932427  0.29664318  0.29664318  
12_8_0     0.13106869  0.11586889  0.10097345  0.07679191  0.07679191  0.00000000  0.03966554  0.13620510  0.29027578  0.34280959  0.33603638  0.32932427  
10_8_0     0.12596751  0.10097345  0.09607385  0.07204851  0.05799714  0.03966554  0.00000000  0.10590553  0.25923150  0.30954385  0.30306555  0.30306555  
4_2_0      0.15711289  0.17862532  0.15711289  0.12090106  0.12090106  0.13620510  0.10590553  0.00000000  0.30306555  0.37053652  0.33603638  0.34280959  
13_6_0     0.31607906  0.30954385  0.29027578  0.28396242  0.27770219  0.29027578  0.25923150  0.30306555  0.00000000  0.05799714  0.07204851  0.16779135  
10_4_0     0.35654389  0.34964505  0.32932427  0.33603638  0.32932427  0.34280959  0.30954385  0.37053652  0.05799714  0.00000000  0.04420626  0.19517799  
12_4_0     0.34280959  0.32932427  0.30954385  0.30306555  0.29664318  0.33603638  0.30306555  0.33603638  0.07204851  0.04420626  0.00000000  0.18961941  
4_4_0      0.37763279  0.37763279  0.36350731  0.32267219  0.29664318  0.32932427  0.30306555  0.34280959  0.16779135  0.19517799  0.18961941  0.00000000  

