101
3_0_0      0.00000000  0.09406095  0.10786156  0.24516041  0.29123978  0.19652156  0.19652156  0.37280344  0.61343555  0.60432567  0.60432567  0.50291666  0.51085862  0.51888634  0.47197104  0.43501700  0.42784162  0.56037921  0.48728284  0.47197104  0.47197104  0.49505865  0.48728284  0.48728284  0.45696827  0.49505865  0.48728284  0.47197104  0.47197104  0.50291666  0.47958752  0.51888634  0.48728284  0.44957893  0.47197104  0.48728284  0.47958752  0.47958752  0.60432567  0.59532608  0.64145478  0.57764731  0.55189329  0.62265844  0.62265844  0.61343555  0.59532608  0.59532608  0.62265844  0.64145478  0.73246747  0.68053628  0.66073874  0.58643414  0.59532608  0.67057161  0.57764731  0.57764731  0.56037921  0.90076487  0.88739505  0.86135584  0.97147782  1.04963112  0.97147782  0.95678687  0.72178695  0.73246747  0.71125771  0.72178695  0.75430018  0.71125771  0.70087553  0.69063635  0.76546180  0.66073874  0.70087553  0.59532608  0.71125771  0.79998883  0.72178695  0.75430018  0.75430018  0.82393122  0.83619794  0.82393122  0.79998883  0.78830073  0.78830073  0.75430018  0.74330368  0.74330368  0.75430018  0.86135584  0.86135584  0.87426144  0.87426144  0.87426144  0.86135584  0.74330368  0.72178695  
9_0_0      0.09406095  0.00000000  0.02865780  0.18099099  0.23407343  0.16577825  0.15580667  0.33404408  0.56896312  0.56037921  0.56037921  0.53520664  0.55189329  0.54350315  0.51085862  0.44226231  0.43501700  0.55189329  0.51085862  0.44957893  0.46443181  0.48728284  0.48728284  0.47197104  0.46443181  0.51085862  0.50291666  0.49505865  0.49505865  0.50291666  0.49505865  0.52700171  0.49505865  0.47958752  0.48728284  0.49505865  0.47958752  0.51888634  0.56896312  0.56037921  0.59532608  0.54350315  0.50291666  0.63199721  0.65103423  0.61343555  0.64145478  0.61343555  0.63199721  0.67057161  0.70087553  0.66073874  0.60432567  0.60432567  0.59532608  0.68053628  0.57764731  0.54350315  0.54350315  0.92824827  0.98646496  0.94238063  0.97147782  1.06629844  1.03332931  1.01737733  0.69063635  0.66073874  0.66073874  0.69063635  0.77679356  0.72178695  0.75430018  0.70087553  0.76546180  0.68053628  0.72178695  0.58643414  0.62265844  0.77679356  0.73246747  0.75430018  0.75430018  0.78830073  0.79998883  0.77679356  0.79998883  0.78830073  0.78830073  0.73246747  0.72178695  0.78830073  0.76546180  0.92824827  0.92824827  0.91437957  0.91437957  0.83619794  0.79998883  0.73246747  0.70087553  
22_0_0     0.10786156  0.02865780  0.00000000  0.18099099  0.22859134  0.17588541  0.16577825  0.33404408  0.54350315  0.53520664  0.53520664  0.52700171  0.56037921  0.55189329  0.51888634  0.47197104  0.46443181  0.55189329  0.49505865  0.46443181  0.47958752  0.50291666  0.48728284  0.48728284  0.47958752  0.54350315  0.53520664  0.52700171  0.52700171  0.53520664  0.51085862  0.52700171  0.51085862  0.46443181  0.47197104  0.49505865  0.46443181  0.50291666  0.59532608  0.58643414  0.60432567  0.52700171  0.51888634  0.63199721  0.64145478  0.65103423  0.64145478  0.61343555  0.64145478  0.67057161  0.71125771  0.66073874  0.61343555  0.61343555  0.62265844  0.69063635  0.56896312  0.53520664  0.56896312  0.92824827  0.95678687  0.91437957  0.97147782  1.03332931  1.00176048  0.98646496  0.73246747  0.70087553  0.70087553  0.71125771  0.81186364  0.75430018  0.75430018  0.73246747  0.77679356  0.71125771  0.71125771  0.56896312  0.60432567  0.78830073  0.76546180  0.75430018  0.76546180  0.81186364  0.82393122  0.79998883  0.79998883  0.78830073  0.78830073  0.73246747  0.72178695  0.78830073  0.74330368  0.87426144  0.87426144  0.86135584  0.86135584  0.81186364  0.79998883  0.71125771  0.66073874  
4_0_0      0.24516041  0.18099099  0.18099099  0.00000000  0.09863275  0.08500085  0.07161444  0.25641526  0.48728284  0.49505865  0.49505865  0.54350315  0.52700171  0.53520664  0.53520664  0.41369537  0.40672193  0.54350315  0.45696827  0.39981329  0.41369537  0.43501700  0.44226231  0.46443181  0.39981329  0.45696827  0.46443181  0.44957893  0.44957893  0.46443181  0.42073485  0.44957893  0.42073485  0.44226231  0.47197104  0.45696827  0.43501700  0.46443181  0.53520664  0.55189329  0.55189329  0.51085862  0.50291666  0.59532608  0.61343555  0.57764731  0.59532608  0.57764731  0.54350315  0.69063635  0.62265844  0.62265844  0.58643414  0.57764731  0.59532608  0.70087553  0.51888634  0.51888634  0.53520664  0.94238063  0.97147782  0.95678687  0.90076487  0.97147782  0.95678687  0.94238063  0.76546180  0.68053628  0.69063635  0.74330368  0.83619794  0.75430018  0.75430018  0.74330368  0.74330368  0.75430018  0.75430018  0.58643414  0.56037921  0.69063635  0.73246747  0.74330368  0.72178695  0.78830073  0.81186364  0.70087553  0.74330368  0.73246747  0.73246747  0.70087553  0.69063635  0.72178695  0.68053628  0.77679356  0.77679356  0.75430018  0.76546180  0.79998883  0.76546180  0.71125771  0.67057161  
32_0_0     0.29123978  0.23407343  0.22859134  0.09863275  0.00000000  0.11720639  0.11251929  0.26784312  0.56037921  0.53520664  0.53520664  0.53520664  0.52700171  0.53520664  0.52700171  0.40672193  0.39981329  0.55189329  0.51888634  0.50291666  0.48728284  0.51085862  0.50291666  0.51085862  0.48728284  0.53520664  0.54350315  0.52700171  0.52700171  0.56037921  0.42784162  0.50291666  0.46443181  0.46443181  0.47958752  0.47958752  0.44226231  0.48728284  0.59532608  0.56896312  0.58643414  0.53520664  0.51888634  0.60432567  0.62265844  0.58643414  0.56896312  0.56896312  0.61343555  0.63199721  0.59532608  0.60432567  0.58643414  0.57764731  0.62265844  0.73246747  0.51085862  0.54350315  0.54350315  0.87426144  0.91437957  0.87426144  0.94238063  0.98646496  0.97147782  0.98646496  0.73246747  0.68053628  0.65103423  0.74330368  0.74330368  0.71125771  0.75430018  0.72178695  0.74330368  0.71125771  0.71125771  0.60432567  0.56896312  0.68053628  0.77679356  0.69063635  0.73246747  0.79998883  0.84867047  0.73246747  0.79998883  0.78830073  0.78830073  0.70087553  0.69063635  0.72178695  0.67057161  0.68053628  0.68053628  0.68053628  0.67057161  0.68053628  0.69063635  0.65103423  0.64145478  
6_0_0      0.19652156  0.16577825  0.17588541  0.08500085  0.11720639  0.00000000  0.04128618  0.26784312  0.48728284  0.46443181  0.46443181  0.53520664  0.51888634  0.51085862  0.52700171  0.35965783  0.36620158  0.51888634  0.44226231  0.40672193  0.43501700  0.44226231  0.42784162  0.43501700  0.40672193  0.45696827  0.46443181  0.44957893  0.44957893  0.46443181  0.45696827  0.43501700  0.39981329  0.41369537  0.44226231  0.47958752  0.44957893  0.44957893  0.55189329  0.51085862  0.57764731  0.48728284  0.49505865  0.60432567  0.59532608  0.56896312  0.55189329  0.56896312  0.57764731  0.64145478  0.63199721  0.58643414  0.55189329  0.53520664  0.53520664  0.62265844  0.51085862  0.51888634  0.51888634  0.86135584  0.91437957  0.92824827  0.86135584  0.98646496  0.94238063  0.90076487  0.77679356  0.69063635  0.66073874  0.71125771  0.76546180  0.72178695  0.76546180  0.69063635  0.69063635  0.67057161  0.67057161  0.61343555  0.61343555  0.72178695  0.72178695  0.69063635  0.73246747  0.77679356  0.82393122  0.73246747  0.79998883  0.76546180  0.76546180  0.66073874  0.65103423  0.71125771  0.70087553  0.74330368  0.74330368  0.74330368  0.73246747  0.75430018  0.76546180  0.73246747  0.69063635  
26_0_0     0.19652156  0.15580667  0.16577825  0.07161444  0.11251929  0.04128618  0.00000000  0.25076654  0.50291666  0.47958752  0.47958752  0.54350315  0.52700171  0.51888634  0.53520664  0.38618570  0.39296827  0.52700171  0.46443181  0.40672193  0.42784162  0.43501700  0.43501700  0.44226231  0.42073485  0.47958752  0.48728284  0.45696827  0.45696827  0.48728284  0.42784162  0.44957893  0.41369537  0.40672193  0.44957893  0.48728284  0.45696827  0.44226231  0.54350315  0.51888634  0.56896312  0.49505865  0.48728284  0.61343555  0.60432567  0.56896312  0.56037921  0.57764731  0.58643414  0.65103423  0.58643414  0.56037921  0.54350315  0.55189329  0.55189329  0.62265844  0.53520664  0.52700171  0.52700171  0.82393122  0.87426144  0.88739505  0.87426144  1.00176048  0.95678687  0.91437957  0.75430018  0.69063635  0.66073874  0.69063635  0.73246747  0.68053628  0.74330368  0.67057161  0.63199721  0.66073874  0.68053628  0.60432567  0.63199721  0.70087553  0.73246747  0.68053628  0.74330368  0.76546180  0.81186364  0.71125771  0.77679356  0.76546180  0.76546180  0.66073874  0.65103423  0.72178695  0.70087553  0.75430018  0.75430018  0.75430018  0.74330368  0.75430018  0.74330368  0.71125771  0.67057161  
38_0_0     0.37280344  0.33404408  0.33404408  0.25641526  0.26784312  0.26784312  0.25076654  0.00000000  0.58643414  0.57764731  0.57764731  0.65103423  0.63199721  0.60432567  0.60432567  0.52700171  0.53520664  0.57764731  0.56037921  0.51085862  0.50291666  0.49505865  0.50291666  0.51085862  0.48728284  0.52700171  0.51888634  0.50291666  0.50291666  0.54350315  0.57764731  0.47197104  0.51085862  0.52700171  0.58643414  0.56896312  0.54350315  0.54350315  0.67057161  0.66073874  0.66073874  0.63199721  0.62265844  0.76546180  0.76546180  0.72178695  0.72178695  0.67057161  0.63199721  0.67057161  0.62265844  0.68053628  0.56037921  0.63199721  0.62265844  0.67057161  0.57764731  0.58643414  0.61343555  0.87426144  0.90076487  0.94238063  0.90076487  1.08334804  1.01737733  0.92824827  0.79998883  0.70087553  0.71125771  0.76546180  0.82393122  0.74330368  0.88739505  0.69063635  0.81186364  0.76546180  0.86135584  0.58643414  0.72178695  0.73246747  0.67057161  0.72178695  0.78830073  0.82393122  0.79998883  0.78830073  0.83619794  0.82393122  0.82393122  0.72178695  0.71125771  0.72178695  0.74330368  0.81186364  0.81186364  0.78830073  0.79998883  0.77679356  0.75430018  0.75430018  0.71125771  
25_0_0     0.61343555  0.56896312  0.54350315  0.48728284  0.56037921  0.48728284  0.50291666  0.58643414  0.00000000  0.01214689  0.01214689  0.73246747  0.79998883  0.74330368  0.76546180  0.69063635  0.70087553  0.73246747  0.66073874  0.63199721  0.65103423  0.64145478  0.61343555  0.66073874  0.62265844  0.62265844  0.63199721  0.62265844  0.62265844  0.62265844  0.72178695  0.70087553  0.71125771  0.71125771  0.67057161  0.67057161  0.67057161  0.68053628  0.84867047  0.75430018  0.70087553  0.69063635  0.78830073  0.73246747  0.71125771  0.75430018  0.73246747  0.72178695  0.71125771  0.82393122  0.79998883  0.90076487  0.76546180  0.91437957  0.94238063  0.84867047  0.66073874  0.66073874  0.68053628  1.17500658  1.11866718  1.17500658  1.19477692  1.19477692  1.17500658  1.11866718  1.10079787  1.01737733  0.98646496  0.94238063  0.87426144  0.90076487  1.00176048  1.08334804  0.97147782  0.90076487  0.84867047  0.81186364  0.81186364  0.94238063  0.95678687  0.86135584  0.82393122  0.94238063  0.94238063  0.91437957  0.98646496  0.94238063  0.94238063  0.92824827  0.94238063  0.87426144  0.95678687  0.92824827  0.94238063  0.92824827  0.94238063  1.03332931  0.95678687  1.00176048  0.98646496  
12_0_0     0.60432567  0.56037921  0.53520664  0.49505865  0.53520664  0.46443181  0.47958752  0.57764731  0.01214689  0.00000000  0.00000000  0.70087553  0.76546180  0.71125771  0.73246747  0.66073874  0.67057161  0.70087553  0.65103423  0.62265844  0.64145478  0.63199721  0.60432567  0.65103423  0.64145478  0.64145478  0.65103423  0.64145478  0.64145478  0.64145478  0.71125771  0.69063635  0.70087553  0.69063635  0.65103423  0.67057161  0.67057161  0.66073874  0.84867047  0.75430018  0.70087553  0.69063635  0.78830073  0.73246747  0.71125771  0.75430018  0.73246747  0.72178695  0.73246747  0.82393122  0.77679356  0.87426144  0.74330368  0.88739505  0.91437957  0.84867047  0.68053628  0.68053628  0.70087553  1.17500658  1.15574843  1.21508745  1.19477692  1.23596852  1.17500658  1.11866718  1.13697662  1.04963112  1.01737733  0.97147782  0.84867047  0.87426144  1.00176048  1.04963112  0.94238063  0.87426144  0.82393122  0.83619794  0.83619794  0.94238063  0.95678687  0.83619794  0.84867047  0.94238063  0.94238063  0.91437957  0.98646496  0.94238063  0.94238063  0.92824827  0.94238063  0.87426144  0.98646496  0.92824827  0.94238063  0.92824827  0.94238063  1.00176048  0.98646496  1.03332931  1.01737733  
31_0_0     0.60432567  0.56037921  0.53520664  0.49505865  0.53520664  0.46443181  0.47958752  0.57764731  0.01214689  0.00000000  0.00000000  0.70087553  0.76546180  0.71125771  0.73246747  0.66073874  0.67057161  0.70087553  0.65103423  0.62265844  0.64145478  0.63199721  0.60432567  0.65103423  0.64145478  0.64145478  0.65103423  0.64145478  0.64145478  0.64145478  0.71125771  0.69063635  0.70087553  0.69063635  0.65103423  0.67057161  0.67057161  0.66073874  0.84867047  0.75430018  0.70087553  0.69063635  0.78830073  0.73246747  0.71125771  0.75430018  0.73246747  0.72178695  0.73246747  0.82393122  0.77679356  0.87426144  0.74330368  0.88739505  0.91437957  0.84867047  0.68053628  0.68053628  0.70087553  1.17500658  1.15574843  1.21508745  1.19477692  1.23596852  1.17500658  1.11866718  1.13697662  1.04963112  1.01737733  0.97147782  0.84867047  0.87426144  1.00176048  1.04963112  0.94238063  0.87426144  0.82393122  0.83619794  0.83619794  0.94238063  0.95678687  0.83619794  0.84867047  0.94238063  0.94238063  0.91437957  0.98646496  0.94238063  0.94238063  0.92824827  0.94238063  0.87426144  0.98646496  0.92824827  0.94238063  0.92824827  0.94238063  1.00176048  0.98646496  1.03332931  1.01737733  
10_0_0     0.50291666  0.53520664  0.52700171  0.54350315  0.53520664  0.53520664  0.54350315  0.65103423  0.73246747  0.70087553  0.70087553  0.00000000  0.05846482  0.13144765  0.04982588  0.40672193  0.42784162  0.56037921  0.55189329  0.57764731  0.52700171  0.51085862  0.56037921  0.57764731  0.54350315  0.56037921  0.55189329  0.53520664  0.53520664  0.52700171  0.60432567  0.57764731  0.57764731  0.57764731  0.56037921  0.55189329  0.53520664  0.56037921  0.76546180  0.76546180  0.73246747  0.63199721  0.63199721  0.72178695  0.76546180  0.70087553  0.64145478  0.62265844  0.71125771  0.83619794  0.79998883  0.76546180  0.73246747  0.69063635  0.72178695  0.77679356  0.57764731  0.61343555  0.62265844  1.03332931  0.98646496  1.01737733  0.91437957  0.92824827  0.94238063  0.95678687  0.90076487  0.84867047  0.86135584  0.91437957  0.76546180  0.79998883  0.71125771  0.83619794  0.74330368  0.71125771  0.70087553  0.83619794  0.78830073  0.74330368  0.79998883  0.86135584  0.83619794  0.81186364  0.83619794  0.78830073  0.79998883  0.81186364  0.81186364  0.76546180  0.74330368  0.73246747  0.72178695  0.75430018  0.76546180  0.76546180  0.76546180  0.75430018  0.72178695  0.70087553  0.67057161  
13_0_0     0.51085862  0.55189329  0.56037921  0.52700171  0.52700171  0.51888634  0.52700171  0.63199721  0.79998883  0.76546180  0.76546180  0.05846482  0.00000000  0.06720534  0.04982588  0.38618570  0.40672193  0.54350315  0.55189329  0.55189329  0.53520664  0.51888634  0.56896312  0.57764731  0.51888634  0.55189329  0.56037921  0.52700171  0.52700171  0.51888634  0.59532608  0.60432567  0.56896312  0.59532608  0.57764731  0.57764731  0.56037921  0.56037921  0.78830073  0.78830073  0.75430018  0.69063635  0.67057161  0.73246747  0.77679356  0.70087553  0.67057161  0.61343555  0.71125771  0.86135584  0.77679356  0.78830073  0.75430018  0.73246747  0.76546180  0.81186364  0.58643414  0.63199721  0.64145478  1.10079787  1.13697662  1.11866718  0.95678687  1.01737733  0.98646496  0.97147782  0.87426144  0.81186364  0.82393122  0.87426144  0.78830073  0.81186364  0.77679356  0.84867047  0.71125771  0.72178695  0.76546180  0.81186364  0.77679356  0.75430018  0.81186364  0.86135584  0.88739505  0.82393122  0.84867047  0.81186364  0.82393122  0.83619794  0.83619794  0.78830073  0.76546180  0.75430018  0.69063635  0.77679356  0.78830073  0.78830073  0.78830073  0.76546180  0.75430018  0.75430018  0.71125771  
5_0_0      0.51888634  0.54350315  0.55189329  0.53520664  0.53520664  0.51085862  0.51888634  0.60432567  0.74330368  0.71125771  0.71125771  0.13144765  0.06720534  0.00000000  0.12192323  0.35317118  0.37280344  0.56037921  0.60432567  0.55189329  0.53520664  0.53520664  0.56037921  0.55189329  0.49505865  0.51085862  0.51888634  0.50291666  0.50291666  0.49505865  0.56896312  0.58643414  0.56896312  0.56037921  0.54350315  0.55189329  0.57764731  0.52700171  0.76546180  0.77679356  0.76546180  0.67057161  0.66073874  0.70087553  0.77679356  0.70087553  0.64145478  0.61343555  0.72178695  0.87426144  0.79998883  0.81186364  0.72178695  0.76546180  0.77679356  0.82393122  0.60432567  0.67057161  0.68053628  1.08334804  1.11866718  1.10079787  0.92824827  1.01737733  0.98646496  0.94238063  0.95678687  0.83619794  0.84867047  0.87426144  0.86135584  0.83619794  0.86135584  0.90076487  0.74330368  0.76546180  0.82393122  0.75430018  0.78830073  0.79998883  0.83619794  0.86135584  0.88739505  0.81186364  0.83619794  0.82393122  0.82393122  0.83619794  0.83619794  0.86135584  0.83619794  0.79998883  0.69063635  0.78830073  0.79998883  0.79998883  0.79998883  0.77679356  0.81186364  0.81186364  0.76546180  
1_0_0      0.47197104  0.51085862  0.51888634  0.53520664  0.52700171  0.52700171  0.53520664  0.60432567  0.76546180  0.73246747  0.73246747  0.04982588  0.04982588  0.12192323  0.00000000  0.40672193  0.42784162  0.58643414  0.57764731  0.57764731  0.54350315  0.52700171  0.56037921  0.56896312  0.56037921  0.57764731  0.56896312  0.55189329  0.55189329  0.54350315  0.66073874  0.61343555  0.56037921  0.57764731  0.56896312  0.55189329  0.53520664  0.58643414  0.81186364  0.78830073  0.73246747  0.66073874  0.66073874  0.72178695  0.76546180  0.69063635  0.66073874  0.60432567  0.72178695  0.79998883  0.76546180  0.77679356  0.77679356  0.71125771  0.74330368  0.78830073  0.59532608  0.64145478  0.63199721  1.08334804  1.08334804  1.06629844  0.95678687  1.00176048  1.01737733  1.03332931  0.86135584  0.84867047  0.86135584  0.91437957  0.75430018  0.77679356  0.76546180  0.81186364  0.72178695  0.69063635  0.71125771  0.81186364  0.79998883  0.75430018  0.76546180  0.78830073  0.78830073  0.81186364  0.82393122  0.74330368  0.75430018  0.76546180  0.76546180  0.76546180  0.74330368  0.73246747  0.73246747  0.78830073  0.79998883  0.79998883  0.79998883  0.77679356  0.74330368  0.71125771  0.69063635  
27_0_0     0.43501700  0.44226231  0.47197104  0.41369537  0.40672193  0.35965783  0.38618570  0.52700171  0.69063635  0.66073874  0.66073874  0.40672193  0.38618570  0.35317118  0.40672193  0.00000000  0.02035651  0.56037921  0.55189329  0.44226231  0.47197104  0.47197104  0.48728284  0.50291666  0.47197104  0.45696827  0.46443181  0.45696827  0.45696827  0.47197104  0.47197104  0.51085862  0.47958752  0.55189329  0.55189329  0.52700171  0.54350315  0.49505865  0.69063635  0.66073874  0.70087553  0.64145478  0.60432567  0.65103423  0.58643414  0.65103423  0.63199721  0.61343555  0.61343555  0.76546180  0.71125771  0.70087553  0.72178695  0.66073874  0.65103423  0.75430018  0.60432567  0.67057161  0.63199721  1.00176048  1.06629844  0.98646496  0.94238063  0.92824827  0.98646496  0.94238063  0.87426144  0.84867047  0.87426144  0.92824827  0.87426144  0.84867047  0.84867047  0.94238063  0.82393122  0.81186364  0.82393122  0.62265844  0.65103423  0.74330368  0.82393122  0.81186364  0.83619794  0.79998883  0.78830073  0.70087553  0.68053628  0.69063635  0.69063635  0.66073874  0.67057161  0.65103423  0.71125771  0.71125771  0.73246747  0.72178695  0.72178695  0.78830073  0.78830073  0.79998883  0.77679356  
16_0_0     0.42784162  0.43501700  0.46443181  0.40672193  0.39981329  0.36620158  0.39296827  0.53520664  0.70087553  0.67057161  0.67057161  0.42784162  0.40672193  0.37280344  0.42784162  0.02035651  0.00000000  0.55189329  0.52700171  0.42073485  0.44957893  0.44957893  0.46443181  0.47958752  0.45696827  0.44226231  0.44957893  0.44226231  0.44226231  0.45696827  0.47958752  0.50291666  0.45696827  0.54350315  0.54350315  0.50291666  0.53520664  0.48728284  0.71125771  0.66073874  0.68053628  0.64145478  0.64145478  0.65103423  0.60432567  0.63199721  0.63199721  0.59532608  0.61343555  0.81186364  0.69063635  0.72178695  0.72178695  0.69063635  0.68053628  0.79998883  0.64145478  0.69063635  0.65103423  1.03332931  1.10079787  1.01737733  0.94238063  0.92824827  0.95678687  0.94238063  0.90076487  0.84867047  0.87426144  0.92824827  0.90076487  0.82393122  0.84867047  0.97147782  0.84867047  0.83619794  0.84867047  0.61343555  0.66073874  0.76546180  0.82393122  0.78830073  0.81186364  0.79998883  0.78830073  0.71125771  0.70087553  0.71125771  0.71125771  0.68053628  0.69063635  0.65103423  0.71125771  0.73246747  0.75430018  0.74330368  0.74330368  0.79998883  0.79998883  0.82393122  0.79998883  
30_0_0     0.56037921  0.55189329  0.55189329  0.54350315  0.55189329  0.51888634  0.52700171  0.57764731  0.73246747  0.70087553  0.70087553  0.56037921  0.54350315  0.56037921  0.58643414  0.56037921  0.55189329  0.00000000  0.37946446  0.37280344  0.41369537  0.38618570  0.38618570  0.36620158  0.34036525  0.33404408  0.34036525  0.34036525  0.34036525  0.34036525  0.35317118  0.35965783  0.41369537  0.42073485  0.38618570  0.42073485  0.38618570  0.36620158  0.82393122  0.75430018  0.76546180  0.76546180  0.74330368  0.73246747  0.76546180  0.75430018  0.79998883  0.74330368  0.68053628  0.82393122  0.66073874  0.69063635  0.72178695  0.79998883  0.76546180  0.82393122  0.70087553  0.72178695  0.77679356  1.08334804  1.11866718  1.13697662  0.91437957  0.92824827  0.90076487  0.88739505  1.10079787  0.94238063  0.98646496  0.92824827  0.90076487  0.84867047  0.88739505  0.91437957  0.90076487  0.87426144  0.92824827  0.70087553  0.79998883  0.94238063  0.88739505  0.92824827  0.95678687  1.01737733  1.01737733  0.94238063  0.92824827  0.97147782  0.97147782  0.79998883  0.81186364  0.76546180  0.74330368  0.86135584  0.86135584  0.83619794  0.84867047  0.90076487  0.82393122  0.86135584  0.81186364  
18_0_0     0.48728284  0.51085862  0.49505865  0.45696827  0.51888634  0.44226231  0.46443181  0.56037921  0.66073874  0.65103423  0.65103423  0.55189329  0.55189329  0.60432567  0.57764731  0.55189329  0.52700171  0.37946446  0.00000000  0.14109569  0.14109569  0.12192323  0.10786156  0.13625602  0.15087059  0.17081465  0.17588541  0.17588541  0.17588541  0.18099099  0.30322016  0.22859134  0.17588541  0.35965783  0.31539679  0.39296827  0.35317118  0.35965783  0.74330368  0.70087553  0.75430018  0.66073874  0.69063635  0.67057161  0.66073874  0.62265844  0.68053628  0.65103423  0.68053628  0.66073874  0.64145478  0.68053628  0.78830073  0.72178695  0.75430018  0.75430018  0.60432567  0.57764731  0.59532608  0.92824827  0.90076487  0.90076487  0.90076487  0.94238063  0.87426144  0.91437957  0.90076487  0.98646496  0.97147782  0.92824827  0.90076487  0.92824827  0.87426144  0.94238063  0.82393122  0.83619794  0.83619794  0.70087553  0.71125771  0.81186364  0.83619794  0.84867047  0.86135584  0.90076487  0.90076487  0.92824827  0.97147782  0.98646496  0.98646496  0.79998883  0.76546180  0.74330368  0.72178695  0.74330368  0.74330368  0.72178695  0.73246747  0.75430018  0.78830073  0.75430018  0.72178695  
2_0_0      0.47197104  0.44957893  0.46443181  0.39981329  0.50291666  0.40672193  0.40672193  0.51085862  0.63199721  0.62265844  0.62265844  0.57764731  0.55189329  0.55189329  0.57764731  0.44226231  0.42073485  0.37280344  0.14109569  0.00000000  0.06720534  0.04982588  0.08951710  0.12667019  0.14109569  0.14109569  0.14596707  0.14596707  0.14596707  0.14109569  0.28532122  0.21238352  0.15087059  0.32156073  0.30322016  0.37946446  0.35317118  0.29720583  0.73246747  0.74330368  0.79998883  0.69063635  0.70087553  0.72178695  0.69063635  0.63199721  0.73246747  0.70087553  0.65103423  0.71125771  0.66073874  0.66073874  0.81186364  0.74330368  0.71125771  0.83619794  0.72178695  0.65103423  0.66073874  1.11866718  1.08334804  1.08334804  0.91437957  1.00176048  0.95678687  0.94238063  0.90076487  0.88739505  0.90076487  0.95678687  0.90076487  0.87426144  0.84867047  0.91437957  0.84867047  0.88739505  0.90076487  0.72178695  0.74330368  0.88739505  0.82393122  0.88739505  0.82393122  0.88739505  0.88739505  0.84867047  0.88739505  0.90076487  0.90076487  0.76546180  0.73246747  0.73246747  0.75430018  0.77679356  0.77679356  0.75430018  0.76546180  0.84867047  0.83619794  0.81186364  0.77679356  
11_0_0     0.47197104  0.46443181  0.47958752  0.41369537  0.48728284  0.43501700  0.42784162  0.50291666  0.65103423  0.64145478  0.64145478  0.52700171  0.53520664  0.53520664  0.54350315  0.47197104  0.44957893  0.41369537  0.14109569  0.06720534  0.00000000  0.01624037  0.08951710  0.10786156  0.14596707  0.16577825  0.17081465  0.16077574  0.16077574  0.15087059  0.30928355  0.20705851  0.14596707  0.34674064  0.31539679  0.34674064  0.34036525  0.33404408  0.75430018  0.76546180  0.82393122  0.67057161  0.72178695  0.70087553  0.73246747  0.63199721  0.73246747  0.71125771  0.65103423  0.75430018  0.64145478  0.70087553  0.76546180  0.78830073  0.75430018  0.83619794  0.70087553  0.63199721  0.64145478  1.10079787  1.03332931  1.06629844  0.94238063  0.98646496  0.97147782  0.98646496  0.92824827  0.94238063  0.95678687  1.01737733  0.87426144  0.84867047  0.86135584  0.88739505  0.82393122  0.83619794  0.90076487  0.73246747  0.74330368  0.82393122  0.79998883  0.88739505  0.82393122  0.88739505  0.88739505  0.84867047  0.86135584  0.87426144  0.87426144  0.82393122  0.78830073  0.78830073  0.81186364  0.81186364  0.81186364  0.78830073  0.79998883  0.83619794  0.82393122  0.77679356  0.74330368  
37_0_0     0.49505865  0.48728284  0.50291666  0.43501700  0.51085862  0.44226231  0.43501700  0.49505865  0.64145478  0.63199721  0.63199721  0.51085862  0.51888634  0.53520664  0.52700171  0.47197104  0.44957893  0.38618570  0.12192323  0.04982588  0.01624037  0.00000000  0.07161444  0.08951710  0.13625602  0.14596707  0.15087059  0.14109569  0.14109569  0.13625602  0.30322016  0.18613188  0.13625602  0.33404408  0.30322016  0.35965783  0.34036525  0.30928355  0.78830073  0.77679356  0.83619794  0.68053628  0.73246747  0.73246747  0.72178695  0.64145478  0.74330368  0.71125771  0.66073874  0.74330368  0.65103423  0.67057161  0.79998883  0.77679356  0.74330368  0.81186364  0.71125771  0.64145478  0.65103423  1.06629844  1.00176048  1.03332931  0.90076487  0.97147782  0.92824827  0.94238063  0.94238063  0.92824827  0.94238063  1.00176048  0.88739505  0.86135584  0.84867047  0.92824827  0.83619794  0.84867047  0.91437957  0.74330368  0.75430018  0.83619794  0.82393122  0.88739505  0.82393122  0.88739505  0.88739505  0.84867047  0.88739505  0.90076487  0.90076487  0.79998883  0.76546180  0.76546180  0.78830073  0.78830073  0.78830073  0.76546180  0.77679356  0.81186364  0.79998883  0.77679356  0.74330368  
34_0_0     0.48728284  0.48728284  0.48728284  0.44226231  0.50291666  0.42784162  0.43501700  0.50291666  0.61343555  0.60432567  0.60432567  0.56037921  0.56896312  0.56037921  0.56037921  0.48728284  0.46443181  0.38618570  0.10786156  0.08951710  0.08951710  0.07161444  0.00000000  0.04982588  0.13144765  0.13144765  0.13625602  0.11720639  0.11720639  0.15087059  0.28532122  0.22314937  0.17081465  0.32156073  0.29123978  0.37946446  0.34036525  0.32156073  0.73246747  0.68053628  0.73246747  0.58643414  0.63199721  0.63199721  0.62265844  0.58643414  0.66073874  0.61343555  0.66073874  0.66073874  0.73246747  0.71125771  0.76546180  0.73246747  0.70087553  0.79998883  0.66073874  0.59532608  0.61343555  1.03332931  1.00176048  1.00176048  0.95678687  0.98646496  0.94238063  0.95678687  1.01737733  1.03332931  1.04963112  1.01737733  0.90076487  0.92824827  0.87426144  0.94238063  0.79998883  0.83619794  0.88739505  0.72178695  0.73246747  0.81186364  0.77679356  0.78830073  0.79998883  0.86135584  0.86135584  0.87426144  0.91437957  0.92824827  0.92824827  0.74330368  0.73246747  0.73246747  0.71125771  0.77679356  0.77679356  0.75430018  0.76546180  0.76546180  0.82393122  0.79998883  0.78830073  
28_0_0     0.48728284  0.47197104  0.48728284  0.46443181  0.51085862  0.43501700  0.44226231  0.51085862  0.66073874  0.65103423  0.65103423  0.57764731  0.57764731  0.55189329  0.56896312  0.50291666  0.47958752  0.36620158  0.13625602  0.12667019  0.10786156  0.08951710  0.04982588  0.00000000  0.14109569  0.14109569  0.14596707  0.12667019  0.12667019  0.14109569  0.29720583  0.24516041  0.18099099  0.31539679  0.28532122  0.35965783  0.34674064  0.31539679  0.75430018  0.68053628  0.73246747  0.60432567  0.61343555  0.68053628  0.71125771  0.66073874  0.70087553  0.67057161  0.68053628  0.72178695  0.74330368  0.68053628  0.73246747  0.77679356  0.73246747  0.82393122  0.70087553  0.65103423  0.67057161  0.97147782  0.97147782  0.97147782  0.94238063  0.95678687  0.97147782  0.98646496  1.00176048  1.08334804  1.10079787  1.00176048  0.88739505  0.91437957  0.94238063  0.90076487  0.81186364  0.77679356  0.90076487  0.72178695  0.73246747  0.78830073  0.79998883  0.79998883  0.77679356  0.86135584  0.86135584  0.90076487  0.94238063  0.95678687  0.95678687  0.78830073  0.77679356  0.75430018  0.73246747  0.77679356  0.77679356  0.75430018  0.76546180  0.78830073  0.82393122  0.79998883  0.76546180  
33_0_0     0.45696827  0.46443181  0.47958752  0.39981329  0.48728284  0.40672193  0.42073485  0.48728284  0.62265844  0.64145478  0.64145478  0.54350315  0.51888634  0.49505865  0.56037921  0.47197104  0.45696827  0.34036525  0.15087059  0.14109569  0.14596707  0.13625602  0.13144765  0.14109569  0.00000000  0.04982588  0.05413281  0.04554377  0.04554377  0.06720534  0.24516041  0.21238352  0.15087059  0.34674064  0.32156073  0.34036525  0.31539679  0.32156073  0.76546180  0.73246747  0.75430018  0.65103423  0.70087553  0.61343555  0.65103423  0.55189329  0.63199721  0.58643414  0.60432567  0.66073874  0.64145478  0.65103423  0.78830073  0.76546180  0.76546180  0.75430018  0.62265844  0.57764731  0.59532608  0.91437957  0.94238063  0.88739505  0.94238063  0.90076487  0.91437957  0.95678687  0.87426144  0.82393122  0.83619794  0.81186364  0.81186364  0.78830073  0.78830073  0.79998883  0.71125771  0.77679356  0.82393122  0.66073874  0.70087553  0.75430018  0.73246747  0.79998883  0.78830073  0.83619794  0.83619794  0.79998883  0.81186364  0.82393122  0.82393122  0.77679356  0.76546180  0.72178695  0.64145478  0.73246747  0.71125771  0.71125771  0.72178695  0.82393122  0.83619794  0.84867047  0.78830073  
21_1_0     0.49505865  0.51085862  0.54350315  0.45696827  0.53520664  0.45696827  0.47958752  0.52700171  0.62265844  0.64145478  0.64145478  0.56037921  0.55189329  0.51085862  0.57764731  0.45696827  0.44226231  0.33404408  0.17081465  0.14109569  0.16577825  0.14596707  0.13144765  0.14109569  0.04982588  0.00000000  0.00402695  0.02035651  0.02035651  0.04128618  0.23959625  0.24516041  0.18099099  0.35317118  0.30928355  0.37280344  0.34674064  0.31539679  0.77679356  0.74330368  0.78830073  0.67057161  0.68053628  0.62265844  0.65103423  0.57764731  0.64145478  0.63199721  0.62265844  0.64145478  0.65103423  0.63199721  0.79998883  0.73246747  0.73246747  0.75430018  0.66073874  0.61343555  0.61343555  0.88739505  0.91437957  0.86135584  0.92824827  0.88739505  0.91437957  0.92824827  0.87426144  0.86135584  0.87426144  0.84867047  0.82393122  0.84867047  0.77679356  0.88739505  0.77679356  0.78830073  0.83619794  0.66073874  0.73246747  0.77679356  0.70087553  0.76546180  0.75430018  0.86135584  0.86135584  0.84867047  0.86135584  0.87426144  0.87426144  0.81186364  0.77679356  0.71125771  0.67057161  0.72178695  0.70087553  0.70087553  0.71125771  0.81186364  0.82393122  0.83619794  0.79998883  
17_1_0     0.48728284  0.50291666  0.53520664  0.46443181  0.54350315  0.46443181  0.48728284  0.51888634  0.63199721  0.65103423  0.65103423  0.55189329  0.56037921  0.51888634  0.56896312  0.46443181  0.44957893  0.34036525  0.17588541  0.14596707  0.17081465  0.15087059  0.13625602  0.14596707  0.05413281  0.00402695  0.00000000  0.02449557  0.02449557  0.04554377  0.24516041  0.25076654  0.18613188  0.35965783  0.31539679  0.37946446  0.35317118  0.32156073  0.76546180  0.73246747  0.77679356  0.66073874  0.67057161  0.63199721  0.66073874  0.58643414  0.65103423  0.64145478  0.63199721  0.63199721  0.64145478  0.62265844  0.78830073  0.72178695  0.72178695  0.74330368  0.67057161  0.62265844  0.62265844  0.87426144  0.90076487  0.84867047  0.94238063  0.88739505  0.92824827  0.94238063  0.86135584  0.84867047  0.86135584  0.83619794  0.81186364  0.83619794  0.76546180  0.87426144  0.78830073  0.77679356  0.82393122  0.65103423  0.74330368  0.78830073  0.69063635  0.77679356  0.76546180  0.87426144  0.87426144  0.86135584  0.87426144  0.88739505  0.88739505  0.82393122  0.78830073  0.72178695  0.68053628  0.73246747  0.71125771  0.71125771  0.72178695  0.82393122  0.83619794  0.84867047  0.81186364  
21_0_0     0.47197104  0.49505865  0.52700171  0.44957893  0.52700171  0.44957893  0.45696827  0.50291666  0.62265844  0.64145478  0.64145478  0.53520664  0.52700171  0.50291666  0.55189329  0.45696827  0.44226231  0.34036525  0.17588541  0.14596707  0.16077574  0.14109569  0.11720639  0.12667019  0.04554377  0.02035651  0.02449557  0.00000000  0.00000000  0.04554377  0.25641526  0.23959625  0.18613188  0.35317118  0.33404408  0.37280344  0.34674064  0.32777620  0.75430018  0.72178695  0.76546180  0.65103423  0.66073874  0.63199721  0.66073874  0.58643414  0.65103423  0.62265844  0.61343555  0.67057161  0.68053628  0.64145478  0.77679356  0.73246747  0.73246747  0.76546180  0.64145478  0.59532608  0.59532608  0.90076487  0.92824827  0.87426144  0.90076487  0.88739505  0.88739505  0.90076487  0.88739505  0.86135584  0.87426144  0.82393122  0.82393122  0.82393122  0.77679356  0.86135584  0.75430018  0.76546180  0.83619794  0.67057161  0.73246747  0.78830073  0.71125771  0.75430018  0.74330368  0.84867047  0.84867047  0.83619794  0.84867047  0.86135584  0.86135584  0.77679356  0.76546180  0.70087553  0.66073874  0.71125771  0.69063635  0.69063635  0.70087553  0.84867047  0.83619794  0.84867047  0.78830073  
17_0_0     0.47197104  0.49505865  0.52700171  0.44957893  0.52700171  0.44957893  0.45696827  0.50291666  0.62265844  0.64145478  0.64145478  0.53520664  0.52700171  0.50291666  0.55189329  0.45696827  0.44226231  0.34036525  0.17588541  0.14596707  0.16077574  0.14109569  0.11720639  0.12667019  0.04554377  0.02035651  0.02449557  0.00000000  0.00000000  0.04554377  0.25641526  0.23959625  0.18613188  0.35317118  0.33404408  0.37280344  0.34674064  0.32777620  0.75430018  0.72178695  0.76546180  0.65103423  0.66073874  0.63199721  0.66073874  0.58643414  0.65103423  0.62265844  0.61343555  0.67057161  0.68053628  0.64145478  0.77679356  0.73246747  0.73246747  0.76546180  0.64145478  0.59532608  0.59532608  0.90076487  0.92824827  0.87426144  0.90076487  0.88739505  0.88739505  0.90076487  0.88739505  0.86135584  0.87426144  0.82393122  0.82393122  0.82393122  0.77679356  0.86135584  0.75430018  0.76546180  0.83619794  0.67057161  0.73246747  0.78830073  0.71125771  0.75430018  0.74330368  0.84867047  0.84867047  0.83619794  0.84867047  0.86135584  0.86135584  0.77679356  0.76546180  0.70087553  0.66073874  0.71125771  0.69063635  0.69063635  0.70087553  0.84867047  0.83619794  0.84867047  0.78830073  
14_0_0     0.50291666  0.50291666  0.53520664  0.46443181  0.56037921  0.46443181  0.48728284  0.54350315  0.62265844  0.64145478  0.64145478  0.52700171  0.51888634  0.49505865  0.54350315  0.47197104  0.45696827  0.34036525  0.18099099  0.14109569  0.15087059  0.13625602  0.15087059  0.14109569  0.06720534  0.04128618  0.04554377  0.04554377  0.04554377  0.00000000  0.25641526  0.23407343  0.19130857  0.35965783  0.32777620  0.37280344  0.34674064  0.32156073  0.75430018  0.72178695  0.76546180  0.69063635  0.68053628  0.67057161  0.70087553  0.62265844  0.69063635  0.64145478  0.68053628  0.70087553  0.69063635  0.66073874  0.79998883  0.76546180  0.76546180  0.81186364  0.63199721  0.60432567  0.60432567  0.97147782  1.00176048  0.94238063  0.94238063  0.92824827  0.94238063  0.95678687  0.90076487  0.90076487  0.91437957  0.83619794  0.83619794  0.86135584  0.81186364  0.87426144  0.78830073  0.79998883  0.87426144  0.68053628  0.72178695  0.79998883  0.77679356  0.79998883  0.78830073  0.87426144  0.87426144  0.86135584  0.87426144  0.88739505  0.88739505  0.82393122  0.78830073  0.72178695  0.66073874  0.75430018  0.73246747  0.73246747  0.74330368  0.82393122  0.81186364  0.82393122  0.76546180  
15_0_0     0.47958752  0.49505865  0.51085862  0.42073485  0.42784162  0.45696827  0.42784162  0.57764731  0.72178695  0.71125771  0.71125771  0.60432567  0.59532608  0.56896312  0.66073874  0.47197104  0.47958752  0.35317118  0.30322016  0.28532122  0.30928355  0.30322016  0.28532122  0.29720583  0.24516041  0.23959625  0.24516041  0.25641526  0.25641526  0.25641526  0.00000000  0.31539679  0.29123978  0.39981329  0.36620158  0.43501700  0.39981329  0.37280344  0.72178695  0.77679356  0.82393122  0.72178695  0.71125771  0.65103423  0.73246747  0.69063635  0.70087553  0.67057161  0.70087553  0.77679356  0.72178695  0.65103423  0.82393122  0.71125771  0.71125771  0.79998883  0.70087553  0.71125771  0.71125771  0.95678687  0.98646496  0.95678687  1.11866718  1.03332931  1.04963112  1.06629844  0.91437957  0.95678687  0.97147782  0.92824827  0.94238063  0.95678687  0.86135584  1.03332931  0.86135584  0.86135584  0.84867047  0.72178695  0.87426144  0.91437957  0.94238063  0.91437957  0.91437957  0.90076487  0.94238063  0.92824827  0.91437957  0.92824827  0.92824827  0.84867047  0.83619794  0.83619794  0.68053628  0.76546180  0.74330368  0.76546180  0.75430018  0.84867047  0.86135584  0.82393122  0.81186364  
19_0_0     0.51888634  0.52700171  0.52700171  0.44957893  0.50291666  0.43501700  0.44957893  0.47197104  0.70087553  0.69063635  0.69063635  0.57764731  0.60432567  0.58643414  0.61343555  0.51085862  0.50291666  0.35965783  0.22859134  0.21238352  0.20705851  0.18613188  0.22314937  0.24516041  0.21238352  0.24516041  0.25076654  0.23959625  0.23959625  0.23407343  0.31539679  0.00000000  0.13625602  0.33404408  0.36620158  0.34674064  0.33404408  0.32777620  0.75430018  0.76546180  0.82393122  0.73246747  0.74330368  0.79998883  0.74330368  0.74330368  0.73246747  0.72178695  0.71125771  0.69063635  0.76546180  0.75430018  0.83619794  0.79998883  0.83619794  0.82393122  0.68053628  0.67057161  0.70087553  0.97147782  0.91437957  0.91437957  0.87426144  0.94238063  0.90076487  0.91437957  1.10079787  0.82393122  0.83619794  0.91437957  0.95678687  0.97147782  0.86135584  0.98646496  0.92824827  0.92824827  0.97147782  0.75430018  0.84867047  0.92824827  0.83619794  0.87426144  0.83619794  1.00176048  1.03332931  1.03332931  1.04963112  1.06629844  1.06629844  0.78830073  0.79998883  0.75430018  0.78830073  0.84867047  0.84867047  0.82393122  0.83619794  0.92824827  0.86135584  0.91437957  0.87426144  
