20
15_0_0     0.00000000  0.00594110  0.06815266  0.03638895  0.15779930  0.16517014  0.15779930  0.18013732  0.46237068  0.41926377  0.39862264  0.38851543  0.42980584  0.42980584  0.35900178  0.35900178  0.48491070  0.46237068  0.42980584  0.44050129  
17_0_0     0.00594110  0.00000000  0.06168917  0.03019765  0.16517014  0.17261564  0.16517014  0.17261564  0.45135466  0.40887076  0.40887076  0.39862264  0.41926377  0.41926377  0.36870860  0.36870860  0.47355430  0.45135466  0.44050129  0.45135466  
18_0_0     0.06815266  0.06168917  0.00000000  0.03019765  0.15779930  0.16517014  0.15779930  0.15050164  0.40887076  0.40887076  0.42980584  0.41926377  0.41926377  0.41926377  0.36870860  0.36870860  0.49644530  0.49644530  0.46237068  0.48491070  
14_0_0     0.03638895  0.03019765  0.03019765  0.00000000  0.15050164  0.15779930  0.15050164  0.15779930  0.44050129  0.41926377  0.39862264  0.38851543  0.40887076  0.40887076  0.35900178  0.35900178  0.48491070  0.46237068  0.42980584  0.42980584  
16_0_0     0.15779930  0.16517014  0.15779930  0.15050164  0.00000000  0.11506202  0.12201457  0.13612012  0.40887076  0.46237068  0.40887076  0.39862264  0.39862264  0.39862264  0.37854530  0.37854530  0.49644530  0.47355430  0.40887076  0.50816378  
13_0_0     0.16517014  0.17261564  0.16517014  0.15779930  0.11506202  0.00000000  0.01796933  0.08789129  0.37854530  0.36870860  0.37854530  0.36870860  0.36870860  0.36870860  0.31230207  0.33062750  0.42980584  0.42980584  0.37854530  0.46237068  
19_0_0     0.15779930  0.16517014  0.15779930  0.15050164  0.12201457  0.01796933  0.00000000  0.09459040  0.38851543  0.37854530  0.38851543  0.37854530  0.37854530  0.37854530  0.32140769  0.32140769  0.44050129  0.41926377  0.36870860  0.45135466  
20_0_0     0.18013732  0.17261564  0.15050164  0.15779930  0.13612012  0.08789129  0.09459040  0.00000000  0.35900178  0.40887076  0.40887076  0.39862264  0.38851543  0.38851543  0.36870860  0.36870860  0.46237068  0.46237068  0.37854530  0.53217652  
10_0_0     0.46237068  0.45135466  0.40887076  0.44050129  0.40887076  0.37854530  0.38851543  0.35900178  0.00000000  0.19541560  0.18773677  0.17261564  0.18013732  0.18013732  0.16517014  0.16517014  0.24325340  0.26839276  0.26839276  0.34942148  
5_0_0      0.41926377  0.40887076  0.40887076  0.41926377  0.46237068  0.36870860  0.37854530  0.40887076  0.19541560  0.00000000  0.11506202  0.10817461  0.10135113  0.10135113  0.08125268  0.08125268  0.20317548  0.21101817  0.25153803  0.30330788  
12_0_0     0.39862264  0.40887076  0.42980584  0.39862264  0.40887076  0.37854530  0.38851543  0.40887076  0.18773677  0.11506202  0.00000000  0.01193062  0.09459040  0.09459040  0.09459040  0.09459040  0.18773677  0.19541560  0.21101817  0.27696730  
2_0_0      0.38851543  0.39862264  0.41926377  0.38851543  0.39862264  0.36870860  0.37854530  0.39862264  0.17261564  0.10817461  0.01193062  0.00000000  0.08125268  0.08125268  0.09459040  0.09459040  0.18773677  0.19541560  0.19541560  0.26839276  
11_0_0     0.42980584  0.41926377  0.41926377  0.40887076  0.39862264  0.36870860  0.37854530  0.38851543  0.18013732  0.10135113  0.09459040  0.08125268  0.00000000  0.00000000  0.10135113  0.10135113  0.23506110  0.22695910  0.22695910  0.30330788  
4_0_0      0.42980584  0.41926377  0.41926377  0.40887076  0.39862264  0.36870860  0.37854530  0.38851543  0.18013732  0.10135113  0.09459040  0.08125268  0.00000000  0.00000000  0.10135113  0.10135113  0.23506110  0.22695910  0.22695910  0.30330788  
8_0_0      0.35900178  0.36870860  0.36870860  0.35900178  0.37854530  0.31230207  0.32140769  0.36870860  0.16517014  0.08125268  0.09459040  0.09459040  0.10135113  0.10135113  0.00000000  0.01193062  0.21101817  0.22695910  0.21101817  0.25991709  
1_0_0      0.35900178  0.36870860  0.36870860  0.35900178  0.37854530  0.33062750  0.32140769  0.36870860  0.16517014  0.08125268  0.09459040  0.09459040  0.10135113  0.10135113  0.01193062  0.00000000  0.22695910  0.22695910  0.21101817  0.25153803  
6_0_0      0.48491070  0.47355430  0.49644530  0.48491070  0.49644530  0.42980584  0.44050129  0.46237068  0.24325340  0.20317548  0.18773677  0.18773677  0.23506110  0.23506110  0.21101817  0.22695910  0.00000000  0.04893022  0.08789129  0.28564304  
3_0_0      0.46237068  0.45135466  0.49644530  0.46237068  0.47355430  0.42980584  0.41926377  0.46237068  0.26839276  0.21101817  0.19541560  0.19541560  0.22695910  0.22695910  0.22695910  0.22695910  0.04893022  0.00000000  0.09459040  0.26839276  
9_0_0      0.42980584  0.44050129  0.46237068  0.42980584  0.40887076  0.37854530  0.36870860  0.37854530  0.26839276  0.25153803  0.21101817  0.19541560  0.22695910  0.22695910  0.21101817  0.21101817  0.08789129  0.09459040  0.00000000  0.28564304  
7_0_0      0.44050129  0.45135466  0.48491070  0.42980584  0.50816378  0.46237068  0.45135466  0.53217652  0.34942148  0.30330788  0.27696730  0.26839276  0.30330788  0.30330788  0.25991709  0.25153803  0.28564304  0.26839276  0.28564304  0.00000000  

