20
5_0_0      0.00000000  0.02719236  0.02153422  0.02163240  0.07907284  0.07331352  0.28614784  0.26860293  0.26860293  0.33102379  0.35490644  0.35490644  0.22834363  0.31743398  0.33889851  0.20017569  0.68116155  0.30268639  0.29359181  0.28466220  
10_0_0     0.02719236  0.00000000  0.02706247  0.02719236  0.08522139  0.07942450  0.29516048  0.27729723  0.27729723  0.32139561  0.33527329  0.33527329  0.25291592  0.30789467  0.32917677  0.19255396  0.63064187  0.29359181  0.28466220  0.27589168  
4_0_0      0.02153422  0.02706247  0.00000000  0.02153422  0.08488140  0.07907284  0.28466220  0.28466220  0.28466220  0.31964329  0.34321579  0.34321579  0.22729546  0.30607728  0.32741641  0.19161694  0.65893716  0.28614784  0.27729723  0.26860293  
12_0_0     0.02163240  0.02719236  0.02153422  0.00000000  0.09144769  0.08561230  0.28614784  0.26860293  0.26860293  0.33102379  0.34499200  0.34499200  0.24458814  0.33708569  0.31964329  0.21578254  0.64691248  0.30268639  0.29359181  0.28466220  
11_0_0     0.07907284  0.08522139  0.08488140  0.09144769  0.00000000  0.01606737  0.27877939  0.26138700  0.26138700  0.32323275  0.36710060  0.36710060  0.21943416  0.27000639  0.29962088  0.21261804  0.56713132  0.29210288  0.28325478  0.27456291  
17_0_0     0.07331352  0.07942450  0.07907284  0.08561230  0.01606737  0.00000000  0.28033803  0.26278818  0.26278818  0.32515477  0.36927155  0.36927155  0.22834363  0.26278818  0.27456291  0.19824695  0.58482727  0.30268639  0.29359181  0.28466220  
7_0_0      0.28614784  0.29516048  0.28466220  0.28614784  0.27877939  0.28033803  0.00000000  0.03281582  0.03281582  0.06160267  0.09106796  0.07877161  0.31195213  0.34287827  0.35124583  0.31369636  0.75776008  0.30871280  0.31797579  0.32741641  
9_0_0      0.26860293  0.27729723  0.28466220  0.26860293  0.26138700  0.26278818  0.03281582  0.00000000  0.00000000  0.07367641  0.10367933  0.10367933  0.33102379  0.38469008  0.39214754  0.33295753  0.82420844  0.36710060  0.37754241  0.36710060  
13_0_0     0.26860293  0.27729723  0.28466220  0.26860293  0.26138700  0.26278818  0.03281582  0.00000000  0.00000000  0.07367641  0.10367933  0.10367933  0.33102379  0.38469008  0.39214754  0.33295753  0.82420844  0.36710060  0.37754241  0.36710060  
19_0_0     0.33102379  0.32139561  0.31964329  0.33102379  0.32323275  0.32515477  0.06160267  0.07367641  0.07367641  0.00000000  0.04943179  0.04943179  0.31964329  0.33102379  0.34955444  0.32139561  0.75116354  0.34499200  0.35490644  0.36502465  
8_0_0      0.35490644  0.33527329  0.34321579  0.34499200  0.36710060  0.36927155  0.09106796  0.10367933  0.10367933  0.04943179  0.00000000  0.01069739  0.34321579  0.37535518  0.37417392  0.34499200  0.77273288  0.36937586  0.37959410  0.39002893  
18_0_0     0.35490644  0.33527329  0.34321579  0.34499200  0.36710060  0.36927155  0.07877161  0.10367933  0.10367933  0.04943179  0.01069739  0.00000000  0.34321579  0.35490644  0.35455930  0.34499200  0.73299612  0.34955444  0.35936540  0.36937586  
15_0_0     0.22834363  0.25291592  0.22729546  0.24458814  0.21943416  0.22834363  0.31195213  0.33102379  0.33102379  0.31964329  0.34321579  0.34321579  0.00000000  0.11717156  0.19161694  0.16824771  0.70130939  0.24937174  0.25762640  0.26602182  
14_0_0     0.31743398  0.30789467  0.30607728  0.33708569  0.27000639  0.26278818  0.34287827  0.38469008  0.38469008  0.33102379  0.37535518  0.35490644  0.11717156  0.00000000  0.16319490  0.16182227  0.67116023  0.30268639  0.31195213  0.32139561  
6_0_0      0.33889851  0.32917677  0.32741641  0.31964329  0.29962088  0.27456291  0.35124583  0.39214754  0.39214754  0.34955444  0.37417392  0.35455930  0.19161694  0.16319490  0.00000000  0.20868598  0.63798063  0.30323421  0.31215615  0.32124277  
16_0_0     0.20017569  0.19255396  0.19161694  0.21578254  0.21261804  0.19824695  0.31369636  0.33295753  0.33295753  0.32139561  0.34499200  0.34499200  0.16824771  0.16182227  0.20868598  0.00000000  0.66373925  0.22631649  0.21851843  0.22631649  
20_0_0     0.68116155  0.63064187  0.65893716  0.64691248  0.56713132  0.58482727  0.75776008  0.82420844  0.82420844  0.75116354  0.77273288  0.73299612  0.70130939  0.67116023  0.63798063  0.66373925  0.00000000  0.55977717  0.55977717  0.55977717  
1_0_0      0.30268639  0.29359181  0.28614784  0.30268639  0.29210288  0.30268639  0.30871280  0.36710060  0.36710060  0.34499200  0.36937586  0.34955444  0.24937174  0.30268639  0.30323421  0.22631649  0.55977717  0.00000000  0.00531964  0.01069739  
3_0_0      0.29359181  0.28466220  0.27729723  0.29359181  0.28325478  0.29359181  0.31797579  0.37754241  0.37754241  0.35490644  0.37959410  0.35936540  0.25762640  0.31195213  0.31215615  0.21851843  0.55977717  0.00531964  0.00000000  0.00531964  
2_0_0      0.28466220  0.27589168  0.26860293  0.28466220  0.27456291  0.28466220  0.32741641  0.36710060  0.36710060  0.36502465  0.39002893  0.36937586  0.26602182  0.32139561  0.32124277  0.22631649  0.55977717  0.01069739  0.00531964  0.00000000  

