20
5_0_0      0.00000000  0.03830398  0.03265017  0.03265017  0.07905397  0.08519894  0.39381906  0.37278819  0.37278819  0.38110633  0.37911848  0.36072854  0.27606153  0.33254807  0.27276039  0.21561808  0.64425366  0.40710219  0.41833476  0.41578468  
10_0_0     0.03830398  0.00000000  0.01613348  0.01613348  0.09730507  0.10364665  0.44782424  0.42456984  0.42456984  0.41100161  0.40876784  0.41100161  0.27437408  0.33063208  0.30753510  0.20671707  0.64030801  0.37278819  0.38319178  0.38110633  
4_0_0      0.03265017  0.01613348  0.00000000  0.00000000  0.10364665  0.11007065  0.45987500  0.43606029  0.43606029  0.44508401  0.41974474  0.42210332  0.30186343  0.36060526  0.30753510  0.19904920  0.64030801  0.38319178  0.39381906  0.39161919  
12_0_0     0.03265017  0.01613348  0.00000000  0.00000000  0.10364665  0.11007065  0.45987500  0.43606029  0.43606029  0.44508401  0.41974474  0.42210332  0.30186343  0.36060526  0.30753510  0.19904920  0.64030801  0.38319178  0.39381906  0.39161919  
11_0_0     0.07905397  0.09730507  0.10364665  0.10364665  0.00000000  0.00531953  0.34838193  0.31929459  0.31929459  0.32705611  0.37485935  0.34644219  0.26882644  0.30573434  0.28336839  0.19342088  0.65619336  0.38164729  0.39251404  0.39003575  
17_0_0     0.08519894  0.10364665  0.11007065  0.11007065  0.00531953  0.00000000  0.35847094  0.32880144  0.32880144  0.33665412  0.38537499  0.35642802  0.27782279  0.31515399  0.27437408  0.20109023  0.64030801  0.39251404  0.40362507  0.40102176  
7_0_0      0.39381906  0.44782424  0.45987500  0.45987500  0.34838193  0.35847094  0.00000000  0.01613348  0.01613348  0.04402322  0.09819209  0.08602547  0.40710219  0.45156639  0.40236050  0.38319178  0.80708881  0.60812556  0.62430658  0.61952377  
9_0_0      0.37278819  0.42456984  0.43606029  0.43606029  0.31929459  0.32880144  0.01613348  0.00000000  0.00000000  0.03830398  0.10461713  0.07980217  0.40710219  0.42859235  0.38110633  0.38319178  0.78745668  0.59245750  0.60812556  0.60360656  
13_0_0     0.37278819  0.42456984  0.43606029  0.43606029  0.31929459  0.32880144  0.01613348  0.00000000  0.00000000  0.03830398  0.10461713  0.07980217  0.40710219  0.42859235  0.38110633  0.38319178  0.78745668  0.59245750  0.60812556  0.60360656  
19_0_0     0.38110633  0.41100161  0.44508401  0.44508401  0.32705611  0.33665412  0.04402322  0.03830398  0.03830398  0.00000000  0.08519894  0.04959380  0.40467986  0.42632396  0.41100161  0.37081243  0.76418038  0.65298372  0.67060330  0.66512867  
8_0_0      0.37911848  0.40876784  0.41974474  0.41974474  0.37485935  0.38537499  0.09819209  0.10461713  0.10461713  0.08519894  0.00000000  0.04402322  0.42456984  0.45822841  0.43097096  0.42210332  0.76005484  0.61492536  0.63109978  0.62641918  
18_0_0     0.36072854  0.41100161  0.42210332  0.42210332  0.34644219  0.35642802  0.08602547  0.07980217  0.07980217  0.04959380  0.04402322  0.00000000  0.41578468  0.42632396  0.40014378  0.39161919  0.72909371  0.65298372  0.67060330  0.66512867  
15_0_0     0.27606153  0.27437408  0.30186343  0.30186343  0.26882644  0.27782279  0.40710219  0.40710219  0.40710219  0.40467986  0.42456984  0.41578468  0.00000000  0.17843020  0.17392698  0.23583927  0.85960752  0.33665412  0.34644219  0.34459159  
14_0_0     0.33254807  0.33063208  0.36060526  0.36060526  0.30573434  0.31515399  0.45156639  0.42859235  0.42859235  0.42632396  0.45822841  0.42632396  0.17843020  0.00000000  0.18586871  0.24833333  0.91945986  0.39802943  0.40876784  0.41749375  
6_0_0      0.27276039  0.30753510  0.30753510  0.30753510  0.28336839  0.27437408  0.40236050  0.38110633  0.38110633  0.41100161  0.43097096  0.40014378  0.17392698  0.18586871  0.00000000  0.25290347  0.91822366  0.47539101  0.48822608  0.49789725  
16_0_0     0.21561808  0.20671707  0.19904920  0.19904920  0.19342088  0.20109023  0.38319178  0.38319178  0.38319178  0.37081243  0.42210332  0.39161919  0.23583927  0.24833333  0.25290347  0.00000000  0.74691167  0.36456277  0.37485935  0.37278819  
20_0_0     0.64425366  0.64030801  0.64030801  0.64030801  0.65619336  0.64030801  0.80708881  0.78745668  0.78745668  0.76418038  0.76005484  0.72909371  0.85960752  0.91945986  0.91822366  0.74691167  0.00000000  0.72835321  0.72835321  0.72352619  
1_0_0      0.40710219  0.37278819  0.38319178  0.38319178  0.38164729  0.39251404  0.60812556  0.59245750  0.59245750  0.65298372  0.61492536  0.65298372  0.33665412  0.39802943  0.47539101  0.36456277  0.72835321  0.00000000  0.00531953  0.01066026  
3_0_0      0.41833476  0.38319178  0.39381906  0.39381906  0.39251404  0.40362507  0.62430658  0.60812556  0.60812556  0.67060330  0.63109978  0.67060330  0.34644219  0.40876784  0.48822608  0.37485935  0.72835321  0.00531953  0.00000000  0.00531231  
2_0_0      0.41578468  0.38110633  0.39161919  0.39161919  0.39003575  0.40102176  0.61952377  0.60360656  0.60360656  0.66512867  0.62641918  0.66512867  0.34459159  0.41749375  0.49789725  0.37278819  0.72352619  0.01066026  0.00531231  0.00000000  

