20
5_0_0      0.00000000  0.01613111  0.01613111  0.02162622  0.06155977  0.09136900  0.42585119  0.41458715  0.41458715  0.40357192  0.41458715  0.40357192  0.21317810  0.23823196  0.29426648  0.18166633  0.60019880  0.31863726  0.31863726  0.31863726  
10_0_0     0.01613111  0.00000000  0.00000000  0.00531927  0.05564083  0.08515526  0.43737552  0.42585119  0.42585119  0.41458715  0.42585119  0.41458715  0.22099908  0.24650734  0.28532393  0.18891836  0.63016360  0.32808775  0.32808775  0.32808775  
4_0_0      0.01613111  0.00000000  0.00000000  0.00531927  0.05564083  0.08515526  0.43737552  0.42585119  0.42585119  0.41458715  0.42585119  0.41458715  0.22099908  0.24650734  0.28532393  0.18891836  0.63016360  0.32808775  0.32808775  0.32808775  
12_0_0     0.02162622  0.00531927  0.00531927  0.00000000  0.06155977  0.09136900  0.43737552  0.42585119  0.42585119  0.41458715  0.42585119  0.41458715  0.22099908  0.24650734  0.28532393  0.18891836  0.61495618  0.32808775  0.32808775  0.32808775  
11_0_0     0.06155977  0.05564083  0.05564083  0.06155977  0.00000000  0.02697430  0.44011397  0.42845456  0.42845456  0.44011397  0.45205250  0.44011397  0.22208211  0.23130476  0.25228819  0.20458036  0.61864258  0.33959545  0.33959545  0.33959545  
17_0_0     0.09136900  0.08515526  0.08515526  0.09136900  0.02697430  0.00000000  0.44640465  0.43474596  0.43474596  0.44640465  0.45834243  0.44640465  0.23587323  0.24522599  0.29275232  0.23378530  0.64186533  0.37603101  0.37603101  0.37603101  
7_0_0      0.42585119  0.43737552  0.43737552  0.43737552  0.44011397  0.44640465  0.00000000  0.01069589  0.01069589  0.04958031  0.06188690  0.05593253  0.38658081  0.44592010  0.44917247  0.43737552  0.75417451  0.51274554  0.51274554  0.51274554  
9_0_0      0.41458715  0.42585119  0.42585119  0.42585119  0.42845456  0.43474596  0.01069589  0.00000000  0.00000000  0.06127957  0.06188690  0.05593253  0.37603101  0.43398081  0.43737552  0.42585119  0.75417451  0.52649388  0.52649388  0.52649388  
13_0_0     0.41458715  0.42585119  0.42585119  0.42585119  0.42845456  0.43474596  0.01069589  0.00000000  0.00000000  0.06127957  0.06188690  0.05593253  0.37603101  0.43398081  0.43737552  0.42585119  0.75417451  0.52649388  0.52649388  0.52649388  
19_0_0     0.40357192  0.41458715  0.41458715  0.41458715  0.44011397  0.44640465  0.04958031  0.06127957  0.06127957  0.00000000  0.04383202  0.03814923  0.40837448  0.52426386  0.52649388  0.46125526  0.72718341  0.49936606  0.49936606  0.49936606  
8_0_0      0.41458715  0.42585119  0.42585119  0.42585119  0.45205250  0.45834243  0.06188690  0.06188690  0.06188690  0.04383202  0.00000000  0.00531927  0.44296192  0.53860692  0.57017063  0.47363806  0.71694066  0.47363806  0.47363806  0.47363806  
18_0_0     0.40357192  0.41458715  0.41458715  0.41458715  0.44011397  0.44640465  0.05593253  0.05593253  0.05593253  0.03814923  0.00531927  0.00000000  0.45504548  0.55337473  0.55518265  0.46125526  0.71694066  0.48633617  0.48633617  0.48633617  
15_0_0     0.21317810  0.22099908  0.22099908  0.22099908  0.22208211  0.23587323  0.38658081  0.37603101  0.37603101  0.40837448  0.44296192  0.45504548  0.00000000  0.07361267  0.16451032  0.16161791  0.65375353  0.31264750  0.31264750  0.31264750  
14_0_0     0.23823196  0.24650734  0.24650734  0.24650734  0.23130476  0.24522599  0.44592010  0.43398081  0.43398081  0.52426386  0.53860692  0.55337473  0.07361267  0.00000000  0.11048870  0.21419915  0.65780106  0.32395140  0.32395140  0.32395140  
6_0_0      0.29426648  0.28532393  0.28532393  0.28532393  0.25228819  0.29275232  0.44917247  0.43737552  0.43737552  0.52649388  0.57017063  0.55518265  0.16451032  0.11048870  0.00000000  0.30337231  0.76804713  0.39380234  0.39380234  0.39380234  
16_0_0     0.18166633  0.18891836  0.18891836  0.18891836  0.20458036  0.23378530  0.43737552  0.42585119  0.42585119  0.46125526  0.47363806  0.46125526  0.16161791  0.21419915  0.30337231  0.00000000  0.72194498  0.29131502  0.29131502  0.29131502  
20_0_0     0.60019880  0.63016360  0.63016360  0.61495618  0.61864258  0.64186533  0.75417451  0.75417451  0.75417451  0.72718341  0.71694066  0.71694066  0.65375353  0.65780106  0.76804713  0.72194498  0.00000000  0.72061188  0.72061188  0.72061188  
1_0_0      0.31863726  0.32808775  0.32808775  0.32808775  0.33959545  0.37603101  0.51274554  0.52649388  0.52649388  0.49936606  0.47363806  0.48633617  0.31264750  0.32395140  0.39380234  0.29131502  0.72061188  0.00000000  0.00000000  0.00000000  
3_0_0      0.31863726  0.32808775  0.32808775  0.32808775  0.33959545  0.37603101  0.51274554  0.52649388  0.52649388  0.49936606  0.47363806  0.48633617  0.31264750  0.32395140  0.39380234  0.29131502  0.72061188  0.00000000  0.00000000  0.00000000  
2_0_0      0.31863726  0.32808775  0.32808775  0.32808775  0.33959545  0.37603101  0.51274554  0.52649388  0.52649388  0.49936606  0.47363806  0.48633617  0.31264750  0.32395140  0.39380234  0.29131502  0.72061188  0.00000000  0.00000000  0.00000000  

