20
1_0_0      0.00000000  0.00000000  0.00813526  0.22902264  0.26712708  0.26712708  0.26712708  0.26712708  0.24178624  0.24254236  0.24964271  0.24964271  0.20268162  0.20726072  0.31633200  0.33183431  0.33183431  0.29759691  0.29759691  0.27752522  
3_0_0      0.00000000  0.00000000  0.00813526  0.22902264  0.26712708  0.26712708  0.26712708  0.26712708  0.24178624  0.24254236  0.24964271  0.24964271  0.20268162  0.20726072  0.31633200  0.33183431  0.33183431  0.29759691  0.29759691  0.27752522  
2_0_0      0.00813526  0.00813526  0.00000000  0.24164244  0.25428407  0.25428407  0.25428407  0.25428407  0.24178624  0.25513006  0.24964271  0.24964271  0.20268162  0.20726072  0.30934721  0.32457345  0.32457345  0.29080963  0.29080963  0.27102267  
20_0_0     0.22902264  0.22902264  0.24164244  0.00000000  0.26676653  0.27353227  0.26676653  0.26676653  0.26676653  0.19889477  0.25575339  0.24917313  0.24064698  0.23434005  0.35578684  0.35731382  0.35731382  0.31383208  0.32837602  0.32104719  
5_0_0      0.26712708  0.26712708  0.25428407  0.26676653  0.00000000  0.02911874  0.02484561  0.02484561  0.02484561  0.14748021  0.14813705  0.14272668  0.20637192  0.20042063  0.29661324  0.27102267  0.27102267  0.28505412  0.29179528  0.29661324  
10_0_0     0.26712708  0.26712708  0.25428407  0.27353227  0.02911874  0.00000000  0.00404984  0.00404984  0.02911874  0.13153182  0.11152326  0.13737854  0.18301053  0.20042063  0.27023924  0.27102267  0.27102267  0.29863561  0.29179528  0.32457345  
4_0_0      0.26712708  0.26712708  0.25428407  0.26676653  0.02484561  0.00404984  0.00000000  0.00000000  0.02484561  0.12633497  0.11658059  0.14272668  0.18874177  0.20637192  0.27669384  0.27752522  0.27752522  0.29179528  0.28505412  0.31742422  
12_0_0     0.26712708  0.26712708  0.25428407  0.26676653  0.02484561  0.00404984  0.00000000  0.00000000  0.02484561  0.12633497  0.11658059  0.14272668  0.18874177  0.20637192  0.27669384  0.27752522  0.27752522  0.29179528  0.28505412  0.31742422  
16_0_0     0.24178624  0.24178624  0.24178624  0.26676653  0.02484561  0.02911874  0.02484561  0.02484561  0.00000000  0.13153182  0.13737854  0.13209120  0.18301053  0.17734905  0.27023924  0.25828414  0.25828414  0.27185805  0.26539784  0.29661324  
15_0_0     0.24254236  0.24254236  0.25513006  0.19889477  0.14748021  0.13153182  0.12633497  0.12633497  0.13153182  0.00000000  0.08259242  0.09706228  0.19379955  0.19379955  0.29568470  0.30344727  0.30344727  0.29080963  0.27752522  0.32578229  
14_0_0     0.24964271  0.24964271  0.24964271  0.25575339  0.14813705  0.11152326  0.11658059  0.11658059  0.13737854  0.08259242  0.00000000  0.04622324  0.17734905  0.18874177  0.26387301  0.28411999  0.28411999  0.29179528  0.26539784  0.29179528  
6_0_0      0.24964271  0.24964271  0.24964271  0.24917313  0.14272668  0.13737854  0.14272668  0.14272668  0.13209120  0.09706228  0.04622324  0.00000000  0.21240036  0.20042063  0.27669384  0.28411999  0.28411999  0.27840928  0.27185805  0.29179528  
11_0_0     0.20268162  0.20268162  0.20268162  0.24064698  0.20637192  0.18301053  0.18874177  0.18874177  0.18301053  0.19379955  0.17734905  0.21240036  0.00000000  0.02047463  0.26539784  0.27274524  0.27274524  0.29392881  0.29627824  0.28505412  
17_0_0     0.20726072  0.20726072  0.20726072  0.23434005  0.20042063  0.20042063  0.20637192  0.20637192  0.17734905  0.19379955  0.18874177  0.20042063  0.02047463  0.00000000  0.26066124  0.25513006  0.25513006  0.27571640  0.28481369  0.26712708  
7_0_0      0.31633200  0.31633200  0.30934721  0.35578684  0.29661324  0.27023924  0.27669384  0.27669384  0.27023924  0.29568470  0.26387301  0.27669384  0.26539784  0.26066124  0.00000000  0.02899482  0.02899482  0.16327209  0.17873629  0.15361111  
9_0_0      0.33183431  0.33183431  0.32457345  0.35731382  0.27102267  0.27102267  0.27752522  0.27752522  0.25828414  0.30344727  0.28411999  0.28411999  0.27274524  0.25513006  0.02899482  0.00000000  0.00000000  0.16399504  0.17949019  0.13268639  
13_0_0     0.33183431  0.33183431  0.32457345  0.35731382  0.27102267  0.27102267  0.27752522  0.27752522  0.25828414  0.30344727  0.28411999  0.28411999  0.27274524  0.25513006  0.02899482  0.00000000  0.00000000  0.16399504  0.17949019  0.13268639  
18_0_0     0.29759691  0.29759691  0.29080963  0.31383208  0.28505412  0.29863561  0.29179528  0.29179528  0.27185805  0.29080963  0.29179528  0.27840928  0.29392881  0.27571640  0.16327209  0.16399504  0.16399504  0.00000000  0.02466827  0.11067936  
8_0_0      0.29759691  0.29759691  0.29080963  0.32837602  0.29179528  0.29179528  0.28505412  0.28505412  0.26539784  0.27752522  0.26539784  0.27185805  0.29627824  0.28481369  0.17873629  0.17949019  0.17949019  0.02466827  0.00000000  0.11491745  
19_0_0     0.27752522  0.27752522  0.27102267  0.32104719  0.29661324  0.32457345  0.31742422  0.31742422  0.29661324  0.32578229  0.29179528  0.29179528  0.28505412  0.26712708  0.15361111  0.13268639  0.13268639  0.11067936  0.11491745  0.00000000  

