20
1_0_0      0.00000000  0.00404875  0.00404875  0.30240131  0.31163111  0.32706017  0.31987576  0.31987576  0.32579447  0.32244787  0.30697256  0.33261404  0.25128974  0.27073716  0.42637150  0.41790158  0.41790158  0.42637150  0.40796555  0.40464361  
3_0_0      0.00404875  0.00000000  0.00000000  0.29546690  0.31866220  0.33435026  0.32706017  0.32706017  0.31866220  0.31526256  0.30003899  0.32521321  0.24497322  0.26416953  0.42637150  0.41790158  0.41790158  0.42637150  0.40796555  0.40464361  
2_0_0      0.00404875  0.00000000  0.00000000  0.29546690  0.31866220  0.33435026  0.32706017  0.32706017  0.31866220  0.31526256  0.30003899  0.32521321  0.24497322  0.26416953  0.42637150  0.41790158  0.41790158  0.42637150  0.40796555  0.40464361  
20_0_0     0.30240131  0.29546690  0.29546690  0.00000000  0.26217960  0.27628855  0.26967749  0.26967749  0.24164990  0.28978124  0.28862818  0.31073506  0.19147897  0.20287759  0.40138401  0.38539921  0.38539921  0.43006204  0.42818523  0.43883304  
5_0_0      0.31163111  0.31866220  0.31866220  0.26217960  0.00000000  0.02050943  0.01634166  0.01634166  0.04155051  0.20070890  0.18272203  0.16123849  0.21012925  0.21606797  0.33319367  0.31240027  0.31240027  0.35489778  0.36111602  0.41297241  
10_0_0     0.32706017  0.33435026  0.33435026  0.27628855  0.02050943  0.00000000  0.00404875  0.00404875  0.04163702  0.21348277  0.18340674  0.16183252  0.21091175  0.21688658  0.34144483  0.32020453  0.32020453  0.36363633  0.36991389  0.42330741  
4_0_0      0.31987576  0.32706017  0.32706017  0.26967749  0.01634166  0.00404875  0.00000000  0.00000000  0.03732450  0.20747076  0.17777103  0.15641226  0.20500809  0.21091175  0.33426311  0.31332200  0.31332200  0.35612822  0.36234897  0.41476260  
12_0_0     0.31987576  0.32706017  0.32706017  0.26967749  0.01634166  0.00404875  0.00000000  0.00000000  0.03732450  0.20747076  0.17777103  0.15641226  0.20500809  0.21091175  0.33426311  0.31332200  0.31332200  0.35612822  0.36234897  0.41476260  
16_0_0     0.32579447  0.31866220  0.31866220  0.24164990  0.04155051  0.04163702  0.03732450  0.03732450  0.00000000  0.20070890  0.18272203  0.17219868  0.18145833  0.19846110  0.34032328  0.31923493  0.31923493  0.36991389  0.37624575  0.43006204  
15_0_0     0.32244787  0.31526256  0.31526256  0.28978124  0.20070890  0.21348277  0.20747076  0.20747076  0.20070890  0.00000000  0.09654533  0.09691594  0.16668829  0.18340674  0.37411782  0.35124036  0.35124036  0.34873215  0.35489778  0.38198448  
14_0_0     0.30697256  0.30003899  0.30003899  0.28862818  0.18272203  0.18340674  0.17777103  0.17777103  0.18272203  0.09654533  0.00000000  0.09173002  0.18272203  0.18272203  0.39332717  0.36991389  0.36991389  0.36991389  0.37624575  0.39645246  
6_0_0      0.33261404  0.32521321  0.32521321  0.31073506  0.16123849  0.16183252  0.15641226  0.15641226  0.17219868  0.09691594  0.09173002  0.00000000  0.21258861  0.23095979  0.38198448  0.37411782  0.37411782  0.35874945  0.37266125  0.40997959  
11_0_0     0.25128974  0.24497322  0.24497322  0.19147897  0.21012925  0.21091175  0.20500809  0.20500809  0.18145833  0.16668829  0.18272203  0.21258861  0.00000000  0.02058283  0.38046544  0.37266125  0.37266125  0.36497804  0.36363633  0.44293614  
17_0_0     0.27073716  0.26416953  0.26416953  0.20287759  0.21606797  0.21688658  0.21091175  0.21091175  0.19846110  0.18340674  0.18272203  0.23095979  0.02058283  0.00000000  0.38839449  0.36497804  0.36497804  0.35741212  0.34144483  0.41661362  
7_0_0      0.42637150  0.42637150  0.42637150  0.40138401  0.33319367  0.34144483  0.33426311  0.33426311  0.34032328  0.37411782  0.39332717  0.38198448  0.38046544  0.38839449  0.00000000  0.02058283  0.02058283  0.17993636  0.18488121  0.20328299  
9_0_0      0.41790158  0.41790158  0.41790158  0.38539921  0.31240027  0.32020453  0.31332200  0.31332200  0.31923493  0.35124036  0.36991389  0.37411782  0.37266125  0.36497804  0.02058283  0.00000000  0.00000000  0.17426759  0.17918011  0.19734242  
13_0_0     0.41790158  0.41790158  0.41790158  0.38539921  0.31240027  0.32020453  0.31332200  0.31332200  0.31923493  0.35124036  0.36991389  0.37411782  0.37266125  0.36497804  0.02058283  0.00000000  0.00000000  0.17426759  0.17918011  0.19734242  
18_0_0     0.42637150  0.42637150  0.42637150  0.43006204  0.35489778  0.36363633  0.35612822  0.35612822  0.36991389  0.34873215  0.36991389  0.35874945  0.36497804  0.35741212  0.17993636  0.17426759  0.17426759  0.00000000  0.02471254  0.13111051  
8_0_0      0.40796555  0.40796555  0.40796555  0.42818523  0.36111602  0.36991389  0.36234897  0.36234897  0.37624575  0.35489778  0.37624575  0.37266125  0.36363633  0.34144483  0.18488121  0.17918011  0.17918011  0.02471254  0.00000000  0.12044883  
19_0_0     0.40464361  0.40464361  0.40464361  0.43883304  0.41297241  0.42330741  0.41476260  0.41476260  0.43006204  0.38198448  0.39645246  0.40997959  0.44293614  0.41661362  0.20328299  0.19734242  0.19734242  0.13111051  0.12044883  0.00000000  

