7
8_27_0     0.00000000  0.06223943  0.47010268  0.47010268  0.46078890  0.39020870  0.39020870  
8_23_0     0.06223943  0.00000000  0.46078890  0.46078890  0.45159054  0.38183999  0.40723460  
24_43_0    0.47010268  0.46078890  0.00000000  0.00000000  0.00499187  0.41589627  0.48908835  
50_43_0    0.47010268  0.46078890  0.00000000  0.00000000  0.00499187  0.41589627  0.48908835  
42_43_0    0.46078890  0.45159054  0.00499187  0.00499187  0.00000000  0.42466022  0.49876644  
52_65_0    0.39020870  0.38183999  0.41589627  0.41589627  0.42466022  0.00000000  0.09543229  
52_38_0    0.39020870  0.40723460  0.48908835  0.48908835  0.49876644  0.09543229  0.00000000  

