21
10_0_0     0.00000000  0.08385168  0.09378038  0.21865129  0.19537231  0.17837935  0.23660180  0.23057001  0.20692068  0.20112406  0.18400061  0.23660180  0.56659230  0.50328114  0.52975707  0.52975707  0.52975707  0.42127575  0.42908097  0.56659230  0.52975707  
7_0_0      0.08385168  0.00000000  0.01783337  0.19537231  0.14551623  0.15089351  0.20112406  0.19537231  0.21865129  0.18966472  0.17280027  0.23660180  0.59546836  0.52975707  0.55721096  0.55721096  0.55721096  0.47771588  0.48614031  0.50328114  0.48614031  
11_0_0     0.09378038  0.01783337  0.00000000  0.17280027  0.12438786  0.12961392  0.18966472  0.18400061  0.21865129  0.17837935  0.16176619  0.23057001  0.56659230  0.53879617  0.56659230  0.56659230  0.56659230  0.48614031  0.49466132  0.50328114  0.50328114  
5_0_0      0.21865129  0.19537231  0.17280027  0.00000000  0.08385168  0.09378038  0.19537231  0.18966472  0.21276284  0.17837935  0.16176619  0.21865129  0.53879617  0.50328114  0.52082657  0.52082657  0.52082657  0.48614031  0.49466132  0.56659230  0.57609356  
3_0_0      0.19537231  0.14551623  0.12438786  0.08385168  0.00000000  0.03610512  0.17837935  0.17280027  0.21865129  0.15089351  0.13487698  0.19537231  0.57609356  0.53879617  0.57609356  0.57609356  0.57609356  0.54794654  0.55721096  0.58571783  0.57609356  
4_0_0      0.17837935  0.15089351  0.12961392  0.09378038  0.03610512  0.00000000  0.17837935  0.17280027  0.21276284  0.17280027  0.15630997  0.21865129  0.57609356  0.54794654  0.58571783  0.58571783  0.58571783  0.49466132  0.50328114  0.58571783  0.55721096  
8_0_0      0.23660180  0.20112406  0.18966472  0.19537231  0.17837935  0.17837935  0.00000000  0.00441839  0.25499654  0.21276284  0.19537231  0.27385806  0.64623705  0.59546836  0.61536170  0.61536170  0.61536170  0.49466132  0.52082657  0.58571783  0.55721096  
2_0_0      0.23057001  0.19537231  0.18400061  0.18966472  0.17280027  0.17280027  0.00441839  0.00000000  0.24881425  0.20692068  0.18966472  0.26751756  0.63580212  0.58571783  0.60534848  0.60534848  0.60534848  0.50328114  0.52975707  0.57609356  0.54794654  
6_0_0      0.20692068  0.21865129  0.21865129  0.21276284  0.21865129  0.21276284  0.25499654  0.24881425  0.00000000  0.12438786  0.12961392  0.16726276  0.62551165  0.58571783  0.57609356  0.57609356  0.57609356  0.52082657  0.51200209  0.53879617  0.58571783  
1_0_0      0.20112406  0.18966472  0.17837935  0.17837935  0.15089351  0.17280027  0.21276284  0.20692068  0.12438786  0.00000000  0.01333475  0.08879945  0.59546836  0.56659230  0.55721096  0.55721096  0.55721096  0.51200209  0.50328114  0.56659230  0.57609356  
1_1_0      0.18400061  0.17280027  0.16176619  0.16176619  0.13487698  0.15630997  0.19537231  0.18966472  0.12961392  0.01333475  0.00000000  0.09378038  0.62551165  0.57609356  0.57609356  0.57609356  0.57609356  0.52082657  0.51200209  0.57609356  0.56659230  
9_0_0      0.23660180  0.23660180  0.23057001  0.21865129  0.19537231  0.21865129  0.27385806  0.26751756  0.16726276  0.08879945  0.09378038  0.00000000  0.59546836  0.60534848  0.63580212  0.63580212  0.63580212  0.54794654  0.53879617  0.59546836  0.60534848  
15_0_0     0.56659230  0.59546836  0.56659230  0.53879617  0.57609356  0.57609356  0.64623705  0.63580212  0.62551165  0.59546836  0.62551165  0.59546836  0.00000000  0.24881425  0.23057001  0.23057001  0.22458676  0.25499654  0.24881425  0.24268294  0.25499654  
13_0_0     0.50328114  0.52975707  0.53879617  0.50328114  0.53879617  0.54794654  0.59546836  0.58571783  0.58571783  0.56659230  0.57609356  0.60534848  0.24881425  0.00000000  0.07405386  0.07405386  0.07893663  0.15630997  0.15089351  0.23057001  0.24268294  
19_0_0     0.52975707  0.55721096  0.56659230  0.52082657  0.57609356  0.58571783  0.61536170  0.60534848  0.57609356  0.55721096  0.57609356  0.63580212  0.23057001  0.07405386  0.00000000  0.00000000  0.00441839  0.14551623  0.14017757  0.17837935  0.18966472  
12_0_0     0.52975707  0.55721096  0.56659230  0.52082657  0.57609356  0.58571783  0.61536170  0.60534848  0.57609356  0.55721096  0.57609356  0.63580212  0.23057001  0.07405386  0.00000000  0.00000000  0.00441839  0.14551623  0.14017757  0.17837935  0.18966472  
20_0_0     0.52975707  0.55721096  0.56659230  0.52082657  0.57609356  0.58571783  0.61536170  0.60534848  0.57609356  0.55721096  0.57609356  0.63580212  0.22458676  0.07893663  0.00441839  0.00441839  0.00000000  0.15089351  0.14551623  0.18400061  0.18400061  
14_0_0     0.42127575  0.47771588  0.48614031  0.48614031  0.54794654  0.49466132  0.49466132  0.50328114  0.52082657  0.51200209  0.52082657  0.54794654  0.25499654  0.15630997  0.14551623  0.14551623  0.15089351  0.00000000  0.01333475  0.21865129  0.21865129  
18_0_0     0.42908097  0.48614031  0.49466132  0.49466132  0.55721096  0.50328114  0.52082657  0.52975707  0.51200209  0.50328114  0.51200209  0.53879617  0.24881425  0.15089351  0.14017757  0.14017757  0.14551623  0.01333475  0.00000000  0.21276284  0.21276284  
17_0_0     0.56659230  0.50328114  0.50328114  0.56659230  0.58571783  0.58571783  0.58571783  0.57609356  0.53879617  0.56659230  0.57609356  0.59546836  0.24268294  0.23057001  0.17837935  0.17837935  0.18400061  0.21865129  0.21276284  0.00000000  0.05483734  
16_0_0     0.52975707  0.48614031  0.50328114  0.57609356  0.57609356  0.55721096  0.55721096  0.54794654  0.58571783  0.57609356  0.56659230  0.60534848  0.25499654  0.24268294  0.18966472  0.18966472  0.18400061  0.21865129  0.21276284  0.05483734  0.00000000  

