20
2_0_0      0.00000000  0.00000000  0.00678741  0.23635478  0.32473464  0.36763014  0.31438382  0.29410155  0.25511346  0.25511346  0.26467193  0.24567541  0.24567541  0.25511346  0.20906904  0.20906904  0.20906904  0.20019024  0.22714867  0.20906904  
3_0_0      0.00000000  0.00000000  0.00678741  0.23635478  0.32473464  0.36763014  0.31438382  0.29410155  0.25511346  0.25511346  0.26467193  0.24567541  0.24567541  0.25511346  0.20906904  0.20906904  0.20906904  0.20019024  0.22714867  0.20906904  
1_0_0      0.00678741  0.00678741  0.00000000  0.24567541  0.31438382  0.35667383  0.32473464  0.28416268  0.25511346  0.25511346  0.26467193  0.24567541  0.24567541  0.25511346  0.21805432  0.21805432  0.21805432  0.20906904  0.23635478  0.21805432  
20_0_0     0.23635478  0.23635478  0.24567541  0.00000000  0.48702608  0.51337105  0.50008277  0.44916816  0.29410155  0.33523047  0.33523047  0.31438382  0.31438382  0.32473464  0.31438382  0.31438382  0.31438382  0.27435392  0.31438382  0.31438382  
6_0_0      0.32473464  0.32473464  0.31438382  0.48702608  0.00000000  0.09342848  0.03456919  0.07081092  0.46157612  0.44916816  0.46157612  0.46157612  0.46157612  0.47419304  0.43696234  0.43696234  0.43696234  0.43696234  0.43696234  0.42495220  
14_0_0     0.36763014  0.36763014  0.35667383  0.51337105  0.09342848  0.00000000  0.11675014  0.10889531  0.44916816  0.43696234  0.44916816  0.46157612  0.46157612  0.46157612  0.44916816  0.44916816  0.44916816  0.43696234  0.43696234  0.42495220  
15_0_0     0.31438382  0.31438382  0.32473464  0.50008277  0.03456919  0.11675014  0.00000000  0.08581317  0.43696234  0.43696234  0.43696234  0.43696234  0.43696234  0.44916816  0.46157612  0.46157612  0.46157612  0.46157612  0.46157612  0.44916816  
16_0_0     0.29410155  0.29410155  0.28416268  0.44916816  0.07081092  0.10889531  0.08581317  0.00000000  0.42495220  0.40149452  0.41313156  0.41313156  0.41313156  0.42495220  0.39003547  0.39003547  0.39003547  0.39003547  0.39003547  0.37874905  
17_0_0     0.25511346  0.25511346  0.25511346  0.29410155  0.46157612  0.44916816  0.43696234  0.42495220  0.00000000  0.02752657  0.08581317  0.10112198  0.10112198  0.09342848  0.34587543  0.34587543  0.34587543  0.33523047  0.30417405  0.32473464  
11_0_0     0.25511346  0.25511346  0.25511346  0.33523047  0.44916816  0.43696234  0.43696234  0.40149452  0.02752657  0.00000000  0.11675014  0.13271125  0.13271125  0.12468819  0.35667383  0.35667383  0.35667383  0.34587543  0.31438382  0.33523047  
5_0_0      0.26467193  0.26467193  0.26467193  0.33523047  0.46157612  0.44916816  0.43696234  0.41313156  0.08581317  0.11675014  0.00000000  0.02752657  0.02752657  0.02054953  0.37874905  0.37874905  0.37874905  0.34587543  0.33523047  0.31438382  
4_0_0      0.24567541  0.24567541  0.24567541  0.31438382  0.46157612  0.46157612  0.43696234  0.41313156  0.10112198  0.13271125  0.02752657  0.00000000  0.00000000  0.00678741  0.37874905  0.37874905  0.37874905  0.32473464  0.33523047  0.31438382  
12_0_0     0.24567541  0.24567541  0.24567541  0.31438382  0.46157612  0.46157612  0.43696234  0.41313156  0.10112198  0.13271125  0.02752657  0.00000000  0.00000000  0.00678741  0.37874905  0.37874905  0.37874905  0.32473464  0.33523047  0.31438382  
10_0_0     0.25511346  0.25511346  0.25511346  0.32473464  0.47419304  0.46157612  0.44916816  0.42495220  0.09342848  0.12468819  0.02054953  0.00678741  0.00678741  0.00000000  0.36763014  0.36763014  0.36763014  0.33523047  0.34587543  0.32473464  
7_0_0      0.20906904  0.20906904  0.21805432  0.31438382  0.43696234  0.44916816  0.46157612  0.39003547  0.34587543  0.35667383  0.37874905  0.37874905  0.37874905  0.36763014  0.00000000  0.00000000  0.00000000  0.04885620  0.07827450  0.07081092  
9_0_0      0.20906904  0.20906904  0.21805432  0.31438382  0.43696234  0.44916816  0.46157612  0.39003547  0.34587543  0.35667383  0.37874905  0.37874905  0.37874905  0.36763014  0.00000000  0.00000000  0.00000000  0.04885620  0.07827450  0.07081092  
13_0_0     0.20906904  0.20906904  0.21805432  0.31438382  0.43696234  0.44916816  0.46157612  0.39003547  0.34587543  0.35667383  0.37874905  0.37874905  0.37874905  0.36763014  0.00000000  0.00000000  0.00000000  0.04885620  0.07827450  0.07081092  
19_0_0     0.20019024  0.20019024  0.20906904  0.27435392  0.43696234  0.43696234  0.46157612  0.39003547  0.33523047  0.34587543  0.34587543  0.32473464  0.32473464  0.33523047  0.04885620  0.04885620  0.04885620  0.00000000  0.04167864  0.03456919  
8_0_0      0.22714867  0.22714867  0.23635478  0.31438382  0.43696234  0.43696234  0.46157612  0.39003547  0.30417405  0.31438382  0.33523047  0.33523047  0.33523047  0.34587543  0.07827450  0.07827450  0.07827450  0.04167864  0.00000000  0.02054953  
18_0_0     0.20906904  0.20906904  0.21805432  0.31438382  0.42495220  0.42495220  0.44916816  0.37874905  0.32473464  0.33523047  0.31438382  0.31438382  0.31438382  0.32473464  0.07081092  0.07081092  0.07081092  0.03456919  0.02054953  0.00000000  

