20
10_0_0     0.00000000  0.10075191  0.06550997  0.04854099  0.08290625  0.09177146  0.09177146  0.06550997  0.25168733  0.22955345  0.24053175  0.29820318  0.31033852  0.32269083  0.32269083  0.32269083  0.40183626  0.40183626  0.40183626  0.38799959  
8_0_0      0.10075191  0.00000000  0.06550997  0.06550997  0.10075191  0.09177146  0.09177146  0.08290625  0.26302599  0.28627733  0.27455385  0.34807841  0.37443460  0.38799959  0.38799959  0.38799959  0.47550917  0.47550917  0.47550917  0.46013268  
1_0_0      0.06550997  0.06550997  0.00000000  0.04854099  0.08290625  0.09177146  0.09177146  0.06550997  0.25168733  0.25168733  0.26302599  0.31033852  0.33526801  0.34807841  0.34807841  0.34807841  0.46013268  0.46013268  0.49123570  0.44509097  
4_0_0      0.04854099  0.06550997  0.04854099  0.00000000  0.03197881  0.04021027  0.04021027  0.03197881  0.22955345  0.22955345  0.24053175  0.31033852  0.34807841  0.33526801  0.33526801  0.36113083  0.44509097  0.44509097  0.44509097  0.43036977  
11_0_0     0.08290625  0.10075191  0.08290625  0.03197881  0.00000000  0.05697338  0.05697338  0.04854099  0.25168733  0.25168733  0.26302599  0.36113083  0.37443460  0.36113083  0.36113083  0.38799959  0.50732857  0.50732857  0.47550917  0.49123570  
12_0_0     0.09177146  0.09177146  0.09177146  0.04021027  0.05697338  0.00000000  0.00000000  0.05697338  0.22955345  0.25168733  0.24053175  0.33526801  0.36113083  0.34807841  0.34807841  0.40183626  0.47550917  0.47550917  0.44509097  0.43036977  
2_0_0      0.09177146  0.09177146  0.09177146  0.04021027  0.05697338  0.00000000  0.00000000  0.05697338  0.22955345  0.25168733  0.24053175  0.33526801  0.36113083  0.34807841  0.34807841  0.40183626  0.47550917  0.47550917  0.44509097  0.43036977  
5_0_0      0.06550997  0.08290625  0.06550997  0.03197881  0.04854099  0.05697338  0.05697338  0.00000000  0.25168733  0.25168733  0.26302599  0.32269083  0.32269083  0.32269083  0.32269083  0.33526801  0.47550917  0.47550917  0.47550917  0.46013268  
9_0_0      0.25168733  0.26302599  0.25168733  0.22955345  0.25168733  0.22955345  0.22955345  0.25168733  0.00000000  0.06550997  0.04021027  0.38799959  0.33526801  0.29820318  0.28627733  0.34807841  0.44509097  0.44509097  0.46013268  0.41595573  
3_0_0      0.22955345  0.28627733  0.25168733  0.22955345  0.25168733  0.25168733  0.25168733  0.25168733  0.06550997  0.00000000  0.02384427  0.44509097  0.31033852  0.27455385  0.26302599  0.34807841  0.47550917  0.47550917  0.49123570  0.44509097  
6_0_0      0.24053175  0.27455385  0.26302599  0.24053175  0.26302599  0.24053175  0.24053175  0.26302599  0.04021027  0.02384427  0.00000000  0.43036977  0.32269083  0.28627733  0.27455385  0.33526801  0.46013268  0.46013268  0.47550917  0.43036977  
7_0_0      0.29820318  0.34807841  0.31033852  0.31033852  0.36113083  0.33526801  0.33526801  0.32269083  0.38799959  0.44509097  0.43036977  0.00000000  0.54068449  0.52380524  0.54068449  0.50732857  0.54068449  0.54068449  0.55798647  0.52380524  
16_0_0     0.31033852  0.37443460  0.33526801  0.34807841  0.37443460  0.36113083  0.36113083  0.32269083  0.33526801  0.31033852  0.32269083  0.54068449  0.00000000  0.04021027  0.04854099  0.10075191  0.18730575  0.18730575  0.18730575  0.17713550  
19_0_0     0.32269083  0.38799959  0.34807841  0.33526801  0.36113083  0.34807841  0.34807841  0.32269083  0.29820318  0.27455385  0.28627733  0.52380524  0.04021027  0.00000000  0.00785701  0.10985063  0.19762795  0.19762795  0.19762795  0.18730575  
13_0_0     0.32269083  0.38799959  0.34807841  0.33526801  0.36113083  0.34807841  0.34807841  0.32269083  0.28627733  0.26302599  0.27455385  0.54068449  0.04854099  0.00785701  0.00000000  0.11907077  0.20810672  0.20810672  0.20810672  0.19762795  
20_0_0     0.32269083  0.38799959  0.34807841  0.36113083  0.38799959  0.40183626  0.40183626  0.33526801  0.34807841  0.34807841  0.33526801  0.50732857  0.10075191  0.10985063  0.11907077  0.00000000  0.25168733  0.25168733  0.27455385  0.28627733  
15_0_0     0.40183626  0.47550917  0.46013268  0.44509097  0.50732857  0.47550917  0.47550917  0.47550917  0.44509097  0.47550917  0.46013268  0.54068449  0.18730575  0.19762795  0.20810672  0.25168733  0.00000000  0.00000000  0.08290625  0.05697338  
17_0_0     0.40183626  0.47550917  0.46013268  0.44509097  0.50732857  0.47550917  0.47550917  0.47550917  0.44509097  0.47550917  0.46013268  0.54068449  0.18730575  0.19762795  0.20810672  0.25168733  0.00000000  0.00000000  0.08290625  0.05697338  
14_0_0     0.40183626  0.47550917  0.49123570  0.44509097  0.47550917  0.44509097  0.44509097  0.47550917  0.46013268  0.49123570  0.47550917  0.55798647  0.18730575  0.19762795  0.20810672  0.27455385  0.08290625  0.08290625  0.00000000  0.04021027  
18_0_0     0.38799959  0.46013268  0.44509097  0.43036977  0.49123570  0.43036977  0.43036977  0.46013268  0.41595573  0.44509097  0.43036977  0.52380524  0.17713550  0.18730575  0.19762795  0.28627733  0.05697338  0.05697338  0.04021027  0.00000000  

