6
48_0_0     0.00000000  0.14849932  0.17076100  0.09561359  0.09561359  0.13223243  
48_1_0     0.14849932  0.00000000  0.26077959  0.21740337  0.21740337  0.24187717  
59_0_0     0.17076100  0.26077959  0.00000000  0.13761503  0.13761503  0.17643281  
64_0_0     0.09561359  0.21740337  0.13761503  0.00000000  0.00000000  0.13761503  
41_0_0     0.09561359  0.21740337  0.13761503  0.00000000  0.00000000  0.13761503  
66_0_0     0.13223243  0.24187717  0.17643281  0.13761503  0.13761503  0.00000000  

