20
2_0_0      0.00000000  0.01412448  0.00704404  0.09216220  0.24416956  0.19215212  0.16507352  0.22590363  0.20425350  0.16507352  0.16507352  0.26978711  0.27234677  0.27234677  0.24856814  0.17349309  0.35859042  0.35859042  0.34445628  0.34445628  
3_0_0      0.01412448  0.00000000  0.00703041  0.09145067  0.23109897  0.18060292  0.15402157  0.21309207  0.19215212  0.15402157  0.16365938  0.26736043  0.26978711  0.26978711  0.24630604  0.17208098  0.38415497  0.38415497  0.36938007  0.36938007  
1_0_0      0.00704404  0.00703041  0.00000000  0.08377489  0.23297808  0.18201248  0.15533570  0.21495748  0.19378122  0.15533570  0.15533570  0.25790414  0.26031139  0.26031139  0.23710318  0.16365938  0.37314992  0.37314992  0.35859042  0.35859042  
20_0_0     0.09216220  0.09145067  0.08377489  0.00000000  0.29171912  0.21309207  0.18515763  0.29735474  0.27234677  0.18515763  0.18515763  0.22391201  0.22590363  0.22590363  0.22590363  0.23710318  0.41965764  0.38816119  0.40365316  0.37314992  
14_0_0     0.24416956  0.23109897  0.23297808  0.29171912  0.00000000  0.14979046  0.17077543  0.26506631  0.24215855  0.24416956  0.24416956  0.28664674  0.27694020  0.27694020  0.25347687  0.17930255  0.34844574  0.34844574  0.33492269  0.36235766  
6_0_0      0.19215212  0.18060292  0.18201248  0.21309207  0.14979046  0.00000000  0.14345407  0.26736043  0.24416956  0.22391201  0.24630604  0.30159966  0.30437435  0.30437435  0.27938650  0.20087780  0.41080243  0.44332487  0.42679043  0.39532589  
15_0_0     0.16507352  0.15402157  0.15533570  0.18515763  0.17077543  0.14345407  0.00000000  0.18353082  0.18353082  0.12724570  0.12724570  0.24630604  0.24856814  0.24856814  0.22590363  0.14457200  0.38816119  0.35859042  0.37314992  0.34445628  
18_0_0     0.22590363  0.21309207  0.21495748  0.29735474  0.26506631  0.26736043  0.18353082  0.00000000  0.01419215  0.14457200  0.14457200  0.22203963  0.22391201  0.22391201  0.20250882  0.11642677  0.38415497  0.38415497  0.36938007  0.36938007  
8_0_0      0.20425350  0.19215212  0.19378122  0.27234677  0.24215855  0.24416956  0.18353082  0.01419215  0.00000000  0.12620916  0.12620916  0.20087780  0.20250882  0.20250882  0.18201248  0.09921250  0.35504302  0.35504302  0.34111863  0.34111863  
17_0_0     0.16507352  0.15402157  0.15533570  0.18515763  0.24416956  0.22391201  0.12724570  0.14457200  0.12620916  0.00000000  0.01419215  0.18201248  0.18353082  0.18353082  0.16365938  0.10851784  0.41965764  0.38816119  0.40365316  0.37314992  
11_0_0     0.16507352  0.16365938  0.15533570  0.18515763  0.24416956  0.24630604  0.12724570  0.14457200  0.12620916  0.01419215  0.00000000  0.16234926  0.16365938  0.16365938  0.14457200  0.09145067  0.41965764  0.38816119  0.40365316  0.37314992  
7_0_0      0.26978711  0.26736043  0.25790414  0.22391201  0.28664674  0.30159966  0.24630604  0.22203963  0.20087780  0.18201248  0.16234926  0.00000000  0.01412448  0.01412448  0.05902279  0.17077543  0.36578325  0.33794118  0.35166197  0.35166197  
9_0_0      0.27234677  0.26978711  0.26031139  0.22590363  0.27694020  0.30437435  0.24856814  0.22391201  0.20250882  0.18353082  0.16365938  0.01412448  0.00000000  0.00000000  0.05945162  0.17208098  0.36938007  0.34111863  0.35504302  0.35504302  
13_0_0     0.27234677  0.26978711  0.26031139  0.22590363  0.27694020  0.30437435  0.24856814  0.22391201  0.20250882  0.18353082  0.16365938  0.01412448  0.00000000  0.00000000  0.05945162  0.17208098  0.36938007  0.34111863  0.35504302  0.35504302  
16_0_0     0.24856814  0.24630604  0.23710318  0.22590363  0.25347687  0.27938650  0.22590363  0.20250882  0.18201248  0.16365938  0.14457200  0.05902279  0.05945162  0.05945162  0.00000000  0.15280943  0.35504302  0.32758379  0.34111863  0.34111863  
19_0_0     0.17349309  0.17208098  0.16365938  0.23710318  0.17930255  0.20087780  0.14457200  0.11642677  0.09921250  0.10851784  0.09145067  0.17077543  0.17208098  0.17208098  0.15280943  0.00000000  0.28911284  0.28911284  0.27694020  0.30159966  
4_0_0      0.35859042  0.38415497  0.37314992  0.41965764  0.34844574  0.41080243  0.38816119  0.38415497  0.35504302  0.41965764  0.41965764  0.36578325  0.36938007  0.36938007  0.35504302  0.28911284  0.00000000  0.01419215  0.00704404  0.03629285  
12_0_0     0.35859042  0.38415497  0.37314992  0.38816119  0.34844574  0.44332487  0.35859042  0.38415497  0.35504302  0.38816119  0.38816119  0.33794118  0.34111863  0.34111863  0.32758379  0.28911284  0.01419215  0.00000000  0.00704404  0.03629285  
10_0_0     0.34445628  0.36938007  0.35859042  0.40365316  0.33492269  0.42679043  0.37314992  0.36938007  0.34111863  0.40365316  0.40365316  0.35166197  0.35504302  0.35504302  0.34111863  0.27694020  0.00704404  0.00704404  0.00000000  0.02881321  
5_0_0      0.34445628  0.36938007  0.35859042  0.37314992  0.36235766  0.39532589  0.34445628  0.36938007  0.34111863  0.37314992  0.37314992  0.35166197  0.35504302  0.35504302  0.34111863  0.30159966  0.03629285  0.03629285  0.02881321  0.00000000  

