20
15_0_0     0.00000000  0.26254539  0.15503620  0.16418231  0.15503620  0.19232760  0.17344425  0.23162308  0.21171146  0.27315034  0.34022773  0.35203074  0.34022773  0.34022773  0.36402735  0.37622403  0.36402735  0.35203074  0.34022773  0.32861219  
13_0_0     0.26254539  0.00000000  0.13708013  0.12826474  0.13708013  0.15503620  0.13708013  0.13708013  0.15503620  0.30592031  0.27315034  0.30592031  0.26254539  0.26254539  0.24178594  0.21171146  0.26254539  0.24178594  0.25209201  0.24178594  
20_0_0     0.15503620  0.13708013  0.00000000  0.00739015  0.00000000  0.12826474  0.11094648  0.14600306  0.12826474  0.24178594  0.23162308  0.26254539  0.22159951  0.22159951  0.22159951  0.21171146  0.22159951  0.23162308  0.22159951  0.21171146  
12_0_0     0.16418231  0.12826474  0.00739015  0.00000000  0.00739015  0.13708013  0.11955435  0.15503620  0.13708013  0.23162308  0.22159951  0.25209201  0.21171146  0.21171146  0.21171146  0.20195531  0.21171146  0.22159951  0.21171146  0.20195531  
19_0_0     0.15503620  0.13708013  0.00000000  0.00739015  0.00000000  0.12826474  0.11094648  0.14600306  0.12826474  0.24178594  0.23162308  0.26254539  0.22159951  0.22159951  0.22159951  0.21171146  0.22159951  0.23162308  0.22159951  0.21171146  
14_0_0     0.19232760  0.15503620  0.12826474  0.13708013  0.12826474  0.00000000  0.03001951  0.12826474  0.16418231  0.25209201  0.27315034  0.30592031  0.26254539  0.26254539  0.24178594  0.27315034  0.30592031  0.27315034  0.26254539  0.25209201  
18_0_0     0.17344425  0.13708013  0.11094648  0.11955435  0.11094648  0.03001951  0.00000000  0.11094648  0.14600306  0.23162308  0.25209201  0.28391134  0.24178594  0.24178594  0.22159951  0.25209201  0.28391134  0.25209201  0.24178594  0.23162308  
16_0_0     0.23162308  0.13708013  0.14600306  0.15503620  0.14600306  0.12826474  0.11094648  0.00000000  0.04550434  0.27315034  0.27315034  0.26254539  0.24178594  0.24178594  0.22159951  0.23162308  0.26254539  0.23162308  0.24178594  0.23162308  
17_0_0     0.21171146  0.15503620  0.12826474  0.13708013  0.12826474  0.16418231  0.14600306  0.04550434  0.00000000  0.30592031  0.29483304  0.28391134  0.26254539  0.26254539  0.26254539  0.27315034  0.28391134  0.25209201  0.24178594  0.23162308  
5_0_0      0.27315034  0.30592031  0.24178594  0.23162308  0.24178594  0.25209201  0.23162308  0.27315034  0.30592031  0.00000000  0.08571453  0.06132413  0.05337146  0.05337146  0.08571453  0.11094648  0.11955435  0.12826474  0.13708013  0.12826474  
4_0_0      0.34022773  0.27315034  0.23162308  0.22159951  0.23162308  0.27315034  0.25209201  0.27315034  0.29483304  0.08571453  0.00000000  0.03772094  0.09402884  0.09402884  0.11094648  0.11955435  0.11094648  0.10243874  0.11094648  0.10243874  
3_0_0      0.35203074  0.30592031  0.26254539  0.25209201  0.26254539  0.30592031  0.28391134  0.26254539  0.28391134  0.06132413  0.03772094  0.00000000  0.06936423  0.06936423  0.10243874  0.11094648  0.11955435  0.07749369  0.10243874  0.09402884  
8_0_0      0.34022773  0.26254539  0.22159951  0.21171146  0.22159951  0.26254539  0.24178594  0.24178594  0.26254539  0.05337146  0.09402884  0.06936423  0.00000000  0.00000000  0.07749369  0.06936423  0.09402884  0.10243874  0.11094648  0.10243874  
2_0_0      0.34022773  0.26254539  0.22159951  0.21171146  0.22159951  0.26254539  0.24178594  0.24178594  0.26254539  0.05337146  0.09402884  0.06936423  0.00000000  0.00000000  0.07749369  0.06936423  0.09402884  0.10243874  0.11094648  0.10243874  
6_0_0      0.36402735  0.24178594  0.22159951  0.21171146  0.22159951  0.24178594  0.22159951  0.22159951  0.26254539  0.08571453  0.11094648  0.10243874  0.07749369  0.07749369  0.00000000  0.03772094  0.06132413  0.10243874  0.11094648  0.10243874  
1_0_0      0.37622403  0.21171146  0.21171146  0.20195531  0.21171146  0.27315034  0.25209201  0.23162308  0.27315034  0.11094648  0.11955435  0.11094648  0.06936423  0.06936423  0.03772094  0.00000000  0.05337146  0.11094648  0.11955435  0.11094648  
9_0_0      0.36402735  0.26254539  0.22159951  0.21171146  0.22159951  0.30592031  0.28391134  0.26254539  0.28391134  0.11955435  0.11094648  0.11955435  0.09402884  0.09402884  0.06132413  0.05337146  0.00000000  0.11955435  0.12826474  0.11955435  
10_0_0     0.35203074  0.24178594  0.23162308  0.22159951  0.23162308  0.27315034  0.25209201  0.23162308  0.25209201  0.12826474  0.10243874  0.07749369  0.10243874  0.10243874  0.10243874  0.11094648  0.11955435  0.00000000  0.02239833  0.01485574  
11_0_0     0.34022773  0.25209201  0.22159951  0.21171146  0.22159951  0.26254539  0.24178594  0.24178594  0.24178594  0.13708013  0.11094648  0.10243874  0.11094648  0.11094648  0.11094648  0.11955435  0.12826474  0.02239833  0.00000000  0.00739015  
7_0_0      0.32861219  0.24178594  0.21171146  0.20195531  0.21171146  0.25209201  0.23162308  0.23162308  0.23162308  0.12826474  0.10243874  0.09402884  0.10243874  0.10243874  0.10243874  0.11094648  0.11955435  0.01485574  0.00739015  0.00000000  

