20
3_0_0      0.00000000  0.00000000  0.00000000  0.01672536  0.21403001  0.21403001  0.21403001  0.18891509  0.18891509  0.18891509  0.21403001  0.22710828  0.20130515  0.20130515  0.20130515  0.20130515  0.21403001  0.24056015  0.18697570  0.15210999  
2_0_0      0.00000000  0.00000000  0.00000000  0.01672536  0.21403001  0.21403001  0.21403001  0.18891509  0.18891509  0.18891509  0.21403001  0.22710828  0.20130515  0.20130515  0.20130515  0.20130515  0.21403001  0.24056015  0.18697570  0.15210999  
1_0_0      0.00000000  0.00000000  0.00000000  0.01672536  0.21403001  0.21403001  0.21403001  0.18891509  0.18891509  0.18891509  0.21403001  0.22710828  0.20130515  0.20130515  0.20130515  0.20130515  0.21403001  0.24056015  0.18697570  0.15210999  
14_0_0     0.01672536  0.01672536  0.01672536  0.00000000  0.19919582  0.21174152  0.21174152  0.18697570  0.18697570  0.18697570  0.23788241  0.25151795  0.22463061  0.22463061  0.22463061  0.22463061  0.21174152  0.23788241  0.18520017  0.17344626  
20_0_0     0.21403001  0.21403001  0.21403001  0.19919582  0.00000000  0.19101815  0.17877993  0.21649215  0.21649215  0.21649215  0.21649215  0.20358292  0.17877993  0.17877993  0.17877993  0.17877993  0.20358292  0.20358292  0.20130515  0.16507203  
8_0_0      0.21403001  0.21403001  0.21403001  0.21174152  0.19101815  0.00000000  0.00833784  0.07124281  0.07124281  0.07124281  0.11136116  0.12194847  0.12194847  0.12194847  0.12194847  0.12194847  0.12194847  0.12194847  0.16507203  0.15358842  
18_0_0     0.21403001  0.21403001  0.21403001  0.21174152  0.17877993  0.00833784  0.00000000  0.08095656  0.08095656  0.08095656  0.12194847  0.13277930  0.13277930  0.13277930  0.13277930  0.13277930  0.11136116  0.11136116  0.17684268  0.16507203  
9_0_0      0.18891509  0.18891509  0.18891509  0.18697570  0.21649215  0.07124281  0.08095656  0.00000000  0.00000000  0.00000000  0.13277930  0.14386510  0.14386510  0.14386510  0.14386510  0.14386510  0.14386510  0.16685170  0.15358842  0.14237819  
13_0_0     0.18891509  0.18891509  0.18891509  0.18697570  0.21649215  0.07124281  0.08095656  0.00000000  0.00000000  0.00000000  0.13277930  0.14386510  0.14386510  0.14386510  0.14386510  0.14386510  0.14386510  0.16685170  0.15358842  0.14237819  
7_0_0      0.18891509  0.18891509  0.18891509  0.18697570  0.21649215  0.07124281  0.08095656  0.00000000  0.00000000  0.00000000  0.13277930  0.14386510  0.14386510  0.14386510  0.14386510  0.14386510  0.14386510  0.16685170  0.15358842  0.14237819  
17_0_0     0.21403001  0.21403001  0.21403001  0.23788241  0.21649215  0.11136116  0.12194847  0.13277930  0.13277930  0.13277930  0.00000000  0.00833784  0.04324882  0.04324882  0.04324882  0.04324882  0.16685170  0.16685170  0.18891509  0.15358842  
11_0_0     0.22710828  0.22710828  0.22710828  0.25151795  0.20358292  0.12194847  0.13277930  0.14386510  0.14386510  0.14386510  0.00833784  0.00000000  0.05239649  0.05239649  0.05239649  0.05239649  0.17877993  0.17877993  0.20130515  0.16507203  
5_0_0      0.20130515  0.20130515  0.20130515  0.22463061  0.17877993  0.12194847  0.13277930  0.14386510  0.14386510  0.14386510  0.04324882  0.05239649  0.00000000  0.00000000  0.00000000  0.00000000  0.17877993  0.17877993  0.17684268  0.14237819  
4_0_0      0.20130515  0.20130515  0.20130515  0.22463061  0.17877993  0.12194847  0.13277930  0.14386510  0.14386510  0.14386510  0.04324882  0.05239649  0.00000000  0.00000000  0.00000000  0.00000000  0.17877993  0.17877993  0.17684268  0.14237819  
12_0_0     0.20130515  0.20130515  0.20130515  0.22463061  0.17877993  0.12194847  0.13277930  0.14386510  0.14386510  0.14386510  0.04324882  0.05239649  0.00000000  0.00000000  0.00000000  0.00000000  0.17877993  0.17877993  0.17684268  0.14237819  
10_0_0     0.20130515  0.20130515  0.20130515  0.22463061  0.17877993  0.12194847  0.13277930  0.14386510  0.14386510  0.14386510  0.04324882  0.05239649  0.00000000  0.00000000  0.00000000  0.00000000  0.17877993  0.17877993  0.17684268  0.14237819  
19_0_0     0.21403001  0.21403001  0.21403001  0.21174152  0.20358292  0.12194847  0.11136116  0.14386510  0.14386510  0.14386510  0.16685170  0.17877993  0.17877993  0.17877993  0.17877993  0.17877993  0.00000000  0.01682597  0.14237819  0.11026487  
16_0_0     0.24056015  0.24056015  0.24056015  0.23788241  0.20358292  0.12194847  0.11136116  0.16685170  0.16685170  0.16685170  0.16685170  0.17877993  0.17877993  0.17877993  0.17877993  0.17877993  0.01682597  0.00000000  0.15358842  0.12072787  
6_0_0      0.18697570  0.18697570  0.18697570  0.18520017  0.20130515  0.16507203  0.17684268  0.15358842  0.15358842  0.15358842  0.18891509  0.20130515  0.17684268  0.17684268  0.17684268  0.17684268  0.14237819  0.15358842  0.00000000  0.06172538  
15_0_0     0.15210999  0.15210999  0.15210999  0.17344626  0.16507203  0.15358842  0.16507203  0.14237819  0.14237819  0.14237819  0.15358842  0.16507203  0.14237819  0.14237819  0.14237819  0.14237819  0.11026487  0.12072787  0.06172538  0.00000000  

