20
3_0_0      0.00000000  0.00000000  0.00000000  0.03434514  0.22759915  0.20143330  0.20143330  0.13104101  0.13104101  0.14202935  0.12031654  0.12031654  0.12152775  0.12152775  0.12152775  0.12152775  0.24128029  0.22759915  0.19923009  0.26996782  
2_0_0      0.00000000  0.00000000  0.00000000  0.03434514  0.22759915  0.20143330  0.20143330  0.13104101  0.13104101  0.14202935  0.12031654  0.12031654  0.12152775  0.12152775  0.12152775  0.12152775  0.24128029  0.22759915  0.19923009  0.26996782  
1_0_0      0.00000000  0.00000000  0.00000000  0.03434514  0.22759915  0.20143330  0.20143330  0.13104101  0.13104101  0.14202935  0.12031654  0.12031654  0.12152775  0.12152775  0.12152775  0.12152775  0.24128029  0.22759915  0.19923009  0.26996782  
14_0_0     0.03434514  0.03434514  0.03434514  0.00000000  0.25539377  0.22759915  0.22759915  0.15329484  0.15329484  0.16485185  0.09961050  0.09961050  0.14353621  0.14353621  0.14353621  0.14353621  0.24128029  0.22759915  0.19923009  0.26996782  
20_0_0     0.22759915  0.22759915  0.22759915  0.25539377  0.00000000  0.18890362  0.21432464  0.14202935  0.14202935  0.15329484  0.17671585  0.17671585  0.13239644  0.13239644  0.13239644  0.13239644  0.22759915  0.21432464  0.28140965  0.28503350  
8_0_0      0.20143330  0.20143330  0.20143330  0.22759915  0.18890362  0.00000000  0.01684253  0.09138762  0.09138762  0.10164537  0.17671585  0.17671585  0.19110069  0.19110069  0.19110069  0.19110069  0.21432464  0.20143330  0.23843248  0.24128029  
18_0_0     0.20143330  0.20143330  0.20143330  0.22759915  0.21432464  0.01684253  0.00000000  0.11214424  0.11214424  0.12289586  0.20143330  0.20143330  0.21692795  0.21692795  0.21692795  0.21692795  0.24128029  0.22759915  0.26661966  0.26996782  
9_0_0      0.13104101  0.13104101  0.13104101  0.15329484  0.14202935  0.09138762  0.11214424  0.00000000  0.00000000  0.00834188  0.08960666  0.08960666  0.10055302  0.10055302  0.10055302  0.10055302  0.14202935  0.13104101  0.14068785  0.16485185  
13_0_0     0.13104101  0.13104101  0.13104101  0.15329484  0.14202935  0.09138762  0.11214424  0.00000000  0.00000000  0.00834188  0.08960666  0.08960666  0.10055302  0.10055302  0.10055302  0.10055302  0.14202935  0.13104101  0.14068785  0.16485185  
7_0_0      0.14202935  0.14202935  0.14202935  0.16485185  0.15329484  0.10164537  0.12289586  0.00834188  0.00834188  0.00000000  0.09961050  0.09961050  0.11091727  0.11091727  0.11091727  0.11091727  0.15329484  0.14202935  0.15179849  0.17671585  
17_0_0     0.12031654  0.12031654  0.12031654  0.09961050  0.17671585  0.17671585  0.20143330  0.08960666  0.08960666  0.09961050  0.00000000  0.00000000  0.07082955  0.07082955  0.07082955  0.07082955  0.16485185  0.15329484  0.15179849  0.18890362  
11_0_0     0.12031654  0.12031654  0.12031654  0.09961050  0.17671585  0.17671585  0.20143330  0.08960666  0.08960666  0.09961050  0.00000000  0.00000000  0.07082955  0.07082955  0.07082955  0.07082955  0.16485185  0.15329484  0.15179849  0.18890362  
5_0_0      0.12152775  0.12152775  0.12152775  0.14353621  0.13239644  0.19110069  0.21692795  0.10055302  0.10055302  0.11091727  0.07082955  0.07082955  0.00000000  0.00000000  0.00000000  0.00000000  0.15496094  0.14353621  0.18890362  0.23042411  
4_0_0      0.12152775  0.12152775  0.12152775  0.14353621  0.13239644  0.19110069  0.21692795  0.10055302  0.10055302  0.11091727  0.07082955  0.07082955  0.00000000  0.00000000  0.00000000  0.00000000  0.15496094  0.14353621  0.18890362  0.23042411  
12_0_0     0.12152775  0.12152775  0.12152775  0.14353621  0.13239644  0.19110069  0.21692795  0.10055302  0.10055302  0.11091727  0.07082955  0.07082955  0.00000000  0.00000000  0.00000000  0.00000000  0.15496094  0.14353621  0.18890362  0.23042411  
10_0_0     0.12152775  0.12152775  0.12152775  0.14353621  0.13239644  0.19110069  0.21692795  0.10055302  0.10055302  0.11091727  0.07082955  0.07082955  0.00000000  0.00000000  0.00000000  0.00000000  0.15496094  0.14353621  0.18890362  0.23042411  
19_0_0     0.24128029  0.24128029  0.24128029  0.24128029  0.22759915  0.21432464  0.24128029  0.14202935  0.14202935  0.15329484  0.16485185  0.16485185  0.15496094  0.15496094  0.15496094  0.15496094  0.00000000  0.00834188  0.11091727  0.09138762  
16_0_0     0.22759915  0.22759915  0.22759915  0.22759915  0.21432464  0.20143330  0.22759915  0.13104101  0.13104101  0.14202935  0.15329484  0.15329484  0.14353621  0.14353621  0.14353621  0.14353621  0.00834188  0.00000000  0.12152775  0.10164537  
6_0_0      0.19923009  0.19923009  0.19923009  0.19923009  0.28140965  0.23843248  0.26661966  0.14068785  0.14068785  0.15179849  0.15179849  0.15179849  0.18890362  0.18890362  0.18890362  0.18890362  0.11091727  0.12152775  0.00000000  0.07082955  
15_0_0     0.26996782  0.26996782  0.26996782  0.26996782  0.28503350  0.24128029  0.26996782  0.16485185  0.16485185  0.17671585  0.18890362  0.18890362  0.23042411  0.23042411  0.23042411  0.23042411  0.09138762  0.10164537  0.07082955  0.00000000  

