20
3_0_0      0.00000000  0.00000000  0.00000000  0.04315389  0.13913967  0.19560923  0.19560923  0.17368675  0.17368675  0.17368675  0.15978635  0.15978635  0.18235048  0.19403129  0.19403129  0.19403129  0.20960237  0.23508441  0.17093957  0.14992884  
2_0_0      0.00000000  0.00000000  0.00000000  0.04315389  0.13913967  0.19560923  0.19560923  0.17368675  0.17368675  0.17368675  0.15978635  0.15978635  0.18235048  0.19403129  0.19403129  0.19403129  0.20960237  0.23508441  0.17093957  0.14992884  
1_0_0      0.00000000  0.00000000  0.00000000  0.04315389  0.13913967  0.19560923  0.19560923  0.17368675  0.17368675  0.17368675  0.15978635  0.15978635  0.18235048  0.19403129  0.19403129  0.19403129  0.20960237  0.23508441  0.17093957  0.14992884  
14_0_0     0.04315389  0.04315389  0.04315389  0.00000000  0.16095898  0.19560923  0.19560923  0.19733799  0.19733799  0.19733799  0.18235048  0.18235048  0.20599507  0.21825585  0.21825585  0.21825585  0.23508441  0.23508441  0.19403129  0.17224109  
20_0_0     0.13913967  0.13913967  0.13913967  0.16095898  0.00000000  0.22217906  0.22217906  0.16372650  0.16372650  0.16372650  0.14992884  0.14992884  0.12858116  0.13913967  0.13913967  0.13913967  0.18710114  0.21163726  0.14992884  0.12953285  
8_0_0      0.19560923  0.19560923  0.19560923  0.19560923  0.22217906  0.00000000  0.01681184  0.09958716  0.09958716  0.09958716  0.20772143  0.20772143  0.23287514  0.22013817  0.22013817  0.22013817  0.22437809  0.22437809  0.18378696  0.18537081  
18_0_0     0.19560923  0.19560923  0.19560923  0.19560923  0.22217906  0.01681184  0.00000000  0.09958716  0.09958716  0.09958716  0.20772143  0.20772143  0.23287514  0.22013817  0.22013817  0.22013817  0.25089031  0.25089031  0.18378696  0.18537081  
9_0_0      0.17368675  0.17368675  0.17368675  0.19733799  0.16372650  0.09958716  0.09958716  0.00000000  0.00000000  0.00000000  0.12953285  0.12953285  0.17368675  0.16227273  0.16227273  0.16227273  0.18897728  0.21382570  0.15111654  0.15244135  
13_0_0     0.17368675  0.17368675  0.17368675  0.19733799  0.16372650  0.09958716  0.09958716  0.00000000  0.00000000  0.00000000  0.12953285  0.12953285  0.17368675  0.16227273  0.16227273  0.16227273  0.18897728  0.21382570  0.15111654  0.15244135  
7_0_0      0.17368675  0.17368675  0.17368675  0.19733799  0.16372650  0.09958716  0.09958716  0.00000000  0.00000000  0.00000000  0.12953285  0.12953285  0.17368675  0.16227273  0.16227273  0.16227273  0.18897728  0.21382570  0.15111654  0.15244135  
17_0_0     0.15978635  0.15978635  0.15978635  0.18235048  0.14992884  0.20772143  0.20772143  0.12953285  0.12953285  0.12953285  0.00000000  0.01681184  0.07098046  0.06152966  0.06152966  0.06152966  0.10885304  0.12953285  0.07861227  0.07893042  
11_0_0     0.15978635  0.15978635  0.15978635  0.18235048  0.14992884  0.20772143  0.20772143  0.12953285  0.12953285  0.12953285  0.01681184  0.00000000  0.05225632  0.04315389  0.04315389  0.04315389  0.10885304  0.12953285  0.06934302  0.06957232  
5_0_0      0.18235048  0.18235048  0.18235048  0.20599507  0.12858116  0.23287514  0.23287514  0.17368675  0.17368675  0.17368675  0.07098046  0.05225632  0.00000000  0.00833439  0.00833439  0.00833439  0.15111654  0.17368675  0.08805882  0.08846927  
4_0_0      0.19403129  0.19403129  0.19403129  0.21825585  0.13913967  0.22013817  0.22013817  0.16227273  0.16227273  0.16227273  0.06152966  0.04315389  0.00833439  0.00000000  0.00000000  0.00000000  0.14020680  0.16227273  0.07861227  0.07893042  
12_0_0     0.19403129  0.19403129  0.19403129  0.21825585  0.13913967  0.22013817  0.22013817  0.16227273  0.16227273  0.16227273  0.06152966  0.04315389  0.00833439  0.00000000  0.00000000  0.00000000  0.14020680  0.16227273  0.07861227  0.07893042  
10_0_0     0.19403129  0.19403129  0.19403129  0.21825585  0.13913967  0.22013817  0.22013817  0.16227273  0.16227273  0.16227273  0.06152966  0.04315389  0.00833439  0.00000000  0.00000000  0.00000000  0.14020680  0.16227273  0.07861227  0.07893042  
19_0_0     0.20960237  0.20960237  0.20960237  0.23508441  0.18710114  0.22437809  0.25089031  0.18897728  0.18897728  0.18897728  0.10885304  0.10885304  0.15111654  0.14020680  0.14020680  0.14020680  0.00000000  0.01681184  0.09882904  0.09958716  
16_0_0     0.23508441  0.23508441  0.23508441  0.23508441  0.21163726  0.22437809  0.25089031  0.21382570  0.21382570  0.21382570  0.12953285  0.12953285  0.17368675  0.16227273  0.16227273  0.16227273  0.01681184  0.00000000  0.11908472  0.12005521  
6_0_0      0.17093957  0.17093957  0.17093957  0.19403129  0.14992884  0.18378696  0.18378696  0.15111654  0.15111654  0.15111654  0.07861227  0.06934302  0.08805882  0.07861227  0.07861227  0.07861227  0.09882904  0.11908472  0.00000000  0.03397147  
15_0_0     0.14992884  0.14992884  0.14992884  0.17224109  0.12953285  0.18537081  0.18537081  0.15244135  0.15244135  0.15244135  0.07893042  0.06957232  0.08846927  0.07893042  0.07893042  0.07893042  0.09958716  0.12005521  0.03397147  0.00000000  

