165
94_0_0     0.00000000  0.12482517  0.57806136  0.56569301  0.54155490  0.54155490  0.47349960  0.52977250  0.52977250  0.52977250  0.54155490  0.61644629  0.54155490  0.56569301  0.68516485  0.57806136  0.56569301  0.55352635  0.56569301  0.57806136  0.56569301  0.56569301  0.55352635  0.55352635  0.56569301  0.60343066  0.60343066  0.68516485  0.68516485  0.64317914  0.68516485  0.65691353  0.65691353  0.64317914  0.64317914  0.65691353  0.48441977  0.65691353  0.65691353  0.59063819  0.56569301  0.64317914  0.51817327  0.45212735  0.48441977  0.43135027  0.48441977  0.48441977  0.49550214  0.45212735  0.45212735  0.44166649  0.43135027  0.47349960  0.49550214  0.48441977  0.48441977  0.48441977  0.52977250  0.48441977  0.57806136  0.50675160  0.50675160  0.46273696  0.43135027  0.43135027  0.38180603  0.43135027  0.50675160  0.51817327  0.45212735  0.43135027  0.46273696  0.48441977  0.47349960  0.48441977  0.47349960  0.50675160  0.51817327  0.46273696  0.47349960  0.50675160  0.48441977  0.48441977  0.48441977  0.49550214  0.48441977  0.50675160  0.46273696  0.46273696  0.46273696  0.44166649  0.48441977  0.50675160  0.42117474  0.43135027  0.44166649  0.60343066  0.60343066  0.56569301  0.60343066  0.54155490  0.54155490  0.48441977  0.49550214  0.45212735  0.46273696  0.40123076  0.45212735  0.44166649  0.42117474  0.44166649  0.47349960  0.47349960  0.48441977  0.56569301  0.59063819  0.61644629  0.40123076  0.41113612  0.46273696  0.44166649  0.40123076  0.41113612  0.39145518  0.35358541  0.37228007  0.37228007  0.51817327  0.54155490  0.52977250  0.54155490  0.45212735  0.46273696  0.46273696  0.45212735  0.55352635  0.52977250  0.45212735  0.44166649  0.52977250  0.50675160  0.50675160  0.42117474  0.43135027  0.45212735  0.42117474  0.46273696  0.47349960  0.46273696  0.47349960  0.54155490  0.56569301  0.56569301  0.59063819  0.54155490  0.56569301  0.65691353  0.64317914  0.69970205  0.69970205  0.72965476  0.76086035  0.69970205  0.67090549  
98_0_0     0.12482517  0.00000000  0.50675160  0.49550214  0.49550214  0.42117474  0.45212735  0.48441977  0.48441977  0.48441977  0.48441977  0.57806136  0.56569301  0.57806136  0.65691353  0.64317914  0.62969299  0.61644629  0.60343066  0.64317914  0.65691353  0.65691353  0.54155490  0.54155490  0.55352635  0.60343066  0.60343066  0.62969299  0.62969299  0.60343066  0.62969299  0.60343066  0.60343066  0.59063819  0.59063819  0.60343066  0.46273696  0.60343066  0.57806136  0.47349960  0.47349960  0.57806136  0.52977250  0.49550214  0.44166649  0.43135027  0.49550214  0.47349960  0.45212735  0.41113612  0.41113612  0.43135027  0.44166649  0.46273696  0.50675160  0.48441977  0.50675160  0.46273696  0.50675160  0.46273696  0.52977250  0.45212735  0.45212735  0.43135027  0.41113612  0.42117474  0.30015759  0.41113612  0.36287419  0.35358541  0.37228007  0.35358541  0.38180603  0.40123076  0.39145518  0.40123076  0.37228007  0.41113612  0.42117474  0.39145518  0.40123076  0.43135027  0.41113612  0.41113612  0.40123076  0.41113612  0.40123076  0.43135027  0.40123076  0.40123076  0.40123076  0.40123076  0.37228007  0.49550214  0.36287419  0.35358541  0.36287419  0.44166649  0.44166649  0.40123076  0.45212735  0.42117474  0.40123076  0.43135027  0.44166649  0.40123076  0.39145518  0.37228007  0.36287419  0.37228007  0.33534773  0.38180603  0.44166649  0.44166649  0.44166649  0.47349960  0.49550214  0.54155490  0.35358541  0.34441085  0.39145518  0.39145518  0.33534773  0.36287419  0.34441085  0.35358541  0.37228007  0.37228007  0.56569301  0.57806136  0.56569301  0.55352635  0.46273696  0.48441977  0.42117474  0.41113612  0.51817327  0.49550214  0.46273696  0.45212735  0.48441977  0.48441977  0.46273696  0.42117474  0.39145518  0.43135027  0.37228007  0.41113612  0.40123076  0.39145518  0.40123076  0.49550214  0.51817327  0.51817327  0.56569301  0.55352635  0.54155490  0.69970205  0.65691353  0.72965476  0.69970205  0.68516485  0.64317914  0.64317914  0.68516485  
95_24_0    0.57806136  0.50675160  0.00000000  0.00576937  0.04135507  0.21882318  0.47349960  0.38180603  0.38180603  0.40123076  0.41113612  0.57806136  0.56569301  0.57806136  0.60343066  0.54155490  0.54155490  0.57806136  0.56569301  0.50675160  0.54155490  0.54155490  0.52977250  0.46273696  0.47349960  0.60343066  0.60343066  0.59063819  0.57806136  0.55352635  0.55352635  0.56569301  0.56569301  0.57806136  0.57806136  0.56569301  0.38180603  0.59063819  0.54155490  0.40123076  0.43135027  0.65691353  0.68516485  0.56569301  0.39145518  0.42117474  0.50675160  0.47349960  0.47349960  0.47349960  0.46273696  0.47349960  0.48441977  0.48441977  0.49550214  0.48441977  0.49550214  0.52977250  0.46273696  0.45212735  0.49550214  0.43135027  0.44166649  0.45212735  0.43135027  0.48441977  0.35358541  0.31754522  0.41113612  0.40123076  0.38180603  0.41113612  0.39145518  0.41113612  0.39145518  0.37228007  0.40123076  0.40123076  0.41113612  0.40123076  0.39145518  0.40123076  0.40123076  0.40123076  0.46273696  0.45212735  0.46273696  0.46273696  0.41113612  0.47349960  0.47349960  0.54155490  0.48441977  0.61644629  0.49550214  0.39145518  0.41113612  0.45212735  0.46273696  0.44166649  0.45212735  0.40123076  0.41113612  0.48441977  0.47349960  0.46273696  0.46273696  0.52977250  0.54155490  0.37228007  0.36287419  0.43135027  0.41113612  0.41113612  0.37228007  0.57806136  0.56569301  0.52977250  0.42117474  0.42117474  0.45212735  0.47349960  0.40123076  0.37228007  0.35358541  0.39145518  0.37228007  0.37228007  0.54155490  0.50675160  0.54155490  0.55352635  0.45212735  0.42117474  0.35358541  0.36287419  0.49550214  0.46273696  0.44166649  0.42117474  0.45212735  0.45212735  0.44166649  0.47349960  0.43135027  0.44166649  0.34441085  0.31754522  0.31754522  0.31754522  0.36287419  0.52977250  0.51817327  0.51817327  0.49550214  0.49550214  0.49550214  0.57806136  0.55352635  0.71452811  0.74509443  0.65691353  0.67090549  0.68516485  0.69970205  
100_24_0   0.56569301  0.49550214  0.00576937  0.00000000  0.03530500  0.21115688  0.48441977  0.39145518  0.39145518  0.41113612  0.42117474  0.59063819  0.57806136  0.59063819  0.59063819  0.55352635  0.55352635  0.59063819  0.57806136  0.51817327  0.55352635  0.55352635  0.51817327  0.45212735  0.46273696  0.61644629  0.61644629  0.60343066  0.59063819  0.56569301  0.56569301  0.57806136  0.57806136  0.59063819  0.59063819  0.57806136  0.37228007  0.60343066  0.52977250  0.41113612  0.44166649  0.67090549  0.69970205  0.57806136  0.38180603  0.41113612  0.49550214  0.46273696  0.46273696  0.46273696  0.45212735  0.46273696  0.47349960  0.47349960  0.48441977  0.47349960  0.48441977  0.51817327  0.45212735  0.44166649  0.48441977  0.42117474  0.43135027  0.44166649  0.42117474  0.47349960  0.34441085  0.30880075  0.40123076  0.39145518  0.37228007  0.40123076  0.38180603  0.40123076  0.38180603  0.36287419  0.39145518  0.39145518  0.40123076  0.39145518  0.38180603  0.39145518  0.39145518  0.39145518  0.45212735  0.44166649  0.45212735  0.47349960  0.40123076  0.46273696  0.46273696  0.52977250  0.49550214  0.60343066  0.48441977  0.38180603  0.40123076  0.46273696  0.47349960  0.45212735  0.46273696  0.41113612  0.42117474  0.49550214  0.48441977  0.47349960  0.47349960  0.54155490  0.55352635  0.36287419  0.35358541  0.42117474  0.40123076  0.40123076  0.36287419  0.59063819  0.57806136  0.54155490  0.42117474  0.42117474  0.45212735  0.47349960  0.40123076  0.36287419  0.34441085  0.38180603  0.36287419  0.36287419  0.55352635  0.51817327  0.55352635  0.56569301  0.44166649  0.41113612  0.34441085  0.35358541  0.48441977  0.45212735  0.43135027  0.41113612  0.46273696  0.46273696  0.45212735  0.46273696  0.42117474  0.43135027  0.33534773  0.30880075  0.30880075  0.30880075  0.35358541  0.54155490  0.52977250  0.52977250  0.50675160  0.50675160  0.50675160  0.59063819  0.56569301  0.72965476  0.76086035  0.67090549  0.68516485  0.69970205  0.71452811  
97_24_0    0.54155490  0.49550214  0.04135507  0.03530500  0.00000000  0.22656906  0.42117474  0.37228007  0.37228007  0.39145518  0.40123076  0.59063819  0.57806136  0.59063819  0.56569301  0.57806136  0.57806136  0.61644629  0.62969299  0.54155490  0.57806136  0.57806136  0.45212735  0.39145518  0.42117474  0.59063819  0.59063819  0.57806136  0.56569301  0.51817327  0.54155490  0.55352635  0.55352635  0.56569301  0.56569301  0.55352635  0.37228007  0.62969299  0.55352635  0.41113612  0.44166649  0.64317914  0.69970205  0.57806136  0.36287419  0.41113612  0.49550214  0.46273696  0.46273696  0.46273696  0.45212735  0.46273696  0.47349960  0.45212735  0.48441977  0.47349960  0.48441977  0.49550214  0.45212735  0.44166649  0.48441977  0.42117474  0.43135027  0.44166649  0.40123076  0.45212735  0.32639338  0.32639338  0.36287419  0.35358541  0.33534773  0.36287419  0.34441085  0.36287419  0.34441085  0.36287419  0.35358541  0.37228007  0.38180603  0.37228007  0.36287419  0.37228007  0.37228007  0.37228007  0.39145518  0.38180603  0.39145518  0.41113612  0.34441085  0.43135027  0.43135027  0.49550214  0.46273696  0.61644629  0.46273696  0.34441085  0.36287419  0.46273696  0.47349960  0.45212735  0.46273696  0.43135027  0.42117474  0.48441977  0.48441977  0.46273696  0.46273696  0.52977250  0.51817327  0.35358541  0.34441085  0.41113612  0.39145518  0.39145518  0.39145518  0.61644629  0.60343066  0.56569301  0.42117474  0.42117474  0.44166649  0.46273696  0.40123076  0.34441085  0.32639338  0.38180603  0.35358541  0.35358541  0.52977250  0.51817327  0.52977250  0.54155490  0.42117474  0.35358541  0.32639338  0.31754522  0.49550214  0.46273696  0.42117474  0.39145518  0.44166649  0.44166649  0.43135027  0.43135027  0.39145518  0.40123076  0.35358541  0.30880075  0.30880075  0.30880075  0.33534773  0.54155490  0.52977250  0.52977250  0.50675160  0.55352635  0.50675160  0.54155490  0.54155490  0.72965476  0.72965476  0.64317914  0.65691353  0.65691353  0.68516485  
96_24_0    0.54155490  0.42117474  0.21882318  0.21115688  0.22656906  0.00000000  0.47349960  0.44166649  0.44166649  0.44166649  0.44166649  0.57806136  0.60343066  0.64317914  0.61644629  0.54155490  0.52977250  0.54155490  0.52977250  0.52977250  0.54155490  0.54155490  0.50675160  0.51817327  0.48441977  0.81026126  0.81026126  0.64317914  0.62969299  0.62969299  0.62969299  0.61644629  0.61644629  0.60343066  0.60343066  0.61644629  0.42117474  0.71452811  0.65691353  0.47349960  0.48441977  0.65691353  0.68516485  0.65691353  0.41113612  0.44166649  0.42117474  0.39145518  0.40123076  0.38180603  0.37228007  0.39145518  0.40123076  0.42117474  0.45212735  0.44166649  0.47349960  0.44166649  0.42117474  0.41113612  0.49550214  0.39145518  0.40123076  0.39145518  0.39145518  0.42117474  0.30880075  0.43135027  0.37228007  0.36287419  0.38180603  0.41113612  0.39145518  0.40123076  0.39145518  0.35358541  0.38180603  0.39145518  0.40123076  0.35358541  0.36287419  0.37228007  0.35358541  0.35358541  0.44166649  0.43135027  0.44166649  0.48441977  0.41113612  0.43135027  0.43135027  0.47349960  0.46273696  0.49550214  0.44166649  0.35358541  0.35358541  0.51817327  0.50675160  0.48441977  0.49550214  0.41113612  0.42117474  0.50675160  0.50675160  0.50675160  0.50675160  0.54155490  0.56569301  0.40123076  0.40123076  0.39145518  0.45212735  0.45212735  0.43135027  0.54155490  0.56569301  0.55352635  0.41113612  0.41113612  0.46273696  0.48441977  0.41113612  0.41113612  0.39145518  0.39145518  0.41113612  0.41113612  0.54155490  0.51817327  0.57806136  0.59063819  0.51817327  0.56569301  0.46273696  0.49550214  0.50675160  0.51817327  0.48441977  0.43135027  0.49550214  0.49550214  0.48441977  0.42117474  0.43135027  0.46273696  0.36287419  0.33534773  0.31754522  0.31754522  0.34441085  0.46273696  0.45212735  0.45212735  0.47349960  0.49550214  0.49550214  0.57806136  0.52977250  0.68516485  0.71452811  0.59063819  0.61644629  0.68516485  0.64317914  
92_21_0    0.47349960  0.45212735  0.47349960  0.48441977  0.42117474  0.47349960  0.00000000  0.15250718  0.14548981  0.15959119  0.16674310  0.43135027  0.44166649  0.46273696  0.56569301  0.56569301  0.56569301  0.60343066  0.61644629  0.57806136  0.56569301  0.56569301  0.46273696  0.46273696  0.46273696  0.46273696  0.46273696  0.47349960  0.48441977  0.49550214  0.51817327  0.48441977  0.48441977  0.49550214  0.49550214  0.48441977  0.43135027  0.59063819  0.55352635  0.46273696  0.46273696  0.64317914  0.56569301  0.62969299  0.43135027  0.39145518  0.45212735  0.45212735  0.40123076  0.40123076  0.41113612  0.43135027  0.42117474  0.41113612  0.45212735  0.46273696  0.48441977  0.48441977  0.48441977  0.45212735  0.45212735  0.40123076  0.40123076  0.41113612  0.39145518  0.39145518  0.32639338  0.36287419  0.30880075  0.30880075  0.30880075  0.32639338  0.31754522  0.36287419  0.31754522  0.36287419  0.32639338  0.33534773  0.34441085  0.30880075  0.31754522  0.33534773  0.31754522  0.31754522  0.34441085  0.35358541  0.34441085  0.37228007  0.31754522  0.43135027  0.43135027  0.45212735  0.40123076  0.46273696  0.35358541  0.31754522  0.32639338  0.41113612  0.41113612  0.41113612  0.44166649  0.37228007  0.37228007  0.43135027  0.45212735  0.45212735  0.45212735  0.44166649  0.43135027  0.37228007  0.34441085  0.37228007  0.48441977  0.48441977  0.52977250  0.49550214  0.51817327  0.52977250  0.34441085  0.33534773  0.35358541  0.35358541  0.31754522  0.33534773  0.31754522  0.42117474  0.43135027  0.43135027  0.50675160  0.50675160  0.49550214  0.49550214  0.46273696  0.40123076  0.36287419  0.37228007  0.45212735  0.46273696  0.39145518  0.37228007  0.36287419  0.36287419  0.34441085  0.38180603  0.40123076  0.43135027  0.38180603  0.31754522  0.31754522  0.30880075  0.33534773  0.44166649  0.45212735  0.45212735  0.46273696  0.54155490  0.46273696  0.51817327  0.55352635  0.65691353  0.65691353  0.61644629  0.64317914  0.60343066  0.61644629  
96_21_0    0.52977250  0.48441977  0.38180603  0.39145518  0.37228007  0.44166649  0.15250718  0.00000000  0.01158371  0.01744371  0.02335009  0.44166649  0.46273696  0.46273696  0.52977250  0.49550214  0.49550214  0.52977250  0.54155490  0.49550214  0.50675160  0.50675160  0.49550214  0.47349960  0.48441977  0.48441977  0.48441977  0.45212735  0.46273696  0.42117474  0.47349960  0.44166649  0.44166649  0.45212735  0.45212735  0.44166649  0.40123076  0.51817327  0.50675160  0.42117474  0.42117474  0.57806136  0.54155490  0.59063819  0.39145518  0.33534773  0.41113612  0.41113612  0.34441085  0.35358541  0.36287419  0.39145518  0.38180603  0.39145518  0.46273696  0.47349960  0.49550214  0.50675160  0.48441977  0.44166649  0.45212735  0.39145518  0.37228007  0.39145518  0.36287419  0.35358541  0.28316594  0.28316594  0.33534773  0.33534773  0.31754522  0.33534773  0.34441085  0.38180603  0.32639338  0.35358541  0.33534773  0.35358541  0.36287419  0.33534773  0.34441085  0.34441085  0.34441085  0.34441085  0.36287419  0.37228007  0.36287419  0.40123076  0.33534773  0.42117474  0.42117474  0.44166649  0.37228007  0.50675160  0.44166649  0.31754522  0.33534773  0.48441977  0.49550214  0.46273696  0.48441977  0.42117474  0.42117474  0.43135027  0.44166649  0.45212735  0.43135027  0.45212735  0.45212735  0.35358541  0.31754522  0.36287419  0.45212735  0.45212735  0.47349960  0.50675160  0.52977250  0.51817327  0.36287419  0.35358541  0.34441085  0.36287419  0.34441085  0.35358541  0.33534773  0.35358541  0.36287419  0.36287419  0.55352635  0.51817327  0.50675160  0.54155490  0.42117474  0.41113612  0.30880075  0.35358541  0.37228007  0.38180603  0.32639338  0.30880075  0.43135027  0.43135027  0.41113612  0.37228007  0.35358541  0.38180603  0.37228007  0.33534773  0.32639338  0.32639338  0.33534773  0.46273696  0.45212735  0.45212735  0.49550214  0.57806136  0.48441977  0.48441977  0.49550214  0.59063819  0.61644629  0.64317914  0.65691353  0.61644629  0.57806136  
97_21_0    0.52977250  0.48441977  0.38180603  0.39145518  0.37228007  0.44166649  0.14548981  0.01158371  0.00000000  0.01744371  0.02335009  0.42117474  0.47349960  0.47349960  0.54155490  0.50675160  0.50675160  0.54155490  0.55352635  0.49550214  0.50675160  0.50675160  0.48441977  0.46273696  0.47349960  0.50675160  0.50675160  0.46273696  0.47349960  0.43135027  0.48441977  0.45212735  0.45212735  0.46273696  0.46273696  0.45212735  0.41113612  0.54155490  0.52977250  0.43135027  0.43135027  0.59063819  0.54155490  0.59063819  0.41113612  0.35358541  0.43135027  0.43135027  0.36287419  0.37228007  0.38180603  0.41113612  0.40123076  0.41113612  0.48441977  0.49550214  0.51817327  0.52977250  0.50675160  0.46273696  0.45212735  0.39145518  0.37228007  0.40123076  0.38180603  0.37228007  0.29161339  0.28316594  0.32639338  0.32639338  0.30880075  0.32639338  0.33534773  0.37228007  0.31754522  0.34441085  0.32639338  0.33534773  0.34441085  0.32639338  0.33534773  0.33534773  0.33534773  0.33534773  0.35358541  0.36287419  0.35358541  0.39145518  0.32639338  0.42117474  0.42117474  0.44166649  0.39145518  0.50675160  0.42117474  0.30880075  0.32639338  0.47349960  0.48441977  0.44166649  0.47349960  0.41113612  0.41113612  0.44166649  0.45212735  0.46273696  0.44166649  0.45212735  0.46273696  0.33534773  0.30015759  0.34441085  0.44166649  0.44166649  0.46273696  0.48441977  0.50675160  0.49550214  0.35358541  0.34441085  0.33534773  0.35358541  0.33534773  0.33534773  0.31754522  0.33534773  0.34441085  0.34441085  0.54155490  0.50675160  0.49550214  0.52977250  0.40123076  0.39145518  0.29161339  0.33534773  0.38180603  0.39145518  0.33534773  0.31754522  0.43135027  0.43135027  0.41113612  0.38180603  0.36287419  0.39145518  0.36287419  0.32639338  0.31754522  0.31754522  0.32639338  0.45212735  0.44166649  0.44166649  0.48441977  0.56569301  0.46273696  0.47349960  0.48441977  0.56569301  0.59063819  0.62969299  0.62969299  0.61644629  0.56569301  
95_21_0    0.52977250  0.48441977  0.40123076  0.41113612  0.39145518  0.44166649  0.15959119  0.01744371  0.01744371  0.00000000  0.00576937  0.45212735  0.48441977  0.48441977  0.52977250  0.49550214  0.49550214  0.52977250  0.54155490  0.50675160  0.51817327  0.51817327  0.51817327  0.49550214  0.48441977  0.51817327  0.51817327  0.44166649  0.45212735  0.42117474  0.47349960  0.44166649  0.44166649  0.45212735  0.45212735  0.44166649  0.40123076  0.54155490  0.52977250  0.42117474  0.42117474  0.57806136  0.55352635  0.57806136  0.42117474  0.36287419  0.44166649  0.44166649  0.37228007  0.38180603  0.39145518  0.42117474  0.41113612  0.42117474  0.49550214  0.50675160  0.52977250  0.51817327  0.49550214  0.47349960  0.46273696  0.40123076  0.38180603  0.41113612  0.39145518  0.38180603  0.30015759  0.29161339  0.35358541  0.35358541  0.31754522  0.33534773  0.34441085  0.38180603  0.32639338  0.35358541  0.33534773  0.34441085  0.35358541  0.33534773  0.34441085  0.34441085  0.34441085  0.34441085  0.38180603  0.39145518  0.38180603  0.42117474  0.35358541  0.45212735  0.45212735  0.47349960  0.40123076  0.51817327  0.43135027  0.33534773  0.33534773  0.50675160  0.49550214  0.45212735  0.48441977  0.42117474  0.42117474  0.45212735  0.46273696  0.47349960  0.45212735  0.45212735  0.45212735  0.34441085  0.32639338  0.35358541  0.47349960  0.47349960  0.49550214  0.50675160  0.52977250  0.51817327  0.36287419  0.35358541  0.36287419  0.38180603  0.36287419  0.36287419  0.34441085  0.34441085  0.37228007  0.37228007  0.55352635  0.54155490  0.52977250  0.55352635  0.43135027  0.40123076  0.31754522  0.34441085  0.37228007  0.38180603  0.33534773  0.31754522  0.43135027  0.43135027  0.41113612  0.37228007  0.37228007  0.40123076  0.39145518  0.33534773  0.32639338  0.32639338  0.33534773  0.47349960  0.46273696  0.46273696  0.48441977  0.56569301  0.46273696  0.47349960  0.48441977  0.56569301  0.59063819  0.62969299  0.62969299  0.61644629  0.56569301  
100_21_0   0.54155490  0.48441977  0.41113612  0.42117474  0.40123076  0.44166649  0.16674310  0.02335009  0.02335009  0.00576937  0.00000000  0.46273696  0.49550214  0.49550214  0.54155490  0.50675160  0.50675160  0.54155490  0.55352635  0.51817327  0.52977250  0.52977250  0.51817327  0.50675160  0.49550214  0.52977250  0.52977250  0.45212735  0.46273696  0.43135027  0.48441977  0.45212735  0.45212735  0.46273696  0.46273696  0.45212735  0.41113612  0.55352635  0.54155490  0.43135027  0.43135027  0.59063819  0.56569301  0.59063819  0.43135027  0.37228007  0.45212735  0.45212735  0.38180603  0.39145518  0.40123076  0.43135027  0.42117474  0.43135027  0.50675160  0.51817327  0.54155490  0.52977250  0.50675160  0.48441977  0.46273696  0.40123076  0.38180603  0.41113612  0.39145518  0.38180603  0.30015759  0.30015759  0.35358541  0.35358541  0.32639338  0.34441085  0.35358541  0.38180603  0.33534773  0.35358541  0.33534773  0.35358541  0.36287419  0.34441085  0.35358541  0.35358541  0.35358541  0.35358541  0.39145518  0.40123076  0.39145518  0.43135027  0.36287419  0.45212735  0.45212735  0.47349960  0.40123076  0.51817327  0.44166649  0.34441085  0.34441085  0.50675160  0.49550214  0.45212735  0.48441977  0.42117474  0.42117474  0.46273696  0.47349960  0.48441977  0.46273696  0.46273696  0.46273696  0.35358541  0.33534773  0.35358541  0.48441977  0.48441977  0.50675160  0.51817327  0.54155490  0.52977250  0.37228007  0.36287419  0.37228007  0.39145518  0.37228007  0.37228007  0.35358541  0.35358541  0.38180603  0.38180603  0.56569301  0.55352635  0.54155490  0.56569301  0.44166649  0.41113612  0.32639338  0.35358541  0.38180603  0.39145518  0.34441085  0.32639338  0.44166649  0.44166649  0.42117474  0.38180603  0.38180603  0.41113612  0.40123076  0.34441085  0.33534773  0.33534773  0.34441085  0.47349960  0.46273696  0.46273696  0.48441977  0.56569301  0.46273696  0.47349960  0.48441977  0.56569301  0.59063819  0.62969299  0.62969299  0.61644629  0.56569301  
92_22_0    0.61644629  0.57806136  0.57806136  0.59063819  0.59063819  0.57806136  0.43135027  0.44166649  0.42117474  0.45212735  0.46273696  0.00000000  0.12482517  0.15250718  0.21115688  0.26655264  0.25838267  0.25030120  0.25838267  0.29161339  0.30880075  0.30880075  0.48441977  0.51817327  0.52977250  0.60343066  0.60343066  0.64317914  0.61644629  0.55352635  0.60343066  0.62969299  0.62969299  0.61644629  0.61644629  0.62969299  0.55352635  0.60343066  0.64317914  0.47349960  0.47349960  0.57806136  0.64317914  0.76086035  0.46273696  0.46273696  0.51817327  0.51817327  0.46273696  0.48441977  0.49550214  0.47349960  0.46273696  0.47349960  0.60343066  0.59063819  0.60343066  0.60343066  0.59063819  0.55352635  0.60343066  0.56569301  0.55352635  0.50675160  0.47349960  0.52977250  0.41113612  0.42117474  0.49550214  0.49550214  0.54155490  0.55352635  0.57806136  0.57806136  0.55352635  0.59063819  0.56569301  0.54155490  0.55352635  0.54155490  0.55352635  0.55352635  0.54155490  0.54155490  0.52977250  0.54155490  0.52977250  0.50675160  0.51817327  0.54155490  0.54155490  0.55352635  0.54155490  0.64317914  0.48441977  0.43135027  0.45212735  0.60343066  0.61644629  0.61644629  0.60343066  0.56569301  0.60343066  0.52977250  0.54155490  0.56569301  0.54155490  0.55352635  0.64317914  0.48441977  0.44166649  0.48441977  0.49550214  0.49550214  0.49550214  0.44166649  0.46273696  0.45212735  0.40123076  0.39145518  0.41113612  0.41113612  0.38180603  0.47349960  0.47349960  0.51817327  0.52977250  0.52977250  0.59063819  0.55352635  0.54155490  0.64317914  0.59063819  0.46273696  0.54155490  0.52977250  0.60343066  0.59063819  0.52977250  0.50675160  0.43135027  0.45212735  0.45212735  0.47349960  0.56569301  0.62969299  0.42117474  0.42117474  0.44166649  0.43135027  0.47349960  0.52977250  0.54155490  0.54155490  0.54155490  0.56569301  0.54155490  0.62969299  0.65691353  0.65691353  0.62969299  0.67090549  0.65691353  0.67090549  0.59063819  
93_27_0    0.54155490  0.56569301  0.56569301  0.57806136  0.57806136  0.60343066  0.44166649  0.46273696  0.47349960  0.48441977  0.49550214  0.12482517  0.00000000  0.02930360  0.23439620  0.25838267  0.25030120  0.25838267  0.26655264  0.28316594  0.26655264  0.26655264  0.44166649  0.45212735  0.46273696  0.52977250  0.52977250  0.60343066  0.60343066  0.52977250  0.54155490  0.56569301  0.56569301  0.55352635  0.55352635  0.56569301  0.51817327  0.56569301  0.60343066  0.47349960  0.49550214  0.51817327  0.60343066  0.71452811  0.48441977  0.48441977  0.49550214  0.49550214  0.51817327  0.50675160  0.51817327  0.47349960  0.46273696  0.47349960  0.55352635  0.54155490  0.55352635  0.57806136  0.49550214  0.52977250  0.59063819  0.59063819  0.54155490  0.49550214  0.49550214  0.54155490  0.41113612  0.44166649  0.48441977  0.48441977  0.54155490  0.49550214  0.55352635  0.55352635  0.52977250  0.56569301  0.54155490  0.51817327  0.52977250  0.51817327  0.50675160  0.52977250  0.51817327  0.51817327  0.54155490  0.55352635  0.54155490  0.54155490  0.52977250  0.48441977  0.48441977  0.47349960  0.47349960  0.55352635  0.45212735  0.44166649  0.46273696  0.55352635  0.56569301  0.56569301  0.52977250  0.49550214  0.48441977  0.45212735  0.47349960  0.48441977  0.48441977  0.49550214  0.52977250  0.49550214  0.47349960  0.50675160  0.49550214  0.49550214  0.49550214  0.49550214  0.49550214  0.55352635  0.39145518  0.42117474  0.40123076  0.40123076  0.43135027  0.50675160  0.48441977  0.49550214  0.48441977  0.48441977  0.51817327  0.51817327  0.50675160  0.52977250  0.54155490  0.44166649  0.49550214  0.48441977  0.65691353  0.64317914  0.59063819  0.56569301  0.48441977  0.48441977  0.50675160  0.48441977  0.52977250  0.54155490  0.38180603  0.42117474  0.44166649  0.43135027  0.45212735  0.47349960  0.48441977  0.48441977  0.50675160  0.50675160  0.50675160  0.55352635  0.61644629  0.65691353  0.62969299  0.59063819  0.57806136  0.60343066  0.51817327  
99_27_0    0.56569301  0.57806136  0.57806136  0.59063819  0.59063819  0.64317914  0.46273696  0.46273696  0.47349960  0.48441977  0.49550214  0.15250718  0.02930360  0.00000000  0.26655264  0.25838267  0.25030120  0.25838267  0.26655264  0.29161339  0.27481305  0.27481305  0.49550214  0.50675160  0.51817327  0.51817327  0.51817327  0.61644629  0.61644629  0.54155490  0.55352635  0.57806136  0.57806136  0.56569301  0.56569301  0.57806136  0.52977250  0.60343066  0.64317914  0.48441977  0.50675160  0.52977250  0.64317914  0.72965476  0.54155490  0.51817327  0.55352635  0.55352635  0.55352635  0.54155490  0.55352635  0.52977250  0.51817327  0.52977250  0.61644629  0.60343066  0.61644629  0.64317914  0.55352635  0.59063819  0.64317914  0.65691353  0.60343066  0.55352635  0.52977250  0.57806136  0.44166649  0.45212735  0.51817327  0.51817327  0.54155490  0.49550214  0.55352635  0.55352635  0.52977250  0.56569301  0.54155490  0.54155490  0.55352635  0.54155490  0.52977250  0.55352635  0.54155490  0.54155490  0.56569301  0.57806136  0.56569301  0.59063819  0.55352635  0.50675160  0.50675160  0.51817327  0.49550214  0.60343066  0.48441977  0.47349960  0.49550214  0.56569301  0.57806136  0.60343066  0.56569301  0.52977250  0.51817327  0.48441977  0.48441977  0.51817327  0.51817327  0.50675160  0.56569301  0.52977250  0.50675160  0.54155490  0.50675160  0.50675160  0.50675160  0.54155490  0.54155490  0.60343066  0.44166649  0.47349960  0.45212735  0.45212735  0.48441977  0.54155490  0.51817327  0.55352635  0.54155490  0.54155490  0.54155490  0.56569301  0.55352635  0.57806136  0.54155490  0.46273696  0.49550214  0.48441977  0.69970205  0.68516485  0.62969299  0.62969299  0.49550214  0.49550214  0.51817327  0.48441977  0.51817327  0.52977250  0.39145518  0.45212735  0.45212735  0.44166649  0.48441977  0.48441977  0.49550214  0.49550214  0.51817327  0.51817327  0.51817327  0.56569301  0.62969299  0.69970205  0.67090549  0.65691353  0.61644629  0.67090549  0.57806136  
92_27_0    0.68516485  0.65691353  0.60343066  0.59063819  0.56569301  0.61644629  0.56569301  0.52977250  0.54155490  0.52977250  0.54155490  0.21115688  0.23439620  0.26655264  0.00000000  0.30880075  0.30015759  0.29161339  0.30015759  0.33534773  0.33534773  0.33534773  0.51817327  0.51817327  0.52977250  0.64317914  0.64317914  0.67090549  0.65691353  0.61644629  0.61644629  0.64317914  0.64317914  0.62969299  0.62969299  0.64317914  0.55352635  0.67090549  0.67090549  0.60343066  0.62969299  0.65691353  0.74509443  0.81026126  0.49550214  0.51817327  0.51817327  0.50675160  0.55352635  0.56569301  0.56569301  0.50675160  0.51817327  0.49550214  0.60343066  0.59063819  0.60343066  0.61644629  0.51817327  0.57806136  0.61644629  0.60343066  0.59063819  0.52977250  0.52977250  0.61644629  0.47349960  0.49550214  0.52977250  0.52977250  0.56569301  0.57806136  0.60343066  0.57806136  0.55352635  0.59063819  0.56569301  0.59063819  0.60343066  0.55352635  0.54155490  0.57806136  0.56569301  0.56569301  0.54155490  0.52977250  0.54155490  0.48441977  0.51817327  0.61644629  0.61644629  0.62969299  0.62969299  0.81026126  0.54155490  0.46273696  0.46273696  0.69970205  0.68516485  0.68516485  0.64317914  0.55352635  0.59063819  0.52977250  0.56569301  0.55352635  0.56569301  0.57806136  0.56569301  0.50675160  0.52977250  0.51817327  0.52977250  0.52977250  0.50675160  0.48441977  0.48441977  0.55352635  0.45212735  0.48441977  0.56569301  0.56569301  0.49550214  0.49550214  0.49550214  0.54155490  0.55352635  0.55352635  0.61644629  0.60343066  0.57806136  0.62969299  0.56569301  0.47349960  0.52977250  0.55352635  0.56569301  0.57806136  0.55352635  0.51817327  0.56569301  0.54155490  0.54155490  0.55352635  0.57806136  0.61644629  0.47349960  0.47349960  0.50675160  0.49550214  0.48441977  0.60343066  0.59063819  0.59063819  0.59063819  0.61644629  0.59063819  0.60343066  0.64317914  0.65691353  0.62969299  0.79342824  0.81026126  0.84511128  0.72965476  
97_26_0    0.57806136  0.64317914  0.54155490  0.55352635  0.57806136  0.54155490  0.56569301  0.49550214  0.50675160  0.49550214  0.50675160  0.26655264  0.25838267  0.25838267  0.30880075  0.00000000  0.00576937  0.02335009  0.02930360  0.05360438  0.06605816  0.06605816  0.59063819  0.59063819  0.56569301  0.62969299  0.62969299  0.67090549  0.64317914  0.60343066  0.62969299  0.62969299  0.62969299  0.61644629  0.61644629  0.62969299  0.55352635  0.65691353  0.72965476  0.64317914  0.64317914  0.71452811  0.61644629  0.64317914  0.52977250  0.47349960  0.51817327  0.54155490  0.57806136  0.55352635  0.56569301  0.51817327  0.50675160  0.51817327  0.62969299  0.61644629  0.60343066  0.67090549  0.60343066  0.57806136  0.69970205  0.62969299  0.61644629  0.52977250  0.48441977  0.55352635  0.50675160  0.52977250  0.61644629  0.61644629  0.54155490  0.51817327  0.60343066  0.60343066  0.55352635  0.54155490  0.56569301  0.59063819  0.60343066  0.55352635  0.54155490  0.59063819  0.56569301  0.56569301  0.62969299  0.61644629  0.62969299  0.65691353  0.60343066  0.64317914  0.64317914  0.65691353  0.65691353  0.69970205  0.59063819  0.55352635  0.55352635  0.61644629  0.60343066  0.62969299  0.60343066  0.56569301  0.57806136  0.59063819  0.57806136  0.62969299  0.60343066  0.60343066  0.60343066  0.56569301  0.59063819  0.61644629  0.50675160  0.50675160  0.48441977  0.47349960  0.47349960  0.56569301  0.51817327  0.55352635  0.59063819  0.56569301  0.56569301  0.52977250  0.52977250  0.55352635  0.55352635  0.55352635  0.62969299  0.68516485  0.68516485  0.65691353  0.57806136  0.51817327  0.51817327  0.54155490  0.61644629  0.62969299  0.62969299  0.61644629  0.60343066  0.57806136  0.60343066  0.55352635  0.60343066  0.60343066  0.45212735  0.45212735  0.47349960  0.46273696  0.50675160  0.65691353  0.64317914  0.64317914  0.67090549  0.67090549  0.64317914  0.67090549  0.71452811  0.60343066  0.60343066  0.72965476  0.79342824  0.86316633  0.67090549  
97_22_0    0.56569301  0.62969299  0.54155490  0.55352635  0.57806136  0.52977250  0.56569301  0.49550214  0.50675160  0.49550214  0.50675160  0.25838267  0.25030120  0.25030120  0.30015759  0.00576937  0.00000000  0.01744371  0.02335009  0.05980529  0.07236387  0.07236387  0.57806136  0.57806136  0.55352635  0.62969299  0.62969299  0.67090549  0.64317914  0.60343066  0.62969299  0.62969299  0.62969299  0.61644629  0.61644629  0.62969299  0.54155490  0.67090549  0.72965476  0.62969299  0.62969299  0.69970205  0.62969299  0.65691353  0.51817327  0.46273696  0.50675160  0.52977250  0.56569301  0.54155490  0.55352635  0.50675160  0.49550214  0.50675160  0.61644629  0.60343066  0.59063819  0.65691353  0.59063819  0.56569301  0.68516485  0.61644629  0.60343066  0.51817327  0.47349960  0.56569301  0.49550214  0.54155490  0.60343066  0.60343066  0.52977250  0.50675160  0.59063819  0.59063819  0.54155490  0.52977250  0.55352635  0.57806136  0.59063819  0.54155490  0.52977250  0.57806136  0.55352635  0.55352635  0.61644629  0.60343066  0.61644629  0.64317914  0.59063819  0.62969299  0.62969299  0.64317914  0.64317914  0.68516485  0.57806136  0.54155490  0.54155490  0.60343066  0.59063819  0.61644629  0.59063819  0.55352635  0.56569301  0.59063819  0.57806136  0.62969299  0.60343066  0.60343066  0.60343066  0.55352635  0.57806136  0.60343066  0.49550214  0.49550214  0.47349960  0.46273696  0.46273696  0.55352635  0.50675160  0.54155490  0.57806136  0.55352635  0.55352635  0.52977250  0.52977250  0.55352635  0.55352635  0.55352635  0.62969299  0.68516485  0.68516485  0.65691353  0.56569301  0.51817327  0.51817327  0.54155490  0.61644629  0.62969299  0.61644629  0.60343066  0.60343066  0.57806136  0.60343066  0.54155490  0.59063819  0.59063819  0.44166649  0.44166649  0.46273696  0.45212735  0.49550214  0.64317914  0.62969299  0.62969299  0.65691353  0.65691353  0.62969299  0.65691353  0.69970205  0.59063819  0.59063819  0.74509443  0.81026126  0.88166914  0.68516485  
95_22_0    0.55352635  0.61644629  0.57806136  0.59063819  0.61644629  0.54155490  0.60343066  0.52977250  0.54155490  0.52977250  0.54155490  0.25030120  0.25838267  0.25838267  0.29161339  0.02335009  0.01744371  0.00000000  0.00576937  0.07872333  0.09160721  0.09160721  0.56569301  0.56569301  0.54155490  0.65691353  0.65691353  0.64317914  0.61644629  0.60343066  0.62969299  0.60343066  0.60343066  0.59063819  0.59063819  0.60343066  0.52977250  0.62969299  0.71452811  0.59063819  0.59063819  0.65691353  0.61644629  0.61644629  0.52977250  0.47349960  0.51817327  0.54155490  0.57806136  0.55352635  0.56569301  0.49550214  0.48441977  0.51817327  0.60343066  0.59063819  0.57806136  0.64317914  0.57806136  0.55352635  0.69970205  0.60343066  0.59063819  0.52977250  0.48441977  0.57806136  0.50675160  0.55352635  0.64317914  0.64317914  0.56569301  0.54155490  0.62969299  0.60343066  0.57806136  0.56569301  0.59063819  0.61644629  0.62969299  0.55352635  0.54155490  0.59063819  0.56569301  0.56569301  0.65691353  0.64317914  0.65691353  0.62969299  0.62969299  0.64317914  0.64317914  0.65691353  0.65691353  0.69970205  0.54155490  0.52977250  0.52977250  0.64317914  0.62969299  0.65691353  0.62969299  0.54155490  0.55352635  0.57806136  0.56569301  0.61644629  0.59063819  0.59063819  0.56569301  0.59063819  0.61644629  0.64317914  0.49550214  0.49550214  0.47349960  0.47349960  0.47349960  0.54155490  0.51817327  0.55352635  0.56569301  0.54155490  0.56569301  0.56569301  0.56569301  0.56569301  0.56569301  0.56569301  0.61644629  0.64317914  0.64317914  0.67090549  0.57806136  0.52977250  0.55352635  0.57806136  0.62969299  0.64317914  0.62969299  0.61644629  0.61644629  0.59063819  0.61644629  0.55352635  0.60343066  0.60343066  0.45212735  0.47349960  0.49550214  0.48441977  0.51817327  0.65691353  0.64317914  0.64317914  0.67090549  0.67090549  0.64317914  0.67090549  0.71452811  0.59063819  0.59063819  0.79342824  0.86316633  0.94010094  0.72965476  
100_22_0   0.56569301  0.60343066  0.56569301  0.57806136  0.62969299  0.52977250  0.61644629  0.54155490  0.55352635  0.54155490  0.55352635  0.25838267  0.26655264  0.26655264  0.30015759  0.02930360  0.02335009  0.00576937  0.00000000  0.08513746  0.09813354  0.09813354  0.57806136  0.57806136  0.55352635  0.64317914  0.64317914  0.62969299  0.60343066  0.61644629  0.61644629  0.59063819  0.59063819  0.57806136  0.57806136  0.59063819  0.54155490  0.61644629  0.69970205  0.57806136  0.57806136  0.67090549  0.60343066  0.60343066  0.51817327  0.46273696  0.50675160  0.52977250  0.56569301  0.54155490  0.55352635  0.48441977  0.47349960  0.50675160  0.59063819  0.57806136  0.56569301  0.62969299  0.56569301  0.54155490  0.68516485  0.59063819  0.57806136  0.51817327  0.49550214  0.59063819  0.49550214  0.54155490  0.62969299  0.62969299  0.55352635  0.52977250  0.61644629  0.59063819  0.56569301  0.55352635  0.57806136  0.60343066  0.61644629  0.54155490  0.52977250  0.57806136  0.55352635  0.55352635  0.67090549  0.65691353  0.67090549  0.64317914  0.64317914  0.62969299  0.62969299  0.64317914  0.64317914  0.68516485  0.52977250  0.54155490  0.54155490  0.62969299  0.61644629  0.64317914  0.61644629  0.52977250  0.54155490  0.56569301  0.55352635  0.60343066  0.57806136  0.57806136  0.55352635  0.57806136  0.60343066  0.62969299  0.49550214  0.49550214  0.47349960  0.46273696  0.46273696  0.52977250  0.50675160  0.54155490  0.55352635  0.52977250  0.55352635  0.55352635  0.55352635  0.55352635  0.55352635  0.55352635  0.60343066  0.62969299  0.62969299  0.65691353  0.56569301  0.54155490  0.54155490  0.56569301  0.61644629  0.62969299  0.64317914  0.62969299  0.62969299  0.60343066  0.62969299  0.56569301  0.59063819  0.59063819  0.44166649  0.46273696  0.48441977  0.47349960  0.51817327  0.64317914  0.62969299  0.62969299  0.65691353  0.65691353  0.62969299  0.68516485  0.72965476  0.59063819  0.59063819  0.77696662  0.84511128  0.94010094  0.74509443  
97_25_0    0.57806136  0.64317914  0.50675160  0.51817327  0.54155490  0.52977250  0.57806136  0.49550214  0.49550214  0.50675160  0.51817327  0.29161339  0.28316594  0.29161339  0.33534773  0.05360438  0.05980529  0.07872333  0.08513746  0.00000000  0.02335009  0.02335009  0.56569301  0.55352635  0.55352635  0.59063819  0.59063819  0.67090549  0.67090549  0.62969299  0.65691353  0.65691353  0.65691353  0.64317914  0.64317914  0.65691353  0.57806136  0.60343066  0.67090549  0.61644629  0.62969299  0.71452811  0.59063819  0.64317914  0.49550214  0.46273696  0.50675160  0.50675160  0.54155490  0.54155490  0.52977250  0.48441977  0.47349960  0.48441977  0.59063819  0.57806136  0.56569301  0.65691353  0.61644629  0.54155490  0.68516485  0.59063819  0.57806136  0.50675160  0.47349960  0.49550214  0.48441977  0.46273696  0.54155490  0.54155490  0.54155490  0.54155490  0.57806136  0.57806136  0.52977250  0.54155490  0.54155490  0.54155490  0.55352635  0.52977250  0.51817327  0.56569301  0.54155490  0.54155490  0.60343066  0.59063819  0.60343066  0.57806136  0.55352635  0.60343066  0.60343066  0.61644629  0.61644629  0.71452811  0.56569301  0.50675160  0.52977250  0.60343066  0.61644629  0.60343066  0.60343066  0.54155490  0.57806136  0.61644629  0.60343066  0.62969299  0.62969299  0.61644629  0.62969299  0.51817327  0.51817327  0.56569301  0.49550214  0.49550214  0.47349960  0.49550214  0.49550214  0.59063819  0.51817327  0.55352635  0.56569301  0.54155490  0.54155490  0.44166649  0.44166649  0.50675160  0.48441977  0.48441977  0.64317914  0.64317914  0.67090549  0.65691353  0.51817327  0.48441977  0.44166649  0.46273696  0.61644629  0.62969299  0.61644629  0.60343066  0.59063819  0.56569301  0.59063819  0.56569301  0.59063819  0.59063819  0.45212735  0.47349960  0.49550214  0.48441977  0.55352635  0.61644629  0.60343066  0.60343066  0.65691353  0.62969299  0.60343066  0.61644629  0.65691353  0.60343066  0.60343066  0.76086035  0.79342824  0.88166914  0.72965476  
