147
99_0_0     0.00000000  0.00000000  0.01923308  0.06613729  0.41175118  0.41175118  0.41175118  0.51785476  0.51785476  0.55686259  0.55686259  0.50529249  0.50529249  0.33853676  0.35873257  0.36903922  0.34856635  0.37949021  0.37949021  0.41175118  0.34856635  0.37949021  0.40084181  0.40084181  0.41175118  0.42282239  0.41175118  0.40084181  0.39008965  0.39008965  0.39008965  0.39008965  0.42282239  0.42282239  0.42282239  0.33853676  0.33853676  0.37949021  0.33853676  0.36903922  0.36903922  0.35873257  0.35873257  0.34856635  0.33853676  0.33853676  0.34856635  0.34856635  0.33853676  0.33853676  0.36903922  0.36903922  0.31887315  0.31887315  0.29031641  0.33853676  0.28103529  0.29971442  0.27186819  0.29031641  0.29031641  0.29031641  0.29971442  0.33853676  0.32864019  0.34856635  0.42282239  0.44547013  0.42282239  0.44547013  0.37949021  0.40084181  0.40084181  0.42282239  0.41175118  0.37949021  0.37949021  0.41175118  0.41175118  0.41175118  0.43406035  0.44547013  0.45705708  0.46882679  0.50529249  0.45705708  0.43406035  0.46882679  0.48078512  0.43406035  0.37949021  0.37949021  0.36903922  0.37949021  0.53063214  0.50529249  0.48078512  0.46882679  0.49293820  0.41175118  0.37949021  0.39008965  0.40084181  0.41175118  0.37949021  0.35873257  0.40084181  0.42282239  0.36903922  0.37949021  0.36903922  0.35873257  0.37949021  0.42282239  0.41175118  0.36903922  0.35873257  0.36903922  0.36903922  0.34856635  0.43406035  0.43406035  0.40084181  0.37949021  0.37949021  0.62678042  0.39008965  0.37949021  0.37949021  0.55686259  0.48078512  0.41175118  0.39008965  0.40084181  0.42282239  0.48078512  0.40084181  0.42282239  0.39008965  0.46882679  0.48078512  0.40084181  0.40084181  0.41175118  0.41175118  0.39008965  0.35873257  
82_0_0     0.00000000  0.00000000  0.01923308  0.06613729  0.41175118  0.41175118  0.41175118  0.51785476  0.51785476  0.55686259  0.55686259  0.50529249  0.50529249  0.33853676  0.35873257  0.36903922  0.34856635  0.37949021  0.37949021  0.41175118  0.34856635  0.37949021  0.40084181  0.40084181  0.41175118  0.42282239  0.41175118  0.40084181  0.39008965  0.39008965  0.39008965  0.39008965  0.42282239  0.42282239  0.42282239  0.33853676  0.33853676  0.37949021  0.33853676  0.36903922  0.36903922  0.35873257  0.35873257  0.34856635  0.33853676  0.33853676  0.34856635  0.34856635  0.33853676  0.33853676  0.36903922  0.36903922  0.31887315  0.31887315  0.29031641  0.33853676  0.28103529  0.29971442  0.27186819  0.29031641  0.29031641  0.29031641  0.29971442  0.33853676  0.32864019  0.34856635  0.42282239  0.44547013  0.42282239  0.44547013  0.37949021  0.40084181  0.40084181  0.42282239  0.41175118  0.37949021  0.37949021  0.41175118  0.41175118  0.41175118  0.43406035  0.44547013  0.45705708  0.46882679  0.50529249  0.45705708  0.43406035  0.46882679  0.48078512  0.43406035  0.37949021  0.37949021  0.36903922  0.37949021  0.53063214  0.50529249  0.48078512  0.46882679  0.49293820  0.41175118  0.37949021  0.39008965  0.40084181  0.41175118  0.37949021  0.35873257  0.40084181  0.42282239  0.36903922  0.37949021  0.36903922  0.35873257  0.37949021  0.42282239  0.41175118  0.36903922  0.35873257  0.36903922  0.36903922  0.34856635  0.43406035  0.43406035  0.40084181  0.37949021  0.37949021  0.62678042  0.39008965  0.37949021  0.37949021  0.55686259  0.48078512  0.41175118  0.39008965  0.40084181  0.42282239  0.48078512  0.40084181  0.42282239  0.39008965  0.46882679  0.48078512  0.40084181  0.40084181  0.41175118  0.41175118  0.39008965  0.35873257  
75_0_0     0.01923308  0.01923308  0.00000000  0.05243257  0.39008965  0.39008965  0.41175118  0.49293820  0.49293820  0.53063214  0.53063214  0.48078512  0.48078512  0.31887315  0.33853676  0.34856635  0.32864019  0.35873257  0.35873257  0.39008965  0.32864019  0.35873257  0.37949021  0.37949021  0.39008965  0.40084181  0.39008965  0.37949021  0.36903922  0.36903922  0.36903922  0.36903922  0.40084181  0.40084181  0.40084181  0.31887315  0.31887315  0.35873257  0.31887315  0.34856635  0.34856635  0.33853676  0.33853676  0.32864019  0.32864019  0.32864019  0.33853676  0.33853676  0.32864019  0.32864019  0.34856635  0.34856635  0.29971442  0.29971442  0.27186819  0.31887315  0.26281233  0.28103529  0.25386506  0.27186819  0.27186819  0.27186819  0.28103529  0.31887315  0.30923230  0.32864019  0.42282239  0.44547013  0.42282239  0.44547013  0.37949021  0.40084181  0.40084181  0.42282239  0.41175118  0.37949021  0.37949021  0.41175118  0.41175118  0.41175118  0.43406035  0.44547013  0.45705708  0.46882679  0.50529249  0.45705708  0.43406035  0.44547013  0.45705708  0.41175118  0.35873257  0.35873257  0.34856635  0.35873257  0.53063214  0.50529249  0.48078512  0.46882679  0.49293820  0.42282239  0.39008965  0.39008965  0.40084181  0.41175118  0.37949021  0.35873257  0.40084181  0.43406035  0.36903922  0.37949021  0.36903922  0.34856635  0.36903922  0.41175118  0.40084181  0.36903922  0.35873257  0.36903922  0.36903922  0.34856635  0.43406035  0.43406035  0.40084181  0.37949021  0.35873257  0.62678042  0.39008965  0.37949021  0.36903922  0.53063214  0.45705708  0.40084181  0.37949021  0.39008965  0.41175118  0.46882679  0.39008965  0.41175118  0.37949021  0.48078512  0.49293820  0.40084181  0.40084181  0.41175118  0.41175118  0.39008965  0.35873257  
96_0_0     0.06613729  0.06613729  0.05243257  0.00000000  0.36903922  0.36903922  0.37949021  0.45705708  0.45705708  0.46882679  0.46882679  0.45705708  0.45705708  0.29031641  0.30923230  0.31887315  0.29971442  0.32864019  0.32864019  0.34856635  0.29971442  0.30923230  0.35873257  0.35873257  0.35873257  0.36903922  0.35873257  0.32864019  0.31887315  0.31887315  0.31887315  0.31887315  0.35873257  0.34856635  0.36903922  0.27186819  0.27186819  0.30923230  0.27186819  0.29971442  0.29971442  0.29031641  0.29031641  0.29971442  0.33853676  0.33853676  0.34856635  0.34856635  0.33853676  0.33853676  0.33853676  0.33853676  0.28103529  0.28103529  0.24502379  0.28103529  0.23628606  0.25386506  0.21911165  0.23628606  0.23628606  0.23628606  0.24502379  0.28103529  0.27186819  0.29971442  0.40084181  0.40084181  0.37949021  0.40084181  0.35873257  0.36903922  0.35873257  0.39008965  0.36903922  0.33853676  0.33853676  0.36903922  0.36903922  0.36903922  0.39008965  0.40084181  0.41175118  0.40084181  0.43406035  0.42282239  0.36903922  0.40084181  0.41175118  0.39008965  0.31887315  0.31887315  0.30923230  0.31887315  0.45705708  0.43406035  0.40084181  0.39008965  0.41175118  0.35873257  0.33853676  0.33853676  0.34856635  0.33853676  0.32864019  0.30923230  0.31887315  0.37949021  0.33853676  0.34856635  0.33853676  0.31887315  0.33853676  0.33853676  0.32864019  0.31887315  0.30923230  0.31887315  0.31887315  0.30923230  0.42282239  0.40084181  0.34856635  0.32864019  0.29971442  0.55686259  0.36903922  0.37949021  0.33853676  0.51785476  0.46882679  0.36903922  0.34856635  0.35873257  0.37949021  0.43406035  0.37949021  0.37949021  0.34856635  0.42282239  0.43406035  0.34856635  0.34856635  0.35873257  0.35873257  0.32864019  0.31887315  
85_0_0     0.41175118  0.41175118  0.39008965  0.36903922  0.00000000  0.00000000  0.31887315  0.46882679  0.46882679  0.42282239  0.42282239  0.41175118  0.41175118  0.27186819  0.29031641  0.27186819  0.26281233  0.25386506  0.25386506  0.31887315  0.29971442  0.29971442  0.28103529  0.27186819  0.28103529  0.29031641  0.28103529  0.30923230  0.29031641  0.29031641  0.29031641  0.30923230  0.25386506  0.25386506  0.21911165  0.28103529  0.26281233  0.27186819  0.27186819  0.24502379  0.24502379  0.22764945  0.27186819  0.26281233  0.33853676  0.33853676  0.30923230  0.30923230  0.31887315  0.31887315  0.35873257  0.35873257  0.29031641  0.29031641  0.23628606  0.21911165  0.22764945  0.22764945  0.21067044  0.26281233  0.26281233  0.26281233  0.27186819  0.26281233  0.29031641  0.35873257  0.37949021  0.42282239  0.37949021  0.35873257  0.29971442  0.41175118  0.34856635  0.35873257  0.35873257  0.33853676  0.31887315  0.36903922  0.36903922  0.37949021  0.37949021  0.40084181  0.39008965  0.40084181  0.41175118  0.44547013  0.34856635  0.32864019  0.31887315  0.28103529  0.34856635  0.34856635  0.34856635  0.34856635  0.36903922  0.34856635  0.39008965  0.40084181  0.40084181  0.36903922  0.40084181  0.45705708  0.37949021  0.43406035  0.37949021  0.35873257  0.39008965  0.35873257  0.36903922  0.37949021  0.36903922  0.41175118  0.43406035  0.39008965  0.37949021  0.39008965  0.37949021  0.41175118  0.41175118  0.42282239  0.30923230  0.32864019  0.35873257  0.37949021  0.30923230  0.50529249  0.35873257  0.37949021  0.33853676  0.42282239  0.30923230  0.35873257  0.33853676  0.33853676  0.30923230  0.34856635  0.34856635  0.34856635  0.29971442  0.44547013  0.45705708  0.33853676  0.33853676  0.28103529  0.28103529  0.29971442  0.32864019  
95_0_0     0.41175118  0.41175118  0.39008965  0.36903922  0.00000000  0.00000000  0.31887315  0.46882679  0.46882679  0.42282239  0.42282239  0.41175118  0.41175118  0.27186819  0.29031641  0.27186819  0.26281233  0.25386506  0.25386506  0.31887315  0.29971442  0.29971442  0.28103529  0.27186819  0.28103529  0.29031641  0.28103529  0.30923230  0.29031641  0.29031641  0.29031641  0.30923230  0.25386506  0.25386506  0.21911165  0.28103529  0.26281233  0.27186819  0.27186819  0.24502379  0.24502379  0.22764945  0.27186819  0.26281233  0.33853676  0.33853676  0.30923230  0.30923230  0.31887315  0.31887315  0.35873257  0.35873257  0.29031641  0.29031641  0.23628606  0.21911165  0.22764945  0.22764945  0.21067044  0.26281233  0.26281233  0.26281233  0.27186819  0.26281233  0.29031641  0.35873257  0.37949021  0.42282239  0.37949021  0.35873257  0.29971442  0.41175118  0.34856635  0.35873257  0.35873257  0.33853676  0.31887315  0.36903922  0.36903922  0.37949021  0.37949021  0.40084181  0.39008965  0.40084181  0.41175118  0.44547013  0.34856635  0.32864019  0.31887315  0.28103529  0.34856635  0.34856635  0.34856635  0.34856635  0.36903922  0.34856635  0.39008965  0.40084181  0.40084181  0.36903922  0.40084181  0.45705708  0.37949021  0.43406035  0.37949021  0.35873257  0.39008965  0.35873257  0.36903922  0.37949021  0.36903922  0.41175118  0.43406035  0.39008965  0.37949021  0.39008965  0.37949021  0.41175118  0.41175118  0.42282239  0.30923230  0.32864019  0.35873257  0.37949021  0.30923230  0.50529249  0.35873257  0.37949021  0.33853676  0.42282239  0.30923230  0.35873257  0.33853676  0.33853676  0.30923230  0.34856635  0.34856635  0.34856635  0.29971442  0.44547013  0.45705708  0.33853676  0.33853676  0.28103529  0.28103529  0.29971442  0.32864019  
74_0_0     0.41175118  0.41175118  0.41175118  0.37949021  0.31887315  0.31887315  0.00000000  0.48078512  0.48078512  0.44547013  0.44547013  0.46882679  0.46882679  0.40084181  0.40084181  0.40084181  0.36903922  0.43406035  0.43406035  0.45705708  0.39008965  0.36903922  0.42282239  0.39008965  0.37949021  0.39008965  0.37949021  0.39008965  0.34856635  0.34856635  0.34856635  0.36903922  0.34856635  0.39008965  0.36903922  0.39008965  0.39008965  0.40084181  0.37949021  0.36903922  0.36903922  0.34856635  0.37949021  0.37949021  0.42282239  0.42282239  0.39008965  0.39008965  0.40084181  0.40084181  0.46882679  0.46882679  0.40084181  0.40084181  0.36903922  0.31887315  0.30923230  0.32864019  0.34856635  0.34856635  0.34856635  0.34856635  0.33853676  0.39008965  0.40084181  0.42282239  0.48078512  0.45705708  0.49293820  0.44547013  0.40084181  0.45705708  0.41175118  0.44547013  0.42282239  0.42282239  0.44547013  0.42282239  0.42282239  0.43406035  0.43406035  0.45705708  0.44547013  0.44547013  0.42282239  0.42282239  0.42282239  0.44547013  0.45705708  0.45705708  0.44547013  0.45705708  0.40084181  0.37949021  0.50529249  0.50529249  0.45705708  0.46882679  0.46882679  0.50529249  0.46882679  0.41175118  0.41175118  0.45705708  0.45705708  0.41175118  0.43406035  0.54363212  0.45705708  0.45705708  0.45705708  0.43406035  0.45705708  0.46882679  0.45705708  0.43406035  0.43406035  0.46882679  0.44547013  0.45705708  0.42282239  0.42282239  0.41175118  0.44547013  0.43406035  0.51785476  0.42282239  0.42282239  0.49293820  0.50529249  0.45705708  0.42282239  0.43406035  0.43406035  0.48078512  0.48078512  0.42282239  0.44547013  0.43406035  0.54363212  0.53063214  0.42282239  0.42282239  0.42282239  0.42282239  0.40084181  0.41175118  
85_42_0    0.51785476  0.51785476  0.49293820  0.45705708  0.46882679  0.46882679  0.48078512  0.00000000  0.00000000  0.08717816  0.08717816  0.19406918  0.19406918  0.39008965  0.41175118  0.39008965  0.44547013  0.46882679  0.46882679  0.42282239  0.43406035  0.43406035  0.45705708  0.46882679  0.45705708  0.46882679  0.45705708  0.46882679  0.43406035  0.43406035  0.43406035  0.44547013  0.48078512  0.49293820  0.48078512  0.40084181  0.40084181  0.41175118  0.36903922  0.41175118  0.41175118  0.41175118  0.35873257  0.41175118  0.50529249  0.50529249  0.44547013  0.44547013  0.45705708  0.45705708  0.57033188  0.57033188  0.41175118  0.41175118  0.42282239  0.39008965  0.36903922  0.36903922  0.40084181  0.43406035  0.43406035  0.43406035  0.42282239  0.42282239  0.42282239  0.34856635  0.54363212  0.54363212  0.55686259  0.54363212  0.57033188  0.44547013  0.55686259  0.54363212  0.57033188  0.51785476  0.54363212  0.53063214  0.53063214  0.49293820  0.51785476  0.54363212  0.55686259  0.51785476  0.50529249  0.58404877  0.54363212  0.45705708  0.46882679  0.48078512  0.45705708  0.45705708  0.43406035  0.44547013  0.46882679  0.49293820  0.50529249  0.46882679  0.49293820  0.55686259  0.59802252  0.43406035  0.44547013  0.41175118  0.39008965  0.43406035  0.45705708  0.44547013  0.41175118  0.40084181  0.41175118  0.46882679  0.46882679  0.45705708  0.44547013  0.41175118  0.42282239  0.43406035  0.43406035  0.45705708  0.46882679  0.46882679  0.41175118  0.43406035  0.37949021  0.54363212  0.42282239  0.39008965  0.39008965  0.50529249  0.46882679  0.39008965  0.40084181  0.40084181  0.43406035  0.44547013  0.45705708  0.43406035  0.43406035  0.51785476  0.53063214  0.37949021  0.37949021  0.44547013  0.44547013  0.44547013  0.41175118  
95_42_0    0.51785476  0.51785476  0.49293820  0.45705708  0.46882679  0.46882679  0.48078512  0.00000000  0.00000000  0.08717816  0.08717816  0.19406918  0.19406918  0.39008965  0.41175118  0.39008965  0.44547013  0.46882679  0.46882679  0.42282239  0.43406035  0.43406035  0.45705708  0.46882679  0.45705708  0.46882679  0.45705708  0.46882679  0.43406035  0.43406035  0.43406035  0.44547013  0.48078512  0.49293820  0.48078512  0.40084181  0.40084181  0.41175118  0.36903922  0.41175118  0.41175118  0.41175118  0.35873257  0.41175118  0.50529249  0.50529249  0.44547013  0.44547013  0.45705708  0.45705708  0.57033188  0.57033188  0.41175118  0.41175118  0.42282239  0.39008965  0.36903922  0.36903922  0.40084181  0.43406035  0.43406035  0.43406035  0.42282239  0.42282239  0.42282239  0.34856635  0.54363212  0.54363212  0.55686259  0.54363212  0.57033188  0.44547013  0.55686259  0.54363212  0.57033188  0.51785476  0.54363212  0.53063214  0.53063214  0.49293820  0.51785476  0.54363212  0.55686259  0.51785476  0.50529249  0.58404877  0.54363212  0.45705708  0.46882679  0.48078512  0.45705708  0.45705708  0.43406035  0.44547013  0.46882679  0.49293820  0.50529249  0.46882679  0.49293820  0.55686259  0.59802252  0.43406035  0.44547013  0.41175118  0.39008965  0.43406035  0.45705708  0.44547013  0.41175118  0.40084181  0.41175118  0.46882679  0.46882679  0.45705708  0.44547013  0.41175118  0.42282239  0.43406035  0.43406035  0.45705708  0.46882679  0.46882679  0.41175118  0.43406035  0.37949021  0.54363212  0.42282239  0.39008965  0.39008965  0.50529249  0.46882679  0.39008965  0.40084181  0.40084181  0.43406035  0.44547013  0.45705708  0.43406035  0.43406035  0.51785476  0.53063214  0.37949021  0.37949021  0.44547013  0.44547013  0.44547013  0.41175118  
95_41_0    0.55686259  0.55686259  0.53063214  0.46882679  0.42282239  0.42282239  0.44547013  0.08717816  0.08717816  0.00000000  0.00000000  0.20232364  0.20232364  0.40084181  0.42282239  0.37949021  0.45705708  0.43406035  0.43406035  0.43406035  0.44547013  0.40084181  0.44547013  0.42282239  0.44547013  0.45705708  0.44547013  0.43406035  0.39008965  0.39008965  0.39008965  0.40084181  0.46882679  0.44547013  0.41175118  0.41175118  0.41175118  0.40084181  0.37949021  0.41175118  0.41175118  0.39008965  0.37949021  0.41175118  0.54363212  0.54363212  0.50529249  0.50529249  0.49293820  0.49293820  0.58404877  0.58404877  0.46882679  0.46882679  0.48078512  0.41175118  0.40084181  0.40084181  0.43406035  0.49293820  0.49293820  0.49293820  0.48078512  0.41175118  0.44547013  0.36903922  0.55686259  0.55686259  0.54363212  0.55686259  0.58404877  0.48078512  0.51785476  0.50529249  0.53063214  0.50529249  0.50529249  0.49293820  0.49293820  0.45705708  0.48078512  0.49293820  0.50529249  0.49293820  0.45705708  0.53063214  0.49293820  0.45705708  0.46882679  0.48078512  0.48078512  0.48078512  0.46882679  0.46882679  0.50529249  0.53063214  0.48078512  0.44547013  0.46882679  0.51785476  0.53063214  0.41175118  0.41175118  0.39008965  0.39008965  0.40084181  0.46882679  0.43406035  0.39008965  0.37949021  0.39008965  0.44547013  0.44547013  0.43406035  0.42282239  0.41175118  0.42282239  0.43406035  0.43406035  0.46882679  0.43406035  0.41175118  0.37949021  0.43406035  0.34856635  0.53063214  0.42282239  0.40084181  0.41175118  0.49293820  0.50529249  0.34856635  0.37949021  0.37949021  0.40084181  0.43406035  0.42282239  0.43406035  0.43406035  0.55686259  0.57033188  0.36903922  0.36903922  0.42282239  0.42282239  0.40084181  0.40084181  
85_41_0    0.55686259  0.55686259  0.53063214  0.46882679  0.42282239  0.42282239  0.44547013  0.08717816  0.08717816  0.00000000  0.00000000  0.20232364  0.20232364  0.40084181  0.42282239  0.37949021  0.45705708  0.43406035  0.43406035  0.43406035  0.44547013  0.40084181  0.44547013  0.42282239  0.44547013  0.45705708  0.44547013  0.43406035  0.39008965  0.39008965  0.39008965  0.40084181  0.46882679  0.44547013  0.41175118  0.41175118  0.41175118  0.40084181  0.37949021  0.41175118  0.41175118  0.39008965  0.37949021  0.41175118  0.54363212  0.54363212  0.50529249  0.50529249  0.49293820  0.49293820  0.58404877  0.58404877  0.46882679  0.46882679  0.48078512  0.41175118  0.40084181  0.40084181  0.43406035  0.49293820  0.49293820  0.49293820  0.48078512  0.41175118  0.44547013  0.36903922  0.55686259  0.55686259  0.54363212  0.55686259  0.58404877  0.48078512  0.51785476  0.50529249  0.53063214  0.50529249  0.50529249  0.49293820  0.49293820  0.45705708  0.48078512  0.49293820  0.50529249  0.49293820  0.45705708  0.53063214  0.49293820  0.45705708  0.46882679  0.48078512  0.48078512  0.48078512  0.46882679  0.46882679  0.50529249  0.53063214  0.48078512  0.44547013  0.46882679  0.51785476  0.53063214  0.41175118  0.41175118  0.39008965  0.39008965  0.40084181  0.46882679  0.43406035  0.39008965  0.37949021  0.39008965  0.44547013  0.44547013  0.43406035  0.42282239  0.41175118  0.42282239  0.43406035  0.43406035  0.46882679  0.43406035  0.41175118  0.37949021  0.43406035  0.34856635  0.53063214  0.42282239  0.40084181  0.41175118  0.49293820  0.50529249  0.34856635  0.37949021  0.37949021  0.40084181  0.43406035  0.42282239  0.43406035  0.43406035  0.55686259  0.57033188  0.36903922  0.36903922  0.42282239  0.42282239  0.40084181  0.40084181  
95_39_0    0.50529249  0.50529249  0.48078512  0.45705708  0.41175118  0.41175118  0.46882679  0.19406918  0.19406918  0.20232364  0.20232364  0.00000000  0.00000000  0.39008965  0.41175118  0.39008965  0.40084181  0.49293820  0.49293820  0.37949021  0.41175118  0.40084181  0.41175118  0.44547013  0.46882679  0.48078512  0.46882679  0.48078512  0.43406035  0.43406035  0.43406035  0.44547013  0.50529249  0.44547013  0.45705708  0.48078512  0.48078512  0.42282239  0.40084181  0.46882679  0.46882679  0.42282239  0.48078512  0.49293820  0.53063214  0.53063214  0.51785476  0.51785476  0.53063214  0.53063214  0.57033188  0.57033188  0.46882679  0.46882679  0.50529249  0.42282239  0.42282239  0.42282239  0.45705708  0.42282239  0.42282239  0.42282239  0.43406035  0.41175118  0.41175118  0.40084181  0.50529249  0.46882679  0.48078512  0.46882679  0.54363212  0.49293820  0.50529249  0.51785476  0.51785476  0.46882679  0.49293820  0.42282239  0.42282239  0.41175118  0.41175118  0.45705708  0.44547013  0.48078512  0.46882679  0.49293820  0.45705708  0.44547013  0.43406035  0.41175118  0.41175118  0.41175118  0.46882679  0.44547013  0.59802252  0.62678042  0.59802252  0.55686259  0.58404877  0.53063214  0.54363212  0.49293820  0.48078512  0.48078512  0.46882679  0.46882679  0.45705708  0.50529249  0.45705708  0.46882679  0.45705708  0.46882679  0.44547013  0.50529249  0.49293820  0.50529249  0.49293820  0.50529249  0.48078512  0.48078512  0.49293820  0.49293820  0.45705708  0.51785476  0.42282239  0.48078512  0.48078512  0.44547013  0.43406035  0.57033188  0.53063214  0.45705708  0.46882679  0.46882679  0.45705708  0.44547013  0.50529249  0.44547013  0.43406035  0.50529249  0.51785476  0.43406035  0.43406035  0.44547013  0.44547013  0.48078512  0.43406035  
85_39_0    0.50529249  0.50529249  0.48078512  0.45705708  0.41175118  0.41175118  0.46882679  0.19406918  0.19406918  0.20232364  0.20232364  0.00000000  0.00000000  0.39008965  0.41175118  0.39008965  0.40084181  0.49293820  0.49293820  0.37949021  0.41175118  0.40084181  0.41175118  0.44547013  0.46882679  0.48078512  0.46882679  0.48078512  0.43406035  0.43406035  0.43406035  0.44547013  0.50529249  0.44547013  0.45705708  0.48078512  0.48078512  0.42282239  0.40084181  0.46882679  0.46882679  0.42282239  0.48078512  0.49293820  0.53063214  0.53063214  0.51785476  0.51785476  0.53063214  0.53063214  0.57033188  0.57033188  0.46882679  0.46882679  0.50529249  0.42282239  0.42282239  0.42282239  0.45705708  0.42282239  0.42282239  0.42282239  0.43406035  0.41175118  0.41175118  0.40084181  0.50529249  0.46882679  0.48078512  0.46882679  0.54363212  0.49293820  0.50529249  0.51785476  0.51785476  0.46882679  0.49293820  0.42282239  0.42282239  0.41175118  0.41175118  0.45705708  0.44547013  0.48078512  0.46882679  0.49293820  0.45705708  0.44547013  0.43406035  0.41175118  0.41175118  0.41175118  0.46882679  0.44547013  0.59802252  0.62678042  0.59802252  0.55686259  0.58404877  0.53063214  0.54363212  0.49293820  0.48078512  0.48078512  0.46882679  0.46882679  0.45705708  0.50529249  0.45705708  0.46882679  0.45705708  0.46882679  0.44547013  0.50529249  0.49293820  0.50529249  0.49293820  0.50529249  0.48078512  0.48078512  0.49293820  0.49293820  0.45705708  0.51785476  0.42282239  0.48078512  0.48078512  0.44547013  0.43406035  0.57033188  0.53063214  0.45705708  0.46882679  0.46882679  0.45705708  0.44547013  0.50529249  0.44547013  0.43406035  0.50529249  0.51785476  0.43406035  0.43406035  0.44547013  0.44547013  0.48078512  0.43406035  
88_35_0    0.33853676  0.33853676  0.31887315  0.29031641  0.27186819  0.27186819  0.40084181  0.39008965  0.39008965  0.40084181  0.40084181  0.39008965  0.39008965  0.00000000  0.01276682  0.04567346  0.07308520  0.09432572  0.09432572  0.19406918  0.04567346  0.08717816  0.29031641  0.28103529  0.21067044  0.21911165  0.21067044  0.20232364  0.20232364  0.20232364  0.20232364  0.20232364  0.25386506  0.25386506  0.24502379  0.21067044  0.19406918  0.21067044  0.21067044  0.23628606  0.23628606  0.23628606  0.24502379  0.23628606  0.23628606  0.23628606  0.22764945  0.22764945  0.23628606  0.23628606  0.27186819  0.27186819  0.20232364  0.20232364  0.16983989  0.17782922  0.17782922  0.16193518  0.13871139  0.17782922  0.17782922  0.17782922  0.18590502  0.21911165  0.19406918  0.27186819  0.33853676  0.40084181  0.35873257  0.33853676  0.36903922  0.36903922  0.41175118  0.37949021  0.42282239  0.34856635  0.36903922  0.40084181  0.40084181  0.36903922  0.39008965  0.42282239  0.43406035  0.40084181  0.41175118  0.41175118  0.40084181  0.33853676  0.34856635  0.36903922  0.35873257  0.35873257  0.26281233  0.25386506  0.35873257  0.33853676  0.39008965  0.37949021  0.37949021  0.37949021  0.39008965  0.37949021  0.33853676  0.33853676  0.32864019  0.32864019  0.37949021  0.35873257  0.33853676  0.32864019  0.33853676  0.41175118  0.43406035  0.31887315  0.30923230  0.31887315  0.32864019  0.33853676  0.33853676  0.34856635  0.35873257  0.37949021  0.32864019  0.29031641  0.31887315  0.40084181  0.31887315  0.31887315  0.29971442  0.34856635  0.33853676  0.29031641  0.29971442  0.29971442  0.32864019  0.34856635  0.32864019  0.32864019  0.28103529  0.39008965  0.40084181  0.26281233  0.26281233  0.28103529  0.28103529  0.31887315  0.30923230  
88_58_0    0.35873257  0.35873257  0.33853676  0.30923230  0.29031641  0.29031641  0.40084181  0.41175118  0.41175118  0.42282239  0.42282239  0.41175118  0.41175118  0.01276682  0.00000000  0.05925347  0.08717816  0.10882957  0.10882957  0.21067044  0.05925347  0.10154241  0.29031641  0.28103529  0.21067044  0.21911165  0.21067044  0.20232364  0.20232364  0.20232364  0.20232364  0.20232364  0.25386506  0.25386506  0.24502379  0.22764945  0.21067044  0.22764945  0.22764945  0.25386506  0.25386506  0.25386506  0.26281233  0.25386506  0.25386506  0.25386506  0.24502379  0.24502379  0.25386506  0.25386506  0.29031641  0.29031641  0.21911165  0.21911165  0.18590502  0.19406918  0.19406918  0.17782922  0.15411333  0.19406918  0.19406918  0.19406918  0.20232364  0.23628606  0.21067044  0.29031641  0.35873257  0.42282239  0.37949021  0.35873257  0.39008965  0.39008965  0.43406035  0.40084181  0.44547013  0.36903922  0.39008965  0.42282239  0.42282239  0.39008965  0.41175118  0.44547013  0.45705708  0.42282239  0.43406035  0.43406035  0.42282239  0.35873257  0.36903922  0.39008965  0.37949021  0.37949021  0.26281233  0.25386506  0.35873257  0.33853676  0.39008965  0.37949021  0.37949021  0.40084181  0.41175118  0.37949021  0.33853676  0.35873257  0.34856635  0.34856635  0.40084181  0.37949021  0.35873257  0.34856635  0.35873257  0.43406035  0.45705708  0.33853676  0.32864019  0.33853676  0.34856635  0.35873257  0.33853676  0.34856635  0.37949021  0.40084181  0.34856635  0.29031641  0.33853676  0.42282239  0.33853676  0.33853676  0.31887315  0.36903922  0.35873257  0.30923230  0.31887315  0.31887315  0.34856635  0.36903922  0.34856635  0.34856635  0.29971442  0.41175118  0.40084181  0.28103529  0.28103529  0.29971442  0.29971442  0.33853676  0.32864019  
80_35_0    0.36903922  0.36903922  0.34856635  0.31887315  0.27186819  0.27186819  0.40084181  0.39008965  0.39008965  0.37949021  0.37949021  0.39008965  0.39008965  0.04567346  0.05925347  0.00000000  0.10882957  0.11618859  0.11618859  0.18590502  0.06613729  0.09432572  0.29971442  0.29031641  0.21067044  0.21911165  0.21067044  0.21067044  0.19406918  0.19406918  0.19406918  0.19406918  0.25386506  0.25386506  0.22764945  0.22764945  0.21067044  0.23628606  0.23628606  0.23628606  0.23628606  0.23628606  0.24502379  0.23628606  0.25386506  0.25386506  0.24502379  0.24502379  0.25386506  0.25386506  0.28103529  0.28103529  0.21911165  0.21911165  0.18590502  0.19406918  0.19406918  0.17782922  0.15411333  0.19406918  0.19406918  0.19406918  0.20232364  0.23628606  0.21067044  0.29971442  0.32864019  0.36903922  0.34856635  0.34856635  0.32864019  0.33853676  0.41175118  0.37949021  0.42282239  0.33853676  0.35873257  0.39008965  0.39008965  0.35873257  0.37949021  0.41175118  0.42282239  0.39008965  0.40084181  0.42282239  0.39008965  0.34856635  0.35873257  0.37949021  0.34856635  0.34856635  0.24502379  0.24502379  0.33853676  0.33853676  0.36903922  0.35873257  0.35873257  0.36903922  0.37949021  0.33853676  0.29971442  0.30923230  0.29971442  0.29031641  0.33853676  0.34856635  0.30923230  0.29971442  0.30923230  0.40084181  0.37949021  0.29031641  0.28103529  0.28103529  0.29031641  0.30923230  0.30923230  0.35873257  0.31887315  0.33853676  0.29971442  0.28103529  0.29031641  0.39008965  0.29031641  0.29031641  0.27186819  0.32864019  0.29971442  0.26281233  0.27186819  0.27186819  0.29031641  0.30923230  0.30923230  0.29031641  0.26281233  0.44547013  0.45705708  0.25386506  0.25386506  0.27186819  0.27186819  0.28103529  0.28103529  
88_55_0    0.34856635  0.34856635  0.32864019  0.29971442  0.26281233  0.26281233  0.36903922  0.44547013  0.44547013  0.45705708  0.45705708  0.40084181  0.40084181  0.07308520  0.08717816  0.10882957  0.00000000  0.08717816  0.08717816  0.15411333  0.08009841  0.12362091  0.29971442  0.29031641  0.25386506  0.26281233  0.25386506  0.24502379  0.24502379  0.24502379  0.24502379  0.24502379  0.28103529  0.28103529  0.27186819  0.27186819  0.25386506  0.25386506  0.27186819  0.29971442  0.29971442  0.26281233  0.29031641  0.29971442  0.21067044  0.21067044  0.21911165  0.21911165  0.22764945  0.22764945  0.28103529  0.28103529  0.22764945  0.22764945  0.19406918  0.21911165  0.20232364  0.18590502  0.19406918  0.18590502  0.18590502  0.18590502  0.17782922  0.25386506  0.21067044  0.29031641  0.34856635  0.41175118  0.36903922  0.34856635  0.37949021  0.35873257  0.40084181  0.39008965  0.41175118  0.33853676  0.35873257  0.39008965  0.39008965  0.37949021  0.37949021  0.41175118  0.42282239  0.34856635  0.37949021  0.42282239  0.39008965  0.36903922  0.35873257  0.37949021  0.32864019  0.32864019  0.32864019  0.31887315  0.36903922  0.34856635  0.37949021  0.39008965  0.39008965  0.41175118  0.42282239  0.39008965  0.32864019  0.36903922  0.33853676  0.33853676  0.37949021  0.35873257  0.32864019  0.31887315  0.32864019  0.40084181  0.42282239  0.34856635  0.33853676  0.34856635  0.35873257  0.36903922  0.36903922  0.37949021  0.39008965  0.41175118  0.33853676  0.33853676  0.36903922  0.37949021  0.34856635  0.34856635  0.30923230  0.42282239  0.36903922  0.31887315  0.32864019  0.32864019  0.36903922  0.36903922  0.33853676  0.35873257  0.30923230  0.37949021  0.39008965  0.25386506  0.25386506  0.27186819  0.27186819  0.32864019  0.30923230  
94_55_0    0.37949021  0.37949021  0.35873257  0.32864019  0.25386506  0.25386506  0.43406035  0.46882679  0.46882679  0.43406035  0.43406035  0.49293820  0.49293820  0.09432572  0.10882957  0.11618859  0.08717816  0.00000000  0.00000000  0.16193518  0.10154241  0.11618859  0.29971442  0.30923230  0.28103529  0.27186819  0.28103529  0.27186819  0.27186819  0.27186819  0.27186819  0.27186819  0.29031641  0.31887315  0.29031641  0.26281233  0.24502379  0.25386506  0.25386506  0.28103529  0.28103529  0.28103529  0.27186819  0.26281233  0.27186819  0.27186819  0.22764945  0.22764945  0.23628606  0.23628606  0.27186819  0.27186819  0.21911165  0.21911165  0.20232364  0.21911165  0.21067044  0.19406918  0.18590502  0.22764945  0.22764945  0.22764945  0.21911165  0.27186819  0.24502379  0.29031641  0.42282239  0.49293820  0.40084181  0.42282239  0.39008965  0.41175118  0.43406035  0.42282239  0.44547013  0.39008965  0.36903922  0.42282239  0.42282239  0.41175118  0.43406035  0.44547013  0.45705708  0.40084181  0.43406035  0.45705708  0.42282239  0.35873257  0.36903922  0.39008965  0.37949021  0.37949021  0.29971442  0.30923230  0.40084181  0.37949021  0.41175118  0.42282239  0.42282239  0.42282239  0.43406035  0.44547013  0.35873257  0.37949021  0.34856635  0.34856635  0.36903922  0.36903922  0.33853676  0.32864019  0.33853676  0.37949021  0.40084181  0.31887315  0.32864019  0.33853676  0.34856635  0.35873257  0.35873257  0.34856635  0.37949021  0.40084181  0.34856635  0.30923230  0.35873257  0.45705708  0.34856635  0.34856635  0.31887315  0.39008965  0.37949021  0.36903922  0.33853676  0.33853676  0.36903922  0.41175118  0.39008965  0.41175118  0.35873257  0.48078512  0.49293820  0.33853676  0.33853676  0.33853676  0.33853676  0.33853676  0.33853676  
83_55_0    0.37949021  0.37949021  0.35873257  0.32864019  0.25386506  0.25386506  0.43406035  0.46882679  0.46882679  0.43406035  0.43406035  0.49293820  0.49293820  0.09432572  0.10882957  0.11618859  0.08717816  0.00000000  0.00000000  0.16193518  0.10154241  0.11618859  0.29971442  0.30923230  0.28103529  0.27186819  0.28103529  0.27186819  0.27186819  0.27186819  0.27186819  0.27186819  0.29031641  0.31887315  0.29031641  0.26281233  0.24502379  0.25386506  0.25386506  0.28103529  0.28103529  0.28103529  0.27186819  0.26281233  0.27186819  0.27186819  0.22764945  0.22764945  0.23628606  0.23628606  0.27186819  0.27186819  0.21911165  0.21911165  0.20232364  0.21911165  0.21067044  0.19406918  0.18590502  0.22764945  0.22764945  0.22764945  0.21911165  0.27186819  0.24502379  0.29031641  0.42282239  0.49293820  0.40084181  0.42282239  0.39008965  0.41175118  0.43406035  0.42282239  0.44547013  0.39008965  0.36903922  0.42282239  0.42282239  0.41175118  0.43406035  0.44547013  0.45705708  0.40084181  0.43406035  0.45705708  0.42282239  0.35873257  0.36903922  0.39008965  0.37949021  0.37949021  0.29971442  0.30923230  0.40084181  0.37949021  0.41175118  0.42282239  0.42282239  0.42282239  0.43406035  0.44547013  0.35873257  0.37949021  0.34856635  0.34856635  0.36903922  0.36903922  0.33853676  0.32864019  0.33853676  0.37949021  0.40084181  0.31887315  0.32864019  0.33853676  0.34856635  0.35873257  0.35873257  0.34856635  0.37949021  0.40084181  0.34856635  0.30923230  0.35873257  0.45705708  0.34856635  0.34856635  0.31887315  0.39008965  0.37949021  0.36903922  0.33853676  0.33853676  0.36903922  0.41175118  0.39008965  0.41175118  0.35873257  0.48078512  0.49293820  0.33853676  0.33853676  0.33853676  0.33853676  0.33853676  0.33853676  
80_55_0    0.41175118  0.41175118  0.39008965  0.34856635  0.31887315  0.31887315  0.45705708  0.42282239  0.42282239  0.43406035  0.43406035  0.37949021  0.37949021  0.19406918  0.21067044  0.18590502  0.15411333  0.16193518  0.16193518  0.00000000  0.20232364  0.21911165  0.30923230  0.33853676  0.30923230  0.31887315  0.30923230  0.31887315  0.29971442  0.29971442  0.29971442  0.29971442  0.29971442  0.29971442  0.29031641  0.29031641  0.27186819  0.25386506  0.27186819  0.29971442  0.29971442  0.24502379  0.29031641  0.29971442  0.29971442  0.29971442  0.29031641  0.29031641  0.29971442  0.29971442  0.35873257  0.35873257  0.26281233  0.26281233  0.26281233  0.26281233  0.25386506  0.23628606  0.21067044  0.26281233  0.26281233  0.26281233  0.25386506  0.26281233  0.23628606  0.27186819  0.40084181  0.40084181  0.31887315  0.33853676  0.34856635  0.34856635  0.36903922  0.40084181  0.37949021  0.30923230  0.30923230  0.31887315  0.31887315  0.30923230  0.32864019  0.33853676  0.34856635  0.31887315  0.34856635  0.43406035  0.33853676  0.33853676  0.32864019  0.30923230  0.28103529  0.28103529  0.28103529  0.31887315  0.43406035  0.39008965  0.37949021  0.36903922  0.39008965  0.36903922  0.44547013  0.41175118  0.32864019  0.32864019  0.29971442  0.29971442  0.31887315  0.36903922  0.29031641  0.28103529  0.29031641  0.32864019  0.32864019  0.32864019  0.31887315  0.30923230  0.31887315  0.32864019  0.32864019  0.33853676  0.39008965  0.39008965  0.31887315  0.29971442  0.35873257  0.42282239  0.30923230  0.29031641  0.29031641  0.45705708  0.41175118  0.35873257  0.39008965  0.39008965  0.39008965  0.39008965  0.37949021  0.37949021  0.34856635  0.48078512  0.49293820  0.30923230  0.30923230  0.29031641  0.29031641  0.28103529  0.25386506  
88_54_0    0.34856635  0.34856635  0.32864019  0.29971442  0.29971442  0.29971442  0.39008965  0.43406035  0.43406035  0.44547013  0.44547013  0.41175118  0.41175118  0.04567346  0.05925347  0.06613729  0.08009841  0.10154241  0.10154241  0.20232364  0.00000000  0.06613729  0.28103529  0.27186819  0.21911165  0.22764945  0.21911165  0.21067044  0.19406918  0.19406918  0.19406918  0.19406918  0.26281233  0.26281233  0.25386506  0.23628606  0.21911165  0.21911165  0.23628606  0.26281233  0.26281233  0.26281233  0.27186819  0.26281233  0.21911165  0.21911165  0.21067044  0.21067044  0.21911165  0.21911165  0.22764945  0.22764945  0.17782922  0.17782922  0.17782922  0.20232364  0.18590502  0.16983989  0.16193518  0.18590502  0.18590502  0.18590502  0.19406918  0.24502379  0.21911165  0.29971442  0.36903922  0.41175118  0.39008965  0.39008965  0.37949021  0.37949021  0.44547013  0.43406035  0.45705708  0.37949021  0.40084181  0.41175118  0.41175118  0.37949021  0.40084181  0.43406035  0.44547013  0.41175118  0.42282239  0.42282239  0.41175118  0.39008965  0.40084181  0.40084181  0.36903922  0.36903922  0.23628606  0.24502379  0.36903922  0.36903922  0.37949021  0.41175118  0.39008965  0.39008965  0.40084181  0.39008965  0.34856635  0.34856635  0.33853676  0.33853676  0.35873257  0.39008965  0.32864019  0.31887315  0.32864019  0.40084181  0.42282239  0.32864019  0.31887315  0.32864019  0.33853676  0.32864019  0.34856635  0.37949021  0.35873257  0.37949021  0.33853676  0.31887315  0.32864019  0.40084181  0.34856635  0.34856635  0.32864019  0.37949021  0.36903922  0.29971442  0.32864019  0.32864019  0.33853676  0.35873257  0.31887315  0.35873257  0.30923230  0.44547013  0.45705708  0.30923230  0.30923230  0.32864019  0.32864019  0.34856635  0.32864019  
80_54_0    0.37949021  0.37949021  0.35873257  0.30923230  0.29971442  0.29971442  0.36903922  0.43406035  0.43406035  0.40084181  0.40084181  0.40084181  0.40084181  0.08717816  0.10154241  0.09432572  0.12362091  0.11618859  0.11618859  0.21911165  0.06613729  0.00000000  0.31887315  0.30923230  0.26281233  0.27186819  0.26281233  0.25386506  0.22764945  0.22764945  0.22764945  0.22764945  0.31887315  0.29031641  0.26281233  0.25386506  0.23628606  0.24502379  0.24502379  0.27186819  0.27186819  0.27186819  0.28103529  0.27186819  0.24502379  0.24502379  0.23628606  0.23628606  0.22764945  0.22764945  0.28103529  0.28103529  0.22764945  0.22764945  0.21067044  0.18590502  0.20232364  0.18590502  0.16193518  0.21067044  0.21067044  0.21067044  0.21911165  0.27186819  0.24502379  0.32864019  0.39008965  0.41175118  0.36903922  0.41175118  0.40084181  0.40084181  0.42282239  0.43406035  0.43406035  0.37949021  0.40084181  0.36903922  0.36903922  0.33853676  0.35873257  0.39008965  0.40084181  0.37949021  0.36903922  0.40084181  0.35873257  0.34856635  0.35873257  0.35873257  0.32864019  0.32864019  0.25386506  0.22764945  0.37949021  0.42282239  0.36903922  0.37949021  0.37949021  0.37949021  0.39008965  0.35873257  0.35873257  0.33853676  0.32864019  0.32864019  0.34856635  0.40084181  0.31887315  0.30923230  0.31887315  0.35873257  0.37949021  0.31887315  0.30923230  0.31887315  0.32864019  0.33853676  0.33853676  0.35873257  0.36903922  0.39008965  0.32864019  0.32864019  0.29971442  0.44547013  0.28103529  0.29031641  0.27186819  0.33853676  0.32864019  0.26281233  0.27186819  0.27186819  0.29971442  0.31887315  0.28103529  0.28103529  0.25386506  0.36903922  0.37949021  0.30923230  0.30923230  0.32864019  0.32864019  0.29971442  0.29031641  
