20
18_0_0     0.00000000  0.06706606  0.10303812  0.09570175  0.20572627  0.20572627  0.18072632  0.22287725  0.35562044  0.40949427  0.37669938  0.34530301  0.33512815  0.36608449  0.36608449  0.37669938  0.37669938  0.34530301  0.33512815  0.42075871  
14_0_0     0.06706606  0.00000000  0.06007782  0.05315528  0.20572627  0.20572627  0.18072632  0.20572627  0.35562044  0.42075871  0.38746954  0.35562044  0.34530301  0.37669938  0.33512815  0.35562044  0.35562044  0.30542089  0.31519075  0.39839956  
17_0_0     0.10303812  0.06007782  0.00000000  0.00643832  0.19729829  0.19729829  0.18896568  0.21425183  0.40949427  0.39839956  0.37669938  0.36608449  0.34530301  0.36608449  0.34530301  0.40949427  0.40949427  0.35562044  0.36608449  0.39839956  
15_0_0     0.09570175  0.05315528  0.00643832  0.00000000  0.18896568  0.18896568  0.18072632  0.22287725  0.39839956  0.38746954  0.37669938  0.36608449  0.33512815  0.35562044  0.33512815  0.39839956  0.39839956  0.34530301  0.35562044  0.38746954  
13_0_0     0.20572627  0.20572627  0.19729829  0.18896568  0.00000000  0.00000000  0.10303812  0.18896568  0.40949427  0.34530301  0.34530301  0.31519075  0.36608449  0.36608449  0.36608449  0.46762304  0.49222333  0.40949427  0.42075871  0.38746954  
19_0_0     0.20572627  0.20572627  0.19729829  0.18896568  0.00000000  0.00000000  0.10303812  0.18896568  0.40949427  0.34530301  0.34530301  0.31519075  0.36608449  0.36608449  0.36608449  0.46762304  0.49222333  0.40949427  0.42075871  0.38746954  
20_0_0     0.18072632  0.18072632  0.18896568  0.18072632  0.10303812  0.10303812  0.00000000  0.18072632  0.38746954  0.40949427  0.42075871  0.37669938  0.34530301  0.35562044  0.35562044  0.45562438  0.45562438  0.44381811  0.43219815  0.43219815  
16_0_0     0.22287725  0.20572627  0.21425183  0.22287725  0.18896568  0.18896568  0.18072632  0.00000000  0.31519075  0.49222333  0.49222333  0.46762304  0.37669938  0.37669938  0.34530301  0.43219815  0.43219815  0.40949427  0.39839956  0.43219815  
7_0_0      0.35562044  0.35562044  0.40949427  0.39839956  0.40949427  0.40949427  0.38746954  0.31519075  0.00000000  0.43219815  0.39839956  0.38746954  0.35562044  0.37669938  0.30542089  0.35562044  0.35562044  0.36608449  0.35562044  0.37669938  
3_0_0      0.40949427  0.42075871  0.39839956  0.38746954  0.34530301  0.34530301  0.40949427  0.49222333  0.43219815  0.00000000  0.07412126  0.13313714  0.34530301  0.32509197  0.26758832  0.30542089  0.34530301  0.28626166  0.29577896  0.18896568  
6_0_0      0.37669938  0.38746954  0.37669938  0.37669938  0.34530301  0.34530301  0.42075871  0.49222333  0.39839956  0.07412126  0.00000000  0.07412126  0.30542089  0.28626166  0.25842628  0.28626166  0.32509197  0.27686580  0.28626166  0.20572627  
9_0_0      0.34530301  0.35562044  0.36608449  0.36608449  0.31519075  0.31519075  0.37669938  0.46762304  0.38746954  0.13313714  0.07412126  0.00000000  0.28626166  0.29577896  0.26758832  0.29577896  0.31519075  0.30542089  0.31519075  0.19729829  
8_0_0      0.33512815  0.34530301  0.34530301  0.33512815  0.36608449  0.36608449  0.34530301  0.37669938  0.35562044  0.34530301  0.30542089  0.28626166  0.00000000  0.06706606  0.10303812  0.21425183  0.18896568  0.18072632  0.17257812  0.25842628  
1_0_0      0.36608449  0.37669938  0.36608449  0.35562044  0.36608449  0.36608449  0.35562044  0.37669938  0.37669938  0.32509197  0.28626166  0.29577896  0.06706606  0.00000000  0.08843776  0.21425183  0.21425183  0.17257812  0.16451911  0.20572627  
5_0_0      0.36608449  0.33512815  0.34530301  0.33512815  0.36608449  0.36608449  0.35562044  0.34530301  0.30542089  0.26758832  0.25842628  0.26758832  0.10303812  0.08843776  0.00000000  0.12549626  0.12549626  0.10303812  0.11044832  0.21425183  
4_0_0      0.37669938  0.35562044  0.40949427  0.39839956  0.46762304  0.46762304  0.45562438  0.43219815  0.35562044  0.30542089  0.28626166  0.29577896  0.21425183  0.21425183  0.12549626  0.00000000  0.02609810  0.11793385  0.12549626  0.28626166  
11_0_0     0.37669938  0.35562044  0.40949427  0.39839956  0.49222333  0.49222333  0.45562438  0.43219815  0.35562044  0.34530301  0.32509197  0.31519075  0.18896568  0.21425183  0.12549626  0.02609810  0.00000000  0.13313714  0.14085814  0.30542089  
2_0_0      0.34530301  0.30542089  0.35562044  0.34530301  0.40949427  0.40949427  0.44381811  0.40949427  0.36608449  0.28626166  0.27686580  0.30542089  0.18072632  0.17257812  0.10303812  0.11793385  0.13313714  0.00000000  0.00643832  0.28626166  
12_0_0     0.33512815  0.31519075  0.36608449  0.35562044  0.42075871  0.42075871  0.43219815  0.39839956  0.35562044  0.29577896  0.28626166  0.31519075  0.17257812  0.16451911  0.11044832  0.12549626  0.14085814  0.00643832  0.00000000  0.29577896  
10_0_0     0.42075871  0.39839956  0.39839956  0.38746954  0.38746954  0.38746954  0.43219815  0.43219815  0.37669938  0.18896568  0.20572627  0.19729829  0.25842628  0.20572627  0.21425183  0.28626166  0.30542089  0.28626166  0.29577896  0.00000000  

