20
4_0_0      0.00000000  0.07378738  0.13560171  0.35283238  0.35283238  0.28317546  0.23066543  0.29536507  0.31403217  0.21948305  0.21948305  0.50718849  0.58458842  0.58458842  0.59370709  0.51540160  0.50718849  0.51540160  0.40792781  0.51540160  
3_0_0      0.07378738  0.00000000  0.11121572  0.31403217  0.31403217  0.27118225  0.20846618  0.30775764  0.26525735  0.20846618  0.20846618  0.48307932  0.54059907  0.54059907  0.54919142  0.50718849  0.49906503  0.45210241  0.39376693  0.49906503  
5_0_0      0.13560171  0.11121572  0.00000000  0.33317949  0.33317949  0.24201838  0.20301829  0.28924531  0.27118225  0.21395423  0.21395423  0.46742973  0.50718849  0.50718849  0.51540160  0.49906503  0.49102926  0.44455551  0.38678626  0.44455551  
8_0_0      0.35283238  0.31403217  0.33317949  0.00000000  0.00000000  0.25937923  0.24776046  0.28924531  0.22505324  0.20301829  0.19224071  0.53210478  0.49102926  0.49102926  0.49906503  0.56667952  0.54919142  0.49102926  0.45972662  0.52370634  
2_0_0      0.35283238  0.31403217  0.33317949  0.00000000  0.00000000  0.25937923  0.24776046  0.28924531  0.22505324  0.20301829  0.19224071  0.53210478  0.49102926  0.49102926  0.49906503  0.56667952  0.54919142  0.49102926  0.45972662  0.52370634  
9_0_0      0.28317546  0.27118225  0.24201838  0.25937923  0.25937923  0.00000000  0.09695863  0.21948305  0.20846618  0.15062625  0.14057627  0.45210241  0.52370634  0.52370634  0.53210478  0.47521340  0.47521340  0.43708435  0.37987044  0.40792781  
1_0_0      0.23066543  0.20846618  0.20301829  0.24776046  0.24776046  0.09695863  0.00000000  0.19224071  0.23632026  0.12087446  0.11121572  0.45210241  0.50718849  0.50718849  0.51540160  0.49102926  0.49102926  0.38678626  0.34622359  0.41511057  
6_0_0      0.29536507  0.30775764  0.28924531  0.28924531  0.28924531  0.21948305  0.19224071  0.00000000  0.24776046  0.20301829  0.20301829  0.46742973  0.51540160  0.51540160  0.52370634  0.45972662  0.45972662  0.45210241  0.45972662  0.45972662  
10_0_0     0.31403217  0.26525735  0.27118225  0.22505324  0.22505324  0.20846618  0.23632026  0.24776046  0.00000000  0.14057627  0.13066018  0.46742973  0.51540160  0.51540160  0.52370634  0.46742973  0.45210241  0.41511057  0.39376693  0.40792781  
7_0_0      0.21948305  0.20846618  0.21395423  0.20301829  0.20301829  0.15062625  0.12087446  0.20301829  0.14057627  0.00000000  0.00831069  0.43708435  0.49102926  0.49102926  0.49906503  0.47521340  0.47521340  0.36622865  0.35283238  0.40792781  
11_0_0     0.21948305  0.20846618  0.21395423  0.19224071  0.19224071  0.14057627  0.11121572  0.20301829  0.13066018  0.00831069  0.00000000  0.42236333  0.47521340  0.47521340  0.48307932  0.45972662  0.45972662  0.36622865  0.35283238  0.40792781  
13_0_0     0.50718849  0.48307932  0.46742973  0.53210478  0.53210478  0.45210241  0.45210241  0.46742973  0.46742973  0.43708435  0.42236333  0.00000000  0.14558430  0.14558430  0.15062625  0.14057627  0.14057627  0.23632026  0.25937923  0.31403217  
20_0_0     0.58458842  0.54059907  0.50718849  0.49102926  0.49102926  0.52370634  0.50718849  0.51540160  0.51540160  0.49102926  0.47521340  0.14558430  0.00000000  0.00000000  0.00414374  0.15062625  0.15062625  0.24201838  0.29536507  0.33317949  
19_0_0     0.58458842  0.54059907  0.50718849  0.49102926  0.49102926  0.52370634  0.50718849  0.51540160  0.51540160  0.49102926  0.47521340  0.14558430  0.00000000  0.00000000  0.00414374  0.15062625  0.15062625  0.24201838  0.29536507  0.33317949  
12_0_0     0.59370709  0.54919142  0.51540160  0.49906503  0.49906503  0.53210478  0.51540160  0.52370634  0.52370634  0.49906503  0.48307932  0.15062625  0.00414374  0.00414374  0.00000000  0.15570259  0.15570259  0.24776046  0.30153557  0.33967297  
18_0_0     0.51540160  0.50718849  0.49906503  0.56667952  0.56667952  0.47521340  0.49102926  0.45972662  0.46742973  0.47521340  0.45972662  0.14057627  0.15062625  0.15062625  0.15570259  0.00000000  0.00831069  0.23066543  0.24201838  0.32036004  
14_0_0     0.50718849  0.49906503  0.49102926  0.54919142  0.54919142  0.47521340  0.49102926  0.45972662  0.45210241  0.47521340  0.45972662  0.14057627  0.15062625  0.15062625  0.15570259  0.00831069  0.00000000  0.24201838  0.25354717  0.33317949  
15_0_0     0.51540160  0.45210241  0.44455551  0.49102926  0.49102926  0.43708435  0.38678626  0.45210241  0.41511057  0.36622865  0.36622865  0.23632026  0.24201838  0.24201838  0.24776046  0.23066543  0.24201838  0.00000000  0.24201838  0.23632026  
17_0_0     0.40792781  0.39376693  0.38678626  0.45972662  0.45972662  0.37987044  0.34622359  0.45972662  0.39376693  0.35283238  0.35283238  0.25937923  0.29536507  0.29536507  0.30153557  0.24201838  0.25354717  0.24201838  0.00000000  0.13560171  
16_0_0     0.51540160  0.49906503  0.44455551  0.52370634  0.52370634  0.40792781  0.41511057  0.45972662  0.40792781  0.40792781  0.40792781  0.31403217  0.33317949  0.33317949  0.33967297  0.32036004  0.33317949  0.23632026  0.13560171  0.00000000  

