20
11_0_0     0.00000000  0.02206263  0.02206263  0.06825051  0.08025923  0.06231797  0.35535061  0.38209535  0.39122797  0.39122797  0.38209535  0.39122797  0.36415927  0.33803975  0.36415927  0.37307333  0.37307333  0.36415927  0.36415927  0.41931746  
14_0_0     0.02206263  0.00000000  0.00000000  0.05643231  0.06825051  0.05059278  0.33803975  0.36415927  0.37307333  0.37307333  0.36415927  0.37307333  0.34664490  0.32112202  0.36415927  0.37307333  0.37307333  0.36415927  0.36415927  0.41931746  
2_0_0      0.02206263  0.00000000  0.00000000  0.05643231  0.06825051  0.05059278  0.33803975  0.36415927  0.37307333  0.37307333  0.36415927  0.37307333  0.34664490  0.32112202  0.36415927  0.37307333  0.37307333  0.36415927  0.36415927  0.41931746  
3_0_0      0.06825051  0.05643231  0.05643231  0.00000000  0.02206263  0.00545470  0.32112202  0.33803975  0.33803975  0.35535061  0.34664490  0.35535061  0.32953286  0.30457997  0.35535061  0.36415927  0.36415927  0.35535061  0.32953286  0.37307333  
6_0_0      0.08025923  0.06825051  0.06825051  0.02206263  0.00000000  0.02768192  0.33803975  0.35535061  0.35535061  0.37307333  0.36415927  0.37307333  0.34664490  0.32112202  0.35535061  0.36415927  0.36415927  0.35535061  0.34664490  0.40983612  
13_0_0     0.06231797  0.05059278  0.05059278  0.00545470  0.02768192  0.00000000  0.31280508  0.32953286  0.32953286  0.34664490  0.33803975  0.34664490  0.32112202  0.29644469  0.36415927  0.37307333  0.37307333  0.36415927  0.33803975  0.38209535  
4_0_0      0.35535061  0.33803975  0.33803975  0.32112202  0.33803975  0.31280508  0.00000000  0.07423067  0.08633697  0.07423067  0.06825051  0.07423067  0.07423067  0.15668501  0.45849765  0.44850773  0.44850773  0.45849765  0.51056134  0.49985344  
12_0_0     0.38209535  0.36415927  0.36415927  0.33803975  0.35535061  0.32953286  0.07423067  0.00000000  0.06825051  0.05643231  0.05059278  0.05643231  0.09246470  0.13683103  0.46862336  0.45849765  0.45849765  0.46862336  0.51056134  0.45849765  
1_0_0      0.39122797  0.37307333  0.37307333  0.33803975  0.35535061  0.32953286  0.08633697  0.06825051  0.00000000  0.02206263  0.01648542  0.02206263  0.07423067  0.15668501  0.47888860  0.46862336  0.46862336  0.47888860  0.48929727  0.45849765  
7_0_0      0.39122797  0.37307333  0.37307333  0.35535061  0.37307333  0.34664490  0.07423067  0.05643231  0.02206263  0.00000000  0.00545470  0.01094964  0.06825051  0.15000805  0.45849765  0.44850773  0.44850773  0.45849765  0.47888860  0.44850773  
10_0_0     0.38209535  0.36415927  0.36415927  0.34664490  0.36415927  0.33803975  0.06825051  0.05059278  0.01648542  0.00545470  0.00000000  0.00545470  0.06231797  0.14339040  0.46862336  0.45849765  0.45849765  0.46862336  0.48929727  0.45849765  
5_0_0      0.39122797  0.37307333  0.37307333  0.35535061  0.37307333  0.34664490  0.07423067  0.05643231  0.02206263  0.01094964  0.00545470  0.00000000  0.06825051  0.15000805  0.45849765  0.44850773  0.44850773  0.45849765  0.47888860  0.44850773  
8_0_0      0.36415927  0.34664490  0.34664490  0.32953286  0.34664490  0.32112202  0.07423067  0.09246470  0.07423067  0.06825051  0.06231797  0.06825051  0.00000000  0.12388304  0.51056134  0.49985344  0.49985344  0.51056134  0.53245025  0.52142540  
9_0_0      0.33803975  0.32112202  0.32112202  0.30457997  0.32112202  0.29644469  0.15668501  0.13683103  0.15668501  0.15000805  0.14339040  0.15000805  0.12388304  0.00000000  0.59016334  0.57825749  0.57825749  0.59016334  0.59016334  0.55500184  
18_0_0     0.36415927  0.36415927  0.36415927  0.35535061  0.35535061  0.36415927  0.45849765  0.46862336  0.47888860  0.45849765  0.46862336  0.45849765  0.51056134  0.59016334  0.00000000  0.00545470  0.01094964  0.01094964  0.08633697  0.13032890  
17_0_0     0.37307333  0.37307333  0.37307333  0.36415927  0.36415927  0.37307333  0.44850773  0.45849765  0.46862336  0.44850773  0.45849765  0.44850773  0.49985344  0.57825749  0.00545470  0.00000000  0.00545470  0.00545470  0.09246470  0.13683103  
19_0_0     0.37307333  0.37307333  0.37307333  0.36415927  0.36415927  0.37307333  0.44850773  0.45849765  0.46862336  0.44850773  0.45849765  0.44850773  0.49985344  0.57825749  0.01094964  0.00545470  0.00000000  0.01094964  0.09864326  0.14339040  
15_0_0     0.36415927  0.36415927  0.36415927  0.35535061  0.35535061  0.36415927  0.45849765  0.46862336  0.47888860  0.45849765  0.46862336  0.45849765  0.51056134  0.59016334  0.01094964  0.00545470  0.01094964  0.00000000  0.08633697  0.13032890  
20_0_0     0.36415927  0.36415927  0.36415927  0.32953286  0.34664490  0.33803975  0.51056134  0.51056134  0.48929727  0.47888860  0.48929727  0.47888860  0.53245025  0.59016334  0.08633697  0.09246470  0.09864326  0.08633697  0.00000000  0.09864326  
16_0_0     0.41931746  0.41931746  0.41931746  0.37307333  0.40983612  0.38209535  0.49985344  0.45849765  0.45849765  0.44850773  0.45849765  0.44850773  0.52142540  0.55500184  0.13032890  0.13683103  0.14339040  0.13032890  0.09864326  0.00000000  

