6
90_3_0     0.00000000  0.25352732  0.24455964  0.20127874  0.21828928  0.21828928  
98_0_0     0.25352732  0.00000000  0.17647270  0.21828928  0.23569907  0.23569907  
85_0_0     0.24455964  0.17647270  0.00000000  0.22260357  0.24011613  0.24011613  
92_4_0     0.20127874  0.21828928  0.22260357  0.00000000  0.04628632  0.04628632  
95_4_0     0.21828928  0.23569907  0.24011613  0.04628632  0.00000000  0.00000000  
78_4_0     0.21828928  0.23569907  0.24011613  0.04628632  0.00000000  0.00000000  

