20
20_0_0     0.00000000  0.53667198  0.42455872  0.42455872  0.40402939  0.36459559  0.36459559  0.34563567  0.36459559  0.36459559  0.35505524  0.38405129  0.42455872  0.39397329  0.40402939  0.39397329  0.39397329  0.41422326  0.40402939  0.41422326  
16_0_0     0.53667198  0.00000000  0.43503977  0.37425985  0.48978096  0.50122960  0.48978096  0.52466930  0.57388735  0.57388735  0.58671792  0.59977362  0.57388735  0.57388735  0.58671792  0.57388735  0.57388735  0.59977362  0.58671792  0.61306250  
15_0_0     0.42455872  0.43503977  0.00000000  0.19376190  0.24920136  0.42455872  0.41422326  0.47850580  0.46739894  0.46739894  0.48978096  0.45645544  0.45645544  0.41422326  0.40402939  0.41422326  0.41422326  0.56127428  0.54887145  0.53667198  
14_0_0     0.42455872  0.37425985  0.19376190  0.00000000  0.12806115  0.39397329  0.38405129  0.40402939  0.45645544  0.45645544  0.48978096  0.43503977  0.45645544  0.44567056  0.45645544  0.44567056  0.44567056  0.44567056  0.45645544  0.46739894  
6_0_0      0.40402939  0.48978096  0.24920136  0.12806115  0.00000000  0.43503977  0.42455872  0.43503977  0.44567056  0.44567056  0.45645544  0.42455872  0.44567056  0.44567056  0.43503977  0.44567056  0.44567056  0.52466930  0.53667198  0.52466930  
18_0_0     0.36459559  0.50122960  0.42455872  0.39397329  0.43503977  0.00000000  0.00590573  0.10062494  0.23293558  0.23293558  0.22493412  0.31807195  0.35505524  0.41422326  0.42455872  0.41422326  0.41422326  0.42455872  0.41422326  0.41422326  
8_0_0      0.36459559  0.48978096  0.41422326  0.38405129  0.42455872  0.00590573  0.00000000  0.09392109  0.23293558  0.23293558  0.22493412  0.30910637  0.34563567  0.41422326  0.42455872  0.41422326  0.41422326  0.41422326  0.40402939  0.40402939  
19_0_0     0.34563567  0.52466930  0.47850580  0.40402939  0.43503977  0.10062494  0.09392109  0.00000000  0.20143338  0.20143338  0.17865221  0.36459559  0.38405129  0.41422326  0.42455872  0.41422326  0.43503977  0.44567056  0.43503977  0.44567056  
9_0_0      0.36459559  0.57388735  0.46739894  0.45645544  0.44567056  0.23293558  0.23293558  0.20143338  0.00000000  0.00000000  0.03615862  0.40402939  0.38405129  0.41422326  0.40402939  0.41422326  0.41422326  0.54887145  0.53667198  0.54887145  
13_0_0     0.36459559  0.57388735  0.46739894  0.45645544  0.44567056  0.23293558  0.23293558  0.20143338  0.00000000  0.00000000  0.03615862  0.40402939  0.38405129  0.41422326  0.40402939  0.41422326  0.41422326  0.54887145  0.53667198  0.54887145  
7_0_0      0.35505524  0.58671792  0.48978096  0.48978096  0.45645544  0.22493412  0.22493412  0.17865221  0.03615862  0.03615862  0.00000000  0.41422326  0.39397329  0.43503977  0.42455872  0.43503977  0.43503977  0.54887145  0.53667198  0.54887145  
11_0_0     0.38405129  0.59977362  0.45645544  0.43503977  0.42455872  0.31807195  0.30910637  0.36459559  0.40402939  0.40402939  0.41422326  0.00000000  0.02390947  0.18616871  0.19376190  0.18616871  0.18616871  0.46739894  0.45645544  0.44567056  
17_0_0     0.42455872  0.57388735  0.45645544  0.45645544  0.44567056  0.35505524  0.34563567  0.38405129  0.38405129  0.38405129  0.39397329  0.02390947  0.00000000  0.17121089  0.17865221  0.17121089  0.17121089  0.48978096  0.47850580  0.46739894  
12_0_0     0.39397329  0.57388735  0.41422326  0.44567056  0.44567056  0.41422326  0.41422326  0.41422326  0.41422326  0.41422326  0.43503977  0.18616871  0.17121089  0.00000000  0.00590573  0.00000000  0.01185870  0.50122960  0.51285716  0.52466930  
4_0_0      0.40402939  0.58671792  0.40402939  0.45645544  0.43503977  0.42455872  0.42455872  0.42455872  0.40402939  0.40402939  0.42455872  0.19376190  0.17865221  0.00590573  0.00000000  0.00590573  0.01785969  0.51285716  0.52466930  0.53667198  
10_0_0     0.39397329  0.57388735  0.41422326  0.44567056  0.44567056  0.41422326  0.41422326  0.41422326  0.41422326  0.41422326  0.43503977  0.18616871  0.17121089  0.00000000  0.00590573  0.00000000  0.01185870  0.50122960  0.51285716  0.52466930  
5_0_0      0.39397329  0.57388735  0.41422326  0.44567056  0.44567056  0.41422326  0.41422326  0.43503977  0.41422326  0.41422326  0.43503977  0.18616871  0.17121089  0.01185870  0.01785969  0.01185870  0.00000000  0.48978096  0.50122960  0.51285716  
1_0_0      0.41422326  0.59977362  0.56127428  0.44567056  0.52466930  0.42455872  0.41422326  0.44567056  0.54887145  0.54887145  0.54887145  0.46739894  0.48978096  0.50122960  0.51285716  0.50122960  0.48978096  0.00000000  0.00590573  0.01785969  
3_0_0      0.40402939  0.58671792  0.54887145  0.45645544  0.53667198  0.41422326  0.40402939  0.43503977  0.53667198  0.53667198  0.53667198  0.45645544  0.47850580  0.51285716  0.52466930  0.51285716  0.50122960  0.00590573  0.00000000  0.01185870  
2_0_0      0.41422326  0.61306250  0.53667198  0.46739894  0.52466930  0.41422326  0.40402939  0.44567056  0.54887145  0.54887145  0.54887145  0.44567056  0.46739894  0.52466930  0.53667198  0.52466930  0.51285716  0.01785969  0.01185870  0.00000000  

