6
2_0_0      0.00000000  0.00000000  0.41827849  0.43104963  0.47758071  0.44404651  
1_0_0      0.00000000  0.00000000  0.41827849  0.43104963  0.47758071  0.44404651  
4_0_0      0.41827849  0.41827849  0.00000000  0.10790163  0.12895371  0.13323743  
12_0_0     0.43104963  0.43104963  0.10790163  0.00000000  0.02552763  0.05197343  
10_0_0     0.47758071  0.47758071  0.12895371  0.02552763  0.00000000  0.06360513  
13_0_0     0.44404651  0.44404651  0.13323743  0.05197343  0.06360513  0.00000000  

