23
99_6_0     0.00000000  0.08563584  0.27227956  0.28836723  0.30481118  0.29380819  0.27760348  0.30481118  0.30481118  0.26699353  0.27227956  0.27227956  0.27227956  0.27227956  0.27227956  0.27227956  0.26699353  0.26174487  0.27227956  0.39298146  0.39924906  0.43800796  0.39298146  
100_6_0    0.08563584  0.00000000  0.27227956  0.27760348  0.28836723  0.29928931  0.29380819  0.31037443  0.31037443  0.20633301  0.27760348  0.26174487  0.26174487  0.26174487  0.27227956  0.25653304  0.26174487  0.26174487  0.27760348  0.35052983  0.39298146  0.42486226  0.39298146  
74_6_0     0.27227956  0.27227956  0.00000000  0.02239310  0.27227956  0.23100889  0.23604402  0.23100889  0.23100889  0.29380819  0.28836723  0.27760348  0.27760348  0.27760348  0.29928931  0.30481118  0.29928931  0.23604402  0.28296586  0.41194523  0.52217980  0.51478937  0.50747178  
89_6_0     0.28836723  0.27760348  0.02239310  0.00000000  0.28836723  0.24621786  0.25135754  0.24621786  0.24621786  0.31037443  0.30481118  0.29380819  0.29380819  0.29380819  0.31597967  0.32162755  0.31597967  0.25135754  0.29928931  0.41194523  0.53718504  0.52964452  0.53718504  
71_6_0     0.30481118  0.28836723  0.27227956  0.28836723  0.00000000  0.13246661  0.13687413  0.11509361  0.12372930  0.35644777  0.40557001  0.33305382  0.33305382  0.33305382  0.35052983  0.34465868  0.33883358  0.28836723  0.32731871  0.41837566  0.45817344  0.47192791  0.44466913  
82_6_0     0.29380819  0.29928931  0.23100889  0.24621786  0.13246661  0.00000000  0.01861371  0.01485345  0.01485345  0.35052983  0.36241326  0.32731871  0.32731871  0.32731871  0.33305382  0.33883358  0.33305382  0.28836723  0.29928931  0.43800796  0.51478937  0.52217980  0.50022559  
75_6_0     0.27760348  0.29380819  0.23604402  0.25135754  0.13687413  0.01861371  0.00000000  0.01861371  0.01861371  0.34465868  0.38060277  0.32162755  0.32162755  0.32162755  0.33883358  0.34465868  0.33883358  0.29380819  0.30481118  0.45139059  0.50022559  0.50747178  0.50022559  
98_6_0     0.30481118  0.31037443  0.23100889  0.24621786  0.11509361  0.01485345  0.01861371  0.00000000  0.00738959  0.35052983  0.37448996  0.32731871  0.32731871  0.32731871  0.34465868  0.35052983  0.34465868  0.29928931  0.31037443  0.45139059  0.50747178  0.51478937  0.49304943  
77_6_0     0.30481118  0.31037443  0.23100889  0.24621786  0.12372930  0.01485345  0.01861371  0.00738959  0.00000000  0.36241326  0.38676632  0.32731871  0.32731871  0.32731871  0.34465868  0.35052983  0.34465868  0.29928931  0.31037443  0.44466913  0.51478937  0.52217980  0.50022559  
92_6_0     0.26699353  0.20633301  0.29380819  0.31037443  0.35644777  0.35052983  0.34465868  0.35052983  0.36241326  0.00000000  0.22600768  0.25135754  0.25135754  0.25135754  0.25135754  0.24111352  0.24621786  0.25653304  0.22103993  0.39298146  0.47192791  0.47192791  0.47192791  
61_6_0     0.27227956  0.27760348  0.28836723  0.30481118  0.40557001  0.36241326  0.38060277  0.37448996  0.38676632  0.22600768  0.00000000  0.27760348  0.27760348  0.27760348  0.26699353  0.26699353  0.26174487  0.30481118  0.25653304  0.44466913  0.43140602  0.45139059  0.44466913  
73_6_0     0.27227956  0.26174487  0.27760348  0.29380819  0.33305382  0.32731871  0.32162755  0.32731871  0.32731871  0.25135754  0.27760348  0.00000000  0.00000000  0.00000000  0.02239310  0.02619183  0.03001009  0.06931307  0.10232549  0.36241326  0.41837566  0.45139059  0.46501883  
45_6_0     0.27227956  0.26174487  0.27760348  0.29380819  0.33305382  0.32731871  0.32162755  0.32731871  0.32731871  0.25135754  0.27760348  0.00000000  0.00000000  0.00000000  0.02239310  0.02619183  0.03001009  0.06931307  0.10232549  0.36241326  0.41837566  0.45139059  0.46501883  
46_6_0     0.27227956  0.26174487  0.27760348  0.29380819  0.33305382  0.32731871  0.32162755  0.32731871  0.32731871  0.25135754  0.27760348  0.00000000  0.00000000  0.00000000  0.02239310  0.02619183  0.03001009  0.06931307  0.10232549  0.36241326  0.41837566  0.45139059  0.46501883  
46_7_0     0.27227956  0.27227956  0.29928931  0.31597967  0.35052983  0.33305382  0.33883358  0.34465868  0.34465868  0.25135754  0.26699353  0.02239310  0.02239310  0.02239310  0.00000000  0.01111214  0.01485345  0.07742960  0.08563584  0.36842706  0.42486226  0.45817344  0.47192791  
45_7_0     0.27227956  0.25653304  0.30481118  0.32162755  0.34465868  0.33883358  0.34465868  0.35052983  0.35052983  0.24111352  0.26699353  0.02619183  0.02619183  0.02619183  0.01111214  0.00000000  0.00368560  0.07336025  0.07742960  0.36842706  0.43140602  0.46501883  0.47890188  
73_7_0     0.26699353  0.26174487  0.29928931  0.31597967  0.33883358  0.33305382  0.33883358  0.34465868  0.34465868  0.24621786  0.26174487  0.03001009  0.03001009  0.03001009  0.01485345  0.00368560  0.00000000  0.07742960  0.07336025  0.36842706  0.43140602  0.46501883  0.47890188  
88_6_0     0.26174487  0.26174487  0.23604402  0.25135754  0.28836723  0.28836723  0.29380819  0.29928931  0.29928931  0.25653304  0.30481118  0.06931307  0.06931307  0.06931307  0.07742960  0.07336025  0.07742960  0.00000000  0.06528783  0.38060277  0.43140602  0.46501883  0.45817344  
58_6_0     0.27227956  0.27760348  0.28296586  0.29928931  0.32731871  0.29928931  0.30481118  0.31037443  0.31037443  0.22103993  0.25653304  0.10232549  0.10232549  0.10232549  0.08563584  0.07742960  0.07336025  0.06528783  0.00000000  0.39298146  0.42486226  0.44466913  0.44466913  
54_0_0     0.39298146  0.35052983  0.41194523  0.41194523  0.41837566  0.43800796  0.45139059  0.45139059  0.44466913  0.39298146  0.44466913  0.36241326  0.36241326  0.36241326  0.36842706  0.36842706  0.36842706  0.38060277  0.39298146  0.00000000  0.36241326  0.35644777  0.36842706  
53_0_0     0.39924906  0.39298146  0.52217980  0.53718504  0.45817344  0.51478937  0.50022559  0.50747178  0.51478937  0.47192791  0.43140602  0.41837566  0.41837566  0.41837566  0.42486226  0.43140602  0.43140602  0.43140602  0.42486226  0.36241326  0.00000000  0.03384809  0.06528783  
97_0_0     0.43800796  0.42486226  0.51478937  0.52964452  0.47192791  0.52217980  0.50747178  0.51478937  0.52217980  0.47192791  0.45139059  0.45139059  0.45139059  0.45139059  0.45817344  0.46501883  0.46501883  0.46501883  0.44466913  0.35644777  0.03384809  0.00000000  0.08563584  
81_0_0     0.39298146  0.39298146  0.50747178  0.53718504  0.44466913  0.50022559  0.50022559  0.49304943  0.50022559  0.47192791  0.44466913  0.46501883  0.46501883  0.46501883  0.47192791  0.47890188  0.47890188  0.45817344  0.44466913  0.36842706  0.06528783  0.08563584  0.00000000  

