14
9_0_0      0.00000000  0.07955795  0.08399402  0.08399402  0.07955795  0.11582088  0.13464729  0.08399402  0.16382476  0.17381422  0.15396946  0.18394155  0.18905812  0.18394155  
1_0_0      0.07955795  0.00000000  0.01200239  0.00397902  0.00000000  0.04923444  0.05777119  0.02831720  0.18905812  0.19939955  0.17886041  0.20988880  0.21519020  0.20988880  
5_0_0      0.08399402  0.01200239  0.00000000  0.01604721  0.01200239  0.05349040  0.07076547  0.03245322  0.19421061  0.20462543  0.18394155  0.21519020  0.22053017  0.21519020  
10_0_0     0.08399402  0.00397902  0.01604721  0.00000000  0.00397902  0.05349040  0.06207710  0.03245322  0.19421061  0.20462543  0.18394155  0.21519020  0.22053017  0.21519020  
7_0_0      0.07955795  0.00000000  0.01200239  0.00397902  0.00000000  0.04923444  0.05777119  0.02831720  0.18905812  0.19939955  0.17886041  0.20988880  0.21519020  0.20988880  
4_0_0      0.11582088  0.04923444  0.05349040  0.05349040  0.04923444  0.00000000  0.10201143  0.06207710  0.21519020  0.22590929  0.20462543  0.24782899  0.25341278  0.24782899  
12_0_0     0.13464729  0.05777119  0.07076547  0.06207710  0.05777119  0.10201143  0.00000000  0.07076547  0.22053017  0.23132814  0.22053017  0.24228738  0.24782899  0.24228738  
8_0_0      0.08399402  0.02831720  0.03245322  0.03245322  0.02831720  0.06207710  0.07076547  0.00000000  0.19939955  0.20988880  0.18905812  0.22053017  0.22590929  0.22053017  
3_0_0      0.16382476  0.18905812  0.19421061  0.19421061  0.18905812  0.21519020  0.22053017  0.19939955  0.00000000  0.00797974  0.00797974  0.03661268  0.03661268  0.03245322  
6_0_0      0.17381422  0.19939955  0.20462543  0.20462543  0.19939955  0.22590929  0.23132814  0.20988880  0.00797974  0.00000000  0.01604721  0.03661268  0.03661268  0.03245322  
13_0_0     0.15396946  0.17886041  0.18394155  0.18394155  0.17886041  0.20462543  0.22053017  0.18905812  0.00797974  0.01604721  0.00000000  0.04500302  0.04500302  0.04079586  
11_0_0     0.18394155  0.20988880  0.21519020  0.21519020  0.20988880  0.24782899  0.24228738  0.22053017  0.03661268  0.03661268  0.04500302  0.00000000  0.01604721  0.01200239  
14_0_0     0.18905812  0.21519020  0.22053017  0.22053017  0.21519020  0.25341278  0.24782899  0.22590929  0.03661268  0.03661268  0.04500302  0.01604721  0.00000000  0.00397902  
2_0_0      0.18394155  0.20988880  0.21519020  0.21519020  0.20988880  0.24782899  0.24228738  0.22053017  0.03245322  0.03245322  0.04079586  0.01200239  0.00397902  0.00000000  

