fastme_mat.p : 2.665274143218994
fastme.f81 : 15.79910397529602
fastme.f84 : 16.812018871307373
ba.exp : 161.65625476837158
pipeline_dl2190362 : 165.47806692123413
