fastme_mat.p : 2.653244733810425
fastme.f81 : 16.027942419052124
ba.exp : 95.05042147636414
pipeline_dl2190362 : 114.54194951057434
