fastme_mat.p : 1.09906303953743
fastme.f81 : 4.239633019416332
fastme.f84 : 4.394711279439926
ba.exp : 48.98012375524473
