fastme_mat.p : 1.090670746099472
fastme.f81 : 4.296600801545144
ba.exp : 30.723215935478212
