21
14_0_0     0.00000000  0.01579327  0.24492217  0.13699605  0.13699605  0.13074858  0.14965239  0.14965239  0.14965239  0.23769268  0.27457202  0.28985731  0.54588057  0.55689862  0.52432738  0.63902172  0.57944230  0.55689862  0.59097853  0.56808413  0.63902172  
18_0_0     0.01579327  0.00000000  0.23769268  0.14329701  0.14329701  0.13699605  0.14329701  0.14329701  0.14329701  0.24492217  0.28217498  0.29762069  0.55689862  0.56808413  0.51378297  0.62671369  0.56808413  0.56808413  0.62671369  0.60269849  0.60269849  
13_0_0     0.24492217  0.23769268  0.00000000  0.20946469  0.20946469  0.20257369  0.19574663  0.19574663  0.19574663  0.29762069  0.43446200  0.40679051  0.61460813  0.60269849  0.62671369  0.69042190  0.65153912  0.60269849  0.66427313  0.65153912  0.65153912  
12_0_0     0.13699605  0.14329701  0.20946469  0.00000000  0.00000000  0.00522685  0.05401832  0.05401832  0.05401832  0.22344335  0.33771576  0.36286514  0.57944230  0.56808413  0.57944230  0.76017280  0.71753417  0.55689862  0.71753417  0.60269849  0.66427313  
19_0_0     0.13699605  0.14329701  0.20946469  0.00000000  0.00000000  0.00522685  0.05401832  0.05401832  0.05401832  0.22344335  0.33771576  0.36286514  0.57944230  0.56808413  0.57944230  0.76017280  0.71753417  0.55689862  0.71753417  0.60269849  0.66427313  
20_0_0     0.13074858  0.13699605  0.20257369  0.00522685  0.00522685  0.00000000  0.04843452  0.04843452  0.04843452  0.23053353  0.34600376  0.37144297  0.56808413  0.55689862  0.56808413  0.74568368  0.70385318  0.54588057  0.70385318  0.59097853  0.65153912  
20_1_0     0.14965239  0.14329701  0.19574663  0.05401832  0.05401832  0.04843452  0.00000000  0.01049109  0.01049109  0.20946469  0.32141466  0.34600376  0.54588057  0.53502507  0.54588057  0.66427313  0.65153912  0.56808413  0.67723138  0.59097853  0.60269849  
19_1_0     0.14965239  0.14329701  0.19574663  0.05401832  0.05401832  0.04843452  0.01049109  0.00000000  0.00000000  0.20946469  0.32141466  0.34600376  0.52432738  0.51378297  0.54588057  0.66427313  0.65153912  0.59097853  0.70385318  0.59097853  0.60269849  
12_1_0     0.14965239  0.14329701  0.19574663  0.05401832  0.05401832  0.04843452  0.01049109  0.00000000  0.00000000  0.20946469  0.32141466  0.34600376  0.52432738  0.51378297  0.54588057  0.66427313  0.65153912  0.59097853  0.70385318  0.59097853  0.60269849  
15_0_0     0.23769268  0.24492217  0.29762069  0.22344335  0.22344335  0.23053353  0.20946469  0.20946469  0.20946469  0.00000000  0.30546684  0.31339755  0.57944230  0.59097853  0.62671369  0.70385318  0.66427313  0.70385318  0.71753417  0.76017280  0.76017280  
16_0_0     0.27457202  0.28217498  0.43446200  0.33771576  0.33771576  0.34600376  0.32141466  0.32141466  0.32141466  0.30546684  0.00000000  0.05964481  0.60269849  0.61460813  0.62671369  0.71753417  0.67723138  0.69042190  0.62671369  0.66427313  0.69042190  
17_0_0     0.28985731  0.29762069  0.40679051  0.36286514  0.36286514  0.37144297  0.34600376  0.34600376  0.34600376  0.31339755  0.05964481  0.00000000  0.56808413  0.57944230  0.59097853  0.70385318  0.66427313  0.73147434  0.65153912  0.67723138  0.67723138  
11_0_0     0.54588057  0.55689862  0.61460813  0.57944230  0.57944230  0.56808413  0.54588057  0.52432738  0.52432738  0.57944230  0.60269849  0.56808413  0.00000000  0.02651362  0.12455371  0.37144297  0.40679051  0.28985731  0.39779318  0.31339755  0.32952007  
7_0_0      0.55689862  0.56808413  0.60269849  0.56808413  0.56808413  0.55689862  0.53502507  0.51378297  0.51378297  0.59097853  0.61460813  0.57944230  0.02651362  0.00000000  0.13074858  0.39779318  0.43446200  0.31339755  0.38890453  0.33771576  0.35438616  
10_0_0     0.52432738  0.51378297  0.62671369  0.57944230  0.57944230  0.56808413  0.54588057  0.54588057  0.54588057  0.62671369  0.62671369  0.59097853  0.12455371  0.13074858  0.00000000  0.32141466  0.37144297  0.25959778  0.36286514  0.28985731  0.30546684  
4_0_0      0.63902172  0.62671369  0.69042190  0.76017280  0.76017280  0.74568368  0.66427313  0.66427313  0.66427313  0.70385318  0.71753417  0.70385318  0.37144297  0.39779318  0.32141466  0.00000000  0.08844123  0.21642083  0.29762069  0.22344335  0.27457202  
3_0_0      0.57944230  0.56808413  0.65153912  0.71753417  0.71753417  0.70385318  0.65153912  0.65153912  0.65153912  0.66427313  0.67723138  0.66427313  0.40679051  0.43446200  0.37144297  0.08844123  0.00000000  0.24492217  0.33771576  0.28217498  0.32141466  
5_0_0      0.55689862  0.56808413  0.60269849  0.55689862  0.55689862  0.54588057  0.56808413  0.59097853  0.59097853  0.70385318  0.69042190  0.73147434  0.28985731  0.31339755  0.25959778  0.21642083  0.24492217  0.00000000  0.32952007  0.23053353  0.27457202  
6_0_0      0.59097853  0.62671369  0.66427313  0.71753417  0.71753417  0.70385318  0.67723138  0.70385318  0.70385318  0.71753417  0.62671369  0.65153912  0.39779318  0.38890453  0.36286514  0.29762069  0.33771576  0.32952007  0.00000000  0.22344335  0.29762069  
1_0_0      0.56808413  0.60269849  0.65153912  0.60269849  0.60269849  0.59097853  0.59097853  0.59097853  0.59097853  0.76017280  0.66427313  0.67723138  0.31339755  0.33771576  0.28985731  0.22344335  0.28217498  0.23053353  0.22344335  0.00000000  0.12455371  
9_0_0      0.63902172  0.60269849  0.65153912  0.66427313  0.66427313  0.65153912  0.60269849  0.60269849  0.60269849  0.76017280  0.69042190  0.67723138  0.32952007  0.35438616  0.30546684  0.27457202  0.32141466  0.27457202  0.29762069  0.12455371  0.00000000  

