20
16_0_0     0.00000000  0.11735239  0.11735239  0.09576108  0.17659130  0.17659130  0.17659130  0.18613599  0.15785952  0.14866657  0.22053492  0.23577552  0.24092548  0.22558072  0.22558072  0.22558072  0.13508546  0.13508546  0.14411209  0.13958517  
6_0_0      0.11735239  0.00000000  0.08309910  0.07064779  0.17186422  0.17186422  0.17186422  0.18134843  0.16249870  0.16249870  0.18613599  0.23577552  0.22053492  0.18613599  0.19095438  0.19095438  0.15324893  0.14866657  0.15324893  0.14866657  
14_0_0     0.11735239  0.08309910  0.00000000  0.05034519  0.17186422  0.17186422  0.17186422  0.17186422  0.15785952  0.15785952  0.19095438  0.19580399  0.19095438  0.19095438  0.18613599  0.18613599  0.13958517  0.14866657  0.14866657  0.14866657  
15_0_0     0.09576108  0.07064779  0.05034519  0.00000000  0.15324893  0.15324893  0.15324893  0.17186422  0.15324893  0.15324893  0.22053492  0.21552293  0.22053492  0.18613599  0.18134843  0.18134843  0.11298400  0.13061264  0.13061264  0.13061264  
4_0_0      0.17659130  0.17186422  0.17186422  0.15324893  0.00000000  0.00000000  0.00000000  0.01896487  0.06246054  0.06654297  0.16716681  0.17186422  0.17659130  0.14866657  0.14866657  0.14866657  0.14866657  0.18613599  0.18613599  0.18613599  
12_0_0     0.17659130  0.17186422  0.17186422  0.15324893  0.00000000  0.00000000  0.00000000  0.01896487  0.06246054  0.06654297  0.16716681  0.17186422  0.17659130  0.14866657  0.14866657  0.14866657  0.14866657  0.18613599  0.18613599  0.18613599  
10_0_0     0.17659130  0.17186422  0.17186422  0.15324893  0.00000000  0.00000000  0.00000000  0.01896487  0.06246054  0.06654297  0.16716681  0.17186422  0.17659130  0.14866657  0.14866657  0.14866657  0.14866657  0.18613599  0.18613599  0.18613599  
5_0_0      0.18613599  0.18134843  0.17186422  0.17186422  0.01896487  0.01896487  0.01896487  0.00000000  0.07477526  0.07064779  0.16716681  0.18134843  0.17659130  0.15785952  0.15785952  0.15785952  0.13958517  0.18613599  0.18613599  0.18613599  
11_0_0     0.15785952  0.16249870  0.15785952  0.15324893  0.06246054  0.06246054  0.06246054  0.07477526  0.00000000  0.01132115  0.16716681  0.17186422  0.17186422  0.14866657  0.14866657  0.14866657  0.13508546  0.15324893  0.14866657  0.15324893  
17_0_0     0.14866657  0.16249870  0.15785952  0.15324893  0.06654297  0.06654297  0.06654297  0.07064779  0.01132115  0.00000000  0.16716681  0.17659130  0.17659130  0.15324893  0.15324893  0.15324893  0.12174642  0.13958517  0.13508546  0.13958517  
19_0_0     0.22053492  0.18613599  0.19095438  0.22053492  0.16716681  0.16716681  0.16716681  0.16716681  0.16716681  0.16716681  0.00000000  0.06654297  0.06246054  0.06654297  0.07477526  0.07477526  0.20068523  0.22558072  0.22053492  0.22558072  
18_0_0     0.23577552  0.23577552  0.19580399  0.21552293  0.17186422  0.17186422  0.17186422  0.18134843  0.17186422  0.17659130  0.06654297  0.00000000  0.01132115  0.07892561  0.07064779  0.07064779  0.21054427  0.24092548  0.23577552  0.24092548  
8_0_0      0.24092548  0.22053492  0.19095438  0.22053492  0.17659130  0.17659130  0.17659130  0.17659130  0.17186422  0.17659130  0.06246054  0.01132115  0.00000000  0.08309910  0.07477526  0.07477526  0.20559851  0.24611112  0.24092548  0.24611112  
7_0_0      0.22558072  0.18613599  0.19095438  0.18613599  0.14866657  0.14866657  0.14866657  0.15785952  0.14866657  0.15324893  0.06654297  0.07892561  0.08309910  0.00000000  0.01513325  0.01513325  0.17186422  0.21552293  0.21054427  0.21552293  
9_0_0      0.22558072  0.19095438  0.18613599  0.18134843  0.14866657  0.14866657  0.14866657  0.15785952  0.14866657  0.15324893  0.07477526  0.07064779  0.07477526  0.01513325  0.00000000  0.00000000  0.17659130  0.21552293  0.21054427  0.21552293  
13_0_0     0.22558072  0.19095438  0.18613599  0.18134843  0.14866657  0.14866657  0.14866657  0.15785952  0.14866657  0.15324893  0.07477526  0.07064779  0.07477526  0.01513325  0.00000000  0.00000000  0.17659130  0.21552293  0.21054427  0.21552293  
20_0_0     0.13508546  0.15324893  0.13958517  0.11298400  0.14866657  0.14866657  0.14866657  0.13958517  0.13508546  0.12174642  0.20068523  0.21054427  0.20559851  0.17186422  0.17659130  0.17659130  0.00000000  0.12174642  0.12174642  0.12174642  
3_0_0      0.13508546  0.14866657  0.14866657  0.13061264  0.18613599  0.18613599  0.18613599  0.18613599  0.15324893  0.13958517  0.22558072  0.24092548  0.24611112  0.21552293  0.21552293  0.21552293  0.12174642  0.00000000  0.00752838  0.00375472  
2_0_0      0.14411209  0.15324893  0.14866657  0.13061264  0.18613599  0.18613599  0.18613599  0.18613599  0.14866657  0.13508546  0.22053492  0.23577552  0.24092548  0.21054427  0.21054427  0.21054427  0.12174642  0.00752838  0.00000000  0.00375472  
1_0_0      0.13958517  0.14866657  0.14866657  0.13061264  0.18613599  0.18613599  0.18613599  0.18613599  0.15324893  0.13958517  0.22558072  0.24092548  0.24611112  0.21552293  0.21552293  0.21552293  0.12174642  0.00375472  0.00375472  0.00000000  

