18
12_0_0     0.00000000  0.12352152  0.12352152  0.14052226  0.12352152  0.12352152  0.10144603  0.15792362  0.54175697  0.54175697  0.54175697  0.55169338  0.52227645  0.55169338  0.52227645  0.53195248  0.53195248  0.60348559  
4_0_0      0.12352152  0.00000000  0.09065092  0.11240129  0.09602875  0.09065092  0.10144603  0.14052226  0.49398653  0.45787733  0.45787733  0.48479237  0.56176532  0.59283249  0.56176532  0.57197651  0.63639920  0.58233088  
1_0_0      0.12352152  0.09065092  0.00000000  0.02899796  0.01435666  0.00954003  0.08001133  0.14052226  0.47571126  0.47571126  0.47571126  0.50329661  0.55169338  0.58233088  0.55169338  0.56176532  0.59283249  0.58233088  
5_0_0      0.14052226  0.11240129  0.02899796  0.00000000  0.01435666  0.01920491  0.09602875  0.15792362  0.50329661  0.51272556  0.51272556  0.53195248  0.55169338  0.58233088  0.55169338  0.56176532  0.59283249  0.58233088  
10_0_0     0.12352152  0.09602875  0.01435666  0.01435666  0.00000000  0.00475461  0.08001133  0.14052226  0.47571126  0.48479237  0.48479237  0.50329661  0.54175697  0.57197651  0.54175697  0.55169338  0.58233088  0.57197651  
7_0_0      0.12352152  0.09065092  0.00954003  0.01920491  0.00475461  0.00000000  0.08001133  0.14052226  0.47571126  0.47571126  0.47571126  0.50329661  0.55169338  0.58233088  0.55169338  0.56176532  0.59283249  0.58233088  
8_0_0      0.10144603  0.10144603  0.08001133  0.09602875  0.08001133  0.08001133  0.00000000  0.10690335  0.45787733  0.45787733  0.45787733  0.46674046  0.55169338  0.58233088  0.55169338  0.56176532  0.58233088  0.57197651  
9_0_0      0.15792362  0.14052226  0.14052226  0.15792362  0.14052226  0.14052226  0.10690335  0.00000000  0.44911931  0.44911931  0.44911931  0.45787733  0.58233088  0.59283249  0.56176532  0.57197651  0.63639920  0.60348559  
11_0_0     0.54175697  0.49398653  0.47571126  0.50329661  0.47571126  0.47571126  0.45787733  0.44911931  0.00000000  0.01920491  0.01920491  0.02408520  0.40682254  0.43190883  0.40682254  0.41509031  0.41509031  0.39864631  
14_0_0     0.54175697  0.45787733  0.47571126  0.51272556  0.48479237  0.47571126  0.45787733  0.44911931  0.01920491  0.00000000  0.00000000  0.01435666  0.39864631  0.42345169  0.39864631  0.40682254  0.42345169  0.42345169  
2_0_0      0.54175697  0.45787733  0.47571126  0.51272556  0.48479237  0.47571126  0.45787733  0.44911931  0.01920491  0.00000000  0.00000000  0.01435666  0.39864631  0.42345169  0.39864631  0.40682254  0.42345169  0.42345169  
13_0_0     0.55169338  0.48479237  0.50329661  0.53195248  0.50329661  0.50329661  0.46674046  0.45787733  0.02408520  0.01435666  0.01435666  0.00000000  0.41509031  0.44046393  0.41509031  0.42345169  0.44046393  0.43190883  
15_0_0     0.52227645  0.56176532  0.55169338  0.55169338  0.54175697  0.55169338  0.55169338  0.58233088  0.40682254  0.39864631  0.39864631  0.41509031  0.00000000  0.02408520  0.00954003  0.00475461  0.14052226  0.15207749  
19_0_0     0.55169338  0.59283249  0.58233088  0.58233088  0.57197651  0.58233088  0.58233088  0.59283249  0.43190883  0.42345169  0.42345169  0.44046393  0.02408520  0.00000000  0.01435666  0.01920491  0.15792362  0.18178221  
17_0_0     0.52227645  0.56176532  0.55169338  0.55169338  0.54175697  0.55169338  0.55169338  0.56176532  0.40682254  0.39864631  0.39864631  0.41509031  0.00954003  0.01435666  0.00000000  0.00475461  0.14052226  0.16381639  
18_0_0     0.53195248  0.57197651  0.56176532  0.56176532  0.55169338  0.56176532  0.56176532  0.57197651  0.41509031  0.40682254  0.40682254  0.42345169  0.00475461  0.01920491  0.00475461  0.00000000  0.14627728  0.15792362  
20_0_0     0.53195248  0.63639920  0.59283249  0.59283249  0.58233088  0.59283249  0.58233088  0.63639920  0.41509031  0.42345169  0.42345169  0.44046393  0.14052226  0.15792362  0.14052226  0.14627728  0.00000000  0.12914506  
16_0_0     0.60348559  0.58233088  0.58233088  0.58233088  0.57197651  0.58233088  0.57197651  0.60348559  0.39864631  0.42345169  0.42345169  0.43190883  0.15207749  0.18178221  0.16381639  0.15792362  0.12914506  0.00000000  

