19
3_7_0      0.00000000  0.04841181  0.07384870  0.04841181  0.13680701  0.11827050  0.22643921  0.22643921  0.23709682  0.13680701  0.12748121  0.50546609  0.50546609  0.27001444  0.24790883  0.32832488  0.32832488  0.36563134  0.36563134  
3_10_0     0.04841181  0.00000000  0.02381342  0.01579089  0.13680701  0.10018327  0.22643921  0.22643921  0.21593166  0.11827050  0.10917209  0.56966741  0.56966741  0.31629261  0.27001444  0.32832488  0.32832488  0.36563134  0.36563134  
3_8_0      0.07384870  0.02381342  0.00000000  0.04012194  0.16550471  0.12748121  0.21593166  0.21593166  0.22643921  0.14625083  0.13680701  0.55309192  0.55309192  0.32832488  0.28131774  0.31629261  0.31629261  0.35298750  0.35298750  
3_9_0      0.04841181  0.01579089  0.04012194  0.00000000  0.13680701  0.08252405  0.22643921  0.22643921  0.21593166  0.11827050  0.10917209  0.56966741  0.56966741  0.31629261  0.24790883  0.30445126  0.30445126  0.34055432  0.34055432  
3_0_0      0.13680701  0.13680701  0.16550471  0.13680701  0.00000000  0.13680701  0.20556999  0.20556999  0.19535023  0.12748121  0.11827050  0.50546609  0.53687659  0.35298750  0.23709682  0.35298750  0.32832488  0.36563134  0.36563134  
21_0_0     0.11827050  0.10018327  0.12748121  0.08252405  0.13680701  0.00000000  0.19535023  0.19535023  0.18526852  0.11827050  0.10917209  0.49024308  0.49024308  0.36563134  0.27001444  0.32832488  0.32832488  0.34055432  0.34055432  
27_0_0     0.22643921  0.22643921  0.21593166  0.22643921  0.20556999  0.19535023  0.00000000  0.00000000  0.02381342  0.15581568  0.14625083  0.43227836  0.46069810  0.36563134  0.27001444  0.31629261  0.29279487  0.30445126  0.30445126  
6_0_0      0.22643921  0.22643921  0.21593166  0.22643921  0.20556999  0.19535023  0.00000000  0.00000000  0.02381342  0.15581568  0.14625083  0.43227836  0.46069810  0.36563134  0.27001444  0.31629261  0.29279487  0.30445126  0.30445126  
13_0_0     0.23709682  0.21593166  0.22643921  0.21593166  0.19535023  0.18526852  0.02381342  0.02381342  0.00000000  0.14625083  0.13680701  0.44635296  0.47532439  0.37849309  0.25887979  0.32832488  0.30445126  0.31629261  0.31629261  
5_0_0      0.13680701  0.11827050  0.14625083  0.11827050  0.12748121  0.11827050  0.15581568  0.15581568  0.14625083  0.00000000  0.00785368  0.44635296  0.47532439  0.36563134  0.22643921  0.28131774  0.28131774  0.29279487  0.29279487  
28_0_0     0.12748121  0.10917209  0.13680701  0.10917209  0.11827050  0.10917209  0.14625083  0.14625083  0.13680701  0.00785368  0.00000000  0.46069810  0.49024308  0.35298750  0.21593166  0.29279487  0.29279487  0.30445126  0.30445126  
26_0_0     0.50546609  0.56966741  0.55309192  0.56966741  0.50546609  0.49024308  0.43227836  0.43227836  0.44635296  0.44635296  0.46069810  0.00000000  0.01579089  0.55309192  0.47532439  0.52100610  0.52100610  0.50546609  0.50546609  
26_5_0     0.50546609  0.56966741  0.55309192  0.56966741  0.53687659  0.49024308  0.46069810  0.46069810  0.47532439  0.47532439  0.49024308  0.01579089  0.00000000  0.58661943  0.50546609  0.52100610  0.52100610  0.53687659  0.53687659  
29_0_0     0.27001444  0.31629261  0.32832488  0.31629261  0.35298750  0.36563134  0.36563134  0.36563134  0.37849309  0.36563134  0.35298750  0.55309192  0.58661943  0.00000000  0.15581568  0.31629261  0.31629261  0.31629261  0.31629261  
22_0_0     0.24790883  0.27001444  0.28131774  0.24790883  0.23709682  0.27001444  0.27001444  0.27001444  0.25887979  0.22643921  0.21593166  0.47532439  0.50546609  0.15581568  0.00000000  0.14625083  0.18526852  0.17532119  0.17532119  
23_4_0     0.32832488  0.32832488  0.31629261  0.30445126  0.35298750  0.32832488  0.31629261  0.31629261  0.32832488  0.28131774  0.29279487  0.52100610  0.52100610  0.31629261  0.14625083  0.00000000  0.03192313  0.04012194  0.04012194  
23_3_0     0.32832488  0.32832488  0.31629261  0.30445126  0.32832488  0.32832488  0.29279487  0.29279487  0.30445126  0.28131774  0.29279487  0.52100610  0.52100610  0.31629261  0.18526852  0.03192313  0.00000000  0.07384870  0.07384870  
17_1_0     0.36563134  0.36563134  0.35298750  0.34055432  0.36563134  0.34055432  0.30445126  0.30445126  0.31629261  0.29279487  0.30445126  0.50546609  0.53687659  0.31629261  0.17532119  0.04012194  0.07384870  0.00000000  0.00000000  
11_1_0     0.36563134  0.36563134  0.35298750  0.34055432  0.36563134  0.34055432  0.30445126  0.30445126  0.31629261  0.29279487  0.30445126  0.50546609  0.53687659  0.31629261  0.17532119  0.04012194  0.07384870  0.00000000  0.00000000  

