172
25_0_0     0.00000000  0.00702646  0.05818617  0.02851783  0.24698274  0.22767106  0.24698274  0.24698274  0.19962225  0.19050541  0.24698274  0.32973847  0.42300039  0.44828842  0.43553573  0.48792946  0.46126614  0.43553573  0.47447698  0.51559586  0.43553573  0.38662745  0.41067513  0.31887027  0.41067513  0.41067513  0.31887027  0.34076968  0.31887027  0.34076968  0.42300039  0.47447698  0.52982938  0.32973847  0.39855301  0.35196887  0.34076968  0.36334122  0.32973847  0.36334122  0.38662745  0.36334122  0.35196887  0.34076968  0.35196887  0.43553573  0.47447698  0.52982938  0.38662745  0.38662745  0.37489218  0.34076968  0.48792946  0.44828842  0.44828842  0.46126614  0.47447698  0.39855301  0.41067513  0.41067513  0.44828842  0.51559586  0.50163258  0.58968911  0.58968911  0.57426128  0.57426128  0.54434380  0.54434380  0.48792946  0.41067513  0.44828842  0.42300039  0.47447698  0.42300039  0.38662745  0.62155095  0.52982938  0.55915043  0.55915043  0.58968911  0.48792946  0.42300039  0.44828842  0.47447698  0.50163258  0.55915043  0.52982938  0.51559586  0.52982938  0.47447698  0.52982938  0.48792946  0.50163258  0.50163258  0.55915043  0.58968911  0.48792946  0.57426128  0.48792946  0.48792946  0.50163258  0.52982938  0.51559586  0.55915043  0.55915043  0.54434380  0.68974066  0.70782385  0.68974066  0.68974066  0.65485582  0.65485582  0.74538132  0.74538132  0.65485582  0.48792946  0.60544751  0.58968911  0.57426128  0.55915043  0.54434380  0.55915043  0.55915043  0.60544751  0.55915043  0.57426128  0.57426128  0.58968911  0.57426128  0.55915043  0.52982938  0.62155095  0.60544751  0.62155095  0.52982938  0.58968911  0.65485582  0.63801489  0.57426128  0.63801489  0.76490463  0.54434380  0.54434380  0.54434380  0.51559586  0.48792946  0.51559586  0.58968911  0.60544751  0.58968911  0.60544751  0.65485582  0.62155095  0.58968911  0.62155095  0.62155095  0.57426128  0.57426128  0.58968911  0.52982938  0.47447698  0.50163258  0.51559586  0.48792946  0.60544751  0.58968911  0.55915043  0.58968911  0.57426128  0.50163258  0.51559586  
5_0_0      0.00702646  0.00000000  0.06579410  0.03582347  0.23726352  0.23726352  0.25683211  0.25683211  0.20885350  0.19962225  0.25683211  0.34076968  0.43553573  0.43553573  0.42300039  0.47447698  0.44828842  0.42300039  0.46126614  0.50163258  0.42300039  0.37489218  0.39855301  0.30816034  0.39855301  0.39855301  0.30816034  0.32973847  0.30816034  0.32973847  0.41067513  0.46126614  0.51559586  0.34076968  0.41067513  0.36334122  0.35196887  0.37489218  0.34076968  0.37489218  0.37489218  0.37489218  0.36334122  0.35196887  0.36334122  0.44828842  0.46126614  0.51559586  0.38662745  0.38662745  0.37489218  0.34076968  0.48792946  0.44828842  0.44828842  0.46126614  0.47447698  0.39855301  0.41067513  0.41067513  0.43553573  0.50163258  0.51559586  0.57426128  0.57426128  0.55915043  0.55915043  0.52982938  0.52982938  0.47447698  0.39855301  0.43553573  0.41067513  0.46126614  0.41067513  0.37489218  0.62155095  0.52982938  0.55915043  0.55915043  0.58968911  0.48792946  0.42300039  0.44828842  0.47447698  0.50163258  0.55915043  0.52982938  0.51559586  0.52982938  0.47447698  0.52982938  0.50163258  0.50163258  0.48792946  0.55915043  0.58968911  0.48792946  0.57426128  0.48792946  0.48792946  0.50163258  0.52982938  0.51559586  0.55915043  0.55915043  0.54434380  0.70782385  0.70782385  0.68974066  0.68974066  0.65485582  0.65485582  0.74538132  0.74538132  0.65485582  0.48792946  0.60544751  0.58968911  0.57426128  0.55915043  0.54434380  0.55915043  0.55915043  0.60544751  0.55915043  0.57426128  0.57426128  0.58968911  0.57426128  0.55915043  0.52982938  0.62155095  0.60544751  0.62155095  0.52982938  0.58968911  0.65485582  0.65485582  0.55915043  0.62155095  0.74538132  0.52982938  0.52982938  0.52982938  0.50163258  0.50163258  0.52982938  0.57426128  0.58968911  0.57426128  0.58968911  0.63801489  0.60544751  0.57426128  0.60544751  0.63801489  0.55915043  0.55915043  0.57426128  0.51559586  0.46126614  0.48792946  0.50163258  0.47447698  0.58968911  0.57426128  0.54434380  0.60544751  0.58968911  0.48792946  0.50163258  
14_0_0     0.05818617  0.06579410  0.00000000  0.05818617  0.27693563  0.27693563  0.29760412  0.29760412  0.24698274  0.23726352  0.29760412  0.35196887  0.39855301  0.44828842  0.43553573  0.51559586  0.51559586  0.48792946  0.51559586  0.55915043  0.46126614  0.43553573  0.37489218  0.36334122  0.47447698  0.44828842  0.36334122  0.36334122  0.38662745  0.36334122  0.44828842  0.50163258  0.57426128  0.37489218  0.42300039  0.39855301  0.38662745  0.43553573  0.39855301  0.41067513  0.41067513  0.38662745  0.32973847  0.34076968  0.37489218  0.46126614  0.47447698  0.62155095  0.41067513  0.41067513  0.42300039  0.38662745  0.50163258  0.50163258  0.50163258  0.52982938  0.51559586  0.41067513  0.42300039  0.42300039  0.43553573  0.47447698  0.48792946  0.55915043  0.55915043  0.54434380  0.54434380  0.51559586  0.51559586  0.41067513  0.41067513  0.42300039  0.42300039  0.44828842  0.37489218  0.38662745  0.65485582  0.47447698  0.52982938  0.65485582  0.68974066  0.51559586  0.42300039  0.47447698  0.44828842  0.50163258  0.54434380  0.51559586  0.50163258  0.52982938  0.50163258  0.52982938  0.47447698  0.51559586  0.51559586  0.52982938  0.55915043  0.51559586  0.54434380  0.42300039  0.42300039  0.43553573  0.46126614  0.44828842  0.54434380  0.52982938  0.51559586  0.68974066  0.65485582  0.65485582  0.63801489  0.60544751  0.57426128  0.68974066  0.68974066  0.62155095  0.50163258  0.58968911  0.54434380  0.50163258  0.51559586  0.50163258  0.51559586  0.51559586  0.55915043  0.51559586  0.52982938  0.52982938  0.54434380  0.52982938  0.51559586  0.46126614  0.57426128  0.55915043  0.57426128  0.51559586  0.54434380  0.60544751  0.52982938  0.47447698  0.58968911  0.70782385  0.51559586  0.48792946  0.55915043  0.52982938  0.51559586  0.54434380  0.57426128  0.58968911  0.62155095  0.63801489  0.65485582  0.62155095  0.58968911  0.62155095  0.55915043  0.51559586  0.51559586  0.52982938  0.47447698  0.47447698  0.50163258  0.51559586  0.48792946  0.58968911  0.57426128  0.52982938  0.55915043  0.54434380  0.51559586  0.51559586  
69_0_0     0.02851783  0.03582347  0.05818617  0.00000000  0.24698274  0.22767106  0.23726352  0.23726352  0.21820210  0.20885350  0.25683211  0.35196887  0.42300039  0.47447698  0.46126614  0.54434380  0.51559586  0.48792946  0.52982938  0.57426128  0.48792946  0.43553573  0.43553573  0.36334122  0.46126614  0.43553573  0.36334122  0.38662745  0.35196887  0.38662745  0.44828842  0.50163258  0.55915043  0.37489218  0.44828842  0.38662745  0.38662745  0.41067513  0.37489218  0.41067513  0.43553573  0.41067513  0.35196887  0.34076968  0.39855301  0.44828842  0.51559586  0.57426128  0.41067513  0.41067513  0.39855301  0.35196887  0.50163258  0.47447698  0.47447698  0.51559586  0.52982938  0.42300039  0.43553573  0.43553573  0.46126614  0.50163258  0.51559586  0.62155095  0.62155095  0.60544751  0.60544751  0.54434380  0.54434380  0.48792946  0.46126614  0.46126614  0.46126614  0.46126614  0.38662745  0.42300039  0.63801489  0.54434380  0.54434380  0.57426128  0.60544751  0.50163258  0.43553573  0.46126614  0.48792946  0.51559586  0.62155095  0.58968911  0.57426128  0.58968911  0.52982938  0.57426128  0.54434380  0.55915043  0.55915043  0.57426128  0.60544751  0.50163258  0.55915043  0.47447698  0.47447698  0.48792946  0.51559586  0.50163258  0.55915043  0.54434380  0.52982938  0.68974066  0.68974066  0.68974066  0.67209143  0.63801489  0.60544751  0.68974066  0.68974066  0.60544751  0.52982938  0.62155095  0.57426128  0.55915043  0.54434380  0.52982938  0.54434380  0.54434380  0.60544751  0.54434380  0.55915043  0.55915043  0.55915043  0.54434380  0.52982938  0.50163258  0.60544751  0.58968911  0.62155095  0.57426128  0.60544751  0.67209143  0.62155095  0.57426128  0.62155095  0.72636288  0.54434380  0.51559586  0.54434380  0.51559586  0.50163258  0.52982938  0.65485582  0.67209143  0.65485582  0.67209143  0.70782385  0.67209143  0.62155095  0.65485582  0.63801489  0.58968911  0.58968911  0.60544751  0.51559586  0.48792946  0.51559586  0.52982938  0.50163258  0.62155095  0.57426128  0.54434380  0.63801489  0.63801489  0.52982938  0.55915043  
23_0_0     0.24698274  0.23726352  0.27693563  0.24698274  0.00000000  0.09703809  0.17260393  0.17260393  0.14654308  0.13805738  0.25683211  0.46126614  0.48792946  0.47447698  0.46126614  0.57426128  0.54434380  0.51559586  0.54434380  0.55915043  0.47447698  0.51559586  0.54434380  0.38662745  0.46126614  0.43553573  0.46126614  0.46126614  0.43553573  0.46126614  0.41067513  0.46126614  0.52982938  0.44828842  0.54434380  0.46126614  0.44828842  0.44828842  0.43553573  0.44828842  0.51559586  0.51559586  0.48792946  0.50163258  0.50163258  0.54434380  0.55915043  0.47447698  0.48792946  0.48792946  0.44828842  0.50163258  0.65485582  0.52982938  0.55915043  0.57426128  0.58968911  0.52982938  0.54434380  0.54434380  0.51559586  0.54434380  0.57426128  0.55915043  0.62155095  0.58968911  0.58968911  0.63801489  0.63801489  0.58968911  0.47447698  0.51559586  0.43553573  0.52982938  0.47447698  0.48792946  0.76490463  0.57426128  0.58968911  0.55915043  0.58968911  0.52982938  0.51559586  0.51559586  0.57426128  0.65485582  0.63801489  0.60544751  0.65485582  0.60544751  0.63801489  0.55915043  0.54434380  0.52982938  0.51559586  0.55915043  0.55915043  0.46126614  0.65485582  0.63801489  0.63801489  0.65485582  0.67209143  0.63801489  0.57426128  0.63801489  0.63801489  0.78496034  0.67209143  0.68974066  0.65485582  0.63801489  0.60544751  0.67209143  0.67209143  0.62155095  0.63801489  0.67209143  0.65485582  0.63801489  0.62155095  0.60544751  0.57426128  0.68974066  0.70782385  0.62155095  0.63801489  0.63801489  0.57426128  0.58968911  0.57426128  0.52982938  0.62155095  0.60544751  0.67209143  0.62155095  0.63801489  0.72636288  0.60544751  0.54434380  0.63801489  0.84863370  0.55915043  0.55915043  0.54434380  0.51559586  0.48792946  0.50163258  0.78496034  0.80557832  0.63801489  0.65485582  0.72636288  0.72636288  0.68974066  0.67209143  0.76490463  0.63801489  0.63801489  0.65485582  0.55915043  0.58968911  0.52982938  0.54434380  0.54434380  0.70782385  0.62155095  0.62155095  0.67209143  0.65485582  0.58968911  0.58968911  
29_0_0     0.22767106  0.23726352  0.27693563  0.22767106  0.09703809  0.00000000  0.12966846  0.12966846  0.13805738  0.12966846  0.26681518  0.44828842  0.47447698  0.52982938  0.50163258  0.62155095  0.58968911  0.55915043  0.58968911  0.62155095  0.50163258  0.55915043  0.57426128  0.38662745  0.44828842  0.47447698  0.46126614  0.46126614  0.43553573  0.46126614  0.43553573  0.48792946  0.48792946  0.42300039  0.47447698  0.41067513  0.42300039  0.42300039  0.41067513  0.44828842  0.51559586  0.51559586  0.48792946  0.47447698  0.50163258  0.51559586  0.58968911  0.51559586  0.50163258  0.50163258  0.46126614  0.48792946  0.58968911  0.50163258  0.52982938  0.52982938  0.57426128  0.52982938  0.54434380  0.54434380  0.47447698  0.50163258  0.54434380  0.55915043  0.58968911  0.62155095  0.62155095  0.58968911  0.58968911  0.58968911  0.52982938  0.54434380  0.48792946  0.57426128  0.48792946  0.54434380  0.67209143  0.55915043  0.57426128  0.55915043  0.55915043  0.44828842  0.52982938  0.50163258  0.58968911  0.58968911  0.62155095  0.58968911  0.63801489  0.62155095  0.65485582  0.57426128  0.50163258  0.51559586  0.54434380  0.58968911  0.58968911  0.48792946  0.58968911  0.62155095  0.58968911  0.67209143  0.62155095  0.62155095  0.52982938  0.62155095  0.58968911  0.72636288  0.62155095  0.70782385  0.63801489  0.62155095  0.58968911  0.68974066  0.68974066  0.63801489  0.62155095  0.58968911  0.57426128  0.55915043  0.54434380  0.52982938  0.52982938  0.60544751  0.68974066  0.54434380  0.55915043  0.55915043  0.55915043  0.54434380  0.55915043  0.54434380  0.62155095  0.60544751  0.62155095  0.60544751  0.65485582  0.65485582  0.58968911  0.58968911  0.63801489  0.74538132  0.58968911  0.58968911  0.62155095  0.58968911  0.50163258  0.51559586  0.74538132  0.76490463  0.63801489  0.65485582  0.68974066  0.68974066  0.62155095  0.65485582  0.72636288  0.67209143  0.67209143  0.68974066  0.55915043  0.62155095  0.58968911  0.60544751  0.57426128  0.70782385  0.55915043  0.55915043  0.70782385  0.68974066  0.57426128  0.62155095  
63_0_0     0.24698274  0.25683211  0.29760412  0.23726352  0.17260393  0.12966846  0.00000000  0.00000000  0.08125020  0.07348155  0.27693563  0.46126614  0.48792946  0.51559586  0.54434380  0.67209143  0.57426128  0.54434380  0.57426128  0.60544751  0.48792946  0.55915043  0.54434380  0.43553573  0.50163258  0.52982938  0.46126614  0.46126614  0.41067513  0.48792946  0.47447698  0.48792946  0.55915043  0.44828842  0.46126614  0.43553573  0.47447698  0.50163258  0.48792946  0.47447698  0.51559586  0.51559586  0.48792946  0.47447698  0.50163258  0.51559586  0.55915043  0.62155095  0.52982938  0.50163258  0.46126614  0.48792946  0.55915043  0.58968911  0.58968911  0.58968911  0.60544751  0.58968911  0.57426128  0.57426128  0.50163258  0.47447698  0.50163258  0.63801489  0.67209143  0.67209143  0.67209143  0.67209143  0.67209143  0.55915043  0.50163258  0.52982938  0.44828842  0.50163258  0.47447698  0.51559586  0.68974066  0.55915043  0.57426128  0.54434380  0.57426128  0.46126614  0.52982938  0.52982938  0.58968911  0.63801489  0.68974066  0.65485582  0.70782385  0.65485582  0.68974066  0.74538132  0.62155095  0.62155095  0.62155095  0.60544751  0.60544751  0.52982938  0.65485582  0.65485582  0.62155095  0.70782385  0.62155095  0.62155095  0.57426128  0.62155095  0.58968911  0.76490463  0.65485582  0.70782385  0.63801489  0.65485582  0.62155095  0.72636288  0.72636288  0.63801489  0.67209143  0.57426128  0.58968911  0.60544751  0.54434380  0.54434380  0.54434380  0.68974066  0.68974066  0.55915043  0.57426128  0.57426128  0.63801489  0.62155095  0.63801489  0.62155095  0.58968911  0.57426128  0.63801489  0.62155095  0.63801489  0.67209143  0.67209143  0.67209143  0.70782385  0.76490463  0.67209143  0.67209143  0.63801489  0.60544751  0.50163258  0.52982938  0.76490463  0.78496034  0.72636288  0.74538132  0.65485582  0.62155095  0.70782385  0.72636288  0.70782385  0.65485582  0.65485582  0.63801489  0.48792946  0.51559586  0.44828842  0.46126614  0.48792946  0.68974066  0.62155095  0.62155095  0.80557832  0.82679100  0.68974066  0.68974066  
30_0_0     0.24698274  0.25683211  0.29760412  0.23726352  0.17260393  0.12966846  0.00000000  0.00000000  0.08125020  0.07348155  0.27693563  0.46126614  0.48792946  0.51559586  0.54434380  0.67209143  0.57426128  0.54434380  0.57426128  0.60544751  0.48792946  0.55915043  0.54434380  0.43553573  0.50163258  0.52982938  0.46126614  0.46126614  0.41067513  0.48792946  0.47447698  0.48792946  0.55915043  0.44828842  0.46126614  0.43553573  0.47447698  0.50163258  0.48792946  0.47447698  0.51559586  0.51559586  0.48792946  0.47447698  0.50163258  0.51559586  0.55915043  0.62155095  0.52982938  0.50163258  0.46126614  0.48792946  0.55915043  0.58968911  0.58968911  0.58968911  0.60544751  0.58968911  0.57426128  0.57426128  0.50163258  0.47447698  0.50163258  0.63801489  0.67209143  0.67209143  0.67209143  0.67209143  0.67209143  0.55915043  0.50163258  0.52982938  0.44828842  0.50163258  0.47447698  0.51559586  0.68974066  0.55915043  0.57426128  0.54434380  0.57426128  0.46126614  0.52982938  0.52982938  0.58968911  0.63801489  0.68974066  0.65485582  0.70782385  0.65485582  0.68974066  0.74538132  0.62155095  0.62155095  0.62155095  0.60544751  0.60544751  0.52982938  0.65485582  0.65485582  0.62155095  0.70782385  0.62155095  0.62155095  0.57426128  0.62155095  0.58968911  0.76490463  0.65485582  0.70782385  0.63801489  0.65485582  0.62155095  0.72636288  0.72636288  0.63801489  0.67209143  0.57426128  0.58968911  0.60544751  0.54434380  0.54434380  0.54434380  0.68974066  0.68974066  0.55915043  0.57426128  0.57426128  0.63801489  0.62155095  0.63801489  0.62155095  0.58968911  0.57426128  0.63801489  0.62155095  0.63801489  0.67209143  0.67209143  0.67209143  0.70782385  0.76490463  0.67209143  0.67209143  0.63801489  0.60544751  0.50163258  0.52982938  0.76490463  0.78496034  0.72636288  0.74538132  0.65485582  0.62155095  0.70782385  0.72636288  0.70782385  0.65485582  0.65485582  0.63801489  0.48792946  0.51559586  0.44828842  0.46126614  0.48792946  0.68974066  0.62155095  0.62155095  0.80557832  0.82679100  0.68974066  0.68974066  
63_1_0     0.19962225  0.20885350  0.24698274  0.21820210  0.14654308  0.13805738  0.08125020  0.08125020  0.00000000  0.00702646  0.21820210  0.39855301  0.44828842  0.47447698  0.50163258  0.55915043  0.50163258  0.47447698  0.52982938  0.55915043  0.39855301  0.48792946  0.47447698  0.35196887  0.46126614  0.46126614  0.37489218  0.39855301  0.35196887  0.37489218  0.41067513  0.43553573  0.47447698  0.38662745  0.38662745  0.39855301  0.38662745  0.39855301  0.39855301  0.38662745  0.47447698  0.47447698  0.39855301  0.41067513  0.46126614  0.52982938  0.51559586  0.52982938  0.43553573  0.46126614  0.42300039  0.44828842  0.52982938  0.57426128  0.57426128  0.54434380  0.52982938  0.51559586  0.50163258  0.50163258  0.43553573  0.43553573  0.43553573  0.62155095  0.58968911  0.58968911  0.58968911  0.68974066  0.68974066  0.54434380  0.46126614  0.52982938  0.44828842  0.54434380  0.51559586  0.47447698  0.63801489  0.57426128  0.58968911  0.58968911  0.62155095  0.47447698  0.46126614  0.46126614  0.51559586  0.62155095  0.57426128  0.54434380  0.58968911  0.54434380  0.54434380  0.62155095  0.54434380  0.58968911  0.55915043  0.60544751  0.60544751  0.52982938  0.67209143  0.63801489  0.60544751  0.62155095  0.60544751  0.60544751  0.54434380  0.63801489  0.54434380  0.80557832  0.65485582  0.67209143  0.63801489  0.62155095  0.62155095  0.72636288  0.72636288  0.63801489  0.62155095  0.62155095  0.60544751  0.62155095  0.55915043  0.55915043  0.58968911  0.70782385  0.67209143  0.57426128  0.58968911  0.58968911  0.60544751  0.62155095  0.65485582  0.63801489  0.67209143  0.63801489  0.72636288  0.67209143  0.62155095  0.68974066  0.58968911  0.58968911  0.67209143  0.74538132  0.60544751  0.60544751  0.57426128  0.54434380  0.52982938  0.52982938  0.68974066  0.70782385  0.65485582  0.67209143  0.62155095  0.58968911  0.67209143  0.68974066  0.63801489  0.62155095  0.62155095  0.60544751  0.50163258  0.47447698  0.43553573  0.44828842  0.51559586  0.70782385  0.68974066  0.65485582  0.70782385  0.68974066  0.63801489  0.60544751  
30_1_0     0.19050541  0.19962225  0.23726352  0.20885350  0.13805738  0.12966846  0.07348155  0.07348155  0.00702646  0.00000000  0.22767106  0.38662745  0.43553573  0.46126614  0.48792946  0.54434380  0.48792946  0.46126614  0.51559586  0.54434380  0.41067513  0.47447698  0.48792946  0.34076968  0.44828842  0.44828842  0.38662745  0.41067513  0.36334122  0.38662745  0.39855301  0.42300039  0.48792946  0.37489218  0.37489218  0.38662745  0.37489218  0.39855301  0.38662745  0.37489218  0.46126614  0.46126614  0.38662745  0.39855301  0.44828842  0.51559586  0.50163258  0.54434380  0.42300039  0.44828842  0.41067513  0.43553573  0.51559586  0.55915043  0.55915043  0.52982938  0.51559586  0.50163258  0.48792946  0.48792946  0.44828842  0.44828842  0.44828842  0.60544751  0.60544751  0.60544751  0.60544751  0.67209143  0.67209143  0.52982938  0.47447698  0.54434380  0.46126614  0.55915043  0.50163258  0.48792946  0.65485582  0.55915043  0.57426128  0.57426128  0.60544751  0.46126614  0.47447698  0.47447698  0.52982938  0.63801489  0.55915043  0.52982938  0.57426128  0.52982938  0.52982938  0.60544751  0.55915043  0.57426128  0.54434380  0.58968911  0.58968911  0.51559586  0.68974066  0.62155095  0.62155095  0.63801489  0.62155095  0.62155095  0.55915043  0.65485582  0.55915043  0.78496034  0.67209143  0.68974066  0.65485582  0.63801489  0.63801489  0.74538132  0.74538132  0.65485582  0.60544751  0.60544751  0.58968911  0.60544751  0.54434380  0.54434380  0.57426128  0.68974066  0.65485582  0.55915043  0.57426128  0.57426128  0.62155095  0.60544751  0.63801489  0.62155095  0.65485582  0.63801489  0.70782385  0.65485582  0.60544751  0.68974066  0.60544751  0.57426128  0.65485582  0.72636288  0.62155095  0.62155095  0.58968911  0.55915043  0.51559586  0.54434380  0.67209143  0.68974066  0.63801489  0.65485582  0.63801489  0.60544751  0.65485582  0.67209143  0.65485582  0.63801489  0.63801489  0.62155095  0.48792946  0.48792946  0.44828842  0.46126614  0.50163258  0.68974066  0.67209143  0.67209143  0.72636288  0.70782385  0.65485582  0.62155095  
47_0_0     0.24698274  0.25683211  0.29760412  0.25683211  0.25683211  0.26681518  0.27693563  0.27693563  0.21820210  0.22767106  0.00000000  0.41067513  0.50163258  0.55915043  0.55915043  0.48792946  0.50163258  0.47447698  0.47447698  0.50163258  0.46126614  0.44828842  0.47447698  0.37489218  0.50163258  0.47447698  0.37489218  0.39855301  0.35196887  0.39855301  0.47447698  0.44828842  0.50163258  0.44828842  0.44828842  0.38662745  0.37489218  0.43553573  0.43553573  0.41067513  0.51559586  0.52982938  0.50163258  0.48792946  0.55915043  0.55915043  0.48792946  0.51559586  0.44828842  0.47447698  0.48792946  0.48792946  0.70782385  0.57426128  0.57426128  0.51559586  0.50163258  0.51559586  0.52982938  0.52982938  0.43553573  0.43553573  0.38662745  0.65485582  0.65485582  0.63801489  0.63801489  0.72636288  0.72636288  0.62155095  0.51559586  0.43553573  0.47447698  0.55915043  0.55915043  0.44828842  0.63801489  0.60544751  0.57426128  0.47447698  0.50163258  0.44828842  0.46126614  0.41067513  0.48792946  0.63801489  0.68974066  0.65485582  0.67209143  0.65485582  0.62155095  0.60544751  0.47447698  0.48792946  0.48792946  0.57426128  0.58968911  0.51559586  0.57426128  0.60544751  0.60544751  0.57426128  0.55915043  0.55915043  0.57426128  0.55915043  0.60544751  0.70782385  0.62155095  0.63801489  0.63801489  0.57426128  0.58968911  0.62155095  0.62155095  0.63801489  0.54434380  0.62155095  0.57426128  0.58968911  0.54434380  0.52982938  0.52982938  0.60544751  0.68974066  0.54434380  0.55915043  0.55915043  0.60544751  0.67209143  0.55915043  0.63801489  0.74538132  0.70782385  0.78496034  0.63801489  0.58968911  0.62155095  0.55915043  0.55915043  0.63801489  0.70782385  0.58968911  0.62155095  0.55915043  0.54434380  0.57426128  0.55915043  0.72636288  0.72636288  0.62155095  0.63801489  0.65485582  0.65485582  0.67209143  0.67209143  0.60544751  0.57426128  0.57426128  0.58968911  0.52982938  0.51559586  0.51559586  0.52982938  0.57426128  0.72636288  0.70782385  0.67209143  0.70782385  0.72636288  0.60544751  0.52982938  
42_2_0     0.32973847  0.34076968  0.35196887  0.35196887  0.46126614  0.44828842  0.46126614  0.46126614  0.39855301  0.38662745  0.41067513  0.00000000  0.09703809  0.17260393  0.19962225  0.26681518  0.20885350  0.18150021  0.24698274  0.25683211  0.19962225  0.19050541  0.19962225  0.14654308  0.24698274  0.24698274  0.12137415  0.12966846  0.15512784  0.16381398  0.30816034  0.31887027  0.27693563  0.12137415  0.18150021  0.11317233  0.10506097  0.14654308  0.12137415  0.13805738  0.21820210  0.25683211  0.24698274  0.23726352  0.23726352  0.30816034  0.30816034  0.42300039  0.23726352  0.21820210  0.24698274  0.19050541  0.28719727  0.25683211  0.23726352  0.27693563  0.23726352  0.26681518  0.27693563  0.27693563  0.38662745  0.37489218  0.38662745  0.39855301  0.42300039  0.47447698  0.46126614  0.37489218  0.36334122  0.26681518  0.27693563  0.26681518  0.29760412  0.25683211  0.24698274  0.25683211  0.43553573  0.42300039  0.42300039  0.41067513  0.42300039  0.39855301  0.36334122  0.38662745  0.39855301  0.46126614  0.41067513  0.37489218  0.34076968  0.31887027  0.35196887  0.44828842  0.38662745  0.38662745  0.39855301  0.47447698  0.48792946  0.46126614  0.41067513  0.44828842  0.44828842  0.47447698  0.44828842  0.44828842  0.47447698  0.38662745  0.42300039  0.62155095  0.44828842  0.50163258  0.46126614  0.47447698  0.47447698  0.57426128  0.57426128  0.50163258  0.43553573  0.54434380  0.50163258  0.47447698  0.47447698  0.46126614  0.48792946  0.48792946  0.57426128  0.47447698  0.46126614  0.46126614  0.51559586  0.54434380  0.48792946  0.47447698  0.50163258  0.47447698  0.51559586  0.47447698  0.46126614  0.57426128  0.48792946  0.48792946  0.54434380  0.51559586  0.55915043  0.58968911  0.54434380  0.54434380  0.47447698  0.50163258  0.58968911  0.58968911  0.50163258  0.48792946  0.52982938  0.52982938  0.51559586  0.54434380  0.52982938  0.62155095  0.62155095  0.63801489  0.44828842  0.43553573  0.44828842  0.46126614  0.43553573  0.51559586  0.47447698  0.48792946  0.52982938  0.51559586  0.54434380  0.57426128  
60_2_0     0.42300039  0.43553573  0.39855301  0.42300039  0.48792946  0.47447698  0.48792946  0.48792946  0.44828842  0.43553573  0.50163258  0.09703809  0.00000000  0.21820210  0.24698274  0.31887027  0.27693563  0.28719727  0.34076968  0.35196887  0.26681518  0.23726352  0.24698274  0.19050541  0.29760412  0.31887027  0.19962225  0.17260393  0.23726352  0.22767106  0.30816034  0.31887027  0.28719727  0.19962225  0.22767106  0.17260393  0.18150021  0.24698274  0.21820210  0.19962225  0.23726352  0.25683211  0.26681518  0.25683211  0.21820210  0.32973847  0.38662745  0.44828842  0.27693563  0.25683211  0.26681518  0.26681518  0.28719727  0.29760412  0.27693563  0.30816034  0.30816034  0.32973847  0.34076968  0.34076968  0.44828842  0.36334122  0.39855301  0.46126614  0.46126614  0.48792946  0.50163258  0.36334122  0.35196887  0.28719727  0.32973847  0.28719727  0.34076968  0.31887027  0.30816034  0.29760412  0.43553573  0.38662745  0.41067513  0.42300039  0.43553573  0.38662745  0.37489218  0.39855301  0.38662745  0.50163258  0.39855301  0.36334122  0.37489218  0.32973847  0.34076968  0.44828842  0.41067513  0.39855301  0.41067513  0.48792946  0.44828842  0.47447698  0.38662745  0.36334122  0.36334122  0.44828842  0.41067513  0.41067513  0.50163258  0.42300039  0.41067513  0.80557832  0.48792946  0.50163258  0.50163258  0.51559586  0.48792946  0.52982938  0.52982938  0.46126614  0.47447698  0.58968911  0.46126614  0.41067513  0.46126614  0.44828842  0.42300039  0.42300039  0.54434380  0.43553573  0.42300039  0.42300039  0.52982938  0.55915043  0.47447698  0.43553573  0.46126614  0.46126614  0.50163258  0.54434380  0.39855301  0.47447698  0.48792946  0.51559586  0.48792946  0.58968911  0.60544751  0.54434380  0.52982938  0.50163258  0.43553573  0.46126614  0.55915043  0.57426128  0.55915043  0.54434380  0.52982938  0.52982938  0.51559586  0.57426128  0.58968911  0.62155095  0.62155095  0.63801489  0.50163258  0.54434380  0.54434380  0.55915043  0.51559586  0.54434380  0.47447698  0.51559586  0.62155095  0.60544751  0.51559586  0.57426128  
10_2_0     0.44828842  0.43553573  0.44828842  0.47447698  0.47447698  0.52982938  0.51559586  0.51559586  0.47447698  0.46126614  0.55915043  0.17260393  0.21820210  0.00000000  0.05065614  0.32973847  0.26681518  0.27693563  0.35196887  0.34076968  0.30816034  0.26681518  0.24698274  0.27693563  0.28719727  0.26681518  0.22767106  0.21820210  0.26681518  0.25683211  0.39855301  0.43553573  0.36334122  0.20885350  0.28719727  0.23726352  0.20885350  0.21820210  0.20885350  0.24698274  0.28719727  0.36334122  0.30816034  0.29760412  0.34076968  0.37489218  0.38662745  0.41067513  0.27693563  0.25683211  0.26681518  0.30816034  0.35196887  0.31887027  0.31887027  0.37489218  0.34076968  0.35196887  0.34076968  0.34076968  0.43553573  0.47447698  0.43553573  0.48792946  0.54434380  0.52982938  0.54434380  0.42300039  0.41067513  0.35196887  0.31887027  0.32973847  0.31887027  0.31887027  0.30816034  0.30816034  0.52982938  0.41067513  0.41067513  0.55915043  0.57426128  0.51559586  0.39855301  0.39855301  0.43553573  0.55915043  0.55915043  0.48792946  0.52982938  0.42300039  0.48792946  0.51559586  0.42300039  0.39855301  0.37489218  0.57426128  0.58968911  0.52982938  0.39855301  0.48792946  0.48792946  0.46126614  0.43553573  0.43553573  0.48792946  0.46126614  0.51559586  0.68974066  0.57426128  0.60544751  0.58968911  0.51559586  0.51559586  0.62155095  0.62155095  0.57426128  0.51559586  0.63801489  0.55915043  0.50163258  0.55915043  0.54434380  0.54434380  0.51559586  0.65485582  0.51559586  0.52982938  0.52982938  0.62155095  0.67209143  0.60544751  0.52982938  0.55915043  0.52982938  0.57426128  0.57426128  0.54434380  0.62155095  0.47447698  0.43553573  0.55915043  0.54434380  0.54434380  0.57426128  0.50163258  0.47447698  0.51559586  0.54434380  0.57426128  0.57426128  0.51559586  0.50163258  0.51559586  0.51559586  0.50163258  0.47447698  0.48792946  0.54434380  0.54434380  0.52982938  0.42300039  0.43553573  0.41067513  0.42300039  0.42300039  0.51559586  0.50163258  0.51559586  0.55915043  0.54434380  0.63801489  0.52982938  
22_2_0     0.43553573  0.42300039  0.43553573  0.46126614  0.46126614  0.50163258  0.54434380  0.54434380  0.50163258  0.48792946  0.55915043  0.19962225  0.24698274  0.05065614  0.00000000  0.38662745  0.31887027  0.32973847  0.38662745  0.42300039  0.34076968  0.31887027  0.27693563  0.30816034  0.29760412  0.27693563  0.27693563  0.26681518  0.31887027  0.30816034  0.43553573  0.47447698  0.44828842  0.25683211  0.34076968  0.28719727  0.25683211  0.26681518  0.25683211  0.28719727  0.30816034  0.36334122  0.32973847  0.31887027  0.34076968  0.39855301  0.43553573  0.46126614  0.28719727  0.26681518  0.27693563  0.31887027  0.37489218  0.32973847  0.32973847  0.38662745  0.37489218  0.38662745  0.39855301  0.39855301  0.46126614  0.52982938  0.46126614  0.50163258  0.55915043  0.54434380  0.55915043  0.43553573  0.42300039  0.38662745  0.35196887  0.34076968  0.35196887  0.39855301  0.38662745  0.36334122  0.63801489  0.44828842  0.44828842  0.63801489  0.65485582  0.58968911  0.46126614  0.43553573  0.50163258  0.58968911  0.54434380  0.47447698  0.51559586  0.43553573  0.50163258  0.50163258  0.43553573  0.41067513  0.41067513  0.55915043  0.54434380  0.51559586  0.48792946  0.50163258  0.50163258  0.50163258  0.47447698  0.47447698  0.50163258  0.52982938  0.58968911  0.67209143  0.60544751  0.63801489  0.62155095  0.52982938  0.54434380  0.62155095  0.62155095  0.57426128  0.57426128  0.67209143  0.62155095  0.55915043  0.62155095  0.60544751  0.60544751  0.51559586  0.65485582  0.57426128  0.58968911  0.58968911  0.68974066  0.70782385  0.63801489  0.55915043  0.58968911  0.55915043  0.60544751  0.54434380  0.57426128  0.65485582  0.51559586  0.44828842  0.58968911  0.60544751  0.52982938  0.55915043  0.54434380  0.51559586  0.55915043  0.57426128  0.57426128  0.57426128  0.51559586  0.50163258  0.54434380  0.57426128  0.50163258  0.50163258  0.47447698  0.50163258  0.50163258  0.48792946  0.46126614  0.50163258  0.47447698  0.48792946  0.48792946  0.50163258  0.48792946  0.50163258  0.57426128  0.55915043  0.65485582  0.54434380  
21_8_0     0.48792946  0.47447698  0.51559586  0.54434380  0.57426128  0.62155095  0.67209143  0.67209143  0.55915043  0.54434380  0.48792946  0.26681518  0.31887027  0.32973847  0.38662745  0.00000000  0.09703809  0.09703809  0.18150021  0.19050541  0.20885350  0.17260393  0.36334122  0.27693563  0.29760412  0.29760412  0.24698274  0.23726352  0.26681518  0.24698274  0.32973847  0.36334122  0.36334122  0.26681518  0.31887027  0.30816034  0.27693563  0.30816034  0.31887027  0.29760412  0.30816034  0.30816034  0.39855301  0.37489218  0.32973847  0.38662745  0.34076968  0.51559586  0.31887027  0.32973847  0.34076968  0.35196887  0.37489218  0.37489218  0.35196887  0.39855301  0.42300039  0.36334122  0.35196887  0.35196887  0.44828842  0.48792946  0.54434380  0.48792946  0.48792946  0.46126614  0.47447698  0.44828842  0.46126614  0.39855301  0.34076968  0.34076968  0.37489218  0.43553573  0.39855301  0.31887027  0.52982938  0.46126614  0.43553573  0.42300039  0.42300039  0.39855301  0.42300039  0.41067513  0.41067513  0.48792946  0.47447698  0.46126614  0.50163258  0.39855301  0.38662745  0.42300039  0.47447698  0.46126614  0.42300039  0.54434380  0.54434380  0.55915043  0.44828842  0.50163258  0.55915043  0.47447698  0.50163258  0.48792946  0.54434380  0.50163258  0.52982938  0.72636288  0.67209143  0.63801489  0.68974066  0.60544751  0.63801489  0.65485582  0.65485582  0.63801489  0.43553573  0.55915043  0.51559586  0.48792946  0.51559586  0.50163258  0.50163258  0.58968911  0.51559586  0.51559586  0.51559586  0.51559586  0.67209143  0.63801489  0.57426128  0.54434380  0.60544751  0.60544751  0.67209143  0.63801489  0.55915043  0.63801489  0.55915043  0.58968911  0.67209143  0.63801489  0.70782385  0.70782385  0.57426128  0.60544751  0.46126614  0.48792946  0.68974066  0.68974066  0.57426128  0.55915043  0.54434380  0.52982938  0.55915043  0.58968911  0.57426128  0.58968911  0.58968911  0.60544751  0.58968911  0.60544751  0.62155095  0.60544751  0.57426128  0.70782385  0.76490463  0.78496034  0.76490463  0.74538132  0.74538132  0.65485582  
41_8_0     0.46126614  0.44828842  0.51559586  0.51559586  0.54434380  0.58968911  0.57426128  0.57426128  0.50163258  0.48792946  0.50163258  0.20885350  0.27693563  0.26681518  0.31887027  0.09703809  0.00000000  0.02128404  0.12137415  0.12966846  0.13805738  0.10506097  0.31887027  0.27693563  0.25683211  0.25683211  0.22767106  0.21820210  0.20885350  0.22767106  0.35196887  0.41067513  0.34076968  0.22767106  0.29760412  0.26681518  0.23726352  0.24698274  0.25683211  0.27693563  0.28719727  0.30816034  0.35196887  0.32973847  0.30816034  0.34076968  0.34076968  0.44828842  0.27693563  0.26681518  0.27693563  0.29760412  0.32973847  0.35196887  0.32973847  0.37489218  0.38662745  0.34076968  0.32973847  0.32973847  0.42300039  0.46126614  0.52982938  0.44828842  0.47447698  0.44828842  0.46126614  0.43553573  0.44828842  0.41067513  0.32973847  0.31887027  0.30816034  0.36334122  0.32973847  0.29760412  0.47447698  0.41067513  0.38662745  0.38662745  0.41067513  0.41067513  0.38662745  0.37489218  0.42300039  0.52982938  0.52982938  0.51559586  0.50163258  0.42300039  0.46126614  0.54434380  0.48792946  0.47447698  0.41067513  0.50163258  0.51559586  0.47447698  0.44828842  0.52982938  0.55915043  0.50163258  0.50163258  0.48792946  0.47447698  0.42300039  0.43553573  0.76490463  0.60544751  0.54434380  0.58968911  0.60544751  0.57426128  0.58968911  0.58968911  0.57426128  0.44828842  0.55915043  0.48792946  0.46126614  0.51559586  0.50163258  0.44828842  0.58968911  0.52982938  0.46126614  0.46126614  0.46126614  0.58968911  0.54434380  0.48792946  0.46126614  0.54434380  0.57426128  0.54434380  0.48792946  0.54434380  0.67209143  0.54434380  0.46126614  0.62155095  0.55915043  0.62155095  0.62155095  0.52982938  0.55915043  0.47447698  0.50163258  0.60544751  0.60544751  0.63801489  0.62155095  0.63801489  0.62155095  0.62155095  0.62155095  0.63801489  0.63801489  0.63801489  0.62155095  0.52982938  0.54434380  0.52982938  0.54434380  0.51559586  0.62155095  0.67209143  0.65485582  0.63801489  0.62155095  0.65485582  0.58968911  
52_8_0     0.43553573  0.42300039  0.48792946  0.48792946  0.51559586  0.55915043  0.54434380  0.54434380  0.47447698  0.46126614  0.47447698  0.18150021  0.28719727  0.27693563  0.32973847  0.09703809  0.02128404  0.00000000  0.11317233  0.12137415  0.11317233  0.09703809  0.28719727  0.24698274  0.22767106  0.22767106  0.19962225  0.20885350  0.19962225  0.21820210  0.31887027  0.37489218  0.30816034  0.19962225  0.26681518  0.23726352  0.20885350  0.21820210  0.22767106  0.24698274  0.27693563  0.29760412  0.34076968  0.31887027  0.29760412  0.32973847  0.31887027  0.41067513  0.26681518  0.25683211  0.26681518  0.28719727  0.34076968  0.31887027  0.29760412  0.35196887  0.37489218  0.30816034  0.29760412  0.29760412  0.41067513  0.44828842  0.51559586  0.42300039  0.44828842  0.44828842  0.43553573  0.42300039  0.43553573  0.37489218  0.29760412  0.30816034  0.29760412  0.32973847  0.29760412  0.28719727  0.46126614  0.42300039  0.39855301  0.38662745  0.41067513  0.43553573  0.39855301  0.38662745  0.43553573  0.48792946  0.48792946  0.50163258  0.46126614  0.38662745  0.44828842  0.50163258  0.48792946  0.48792946  0.42300039  0.50163258  0.50163258  0.46126614  0.43553573  0.54434380  0.57426128  0.48792946  0.51559586  0.50163258  0.50163258  0.46126614  0.47447698  0.70782385  0.58968911  0.52982938  0.57426128  0.58968911  0.58968911  0.60544751  0.60544751  0.58968911  0.42300039  0.54434380  0.50163258  0.47447698  0.50163258  0.48792946  0.46126614  0.60544751  0.51559586  0.47447698  0.47447698  0.47447698  0.57426128  0.52982938  0.50163258  0.44828842  0.55915043  0.58968911  0.52982938  0.47447698  0.54434380  0.68974066  0.55915043  0.50163258  0.62155095  0.55915043  0.65485582  0.65485582  0.55915043  0.58968911  0.47447698  0.50163258  0.62155095  0.62155095  0.60544751  0.58968911  0.60544751  0.58968911  0.58968911  0.58968911  0.63801489  0.63801489  0.63801489  0.62155095  0.50163258  0.51559586  0.50163258  0.51559586  0.48792946  0.62155095  0.67209143  0.65485582  0.63801489  0.62155095  0.65485582  0.58968911  
48_8_0     0.47447698  0.46126614  0.51559586  0.52982938  0.54434380  0.58968911  0.57426128  0.57426128  0.52982938  0.51559586  0.47447698  0.24698274  0.34076968  0.35196887  0.38662745  0.18150021  0.12137415  0.11317233  0.00000000  0.02128404  0.22767106  0.17260393  0.34076968  0.27693563  0.34076968  0.36334122  0.26681518  0.23726352  0.24698274  0.26681518  0.42300039  0.46126614  0.39855301  0.26681518  0.35196887  0.26681518  0.25683211  0.26681518  0.27693563  0.29760412  0.34076968  0.36334122  0.41067513  0.38662745  0.36334122  0.42300039  0.32973847  0.46126614  0.36334122  0.35196887  0.38662745  0.36334122  0.41067513  0.35196887  0.32973847  0.32973847  0.32973847  0.36334122  0.35196887  0.35196887  0.44828842  0.46126614  0.50163258  0.47447698  0.52982938  0.50163258  0.51559586  0.55915043  0.57426128  0.48792946  0.36334122  0.36334122  0.34076968  0.39855301  0.41067513  0.31887027  0.52982938  0.46126614  0.43553573  0.41067513  0.42300039  0.44828842  0.48792946  0.50163258  0.52982938  0.62155095  0.43553573  0.39855301  0.41067513  0.43553573  0.47447698  0.55915043  0.54434380  0.52982938  0.51559586  0.50163258  0.50163258  0.48792946  0.46126614  0.44828842  0.48792946  0.47447698  0.46126614  0.44828842  0.55915043  0.43553573  0.50163258  0.68974066  0.57426128  0.60544751  0.55915043  0.57426128  0.54434380  0.55915043  0.55915043  0.57426128  0.47447698  0.52982938  0.51559586  0.52982938  0.50163258  0.48792946  0.46126614  0.58968911  0.57426128  0.50163258  0.50163258  0.50163258  0.57426128  0.57426128  0.50163258  0.52982938  0.54434380  0.54434380  0.58968911  0.52982938  0.51559586  0.65485582  0.63801489  0.52982938  0.70782385  0.68974066  0.65485582  0.68974066  0.58968911  0.62155095  0.60544751  0.63801489  0.68974066  0.68974066  0.65485582  0.67209143  0.74538132  0.72636288  0.76490463  0.76490463  0.58968911  0.57426128  0.57426128  0.58968911  0.51559586  0.55915043  0.54434380  0.54434380  0.55915043  0.74538132  0.65485582  0.63801489  0.58968911  0.57426128  0.60544751  0.62155095  
