134
11_12_0    0.00000000  0.48865466  0.51498275  0.48865466  0.50609983  0.48865466  0.50609983  0.43870960  0.49732466  0.41497332  0.47162029  0.48865466  0.58041871  0.59026928  0.56111104  0.56111104  0.55164708  0.72030102  0.80856988  0.72030102  0.75682016  0.61038218  0.61038218  0.69694049  0.67431077  0.72030102  0.74444114  0.80856988  0.80856988  0.80856988  0.79528128  0.70852646  0.83590258  0.86430866  0.78223238  0.73227039  0.73227039  0.72030102  0.65236751  0.72030102  0.72030102  0.63107030  0.57070046  0.72030102  0.67431077  0.68553715  0.59026928  0.60025583  0.54230532  0.63107030  0.50609983  0.57070046  0.60025583  0.75682016  0.58041871  0.60025583  0.58041871  0.65236751  0.68553715  0.69694049  0.64164054  0.62065229  0.64164054  0.53308266  0.65236751  0.58041871  0.61038218  0.59026928  0.61038218  0.57070046  0.54230532  0.58041871  0.58041871  0.47162029  0.50609983  0.51498275  0.55164708  0.61038218  0.64164054  0.64164054  0.67431077  0.68553715  0.66325594  0.60025583  0.62065229  0.53308266  0.53308266  0.55164708  0.49732466  0.51498275  0.56111104  0.55164708  0.56111104  0.59026928  0.63107030  0.59026928  0.57070046  0.66325594  0.66325594  0.65236751  0.63107030  0.58041871  0.57070046  0.58041871  0.55164708  0.57070046  0.58041871  0.58041871  0.74444114  0.65236751  0.65236751  0.64164054  0.68553715  0.68553715  0.64164054  0.57070046  0.62065229  0.67431077  0.68553715  0.69694049  0.67431077  0.67431077  0.65236751  0.75682016  0.64164054  0.72030102  0.74444114  0.66325594  0.64164054  0.57070046  0.58041871  0.57070046  0.62065229  0.58041871  
1_13_0     0.48865466  0.00000000  0.12409527  0.05939000  0.14522778  0.60025583  0.60025583  0.53308266  0.54230532  0.61038218  0.65236751  0.60025583  0.66325594  0.69694049  0.69694049  0.69694049  0.70852646  0.84996620  0.84996620  0.84996620  0.80856988  0.70852646  0.66325594  0.74444114  0.68553715  0.84996620  0.83590258  0.83590258  0.82210715  0.82210715  0.86430866  0.82210715  0.79528128  0.92470324  0.90912537  0.74444114  0.84996620  0.86430866  0.80856988  0.84996620  0.83590258  0.83590258  0.75682016  0.75682016  0.76941469  0.75682016  0.72030102  0.75682016  0.74444114  0.72030102  0.68553715  0.74444114  0.72030102  0.78223238  0.67431077  0.72030102  0.70852646  0.76941469  0.72030102  0.69694049  0.67431077  0.76941469  0.79528128  0.73227039  0.76941469  0.64164054  0.66325594  0.70852646  0.67431077  0.69694049  0.73227039  0.74444114  0.74444114  0.69694049  0.67431077  0.70852646  0.68553715  0.87894122  0.69694049  0.69694049  0.80856988  0.74444114  0.89387588  0.79528128  0.79528128  0.78223238  0.76941469  0.80856988  0.66325594  0.72030102  0.70852646  0.72030102  0.69694049  0.76941469  0.76941469  0.87894122  0.79528128  0.79528128  0.80856988  0.68553715  0.78223238  0.79528128  0.80856988  0.79528128  0.72030102  0.78223238  0.68553715  0.68553715  0.78223238  0.74444114  0.76941469  0.79528128  0.80856988  0.76941469  0.79528128  0.73227039  0.80856988  0.86430866  0.79528128  0.79528128  0.83590258  0.79528128  0.74444114  0.86430866  0.74444114  0.82210715  0.82210715  0.82210715  0.68553715  0.75682016  0.74444114  0.75682016  0.80856988  0.80856988  
11_13_0    0.51498275  0.12409527  0.00000000  0.13458436  0.18376351  0.68553715  0.70852646  0.56111104  0.59026928  0.64164054  0.69694049  0.63107030  0.64164054  0.68553715  0.73227039  0.73227039  0.69694049  0.83590258  0.92470324  0.82210715  0.83590258  0.66325594  0.68553715  0.78223238  0.79528128  0.87894122  0.86430866  0.90912537  0.89387588  0.89387588  0.94062395  0.83590258  0.86430866  0.89387588  0.89387588  0.80856988  0.90912537  0.80856988  0.82210715  0.90912537  0.89387588  0.97355669  0.73227039  0.74444114  0.80856988  0.79528128  0.75682016  0.75682016  0.73227039  0.78223238  0.74444114  0.73227039  0.73227039  0.75682016  0.66325594  0.69694049  0.64164054  0.78223238  0.78223238  0.76941469  0.74444114  0.74444114  0.80856988  0.74444114  0.69694049  0.70852646  0.73227039  0.70852646  0.72030102  0.70852646  0.70852646  0.70852646  0.70852646  0.64164054  0.64164054  0.72030102  0.61038218  0.87894122  0.80856988  0.80856988  0.75682016  0.67431077  0.82210715  0.78223238  0.84996620  0.76941469  0.75682016  0.74444114  0.64164054  0.65236751  0.72030102  0.70852646  0.66325594  0.73227039  0.75682016  0.80856988  0.75682016  0.74444114  0.73227039  0.75682016  0.80856988  0.73227039  0.76941469  0.75682016  0.67431077  0.75682016  0.70852646  0.70852646  0.80856988  0.75682016  0.78223238  0.75682016  0.79528128  0.72030102  0.74444114  0.75682016  0.86430866  0.79528128  0.75682016  0.70852646  0.74444114  0.74444114  0.74444114  0.82210715  0.69694049  0.79528128  0.79528128  0.73227039  0.70852646  0.78223238  0.79528128  0.75682016  0.86430866  0.83590258  
1_1_0      0.48865466  0.05939000  0.13458436  0.00000000  0.12932081  0.64164054  0.68553715  0.61038218  0.62065229  0.60025583  0.64164054  0.60025583  0.69694049  0.73227039  0.70852646  0.70852646  0.74444114  0.87894122  0.92470324  0.84996620  0.80856988  0.69694049  0.65236751  0.74444114  0.74444114  0.83590258  0.82210715  0.82210715  0.80856988  0.80856988  0.87894122  0.83590258  0.82210715  0.92470324  0.89387588  0.79528128  0.87894122  0.84996620  0.79528128  0.86430866  0.84996620  0.83590258  0.72030102  0.76941469  0.78223238  0.78223238  0.72030102  0.74444114  0.70852646  0.73227039  0.66325594  0.70852646  0.72030102  0.78223238  0.64164054  0.68553715  0.72030102  0.79528128  0.75682016  0.72030102  0.72030102  0.76941469  0.79528128  0.73227039  0.69694049  0.65236751  0.65236751  0.67431077  0.64164054  0.72030102  0.76941469  0.70852646  0.70852646  0.68553715  0.67431077  0.72030102  0.70852646  0.89387588  0.70852646  0.70852646  0.80856988  0.73227039  0.84996620  0.75682016  0.74444114  0.74444114  0.75682016  0.76941469  0.66325594  0.70852646  0.70852646  0.72030102  0.68553715  0.74444114  0.79528128  0.82210715  0.76941469  0.79528128  0.78223238  0.72030102  0.78223238  0.74444114  0.78223238  0.76941469  0.70852646  0.76941469  0.69694049  0.69694049  0.79528128  0.73227039  0.79528128  0.84996620  0.79528128  0.74444114  0.78223238  0.69694049  0.76941469  0.84996620  0.78223238  0.75682016  0.79528128  0.78223238  0.70852646  0.84996620  0.70852646  0.80856988  0.83590258  0.75682016  0.66325594  0.75682016  0.74444114  0.73227039  0.75682016  0.75682016  
11_1_0     0.50609983  0.14522778  0.18376351  0.12932081  0.00000000  0.69694049  0.69694049  0.62065229  0.59026928  0.63107030  0.61038218  0.56111104  0.75682016  0.79528128  0.75682016  0.75682016  0.74444114  0.86430866  0.84996620  0.83590258  0.83590258  0.80856988  0.73227039  0.84996620  0.80856988  0.76941469  0.78223238  0.80856988  0.82210715  0.78223238  0.83590258  0.79528128  0.90912537  0.89387588  0.83590258  0.75682016  0.94062395  0.83590258  0.80856988  0.90912537  0.90912537  0.80856988  0.75682016  0.86430866  0.83590258  0.82210715  0.75682016  0.83590258  0.82210715  0.76941469  0.76941469  0.74444114  0.75682016  0.74444114  0.69694049  0.68553715  0.73227039  0.72030102  0.80856988  0.73227039  0.73227039  0.69694049  0.72030102  0.72030102  0.65236751  0.67431077  0.72030102  0.72030102  0.73227039  0.75682016  0.73227039  0.74444114  0.74444114  0.74444114  0.69694049  0.73227039  0.70852646  0.94062395  0.75682016  0.75682016  0.72030102  0.66325594  0.73227039  0.69694049  0.73227039  0.73227039  0.72030102  0.70852646  0.64164054  0.66325594  0.69694049  0.68553715  0.72030102  0.76941469  0.83590258  0.76941469  0.76941469  0.80856988  0.82210715  0.65236751  0.86430866  0.73227039  0.72030102  0.70852646  0.72030102  0.76941469  0.76941469  0.76941469  0.83590258  0.73227039  0.80856988  0.75682016  0.76941469  0.72030102  0.73227039  0.75682016  0.83590258  0.84996620  0.84996620  0.87894122  0.86430866  0.87894122  0.76941469  0.84996620  0.76941469  0.84996620  0.89387588  0.79528128  0.79528128  0.80856988  0.79528128  0.73227039  0.76941469  0.79528128  
11_15_0    0.48865466  0.60025583  0.68553715  0.64164054  0.69694049  0.00000000  0.07381658  0.17254225  0.14522778  0.32026435  0.51498275  0.48865466  0.59026928  0.62065229  0.66325594  0.66325594  0.69694049  0.80856988  0.82210715  0.86430866  0.84996620  0.76941469  0.79528128  0.84996620  0.74444114  0.73227039  0.72030102  0.70852646  0.69694049  0.73227039  0.69694049  0.75682016  0.68553715  0.75682016  0.83590258  0.80856988  0.75682016  0.78223238  0.75682016  0.86430866  0.89387588  0.67431077  0.57070046  0.84996620  0.72030102  0.70852646  0.60025583  0.61038218  0.58041871  0.63107030  0.54230532  0.61038218  0.64164054  0.72030102  0.63107030  0.65236751  0.72030102  0.69694049  0.57070046  0.59026928  0.57070046  0.72030102  0.75682016  0.59026928  0.59026928  0.57070046  0.64164054  0.67431077  0.73227039  0.63107030  0.64164054  0.70852646  0.70852646  0.66325594  0.63107030  0.75682016  0.56111104  0.60025583  0.70852646  0.70852646  0.60025583  0.63107030  0.64164054  0.66325594  0.65236751  0.73227039  0.64164054  0.63107030  0.52397610  0.55164708  0.54230532  0.55164708  0.54230532  0.66325594  0.56111104  0.62065229  0.63107030  0.70852646  0.62065229  0.61038218  0.64164054  0.58041871  0.55164708  0.54230532  0.54230532  0.55164708  0.65236751  0.65236751  0.66325594  0.66325594  0.64164054  0.70852646  0.58041871  0.67431077  0.75682016  0.64164054  0.63107030  0.63107030  0.63107030  0.64164054  0.61038218  0.61038218  0.64164054  0.73227039  0.65236751  0.61038218  0.68553715  0.66325594  0.57070046  0.58041871  0.57070046  0.64164054  0.58041871  0.54230532  
1_15_0     0.50609983  0.60025583  0.70852646  0.68553715  0.69694049  0.07381658  0.00000000  0.17254225  0.13458436  0.39199116  0.50609983  0.48865466  0.55164708  0.58041871  0.62065229  0.62065229  0.62065229  0.76941469  0.80856988  0.80856988  0.83590258  0.74444114  0.76941469  0.79528128  0.72030102  0.74444114  0.73227039  0.72030102  0.70852646  0.74444114  0.70852646  0.72030102  0.65236751  0.74444114  0.80856988  0.75682016  0.75682016  0.76941469  0.72030102  0.89387588  0.89387588  0.75682016  0.62065229  0.92470324  0.72030102  0.70852646  0.63107030  0.67431077  0.64164054  0.63107030  0.62065229  0.67431077  0.66325594  0.73227039  0.65236751  0.66325594  0.75682016  0.66325594  0.61038218  0.62065229  0.60025583  0.67431077  0.68553715  0.55164708  0.61038218  0.59026928  0.64164054  0.68553715  0.74444114  0.64164054  0.63107030  0.67431077  0.67431077  0.67431077  0.64164054  0.68553715  0.60025583  0.58041871  0.65236751  0.65236751  0.62065229  0.59026928  0.66325594  0.66325594  0.69694049  0.75682016  0.62065229  0.65236751  0.50609983  0.55164708  0.56111104  0.57070046  0.57070046  0.61038218  0.53308266  0.61038218  0.60025583  0.69694049  0.60025583  0.61038218  0.69694049  0.59026928  0.54230532  0.53308266  0.53308266  0.56111104  0.62065229  0.62065229  0.67431077  0.62065229  0.60025583  0.67431077  0.60025583  0.65236751  0.72030102  0.67431077  0.67431077  0.70852646  0.65236751  0.66325594  0.65236751  0.65236751  0.67431077  0.74444114  0.69694049  0.65236751  0.70852646  0.69694049  0.60025583  0.60025583  0.59026928  0.64164054  0.60025583  0.58041871  
11_16_0    0.43870960  0.53308266  0.56111104  0.61038218  0.62065229  0.17254225  0.17254225  0.00000000  0.09351074  0.35523917  0.50609983  0.46325119  0.61038218  0.62065229  0.59026928  0.59026928  0.60025583  0.80856988  0.86430866  0.80856988  0.78223238  0.69694049  0.70852646  0.75682016  0.68553715  0.70852646  0.69694049  0.74444114  0.75682016  0.76941469  0.73227039  0.75682016  0.68553715  0.69694049  0.78223238  0.73227039  0.66325594  0.67431077  0.70852646  0.75682016  0.75682016  0.66325594  0.62065229  0.66325594  0.65236751  0.64164054  0.57070046  0.56111104  0.54230532  0.58041871  0.55164708  0.58041871  0.57070046  0.69694049  0.59026928  0.59026928  0.72030102  0.58041871  0.56111104  0.52397610  0.53308266  0.65236751  0.75682016  0.54230532  0.58041871  0.53308266  0.60025583  0.63107030  0.64164054  0.62065229  0.57070046  0.63107030  0.63107030  0.57070046  0.52397610  0.63107030  0.54230532  0.59026928  0.68553715  0.68553715  0.55164708  0.54230532  0.61038218  0.68553715  0.70852646  0.67431077  0.66325594  0.59026928  0.49732466  0.52397610  0.54230532  0.54230532  0.49732466  0.57070046  0.53308266  0.60025583  0.54230532  0.61038218  0.59026928  0.58041871  0.65236751  0.59026928  0.60025583  0.59026928  0.58041871  0.59026928  0.62065229  0.62065229  0.69694049  0.58041871  0.63107030  0.66325594  0.65236751  0.62065229  0.67431077  0.65236751  0.64164054  0.62065229  0.59026928  0.63107030  0.62065229  0.59026928  0.58041871  0.61038218  0.58041871  0.56111104  0.61038218  0.62065229  0.57070046  0.56111104  0.57070046  0.58041871  0.63107030  0.62065229  
1_16_0     0.49732466  0.54230532  0.59026928  0.62065229  0.59026928  0.14522778  0.13458436  0.09351074  0.00000000  0.34104570  0.48865466  0.44679798  0.54230532  0.55164708  0.58041871  0.58041871  0.59026928  0.79528128  0.82210715  0.78223238  0.78223238  0.69694049  0.72030102  0.76941469  0.67431077  0.68553715  0.67431077  0.66325594  0.65236751  0.68553715  0.67431077  0.73227039  0.69694049  0.66325594  0.76941469  0.70852646  0.70852646  0.69694049  0.72030102  0.75682016  0.75682016  0.73227039  0.65236751  0.78223238  0.67431077  0.66325594  0.57070046  0.59026928  0.58041871  0.55164708  0.58041871  0.61038218  0.63107030  0.63107030  0.56111104  0.62065229  0.72030102  0.55164708  0.53308266  0.49732466  0.48865466  0.61038218  0.72030102  0.57070046  0.56111104  0.52397610  0.59026928  0.64164054  0.63107030  0.59026928  0.58041871  0.66325594  0.66325594  0.60025583  0.58041871  0.67431077  0.54230532  0.59026928  0.63107030  0.63107030  0.55164708  0.54230532  0.59026928  0.61038218  0.63107030  0.68553715  0.61038218  0.58041871  0.50609983  0.51498275  0.57070046  0.58041871  0.59026928  0.63107030  0.59026928  0.65236751  0.63107030  0.61038218  0.54230532  0.57070046  0.65236751  0.61038218  0.57070046  0.56111104  0.60025583  0.63107030  0.65236751  0.65236751  0.70852646  0.61038218  0.62065229  0.65236751  0.67431077  0.62065229  0.68553715  0.66325594  0.63107030  0.67431077  0.63107030  0.69694049  0.69694049  0.66325594  0.67431077  0.70852646  0.67431077  0.64164054  0.69694049  0.67431077  0.59026928  0.65236751  0.64164054  0.65236751  0.64164054  0.63107030  
1_14_0     0.41497332  0.61038218  0.64164054  0.60025583  0.63107030  0.32026435  0.39199116  0.35523917  0.34104570  0.00000000  0.43071066  0.48865466  0.58041871  0.61038218  0.60025583  0.60025583  0.64164054  0.86430866  0.87894122  0.79528128  0.79528128  0.74444114  0.67431077  0.79528128  0.75682016  0.73227039  0.76941469  0.76941469  0.78223238  0.79528128  0.75682016  0.83590258  0.72030102  0.73227039  0.74444114  0.76941469  0.74444114  0.76941469  0.75682016  0.70852646  0.70852646  0.73227039  0.70852646  0.78223238  0.67431077  0.68553715  0.62065229  0.56111104  0.56111104  0.64164054  0.56111104  0.59026928  0.67431077  0.63107030  0.67431077  0.65236751  0.75682016  0.65236751  0.57070046  0.59026928  0.55164708  0.70852646  0.69694049  0.63107030  0.65236751  0.62065229  0.69694049  0.66325594  0.63107030  0.75682016  0.68553715  0.75682016  0.75682016  0.67431077  0.65236751  0.74444114  0.66325594  0.69694049  0.69694049  0.69694049  0.65236751  0.64164054  0.57070046  0.62065229  0.66325594  0.61038218  0.63107030  0.53308266  0.55164708  0.59026928  0.52397610  0.53308266  0.54230532  0.63107030  0.61038218  0.61038218  0.61038218  0.74444114  0.72030102  0.69694049  0.62065229  0.61038218  0.59026928  0.58041871  0.64164054  0.68553715  0.66325594  0.66325594  0.68553715  0.61038218  0.65236751  0.69694049  0.63107030  0.68553715  0.68553715  0.75682016  0.73227039  0.69694049  0.68553715  0.72030102  0.67431077  0.68553715  0.72030102  0.79528128  0.72030102  0.70852646  0.73227039  0.67431077  0.62065229  0.66325594  0.67431077  0.67431077  0.59026928  0.60025583  
2_10_0     0.47162029  0.65236751  0.69694049  0.64164054  0.61038218  0.51498275  0.50609983  0.50609983  0.48865466  0.43071066  0.00000000  0.17813112  0.70852646  0.67431077  0.64164054  0.64164054  0.62065229  0.79528128  0.75682016  0.69694049  0.76941469  0.70852646  0.69694049  0.75682016  0.73227039  0.66325594  0.65236751  0.76941469  0.78223238  0.79528128  0.80856988  0.69694049  0.73227039  0.78223238  0.74444114  0.73227039  0.76941469  0.84996620  0.78223238  0.75682016  0.75682016  0.67431077  0.62065229  0.68553715  0.65236751  0.62065229  0.59026928  0.54230532  0.56111104  0.64164054  0.55164708  0.54230532  0.62065229  0.68553715  0.61038218  0.61038218  0.65236751  0.58041871  0.56111104  0.58041871  0.59026928  0.69694049  0.68553715  0.66325594  0.65236751  0.58041871  0.60025583  0.59026928  0.63107030  0.72030102  0.64164054  0.73227039  0.73227039  0.73227039  0.64164054  0.73227039  0.74444114  0.75682016  0.63107030  0.63107030  0.56111104  0.63107030  0.58041871  0.57070046  0.54230532  0.63107030  0.64164054  0.58041871  0.58041871  0.53308266  0.66325594  0.66325594  0.67431077  0.60025583  0.67431077  0.73227039  0.63107030  0.84996620  0.61038218  0.63107030  0.58041871  0.58041871  0.56111104  0.55164708  0.61038218  0.56111104  0.60025583  0.60025583  0.66325594  0.70852646  0.65236751  0.76941469  0.65236751  0.67431077  0.65236751  0.75682016  0.75682016  0.75682016  0.61038218  0.62065229  0.66325594  0.64164054  0.70852646  0.76941469  0.69694049  0.69694049  0.66325594  0.68553715  0.70852646  0.60025583  0.60025583  0.62065229  0.68553715  0.67431077  
12_10_0    0.48865466  0.60025583  0.63107030  0.60025583  0.56111104  0.48865466  0.48865466  0.46325119  0.44679798  0.48865466  0.17813112  0.00000000  0.70852646  0.68553715  0.67431077  0.67431077  0.65236751  0.87894122  0.87894122  0.80856988  0.87894122  0.72030102  0.69694049  0.84996620  0.78223238  0.73227039  0.69694049  0.78223238  0.79528128  0.78223238  0.79528128  0.80856988  0.83590258  0.82210715  0.83590258  0.69694049  0.79528128  0.80856988  0.74444114  0.80856988  0.80856988  0.68553715  0.59026928  0.69694049  0.69694049  0.66325594  0.65236751  0.65236751  0.64164054  0.75682016  0.60025583  0.59026928  0.61038218  0.65236751  0.61038218  0.59026928  0.60025583  0.59026928  0.58041871  0.56111104  0.59026928  0.72030102  0.70852646  0.58041871  0.60025583  0.57070046  0.57070046  0.57070046  0.57070046  0.65236751  0.61038218  0.70852646  0.70852646  0.63107030  0.66325594  0.69694049  0.67431077  0.70852646  0.59026928  0.59026928  0.58041871  0.60025583  0.67431077  0.69694049  0.61038218  0.70852646  0.67431077  0.65236751  0.59026928  0.56111104  0.52397610  0.51498275  0.53308266  0.50609983  0.56111104  0.62065229  0.56111104  0.73227039  0.55164708  0.60025583  0.57070046  0.57070046  0.59026928  0.58041871  0.63107030  0.60025583  0.62065229  0.62065229  0.64164054  0.70852646  0.64164054  0.70852646  0.66325594  0.61038218  0.61038218  0.72030102  0.79528128  0.65236751  0.62065229  0.61038218  0.66325594  0.64164054  0.68553715  0.78223238  0.67431077  0.68553715  0.70852646  0.63107030  0.63107030  0.58041871  0.57070046  0.58041871  0.63107030  0.61038218  
10_6_0     0.58041871  0.66325594  0.64164054  0.69694049  0.75682016  0.59026928  0.55164708  0.61038218  0.54230532  0.58041871  0.70852646  0.70852646  0.00000000  0.03596719  0.15060879  0.15060879  0.17254225  0.67431077  0.62065229  0.68553715  0.65236751  0.65236751  0.60025583  0.67431077  0.66325594  0.63107030  0.60025583  0.59026928  0.58041871  0.60025583  0.59026928  0.69694049  0.61038218  0.68553715  0.65236751  0.69694049  0.62065229  0.67431077  0.65236751  0.69694049  0.72030102  0.74444114  0.58041871  0.75682016  0.56111104  0.56111104  0.48008734  0.52397610  0.50609983  0.54230532  0.55164708  0.57070046  0.63107030  0.62065229  0.53308266  0.51498275  0.62065229  0.58041871  0.56111104  0.59026928  0.55164708  0.67431077  0.66325594  0.58041871  0.62065229  0.58041871  0.61038218  0.66325594  0.59026928  0.54230532  0.50609983  0.63107030  0.63107030  0.53308266  0.57070046  0.61038218  0.53308266  0.66325594  0.68553715  0.69694049  0.52397610  0.50609983  0.57070046  0.52397610  0.55164708  0.54230532  0.47162029  0.55164708  0.48865466  0.47162029  0.61038218  0.60025583  0.59026928  0.60025583  0.60025583  0.59026928  0.59026928  0.65236751  0.58041871  0.68553715  0.52397610  0.54230532  0.49732466  0.50609983  0.58041871  0.58041871  0.66325594  0.66325594  0.69694049  0.70852646  0.70852646  0.62065229  0.58041871  0.60025583  0.65236751  0.53308266  0.58041871  0.53308266  0.58041871  0.61038218  0.56111104  0.56111104  0.60025583  0.59026928  0.60025583  0.55164708  0.61038218  0.62065229  0.57070046  0.69694049  0.70852646  0.64164054  0.62065229  0.65236751  
4_6_0      0.59026928  0.69694049  0.68553715  0.73227039  0.79528128  0.62065229  0.58041871  0.62065229  0.55164708  0.61038218  0.67431077  0.68553715  0.03596719  0.00000000  0.16149240  0.16149240  0.19516156  0.69694049  0.63107030  0.73227039  0.69694049  0.62065229  0.61038218  0.65236751  0.66325594  0.62065229  0.57070046  0.58041871  0.57070046  0.59026928  0.60025583  0.70852646  0.59026928  0.67431077  0.58041871  0.74444114  0.66325594  0.74444114  0.69694049  0.75682016  0.78223238  0.69694049  0.61038218  0.70852646  0.61038218  0.61038218  0.50609983  0.53308266  0.53308266  0.53308266  0.56111104  0.60025583  0.66325594  0.61038218  0.55164708  0.54230532  0.64164054  0.57070046  0.59026928  0.60025583  0.58041871  0.68553715  0.69694049  0.62065229  0.62065229  0.55164708  0.60025583  0.63107030  0.58041871  0.55164708  0.53308266  0.68553715  0.68553715  0.55164708  0.58041871  0.62065229  0.56111104  0.66325594  0.65236751  0.66325594  0.56111104  0.52397610  0.57070046  0.54230532  0.57070046  0.54230532  0.50609983  0.55164708  0.48008734  0.48008734  0.66325594  0.65236751  0.64164054  0.59026928  0.61038218  0.64164054  0.60025583  0.66325594  0.61038218  0.70852646  0.59026928  0.58041871  0.53308266  0.54230532  0.65236751  0.63107030  0.67431077  0.67431077  0.73227039  0.74444114  0.73227039  0.67431077  0.57070046  0.59026928  0.64164054  0.51498275  0.56111104  0.52397610  0.55164708  0.58041871  0.55164708  0.52397610  0.61038218  0.58041871  0.57070046  0.54230532  0.60025583  0.60025583  0.59026928  0.67431077  0.68553715  0.62065229  0.65236751  0.63107030  
8_6_0      0.56111104  0.69694049  0.73227039  0.70852646  0.75682016  0.66325594  0.62065229  0.59026928  0.58041871  0.60025583  0.64164054  0.67431077  0.15060879  0.16149240  0.00000000  0.00000000  0.13458436  0.73227039  0.66325594  0.70852646  0.65236751  0.62065229  0.61038218  0.59026928  0.63107030  0.64164054  0.58041871  0.61038218  0.62065229  0.60025583  0.55164708  0.65236751  0.57070046  0.66325594  0.67431077  0.69694049  0.63107030  0.68553715  0.67431077  0.65236751  0.65236751  0.73227039  0.62065229  0.64164054  0.54230532  0.52397610  0.53308266  0.53308266  0.51498275  0.51498275  0.50609983  0.55164708  0.59026928  0.70852646  0.54230532  0.55164708  0.59026928  0.56111104  0.63107030  0.61038218  0.60025583  0.66325594  0.67431077  0.53308266  0.60025583  0.57070046  0.56111104  0.58041871  0.52397610  0.50609983  0.48865466  0.59026928  0.59026928  0.51498275  0.55164708  0.51498275  0.53308266  0.56111104  0.72030102  0.72030102  0.51498275  0.48008734  0.53308266  0.51498275  0.50609983  0.48865466  0.48008734  0.50609983  0.47162029  0.50609983  0.60025583  0.58041871  0.55164708  0.54230532  0.60025583  0.60025583  0.59026928  0.68553715  0.64164054  0.74444114  0.60025583  0.52397610  0.49732466  0.50609983  0.60025583  0.56111104  0.61038218  0.61038218  0.63107030  0.68553715  0.67431077  0.62065229  0.63107030  0.61038218  0.66325594  0.54230532  0.54230532  0.50609983  0.51498275  0.54230532  0.53308266  0.50609983  0.47162029  0.53308266  0.51498275  0.48008734  0.52397610  0.56111104  0.54230532  0.63107030  0.64164054  0.56111104  0.61038218  0.65236751  
3_6_0      0.56111104  0.69694049  0.73227039  0.70852646  0.75682016  0.66325594  0.62065229  0.59026928  0.58041871  0.60025583  0.64164054  0.67431077  0.15060879  0.16149240  0.00000000  0.00000000  0.13458436  0.73227039  0.66325594  0.70852646  0.65236751  0.62065229  0.61038218  0.59026928  0.63107030  0.64164054  0.58041871  0.61038218  0.62065229  0.60025583  0.55164708  0.65236751  0.57070046  0.66325594  0.67431077  0.69694049  0.63107030  0.68553715  0.67431077  0.65236751  0.65236751  0.73227039  0.62065229  0.64164054  0.54230532  0.52397610  0.53308266  0.53308266  0.51498275  0.51498275  0.50609983  0.55164708  0.59026928  0.70852646  0.54230532  0.55164708  0.59026928  0.56111104  0.63107030  0.61038218  0.60025583  0.66325594  0.67431077  0.53308266  0.60025583  0.57070046  0.56111104  0.58041871  0.52397610  0.50609983  0.48865466  0.59026928  0.59026928  0.51498275  0.55164708  0.51498275  0.53308266  0.56111104  0.72030102  0.72030102  0.51498275  0.48008734  0.53308266  0.51498275  0.50609983  0.48865466  0.48008734  0.50609983  0.47162029  0.50609983  0.60025583  0.58041871  0.55164708  0.54230532  0.60025583  0.60025583  0.59026928  0.68553715  0.64164054  0.74444114  0.60025583  0.52397610  0.49732466  0.50609983  0.60025583  0.56111104  0.61038218  0.61038218  0.63107030  0.68553715  0.67431077  0.62065229  0.63107030  0.61038218  0.66325594  0.54230532  0.54230532  0.50609983  0.51498275  0.54230532  0.53308266  0.50609983  0.47162029  0.53308266  0.51498275  0.48008734  0.52397610  0.56111104  0.54230532  0.63107030  0.64164054  0.56111104  0.61038218  0.65236751  
6_7_0      0.55164708  0.70852646  0.69694049  0.74444114  0.74444114  0.69694049  0.62065229  0.60025583  0.59026928  0.64164054  0.62065229  0.65236751  0.17254225  0.19516156  0.13458436  0.13458436  0.00000000  0.80856988  0.73227039  0.78223238  0.74444114  0.60025583  0.59026928  0.64164054  0.61038218  0.64164054  0.59026928  0.59026928  0.60025583  0.59026928  0.56111104  0.61038218  0.62065229  0.64164054  0.67431077  0.63107030  0.57070046  0.62065229  0.64164054  0.63107030  0.65236751  0.70852646  0.62065229  0.62065229  0.55164708  0.53308266  0.54230532  0.57070046  0.53308266  0.54230532  0.53308266  0.60025583  0.58041871  0.70852646  0.50609983  0.54230532  0.56111104  0.55164708  0.66325594  0.64164054  0.63107030  0.61038218  0.59026928  0.55164708  0.59026928  0.57070046  0.60025583  0.59026928  0.58041871  0.52397610  0.48865466  0.61038218  0.61038218  0.52397610  0.53308266  0.57070046  0.55164708  0.58041871  0.66325594  0.65236751  0.50609983  0.52397610  0.53308266  0.48008734  0.50609983  0.46325119  0.44679798  0.49732466  0.45497781  0.47162029  0.65236751  0.59026928  0.59026928  0.61038218  0.64164054  0.64164054  0.62065229  0.68553715  0.61038218  0.65236751  0.62065229  0.54230532  0.50609983  0.51498275  0.61038218  0.62065229  0.61038218  0.61038218  0.65236751  0.62065229  0.65236751  0.66325594  0.65236751  0.62065229  0.65236751  0.55164708  0.56111104  0.51498275  0.52397610  0.53308266  0.54230532  0.51498275  0.47162029  0.52397610  0.52397610  0.49732466  0.52397610  0.56111104  0.54230532  0.62065229  0.63107030  0.53308266  0.56111104  0.62065229  
7_4_0      0.72030102  0.84996620  0.83590258  0.87894122  0.86430866  0.80856988  0.76941469  0.80856988  0.79528128  0.86430866  0.79528128  0.87894122  0.67431077  0.69694049  0.73227039  0.73227039  0.80856988  0.00000000  0.17254225  0.12932081  0.16699623  0.89387588  0.87894122  0.86430866  0.82210715  0.79528128  0.80856988  0.80856988  0.79528128  0.79528128  0.78223238  0.86430866  0.70852646  0.68553715  0.75682016  0.89387588  0.86430866  0.80856988  0.82210715  0.89387588  0.84996620  0.74444114  0.67431077  0.87894122  0.63107030  0.65236751  0.68553715  0.68553715  0.64164054  0.75682016  0.68553715  0.65236751  0.73227039  0.69694049  0.69694049  0.68553715  0.75682016  0.89387588  0.73227039  0.75682016  0.69694049  0.63107030  0.67431077  0.67431077  0.68553715  0.62065229  0.63107030  0.69694049  0.72030102  0.66325594  0.72030102  0.70852646  0.70852646  0.64164054  0.60025583  0.56111104  0.65236751  0.70852646  0.72030102  0.73227039  0.68553715  0.65236751  0.76941469  0.67431077  0.68553715  0.66325594  0.67431077  0.64164054  0.58041871  0.66325594  0.67431077  0.67431077  0.70852646  0.70852646  0.74444114  0.73227039  0.74444114  0.68553715  0.70852646  0.80856988  0.82210715  0.79528128  0.79528128  0.79528128  0.65236751  0.68553715  0.87894122  0.87894122  0.86430866  0.79528128  0.84996620  0.79528128  0.75682016  0.70852646  0.65236751  0.74444114  0.74444114  0.73227039  0.67431077  0.72030102  0.70852646  0.68553715  0.74444114  0.83590258  0.74444114  0.70852646  0.69694049  0.63107030  0.69694049  0.74444114  0.74444114  0.74444114  0.78223238  0.73227039  
9_4_0      0.80856988  0.84996620  0.92470324  0.92470324  0.84996620  0.82210715  0.80856988  0.86430866  0.82210715  0.87894122  0.75682016  0.87894122  0.62065229  0.63107030  0.66325594  0.66325594  0.73227039  0.17254225  0.00000000  0.20092865  0.19516156  0.94062395  0.89387588  0.80856988  0.78223238  0.78223238  0.75682016  0.74444114  0.73227039  0.73227039  0.72030102  0.86430866  0.67431077  0.69694049  0.70852646  0.79528128  0.83590258  0.75682016  0.79528128  0.94062395  0.89387588  0.75682016  0.75682016  0.92470324  0.76941469  0.79528128  0.75682016  0.75682016  0.78223238  0.69694049  0.78223238  0.76941469  0.84996620  0.78223238  0.78223238  0.78223238  0.79528128  0.79528128  0.82210715  0.76941469  0.78223238  0.76941469  0.76941469  0.74444114  0.70852646  0.63107030  0.68553715  0.70852646  0.75682016  0.73227039  0.76941469  0.84996620  0.84996620  0.82210715  0.67431077  0.75682016  0.75682016  0.76941469  0.78223238  0.76941469  0.70852646  0.68553715  0.75682016  0.74444114  0.69694049  0.74444114  0.70852646  0.68553715  0.61038218  0.67431077  0.78223238  0.75682016  0.76941469  0.78223238  0.76941469  0.78223238  0.74444114  0.80856988  0.76941469  0.89387588  0.86430866  0.84996620  0.79528128  0.79528128  0.69694049  0.73227039  0.78223238  0.78223238  0.74444114  0.75682016  0.75682016  0.73227039  0.69694049  0.78223238  0.79528128  0.76941469  0.72030102  0.84996620  0.76941469  0.84996620  0.79528128  0.82210715  0.75682016  0.83590258  0.82210715  0.78223238  0.75682016  0.79528128  0.73227039  0.83590258  0.83590258  0.78223238  0.72030102  0.65236751  
14_4_0     0.72030102  0.84996620  0.82210715  0.84996620  0.83590258  0.86430866  0.80856988  0.80856988  0.78223238  0.79528128  0.69694049  0.80856988  0.68553715  0.73227039  0.70852646  0.70852646  0.78223238  0.12932081  0.20092865  0.00000000  0.07869008  0.82210715  0.78223238  0.84996620  0.80856988  0.83590258  0.84996620  0.72030102  0.70852646  0.72030102  0.72030102  0.83590258  0.70852646  0.67431077  0.76941469  0.79528128  0.79528128  0.74444114  0.72030102  0.80856988  0.76941469  0.86430866  0.73227039  0.89387588  0.65236751  0.67431077  0.67431077  0.62065229  0.62065229  0.73227039  0.67431077  0.58041871  0.72030102  0.73227039  0.74444114  0.73227039  0.83590258  0.75682016  0.69694049  0.74444114  0.70852646  0.63107030  0.70852646  0.72030102  0.64164054  0.66325594  0.67431077  0.69694049  0.75682016  0.69694049  0.67431077  0.67431077  0.67431077  0.67431077  0.58041871  0.61038218  0.68553715  0.74444114  0.75682016  0.74444114  0.69694049  0.67431077  0.72030102  0.68553715  0.67431077  0.67431077  0.62065229  0.68553715  0.59026928  0.63107030  0.72030102  0.67431077  0.74444114  0.76941469  0.76941469  0.73227039  0.76941469  0.74444114  0.68553715  0.90912537  0.86430866  0.82210715  0.79528128  0.79528128  0.64164054  0.72030102  0.76941469  0.76941469  0.80856988  0.70852646  0.69694049  0.79528128  0.80856988  0.75682016  0.72030102  0.72030102  0.74444114  0.80856988  0.68553715  0.69694049  0.67431077  0.68553715  0.67431077  0.80856988  0.74444114  0.72030102  0.67431077  0.65236751  0.69694049  0.68553715  0.68553715  0.64164054  0.66325594  0.65236751  
13_4_0     0.75682016  0.80856988  0.83590258  0.80856988  0.83590258  0.84996620  0.83590258  0.78223238  0.78223238  0.79528128  0.76941469  0.87894122  0.65236751  0.69694049  0.65236751  0.65236751  0.74444114  0.16699623  0.19516156  0.07869008  0.00000000  0.83590258  0.78223238  0.73227039  0.73227039  0.80856988  0.84996620  0.72030102  0.70852646  0.72030102  0.72030102  0.84996620  0.68553715  0.68553715  0.73227039  0.76941469  0.83590258  0.75682016  0.74444114  0.79528128  0.80856988  0.84996620  0.70852646  0.86430866  0.68553715  0.70852646  0.67431077  0.58041871  0.58041871  0.67431077  0.68553715  0.57070046  0.70852646  0.78223238  0.76941469  0.74444114  0.79528128  0.80856988  0.70852646  0.75682016  0.74444114  0.67431077  0.73227039  0.72030102  0.64164054  0.66325594  0.67431077  0.67431077  0.73227039  0.68553715  0.68553715  0.68553715  0.68553715  0.68553715  0.62065229  0.63107030  0.64164054  0.70852646  0.78223238  0.76941469  0.69694049  0.68553715  0.70852646  0.68553715  0.65236751  0.66325594  0.67431077  0.69694049  0.62065229  0.67431077  0.75682016  0.70852646  0.73227039  0.74444114  0.78223238  0.74444114  0.76941469  0.79528128  0.69694049  1.00806044  0.86430866  0.80856988  0.75682016  0.75682016  0.68553715  0.76941469  0.80856988  0.80856988  0.79528128  0.70852646  0.78223238  0.84996620  0.78223238  0.75682016  0.76941469  0.76941469  0.74444114  0.73227039  0.64164054  0.66325594  0.64164054  0.64164054  0.61038218  0.72030102  0.69694049  0.68553715  0.61038218  0.63107030  0.65236751  0.70852646  0.70852646  0.66325594  0.66325594  0.65236751  
13_2_0     0.61038218  0.70852646  0.66325594  0.69694049  0.80856988  0.76941469  0.74444114  0.69694049  0.69694049  0.74444114  0.70852646  0.72030102  0.65236751  0.62065229  0.62065229  0.62065229  0.60025583  0.89387588  0.94062395  0.82210715  0.83590258  0.00000000  0.08359664  0.23047454  0.26127871  0.68553715  0.66325594  0.67431077  0.68553715  0.66325594  0.69694049  0.72030102  0.61038218  0.68553715  0.78223238  0.76941469  0.67431077  0.73227039  0.73227039  0.68553715  0.68553715  0.72030102  0.61038218  0.58041871  0.61038218  0.61038218  0.52397610  0.56111104  0.50609983  0.56111104  0.55164708  0.59026928  0.54230532  0.69694049  0.53308266  0.58041871  0.63107030  0.65236751  0.76941469  0.69694049  0.69694049  0.63107030  0.65236751  0.68553715  0.58041871  0.61038218  0.61038218  0.63107030  0.65236751  0.56111104  0.56111104  0.60025583  0.60025583  0.59026928  0.53308266  0.62065229  0.59026928  0.61038218  0.68553715  0.67431077  0.62065229  0.65236751  0.73227039  0.73227039  0.69694049  0.69694049  0.70852646  0.69694049  0.61038218  0.64164054  0.74444114  0.75682016  0.72030102  0.74444114  0.76941469  0.80856988  0.78223238  0.78223238  0.83590258  0.72030102  0.54230532  0.53308266  0.55164708  0.54230532  0.53308266  0.52397610  0.63107030  0.63107030  0.66325594  0.65236751  0.65236751  0.82210715  0.90912537  0.73227039  0.73227039  0.59026928  0.70852646  0.64164054  0.59026928  0.60025583  0.56111104  0.60025583  0.63107030  0.66325594  0.62065229  0.61038218  0.66325594  0.65236751  0.64164054  0.55164708  0.56111104  0.55164708  0.66325594  0.66325594  
14_2_0     0.61038218  0.66325594  0.68553715  0.65236751  0.73227039  0.79528128  0.76941469  0.70852646  0.72030102  0.67431077  0.69694049  0.69694049  0.60025583  0.61038218  0.61038218  0.61038218  0.59026928  0.87894122  0.89387588  0.78223238  0.78223238  0.08359664  0.00000000  0.23047454  0.27397728  0.72030102  0.72030102  0.70852646  0.72030102  0.69694049  0.73227039  0.78223238  0.66325594  0.74444114  0.79528128  0.74444114  0.65236751  0.70852646  0.72030102  0.69694049  0.68553715  0.79528128  0.66325594  0.57070046  0.61038218  0.61038218  0.54230532  0.57070046  0.53308266  0.57070046  0.55164708  0.55164708  0.53308266  0.72030102  0.61038218  0.66325594  0.65236751  0.68553715  0.79528128  0.70852646  0.70852646  0.74444114  0.74444114  0.73227039  0.61038218  0.65236751  0.63107030  0.67431077  0.63107030  0.61038218  0.60025583  0.61038218  0.61038218  0.57070046  0.51498275  0.62065229  0.63107030  0.72030102  0.78223238  0.76941469  0.69694049  0.70852646  0.79528128  0.74444114  0.73227039  0.80856988  0.72030102  0.78223238  0.67431077  0.75682016  0.80856988  0.82210715  0.80856988  0.78223238  0.86430866  0.87894122  0.82210715  0.80856988  0.87894122  0.76941469  0.59026928  0.59026928  0.61038218  0.60025583  0.63107030  0.60025583  0.69694049  0.69694049  0.68553715  0.69694049  0.72030102  0.82210715  0.86430866  0.79528128  0.79528128  0.64164054  0.72030102  0.68553715  0.65236751  0.68553715  0.64164054  0.66325594  0.63107030  0.73227039  0.68553715  0.67431077  0.73227039  0.67431077  0.66325594  0.62065229  0.63107030  0.58041871  0.63107030  0.67431077  
7_2_0      0.69694049  0.74444114  0.78223238  0.74444114  0.84996620  0.84996620  0.79528128  0.75682016  0.76941469  0.79528128  0.75682016  0.84996620  0.67431077  0.65236751  0.59026928  0.59026928  0.64164054  0.86430866  0.80856988  0.84996620  0.73227039  0.23047454  0.23047454  0.00000000  0.09351074  0.56111104  0.56111104  0.62065229  0.63107030  0.62065229  0.65236751  0.66325594  0.56111104  0.65236751  0.65236751  0.72030102  0.68553715  0.66325594  0.69694049  0.66325594  0.66325594  0.79528128  0.70852646  0.65236751  0.57070046  0.58041871  0.53308266  0.59026928  0.55164708  0.54230532  0.59026928  0.58041871  0.57070046  0.75682016  0.53308266  0.59026928  0.66325594  0.67431077  0.78223238  0.76941469  0.74444114  0.72030102  0.72030102  0.65236751  0.65236751  0.61038218  0.60025583  0.65236751  0.63107030  0.53308266  0.55164708  0.57070046  0.57070046  0.56111104  0.57070046  0.60025583  0.54230532  0.66325594  0.68553715  0.69694049  0.74444114  0.73227039  0.72030102  0.72030102  0.74444114  0.74444114  0.68553715  0.76941469  0.69694049  0.72030102  0.90912537  0.90912537  0.86430866  0.76941469  0.80856988  0.89387588  0.78223238  0.83590258  0.87894122  0.78223238  0.65236751  0.59026928  0.57070046  0.56111104  0.66325594  0.55164708  0.66325594  0.66325594  0.68553715  0.69694049  0.75682016  0.80856988  0.73227039  0.74444114  0.72030102  0.57070046  0.64164054  0.70852646  0.63107030  0.65236751  0.70852646  0.64164054  0.66325594  0.78223238  0.65236751  0.66325594  0.68553715  0.68553715  0.66325594  0.66325594  0.67431077  0.60025583  0.72030102  0.70852646  
