207
2_1_0      0.00000000  0.18141295  0.17352787  0.18141295  0.17352787  0.18938475  0.72100806  0.67259284  0.73789271  0.58450124  0.57080650  0.51847683  0.65714728  0.65714728  0.61269219  0.64202397  0.65714728  0.64202397  0.68837467  0.68837467  0.68837467  0.55736570  0.55736570  0.53120938  0.50596407  0.54416957  0.50596407  0.58450124  0.61269219  0.58450124  0.54416957  0.62720973  0.67259284  0.68837467  0.67259284  0.75518005  0.68837467  0.72100806  0.72100806  0.70450774  0.75518005  0.68837467  0.67259284  0.61269219  0.62720973  0.59845968  0.68837467  0.75518005  0.72100806  0.67259284  0.64202397  0.65714728  0.65714728  0.68837467  0.70450774  0.67259284  0.65714728  0.67259284  0.67259284  0.62720973  0.70450774  0.64202397  0.64202397  0.62720973  0.65714728  0.67259284  0.68837467  0.72100806  0.62720973  0.62720973  0.62720973  0.61269219  0.62720973  0.61269219  0.61269219  0.59845968  0.67259284  0.64202397  0.75518005  0.70450774  0.68837467  0.70450774  0.61269219  0.59845968  0.75518005  0.62720973  0.72100806  0.64202397  0.64202397  0.61269219  0.72100806  0.70450774  0.64202397  0.62720973  0.62720973  0.58450124  0.64202397  0.58450124  0.59845968  0.59845968  0.54416957  0.55736570  0.54416957  0.58450124  0.59845968  0.58450124  0.62720973  0.62720973  0.64202397  0.59845968  0.57080650  0.62720973  0.58450124  0.55736570  0.55736570  0.54416957  0.58450124  0.62720973  0.59845968  0.59845968  0.59845968  0.61269219  0.64202397  0.65714728  0.64202397  0.62720973  0.64202397  0.68837467  0.67259284  0.68837467  0.64202397  0.55736570  0.59845968  0.58450124  0.68837467  0.67259284  0.67259284  0.70450774  0.65714728  0.68837467  0.70450774  0.72100806  0.77288974  0.65714728  0.53120938  0.55736570  0.54416957  0.53120938  0.54416957  0.58450124  0.54416957  0.57080650  0.61269219  0.51847683  0.54416957  0.54416957  0.51847683  0.59845968  0.59845968  0.67259284  0.68837467  0.51847683  0.51847683  0.53120938  0.54416957  0.58450124  0.58450124  0.68837467  0.61269219  0.65714728  0.77288974  0.65714728  0.68837467  0.68837467  0.67259284  0.68837467  0.67259284  0.65714728  0.50596407  0.55736570  0.51847683  0.64202397  0.61269219  0.61269219  0.64202397  0.62720973  0.70450774  0.61269219  0.61269219  0.54416957  0.55736570  0.58450124  0.49366363  0.68837467  0.61269219  0.64202397  0.65714728  0.61269219  0.59845968  0.61269219  0.53120938  0.44644852  0.46967174  0.51847683  0.53120938  0.53120938  0.53120938  
3_1_0      0.18141295  0.00000000  0.01875916  0.18938475  0.21384002  0.18938475  0.61269219  0.54416957  0.59845968  0.68837467  0.67259284  0.61269219  0.67259284  0.70450774  0.55736570  0.58450124  0.59845968  0.61269219  0.67259284  0.67259284  0.59845968  0.64202397  0.64202397  0.58450124  0.64202397  0.58450124  0.53120938  0.54416957  0.58450124  0.57080650  0.55736570  0.58450124  0.59845968  0.61269219  0.58450124  0.73789271  0.77288974  0.82877284  0.77288974  0.64202397  0.72100806  0.65714728  0.73789271  0.73789271  0.68837467  0.58450124  0.75518005  0.62720973  0.65714728  0.62720973  0.68837467  0.73789271  0.73789271  0.72100806  0.64202397  0.57080650  0.58450124  0.58450124  0.62720973  0.61269219  0.59845968  0.59845968  0.61269219  0.57080650  0.59845968  0.59845968  0.62720973  0.62720973  0.58450124  0.58450124  0.59845968  0.55736570  0.59845968  0.53120938  0.53120938  0.64202397  0.61269219  0.58450124  0.70450774  0.72100806  0.72100806  0.62720973  0.59845968  0.59845968  0.64202397  0.62720973  0.65714728  0.59845968  0.73789271  0.73789271  0.62720973  0.62720973  0.64202397  0.65714728  0.61269219  0.62720973  0.67259284  0.67259284  0.68837467  0.68837467  0.62720973  0.61269219  0.58450124  0.59845968  0.70450774  0.57080650  0.53120938  0.58450124  0.64202397  0.59845968  0.55736570  0.70450774  0.55736570  0.61269219  0.51847683  0.51847683  0.58450124  0.54416957  0.54416957  0.54416957  0.54416957  0.55736570  0.58450124  0.68837467  0.64202397  0.62720973  0.58450124  0.55736570  0.51847683  0.55736570  0.51847683  0.53120938  0.53120938  0.50596407  0.58450124  0.58450124  0.54416957  0.53120938  0.51847683  0.54416957  0.62720973  0.64202397  0.67259284  0.57080650  0.62720973  0.58450124  0.55736570  0.53120938  0.55736570  0.58450124  0.51847683  0.59845968  0.58450124  0.58450124  0.54416957  0.61269219  0.58450124  0.57080650  0.59845968  0.58450124  0.61269219  0.68837467  0.62720973  0.67259284  0.67259284  0.67259284  0.67259284  0.58450124  0.59845968  0.59845968  0.72100806  0.68837467  0.58450124  0.59845968  0.65714728  0.58450124  0.64202397  0.61269219  0.55736570  0.59845968  0.57080650  0.57080650  0.54416957  0.51847683  0.57080650  0.55736570  0.64202397  0.57080650  0.59845968  0.54416957  0.55736570  0.59845968  0.51847683  0.59845968  0.67259284  0.70450774  0.65714728  0.62720973  0.64202397  0.62720973  0.59845968  0.43511008  0.45796714  0.45796714  0.49366363  0.48156843  0.51847683  
1_1_0      0.17352787  0.01875916  0.00000000  0.18141295  0.20559625  0.18141295  0.57080650  0.55736570  0.58450124  0.70450774  0.68837467  0.65714728  0.65714728  0.68837467  0.57080650  0.59845968  0.61269219  0.62720973  0.68837467  0.68837467  0.55736570  0.62720973  0.62720973  0.57080650  0.62720973  0.57080650  0.51847683  0.53120938  0.59845968  0.58450124  0.51847683  0.57080650  0.61269219  0.57080650  0.57080650  0.73789271  0.73789271  0.79104295  0.77288974  0.61269219  0.72100806  0.62720973  0.73789271  0.70450774  0.65714728  0.58450124  0.72100806  0.64202397  0.64202397  0.61269219  0.67259284  0.72100806  0.72100806  0.67259284  0.62720973  0.55736570  0.54416957  0.57080650  0.58450124  0.57080650  0.58450124  0.58450124  0.59845968  0.55736570  0.58450124  0.58450124  0.62720973  0.62720973  0.61269219  0.61269219  0.62720973  0.58450124  0.62720973  0.53120938  0.53120938  0.64202397  0.61269219  0.58450124  0.70450774  0.72100806  0.68837467  0.64202397  0.59845968  0.59845968  0.65714728  0.65714728  0.65714728  0.62720973  0.73789271  0.73789271  0.65714728  0.65714728  0.65714728  0.67259284  0.62720973  0.64202397  0.68837467  0.67259284  0.68837467  0.68837467  0.59845968  0.58450124  0.55736570  0.57080650  0.67259284  0.57080650  0.53120938  0.58450124  0.61269219  0.57080650  0.55736570  0.70450774  0.53120938  0.59845968  0.49366363  0.49366363  0.58450124  0.57080650  0.51847683  0.51847683  0.51847683  0.55736570  0.59845968  0.70450774  0.65714728  0.64202397  0.62720973  0.59845968  0.55736570  0.57080650  0.53120938  0.57080650  0.57080650  0.54416957  0.62720973  0.62720973  0.58450124  0.57080650  0.53120938  0.55736570  0.67259284  0.68837467  0.72100806  0.59845968  0.61269219  0.57080650  0.57080650  0.54416957  0.57080650  0.59845968  0.50596407  0.58450124  0.54416957  0.59845968  0.55736570  0.59845968  0.57080650  0.58450124  0.61269219  0.59845968  0.62720973  0.67259284  0.61269219  0.65714728  0.62720973  0.65714728  0.65714728  0.57080650  0.58450124  0.58450124  0.67259284  0.64202397  0.57080650  0.58450124  0.67259284  0.59845968  0.65714728  0.59845968  0.54416957  0.58450124  0.55736570  0.55736570  0.53120938  0.50596407  0.55736570  0.54416957  0.62720973  0.53120938  0.55736570  0.53120938  0.51847683  0.55736570  0.48156843  0.55736570  0.62720973  0.68837467  0.64202397  0.61269219  0.62720973  0.61269219  0.55736570  0.42394625  0.44644852  0.46967174  0.45796714  0.44644852  0.50596407  
2_0_0      0.18141295  0.18938475  0.18141295  0.00000000  0.13533988  0.15801044  0.72100806  0.55736570  0.61269219  0.70450774  0.68837467  0.72100806  0.75518005  0.75518005  0.58450124  0.61269219  0.62720973  0.64202397  0.61269219  0.61269219  0.62720973  0.67259284  0.67259284  0.50596407  0.55736570  0.55736570  0.55736570  0.57080650  0.59845968  0.58450124  0.54416957  0.65714728  0.59845968  0.65714728  0.58450124  0.64202397  0.58450124  0.64202397  0.65714728  0.55736570  0.64202397  0.64202397  0.65714728  0.72100806  0.67259284  0.55736570  0.65714728  0.70450774  0.65714728  0.58450124  0.64202397  0.68837467  0.68837467  0.53120938  0.57080650  0.50596407  0.51847683  0.57080650  0.62720973  0.58450124  0.55736570  0.51847683  0.51847683  0.53120938  0.53120938  0.54416957  0.62720973  0.59845968  0.53120938  0.55736570  0.57080650  0.59845968  0.57080650  0.57080650  0.62720973  0.65714728  0.55736570  0.55736570  0.67259284  0.61269219  0.64202397  0.72100806  0.67259284  0.62720973  0.62720973  0.59845968  0.70450774  0.59845968  0.67259284  0.70450774  0.58450124  0.59845968  0.58450124  0.57080650  0.54416957  0.50596407  0.53120938  0.50596407  0.51847683  0.51847683  0.58450124  0.57080650  0.54416957  0.50596407  0.68837467  0.54416957  0.53120938  0.53120938  0.54416957  0.58450124  0.49366363  0.51847683  0.55736570  0.49366363  0.50596407  0.49366363  0.62720973  0.59845968  0.68837467  0.68837467  0.65714728  0.58450124  0.57080650  0.65714728  0.64202397  0.62720973  0.67259284  0.65714728  0.67259284  0.65714728  0.61269219  0.57080650  0.57080650  0.57080650  0.62720973  0.61269219  0.73789271  0.62720973  0.64202397  0.67259284  0.70450774  0.72100806  0.73789271  0.65714728  0.48156843  0.57080650  0.53120938  0.54416957  0.48156843  0.55736570  0.54416957  0.50596407  0.57080650  0.51847683  0.57080650  0.49366363  0.46967174  0.65714728  0.65714728  0.59845968  0.62720973  0.64202397  0.64202397  0.57080650  0.57080650  0.55736570  0.55736570  0.53120938  0.62720973  0.58450124  0.84840070  0.65714728  0.61269219  0.64202397  0.64202397  0.62720973  0.58450124  0.55736570  0.50596407  0.50596407  0.50596407  0.55736570  0.55736570  0.54416957  0.67259284  0.65714728  0.58450124  0.50596407  0.53120938  0.57080650  0.53120938  0.53120938  0.54416957  0.59845968  0.58450124  0.67259284  0.65714728  0.59845968  0.58450124  0.61269219  0.53120938  0.37056905  0.39145070  0.40212151  0.50596407  0.44644852  0.44644852  
3_0_0      0.17352787  0.21384002  0.20559625  0.13533988  0.00000000  0.04455127  0.72100806  0.61269219  0.64202397  0.73789271  0.72100806  0.68837467  0.65714728  0.68837467  0.57080650  0.57080650  0.58450124  0.70450774  0.59845968  0.59845968  0.65714728  0.57080650  0.57080650  0.54416957  0.57080650  0.62720973  0.57080650  0.57080650  0.57080650  0.55736570  0.62720973  0.65714728  0.59845968  0.62720973  0.58450124  0.77288974  0.70450774  0.73789271  0.75518005  0.70450774  0.80966245  0.77288974  0.75518005  0.64202397  0.59845968  0.61269219  0.82877284  0.67259284  0.59845968  0.61269219  0.61269219  0.62720973  0.62720973  0.53120938  0.57080650  0.55736570  0.51847683  0.57080650  0.57080650  0.55736570  0.55736570  0.54416957  0.54416957  0.48156843  0.53120938  0.54416957  0.61269219  0.61269219  0.51847683  0.54416957  0.55736570  0.55736570  0.57080650  0.57080650  0.57080650  0.73789271  0.57080650  0.54416957  0.73789271  0.62720973  0.65714728  0.65714728  0.68837467  0.67259284  0.67259284  0.61269219  0.67259284  0.59845968  0.68837467  0.72100806  0.70450774  0.68837467  0.64202397  0.62720973  0.57080650  0.58450124  0.61269219  0.55736570  0.57080650  0.57080650  0.58450124  0.62720973  0.53120938  0.51847683  0.70450774  0.55736570  0.59845968  0.58450124  0.59845968  0.50596407  0.49366363  0.57080650  0.55736570  0.49366363  0.54416957  0.53120938  0.54416957  0.54416957  0.51847683  0.51847683  0.54416957  0.55736570  0.68837467  0.62720973  0.67259284  0.65714728  0.64202397  0.65714728  0.67259284  0.62720973  0.64202397  0.65714728  0.68837467  0.65714728  0.61269219  0.59845968  0.67259284  0.68837467  0.64202397  0.64202397  0.73789271  0.75518005  0.73789271  0.65714728  0.48156843  0.51847683  0.45796714  0.49366363  0.48156843  0.55736570  0.51847683  0.51847683  0.59845968  0.57080650  0.62720973  0.55736570  0.53120938  0.58450124  0.58450124  0.62720973  0.62720973  0.62720973  0.64202397  0.59845968  0.59845968  0.64202397  0.64202397  0.54416957  0.64202397  0.51847683  0.77288974  0.68837467  0.64202397  0.67259284  0.64202397  0.62720973  0.61269219  0.61269219  0.51847683  0.51847683  0.51847683  0.55736570  0.53120938  0.54416957  0.62720973  0.61269219  0.57080650  0.58450124  0.58450124  0.49366363  0.58450124  0.51847683  0.49366363  0.62720973  0.61269219  0.67259284  0.68837467  0.65714728  0.64202397  0.65714728  0.58450124  0.39145070  0.39145070  0.44644852  0.51847683  0.51847683  0.46967174  
1_0_0      0.18938475  0.18938475  0.18141295  0.15801044  0.04455127  0.00000000  0.67259284  0.57080650  0.61269219  0.73789271  0.72100806  0.68837467  0.68837467  0.68837467  0.59845968  0.59845968  0.61269219  0.68837467  0.62720973  0.62720973  0.62720973  0.61269219  0.61269219  0.58450124  0.61269219  0.58450124  0.55736570  0.53120938  0.58450124  0.54416957  0.58450124  0.61269219  0.58450124  0.57080650  0.54416957  0.73789271  0.67259284  0.73789271  0.65714728  0.70450774  0.77288974  0.77288974  0.75518005  0.62720973  0.59845968  0.62720973  0.80966245  0.59845968  0.58450124  0.59845968  0.58450124  0.57080650  0.57080650  0.50596407  0.57080650  0.53120938  0.49366363  0.54416957  0.57080650  0.55736570  0.53120938  0.51847683  0.51847683  0.45796714  0.53120938  0.53120938  0.57080650  0.57080650  0.48156843  0.48156843  0.51847683  0.46967174  0.53120938  0.50596407  0.50596407  0.65714728  0.50596407  0.48156843  0.64202397  0.59845968  0.57080650  0.62720973  0.67259284  0.65714728  0.68837467  0.59845968  0.62720973  0.58450124  0.64202397  0.67259284  0.64202397  0.65714728  0.58450124  0.59845968  0.54416957  0.58450124  0.61269219  0.57080650  0.58450124  0.58450124  0.54416957  0.58450124  0.49366363  0.48156843  0.65714728  0.51847683  0.55736570  0.53120938  0.57080650  0.49366363  0.53120938  0.58450124  0.54416957  0.45796714  0.51847683  0.50596407  0.50596407  0.55736570  0.48156843  0.48156843  0.48156843  0.54416957  0.67259284  0.57080650  0.59845968  0.58450124  0.57080650  0.58450124  0.59845968  0.55736570  0.54416957  0.58450124  0.61269219  0.58450124  0.65714728  0.67259284  0.62720973  0.61269219  0.59845968  0.57080650  0.65714728  0.65714728  0.68837467  0.61269219  0.51847683  0.50596407  0.44644852  0.45796714  0.44644852  0.51847683  0.48156843  0.49366363  0.54416957  0.54416957  0.55736570  0.53120938  0.50596407  0.54416957  0.57080650  0.55736570  0.58450124  0.61269219  0.62720973  0.58450124  0.58450124  0.65714728  0.65714728  0.53120938  0.59845968  0.50596407  0.68837467  0.64202397  0.57080650  0.61269219  0.62720973  0.61269219  0.57080650  0.54416957  0.53120938  0.53120938  0.53120938  0.55736570  0.53120938  0.53120938  0.57080650  0.55736570  0.58450124  0.57080650  0.59845968  0.55736570  0.57080650  0.53120938  0.48156843  0.65714728  0.61269219  0.64202397  0.65714728  0.59845968  0.58450124  0.59845968  0.53120938  0.37056905  0.35027212  0.38093469  0.49366363  0.44644852  0.44644852  
20_0_0     0.72100806  0.61269219  0.57080650  0.72100806  0.72100806  0.67259284  0.00000000  0.23914921  0.24778585  0.40212151  0.38093469  0.42394625  0.36034955  0.36034955  0.43511008  0.44644852  0.43511008  0.44644852  0.49366363  0.49366363  0.28339972  0.34033286  0.35027212  0.39145070  0.45796714  0.39145070  0.35027212  0.30188502  0.35027212  0.40212151  0.31130750  0.36034955  0.32085407  0.32085407  0.34033286  0.37056905  0.38093469  0.38093469  0.43511008  0.38093469  0.42394625  0.35027212  0.46967174  0.45796714  0.43511008  0.46967174  0.42394625  0.41295175  0.34033286  0.39145070  0.43511008  0.43511008  0.43511008  0.61269219  0.58450124  0.58450124  0.57080650  0.57080650  0.59845968  0.61269219  0.61269219  0.64202397  0.64202397  0.67259284  0.62720973  0.64202397  0.54416957  0.55736570  0.53120938  0.51847683  0.51847683  0.49366363  0.45796714  0.37056905  0.38093469  0.46967174  0.50596407  0.53120938  0.53120938  0.50596407  0.42394625  0.51847683  0.39145070  0.37056905  0.49366363  0.50596407  0.39145070  0.41295175  0.58450124  0.55736570  0.46967174  0.45796714  0.51847683  0.50596407  0.53120938  0.55736570  0.53120938  0.64202397  0.65714728  0.64202397  0.50596407  0.53120938  0.46967174  0.46967174  0.53120938  0.49366363  0.48156843  0.55736570  0.54416957  0.43511008  0.46967174  0.57080650  0.44644852  0.50596407  0.45796714  0.49366363  0.54416957  0.51847683  0.54416957  0.54416957  0.51847683  0.51847683  0.53120938  0.55736570  0.49366363  0.50596407  0.48156843  0.45796714  0.48156843  0.51847683  0.53120938  0.53120938  0.48156843  0.50596407  0.54416957  0.53120938  0.44644852  0.45796714  0.45796714  0.45796714  0.49366363  0.49366363  0.49366363  0.49366363  0.58450124  0.64202397  0.62720973  0.58450124  0.62720973  0.54416957  0.57080650  0.57080650  0.49366363  0.51847683  0.51847683  0.54416957  0.53120938  0.43511008  0.44644852  0.43511008  0.43511008  0.61269219  0.61269219  0.55736570  0.61269219  0.62720973  0.62720973  0.50596407  0.57080650  0.49366363  0.45796714  0.51847683  0.50596407  0.51847683  0.53120938  0.54416957  0.61269219  0.58450124  0.54416957  0.54416957  0.58450124  0.53120938  0.57080650  0.57080650  0.41295175  0.39145070  0.51847683  0.53120938  0.58450124  0.53120938  0.53120938  0.59845968  0.54416957  0.53120938  0.50596407  0.50596407  0.46967174  0.46967174  0.48156843  0.46967174  0.55736570  0.46967174  0.46967174  0.45796714  0.41295175  0.43511008  0.40212151  
10_0_0     0.67259284  0.54416957  0.55736570  0.55736570  0.61269219  0.57080650  0.23914921  0.00000000  0.04455127  0.37056905  0.35027212  0.37056905  0.36034955  0.36034955  0.35027212  0.36034955  0.35027212  0.36034955  0.44644852  0.44644852  0.27433088  0.37056905  0.38093469  0.42394625  0.46967174  0.42394625  0.38093469  0.31130750  0.33052804  0.35027212  0.30188502  0.33052804  0.31130750  0.35027212  0.35027212  0.42394625  0.48156843  0.43511008  0.46967174  0.45796714  0.45796714  0.42394625  0.48156843  0.49366363  0.46967174  0.39145070  0.42394625  0.33052804  0.27433088  0.30188502  0.34033286  0.34033286  0.34033286  0.49366363  0.49366363  0.46967174  0.50596407  0.45796714  0.49366363  0.50596407  0.50596407  0.50596407  0.50596407  0.53120938  0.42394625  0.43511008  0.50596407  0.49366363  0.45796714  0.48156843  0.44644852  0.46967174  0.45796714  0.40212151  0.41295175  0.44644852  0.44644852  0.42394625  0.43511008  0.41295175  0.44644852  0.53120938  0.40212151  0.39145070  0.49366363  0.49366363  0.44644852  0.46967174  0.55736570  0.55736570  0.59845968  0.55736570  0.49366363  0.48156843  0.50596407  0.49366363  0.50596407  0.54416957  0.55736570  0.57080650  0.54416957  0.59845968  0.53120938  0.50596407  0.55736570  0.50596407  0.54416957  0.45796714  0.49366363  0.40212151  0.43511008  0.50596407  0.41295175  0.49366363  0.36034955  0.39145070  0.49366363  0.49366363  0.55736570  0.55736570  0.53120938  0.45796714  0.53120938  0.45796714  0.45796714  0.46967174  0.41295175  0.37056905  0.37056905  0.40212151  0.39145070  0.37056905  0.33052804  0.35027212  0.44644852  0.43511008  0.38093469  0.37056905  0.35027212  0.35027212  0.41295175  0.43511008  0.45796714  0.44644852  0.46967174  0.49366363  0.45796714  0.42394625  0.43511008  0.42394625  0.43511008  0.41295175  0.43511008  0.37056905  0.38093469  0.39145070  0.36034955  0.40212151  0.43511008  0.35027212  0.35027212  0.54416957  0.59845968  0.49366363  0.54416957  0.55736570  0.55736570  0.49366363  0.58450124  0.48156843  0.55736570  0.57080650  0.51847683  0.53120938  0.46967174  0.48156843  0.57080650  0.50596407  0.50596407  0.50596407  0.57080650  0.50596407  0.54416957  0.51847683  0.40212151  0.40212151  0.54416957  0.48156843  0.55736570  0.50596407  0.57080650  0.57080650  0.54416957  0.46967174  0.48156843  0.43511008  0.40212151  0.40212151  0.39145070  0.40212151  0.51847683  0.37056905  0.37056905  0.40212151  0.42394625  0.40212151  0.35027212  
13_0_0     0.73789271  0.59845968  0.58450124  0.61269219  0.64202397  0.61269219  0.24778585  0.04455127  0.00000000  0.35027212  0.33052804  0.37056905  0.32085407  0.32085407  0.38093469  0.40212151  0.39145070  0.40212151  0.44644852  0.44644852  0.27433088  0.33052804  0.34033286  0.40212151  0.46967174  0.44644852  0.40212151  0.32085407  0.33052804  0.35027212  0.32085407  0.31130750  0.35027212  0.33052804  0.37056905  0.39145070  0.44644852  0.41295175  0.44644852  0.44644852  0.44644852  0.39145070  0.48156843  0.44644852  0.42394625  0.38093469  0.41295175  0.34033286  0.26537410  0.29258345  0.31130750  0.33052804  0.33052804  0.53120938  0.51847683  0.49366363  0.53120938  0.48156843  0.51847683  0.53120938  0.51847683  0.54416957  0.54416957  0.57080650  0.44644852  0.45796714  0.51847683  0.50596407  0.50596407  0.53120938  0.48156843  0.49366363  0.50596407  0.39145070  0.38093469  0.48156843  0.45796714  0.43511008  0.50596407  0.42394625  0.44644852  0.58450124  0.43511008  0.42394625  0.46967174  0.55736570  0.46967174  0.51847683  0.61269219  0.61269219  0.62720973  0.58450124  0.51847683  0.50596407  0.50596407  0.51847683  0.51847683  0.61269219  0.62720973  0.64202397  0.54416957  0.59845968  0.53120938  0.50596407  0.58450124  0.51847683  0.55736570  0.49366363  0.48156843  0.38093469  0.42394625  0.53120938  0.41295175  0.54416957  0.37056905  0.40212151  0.55736570  0.50596407  0.57080650  0.57080650  0.57080650  0.51847683  0.54416957  0.48156843  0.50596407  0.51847683  0.45796714  0.39145070  0.40212151  0.40212151  0.41295175  0.43511008  0.39145070  0.41295175  0.45796714  0.44644852  0.40212151  0.39145070  0.36034955  0.37056905  0.45796714  0.48156843  0.50596407  0.48156843  0.50596407  0.50596407  0.46967174  0.45796714  0.46967174  0.45796714  0.46967174  0.42394625  0.44644852  0.40212151  0.42394625  0.40212151  0.39145070  0.42394625  0.45796714  0.40212151  0.38093469  0.58450124  0.61269219  0.53120938  0.55736570  0.57080650  0.57080650  0.50596407  0.57080650  0.46967174  0.58450124  0.59845968  0.50596407  0.54416957  0.50596407  0.51847683  0.62720973  0.53120938  0.55736570  0.55736570  0.62720973  0.50596407  0.54416957  0.51847683  0.40212151  0.40212151  0.51847683  0.51847683  0.59845968  0.51847683  0.57080650  0.57080650  0.54416957  0.49366363  0.49366363  0.44644852  0.41295175  0.41295175  0.40212151  0.41295175  0.51847683  0.38093469  0.39145070  0.44644852  0.39145070  0.38093469  0.37056905  
40_0_0     0.58450124  0.68837467  0.70450774  0.70450774  0.73789271  0.73789271  0.40212151  0.37056905  0.35027212  0.00000000  0.01245202  0.04455127  0.12793789  0.11335686  0.30188502  0.30188502  0.29258345  0.32085407  0.40212151  0.39145070  0.34033286  0.33052804  0.32085407  0.40212151  0.42394625  0.43511008  0.42394625  0.42394625  0.37056905  0.48156843  0.41295175  0.42394625  0.46967174  0.49366363  0.51847683  0.34033286  0.37056905  0.34033286  0.39145070  0.35027212  0.36034955  0.38093469  0.39145070  0.41295175  0.48156843  0.44644852  0.43511008  0.42394625  0.44644852  0.45796714  0.40212151  0.43511008  0.43511008  0.70450774  0.70450774  0.64202397  0.68837467  0.61269219  0.55736570  0.54416957  0.64202397  0.57080650  0.57080650  0.61269219  0.54416957  0.53120938  0.57080650  0.61269219  0.58450124  0.59845968  0.55736570  0.53120938  0.51847683  0.45796714  0.46967174  0.53120938  0.53120938  0.51847683  0.55736570  0.48156843  0.50596407  0.61269219  0.46967174  0.45796714  0.58450124  0.50596407  0.50596407  0.51847683  0.62720973  0.59845968  0.55736570  0.51847683  0.46967174  0.46967174  0.49366363  0.51847683  0.51847683  0.57080650  0.55736570  0.57080650  0.54416957  0.59845968  0.54416957  0.55736570  0.53120938  0.43511008  0.48156843  0.54416957  0.53120938  0.44644852  0.49366363  0.53120938  0.45796714  0.54416957  0.44644852  0.48156843  0.58450124  0.58450124  0.72100806  0.72100806  0.70450774  0.61269219  0.59845968  0.55736570  0.65714728  0.67259284  0.61269219  0.58450124  0.55736570  0.59845968  0.61269219  0.57080650  0.54416957  0.54416957  0.55736570  0.55736570  0.51847683  0.57080650  0.53120938  0.55736570  0.62720973  0.61269219  0.65714728  0.62720973  0.57080650  0.62720973  0.61269219  0.55736570  0.57080650  0.55736570  0.64202397  0.50596407  0.53120938  0.51847683  0.53120938  0.48156843  0.48156843  0.51847683  0.48156843  0.51847683  0.51847683  0.46967174  0.51847683  0.48156843  0.50596407  0.51847683  0.51847683  0.57080650  0.50596407  0.51847683  0.58450124  0.57080650  0.53120938  0.51847683  0.51847683  0.51847683  0.64202397  0.54416957  0.62720973  0.67259284  0.64202397  0.59845968  0.59845968  0.58450124  0.43511008  0.43511008  0.62720973  0.62720973  0.65714728  0.57080650  0.58450124  0.62720973  0.54416957  0.61269219  0.53120938  0.45796714  0.44644852  0.44644852  0.43511008  0.44644852  0.51847683  0.49366363  0.51847683  0.58450124  0.49366363  0.49366363  0.45796714  
67_0_0     0.57080650  0.67259284  0.68837467  0.68837467  0.72100806  0.72100806  0.38093469  0.35027212  0.33052804  0.01245202  0.00000000  0.04455127  0.12793789  0.11335686  0.30188502  0.30188502  0.29258345  0.32085407  0.40212151  0.39145070  0.32085407  0.31130750  0.32085407  0.38093469  0.40212151  0.41295175  0.40212151  0.42394625  0.37056905  0.48156843  0.39145070  0.40212151  0.44644852  0.46967174  0.49366363  0.35027212  0.38093469  0.35027212  0.40212151  0.36034955  0.37056905  0.37056905  0.38093469  0.40212151  0.46967174  0.43511008  0.44644852  0.42394625  0.44644852  0.45796714  0.40212151  0.43511008  0.43511008  0.68837467  0.68837467  0.62720973  0.67259284  0.59845968  0.57080650  0.55736570  0.62720973  0.55736570  0.55736570  0.59845968  0.53120938  0.51847683  0.55736570  0.59845968  0.59845968  0.61269219  0.57080650  0.54416957  0.53120938  0.44644852  0.45796714  0.51847683  0.51847683  0.50596407  0.54416957  0.46967174  0.49366363  0.59845968  0.45796714  0.44644852  0.57080650  0.51847683  0.49366363  0.50596407  0.61269219  0.58450124  0.55736570  0.51847683  0.48156843  0.45796714  0.48156843  0.50596407  0.50596407  0.55736570  0.54416957  0.55736570  0.55736570  0.61269219  0.53120938  0.54416957  0.51847683  0.44644852  0.46967174  0.53120938  0.51847683  0.43511008  0.48156843  0.53120938  0.46967174  0.53120938  0.43511008  0.46967174  0.59845968  0.59845968  0.73789271  0.73789271  0.72100806  0.62720973  0.58450124  0.57080650  0.64202397  0.65714728  0.59845968  0.57080650  0.54416957  0.58450124  0.59845968  0.55736570  0.53120938  0.53120938  0.54416957  0.54416957  0.50596407  0.55736570  0.51847683  0.54416957  0.61269219  0.59845968  0.67259284  0.61269219  0.55736570  0.61269219  0.59845968  0.54416957  0.55736570  0.54416957  0.62720973  0.49366363  0.51847683  0.50596407  0.54416957  0.46967174  0.46967174  0.50596407  0.46967174  0.50596407  0.50596407  0.45796714  0.50596407  0.46967174  0.51847683  0.53120938  0.53120938  0.55736570  0.53120938  0.50596407  0.57080650  0.55736570  0.51847683  0.50596407  0.50596407  0.50596407  0.62720973  0.53120938  0.62720973  0.67259284  0.67259284  0.61269219  0.61269219  0.59845968  0.44644852  0.44644852  0.64202397  0.61269219  0.64202397  0.55736570  0.59845968  0.64202397  0.53120938  0.59845968  0.54416957  0.46967174  0.45796714  0.45796714  0.44644852  0.45796714  0.53120938  0.48156843  0.50596407  0.57080650  0.48156843  0.48156843  0.44644852  
31_0_0     0.51847683  0.61269219  0.65714728  0.72100806  0.68837467  0.68837467  0.42394625  0.37056905  0.37056905  0.04455127  0.04455127  0.00000000  0.13533988  0.12061071  0.29258345  0.27433088  0.26537410  0.31130750  0.39145070  0.38093469  0.37056905  0.34033286  0.33052804  0.39145070  0.41295175  0.42394625  0.41295175  0.43511008  0.38093469  0.46967174  0.44644852  0.41295175  0.48156843  0.50596407  0.53120938  0.39145070  0.42394625  0.39145070  0.42394625  0.40212151  0.41295175  0.43511008  0.44644852  0.44644852  0.51847683  0.50596407  0.46967174  0.42394625  0.44644852  0.45796714  0.40212151  0.43511008  0.43511008  0.68837467  0.68837467  0.68837467  0.70450774  0.62720973  0.59845968  0.58450124  0.65714728  0.55736570  0.55736570  0.59845968  0.55736570  0.54416957  0.55736570  0.59845968  0.57080650  0.58450124  0.57080650  0.54416957  0.55736570  0.44644852  0.45796714  0.48156843  0.53120938  0.51847683  0.53120938  0.45796714  0.48156843  0.61269219  0.50596407  0.49366363  0.59845968  0.57080650  0.57080650  0.53120938  0.61269219  0.58450124  0.57080650  0.53120938  0.48156843  0.45796714  0.48156843  0.50596407  0.53120938  0.55736570  0.54416957  0.55736570  0.55736570  0.61269219  0.55736570  0.59845968  0.51847683  0.44644852  0.49366363  0.53120938  0.54416957  0.45796714  0.50596407  0.57080650  0.49366363  0.50596407  0.41295175  0.44644852  0.53120938  0.57080650  0.67259284  0.67259284  0.68837467  0.62720973  0.53120938  0.54416957  0.61269219  0.62720973  0.57080650  0.54416957  0.49366363  0.58450124  0.59845968  0.53120938  0.50596407  0.50596407  0.57080650  0.57080650  0.50596407  0.55736570  0.51847683  0.54416957  0.58450124  0.57080650  0.64202397  0.55736570  0.55736570  0.55736570  0.54416957  0.51847683  0.53120938  0.50596407  0.54416957  0.49366363  0.54416957  0.51847683  0.53120938  0.48156843  0.48156843  0.45796714  0.42394625  0.50596407  0.50596407  0.45796714  0.50596407  0.46967174  0.54416957  0.55736570  0.55736570  0.53120938  0.54416957  0.53120938  0.54416957  0.53120938  0.48156843  0.46967174  0.46967174  0.46967174  0.58450124  0.54416957  0.59845968  0.64202397  0.64202397  0.58450124  0.61269219  0.59845968  0.48156843  0.48156843  0.61269219  0.58450124  0.58450124  0.53120938  0.57080650  0.68837467  0.53120938  0.62720973  0.59845968  0.51847683  0.50596407  0.50596407  0.49366363  0.50596407  0.58450124  0.53120938  0.55736570  0.59845968  0.48156843  0.48156843  0.49366363  
46_0_0     0.65714728  0.67259284  0.65714728  0.75518005  0.65714728  0.68837467  0.36034955  0.36034955  0.32085407  0.12793789  0.12793789  0.13533988  0.00000000  0.02512167  0.26537410  0.28339972  0.27433088  0.32085407  0.28339972  0.27433088  0.25652663  0.25652663  0.24778585  0.38093469  0.38093469  0.35027212  0.34033286  0.37056905  0.34033286  0.34033286  0.36034955  0.37056905  0.38093469  0.36034955  0.38093469  0.35027212  0.38093469  0.37056905  0.38093469  0.38093469  0.39145070  0.39145070  0.40212151  0.38093469  0.42394625  0.45796714  0.38093469  0.42394625  0.36034955  0.41295175  0.40212151  0.43511008  0.43511008  0.67259284  0.65714728  0.65714728  0.64202397  0.59845968  0.53120938  0.54416957  0.61269219  0.59845968  0.59845968  0.61269219  0.51847683  0.50596407  0.53120938  0.51847683  0.58450124  0.59845968  0.57080650  0.58450124  0.53120938  0.44644852  0.43511008  0.48156843  0.49366363  0.48156843  0.53120938  0.48156843  0.45796714  0.55736570  0.53120938  0.50596407  0.55736570  0.51847683  0.51847683  0.48156843  0.65714728  0.62720973  0.64202397  0.59845968  0.59845968  0.57080650  0.51847683  0.57080650  0.59845968  0.55736570  0.54416957  0.58450124  0.49366363  0.51847683  0.55736570  0.59845968  0.54416957  0.44644852  0.51847683  0.48156843  0.46967174  0.36034955  0.44644852  0.50596407  0.43511008  0.49366363  0.46967174  0.50596407  0.58450124  0.59845968  0.64202397  0.64202397  0.62720973  0.57080650  0.61269219  0.51847683  0.61269219  0.62720973  0.54416957  0.51847683  0.54416957  0.53120938  0.59845968  0.61269219  0.55736570  0.58450124  0.53120938  0.53120938  0.54416957  0.50596407  0.46967174  0.46967174  0.55736570  0.57080650  0.55736570  0.55736570  0.55736570  0.55736570  0.54416957  0.57080650  0.58450124  0.57080650  0.59845968  0.51847683  0.51847683  0.53120938  0.54416957  0.55736570  0.55736570  0.45796714  0.44644852  0.48156843  0.45796714  0.43511008  0.41295175  0.44644852  0.49366363  0.50596407  0.50596407  0.50596407  0.50596407  0.43511008  0.46967174  0.51847683  0.50596407  0.46967174  0.49366363  0.46967174  0.59845968  0.54416957  0.55736570  0.57080650  0.57080650  0.61269219  0.61269219  0.59845968  0.49366363  0.49366363  0.59845968  0.55736570  0.53120938  0.50596407  0.57080650  0.62720973  0.53120938  0.55736570  0.49366363  0.44644852  0.43511008  0.43511008  0.42394625  0.43511008  0.53120938  0.43511008  0.43511008  0.49366363  0.43511008  0.45796714  0.41295175  
7_0_0      0.65714728  0.70450774  0.68837467  0.75518005  0.68837467  0.68837467  0.36034955  0.36034955  0.32085407  0.11335686  0.11335686  0.12061071  0.02512167  0.00000000  0.29258345  0.29258345  0.28339972  0.33052804  0.27433088  0.26537410  0.27433088  0.27433088  0.26537410  0.38093469  0.40212151  0.35027212  0.34033286  0.35027212  0.32085407  0.38093469  0.36034955  0.37056905  0.38093469  0.38093469  0.38093469  0.33052804  0.36034955  0.35027212  0.36034955  0.36034955  0.37056905  0.39145070  0.40212151  0.40212151  0.44644852  0.45796714  0.38093469  0.40212151  0.36034955  0.39145070  0.36034955  0.39145070  0.39145070  0.70450774  0.68837467  0.68837467  0.67259284  0.62720973  0.55736570  0.57080650  0.61269219  0.57080650  0.57080650  0.64202397  0.54416957  0.53120938  0.53120938  0.54416957  0.53120938  0.54416957  0.59845968  0.55736570  0.51847683  0.44644852  0.43511008  0.43511008  0.46967174  0.48156843  0.53120938  0.45796714  0.45796714  0.61269219  0.53120938  0.50596407  0.58450124  0.54416957  0.54416957  0.50596407  0.62720973  0.59845968  0.67259284  0.62720973  0.59845968  0.57080650  0.54416957  0.59845968  0.62720973  0.51847683  0.50596407  0.54416957  0.46967174  0.49366363  0.50596407  0.54416957  0.49366363  0.40212151  0.49366363  0.48156843  0.46967174  0.38093469  0.42394625  0.50596407  0.41295175  0.46967174  0.46967174  0.50596407  0.55736570  0.59845968  0.64202397  0.64202397  0.62720973  0.57080650  0.61269219  0.46967174  0.55736570  0.57080650  0.51847683  0.49366363  0.51847683  0.53120938  0.57080650  0.58450124  0.55736570  0.55736570  0.55736570  0.55736570  0.51847683  0.53120938  0.49366363  0.51847683  0.55736570  0.54416957  0.58450124  0.53120938  0.53120938  0.55736570  0.54416957  0.54416957  0.53120938  0.54416957  0.57080650  0.49366363  0.49366363  0.50596407  0.51847683  0.53120938  0.53120938  0.43511008  0.42394625  0.48156843  0.45796714  0.46967174  0.44644852  0.48156843  0.53120938  0.54416957  0.54416957  0.45796714  0.51847683  0.43511008  0.49366363  0.51847683  0.50596407  0.46967174  0.49366363  0.49366363  0.57080650  0.51847683  0.55736570  0.59845968  0.57080650  0.61269219  0.61269219  0.59845968  0.49366363  0.49366363  0.62720973  0.58450124  0.55736570  0.54416957  0.58450124  0.58450124  0.51847683  0.55736570  0.51847683  0.44644852  0.43511008  0.43511008  0.42394625  0.43511008  0.50596407  0.43511008  0.45796714  0.49366363  0.43511008  0.43511008  0.41295175  
68_0_0     0.61269219  0.55736570  0.57080650  0.58450124  0.57080650  0.59845968  0.43511008  0.35027212  0.38093469  0.30188502  0.30188502  0.29258345  0.26537410  0.29258345  0.00000000  0.05114528  0.04455127  0.13533988  0.14281823  0.15037454  0.31130750  0.35027212  0.34033286  0.40212151  0.48156843  0.43511008  0.42394625  0.40212151  0.36034955  0.40212151  0.40212151  0.43511008  0.41295175  0.43511008  0.43511008  0.48156843  0.49366363  0.50596407  0.50596407  0.46967174  0.48156843  0.50596407  0.51847683  0.49366363  0.48156843  0.50596407  0.51847683  0.45796714  0.41295175  0.44644852  0.42394625  0.39145070  0.39145070  0.51847683  0.46967174  0.49366363  0.50596407  0.46967174  0.48156843  0.49366363  0.48156843  0.50596407  0.50596407  0.49366363  0.49366363  0.48156843  0.49366363  0.51847683  0.51847683  0.51847683  0.40212151  0.45796714  0.49366363  0.44644852  0.43511008  0.50596407  0.53120938  0.46967174  0.54416957  0.48156843  0.53120938  0.55736570  0.46967174  0.45796714  0.62720973  0.51847683  0.46967174  0.43511008  0.68837467  0.68837467  0.57080650  0.55736570  0.54416957  0.54416957  0.51847683  0.51847683  0.54416957  0.57080650  0.55736570  0.54416957  0.53120938  0.57080650  0.62720973  0.55736570  0.54416957  0.53120938  0.45796714  0.55736570  0.55736570  0.42394625  0.50596407  0.50596407  0.45796714  0.53120938  0.44644852  0.48156843  0.55736570  0.53120938  0.51847683  0.51847683  0.53120938  0.55736570  0.54416957  0.54416957  0.58450124  0.57080650  0.53120938  0.44644852  0.46967174  0.48156843  0.51847683  0.50596407  0.48156843  0.50596407  0.50596407  0.50596407  0.49366363  0.48156843  0.44644852  0.45796714  0.57080650  0.55736570  0.53120938  0.53120938  0.46967174  0.51847683  0.50596407  0.54416957  0.50596407  0.51847683  0.49366363  0.51847683  0.53120938  0.49366363  0.53120938  0.53120938  0.49366363  0.44644852  0.42394625  0.48156843  0.48156843  0.42394625  0.49366363  0.45796714  0.53120938  0.51847683  0.51847683  0.49366363  0.51847683  0.46967174  0.51847683  0.51847683  0.44644852  0.49366363  0.48156843  0.45796714  0.53120938  0.44644852  0.55736570  0.57080650  0.51847683  0.48156843  0.48156843  0.49366363  0.54416957  0.51847683  0.50596407  0.46967174  0.49366363  0.49366363  0.61269219  0.59845968  0.57080650  0.59845968  0.55736570  0.58450124  0.59845968  0.57080650  0.55736570  0.57080650  0.61269219  0.39145070  0.40212151  0.40212151  0.43511008  0.44644852  0.43511008  
94_0_0     0.64202397  0.58450124  0.59845968  0.61269219  0.57080650  0.59845968  0.44644852  0.36034955  0.40212151  0.30188502  0.30188502  0.27433088  0.28339972  0.29258345  0.05114528  0.00000000  0.00619927  0.10617488  0.12793789  0.12061071  0.34033286  0.36034955  0.35027212  0.39145070  0.46967174  0.44644852  0.43511008  0.39145070  0.37056905  0.43511008  0.41295175  0.42394625  0.44644852  0.46967174  0.49366363  0.51847683  0.53120938  0.54416957  0.51847683  0.50596407  0.51847683  0.57080650  0.48156843  0.50596407  0.42394625  0.54416957  0.55736570  0.42394625  0.42394625  0.43511008  0.41295175  0.38093469  0.38093469  0.48156843  0.48156843  0.48156843  0.49366363  0.48156843  0.49366363  0.50596407  0.46967174  0.46967174  0.46967174  0.46967174  0.48156843  0.46967174  0.50596407  0.55736570  0.48156843  0.50596407  0.45796714  0.46967174  0.48156843  0.45796714  0.44644852  0.49366363  0.51847683  0.48156843  0.50596407  0.44644852  0.49366363  0.51847683  0.53120938  0.51847683  0.58450124  0.50596407  0.50596407  0.46967174  0.67259284  0.67259284  0.59845968  0.58450124  0.54416957  0.54416957  0.51847683  0.54416957  0.51847683  0.58450124  0.57080650  0.55736570  0.57080650  0.64202397  0.55736570  0.49366363  0.51847683  0.49366363  0.44644852  0.58450124  0.58450124  0.45796714  0.51847683  0.49366363  0.44644852  0.49366363  0.43511008  0.46967174  0.54416957  0.54416957  0.53120938  0.53120938  0.57080650  0.54416957  0.58450124  0.55736570  0.59845968  0.58450124  0.54416957  0.43511008  0.45796714  0.49366363  0.50596407  0.54416957  0.51847683  0.51847683  0.51847683  0.51847683  0.50596407  0.51847683  0.50596407  0.49366363  0.61269219  0.57080650  0.57080650  0.57080650  0.45796714  0.50596407  0.49366363  0.53120938  0.49366363  0.50596407  0.48156843  0.51847683  0.51847683  0.49366363  0.51847683  0.53120938  0.49366363  0.45796714  0.42394625  0.54416957  0.54416957  0.45796714  0.53120938  0.49366363  0.57080650  0.53120938  0.53120938  0.45796714  0.55736570  0.48156843  0.54416957  0.51847683  0.43511008  0.48156843  0.46967174  0.44644852  0.49366363  0.43511008  0.57080650  0.58450124  0.53120938  0.46967174  0.48156843  0.49366363  0.57080650  0.54416957  0.54416957  0.50596407  0.50596407  0.50596407  0.57080650  0.58450124  0.55736570  0.58450124  0.57080650  0.57080650  0.58450124  0.55736570  0.54416957  0.55736570  0.59845968  0.42394625  0.41295175  0.41295175  0.44644852  0.45796714  0.46967174  
