20
16_0_0     0.00000000  0.17047511  0.14296335  0.16119145  0.49247350  0.50699137  0.43706991  0.42383828  0.43042479  0.43706991  0.42383828  0.42383828  0.41730935  0.43706991  0.44377470  0.45736762  0.41730935  0.46425801  0.47823250  0.47823250  
6_0_0      0.17047511  0.00000000  0.09924958  0.18462067  0.45054023  0.49247350  0.39174993  0.40442030  0.39805824  0.40442030  0.49247350  0.49247350  0.47823250  0.45054023  0.45736762  0.45054023  0.43042479  0.48531905  0.49969715  0.49969715  
14_0_0     0.14296335  0.09924958  0.00000000  0.15659254  0.45054023  0.49247350  0.38549447  0.38549447  0.37929097  0.38549447  0.42383828  0.42383828  0.40442030  0.41730935  0.42383828  0.45054023  0.43042479  0.47121256  0.48531905  0.48531905  
15_0_0     0.16119145  0.18462067  0.15659254  0.00000000  0.47823250  0.49969715  0.40442030  0.40442030  0.39805824  0.40442030  0.47823250  0.47823250  0.47121256  0.45736762  0.46425801  0.49969715  0.41730935  0.47121256  0.45736762  0.48531905  
17_0_0     0.49247350  0.45054023  0.45054023  0.47823250  0.00000000  0.04205445  0.16581885  0.17516059  0.17987565  0.17516059  0.47121256  0.47121256  0.45736762  0.45054023  0.45736762  0.49247350  0.45054023  0.58414260  0.56806149  0.60057765  
11_0_0     0.50699137  0.49247350  0.49247350  0.49969715  0.04205445  0.00000000  0.16581885  0.18462067  0.17987565  0.17516059  0.47823250  0.47823250  0.46425801  0.46425801  0.47121256  0.52179709  0.45054023  0.58414260  0.56806149  0.60057765  
5_0_0      0.43706991  0.39174993  0.38549447  0.40442030  0.16581885  0.16581885  0.00000000  0.01501993  0.01123653  0.00747220  0.37929097  0.37929097  0.37313858  0.40442030  0.41083702  0.43706991  0.34902373  0.49969715  0.49969715  0.51435753  
10_0_0     0.42383828  0.40442030  0.38549447  0.40442030  0.17516059  0.18462067  0.01501993  0.00000000  0.01123653  0.00747220  0.36703647  0.36703647  0.36098382  0.38549447  0.39174993  0.44377470  0.34902373  0.52179709  0.52179709  0.53690231  
12_0_0     0.43042479  0.39805824  0.37929097  0.39805824  0.17987565  0.17987565  0.01123653  0.01123653  0.00000000  0.00372676  0.36098382  0.36098382  0.35497983  0.39805824  0.40442030  0.44377470  0.33143526  0.49969715  0.49969715  0.51435753  
4_0_0      0.43706991  0.40442030  0.38549447  0.40442030  0.17516059  0.17516059  0.00747220  0.00747220  0.00372676  0.00000000  0.36703647  0.36703647  0.36098382  0.39174993  0.39805824  0.45054023  0.33725217  0.50699137  0.50699137  0.52179709  
9_0_0      0.42383828  0.49247350  0.42383828  0.47823250  0.47121256  0.47823250  0.37929097  0.36703647  0.36098382  0.36703647  0.00000000  0.00000000  0.01882260  0.20880885  0.20880885  0.25967066  0.40442030  0.55231939  0.53690231  0.55231939  
13_0_0     0.42383828  0.49247350  0.42383828  0.47823250  0.47121256  0.47823250  0.37929097  0.36703647  0.36098382  0.36703647  0.00000000  0.00000000  0.01882260  0.20880885  0.20880885  0.25967066  0.40442030  0.55231939  0.53690231  0.55231939  
7_0_0      0.41730935  0.47823250  0.40442030  0.47121256  0.45736762  0.46425801  0.37313858  0.36098382  0.35497983  0.36098382  0.01882260  0.01882260  0.00000000  0.19420213  0.19420213  0.25442573  0.40442030  0.54457106  0.52931150  0.54457106  
18_0_0     0.43706991  0.45054023  0.41730935  0.45736762  0.45054023  0.46425801  0.40442030  0.38549447  0.39805824  0.39174993  0.20880885  0.20880885  0.19420213  0.00000000  0.00372676  0.17987565  0.40442030  0.49969715  0.51435753  0.49969715  
8_0_0      0.44377470  0.45736762  0.42383828  0.46425801  0.45736762  0.47121256  0.41083702  0.39174993  0.40442030  0.39805824  0.20880885  0.20880885  0.19420213  0.00372676  0.00000000  0.18462067  0.41083702  0.50699137  0.52179709  0.50699137  
19_0_0     0.45736762  0.45054023  0.45054023  0.49969715  0.49247350  0.52179709  0.43706991  0.44377470  0.44377470  0.45054023  0.25967066  0.25967066  0.25442573  0.17987565  0.18462067  0.00000000  0.48531905  0.60893283  0.59231491  0.60893283  
20_0_0     0.41730935  0.43042479  0.43042479  0.41730935  0.45054023  0.45054023  0.34902373  0.34902373  0.33143526  0.33725217  0.40442030  0.40442030  0.40442030  0.40442030  0.41083702  0.48531905  0.00000000  0.34311475  0.33725217  0.34311475  
1_0_0      0.46425801  0.48531905  0.47121256  0.47121256  0.58414260  0.58414260  0.49969715  0.52179709  0.49969715  0.50699137  0.55231939  0.55231939  0.54457106  0.49969715  0.50699137  0.60893283  0.34311475  0.00000000  0.01501993  0.00747220  
2_0_0      0.47823250  0.49969715  0.48531905  0.45736762  0.56806149  0.56806149  0.49969715  0.52179709  0.49969715  0.50699137  0.53690231  0.53690231  0.52931150  0.51435753  0.52179709  0.59231491  0.33725217  0.01501993  0.00000000  0.02264473  
3_0_0      0.47823250  0.49969715  0.48531905  0.48531905  0.60057765  0.60057765  0.51435753  0.53690231  0.51435753  0.52179709  0.55231939  0.55231939  0.54457106  0.49969715  0.50699137  0.60893283  0.34311475  0.00747220  0.02264473  0.00000000  

