146
99_0_0     0.00000000  0.01186167  0.01186167  0.03618651  0.03618651  0.32055796  0.26752080  0.20237256  0.47321222  0.47321222  0.46196674  0.49624304  0.49624304  0.54463466  0.50804010  0.53222911  0.43998826  0.43998826  0.43998826  0.47321222  0.48463575  0.45089382  0.54463466  0.45089382  0.47321222  0.49624304  0.52003325  0.50804010  0.43998826  0.43998826  0.40822698  0.43998826  0.40822698  0.45089382  0.45089382  0.47321222  0.47321222  0.46196674  0.46196674  0.42924508  0.42924508  0.47321222  0.47321222  0.53222911  0.49624304  0.54463466  0.57010453  0.47321222  0.49624304  0.68205583  0.57010453  0.63801402  0.55725722  0.59650643  0.55725722  0.61007872  0.57010453  0.57010453  0.59650643  0.61007872  0.57010453  0.48463575  0.49624304  0.59650643  0.57010453  0.61007872  0.61007872  0.61007872  0.61007872  0.65239800  0.63801402  0.57010453  0.65239800  0.57010453  0.46196674  0.42924508  0.41865950  0.45089382  0.43998826  0.52003325  0.54463466  0.57010453  0.49624304  0.46196674  0.49624304  0.50804010  0.47321222  0.47321222  0.47321222  0.48463575  0.49624304  0.62391119  0.59650643  0.61007872  0.57010453  0.54463466  0.55725722  0.47321222  0.53222911  0.54463466  0.54463466  0.61007872  0.54463466  0.57010453  0.61007872  0.45089382  0.45089382  0.42924508  0.34861389  0.34861389  0.50804010  0.57010453  0.37780498  0.41865950  0.43998826  0.49624304  0.55725722  0.47321222  0.46196674  0.41865950  0.46196674  0.47321222  0.43998826  0.46196674  0.48463575  0.52003325  0.50804010  0.58318473  0.54463466  0.50804010  0.57010453  0.50804010  0.50804010  0.52003325  0.52003325  0.41865950  0.42924508  0.41865950  0.41865950  0.43998826  0.48463575  0.49624304  0.47321222  0.54463466  0.42924508  0.43998826  
95_0_0     0.01186167  0.00000000  0.02392159  0.04866352  0.04866352  0.33914019  0.28477030  0.20237256  0.46196674  0.49624304  0.48463575  0.49624304  0.52003325  0.57010453  0.50804010  0.55725722  0.46196674  0.46196674  0.46196674  0.47321222  0.48463575  0.45089382  0.57010453  0.45089382  0.47321222  0.49624304  0.52003325  0.48463575  0.43998826  0.43998826  0.40822698  0.43998826  0.41865950  0.42924508  0.45089382  0.47321222  0.47321222  0.48463575  0.48463575  0.40822698  0.40822698  0.47321222  0.47321222  0.50804010  0.47321222  0.53222911  0.54463466  0.49624304  0.52003325  0.71298510  0.57010453  0.63801402  0.55725722  0.59650643  0.54463466  0.61007872  0.57010453  0.54463466  0.57010453  0.58318473  0.57010453  0.48463575  0.49624304  0.59650643  0.57010453  0.61007872  0.63801402  0.61007872  0.61007872  0.65239800  0.63801402  0.57010453  0.65239800  0.57010453  0.46196674  0.40822698  0.39794314  0.42924508  0.43998826  0.49624304  0.54463466  0.57010453  0.47321222  0.46196674  0.47321222  0.50804010  0.45089382  0.45089382  0.45089382  0.48463575  0.49624304  0.62391119  0.59650643  0.61007872  0.54463466  0.52003325  0.53222911  0.47321222  0.55725722  0.54463466  0.54463466  0.61007872  0.52003325  0.54463466  0.61007872  0.45089382  0.45089382  0.42924508  0.36794282  0.36794282  0.50804010  0.57010453  0.39794314  0.43998826  0.46196674  0.49624304  0.55725722  0.47321222  0.46196674  0.43998826  0.48463575  0.47321222  0.43998826  0.46196674  0.47321222  0.50804010  0.49624304  0.55725722  0.54463466  0.50804010  0.57010453  0.50804010  0.48463575  0.49624304  0.49624304  0.41865950  0.42924508  0.41865950  0.41865950  0.43998826  0.48463575  0.49624304  0.47321222  0.52003325  0.42924508  0.43998826  
96_0_0     0.01186167  0.02392159  0.00000000  0.03618651  0.03618651  0.32055796  0.26752080  0.21811652  0.49624304  0.47321222  0.46196674  0.49624304  0.49624304  0.57010453  0.53222911  0.53222911  0.46196674  0.46196674  0.46196674  0.47321222  0.48463575  0.45089382  0.54463466  0.45089382  0.47321222  0.47321222  0.52003325  0.48463575  0.41865950  0.41865950  0.42924508  0.43998826  0.40822698  0.45089382  0.45089382  0.47321222  0.47321222  0.43998826  0.43998826  0.42924508  0.42924508  0.47321222  0.47321222  0.50804010  0.47321222  0.54463466  0.54463466  0.45089382  0.52003325  0.66707455  0.59650643  0.66707455  0.58318473  0.59650643  0.55725722  0.63801402  0.59650643  0.57010453  0.59650643  0.61007872  0.54463466  0.48463575  0.49624304  0.59650643  0.57010453  0.63801402  0.61007872  0.61007872  0.61007872  0.65239800  0.63801402  0.57010453  0.66707455  0.57010453  0.48463575  0.45089382  0.43998826  0.47321222  0.46196674  0.54463466  0.54463466  0.58318473  0.52003325  0.48463575  0.52003325  0.53222911  0.49624304  0.49624304  0.47321222  0.49624304  0.50804010  0.62391119  0.59650643  0.63801402  0.57010453  0.57010453  0.58318473  0.49624304  0.53222911  0.54463466  0.54463466  0.61007872  0.52003325  0.54463466  0.58318473  0.43998826  0.45089382  0.42924508  0.34861389  0.34861389  0.50804010  0.57010453  0.38780381  0.42924508  0.45089382  0.48463575  0.57010453  0.48463575  0.47321222  0.42924508  0.47321222  0.48463575  0.45089382  0.47321222  0.49624304  0.53222911  0.52003325  0.59650643  0.55725722  0.52003325  0.58318473  0.52003325  0.52003325  0.53222911  0.53222911  0.42924508  0.43998826  0.42924508  0.42924508  0.45089382  0.49624304  0.50804010  0.48463575  0.55725722  0.45089382  0.46196674  
98_0_0     0.03618651  0.04866352  0.03618651  0.00000000  0.00000000  0.35821364  0.26752080  0.23421167  0.49624304  0.49624304  0.48463575  0.52003325  0.52003325  0.57010453  0.53222911  0.50804010  0.48463575  0.48463575  0.48463575  0.47321222  0.48463575  0.45089382  0.59650643  0.52003325  0.52003325  0.52003325  0.57010453  0.53222911  0.46196674  0.46196674  0.45089382  0.46196674  0.40822698  0.47321222  0.47321222  0.49624304  0.49624304  0.48463575  0.48463575  0.42924508  0.42924508  0.49624304  0.52003325  0.53222911  0.49624304  0.57010453  0.59650643  0.49624304  0.52003325  0.71298510  0.62391119  0.66707455  0.58318473  0.57010453  0.58318473  0.65239800  0.59650643  0.57010453  0.59650643  0.61007872  0.57010453  0.48463575  0.49624304  0.62391119  0.59650643  0.61007872  0.59650643  0.58318473  0.58318473  0.62391119  0.63801402  0.57010453  0.63801402  0.57010453  0.49624304  0.46196674  0.45089382  0.48463575  0.47321222  0.55725722  0.53222911  0.57010453  0.55725722  0.52003325  0.53222911  0.54463466  0.49624304  0.49624304  0.47321222  0.49624304  0.50804010  0.62391119  0.62391119  0.63801402  0.57010453  0.57010453  0.58318473  0.49624304  0.53222911  0.52003325  0.54463466  0.61007872  0.57010453  0.59650643  0.63801402  0.48463575  0.49624304  0.45089382  0.32978926  0.32978926  0.55725722  0.62391119  0.38780381  0.42924508  0.45089382  0.50804010  0.57010453  0.50804010  0.49624304  0.45089382  0.49624304  0.48463575  0.47321222  0.49624304  0.50804010  0.54463466  0.53222911  0.59650643  0.55725722  0.52003325  0.58318473  0.52003325  0.52003325  0.53222911  0.53222911  0.45089382  0.46196674  0.42924508  0.42924508  0.45089382  0.49624304  0.50804010  0.48463575  0.61007872  0.49624304  0.50804010  
94_0_0     0.03618651  0.04866352  0.03618651  0.00000000  0.00000000  0.35821364  0.26752080  0.23421167  0.49624304  0.49624304  0.48463575  0.52003325  0.52003325  0.57010453  0.53222911  0.50804010  0.48463575  0.48463575  0.48463575  0.47321222  0.48463575  0.45089382  0.59650643  0.52003325  0.52003325  0.52003325  0.57010453  0.53222911  0.46196674  0.46196674  0.45089382  0.46196674  0.40822698  0.47321222  0.47321222  0.49624304  0.49624304  0.48463575  0.48463575  0.42924508  0.42924508  0.49624304  0.52003325  0.53222911  0.49624304  0.57010453  0.59650643  0.49624304  0.52003325  0.71298510  0.62391119  0.66707455  0.58318473  0.57010453  0.58318473  0.65239800  0.59650643  0.57010453  0.59650643  0.61007872  0.57010453  0.48463575  0.49624304  0.62391119  0.59650643  0.61007872  0.59650643  0.58318473  0.58318473  0.62391119  0.63801402  0.57010453  0.63801402  0.57010453  0.49624304  0.46196674  0.45089382  0.48463575  0.47321222  0.55725722  0.53222911  0.57010453  0.55725722  0.52003325  0.53222911  0.54463466  0.49624304  0.49624304  0.47321222  0.49624304  0.50804010  0.62391119  0.62391119  0.63801402  0.57010453  0.57010453  0.58318473  0.49624304  0.53222911  0.52003325  0.54463466  0.61007872  0.57010453  0.59650643  0.63801402  0.48463575  0.49624304  0.45089382  0.32978926  0.32978926  0.55725722  0.62391119  0.38780381  0.42924508  0.45089382  0.50804010  0.57010453  0.50804010  0.49624304  0.45089382  0.49624304  0.48463575  0.47321222  0.49624304  0.50804010  0.54463466  0.53222911  0.59650643  0.55725722  0.52003325  0.58318473  0.52003325  0.52003325  0.53222911  0.53222911  0.45089382  0.46196674  0.42924508  0.42924508  0.45089382  0.49624304  0.50804010  0.48463575  0.61007872  0.49624304  0.50804010  
93_0_0     0.32055796  0.33914019  0.32055796  0.35821364  0.35821364  0.00000000  0.32978926  0.40822698  0.54463466  0.50804010  0.49624304  0.53222911  0.52003325  0.49624304  0.50804010  0.53222911  0.47321222  0.48463575  0.47321222  0.66707455  0.65239800  0.63801402  0.59650643  0.50804010  0.53222911  0.55725722  0.57010453  0.59650643  0.54463466  0.62391119  0.58318473  0.59650643  0.58318473  0.63801402  0.62391119  0.62391119  0.62391119  0.61007872  0.59650643  0.57010453  0.57010453  0.55725722  0.63801402  0.59650643  0.59650643  0.49624304  0.50804010  0.53222911  0.48463575  0.53222911  0.53222911  0.57010453  0.57010453  0.66707455  0.62391119  0.61007872  0.61007872  0.59650643  0.65239800  0.58318473  0.55725722  0.54463466  0.55725722  0.55725722  0.49624304  0.62391119  0.63801402  0.58318473  0.58318473  0.63801402  0.57010453  0.63801402  0.63801402  0.55725722  0.47321222  0.46196674  0.52003325  0.48463575  0.47321222  0.54463466  0.55725722  0.61007872  0.54463466  0.52003325  0.53222911  0.49624304  0.57010453  0.57010453  0.59650643  0.57010453  0.58318473  0.59650643  0.57010453  0.62391119  0.71298510  0.68205583  0.66707455  0.68205583  0.63801402  0.72896154  0.71298510  0.65239800  0.55725722  0.54463466  0.52003325  0.54463466  0.54463466  0.48463575  0.48463575  0.48463575  0.59650643  0.62391119  0.50804010  0.50804010  0.53222911  0.62391119  0.63801402  0.49624304  0.48463575  0.53222911  0.50804010  0.49624304  0.55725722  0.58318473  0.68205583  0.71298510  0.69735476  0.55725722  0.54463466  0.58318473  0.59650643  0.58318473  0.53222911  0.54463466  0.54463466  0.50804010  0.52003325  0.63801402  0.63801402  0.63801402  0.62391119  0.63801402  0.57010453  0.62391119  0.61007872  0.61007872  
93_27_0    0.26752080  0.28477030  0.26752080  0.26752080  0.26752080  0.32978926  0.00000000  0.22611922  0.46196674  0.46196674  0.46196674  0.45089382  0.45089382  0.52003325  0.50804010  0.40822698  0.47321222  0.49624304  0.47321222  0.54463466  0.50804010  0.46196674  0.63801402  0.52003325  0.55725722  0.53222911  0.54463466  0.46196674  0.46196674  0.52003325  0.47321222  0.46196674  0.43998826  0.54463466  0.45089382  0.45089382  0.45089382  0.46196674  0.48463575  0.39794314  0.39794314  0.38780381  0.54463466  0.49624304  0.48463575  0.52003325  0.57010453  0.53222911  0.49624304  0.68205583  0.57010453  0.55725722  0.55725722  0.47321222  0.55725722  0.57010453  0.57010453  0.58318473  0.58318473  0.54463466  0.55725722  0.49624304  0.48463575  0.52003325  0.58318473  0.50804010  0.58318473  0.49624304  0.50804010  0.58318473  0.57010453  0.55725722  0.49624304  0.55725722  0.50804010  0.54463466  0.54463466  0.57010453  0.55725722  0.57010453  0.57010453  0.63801402  0.59650643  0.53222911  0.53222911  0.50804010  0.53222911  0.55725722  0.55725722  0.57010453  0.58318473  0.61007872  0.61007872  0.66707455  0.68205583  0.68205583  0.66707455  0.63801402  0.61007872  0.62391119  0.65239800  0.69735476  0.61007872  0.61007872  0.57010453  0.50804010  0.52003325  0.52003325  0.46196674  0.46196674  0.52003325  0.47321222  0.45089382  0.42924508  0.42924508  0.59650643  0.59650643  0.50804010  0.49624304  0.45089382  0.48463575  0.50804010  0.49624304  0.52003325  0.57010453  0.58318473  0.57010453  0.54463466  0.54463466  0.55725722  0.53222911  0.50804010  0.53222911  0.54463466  0.52003325  0.49624304  0.48463575  0.57010453  0.57010453  0.59650643  0.62391119  0.54463466  0.53222911  0.55725722  0.58318473  0.57010453  
100_0_0    0.20237256  0.20237256  0.21811652  0.23421167  0.23421167  0.40822698  0.22611922  0.00000000  0.37780498  0.46196674  0.45089382  0.43998826  0.43998826  0.55725722  0.52003325  0.47321222  0.40822698  0.42924508  0.40822698  0.48463575  0.43998826  0.40822698  0.50804010  0.41865950  0.38780381  0.40822698  0.36794282  0.41865950  0.41865950  0.37780498  0.36794282  0.35821364  0.35821364  0.38780381  0.36794282  0.34861389  0.34861389  0.33914019  0.35821364  0.29355219  0.29355219  0.32978926  0.40822698  0.37780498  0.32978926  0.50804010  0.49624304  0.38780381  0.38780381  0.52003325  0.40822698  0.41865950  0.39794314  0.42924508  0.47321222  0.39794314  0.42924508  0.45089382  0.46196674  0.46196674  0.42924508  0.35821364  0.36794282  0.41865950  0.48463575  0.43998826  0.54463466  0.36794282  0.36794282  0.45089382  0.42924508  0.42924508  0.38780381  0.45089382  0.46196674  0.45089382  0.43998826  0.45089382  0.46196674  0.57010453  0.59650643  0.62391119  0.52003325  0.53222911  0.49624304  0.50804010  0.38780381  0.38780381  0.38780381  0.43998826  0.45089382  0.55725722  0.54463466  0.63801402  0.50804010  0.48463575  0.49624304  0.50804010  0.49624304  0.52003325  0.55725722  0.61007872  0.52003325  0.52003325  0.53222911  0.49624304  0.47321222  0.49624304  0.41865950  0.41865950  0.53222911  0.49624304  0.33914019  0.32055796  0.32055796  0.49624304  0.54463466  0.41865950  0.42924508  0.42924508  0.47321222  0.41865950  0.35821364  0.41865950  0.52003325  0.48463575  0.49624304  0.47321222  0.48463575  0.42924508  0.46196674  0.41865950  0.46196674  0.47321222  0.49624304  0.41865950  0.38780381  0.41865950  0.41865950  0.39794314  0.43998826  0.49624304  0.45089382  0.45089382  0.49624304  0.48463575  
77_1_0     0.47321222  0.46196674  0.49624304  0.49624304  0.49624304  0.54463466  0.46196674  0.37780498  0.00000000  0.27609401  0.28477030  0.27609401  0.29355219  0.38780381  0.35821364  0.25067405  0.39794314  0.39794314  0.39794314  0.40822698  0.43998826  0.40822698  0.41865950  0.38780381  0.37780498  0.42924508  0.42924508  0.39794314  0.37780498  0.39794314  0.38780381  0.39794314  0.39794314  0.39794314  0.38780381  0.37780498  0.37780498  0.40822698  0.40822698  0.37780498  0.37780498  0.38780381  0.43998826  0.40822698  0.35821364  0.53222911  0.42924508  0.43998826  0.45089382  0.57010453  0.43998826  0.41865950  0.45089382  0.42924508  0.57010453  0.47321222  0.49624304  0.59650643  0.65239800  0.53222911  0.59650643  0.55725722  0.57010453  0.46196674  0.45089382  0.53222911  0.45089382  0.38780381  0.40822698  0.42924508  0.41865950  0.46196674  0.43998826  0.57010453  0.58318473  0.50804010  0.57010453  0.57010453  0.58318473  0.61007872  0.59650643  0.57010453  0.57010453  0.58318473  0.55725722  0.55725722  0.42924508  0.42924508  0.42924508  0.43998826  0.42924508  0.46196674  0.45089382  0.53222911  0.57010453  0.49624304  0.48463575  0.53222911  0.57010453  0.62391119  0.59650643  0.53222911  0.55725722  0.53222911  0.55725722  0.48463575  0.50804010  0.41865950  0.48463575  0.48463575  0.43998826  0.48463575  0.42924508  0.40822698  0.36794282  0.46196674  0.59650643  0.46196674  0.47321222  0.50804010  0.50804010  0.49624304  0.43998826  0.54463466  0.50804010  0.53222911  0.54463466  0.39794314  0.43998826  0.41865950  0.47321222  0.41865950  0.49624304  0.50804010  0.50804010  0.48463575  0.47321222  0.48463575  0.48463575  0.46196674  0.42924508  0.43998826  0.45089382  0.42924508  0.45089382  0.46196674  
60_1_0     0.47321222  0.49624304  0.47321222  0.49624304  0.49624304  0.50804010  0.46196674  0.46196674  0.27609401  0.00000000  0.01186167  0.06779312  0.04866352  0.27609401  0.28477030  0.17938256  0.48463575  0.52003325  0.49624304  0.54463466  0.53222911  0.49624304  0.49624304  0.47321222  0.42924508  0.40822698  0.49624304  0.39794314  0.39794314  0.37780498  0.40822698  0.43998826  0.45089382  0.46196674  0.40822698  0.42924508  0.42924508  0.42924508  0.42924508  0.48463575  0.48463575  0.47321222  0.54463466  0.41865950  0.46196674  0.53222911  0.45089382  0.43998826  0.48463575  0.61007872  0.47321222  0.48463575  0.45089382  0.48463575  0.55725722  0.54463466  0.54463466  0.59650643  0.63801402  0.53222911  0.55725722  0.53222911  0.54463466  0.48463575  0.41865950  0.55725722  0.40822698  0.43998826  0.46196674  0.49624304  0.43998826  0.55725722  0.52003325  0.53222911  0.54463466  0.49624304  0.50804010  0.48463575  0.47321222  0.62391119  0.50804010  0.55725722  0.58318473  0.59650643  0.54463466  0.58318473  0.47321222  0.47321222  0.45089382  0.43998826  0.42924508  0.50804010  0.45089382  0.59650643  0.61007872  0.55725722  0.54463466  0.62391119  0.58318473  0.61007872  0.59650643  0.57010453  0.54463466  0.59650643  0.55725722  0.50804010  0.58318473  0.52003325  0.52003325  0.52003325  0.49624304  0.54463466  0.42924508  0.40822698  0.42924508  0.46196674  0.58318473  0.45089382  0.43998826  0.46196674  0.46196674  0.49624304  0.49624304  0.54463466  0.65239800  0.62391119  0.63801402  0.43998826  0.45089382  0.47321222  0.50804010  0.49624304  0.46196674  0.47321222  0.47321222  0.37780498  0.35821364  0.46196674  0.46196674  0.43998826  0.45089382  0.41865950  0.39794314  0.43998826  0.43998826  0.45089382  
28_1_0     0.46196674  0.48463575  0.46196674  0.48463575  0.48463575  0.49624304  0.46196674  0.45089382  0.28477030  0.01186167  0.00000000  0.06779312  0.06136007  0.29355219  0.29355219  0.19462755  0.47321222  0.50804010  0.48463575  0.53222911  0.52003325  0.48463575  0.50804010  0.46196674  0.41865950  0.39794314  0.48463575  0.39794314  0.38780381  0.36794282  0.39794314  0.42924508  0.43998826  0.45089382  0.39794314  0.41865950  0.41865950  0.41865950  0.41865950  0.47321222  0.47321222  0.46196674  0.54463466  0.40822698  0.45089382  0.53222911  0.46196674  0.43998826  0.50804010  0.63801402  0.48463575  0.49624304  0.46196674  0.49624304  0.57010453  0.55725722  0.55725722  0.62391119  0.66707455  0.55725722  0.58318473  0.55725722  0.57010453  0.49624304  0.40822698  0.58318473  0.42924508  0.45089382  0.47321222  0.50804010  0.45089382  0.57010453  0.53222911  0.54463466  0.54463466  0.48463575  0.50804010  0.48463575  0.47321222  0.63801402  0.52003325  0.57010453  0.59650643  0.58318473  0.54463466  0.58318473  0.46196674  0.46196674  0.43998826  0.45089382  0.43998826  0.50804010  0.45089382  0.62391119  0.62391119  0.57010453  0.55725722  0.65239800  0.58318473  0.61007872  0.59650643  0.58318473  0.53222911  0.58318473  0.54463466  0.49624304  0.57010453  0.50804010  0.50804010  0.50804010  0.52003325  0.54463466  0.41865950  0.39794314  0.41865950  0.47321222  0.57010453  0.43998826  0.42924508  0.45089382  0.45089382  0.48463575  0.48463575  0.53222911  0.68205583  0.65239800  0.66707455  0.42924508  0.43998826  0.46196674  0.49624304  0.48463575  0.45089382  0.46196674  0.46196674  0.36794282  0.34861389  0.45089382  0.45089382  0.42924508  0.43998826  0.43998826  0.39794314  0.43998826  0.45089382  0.46196674  
37_1_0     0.49624304  0.49624304  0.49624304  0.52003325  0.52003325  0.53222911  0.45089382  0.43998826  0.27609401  0.06779312  0.06779312  0.00000000  0.03002799  0.25067405  0.24239591  0.18696480  0.47321222  0.50804010  0.48463575  0.48463575  0.47321222  0.46196674  0.53222911  0.50804010  0.38780381  0.36794282  0.47321222  0.33914019  0.37780498  0.37780498  0.38780381  0.41865950  0.42924508  0.41865950  0.38780381  0.40822698  0.40822698  0.40822698  0.40822698  0.43998826  0.43998826  0.45089382  0.52003325  0.37780498  0.41865950  0.49624304  0.42924508  0.46196674  0.48463575  0.54463466  0.45089382  0.48463575  0.45089382  0.46196674  0.54463466  0.53222911  0.54463466  0.54463466  0.57010453  0.48463575  0.53222911  0.50804010  0.52003325  0.46196674  0.39794314  0.55725722  0.46196674  0.43998826  0.46196674  0.50804010  0.46196674  0.55725722  0.49624304  0.53222911  0.55725722  0.50804010  0.49624304  0.49624304  0.50804010  0.58318473  0.52003325  0.54463466  0.57010453  0.55725722  0.50804010  0.57010453  0.40822698  0.40822698  0.38780381  0.41865950  0.40822698  0.46196674  0.42924508  0.66707455  0.57010453  0.52003325  0.50804010  0.62391119  0.55725722  0.61007872  0.57010453  0.57010453  0.52003325  0.57010453  0.53222911  0.50804010  0.58318473  0.49624304  0.54463466  0.54463466  0.52003325  0.52003325  0.40822698  0.38780381  0.38780381  0.48463575  0.57010453  0.45089382  0.43998826  0.43998826  0.46196674  0.47321222  0.42924508  0.49624304  0.63801402  0.63801402  0.65239800  0.41865950  0.45089382  0.45089382  0.48463575  0.49624304  0.41865950  0.42924508  0.40822698  0.37780498  0.35821364  0.46196674  0.46196674  0.43998826  0.42924508  0.48463575  0.41865950  0.41865950  0.43998826  0.45089382  
6_1_0      0.49624304  0.52003325  0.49624304  0.52003325  0.52003325  0.52003325  0.45089382  0.43998826  0.29355219  0.04866352  0.06136007  0.03002799  0.00000000  0.22611922  0.23421167  0.14982611  0.47321222  0.50804010  0.48463575  0.52003325  0.50804010  0.47321222  0.53222911  0.48463575  0.40822698  0.38780381  0.47321222  0.37780498  0.39794314  0.37780498  0.40822698  0.43998826  0.42924508  0.46196674  0.40822698  0.42924508  0.42924508  0.40822698  0.42924508  0.46196674  0.46196674  0.45089382  0.52003325  0.41865950  0.43998826  0.50804010  0.40822698  0.43998826  0.46196674  0.52003325  0.42924508  0.46196674  0.42924508  0.43998826  0.53222911  0.50804010  0.52003325  0.57010453  0.57010453  0.50804010  0.50804010  0.48463575  0.49624304  0.43998826  0.39794314  0.53222911  0.41865950  0.43998826  0.43998826  0.46196674  0.43998826  0.53222911  0.49624304  0.50804010  0.53222911  0.50804010  0.49624304  0.49624304  0.48463575  0.58318473  0.52003325  0.57010453  0.59650643  0.61007872  0.53222911  0.57010453  0.42924508  0.42924508  0.40822698  0.41865950  0.40822698  0.46196674  0.42924508  0.61007872  0.55725722  0.50804010  0.49624304  0.57010453  0.53222911  0.58318473  0.54463466  0.57010453  0.52003325  0.57010453  0.53222911  0.48463575  0.55725722  0.49624304  0.52003325  0.52003325  0.49624304  0.49624304  0.38780381  0.36794282  0.38780381  0.46196674  0.59650643  0.45089382  0.43998826  0.43998826  0.48463575  0.47321222  0.42924508  0.49624304  0.66707455  0.61007872  0.62391119  0.43998826  0.45089382  0.45089382  0.46196674  0.47321222  0.41865950  0.42924508  0.42924508  0.35821364  0.33914019  0.46196674  0.46196674  0.43998826  0.45089382  0.46196674  0.39794314  0.46196674  0.43998826  0.42924508  
10_1_0     0.54463466  0.57010453  0.57010453  0.57010453  0.57010453  0.49624304  0.52003325  0.55725722  0.38780381  0.27609401  0.29355219  0.25067405  0.22611922  0.00000000  0.04866352  0.21811652  0.45089382  0.48463575  0.46196674  0.59650643  0.58318473  0.59650643  0.57010453  0.53222911  0.45089382  0.49624304  0.47321222  0.46196674  0.46196674  0.46196674  0.49624304  0.50804010  0.54463466  0.53222911  0.48463575  0.48463575  0.48463575  0.46196674  0.50804010  0.46196674  0.46196674  0.45089382  0.62391119  0.59650643  0.48463575  0.52003325  0.59650643  0.48463575  0.45089382  0.55725722  0.48463575  0.54463466  0.49624304  0.57010453  0.54463466  0.53222911  0.54463466  0.59650643  0.59650643  0.58318473  0.59650643  0.50804010  0.49624304  0.48463575  0.48463575  0.58318473  0.50804010  0.48463575  0.48463575  0.49624304  0.48463575  0.58318473  0.50804010  0.48463575  0.48463575  0.48463575  0.47321222  0.49624304  0.48463575  0.49624304  0.48463575  0.49624304  0.57010453  0.55725722  0.45089382  0.49624304  0.49624304  0.47321222  0.49624304  0.48463575  0.47321222  0.47321222  0.47321222  0.58318473  0.57010453  0.46196674  0.45089382  0.52003325  0.53222911  0.61007872  0.59650643  0.46196674  0.49624304  0.49624304  0.46196674  0.55725722  0.57010453  0.50804010  0.50804010  0.50804010  0.50804010  0.48463575  0.45089382  0.42924508  0.42924508  0.48463575  0.50804010  0.47321222  0.46196674  0.43998826  0.53222911  0.49624304  0.50804010  0.50804010  0.61007872  0.61007872  0.62391119  0.55725722  0.52003325  0.48463575  0.47321222  0.46196674  0.43998826  0.45089382  0.45089382  0.48463575  0.43998826  0.52003325  0.52003325  0.52003325  0.49624304  0.52003325  0.47321222  0.47321222  0.55725722  0.54463466  
14_1_0     0.50804010  0.50804010  0.53222911  0.53222911  0.53222911  0.50804010  0.50804010  0.52003325  0.35821364  0.28477030  0.29355219  0.24239591  0.23421167  0.04866352  0.00000000  0.19462755  0.43998826  0.47321222  0.45089382  0.55725722  0.54463466  0.53222911  0.52003325  0.52003325  0.46196674  0.50804010  0.48463575  0.45089382  0.45089382  0.45089382  0.48463575  0.49624304  0.53222911  0.52003325  0.47321222  0.47321222  0.47321222  0.45089382  0.49624304  0.42924508  0.42924508  0.43998826  0.61007872  0.55725722  0.45089382  0.49624304  0.50804010  0.47321222  0.46196674  0.55725722  0.47321222  0.53222911  0.48463575  0.53222911  0.50804010  0.52003325  0.55725722  0.55725722  0.55725722  0.54463466  0.58318473  0.49624304  0.48463575  0.45089382  0.47321222  0.57010453  0.55725722  0.47321222  0.47321222  0.48463575  0.47321222  0.54463466  0.49624304  0.47321222  0.49624304  0.42924508  0.43998826  0.46196674  0.47321222  0.43998826  0.42924508  0.43998826  0.50804010  0.49624304  0.43998826  0.50804010  0.43998826  0.41865950  0.43998826  0.42924508  0.41865950  0.46196674  0.48463575  0.59650643  0.57010453  0.46196674  0.45089382  0.53222911  0.54463466  0.62391119  0.61007872  0.42924508  0.50804010  0.50804010  0.47321222  0.49624304  0.50804010  0.45089382  0.46196674  0.46196674  0.49624304  0.47321222  0.43998826  0.41865950  0.41865950  0.45089382  0.50804010  0.41865950  0.40822698  0.40822698  0.49624304  0.46196674  0.42924508  0.45089382  0.59650643  0.59650643  0.61007872  0.52003325  0.50804010  0.47321222  0.46196674  0.42924508  0.40822698  0.41865950  0.41865950  0.42924508  0.40822698  0.48463575  0.48463575  0.50804010  0.42924508  0.50804010  0.46196674  0.45089382  0.52003325  0.50804010  
83_1_0     0.53222911  0.55725722  0.53222911  0.50804010  0.50804010  0.53222911  0.40822698  0.47321222  0.25067405  0.17938256  0.19462755  0.18696480  0.14982611  0.21811652  0.19462755  0.00000000  0.42924508  0.43998826  0.43998826  0.54463466  0.55725722  0.45089382  0.54463466  0.48463575  0.43998826  0.48463575  0.50804010  0.45089382  0.45089382  0.45089382  0.50804010  0.47321222  0.47321222  0.49624304  0.43998826  0.43998826  0.43998826  0.45089382  0.47321222  0.42924508  0.42924508  0.43998826  0.52003325  0.46196674  0.45089382  0.55725722  0.41865950  0.42924508  0.46196674  0.54463466  0.48463575  0.47321222  0.45089382  0.40822698  0.55725722  0.50804010  0.54463466  0.54463466  0.57010453  0.48463575  0.49624304  0.46196674  0.47321222  0.43998826  0.48463575  0.46196674  0.50804010  0.39794314  0.41865950  0.41865950  0.41865950  0.48463575  0.45089382  0.43998826  0.48463575  0.43998826  0.42924508  0.47321222  0.46196674  0.55725722  0.47321222  0.49624304  0.53222911  0.59650643  0.55725722  0.52003325  0.48463575  0.48463575  0.46196674  0.45089382  0.43998826  0.52003325  0.50804010  0.54463466  0.52003325  0.46196674  0.45089382  0.58318473  0.54463466  0.62391119  0.59650643  0.54463466  0.52003325  0.54463466  0.48463575  0.40822698  0.49624304  0.41865950  0.45089382  0.45089382  0.52003325  0.52003325  0.48463575  0.41865950  0.43998826  0.46196674  0.59650643  0.46196674  0.45089382  0.45089382  0.52003325  0.48463575  0.47321222  0.54463466  0.68205583  0.59650643  0.61007872  0.45089382  0.43998826  0.45089382  0.46196674  0.40822698  0.49624304  0.50804010  0.53222911  0.42924508  0.42924508  0.53222911  0.53222911  0.53222911  0.52003325  0.48463575  0.43998826  0.53222911  0.54463466  0.53222911  
60_0_0     0.43998826  0.46196674  0.46196674  0.48463575  0.48463575  0.47321222  0.47321222  0.40822698  0.39794314  0.48463575  0.47321222  0.47321222  0.47321222  0.45089382  0.43998826  0.42924508  0.00000000  0.01786644  0.00590646  0.18696480  0.17187918  0.21811652  0.20237256  0.10764448  0.36794282  0.35821364  0.32055796  0.33914019  0.34861389  0.34861389  0.32978926  0.34861389  0.37780498  0.36794282  0.32055796  0.32055796  0.32055796  0.29355219  0.29355219  0.32978926  0.32978926  0.35821364  0.41865950  0.35821364  0.32978926  0.43998826  0.40822698  0.42924508  0.47321222  0.45089382  0.40822698  0.38780381  0.41865950  0.43998826  0.54463466  0.34861389  0.43998826  0.52003325  0.47321222  0.50804010  0.50804010  0.46196674  0.47321222  0.39794314  0.37780498  0.42924508  0.43998826  0.38780381  0.37780498  0.43998826  0.42924508  0.48463575  0.42924508  0.53222911  0.45089382  0.50804010  0.49624304  0.45089382  0.43998826  0.45089382  0.50804010  0.53222911  0.48463575  0.49624304  0.49624304  0.45089382  0.33914019  0.35821364  0.37780498  0.40822698  0.39794314  0.47321222  0.36794282  0.53222911  0.49624304  0.43998826  0.45089382  0.50804010  0.52003325  0.57010453  0.57010453  0.49624304  0.46196674  0.43998826  0.45089382  0.45089382  0.42924508  0.42924508  0.42924508  0.42924508  0.50804010  0.45089382  0.38780381  0.34861389  0.34861389  0.50804010  0.49624304  0.46196674  0.45089382  0.39794314  0.46196674  0.43998826  0.41865950  0.43998826  0.55725722  0.52003325  0.53222911  0.39794314  0.37780498  0.40822698  0.37780498  0.40822698  0.42924508  0.42924508  0.41865950  0.39794314  0.36794282  0.47321222  0.47321222  0.45089382  0.49624304  0.46196674  0.41865950  0.42924508  0.39794314  0.38780381  
28_0_0     0.43998826  0.46196674  0.46196674  0.48463575  0.48463575  0.48463575  0.49624304  0.42924508  0.39794314  0.52003325  0.50804010  0.50804010  0.50804010  0.48463575  0.47321222  0.43998826  0.01786644  0.00000000  0.01186167  0.17938256  0.17938256  0.22611922  0.22611922  0.11450572  0.37780498  0.36794282  0.32978926  0.34861389  0.35821364  0.35821364  0.33914019  0.35821364  0.38780381  0.35821364  0.32978926  0.34861389  0.34861389  0.30244228  0.30244228  0.33914019  0.33914019  0.36794282  0.42924508  0.38780381  0.33914019  0.45089382  0.41865950  0.42924508  0.48463575  0.48463575  0.43998826  0.41865950  0.45089382  0.47321222  0.58318473  0.37780498  0.47321222  0.55725722  0.50804010  0.54463466  0.54463466  0.49624304  0.50804010  0.42924508  0.40822698  0.41865950  0.42924508  0.41865950  0.40822698  0.47321222  0.46196674  0.49624304  0.43998826  0.54463466  0.48463575  0.52003325  0.50804010  0.48463575  0.47321222  0.46196674  0.52003325  0.52003325  0.52003325  0.53222911  0.53222911  0.48463575  0.34861389  0.36794282  0.38780381  0.41865950  0.40822698  0.48463575  0.39794314  0.52003325  0.46196674  0.42924508  0.43998826  0.47321222  0.50804010  0.55725722  0.55725722  0.50804010  0.49624304  0.46196674  0.48463575  0.46196674  0.43998826  0.43998826  0.43998826  0.43998826  0.52003325  0.48463575  0.41865950  0.37780498  0.37780498  0.54463466  0.50804010  0.47321222  0.46196674  0.40822698  0.45089382  0.45089382  0.42924508  0.45089382  0.54463466  0.50804010  0.52003325  0.40822698  0.38780381  0.43998826  0.40822698  0.43998826  0.43998826  0.43998826  0.42924508  0.38780381  0.39794314  0.48463575  0.48463575  0.46196674  0.50804010  0.47321222  0.43998826  0.43998826  0.40822698  0.39794314  
28_4_0     0.43998826  0.46196674  0.46196674  0.48463575  0.48463575  0.47321222  0.47321222  0.40822698  0.39794314  0.49624304  0.48463575  0.48463575  0.48463575  0.46196674  0.45089382  0.43998826  0.00590646  0.01186167  0.00000000  0.17938256  0.16445301  0.21020160  0.21020160  0.10084786  0.35821364  0.34861389  0.31144327  0.32978926  0.33914019  0.33914019  0.32055796  0.33914019  0.36794282  0.35821364  0.31144327  0.32978926  0.32978926  0.28477030  0.28477030  0.32055796  0.32055796  0.34861389  0.40822698  0.36794282  0.32055796  0.42924508  0.39794314  0.41865950  0.46196674  0.46196674  0.41865950  0.39794314  0.42924508  0.45089382  0.55725722  0.35821364  0.45089382  0.53222911  0.48463575  0.52003325  0.52003325  0.47321222  0.48463575  0.40822698  0.38780381  0.41865950  0.42924508  0.39794314  0.38780381  0.45089382  0.43998826  0.49624304  0.41865950  0.52003325  0.46196674  0.52003325  0.50804010  0.46196674  0.45089382  0.43998826  0.49624304  0.52003325  0.49624304  0.50804010  0.50804010  0.46196674  0.32978926  0.34861389  0.36794282  0.39794314  0.38780381  0.46196674  0.37780498  0.52003325  0.48463575  0.45089382  0.46196674  0.49624304  0.50804010  0.55725722  0.55725722  0.48463575  0.47321222  0.45089382  0.46196674  0.46196674  0.43998826  0.43998826  0.43998826  0.43998826  0.49624304  0.46196674  0.39794314  0.35821364  0.35821364  0.52003325  0.48463575  0.47321222  0.46196674  0.40822698  0.45089382  0.45089382  0.42924508  0.45089382  0.54463466  0.50804010  0.52003325  0.38780381  0.36794282  0.41865950  0.38780381  0.41865950  0.41865950  0.41865950  0.40822698  0.38780381  0.37780498  0.48463575  0.48463575  0.46196674  0.48463575  0.45089382  0.41865950  0.41865950  0.38780381  0.37780498  
10_3_0     0.47321222  0.47321222  0.47321222  0.47321222  0.47321222  0.66707455  0.54463466  0.48463575  0.40822698  0.54463466  0.53222911  0.48463575  0.52003325  0.59650643  0.55725722  0.54463466  0.18696480  0.17938256  0.17938256  0.00000000  0.03618651  0.12143284  0.32055796  0.23421167  0.49624304  0.46196674  0.50804010  0.45089382  0.47321222  0.47321222  0.43998826  0.43998826  0.47321222  0.43998826  0.45089382  0.42924508  0.42924508  0.42924508  0.41865950  0.40822698  0.40822698  0.41865950  0.52003325  0.45089382  0.45089382  0.45089382  0.43998826  0.46196674  0.57010453  0.59650643  0.54463466  0.54463466  0.55725722  0.50804010  0.62391119  0.53222911  0.48463575  0.55725722  0.53222911  0.54463466  0.55725722  0.53222911  0.52003325  0.57010453  0.49624304  0.50804010  0.46196674  0.48463575  0.47321222  0.49624304  0.53222911  0.61007872  0.53222911  0.58318473  0.62391119  0.55725722  0.55725722  0.59650643  0.61007872  0.54463466  0.59650643  0.58318473  0.57010453  0.54463466  0.54463466  0.53222911  0.36794282  0.38780381  0.38780381  0.43998826  0.45089382  0.49624304  0.48463575  0.57010453  0.50804010  0.47321222  0.48463575  0.52003325  0.54463466  0.54463466  0.54463466  0.48463575  0.53222911  0.53222911  0.54463466  0.54463466  0.50804010  0.48463575  0.52003325  0.52003325  0.48463575  0.48463575  0.41865950  0.41865950  0.39794314  0.55725722  0.55725722  0.50804010  0.52003325  0.50804010  0.52003325  0.53222911  0.45089382  0.54463466  0.58318473  0.58318473  0.59650643  0.48463575  0.54463466  0.48463575  0.49624304  0.50804010  0.46196674  0.46196674  0.45089382  0.42924508  0.43998826  0.58318473  0.58318473  0.55725722  0.48463575  0.57010453  0.52003325  0.48463575  0.48463575  0.48463575  
10_0_0     0.48463575  0.48463575  0.48463575  0.48463575  0.48463575  0.65239800  0.50804010  0.43998826  0.43998826  0.53222911  0.52003325  0.47321222  0.50804010  0.58318473  0.54463466  0.55725722  0.17187918  0.17938256  0.16445301  0.03618651  0.00000000  0.08744371  0.28477030  0.19462755  0.46196674  0.42924508  0.46196674  0.40822698  0.43998826  0.43998826  0.39794314  0.39794314  0.42924508  0.41865950  0.40822698  0.38780381  0.38780381  0.38780381  0.37780498  0.36794282  0.36794282  0.37780498  0.48463575  0.40822698  0.40822698  0.41865950  0.40822698  0.40822698  0.50804010  0.54463466  0.48463575  0.48463575  0.49624304  0.45089382  0.55725722  0.47321222  0.45089382  0.52003325  0.48463575  0.48463575  0.52003325  0.47321222  0.46196674  0.50804010  0.45089382  0.46196674  0.46196674  0.41865950  0.40822698  0.43998826  0.46196674  0.55725722  0.46196674  0.50804010  0.58318473  0.54463466  0.53222911  0.58318473  0.59650643  0.49624304  0.54463466  0.55725722  0.52003325  0.50804010  0.53222911  0.49624304  0.34861389  0.36794282  0.36794282  0.41865950  0.42924508  0.47321222  0.46196674  0.59650643  0.53222911  0.49624304  0.50804010  0.53222911  0.53222911  0.52003325  0.52003325  0.46196674  0.49624304  0.49624304  0.48463575  0.50804010  0.47321222  0.45089382  0.50804010  0.50804010  0.42924508  0.42924508  0.36794282  0.36794282  0.34861389  0.52003325  0.52003325  0.45089382  0.46196674  0.45089382  0.48463575  0.47321222  0.39794314  0.48463575  0.58318473  0.58318473  0.59650643  0.41865950  0.48463575  0.42924508  0.43998826  0.45089382  0.40822698  0.40822698  0.39794314  0.39794314  0.38780381  0.55725722  0.55725722  0.53222911  0.43998826  0.52003325  0.49624304  0.46196674  0.43998826  0.43998826  
14_0_0     0.45089382  0.45089382  0.45089382  0.45089382  0.45089382  0.63801402  0.46196674  0.40822698  0.40822698  0.49624304  0.48463575  0.46196674  0.47321222  0.59650643  0.53222911  0.45089382  0.21811652  0.22611922  0.21020160  0.12143284  0.08744371  0.00000000  0.31144327  0.21020160  0.50804010  0.49624304  0.48463575  0.45089382  0.46196674  0.41865950  0.43998826  0.43998826  0.43998826  0.48463575  0.42924508  0.42924508  0.42924508  0.42924508  0.41865950  0.38780381  0.38780381  0.39794314  0.46196674  0.45089382  0.42924508  0.48463575  0.42924508  0.41865950  0.53222911  0.58318473  0.46196674  0.46196674  0.45089382  0.40822698  0.55725722  0.41865950  0.42924508  0.49624304  0.53222911  0.43998826  0.47321222  0.47321222  0.46196674  0.46196674  0.38780381  0.41865950  0.48463575  0.39794314  0.40822698  0.41865950  0.46196674  0.50804010  0.43998826  0.48463575  0.58318473  0.50804010  0.52003325  0.59650643  0.61007872  0.52003325  0.54463466  0.58318473  0.49624304  0.48463575  0.54463466  0.52003325  0.32978926  0.34861389  0.34861389  0.39794314  0.40822698  0.40822698  0.43998826  0.58318473  0.52003325  0.48463575  0.49624304  0.50804010  0.49624304  0.55725722  0.50804010  0.48463575  0.47321222  0.49624304  0.46196674  0.41865950  0.40822698  0.40822698  0.49624304  0.49624304  0.38780381  0.36794282  0.36794282  0.36794282  0.36794282  0.46196674  0.50804010  0.38780381  0.39794314  0.40822698  0.41865950  0.45089382  0.35821364  0.41865950  0.61007872  0.58318473  0.59650643  0.38780381  0.45089382  0.37780498  0.36794282  0.37780498  0.40822698  0.41865950  0.42924508  0.35821364  0.34861389  0.46196674  0.46196674  0.46196674  0.38780381  0.45089382  0.42924508  0.43998826  0.43998826  0.43998826  
