153
38_87_0    0.00000000  0.00744439  0.23279436  0.22775275  0.23279436  0.25330826  0.25852602  0.22775275  0.23279436  0.28517617  0.24812671  0.26378050  0.43488720  0.44154782  0.57287606  0.54932067  0.53402002  0.54932067  0.51902663  0.58089594  0.56494141  0.48991389  0.48280966  0.48280966  0.48280966  0.46880083  0.46880083  0.49708635  0.48991389  0.55709019  0.46189376  0.51902663  0.50432838  0.46880083  0.49708635  0.46189376  0.52648569  0.52648569  0.56494141  0.56494141  0.57287606  0.56494141  0.44826839  0.46880083  0.44154782  0.45505000  0.46880083  0.46880083  0.47577240  0.47577240  0.45505000  0.43488720  0.49708635  0.50432838  0.48991389  0.49708635  0.52648569  0.51164134  0.46189376  0.46880083  0.46880083  0.46189376  0.46189376  0.46189376  0.46880083  0.47577240  0.48991389  0.51902663  0.50432838  0.49708635  0.48280966  0.48280966  0.47577240  0.51902663  0.48280966  0.50432838  0.46189376  0.46189376  0.48280966  0.44826839  0.44826839  0.46189376  0.46189376  0.44154782  0.42828547  0.45505000  0.49708635  0.48280966  0.54932067  0.47577240  0.50432838  0.50432838  0.51164134  0.50432838  0.50432838  0.50432838  0.50432838  0.51164134  0.48991389  0.49708635  0.47577240  0.46189376  0.45505000  0.48280966  0.48280966  0.46189376  0.44826839  0.46880083  0.51164134  0.45505000  0.44826839  0.50432838  0.38363882  0.38985579  0.39612495  0.46880083  0.48280966  0.46880083  0.46189376  0.46880083  0.46880083  0.50432838  0.48991389  0.42174159  0.42828547  0.40244719  0.42174159  0.46189376  0.41525457  0.40882342  0.40882342  0.40882342  0.41525457  0.40244719  0.43488720  0.46880083  0.44826839  0.42828547  0.46189376  0.44826839  0.45505000  0.42174159  0.43488720  0.42174159  0.43488720  0.51902663  0.48280966  0.52648569  0.51902663  0.51902663  0.58089594  0.59719882  0.53402002  
24_87_0    0.00744439  0.00000000  0.23279436  0.22775275  0.23279436  0.25330826  0.25852602  0.21777053  0.22274496  0.28517617  0.24812671  0.26378050  0.44826839  0.45505000  0.57287606  0.54932067  0.54932067  0.56494141  0.53402002  0.58089594  0.58089594  0.47577240  0.48280966  0.48280966  0.48280966  0.46880083  0.46880083  0.49708635  0.48991389  0.54163115  0.46189376  0.51902663  0.50432838  0.46189376  0.51164134  0.46189376  0.52648569  0.52648569  0.58089594  0.56494141  0.57287606  0.54932067  0.44826839  0.46880083  0.44154782  0.45505000  0.46880083  0.48280966  0.48991389  0.47577240  0.45505000  0.43488720  0.49708635  0.50432838  0.48991389  0.49708635  0.52648569  0.51164134  0.47577240  0.46880083  0.48280966  0.46189376  0.47577240  0.47577240  0.48280966  0.48991389  0.50432838  0.53402002  0.51902663  0.51164134  0.49708635  0.49708635  0.48991389  0.50432838  0.49708635  0.51902663  0.46189376  0.46189376  0.49708635  0.44826839  0.44826839  0.46189376  0.46189376  0.44154782  0.42828547  0.45505000  0.48280966  0.48280966  0.54932067  0.47577240  0.50432838  0.51902663  0.52648569  0.51902663  0.51902663  0.51902663  0.51902663  0.51164134  0.50432838  0.51164134  0.47577240  0.46189376  0.45505000  0.49708635  0.48280966  0.46189376  0.43488720  0.45505000  0.51164134  0.45505000  0.44826839  0.50432838  0.37135806  0.38985579  0.39612495  0.46880083  0.48280966  0.46880083  0.46189376  0.45505000  0.45505000  0.48991389  0.47577240  0.42174159  0.42828547  0.40244719  0.40882342  0.46189376  0.41525457  0.40882342  0.40882342  0.40882342  0.41525457  0.40244719  0.43488720  0.46880083  0.44826839  0.42828547  0.46189376  0.44826839  0.45505000  0.43488720  0.44154782  0.43488720  0.43488720  0.51902663  0.49708635  0.52648569  0.51902663  0.51902663  0.59719882  0.61386562  0.53402002  
21_79_0    0.23279436  0.23279436  0.00000000  0.00744439  0.09885717  0.10736141  0.12905565  0.08627972  0.09044871  0.12905565  0.13791296  0.13791296  0.49708635  0.49708635  0.54932067  0.54163115  0.64835858  0.64835858  0.61386562  0.63091294  0.61386562  0.58900288  0.59719882  0.59719882  0.58089594  0.51164134  0.58089594  0.53402002  0.54163115  0.60548572  0.54163115  0.56494141  0.55709019  0.51902663  0.58900288  0.56494141  0.57287606  0.57287606  0.57287606  0.58900288  0.65723667  0.58900288  0.50432838  0.51902663  0.48991389  0.49708635  0.51164134  0.55709019  0.54932067  0.53402002  0.49708635  0.48991389  0.54163115  0.53402002  0.51902663  0.54163115  0.53402002  0.54163115  0.57287606  0.57287606  0.59719882  0.58089594  0.59719882  0.58089594  0.56494141  0.56494141  0.56494141  0.63091294  0.56494141  0.57287606  0.56494141  0.58089594  0.57287606  0.68452244  0.56494141  0.55709019  0.56494141  0.56494141  0.57287606  0.55709019  0.54932067  0.52648569  0.54163115  0.54163115  0.51164134  0.51164134  0.51902663  0.55709019  0.62234063  0.58900288  0.62234063  0.60548572  0.58900288  0.56494141  0.56494141  0.56494141  0.56494141  0.54932067  0.58089594  0.58089594  0.50432838  0.48280966  0.51164134  0.52648569  0.53402002  0.50432838  0.49708635  0.48991389  0.54932067  0.50432838  0.50432838  0.54932067  0.45505000  0.48280966  0.48280966  0.49708635  0.48280966  0.50432838  0.49708635  0.50432838  0.52648569  0.54163115  0.52648569  0.55709019  0.52648569  0.53402002  0.51164134  0.54932067  0.50432838  0.51164134  0.49708635  0.51164134  0.48280966  0.49708635  0.48280966  0.50432838  0.51164134  0.48991389  0.46880083  0.48280966  0.49708635  0.48280966  0.51902663  0.51902663  0.48280966  0.57287606  0.54932067  0.61386562  0.58089594  0.58900288  0.67531595  0.69384386  0.59719882  
15_79_0    0.22775275  0.22775275  0.00744439  0.00000000  0.09464110  0.10309718  0.12466608  0.08213388  0.08627972  0.12466608  0.13347117  0.13347117  0.48991389  0.48991389  0.54163115  0.53402002  0.63958481  0.63958481  0.60548572  0.62234063  0.60548572  0.58089594  0.58900288  0.58900288  0.57287606  0.50432838  0.57287606  0.52648569  0.53402002  0.59719882  0.53402002  0.55709019  0.54932067  0.51164134  0.58089594  0.57287606  0.58089594  0.58089594  0.58089594  0.59719882  0.66622159  0.59719882  0.51164134  0.52648569  0.49708635  0.50432838  0.51902663  0.56494141  0.55709019  0.54163115  0.50432838  0.49708635  0.54932067  0.54163115  0.52648569  0.54932067  0.54163115  0.54932067  0.58089594  0.58089594  0.60548572  0.58900288  0.60548572  0.58900288  0.57287606  0.57287606  0.57287606  0.63958481  0.57287606  0.58089594  0.57287606  0.58900288  0.58089594  0.69384386  0.57287606  0.56494141  0.55709019  0.55709019  0.56494141  0.54932067  0.54163115  0.53402002  0.54932067  0.54932067  0.51902663  0.51902663  0.52648569  0.56494141  0.63091294  0.59719882  0.63091294  0.61386562  0.59719882  0.57287606  0.57287606  0.57287606  0.57287606  0.55709019  0.58900288  0.58900288  0.51164134  0.48991389  0.51902663  0.53402002  0.54163115  0.51164134  0.50432838  0.49708635  0.54163115  0.51164134  0.51164134  0.54932067  0.44826839  0.48991389  0.48991389  0.48991389  0.47577240  0.49708635  0.48991389  0.49708635  0.51902663  0.53402002  0.51902663  0.54932067  0.51902663  0.52648569  0.50432838  0.54163115  0.49708635  0.50432838  0.48991389  0.50432838  0.47577240  0.48991389  0.47577240  0.49708635  0.50432838  0.48280966  0.46189376  0.47577240  0.48991389  0.47577240  0.51164134  0.51164134  0.48991389  0.56494141  0.54163115  0.60548572  0.57287606  0.58089594  0.68452244  0.70328312  0.58900288  
71_85_0    0.23279436  0.23279436  0.09885717  0.09464110  0.00000000  0.05374016  0.05773090  0.04189435  0.04582211  0.13347117  0.13347117  0.13347117  0.48280966  0.48280966  0.51902663  0.51164134  0.68452244  0.68452244  0.64835858  0.69384386  0.61386562  0.57287606  0.60548572  0.60548572  0.60548572  0.54932067  0.58900288  0.57287606  0.58089594  0.61386562  0.56494141  0.58900288  0.56494141  0.52648569  0.58089594  0.60548572  0.56494141  0.56494141  0.55709019  0.57287606  0.63958481  0.60548572  0.51164134  0.52648569  0.49708635  0.50432838  0.51902663  0.58089594  0.57287606  0.54163115  0.48991389  0.48280966  0.54932067  0.54163115  0.54163115  0.54932067  0.57287606  0.58089594  0.54932067  0.53402002  0.55709019  0.55709019  0.55709019  0.52648569  0.52648569  0.51164134  0.51902663  0.59719882  0.58089594  0.58900288  0.58089594  0.56494141  0.57287606  0.63091294  0.56494141  0.57287606  0.53402002  0.53402002  0.55709019  0.54932067  0.54932067  0.51902663  0.54932067  0.57287606  0.55709019  0.54163115  0.55709019  0.58900288  0.63091294  0.61386562  0.64835858  0.63958481  0.59719882  0.57287606  0.57287606  0.57287606  0.57287606  0.58900288  0.58900288  0.59719882  0.58089594  0.54163115  0.58900288  0.60548572  0.61386562  0.58900288  0.54932067  0.55709019  0.54163115  0.57287606  0.58089594  0.63958481  0.48280966  0.51164134  0.52648569  0.43488720  0.43488720  0.45505000  0.43488720  0.45505000  0.45505000  0.47577240  0.46189376  0.51164134  0.48991389  0.48991389  0.46880083  0.50432838  0.47577240  0.48280966  0.46880083  0.48280966  0.44154782  0.48991389  0.45505000  0.47577240  0.46880083  0.44826839  0.44154782  0.45505000  0.46880083  0.46189376  0.48280966  0.46880083  0.46880083  0.54163115  0.50432838  0.56494141  0.58089594  0.57287606  0.68452244  0.70328312  0.63958481  
15_85_0    0.25330826  0.25330826  0.10736141  0.10309718  0.05374016  0.00000000  0.01875203  0.08213388  0.08627972  0.15594916  0.15139910  0.15594916  0.47577240  0.48280966  0.52648569  0.51902663  0.63958481  0.65723667  0.62234063  0.66622159  0.62234063  0.54932067  0.61386562  0.61386562  0.61386562  0.52648569  0.56494141  0.56494141  0.55709019  0.62234063  0.55709019  0.58089594  0.55709019  0.55709019  0.54932067  0.59719882  0.58900288  0.58900288  0.56494141  0.56494141  0.60548572  0.61386562  0.53402002  0.53402002  0.51902663  0.51164134  0.52648569  0.57287606  0.56494141  0.53402002  0.52648569  0.51902663  0.57287606  0.54932067  0.54932067  0.57287606  0.58089594  0.58900288  0.55709019  0.55709019  0.58089594  0.51902663  0.54932067  0.51902663  0.56494141  0.54932067  0.55709019  0.62234063  0.56494141  0.55709019  0.54932067  0.56494141  0.55709019  0.61386562  0.56494141  0.57287606  0.57287606  0.57287606  0.58089594  0.55709019  0.54163115  0.54932067  0.56494141  0.60548572  0.58900288  0.57287606  0.54163115  0.58900288  0.62234063  0.62234063  0.62234063  0.63091294  0.62234063  0.59719882  0.59719882  0.59719882  0.59719882  0.58900288  0.59719882  0.59719882  0.54932067  0.52648569  0.55709019  0.55709019  0.54932067  0.57287606  0.53402002  0.54163115  0.55709019  0.58900288  0.54932067  0.57287606  0.46880083  0.51164134  0.51164134  0.44826839  0.43488720  0.44154782  0.42174159  0.47577240  0.50432838  0.51164134  0.48280966  0.51164134  0.48991389  0.50432838  0.48280966  0.50432838  0.48991389  0.49708635  0.48280966  0.49708635  0.45505000  0.51902663  0.45505000  0.44154782  0.46189376  0.44826839  0.44154782  0.46880083  0.46880083  0.43488720  0.47577240  0.46189376  0.47577240  0.54932067  0.52648569  0.60548572  0.58900288  0.59719882  0.67531595  0.69384386  0.59719882  
21_85_0    0.25852602  0.25852602  0.12905565  0.12466608  0.05773090  0.01875203  0.00000000  0.08627972  0.09044871  0.16052711  0.15594916  0.16052711  0.49708635  0.50432838  0.53402002  0.52648569  0.62234063  0.63958481  0.60548572  0.64835858  0.62234063  0.52648569  0.60548572  0.60548572  0.58900288  0.53402002  0.57287606  0.60548572  0.58089594  0.64835858  0.56494141  0.58900288  0.56494141  0.57287606  0.56494141  0.62234063  0.59719882  0.59719882  0.57287606  0.57287606  0.63091294  0.63958481  0.55709019  0.55709019  0.54163115  0.53402002  0.54932067  0.59719882  0.58900288  0.55709019  0.53402002  0.52648569  0.58089594  0.57287606  0.57287606  0.59719882  0.60548572  0.61386562  0.58089594  0.56494141  0.58900288  0.54163115  0.57287606  0.54163115  0.57287606  0.55709019  0.56494141  0.64835858  0.58900288  0.58089594  0.57287606  0.58900288  0.58089594  0.62234063  0.55709019  0.56494141  0.56494141  0.56494141  0.60548572  0.56494141  0.56494141  0.55709019  0.57287606  0.63091294  0.61386562  0.59719882  0.56494141  0.61386562  0.64835858  0.64835858  0.64835858  0.65723667  0.64835858  0.62234063  0.62234063  0.62234063  0.62234063  0.61386562  0.60548572  0.62234063  0.56494141  0.54163115  0.57287606  0.57287606  0.56494141  0.58900288  0.54932067  0.55709019  0.57287606  0.60548572  0.56494141  0.58900288  0.49708635  0.54163115  0.54163115  0.46189376  0.44826839  0.45505000  0.43488720  0.48280966  0.51164134  0.51902663  0.48991389  0.52648569  0.48991389  0.50432838  0.48280966  0.51902663  0.50432838  0.51164134  0.49708635  0.51164134  0.46880083  0.51902663  0.46880083  0.45505000  0.47577240  0.47577240  0.46880083  0.49708635  0.49708635  0.46189376  0.48991389  0.47577240  0.50432838  0.56494141  0.55709019  0.62234063  0.62234063  0.63091294  0.66622159  0.68452244  0.62234063  
91_85_0    0.22775275  0.21777053  0.08627972  0.08213388  0.04189435  0.08213388  0.08627972  0.00000000  0.00371292  0.10309718  0.10309718  0.10309718  0.45505000  0.45505000  0.48991389  0.46880083  0.65723667  0.63958481  0.63958481  0.64835858  0.62234063  0.52648569  0.55709019  0.55709019  0.54163115  0.48991389  0.54163115  0.54163115  0.54932067  0.58089594  0.50432838  0.54163115  0.51902663  0.48280966  0.56494141  0.55709019  0.53402002  0.53402002  0.54163115  0.54163115  0.59719882  0.54163115  0.48280966  0.49708635  0.46880083  0.48991389  0.48991389  0.54932067  0.54163115  0.51164134  0.46189376  0.45505000  0.51902663  0.52648569  0.51164134  0.53402002  0.54163115  0.54932067  0.53402002  0.50432838  0.54163115  0.54163115  0.55709019  0.52648569  0.54163115  0.52648569  0.54932067  0.56494141  0.53402002  0.54163115  0.53402002  0.54932067  0.54163115  0.59719882  0.53402002  0.54163115  0.49708635  0.49708635  0.51902663  0.49708635  0.49708635  0.48280966  0.51164134  0.53402002  0.50432838  0.50432838  0.51902663  0.54932067  0.58089594  0.56494141  0.59719882  0.58900288  0.56494141  0.54163115  0.54163115  0.54163115  0.54163115  0.54163115  0.55709019  0.55709019  0.54163115  0.50432838  0.54932067  0.58089594  0.57287606  0.54932067  0.51164134  0.53402002  0.51902663  0.53402002  0.52648569  0.56494141  0.44826839  0.47577240  0.48280966  0.44154782  0.42828547  0.44826839  0.42828547  0.43488720  0.44826839  0.45505000  0.44154782  0.51902663  0.49708635  0.49708635  0.47577240  0.52648569  0.49708635  0.48991389  0.48991389  0.50432838  0.46189376  0.46880083  0.47577240  0.48280966  0.48991389  0.45505000  0.46189376  0.47577240  0.48991389  0.48280966  0.48280966  0.47577240  0.44154782  0.54163115  0.51164134  0.55709019  0.58900288  0.54932067  0.67531595  0.69384386  0.61386562  
25_85_0    0.23279436  0.22274496  0.09044871  0.08627972  0.04582211  0.08627972  0.09044871  0.00371292  0.00000000  0.10736141  0.10736141  0.10736141  0.46189376  0.46189376  0.49708635  0.47577240  0.66622159  0.64835858  0.64835858  0.65723667  0.63091294  0.53402002  0.54932067  0.54932067  0.54932067  0.49708635  0.54932067  0.54932067  0.55709019  0.58900288  0.51164134  0.53402002  0.52648569  0.48991389  0.57287606  0.56494141  0.52648569  0.52648569  0.53402002  0.53402002  0.58900288  0.53402002  0.48991389  0.50432838  0.47577240  0.49708635  0.49708635  0.55709019  0.54932067  0.51902663  0.46880083  0.46189376  0.52648569  0.51902663  0.51902663  0.54163115  0.54932067  0.55709019  0.54163115  0.51164134  0.54932067  0.54932067  0.56494141  0.53402002  0.54932067  0.53402002  0.55709019  0.57287606  0.54163115  0.54932067  0.54163115  0.55709019  0.54932067  0.60548572  0.54163115  0.54932067  0.50432838  0.50432838  0.51164134  0.48991389  0.48991389  0.47577240  0.50432838  0.52648569  0.49708635  0.49708635  0.51164134  0.54163115  0.58089594  0.57287606  0.58900288  0.59719882  0.57287606  0.54932067  0.54932067  0.54932067  0.54932067  0.54932067  0.56494141  0.56494141  0.54932067  0.51164134  0.55709019  0.58900288  0.58089594  0.55709019  0.51902663  0.54163115  0.51164134  0.54163115  0.53402002  0.57287606  0.45505000  0.48280966  0.48991389  0.43488720  0.42174159  0.44154782  0.42174159  0.42828547  0.44154782  0.44826839  0.43488720  0.52648569  0.50432838  0.50432838  0.48280966  0.53402002  0.50432838  0.49708635  0.49708635  0.51164134  0.46880083  0.47577240  0.48280966  0.47577240  0.48280966  0.46189376  0.46880083  0.48280966  0.49708635  0.48991389  0.48991389  0.48280966  0.44826839  0.54932067  0.51902663  0.56494141  0.58089594  0.54163115  0.66622159  0.68452244  0.62234063  
89_79_0    0.28517617  0.28517617  0.12905565  0.12466608  0.13347117  0.15594916  0.16052711  0.10309718  0.10736141  0.00000000  0.05374016  0.05374016  0.46880083  0.46880083  0.48991389  0.48280966  0.62234063  0.59719882  0.59719882  0.58900288  0.55709019  0.49708635  0.51164134  0.51164134  0.49708635  0.47577240  0.51164134  0.53402002  0.53402002  0.56494141  0.51902663  0.54163115  0.53402002  0.45505000  0.51902663  0.56494141  0.52648569  0.52648569  0.51164134  0.51164134  0.61386562  0.58089594  0.49708635  0.50432838  0.49708635  0.49708635  0.49708635  0.54163115  0.51902663  0.50432838  0.48991389  0.48991389  0.51902663  0.52648569  0.52648569  0.54932067  0.54163115  0.54932067  0.53402002  0.53402002  0.54163115  0.54932067  0.58900288  0.56494141  0.49708635  0.51164134  0.50432838  0.57287606  0.52648569  0.53402002  0.52648569  0.54932067  0.53402002  0.53402002  0.49708635  0.50432838  0.55709019  0.55709019  0.56494141  0.51164134  0.54163115  0.51164134  0.54163115  0.55709019  0.54163115  0.53402002  0.51902663  0.53402002  0.63091294  0.62234063  0.63091294  0.62234063  0.60548572  0.58900288  0.58900288  0.58900288  0.58900288  0.57287606  0.60548572  0.58900288  0.56494141  0.55709019  0.57287606  0.57287606  0.59719882  0.57287606  0.57287606  0.58089594  0.56494141  0.58089594  0.56494141  0.57287606  0.51164134  0.48280966  0.53402002  0.50432838  0.48991389  0.50432838  0.48991389  0.44154782  0.46880083  0.46189376  0.46189376  0.53402002  0.51902663  0.53402002  0.50432838  0.54163115  0.51164134  0.48991389  0.50432838  0.51902663  0.47577240  0.46880083  0.50432838  0.52648569  0.53402002  0.51902663  0.48991389  0.48991389  0.51902663  0.54932067  0.55709019  0.54163115  0.52648569  0.54932067  0.51902663  0.58089594  0.59719882  0.57287606  0.65723667  0.67531595  0.63091294  
41_86_0    0.24812671  0.24812671  0.13791296  0.13347117  0.13347117  0.15139910  0.15594916  0.10309718  0.10736141  0.05374016  0.00000000  0.03798714  0.46189376  0.45505000  0.51164134  0.50432838  0.61386562  0.62234063  0.60548572  0.61386562  0.59719882  0.52648569  0.55709019  0.55709019  0.54163115  0.50432838  0.54163115  0.56494141  0.56494141  0.58089594  0.53402002  0.57287606  0.54932067  0.46189376  0.54163115  0.58900288  0.51902663  0.51902663  0.52648569  0.53402002  0.61386562  0.58089594  0.51164134  0.51902663  0.51164134  0.51164134  0.51164134  0.55709019  0.54932067  0.53402002  0.50432838  0.50432838  0.54932067  0.55709019  0.55709019  0.58089594  0.58900288  0.58900288  0.54932067  0.51902663  0.54163115  0.54163115  0.60548572  0.58089594  0.52648569  0.52648569  0.53402002  0.58900288  0.54163115  0.54163115  0.54163115  0.56494141  0.53402002  0.58900288  0.54163115  0.54932067  0.55709019  0.55709019  0.56494141  0.52648569  0.54163115  0.50432838  0.52648569  0.55709019  0.55709019  0.54932067  0.54932067  0.56494141  0.63091294  0.60548572  0.61386562  0.63958481  0.62234063  0.60548572  0.60548572  0.60548572  0.60548572  0.58900288  0.62234063  0.59719882  0.59719882  0.57287606  0.58900288  0.58900288  0.58900288  0.60548572  0.60548572  0.61386562  0.57287606  0.59719882  0.58089594  0.59719882  0.51164134  0.46880083  0.51164134  0.48280966  0.46880083  0.48280966  0.46880083  0.42174159  0.46189376  0.44154782  0.44154782  0.49708635  0.49708635  0.51164134  0.49708635  0.53402002  0.50432838  0.49708635  0.49708635  0.49708635  0.46189376  0.48991389  0.49708635  0.50432838  0.52648569  0.49708635  0.48280966  0.48280966  0.51164134  0.54163115  0.54932067  0.53402002  0.48991389  0.55709019  0.49708635  0.55709019  0.57287606  0.54932067  0.63958481  0.65723667  0.60548572  
41_79_0    0.26378050  0.26378050  0.13791296  0.13347117  0.13347117  0.15594916  0.16052711  0.10309718  0.10736141  0.05374016  0.03798714  0.00000000  0.45505000  0.45505000  0.51902663  0.51164134  0.60548572  0.58089594  0.56494141  0.58900288  0.57287606  0.50432838  0.54932067  0.54932067  0.53402002  0.49708635  0.51902663  0.55709019  0.55709019  0.55709019  0.51164134  0.54932067  0.52648569  0.44826839  0.54163115  0.62234063  0.51164134  0.51164134  0.51164134  0.54932067  0.63091294  0.57287606  0.50432838  0.51164134  0.50432838  0.50432838  0.50432838  0.53402002  0.52648569  0.51164134  0.49708635  0.49708635  0.54163115  0.54932067  0.56494141  0.57287606  0.58089594  0.58089594  0.54163115  0.51902663  0.53402002  0.54163115  0.59719882  0.57287606  0.50432838  0.51902663  0.52648569  0.61386562  0.53402002  0.54163115  0.54932067  0.57287606  0.54163115  0.57287606  0.53402002  0.54163115  0.54932067  0.54932067  0.54163115  0.51902663  0.53402002  0.49708635  0.52648569  0.54932067  0.54932067  0.54163115  0.55709019  0.55709019  0.65723667  0.59719882  0.62234063  0.61386562  0.59719882  0.58089594  0.58089594  0.58089594  0.58089594  0.58089594  0.59719882  0.58900288  0.57287606  0.56494141  0.58089594  0.56494141  0.57287606  0.58089594  0.58089594  0.58900288  0.57287606  0.58900288  0.57287606  0.61386562  0.48991389  0.46189376  0.49708635  0.51164134  0.49708635  0.49708635  0.46880083  0.44154782  0.46880083  0.46189376  0.44826839  0.51164134  0.51164134  0.52648569  0.49708635  0.54932067  0.51902663  0.52648569  0.51164134  0.51164134  0.48280966  0.48991389  0.51164134  0.51902663  0.54163115  0.52648569  0.51164134  0.51164134  0.52648569  0.57287606  0.54932067  0.54932067  0.51902663  0.55709019  0.52648569  0.57287606  0.58900288  0.56494141  0.61386562  0.63091294  0.60548572  
24_88_0    0.43488720  0.44826839  0.49708635  0.48991389  0.48280966  0.47577240  0.49708635  0.45505000  0.46189376  0.46880083  0.46189376  0.45505000  0.00000000  0.00371292  0.16976809  0.15594916  0.59719882  0.57287606  0.57287606  0.55709019  0.58089594  0.61386562  0.58900288  0.58900288  0.56494141  0.54932067  0.55709019  0.64835858  0.58900288  0.62234063  0.56494141  0.63958481  0.62234063  0.58089594  0.62234063  0.62234063  0.63091294  0.63091294  0.63958481  0.61386562  0.66622159  0.61386562  0.63091294  0.63091294  0.63091294  0.62234063  0.60548572  0.61386562  0.60548572  0.62234063  0.60548572  0.58900288  0.60548572  0.62234063  0.59719882  0.58089594  0.61386562  0.63091294  0.60548572  0.63091294  0.61386562  0.62234063  0.62234063  0.63091294  0.51902663  0.52648569  0.52648569  0.62234063  0.56494141  0.55709019  0.54163115  0.54163115  0.54163115  0.64835858  0.51902663  0.55709019  0.58089594  0.58089594  0.56494141  0.52648569  0.52648569  0.59719882  0.58089594  0.58089594  0.56494141  0.53402002  0.59719882  0.59719882  0.59719882  0.58089594  0.59719882  0.58089594  0.62234063  0.59719882  0.59719882  0.59719882  0.59719882  0.61386562  0.59719882  0.60548572  0.49708635  0.48991389  0.46189376  0.44826839  0.47577240  0.46880083  0.46189376  0.46880083  0.48991389  0.52648569  0.45505000  0.48991389  0.43488720  0.42174159  0.42828547  0.56494141  0.53402002  0.54932067  0.52648569  0.54163115  0.63091294  0.59719882  0.57287606  0.49708635  0.50432838  0.54163115  0.52648569  0.53402002  0.48280966  0.50432838  0.47577240  0.47577240  0.50432838  0.51902663  0.51164134  0.58089594  0.55709019  0.53402002  0.52648569  0.51164134  0.52648569  0.51164134  0.51902663  0.51902663  0.51164134  0.59719882  0.58089594  0.54932067  0.55709019  0.54163115  0.66622159  0.65723667  0.65723667  
38_88_0    0.44154782  0.45505000  0.49708635  0.48991389  0.48280966  0.48280966  0.50432838  0.45505000  0.46189376  0.46880083  0.45505000  0.45505000  0.00371292  0.00000000  0.17443183  0.16052711  0.60548572  0.57287606  0.57287606  0.55709019  0.58089594  0.61386562  0.58900288  0.58900288  0.56494141  0.54932067  0.55709019  0.64835858  0.58900288  0.62234063  0.56494141  0.63958481  0.62234063  0.58089594  0.63091294  0.63091294  0.63091294  0.63091294  0.63958481  0.62234063  0.66622159  0.61386562  0.63091294  0.63091294  0.63091294  0.62234063  0.60548572  0.61386562  0.60548572  0.62234063  0.60548572  0.58900288  0.60548572  0.62234063  0.59719882  0.58089594  0.61386562  0.63091294  0.60548572  0.63091294  0.61386562  0.63091294  0.62234063  0.63091294  0.51902663  0.52648569  0.52648569  0.62234063  0.56494141  0.56494141  0.54932067  0.54932067  0.54932067  0.65723667  0.51902663  0.55709019  0.58089594  0.58089594  0.56494141  0.52648569  0.52648569  0.59719882  0.58900288  0.58089594  0.56494141  0.53402002  0.59719882  0.59719882  0.59719882  0.58089594  0.59719882  0.58900288  0.62234063  0.59719882  0.59719882  0.59719882  0.59719882  0.61386562  0.59719882  0.61386562  0.49708635  0.48991389  0.46189376  0.44826839  0.48280966  0.46880083  0.46189376  0.46880083  0.48991389  0.52648569  0.45505000  0.49708635  0.43488720  0.42174159  0.43488720  0.57287606  0.54163115  0.55709019  0.53402002  0.54932067  0.63958481  0.60548572  0.58089594  0.50432838  0.51164134  0.54932067  0.53402002  0.54163115  0.48991389  0.51164134  0.48280966  0.48280966  0.50432838  0.52648569  0.51902663  0.58900288  0.56494141  0.54163115  0.53402002  0.51902663  0.53402002  0.51902663  0.51902663  0.51902663  0.51164134  0.58900288  0.57287606  0.54163115  0.54932067  0.53402002  0.67531595  0.66622159  0.66622159  
24_73_0    0.57287606  0.57287606  0.54932067  0.54163115  0.51902663  0.52648569  0.53402002  0.48991389  0.49708635  0.48991389  0.51164134  0.51902663  0.16976809  0.17443183  0.00000000  0.01119461  0.63091294  0.62234063  0.63958481  0.60548572  0.60548572  0.64835858  0.67531595  0.67531595  0.63091294  0.61386562  0.63958481  0.67531595  0.63091294  0.67531595  0.63091294  0.68452244  0.66622159  0.65723667  0.63958481  0.63958481  0.74228069  0.74228069  0.73233869  0.70328312  0.63958481  0.70328312  0.71284323  0.71284323  0.71284323  0.70328312  0.68452244  0.69384386  0.66622159  0.66622159  0.62234063  0.60548572  0.63958481  0.67531595  0.64835858  0.64835858  0.70328312  0.71284323  0.65723667  0.65723667  0.64835858  0.65723667  0.71284323  0.74228069  0.63091294  0.64835858  0.63958481  0.63958481  0.62234063  0.61386562  0.63091294  0.63091294  0.64835858  0.67531595  0.62234063  0.64835858  0.65723667  0.65723667  0.58089594  0.59719882  0.59719882  0.66622159  0.64835858  0.64835858  0.63091294  0.63091294  0.68452244  0.64835858  0.65723667  0.68452244  0.66622159  0.63091294  0.68452244  0.66622159  0.66622159  0.66622159  0.66622159  0.63091294  0.66622159  0.67531595  0.56494141  0.56494141  0.54163115  0.53402002  0.55709019  0.57287606  0.55709019  0.53402002  0.58900288  0.60548572  0.53402002  0.54163115  0.51164134  0.51164134  0.51902663  0.58900288  0.55709019  0.58089594  0.55709019  0.54163115  0.61386562  0.58089594  0.55709019  0.56494141  0.54163115  0.58089594  0.56494141  0.55709019  0.51902663  0.55709019  0.51164134  0.52648569  0.55709019  0.54163115  0.51902663  0.57287606  0.53402002  0.52648569  0.49708635  0.48280966  0.52648569  0.59719882  0.55709019  0.55709019  0.58900288  0.62234063  0.58900288  0.57287606  0.59719882  0.59719882  0.70328312  0.72252734  0.66622159  
38_73_0    0.54932067  0.54932067  0.54163115  0.53402002  0.51164134  0.51902663  0.52648569  0.46880083  0.47577240  0.48280966  0.50432838  0.51164134  0.15594916  0.16052711  0.01119461  0.00000000  0.60548572  0.59719882  0.63091294  0.58089594  0.59719882  0.64835858  0.65723667  0.65723667  0.61386562  0.59719882  0.62234063  0.65723667  0.61386562  0.65723667  0.61386562  0.66622159  0.64835858  0.63958481  0.62234063  0.62234063  0.72252734  0.72252734  0.71284323  0.68452244  0.63958481  0.68452244  0.70328312  0.70328312  0.70328312  0.69384386  0.67531595  0.68452244  0.65723667  0.65723667  0.60548572  0.58900288  0.62234063  0.65723667  0.63091294  0.63091294  0.68452244  0.69384386  0.63958481  0.63958481  0.63091294  0.65723667  0.69384386  0.72252734  0.61386562  0.63091294  0.62234063  0.63958481  0.62234063  0.61386562  0.61386562  0.61386562  0.63091294  0.66622159  0.60548572  0.63091294  0.65723667  0.65723667  0.58089594  0.58900288  0.58900288  0.66622159  0.64835858  0.63091294  0.61386562  0.61386562  0.66622159  0.64835858  0.63958481  0.66622159  0.64835858  0.61386562  0.66622159  0.64835858  0.64835858  0.64835858  0.64835858  0.61386562  0.64835858  0.65723667  0.55709019  0.55709019  0.53402002  0.52648569  0.54932067  0.56494141  0.54932067  0.54163115  0.58089594  0.59719882  0.52648569  0.53402002  0.50432838  0.50432838  0.52648569  0.58089594  0.54932067  0.57287606  0.54932067  0.53402002  0.60548572  0.57287606  0.54932067  0.55709019  0.53402002  0.58900288  0.57287606  0.56494141  0.52648569  0.54932067  0.51902663  0.53402002  0.56494141  0.53402002  0.52648569  0.58089594  0.54163115  0.51902663  0.50432838  0.48991389  0.53402002  0.58900288  0.54932067  0.54932067  0.58089594  0.61386562  0.58089594  0.56494141  0.60548572  0.58900288  0.70328312  0.73233869  0.66622159  
50_70_0    0.53402002  0.54932067  0.64835858  0.63958481  0.68452244  0.63958481  0.62234063  0.65723667  0.66622159  0.62234063  0.61386562  0.60548572  0.59719882  0.60548572  0.63091294  0.60548572  0.00000000  0.05773090  0.05773090  0.12466608  0.15139910  0.59719882  0.49708635  0.49708635  0.46189376  0.48280966  0.44826839  0.48280966  0.47577240  0.54932067  0.48280966  0.52648569  0.51902663  0.48991389  0.44826839  0.51164134  0.54932067  0.54932067  0.54932067  0.56494141  0.60548572  0.59719882  0.51164134  0.51164134  0.52648569  0.52648569  0.52648569  0.48280966  0.48991389  0.51164134  0.48991389  0.53402002  0.48280966  0.50432838  0.48280966  0.48991389  0.54163115  0.52648569  0.48280966  0.51164134  0.48280966  0.49708635  0.50432838  0.51164134  0.56494141  0.58900288  0.56494141  0.50432838  0.51902663  0.51164134  0.53402002  0.53402002  0.54163115  0.54163115  0.51164134  0.51902663  0.58900288  0.58900288  0.58089594  0.55709019  0.54163115  0.62234063  0.62234063  0.50432838  0.51902663  0.50432838  0.55709019  0.52648569  0.51902663  0.51164134  0.51164134  0.50432838  0.54932067  0.52648569  0.52648569  0.52648569  0.52648569  0.56494141  0.51902663  0.51902663  0.61386562  0.61386562  0.58089594  0.54932067  0.56494141  0.55709019  0.56494141  0.56494141  0.61386562  0.54932067  0.55709019  0.54163115  0.58089594  0.57287606  0.57287606  0.69384386  0.69384386  0.67531595  0.64835858  0.63958481  0.60548572  0.59719882  0.63958481  0.62234063  0.59719882  0.55709019  0.60548572  0.63091294  0.63091294  0.64835858  0.63958481  0.62234063  0.66622159  0.62234063  0.59719882  0.62234063  0.68452244  0.59719882  0.64835858  0.64835858  0.67531595  0.65723667  0.66622159  0.65723667  0.67531595  0.71284323  0.70328312  0.63091294  0.65723667  0.65723667  0.61386562  0.62234063  0.63958481  
62_70_0    0.54932067  0.56494141  0.64835858  0.63958481  0.68452244  0.65723667  0.63958481  0.63958481  0.64835858  0.59719882  0.62234063  0.58089594  0.57287606  0.57287606  0.62234063  0.59719882  0.05773090  0.00000000  0.03798714  0.11596362  0.14687660  0.59719882  0.50432838  0.50432838  0.46880083  0.50432838  0.45505000  0.48991389  0.46880083  0.54163115  0.48991389  0.51902663  0.52648569  0.48280966  0.45505000  0.54932067  0.54163115  0.54163115  0.54163115  0.55709019  0.60548572  0.57287606  0.50432838  0.51902663  0.51902663  0.51902663  0.51902663  0.50432838  0.51164134  0.51902663  0.49708635  0.52648569  0.48991389  0.51164134  0.50432838  0.49708635  0.53402002  0.51902663  0.48991389  0.52648569  0.48991389  0.51902663  0.49708635  0.53402002  0.52648569  0.54932067  0.54163115  0.49708635  0.49708635  0.50432838  0.52648569  0.52648569  0.53402002  0.54932067  0.50432838  0.51164134  0.54932067  0.54932067  0.55709019  0.53402002  0.54932067  0.58089594  0.59719882  0.49708635  0.51164134  0.50432838  0.56494141  0.51902663  0.53402002  0.51164134  0.51164134  0.50432838  0.52648569  0.51164134  0.51164134  0.51164134  0.51164134  0.54932067  0.51902663  0.53402002  0.58089594  0.58900288  0.56494141  0.51902663  0.56494141  0.53402002  0.55709019  0.55709019  0.58900288  0.53402002  0.54163115  0.54163115  0.54163115  0.52648569  0.54163115  0.67531595  0.67531595  0.67531595  0.63091294  0.63091294  0.59719882  0.58900288  0.63091294  0.67531595  0.64835858  0.62234063  0.64835858  0.66622159  0.66622159  0.66622159  0.67531595  0.65723667  0.66622159  0.65723667  0.61386562  0.65723667  0.72252734  0.64835858  0.67531595  0.67531595  0.69384386  0.65723667  0.65723667  0.64835858  0.67531595  0.66622159  0.65723667  0.60548572  0.63091294  0.63091294  0.60548572  0.61386562  0.63091294  
31_70_0    0.51902663  0.53402002  0.61386562  0.60548572  0.64835858  0.62234063  0.60548572  0.63958481  0.64835858  0.59719882  0.60548572  0.56494141  0.57287606  0.57287606  0.63958481  0.63091294  0.05773090  0.03798714  0.00000000  0.11596362  0.12905565  0.58089594  0.48280966  0.48280966  0.44826839  0.48280966  0.43488720  0.46880083  0.44826839  0.50432838  0.45505000  0.49708635  0.48991389  0.46189376  0.44826839  0.54163115  0.50432838  0.50432838  0.50432838  0.53402002  0.56494141  0.54932067  0.48280966  0.49708635  0.49708635  0.49708635  0.49708635  0.46880083  0.47577240  0.49708635  0.47577240  0.48991389  0.46880083  0.48991389  0.48280966  0.47577240  0.52648569  0.51164134  0.46880083  0.50432838  0.46880083  0.49708635  0.47577240  0.51164134  0.50432838  0.52648569  0.51902663  0.49708635  0.46880083  0.47577240  0.49708635  0.49708635  0.50432838  0.52648569  0.47577240  0.48280966  0.54163115  0.54163115  0.54932067  0.52648569  0.52648569  0.57287606  0.58900288  0.47577240  0.48991389  0.48280966  0.52648569  0.48280966  0.51164134  0.47577240  0.48991389  0.48280966  0.51902663  0.48991389  0.48991389  0.48991389  0.48991389  0.54163115  0.49708635  0.50432838  0.61386562  0.60548572  0.58089594  0.53402002  0.58089594  0.54932067  0.57287606  0.55709019  0.60548572  0.54932067  0.55709019  0.57287606  0.55709019  0.54163115  0.54163115  0.67531595  0.67531595  0.67531595  0.63091294  0.63091294  0.59719882  0.58900288  0.63091294  0.65723667  0.63091294  0.58900288  0.61386562  0.63091294  0.63091294  0.66622159  0.63958481  0.62234063  0.63091294  0.63958481  0.59719882  0.62234063  0.68452244  0.63091294  0.63958481  0.63958481  0.65723667  0.67531595  0.67531595  0.66622159  0.69384386  0.68452244  0.67531595  0.60548572  0.61386562  0.63091294  0.60548572  0.61386562  0.63091294  
50_42_0    0.58089594  0.58089594  0.63091294  0.62234063  0.69384386  0.66622159  0.64835858  0.64835858  0.65723667  0.58900288  0.61386562  0.58900288  0.55709019  0.55709019  0.60548572  0.58089594  0.12466608  0.11596362  0.11596362  0.00000000  0.10736141  0.57287606  0.53402002  0.53402002  0.48280966  0.51902663  0.46880083  0.51164134  0.49708635  0.54163115  0.50432838  0.53402002  0.52648569  0.52648569  0.46880083  0.54163115  0.52648569  0.52648569  0.51164134  0.54163115  0.62234063  0.55709019  0.52648569  0.52648569  0.54163115  0.52648569  0.52648569  0.51164134  0.51902663  0.52648569  0.49708635  0.52648569  0.48991389  0.51164134  0.50432838  0.49708635  0.50432838  0.50432838  0.46189376  0.49708635  0.46189376  0.48991389  0.49708635  0.51902663  0.51902663  0.52648569  0.53402002  0.51902663  0.47577240  0.48280966  0.51902663  0.50432838  0.51164134  0.54932067  0.48280966  0.48280966  0.58900288  0.58900288  0.57287606  0.53402002  0.54932067  0.54932067  0.56494141  0.48280966  0.49708635  0.48991389  0.54932067  0.53402002  0.51902663  0.49708635  0.49708635  0.50432838  0.53402002  0.50432838  0.50432838  0.50432838  0.50432838  0.52648569  0.54163115  0.53402002  0.58900288  0.60548572  0.57287606  0.54163115  0.57287606  0.54163115  0.53402002  0.53402002  0.62234063  0.57287606  0.54932067  0.56494141  0.56494141  0.55709019  0.58900288  0.66622159  0.66622159  0.64835858  0.63958481  0.65723667  0.63958481  0.61386562  0.65723667  0.67531595  0.63091294  0.63958481  0.63091294  0.66622159  0.68452244  0.68452244  0.69384386  0.67531595  0.70328312  0.67531595  0.63091294  0.66622159  0.71284323  0.66622159  0.67531595  0.67531595  0.69384386  0.66622159  0.64835858  0.63958481  0.68452244  0.69384386  0.67531595  0.62234063  0.64835858  0.64835858  0.63958481  0.63091294  0.64835858  
62_42_0    0.56494141  0.58089594  0.61386562  0.60548572  0.61386562  0.62234063  0.62234063  0.62234063  0.63091294  0.55709019  0.59719882  0.57287606  0.58089594  0.58089594  0.60548572  0.59719882  0.15139910  0.14687660  0.12905565  0.10736141  0.00000000  0.56494141  0.48991389  0.48991389  0.44826839  0.48991389  0.44154782  0.48280966  0.48280966  0.54163115  0.47577240  0.50432838  0.49708635  0.51164134  0.45505000  0.51902663  0.49708635  0.49708635  0.49708635  0.52648569  0.58089594  0.55709019  0.51902663  0.51902663  0.53402002  0.51902663  0.51902663  0.48991389  0.49708635  0.51902663  0.51164134  0.52648569  0.51902663  0.54163115  0.51902663  0.51164134  0.53402002  0.51902663  0.46189376  0.48991389  0.46189376  0.48991389  0.48280966  0.50432838  0.48280966  0.48991389  0.48280966  0.50432838  0.48280966  0.48991389  0.52648569  0.49708635  0.50432838  0.51164134  0.48991389  0.50432838  0.56494141  0.56494141  0.54932067  0.54163115  0.54163115  0.52648569  0.54163115  0.47577240  0.48991389  0.48280966  0.55709019  0.53402002  0.51902663  0.49708635  0.51164134  0.52648569  0.53402002  0.51902663  0.51902663  0.51902663  0.51902663  0.54163115  0.55709019  0.54932067  0.65723667  0.65723667  0.63958481  0.60548572  0.63958481  0.58900288  0.58089594  0.58089594  0.63091294  0.62234063  0.59719882  0.61386562  0.63091294  0.61386562  0.61386562  0.68452244  0.68452244  0.66622159  0.65723667  0.66622159  0.64835858  0.62234063  0.66622159  0.71284323  0.68452244  0.67531595  0.70328312  0.66622159  0.66622159  0.68452244  0.65723667  0.63958481  0.67531595  0.67531595  0.64835858  0.68452244  0.69384386  0.66622159  0.67531595  0.67531595  0.71284323  0.67531595  0.66622159  0.63958481  0.68452244  0.69384386  0.67531595  0.62234063  0.63091294  0.64835858  0.66622159  0.68452244  0.67531595  
