17
75_0_0     0.00000000  0.22118337  0.20956457  0.22118337  0.33483883  0.33483883  0.34861089  0.39152800  0.37694517  0.39152800  0.24498058  0.30803752  0.30803752  0.39152800  0.34861089  0.36264300  0.36264300  
77_0_0     0.22118337  0.00000000  0.00874693  0.08269595  0.29499082  0.29499082  0.29499082  0.26956510  0.25717118  0.24498058  0.26956510  0.26956510  0.26956510  0.29499082  0.34861089  0.29499082  0.29499082  
82_0_0     0.20956457  0.00874693  0.00000000  0.07303978  0.29499082  0.29499082  0.29499082  0.26956510  0.25717118  0.24498058  0.25717118  0.25717118  0.25717118  0.28216923  0.33483883  0.28216923  0.28216923  
89_0_0     0.22118337  0.08269595  0.07303978  0.00000000  0.32131736  0.29499082  0.32131736  0.29499082  0.28216923  0.26956510  0.29499082  0.30803752  0.30803752  0.28216923  0.34861089  0.30803752  0.30803752  
92_0_0     0.33483883  0.29499082  0.29499082  0.32131736  0.00000000  0.03562292  0.03562292  0.03562292  0.02655583  0.03562292  0.18685811  0.19812462  0.19812462  0.30803752  0.17575986  0.19812462  0.20956457  
70_0_0     0.33483883  0.29499082  0.29499082  0.29499082  0.03562292  0.00000000  0.01759803  0.05409589  0.04480201  0.05409589  0.18685811  0.22118337  0.22118337  0.29499082  0.22118337  0.22118337  0.23298673  
81_0_0     0.34861089  0.29499082  0.29499082  0.32131736  0.03562292  0.01759803  0.00000000  0.05409589  0.04480201  0.05409589  0.18685811  0.19812462  0.19812462  0.30803752  0.22118337  0.22118337  0.25717118  
96_0_0     0.39152800  0.26956510  0.26956510  0.29499082  0.03562292  0.05409589  0.05409589  0.00000000  0.00874693  0.01759803  0.20956457  0.22118337  0.22118337  0.28216923  0.19812462  0.22118337  0.23298673  
63_0_0     0.37694517  0.25717118  0.25717118  0.28216923  0.02655583  0.04480201  0.04480201  0.00874693  0.00000000  0.00874693  0.19812462  0.20956457  0.20956457  0.26956510  0.20956457  0.23298673  0.24498058  
91_0_0     0.39152800  0.24498058  0.24498058  0.26956510  0.03562292  0.05409589  0.05409589  0.01759803  0.00874693  0.00000000  0.20956457  0.22118337  0.22118337  0.25717118  0.22118337  0.22118337  0.23298673  
57_0_0     0.24498058  0.26956510  0.25717118  0.29499082  0.18685811  0.18685811  0.18685811  0.20956457  0.19812462  0.20956457  0.00000000  0.05409589  0.05409589  0.26956510  0.14342620  0.17575986  0.17575986  
100_0_0    0.30803752  0.26956510  0.25717118  0.30803752  0.19812462  0.22118337  0.19812462  0.22118337  0.20956457  0.22118337  0.05409589  0.00000000  0.00000000  0.32131736  0.18685811  0.20956457  0.23298673  
58_0_0     0.30803752  0.26956510  0.25717118  0.30803752  0.19812462  0.22118337  0.19812462  0.22118337  0.20956457  0.22118337  0.05409589  0.00000000  0.00000000  0.32131736  0.18685811  0.20956457  0.23298673  
80_0_0     0.39152800  0.29499082  0.28216923  0.28216923  0.30803752  0.29499082  0.30803752  0.28216923  0.26956510  0.25717118  0.26956510  0.32131736  0.32131736  0.00000000  0.29499082  0.24498058  0.26956510  
69_0_0     0.34861089  0.34861089  0.33483883  0.34861089  0.17575986  0.22118337  0.22118337  0.19812462  0.20956457  0.22118337  0.14342620  0.18685811  0.18685811  0.29499082  0.00000000  0.13295356  0.12262645  
88_1_0     0.36264300  0.29499082  0.28216923  0.30803752  0.19812462  0.22118337  0.22118337  0.22118337  0.23298673  0.22118337  0.17575986  0.20956457  0.20956457  0.24498058  0.13295356  0.00000000  0.08269595  
88_0_0     0.36264300  0.29499082  0.28216923  0.30803752  0.20956457  0.23298673  0.25717118  0.23298673  0.24498058  0.23298673  0.17575986  0.23298673  0.23298673  0.26956510  0.12262645  0.08269595  0.00000000  

