11
3_0_0      0.00000000  0.21976053  0.20919499  0.59950251  0.56499070  0.53199819  0.61737317  0.54831294  0.54831294  0.56499070  0.50039682  
2_0_0      0.21976053  0.00000000  0.02419587  0.51603098  0.51603098  0.45536054  0.56499070  0.44093033  0.47007402  0.41287748  0.45536054  
1_0_0      0.20919499  0.02419587  0.00000000  0.53199819  0.50039682  0.44093033  0.54831294  0.42677268  0.45536054  0.41287748  0.45536054  
15_0_0     0.59950251  0.51603098  0.53199819  0.00000000  0.07506480  0.09281830  0.25238122  0.14875037  0.19877631  0.17836358  0.21976053  
20_0_0     0.56499070  0.51603098  0.50039682  0.07506480  0.00000000  0.06634328  0.21976053  0.13913370  0.18850046  0.12963885  0.18850046  
8_0_0      0.53199819  0.45536054  0.44093033  0.09281830  0.06634328  0.00000000  0.24134916  0.08388899  0.16836195  0.12963885  0.20919499  
19_0_0     0.61737317  0.56499070  0.54831294  0.25238122  0.21976053  0.24134916  0.00000000  0.24134916  0.27494470  0.27494470  0.29820852  
18_0_0     0.54831294  0.44093033  0.42677268  0.14875037  0.13913370  0.08388899  0.24134916  0.00000000  0.07506480  0.07506480  0.19877631  
7_0_0      0.54831294  0.47007402  0.45536054  0.19877631  0.18850046  0.16836195  0.27494470  0.07506480  0.00000000  0.13913370  0.19877631  
16_0_0     0.56499070  0.41287748  0.41287748  0.17836358  0.12963885  0.12963885  0.27494470  0.07506480  0.13913370  0.00000000  0.17836358  
9_0_0      0.50039682  0.45536054  0.45536054  0.21976053  0.18850046  0.20919499  0.29820852  0.19877631  0.19877631  0.17836358  0.00000000  

