20
16_0_0     0.00000000  0.15398888  0.12314075  0.12747062  0.13182566  0.12314075  0.35979019  0.35979019  0.35979019  0.35389236  0.34223418  0.33647243  0.36573482  0.34804059  0.35389236  0.35979019  0.34804059  0.33075464  0.34223418  0.33647243  
20_0_0     0.15398888  0.00000000  0.11029930  0.10606726  0.11029930  0.10185900  0.32508017  0.34804059  0.32508017  0.33075464  0.32508017  0.31944835  0.36573482  0.34223418  0.30280254  0.31944835  0.31385856  0.31385856  0.31385856  0.30831016  
19_0_0     0.12314075  0.11029930  0.00000000  0.00367199  0.01479719  0.02230684  0.31385856  0.34804059  0.34223418  0.33647243  0.33647243  0.32508017  0.35389236  0.34804059  0.34223418  0.34804059  0.33075464  0.33075464  0.33075464  0.32508017  
17_0_0     0.12747062  0.10606726  0.00367199  0.00000000  0.01107040  0.01854260  0.31944835  0.35389236  0.34804059  0.34223418  0.34223418  0.33075464  0.35979019  0.35389236  0.34804059  0.35389236  0.33647243  0.33647243  0.33647243  0.33075464  
18_0_0     0.13182566  0.11029930  0.01479719  0.01107040  0.00000000  0.01479719  0.33075464  0.36573482  0.34804059  0.35389236  0.35389236  0.34223418  0.37172699  0.36573482  0.35979019  0.36573482  0.33647243  0.34804059  0.34804059  0.34223418  
15_0_0     0.12314075  0.10185900  0.02230684  0.01854260  0.01479719  0.00000000  0.33075464  0.36573482  0.35979019  0.35389236  0.35389236  0.34223418  0.37172699  0.35389236  0.35979019  0.36573482  0.34804059  0.34804059  0.34804059  0.34223418  
9_0_0      0.35979019  0.32508017  0.31385856  0.31944835  0.33075464  0.33075464  0.00000000  0.14061243  0.12747062  0.12747062  0.12747062  0.11455537  0.14950348  0.15398888  0.22470686  0.23968828  0.24474941  0.23466111  0.24474941  0.23968828  
8_0_0      0.35979019  0.34804059  0.34804059  0.35389236  0.36573482  0.36573482  0.14061243  0.00000000  0.05312163  0.05312163  0.04919975  0.03755581  0.08937421  0.08116512  0.22966745  0.24474941  0.25497542  0.23968828  0.23968828  0.24474941  
1_0_0      0.35979019  0.32508017  0.34223418  0.34804059  0.34804059  0.35979019  0.12747062  0.05312163  0.00000000  0.02989253  0.03371437  0.01479719  0.09351273  0.09351273  0.21488313  0.22966745  0.23968828  0.22470686  0.23466111  0.22966745  
5_0_0      0.35389236  0.33075464  0.33647243  0.34223418  0.35389236  0.35389236  0.12747062  0.05312163  0.02989253  0.00000000  0.02989253  0.01479719  0.08116512  0.09351273  0.22470686  0.22966745  0.24984497  0.23968828  0.24984497  0.24474941  
10_0_0     0.34223418  0.32508017  0.33647243  0.34223418  0.35389236  0.35389236  0.12747062  0.04919975  0.03371437  0.02989253  0.00000000  0.01854260  0.08937421  0.08937421  0.23466111  0.24984497  0.27058099  0.24474941  0.25497542  0.24984497  
7_0_0      0.33647243  0.31944835  0.32508017  0.33075464  0.34223418  0.34223418  0.11455537  0.03755581  0.01479719  0.01479719  0.01854260  0.00000000  0.07709406  0.07709406  0.21488313  0.22966745  0.24984497  0.22470686  0.23466111  0.22966745  
12_0_0     0.36573482  0.36573482  0.35389236  0.35979019  0.37172699  0.37172699  0.14950348  0.08937421  0.09351273  0.08116512  0.08937421  0.07709406  0.00000000  0.11883576  0.23968828  0.23466111  0.25497542  0.23968828  0.24474941  0.24474941  
4_0_0      0.34804059  0.34223418  0.34804059  0.35389236  0.36573482  0.35389236  0.15398888  0.08116512  0.09351273  0.09351273  0.08937421  0.07709406  0.11883576  0.00000000  0.23968828  0.22966745  0.24984497  0.23968828  0.24984497  0.25497542  
13_0_0     0.35389236  0.30280254  0.34223418  0.34804059  0.35979019  0.35979019  0.22470686  0.22966745  0.21488313  0.22470686  0.23466111  0.21488313  0.23968828  0.23968828  0.00000000  0.03371437  0.06901772  0.06501197  0.06501197  0.06501197  
3_0_0      0.35979019  0.31944835  0.34804059  0.35389236  0.36573482  0.36573482  0.23968828  0.24474941  0.22966745  0.22966745  0.24984497  0.22966745  0.23466111  0.22966745  0.03371437  0.00000000  0.03755581  0.05312163  0.05312163  0.06102751  
6_0_0      0.34804059  0.31385856  0.33075464  0.33647243  0.33647243  0.34804059  0.24474941  0.25497542  0.23968828  0.24984497  0.27058099  0.24984497  0.25497542  0.24984497  0.06901772  0.03755581  0.00000000  0.09351273  0.09351273  0.08937421  
2_0_0      0.33075464  0.31385856  0.33075464  0.33647243  0.34804059  0.34804059  0.23466111  0.23968828  0.22470686  0.23968828  0.24474941  0.22470686  0.23968828  0.23968828  0.06501197  0.05312163  0.09351273  0.00000000  0.00736206  0.01479719  
14_0_0     0.34223418  0.31385856  0.33075464  0.33647243  0.34804059  0.34804059  0.24474941  0.23968828  0.23466111  0.24984497  0.25497542  0.23466111  0.24474941  0.24984497  0.06501197  0.05312163  0.09351273  0.00736206  0.00000000  0.01479719  
11_0_0     0.33647243  0.30831016  0.32508017  0.33075464  0.34223418  0.34223418  0.23968828  0.24474941  0.22966745  0.24474941  0.24984497  0.22966745  0.24474941  0.25497542  0.06501197  0.06102751  0.08937421  0.01479719  0.01479719  0.00000000  

