16
23_1_0     0.00000000  0.00834655  0.13156412  0.13156412  0.11679413  0.12168414  0.14158040  0.14664084  0.19928543  0.16203731  0.17776738  0.16203731  0.16203731  0.16203731  0.18308740  0.18844668  
57_1_0     0.00834655  0.00000000  0.13156412  0.13156412  0.10711180  0.11193682  0.15173680  0.15686879  0.19928543  0.17248606  0.18844668  0.17248606  0.17248606  0.17248606  0.19384583  0.18844668  
48_2_0     0.13156412  0.13156412  0.00000000  0.00834655  0.10711180  0.10231864  0.12168414  0.12660732  0.23854841  0.21585311  0.22146077  0.21585311  0.21028844  0.21028844  0.21028844  0.22711208  
24_2_0     0.13156412  0.13156412  0.00834655  0.00000000  0.10711180  0.10231864  0.12168414  0.12660732  0.23854841  0.21585311  0.22146077  0.21585311  0.21028844  0.21028844  0.21028844  0.22711208  
81_0_0     0.11679413  0.10711180  0.10711180  0.10711180  0.00000000  0.02104910  0.10231864  0.10711180  0.18844668  0.16724289  0.18308740  0.16724289  0.17248606  0.17248606  0.16203731  0.16724289  
62_0_0     0.12168414  0.11193682  0.10231864  0.10231864  0.02104910  0.00000000  0.11679413  0.12168414  0.18308740  0.17248606  0.17776738  0.17248606  0.17776738  0.17776738  0.16724289  0.17248606  
87_0_0     0.14158040  0.15173680  0.12168414  0.12168414  0.10231864  0.11679413  0.00000000  0.01255609  0.19928543  0.15686879  0.17248606  0.16203731  0.15686879  0.15686879  0.16203731  0.17776738  
53_0_0     0.14664084  0.15686879  0.12660732  0.12660732  0.10711180  0.12168414  0.01255609  0.00000000  0.20476609  0.16203731  0.17776738  0.16724289  0.16203731  0.16203731  0.15686879  0.17248606  
74_0_0     0.19928543  0.19928543  0.23854841  0.23854841  0.18844668  0.18308740  0.19928543  0.20476609  0.00000000  0.05158234  0.05605098  0.06507163  0.05605098  0.04714104  0.06962433  0.06507163  
10_3_0     0.16203731  0.17248606  0.21585311  0.21585311  0.16724289  0.17248606  0.15686879  0.16203731  0.05158234  0.00000000  0.01255609  0.02964264  0.02104910  0.01255609  0.01679017  0.02104910  
49_3_0     0.17776738  0.18844668  0.22146077  0.22146077  0.18308740  0.17776738  0.17248606  0.17776738  0.05605098  0.01255609  0.00000000  0.04272674  0.03397786  0.02533315  0.02964264  0.03397786  
36_5_0     0.16203731  0.17248606  0.21585311  0.21585311  0.16724289  0.17248606  0.16203731  0.16724289  0.06507163  0.02964264  0.04272674  0.00000000  0.02533315  0.02533315  0.03833912  0.04272674  
36_3_0     0.16203731  0.17248606  0.21028844  0.21028844  0.17248606  0.17776738  0.15686879  0.16203731  0.05605098  0.02104910  0.03397786  0.02533315  0.00000000  0.01679017  0.03833912  0.04272674  
36_0_0     0.16203731  0.17248606  0.21028844  0.21028844  0.17248606  0.17776738  0.15686879  0.16203731  0.04714104  0.01255609  0.02533315  0.02533315  0.01679017  0.00000000  0.02964264  0.03397786  
49_0_0     0.18308740  0.19384583  0.21028844  0.21028844  0.16203731  0.16724289  0.16203731  0.15686879  0.06962433  0.01679017  0.02964264  0.03833912  0.03833912  0.02964264  0.00000000  0.01255609  
10_0_0     0.18844668  0.18844668  0.22711208  0.22711208  0.16724289  0.17248606  0.17776738  0.17248606  0.06507163  0.02104910  0.03397786  0.04272674  0.04272674  0.03397786  0.01255609  0.00000000  

