20
9_0_0      0.00000000  0.11451861  0.14783092  0.19712385  0.17559746  0.15467607  0.17559746  0.17559746  0.16855813  0.16855813  0.20443989  0.27373628  0.29834662  0.33247950  0.33247950  0.29834662  0.35914708  0.35015133  0.34126298  0.34126298  
3_0_0      0.11451861  0.00000000  0.02847049  0.19712385  0.20443989  0.21182854  0.18987900  0.18987900  0.19712385  0.19712385  0.24213907  0.26571036  0.34126298  0.32379844  0.32379844  0.35015133  0.36825287  0.35914708  0.35015133  0.35015133  
6_0_0      0.14783092  0.02847049  0.00000000  0.21929127  0.22682956  0.23444496  0.22682956  0.22682956  0.23444496  0.23444496  0.25777005  0.28184966  0.34126298  0.29834662  0.29834662  0.35914708  0.34126298  0.35914708  0.35015133  0.35015133  
10_0_0     0.19712385  0.19712385  0.21929127  0.00000000  0.08890205  0.09522403  0.15467607  0.15467607  0.15467607  0.15467607  0.16158474  0.22682956  0.31521745  0.30673425  0.30673425  0.29005245  0.31521745  0.29005245  0.28184966  0.28184966  
1_0_0      0.17559746  0.20443989  0.22682956  0.08890205  0.00000000  0.02847049  0.09522403  0.09522403  0.09522403  0.09522403  0.09522403  0.20443989  0.33247950  0.34126298  0.34126298  0.31521745  0.35914708  0.33247950  0.34126298  0.34126298  
8_0_0      0.15467607  0.21182854  0.23444496  0.09522403  0.02847049  0.00000000  0.10803136  0.10803136  0.10160015  0.10160015  0.10803136  0.21929127  0.31521745  0.35015133  0.35015133  0.31521745  0.33247950  0.32379844  0.31521745  0.31521745  
2_0_0      0.17559746  0.18987900  0.22682956  0.15467607  0.09522403  0.10803136  0.00000000  0.00000000  0.05807324  0.05807324  0.14104814  0.25777005  0.33247950  0.35914708  0.35914708  0.29834662  0.35914708  0.35015133  0.36825287  0.36825287  
12_0_0     0.17559746  0.18987900  0.22682956  0.15467607  0.09522403  0.10803136  0.00000000  0.00000000  0.05807324  0.05807324  0.14104814  0.25777005  0.33247950  0.35914708  0.35914708  0.29834662  0.35914708  0.35015133  0.36825287  0.36825287  
4_0_0      0.16855813  0.19712385  0.23444496  0.15467607  0.09522403  0.10160015  0.05807324  0.05807324  0.00000000  0.00000000  0.10803136  0.21182854  0.30673425  0.34126298  0.34126298  0.26571036  0.31521745  0.30673425  0.33247950  0.33247950  
11_0_0     0.16855813  0.19712385  0.23444496  0.15467607  0.09522403  0.10160015  0.05807324  0.05807324  0.00000000  0.00000000  0.10803136  0.21182854  0.30673425  0.34126298  0.34126298  0.26571036  0.31521745  0.30673425  0.33247950  0.33247950  
5_0_0      0.20443989  0.24213907  0.25777005  0.16158474  0.09522403  0.10803136  0.14104814  0.14104814  0.10803136  0.10803136  0.00000000  0.21182854  0.33247950  0.33247950  0.33247950  0.33247950  0.35914708  0.35914708  0.36825287  0.36825287  
7_0_0      0.27373628  0.26571036  0.28184966  0.22682956  0.20443989  0.21929127  0.25777005  0.25777005  0.21182854  0.21182854  0.21182854  0.00000000  0.32379844  0.25777005  0.25777005  0.29005245  0.31521745  0.29834662  0.33247950  0.33247950  
20_0_0     0.29834662  0.34126298  0.34126298  0.31521745  0.33247950  0.31521745  0.33247950  0.33247950  0.30673425  0.30673425  0.33247950  0.32379844  0.00000000  0.13432660  0.13432660  0.12106289  0.19712385  0.18987900  0.17559746  0.17559746  
19_0_0     0.33247950  0.32379844  0.29834662  0.30673425  0.34126298  0.35015133  0.35914708  0.35914708  0.34126298  0.34126298  0.33247950  0.25777005  0.13432660  0.00000000  0.00000000  0.10803136  0.16855813  0.16158474  0.18270398  0.18270398  
13_0_0     0.33247950  0.32379844  0.29834662  0.30673425  0.34126298  0.35015133  0.35914708  0.35914708  0.34126298  0.34126298  0.33247950  0.25777005  0.13432660  0.00000000  0.00000000  0.10803136  0.16855813  0.16158474  0.18270398  0.18270398  
16_0_0     0.29834662  0.35015133  0.35914708  0.29005245  0.31521745  0.31521745  0.29834662  0.29834662  0.26571036  0.26571036  0.33247950  0.29005245  0.12106289  0.10803136  0.10803136  0.00000000  0.12766520  0.10803136  0.12766520  0.12766520  
14_0_0     0.35914708  0.36825287  0.34126298  0.31521745  0.35914708  0.33247950  0.35914708  0.35914708  0.31521745  0.31521745  0.35914708  0.31521745  0.19712385  0.16855813  0.16855813  0.12766520  0.00000000  0.03429762  0.05807324  0.05807324  
18_0_0     0.35015133  0.35914708  0.35914708  0.29005245  0.33247950  0.32379844  0.35015133  0.35015133  0.30673425  0.30673425  0.35914708  0.29834662  0.18987900  0.16158474  0.16158474  0.10803136  0.03429762  0.00000000  0.05807324  0.05807324  
17_0_0     0.34126298  0.35015133  0.35015133  0.28184966  0.34126298  0.31521745  0.36825287  0.36825287  0.33247950  0.33247950  0.36825287  0.33247950  0.17559746  0.18270398  0.18270398  0.12766520  0.05807324  0.05807324  0.00000000  0.00000000  
15_0_0     0.34126298  0.35015133  0.35015133  0.28184966  0.34126298  0.31521745  0.36825287  0.36825287  0.33247950  0.33247950  0.36825287  0.33247950  0.17559746  0.18270398  0.18270398  0.12766520  0.05807324  0.05807324  0.00000000  0.00000000  

