151
56_0_0     0.00000000  0.35207560  0.35207560  0.35207560  0.24890237  0.27689983  0.28167404  0.28648019  0.29131872  0.27689983  0.27215715  0.24434042  0.24434042  0.23530251  0.29131872  0.28167404  0.24890237  0.24890237  0.24434042  0.22637691  0.23082585  0.23530251  0.23082585  0.23082585  0.23082585  0.23530251  0.27689983  0.28648019  0.26744558  0.26744558  0.29131872  0.26276470  0.23082585  0.25811414  0.25811414  0.19598282  0.31100548  0.32613293  0.32105497  0.31601265  0.32105497  0.25811414  0.28167404  0.27689983  0.25811414  0.24890237  0.27215715  0.23980725  0.26744558  0.27215715  0.27689983  0.26276470  0.27215715  0.26744558  0.26276470  0.27689983  0.25811414  0.29619005  0.29131872  0.25811414  0.25349349  0.27689983  0.24434042  0.25811414  0.27215715  0.27215715  0.22195536  0.26744558  0.22637691  0.23082585  0.22195536  0.28648019  0.20453641  0.20885171  0.21319308  0.21319308  0.20453641  0.20453641  0.20024688  0.21319308  0.29619005  0.25811414  0.28167404  0.28167404  0.28167404  0.25811414  0.22195536  0.22637691  0.22637691  0.22637691  0.22637691  0.23082585  0.25349349  0.25811414  0.26276470  0.30109466  0.30109466  0.29619005  0.31601265  0.34681157  0.30109466  0.29619005  0.31601265  0.34158583  0.33639784  0.33639784  0.33124705  0.34158583  0.34158583  0.28167404  0.30109466  0.28167404  0.31601265  0.26744558  0.26744558  0.26744558  0.26744558  0.26744558  0.28167404  0.28167404  0.28167404  0.26744558  0.26276470  0.25349349  0.25349349  0.30109466  0.29131872  0.32105497  0.32105497  0.23082585  0.23530251  0.23530251  0.26744558  0.25811414  0.26276470  0.33124705  0.33124705  0.26744558  0.27215715  0.26744558  0.26744558  0.28648019  0.28648019  0.31100548  0.30109466  0.30109466  0.30603298  0.30603298  0.30603298  0.28167404  0.28648019  
13_0_0     0.35207560  0.00000000  0.00977495  0.00977495  0.34681157  0.35737850  0.35207560  0.38449660  0.40127290  0.37352620  0.36810320  0.40127290  0.40127290  0.39004528  0.39563715  0.39563715  0.41267880  0.40127290  0.39563715  0.40127290  0.40695321  0.37899046  0.39004528  0.39004528  0.40127290  0.40695321  0.37352620  0.37352620  0.40127290  0.40695321  0.40695321  0.46637281  0.44201203  0.38449660  0.39563715  0.34681157  0.44802521  0.43604877  0.45408915  0.43604877  0.40127290  0.38449660  0.37899046  0.37899046  0.38449660  0.39563715  0.39563715  0.37899046  0.40127290  0.43013461  0.39004528  0.40695321  0.41267880  0.41267880  0.42426875  0.40695321  0.36272083  0.39563715  0.43604877  0.40695321  0.41267880  0.40695321  0.40695321  0.39563715  0.44802521  0.44201203  0.39563715  0.41845040  0.39004528  0.39563715  0.36272083  0.39004528  0.40127290  0.40695321  0.40127290  0.40127290  0.37899046  0.37899046  0.37352620  0.38449660  0.39004528  0.37899046  0.38449660  0.37899046  0.37899046  0.36810320  0.37352620  0.37899046  0.37899046  0.37899046  0.37899046  0.40127290  0.42426875  0.43604877  0.44802521  0.40127290  0.40127290  0.40695321  0.41845040  0.41267880  0.41845040  0.41845040  0.39004528  0.41845040  0.40695321  0.40695321  0.41267880  0.40127290  0.40127290  0.41845040  0.45408915  0.38449660  0.42426875  0.39563715  0.39563715  0.39563715  0.37352620  0.37352620  0.38449660  0.40127290  0.40127290  0.40695321  0.40127290  0.39004528  0.39004528  0.47259432  0.46637281  0.38449660  0.38449660  0.43604877  0.43013461  0.37352620  0.37899046  0.35207560  0.35737850  0.46637281  0.47259432  0.44201203  0.43604877  0.44201203  0.43013461  0.42426875  0.42426875  0.43013461  0.39004528  0.39004528  0.41267880  0.41267880  0.42426875  0.40127290  0.39563715  
26_0_0     0.35207560  0.00977495  0.00000000  0.00650183  0.33639784  0.35207560  0.34681157  0.37352620  0.39004528  0.36272083  0.35737850  0.39563715  0.39563715  0.37899046  0.39004528  0.39004528  0.40127290  0.39563715  0.39004528  0.39563715  0.40127290  0.37352620  0.38449660  0.38449660  0.39563715  0.40127290  0.36810320  0.36810320  0.39004528  0.40127290  0.40127290  0.44802521  0.43604877  0.37352620  0.38449660  0.33639784  0.45408915  0.43013461  0.44802521  0.43013461  0.39004528  0.37352620  0.36810320  0.37899046  0.38449660  0.39563715  0.39563715  0.37899046  0.39004528  0.43013461  0.39004528  0.39004528  0.39563715  0.40695321  0.40695321  0.39004528  0.36810320  0.37899046  0.41845040  0.39004528  0.39563715  0.39004528  0.41845040  0.39563715  0.43604877  0.43013461  0.37899046  0.40695321  0.37899046  0.38449660  0.35207560  0.40127290  0.38449660  0.39004528  0.38449660  0.38449660  0.38449660  0.38449660  0.36810320  0.37899046  0.39563715  0.37899046  0.38449660  0.37899046  0.37899046  0.36272083  0.37352620  0.37899046  0.37899046  0.37899046  0.37899046  0.39004528  0.42426875  0.42426875  0.43013461  0.40127290  0.40127290  0.40695321  0.41845040  0.39563715  0.41845040  0.41845040  0.39004528  0.41845040  0.40695321  0.40695321  0.41267880  0.40127290  0.40127290  0.41845040  0.45408915  0.39563715  0.42426875  0.39563715  0.39563715  0.39563715  0.37352620  0.37352620  0.39563715  0.40127290  0.40127290  0.40127290  0.39563715  0.38449660  0.38449660  0.46637281  0.46020473  0.37899046  0.37899046  0.41845040  0.41267880  0.37352620  0.37352620  0.34681157  0.36810320  0.44802521  0.45408915  0.43604877  0.43013461  0.43604877  0.42426875  0.41845040  0.41845040  0.43604877  0.39563715  0.39563715  0.41845040  0.41845040  0.43013461  0.40695321  0.40127290  
33_0_0     0.35207560  0.00977495  0.00650183  0.00000000  0.34681157  0.35207560  0.34681157  0.37352620  0.39004528  0.36272083  0.35737850  0.40695321  0.40695321  0.39004528  0.39004528  0.40127290  0.40695321  0.40127290  0.40127290  0.40695321  0.41267880  0.38449660  0.39563715  0.39563715  0.40695321  0.41267880  0.37899046  0.37899046  0.39004528  0.40127290  0.40127290  0.44802521  0.43604877  0.37352620  0.38449660  0.33639784  0.44201203  0.43013461  0.44802521  0.41845040  0.39004528  0.37352620  0.36810320  0.37899046  0.37352620  0.38449660  0.38449660  0.37899046  0.39004528  0.41845040  0.37899046  0.39004528  0.39563715  0.39563715  0.40695321  0.39004528  0.35737850  0.39004528  0.43013461  0.39004528  0.39563715  0.39004528  0.40695321  0.38449660  0.43604877  0.43013461  0.37899046  0.40695321  0.37899046  0.38449660  0.35207560  0.40127290  0.38449660  0.39004528  0.38449660  0.38449660  0.37352620  0.37352620  0.35737850  0.37899046  0.39563715  0.39004528  0.38449660  0.37899046  0.37899046  0.36272083  0.37352620  0.37899046  0.37899046  0.37899046  0.37899046  0.40127290  0.42426875  0.43604877  0.44201203  0.41267880  0.41267880  0.41845040  0.41845040  0.40695321  0.43013461  0.43013461  0.40127290  0.43013461  0.41845040  0.41845040  0.42426875  0.41267880  0.41267880  0.43013461  0.46637281  0.39563715  0.41267880  0.39563715  0.39563715  0.39563715  0.37352620  0.37352620  0.39563715  0.41267880  0.41267880  0.40127290  0.39563715  0.39563715  0.39563715  0.46637281  0.46020473  0.39004528  0.39004528  0.43013461  0.42426875  0.37352620  0.37352620  0.34681157  0.35737850  0.44802521  0.46637281  0.43604877  0.43013461  0.43604877  0.42426875  0.41845040  0.41845040  0.42426875  0.38449660  0.38449660  0.40695321  0.40695321  0.41845040  0.39563715  0.39004528  
7_0_0      0.24890237  0.34681157  0.33639784  0.34681157  0.00000000  0.18752989  0.17503412  0.28167404  0.28167404  0.25811414  0.26276470  0.25811414  0.25811414  0.25349349  0.25349349  0.25811414  0.27689983  0.27689983  0.31100548  0.31100548  0.31601265  0.30109466  0.31100548  0.31100548  0.31601265  0.32105497  0.31100548  0.31100548  0.31601265  0.31100548  0.31601265  0.33124705  0.33124705  0.27689983  0.28648019  0.25349349  0.34158583  0.32613293  0.33639784  0.32105497  0.30603298  0.29619005  0.30109466  0.30109466  0.30109466  0.28167404  0.31100548  0.29619005  0.28167404  0.30603298  0.29131872  0.32105497  0.32613293  0.32105497  0.32613293  0.33124705  0.30109466  0.32613293  0.34158583  0.28648019  0.28648019  0.28648019  0.29619005  0.28167404  0.29619005  0.30603298  0.28167404  0.27215715  0.27215715  0.28648019  0.28648019  0.34158583  0.27689983  0.28167404  0.27689983  0.27689983  0.26276470  0.26276470  0.27689983  0.29619005  0.35207560  0.30603298  0.29619005  0.30603298  0.30603298  0.28167404  0.30109466  0.30603298  0.30603298  0.30603298  0.30603298  0.30109466  0.33639784  0.28648019  0.30109466  0.30603298  0.30603298  0.30109466  0.32613293  0.34681157  0.35207560  0.34681157  0.36272083  0.37352620  0.37352620  0.37352620  0.37899046  0.36272083  0.36272083  0.35207560  0.36810320  0.33639784  0.37352620  0.35207560  0.35207560  0.35207560  0.33124705  0.33124705  0.32613293  0.32105497  0.32105497  0.33124705  0.33124705  0.32105497  0.32105497  0.29131872  0.31100548  0.35737850  0.35737850  0.30109466  0.30603298  0.28648019  0.31100548  0.32105497  0.30603298  0.35737850  0.35207560  0.32105497  0.32613293  0.32105497  0.32105497  0.29619005  0.29619005  0.32105497  0.32613293  0.32613293  0.32613293  0.32613293  0.34681157  0.31601265  0.31100548  
34_0_0     0.27689983  0.35737850  0.35207560  0.35207560  0.18752989  0.00000000  0.01636627  0.29131872  0.31601265  0.27689983  0.27215715  0.28648019  0.28648019  0.26276470  0.29619005  0.30109466  0.27689983  0.27689983  0.32613293  0.30603298  0.30109466  0.30603298  0.32613293  0.32613293  0.32105497  0.31100548  0.27689983  0.27689983  0.31100548  0.32613293  0.32105497  0.32105497  0.31601265  0.26744558  0.27689983  0.27215715  0.34158583  0.33124705  0.35737850  0.33639784  0.30109466  0.27689983  0.29131872  0.28648019  0.30109466  0.28167404  0.31601265  0.31100548  0.27689983  0.31601265  0.28648019  0.28167404  0.29619005  0.30109466  0.29619005  0.29131872  0.28648019  0.31601265  0.29131872  0.26744558  0.27215715  0.28648019  0.27689983  0.30109466  0.28648019  0.29619005  0.27215715  0.30109466  0.27689983  0.28167404  0.30109466  0.36810320  0.30109466  0.31100548  0.30603298  0.30603298  0.30109466  0.30109466  0.31601265  0.31100548  0.36810320  0.27215715  0.29131872  0.29131872  0.29131872  0.26744558  0.28648019  0.28167404  0.28167404  0.28167404  0.28167404  0.32613293  0.34681157  0.33124705  0.33124705  0.34681157  0.34681157  0.34158583  0.29619005  0.32105497  0.36272083  0.35737850  0.34158583  0.35737850  0.35737850  0.35737850  0.35207560  0.35207560  0.35207560  0.34158583  0.36810320  0.40127290  0.40695321  0.39563715  0.39563715  0.39563715  0.38449660  0.38449660  0.40127290  0.38449660  0.38449660  0.31601265  0.32105497  0.32105497  0.32105497  0.33124705  0.33639784  0.39563715  0.39563715  0.31601265  0.32105497  0.28167404  0.28648019  0.29131872  0.31601265  0.35737850  0.37352620  0.30109466  0.30603298  0.30109466  0.31100548  0.31601265  0.31601265  0.31100548  0.31601265  0.31601265  0.32105497  0.32105497  0.33124705  0.31100548  0.31601265  
23_0_0     0.28167404  0.35207560  0.34681157  0.34681157  0.17503412  0.01636627  0.00000000  0.28648019  0.30109466  0.26276470  0.25811414  0.27215715  0.27215715  0.24890237  0.28167404  0.28648019  0.26276470  0.26276470  0.30109466  0.29131872  0.28648019  0.30109466  0.32105497  0.32105497  0.30603298  0.30603298  0.27215715  0.27215715  0.29619005  0.31100548  0.31601265  0.30603298  0.30109466  0.26276470  0.27215715  0.25811414  0.34681157  0.33639784  0.36272083  0.33124705  0.29619005  0.27215715  0.26744558  0.28167404  0.29619005  0.27689983  0.31100548  0.30603298  0.26276470  0.30109466  0.27215715  0.28648019  0.30109466  0.30603298  0.30109466  0.29619005  0.27215715  0.31100548  0.27689983  0.25349349  0.25811414  0.27215715  0.26276470  0.29619005  0.27215715  0.28167404  0.25811414  0.28648019  0.27215715  0.27689983  0.29619005  0.36272083  0.29619005  0.30603298  0.30109466  0.30109466  0.27689983  0.27689983  0.30109466  0.30603298  0.35207560  0.29619005  0.29619005  0.29619005  0.29619005  0.27215715  0.29131872  0.28648019  0.28648019  0.28648019  0.28648019  0.33124705  0.34158583  0.32613293  0.31601265  0.33124705  0.33124705  0.32613293  0.30109466  0.32613293  0.34681157  0.34158583  0.33639784  0.35207560  0.35207560  0.35207560  0.34681157  0.34681157  0.34681157  0.32613293  0.35207560  0.40695321  0.41267880  0.40127290  0.40127290  0.40127290  0.39004528  0.39004528  0.40695321  0.39004528  0.39004528  0.31100548  0.31601265  0.31601265  0.31601265  0.31601265  0.33124705  0.40127290  0.40127290  0.31100548  0.31601265  0.28648019  0.28167404  0.28648019  0.32105497  0.36272083  0.35737850  0.29619005  0.30109466  0.29619005  0.30603298  0.31100548  0.31100548  0.31601265  0.30109466  0.30109466  0.32613293  0.32613293  0.33639784  0.29619005  0.31100548  
40_0_0     0.28648019  0.38449660  0.37352620  0.37352620  0.28167404  0.29131872  0.28648019  0.00000000  0.08583652  0.08949284  0.08583652  0.32613293  0.32613293  0.33124705  0.34158583  0.35207560  0.31601265  0.30603298  0.28648019  0.30603298  0.31100548  0.31601265  0.33639784  0.32613293  0.32613293  0.32105497  0.29619005  0.30109466  0.30603298  0.32105497  0.28648019  0.32105497  0.30109466  0.32613293  0.32613293  0.26744558  0.31100548  0.29619005  0.31100548  0.28648019  0.33124705  0.27689983  0.30109466  0.30603298  0.33639784  0.32613293  0.31100548  0.31601265  0.31100548  0.37899046  0.37899046  0.30603298  0.31100548  0.32613293  0.31100548  0.30603298  0.31601265  0.34681157  0.35737850  0.30109466  0.29619005  0.30603298  0.29131872  0.31601265  0.32613293  0.31601265  0.29619005  0.34681157  0.31601265  0.32105497  0.30109466  0.31601265  0.29619005  0.29131872  0.29619005  0.29619005  0.36272083  0.36272083  0.33639784  0.33639784  0.37352620  0.32105497  0.31601265  0.32105497  0.32105497  0.31601265  0.30603298  0.31100548  0.31100548  0.31100548  0.31100548  0.33639784  0.36272083  0.37352620  0.37352620  0.36810320  0.36810320  0.37352620  0.31601265  0.35737850  0.41845040  0.41267880  0.40127290  0.41845040  0.41845040  0.41845040  0.41845040  0.41267880  0.41267880  0.39563715  0.41267880  0.39004528  0.39563715  0.38449660  0.38449660  0.38449660  0.36272083  0.36272083  0.36272083  0.36272083  0.36272083  0.35207560  0.35737850  0.35737850  0.35737850  0.39563715  0.38449660  0.39563715  0.39563715  0.40695321  0.40127290  0.33124705  0.31100548  0.30109466  0.37352620  0.39563715  0.44802521  0.37352620  0.37899046  0.37352620  0.35207560  0.39004528  0.39004528  0.41267880  0.37352620  0.37352620  0.39563715  0.39563715  0.41267880  0.37352620  0.37899046  
46_0_0     0.29131872  0.40127290  0.39004528  0.39004528  0.28167404  0.31601265  0.30109466  0.08583652  0.00000000  0.10057481  0.09686179  0.32613293  0.32613293  0.31100548  0.35207560  0.35207560  0.31601265  0.30603298  0.28648019  0.28648019  0.32105497  0.31601265  0.32613293  0.31601265  0.30603298  0.31100548  0.31100548  0.30603298  0.31100548  0.31601265  0.31601265  0.31100548  0.28167404  0.33124705  0.33124705  0.26276470  0.34681157  0.32105497  0.32613293  0.33124705  0.34681157  0.26276470  0.30603298  0.32105497  0.33639784  0.32613293  0.31601265  0.34158583  0.31601265  0.40695321  0.37352620  0.32105497  0.32613293  0.33124705  0.33639784  0.33124705  0.33124705  0.39563715  0.38449660  0.30603298  0.32105497  0.32105497  0.30603298  0.33639784  0.32105497  0.31100548  0.30109466  0.37352620  0.33124705  0.33639784  0.32613293  0.35737850  0.30109466  0.29619005  0.30109466  0.30109466  0.36810320  0.36810320  0.35207560  0.37352620  0.39004528  0.34158583  0.35207560  0.35737850  0.35737850  0.34681157  0.31601265  0.30109466  0.30109466  0.30109466  0.30109466  0.33639784  0.35207560  0.37352620  0.37352620  0.40695321  0.40695321  0.41267880  0.33124705  0.38449660  0.40127290  0.39563715  0.39563715  0.42426875  0.42426875  0.42426875  0.42426875  0.41845040  0.41845040  0.40127290  0.41845040  0.40127290  0.42426875  0.40695321  0.40695321  0.40695321  0.38449660  0.38449660  0.39563715  0.37352620  0.37352620  0.36810320  0.37352620  0.37352620  0.37352620  0.40127290  0.41267880  0.44201203  0.44201203  0.40127290  0.39563715  0.32613293  0.30109466  0.30109466  0.35737850  0.40127290  0.44201203  0.37899046  0.38449660  0.37899046  0.35737850  0.40695321  0.40695321  0.39563715  0.37899046  0.37899046  0.40127290  0.40127290  0.40695321  0.36810320  0.39563715  
31_0_0     0.27689983  0.37352620  0.36272083  0.36272083  0.25811414  0.27689983  0.26276470  0.08949284  0.10057481  0.00000000  0.00324356  0.27215715  0.27215715  0.29619005  0.28648019  0.28648019  0.26276470  0.25349349  0.25349349  0.24890237  0.27215715  0.29619005  0.30603298  0.29619005  0.27689983  0.27215715  0.27215715  0.26744558  0.28167404  0.29619005  0.29131872  0.26744558  0.27215715  0.27689983  0.27689983  0.20024688  0.32613293  0.31100548  0.32613293  0.30603298  0.29131872  0.25349349  0.25811414  0.28167404  0.31601265  0.28648019  0.26744558  0.30109466  0.25811414  0.34158583  0.31100548  0.25349349  0.25811414  0.26276470  0.27689983  0.28167404  0.28167404  0.33124705  0.32105497  0.24890237  0.26276470  0.26276470  0.24890237  0.28167404  0.28167404  0.26276470  0.23530251  0.30109466  0.30109466  0.30603298  0.29619005  0.35737850  0.30603298  0.30109466  0.30603298  0.30603298  0.28648019  0.28648019  0.30109466  0.30109466  0.32613293  0.29619005  0.33639784  0.33124705  0.33124705  0.33124705  0.30603298  0.30109466  0.30109466  0.30109466  0.30109466  0.32613293  0.34158583  0.34158583  0.33124705  0.37899046  0.37899046  0.38449660  0.31601265  0.37352620  0.39004528  0.38449660  0.37352620  0.41267880  0.41267880  0.41267880  0.41267880  0.39563715  0.39563715  0.39004528  0.39563715  0.39004528  0.40127290  0.36272083  0.36272083  0.36272083  0.35207560  0.35207560  0.37352620  0.35207560  0.35207560  0.37899046  0.37352620  0.37352620  0.37352620  0.35737850  0.37899046  0.43013461  0.43013461  0.35207560  0.35737850  0.30603298  0.29619005  0.28648019  0.35207560  0.36810320  0.41845040  0.35737850  0.36272083  0.35737850  0.34681157  0.39563715  0.39563715  0.37352620  0.39004528  0.39004528  0.40127290  0.40127290  0.41845040  0.39004528  0.38449660  
43_0_0     0.27215715  0.36810320  0.35737850  0.35737850  0.26276470  0.27215715  0.25811414  0.08583652  0.09686179  0.00324356  0.00000000  0.26744558  0.26744558  0.29131872  0.29131872  0.29131872  0.25811414  0.24890237  0.25811414  0.25349349  0.26744558  0.29131872  0.30109466  0.29131872  0.27215715  0.26744558  0.26744558  0.26276470  0.27689983  0.29131872  0.28648019  0.27215715  0.26744558  0.28167404  0.28167404  0.19598282  0.33124705  0.31601265  0.33124705  0.31100548  0.29619005  0.24890237  0.25349349  0.27689983  0.31100548  0.28167404  0.26276470  0.30603298  0.26276470  0.33639784  0.31601265  0.24890237  0.25349349  0.25811414  0.27215715  0.27689983  0.27689983  0.32613293  0.31601265  0.24434042  0.25811414  0.25811414  0.24434042  0.27689983  0.27689983  0.25811414  0.23082585  0.29619005  0.29619005  0.30109466  0.29131872  0.35207560  0.30109466  0.29619005  0.30109466  0.30109466  0.29131872  0.29131872  0.29619005  0.30603298  0.32105497  0.30109466  0.33124705  0.32613293  0.32613293  0.32613293  0.30109466  0.29619005  0.29619005  0.29619005  0.29619005  0.32105497  0.33639784  0.33639784  0.32613293  0.37352620  0.37352620  0.37899046  0.31100548  0.36810320  0.38449660  0.37899046  0.36810320  0.40695321  0.40695321  0.40695321  0.40695321  0.39004528  0.39004528  0.38449660  0.39004528  0.39004528  0.40127290  0.36272083  0.36272083  0.36272083  0.35207560  0.35207560  0.37352620  0.35207560  0.35207560  0.37899046  0.37352620  0.37352620  0.37352620  0.35737850  0.37899046  0.43013461  0.43013461  0.35207560  0.35737850  0.31100548  0.29131872  0.28167404  0.35207560  0.36272083  0.41267880  0.35207560  0.35737850  0.35207560  0.34158583  0.39004528  0.39004528  0.36810320  0.38449660  0.38449660  0.39563715  0.39563715  0.41267880  0.38449660  0.37899046  
17_0_0     0.24434042  0.40127290  0.39563715  0.40695321  0.25811414  0.28648019  0.27215715  0.32613293  0.32613293  0.27215715  0.26744558  0.00000000  0.00000000  0.05723725  0.07139456  0.08219871  0.06428102  0.06782898  0.14669591  0.12711767  0.12711767  0.14273734  0.15467911  0.14669591  0.11562185  0.11943339  0.13488505  0.13488505  0.13488505  0.13488505  0.18334043  0.15870423  0.14669591  0.15467911  0.15467911  0.11943339  0.26744558  0.28167404  0.27689983  0.28648019  0.20024688  0.20024688  0.21319308  0.21319308  0.23530251  0.22637691  0.25349349  0.22637691  0.21319308  0.22195536  0.21756086  0.21319308  0.20885171  0.21319308  0.21756086  0.22195536  0.20885171  0.24434042  0.22195536  0.19174392  0.19598282  0.19174392  0.18752989  0.20885171  0.22195536  0.21319308  0.12326525  0.18334043  0.20453641  0.20885171  0.23530251  0.28648019  0.23530251  0.26744558  0.26276470  0.26276470  0.25811414  0.25811414  0.27689983  0.27215715  0.29131872  0.31100548  0.30109466  0.30109466  0.30109466  0.28648019  0.30109466  0.29619005  0.29619005  0.29619005  0.29619005  0.31100548  0.30603298  0.26276470  0.26744558  0.28648019  0.28648019  0.28167404  0.31601265  0.33124705  0.30109466  0.29619005  0.30109466  0.32105497  0.32105497  0.32105497  0.31601265  0.30109466  0.30109466  0.29131872  0.32613293  0.35207560  0.34158583  0.31601265  0.31601265  0.31601265  0.32105497  0.32105497  0.33124705  0.32105497  0.32105497  0.29131872  0.28648019  0.27689983  0.27689983  0.29619005  0.28167404  0.31601265  0.31601265  0.26276470  0.26744558  0.23980725  0.29619005  0.28648019  0.26276470  0.32105497  0.31100548  0.30109466  0.29619005  0.30109466  0.31601265  0.28648019  0.28648019  0.33124705  0.34681157  0.34681157  0.34681157  0.34681157  0.35737850  0.33639784  0.30109466  
14_0_0     0.24434042  0.40127290  0.39563715  0.40695321  0.25811414  0.28648019  0.27215715  0.32613293  0.32613293  0.27215715  0.26744558  0.00000000  0.00000000  0.05723725  0.07139456  0.08219871  0.06428102  0.06782898  0.14669591  0.12711767  0.12711767  0.14273734  0.15467911  0.14669591  0.11562185  0.11943339  0.13488505  0.13488505  0.13488505  0.13488505  0.18334043  0.15870423  0.14669591  0.15467911  0.15467911  0.11943339  0.26744558  0.28167404  0.27689983  0.28648019  0.20024688  0.20024688  0.21319308  0.21319308  0.23530251  0.22637691  0.25349349  0.22637691  0.21319308  0.22195536  0.21756086  0.21319308  0.20885171  0.21319308  0.21756086  0.22195536  0.20885171  0.24434042  0.22195536  0.19174392  0.19598282  0.19174392  0.18752989  0.20885171  0.22195536  0.21319308  0.12326525  0.18334043  0.20453641  0.20885171  0.23530251  0.28648019  0.23530251  0.26744558  0.26276470  0.26276470  0.25811414  0.25811414  0.27689983  0.27215715  0.29131872  0.31100548  0.30109466  0.30109466  0.30109466  0.28648019  0.30109466  0.29619005  0.29619005  0.29619005  0.29619005  0.31100548  0.30603298  0.26276470  0.26744558  0.28648019  0.28648019  0.28167404  0.31601265  0.33124705  0.30109466  0.29619005  0.30109466  0.32105497  0.32105497  0.32105497  0.31601265  0.30109466  0.30109466  0.29131872  0.32613293  0.35207560  0.34158583  0.31601265  0.31601265  0.31601265  0.32105497  0.32105497  0.33124705  0.32105497  0.32105497  0.29131872  0.28648019  0.27689983  0.27689983  0.29619005  0.28167404  0.31601265  0.31601265  0.26276470  0.26744558  0.23980725  0.29619005  0.28648019  0.26276470  0.32105497  0.31100548  0.30109466  0.29619005  0.30109466  0.31601265  0.28648019  0.28648019  0.33124705  0.34681157  0.34681157  0.34681157  0.34681157  0.35737850  0.33639784  0.30109466  
54_0_0     0.23530251  0.39004528  0.37899046  0.39004528  0.25349349  0.26276470  0.24890237  0.33124705  0.31100548  0.29619005  0.29131872  0.05723725  0.05723725  0.00000000  0.10430712  0.10805893  0.08949284  0.10057481  0.15067642  0.13099086  0.12326525  0.15067642  0.16275203  0.15467911  0.13880047  0.13488505  0.17091672  0.17091672  0.15467911  0.15467911  0.20885171  0.17503412  0.16682277  0.16275203  0.16275203  0.15067642  0.26744558  0.29131872  0.28167404  0.29619005  0.23082585  0.17503412  0.23082585  0.23082585  0.20453641  0.20453641  0.24434042  0.21756086  0.22195536  0.23082585  0.22637691  0.21319308  0.20885171  0.21319308  0.20885171  0.21319308  0.22195536  0.22637691  0.20024688  0.19174392  0.19598282  0.20024688  0.19598282  0.20024688  0.22195536  0.21319308  0.14669591  0.21319308  0.22195536  0.22637691  0.23980725  0.31100548  0.23980725  0.26276470  0.25811414  0.25811414  0.25349349  0.25349349  0.27215715  0.25811414  0.29619005  0.32613293  0.30603298  0.30603298  0.30603298  0.28167404  0.29619005  0.29131872  0.29131872  0.29131872  0.29131872  0.30603298  0.31100548  0.26744558  0.26276470  0.30109466  0.30109466  0.29619005  0.31100548  0.33639784  0.30109466  0.29619005  0.32105497  0.32613293  0.32613293  0.32613293  0.32105497  0.31100548  0.31100548  0.30109466  0.33639784  0.33639784  0.35207560  0.30603298  0.30603298  0.30603298  0.31100548  0.31100548  0.33639784  0.30603298  0.30603298  0.28167404  0.27689983  0.26744558  0.26744558  0.28648019  0.28167404  0.35737850  0.35737850  0.26276470  0.25811414  0.23530251  0.28167404  0.28167404  0.28648019  0.35737850  0.34158583  0.31100548  0.31601265  0.31100548  0.31601265  0.29619005  0.29619005  0.32105497  0.34681157  0.34681157  0.35737850  0.35737850  0.36810320  0.32613293  0.32105497  
63_0_0     0.29131872  0.39563715  0.39004528  0.39004528  0.25349349  0.29619005  0.28167404  0.34158583  0.35207560  0.28648019  0.29131872  0.07139456  0.07139456  0.10430712  0.00000000  0.02301864  0.07857924  0.08219871  0.16682277  0.14669591  0.13880047  0.16682277  0.17503412  0.16682277  0.14273734  0.14669591  0.15870423  0.15067642  0.16275203  0.16682277  0.18752989  0.18752989  0.17503412  0.16682277  0.16682277  0.13099086  0.24890237  0.25349349  0.25811414  0.25811414  0.19598282  0.20885171  0.23082585  0.22195536  0.25349349  0.24434042  0.27215715  0.23530251  0.20024688  0.23980725  0.21756086  0.23980725  0.23530251  0.23980725  0.24434042  0.24890237  0.20024688  0.26276470  0.25811414  0.20885171  0.21319308  0.20453641  0.21319308  0.22195536  0.24890237  0.24890237  0.15467911  0.20453641  0.21756086  0.23082585  0.22637691  0.31100548  0.23980725  0.27215715  0.26744558  0.26744558  0.24890237  0.24890237  0.26744558  0.25349349  0.31100548  0.31601265  0.28648019  0.28167404  0.28167404  0.27215715  0.28648019  0.28167404  0.28167404  0.28167404  0.28167404  0.28648019  0.30109466  0.26744558  0.25811414  0.29619005  0.29619005  0.30109466  0.32105497  0.33639784  0.32105497  0.31601265  0.31100548  0.34158583  0.34158583  0.34158583  0.34681157  0.31100548  0.31100548  0.33124705  0.32613293  0.35737850  0.35737850  0.32105497  0.32105497  0.32105497  0.32613293  0.32613293  0.33639784  0.33124705  0.33124705  0.30109466  0.29619005  0.29619005  0.29619005  0.30603298  0.29131872  0.35207560  0.35207560  0.24890237  0.25349349  0.25811414  0.29619005  0.28648019  0.25811414  0.33639784  0.32105497  0.29619005  0.29131872  0.29619005  0.31601265  0.29619005  0.29619005  0.33124705  0.33124705  0.33124705  0.33124705  0.33124705  0.34158583  0.32105497  0.31100548  
58_0_0     0.28167404  0.39563715  0.39004528  0.40127290  0.25811414  0.30109466  0.28648019  0.35207560  0.35207560  0.28648019  0.29131872  0.08219871  0.08219871  0.10805893  0.02301864  0.00000000  0.08583652  0.08219871  0.16275203  0.12711767  0.12711767  0.17091672  0.17091672  0.16275203  0.13880047  0.14273734  0.17091672  0.16275203  0.18334043  0.18752989  0.20885171  0.19598282  0.18752989  0.16275203  0.16275203  0.14273734  0.25349349  0.25811414  0.26276470  0.26276470  0.20024688  0.21319308  0.21756086  0.22637691  0.25811414  0.24890237  0.27689983  0.22195536  0.20453641  0.24890237  0.22195536  0.23530251  0.23980725  0.24434042  0.24890237  0.25349349  0.21319308  0.27215715  0.25811414  0.22195536  0.22637691  0.21756086  0.22637691  0.23530251  0.25349349  0.25349349  0.16682277  0.21756086  0.22195536  0.23530251  0.23082585  0.30603298  0.24434042  0.27215715  0.26744558  0.26744558  0.24434042  0.24434042  0.26276470  0.23980725  0.30603298  0.32105497  0.29131872  0.28648019  0.28648019  0.27689983  0.29131872  0.28648019  0.28648019  0.28648019  0.28648019  0.28167404  0.31601265  0.27215715  0.26276470  0.28648019  0.28648019  0.29131872  0.32613293  0.33124705  0.30603298  0.30109466  0.28648019  0.32613293  0.32613293  0.32613293  0.33124705  0.29619005  0.29619005  0.32613293  0.31100548  0.36272083  0.36272083  0.32613293  0.32613293  0.32613293  0.33124705  0.33124705  0.35207560  0.33639784  0.33639784  0.30603298  0.30109466  0.29131872  0.29131872  0.32105497  0.31601265  0.35737850  0.35737850  0.24434042  0.24890237  0.26276470  0.30109466  0.30109466  0.26276470  0.34158583  0.32613293  0.29131872  0.28648019  0.29131872  0.30109466  0.30109466  0.30109466  0.32613293  0.32613293  0.32613293  0.33639784  0.33639784  0.34681157  0.31601265  0.30603298  
12_0_0     0.24890237  0.41267880  0.40127290  0.40695321  0.27689983  0.27689983  0.26276470  0.31601265  0.31601265  0.26276470  0.25811414  0.06428102  0.06428102  0.08949284  0.07857924  0.08583652  0.00000000  0.01636627  0.10430712  0.08583652  0.07857924  0.11183044  0.11183044  0.10430712  0.08219871  0.07857924  0.13099086  0.13099086  0.11183044  0.12326525  0.17503412  0.13488505  0.11562185  0.13099086  0.13099086  0.08583652  0.25349349  0.26276470  0.26744558  0.27215715  0.20453641  0.17091672  0.19174392  0.19174392  0.22195536  0.21319308  0.21319308  0.18334043  0.17091672  0.21756086  0.20453641  0.18334043  0.17917527  0.18334043  0.20453641  0.20885171  0.17091672  0.21319308  0.20024688  0.15467911  0.15870423  0.15870423  0.16682277  0.19598282  0.20024688  0.19174392  0.11943339  0.18752989  0.16682277  0.17917527  0.19174392  0.26744558  0.17503412  0.20453641  0.20024688  0.20024688  0.22195536  0.22195536  0.23082585  0.24434042  0.26744558  0.28167404  0.27689983  0.27215715  0.27215715  0.25349349  0.26276470  0.25811414  0.25811414  0.25811414  0.25811414  0.28167404  0.29131872  0.25811414  0.23530251  0.25349349  0.25349349  0.25811414  0.27215715  0.29131872  0.28648019  0.28167404  0.27689983  0.30109466  0.30109466  0.30109466  0.29619005  0.27689983  0.27689983  0.27689983  0.31100548  0.34681157  0.32613293  0.31601265  0.31601265  0.31601265  0.31100548  0.31100548  0.32613293  0.32105497  0.32105497  0.25811414  0.25349349  0.24890237  0.24890237  0.29131872  0.26744558  0.32613293  0.32613293  0.24434042  0.24890237  0.23082585  0.26276470  0.25349349  0.27215715  0.31100548  0.30109466  0.27215715  0.26744558  0.27215715  0.28167404  0.24434042  0.24434042  0.28648019  0.27689983  0.27689983  0.28648019  0.28648019  0.29619005  0.26744558  0.25811414  
9_0_0      0.24890237  0.40127290  0.39563715  0.40127290  0.27689983  0.27689983  0.26276470  0.30603298  0.30603298  0.25349349  0.24890237  0.06782898  0.06782898  0.10057481  0.08219871  0.08219871  0.01636627  0.00000000  0.10057481  0.08219871  0.07497791  0.10805893  0.10805893  0.10057481  0.07857924  0.07497791  0.13099086  0.13099086  0.12326525  0.12711767  0.16682277  0.13099086  0.10805893  0.13488505  0.13488505  0.08949284  0.26276470  0.27215715  0.27689983  0.28167404  0.20885171  0.16682277  0.18334043  0.18752989  0.21756086  0.20885171  0.20453641  0.17917527  0.16275203  0.21756086  0.20024688  0.18752989  0.19174392  0.19598282  0.21756086  0.22195536  0.18334043  0.22195536  0.21756086  0.16682277  0.17091672  0.17091672  0.16275203  0.19174392  0.19598282  0.18752989  0.13099086  0.19174392  0.16275203  0.17503412  0.18752989  0.27215715  0.18752989  0.21756086  0.21319308  0.21319308  0.23530251  0.23530251  0.24434042  0.24890237  0.27689983  0.27689983  0.27689983  0.27215715  0.27215715  0.26276470  0.25349349  0.24890237  0.24890237  0.24890237  0.24890237  0.27215715  0.29619005  0.25811414  0.24434042  0.24890237  0.24890237  0.25349349  0.26744558  0.29619005  0.29619005  0.29131872  0.27689983  0.31100548  0.31100548  0.31100548  0.30603298  0.28648019  0.28648019  0.27689983  0.32105497  0.33639784  0.32105497  0.31100548  0.31100548  0.31100548  0.30603298  0.30603298  0.32105497  0.31100548  0.31100548  0.26744558  0.26276470  0.25811414  0.25811414  0.30109466  0.27689983  0.31601265  0.31601265  0.25811414  0.26276470  0.22195536  0.27689983  0.26744558  0.26744558  0.30603298  0.30603298  0.27689983  0.27215715  0.27689983  0.27689983  0.25349349  0.25349349  0.28648019  0.27689983  0.27689983  0.29619005  0.29619005  0.30603298  0.26744558  0.25811414  
49_0_0     0.24434042  0.39563715  0.39004528  0.40127290  0.31100548  0.32613293  0.30109466  0.28648019  0.28648019  0.25349349  0.25811414  0.14669591  0.14669591  0.15067642  0.16682277  0.16275203  0.10430712  0.10057481  0.00000000  0.07857924  0.08219871  0.11943339  0.11943339  0.11183044  0.08949284  0.07857924  0.16682277  0.16682277  0.14273734  0.15067642  0.20453641  0.13099086  0.12326525  0.19598282  0.18752989  0.13488505  0.29131872  0.31601265  0.31601265  0.31100548  0.24890237  0.21319308  0.22195536  0.22195536  0.22195536  0.21319308  0.21756086  0.20024688  0.20024688  0.27689983  0.24890237  0.22195536  0.22637691  0.23082585  0.23530251  0.23980725  0.23530251  0.23980725  0.21756086  0.20024688  0.20453641  0.21319308  0.20453641  0.22637691  0.20885171  0.21319308  0.18334043  0.24890237  0.19598282  0.20024688  0.21319308  0.25349349  0.20885171  0.23980725  0.23530251  0.23530251  0.26276470  0.26276470  0.27215715  0.25811414  0.27215715  0.27689983  0.29131872  0.28648019  0.28648019  0.30109466  0.27215715  0.26744558  0.26744558  0.26744558  0.26744558  0.29619005  0.32105497  0.28648019  0.26276470  0.25349349  0.25349349  0.25811414  0.28648019  0.31100548  0.32613293  0.33124705  0.33639784  0.35207560  0.35207560  0.35207560  0.34681157  0.33639784  0.33639784  0.32613293  0.36272083  0.33639784  0.34681157  0.33639784  0.33639784  0.33639784  0.31601265  0.31601265  0.33639784  0.33124705  0.33124705  0.28648019  0.28167404  0.28167404  0.28167404  0.36272083  0.31601265  0.33124705  0.33124705  0.28648019  0.28167404  0.21319308  0.25811414  0.23980725  0.24890237  0.32613293  0.32613293  0.28167404  0.27689983  0.28167404  0.27215715  0.28167404  0.28167404  0.29131872  0.27689983  0.27689983  0.31601265  0.31601265  0.32613293  0.25811414  0.27689983  
18_0_0     0.22637691  0.40127290  0.39563715  0.40695321  0.31100548  0.30603298  0.29131872  0.30603298  0.28648019  0.24890237  0.25349349  0.12711767  0.12711767  0.13099086  0.14669591  0.12711767  0.08583652  0.08219871  0.07857924  0.00000000  0.06782898  0.09686179  0.08949284  0.08219871  0.06075050  0.05723725  0.14669591  0.14669591  0.14669591  0.15870423  0.20024688  0.15067642  0.13488505  0.17503412  0.16682277  0.13099086  0.28648019  0.29131872  0.28648019  0.30603298  0.23082585  0.19174392  0.20885171  0.20885171  0.22637691  0.21756086  0.23082585  0.18752989  0.19598282  0.25349349  0.21756086  0.21756086  0.22195536  0.21756086  0.24890237  0.24434042  0.20453641  0.27215715  0.23980725  0.18752989  0.19174392  0.20885171  0.19174392  0.22195536  0.21756086  0.20024688  0.16275203  0.23530251  0.20453641  0.20885171  0.21319308  0.28167404  0.19174392  0.20885171  0.20453641  0.20453641  0.24434042  0.24434042  0.25349349  0.24890237  0.27689983  0.28648019  0.28648019  0.29131872  0.29131872  0.29131872  0.26744558  0.26276470  0.26276470  0.26276470  0.26276470  0.27215715  0.29131872  0.27215715  0.25349349  0.28167404  0.28167404  0.28648019  0.30603298  0.33124705  0.31601265  0.31100548  0.29619005  0.34158583  0.34158583  0.34158583  0.33639784  0.31601265  0.31601265  0.29619005  0.34158583  0.33639784  0.34158583  0.32613293  0.32613293  0.32613293  0.32105497  0.32105497  0.34681157  0.32105497  0.32105497  0.27689983  0.27215715  0.26276470  0.26276470  0.33124705  0.31601265  0.34681157  0.34681157  0.24890237  0.24434042  0.21756086  0.24890237  0.24890237  0.25349349  0.31100548  0.32105497  0.28648019  0.28167404  0.28648019  0.28648019  0.24890237  0.24890237  0.27689983  0.26276470  0.26276470  0.29131872  0.29131872  0.29131872  0.26276470  0.24434042  
29_0_0     0.23082585  0.40695321  0.40127290  0.41267880  0.31601265  0.30109466  0.28648019  0.31100548  0.32105497  0.27215715  0.26744558  0.12711767  0.12711767  0.12326525  0.13880047  0.12711767  0.07857924  0.07497791  0.08219871  0.06782898  0.00000000  0.09686179  0.09686179  0.08949284  0.06782898  0.05723725  0.15467911  0.15467911  0.15467911  0.15870423  0.20885171  0.16682277  0.13880047  0.17503412  0.16682277  0.13488505  0.28167404  0.28648019  0.27689983  0.30109466  0.24434042  0.18752989  0.22195536  0.22195536  0.21319308  0.20453641  0.22195536  0.19174392  0.20024688  0.24890237  0.23082585  0.20453641  0.20885171  0.21319308  0.23530251  0.23980725  0.20885171  0.24890237  0.22637691  0.19174392  0.19598282  0.21319308  0.19598282  0.21756086  0.21756086  0.20885171  0.15870423  0.22195536  0.16682277  0.17917527  0.17091672  0.25811414  0.19174392  0.22195536  0.21319308  0.21319308  0.23082585  0.23082585  0.23980725  0.22637691  0.27689983  0.27215715  0.27215715  0.25811414  0.25811414  0.27215715  0.24890237  0.24434042  0.24434042  0.24434042  0.24434042  0.24434042  0.28167404  0.26276470  0.23082585  0.26276470  0.26276470  0.26744558  0.29131872  0.31601265  0.30603298  0.30109466  0.29619005  0.31100548  0.32105497  0.32105497  0.31601265  0.29619005  0.29619005  0.29619005  0.32105497  0.31601265  0.34158583  0.30603298  0.30603298  0.30603298  0.30109466  0.30109466  0.32613293  0.31100548  0.31100548  0.24434042  0.23980725  0.23980725  0.23980725  0.30603298  0.28167404  0.33639784  0.33639784  0.23530251  0.23082585  0.23082585  0.24890237  0.23980725  0.25349349  0.31601265  0.32105497  0.27215715  0.26744558  0.27215715  0.27215715  0.24434042  0.24434042  0.26276470  0.25811414  0.25811414  0.28648019  0.28648019  0.29619005  0.25811414  0.24890237  
