169
76_0_0     0.00000000  0.11451952  0.22545889  0.19614600  0.18473467  0.14611089  0.15694453  0.40726989  0.43049005  0.43049005  0.46261427  0.28129877  0.30751859  0.29429396  0.31421951  0.31421951  0.30087709  0.28776818  0.29429396  0.26221918  0.28129877  0.28129877  0.28776818  0.30087709  0.31421951  0.30751859  0.32098092  0.25596581  0.26221918  0.37738868  0.37738868  0.26852520  0.32098092  0.32780391  0.30087709  0.29429396  0.26852520  0.28129877  0.28129877  0.34163924  0.32098092  0.28129877  0.28129877  0.35573494  0.34163924  0.36288352  0.39968709  0.34865393  0.31421951  0.42266975  0.35573494  0.34865393  0.36288352  0.31421951  0.36288352  0.37010099  0.30751859  0.37010099  0.36288352  0.39218029  0.37738868  0.42266975  0.43839287  0.38474797  0.42266975  0.36288352  0.37738868  0.39218029  0.36288352  0.34865393  0.35573494  0.40726989  0.37738868  0.37738868  0.34163924  0.37738868  0.40726989  0.49617820  0.50480956  0.51354154  0.52237652  0.43049005  0.38474797  0.39218029  0.42266975  0.42266975  0.42266975  0.42266975  0.39968709  0.39968709  0.36288352  0.40726989  0.42266975  0.41493024  0.48764516  0.49617820  0.37010099  0.38474797  0.26852520  0.41493024  0.37010099  0.37738868  0.38474797  0.38474797  0.33468963  0.37738868  0.39218029  0.39218029  0.40726989  0.39218029  0.39968709  0.39218029  0.40726989  0.38474797  0.39968709  0.41493024  0.39968709  0.43049005  0.43839287  0.39968709  0.39218029  0.40726989  0.39218029  0.36288352  0.38474797  0.37010099  0.43049005  0.43839287  0.41493024  0.40726989  0.37738868  0.38474797  0.37738868  0.38474797  0.39218029  0.34865393  0.31421951  0.32098092  0.34865393  0.37738868  0.36288352  0.32780391  0.34163924  0.34163924  0.37738868  0.35573494  0.37010099  0.36288352  0.37010099  0.39968709  0.40726989  0.43839287  0.38474797  0.40726989  0.42266975  0.41493024  0.39218029  0.38474797  0.43839287  0.38474797  0.41493024  0.40726989  0.37010099  0.39218029  0.39218029  0.39218029  0.38474797  0.37738868  0.39218029  
60_0_0     0.11451952  0.00000000  0.23146169  0.22545889  0.16242069  0.16242069  0.17349459  0.39968709  0.39968709  0.39968709  0.47086531  0.30751859  0.36288352  0.32098092  0.32780391  0.32780391  0.31421951  0.32780391  0.34865393  0.33468963  0.32098092  0.28129877  0.34163924  0.32780391  0.28129877  0.35573494  0.30087709  0.24976422  0.29429396  0.37738868  0.40726989  0.23146169  0.26221918  0.26852520  0.25596581  0.30087709  0.25596581  0.28129877  0.28129877  0.34163924  0.33468963  0.27488475  0.28776818  0.34163924  0.32780391  0.33468963  0.43049005  0.33468963  0.31421951  0.43839287  0.37010099  0.37738868  0.36288352  0.37010099  0.37738868  0.38474797  0.37738868  0.34163924  0.40726989  0.41493024  0.43839287  0.49617820  0.50480956  0.43049005  0.44637996  0.37738868  0.41493024  0.39218029  0.38474797  0.37010099  0.34865393  0.39218029  0.39218029  0.39968709  0.38474797  0.42266975  0.39968709  0.42266975  0.44637996  0.45445313  0.44637996  0.43839287  0.41493024  0.40726989  0.45445313  0.45445313  0.43839287  0.43839287  0.39968709  0.41493024  0.34865393  0.36288352  0.39968709  0.40726989  0.46261427  0.45445313  0.37010099  0.39968709  0.35573494  0.40726989  0.39218029  0.34865393  0.37738868  0.37738868  0.32780391  0.34865393  0.39968709  0.36288352  0.38474797  0.38474797  0.37738868  0.38474797  0.43049005  0.39218029  0.34163924  0.39968709  0.39968709  0.38474797  0.39968709  0.40726989  0.41493024  0.40726989  0.37738868  0.37738868  0.38474797  0.38474797  0.38474797  0.39968709  0.39218029  0.42266975  0.37010099  0.35573494  0.36288352  0.34865393  0.37010099  0.38474797  0.36288352  0.35573494  0.38474797  0.39968709  0.37010099  0.37010099  0.34163924  0.34163924  0.37738868  0.39968709  0.39968709  0.38474797  0.34163924  0.40726989  0.38474797  0.41493024  0.39218029  0.41493024  0.43839287  0.42266975  0.39968709  0.37738868  0.51354154  0.41493024  0.43839287  0.45445313  0.42266975  0.40726989  0.32780391  0.32780391  0.37738868  0.37010099  0.39218029  
70_0_0     0.22545889  0.23146169  0.00000000  0.04092071  0.18473467  0.12490263  0.13543170  0.37010099  0.35573494  0.37010099  0.46261427  0.24976422  0.28776818  0.24976422  0.25596581  0.25596581  0.26852520  0.26852520  0.23751297  0.25596581  0.27488475  0.26221918  0.28776818  0.26852520  0.28776818  0.37738868  0.25596581  0.27488475  0.27488475  0.37010099  0.36288352  0.24976422  0.27488475  0.26852520  0.25596581  0.29429396  0.24976422  0.32098092  0.29429396  0.34865393  0.35573494  0.32780391  0.31421951  0.34163924  0.34163924  0.36288352  0.43839287  0.37738868  0.35573494  0.49617820  0.30087709  0.32780391  0.36288352  0.39968709  0.41493024  0.42266975  0.37738868  0.34865393  0.36288352  0.34163924  0.37738868  0.34865393  0.36288352  0.32098092  0.32098092  0.36288352  0.32780391  0.34163924  0.34865393  0.34163924  0.34865393  0.34865393  0.34163924  0.34865393  0.33468963  0.37010099  0.36288352  0.39968709  0.42266975  0.43049005  0.42266975  0.36288352  0.38474797  0.36288352  0.35573494  0.35573494  0.37010099  0.37010099  0.37738868  0.39218029  0.38474797  0.39968709  0.39218029  0.38474797  0.43839287  0.44637996  0.37010099  0.39968709  0.32780391  0.39218029  0.37738868  0.38474797  0.41493024  0.41493024  0.40726989  0.40726989  0.34163924  0.34865393  0.32098092  0.35573494  0.37010099  0.37010099  0.33468963  0.32098092  0.34865393  0.38474797  0.37738868  0.41493024  0.39968709  0.39218029  0.39218029  0.37010099  0.39968709  0.39218029  0.38474797  0.39218029  0.37738868  0.41493024  0.41493024  0.43049005  0.35573494  0.35573494  0.36288352  0.36288352  0.38474797  0.38474797  0.36288352  0.37738868  0.35573494  0.39968709  0.38474797  0.36288352  0.34865393  0.34865393  0.32780391  0.32780391  0.36288352  0.37010099  0.38474797  0.45445313  0.46261427  0.46261427  0.45445313  0.46261427  0.46261427  0.45445313  0.46261427  0.40726989  0.47086531  0.44637996  0.41493024  0.46261427  0.40726989  0.39218029  0.37738868  0.37738868  0.42266975  0.42266975  0.43839287  
92_0_0     0.19614600  0.22545889  0.04092071  0.00000000  0.17909355  0.11969309  0.13014867  0.32098092  0.32098092  0.34865393  0.45445313  0.21950382  0.25596581  0.21950382  0.22545889  0.22545889  0.23751297  0.24976422  0.20773387  0.23751297  0.25596581  0.27488475  0.26852520  0.27488475  0.32098092  0.38474797  0.24976422  0.25596581  0.26852520  0.37738868  0.37010099  0.24361355  0.26852520  0.27488475  0.26221918  0.27488475  0.25596581  0.27488475  0.26221918  0.30087709  0.30751859  0.28129877  0.28776818  0.32098092  0.33468963  0.35573494  0.39968709  0.32780391  0.34865393  0.47086531  0.29429396  0.32098092  0.32780391  0.39218029  0.40726989  0.39968709  0.37010099  0.31421951  0.37010099  0.34865393  0.37010099  0.35573494  0.37010099  0.34163924  0.34163924  0.41493024  0.36288352  0.36288352  0.37010099  0.34865393  0.35573494  0.37010099  0.37738868  0.37010099  0.35573494  0.37738868  0.39968709  0.42266975  0.44637996  0.43839287  0.44637996  0.39218029  0.41493024  0.39218029  0.37010099  0.37010099  0.38474797  0.38474797  0.35573494  0.37010099  0.35573494  0.37010099  0.35573494  0.34865393  0.41493024  0.40726989  0.34865393  0.36288352  0.29429396  0.38474797  0.35573494  0.36288352  0.39218029  0.39218029  0.37010099  0.37010099  0.32098092  0.34163924  0.30087709  0.33468963  0.34865393  0.33468963  0.30087709  0.30087709  0.31421951  0.34865393  0.34163924  0.39218029  0.39218029  0.34163924  0.34163924  0.34163924  0.39218029  0.39968709  0.37738868  0.37010099  0.36288352  0.41493024  0.43049005  0.42266975  0.35573494  0.35573494  0.36288352  0.34865393  0.37010099  0.35573494  0.33468963  0.36288352  0.34163924  0.38474797  0.39218029  0.36288352  0.34865393  0.34865393  0.32780391  0.32780391  0.37738868  0.37010099  0.38474797  0.43839287  0.44637996  0.44637996  0.45445313  0.44637996  0.44637996  0.43839287  0.44637996  0.41493024  0.44637996  0.42266975  0.43049005  0.46261427  0.39968709  0.39968709  0.38474797  0.38474797  0.43049005  0.43049005  0.43839287  
80_0_0     0.18473467  0.16242069  0.18473467  0.17909355  0.00000000  0.07436920  0.08420682  0.34865393  0.32098092  0.33468963  0.41493024  0.21359573  0.26221918  0.22545889  0.23751297  0.23751297  0.21950382  0.28129877  0.26852520  0.28776818  0.25596581  0.24976422  0.28129877  0.28776818  0.26221918  0.34865393  0.20191752  0.20773387  0.25596581  0.34163924  0.38474797  0.20773387  0.23146169  0.23751297  0.22545889  0.26221918  0.21359573  0.25596581  0.26852520  0.24361355  0.25596581  0.27488475  0.28776818  0.35573494  0.32780391  0.33468963  0.39218029  0.34163924  0.33468963  0.44637996  0.32780391  0.32098092  0.30087709  0.25596581  0.28776818  0.29429396  0.24976422  0.27488475  0.34163924  0.32098092  0.33468963  0.43839287  0.45445313  0.37010099  0.37738868  0.34163924  0.34163924  0.32780391  0.32098092  0.31421951  0.32098092  0.33468963  0.34163924  0.35573494  0.35573494  0.39218029  0.34163924  0.37010099  0.37738868  0.39968709  0.39218029  0.37738868  0.35573494  0.37738868  0.41493024  0.41493024  0.39968709  0.39968709  0.44637996  0.44637996  0.36288352  0.37738868  0.37010099  0.37738868  0.44637996  0.45445313  0.34865393  0.37738868  0.29429396  0.33468963  0.32098092  0.28776818  0.34865393  0.34865393  0.30751859  0.32098092  0.32780391  0.31421951  0.34163924  0.33468963  0.32780391  0.33468963  0.37738868  0.33468963  0.29429396  0.33468963  0.32098092  0.34865393  0.30751859  0.34163924  0.34865393  0.37738868  0.31421951  0.32780391  0.36288352  0.30751859  0.29429396  0.34865393  0.34865393  0.34865393  0.32098092  0.29429396  0.30087709  0.27488475  0.29429396  0.30087709  0.29429396  0.26852520  0.30087709  0.34865393  0.26221918  0.28776818  0.24361355  0.24361355  0.28129877  0.28776818  0.33468963  0.30087709  0.30751859  0.37010099  0.34865393  0.39218029  0.39968709  0.38474797  0.39968709  0.39218029  0.37010099  0.30751859  0.46261427  0.37010099  0.38474797  0.39968709  0.37738868  0.37738868  0.30751859  0.30751859  0.35573494  0.34865393  0.36288352  
86_0_0     0.14611089  0.16242069  0.12490263  0.11969309  0.07436920  0.00000000  0.00890225  0.34865393  0.34865393  0.34865393  0.41493024  0.23146169  0.25596581  0.24361355  0.24976422  0.24976422  0.24976422  0.23751297  0.20191752  0.23146169  0.23146169  0.24976422  0.24361355  0.29429396  0.25596581  0.35573494  0.23146169  0.23146169  0.23146169  0.35573494  0.35573494  0.19041861  0.22545889  0.23146169  0.20773387  0.23146169  0.19614600  0.24976422  0.24976422  0.28129877  0.27488475  0.26852520  0.25596581  0.33468963  0.30751859  0.32780391  0.36288352  0.34163924  0.29429396  0.39968709  0.31421951  0.32098092  0.31421951  0.29429396  0.32780391  0.33468963  0.27488475  0.31421951  0.32780391  0.32098092  0.32780391  0.37738868  0.37738868  0.31421951  0.34163924  0.33468963  0.29429396  0.32098092  0.32780391  0.28129877  0.28776818  0.36288352  0.35573494  0.36288352  0.32780391  0.37738868  0.34163924  0.35573494  0.37738868  0.38474797  0.37738868  0.38474797  0.39218029  0.38474797  0.39218029  0.39218029  0.39218029  0.39218029  0.39218029  0.39218029  0.34865393  0.36288352  0.37010099  0.36288352  0.43839287  0.44637996  0.36288352  0.37738868  0.25596581  0.33468963  0.32780391  0.30751859  0.33468963  0.33468963  0.33468963  0.32098092  0.31421951  0.31421951  0.29429396  0.32098092  0.33468963  0.33468963  0.34865393  0.31421951  0.31421951  0.34865393  0.33468963  0.37010099  0.32780391  0.32780391  0.32098092  0.32098092  0.32098092  0.33468963  0.35573494  0.31421951  0.33468963  0.36288352  0.36288352  0.34865393  0.31421951  0.31421951  0.32098092  0.28776818  0.30751859  0.28129877  0.26221918  0.27488475  0.29429396  0.30087709  0.28776818  0.28129877  0.25596581  0.25596581  0.30087709  0.26852520  0.29429396  0.32098092  0.33468963  0.37010099  0.37738868  0.39218029  0.39968709  0.37738868  0.39218029  0.38474797  0.37738868  0.34163924  0.43049005  0.37010099  0.37738868  0.39218029  0.38474797  0.37010099  0.32098092  0.32098092  0.37010099  0.36288352  0.37010099  
98_0_0     0.15694453  0.17349459  0.13543170  0.13014867  0.08420682  0.00890225  0.00000000  0.36288352  0.36288352  0.36288352  0.41493024  0.24361355  0.26852520  0.25596581  0.24976422  0.24976422  0.26221918  0.24976422  0.21359573  0.24361355  0.23146169  0.26221918  0.25596581  0.30751859  0.25596581  0.35573494  0.23146169  0.23751297  0.23146169  0.37010099  0.35573494  0.20191752  0.23751297  0.24361355  0.21950382  0.23146169  0.20773387  0.26221918  0.26221918  0.28129877  0.27488475  0.28129877  0.26852520  0.34865393  0.32098092  0.34163924  0.37738868  0.35573494  0.30751859  0.40726989  0.31421951  0.32098092  0.31421951  0.29429396  0.32780391  0.33468963  0.27488475  0.31421951  0.34163924  0.33468963  0.34163924  0.39218029  0.39218029  0.32780391  0.35573494  0.34865393  0.30751859  0.33468963  0.34163924  0.29429396  0.30087709  0.37738868  0.37010099  0.37738868  0.32780391  0.39218029  0.35573494  0.35573494  0.37738868  0.38474797  0.37738868  0.38474797  0.40726989  0.39968709  0.40726989  0.40726989  0.40726989  0.40726989  0.39218029  0.39218029  0.34865393  0.36288352  0.37010099  0.36288352  0.43839287  0.44637996  0.37738868  0.39218029  0.25596581  0.33468963  0.32780391  0.30751859  0.33468963  0.33468963  0.34865393  0.33468963  0.32780391  0.31421951  0.29429396  0.32098092  0.33468963  0.33468963  0.36288352  0.32780391  0.31421951  0.34865393  0.33468963  0.38474797  0.34163924  0.32780391  0.32098092  0.33468963  0.32098092  0.34865393  0.37010099  0.32780391  0.33468963  0.36288352  0.36288352  0.34865393  0.32780391  0.32780391  0.33468963  0.30087709  0.32098092  0.29429396  0.27488475  0.28776818  0.30751859  0.31421951  0.30087709  0.29429396  0.26852520  0.26852520  0.31421951  0.28129877  0.29429396  0.32098092  0.34865393  0.37010099  0.37738868  0.40726989  0.39968709  0.37738868  0.39218029  0.38474797  0.39218029  0.34163924  0.43049005  0.38474797  0.37738868  0.40726989  0.39968709  0.37738868  0.32780391  0.32780391  0.37738868  0.37010099  0.37738868  
83_0_0     0.40726989  0.39968709  0.37010099  0.32098092  0.34865393  0.34865393  0.36288352  0.00000000  0.02703059  0.07927186  0.23751297  0.39218029  0.39218029  0.39968709  0.38474797  0.38474797  0.38474797  0.40726989  0.40726989  0.42266975  0.39968709  0.45445313  0.49617820  0.49617820  0.43049005  0.43839287  0.36288352  0.36288352  0.32098092  0.50480956  0.48764516  0.41493024  0.44637996  0.43839287  0.45445313  0.46261427  0.40726989  0.39218029  0.38474797  0.48764516  0.48764516  0.40726989  0.44637996  0.46261427  0.46261427  0.47920825  0.47086531  0.44637996  0.47086531  0.47920825  0.44637996  0.43839287  0.43839287  0.50480956  0.50480956  0.51354154  0.52237652  0.46261427  0.48764516  0.47920825  0.47086531  0.47086531  0.47920825  0.47920825  0.48764516  0.53131695  0.47086531  0.54036539  0.51354154  0.50480956  0.50480956  0.48764516  0.49617820  0.48764516  0.58732362  0.55879694  0.57769351  0.54952448  0.56818564  0.58732362  0.57769351  0.52237652  0.50480956  0.50480956  0.56818564  0.56818564  0.54952448  0.55879694  0.50480956  0.50480956  0.50480956  0.49617820  0.53131695  0.54036539  0.54036539  0.53131695  0.46261427  0.47086531  0.39968709  0.52237652  0.44637996  0.49617820  0.53131695  0.53131695  0.54036539  0.53131695  0.43839287  0.48764516  0.49617820  0.48764516  0.49617820  0.47920825  0.48764516  0.47086531  0.44637996  0.49617820  0.48764516  0.49617820  0.47920825  0.41493024  0.41493024  0.46261427  0.49617820  0.47086531  0.48764516  0.46261427  0.46261427  0.47086531  0.52237652  0.53131695  0.49617820  0.47920825  0.48764516  0.51354154  0.54036539  0.50480956  0.52237652  0.46261427  0.48764516  0.47920825  0.50480956  0.48764516  0.43839287  0.43839287  0.47086531  0.44637996  0.47920825  0.47086531  0.47086531  0.49617820  0.51354154  0.51354154  0.51354154  0.51354154  0.53131695  0.52237652  0.48764516  0.46261427  0.50480956  0.54952448  0.64785892  0.60696344  0.51354154  0.63742383  0.52237652  0.52237652  0.58732362  0.58732362  0.58732362  
85_0_0     0.43049005  0.39968709  0.35573494  0.32098092  0.32098092  0.34865393  0.36288352  0.02703059  0.00000000  0.05032598  0.23751297  0.37010099  0.37010099  0.36288352  0.36288352  0.36288352  0.36288352  0.38474797  0.39968709  0.41493024  0.37738868  0.45445313  0.49617820  0.49617820  0.43049005  0.41493024  0.33468963  0.33468963  0.29429396  0.47086531  0.50480956  0.38474797  0.43049005  0.42266975  0.43839287  0.44637996  0.42266975  0.40726989  0.39968709  0.47086531  0.47086531  0.41493024  0.45445313  0.46261427  0.47920825  0.47920825  0.48764516  0.46261427  0.45445313  0.47920825  0.44637996  0.43839287  0.42266975  0.51354154  0.51354154  0.52237652  0.51354154  0.45445313  0.47920825  0.48764516  0.46261427  0.47086531  0.47920825  0.47086531  0.46261427  0.50480956  0.44637996  0.49617820  0.50480956  0.49617820  0.49617820  0.46261427  0.48764516  0.49617820  0.56818564  0.55879694  0.53131695  0.52237652  0.54036539  0.57769351  0.54952448  0.50480956  0.50480956  0.50480956  0.54952448  0.54952448  0.54952448  0.55879694  0.53131695  0.53131695  0.50480956  0.49617820  0.52237652  0.53131695  0.53131695  0.54036539  0.45445313  0.47920825  0.39968709  0.54036539  0.46261427  0.51354154  0.54952448  0.54952448  0.54036539  0.54952448  0.43839287  0.47086531  0.47920825  0.50480956  0.49617820  0.49617820  0.47086531  0.47086531  0.44637996  0.47920825  0.47086531  0.47920825  0.44637996  0.41493024  0.41493024  0.47920825  0.47920825  0.45445313  0.48764516  0.46261427  0.46261427  0.47086531  0.51354154  0.53131695  0.47920825  0.44637996  0.45445313  0.47920825  0.50480956  0.48764516  0.52237652  0.47920825  0.47086531  0.47920825  0.49617820  0.47086531  0.43839287  0.43839287  0.45445313  0.43049005  0.47920825  0.50480956  0.47920825  0.52237652  0.54036539  0.53131695  0.52237652  0.54036539  0.55879694  0.54952448  0.51354154  0.44637996  0.48764516  0.54952448  0.64785892  0.60696344  0.51354154  0.64785892  0.50480956  0.50480956  0.54952448  0.54952448  0.58732362  
87_0_0     0.43049005  0.39968709  0.37010099  0.34865393  0.33468963  0.34865393  0.36288352  0.07927186  0.05032598  0.00000000  0.20773387  0.37738868  0.38474797  0.37010099  0.38474797  0.38474797  0.37010099  0.40726989  0.39218029  0.40726989  0.34163924  0.48764516  0.51354154  0.54952448  0.43049005  0.41493024  0.35573494  0.33468963  0.28776818  0.49617820  0.52237652  0.41493024  0.44637996  0.43839287  0.45445313  0.46261427  0.43839287  0.43839287  0.40726989  0.47086531  0.47086531  0.43049005  0.46261427  0.46261427  0.46261427  0.47920825  0.52237652  0.46261427  0.45445313  0.47086531  0.47086531  0.46261427  0.43839287  0.49617820  0.46261427  0.48764516  0.47920825  0.46261427  0.47086531  0.47920825  0.45445313  0.48764516  0.47920825  0.46261427  0.44637996  0.51354154  0.46261427  0.48764516  0.47920825  0.50480956  0.47920825  0.48764516  0.50480956  0.53131695  0.54952448  0.54952448  0.52237652  0.51354154  0.53131695  0.56818564  0.54036539  0.53131695  0.52237652  0.52237652  0.54952448  0.54952448  0.56818564  0.55879694  0.50480956  0.50480956  0.45445313  0.44637996  0.50480956  0.49617820  0.51354154  0.52237652  0.46261427  0.50480956  0.43049005  0.53131695  0.45445313  0.53131695  0.54036539  0.54036539  0.53131695  0.56818564  0.43049005  0.47086531  0.47086531  0.50480956  0.49617820  0.53131695  0.47086531  0.45445313  0.51354154  0.48764516  0.47920825  0.47086531  0.45445313  0.43049005  0.43049005  0.49617820  0.53131695  0.48764516  0.52237652  0.49617820  0.51354154  0.54952448  0.58732362  0.56818564  0.48764516  0.45445313  0.46261427  0.51354154  0.54036539  0.46261427  0.50480956  0.47086531  0.48764516  0.45445313  0.50480956  0.48764516  0.46261427  0.46261427  0.46261427  0.45445313  0.47920825  0.49617820  0.49617820  0.55879694  0.55879694  0.54952448  0.53131695  0.55879694  0.57769351  0.56818564  0.54952448  0.46261427  0.52237652  0.54036539  0.59707916  0.56818564  0.51354154  0.64785892  0.52237652  0.52237652  0.54952448  0.54952448  0.55879694  
66_0_0     0.46261427  0.47086531  0.46261427  0.45445313  0.41493024  0.41493024  0.41493024  0.23751297  0.23751297  0.20773387  0.00000000  0.46261427  0.49617820  0.47086531  0.43049005  0.43049005  0.47086531  0.44637996  0.47086531  0.47086531  0.40726989  0.52237652  0.44637996  0.47920825  0.45445313  0.45445313  0.43839287  0.39968709  0.37738868  0.52237652  0.49617820  0.53131695  0.53131695  0.52237652  0.52237652  0.51354154  0.47920825  0.48764516  0.45445313  0.52237652  0.49617820  0.45445313  0.53131695  0.48764516  0.47086531  0.50480956  0.52237652  0.47086531  0.46261427  0.48764516  0.47920825  0.45445313  0.47920825  0.46261427  0.49617820  0.52237652  0.45445313  0.49617820  0.50480956  0.45445313  0.45445313  0.50480956  0.47920825  0.49617820  0.47086531  0.51354154  0.44637996  0.47920825  0.47086531  0.50480956  0.49617820  0.50480956  0.53131695  0.52237652  0.50480956  0.54036539  0.53131695  0.47086531  0.48764516  0.50480956  0.49617820  0.54036539  0.54952448  0.54952448  0.56818564  0.56818564  0.56818564  0.55879694  0.52237652  0.54036539  0.50480956  0.51354154  0.54036539  0.53131695  0.59707916  0.58732362  0.54036539  0.60696344  0.45445313  0.50480956  0.44637996  0.50480956  0.48764516  0.48764516  0.49617820  0.54952448  0.45445313  0.45445313  0.45445313  0.45445313  0.45445313  0.47920825  0.47086531  0.45445313  0.49617820  0.45445313  0.44637996  0.50480956  0.51354154  0.43839287  0.42266975  0.50480956  0.47920825  0.47086531  0.49617820  0.49617820  0.50480956  0.54036539  0.52237652  0.48764516  0.48764516  0.48764516  0.47920825  0.52237652  0.53131695  0.47086531  0.49617820  0.47920825  0.48764516  0.52237652  0.53131695  0.49617820  0.50480956  0.50480956  0.47086531  0.42266975  0.43839287  0.49617820  0.48764516  0.53131695  0.54036539  0.57769351  0.52237652  0.51354154  0.54952448  0.52237652  0.52237652  0.52237652  0.58732362  0.55879694  0.59707916  0.58732362  0.51354154  0.58732362  0.54952448  0.54952448  0.55879694  0.55879694  0.54036539  
95_0_0     0.28129877  0.30751859  0.24976422  0.21950382  0.21359573  0.23146169  0.24361355  0.39218029  0.37010099  0.37738868  0.46261427  0.00000000  0.03626199  0.00890225  0.02703059  0.02703059  0.02245721  0.08917451  0.04560858  0.07927186  0.11451952  0.28776818  0.33468963  0.33468963  0.34163924  0.40726989  0.26852520  0.26221918  0.30751859  0.37010099  0.45445313  0.30751859  0.30751859  0.31421951  0.32780391  0.34163924  0.28776818  0.34163924  0.34163924  0.33468963  0.34865393  0.35573494  0.36288352  0.39968709  0.37738868  0.39218029  0.46261427  0.37010099  0.40726989  0.50480956  0.36288352  0.37738868  0.34163924  0.34865393  0.37010099  0.35573494  0.35573494  0.34865393  0.39218029  0.39218029  0.39218029  0.40726989  0.39218029  0.36288352  0.37738868  0.41493024  0.39218029  0.35573494  0.36288352  0.37010099  0.37738868  0.39218029  0.42266975  0.43049005  0.38474797  0.41493024  0.38474797  0.43839287  0.44637996  0.47086531  0.43049005  0.42266975  0.41493024  0.42266975  0.46261427  0.46261427  0.44637996  0.44637996  0.42266975  0.43049005  0.37738868  0.39218029  0.34865393  0.35573494  0.47086531  0.48764516  0.37738868  0.41493024  0.34163924  0.39968709  0.34163924  0.34163924  0.37010099  0.37010099  0.36288352  0.37738868  0.34163924  0.36288352  0.37010099  0.36288352  0.37010099  0.34865393  0.35573494  0.34163924  0.31421951  0.34865393  0.34865393  0.39218029  0.32780391  0.33468963  0.34163924  0.36288352  0.33468963  0.36288352  0.37010099  0.34865393  0.37010099  0.40726989  0.39968709  0.38474797  0.34163924  0.34163924  0.34865393  0.37010099  0.36288352  0.37010099  0.37738868  0.34865393  0.37010099  0.37738868  0.37010099  0.35573494  0.34865393  0.34865393  0.32780391  0.34163924  0.37738868  0.36288352  0.33468963  0.40726989  0.38474797  0.39968709  0.40726989  0.40726989  0.38474797  0.39968709  0.40726989  0.34163924  0.44637996  0.46261427  0.46261427  0.49617820  0.42266975  0.44637996  0.39968709  0.39968709  0.47086531  0.46261427  0.49617820  
73_0_0     0.30751859  0.36288352  0.28776818  0.25596581  0.26221918  0.25596581  0.26852520  0.39218029  0.37010099  0.38474797  0.49617820  0.03626199  0.00000000  0.04560858  0.06465910  0.06465910  0.05032598  0.09920984  0.05985086  0.09417537  0.14611089  0.32780391  0.36288352  0.34865393  0.38474797  0.43049005  0.30751859  0.30087709  0.32098092  0.37738868  0.46261427  0.31421951  0.34163924  0.34865393  0.34865393  0.34865393  0.30751859  0.38474797  0.38474797  0.37738868  0.37738868  0.37738868  0.39218029  0.43049005  0.40726989  0.42266975  0.46261427  0.41493024  0.39968709  0.48764516  0.38474797  0.39968709  0.37738868  0.37738868  0.39968709  0.38474797  0.38474797  0.37738868  0.40726989  0.42266975  0.40726989  0.40726989  0.40726989  0.37738868  0.42266975  0.43049005  0.40726989  0.38474797  0.39968709  0.40726989  0.41493024  0.42266975  0.45445313  0.46261427  0.41493024  0.44637996  0.41493024  0.47086531  0.47920825  0.50480956  0.46261427  0.47920825  0.47086531  0.47920825  0.49617820  0.49617820  0.47920825  0.49617820  0.45445313  0.46261427  0.41493024  0.41493024  0.38474797  0.39218029  0.49617820  0.51354154  0.39968709  0.43839287  0.36288352  0.42266975  0.37738868  0.37738868  0.39218029  0.39218029  0.39968709  0.41493024  0.35573494  0.39218029  0.38474797  0.37738868  0.38474797  0.36288352  0.37010099  0.35573494  0.34163924  0.37738868  0.38474797  0.43049005  0.36288352  0.34865393  0.35573494  0.39968709  0.35573494  0.38474797  0.39218029  0.37010099  0.40726989  0.43049005  0.41493024  0.40726989  0.36288352  0.36288352  0.37010099  0.39218029  0.38474797  0.37738868  0.39968709  0.37010099  0.37738868  0.39968709  0.37738868  0.37010099  0.36288352  0.36288352  0.35573494  0.35573494  0.39218029  0.39218029  0.35573494  0.42266975  0.41493024  0.41493024  0.42266975  0.42266975  0.39968709  0.41493024  0.42266975  0.35573494  0.45445313  0.48764516  0.50480956  0.51354154  0.44637996  0.47920825  0.43839287  0.43839287  0.51354154  0.50480956  0.55879694  
89_0_0     0.29429396  0.32098092  0.24976422  0.21950382  0.22545889  0.24361355  0.25596581  0.39968709  0.36288352  0.37010099  0.47086531  0.00890225  0.04560858  0.00000000  0.02703059  0.02703059  0.02245721  0.09920984  0.05507328  0.08917451  0.12490263  0.30087709  0.33468963  0.34865393  0.34163924  0.40726989  0.26852520  0.24976422  0.30751859  0.38474797  0.47086531  0.30751859  0.29429396  0.30087709  0.31421951  0.32780391  0.30087709  0.34163924  0.34163924  0.33468963  0.34865393  0.34865393  0.37738868  0.39218029  0.38474797  0.38474797  0.47086531  0.37738868  0.39968709  0.51354154  0.36288352  0.37738868  0.34163924  0.34865393  0.37010099  0.35573494  0.35573494  0.34865393  0.39218029  0.39218029  0.40726989  0.42266975  0.40726989  0.36288352  0.37738868  0.41493024  0.39218029  0.35573494  0.34865393  0.37010099  0.37738868  0.37738868  0.42266975  0.43049005  0.39968709  0.43049005  0.38474797  0.44637996  0.45445313  0.47920825  0.43839287  0.40726989  0.41493024  0.42266975  0.44637996  0.44637996  0.44637996  0.44637996  0.42266975  0.43049005  0.37738868  0.39218029  0.34865393  0.35573494  0.45445313  0.47086531  0.39218029  0.41493024  0.34163924  0.41493024  0.35573494  0.34163924  0.37010099  0.37010099  0.36288352  0.37738868  0.34163924  0.37738868  0.37010099  0.37738868  0.38474797  0.34865393  0.34163924  0.34163924  0.31421951  0.34865393  0.34865393  0.39218029  0.32780391  0.33468963  0.35573494  0.37010099  0.33468963  0.36288352  0.37010099  0.34865393  0.38474797  0.39218029  0.39968709  0.38474797  0.33468963  0.33468963  0.34163924  0.36288352  0.35573494  0.36288352  0.37010099  0.35573494  0.36288352  0.37010099  0.37738868  0.34865393  0.35573494  0.35573494  0.32098092  0.33468963  0.38474797  0.37010099  0.34163924  0.41493024  0.39218029  0.39218029  0.41493024  0.41493024  0.39218029  0.40726989  0.41493024  0.34163924  0.45445313  0.46261427  0.47920825  0.51354154  0.43839287  0.45445313  0.41493024  0.41493024  0.47086531  0.46261427  0.49617820  
81_0_0     0.31421951  0.32780391  0.25596581  0.22545889  0.23751297  0.24976422  0.24976422  0.38474797  0.36288352  0.38474797  0.43049005  0.02703059  0.06465910  0.02703059  0.00000000  0.00000000  0.04092071  0.10938145  0.06949841  0.10427838  0.11451952  0.30751859  0.34865393  0.36288352  0.31421951  0.40726989  0.23146169  0.25596581  0.30751859  0.36288352  0.44637996  0.32098092  0.30751859  0.31421951  0.32780391  0.32780391  0.29429396  0.34163924  0.37010099  0.33468963  0.33468963  0.35573494  0.40726989  0.42266975  0.41493024  0.43049005  0.45445313  0.39218029  0.41493024  0.48764516  0.38474797  0.38474797  0.34865393  0.33468963  0.35573494  0.34163924  0.34163924  0.33468963  0.42266975  0.39218029  0.40726989  0.43839287  0.42266975  0.37738868  0.40726989  0.44637996  0.42266975  0.38474797  0.37738868  0.38474797  0.39218029  0.39218029  0.42266975  0.41493024  0.37010099  0.39968709  0.41493024  0.44637996  0.45445313  0.47920825  0.43839287  0.42266975  0.43049005  0.43839287  0.44637996  0.44637996  0.43049005  0.43049005  0.42266975  0.43049005  0.37738868  0.39218029  0.34865393  0.35573494  0.47086531  0.48764516  0.39218029  0.43049005  0.35573494  0.39968709  0.32780391  0.31421951  0.32780391  0.32780391  0.36288352  0.37738868  0.32780391  0.33468963  0.32780391  0.33468963  0.34163924  0.30751859  0.32780391  0.32780391  0.28776818  0.32098092  0.32098092  0.40726989  0.35573494  0.30751859  0.32780391  0.35573494  0.32098092  0.36288352  0.37010099  0.34865393  0.37010099  0.39218029  0.38474797  0.37010099  0.34865393  0.34865393  0.35573494  0.37010099  0.36288352  0.39218029  0.39968709  0.37010099  0.37738868  0.39968709  0.39218029  0.37738868  0.37010099  0.37010099  0.34865393  0.34865393  0.37010099  0.37010099  0.34163924  0.40726989  0.38474797  0.40726989  0.42266975  0.39218029  0.37010099  0.38474797  0.40726989  0.34163924  0.46261427  0.46261427  0.49617820  0.54952448  0.45445313  0.47920825  0.39968709  0.39968709  0.47086531  0.46261427  0.51354154  
62_0_0     0.31421951  0.32780391  0.25596581  0.22545889  0.23751297  0.24976422  0.24976422  0.38474797  0.36288352  0.38474797  0.43049005  0.02703059  0.06465910  0.02703059  0.00000000  0.00000000  0.04092071  0.10938145  0.06949841  0.10427838  0.11451952  0.30751859  0.34865393  0.36288352  0.31421951  0.40726989  0.23146169  0.25596581  0.30751859  0.36288352  0.44637996  0.32098092  0.30751859  0.31421951  0.32780391  0.32780391  0.29429396  0.34163924  0.37010099  0.33468963  0.33468963  0.35573494  0.40726989  0.42266975  0.41493024  0.43049005  0.45445313  0.39218029  0.41493024  0.48764516  0.38474797  0.38474797  0.34865393  0.33468963  0.35573494  0.34163924  0.34163924  0.33468963  0.42266975  0.39218029  0.40726989  0.43839287  0.42266975  0.37738868  0.40726989  0.44637996  0.42266975  0.38474797  0.37738868  0.38474797  0.39218029  0.39218029  0.42266975  0.41493024  0.37010099  0.39968709  0.41493024  0.44637996  0.45445313  0.47920825  0.43839287  0.42266975  0.43049005  0.43839287  0.44637996  0.44637996  0.43049005  0.43049005  0.42266975  0.43049005  0.37738868  0.39218029  0.34865393  0.35573494  0.47086531  0.48764516  0.39218029  0.43049005  0.35573494  0.39968709  0.32780391  0.31421951  0.32780391  0.32780391  0.36288352  0.37738868  0.32780391  0.33468963  0.32780391  0.33468963  0.34163924  0.30751859  0.32780391  0.32780391  0.28776818  0.32098092  0.32098092  0.40726989  0.35573494  0.30751859  0.32780391  0.35573494  0.32098092  0.36288352  0.37010099  0.34865393  0.37010099  0.39218029  0.38474797  0.37010099  0.34865393  0.34865393  0.35573494  0.37010099  0.36288352  0.39218029  0.39968709  0.37010099  0.37738868  0.39968709  0.39218029  0.37738868  0.37010099  0.37010099  0.34865393  0.34865393  0.37010099  0.37010099  0.34163924  0.40726989  0.38474797  0.40726989  0.42266975  0.39218029  0.37010099  0.38474797  0.40726989  0.34163924  0.46261427  0.46261427  0.49617820  0.54952448  0.45445313  0.47920825  0.39968709  0.39968709  0.47086531  0.46261427  0.51354154  
58_0_0     0.30087709  0.31421951  0.26852520  0.23751297  0.21950382  0.24976422  0.26221918  0.38474797  0.36288352  0.37010099  0.47086531  0.02245721  0.05032598  0.02245721  0.04092071  0.04092071  0.00000000  0.10427838  0.06949841  0.10427838  0.14075226  0.29429396  0.35573494  0.34163924  0.32098092  0.43839287  0.23751297  0.25596581  0.31421951  0.37738868  0.44637996  0.30087709  0.28776818  0.29429396  0.30751859  0.32098092  0.26852520  0.33468963  0.33468963  0.32780391  0.34163924  0.33468963  0.34163924  0.39968709  0.37738868  0.39218029  0.47920825  0.38474797  0.40726989  0.47920825  0.37738868  0.38474797  0.35573494  0.32780391  0.34865393  0.33468963  0.33468963  0.32098092  0.37738868  0.37738868  0.39218029  0.43839287  0.42266975  0.37738868  0.40726989  0.44637996  0.42266975  0.37010099  0.34865393  0.37010099  0.37738868  0.37738868  0.43839287  0.43049005  0.41493024  0.43049005  0.39968709  0.43049005  0.43839287  0.46261427  0.43839287  0.41493024  0.40726989  0.41493024  0.43839287  0.43839287  0.42266975  0.42266975  0.43049005  0.43839287  0.37010099  0.38474797  0.34163924  0.34865393  0.44637996  0.46261427  0.38474797  0.40726989  0.34865393  0.42266975  0.37010099  0.35573494  0.34163924  0.34163924  0.37738868  0.39218029  0.35573494  0.37738868  0.38474797  0.39218029  0.39218029  0.36288352  0.37010099  0.35573494  0.31421951  0.34865393  0.34163924  0.40726989  0.35573494  0.34865393  0.37010099  0.37010099  0.34865393  0.37738868  0.38474797  0.36288352  0.39968709  0.42266975  0.39968709  0.38474797  0.36288352  0.36288352  0.37010099  0.37738868  0.38474797  0.37738868  0.39968709  0.35573494  0.37738868  0.39968709  0.37738868  0.37738868  0.35573494  0.35573494  0.33468963  0.36288352  0.38474797  0.37010099  0.34163924  0.39968709  0.37738868  0.38474797  0.39968709  0.39968709  0.37738868  0.39218029  0.39968709  0.32780391  0.46261427  0.44637996  0.46261427  0.51354154  0.43049005  0.46261427  0.43049005  0.43049005  0.48764516  0.47920825  0.51354154  
78_0_0     0.28776818  0.32780391  0.26852520  0.24976422  0.28129877  0.23751297  0.24976422  0.40726989  0.38474797  0.40726989  0.44637996  0.08917451  0.09920984  0.09920984  0.10938145  0.10938145  0.10427838  0.00000000  0.08917451  0.10427838  0.16242069  0.33468963  0.30087709  0.31421951  0.37738868  0.38474797  0.29429396  0.30087709  0.26852520  0.34865393  0.43049005  0.29429396  0.36288352  0.35573494  0.34163924  0.34865393  0.30087709  0.32780391  0.32780391  0.35573494  0.34163924  0.33468963  0.31421951  0.37010099  0.34865393  0.36288352  0.39968709  0.41493024  0.34865393  0.43839287  0.39968709  0.43049005  0.36288352  0.35573494  0.40726989  0.39218029  0.36288352  0.37010099  0.41493024  0.43049005  0.41493024  0.43049005  0.39968709  0.35573494  0.39218029  0.41493024  0.39218029  0.39968709  0.42266975  0.38474797  0.40726989  0.41493024  0.43049005  0.43839287  0.39218029  0.40726989  0.39218029  0.41493024  0.43839287  0.44637996  0.40726989  0.40726989  0.43049005  0.42266975  0.46261427  0.46261427  0.44637996  0.46261427  0.41493024  0.42266975  0.39968709  0.41493024  0.38474797  0.39218029  0.48764516  0.48764516  0.41493024  0.43839287  0.31421951  0.39968709  0.39968709  0.35573494  0.37010099  0.37010099  0.40726989  0.42266975  0.38474797  0.38474797  0.37010099  0.41493024  0.42266975  0.39968709  0.39218029  0.37738868  0.37738868  0.38474797  0.38474797  0.40726989  0.37010099  0.34163924  0.33468963  0.38474797  0.36288352  0.37738868  0.39968709  0.39218029  0.40726989  0.43049005  0.41493024  0.39968709  0.37010099  0.38474797  0.37738868  0.41493024  0.42266975  0.38474797  0.39218029  0.36288352  0.35573494  0.39968709  0.39218029  0.39968709  0.39218029  0.39218029  0.38474797  0.34163924  0.40726989  0.39218029  0.40726989  0.43839287  0.46261427  0.44637996  0.43839287  0.43839287  0.41493024  0.43049005  0.45445313  0.43049005  0.45445313  0.46261427  0.53131695  0.53131695  0.45445313  0.46261427  0.42266975  0.42266975  0.52237652  0.51354154  0.55879694  
84_0_0     0.29429396  0.34865393  0.23751297  0.20773387  0.26852520  0.20191752  0.21359573  0.40726989  0.39968709  0.39218029  0.47086531  0.04560858  0.05985086  0.05507328  0.06949841  0.06949841  0.06949841  0.08917451  0.00000000  0.05032598  0.13014867  0.30087709  0.31421951  0.34163924  0.34865393  0.40726989  0.28776818  0.29429396  0.30087709  0.39218029  0.45445313  0.32098092  0.33468963  0.34163924  0.34163924  0.34163924  0.30087709  0.35573494  0.36288352  0.37010099  0.37010099  0.38474797  0.35573494  0.39218029  0.37010099  0.41493024  0.44637996  0.39218029  0.39968709  0.48764516  0.37738868  0.39968709  0.36288352  0.37738868  0.39968709  0.38474797  0.37010099  0.35573494  0.37738868  0.38474797  0.38474797  0.39218029  0.36288352  0.34163924  0.36288352  0.39218029  0.35573494  0.34865393  0.38474797  0.34865393  0.35573494  0.41493024  0.41493024  0.42266975  0.36288352  0.39218029  0.37738868  0.43839287  0.46261427  0.47086531  0.43049005  0.43049005  0.43839287  0.43049005  0.43049005  0.43049005  0.43049005  0.43049005  0.40726989  0.41493024  0.39218029  0.40726989  0.34163924  0.33468963  0.48764516  0.50480956  0.38474797  0.40726989  0.33468963  0.41493024  0.37010099  0.38474797  0.38474797  0.38474797  0.40726989  0.39218029  0.34163924  0.38474797  0.34163924  0.37010099  0.37738868  0.37010099  0.34865393  0.33468963  0.33468963  0.35573494  0.37010099  0.41493024  0.35573494  0.35573494  0.36288352  0.34865393  0.34163924  0.37010099  0.36288352  0.35573494  0.39968709  0.42266975  0.39968709  0.37738868  0.34865393  0.34865393  0.35573494  0.37738868  0.38474797  0.32098092  0.34163924  0.34163924  0.34865393  0.35573494  0.36288352  0.36288352  0.35573494  0.35573494  0.34865393  0.33468963  0.35573494  0.38474797  0.35573494  0.41493024  0.42266975  0.40726989  0.43839287  0.41493024  0.39218029  0.40726989  0.43049005  0.35573494  0.46261427  0.47920825  0.46261427  0.49617820  0.45445313  0.44637996  0.42266975  0.42266975  0.49617820  0.48764516  0.54036539  
