18
9_0_0      0.00000000  0.34527081  0.35187219  0.31944073  0.31944073  0.30064499  0.31312211  0.27630662  1.19984090  1.17919756  1.12052306  1.04891274  1.06617413  1.12052306  1.04891274  1.04891274  1.06617413  1.03204610  
4_0_0      0.34527081  0.00000000  0.27034548  0.18098955  0.23555626  0.16537682  0.18626811  0.20776841  0.89543803  0.88171061  0.92368393  0.92368393  0.88171061  0.90942578  0.89543803  0.90942578  0.88171061  0.90942578  
12_0_0     0.35187219  0.27034548  0.00000000  0.21324286  0.26443213  0.20776841  0.20776841  0.25274578  1.10195821  1.12052306  1.10195821  1.01555655  0.96819071  0.99942759  1.03204610  1.06617413  0.98364380  1.03204610  
10_0_0     0.31944073  0.18098955  0.21324286  0.00000000  0.07350256  0.01245017  0.02086859  0.15008773  0.88171061  0.86823403  0.93822316  0.90942578  0.88171061  0.89543803  0.88171061  0.90942578  0.88171061  0.89543803  
5_0_0      0.31944073  0.23555626  0.26443213  0.07350256  0.00000000  0.07806308  0.08726961  0.18626811  0.89543803  0.88171061  0.95305475  0.95305475  0.92368393  0.93822316  0.95305475  0.95305475  0.89543803  0.88171061  
7_0_0      0.30064499  0.16537682  0.20776841  0.01245017  0.07806308  0.00000000  0.01664737  0.14506100  0.90942578  0.89543803  0.96819071  0.93822316  0.90942578  0.92368393  0.90942578  0.93822316  0.90942578  0.92368393  
1_0_0      0.31312211  0.18626811  0.20776841  0.02086859  0.08726961  0.01664737  0.00000000  0.15514896  0.92368393  0.90942578  0.95305475  0.95305475  0.92368393  0.93822316  0.92368393  0.95305475  0.92368393  0.93822316  
8_0_0      0.27630662  0.20776841  0.25274578  0.15008773  0.18626811  0.14506100  0.15514896  0.00000000  1.08384918  1.10195821  1.04891274  1.04891274  1.03204610  1.10195821  1.04891274  1.12052306  1.04891274  1.03204610  
14_0_0     1.19984090  0.89543803  1.10195821  0.88171061  0.89543803  0.90942578  0.92368393  1.08384918  0.00000000  0.00412675  0.05998778  0.19158471  0.18626811  0.17574850  0.18626811  0.21324286  0.20233429  0.18098955  
2_0_0      1.17919756  0.88171061  1.12052306  0.86823403  0.88171061  0.89543803  0.90942578  1.10195821  0.00412675  0.00000000  0.06446525  0.19693992  0.19158471  0.17054443  0.19158471  0.20776841  0.20776841  0.18626811  
11_0_0     1.12052306  0.92368393  1.10195821  0.93822316  0.95305475  0.96819071  0.95305475  1.04891274  0.05998778  0.06446525  0.00000000  0.23555626  0.22431519  0.21875825  0.24124170  0.27034548  0.23555626  0.22431519  
13_0_0     1.04891274  0.92368393  1.01555655  0.90942578  0.95305475  0.93822316  0.95305475  1.04891274  0.19158471  0.19693992  0.23555626  0.00000000  0.05111356  0.06897006  0.04671618  0.06897006  0.09659250  0.04671618  
3_2_0      1.06617413  0.88171061  0.96819071  0.88171061  0.92368393  0.90942578  0.92368393  1.03204610  0.18626811  0.19158471  0.22431519  0.05111356  0.00000000  0.04234485  0.03799928  0.05998778  0.09191632  0.05111356  
6_2_0      1.12052306  0.90942578  0.99942759  0.89543803  0.93822316  0.92368393  0.93822316  1.10195821  0.17574850  0.17054443  0.21875825  0.06897006  0.04234485  0.00000000  0.06446525  0.07806308  0.12042870  0.07806308  
3_1_0      1.04891274  0.89543803  1.03204610  0.88171061  0.95305475  0.90942578  0.92368393  1.04891274  0.18626811  0.19158471  0.24124170  0.04671618  0.03799928  0.06446525  0.00000000  0.02086859  0.09659250  0.05553732  
6_1_0      1.04891274  0.90942578  1.06617413  0.90942578  0.95305475  0.93822316  0.95305475  1.12052306  0.21324286  0.20776841  0.27034548  0.06897006  0.05998778  0.07806308  0.02086859  0.00000000  0.12042870  0.07806308  
6_0_0      1.06617413  0.88171061  0.98364380  0.88171061  0.89543803  0.90942578  0.92368393  1.04891274  0.20233429  0.20776841  0.23555626  0.09659250  0.09191632  0.12042870  0.09659250  0.12042870  0.00000000  0.04671618  
3_0_0      1.03204610  0.90942578  1.03204610  0.89543803  0.88171061  0.92368393  0.93822316  1.03204610  0.18098955  0.18626811  0.22431519  0.04671618  0.05111356  0.07806308  0.05553732  0.07806308  0.04671618  0.00000000  

