139
2_0_0      0.00000000  0.00000000  0.00000000  0.05997549  0.07721986  0.05997549  0.04312679  0.12528854  0.11910504  0.12528854  0.33188484  0.29969243  0.32370346  0.28411044  0.28411044  0.27644170  0.27644170  0.28411044  0.27644170  0.28411044  0.29969243  0.31561224  0.27644170  0.24654338  0.33188484  0.31561224  0.26134039  0.26885223  0.27644170  0.28411044  0.26134039  0.25390461  0.27644170  0.27644170  0.26885223  0.26885223  0.26885223  0.26134039  0.28411044  0.24654338  0.24654338  0.23925520  0.26885223  0.29186010  0.30760919  0.29969243  0.30760919  0.29969243  0.29186010  0.30760919  0.28411044  0.29186010  0.29186010  0.28411044  0.27644170  0.27644170  0.28411044  0.30760919  0.28411044  0.26885223  0.29969243  0.29969243  0.27644170  0.28411044  0.26134039  0.26134039  0.28411044  0.32370346  0.31561224  0.33188484  0.34852622  0.35699051  0.34015839  0.35699051  0.33188484  0.37421751  0.36555349  0.34852622  0.34015839  0.37421751  0.39185838  0.40084033  0.37421751  0.44747581  0.45716914  0.41914067  0.40084033  0.38298498  0.38298498  0.36555349  0.38298498  0.38298498  0.33188484  0.39185838  0.34852622  0.34852622  0.35699051  0.34852622  0.37421751  0.40993349  0.37421751  0.40993349  0.39185838  0.47694832  0.44747581  0.44747581  0.40084033  0.37421751  0.37421751  0.38298498  0.37421751  0.42846476  0.40993349  0.40084033  0.40084033  0.38298498  0.40993349  0.38298498  0.43790876  0.43790876  0.43790876  0.39185838  0.37421751  0.39185838  0.37421751  0.36555349  0.34852622  0.40993349  0.40993349  0.40993349  0.35699051  0.34852622  0.39185838  0.32370346  0.35699051  0.42846476  0.47694832  0.47694832  0.45716914  
11_0_0     0.00000000  0.00000000  0.00000000  0.05997549  0.07721986  0.05997549  0.04312679  0.12528854  0.11910504  0.12528854  0.33188484  0.29969243  0.32370346  0.28411044  0.28411044  0.27644170  0.27644170  0.28411044  0.27644170  0.28411044  0.29969243  0.31561224  0.27644170  0.24654338  0.33188484  0.31561224  0.26134039  0.26885223  0.27644170  0.28411044  0.26134039  0.25390461  0.27644170  0.27644170  0.26885223  0.26885223  0.26885223  0.26134039  0.28411044  0.24654338  0.24654338  0.23925520  0.26885223  0.29186010  0.30760919  0.29969243  0.30760919  0.29969243  0.29186010  0.30760919  0.28411044  0.29186010  0.29186010  0.28411044  0.27644170  0.27644170  0.28411044  0.30760919  0.28411044  0.26885223  0.29969243  0.29969243  0.27644170  0.28411044  0.26134039  0.26134039  0.28411044  0.32370346  0.31561224  0.33188484  0.34852622  0.35699051  0.34015839  0.35699051  0.33188484  0.37421751  0.36555349  0.34852622  0.34015839  0.37421751  0.39185838  0.40084033  0.37421751  0.44747581  0.45716914  0.41914067  0.40084033  0.38298498  0.38298498  0.36555349  0.38298498  0.38298498  0.33188484  0.39185838  0.34852622  0.34852622  0.35699051  0.34852622  0.37421751  0.40993349  0.37421751  0.40993349  0.39185838  0.47694832  0.44747581  0.44747581  0.40084033  0.37421751  0.37421751  0.38298498  0.37421751  0.42846476  0.40993349  0.40084033  0.40084033  0.38298498  0.40993349  0.38298498  0.43790876  0.43790876  0.43790876  0.39185838  0.37421751  0.39185838  0.37421751  0.36555349  0.34852622  0.40993349  0.40993349  0.40993349  0.35699051  0.34852622  0.39185838  0.32370346  0.35699051  0.42846476  0.47694832  0.47694832  0.45716914  
17_0_0     0.00000000  0.00000000  0.00000000  0.05997549  0.07721986  0.05997549  0.04312679  0.12528854  0.11910504  0.12528854  0.33188484  0.29969243  0.32370346  0.28411044  0.28411044  0.27644170  0.27644170  0.28411044  0.27644170  0.28411044  0.29969243  0.31561224  0.27644170  0.24654338  0.33188484  0.31561224  0.26134039  0.26885223  0.27644170  0.28411044  0.26134039  0.25390461  0.27644170  0.27644170  0.26885223  0.26885223  0.26885223  0.26134039  0.28411044  0.24654338  0.24654338  0.23925520  0.26885223  0.29186010  0.30760919  0.29969243  0.30760919  0.29969243  0.29186010  0.30760919  0.28411044  0.29186010  0.29186010  0.28411044  0.27644170  0.27644170  0.28411044  0.30760919  0.28411044  0.26885223  0.29969243  0.29969243  0.27644170  0.28411044  0.26134039  0.26134039  0.28411044  0.32370346  0.31561224  0.33188484  0.34852622  0.35699051  0.34015839  0.35699051  0.33188484  0.37421751  0.36555349  0.34852622  0.34015839  0.37421751  0.39185838  0.40084033  0.37421751  0.44747581  0.45716914  0.41914067  0.40084033  0.38298498  0.38298498  0.36555349  0.38298498  0.38298498  0.33188484  0.39185838  0.34852622  0.34852622  0.35699051  0.34852622  0.37421751  0.40993349  0.37421751  0.40993349  0.39185838  0.47694832  0.44747581  0.44747581  0.40084033  0.37421751  0.37421751  0.38298498  0.37421751  0.42846476  0.40993349  0.40084033  0.40084033  0.38298498  0.40993349  0.38298498  0.43790876  0.43790876  0.43790876  0.39185838  0.37421751  0.39185838  0.37421751  0.36555349  0.34852622  0.40993349  0.40993349  0.40993349  0.35699051  0.34852622  0.39185838  0.32370346  0.35699051  0.42846476  0.47694832  0.47694832  0.45716914  
15_0_0     0.05997549  0.05997549  0.05997549  0.00000000  0.11910504  0.10086096  0.08305917  0.11910504  0.15055675  0.17009538  0.32370346  0.29186010  0.31561224  0.32370346  0.31561224  0.32370346  0.32370346  0.33188484  0.32370346  0.33188484  0.34852622  0.36555349  0.30760919  0.29186010  0.36555349  0.34015839  0.28411044  0.27644170  0.29969243  0.29186010  0.31561224  0.27644170  0.29969243  0.31561224  0.32370346  0.30760919  0.30760919  0.29969243  0.32370346  0.29969243  0.29969243  0.27644170  0.29186010  0.36555349  0.36555349  0.37421751  0.36555349  0.35699051  0.34852622  0.36555349  0.34015839  0.34852622  0.34852622  0.34015839  0.34852622  0.34852622  0.34015839  0.34015839  0.30760919  0.30760919  0.34015839  0.34015839  0.31561224  0.32370346  0.29969243  0.29969243  0.32370346  0.36555349  0.35699051  0.34015839  0.40993349  0.41914067  0.38298498  0.40084033  0.37421751  0.40084033  0.42846476  0.37421751  0.40084033  0.41914067  0.43790876  0.42846476  0.41914067  0.46699214  0.47694832  0.46699214  0.44747581  0.40993349  0.40993349  0.39185838  0.42846476  0.42846476  0.35699051  0.40084033  0.35699051  0.35699051  0.36555349  0.37421751  0.41914067  0.45716914  0.36555349  0.40084033  0.38298498  0.46699214  0.43790876  0.43790876  0.44747581  0.43790876  0.43790876  0.44747581  0.43790876  0.47694832  0.43790876  0.42846476  0.42846476  0.42846476  0.49727503  0.44747581  0.40993349  0.40993349  0.40993349  0.41914067  0.40084033  0.41914067  0.45716914  0.44747581  0.42846476  0.47694832  0.47694832  0.47694832  0.40084033  0.40993349  0.43790876  0.38298498  0.41914067  0.47694832  0.48704135  0.48704135  0.49727503  
16_0_0     0.07721986  0.07721986  0.07721986  0.11910504  0.00000000  0.03759538  0.10086096  0.15055675  0.17672552  0.18341606  0.39185838  0.37421751  0.38298498  0.37421751  0.35699051  0.36555349  0.36555349  0.36555349  0.34852622  0.37421751  0.37421751  0.39185838  0.36555349  0.33188484  0.37421751  0.34852622  0.34852622  0.34015839  0.36555349  0.34852622  0.33188484  0.32370346  0.34015839  0.34852622  0.34852622  0.34852622  0.34852622  0.34015839  0.35699051  0.31561224  0.32370346  0.26885223  0.31561224  0.36555349  0.38298498  0.37421751  0.40084033  0.37421751  0.38298498  0.38298498  0.37421751  0.38298498  0.38298498  0.37421751  0.36555349  0.36555349  0.35699051  0.39185838  0.37421751  0.34015839  0.39185838  0.39185838  0.36555349  0.37421751  0.35699051  0.35699051  0.37421751  0.41914067  0.40993349  0.40993349  0.42846476  0.43790876  0.42846476  0.42846476  0.40084033  0.44747581  0.41914067  0.40084033  0.39185838  0.42846476  0.44747581  0.45716914  0.42846476  0.49727503  0.48704135  0.46699214  0.44747581  0.46699214  0.46699214  0.44747581  0.44747581  0.44747581  0.40993349  0.48704135  0.42846476  0.44747581  0.41914067  0.42846476  0.45716914  0.47694832  0.46699214  0.48704135  0.46699214  0.48704135  0.45716914  0.43790876  0.46699214  0.43790876  0.43790876  0.44747581  0.43790876  0.49727503  0.45716914  0.40084033  0.40084033  0.40084033  0.44747581  0.40084033  0.45716914  0.45716914  0.45716914  0.40084033  0.40084033  0.40084033  0.44747581  0.43790876  0.43790876  0.46699214  0.46699214  0.46699214  0.41914067  0.40993349  0.45716914  0.39185838  0.40993349  0.48704135  0.51818046  0.51818046  0.50765336  
16_1_0     0.05997549  0.05997549  0.05997549  0.10086096  0.03759538  0.00000000  0.08305917  0.13152455  0.15055675  0.15701204  0.39185838  0.35699051  0.36555349  0.32370346  0.32370346  0.33188484  0.33188484  0.33188484  0.31561224  0.34015839  0.35699051  0.37421751  0.34852622  0.31561224  0.35699051  0.32370346  0.31561224  0.30760919  0.33188484  0.32370346  0.29969243  0.29186010  0.29969243  0.31561224  0.30760919  0.30760919  0.30760919  0.29969243  0.32370346  0.28411044  0.28411044  0.24654338  0.27644170  0.33188484  0.33188484  0.32370346  0.34852622  0.34015839  0.34852622  0.34852622  0.34015839  0.36555349  0.36555349  0.34015839  0.33188484  0.33188484  0.32370346  0.35699051  0.34015839  0.30760919  0.35699051  0.35699051  0.33188484  0.34015839  0.31561224  0.31561224  0.34015839  0.36555349  0.35699051  0.37421751  0.40084033  0.40993349  0.40993349  0.40993349  0.38298498  0.40993349  0.40084033  0.40084033  0.39185838  0.42846476  0.44747581  0.45716914  0.40993349  0.48704135  0.45716914  0.41914067  0.40084033  0.41914067  0.41914067  0.41914067  0.40084033  0.40084033  0.36555349  0.42846476  0.38298498  0.38298498  0.39185838  0.40084033  0.44747581  0.44747581  0.44747581  0.46699214  0.44747581  0.47694832  0.44747581  0.42846476  0.45716914  0.42846476  0.42846476  0.43790876  0.42846476  0.44747581  0.42846476  0.38298498  0.38298498  0.38298498  0.42846476  0.38298498  0.44747581  0.44747581  0.44747581  0.38298498  0.38298498  0.38298498  0.44747581  0.43790876  0.43790876  0.46699214  0.46699214  0.46699214  0.37421751  0.36555349  0.40993349  0.35699051  0.37421751  0.45716914  0.48704135  0.48704135  0.45716914  
23_0_0     0.04312679  0.04312679  0.04312679  0.08305917  0.10086096  0.08305917  0.00000000  0.11297318  0.11910504  0.12528854  0.36555349  0.33188484  0.34015839  0.28411044  0.25390461  0.27644170  0.27644170  0.28411044  0.27644170  0.28411044  0.33188484  0.34852622  0.29969243  0.28411044  0.34852622  0.28411044  0.27644170  0.26885223  0.26134039  0.26885223  0.26134039  0.23925520  0.26134039  0.26134039  0.26885223  0.23925520  0.25390461  0.24654338  0.26885223  0.26134039  0.26134039  0.25390461  0.26885223  0.29186010  0.30760919  0.31561224  0.30760919  0.31561224  0.30760919  0.30760919  0.28411044  0.29186010  0.29186010  0.28411044  0.27644170  0.29186010  0.26885223  0.29969243  0.29969243  0.28411044  0.29969243  0.29969243  0.29186010  0.29969243  0.27644170  0.27644170  0.29969243  0.34015839  0.33188484  0.32370346  0.35699051  0.36555349  0.34852622  0.38298498  0.39185838  0.40084033  0.37421751  0.37421751  0.38298498  0.41914067  0.41914067  0.42846476  0.41914067  0.45716914  0.50765336  0.42846476  0.42846476  0.36555349  0.36555349  0.34852622  0.38298498  0.38298498  0.33188484  0.38298498  0.33188484  0.33188484  0.34015839  0.34852622  0.38298498  0.43790876  0.40084033  0.41914067  0.40084033  0.42846476  0.38298498  0.40084033  0.38298498  0.39185838  0.39185838  0.38298498  0.37421751  0.40993349  0.40993349  0.39185838  0.39185838  0.36555349  0.41914067  0.40993349  0.41914067  0.41914067  0.41914067  0.35699051  0.35699051  0.35699051  0.34852622  0.35699051  0.37421751  0.40084033  0.40084033  0.40084033  0.36555349  0.35699051  0.40084033  0.33188484  0.36555349  0.44747581  0.45716914  0.47694832  0.45716914  
8_0_0      0.12528854  0.12528854  0.12528854  0.11910504  0.15055675  0.13152455  0.11297318  0.00000000  0.19698285  0.20386140  0.39185838  0.36555349  0.38298498  0.32370346  0.27644170  0.29969243  0.31561224  0.31561224  0.31561224  0.30760919  0.34015839  0.35699051  0.34015839  0.34015839  0.37421751  0.30760919  0.28411044  0.27644170  0.28411044  0.29186010  0.26885223  0.26134039  0.25390461  0.25390461  0.27644170  0.26134039  0.26134039  0.25390461  0.27644170  0.26134039  0.26134039  0.26134039  0.27644170  0.31561224  0.33188484  0.34015839  0.34852622  0.34015839  0.34852622  0.32370346  0.30760919  0.33188484  0.33188484  0.30760919  0.31561224  0.33188484  0.30760919  0.30760919  0.32370346  0.30760919  0.32370346  0.32370346  0.33188484  0.34015839  0.31561224  0.31561224  0.34015839  0.36555349  0.35699051  0.34852622  0.39185838  0.40084033  0.40084033  0.41914067  0.39185838  0.40084033  0.40993349  0.44747581  0.40084033  0.43790876  0.45716914  0.44747581  0.41914067  0.47694832  0.52886067  0.42846476  0.42846476  0.40084033  0.40084033  0.40084033  0.38298498  0.38298498  0.36555349  0.40084033  0.34852622  0.34852622  0.37421751  0.38298498  0.41914067  0.45716914  0.36555349  0.40084033  0.38298498  0.44747581  0.40084033  0.41914067  0.43790876  0.44747581  0.44747581  0.43790876  0.42846476  0.42846476  0.42846476  0.40993349  0.40993349  0.36555349  0.45716914  0.40993349  0.41914067  0.41914067  0.41914067  0.40084033  0.38298498  0.40084033  0.41914067  0.42846476  0.40993349  0.40084033  0.40084033  0.40084033  0.40084033  0.37421751  0.40084033  0.34852622  0.36555349  0.48704135  0.47694832  0.49727503  0.45716914  
5_0_0      0.11910504  0.11910504  0.11910504  0.15055675  0.17672552  0.15055675  0.11910504  0.19698285  0.00000000  0.02665601  0.38298498  0.31561224  0.32370346  0.28411044  0.26885223  0.27644170  0.29186010  0.29969243  0.27644170  0.28411044  0.31561224  0.33188484  0.33188484  0.31561224  0.33188484  0.29969243  0.29186010  0.28411044  0.30760919  0.29969243  0.30760919  0.29969243  0.30760919  0.30760919  0.29969243  0.29969243  0.29969243  0.29186010  0.29969243  0.28411044  0.29186010  0.31561224  0.31561224  0.32370346  0.33188484  0.34015839  0.31561224  0.34015839  0.33188484  0.32370346  0.31561224  0.30760919  0.30760919  0.29969243  0.29186010  0.30760919  0.28411044  0.33188484  0.29969243  0.29969243  0.29969243  0.29969243  0.29186010  0.28411044  0.27644170  0.27644170  0.29969243  0.34015839  0.34852622  0.34015839  0.42846476  0.43790876  0.38298498  0.40084033  0.39185838  0.40084033  0.41914067  0.40993349  0.41914067  0.43790876  0.45716914  0.44747581  0.40084033  0.44747581  0.47694832  0.42846476  0.40993349  0.40084033  0.40084033  0.38298498  0.40084033  0.40084033  0.34852622  0.40084033  0.38298498  0.36555349  0.37421751  0.38298498  0.38298498  0.41914067  0.42846476  0.42846476  0.42846476  0.49727503  0.46699214  0.46699214  0.40993349  0.40084033  0.40084033  0.40993349  0.40084033  0.43790876  0.43790876  0.38298498  0.38298498  0.40084033  0.41914067  0.42846476  0.44747581  0.44747581  0.44747581  0.39185838  0.39185838  0.39185838  0.47694832  0.46699214  0.46699214  0.49727503  0.49727503  0.49727503  0.43790876  0.44747581  0.46699214  0.41914067  0.43790876  0.47694832  0.50765336  0.48704135  0.46699214  
9_0_0      0.12528854  0.12528854  0.12528854  0.17009538  0.18341606  0.15701204  0.12528854  0.20386140  0.02665601  0.00000000  0.37421751  0.32370346  0.33188484  0.29186010  0.26134039  0.26885223  0.28411044  0.29186010  0.28411044  0.29186010  0.32370346  0.34015839  0.35699051  0.32370346  0.32370346  0.30760919  0.31561224  0.30760919  0.31561224  0.30760919  0.29969243  0.30760919  0.31561224  0.31561224  0.29186010  0.30760919  0.30760919  0.29969243  0.30760919  0.29186010  0.29969243  0.30760919  0.30760919  0.31561224  0.32370346  0.31561224  0.32370346  0.34015839  0.33188484  0.31561224  0.30760919  0.29969243  0.29969243  0.29186010  0.28411044  0.28411044  0.27644170  0.30760919  0.27644170  0.27644170  0.29186010  0.29186010  0.26885223  0.26134039  0.25390461  0.25390461  0.27644170  0.33188484  0.34015839  0.34852622  0.41914067  0.42846476  0.39185838  0.39185838  0.40084033  0.39185838  0.40993349  0.40084033  0.40993349  0.42846476  0.44747581  0.43790876  0.39185838  0.45716914  0.46699214  0.43790876  0.41914067  0.40993349  0.40993349  0.40993349  0.40993349  0.40993349  0.39185838  0.40993349  0.39185838  0.39185838  0.40084033  0.40993349  0.39185838  0.44747581  0.40993349  0.40993349  0.40993349  0.47694832  0.44747581  0.44747581  0.41914067  0.40993349  0.40993349  0.40084033  0.39185838  0.44747581  0.44747581  0.37421751  0.37421751  0.39185838  0.37421751  0.38298498  0.41914067  0.41914067  0.41914067  0.36555349  0.36555349  0.36555349  0.44747581  0.43790876  0.43790876  0.46699214  0.46699214  0.46699214  0.39185838  0.40084033  0.43790876  0.37421751  0.39185838  0.44747581  0.47694832  0.47694832  0.47694832  
10_0_0     0.33188484  0.33188484  0.33188484  0.32370346  0.39185838  0.39185838  0.36555349  0.39185838  0.38298498  0.37421751  0.00000000  0.05431619  0.05997549  0.22489233  0.26134039  0.25390461  0.25390461  0.26134039  0.20386140  0.21781489  0.24654338  0.26134039  0.27644170  0.27644170  0.26134039  0.29969243  0.28411044  0.29186010  0.29969243  0.33188484  0.28411044  0.26134039  0.27644170  0.26134039  0.28411044  0.27644170  0.26885223  0.26134039  0.26885223  0.23203865  0.22489233  0.23925520  0.28411044  0.27644170  0.25390461  0.26134039  0.25390461  0.26885223  0.26134039  0.26885223  0.26134039  0.23925520  0.25390461  0.24654338  0.25390461  0.26885223  0.26134039  0.28411044  0.26134039  0.28411044  0.30760919  0.30760919  0.27644170  0.26885223  0.29186010  0.29186010  0.26885223  0.25390461  0.24654338  0.30760919  0.38298498  0.39185838  0.37421751  0.36555349  0.34852622  0.37421751  0.38298498  0.37421751  0.39185838  0.35699051  0.34852622  0.33188484  0.35699051  0.36555349  0.35699051  0.35699051  0.38298498  0.37421751  0.37421751  0.35699051  0.40993349  0.40993349  0.37421751  0.36555349  0.37421751  0.39185838  0.38298498  0.37421751  0.37421751  0.39185838  0.30760919  0.31561224  0.32370346  0.43790876  0.42846476  0.42846476  0.34015839  0.36555349  0.36555349  0.35699051  0.36555349  0.39185838  0.39185838  0.40084033  0.40084033  0.40084033  0.29969243  0.30760919  0.34015839  0.34015839  0.34015839  0.33188484  0.33188484  0.31561224  0.37421751  0.40084033  0.34852622  0.31561224  0.31561224  0.31561224  0.26885223  0.31561224  0.36555349  0.31561224  0.32370346  0.45716914  0.51818046  0.49727503  0.47694832  
19_0_0     0.29969243  0.29969243  0.29969243  0.29186010  0.37421751  0.35699051  0.33188484  0.36555349  0.31561224  0.32370346  0.05431619  0.00000000  0.01587722  0.17009538  0.23203865  0.21080500  0.21080500  0.21781489  0.16352457  0.16352457  0.20386140  0.21781489  0.23203865  0.23203865  0.21781489  0.25390461  0.23925520  0.24654338  0.25390461  0.29969243  0.23925520  0.21781489  0.26134039  0.23203865  0.25390461  0.24654338  0.23925520  0.23203865  0.23925520  0.23203865  0.23925520  0.23925520  0.26885223  0.23203865  0.24654338  0.25390461  0.25390461  0.29186010  0.28411044  0.27644170  0.26134039  0.25390461  0.25390461  0.24654338  0.25390461  0.26885223  0.26134039  0.28411044  0.26134039  0.28411044  0.29186010  0.29186010  0.27644170  0.26885223  0.29186010  0.29186010  0.25390461  0.23925520  0.23203865  0.27644170  0.33188484  0.34015839  0.32370346  0.33188484  0.33188484  0.32370346  0.34852622  0.34015839  0.39185838  0.35699051  0.36555349  0.34852622  0.34015839  0.38298498  0.39185838  0.35699051  0.40084033  0.35699051  0.35699051  0.35699051  0.39185838  0.39185838  0.35699051  0.36555349  0.37421751  0.37421751  0.38298498  0.37421751  0.40993349  0.40993349  0.30760919  0.31561224  0.32370346  0.50765336  0.49727503  0.49727503  0.34015839  0.36555349  0.36555349  0.35699051  0.36555349  0.39185838  0.39185838  0.36555349  0.36555349  0.37421751  0.29969243  0.30760919  0.37421751  0.37421751  0.37421751  0.34852622  0.34852622  0.33188484  0.37421751  0.40084033  0.34852622  0.31561224  0.31561224  0.31561224  0.26885223  0.29969243  0.40084033  0.28411044  0.30760919  0.41914067  0.45716914  0.43790876  0.47694832  
21_0_0     0.32370346  0.32370346  0.32370346  0.31561224  0.38298498  0.36555349  0.34015839  0.38298498  0.32370346  0.33188484  0.05997549  0.01587722  0.00000000  0.17672552  0.23925520  0.21781489  0.21781489  0.22489233  0.17009538  0.17009538  0.21080500  0.22489233  0.23925520  0.23925520  0.22489233  0.24654338  0.24654338  0.25390461  0.26134039  0.30760919  0.24654338  0.22489233  0.26885223  0.23925520  0.26134039  0.25390461  0.24654338  0.23925520  0.24654338  0.23925520  0.24654338  0.24654338  0.27644170  0.23925520  0.25390461  0.26134039  0.26134039  0.29969243  0.29186010  0.28411044  0.26885223  0.26134039  0.26134039  0.25390461  0.26134039  0.27644170  0.26885223  0.29186010  0.26885223  0.29186010  0.29969243  0.29969243  0.28411044  0.27644170  0.29969243  0.29969243  0.26134039  0.24654338  0.23925520  0.28411044  0.32370346  0.33188484  0.31561224  0.32370346  0.32370346  0.31561224  0.34015839  0.33188484  0.38298498  0.34852622  0.35699051  0.34015839  0.33188484  0.35699051  0.36555349  0.33188484  0.37421751  0.34852622  0.34852622  0.34852622  0.38298498  0.38298498  0.34852622  0.35699051  0.36555349  0.36555349  0.37421751  0.36555349  0.40084033  0.40084033  0.31561224  0.30760919  0.31561224  0.49727503  0.48704135  0.48704135  0.33188484  0.35699051  0.35699051  0.34852622  0.35699051  0.38298498  0.38298498  0.35699051  0.35699051  0.36555349  0.27644170  0.29969243  0.36555349  0.36555349  0.36555349  0.34015839  0.35699051  0.32370346  0.36555349  0.39185838  0.35699051  0.30760919  0.30760919  0.30760919  0.26134039  0.29186010  0.39185838  0.27644170  0.29969243  0.42846476  0.46699214  0.44747581  0.46699214  
4_0_0      0.28411044  0.28411044  0.28411044  0.32370346  0.37421751  0.32370346  0.28411044  0.32370346  0.28411044  0.29186010  0.22489233  0.17009538  0.17672552  0.00000000  0.07142663  0.05431619  0.06567873  0.07142663  0.03759538  0.03759538  0.13781397  0.15055675  0.15701204  0.14415772  0.16352457  0.17672552  0.19016812  0.19698285  0.17672552  0.23203865  0.16352457  0.15701204  0.16352457  0.15055675  0.17009538  0.16352457  0.15701204  0.15055675  0.15701204  0.19016812  0.19698285  0.18341606  0.18341606  0.15055675  0.15701204  0.16352457  0.15055675  0.20386140  0.19698285  0.20386140  0.19698285  0.19698285  0.19698285  0.18341606  0.19016812  0.21781489  0.19698285  0.19698285  0.19016812  0.18341606  0.20386140  0.20386140  0.18341606  0.17009538  0.19016812  0.19016812  0.16352457  0.16352457  0.15701204  0.26134039  0.31561224  0.32370346  0.29969243  0.31561224  0.34852622  0.34015839  0.29969243  0.30760919  0.35699051  0.34015839  0.34852622  0.36555349  0.33188484  0.37421751  0.38298498  0.37421751  0.37421751  0.34015839  0.34015839  0.32370346  0.35699051  0.35699051  0.32370346  0.36555349  0.35699051  0.34015839  0.34852622  0.34015839  0.40993349  0.41914067  0.31561224  0.34852622  0.33188484  0.45716914  0.46699214  0.44747581  0.29186010  0.31561224  0.31561224  0.30760919  0.29969243  0.29186010  0.29969243  0.35699051  0.35699051  0.37421751  0.29969243  0.29969243  0.36555349  0.36555349  0.36555349  0.35699051  0.35699051  0.34015839  0.33188484  0.34015839  0.30760919  0.32370346  0.32370346  0.32370346  0.33188484  0.32370346  0.37421751  0.29186010  0.26885223  0.44747581  0.44747581  0.44747581  0.41914067  
3_0_0      0.28411044  0.28411044  0.28411044  0.31561224  0.35699051  0.32370346  0.25390461  0.27644170  0.26885223  0.26134039  0.26134039  0.23203865  0.23925520  0.07142663  0.00000000  0.01587722  0.02665601  0.03210532  0.08894528  0.08894528  0.19016812  0.20386140  0.20386140  0.19016812  0.22489233  0.23203865  0.24654338  0.23925520  0.23203865  0.26134039  0.21781489  0.21080500  0.20386140  0.20386140  0.22489233  0.21781489  0.21080500  0.20386140  0.21080500  0.19016812  0.19698285  0.21080500  0.22489233  0.20386140  0.21080500  0.21781489  0.19016812  0.26134039  0.25390461  0.24654338  0.23925520  0.22489233  0.22489233  0.22489233  0.23203865  0.24654338  0.22489233  0.23203865  0.24654338  0.23925520  0.23203865  0.23203865  0.23925520  0.22489233  0.23203865  0.23203865  0.21781489  0.23203865  0.22489233  0.27644170  0.33188484  0.34015839  0.33188484  0.34852622  0.38298498  0.35699051  0.31561224  0.34015839  0.39185838  0.37421751  0.36555349  0.38298498  0.33188484  0.39185838  0.43790876  0.40993349  0.39185838  0.37421751  0.37421751  0.37421751  0.39185838  0.39185838  0.35699051  0.36555349  0.39185838  0.37421751  0.38298498  0.39185838  0.42846476  0.45716914  0.35699051  0.39185838  0.35699051  0.43790876  0.40993349  0.42846476  0.30760919  0.34852622  0.34852622  0.32370346  0.31561224  0.29186010  0.33188484  0.34852622  0.34852622  0.34852622  0.33188484  0.31561224  0.34852622  0.34852622  0.34852622  0.32370346  0.32370346  0.30760919  0.36555349  0.37421751  0.35699051  0.35699051  0.35699051  0.35699051  0.36555349  0.34015839  0.35699051  0.30760919  0.28411044  0.47694832  0.45716914  0.45716914  0.43790876  
1_0_0      0.27644170  0.27644170  0.27644170  0.32370346  0.36555349  0.33188484  0.27644170  0.29969243  0.27644170  0.26885223  0.25390461  0.21080500  0.21781489  0.05431619  0.01587722  0.00000000  0.01054658  0.01587722  0.07142663  0.07142663  0.17009538  0.18341606  0.18341606  0.17009538  0.20386140  0.22489233  0.23925520  0.24654338  0.22489233  0.25390461  0.21080500  0.20386140  0.21080500  0.19698285  0.21781489  0.21080500  0.20386140  0.19698285  0.20386140  0.19698285  0.20386140  0.21781489  0.23203865  0.18341606  0.19016812  0.19698285  0.18341606  0.25390461  0.24654338  0.23925520  0.23203865  0.21781489  0.21781489  0.21781489  0.22489233  0.23925520  0.23203865  0.24654338  0.22489233  0.21781489  0.22489233  0.22489233  0.21781489  0.20386140  0.21080500  0.21080500  0.19698285  0.21080500  0.20386140  0.29969243  0.32370346  0.33188484  0.30760919  0.32370346  0.37421751  0.33188484  0.30760919  0.31561224  0.36555349  0.34852622  0.34015839  0.35699051  0.30760919  0.40084033  0.42846476  0.40084033  0.40084033  0.34852622  0.34852622  0.34852622  0.36555349  0.36555349  0.33188484  0.35699051  0.36555349  0.34852622  0.37421751  0.36555349  0.40084033  0.42846476  0.33188484  0.36555349  0.33188484  0.43790876  0.42846476  0.42846476  0.31561224  0.34015839  0.34015839  0.33188484  0.32370346  0.29969243  0.32370346  0.34852622  0.34852622  0.35699051  0.30760919  0.29186010  0.35699051  0.35699051  0.35699051  0.33188484  0.33188484  0.31561224  0.35699051  0.36555349  0.33188484  0.34852622  0.34852622  0.34852622  0.34015839  0.31561224  0.34852622  0.28411044  0.26134039  0.47694832  0.45716914  0.45716914  0.42846476  
14_0_0     0.27644170  0.27644170  0.27644170  0.32370346  0.36555349  0.33188484  0.27644170  0.31561224  0.29186010  0.28411044  0.25390461  0.21080500  0.21781489  0.06567873  0.02665601  0.01054658  0.00000000  0.00525436  0.08305917  0.08305917  0.18341606  0.19698285  0.19698285  0.18341606  0.20386140  0.23925520  0.25390461  0.26134039  0.23925520  0.25390461  0.22489233  0.20386140  0.22489233  0.21080500  0.23203865  0.22489233  0.21781489  0.21080500  0.21781489  0.19698285  0.20386140  0.23203865  0.24654338  0.19698285  0.20386140  0.21080500  0.19698285  0.26885223  0.26134039  0.23925520  0.23203865  0.21781489  0.21781489  0.21781489  0.22489233  0.23925520  0.23203865  0.26134039  0.23925520  0.23203865  0.23925520  0.23925520  0.23203865  0.21781489  0.22489233  0.22489233  0.21080500  0.22489233  0.21781489  0.31561224  0.34015839  0.34852622  0.32370346  0.34015839  0.39185838  0.34852622  0.32370346  0.33188484  0.38298498  0.36555349  0.35699051  0.37421751  0.32370346  0.41914067  0.44747581  0.41914067  0.41914067  0.36555349  0.36555349  0.36555349  0.38298498  0.38298498  0.34852622  0.37421751  0.38298498  0.36555349  0.39185838  0.38298498  0.41914067  0.42846476  0.34852622  0.38298498  0.34852622  0.45716914  0.44747581  0.44747581  0.33188484  0.35699051  0.35699051  0.34852622  0.34015839  0.31561224  0.34015839  0.34852622  0.34852622  0.37421751  0.30760919  0.29186010  0.36555349  0.36555349  0.36555349  0.33188484  0.33188484  0.31561224  0.37421751  0.38298498  0.34852622  0.36555349  0.36555349  0.36555349  0.34015839  0.31561224  0.36555349  0.28411044  0.27644170  0.49727503  0.47694832  0.47694832  0.44747581  
20_0_0     0.28411044  0.28411044  0.28411044  0.33188484  0.36555349  0.33188484  0.28411044  0.31561224  0.29969243  0.29186010  0.26134039  0.21781489  0.22489233  0.07142663  0.03210532  0.01587722  0.00525436  0.00000000  0.08894528  0.08894528  0.19016812  0.20386140  0.20386140  0.19016812  0.21080500  0.23925520  0.26134039  0.26885223  0.24654338  0.26134039  0.23203865  0.21080500  0.22489233  0.21781489  0.23925520  0.23203865  0.22489233  0.21781489  0.22489233  0.20386140  0.21080500  0.23203865  0.25390461  0.20386140  0.21080500  0.21781489  0.20386140  0.26885223  0.26885223  0.23203865  0.23925520  0.22489233  0.22489233  0.22489233  0.23203865  0.24654338  0.23925520  0.26134039  0.24654338  0.23203865  0.24654338  0.24654338  0.23925520  0.22489233  0.23203865  0.23203865  0.21781489  0.23203865  0.22489233  0.32370346  0.34015839  0.34852622  0.32370346  0.34015839  0.39185838  0.34852622  0.32370346  0.33188484  0.38298498  0.36555349  0.35699051  0.37421751  0.31561224  0.41914067  0.44747581  0.41914067  0.41914067  0.36555349  0.36555349  0.36555349  0.38298498  0.38298498  0.34852622  0.37421751  0.38298498  0.36555349  0.39185838  0.38298498  0.41914067  0.42846476  0.34852622  0.38298498  0.34852622  0.45716914  0.44747581  0.44747581  0.33188484  0.35699051  0.35699051  0.34852622  0.34015839  0.31561224  0.34015839  0.34015839  0.34015839  0.36555349  0.30760919  0.29186010  0.36555349  0.36555349  0.36555349  0.33188484  0.33188484  0.31561224  0.37421751  0.38298498  0.34852622  0.36555349  0.36555349  0.36555349  0.34015839  0.31561224  0.36555349  0.28411044  0.27644170  0.49727503  0.47694832  0.47694832  0.44747581  
13_0_0     0.27644170  0.27644170  0.27644170  0.32370346  0.34852622  0.31561224  0.27644170  0.31561224  0.27644170  0.28411044  0.20386140  0.16352457  0.17009538  0.03759538  0.08894528  0.07142663  0.08305917  0.08894528  0.00000000  0.03210532  0.12528854  0.13781397  0.13781397  0.13781397  0.15701204  0.17672552  0.19016812  0.19698285  0.17672552  0.21781489  0.16352457  0.15701204  0.16352457  0.15055675  0.17009538  0.16352457  0.15701204  0.15055675  0.15701204  0.19016812  0.19698285  0.17009538  0.17009538  0.15055675  0.15701204  0.16352457  0.16352457  0.20386140  0.19698285  0.18341606  0.19698285  0.19698285  0.19698285  0.18341606  0.19016812  0.21781489  0.19698285  0.19698285  0.19016812  0.18341606  0.19016812  0.19016812  0.18341606  0.17009538  0.19016812  0.19016812  0.16352457  0.17672552  0.17009538  0.24654338  0.29969243  0.30760919  0.28411044  0.29969243  0.34852622  0.34015839  0.28411044  0.27644170  0.32370346  0.30760919  0.31561224  0.33188484  0.29969243  0.37421751  0.38298498  0.39185838  0.39185838  0.34015839  0.34015839  0.32370346  0.34015839  0.34015839  0.32370346  0.36555349  0.35699051  0.34015839  0.34852622  0.34015839  0.40993349  0.40084033  0.29969243  0.33188484  0.31561224  0.43790876  0.44747581  0.42846476  0.30760919  0.33188484  0.33188484  0.32370346  0.31561224  0.33188484  0.33188484  0.35699051  0.35699051  0.37421751  0.29969243  0.29969243  0.38298498  0.38298498  0.38298498  0.35699051  0.35699051  0.34015839  0.33188484  0.34015839  0.30760919  0.30760919  0.30760919  0.30760919  0.33188484  0.34015839  0.39185838  0.30760919  0.28411044  0.42846476  0.44747581  0.44747581  0.38298498  
24_0_0     0.28411044  0.28411044  0.28411044  0.33188484  0.37421751  0.34015839  0.28411044  0.30760919  0.28411044  0.29186010  0.21781489  0.16352457  0.17009538  0.03759538  0.08894528  0.07142663  0.08305917  0.08894528  0.03210532  0.00000000  0.11910504  0.13152455  0.13781397  0.13781397  0.15701204  0.17672552  0.17672552  0.18341606  0.16352457  0.21781489  0.16352457  0.14415772  0.15055675  0.13781397  0.15701204  0.15055675  0.14415772  0.13781397  0.13152455  0.17672552  0.18341606  0.18341606  0.17009538  0.13781397  0.15701204  0.16352457  0.15055675  0.20386140  0.19698285  0.19016812  0.18341606  0.17009538  0.17009538  0.17009538  0.17672552  0.19016812  0.18341606  0.19698285  0.17672552  0.18341606  0.20386140  0.20386140  0.18341606  0.17009538  0.19016812  0.19016812  0.16352457  0.16352457  0.15701204  0.23203865  0.29969243  0.30760919  0.28411044  0.29969243  0.33188484  0.32370346  0.28411044  0.29186010  0.34015839  0.32370346  0.33188484  0.34852622  0.31561224  0.34015839  0.36555349  0.35699051  0.37421751  0.32370346  0.32370346  0.30760919  0.35699051  0.35699051  0.32370346  0.36555349  0.35699051  0.34015839  0.34852622  0.34015839  0.39185838  0.38298498  0.28411044  0.31561224  0.29969243  0.40084033  0.40993349  0.40993349  0.27644170  0.29969243  0.29969243  0.29969243  0.28411044  0.29969243  0.29969243  0.35699051  0.35699051  0.35699051  0.29969243  0.29969243  0.35699051  0.35699051  0.35699051  0.35699051  0.35699051  0.34015839  0.31561224  0.34015839  0.29186010  0.29186010  0.29186010  0.29186010  0.33188484  0.32370346  0.37421751  0.29186010  0.26885223  0.41914067  0.40084033  0.40084033  0.39185838  
18_0_0     0.29969243  0.29969243  0.29969243  0.34852622  0.37421751  0.35699051  0.33188484  0.34015839  0.31561224  0.32370346  0.24654338  0.20386140  0.21080500  0.13781397  0.19016812  0.17009538  0.18341606  0.19016812  0.12528854  0.11910504  0.00000000  0.01054658  0.19698285  0.18341606  0.19016812  0.21080500  0.22489233  0.23203865  0.21080500  0.26885223  0.19016812  0.20386140  0.22489233  0.19698285  0.20386140  0.21080500  0.20386140  0.19698285  0.19016812  0.22489233  0.23203865  0.21781489  0.23203865  0.19016812  0.21080500  0.20386140  0.20386140  0.23925520  0.23203865  0.23925520  0.23203865  0.21781489  0.21781489  0.21781489  0.22489233  0.23925520  0.23203865  0.25390461  0.23925520  0.24654338  0.26134039  0.26134039  0.24654338  0.23203865  0.25390461  0.25390461  0.22489233  0.21781489  0.21080500  0.28411044  0.36555349  0.37421751  0.38298498  0.36555349  0.34015839  0.34852622  0.35699051  0.34015839  0.37421751  0.35699051  0.38298498  0.36555349  0.36555349  0.39185838  0.40084033  0.39185838  0.42846476  0.38298498  0.38298498  0.36555349  0.40084033  0.40084033  0.37421751  0.40084033  0.39185838  0.37421751  0.37421751  0.36555349  0.40993349  0.40084033  0.33188484  0.34852622  0.34852622  0.47694832  0.48704135  0.46699214  0.36555349  0.35699051  0.35699051  0.36555349  0.35699051  0.40084033  0.38298498  0.34852622  0.34852622  0.37421751  0.31561224  0.31561224  0.40084033  0.40084033  0.40084033  0.38298498  0.38298498  0.37421751  0.35699051  0.36555349  0.33188484  0.32370346  0.32370346  0.32370346  0.34015839  0.32370346  0.36555349  0.30760919  0.28411044  0.41914067  0.42846476  0.42846476  0.39185838  
7_0_0      0.31561224  0.31561224  0.31561224  0.36555349  0.39185838  0.37421751  0.34852622  0.35699051  0.33188484  0.34015839  0.26134039  0.21781489  0.22489233  0.15055675  0.20386140  0.18341606  0.19698285  0.20386140  0.13781397  0.13152455  0.01054658  0.00000000  0.21080500  0.19698285  0.20386140  0.22489233  0.23925520  0.24654338  0.22489233  0.28411044  0.20386140  0.21781489  0.23925520  0.21080500  0.21781489  0.22489233  0.21781489  0.21080500  0.20386140  0.23925520  0.24654338  0.23203865  0.24654338  0.20386140  0.22489233  0.21781489  0.21781489  0.25390461  0.24654338  0.23925520  0.23203865  0.21781489  0.21781489  0.21781489  0.22489233  0.23925520  0.23203865  0.26885223  0.25390461  0.26134039  0.27644170  0.27644170  0.26134039  0.24654338  0.26885223  0.26885223  0.23925520  0.23203865  0.22489233  0.29969243  0.38298498  0.39185838  0.40084033  0.38298498  0.35699051  0.36555349  0.37421751  0.35699051  0.39185838  0.37421751  0.40084033  0.38298498  0.38298498  0.40993349  0.41914067  0.40993349  0.44747581  0.38298498  0.38298498  0.36555349  0.40084033  0.40084033  0.37421751  0.40084033  0.39185838  0.37421751  0.37421751  0.36555349  0.41914067  0.40993349  0.34852622  0.36555349  0.36555349  0.49727503  0.50765336  0.48704135  0.38298498  0.37421751  0.37421751  0.38298498  0.37421751  0.41914067  0.40084033  0.36555349  0.36555349  0.39185838  0.33188484  0.33188484  0.41914067  0.41914067  0.41914067  0.40084033  0.40084033  0.39185838  0.37421751  0.38298498  0.34852622  0.34015839  0.34015839  0.34015839  0.35699051  0.34015839  0.38298498  0.32370346  0.29969243  0.43790876  0.44747581  0.44747581  0.40993349  
22_0_0     0.27644170  0.27644170  0.27644170  0.30760919  0.36555349  0.34852622  0.29969243  0.34015839  0.33188484  0.35699051  0.27644170  0.23203865  0.23925520  0.15701204  0.20386140  0.18341606  0.19698285  0.20386140  0.13781397  0.13781397  0.19698285  0.21080500  0.00000000  0.02124684  0.25390461  0.24654338  0.23203865  0.23925520  0.21781489  0.27644170  0.24654338  0.22489233  0.23203865  0.21781489  0.22489233  0.23203865  0.22489233  0.21781489  0.22489233  0.26134039  0.26885223  0.23925520  0.26885223  0.25390461  0.21080500  0.21781489  0.24654338  0.24654338  0.23925520  0.23203865  0.22489233  0.23925520  0.23925520  0.21080500  0.21781489  0.24654338  0.22489233  0.26885223  0.25390461  0.26885223  0.28411044  0.28411044  0.24654338  0.26885223  0.27644170  0.27644170  0.23203865  0.24654338  0.23925520  0.30760919  0.38298498  0.39185838  0.34852622  0.36555349  0.36555349  0.39185838  0.36555349  0.35699051  0.39185838  0.39185838  0.40084033  0.43790876  0.40084033  0.38298498  0.39185838  0.42846476  0.42846476  0.42846476  0.42846476  0.40993349  0.42846476  0.42846476  0.39185838  0.43790876  0.44747581  0.42846476  0.41914067  0.40993349  0.41914067  0.42846476  0.40084033  0.40084033  0.41914067  0.49727503  0.50765336  0.48704135  0.39185838  0.41914067  0.41914067  0.39185838  0.40084033  0.45716914  0.41914067  0.44747581  0.44747581  0.40993349  0.40084033  0.41914067  0.42846476  0.42846476  0.42846476  0.43790876  0.41914067  0.41914067  0.34852622  0.35699051  0.32370346  0.35699051  0.35699051  0.35699051  0.41914067  0.39185838  0.42846476  0.35699051  0.34852622  0.44747581  0.46699214  0.44747581  0.43790876  
