20
1_0_0      0.00000000  0.01395474  0.00925968  0.60400995  0.59152159  0.58200281  0.53679797  0.53679797  0.55810372  0.55810372  0.75485294  0.73691594  0.91202750  0.92186719  0.89668865  0.88746960  0.62506222  0.65458124  0.56512441  0.61093259  
3_0_0      0.01395474  0.00000000  0.00460837  0.63310247  0.59152159  0.58200281  0.56155737  0.57441343  0.59719197  0.59719197  0.75485294  0.73691594  0.91202750  0.92186719  0.89668865  0.88746960  0.67002235  0.70241607  0.60526287  0.65458124  
2_0_0      0.00925968  0.00460837  0.00000000  0.61834427  0.57814851  0.56880622  0.54902416  0.56155737  0.58381952  0.58381952  0.75485294  0.73691594  0.91202750  0.92186719  0.89668865  0.88746960  0.65458124  0.68595645  0.59152159  0.63960353  
20_0_0     0.60400995  0.63310247  0.61834427  0.00000000  0.34536445  0.34738012  0.35227568  0.37985095  0.35925142  0.35925142  0.63960353  0.68595645  0.78119874  0.78833808  0.76862682  0.78119874  0.56332299  0.63310247  0.65863678  0.63310247  
18_0_0     0.59152159  0.59152159  0.57814851  0.34536445  0.00000000  0.00460304  0.14501912  0.30785233  0.29041631  0.29041631  0.61277085  0.59921779  0.56390859  0.59334569  0.60689940  0.61673501  0.56512441  0.54005348  0.49911361  0.54005348  
8_0_0      0.58200281  0.58200281  0.56880622  0.34738012  0.00460304  0.00000000  0.15043825  0.30630903  0.28905712  0.28905712  0.61673501  0.60299505  0.56729485  0.59719197  0.61093259  0.62083147  0.56880622  0.54341582  0.50211326  0.54341582  
19_0_0     0.53679797  0.56155737  0.54902416  0.35227568  0.14501912  0.15043825  0.00000000  0.28265578  0.26630296  0.26630296  0.60893716  0.62267646  0.56063603  0.58962323  0.57660033  0.58602303  0.56155737  0.43845622  0.42302274  0.46913316  
7_0_0      0.53679797  0.57441343  0.56155737  0.37985095  0.30785233  0.30630903  0.28265578  0.00000000  0.02819333  0.02819333  0.71415012  0.73116906  0.65578881  0.69175491  0.70821358  0.71960124  0.52486413  0.46913316  0.50759913  0.57441343  
13_0_0     0.55810372  0.59719197  0.58381952  0.35925142  0.29041631  0.28905712  0.26630296  0.02819333  0.00000000  0.00000000  0.67099347  0.68667591  0.64540451  0.68080830  0.69700044  0.70821358  0.49907470  0.44629438  0.48238762  0.52185559  
9_0_0      0.55810372  0.59719197  0.58381952  0.35925142  0.29041631  0.28905712  0.26630296  0.02819333  0.00000000  0.00000000  0.67099347  0.68667591  0.64540451  0.68080830  0.69700044  0.70821358  0.49907470  0.44629438  0.48238762  0.52185559  
11_0_0     0.75485294  0.75485294  0.75485294  0.63960353  0.61277085  0.61673501  0.60893716  0.71415012  0.67099347  0.67099347  0.00000000  0.02347948  0.15714719  0.12787044  0.12208760  0.12161281  0.41753373  0.43737320  0.47421909  0.47958720  
17_0_0     0.73691594  0.73691594  0.73691594  0.68595645  0.59921779  0.60299505  0.62267646  0.73116906  0.68667591  0.68667591  0.02347948  0.00000000  0.12736229  0.09960382  0.09413764  0.09381881  0.38917909  0.41753373  0.43200352  0.45803404  
5_0_0      0.91202750  0.91202750  0.91202750  0.78119874  0.56390859  0.56729485  0.56063603  0.65578881  0.64540451  0.64540451  0.15714719  0.12736229  0.00000000  0.02819333  0.03304820  0.03781888  0.46063683  0.52908289  0.48837745  0.50520929  
10_0_0     0.92186719  0.92186719  0.92186719  0.78833808  0.59334569  0.59719197  0.58962323  0.69175491  0.68080830  0.68080830  0.12787044  0.09960382  0.02819333  0.00000000  0.00460837  0.00923275  0.42198486  0.50840263  0.46896460  0.48535548  
4_0_0      0.89668865  0.89668865  0.89668865  0.76862682  0.60689940  0.61093259  0.57660033  0.70821358  0.69700044  0.69700044  0.12208760  0.09413764  0.03304820  0.00460837  0.00000000  0.00460304  0.43200352  0.49674604  0.45807085  0.48535548  
12_0_0     0.88746960  0.88746960  0.88746960  0.78119874  0.61673501  0.62083147  0.58602303  0.71960124  0.70821358  0.70821358  0.12161281  0.09381881  0.03781888  0.00923275  0.00460304  0.00000000  0.43975952  0.49368749  0.46610145  0.49368749  
16_0_0     0.62506222  0.67002235  0.65458124  0.56332299  0.56512441  0.56880622  0.56155737  0.52486413  0.49907470  0.49907470  0.41753373  0.38917909  0.46063683  0.42198486  0.43200352  0.43975952  0.00000000  0.23567028  0.18971301  0.22157251  
15_0_0     0.65458124  0.70241607  0.68595645  0.63310247  0.54005348  0.54341582  0.43845622  0.46913316  0.44629438  0.44629438  0.43737320  0.41753373  0.52908289  0.50840263  0.49674604  0.49368749  0.23567028  0.00000000  0.16562816  0.23086618  
14_0_0     0.56512441  0.60526287  0.59152159  0.65863678  0.49911361  0.50211326  0.42302274  0.50759913  0.48238762  0.48238762  0.47421909  0.43200352  0.48837745  0.46896460  0.45807085  0.46610145  0.18971301  0.16562816  0.00000000  0.08942157  
6_0_0      0.61093259  0.65458124  0.63960353  0.63310247  0.54005348  0.54341582  0.46913316  0.57441343  0.52185559  0.52185559  0.47958720  0.45803404  0.50520929  0.48535548  0.48535548  0.49368749  0.22157251  0.23086618  0.08942157  0.00000000  

