20
1_0_0      0.00000000  0.00460907  0.00460907  0.69798869  0.56004257  0.58078749  0.49434977  0.57683040  0.60425074  0.60425074  0.64459191  0.67545173  0.55314290  0.56575693  0.59201813  0.56575693  0.51007602  0.63273978  0.58324013  0.61257413  
3_0_0      0.00460907  0.00000000  0.00000000  0.68085070  0.54741644  0.56745150  0.50579087  0.57683040  0.60425074  0.60425074  0.65977548  0.69165371  0.56575693  0.57870912  0.60570415  0.57870912  0.49818674  0.61746808  0.59761944  0.62759962  
2_0_0      0.00460907  0.00000000  0.00000000  0.68085070  0.54741644  0.56745150  0.50579087  0.57683040  0.60425074  0.60425074  0.65977548  0.69165371  0.56575693  0.57870912  0.60570415  0.57870912  0.49818674  0.61746808  0.59761944  0.62759962  
20_0_0     0.69798869  0.68085070  0.68085070  0.00000000  0.38054734  0.38495159  0.46819441  0.52965483  0.50493766  0.50493766  0.59034607  0.61856745  0.60861729  0.60861729  0.65361993  0.62315736  0.46503196  0.59269354  0.56431997  0.58301855  
18_0_0     0.56004257  0.54741644  0.54741644  0.38054734  0.00000000  0.03784654  0.15097593  0.26057510  0.25320190  0.25320190  0.52625838  0.55088302  0.46156739  0.47224960  0.47224960  0.47224960  0.42720535  0.54250437  0.48142365  0.52859477  
8_0_0      0.58078749  0.56745150  0.56745150  0.38495159  0.03784654  0.00000000  0.15233692  0.27070970  0.25560823  0.25560823  0.50886275  0.50886275  0.42533252  0.43535788  0.43535788  0.43535788  0.38271039  0.48800731  0.45394141  0.48660062  
19_0_0     0.49434977  0.50579087  0.50579087  0.46819441  0.15097593  0.15233692  0.00000000  0.27844121  0.26309997  0.26309997  0.43773744  0.50345992  0.44020763  0.45067539  0.42996186  0.42996186  0.39226555  0.51212999  0.38271039  0.43037131  
7_0_0      0.57683040  0.57683040  0.57683040  0.52965483  0.26057510  0.27070970  0.27844121  0.00000000  0.02833796  0.02833796  0.51716402  0.52886180  0.49722622  0.50851888  0.52008181  0.49722622  0.42469255  0.55159246  0.53857619  0.58788175  
13_0_0     0.60425074  0.60425074  0.60425074  0.50493766  0.25320190  0.25560823  0.26309997  0.02833796  0.00000000  0.00000000  0.45236628  0.46258024  0.47540314  0.48619148  0.49722622  0.47540314  0.40481564  0.57872670  0.51355064  0.58788175  
9_0_0      0.60425074  0.60425074  0.60425074  0.50493766  0.25320190  0.25560823  0.26309997  0.02833796  0.00000000  0.00000000  0.45236628  0.46258024  0.47540314  0.48619148  0.49722622  0.47540314  0.40481564  0.57872670  0.51355064  0.58788175  
11_0_0     0.64459191  0.65977548  0.65977548  0.59034607  0.52625838  0.50886275  0.43773744  0.51716402  0.45236628  0.45236628  0.00000000  0.04315562  0.14083412  0.15308471  0.15308471  0.14083412  0.45100774  0.51589551  0.46196787  0.45900111  
17_0_0     0.67545173  0.69165371  0.69165371  0.61856745  0.55088302  0.50886275  0.50345992  0.52886180  0.46258024  0.46258024  0.04315562  0.00000000  0.15932849  0.17206346  0.17206346  0.15932849  0.45100774  0.46819441  0.44029072  0.44816836  
5_0_0      0.55314290  0.56575693  0.56575693  0.60861729  0.46156739  0.42533252  0.44020763  0.49722622  0.47540314  0.47540314  0.14083412  0.15932849  0.00000000  0.01396125  0.02349804  0.01396125  0.35512896  0.47145637  0.40201349  0.38054734  
10_0_0     0.56575693  0.57870912  0.57870912  0.60861729  0.47224960  0.43535788  0.45067539  0.50851888  0.48619148  0.48619148  0.15308471  0.17206346  0.01396125  0.00000000  0.01870611  0.00926253  0.36414895  0.46009545  0.39226555  0.37127075  
4_0_0      0.59201813  0.60570415  0.60570415  0.65361993  0.47224960  0.43535788  0.42996186  0.52008181  0.49722622  0.49722622  0.15308471  0.17206346  0.02349804  0.01870611  0.00000000  0.00926253  0.36414895  0.46009545  0.39226555  0.39000553  
12_0_0     0.56575693  0.57870912  0.57870912  0.62315736  0.47224960  0.43535788  0.42996186  0.49722622  0.47540314  0.47540314  0.14083412  0.15932849  0.01396125  0.00926253  0.00926253  0.00000000  0.34627428  0.46009545  0.39226555  0.39000553  
16_0_0     0.51007602  0.49818674  0.49818674  0.46503196  0.42720535  0.38271039  0.39226555  0.42469255  0.40481564  0.40481564  0.45100774  0.45100774  0.35512896  0.36414895  0.36414895  0.34627428  0.00000000  0.23260058  0.21826284  0.30952411  
15_0_0     0.63273978  0.61746808  0.61746808  0.59269354  0.54250437  0.48800731  0.51212999  0.55159246  0.57872670  0.57872670  0.51589551  0.46819441  0.47145637  0.46009545  0.46009545  0.46009545  0.23260058  0.00000000  0.18417631  0.24598447  
14_0_0     0.58324013  0.59761944  0.59761944  0.56431997  0.48142365  0.45394141  0.38271039  0.53857619  0.51355064  0.51355064  0.46196787  0.44029072  0.40201349  0.39226555  0.39226555  0.39226555  0.21826284  0.18417631  0.00000000  0.12195392  
6_0_0      0.61257413  0.62759962  0.62759962  0.58301855  0.52859477  0.48660062  0.43037131  0.58788175  0.58788175  0.58788175  0.45900111  0.44816836  0.38054734  0.37127075  0.39000553  0.39000553  0.30952411  0.24598447  0.12195392  0.00000000  

