20
1_0_0      0.00000000  0.00460142  0.00460142  0.58329815  0.50672888  0.51587815  0.45408706  0.51587815  0.53452294  0.53452294  0.57328273  0.59345088  0.50672888  0.51587815  0.53452294  0.51587815  0.45408706  0.53452294  0.49769127  0.52514187  
3_0_0      0.00460142  0.00000000  0.00000000  0.57328273  0.49769127  0.50672888  0.46260493  0.51587815  0.53452294  0.53452294  0.58329815  0.60374474  0.51587815  0.52514187  0.54402437  0.52514187  0.44566606  0.52514187  0.50672888  0.53452294  
2_0_0      0.00460142  0.00000000  0.00000000  0.57328273  0.49769127  0.50672888  0.46260493  0.51587815  0.53452294  0.53452294  0.58329815  0.60374474  0.51587815  0.52514187  0.54402437  0.52514187  0.44566606  0.52514187  0.50672888  0.53452294  
20_0_0     0.58329815  0.57328273  0.57328273  0.00000000  0.35144288  0.35144288  0.41290811  0.46260493  0.44566606  0.44566606  0.52514187  0.54402437  0.53452294  0.53452294  0.56340094  0.54402437  0.41290811  0.49769127  0.47994033  0.48876261  
18_0_0     0.50672888  0.49769127  0.49769127  0.35144288  0.00000000  0.03763767  0.14663146  0.24836663  0.24197930  0.24197930  0.47994033  0.49769127  0.42910598  0.43733973  0.43733973  0.43733973  0.38925683  0.47122191  0.42910598  0.45408706  
8_0_0      0.51587815  0.50672888  0.50672888  0.35144288  0.03763767  0.00000000  0.14663146  0.25480954  0.24197930  0.24197930  0.46260493  0.46260493  0.39705697  0.40494013  0.40494013  0.40494013  0.35144288  0.42910598  0.40494013  0.42096276  
19_0_0     0.45408706  0.46260493  0.46260493  0.41290811  0.14663146  0.14663146  0.00000000  0.26130900  0.24836663  0.24836663  0.40494013  0.45408706  0.40494013  0.41290811  0.39705697  0.39705697  0.35885278  0.44566606  0.35144288  0.38153800  
7_0_0      0.51587815  0.51587815  0.51587815  0.46260493  0.24836663  0.25480954  0.26130900  0.00000000  0.02804741  0.02804741  0.47994033  0.48876261  0.46260493  0.47122191  0.47994033  0.46260493  0.38925683  0.47994033  0.47122191  0.48876261  
13_0_0     0.53452294  0.53452294  0.53452294  0.44566606  0.24197930  0.24197930  0.24836663  0.02804741  0.00000000  0.00000000  0.42910598  0.43733973  0.44566606  0.45408706  0.46260493  0.44566606  0.37389879  0.49769127  0.45408706  0.48876261  
9_0_0      0.53452294  0.53452294  0.53452294  0.44566606  0.24197930  0.24197930  0.24836663  0.02804741  0.00000000  0.00000000  0.42910598  0.43733973  0.44566606  0.45408706  0.46260493  0.44566606  0.37389879  0.49769127  0.45408706  0.48876261  
11_0_0     0.57328273  0.58329815  0.58329815  0.52514187  0.47994033  0.46260493  0.40494013  0.47994033  0.42910598  0.42910598  0.00000000  0.04247978  0.13553193  0.14663146  0.14663146  0.13553193  0.40494013  0.44566606  0.41290811  0.41290811  
17_0_0     0.59345088  0.60374474  0.60374474  0.54402437  0.49769127  0.46260493  0.45408706  0.48876261  0.43733973  0.43733973  0.04247978  0.00000000  0.15224424  0.16359905  0.16359905  0.15224424  0.40494013  0.41290811  0.39705697  0.40494013  
5_0_0      0.50672888  0.51587815  0.51587815  0.53452294  0.42910598  0.39705697  0.40494013  0.46260493  0.44566606  0.44566606  0.13553193  0.15224424  0.00000000  0.01389093  0.02329845  0.01389093  0.32964790  0.41290811  0.36633758  0.35144288  
10_0_0     0.51587815  0.52514187  0.52514187  0.53452294  0.43733973  0.40494013  0.41290811  0.47122191  0.45408706  0.45408706  0.14663146  0.16359905  0.01389093  0.00000000  0.01857976  0.00923161  0.33684186  0.40494013  0.35885278  0.34410639  
4_0_0      0.53452294  0.54402437  0.54402437  0.56340094  0.43733973  0.40494013  0.39705697  0.47994033  0.46260493  0.46260493  0.14663146  0.16359905  0.02329845  0.01857976  0.00000000  0.00923161  0.33684186  0.40494013  0.35885278  0.35885278  
12_0_0     0.51587815  0.52514187  0.52514187  0.54402437  0.43733973  0.40494013  0.39705697  0.46260493  0.44566606  0.44566606  0.13553193  0.15224424  0.01389093  0.00923161  0.00923161  0.00000000  0.32252315  0.40494013  0.35885278  0.35885278  
16_0_0     0.45408706  0.44566606  0.44566606  0.41290811  0.38925683  0.35144288  0.35885278  0.38925683  0.37389879  0.37389879  0.40494013  0.40494013  0.32964790  0.33684186  0.33684186  0.32252315  0.00000000  0.21696699  0.20477066  0.28115678  
15_0_0     0.53452294  0.52514187  0.52514187  0.49769127  0.47122191  0.42910598  0.44566606  0.47994033  0.49769127  0.49769127  0.44566606  0.41290811  0.41290811  0.40494013  0.40494013  0.40494013  0.21696699  0.00000000  0.17513067  0.22936755  
14_0_0     0.49769127  0.50672888  0.50672888  0.47994033  0.42910598  0.40494013  0.35144288  0.47122191  0.45408706  0.45408706  0.41290811  0.39705697  0.36633758  0.35885278  0.35885278  0.35885278  0.20477066  0.17513067  0.00000000  0.11918846  
6_0_0      0.52514187  0.53452294  0.53452294  0.48876261  0.45408706  0.42096276  0.38153800  0.48876261  0.48876261  0.48876261  0.41290811  0.40494013  0.35144288  0.34410639  0.35885278  0.35885278  0.28115678  0.22936755  0.11918846  0.00000000  

