20
1_0_0      0.00000000  0.00000000  0.00000000  0.39511175  0.52026544  0.54501633  0.45527569  0.45801636  0.45801636  0.45801636  0.49363082  0.49668383  0.54501633  0.53248752  0.51162148  0.51162148  0.57514499  0.51849331  0.54746366  0.53606979  
3_0_0      0.00000000  0.00000000  0.00000000  0.39511175  0.52026544  0.54501633  0.45527569  0.45801636  0.45801636  0.45801636  0.49363082  0.49668383  0.54501633  0.53248752  0.51162148  0.51162148  0.57514499  0.51849331  0.54746366  0.53606979  
2_0_0      0.00000000  0.00000000  0.00000000  0.39511175  0.52026544  0.54501633  0.45527569  0.45801636  0.45801636  0.45801636  0.49363082  0.49668383  0.54501633  0.53248752  0.51162148  0.51162148  0.57514499  0.51849331  0.54746366  0.53606979  
20_0_0     0.39511175  0.39511175  0.39511175  0.00000000  0.52722962  0.56580222  0.35723841  0.40171735  0.36426544  0.36426544  0.45071526  0.45305703  0.46349035  0.48503478  0.48235461  0.48235461  0.41969055  0.36754679  0.35169691  0.45004895  
18_0_0     0.52026544  0.52026544  0.52026544  0.52722962  0.00000000  0.03318920  0.21368341  0.29328317  0.31770358  0.31770358  0.70224599  0.67460609  0.72567616  0.74393032  0.75606998  0.75606998  0.58191980  0.60390388  0.62285088  0.59546750  
8_0_0      0.54501633  0.54501633  0.54501633  0.56580222  0.03318920  0.00000000  0.22053730  0.30129132  0.32611657  0.32611657  0.68552121  0.65868116  0.70806593  0.72567616  0.75606998  0.75606998  0.56873003  0.64817692  0.66918061  0.60939311  
19_0_0     0.45527569  0.45527569  0.45527569  0.35723841  0.21368341  0.22053730  0.00000000  0.23453397  0.21368341  0.21368341  0.54681540  0.55038825  0.60390388  0.58997766  0.61374460  0.61374460  0.48831470  0.45527569  0.50307659  0.55407185  
7_0_0      0.45801636  0.45801636  0.45801636  0.40171735  0.29328317  0.30129132  0.23453397  0.00000000  0.02347932  0.02347932  0.46865179  0.47136449  0.51693674  0.48237353  0.50205762  0.50205762  0.47416599  0.45262008  0.51162148  0.56323904  
13_0_0     0.45801636  0.45801636  0.45801636  0.36426544  0.31770358  0.32611657  0.21368341  0.02347932  0.00000000  0.00000000  0.47954059  0.48237353  0.52901079  0.49363082  0.51370877  0.51370877  0.47416599  0.47416599  0.48831470  0.53785994  
9_0_0      0.45801636  0.45801636  0.45801636  0.36426544  0.31770358  0.32611657  0.21368341  0.02347932  0.00000000  0.00000000  0.47954059  0.48237353  0.52901079  0.49363082  0.51370877  0.51370877  0.47416599  0.47416599  0.48831470  0.53785994  
11_0_0     0.49363082  0.49363082  0.49363082  0.45071526  0.70224599  0.68552121  0.54681540  0.46865179  0.47954059  0.47954059  0.00000000  0.02819321  0.16647198  0.14770992  0.14697502  0.14697502  0.55657608  0.48953238  0.39667025  0.45007050  
17_0_0     0.49668383  0.49668383  0.49668383  0.45305703  0.67460609  0.65868116  0.55038825  0.47136449  0.48237353  0.48237353  0.02819321  0.00000000  0.14234728  0.12437316  0.12374265  0.12374265  0.56065566  0.49288371  0.41910549  0.49792751  
5_0_0      0.54501633  0.54501633  0.54501633  0.46349035  0.72567616  0.70806593  0.60390388  0.51693674  0.52901079  0.52901079  0.16647198  0.14234728  0.00000000  0.03318920  0.03304800  0.03304800  0.52208147  0.58309372  0.49633013  0.48627505  
10_0_0     0.53248752  0.53248752  0.53248752  0.48503478  0.74393032  0.72567616  0.58997766  0.48237353  0.49363082  0.49363082  0.14770992  0.12437316  0.03318920  0.00000000  0.00923280  0.00923280  0.52208147  0.58309372  0.49633013  0.53461128  
4_0_0      0.51162148  0.51162148  0.51162148  0.48235461  0.75606998  0.75606998  0.61374460  0.50205762  0.51370877  0.51370877  0.14697502  0.12374265  0.03304800  0.00923280  0.00000000  0.00000000  0.53086759  0.59271354  0.50481509  0.51849331  
12_0_0     0.51162148  0.51162148  0.51162148  0.48235461  0.75606998  0.75606998  0.61374460  0.50205762  0.51370877  0.51370877  0.14697502  0.12374265  0.03304800  0.00923280  0.00000000  0.00000000  0.53086759  0.59271354  0.50481509  0.51849331  
16_0_0     0.57514499  0.57514499  0.57514499  0.41969055  0.58191980  0.56873003  0.48831470  0.47416599  0.47416599  0.47416599  0.55657608  0.56065566  0.52208147  0.52208147  0.53086759  0.53086759  0.00000000  0.24535657  0.20406969  0.30453061  
15_0_0     0.51849331  0.51849331  0.51849331  0.36754679  0.60390388  0.64817692  0.45527569  0.45262008  0.47416599  0.47416599  0.48953238  0.49288371  0.58309372  0.58309372  0.59271354  0.59271354  0.24535657  0.00000000  0.10649327  0.20304624  
14_0_0     0.54746366  0.54746366  0.54746366  0.35169691  0.62285088  0.66918061  0.50307659  0.51162148  0.48831470  0.48831470  0.39667025  0.41910549  0.49633013  0.49633013  0.50481509  0.50481509  0.20406969  0.10649327  0.00000000  0.13429918  
6_0_0      0.53606979  0.53606979  0.53606979  0.45004895  0.59546750  0.60939311  0.55407185  0.56323904  0.53785994  0.53785994  0.45007050  0.49792751  0.48627505  0.53461128  0.51849331  0.51849331  0.30453061  0.20304624  0.13429918  0.00000000  

