20
1_0_0      0.00000000  0.02332476  0.00925960  0.55938522  0.46910924  0.43846118  0.46598649  0.57067243  0.58367719  0.58367719  0.57918244  0.62258292  0.63496533  0.56720043  0.58003794  0.58003794  0.43281593  0.52786403  0.44060146  0.51028857  
3_0_0      0.02332476  0.00000000  0.01389036  0.59132108  0.51891499  0.48553628  0.49333027  0.60287510  0.61659383  0.61659383  0.61141402  0.65734390  0.64088113  0.57311774  0.58595498  0.58595498  0.42864920  0.53357381  0.44631280  0.53942069  
2_0_0      0.00925960  0.01389036  0.00000000  0.55938522  0.49063832  0.45868291  0.46598649  0.57067243  0.58367719  0.58367719  0.57918244  0.62258292  0.60674713  0.54247457  0.55468455  0.55468455  0.41338067  0.50457835  0.42097545  0.51028857  
20_0_0     0.55938522  0.59132108  0.55938522  0.00000000  0.44212607  0.42190334  0.48298915  0.48229605  0.47129526  0.47129526  0.79168615  0.79802144  0.76053362  0.79837088  0.77909412  0.77909412  0.51313713  0.53357381  0.54563648  0.60287510  
18_0_0     0.46910924  0.51891499  0.49063832  0.44212607  0.00000000  0.03318848  0.20691081  0.30478592  0.32105691  0.32105691  0.55785390  0.58540206  0.54541141  0.55747361  0.54541141  0.54541141  0.50457835  0.49063832  0.40031913  0.50753915  
8_0_0      0.43846118  0.48553628  0.45868291  0.42190334  0.03318848  0.00000000  0.21367010  0.31285518  0.32939554  0.32939554  0.58227578  0.61141402  0.59551273  0.60886449  0.59551273  0.59551273  0.52786403  0.51313713  0.41902623  0.55468455  
19_0_0     0.46598649  0.49333027  0.46598649  0.48298915  0.20691081  0.21367010  0.00000000  0.24054144  0.25504160  0.25504160  0.55445759  0.56983427  0.54247457  0.55468455  0.56720043  0.56720043  0.39842156  0.37285744  0.36400175  0.47675007  
7_0_0      0.57067243  0.60287510  0.57067243  0.48229605  0.30478592  0.31285518  0.24054144  0.00000000  0.01869406  0.01869406  0.57288694  0.57597558  0.58595498  0.64088113  0.64088113  0.64088113  0.46346450  0.42097545  0.45071137  0.52179554  
13_0_0     0.58367719  0.61659383  0.58367719  0.47129526  0.32105691  0.32939554  0.25504160  0.01869406  0.00000000  0.00000000  0.57288694  0.55155321  0.56060211  0.64088113  0.64088113  0.64088113  0.48499396  0.42097545  0.45071137  0.49904070  
9_0_0      0.58367719  0.61659383  0.58367719  0.47129526  0.32105691  0.32939554  0.25504160  0.01869406  0.00000000  0.00000000  0.57288694  0.55155321  0.56060211  0.64088113  0.64088113  0.64088113  0.48499396  0.42097545  0.45071137  0.49904070  
11_0_0     0.57918244  0.61141402  0.57918244  0.79168615  0.55785390  0.58227578  0.55445759  0.57288694  0.57288694  0.57288694  0.00000000  0.03304766  0.16403157  0.18314804  0.18314804  0.17669426  0.41539463  0.43281593  0.41338067  0.49063832  
17_0_0     0.62258292  0.65734390  0.62258292  0.79802144  0.58540206  0.61141402  0.56983427  0.57597558  0.55155321  0.55155321  0.03304766  0.00000000  0.14627059  0.16479634  0.16479634  0.15854445  0.39842156  0.41539463  0.41539463  0.45071137  
5_0_0      0.63496533  0.64088113  0.60674713  0.76053362  0.54541141  0.59551273  0.54247457  0.58595498  0.56060211  0.56060211  0.16403157  0.14627059  0.00000000  0.05319267  0.04309046  0.04811603  0.40460245  0.39302591  0.40246746  0.44752093  
10_0_0     0.56720043  0.57311774  0.54247457  0.79837088  0.55747361  0.60886449  0.55468455  0.64088113  0.64088113  0.64088113  0.18314804  0.16479634  0.05319267  0.00000000  0.00925960  0.00460835  0.41431954  0.42190334  0.41209089  0.43730742  
4_0_0      0.58003794  0.58595498  0.55468455  0.77909412  0.54541141  0.59551273  0.56720043  0.64088113  0.64088113  0.64088113  0.18314804  0.16479634  0.04309046  0.00925960  0.00000000  0.00460835  0.41431954  0.42190334  0.41209089  0.45794762  
12_0_0     0.58003794  0.58595498  0.55468455  0.77909412  0.54541141  0.59551273  0.56720043  0.64088113  0.64088113  0.64088113  0.17669426  0.15854445  0.04811603  0.00460835  0.00460835  0.00000000  0.40460245  0.41209089  0.40246746  0.44752093  
16_0_0     0.43281593  0.42864920  0.41338067  0.51313713  0.50457835  0.52786403  0.39842156  0.46346450  0.48499396  0.48499396  0.41539463  0.39842156  0.40460245  0.41431954  0.41431954  0.40460245  0.00000000  0.19538186  0.14501034  0.22052210  
15_0_0     0.52786403  0.53357381  0.50457835  0.53357381  0.49063832  0.51313713  0.37285744  0.42097545  0.42097545  0.42097545  0.43281593  0.41539463  0.39302591  0.42190334  0.42190334  0.41209089  0.19538186  0.00000000  0.10136502  0.17842915  
14_0_0     0.44060146  0.44631280  0.42097545  0.54563648  0.40031913  0.41902623  0.36400175  0.45071137  0.45071137  0.45071137  0.41338067  0.41539463  0.40246746  0.41209089  0.41209089  0.40246746  0.14501034  0.10136502  0.00000000  0.10599501  
6_0_0      0.51028857  0.53942069  0.51028857  0.60287510  0.50753915  0.55468455  0.47675007  0.52179554  0.49904070  0.49904070  0.49063832  0.45071137  0.44752093  0.43730742  0.45794762  0.44752093  0.22052210  0.17842915  0.10599501  0.00000000  

