184
59_104_0   0.00000000  0.04423743  0.15752858  0.14171123  0.13651435  0.16826795  0.17916834  0.15221780  0.17369772  0.15752858  0.16287844  0.14171123  0.16287844  0.15752858  0.14694554  0.17916834  0.17369772  0.18468044  0.18468044  0.17916834  0.18468044  0.19583163  0.19023466  0.15752858  0.18468044  0.17916834  0.18468044  0.17916834  0.17916834  0.17369772  0.17916834  0.16826795  0.20147202  0.16287844  0.16287844  0.17916834  0.18468044  0.17916834  0.19023466  0.20715652  0.20715652  0.15221780  0.18468044  0.18468044  0.17916834  0.17916834  0.17369772  0.20715652  0.16826795  0.17916834  0.19583163  0.19583163  0.20147202  0.19023466  0.20715652  0.17916834  0.20147202  0.16287844  0.17916834  0.17916834  0.17916834  0.17916834  0.17916834  0.21866061  0.17916834  0.15221780  0.18468044  0.17369772  0.17916834  0.19583163  0.16287844  0.17916834  0.19023466  0.16826795  0.16826795  0.18468044  0.17369772  0.16287844  0.17916834  0.17916834  0.17916834  0.15221780  0.16287844  0.15752858  0.15752858  0.18468044  0.16287844  0.16826795  0.16826795  0.17369772  0.15752858  0.20147202  0.18468044  0.15221780  0.17916834  0.17916834  0.17916834  0.17369772  0.19023466  0.19023466  0.19023466  0.18468044  0.19023466  0.19023466  0.20715652  0.16826795  0.17369772  0.17369772  0.17916834  0.18468044  0.23626544  0.21866061  0.19583163  0.20147202  0.22448165  0.21288581  0.20147202  0.17369772  0.20147202  0.16826795  0.16287844  0.17369772  0.18468044  0.19583163  0.17916834  0.18468044  0.15752858  0.19583163  0.18468044  0.19023466  0.15752858  0.18468044  0.17369772  0.14694554  0.16826795  0.17369772  0.17369772  0.16287844  0.18468044  0.16287844  0.16287844  0.16287844  0.14694554  0.17916834  0.19023466  0.19023466  0.18468044  0.17916834  0.16287844  0.14694554  0.14694554  0.15221780  0.13651435  0.14694554  0.16826795  0.17369772  0.18468044  0.18468044  0.18468044  0.18468044  0.20147202  0.19583163  0.20715652  0.20147202  0.22448165  0.21866061  0.18468044  0.19023466  0.17369772  0.16826795  0.22448165  0.23034967  0.19023466  0.19023466  0.17369772  0.17369772  0.21866061  0.17916834  0.17369772  0.19583163  0.20147202  0.22448165  0.21288581  0.21288581  
59_110_0   0.04423743  0.00000000  0.14694554  0.14694554  0.14171123  0.15221780  0.16287844  0.16826795  0.17916834  0.16287844  0.16826795  0.14694554  0.15752858  0.14171123  0.11609049  0.16826795  0.17369772  0.17369772  0.18468044  0.16826795  0.16287844  0.16287844  0.15752858  0.15752858  0.18468044  0.15752858  0.14171123  0.13651435  0.13651435  0.13135434  0.14694554  0.13651435  0.16826795  0.14171123  0.14171123  0.14694554  0.16287844  0.15752858  0.15752858  0.19583163  0.17369772  0.15221780  0.16287844  0.17369772  0.19023466  0.13135434  0.15752858  0.17369772  0.16287844  0.16287844  0.16287844  0.16287844  0.17916834  0.16826795  0.18468044  0.16826795  0.19023466  0.18468044  0.19023466  0.19023466  0.15752858  0.15752858  0.15752858  0.19583163  0.19023466  0.15221780  0.19023466  0.19023466  0.16287844  0.17916834  0.16826795  0.17369772  0.17369772  0.17369772  0.16287844  0.17916834  0.19023466  0.16826795  0.18468044  0.18468044  0.19023466  0.16826795  0.19023466  0.18468044  0.18468044  0.17916834  0.17916834  0.18468044  0.17369772  0.15221780  0.16826795  0.19583163  0.19023466  0.16826795  0.18468044  0.19583163  0.18468044  0.17369772  0.18468044  0.18468044  0.18468044  0.17916834  0.18468044  0.17369772  0.17369772  0.17369772  0.19023466  0.19023466  0.18468044  0.18468044  0.26658863  0.23034967  0.19583163  0.21288581  0.22448165  0.22448165  0.19023466  0.20715652  0.21288581  0.17916834  0.19583163  0.19583163  0.20715652  0.21866061  0.19023466  0.19583163  0.17916834  0.20715652  0.19583163  0.21288581  0.19023466  0.21866061  0.19583163  0.15752858  0.19023466  0.17369772  0.17369772  0.16826795  0.17916834  0.16287844  0.16287844  0.16287844  0.15752858  0.16826795  0.17916834  0.17916834  0.17369772  0.21288581  0.18468044  0.17369772  0.17916834  0.18468044  0.15752858  0.16826795  0.19023466  0.17369772  0.17369772  0.19583163  0.16826795  0.16287844  0.17916834  0.17369772  0.20147202  0.19583163  0.21288581  0.19023466  0.17369772  0.16826795  0.15221780  0.14694554  0.20147202  0.21866061  0.17369772  0.17369772  0.16826795  0.16826795  0.20147202  0.18468044  0.17916834  0.19023466  0.18468044  0.20715652  0.19583163  0.20715652  
35_0_0     0.15752858  0.14694554  0.00000000  0.03969058  0.05341735  0.05805114  0.05805114  0.08167375  0.08649180  0.06740828  0.04881290  0.06271466  0.06271466  0.06740828  0.09622475  0.19023466  0.19583163  0.17916834  0.19583163  0.18468044  0.18468044  0.14694554  0.14171123  0.14694554  0.14694554  0.17369772  0.15752858  0.17369772  0.16287844  0.15752858  0.18468044  0.15221780  0.16826795  0.16287844  0.17916834  0.16826795  0.17369772  0.17916834  0.16287844  0.22448165  0.20147202  0.16826795  0.17369772  0.16826795  0.19023466  0.19583163  0.17369772  0.17369772  0.19583163  0.16287844  0.20147202  0.19023466  0.19023466  0.19583163  0.19023466  0.21288581  0.19023466  0.14694554  0.17369772  0.17369772  0.20147202  0.20147202  0.19583163  0.16826795  0.17916834  0.15221780  0.19023466  0.17916834  0.16826795  0.17369772  0.19583163  0.17916834  0.16287844  0.15752858  0.14694554  0.16826795  0.16826795  0.17916834  0.17916834  0.17369772  0.15221780  0.14694554  0.16826795  0.17369772  0.17916834  0.19583163  0.19023466  0.19023466  0.17916834  0.18468044  0.19023466  0.16287844  0.17369772  0.17369772  0.19023466  0.19583163  0.19583163  0.20147202  0.17369772  0.17369772  0.16826795  0.17369772  0.18468044  0.17369772  0.18468044  0.17916834  0.17916834  0.17916834  0.19023466  0.17369772  0.21288581  0.19583163  0.17916834  0.19023466  0.20715652  0.22448165  0.22448165  0.22448165  0.19583163  0.19583163  0.21288581  0.19583163  0.19583163  0.19583163  0.20715652  0.20147202  0.15221780  0.19023466  0.19023466  0.17369772  0.17369772  0.19583163  0.17369772  0.18468044  0.18468044  0.20147202  0.20147202  0.20147202  0.21288581  0.20147202  0.20147202  0.20715652  0.22448165  0.18468044  0.20147202  0.20147202  0.19583163  0.21866061  0.22448165  0.20715652  0.20715652  0.20715652  0.20715652  0.20147202  0.19023466  0.17369772  0.18468044  0.16826795  0.17916834  0.14171123  0.16826795  0.16826795  0.17916834  0.18468044  0.16287844  0.16287844  0.14694554  0.15752858  0.16287844  0.16826795  0.17916834  0.17369772  0.19583163  0.19583163  0.16826795  0.16826795  0.19583163  0.16287844  0.16826795  0.15752858  0.16287844  0.16287844  0.17369772  0.18468044  
40_0_0     0.14171123  0.14694554  0.03969058  0.00000000  0.01299091  0.03969058  0.06271466  0.04881290  0.06271466  0.05341735  0.03517198  0.03969058  0.03969058  0.03517198  0.10114053  0.17916834  0.19023466  0.18468044  0.17916834  0.19583163  0.18468044  0.14694554  0.15221780  0.14694554  0.16826795  0.17916834  0.15221780  0.16826795  0.15752858  0.15221780  0.16287844  0.14694554  0.18468044  0.16287844  0.15752858  0.15752858  0.16287844  0.15752858  0.17369772  0.22448165  0.20147202  0.16287844  0.17916834  0.17369772  0.17916834  0.17916834  0.17369772  0.18468044  0.17369772  0.16287844  0.20147202  0.17916834  0.19583163  0.19583163  0.17916834  0.20147202  0.19583163  0.14694554  0.19583163  0.19583163  0.20715652  0.20715652  0.20147202  0.19023466  0.21288581  0.14171123  0.20715652  0.18468044  0.16287844  0.16826795  0.17916834  0.17369772  0.18468044  0.17369772  0.16287844  0.18468044  0.16287844  0.16826795  0.17369772  0.17916834  0.17369772  0.17916834  0.17916834  0.18468044  0.18468044  0.20147202  0.17369772  0.17369772  0.16287844  0.17369772  0.18468044  0.16826795  0.17916834  0.16826795  0.19583163  0.19023466  0.19023466  0.19023466  0.17369772  0.17369772  0.18468044  0.17916834  0.19023466  0.19023466  0.20147202  0.20147202  0.20147202  0.19023466  0.19023466  0.17369772  0.19583163  0.21288581  0.18468044  0.20715652  0.23626544  0.22448165  0.23034967  0.22448165  0.20147202  0.18468044  0.19023466  0.19583163  0.20715652  0.21866061  0.21866061  0.21288581  0.16287844  0.19023466  0.19023466  0.20715652  0.16287844  0.18468044  0.17369772  0.19583163  0.17916834  0.19583163  0.19583163  0.21866061  0.23034967  0.20147202  0.20147202  0.21866061  0.23626544  0.18468044  0.18468044  0.18468044  0.19023466  0.17369772  0.22448165  0.19583163  0.20715652  0.18468044  0.18468044  0.19023466  0.20147202  0.17916834  0.19023466  0.16287844  0.16287844  0.15221780  0.17369772  0.19023466  0.17369772  0.17916834  0.17916834  0.18468044  0.16287844  0.14694554  0.18468044  0.17369772  0.17916834  0.18468044  0.20715652  0.20715652  0.17369772  0.17369772  0.20715652  0.16826795  0.17369772  0.16287844  0.19583163  0.17916834  0.19023466  0.17916834  
21_0_0     0.13651435  0.14171123  0.05341735  0.01299091  0.00000000  0.05341735  0.06740828  0.06271466  0.07688743  0.05805114  0.04881290  0.04423743  0.04423743  0.04881290  0.09622475  0.16826795  0.19023466  0.18468044  0.17916834  0.18468044  0.17369772  0.15752858  0.16287844  0.15221780  0.17369772  0.17369772  0.15752858  0.16287844  0.16287844  0.15752858  0.16826795  0.15221780  0.19023466  0.15752858  0.16287844  0.16287844  0.16826795  0.16287844  0.17916834  0.21288581  0.19583163  0.16826795  0.17369772  0.17369772  0.17369772  0.17369772  0.17916834  0.19023466  0.17916834  0.16826795  0.19583163  0.18468044  0.20147202  0.20147202  0.18468044  0.19583163  0.20147202  0.14694554  0.19583163  0.19583163  0.20715652  0.20715652  0.20147202  0.17369772  0.21866061  0.14694554  0.20147202  0.19023466  0.17916834  0.17369772  0.17369772  0.19023466  0.17916834  0.17916834  0.16826795  0.17916834  0.17916834  0.17369772  0.17916834  0.18468044  0.19023466  0.18468044  0.16287844  0.16826795  0.17916834  0.19583163  0.17916834  0.17916834  0.16826795  0.15752858  0.17916834  0.18468044  0.18468044  0.16287844  0.19023466  0.18468044  0.18468044  0.18468044  0.17916834  0.17916834  0.19023466  0.18468044  0.19583163  0.18468044  0.20715652  0.20715652  0.20715652  0.19583163  0.20715652  0.19023466  0.20147202  0.20147202  0.17369772  0.19583163  0.23626544  0.22448165  0.23034967  0.21288581  0.20147202  0.17916834  0.19583163  0.19023466  0.21866061  0.23034967  0.22448165  0.23034967  0.16826795  0.18468044  0.18468044  0.20147202  0.16826795  0.19023466  0.17916834  0.19023466  0.19583163  0.20147202  0.20147202  0.23626544  0.23626544  0.21288581  0.21288581  0.21866061  0.23626544  0.18468044  0.18468044  0.18468044  0.19023466  0.17369772  0.21288581  0.19583163  0.20715652  0.18468044  0.18468044  0.19023466  0.20147202  0.17369772  0.18468044  0.16287844  0.16287844  0.14171123  0.16287844  0.17916834  0.17369772  0.16826795  0.19023466  0.19583163  0.16287844  0.15221780  0.18468044  0.17369772  0.19583163  0.20147202  0.21288581  0.20147202  0.19023466  0.19023466  0.20147202  0.17369772  0.16826795  0.16826795  0.19023466  0.19583163  0.19583163  0.18468044  
9_0_0      0.16826795  0.15221780  0.05805114  0.03969058  0.05341735  0.00000000  0.08167375  0.07688743  0.07688743  0.06271466  0.05341735  0.05805114  0.04881290  0.04423743  0.13135434  0.20147202  0.20147202  0.18468044  0.20147202  0.20715652  0.19583163  0.15221780  0.15752858  0.15221780  0.17369772  0.17369772  0.15752858  0.17369772  0.16287844  0.15752858  0.17916834  0.16287844  0.19023466  0.16826795  0.17369772  0.16287844  0.17369772  0.17916834  0.19023466  0.22448165  0.19583163  0.16826795  0.18468044  0.17916834  0.20715652  0.17916834  0.17369772  0.18468044  0.18468044  0.17369772  0.19583163  0.18468044  0.20715652  0.20147202  0.19583163  0.20715652  0.20147202  0.16826795  0.19583163  0.19583163  0.23034967  0.23034967  0.21288581  0.20147202  0.21866061  0.17916834  0.20715652  0.19583163  0.17369772  0.17916834  0.20147202  0.18468044  0.18468044  0.18468044  0.17369772  0.20715652  0.17369772  0.17369772  0.18468044  0.17916834  0.17916834  0.17369772  0.20147202  0.20715652  0.19583163  0.20715652  0.19023466  0.19023466  0.19023466  0.19583163  0.19583163  0.19023466  0.19023466  0.19023466  0.21288581  0.21866061  0.21866061  0.20715652  0.18468044  0.18468044  0.19583163  0.19023466  0.20147202  0.19023466  0.21866061  0.24222974  0.23034967  0.21866061  0.21866061  0.19583163  0.21288581  0.23034967  0.22448165  0.23626544  0.24222974  0.24222974  0.24824338  0.25430717  0.21866061  0.21288581  0.21866061  0.20147202  0.23034967  0.23034967  0.23034967  0.22448165  0.18468044  0.20715652  0.20715652  0.19583163  0.19583163  0.20715652  0.19583163  0.21866061  0.20147202  0.20715652  0.20715652  0.21866061  0.24222974  0.20715652  0.20715652  0.22448165  0.25430717  0.20147202  0.20147202  0.20147202  0.20715652  0.19583163  0.23034967  0.22448165  0.23626544  0.21288581  0.20147202  0.23034967  0.23034967  0.20715652  0.21866061  0.19023466  0.19583163  0.15752858  0.17916834  0.20715652  0.19583163  0.21288581  0.20147202  0.19583163  0.17916834  0.17369772  0.19023466  0.20715652  0.19583163  0.20147202  0.21866061  0.23034967  0.18468044  0.18468044  0.21866061  0.20147202  0.20715652  0.18468044  0.18468044  0.18468044  0.19583163  0.21866061  
23_0_0     0.17916834  0.16287844  0.05805114  0.06271466  0.06740828  0.08167375  0.00000000  0.04881290  0.05805114  0.07213241  0.04423743  0.06740828  0.04881290  0.06271466  0.10608977  0.19583163  0.20715652  0.19023466  0.20715652  0.20147202  0.19023466  0.16287844  0.16826795  0.17369772  0.17369772  0.19023466  0.16287844  0.16826795  0.15221780  0.15221780  0.17916834  0.16826795  0.17369772  0.16287844  0.19023466  0.15752858  0.15752858  0.17369772  0.15221780  0.24824338  0.23626544  0.18468044  0.19583163  0.19023466  0.20715652  0.20715652  0.18468044  0.19023466  0.20715652  0.15752858  0.22448165  0.21288581  0.19023466  0.20147202  0.21288581  0.22448165  0.19583163  0.16826795  0.17916834  0.17916834  0.21288581  0.21288581  0.20715652  0.17369772  0.19583163  0.19023466  0.19023466  0.17916834  0.17916834  0.17369772  0.19023466  0.19583163  0.18468044  0.18468044  0.17369772  0.18468044  0.19583163  0.18468044  0.17369772  0.17916834  0.20147202  0.19023466  0.17916834  0.18468044  0.19583163  0.20715652  0.20147202  0.20147202  0.19583163  0.19583163  0.21866061  0.18468044  0.19583163  0.20147202  0.17916834  0.19583163  0.19583163  0.20147202  0.18468044  0.18468044  0.17916834  0.18468044  0.18468044  0.17369772  0.21288581  0.21866061  0.20715652  0.20715652  0.20715652  0.21866061  0.20147202  0.21288581  0.19583163  0.20715652  0.21866061  0.21866061  0.22448165  0.23034967  0.20715652  0.19583163  0.22448165  0.20715652  0.24222974  0.24222974  0.26042197  0.25430717  0.19023466  0.21866061  0.20715652  0.21288581  0.19583163  0.21866061  0.20715652  0.21866061  0.19583163  0.21288581  0.21288581  0.22448165  0.23626544  0.20715652  0.20715652  0.21288581  0.23034967  0.19583163  0.19583163  0.19583163  0.19023466  0.19023466  0.21288581  0.22448165  0.23626544  0.22448165  0.21288581  0.21866061  0.20715652  0.19023466  0.20147202  0.17916834  0.19583163  0.15752858  0.17916834  0.18468044  0.17369772  0.19023466  0.17369772  0.17369772  0.16826795  0.17369772  0.15752858  0.16826795  0.20715652  0.21288581  0.20147202  0.20147202  0.19023466  0.19023466  0.20715652  0.17369772  0.17916834  0.16826795  0.18468044  0.17369772  0.19583163  0.19583163  
18_0_0     0.15221780  0.16826795  0.08167375  0.04881290  0.06271466  0.07688743  0.04881290  0.00000000  0.02621819  0.06740828  0.04881290  0.06271466  0.06271466  0.05805114  0.12114292  0.19583163  0.20715652  0.20147202  0.19583163  0.21288581  0.20147202  0.16826795  0.17369772  0.16826795  0.20147202  0.19583163  0.17916834  0.19583163  0.17916834  0.17916834  0.19023466  0.17369772  0.19023466  0.19023466  0.18468044  0.18468044  0.18468044  0.19023466  0.20147202  0.26042197  0.24222974  0.17916834  0.22448165  0.20715652  0.20147202  0.20147202  0.20147202  0.21288581  0.21288581  0.17916834  0.21866061  0.19583163  0.20715652  0.20715652  0.20715652  0.21866061  0.21288581  0.16287844  0.19583163  0.19583163  0.21866061  0.21866061  0.22448165  0.21866061  0.22448165  0.18468044  0.21288581  0.19023466  0.16826795  0.17369772  0.19023466  0.18468044  0.19583163  0.18468044  0.18468044  0.19583163  0.17369772  0.17369772  0.18468044  0.19023466  0.19023466  0.18468044  0.17916834  0.18468044  0.18468044  0.21866061  0.17916834  0.19023466  0.17369772  0.19583163  0.19583163  0.19023466  0.19023466  0.19023466  0.19023466  0.19583163  0.19583163  0.20715652  0.19583163  0.19583163  0.20147202  0.19583163  0.19583163  0.20715652  0.21866061  0.24222974  0.23034967  0.21866061  0.21866061  0.21866061  0.21288581  0.24824338  0.21866061  0.21866061  0.25430717  0.24222974  0.27280804  0.23034967  0.23034967  0.22448165  0.21866061  0.22448165  0.24824338  0.24824338  0.25430717  0.24824338  0.17916834  0.20147202  0.21288581  0.20715652  0.17916834  0.19023466  0.19023466  0.20147202  0.17916834  0.19583163  0.19583163  0.21866061  0.24222974  0.20715652  0.20715652  0.22448165  0.21866061  0.20147202  0.17369772  0.17369772  0.17916834  0.16826795  0.21866061  0.20147202  0.20147202  0.17916834  0.17916834  0.18468044  0.19583163  0.19023466  0.20147202  0.19023466  0.19583163  0.17916834  0.20147202  0.23034967  0.17916834  0.19583163  0.18468044  0.19023466  0.19023466  0.18468044  0.20147202  0.20147202  0.20147202  0.20715652  0.20147202  0.21288581  0.21288581  0.21288581  0.22448165  0.19583163  0.20147202  0.17916834  0.20715652  0.19023466  0.20147202  0.20147202  
70_0_0     0.17369772  0.17916834  0.08649180  0.06271466  0.07688743  0.07688743  0.05805114  0.02621819  0.00000000  0.08649180  0.06740828  0.08167375  0.07213241  0.06740828  0.12623070  0.21866061  0.23034967  0.21288581  0.21866061  0.23626544  0.21288581  0.17916834  0.18468044  0.17916834  0.20147202  0.18468044  0.17916834  0.19583163  0.17916834  0.17916834  0.20147202  0.18468044  0.17916834  0.19023466  0.20715652  0.18468044  0.19583163  0.20147202  0.19023466  0.26042197  0.24222974  0.19023466  0.21866061  0.22448165  0.22448165  0.20147202  0.20715652  0.21288581  0.21288581  0.18468044  0.21866061  0.19583163  0.20715652  0.20715652  0.21866061  0.23034967  0.20147202  0.17369772  0.21288581  0.21288581  0.23034967  0.23034967  0.22448165  0.21288581  0.22448165  0.19583163  0.21288581  0.20147202  0.16826795  0.17369772  0.19023466  0.17369772  0.18468044  0.18468044  0.18468044  0.19583163  0.18468044  0.19583163  0.18468044  0.17916834  0.17916834  0.18468044  0.17916834  0.18468044  0.19583163  0.20715652  0.17916834  0.19023466  0.18468044  0.20715652  0.20715652  0.19023466  0.19023466  0.20147202  0.19023466  0.19583163  0.19583163  0.20715652  0.19023466  0.19023466  0.20147202  0.19583163  0.19583163  0.20715652  0.21866061  0.23626544  0.21288581  0.21288581  0.21288581  0.21288581  0.19583163  0.24824338  0.20715652  0.21866061  0.24222974  0.23034967  0.26042197  0.23034967  0.21866061  0.21866061  0.22448165  0.21866061  0.24222974  0.24222974  0.24824338  0.24222974  0.19023466  0.19583163  0.21866061  0.20147202  0.19023466  0.20147202  0.19023466  0.21288581  0.19023466  0.19583163  0.19583163  0.21866061  0.24222974  0.22448165  0.22448165  0.24222974  0.24824338  0.19583163  0.17916834  0.17916834  0.18468044  0.17369772  0.23626544  0.20715652  0.21866061  0.18468044  0.18468044  0.20147202  0.21288581  0.16826795  0.17916834  0.19023466  0.18468044  0.16826795  0.19023466  0.21866061  0.17369772  0.19023466  0.17916834  0.18468044  0.19023466  0.18468044  0.19023466  0.19023466  0.18468044  0.19023466  0.17369772  0.18468044  0.20715652  0.20715652  0.20715652  0.19023466  0.19583163  0.17369772  0.20147202  0.18468044  0.19583163  0.20715652  
23_108_0   0.15752858  0.16287844  0.06740828  0.05341735  0.05805114  0.06271466  0.07213241  0.06740828  0.08649180  0.00000000  0.02621819  0.02178230  0.03969058  0.03517198  0.09622475  0.19023466  0.19023466  0.19583163  0.19023466  0.19583163  0.19583163  0.16287844  0.16826795  0.16287844  0.17369772  0.17369772  0.17916834  0.18468044  0.17369772  0.16826795  0.19023466  0.17369772  0.20147202  0.17369772  0.17916834  0.16826795  0.17369772  0.17916834  0.19023466  0.22448165  0.21288581  0.19023466  0.20147202  0.19023466  0.18468044  0.18468044  0.19023466  0.20147202  0.20147202  0.17369772  0.20715652  0.19583163  0.20715652  0.21288581  0.19583163  0.20715652  0.20147202  0.13651435  0.17916834  0.17916834  0.19583163  0.19583163  0.21288581  0.17916834  0.23626544  0.16287844  0.20715652  0.19583163  0.18468044  0.19583163  0.19023466  0.19583163  0.18468044  0.19023466  0.17916834  0.19023466  0.17369772  0.18468044  0.18468044  0.19023466  0.20147202  0.18468044  0.19023466  0.19583163  0.19583163  0.20715652  0.20147202  0.19023466  0.17369772  0.18468044  0.18468044  0.17916834  0.17916834  0.16826795  0.21288581  0.21866061  0.21866061  0.21866061  0.20715652  0.20715652  0.21288581  0.20715652  0.20715652  0.20715652  0.22448165  0.22448165  0.21288581  0.20147202  0.21866061  0.19583163  0.23034967  0.21288581  0.21288581  0.21288581  0.26042197  0.26042197  0.26658863  0.23626544  0.21288581  0.20715652  0.20147202  0.20715652  0.23034967  0.23034967  0.21866061  0.22448165  0.17369772  0.20715652  0.21288581  0.19583163  0.18468044  0.18468044  0.19583163  0.19583163  0.18468044  0.20147202  0.20147202  0.22448165  0.23626544  0.20147202  0.20147202  0.23034967  0.23626544  0.21866061  0.21866061  0.21866061  0.21288581  0.21288581  0.21866061  0.24222974  0.23034967  0.20715652  0.20715652  0.21288581  0.22448165  0.18468044  0.19583163  0.19583163  0.16826795  0.14171123  0.16287844  0.20147202  0.19583163  0.20147202  0.20147202  0.20715652  0.16287844  0.16826795  0.17369772  0.19583163  0.19583163  0.20147202  0.21288581  0.22448165  0.17916834  0.17916834  0.19583163  0.16287844  0.16826795  0.16826795  0.17369772  0.16826795  0.16826795  0.19023466  
23_106_0   0.16287844  0.16826795  0.04881290  0.03517198  0.04881290  0.05341735  0.04423743  0.04881290  0.06740828  0.02621819  0.00000000  0.02178230  0.02178230  0.02621819  0.09622475  0.19023466  0.19023466  0.19583163  0.19023466  0.20715652  0.19583163  0.15752858  0.16287844  0.15221780  0.16287844  0.18468044  0.16826795  0.17369772  0.16287844  0.16826795  0.17369772  0.15221780  0.17916834  0.16287844  0.16826795  0.15221780  0.15221780  0.16826795  0.16826795  0.23034967  0.20147202  0.17916834  0.19023466  0.17369772  0.18468044  0.18468044  0.17916834  0.17916834  0.19023466  0.15752858  0.19583163  0.18468044  0.18468044  0.20147202  0.17369772  0.19583163  0.19023466  0.13135434  0.17369772  0.17369772  0.20715652  0.20715652  0.21288581  0.17369772  0.21288581  0.16287844  0.20715652  0.18468044  0.16287844  0.17369772  0.17916834  0.17369772  0.18468044  0.17369772  0.16287844  0.18468044  0.16287844  0.17369772  0.17369772  0.17916834  0.19023466  0.17916834  0.19023466  0.19583163  0.19583163  0.19583163  0.17916834  0.16826795  0.16287844  0.17369772  0.18468044  0.16287844  0.17369772  0.16826795  0.19023466  0.19583163  0.19583163  0.20147202  0.18468044  0.18468044  0.19023466  0.18468044  0.18468044  0.19583163  0.21288581  0.20147202  0.20147202  0.20147202  0.18468044  0.18468044  0.20715652  0.20715652  0.20715652  0.20715652  0.23626544  0.22448165  0.24222974  0.22448165  0.20147202  0.20715652  0.20147202  0.20715652  0.23034967  0.21866061  0.23626544  0.23034967  0.15752858  0.20147202  0.19583163  0.18468044  0.17369772  0.18468044  0.17369772  0.18468044  0.17369772  0.20147202  0.20147202  0.21288581  0.21288581  0.20715652  0.20715652  0.21288581  0.23034967  0.19583163  0.19583163  0.19583163  0.19023466  0.19023466  0.21288581  0.21288581  0.21288581  0.20147202  0.20147202  0.20715652  0.20715652  0.19583163  0.20715652  0.17369772  0.16826795  0.14171123  0.16287844  0.20147202  0.17369772  0.19023466  0.17916834  0.18468044  0.16287844  0.16826795  0.17369772  0.18468044  0.17369772  0.17916834  0.20147202  0.21288581  0.16826795  0.16826795  0.20147202  0.16287844  0.16826795  0.14694554  0.17369772  0.16287844  0.17369772  0.17369772  
23_107_0   0.14171123  0.14694554  0.06271466  0.03969058  0.04423743  0.05805114  0.06740828  0.06271466  0.08167375  0.02178230  0.02178230  0.00000000  0.03517198  0.03068130  0.09134199  0.17916834  0.19023466  0.19583163  0.17916834  0.19583163  0.18468044  0.15221780  0.16826795  0.14171123  0.16826795  0.16826795  0.16287844  0.16826795  0.16826795  0.16287844  0.17369772  0.15752858  0.18468044  0.16826795  0.17369772  0.15221780  0.15752858  0.16287844  0.17369772  0.23034967  0.19583163  0.17369772  0.18468044  0.18468044  0.16826795  0.16826795  0.17369772  0.19583163  0.18468044  0.15752858  0.19023466  0.17916834  0.19023466  0.19583163  0.17916834  0.19023466  0.18468044  0.13651435  0.17916834  0.17916834  0.19023466  0.19023466  0.20715652  0.15752858  0.22448165  0.14171123  0.19583163  0.18468044  0.16287844  0.17369772  0.16826795  0.17369772  0.17369772  0.16826795  0.15752858  0.17916834  0.16287844  0.17369772  0.17369772  0.17916834  0.19023466  0.17369772  0.17916834  0.18468044  0.18468044  0.18468044  0.17916834  0.16826795  0.15221780  0.16287844  0.17369772  0.16826795  0.17916834  0.15752858  0.19583163  0.19023466  0.19023466  0.19023466  0.17916834  0.17916834  0.18468044  0.17916834  0.19023466  0.19023466  0.21288581  0.20147202  0.20147202  0.19023466  0.19583163  0.18468044  0.21866061  0.21866061  0.21288581  0.22448165  0.24824338  0.23626544  0.25430717  0.21288581  0.19023466  0.19583163  0.19023466  0.20715652  0.22448165  0.22448165  0.21866061  0.22448165  0.15221780  0.20147202  0.20715652  0.19583163  0.18468044  0.18468044  0.18468044  0.18468044  0.18468044  0.20147202  0.20147202  0.22448165  0.22448165  0.19583163  0.19583163  0.21288581  0.21866061  0.21288581  0.19583163  0.19583163  0.19023466  0.20147202  0.21288581  0.22448165  0.21288581  0.19023466  0.19023466  0.19583163  0.20715652  0.19023466  0.20147202  0.19583163  0.16826795  0.14171123  0.16287844  0.20147202  0.18468044  0.19023466  0.20147202  0.20715652  0.17369772  0.16826795  0.18468044  0.18468044  0.19583163  0.20147202  0.20147202  0.21288581  0.17916834  0.17916834  0.18468044  0.16287844  0.16826795  0.16826795  0.17369772  0.16826795  0.16826795  0.17916834  
70_106_0   0.16287844  0.15752858  0.06271466  0.03969058  0.04423743  0.04881290  0.04881290  0.06271466  0.07213241  0.03969058  0.02178230  0.03517198  0.00000000  0.01299091  0.10114053  0.19023466  0.19023466  0.18468044  0.19023466  0.20715652  0.18468044  0.14694554  0.15221780  0.16287844  0.15221780  0.18468044  0.15752858  0.16287844  0.15221780  0.15752858  0.17369772  0.15221780  0.17916834  0.15221780  0.16826795  0.13651435  0.15221780  0.16826795  0.16826795  0.21288581  0.19023466  0.16826795  0.17369772  0.16826795  0.18468044  0.17369772  0.17369772  0.17369772  0.18468044  0.15752858  0.18468044  0.17369772  0.17369772  0.19023466  0.17369772  0.19583163  0.19023466  0.14171123  0.19023466  0.19023466  0.21866061  0.21866061  0.20147202  0.16826795  0.20715652  0.16826795  0.20147202  0.19023466  0.16826795  0.16826795  0.18468044  0.17916834  0.17916834  0.18468044  0.17369772  0.18468044  0.17916834  0.16826795  0.16826795  0.17369772  0.19583163  0.18468044  0.18468044  0.19023466  0.20147202  0.20147202  0.19583163  0.18468044  0.17916834  0.17916834  0.20147202  0.16826795  0.17916834  0.18468044  0.18468044  0.19023466  0.19023466  0.19583163  0.18468044  0.18468044  0.19583163  0.19023466  0.19023466  0.19023466  0.21866061  0.20715652  0.20715652  0.20715652  0.20147202  0.20147202  0.21288581  0.21866061  0.20715652  0.21866061  0.24222974  0.23034967  0.24824338  0.24222974  0.20715652  0.19583163  0.21288581  0.20715652  0.25430717  0.24222974  0.24824338  0.24222974  0.16826795  0.20715652  0.19023466  0.19023466  0.18468044  0.18468044  0.17369772  0.19583163  0.18468044  0.20147202  0.20147202  0.23626544  0.23626544  0.19583163  0.19583163  0.20147202  0.23034967  0.19583163  0.19583163  0.19583163  0.17916834  0.19023466  0.21288581  0.21288581  0.21288581  0.19023466  0.19023466  0.20715652  0.21866061  0.19023466  0.20147202  0.16826795  0.17369772  0.13651435  0.15752858  0.20715652  0.18468044  0.20147202  0.19023466  0.19583163  0.16826795  0.17369772  0.16826795  0.17916834  0.19583163  0.20147202  0.20147202  0.20147202  0.17916834  0.17916834  0.20715652  0.17369772  0.17916834  0.16826795  0.16287844  0.16287844  0.17369772  0.19583163  
18_106_0   0.15752858  0.14171123  0.06740828  0.03517198  0.04881290  0.04423743  0.06271466  0.05805114  0.06740828  0.03517198  0.02621819  0.03068130  0.01299091  0.00000000  0.09622475  0.18468044  0.18468044  0.17916834  0.18468044  0.20147202  0.19023466  0.13651435  0.15221780  0.16287844  0.16287844  0.17369772  0.14694554  0.16287844  0.15221780  0.14694554  0.16826795  0.15221780  0.19023466  0.16287844  0.15752858  0.13651435  0.15221780  0.15752858  0.16826795  0.21866061  0.19023466  0.16826795  0.17369772  0.16826795  0.18468044  0.16287844  0.17369772  0.17369772  0.18468044  0.16826795  0.18468044  0.16287844  0.18468044  0.19023466  0.18468044  0.20715652  0.19023466  0.15221780  0.20147202  0.20147202  0.20715652  0.20715652  0.20147202  0.17369772  0.22448165  0.16287844  0.20715652  0.19583163  0.16287844  0.17369772  0.19023466  0.17369772  0.18468044  0.17916834  0.16826795  0.19023466  0.17369772  0.17369772  0.17369772  0.17916834  0.19023466  0.18468044  0.19023466  0.19583163  0.20715652  0.19583163  0.19023466  0.17916834  0.17369772  0.18468044  0.19583163  0.16826795  0.17916834  0.17916834  0.19023466  0.19583163  0.19583163  0.19583163  0.17916834  0.17916834  0.19023466  0.18468044  0.18468044  0.19583163  0.20715652  0.21288581  0.21288581  0.20147202  0.20715652  0.19023466  0.23034967  0.23034967  0.21288581  0.23626544  0.24222974  0.23034967  0.26042197  0.24222974  0.20715652  0.19023466  0.19583163  0.20147202  0.23626544  0.23626544  0.23034967  0.22448165  0.16826795  0.20147202  0.19583163  0.20715652  0.17916834  0.17916834  0.17916834  0.19023466  0.19023466  0.18468044  0.18468044  0.22448165  0.23626544  0.19583163  0.19583163  0.21288581  0.23034967  0.19023466  0.18468044  0.18468044  0.17916834  0.19023466  0.21288581  0.21866061  0.22448165  0.17916834  0.19023466  0.19583163  0.23034967  0.19023466  0.19023466  0.17916834  0.16826795  0.14694554  0.15752858  0.19583163  0.19583163  0.21288581  0.20147202  0.19583163  0.16826795  0.16287844  0.16826795  0.17916834  0.19583163  0.20147202  0.19023466  0.20147202  0.17916834  0.17916834  0.20147202  0.17369772  0.17916834  0.16826795  0.16287844  0.15752858  0.16826795  0.19023466  
66_0_0     0.14694554  0.11609049  0.09622475  0.10114053  0.09622475  0.13135434  0.10608977  0.12114292  0.12623070  0.09622475  0.09622475  0.09134199  0.10114053  0.09622475  0.00000000  0.19023466  0.18468044  0.19023466  0.20715652  0.19583163  0.19583163  0.17916834  0.15221780  0.16826795  0.17916834  0.19583163  0.16287844  0.17916834  0.16826795  0.16287844  0.17369772  0.14694554  0.18468044  0.18468044  0.17916834  0.15752858  0.15752858  0.16287844  0.15752858  0.22448165  0.19023466  0.19583163  0.20147202  0.20715652  0.20147202  0.17369772  0.19023466  0.18468044  0.19023466  0.19023466  0.17916834  0.15752858  0.18468044  0.18468044  0.17916834  0.20147202  0.17916834  0.14694554  0.17916834  0.17916834  0.17916834  0.17916834  0.17369772  0.15752858  0.21288581  0.15221780  0.21288581  0.19023466  0.17916834  0.17916834  0.18468044  0.19023466  0.18468044  0.20715652  0.19583163  0.20147202  0.19023466  0.17916834  0.20147202  0.18468044  0.19583163  0.20715652  0.18468044  0.19023466  0.20147202  0.18468044  0.16826795  0.15752858  0.17916834  0.16826795  0.18468044  0.19583163  0.18468044  0.17369772  0.19583163  0.19023466  0.19023466  0.19023466  0.19023466  0.19023466  0.19583163  0.19023466  0.19023466  0.17916834  0.21288581  0.19023466  0.16826795  0.17916834  0.19583163  0.17369772  0.20147202  0.23034967  0.19583163  0.19583163  0.24222974  0.24824338  0.24824338  0.21288581  0.23034967  0.17916834  0.19583163  0.19023466  0.21288581  0.22448165  0.20715652  0.20147202  0.17916834  0.21288581  0.21866061  0.20147202  0.19023466  0.20147202  0.21288581  0.19583163  0.20715652  0.20147202  0.20147202  0.21288581  0.22448165  0.16826795  0.16826795  0.17369772  0.19023466  0.16826795  0.16826795  0.16826795  0.16287844  0.19583163  0.20147202  0.19023466  0.17369772  0.17369772  0.16287844  0.14694554  0.20147202  0.15752858  0.15752858  0.20715652  0.13651435  0.14694554  0.15221780  0.17369772  0.17916834  0.18468044  0.19023466  0.17916834  0.15221780  0.15221780  0.15221780  0.15221780  0.17916834  0.19583163  0.18468044  0.17369772  0.17369772  0.17369772  0.20147202  0.19583163  0.19023466  0.17916834  0.17369772  0.19583163  0.19583163  0.20715652  
36_120_0   0.17916834  0.16826795  0.19023466  0.17916834  0.16826795  0.20147202  0.19583163  0.19583163  0.21866061  0.19023466  0.19023466  0.17916834  0.19023466  0.18468044  0.19023466  0.00000000  0.03068130  0.01737332  0.03068130  0.03068130  0.03969058  0.12114292  0.10608977  0.14171123  0.16826795  0.16287844  0.16287844  0.14694554  0.14694554  0.14171123  0.14171123  0.15221780  0.16826795  0.17369772  0.16826795  0.15221780  0.15752858  0.15752858  0.17916834  0.23034967  0.17916834  0.15752858  0.16826795  0.17916834  0.17916834  0.16826795  0.18468044  0.20147202  0.19023466  0.16287844  0.19023466  0.19583163  0.20715652  0.19583163  0.17916834  0.18468044  0.20715652  0.14694554  0.15752858  0.15752858  0.18468044  0.17916834  0.17916834  0.21288581  0.22448165  0.19023466  0.22448165  0.22448165  0.21866061  0.21866061  0.21288581  0.23626544  0.21288581  0.21288581  0.21288581  0.19583163  0.21288581  0.20715652  0.20715652  0.22448165  0.23626544  0.21866061  0.22448165  0.21866061  0.21866061  0.24824338  0.22448165  0.23034967  0.23034967  0.21288581  0.22448165  0.26658863  0.25430717  0.21288581  0.22448165  0.22448165  0.22448165  0.21288581  0.23034967  0.23034967  0.23034967  0.22448165  0.23626544  0.23626544  0.23626544  0.23626544  0.25430717  0.23626544  0.24824338  0.24824338  0.27908112  0.29179203  0.20715652  0.21288581  0.24222974  0.23626544  0.23626544  0.21866061  0.23626544  0.19583163  0.20147202  0.20147202  0.23034967  0.23034967  0.24222974  0.24824338  0.21288581  0.23034967  0.21288581  0.21866061  0.22448165  0.23626544  0.22448165  0.18468044  0.22448165  0.21866061  0.21288581  0.24824338  0.22448165  0.24222974  0.24222974  0.25430717  0.24222974  0.26042197  0.22448165  0.22448165  0.21866061  0.23034967  0.24222974  0.23626544  0.25430717  0.23034967  0.23626544  0.21866061  0.23626544  0.21866061  0.21866061  0.21288581  0.21866061  0.20715652  0.21866061  0.21866061  0.21288581  0.20715652  0.23626544  0.21288581  0.20715652  0.20715652  0.21288581  0.19583163  0.27908112  0.29823181  0.24222974  0.24222974  0.23034967  0.23034967  0.23034967  0.21288581  0.20715652  0.21866061  0.23626544  0.27280804  0.26042197  0.25430717  
27_120_0   0.17369772  0.17369772  0.19583163  0.19023466  0.19023466  0.20147202  0.20715652  0.20715652  0.23034967  0.19023466  0.19023466  0.19023466  0.19023466  0.18468044  0.18468044  0.03068130  0.00000000  0.02178230  0.04423743  0.04423743  0.07213241  0.14171123  0.10608977  0.15221780  0.16287844  0.15752858  0.15752858  0.15221780  0.14171123  0.13651435  0.14694554  0.15221780  0.17369772  0.17369772  0.15752858  0.13651435  0.14171123  0.14171123  0.16287844  0.23626544  0.17916834  0.15221780  0.17369772  0.17916834  0.17369772  0.17369772  0.18468044  0.20147202  0.19023466  0.16826795  0.18468044  0.17916834  0.19023466  0.19023466  0.16826795  0.17916834  0.19023466  0.13651435  0.15752858  0.15752858  0.19023466  0.19583163  0.17369772  0.23626544  0.21288581  0.20147202  0.21866061  0.20715652  0.21288581  0.21866061  0.21866061  0.23034967  0.21866061  0.21866061  0.21866061  0.21288581  0.19583163  0.20147202  0.20147202  0.20715652  0.23626544  0.22448165  0.23034967  0.22448165  0.22448165  0.25430717  0.23626544  0.21866061  0.23626544  0.23034967  0.21866061  0.26042197  0.23034967  0.20715652  0.20715652  0.20715652  0.20715652  0.19583163  0.21288581  0.21288581  0.21288581  0.20715652  0.21866061  0.20715652  0.24824338  0.23626544  0.24222974  0.22448165  0.24222974  0.23626544  0.27908112  0.28540880  0.23034967  0.22448165  0.24824338  0.24222974  0.23626544  0.22448165  0.25430717  0.18468044  0.19023466  0.19023466  0.24222974  0.24222974  0.24824338  0.24222974  0.19583163  0.23626544  0.21288581  0.20715652  0.20715652  0.21866061  0.21866061  0.20147202  0.23034967  0.22448165  0.21866061  0.23034967  0.23626544  0.24824338  0.24824338  0.26042197  0.26042197  0.25430717  0.23626544  0.23626544  0.23034967  0.23034967  0.23034967  0.24222974  0.26042197  0.22448165  0.23034967  0.22448165  0.25430717  0.21866061  0.21866061  0.20147202  0.19583163  0.20147202  0.19583163  0.23034967  0.20715652  0.21288581  0.24222974  0.21866061  0.18468044  0.19583163  0.17916834  0.18468044  0.26042197  0.27908112  0.24824338  0.24824338  0.22448165  0.22448165  0.24824338  0.21866061  0.21288581  0.20715652  0.21866061  0.25430717  0.25430717  0.26042197  
36_122_0   0.18468044  0.17369772  0.17916834  0.18468044  0.18468044  0.18468044  0.19023466  0.20147202  0.21288581  0.19583163  0.19583163  0.19583163  0.18468044  0.17916834  0.19023466  0.01737332  0.02178230  0.00000000  0.03969058  0.03969058  0.04881290  0.12114292  0.09622475  0.14694554  0.16287844  0.15752858  0.15752858  0.15221780  0.14171123  0.13651435  0.14694554  0.15752858  0.16287844  0.16826795  0.16287844  0.13651435  0.15221780  0.15221780  0.16287844  0.23034967  0.17369772  0.15221780  0.16287844  0.16826795  0.18468044  0.16826795  0.17369772  0.19023466  0.19023466  0.16287844  0.19583163  0.19023466  0.20147202  0.19023466  0.18468044  0.20147202  0.19023466  0.14694554  0.15752858  0.15752858  0.20147202  0.19583163  0.17369772  0.21866061  0.21288581  0.21288581  0.21288581  0.21288581  0.20715652  0.20715652  0.22448165  0.22448165  0.21288581  0.21288581  0.21288581  0.20715652  0.20147202  0.20715652  0.19583163  0.20147202  0.21866061  0.20715652  0.21288581  0.20715652  0.21866061  0.24824338  0.22448165  0.23034967  0.24222974  0.23626544  0.22448165  0.25430717  0.23034967  0.21288581  0.21288581  0.21288581  0.21288581  0.20147202  0.21866061  0.21866061  0.21866061  0.21288581  0.22448165  0.21288581  0.24824338  0.24222974  0.24824338  0.23034967  0.25430717  0.24222974  0.27280804  0.29179203  0.21288581  0.21866061  0.23034967  0.22448165  0.23626544  0.23034967  0.24824338  0.18468044  0.20147202  0.17916834  0.24222974  0.24222974  0.26042197  0.25430717  0.21288581  0.23626544  0.21866061  0.19583163  0.21288581  0.22448165  0.21288581  0.20715652  0.22448165  0.20715652  0.20147202  0.24824338  0.24824338  0.23626544  0.23626544  0.24824338  0.26042197  0.24222974  0.22448165  0.22448165  0.21866061  0.23034967  0.24824338  0.24222974  0.26042197  0.23626544  0.24222974  0.22448165  0.25430717  0.20715652  0.20715652  0.20147202  0.20715652  0.20715652  0.20715652  0.21866061  0.21866061  0.22448165  0.24222974  0.21866061  0.19583163  0.20715652  0.19023466  0.18468044  0.27908112  0.29823181  0.24222974  0.24222974  0.23034967  0.23034967  0.24222974  0.22448165  0.21866061  0.21866061  0.22448165  0.26042197  0.26042197  0.27908112  
