20
2_0_0      0.00000000  0.00986900  0.27563728  0.45084459  0.44191983  0.43310072  0.47827891  0.46902143  0.48765289  0.48765289  0.47827891  0.46902143  0.65631376  0.57779150  0.62164327  0.64457673  0.59939477  0.62164327  0.70520339  0.66823868  
1_0_0      0.00986900  0.00000000  0.26157730  0.46902143  0.45987757  0.45084459  0.49714632  0.48765289  0.48765289  0.48765289  0.47827891  0.46902143  0.68035759  0.59939477  0.64457673  0.66823868  0.59939477  0.62164327  0.70520339  0.69267692  
3_0_0      0.27563728  0.26157730  0.00000000  0.40725304  0.39883266  0.42438480  0.45084459  0.52637482  0.47827891  0.47827891  0.46902143  0.45987757  0.65631376  0.58851483  0.65631376  0.63302175  0.62164327  0.63302175  0.65631376  0.64457673  
13_0_0     0.45084459  0.46902143  0.40725304  0.00000000  0.03512912  0.03512912  0.07199712  0.39050641  0.38227218  0.37412798  0.37412798  0.38227218  0.39883266  0.42438480  0.43310072  0.43310072  0.41576967  0.42438480  0.39050641  0.39050641  
12_0_0     0.44191983  0.45987757  0.39883266  0.03512912  0.00000000  0.04028558  0.08837389  0.39883266  0.39883266  0.39050641  0.37412798  0.38227218  0.42438480  0.43310072  0.44191983  0.44191983  0.44191983  0.43310072  0.39883266  0.41576967  
10_0_0     0.43310072  0.45084459  0.42438480  0.03512912  0.04028558  0.00000000  0.08837389  0.39883266  0.39050641  0.38227218  0.38227218  0.39050641  0.42438480  0.41576967  0.44191983  0.44191983  0.42438480  0.45084459  0.41576967  0.41576967  
4_0_0      0.47827891  0.49714632  0.45084459  0.07199712  0.08837389  0.08837389  0.00000000  0.36607185  0.37412798  0.36607185  0.36607185  0.37412798  0.39883266  0.39050641  0.41576967  0.43310072  0.41576967  0.44191983  0.37412798  0.37412798  
5_0_0      0.46902143  0.48765289  0.52637482  0.39050641  0.39883266  0.39883266  0.36607185  0.00000000  0.15773765  0.16382038  0.14571918  0.13978189  0.53637817  0.50676230  0.56722035  0.56722035  0.57779150  0.59939477  0.54651768  0.52637482  
14_0_0     0.48765289  0.48765289  0.47827891  0.38227218  0.39883266  0.39050641  0.37412798  0.15773765  0.00000000  0.00491816  0.07199712  0.06661723  0.58851483  0.55679710  0.64457673  0.63302175  0.70520339  0.61043596  0.58851483  0.59939477  
17_0_0     0.48765289  0.48765289  0.47827891  0.37412798  0.39050641  0.38227218  0.36607185  0.16382038  0.00491816  0.00000000  0.06661723  0.06127591  0.57779150  0.54651768  0.63302175  0.62164327  0.69267692  0.59939477  0.57779150  0.58851483  
11_0_0     0.47827891  0.47827891  0.46902143  0.37412798  0.37412798  0.38227218  0.36607185  0.14571918  0.07199712  0.06661723  0.00000000  0.01485297  0.56722035  0.51650402  0.59939477  0.56722035  0.63302175  0.56722035  0.54651768  0.55679710  
6_0_0      0.46902143  0.46902143  0.45987757  0.38227218  0.38227218  0.39050641  0.37412798  0.13978189  0.06661723  0.06127591  0.01485297  0.00000000  0.57779150  0.54651768  0.63302175  0.59939477  0.64457673  0.59939477  0.57779150  0.58851483  
19_0_0     0.65631376  0.68035759  0.65631376  0.39883266  0.42438480  0.42438480  0.39883266  0.53637817  0.58851483  0.57779150  0.56722035  0.57779150  0.00000000  0.10511880  0.07199712  0.09391381  0.13978189  0.13978189  0.10511880  0.08837389  
18_0_0     0.57779150  0.59939477  0.58851483  0.42438480  0.43310072  0.41576967  0.39050641  0.50676230  0.55679710  0.54651768  0.51650402  0.54651768  0.10511880  0.00000000  0.06127591  0.08287487  0.11649489  0.15773765  0.11078513  0.10511880  
7_0_0      0.62164327  0.64457673  0.65631376  0.43310072  0.44191983  0.44191983  0.41576967  0.56722035  0.64457673  0.63302175  0.59939477  0.63302175  0.07199712  0.06127591  0.00000000  0.06127591  0.11649489  0.18237237  0.12224875  0.10511880  
16_0_0     0.64457673  0.66823868  0.63302175  0.43310072  0.44191983  0.44191983  0.43310072  0.56722035  0.63302175  0.62164327  0.56722035  0.59939477  0.09391381  0.08287487  0.06127591  0.00000000  0.11649489  0.16995319  0.12224875  0.10511880  
9_0_0      0.59939477  0.59939477  0.62164327  0.41576967  0.44191983  0.42438480  0.41576967  0.57779150  0.70520339  0.69267692  0.63302175  0.64457673  0.13978189  0.11649489  0.11649489  0.11649489  0.00000000  0.18237237  0.15773765  0.13978189  
20_0_0     0.62164327  0.62164327  0.63302175  0.42438480  0.43310072  0.45084459  0.44191983  0.59939477  0.61043596  0.59939477  0.56722035  0.59939477  0.13978189  0.15773765  0.18237237  0.16995319  0.18237237  0.00000000  0.08287487  0.08837389  
8_0_0      0.70520339  0.70520339  0.65631376  0.39050641  0.39883266  0.41576967  0.37412798  0.54651768  0.58851483  0.57779150  0.54651768  0.57779150  0.10511880  0.11078513  0.12224875  0.12224875  0.15773765  0.08287487  0.00000000  0.03512912  
15_0_0     0.66823868  0.69267692  0.64457673  0.39050641  0.41576967  0.41576967  0.37412798  0.52637482  0.59939477  0.58851483  0.55679710  0.58851483  0.08837389  0.10511880  0.10511880  0.10511880  0.13978189  0.08837389  0.03512912  0.00000000  

