147
68_0_0     0.00000000  0.05206221  0.04609399  0.08264465  0.09523918  0.06414449  0.30690786  0.31540155  0.32399351  0.29020644  0.29851021  0.32399351  0.33268603  0.32399351  0.60407989  0.65627410  0.66991663  0.66991663  0.65627410  0.66991663  0.64287765  0.64287765  0.65627410  0.64287765  0.64287765  0.62971858  0.40615139  0.40615139  0.43568922  0.49854146  0.40615139  0.39656086  0.38709260  0.35939122  0.44580212  0.41586738  0.50955411  0.50955411  0.50955411  0.50955411  0.48768972  0.47699426  0.43568922  0.60407989  0.56720870  0.47699426  0.46645065  0.46645065  0.46645065  0.46645065  0.50955411  0.46645065  0.46645065  0.47699426  0.47699426  0.47699426  0.47699426  0.50955411  0.49854146  0.55531416  0.54360711  0.46645065  0.49854146  0.45605462  0.46645065  0.46645065  0.46645065  0.46645065  0.45605462  0.47699426  0.40615139  0.40615139  0.40615139  0.38709260  0.38709260  0.37774353  0.35939122  0.39656086  0.36851069  0.49854146  0.50955411  0.49854146  0.49854146  0.50955411  0.61678860  0.52073252  0.50955411  0.45605462  0.46645065  0.43568922  0.47699426  0.45605462  0.47699426  0.44580212  0.57929684  0.42571217  0.42571217  0.43568922  0.46645065  0.47699426  0.44580212  0.48768972  0.50955411  0.49854146  0.45605462  0.45605462  0.44580212  0.46645065  0.44580212  0.44580212  0.47699426  0.48768972  0.62971858  0.61678860  0.55531416  0.60407989  0.65627410  0.60407989  0.55531416  0.60407989  0.65627410  0.62971858  0.65627410  0.64287765  0.62971858  0.65627410  0.64287765  0.61678860  0.62971858  0.60407989  0.52073252  0.64287765  0.64287765  0.62971858  0.69797734  0.64287765  0.66991663  0.55531416  0.59158500  0.56720870  0.55531416  0.60407989  0.57929684  0.66991663  0.66991663  0.66991663  0.83929810  
23_0_0     0.05206221  0.00000000  0.04017335  0.11454071  0.11454071  0.10805097  0.29851021  0.34148149  0.31540155  0.29851021  0.27387237  0.31540155  0.32399351  0.31540155  0.60407989  0.65627410  0.66991663  0.66991663  0.65627410  0.66991663  0.64287765  0.64287765  0.62971858  0.64287765  0.64287765  0.65627410  0.40615139  0.40615139  0.47699426  0.53208175  0.37774353  0.36851069  0.35038237  0.34148149  0.42571217  0.41586738  0.55531416  0.55531416  0.55531416  0.55531416  0.55531416  0.54360711  0.39656086  0.62971858  0.56720870  0.48768972  0.49854146  0.49854146  0.47699426  0.47699426  0.54360711  0.43568922  0.43568922  0.46645065  0.46645065  0.46645065  0.46645065  0.53208175  0.52073252  0.57929684  0.54360711  0.46645065  0.49854146  0.41586738  0.46645065  0.41586738  0.43568922  0.45605462  0.44580212  0.44580212  0.37774353  0.40615139  0.42571217  0.35038237  0.35939122  0.35939122  0.35038237  0.37774353  0.33268603  0.49854146  0.50955411  0.52073252  0.48768972  0.47699426  0.54360711  0.49854146  0.48768972  0.45605462  0.46645065  0.43568922  0.45605462  0.43568922  0.47699426  0.42571217  0.56720870  0.42571217  0.42571217  0.41586738  0.44580212  0.41586738  0.46645065  0.43568922  0.45605462  0.44580212  0.44580212  0.44580212  0.42571217  0.43568922  0.41586738  0.43568922  0.42571217  0.43568922  0.60407989  0.61678860  0.57929684  0.54360711  0.65627410  0.59158500  0.59158500  0.59158500  0.66991663  0.66991663  0.62971858  0.66991663  0.68381446  0.65627410  0.64287765  0.61678860  0.62971858  0.60407989  0.50955411  0.60407989  0.60407989  0.59158500  0.65627410  0.61678860  0.62971858  0.56720870  0.59158500  0.61678860  0.60407989  0.62971858  0.62971858  0.64287765  0.61678860  0.61678860  0.80548810  
70_0_0     0.04609399  0.04017335  0.00000000  0.09523918  0.10805097  0.10161745  0.30690786  0.35038237  0.34148149  0.29020644  0.26583810  0.30690786  0.31540155  0.30690786  0.60407989  0.65627410  0.66991663  0.66991663  0.65627410  0.66991663  0.69797734  0.69797734  0.68381446  0.69797734  0.69797734  0.68381446  0.41586738  0.41586738  0.42571217  0.49854146  0.37774353  0.36851069  0.37774353  0.35038237  0.43568922  0.42571217  0.49854146  0.49854146  0.54360711  0.52073252  0.49854146  0.48768972  0.40615139  0.64287765  0.57929684  0.46645065  0.47699426  0.47699426  0.45605462  0.45605462  0.52073252  0.43568922  0.43568922  0.46645065  0.46645065  0.46645065  0.46645065  0.49854146  0.48768972  0.54360711  0.53208175  0.45605462  0.53208175  0.42571217  0.45605462  0.45605462  0.45605462  0.45605462  0.46645065  0.46645065  0.37774353  0.37774353  0.41586738  0.35939122  0.35939122  0.36851069  0.35939122  0.38709260  0.34148149  0.48768972  0.49854146  0.50955411  0.44580212  0.45605462  0.62971858  0.48768972  0.47699426  0.46645065  0.47699426  0.46645065  0.46645065  0.44580212  0.48768972  0.39656086  0.55531416  0.43568922  0.43568922  0.42571217  0.45605462  0.42571217  0.45605462  0.45605462  0.47699426  0.46645065  0.43568922  0.41586738  0.44580212  0.42571217  0.40615139  0.42571217  0.45605462  0.46645065  0.61678860  0.62971858  0.59158500  0.55531416  0.64287765  0.55531416  0.55531416  0.55531416  0.62971858  0.61678860  0.64287765  0.62971858  0.61678860  0.64287765  0.65627410  0.60407989  0.64287765  0.61678860  0.54360711  0.62971858  0.62971858  0.61678860  0.65627410  0.64287765  0.65627410  0.59158500  0.61678860  0.61678860  0.60407989  0.62971858  0.60407989  0.64287765  0.64287765  0.61678860  0.80548810  
29_0_0     0.08264465  0.11454071  0.09523918  0.00000000  0.13435729  0.12769284  0.35939122  0.38709260  0.35939122  0.35939122  0.35038237  0.35038237  0.38709260  0.35939122  0.64287765  0.66991663  0.68381446  0.68381446  0.66991663  0.65627410  0.66991663  0.66991663  0.68381446  0.66991663  0.66991663  0.68381446  0.38709260  0.40615139  0.46645065  0.47699426  0.38709260  0.37774353  0.36851069  0.35939122  0.46645065  0.47699426  0.57929684  0.55531416  0.60407989  0.55531416  0.57929684  0.56720870  0.49854146  0.55531416  0.56720870  0.50955411  0.49854146  0.49854146  0.49854146  0.49854146  0.49854146  0.45605462  0.45605462  0.46645065  0.46645065  0.46645065  0.46645065  0.50955411  0.49854146  0.50955411  0.55531416  0.46645065  0.52073252  0.43568922  0.47699426  0.41586738  0.41586738  0.47699426  0.44580212  0.43568922  0.40615139  0.38709260  0.42571217  0.38709260  0.38709260  0.38709260  0.36851069  0.39656086  0.35038237  0.53208175  0.54360711  0.53208175  0.49854146  0.49854146  0.57929684  0.46645065  0.45605462  0.46645065  0.49854146  0.50955411  0.53208175  0.50955411  0.54360711  0.47699426  0.62971858  0.47699426  0.47699426  0.48768972  0.49854146  0.50955411  0.45605462  0.44580212  0.46645065  0.45605462  0.43568922  0.43568922  0.44580212  0.44580212  0.42571217  0.40615139  0.44580212  0.46645065  0.60407989  0.61678860  0.62971858  0.59158500  0.65627410  0.55531416  0.54360711  0.55531416  0.66991663  0.65627410  0.60407989  0.61678860  0.60407989  0.68381446  0.64287765  0.62971858  0.60407989  0.59158500  0.52073252  0.62971858  0.72714003  0.65627410  0.72714003  0.65627410  0.69797734  0.57929684  0.59158500  0.52073252  0.50955411  0.55531416  0.55531416  0.69797734  0.69797734  0.69797734  0.80548810  
34_0_0     0.09523918  0.11454071  0.10805097  0.13435729  0.00000000  0.05206221  0.32399351  0.35038237  0.33268603  0.29851021  0.32399351  0.30690786  0.34148149  0.31540155  0.60407989  0.62971858  0.64287765  0.64287765  0.62971858  0.61678860  0.61678860  0.61678860  0.62971858  0.61678860  0.61678860  0.68381446  0.38709260  0.38709260  0.45605462  0.45605462  0.36851069  0.37774353  0.35038237  0.35939122  0.42571217  0.41586738  0.55531416  0.53208175  0.57929684  0.57929684  0.55531416  0.54360711  0.43568922  0.62971858  0.56720870  0.47699426  0.48768972  0.48768972  0.48768972  0.48768972  0.44580212  0.48768972  0.48768972  0.47699426  0.47699426  0.47699426  0.49854146  0.47699426  0.48768972  0.49854146  0.48768972  0.48768972  0.52073252  0.43568922  0.49854146  0.42571217  0.42571217  0.49854146  0.47699426  0.45605462  0.38709260  0.38709260  0.40615139  0.36851069  0.37774353  0.35939122  0.34148149  0.38709260  0.35038237  0.44580212  0.45605462  0.46645065  0.46645065  0.45605462  0.61678860  0.45605462  0.44580212  0.47699426  0.50955411  0.45605462  0.47699426  0.45605462  0.44580212  0.42571217  0.62971858  0.42571217  0.42571217  0.45605462  0.53208175  0.43568922  0.47699426  0.43568922  0.45605462  0.44580212  0.43568922  0.43568922  0.44580212  0.42571217  0.42571217  0.40615139  0.48768972  0.49854146  0.66991663  0.62971858  0.61678860  0.57929684  0.69797734  0.57929684  0.56720870  0.57929684  0.61678860  0.64287765  0.59158500  0.60407989  0.56720870  0.66991663  0.62971858  0.59158500  0.61678860  0.59158500  0.54360711  0.60407989  0.62971858  0.56720870  0.62971858  0.66991663  0.62971858  0.64287765  0.61678860  0.56720870  0.55531416  0.60407989  0.62971858  0.68381446  0.71241555  0.68381446  0.78914330  
60_0_0     0.06414449  0.10805097  0.10161745  0.12769284  0.05206221  0.00000000  0.33268603  0.34148149  0.32399351  0.29020644  0.31540155  0.31540155  0.36851069  0.32399351  0.61678860  0.66991663  0.68381446  0.68381446  0.66991663  0.65627410  0.62971858  0.62971858  0.64287765  0.62971858  0.62971858  0.64287765  0.37774353  0.37774353  0.42571217  0.46645065  0.37774353  0.36851069  0.37774353  0.36851069  0.41586738  0.38709260  0.56720870  0.54360711  0.54360711  0.52073252  0.54360711  0.53208175  0.42571217  0.60407989  0.52073252  0.47699426  0.48768972  0.48768972  0.48768972  0.48768972  0.46645065  0.49854146  0.49854146  0.46645065  0.46645065  0.46645065  0.50955411  0.54360711  0.53208175  0.54360711  0.53208175  0.53208175  0.49854146  0.41586738  0.45605462  0.40615139  0.40615139  0.44580212  0.44580212  0.43568922  0.35038237  0.38709260  0.36851069  0.34148149  0.37774353  0.33268603  0.33268603  0.35939122  0.32399351  0.44580212  0.45605462  0.46645065  0.46645065  0.47699426  0.59158500  0.47699426  0.46645065  0.44580212  0.45605462  0.42571217  0.42571217  0.40615139  0.42571217  0.39656086  0.57929684  0.37774353  0.35939122  0.40615139  0.43568922  0.44580212  0.48768972  0.47699426  0.47699426  0.46645065  0.42571217  0.42571217  0.43568922  0.43568922  0.41586738  0.41586738  0.45605462  0.46645065  0.60407989  0.59158500  0.53208175  0.59158500  0.68381446  0.62971858  0.57929684  0.62971858  0.64287765  0.60407989  0.62971858  0.56720870  0.55531416  0.60407989  0.56720870  0.57929684  0.57929684  0.60407989  0.53208175  0.60407989  0.62971858  0.56720870  0.62971858  0.65627410  0.62971858  0.60407989  0.57929684  0.57929684  0.56720870  0.59158500  0.59158500  0.69797734  0.72714003  0.69797734  0.77315049  
22_3_0     0.30690786  0.29851021  0.30690786  0.35939122  0.32399351  0.33268603  0.00000000  0.06414449  0.11454071  0.05206221  0.16162971  0.20451334  0.21937637  0.19719190  0.65627410  0.65627410  0.66991663  0.66991663  0.65627410  0.64287765  0.64287765  0.64287765  0.65627410  0.64287765  0.64287765  0.68381446  0.31540155  0.31540155  0.41586738  0.40615139  0.33268603  0.33268603  0.29020644  0.29851021  0.31540155  0.29020644  0.50955411  0.48768972  0.48768972  0.48768972  0.48768972  0.47699426  0.35038237  0.56720870  0.57929684  0.46645065  0.45605462  0.45605462  0.45605462  0.45605462  0.43568922  0.41586738  0.41586738  0.42571217  0.42571217  0.41586738  0.42571217  0.56720870  0.55531416  0.56720870  0.55531416  0.39656086  0.46645065  0.31540155  0.31540155  0.34148149  0.32399351  0.42571217  0.33268603  0.32399351  0.29020644  0.31540155  0.30690786  0.24224397  0.27387237  0.27387237  0.28199450  0.29851021  0.25788981  0.38709260  0.37774353  0.36851069  0.41586738  0.40615139  0.38709260  0.36851069  0.35939122  0.36851069  0.35939122  0.40615139  0.36851069  0.36851069  0.44580212  0.39656086  0.56720870  0.34148149  0.35939122  0.38709260  0.41586738  0.37774353  0.41586738  0.37774353  0.39656086  0.38709260  0.33268603  0.33268603  0.32399351  0.35038237  0.32399351  0.33268603  0.39656086  0.38709260  0.46645065  0.50955411  0.48768972  0.47699426  0.60407989  0.55531416  0.60407989  0.54360711  0.57929684  0.59158500  0.55531416  0.49854146  0.54360711  0.49854146  0.52073252  0.49854146  0.50955411  0.49854146  0.41586738  0.50955411  0.46645065  0.40615139  0.43568922  0.48768972  0.46645065  0.45605462  0.44580212  0.45605462  0.50955411  0.45605462  0.48768972  0.52073252  0.53208175  0.55531416  0.55531416  
49_3_0     0.31540155  0.34148149  0.35038237  0.38709260  0.35038237  0.34148149  0.06414449  0.00000000  0.15471714  0.09523918  0.21937637  0.25002569  0.24224397  0.25788981  0.62971858  0.65627410  0.66991663  0.66991663  0.65627410  0.66991663  0.66991663  0.66991663  0.71241555  0.66991663  0.66991663  0.60407989  0.35939122  0.35939122  0.44580212  0.44580212  0.39656086  0.39656086  0.31540155  0.29020644  0.34148149  0.33268603  0.45605462  0.45605462  0.43568922  0.45605462  0.43568922  0.42571217  0.35939122  0.57929684  0.59158500  0.48768972  0.47699426  0.47699426  0.47699426  0.47699426  0.47699426  0.45605462  0.45605462  0.46645065  0.46645065  0.45605462  0.48768972  0.56720870  0.57929684  0.56720870  0.56720870  0.46645065  0.47699426  0.35939122  0.32399351  0.34148149  0.32399351  0.40615139  0.39656086  0.39656086  0.35939122  0.35038237  0.30690786  0.29851021  0.32399351  0.31540155  0.30690786  0.34148149  0.31540155  0.38709260  0.37774353  0.36851069  0.39656086  0.40615139  0.45605462  0.42571217  0.41586738  0.41586738  0.38709260  0.43568922  0.41586738  0.41586738  0.47699426  0.41586738  0.59158500  0.40615139  0.40615139  0.43568922  0.44580212  0.42571217  0.43568922  0.40615139  0.42571217  0.41586738  0.34148149  0.34148149  0.35038237  0.37774353  0.35038237  0.34148149  0.41586738  0.40615139  0.47699426  0.49854146  0.43568922  0.46645065  0.60407989  0.48768972  0.50955411  0.47699426  0.52073252  0.52073252  0.54360711  0.48768972  0.50955411  0.46645065  0.50955411  0.47699426  0.52073252  0.48768972  0.44580212  0.48768972  0.47699426  0.39656086  0.44580212  0.43568922  0.43568922  0.40615139  0.45605462  0.42571217  0.45605462  0.42571217  0.43568922  0.50955411  0.52073252  0.52073252  0.56720870  
36_3_0     0.32399351  0.31540155  0.34148149  0.35939122  0.33268603  0.32399351  0.11454071  0.15471714  0.00000000  0.13435729  0.19719190  0.24224397  0.25788981  0.23454294  0.62971858  0.62971858  0.64287765  0.64287765  0.62971858  0.61678860  0.57929684  0.57929684  0.61678860  0.57929684  0.57929684  0.62971858  0.34148149  0.34148149  0.43568922  0.41586738  0.34148149  0.34148149  0.31540155  0.32399351  0.33268603  0.30690786  0.53208175  0.50955411  0.53208175  0.50955411  0.50955411  0.49854146  0.35939122  0.57929684  0.55531416  0.52073252  0.50955411  0.50955411  0.50955411  0.50955411  0.46645065  0.44580212  0.44580212  0.45605462  0.45605462  0.44580212  0.45605462  0.56720870  0.56720870  0.56720870  0.55531416  0.52073252  0.56720870  0.32399351  0.34148149  0.36851069  0.33268603  0.45605462  0.36851069  0.39656086  0.39656086  0.36851069  0.33268603  0.29851021  0.34148149  0.29851021  0.30690786  0.32399351  0.29851021  0.43568922  0.44580212  0.43568922  0.43568922  0.41586738  0.44580212  0.35939122  0.36851069  0.38709260  0.35939122  0.42571217  0.41586738  0.39656086  0.47699426  0.42571217  0.53208175  0.35939122  0.36851069  0.39656086  0.42571217  0.37774353  0.41586738  0.40615139  0.42571217  0.41586738  0.37774353  0.39656086  0.38709260  0.39656086  0.36851069  0.39656086  0.43568922  0.42571217  0.48768972  0.48768972  0.49854146  0.49854146  0.60407989  0.54360711  0.55531416  0.53208175  0.56720870  0.62971858  0.50955411  0.54360711  0.61678860  0.56720870  0.54360711  0.52073252  0.46645065  0.47699426  0.38709260  0.49854146  0.52073252  0.44580212  0.47699426  0.53208175  0.52073252  0.45605462  0.45605462  0.45605462  0.46645065  0.47699426  0.46645065  0.53208175  0.50955411  0.56720870  0.57929684  
55_3_0     0.29020644  0.29851021  0.29020644  0.35939122  0.29851021  0.29020644  0.05206221  0.09523918  0.13435729  0.00000000  0.14108208  0.16860723  0.20451334  0.16162971  0.71241555  0.74216235  0.75749481  0.75749481  0.74216235  0.69797734  0.66991663  0.66991663  0.65627410  0.66991663  0.66991663  0.66991663  0.31540155  0.31540155  0.39656086  0.37774353  0.33268603  0.32399351  0.30690786  0.31540155  0.29020644  0.26583810  0.45605462  0.43568922  0.43568922  0.43568922  0.43568922  0.42571217  0.31540155  0.53208175  0.53208175  0.45605462  0.44580212  0.44580212  0.46645065  0.46645065  0.44580212  0.41586738  0.41586738  0.43568922  0.43568922  0.42571217  0.46645065  0.53208175  0.50955411  0.52073252  0.50955411  0.40615139  0.45605462  0.30690786  0.35939122  0.32399351  0.32399351  0.40615139  0.35038237  0.33268603  0.27387237  0.30690786  0.29020644  0.23454294  0.28199450  0.23454294  0.25788981  0.28199450  0.23454294  0.38709260  0.39656086  0.38709260  0.40615139  0.39656086  0.42571217  0.35939122  0.36851069  0.34148149  0.31540155  0.35038237  0.34148149  0.32399351  0.43568922  0.35939122  0.54360711  0.31540155  0.33268603  0.34148149  0.40615139  0.35038237  0.38709260  0.37774353  0.39656086  0.38709260  0.29851021  0.29851021  0.32399351  0.34148149  0.30690786  0.29851021  0.39656086  0.38709260  0.46645065  0.49854146  0.46645065  0.47699426  0.56720870  0.53208175  0.54360711  0.52073252  0.50955411  0.55531416  0.55531416  0.50955411  0.53208175  0.49854146  0.50955411  0.46645065  0.49854146  0.49854146  0.41586738  0.48768972  0.46645065  0.41586738  0.44580212  0.52073252  0.46645065  0.48768972  0.42571217  0.44580212  0.47699426  0.43568922  0.47699426  0.46645065  0.52073252  0.50955411  0.54360711  
55_0_0     0.29851021  0.27387237  0.26583810  0.35038237  0.32399351  0.31540155  0.16162971  0.21937637  0.19719190  0.14108208  0.00000000  0.04017335  0.07642659  0.02847181  0.66991663  0.69797734  0.71241555  0.71241555  0.69797734  0.65627410  0.59158500  0.59158500  0.55531416  0.59158500  0.59158500  0.66991663  0.34148149  0.34148149  0.34148149  0.32399351  0.30690786  0.31540155  0.27387237  0.29851021  0.30690786  0.29851021  0.44580212  0.44580212  0.44580212  0.42571217  0.44580212  0.43568922  0.33268603  0.55531416  0.46645065  0.50955411  0.52073252  0.52073252  0.49854146  0.49854146  0.47699426  0.41586738  0.41586738  0.45605462  0.45605462  0.44580212  0.46645065  0.46645065  0.45605462  0.48768972  0.47699426  0.42571217  0.47699426  0.29020644  0.35939122  0.35939122  0.35939122  0.40615139  0.34148149  0.34148149  0.33268603  0.33268603  0.31540155  0.25788981  0.27387237  0.27387237  0.28199450  0.31540155  0.27387237  0.39656086  0.40615139  0.41586738  0.37774353  0.35939122  0.42571217  0.34148149  0.35038237  0.39656086  0.36851069  0.38709260  0.38709260  0.36851069  0.40615139  0.36851069  0.49854146  0.32399351  0.34148149  0.36851069  0.39656086  0.29851021  0.40615139  0.35939122  0.35939122  0.35038237  0.35038237  0.33268603  0.37774353  0.35939122  0.34148149  0.35038237  0.41586738  0.40615139  0.50955411  0.52073252  0.57929684  0.44580212  0.53208175  0.54360711  0.57929684  0.53208175  0.61678860  0.54360711  0.57929684  0.53208175  0.57929684  0.54360711  0.55531416  0.53208175  0.52073252  0.52073252  0.44580212  0.48768972  0.50955411  0.45605462  0.47699426  0.54360711  0.49854146  0.50955411  0.44580212  0.46645065  0.47699426  0.47699426  0.49854146  0.47699426  0.48768972  0.54360711  0.60407989  
36_0_0     0.32399351  0.31540155  0.30690786  0.35038237  0.30690786  0.31540155  0.20451334  0.25002569  0.24224397  0.16860723  0.04017335  0.00000000  0.05807878  0.02268945  0.68381446  0.68381446  0.69797734  0.69797734  0.68381446  0.66991663  0.62971858  0.62971858  0.59158500  0.62971858  0.62971858  0.71241555  0.34148149  0.34148149  0.35939122  0.32399351  0.34148149  0.35038237  0.29020644  0.31540155  0.33268603  0.32399351  0.45605462  0.45605462  0.47699426  0.45605462  0.45605462  0.44580212  0.35939122  0.55531416  0.50955411  0.54360711  0.55531416  0.55531416  0.55531416  0.55531416  0.44580212  0.42571217  0.42571217  0.46645065  0.46645065  0.45605462  0.47699426  0.45605462  0.44580212  0.47699426  0.48768972  0.45605462  0.48768972  0.34148149  0.41586738  0.34148149  0.35939122  0.45605462  0.36851069  0.35939122  0.35038237  0.35038237  0.35038237  0.30690786  0.32399351  0.32399351  0.31540155  0.34148149  0.32399351  0.39656086  0.40615139  0.41586738  0.40615139  0.38709260  0.42571217  0.37774353  0.38709260  0.42571217  0.39656086  0.36851069  0.42571217  0.40615139  0.42571217  0.40615139  0.50955411  0.35939122  0.37774353  0.38709260  0.45605462  0.33268603  0.38709260  0.35038237  0.35038237  0.34148149  0.36851069  0.33268603  0.39656086  0.35939122  0.35939122  0.35038237  0.43568922  0.40615139  0.48768972  0.49854146  0.57929684  0.44580212  0.48768972  0.57929684  0.60407989  0.56720870  0.64287765  0.61678860  0.57929684  0.53208175  0.53208175  0.56720870  0.55531416  0.55531416  0.52073252  0.52073252  0.48768972  0.50955411  0.53208175  0.47699426  0.49854146  0.56720870  0.52073252  0.53208175  0.44580212  0.44580212  0.43568922  0.46645065  0.49854146  0.50955411  0.54360711  0.57929684  0.64287765  
49_0_0     0.33268603  0.32399351  0.31540155  0.38709260  0.34148149  0.36851069  0.21937637  0.24224397  0.25788981  0.20451334  0.07642659  0.05807878  0.00000000  0.07026015  0.69797734  0.64287765  0.65627410  0.65627410  0.64287765  0.68381446  0.64287765  0.64287765  0.60407989  0.64287765  0.64287765  0.74216235  0.37774353  0.37774353  0.39656086  0.36851069  0.36851069  0.37774353  0.32399351  0.33268603  0.35939122  0.35038237  0.48768972  0.50955411  0.48768972  0.48768972  0.48768972  0.47699426  0.36851069  0.54360711  0.52073252  0.60407989  0.61678860  0.61678860  0.59158500  0.59158500  0.50955411  0.47699426  0.47699426  0.52073252  0.52073252  0.50955411  0.52073252  0.44580212  0.43568922  0.44580212  0.47699426  0.47699426  0.48768972  0.34148149  0.43568922  0.36851069  0.38709260  0.45605462  0.35939122  0.39656086  0.36851069  0.37774353  0.35939122  0.34148149  0.35939122  0.32399351  0.31540155  0.35038237  0.34148149  0.43568922  0.44580212  0.45605462  0.44580212  0.42571217  0.44580212  0.42571217  0.43568922  0.45605462  0.42571217  0.37774353  0.45605462  0.43568922  0.46645065  0.43568922  0.52073252  0.40615139  0.40615139  0.41586738  0.44580212  0.35038237  0.40615139  0.37774353  0.37774353  0.36851069  0.36851069  0.37774353  0.40615139  0.39656086  0.39656086  0.35038237  0.46645065  0.44580212  0.46645065  0.47699426  0.55531416  0.43568922  0.48768972  0.57929684  0.57929684  0.56720870  0.60407989  0.60407989  0.55531416  0.50955411  0.50955411  0.54360711  0.60407989  0.53208175  0.52073252  0.52073252  0.50955411  0.53208175  0.55531416  0.52073252  0.54360711  0.59158500  0.56720870  0.49854146  0.49854146  0.47699426  0.46645065  0.48768972  0.50955411  0.52073252  0.50955411  0.54360711  0.61678860  
22_0_0     0.32399351  0.31540155  0.30690786  0.35939122  0.31540155  0.32399351  0.19719190  0.25788981  0.23454294  0.16162971  0.02847181  0.02268945  0.07026015  0.00000000  0.68381446  0.71241555  0.72714003  0.72714003  0.71241555  0.66991663  0.62971858  0.62971858  0.59158500  0.62971858  0.62971858  0.71241555  0.35939122  0.35939122  0.35939122  0.32399351  0.32399351  0.33268603  0.29020644  0.31540155  0.32399351  0.31540155  0.45605462  0.45605462  0.45605462  0.43568922  0.45605462  0.44580212  0.35038237  0.55531416  0.50955411  0.52073252  0.53208175  0.53208175  0.53208175  0.53208175  0.46645065  0.40615139  0.40615139  0.44580212  0.44580212  0.43568922  0.45605462  0.46645065  0.45605462  0.48768972  0.47699426  0.42571217  0.47699426  0.32399351  0.39656086  0.34148149  0.34148149  0.43568922  0.35038237  0.34148149  0.33268603  0.33268603  0.33268603  0.29020644  0.30690786  0.30690786  0.29851021  0.32399351  0.30690786  0.39656086  0.40615139  0.41586738  0.39656086  0.37774353  0.42571217  0.35939122  0.36851069  0.40615139  0.37774353  0.38709260  0.40615139  0.38709260  0.40615139  0.38709260  0.49854146  0.34148149  0.35939122  0.36851069  0.43568922  0.31540155  0.39656086  0.35038237  0.35038237  0.34148149  0.36851069  0.35038237  0.39656086  0.35939122  0.35939122  0.35038237  0.43568922  0.40615139  0.50955411  0.52073252  0.60407989  0.46645065  0.50955411  0.56720870  0.59158500  0.55531416  0.61678860  0.59158500  0.60407989  0.55531416  0.55531416  0.56720870  0.55531416  0.55531416  0.54360711  0.54360711  0.48768972  0.50955411  0.53208175  0.47699426  0.47699426  0.56720870  0.52073252  0.55531416  0.46645065  0.46645065  0.45605462  0.47699426  0.52073252  0.49854146  0.53208175  0.56720870  0.62971858  
18_2_0     0.60407989  0.60407989  0.60407989  0.64287765  0.60407989  0.61678860  0.65627410  0.62971858  0.62971858  0.71241555  0.66991663  0.68381446  0.69797734  0.68381446  0.00000000  0.04609399  0.05807878  0.05807878  0.04609399  0.04017335  0.10161745  0.10161745  0.12108766  0.10161745  0.10161745  0.10805097  0.64287765  0.62971858  0.62971858  0.65627410  0.60407989  0.61678860  0.64287765  0.61678860  0.71241555  0.69797734  0.69797734  0.71241555  0.66991663  0.65627410  0.65627410  0.66991663  0.66991663  0.78914330  0.89308684  0.69797734  0.69797734  0.69797734  0.68381446  0.68381446  0.74216235  0.72714003  0.72714003  0.72714003  0.72714003  0.71241555  0.71241555  0.75749481  0.74216235  0.75749481  0.72714003  0.68381446  0.71241555  0.60407989  0.59158500  0.56720870  0.55531416  0.64287765  0.59158500  0.59158500  0.60407989  0.54360711  0.55531416  0.55531416  0.56720870  0.54360711  0.55531416  0.56720870  0.55531416  0.74216235  0.74216235  0.74216235  0.61678860  0.64287765  0.69797734  0.66991663  0.65627410  0.60407989  0.60407989  0.61678860  0.59158500  0.59158500  0.64287765  0.57929684  0.75749481  0.57929684  0.54360711  0.55531416  0.57929684  0.59158500  0.57929684  0.60407989  0.60407989  0.59158500  0.60407989  0.60407989  0.55531416  0.59158500  0.56720870  0.65627410  0.59158500  0.59158500  0.71241555  0.74216235  0.69797734  0.72714003  0.78914330  0.65627410  0.68381446  0.64287765  0.93123989  0.85679838  0.75749481  0.71241555  0.69797734  0.69797734  0.75749481  0.69797734  0.71241555  0.72714003  0.64287765  0.75749481  0.62971858  0.60407989  0.64287765  0.68381446  0.72714003  0.77315049  0.75749481  0.74216235  0.72714003  0.72714003  0.71241555  0.72714003  0.72714003  0.72714003  0.75749481  
75_2_0     0.65627410  0.65627410  0.65627410  0.66991663  0.62971858  0.66991663  0.65627410  0.65627410  0.62971858  0.74216235  0.69797734  0.68381446  0.64287765  0.71241555  0.04609399  0.00000000  0.01125808  0.01125808  0.00000000  0.02847181  0.11454071  0.11454071  0.13435729  0.11454071  0.11454071  0.14786832  0.64287765  0.62971858  0.62971858  0.65627410  0.61678860  0.62971858  0.66991663  0.64287765  0.74216235  0.72714003  0.72714003  0.74216235  0.69797734  0.71241555  0.68381446  0.69797734  0.72714003  0.80548810  0.91191839  0.75749481  0.75749481  0.75749481  0.74216235  0.74216235  0.74216235  0.75749481  0.75749481  0.75749481  0.75749481  0.74216235  0.75749481  0.77315049  0.75749481  0.74216235  0.77315049  0.72714003  0.72714003  0.60407989  0.64287765  0.57929684  0.56720870  0.68381446  0.61678860  0.61678860  0.65627410  0.55531416  0.56720870  0.60407989  0.64287765  0.56720870  0.60407989  0.59158500  0.57929684  0.69797734  0.69797734  0.69797734  0.61678860  0.64287765  0.69797734  0.68381446  0.66991663  0.64287765  0.64287765  0.62971858  0.62971858  0.62971858  0.66991663  0.62971858  0.77315049  0.59158500  0.57929684  0.59158500  0.59158500  0.57929684  0.60407989  0.61678860  0.61678860  0.60407989  0.61678860  0.61678860  0.55531416  0.62971858  0.60407989  0.66991663  0.61678860  0.62971858  0.68381446  0.69797734  0.66991663  0.68381446  0.77315049  0.71241555  0.74216235  0.69797734  0.95107751  0.93123989  0.71241555  0.69797734  0.68381446  0.74216235  0.80548810  0.71241555  0.69797734  0.71241555  0.65627410  0.75749481  0.65627410  0.62971858  0.66991663  0.69797734  0.75749481  0.74216235  0.78914330  0.74216235  0.75749481  0.72714003  0.72714003  0.74216235  0.71241555  0.74216235  0.74216235  
71_2_0     0.66991663  0.66991663  0.66991663  0.68381446  0.64287765  0.68381446  0.66991663  0.66991663  0.64287765  0.75749481  0.71241555  0.69797734  0.65627410  0.72714003  0.05807878  0.01125808  0.00000000  0.00000000  0.01125808  0.04017335  0.12769284  0.12769284  0.14786832  0.12769284  0.12769284  0.15471714  0.66991663  0.65627410  0.65627410  0.68381446  0.64287765  0.65627410  0.69797734  0.66991663  0.77315049  0.75749481  0.74216235  0.75749481  0.71241555  0.72714003  0.69797734  0.71241555  0.75749481  0.82220072  0.93123989  0.75749481  0.75749481  0.75749481  0.74216235  0.74216235  0.74216235  0.75749481  0.75749481  0.75749481  0.75749481  0.74216235  0.75749481  0.78914330  0.75749481  0.74216235  0.77315049  0.72714003  0.72714003  0.62971858  0.66991663  0.60407989  0.59158500  0.71241555  0.64287765  0.64287765  0.68381446  0.57929684  0.59158500  0.62971858  0.66991663  0.59158500  0.62971858  0.61678860  0.60407989  0.72714003  0.72714003  0.72714003  0.64287765  0.66991663  0.72714003  0.71241555  0.69797734  0.66991663  0.66991663  0.65627410  0.65627410  0.65627410  0.69797734  0.65627410  0.80548810  0.61678860  0.60407989  0.61678860  0.61678860  0.60407989  0.62971858  0.64287765  0.64287765  0.62971858  0.64287765  0.64287765  0.57929684  0.64287765  0.62971858  0.69797734  0.64287765  0.65627410  0.68381446  0.69797734  0.66991663  0.68381446  0.77315049  0.71241555  0.74216235  0.69797734  0.95107751  0.95107751  0.74216235  0.72714003  0.71241555  0.77315049  0.83929810  0.74216235  0.72714003  0.74216235  0.68381446  0.78914330  0.68381446  0.65627410  0.69797734  0.72714003  0.77315049  0.77315049  0.82220072  0.77315049  0.78914330  0.75749481  0.75749481  0.77315049  0.74216235  0.77315049  0.77315049  
15_2_0     0.66991663  0.66991663  0.66991663  0.68381446  0.64287765  0.68381446  0.66991663  0.66991663  0.64287765  0.75749481  0.71241555  0.69797734  0.65627410  0.72714003  0.05807878  0.01125808  0.00000000  0.00000000  0.01125808  0.04017335  0.12769284  0.12769284  0.14786832  0.12769284  0.12769284  0.15471714  0.66991663  0.65627410  0.65627410  0.68381446  0.64287765  0.65627410  0.69797734  0.66991663  0.77315049  0.75749481  0.74216235  0.75749481  0.71241555  0.72714003  0.69797734  0.71241555  0.75749481  0.82220072  0.93123989  0.75749481  0.75749481  0.75749481  0.74216235  0.74216235  0.74216235  0.75749481  0.75749481  0.75749481  0.75749481  0.74216235  0.75749481  0.78914330  0.75749481  0.74216235  0.77315049  0.72714003  0.72714003  0.62971858  0.66991663  0.60407989  0.59158500  0.71241555  0.64287765  0.64287765  0.68381446  0.57929684  0.59158500  0.62971858  0.66991663  0.59158500  0.62971858  0.61678860  0.60407989  0.72714003  0.72714003  0.72714003  0.64287765  0.66991663  0.72714003  0.71241555  0.69797734  0.66991663  0.66991663  0.65627410  0.65627410  0.65627410  0.69797734  0.65627410  0.80548810  0.61678860  0.60407989  0.61678860  0.61678860  0.60407989  0.62971858  0.64287765  0.64287765  0.62971858  0.64287765  0.64287765  0.57929684  0.64287765  0.62971858  0.69797734  0.64287765  0.65627410  0.68381446  0.69797734  0.66991663  0.68381446  0.77315049  0.71241555  0.74216235  0.69797734  0.95107751  0.95107751  0.74216235  0.72714003  0.71241555  0.77315049  0.83929810  0.74216235  0.72714003  0.74216235  0.68381446  0.78914330  0.68381446  0.65627410  0.69797734  0.72714003  0.77315049  0.77315049  0.82220072  0.77315049  0.78914330  0.75749481  0.75749481  0.77315049  0.74216235  0.77315049  0.77315049  
35_2_0     0.65627410  0.65627410  0.65627410  0.66991663  0.62971858  0.66991663  0.65627410  0.65627410  0.62971858  0.74216235  0.69797734  0.68381446  0.64287765  0.71241555  0.04609399  0.00000000  0.01125808  0.01125808  0.00000000  0.02847181  0.11454071  0.11454071  0.13435729  0.11454071  0.11454071  0.14786832  0.64287765  0.62971858  0.62971858  0.65627410  0.61678860  0.62971858  0.66991663  0.64287765  0.74216235  0.72714003  0.72714003  0.74216235  0.69797734  0.71241555  0.68381446  0.69797734  0.72714003  0.80548810  0.91191839  0.75749481  0.75749481  0.75749481  0.74216235  0.74216235  0.74216235  0.75749481  0.75749481  0.75749481  0.75749481  0.74216235  0.75749481  0.77315049  0.75749481  0.74216235  0.77315049  0.72714003  0.72714003  0.60407989  0.64287765  0.57929684  0.56720870  0.68381446  0.61678860  0.61678860  0.65627410  0.55531416  0.56720870  0.60407989  0.64287765  0.56720870  0.60407989  0.59158500  0.57929684  0.69797734  0.69797734  0.69797734  0.61678860  0.64287765  0.69797734  0.68381446  0.66991663  0.64287765  0.64287765  0.62971858  0.62971858  0.62971858  0.66991663  0.62971858  0.77315049  0.59158500  0.57929684  0.59158500  0.59158500  0.57929684  0.60407989  0.61678860  0.61678860  0.60407989  0.61678860  0.61678860  0.55531416  0.62971858  0.60407989  0.66991663  0.61678860  0.62971858  0.68381446  0.69797734  0.66991663  0.68381446  0.77315049  0.71241555  0.74216235  0.69797734  0.95107751  0.93123989  0.71241555  0.69797734  0.68381446  0.74216235  0.80548810  0.71241555  0.69797734  0.71241555  0.65627410  0.75749481  0.65627410  0.62971858  0.66991663  0.69797734  0.75749481  0.74216235  0.78914330  0.74216235  0.75749481  0.72714003  0.72714003  0.74216235  0.71241555  0.74216235  0.74216235  
4_2_0      0.66991663  0.66991663  0.66991663  0.65627410  0.61678860  0.65627410  0.64287765  0.66991663  0.61678860  0.69797734  0.65627410  0.66991663  0.68381446  0.66991663  0.04017335  0.02847181  0.04017335  0.04017335  0.02847181  0.00000000  0.09523918  0.09523918  0.11454071  0.09523918  0.09523918  0.14108208  0.62971858  0.61678860  0.61678860  0.61678860  0.56720870  0.57929684  0.65627410  0.65627410  0.72714003  0.71241555  0.74216235  0.72714003  0.68381446  0.66991663  0.69797734  0.71241555  0.74216235  0.77315049  0.87472099  0.74216235  0.74216235  0.74216235  0.72714003  0.72714003  0.72714003  0.77315049  0.77315049  0.77315049  0.77315049  0.75749481  0.77315049  0.74216235  0.72714003  0.71241555  0.71241555  0.68381446  0.74216235  0.59158500  0.62971858  0.56720870  0.55531416  0.68381446  0.61678860  0.61678860  0.65627410  0.52073252  0.55531416  0.56720870  0.60407989  0.53208175  0.56720870  0.57929684  0.54360711  0.71241555  0.71241555  0.71241555  0.61678860  0.64287765  0.69797734  0.64287765  0.62971858  0.62971858  0.62971858  0.64287765  0.61678860  0.61678860  0.65627410  0.61678860  0.75749481  0.57929684  0.56720870  0.57929684  0.57929684  0.59158500  0.60407989  0.61678860  0.61678860  0.60407989  0.59158500  0.61678860  0.54360711  0.60407989  0.57929684  0.64287765  0.61678860  0.62971858  0.72714003  0.72714003  0.74216235  0.71241555  0.80548810  0.71241555  0.74216235  0.69797734  0.95107751  0.91191839  0.74216235  0.69797734  0.71241555  0.71241555  0.74216235  0.69797734  0.69797734  0.71241555  0.62971858  0.71241555  0.66991663  0.61678860  0.65627410  0.71241555  0.74216235  0.78914330  0.77315049  0.75749481  0.77315049  0.74216235  0.74216235  0.75749481  0.75749481  0.75749481  0.75749481  
4_0_0      0.64287765  0.64287765  0.69797734  0.66991663  0.61678860  0.62971858  0.64287765  0.66991663  0.57929684  0.66991663  0.59158500  0.62971858  0.64287765  0.62971858  0.10161745  0.11454071  0.12769284  0.12769284  0.11454071  0.09523918  0.00000000  0.00000000  0.01695178  0.00000000  0.00000000  0.08891522  0.64287765  0.62971858  0.64287765  0.62971858  0.56720870  0.57929684  0.62971858  0.66991663  0.61678860  0.61678860  0.71241555  0.69797734  0.65627410  0.64287765  0.66991663  0.68381446  0.65627410  0.74216235  0.78914330  0.75749481  0.75749481  0.75749481  0.74216235  0.74216235  0.77315049  0.78914330  0.78914330  0.78914330  0.78914330  0.77315049  0.77315049  0.75749481  0.72714003  0.75749481  0.75749481  0.71241555  0.80548810  0.55531416  0.60407989  0.61678860  0.60407989  0.65627410  0.55531416  0.60407989  0.64287765  0.57929684  0.56720870  0.55531416  0.55531416  0.49854146  0.50955411  0.56720870  0.54360711  0.71241555  0.71241555  0.71241555  0.62971858  0.61678860  0.69797734  0.61678860  0.60407989  0.60407989  0.60407989  0.56720870  0.60407989  0.60407989  0.61678860  0.64287765  0.82220072  0.54360711  0.55531416  0.59158500  0.64287765  0.55531416  0.61678860  0.62971858  0.62971858  0.61678860  0.56720870  0.61678860  0.56720870  0.60407989  0.57929684  0.61678860  0.61678860  0.62971858  0.78914330  0.72714003  0.82220072  0.71241555  0.77315049  0.71241555  0.72714003  0.69797734  0.85679838  0.91191839  0.71241555  0.69797734  0.74216235  0.75749481  0.75749481  0.74216235  0.68381446  0.71241555  0.61678860  0.71241555  0.61678860  0.59158500  0.61678860  0.66991663  0.68381446  0.78914330  0.71241555  0.75749481  0.74216235  0.77315049  0.75749481  0.71241555  0.71241555  0.74216235  0.75749481  
15_0_0     0.64287765  0.64287765  0.69797734  0.66991663  0.61678860  0.62971858  0.64287765  0.66991663  0.57929684  0.66991663  0.59158500  0.62971858  0.64287765  0.62971858  0.10161745  0.11454071  0.12769284  0.12769284  0.11454071  0.09523918  0.00000000  0.00000000  0.01695178  0.00000000  0.00000000  0.08891522  0.64287765  0.62971858  0.64287765  0.62971858  0.56720870  0.57929684  0.62971858  0.66991663  0.61678860  0.61678860  0.71241555  0.69797734  0.65627410  0.64287765  0.66991663  0.68381446  0.65627410  0.74216235  0.78914330  0.75749481  0.75749481  0.75749481  0.74216235  0.74216235  0.77315049  0.78914330  0.78914330  0.78914330  0.78914330  0.77315049  0.77315049  0.75749481  0.72714003  0.75749481  0.75749481  0.71241555  0.80548810  0.55531416  0.60407989  0.61678860  0.60407989  0.65627410  0.55531416  0.60407989  0.64287765  0.57929684  0.56720870  0.55531416  0.55531416  0.49854146  0.50955411  0.56720870  0.54360711  0.71241555  0.71241555  0.71241555  0.62971858  0.61678860  0.69797734  0.61678860  0.60407989  0.60407989  0.60407989  0.56720870  0.60407989  0.60407989  0.61678860  0.64287765  0.82220072  0.54360711  0.55531416  0.59158500  0.64287765  0.55531416  0.61678860  0.62971858  0.62971858  0.61678860  0.56720870  0.61678860  0.56720870  0.60407989  0.57929684  0.61678860  0.61678860  0.62971858  0.78914330  0.72714003  0.82220072  0.71241555  0.77315049  0.71241555  0.72714003  0.69797734  0.85679838  0.91191839  0.71241555  0.69797734  0.74216235  0.75749481  0.75749481  0.74216235  0.68381446  0.71241555  0.61678860  0.71241555  0.61678860  0.59158500  0.61678860  0.66991663  0.68381446  0.78914330  0.71241555  0.75749481  0.74216235  0.77315049  0.75749481  0.71241555  0.71241555  0.74216235  0.75749481  
