178
8_0_0      0.00000000  0.21152312  0.22802174  0.22802174  0.22802174  0.24489551  0.18744318  0.19538333  0.20340935  0.19538333  0.24489551  0.21972658  0.22802174  0.29794872  0.30717172  0.31651080  0.31651080  0.27983961  0.27094812  0.28883893  0.27094812  0.27983961  0.30717172  0.30717172  0.29794872  0.23641067  0.26216190  0.27094812  0.24489551  0.27094812  0.26216190  0.27094812  0.24489551  0.24489551  0.24489551  0.27094812  0.27094812  0.27094812  0.27094812  0.27094812  0.22802174  0.23641067  0.27983961  0.27094812  0.27094812  0.27094812  0.26216190  0.25347849  0.25347849  0.27983961  0.42783769  0.35508871  0.33554910  0.35508871  0.35508871  0.29794872  0.30717172  0.34525460  0.38539799  0.36505489  0.35508871  0.34525460  0.33554910  0.29794872  0.31651080  0.33554910  0.35508871  0.33554910  0.33554910  0.30717172  0.33554910  0.30717172  0.30717172  0.34525460  0.34525460  0.33554910  0.36505489  0.35508871  0.35508871  0.36505489  0.36505489  0.35508871  0.25347849  0.27094812  0.29794872  0.26216190  0.30717172  0.31651080  0.27983961  0.27983961  0.31651080  0.33554910  0.29794872  0.32596890  0.31651080  0.29794872  0.30717172  0.29794872  0.35508871  0.32596890  0.33554910  0.33554910  0.33554910  0.29794872  0.29794872  0.33554910  0.33554910  0.27094812  0.27094812  0.28883893  0.27094812  0.28883893  0.27983961  0.29794872  0.28883893  0.27983961  0.27094812  0.27983961  0.24489551  0.34525460  0.34525460  0.38539799  0.38539799  0.36505489  0.27094812  0.27983961  0.27094812  0.27094812  0.24489551  0.27094812  0.26216190  0.27983961  0.24489551  0.24489551  0.26216190  0.24489551  0.23641067  0.26216190  0.21972658  0.27094812  0.26216190  0.28883893  0.27983961  0.27983961  0.29794872  0.31651080  0.34525460  0.38539799  0.38539799  0.38539799  0.35508871  0.36505489  0.36505489  0.26216190  0.27094812  0.27094812  0.29794872  0.29794872  0.29794872  0.27983961  0.28883893  0.28883893  0.28883893  0.35508871  0.36505489  0.30717172  0.36505489  0.32596890  0.34525460  0.33554910  0.31651080  0.29794872  0.27983961  0.28883893  0.31651080  0.28883893  0.31651080  0.33554910  
49_6_0     0.21152312  0.00000000  0.12680676  0.13412085  0.13412085  0.13412085  0.17181331  0.17958710  0.17181331  0.18744318  0.12680676  0.13412085  0.15650584  0.25347849  0.27983961  0.27094812  0.28883893  0.25347849  0.24489551  0.26216190  0.23641067  0.25347849  0.31651080  0.31651080  0.30717172  0.27094812  0.27094812  0.27094812  0.27983961  0.27094812  0.26216190  0.25347849  0.25347849  0.25347849  0.26216190  0.23641067  0.23641067  0.23641067  0.21972658  0.25347849  0.26216190  0.21972658  0.27094812  0.27983961  0.27983961  0.27983961  0.27094812  0.26216190  0.26216190  0.24489551  0.34525460  0.29794872  0.26216190  0.26216190  0.33554910  0.31651080  0.30717172  0.27983961  0.31651080  0.33554910  0.32596890  0.30717172  0.29794872  0.26216190  0.28883893  0.27983961  0.28883893  0.27983961  0.27983961  0.28883893  0.27983961  0.32596890  0.32596890  0.27983961  0.29794872  0.28883893  0.28883893  0.27983961  0.27983961  0.32596890  0.32596890  0.31651080  0.25347849  0.28883893  0.26216190  0.25347849  0.24489551  0.27094812  0.24489551  0.24489551  0.28883893  0.26216190  0.27983961  0.30717172  0.33554910  0.28883893  0.28883893  0.30717172  0.28883893  0.26216190  0.27094812  0.27094812  0.27094812  0.30717172  0.30717172  0.30717172  0.30717172  0.31651080  0.29794872  0.27094812  0.25347849  0.25347849  0.26216190  0.26216190  0.23641067  0.24489551  0.26216190  0.27983961  0.21152312  0.34525460  0.32596890  0.35508871  0.35508871  0.34525460  0.27983961  0.28883893  0.25347849  0.25347849  0.27983961  0.27094812  0.26216190  0.29794872  0.28883893  0.30717172  0.27094812  0.27094812  0.27983961  0.27094812  0.23641067  0.26216190  0.28883893  0.27094812  0.29794872  0.30717172  0.31651080  0.29794872  0.30717172  0.28883893  0.28883893  0.28883893  0.27983961  0.26216190  0.28883893  0.27094812  0.29794872  0.27983961  0.29794872  0.29794872  0.31651080  0.27094812  0.27094812  0.30717172  0.26216190  0.31651080  0.30717172  0.27983961  0.27983961  0.25347849  0.28883893  0.29794872  0.29794872  0.28883893  0.26216190  0.27983961  0.29794872  0.28883893  0.29794872  0.27983961  
44_9_0     0.22802174  0.12680676  0.00000000  0.03132684  0.04423748  0.07075277  0.18744318  0.19538333  0.21972658  0.19538333  0.18744318  0.17958710  0.18744318  0.26216190  0.22802174  0.23641067  0.23641067  0.27983961  0.27094812  0.28883893  0.24489551  0.24489551  0.25347849  0.25347849  0.26216190  0.28883893  0.28883893  0.28883893  0.26216190  0.23641067  0.26216190  0.25347849  0.25347849  0.23641067  0.24489551  0.24489551  0.24489551  0.22802174  0.26216190  0.25347849  0.24489551  0.25347849  0.26216190  0.27094812  0.27094812  0.27094812  0.24489551  0.25347849  0.23641067  0.23641067  0.33554910  0.34525460  0.32596890  0.28883893  0.30717172  0.28883893  0.31651080  0.28883893  0.32596890  0.30717172  0.29794872  0.28883893  0.27983961  0.23641067  0.26216190  0.25347849  0.27094812  0.25347849  0.25347849  0.24489551  0.25347849  0.29794872  0.29794872  0.27094812  0.26216190  0.26216190  0.31651080  0.32596890  0.32596890  0.28883893  0.28883893  0.27983961  0.24489551  0.24489551  0.27094812  0.22802174  0.27094812  0.26216190  0.25347849  0.25347849  0.30717172  0.34525460  0.30717172  0.33554910  0.28883893  0.31651080  0.31651080  0.28883893  0.36505489  0.29794872  0.30717172  0.23641067  0.23641067  0.27094812  0.27094812  0.27094812  0.27094812  0.32596890  0.30717172  0.27094812  0.27094812  0.25347849  0.26216190  0.26216190  0.28883893  0.27983961  0.24489551  0.27983961  0.22802174  0.36505489  0.37515674  0.35508871  0.35508871  0.36505489  0.27983961  0.27094812  0.25347849  0.23641067  0.26216190  0.27094812  0.26216190  0.24489551  0.28883893  0.27983961  0.28883893  0.27094812  0.27983961  0.27094812  0.27094812  0.28883893  0.27094812  0.28883893  0.27983961  0.27983961  0.29794872  0.33554910  0.34525460  0.33554910  0.33554910  0.35508871  0.34525460  0.34525460  0.33554910  0.29794872  0.28883893  0.30717172  0.31651080  0.31651080  0.30717172  0.30717172  0.29794872  0.29794872  0.31651080  0.28883893  0.27983961  0.26216190  0.26216190  0.27094812  0.27983961  0.27094812  0.35508871  0.28883893  0.26216190  0.27983961  0.29794872  0.30717172  0.29794872  0.27983961  
51_9_0     0.22802174  0.13412085  0.03132684  0.00000000  0.01237251  0.03775409  0.17181331  0.17958710  0.20340935  0.17958710  0.15650584  0.16412010  0.15650584  0.27983961  0.22802174  0.23641067  0.21972658  0.26216190  0.25347849  0.25347849  0.21152312  0.22802174  0.21972658  0.21972658  0.22802174  0.29794872  0.29794872  0.29794872  0.25347849  0.22802174  0.25347849  0.24489551  0.25347849  0.23641067  0.24489551  0.24489551  0.24489551  0.22802174  0.24489551  0.23641067  0.22802174  0.21972658  0.24489551  0.25347849  0.25347849  0.25347849  0.22802174  0.21972658  0.20340935  0.20340935  0.33554910  0.32596890  0.30717172  0.27094812  0.27094812  0.27094812  0.27983961  0.27094812  0.29794872  0.28883893  0.27983961  0.27094812  0.26216190  0.23641067  0.26216190  0.23641067  0.25347849  0.23641067  0.23641067  0.22802174  0.23641067  0.28883893  0.28883893  0.23641067  0.25347849  0.24489551  0.29794872  0.30717172  0.30717172  0.25347849  0.25347849  0.26216190  0.22802174  0.21152312  0.23641067  0.21152312  0.25347849  0.24489551  0.25347849  0.25347849  0.27983961  0.32596890  0.29794872  0.32596890  0.26216190  0.30717172  0.30717172  0.26216190  0.37515674  0.28883893  0.29794872  0.22802174  0.22802174  0.25347849  0.25347849  0.27094812  0.27094812  0.28883893  0.27094812  0.26216190  0.26216190  0.24489551  0.25347849  0.22802174  0.25347849  0.25347849  0.21152312  0.24489551  0.22802174  0.35508871  0.36505489  0.33554910  0.33554910  0.36505489  0.27094812  0.26216190  0.24489551  0.22802174  0.24489551  0.23641067  0.24489551  0.22802174  0.28883893  0.27983961  0.27983961  0.26216190  0.27094812  0.24489551  0.26216190  0.27983961  0.26216190  0.26216190  0.25347849  0.27094812  0.30717172  0.32596890  0.35508871  0.32596890  0.32596890  0.34525460  0.33554910  0.33554910  0.32596890  0.27983961  0.28883893  0.28883893  0.27983961  0.27983961  0.27094812  0.27094812  0.26216190  0.27983961  0.29794872  0.27094812  0.26216190  0.24489551  0.24489551  0.25347849  0.26216190  0.25347849  0.31651080  0.28883893  0.27983961  0.27983961  0.27983961  0.28883893  0.27983961  0.26216190  
51_6_0     0.22802174  0.13412085  0.04423748  0.01237251  0.00000000  0.02495479  0.17181331  0.17958710  0.18744318  0.17958710  0.15650584  0.16412010  0.15650584  0.27983961  0.22802174  0.23641067  0.21972658  0.24489551  0.23641067  0.23641067  0.19538333  0.22802174  0.21972658  0.21972658  0.21152312  0.27983961  0.27983961  0.27983961  0.25347849  0.22802174  0.25347849  0.24489551  0.23641067  0.21972658  0.22802174  0.22802174  0.22802174  0.21152312  0.22802174  0.21972658  0.21152312  0.20340935  0.22802174  0.23641067  0.23641067  0.23641067  0.21152312  0.20340935  0.18744318  0.18744318  0.31651080  0.30717172  0.28883893  0.25347849  0.25347849  0.25347849  0.26216190  0.25347849  0.27983961  0.28883893  0.27983961  0.27094812  0.26216190  0.21972658  0.24489551  0.21972658  0.23641067  0.21972658  0.21972658  0.21152312  0.21972658  0.27094812  0.27094812  0.21972658  0.23641067  0.22802174  0.27983961  0.28883893  0.28883893  0.23641067  0.23641067  0.24489551  0.21152312  0.19538333  0.21972658  0.21152312  0.23641067  0.22802174  0.23641067  0.23641067  0.26216190  0.30717172  0.27983961  0.30717172  0.24489551  0.28883893  0.28883893  0.24489551  0.35508871  0.27094812  0.27983961  0.22802174  0.22802174  0.25347849  0.25347849  0.27094812  0.27094812  0.27094812  0.25347849  0.24489551  0.24489551  0.22802174  0.23641067  0.21152312  0.23641067  0.23641067  0.19538333  0.22802174  0.21152312  0.33554910  0.34525460  0.31651080  0.31651080  0.34525460  0.25347849  0.24489551  0.22802174  0.21152312  0.22802174  0.21972658  0.22802174  0.21152312  0.27094812  0.26216190  0.26216190  0.24489551  0.25347849  0.22802174  0.24489551  0.26216190  0.26216190  0.24489551  0.25347849  0.27094812  0.30717172  0.30717172  0.33554910  0.32596890  0.32596890  0.32596890  0.31651080  0.31651080  0.32596890  0.26216190  0.27094812  0.27094812  0.26216190  0.26216190  0.27094812  0.25347849  0.24489551  0.26216190  0.29794872  0.27094812  0.26216190  0.24489551  0.24489551  0.23641067  0.26216190  0.25347849  0.31651080  0.27094812  0.26216190  0.26216190  0.27983961  0.27094812  0.27983961  0.26216190  
44_6_0     0.24489551  0.13412085  0.07075277  0.03775409  0.02495479  0.00000000  0.18744318  0.19538333  0.19538333  0.21152312  0.17181331  0.17958710  0.16412010  0.28883893  0.23641067  0.24489551  0.22802174  0.26216190  0.25347849  0.25347849  0.21152312  0.24489551  0.22802174  0.22802174  0.21972658  0.29794872  0.29794872  0.29794872  0.28883893  0.26216190  0.28883893  0.26216190  0.27094812  0.25347849  0.26216190  0.24489551  0.24489551  0.24489551  0.24489551  0.23641067  0.22802174  0.20340935  0.25347849  0.26216190  0.26216190  0.26216190  0.24489551  0.21972658  0.20340935  0.20340935  0.34525460  0.30717172  0.29794872  0.25347849  0.28883893  0.27094812  0.27983961  0.27094812  0.29794872  0.30717172  0.29794872  0.28883893  0.27983961  0.23641067  0.27983961  0.25347849  0.26216190  0.25347849  0.25347849  0.24489551  0.25347849  0.30717172  0.30717172  0.25347849  0.27094812  0.26216190  0.31651080  0.30717172  0.30717172  0.26216190  0.26216190  0.27094812  0.22802174  0.21152312  0.21972658  0.22802174  0.21972658  0.24489551  0.25347849  0.25347849  0.25347849  0.30717172  0.27983961  0.30717172  0.26216190  0.29794872  0.27983961  0.26216190  0.33554910  0.28883893  0.31651080  0.25347849  0.25347849  0.26216190  0.26216190  0.29794872  0.29794872  0.29794872  0.27983961  0.27094812  0.26216190  0.26216190  0.27094812  0.21972658  0.23641067  0.23641067  0.21152312  0.20340935  0.22802174  0.34525460  0.33554910  0.32596890  0.32596890  0.35508871  0.24489551  0.23641067  0.21972658  0.21972658  0.20340935  0.19538333  0.20340935  0.21972658  0.24489551  0.26216190  0.29794872  0.27983961  0.28883893  0.26216190  0.26216190  0.28883893  0.29794872  0.26216190  0.27094812  0.30717172  0.34525460  0.29794872  0.30717172  0.31651080  0.31651080  0.31651080  0.30717172  0.28883893  0.31651080  0.26216190  0.28883893  0.26216190  0.26216190  0.26216190  0.30717172  0.27983961  0.25347849  0.28883893  0.27983961  0.26216190  0.25347849  0.26216190  0.24489551  0.23641067  0.25347849  0.24489551  0.28883893  0.26216190  0.23641067  0.23641067  0.25347849  0.25347849  0.25347849  0.23641067  
44_0_0     0.18744318  0.17181331  0.18744318  0.17181331  0.17181331  0.18744318  0.00000000  0.00616047  0.02495479  0.16412010  0.12680676  0.11956406  0.14150774  0.27983961  0.27094812  0.27983961  0.27983961  0.20340935  0.19538333  0.21152312  0.21972658  0.20340935  0.27094812  0.27094812  0.27983961  0.21972658  0.24489551  0.21972658  0.21152312  0.20340935  0.21152312  0.20340935  0.21972658  0.21972658  0.22802174  0.21972658  0.21972658  0.21972658  0.20340935  0.21152312  0.18744318  0.20340935  0.24489551  0.23641067  0.23641067  0.23641067  0.21152312  0.19538333  0.21152312  0.21972658  0.33554910  0.25347849  0.30717172  0.28883893  0.28883893  0.29794872  0.28883893  0.21972658  0.27094812  0.29794872  0.28883893  0.27983961  0.28883893  0.27094812  0.26216190  0.25347849  0.26216190  0.25347849  0.25347849  0.26216190  0.25347849  0.26216190  0.26216190  0.27094812  0.28883893  0.27983961  0.29794872  0.30717172  0.30717172  0.32596890  0.32596890  0.31651080  0.25347849  0.27094812  0.27983961  0.23641067  0.26216190  0.27094812  0.27983961  0.27983961  0.27983961  0.27983961  0.30717172  0.31651080  0.28883893  0.28883893  0.29794872  0.27983961  0.29794872  0.27094812  0.26216190  0.24489551  0.24489551  0.25347849  0.25347849  0.30717172  0.30717172  0.22802174  0.21152312  0.30717172  0.30717172  0.30717172  0.29794872  0.26216190  0.25347849  0.24489551  0.25347849  0.29794872  0.24489551  0.32596890  0.32596890  0.35508871  0.35508871  0.36505489  0.26216190  0.27094812  0.21972658  0.23641067  0.23641067  0.24489551  0.21972658  0.25347849  0.27983961  0.28883893  0.33554910  0.31651080  0.27094812  0.26216190  0.27983961  0.27094812  0.27094812  0.26216190  0.27094812  0.28883893  0.30717172  0.36505489  0.39578256  0.31651080  0.31651080  0.33554910  0.34525460  0.32596890  0.33554910  0.27983961  0.30717172  0.28883893  0.28883893  0.28883893  0.27094812  0.27094812  0.26216190  0.29794872  0.26216190  0.27983961  0.28883893  0.27983961  0.27983961  0.27094812  0.25347849  0.26216190  0.26216190  0.29794872  0.28883893  0.30717172  0.27983961  0.28883893  0.27983961  0.28883893  
51_0_0     0.19538333  0.17958710  0.19538333  0.17958710  0.17958710  0.19538333  0.00616047  0.00000000  0.03132684  0.17181331  0.13412085  0.12680676  0.14896890  0.28883893  0.27983961  0.28883893  0.28883893  0.21152312  0.20340935  0.21972658  0.22802174  0.21152312  0.27983961  0.27983961  0.28883893  0.22802174  0.25347849  0.22802174  0.21972658  0.21152312  0.21972658  0.21152312  0.22802174  0.22802174  0.23641067  0.21152312  0.21152312  0.21152312  0.21152312  0.21972658  0.19538333  0.21152312  0.25347849  0.24489551  0.24489551  0.24489551  0.21972658  0.20340935  0.21972658  0.22802174  0.34525460  0.26216190  0.31651080  0.29794872  0.29794872  0.30717172  0.29794872  0.22802174  0.27983961  0.30717172  0.29794872  0.28883893  0.29794872  0.27983961  0.27094812  0.26216190  0.27094812  0.26216190  0.26216190  0.27094812  0.26216190  0.27094812  0.27094812  0.27983961  0.29794872  0.28883893  0.30717172  0.31651080  0.31651080  0.33554910  0.33554910  0.32596890  0.26216190  0.27983961  0.28883893  0.24489551  0.27094812  0.27983961  0.28883893  0.28883893  0.28883893  0.28883893  0.31651080  0.32596890  0.29794872  0.29794872  0.30717172  0.28883893  0.30717172  0.27983961  0.27094812  0.25347849  0.25347849  0.24489551  0.24489551  0.29794872  0.29794872  0.23641067  0.21972658  0.31651080  0.31651080  0.31651080  0.30717172  0.27094812  0.26216190  0.25347849  0.26216190  0.30717172  0.25347849  0.33554910  0.33554910  0.36505489  0.36505489  0.37515674  0.27094812  0.27983961  0.22802174  0.24489551  0.24489551  0.25347849  0.22802174  0.26216190  0.28883893  0.29794872  0.34525460  0.32596890  0.27983961  0.27094812  0.28883893  0.27983961  0.27983961  0.27094812  0.27983961  0.29794872  0.31651080  0.37515674  0.40631450  0.32596890  0.32596890  0.34525460  0.35508871  0.33554910  0.34525460  0.28883893  0.31651080  0.29794872  0.29794872  0.29794872  0.27983961  0.27983961  0.27094812  0.30717172  0.27094812  0.28883893  0.29794872  0.28883893  0.28883893  0.27983961  0.26216190  0.27094812  0.27094812  0.30717172  0.29794872  0.31651080  0.28883893  0.29794872  0.28883893  0.29794872  
49_0_0     0.20340935  0.17181331  0.21972658  0.20340935  0.18744318  0.19538333  0.02495479  0.03132684  0.00000000  0.14896890  0.11239136  0.10528732  0.11239136  0.26216190  0.26216190  0.25347849  0.25347849  0.18744318  0.17958710  0.19538333  0.20340935  0.20340935  0.28883893  0.28883893  0.27983961  0.21972658  0.24489551  0.21972658  0.22802174  0.21972658  0.21152312  0.21972658  0.21972658  0.21972658  0.22802174  0.21972658  0.21972658  0.21972658  0.18744318  0.21152312  0.18744318  0.20340935  0.21152312  0.20340935  0.20340935  0.20340935  0.21152312  0.20340935  0.21972658  0.22802174  0.32596890  0.23641067  0.27094812  0.27094812  0.27094812  0.27983961  0.27094812  0.21972658  0.25347849  0.30717172  0.29794872  0.27983961  0.28883893  0.27094812  0.24489551  0.23641067  0.24489551  0.23641067  0.23641067  0.24489551  0.23641067  0.26216190  0.26216190  0.28883893  0.30717172  0.29794872  0.29794872  0.30717172  0.30717172  0.33554910  0.33554910  0.32596890  0.26216190  0.27983961  0.27094812  0.26216190  0.24489551  0.25347849  0.26216190  0.26216190  0.27983961  0.26216190  0.28883893  0.29794872  0.28883893  0.27094812  0.27983961  0.29794872  0.28883893  0.27094812  0.26216190  0.24489551  0.24489551  0.25347849  0.25347849  0.28883893  0.28883893  0.24489551  0.22802174  0.27094812  0.28883893  0.28883893  0.27983961  0.24489551  0.25347849  0.26216190  0.25347849  0.27983961  0.24489551  0.32596890  0.30717172  0.35508871  0.35508871  0.36505489  0.23641067  0.24489551  0.19538333  0.21152312  0.21152312  0.21972658  0.19538333  0.24489551  0.25347849  0.26216190  0.31651080  0.31651080  0.27094812  0.26216190  0.27983961  0.27094812  0.30717172  0.26216190  0.28883893  0.30717172  0.32596890  0.32596890  0.35508871  0.29794872  0.29794872  0.29794872  0.30717172  0.28883893  0.31651080  0.27983961  0.30717172  0.27094812  0.27094812  0.27094812  0.28883893  0.24489551  0.22802174  0.27983961  0.27094812  0.27094812  0.27983961  0.28883893  0.28883893  0.26216190  0.25347849  0.26216190  0.25347849  0.27094812  0.26216190  0.27983961  0.27094812  0.27983961  0.27094812  0.27983961  
3_0_0      0.19538333  0.18744318  0.19538333  0.17958710  0.17958710  0.21152312  0.16412010  0.17181331  0.14896890  0.00000000  0.11956406  0.09825065  0.13412085  0.27094812  0.24489551  0.23641067  0.21972658  0.21972658  0.21152312  0.22802174  0.18744318  0.21972658  0.27983961  0.27983961  0.27094812  0.26216190  0.27983961  0.27983961  0.25347849  0.22802174  0.23641067  0.24489551  0.21972658  0.21972658  0.22802174  0.21152312  0.21152312  0.21972658  0.19538333  0.19538333  0.20340935  0.22802174  0.23641067  0.24489551  0.24489551  0.24489551  0.23641067  0.24489551  0.24489551  0.25347849  0.39578256  0.33554910  0.34525460  0.31651080  0.31651080  0.27094812  0.29794872  0.27094812  0.27094812  0.34525460  0.33554910  0.31651080  0.30717172  0.24489551  0.25347849  0.24489551  0.26216190  0.24489551  0.24489551  0.25347849  0.24489551  0.27983961  0.27983961  0.25347849  0.25347849  0.24489551  0.27983961  0.28883893  0.28883893  0.27094812  0.27094812  0.26216190  0.27983961  0.28883893  0.27094812  0.26216190  0.25347849  0.24489551  0.25347849  0.25347849  0.34525460  0.33554910  0.32596890  0.35508871  0.32596890  0.32596890  0.33554910  0.31651080  0.31651080  0.26216190  0.25347849  0.23641067  0.23641067  0.27983961  0.27983961  0.24489551  0.24489551  0.27983961  0.26216190  0.27094812  0.25347849  0.25347849  0.26216190  0.24489551  0.23641067  0.27094812  0.25347849  0.27983961  0.21152312  0.31651080  0.31651080  0.27983961  0.27983961  0.29794872  0.25347849  0.26216190  0.22802174  0.21152312  0.22802174  0.23641067  0.21152312  0.23641067  0.25347849  0.24489551  0.25347849  0.25347849  0.25347849  0.24489551  0.26216190  0.24489551  0.27983961  0.29794872  0.30717172  0.29794872  0.33554910  0.31651080  0.36505489  0.36505489  0.36505489  0.36505489  0.35508871  0.35508871  0.36505489  0.27983961  0.28883893  0.28883893  0.29794872  0.29794872  0.32596890  0.31651080  0.27983961  0.28883893  0.31651080  0.30717172  0.29794872  0.27094812  0.27094812  0.24489551  0.29794872  0.28883893  0.33554910  0.28883893  0.29794872  0.31651080  0.32596890  0.31651080  0.32596890  0.34525460  
73_0_0     0.24489551  0.12680676  0.18744318  0.15650584  0.15650584  0.17181331  0.12680676  0.13412085  0.11239136  0.11956406  0.00000000  0.01863698  0.03775409  0.28883893  0.27983961  0.27094812  0.27094812  0.23641067  0.22802174  0.22802174  0.20340935  0.23641067  0.28883893  0.28883893  0.27983961  0.22802174  0.24489551  0.22802174  0.25347849  0.22802174  0.23641067  0.22802174  0.22802174  0.24489551  0.25347849  0.23641067  0.23641067  0.22802174  0.20340935  0.21152312  0.21972658  0.21152312  0.20340935  0.21152312  0.21152312  0.21152312  0.20340935  0.22802174  0.22802174  0.22802174  0.40631450  0.27983961  0.28883893  0.26216190  0.29794872  0.29794872  0.28883893  0.28883893  0.31651080  0.33554910  0.32596890  0.30717172  0.29794872  0.27983961  0.25347849  0.24489551  0.25347849  0.24489551  0.24489551  0.25347849  0.24489551  0.28883893  0.28883893  0.24489551  0.27983961  0.27094812  0.28883893  0.29794872  0.29794872  0.28883893  0.28883893  0.29794872  0.29794872  0.28883893  0.25347849  0.27983961  0.23641067  0.24489551  0.23641067  0.23641067  0.32596890  0.28883893  0.31651080  0.34525460  0.30717172  0.30717172  0.32596890  0.27983961  0.26216190  0.22802174  0.21972658  0.21972658  0.21972658  0.27094812  0.27094812  0.27094812  0.27094812  0.26216190  0.24489551  0.25347849  0.25347849  0.23641067  0.24489551  0.21972658  0.19538333  0.21972658  0.21972658  0.25347849  0.20340935  0.34525460  0.32596890  0.33554910  0.33554910  0.36505489  0.28883893  0.29794872  0.22802174  0.22802174  0.24489551  0.23641067  0.22802174  0.26216190  0.28883893  0.29794872  0.27983961  0.27983961  0.27094812  0.26216190  0.27983961  0.25347849  0.31651080  0.27983961  0.30717172  0.31651080  0.33554910  0.31651080  0.36505489  0.28883893  0.28883893  0.28883893  0.31651080  0.29794872  0.32596890  0.29794872  0.32596890  0.30717172  0.30717172  0.30717172  0.34525460  0.31651080  0.27983961  0.33554910  0.28883893  0.33554910  0.32596890  0.24489551  0.24489551  0.21972658  0.27983961  0.28883893  0.30717172  0.28883893  0.29794872  0.29794872  0.31651080  0.30717172  0.31651080  0.32596890  
19_0_0     0.21972658  0.13412085  0.17958710  0.16412010  0.16412010  0.17958710  0.11956406  0.12680676  0.10528732  0.09825065  0.01863698  0.00000000  0.04423748  0.27983961  0.27094812  0.26216190  0.24489551  0.22802174  0.21972658  0.23641067  0.19538333  0.21152312  0.27983961  0.27983961  0.27094812  0.24489551  0.26216190  0.24489551  0.27094812  0.24489551  0.25347849  0.24489551  0.21972658  0.23641067  0.24489551  0.23641067  0.23641067  0.22802174  0.20340935  0.21972658  0.22802174  0.23641067  0.19538333  0.20340935  0.20340935  0.20340935  0.19538333  0.23641067  0.23641067  0.25347849  0.41699807  0.28883893  0.31651080  0.27094812  0.30717172  0.28883893  0.29794872  0.28883893  0.32596890  0.33554910  0.32596890  0.30717172  0.29794872  0.27094812  0.26216190  0.25347849  0.26216190  0.25347849  0.25347849  0.26216190  0.25347849  0.28883893  0.28883893  0.26216190  0.26216190  0.25347849  0.28883893  0.29794872  0.29794872  0.28883893  0.28883893  0.27983961  0.28883893  0.29794872  0.26216190  0.27094812  0.24489551  0.25347849  0.24489551  0.24489551  0.33554910  0.28883893  0.30717172  0.33554910  0.31651080  0.29794872  0.31651080  0.30717172  0.27094812  0.23641067  0.22802174  0.22802174  0.22802174  0.26216190  0.26216190  0.26216190  0.26216190  0.27094812  0.25347849  0.27094812  0.25347849  0.25347849  0.26216190  0.22802174  0.21972658  0.24489551  0.22802174  0.26216190  0.21152312  0.35508871  0.33554910  0.36505489  0.36505489  0.37515674  0.27983961  0.28883893  0.23641067  0.23641067  0.23641067  0.24489551  0.21972658  0.27094812  0.27983961  0.28883893  0.27983961  0.27983961  0.27094812  0.26216190  0.27983961  0.27094812  0.33554910  0.29794872  0.32596890  0.33554910  0.35508871  0.31651080  0.36505489  0.28883893  0.28883893  0.28883893  0.31651080  0.29794872  0.32596890  0.28883893  0.31651080  0.29794872  0.31651080  0.31651080  0.35508871  0.34525460  0.28883893  0.32596890  0.29794872  0.33554910  0.32596890  0.25347849  0.25347849  0.22802174  0.28883893  0.27983961  0.33554910  0.29794872  0.28883893  0.30717172  0.31651080  0.30717172  0.31651080  0.34525460  
86_0_0     0.22802174  0.15650584  0.18744318  0.15650584  0.15650584  0.16412010  0.14150774  0.14896890  0.11239136  0.13412085  0.03775409  0.04423748  0.00000000  0.26216190  0.28883893  0.27983961  0.26216190  0.23641067  0.22802174  0.22802174  0.18744318  0.21972658  0.27094812  0.27094812  0.26216190  0.22802174  0.25347849  0.22802174  0.25347849  0.24489551  0.23641067  0.24489551  0.21152312  0.22802174  0.23641067  0.26216190  0.26216190  0.25347849  0.22802174  0.22802174  0.21972658  0.21972658  0.18744318  0.17958710  0.17958710  0.17958710  0.18744318  0.22802174  0.21152312  0.21152312  0.40631450  0.29794872  0.27094812  0.29794872  0.29794872  0.29794872  0.28883893  0.29794872  0.30717172  0.36505489  0.35508871  0.33554910  0.32596890  0.29794872  0.27094812  0.27983961  0.28883893  0.27983961  0.27983961  0.27094812  0.27983961  0.28883893  0.28883893  0.27983961  0.29794872  0.28883893  0.30717172  0.31651080  0.31651080  0.30717172  0.30717172  0.31651080  0.30717172  0.29794872  0.26216190  0.28883893  0.25347849  0.26216190  0.25347849  0.25347849  0.28883893  0.25347849  0.27983961  0.30717172  0.27094812  0.27094812  0.28883893  0.29794872  0.26216190  0.22802174  0.21972658  0.23641067  0.23641067  0.25347849  0.25347849  0.27094812  0.27094812  0.27983961  0.26216190  0.25347849  0.25347849  0.27094812  0.26216190  0.21972658  0.22802174  0.25347849  0.23641067  0.25347849  0.23641067  0.34525460  0.32596890  0.35508871  0.35508871  0.38539799  0.27983961  0.28883893  0.21972658  0.23641067  0.21972658  0.21152312  0.20340935  0.25347849  0.26216190  0.27094812  0.26216190  0.26216190  0.25347849  0.22802174  0.24489551  0.23641067  0.33554910  0.29794872  0.32596890  0.31651080  0.33554910  0.29794872  0.34525460  0.26216190  0.26216190  0.26216190  0.28883893  0.27094812  0.29794872  0.26216190  0.28883893  0.25347849  0.25347849  0.25347849  0.30717172  0.27983961  0.24489551  0.27983961  0.28883893  0.32596890  0.33554910  0.26216190  0.27983961  0.25347849  0.28883893  0.27983961  0.28883893  0.27094812  0.27983961  0.27983961  0.27983961  0.28883893  0.27983961  0.28883893  
8_2_0      0.29794872  0.25347849  0.26216190  0.27983961  0.27983961  0.28883893  0.27983961  0.28883893  0.26216190  0.27094812  0.28883893  0.27983961  0.26216190  0.00000000  0.18744318  0.17958710  0.17958710  0.21972658  0.21152312  0.21152312  0.15650584  0.17958710  0.24489551  0.24489551  0.25347849  0.20340935  0.20340935  0.21972658  0.21152312  0.21972658  0.19538333  0.21152312  0.17958710  0.17958710  0.18744318  0.19538333  0.19538333  0.21152312  0.20340935  0.17958710  0.17958710  0.17958710  0.19538333  0.19538333  0.19538333  0.19538333  0.20340935  0.24489551  0.22802174  0.25347849  0.33554910  0.31651080  0.26216190  0.27983961  0.30717172  0.27094812  0.27094812  0.32596890  0.34525460  0.30717172  0.28883893  0.27094812  0.26216190  0.21972658  0.23641067  0.25347849  0.27094812  0.25347849  0.25347849  0.25347849  0.27094812  0.24489551  0.24489551  0.28883893  0.28883893  0.27983961  0.32596890  0.31651080  0.31651080  0.31651080  0.31651080  0.30717172  0.21972658  0.23641067  0.24489551  0.20340935  0.21152312  0.21972658  0.19538333  0.19538333  0.34525460  0.33554910  0.29794872  0.31651080  0.37515674  0.31651080  0.29794872  0.32596890  0.23641067  0.22802174  0.23641067  0.20340935  0.20340935  0.24489551  0.24489551  0.23641067  0.23641067  0.29794872  0.27983961  0.23641067  0.21972658  0.24489551  0.24489551  0.28883893  0.26216190  0.28883893  0.25347849  0.26216190  0.21972658  0.30717172  0.29794872  0.27094812  0.27094812  0.27983961  0.22802174  0.22802174  0.19538333  0.18744318  0.20340935  0.19538333  0.18744318  0.21972658  0.22802174  0.22802174  0.25347849  0.26216190  0.25347849  0.29794872  0.22802174  0.26216190  0.29794872  0.27983961  0.28883893  0.28883893  0.28883893  0.27983961  0.27094812  0.25347849  0.25347849  0.25347849  0.22802174  0.22802174  0.21972658  0.21972658  0.22802174  0.21152312  0.20340935  0.20340935  0.22802174  0.23641067  0.21152312  0.21972658  0.24489551  0.27094812  0.27983961  0.26216190  0.28883893  0.30717172  0.26216190  0.25347849  0.25347849  0.21972658  0.20340935  0.21972658  0.26216190  0.28883893  0.26216190  0.27983961  
73_2_0     0.30717172  0.27983961  0.22802174  0.22802174  0.22802174  0.23641067  0.27094812  0.27983961  0.26216190  0.24489551  0.27983961  0.27094812  0.28883893  0.18744318  0.00000000  0.00616047  0.01863698  0.17958710  0.17181331  0.17181331  0.16412010  0.17958710  0.17958710  0.17958710  0.17958710  0.21152312  0.21152312  0.21152312  0.19538333  0.17958710  0.19538333  0.18744318  0.17958710  0.16412010  0.17181331  0.19538333  0.19538333  0.19538333  0.21972658  0.13412085  0.15650584  0.17181331  0.18744318  0.19538333  0.19538333  0.19538333  0.18744318  0.21152312  0.22802174  0.23641067  0.32596890  0.27094812  0.29794872  0.28883893  0.30717172  0.28883893  0.29794872  0.34525460  0.34525460  0.29794872  0.28883893  0.27983961  0.27094812  0.21152312  0.21972658  0.22802174  0.24489551  0.22802174  0.22802174  0.23641067  0.23641067  0.27983961  0.27983961  0.22802174  0.24489551  0.23641067  0.28883893  0.29794872  0.29794872  0.25347849  0.25347849  0.24489551  0.20340935  0.21152312  0.23641067  0.20340935  0.20340935  0.19538333  0.20340935  0.20340935  0.26216190  0.29794872  0.27983961  0.28883893  0.27983961  0.30717172  0.27094812  0.25347849  0.30717172  0.23641067  0.24489551  0.18744318  0.18744318  0.26216190  0.26216190  0.24489551  0.24489551  0.29794872  0.27983961  0.23641067  0.25347849  0.23641067  0.24489551  0.22802174  0.25347849  0.27983961  0.26216190  0.27094812  0.22802174  0.26216190  0.27983961  0.25347849  0.25347849  0.24489551  0.17958710  0.17958710  0.14150774  0.12680676  0.17958710  0.17181331  0.16412010  0.15650584  0.21972658  0.21152312  0.22802174  0.22802174  0.21972658  0.26216190  0.22802174  0.23641067  0.24489551  0.25347849  0.23641067  0.22802174  0.26216190  0.28883893  0.29794872  0.27983961  0.27983961  0.27094812  0.26216190  0.26216190  0.26216190  0.23641067  0.24489551  0.22802174  0.23641067  0.23641067  0.27094812  0.22802174  0.25347849  0.23641067  0.23641067  0.24489551  0.24489551  0.19538333  0.22802174  0.23641067  0.22802174  0.23641067  0.22802174  0.20340935  0.20340935  0.21972658  0.25347849  0.27094812  0.25347849  0.23641067  
19_2_0     0.31651080  0.27094812  0.23641067  0.23641067  0.23641067  0.24489551  0.27983961  0.28883893  0.25347849  0.23641067  0.27094812  0.26216190  0.27983961  0.17958710  0.00616047  0.00000000  0.01237251  0.17181331  0.16412010  0.16412010  0.15650584  0.17181331  0.18744318  0.18744318  0.18744318  0.21972658  0.21972658  0.21972658  0.20340935  0.18744318  0.18744318  0.19538333  0.18744318  0.17181331  0.17958710  0.20340935  0.20340935  0.20340935  0.21152312  0.14150774  0.16412010  0.17958710  0.17958710  0.18744318  0.18744318  0.18744318  0.19538333  0.21152312  0.22802174  0.23641067  0.33554910  0.26216190  0.28883893  0.27983961  0.29794872  0.27983961  0.28883893  0.33554910  0.33554910  0.29794872  0.28883893  0.27094812  0.26216190  0.21972658  0.21152312  0.21972658  0.23641067  0.21972658  0.21972658  0.22802174  0.22802174  0.28883893  0.28883893  0.23641067  0.25347849  0.24489551  0.27983961  0.28883893  0.28883893  0.26216190  0.26216190  0.25347849  0.21152312  0.21972658  0.22802174  0.21152312  0.19538333  0.18744318  0.19538333  0.19538333  0.27094812  0.28883893  0.27094812  0.27983961  0.28883893  0.29794872  0.26216190  0.26216190  0.29794872  0.22802174  0.23641067  0.17958710  0.17958710  0.27094812  0.27094812  0.23641067  0.23641067  0.30717172  0.28883893  0.22802174  0.24489551  0.22802174  0.23641067  0.21972658  0.24489551  0.28883893  0.25347849  0.26216190  0.21972658  0.27094812  0.27094812  0.26216190  0.26216190  0.25347849  0.17181331  0.17181331  0.13412085  0.11956406  0.17181331  0.16412010  0.15650584  0.16412010  0.21152312  0.20340935  0.21972658  0.23641067  0.22802174  0.27094812  0.23641067  0.24489551  0.25347849  0.26216190  0.24489551  0.23641067  0.27094812  0.27983961  0.28883893  0.27094812  0.27094812  0.26216190  0.25347849  0.25347849  0.25347849  0.24489551  0.25347849  0.23641067  0.24489551  0.24489551  0.27983961  0.22802174  0.24489551  0.24489551  0.23641067  0.24489551  0.24489551  0.19538333  0.22802174  0.23641067  0.22802174  0.23641067  0.22802174  0.20340935  0.20340935  0.21972658  0.25347849  0.27094812  0.25347849  0.23641067  
86_2_0     0.31651080  0.28883893  0.23641067  0.21972658  0.21972658  0.22802174  0.27983961  0.28883893  0.25347849  0.21972658  0.27094812  0.24489551  0.26216190  0.17958710  0.01863698  0.01237251  0.00000000  0.17181331  0.16412010  0.16412010  0.14150774  0.15650584  0.17181331  0.17181331  0.17181331  0.23641067  0.23641067  0.23641067  0.20340935  0.18744318  0.18744318  0.19538333  0.17181331  0.15650584  0.16412010  0.21152312  0.21152312  0.21152312  0.20340935  0.14150774  0.16412010  0.17958710  0.16412010  0.17181331  0.17181331  0.17181331  0.17958710  0.21152312  0.21152312  0.23641067  0.33554910  0.26216190  0.30717172  0.27983961  0.27983961  0.26216190  0.27094812  0.32596890  0.32596890  0.28883893  0.27983961  0.26216190  0.25347849  0.21972658  0.22802174  0.21972658  0.23641067  0.21972658  0.21972658  0.22802174  0.22802174  0.27094812  0.27094812  0.23641067  0.23641067  0.22802174  0.27983961  0.28883893  0.28883893  0.24489551  0.24489551  0.23641067  0.21152312  0.21972658  0.22802174  0.21152312  0.19538333  0.18744318  0.21152312  0.21152312  0.27983961  0.29794872  0.27983961  0.28883893  0.29794872  0.30717172  0.27094812  0.27094812  0.30717172  0.23641067  0.24489551  0.18744318  0.18744318  0.25347849  0.25347849  0.23641067  0.23641067  0.30717172  0.28883893  0.24489551  0.24489551  0.24489551  0.25347849  0.21972658  0.24489551  0.29794872  0.23641067  0.24489551  0.23641067  0.27094812  0.27094812  0.26216190  0.26216190  0.27094812  0.16412010  0.16412010  0.14150774  0.12680676  0.15650584  0.14896890  0.14150774  0.16412010  0.19538333  0.18744318  0.21972658  0.23641067  0.22802174  0.25347849  0.23641067  0.26216190  0.27094812  0.26216190  0.24489551  0.25347849  0.28883893  0.27983961  0.28883893  0.27094812  0.27094812  0.26216190  0.25347849  0.25347849  0.25347849  0.22802174  0.23641067  0.21972658  0.22802174  0.22802174  0.26216190  0.22802174  0.22802174  0.22802174  0.23641067  0.23641067  0.23641067  0.19538333  0.22802174  0.23641067  0.22802174  0.21972658  0.22802174  0.20340935  0.20340935  0.21972658  0.24489551  0.26216190  0.24489551  0.24489551  
67_1_0     0.27983961  0.25347849  0.27983961  0.26216190  0.24489551  0.26216190  0.20340935  0.21152312  0.18744318  0.21972658  0.23641067  0.22802174  0.23641067  0.21972658  0.17958710  0.17181331  0.17181331  0.00000000  0.00616047  0.02495479  0.06403460  0.05737671  0.14150774  0.14150774  0.13412085  0.15650584  0.16412010  0.16412010  0.15650584  0.14896890  0.14150774  0.16412010  0.17181331  0.17181331  0.16412010  0.18744318  0.18744318  0.19538333  0.15650584  0.12680676  0.13412085  0.10528732  0.15650584  0.14896890  0.14896890  0.14896890  0.14150774  0.13412085  0.14896890  0.15650584  0.32596890  0.21972658  0.26216190  0.22802174  0.21972658  0.21152312  0.19538333  0.22802174  0.22802174  0.23641067  0.22802174  0.21152312  0.21972658  0.22802174  0.19538333  0.19538333  0.21152312  0.19538333  0.19538333  0.21152312  0.20340935  0.27983961  0.27983961  0.21972658  0.21972658  0.21152312  0.22802174  0.22802174  0.22802174  0.27094812  0.27094812  0.26216190  0.19538333  0.25347849  0.22802174  0.23641067  0.19538333  0.19538333  0.18744318  0.18744318  0.29794872  0.27094812  0.25347849  0.26216190  0.27983961  0.27094812  0.24489551  0.27094812  0.22802174  0.18744318  0.20340935  0.22802174  0.22802174  0.25347849  0.25347849  0.23641067  0.23641067  0.22802174  0.21152312  0.26216190  0.25347849  0.26216190  0.25347849  0.24489551  0.22802174  0.26216190  0.24489551  0.27094812  0.20340935  0.18744318  0.19538333  0.21152312  0.21152312  0.18744318  0.16412010  0.17181331  0.13412085  0.13412085  0.14150774  0.13412085  0.12680676  0.16412010  0.16412010  0.14896890  0.21972658  0.21972658  0.17958710  0.18744318  0.21152312  0.20340935  0.26216190  0.22802174  0.23641067  0.21152312  0.25347849  0.27094812  0.27983961  0.27094812  0.27094812  0.25347849  0.23641067  0.25347849  0.24489551  0.20340935  0.21152312  0.21152312  0.21972658  0.21972658  0.25347849  0.22802174  0.24489551  0.21972658  0.21972658  0.24489551  0.26216190  0.21972658  0.25347849  0.22802174  0.26216190  0.27094812  0.23641067  0.21972658  0.23641067  0.23641067  0.28883893  0.27983961  0.28883893  0.28883893  
