192
1_1_0      0.00000000  0.05032785  0.10434424  0.14268695  0.12968324  0.16940330  0.26359141  0.27136055  0.27136055  0.26359141  0.29517157  0.28714882  0.28714882  0.31977727  0.27921243  0.30328257  0.35391673  0.35391673  0.58848517  0.58848517  0.55331489  0.56485292  0.61290001  0.56485292  0.60059154  0.60059154  0.60059154  0.57657437  0.54195464  0.55331489  0.53076677  0.54195464  0.55331489  0.56485292  0.53076677  0.53076677  0.55331489  0.53076677  0.53076677  0.54195464  0.57657437  0.56485292  0.58848517  0.57657437  0.48763936  0.53076677  0.54195464  0.50888779  0.50888779  0.53076677  0.49818703  0.51974613  0.51974613  0.47724044  0.47724044  0.45687252  0.48763936  0.50888779  0.49818703  0.47724044  0.45687252  0.47724044  0.45687252  0.48763936  0.46698616  0.49818703  0.54195464  0.54195464  0.63815107  0.61290001  0.62541745  0.60059154  0.60059154  0.51974613  0.56485292  0.56485292  0.55331489  0.45687252  0.47724044  0.47724044  0.44689574  0.43705216  0.45687252  0.43705216  0.48763936  0.48763936  0.48763936  0.46698616  0.46698616  0.38971397  0.49818703  0.41775067  0.40828616  0.41775067  0.47724044  0.46698616  0.48763936  0.49818703  0.46698616  0.55331489  0.54195464  0.51974613  0.54195464  0.54195464  0.54195464  0.54195464  0.54195464  0.57657437  0.55331489  0.54195464  0.56485292  0.56485292  0.53076677  0.50888779  0.49818703  0.43705216  0.47724044  0.48763936  0.53076677  0.53076677  0.51974613  0.54195464  0.48763936  0.48763936  0.58848517  0.48763936  0.49818703  0.53076677  0.50888779  0.50888779  0.63815107  0.60059154  0.60059154  0.50888779  0.53076677  0.51974613  0.51974613  0.51974613  0.51974613  0.53076677  0.53076677  0.51974613  0.61290001  0.56485292  0.53076677  0.53076677  0.55331489  0.53076677  0.55331489  0.53076677  0.51974613  0.48763936  0.55331489  0.53076677  0.54195464  0.60059154  0.60059154  0.57657437  0.51974613  0.53076677  0.58848517  0.58848517  0.58848517  0.56485292  0.53076677  0.57657437  0.61290001  0.45687252  0.46698616  0.49818703  0.45687252  0.54195464  0.53076677  0.56485292  0.49818703  0.50888779  0.49818703  0.51974613  0.57657437  0.55331489  0.57657437  0.47724044  0.48763936  0.48763936  0.50888779  0.50888779  0.53076677  0.55331489  0.46698616  0.55331489  0.63815107  0.50888779  
15_1_0     0.05032785  0.00000000  0.12326639  0.17623643  0.16263291  0.20422039  0.30328257  0.29517157  0.31148380  0.30328257  0.31977727  0.31148380  0.31148380  0.34523253  0.31977727  0.27921243  0.32816509  0.32816509  0.57657437  0.57657437  0.56485292  0.55331489  0.60059154  0.55331489  0.58848517  0.58848517  0.58848517  0.61290001  0.57657437  0.58848517  0.56485292  0.57657437  0.56485292  0.60059154  0.56485292  0.56485292  0.56485292  0.58848517  0.58848517  0.60059154  0.61290001  0.60059154  0.62541745  0.61290001  0.47724044  0.51974613  0.54195464  0.50888779  0.50888779  0.50888779  0.49818703  0.51974613  0.51974613  0.48763936  0.48763936  0.46698616  0.49818703  0.51974613  0.48763936  0.48763936  0.48763936  0.48763936  0.46698616  0.49818703  0.48763936  0.49818703  0.55331489  0.55331489  0.62541745  0.62541745  0.65110847  0.61290001  0.61290001  0.54195464  0.57657437  0.58848517  0.55331489  0.47724044  0.48763936  0.48763936  0.43705216  0.46698616  0.48763936  0.46698616  0.51974613  0.51974613  0.49818703  0.49818703  0.48763936  0.44689574  0.50888779  0.44689574  0.44689574  0.45687252  0.51974613  0.50888779  0.53076677  0.54195464  0.50888779  0.50888779  0.49818703  0.54195464  0.56485292  0.56485292  0.56485292  0.54195464  0.54195464  0.62541745  0.60059154  0.54195464  0.56485292  0.56485292  0.53076677  0.46698616  0.49818703  0.41775067  0.45687252  0.46698616  0.50888779  0.50888779  0.55331489  0.55331489  0.48763936  0.48763936  0.61290001  0.46698616  0.47724044  0.53076677  0.50888779  0.48763936  0.58848517  0.55331489  0.53076677  0.48763936  0.50888779  0.49818703  0.49818703  0.54195464  0.54195464  0.55331489  0.55331489  0.54195464  0.61290001  0.54195464  0.50888779  0.50888779  0.53076677  0.48763936  0.50888779  0.53076677  0.47724044  0.46698616  0.50888779  0.50888779  0.51974613  0.55331489  0.55331489  0.53076677  0.49818703  0.50888779  0.51974613  0.54195464  0.54195464  0.49818703  0.48763936  0.53076677  0.65110847  0.43705216  0.44689574  0.47724044  0.45687252  0.49818703  0.53076677  0.56485292  0.51974613  0.50888779  0.51974613  0.58848517  0.62541745  0.60059154  0.62541745  0.54195464  0.55331489  0.55331489  0.57657437  0.57657437  0.62541745  0.62541745  0.46698616  0.51974613  0.60059154  0.53076677  
6_1_0      0.10434424  0.12326639  0.00000000  0.09199398  0.09199398  0.12968324  0.29517157  0.28714882  0.28714882  0.29517157  0.29517157  0.30328257  0.29517157  0.31148380  0.31148380  0.30328257  0.31977727  0.30328257  0.60059154  0.62541745  0.56485292  0.55331489  0.63815107  0.58848517  0.61290001  0.61290001  0.61290001  0.58848517  0.55331489  0.56485292  0.51974613  0.50888779  0.54195464  0.57657437  0.54195464  0.51974613  0.56485292  0.54195464  0.54195464  0.55331489  0.58848517  0.57657437  0.55331489  0.58848517  0.47724044  0.51974613  0.53076677  0.54195464  0.54195464  0.51974613  0.54195464  0.53076677  0.53076677  0.48763936  0.48763936  0.48763936  0.49818703  0.51974613  0.48763936  0.48763936  0.51974613  0.50888779  0.49818703  0.53076677  0.46698616  0.48763936  0.60059154  0.55331489  0.65110847  0.62541745  0.65110847  0.61290001  0.61290001  0.48763936  0.47724044  0.47724044  0.51974613  0.42733826  0.39894159  0.40828616  0.47724044  0.40828616  0.45687252  0.45687252  0.48763936  0.46698616  0.44689574  0.44689574  0.45687252  0.39894159  0.45687252  0.40828616  0.43705216  0.42733826  0.46698616  0.47724044  0.51974613  0.48763936  0.49818703  0.56485292  0.55331489  0.53076677  0.54195464  0.54195464  0.54195464  0.54195464  0.55331489  0.55331489  0.55331489  0.50888779  0.50888779  0.50888779  0.49818703  0.49818703  0.54195464  0.45687252  0.51974613  0.50888779  0.57657437  0.57657437  0.49818703  0.47724044  0.48763936  0.48763936  0.54195464  0.46698616  0.47724044  0.53076677  0.50888779  0.46698616  0.53076677  0.49818703  0.51974613  0.47724044  0.49818703  0.45687252  0.47724044  0.44689574  0.44689574  0.45687252  0.45687252  0.46698616  0.53076677  0.51974613  0.48763936  0.48763936  0.48763936  0.50888779  0.53076677  0.48763936  0.49818703  0.49818703  0.50888779  0.51974613  0.53076677  0.56485292  0.56485292  0.54195464  0.50888779  0.51974613  0.57657437  0.54195464  0.54195464  0.49818703  0.50888779  0.57657437  0.60059154  0.47724044  0.48763936  0.49818703  0.47724044  0.49818703  0.53076677  0.51974613  0.53076677  0.50888779  0.45687252  0.49818703  0.49818703  0.49818703  0.56485292  0.48763936  0.49818703  0.51974613  0.51974613  0.50888779  0.51974613  0.54195464  0.40828616  0.50888779  0.60059154  0.48763936  
7_1_0      0.14268695  0.17623643  0.09199398  0.00000000  0.01089085  0.03316736  0.34523253  0.33664943  0.33664943  0.36270443  0.34523253  0.35391673  0.32816509  0.38060041  0.36270443  0.37159813  0.40828616  0.42733826  0.58848517  0.61290001  0.55331489  0.58848517  0.60059154  0.57657437  0.60059154  0.60059154  0.60059154  0.61290001  0.57657437  0.58848517  0.54195464  0.55331489  0.61290001  0.62541745  0.56485292  0.54195464  0.56485292  0.56485292  0.54195464  0.55331489  0.61290001  0.60059154  0.57657437  0.61290001  0.44689574  0.51974613  0.50888779  0.51974613  0.51974613  0.54195464  0.54195464  0.53076677  0.55331489  0.50888779  0.50888779  0.50888779  0.51974613  0.53076677  0.49818703  0.49818703  0.49818703  0.46698616  0.41775067  0.44689574  0.45687252  0.44689574  0.55331489  0.54195464  0.62541745  0.60059154  0.61290001  0.58848517  0.58848517  0.47724044  0.48763936  0.48763936  0.50888779  0.41775067  0.42733826  0.43705216  0.46698616  0.41775067  0.46698616  0.44689574  0.45687252  0.43705216  0.40828616  0.42733826  0.45687252  0.39894159  0.45687252  0.46698616  0.45687252  0.43705216  0.53076677  0.54195464  0.47724044  0.53076677  0.47724044  0.54195464  0.53076677  0.50888779  0.51974613  0.51974613  0.51974613  0.54195464  0.55331489  0.61290001  0.58848517  0.53076677  0.53076677  0.54195464  0.49818703  0.53076677  0.51974613  0.46698616  0.49818703  0.50888779  0.55331489  0.55331489  0.57657437  0.56485292  0.50888779  0.50888779  0.60059154  0.54195464  0.55331489  0.58848517  0.56485292  0.54195464  0.56485292  0.53076677  0.55331489  0.58848517  0.57657437  0.51974613  0.54195464  0.50888779  0.50888779  0.49818703  0.49818703  0.50888779  0.60059154  0.61290001  0.57657437  0.57657437  0.55331489  0.55331489  0.57657437  0.55331489  0.54195464  0.56485292  0.57657437  0.56485292  0.57657437  0.63815107  0.63815107  0.61290001  0.55331489  0.54195464  0.62541745  0.61290001  0.61290001  0.54195464  0.57657437  0.60059154  0.58848517  0.47724044  0.48763936  0.51974613  0.49818703  0.57657437  0.54195464  0.55331489  0.55331489  0.50888779  0.53076677  0.49818703  0.51974613  0.49818703  0.55331489  0.47724044  0.48763936  0.50888779  0.50888779  0.49818703  0.50888779  0.51974613  0.44689574  0.51974613  0.58848517  0.47724044  
3_1_0      0.12968324  0.16263291  0.09199398  0.01089085  0.00000000  0.03316736  0.34523253  0.33664943  0.33664943  0.36270443  0.34523253  0.35391673  0.32816509  0.38060041  0.36270443  0.38971397  0.40828616  0.42733826  0.58848517  0.58848517  0.53076677  0.56485292  0.57657437  0.55331489  0.57657437  0.57657437  0.57657437  0.58848517  0.55331489  0.56485292  0.51974613  0.53076677  0.61290001  0.60059154  0.54195464  0.51974613  0.54195464  0.54195464  0.51974613  0.53076677  0.58848517  0.57657437  0.55331489  0.58848517  0.46698616  0.54195464  0.53076677  0.54195464  0.54195464  0.56485292  0.56485292  0.55331489  0.57657437  0.49818703  0.49818703  0.49818703  0.50888779  0.51974613  0.48763936  0.48763936  0.47724044  0.44689574  0.41775067  0.44689574  0.45687252  0.44689574  0.55331489  0.54195464  0.63815107  0.62541745  0.63815107  0.61290001  0.61290001  0.49818703  0.50888779  0.50888779  0.53076677  0.41775067  0.42733826  0.43705216  0.46698616  0.41775067  0.46698616  0.42733826  0.43705216  0.41775067  0.40828616  0.40828616  0.45687252  0.39894159  0.45687252  0.46698616  0.45687252  0.43705216  0.53076677  0.54195464  0.47724044  0.53076677  0.47724044  0.56485292  0.55331489  0.50888779  0.51974613  0.51974613  0.51974613  0.54195464  0.55331489  0.61290001  0.58848517  0.53076677  0.53076677  0.54195464  0.47724044  0.51974613  0.50888779  0.45687252  0.48763936  0.49818703  0.54195464  0.54195464  0.55331489  0.56485292  0.48763936  0.48763936  0.60059154  0.53076677  0.54195464  0.57657437  0.55331489  0.53076677  0.56485292  0.53076677  0.55331489  0.58848517  0.57657437  0.51974613  0.54195464  0.50888779  0.50888779  0.49818703  0.49818703  0.50888779  0.60059154  0.61290001  0.57657437  0.57657437  0.55331489  0.55331489  0.57657437  0.55331489  0.54195464  0.56485292  0.57657437  0.56485292  0.57657437  0.63815107  0.63815107  0.61290001  0.55331489  0.54195464  0.62541745  0.61290001  0.61290001  0.54195464  0.55331489  0.57657437  0.60059154  0.47724044  0.46698616  0.49818703  0.47724044  0.55331489  0.56485292  0.55331489  0.53076677  0.48763936  0.53076677  0.49818703  0.51974613  0.49818703  0.55331489  0.45687252  0.46698616  0.48763936  0.48763936  0.47724044  0.50888779  0.51974613  0.46698616  0.49818703  0.61290001  0.49818703  
4_1_0      0.16940330  0.20422039  0.12968324  0.03316736  0.03316736  0.00000000  0.35391673  0.36270443  0.36270443  0.38971397  0.37159813  0.38060041  0.35391673  0.38971397  0.37159813  0.39894159  0.39894159  0.45687252  0.62541745  0.62541745  0.56485292  0.57657437  0.58848517  0.56485292  0.58848517  0.58848517  0.58848517  0.62541745  0.58848517  0.60059154  0.54195464  0.56485292  0.65110847  0.63815107  0.57657437  0.55331489  0.57657437  0.57657437  0.55331489  0.56485292  0.62541745  0.61290001  0.58848517  0.62541745  0.46698616  0.51974613  0.50888779  0.51974613  0.51974613  0.54195464  0.54195464  0.53076677  0.57657437  0.48763936  0.48763936  0.48763936  0.49818703  0.50888779  0.47724044  0.47724044  0.48763936  0.43705216  0.40828616  0.43705216  0.45687252  0.42733826  0.54195464  0.53076677  0.63815107  0.58848517  0.60059154  0.57657437  0.60059154  0.48763936  0.47724044  0.47724044  0.51974613  0.43705216  0.45687252  0.46698616  0.45687252  0.44689574  0.49818703  0.42733826  0.41775067  0.41775067  0.40828616  0.40828616  0.44689574  0.40828616  0.46698616  0.48763936  0.45687252  0.47724044  0.53076677  0.54195464  0.47724044  0.55331489  0.47724044  0.54195464  0.53076677  0.50888779  0.53076677  0.53076677  0.53076677  0.53076677  0.54195464  0.60059154  0.60059154  0.55331489  0.55331489  0.55331489  0.51974613  0.55331489  0.51974613  0.48763936  0.54195464  0.53076677  0.57657437  0.57657437  0.56485292  0.57657437  0.49818703  0.49818703  0.57657437  0.49818703  0.50888779  0.54195464  0.51974613  0.51974613  0.55331489  0.54195464  0.55331489  0.61290001  0.60059154  0.54195464  0.56485292  0.53076677  0.53076677  0.51974613  0.51974613  0.53076677  0.62541745  0.63815107  0.60059154  0.60059154  0.60059154  0.55331489  0.55331489  0.55331489  0.54195464  0.58848517  0.57657437  0.56485292  0.57657437  0.66429766  0.66429766  0.61290001  0.55331489  0.54195464  0.62541745  0.61290001  0.61290001  0.54195464  0.57657437  0.57657437  0.56485292  0.49818703  0.48763936  0.50888779  0.49818703  0.55331489  0.56485292  0.53076677  0.53076677  0.48763936  0.55331489  0.53076677  0.55331489  0.53076677  0.57657437  0.49818703  0.50888779  0.53076677  0.50888779  0.49818703  0.54195464  0.55331489  0.47724044  0.50888779  0.58848517  0.47724044  
12_1_0     0.26359141  0.30328257  0.29517157  0.34523253  0.34523253  0.35391673  0.00000000  0.02753482  0.03884326  0.05613792  0.03884326  0.02753482  0.03884326  0.05032785  0.03316736  0.12326639  0.17623643  0.16940330  0.54195464  0.56485292  0.57657437  0.57657437  0.60059154  0.56485292  0.60059154  0.60059154  0.60059154  0.60059154  0.57657437  0.58848517  0.55331489  0.57657437  0.54195464  0.57657437  0.56485292  0.53076677  0.54195464  0.58848517  0.56485292  0.57657437  0.58848517  0.57657437  0.56485292  0.58848517  0.51974613  0.41775067  0.42733826  0.39894159  0.39894159  0.42733826  0.40828616  0.43705216  0.43705216  0.44689574  0.44689574  0.46698616  0.43705216  0.47724044  0.46698616  0.46698616  0.46698616  0.45687252  0.53076677  0.49818703  0.54195464  0.54195464  0.45687252  0.46698616  0.46698616  0.47724044  0.49818703  0.44689574  0.46698616  0.42733826  0.47724044  0.45687252  0.45687252  0.49818703  0.38060041  0.37159813  0.43705216  0.44689574  0.40828616  0.44689574  0.49818703  0.49818703  0.49818703  0.46698616  0.44689574  0.36270443  0.42733826  0.38060041  0.39894159  0.48763936  0.44689574  0.43705216  0.44689574  0.43705216  0.47724044  0.51974613  0.50888779  0.46698616  0.48763936  0.48763936  0.48763936  0.46698616  0.48763936  0.48763936  0.50888779  0.55331489  0.55331489  0.44689574  0.50888779  0.48763936  0.49818703  0.56485292  0.50888779  0.49818703  0.54195464  0.54195464  0.49818703  0.46698616  0.48763936  0.48763936  0.55331489  0.46698616  0.47724044  0.45687252  0.44689574  0.46698616  0.45687252  0.44689574  0.39894159  0.42733826  0.41775067  0.40828616  0.40828616  0.46698616  0.46698616  0.44689574  0.44689574  0.45687252  0.51974613  0.47724044  0.48763936  0.50888779  0.49818703  0.47724044  0.45687252  0.45687252  0.47724044  0.43705216  0.50888779  0.51974613  0.53076677  0.56485292  0.56485292  0.54195464  0.50888779  0.51974613  0.51974613  0.56485292  0.54195464  0.54195464  0.57657437  0.49818703  0.55331489  0.42733826  0.42733826  0.47724044  0.44689574  0.53076677  0.49818703  0.55331489  0.46698616  0.50888779  0.46698616  0.43705216  0.44689574  0.42733826  0.43705216  0.44689574  0.43705216  0.43705216  0.48763936  0.48763936  0.43705216  0.43705216  0.46698616  0.60059154  0.55331489  0.41775067  
9_1_0      0.27136055  0.29517157  0.28714882  0.33664943  0.33664943  0.36270443  0.02753482  0.00000000  0.03316736  0.05032785  0.03316736  0.02194498  0.03316736  0.05613792  0.05032785  0.11690489  0.19009566  0.16940330  0.55331489  0.57657437  0.58848517  0.58848517  0.61290001  0.57657437  0.61290001  0.63815107  0.61290001  0.61290001  0.58848517  0.60059154  0.57657437  0.58848517  0.55331489  0.58848517  0.57657437  0.54195464  0.57657437  0.60059154  0.57657437  0.58848517  0.60059154  0.58848517  0.56485292  0.60059154  0.51974613  0.46698616  0.47724044  0.44689574  0.44689574  0.43705216  0.43705216  0.44689574  0.42733826  0.49818703  0.49818703  0.51974613  0.48763936  0.53076677  0.49818703  0.51974613  0.49818703  0.50888779  0.56485292  0.53076677  0.57657437  0.55331489  0.46698616  0.49818703  0.48763936  0.50888779  0.53076677  0.49818703  0.49818703  0.41775067  0.46698616  0.44689574  0.46698616  0.48763936  0.38971397  0.38060041  0.44689574  0.43705216  0.39894159  0.45687252  0.55331489  0.53076677  0.48763936  0.47724044  0.44689574  0.38060041  0.44689574  0.41775067  0.42733826  0.47724044  0.47724044  0.46698616  0.45687252  0.46698616  0.48763936  0.53076677  0.54195464  0.45687252  0.50888779  0.50888779  0.50888779  0.48763936  0.50888779  0.50888779  0.53076677  0.56485292  0.56485292  0.47724044  0.49818703  0.49818703  0.50888779  0.53076677  0.49818703  0.50888779  0.53076677  0.53076677  0.51974613  0.48763936  0.51974613  0.51974613  0.53076677  0.47724044  0.48763936  0.48763936  0.47724044  0.45687252  0.46698616  0.43705216  0.42733826  0.45687252  0.42733826  0.41775067  0.41775067  0.49818703  0.49818703  0.47724044  0.47724044  0.48763936  0.55331489  0.50888779  0.51974613  0.51974613  0.50888779  0.48763936  0.48763936  0.48763936  0.48763936  0.44689574  0.51974613  0.53076677  0.54195464  0.57657437  0.57657437  0.55331489  0.51974613  0.53076677  0.50888779  0.53076677  0.53076677  0.53076677  0.56485292  0.50888779  0.61290001  0.43705216  0.43705216  0.44689574  0.41775067  0.49818703  0.48763936  0.51974613  0.47724044  0.49818703  0.45687252  0.45687252  0.44689574  0.42733826  0.44689574  0.45687252  0.44689574  0.44689574  0.49818703  0.49818703  0.47724044  0.44689574  0.46698616  0.57657437  0.57657437  0.42733826  
14_1_0     0.27136055  0.31148380  0.28714882  0.33664943  0.33664943  0.36270443  0.03884326  0.03316736  0.00000000  0.01639720  0.04456319  0.03316736  0.04456319  0.06789726  0.05032785  0.11690489  0.16263291  0.14268695  0.55331489  0.57657437  0.58848517  0.58848517  0.61290001  0.57657437  0.61290001  0.63815107  0.61290001  0.61290001  0.58848517  0.60059154  0.55331489  0.56485292  0.55331489  0.58848517  0.55331489  0.54195464  0.57657437  0.57657437  0.55331489  0.56485292  0.60059154  0.58848517  0.55331489  0.60059154  0.53076677  0.45687252  0.46698616  0.43705216  0.43705216  0.38971397  0.40828616  0.41775067  0.39894159  0.47724044  0.47724044  0.49818703  0.46698616  0.50888779  0.47724044  0.49818703  0.49818703  0.48763936  0.54195464  0.50888779  0.55331489  0.53076677  0.44689574  0.49818703  0.51974613  0.53076677  0.53076677  0.49818703  0.49818703  0.43705216  0.46698616  0.44689574  0.42733826  0.44689574  0.37159813  0.39894159  0.42733826  0.41775067  0.38060041  0.43705216  0.53076677  0.50888779  0.46698616  0.47724044  0.42733826  0.36270443  0.45687252  0.42733826  0.40828616  0.43705216  0.43705216  0.42733826  0.43705216  0.42733826  0.44689574  0.50888779  0.51974613  0.45687252  0.48763936  0.48763936  0.48763936  0.48763936  0.50888779  0.50888779  0.53076677  0.54195464  0.54195464  0.47724044  0.49818703  0.47724044  0.48763936  0.53076677  0.50888779  0.51974613  0.49818703  0.49818703  0.47724044  0.46698616  0.49818703  0.49818703  0.53076677  0.47724044  0.48763936  0.46698616  0.45687252  0.43705216  0.43705216  0.40828616  0.39894159  0.43705216  0.42733826  0.41775067  0.41775067  0.49818703  0.49818703  0.47724044  0.47724044  0.48763936  0.57657437  0.53076677  0.54195464  0.54195464  0.53076677  0.47724044  0.49818703  0.47724044  0.49818703  0.45687252  0.53076677  0.54195464  0.55331489  0.58848517  0.58848517  0.56485292  0.53076677  0.54195464  0.51974613  0.51974613  0.49818703  0.54195464  0.55331489  0.48763936  0.58848517  0.45687252  0.45687252  0.44689574  0.41775067  0.49818703  0.50888779  0.54195464  0.43705216  0.45687252  0.41775067  0.47724044  0.46698616  0.44689574  0.46698616  0.43705216  0.44689574  0.44689574  0.49818703  0.49818703  0.47724044  0.45687252  0.46698616  0.56485292  0.58848517  0.40828616  
8_1_0      0.26359141  0.30328257  0.29517157  0.36270443  0.36270443  0.38971397  0.05613792  0.05032785  0.01639720  0.00000000  0.06199415  0.04456319  0.06199415  0.08589557  0.06789726  0.13615643  0.16940330  0.14927584  0.54195464  0.56485292  0.57657437  0.57657437  0.60059154  0.56485292  0.60059154  0.62541745  0.60059154  0.60059154  0.57657437  0.58848517  0.54195464  0.55331489  0.54195464  0.57657437  0.54195464  0.53076677  0.58848517  0.56485292  0.56485292  0.57657437  0.58848517  0.57657437  0.56485292  0.58848517  0.54195464  0.46698616  0.47724044  0.44689574  0.44689574  0.39894159  0.41775067  0.42733826  0.40828616  0.46698616  0.46698616  0.48763936  0.45687252  0.49818703  0.46698616  0.48763936  0.48763936  0.47724044  0.53076677  0.49818703  0.54195464  0.51974613  0.44689574  0.49818703  0.51974613  0.53076677  0.53076677  0.49818703  0.49818703  0.44689574  0.47724044  0.45687252  0.43705216  0.47724044  0.39894159  0.42733826  0.45687252  0.44689574  0.40828616  0.46698616  0.54195464  0.51974613  0.49818703  0.50888779  0.41775067  0.35391673  0.44689574  0.41775067  0.38060041  0.40828616  0.40828616  0.39894159  0.42733826  0.41775067  0.43705216  0.47724044  0.48763936  0.44689574  0.49818703  0.49818703  0.49818703  0.47724044  0.49818703  0.49818703  0.49818703  0.53076677  0.53076677  0.47724044  0.51974613  0.45687252  0.48763936  0.50888779  0.50888779  0.51974613  0.49818703  0.49818703  0.45687252  0.44689574  0.47724044  0.47724044  0.51974613  0.47724044  0.48763936  0.46698616  0.45687252  0.43705216  0.43705216  0.40828616  0.39894159  0.41775067  0.42733826  0.41775067  0.41775067  0.47724044  0.47724044  0.47724044  0.47724044  0.48763936  0.55331489  0.50888779  0.51974613  0.51974613  0.50888779  0.47724044  0.49818703  0.47724044  0.49818703  0.45687252  0.53076677  0.54195464  0.55331489  0.58848517  0.58848517  0.56485292  0.53076677  0.54195464  0.51974613  0.51974613  0.49818703  0.54195464  0.55331489  0.46698616  0.61290001  0.43705216  0.43705216  0.42733826  0.39894159  0.47724044  0.48763936  0.51974613  0.43705216  0.45687252  0.43705216  0.47724044  0.46698616  0.44689574  0.46698616  0.43705216  0.44689574  0.44689574  0.49818703  0.49818703  0.47724044  0.45687252  0.45687252  0.53076677  0.60059154  0.41775067  
12_10_0    0.29517157  0.31977727  0.29517157  0.34523253  0.34523253  0.37159813  0.03884326  0.03316736  0.04456319  0.06199415  0.00000000  0.03316736  0.04456319  0.06789726  0.06199415  0.12968324  0.20422039  0.18313348  0.54195464  0.56485292  0.57657437  0.57657437  0.60059154  0.56485292  0.60059154  0.62541745  0.60059154  0.60059154  0.57657437  0.58848517  0.54195464  0.55331489  0.54195464  0.57657437  0.56485292  0.53076677  0.56485292  0.58848517  0.56485292  0.57657437  0.58848517  0.57657437  0.54195464  0.58848517  0.55331489  0.45687252  0.46698616  0.45687252  0.45687252  0.44689574  0.44689574  0.45687252  0.45687252  0.50888779  0.50888779  0.53076677  0.49818703  0.54195464  0.50888779  0.53076677  0.50888779  0.51974613  0.57657437  0.54195464  0.58848517  0.56485292  0.47724044  0.49818703  0.50888779  0.54195464  0.56485292  0.50888779  0.50888779  0.40828616  0.47724044  0.45687252  0.45687252  0.49818703  0.39894159  0.40828616  0.47724044  0.46698616  0.42733826  0.48763936  0.54195464  0.51974613  0.49818703  0.48763936  0.45687252  0.38971397  0.43705216  0.42733826  0.43705216  0.48763936  0.47724044  0.46698616  0.46698616  0.47724044  0.47724044  0.54195464  0.55331489  0.48763936  0.51974613  0.51974613  0.51974613  0.49818703  0.51974613  0.49818703  0.51974613  0.56485292  0.56485292  0.44689574  0.53076677  0.50888779  0.51974613  0.56485292  0.53076677  0.54195464  0.54195464  0.54195464  0.50888779  0.47724044  0.50888779  0.50888779  0.56485292  0.50888779  0.51974613  0.49818703  0.48763936  0.46698616  0.45687252  0.42733826  0.41775067  0.46698616  0.43705216  0.42733826  0.42733826  0.50888779  0.50888779  0.48763936  0.48763936  0.49818703  0.56485292  0.53076677  0.54195464  0.54195464  0.53076677  0.51974613  0.51974613  0.49818703  0.51974613  0.47724044  0.55331489  0.56485292  0.57657437  0.61290001  0.61290001  0.58848517  0.55331489  0.56485292  0.51974613  0.56485292  0.51974613  0.56485292  0.60059154  0.50888779  0.62541745  0.46698616  0.46698616  0.47724044  0.44689574  0.50888779  0.51974613  0.55331489  0.48763936  0.50888779  0.48763936  0.46698616  0.41775067  0.41775067  0.45687252  0.46698616  0.45687252  0.45687252  0.50888779  0.50888779  0.48763936  0.46698616  0.49818703  0.55331489  0.60059154  0.43705216  
9_10_0     0.28714882  0.31148380  0.30328257  0.35391673  0.35391673  0.38060041  0.02753482  0.02194498  0.03316736  0.04456319  0.03316736  0.00000000  0.03316736  0.05613792  0.05032785  0.11690489  0.19009566  0.16940330  0.54195464  0.56485292  0.57657437  0.57657437  0.60059154  0.56485292  0.60059154  0.62541745  0.60059154  0.60059154  0.57657437  0.58848517  0.56485292  0.57657437  0.54195464  0.57657437  0.56485292  0.53076677  0.56485292  0.58848517  0.56485292  0.57657437  0.58848517  0.57657437  0.56485292  0.58848517  0.53076677  0.45687252  0.46698616  0.43705216  0.43705216  0.42733826  0.42733826  0.45687252  0.43705216  0.48763936  0.48763936  0.50888779  0.47724044  0.51974613  0.48763936  0.50888779  0.48763936  0.49818703  0.55331489  0.51974613  0.56485292  0.54195464  0.45687252  0.48763936  0.48763936  0.51974613  0.54195464  0.48763936  0.48763936  0.42733826  0.47724044  0.45687252  0.45687252  0.50888779  0.38971397  0.39894159  0.46698616  0.45687252  0.41775067  0.47724044  0.54195464  0.51974613  0.50888779  0.49818703  0.43705216  0.38060041  0.43705216  0.40828616  0.41775067  0.46698616  0.46698616  0.45687252  0.44689574  0.45687252  0.47724044  0.51974613  0.53076677  0.47724044  0.49818703  0.49818703  0.49818703  0.47724044  0.49818703  0.49818703  0.51974613  0.55331489  0.55331489  0.45687252  0.49818703  0.47724044  0.48763936  0.53076677  0.49818703  0.50888779  0.50888779  0.50888779  0.49818703  0.46698616  0.49818703  0.49818703  0.53076677  0.47724044  0.48763936  0.46698616  0.45687252  0.43705216  0.44689574  0.41775067  0.40828616  0.43705216  0.40828616  0.39894159  0.39894159  0.49818703  0.49818703  0.47724044  0.47724044  0.48763936  0.55331489  0.50888779  0.51974613  0.51974613  0.50888779  0.48763936  0.48763936  0.46698616  0.48763936  0.45687252  0.51974613  0.53076677  0.54195464  0.57657437  0.57657437  0.55331489  0.51974613  0.53076677  0.48763936  0.53076677  0.50888779  0.53076677  0.56485292  0.48763936  0.58848517  0.43705216  0.43705216  0.44689574  0.41775067  0.49818703  0.48763936  0.51974613  0.45687252  0.47724044  0.45687252  0.43705216  0.42733826  0.40828616  0.42733826  0.43705216  0.42733826  0.42733826  0.47724044  0.47724044  0.45687252  0.43705216  0.48763936  0.57657437  0.60059154  0.42733826  
14_10_0    0.28714882  0.31148380  0.29517157  0.32816509  0.32816509  0.35391673  0.03884326  0.03316736  0.04456319  0.06199415  0.04456319  0.03316736  0.00000000  0.04456319  0.06199415  0.12326639  0.19009566  0.17623643  0.54195464  0.56485292  0.57657437  0.56485292  0.56485292  0.53076677  0.58848517  0.61290001  0.58848517  0.57657437  0.55331489  0.56485292  0.56485292  0.55331489  0.51974613  0.55331489  0.54195464  0.50888779  0.54195464  0.56485292  0.54195464  0.55331489  0.56485292  0.55331489  0.54195464  0.56485292  0.50888779  0.43705216  0.42733826  0.41775067  0.41775067  0.42733826  0.42733826  0.43705216  0.41775067  0.48763936  0.48763936  0.50888779  0.47724044  0.50888779  0.47724044  0.49818703  0.50888779  0.49818703  0.55331489  0.51974613  0.58848517  0.54195464  0.45687252  0.48763936  0.46698616  0.51974613  0.54195464  0.48763936  0.48763936  0.42733826  0.47724044  0.45687252  0.45687252  0.48763936  0.36270443  0.35391673  0.44689574  0.42733826  0.38971397  0.44689574  0.49818703  0.47724044  0.45687252  0.44689574  0.43705216  0.35391673  0.41775067  0.40828616  0.41775067  0.44689574  0.46698616  0.45687252  0.42733826  0.43705216  0.47724044  0.49818703  0.50888779  0.44689574  0.47724044  0.47724044  0.47724044  0.45687252  0.47724044  0.45687252  0.47724044  0.53076677  0.53076677  0.46698616  0.50888779  0.50888779  0.49818703  0.54195464  0.50888779  0.51974613  0.51974613  0.51974613  0.53076677  0.47724044  0.50888779  0.50888779  0.54195464  0.48763936  0.49818703  0.47724044  0.46698616  0.44689574  0.47724044  0.44689574  0.43705216  0.46698616  0.41775067  0.40828616  0.40828616  0.48763936  0.48763936  0.46698616  0.46698616  0.47724044  0.54195464  0.50888779  0.51974613  0.51974613  0.49818703  0.49818703  0.49818703  0.47724044  0.49818703  0.47724044  0.53076677  0.51974613  0.53076677  0.56485292  0.56485292  0.54195464  0.50888779  0.51974613  0.49818703  0.54195464  0.51974613  0.54195464  0.57657437  0.49818703  0.62541745  0.44689574  0.44689574  0.45687252  0.42733826  0.49818703  0.48763936  0.51974613  0.44689574  0.46698616  0.46698616  0.44689574  0.45687252  0.43705216  0.45687252  0.46698616  0.45687252  0.45687252  0.50888779  0.50888779  0.48763936  0.46698616  0.47724044  0.55331489  0.56485292  0.39894159  
8_10_0     0.31977727  0.34523253  0.31148380  0.38060041  0.38060041  0.38971397  0.05032785  0.05613792  0.06789726  0.08589557  0.06789726  0.05613792  0.04456319  0.00000000  0.07384802  0.14927584  0.19712420  0.16263291  0.57657437  0.60059154  0.57657437  0.57657437  0.62541745  0.58848517  0.60059154  0.62541745  0.60059154  0.56485292  0.54195464  0.55331489  0.56485292  0.56485292  0.50888779  0.54195464  0.55331489  0.49818703  0.55331489  0.55331489  0.53076677  0.54195464  0.55331489  0.54195464  0.53076677  0.55331489  0.53076677  0.41775067  0.42733826  0.39894159  0.39894159  0.40828616  0.35391673  0.41775067  0.41775067  0.50888779  0.50888779  0.53076677  0.49818703  0.51974613  0.50888779  0.53076677  0.50888779  0.49818703  0.57657437  0.54195464  0.56485292  0.56485292  0.47724044  0.48763936  0.50888779  0.49818703  0.51974613  0.46698616  0.48763936  0.42733826  0.45687252  0.43705216  0.45687252  0.49818703  0.38060041  0.38971397  0.49818703  0.48763936  0.42733826  0.51974613  0.53076677  0.53076677  0.50888779  0.51974613  0.42733826  0.36270443  0.44689574  0.39894159  0.45687252  0.48763936  0.48763936  0.47724044  0.48763936  0.49818703  0.51974613  0.49818703  0.50888779  0.48763936  0.50888779  0.50888779  0.50888779  0.48763936  0.49818703  0.48763936  0.50888779  0.53076677  0.53076677  0.46698616  0.50888779  0.50888779  0.49818703  0.58848517  0.53076677  0.51974613  0.54195464  0.54195464  0.50888779  0.47724044  0.53076677  0.53076677  0.53076677  0.48763936  0.49818703  0.49818703  0.48763936  0.46698616  0.47724044  0.44689574  0.41775067  0.48763936  0.45687252  0.44689574  0.44689574  0.48763936  0.48763936  0.46698616  0.46698616  0.47724044  0.54195464  0.49818703  0.50888779  0.55331489  0.51974613  0.54195464  0.51974613  0.51974613  0.54195464  0.47724044  0.55331489  0.56485292  0.57657437  0.58848517  0.58848517  0.56485292  0.53076677  0.54195464  0.49818703  0.56485292  0.54195464  0.56485292  0.60059154  0.54195464  0.57657437  0.46698616  0.48763936  0.49818703  0.46698616  0.50888779  0.49818703  0.57657437  0.50888779  0.53076677  0.48763936  0.45687252  0.42733826  0.43705216  0.45687252  0.46698616  0.45687252  0.45687252  0.50888779  0.48763936  0.47724044  0.45687252  0.46698616  0.57657437  0.63815107  0.41775067  
10_1_0     0.27921243  0.31977727  0.31148380  0.36270443  0.36270443  0.37159813  0.03316736  0.05032785  0.05032785  0.06789726  0.06199415  0.05032785  0.06199415  0.07384802  0.00000000  0.13615643  0.18313348  0.17623643  0.53076677  0.55331489  0.54195464  0.56485292  0.58848517  0.55331489  0.58848517  0.61290001  0.58848517  0.56485292  0.56485292  0.57657437  0.54195464  0.56485292  0.53076677  0.56485292  0.55331489  0.51974613  0.57657437  0.55331489  0.53076677  0.54195464  0.60059154  0.58848517  0.53076677  0.57657437  0.53076677  0.42733826  0.43705216  0.40828616  0.40828616  0.43705216  0.43705216  0.46698616  0.46698616  0.48763936  0.48763936  0.50888779  0.47724044  0.51974613  0.50888779  0.50888779  0.50888779  0.47724044  0.57657437  0.54195464  0.58848517  0.58848517  0.45687252  0.46698616  0.50888779  0.49818703  0.51974613  0.46698616  0.48763936  0.44689574  0.46698616  0.46698616  0.41775067  0.50888779  0.38971397  0.39894159  0.43705216  0.43705216  0.39894159  0.45687252  0.50888779  0.50888779  0.50888779  0.47724044  0.40828616  0.34523253  0.41775067  0.40828616  0.38971397  0.46698616  0.45687252  0.44689574  0.43705216  0.42733826  0.44689574  0.50888779  0.51974613  0.45687252  0.47724044  0.47724044  0.47724044  0.47724044  0.49818703  0.51974613  0.54195464  0.54195464  0.54195464  0.44689574  0.51974613  0.54195464  0.48763936  0.55331489  0.54195464  0.53076677  0.53076677  0.53076677  0.47724044  0.46698616  0.51974613  0.51974613  0.56485292  0.45687252  0.46698616  0.44689574  0.43705216  0.45687252  0.44689574  0.43705216  0.42733826  0.43705216  0.40828616  0.41775067  0.39894159  0.45687252  0.45687252  0.43705216  0.43705216  0.44689574  0.53076677  0.48763936  0.49818703  0.51974613  0.50888779  0.48763936  0.46698616  0.46698616  0.48763936  0.44689574  0.51974613  0.50888779  0.51974613  0.57657437  0.57657437  0.55331489  0.51974613  0.53076677  0.50888779  0.53076677  0.50888779  0.55331489  0.56485292  0.50888779  0.54195464  0.45687252  0.45687252  0.46698616  0.45687252  0.49818703  0.50888779  0.54195464  0.45687252  0.47724044  0.45687252  0.42733826  0.43705216  0.41775067  0.40828616  0.39894159  0.38971397  0.38971397  0.43705216  0.43705216  0.42733826  0.42733826  0.47724044  0.56485292  0.55331489  0.38971397  
13_1_0     0.30328257  0.27921243  0.30328257  0.37159813  0.38971397  0.39894159  0.12326639  0.11690489  0.11690489  0.13615643  0.12968324  0.11690489  0.12326639  0.14927584  0.13615643  0.00000000  0.17623643  0.15592413  0.54195464  0.56485292  0.57657437  0.57657437  0.57657437  0.54195464  0.57657437  0.60059154  0.57657437  0.62541745  0.60059154  0.61290001  0.58848517  0.60059154  0.56485292  0.60059154  0.58848517  0.55331489  0.58848517  0.61290001  0.58848517  0.60059154  0.61290001  0.60059154  0.56485292  0.58848517  0.51974613  0.46698616  0.47724044  0.46698616  0.46698616  0.43705216  0.47724044  0.50888779  0.48763936  0.54195464  0.54195464  0.56485292  0.53076677  0.57657437  0.54195464  0.56485292  0.49818703  0.50888779  0.54195464  0.50888779  0.49818703  0.54195464  0.43705216  0.46698616  0.49818703  0.47724044  0.49818703  0.44689574  0.44689574  0.47724044  0.54195464  0.53076677  0.46698616  0.55331489  0.42733826  0.43705216  0.44689574  0.45687252  0.42733826  0.47724044  0.53076677  0.50888779  0.46698616  0.47724044  0.42733826  0.41775067  0.48763936  0.43705216  0.38971397  0.45687252  0.47724044  0.46698616  0.43705216  0.48763936  0.44689574  0.50888779  0.51974613  0.45687252  0.50888779  0.50888779  0.50888779  0.46698616  0.48763936  0.51974613  0.56485292  0.54195464  0.56485292  0.44689574  0.50888779  0.46698616  0.51974613  0.54195464  0.49818703  0.50888779  0.53076677  0.53076677  0.57657437  0.53076677  0.55331489  0.55331489  0.54195464  0.51974613  0.50888779  0.48763936  0.48763936  0.46698616  0.46698616  0.48763936  0.46698616  0.38971397  0.38060041  0.37159813  0.37159813  0.48763936  0.48763936  0.48763936  0.48763936  0.47724044  0.51974613  0.48763936  0.49818703  0.49818703  0.49818703  0.41775067  0.43705216  0.43705216  0.43705216  0.45687252  0.46698616  0.46698616  0.47724044  0.53076677  0.53076677  0.48763936  0.47724044  0.50888779  0.45687252  0.49818703  0.47724044  0.47724044  0.53076677  0.49818703  0.60059154  0.49818703  0.49818703  0.43705216  0.42733826  0.47724044  0.53076677  0.54195464  0.43705216  0.46698616  0.46698616  0.48763936  0.47724044  0.45687252  0.43705216  0.44689574  0.45687252  0.45687252  0.48763936  0.48763936  0.53076677  0.50888779  0.48763936  0.63815107  0.54195464  0.41775067  
5_1_0      0.35391673  0.32816509  0.31977727  0.40828616  0.40828616  0.39894159  0.17623643  0.19009566  0.16263291  0.16940330  0.20422039  0.19009566  0.19009566  0.19712420  0.18313348  0.17623643  0.00000000  0.07384802  0.57657437  0.60059154  0.60059154  0.61290001  0.61290001  0.57657437  0.61290001  0.62541745  0.61290001  0.66429766  0.63815107  0.65110847  0.61290001  0.61290001  0.60059154  0.63815107  0.60059154  0.61290001  0.63815107  0.62541745  0.62541745  0.63815107  0.65110847  0.63815107  0.60059154  0.65110847  0.58848517  0.50888779  0.51974613  0.53076677  0.53076677  0.47724044  0.49818703  0.54195464  0.54195464  0.60059154  0.60059154  0.62541745  0.58848517  0.63815107  0.60059154  0.62541745  0.57657437  0.56485292  0.61290001  0.60059154  0.60059154  0.58848517  0.49818703  0.51974613  0.56485292  0.53076677  0.53076677  0.49818703  0.51974613  0.61290001  0.55331489  0.54195464  0.48763936  0.56485292  0.46698616  0.48763936  0.41775067  0.50888779  0.50888779  0.57657437  0.56485292  0.56485292  0.51974613  0.53076677  0.45687252  0.43705216  0.49818703  0.50888779  0.49818703  0.58848517  0.53076677  0.54195464  0.57657437  0.53076677  0.60059154  0.57657437  0.57657437  0.49818703  0.62541745  0.62541745  0.62541745  0.57657437  0.60059154  0.49818703  0.54195464  0.58848517  0.58848517  0.48763936  0.55331489  0.53076677  0.56485292  0.56485292  0.62541745  0.58848517  0.60059154  0.60059154  0.58848517  0.55331489  0.56485292  0.56485292  0.54195464  0.51974613  0.53076677  0.50888779  0.50888779  0.50888779  0.47724044  0.48763936  0.42733826  0.46698616  0.47724044  0.47724044  0.46698616  0.48763936  0.48763936  0.48763936  0.48763936  0.49818703  0.56485292  0.49818703  0.50888779  0.53076677  0.51974613  0.50888779  0.50888779  0.50888779  0.50888779  0.51974613  0.51974613  0.57657437  0.58848517  0.62541745  0.62541745  0.57657437  0.54195464  0.57657437  0.55331489  0.51974613  0.51974613  0.53076677  0.56485292  0.53076677  0.55331489  0.49818703  0.49818703  0.48763936  0.45687252  0.51974613  0.55331489  0.54195464  0.48763936  0.50888779  0.51974613  0.55331489  0.55331489  0.53076677  0.51974613  0.50888779  0.51974613  0.54195464  0.55331489  0.55331489  0.53076677  0.53076677  0.47724044  0.56485292  0.48763936  0.45687252  
