20
1_0_0      0.00000000  0.00409302  0.00000000  0.26206501  0.39604159  0.34861480  0.38907593  0.35520542  0.35520542  0.35520542  0.35520542  0.35520542  0.34861480  0.35520542  0.49317512  0.46959255  0.50120730  0.53424440  0.52584476  0.52584476  
2_0_0      0.00409302  0.00000000  0.00409302  0.25625628  0.40307395  0.34208280  0.38217571  0.34861480  0.36185571  0.36185571  0.36185571  0.36185571  0.35520542  0.36185571  0.48522983  0.46189701  0.49317512  0.54274121  0.53424440  0.53424440  
3_0_0      0.00000000  0.00409302  0.00000000  0.26206501  0.39604159  0.34861480  0.38907593  0.35520542  0.35520542  0.35520542  0.35520542  0.35520542  0.34861480  0.35520542  0.49317512  0.46959255  0.50120730  0.53424440  0.52584476  0.52584476  
20_0_0     0.26206501  0.25625628  0.26206501  0.00000000  0.32919054  0.28577054  0.32919054  0.33560838  0.24477486  0.25625628  0.26792005  0.26792005  0.25049313  0.25049313  0.41734396  0.38217571  0.41017430  0.44674370  0.43928270  0.43928270  
15_0_0     0.39604159  0.40307395  0.39604159  0.32919054  0.00000000  0.21136976  0.25625628  0.39604159  0.35520542  0.34861480  0.34861480  0.34861480  0.36185571  0.36856677  0.50932830  0.51754010  0.49317512  0.50120730  0.49317512  0.49317512  
6_0_0      0.34861480  0.34208280  0.34861480  0.28577054  0.21136976  0.00000000  0.12422316  0.31652070  0.22233683  0.21683282  0.22788240  0.22788240  0.22788240  0.22233683  0.46959255  0.46189701  0.46959255  0.54274121  0.53424440  0.53424440  
14_0_0     0.38907593  0.38217571  0.38907593  0.32919054  0.25625628  0.12422316  0.00000000  0.32919054  0.25625628  0.25049313  0.26206501  0.26206501  0.26206501  0.26792005  0.41734396  0.41017430  0.43189673  0.47736957  0.46959255  0.46959255  
16_0_0     0.35520542  0.34861480  0.35520542  0.33560838  0.39604159  0.31652070  0.32919054  0.00000000  0.36856677  0.38217571  0.38217571  0.38217571  0.39604159  0.39604159  0.46189701  0.48522983  0.49317512  0.56003556  0.56003556  0.56003556  
5_0_0      0.35520542  0.36185571  0.35520542  0.24477486  0.35520542  0.22233683  0.25625628  0.36856677  0.00000000  0.00820897  0.01651073  0.01651073  0.09114274  0.09114274  0.37533972  0.35520542  0.37533972  0.47736957  0.45428128  0.45428128  
10_0_0     0.35520542  0.36185571  0.35520542  0.25625628  0.34861480  0.21683282  0.25049313  0.38217571  0.00820897  0.00000000  0.00820897  0.00820897  0.08195856  0.08195856  0.36856677  0.34861480  0.36856677  0.46959255  0.44674370  0.44674370  
4_0_0      0.35520542  0.36185571  0.35520542  0.26792005  0.34861480  0.22788240  0.26206501  0.38217571  0.01651073  0.00820897  0.00000000  0.00000000  0.09114274  0.09114274  0.35520542  0.33560838  0.36856677  0.46959255  0.44674370  0.44674370  
12_0_0     0.35520542  0.36185571  0.35520542  0.26792005  0.34861480  0.22788240  0.26206501  0.38217571  0.01651073  0.00820897  0.00000000  0.00000000  0.09114274  0.09114274  0.35520542  0.33560838  0.36856677  0.46959255  0.44674370  0.44674370  
11_0_0     0.34861480  0.35520542  0.34861480  0.25049313  0.36185571  0.22788240  0.26206501  0.39604159  0.09114274  0.08195856  0.09114274  0.09114274  0.00000000  0.00820897  0.37533972  0.34208280  0.34861480  0.42458430  0.43189673  0.43189673  
17_0_0     0.35520542  0.36185571  0.35520542  0.25049313  0.36856677  0.22233683  0.26792005  0.39604159  0.09114274  0.08195856  0.09114274  0.09114274  0.00820897  0.00000000  0.37533972  0.34208280  0.34861480  0.42458430  0.43189673  0.43189673  
18_0_0     0.49317512  0.48522983  0.49317512  0.41734396  0.50932830  0.46959255  0.41734396  0.46189701  0.37533972  0.36856677  0.35520542  0.35520542  0.37533972  0.37533972  0.00000000  0.02069707  0.06839409  0.25625628  0.23347016  0.23347016  
8_0_0      0.46959255  0.46189701  0.46959255  0.38217571  0.51754010  0.46189701  0.41017430  0.48522983  0.35520542  0.34861480  0.33560838  0.33560838  0.34208280  0.34208280  0.02069707  0.00000000  0.07288780  0.25049313  0.22788240  0.22788240  
19_0_0     0.50120730  0.49317512  0.50120730  0.41017430  0.49317512  0.46959255  0.43189673  0.49317512  0.37533972  0.36856677  0.36856677  0.36856677  0.34861480  0.34861480  0.06839409  0.07288780  0.00000000  0.30406572  0.29181844  0.29181844  
7_0_0      0.53424440  0.54274121  0.53424440  0.44674370  0.50120730  0.54274121  0.47736957  0.56003556  0.47736957  0.46959255  0.46959255  0.46959255  0.42458430  0.42458430  0.25625628  0.25049313  0.30406572  0.00000000  0.03340119  0.03340119  
9_0_0      0.52584476  0.53424440  0.52584476  0.43928270  0.49317512  0.53424440  0.46959255  0.56003556  0.45428128  0.44674370  0.44674370  0.44674370  0.43189673  0.43189673  0.23347016  0.22788240  0.29181844  0.03340119  0.00000000  0.00000000  
13_0_0     0.52584476  0.53424440  0.52584476  0.43928270  0.49317512  0.53424440  0.46959255  0.56003556  0.45428128  0.44674370  0.44674370  0.44674370  0.43189673  0.43189673  0.23347016  0.22788240  0.29181844  0.03340119  0.00000000  0.00000000  

