20
1_0_0      0.00000000  0.01234699  0.00409289  0.20023808  0.34755913  0.34755913  0.34106947  0.40162542  0.29109835  0.27319347  0.29109835  0.29716390  0.23862914  0.24997274  0.36737552  0.34755913  0.38773531  0.39464789  0.40866915  0.40866915  
2_0_0      0.01234699  0.00000000  0.00820847  0.18962418  0.35410601  0.36737552  0.33463605  0.41578033  0.28508196  0.26731985  0.28508196  0.29109835  0.24427928  0.25571020  0.36737552  0.34755913  0.40162542  0.37410028  0.38773531  0.38773531  
3_0_0      0.00409289  0.00820847  0.00000000  0.19491216  0.34106947  0.35410601  0.33463605  0.40866915  0.28508196  0.26731985  0.28508196  0.29109835  0.23302167  0.24427928  0.37410028  0.35410601  0.39464789  0.38773531  0.40162542  0.40162542  
20_0_0     0.20023808  0.18962418  0.19491216  0.00000000  0.26731985  0.34106947  0.37410028  0.39464789  0.25571020  0.24427928  0.23862914  0.25571020  0.22745623  0.22745623  0.44492635  0.42296028  0.45239519  0.38088650  0.38088650  0.38088650  
15_0_0     0.34755913  0.35410601  0.34106947  0.26731985  0.00000000  0.15866351  0.22193220  0.32825789  0.33463605  0.30944569  0.32825789  0.33463605  0.30327940  0.30944569  0.49090969  0.48304531  0.46756211  0.45993993  0.45993993  0.45993993  
6_0_0      0.34755913  0.36737552  0.35410601  0.34106947  0.15866351  0.00000000  0.17398248  0.26731985  0.34106947  0.34106947  0.36071112  0.36737552  0.26731985  0.27319347  0.42296028  0.40866915  0.43021034  0.45993993  0.45993993  0.45993993  
14_0_0     0.34106947  0.33463605  0.33463605  0.37410028  0.22193220  0.17398248  0.00000000  0.28508196  0.39464789  0.38088650  0.40162542  0.40866915  0.33463605  0.34106947  0.43753189  0.43021034  0.41578033  0.45993993  0.44492635  0.44492635  
16_0_0     0.40162542  0.41578033  0.40866915  0.39464789  0.32825789  0.26731985  0.28508196  0.00000000  0.46756211  0.45993993  0.45239519  0.43021034  0.39464789  0.40162542  0.51501531  0.52322762  0.51501531  0.57450553  0.55701646  0.55701646  
5_0_0      0.29109835  0.28508196  0.28508196  0.25571020  0.33463605  0.34106947  0.39464789  0.46756211  0.00000000  0.02069387  0.02490277  0.03767452  0.12410242  0.11451626  0.40866915  0.40162542  0.44492635  0.34106947  0.35410601  0.35410601  
10_0_0     0.27319347  0.26731985  0.26731985  0.24427928  0.30944569  0.34106947  0.38088650  0.45993993  0.02069387  0.00000000  0.01234699  0.02490277  0.12894231  0.11929387  0.38088650  0.37410028  0.41578033  0.34106947  0.35410601  0.35410601  
4_0_0      0.29109835  0.28508196  0.28508196  0.23862914  0.32825789  0.36071112  0.40162542  0.45239519  0.02490277  0.01234699  0.00000000  0.01234699  0.14365421  0.13381396  0.37410028  0.36737552  0.40866915  0.36071112  0.37410028  0.37410028  
12_0_0     0.29716390  0.29109835  0.29109835  0.25571020  0.33463605  0.36737552  0.40866915  0.43021034  0.03767452  0.02490277  0.01234699  0.00000000  0.15866351  0.14862368  0.38088650  0.37410028  0.43021034  0.38088650  0.39464789  0.39464789  
11_0_0     0.23862914  0.24427928  0.23302167  0.22745623  0.30327940  0.26731985  0.33463605  0.39464789  0.12410242  0.12894231  0.14365421  0.15866351  0.00000000  0.00820847  0.36071112  0.34106947  0.36737552  0.35410601  0.36737552  0.36737552  
17_0_0     0.24997274  0.25571020  0.24427928  0.22745623  0.30944569  0.27319347  0.34106947  0.40162542  0.11451626  0.11929387  0.13381396  0.14862368  0.00820847  0.00000000  0.36071112  0.34106947  0.36737552  0.34106947  0.35410601  0.35410601  
18_0_0     0.36737552  0.36737552  0.37410028  0.44492635  0.49090969  0.42296028  0.43753189  0.51501531  0.40866915  0.38088650  0.37410028  0.38088650  0.36071112  0.36071112  0.00000000  0.01234699  0.06389659  0.21100591  0.22193220  0.22193220  
8_0_0      0.34755913  0.34755913  0.35410601  0.42296028  0.48304531  0.40866915  0.43021034  0.52322762  0.40162542  0.37410028  0.36737552  0.37410028  0.34106947  0.34106947  0.01234699  0.00000000  0.05946143  0.19491216  0.20560248  0.20560248  
19_0_0     0.38773531  0.40162542  0.39464789  0.45239519  0.46756211  0.43021034  0.41578033  0.51501531  0.44492635  0.41578033  0.40866915  0.43021034  0.36737552  0.36737552  0.06389659  0.05946143  0.00000000  0.21644896  0.21644896  0.21644896  
7_0_0      0.39464789  0.37410028  0.38773531  0.38088650  0.45993993  0.45993993  0.45993993  0.57450553  0.34106947  0.34106947  0.36071112  0.38088650  0.35410601  0.34106947  0.21100591  0.19491216  0.21644896  0.00000000  0.01234699  0.01234699  
9_0_0      0.40866915  0.38773531  0.40162542  0.38088650  0.45993993  0.45993993  0.44492635  0.55701646  0.35410601  0.35410601  0.37410028  0.39464789  0.36737552  0.35410601  0.22193220  0.20560248  0.21644896  0.01234699  0.00000000  0.00000000  
13_0_0     0.40866915  0.38773531  0.40162542  0.38088650  0.45993993  0.45993993  0.44492635  0.55701646  0.35410601  0.35410601  0.37410028  0.39464789  0.36737552  0.35410601  0.22193220  0.20560248  0.21644896  0.01234699  0.00000000  0.00000000  

