103
5_0_0      0.00000000  0.02021548  0.02708246  0.12685282  0.11505751  0.11505751  0.59684412  0.66900735  0.53827233  0.54533779  0.59684412  0.64413833  0.51748377  0.51748377  0.58174719  0.58925598  0.58925598  0.55968077  0.53827233  0.56696116  0.58174719  0.56696116  0.58174719  0.57431611  0.53127572  0.53127572  0.58925598  0.62010191  0.58174719  0.58174719  0.58925598  0.54533779  0.56696116  0.49067004  0.49728018  0.53827233  0.53127572  0.56696116  0.58925598  0.55247347  0.55968077  0.63603646  0.67749218  0.66900735  0.67749218  0.66062161  0.64413833  0.62010191  0.62802498  0.64413833  0.61226531  0.62010191  0.57431611  0.60451332  0.58174719  0.58174719  0.58174719  0.58925598  0.61226531  0.60451332  0.59684412  0.59684412  0.59684412  0.59684412  0.62802498  0.66062161  0.71247120  0.67749218  0.67749218  0.61226531  0.63603646  0.64413833  0.58925598  0.58174719  0.68607849  0.63603646  0.56696116  0.62802498  0.58925598  0.55968077  0.68607849  0.66900735  0.70356540  0.67749218  0.68607849  0.66900735  0.69476871  0.68607849  0.65233267  0.66900735  0.69476871  0.58925598  0.56696116  0.57431611  0.60451332  0.61226531  0.60451332  0.60451332  0.61226531  0.53827233  0.56696116  0.56696116  0.53127572  
2_0_0      0.02021548  0.00000000  0.03401575  0.14288749  0.13082804  0.13082804  0.58174719  0.64413833  0.53127572  0.53827233  0.58925598  0.63603646  0.51068588  0.51068588  0.60451332  0.61226531  0.61226531  0.55968077  0.53827233  0.55968077  0.57431611  0.57431611  0.58925598  0.56696116  0.52434663  0.53827233  0.58174719  0.61226531  0.57431611  0.57431611  0.58174719  0.55247347  0.57431611  0.49728018  0.50395174  0.54533779  0.53827233  0.57431611  0.58174719  0.54533779  0.55247347  0.66062161  0.70356540  0.69476871  0.69476871  0.67749218  0.66900735  0.64413833  0.65233267  0.66900735  0.63603646  0.64413833  0.59684412  0.62802498  0.60451332  0.60451332  0.60451332  0.61226531  0.62010191  0.61226531  0.58174719  0.59684412  0.59684412  0.59684412  0.60451332  0.65233267  0.70356540  0.66900735  0.66900735  0.62010191  0.62802498  0.65233267  0.58174719  0.58925598  0.69476871  0.66062161  0.57431611  0.62010191  0.58174719  0.56696116  0.67749218  0.67749218  0.71247120  0.65233267  0.66062161  0.64413833  0.66900735  0.66062161  0.64413833  0.66062161  0.70356540  0.58925598  0.56696116  0.58174719  0.61226531  0.62010191  0.61226531  0.61226531  0.62010191  0.54533779  0.55968077  0.54533779  0.52434663  
1_0_0      0.02708246  0.03401575  0.00000000  0.14288749  0.13082804  0.13082804  0.57431611  0.64413833  0.50395174  0.51068588  0.55968077  0.60451332  0.51068588  0.51068588  0.57431611  0.58174719  0.58174719  0.53827233  0.51748377  0.54533779  0.55968077  0.55968077  0.55968077  0.55247347  0.53827233  0.52434663  0.58174719  0.61226531  0.57431611  0.57431611  0.58174719  0.55247347  0.55968077  0.48412019  0.49067004  0.53127572  0.52434663  0.55968077  0.59684412  0.51748377  0.52434663  0.64413833  0.66062161  0.66062161  0.66900735  0.65233267  0.63603646  0.61226531  0.62010191  0.63603646  0.60451332  0.61226531  0.56696116  0.59684412  0.55968077  0.55968077  0.57431611  0.58174719  0.62010191  0.61226531  0.58925598  0.58925598  0.58925598  0.58925598  0.62010191  0.65233267  0.70356540  0.66900735  0.66900735  0.57431611  0.61226531  0.62010191  0.59684412  0.60451332  0.66900735  0.64413833  0.55968077  0.62010191  0.57431611  0.55247347  0.69476871  0.67749218  0.73062119  0.68607849  0.69476871  0.67749218  0.68607849  0.67749218  0.62802498  0.64413833  0.69476871  0.59684412  0.57431611  0.58174719  0.59684412  0.60451332  0.59684412  0.59684412  0.60451332  0.53127572  0.58925598  0.58925598  0.55247347  
4_0_0      0.12685282  0.14288749  0.14288749  0.00000000  0.01003660  0.01003660  0.60451332  0.69476871  0.55247347  0.58925598  0.58174719  0.59684412  0.55247347  0.55247347  0.58174719  0.58925598  0.58925598  0.58925598  0.56696116  0.62010191  0.59684412  0.56696116  0.63603646  0.62802498  0.53127572  0.53127572  0.59684412  0.62010191  0.57431611  0.58925598  0.58174719  0.49728018  0.58174719  0.54533779  0.53827233  0.58174719  0.56696116  0.58925598  0.61226531  0.54533779  0.55247347  0.58174719  0.60451332  0.59684412  0.58925598  0.60451332  0.56696116  0.55968077  0.55247347  0.56696116  0.55247347  0.54533779  0.53827233  0.55968077  0.52434663  0.52434663  0.55247347  0.55247347  0.54533779  0.55247347  0.53127572  0.55968077  0.55968077  0.55968077  0.64413833  0.66062161  0.66062161  0.61226531  0.64413833  0.60451332  0.61226531  0.59684412  0.57431611  0.56696116  0.69476871  0.60451332  0.55247347  0.58174719  0.58925598  0.55247347  0.73987118  0.73062119  0.73987118  0.75873651  0.76835837  0.74924189  0.69476871  0.68607849  0.71247120  0.73062119  0.68607849  0.60451332  0.59684412  0.61226531  0.61226531  0.62010191  0.61226531  0.61226531  0.62010191  0.59684412  0.55968077  0.57431611  0.55247347  
7_0_0      0.11505751  0.13082804  0.13082804  0.01003660  0.00000000  0.00000000  0.58174719  0.70356540  0.54533779  0.58174719  0.58925598  0.60451332  0.54533779  0.54533779  0.58925598  0.59684412  0.59684412  0.59684412  0.57431611  0.61226531  0.58925598  0.55968077  0.62802498  0.62010191  0.53827233  0.52434663  0.58925598  0.62802498  0.56696116  0.58174719  0.57431611  0.50395174  0.57431611  0.53827233  0.53127572  0.57431611  0.55968077  0.58174719  0.60451332  0.53827233  0.54533779  0.57431611  0.61226531  0.58925598  0.59684412  0.61226531  0.57431611  0.56696116  0.55968077  0.57431611  0.55968077  0.55247347  0.54533779  0.56696116  0.53127572  0.53127572  0.55968077  0.55968077  0.55247347  0.54533779  0.53827233  0.55247347  0.55247347  0.55247347  0.62010191  0.65233267  0.66900735  0.62010191  0.65233267  0.61226531  0.62010191  0.60451332  0.55968077  0.55968077  0.66900735  0.61226531  0.53127572  0.57431611  0.56696116  0.53127572  0.71247120  0.70356540  0.71247120  0.74924189  0.75873651  0.73987118  0.70356540  0.69476871  0.70356540  0.72148884  0.69476871  0.58174719  0.57431611  0.60451332  0.58925598  0.59684412  0.58925598  0.58925598  0.59684412  0.58174719  0.55247347  0.56696116  0.55968077  
8_0_0      0.11505751  0.13082804  0.13082804  0.01003660  0.00000000  0.00000000  0.58174719  0.70356540  0.54533779  0.58174719  0.58925598  0.60451332  0.54533779  0.54533779  0.58925598  0.59684412  0.59684412  0.59684412  0.57431611  0.61226531  0.58925598  0.55968077  0.62802498  0.62010191  0.53827233  0.52434663  0.58925598  0.62802498  0.56696116  0.58174719  0.57431611  0.50395174  0.57431611  0.53827233  0.53127572  0.57431611  0.55968077  0.58174719  0.60451332  0.53827233  0.54533779  0.57431611  0.61226531  0.58925598  0.59684412  0.61226531  0.57431611  0.56696116  0.55968077  0.57431611  0.55968077  0.55247347  0.54533779  0.56696116  0.53127572  0.53127572  0.55968077  0.55968077  0.55247347  0.54533779  0.53827233  0.55247347  0.55247347  0.55247347  0.62010191  0.65233267  0.66900735  0.62010191  0.65233267  0.61226531  0.62010191  0.60451332  0.55968077  0.55968077  0.66900735  0.61226531  0.53127572  0.57431611  0.56696116  0.53127572  0.71247120  0.70356540  0.71247120  0.74924189  0.75873651  0.73987118  0.70356540  0.69476871  0.70356540  0.72148884  0.69476871  0.58174719  0.57431611  0.60451332  0.58925598  0.59684412  0.58925598  0.58925598  0.59684412  0.58174719  0.55247347  0.56696116  0.55968077  
3_0_0      0.59684412  0.58174719  0.57431611  0.60451332  0.58174719  0.58174719  0.00000000  0.07708314  0.59684412  0.54533779  0.62802498  0.61226531  0.57431611  0.57431611  0.60451332  0.61226531  0.58925598  0.66062161  0.61226531  0.56696116  0.58174719  0.58925598  0.67749218  0.66062161  0.61226531  0.60451332  0.66900735  0.73062119  0.63603646  0.63603646  0.62802498  0.71247120  0.67749218  0.68607849  0.67749218  0.66062161  0.69476871  0.65233267  0.75873651  0.54533779  0.54533779  0.62010191  0.67749218  0.58925598  0.62010191  0.64413833  0.59684412  0.65233267  0.62010191  0.64413833  0.61226531  0.60451332  0.64413833  0.62802498  0.62010191  0.62010191  0.62010191  0.62802498  0.55968077  0.55968077  0.53827233  0.55247347  0.55247347  0.53827233  0.68607849  0.66062161  0.65233267  0.61226531  0.64413833  0.67749218  0.67749218  0.65233267  0.58174719  0.57431611  0.58174719  0.53827233  0.54533779  0.61226531  0.59684412  0.53127572  0.62010191  0.63603646  0.62802498  0.65233267  0.63603646  0.63603646  0.58174719  0.57431611  0.65233267  0.68607849  0.61226531  0.57431611  0.54533779  0.53827233  0.47762955  0.48412019  0.48412019  0.47762955  0.48412019  0.59684412  0.61226531  0.58174719  0.59684412  
6_0_0      0.66900735  0.64413833  0.64413833  0.69476871  0.70356540  0.70356540  0.07708314  0.00000000  0.62010191  0.61226531  0.62010191  0.58925598  0.58925598  0.58925598  0.62010191  0.62802498  0.62010191  0.64413833  0.59684412  0.55247347  0.58925598  0.62802498  0.69476871  0.67749218  0.64413833  0.62802498  0.69476871  0.73062119  0.69476871  0.69476871  0.68607849  0.73062119  0.69476871  0.66062161  0.65233267  0.66900735  0.70356540  0.65233267  0.72148884  0.58174719  0.58174719  0.66062161  0.66062161  0.59684412  0.67749218  0.66900735  0.64413833  0.69476871  0.68607849  0.69476871  0.62802498  0.63603646  0.65233267  0.65233267  0.62802498  0.62802498  0.62802498  0.63603646  0.54533779  0.54533779  0.55968077  0.58925598  0.58925598  0.58925598  0.70356540  0.66900735  0.62010191  0.59684412  0.62802498  0.69476871  0.65233267  0.64413833  0.62802498  0.62010191  0.65233267  0.56696116  0.57431611  0.61226531  0.62010191  0.56696116  0.67749218  0.69476871  0.70356540  0.66900735  0.65233267  0.65233267  0.56696116  0.55968077  0.64413833  0.67749218  0.65233267  0.65233267  0.62010191  0.58174719  0.56696116  0.57431611  0.57431611  0.56696116  0.57431611  0.65233267  0.63603646  0.62010191  0.59684412  
89_0_0     0.53827233  0.53127572  0.50395174  0.55247347  0.54533779  0.54533779  0.59684412  0.62010191  0.00000000  0.06607170  0.29592493  0.25213692  0.23811487  0.23811487  0.44602833  0.45223829  0.42171203  0.44602833  0.42171203  0.34793118  0.35334513  0.34793118  0.39819232  0.40400041  0.41575948  0.42171203  0.42771434  0.38671519  0.42171203  0.41575948  0.42771434  0.41575948  0.38104470  0.38104470  0.38671519  0.37541864  0.38671519  0.40985588  0.40985588  0.33193002  0.32145731  0.36429707  0.37541864  0.38671519  0.39243082  0.40400041  0.36429707  0.33722422  0.35334513  0.35334513  0.36429707  0.35334513  0.32145731  0.35880022  0.31113516  0.31113516  0.31627769  0.34793118  0.37541864  0.34255774  0.38671519  0.36429707  0.36429707  0.36429707  0.40985588  0.40985588  0.37541864  0.37541864  0.38104470  0.38671519  0.42171203  0.42771434  0.42771434  0.44602833  0.40400041  0.42171203  0.37541864  0.45223829  0.38104470  0.38104470  0.43987162  0.43376725  0.45223829  0.50395174  0.49728018  0.48412019  0.45223829  0.44602833  0.45850242  0.46482169  0.48412019  0.44602833  0.43987162  0.40985588  0.40985588  0.41575948  0.40400041  0.40985588  0.41575948  0.36429707  0.40985588  0.40400041  0.37541864  
47_0_0     0.54533779  0.53827233  0.51068588  0.58925598  0.58174719  0.58174719  0.54533779  0.61226531  0.06607170  0.00000000  0.29092563  0.24743241  0.22436143  0.22436143  0.42771434  0.43376725  0.40400041  0.42771434  0.41575948  0.33722422  0.35334513  0.34793118  0.40400041  0.38671519  0.38671519  0.38671519  0.39819232  0.39243082  0.40400041  0.39819232  0.40985588  0.40985588  0.38671519  0.38671519  0.39243082  0.36983632  0.38104470  0.40400041  0.45223829  0.29592493  0.28596089  0.38671519  0.40985588  0.39819232  0.40400041  0.42771434  0.36983632  0.34793118  0.35334513  0.35880022  0.35880022  0.35880022  0.31113516  0.34255774  0.30602920  0.30602920  0.30095929  0.34255774  0.41575948  0.38104470  0.40400041  0.39243082  0.39243082  0.39243082  0.45850242  0.44602833  0.42171203  0.42171203  0.41575948  0.39819232  0.43376725  0.43987162  0.42171203  0.43987162  0.39243082  0.41575948  0.36983632  0.45223829  0.38671519  0.36983632  0.42771434  0.42171203  0.41575948  0.47119706  0.46482169  0.45223829  0.42171203  0.41575948  0.44602833  0.46482169  0.45850242  0.42771434  0.40985588  0.40985588  0.37541864  0.38104470  0.38104470  0.37541864  0.38104470  0.35334513  0.40400041  0.38671519  0.38104470  
83_0_0     0.59684412  0.58925598  0.55968077  0.58174719  0.58925598  0.58925598  0.62802498  0.62010191  0.29592493  0.29092563  0.00000000  0.07708314  0.22436143  0.22436143  0.47762955  0.48412019  0.45223829  0.42171203  0.41575948  0.36983632  0.36983632  0.37541864  0.42771434  0.42171203  0.43987162  0.42171203  0.42171203  0.39243082  0.43376725  0.41575948  0.42771434  0.44602833  0.42771434  0.41575948  0.42171203  0.44602833  0.45850242  0.40400041  0.49067004  0.32667457  0.32667457  0.40400041  0.39819232  0.35880022  0.41575948  0.38671519  0.39243082  0.37541864  0.38104470  0.37541864  0.36429707  0.39243082  0.35334513  0.35334513  0.34255774  0.34255774  0.32667457  0.32667457  0.40400041  0.39243082  0.42771434  0.40985588  0.40985588  0.39819232  0.46482169  0.46482169  0.45223829  0.45850242  0.45850242  0.42171203  0.44602833  0.43987162  0.44602833  0.47119706  0.42771434  0.45850242  0.37541864  0.42171203  0.38104470  0.39243082  0.60451332  0.60451332  0.61226531  0.58174719  0.58174719  0.57431611  0.51068588  0.51068588  0.55247347  0.55247347  0.50395174  0.49067004  0.49067004  0.48412019  0.47762955  0.47119706  0.47119706  0.47762955  0.48412019  0.43376725  0.40400041  0.41575948  0.43376725  
72_0_0     0.64413833  0.63603646  0.60451332  0.59684412  0.60451332  0.60451332  0.61226531  0.58925598  0.25213692  0.24743241  0.07708314  0.00000000  0.16763158  0.16763158  0.43987162  0.44602833  0.43987162  0.38671519  0.38104470  0.36983632  0.37541864  0.37541864  0.43376725  0.42171203  0.38104470  0.34793118  0.38671519  0.35334513  0.40400041  0.39819232  0.39819232  0.38671519  0.37541864  0.38104470  0.38671519  0.39819232  0.40985588  0.35880022  0.42771434  0.32667457  0.31627769  0.34793118  0.36429707  0.32667457  0.36983632  0.35334513  0.33722422  0.31113516  0.31627769  0.32145731  0.32145731  0.31627769  0.30602920  0.31627769  0.30095929  0.30095929  0.28596089  0.30602920  0.33193002  0.33193002  0.37541864  0.36983632  0.36983632  0.35880022  0.47119706  0.46482169  0.45850242  0.45223829  0.46482169  0.39243082  0.40400041  0.40985588  0.42771434  0.40985588  0.39819232  0.40400041  0.32667457  0.38671519  0.34255774  0.33722422  0.49067004  0.49067004  0.48412019  0.49067004  0.48412019  0.47762955  0.43987162  0.43987162  0.47119706  0.51068588  0.46482169  0.45223829  0.45850242  0.43987162  0.41575948  0.40985588  0.42171203  0.41575948  0.42171203  0.39243082  0.35880022  0.37541864  0.40400041  
95_0_0     0.51748377  0.51068588  0.51068588  0.55247347  0.54533779  0.54533779  0.57431611  0.58925598  0.23811487  0.22436143  0.22436143  0.16763158  0.00000000  0.00000000  0.39819232  0.40400041  0.39819232  0.36429707  0.35880022  0.32667457  0.33193002  0.32145731  0.35334513  0.32145731  0.36429707  0.33193002  0.34255774  0.32145731  0.36983632  0.36429707  0.37541864  0.34255774  0.34255774  0.31627769  0.32145731  0.33722422  0.33722422  0.35334513  0.38104470  0.29592493  0.28596089  0.39243082  0.38671519  0.35334513  0.38104470  0.36429707  0.33722422  0.32145731  0.33722422  0.32667457  0.31627769  0.32145731  0.31627769  0.33722422  0.30602920  0.30602920  0.30095929  0.31113516  0.33722422  0.31627769  0.35880022  0.35880022  0.35880022  0.34793118  0.42171203  0.42171203  0.41575948  0.39819232  0.40985588  0.39819232  0.38671519  0.39243082  0.38671519  0.34793118  0.38104470  0.38104470  0.29092563  0.36983632  0.31113516  0.32667457  0.45850242  0.45223829  0.44602833  0.48412019  0.47762955  0.47762955  0.44602833  0.43987162  0.47119706  0.51748377  0.42771434  0.42171203  0.42771434  0.38104470  0.40400041  0.40985588  0.40985588  0.40400041  0.40985588  0.35880022  0.32667457  0.33722422  0.38671519  
9_0_0      0.51748377  0.51068588  0.51068588  0.55247347  0.54533779  0.54533779  0.57431611  0.58925598  0.23811487  0.22436143  0.22436143  0.16763158  0.00000000  0.00000000  0.39819232  0.40400041  0.39819232  0.36429707  0.35880022  0.32667457  0.33193002  0.32145731  0.35334513  0.32145731  0.36429707  0.33193002  0.34255774  0.32145731  0.36983632  0.36429707  0.37541864  0.34255774  0.34255774  0.31627769  0.32145731  0.33722422  0.33722422  0.35334513  0.38104470  0.29592493  0.28596089  0.39243082  0.38671519  0.35334513  0.38104470  0.36429707  0.33722422  0.32145731  0.33722422  0.32667457  0.31627769  0.32145731  0.31627769  0.33722422  0.30602920  0.30602920  0.30095929  0.31113516  0.33722422  0.31627769  0.35880022  0.35880022  0.35880022  0.34793118  0.42171203  0.42171203  0.41575948  0.39819232  0.40985588  0.39819232  0.38671519  0.39243082  0.38671519  0.34793118  0.38104470  0.38104470  0.29092563  0.36983632  0.31113516  0.32667457  0.45850242  0.45223829  0.44602833  0.48412019  0.47762955  0.47762955  0.44602833  0.43987162  0.47119706  0.51748377  0.42771434  0.42171203  0.42771434  0.38104470  0.40400041  0.40985588  0.40985588  0.40400041  0.40985588  0.35880022  0.32667457  0.33722422  0.38671519  
43_0_0     0.58174719  0.60451332  0.57431611  0.58174719  0.58925598  0.58925598  0.60451332  0.62010191  0.44602833  0.42771434  0.47762955  0.43987162  0.39819232  0.39819232  0.00000000  0.00332997  0.02364076  0.18461443  0.15515295  0.22436143  0.21983487  0.21983487  0.25687245  0.26643826  0.31627769  0.31627769  0.34255774  0.35334513  0.35880022  0.36429707  0.36429707  0.30095929  0.33193002  0.29092563  0.29592493  0.27613322  0.28596089  0.32667457  0.36429707  0.30602920  0.30602920  0.34793118  0.35334513  0.37541864  0.35334513  0.35880022  0.34255774  0.39819232  0.35880022  0.35880022  0.33722422  0.33193002  0.38104470  0.41575948  0.39243082  0.39243082  0.38671519  0.35334513  0.42771434  0.41575948  0.39819232  0.40400041  0.40400041  0.41575948  0.47762955  0.47762955  0.42771434  0.43376725  0.44602833  0.40985588  0.42771434  0.39819232  0.39243082  0.36429707  0.42171203  0.36983632  0.37541864  0.40985588  0.34793118  0.35880022  0.48412019  0.49067004  0.49067004  0.49728018  0.49067004  0.49067004  0.47119706  0.46482169  0.51748377  0.54533779  0.42771434  0.43376725  0.42771434  0.39819232  0.40400041  0.39819232  0.39819232  0.40400041  0.40985588  0.41575948  0.44602833  0.44602833  0.40400041  
41_0_0     0.58925598  0.61226531  0.58174719  0.58925598  0.59684412  0.59684412  0.61226531  0.62802498  0.45223829  0.43376725  0.48412019  0.44602833  0.40400041  0.40400041  0.00332997  0.00000000  0.02708246  0.18892366  0.15928844  0.21983487  0.21533667  0.21533667  0.26163942  0.27126938  0.32145731  0.32145731  0.34793118  0.35880022  0.36429707  0.36983632  0.36983632  0.30602920  0.33722422  0.29592493  0.30095929  0.28103024  0.29092563  0.33193002  0.35880022  0.31113516  0.31113516  0.35334513  0.34793118  0.38104470  0.35880022  0.36429707  0.34793118  0.40400041  0.36429707  0.36429707  0.34255774  0.33722422  0.38671519  0.42171203  0.39819232  0.39819232  0.39243082  0.35880022  0.43376725  0.42171203  0.40400041  0.40985588  0.40985588  0.42171203  0.47119706  0.47119706  0.42171203  0.42771434  0.43987162  0.40400041  0.42171203  0.39243082  0.38671519  0.35880022  0.41575948  0.36429707  0.38104470  0.41575948  0.35334513  0.36429707  0.47762955  0.48412019  0.48412019  0.50395174  0.49728018  0.49728018  0.47762955  0.47119706  0.52434663  0.55247347  0.42171203  0.43987162  0.43376725  0.40400041  0.40985588  0.40400041  0.40400041  0.40985588  0.41575948  0.40985588  0.43987162  0.43987162  0.40985588  
68_0_0     0.58925598  0.61226531  0.58174719  0.58925598  0.59684412  0.59684412  0.58925598  0.62010191  0.42171203  0.40400041  0.45223829  0.43987162  0.39819232  0.39819232  0.02364076  0.02708246  0.00000000  0.17607279  0.14288749  0.21533667  0.20200872  0.19325890  0.23350106  0.25213692  0.31627769  0.32667457  0.34255774  0.33722422  0.35880022  0.35334513  0.36429707  0.30602920  0.33193002  0.30095929  0.30602920  0.29592493  0.30602920  0.31627769  0.37541864  0.29592493  0.29592493  0.34793118  0.37541864  0.38104470  0.36429707  0.37541864  0.34255774  0.38671519  0.35880022  0.34793118  0.33722422  0.34255774  0.38104470  0.41575948  0.38671519  0.38671519  0.38104470  0.36429707  0.40400041  0.39243082  0.39819232  0.41575948  0.41575948  0.41575948  0.48412019  0.48412019  0.42171203  0.42771434  0.42771434  0.42171203  0.45223829  0.42171203  0.40985588  0.37541864  0.40985588  0.36983632  0.37541864  0.43376725  0.34793118  0.34793118  0.47119706  0.47762955  0.49067004  0.48412019  0.47762955  0.47762955  0.48412019  0.47762955  0.50395174  0.53127572  0.41575948  0.42771434  0.40985588  0.39243082  0.39819232  0.39243082  0.39243082  0.39819232  0.40400041  0.39243082  0.45850242  0.44602833  0.41575948  
54_0_0     0.55968077  0.55968077  0.53827233  0.58925598  0.59684412  0.59684412  0.66062161  0.64413833  0.44602833  0.42771434  0.42171203  0.38671519  0.36429707  0.36429707  0.18461443  0.18892366  0.17607279  0.00000000  0.04101664  0.24743241  0.22436143  0.22891670  0.27126938  0.29092563  0.33722422  0.32145731  0.31627769  0.32667457  0.33193002  0.33722422  0.33722422  0.28596089  0.33722422  0.31627769  0.32145731  0.31113516  0.32145731  0.32667457  0.38104470  0.29592493  0.29592493  0.39243082  0.40985588  0.40400041  0.39819232  0.38671519  0.38104470  0.38671519  0.36983632  0.36429707  0.38104470  0.36429707  0.36983632  0.39819232  0.38671519  0.38671519  0.38104470  0.33722422  0.40400041  0.39243082  0.42771434  0.45223829  0.45223829  0.45223829  0.47762955  0.45223829  0.46482169  0.46482169  0.45850242  0.46482169  0.45850242  0.47762955  0.39243082  0.36429707  0.40400041  0.39243082  0.39819232  0.42171203  0.35334513  0.36429707  0.51068588  0.50395174  0.50395174  0.47119706  0.46482169  0.47762955  0.47762955  0.47119706  0.45223829  0.47762955  0.42771434  0.40400041  0.40985588  0.36983632  0.40400041  0.39819232  0.40985588  0.40400041  0.40985588  0.36983632  0.41575948  0.43376725  0.42771434  
35_0_0     0.53827233  0.53827233  0.51748377  0.56696116  0.57431611  0.57431611  0.61226531  0.59684412  0.42171203  0.41575948  0.41575948  0.38104470  0.35880022  0.35880022  0.15515295  0.15928844  0.14288749  0.04101664  0.00000000  0.21983487  0.21533667  0.19325890  0.28103024  0.31113516  0.30095929  0.29092563  0.27613322  0.29592493  0.30095929  0.30602920  0.30602920  0.26643826  0.31627769  0.27613322  0.28103024  0.28103024  0.29092563  0.30602920  0.36983632  0.29092563  0.29092563  0.37541864  0.38104470  0.39819232  0.39243082  0.38104470  0.36429707  0.38104470  0.36429707  0.35880022  0.35334513  0.34793118  0.36429707  0.39243082  0.36983632  0.36983632  0.37541864  0.32145731  0.35334513  0.34255774  0.38671519  0.40985588  0.40985588  0.39819232  0.47762955  0.45223829  0.43987162  0.43987162  0.43376725  0.44602833  0.43987162  0.44602833  0.36983632  0.35880022  0.41575948  0.39819232  0.35334513  0.41575948  0.31113516  0.34255774  0.48412019  0.49067004  0.50395174  0.48412019  0.47762955  0.47762955  0.46482169  0.45850242  0.45223829  0.46482169  0.39819232  0.40400041  0.40985588  0.34793118  0.35880022  0.35334513  0.36429707  0.35880022  0.36429707  0.33722422  0.39819232  0.41575948  0.39819232  
25_0_0     0.56696116  0.55968077  0.54533779  0.62010191  0.61226531  0.61226531  0.56696116  0.55247347  0.34793118  0.33722422  0.36983632  0.36983632  0.32667457  0.32667457  0.22436143  0.21983487  0.21533667  0.24743241  0.21983487  0.00000000  0.06243843  0.12289948  0.22436143  0.23811487  0.32667457  0.32145731  0.30602920  0.32145731  0.34255774  0.33722422  0.33722422  0.34255774  0.35880022  0.27613322  0.27126938  0.27613322  0.29592493  0.32145731  0.32145731  0.26643826  0.26643826  0.36429707  0.35880022  0.34793118  0.39243082  0.37541864  0.33722422  0.36983632  0.35880022  0.35334513  0.33193002  0.33722422  0.33722422  0.37541864  0.33722422  0.33722422  0.33722422  0.32667457  0.36429707  0.34255774  0.39243082  0.38671519  0.38671519  0.38671519  0.37541864  0.39819232  0.35334513  0.34793118  0.36983632  0.42771434  0.42171203  0.42771434  0.40400041  0.39243082  0.35334513  0.39819232  0.36429707  0.38104470  0.33722422  0.33193002  0.45850242  0.47119706  0.49728018  0.47119706  0.46482169  0.47119706  0.45850242  0.45223829  0.47119706  0.48412019  0.41575948  0.43987162  0.44602833  0.35334513  0.36429707  0.35880022  0.36983632  0.36429707  0.36983632  0.39819232  0.38671519  0.38671519  0.42771434  
100_0_0    0.58174719  0.57431611  0.55968077  0.59684412  0.58925598  0.58925598  0.58174719  0.58925598  0.35334513  0.35334513  0.36983632  0.37541864  0.33193002  0.33193002  0.21983487  0.21533667  0.20200872  0.22436143  0.21533667  0.06243843  0.00000000  0.13082804  0.22436143  0.23811487  0.33722422  0.31113516  0.31113516  0.34793118  0.34793118  0.34255774  0.34255774  0.35880022  0.37541864  0.30095929  0.29592493  0.28103024  0.29092563  0.31627769  0.34793118  0.27613322  0.27613322  0.36429707  0.36983632  0.34255774  0.38104470  0.37541864  0.34255774  0.35880022  0.35880022  0.35334513  0.33722422  0.34255774  0.33722422  0.35880022  0.34255774  0.34255774  0.34793118  0.32667457  0.36429707  0.34255774  0.39819232  0.39243082  0.39243082  0.39243082  0.42171203  0.40985588  0.35334513  0.34793118  0.35880022  0.41575948  0.40985588  0.42771434  0.40985588  0.39819232  0.38671519  0.40400041  0.35880022  0.39243082  0.34255774  0.33722422  0.46482169  0.46482169  0.50395174  0.48412019  0.47762955  0.48412019  0.46482169  0.45850242  0.48412019  0.49728018  0.43987162  0.42171203  0.41575948  0.36983632  0.39243082  0.38671519  0.39819232  0.39243082  0.39819232  0.38104470  0.41575948  0.41575948  0.43376725  
55_0_0     0.56696116  0.57431611  0.55968077  0.56696116  0.55968077  0.55968077  0.58925598  0.62802498  0.34793118  0.34793118  0.37541864  0.37541864  0.32145731  0.32145731  0.21983487  0.21533667  0.19325890  0.22891670  0.19325890  0.12289948  0.13082804  0.00000000  0.21086647  0.24275853  0.30602920  0.28103024  0.27613322  0.27613322  0.31113516  0.29592493  0.30602920  0.29092563  0.33193002  0.27613322  0.28103024  0.28103024  0.29092563  0.31627769  0.32667457  0.27613322  0.27613322  0.31113516  0.30602920  0.31113516  0.33193002  0.33722422  0.28103024  0.30602920  0.29592493  0.29092563  0.27613322  0.28103024  0.32145731  0.35334513  0.30602920  0.30602920  0.32145731  0.33722422  0.38671519  0.36429707  0.36983632  0.35334513  0.35334513  0.35334513  0.38671519  0.38671519  0.34255774  0.32145731  0.34793118  0.43987162  0.45850242  0.45223829  0.39243082  0.38671519  0.38104470  0.40400041  0.35334513  0.43376725  0.33722422  0.34793118  0.39819232  0.40400041  0.42171203  0.45223829  0.44602833  0.43987162  0.45850242  0.45223829  0.45850242  0.44602833  0.38104470  0.39243082  0.38671519  0.33722422  0.34793118  0.34255774  0.35334513  0.34793118  0.35334513  0.35880022  0.41575948  0.41575948  0.48412019  
14_0_0     0.58174719  0.58925598  0.55968077  0.63603646  0.62802498  0.62802498  0.67749218  0.69476871  0.39819232  0.40400041  0.42771434  0.43376725  0.35334513  0.35334513  0.25687245  0.26163942  0.23350106  0.27126938  0.28103024  0.22436143  0.22436143  0.21086647  0.00000000  0.04454285  0.37541864  0.39819232  0.37541864  0.36983632  0.40400041  0.39819232  0.40985588  0.34255774  0.35880022  0.33722422  0.34255774  0.33193002  0.33193002  0.38671519  0.38671519  0.32145731  0.32145731  0.37541864  0.38104470  0.40985588  0.42171203  0.40400041  0.38104470  0.40985588  0.39243082  0.38104470  0.35880022  0.36429707  0.38104470  0.41575948  0.39819232  0.39819232  0.38104470  0.38104470  0.43987162  0.41575948  0.44602833  0.43376725  0.43376725  0.43376725  0.43376725  0.40985588  0.40400041  0.40400041  0.39819232  0.44602833  0.46482169  0.47762955  0.42171203  0.42771434  0.42171203  0.39243082  0.42771434  0.42771434  0.36983632  0.36983632  0.51068588  0.49067004  0.49728018  0.53827233  0.53127572  0.53827233  0.53827233  0.53127572  0.49728018  0.51748377  0.43987162  0.46482169  0.43376725  0.39819232  0.44602833  0.45223829  0.43987162  0.44602833  0.45223829  0.42771434  0.46482169  0.47762955  0.48412019  
74_0_0     0.57431611  0.56696116  0.55247347  0.62802498  0.62010191  0.62010191  0.66062161  0.67749218  0.40400041  0.38671519  0.42171203  0.42171203  0.32145731  0.32145731  0.26643826  0.27126938  0.25213692  0.29092563  0.31113516  0.23811487  0.23811487  0.24275853  0.04454285  0.00000000  0.38671519  0.37541864  0.38104470  0.38671519  0.40985588  0.40400041  0.41575948  0.35334513  0.37541864  0.33193002  0.33722422  0.33722422  0.33722422  0.36983632  0.38671519  0.30602920  0.30602920  0.38671519  0.39243082  0.39819232  0.42771434  0.39819232  0.38671519  0.42171203  0.40400041  0.38671519  0.38104470  0.37541864  0.38104470  0.39819232  0.39243082  0.39243082  0.37541864  0.39243082  0.45223829  0.42771434  0.42171203  0.42171203  0.42171203  0.42171203  0.41575948  0.38671519  0.39243082  0.39243082  0.38671519  0.47119706  0.47762955  0.49728018  0.43987162  0.42771434  0.43987162  0.39243082  0.40985588  0.40400041  0.39243082  0.38671519  0.50395174  0.51068588  0.51748377  0.53827233  0.51748377  0.53827233  0.52434663  0.51748377  0.51068588  0.53127572  0.43987162  0.48412019  0.45223829  0.43376725  0.48412019  0.49067004  0.47762955  0.48412019  0.49067004  0.42171203  0.45223829  0.43987162  0.46482169  
11_0_0     0.53127572  0.52434663  0.53827233  0.53127572  0.53827233  0.53827233  0.61226531  0.64413833  0.41575948  0.38671519  0.43987162  0.38104470  0.36429707  0.36429707  0.31627769  0.32145731  0.31627769  0.33722422  0.30095929  0.32667457  0.33722422  0.30602920  0.37541864  0.38671519  0.00000000  0.09581931  0.12289948  0.19762048  0.12685282  0.13884513  0.13082804  0.13082804  0.21983487  0.16763158  0.16344789  0.15928844  0.17607279  0.19762048  0.24743241  0.29592493  0.29592493  0.36983632  0.42171203  0.39243082  0.39243082  0.37541864  0.37541864  0.36983632  0.35334513  0.38671519  0.36983632  0.36429707  0.37541864  0.38104470  0.36983632  0.36983632  0.37541864  0.38671519  0.37541864  0.36429707  0.43376725  0.42771434  0.42771434  0.42771434  0.47119706  0.47119706  0.40985588  0.43376725  0.41575948  0.39243082  0.42771434  0.40985588  0.39819232  0.39243082  0.42771434  0.42171203  0.36429707  0.39819232  0.35880022  0.32145731  0.38104470  0.39243082  0.38104470  0.43987162  0.43376725  0.42171203  0.42771434  0.42171203  0.42171203  0.44602833  0.40400041  0.40400041  0.38671519  0.35334513  0.34793118  0.34255774  0.34255774  0.34793118  0.35334513  0.38671519  0.43376725  0.39819232  0.39243082  
34_0_0     0.53127572  0.53827233  0.52434663  0.53127572  0.52434663  0.52434663  0.60451332  0.62802498  0.42171203  0.38671519  0.42171203  0.34793118  0.33193002  0.33193002  0.31627769  0.32145731  0.32667457  0.32145731  0.29092563  0.32145731  0.31113516  0.28103024  0.39819232  0.37541864  0.09581931  0.00000000  0.11896779  0.19762048  0.11505751  0.12685282  0.11896779  0.14695274  0.22436143  0.17183978  0.16763158  0.16344789  0.17183978  0.18033091  0.28103024  0.28596089  0.28596089  0.35334513  0.38104470  0.33193002  0.38104470  0.35334513  0.34793118  0.33193002  0.31627769  0.35334513  0.35880022  0.34255774  0.32667457  0.33193002  0.33193002  0.33193002  0.32667457  0.32667457  0.35334513  0.34255774  0.40400041  0.38671519  0.38671519  0.38671519  0.46482169  0.48412019  0.44602833  0.45850242  0.45223829  0.37541864  0.40985588  0.40400041  0.43987162  0.37541864  0.41575948  0.38104470  0.34255774  0.41575948  0.36429707  0.31113516  0.35880022  0.39243082  0.39243082  0.43376725  0.42771434  0.42771434  0.40985588  0.40400041  0.43376725  0.47119706  0.43376725  0.38671519  0.36983632  0.35334513  0.36983632  0.36429707  0.37541864  0.36983632  0.37541864  0.39819232  0.42771434  0.39243082  0.45223829  
77_0_0     0.58925598  0.58174719  0.58174719  0.59684412  0.58925598  0.58925598  0.66900735  0.69476871  0.42771434  0.39819232  0.42171203  0.38671519  0.34255774  0.34255774  0.34255774  0.34793118  0.34255774  0.31627769  0.27613322  0.30602920  0.31113516  0.27613322  0.37541864  0.38104470  0.12289948  0.11896779  0.00000000  0.13082804  0.06607170  0.07708314  0.06972345  0.16763158  0.22436143  0.20642394  0.20200872  0.19325890  0.21086647  0.19325890  0.27126938  0.28596089  0.27613322  0.35334513  0.40400041  0.37541864  0.39819232  0.38104470  0.35880022  0.35334513  0.33722422  0.34793118  0.35334513  0.35880022  0.35334513  0.36429707  0.34793118  0.34793118  0.35334513  0.30602920  0.38104470  0.36983632  0.44602833  0.42171203  0.42171203  0.42171203  0.45850242  0.47762955  0.42771434  0.44602833  0.42771434  0.43987162  0.42771434  0.45850242  0.40400041  0.35880022  0.40400041  0.40985588  0.32667457  0.40400041  0.33193002  0.31113516  0.40985588  0.44602833  0.43987162  0.45223829  0.44602833  0.44602833  0.42171203  0.41575948  0.46482169  0.45223829  0.39819232  0.42171203  0.40400041  0.36429707  0.37541864  0.36983632  0.36983632  0.37541864  0.38104470  0.38104470  0.44602833  0.42171203  0.43987162  
84_0_0     0.62010191  0.61226531  0.61226531  0.62010191  0.62802498  0.62802498  0.73062119  0.73062119  0.38671519  0.39243082  0.39243082  0.35334513  0.32145731  0.32145731  0.35334513  0.35880022  0.33722422  0.32667457  0.29592493  0.32145731  0.34793118  0.27613322  0.36983632  0.38671519  0.19762048  0.19762048  0.13082804  0.00000000  0.13884513  0.13482539  0.14288749  0.18461443  0.23350106  0.20642394  0.21086647  0.21086647  0.21983487  0.23350106  0.29092563  0.36983632  0.35880022  0.36429707  0.36983632  0.39243082  0.36429707  0.35880022  0.36983632  0.38104470  0.36983632  0.36983632  0.37541864  0.36983632  0.38671519  0.40985588  0.38104470  0.38104470  0.37541864  0.34793118  0.43987162  0.41575948  0.47762955  0.45223829  0.45223829  0.45223829  0.46482169  0.51068588  0.46482169  0.47762955  0.46482169  0.47762955  0.48412019  0.49728018  0.43376725  0.42171203  0.43987162  0.45850242  0.38671519  0.45850242  0.38671519  0.38104470  0.44602833  0.46482169  0.47762955  0.49067004  0.48412019  0.49728018  0.49728018  0.49067004  0.48412019  0.50395174  0.42171203  0.43376725  0.43376725  0.38104470  0.39243082  0.38671519  0.38671519  0.39243082  0.39819232  0.40400041  0.45850242  0.43987162  0.42771434  
91_0_0     0.58174719  0.57431611  0.57431611  0.57431611  0.56696116  0.56696116  0.63603646  0.69476871  0.42171203  0.40400041  0.43376725  0.40400041  0.36983632  0.36983632  0.35880022  0.36429707  0.35880022  0.33193002  0.30095929  0.34255774  0.34793118  0.31113516  0.40400041  0.40985588  0.12685282  0.11505751  0.06607170  0.13884513  0.00000000  0.01003660  0.00332997  0.16344789  0.21533667  0.19325890  0.18892366  0.17607279  0.19325890  0.21533667  0.27613322  0.31113516  0.31113516  0.39243082  0.41575948  0.38671519  0.39243082  0.37541864  0.37541864  0.36983632  0.34255774  0.36429707  0.36983632  0.37541864  0.33722422  0.35880022  0.34255774  0.34255774  0.34793118  0.31113516  0.35334513  0.35334513  0.45223829  0.42771434  0.42771434  0.42771434  0.48412019  0.50395174  0.43376725  0.47119706  0.44602833  0.43376725  0.45850242  0.46482169  0.38671519  0.36429707  0.40985588  0.41575948  0.36429707  0.43376725  0.34793118  0.31627769  0.39243082  0.41575948  0.40985588  0.45223829  0.44602833  0.44602833  0.42171203  0.41575948  0.46482169  0.46482169  0.40400041  0.38104470  0.36429707  0.38104470  0.38104470  0.37541864  0.37541864  0.38104470  0.38671519  0.38671519  0.43987162  0.41575948  0.41575948  
40_0_0     0.58174719  0.57431611  0.57431611  0.58925598  0.58174719  0.58174719  0.63603646  0.69476871  0.41575948  0.39819232  0.41575948  0.39819232  0.36429707  0.36429707  0.36429707  0.36983632  0.35334513  0.33722422  0.30602920  0.33722422  0.34255774  0.29592493  0.39819232  0.40400041  0.13884513  0.12685282  0.07708314  0.13482539  0.01003660  0.00000000  0.00667545  0.17607279  0.21983487  0.18892366  0.19325890  0.18033091  0.19762048  0.20200872  0.27126938  0.30602920  0.30602920  0.39243082  0.41575948  0.38671519  0.38104470  0.36429707  0.36429707  0.35880022  0.34255774  0.35334513  0.35880022  0.37541864  0.34255774  0.36429707  0.34255774  0.34255774  0.34793118  0.31627769  0.35880022  0.35880022  0.44602833  0.42171203  0.42171203  0.42171203  0.49067004  0.51068588  0.42771434  0.46482169  0.43987162  0.42771434  0.46482169  0.47119706  0.39819232  0.38104470  0.41575948  0.42171203  0.38104470  0.45223829  0.35334513  0.33193002  0.39819232  0.41575948  0.42771434  0.45850242  0.45223829  0.45223829  0.42771434  0.42171203  0.47119706  0.47119706  0.40985588  0.39819232  0.38104470  0.38671519  0.37541864  0.36983632  0.36983632  0.37541864  0.38104470  0.40400041  0.44602833  0.42171203  0.42171203  
30_0_0     0.58925598  0.58174719  0.58174719  0.58174719  0.57431611  0.57431611  0.62802498  0.68607849  0.42771434  0.40985588  0.42771434  0.39819232  0.37541864  0.37541864  0.36429707  0.36983632  0.36429707  0.33722422  0.30602920  0.33722422  0.34255774  0.30602920  0.40985588  0.41575948  0.13082804  0.11896779  0.06972345  0.14288749  0.00332997  0.00667545  0.00000000  0.16763158  0.21983487  0.19762048  0.19325890  0.18033091  0.19762048  0.21086647  0.27126938  0.30602920  0.30602920  0.39243082  0.41575948  0.38671519  0.39243082  0.37541864  0.37541864  0.36983632  0.34255774  0.36429707  0.36983632  0.37541864  0.34255774  0.36429707  0.34793118  0.34793118  0.35334513  0.31627769  0.34793118  0.34793118  0.44602833  0.42171203  0.42171203  0.42171203  0.47762955  0.49728018  0.42771434  0.46482169  0.43987162  0.42771434  0.45223829  0.45850242  0.39243082  0.36983632  0.41575948  0.40985588  0.36983632  0.43987162  0.35334513  0.32145731  0.39819232  0.42171203  0.41575948  0.45850242  0.45223829  0.45223829  0.42771434  0.42171203  0.47119706  0.47119706  0.40985588  0.38671519  0.36983632  0.38671519  0.38671519  0.38104470  0.38104470  0.38671519  0.39243082  0.39243082  0.44602833  0.42171203  0.42171203  
44_0_0     0.54533779  0.55247347  0.55247347  0.49728018  0.50395174  0.50395174  0.71247120  0.73062119  0.41575948  0.40985588  0.44602833  0.38671519  0.34255774  0.34255774  0.30095929  0.30602920  0.30602920  0.28596089  0.26643826  0.34255774  0.35880022  0.29092563  0.34255774  0.35334513  0.13082804  0.14695274  0.16763158  0.18461443  0.16344789  0.17607279  0.16763158  0.00000000  0.21086647  0.18033091  0.17607279  0.17607279  0.18461443  0.21983487  0.27126938  0.30095929  0.30095929  0.35334513  0.39243082  0.39243082  0.37541864  0.36983632  0.38104470  0.38104470  0.35880022  0.36983632  0.38671519  0.36983632  0.35334513  0.37541864  0.34255774  0.34255774  0.35880022  0.33722422  0.34793118  0.34793118  0.42771434  0.41575948  0.41575948  0.41575948  0.40985588  0.42171203  0.41575948  0.40400041  0.40985588  0.39243082  0.42171203  0.41575948  0.38671519  0.35880022  0.40400041  0.40400041  0.34255774  0.39243082  0.36983632  0.32145731  0.42771434  0.41575948  0.40400041  0.47119706  0.46482169  0.46482169  0.48412019  0.47762955  0.42171203  0.44602833  0.43987162  0.41575948  0.39819232  0.36983632  0.38671519  0.39243082  0.38104470  0.38671519  0.39243082  0.39819232  0.38671519  0.38671519  0.40985588  
