12
4_0_0      0.00000000  0.04672554  0.04672554  0.04271723  0.29225032  0.29225032  0.29786936  0.29786936  0.30353133  0.30353133  0.29786936  0.27564439  
12_0_0     0.04672554  0.00000000  0.03082077  0.04271723  0.30353133  0.29225032  0.27564439  0.28667356  0.30353133  0.30923688  0.31498671  0.27019075  
10_0_0     0.04672554  0.03082077  0.00000000  0.03476508  0.29225032  0.28113846  0.30353133  0.30353133  0.30923688  0.31498671  0.32078150  0.27564439  
13_0_0     0.04271723  0.04271723  0.03476508  0.00000000  0.27019075  0.27019075  0.28667356  0.28667356  0.30353133  0.31498671  0.30923688  0.29786936  
14_0_0     0.29225032  0.30353133  0.29225032  0.27019075  0.00000000  0.00758586  0.03476508  0.03082077  0.07124160  0.33250879  0.32662195  0.28667356  
17_0_0     0.29225032  0.29225032  0.28113846  0.27019075  0.00758586  0.00000000  0.03476508  0.03082077  0.07124160  0.32078150  0.32662195  0.27564439  
11_0_0     0.29786936  0.27564439  0.30353133  0.28667356  0.03476508  0.03476508  0.00000000  0.02689735  0.07540764  0.32662195  0.33250879  0.25940241  
6_0_0      0.29786936  0.28667356  0.30353133  0.28667356  0.03082077  0.03082077  0.02689735  0.00000000  0.07124160  0.33250879  0.33844278  0.26477695  
5_0_0      0.30353133  0.30353133  0.30923688  0.30353133  0.07124160  0.07124160  0.07540764  0.07124160  0.00000000  0.36266557  0.36884703  0.28667356  
1_0_0      0.30353133  0.30923688  0.31498671  0.31498671  0.33250879  0.32078150  0.32662195  0.33250879  0.36266557  0.00000000  0.00378322  0.10090796  
2_0_0      0.29786936  0.31498671  0.32078150  0.30923688  0.32662195  0.32662195  0.33250879  0.33844278  0.36884703  0.00378322  0.00000000  0.10524464  
3_0_0      0.27564439  0.27019075  0.27564439  0.29786936  0.28667356  0.27564439  0.25940241  0.26477695  0.28667356  0.10090796  0.10524464  0.00000000  

