fastme_mat.p : 0.4041576385498047
fastme.f81 : 1.2625653743743896
ba.exp : 10.153871297836304
pipeline_dl5755677 : 12.625581741333008
