fastme_mat.p : 0.3163691038045883
fastme.f81 : 0.7126861236667633
ba.exp : 7.959542910770416
